galstreams/tracks/track.st.M2.ibata2021.ecsv
# %ECSV 0.9
# ---
# datatype:
# - {name: ra, unit: deg, datatype: float64}
# - {name: dec, unit: deg, datatype: float64}
# - {name: distance, unit: kpc, datatype: float64}
# - {name: pm_ra_cosdec, unit: mas / yr, datatype: float64}
# - {name: pm_dec, unit: mas / yr, datatype: float64}
# - {name: radial_velocity, unit: km / s, datatype: float64}
# delimiter: ','
# meta: !!omap
# - __serialized_columns__:
#     dec:
#       __class__: astropy.coordinates.angles.Latitude
#       unit: &id001 !astropy.units.Unit {unit: deg}
#       value: !astropy.table.SerializedColumn {name: dec}
#     distance:
#       __class__: astropy.coordinates.distances.Distance
#       unit: !astropy.units.Unit {unit: kpc}
#       value: !astropy.table.SerializedColumn {name: distance}
#     pm_dec:
#       __class__: astropy.units.quantity.Quantity
#       unit: !astropy.units.Unit {unit: mas / yr}
#       value: !astropy.table.SerializedColumn {name: pm_dec}
#     pm_ra_cosdec:
#       __class__: astropy.units.quantity.Quantity
#       unit: !astropy.units.Unit {unit: mas / yr}
#       value: !astropy.table.SerializedColumn {name: pm_ra_cosdec}
#     ra:
#       __class__: astropy.coordinates.angles.Longitude
#       unit: *id001
#       value: !astropy.table.SerializedColumn {name: ra}
#       wrap_angle: !astropy.coordinates.Angle
#         unit: *id001
#         value: 360.0
#     radial_velocity:
#       __class__: astropy.units.quantity.Quantity
#       unit: !astropy.units.Unit {unit: km / s}
#       value: !astropy.table.SerializedColumn {name: radial_velocity}
# schema: astropy-2.0
ra,dec,distance,pm_ra_cosdec,pm_dec,radial_velocity
[from data line 411]
314.3554387085101,-3.9143255206670737,10.322719736703215,4.541943366933719,-2.1657114882675144,-1.5788938368510635e-13
314.3651432538681,-3.9118199708717802,10.322847841638021,4.540776596023186,-2.1657093489557546,-9.999660966723402e-14
314.3748478171768,-3.909314558637293,10.322979631641703,4.5396105207856685,-2.1657080106996753,-1.2315371927438294e-13
314.38455239781905,-3.9068092818519324,10.32311510231509,4.538445140267386,-2.165707472041331,-1.9157245220459568e-13
314.3942569951772,-3.9043041384041217,10.323254249259,4.537280453514461,-2.1657077315228523,-6.947132882144679e-14
314.40396160863367,-3.901799126182262,10.323397068074252,4.536116459572909,-2.1657087876864276,-1.8525687685719145e-13
314.4136662375707,-3.899294243074849,10.32354355436168,4.534953157488638,-2.165710639074324,-4.105123975812765e-14
314.42337088137043,-3.896789486970355,10.323693703722094,4.533790546307454,-2.165713284228869,-1.6104717135880846e-13
314.43307553941503,-3.894284855757355,10.323847511756325,4.532628625075057,-2.165716721692463,-1.4736342477276593e-13
314.44278021108653,-3.891780347324395,10.324004974065192,4.531467392837049,-2.1657209500075716,-8.841805486365955e-14
314.45248489576664,-3.889275959560124,10.324166086249516,4.530306848638918,-2.1657259677167318,-8.420767129872338e-14
314.4621895928372,-3.886771690353162,10.324330843910126,4.5291469915260505,-2.1657317733625443,-1.1368035625327657e-13
314.47189430167975,-3.8842675375922333,10.324499242647839,4.527987820543734,-2.165738365487682,-2.115717741380425e-13
314.4815990216761,-3.8817634991660306,10.324671278063477,4.5268293347371475,-2.165745742634883,-7.894469184255317e-14
314.4913037522075,-3.8792595729633534,10.324846945757866,4.525671533151369,-2.165753903346954,-8.631286308119147e-14
314.5010084926553,-3.8767557568729853,10.325026241331829,4.524514414831371,-2.165762846166769,-1.8841466453089356e-13
314.51071324240087,-3.874252048783746,10.325209160386184,4.5233579788220215,-2.1657725696372703,-1.0631218501463827e-13
314.52041800082526,-3.871748446584549,10.32539569852176,4.522202224168086,-2.1657830723014686,-5.789277401787233e-14
314.53012276730954,-3.8692449481642677,10.325585851339374,4.521047149914228,-2.1657943527024406,-1.7262572616238293e-13
314.5398275412346,-3.8667415514118884,10.32577961443985,4.5198927551050065,-2.1658064093833316,-8.841805486365955e-14
314.54953232198136,-3.8642382542163576,10.325976983424013,4.5187390387848785,-2.1658192408873527,-1.7473091794485103e-13
314.55923710893046,-3.8617350544667364,10.326177953892682,4.517585999998197,-2.165832845757786,-7.368171238638296e-14
314.5689419014626,-3.8592319500520436,10.326382521446682,4.51643363778921,-2.165847222537976,-2.020984111169361e-13
314.5786466989583,-3.8567289388614134,10.326590681686834,4.515281951202069,-2.16586236977134,-1.0104920555846805e-13
314.58835150079796,-3.8542260187839403,10.326802430213961,4.514130939280816,-2.1658782860013575,-2.0315100700817015e-13
314.5980563063619,-3.851723187708827,10.32701776262889,4.512980601069394,-2.165894969771577,-1.2104852749191487e-13
314.6077611150305,-3.8492204435252444,10.327236674532438,4.511830935611643,-2.165912419625616,-6.73661370389787e-14
314.61746592618357,-3.8467177841224642,10.327459161525429,4.510681941951302,-2.1659306341071565,-1.4841602066399995e-13
314.62717073920146,-3.8442152073897318,10.327685219208682,4.509533619132006,-2.165949611759948,-1.7788870561855314e-13
314.6368755534638,-3.841712711216393,10.327914843183029,4.508385966197288,-2.1659693511278086,-2.1262437002927655e-13
314.6465803683508,-3.839210293491763,10.328148029049284,4.507238982190582,-2.16598985075462,-7.683950006008508e-14
314.6562851832417,-3.83670795210526,10.328384772408274,4.506092666155214,-2.1660111091843337,-7.368171238638296e-14
314.66598999751653,-3.8342056849462716,10.328625068860818,4.504947017134417,-2.1660331249609666,-1.347322740779574e-13
314.6756948105546,-3.8317034899042883,10.328868914007742,4.503802034171313,-2.166055896628601,-5.6840178126638284e-14
314.68539962173537,-3.829201364868771,10.329116303449867,4.50265771630893,-2.1660794227313898,-1.2104852749191487e-13
314.69510443043816,-3.82669930772928,10.329367232788018,4.501514062590191,-2.166103701813548,-6.526094525651062e-14
314.7048092360422,-3.824197316375346,10.329621697623015,4.500371072057919,-2.1661287324193603,-1.8104649329225526e-13
314.7145140379267,-3.821695388696605,10.329879693555679,4.499228743754838,-2.1661545130931747,-8.526026718995742e-14
314.72421883547054,-3.8191935225826583,10.330141216186837,4.498087076723563,-2.1661810423794075,-8.631286308119147e-14
314.7339236280527,-3.8166917159232114,10.330406261117306,4.4969460700066195,-2.1662083188225414,-3.8946047975659563e-14
314.74362841505206,-3.814189966607938,10.330674823947914,4.495805722646424,-2.1662363409671253,-1.4631082888153188e-13
314.7533331958473,-3.8116882725266135,10.33094690027948,4.494666033685298,-2.166265107357773,-7.262911649514892e-14
314.76303796981705,-3.809186631568983,10.33122248571283,4.493527002165452,-2.1662946165391648,-1.0420699323217018e-13
314.77274273633986,-3.8066850416248936,10.331501575848783,4.492388627129011,-2.16632486705605,-5.2629794561702114e-14
314.78244749479416,-3.8041835005841604,10.331784166288166,4.491250907617992,-2.166355857453237,-1.1578554803574466e-13
314.7921522445582,-3.801682006336704,10.332070252631794,4.490113842674308,-2.1663875862756092,-1.2631150694808508e-13
314.80185698501043,-3.799180556772408,10.332359830480497,4.488977431339779,-2.166420052068107,-7.789209595131913e-14
314.81156171552874,-3.796679149781258,10.332652895435096,4.487841672656123,-2.1664532533757423,-2.042036028994042e-13
314.82126643549134,-3.7941777832532155,10.332949443096412,4.4867065656649565,-2.1664871887435915,-2.3367628785395737e-13
314.83097114427613,-3.7916764550783366,10.333249469065267,4.485572109407798,-2.1665218567167934,-1.3052189051302125e-13
314.840675841261,-3.789175163146647,10.333552968942483,4.4844383029260655,-2.166557255840558,-2.7367493172085098e-14
314.85038052582354,-3.786673905348276,10.333859938328887,4.4833051452610775,-2.166593384660157,-2.3367628785395737e-13
314.8600851973416,-3.7841726795733206,10.334170372825296,4.482172635454055,-2.1666302417209273,-1.620997672500425e-13
314.86978985519266,-3.7816714837119787,10.334484268032538,4.481040772546118,-2.1666678255682745,-1.0104920555846805e-13
314.8794944987541,-3.7791703156544325,10.334801619551431,4.479909555578288,-2.166706134747664,-1.9788802755199994e-13
314.8891991274035,-3.776669173290899,10.335122422982804,4.478778983591486,-2.166745167804632,-6.841873293021275e-14
314.89890374051794,-3.7741680545116827,10.33544667392747,4.4776490556265385,-2.1667849232847787,-8.526026718995742e-14
314.9086083374747,-3.7716669572070516,10.33577436798626,4.47651977072417,-2.1668253997337645,-1.4315304120782974e-13
314.91831291765067,-3.769165879267379,10.33610550075999,4.475391127925006,-2.1668665956973214,-2.3472888374519144e-13
314.9280174804232,-3.766664818583003,10.33644006784949,4.474263126269575,-2.1669085097212433,-5.789277401787233e-14
314.9377220251688,-3.764163773044367,10.336778064855574,4.473135764798307,-2.1669511403513892,-2.1051917824680845e-15
314.9474265512644,-3.7616627405418774,10.337119487379073,4.472009042551532,-2.166994486133683,-8.315507540748934e-14
314.9571310580867,-3.7591617189660425,10.337464331020803,4.470882958569486,-2.167038545614116,-2.2525552072408504e-13
314.96683554501243,-3.75666070620734,10.33781259138159,4.469757511892301,-2.167083317338736,-1.6946793848868082e-13
314.97654001141797,-3.7541597001563485,10.338164264062257,4.4686327015600185,-2.1671287998536672,-1.0525958912340423e-13
314.98624445667974,-3.7516586987036145,10.338519344663622,4.467508526612576,-2.1671749917050884,-8.315507540748934e-14
314.995948880174,-3.74915769973978,10.338877828786513,4.466384986089816,-2.1672218914392487,-1.6104717135880846e-13
315.00565328127715,-3.7466567011554637,10.339239712031752,4.465262079031483,-2.1672694976024593,-2.7367493172085098e-14
315.0153576593651,-3.7441557008413793,10.339604990000158,4.464139804477226,-2.1673178087410987,-1.5578419190263825e-13
315.0250620138141,-3.741654696688206,10.339973658292555,4.463018161466593,-2.1673668234016055,-1.6736274670621272e-13
315.03476634399993,-3.7391536865867274,10.340345712509766,4.46189714903904,-2.1674165401304846,-2.042036028994042e-13
315.04447064929866,-3.7366526684276935,10.34072114825262,4.460776766233916,-2.1674669574743035,-4.73668151055319e-14
315.0541749290857,-3.7341516401019534,10.341099961121927,4.45965701209049,-2.1675180739797,-1.6315236314127656e-13
315.0638791827371,-3.7316505995003255,10.34148214671852,4.458537885647917,-2.167569888193366,-7.262911649514892e-14
315.0735834096281,-3.7291495445137266,10.341867700643213,4.457419385945267,-2.1676223986620675,-2.0104581522570208e-13
315.08328760913446,-3.7266484730330416,10.342256618496837,4.456301512021506,-2.1676756039326266,-1.473634247727659e-14
315.09299178063134,-3.724147382949254,10.34264889588021,4.455184262915507,-2.167729502551936,1.3683746586042549e-14
315.1026959234942,-3.7216462721533166,10.343044528394152,4.45406763766605,-2.1677840930669436,-8.526026718995742e-14
315.1124000370981,-3.7191451385362817,10.343443511639494,4.452951635311812,-2.1678393740246698,-7.894469184255317e-14
315.1221041208183,-3.716643979989166,10.34384584121705,4.4518362548913775,-2.1678953439721935,-9.999660966723402e-14
315.1318081740297,-3.714142794403089,10.344251512727647,4.450721495443236,-2.16795200145666,-5.789277401787233e-14
315.14151219610727,-3.7116415796691355,10.344660521772107,4.44960735600578,-2.168009345025277,-1.5578419190263825e-13
315.1512161864258,-3.709140333678492,10.345072863951252,4.448493835617305,-2.1680673732253126,-2.2736071250655313e-13
315.1609201443602,-3.7066390543223093,10.345488534865904,4.447380933316014,-2.1681260846041037,-5.4734986344170195e-14
315.1706240692849,-3.7041377394918373,10.345907530116888,4.446268648140011,-2.1681854777090495,-6.73661370389787e-14
315.18032796057463,-3.701636387078297,10.346329845305027,4.44515697912731,-2.1682455510876073,-2.0104581522570208e-13
315.19003181760377,-3.699134994973002,10.346755476031138,4.444045925315821,-2.1683063032873062,-7.999728773378721e-14
315.1997356397468,-3.6966335610672423,10.347184417896049,4.442935485743371,-2.16836773285573,0.0
315.2094394263778,-3.694132083252396,10.347616666500578,4.441825659447678,-2.168429838340531,-3.157787673702127e-14
315.2191431768712,-3.691630559419814,10.348052217445552,4.44071644546638,-2.168492618289423,-2.947268495455318e-14
315.228846890601,-3.6891289874609456,10.34849106633179,4.439607842837008,-2.168556071250181,-8.736545897242551e-14
315.2385505669413,-3.6866273652672072,10.34893320876012,4.438499850597005,-2.168620195770644,-9.578622610229784e-14
315.24825420526594,-3.6841256907301125,10.349378640331361,4.437392467783715,-2.1686849903987184,-8.420767129872338e-15
315.2579578049487,-3.68162396174116,10.349827356646335,4.436285693434394,-2.1687504536823647,-6.526094525651062e-14
315.26766136536355,-3.6791221761918775,10.350279353305863,4.435179526586199,-2.1688165841696154,-1.4210044531659572e-13
315.277364885884,-3.676620331973879,10.350734625910771,4.434073966276196,-2.1688833804085563,-1.2104852749191487e-13
315.28706836588367,-3.6741184269787426,10.351193170061881,4.432969011541351,-2.1689508409473413,-2.1578215770297867e-13
315.296771804736,-3.671616459098145,10.351654981360014,4.431864661418542,-2.1690189643341884,-1.0420699323217018e-13
315.3064752018145,-3.669114426223729,10.352120055405994,4.430760914944554,-2.169087749117373,-7.157652060391487e-14
315.31617855649233,-3.6666123262472365,10.352588387800646,4.429657771156073,-2.169157193845236,-3.157787673702127e-14
315.3258818681428,-3.6641101570603776,10.353059974144784,4.428555229089698,-2.1692272970661817,-1.7473091794485103e-13
315.335585136139,-3.661607916554955,10.35353481003924,4.427453287781926,-2.16929805732867,-7.157652060391487e-14
315.345288359854,-3.659105602622744,10.354012891084832,4.426351946269168,-2.169369473181234,-4.210383564936169e-14
315.3549915386607,-3.6566032131556123,10.354494212882384,4.4252512035877425,-2.1694415431724576,-1.9578283576953187e-13
315.3646946719321,-3.654100746045398,10.354978771032716,4.4241510587738695,-2.169514265850996,-1.3367967818672336e-13
315.3743977590409,-3.651598199184034,10.355466561136653,4.423051510863681,-2.16958763976556,-1.368374658604255e-13
315.38410079935977,-3.6490955704634227,10.355957578795023,4.421952558893208,-2.169661663464923,-2.2736071250655313e-13
315.39380379226134,-3.6465928577755595,10.356451819608635,4.420854201898405,-2.1697363354979236,-6.73661370389787e-14
315.4035067371181,-3.6440900590124095,10.356949279178325,4.419756438915115,-2.1698116544134587,-2.1683475359421271e-13
315.41320963330253,-3.6415871720660355,10.357449953104908,4.418659268979104,-2.1698876187604914,-2.1262437002927655e-13
315.42291248018705,-3.639084194828465,10.357953836989205,4.417562691126037,-2.169964227088042,-7.683950006008508e-14
315.4326152771437,-3.63658112519182,10.358460926432048,4.416466704391485,-2.1700414779451918,-1.642049590325106e-13
315.44231802354494,-3.6340779610481944,10.358971217034249,4.415371307810938,-2.1701193698810877,-1.9999321933446802e-14
315.4520207187626,-3.6315747002897734,10.359484704396637,4.414276500419783,-2.1701979014449355,-8.526026718995742e-14
315.4617233621688,-3.629071340808712,10.360001384120034,4.413182281253324,-2.1702770711860015,-7.368171238638296e-15
315.47142595313545,-3.626567880497262,10.360521251805261,4.41208864934676,-2.170356877653617,-1.0315439734093615e-13
315.4811284910344,-3.6240643172476372,10.361044303053141,4.410995603735217,-2.1704373193971693,-1.4210044531659572e-13
315.4908309752373,-3.621560648952155,10.361570533464496,4.4099031434537155,-2.170518394966111,-7.4734308277617e-14
315.500533405116,-3.6190568735030895,10.36209993864015,4.408811267537189,-2.170600102909953,-5.0524602779234026e-14
315.51023578004185,-3.616552988792821,10.362632514180921,4.407719975020482,-2.170682441778271,-1.347322740779574e-13
315.51993809938654,-3.614048992713689,10.363168255687642,4.406629264938344,-2.1707654101206977,-1.789413015097872e-13
315.5296403625214,-3.6115448831581314,10.363707158761123,4.405539136325437,-2.170849006486929,-9.052324664612763e-14
315.5393425688177,-3.6090406580185506,10.364249219002193,4.404449588216329,-2.170933229426719,-2.020984111169361e-13
315.5490447176467,-3.6065363151874483,10.36479443201168,4.403360619645499,-2.171018077489883,-7.262911649514892e-14
315.5587468083796,-3.604031852557288,10.365342793390393,4.402272229647339,-2.1711035492263027,-1.2315371927438294e-13
315.5684488403875,-3.601527268020635,10.365894298739166,4.401184417256145,-2.171189643185914,-1.368374658604255e-13
315.5781508130413,-3.599022559470011,10.36644894365882,4.4000971815061245,-2.1712763579187135,-8.94706507548936e-14
315.5878527257119,-3.5965177247980433,10.367006723750173,4.399010521431395,-2.1713636919747614,-7.368171238638296e-14
315.5975545777702,-3.594012761897319,10.367567634614048,4.397924436065985,-2.1714516439041773,-1.0631218501463827e-13
315.60725636858683,-3.591507668660523,10.368131671851271,4.396838924443831,-2.171540212257141,-1.6631015081497867e-13
315.6169580975325,-3.5890024429803202,10.368698831062666,4.395753985598781,-2.171629395583891,-2.1893994537668078e-13
315.62665976397795,-3.5864970827494087,10.36926910784905,4.394669618564597,-2.171719192434728,-1.620997672500425e-13
315.6363613672934,-3.5839915858605624,10.369842497811248,4.393585822374945,-2.171809601360011,-2.5262301389617013e-14
315.64606290684935,-3.5814859502065226,10.370418996550084,4.392502596063402,-2.171900620910163,-1.1578554803574466e-13
315.6557643820162,-3.578980173680127,10.37099859966638,4.39141993866346,-2.17199224963566,-1.1157516447080849e-13
