galstreams/tracks/track.st.Pegasus.perottoni2019.ecsv
# %ECSV 0.9
# ---
# datatype:
# - {name: ra, unit: deg, datatype: float64}
# - {name: dec, unit: deg, datatype: float64}
# - {name: distance, unit: kpc, datatype: float64}
# - {name: pm_ra_cosdec, unit: mas / yr, datatype: float64}
# - {name: pm_dec, unit: mas / yr, datatype: float64}
# - {name: radial_velocity, unit: km / s, datatype: float64}
# delimiter: ','
# meta: !!omap
# - __serialized_columns__:
#     dec:
#       __class__: astropy.coordinates.angles.Latitude
#       unit: &id001 !astropy.units.Unit {unit: deg}
#       value: !astropy.table.SerializedColumn {name: dec}
#     distance:
#       __class__: astropy.coordinates.distances.Distance
#       unit: !astropy.units.Unit {unit: kpc}
#       value: !astropy.table.SerializedColumn {name: distance}
#     pm_dec:
#       __class__: astropy.units.quantity.Quantity
#       unit: !astropy.units.Unit {unit: mas / yr}
#       value: !astropy.table.SerializedColumn {name: pm_dec}
#     pm_ra_cosdec:
#       __class__: astropy.units.quantity.Quantity
#       unit: !astropy.units.Unit {unit: mas / yr}
#       value: !astropy.table.SerializedColumn {name: pm_ra_cosdec}
#     ra:
#       __class__: astropy.coordinates.angles.Longitude
#       unit: *id001
#       value: !astropy.table.SerializedColumn {name: ra}
#       wrap_angle: !astropy.coordinates.Angle
#         unit: *id001
#         value: 360.0
#     radial_velocity:
#       __class__: astropy.units.quantity.Quantity
#       unit: !astropy.units.Unit {unit: km / s}
#       value: !astropy.table.SerializedColumn {name: radial_velocity}
# schema: astropy-2.0
ra,dec,distance,pm_ra_cosdec,pm_dec,radial_velocity
328.34404261479085,20.876419268931873,17.999999999999446,0.0,0.0,0.0
328.34926446772397,20.88516328279464,17.999999999999453,0.0,0.0,0.0
328.35448763503433,20.893906739211612,17.999999999999464,0.0,0.0,0.0
328.35971211735676,20.90264963790453,17.99999999999947,0.0,0.0,0.0
328.36493791532627,20.911391978595194,17.999999999999485,0.0,0.0,0.0
328.370165029578,20.920133761005154,17.999999999999492,0.0,0.0,0.0
328.3753934607471,20.928874984855913,17.999999999999503,0.0,0.0,0.0
328.38062320946887,20.93761564986885,17.999999999999506,0.0,0.0,0.0
328.385854276379,20.94635575576537,17.999999999999517,0.0,0.0,0.0
328.3910866621131,20.95509530226665,17.999999999999527,0.0,0.0,0.0
328.39632036730694,20.963834289093832,17.999999999999535,0.0,0.0,0.0
328.40155539259644,20.972572715967935,17.99999999999955,0.0,0.0,0.0
328.4067917386177,20.981310582609854,17.999999999999552,0.0,0.0,0.0
328.412029406007,20.990047888740534,17.99999999999956,0.0,0.0,0.0
328.4172683954007,20.998784634080675,17.999999999999567,0.0,0.0,0.0
328.42250870743527,21.007520818350926,17.999999999999574,0.0,0.0,0.0
328.4277503427474,21.01625644127184,17.99999999999958,0.0,0.0,0.0
328.4329933019738,21.024991502563832,17.99999999999959,0.0,0.0,0.0
328.43823758575155,21.03372600194737,17.999999999999602,0.0,0.0,0.0
328.44348319471766,21.04245993914267,17.999999999999606,0.0,0.0,0.0
328.44873012950933,21.051193313869906,17.999999999999613,0.0,0.0,0.0
328.453978390764,21.059926125849103,17.999999999999616,0.0,0.0,0.0
328.4592279791191,21.068658374800336,17.999999999999627,0.0,0.0,0.0
328.4644788952124,21.077390060443435,17.99999999999963,0.0,0.0,0.0
328.4697311396815,21.08612118249819,17.999999999999638,0.0,0.0,0.0
328.4749847131646,21.094851740684298,17.999999999999645,0.0,0.0,0.0
328.48023961629957,21.103581734721292,17.99999999999965,0.0,0.0,0.0
328.4854958497247,21.11231116432876,17.99999999999966,0.0,0.0,0.0
328.4907534140785,21.121040029226055,17.999999999999662,0.0,0.0,0.0
328.4960123099993,21.129768329132474,17.999999999999666,0.0,0.0,0.0
328.5012725381258,21.138496063767217,17.999999999999677,0.0,0.0,0.0
328.5065340990969,21.147223232849335,17.999999999999677,0.0,0.0,0.0
328.5117969935514,21.155949836097946,17.999999999999687,0.0,0.0,0.0
328.5170612221285,21.164675873231893,17.999999999999687,0.0,0.0,0.0
328.5223267854675,21.17340134396999,17.999999999999694,0.0,0.0,0.0
328.52759368420766,21.182126248030897,17.999999999999698,0.0,0.0,0.0
328.5328619189885,21.190850585133326,17.99999999999971,0.0,0.0,0.0
328.5381314904498,21.19957435499573,17.99999999999971,0.0,0.0,0.0
328.5434023992313,21.208297557336536,17.999999999999712,0.0,0.0,0.0
328.54867464597294,21.217020191874052,17.999999999999723,0.0,0.0,0.0
328.5539482313149,21.225742258326463,17.999999999999726,0.0,0.0,0.0
328.5592231558974,21.234463756411955,17.99999999999973,0.0,0.0,0.0
328.5644994203609,21.243184685848508,17.999999999999734,0.0,0.0,0.0
328.5697770253458,21.251905046354047,17.999999999999737,0.0,0.0,0.0
328.57505597149293,21.260624837646375,17.99999999999974,0.0,0.0,0.0
328.580336259443,21.269344059443174,17.999999999999748,0.0,0.0,0.0
328.58561788983707,21.27806271146216,17.99999999999975,0.0,0.0,0.0
328.5909008633163,21.2867807934208,17.999999999999755,0.0,0.0,0.0
328.5961851805219,21.295498305036503,17.999999999999755,0.0,0.0,0.0
328.6014708420953,21.304215246026544,17.999999999999762,0.0,0.0,0.0
328.60675784867806,21.312931616108244,17.999999999999766,0.0,0.0,0.0
328.61204620091195,21.321647414998658,17.999999999999773,0.0,0.0,0.0
328.61733589943873,21.330362642414816,17.999999999999773,0.0,0.0,0.0
328.6226269449005,21.339077298073615,17.999999999999776,0.0,0.0,0.0
328.62791933793926,21.347791381691827,17.999999999999783,0.0,0.0,0.0
328.63321307919756,21.356504892986266,17.999999999999783,0.0,0.0,0.0
328.6385081693176,21.36521783167349,17.999999999999787,0.0,0.0,0.0
328.64380460894216,21.373930197470017,17.99999999999979,0.0,0.0,0.0
328.6491023987139,21.382641990092235,17.999999999999797,0.0,0.0,0.0
328.6544015392757,21.391353209256415,17.999999999999797,0.0,0.0,0.0
328.6597020312705,21.400063854678855,17.999999999999805,0.0,0.0,0.0
328.66500387534165,21.40877392607561,17.999999999999805,0.0,0.0,0.0
328.6703070721324,21.417483423162675,17.99999999999981,0.0,0.0,0.0
328.6756116222862,21.426192345655906,17.999999999999808,0.0,0.0,0.0
328.6809175264468,21.434900693271185,17.999999999999815,0.0,0.0,0.0
328.6862247852579,21.443608465724168,17.999999999999815,0.0,0.0,0.0
328.6915333993634,21.45231566273042,17.999999999999822,0.0,0.0,0.0
328.69684336940736,21.46102228400546,17.999999999999826,0.0,0.0,0.0
328.7021546960339,21.469728329264594,17.999999999999826,0.0,0.0,0.0
328.7074673798877,21.478433798223215,17.999999999999826,0.0,0.0,0.0
328.712781421613,21.48713869059645,17.99999999999983,0.0,0.0,0.0
328.7180968218546,21.495843006099367,17.999999999999837,0.0,0.0,0.0
328.72341358125715,21.504546744446934,17.999999999999837,0.0,0.0,0.0
328.7287317004658,21.513249905353973,17.99999999999984,0.0,0.0,0.0
328.73405118012556,21.52195248853534,17.99999999999984,0.0,0.0,0.0
328.7393720208817,21.53065449370565,17.999999999999844,0.0,0.0,0.0
328.7446942233797,21.539355920579446,17.999999999999844,0.0,0.0,0.0
328.750017788265,21.548056768871138,17.999999999999847,0.0,0.0,0.0
328.7553427161834,21.556757038295167,17.99999999999985,0.0,0.0,0.0
328.76066900778073,21.565456728565714,17.99999999999985,0.0,0.0,0.0
328.765996663703,21.574155839396923,17.999999999999854,0.0,0.0,0.0
328.7713256845963,21.58285437050283,17.999999999999858,0.0,0.0,0.0
328.776656071107,21.591552321597295,17.999999999999858,0.0,0.0,0.0
328.78198782388165,21.60024969239425,17.99999999999986,0.0,0.0,0.0
328.7873209435667,21.60894648260736,17.99999999999986,0.0,0.0,0.0
328.792655430809,21.617642691950223,17.999999999999865,0.0,0.0,0.0
328.7979912862554,21.626338320136306,17.999999999999865,0.0,0.0,0.0
328.803328510553,21.6350333668791,17.99999999999987,0.0,0.0,0.0
328.80866710434896,21.643727831891837,17.999999999999872,0.0,0.0,0.0
328.8140070682907,21.65242171488773,17.999999999999872,0.0,0.0,0.0
328.8193484030257,21.661115015579835,17.999999999999872,0.0,0.0,0.0
328.82469110920164,21.669807733681083,17.999999999999876,0.0,0.0,0.0
328.8300351874663,21.67849986890444,17.999999999999876,0.0,0.0,0.0
328.83538063846765,21.687191420962616,17.999999999999883,0.0,0.0,0.0
328.84072746285386,21.695882389568265,17.99999999999988,0.0,0.0,0.0
328.8460756612731,21.70457277443394,17.999999999999886,0.0,0.0,0.0
328.8514252343739,21.71326257527202,17.999999999999886,0.0,0.0,0.0
328.85677618280465,21.721951791794943,17.999999999999886,0.0,0.0,0.0
328.86212850721427,21.73064042371488,17.99999999999989,0.0,0.0,0.0
328.86748220825154,21.739328470743953,17.99999999999989,0.0,0.0,0.0
328.87283728656547,21.748015932594125,17.99999999999989,0.0,0.0,0.0
328.8781937428053,21.75670280897739,17.999999999999893,0.0,0.0,0.0
328.8835515776203,21.7653890996055,17.999999999999897,0.0,0.0,0.0
328.88891079165995,21.774074804190136,17.999999999999897,0.0,0.0,0.0
328.8942713855739,21.78275992244287,17.999999999999897,0.0,0.0,0.0
328.899633360012,21.791444454075137,17.9999999999999,0.0,0.0,0.0
328.904996715624,21.80012839879839,17.999999999999897,0.0,0.0,0.0
328.9103614530602,21.808811756323827,17.9999999999999,0.0,0.0,0.0
328.91572757297075,21.817494526362598,17.9999999999999,0.0,0.0,0.0
328.921095076006,21.826176708625734,17.999999999999908,0.0,0.0,0.0
328.92646396281657,21.83485830282412,17.999999999999904,0.0,0.0,0.0
328.93183423405316,21.843539308668667,17.999999999999904,0.0,0.0,0.0
328.93720589036656,21.85221972587002,17.99999999999991,0.0,0.0,0.0
328.9425789324079,21.860899554138793,17.99999999999991,0.0,0.0,0.0
328.9479533608282,21.86957879318543,17.99999999999991,0.0,0.0,0.0
328.9533291762789,21.87825744272039,17.999999999999915,0.0,0.0,0.0
328.95870637941135,21.886935502453895,17.999999999999915,0.0,0.0,0.0
328.96408497087725,21.89561297209612,17.99999999999991,0.0,0.0,0.0
328.9694649513284,21.90428985135709,17.99999999999991,0.0,0.0,0.0
328.9748463214166,21.91296613994671,17.99999999999992,0.0,0.0,0.0
328.98022908179405,21.921641837574903,17.999999999999915,0.0,0.0,0.0
328.985613233113,21.930316943951333,17.999999999999915,0.0,0.0,0.0
328.9909987760258,21.93899145878561,17.999999999999922,0.0,0.0,0.0
328.996385711185,21.947665381787225,17.99999999999992,0.0,0.0,0.0
329.00177403924323,21.956338712665513,17.99999999999992,0.0,0.0,0.0
329.00716376085353,21.965011451129854,17.99999999999992,0.0,0.0,0.0
329.01255487666873,21.97368359688934,17.999999999999922,0.0,0.0,0.0
329.0179473873421,21.982355149653046,17.999999999999925,0.0,0.0,0.0
329.0233412935268,21.991026109129844,17.999999999999925,0.0,0.0,0.0
329.0287365958765,21.999696475028664,17.999999999999925,0.0,0.0,0.0
329.03413329504485,22.008366247058163,17.999999999999925,0.0,0.0,0.0
329.0395313916855,22.01703542492696,17.99999999999993,0.0,0.0,0.0
329.04493088645245,22.02570400834353,17.99999999999993,0.0,0.0,0.0
329.0503317799997,22.034371997016212,17.999999999999925,0.0,0.0,0.0
329.05573407298164,22.043039390653366,17.99999999999993,0.0,0.0,0.0
329.0611377660526,22.051706188963095,17.999999999999925,0.0,0.0,0.0
329.0665428598672,22.060372391653434,17.999999999999932,0.0,0.0,0.0
329.0719493550801,22.069037998432314,17.99999999999993,0.0,0.0,0.0
329.0773572523462,22.077703009007507,17.99999999999993,0.0,0.0,0.0
329.0827665523205,22.086367423086795,17.99999999999993,0.0,0.0,0.0
329.08817725565825,22.09503124037773,17.999999999999932,0.0,0.0,0.0
329.09358936301476,22.10369446058778,17.999999999999932,0.0,0.0,0.0
329.0990028750455,22.112357083424257,17.999999999999932,0.0,0.0,0.0
329.10441779240614,22.1210191085945,17.999999999999932,0.0,0.0,0.0
329.10983411575256,22.1296805358056,17.999999999999932,0.0,0.0,0.0
329.1152518457407,22.13834136476457,17.999999999999932,0.0,0.0,0.0
329.1206709830266,22.147001595178317,17.999999999999936,0.0,0.0,0.0
329.12609152826667,22.155661226753576,17.999999999999936,0.0,0.0,0.0
329.13151348211727,22.164320259197122,17.99999999999994,0.0,0.0,0.0
329.13693684523497,22.17297869221547,17.99999999999994,0.0,0.0,0.0
329.14236161827665,22.181636525515056,17.99999999999994,0.0,0.0,0.0
329.14778780189914,22.190293758802216,17.999999999999936,0.0,0.0,0.0
329.1532153967594,22.198950391783118,17.99999999999994,0.0,0.0,0.0
329.15864440351487,22.207606424163963,17.99999999999994,0.0,0.0,0.0
329.1640748228228,22.216261855650675,17.999999999999943,0.0,0.0,0.0
329.16950665534074,22.224916685949125,17.999999999999943,0.0,0.0,0.0
329.17493990172636,22.233570914765018,17.999999999999943,0.0,0.0,0.0
329.1803745626377,22.242224541804088,17.99999999999994,0.0,0.0,0.0
329.18581063873256,22.250877566771816,17.999999999999936,0.0,0.0,0.0
329.1912481306693,22.259529989373593,17.999999999999943,0.0,0.0,0.0
329.19668703910605,22.26818180931472,17.999999999999943,0.0,0.0,0.0
329.2021273647014,22.276833026300313,17.999999999999947,0.0,0.0,0.0
329.2075691081141,22.28548364003552,17.999999999999943,0.0,0.0,0.0
329.21301227000276,22.294133650225245,17.999999999999943,0.0,0.0,0.0
329.21845685102653,22.302783056574302,17.999999999999943,0.0,0.0,0.0
329.2239028518444,22.31143185878734,17.999999999999943,0.0,0.0,0.0
329.2293502731157,22.320080056569054,17.99999999999994,0.0,0.0,0.0
329.23479911549987,22.32872764962386,17.999999999999943,0.0,0.0,0.0
329.2402493796566,22.33737463765611,17.999999999999947,0.0,0.0,0.0
329.2457010662455,22.346021020370042,17.99999999999995,0.0,0.0,0.0
329.25115417592656,22.354666797469726,17.999999999999947,0.0,0.0,0.0
329.25660870935985,22.36331196865926,17.99999999999995,0.0,0.0,0.0
329.26206466720566,22.37195653364246,17.99999999999995,0.0,0.0,0.0
329.2675220501244,22.380600492123104,17.99999999999995,0.0,0.0,0.0
329.2729808587764,22.389243843804838,17.999999999999947,0.0,0.0,0.0
329.2784410938227,22.397886588391135,17.99999999999995,0.0,0.0,0.0
329.283902755924,22.406528725585495,17.999999999999954,0.0,0.0,0.0
329.2893658457414,22.415170255091166,17.999999999999947,0.0,0.0,0.0
329.294830363936,22.42381117661131,17.99999999999995,0.0,0.0,0.0
329.30029631116923,22.432451489848923,17.99999999999995,0.0,0.0,0.0
329.3057636881027,22.44109119450706,17.999999999999954,0.0,0.0,0.0
329.31123249539786,22.44973029028845,17.99999999999995,0.0,0.0,0.0
329.3167027337168,22.45836877689581,17.999999999999954,0.0,0.0,0.0
329.3221744037213,22.4670066540317,17.99999999999995,0.0,0.0,0.0
329.3276475060736,22.475643921398525,17.999999999999954,0.0,0.0,0.0
329.3331220414362,22.48428057869872,17.99999999999995,0.0,0.0,0.0
329.33859801047134,22.492916625634443,17.999999999999954,0.0,0.0,0.0
329.3440754138417,22.50155206190779,17.999999999999957,0.0,0.0,0.0
329.3495542522102,22.510186887220737,17.99999999999995,0.0,0.0,0.0
329.3550345262397,22.518821101275073,17.999999999999954,0.0,0.0,0.0
329.3605162365934,22.52745470377263,17.99999999999995,0.0,0.0,0.0
329.36599938393454,22.53608769441497,17.999999999999957,0.0,0.0,0.0
329.37148396892655,22.544720072903587,17.99999999999995,0.0,0.0,0.0
329.3769699922331,22.553351838939793,17.999999999999954,0.0,0.0,0.0
329.3824574545179,22.561982992224927,17.999999999999957,0.0,0.0,0.0
329.387946356445,22.570613532460076,17.999999999999954,0.0,0.0,0.0
329.39343669867844,22.579243459346237,17.999999999999957,0.0,0.0,0.0
329.39892848188236,22.587872772584277,17.999999999999957,0.0,0.0,0.0
329.4044217067213,22.596501471874927,17.999999999999957,0.0,0.0,0.0
329.40991637385986,22.60512955691892,17.999999999999957,0.0,0.0,0.0
329.4154124839627,22.6137570274167,17.999999999999957,0.0,0.0,0.0
329.42091003769474,22.622383883068686,17.999999999999957,0.0,0.0,0.0
329.4264090357212,22.63101012357513,17.999999999999957,0.0,0.0,0.0
329.4319094787071,22.639635748636124,17.999999999999957,0.0,0.0,0.0
329.4374113673179,22.648260757951814,17.999999999999957,0.0,0.0,0.0
329.4429147022193,22.65688515122203,17.999999999999957,0.0,0.0,0.0
329.4484194840768,22.66550892814656,17.999999999999957,0.0,0.0,0.0
329.45392571355643,22.67413208842501,17.999999999999957,0.0,0.0,0.0
329.4594333913242,22.682754631757007,17.999999999999957,0.0,0.0,0.0
329.4649425180463,22.6913765578419,17.99999999999996,0.0,0.0,0.0
329.47045309438914,22.69999786637898,17.999999999999957,0.0,0.0,0.0
329.47596512101927,22.70861855706742,17.999999999999957,0.0,0.0,0.0
329.48147859860325,22.717238629606186,17.99999999999996,0.0,0.0,0.0
329.4869935278082,22.725858083694295,17.999999999999957,0.0,0.0,0.0
329.49250990930085,22.73447691903049,17.999999999999957,0.0,0.0,0.0
329.4980277437486,22.743095135313425,17.999999999999957,0.0,0.0,0.0
329.5035470318188,22.751712732241643,17.999999999999957,0.0,0.0,0.0
329.50906777417885,22.76032970951351,17.999999999999957,0.0,0.0,0.0
329.5145899714965,22.76894606682741,17.999999999999957,0.0,0.0,0.0
329.52011362443955,22.777561803881454,17.999999999999957,0.0,0.0,0.0
329.52563873367615,22.786176920373684,17.999999999999957,0.0,0.0,0.0
329.53116529987426,22.79479141600196,17.999999999999957,0.0,0.0,0.0
329.53669332370237,22.803405290464177,17.999999999999957,0.0,0.0,0.0
329.54222280582906,22.812018543457935,17.999999999999957,0.0,0.0,0.0
329.5477537469228,22.820631174680774,17.999999999999957,0.0,0.0,0.0
329.5532861476525,22.829243183830105,17.99999999999996,0.0,0.0,0.0
329.5588200086872,22.837854570603152,17.999999999999964,0.0,0.0,0.0
329.564355330696,22.846465334697186,17.999999999999964,0.0,0.0,0.0
329.5698921143483,22.85507547580918,17.999999999999957,0.0,0.0,0.0
329.57543036031353,22.863684993636035,17.99999999999996,0.0,0.0,0.0
329.58097006926135,22.872293887874488,17.999999999999964,0.0,0.0,0.0
329.58651124186173,22.88090215822128,17.99999999999996,0.0,0.0,0.0
329.59205387878444,22.889509804372885,17.99999999999996,0.0,0.0,0.0
329.59759798069973,22.898116826025703,17.999999999999964,0.0,0.0,0.0
329.603143548278,22.906723222876003,17.99999999999996,0.0,0.0,0.0
329.6086905821896,22.915328994619873,17.999999999999957,0.0,0.0,0.0
