galstreams/tracks/track.st.TucanaIII.shipp2019.ecsv
# %ECSV 1.0
# ---
# datatype:
# - {name: ra, unit: deg, datatype: float64}
# - {name: dec, unit: deg, datatype: float64}
# - {name: distance, unit: kpc, datatype: float64}
# - {name: pm_ra_cosdec, unit: mas / yr, datatype: float64}
# - {name: pm_dec, unit: mas / yr, datatype: float64}
# - {name: radial_velocity, unit: km / s, datatype: float64}
# delimiter: ','
# meta: !!omap
# - __serialized_columns__:
#     dec:
#       __class__: astropy.coordinates.angles.Latitude
#       unit: &id001 !astropy.units.Unit {unit: deg}
#       value: !astropy.table.SerializedColumn {name: dec}
#     distance:
#       __class__: astropy.coordinates.distances.Distance
#       unit: !astropy.units.Unit {unit: kpc}
#       value: !astropy.table.SerializedColumn {name: distance}
#     pm_dec:
#       __class__: astropy.units.quantity.Quantity
#       unit: !astropy.units.Unit {unit: mas / yr}
#       value: !astropy.table.SerializedColumn {name: pm_dec}
#     pm_ra_cosdec:
#       __class__: astropy.units.quantity.Quantity
#       unit: !astropy.units.Unit {unit: mas / yr}
#       value: !astropy.table.SerializedColumn {name: pm_ra_cosdec}
#     ra:
#       __class__: astropy.coordinates.angles.Longitude
#       unit: *id001
#       value: !astropy.table.SerializedColumn {name: ra}
#       wrap_angle: !astropy.coordinates.Angle
#         unit: *id001
#         value: 360.0
#     radial_velocity:
#       __class__: astropy.units.quantity.Quantity
#       unit: !astropy.units.Unit {unit: km / s}
#       value: !astropy.table.SerializedColumn {name: radial_velocity}
# schema: astropy-2.0
ra,dec,distance,pm_ra_cosdec,pm_dec,radial_velocity
[from data line 280]
0.12946297881527766,-59.56936723112284,25.707451632388082,-0.0030190941038775155,-1.539319876439999,1.6841534259744676e-14
0.14922603443222804,-59.56881091171437,25.71577857307234,-0.002309616211097826,-1.5386536990584925,-5.0524602779234026e-14
0.16898910874816747,-59.56825541954264,25.724105454067242,-0.0016062935341319843,-1.537989563587199,-1.6841534259744676e-14
0.18875220497197578,-59.56770075447838,25.732432275372766,-0.0009091240374032904,-1.5373274753430766,0.0
0.20851532631206393,-59.56714691639123,25.74075903698892,-0.00021810568235617733,-1.536667439641688,0.0
0.22827847597637235,-59.56659390514967,25.749085738915706,0.0004667635725434851,-1.5360094617971984,0.0
0.24804165717236956,-59.56604172062105,25.75741238115313,0.0011454857718087375,-1.53535354712238,-3.368306851948935e-14
0.267804873107055,-59.5654903626716,25.76573896370118,0.0018180629629316828,-1.5346997009286125,3.368306851948935e-14
0.28756812698695206,-59.56493983116639,25.77406548655986,0.002484497196383267,-1.5340479285258817,-1.6841534259744676e-14
0.3073314220181111,-59.56439012596937,25.782391949729178,0.0031447905256135602,-1.5333982352227813,0.0
0.3270947614061098,-59.56384124694335,25.79071835320912,0.003798945007051928,-1.5327506263265156,-1.6841534259744676e-14
0.34685814835604745,-59.563293193950024,25.7990446969997,0.00444696270010698,-1.5321051071428986,-3.368306851948935e-14
0.36662158607255274,-59.56274596684993,25.807370981100906,0.005088845667166772,-1.5314616829763559,1.6841534259744676e-14
0.38638507775977293,-59.562199565502475,25.81569720551274,0.005724595973598921,-1.530820359129924,0.0
0.4061486266213795,-59.56165398976593,25.82402337023521,0.006354215687750509,-1.5301811409052535,0.0
0.42591223586056587,-59.56110923949744,25.832349475268312,0.0069777068809487005,-1.5295440336026083,-1.6841534259744676e-14
0.4456759086800452,-59.56056531455303,25.840675520612052,0.007595071627500135,-1.528909042520868,0.0
0.46543964828205414,-59.560022214787544,25.84900150626641,0.00820631200469188,-1.5282761729575276,-5.0524602779234026e-14
0.4852034578683453,-59.559479940054764,25.8573274322314,0.008811430092790807,-1.5276454302086981,0.0
0.5049673406401912,-59.558938490207275,25.865653298507034,0.009410427975044105,-1.5270168195691087,-3.368306851948935e-14
0.5247312997983827,-59.558397865096545,25.873979105093294,0.010003307737679391,-1.526390346332108,-5.0524602779234026e-14
0.5444953385432268,-59.55785806457295,25.88230485199018,0.010590071469904814,-1.525766015789661,1.6841534259744676e-14
0.5642594600745476,-59.55731908848565,25.890630539197698,0.011170721263909075,-1.525143833232358,-3.368306851948935e-14
0.5840236675916853,-59.556780936682756,25.898956166715852,0.011745259214861959,-1.5245238039494062,-1.6841534259744676e-14
0.6037879642934935,-59.55624360901121,25.907281734544636,0.012313687420913759,-1.523905933228636,1.6841534259744676e-14
0.6235523533783409,-59.55570710531681,25.915607242684047,0.012876007983196245,-1.5232902263565031,0.0
0.6433168380441087,-59.555171425444236,25.923932691134098,0.01343222300582219,-1.5226766886180831,-3.368306851948935e-14
0.6630814214881903,-59.55463656923706,25.932258079894773,0.013982334595885835,-1.5220653252970806,0.0
0.6828461069074926,-59.55410253653766,25.940583408966077,0.014526344863463096,-1.5214561416758237,3.368306851948935e-14
0.702610897498431,-59.55356932718734,25.948908678348023,0.015064255921611385,-1.5208491430352664,0.0
0.722375796456933,-59.55303694102624,25.957233888040587,0.01559606988637022,-1.5202443346549934,-1.6841534259744676e-14
0.742140806978434,-59.5525053778934,25.965559038043793,0.016121788876760995,-1.5196417218132148,-1.6841534259744676e-14
0.7619059322578785,-59.55197463762668,25.97388412835763,0.01664141501478742,-1.519041309786771,1.6841534259744676e-14
0.7816711754897179,-59.55144472006284,25.982209158982087,0.01715495042543548,-1.5184431038511323,1.6841534259744676e-14
0.8014365398679136,-59.55091562503752,25.990534129917187,0.01766239723667399,-1.517847109280401,1.6841534259744676e-14
0.8212020285859294,-59.550387352385194,25.998859041162916,0.01816375757945428,-1.5172533313473118,1.6841534259744676e-14
0.8409676448367369,-59.54985990193923,26.007183892719276,0.018659033587710573,-1.5166617753232292,-5.0524602779234026e-14
0.8607333918128117,-59.54933327353187,26.01550868458626,0.01914822739836053,-1.5160724464781559,0.0
0.880499272706132,-59.548807466994205,26.02383341676389,0.01963134115130474,-1.515485350080725,-1.6841534259744676e-14
0.9002652907081821,-59.548282482156196,26.032158089252135,0.0201083769894275,-1.5149004913982083,1.6841534259744676e-14
0.9200314490099463,-59.54775831884669,26.04048270205102,0.02057933705859695,-1.5143178756965125,-3.368306851948935e-14
0.9397977508019104,-59.54723497689341,26.048807255160533,0.021044223507664817,-1.5137375082401803,1.6841534259744676e-14
0.9595641992740618,-59.546712456122904,26.057131748580684,0.021503038488467092,-1.5131593942923953,1.6841534259744676e-14
0.9793307976158868,-59.54619075636063,26.065456182311458,0.02195578415582407,-1.5125835391149782,0.0
0.9990975490163726,-59.5456698774309,26.073780556352872,0.02240246266754063,-1.5120099479683904,-3.368306851948935e-14
1.0188644566640035,-59.545149819156926,26.082104870704907,0.022843076184406192,-1.5114386261117325,-3.368306851948935e-14
1.0386315237467627,-59.54463058136075,26.090429125367574,0.023277626870195377,-1.5108695788027489,3.368306851948935e-14
1.0583987534521277,-59.54411216386328,26.098753320340883,0.0237061168916677,-1.5103028112978238,-1.6841534259744676e-14
1.0781661489670733,-59.543594566484344,26.107077455624815,0.024128548418568287,-1.5097383288519879,-1.6841534259744676e-14
1.0979337134780722,-59.543077789042606,26.115401531219383,0.024544923623627826,-1.5091761367189132,0.0
1.1177014501710874,-59.542561831355584,26.12372554712458,0.024955244682562695,-1.5086162401509178,0.0
1.137469362231578,-59.5420466932397,26.132049503340404,0.025359513774075523,-1.5080586443989659,-3.368306851948935e-14
1.1572374528444955,-59.54153237451024,26.14037339986686,0.02575773307985515,-1.5075033547126675,0.0
1.1770057251942825,-59.54101887498135,26.148697236703956,0.026149904784577037,-1.5069503763402812,-1.6841534259744676e-14
1.196774182464875,-59.54050619446606,26.157021013851672,0.026536031075903254,-1.5063997145287134,0.0
1.2165428278396992,-59.53999433277626,26.165344731310025,0.026916114144483128,-1.5058513745235185,-1.6841534259744676e-14
1.2363116645016685,-59.53948328972271,26.17366838907901,0.027290156183953064,-1.5053053615689036,-1.6841534259744676e-14
1.2560806956331885,-59.53897306511506,26.18199198715863,0.0276581593909372,-1.5047616809077247,-1.6841534259744676e-14
1.2758499244161503,-59.538463658761806,26.190315525548872,0.02802012596504716,-1.5042203377814893,0.0
1.295619354031934,-59.53795507047033,26.198639004249753,0.02837605810888287,-1.5036813374303597,-1.6841534259744676e-14
1.3153889876614078,-59.53744730004691,26.20696242326126,0.02872595802803234,-1.5031446850931491,1.6841534259744676e-14
1.335158828484922,-59.53694034729662,26.215285782583404,0.029069827931072344,-1.5026103860073254,-3.368306851948935e-14
1.3549288796823151,-59.53643421202351,26.223609082216175,0.02940767002956828,-1.5020784454090128,-1.6841534259744676e-14
1.374699144432908,-59.53592889403041,26.231932322159572,0.029739486538074816,-1.5015488685329907,-1.6841534259744676e-14
1.3944696259155047,-59.53542439311909,26.24025550241361,0.030065279674135734,-1.5010216606126945,-3.368306851948935e-14
1.4142403273083943,-59.53492070909015,26.248578622978275,0.030385051658284645,-1.5004968268802175,0.0
1.4340112517893466,-59.53441784174308,26.256901683853577,0.03069880471404501,-1.4999743725663115,-3.368306851948935e-14
1.4537824025356123,-59.53391579087624,26.2652246850395,0.03100654106793064,-1.4994543029003888,-1.6841534259744676e-14
1.4735537827239218,-59.533414556286864,26.273547626536057,0.03130826294944544,-1.4989366231105181,-3.368306851948935e-14
1.4933253955304868,-59.53291413777105,26.28187050834325,0.03160397259108443,-1.4984213384234315,-1.6841534259744676e-14
1.5130972441309933,-59.532414535123785,26.290193330461072,0.03189367222833349,-1.4979084540645224,-1.6841534259744676e-14
1.532869331700613,-59.53191574813893,26.298516092889525,0.03217736409966992,-1.4973979752578463,1.6841534259744676e-14
1.552641661413987,-59.53141777660918,26.306838795628607,0.03245505044656277,-1.4968899072261226,-3.368306851948935e-14
1.5724142364452374,-59.530920620326185,26.31516143867833,0.03272673351347277,-1.4963842551907323,1.6841534259744676e-14
1.592187059967961,-59.530424279080364,26.323484022038674,0.03299241554785313,-1.4958810243717244,-3.368306851948935e-14
1.6119601351552273,-59.5299287526611,26.33180654570965,0.03325209880014945,-1.4953802199878106,-1.6841534259744676e-14
1.631733465179582,-59.52943404085661,26.340129009691264,0.03350578552380026,-1.4948818472563714,0.0
1.6515070532130445,-59.528940143453966,26.348451413983508,0.03375347797523729,-1.4943859113934521,-1.6841534259744676e-14
1.671280902427104,-59.52844706023915,26.356773758586375,0.03399517841388566,-1.4938924176137682,-1.6841534259744676e-14
1.691055015992724,-59.527954790997015,26.365096043499882,0.034230889102164375,-1.4934013711307021,-1.6841534259744676e-14
1.710829397080335,-59.527463335511285,26.373418268724016,0.034460612305486464,-1.4929127771563069,0.0
1.7306040488598442,-59.526972693564524,26.381740434258777,0.034684350292259594,-1.4924266409013063,-1.6841534259744676e-14
1.7503789745006202,-59.526482864938224,26.39006254010418,0.0349021053338858,-1.4919429675750928,0.0
1.770154177171505,-59.52599384941272,26.39838458626021,0.0351138797047627,-1.4914617623857338,-1.6841534259744676e-14
1.7899296600408083,-59.52550564676722,26.40670657272687,0.0353196756822831,-1.4909830305399674,-3.368306851948935e-14
1.8097054262763033,-59.52501825677984,26.41502849950416,0.03551949554683544,-1.4905067772432052,-1.6841534259744676e-14
1.8294814790452327,-59.52453167922753,26.423350366592082,0.03571334158180467,-1.490033007699535,0.0
1.8492578215143014,-59.52404591388612,26.431672173990634,0.03590121607357162,-1.4895617271117159,-3.368306851948935e-14
1.869034456849682,-59.523560960530354,26.439993921699823,0.03608312131151445,-1.489092940681186,-3.368306851948935e-14
1.8888113882170088,-59.52307681893382,26.44831560971964,0.03625905958800817,-1.4886266536080588,-1.6841534259744676e-14
1.9085886187813776,-59.52259348886898,26.45663723805008,0.036429033198425234,-1.4881628710911248,-5.0524602779234026e-14
1.9283661517073505,-59.52211097010719,26.46495880669117,0.036593044441136265,-1.487701598327853,0.0
1.9481439901589461,-59.52162926241865,26.473280315642878,0.036751095617509624,-1.4872428405143903,-1.6841534259744676e-14
1.9679221372996465,-59.52114836557248,26.48160176490521,0.03690318903191259,-1.4867866028455652,-1.6841534259744676e-14
1.9877005962923926,-59.52066827933665,26.489923154478188,0.037049326991711144,-1.4863328905148832,-5.0524602779234026e-14
2.0074793702995843,-59.52018900347801,26.498244484361795,0.037189511807270766,-1.4858817087145333,0.0
2.027258462483079,-59.51971053776228,26.506565754556036,0.03732374579195637,-1.485433062635386,0.0
2.0470378760041914,-59.51923288195407,26.5148869650609,0.037452031262133055,-1.4849869574669947,-1.6841534259744676e-14
2.066817614023694,-59.51875603581684,26.523208115876393,0.03757437053716608,-1.484543398397594,0.0
2.0865976797018133,-59.518279999112984,26.531529207002524,0.03769076593942185,-1.484102390614105,0.0
2.106378076198232,-59.51780477160369,26.539850238439282,0.03780121979426765,-1.4836639393021327,-6.73661370389787e-14
2.126158806672086,-59.51733035304912,26.548171210186677,0.0379057344300724,-1.483228049645966,-5.0524602779234026e-14
2.1459398742819618,-59.51685674320822,26.5564921222447,0.0380043121782068,-1.482794726828583,-1.6841534259744676e-14
2.1657212821859058,-59.51638394183889,26.564812974613353,0.03809695537304411,-1.4823639760316467,0.0
2.185503033541409,-59.51591194869785,26.573133767292642,0.03818366635196004,-1.4819358024355078,-1.6841534259744676e-14
2.205285131505416,-59.515440763540724,26.581454500282558,0.03826444745533364,-1.481510211219207,-1.6841534259744676e-14
2.225067579234321,-59.51497038612201,26.589775173583103,0.038339301026547326,-1.4810872075604735,-3.368306851948935e-14
2.2448503798839656,-59.51450081619508,26.598095787194286,0.03840822941198726,-1.4806667966357239,0.0
2.2646335366096455,-59.51403205351221,26.606416341116095,0.03847123496104424,-1.4802489836200694,-1.6841534259744676e-14
2.284417052566099,-59.513564097824506,26.614736835348534,0.03852832002611355,-1.4798337736873108,0.0
2.304200930907511,-59.513096948881994,26.623057269891607,0.03857948696259551,-1.4794211720099406,0.0
2.3239851747875155,-59.51263060643357,26.631377644745317,0.038624738128896226,-1.4790111837591429,1.6841534259744676e-14
2.3437697873591885,-59.51216507022698,26.639697959909654,0.03866407588642758,-1.4786038141047986,0.0
2.3635547717750534,-59.51170034000887,26.648018215384624,0.03869750259960776,-1.4781990682154793,0.0
2.3833401311870754,-59.51123641552478,26.656338411170214,0.03872502063586196,-1.4777969512584552,-3.368306851948935e-14
2.4031258687466637,-59.51077329651911,26.66465854726645,0.03874663236562229,-1.477397468399687,-1.6841534259744676e-14
2.4229119876046674,-59.51031098273514,26.672978623673313,0.03876234016232866,-1.4770006248038368,-1.6841534259744676e-14
2.4426984909113787,-59.50984947391504,26.681298640390796,0.038772146402429056,-1.4766064256342615,-1.6841534259744676e-14
2.4624853818165273,-59.50938876979983,26.689618597418928,0.038776053465379864,-1.476214876053014,-3.368306851948935e-14
2.482272663469289,-59.50892887012946,26.697938494757686,0.038774063733646405,-1.4758259812208478,1.6841534259744676e-14
2.5020603390182687,-59.5084697746427,26.70625833240707,0.038766179592703426,-1.4754397462972164,1.6841534259744676e-14
2.5218484116115185,-59.50801148307723,26.71457811036709,0.03875240343103554,-1.4750561764402714,-5.0524602779234026e-14
2.541636884396523,-59.50755399516965,26.722897828637734,0.038732737640137384,-1.4746752768068638,5.0524602779234026e-14
2.5614257605202013,-59.50709731065535,26.73121748721902,0.03870718461451449,-1.4742970525525474,0.0
2.5812150431289136,-59.506641429268655,26.73953708611093,0.038675746751683504,-1.473921508831578,-5.0524602779234026e-14
2.601004735368448,-59.5061863507428,26.74785662531347,0.038638426452172546,-1.4735486507969133,1.6841534259744676e-14
2.6207948403840335,-59.505732074809835,26.756176104826643,0.03859522611952193,-1.473178483600213,0.0
2.640585361320325,-59.505278601200715,26.76449552465045,0.03854614816028439,-1.4728110123918443,-3.368306851948935e-14
2.6603763013214152,-59.50482592964529,26.772814884784886,0.03849119498402562,-1.472446242320874,-5.0524602779234026e-14
2.680167663530827,-59.5043740598723,26.781134185229952,0.03843036900332496,-1.472084178535078,-1.6841534259744676e-14
2.6999594510915115,-59.50392299160931,26.78945342598566,0.03836367263377523,-1.4717248261809361,-1.6841534259744676e-14
2.7197516671458506,-59.503472724582814,26.797772607051982,0.03829110829398406,-1.4713681904036364,-1.6841534259744676e-14
2.7395443148356593,-59.50302325851819,26.806091728428946,0.03821267840557358,-1.4710142763470713,1.6841534259744676e-14
2.7593373973021733,-59.50257459313967,26.81441079011654,0.038128385393181544,-1.470663089153844,0.0
2.7791309176860617,-59.502126728170374,26.82272979211477,0.03803823168446116,-1.4703146339652635,0.0
2.798924879127419,-59.50167966333231,26.83104873442362,0.03794221971008212,-1.4699689159213514,1.6841534259744676e-14
2.818719284765762,-59.50123339834637,26.839367617043106,0.037840351903731036,-1.4696259401608365,0.0
2.8385141377400362,-59.50078793293233,26.847686439973227,0.037732630702111185,-1.4692857118211577,-3.368306851948935e-14
