galstreams/tracks/track.st.ACS.ramos2021.ecsv
# %ECSV 0.9
# ---
# datatype:
# - {name: ra, unit: deg, datatype: float64}
# - {name: dec, unit: deg, datatype: float64}
# - {name: distance, unit: kpc, datatype: float64}
# - {name: pm_ra_cosdec, unit: mas / yr, datatype: float64}
# - {name: pm_dec, unit: mas / yr, datatype: float64}
# - {name: radial_velocity, unit: km / s, datatype: float64}
# delimiter: ','
# meta: !!omap
# - __serialized_columns__:
#     dec:
#       __class__: astropy.coordinates.angles.Latitude
#       unit: &id001 !astropy.units.Unit {unit: deg}
#       value: !astropy.table.SerializedColumn {name: dec}
#     distance:
#       __class__: astropy.coordinates.distances.Distance
#       unit: !astropy.units.Unit {unit: kpc}
#       value: !astropy.table.SerializedColumn {name: distance}
#     pm_dec:
#       __class__: astropy.units.quantity.Quantity
#       unit: !astropy.units.Unit {unit: mas / yr}
#       value: !astropy.table.SerializedColumn {name: pm_dec}
#     pm_ra_cosdec:
#       __class__: astropy.units.quantity.Quantity
#       unit: !astropy.units.Unit {unit: mas / yr}
#       value: !astropy.table.SerializedColumn {name: pm_ra_cosdec}
#     ra:
#       __class__: astropy.coordinates.angles.Longitude
#       unit: *id001
#       value: !astropy.table.SerializedColumn {name: ra}
#       wrap_angle: !astropy.coordinates.Angle
#         unit: *id001
#         value: 360.0
#     radial_velocity:
#       __class__: astropy.units.quantity.Quantity
#       unit: !astropy.units.Unit {unit: km / s}
#       value: !astropy.table.SerializedColumn {name: radial_velocity}
# schema: astropy-2.0
ra,dec,distance,pm_ra_cosdec,pm_dec,radial_velocity
[from data line 1504]
131.9344538301804,66.17462497422278,11.699999999999964,0.4571087426979974,-0.39529114447403346,-1.2631150694808506e-14
131.93087965868324,66.16471950327818,11.699999999999962,0.45663197861255167,-0.39523132806905764,-9.47336302110638e-15
131.9273093818071,66.15481386481095,11.699999999999964,0.4561556883144595,-0.39517188783015755,-1.0525958912340423e-14
131.92374299082272,66.14490805930522,11.699999999999964,0.45567987716790787,-0.3951128266698426,-8.420767129872338e-15
131.9201804770168,66.13500208724432,11.699999999999964,0.4552045505315272,-0.3950541474854632,-1.0525958912340423e-14
131.91662183169208,66.12509594911064,11.699999999999964,0.4547297137582681,-0.3949958531591846,-1.1578554803574466e-14
131.91306704616707,66.11518964538584,11.699999999999962,0.45425537219528317,-0.39493794655797276,-9.47336302110638e-15
131.9095161117762,66.10528317655067,11.699999999999962,0.45378153118379944,-0.3948804305335747,-1.473634247727659e-14
131.90596901986984,66.09537654308507,11.699999999999964,0.4533081960590018,-0.39482330792249926,-1.0525958912340423e-14
131.902425761814,66.08546974546813,11.699999999999964,0.4528353721499055,-0.3947665815460014,-8.420767129872338e-15
131.8988863289905,66.07556278417817,11.69999999999996,0.4523630647792402,-0.39471025421006467,-1.0525958912340423e-14
131.89535071279707,66.06565565969258,11.699999999999964,0.45189127926332445,-0.3946543287053833,-1.1578554803574466e-14
131.89181890464704,66.05574837248801,11.699999999999962,0.4514200209119463,-0.39459880780735,-8.420767129872338e-15
131.88829089596936,66.04584092304025,11.699999999999964,0.45094929502824244,-0.39454369427603597,-1.5788938368510635e-14
131.88476667820885,66.03593331182424,11.699999999999964,0.45047910690857573,-0.3944889908561798,-8.420767129872338e-15
131.88124624282577,66.02602553931415,11.69999999999996,0.45000946184241614,-0.39443470027717065,-8.420767129872338e-15
131.87772958129605,66.01611760598334,11.699999999999962,0.44954036511222,-0.39438082525303503,-8.420767129872338e-15
131.87421668511118,66.00620951230421,11.699999999999964,0.44907182199330775,-0.39432736848242445,-6.315575347404253e-15
131.87070754577823,65.9963012587485,11.699999999999964,0.4486038377537482,-0.39427433264860134,-9.47336302110638e-15
131.86720215481975,65.98639284578708,11.699999999999962,0.4481364176542336,-0.39422172041942594,-6.315575347404253e-15
131.86370050377377,65.97648427389002,11.699999999999964,0.44766956694796367,-0.394169534447347,-1.0525958912340423e-14
131.86020258419381,65.96657554352657,11.699999999999962,0.44720329088052374,-0.3941177773693867,-1.1578554803574466e-14
131.85670838764875,65.95666665516514,11.699999999999962,0.44673759468976737,-0.39406645180713384,-1.0525958912340423e-14
131.85321790572294,65.94675760927336,11.699999999999964,0.4462724836056957,-0.3940155603667287,-9.47336302110638e-15
131.849731130016,65.93684840631808,11.699999999999962,0.4458079628503415,-0.3939651056388574,-9.47336302110638e-15
131.846248052143,65.92693904676528,11.699999999999964,0.4453440376376457,-0.3939150901987395,-5.2629794561702115e-15
131.84276866373426,65.9170295310802,11.699999999999962,0.44488071317334404,-0.39386551660611974,-1.1578554803574466e-14
131.83929295643537,65.90711985972726,11.699999999999964,0.4444179946548454,-0.39381638740526015,-1.0525958912340423e-14
131.83582092190716,65.89721003317004,11.699999999999966,0.44395588727111623,-0.39376770512493187,-1.473634247727659e-14
131.83235255182575,65.88730005187136,11.699999999999964,0.4434943962025609,-0.3937194722784059,-7.368171238638296e-15
131.82888783788238,65.87738991629328,11.699999999999964,0.4430335266209072,-0.39367169136344804,-7.368171238638296e-15
131.82542677178344,65.867479626897,11.699999999999966,0.4425732836890855,-0.3936243648623101,-8.420767129872338e-15
131.82196934525055,65.85756918414292,11.699999999999964,0.4421136725611142,-0.39357749524172697,-9.47336302110638e-15
131.81851555002035,65.8476585884907,11.699999999999966,0.4416546983819817,-0.39353108495290623,-8.420767129872338e-15
131.81506537784463,65.83774784039929,11.699999999999964,0.4411963662875321,-0.39348513643152816,-9.47336302110638e-15
131.8116188204901,65.82783694032658,11.699999999999964,0.4407386814043463,-0.3934396520977349,-9.47336302110638e-15
131.80817586973865,65.81792588872992,11.699999999999964,0.4402816488496287,-0.3933946343561326,-5.2629794561702115e-15
131.80473651738706,65.80801468606582,11.699999999999964,0.43982527373108793,-0.39335008559578155,-1.3683746586042549e-14
131.8013007552471,65.79810333278996,11.699999999999964,0.43936956114682585,-0.3933060081901971,-1.3683746586042549e-14
131.79786857514551,65.78819182935732,11.699999999999964,0.4389145161852196,-0.39326240449734456,-1.1578554803574466e-14
131.7944399689239,65.778280176222,11.699999999999966,0.43846014392480603,-0.3932192768596361,-1.473634247727659e-14
131.79101492843876,65.76836837383739,11.699999999999966,0.43800644943417083,-0.3931766276039307,-1.1578554803574466e-14
131.78759344556147,65.75845642265608,11.699999999999964,0.43755343777182876,-0.39313445904153094,-1.2631150694808506e-14
131.78417551217814,65.74854432312989,11.699999999999964,0.4371011139861151,-0.39309277346818144,-9.47336302110638e-15
131.7807611201898,65.73863207570987,11.699999999999966,0.43664948311506774,-0.39305157316406975,-1.1578554803574466e-14
131.7773502615122,65.72871968084632,11.699999999999966,0.43619855018631587,-0.3930108603938248,-1.1578554803574466e-14
131.7739429280758,65.7188071389887,11.699999999999964,0.4357483202169667,-0.39297063740651683,-6.315575347404253e-15
131.7705391118258,65.7088944505858,11.699999999999967,0.43529879821348916,-0.39293090643565876,-1.3683746586042549e-14
131.7671388047221,65.69898161608555,11.699999999999964,0.4348499891716072,-0.39289166969920647,-6.315575347404253e-15
131.76374199873922,65.68906863593517,11.699999999999966,0.43440189807618296,-0.39285292939956046,-6.315575347404253e-15
131.76034868586638,65.67915551058118,11.699999999999967,0.43395452990110567,-0.3928146877235689,-1.0525958912340423e-14
131.75695885810728,65.66924224046912,11.699999999999964,0.4335078896091808,-0.3927769468425264,-1.5788938368510635e-14
131.75357250748036,65.65932882604397,11.699999999999964,0.43306198215201697,-0.39273970891218046,-1.1578554803574466e-14
131.75018962601845,65.64941526774993,11.699999999999966,0.43261681246991607,-0.39270297607273263,-1.0525958912340423e-14
131.74681020576907,65.63950156603039,11.699999999999964,0.43217238549176257,-0.3926667504488432,-1.473634247727659e-14
131.74343423879407,65.62958772132797,11.699999999999964,0.4317287061349114,-0.392631034149633,-5.2629794561702115e-15
131.74006171716985,65.61967373408461,11.699999999999966,0.4312857793050808,-0.39259582926869013,-1.1578554803574466e-14
131.73669263298729,65.60975960474144,11.699999999999966,0.43084360989623777,-0.39256113788407454,-1.1578554803574466e-14
131.73332697835158,65.59984533373884,11.699999999999966,0.43040220279049257,-0.3925269620583208,-1.3683746586042549e-14
131.72996474538243,65.58993092151647,11.699999999999964,0.42996156285798637,-0.39249330383844616,-1.1578554803574466e-14
131.72660592621378,65.58001636851321,11.699999999999964,0.429521694956786,-0.3924601652559564,-7.368171238638296e-15
131.72325051299399,65.57010167516724,11.699999999999964,0.4290826039327709,-0.3924275483268508,-1.1578554803574466e-14
131.71989849788568,65.56018684191596,11.699999999999964,0.42864429461952824,-0.39239545505163015,-1.2631150694808506e-14
131.7165498730658,65.55027186919602,11.699999999999966,0.42820677183824213,-0.39236388741530326,-1.5788938368510635e-14
131.71320463072553,65.54035675744335,11.699999999999966,0.42777004039758826,-0.39233284738739593,-1.1578554803574466e-14
131.70986276307025,65.53044150709313,11.699999999999964,0.427334105093626,-0.3923023369219572,-8.420767129872338e-15
131.7065242623196,65.52052611857981,11.699999999999964,0.42689897070969024,-0.39227235795756826,-7.368171238638296e-15
131.70318912070732,65.51061059233714,11.699999999999966,0.4264646420162855,-0.39224291241735254,-1.1578554803574466e-14
131.69985733048142,65.50069492879798,11.699999999999966,0.42603112377097957,-0.3922140022089836,-1.1578554803574466e-14
131.69652888390388,65.49077912839464,11.699999999999966,0.4255984207182996,-0.3921856292246949,-8.420767129872338e-15
131.6932037732509,65.48086319155861,11.699999999999964,0.42516653758962,-0.3921577953412899,-7.368171238638296e-15
131.68988199081272,65.47094711872067,11.699999999999962,0.42473547910306636,-0.392130502420154,-8.420767129872338e-15
131.6865635288936,65.46103091031085,11.699999999999964,0.424305249963401,-0.39210375230726086,-7.368171238638296e-15
131.6832483798118,65.45111456675849,11.699999999999964,0.42387585486192736,-0.3920775468331897,-1.0525958912340423e-14
131.6799365358997,65.44119808849216,11.699999999999964,0.42344729847637824,-0.39205188781313216,-9.47336302110638e-15
131.67662798950346,65.43128147593971,11.699999999999964,0.4230195854708172,-0.3920267770469054,-6.315575347404253e-15
131.67332273298334,65.42136472952832,11.699999999999964,0.42259272049553165,-0.39200221631896515,-1.5788938368510635e-14
131.67002075871346,65.41144784968436,11.699999999999964,0.42216670818693025,-0.39197820739841793,-1.0525958912340423e-14
131.6667220590818,65.40153083683356,11.699999999999964,0.42174155316744344,-0.39195475203903385,-9.47336302110638e-15
131.66342662649024,65.39161369140088,11.699999999999964,0.4213172600454158,-0.39193185197926017,-9.47336302110638e-15
131.66013445335452,65.38169641381059,11.699999999999964,0.4208938334150078,-0.391909508942235,-1.0525958912340423e-14
131.65684553210411,65.37177900448623,11.699999999999964,0.420471277856093,-0.3918877246358021,-1.2631150694808506e-14
131.65355985518244,65.3618614638506,11.699999999999966,0.420049597934155,-0.3918665007525234,-8.420767129872338e-15
131.6502774150465,65.35194379232593,11.699999999999962,0.4196287982001913,-0.3918458389696966,-1.0525958912340423e-14
131.64699820416718,65.34202599033343,11.699999999999964,0.41920888319060495,-0.39182574094936784,-7.368171238638296e-15
131.64372221502893,65.3321080582939,11.699999999999966,0.4187898574271135,-0.3918062083383486,-1.1578554803574466e-14
131.64044944013006,65.3221899966273,11.699999999999966,0.41837172541664136,-0.39178724276823224,-7.368171238638296e-15
131.63717987198245,65.31227180575293,11.699999999999966,0.41795449165122595,-0.39176884585540855,-8.420767129872338e-15
131.6339135031116,65.30235348608932,11.699999999999966,0.41753816060791404,-0.391751019201081,-1.1578554803574466e-14
131.63065032605667,65.29243503805432,11.699999999999966,0.4171227367486675,-0.3917337643912847,-1.0525958912340423e-14
131.62739033337044,65.28251646206513,11.699999999999964,0.41670822452026185,-0.39171708299690294,-7.368171238638296e-15
131.62413351761916,65.27259775853817,11.699999999999964,0.41629462835418973,-0.39170097657368375,-7.368171238638296e-15
131.62087987138267,65.26267892788921,11.699999999999966,0.4158819526665629,-0.39168544666225974,-1.1578554803574466e-14
131.61762938725437,65.25275997053329,11.699999999999964,0.4154702018580173,-0.39167049478816596,-9.47336302110638e-15
131.61438205784106,65.24284088688475,11.699999999999962,0.4150593803136112,-0.39165612246185766,-8.420767129872338e-15
131.61113787576312,65.23292167735728,11.699999999999966,0.4146494924027347,-0.3916423311787298,-6.315575347404253e-15
131.60789683365422,65.22300234236383,11.699999999999966,0.41424054247901193,-0.39162912241913717,-6.315575347404253e-15
131.60465892416158,65.21308288231664,11.699999999999966,0.41383253488020383,-0.39161649764841266,-1.0525958912340423e-14
131.6014241399458,65.2031632976273,11.699999999999967,0.41342547392811374,-0.39160445831688817,-8.420767129872338e-15
131.59819247368077,65.19324358870671,11.699999999999966,0.413019363928496,-0.3915930058599154,-8.420767129872338e-15
131.59496391805374,65.18332375596502,11.699999999999967,0.4126142091709569,-0.39158214169788397,-1.5788938368510635e-14
131.59173846576542,65.17340379981181,11.699999999999966,0.4122100139288639,-0.39157186723624665,-8.420767129872338e-15
131.5885161095296,65.16348372065579,11.699999999999964,0.4118067824592512,-0.391562183865536,-1.3683746586042549e-14
131.5852968420735,65.15356351890512,11.699999999999967,0.4114045190027277,-0.39155309296138974,-8.420767129872338e-15
131.58208065613752,65.14364319496725,11.699999999999964,0.4110032277833835,-0.3915445958845703,-1.0525958912340423e-14
131.57886754447532,65.13372274924896,11.699999999999967,0.4106029130086966,-0.39153669398098745,-1.5788938368510635e-14
131.57565749985375,65.12380218215628,11.699999999999964,0.4102035788694458,-0.39152938858172315,-1.0525958912340423e-14
131.57245051505282,65.11388149409466,11.699999999999967,0.4098052295396123,-0.39152268100305,-8.420767129872338e-15
131.56924658286567,65.10396068546875,11.699999999999964,0.4094078691762962,-0.39151657254645833,-7.368171238638296e-15
131.56604569609866,65.09403975668263,11.699999999999966,0.40901150191962105,-0.3915110644986777,-1.1578554803574466e-14
131.5628478475712,65.08411870813966,11.699999999999967,0.4086161318926453,-0.391506158131702,-8.420767129872338e-15
131.5596530301157,65.07419754024248,11.699999999999966,0.4082217632012734,-0.3915018547028116,-4.210383564936169e-15
131.55646123657777,65.06427625339315,11.699999999999966,0.40782839993416614,-0.3914981554545994,-8.420767129872338e-15
131.55327245981601,65.05435484799297,11.699999999999967,0.4074360461626521,-0.3914950616149943,-8.420767129872338e-15
131.55008669270197,65.0444333244426,11.699999999999967,0.4070447059406386,-0.39149257439728735,-8.420767129872338e-15
131.5469039281203,65.03451168314204,11.699999999999967,0.40665438330452597,-0.3914906950001563,-1.1578554803574466e-14
131.54372415896844,65.0245899244906,11.699999999999969,0.4062650822731172,-0.3914894246076909,-1.1578554803574466e-14
131.54054737815702,65.01466804888699,11.699999999999967,0.40587680684753413,-0.3914887643894191,-1.0525958912340423e-14
131.53737357860936,65.0047460567291,11.699999999999966,0.4054895610111284,-0.39148871550033326,-8.420767129872338e-15
131.53420275326178,64.9948239484143,11.699999999999966,0.4051033487293967,-0.3914892790809153,-1.1578554803574466e-14
131.53103489506347,64.98490172433921,11.699999999999967,0.40471817394989523,-0.3914904562571659,-7.368171238638296e-15
131.5278699969764,64.97497938489985,11.699999999999967,0.40433404060215516,-0.39149224814062905,-1.1578554803574466e-14
131.5247080519755,64.96505693049154,11.699999999999966,0.40395095259759567,-0.3914946558284206,-1.1578554803574466e-14
131.52154905304843,64.95513436150895,11.699999999999966,0.4035689138294421,-0.3914976804032545,-6.315575347404253e-15
131.51839299319556,64.9452116783461,11.699999999999969,0.40318792817264054,-0.39150132293347206,-7.368171238638296e-15
131.51523986543015,64.9352888813963,11.699999999999967,0.4028079994837765,-0.3915055844730694,-9.47336302110638e-15
131.5120896627781,64.92536597105227,11.699999999999966,0.4024291316009907,-0.39151046606172435,-9.47336302110638e-15
131.50894237827802,64.91544294770604,11.699999999999967,0.40205132834389534,-0.3915159687248282,-1.0525958912340423e-14
131.50579800498133,64.90551981174896,11.699999999999966,0.40167459351349566,-0.3915220934735114,-7.368171238638296e-15
131.50265653595196,64.89559656357181,11.699999999999966,0.4012989308921058,-0.3915288413046743,-9.47336302110638e-15
131.49951796426657,64.88567320356462,11.699999999999967,0.4009243442432683,-0.3915362132010157,-8.420767129872338e-15
131.49638228301447,64.87574973211683,11.699999999999966,0.4005508373116742,-0.3915442101310629,-1.1578554803574466e-14
131.49324948529747,64.86582614961719,11.699999999999966,0.4001784138230826,-0.3915528330492023,-1.1578554803574466e-14
131.49011956423004,64.85590245645385,11.699999999999966,0.3998070774842411,-0.39156208289570726,-8.420767129872338e-15
