galstreams/tracks/track.st.Perpendicular.weiss2018.ecsv
# %ECSV 1.0
# ---
# datatype:
# - {name: ra, unit: deg, datatype: float64}
# - {name: dec, unit: deg, datatype: float64}
# - {name: distance, unit: kpc, datatype: float64}
# - {name: pm_ra_cosdec, unit: mas / yr, datatype: float64}
# - {name: pm_dec, unit: mas / yr, datatype: float64}
# - {name: radial_velocity, unit: km / s, datatype: float64}
# delimiter: ','
# meta: !!omap
# - __serialized_columns__:
#     dec:
#       __class__: astropy.coordinates.angles.Latitude
#       unit: &id001 !astropy.units.Unit {unit: deg}
#       value: !astropy.table.SerializedColumn {name: dec}
#     distance:
#       __class__: astropy.coordinates.distances.Distance
#       unit: !astropy.units.Unit {unit: kpc}
#       value: !astropy.table.SerializedColumn {name: distance}
#     pm_dec:
#       __class__: astropy.units.quantity.Quantity
#       unit: !astropy.units.Unit {unit: mas / yr}
#       value: !astropy.table.SerializedColumn {name: pm_dec}
#     pm_ra_cosdec:
#       __class__: astropy.units.quantity.Quantity
#       unit: !astropy.units.Unit {unit: mas / yr}
#       value: !astropy.table.SerializedColumn {name: pm_ra_cosdec}
#     ra:
#       __class__: astropy.coordinates.angles.Longitude
#       unit: *id001
#       value: !astropy.table.SerializedColumn {name: ra}
#       wrap_angle: !astropy.coordinates.Angle
#         unit: *id001
#         value: 360.0
#     radial_velocity:
#       __class__: astropy.units.quantity.Quantity
#       unit: !astropy.units.Unit {unit: km / s}
#       value: !astropy.table.SerializedColumn {name: radial_velocity}
# schema: astropy-2.0
ra,dec,distance,pm_ra_cosdec,pm_dec,radial_velocity
[from data line 1411]
181.69470606143742,20.103787075861916,15.99367655765886,0.0,0.0,0.0
181.6988341386539,20.11622303114236,15.993017132939162,0.0,0.0,0.0
181.70296287691883,20.128658887195044,15.992357708219464,0.0,0.0,0.0
181.70709227722858,20.141094643630428,15.991698283499769,0.0,0.0,0.0
181.71122234058012,20.153530300058875,15.99103885878007,0.0,0.0,0.0
181.7153530679706,20.165965856090686,15.990379434060376,0.0,0.0,0.0
181.71948446039775,20.178401311336046,15.98972000934068,0.0,0.0,0.0
181.72361651885953,20.19083666540508,15.989060584620985,0.0,0.0,0.0
181.7277492443544,20.203271917907816,15.988401159901287,0.0,0.0,0.0
181.7318826378812,20.215707068454194,15.987741735181588,0.0,0.0,0.0
181.7360167004391,20.228142116654055,15.987082310461894,0.0,0.0,0.0
181.74015143302782,20.240577062117183,15.986422885742197,0.0,0.0,0.0
181.74428683664726,20.25301190445325,15.985763461022502,0.0,0.0,0.0
181.7484229122979,20.265446643271844,15.985104036302802,0.0,0.0,0.0
181.75255966098052,20.27788127818248,15.984444611583106,0.0,0.0,0.0
181.75669708369634,20.29031580879456,15.983785186863411,0.0,0.0,0.0
181.76083518144694,20.302750234717426,15.983125762143715,0.0,0.0,0.0
181.76497395523438,20.31518455556031,15.982466337424016,0.0,0.0,0.0
181.76911340606097,20.327618770932368,15.98180691270432,0.0,0.0,0.0
181.77325353492955,20.34005288044266,15.981147487984622,0.0,0.0,0.0
181.77739434284334,20.35248688370017,15.980488063264929,0.0,0.0,0.0
181.78153583080592,20.364920780313778,15.979828638545229,0.0,0.0,0.0
181.78567799982127,20.37735456989228,15.979169213825534,0.0,0.0,0.0
181.78982085089382,20.3897882520444,15.978509789105836,0.0,0.0,0.0
181.79396438502835,20.40222182637873,15.977850364386141,0.0,0.0,0.0
181.79810860323008,20.414655292503824,15.977190939666444,0.0,0.0,0.0
181.80225350650457,20.427088650028114,15.976531514946748,0.0,0.0,0.0
181.80639909585787,20.439521898559963,15.97587209022705,0.0,0.0,0.0
181.81054537229636,20.451955037707616,15.975212665507357,0.0,0.0,0.0
181.81469233682688,20.464388067079263,15.97455324078766,0.0,0.0,0.0
181.81883999045664,20.476820986282974,15.973893816067962,0.0,0.0,0.0
181.82298833419324,20.489253794926743,15.973234391348267,0.0,0.0,0.0
181.8271373690447,20.50168649261847,15.972574966628569,0.0,0.0,0.0
181.83128709601942,20.51411907896598,15.971915541908867,0.0,0.0,0.0
181.8354375161263,20.526551553576972,15.971256117189172,0.0,0.0,0.0
181.83958863037455,20.53898391605909,15.970596692469478,0.0,0.0,0.0
181.8437404397738,20.551416166019877,15.96993726774978,0.0,0.0,0.0
181.8478929453341,20.56384830306677,15.969277843030083,0.0,0.0,0.0
181.85204614806594,20.57628032680713,15.968618418310388,0.0,0.0,0.0
181.8562000489801,20.588712236848227,15.967958993590694,0.0,0.0,0.0
181.86035464908795,20.601144032797233,15.967299568870994,0.0,0.0,0.0
181.8645099494011,20.61357571426122,15.966640144151295,0.0,0.0,0.0
181.86866595093167,20.626007280847194,15.965980719431599,0.0,0.0,0.0
181.87282265469216,20.638438732162044,15.965321294711904,0.0,0.0,0.0
181.87698006169546,20.65087006781258,15.964661869992208,0.0,0.0,0.0
181.88113817295488,20.663301287405517,15.964002445272508,0.0,0.0,0.0
181.88529698948415,20.675732390547466,15.963343020552815,0.0,0.0,0.0
181.88945651229741,20.68816337684498,15.962683595833118,0.0,0.0,0.0
181.8936167424092,20.70059424590447,15.962024171113422,0.0,0.0,0.0
181.89777768083448,20.713024997332298,15.961364746393725,0.0,0.0,0.0
181.90193932858858,20.725455630734707,15.960705321674029,0.0,0.0,0.0
181.90610168668735,20.737886145717848,15.960045896954329,0.0,0.0,0.0
181.91026475614697,20.750316541887795,15.959386472234637,0.0,0.0,0.0
181.91442853798395,20.762746818850513,15.958727047514941,0.0,0.0,0.0
181.91859303321544,20.77517697621189,15.958067622795243,0.0,0.0,0.0
181.92275824285878,20.787607013577695,15.957408198075544,0.0,0.0,0.0
181.92692416793184,20.80003693055362,15.956748773355846,0.0,0.0,0.0
181.9310908094529,20.812466726745267,15.956089348636153,0.0,0.0,0.0
181.93525816844064,20.824896401758135,15.955429923916453,0.0,0.0,0.0
181.93942624591406,20.837325955197617,15.954770499196762,0.0,0.0,0.0
181.9435950428928,20.849755386669045,15.954111074477062,0.0,0.0,0.0
181.9477645603967,20.862184695777625,15.953451649757367,0.0,0.0,0.0
181.9519347994461,20.87461388212848,15.952792225037669,0.0,0.0,0.0
181.9561057610618,20.887042945326645,15.952132800317973,0.0,0.0,0.0
181.9602774462649,20.899471884977036,15.951473375598272,0.0,0.0,0.0
181.96444985607707,20.91190070068451,15.95081395087858,0.0,0.0,0.0
181.96862299152025,20.924329392053792,15.950154526158883,0.0,0.0,0.0
181.9727968536169,20.93675795868953,15.949495101439188,0.0,0.0,0.0
181.97697144338986,20.94918640019629,15.948835676719488,0.0,0.0,0.0
181.9811467618624,20.96161471617851,15.94817625199979,0.0,0.0,0.0
181.9853228100582,20.97404290624054,15.947516827280097,0.0,0.0,0.0
181.98949958900135,20.986470969986662,15.9468574025604,0.0,0.0,0.0
181.9936770997164,20.998898907021033,15.946197977840704,0.0,0.0,0.0
181.99785534322825,21.01132671694772,15.945538553121008,0.0,0.0,0.0
182.00203432056233,21.023754399370695,15.944879128401311,0.0,0.0,0.0
182.0062140327444,21.03618195389384,15.944219703681613,0.0,0.0,0.0
182.01039448080067,21.048609380120922,15.943560278961918,0.0,0.0,0.0
182.01457566575775,21.06103667765563,15.942900854242218,0.0,0.0,0.0
182.01875758864273,21.07346384610154,15.942241429522523,0.0,0.0,0.0
182.02294025048312,21.085890885062142,15.941582004802825,0.0,0.0,0.0
182.02712365230673,21.098317794140822,15.94092258008313,0.0,0.0,0.0
182.03130779514194,21.110744572940884,15.940263155363432,0.0,0.0,0.0
182.03549268001757,21.1231712210655,15.939603730643737,0.0,0.0,0.0
182.03967830796267,21.135597738117777,15.938944305924043,0.0,0.0,0.0
182.04386468000692,21.148024123700715,15.938284881204345,0.0,0.0,0.0
182.04805179718036,21.160450377417195,15.937625456484648,0.0,0.0,0.0
182.0522396605134,21.172876498870036,15.936966031764952,0.0,0.0,0.0
182.05642827103696,21.18530248766193,15.936306607045251,0.0,0.0,0.0
182.06061762978234,21.197728343395465,15.935647182325559,0.0,0.0,0.0
182.06480773778125,21.210154065673162,15.934987757605862,0.0,0.0,0.0
182.0689985960659,21.222579654097427,15.934328332886162,0.0,0.0,0.0
182.07319020566885,21.23500510827055,15.933668908166467,0.0,0.0,0.0
182.07738256762315,21.247430427794733,15.93300948344677,0.0,0.0,0.0
182.0815756829622,21.2598556122721,15.932350058727074,0.0,0.0,0.0
182.08576955271997,21.272280661304638,15.931690634007376,0.0,0.0,0.0
182.08996417793068,21.284705574494264,15.931031209287681,0.0,0.0,0.0
182.0941595596291,21.29713035144277,15.930371784567988,0.0,0.0,0.0
182.09835569885047,21.309554991751874,15.929712359848287,0.0,0.0,0.0
182.1025525966303,21.32197949502317,15.92905293512859,0.0,0.0,0.0
182.10675025400465,21.334403860858174,15.928393510408894,0.0,0.0,0.0
182.11094867201007,21.346828088858274,15.927734085689195,0.0,0.0,0.0
182.11514785168333,21.359252178624775,15.927074660969502,0.0,0.0,0.0
182.11934779406187,21.371676129758885,15.926415236249808,0.0,0.0,0.0
182.1235485001834,21.3840999418617,15.925755811530108,0.0,0.0,0.0
182.12774997108613,21.39652361453421,15.925096386810413,0.0,0.0,0.0
182.13195220780875,21.40894714737732,15.924436962090716,0.0,0.0,0.0
182.13615521139025,21.42137053999182,15.92377753737102,0.0,0.0,0.0
182.14035898287017,21.433793791978413,15.923118112651325,0.0,0.0,0.0
182.14456352328847,21.446216902937675,15.922458687931625,0.0,0.0,0.0
182.1487688336855,21.45863987247011,15.921799263211929,0.0,0.0,0.0
182.15297491510208,21.47106270017609,15.921139838492232,0.0,0.0,0.0
182.1571817685795,21.4834853856559,15.920480413772536,0.0,0.0,0.0
182.16138939515938,21.495907928509734,15.91982098905284,0.0,0.0,0.0
182.1655977958839,21.50833032833766,15.919161564333143,0.0,0.0,0.0
182.1698069717956,21.52075258473966,15.918502139613445,0.0,0.0,0.0
182.17401692393747,21.533174697315594,15.91784271489375,0.0,0.0,0.0
182.178227653353,21.545596665665244,15.917183290174053,0.0,0.0,0.0
182.18243916108597,21.558018489388264,15.916523865454359,0.0,0.0,0.0
182.1866514481808,21.570440168084218,15.91586444073466,0.0,0.0,0.0
182.19086451568222,21.58286170135257,15.915205016014962,0.0,0.0,0.0
182.19507836463546,21.595283088792673,15.91454559129527,0.0,0.0,0.0
182.19929299608611,21.60770433000377,15.91388616657557,0.0,0.0,0.0
182.20350841108026,21.620125424585012,15.913226741855874,0.0,0.0,0.0
182.20772461066448,21.63254637213544,15.912567317136178,0.0,0.0,0.0
182.2119415958857,21.644967172253992,15.911907892416481,0.0,0.0,0.0
182.2161593677913,21.65738782453949,15.911248467696787,0.0,0.0,0.0
182.22037792742924,21.66980832859068,15.910589042977085,0.0,0.0,0.0
182.2245972758477,21.682228684006166,15.909929618257387,0.0,0.0,0.0
182.22881741409552,21.69464889038447,15.909270193537692,0.0,0.0,0.0
182.2330383432218,21.707068947324004,15.908610768817999,0.0,0.0,0.0
182.23726006427623,21.719488854423076,15.9079513440983,0.0,0.0,0.0
182.24148257830888,21.731908611279877,15.907291919378606,0.0,0.0,0.0
182.24570588637025,21.744328217492512,15.906632494658904,0.0,0.0,0.0
182.24992998951132,21.756747672658964,15.905973069939211,0.0,0.0,0.0
182.2541548887835,21.769166976377115,15.905313645219515,0.0,0.0,0.0
182.25838058523868,21.781586128244744,15.904654220499816,0.0,0.0,0.0
182.2626070799291,21.794005127859517,15.90399479578012,0.0,0.0,0.0
182.2668343739076,21.806423974818994,15.903335371060425,0.0,0.0,0.0
182.27106246822734,21.818842668720638,15.902675946340727,0.0,0.0,0.0
182.27529136394202,21.83126120916179,15.902016521621034,0.0,0.0,0.0
182.2795210621057,21.843679595739694,15.901357096901334,0.0,0.0,0.0
182.2837515637729,21.856097828051485,15.900697672181636,0.0,0.0,0.0
182.28798286999873,21.86851590569419,15.900038247461941,0.0,0.0,0.0
182.29221498183853,21.880933828264727,15.899378822742243,0.0,0.0,0.0
182.29644790034828,21.893351595359903,15.898719398022545,0.0,0.0,0.0
182.30068162658435,21.90576920657642,15.89805997330285,0.0,0.0,0.0
182.30491616160347,21.918186661510884,15.897400548583155,0.0,0.0,0.0
182.30915150646297,21.930603959759782,15.896741123863459,0.0,0.0,0.0
182.31338766222052,21.94302110091948,15.896081699143762,0.0,0.0,0.0
182.3176246299343,21.955438084586252,15.895422274424066,0.0,0.0,0.0
182.32186241066296,21.967854910356266,15.894762849704367,0.0,0.0,0.0
182.32610100546555,21.98027157782557,15.894103424984674,0.0,0.0,0.0
182.3303404154016,21.9926880865901,15.893444000264976,0.0,0.0,0.0
182.33458064153106,22.0051044362457,15.892784575545281,0.0,0.0,0.0
182.33882168491442,22.017520626388087,15.892125150825581,0.0,0.0,0.0
182.34306354661254,22.029936656612875,15.891465726105885,0.0,0.0,0.0
182.34730622768683,22.04235252651558,15.890806301386188,0.0,0.0,0.0
182.351549729199,22.054768235691586,15.890146876666488,0.0,0.0,0.0
182.3557940522114,22.067183783736183,15.889487451946795,0.0,0.0,0.0
182.3600391977867,22.07959917024455,15.888828027227099,0.0,0.0,0.0
182.3642851669881,22.092014394811727,15.888168602507402,0.0,0.0,0.0
182.36853196087927,22.10442945703269,15.887509177787708,0.0,0.0,0.0
182.37277958052422,22.116844356502288,15.88684975306801,0.0,0.0,0.0
182.3770280269876,22.129259092815232,15.886190328348313,0.0,0.0,0.0
182.38127730133436,22.14167366556616,15.885530903628617,0.0,0.0,0.0
182.38552740463,22.15408807434957,15.88487147890892,0.0,0.0,0.0
182.38977833794047,22.166502318759875,15.884212054189222,0.0,0.0,0.0
182.39403010233215,22.178916398391344,15.883552629469527,0.0,0.0,0.0
182.3982826988719,22.191330312838172,15.882893204749827,0.0,0.0,0.0
182.40253612862702,22.203744061694398,15.882233780030132,0.0,0.0,0.0
182.40679039266536,22.216157644553984,15.881574355310438,0.0,0.0,0.0
182.41104549205508,22.22857106101078,15.880914930590741,0.0,0.0,0.0
182.41530142786493,22.240984310658497,15.880255505871045,0.0,0.0,0.0
182.41955820116408,22.253397393090758,15.879596081151346,0.0,0.0,0.0
182.4238158130222,22.265810307901063,15.87893665643165,0.0,0.0,0.0
182.42807426450932,22.278223054682794,15.878277231711953,0.0,0.0,0.0
182.43233355669605,22.29063563302924,15.877617806992259,0.0,0.0,0.0
182.4365936906534,22.303048042533547,15.876958382272557,0.0,0.0,0.0
182.44085466745292,22.315460282788763,15.876298957552862,0.0,0.0,0.0
182.4451164881665,22.32787235338785,15.875639532833167,0.0,0.0,0.0
182.44937915386663,22.340284253923603,15.874980108113467,0.0,0.0,0.0
182.45364266562612,22.35269598398874,15.874320683393774,0.0,0.0,0.0
182.45790702451842,22.365107543175842,15.873661258674078,0.0,0.0,0.0
182.46217223161736,22.37751893107741,15.87300183395438,0.0,0.0,0.0
182.4664382879972,22.389930147285796,15.872342409234683,0.0,0.0,0.0
182.47070519473272,22.40234119139325,15.871682984514987,0.0,0.0,0.0
182.47497295289915,22.414752062991912,15.871023559795292,0.0,0.0,0.0
182.47924156357223,22.427162761673802,15.870364135075592,0.0,0.0,0.0
182.48351102782811,22.43957328703083,15.869704710355897,0.0,0.0,0.0
182.48778134674345,22.451983638654774,15.8690452856362,0.0,0.0,0.0
182.49205252139538,22.46439381613732,15.868385860916502,0.0,0.0,0.0
182.49632455286147,22.476803819070025,15.867726436196808,0.0,0.0,0.0
182.50059744221977,22.48921364704434,15.867067011477108,0.0,0.0,0.0
182.5048711905489,22.501623299651577,15.866407586757417,0.0,0.0,0.0
182.5091457989278,22.514032776482967,15.865748162037717,0.0,0.0,0.0
182.51342126843593,22.526442077129595,15.865088737318024,0.0,0.0,0.0
182.51769760015333,22.53885120118244,15.864429312598324,0.0,0.0,0.0
182.52197479516033,22.55126014823237,15.86376988787863,0.0,0.0,0.0
182.52625285453792,22.563668917870128,15.863110463158932,0.0,0.0,0.0
182.53053177936744,22.576077509686346,15.862451038439234,0.0,0.0,0.0
182.53481157073074,22.588485923271538,15.861791613719541,0.0,0.0,0.0
182.53909222971018,22.600894158216096,15.861132188999843,0.0,0.0,0.0
182.54337375738857,22.6133022141103,15.860472764280146,0.0,0.0,0.0
182.54765615484916,22.62571009054431,15.859813339560448,0.0,0.0,0.0
182.55193942317575,22.63811778710816,15.859153914840753,0.0,0.0,0.0
182.55622356345256,22.6505253033918,15.858494490121055,0.0,0.0,0.0
182.5605085767643,22.662932638985005,15.857835065401359,0.0,0.0,0.0
182.5647944641962,22.675339793477484,15.857175640681662,0.0,0.0,0.0
182.5690812268339,22.687746766458798,15.856516215961964,0.0,0.0,0.0
182.5733688657636,22.700153557518405,15.85585679124227,0.0,0.0,0.0
182.5776573820719,22.71256016624563,15.855197366522574,0.0,0.0,0.0
182.5819467768459,22.724966592229695,15.854537941802874,0.0,0.0,0.0
182.58623705117327,22.737372835059695,15.853878517083176,0.0,0.0,0.0
182.59052820614198,22.7497788943246,15.853219092363483,0.0,0.0,0.0
182.5948202428407,22.76218476961326,15.852559667643789,0.0,0.0,0.0
182.59911316235846,22.77459046051444,15.851900242924089,0.0,0.0,0.0
182.6034069657847,22.78699596661672,15.851240818204394,0.0,0.0,0.0
182.60770165420954,22.79940128750862,15.850581393484696,0.0,0.0,0.0
182.61199722872337,22.811806422778506,15.849921968764999,0.0,0.0,0.0
182.61629369041725,22.82421137201464,15.849262544045303,0.0,0.0,0.0
182.62059104038258,22.83661613480517,15.848603119325606,0.0,0.0,0.0
182.62488927971134,22.84902071073809,15.84794369460591,0.0,0.0,0.0
182.62918840949595,22.86142509940131,15.847284269886211,0.0,0.0,0.0
182.63348843082935,22.87382930038259,15.846624845166517,0.0,0.0,0.0
182.63778934480496,22.8862333132696,15.845965420446822,0.0,0.0,0.0
182.6420911525166,22.898637137649853,15.845305995727125,0.0,0.0,0.0
182.6463938550587,22.91104077311078,15.844646571007425,0.0,0.0,0.0
182.6506974535261,22.923444219239652,15.843987146287729,0.0,0.0,0.0
182.6550019490142,22.935847475623643,15.843327721568034,0.0,0.0,0.0
182.65930734261877,22.9482505418498,15.842668296848338,0.0,0.0,0.0
182.66361363543626,22.960653417505036,15.842008872128641,0.0,0.0,0.0
182.66792082856338,22.973056102176162,15.841349447408946,0.0,0.0,0.0
182.67222892309746,22.985458595449845,15.84069002268925,0.0,0.0,0.0
182.67653792013635,22.99786089691266,15.84003059796955,0.0,0.0,0.0
