galstreams/tracks/track.st.NGC3201.ibata2021.ecsv
# %ECSV 0.9
# ---
# datatype:
# - {name: ra, unit: deg, datatype: float64}
# - {name: dec, unit: deg, datatype: float64}
# - {name: distance, unit: kpc, datatype: float64}
# - {name: pm_ra_cosdec, unit: mas / yr, datatype: float64}
# - {name: pm_dec, unit: mas / yr, datatype: float64}
# - {name: radial_velocity, unit: km / s, datatype: float64}
# delimiter: ','
# meta: !!omap
# - __serialized_columns__:
#     dec:
#       __class__: astropy.coordinates.angles.Latitude
#       unit: &id001 !astropy.units.Unit {unit: deg}
#       value: !astropy.table.SerializedColumn {name: dec}
#     distance:
#       __class__: astropy.coordinates.distances.Distance
#       unit: !astropy.units.Unit {unit: kpc}
#       value: !astropy.table.SerializedColumn {name: distance}
#     pm_dec:
#       __class__: astropy.units.quantity.Quantity
#       unit: !astropy.units.Unit {unit: mas / yr}
#       value: !astropy.table.SerializedColumn {name: pm_dec}
#     pm_ra_cosdec:
#       __class__: astropy.units.quantity.Quantity
#       unit: !astropy.units.Unit {unit: mas / yr}
#       value: !astropy.table.SerializedColumn {name: pm_ra_cosdec}
#     ra:
#       __class__: astropy.coordinates.angles.Longitude
#       unit: *id001
#       value: !astropy.table.SerializedColumn {name: ra}
#       wrap_angle: !astropy.coordinates.Angle
#         unit: *id001
#         value: 360.0
#     radial_velocity:
#       __class__: astropy.units.quantity.Quantity
#       unit: !astropy.units.Unit {unit: km / s}
#       value: !astropy.table.SerializedColumn {name: radial_velocity}
# schema: astropy-2.0
ra,dec,distance,pm_ra_cosdec,pm_dec,radial_velocity
[from data line 1106]
162.87040620680318,-47.238849493512824,5.257191517999308,5.814114730191962,-0.710101641153416,8.420767129872338e-15
162.88530533935216,-47.23873992445919,5.258785399831976,5.814108069587731,-0.7049373224208189,8.420767129872338e-15
162.90020546378534,-47.238622608759165,5.260379554958066,5.814132666333698,-0.699753400516578,-1.2631150694808506e-14
162.91510657632253,-47.23849753360599,5.261973975745325,5.814188599624803,-0.694549816589717,-1.2631150694808506e-14
162.9300086731682,-47.238364686193265,5.26356865456151,5.814275948616708,-0.6893265117221512,0.0
162.9449117505117,-47.23822405371499,5.265163583774372,5.8143947924257855,-0.6840834269287015,2.315710960714893e-14
162.95981580452695,-47.23807562336546,5.266758755751665,5.81454521012908,-0.6788205031571223,7.368171238638296e-15
162.9747208313728,-47.23791938233937,5.268354162861139,5.814727280764301,-0.6735376812881175,5.2629794561702115e-15
162.98962682719278,-47.23775531783179,5.26994979747055,5.814941083329784,-0.6682349021353633,1.1578554803574466e-14
163.00453378811517,-47.237583417038124,5.271545651947647,5.815186696784464,-0.6629121064455327,7.368171238638296e-15
163.01944171025303,-47.2374036671542,5.273141718660183,5.815464200047868,-0.6575692348983173,6.315575347404253e-15
163.03435058970422,-47.237216055376194,5.274737989975912,5.81577367200006,-0.6522062281064476,-3.263047262825531e-14
163.04926042255136,-47.2370205689007,5.276334458262586,5.816115191481652,-0.6468230266157098,1.9999321933446802e-14
163.0641712048618,-47.2368171949247,5.277931115887958,5.81648883729375,-0.6414195709049875,1.3683746586042549e-14
163.07908293268764,-47.23660592064555,5.27952795521978,5.816894688197943,-0.6359958013862628,-2.315710960714893e-14
163.09399560206597,-47.23638673326105,5.281124968625803,5.817332822916279,-0.6305516584046467,1.1578554803574466e-14
163.10890920901844,-47.23615961996936,5.2827221484737805,5.817803320131234,-0.6250870822384125,4.210383564936169e-15
163.12382374955155,-47.2359245679691,5.284319487131468,5.818306258485693,-0.6196020130990056,-5.2629794561702115e-15
163.13873921965669,-47.23568156445929,5.285916976966612,5.818841716582933,-0.6140963911310723,1.3683746586042549e-14
163.1536556153099,-47.23543059663938,5.287514610346969,5.819409772986573,-0.6085701564124876,-2.6314897280851057e-14
163.16857293247222,-47.23517165170923,5.289112379640292,5.820010506220587,-0.6030232489543694,1.0525958912340423e-14
163.18349116708924,-47.23490471686917,5.29071027721433,5.820643994769245,-0.5974556087011172,1.6841534259744676e-14
163.19841031509154,-47.23462977931993,5.292308295436841,5.821310317077116,-0.5918671755304243,-2.4209705498382972e-14
163.21333037239455,-47.23434682626271,5.293906426675572,5.822009551549033,-0.5862578892533032,-2.1051917824680846e-14
163.2282513348984,-47.23405584489916,5.295504663298279,5.822741776550067,-0.5806276896141187,9.47336302110638e-15
163.24317319848805,-47.23375682243136,5.297102997672712,5.823507070405514,-0.5749765162906091,3.1577876737021266e-15
163.2580959590334,-47.233449746061886,5.298701422166624,5.824305511400856,-0.5693043088939086,-1.6841534259744676e-14
163.27301961238905,-47.23313460299375,5.300299929147769,5.8251371777817536,-0.5636110069685738,-2.1051917824680845e-15
163.28794415439455,-47.23281138043045,5.301898510983901,5.8260021477540125,-0.5578965499926112,1.0525958912340423e-14
163.30286958087424,-47.23248006557594,5.303497160042767,5.82690049948358,-0.552160877377506,9.47336302110638e-15
163.31779588763726,-47.232140645634686,5.305095868692124,5.827832311096488,-0.5464039284682414,2.1051917824680845e-15
163.3327230704777,-47.231793107811605,5.306694629299722,5.828797660678861,-0.5406256425433295,1.5788938368510635e-14
163.34765112517442,-47.23143743931212,5.308293434233316,5.8297966262768774,-0.534825958814837,-1.0525958912340423e-15
163.3625800474912,-47.231073627342155,5.309892275860657,5.830829285896764,-0.5290048164284108,-2.315710960714893e-14
163.3775098331767,-47.23070165910813,5.311491146549497,5.831895717504747,-0.5231621544633068,-1.6841534259744676e-14
163.39244047796436,-47.23032152181695,5.313090038667589,5.8329959990270615,-0.517297911932415,-7.368171238638296e-15
163.40737197757258,-47.22993320267605,5.314688944582685,5.834130208349901,-0.5114120277822896,6.315575347404253e-15
163.4223043277046,-47.2295366888934,5.31628785666254,5.835298423319416,-0.5055044408931779,-2.1051917824680845e-15
163.43723752404856,-47.22913196767745,5.317886767274904,5.836500721741686,-0.4995750900790401,-3.368306851948935e-14
163.4521715622775,-47.228719026237194,5.31948566878753,5.837737181382684,-0.49362391408758094,3.1577876737021266e-15
163.46710643804934,-47.22829785178216,5.32108455356817,5.8390078799682925,-0.48765085160029126,-1.1578554803574466e-14
163.48204214700692,-47.22786843152241,5.322683413984578,5.840312895184231,-0.48165584123245364,-2.947268495455318e-14
163.49697868477796,-47.22743075266854,5.324282242404503,5.84165230467609,-0.47563882153318304,1.2631150694808506e-14
163.5119160469751,-47.226984802431694,5.325881031195702,5.843026186049253,-0.4695997309854638,-2.1051917824680846e-14
163.52685422919598,-47.226530568023584,5.327479772725925,5.844434616868925,-0.46353850800616075,-1.3683746586042549e-14
163.541793227023,-47.22606803665644,5.329078459362927,5.845877674660085,-0.4574550909460605,-4.210383564936169e-15
163.55673303602364,-47.225597195543095,5.330677083474457,5.847355436907473,-0.4513494180898994,7.368171238638296e-15
163.57167365175022,-47.22511803189691,5.3322756374282685,5.848867981055568,-0.4452214276563944,-1.0525958912340423e-15
163.58661506974005,-47.22463053293185,5.333874113592114,5.85041538450857,-0.43907105779826333,-9.47336302110638e-15
163.60155728551536,-47.224134685862445,5.33547250433375,5.851997724630375,-0.43289824660226983,-3.789345208442552e-14
163.6165002945834,-47.2236304779038,5.337070802020921,5.853615078744563,-0.42670293208924004,-1.1578554803574466e-14
163.63144409243628,-47.223117896271596,5.338668999021386,5.855267524134368,-0.4204850522141064,0.0
163.64638867455113,-47.22259692818213,5.340267087702895,5.856955138042669,-0.41424454486592566,1.0525958912340423e-15
163.66133403639003,-47.22206756085229,5.341865060433203,5.858677997671958,-0.4079813478679196,-1.7894130150978717e-14
163.67628017340007,-47.22152978149954,5.343462909580058,5.8604361801843385,-0.4016953989774995,2.1051917824680845e-15
163.69122708101327,-47.22098357734199,5.345060627511216,5.862229762701486,-0.3953866358863034,-1.0525958912340423e-14
163.70617475464667,-47.22042893559832,5.346658206594427,5.86405882230464,-0.3890549962202229,-3.5788260301957434e-14
163.72112318970235,-47.219865843487874,5.348255639197446,5.865923436034584,-0.38270041753943745,-4.210383564936169e-15
163.7360723815673,-47.219294288230586,5.349852917688025,5.867823680891629,-0.37632283733844785,-4.210383564936169e-15
163.7510223256136,-47.21871425704699,5.351450034433915,5.8697596338355895,-0.36992219304610596,5.789277401787233e-15
163.76597301719823,-47.218125737158324,5.353046981802869,5.871731371785762,-0.36349842202564875,-3.315677057387233e-14
163.78092445166337,-47.21752871578641,5.354643752162641,5.873738971620914,-0.35705146157472983,-5.105090072485105e-14
163.7958766243361,-47.21692318015373,5.3562403378809815,5.875782510179268,-0.3505812489254486,-1.1052256857957444e-14
163.81082953052854,-47.21630911748338,5.357836731325643,5.8778620642584745,-0.344087721244399,-2.2104513715914887e-14
163.82578316553787,-47.21568651499916,5.359432924864381,5.879977710615594,-0.337570815632684,-9.47336302110638e-15
163.84073752464633,-47.21505535992551,5.361028910864945,5.882129525967088,-0.3310304691259589,-2.789379111770212e-14
163.85569260312124,-47.21441563948751,5.362624681695088,5.8843175869887965,-0.3244666186944628,-3.210417468263829e-14
163.8706483962149,-47.213767340910934,5.364220229722563,5.886541970315915,-0.31787920124305535,-1.842042809659574e-14
163.88560489916478,-47.2131104514222,5.365815547315123,5.888802752542988,-0.3112681536112474,0.0
163.9005621071933,-47.21244495824843,5.367410626840519,5.89110001022388,-0.3046334125732396,-1.894672604221276e-14
163.9155200155081,-47.21177084861743,5.3690054606665045,5.893433819871767,-0.2979749148379534,-3.8946047975659563e-14
163.93047861930185,-47.21108810975766,5.370600041160832,5.895804257959117,-0.29129259704906757,-3.210417468263829e-14
163.9454379137523,-47.2103967288983,5.372194360691253,5.898211400917668,-0.2845863957850503,-1.2104852749191486e-14
163.9603978940223,-47.20969669326925,5.373788411625521,5.900655325138424,-0.27785624755920657,-2.4736003443999992e-14
163.97535855525985,-47.20898799010104,5.375382186331389,5.903136106971618,-0.27110208881969533,-1.3683746586042549e-14
163.99031989259805,-47.20827060662499,5.376975677176608,5.90565382272672,-0.2643238559495802,-2.789379111770212e-14
164.00528190115514,-47.20754453007307,5.378568876528932,5.908208548672402,-0.25752148526685825,-3.5788260301957434e-14
164.02024457603451,-47.206809747678015,5.380161776756111,5.910800361036525,-0.2506949130245003,-2.6314897280851057e-14
164.0352079123246,-47.206066246673245,5.3817543702259005,5.913429336006134,-0.24384407541048359,-4.3682729486212757e-14
