galstreams/tracks/track.st.NGC3201.palau2020.ecsv
# %ECSV 0.9
# ---
# datatype:
# - {name: ra, unit: deg, datatype: float64}
# - {name: dec, unit: deg, datatype: float64}
# - {name: distance, unit: kpc, datatype: float64}
# - {name: pm_ra_cosdec, unit: mas / yr, datatype: float64}
# - {name: pm_dec, unit: mas / yr, datatype: float64}
# - {name: radial_velocity, unit: km / s, datatype: float64}
# delimiter: ','
# meta: !!omap
# - __serialized_columns__:
#     dec:
#       __class__: astropy.coordinates.angles.Latitude
#       unit: &id001 !astropy.units.Unit {unit: deg}
#       value: !astropy.table.SerializedColumn {name: dec}
#     distance:
#       __class__: astropy.coordinates.distances.Distance
#       unit: !astropy.units.Unit {unit: kpc}
#       value: !astropy.table.SerializedColumn {name: distance}
#     pm_dec:
#       __class__: astropy.units.quantity.Quantity
#       unit: !astropy.units.Unit {unit: mas / yr}
#       value: !astropy.table.SerializedColumn {name: pm_dec}
#     pm_ra_cosdec:
#       __class__: astropy.units.quantity.Quantity
#       unit: !astropy.units.Unit {unit: mas / yr}
#       value: !astropy.table.SerializedColumn {name: pm_ra_cosdec}
#     ra:
#       __class__: astropy.coordinates.angles.Longitude
#       unit: *id001
#       value: !astropy.table.SerializedColumn {name: ra}
#       wrap_angle: !astropy.coordinates.Angle
#         unit: *id001
#         value: 360.0
#     radial_velocity:
#       __class__: astropy.units.quantity.Quantity
#       unit: !astropy.units.Unit {unit: km / s}
#       value: !astropy.table.SerializedColumn {name: radial_velocity}
# schema: astropy-2.0
ra,dec,distance,pm_ra_cosdec,pm_dec,radial_velocity
42.44064647037275,20.984438934401307,6.473775524469454,7.999136032066949,-7.211253638057212,-5.0524602779234026e-14
43.032023013512216,20.578191637691774,6.366982045063891,8.232670911794964,-7.455802986974858,-1.0946997268834039e-13
43.61969653754333,20.169281257494273,6.262597554326577,8.467952779328652,-7.704729730099914,-5.894536990910637e-14
44.20374719928999,19.757783999207987,6.16060399153234,8.704780881352942,-7.95779168111549,8.420767129872338e-15
44.7842555146777,19.343774717683083,6.060983207090669,8.942961829539373,-8.214745504115168,-2.5262301389617013e-14
45.36130228647125,18.9273269399834,5.963716962545716,9.182309363865553,-8.475346998607453,-4.210383564936169e-14
45.934968536941106,18.50851288882236,5.868786930576304,9.422644119205316,-8.739351370202925,-5.0524602779234026e-14
46.50533544526619,18.08740350658563,5.77617469499591,9.663793395503085,-9.006513487542849,-9.262843842859572e-14
47.07248428947969,17.664068479860997,5.685861750752681,9.905590931802827,-9.276588126025004,-4.210383564936169e-14
47.63649639276797,17.238576264400656,5.597829503929423,10.147876684361789,-9.549330198877625,-1.2631150694808508e-13
48.19745307393367,16.81099411044605,5.512059271743606,10.390496609041762,-9.824494976124928,-8.420767129872338e-14
48.755435601837576,16.381388088351137,5.42853228254737,10.633302448136714,-10.10183829197911,-1.1789073981821273e-13
49.31052515363763,15.949823114443495,5.347229675827506,10.876151521763703,-10.38111674118317,-9.262843842859572e-14
49.86280277664671,15.516362977068319,5.2681325022054795,11.118906523915246,-10.662087864817197,-1.0104920555846805e-13
50.412349353635506,15.081070362763924,5.191221723437415,11.361435323245178,-10.94451032606845,-1.2631150694808508e-13
50.95924557141126,14.644006882521913,5.116478212414102,11.60361076863583,-11.228144076451716,-9.262843842859572e-14
51.50357189250798,14.205233098088534,5.043882753160989,11.845310499572921,-11.512750512952522,-8.420767129872338e-14
52.04540852982911,13.764808548267746,4.9734160408381936,12.086416761334942,-11.798092626551014,-2.020984111169361e-13
52.584835424087764,13.322791775190389,4.905058681740492,12.326816224986512,-12.083935142569379,-7.578690416885104e-14
53.121932223896316,12.879240350515914,4.838791193297326,12.566399812149399,-12.370044653270368,-2.020984111169361e-13
53.65677826836157,12.434210901537464,4.774594004072803,12.805062524511376,-12.656189743119226,-1.515738083377021e-13
54.189452572046804,11.987759137163414,4.712447453765691,13.042703278020696,-12.942141107105721,-1.2631150694808508e-13
54.72003381216859,11.539939873750951,4.652331793209421,13.279224741703585,-13.227671662507875,-6.73661370389787e-14
55.24860031789964,11.090807060770802,4.594227184372088,13.514533181032867,-13.512556654463522,-1.347322740779574e-13
55.77523006165647,10.640413806283066,4.538113700356454,13.748538305768168,-13.7965737557011,-1.1789073981821273e-13
56.30000065225387,10.188812402207946,4.483971325399935,13.98115312218122,-14.079503160765935,-1.2631150694808508e-13
56.822989329814185,9.736054349376062,4.4317799548746235,14.21229378957467,-14.361127675064097,-7.578690416885104e-14
57.34427296232438,9.282190382345707,4.381519395287264,14.441879480998281,-14.641232799031757,-1.6841534259744677e-13
57.86392804373839,8.827270493975677,4.333169364279271,14.669832248062542,-14.91960680772381,-1.0104920555846805e-13
58.38203069352709,8.371343959744259,4.28670949062672,14.896076889747741,-15.196040826102706,-1.347322740779574e-13
58.89865665758261,7.91445936180681,4.242119314240349,15.120540825104069,-15.470328900294927,-3.368306851948935e-14
59.413881310388696,7.456664612784829,4.19937828616556,15.343153969737717,-15.742268065070313,-1.0946997268834039e-13
59.92777965837228,6.998006979281854,4.158465768582421,15.563848615977182,-16.011658407787134,-4.210383564936169e-14
60.440426344355934,6.538533105122106,4.119361034805661,15.782559316614226,-16.278303129034168,-1.347322740779574e-13
60.95189565303519,6.0782890343088,4.082043269284672,15.99922277211469,-16.542008600189842,-1.1789073981821273e-13
61.46226151740723,5.6173202337009895,4.046491567603511,16.213777721195353,-16.802584418107507,-3.368306851948935e-14
61.971597526082796,5.15567161540721,4.0126849364808965,16.42616483466487,-17.05984345712584,-1.5578419190263825e-13
62.47997693141522,4.693387558896551,3.9806022937702137,16.636326612428455,-17.31360191859307,-9.262843842859572e-14
62.98747265838412,4.230511932827741,3.950222468459506,16.844207283558706,-17.563679378084554,-8.841805486365955e-14
63.494157314174906,3.767088116597699,3.9215242006714837,17.049752709337252,-17.809898830483913,-6.73661370389787e-14
64.00010319839745,3.3031590216117137,3.8944861416635215,17.2529102891751,-18.052086733089336,-3.368306851948935e-14
64.50538231389092,2.838767112277746,3.869086853827655,17.453628869322394,-18.290073046898446,-1.1999593160068083e-13
65.01006637806299,2.373954426728657,3.845304810690585,17.65185865428199,-18.523691276217036,-5.4734986344170195e-14
65.51422683471627,1.9087625972751796,3.823118396913674,17.847551120844592,-18.75277850672983,-9.683882199353189e-14
66.01793486631497,1.4432328705943676,3.8025059082929484,18.040658934666823,-18.97717544216364,-1.0631218501463827e-13
66.52126140664825,0.9774061276577015,3.783445551759099,18.231135869317754,-19.19672643966731,-8.526026718995742e-14
67.0242771538487,0.5113229034033597,3.76591544537748,18.418936727722983,-19.411279544025582,-5.2629794561702115e-15
67.52705258372525,0.04502340615834183,3.749893618348106,18.604017265939845,-19.620686520818374,-1.4088338131735634e-13
68.02965796337328,-0.4214524631852267,3.7353580110056597,18.78633411920098,-19.82480288863077,-1.1578554803574466e-13
68.53216336502463,-0.8880650922335925,3.722286474819484,18.965844730168246,-20.02348795041377,-1.2315371927438294e-13
69.03463868010276,-1.3547751383892919,3.7106567723935857,19.142507279342816,-20.216604824090215,-1.5262640422893614e-13
69.53715363344924,-1.8215435103778863,3.700446577466637,19.316280617581867,-20.404020472495528,-1.515738083377021e-13
70.03977779768901,-2.2883313499976947,3.691633474911969,19.48712420067662,-20.585605732737932,-9.47336302110638e-14
70.54258060770331,-2.7551000140868505,3.684194960737581,19.654998025950675,-20.761235345058328,-1.515738083377021e-13
71.04563137517923,-3.221811056701558,3.678108442086132,19.819862570842545,-20.93078798126568,-1.6841534259744677e-13
71.54899930320704,-3.6884262115001367,3.6733512372349497,19.981678733439985,-21.09414627281939,-1.4736342477276593e-13
72.05275350089602,-4.154907374326878,3.669900575596018,20.14040777493899,-21.25119683862651,-1.2631150694808508e-13
72.5569629979808,-4.6212165859898615,3.6677335977159893,20.296011264004157,-21.401830312617367,-1.0104920555846805e-13
73.06169675939067,-5.087316015227554,3.6668273552761774,20.448451023012133,-21.545941371160026,-1.768361097273191e-13
73.56702369975402,-5.5531679418578515,3.667158811092561,20.59768907616382,-21.683428760369846,-1.0525958912340423e-13
74.07301269781189,-6.0187347401051285,3.6687048391157804,20.743687599456237,-21.81419532336785,-5.894536990910637e-14
74.57973261071324,-6.483978862099331,3.67144222443114,20.88640887250864,-21.93814802753719,-7.578690416885104e-14
75.08725228816547,-6.948862821542314,3.6753476632586084,21.025815232242696,-22.055197991824873,-1.768361097273191e-13
75.59564058641365,-7.413349177536557,3.6803977629528166,21.16186902842063,-22.165260514132033,-5.0524602779234026e-14
76.10496638202143,-7.8774005185713705,3.686569042003058,21.294532581050074,-22.26825509883338,-1.8525687685719145e-13
76.61529858542734,-8.340979446662674,3.693837930033293,21.423768139668507,-22.36410548446294,-1.4315304120782974e-13
77.12670615424814,-8.804048561641306,3.7021807678021417,21.549537844525208,-22.452739671600938,-1.1789073981821273e-13
77.63925810630272,-9.266570445586929,3.711573807202889,21.671803689682765,-22.534089950992882,-1.347322740779574e-13
78.15302353232768,-9.728507647403324,3.7219932112634835,21.790527488064974,-22.608092931929473,-1.2631150694808508e-13
78.66807160835594,-10.189822667531923,3.733415054146537,21.90567083848245,-22.67468957091273,-2.1893994537668078e-13
79.18447160772953,-10.65047794280089,3.7458153211493244,22.017195094671948,-22.733825200630662,-1.0946997268834039e-13
79.70229291271522,-11.110435831406688,3.759169908703784,22.125061336389752,-22.785449559260027,-1.1789073981821273e-13
80.22160502569326,-11.569658598026589,3.7734546243765186,22.229230342604417,-22.829516820112957,-1.6841534259744677e-13
80.74247757988633,-12.028108399059922,3.7886451868687923,22.3296625668385,-22.86598562164066,-6.73661370389787e-14
81.26498034959582,-12.485747267996869,3.804717226016534,22.426318114713684,-22.89481909780379,-1.347322740779574e-13
81.78918325991155,-12.942537100914075,3.821646282790337,22.51915672375818,-22.915984908815307,-1.347322740779574e-13
82.31515639585899,-13.39843964209647,3.839407809295455,22.608137745540414,-22.929455272258963,-1.6841534259744677e-13
82.84297001094792,-13.853416469785888,3.8579771687718094,22.69322013019677,-22.93520699458139,-8.420767129872338e-14
83.37269453508353,-14.307428982056512,3.8773296355939784,22.774362413427017,-22.933221502953664,-1.8525687685719145e-13
83.90440058180124,-14.760438382819238,3.8974403952712104,22.85152270603462,-22.923484877492346,-1.6841534259744677e-13
84.43815895478357,-15.212405667956244,3.9182845444474164,22.924658686094528,-22.905987883826796,-1.0104920555846805e-13
84.97404065361629,-15.663291611588589,3.9398370909011637,22.993727593835654,-22.88072600599498,-1.0104920555846805e-13
85.51211687873955,-16.113056752480126,3.9620729535456927,23.058686229329407,-22.847699479644223,-2.020984111169361e-13
86.05245903554739,-16.56166138058118,3.984966962428901,23.11949095308109,-22.80691332550977,-1.1789073981821273e-13
86.59513873758769,-17.009065523717364,4.008493858733352,23.176097689625006,-22.758377383137223,-1.0104920555846805e-13
87.14022780881237,-17.455228934428444,4.03262829477627,23.228461934229145,-22.702106344810325,-1.8525687685719145e-13
87.6877982848257,-17.90011107696384,4.0573448340095455,23.27653876281946,-22.638119789638687,-6.73661370389787e-14
88.23792241307666,-18.3436711144416,4.082617951019731,23.32028284523892,-22.56644221775444,-1.347322740779574e-13
88.79067265193886,-18.7858678961793,4.108422031528044,23.3596484619603,-22.487103084559358,-8.420767129872338e-14
89.34612166862016,-19.226659945205594,4.134731372390363,23.394589524376517,-22.400136834957188,-1.0104920555846805e-13
89.90434233584038,-19.66600544596229,4.161520181597231,23.425059598796484,-22.305582937498286,-8.420767129872338e-14
90.46540772721536,-20.10386223220843,4.188762578273854,23.451011934278387,-22.20348591835529,0.0
91.0293911112816,-20.54018777513806,4.216432592680105,23.472399494436875,-22.09389539504038,-5.0524602779234026e-14
91.59636594409405,-20.97493917172519,4.244504166210515,23.4891749933637,-21.976866109765382,-1.6841534259744677e-13
92.16640586032815,-21.40807313331046,4.272951151394278,23.501290935805734,-21.85245796233628,-1.1789073981821273e-13
92.73958466281266,-21.83954597444454,4.301747311895258,23.508699661747134,-21.72073604246396,-1.347322740779574e-13
93.31597631042142,-22.269313602006683,4.330866322511975,23.511353395546163,-21.581770661361695,-1.0104920555846805e-13
93.89565490424506,-22.697331504614873,4.360281769177621,23.509204299779174,-21.43563738248907,-1.347322740779574e-13
94.47869467196627,-23.123554742348922,4.389967148960041,23.502204533947697,-21.28241705128996,-3.368306851948935e-14
95.06516995035659,-23.54793793680671,4.419895870061751,23.490306318205953,-21.122195823759295,-1.0104920555846805e-13
95.65515516581289,-23.97043526151662,4.450041251819928,23.47346200226799,-20.955065193660666,-1.0104920555846805e-13
96.24872481284852,-24.391000432730394,4.480376524706411,23.451624139655006,-20.781122018202534,-1.0104920555846805e-13
96.84595343045306,-24.809586700621995,4.5108748303277055,23.424745567443537,-20.600468541966467,-1.0104920555846805e-13
97.44691557623268,-25.226146840920332,4.541509221424979,23.392779491675448,-20.413212418865278,-1.0104920555846805e-13
98.05168579824182,-25.64063314700478,4.572252661874061,23.355679578590106,-20.219466731893665,-6.73661370389787e-14
98.66033860441561,-26.052997422494624,4.603078026685446,23.31340005183689,-20.01935001041646,-2.020984111169361e-13
99.2729484295117,-26.463190974365165,4.633958102004291,23.26589579582468,-19.812986244723078,-1.347322740779574e-13
99.88958959946892,-26.87116460662499,4.664865585110417,23.21312246536105,-19.600504897558384,-6.73661370389787e-14
100.51033629309093,-27.27686861459121,4.695773084418308,23.155036601729833,-19.38204091232163,-6.73661370389787e-14
101.13526250096156,-27.680252779800778,4.726653119477113,23.091595755350216,-19.157734717606026,-6.73661370389787e-14
101.76444198150028,-28.081266365598562,4.757478120970639,23.022758615153922,-18.92773222773156,3.368306851948935e-14
102.39794821406622,-28.47985811344433,4.788220430717366,22.94848514480883,-18.692184838903152,-1.6841534259744677e-13
103.03585434902091,-28.875976239983277,4.818852301670429,22.86873672590841,-18.45124942060573,-3.368306851948935e-14
103.67823315466124,-29.269568434926097,4.849345897917628,22.783476308234803,-18.205088301826166,-6.73661370389787e-14
104.32515696093766,-29.660581859787438,4.879673294681429,22.692668567191323,-17.95386925167011,-6.73661370389787e-14
104.97669759987421,-30.048963147532845,4.909806478318961,22.596280068485395,-17.697765453920574,-1.6841534259744677e-13
105.63292634261218,-30.43465840318655,4.939717346322013,22.49427944012681,-17.436955475062,-1.0104920555846805e-13
106.29391383300265,-30.817613205454702,4.96937770731704,22.386637551787732,-17.171623225271954,3.368306851948935e-14
106.95973001767936,-31.19777260941995,4.998759281065164,22.27332770155067,-16.90195791186018,3.368306851948935e-14
107.63044407254874,-31.575081150365712,5.027833698462163,22.15432581004758,-16.628153984612943,-1.6841534259744677e-13
108.3061243256419,-31.94948284878989,5.056572501538483,22.029610621968303,-16.35041107247885,-2.3578147963642546e-13
108.98683817628063,-32.32092121666951,5.084947143459231,21.899163914889066,-16.06893391101152,3.368306851948935e-14
109.67265201051939,-32.68933926503952,5.11292898852418,21.762970715341012,-15.783932259964194,-1.0104920555846805e-13
110.36363111283542,-33.05467951295033,5.140489312167766,21.621019522006506,-15.495620810412166,-6.73661370389787e-14
111.05983957404976,-33.41688399786969,5.167599300959088,21.47330253589432,-15.20421908076089,-6.73661370389787e-14
111.761340195476,-33.77589428759616,5.194230052601903,21.319815897306807,-14.909951300981415,-3.368306851948935e-14
112.4681943893063,-34.13165149375181,5.220352575934643,21.16055992937004,-14.613046284399863,-3.368306851948935e-14
113.18046207526025,-34.484096286922885,5.245937790930393,20.995539387853498,-14.313737286355412,6.73661370389787e-14
113.89820157353827,-34.8331689135171,5.270956528696908,20.824763716957776,-14.012261849031152,-6.73661370389787e-14
114.62146949414006,-35.17880921440713,5.295379531476598,20.648247310698494,-13.708861631755008,-2.020984111169361e-13
115.35032062262701,-35.52095664542878,5.319177452646547,20.466009779460123,-13.40378222606383,3.368306851948935e-14
116.08480780242901,-35.859550299802514,5.342320856718497,20.278076221237065,-13.097272954823703,-1.347322740779574e-13
116.8249818138193,-36.19452893254591,5.3647802193388525,20.08447749701949,-12.789586654702656,3.368306851948935e-14
117.57089124970253,-36.52583098694306,5.386525927288682,19.88525050971866,-12.480979441300713,-1.6841534259744677e-13
118.3225823883893,-36.85339462313567,5.407528278483718,19.680438485961666,-12.171710456254669,-1.515738083377021e-13
119.08009906355517,-37.177157748897855,5.427757481974358,19.470091260017714,-11.862041595653647,-5.0524602779234026e-14
