galstreams/tracks/track.st.Kshir.ibata2021.ecsv
# %ECSV 1.0
# ---
# datatype:
# - {name: ra, unit: deg, datatype: float64}
# - {name: dec, unit: deg, datatype: float64}
# - {name: distance, unit: kpc, datatype: float64}
# - {name: pm_ra_cosdec, unit: mas / yr, datatype: float64}
# - {name: pm_dec, unit: mas / yr, datatype: float64}
# - {name: radial_velocity, unit: km / s, datatype: float64}
# delimiter: ','
# meta: !!omap
# - __serialized_columns__:
#     dec:
#       __class__: astropy.coordinates.angles.Latitude
#       unit: &id001 !astropy.units.Unit {unit: deg}
#       value: !astropy.table.SerializedColumn {name: dec}
#     distance:
#       __class__: astropy.coordinates.distances.Distance
#       unit: !astropy.units.Unit {unit: kpc}
#       value: !astropy.table.SerializedColumn {name: distance}
#     pm_dec:
#       __class__: astropy.units.quantity.Quantity
#       unit: !astropy.units.Unit {unit: mas / yr}
#       value: !astropy.table.SerializedColumn {name: pm_dec}
#     pm_ra_cosdec:
#       __class__: astropy.units.quantity.Quantity
#       unit: !astropy.units.Unit {unit: mas / yr}
#       value: !astropy.table.SerializedColumn {name: pm_ra_cosdec}
#     ra:
#       __class__: astropy.coordinates.angles.Longitude
#       unit: *id001
#       value: !astropy.table.SerializedColumn {name: ra}
#       wrap_angle: !astropy.coordinates.Angle
#         unit: *id001
#         value: 360.0
#     radial_velocity:
#       __class__: astropy.units.quantity.Quantity
#       unit: !astropy.units.Unit {unit: km / s}
#       value: !astropy.table.SerializedColumn {name: radial_velocity}
# schema: astropy-2.0
ra,dec,distance,pm_ra_cosdec,pm_dec,radial_velocity
[from data line 994]
218.07315809959027,68.26127668945493,10.924769880590603,-7.523656091479074,-2.211460415756444,-217.44211140254964
218.10006606789457,68.26214294685691,10.926618650017543,-7.523138301117148,-2.207755161920986,-217.33335272599038
218.1269762150596,68.26300427286327,10.92846553374486,-7.522619255024795,-2.2040499440511128,-217.22508195590214
218.15388852984643,68.26386066357156,10.93031051975788,-7.522098951314446,-2.2003447652989694,-217.11730331805057
218.18080300099444,68.264712115082,10.932153596041934,-7.521577388102958,-2.1966396288211776,-217.01002103820116
218.20771961722207,68.2655586234975,10.933994750582341,-7.5210545635116315,-2.1929345377788163,-216.90323934211952
218.23463836722618,68.26640018492361,10.935833971364431,-7.5205304756662,-2.1892294953374085,-216.79696245557116
218.26155923968253,68.2672367954686,10.937671246373528,-7.520005122696848,-2.1855245046669243,-216.6911946043214
218.2884822232456,68.26806845124347,10.939506563594964,-7.519478502738226,-2.1818195689417523,-216.58594001413627
218.31540730654868,68.26889514836186,10.941339911014065,-7.518950613929455,-2.178114691340719,-216.48120291078095
218.34233447820378,68.26971688294019,10.943171276616152,-7.518421454414148,-2.1744098750470586,-216.3769875200211
218.3692637268018,68.27053365109752,10.945000648386554,-7.517891022340401,-2.1707051232484167,-216.27329806762222
218.39619504091254,68.27134544895573,10.9468280143106,-7.51735931586081,-2.167000439136825,-216.17013877934997
218.4231284090845,68.27215227263939,10.948653362373616,-7.516826333132493,-2.163295825908729,-216.06751388096964
218.45006381984535,68.27295411827582,10.950476680560921,-7.516292072317087,-2.159591286764935,-215.9654275982471
218.47700126170136,68.27375098199514,10.952297956857855,-7.5157565315807515,-2.15588682491063,-215.86388415694768
218.50394072313793,68.27454285993015,10.954117179249732,-7.515219709094201,-2.15218244355537,-215.76288778283697
218.53088219261946,68.2753297482165,10.955934335721883,-7.514681603032701,-2.1484781459130557,-215.6624427016806
218.5578256585892,68.27611164299257,10.957749414259633,-7.514142211576061,-2.1447739352019504,-215.5625531392441
218.58477110946941,68.27688854039957,10.959562402848313,-7.513601532908682,-2.141069814644647,-215.46322332129284
218.61171853366156,68.27766043658147,10.961373289473247,-7.513059565219538,-2.1373657874680703,-215.3644574735927
218.63866791954604,68.27842732768507,10.963182062119762,-7.512516306702187,-2.133661856903465,-215.26625982190887
218.66561925548226,68.27918920985994,10.964988708773184,-7.511971755554805,-2.129958026186398,-215.16863459200727
218.69257252980887,68.2799460792585,10.966793217418836,-7.511425909980158,-2.126254298556738,-215.071586009653
218.71952773084357,68.28069793203603,10.968595576042052,-7.510878768185645,-2.122550677258637,-214.97511830061188
218.74648484688328,68.2814447643506,10.970395772628152,-7.5103303283832865,-2.118847165540547,-214.87923569064958
218.77344386620396,68.28218657236312,10.972193795162463,-7.509780588789752,-2.1151437666551995,-214.78394240553135
218.80040477706092,68.28292335223738,10.973989631630314,-7.509229547626353,-2.111440483859587,-214.68924267102287
218.82736756768864,68.28365510014004,10.97578327001703,-7.5086772031190545,-2.107737320414963,-214.59514071288984
218.85433222630084,68.28438181224055,10.97757469830794,-7.508123553498503,-2.104034279586841,-214.5016407568976
218.8812987410905,68.28510348471139,10.97936390448837,-7.507568597000008,-2.100331364644969,-214.40874702881166
218.90826710022992,68.28582011372772,10.981150876543643,-7.5070123318635815,-2.0966285788633323,-214.31646375439777
218.93523729187075,68.28653169546779,10.982935602459083,-7.506454756333918,-2.0929259255201433,-214.22479515942135
218.96220930414393,68.2872382261126,10.984718070220026,-7.505895868660425,-2.08922340789782,-214.13374546964792
218.9891831251598,68.28793970184616,10.986498267811797,-7.5053356670972295,-2.085521029282999,-214.04331891084317
219.01615874300813,68.28863611885531,10.988276183219714,-7.504774149903179,-2.0818187929665086,-213.95351970877246
219.04313614575815,68.28932747332989,10.990051804429106,-7.504211315341863,-2.0781167022433635,-213.86435208920147
219.0701153214584,68.29001376146266,10.991825119425306,-7.503647161681595,-2.0744147604127616,-213.77582027789572
219.09709625813701,68.29069497944927,10.993596116193634,-7.5030816871954675,-2.070712970778068,-213.68792850062079
219.12407894380163,68.29137112348836,10.995364782719417,-7.502514890161327,-2.067011336646809,-213.6006809831421
219.15106336643936,68.29204218978151,10.99713110698799,-7.501946768861787,-2.0633098613306675,-213.5140819512253
219.1780495140169,68.29270817453327,10.998895076984667,-7.501377321584252,-2.0596085481454605,-213.42813563063604
219.20503737448055,68.29336907395118,11.000656680694785,-7.500806546620913,-2.0559074004111384,-213.3428462471396
219.23202693575618,68.29402488424573,11.002415906103662,-7.500234442268759,-2.052206421451781,-213.2582180265018
219.2590181857493,68.29467560163037,11.004172741196632,-7.499661006829599,-2.0485056145955842,-213.1742551944879
219.28601111234514,68.29532122232165,11.005927173959012,-7.499086238610054,-2.0448049831748394,-213.09096197686367
219.31300570340858,68.29596174253899,11.007679192376136,-7.498510135921576,-2.0411045305259305,-213.00834259939467
219.34000194678416,68.29659715850495,11.00942878443333,-7.49793269708046,-2.0374042599893434,-212.9264012878462
219.36699983029627,68.29722746644502,11.011175938115919,-7.497353920407834,-2.033704174909624,-212.8451422679842
219.39399934174904,68.29785266258774,11.012920641409229,-7.4967738042297025,-2.0300042786353942,-212.76456976557384
219.42100046892634,68.29847274316471,11.014662882298587,-7.496192346876924,-2.0263045745193287,-212.68468800638092
219.44800319959188,68.29908770441051,11.016402648769319,-7.495609546685236,-2.022605065918156,-212.6055012161708
219.47500752148932,68.29969754256284,11.018139928806754,-7.495025401995257,-2.0189057561926362,-212.52701362070917
219.5020134223421,68.30030225386244,11.019874710396213,-7.494439911152507,-2.0152066487075526,-212.4492294457615
219.52902088985363,68.30090183455312,11.02160698152303,-7.493853072507395,-2.0115077468317146,-212.37215291709344
219.5560299117072,68.30149628088171,11.023336730172524,-7.493264884415259,-2.007809053937948,-212.29578826047037
219.58304047556615,68.30208558909817,11.025063944330029,-7.49267534523635,-2.0041105734030573,-212.220139701658
219.61005256907373,68.30266975545557,11.026788611980862,-7.4920844533358455,-2.000412308607851,-212.14521146642173
219.63706617985326,68.30324877621003,11.028510721110358,-7.491492207083871,-1.996714262937115,-212.07100778052722
219.66408129550814,68.30382264762082,11.03023025970384,-7.4908986048554915,-1.9930164397795973,-211.99753286973996
219.69109790362177,68.30439136595025,11.031947215746635,-7.490303645030739,-1.9893188425280155,-211.9247909598256
219.71811599175777,68.30495492746385,11.033661577224072,-7.489707325994601,-1.985621474579027,-211.8527862765495
219.74513554745977,68.30551332843021,11.03537333212147,-7.489109646137053,-1.98192433933324,-211.78152304567735
219.77215655825168,68.30606656512106,11.03708246842416,-7.488510603853047,-1.9782274401951792,-211.7110054929746
219.79917901163756,68.30661463381132,11.038788974117475,-7.4879101975425275,-1.9745307805732963,-211.64123784420704
219.82620289510172,68.30715753077901,11.040492837186733,-7.487308425610449,-1.9708343638799593,-211.5722243251399
219.85322819610872,68.30769525230532,11.04219404561726,-7.486705286466771,-1.967138193531418,-211.50396916153886
219.88025490210333,68.30822779467462,11.043892587394383,-7.4861007785264775,-1.963442272947826,-211.43647657916947
219.9072830005108,68.30875515417449,11.045588450503434,-7.485494900209577,-1.9597466055532133,-211.36975080379725
219.93431247873662,68.3092773270956,11.047281622929734,-7.484887649941121,-1.9560511947754733,-211.30379606118785
219.96134332416665,68.3097943097319,11.048972092658614,-7.484279026151203,-1.952356044046366,-211.2386165771067
219.98837552416717,68.31030609838048,11.0506598476754,-7.483669027274978,-1.9486611568014955,-211.1742165773193
220.01540906608494,68.3108126893417,11.052344875965412,-7.4830576517526595,-1.9449665364803024,-211.11060028759138
220.04244393724719,68.31131407891904,11.054027165513986,-7.4824448980295415,-1.941272186526056,-211.04777193368832
220.06948012496161,68.31181026341929,11.055706704306436,-7.481830764555998,-1.9375781103858492,-210.9857357413759
220.0965176165164,68.31230123915242,11.057383480328102,-7.481215249787485,-1.9338843115105768,-210.92449593641933
220.12355639918036,68.31278700243163,11.059057481564304,-7.480598352184568,-1.930190793354934,-210.86405674458445
220.15059646020293,68.31326754957341,11.060728696000364,-7.4799800702129255,-1.926497559377392,-210.80442239163665
220.1776377868141,68.31374287689749,11.06239711162162,-7.4793604023433335,-1.9228046130402132,-210.74559710334145
220.20468036622452,68.31421298072678,11.064062716413387,-7.4787393470517145,-1.919111957809416,-210.68758510546456
220.23172418562558,68.31467785738758,11.065725498361,-7.47811690281911,-1.9154195971547783,-210.63039062377135
220.25876923218934,68.31513750320937,11.06738544544978,-7.47749306813172,-1.9117275345498188,-210.57401788402746
220.2858154930686,68.31559191452494,11.069042545665056,-7.476867841480881,-1.9080357734717914,-210.51847111199848
220.31286295539707,68.3160410876704,11.07069678699215,-7.476241221363098,-1.9043443174016745,-210.46375453344982
220.33991160628906,68.31648501898513,11.072348157416398,-7.475613206280036,-1.9006531698241564,-210.40987237414723
220.36696143283993,68.3169237048118,11.073996644923115,-7.474983794738549,-1.8969623342276334,-210.35682885985608
220.3940124221258,68.31735714149643,11.075642237497636,-7.47435298525067,-1.8932718141041833,-210.3046282163419
220.42106456120374,68.31778532538831,11.077284923125285,-7.473720776333623,-1.8895816129495757,-210.25327466937043
220.44811783711177,68.31820825284012,11.078924689791393,-7.473087166509842,-1.8858917342632404,-210.20277244470702
220.47517223686887,68.31862592020784,11.080561525481274,-7.472452154306967,-1.8822021815482741,-210.15312576811732
220.50222774747505,68.31903832385076,11.082195418180264,-7.471815738257857,-1.8785129583114144,-210.10433886536688
220.52928435591136,68.31944546013155,11.083826355873688,-7.4711779169006025,-1.8748240680630424,-210.05641596222122
220.55634204913991,68.31984732541628,11.085454326546873,-7.470538688778524,-1.8711355143171615,-210.00936128444593
220.58340081410392,68.3202439160743,11.087079318185145,-7.4698980524401914,-1.8674473005913983,-209.9631790578064
220.61046063772778,68.32063522847844,11.088701318773825,-7.46925600643943,-1.8637594304069698,-209.91787350806834
220.637521506917,68.32102125900477,11.090320316298254,-7.4686125493353135,-1.8600719072887022,-209.87344886099726
220.66458340855843,68.32140200403288,11.091936298743741,-7.467967679692201,-1.8563847347649918,-209.8299093423587
220.69164632951998,68.32177745994565,11.093549254095622,-7.467321396079717,-1.8526979163678174,-209.78725917791812
220.718710256651,68.32214762312947,11.095159170339224,-7.466673697072777,-1.8490114556327062,-209.7455025934413
220.74577517678205,68.32251248997402,11.096766035459869,-7.466024581251589,-1.8453253560987537,-209.70464381469358
220.7728410767251,68.32287205687247,11.098369837442888,-7.465374047201665,-1.841639621308571,-209.66468706744058
220.79990794327344,68.32322632022142,11.099970564273601,-7.464722093513824,-1.837954254808316,-209.62563657744775
220.82697576320183,68.32357527642087,11.10156820393734,-7.464068718784201,-1.8342692601476478,-209.58749657048082
220.85404452326648,68.32391892187425,11.103162744419437,-7.463413921614264,-1.8305846408797406,-209.55027127230522
220.881114210205,68.32425725298849,11.104754173705205,-7.462757700610814,-1.8269004005612635,-209.51396490868646
220.90818481073663,68.3245902661739,11.10634247977998,-7.462100054385988,-1.8232165427523577,-209.4785817053901
220.93525631156214,68.32491795784432,11.107927650629087,-7.461440981557281,-1.8195330710166397,-209.44412588818193
220.96232869936384,68.32524032441701,11.109509674237847,-7.460780480747547,-1.8158499889211948,-209.41060168282712
220.98940196080565,68.32555736231272,11.111088538591591,-7.460118550584998,-1.8121673000365452,-209.37801331509144
221.01647608253325,68.32586906795571,11.11266423167565,-7.45945518970322,-1.8084850079366583,-209.34636501074039
221.04355105117398,68.32617543777368,11.114236741475342,-7.458790396741199,-1.8048031161989204,-209.31566099553953
221.07062685333682,68.32647646819787,11.115806055975996,-7.4581241703432894,-1.8011216284041383,-209.28590549525444
221.0977034756126,68.32677215566298,11.117372163162944,-7.457456509159254,-1.7974405481365203,-209.2571027356506
221.12478090457398,68.32706249660728,11.118935051021506,-7.456787411844261,-1.7937598789836633,-209.22925694249355
221.15185912677538,68.32734748747251,11.120494707537008,-7.456116877058892,-1.7900796245365456,-209.2023723415488
221.17893812875317,68.32762712470397,11.122051120694781,-7.455444903469147,-1.7863997883895157,-209.1764531585821
221.20601789702556,68.32790140475043,11.123604278480148,-7.454771489746458,-1.7827203741402793,-209.1515036193588
221.23309841809277,68.32817032406433,11.12515416887844,-7.454096634567691,-1.7790413853898812,-209.1275279496445
221.26017967843694,68.3284338791015,11.126700779874978,-7.453420336615166,-1.7753628257427068,-209.10453037520475
221.28726166452233,68.32869206632142,11.128244099455092,-7.452742594576636,-1.7716846988064587,-209.0825151218051
221.31434436279514,68.32894488218714,11.129784115604107,-7.452063407145337,-1.7680070081921604,-209.06148641521108
221.34142775968377,68.32919232316523,11.131320816307348,-7.451382773019953,-1.7643297575141106,-209.04144848118835
221.36851184159866,68.32943438572585,11.132854189550148,-7.45070069090465,-1.7606529503899249,-209.02240554550232
221.39559659493247,68.32967106634278,11.134384223317824,-7.450017159509086,-1.7569765904404688,-209.00436183391855
221.42268200606009,68.32990236149334,11.135910905595711,-7.449332177548394,-1.753300681289888,-208.9873215722027
221.4497680613386,68.33012826765847,11.13743422436913,-7.448645743743213,-1.7496252265655727,-208.97128898612016
221.47685474710738,68.33034878132271,11.13895416762341,-7.447957856819687,-1.745950229898147,-208.9562683014366
221.50394204968816,68.33056389897425,11.140470723343874,-7.447268515509473,-1.7422756949214724,-208.9422637439175
221.53102995538495,68.33077361710484,11.141983879515852,-7.446577718549741,-1.7386016252726268,-208.9292795393285
221.55811845048424,68.33097793220988,11.143493624124673,-7.445885464683192,-1.7349280245918821,-208.9173199134349
221.58520752125494,68.3311768407884,11.144999945155657,-7.44519175265807,-1.731254896522712,-208.9063890920026
221.61229715394833,68.33137033934311,11.146502830594137,-7.444496581228151,-1.727582244711767,-208.89649130079684
221.63938733479839,68.33155842438029,11.148002268425433,-7.443799949152763,-1.7239100728088603,-208.88763076558348
221.66647805002145,68.33174109240996,11.149498246634876,-7.443101855196794,-1.720238384466972,-208.87981171212758
221.69356928581655,68.33191833994572,11.15099075320779,-7.442402298130695,-1.7165671833422163,-208.8730383661953
221.7206610283653,68.33209016350489,11.152479776129503,-7.441701276730485,-1.712896473093843,-208.86731495355173
221.747753263832,68.33225655960845,11.15396530338534,-7.44099878977776,-1.7092262573842214,-208.86264569996266
221.77484597836366,68.33241752478108,11.15544732296063,-7.440294836059709,-1.7055565398788344,-208.85903483119347
221.80193915809,68.33257305555111,11.156925822840696,-7.439589414369111,-1.7018873242462473,-208.8564865730097
221.82903278912352,68.3327231484506,11.158400791010868,-7.438882523504338,-1.6982186141581215,-208.85500515117712
