galstreams/tracks/track.st.Gaia-2.ibata2021.ecsv
# %ECSV 0.9
# ---
# datatype:
# - {name: ra, unit: deg, datatype: float64}
# - {name: dec, unit: deg, datatype: float64}
# - {name: distance, unit: kpc, datatype: float64}
# - {name: pm_ra_cosdec, unit: mas / yr, datatype: float64}
# - {name: pm_dec, unit: mas / yr, datatype: float64}
# - {name: radial_velocity, unit: km / s, datatype: float64}
# delimiter: ','
# meta: !!omap
# - __serialized_columns__:
#     dec:
#       __class__: astropy.coordinates.angles.Latitude
#       unit: &id001 !astropy.units.Unit {unit: deg}
#       value: !astropy.table.SerializedColumn {name: dec}
#     distance:
#       __class__: astropy.coordinates.distances.Distance
#       unit: !astropy.units.Unit {unit: kpc}
#       value: !astropy.table.SerializedColumn {name: distance}
#     pm_dec:
#       __class__: astropy.units.quantity.Quantity
#       unit: !astropy.units.Unit {unit: mas / yr}
#       value: !astropy.table.SerializedColumn {name: pm_dec}
#     pm_ra_cosdec:
#       __class__: astropy.units.quantity.Quantity
#       unit: !astropy.units.Unit {unit: mas / yr}
#       value: !astropy.table.SerializedColumn {name: pm_ra_cosdec}
#     ra:
#       __class__: astropy.coordinates.angles.Longitude
#       unit: *id001
#       value: !astropy.table.SerializedColumn {name: ra}
#       wrap_angle: !astropy.coordinates.Angle
#         unit: *id001
#         value: 360.0
#     radial_velocity:
#       __class__: astropy.units.quantity.Quantity
#       unit: !astropy.units.Unit {unit: km / s}
#       value: !astropy.table.SerializedColumn {name: radial_velocity}
# schema: astropy-2.0
ra,dec,distance,pm_ra_cosdec,pm_dec,radial_velocity
[from data line 410]
3.6948763488507033,-12.161008230436224,6.961654785412055,-0.20648617733456393,-0.29258070888210336,-5.262979456170211e-16
3.700017692917532,-12.16969928414387,6.961815518281589,-0.20637015248857757,-0.29289237742297436,-5.262979456170211e-16
3.7051612603723787,-12.178389088339825,6.961977224723332,-0.20624936047011658,-0.29319732124419123,-5.262979456170211e-16
3.710307045721214,-12.187077646437652,6.9621399013476815,-0.20612381592808127,-0.2934955561991696,0.0
3.7154550434698224,-12.19576496185133,6.962303544765039,-0.2059935335109977,-0.29378709814183523,-5.262979456170211e-16
3.720605248123552,-12.204451037994898,6.962468151585799,-0.20585852786701536,-0.29407196292662874,-2.6314897280851057e-16
3.7257576541875306,-12.213135878282767,6.962633718420358,-0.20571881364390288,-0.2943501664085073,0.0
3.730912256166571,-12.221819486129593,6.962800241879113,-0.20557440548904443,-0.2946217244429488,-2.6314897280851057e-16
3.7360690485650805,-12.230501864950115,6.962967718572465,-0.20542531804943667,-0.29488665288595434,0.0
3.741228025887244,-12.239183018159473,6.963136145110808,-0.20527156597168505,-0.29514496759405234,-2.6314897280851057e-16
3.7463891826369298,-12.247862949173035,6.963305518104539,-0.20511316390200035,-0.29539668442430095,-5.262979456170211e-16
3.7515525133175984,-12.256541661406276,6.963475834164058,-0.20495012648619465,-0.2956418192342913,0.0
3.756718012432519,-12.2652191582751,6.963647089899759,-0.2047824683696785,-0.2958803878821513,2.6314897280851057e-16
3.7618856744845175,-12.27389544319547,6.963819281922043,-0.20461020419745715,-0.29611240622654816,0.0
3.7670554939761955,-12.282570519583727,6.963992406841307,-0.2044333486141265,-0.2963378901266922,2.6314897280851057e-16
3.772227465409839,-12.291244390856473,6.9641664612679435,-0.2042519162638706,-0.2965568554423398,-2.6314897280851057e-16
3.77740158328732,-12.2999170604304,6.964341441812356,-0.20406592179045677,-0.29676931803379636,-5.262979456170211e-16
3.7825778421102836,-12.308588531722604,6.964517345084937,-0.2038753798372333,-0.29697529376191983,-5.262979456170211e-16
3.7877562363800577,-12.317258808150422,6.964694167696088,-0.20368030504712495,-0.29717479848812417,-7.8944691842553165e-16
3.7929367605975566,-12.325927893131304,6.964871906256203,-0.20348071206262988,-0.2973678480743818,-2.6314897280851057e-16
3.7981194092634936,-12.334595790083128,6.965050557375681,-0.2032766155258158,-0.29755445838322786,-2.6314897280851057e-16
3.8033041768781444,-12.343262502423853,6.96523011766492,-0.20306803007831672,-0.2977346452777623,-2.6314897280851057e-16
3.80849105794155,-12.351928033571824,6.9654105837343145,-0.20285497036132907,-0.29790842462165434,-7.8944691842553165e-16
3.813680046953429,-12.360592386945637,6.965591952194264,-0.2026374510156083,-0.2980758122791446,2.6314897280851057e-16
3.8188711384130842,-12.369255565964005,6.965774219655166,-0.2024154866814648,-0.29823682411504876,0.0
3.8240643268195935,-12.377917574046041,6.965957382727417,-0.20218909199876128,-0.2983914759947614,-2.6314897280851057e-16
3.8292596066717044,-12.386578414611117,6.966141438021412,-0.2019582816069081,-0.2985397837842582,-2.6314897280851057e-16
3.8344569724677484,-12.395238091078712,6.966326382147555,-0.20172307014486038,-0.29868176335009977,-2.6314897280851057e-16
3.839656418705859,-12.403896606868763,6.966512211716238,-0.20148347225111418,-0.2988174305594348,-7.8944691842553165e-16
3.844857939883714,-12.41255396540127,6.96669892333786,-0.20123950256370277,-0.29894680128000367,0.0
3.8500615304987647,-12.421210170096643,6.966886513622817,-0.20099117572019295,-0.29906989138014073,0.0
3.855267185048132,-12.429865224375549,6.967074979181508,-0.2007385063576819,-0.2991867167287786,5.262979456170211e-16
3.8604748980285155,-12.438519131658776,6.96726431662433,-0.20048150911279297,-0.2992972931954508,-7.8944691842553165e-16
3.865684663936385,-12.447171895367529,6.967454522561679,-0.2002201986216725,-0.2994016366502954,0.0
3.870896477267877,-12.455823518923257,6.967645593603953,-0.19995458951998565,-0.2994997629640579,-2.6314897280851057e-16
3.8761103325187087,-12.464474005747556,6.967837526361551,-0.19968469644291353,-0.2995916880080946,5.262979456170211e-16
3.8813262241843907,-12.473123359262457,6.9680303174448674,-0.19941053402514886,-0.29967742765437605,-5.262979456170211e-16
3.886544146759983,-12.481771582890094,6.968223963464302,-0.19913211690089253,-0.29975699777549025,2.6314897280851057e-16
3.8917640947403016,-12.490418680052981,6.968418461030253,-0.19884945970385015,-0.2998304142446456,-7.8944691842553165e-16
3.8969860626198396,-12.499064654173939,6.968613806753114,-0.1985625770672282,-0.29989769293567486,-5.262979456170211e-16
3.902210044892661,-12.507709508675886,6.968809997243285,-0.1982714836237305,-0.2999588497230375,-5.262979456170211e-16
3.9074360360525917,-12.516353246982174,6.96900702911116,-0.19797619400555433,-0.30001390048182386,-2.6314897280851057e-16
3.9126640305931235,-12.524995872516413,6.969204898967141,-0.19767672284438675,-0.3000628610877576,-7.8944691842553165e-16
3.9178940230073263,-12.533637388702358,6.9694036034216245,-0.1973730847714015,-0.30010574741719964,-2.6314897280851057e-16
3.923126007788056,-12.542277798964223,6.969603139085005,-0.19706529441725446,-0.3001425753471512,-5.262979456170211e-16
3.928359979427714,-12.550917106726304,6.969803502567682,-0.19675336641208072,-0.30017336075525713,-5.262979456170211e-16
3.933595932418459,-12.559555315413329,6.970004690480053,-0.1964373153854906,-0.3001981195198088,-2.6314897280851057e-16
3.938833861252113,-12.568192428450292,6.970206699432513,-0.1961171559665655,-0.3002168675197481,-7.8944691842553165e-16
3.9440737604200717,-12.576828449262328,6.970409526035464,-0.19579290278385517,-0.3002296206346697,-5.262979456170211e-16
3.949315624413485,-12.585463381274993,6.970613166899297,-0.19546457046537333,-0.3002363947448258,-1.0525958912340423e-15
3.9545594477231716,-12.59409722791413,6.970817618634414,-0.19513217363859403,-0.30023720573112805,-2.6314897280851057e-16
3.9598052248395135,-12.602729992605711,6.971022877851213,-0.19479572693044828,-0.3002320694751511,-2.6314897280851057e-16
3.9650529502526815,-12.611361678776186,6.971228941160086,-0.1944552449673199,-0.3002210018591369,-7.8944691842553165e-16
3.9703026184523855,-12.61999228985211,6.971435805171433,-0.19411074237504242,-0.3002040187659964,-2.6314897280851057e-16
3.9755542239280883,-12.628621829260446,6.971643466495656,-0.19376223377889437,-0.3001811360793141,2.6314897280851057e-16
3.9808077611689154,-12.637250300428455,6.971851921743148,-0.193409733803597,-0.30015236968335096,-2.6314897280851057e-16
3.9860632246635563,-12.645877706783542,6.972061167524302,-0.19305325707330928,-0.3001177354630476,2.6314897280851057e-16
3.9913206089004554,-12.654504051753538,6.972271200449525,-0.19269281821162446,-0.3000772493040272,-2.6314897280851057e-16
3.9965799083677167,-12.663129338766566,6.972482017129208,-0.19232843184156706,-0.3000309270925998,2.6314897280851057e-16
4.001841117553007,-12.671753571250903,6.972693614173749,-0.19196011258558837,-0.29997878471576467,-2.6314897280851057e-16
4.0071042309437805,-12.680376752635288,6.9729059881935465,-0.19158787506556285,-0.2999208380612139,-7.8944691842553165e-16
4.0123692430270195,-12.688998886348587,6.973119135798996,-0.19121173390278495,-0.2998571030173361,-2.6314897280851057e-16
4.017636148289459,-12.697619975820079,6.9733330536004985,-0.19083170371796448,-0.29978759547321904,-5.262979456170211e-16
4.022904941217493,-12.706240024479355,6.973547738208447,-0.19044779913122362,-0.29971233131865316,-7.8944691842553165e-16
4.028175616297073,-12.714859035756142,6.97376318623324,-0.19006003476209288,-0.2996313264441354,0.0
4.033448168013903,-12.723477013080625,6.973979394285279,-0.18966842522950722,-0.29954459674087147,0.0
4.038722590853344,-12.732093959883265,6.9741963589749565,-0.18927298515180255,-0.29945215810078013,-5.262979456170211e-16
4.043998879300312,-12.740709879594698,6.974414076912671,-0.18887372914671205,-0.29935402641649617,-2.6314897280851057e-16
4.049277027839508,-12.74932477564603,6.974632544708821,-0.1884706718313622,-0.2992502175813732,-5.262979456170211e-16
4.0545570309551575,-12.757938651468498,6.974851758973802,-0.18806382782226874,-0.2991407474894878,0.0
4.059838883131236,-12.766551510493764,6.9750717163180145,-0.1876532117353338,-0.2990256320356424,-2.6314897280851057e-16
4.065122578851368,-12.7751633561538,6.975292413351853,-0.18723883818584108,-0.29890488711536817,-2.6314897280851057e-16
4.070408112598741,-12.783774191880745,6.975513846685715,-0.18682072178845294,-0.2987785286249294,-7.8944691842553165e-16
4.0756954788562805,-12.792384021107175,6.975736012929996,-0.18639887715720627,-0.2986465724613256,0.0
4.080984672106571,-12.80099284726597,6.975958908695099,-0.18597331890550847,-0.29850903452229555,-2.6314897280851057e-16
4.086275686831749,-12.809600673790179,6.976182530591416,-0.18554406164613413,-0.2983659307063207,-5.262979456170211e-16
4.091568517513728,-12.818207504113353,6.9764068752293475,-0.1851111199912212,-0.2982172769126277,0.0
4.096863158633942,-12.826813341669148,6.976631939219289,-0.18467450855226689,-0.2980630890411928,-5.262979456170211e-16
4.1021596046735755,-12.835418189891685,6.976857719171639,-0.18423424194012405,-0.2979033829927436,-2.6314897280851057e-16
4.107457850113453,-12.844022052215385,6.977084211696797,-0.18379033476499773,-0.2977381746687645,-5.262979456170211e-16
4.112757889433959,-12.852624932074844,6.977311413405154,-0.1833428016364408,-0.29756747997149813,-2.6314897280851057e-16
4.118059717115215,-12.861226832905107,6.977539320907113,-0.18289165716335054,-0.2973913148039495,-5.262979456170211e-16
4.123363327636993,-12.869827758141534,6.977767930813067,-0.18243691595396472,-0.2972096950698892,-2.6314897280851057e-16
4.128668715478616,-12.878427711219668,6.977997239733419,-0.18197859261585791,-0.2970226366738565,0.0
4.133975875119179,-12.887026695575539,6.978227244278562,-0.18151670175593768,-0.29683015552116315,-1.0525958912340423e-15
4.139284801037294,-12.895624714645315,6.978457941058894,-0.18105125798044058,-0.29663226751789606,-5.262979456170211e-16
4.144595487711316,-12.904221771865618,6.978689326684813,-0.18058227589492867,-0.29642898857092115,2.6314897280851057e-16
4.149907929619241,-12.912817870673392,6.978921397766715,-0.1801097701042856,-0.2962203345878865,0.0
4.1552221212386184,-12.921413014505756,6.979154150915,-0.17963375521271246,-0.2960063214772252,-5.262979456170211e-16
4.1605380570467325,-12.930007206800296,6.979387582740062,-0.17915424582372466,-0.2957869651481595,-7.8944691842553165e-16
4.16585573152051,-12.93860045099491,6.979621689852303,-0.17867125654014748,-0.29556228151070335,-5.262979456170211e-16
4.171175139136426,-12.947192750527682,6.979856468862114,-0.17818480196411288,-0.29533228647566634,0.0
4.1764962743707255,-12.955784108837209,6.9800919163799,-0.17769489669705477,-0.2950969959546563,-5.262979456170211e-16
4.181819131699167,-12.964374529362221,6.980328029016049,-0.17720155533970638,-0.29485642586008354,-1.0525958912340423e-15
4.187143705597244,-12.972964015541923,6.980564803380966,-0.17670479249209536,-0.29461059210516327,-2.6314897280851057e-16
4.192469990540091,-12.981552570815829,6.980802236085047,-0.17620462275354068,-0.29435951060391913,-1.0525958912340423e-15
4.197797981002389,-12.990140198623656,6.9810403237386875,-0.17570106072264835,-0.29410319727118706,0.0
4.2031276714585495,-12.998726902405583,6.981279062952282,-0.1751941209973083,-0.2938416680226181,2.6314897280851057e-16
4.208459056382626,-13.007312685602122,6.981518450336234,-0.1746838181746894,-0.2935749387746814,-5.262979456170211e-16
4.213792130248213,-13.01589755165396,6.98175848250094,-0.17417016685123676,-0.29330302544466835,-2.6314897280851057e-16
4.219126887528673,-13.02448150400233,6.981999156056793,-0.17365318162266738,-0.2930259439506955,-7.8944691842553165e-16
4.224463322696876,-13.033064546088585,6.982240467614194,-0.17313287708396635,-0.29274371021170753,-7.8944691842553165e-16
4.229801430225424,-13.041646681354564,6.982482413783539,-0.1726092678293829,-0.29245634014748073,-5.262979456170211e-16
4.235141204586556,-13.050227913242443,6.982724991175225,-0.17208236845242708,-0.29216384967862724,-2.6314897280851057e-16
4.240482640252052,-13.05880824519458,6.982968196399648,-0.17155219354586532,-0.2918662547265966,-5.262979456170211e-16
4.2458257316934205,-13.067387680653814,6.983212026067212,-0.17101875770171682,-0.2915635712136803,-7.8944691842553165e-16
4.2511704733818085,-13.075966223063338,6.983456476788306,-0.17048207551125008,-0.2912558150630152,-5.262979456170211e-16
4.256516859787899,-13.084543875866522,6.983701545173332,-0.16994216156497852,-0.29094300219858604,-7.8944691842553165e-16
4.261864885382134,-13.093120642507277,6.983947227832683,-0.1693990304526566,-0.29062514854522936,-5.262979456170211e-16
4.2672145446344665,-13.101696526429652,6.9841935213767625,-0.16885269676327685,-0.2903022700286361,-2.6314897280851057e-16
4.2725658320145765,-13.110271531078189,6.984440422415965,-0.16830317508506476,-0.28997438257535585,-2.6314897280851057e-16
4.277918741991769,-13.118845659897774,6.984687927560685,-0.16775048000547624,-0.28964150211279976,-7.8944691842553165e-16
4.283273269034896,-13.127418916333491,6.9849360334213255,-0.16719462611119246,-0.28930364456924335,-2.6314897280851057e-16
4.288629407612534,-13.135991303830908,6.9851847366082795,-0.16663562798811715,-0.2889608258738304,-7.8944691842553165e-16
4.293987152192882,-13.144562825835946,6.985434033731945,-0.16607350022137213,-0.2886130619565763,0.0
4.29934649724368,-13.153133485794719,6.985683921402722,-0.16550825739529357,-0.28826036874837074,-2.6314897280851057e-16
4.304707437232425,-13.161703287153886,6.985934396231005,-0.1649399140934284,-0.28790276218098193,-5.262979456170211e-16
4.310069966626118,-13.170272233360267,6.986185454827191,-0.16436848489852995,-0.28754025818705886,-1.3157448640425529e-15
4.315434079891475,-13.17884032786117,6.98643709380168,-0.16379398439255458,-0.28717287270013514,0.0
4.320799771494854,-13.18740757410425,6.986689309764867,-0.1632164271566575,-0.28680062165463277,-2.6314897280851057e-16
4.326167035902131,-13.19597397553738,6.986942099327149,-0.16263582777118923,-0.2864235209858643,-2.6314897280851057e-16
4.331535867578915,-13.204539535608914,6.987195459098925,-0.16205220081569155,-0.2860415866300372,-2.6314897280851057e-16
4.336906260990435,-13.213104257767577,6.987449385690594,-0.16146556086889344,-0.28565483452425644,-2.6314897280851057e-16
4.3422782106014575,-13.221668145462298,6.9877038757125485,-0.16087592250870772,-0.28526328060652817,2.6314897280851057e-16
4.347651710876494,-13.230231202142543,6.987958925775191,-0.16028330031222673,-0.2848669408157628,-1.0525958912340423e-15
4.35302675627956,-13.23879343125796,6.988214532488916,-0.159687708855719,-0.2844658310917785,0.0
4.358403341274388,-13.247354836258687,6.98847069246412,-0.15908916271462467,-0.28405996737530437,-2.6314897280851057e-16
4.363781460324337,-13.25591542059522,6.988727402311201,-0.1584876764635522,-0.2836493656079836,-5.262979456170211e-16
4.3691611078922925,-13.264475187718283,6.988984658640559,-0.15788326467627442,-0.2832340417323771,-7.8944691842553165e-16
4.374542278440856,-13.27303414107909,6.989242458062588,-0.1572759419257243,-0.28281401169196624,-5.262979456170211e-16
4.379924966432257,-13.281592284129223,6.989500797187687,-0.1566657227839917,-0.2823892914311568,-7.8944691842553165e-16
4.385309166328248,-13.290149620320483,6.989759672626253,-0.15605262182231908,-0.28195989689528184,-1.3157448640425529e-15
4.3906948725903305,-13.298706153105233,6.990019080988682,-0.1554366536110975,-0.2815258440306049,-2.6314897280851057e-16
4.396082079679504,-13.307261885935981,6.9902790188853725,-0.1548178327198634,-0.2810871487843235,-7.8944691842553165e-16
