galstreams/tracks/track.st.New-3.ibata2024.ecsv
# %ECSV 1.0
# ---
# datatype:
# - {name: ra, unit: deg, datatype: float64}
# - {name: dec, unit: deg, datatype: float64}
# - {name: distance, unit: kpc, datatype: float64}
# - {name: pm_ra_cosdec, unit: mas / yr, datatype: float64}
# - {name: pm_dec, unit: mas / yr, datatype: float64}
# - {name: radial_velocity, unit: km / s, datatype: float64}
# delimiter: ','
# meta: !!omap
# - __serialized_columns__:
#     dec:
#       __class__: astropy.coordinates.angles.Latitude
#       unit: &id001 !astropy.units.Unit {unit: deg}
#       value: !astropy.table.SerializedColumn {name: dec}
#     distance:
#       __class__: astropy.coordinates.distances.Distance
#       unit: !astropy.units.Unit {unit: kpc}
#       value: !astropy.table.SerializedColumn {name: distance}
#     pm_dec:
#       __class__: astropy.units.quantity.Quantity
#       unit: !astropy.units.Unit {unit: mas / yr}
#       value: !astropy.table.SerializedColumn {name: pm_dec}
#     pm_ra_cosdec:
#       __class__: astropy.units.quantity.Quantity
#       unit: !astropy.units.Unit {unit: mas / yr}
#       value: !astropy.table.SerializedColumn {name: pm_ra_cosdec}
#     ra:
#       __class__: astropy.coordinates.angles.Longitude
#       unit: *id001
#       value: !astropy.table.SerializedColumn {name: ra}
#       wrap_angle: !astropy.coordinates.Angle
#         unit: *id001
#         value: 360.0
#     radial_velocity:
#       __class__: astropy.units.quantity.Quantity
#       unit: !astropy.units.Unit {unit: km / s}
#       value: !astropy.table.SerializedColumn {name: radial_velocity}
# schema: astropy-2.0
ra,dec,distance,pm_ra_cosdec,pm_dec,radial_velocity
[from data line 4287]
105.93192568148332,-9.691979400054242,0.9999999999999993,-39.814348978651985,-34.1990664277608,142.0714502225325
105.94110916002678,-9.687855243586098,0.9999999999999993,-39.81759782741304,-34.20188943621119,142.01406099995742
105.9502923016306,-9.683730588712008,0.9999999999999994,-39.82084453911231,-34.204710919452054,141.9566685744761
105.9594751063418,-9.679605435493746,0.9999999999999994,-39.824089113175795,-34.20753087693637,141.89927295140512
105.96865757420744,-9.675479783993069,0.9999999999999994,-39.82733154902942,-34.21034930811718,141.84187413606085
105.97783970527462,-9.671353634271743,0.9999999999999994,-39.83057184609903,-34.21316621244768,141.7844721337599
105.98702149959044,-9.667226986391508,0.9999999999999993,-39.83381000381041,-34.21598158938116,141.72706694981886
105.99620295720202,-9.66309984041411,0.9999999999999994,-39.83704602158927,-34.21879543837103,141.66965858955427
106.00538407815655,-9.658972196401287,0.9999999999999993,-39.84027989886127,-34.221607758870796,141.6122470582825
106.0145648625012,-9.65484405441476,0.9999999999999994,-39.84351163505193,-34.224418550334065,141.55483236132036
106.02374531028319,-9.650715414516249,0.9999999999999993,-39.84674122958677,-34.22722781221457,141.49741450398417
106.03292542154978,-9.646586276767467,0.9999999999999994,-39.84996868189122,-34.230035543966146,141.43999349159054
106.04210519634819,-9.642456641230115,0.9999999999999996,-39.853193991390604,-34.23284174504272,141.38256932945603
106.05128463472573,-9.638326507965894,0.9999999999999992,-39.85641715751024,-34.23564641489837,141.32514202289715
106.06046373672974,-9.634195877036491,0.9999999999999996,-39.8596381796753,-34.23844955298723,141.26771157723044
106.06964250240758,-9.630064748503585,0.9999999999999996,-39.862857057310926,-34.24125115876357,141.21027799777247
106.07882093180655,-9.625933122428851,0.9999999999999993,-39.866073789842204,-34.24405123168179,141.15284128983967
106.0879990249741,-9.621800998873953,0.9999999999999994,-39.86928837669408,-34.24684977119634,141.09540145874877
106.09717678195763,-9.617668377900554,0.9999999999999994,-39.87250081729153,-34.24964677676185,141.03795850981595
106.1063542028046,-9.613535259570298,0.9999999999999996,-39.875711111059346,-34.252442247833,140.98051244835824
106.11553128756246,-9.609401643944839,0.9999999999999993,-39.87891925742234,-34.255236183864625,140.92306327969177
106.12470803627876,-9.605267531085799,0.9999999999999996,-39.882125255805185,-34.25802858431162,140.86561100913326
106.13388444900099,-9.601132921054816,0.9999999999999993,-39.88532910563256,-34.26081944862904,140.80815564199926
106.14306052577669,-9.596997813913502,0.9999999999999994,-39.88853080632896,-34.26360877627201,140.7506971836062
106.15223626665346,-9.592862209723476,0.9999999999999993,-39.89173035731892,-34.26639656669579,140.6932356392707
106.16141167167889,-9.588726108546336,0.9999999999999994,-39.89492775802682,-34.26918281935572,140.63577101430937
106.17058674090063,-9.58458951044369,0.9999999999999993,-39.898123007877004,-34.271967533707304,140.5783033140385
106.17976147436633,-9.580452415477117,0.9999999999999993,-39.90131610629376,-34.27475070920611,140.52083254377473
106.18893587212365,-9.576314823708207,0.9999999999999994,-39.90450705270127,-34.27753234530779,140.46335870883476
106.19810993422031,-9.572176735198527,0.9999999999999993,-39.907695846523666,-34.28031244146818,140.40588181453498
106.20728366070404,-9.568038150009652,0.9999999999999993,-39.91088248718497,-34.28309099714318,140.34840186619198
106.2164570516226,-9.563899068203135,0.9999999999999993,-39.914066974109176,-34.285868011788786,140.29091886912224
106.22563010702376,-9.559759489840529,0.9999999999999994,-39.91724930672021,-34.288643484861154,140.23343282864232
106.23480282695536,-9.555619414983378,0.9999999999999996,-39.92042948444185,-34.291417415816504,140.1759437500688
106.24397521146523,-9.551478843693216,0.9999999999999994,-39.92360750669791,-34.2941898041112,140.11845163871817
106.2531472606012,-9.547337776031576,0.9999999999999993,-39.92678337291206,-34.296960649201694,140.060956499907
106.26231897441119,-9.543196212059973,0.9999999999999994,-39.9299570825079,-34.29972995054452,140.0034583389518
106.27149035294308,-9.539054151839927,0.9999999999999993,-39.93312863490896,-34.3024977075964,139.94595716116908
106.28066139624485,-9.534911595432934,0.9999999999999994,-39.936298029538726,-34.3052639198141,139.88845297187547
106.28983210436445,-9.530768542900498,0.9999999999999994,-39.9394652658206,-34.30802858665453,139.8309457763874
106.29900247734987,-9.526624994304107,0.9999999999999994,-39.94263034317788,-34.310791707574694,139.77343558002136
106.30817251524913,-9.522480949705248,0.9999999999999994,-39.94579326103383,-34.31355328203169,139.71592238809413
106.31734221811024,-9.518336409165386,0.9999999999999993,-39.9489540188116,-34.316313309482794,139.65840620592203
106.32651158598132,-9.514191372745994,0.9999999999999994,-39.95211261593431,-34.319071789385305,139.60088703882167
106.33568061891043,-9.510045840508532,0.9999999999999993,-39.955269051824985,-34.321828721196695,139.54336489210957
106.34484931694568,-9.505899812514448,0.9999999999999993,-39.95842332590657,-34.324584104374516,139.48583977110226
106.35401768013526,-9.501753288825185,0.9999999999999996,-39.961575437601944,-34.32733793837643,139.42831168111636
106.3631857085273,-9.497606269502182,0.9999999999999994,-39.96472538633395,-34.33009022266027,139.37078062746826
106.37235340216999,-9.493458754606868,0.9999999999999993,-39.96787317152528,-34.33284095668386,139.3132466154746
106.38152076111162,-9.489310744200658,0.9999999999999994,-39.97101879259859,-34.33559013990525,139.25570965045185
106.39068778540035,-9.485162238344968,0.9999999999999994,-39.9741622489765,-34.33833777178256,139.1981697377167
106.39985447508452,-9.481013237101203,0.9999999999999993,-39.9773035400815,-34.341083851773995,139.14062688258542
106.4090208302124,-9.47686374053076,0.9999999999999993,-39.98044266533603,-34.3438283793379,139.08308109037478
106.4181868508323,-9.472713748695032,0.9999999999999994,-39.983579624162445,-34.34657135393274,139.0255323664013
106.4273525369926,-9.468563261655397,0.9999999999999994,-39.986714415983066,-34.34931277501706,138.9679807159814
106.43651788874166,-9.464412279473228,0.9999999999999994,-39.98984704022007,-34.352052642049536,138.91042614443174
106.4456829061279,-9.460260802209891,0.9999999999999993,-39.99297749629564,-34.35479095448896,138.85286865706865
106.45484758919973,-9.456108829926743,0.9999999999999994,-39.996105783631826,-34.35752771179422,138.79530825920892
106.4640119380056,-9.451956362685138,0.9999999999999996,-39.99923190165062,-34.36026291342433,138.737744956169
106.47317595259402,-9.447803400546423,0.9999999999999996,-40.00235584977394,-34.36299655883841,138.68017875326527
106.48233963301347,-9.443649943571922,0.9999999999999994,-40.00547762742366,-34.365728647495686,138.62260965581444
106.49150297931247,-9.43949599182297,0.9999999999999994,-40.008597234021515,-34.368459178855495,138.565037669133
106.5006659915396,-9.435341545360885,0.9999999999999994,-40.01171466898923,-34.371188152377314,138.50746279853752
106.50982866974343,-9.43118660424698,0.9999999999999993,-40.014829931748416,-34.37391556752069,138.44988504934443
106.51899101397255,-9.427031168542554,0.9999999999999994,-40.01794302172063,-34.3766414237453,138.39230442687045
106.52815302427564,-9.422875238308904,0.9999999999999994,-40.02105393832735,-34.37936572051093,138.33472093643195
106.53731470070132,-9.418718813607326,0.9999999999999994,-40.02416268098996,-34.382088457277526,138.27713458334551
106.54647604329827,-9.414561894499093,0.9999999999999994,-40.0272692491298,-34.38480963350505,138.21954537292774
106.55563705211523,-9.410404481045477,0.9999999999999994,-40.03037364216814,-34.387529248653664,138.16195331049505
106.5647977272009,-9.406246573307747,0.9999999999999996,-40.03347585952612,-34.39024730218359,138.10435840136407
106.57395806860407,-9.402088171347158,0.9999999999999993,-40.036575900624875,-34.392963793555175,138.04676065085133
106.58311807637351,-9.397929275224959,0.9999999999999994,-40.039673764885414,-34.3956787222289,137.98916006427334
106.59227775055804,-9.39376988500239,0.9999999999999994,-40.0427694517287,-34.398392087665336,137.93155664694663
106.60143709120649,-9.389610000740689,0.9999999999999994,-40.045862960575604,-34.40110388932518,137.87395040418767
106.61059609836772,-9.385449622501076,0.9999999999999994,-40.04895429084694,-34.40381412666923,137.8163413413132
106.61975477209064,-9.381288750344774,0.9999999999999994,-40.05204344196344,-34.40652279915839,137.75872946363967
106.62891311242413,-9.377127384332987,0.9999999999999994,-40.05513041334575,-34.4092299062537,137.70111477648345
106.63807111941718,-9.37296552452692,0.9999999999999996,-40.05821520441445,-34.41193544741629,137.64349728516117
106.64722879311867,-9.368803170987771,0.9999999999999996,-40.061297814590056,-34.41463942210743,137.5858769949897
106.65638613357768,-9.364640323776719,0.9999999999999994,-40.06437824329299,-34.417341829788484,137.52825391128496
106.66554314084318,-9.360476982954951,0.9999999999999997,-40.067456489943595,-34.42004266992091,137.47062803936396
106.67469981496423,-9.35631314858363,0.9999999999999994,-40.070532553962174,-34.42274194196632,137.41299938454299
106.68385615598987,-9.352148820723922,0.9999999999999994,-40.073606434768905,-34.425439645386426,137.35536795213875
106.6930121639692,-9.347983999436982,0.9999999999999993,-40.07667813178394,-34.42813577964304,137.2977337474677
106.70216783895137,-9.343818684783955,0.9999999999999996,-40.07974764442733,-34.430830344198085,137.24009677584635
106.71132318098549,-9.339652876825982,0.9999999999999994,-40.08281497211904,-34.43352333851362,137.1824570425913
106.72047819012072,-9.335486575624195,0.9999999999999993,-40.08588011427899,-34.43621476205181,137.12481455301904
106.72963286640629,-9.331319781239717,0.9999999999999994,-40.08894307032699,-34.438904614274904,137.0671693124462
106.73878720989137,-9.327152493733665,0.9999999999999994,-40.092003839682796,-34.4415928946453,137.00952132618923
106.74794122062526,-9.322984713167141,0.9999999999999996,-40.0950624217661,-34.44427960262551,136.95187059956467
106.75709489865721,-9.318816439601244,0.9999999999999996,-40.0981188159965,-34.44696473767814,136.89421713788894
106.7662482440365,-9.314647673097074,0.9999999999999994,-40.10117302179353,-34.44964829926592,136.83656094647876
106.77540125681246,-9.310478413715709,0.9999999999999992,-40.10422503857662,-34.45233028685169,136.77890203065064
106.78455393703443,-9.306308661518226,0.9999999999999994,-40.10727486576512,-34.45501069989838,136.7212403957211
106.7937062847518,-9.302138416565693,0.9999999999999993,-40.110322502778416,-34.457689537869115,136.66357604700664
106.80285830001397,-9.297967678919166,0.9999999999999996,-40.11336794903565,-34.46036680022704,136.60590898982383
106.81200998287034,-9.293796448639707,0.9999999999999994,-40.116411203956,-34.46304248643546,136.54823922948907
106.82116133337036,-9.28962472578835,0.9999999999999994,-40.119452266958525,-34.46571659595779,136.4905667713192
106.8303123515635,-9.285452510426135,0.9999999999999994,-40.12249113746224,-34.46838912825755,136.43289162063047
106.83946303749929,-9.281279802614092,0.9999999999999996,-40.12552781488606,-34.47106008279838,136.37521378273956
106.84861339122722,-9.277106602413241,0.9999999999999993,-40.12856229864884,-34.47372945904406,136.31753326296297
106.85776341279684,-9.272932909884592,0.9999999999999994,-40.1315945881693,-34.476397256458405,136.25985006661722
106.86691310225775,-9.268758725089148,0.9999999999999994,-40.13462468286618,-34.479063474505466,136.20216419901888
106.87606245965954,-9.264584048087913,0.9999999999999994,-40.13765258215808,-34.48172811264929,136.14447566548446
106.8852114850518,-9.26040887894187,0.9999999999999994,-40.14067828546352,-34.48439117035412,136.08678447133056
106.89436017848423,-9.256233217712,0.9999999999999993,-40.14370179220102,-34.48705264708427,136.02909062187365
106.9035085400065,-9.252057064459274,0.9999999999999996,-40.1467231017889,-34.48971254230417,135.97139412243024
106.91265656966829,-9.247880419244655,0.9999999999999994,-40.14974221364552,-34.492370855478406,135.91369497831687
106.92180426751933,-9.243703282129104,0.9999999999999994,-40.15275912718908,-34.49502758607164,135.85599319485004
106.93095163360937,-9.23952565317357,0.9999999999999996,-40.15577384183775,-34.49768273354863,135.79828877734658
106.9400986679882,-9.23534753243899,0.9999999999999994,-40.15878635700964,-34.50033629737433,135.74058173112263
106.9492453707056,-9.231168919986303,0.9999999999999996,-40.1617966721227,-34.50298827701372,135.68287206149503
106.95839174181141,-9.226989815876424,0.9999999999999993,-40.164804786594914,-34.50563867193196,135.62515977378013
106.96753778135549,-9.222810220170278,0.9999999999999994,-40.16781069984407,-34.508287481594266,135.56744487329453
106.97668348938772,-9.218630132928764,0.9999999999999996,-40.170814411288006,-34.51093470546601,135.50972736535473
106.98582886595798,-9.214449554212797,0.9999999999999994,-40.17381592034442,-34.51358034301269,135.45200725527738
106.99497391111622,-9.210268484083256,0.9999999999999993,-40.176815226430875,-34.51622439369988,135.39428454837883
107.00411862491238,-9.206086922601036,0.9999999999999994,-40.17981232896496,-34.51886685699329,135.33655924997583
107.01326300739646,-9.201904869827002,0.9999999999999993,-40.18280722736414,-34.52150773235876,135.27883136538463
107.02240705861843,-9.197722325822035,0.9999999999999994,-40.185799921045785,-34.52414701926221,135.22110089992216
107.03155077862833,-9.193539290646987,0.9999999999999992,-40.188790409427234,-34.526784717169726,135.16336785890462
107.04069416747623,-9.189355764362714,0.9999999999999992,-40.191778691925705,-34.52942082554743,135.1056322476487
107.0498372252122,-9.18517174703006,0.9999999999999996,-40.19476476795836,-34.53205534386165,135.0478940714709
107.05897995188633,-9.180987238709857,0.9999999999999994,-40.19774863694231,-34.53468827157879,134.99015333568784
107.0681223475488,-9.176802239462942,0.9999999999999993,-40.200730298294545,-34.53731960816536,134.93241004561585
107.07726441224969,-9.17261674935013,0.9999999999999993,-40.20370975143198,-34.53994935308798,134.87466420657168
107.08640614603924,-9.16843076843223,0.9999999999999996,-40.20668699577147,-34.54257750581341,134.81691582387177
107.09554754896763,-9.164244296770054,0.9999999999999993,-40.20966203072983,-34.54520406580855,134.75916490283265
107.10468862108509,-9.160057334424392,0.9999999999999994,-40.21263485572369,-34.54782903254034,134.70141144877087
107.11382936244186,-9.155869881456036,0.9999999999999992,-40.21560547016973,-34.5504524054759,134.64365546700296
107.12296977308827,-9.151681937925764,0.9999999999999993,-40.218573873484445,-34.55307418408243,134.5858969628455
107.13210985307458,-9.147493503894344,0.9999999999999993,-40.22154006508434,-34.5556943678273,134.52813594161495
107.14124960245114,-9.14330457942255,0.9999999999999994,-40.22450404438578,-34.558312956177915,134.470372408628
107.15038902126831,-9.139115164571127,0.9999999999999994,-40.22746581080509,-34.56092994860186,134.41260636920103
107.15952810957646,-9.134925259400829,0.9999999999999993,-40.23042536375848,-34.563545344566826,134.35483782865055
107.16866686742597,-9.130734863972394,0.9999999999999993,-40.233382702662134,-34.56615914354062,134.2970667922933
107.17780529486731,-9.126543978346554,0.9999999999999994,-40.2363378269321,-34.56877134499111,134.23929326544558
107.18694339195095,-9.122352602584032,0.9999999999999994,-40.2392907359844,-34.571381948386374,134.18151725342403
107.19608115872731,-9.118160736745546,0.9999999999999994,-40.24224142923496,-34.57399095319454,134.1237387615453
