galstreams/tracks/track.st.AAU-ATLAS.li2021.ecsv
# %ECSV 1.0
# ---
# datatype:
# - {name: ra, unit: deg, datatype: float64}
# - {name: dec, unit: deg, datatype: float64}
# - {name: distance, unit: kpc, datatype: float64}
# - {name: pm_ra_cosdec, unit: mas / yr, datatype: float64}
# - {name: pm_dec, unit: mas / yr, datatype: float64}
# - {name: radial_velocity, unit: km / s, datatype: float64}
# delimiter: ','
# meta: !!omap
# - __serialized_columns__:
#     dec:
#       __class__: astropy.coordinates.angles.Latitude
#       unit: &id001 !astropy.units.Unit {unit: deg}
#       value: !astropy.table.SerializedColumn {name: dec}
#     distance:
#       __class__: astropy.coordinates.distances.Distance
#       unit: !astropy.units.Unit {unit: kpc}
#       value: !astropy.table.SerializedColumn {name: distance}
#     pm_dec:
#       __class__: astropy.units.quantity.Quantity
#       unit: !astropy.units.Unit {unit: mas / yr}
#       value: !astropy.table.SerializedColumn {name: pm_dec}
#     pm_ra_cosdec:
#       __class__: astropy.units.quantity.Quantity
#       unit: !astropy.units.Unit {unit: mas / yr}
#       value: !astropy.table.SerializedColumn {name: pm_ra_cosdec}
#     ra:
#       __class__: astropy.coordinates.angles.Longitude
#       unit: *id001
#       value: !astropy.table.SerializedColumn {name: ra}
#       wrap_angle: !astropy.coordinates.Angle
#         unit: *id001
#         value: 360.0
#     radial_velocity:
#       __class__: astropy.units.quantity.Quantity
#       unit: !astropy.units.Unit {unit: km / s}
#       value: !astropy.table.SerializedColumn {name: radial_velocity}
# schema: astropy-2.0
ra,dec,distance,pm_ra_cosdec,pm_dec,radial_velocity
[from data line 276]
11.423890003357553,-21.70224486261146,19.406012939406846,-0.4909786975046291,-0.9649364834064017,-141.3117831984781
11.432935212838272,-21.707707372025443,19.407676115737505,-0.49048001535280183,-0.9650016756920907,-141.28230327312383
11.441980475887847,-21.71317017947608,19.40934055113484,-0.48998148895964766,-0.9650667114751532,-141.25281129772696
11.451025792778443,-21.718633284879427,19.411006245598852,-0.48948311834732,-0.965131590762383,-141.2233072722874
11.460071163782139,-21.724096688151413,19.412673199129546,-0.4889849035379846,-0.965196313560594,-141.19379119680517
11.469116589171215,-21.729560389208125,19.414341411726916,-0.4884868445538178,-0.9652608798766242,-141.16426307128026
11.478162069218019,-21.735024387965666,19.416010883390953,-0.4879889414170058,-0.9653252897173318,-141.1347228957127
11.48720760419479,-21.74048868434001,19.417681614121676,-0.4874911941497471,-0.9653895430895931,-141.1051706701025
11.496253194373999,-21.745953278247285,19.419353603919088,-0.48699360277424997,-0.965453640000308,-141.07560639444964
11.50529884002816,-21.751418169603642,19.421026852783168,-0.4864961673127336,-0.9655175804563989,-141.04603006875405
11.514344541429706,-21.756883358325137,19.42270136071393,-0.48599888778742917,-0.9655813644648061,-141.01644169301585
11.523390298851266,-21.762348844327924,19.42437712771137,-0.4855017642205767,-0.9656449920324914,-140.98684126723498
11.532436112565543,-21.767814627528207,19.42605415377549,-0.48500479663442925,-0.9657084631664404,-140.9572287914115
11.541481982845141,-21.773280707842087,19.427732438906286,-0.48450798505124937,-0.965771777873657,-140.92760426554526
11.550527909962872,-21.77874708518578,19.42941198310376,-0.48401132949331005,-0.9658349361611664,-140.89796768963637
11.55957389419161,-21.784213759475534,19.431092786367913,-0.4835148299828966,-0.9658979380360164,-140.86831906368488
11.568619935804142,-21.78968073062751,19.432774848698745,-0.4830184865423034,-0.9659607835052745,-140.8386583876907
11.577666035073452,-21.795147998557972,19.43445817009625,-0.4825222991938374,-0.9660234725760298,-140.80898566165382
11.586712192272591,-21.8006155631832,19.43614275056044,-0.4820262679598142,-0.9660860052553915,-140.77930088557432
11.595758407674527,-21.80608342441942,19.4378285900913,-0.48153039286256266,-0.9661483815504914,-140.7496040594521
11.604804681552423,-21.81155158218294,19.439515688688854,-0.4810346739244205,-0.9662106014684808,-140.7198951832873
11.613851014179508,-21.817020036390108,19.441204046353075,-0.48053911116773673,-0.9662726650165334,-140.69017425707978
11.622897405828914,-21.822488786957173,19.44289366308397,-0.4800437046148723,-0.9663345722018435,-140.6604412808296
11.631943856774004,-21.827957833800507,19.444584538881557,-0.47954845428819626,-0.9663963230316246,-140.63069625453676
11.640990367288165,-21.83342717683651,19.44627667374581,-0.4790533602100913,-0.9664579175131149,-140.60093917820123
11.650036937644725,-21.83889681598146,19.447970067676746,-0.47855842240294927,-0.9665193556535701,-140.5711700518231
11.659083568117255,-21.844366751151846,19.44966472067436,-0.47806364088917297,-0.9665806374602692,-140.54138887540225
11.668130258979188,-21.849836982263987,19.451360632738652,-0.47756901569117677,-0.9666417629405111,-140.51159564893874
11.67717701050416,-21.855307509234326,19.45305780386963,-0.4770745468313847,-0.9667027321016157,-140.4817903724326
11.686223822965887,-21.860778331979358,19.45475623406728,-0.4765802343322307,-0.9667635449509248,-140.4519730458838
11.695270696637975,-21.866249450415452,19.456455923331603,-0.4760860782161625,-0.9668242014958004,-140.42214366929224
11.704317631794247,-21.871720864459125,19.458156871662613,-0.4755920785056355,-0.9668847017436262,-140.3923022426581
11.713364628708577,-21.877192574026886,19.4598590790603,-0.47509823522311756,-0.9669450457018063,-140.3624487659813
11.722411687654766,-21.882664579035175,19.461562545524657,-0.474604548391087,-0.9670052333777666,-140.33258323926177
11.731458808906801,-21.888136879400534,19.4632672710557,-0.4741110180320317,-0.9670652647789524,-140.30270566249968
11.740505992738749,-21.893609475039543,19.46497325565342,-0.4736176441684514,-0.9671251399128322,-140.27281603569486
11.749553239424577,-21.899082365868686,19.466680499317818,-0.4731244268228565,-0.9671848587868936,-140.24291435884737
11.758600549238468,-21.90455555180455,19.468389002048895,-0.4726313660177674,-0.9672444214086464,-140.21300063195724
11.767647922454652,-21.910029032763767,19.470098763846654,-0.4721384617757151,-0.9673038277856216,-140.18307485502442
11.776695359347277,-21.915502808662854,19.471809784711088,-0.4716457141192427,-0.9673630779253698,-140.15313702804897
11.785742860190707,-21.920976879418475,19.473522064642193,-0.4711531230709026,-0.9674221718354643,-140.12318715103083
11.794790425259354,-21.926451244947287,19.475235603639987,-0.47066068865325794,-0.9674811095234983,-140.09322522397005
11.803838054827537,-21.931925905165862,19.476950401704457,-0.47016841088888306,-0.967539890997086,-140.0632512468666
11.812885749169801,-21.937400859990905,19.4786664588356,-0.4696762898003634,-0.9675985162638637,-140.03326521972045
11.821933508560743,-21.942876109339135,19.480383775033424,-0.4691843254102929,-0.9676569853314886,-140.00326714253168
11.830981333274858,-21.94835165312717,19.48210235029793,-0.4686925177412788,-0.9677152982076362,-139.97325701530016
11.840029223586864,-21.95382749127174,19.483822184629112,-0.4682008668159372,-0.9677734549000061,-139.9432348380261
11.849077179771541,-21.95930362368963,19.485543278026974,-0.4677093726568954,-0.967831455416319,-139.9132006107093
11.858125202103567,-21.964780050297502,19.48726563049151,-0.46721803528679134,-0.9678892997643143,-139.88315433334986
11.867173290857838,-21.970256771012153,19.488989242022726,-0.46672685472827385,-0.9679469879517539,-139.85309600594778
11.87622144630931,-21.97573378575038,19.490714112620623,-0.4662358310040016,-0.9680045199864208,-139.823025628503
11.885269668732839,-21.98121109442891,19.492440242285195,-0.46574496413664523,-0.9680618958761187,-139.79294320101553
11.894317958403503,-21.98668869696458,19.49416763101645,-0.46525425414888366,-0.9681191156286713,-139.76284872348543
11.903366315596438,-21.992166593274263,19.49589627881438,-0.4647637010634084,-0.9681761792519258,-139.73274219591266
11.912414740586682,-21.997644783274698,19.497626185678985,-0.4642733049029216,-0.9682330867537482,-139.70262361829725
11.921463233649488,-22.003123266882785,19.499357351610275,-0.46378306569013467,-0.968289838142026,-139.67249299063914
11.930511795060173,-22.00860204401543,19.50108977660824,-0.46329298344777003,-0.9683464334246682,-139.64235031293842
11.939560425093953,-22.014081114589427,19.502823460672886,-0.46280305819856177,-0.9684028726096043,-139.61219558519497
11.948609124026266,-22.019560478521722,19.504558403804207,-0.46231328996525306,-0.9684591557047851,-139.58202880740888
11.9576578921326,-22.025040135729277,19.506294606002207,-0.46182367877059816,-0.9685152827181832,-139.55184997958008
11.966706729688356,-22.030520086128927,19.508032067266882,-0.4613342246373624,-0.9685712536577897,-139.5216591017087
11.975755636969156,-22.036000329637666,19.50977078759824,-0.4608449275883212,-0.9686270685316198,-139.49145617379466
11.98480461425066,-22.041480866172478,19.511510766996278,-0.4603557876462598,-0.968682727347707,-139.46124119583789
11.993853661808455,-22.04696169565028,19.51325200546099,-0.45986680483397563,-0.9687382301141081,-139.43101416783847
12.00290277991839,-22.05244281798812,19.51499450299238,-0.45937797917427525,-0.9687935768389002,-139.40077508979638
12.011951968856154,-22.05792423310295,19.516738259590458,-0.4588893106899763,-0.9688487675301793,-139.37052396171168
12.021001228897674,-22.063405940911807,19.518483275255203,-0.45840079940390716,-0.9689038021960654,-139.34026078358423
12.03005056031891,-22.06888794133177,19.52022954998663,-0.45791244533890574,-0.9689586808446984,-139.3099855554142
12.039099963395756,-22.07437023427983,19.521977083784734,-0.4574242485178218,-0.9690134034842384,-139.27969827720148
12.048149438404293,-22.07985281967307,19.523725876649525,-0.45693620896351483,-0.9690679701228667,-139.24939894894607
12.057198985620687,-22.085335697428633,19.52547592858098,-0.45644832669885416,-0.9691223807687879,-139.21908757064799
12.066248605320988,-22.09081886746351,19.527227239579123,-0.4559606017467215,-0.9691766354302236,-139.18876414230726
12.075298297781476,-22.09630232969488,19.52897980964394,-0.45547303413000756,-0.9692307341154203,-139.15842866392387
12.084348063278489,-22.101786084039887,19.530733638775438,-0.45498562387161284,-0.9692846768326426,-139.12808113549784
12.093397902088261,-22.107270130415607,19.53248872697361,-0.45449837099445106,-0.9693384635901774,-139.09772155702913
12.102447814487254,-22.112754468739244,19.534245074238466,-0.4540112755214437,-0.969392094396333,-139.0673499285178
12.111497800751978,-22.118239098927976,19.536002680570004,-0.4535243374755232,-0.9694455692594373,-139.0369662499637
12.12054786115886,-22.123724020898944,19.537761545968213,-0.4530375568796339,-0.9694988881878399,-139.00657052136702
12.129597995984534,-22.129209234569377,19.539521670433103,-0.4525509337567294,-0.9695520511899125,-138.97616274272764
12.13864820550569,-22.134694739856528,19.54128305396467,-0.4520644681297739,-0.9696050582740463,-138.9457429140456
12.147698489998948,-22.140180536677562,19.543045696562917,-0.45157816002174206,-0.9696579094486542,-138.91531103532094
12.15674884974111,-22.14566662494975,19.544809598227843,-0.45109200945561895,-0.9697106047221685,-138.8848671065536
12.165799285009054,-22.151153004590398,19.546574758959444,-0.45060601645440007,-0.9697631441030459,-138.85441112774353
12.174849796079577,-22.1566396755167,19.548341178757727,-0.45012018104109186,-0.96981552759976,-138.82394309889088
12.18390038322967,-22.162126637645994,19.55010885762269,-0.4496345032387102,-0.9698677552208088,-138.7934630199955
12.192951046736388,-22.16761389089562,19.55187779555432,-0.4491489830702821,-0.9699198269747105,-138.76297089105745
12.202001786876702,-22.173101435182826,19.553647992552634,-0.4486636205588448,-0.9699717428700021,-138.73246671207676
12.211052603927792,-22.17858927042497,19.555419448617627,-0.44817841572744627,-0.970023502915244,-138.70195048305345
12.220103498166894,-22.184077396539443,19.557192163749306,-0.4476933685991434,-0.9700751071190161,-138.67142220398745
12.22915446987116,-22.189565813443544,19.558966137947657,-0.44720847919700546,-0.9701265554899201,-138.64088187487874
12.238205519317953,-22.19505452105468,19.560741371212682,-0.44672374754411165,-0.9701778480365799,-138.6103294957274
12.247256646784688,-22.200543519290285,19.562517863544393,-0.44623917366354987,-0.9702289847676373,-138.57976506653344
12.256307852548707,-22.20603280806769,19.564295614942772,-0.4457547575784204,-0.970279965691758,-138.54918858729675
12.265359136887534,-22.21152238730436,19.566074625407843,-0.4452704993118331,-0.9703307908176257,-138.5186000580174
12.27441050007879,-22.21701225691775,19.56785489493958,-0.44478639888690746,-0.9703814601539492,-138.48799947869537
12.283461942399981,-22.222502416825257,19.569636423538007,-0.4443024563267749,-0.970431973709454,-138.4573868493308
12.29251346412888,-22.22799286694441,19.571419211203104,-0.44381867165457617,-0.9704823314928899,-138.42676216992342
12.301565065543123,-22.233483607192614,19.573203257934885,-0.4433350448934623,-0.9705325335130255,-138.39612544047347
12.31061674692056,-22.238974637487413,19.57498856373334,-0.4428515760665951,-0.9705825797786514,-138.3654766609808
12.31966850853909,-22.24446595774632,19.57677512859848,-0.4423682651971462,-0.9706324702985785,-138.33481583144552
12.328720350676537,-22.249957567886828,19.578562952530287,-0.4418851123082979,-0.9706822050816402,-138.30414295186748
12.337772273610922,-22.255449467826466,19.58035203552878,-0.441402117423243,-0.970731784136688,-138.27345802224687
12.34682427762034,-22.260941657482856,19.582142377593954,-0.44091928056518387,-0.9707812074725983,-138.2427610425835
12.355876362982789,-22.266434136773466,19.583933978725796,-0.4404366017573345,-0.9708304750982648,-138.2120520128776
12.364928529976474,-22.271926905615924,19.585726838924323,-0.4399540810229177,-0.9708795870226045,-138.1813309331289
12.373980778879675,-22.27741996392785,19.587520958189526,-0.4394717183851669,-0.9709285432545542,-138.1505978033376
12.383033109970567,-22.282913311626785,19.589316336521417,-0.43898951386732693,-0.9709773438030711,-138.11985262350365
12.392085523527546,-22.2884069486304,19.591112973919977,-0.4385074674926523,-0.9710259886771371,-138.08909539362702
12.40113801982907,-22.29390087485634,19.59291087038521,-0.43802557928440633,-0.9710744778857502,-138.05832611370775
12.410190599153497,-22.29939509022219,19.59471002591713,-0.4375438492658653,-0.9711228114379314,-138.02754478374572
12.419243261779403,-22.304889594645655,19.59651044051573,-0.43706227746031373,-0.9711709893427234,-137.99675140374117
12.428296007985432,-22.310384388044447,19.59831211418101,-0.4365808638910465,-0.971219011609189,-137.96594597369386
12.437348838050129,-22.315879470336196,19.600115046912958,-0.4360996085813702,-0.9712668782464124,-137.93512849360388
12.446401752252248,-22.321374841438615,19.601919238711588,-0.43561851155460035,-0.9713145892634982,-137.9042989634713
12.455454750870615,-22.326870501269486,19.6037246895769,-0.4351375728340626,-0.9713621446695728,-137.873457383296
12.46450783418396,-22.332366449746452,19.605531399508884,-0.43465679244309413,-0.9714095444737824,-137.8426037530781
12.473561002471222,-22.337862686787307,19.607339368507557,-0.43417617040504136,-0.9714567886852952,-137.81173807281743
12.482614256011406,-22.343359212309835,19.6091485965729,-0.43369570674326036,-0.9715038773133005,-137.78086034251416
12.491667595083422,-22.348856026231747,19.610959083704923,-0.43321540148111964,-0.971550810367007,-137.74997056216824
12.500721019966411,-22.35435312847087,19.61277082990362,-0.4327352546419949,-0.9715975878556468,-137.71906873177963
12.509774530939543,-22.359850518945024,19.614583835169007,-0.4322552662492744,-0.9716442097884701,-137.6881548513484
12.51882812828192,-22.36534819757197,19.616398099501065,-0.431775436326356,-0.9716906761747507,-137.65722892087442
12.527881812272854,-22.37084616426957,19.6182136228998,-0.4312957648966475,-0.9717369870237824,-137.62629094035785
12.536935583191715,-22.376344418955682,19.62003040536522,-0.43081625198356605,-0.971783142344878,-137.59534090979858
12.545989441317786,-22.38184296154812,19.62184844689731,-0.4303368976105413,-0.9718291421473755,-137.56437882919664
12.555043386930556,-22.387341791964772,19.623667747496082,-0.42985770180101074,-0.9718749864406296,-137.5334046985521
12.564097420309587,-22.392840910123564,19.62548830716153,-0.42937866457842294,-0.9719206752340193,-137.50241851786484
12.57315154173433,-22.398340315942306,19.627310125893658,-0.4288997859662373,-0.971966208536941,-137.47142028713495
12.582205751484477,-22.403840009338953,19.62913320369247,-0.4284210659879224,-0.9720115863588159,-137.44041000636236
12.59126004983976,-22.40933999023147,19.63095754055795,-0.4279425046669564,-0.9720568087090836,-137.40938767554712
12.60031443707983,-22.41484025853772,19.63278313649011,-0.4274641020268305,-0.972101875597206,-137.3783532946892
12.609368913484543,-22.420340814175677,19.634609991488958,-0.42698585809104267,-0.9721467870326642,-137.34730686378865
12.618423479333824,-22.425841657063337,19.63643810555448,-0.4265077728831023,-0.9721915430249622,-137.31624838284543
12.627478134907513,-22.431342787118627,19.63826747868668,-0.4260298464265302,-0.9722361435836243,-137.2851778518595
12.636532880485698,-22.436844204259593,19.64009811088556,-0.4255520787448549,-0.9722805887181956,-137.25409527083093
12.64558771634834,-22.442345908404175,19.64193000215111,-0.4250744698616169,-0.9723248784382418,-137.22300063975968
