galstreams/tracks/track.st.Murrumbidgee.grillmair2017b.ecsv
# %ECSV 0.9
# ---
# datatype:
# - {name: ra, unit: deg, datatype: float64}
# - {name: dec, unit: deg, datatype: float64}
# - {name: distance, unit: kpc, datatype: float64}
# - {name: pm_ra_cosdec, unit: mas / yr, datatype: float64}
# - {name: pm_dec, unit: mas / yr, datatype: float64}
# - {name: radial_velocity, unit: km / s, datatype: float64}
# delimiter: ','
# meta: !!omap
# - __serialized_columns__:
#     dec:
#       __class__: astropy.coordinates.angles.Latitude
#       unit: &id001 !astropy.units.Unit {unit: deg}
#       value: !astropy.table.SerializedColumn {name: dec}
#     distance:
#       __class__: astropy.coordinates.distances.Distance
#       unit: !astropy.units.Unit {unit: kpc}
#       value: !astropy.table.SerializedColumn {name: distance}
#     pm_dec:
#       __class__: astropy.units.quantity.Quantity
#       unit: !astropy.units.Unit {unit: mas / yr}
#       value: !astropy.table.SerializedColumn {name: pm_dec}
#     pm_ra_cosdec:
#       __class__: astropy.units.quantity.Quantity
#       unit: !astropy.units.Unit {unit: mas / yr}
#       value: !astropy.table.SerializedColumn {name: pm_ra_cosdec}
#     ra:
#       __class__: astropy.coordinates.angles.Longitude
#       unit: *id001
#       value: !astropy.table.SerializedColumn {name: ra}
#       wrap_angle: !astropy.coordinates.Angle
#         unit: *id001
#         value: 360.0
#     radial_velocity:
#       __class__: astropy.units.quantity.Quantity
#       unit: !astropy.units.Unit {unit: km / s}
#       value: !astropy.table.SerializedColumn {name: radial_velocity}
# schema: astropy-2.0
ra,dec,distance,pm_ra_cosdec,pm_dec,radial_velocity
[from data line 4251]
39.587332074233586,-50.522536536520015,19.99999999999995,0.0,0.0,0.0
39.57260071788192,-50.51819911953233,19.999999999999954,0.0,0.0,0.0
39.55787148720775,-50.5138601965012,19.99999999999995,0.0,0.0,0.0
39.54314438520855,-50.509519765698656,19.99999999999995,0.0,0.0,0.0
39.52841941488386,-50.50517782539774,19.99999999999995,0.0,0.0,0.0
39.51369657923495,-50.50083437387222,19.99999999999995,0.0,0.0,0.0
39.49897588126531,-50.49648940939689,19.999999999999947,0.0,0.0,0.0
39.484257323980195,-50.492142930247375,19.99999999999995,0.0,0.0,0.0
39.46954091038698,-50.48779493470028,19.999999999999954,0.0,0.0,0.0
39.454826643494705,-50.48344542103299,19.99999999999995,0.0,0.0,0.0
39.44011452631457,-50.47909438752388,19.99999999999995,0.0,0.0,0.0
39.425404561859594,-50.47474183245223,19.99999999999995,0.0,0.0,0.0
39.41069675314475,-50.470387754098205,19.99999999999995,0.0,0.0,0.0
39.39599110318695,-50.46603215074294,19.99999999999995,0.0,0.0,0.0
39.38128761500482,-50.46167502066839,19.99999999999995,0.0,0.0,0.0
39.366586291619114,-50.45731636215749,19.99999999999995,0.0,0.0,0.0
39.351887136052355,-50.452956173494094,19.99999999999995,0.0,0.0,0.0
39.33719015132896,-50.44859445296301,19.99999999999995,0.0,0.0,0.0
39.322495340475314,-50.444231198849934,19.999999999999947,0.0,0.0,0.0
39.30780270651943,-50.43986640944145,19.99999999999995,0.0,0.0,0.0
39.293112252491426,-50.43550008302517,19.99999999999995,0.0,0.0,0.0
39.27842398142318,-50.43113221788958,19.99999999999995,0.0,0.0,0.0
39.263737896348424,-50.42676281232413,19.999999999999947,0.0,0.0,0.0
39.249054000302806,-50.42239186461924,19.99999999999995,0.0,0.0,0.0
39.234372296323606,-50.41801937306617,19.99999999999995,0.0,0.0,0.0
39.21969278745013,-50.413645335957234,19.99999999999995,0.0,0.0,0.0
39.20501547672345,-50.40926975158563,19.99999999999995,0.0,0.0,0.0
39.19034036718653,-50.404892618245604,19.99999999999995,0.0,0.0,0.0
39.17566746188389,-50.40051393423218,19.999999999999947,0.0,0.0,0.0
39.160996763862116,-50.39613369784152,19.99999999999995,0.0,0.0,0.0
39.14632827616949,-50.39175190737064,19.99999999999995,0.0,0.0,0.0
39.131662001856114,-50.38736856111756,19.99999999999995,0.0,0.0,0.0
39.116997943973836,-50.38298365738127,19.99999999999995,0.0,0.0,0.0
39.102336105576384,-50.37859719446174,19.99999999999995,0.0,0.0,0.0
39.087676489719016,-50.37420917065981,19.99999999999995,0.0,0.0,0.0
39.073019099458996,-50.36981958427741,19.99999999999995,0.0,0.0,0.0
39.05836393785525,-50.3654284336174,19.99999999999995,0.0,0.0,0.0
39.04371100796854,-50.36103571698368,19.99999999999995,0.0,0.0,0.0
39.02906031286116,-50.356641432680966,19.99999999999995,0.0,0.0,0.0
39.014411855597345,-50.352245579015126,19.99999999999995,0.0,0.0,0.0
38.999765639243,-50.34784815429295,19.999999999999947,0.0,0.0,0.0
38.98512166686575,-50.34344915682223,19.99999999999995,0.0,0.0,0.0
38.970479941535004,-50.339048584911765,19.999999999999947,0.0,0.0,0.0
38.95584046632168,-50.33464643687126,19.99999999999995,0.0,0.0,0.0
38.94120324429861,-50.33024271101153,19.99999999999995,0.0,0.0,0.0
38.92656827854027,-50.32583740564433,19.99999999999995,0.0,0.0,0.0
38.91193557212285,-50.32143051908245,19.99999999999995,0.0,0.0,0.0
38.897305128124074,-50.317022049639625,19.99999999999995,0.0,0.0,0.0
38.8826769496235,-50.31261199563063,19.99999999999995,0.0,0.0,0.0
38.868051039702344,-50.308200355371305,19.99999999999995,0.0,0.0,0.0
38.85342740144346,-50.303787127178424,19.999999999999947,0.0,0.0,0.0
38.83880603793133,-50.29937230936981,19.99999999999995,0.0,0.0,0.0
38.824186952252205,-50.294955900264334,19.99999999999995,0.0,0.0,0.0
38.80957014749375,-50.29053789818178,19.99999999999995,0.0,0.0,0.0
38.79495562674549,-50.28611830144308,19.999999999999954,0.0,0.0,0.0
38.78034339309854,-50.28169710837012,19.99999999999995,0.0,0.0,0.0
38.7657334496456,-50.277274317285865,19.99999999999995,0.0,0.0,0.0
38.75112579948092,-50.27284992651422,19.999999999999947,0.0,0.0,0.0
38.736520445700485,-50.268423934380216,19.99999999999995,0.0,0.0,0.0
38.72191739140184,-50.26399633920986,19.99999999999995,0.0,0.0,0.0
38.70731663968414,-50.259567139330265,19.99999999999995,0.0,0.0,0.0
38.69271819364818,-50.25513633306954,19.999999999999947,0.0,0.0,0.0
38.67812205639615,-50.25070391875678,19.99999999999995,0.0,0.0,0.0
38.663528231032025,-50.24626989472221,19.99999999999995,0.0,0.0,0.0
38.64893672066126,-50.241834259297086,19.99999999999995,0.0,0.0,0.0
38.634347528391004,-50.23739701081374,19.99999999999995,0.0,0.0,0.0
38.619760657329685,-50.232958147605444,19.99999999999995,0.0,0.0,0.0
38.60517611058754,-50.22851766800665,19.99999999999995,0.0,0.0,0.0
38.590593891276264,-50.22407557035281,19.99999999999995,0.0,0.0,0.0
38.576014002509105,-50.21963185298045,19.99999999999995,0.0,0.0,0.0
38.561436447400816,-50.21518651422717,19.99999999999995,0.0,0.0,0.0
38.54686122906779,-50.21073955243163,19.99999999999995,0.0,0.0,0.0
38.53228835062769,-50.20629096593351,19.99999999999995,0.0,0.0,0.0
38.51771781519991,-50.20184075307362,19.999999999999947,0.0,0.0,0.0
38.503149625905294,-50.19738891219382,19.99999999999995,0.0,0.0,0.0
38.48858378586624,-50.192935441637104,19.999999999999947,0.0,0.0,0.0
38.47402029820645,-50.18848033974739,19.99999999999995,0.0,0.0,0.0
38.4594591660513,-50.18402360486984,19.99999999999995,0.0,0.0,0.0
38.44490039252758,-50.179565235350616,19.99999999999995,0.0,0.0,0.0
38.43034398076357,-50.17510522953698,19.99999999999995,0.0,0.0,0.0
38.41578993388905,-50.17064358577733,19.999999999999947,0.0,0.0,0.0
38.40123825503508,-50.16618030242103,19.999999999999947,0.0,0.0,0.0
38.386688947334385,-50.16171537781866,19.999999999999947,0.0,0.0,0.0
38.372142013921035,-50.15724881032183,19.99999999999995,0.0,0.0,0.0
38.35759745793058,-50.1527805982833,19.99999999999995,0.0,0.0,0.0
38.34305528250003,-50.1483107400569,19.99999999999995,0.0,0.0,0.0
38.32851549076764,-50.143839233997504,19.99999999999995,0.0,0.0,0.0
38.31397808587329,-50.13936607846119,19.99999999999995,0.0,0.0,0.0
38.29944307095819,-50.13489127180505,19.99999999999995,0.0,0.0,0.0
38.28491044916496,-50.1304148123874,19.99999999999995,0.0,0.0,0.0
38.27038022363771,-50.125936698567585,19.99999999999995,0.0,0.0,0.0
38.25585239752168,-50.12145692870603,19.99999999999995,0.0,0.0,0.0
38.241326973963766,-50.11697550116436,19.99999999999995,0.0,0.0,0.0
38.22680395611215,-50.112492414305294,19.99999999999995,0.0,0.0,0.0
38.21228334711642,-50.10800766649268,19.99999999999995,0.0,0.0,0.0
38.19776515012738,-50.10352125609141,19.99999999999995,0.0,0.0,0.0
38.18324936829736,-50.09903318146761,19.99999999999995,0.0,0.0,0.0
38.16873600477997,-50.09454344098846,19.99999999999995,0.0,0.0,0.0
38.154225062730205,-50.09005203302233,19.99999999999995,0.0,0.0,0.0
38.13971654530436,-50.08555895593869,19.99999999999995,0.0,0.0,0.0
38.12521045566014,-50.08106420810815,19.999999999999954,0.0,0.0,0.0
38.11070679695637,-50.07656778790242,19.99999999999995,0.0,0.0,0.0
38.0962055723534,-50.072069693694395,19.99999999999995,0.0,0.0,0.0
38.08170678501282,-50.067569923858116,19.99999999999995,0.0,0.0,0.0
38.0672104380976,-50.0630684767688,19.99999999999995,0.0,0.0,0.0
38.05271653477178,-50.058565350802674,19.999999999999947,0.0,0.0,0.0
38.03822507820093,-50.054060544337254,19.999999999999947,0.0,0.0,0.0
38.0237360715518,-50.049554055751145,19.99999999999995,0.0,0.0,0.0
38.009249517992444,-50.04504588342413,19.99999999999995,0.0,0.0,0.0
37.994765420692254,-50.040536025737175,19.99999999999995,0.0,0.0,0.0
37.980283782821665,-50.03602448107228,19.99999999999995,0.0,0.0,0.0
37.96580460755256,-50.03151124781275,19.99999999999995,0.0,0.0,0.0
37.951327898058054,-50.02699632434299,19.99999999999995,0.0,0.0,0.0
37.93685365751253,-50.0224797090486,19.99999999999995,0.0,0.0,0.0
37.92238188909142,-50.01796140031627,19.99999999999995,0.0,0.0,0.0
37.907912595971574,-50.01344139653392,19.999999999999954,0.0,0.0,0.0
37.89344578133104,-50.00891969609067,19.999999999999947,0.0,0.0,0.0
37.878981448349,-50.00439629737675,19.99999999999995,0.0,0.0,0.0
37.864519600205945,-49.99987119878361,19.99999999999995,0.0,0.0,0.0
37.85006024008356,-49.99534439870391,19.99999999999995,0.0,0.0,0.0
37.83560337116456,-49.99081589553134,19.99999999999995,0.0,0.0,0.0
37.82114899663305,-49.98628568766096,19.999999999999947,0.0,0.0,0.0
37.80669711967422,-49.98175377348889,19.99999999999995,0.0,0.0,0.0
37.79224774347453,-49.977220151412546,19.99999999999995,0.0,0.0,0.0
37.77780087122141,-49.972684819830384,19.99999999999995,0.0,0.0,0.0
37.763356506103634,-49.968147777142185,19.99999999999995,0.0,0.0,0.0
37.74891465131108,-49.96360902174886,19.99999999999995,0.0,0.0,0.0
37.73447531003476,-49.95906855205256,19.99999999999995,0.0,0.0,0.0
37.720038485466915,-49.95452636645662,19.99999999999995,0.0,0.0,0.0
37.70560418080069,-49.9499824633655,19.99999999999995,0.0,0.0,0.0
37.691172399230574,-49.945436841184964,19.99999999999995,0.0,0.0,0.0
37.67674314395211,-49.940889498321944,19.999999999999954,0.0,0.0,0.0
37.66231641816203,-49.93634043318462,19.99999999999995,0.0,0.0,0.0
37.64789222505795,-49.93178964418226,19.99999999999995,0.0,0.0,0.0
37.63347056783882,-49.92723712972547,19.999999999999947,0.0,0.0,0.0
37.61905144970458,-49.92268288822603,19.99999999999995,0.0,0.0,0.0
37.604634873856256,-49.91812691809691,19.99999999999995,0.0,0.0,0.0
37.590220843496006,-49.91356921775235,19.99999999999995,0.0,0.0,0.0
37.57580936182708,-49.90900978560779,19.99999999999995,0.0,0.0,0.0
37.561400432053595,-49.90444862007983,19.99999999999995,0.0,0.0,0.0
37.54699405738095,-49.89988571958638,19.99999999999995,0.0,0.0,0.0
37.532590241015505,-49.895321082546545,19.999999999999947,0.0,0.0,0.0
37.518188986164745,-49.89075470738068,19.99999999999995,0.0,0.0,0.0
37.503790296037,-49.886186592510285,19.99999999999995,0.0,0.0,0.0
37.48939417384183,-49.88161673635821,19.99999999999995,0.0,0.0,0.0
37.47500062278973,-49.87704513734848,19.99999999999995,0.0,0.0,0.0
37.46060964609225,-49.87247179390636,19.999999999999947,0.0,0.0,0.0
37.44622124696198,-49.8678967044584,19.99999999999995,0.0,0.0,0.0
37.43183542861234,-49.86331986743228,19.99999999999995,0.0,0.0,0.0
37.417452194257955,-49.85874128125704,19.99999999999995,0.0,0.0,0.0
37.40307154711434,-49.85416094436291,19.99999999999995,0.0,0.0,0.0
37.38869349039801,-49.8495788551814,19.99999999999995,0.0,0.0,0.0
37.37431802732654,-49.84499501214527,19.99999999999995,0.0,0.0,0.0
37.35994516111825,-49.84040941368844,19.999999999999954,0.0,0.0,0.0
37.34557489499263,-49.83582205824621,19.99999999999995,0.0,0.0,0.0
37.33120723217009,-49.83123294425506,19.99999999999995,0.0,0.0,0.0
37.316842175871926,-49.826642070152765,19.99999999999995,0.0,0.0,0.0
37.3024797293205,-49.82204943437839,19.99999999999995,0.0,0.0,0.0
37.28811989573889,-49.817455035372134,19.99999999999995,0.0,0.0,0.0
37.273762678351304,-49.81285887157559,19.99999999999995,0.0,0.0,0.0
37.25940808038279,-49.80826094143158,19.99999999999995,0.0,0.0,0.0
37.24505610505938,-49.8036612433842,19.99999999999995,0.0,0.0,0.0
37.230706755607876,-49.79905977587875,19.99999999999995,0.0,0.0,0.0
37.21636003525608,-49.79445653736191,19.99999999999995,0.0,0.0,0.0
37.202015947232695,-49.789851526281566,19.999999999999947,0.0,0.0,0.0
37.18767449476728,-49.78524474108689,19.99999999999995,0.0,0.0,0.0
37.17333568109028,-49.780636180228356,19.999999999999947,0.0,0.0,0.0
37.15899950943309,-49.776025842157736,19.99999999999995,0.0,0.0,0.0
37.14466598302775,-49.77141372532797,19.99999999999995,0.0,0.0,0.0
37.130335105107385,-49.766799828193406,19.99999999999995,0.0,0.0,0.0
37.1160068789059,-49.76218414920964,19.99999999999995,0.0,0.0,0.0
37.101681307658104,-49.757566686833584,19.99999999999995,0.0,0.0,0.0
37.08735839459944,-49.75294743952334,19.99999999999995,0.0,0.0,0.0
37.073038142966425,-49.748326405738425,19.99999999999995,0.0,0.0,0.0
37.05872055599626,-49.743703583939585,19.999999999999947,0.0,0.0,0.0
37.04440563692703,-49.73907897258888,19.99999999999995,0.0,0.0,0.0
37.03009338899766,-49.73445257014969,19.999999999999947,0.0,0.0,0.0
37.01578381544771,-49.72982437508663,19.99999999999995,0.0,0.0,0.0
37.001476919517735,-49.72519438586567,19.99999999999995,0.0,0.0,0.0
36.98717270444896,-49.720562600954075,19.99999999999995,0.0,0.0,0.0
36.97287117348355,-49.71592901882046,19.99999999999995,0.0,0.0,0.0
36.95857232986416,-49.711293637934624,19.99999999999995,0.0,0.0,0.0
36.944276176834485,-49.7066564567678,19.99999999999995,0.0,0.0,0.0
36.929982717638865,-49.70201747379248,19.99999999999995,0.0,0.0,0.0
36.915691955522426,-49.69737668748249,19.99999999999995,0.0,0.0,0.0
36.90140389373103,-49.69273409631295,19.99999999999995,0.0,0.0,0.0
36.88711853551136,-49.688089698760336,19.99999999999995,0.0,0.0,0.0
36.872835884110636,-49.68344349330238,19.999999999999947,0.0,0.0,0.0
36.85855594277698,-49.67879547841818,19.99999999999995,0.0,0.0,0.0
36.844278714759206,-49.67414565258816,19.99999999999995,0.0,0.0,0.0
36.83000420330688,-49.669494014294095,19.99999999999995,0.0,0.0,0.0
36.815732411670076,-49.66484056201898,19.99999999999995,0.0,0.0,0.0
36.801463343099805,-49.66018529424725,19.99999999999995,0.0,0.0,0.0
36.78719700084766,-49.65552820946464,19.99999999999995,0.0,0.0,0.0
36.772933388165974,-49.65086930615821,19.999999999999947,0.0,0.0,0.0
36.758672508307754,-49.646208582816385,19.99999999999995,0.0,0.0,0.0
36.74441436452654,-49.64154603792882,19.999999999999947,0.0,0.0,0.0
36.73015896007674,-49.63688166998664,19.999999999999947,0.0,0.0,0.0
36.715906298213305,-49.632215477482255,19.999999999999954,0.0,0.0,0.0
36.701656382191885,-49.62754745890942,19.99999999999995,0.0,0.0,0.0
36.68740921526882,-49.62287761276328,19.99999999999995,0.0,0.0,0.0
36.673164800700896,-49.61820593754018,19.99999999999995,0.0,0.0,0.0
36.65892314174574,-49.61353243173798,19.999999999999947,0.0,0.0,0.0
36.644684241661516,-49.60885709385581,19.99999999999995,0.0,0.0,0.0
36.630448103707025,-49.604179922394174,19.99999999999995,0.0,0.0,0.0
36.61621473114172,-49.599500915854954,19.99999999999995,0.0,0.0,0.0
36.6019841272255,-49.59482007274128,19.999999999999947,0.0,0.0,0.0
36.58775629521903,-49.59013739155775,19.99999999999995,0.0,0.0,0.0
36.5735312383835,-49.58545287081028,19.99999999999995,0.0,0.0,0.0
36.55930895998077,-49.5807665090062,19.99999999999995,0.0,0.0,0.0
36.54508946327306,-49.576078304654075,19.99999999999995,0.0,0.0,0.0
36.530872751523354,-49.57138825626396,19.999999999999947,0.0,0.0,0.0
36.51665882799514,-49.5666963623472,19.99999999999995,0.0,0.0,0.0
36.502447695952476,-49.56200262141656,19.99999999999995,0.0,0.0,0.0
36.48823935866002,-49.55730703198619,19.999999999999947,0.0,0.0,0.0
36.474033819382754,-49.5526095925715,19.99999999999995,0.0,0.0,0.0
36.45983108138644,-49.54791030168936,19.99999999999995,0.0,0.0,0.0
36.44563114793727,-49.54320915785803,19.99999999999995,0.0,0.0,0.0
36.431434022301964,-49.538506159597105,19.99999999999995,0.0,0.0,0.0
36.41723970774781,-49.5338013054276,19.99999999999995,0.0,0.0,0.0
36.40304820754245,-49.52909459387182,19.99999999999995,0.0,0.0,0.0
36.38885952495416,-49.52438602345356,19.999999999999947,0.0,0.0,0.0
36.374673663251684,-49.51967559269793,19.99999999999995,0.0,0.0,0.0
36.36049062570422,-49.51496330013144,19.99999999999995,0.0,0.0,0.0
36.34631041558159,-49.51024914428207,19.999999999999947,0.0,0.0,0.0
36.332133036153806,-49.50553312367902,19.99999999999995,0.0,0.0,0.0
36.317958490691574,-49.500815236853,19.999999999999947,0.0,0.0,0.0
36.303786782465984,-49.49609548233611,19.99999999999995,0.0,0.0,0.0
36.28961791474866,-49.49137385866183,19.99999999999995,0.0,0.0,0.0
36.275451890811475,-49.48665036436497,19.99999999999995,0.0,0.0,0.0
36.26128871392692,-49.48192499798183,19.99999999999995,0.0,0.0,0.0
36.24712838736787,-49.47719775805007,19.999999999999947,0.0,0.0,0.0
36.23297091440761,-49.47246864310874,19.99999999999995,0.0,0.0,0.0
36.21881629831983,-49.467737651698314,19.99999999999995,0.0,0.0,0.0
36.20466454237872,-49.463004782360706,19.99999999999995,0.0,0.0,0.0
