galstreams/tracks/track.st.Sylgr.ibata2021.ecsv
# %ECSV 1.0
# ---
# datatype:
# - {name: ra, unit: deg, datatype: float64}
# - {name: dec, unit: deg, datatype: float64}
# - {name: distance, unit: kpc, datatype: float64}
# - {name: pm_ra_cosdec, unit: mas / yr, datatype: float64}
# - {name: pm_dec, unit: mas / yr, datatype: float64}
# - {name: radial_velocity, unit: km / s, datatype: float64}
# delimiter: ','
# meta: !!omap
# - __serialized_columns__:
#     dec:
#       __class__: astropy.coordinates.angles.Latitude
#       unit: &id001 !astropy.units.Unit {unit: deg}
#       value: !astropy.table.SerializedColumn {name: dec}
#     distance:
#       __class__: astropy.coordinates.distances.Distance
#       unit: !astropy.units.Unit {unit: kpc}
#       value: !astropy.table.SerializedColumn {name: distance}
#     pm_dec:
#       __class__: astropy.units.quantity.Quantity
#       unit: !astropy.units.Unit {unit: mas / yr}
#       value: !astropy.table.SerializedColumn {name: pm_dec}
#     pm_ra_cosdec:
#       __class__: astropy.units.quantity.Quantity
#       unit: !astropy.units.Unit {unit: mas / yr}
#       value: !astropy.table.SerializedColumn {name: pm_ra_cosdec}
#     ra:
#       __class__: astropy.coordinates.angles.Longitude
#       unit: *id001
#       value: !astropy.table.SerializedColumn {name: ra}
#       wrap_angle: !astropy.coordinates.Angle
#         unit: *id001
#         value: 360.0
#     radial_velocity:
#       __class__: astropy.units.quantity.Quantity
#       unit: !astropy.units.Unit {unit: km / s}
#       value: !astropy.table.SerializedColumn {name: radial_velocity}
# schema: astropy-2.0
ra,dec,distance,pm_ra_cosdec,pm_dec,radial_velocity
[from data line 1949]
182.32088682584916,-1.2736796840224995,4.22659406583864,-12.341091085944196,-11.070361649523312,-164.58016827511014
182.33057720768218,-1.270470484284292,4.228533029086933,-12.335057429881655,-11.06400777358215,-164.32215380910927
182.34026836026865,-1.2672628744872154,4.230474125157752,-12.32902232715649,-11.057653426932859,-164.06226030281687
182.34996028321822,-1.264056853811626,4.232417355742091,-12.32298577475326,-11.05129860853532,-163.80048482455695
182.35965297614038,-1.2608524214379444,4.234362722530945,-12.316947769656391,-11.044943317349615,-163.5368244426537
182.36934643864458,-1.2576495765466567,4.2363102272153075,-12.310908308850196,-11.038587552336015,-163.27127622543128
182.37904067034006,-1.2544483183183235,4.238259871486173,-12.304867389318874,-11.032231312454984,-163.0038372412135
182.38873567083598,-1.2512486459335708,4.240211657034539,-12.29882500804649,-11.02587459666719,-162.73450455832472
182.39843143974142,-1.2480505585730906,4.242165585551397,-12.292781162017015,-11.019517403933504,-162.463275245089
182.4081279766652,-1.24485405541765,4.2441216587277415,-12.286735848214285,-11.013159733214986,-162.19014636983025
182.41782528121624,-1.2416591356480764,4.246079878254567,-12.280689063622019,-11.006801583472912,-161.91511500087282
182.42752335300318,-1.2384657984452676,4.248040245822868,-12.274640805223811,-11.000442953668731,-161.6381782065407
182.43722219163456,-1.235274042990193,4.25000276312364,-12.268591070003158,-10.994083842764114,-161.35933305515798
182.4469217967188,-1.232083868463886,4.251967431847877,-12.26253985494342,-10.987724249720921,-161.0785766150489
182.45662216786428,-1.2288952740474481,4.253934253686574,-12.25648715702784,-10.981364173501216,-160.79590595453732
182.46632330467918,-1.2257082589220518,4.2559032303307225,-12.250432973239558,-10.97500361306727,-160.51131814194736
182.47602520677157,-1.2225228222689355,4.257874363471321,-12.244377300561558,-10.968642567381535,-160.2248102456032
182.48572787374945,-1.2193389632694032,4.259847654799362,-12.238320135976746,-10.962281035406688,-159.936379333829
182.49543130522065,-1.2161566811048297,4.261823106005841,-12.232261476467892,-10.955919016105588,-159.64602247494884
182.50513550079287,-1.212975974956658,4.2638007187817495,-12.226201319017651,-10.949556508441313,-159.35373673728674
182.51484046007374,-1.2097968440063949,4.2657804948180855,-12.22013966060854,-10.943193511377125,-159.0595191891667
182.52454618267078,-1.206619287435619,4.267762435805841,-12.214076498222985,-10.936830023876508,-158.76336689891303
182.53425266819133,-1.203443304425974,4.269746543436012,-12.208011828843281,-10.93046604490314,-158.46527693484984
182.5439599162426,-1.2002688941591684,4.271732819399591,-12.201945649451602,-10.92410157342089,-158.16524636530093
182.55366792643184,-1.1970960558169845,4.273721265387576,-12.195877957029987,-10.917736608393849,-157.86327225859083
182.56337669836594,-1.1939247885812676,4.275711883090958,-12.189808748560395,-10.911371148786309,-157.55935168304327
182.5730862316519,-1.190755091633932,4.277704674200732,-12.18373802102463,-10.905005193562754,-157.25348170698248
182.5827965258964,-1.1875869641569567,4.279699640407895,-12.1776657714044,-10.898638741687884,-156.94565939873257
182.5925075807062,-1.1844204053323903,4.28169678340344,-12.171591996681263,-10.892271792126595,-156.63588182661763
182.60221939568777,-1.1812554143423484,4.283696104878359,-12.165516693836697,-10.885904343844004,-156.32414605896176
182.61193197044759,-1.1780919903690132,4.285697606523649,-12.15943985985204,-10.879536395805415,-156.010449164089
182.6216453045919,-1.1749301325946344,4.287701290030305,-12.153361491708495,-10.873167946976345,-155.69478821032354
182.63135939772692,-1.1717698402015269,4.289707157089321,-12.147281586387173,-10.866798996322519,-155.37716026598946
182.64107424945877,-1.1686111123720717,4.291715209391688,-12.141200140869055,-10.860429542809875,-155.05756239941093
182.65078985939334,-1.1654539482887218,4.293725448628406,-12.13511715213499,-10.854059585404531,-154.73599167891177
182.66050622713647,-1.1622983471339923,4.295737876490467,-12.129032617165727,-10.847689123072845,-154.41244517281635
182.67022335229387,-1.159144308090467,4.297752494668864,-12.122946532941892,-10.841318154781364,-154.08691994944857
182.6799412344712,-1.1559918303407961,4.299769304854592,-12.116858896443976,-10.834946679496854,-153.75941307713262
182.68965987327385,-1.1528409130676949,4.301788308738649,-12.11076970465235,-10.828574696186262,-153.42992162419273
182.69937926830727,-1.1496915554539493,4.303809508012025,-12.104678954547294,-10.822202203816788,-153.09844265895282
182.70909941917665,-1.1465437566824057,4.305832904365716,-12.098586643108934,-10.815829201355795,-152.76497324973707
182.71882032548714,-1.1433975159359826,4.307858499490716,-12.0924927673173,-10.809455687770892,-152.42951046486968
182.72854198684374,-1.1402528323976613,4.3098862950780195,-12.086397324152285,-10.803081662029873,-152.0920513726743
182.73826440285137,-1.1371097052504924,4.311916292818624,-12.080300310593655,-10.79670712310074,-151.75259304147562
182.74798757311478,-1.1339681336775878,4.313948494403518,-12.074201723621096,-10.790332069951736,-151.4111325395973
182.75771149723863,-1.1308281168621326,4.315982901523705,-12.068101560214117,-10.783956501551268,-151.06766693536358
182.7674361748275,-1.1276896539873726,4.318019515870169,-12.061999817352167,-10.777580416868007,-150.72219329709864
182.7771616054858,-1.1245527442366217,4.320058339133912,-12.055896492014517,-10.771203814870786,-150.3747086931266
182.7868877888178,-1.1214173867932602,4.322099373005924,-12.049791581180353,-10.76482669452867,-150.02521019177132
182.7966147244277,-1.1182835808407328,4.324142619177199,-12.04368508182874,-10.758449054810951,-149.67369486135706
182.80634241191964,-1.115151325562555,4.326188079338737,-12.037576990938598,-10.752070894687101,-149.3201597702081
182.81607085089752,-1.1120206201422997,4.328235755181528,-12.031467305488754,-10.745692213126826,-148.96460198664826
182.8258000409652,-1.1088914637636131,4.330285648396569,-12.025356022457887,-10.739313009100037,-148.60701857900165
182.83552998172638,-1.1057638556102036,4.332337760674851,-12.019243138824594,-10.732933281576868,-148.24740661559238
182.8452606727847,-1.1026377948658475,4.334392093707372,-12.013128651567307,-10.726553029527652,-147.88576316474467
182.85499211374366,-1.0995132807143848,4.336448649185125,-12.007012557664366,-10.720172251922936,-147.52208529478258
182.86472430420662,-1.0963903123397227,4.338507428799102,-12.000894854093977,-10.7137909477335,-147.15637007403024
182.87445724377682,-1.093268888925833,4.340568434240303,-11.994775537834228,-10.70740911593031,-146.78861457081146
182.88419093205744,-1.090149009656753,4.342631667199716,-11.9886546058631,-10.701026755484575,-146.41881585345075
182.89392536865148,-1.0870306737165851,4.344697129368342,-11.982532055158421,-10.694643865367695,-146.04697099027211
182.90366055316187,-1.0839138802894999,4.346764822437169,-11.976407882697929,-10.688260444551299,-145.6730770495994
182.91339648519136,-1.0807986285597289,4.348834748097196,-11.970282085459232,-10.681876492007229,-145.2971310997569
182.92313316434272,-1.0776849177115735,4.350906908039418,-11.964154660419798,-10.67549200670754,-144.9191302090687
182.9328705902184,-1.0745727469293949,4.3529813039548255,-11.958025604556996,-10.6691069876245,-144.53907144585875
182.94260876242097,-1.0714621153976267,4.355057937534416,-11.951894914848078,-10.662721433730608,-144.15695187845134
182.95234768055266,-1.068353022300761,4.35713681046918,-11.945762588270144,-10.656335343998565,-143.77276857517043
182.96208734421575,-1.0652454668233566,4.359217924450121,-11.939628621800193,-10.649948717401283,-143.38651860434024
182.9718277530123,-1.0621394481500417,4.361301281168223,-11.933493012415122,-10.643561552911928,-142.9981990342848
182.9815689065443,-1.0590349654655054,4.363386882314485,-11.927355757091668,-10.637173849503839,-142.60780693332836
182.99131080441364,-1.0559320179545,4.365474729579903,-11.921216852806461,-10.630785606150596,-142.21533936979478
183.00105344622207,-1.0528306048018454,4.367564824655467,-11.915076296536018,-10.624396821825995,-141.82079341200813
183.01079683157124,-1.0497307251924273,4.369657169232177,-11.908934085256723,-10.618007495504049,-141.42416612829277
183.02054096006262,-1.0466323783111955,4.371751765001023,-11.90279021594485,-10.611617626158994,-141.02545458697256
183.0302858312977,-1.043535563343161,4.373848613653003,-11.896644685576527,-10.605227212765275,-140.62465585637176
183.0400314448777,-1.0404402794734058,4.375947716879107,-11.890497491127809,-10.598836254297575,-140.22176700481427
183.04977780040386,-1.0373465258870693,4.378049076370333,-11.884348629574568,-10.592444749730774,-139.81678510062446
183.0595248974772,-1.034254301769361,4.380152693817676,-11.878198097892588,-10.58605269803999,-139.40970721212622
183.06927273569866,-1.0311636063055563,4.382258570912126,-11.872045893057535,-10.579660098200561,-139.0005304076439
183.0790213146691,-1.0280744386809844,4.384366709344683,-11.865892012044936,-10.573266949188033,-138.58925175550118
183.08877063398927,-1.0249867980810499,4.3864771108063385,-11.859736451830205,-10.566873249978185,-138.1758683240225
183.0985206932597,-1.02190068369122,4.388589776988086,-11.853579209388633,-10.560478999547012,-137.7603771815317
183.10827149208095,-1.0188160946970184,4.3907047095809215,-11.847420281695381,-10.55408419687074,-137.34277539635318
183.1180230300533,-1.015733030284043,4.39282191027584,-11.841259665725504,-10.5476888409258,-136.92306003681077
183.12777530677712,-1.0126514896379513,4.394941380763834,-11.835097358453917,-10.541292930688867,-136.50122817122872
183.13752832185256,-1.009571471944462,4.3970631227359,-11.828933356855424,-10.534896465136823,-136.07727686793112
183.1472820748795,-1.0064929763893646,4.399187137883033,-11.822767657904691,-10.528499443246773,-135.65120319524186
183.15703656545804,-1.0034160021585081,4.401313427896223,-11.816600258576296,-10.522101863996067,-135.22300422148544
183.16679179318788,-1.0003405484378027,4.403441994466469,-11.810431155844645,-10.51570372636225,-134.7926770149857
183.17654775766874,-0.9972666144132277,4.405572839284764,-11.804260346684067,-10.509305029323112,-134.36021864406672
183.1863044585002,-0.9941941992708251,4.4077059640421,-11.798087828068734,-10.502905771856655,-133.9256261770525
183.1960618952817,-0.9911233021966974,4.4098413704294765,-11.791913596972716,-10.496505952941117,-133.48889668226744
183.2058200676126,-0.9880539223770182,4.411979060137885,-11.785737650369956,-10.490105571554952,-133.05002722803533
183.21557897509214,-0.984986058998015,4.414119034858322,-11.779559985234265,-10.483704626676841,-132.60901488268055
183.2253386173194,-0.9819197112459837,4.416261296281777,-11.773380598539346,-10.477303117285706,-132.16585671452688
183.23509899389347,-0.9788548783072876,4.41840584609925,-11.767199487258749,-10.470901042360662,-131.7205497918987
183.2448601044132,-0.9757915593683453,4.420552686001731,-11.761016648365954,-10.464498400881096,-131.27309118312013
183.25462194847734,-0.972729753615643,4.422701817680218,-11.754832078834266,-10.458095191826583,-130.82347795651506
183.2643845256846,-0.969669460235734,4.424853242825702,-11.748645775636891,-10.45169141417694,-130.37170718040764
183.2741478356335,-0.9666106784152284,4.427006963129181,-11.742457735746898,-10.445287066912213,-129.917775923122
183.2839118779225,-0.9635534073408001,4.4291629802816495,-11.736267956137254,-10.438882149012674,-129.46168125298215
183.2936766521499,-0.9604976461991914,4.431321295974099,-11.730076433780788,-10.432476659458827,-129.00342023831234
183.30344215791396,-0.9574433941772026,4.433481911897526,-11.7238831656502,-10.426070597231398,-128.54298994743664
183.31320839481276,-0.9543906504617004,4.435644829742923,-11.717688148718084,-10.419663961311347,-128.080387448679
183.32297536244428,-0.9513394142396135,4.437810051201287,-11.711491379956898,-10.413256750679865,-127.6156098103637
183.3327430604064,-0.9482896846979315,4.439977577963609,-11.705292856338973,-10.406848964318364,-127.1486541008149
183.34251148829685,-0.9452414610237085,4.442147411720888,-11.699092574836532,-10.40044060120849,-126.6795173883563
183.3522806457133,-0.9421947424040619,4.444319554164115,-11.692890532421659,-10.394031660332127,-126.20819674131229
183.36205053225333,-0.9391495280261711,4.446494006984287,-11.686686726066307,-10.387622140671374,-125.73468922800699
183.3718211475143,-0.9361058170772786,4.448670771872395,-11.68048115274234,-10.381212041208586,-125.25899191676447
183.38159249109358,-0.93306360874469,4.450849850519438,-11.674273809421459,-10.374801360926316,-124.78110187590876
183.39136456258834,-0.9300229022157702,4.453031244616405,-11.668064693075271,-10.368390098807378,-124.30101617376393
183.40113736159563,-0.9269836966779531,4.455214955854295,-11.661853800675233,-10.3619782538348,-123.8187318786542
183.41091088771248,-0.9239459913187292,4.457400985924101,-11.655641129192695,-10.35556582499185,-123.3342460589036
183.4206851405357,-0.9209097853256552,4.4595893365168155,-11.649426675598887,-10.34915281126203,-122.84755578283642
183.4304601196621,-0.9178750778863451,4.461780009323437,-11.643210436864885,-10.342739211629068,-122.35865811877632
183.44023582468827,-0.9148418681884815,4.463973006034957,-11.636992409961676,-10.33632502507693,-121.86755013504767
183.45001225521074,-0.9118101554198033,4.466168328342371,-11.630772591860106,-10.329910250589815,-121.3742288999746
183.45978941082592,-0.9087799387681174,4.4683659779366725,-11.624550979530902,-10.323494887152155,-120.87869148188102
183.46956729113018,-0.9057512174212913,4.470565956508857,-11.618327569944661,-10.317078933748624,-120.38093494909134
183.47934589571963,-0.9027239905672477,4.472768265749917,-11.612102360071843,-10.310662389364111,-119.88095636992945
183.48912522419036,-0.8996982573939807,4.47497290735085,-11.605875346882822,-10.304245252983764,-119.37875281271938
183.49890527613837,-0.8966740170895457,4.477179883002648,-11.599646527347806,-10.297827523592947,-118.8743213457853
183.50868605115946,-0.8936512688420497,4.479389194396307,-11.59341589843691,-10.291409200177275,-118.36765903745159
183.51846754884946,-0.8906300118396752,4.481600843222822,-11.587183457120089,-10.284990281722584,-117.85876295604191
183.5282497688039,-0.8876102452706538,4.483814831173183,-11.58094920036721,-10.278570767214964,-117.34763016988053
183.53803271061838,-0.8845919683232896,4.486031159938391,-11.574713125147998,-10.27215065564072,-116.83425774729153
183.54781637388828,-0.8815751801859414,4.488249831209435,-11.568475228432051,-10.265729945986411,-116.31864275659906
183.55760075820888,-0.8785598800470347,4.4904708466773124,-11.562235507188849,-10.25930863723883,-115.80078226612709
183.56738586317542,-0.8755460670950496,4.4926942080330186,-11.555993958387724,-10.252886728384995,-115.28067334419994
183.57717168838292,-0.8725337405185349,4.494919916967545,-11.549750578997925,-10.246464218412184,-114.75831305914151
183.58695823342637,-0.8695228995060968,4.497147975171887,-11.543505365988542,-10.240041106307899,-114.23369847927603
183.5967454979006,-0.8665135432464052,4.4993783843370405,-11.537258316328552,-10.233617391059875,-113.7068266729276
183.6065334814004,-0.8635056709281886,4.501611146153997,-11.531009426986802,-10.227193071656105,-113.17769470842012
183.61632218352037,-0.860499281740238,4.503846262313756,-11.524758694932025,-10.220768147084804,-112.64629965407777
183.62611160385504,-0.8574943748714052,4.506083734507306,-11.518506117132814,-10.214342616334438,-112.11263857822483
183.63590174199882,-0.8544909495106059,4.508323564425646,-11.512251690557637,-10.207916478393697,-111.57670854918523
183.645692597546,-0.8514890048468127,4.510565753759768,-11.505995412174858,-10.201489732251533,-111.03850663528293
