galstreams/tracks/track.st.Aquarius.williams2011.ecsv
# %ECSV 0.9
# ---
# datatype:
# - {name: ra, unit: deg, datatype: float64}
# - {name: dec, unit: deg, datatype: float64}
# - {name: distance, unit: kpc, datatype: float64}
# - {name: pm_ra_cosdec, unit: mas / yr, datatype: float64}
# - {name: pm_dec, unit: mas / yr, datatype: float64}
# - {name: radial_velocity, unit: km / s, datatype: float64}
# delimiter: ','
# meta: !!omap
# - __serialized_columns__:
#     dec:
#       __class__: astropy.coordinates.angles.Latitude
#       unit: &id001 !astropy.units.Unit {unit: deg}
#       value: !astropy.table.SerializedColumn {name: dec}
#     distance:
#       __class__: astropy.coordinates.distances.Distance
#       unit: !astropy.units.Unit {unit: kpc}
#       value: !astropy.table.SerializedColumn {name: distance}
#     pm_dec:
#       __class__: astropy.units.quantity.Quantity
#       unit: !astropy.units.Unit {unit: mas / yr}
#       value: !astropy.table.SerializedColumn {name: pm_dec}
#     pm_ra_cosdec:
#       __class__: astropy.units.quantity.Quantity
#       unit: !astropy.units.Unit {unit: mas / yr}
#       value: !astropy.table.SerializedColumn {name: pm_ra_cosdec}
#     ra:
#       __class__: astropy.coordinates.angles.Longitude
#       unit: *id001
#       value: !astropy.table.SerializedColumn {name: ra}
#       wrap_angle: !astropy.coordinates.Angle
#         unit: *id001
#         value: 360.0
#     radial_velocity:
#       __class__: astropy.units.quantity.Quantity
#       unit: !astropy.units.Unit {unit: km / s}
#       value: !astropy.table.SerializedColumn {name: radial_velocity}
# schema: astropy-2.0
ra,dec,distance,pm_ra_cosdec,pm_dec,radial_velocity
338.7831993505229,-7.539445802209778,4.835233745338128,3.520961490245202,-24.351096330549026,-200.1380238507695
338.79331474982905,-7.541577033986388,4.833996621621025,3.5255377458432475,-24.35797881414756,-200.14687326445673
338.8034302471058,-7.543708048066812,4.832759497903921,3.530114544128097,-24.364861075197258,-200.15572267814386
338.8135458423762,-7.5458388443495075,4.831522374186819,3.534691885285905,-24.37174311355391,-200.1645720918312
338.8236615356638,-7.547969422732998,4.830285250469714,3.5392697695028317,-24.37862492907332,-200.17342150551838
338.83377732699176,-7.550099783115747,4.82904812675261,3.543848196964972,-24.38550652161126,-200.18227091920556
338.8438932163833,-7.552229925396246,4.8278110030355075,3.548427167858414,-24.392387891023443,-200.19112033289287
338.85400920386166,-7.554359849472989,4.8265738793184045,3.5530066823691975,-24.39926903716565,-200.19996974658008
338.8641252894501,-7.556489555244476,4.8253367556013,3.5575867406833166,-24.406149959893593,-200.2088191602673
338.8742414731717,-7.558619042609189,4.824099631884198,3.5621673429867498,-24.41303065906297,-200.21766857395454
338.8843577550498,-7.560748311465672,4.822862508167096,3.5667484894654233,-24.41991113452949,-200.22651798764184
338.8944741351075,-7.562877361712419,4.821625384449991,3.571330180305259,-24.426791386148846,-200.23536740132897
338.90459061336793,-7.565006193247942,4.820388260732887,3.5759124156921014,-24.433671413776697,-200.2442168150163
338.91470718985425,-7.567134805970763,4.8191511370157825,3.5804951958117894,-24.4405512172687,-200.2530662287035
338.92482386458954,-7.5692631997793836,4.81791401329868,3.5850785208501303,-24.447430796480482,-200.26191564239073
338.9349406375971,-7.5713913745723715,4.816676889581577,3.589662390992875,-24.454310151267677,-200.27076505607798
338.9450575088998,-7.573519330248235,4.8154397658644745,3.594246806425756,-24.4611892814859,-200.27961446976522
338.955174478521,-7.575647066705513,4.81420264214737,3.598831767334476,-24.46806818699075,-200.28846388345232
338.9652915464835,-7.577774583842742,4.812965518430266,3.6034172739046806,-24.474946867637794,-200.29731329713962
338.97540871281046,-7.579901881558449,4.811728394713164,3.6080033263219913,-24.48182532328261,-200.30616271082687
338.985525977525,-7.58202895975122,4.810491270996059,3.6125899247720077,-24.48870355378076,-200.31501212451408
338.99564334065013,-7.584155818319584,4.809254147278957,3.6171770694402756,-24.49558155898777,-200.32386153820136
339.0057608022088,-7.5862824571621035,4.808017023561851,3.6217647605123244,-24.502459338759174,-200.33271095188852
339.0158783622241,-7.58840887617733,4.806779899844749,3.62635299817364,-24.50933689295047,-200.3415603655758
339.0259960207189,-7.5905350752638165,4.805542776127645,3.6309417826096597,-24.51621422141716,-200.35040977926298
339.03611377771625,-7.592661054320164,4.804305652410542,3.6355311140058006,-24.523091324014736,-200.35925919295028
339.04623163323913,-7.59478681324493,4.803068528693439,3.640120992547441,-24.52996820059865,-200.36810860663746
339.05634958731054,-7.596912351936689,4.801831404976335,3.6447114184199436,-24.536844851024366,-200.37695802032468
339.0664676399533,-7.599037670294021,4.800594281259231,3.6493023918086154,-24.543721275147323,-200.38580743401192
339.0765857911904,-7.601162768215513,4.799357157542129,3.6538939128987034,-24.55059747282294,-200.39465684769928
339.0867040410447,-7.603287645599735,4.798120033825027,3.6584859818754802,-24.55747344390662,-200.40350626138653
339.09682238953917,-7.605412302345317,4.7968829101079224,3.663078598924136,-24.56434918825379,-200.41235567507374
339.1069408366966,-7.60753673835084,4.795645786390818,3.667671764229841,-24.571224705719807,-200.42120508876093
339.11705938253994,-7.6096609535149,4.794408662673716,3.6722654779777413,-24.578099996160024,-200.43005450244812
339.127178027092,-7.611784947736108,4.793171538956612,3.676859740352925,-24.584975059429826,-200.4389039161354
339.13729677037554,-7.613908720913054,4.791934415239508,3.6814545515404644,-24.59184989538454,-200.44775332982258
339.1474156124135,-7.616032272944389,4.790697291522404,3.6860499117253824,-24.598724503879485,-200.45660274350982
339.1575345532287,-7.618155603728713,4.789460167805302,3.690645821092681,-24.605598884769964,-200.4654521571971
339.16765359284386,-7.620278713164645,4.788223044088197,3.6952422798273292,-24.6124730379113,-200.4743015708843
339.1777727312818,-7.622401601150816,4.786985920371095,3.699839288114234,-24.619346963158737,-200.48315098457158
339.1878919685652,-7.624524267585838,4.785748796653991,3.704436846138291,-24.626220660367586,-200.4920003982588
339.19801130471694,-7.626646712368385,4.784511672936888,3.709034954084359,-24.63309412939306,-200.50084981194598
339.20813073975967,-7.628768935397069,4.783274549219784,3.7136336121372406,-24.639967370090417,-200.50969922563326
339.2182502737162,-7.630890936570546,4.782037425502681,3.7182328204817536,-24.646840382314878,-200.51854863932044
339.2283699066092,-7.63301271578745,4.780800301785577,3.7228325793026165,-24.65371316592165,-200.52739805300772
339.2384896384613,-7.635134272946441,4.779563178068474,3.7274328887845574,-24.660585720765933,-200.5362474666949
339.2486094692952,-7.637255607946156,4.77832605435137,3.732033749112246,-24.667458046702908,-200.54509688038218
339.2587293991337,-7.639376720685293,4.7770889306342665,3.736635160470344,-24.674330143587742,-200.55394629406936
339.2688494279993,-7.641497611062496,4.775851806917164,3.741237123043433,-24.681202011275584,-200.5627957077566
339.2789695559147,-7.643618278976431,4.77461468320006,3.7458396370161,-24.688073649621572,-200.5716451214439
339.2890897829026,-7.645738724325779,4.773377559482957,3.750442702572883,-24.694945058480826,-200.58049453513112
339.29921010898545,-7.64785894700919,4.772140435765852,3.755046319898284,-24.701816237708474,-200.58934394881834
339.30933053418596,-7.649978946925387,4.770903312048749,3.759650489176768,-24.708687187159587,-200.59819336250544
339.3194510585267,-7.652098723973036,4.769666188331646,3.7642552105927596,-24.715557906689266,-200.60704277619283
339.32957168203023,-7.654218278050825,4.768429064614542,3.7688604843306663,-24.722428396152562,-200.61589218988004
339.3396924047191,-7.6563376090574495,4.7671919408974395,3.7734663105748374,-24.729298655404538,-200.62474160356732
339.3498132266158,-7.658456716891592,4.7659548171803365,3.778072689509607,-24.736168684300225,-200.6335910172545
339.359934147743,-7.660575601451985,4.764717693463233,3.7826796213192644,-24.74303848269466,-200.64244043094172
339.37005516812303,-7.662694262637324,4.76348056974613,3.787287106188049,-24.749908050442833,-200.65128984462905
339.38017628777857,-7.66481270034632,4.762243446029025,3.7918951443002022,-24.756777387399755,-200.66013925831618
339.39029750673194,-7.666930914477681,4.761006322311922,3.796503735839885,-24.763646493420406,-200.6689886720034
339.4004188250057,-7.66904890493013,4.759769198594818,3.801112880991256,-24.77051536835974,-200.6778380856907
339.4105402426223,-7.6711666716023785,4.7585320748777145,3.8057225799384233,-24.777384012072723,-200.68668749937785
339.4206617596042,-7.673284214393183,4.757294951160611,3.81033283286547,-24.78425242441429,-200.6955369130652
339.43078337597376,-7.67540153320126,4.756057827443508,3.8149436399564265,-24.791120605239353,-200.7043863267524
339.44090509175345,-7.677518627925344,4.754820703726405,3.8195550013953095,-24.79798855440282,-200.71323574043964
339.45102690696564,-7.67963549846418,4.753583580009301,3.824166917366075,-24.80485627175962,-200.72208515412683
339.46114882163266,-7.681752144716494,4.752346456292198,3.828779388052658,-24.811723757164597,-200.73093456781405
339.47127083577703,-7.68386856658107,4.751109332575093,3.833392413638975,-24.818591010472637,-200.7397839815012
339.48139294942104,-7.685984763956644,4.749872208857991,3.8380059943088716,-24.825458031538577,-200.74863339518853
339.49151516258695,-7.688100736741974,4.748635085140888,3.842620130246177,-24.832324820217266,-200.7574828088757
339.5016374752972,-7.690216484835823,4.747397961423785,3.847234821634682,-24.839191376363537,-200.76633222256305
339.51175988757393,-7.692332008136938,4.746160837706681,3.851850068658137,-24.846057699832183,-200.77518163625018
339.52188239943973,-7.694447306544128,4.744923713989578,3.856465871500279,-24.852923790477995,-200.78403104993745
339.53200501091663,-7.696562379956147,4.743686590272474,3.8610822303447785,-24.859789648155775,-200.79288046362464
339.54212772202703,-7.698677228271777,4.74244946655537,3.865699145375279,-24.866655272720276,-200.8017298773118
339.5522505327931,-7.700791851389801,4.741212342838266,3.870316616775395,-24.873520664026252,-200.81057929099921
339.5623734432371,-7.702906249208986,4.739975219121164,3.8749346447287145,-24.88038582192844,-200.81942870468646
339.57249645338135,-7.705020421628166,4.738738095404061,3.8795532294187747,-24.887250746281552,-200.82827811837353
339.58261956324793,-7.707134368546116,4.7375009716869565,3.884172371029052,-24.894115436940332,-200.83712753206086
339.59274277285914,-7.709248089861636,4.736263847969854,3.8887920697430536,-24.900979893759438,-200.84597694574808
339.60286608223714,-7.711361585473533,4.73502672425275,3.8934123257441966,-24.907844116593573,-200.85482635943535
339.6129894914041,-7.713474855280617,4.733789600535647,3.8980331392158756,-24.914708105297386,-200.8636757731225
339.62311300038215,-7.715587899181682,4.732552476818543,3.902654510341452,-24.921571859725557,-200.87252518680978
339.63323660919343,-7.717700717075582,4.73131535310144,3.907276439304245,-24.928435379732697,-200.88137460049708
339.64336031786013,-7.719813308861124,4.730078229384337,3.911898926287565,-24.935298665173438,-200.89022401418424
339.65348412640435,-7.7219256744371325,4.728841105667232,3.916521971474643,-24.942161715902397,-200.89907342787149
339.66360803484804,-7.724037813702444,4.727603981950128,3.9211455750486923,-24.94902453177417,-200.90792284155867
339.6737320432134,-7.72614972655587,4.726366858233025,3.925769737192912,-24.95588711264332,-200.91677225524592
339.6838561515226,-7.728261412896287,4.725129734515922,3.930394458090434,-24.962749458364428,-200.92562166893313
339.6939803597976,-7.730372872622521,4.723892610798819,3.9350197379243763,-24.96961156879204,-200.93447108262038
339.7041046680604,-7.732484105633423,4.722655487081714,3.9396455768778025,-24.976473443780712,-200.9433204963077
339.714229076333,-7.7345951118278435,4.721418363364613,3.944271975133754,-24.98333508318494,-200.95216990999486
339.7243535846376,-7.736705891104646,4.720181239647507,3.9488989328752266,-24.990196486859254,-200.96101932368208
339.73447819299594,-7.738816443362663,4.718944115930405,3.9535264502851866,-24.997057654658143,-200.96986873736938
339.74460290143026,-7.740926768500805,4.717706992213302,3.958154527546566,-25.003918586436082,-200.9787181510566
339.7547277099623,-7.743036866417925,4.716469868496198,3.962783164842248,-25.010779282047558,-200.98756756474387
339.7648526186142,-7.745146737012892,4.715232744779094,3.9674123623550948,-25.017639741347008,-200.99641697843103
339.7749776274078,-7.747256380184589,4.71399562106199,3.9720421202679237,-25.024499964188863,-201.00526639211836
339.78510273636505,-7.749365795831882,4.712758497344888,3.9766724387635173,-25.031359950427557,-201.01411580580557
339.79522794550786,-7.751474983853692,4.711521373627785,3.9813033180246302,-25.038219699917498,-201.0229652194927
339.8053532548582,-7.753583944148892,4.710284249910681,3.9859347582339604,-25.045079212513087,-201.03181463317995
339.81547866443776,-7.755692676616383,4.709047126193577,3.9905667595741776,-25.051938488068703,-201.04066404686722
339.8256041742686,-7.757801181155063,4.707810002476475,3.9951993222279425,-25.05879752643871,-201.04951346055444
339.8357297843724,-7.759909457663824,4.706572878759371,3.9998324463778303,-25.065656327477463,-201.05836287424162
339.84585549477123,-7.7620175060416035,4.705335755042268,4.004466132206423,-25.072514891039294,-201.0672122879289
339.8559813054867,-7.764125326187306,4.704098631325164,4.009100379896241,-25.07937321697855,-201.07606170161617
339.8661072165408,-7.766232917999844,4.702861507608061,4.013735189629795,-25.086231305149504,-201.08491111530333
339.87623322795514,-7.768340281378146,4.701624383890957,4.01837056158951,-25.093089155406492,-201.09376052899066
339.8863593397516,-7.770447416221117,4.700387260173853,4.023006495957818,-25.099946767603768,-201.10260994267793
339.89648555195197,-7.772554322427725,4.69915013645675,4.027642992917118,-25.106804141595603,-201.11145935636506
339.906611864578,-7.774660999896894,4.6979130127396465,4.03228005264974,-25.113661277236265,-201.12030877005233
339.9167382776514,-7.776767448527554,4.696675889022542,4.036917675337994,-25.120518174379978,-201.1291581837395
339.92686479119385,-7.778873668218661,4.69543876530544,4.041555861164159,-25.12737483288097,-201.13800759742676
339.93699140522716,-7.780979658869158,4.694201641588336,4.0461946103104705,-25.13423125259345,-201.1468570111139
339.9471181197729,-7.783085420377982,4.692964517871233,4.050833922959127,-25.141087433371627,-201.1557064248012
339.95724493485284,-7.785190952644129,4.691727394154129,4.055473799292287,-25.147943375069676,-201.1645558384885
339.96737185048863,-7.787296255566542,4.690490270437026,4.060114239492098,-25.154799077541757,-201.17340525217568
339.977498866702,-7.789401329044189,4.689253146719921,4.064755243740635,-25.16165454064203,-201.18225466586287
339.9876259835144,-7.791506172976041,4.688016023002819,4.069396812219943,-25.168509764224627,-201.19110407955014
339.9977532009475,-7.793610787261058,4.686778899285716,4.0740389451120524,-25.17536474814369,-201.19995349323742
340.00788051902305,-7.795715171798257,4.685541775568611,4.07868164259894,-25.182219492253328,-201.20880290692452
340.01800793776255,-7.797819326486599,4.68430465185151,4.083324904862556,-25.189073996407608,-201.2176523206119
340.0281354571876,-7.799923251225078,4.683067528134404,4.087968732084809,-25.19592826046065,-201.22650173429903
340.0382630773197,-7.802026945912689,4.681830404417302,4.092613124447551,-25.202782284266497,-201.23535114798634
340.04839079818044,-7.80413041044841,4.680593280700197,4.097258082132631,-25.209636067679227,-201.24420056167355
340.05851861979136,-7.806233644731281,4.679356156983095,4.101903605321843,-25.21648961055285,-201.25304997536085
340.068646542174,-7.808336648660289,4.678119033265991,4.1065496941969535,-25.223342912741415,-201.26189938904804
340.0787745653499,-7.81043942213445,4.6768819095488885,4.111196348939678,-25.23019597409892,-201.27074880273526
340.0889026893404,-7.8125419650527785,4.675644785831784,4.115843569731705,-25.23704879447938,-201.27959821642247
340.09903091416714,-7.814644277314293,4.674407662114682,4.120491356754686,-25.24390137373675,-201.2884476301097
340.1091592398514,-7.816746358818005,4.673170538397577,4.125139710190226,-25.25075371172503,-201.297297043797
340.11928766641483,-7.818848209462972,4.671933414680474,4.129788630219904,-25.257605808298145,-201.30614645748418
340.1294161938788,-7.820949829148218,4.670696290963371,4.134438117025274,-25.26445766331006,-201.31499587117145
340.1395448222646,-7.823051217772781,4.669459167246268,4.13908817078782,-25.271309276614687,-201.32384528485866
340.1496735515938,-7.825152375235703,4.6682220435291635,4.143738791689025,-25.27816064806595,-201.33269469854582
340.15980238188774,-7.82725330143601,4.66698491981206,4.148389979910301,-25.285011777517735,-201.34154411223307
340.1699313131677,-7.829353996272793,4.665747796094956,4.153041735633035,-25.291862664823938,-201.35039352592034
340.18006034545516,-7.8314544596450935,4.664510672377854,4.157694059038594,-25.298713309838398,-201.3592429396076
340.19018947877146,-7.8335546914519645,4.663273548660751,4.162346950308308,-25.305563712415,-201.3680923532948
340.2003187131378,-7.835654691592479,4.662036424943647,4.167000409623424,-25.312413872407593,-201.37694176698213
