galstreams/tracks/track.st.New-20.ibata2024.ecsv
# %ECSV 1.0
# ---
# datatype:
# - {name: ra, unit: deg, datatype: float64}
# - {name: dec, unit: deg, datatype: float64}
# - {name: distance, unit: kpc, datatype: float64}
# - {name: pm_ra_cosdec, unit: mas / yr, datatype: float64}
# - {name: pm_dec, unit: mas / yr, datatype: float64}
# - {name: radial_velocity, unit: km / s, datatype: float64}
# delimiter: ','
# meta: !!omap
# - __serialized_columns__:
#     dec:
#       __class__: astropy.coordinates.angles.Latitude
#       unit: &id001 !astropy.units.Unit {unit: deg}
#       value: !astropy.table.SerializedColumn {name: dec}
#     distance:
#       __class__: astropy.coordinates.distances.Distance
#       unit: !astropy.units.Unit {unit: kpc}
#       value: !astropy.table.SerializedColumn {name: distance}
#     pm_dec:
#       __class__: astropy.units.quantity.Quantity
#       unit: !astropy.units.Unit {unit: mas / yr}
#       value: !astropy.table.SerializedColumn {name: pm_dec}
#     pm_ra_cosdec:
#       __class__: astropy.units.quantity.Quantity
#       unit: !astropy.units.Unit {unit: mas / yr}
#       value: !astropy.table.SerializedColumn {name: pm_ra_cosdec}
#     ra:
#       __class__: astropy.coordinates.angles.Longitude
#       unit: *id001
#       value: !astropy.table.SerializedColumn {name: ra}
#       wrap_angle: !astropy.coordinates.Angle
#         unit: *id001
#         value: 360.0
#     radial_velocity:
#       __class__: astropy.units.quantity.Quantity
#       unit: !astropy.units.Unit {unit: km / s}
#       value: !astropy.table.SerializedColumn {name: radial_velocity}
# schema: astropy-2.0
ra,dec,distance,pm_ra_cosdec,pm_dec,radial_velocity
[from data line 286]
315.93661941939604,14.302696178327924,1.0000000000000004,1.7349635347521684,-77.29295233284131,-385.4878588952348
315.93572518446115,14.312809210974809,1.0000000000000002,1.7348857755945346,-77.26888716119069,-385.61423518832635
315.9348079925387,14.322919596378206,1.0000000000000002,1.7347991079758103,-77.24486277556056,-385.7398265923671
315.9338679137602,14.333027342718388,1.0000000000000004,1.7347035527129684,-77.22087917016917,-385.8646360247217
315.93290501826743,14.343132458169869,1.0000000000000004,1.7345991305838133,-77.19693633924365,-385.9886664027545
315.9319193762116,14.353234950901781,1.0000000000000004,1.7344858623264905,-77.17303427701962,-386.11192064382976
315.930911057754,14.363334829077697,1.0000000000000004,1.7343637686399056,-77.1491729777415,-386.23440166531196
315.9298801330659,14.373432100855807,1.0000000000000004,1.7342328701839556,-77.12535243566217,-386.35611238456545
315.92882667232846,14.383526774388713,1.0000000000000002,1.7340931875791874,-77.10157264504319,-386.4770557189546
315.92775074573257,14.393618857823842,1.0000000000000004,1.7339447414072922,-77.07783360015449,-386.5972345858438
315.9266524234793,14.403708359303248,1.0000000000000004,1.733787552211048,-77.05413529527453,-386.71665190259745
315.92553177577963,14.413795286963737,1.0000000000000004,1.7336216404944054,-77.03047772469024,-386.83531058657996
315.92438887285437,14.423879648936937,1.0000000000000004,1.7334470267225228,-77.00686088269691,-386.95321355515574
315.9232237849346,14.433961453349156,1.0000000000000004,1.7332637313221788,-76.9832847635981,-387.0703637256888
315.922036582261,14.444040708321754,1.0000000000000007,1.7330717746813278,-76.95974936170569,-387.18676401554404
315.92082733508465,14.454117421970968,1.0000000000000007,1.732871177149768,-76.93625467133991,-387.3024173420855
315.9195961136664,14.464191602408075,1.0000000000000004,1.7326619590387544,-76.91280068682904,-387.4173266226779
315.9183429882772,14.47426325773918,1.0000000000000004,1.7324441406214035,-76.88938740250961,-387.53149477468526
315.9170680291981,14.484332396065682,1.0000000000000007,1.7322177421327218,-76.86601481272632,-387.64492471547214
315.91577130672016,14.494399025484007,1.0000000000000002,1.7319827837694959,-76.84268291183187,-387.75761936240286
315.9144528911446,14.504463154085828,1.0000000000000004,1.731739285690761,-76.81939169418693,-387.8695816328419
315.91311285278255,14.514524789957886,1.0000000000000004,1.7314872680174211,-76.79614115416034,-387.98081444415357
315.9117512619555,14.524583941182316,1.0000000000000007,1.731226750832782,-76.7729312861288,-388.0913207137022
315.91036818899477,14.534640615836564,1.0000000000000004,1.730957754182299,-76.74976208447688,-388.2011033588523
315.90896370424196,14.54469482199342,1.0000000000000004,1.7306802980739207,-76.72663354359703,-388.3101652969682
315.9075378780489,14.554746567721145,1.0000000000000004,1.7303944024780087,-76.7035456578895,-388.4185094454141
315.9060907807774,14.564795861083313,1.0000000000000004,1.7301000873273864,-76.68049842176238,-388.5261387215548
315.9046224827994,14.574842710139153,1.0000000000000002,1.7297973725176377,-76.65749182963144,-388.6330560427541
315.9031330544974,14.58488712294343,1.0000000000000004,1.7294862779070392,-76.63452587592008,-388.739264326377
315.90162256626354,14.594929107546564,1.0000000000000004,1.7291668233165716,-76.61160055505947,-388.8447664897875
315.90009108850063,14.604968671994465,1.0000000000000004,1.728839028530171,-76.58871586148825,-388.94956545035006
315.8985386916214,14.615005824328929,1.0000000000000004,1.7285029132947614,-76.56587178965269,-389.0536641254292
315.896965446049,14.62504057258745,1.0000000000000002,1.72815849732023,-76.54306833400652,-389.15706543238906
315.89537142221667,14.635072924803394,1.0000000000000002,1.7278058002795618,-76.52030548901094,-389.25977228859404
315.89375669056807,14.645102889005805,1.0000000000000004,1.7274448418090564,-76.4975832491346,-389.3617876114087
315.89212132155706,14.655130473219817,1.0000000000000002,1.7270756415082396,-76.47490160885353,-389.4631143181975
315.8904653856477,14.66515568546645,1.0000000000000004,1.7266982189399194,-76.45226056265098,-389.56375532632444
315.8887889533144,14.675178533762802,1.0000000000000004,1.7263125936304355,-76.42966010501765,-389.6637135531542
315.887092095042,14.685199026121852,1.0000000000000004,1.7259187850695206,-76.4071002304513,-389.76299191605113
315.8853748813255,14.69521717055284,1.0000000000000004,1.725516812710648,-76.38458093345707,-389.86159333237964
315.8836373826704,14.705232975061131,1.0000000000000002,1.725106695970787,-76.36210220854711,-389.959520719504
315.8818796695922,14.715246447648262,1.0000000000000004,1.7246884542306518,-76.3396640502407,-390.05677699478866
315.8801018126172,14.725257596312114,1.0000000000000004,1.724262106834928,-76.3172664530642,-390.15336507559783
315.8783038822819,14.735266429046682,1.0000000000000004,1.7238276730919218,-76.29490941155102,-390.249287879296
315.8764859491331,14.74527295384249,1.0000000000000004,1.7233851722741065,-76.27259292024148,-390.34454832324786
315.874648083728,14.755277178686402,1.0000000000000004,1.7229346236177712,-76.25031697368286,-390.4391493248173
315.8727903566345,14.765279111561807,1.0000000000000004,1.7224760463234823,-76.22808156642925,-390.53309380136915
315.8709128384305,14.775278760448403,1.0000000000000007,1.7220094595558457,-76.20588669304168,-390.62638467026727
315.8690155997046,14.78527613332264,1.0000000000000004,1.7215348824436845,-76.18373234808789,-390.7190248488766
315.86709871105586,14.795271238157497,1.0000000000000004,1.721052334080131,-76.16161852614236,-390.811017254561
315.8651622430937,14.805264082922656,1.0000000000000004,1.7205618335227193,-76.13954522178639,-390.9023648046853
315.8632062664381,14.815254675584352,1.0000000000000004,1.7200633997933608,-76.11751242960771,-390.99307041661365
315.8612308517195,14.825243024105726,1.0000000000000004,1.7195570518784322,-76.09552014420083,-391.08313700771055
315.85923606957874,14.835229136446662,1.0000000000000004,1.71904280872889,-76.07356836016679,-391.17256749534016
315.8572219906674,14.84521302056398,1.0000000000000004,1.718520689260366,-76.0516570721131,-391.2613647968671
315.8551886856475,14.855194684411199,1.0000000000000004,1.7179907123530747,-76.02978627465376,-391.34953182965563
315.8531362251914,14.865174135938977,1.0000000000000004,1.7174528968519525,-76.0079559624092,-391.43707151107026
315.85106467998224,14.875151383094925,1.0000000000000004,1.7169072615668313,-75.98616613000617,-391.5239867584751
315.8489741207138,14.885126433823697,1.0000000000000004,1.7163538252724422,-75.96441677207788,-391.6102804892348
315.84686461809025,14.895099296067112,1.0000000000000004,1.7157926067082876,-75.94270788326374,-391.69595562071373
315.84473624282634,14.905069977763965,1.0000000000000002,1.7152236245789716,-75.92103945820935,-391.7810150702761
315.8425890656476,14.915038486850436,1.0000000000000004,1.7146468975540792,-75.89941149156653,-391.8654617552864
315.84042315729005,14.925004831259892,1.0000000000000004,1.714062444268336,-75.87782397799334,-391.94929859310895
315.8382385885004,14.934969018923068,1.0000000000000004,1.7134702833216586,-75.85627691215385,-392.03252850110835
315.8360354300361,14.94493105776788,1.0000000000000004,1.7128704332790754,-75.8347702887182,-392.11515439664845
315.8338137526649,14.954890955719812,1.0000000000000004,1.7122629126709654,-75.81330410236255,-392.19717919709433
315.83157362716565,14.964848720701768,1.0000000000000004,1.71164773999298,-75.79187834776904,-392.2786058198099
315.82931512432776,14.974804360634181,1.0000000000000004,1.711024933706252,-75.77049301962563,-392.3594371821598
315.82703831495115,14.984757883434908,1.0000000000000004,1.7103945122372153,-75.74914811262634,-392.43967620150806
315.82474326984664,14.994709297019552,1.0000000000000004,1.709756493977892,-75.72784362147075,-392.51932579521946
315.82243005983577,15.004658609301323,1.0000000000000007,1.7091108972858073,-75.70657954086447,-392.5983888806582
315.82009875575073,15.014605828191145,1.0000000000000004,1.7084577404840644,-75.6853558655187,-392.6768683751886
315.8177494284345,15.024550961597747,1.0000000000000007,1.7077970418614008,-75.66417259015029,-392.75476719617524
315.8153821487409,15.034494017427496,1.0000000000000004,1.707128819672299,-75.64302970948192,-392.8320882609822
315.81299698753435,15.044435003584795,1.0000000000000004,1.7064530921368934,-75.62192721824161,-392.9088344869742
315.81059401569024,15.054373927971888,1.0000000000000004,1.7057698774412557,-75.60086511116305,-392.9850087915153
315.80817330409457,15.064310798489043,1.0000000000000004,1.7050791937371308,-75.57984338298547,-393.06061409197014
315.8057349236445,15.074245623034349,1.0000000000000004,1.70438105914225,-75.55886202845349,-393.135653305703
315.8032789452475,15.084178409504151,1.0000000000000004,1.7036754917402241,-75.5379210423171,-393.2101293500782
315.8008054398224,15.094109165792819,1.0000000000000004,1.7029625095807361,-75.51702041933173,-393.28404514246023
315.79831447829855,15.10403789979296,1.0000000000000004,1.70224213067927,-75.49616015425809,-393.3574036002134
315.79580613161636,15.113964619395212,1.0000000000000004,1.7015143730177336,-75.47534024186214,-393.43020764070224
315.7932804707269,15.123889332488641,1.0000000000000004,1.7007792545437717,-75.45456067691498,-393.5024601812909
315.79073756659244,15.13381204696057,1.0000000000000004,1.7000367931714386,-75.43382145419304,-393.5741641393438
315.7881774901859,15.143732770696735,1.0000000000000004,1.6992870067808674,-75.41312256847776,-393.64532243222556
315.78560031249106,15.153651511581131,1.0000000000000002,1.6985299132183975,-75.39246401455564,-393.71593797730037
315.7830061045031,15.163568277496351,1.0000000000000004,1.6977655302968415,-75.37184578721838,-393.7860136919325
315.7803949372276,15.173483076323473,1.0000000000000004,1.6969938757950835,-75.35126788126239,-393.85555249348664
315.7777668816814,15.18339591594212,1.0000000000000004,1.6962149674585874,-75.33073029148925,-393.92455729932703
315.77512200889214,15.193306804230597,1.0000000000000004,1.695428822998906,-75.31023301270525,-393.9930310268179
315.7724603898987,15.203215749065688,1.0000000000000004,1.694635460094485,-75.28977603972176,-394.0609765933237
315.7697820957507,15.213122758323069,1.0000000000000004,1.6938348963897845,-75.26935936735464,-394.12839691620917
315.76708719750894,15.223027839877117,1.0000000000000004,1.6930271494960323,-75.24898299042471,-394.1952949128381
315.7643757662451,15.232931001601075,1.0000000000000004,1.6922122369909367,-75.22864690375742,-394.26167350057517
315.7616478730421,15.242832251366892,1.0000000000000002,1.691390176418821,-75.20835110218289,-394.3275355967848
315.75890358899363,15.252731597045585,1.0000000000000004,1.690560985290535,-75.18809558053579,-394.3928841188315
315.75614298520475,15.262629046507088,1.0000000000000004,1.6897246810836783,-75.16788033365539,-394.4577219840793
315.75336613279137,15.272524607620378,1.0000000000000004,1.6888812812424518,-75.14770535638559,-394.52205210989285
315.75057310288065,15.28241828825341,1.0000000000000002,1.6880308031778668,-75.1275706435745,-394.58587741363635
315.74776396661065,15.292310096273322,1.0000000000000004,1.6871732642674502,-75.10747619007476,-394.64920081267434
315.7449387951308,15.302200039546399,1.0000000000000004,1.6863086818558237,-75.08742199074351,-394.7120252243712
315.7420976596014,15.312088125938141,1.0000000000000004,1.6854370732542208,-75.06740804044206,-394.7743535660911
315.7392406311942,15.321974363313306,1.0000000000000004,1.6845584557407633,-75.04743433403603,-394.8361887551987
315.73636778109176,15.33185875953597,1.0000000000000004,1.6836728465603379,-75.02750086639524,-394.897533709058
315.73347918048813,15.341741322469574,1.0000000000000004,1.6827802629249007,-75.00760763239376,-394.958391345034
315.7305749005883,15.351622059976961,1.0000000000000004,1.6818807220131937,-74.98775462690972,-395.0187645804905
315.7276550126086,15.361500979920452,1.0000000000000004,1.6809742409710005,-74.96794184482545,-395.0786563327921
315.7247195877765,15.371378090161864,1.0000000000000004,1.6800608369109433,-74.94816928102713,-395.13806951930314
315.7217686973307,15.381253398562594,1.0000000000000004,1.6791405269127466,-74.9284369304051,-395.1970070573882
315.7188024125212,15.39112691298364,1.0000000000000004,1.6782133280232117,-74.90874478785355,-395.2554718644115
315.7158208046092,15.400998641285662,1.0000000000000004,1.6772792572560746,-74.88909284827065,-395.3134668577373
315.7128239448671,15.410868591329043,1.0000000000000004,1.6763383315921239,-74.8694811065583,-395.3709949547303
315.70981190457877,15.420736770973901,1.0000000000000004,1.6753905679793526,-74.84990955762228,-395.42805907275437
315.7067847550391,15.430603188080202,1.0000000000000004,1.6744359833328133,-74.83037819637212,-395.48466212917447
315.70374256755457,15.440467850507728,1.0000000000000004,1.67347459453471,-74.8108870177211,-395.5408070413547
315.70068541344267,15.450330766116217,1.0000000000000004,1.6725064184343275,-74.791436016586,-395.5964967266593
315.6976133640325,15.460191942765334,1.0000000000000004,1.6715314718482368,-74.77202518788741,-395.65173410245296
315.6945264906644,15.470051388314754,1.0000000000000004,1.6705497715601467,-74.7526545265493,-395.7065220860998
315.6914248646899,15.47990911062423,1.0000000000000004,1.6695613343209779,-74.73332402749935,-395.76086359496446
315.68830855747217,15.489765117553599,1.0000000000000002,1.6685661768488806,-74.71403368566851,-395.81476154641115
315.6851776403857,15.499619416962876,1.0000000000000007,1.6675643158293312,-74.69478349599129,-395.8682188578043
315.6820321848162,15.509472016712257,1.0000000000000004,1.6665557679149323,-74.67557345340556,-395.9212384465082
315.67887226216095,15.519322924662214,1.0000000000000004,1.66554054972568,-74.65640355285244,-395.9738232298873
315.67569794382865,15.529172148673512,1.0000000000000004,1.6645186778488679,-74.63727378927643,-396.025976125306
315.6725093012393,15.539019696607264,1.0000000000000007,1.6634901688389405,-74.6181841576252,-396.0777000501287
315.6693064058246,15.548865576325003,1.0000000000000004,1.662455039217953,-74.59913465284959,-396.12899792171976
315.6660893290275,15.558709795688689,1.0000000000000004,1.6614133054749693,-74.58012526990363,-396.17987265744364
315.6628581423025,15.568552362560803,1.0000000000000004,1.6603649840667032,-74.56115600374444,-396.23032717466447
315.65961291711557,15.578393284804362,1.0000000000000004,1.6593100914170051,-74.54222684933207,-396.2803643907469
315.65635372494427,15.588232570282974,1.0000000000000004,1.65824864391724,-74.5233378016298,-396.32998722305524
315.65308063727747,15.598070226860909,1.0000000000000004,1.6571806579260517,-74.50448885560357,-396.3791985889537
315.6497937256159,15.60790626240312,1.0000000000000004,1.6561061497695846,-74.48568000622245,-396.4280014058071
315.64649306147146,15.617740684775306,1.0000000000000004,1.65502513574123,-74.46691124845825,-396.47639859097916
315.64317871636797,15.627573501843951,1.0000000000000004,1.6539376321019965,-74.44818257728565,-396.5243930618348
315.63985076184053,15.637404721476388,1.0000000000000004,1.652843655080055,-74.42949398768198,-396.5719877357383
315.63650926943603,15.647234351540835,1.0000000000000002,1.6517432208712997,-74.41084547462748,-396.61918553005387
315.6331543107129,15.657062399906442,1.0000000000000004,1.6506363456387732,-74.39223703310479,-396.6659893621461
315.629785957241,15.666888874443352,1.0000000000000004,1.6495230455130816,-74.37366865809938,-396.71240214937916
315.6264042806022,15.676713783022732,1.0000000000000004,1.6484033365923025,-74.35514034459925,-396.75842680911757
315.62300935238954,15.686537133516833,1.0000000000000007,1.6472772349418463,-74.33665208759483,-396.8040662587257
