galstreams/tracks/track.ep.Gaia-3.malhan2018.ecsv
# %ECSV 1.0
# ---
# datatype:
# - {name: ra, unit: deg, datatype: float64}
# - {name: dec, unit: deg, datatype: float64}
# - {name: distance, unit: kpc, datatype: float64}
# - {name: pm_ra_cosdec, unit: mas / yr, datatype: float64}
# - {name: pm_dec, unit: mas / yr, datatype: float64}
# - {name: radial_velocity, unit: km / s, datatype: float64}
# delimiter: ','
# meta: !!omap
# - __serialized_columns__:
#     dec:
#       __class__: astropy.coordinates.angles.Latitude
#       unit: &id001 !astropy.units.Unit {unit: deg}
#       value: !astropy.table.SerializedColumn {name: dec}
#     distance:
#       __class__: astropy.coordinates.distances.Distance
#       unit: !astropy.units.Unit {unit: kpc}
#       value: !astropy.table.SerializedColumn {name: distance}
#     pm_dec:
#       __class__: astropy.units.quantity.Quantity
#       unit: !astropy.units.Unit {unit: mas / yr}
#       value: !astropy.table.SerializedColumn {name: pm_dec}
#     pm_ra_cosdec:
#       __class__: astropy.units.quantity.Quantity
#       unit: !astropy.units.Unit {unit: mas / yr}
#       value: !astropy.table.SerializedColumn {name: pm_ra_cosdec}
#     ra:
#       __class__: astropy.coordinates.angles.Longitude
#       unit: *id001
#       value: !astropy.table.SerializedColumn {name: ra}
#       wrap_angle: !astropy.coordinates.Angle
#         unit: *id001
#         value: 360.0
#     radial_velocity:
#       __class__: astropy.units.quantity.Quantity
#       unit: !astropy.units.Unit {unit: km / s}
#       value: !astropy.table.SerializedColumn {name: radial_velocity}
# schema: astropy-2.0
ra,dec,distance,pm_ra_cosdec,pm_dec,radial_velocity
171.0,-14.999999999999998,9.0,0.0,0.0,0.0
171.03581363990293,-15.08628265629028,9.025125628140703,0.0,0.0,0.0
171.07165636711136,-15.17255968237066,9.050251256281408,0.0,0.0,0.0
171.10752837790739,-15.258831039877172,9.075376884422113,0.0,0.0,0.0
171.1434298691107,-15.34509669033406,9.100502512562816,0.0,0.0,0.0
171.1793610380827,-15.431356595153234,9.125628140703517,0.0,0.0,0.0
171.21532208273052,-15.517610715633143,9.150753768844224,0.0,0.0,0.0
171.25131320151127,-15.603859012957972,9.175879396984925,0.0,0.0,0.0
171.28733459343604,-15.690101448196822,9.20100502512563,0.0,0.0,0.0
171.32338645807417,-15.776337982302573,9.226130653266331,0.0,0.0,0.0
171.35946899555745,-15.862568576111341,9.251256281407034,0.0,0.0,0.0
171.3955824065841,-15.948793190341346,9.276381909547741,0.0,0.0,0.0
171.4317268924233,-16.035011785592076,9.301507537688444,0.0,0.0,0.0
171.46790265491924,-16.12122432234342,9.326633165829145,0.0,0.0,0.0
171.50410989649538,-16.207430760954544,9.35175879396985,0.0,0.0,0.0
171.5403488201588,-16.293631061663298,9.376884422110553,0.0,0.0,0.0
171.57661962950453,-16.379825184585084,9.402010050251258,0.0,0.0,0.0
171.61292252871976,-16.46601308971201,9.42713567839196,0.0,0.0,0.0
171.6492577225882,-16.552194736911765,9.452261306532664,0.0,0.0,0.0
171.68562541649464,-16.638370085927008,9.477386934673369,0.0,0.0,0.0
171.72202581642898,-16.724539096374205,9.50251256281407,0.0,0.0,0.0
171.7584591289911,-16.8107017277427,9.527638190954775,0.0,0.0,0.0
171.79492556139482,-16.896857939393858,9.552763819095476,0.0,0.0,0.0
171.83142532147255,-16.983007690559898,9.57788944723618,0.0,0.0,0.0
171.86795861768002,-17.0691509403432,9.603015075376886,0.0,0.0,0.0
171.9045256591003,-17.155287647715177,9.628140703517587,0.0,0.0,0.0
171.94112665544864,-17.24141777151538,9.653266331658294,0.0,0.0,0.0
171.97776181707695,-17.3275412704503,9.678391959798997,0.0,0.0,0.0
172.01443135497829,-17.413658103092718,9.703517587939698,0.0,0.0,0.0
172.0511354807915,-17.49976822788047,9.728643216080402,0.0,0.0,0.0
172.08787440680587,-17.585871603115578,9.753768844221108,0.0,0.0,0.0
172.1246483459657,-17.67196818696321,9.778894472361811,0.0,0.0,0.0
172.16145751187494,-17.758057937450506,9.804020100502512,0.0,0.0,0.0
172.1983021188019,-17.84414081246591,9.829145728643216,0.0,0.0,0.0
172.23518238168404,-17.930216769757862,9.854271356783919,0.0,0.0,0.0
172.27209851613256,-18.016285766933912,9.879396984924623,0.0,0.0,0.0
172.3090507384372,-18.10234776145969,9.904522613065327,0.0,0.0,0.0
172.346039265571,-18.188402710657652,9.92964824120603,0.0,0.0,0.0
172.3830643151952,-18.27445057170641,9.954773869346736,0.0,0.0,0.0
172.420126105664,-18.360491301639414,9.979899497487438,0.0,0.0,0.0
172.45722485602934,-18.446524857344045,10.00502512562814,0.0,0.0,0.0
172.49436078604586,-18.53255119556029,10.030150753768844,0.0,0.0,0.0
172.5315341161758,-18.61857027288007,10.05527638190955,0.0,0.0,0.0
172.5687450675939,-18.704582045745898,10.080402010050252,0.0,0.0,0.0
172.60599386219243,-18.790586470449846,10.105527638190956,0.0,0.0,0.0
172.64328072258598,-18.87658350313259,10.130653266331658,0.0,0.0,0.0
172.68060587211673,-18.962573099782,10.155778894472363,0.0,0.0,0.0
172.71796953485915,-19.048555216232444,10.180904522613066,0.0,0.0,0.0
172.7553719356255,-19.13452980816343,10.20603015075377,0.0,0.0,0.0
172.79281329997053,-19.22049683109862,10.231155778894472,0.0,0.0,0.0
172.83029385419667,-19.306456240404508,10.256281407035177,0.0,0.0,0.0
172.86781382535932,-19.392407991289556,10.28140703517588,0.0,0.0,0.0
172.9053734412719,-19.478352038802946,10.306532663316581,0.0,0.0,0.0
172.94297293051113,-19.564288337833418,10.331658291457286,0.0,0.0,0.0
172.98061252242212,-19.650216843108215,10.35678391959799,0.0,0.0,0.0
173.01829244712366,-19.73613750919171,10.381909547738696,0.0,0.0,0.0
173.05601293551365,-19.822050290484583,10.407035175879399,0.0,0.0,0.0
173.09377421927417,-19.90795514122242,10.432160804020102,0.0,0.0,0.0
173.13157653087703,-19.993852015474594,10.457286432160807,0.0,0.0,0.0
173.16942010358903,-20.079740867143176,10.48241206030151,0.0,0.0,0.0
173.2073051714773,-20.165621649961494,10.507537688442213,0.0,0.0,0.0
173.24523196941482,-20.251494317493282,10.532663316582916,0.0,0.0,0.0
173.2832007330859,-20.337358823131275,10.557788944723619,0.0,0.0,0.0
173.32121169899156,-20.423215120096074,10.582914572864324,0.0,0.0,0.0
173.35926510445506,-20.509063161434742,10.608040201005025,0.0,0.0,0.0
173.39736118762752,-20.594902900019935,10.63316582914573,0.0,0.0,0.0
173.4355001874935,-20.68073428854837,10.658291457286435,0.0,0.0,0.0
173.4736823438764,-20.766557279539732,10.683417085427138,0.0,0.0,0.0
173.5119078974444,-20.852371825335442,10.708542713567839,0.0,0.0,0.0
173.55017708971587,-20.93817787809718,10.733668341708544,0.0,0.0,0.0
173.58849016306525,-21.023975389805965,10.758793969849247,0.0,0.0,0.0
173.62684736072865,-21.109764312260683,10.783919597989952,0.0,0.0,0.0
173.6652489268097,-21.195544597076832,10.809045226130653,0.0,0.0,0.0
173.70369510628532,-21.281316195685324,10.834170854271358,0.0,0.0,0.0
173.7421861450115,-21.36707905933095,10.85929648241206,0.0,0.0,0.0
173.78072228972917,-21.452833139071426,10.884422110552764,0.0,0.0,0.0
173.81930378807021,-21.53857838577586,10.909547738693467,0.0,0.0,0.0
173.85793088856326,-21.624314750123542,10.934673366834172,0.0,0.0,0.0
173.8966038406396,-21.710042182602418,10.959798994974875,0.0,0.0,0.0
173.9353228946394,-21.79576063350805,10.984924623115578,0.0,0.0,0.0
173.97408830181743,-21.881470052942092,11.010050251256281,0.0,0.0,0.0
174.01290031434945,-21.967170390810985,11.035175879396984,0.0,0.0,0.0
174.05175918533803,-22.052861596824627,11.06030150753769,0.0,0.0,0.0
174.09066516881876,-22.13854362049483,11.085427135678394,0.0,0.0,0.0
174.12961851976652,-22.224216411134254,11.110552763819095,0.0,0.0,0.0
174.16861949410156,-22.30987991785479,11.1356783919598,0.0,0.0,0.0
174.20766834869582,-22.395534089566294,11.160804020100505,0.0,0.0,0.0
174.24676534137902,-22.481178874974955,11.185929648241206,0.0,0.0,0.0
174.28591073094526,-22.566814222582238,11.21105527638191,0.0,0.0,0.0
174.3251047771591,-22.65244008068319,11.236180904522614,0.0,0.0,0.0
174.36434774076216,-22.738056397365142,11.261306532663317,0.0,0.0,0.0
174.40363988347926,-22.823663120506254,11.286432160804022,0.0,0.0,0.0
174.44298146802512,-22.90926019777389,11.311557788944722,0.0,0.0,0.0
174.48237275811076,-22.99484757662347,11.336683417085428,0.0,0.0,0.0
174.52181401845,-23.080425204296795,11.361809045226133,0.0,0.0,0.0
174.56130551476608,-23.165993027820633,11.386934673366836,0.0,0.0,0.0
174.60084751379827,-23.25155099400526,11.41206030150754,0.0,0.0,0.0
174.64044028330838,-23.337099049442777,11.437185929648242,0.0,0.0,0.0
174.6800840920876,-23.42263714050593,11.462311557788945,0.0,0.0,0.0
174.7197792099632,-23.50816521334632,11.487437185929652,0.0,0.0,0.0
174.75952590780523,-23.593683213893083,11.512562814070353,0.0,0.0,0.0
174.79932445753317,-23.679191087851077,11.537688442211055,0.0,0.0,0.0
174.83917513212324,-23.764688780699654,11.56281407035176,0.0,0.0,0.0
174.87907820561475,-23.85017623769091,11.587939698492463,0.0,0.0,0.0
174.91903395311732,-23.935653403848193,11.613065326633167,0.0,0.0,0.0
174.95904265081774,-24.02112022396453,11.638190954773869,0.0,0.0,0.0
174.99910457598693,-24.106576642600885,11.663316582914572,0.0,0.0,0.0
175.0392200069872,-24.192022604084833,11.688442211055277,0.0,0.0,0.0
175.07938922327904,-24.27745805250877,11.713567839195981,0.0,0.0,0.0
175.11961250542842,-24.362882931728322,11.738693467336683,0.0,0.0,0.0
175.15989013511398,-24.44829718536079,11.76381909547739,0.0,0.0,0.0
175.20022239513406,-24.533700756783304,11.78894472361809,0.0,0.0,0.0
175.24060956941412,-24.61909358913147,11.814070351758797,0.0,0.0,0.0
175.28105194301406,-24.704475625297505,11.839195979899499,0.0,0.0,0.0
175.3215498021354,-24.789846807928676,11.8643216080402,0.0,0.0,0.0
175.3621034341287,-24.8752070794254,11.889447236180905,0.0,0.0,0.0
175.40271312750116,-24.960556381939828,11.91457286432161,0.0,0.0,0.0
175.4433791719239,-25.045894657374028,11.939698492462313,0.0,0.0,0.0
175.48410185823954,-25.131221847378185,11.964824120603016,0.0,0.0,0.0
175.52488147846975,-25.216537893349035,11.98994974874372,0.0,0.0,0.0
175.56571832582287,-25.30184273642787,12.015075376884422,0.0,0.0,0.0
175.60661269470162,-25.387136317499067,12.040201005025125,0.0,0.0,0.0
175.64756488071063,-25.472418577188193,12.065326633165828,0.0,0.0,0.0
175.68857518066434,-25.55768945586018,12.090452261306535,0.0,0.0,0.0
175.72964389259477,-25.64294889361761,12.115577889447238,0.0,0.0,0.0
175.77077131575925,-25.72819683029889,12.14070351758794,0.0,0.0,0.0
175.81195775064845,-25.813433205476425,12.165829145728646,0.0,0.0,0.0
175.85320349899425,-25.89865795845483,12.190954773869347,0.0,0.0,0.0
175.8945088637776,-25.983871028269032,12.21608040201005,0.0,0.0,0.0
175.9358741492368,-26.069072353682458,12.241206030150753,0.0,0.0,0.0
175.9772996608754,-26.154261873185185,12.26633165829146,0.0,0.0,0.0
176.0187857054703,-26.239439524992,12.291457286432161,0.0,0.0,0.0
176.06033259108,-26.324605247040584,12.316582914572864,0.0,0.0,0.0
176.10194062705293,-26.40975897698955,12.341708542713569,0.0,0.0,0.0
176.14361012403543,-26.49490065221655,12.366834170854272,0.0,0.0,0.0
176.1853413939804,-26.580030209816364,12.391959798994977,0.0,0.0,0.0
176.2271347501555,-26.665147586598902,12.41708542713568,0.0,0.0,0.0
176.26899050715153,-26.750252719087328,12.44221105527638,0.0,0.0,0.0
176.31090898089107,-26.835345543515984,12.467336683417084,0.0,0.0,0.0
176.3528904886369,-26.92042599582852,12.49246231155779,0.0,0.0,0.0
176.39493534900058,-27.005494011675808,12.517587939698492,0.0,0.0,0.0
176.43704388195113,-27.09054952641395,12.542713567839197,0.0,0.0,0.0
176.47921640882373,-27.175592475102302,12.567839195979902,0.0,0.0,0.0
176.5214532523284,-27.260622792501366,12.592964824120605,0.0,0.0,0.0
176.56375473655885,-27.345640413070768,12.618090452261306,0.0,0.0,0.0
176.60612118700126,-27.430645270967183,12.64321608040201,0.0,0.0,0.0
176.64855293054325,-27.515637300042258,12.668341708542716,0.0,0.0,0.0
176.69105029548288,-27.600616433840507,12.693467336683419,0.0,0.0,0.0
176.7336136115375,-27.68558260559719,12.71859296482412,0.0,0.0,0.0
176.77624320985294,-27.770535748236206,12.743718592964823,0.0,0.0,0.0
176.8189394230127,-27.855475794367923,12.768844221105528,0.0,0.0,0.0
176.8617025850469,-27.94040267628704,12.793969849246231,0.0,0.0,0.0
176.9045330314418,-28.025316325970397,12.819095477386936,0.0,0.0,0.0
176.94743109914884,-28.11021667507481,12.844221105527637,0.0,0.0,0.0
176.99039712659413,-28.195103654934837,12.869346733668342,0.0,0.0,0.0
177.03343145368794,-28.27997719656057,12.894472361809045,0.0,0.0,0.0
177.07653442183394,-28.364837230635406,12.91959798994975,0.0,0.0,0.0
177.1197063739389,-28.449683687513783,12.944723618090455,0.0,0.0,0.0
177.16294765442217,-28.53451649721892,12.969849246231158,0.0,0.0,0.0
177.20625860922547,-28.619335589440524,12.994974874371858,0.0,0.0,0.0
177.24963958582248,-28.70414089353248,13.020100502512562,0.0,0.0,0.0
177.29309093322863,-28.78893233851058,13.045226130653266,0.0,0.0,0.0
177.33661300201084,-28.873709853050116,13.070351758793969,0.0,0.0,0.0
177.3802061442976,-28.958473365483584,13.095477386934675,0.0,0.0,0.0
177.42387071378877,-29.043222803798315,13.120603015075378,0.0,0.0,0.0
177.4676070657657,-29.127958095634042,13.145728643216081,0.0,0.0,0.0
177.51141555710106,-29.212679168280552,13.170854271356784,0.0,0.0,0.0
177.55529654626935,-29.29738594867522,13.19597989949749,0.0,0.0,0.0
177.59925039335678,-29.382078363400634,13.221105527638189,0.0,0.0,0.0
177.64327746007172,-29.46675633868205,13.246231155778894,0.0,0.0,0.0
177.68737810975486,-29.551419800385016,13.271356783919598,0.0,0.0,0.0
177.7315527073898,-29.636068674012797,13.296482412060302,0.0,0.0,0.0
177.77580161961336,-29.720702884703936,13.32160804020101,0.0,0.0,0.0
177.82012521472615,-29.805322357229684,13.34673366834171,0.0,0.0,0.0
177.86452386270315,-29.889927015991436,13.371859296482413,0.0,0.0,0.0
177.90899793520433,-29.974516785018242,13.396984924623114,0.0,0.0,0.0
177.9535478055855,-30.05909158796414,13.42211055276382,0.0,0.0,0.0
177.99817384890883,-30.143651348105614,13.447236180904522,0.0,0.0,0.0
178.0428764419541,-30.22819598833895,13.472361809045227,0.0,0.0,0.0
178.08765596322922,-30.312725431177572,13.49748743718593,0.0,0.0,0.0
178.13251279298143,-30.39723959874944,13.522613065326633,0.0,0.0,0.0
178.17744731320843,-30.481738412794304,13.547738693467338,0.0,0.0,0.0
178.22245990766928,-30.56622179466108,13.57286432160804,0.0,0.0,0.0
178.26755096189575,-30.65068966530505,13.597989949748744,0.0,0.0,0.0
178.31272086320362,-30.73514194528518,13.623115577889447,0.0,0.0,0.0
178.35797000070392,-30.81957855476134,13.648241206030148,0.0,0.0,0.0
178.4032987653144,-30.903999413491533,13.673366834170857,0.0,0.0,0.0
178.44870754977094,-30.9884044408291,13.698492462311558,0.0,0.0,0.0
178.49419674863927,-31.072793555719873,13.723618090452263,0.0,0.0,0.0
178.53976675832635,-31.15716667669936,13.748743718592964,0.0,0.0,0.0
178.5854179770923,-31.241523721889855,13.773869346733669,0.0,0.0,0.0
178.6311508050621,-31.32586460899759,13.798994974874372,0.0,0.0,0.0
178.67696564423736,-31.410189255309824,13.824120603015075,0.0,0.0,0.0
178.72286289850828,-31.494497577691877,13.849246231155778,0.0,0.0,0.0
178.7688429736657,-31.57878949258421,13.874371859296481,0.0,0.0,0.0
178.81490627741317,-31.663064915999463,13.899497487437188,0.0,0.0,0.0
178.86105321937904,-31.74732376351945,13.92462311557789,0.0,0.0,0.0
178.90728421112868,-31.83156595029213,13.949748743718596,0.0,0.0,0.0
178.95359966617684,-31.9157913910286,13.974874371859297,0.0,0.0,0.0
179.0,-32.0,13.999999999999998,0.0,0.0,0.0
