galstreams/tracks/track.st.Jhelum-b.bonaca2019.ecsv
# %ECSV 0.9
# ---
# datatype:
# - {name: ra, unit: deg, datatype: float64}
# - {name: dec, unit: deg, datatype: float64}
# - {name: distance, unit: kpc, datatype: float64}
# - {name: pm_ra_cosdec, unit: mas / yr, datatype: float64}
# - {name: pm_dec, unit: mas / yr, datatype: float64}
# - {name: radial_velocity, unit: km / s, datatype: float64}
# delimiter: ','
# meta: !!omap
# - __serialized_columns__:
#     dec:
#       __class__: astropy.coordinates.angles.Latitude
#       unit: &id001 !astropy.units.Unit {unit: deg}
#       value: !astropy.table.SerializedColumn {name: dec}
#     distance:
#       __class__: astropy.coordinates.distances.Distance
#       unit: !astropy.units.Unit {unit: kpc}
#       value: !astropy.table.SerializedColumn {name: distance}
#     pm_dec:
#       __class__: astropy.units.quantity.Quantity
#       unit: !astropy.units.Unit {unit: mas / yr}
#       value: !astropy.table.SerializedColumn {name: pm_dec}
#     pm_ra_cosdec:
#       __class__: astropy.units.quantity.Quantity
#       unit: !astropy.units.Unit {unit: mas / yr}
#       value: !astropy.table.SerializedColumn {name: pm_ra_cosdec}
#     ra:
#       __class__: astropy.coordinates.angles.Longitude
#       unit: *id001
#       value: !astropy.table.SerializedColumn {name: ra}
#       wrap_angle: !astropy.coordinates.Angle
#         unit: *id001
#         value: 360.0
#     radial_velocity:
#       __class__: astropy.units.quantity.Quantity
#       unit: !astropy.units.Unit {unit: km / s}
#       value: !astropy.table.SerializedColumn {name: radial_velocity}
# schema: astropy-2.0
ra,dec,distance,pm_ra_cosdec,pm_dec,radial_velocity
[from data line 148]
332.4434392171081,-48.50001054425003,13.000000000000004,6.7121536816125795,-9.248073899153175,29.976308205780274
332.2294809803068,-48.44892472804362,13.000000000000005,6.687010847635392,-9.262669541326272,29.64879698499899
332.0159420689605,-48.397465135324225,13.000000000000007,6.661854410250939,-9.277109131183447,29.32115979129987
331.8028238957562,-48.34563322889314,13.000000000000004,6.636685532553054,-9.291392437182388,28.993398952272678
331.5901278340418,-48.29343047499644,13.000000000000004,6.611505370779927,-9.305519240508339,28.665516796969833
331.37785521802806,-48.24085834317472,13.000000000000004,6.586315074213556,-9.31948933493278,28.337515655894318
331.16600734299476,-48.18791830611396,13.000000000000004,6.5611157850822135,-9.333302526671119,28.009397860980645
330.9545854655037,-48.13461183949772,13.000000000000004,6.535908638466201,-9.346958634239442,27.681165745583872
330.7435908036166,-48.080940421860575,13.000000000000007,6.5106947622066755,-9.360457488310383,27.35282164446348
330.5330245371179,-48.02690553444269,13.000000000000004,6.485475276817624,-9.373798931568256,27.024367893767796
330.32288780774365,-47.97250866104598,13.000000000000002,6.4602512954009415,-9.386982818563379,26.695806831021716
330.113181719414,-47.917751287891235,13.0,6.435023923564571,-9.400009015565844,26.367140795109542
329.90390733847164,-47.86263490347688,13.000000000000004,6.409794259343707,-9.412877400418601,26.038372126261017
329.6950656939245,-47.80716099843887,13.000000000000005,6.384563393125099,-9.425587862390046,25.709503166037912
329.48665777769287,-47.75133106541201,13.000000000000004,6.3593324075742546,-9.438140302026152,25.380536257317427
329.2786845448607,-47.69514659889275,13.000000000000002,6.3341023775656975,-9.45053463100217,25.051473744278677
329.07114691393167,-47.63860909510323,13.000000000000004,6.308874370116185,-9.462770771973986,24.722317972387604
328.86404576708884,-47.58172005185676,13.0,6.283649444320858,-9.474848658429185,24.393071288382732
328.6573819504583,-47.52448096842482,13.0,6.258428651292245,-9.486768234537912,24.063736040259265
328.45115627437673,-47.46689334540533,13.000000000000004,6.233213034102208,-9.498529455003531,23.734314577256193
328.24536951366275,-47.40895868459252,13.000000000000002,6.208003627726687,-9.51013228491317,23.404809249840046
328.0400224078911,-47.350678488848075,13.0,6.182801458993282,-9.521576699588216,23.075222409690852
327.8351156616708,-47.29205426197395,13.0,6.157607546531586,-9.53286268443479,22.745556409687058
327.63064994492635,-47.23308750858644,12.999999999999998,6.132422900726316,-9.543990234794283,22.41581360389167
327.426625893182,-47.17377973399193,13.0,6.107248523673124,-9.554959355793933,22.085996347537204
327.2230441078487,-47.11413244406388,12.999999999999998,6.08208540913707,-9.565770062197664,21.75610699700989
327.0199051565141,-47.05414714512162,12.999999999999998,6.056934542513808,-9.576422378256975,21.426147909836402
326.8172095732356,-46.99382534381037,12.999999999999998,6.031796900793349,-9.586916337562162,21.09612144466903
326.6149578588346,-46.933168546982905,12.999999999999998,6.006673452526358,-9.597251982893837,20.766029961269687
326.4131504811951,-46.87217826158267,12.999999999999996,5.981565157793101,-9.607429366074722,20.435875820496946
326.21178787556266,-46.810855994528474,12.999999999999996,5.956472968174774,-9.617448547821866,20.10566138429039
326.0108704448468,-46.74920325260062,12.999999999999993,5.9313978267274035,-9.62730959759929,19.775389015655477
325.81039855992464,-46.68722154232864,12.999999999999993,5.906340667958096,-9.637012593471061,19.445061078649665
325.6103725599473,-46.62491236988046,12.999999999999991,5.881302417803775,-9.646557621954905,19.114679938368166
325.4107927526468,-46.56227724095323,12.999999999999993,5.856283993612172,-9.655944777876368,18.784247960927278
325.21165941464596,-46.49931766066549,12.999999999999993,5.831286304125197,-9.66517416422353,18.453767513452032
325.01297279176873,-46.436035133451064,12.999999999999993,5.806310249464589,-9.674245892002375,18.123240964059427
324.81473309935274,-46.37243116295435,12.99999999999999,5.781356721119783,-9.683160080092815,17.792670681845863
324.6169405225626,-46.3085072519272,12.999999999999991,5.756426601937999,-9.691916855105383,17.462059036870368
324.4195952167045,-46.24426490212728,12.99999999999999,5.731520766116474,-9.70051635123869,17.131408400141503
324.22269730754215,-46.179705614218044,12.999999999999984,5.706640079196827,-9.70895871013764,16.80072114360131
324.02624689161337,-46.114830887670145,12.999999999999988,5.681785398061514,-9.717244080752401,16.469999640111524
323.83024403654764,-46.0496422206644,12.999999999999984,5.65695757093235,-9.72537261919825,16.13924626343907
323.6346887813843,-45.98414110999633,12.999999999999982,5.632157437370947,-9.733344488616252,15.808463388240181
323.4395811368917,-45.91832905098214,12.999999999999982,5.607385828281243,-9.74115985903481,15.477653390047216
323.24492108588646,-45.85220753736623,12.99999999999998,5.582643565913866,-9.748818907232152,15.146818645252766
323.0507085835534,-45.78577806123033,12.999999999999979,5.557931463872406,-9.756321816599748,14.815961531095608
322.85694355776565,-45.719042112903935,12.99999999999998,5.533250327121558,-9.763668777006686,14.485084425645248
322.66362590940554,-45.65200118087647,12.999999999999977,5.508600951997049,-9.770859984665023,14.154189707788776
322.47075551268466,-45.584656751710746,12.999999999999975,5.48398412621731,-9.777895641996185,13.823279757213864
322.2783322154649,-45.51701030995808,12.999999999999972,5.459400628896967,-9.784775957498372,13.492356954396707
322.08635583957886,-45.44906333807485,12.999999999999973,5.434851230561884,-9.791501145615022,13.161423680585239
