galstreams/tracks/track.st.Orinoco.grillmair2017.ecsv
# %ECSV 0.9
# ---
# datatype:
# - {name: ra, unit: deg, datatype: float64}
# - {name: dec, unit: deg, datatype: float64}
# - {name: distance, unit: kpc, datatype: float64}
# - {name: pm_ra_cosdec, unit: mas / yr, datatype: float64}
# - {name: pm_dec, unit: mas / yr, datatype: float64}
# - {name: radial_velocity, unit: km / s, datatype: float64}
# delimiter: ','
# meta: !!omap
# - __serialized_columns__:
#     dec:
#       __class__: astropy.coordinates.angles.Latitude
#       unit: &id001 !astropy.units.Unit {unit: deg}
#       value: !astropy.table.SerializedColumn {name: dec}
#     distance:
#       __class__: astropy.coordinates.distances.Distance
#       unit: !astropy.units.Unit {unit: kpc}
#       value: !astropy.table.SerializedColumn {name: distance}
#     pm_dec:
#       __class__: astropy.units.quantity.Quantity
#       unit: !astropy.units.Unit {unit: mas / yr}
#       value: !astropy.table.SerializedColumn {name: pm_dec}
#     pm_ra_cosdec:
#       __class__: astropy.units.quantity.Quantity
#       unit: !astropy.units.Unit {unit: mas / yr}
#       value: !astropy.table.SerializedColumn {name: pm_ra_cosdec}
#     ra:
#       __class__: astropy.coordinates.angles.Longitude
#       unit: *id001
#       value: !astropy.table.SerializedColumn {name: ra}
#       wrap_angle: !astropy.coordinates.Angle
#         unit: *id001
#         value: 360.0
#     radial_velocity:
#       __class__: astropy.units.quantity.Quantity
#       unit: !astropy.units.Unit {unit: km / s}
#       value: !astropy.table.SerializedColumn {name: radial_velocity}
# schema: astropy-2.0
ra,dec,distance,pm_ra_cosdec,pm_dec,radial_velocity
0.0044166760682117,-25.489617333023613,20.59999999999996,0.0,0.0,0.0
0.1223400786039049,-25.47230048429623,20.599999999999962,0.0,0.0,0.0
0.24021347586438815,-25.45500843222453,20.599999999999966,0.0,0.0,0.0
0.35803621951598624,-25.437745639250146,20.599999999999966,0.0,0.0,0.0
0.47580767815992875,-25.420516570250264,20.599999999999966,0.0,0.0,0.0
0.5935272373266379,-25.40332569250683,20.59999999999997,0.0,0.0,0.0
0.7111942994702818,-25.386177475675705,20.59999999999996,0.0,0.0,0.0
0.8288082839620888,-25.369076391755538,20.599999999999966,0.0,0.0,0.0
0.9463686270830909,-25.352026915056815,20.599999999999966,0.0,0.0,0.0
1.0638747820168886,-25.335033522170693,20.59999999999997,0.0,0.0,0.0
1.1813262188409703,-25.318100691937747,20.599999999999966,0.0,0.0,0.0
1.2987224245184064,-25.301232905416775,20.599999999999966,0.0,0.0,0.0
1.4160629028884513,-25.28443464585346,20.599999999999977,0.0,0.0,0.0
1.5333471746566436,-25.26771039864894,20.59999999999997,0.0,0.0,0.0
1.6505747773850346,-25.251064651328416,20.599999999999966,0.0,0.0,0.0
1.7677452654813934,-25.234501893509655,20.599999999999973,0.0,0.0,0.0
1.8848582101880336,-25.218026616871466,20.59999999999997,0.0,0.0,0.0
2.0019131995708475,-25.201643315122087,20.59999999999997,0.0,0.0,0.0
2.1189098385070517,-25.1853564839676,20.59999999999997,0.0,0.0,0.0
2.2358477486735326,-25.169170621080287,20.599999999999977,0.0,0.0,0.0
2.352726568534212,-25.15309022606689,20.599999999999977,0.0,0.0,0.0
2.469545953327154,-25.13711980043692,20.599999999999973,0.0,0.0,0.0
2.586305575051968,-25.12126384757089,20.599999999999977,0.0,0.0,0.0
2.703005122456066,-25.10552687268855,20.599999999999977,0.0,0.0,0.0
2.819644301021579,-25.08991338281704,20.599999999999973,0.0,0.0,0.0
2.9362228329514406,-25.074427886759125,20.599999999999977,0.0,0.0,0.0
3.0527404571552803,-25.059074895061254,20.599999999999977,0.0,0.0,0.0
3.1691969292357105,-25.0438589199818,20.59999999999998,0.0,0.0,0.0
3.2855920214738594,-25.028784475459076,20.59999999999998,0.0,0.0,0.0
3.401925522814814,-25.013856077079502,20.59999999999998,0.0,0.0,0.0
3.518197238853534,-24.99907824204568,20.59999999999998,0.0,0.0,0.0
3.6344069918197586,-24.984455489144477,20.599999999999977,0.0,0.0,0.0
3.7505546205637423,-24.96999233871507,20.599999999999977,0.0,0.0,0.0
3.8666399805413496,-24.95569331261709,20.59999999999998,0.0,0.0,0.0
3.98266294379908,-24.94156293419861,20.599999999999984,0.0,0.0,0.0
4.098623398959707,-24.927605728264258,20.59999999999998,0.0,0.0,0.0
4.214521251206983,-24.91382622104324,20.599999999999984,0.0,0.0,0.0
4.330356422271307,-24.900228940157476,20.599999999999977,0.0,0.0,0.0
4.446128850414792,-24.88681841458958,20.599999999999987,0.0,0.0,0.0
4.561838490416401,-24.873599174651005,20.599999999999984,0.0,0.0,0.0
4.677485313557776,-24.860575751950105,20.599999999999984,0.0,0.0,0.0
4.793069307608224,-24.847752679360166,20.59999999999998,0.0,0.0,0.0
4.908590476810754,-24.835134490987585,20.599999999999984,0.0,0.0,0.0
5.02404884186763,-24.822725722139953,20.59999999999998,0.0,0.0,0.0
5.13944443992605,-24.81053090929409,20.59999999999999,0.0,0.0,0.0
5.2547773245645715,-24.798554590064317,20.599999999999984,0.0,0.0,0.0
5.370047565779155,-24.786801303170463,20.599999999999984,0.0,0.0,0.0
5.485255249969403,-24.775275588406107,20.599999999999984,0.0,0.0,0.0
5.600400479925656,-24.763981986606705,20.59999999999999,0.0,0.0,0.0
5.71548337481537,-24.75292503961778,20.59999999999998,0.0,0.0,0.0
5.830504070170708,-24.74210929026317,20.599999999999984,0.0,0.0,0.0
5.945462717875759,-24.731539282313175,20.599999999999987,0.0,0.0,0.0
6.060359486154061,-24.721219560452884,20.599999999999984,0.0,0.0,0.0
6.175194559557045,-24.711154670250334,20.599999999999987,0.0,0.0,0.0
6.289968138951871,-24.701349158124867,20.599999999999987,0.0,0.0,0.0
6.404680441510549,-24.691807571315397,20.59999999999999,0.0,0.0,0.0
6.519331700698772,-24.682534457848753,20.59999999999999,0.0,0.0,0.0
6.633922166265152,-24.673534366507944,20.59999999999999,0.0,0.0,0.0
6.748452104231441,-24.664811846800635,20.59999999999999,0.0,0.0,0.0
6.862921796882271,-24.656371448927427,20.599999999999987,0.0,0.0,0.0
6.9773315427562,-24.648217723750307,20.59999999999999,0.0,0.0,0.0
7.09168165663662,-24.640355222761094,20.59999999999999,0.0,0.0,0.0
7.20597246954311,-24.632788498049845,20.59999999999999,0.0,0.0,0.0
7.320204328723829,-24.625522102273337,20.59999999999999,0.0,0.0,0.0
7.434377597647834,-24.61856058862359,20.599999999999987,0.0,0.0,0.0
7.548492655997926,-24.61190851079634,20.599999999999994,0.0,0.0,0.0
7.662549899664637,-24.605570422959648,20.599999999999994,0.0,0.0,0.0
7.776549740739828,-24.599550879722337,20.59999999999999,0.0,0.0,0.0
7.89049260751179,-24.593854436102703,20.59999999999999,0.0,0.0,0.0
8.004378944460283,-24.58848564749707,20.599999999999998,0.0,0.0,0.0
8.118209212252223,-24.58344906964842,20.599999999999984,0.0,0.0,0.0
8.231983887738517,-24.578749258614994,20.59999999999999,0.0,0.0,0.0
8.345703463950711,-24.574390770739047,20.59999999999999,0.0,0.0,0.0
8.459368450099106,-24.570378162615498,20.599999999999987,0.0,0.0,0.0
8.572979371571012,-24.566715991060615,20.599999999999984,0.0,0.0,0.0
8.686536769929633,-24.5634088130808,20.59999999999999,0.0,0.0,0.0
8.800041202914235,-24.560461185841305,20.599999999999984,0.0,0.0,0.0
8.913493244440472,-24.557877666634987,20.59999999999999,0.0,0.0,0.0
9.026893484601445,-24.55566281285114,20.59999999999999,0.0,0.0,0.0
9.140242529670159,-24.553821181944265,20.599999999999987,0.0,0.0,0.0
9.253541002101807,-24.552357331402888,20.59999999999999,0.0,0.0,0.0
9.36678954053779,-24.55127581871844,20.59999999999999,0.0,0.0,0.0
9.479988799809922,-24.550581201354053,20.59999999999999,0.0,0.0,0.0
9.593139450945486,-24.550278036713475,20.599999999999987,0.0,0.0,0.0
9.706242181173742,-24.5503708821099,20.59999999999999,0.0,0.0,0.0
9.8192976939324,-24.550864294734914,20.599999999999994,0.0,0.0,0.0
9.932306708875903,-24.55176283162736,20.59999999999999,0.0,0.0,0.0
10.045269961883983,-24.55307104964227,20.59999999999999,0.0,0.0,0.0
10.158188205071218,-24.554793505419767,20.59999999999999,0.0,0.0,0.0
10.271062206798076,-24.556934755354035,20.599999999999994,0.0,0.0,0.0
10.383892751682081,-24.5594993555622,20.599999999999987,0.0,0.0,0.0
10.496680640610853,-24.562491861853346,20.59999999999999,0.0,0.0,0.0
10.60942669075558,-24.565916829697375,20.599999999999987,0.0,0.0,0.0
10.722131735585517,-24.56977881419402,20.59999999999999,0.0,0.0,0.0
10.834796624884184,-24.574082370041808,20.59999999999999,0.0,0.0,0.0
10.94742222476569,-24.578832051506907,20.599999999999984,0.0,0.0,0.0
11.060009417693136,-24.58403241239221,20.59999999999999,0.0,0.0,0.0
11.17255910249752,-24.589688006006202,20.59999999999999,0.0,0.0,0.0
11.285072194397772,-24.595803385131894,20.599999999999994,0.0,0.0,0.0
11.397549625022595,-24.6023831019958,20.599999999999984,0.0,0.0,0.0
11.509992342432884,-24.609431708236848,20.59999999999999,0.0,0.0,0.0
11.622401311145442,-24.616953754875233,20.59999999999999,0.0,0.0,0.0
11.734777512158471,-24.624953792281428,20.59999999999999,0.0,0.0,0.0
11.847121942977742,-24.633436370144985,20.599999999999994,0.0,0.0,0.0
11.959435617644429,-24.64240603744346,20.59999999999999,0.0,0.0,0.0
12.071719566764171,-24.651867342411215,20.59999999999999,0.0,0.0,0.0
12.18397483753755,-24.661824832508287,20.599999999999987,0.0,0.0,0.0
12.29620249379193,-24.672283054389194,20.59999999999999,0.0,0.0,0.0
12.408403616014779,-24.683246553871715,20.59999999999999,0.0,0.0,0.0
12.520579301388386,-24.694719875905633,20.599999999999987,0.0,0.0,0.0
12.632730663826164,-24.7067075645415,20.599999999999987,0.0,0.0,0.0
12.744858834010364,-24.719214162899274,20.599999999999987,0.0,0.0,0.0
12.856964959431478,-24.732244213137037,20.59999999999999,0.0,0.0,0.0
12.969050204429108,-24.745802256419584,20.59999999999999,0.0,0.0,0.0
13.08111575023456,-24.759892832887026,20.59999999999999,0.0,0.0,0.0
13.193162795015052,-24.774520481623284,20.59999999999999,0.0,0.0,0.0
13.30519255391962,-24.78968974062467,20.599999999999987,0.0,0.0,0.0
13.417206259126782,-24.805405146768226,20.599999999999987,0.0,0.0,0.0
13.529205159893962,-24.821671235780194,20.59999999999998,0.0,0.0,0.0
13.641190522608706,-24.838492542204303,20.599999999999984,0.0,0.0,0.0
13.753163630841815,-24.855873599370096,20.599999999999987,0.0,0.0,0.0
13.865125785402272,-24.873818939361087,20.599999999999984,0.0,0.0,0.0
13.97707830439419,-24.892333092982987,20.599999999999984,0.0,0.0,0.0
14.089022523275704,-24.911420589731694,20.599999999999987,0.0,0.0,0.0
14.20095979491987,-24.931085957761404,20.599999999999984,0.0,0.0,0.0
14.312891489677641,-24.95133372385244,20.599999999999984,0.0,0.0,0.0
14.42481899544297,-24.972168413379208,20.599999999999987,0.0,0.0,0.0
14.53674371772007,-24.9935945502779,20.599999999999984,0.0,0.0,0.0
14.648667079692807,-25.015616657014174,20.599999999999987,0.0,0.0,0.0
14.760590522296514,-25.038239254550795,20.599999999999984,0.0,0.0,0.0
14.872515504291938,-25.06146686231509,20.599999999999984,0.0,0.0,0.0
14.984443502341646,-25.085303998166324,20.59999999999998,0.0,0.0,0.0
15.096376011088823,-25.109755178363024,20.599999999999984,0.0,0.0,0.0
15.208314543238572,-25.13482491753016,20.59999999999998,0.0,0.0,0.0
15.320260629641655,-25.16051772862615,20.599999999999984,0.0,0.0,0.0
15.432215819380906,-25.186838122909865,20.599999999999984,0.0,0.0,0.0
15.544181679860264,-25.213790609907413,20.599999999999984,0.0,0.0,0.0
15.656159796896485,-25.241379697378832,20.599999999999984,0.0,0.0,0.0
15.76815177481366,-25.269609891284613,20.599999999999984,0.0,0.0,0.0
15.880159236540527,-25.298485695752177,20.599999999999984,0.0,0.0,0.0
15.99218382371072,-25.32801161304205,20.599999999999984,0.0,0.0,0.0
16.10422719676597,-25.358192143514067,20.599999999999977,0.0,0.0,0.0
16.21629103506234,-25.389031785593225,20.599999999999984,0.0,0.0,0.0
16.328377036979575,-25.420535035735526,20.599999999999977,0.0,0.0,0.0
16.44048692003362,-25.45270638839359,20.599999999999977,0.0,0.0,0.0
16.55262242099242,-25.485550335982072,20.599999999999984,0.0,0.0,0.0
16.66478529599506,-25.519071368842912,20.59999999999998,0.0,0.0,0.0
16.77697732067427,-25.553273975210402,20.59999999999998,0.0,0.0,0.0
16.889200290282517,-25.588162641176062,20.599999999999977,0.0,0.0,0.0
17.001456019821557,-25.623741850653225,20.59999999999998,0.0,0.0,0.0
17.113746344175798,-25.66001608534157,20.599999999999977,0.0,0.0,0.0
17.2260731182493,-25.696989824691254,20.599999999999977,0.0,0.0,0.0
17.33843821710668,-25.734667545866955,20.599999999999977,0.0,0.0,0.0
17.450843536118008,-25.77305372371162,20.599999999999977,0.0,0.0,0.0
17.563290991107575,-25.812152830709888,20.599999999999977,0.0,0.0,0.0
17.67578251850701,-25.851969336951438,20.599999999999973,0.0,0.0,0.0
17.78832007551249,-25.892507710093916,20.599999999999973,0.0,0.0,0.0
17.90090564024636,-25.933772415325624,20.599999999999977,0.0,0.0,0.0
18.01354121192316,-25.975767915328007,20.599999999999977,0.0,0.0,0.0
18.126228811020265,-26.018498670237708,20.599999999999977,0.0,0.0,0.0
18.238970479453148,-26.061969137608443,20.599999999999973,0.0,0.0,0.0
18.351768280755472,-26.106183772372486,20.599999999999973,0.0,0.0,0.0
18.4646243002641,-26.151147026801866,20.599999999999973,0.0,0.0,0.0
18.577540645309078,-26.196863350469233,20.599999999999966,0.0,0.0,0.0
18.690519445408864,-26.24333719020831,20.599999999999973,0.0,0.0,0.0
18.80356285247076,-26.290572990074097,20.599999999999973,0.0,0.0,0.0
18.916673040996855,-26.338575191302596,20.599999999999973,0.0,0.0,0.0
19.02985220829545,-26.38734823227019,20.59999999999997,0.0,0.0,0.0
19.14310257469825,-26.4368965484527,20.599999999999973,0.0,0.0,0.0
19.25642638378337,-26.487224572383912,20.59999999999997,0.0,0.0,0.0
19.369825902604333,-26.538336733613697,20.599999999999966,0.0,0.0,0.0
19.483303421925225,-26.59023745866582,20.59999999999997,0.0,0.0,0.0
19.596861256462198,-26.64293117099511,20.59999999999997,0.0,0.0,0.0
19.71050174513138,-26.696422290944334,20.59999999999997,0.0,0.0,0.0
19.824227251303466,-26.750715235700497,20.599999999999973,0.0,0.0,0.0
19.938040163065082,-26.805814419250577,20.59999999999997,0.0,0.0,0.0
20.051942893487187,-26.86172425233695,20.599999999999966,0.0,0.0,0.0
20.165937880900593,-26.91844914241204,20.599999999999966,0.0,0.0,0.0
20.28002758917888,-26.97599349359263,20.599999999999962,0.0,0.0,0.0
20.394214508028792,-27.034361706613456,20.59999999999997,0.0,0.0,0.0
20.508501153288496,-27.09355817878029,20.599999999999966,0.0,0.0,0.0
20.622890067233637,-27.153587303922414,20.599999999999966,0.0,0.0,0.0
20.73738381889167,-27.214453472344402,20.599999999999966,0.0,0.0,0.0
20.851985004364515,-27.27616107077739,20.599999999999966,0.0,0.0,0.0
20.96669624715981,-27.338714482329546,20.59999999999996,0.0,0.0,0.0
21.081520198530967,-27.402118086435884,20.599999999999966,0.0,0.0,0.0
21.196459537826364,-27.466376258807493,20.599999999999962,0.0,0.0,0.0
21.31151697284772,-27.53149337137981,20.59999999999996,0.0,0.0,0.0
21.426695240218073,-27.597473792260352,20.599999999999955,0.0,0.0,0.0
21.541997105759616,-27.664321885675516,20.59999999999996,0.0,0.0,0.0
21.657425364881497,-27.732042011916672,20.599999999999962,0.0,0.0,0.0
21.77298284297806,-27.800638527285365,20.59999999999996,0.0,0.0,0.0
21.888672395837585,-27.870115784037708,20.59999999999996,0.0,0.0,0.0
22.004496910062045,-27.940478130327822,20.599999999999962,0.0,0.0,0.0
22.12045930349804,-28.011729910150425,20.59999999999996,0.0,0.0,0.0
22.236562525679172,-28.083875463282467,20.59999999999996,0.0,0.0,0.0
22.35280955828034,-28.15691912522376,20.599999999999955,0.0,0.0,0.0
22.469203415584133,-28.230865227136633,20.59999999999996,0.0,0.0,0.0
22.58574714495965,-28.305718095784535,20.59999999999995,0.0,0.0,0.0
22.702443827354323,-28.38148205346961,20.59999999999995,0.0,0.0,0.0
