galstreams/tracks/track.st.Perpendicular.weiss2018.ecsv
# %ECSV 1.0
# ---
# datatype:
# - {name: ra, unit: deg, datatype: float64}
# - {name: dec, unit: deg, datatype: float64}
# - {name: distance, unit: kpc, datatype: float64}
# - {name: pm_ra_cosdec, unit: mas / yr, datatype: float64}
# - {name: pm_dec, unit: mas / yr, datatype: float64}
# - {name: radial_velocity, unit: km / s, datatype: float64}
# delimiter: ','
# meta: !!omap
# - __serialized_columns__:
#     dec:
#       __class__: astropy.coordinates.angles.Latitude
#       unit: &id001 !astropy.units.Unit {unit: deg}
#       value: !astropy.table.SerializedColumn {name: dec}
#     distance:
#       __class__: astropy.coordinates.distances.Distance
#       unit: !astropy.units.Unit {unit: kpc}
#       value: !astropy.table.SerializedColumn {name: distance}
#     pm_dec:
#       __class__: astropy.units.quantity.Quantity
#       unit: !astropy.units.Unit {unit: mas / yr}
#       value: !astropy.table.SerializedColumn {name: pm_dec}
#     pm_ra_cosdec:
#       __class__: astropy.units.quantity.Quantity
#       unit: !astropy.units.Unit {unit: mas / yr}
#       value: !astropy.table.SerializedColumn {name: pm_ra_cosdec}
#     ra:
#       __class__: astropy.coordinates.angles.Longitude
#       unit: *id001
#       value: !astropy.table.SerializedColumn {name: ra}
#       wrap_angle: !astropy.coordinates.Angle
#         unit: *id001
#         value: 360.0
#     radial_velocity:
#       __class__: astropy.units.quantity.Quantity
#       unit: !astropy.units.Unit {unit: km / s}
#       value: !astropy.table.SerializedColumn {name: radial_velocity}
# schema: astropy-2.0
ra,dec,distance,pm_ra_cosdec,pm_dec,radial_velocity
[from data line 707]
184.6727028015946,14.172585033823117,14.76319543119286,0.0,0.0,0.0
184.66848360362704,14.180984539782157,14.764976516399631,0.0,0.0,0.0
184.6642640929196,14.189383971872012,14.766757601606406,0.0,0.0,0.0
184.66004426925903,14.19778333004157,14.768538686813173,0.0,0.0,0.0
184.65582413243195,14.206182614239939,14.770319772019947,0.0,0.0,0.0
184.651603682225,14.214581824415989,14.77210085722672,0.0,0.0,0.0
184.64738291842463,14.222980960518793,14.77388194243349,0.0,0.0,0.0
184.6431618408174,14.2313800224972,14.775663027640261,0.0,0.0,0.0
184.63894044918976,14.239779010300254,14.777444112847034,0.0,0.0,0.0
184.63471874332808,14.248177923876776,14.779225198053805,0.0,0.0,0.0
184.6304967230187,14.256576763175792,14.781006283260576,0.0,0.0,0.0
184.62627438804793,14.264975528146083,14.78278736846735,0.0,0.0,0.0
184.62205173820195,14.273374218736647,14.78456845367412,0.0,0.0,0.0
184.617828773267,14.281772834896252,14.786349538880891,0.0,0.0,0.0
184.61360549302918,14.290171376573857,14.788130624087664,0.0,0.0,0.0
184.6093818972746,14.29856984371821,14.789911709294435,0.0,0.0,0.0
184.60515798578922,14.306968236278244,14.791692794501207,0.0,0.0,0.0
184.6009337583591,14.315366554202663,14.79347387970798,0.0,0.0,0.0
184.5967092147701,14.323764797440385,14.795254964914752,0.0,0.0,0.0
184.59248435480814,14.332162965940098,14.797036050121523,0.0,0.0,0.0
184.588259178259,14.34056105965068,14.798817135328294,0.0,0.0,0.0
184.58403368490852,14.348959078520787,14.800598220535067,0.0,0.0,0.0
184.5798078745423,14.357357022499277,14.802379305741837,0.0,0.0,0.0
184.5755817469461,14.365754891534783,14.804160390948606,0.0,0.0,0.0
184.5713553019055,14.37415268557613,14.805941476155379,0.0,0.0,0.0
184.5671285392061,14.382550404571914,14.807722561362153,0.0,0.0,0.0
184.5629014586333,14.390948048470944,14.809503646568924,0.0,0.0,0.0
184.55867405997267,14.399345617221801,14.811284731775697,0.0,0.0,0.0
184.55444634300957,14.407743110773243,14.813065816982466,0.0,0.0,0.0
184.55021830752932,14.416140529073836,14.81484690218924,0.0,0.0,0.0
184.54598995331727,14.424537872072307,14.816627987396009,0.0,0.0,0.0
184.54176128015865,14.432935139717186,14.818409072602782,0.0,0.0,0.0
184.53753228783864,14.441332331957193,14.820190157809556,0.0,0.0,0.0
184.53330297614244,14.449729448740824,14.821971243016327,0.0,0.0,0.0
184.52907334485502,14.458126490016754,14.8237523282231,0.0,0.0,0.0
184.52484339376153,14.46652345573347,14.825533413429866,0.0,0.0,0.0
184.5206131226469,14.474920345839616,14.827314498636643,0.0,0.0,0.0
184.5163825312961,14.483317160283644,14.829095583843412,0.0,0.0,0.0
184.51215161949395,14.491713899014178,14.830876669050186,0.0,0.0,0.0
184.50792038702534,14.500110561979634,14.832657754256958,0.0,0.0,0.0
184.50368883367497,14.508507149128624,14.83443883946373,0.0,0.0,0.0
184.49945695922762,14.516903660409525,14.836219924670504,0.0,0.0,0.0
184.49522476346795,14.52530009577092,14.838001009877273,0.0,0.0,0.0
184.49099224618058,14.533696455161154,14.839782095084045,0.0,0.0,0.0
184.48675940715,14.542092738528787,14.841563180290816,0.0,0.0,0.0
184.48252624616086,14.550488945822153,14.84334426549759,0.0,0.0,0.0
184.47829276299748,14.558885076989766,14.845125350704357,0.0,0.0,0.0
184.47405895744433,14.567281131979927,14.846906435911132,0.0,0.0,0.0
184.46982482928573,14.575677110741134,14.8486875211179,0.0,0.0,0.0
184.46559037830602,14.584073013221666,14.850468606324675,0.0,0.0,0.0
184.46135560428942,14.592468839369973,14.852249691531446,0.0,0.0,0.0
184.45712050702014,14.600864589134314,14.85403077673822,0.0,0.0,0.0
184.45288508628224,14.609260262463124,14.85581186194499,0.0,0.0,0.0
184.4486493418599,14.617655859304621,14.85759294715176,0.0,0.0,0.0
184.4444132735371,14.626051379607215,14.859374032358533,0.0,0.0,0.0
184.44017688109784,14.634446823319097,14.861155117565307,0.0,0.0,0.0
184.435940164326,14.642842190388645,14.862936202772078,0.0,0.0,0.0
184.43170312300555,14.651237480764024,14.86471728797885,0.0,0.0,0.0
184.42746575692018,14.659632694393592,14.866498373185618,0.0,0.0,0.0
184.42322806585378,14.668027831225475,14.868279458392392,0.0,0.0,0.0
184.41899004958995,14.676422891208007,14.870060543599164,0.0,0.0,0.0
184.41475170791242,14.684817874289287,14.871841628805933,0.0,0.0,0.0
184.41051304060477,14.693212780417612,14.873622714012706,0.0,0.0,0.0
184.40627404745055,14.70160760954107,14.875403799219477,0.0,0.0,0.0
184.40203472823325,14.71000236160792,14.87718488442625,0.0,0.0,0.0
184.39779508273634,14.718397036566214,14.878965969633022,0.0,0.0,0.0
184.39355511074316,14.726791634364197,14.880747054839796,0.0,0.0,0.0
184.3893148120371,14.735186154949885,14.882528140046563,0.0,0.0,0.0
184.3850741864014,14.743580598271496,14.884309225253338,0.0,0.0,0.0
184.3808332336193,14.751974964277014,14.886090310460107,0.0,0.0,0.0
184.376591953474,14.760369252914636,14.887871395666881,0.0,0.0,0.0
184.3723503457486,14.768763464132322,14.88965248087365,0.0,0.0,0.0
184.3681084102261,14.777157597878226,14.891433566080423,0.0,0.0,0.0
184.36386614668965,14.785551654100283,14.893214651287192,0.0,0.0,0.0
184.35962355492208,14.793945632746619,14.89499573649397,0.0,0.0,0.0
184.35538063470636,14.802339533765204,14.896776821700735,0.0,0.0,0.0
184.35113738582533,14.81073335710397,14.898557906907511,0.0,0.0,0.0
184.3468938080618,14.819127102710965,14.900338992114282,0.0,0.0,0.0
184.34264990119843,14.827520770534194,14.902120077321053,0.0,0.0,0.0
184.33840566501803,14.835914360521567,14.903901162527825,0.0,0.0,0.0
184.33416109930315,14.844307872620968,14.905682247734598,0.0,0.0,0.0
184.32991620383638,14.852701306780428,14.907463332941367,0.0,0.0,0.0
184.32567097840027,14.861094662947755,14.909244418148145,0.0,0.0,0.0
184.32142542277722,14.869487941070956,14.91102550335491,0.0,0.0,0.0
184.31717953674973,14.877881141097795,14.912806588561683,0.0,0.0,0.0
184.31293332010014,14.886274262976244,14.914587673768459,0.0,0.0,0.0
184.30868677261077,14.894667306654066,14.916368758975228,0.0,0.0,0.0
184.30443989406376,14.9030602720792,14.918149844181999,0.0,0.0,0.0
184.30019268424147,14.91145315919936,14.919930929388768,0.0,0.0,0.0
184.29594514292592,14.919845967962466,14.921712014595546,0.0,0.0,0.0
184.2916972698993,14.928238698316207,14.923493099802316,0.0,0.0,0.0
184.2874490649435,14.936631350208474,14.925274185009084,0.0,0.0,0.0
184.28320052784065,14.945023923586922,14.92705527021586,0.0,0.0,0.0
184.27895165837253,14.953416418399415,14.92883635542263,0.0,0.0,0.0
184.27470245632117,14.961808834593588,14.9306174406294,0.0,0.0,0.0
184.27045292146823,14.97020117211726,14.932398525836172,0.0,0.0,0.0
184.2662030535956,14.978593430918046,14.934179611042945,0.0,0.0,0.0
184.26195285248485,14.98698561094374,14.935960696249715,0.0,0.0,0.0
184.25770231791776,14.995377712141925,14.937741781456484,0.0,0.0,0.0
184.2534514496758,15.003769734460361,14.939522866663259,0.0,0.0,0.0
184.2492002475406,15.012161677846604,14.941303951870031,0.0,0.0,0.0
184.2449487112936,15.020553542248388,14.9430850370768,0.0,0.0,0.0
184.24069684071628,15.028945327613243,14.944866122283576,0.0,0.0,0.0
184.23644463558995,15.037337033888868,14.946647207490345,0.0,0.0,0.0
184.23219209569595,15.04572866102276,14.948428292697116,0.0,0.0,0.0
184.22793922081553,15.0541202089626,14.95020937790389,0.0,0.0,0.0
184.22368601072995,15.06251167765585,14.951990463110663,0.0,0.0,0.0
184.21943246522028,15.070903067050166,14.953771548317434,0.0,0.0,0.0
184.2151785840677,15.079294377092976,14.955552633524206,0.0,0.0,0.0
184.2109243670532,15.087685607731903,14.957333718730975,0.0,0.0,0.0
184.20666981395775,15.096076758914352,14.95911480393775,0.0,0.0,0.0
184.20241492456233,15.104467830587915,14.960895889144519,0.0,0.0,0.0
184.19815969864777,15.11285882269997,14.962676974351293,0.0,0.0,0.0
184.19390413599493,15.121249735198077,14.964458059558064,0.0,0.0,0.0
184.18964823638458,15.129640568029592,14.966239144764835,0.0,0.0,0.0
184.18539199959733,15.138031321142032,14.968020229971607,0.0,0.0,0.0
184.18113542541397,15.14642199448273,14.96980131517838,0.0,0.0,0.0
184.17687851361498,15.154812587999189,14.97158240038515,0.0,0.0,0.0
184.17262126398097,15.163203101638688,14.973363485591921,0.0,0.0,0.0
184.1683636762924,15.171593535348707,14.975144570798692,0.0,0.0,0.0
184.16410575032972,15.179983889076505,14.976925656005465,0.0,0.0,0.0
184.15984748587326,15.188374162769527,14.978706741212235,0.0,0.0,0.0
184.15558888270337,15.196764356375,14.98048782641901,0.0,0.0,0.0
184.15132994060028,15.205154469840348,14.982268911625779,0.0,0.0,0.0
184.14707065934425,15.213544503112765,14.984049996832553,0.0,0.0,0.0
184.1428110387154,15.221934456139634,14.985831082039322,0.0,0.0,0.0
184.1385510784938,15.230324328868132,14.987612167246096,0.0,0.0,0.0
184.13429077845947,15.238714121245614,14.989393252452867,0.0,0.0,0.0
184.1300301383925,15.247103833219214,14.99117433765964,0.0,0.0,0.0
184.12576915807267,15.255493464736269,14.992955422866414,0.0,0.0,0.0
184.12150783727992,15.263883015743888,14.994736508073183,0.0,0.0,0.0
184.1172461757941,15.272272486189365,14.996517593279956,0.0,0.0,0.0
184.11298417339486,15.280661876019787,14.998298678486725,0.0,0.0,0.0
184.10872182986202,15.289051185182412,15.000079763693499,0.0,0.0,0.0
184.10445914497515,15.297440413624308,15.00186084890027,0.0,0.0,0.0
184.10019611851382,15.305829561292695,15.003641934107042,0.0,0.0,0.0
184.09593275025762,15.31421862813461,15.005423019313811,0.0,0.0,0.0
184.09166903998593,15.322607614097247,15.007204104520584,0.0,0.0,0.0
184.0874049874783,15.330996519127607,15.008985189727355,0.0,0.0,0.0
184.08314059251396,15.33938534317287,15.010766274934129,0.0,0.0,0.0
184.07887585487228,15.347774086179996,15.0125473601409,0.0,0.0,0.0
184.0746107743325,15.356162748096127,15.01432844534767,0.0,0.0,0.0
184.0703453506738,15.364551328868213,15.016109530554441,0.0,0.0,0.0
184.0660795836753,15.372939828443354,15.017890615761216,0.0,0.0,0.0
184.06181347311613,15.381328246768463,15.019671700967987,0.0,0.0,0.0
184.05754701877524,15.389716583790625,15.021452786174756,0.0,0.0,0.0
184.05328022043162,15.398104839456712,15.023233871381528,0.0,0.0,0.0
184.04901307786417,15.406493013713785,15.025014956588302,0.0,0.0,0.0
184.04474559085176,15.414881106508687,15.026796041795075,0.0,0.0,0.0
184.04047775917314,15.423269117788443,15.028577127001848,0.0,0.0,0.0
184.03620958260709,15.431657047499874,15.030358212208615,0.0,0.0,0.0
184.03194106093224,15.440044895589963,15.03213929741539,0.0,0.0,0.0
184.02767219392726,15.44843266200551,15.033920382622162,0.0,0.0,0.0
184.02340298137065,15.456820346693476,15.03570146782893,0.0,0.0,0.0
184.01913342304098,15.465207949600607,15.037482553035705,0.0,0.0,0.0
184.01486351871662,15.473595470673843,15.039263638242474,0.0,0.0,0.0
184.01059326817608,15.481982909859914,15.041044723449245,0.0,0.0,0.0
184.00632267119755,15.490370267105726,15.04282580865602,0.0,0.0,0.0
184.00205172755943,15.49875754235797,15.04460689386279,0.0,0.0,0.0
183.99778043703984,15.507144735563513,15.046387979069564,0.0,0.0,0.0
183.99350879941701,15.515531846669028,15.048169064276333,0.0,0.0,0.0
183.989236814469,15.523918875621364,15.049950149483104,0.0,0.0,0.0
183.9849644819739,15.532305822367148,15.051731234689877,0.0,0.0,0.0
183.98069180170964,15.54069268685319,15.05351231989665,0.0,0.0,0.0
183.97641877345418,15.5490794690261,15.05529340510342,0.0,0.0,0.0
183.9721453969854,15.557466168832663,15.057074490310193,0.0,0.0,0.0
183.96787167208112,15.56585278621945,15.058855575516967,0.0,0.0,0.0
183.96359759851904,15.574239321133216,15.060636660723736,0.0,0.0,0.0
183.95932317607696,15.5826257735205,15.062417745930508,0.0,0.0,0.0
183.95504840453242,15.591012143328024,15.064198831137276,0.0,0.0,0.0
183.9507732836631,15.599398430502305,15.065979916344052,0.0,0.0,0.0
183.94649781324642,15.607784634990033,15.067761001550819,0.0,0.0,0.0
183.94222199305995,15.616170756737688,15.069542086757593,0.0,0.0,0.0
183.937945822881,15.624556795691932,15.071323171964368,0.0,0.0,0.0
183.933669302487,15.632942751799217,15.073104257171137,0.0,0.0,0.0
183.92939243165517,15.641328625006176,15.074885342377911,0.0,0.0,0.0
183.92511521016286,15.649714415259226,15.076666427584682,0.0,0.0,0.0
183.92083763778712,15.658100122504965,15.078447512791456,0.0,0.0,0.0
183.91655971430518,15.666485746689789,15.080228597998225,0.0,0.0,0.0
183.91228143949397,15.674871287760272,15.082009683204996,0.0,0.0,0.0
183.90800281313062,15.683256745662757,15.083790768411768,0.0,0.0,0.0
183.903723834992,15.69164212034379,15.08557185361854,0.0,0.0,0.0
183.89944450485507,15.700027411749707,15.087352938825314,0.0,0.0,0.0
183.89516482249653,15.708412619827001,15.089134024032086,0.0,0.0,0.0
183.89088478769327,15.71679774452198,15.090915109238857,0.0,0.0,0.0
183.88660440022193,15.725182785781124,15.092696194445626,0.0,0.0,0.0
183.8823236598592,15.733567743550683,15.0944772796524,0.0,0.0,0.0
183.87804256638162,15.741952617777125,15.09625836485917,0.0,0.0,0.0
183.8737611195658,15.750337408406669,15.098039450065944,0.0,0.0,0.0
183.86947931918817,15.758722115385737,15.099820535272713,0.0,0.0,0.0
183.86519716502514,15.767106738660534,15.101601620479485,0.0,0.0,0.0
183.86091465685308,15.77549127817744,15.103382705686256,0.0,0.0,0.0
183.8566317944483,15.783875733882624,15.105163790893032,0.0,0.0,0.0
183.85234857758704,15.792260105722457,15.1069448760998,0.0,0.0,0.0
183.84806500604546,15.800644393643063,15.108725961306574,0.0,0.0,0.0
183.84378107959967,15.809028597590773,15.110507046513344,0.0,0.0,0.0
183.8394967980258,15.817412717511694,15.112288131720117,0.0,0.0,0.0
183.8352121610998,15.82579675335212,15.114069216926888,0.0,0.0,0.0
183.83092716859764,15.834180705058138,15.115850302133659,0.0,0.0,0.0
183.82664182029515,15.842564572575991,15.117631387340431,0.0,0.0,0.0
183.82235611596823,15.850948355851742,15.119412472547204,0.0,0.0,0.0
183.8180700553926,15.859332054831606,15.121193557753974,0.0,0.0,0.0
183.81378363834403,15.867715669461615,15.122974642960749,0.0,0.0,0.0
183.8094968645981,15.876099199687964,15.124755728167516,0.0,0.0,0.0
183.80520973393044,15.884482645456629,15.126536813374289,0.0,0.0,0.0
183.80092224611656,15.892866006713787,15.12831789858106,0.0,0.0,0.0
183.79663440093196,15.901249283405392,15.13009898378783,0.0,0.0,0.0
183.79234619815202,15.909632475477563,15.131880068994603,0.0,0.0,0.0
183.78805763755213,15.918015582876244,15.133661154201379,0.0,0.0,0.0
183.78376871890754,15.926398605547528,15.135442239408148,0.0,0.0,0.0
183.7794794419935,15.934781543437305,15.137223324614919,0.0,0.0,0.0
183.7751898065852,15.94316439649166,15.139004409821688,0.0,0.0,0.0
183.7708998124577,15.95154716465644,15.140785495028464,0.0,0.0,0.0
183.76660945938613,15.959929847877682,15.142566580235231,0.0,0.0,0.0
183.76231874714549,15.968312446101226,15.144347665442007,0.0,0.0,0.0
183.75802767551062,15.976694959273079,15.146128750648778,0.0,0.0,0.0
183.7537362442565,15.985077387339038,15.14790983585555,0.0,0.0,0.0
183.74944445315785,15.993459730245076,15.14969092106232,0.0,0.0,0.0
183.74515230198952,16.00184198793696,15.151472006269094,0.0,0.0,0.0
183.74085979052614,16.01022416036064,15.153253091475866,0.0,0.0,0.0
183.73656691854234,16.0186062474619,15.155034176682637,0.0,0.0,0.0
183.73227368581277,16.026988249186488,15.15681526188941,0.0,0.0,0.0
183.7279800921119,16.035370165480284,15.158596347096179,0.0,0.0,0.0
183.72368613721414,16.043751996289096,15.160377432302953,0.0,0.0,0.0
183.71939182089397,16.05213374155866,15.162158517509724,0.0,0.0,0.0
183.71509714292569,16.060515401234664,15.163939602716495,0.0,0.0,0.0
183.71080210308358,16.068896975262906,15.165720687923269,0.0,0.0,0.0
183.7065067011418,16.077278463589153,15.16750177313004,0.0,0.0,0.0
183.70221093687456,16.085659866159062,15.169282858336809,0.0,0.0,0.0
183.69791481005598,16.094041182918264,15.171063943543585,0.0,0.0,0.0
183.69361832046002,16.10242241381254,15.172845028750354,0.0,0.0,0.0
183.68932146786074,16.11080355878745,15.174626113957125,0.0,0.0,0.0
183.68502425203195,16.11918461778872,15.176407199163897,0.0,0.0,0.0
