galstreams/tracks/track.st.Aquarius.williams2011.ecsv
# %ECSV 1.0
# ---
# datatype:
# - {name: ra, unit: deg, datatype: float64}
# - {name: dec, unit: deg, datatype: float64}
# - {name: distance, unit: kpc, datatype: float64}
# - {name: pm_ra_cosdec, unit: mas / yr, datatype: float64}
# - {name: pm_dec, unit: mas / yr, datatype: float64}
# - {name: radial_velocity, unit: km / s, datatype: float64}
# delimiter: ','
# meta: !!omap
# - __serialized_columns__:
#     dec:
#       __class__: astropy.coordinates.angles.Latitude
#       unit: &id001 !astropy.units.Unit {unit: deg}
#       value: !astropy.table.SerializedColumn {name: dec}
#     distance:
#       __class__: astropy.coordinates.distances.Distance
#       unit: !astropy.units.Unit {unit: kpc}
#       value: !astropy.table.SerializedColumn {name: distance}
#     pm_dec:
#       __class__: astropy.units.quantity.Quantity
#       unit: !astropy.units.Unit {unit: mas / yr}
#       value: !astropy.table.SerializedColumn {name: pm_dec}
#     pm_ra_cosdec:
#       __class__: astropy.units.quantity.Quantity
#       unit: !astropy.units.Unit {unit: mas / yr}
#       value: !astropy.table.SerializedColumn {name: pm_ra_cosdec}
#     ra:
#       __class__: astropy.coordinates.angles.Longitude
#       unit: *id001
#       value: !astropy.table.SerializedColumn {name: ra}
#       wrap_angle: !astropy.coordinates.Angle
#         unit: *id001
#         value: 360.0
#     radial_velocity:
#       __class__: astropy.units.quantity.Quantity
#       unit: !astropy.units.Unit {unit: km / s}
#       value: !astropy.table.SerializedColumn {name: radial_velocity}
# schema: astropy-2.0
ra,dec,distance,pm_ra_cosdec,pm_dec,radial_velocity
[from data line 852]
347.43910473668564,-9.266007714667145,3.781204338365997,7.634971684050074,-30.119174229548364,-207.67772431229184
347.44931050070875,-9.26791715505779,3.779967214648892,7.640073852283126,-30.12581339228297,-207.68657372597912
347.4595163769411,-9.269826293074411,3.7787300909317887,7.645176707396376,-30.13245220463613,-207.6954231396663
347.46972236539216,-9.271735128620193,3.7774929672146853,7.650280249539798,-30.13909066645244,-207.70427255335358
347.47992846607127,-9.273643661598316,3.776255843497583,7.655384478863321,-30.145728777576444,-207.71312196704085
347.4901346789881,-9.275551891911983,3.775018719780479,7.660489395516826,-30.15236653785274,-207.72197138072815
347.500341004152,-9.277459819464399,3.7737815960633756,7.665594999650153,-30.15900394712584,-207.73082079441528
347.51054744157227,-9.279367444158762,3.7725444723462727,7.670701291413061,-30.165641005240296,-207.73967020810255
347.5207539912585,-9.281274765898303,3.7713073486291684,7.6758082709552875,-30.17227771204065,-207.7485196217898
347.53096065321995,-9.283181784586235,3.770070224912065,7.680915938426516,-30.178914067371384,-207.75736903547693
347.541167427466,-9.285088500125795,3.7688331011949616,7.686024293976351,-30.185550071077035,-207.76621844916428
347.551374314006,-9.286994912420221,3.7675959774778587,7.6911333377543745,-30.192185723002066,-207.77506786285144
347.56158131284934,-9.288901021372757,3.766358853760755,7.696243069910135,-30.19882102299097,-207.78391727653863
347.57178842400526,-9.29080682688666,3.765121730043652,7.70135349059307,-30.205455970888238,-207.7927666902259
347.581995647483,-9.292712328865179,3.7638846063265476,7.706464599952627,-30.212090566538304,-207.80161610391315
347.5922029832919,-9.294617527211592,3.7626474826094434,7.711576398138163,-30.218724809785634,-207.8104655176004
347.6024104314412,-9.29652242182917,3.7614103588923404,7.716688885299017,-30.225358700474654,-207.8193149312876
347.61261799194017,-9.298427012621188,3.760173235175238,7.721802061584441,-30.23199223844978,-207.8281643449748
347.62282566479803,-9.300331299490942,3.758936111458134,7.726915927143679,-30.238625423555465,-207.83701375866207
347.63303345002385,-9.302235282341728,3.7576989877410303,7.73203048212587,-30.245258255636095,-207.84586317234925
347.64324134762694,-9.30413896107684,3.7564618640239273,7.737145726680161,-30.25189073453604,-207.85471258603653
347.6534493576164,-9.306042335599598,3.755224740306825,7.742261660955592,-30.258522860099717,-207.86356199972377
347.6636574800014,-9.30794540581331,3.75398761658972,7.747378285101205,-30.26515463217151,-207.87241141341096
347.673865714791,-9.309848171621304,3.752750492872617,7.752495599265945,-30.27178605059573,-207.8812608270983
347.68407406199447,-9.31175063292691,3.751513369155514,7.7576136035987595,-30.278417115216783,-207.89011024078542
347.6942825216207,-9.31365278963347,3.75027624543841,7.762732298248478,-30.285047825878962,-207.89895965447266
347.7044910936789,-9.315554641644328,3.7490391217213066,7.767851683363915,-30.291678182426637,-207.90780906816002
347.714699778178,-9.317456188862835,3.7478019980042037,7.772971759093861,-30.298308184704098,-207.91665848184715
347.7249085751271,-9.319357431192351,3.7465648742871003,7.778092525586995,-30.304937832555645,-207.9255078955344
347.73511748453524,-9.321258368536245,3.745327750569996,7.783213982992002,-30.311567125825622,-207.93435730922172
347.74532650641135,-9.323159000797892,3.744090626852893,7.788336131457481,-30.318196064358276,-207.94320672290883
347.75553564076444,-9.325059327880668,3.7428535031357897,7.793458971131988,-30.32482464799788,-207.9520561365961
347.7657448876035,-9.326959349687968,3.7416163794186863,7.798582502164045,-30.33145287658872,-207.96090555028331
347.77595424693743,-9.328859066123185,3.7403792557015825,7.803706724702089,-30.338080749975035,-207.96975496397064
347.78616371877513,-9.330758477089724,3.7391421319844786,7.8088316388945325,-30.34470826800107,-207.9786043776577
347.7963733031255,-9.332657582490995,3.737905008267375,7.813957244889728,-30.351335430511064,-207.98745379134502
347.8065829999975,-9.334556382230407,3.7366678845502728,7.819083542835975,-30.35796223734922,-207.9963032050324
347.81679280939994,-9.336454876211398,3.735430760833169,7.824210532881543,-30.36458868835977,-208.00515261871953
347.8270027313417,-9.338353064337397,3.734193637116065,7.829338215174617,-30.37121478338691,-208.01400203240672
347.8372127658315,-9.340250946511837,3.7329565133989626,7.834466589863345,-30.377840522274806,-208.02285144609408
347.84742291287836,-9.34214852263817,3.7317193896818592,7.839595657095845,-30.384465904867653,-208.03170085978124
347.8576331724908,-9.344045792619848,3.7304822659647554,7.8447254170201255,-30.39109093100964,-208.04055027346848
347.86784354467784,-9.345942756360335,3.7292451422476516,7.849855869784225,-30.397715600544892,-208.04939968715556
347.8780540294481,-9.347839413763094,3.728008018530548,7.854987015536061,-30.404339913317557,-208.05824910084297
347.8882646268103,-9.349735764731598,3.726770894813445,7.860118854423528,-30.410963869171777,-208.06709851453016
347.8984753367733,-9.35163180916934,3.7255337710963414,7.865251386594488,-30.417587467951687,-208.07594792821737
347.9086861593457,-9.353527546979803,3.7242966473792376,7.870384612196721,-30.424210709501395,-208.08479734190462
347.9188970945361,-9.355422978066482,3.7230595236621347,7.875518531377942,-30.430833593664985,-208.09364675559186
347.9291081423533,-9.35731810233289,3.7218223999450317,7.880653144285889,-30.437456120286566,-208.10249616927905
347.93931930280587,-9.35921291968253,3.7205852762279275,7.885788451068159,-30.444078289210232,-208.11134558296632
347.9495305759025,-9.36110743001893,3.719348152510824,7.890924451872353,-30.450700100280027,-208.12019499665345
347.95974196165173,-9.36300163324561,3.7181110287937207,7.896061146845993,-30.457321553340016,-208.1290444103407
347.96995346006213,-9.364895529266102,3.7168739050766173,7.901198536136574,-30.463942648234273,-208.13789382402797
347.9801650711423,-9.366789117983949,3.715636781359514,7.90633661989153,-30.470563384806812,-208.14674323771524
347.99037679490084,-9.3686823993027,3.7143996576424105,7.911475398258222,-30.47718376290167,-208.15559265140254
348.00058863134626,-9.370575373125915,3.7131625339253067,7.9166148713840006,-30.483803782362866,-208.16444206508967
348.0108005804871,-9.372468039357148,3.7119254102082038,7.9217550394161425,-30.4904234430344,-208.1732914787768
348.0210126423317,-9.374360397899975,3.7106882864911,7.926895902501835,-30.497042744760286,-208.18214089246416
348.0312248168887,-9.37625244865797,3.7094511627739966,7.932037460788301,-30.503661687384486,-208.19099030615146
348.04143710416656,-9.378144191534723,3.7082140390568936,7.9371797144226495,-30.510280270750986,-208.19983971983865
348.0516495041736,-9.38003562643382,3.70697691533979,7.942322663551927,-30.516898494703756,-208.20868913352592
348.0618620169183,-9.381926753258863,3.705739791622686,7.947466308323172,-30.523516359086745,-208.2175385472131
348.0720746424091,-9.383817571913458,3.7045026679055826,7.952610648883354,-30.5301338637439,-208.22638796090038
348.0822873806544,-9.385708082301216,3.703265544188479,7.95775568537939,-30.53675100851914,-208.2352373745876
348.0925002316625,-9.387598284325765,3.702028420471376,7.962901417958127,-30.5433677932564,-208.24408678827476
348.1027131954417,-9.389488177890732,3.7007912967542724,7.968047846766388,-30.549984217799597,-208.2529362019621
348.1129262720005,-9.391377762899749,3.699554173037169,7.973194971950948,-30.556600281992623,-208.26178561564922
348.123139461347,-9.39326703925646,3.6983170493200657,7.9783427936585,-30.563215985679363,-208.27063502933643
348.13335276348965,-9.395156006864518,3.6970799256029627,7.983491312035698,-30.569831328703707,-208.27948444302373
348.1435661784367,-9.39704466562758,3.6958428018858593,7.988640527229163,-30.57644631090952,-208.28833385671092
348.1537797061963,-9.398933015449312,3.6946056781687555,7.993790439385432,-30.58306093214067,-208.29718327039825
348.1639933467768,-9.400821056233386,3.693368554451652,7.998941048651025,-30.589675192240986,-208.30603268408544
348.1742071001863,-9.402708787883483,3.6921314307345487,8.004092355172373,-30.59628909105433,-208.3148820977727
348.1844209664332,-9.404596210303291,3.6908943070174454,8.009244359095904,-30.602902628424502,-208.3237315114599
348.1946349455255,-9.4064833233965,3.689657183300341,8.014397060567939,-30.609515804195357,-208.33258092514708
348.2048490374714,-9.408370127066815,3.6884200595832386,8.019550459734772,-30.616128618210656,-208.34143033883436
348.21506324227903,-9.410256621217954,3.6871829358661343,8.024704556742666,-30.622741070314245,-208.3502797525216
348.22527755995657,-9.412142805753616,3.6859458121490314,8.0298593517378,-30.629353160349858,-208.3591291662088
348.23549199051206,-9.414028680577543,3.684708688431928,8.035014844866305,-30.635964888161304,-208.36797857989617
348.2457065339537,-9.415914245593457,3.6834715647148246,8.040171036274304,-30.64257625359234,-208.37682799358322
348.2559211902894,-9.417799500705101,3.6822344409977203,8.04532792610779,-30.649187256486723,-208.38567740727044
348.26613595952733,-9.419684445816216,3.680997317280617,8.05048551451276,-30.655797896688185,-208.3945268209577
348.2763508416754,-9.421569080830563,3.6797601935635136,8.055643801635146,-30.662408174040475,-208.40337623464504
348.2865658367418,-9.423453405651898,3.6785230698464106,8.060802787620856,-30.669018088387293,-208.41222564833222
348.29678094473434,-9.425337420183993,3.6772859461293073,8.065962472615684,-30.675627639572376,-208.42107506201938
348.3069961656611,-9.427221124330622,3.6760488224122043,8.071122856765403,-30.682236827439418,-208.4299244757067
348.31721149953006,-9.429104517995574,3.674811698695099,8.07628394021577,-30.688845651832118,-208.43877388939387
348.327426946349,-9.43098760108263,3.673574574977997,8.081445723112417,-30.695454112594124,-208.4476233030812
348.33764250612603,-9.432870373495597,3.6723374512608933,8.086608205601,-30.702062209569156,-208.45647271676833
348.34785817886893,-9.434752835138278,3.6711003275437895,8.09177138782706,-30.708669942600846,-208.46532213045555
348.3580739645856,-9.436634985914484,3.6698632038266865,8.096935269936122,-30.715277311532844,-208.4741715441428
348.36828986328396,-9.438516825728039,3.668626080109583,8.102099852073644,-30.7218843162088,-208.4830209578301
348.3785058749718,-9.44039835448277,3.667388956392479,8.107265134385056,-30.72849095647234,-208.49187037151736
348.3887219996569,-9.442279572082514,3.666151832675376,8.112431117015694,-30.735097232167064,-208.50071978520452
348.39893823734724,-9.44416047843111,3.664914708958272,8.117597800110879,-30.74170314313662,-208.50956919889174
348.4091545880504,-9.446041073432411,3.663677585241169,8.12276518381585,-30.748308689224576,-208.518418612579
348.41937105177425,-9.44792135699028,3.6624404615240653,8.127933268275832,-30.75491387027453,-208.5272680262662
348.4295876285265,-9.449801329008574,3.661203337806963,8.133102053635964,-30.761518686130053,-208.53611743995333
348.43980431831494,-9.451680989391173,3.659966214089859,8.138271540041332,-30.768123136634735,-208.54496685364072
348.4500211211473,-9.453560338041948,3.6587290903727556,8.143441727637,-30.774727221632112,-208.55381626732787
348.46023803703116,-9.455439374864795,3.6574919666556527,8.148612616567956,-30.781330940965734,-208.56266568101515
348.47045506597425,-9.457318099763606,3.656254842938548,8.153784206979136,-30.787934294479147,-208.57151509470236
348.4806722079843,-9.459196512642288,3.6550177192214446,8.158956499015432,-30.794537282015867,-208.5803645083896
348.49088946306887,-9.461074613404746,3.6537805955043416,8.164129492821688,-30.80113990341942,-208.58921392207677
348.5011068312355,-9.462952401954897,3.6525434717872387,8.169303188542669,-30.807742158533294,-208.5980633357641
348.511324312492,-9.464829878196674,3.651306348070135,8.174477586323128,-30.81434404720101,-208.60691274945128
348.52154190684575,-9.466707042034002,3.650069224353032,8.17965268630773,-30.82094556926603,-208.6157621631386
348.5317596143044,-9.468583893370827,3.6488321006359277,8.184828488641084,-30.827546724571864,-208.62461157682583
348.5419774348755,-9.470460432111095,3.6475949769188247,8.19000499346781,-30.834147512961938,-208.63346099051307
348.5521953685666,-9.472336658158754,3.6463578532017213,8.195182200932397,-30.84074793427972,-208.64231040420032
348.56241341538515,-9.47421257141778,3.6451207294846175,8.200360111179338,-30.847347988368668,-208.65115981788747
348.5726315753387,-9.476088171792131,3.6438836057675146,8.205538724353017,-30.85394767507219,-208.66000923157478
348.58284984843465,-9.477963459185794,3.6426464820504108,8.21071804059783,-30.860546994233744,-208.6688586452619
348.5930682346804,-9.479838433502751,3.6414093583333074,8.215898060058061,-30.867145945696727,-208.67770805894918
348.60328673408355,-9.481713094646992,3.6401722346162044,8.22107878287799,-30.873744529304545,-208.68655747263642
348.6135053466514,-9.48358744252252,3.6389351108991006,8.226260209201818,-30.880342744900588,-208.6954068863236
348.6237240723913,-9.485461477033345,3.637697987181997,8.231442339173686,-30.886940592328244,-208.70425630001088
348.6339429113107,-9.487335198083478,3.636460863464894,8.236625172937721,-30.893538071430882,-208.71310571369813
348.644161863417,-9.489208605576948,3.63522373974779,8.241808710637953,-30.90013518205187,-208.7219551273854
348.6543809287175,-9.491081699417782,3.633986616030687,8.246992952418392,-30.906731924034563,-208.73080454107264
348.6646001072195,-9.492954479510015,3.632749492313584,8.252177898422964,-30.91332829722229,-208.73965395475983
348.6748193989302,-9.4948269457577,3.63151236859648,8.257363548795567,-30.919924301458416,-208.74850336844713
348.6850388038571,-9.496699098064886,3.630275244879377,8.262549903680048,-30.92651993658622,-208.7573527821343
348.6952583220072,-9.498570936335634,3.6290381211622735,8.267736963220173,-30.933115202449056,-208.7662021958216
348.705477953388,-9.500442460474012,3.6278009974451697,8.272924727559708,-30.93971009889022,-208.77505160950872
348.7156976980066,-9.502313670384098,3.626563873728066,8.278113196842298,-30.94630462575298,-208.7839010231959
348.7259175558701,-9.504184565969974,3.625326750010963,8.28330237121158,-30.952898782880645,-208.79275043688324
348.7361375269859,-9.506055147135735,3.624089626293859,8.288492250811139,-30.959492570116463,-208.8015998505704
348.746357611361,-9.507925413785472,3.6228525025767557,8.293682835784487,-30.966085987303707,-208.81044926425764
348.7565778090027,-9.5097953658233,3.6216153788596523,8.2988741262751,-30.97267903428565,-208.81929867794486
348.766798119918,-9.511665003153327,3.620378255142549,8.304066122426393,-30.979271710905515,-208.8281480916321
348.777018544114,-9.513534325679673,3.619141131425446,8.309258824381708,-30.985864017006527,-208.8369975053194
348.78723908159793,-9.515403333306477,3.6179040077083418,8.314452232284394,-30.99245595243193,-208.84584691900653
348.79745973237675,-9.517272025937867,3.616666883991239,8.319646346277665,-30.999047517024927,-208.8546963326939
348.8076804964575,-9.519140403477987,3.6154297602741345,8.324841166504767,-31.005638710628716,-208.86354574638116
348.8179013738474,-9.521008465830993,3.614192636557031,8.330036693108834,-31.012229533086497,-208.87239516006827
348.82812236455317,-9.522876212901044,3.612955512839928,8.335232926232939,-31.018819984241443,-208.88124457375557
348.838343468582,-9.52474364459231,3.611718389122825,8.340429866020163,-31.025410063936736,-208.8900939874429
348.8485646859409,-9.52661076080896,3.610481265405721,8.345627512613497,-31.031999772015535,-208.89894340113
348.85878601663677,-9.528477561455178,3.6092441416886176,8.350825866155866,-31.038589108321002,-208.90779281481724
348.86900746067647,-9.53034404643516,3.6080070179715147,8.356024926790141,-31.045178072696253,-208.9166422285045
