galstreams/tracks/track.st.Orphan-Chenab.shipp2019.ecsv
# %ECSV 1.0
# ---
# datatype:
# - {name: ra, unit: deg, datatype: float64}
# - {name: dec, unit: deg, datatype: float64}
# - {name: distance, unit: kpc, datatype: float64}
# - {name: pm_ra_cosdec, unit: mas / yr, datatype: float64}
# - {name: pm_dec, unit: mas / yr, datatype: float64}
# - {name: radial_velocity, unit: km / s, datatype: float64}
# delimiter: ','
# meta: !!omap
# - __serialized_columns__:
#     dec:
#       __class__: astropy.coordinates.angles.Latitude
#       unit: &id001 !astropy.units.Unit {unit: deg}
#       value: !astropy.table.SerializedColumn {name: dec}
#     distance:
#       __class__: astropy.coordinates.distances.Distance
#       unit: !astropy.units.Unit {unit: kpc}
#       value: !astropy.table.SerializedColumn {name: distance}
#     pm_dec:
#       __class__: astropy.units.quantity.Quantity
#       unit: !astropy.units.Unit {unit: mas / yr}
#       value: !astropy.table.SerializedColumn {name: pm_dec}
#     pm_ra_cosdec:
#       __class__: astropy.units.quantity.Quantity
#       unit: !astropy.units.Unit {unit: mas / yr}
#       value: !astropy.table.SerializedColumn {name: pm_ra_cosdec}
#     ra:
#       __class__: astropy.coordinates.angles.Longitude
#       unit: *id001
#       value: !astropy.table.SerializedColumn {name: ra}
#       wrap_angle: !astropy.coordinates.Angle
#         unit: *id001
#         value: 360.0
#     radial_velocity:
#       __class__: astropy.units.quantity.Quantity
#       unit: !astropy.units.Unit {unit: km / s}
#       value: !astropy.table.SerializedColumn {name: radial_velocity}
# schema: astropy-2.0
ra,dec,distance,pm_ra_cosdec,pm_dec,radial_velocity
[from data line 581]
325.52761100841525,-53.430521657616936,39.8,0.3163068113265812,-2.5188714351487898,-142.04933461960428
325.53430021959434,-53.421342815761946,39.800000000000004,0.31657261216509136,-2.51827346996445,-142.08816251126314
325.5409922154146,-53.41216513595006,39.800000000000004,0.31683821656208,-2.5176751788779974,-142.12699768987568
325.5476869950134,-53.40298861751818,39.80000000000001,0.3171036242979135,-2.517076561937199,-142.16584015544188
325.55438455752994,-53.39381325980312,39.80000000000001,0.3173688351530557,-2.51647761918991,-142.20468990796184
325.5610849021049,-53.384639062141545,39.80000000000001,0.31763384890806967,-2.5158783506840656,-142.2435469474352
325.56778802787994,-53.37546602386993,39.80000000000001,0.3178986653436069,-2.5152787564676857,-142.2824112738624
325.57449393399855,-53.36629414432483,39.80000000000001,0.3181632842404176,-2.5146788365888733,-142.32128288724311
325.58120261960545,-53.35712342284248,39.80000000000001,0.31842770537934406,-2.5140785910958123,-142.3601617875776
325.5879140838467,-53.34795385875907,39.800000000000004,0.318691928541323,-2.513478020036775,-142.39904797486565
325.59462832587,-53.33878545141068,39.800000000000004,0.3189559535073907,-2.5128771234601097,-142.4379414491073
325.60134534482427,-53.32961820013323,39.80000000000001,0.3192197800586729,-2.512275901414253,-142.47684221030275
325.60806513985983,-53.32045210426257,39.80000000000001,0.3194834079763913,-2.511674353947722,-142.5157502584518
325.61478771012844,-53.31128716313436,39.80000000000001,0.3197468370418608,-2.5110724811091183,-142.55466559355435
325.6215130547832,-53.302123376084275,39.800000000000004,0.32001006703649226,-2.510470282947124,-142.59358821561057
325.62824117297873,-53.29296074244774,39.80000000000001,0.32027309774179136,-2.509867759510505,-142.63251812462056
325.63497206387086,-53.28379926156011,39.800000000000004,0.32053592893935434,-2.509264910848112,-142.6714553205842
325.641705726617,-53.27463893275663,39.800000000000004,0.32079856041087607,-2.5086617370088753,-142.71039980350145
325.64844216037574,-53.26547975537241,39.800000000000004,0.3210609919381435,-2.5080582380418073,-142.74935157337228
325.6551813643073,-53.256321728742456,39.800000000000004,0.3213232233030401,-2.5074544139960055,-142.78831063019683
325.66192333757306,-53.247164852201614,39.800000000000004,0.32158525428753815,-2.5068502649206508,-142.82727697397502
325.6686680793358,-53.23800912508474,39.80000000000001,0.3218470846737054,-2.506245790865001,-142.86625060470678
325.67541558875985,-53.228854546726446,39.80000000000001,0.322108714243708,-2.5056409918784026,-142.90523152239226
325.6821658650107,-53.21970111646127,39.800000000000004,0.3223701427798009,-2.5050358680102813,-142.94421972703137
325.68891890725536,-53.21054883362365,39.80000000000001,0.32263137006433684,-2.504430419310143,-142.9832152186241
325.695674714662,-53.20139769754787,39.800000000000004,0.3228923958797556,-2.503824645827583,-143.02221799717054
325.70243328640055,-53.19224770756814,39.800000000000004,0.32315322000860136,-2.503218547612269,-143.06122806267052
325.7091946216418,-53.1830988630185,39.80000000000001,0.32341384223350134,-2.5026121247139583,-143.1002454151242
325.7159587195583,-53.173951163233006,39.80000000000001,0.32367426233718155,-2.502005377182486,-143.13927005453144
325.7227255793237,-53.16480460754546,39.800000000000004,0.32393448010245907,-2.501398305067774,-143.17830198089254
325.7294952001132,-53.15565919528962,39.80000000000001,0.32419449531224975,-2.5007909084198197,-143.21734119420714
325.73626758110316,-53.14651492579911,39.80000000000001,0.32445430774955675,-2.500183187288707,-143.25638769447536
325.7430427214715,-53.13737179840744,39.800000000000004,0.32471391719748,-2.499575141724602,-143.2954414816973
325.7498206203973,-53.128229812448026,39.80000000000001,0.32497332343920915,-2.498966771777748,-143.3345025558728
325.7566012770612,-53.11908896725411,39.80000000000001,0.32523252625803556,-2.498358077498474,-143.373570917002
325.7633846906448,-53.109949262158956,39.800000000000004,0.3254915254373296,-2.4977490589371913,-143.41264656508488
325.7701708603314,-53.100810696495614,39.8,0.325750320760569,-2.49713971614439,-143.45172950012133
325.7769597853055,-53.09167326959703,39.800000000000004,0.32600891201131654,-2.4965300491706417,-143.49081972211147
325.78375146475304,-53.08253698079607,39.800000000000004,0.3262672989732305,-2.495920058066602,-143.52991723105526
325.7905458978611,-53.07340182942545,39.800000000000004,0.32652548143006155,-2.4953097428830056,-143.56902202695264
325.79734308381813,-53.064267814817825,39.800000000000004,0.3267834591656533,-2.494699103670671,-143.6081341098037
325.8041430218141,-53.05513493630566,39.800000000000004,0.32704123196394286,-2.494088140480496,-143.6472534796085
325.81094571104023,-53.04600319322148,39.800000000000004,0.32729879960896135,-2.493476853363462,-143.6863801363669
325.81775115068876,-53.03687258489754,39.80000000000001,0.3275561618848266,-2.4928652423706277,-143.7255140800788
325.8245593399537,-53.027743110666016,39.800000000000004,0.327813318575759,-2.4922533075531366,-143.76465531074447
325.8313702780301,-53.01861476985902,39.80000000000001,0.3280702694660633,-2.491641048962211,-143.8038038283638
325.83818396411436,-53.00948756180854,39.800000000000004,0.32832701434014244,-2.491028466649158,-143.84295963293673
325.84500039740425,-53.00036148584643,39.800000000000004,0.328583552982485,-2.490415560665361,-143.88212272446327
325.851819577099,-52.99123654130443,39.800000000000004,0.32883988517768303,-2.489802331062287,-143.9212931029435
325.85864150239865,-52.98211272751429,39.8,0.32909601071040884,-2.489188777891483,-143.96047076837735
325.8654661725051,-52.972990043807535,39.800000000000004,0.32935192936543345,-2.488574901204578,-143.99965572076496
325.8722935866212,-52.9638684895156,39.80000000000001,0.3296076409276232,-2.487960701053281,-144.03884796010612
325.87912374395137,-52.95474806396984,39.800000000000004,0.32986314518193294,-2.4873461774893824,-144.07804748640083
325.8859566437011,-52.945628766501486,39.80000000000001,0.33011844191340733,-2.4867313305647505,-144.1172542996493
325.89279228507723,-52.9365105964417,39.8,0.33037353090718957,-2.48611616033134,-144.15646839985143
325.899630667288,-52.927393553121426,39.800000000000004,0.33062841194851145,-2.4855006668411805,-144.19568978700715
325.90647178954276,-52.91827763587173,39.800000000000004,0.3308830848226949,-2.484884850146385,-144.23491846111662
325.9133156510523,-52.90916284402338,39.8,0.33113754931515693,-2.4842687102991476,-144.27415442217958
325.92016225102867,-52.90004917690708,39.8,0.3313918052114071,-2.4836522473517393,-144.31339767019637
325.92701158868516,-52.89093663385347,39.8,0.331645852297046,-2.4830354613565158,-144.35264820516667
325.93386366323637,-52.881825214193064,39.8,0.3318996903577658,-2.48241835236591,-144.3919060270906
325.94071847389813,-52.87271491725627,39.8,0.33215331917935065,-2.4818009204324376,-144.4311711359683
325.9475760198877,-52.863605742373345,39.8,0.3324067385476821,-2.481183165608692,-144.47044353179948
325.9544363004234,-52.85449768887462,39.800000000000004,0.3326599482487176,-2.4805650879473484,-144.50972321458443
325.961299314725,-52.84539075609015,39.8,0.332912948068528,-2.479946687501162,-144.5490101843229
325.9681650620134,-52.83628494334993,39.8,0.33316573779325753,-2.4793279643229678,-144.5883044410152
325.9750335415108,-52.82718024998389,39.8,0.33341831720915427,-2.478708918465681,-144.627605984661
325.98190475244087,-52.81807667532183,39.800000000000004,0.333670686102552,-2.478089549982295,-144.6669148152604
325.98877869402816,-52.80897421869344,39.800000000000004,0.33392284425987606,-2.477469858925888,-144.7062309328137
325.99565536549886,-52.79987287942833,39.8,0.33417479146764917,-2.4768498453496117,-144.7455543373203
326.0025347660802,-52.790772656856056,39.800000000000004,0.3344265275124765,-2.4762295093067017,-144.7848850287808
326.00941689500064,-52.781673550306024,39.800000000000004,0.3346780521810624,-2.4756088508504734,-144.82422300719483
326.0163017514901,-52.77257555910752,39.8,0.3349293652602001,-2.4749878700343197,-144.8635682725627
326.0231893347796,-52.76347868258978,39.800000000000004,0.3351804665367717,-2.474366566911714,-144.90292082488403
326.0300796441013,-52.75438292008192,39.8,0.3354313557977542,-2.4737449415362103,-144.9422806641589
326.0369726786889,-52.74528827091295,39.800000000000004,0.335682032830215,-2.473122993961441,-144.98164779038757
326.0438684377772,-52.73619473441175,39.8,0.33593249742131537,-2.4725007242411188,-145.02102220356988
326.0507669206021,-52.727102309907245,39.8,0.3361827493583005,-2.4718781324290346,-145.06040390370583
326.05766812640087,-52.71801099672812,39.8,0.3364327884285101,-2.471255218579061,-145.09979289079544
326.0645720544121,-52.70892079420301,39.8,0.33668261441938196,-2.4706319827451466,-145.13918916483863
326.0714787038755,-52.69983170166046,39.800000000000004,0.33693222711843607,-2.470008424981323,-145.1785927258355
326.07838807403215,-52.69074371842891,39.8,0.33718162631328763,-2.469384545341698,-145.218003573786
326.085300164124,-52.68165684383671,39.800000000000004,0.3374308117916378,-2.468760343880459,-145.2574217086902
326.0922149733948,-52.67257107721206,39.8,0.337679783341291,-2.4681358206518746,-145.29684713054803
326.099132501089,-52.663486417883234,39.8,0.3379285407501287,-2.467510975710291,-145.33627983935952
326.1060527464526,-52.65440286517825,39.8,0.33817708380613,-2.466885809110133,-145.37571983512453
326.11297570873256,-52.64532041842506,39.8,0.33842541229736467,-2.4662603209059037,-145.4151671178433
326.1199013871774,-52.63623907695156,39.8,0.3386735260119924,-2.465634511152188,-145.4546216875157
326.1268297810365,-52.627158840085556,39.8,0.33892142473826414,-2.4650083799036464,-145.4940835441417
326.1337608895608,-52.6180797071547,39.8,0.3391691082645203,-2.4643819272150207,-145.53355268772154
326.14069471200213,-52.609001677486596,39.8,0.33941657637919653,-2.463755153141131,-145.57302911825468
326.1476312476138,-52.59992475040881,39.8,0.33966382887081314,-2.4631280577368737,-145.6125128357417
326.1545704956501,-52.59084892524874,39.800000000000004,0.33991086552798166,-2.4625006410572268,-145.6520038401823
326.16151245536673,-52.5817742013337,39.8,0.3401576861394138,-2.461872903157245,-145.69150213157653
326.16845712602037,-52.57270057799095,39.8,0.3404042904938953,-2.4612448440920627,-145.7310077099244
326.17540450686926,-52.5636280545476,39.8,0.3406506783803189,-2.4606164639168915,-145.77052057522602
326.1823545971724,-52.554556630330744,39.800000000000004,0.3408968495876554,-2.459987762687022,-145.81004072748124
326.1893073961903,-52.54548630466728,39.8,0.3411428039049751,-2.4593587404578257,-145.8495681666901
326.19626290318456,-52.53641707688419,39.8,0.34138854112143235,-2.4587293972847473,-145.8891028928526
326.2032211174179,-52.52734894630822,39.8,0.34163406102627425,-2.458099733223314,-145.92864490596867
326.2101820381545,-52.518281912266076,39.8,0.3418793634088402,-2.457469748329129,-145.96819420603845
326.21714566465937,-52.50921597408435,39.8,0.34212444805855524,-2.456839442657875,-146.00775079306186
326.224111996199,-52.50015113108958,39.8,0.3423693147649405,-2.456208816265311,-146.04731466703896
326.23108103204083,-52.4910873826082,39.8,0.3426139633176011,-2.455577869207276,-146.0868858279697
326.2380527714538,-52.48202472796651,39.8,0.3428583935062428,-2.4549466015396852,-146.12646427585395
326.24502721370766,-52.47296316649087,39.800000000000004,0.3431026051206463,-2.454315013318535,-146.16605001069206
326.25200435807346,-52.463902697507415,39.8,0.34334659795069133,-2.453683104599896,-146.20564303248372
326.2589842038237,-52.45484332034222,39.8,0.34359037178635177,-2.4530508754399163,-146.24524334122898
326.2659667502316,-52.445785034321304,39.8,0.3438339264176853,-2.4524183258948256,-146.2848509369279
326.272951996572,-52.43672783877057,39.80000000000001,0.344077261634838,-2.4517854560209287,-146.32446581958055
326.2799399421205,-52.42767173301586,39.8,0.344320377228053,-2.451152265874609,-146.36408798918671
326.2869305861542,-52.41861671638287,39.8,0.3445632729876571,-2.4505187555123253,-146.40371744574657
326.2939239279512,-52.40956278819736,39.8,0.34480594870406844,-2.4498849249906183,-146.4433541892601
326.3009199667908,-52.40050994778487,39.8,0.3450484041677988,-2.4492507743661007,-146.48299821972722
326.3079187019534,-52.39145819447088,39.8,0.34529063916944525,-2.448616303695468,-146.5226495371481
326.3149201327206,-52.38240752758082,39.8,0.34553265349969564,-2.4479815130354883,-146.56230814152252
326.3219242583753,-52.37335794643999,39.800000000000004,0.34577444694933135,-2.447346402443011,-146.6019740328507
326.3289310782014,-52.36430945037366,39.8,0.3460160193092181,-2.4467109719749622,-146.64164721113235
326.33594059148385,-52.35526203870694,39.8,0.3462573703703147,-2.4460752216883415,-146.68132767636786
326.3429527975091,-52.346215710764994,39.8,0.3464984999236711,-2.44543915164023,-146.72101542855683
326.3499676955643,-52.33717046587279,39.8,0.3467394077604191,-2.4448027618877854,-146.7607104676995
326.35698528493816,-52.32812630335524,39.8,0.3469800936717913,-2.4441660524882383,-146.80041279379577
326.3640055649203,-52.31908322253718,39.8,0.34722055744910274,-2.4435290234989013,-146.84012240684578
326.37102853480155,-52.310041222743365,39.8,0.3474607988837566,-2.4428916749771625,-146.87983930684933
326.3780541938739,-52.30100030329846,39.800000000000004,0.3477008177672527,-2.442254006980485,-146.9195634938067
326.3850825414304,-52.291960463527026,39.800000000000004,0.34794061389117603,-2.4416160195664114,-146.9592949677176
326.39211357676527,-52.282921702753676,39.8,0.3481801870471981,-2.4409777127925603,-146.99903372858205
326.399147299174,-52.27388402030278,39.8,0.34841953702708617,-2.4403390867166252,-147.0387797764003
326.40618370795295,-52.264847415498714,39.8,0.3486586636226916,-2.4397001413963784,-147.0785331111721
326.41322280239984,-52.255811887665736,39.8,0.3488975666259573,-2.4390608768896684,-147.11829373289763
326.4202645818134,-52.24677743612807,39.8,0.3491362458289178,-2.4384212932544194,-147.1580616415768
326.4273090454936,-52.23774406020981,39.8,0.3493747010236945,-2.4377813905486336,-147.1978368372095
326.43435619274146,-52.228711759234976,39.8,0.3496129320024981,-2.437141168830389,-147.237619319796
326.441406022859,-52.21968053252762,39.800000000000004,0.3498509385576274,-2.436500628157838,-147.27740908933603
326.44845853514954,-52.21065037941158,39.8,0.3500887204814731,-2.435859768589214,-147.31720614582966
326.4555137289175,-52.20162129921068,39.8,0.3503262775665108,-2.435218590182823,-147.3570104892771
326.46257160346835,-52.192593291248635,39.8,0.3505636096053134,-2.4345770929970474,-147.3968221196781
326.4696321581087,-52.18356635484913,39.8,0.3508007163905359,-2.433935277090346,-147.43664103703284
326.4766953921463,-52.174540489335726,39.8,0.35103759771492493,-2.4332931425212574,-147.47646724134108
326.48376130489004,-52.1655156940319,39.8,0.3512742533713148,-2.432650689348391,-147.51630073260299
326.4908298956497,-52.156491968261186,39.8,0.3515106831526291,-2.432007917630435,-147.55614151081858
326.4979011637365,-52.147469311346875,39.800000000000004,0.35174688685188105,-2.4313648274261532,-147.59598957598783
326.50497510846253,-52.138447722612284,39.800000000000004,0.3519828642621753,-2.430721418794386,-147.6358449281107
326.512051729141,-52.129427201380594,39.8,0.3522186151767007,-2.430077691794047,-147.6757075671872
326.5191310250863,-52.120407746974955,39.8,0.35245413938874004,-2.4294336464841293,-147.71557749321738
326.526212995614,-52.11138935871843,39.8,0.35268943669166075,-2.428789282923699,-147.7554547062012
326.53329764004053,-52.10237203593396,39.8,0.3529245068789222,-2.4281446011719,-147.79533920613855
326.5403849576836,-52.09335577794456,39.8,0.3531593497440695,-2.4274996012879515,-147.83523099302974
