galstreams/tracks/track.st.Ylgr.ibata2021.ecsv
# %ECSV 1.0
# ---
# datatype:
# - {name: ra, unit: deg, datatype: float64}
# - {name: dec, unit: deg, datatype: float64}
# - {name: distance, unit: kpc, datatype: float64}
# - {name: pm_ra_cosdec, unit: mas / yr, datatype: float64}
# - {name: pm_dec, unit: mas / yr, datatype: float64}
# - {name: radial_velocity, unit: km / s, datatype: float64}
# delimiter: ','
# meta: !!omap
# - __serialized_columns__:
#     dec:
#       __class__: astropy.coordinates.angles.Latitude
#       unit: &id001 !astropy.units.Unit {unit: deg}
#       value: !astropy.table.SerializedColumn {name: dec}
#     distance:
#       __class__: astropy.coordinates.distances.Distance
#       unit: !astropy.units.Unit {unit: kpc}
#       value: !astropy.table.SerializedColumn {name: distance}
#     pm_dec:
#       __class__: astropy.units.quantity.Quantity
#       unit: !astropy.units.Unit {unit: mas / yr}
#       value: !astropy.table.SerializedColumn {name: pm_dec}
#     pm_ra_cosdec:
#       __class__: astropy.units.quantity.Quantity
#       unit: !astropy.units.Unit {unit: mas / yr}
#       value: !astropy.table.SerializedColumn {name: pm_ra_cosdec}
#     ra:
#       __class__: astropy.coordinates.angles.Longitude
#       unit: *id001
#       value: !astropy.table.SerializedColumn {name: ra}
#       wrap_angle: !astropy.coordinates.Angle
#         unit: *id001
#         value: 360.0
#     radial_velocity:
#       __class__: astropy.units.quantity.Quantity
#       unit: !astropy.units.Unit {unit: km / s}
#       value: !astropy.table.SerializedColumn {name: radial_velocity}
# schema: astropy-2.0
ra,dec,distance,pm_ra_cosdec,pm_dec,radial_velocity
[from data line 142]
164.3900137831351,1.0672233210574278,8.23894881085638,-0.5482453591297465,-11.651650492936945,66.39281023458402
164.39411437646592,1.0580694145351435,8.23643676896449,-0.5479673307549604,-11.6505481272702,66.44123343987495
164.39821456022892,1.0489153593839,8.233929204303012,-0.5476894809459478,-11.649444916220169,66.48968633659837
164.40231433468904,1.0397611556774318,8.231426114707158,-0.5474118096682217,-11.648340860251942,66.5381689073084
164.4064137001112,1.030606803489667,8.228927498012132,-0.5471343168873273,-11.647235959830644,66.58668113455897
164.41051265676032,1.0214523028942666,8.22643335205315,-0.546857002568854,-11.646130215421415,66.63522300090433
164.41461120490112,1.0122976539650903,8.223943674665417,-0.5465798666784294,-11.645023627489438,66.68379448889834
164.41870934479846,1.0031428567757403,8.22145846368414,-0.5463029091817253,-11.643916196499918,66.73239558109515
164.422807076717,0.9939879114000023,8.21897771694453,-0.5460261300444484,-11.642807922918088,66.78102626004866
164.42690440092147,0.9848328179114212,8.216501432281794,-0.5457495292323509,-11.641698807209204,66.82968650831319
164.4310013176764,0.9756775763837072,8.214029607531144,-0.5454731067112196,-11.640588849838554,66.87837630844257
164.4350978272464,0.9665221868903502,8.211562240527783,-0.5451968624468826,-11.639478051271459,66.92709564299096
164.439193929896,0.9573666495049981,8.209099329106925,-0.5449207964052081,-11.638366411973257,66.97584449451226
164.44328962588966,0.9482109643010569,8.206640871103776,-0.5446449085521057,-11.63725393240932,67.02462284556076
164.44738491549174,0.9390551313521174,8.204186864353543,-0.5443691988535215,-11.636140613045047,67.07343067869022
164.45147979896666,0.9298991507315285,8.201737306691442,-0.5440936672754447,-11.635026454345862,67.12226797645492
164.4555742765787,0.9207430225128065,8.199292195952673,-0.5438183137839021,-11.633911456777218,67.17113472140883
164.4596683485921,0.9115867467692867,8.196851529972449,-0.5435431383449565,-11.632795620804597,67.220030896106
164.46376201527113,0.9024303235742694,8.19441530658598,-0.5432681409247155,-11.631678946893503,67.2689564831004
164.46785527687987,0.8932737530011897,8.19198352362847,-0.5429933214893214,-11.630561435509483,67.31791146494612
164.4719481336825,0.8841170351232027,8.189556178935133,-0.5427186800049606,-11.629443087118085,67.36689582419737
164.476040585943,0.8749601700136918,8.187133270341176,-0.5424442164378505,-11.628323902184906,67.415909543408
164.48013263392545,0.8658031577457671,8.184714795681804,-0.542169930754258,-11.62720388117557,67.4649526051322
164.48422427789376,0.8566459983927162,8.18230075279223,-0.541895822920482,-11.626083024555713,67.51402499192392
164.48831551811182,0.8474886920275997,8.179891139507662,-0.5416218929028586,-11.624961332791015,67.56312668633727
164.49240635484355,0.8383312387236502,8.177485953663306,-0.5413481406677666,-11.62383880634718,67.6122576709261
164.4964967883527,0.829173638553845,8.175085193094374,-0.5410745661816218,-11.622715445689918,67.66141792824472
164.50058681890297,0.8200158915913438,8.172688855636073,-0.540801169410883,-11.621591251284997,67.71060744084713
164.5046764467582,0.8108579979090866,8.170296939123611,-0.5405279503220357,-11.620466223598202,67.75982619128725
164.50876567218194,0.801699957580162,8.167909441392199,-0.54025490888162,-11.619340363095327,67.80907416211929
164.51285449543784,0.7925417706774178,8.165526360277044,-0.5399820450562034,-11.618213670242225,67.85835133589711
164.51694291678942,0.7833834372739081,8.163147693613352,-0.5397093588123895,-11.61708614550475,67.90765769517492
164.52103093650018,0.7742249574424138,8.160773439236339,-0.5394368501168278,-11.615957789348798,67.95699322250682
164.5251185548336,0.7650663312559035,8.158403594981209,-0.5391645189362049,-11.614828602240278,68.0063579004466
164.52920577205307,0.7559075587871132,8.156038158683167,-0.5388923652372397,-11.613698584645151,68.05575171154848
164.53329258842194,0.7467486401089408,8.153677128177431,-0.5386203889866946,-11.612567737029371,68.10517463836653
164.5373790042035,0.7375895752940523,8.151320501299201,-0.5383485901513669,-11.611436059858955,68.15462666345478
164.541465019661,0.728430364415296,8.148968275883691,-0.5380769686980927,-11.61030355359991,68.20410776936723
164.54555063505768,0.7192710075453137,8.146620449766107,-0.5378055245937459,-11.609170218718306,68.25361793865795
164.54963585065664,0.7101115047567179,8.144277020781658,-0.5375342578052376,-11.608036055680222,68.30315715388105
164.55372066672103,0.7009518561222718,8.141937986765553,-0.5372631682995168,-11.606901064951753,68.35272539759046
164.55780508351384,0.6917920617144666,8.139603345553,-0.5369922560435676,-11.60576524699905,68.40232265234032
164.56188910129816,0.682632121605981,8.137273094979212,-0.5367215210044187,-11.60462860228826,68.45194890068463
164.56597272033687,0.6734720358692595,8.13494723287939,-0.536450963149125,-11.603491131285582,68.50160412517745
164.5700559408929,0.664311804576915,8.132625757088752,-0.5361805824447918,-11.602352834457223,68.55128830837289
164.57413876322912,0.6551514278013189,8.130308665442499,-0.5359103788585449,-11.601213712269436,68.60100143282496
164.57822118760828,0.645990905615028,8.12799595577584,-0.5356403523575648,-11.60007376518848,68.65074348108763
164.5823032142932,0.636830238090353,8.12568762592399,-0.535370502909057,-11.598932993680654,68.70051443571496
164.58638484354654,0.6276694252997747,8.12338367372215,-0.5351008304802704,-11.59779139821228,68.75031427926118
164.59046607563099,0.6185084673155403,8.121084097005536,-0.5348313350384832,-11.596648979249718,68.80014299428014
164.5945469108091,0.6093473642100821,8.11878889360935,-0.5345620165510194,-11.595505737259334,68.85000056332593
164.59862734934353,0.6001861160555714,8.116498061368803,-0.5342928749852358,-11.594361672707528,68.89988696895279
164.60270739149666,0.5910247229243757,8.114211598119107,-0.5340239103085214,-11.593216786060742,68.94980219371442
164.60678703753106,0.5818631848886077,8.111929501695466,-0.5337551224883138,-11.592071077785427,68.99974622016516
164.61086628770906,0.5727015020205745,8.109651769933091,-0.5334865114920696,-11.590924548348067,69.04971903085895
164.61494514229307,0.5635396743923737,8.107378400667193,-0.5332180772872996,-11.589777198215163,69.09972060834978
164.61902360154534,0.5543777020760879,8.105109391732974,-0.5329498198415353,-11.588629027853276,69.14975093519173
164.62310166572823,0.5452155851439067,8.102844740965653,-0.5326817391223577,-11.58748003772894,69.19980999393898
164.62717933510385,0.5360533236677939,8.100584446200426,-0.5324138350973738,-11.586330228308766,69.24989776714547
164.63125660993447,0.5268909177198959,8.09832850527251,-0.5321461077342363,-11.585179600059362,69.30001423736522
164.6353334904821,0.5177283673720952,8.096076916017116,-0.531878557000623,-11.584028153447372,69.35015938715233
164.63940997700885,0.5085656726964765,8.093829676269445,-0.5316111828642549,-11.58287588893947,69.40033319906087
164.64348606977677,0.49940283376486877,8.091586783864708,-0.5313439852928864,-11.581722807002356,69.45053565564473
164.64756176904777,0.49023985064928105,8.089348236638118,-0.5310769642543118,-11.580568908102734,69.50076673945827
164.65163707508387,0.48107672342148344,8.087114032424877,-0.5308101197163537,-11.57941419270738,69.5510264330552
164.65571198814678,0.4719134521534184,8.084884169060201,-0.5305434516468741,-11.578258661283055,69.60131471898978
164.65978650849846,0.46275003691680555,8.082658644379293,-0.5302769600137733,-11.577102314296559,69.65163157981598
164.66386063640064,0.45358647778351524,8.080437456217364,-0.5300106447849827,-11.575945152214723,69.7019769980879
164.66793437211504,0.44442277482519393,8.078220602409623,-0.5297445059284701,-11.574787175504415,69.7523509563595
164.67200771590333,0.43525892811366806,8.076008080791278,-0.5294785434122438,-11.573628384632501,69.80275343718489
164.67608066802717,0.4260949377205139,8.073799889197536,-0.5292127572043352,-11.572468780065899,69.85318442311817
164.68015322874808,0.41693080371748487,8.071596025463608,-0.5289471472728247,-11.57130836227154,69.90364389671329
164.68422539832767,0.4077665261761094,8.069396487424703,-0.5286817135858188,-11.570147131716375,69.95413184052435
164.68829717702735,0.3986021051680741,8.067201272916027,-0.528416456111465,-11.568985088867409,70.00464823710536
164.69236856510864,0.38943754076483067,8.065010379772792,-0.528151374817937,-11.567822234191647,70.05519306901046
164.69643956283278,0.3802728330380176,8.062823805830206,-0.527886469673453,-11.566658568156127,70.1057663187936
164.70051017046126,0.3711079820590797,8.060641548923476,-0.5276217406462607,-11.56549409122792,70.15636796900883
164.70458038825532,0.3619429878994239,8.058463606887809,-0.5273571877046436,-11.564328803874115,70.20699800221027
164.70865021647617,0.35277785063059175,8.05628997755842,-0.5270928108169184,-11.563162706561828,70.25765640095189
164.71271965538506,0.34361257032387515,8.054120658770513,-0.5268286099514433,-11.561995799758211,70.30834314778781
164.7167887052431,0.33444714705075795,8.051955648359296,-0.5265645850766003,-11.560828083930428,70.35905822527208
164.72085736631138,0.3252815808824739,8.049794944159977,-0.5263007361608123,-11.55965955954568,70.40980161595867
164.72492563885098,0.31611587189042945,8.047638544007773,-0.526037063172534,-11.558490227071186,70.46057330240173
164.72899352312288,0.3069500201458006,8.045486445737883,-0.5257735660802574,-11.5573200869742,70.51137326715524
164.733061019388,0.2977840257199382,8.04333864718552,-0.5255102448525067,-11.556149139721997,70.5622014927732
164.73712812790734,0.28861788868396,8.041195146185892,-0.5252470994578402,-11.554977385781875,70.61305796180976
164.74119484894166,0.27945160910913674,8.039055940574206,-0.5249841298648484,-11.553804825621164,70.66394265681893
164.74526118275185,0.2702851870665333,8.036921028185676,-0.5247213360421605,-11.552631459707214,70.7148555603547
164.7493271295986,0.26111862262736907,8.034790406855503,-0.5244587179584355,-11.551457288507413,70.76579665497131
164.7533926897427,0.2519519158626182,8.032664074418902,-0.5241962755823684,-11.55028231248916,70.81676592322268
164.75745786344478,0.24278506684346368,8.030542028711078,-0.5239340088826869,-11.54910653211988,70.86776334766273
164.76152265096545,0.23361807564082132,8.028424267567244,-0.5236719178281499,-11.547929947867043,70.91878891084572
164.76558705256528,0.22445094232579607,8.0263107888226,-0.523410002387555,-11.546752560198135,70.96984259532552
164.76965106850483,0.21528366696923912,8.024201590312364,-0.5231482625297313,-11.545574369580645,71.02092438365634
164.77371469904452,0.2061162496421964,8.022096669871743,-0.522886698223537,-11.544395376482127,71.07203425839215
164.77777794444484,0.19694869041547317,8.019996025335942,-0.5226253094378719,-11.543215581370129,71.123172202087
164.78184080496615,0.1877809893600377,8.017899654540173,-0.5223640961416627,-11.542034984712245,71.174338197295
164.78590328086878,0.17861314654668714,8.01580755531964,-0.5221030583038704,-11.540853586976098,71.22553222657007
164.78996537241304,0.16944516204617538,8.013719725509556,-0.5218421958934911,-11.539671388629305,71.27675427246638
164.79402707985915,0.16027703592938994,8.01163616294513,-0.5215815088795515,-11.538488390139545,71.32800431753793
164.79808840346732,0.15110876826697223,8.009556865461569,-0.5213209972311121,-11.5373045919745,71.37928234433875
164.80214934349763,0.14194035912976025,8.007481830894081,-0.521060660917269,-11.536119994601892,71.43058833542284
164.8062099002103,0.132771808588311,8.005411057077877,-0.520800499907148,-11.53493459848946,71.48192227334444
164.81027007386527,0.12360311671340726,8.003344541848165,-0.5205405141699095,-11.533748404104966,71.5332841406575
164.81432986472265,0.11443428357556618,8.001282283040151,-0.5202807036747414,-11.532561411916214,71.58467391991594
164.81838927304233,0.10526530924548942,7.999224278489046,-0.5200210683908741,-11.531373622391012,71.63609159367397
164.82244829908421,0.09609619379363536,7.997170526030055,-0.5197616082875586,-11.53018503599721,71.68753714448555
164.82650694310817,0.08692693729063712,7.995121023498395,-0.5195023233340902,-11.528995653202678,71.73901055490475
164.83056520537409,0.07775753980690106,7.993075768729266,-0.5192432134997866,-11.527805474475308,71.79051180748566
164.83462308614165,0.06858800141300465,7.991034759557887,-0.5189842787540055,-11.526614500283017,71.84204088478236
164.83868058567063,0.05941832217927639,7.988997993819455,-0.5187255190661318,-11.525422731093764,71.89359776934879
164.84273770422067,0.05024850217624479,7.986965469349183,-0.5184669344055837,-11.52423016737551,71.94518244373904
164.84679444205145,0.041078541474182585,7.984937183982281,-0.5182085247418136,-11.52303680959626,71.99679489050712
164.8508507994225,0.031908440143544,7.982913135553959,-0.5179502900443012,-11.521842658224031,72.04843509220716
164.8549067765934,0.022738198254590874,7.980893321899422,-0.5176922302825642,-11.520647713726877,72.1001030313932
164.85896237382363,0.013567815877566029,7.978877740853882,-0.5174343454261483,-11.519451976572865,72.15179869061922
164.86301759137262,0.0043972930827811925,7.976866390252546,-0.517176635444631,-11.5182554472301,72.2035220524393
164.8670724294998,-0.0047733700594837294,7.974859267930621,-0.5169191003076247,-11.517058126166708,72.25527309940757
164.8711268884645,-0.013944173479077334,7.972856371723319,-0.5166617399847674,-11.515860013850833,72.30705181407792
164.87518096852602,-0.02311511710590244,7.970857699465849,-0.5164045544457376,-11.514661110750652,72.35885817900454
164.87923466994363,-0.03228620086969996,7.968863248993413,-0.5161475436602355,-11.513461417334373,72.4106921767415
164.88328799297656,-0.04145742470047564,7.9668730181412295,-0.5158907075979985,-11.512260934070211,72.46255378984266
164.88734093788398,-0.05062878852804145,7.964887004744501,-0.5156340462287936,-11.511059661426428,72.51444300086213
164.89139350492493,-0.059800292282467506,7.962905206638435,-0.5153775595224217,-11.509857599871298,72.56635979235413
164.89544569435859,-0.06897193589362063,7.960927621658246,-0.5151212474487119,-11.508654749873118,72.61830414687249
164.8994975064439,-0.07814371929163183,7.958954247639138,-0.5148651099775241,-11.50745111190022,72.67027604697145
164.90354894143994,-0.08731564240644504,7.956985082416321,-0.5146091470787498,-11.506246686420955,72.72227547520498
164.9075999996056,-0.09648770516821734,7.955020123825005,-0.5143533587223141,-11.505041473903704,72.77430241412699
164.91165068119972,-0.10565990750697243,7.953059369700394,-0.514097744878171,-11.503835474816869,72.8263568462918
164.9157009864812,-0.11483224935294126,7.951102817877703,-0.5138423055163024,-11.502628689628873,72.87843875425317
164.91975091570882,-0.12400473063618554,7.949150466192137,-0.5135870406067293,-11.501421118808173,72.9305481205654
164.92380046914133,-0.13317735128700653,7.947202312478906,-0.5133319501194925,-11.500212762823253,72.98268492778242
164.92784964703748,-0.1423501112355298,7.945258354573219,-0.5130770340246733,-11.499003622142606,73.03484915845817
164.9318984496559,-0.15152301041211047,7.9433185903102785,-0.5128222922923735,-11.497793697234773,73.0870407951469
164.9359468772552,-0.1606960487469409,7.941383017525305,-0.5125677248927369,-11.496582988568294,73.13925982040269
164.93999493009392,-0.16986922617037228,7.939451634053498,-0.5123133317959285,-11.495371496611758,73.19150621677926
164.94404260843066,-0.1790425426128268,7.937524437730069,-0.5120591129721477,-11.494159221833767,73.24377996683104
164.94808991252384,-0.18821599800455258,7.935601426390227,-0.5118050683916227,-11.492946164702945,73.29608105311175
164.95213684263194,-0.1973895922760825,7.93368259786918,-0.5115511980246137,-11.491732325687954,73.34840945817572
164.9561833990133,-0.20656332535773733,7.931767950002137,-0.5112975018414077,-11.49051770525747,73.40076516457688
