galstreams/tracks/track.st.NGC1851.ibata2021.ecsv
# %ECSV 1.0
# ---
# datatype:
# - {name: ra, unit: deg, datatype: float64}
# - {name: dec, unit: deg, datatype: float64}
# - {name: distance, unit: kpc, datatype: float64}
# - {name: pm_ra_cosdec, unit: mas / yr, datatype: float64}
# - {name: pm_dec, unit: mas / yr, datatype: float64}
# - {name: radial_velocity, unit: km / s, datatype: float64}
# delimiter: ','
# meta: !!omap
# - __serialized_columns__:
#     dec:
#       __class__: astropy.coordinates.angles.Latitude
#       unit: &id001 !astropy.units.Unit {unit: deg}
#       value: !astropy.table.SerializedColumn {name: dec}
#     distance:
#       __class__: astropy.coordinates.distances.Distance
#       unit: !astropy.units.Unit {unit: kpc}
#       value: !astropy.table.SerializedColumn {name: distance}
#     pm_dec:
#       __class__: astropy.units.quantity.Quantity
#       unit: !astropy.units.Unit {unit: mas / yr}
#       value: !astropy.table.SerializedColumn {name: pm_dec}
#     pm_ra_cosdec:
#       __class__: astropy.units.quantity.Quantity
#       unit: !astropy.units.Unit {unit: mas / yr}
#       value: !astropy.table.SerializedColumn {name: pm_ra_cosdec}
#     ra:
#       __class__: astropy.coordinates.angles.Longitude
#       unit: *id001
#       value: !astropy.table.SerializedColumn {name: ra}
#       wrap_angle: !astropy.coordinates.Angle
#         unit: *id001
#         value: 360.0
#     radial_velocity:
#       __class__: astropy.units.quantity.Quantity
#       unit: !astropy.units.Unit {unit: km / s}
#       value: !astropy.table.SerializedColumn {name: radial_velocity}
# schema: astropy-2.0
ra,dec,distance,pm_ra_cosdec,pm_dec,radial_velocity
[from data line 271]
79.48032481966088,-48.022359067893795,13.846492489631155,2.319290341803129,-0.48703124881859083,-2.315710960714893e-14
79.47046037867216,-48.01251848437894,13.844599597717108,2.319555346932296,-0.4876711286573753,-1.894672604221276e-14
79.46063763841559,-48.00267800831568,13.84271469785926,2.31981914692926,-0.4883085110160134,-2.1051917824680845e-15
79.45085651539276,-47.99283764898818,13.84083777674854,2.320081744960878,-0.4889433996837532,-2.315710960714893e-14
79.4411169261738,-47.98299741560877,13.838968821075909,2.3203431441842493,-0.489575798453849,-2.315710960714893e-14
79.43141878739739,-47.97315731731815,13.837107817532292,2.320603347746764,-0.49020571112352684,-2.315710960714893e-14
79.42176201577078,-47.963317363185695,13.83525475280864,2.3208623587861403,-0.490833141493946,-1.0525958912340423e-14
79.41214652806973,-47.9534775622098,13.83340961359589,2.321120180430472,-0.4914580933701642,-2.1051917824680846e-14
79.40257224113856,-47.94363792331818,13.83157238658499,2.3213768157982653,-0.49208057056109805,-1.894672604221276e-14
79.39303907189014,-47.93379845536812,13.829743058466867,2.321632267998487,-0.49270057687949065,-1.6841534259744676e-14
79.38354693730587,-47.92395916714684,13.827921615932478,2.321886540130602,-0.4933181161418721,-1.6841534259744676e-14
79.37409575443563,-47.914120067371755,13.826108045672761,2.322139635284617,-0.4939331921685257,-3.789345208442552e-14
79.36468544039789,-47.9042811646908,13.824302334378654,2.3223915565411235,-0.49454580878345156,-8.420767129872338e-15
79.3553159123796,-47.894442467682666,13.822504468741098,2.3226423069713387,-0.4951559698143315,-1.894672604221276e-14
79.34598708763616,-47.884603984857186,13.820714435451036,2.3228918896371473,-0.49576367909249286,-1.6841534259744676e-14
79.33669888349154,-47.874765724655596,13.818932221199413,2.3231403075911423,-0.49636894045287455,-1.0525958912340423e-14
79.32745121733812,-47.86492769545082,13.817157812677161,2.32338756387667,-0.4969717577339914,-3.368306851948935e-14
79.31824400663682,-47.85508990554774,13.815391196575229,2.3236336615278677,-0.49757213477789874,-2.947268495455318e-14
79.30907716891693,-47.845252363183555,13.813632359584558,2.3238786035697077,-0.4981700754301588,-2.315710960714893e-14
79.29995062177625,-47.83541507652804,13.81188128839609,2.3241223930180364,-0.4987655835398061,-8.420767129872338e-15
79.29086428288092,-47.825578053683806,13.810137969700765,2.324365032879619,-0.4993586629593143,-2.7367493172085098e-14
79.28181806996558,-47.815741302686675,13.808402390189523,2.324606526152177,-0.49994931754455885,-2.7367493172085098e-14
79.2728119008332,-47.805904831505885,13.80667453655331,2.32484687582443,-0.5005375511547864,-1.473634247727659e-14
79.26384569335512,-47.79606864804443,13.80495439548306,2.3250860848761397,-0.50112336765258,-8.420767129872338e-15
79.25491936547108,-47.786232760139335,13.803241953669724,2.325324156278148,-0.5017067709038252,-1.0525958912340423e-14
79.2460328351891,-47.77639717556195,13.801537197804233,2.3255610929924178,-0.5022877647776768,-8.420767129872338e-15
79.23718602058553,-47.76656190201823,13.799840114577542,2.325796897972074,-0.5028663531465262,-8.420767129872338e-15
79.22837883980503,-47.756726947149026,13.798150690680576,2.326031574161447,-0.5034425398859677,-1.6841534259744676e-14
79.21961121106052,-47.746892318530385,13.79646891280429,2.3262651244961057,-0.5040163288747659,-1.473634247727659e-14
79.21088305263315,-47.737058023673804,13.794794767639623,2.326497551902909,-0.5045877239948238,-2.1051917824680846e-14
79.20219428287233,-47.72722407002656,13.79312824187751,2.326728859300036,-0.5051567291311487,-2.5262301389617013e-14
79.19354482019561,-47.71739046497192,13.791469322208897,2.3269590495970327,-0.5057233481718209,-2.947268495455318e-14
79.18493458308875,-47.70755721582956,13.789817995324725,2.3271881256948466,-0.5062875850079622,-2.947268495455318e-14
79.17636349010569,-47.697724329855646,13.788174247915935,2.327416090485871,-0.5068494435337016,-2.1051917824680846e-14
79.16783145986841,-47.687891814243315,13.78653806667347,2.327642946853986,-0.5074089276461465,-2.1051917824680845e-15
79.15933841106703,-47.67805967612283,13.784909438288272,2.327868697674595,-0.5079660412453489,-1.894672604221276e-14
79.15088426245974,-47.668227922561925,13.783288349451277,2.328093345814664,-0.5085207882342738,-1.6841534259744676e-14
79.14246893287273,-47.65839656056606,13.781674786853436,2.3283168941327648,-0.5090731725187693,-1.2631150694808506e-14
79.13409234120023,-47.64856559707867,13.780068737185683,2.328539345479112,-0.5096231980075348,-1.473634247727659e-14
79.12575440640438,-47.63873503898152,13.778470187138963,2.3287607026956025,-0.5101708686120894,-1.473634247727659e-14
79.11745504751538,-47.62890489309487,13.776879123404216,2.328980968615857,-0.510716188246741,-6.315575347404253e-15
79.10919418363117,-47.61907516617788,13.77529553267238,2.329200146065255,-0.5112591608285576,-2.947268495455318e-14
79.10097173391775,-47.60924586492878,13.773719401634402,2.3294182378609825,-0.5117997902773336,-3.368306851948935e-14
79.09278761760879,-47.59941699598523,13.772150716981223,2.329635246812058,-0.5123380805155618,-1.0525958912340423e-14
79.08464175400587,-47.58958856592449,13.770589465403782,2.329851175719383,-0.5128740354684027,-1.473634247727659e-14
79.07653406247833,-47.579760581263805,13.76903563359302,2.330066027375777,-0.5134076590636538,-1.473634247727659e-14
79.06846446246323,-47.56993304846057,13.767489208239882,2.330279804566016,-0.5139389552317201,-6.315575347404253e-15
79.06043287346529,-47.56010597391276,13.765950176035307,2.330492510066868,-0.5144679279055848,-3.157787673702127e-14
79.05243921505696,-47.550279363959,13.76441852367024,2.3307041466471397,-0.5149945810207782,-1.6841534259744676e-14
79.04448340687829,-47.540453224878995,13.762894237835615,2.330914717067705,-0.5155189185153506,-1.2631150694808506e-14
79.03656536863687,-47.53062756289366,13.761377305222382,2.331124224081555,-0.5160409443298406,-2.1051917824680846e-14
79.02868502010791,-47.520802384165584,13.75986771252148,2.3313326704338224,-0.5165606624072474,-6.315575347404253e-15
79.02084228113405,-47.51097769479907,13.758365446423847,2.3315400588618336,-0.5170780766930023,-2.1051917824680846e-14
79.01303707162546,-47.50115350084057,13.756870493620422,2.331746392095138,-0.5175931911349377,-1.2631150694808506e-14
79.00526931155969,-47.4913298082789,13.755382840802158,2.3319516728555474,-0.5181060096832605,-1.894672604221276e-14
78.99753892098167,-47.481506623045455,13.753902474659984,2.3321559038571746,-0.5186165362905231,-3.157787673702127e-14
78.98984582000368,-47.471683951014576,13.752429381884852,2.332359087806476,-0.5191247749115939,-2.315710960714893e-14
78.98218992880531,-47.46186179800372,13.750963549167697,2.3325612274022802,-0.5196307295036305,-1.894672604221276e-14
78.97457116763339,-47.45204016977376,13.74950496319946,2.332762325335834,-0.5201344040260509,-2.1051917824680846e-14
78.96698945680193,-47.44221907202925,13.748053610671093,2.3329623842908305,-0.520635802440505,-2.315710960714893e-14
78.9594447166921,-47.43239851041874,13.746609478273516,2.333161406943461,-0.5211349287108499,-2.947268495455318e-14
78.95193686775228,-47.42257849053489,13.745172552697692,2.3333593959624364,-0.5216317868031153,-1.473634247727659e-14
78.94446583049779,-47.41275901791489,13.743742820634555,2.3335563540090343,-0.5221263806854852,-1.0525958912340423e-14
78.93703152551102,-47.402940098040595,13.742320268775039,2.3337522837371365,-0.5226187143282635,-2.7367493172085098e-14
78.92963387344138,-47.39312173633891,13.740904883810101,2.3339471877932567,-0.5231087917038484,-2.947268495455318e-14
78.92227279500514,-47.38330393818193,13.739496652430667,2.3341410688165927,-0.5235966167867075,-1.894672604221276e-14
78.91494821098549,-47.37348670888726,13.738095561327688,2.3343339294390444,-0.524082193553349,-1.6841534259744676e-14
78.90766004223242,-47.36367005371826,13.736701597192102,2.334525772285269,-0.524565525982295,-2.7367493172085098e-14
78.90040820966274,-47.3538539778843,13.73531474671485,2.334716599972704,-0.5250466180540551,-2.315710960714893e-14
78.89319263425995,-47.344038486540974,13.733934996586878,2.3349064151116146,-0.5255254737510995,-1.0525958912340423e-14
78.88601323707422,-47.334223584790465,13.732562333499125,2.335095220305118,-0.5260020970578341,-3.157787673702127e-14
78.8788699392224,-47.324409277681696,13.731196744142524,2.3352830181492323,-0.5264764919605723,-1.894672604221276e-14
78.87176266188787,-47.31459557021057,13.72983821520803,2.3354698112329033,-0.5269486624475093,-1.473634247727659e-14
78.86469132632052,-47.30478246732036,13.728486733386578,2.3356556021380444,-0.5274186125086979,-1.894672604221276e-14
78.85765585383677,-47.294969973901765,13.727142285369109,2.3358403934395753,-0.5278863461360201,-2.315710960714893e-14
78.8506561658194,-47.28515809479334,13.725804857846567,2.336024187705452,-0.5283518673231625,-1.6841534259744676e-14
78.84369218371758,-47.27534683478164,13.724474437509894,2.3362069874967077,-0.5288151800655918,-4.210383564936169e-15
78.83676382904676,-47.26553619860147,13.723151011050026,2.3363887953674882,-0.5292762883605279,-1.0525958912340423e-14
78.82987102338868,-47.255726190936215,13.721834565157907,2.336569613865082,-0.529735196206919,-2.1051917824680846e-14
78.82301368839124,-47.24591681641802,13.720525086524486,2.3367494455299647,-0.5301919076054159,-1.0525958912340423e-14
78.8161917457685,-47.236108079628,13.719222561840693,2.3369282928958266,-0.5306464265583489,-1.894672604221276e-14
78.80940511730063,-47.226299985096624,13.717926977797479,2.337106158489612,-0.5310987570697001,-2.315710960714893e-14
78.80265372483379,-47.21649253730379,13.716638321085776,2.337283044831557,-0.5315489031450813,-2.1051917824680846e-14
78.7959374902801,-47.20668574067921,13.715356578396534,2.337458954435218,-0.531996868791707,-1.2631150694808506e-14
78.78925633561764,-47.19687959960258,13.714081736420692,2.337633889807509,-0.5324426580183714,-2.1051917824680846e-14
78.78261018289031,-47.187074118403835,13.712813781849187,2.337807853448744,-0.532886274835424,-1.6841534259744676e-14
78.77599895420782,-47.17726930136341,13.711552701372966,2.3379808478526596,-0.5333277232547438,-8.420767129872338e-15
78.7694225717456,-47.16746515271246,13.71029848168297,2.338152875506461,-0.5337670072897182,-1.473634247727659e-14
78.76288095774478,-47.157661676633104,13.709051109470138,2.3383239388908477,-0.5342041309552141,-2.7367493172085098e-14
78.75637403451212,-47.147858877258706,13.707810571425414,2.3384940404800556,-0.5346390982675593,-8.420767129872338e-15
78.74990172441989,-47.13805675867405,13.706576854239739,2.338663182741886,-0.535071913244516,-1.894672604221276e-14
78.74346394990587,-47.128255324915614,13.705349944604052,2.338831368137743,-0.5355025799052561,-1.2631150694808506e-14
78.73706063347332,-47.118454579971825,13.704129829209297,2.3389985991226667,-0.535931102270341,-1.0525958912340423e-14
78.73069169769082,-47.108654527783244,13.702916494746416,2.339164878145368,-0.536357484361695,-2.947268495455318e-14
78.72435706519228,-47.09885517224288,13.701709927906345,2.3393302076482643,-0.5367817302025834,-1.894672604221276e-14
78.71805665867686,-47.08905651719634,13.700510115380032,2.339494590067506,-0.5372038438175897,-2.315710960714893e-14
78.71179040090891,-47.07925856644212,13.699317043858418,2.339658027833023,-0.5376238292325917,-2.7367493172085098e-14
78.70555821471791,-47.06946132373185,13.698130700032438,2.339820523368547,-0.5380416904747394,-3.368306851948935e-14
78.69936002299836,-47.05966479277047,13.696951070593043,2.339982079091652,-0.5384574315724315,-2.7367493172085098e-14
78.69319574870983,-47.04986897721649,13.69577814223117,2.3401426974137842,-0.5388710565552924,-1.2631150694808506e-14
78.68706531487673,-47.040073880682286,13.694611901637757,2.3403023807403,-0.5392825694541517,-4.210383564936169e-15
78.6809686445884,-47.03027950673423,13.693452335503752,2.3404611314704917,-0.5396919743010193,-1.2631150694808506e-14
78.67490566099896,-47.02048585889299,13.692299430520087,2.3406189519976324,-0.5400992751290647,-1.473634247727659e-14
78.66887628732725,-47.0106929406337,13.691153173377717,2.3407758447089964,-0.5405044759725928,-3.157787673702127e-14
78.66288044685683,-47.000900755386276,13.690013550767574,2.3409318119859024,-0.5409075808670246,-2.5262301389617013e-14
78.65691806293583,-46.991109306535584,13.688880549380599,2.3410868562037415,-0.5413085938488729,-1.0525958912340423e-14
78.65098905897689,-46.981318597421655,13.687754155907738,2.34124097973201,-0.5417075189557221,-6.315575347404253e-15
78.64509335845717,-46.971528631339964,13.686634357039933,2.341394184934348,-0.5421043602262053,-1.2631150694808506e-14
78.6392308849182,-46.96173941154165,13.685521139468124,2.3415464741685614,-0.5424991216999835,-2.5262301389617013e-14
78.6334015619659,-46.95195094123361,13.684414489883247,2.3416978497866676,-0.542891807417722,-2.1051917824680846e-14
78.62760531327038,-46.94216322357909,13.683314394976252,2.341848314134916,-0.5432824214210724,-1.2631150694808506e-14
78.62184206256597,-46.93237626169739,13.682220841438072,2.3419978695538304,-0.5436709677526492,-2.7367493172085098e-14
78.61611173365121,-46.922590058664525,13.681133815959662,2.3421465183782333,-0.5440574504560076,-1.2631150694808506e-14
78.61041425038857,-46.9128046175132,13.680053305231947,2.342294262937284,-0.5444418735756258,-1.6841534259744676e-14
78.60474953670465,-46.90301994123315,13.678979295945876,2.3424411055545082,-0.5448242411568801,-6.315575347404253e-15
78.59911751658986,-46.89323603277131,13.677911774792396,2.34258704854783,-0.5452045572460271,-2.947268495455318e-14
78.59351811409854,-46.88345289503208,13.676850728462442,2.3427320942296044,-0.5455828258901805,-8.420767129872338e-15
78.5879512533488,-46.87367053087746,13.675796143646954,2.342876244906649,-0.5459590511372936,-1.473634247727659e-14
78.58241685852242,-46.86388894312742,13.674748007036879,2.3430195028802774,-0.5463332370361353,-2.315710960714893e-14
78.57691485386489,-46.854108134559965,13.673706305323154,2.3431618704463286,-0.5467053876362715,-2.7367493172085098e-14
78.57144516368525,-46.844328107911416,13.672671025196722,2.3433033498952,-0.5470755069880451,-2.947268495455318e-14
78.56600771235601,-46.834548865876656,13.671642153348524,2.3434439435118763,-0.5474435991425544,0.0
78.56060242431315,-46.82477041110931,13.670619676469503,2.3435836535759664,-0.5478096681516351,-2.315710960714893e-14
78.55522922405596,-46.81499274622198,13.669603581250604,2.3437224823617275,-0.5481737180678377,-2.947268495455318e-14
78.54988803614712,-46.80521587378645,13.668593854382758,2.3438604321381034,-0.548535752944409,-2.1051917824680846e-14
78.54457878521241,-46.79543979633391,13.667590482556918,2.343997505168752,-0.5488957768352726,-4.210383564936169e-15
78.5393013959408,-46.78566451635515,13.666593452464019,2.344133703712076,-0.5492537937950096,-2.315710960714893e-14
78.53405579308435,-46.7758900363008,13.665602750795005,2.3442690300212536,-0.5496098078788361,-2.315710960714893e-14
78.5288419014581,-46.76611635858155,13.664618364240813,2.3444034863442735,-0.5499638231425883,-2.315710960714893e-14
78.52365964594,-46.75634348556833,13.663640279492387,2.344537074923959,-0.5503158436426986,-1.6841534259744676e-14
78.51850895147088,-46.74657141959253,13.662668483240669,2.3446697979980047,-0.5506658734361795,-2.5262301389617013e-14
78.51338974305432,-46.73680016294624,13.661702962176607,2.344801657799001,-0.5510139165806021,-1.6841534259744676e-14
78.50830194575663,-46.72702971788243,13.66074370299113,2.3449326565544735,-0.55135997713408,-2.5262301389617013e-14
78.50324548470674,-46.717260086615184,13.659790692375188,2.345062796486904,-0.5517040591552465,-6.315575347404253e-15
78.4982202850961,-46.70749127131989,13.658843917019723,2.3451920798137667,-0.5520461667032402,-2.315710960714893e-14
