galstreams/tracks/track.st.M68.ibata2021.ecsv
# %ECSV 1.0
# ---
# datatype:
# - {name: ra, unit: deg, datatype: float64}
# - {name: dec, unit: deg, datatype: float64}
# - {name: distance, unit: kpc, datatype: float64}
# - {name: pm_ra_cosdec, unit: mas / yr, datatype: float64}
# - {name: pm_dec, unit: mas / yr, datatype: float64}
# - {name: radial_velocity, unit: km / s, datatype: float64}
# delimiter: ','
# meta: !!omap
# - __serialized_columns__:
#     dec:
#       __class__: astropy.coordinates.angles.Latitude
#       unit: &id001 !astropy.units.Unit {unit: deg}
#       value: !astropy.table.SerializedColumn {name: dec}
#     distance:
#       __class__: astropy.coordinates.distances.Distance
#       unit: !astropy.units.Unit {unit: kpc}
#       value: !astropy.table.SerializedColumn {name: distance}
#     pm_dec:
#       __class__: astropy.units.quantity.Quantity
#       unit: !astropy.units.Unit {unit: mas / yr}
#       value: !astropy.table.SerializedColumn {name: pm_dec}
#     pm_ra_cosdec:
#       __class__: astropy.units.quantity.Quantity
#       unit: !astropy.units.Unit {unit: mas / yr}
#       value: !astropy.table.SerializedColumn {name: pm_ra_cosdec}
#     ra:
#       __class__: astropy.coordinates.angles.Longitude
#       unit: *id001
#       value: !astropy.table.SerializedColumn {name: ra}
#       wrap_angle: !astropy.coordinates.Angle
#         unit: *id001
#         value: 360.0
#     radial_velocity:
#       __class__: astropy.units.quantity.Quantity
#       unit: !astropy.units.Unit {unit: km / s}
#       value: !astropy.table.SerializedColumn {name: radial_velocity}
# schema: astropy-2.0
ra,dec,distance,pm_ra_cosdec,pm_dec,radial_velocity
[from data line 431]
187.62876828458283,-39.631522140126094,3.9763097963398204,-4.487390963661649,9.847192886935431,252.86430750687467
187.63097601410263,-39.621715824516194,3.9765286894631244,-4.486697766105597,9.845526234025758,252.43874906517013
187.63318186783746,-39.611909292635424,3.9767491214935737,-4.4860022002624484,9.843849065068628,252.01416369681093
187.63538585664935,-39.60210254597032,3.976971087697269,-4.485304275503488,9.842161401411733,251.59055159008554
187.63758799139404,-39.59229558600629,3.977194583340311,-4.484604001201223,9.840463264402683,251.16791293328257
187.6397882829211,-39.582488414228116,3.9774196036888005,-4.48390138672943,9.83875467538908,250.7462479146906
187.64198674207393,-39.572681032119455,3.97764614400884,-4.483196441463102,9.837035655718433,250.32555672259844
187.64418337968965,-39.56287344116331,3.9778741995665294,-4.482489174778417,9.835306226738249,249.90583954529475
187.6463782065992,-39.55306564284166,3.9781037656279694,-4.481779596052759,9.833566409795992,249.4870965710679
187.64857123362737,-39.54325763863575,3.9783348374592626,-4.481067714664668,9.831816226239072,249.06932798820694
187.65076247159283,-39.533449430025804,3.9785674103265087,-4.48035353999387,9.830055697414892,248.6525339850002
187.6529519313079,-39.52364101849139,3.9788014794958078,-4.479637081421196,9.828284844670826,248.23671474973628
187.65513962357892,-39.513832405510975,3.979037040233264,-4.478918348328603,9.826503689354222,247.8218704707041
187.65732555920593,-39.50402359256241,3.979274087804977,-4.478197350099167,9.824712252812407,247.40800133619211
187.65950974898294,-39.49421458112246,3.979512617477046,-4.477474096117053,9.822910556392713,246.99510753448894
187.66169220369773,-39.484405372667275,3.9797526245155748,-4.476748595767486,9.821098621442436,246.58318925388318
187.66387293413192,-39.474595968671906,3.979994104186663,-4.4760208584367485,9.81927646930889,246.17224668266368
187.66605195106106,-39.46478637061079,3.980237051756411,-4.475290893512174,9.81744412133938,245.76228000911894
187.66822926525455,-39.454976579957275,3.9804814624909226,-4.474558710382109,9.815601598881184,245.35328942153762
187.67040488747566,-39.445166598184116,3.980727331656296,-4.473824318435925,9.81374892328163,244.94527510820845
187.67257882848162,-39.43535642676299,3.9809746545186324,-4.473087727063975,9.811886115888028,244.53823725741984
187.67475109902338,-39.42554606716495,3.981223426344036,-4.472348945657571,9.810013198047695,244.13217605746067
187.67692170984597,-39.41573552085998,3.981473642398604,-4.4716079836090294,9.808130191107985,243.72709169661942
187.67909067168827,-39.40592478931747,3.9817252979484405,-4.470864850311575,9.806237116416254,243.32298436318467
187.68125799528298,-39.39611387400571,3.9819783882596433,-4.470119555159378,9.804333995319887,242.91985424544532
187.6834236913568,-39.38630277639242,3.9822329085983164,-4.469372107547518,9.80242084916629,242.51770153168997
187.68558777063043,-39.37649149794425,3.982488854230559,-4.468622516871982,9.800497699302898,242.116526410207
187.68775024381836,-39.36668004012724,3.9827462204224737,-4.467870792529629,9.79856456707719,241.71632906928525
187.68991112162908,-39.35686840440637,3.9830050024401618,-4.467116943918198,9.796621473836655,241.31710969721334
187.69207041476503,-39.34705659224605,3.9832651955497225,-4.466360980436286,9.79466844092885,240.91886848227986
187.69422813392262,-39.33724460510957,3.983526795017257,-4.465602911483314,9.792705489701367,240.52160561277347
187.69638428979218,-39.32743244445971,3.983789796108868,-4.464842746459533,9.79073264150183,240.12532127698276
187.698538893058,-39.31762011175812,3.984054194090656,-4.464080494766005,9.788749917677922,239.73001566319655
187.70069195439837,-39.30780760846593,3.9843199842287205,-4.463316165804588,9.786757339577385,239.33568895970328
187.70284348448558,-39.29799493604316,3.9845871617891646,-4.462549768977915,9.784754928548,238.94234135479164
187.7049934939858,-39.288182095949296,3.9848557220380885,-4.461781313689377,9.782742705937622,238.54997303675043
187.70714199355933,-39.27836908964273,3.9851256602415934,-4.4610108093431355,9.780720693094162,238.15858419386802
187.70928899386038,-39.268555918581306,3.9853969716657804,-4.460238265344077,9.778688911365585,237.7681750144332
187.71143450553717,-39.25874258422182,3.98566965157675,-4.459463691097799,9.776647382099952,237.37874568673462
187.71357853923197,-39.248929088020475,3.9859436952406044,-4.458687096010624,9.774596126645358,236.99029639906095
187.71572110558105,-39.23911543143246,3.9862190979234424,-4.457908489489558,9.77253516635001,236.6028273397006
187.71786221521464,-39.22930161591235,3.9864958548913685,-4.457127880942274,9.770464522562161,236.21633869694256
187.7200018787571,-39.21948764291372,3.9867739614104805,-4.456345279777134,9.768384216630166,235.83083065907527
187.72214010682677,-39.20967351388957,3.9870534127468815,-4.455560695403136,9.766294269902447,235.4463034143874
187.72427691003608,-39.19985923029183,3.9873342041666713,-4.454774137229924,9.764194703727519,235.06275715116746
187.72641229899142,-39.190044793571914,3.9876163309359525,-4.45398561466774,9.762085539453995,234.68019205770435
187.72854628429332,-39.18023020518017,3.987899788320826,-4.453195137127468,9.759966798430558,234.2986083222865
187.73067887653633,-39.17041546656641,3.9881845715873903,-4.452402714020563,9.757838502006022,233.91800613320265
187.7328100863091,-39.16060057917937,3.9884706760017488,-4.451608354759069,9.755700671529251,233.53838567874143
187.7349399241943,-39.15078554446729,3.988758096830002,-4.450812068755608,9.753553328349247,233.15974714719147
187.73706840076875,-39.14097036387733,3.989046829338251,-4.450013865423337,9.751396493815097,232.78209072684132
187.73919552660334,-39.13115503885613,3.9893368687925976,-4.449213754175968,9.749230189276,232.40541660597978
187.741321312263,-39.121339570849294,3.989628210459142,-4.448411744427732,9.747054436081275,232.02972497289534
187.74344576830688,-39.111523961301856,3.9899208496039846,-4.447607845593387,9.744869255580324,231.65501601587675
187.74556890528814,-39.101708211657865,3.9902147814932274,-4.446802067088186,9.742674669122694,231.28128992321263
187.747690733754,-39.0918923233608,3.9905100013929706,-4.445994418327857,9.740470698058036,230.90854688319152
187.74981126424598,-39.082076297853106,3.990806504569318,-4.4451849087286135,9.738257363736103,230.53678708410223
187.75193050729956,-39.07226013657674,3.9911042862883668,-4.444373547707143,9.736034687506798,230.16601071423327
187.7540484734445,-39.06244384097258,3.9914033418162203,-4.443560344680571,9.733802690720138,229.7962179618732
187.75616517320452,-39.052627412480994,3.9917036664189802,-4.442745309066439,9.731561394726265,229.427409015311
187.75828061709768,-39.04281085254132,3.9920052553627454,-4.441928450282756,9.729310820875453,229.059584062835
187.76039481563603,-39.03299416259238,3.9923081039136186,-4.441109777747895,9.727050990518109,228.69274329273398
187.76250777932592,-39.023177344071996,3.9926122073376993,-4.440289300880664,9.724781925004775,228.3268868932964
187.76461951866776,-39.01336039841738,3.9929175609010916,-4.439467029100243,9.722503645686123,227.96201505281118
187.7667300441562,-39.00354332706485,3.9932241598698925,-4.43864297182618,9.720216173912977,227.59812795956663
187.76883936628,-38.993726131450096,3.9935319995102057,-4.437817138478383,9.7179195310363,227.23522580185164
187.7709474955222,-38.98390881300786,3.9938410750881324,-4.436989538477126,9.715613738407193,226.8733087679548
187.77305444235995,-38.974091373172314,3.994151381869773,-4.436160181242994,9.713298817376906,226.51237704616472
187.77516021726464,-38.964273813376664,3.994462915121228,-4.435329076196917,9.71097478929685,226.15243082477008
187.77726483070188,-38.954456135053576,3.9947756701085995,-4.434496232760123,9.708641675518567,225.79347029205934
187.77936829313143,-38.94463833963471,3.9950896420979873,-4.433661660354151,9.706299497393772,225.43549563632155
187.7814706150073,-38.93482042855119,3.9954048263554935,-4.432825368400822,9.703948276274328,225.07850704584493
187.7835718067778,-38.925002403233194,3.9957212181472186,-4.431987366322236,9.701588033512255,224.72250470891828
187.78567187888532,-38.915184265110334,3.9960388127392643,-4.431147663540752,9.699218790459739,224.36748881383014
187.78777084176662,-38.905366015611236,3.9963576053977308,-4.430306269478979,9.696840568469126,224.01345954886938
187.78986870585268,-38.89554765616401,3.9966775913887203,-4.429463193559788,9.694453388892924,223.66041710232446
187.79196548156864,-38.88572918819579,3.996998765978333,-4.428618445206246,9.69205727308381,223.30836166248403
187.794061179334,-38.875910613133165,3.9973211244326694,-4.427772033841672,9.68965224239464,222.95729341763678
187.7961558095625,-38.866091932401766,3.9976446620178323,-4.426923968889563,9.687238318178432,222.60721255607137
187.79824938266214,-38.85627314742669,3.997969373999921,-4.4260742597736344,9.684815521788375,222.25811926607636
187.80034190903515,-38.84645425963206,3.998295255645038,-4.4252229159177645,9.682383874577841,221.91001373594045
187.80243339907813,-38.83663527044147,3.998622302219283,-4.424369946746017,9.679943397900374,221.56289615395227
187.8045238631819,-38.82681618127756,3.9989505089887594,-4.423515361682612,9.677494113109702,221.21676670840054
187.8066133117316,-38.81699699356244,3.9992798712195654,-4.422659170151915,9.675036041559745,220.87162558757376
187.80870175510674,-38.80717770871726,3.999610384177803,-4.4218013815784545,9.67256920460458,220.52747297976046
187.810789203681,-38.79735832816263,3.999942043129574,-4.420942005386854,9.670093623598486,220.18430907324952
187.81287566782248,-38.7875388533182,4.0002748433409785,-4.420081051001871,9.667609319895941,219.84213405632957
187.81496115789358,-38.77771928560314,4.000608780078119,-4.419218527848372,9.665116314851598,219.5009481172892
187.817045684251,-38.767899626435614,4.000943848607096,-4.4183544453513175,9.662614629820292,219.16075144441695
187.81912925724583,-38.75807987723328,4.001280044194009,-4.417488812935746,9.660104286157072,218.82154422600152
187.82121188722343,-38.74826003941284,4.001617362104961,-4.416621640026774,9.65758530521717,218.48332665033166
187.82329358452353,-38.73844011439051,4.001955797606051,-4.415752936049587,9.655057708356024,218.1460989056959
187.82537435948026,-38.72862010358151,4.0022953459633825,-4.4148827104294135,9.652521516929262,217.80986118038297
187.82745422242206,-38.718800008400564,4.002636002443055,-4.414010972591541,9.649976752292714,217.4746136626812
187.82953318367183,-38.70897983026145,4.002977762311171,-4.413137731961282,9.647423435802414,217.1403565408797
187.8316112535466,-38.69915957057742,4.00332062083383,-4.412262997963952,9.644861588814603,216.8070900032668
187.83368844235812,-38.6893392307608,4.003664573277134,-4.4113867800249125,9.642291232685714,216.47481423813116
187.83576476041227,-38.67951881222337,4.004009614907184,-4.410509087569504,9.639712388772411,216.14352943376159
187.83784021800943,-38.66969831637601,4.004355740990079,-4.409629930023072,9.637125078431549,215.81323577844663
187.83991482544434,-38.65987774462905,4.004702946791923,-4.408749316810937,9.634529323020194,215.4839334604747
187.84198859300614,-38.6500570983919,4.005051227578816,-4.407867257358385,9.631925143895629,215.15562266813484
187.84406153097842,-38.64023637907341,4.005400578616859,-4.40698376109068,9.629312562415349,214.82830358971546
187.8461336496392,-38.630415588081696,4.0057509951721535,-4.406098837433027,9.626691599937072,214.5019764135052
187.84820495926087,-38.62059472682405,4.006102472510799,-4.405212495810577,9.62406227781872,214.17664132779274
187.85027547011023,-38.610773796707036,4.006455005898898,-4.404324745648416,9.621424617418443,213.85229852086673
187.85234519244867,-38.600952799136614,4.006808590602551,-4.40343559637156,9.618778640094602,213.52894818101575
187.85441413653183,-38.59113173551801,4.00716322188786,-4.4025450574049145,9.616124367205783,213.20659049652866
187.8564823126099,-38.58131060725561,4.007518895020925,-4.401653138173323,9.613461820110812,212.88522565569374
187.85854973092754,-38.571489415753234,4.007875605267846,-4.400759848101501,9.610791020168701,212.56485384679982
187.86061640172377,-38.56166816241384,4.008233347894728,-4.399865196614046,9.608111988738726,212.2454752581356
187.86268233523228,-38.551846848639826,4.008592118167668,-4.398969193135464,9.605424747180365,211.92709007798973
187.86474754168106,-38.542025475832716,4.008951911352768,-4.3980718470900975,9.602729316853337,211.6096984946506
187.86681203129254,-38.53220404539348,4.009312722716132,-4.397173167902149,9.600025719117582,211.2933006964071
187.86887581428385,-38.5223825587222,4.009674547523857,-4.39627316499569,9.597313975333279,210.97789687154778
187.87093890086646,-38.51256101721846,4.0100373810420455,-4.395371847794619,9.594594106860841,210.66348720836135
187.87300130124635,-38.5027394222809,4.010401218536799,-4.394469225722661,9.5918661350609,210.35007189513632
187.87506302562406,-38.49291777530765,4.010766055274218,-4.393565308203384,9.58913008129433,210.03765112016148
187.87712408419463,-38.483096077696,4.011131886520405,-4.392660104660145,9.58638596692226,209.72622507172537
187.87918448714754,-38.47327433084264,4.0114987075414605,-4.3917536245161175,9.583633813306015,209.41579393811656
187.88124424466696,-38.46345253614341,4.011866513603484,-4.390845877194282,9.5808736418072,209.10635790762387
187.88330336693147,-38.45363069499362,4.01223529997258,-4.389936872117389,9.578105473787621,208.79791716853586
187.88536186411417,-38.4438088087877,4.012605061914843,-4.389026618707983,9.575329330609375,208.49047190914115
187.8874197463828,-38.433986878919555,4.01297579469638,-4.388115126388358,9.57254523363475,208.18402231772836
187.8894770238996,-38.424164906782174,4.01334749358329,-4.3872024045806,9.569753204226297,207.87856858258618
187.89153370682135,-38.414342893768094,4.013720153841676,-4.386288462706533,9.566953263746818,207.57411089200312
187.89358980529943,-38.40452084126889,4.014093770737636,-4.385373310187714,9.564145433559352,207.2706494342682
187.8956453294798,-38.39469875067569,4.014468339537273,-4.384456956445476,9.561329735027178,206.96818439766957
187.89770028950298,-38.38487662337867,4.014843855506688,-4.383539410900836,9.558506189513839,206.66671597049614
187.89975469550401,-38.375054460767565,4.01522031391198,-4.382620682974564,9.555674818383114,206.36624434103652
187.90180855761264,-38.36523226423115,4.015597710019254,-4.381700782087135,9.552835642999018,206.06676969757933
187.90386188595315,-38.35541003515777,4.015976039094607,-4.380779717658724,9.54998868472585,205.7682922284132
187.9059146906444,-38.345587774934806,4.016355296404144,-4.379857499109214,9.547133964928125,205.4708121218267
187.90796698179994,-38.3357654849492,4.0167354772139605,-4.378934135858171,9.544271504970634,205.17432956610867
187.91001876952782,-38.32594316658695,4.017116576790163,-4.3780096373248405,9.541401326218411,204.87884474954757
187.91207006393086,-38.31612082123361,4.017498590398851,-4.377084012928154,9.538523450036731,204.58435786043208
187.91412087510636,-38.30629845027381,4.017881513306124,-4.376157272086697,9.535637897791153,204.29086908705082
187.9161712131463,-38.29647605509167,4.018265340778085,-4.375229424218718,9.532744690847451,203.99837861769254
187.91822108813741,-38.28665363707045,4.018650068080833,-4.374300478742137,9.529843850571705,203.70688664064585
187.92027051016092,-38.27683119759294,4.019035690480471,-4.373370445074479,9.526935398330204,203.41639334419932
187.92231948929273,-38.26700873804094,4.019422203243099,-4.372439332632935,9.524019355489504,203.12689891664155
187.92436803560352,-38.257186259795915,4.019809601634819,-4.3715071508343275,9.521095743416456,202.83840354626122
187.92641615915852,-38.2473637642383,4.020197880921732,-4.37057390909509,9.518164583478123,202.55090742134712
