galstreams/tracks/track.st.Cetus-New.yuan2021.ecsv
# %ECSV 1.0
# ---
# datatype:
# - {name: ra, unit: deg, datatype: float64}
# - {name: dec, unit: deg, datatype: float64}
# - {name: distance, unit: kpc, datatype: float64}
# - {name: pm_ra_cosdec, unit: mas / yr, datatype: float64}
# - {name: pm_dec, unit: mas / yr, datatype: float64}
# - {name: radial_velocity, unit: km / s, datatype: float64}
# delimiter: ','
# meta: !!omap
# - __serialized_columns__:
#     dec:
#       __class__: astropy.coordinates.angles.Latitude
#       unit: &id001 !astropy.units.Unit {unit: deg}
#       value: !astropy.table.SerializedColumn {name: dec}
#     distance:
#       __class__: astropy.coordinates.distances.Distance
#       unit: !astropy.units.Unit {unit: kpc}
#       value: !astropy.table.SerializedColumn {name: distance}
#     pm_dec:
#       __class__: astropy.units.quantity.Quantity
#       unit: !astropy.units.Unit {unit: mas / yr}
#       value: !astropy.table.SerializedColumn {name: pm_dec}
#     pm_ra_cosdec:
#       __class__: astropy.units.quantity.Quantity
#       unit: !astropy.units.Unit {unit: mas / yr}
#       value: !astropy.table.SerializedColumn {name: pm_ra_cosdec}
#     ra:
#       __class__: astropy.coordinates.angles.Longitude
#       unit: *id001
#       value: !astropy.table.SerializedColumn {name: ra}
#       wrap_angle: !astropy.coordinates.Angle
#         unit: *id001
#         value: 360.0
#     radial_velocity:
#       __class__: astropy.units.quantity.Quantity
#       unit: !astropy.units.Unit {unit: km / s}
#       value: !astropy.table.SerializedColumn {name: radial_velocity}
# schema: astropy-2.0
ra,dec,distance,pm_ra_cosdec,pm_dec,radial_velocity
[from data line 2198]
25.36323926190529,-22.501369646967568,20.03700085365945,1.5652745826013315,0.6283477673951873,0.0
25.36349980923288,-22.511494394381266,20.035789587058357,1.5654103530495334,0.6286432312512007,1.6841534259744676e-14
25.363760604562756,-22.52161913491027,20.034577807961554,1.565546164644504,0.6289389261926681,4.210383564936169e-15
25.364021647789098,-22.531743868558966,20.033365516986095,1.5656820173699226,0.6292348520864945,8.420767129872338e-15
25.364282938806113,-22.541868595331586,20.03215271474903,1.5658179112094643,0.629531008799582,-4.210383564936169e-15
25.364544477508005,-22.5519933152324,20.030939401867425,1.5659538461468023,0.6298273961988315,-4.210383564936169e-15
25.364806263789013,-22.562118028265623,20.029725578958328,1.5660898221656063,0.6301240141511435,8.420767129872338e-15
25.36506829754335,-22.57224273443565,20.028511246638796,1.566225839249545,0.6304208625234162,2.5262301389617013e-14
25.365330578665287,-22.582367433746704,20.0272964055259,1.566361897382281,0.6307179411825481,2.1051917824680846e-14
25.365593107049076,-22.592492126203,20.026081056236677,1.5664979965474788,0.6310152499954349,1.2631150694808506e-14
25.365855882588995,-22.60261681180891,20.024865199388202,1.5666341367287961,0.6313127888289721,0.0
25.36611890517935,-22.61274149056868,20.023648835597513,1.56677031790989,0.6316105575500541,8.420767129872338e-15
25.36638217471442,-22.622866162486556,20.02243196548168,1.5669065400744142,0.6319085560255735,2.5262301389617013e-14
25.366645691088525,-22.632990827566758,20.02121458965776,1.567042803206019,0.6322067841224219,8.420767129872338e-15
25.366909454196005,-22.643115485813677,20.019996708742802,1.5671791072883547,0.6325052417074901,2.5262301389617013e-14
25.36717346393119,-22.653240137231514,20.018778323353864,1.5673154523050652,0.632803928647667,4.210383564936169e-15
25.367437720188438,-22.66336478182449,20.01755943410801,1.5674518382397946,0.6331028448098407,1.2631150694808506e-14
25.36770222286211,-22.67348941959698,20.016340041622282,1.5675882650761828,0.6334019900608986,-8.420767129872338e-15
25.367966971846595,-22.683614050553196,20.015120146513745,1.5677247327978676,0.6337013642677264,1.6841534259744676e-14
25.368231967036273,-22.6937386746974,20.013899749399464,1.567861241388483,0.6340009672972073,2.5262301389617013e-14
25.36849720832555,-22.70386329203381,20.012678850896485,1.567997790831662,0.6343007990162259,1.6841534259744676e-14
25.368762695608844,-22.713987902566785,20.011457451621865,1.5681343811110349,0.634600859291664,0.0
25.369028428780588,-22.72411250630055,20.010235552192665,1.568271012210226,0.6349011479904023,0.0
25.36929440773521,-22.734237103239295,20.00901315322594,1.5684076841128616,0.6352016649793204,1.2631150694808506e-14
25.369560632367183,-22.744361693387404,20.007790255338747,1.5685443968025623,0.6355024101252971,8.420767129872338e-15
25.36982710257096,-22.754486276749077,20.006566859148137,1.5686811502629472,0.6358033832952096,2.1051917824680846e-14
25.37009381824102,-22.764610853328573,20.005342965271172,1.5688179444776316,0.6361045843559332,2.5262301389617013e-14
25.37036077927185,-22.77473542313009,20.004118574324913,1.5689547794302288,0.6364060131743436,2.1051917824680846e-14
25.370627985557963,-22.78485998615801,20.002893686926402,1.569091655104351,0.6367076696173145,1.2631150694808506e-14
25.370895436993862,-22.794984542416515,20.001668303692714,1.5692285714836045,0.6370095535517174,-1.2631150694808506e-14
25.371163133474088,-22.805109091909877,20.000442425240898,1.5693655285515946,0.6373116648444241,1.6841534259744676e-14
25.371431074893177,-22.815233634642297,19.999216052188,1.5695025262919255,0.6376140033623048,1.2631150694808506e-14
25.371699261145675,-22.825358170618124,19.997989185151095,1.5696395646881955,0.6379165689722281,4.210383564936169e-15
25.37196769212615,-22.835482699841556,19.996761824747225,1.5697766437240026,0.6382193615410615,1.6841534259744676e-14
25.372236367729172,-22.845607222316808,19.995533971593453,1.5699137633829408,0.6385223809356712,1.2631150694808506e-14
25.372505287849336,-22.85573173804823,19.994305626306836,1.570050923648603,0.6388256270229222,0.0
25.37277445238124,-22.86585624704001,19.993076789504432,1.5701881245045781,0.639129099669679,1.6841534259744676e-14
25.373043861219493,-22.875980749296424,19.99184746180329,1.5703253659344525,0.6394327987428041,-1.2631150694808506e-14
25.373313514258722,-22.886105244821636,19.990617643820475,1.5704626479218105,0.6397367241091586,4.210383564936169e-15
25.37358341139356,-22.896229733620007,19.98938733617304,1.570599970450233,0.6400408756356031,0.0
25.373853552518664,-22.906354215695746,19.988156539478037,1.570737333503299,0.6403452531889966,1.2631150694808506e-14
25.37412393752868,-22.91647869105309,19.986925254352528,1.5708747370645844,0.640649856636197,4.210383564936169e-15
25.374394566318276,-22.926603159696224,19.98569348141357,1.5710121811176625,0.6409546858440607,-8.420767129872338e-15
25.374665438782156,-22.93672762162951,19.984461221278224,1.5711496656461037,0.6412597406794427,0.0
25.374936554814994,-22.94685207685714,19.983228474563536,1.5712871906334769,0.641565021009198,-8.420767129872338e-15
25.37520791431151,-22.95697652538329,19.98199524188657,1.571424756063347,0.6418705267001789,0.0
25.375479517166415,-22.967100967212314,19.98076152386438,1.5715623619192765,0.6421762576192371,8.420767129872338e-15
25.375751363274446,-22.977225402348406,19.979527321114016,1.5717000081848267,0.6424822136332238,2.5262301389617013e-14
25.376023452530333,-22.987349830795807,19.978292634252547,1.5718376948435542,0.6427883946089875,2.5262301389617013e-14
25.376295784828827,-22.997474252558682,19.97705746389703,1.571975421879013,0.6430948004133761,4.210383564936169e-15
25.376568360064706,-23.007598667641396,19.97582181066451,1.5721131892747575,0.6434014309132366,4.210383564936169e-15
25.376841178132736,-23.017723076048124,19.974585675172047,1.5722509970143357,0.6437082859754149,8.420767129872338e-15
25.37711423892771,-23.027847477783116,19.973349058036703,1.5723888450812955,0.6440153654667548,4.210383564936169e-15
25.377387542344422,-23.037971872850537,19.972111959875527,1.572526733459181,0.6443226692540999,2.1051917824680846e-14
25.37766108827768,-23.048096261254738,19.97087438130559,1.572664662131534,0.6446301972042913,4.210383564936169e-15
25.377934876622316,-23.0582206429999,19.96963632294393,1.5728026310818932,0.6449379491841702,4.210383564936169e-15
25.378208907273144,-23.068345018090184,19.968397785407614,1.5729406402937958,0.645245925060576,1.2631150694808506e-14
25.37848318012503,-23.07846938652996,19.967158769313695,1.5730786897507762,0.6455541247003465,0.0
25.378757695072817,-23.08859374832339,19.965919275279234,1.5732167794363645,0.6458625479703187,1.6841534259744676e-14
25.37903245201137,-23.098718103474706,19.964679303921287,1.57335490933409,0.6461711947373284,2.1051917824680846e-14
25.379307450835555,-23.10884245198806,19.963438855856907,1.5734930794274788,0.6464800648682097,4.210383564936169e-15
25.37958269144029,-23.118966793867845,19.96219793170315,1.5736312897000553,0.6467891582297962,-1.2631150694808506e-14
25.379858173720454,-23.12909112911818,19.96095653207708,1.5737695401353387,0.6470984746889197,1.6841534259744676e-14
25.380133897570964,-23.13921545774332,19.959714657595747,1.573907830716849,0.6474080141124108,1.2631150694808506e-14
25.380409862886737,-23.149339779747432,19.958472308876207,1.574046161428101,0.6477177763670988,2.5262301389617013e-14
25.380686069562707,-23.159464095134844,19.95722948653552,1.5741845322526082,0.6480277613198122,2.1051917824680846e-14
25.38096251749382,-23.169588403909728,19.955986191190735,1.5743229431738817,0.6483379688373778,1.6841534259744676e-14
25.381239206575028,-23.179712706076263,19.954742423458924,1.5744613941754284,0.6486483987866215,1.6841534259744676e-14
25.381516136701297,-23.189837001638768,19.95349818395713,1.5745998852407548,0.6489590510343676,2.1051917824680846e-14
25.381793307767605,-23.19996129060142,19.952253473302417,1.5747384163533626,0.649269925447439,4.210383564936169e-15
25.382070719668942,-23.21008557296843,19.951008292111833,1.5748769874967539,0.6495810218926584,2.1051917824680846e-14
25.382348372300296,-23.220209848743973,19.949762641002444,1.5750155986544243,0.6498923402368457,1.6841534259744676e-14
25.382626265556684,-23.230334117932372,19.94851652059131,1.57515424980987,0.6502038803468211,3.368306851948935e-14
25.382904399333114,-23.2404583805378,19.94726993149547,1.5752929409465832,0.6505156420894025,1.2631150694808506e-14
25.38318277352463,-23.250582636564396,19.94602287433199,1.5754316720480552,0.650827625331407,1.2631150694808506e-14
25.383461388026266,-23.260706886016518,19.944775349717933,1.5755704430977717,0.6511398299396498,2.5262301389617013e-14
25.383740242733072,-23.270831128898315,19.943527358270355,1.5757092540792186,0.6514522557809456,2.1051917824680846e-14
25.384019337540106,-23.280955365213984,19.942278900606304,1.575848104975878,0.6517649027221075,0.0
25.384298672342453,-23.291079594967716,19.941029977342836,1.5759869957712298,0.6520777706299482,8.420767129872338e-15
25.384578247035186,-23.301203818163813,19.939780589097015,1.5761259264487508,0.6523908593712776,1.2631150694808506e-14
25.384858061513402,-23.31132803480644,19.938530736485895,1.5762648969919164,0.6527041688129053,1.6841534259744676e-14
25.385138115672202,-23.321452244899746,19.937280420126527,1.576403907384198,0.6530176988216394,2.947268495455318e-14
25.385418409406697,-23.331576448448065,19.93602964063598,1.576542957609066,0.653331449264287,2.947268495455318e-14
25.385698942612006,-23.341700645455543,19.934778398631302,1.5766820476499868,0.653645420007653,4.210383564936169e-15
25.385979715183282,-23.35182483592639,19.93352669472955,1.5768211774904253,0.6539596109185428,4.210383564936169e-15
25.38626072701565,-23.361949019864763,19.93227452954779,1.576960347113843,0.6542740218637585,1.6841534259744676e-14
25.386541978004278,-23.372073197274975,19.93102190370306,1.5770995565037005,0.6545886527101029,-4.210383564936169e-15
25.386823468044337,-23.382197368161187,19.929768817812423,1.5772388056434539,0.6549035033243762,1.2631150694808506e-14
25.387105197030984,-23.3923215325276,19.928515272492948,1.5773780945165572,0.6552185735733774,1.2631150694808506e-14
25.38738716485941,-23.402445690378347,19.927261268361683,1.5775174231064633,0.6555338633239047,1.2631150694808506e-14
25.387669371424824,-23.412569841717772,19.926006806035684,1.5776567913966209,0.655849372442755,8.420767129872338e-15
25.387951816622415,-23.42269398655001,19.924751886132,1.5777961993704779,0.6561651007967239,8.420767129872338e-15
25.388234500347405,-23.432818124879205,19.923496509267704,1.5779356470114776,0.6564810482526051,4.210383564936169e-15
25.38851742249502,-23.44294225670967,19.922240676059847,1.5780751343030617,0.6567972146771918,1.2631150694808506e-14
25.388800582960492,-23.45306638204556,19.92098438712548,1.578214661228671,0.6571135999372759,-4.210383564936169e-15
25.38908398163908,-23.463190500891063,19.919727643081664,1.5783542277717404,0.6574302038996476,2.5262301389617013e-14
25.38936761842602,-23.47331461325033,19.91847044454545,1.5784938339157064,0.6577470264310958,8.420767129872338e-15
25.38965149321659,-23.483438719127676,19.9172127921339,1.578633479643999,0.6580640673984087,8.420767129872338e-15
25.38993560590606,-23.49356281852723,19.91595468646407,1.5787731649400483,0.6583813266683728,1.6841534259744676e-14
25.390219956389714,-23.503686911453194,19.914696128153018,1.5789128897872815,0.6586988041077732,0.0
25.39050454456286,-23.51381099790972,19.913437117817793,1.5790526541691223,0.6590164995833943,2.1051917824680846e-14
25.390789370320775,-23.52393507790109,19.912177656075464,1.5791924580689933,0.659334412962018,4.210383564936169e-15
25.3910744335588,-23.534059151431464,19.910917743543074,1.5793323014703138,0.6596525441104266,2.5262301389617013e-14
25.391359734172244,-23.544183218504976,19.909657380837693,1.5794721843565,0.6599708928953997,0.0
25.391645272056447,-23.554307279125922,19.908396568576375,1.579612106710967,0.6602894591837163,3.368306851948935e-14
25.391931047106745,-23.56443133329845,19.90713530737616,1.579752068517127,0.6606082428421542,8.420767129872338e-15
25.392217059218492,-23.574555381026748,19.90587359785413,1.579892069758389,0.6609272437374895,1.6841534259744676e-14
25.39250330828705,-23.58467942231494,19.90461144062732,1.5800321104181605,0.6612464617364971,1.2631150694808506e-14
25.392789794207793,-23.594803457167334,19.903348836312798,1.5801721904798454,0.6615658967059511,1.6841534259744676e-14
25.393076516876103,-23.60492748558807,19.902085785527618,1.580312309926847,0.6618855485126235,1.6841534259744676e-14
25.393363476187364,-23.615051507581335,19.900822288888836,1.5804524687425638,0.6622054170232858,8.420767129872338e-15
25.393650672036983,-23.625175523151245,19.89955834701351,1.5805926669103938,0.6625255021047077,2.947268495455318e-14
25.393938104320355,-23.63529953230211,19.898293960518696,1.5807329044137313,0.6628458036236575,8.420767129872338e-15
25.394225772932913,-23.645423535038066,19.89702913002145,1.580873181235969,0.6631663214469026,1.2631150694808506e-14
25.394513677770078,-23.655547531363233,19.89576385613883,1.5810134973604966,0.6634870554412093,8.420767129872338e-15
25.394801818727284,-23.665671521281908,19.894498139487887,1.5811538527707023,0.6638080054733422,3.368306851948935e-14
25.39509019569998,-23.67579550479822,19.893231980685698,1.5812942474499687,0.6641291714100637,1.2631150694808506e-14
25.395378808583615,-23.68591948191634,19.89196538034929,1.5814346813816813,0.6644505531181372,2.1051917824680846e-14
25.39566765727366,-23.696043452640414,19.890698339095735,1.581575154549219,0.6647721504643228,4.210383564936169e-15
25.39595674166559,-23.706167416974726,19.889430857542084,1.5817156669359593,0.6650939633153802,1.6841534259744676e-14
25.396246061654875,-23.716291374923394,19.88816293630541,1.5818562185252776,0.6654159915380671,2.947268495455318e-14
25.396535617137015,-23.726415326490553,19.886894576002746,1.5819968093005468,0.6657382349991408,4.210383564936169e-15
25.396825408007505,-23.736539271680474,19.885625777251164,1.5821374392451375,0.6660606935653567,8.420767129872338e-15
25.397115434161858,-23.746663210497303,19.88435654066772,1.5822781083424173,0.6663833671034691,8.420767129872338e-15
25.397405695495586,-23.7567871429452,19.88308686686946,1.5824188165757531,0.6667062554802312,-1.2631150694808506e-14
25.397696191904224,-23.766911069028286,19.881816756473448,1.5825595639285066,0.6670293585623943,1.6841534259744676e-14
25.397986923283295,-23.77703498875085,19.880546210096742,1.582700350384039,0.6673526762167086,2.947268495455318e-14
25.39827788952835,-23.787158902117017,19.879275228356402,1.5828411759257086,0.6676762083099232,8.420767129872338e-15
25.39856909053494,-23.797282809130895,19.878003811869476,1.5829820405368717,0.667999954708786,2.1051917824680846e-14
25.398860526198636,-23.807406709796787,19.876731961253025,1.5831229442008818,0.6683239152800435,0.0
25.399152196414995,-23.817530604118783,19.8754596771241,1.583263886901091,0.6686480898904408,2.5262301389617013e-14
25.3994441010796,-23.827654492101075,19.87418696009977,1.5834048686208462,0.6689724784067209,1.2631150694808506e-14
25.399736240088036,-23.837778373747774,19.87291381079708,1.5835458893434955,0.6692970806956272,8.420767129872338e-15
25.400028613335902,-23.84790224906315,19.871640229833087,1.5836869490523822,0.6696218966239003,-4.210383564936169e-15
25.400321220718812,-23.85802611805133,19.870366217824852,1.5838280477308486,0.6699469260582803,4.210383564936169e-15
25.400614062132355,-23.86814998071647,19.869091775389435,1.5839691853622326,0.6702721688655054,1.2631150694808506e-14
25.40090713747217,-23.878273837062697,19.867816903143886,1.5841103619298726,0.6705976249123131,4.210383564936169e-15
