galstreams/tracks/track.st.M68.ibata2021.ecsv
# %ECSV 0.9
# ---
# datatype:
# - {name: ra, unit: deg, datatype: float64}
# - {name: dec, unit: deg, datatype: float64}
# - {name: distance, unit: kpc, datatype: float64}
# - {name: pm_ra_cosdec, unit: mas / yr, datatype: float64}
# - {name: pm_dec, unit: mas / yr, datatype: float64}
# - {name: radial_velocity, unit: km / s, datatype: float64}
# delimiter: ','
# meta: !!omap
# - __serialized_columns__:
#     dec:
#       __class__: astropy.coordinates.angles.Latitude
#       unit: &id001 !astropy.units.Unit {unit: deg}
#       value: !astropy.table.SerializedColumn {name: dec}
#     distance:
#       __class__: astropy.coordinates.distances.Distance
#       unit: !astropy.units.Unit {unit: kpc}
#       value: !astropy.table.SerializedColumn {name: distance}
#     pm_dec:
#       __class__: astropy.units.quantity.Quantity
#       unit: !astropy.units.Unit {unit: mas / yr}
#       value: !astropy.table.SerializedColumn {name: pm_dec}
#     pm_ra_cosdec:
#       __class__: astropy.units.quantity.Quantity
#       unit: !astropy.units.Unit {unit: mas / yr}
#       value: !astropy.table.SerializedColumn {name: pm_ra_cosdec}
#     ra:
#       __class__: astropy.coordinates.angles.Longitude
#       unit: *id001
#       value: !astropy.table.SerializedColumn {name: ra}
#       wrap_angle: !astropy.coordinates.Angle
#         unit: *id001
#         value: 360.0
#     radial_velocity:
#       __class__: astropy.units.quantity.Quantity
#       unit: !astropy.units.Unit {unit: km / s}
#       value: !astropy.table.SerializedColumn {name: radial_velocity}
# schema: astropy-2.0
ra,dec,distance,pm_ra_cosdec,pm_dec,radial_velocity
186.34675513778396,-43.81627188081575,4.088841678096574,-4.444599652167101,9.29882131178647,0.0
186.3508756835734,-43.80671370403427,4.087956595184939,-4.445746015325558,9.3036847260835,0.0
186.35498900534222,-43.79715454030928,4.087075091490889,-4.446886457345484,9.308528321291199,0.0
186.35909511723136,-43.78759439189456,4.08619716228053,-4.448020984125161,9.313352119561195,1.6841534259744676e-14
186.36319403337285,-43.7780332610409,4.085322802819959,-4.449149601581423,9.318156143040442,1.6841534259744676e-14
186.36728576788983,-43.76847114999567,4.084452008375277,-4.450272315649571,9.322940413871269,0.0
186.37137033489665,-43.75890806100323,4.083584774212589,-4.451389132283308,9.327704954191343,0.0
186.37544774849877,-43.74934399630458,4.082721095597992,-4.452500057454687,9.332449786133747,-3.368306851948935e-14
186.37951802279292,-43.739778958137705,4.0818609677975894,-4.453605097154016,9.337174931826942,-1.6841534259744676e-14
186.38358117186687,-43.73021294873724,4.08100438607748,-4.454704257389816,9.341880413394822,5.0524602779234026e-14
186.38763720979964,-43.72064597033488,4.080151345703766,-4.455797544188726,9.346566252956727,0.0
186.39168615066143,-43.711078025158905,4.0793018419425495,-4.45688496359546,9.351232472627437,-3.368306851948935e-14
186.39572800851357,-43.701509115434696,4.07845587005993,-4.457966521672717,9.355879094517213,-3.368306851948935e-14
186.39976279740867,-43.69193924338431,4.077613425322008,-4.459042224501142,9.360506140731813,-5.0524602779234026e-14
186.40379053139046,-43.682368411226854,4.07677450299489,-4.4601120781792165,9.36511363337248,1.6841534259744676e-14
186.40781122449386,-43.67279662117812,4.075939098344669,-4.461176088823237,9.369701594536004,0.0
186.41182489074504,-43.66322387545106,4.075107206637452,-4.462234262567209,9.37427004631471,-1.6841534259744676e-14
186.4158315441614,-43.653650176255205,4.074278823139338,-4.463286605562806,9.378819010796477,-3.368306851948935e-14
186.41983119875144,-43.644075525797305,4.073453943116425,-4.464333123979294,9.383348510064767,-3.368306851948935e-14
186.42382386851497,-43.63449992628079,4.07263256183482,-4.465373824003448,9.387858566198632,0.0
186.42780956744303,-43.624923379906235,4.0718146745606205,-4.466408711839532,9.392349201272722,-1.6841534259744676e-14
186.43178830951783,-43.61534588887096,4.0710002765599285,-4.467437793709166,9.396820437357341,0.0
186.4357601087128,-43.60576745536943,4.070189363098844,-4.468461075851317,9.401272296518414,0.0
186.4397249789927,-43.59618808159284,4.0693819294434705,-4.46947856452221,9.40570480081753,0.0
186.44368293431344,-43.586607769729625,4.068577970859906,-4.470490265995258,9.410117972311975,-3.368306851948935e-14
186.44763398862221,-43.57702652196491,4.067777482614253,-4.471496186561001,9.414511833054702,1.6841534259744676e-14
186.4515781558574,-43.567444340481075,4.066980459972613,-4.472496332527039,9.418886405094398,0.0
186.45551544994876,-43.55786122745727,4.066186898201086,-4.473490710217981,9.423241710475459,-1.6841534259744676e-14
186.4594458848172,-43.54827718506987,4.065396792565775,-4.474479325975348,9.427577771238049,3.368306851948935e-14
186.46336947437496,-43.53869221549203,4.064610138332778,-4.475462186157543,9.431894609418077,-1.6841534259744676e-14
186.46728623252548,-43.52910632089415,4.063826930768199,-4.4764392971397555,9.436192247047238,-3.368306851948935e-14
186.47119617316358,-43.519519503443455,4.063047165138138,-4.477410665313926,9.440470706153022,-5.0524602779234026e-14
186.47509931017518,-43.50993176530443,4.062270836708695,-4.4783762970886505,9.444730008758736,0.0
186.4789956574377,-43.500343108638376,4.061497940745973,-4.479336198889142,9.448970176883503,3.368306851948935e-14
186.4828852288197,-43.49075353560391,4.060728472516072,-4.480290377157152,9.453191232542306,-1.6841534259744676e-14
186.48676803818108,-43.481163048356436,4.059962427285093,-4.481238838350912,9.45739319774598,0.0
186.49064409937301,-43.47157164904873,4.059199800319136,-4.482181588945061,9.461576094501257,-5.0524602779234026e-14
186.49451342623806,-43.46197933983036,4.058440586884305,-4.483118635430598,9.465739944810734,-1.6841534259744676e-14
186.49837603260994,-43.45238612284826,4.057684782246698,-4.484049984314797,9.469884770672955,-1.6841534259744676e-14
186.50223193231383,-43.442792000246236,4.056932381672418,-4.484975642121164,9.474010594082365,-1.6841534259744676e-14
186.50608113916613,-43.433196974165426,4.056183380427564,-4.4858956153893565,9.478117437029372,-3.368306851948935e-14
186.50992366697466,-43.42360104674384,4.05543777377824,-4.486809910675136,9.482205321500333,-3.368306851948935e-14
186.51375952953842,-43.414004220116894,4.054695556990545,-4.487718534550286,9.486274269477594,0.0
186.5175887406479,-43.40440649641688,4.053956725330581,-4.488621493602572,9.490324302939491,-5.0524602779234026e-14
186.52141131408482,-43.394807877773474,4.053221274064448,-4.489518794435655,9.494355443860377,-5.0524602779234026e-14
186.5252272636223,-43.38520836631328,4.0524891984582485,-4.490410443669048,9.498367714210616,0.0
186.52903660302476,-43.37560796416031,4.051760493778082,-4.491296447938042,9.50236113595664,0.0
186.53283934604804,-43.36600667343549,4.051035155290051,-4.492176813893652,9.506335731060911,-3.368306851948935e-14
186.53663550643924,-43.35640449625717,4.050313178260256,-4.493051548202537,9.510291521481989,0.0
186.54042509793697,-43.3468014347407,4.049594557954797,-4.493920657546975,9.514228529174535,-3.368306851948935e-14
186.544208134271,-43.33719749099879,4.048879289639777,-4.494784148624748,9.5181467760893,-3.368306851948935e-14
186.54798462916273,-43.32759266714118,4.048167368581296,-4.495642028149141,9.522046284173143,-5.0524602779234026e-14
186.5517545963247,-43.31798696527504,4.047458790045455,-4.496494302848819,9.525927075369117,-5.0524602779234026e-14
186.55551804946097,-43.30838038750454,4.046753549298356,-4.497340979467816,9.529789171616384,-1.6841534259744676e-14
186.55927500226696,-43.298772935931304,4.046051641606097,-4.498182064765446,9.533632594850307,-3.368306851948935e-14
186.5630254684295,-43.28916461265396,4.045353062234783,-4.499017565516252,9.537457367002416,-3.368306851948935e-14
186.5667694616267,-43.279555419768656,4.044657806450513,-4.499847488509934,9.541263510000473,-1.6841534259744676e-14
186.57050699552826,-43.26994535936853,4.043965869519391,-4.500671840551309,9.545051045768426,-1.6841534259744676e-14
186.5742380837952,-43.26033443354421,4.043277246707513,-4.501490628460228,9.548819996226506,-1.6841534259744676e-14
186.57796274007993,-43.250722644383444,4.042591933280982,-4.502303859071536,9.552570383291158,-5.0524602779234026e-14
186.5816809780263,-43.24110999397138,4.041909924505901,-4.503111539234987,9.556302228875115,-3.368306851948935e-14
186.5853928112696,-43.23149648439033,4.041231215648369,-4.5039136758152125,9.560015554887388,-3.368306851948935e-14
186.58909825343653,-43.221882117720064,4.040555801974487,-4.504710275691632,9.563710383233296,-1.6841534259744676e-14
186.59279731814527,-43.21226689603749,4.039883678750359,-4.505501345758421,9.56738673581447,-5.0524602779234026e-14
186.59649001900536,-43.20265082141703,4.039214841242083,-4.506286892924427,9.57104463452887,0.0
186.60017636961786,-43.19303389593019,4.03854928471576,-4.507066924113135,9.574684101270812,1.6841534259744676e-14
186.60385638357525,-43.183416121646076,4.0378870044374935,-4.507841446262581,9.578305157930973,-1.6841534259744676e-14
186.6075300744615,-43.17379750063087,4.0372279956733825,-4.508610466325315,9.581907826396412,3.368306851948935e-14
186.61119745585196,-43.164178034948364,4.0365722536895285,-4.509373991268328,9.58549212855058,-1.6841534259744676e-14
186.61485854131354,-43.15455772665948,4.035919773752032,-4.5101320280729995,9.589058086273338,0.0
186.61851334440456,-43.14493657782269,4.035270551126995,-4.510884583735038,9.59260572144097,0.0
186.62216187867483,-43.13531459049367,4.034624581080521,-4.511631665264416,9.596135055926219,0.0
186.6258041576657,-43.125691766725666,4.033981858878706,-4.512373279685328,9.599646111598268,0.0
186.62944019490993,-43.116068108569095,4.033342379787651,-4.5131094340361155,9.603138910322787,-1.6841534259744676e-14
186.6330700039318,-43.10644361807203,4.032706139073464,-4.513840135369204,9.606613473961922,0.0
186.63669359824715,-43.0968182972797,4.032073132002241,-4.514565390751077,9.610069824374326,-3.368306851948935e-14
186.64031099136318,-43.08719214823494,4.031443353840081,-4.515285207262176,9.61350798341518,-3.368306851948935e-14
186.64392219677882,-43.07756517297786,4.030816799853089,-4.515999591996875,9.616927972936205,-5.0524602779234026e-14
186.64752722798426,-43.06793737354617,4.030193465307366,-4.516708552063406,9.620329814785645,-5.0524602779234026e-14
186.65112609846142,-43.0583087519748,4.029573345469009,-4.517412094583812,9.623713530808342,-1.6841534259744676e-14
186.65471882168362,-43.04867931029637,4.028956435604127,-4.518110226693874,9.627079142845684,-1.6841534259744676e-14
186.6583054111158,-43.03904905054072,4.028342730978812,-4.518802955543083,9.630426672735702,-5.0524602779234026e-14
186.66188588021436,-43.02941797473536,4.027732226859169,-4.519490288294535,9.633756142312997,1.6841534259744676e-14
186.66546024242732,-43.0197860849051,4.027124918511299,-4.520172232124937,9.637067573408823,-1.6841534259744676e-14
186.66902851119414,-43.010153383072385,4.026520801201305,-4.520848794224487,9.64036098785105,0.0
186.67259069994597,-43.00051987125697,4.025919870195285,-4.521519981796869,9.643636407464236,-5.0524602779234026e-14
186.67614682210538,-42.990885551476296,4.02532212075934,-4.522185802059156,9.646893854069585,-5.0524602779234026e-14
186.67969689108668,-42.981250425745095,4.024727548159575,-4.522846262241789,9.650133349485003,-1.6841534259744676e-14
186.68324092029553,-42.971614496075844,4.024136147662088,-4.52350136958849,9.653354915525094,1.6841534259744676e-14
186.68677892312937,-42.96197776447832,4.023547914532979,-4.524151131356238,9.656558574001181,0.0
186.69031091297708,-42.95234023296,4.022962844038351,-4.52479555481517,9.659744346721322,0.0
186.69383690321925,-42.94270190352572,4.022380931444306,-4.525434647248577,9.66291225549031,-3.368306851948935e-14
186.69735690722788,-42.93306277817805,4.021802172016941,-4.5260684159528015,9.666062322109717,-3.368306851948935e-14
186.70087093836682,-42.92342285891691,4.021226561022361,-4.526696868237217,9.669194568377883,-5.0524602779234026e-14
186.70437900999127,-42.91378214773996,4.020654093726667,-4.527320011424142,9.672309016089937,0.0
186.70788113544822,-42.904140646642254,4.020084765395957,-4.527937852848825,9.67540568703782,-3.368306851948935e-14
186.7113773280762,-42.894498357616605,4.019518571296334,-4.528550399859343,9.678484603010299,-3.368306851948935e-14
186.71486760120533,-42.88485528265317,4.0189555066939,-4.5291576598165815,9.681545785792968,-1.6841534259744676e-14
186.71835196815744,-42.87521142373994,4.018395566854755,-4.5297596400941655,9.684589257168277,-1.6841534259744676e-14
186.72183044224596,-42.86556678286229,4.017838747044999,-4.5303563480784055,9.687615038915546,-3.368306851948935e-14
186.7253030367759,-42.85592136200335,4.0172850425307365,-4.53094779116825,9.690623152810957,0.0
186.72876976504404,-42.84627516314372,4.016734448578063,-4.531533976775226,9.693613620627616,-1.6841534259744676e-14
186.73223064033863,-42.8366281882618,4.016186960453084,-4.53211491232337,9.696586464135518,0.0
186.73568567593978,-42.82698043933337,4.015642573421902,-4.532690605249212,9.699541705101584,0.0
186.73913488511906,-42.817331918332115,4.015101282750612,-4.5332610630016825,9.702479365289687,-5.0524602779234026e-14
186.74257828113983,-42.80768262722907,4.014563083705319,-4.53382629304208,9.705399466460635,-1.6841534259744676e-14
186.74601587725715,-42.79803256799319,4.014027971552124,-4.534386302844016,9.708302030372227,-1.6841534259744676e-14
186.74944768671762,-42.78838174259085,4.013495941557127,-4.534941099893354,9.711187078779211,-3.368306851948935e-14
186.75287372275966,-42.7787301529863,4.012966988986431,-4.535490691688163,9.714054633433364,-3.368306851948935e-14
186.7562939986133,-42.76907780114124,4.012441109106135,-4.53603508573866,9.71690471608346,-1.0104920555846805e-13
186.75970852750027,-42.75942468901524,4.011918297182341,-4.5365742895671595,9.7197373484753,-3.368306851948935e-14
186.76311732263403,-42.74977081856537,4.011398548481149,-4.53710831070802,9.722552552351724,-5.0524602779234026e-14
186.76652039721975,-42.7401161917466,4.010881858268661,-4.537637156707591,9.725350349452624,-5.0524602779234026e-14
186.76991776445428,-42.73046081051137,4.010368221810979,-4.538160835124164,9.728130761514965,-3.368306851948935e-14
186.77330943752617,-42.72080467681003,4.009857634374203,-4.538679353527911,9.730893810272796,-3.368306851948935e-14
186.77669542961578,-42.71114779259046,4.009350091224433,-4.53919271950085,9.733639517457256,-3.368306851948935e-14
186.78007575389512,-42.70149015979843,4.008845587627771,-4.5397009406367665,9.73636790479659,-3.368306851948935e-14
186.783450423528,-42.69183178037724,4.008344118850319,-4.540204024541189,9.739078994016191,-1.6841534259744676e-14
186.78681945166986,-42.68217265626815,4.0078456801581765,-4.540701978831311,9.741772806838568,-5.0524602779234026e-14
186.790182851468,-42.67251278940994,4.007350266817446,-4.541194811135967,9.744449364983389,-6.73661370389787e-14
186.79354063606138,-42.66285218173932,4.006857874094228,-4.541682529095555,9.747108690167499,1.6841534259744676e-14
186.79689281858086,-42.653190835190586,4.006368497254623,-4.542165140362009,9.74975080410491,-1.6841534259744676e-14
186.80023941214887,-42.64352875169599,4.005882131564733,-4.542642652598718,9.752375728506838,-1.6841534259744676e-14
186.80358042987982,-42.63386593318532,4.0053987722906585,-4.543115073480516,9.754983485081699,-5.0524602779234026e-14
186.8069158848797,-42.62420238158637,4.0049184146985,-4.543582410693583,9.757574095535151,-3.368306851948935e-14
186.81024579024637,-42.614538098824504,4.00444105405436,-4.544044671935433,9.760147581570067,-3.368306851948935e-14
186.81357015906954,-42.604873086823076,4.003966685624338,-4.544501864914848,9.762703964886583,-3.368306851948935e-14
186.81688900443058,-42.595207347503035,4.003495304674536,-4.54495399735182,9.765243267182093,-3.368306851948935e-14
186.82020233940278,-42.58554088278336,4.003026906471056,-4.545401076977523,9.767765510151278,-5.0524602779234026e-14
186.82351017705116,-42.57587369458058,4.002561486279997,-4.545843111534238,9.770270715486099,-5.0524602779234026e-14
186.82681253043256,-42.56620578480929,4.002099039367461,-4.546280108775312,9.772758904875833,-1.6841534259744676e-14
186.8301094125957,-42.5565371553817,4.001639560999548,-4.546712076465117,9.775230100007066,-3.368306851948935e-14
186.83340083658103,-42.54686780820803,4.001183046442361,-4.547139022378985,9.77768432256373,-1.6841534259744676e-14
186.8366868154209,-42.53719774519615,4.000729490962001,-4.547560954303171,9.780121594227086,-1.6841534259744676e-14
186.83996736213945,-42.527526968252005,4.000278889824568,-4.547977880034797,9.782541936675777,-3.368306851948935e-14
186.84324248975267,-42.51785547927911,3.9998312382961623,-4.548389807381806,9.784945371585797,-1.6841534259744676e-14
186.84651221126842,-42.50818328017914,3.999386531642887,-4.548796744162902,9.787331920630539,-1.6841534259744676e-14
186.8497765396864,-42.49851037285134,3.9989447651308416,-4.549198698207515,9.789701605480802,-5.0524602779234026e-14
186.85303548799814,-42.4888367591931,3.9985059340261278,-4.549595677355751,9.792054447804787,0.0
186.85628906918714,-42.479162441099426,3.998070033594847,-4.54998768945833,9.794390469268123,-1.6841534259744676e-14
186.85953729622858,-42.46948742046346,3.997637059103099,-4.5503747423765475,9.796709691533891,-5.0524602779234026e-14
186.8627801820897,-42.459811699175994,3.9972070058169873,-4.550756843982225,9.799012136262613,-3.368306851948935e-14
