galstreams/tracks/track.st.NGC5466.jensen2021.ecsv
# %ECSV 0.9
# ---
# datatype:
# - {name: ra, unit: deg, datatype: float64}
# - {name: dec, unit: deg, datatype: float64}
# - {name: distance, unit: kpc, datatype: float64}
# - {name: pm_ra_cosdec, unit: mas / yr, datatype: float64}
# - {name: pm_dec, unit: mas / yr, datatype: float64}
# - {name: radial_velocity, unit: km / s, datatype: float64}
# delimiter: ','
# meta: !!omap
# - __serialized_columns__:
#     dec:
#       __class__: astropy.coordinates.angles.Latitude
#       unit: &id001 !astropy.units.Unit {unit: deg}
#       value: !astropy.table.SerializedColumn {name: dec}
#     distance:
#       __class__: astropy.coordinates.distances.Distance
#       unit: !astropy.units.Unit {unit: kpc}
#       value: !astropy.table.SerializedColumn {name: distance}
#     pm_dec:
#       __class__: astropy.units.quantity.Quantity
#       unit: !astropy.units.Unit {unit: mas / yr}
#       value: !astropy.table.SerializedColumn {name: pm_dec}
#     pm_ra_cosdec:
#       __class__: astropy.units.quantity.Quantity
#       unit: !astropy.units.Unit {unit: mas / yr}
#       value: !astropy.table.SerializedColumn {name: pm_ra_cosdec}
#     ra:
#       __class__: astropy.coordinates.angles.Longitude
#       unit: *id001
#       value: !astropy.table.SerializedColumn {name: ra}
#       wrap_angle: !astropy.coordinates.Angle
#         unit: *id001
#         value: 360.0
#     radial_velocity:
#       __class__: astropy.units.quantity.Quantity
#       unit: !astropy.units.Unit {unit: km / s}
#       value: !astropy.table.SerializedColumn {name: radial_velocity}
# schema: astropy-2.0
ra,dec,distance,pm_ra_cosdec,pm_dec,radial_velocity
[from data line 2449]
218.58854211185363,24.99985269875618,14.818446689781815,-6.042066098362788,-0.4906278944721105,2.934815481878759e-05
218.59815177396936,24.994921905354857,14.816819759569674,-6.0430036542652825,-0.49018597738111575,2.941192294939404e-05
218.60776082342488,24.989990730422694,14.815195497685632,-6.0439413386522425,-0.48974407339746173,2.947574553710152e-05
218.61736926039998,24.985059174126462,14.813573904129703,-6.044879151541439,-0.48930218253612473,2.9539622192449553e-05
218.62697708507437,24.980127236632907,14.81195497890188,-6.045817092950644,-0.48886030481209297,2.9603552736496833e-05
218.63658429762785,24.975194918108777,14.810338722002163,-6.046755162897631,-0.4884184402403743,2.9667537767117823e-05
218.64619089824023,24.970262218720787,14.808725133430556,-6.047693361400166,-0.48797658883597983,2.9731576854853405e-05
218.6557968870913,24.96532913863563,14.807114213187058,-6.048631688476022,-0.4875347506139366,2.979567015548777e-05
218.66540226436092,24.960395678020024,14.805505961271665,-6.049570144142965,-0.48709292558928463,2.9859817913223166e-05
218.67500703022895,24.955461837040612,14.80390037768438,-6.050508728418768,-0.48665111377707276,2.992401976386141e-05
218.68461118487525,24.95052761586406,14.802297462425202,-6.051447441321187,-0.48620931519236593,2.9988276086337025e-05
218.69421472847978,24.945593014657,14.800697215494136,-6.052386282867993,-0.4857675298502364,3.005258665539449e-05
218.70381766122242,24.940658033586054,14.799099636891176,-6.053325253076946,-0.4853257577657742,3.0116951689973753e-05
218.71341998328313,24.93572267281783,14.797504726616317,-6.054264351965816,-0.4848839989540769,3.018137112060348e-05
218.7230216948419,24.93078693251891,14.795912484669572,-6.055203579552353,-0.4844422534302552,3.0245845037806923e-05
218.7326227960787,24.92585081285586,14.794322911050934,-6.056142935854327,-0.4840005212094324,3.031037332158815e-05
218.74222328717352,24.92091431399524,14.792736005760402,-6.057082420889492,-0.4835588023067445,3.0374956230885748e-05
218.75182316830646,24.915977436103585,14.791151768797976,-6.0580220346756075,-0.4831170967373381,3.043959352570785e-05
218.76142243965754,24.91104017934741,14.78957020016366,-6.058961777230432,-0.4826754045163728,3.0504285456572288e-05
218.77102110140683,24.906102543893223,14.78799129985745,-6.059901648571717,-0.48223372565902134,3.0569032151895754e-05
218.78061915373445,24.901164529907504,14.786415067879348,-6.060841648717221,-0.48179206018046444,3.063383336537081e-05
218.7902165968205,24.896226137556734,14.784841504229352,-6.061781777684698,-0.48135040809590074,3.0698689059104e-05
218.79981343084515,24.891287367007347,14.783270608907465,-6.062722035491897,-0.48090876942053495,3.076359951308584e-05
218.80940965598853,24.8863482184258,14.78170238191368,-6.063662422156575,-0.48046714416959035,3.082856466416057e-05
218.81900527243084,24.88140869197849,14.780136823248007,-6.064602937696474,-0.4800255323582972,3.089358464074489e-05
218.82860028035228,24.87646878783183,14.778573932910442,-6.065543582129349,-0.47958393400190036,3.0958659291265e-05
218.83819467993308,24.871528506152195,14.777013710900983,-6.066484355472948,-0.4791423491156538,3.1023788725190856e-05
218.8477884713535,24.86658784710598,14.775456157219628,-6.067425257745018,-0.4787007777148291,3.10889729867315e-05
218.85738165479378,24.8616468108595,14.773901271866382,-6.068366288963302,-0.47825921981470415,3.11542121853569e-05
218.86697423043427,24.856705397579123,14.772349054841241,-6.069307449145549,-0.47781767543057363,3.121950617580882e-05
218.8765661984552,24.851763607431142,14.770799506144211,-6.070248738309498,-0.47737614457774014,3.128485506334685e-05
218.88615755903692,24.846821440581877,14.769252625775284,-6.0711901564728965,-0.47693462727152197,3.1350259113225155e-05
218.89574831235984,24.841878897197596,14.767708413734468,-6.072131703653481,-0.47649312352724715,3.141571794440403e-05
218.90533845860426,24.836935977444583,14.766166870021756,-6.073073379868997,-0.4760516333602581,3.1481231805296094e-05
218.91492799795066,24.831992681489083,14.764627994637152,-6.0740151851371795,-0.47561015678590646,3.154680071905846e-05
218.92451693057936,24.827049009497323,14.76309178758065,-6.074957119475771,-0.47516869381956006,3.161242480779226e-05
218.93410525667085,24.822104961635524,14.761558248852259,-6.075899182902505,-0.47472724447659204,3.1678103820979656e-05
218.94369297640563,24.817160538069896,14.760027378451975,-6.076841375435116,-0.47428580877239607,3.174383786388025e-05
218.95328008996407,24.812215738966614,14.758499176379797,-6.077783697091345,-0.4738443867223723,3.180962730069221e-05
218.96286659752673,24.807270564491848,14.756973642635723,-6.07872614788892,-0.4734029783419357,3.187547181563678e-05
218.97245249927414,24.80232501481175,14.755450777219764,-6.079668727845576,-0.47296158364651075,3.194137148450086e-05
218.98203779538684,24.79737909009245,14.753930580131904,-6.080611436979048,-0.47252020265153805,3.200732652201401e-05
218.99162248604537,24.79243279050007,14.752413051372148,-6.081554275307061,-0.47207883537246453,3.2073336818706256e-05
219.00120657143032,24.787486116200714,14.750898190940505,-6.082497242847351,-0.47163748182475623,3.213940227142321e-05
219.0107900517223,24.782539067360457,14.749385998836964,-6.083440339617638,-0.47119614202388815,3.2205523107525566e-05
219.02037292710187,24.77759164414537,14.74787647506153,-6.0843835656356555,-0.4707548159853453,3.2271699533322134e-05
219.0299551977498,24.772643846721504,14.746369619614203,-6.085326920919128,-0.47031350372462527,3.2337931018304584e-05
219.03953686384665,24.767695675254892,14.744865432494983,-6.086270405485779,-0.4698722052572449,3.240421815192661e-05
219.0491179255731,24.76274712991156,14.743363913703867,-6.087214019353336,-0.4694309205987235,3.2470560786824786e-05
219.05869838310997,24.757798210857498,14.741865063240862,-6.088157762539519,-0.468989649764596,3.253695866406053e-05
219.06827823663787,24.752848918258685,14.740368881105955,-6.089101635062056,-0.468548392770413,3.260341228256429e-05
219.0778574863376,24.7478992522811,14.738875367299162,-6.090045636938658,-0.4681071496317341,3.266992139813382e-05
219.0874361323899,24.7429492130907,14.73738452182047,-6.090989768187051,-0.46766592036413107,3.27364859118251e-05
219.09701417497556,24.73799880085339,14.735896344669888,-6.091934028824953,-0.467224704983188,3.2803106326778976e-05
219.1065916142754,24.733048015735122,14.734410835847408,-6.092878418870082,-0.4667835035045029,3.286978215248576e-05
219.1161684504702,24.728096857901765,14.732927995353036,-6.093822938340154,-0.4663423159436831,3.293651393208492e-05
219.12574468374092,24.723145327519234,14.73144782318677,-6.0947675872528855,-0.4659011423163516,3.3003301246643315e-05
219.13532031426834,24.71819342475337,14.729970319348608,-6.095712365625985,-0.4654599826381394,3.307014414458033e-05
219.14489534223335,24.71324114977004,14.728495483838556,-6.096657273477173,-0.4650188369246943,3.3137043030092806e-05
219.1544697678169,24.708288502735073,14.72702331665661,-6.097602310824158,-0.46457770519167413,3.3203997608453894e-05
219.16404359119986,24.703335483814286,14.725553817802766,-6.098547477684656,-0.4641365874547456,3.327100802492181e-05
219.17361681256327,24.698382093173475,14.724086987277028,-6.09949277407637,-0.46369548372959496,3.3338074285812146e-05
219.183189432088,24.693428330978435,14.722622825079398,-6.100438200017013,-0.46325439403191465,3.340519641217681e-05
219.19276144995507,24.688474197394928,14.721161331209872,-6.101383755524292,-0.4628133183774131,3.347237465874401e-05
219.2023328663455,24.683519692588703,14.719702505668453,-6.102329440615914,-0.46237225678180854,3.353960880867899e-05
219.21190368144036,24.678564816725498,14.718246348455136,-6.103275255309586,-0.4619312092608301,3.3606898874612916e-05
219.22147389542064,24.673609569971024,14.716792859569926,-6.104221199623014,-0.4614901758302214,3.367424479970559e-05
219.23104350846742,24.66865395249099,14.715342039012826,-6.1051672735738975,-0.4610491565057415,3.374164706604594e-05
219.2406125207618,24.663697964451075,14.713893886783827,-6.106113477179941,-0.4606081513031585,3.380910527364753e-05
219.2501809324849,24.65874160601695,14.712448402882934,-6.107059810458848,-0.46016716023824833,3.387661952355955e-05
219.25974874381785,24.65378487735427,14.71100558731015,-6.108006273428314,-0.45972618332680526,3.394419008945695e-05
219.26931595494176,24.648827778628664,14.709565440065466,-6.108952866106046,-0.45928522058463667,3.401181676713612e-05
219.27888256603785,24.643870310005752,14.70812796114889,-6.109899588509736,-0.45884427202755496,3.407949961764762e-05
219.28844857728728,24.638912471651135,14.706693150560419,-6.110846440657085,-0.45840333767139274,3.414723863678107e-05
219.29801398887125,24.633954263730402,14.705261008300056,-6.111793422565784,-0.45796241753199224,3.421503415084119e-05
219.30757880097102,24.628995686409112,14.703831534367794,-6.112740534253536,-0.457521511625205,3.4282885896679014e-05
219.3171430137678,24.62403673985283,14.70240472876364,-6.113687775738027,-0.45708061996689686,3.4350793796402445e-05
219.32670662744292,24.619077424227083,14.70098059148759,-6.114635147036958,-0.4566397425729471,3.441875811316045e-05
219.33626964217757,24.61411773969739,14.699559122539645,-6.115582648168019,-0.4561988794592477,3.448677893747628e-05
219.34583205815315,24.609157686429253,14.698140321919809,-6.1165302791488925,-0.45575803064170306,3.45548563051382e-05
219.35539387555093,24.604197264588155,14.69672418962807,-6.11747803999728,-0.4553171961362228,3.462298998036473e-05
219.3649550945523,24.599236474339587,14.695310725664443,-6.118425930730863,-0.4548763759587375,3.4691180158938695e-05
219.3745157153386,24.59427531584897,14.693899930028916,-6.119373951367335,-0.45443557012518776,3.475942688927951e-05
219.38407573809118,24.589313789281757,14.692491802721493,-6.120322101924378,-0.4539947786515266,3.482773029559349e-05
219.3936351629915,24.58435189480337,14.691086343742185,-6.121270382419677,-0.4535540015537167,3.489609021788607e-05
219.40319399022098,24.579389632579204,14.689683553090969,-6.122218792870924,-0.45311323884773413,3.4964506767732405e-05
219.41275221996105,24.57442700277465,14.688283430767866,-6.123167333295795,-0.4526724905495687,3.503297990092347e-05
219.4223098523932,24.569464005555083,14.686885976772864,-6.1241160037119755,-0.45223175667522386,3.5101509796400564e-05
219.43186688769887,24.564500641085843,14.685491191105967,-6.125064804137146,-0.45179103724071157,3.517009631732622e-05
219.44142332605958,24.55953690953228,14.684099073767175,-6.126013734588988,-0.4513503322620585,3.523873989947515e-05
219.45097916765684,24.554572811059707,14.682709624756495,-6.126962795085179,-0.45090964175530196,3.530743999128709e-05
219.46053441267222,24.54960834583343,14.681322844073911,-6.127911985643403,-0.4504689657364925,3.5376196978012136e-05
219.47008906128727,24.54464351401874,14.679938731719432,-6.1288613062813315,-0.4500283042216973,3.54450110154345e-05
219.47964311368355,24.539678315780904,14.678557287693057,-6.129810757016642,-0.4495876572269868,3.5513881819353266e-05
219.48919657004268,24.534712751285177,14.677178511994791,-6.13076033786701,-0.44914702476845036,3.558280950134362e-05
219.49874943054627,24.529746820696797,14.675802404624626,-6.1317100488501115,-0.4487064068621896,3.565179422982089e-05
219.50830169537596,24.524780524180997,14.674428965582567,-6.1326598899836195,-0.4482658035243129,3.5720835823738594e-05
219.51785336471343,24.51981386190296,14.673058194868611,-6.133609861285203,-0.4478252147709497,3.578993452308858e-05
219.52740443874032,24.514846834027892,14.671690092482761,-6.134559962772537,-0.44738464061823585,3.585909025208396e-05
219.53695491763833,24.509879440720958,14.670324658425017,-6.135510194463286,-0.44694408108231987,3.5928303183350454e-05
219.54650480158918,24.504911682147316,14.668961892695371,-6.136460556375126,-0.4465035361793648,3.599757315478829e-05
219.5560540907746,24.499943558472104,14.667601795293837,-6.1374110485257205,-0.4460630059255419,3.6066900267446674e-05
219.56560278537634,24.494975069860452,14.666244366220402,-6.1383616709327375,-0.44562249033704243,3.6136284708687684e-05
219.5751508855762,24.490006216477454,14.66488960547507,-6.139312423613844,-0.44518198943006276,3.620572621115196e-05
219.58469839155592,24.485036998488205,14.66353751305785,-6.1402633065867,-0.44474150322081424,3.62752251327221e-05
219.59424530349736,24.48006741605779,14.662188088968726,-6.141214319868978,-0.4443010317255211,3.6344781334455445e-05
219.60379162158233,24.475097469351255,14.66084133320771,-6.142165463478335,-0.44386057496041925,3.6414394772142975e-05
219.61333734599268,24.470127158533636,14.659497245774794,-6.143116737432438,-0.44342013294175453,3.648406550473006e-05
219.62288247691023,24.465156483769963,14.658155826669985,-6.144068141748937,-0.4429797056857942,3.655379379957605e-05
219.63242701451694,24.46018544522525,14.656817075893285,-6.1450196764455,-0.44253929320880586,3.662357944826696e-05
219.64197095899462,24.455214043064483,14.655480993444682,-6.145971341539785,-0.442098895527079,3.6693422697110233e-05
219.6515143105253,24.450242277452638,14.65414757932418,-6.146923137049451,-0.4416585126569086,3.6763323261904976e-05
219.66105706929085,24.445270148554663,14.652816833531789,-6.147875062992147,-0.4412181446146064,3.683328138685343e-05
219.67059923547322,24.44029765653552,14.651488756067499,-6.148827119385539,-0.4407777914164956,3.6903297295105935e-05
219.68014080925448,24.43532480156013,14.65016334693131,-6.149779306247275,-0.440337453078911,3.697337055720336e-05
219.68968179081654,24.43035158379338,14.648840606123228,-6.150731623595012,-0.4398971296182009,3.7043501509976394e-05
219.69922218034142,24.425378003400194,14.64752053364325,-6.1516840714463985,-0.43945682105072525,3.711369016184579e-05
219.70876197801118,24.42040406054544,14.646203129491372,-6.15263664981909,-0.43901652739285596,3.71839366096504e-05
219.71830118400788,24.41542975539396,14.644888393667602,-6.153589358730736,-0.438576248660979,3.72542406723437e-05
219.72783979851357,24.410455088110616,14.643576326171933,-6.154542198198982,-0.4381359848714917,3.732460254781373e-05
219.73737782171034,24.40548005886024,14.64226692700437,-6.155495168241483,-0.43769573604080314,3.7395022265533184e-05
219.74691525378032,24.40050466780763,14.64096019616491,-6.1564482688758835,-0.437255502185336,3.746550000444335e-05
219.75645209490563,24.395528915117584,14.639656133653551,-6.157401500119827,-0.4368152833215249,3.7536035400346054e-05
219.7659883452684,24.39055280095489,14.638354739470296,-6.158354861990964,-0.43637507946581666,3.76066287079695e-05
219.7755240050508,24.385576325484294,14.637056013615146,-6.159308354506935,-0.43593489063467156,3.767728016730555e-05
219.78505907443503,24.38059948887056,14.635759956088098,-6.160261977685385,-0.4354947168445618,3.774798937626259e-05
219.79459355360328,24.37562229127839,14.634466566889152,-6.161215731543958,-0.4350545581119713,3.781875670745954e-05
219.80412744273778,24.370644732872528,14.63317584601831,-6.162169616100293,-0.434614414453396,3.788958211037181e-05
219.81366074202072,24.365666813817658,14.631887793475574,-6.163123631372032,-0.43417428588534784,3.796046561026171e-05
219.82319345163444,24.360688534278456,14.630602409260938,-6.1640777773768125,-0.43373417242434414,3.803140708923848e-05
219.8327255717611,24.355709894419597,14.629319693374406,-6.165032054132272,-0.43329407408692666,3.810240696202491e-05
219.84225710258312,24.35073089440572,14.628039645815976,-6.165986461656052,-0.43285399088963544,3.817346484337092e-05
219.85178804428273,24.34575153440146,14.626762266585649,-6.166940999965786,-0.43241392284903246,3.824458106800198e-05
219.86131839704225,24.340771814571433,14.62548755568343,-6.167895669079107,-0.43197386998168963,3.83157555601312e-05
