galstreams/tracks/track.st.Ophiuchus.ibata2024.ecsv
# %ECSV 1.0
# ---
# datatype:
# - {name: ra, unit: deg, datatype: float64}
# - {name: dec, unit: deg, datatype: float64}
# - {name: distance, unit: kpc, datatype: float64}
# - {name: pm_ra_cosdec, unit: mas / yr, datatype: float64}
# - {name: pm_dec, unit: mas / yr, datatype: float64}
# - {name: radial_velocity, unit: km / s, datatype: float64}
# delimiter: ','
# meta: !!omap
# - __serialized_columns__:
#     dec:
#       __class__: astropy.coordinates.angles.Latitude
#       unit: &id001 !astropy.units.Unit {unit: deg}
#       value: !astropy.table.SerializedColumn {name: dec}
#     distance:
#       __class__: astropy.coordinates.distances.Distance
#       unit: !astropy.units.Unit {unit: kpc}
#       value: !astropy.table.SerializedColumn {name: distance}
#     pm_dec:
#       __class__: astropy.units.quantity.Quantity
#       unit: !astropy.units.Unit {unit: mas / yr}
#       value: !astropy.table.SerializedColumn {name: pm_dec}
#     pm_ra_cosdec:
#       __class__: astropy.units.quantity.Quantity
#       unit: !astropy.units.Unit {unit: mas / yr}
#       value: !astropy.table.SerializedColumn {name: pm_ra_cosdec}
#     ra:
#       __class__: astropy.coordinates.angles.Longitude
#       unit: *id001
#       value: !astropy.table.SerializedColumn {name: ra}
#       wrap_angle: !astropy.coordinates.Angle
#         unit: *id001
#         value: 360.0
#     radial_velocity:
#       __class__: astropy.units.quantity.Quantity
#       unit: !astropy.units.Unit {unit: km / s}
#       value: !astropy.table.SerializedColumn {name: radial_velocity}
# schema: astropy-2.0
ra,dec,distance,pm_ra_cosdec,pm_dec,radial_velocity
237.68739899819155,-11.436316705327458,1.0000000000000044,-4.942815898811297,-4.28322156508123,-246.44433006178176
237.69395944704303,-11.419009028184734,1.0000000000000044,-4.931727868730935,-4.283979361561293,-243.90501393547325
237.70052866395235,-11.401743268844227,1.0000000000000044,-4.92069832989592,-4.284735213547871,-241.37344193822798
237.70710663894272,-11.384519383138004,1.0000000000000042,-4.909727200351643,-4.285489122880953,-238.84960280242203
237.71369336205336,-11.36733732689717,1.0000000000000042,-4.898814398141699,-4.2862410914220375,-236.3334852604328
237.72028882333933,-11.350197055951794,1.0000000000000042,-4.887959841308252,-4.286991121053958,-233.82507804463674
237.72689301287176,-11.33309852613092,1.0000000000000044,-4.877163447891839,-4.287739213680695,-231.32436988741094
237.7335059207375,-11.316041693262616,1.0000000000000042,-4.866425135931227,-4.288485371227203,-228.8313495211321
237.74012753703894,-11.299026513173974,1.0000000000000042,-4.855744823463798,-4.289229595639237,-226.34600567817728
237.74675785189433,-11.282052941691068,1.0000000000000044,-4.845122428525109,-4.289971888883176,-223.8683270909231
237.75339685543707,-11.265120934639043,1.000000000000004,-4.834557869149251,-4.290712252945844,-221.39830249174656
237.76004453781607,-11.248230447842088,1.000000000000004,-4.824051063368639,-4.291450689834361,-218.93592061302448
237.7667008891955,-11.231381437123407,1.000000000000004,-4.8136019292141405,-4.292187201575939,-216.48117018713367
237.7733658997547,-11.21457385830531,1.000000000000004,-4.803210384714927,-4.292921790217743,-214.034039946451
237.780039559688,-11.197807667209164,1.000000000000004,-4.792876347898595,-4.293654457826698,-211.5945186233535
237.78672185920468,-11.181082819655387,1.0000000000000042,-4.782599736791248,-4.294385206489323,-209.16259495021774
237.79341278852894,-11.164399271463532,1.0000000000000042,-4.772380469417172,-4.29511403831158,-206.7382576594209
237.80011233789958,-11.147756978452248,1.0000000000000038,-4.762218463799236,-4.29584095541869,-204.3214954833392
237.80682049757027,-11.131155896439248,1.0000000000000038,-4.752113637958642,-4.29656595995497,-201.91229715435034
237.81353725780903,-11.114595981241413,1.0000000000000038,-4.742065909914954,-4.297289054083679,-199.5106514048306
237.82026260889836,-11.098077188674742,1.000000000000004,-4.732075197686177,-4.298010239986835,-197.11654696715723
237.82699654113523,-11.081599474554345,1.0000000000000038,-4.722141419288702,-4.298729519865075,-194.72997257370633
237.83373904483074,-11.065162794694507,1.000000000000004,-4.7122644927373685,-4.299446895937466,-192.35091695685577
237.84049011031016,-11.048767104908672,1.0000000000000038,-4.70244433604528,-4.300162370441369,-189.97936884898158
237.84724972791284,-11.032412361009412,1.0000000000000036,-4.6926808672241425,-4.3008759456322565,-187.6153169824612
237.85401788799214,-11.01609851880851,1.0000000000000036,-4.68297400428388,-4.301587623783572,-185.25875008967097
237.86079458091513,-10.999825534116935,1.0000000000000033,-4.673323665232916,-4.302297407186562,-182.90965690298802
237.8675797970628,-10.983593362744802,1.0000000000000036,-4.663729768078104,-4.303005298150098,-180.56802615478946
237.8743735268298,-10.967401960501475,1.0000000000000036,-4.654192230824606,-4.303711299000566,-178.23384657745166
237.88117576062416,-10.95125128319552,1.0000000000000038,-4.644710971476091,-4.304415412081664,-175.90710690335186
237.88798648886757,-10.935141286634693,1.0000000000000038,-4.635285908034632,-4.305117639754275,-173.58779586486654
237.89480570199518,-10.919071926626005,1.0000000000000033,-4.6259169585005875,-4.3058179843963025,-171.27590219437292
237.9016333904552,-10.903043158975711,1.0000000000000033,-4.616604040872858,-4.306516448402508,-168.97141462424753
237.90846954470922,-10.887054939489275,1.0000000000000033,-4.607347073148727,-4.307213034184375,-166.67432188686738
237.91531415523184,-10.87110722397144,1.0000000000000033,-4.598145973323859,-4.307907744169945,-164.3846127146093
237.92216721251071,-10.855199968226229,1.000000000000003,-4.589000659392305,-4.30860058080367,-162.10227583985034
237.9290287070465,-10.839333128056882,1.0000000000000033,-4.579911049346613,-4.309291546546259,-159.82729999496698
237.93589862935247,-10.823506659265972,1.0000000000000033,-4.570877061177729,-4.309980643874537,-157.55967391233654
237.94277696995482,-10.80772051765535,1.0000000000000033,-4.561898612874902,-4.310667875281287,-155.29938632433522
237.94966371939233,-10.791974659026135,1.000000000000003,-4.552975622425999,-4.311353243275104,-153.04642596334065
237.9565588682164,-10.776269039178775,1.000000000000003,-4.544108007817103,-4.312036750380241,-150.80078156172902
237.96346240699074,-10.76060361391305,1.0000000000000033,-4.53529568703283,-4.312718399136483,-148.56244185187754
237.97037432629165,-10.744978339028007,1.000000000000003,-4.526538578056238,-4.31339819209898,-146.33139556616288
237.9772946167076,-10.729393170322076,1.0000000000000033,-4.517836598868671,-4.31407613183811,-144.10763143696227
237.9842232688392,-10.71384806359302,1.0000000000000033,-4.509189667450057,-4.314752220939337,-141.891138196652
237.99116027329933,-10.698342974637908,1.000000000000003,-4.500597701778652,-4.3154264620030665,-139.6819045776094
237.9981056207128,-10.68287785925321,1.000000000000003,-4.492060619831152,-4.316098857644501,-137.47991931221094
238.0050593017163,-10.667452673234752,1.0000000000000029,-4.483578339582689,-4.316769410493493,-135.28517113283377
238.01202130695867,-10.6520673723777,1.0000000000000029,-4.475150779006771,-4.317438123194422,-133.09764877185467
238.0189916271001,-10.636721912476638,1.0000000000000029,-4.466777856075447,-4.318104998406033,-130.91734096165047
238.02597025281267,-10.621416249325533,1.0000000000000029,-4.458459488759093,-4.318770038801307,-128.74423643459787
238.03295717478014,-10.606150338717715,1.0000000000000029,-4.450195595026548,-4.3194332470673285,-126.57832392307404
238.03995238369765,-10.590924136445954,1.0000000000000029,-4.441986092845072,-4.320094625905132,-124.41959215945555
238.04695587027177,-10.575737598302432,1.0000000000000029,-4.433830900180364,-4.32075417802958,-122.26802987611934
238.05396762522045,-10.560590680078718,1.0000000000000029,-4.425729934996582,-4.3214119061692156,-120.12362580544252
238.06098763927298,-10.545483337565845,1.0000000000000027,-4.417683115256242,-4.322067813066136,-117.98636867980133
238.06801590316957,-10.530415526554274,1.0000000000000027,-4.409690358920393,-4.3227219014758465,-115.85624723157343
238.07505240766184,-10.515387202833882,1.0000000000000027,-4.401751583948428,-4.323374174167139,-113.73325019313492
238.0820971435122,-10.500398322194034,1.0000000000000027,-4.393866708298257,-4.324024633921947,-111.61736629686331
238.089150101494,-10.48544884042355,1.0000000000000027,-4.386035649926168,-4.3246732835352155,-109.50858427513484
238.0962112723916,-10.470538713310683,1.0000000000000027,-4.3782583267869,-4.325320125814782,-107.40689286032696
238.10328064699993,-10.455667896643199,1.0000000000000027,-4.370534656833682,-4.325965163581227,-105.31228078481574
238.1103582161247,-10.440836346208343,1.0000000000000027,-4.362864558018094,-4.326608399667748,-103.22473678097892
238.11744397058217,-10.426044017792819,1.0000000000000024,-4.355247948290258,-4.327249836920041,-101.1442495811928
238.1245379011993,-10.411290867182856,1.0000000000000027,-4.347684745598639,-4.327889478196157,-99.07080791783454
238.13163999881309,-10.396576850164202,1.0000000000000024,-4.340174867890247,-4.328527326366382,-97.0044005232805
238.1387502542714,-10.38190192252207,1.0000000000000024,-4.332718233110465,-4.32916338431311,-94.9450161299082
238.14586865843205,-10.36726604004123,1.0000000000000027,-4.325314759203132,-4.329797654930702,-92.89264347009386
238.15299520216314,-10.352669158505991,1.0000000000000022,-4.317964364110566,-4.330430141125383,-90.84727127621487
238.1601298763429,-10.338111233700149,1.0000000000000024,-4.31066696577354,-4.3310608458151,-88.80888828064774
238.16727267185956,-10.32359222140709,1.0000000000000027,-4.30342248213123,-4.331689771929395,-86.77748321576956
238.17442357961156,-10.309112077409718,1.0000000000000022,-4.296230831121274,-4.332316922409301,-84.75304481395689
238.18158259050685,-10.294670757490515,1.0000000000000022,-4.289091930679824,-4.332942300207188,-82.73556180758683
238.18874969546354,-10.280268217431514,1.0000000000000022,-4.282005698741399,-4.333565908286669,-80.72502292903613
238.19592488540914,-10.265904413014347,1.0000000000000022,-4.274972053239067,-4.334187749622458,-78.72141691068171
238.20310815128124,-10.251579300020174,1.0000000000000022,-4.267990912104242,-4.334807827200263,-76.72473248490023
238.21029948402665,-10.237292834229796,1.0000000000000022,-4.261062193266889,-4.335426144016653,-74.73495838406869
238.21749887460203,-10.223044971423562,1.0000000000000022,-4.254185814655376,-4.336042703078945,-72.75208334056418
238.22470631397314,-10.208835667381452,1.0000000000000022,-4.247361694196572,-4.336657507405082,-70.77609608676322
238.23192179311525,-10.194664877883051,1.0000000000000024,-4.240589749815777,-4.3372705600235175,-68.80698535504266
238.239145303013,-10.180532558707535,1.000000000000002,-4.233869899436784,-4.337881863973092,-66.84473987777939
238.2463768346602,-10.166438665633724,1.000000000000002,-4.227202060981808,-4.338491422302917,-64.88934838735054
238.25361637905962,-10.152383154440075,1.000000000000002,-4.220586152371581,-4.339099238072269,-62.9407996161326
238.2608639272235,-10.13836598090464,1.000000000000002,-4.21402209152523,-4.339705314350452,-60.99908229650276
238.26811947017265,-10.124387100805153,1.000000000000002,-4.207509796360442,-4.3403096542167,-59.06418516083755
238.27538299893706,-10.110446469918998,1.000000000000002,-4.201049184793286,-4.340912260760058,-57.13609694151393
238.28265450455555,-10.09654404402317,1.000000000000002,-4.194640174738357,-4.341513137079264,-55.214806370908946
238.28993397807562,-10.082679778894377,1.000000000000002,-4.188282684108709,-4.342112286282638,-53.30030218139925
238.29722141055353,-10.068853630308986,1.000000000000002,-4.181976630815848,-4.3427097114879665,-51.392573105361635
238.30451679305435,-10.055065554043015,1.000000000000002,-4.175721932769774,-4.343305415822397,-49.49160787517321
238.31182011665135,-10.041315505872188,1.0000000000000018,-4.169518507878976,-4.343899402422316,-47.597395223210476
238.31913137242654,-10.027603441571927,1.0000000000000018,-4.163366274050391,-4.3444916744332485,-45.70992388185066
238.32645055147046,-10.013929316917315,1.000000000000002,-4.157265149189448,-4.345082235009742,-43.829182583470306
238.33377764488176,-10.000293087683172,1.000000000000002,-4.151215051200062,-4.345671087315257,-41.95516006044645
238.34111264376753,-9.98669470964403,1.0000000000000018,-4.1452158979846105,-4.346258234522058,-40.08784504515591
238.3484555392431,-9.973134138574101,1.0000000000000018,-4.13926760744397,-4.3468436798111085,-38.22722626997551
238.35580632243185,-9.959611330247354,1.0000000000000018,-4.133370097477496,-4.347427426371956,-36.373292467282226
238.36316498446527,-9.946126240437488,1.0000000000000016,-4.127523285983028,-4.3480094774026306,-34.52603236945277
238.3705315164829,-9.932678824917902,1.000000000000002,-4.121727090856902,-4.348589836109536,-32.6854347088639
238.3779059096323,-9.919269039461781,1.0000000000000016,-4.115981429993925,-4.349168505707349,-30.85148821789271
238.38528815506876,-9.905896839842045,1.0000000000000013,-4.110286221287394,-4.349745489418901,-29.024181628916033
238.3926782439555,-9.89256218183134,1.0000000000000016,-4.104641382629119,-4.350320790475086,-27.203503674310642
238.4000761674634,-9.87926502120212,1.0000000000000016,-4.0990468319093845,-4.3508944121147515,-25.389443086453234
238.40748191677108,-9.866005313726589,1.0000000000000016,-4.093502487016966,-4.351466357584596,-23.581988597720954
238.4148954830649,-9.852783015176692,1.0000000000000018,-4.0880082658391395,-4.35203663013906,-21.78112894049037
238.42231685753848,-9.839598081324212,1.0000000000000016,-4.082564086261687,-4.352605233040235,-19.986852847138604
238.42974603139308,-9.826450467940692,1.0000000000000016,-4.077169866168876,-4.353172169557747,-18.19914905004236
238.4371829958375,-9.813340130797442,1.0000000000000016,-4.071825523443476,-4.35373744296867,-16.418006281578457
238.44462774208776,-9.800267025665612,1.0000000000000016,-4.0665309759667565,-4.354301056557416,-14.643413274123867
238.45208026136714,-9.787231108316151,1.0000000000000016,-4.061286141618492,-4.354863013615637,-12.875358760055352
238.45954054490622,-9.774232334519786,1.0000000000000013,-4.05609093827697,-4.355423317442124,-11.113831471749949
238.46700858394277,-9.7612706600471,1.0000000000000013,-4.050945283818962,-4.3559819713427155,-9.35882014158414
238.4744843697216,-9.748346040668494,1.0000000000000013,-4.045849096119762,-4.356538978630184,-7.610313501935149
238.48196789349458,-9.73545843215416,1.0000000000000013,-4.040802293053173,-4.357094342624153,-5.868300285179658
238.48945914652057,-9.72260779027418,1.0000000000000013,-4.035804792491501,-4.357648066650997,-4.132769223694648
238.49695812006527,-9.709794070798456,1.0000000000000013,-4.030856512305565,-4.358200154043734,-2.4037090498566664
238.5044648054014,-9.697017229496709,1.0000000000000013,-4.0259573703647,-4.358750608141941,-0.6811084960429388
238.51197919380834,-9.684277222138558,1.000000000000001,-4.021107284536753,-4.3592994322916585,1.0350437053700234
238.51950127657213,-9.671574004493467,1.0000000000000013,-4.016306172688088,-4.35984662984528,2.74475882200494
238.52703104498568,-9.658907532330739,1.0000000000000013,-4.011553952683586,-4.3603922041614815,4.448048121485499
238.53456849034833,-9.646277761419583,1.000000000000001,-4.006850542386649,-4.3609361586051065,6.144922871434358
238.54211360396607,-9.633684647529083,1.000000000000001,-4.002195859659201,-4.361478496547083,7.835394339474923
238.5496663771513,-9.621128146428168,1.000000000000001,-3.9975898223616806,-4.362019221364331,9.519473793230302
238.55722680122292,-9.608608213885697,1.000000000000001,-3.9930323483530556,-4.362558336439662,11.197172500323635
238.56479486750615,-9.596124805670415,1.000000000000001,-3.988523355490826,-4.3630958451616975,12.868501728377963
238.57237056733257,-9.583677877550942,1.000000000000001,-3.984062761631005,-4.36363175092477,14.533472745016521
238.5799538920399,-9.57126738529583,1.0000000000000009,-3.9796504846281464,-4.364166057128839,16.192096817862595
238.58754483297213,-9.558893284673541,1.000000000000001,-3.9752864423353276,-4.364698767179389,17.84438521453899
238.59514338147946,-9.546555531452428,1.000000000000001,-3.970970552604162,-4.365229884487358,19.490349202669265
238.60274952891797,-9.534254081400798,1.0000000000000013,-3.9667027332847913,-4.36575941246903,21.13000004987618
238.61036326664987,-9.521988890286881,1.000000000000001,-3.9624829022259016,-4.366287354545961,22.763349023783174
238.6179845860434,-9.50975991387881,1.0000000000000013,-3.9583109772747047,-4.366813714144874,24.390407392013167
238.62561347847253,-9.497567107944692,1.0000000000000009,-3.9541868762769585,-4.3673384946975915,26.011186422189496
238.63324993531714,-9.485410428252576,1.0000000000000009,-3.95011051707696,-4.367861699640935,27.6256973819352
238.640893947963,-9.473289830570426,1.0000000000000009,-3.946081817517545,-4.36838333241664,29.23395153887345
238.64854550780154,-9.4612052706662,1.0000000000000009,-3.9421006954401023,-4.368903396471274,30.835960160627398
238.65620460622978,-9.449156704307814,1.0000000000000007,-3.938167068684552,-4.369421895256148,32.43173451482022
238.66387123465046,-9.43714408726312,1.0000000000000009,-3.9342808550893658,-4.369938832227232,34.02128586907497
238.6715453844719,-9.425167375299964,1.0000000000000009,-3.9304419724915753,-4.37045421084507,35.60462549101497
238.67922704710776,-9.413226524186188,1.0000000000000007,-3.926650338726747,-4.370968034574697,37.18176464826311
