galstreams/tracks/track.st.Gaia-9.ibata2024.ecsv
# %ECSV 1.0
# ---
# datatype:
# - {name: ra, unit: deg, datatype: float64}
# - {name: dec, unit: deg, datatype: float64}
# - {name: distance, unit: kpc, datatype: float64}
# - {name: pm_ra_cosdec, unit: mas / yr, datatype: float64}
# - {name: pm_dec, unit: mas / yr, datatype: float64}
# - {name: radial_velocity, unit: km / s, datatype: float64}
# delimiter: ','
# meta: !!omap
# - __serialized_columns__:
#     dec:
#       __class__: astropy.coordinates.angles.Latitude
#       unit: &id001 !astropy.units.Unit {unit: deg}
#       value: !astropy.table.SerializedColumn {name: dec}
#     distance:
#       __class__: astropy.coordinates.distances.Distance
#       unit: !astropy.units.Unit {unit: kpc}
#       value: !astropy.table.SerializedColumn {name: distance}
#     pm_dec:
#       __class__: astropy.units.quantity.Quantity
#       unit: !astropy.units.Unit {unit: mas / yr}
#       value: !astropy.table.SerializedColumn {name: pm_dec}
#     pm_ra_cosdec:
#       __class__: astropy.units.quantity.Quantity
#       unit: !astropy.units.Unit {unit: mas / yr}
#       value: !astropy.table.SerializedColumn {name: pm_ra_cosdec}
#     ra:
#       __class__: astropy.coordinates.angles.Longitude
#       unit: *id001
#       value: !astropy.table.SerializedColumn {name: ra}
#       wrap_angle: !astropy.coordinates.Angle
#         unit: *id001
#         value: 360.0
#     radial_velocity:
#       __class__: astropy.units.quantity.Quantity
#       unit: !astropy.units.Unit {unit: km / s}
#       value: !astropy.table.SerializedColumn {name: radial_velocity}
# schema: astropy-2.0
ra,dec,distance,pm_ra_cosdec,pm_dec,radial_velocity
[from data line 143]
215.5888093398897,71.38521592081614,1.0000000000000022,-18.179359804429946,5.698692378125891,-301.19171190148893
215.61141792634828,71.37815728134878,1.0000000000000024,-18.174591874253895,5.703165251748384,-301.2318020518262
215.63400860456738,71.37109552430738,1.0000000000000024,-18.16982384179578,5.707629423921489,-301.27190755921276
215.65658138819438,71.36403065359261,1.0000000000000027,-18.165055712209625,5.712084902740404,-301.31202840441233
215.6791362908817,71.35696267310053,1.0000000000000024,-18.160287490633802,5.716531696300962,-301.352164568188
215.7016733262866,71.34989158672273,1.0000000000000024,-18.155519182191092,5.72096981269959,-301.3923160313033
215.7241925080703,71.34281739834654,1.0000000000000024,-18.15075079198875,5.725399260033068,-301.4324827745216
215.74669384989926,71.33574011185465,1.0000000000000024,-18.14598232511847,5.7298200463987925,-301.4726647786064
215.76917736544385,71.32865973112547,1.0000000000000024,-18.141213786656458,5.734232179894498,-301.5128620243211
215.79164306837913,71.32157626003281,1.0000000000000022,-18.1364451816635,5.738635668618279,-301.55307449242895
215.81409097238455,71.31448970244612,1.0000000000000027,-18.131676515184814,5.7430305206687535,-301.5933021636937
215.83652109114348,71.30740006223046,1.0000000000000024,-18.126907792250346,5.747416744144637,-301.6335450188783
215.85893343834385,71.30030734324633,1.0000000000000024,-18.12213901787456,5.751794347145079,-301.6738030387464
215.88132802767737,71.29321154934993,1.0000000000000024,-18.117370197056648,5.756163337769362,-301.7140762040616
215.90370487284022,71.28611268439293,1.0000000000000024,-18.11260133478041,5.760523724117093,-301.754364495587
215.92606398753207,71.27901075222267,1.0000000000000024,-18.107832436014398,5.76487551428794,-301.7946678940862
215.948405385457,71.27190575668199,1.0000000000000024,-18.10306350571184,5.769218716381761,-301.83498638032245
215.9707290803228,71.26479770160925,1.0000000000000024,-18.09829454881078,5.773553338498548,-301.87531993505934
215.9930350858408,71.25768659083856,1.0000000000000024,-18.093525570234064,5.777879388738246,-301.9156685390602
216.0153234157265,71.25057242819945,1.0000000000000024,-18.088756574889295,5.7821968752009845,-301.95603217308826
216.03759408369862,71.24345521751714,1.0000000000000024,-18.08398756766901,5.7865058059867,-301.9964108179073
216.05984710347994,71.23633496261233,1.0000000000000024,-18.079218553450538,5.7908061891954645,-302.03680445428046
216.0820824887963,71.22921166730147,1.0000000000000024,-18.074449537096214,5.795098032927108,-302.0772130629712
216.10430025337735,71.22208533539644,1.0000000000000024,-18.069680523453247,5.799381345281475,-302.11763662474306
216.12650041095628,71.21495597070476,1.0000000000000024,-18.064911517353803,5.803656134358256,-302.15807512035923
216.14868297526914,71.20782357702961,1.0000000000000024,-18.060142523615106,5.807922408256843,-302.19852853058325
216.1708479600558,71.20068815816967,1.0000000000000024,-18.055373547039338,5.812180175076563,-302.23899683617856
216.1929953790588,71.19354971791932,1.0000000000000024,-18.050604592413826,5.816429442916331,-302.27948001790844
216.21512524602434,71.18640826006846,1.0000000000000024,-18.045835664510903,5.82067021987492,-302.31997805653646
216.23723757470162,71.17926378840258,1.0000000000000024,-18.041066768088,5.824902514050741,-302.360490932826
216.25933237884252,71.17211630670293,1.0000000000000022,-18.036297907887807,5.829126333541801,-302.40101862754045
216.28140967220241,71.16496581874617,1.0000000000000024,-18.031529088638035,5.833341686445813,-302.44156112144304
216.30346946853908,71.15781232830474,1.0000000000000027,-18.02676031505176,5.837548580859931,-302.48211839529745
216.3255117816135,71.15065583914658,1.0000000000000024,-18.021991591827167,5.84174702488097,-302.5226904298668
216.34753662518946,71.14349635503525,1.0000000000000022,-18.01722292364773,5.845937026605277,-302.56327720591486
216.36954401303313,71.13633387973007,1.0000000000000024,-18.01245431518222,5.850118594128581,-302.6038787042049
216.39153395891378,71.12916841698578,1.0000000000000024,-18.007685771084756,5.854291735546116,-302.6444949055002
216.4135064766029,71.12199997055292,1.0000000000000024,-18.00291729599477,5.858456458952496,-302.68512579056426
216.43546157987487,71.11482854417754,1.0000000000000024,-17.998148894537056,5.8626127724418104,-302.72577134016046
216.4573992825062,71.10765414160139,1.0000000000000024,-17.993380571321886,5.866760684107319,-302.76643153505233
216.47931959827613,71.10047676656184,1.0000000000000022,-17.98861233094489,5.8709002020417955,-302.80710635600315
216.5012225409662,71.09329642279181,1.0000000000000024,-17.98384417798718,5.8750313343371765,-302.84779578377635
216.52310812436005,71.08611311402002,1.0000000000000024,-17.979076117015417,5.879154089084675,-302.88849979913533
216.54497636224394,71.07892684397066,1.0000000000000024,-17.974308152581713,5.883268474374766,-302.92921838284354
216.56682726840586,71.07173761636373,1.0000000000000024,-17.96954028922378,5.887374498297003,-302.9699515156645
216.58866085663638,71.0645454349147,1.0000000000000022,-17.964772531464874,5.891472168940275,-303.0106991783614
216.61047714072774,71.05735030333489,1.0000000000000022,-17.96000488381391,5.895561494392393,-303.05146135169775
216.63227613447444,71.05015222533106,1.0000000000000024,-17.955237350765387,5.899642482740386,-303.092238016437
216.654057851673,71.04295120460574,1.0000000000000024,-17.95046993679953,5.903715142070396,-303.13302915334253
216.67582230612152,71.03574724485715,1.0000000000000024,-17.94570264638221,5.907779480467401,-303.17383474317774
216.69756951162032,71.02854034977906,1.0000000000000024,-17.940935483965035,5.911835506015613,-303.21465476670596
216.7192994819711,71.02133052306102,1.0000000000000024,-17.936168453985424,5.915883226797991,-303.2554892046907
216.74101223097753,71.01411776838816,1.0000000000000024,-17.931401560866508,5.9199226508965985,-303.2963380378954
216.76270777244508,71.00690208944124,1.0000000000000024,-17.926634809017273,5.923953786392357,-303.33720124708344
216.7843861201804,70.99968348989687,1.0000000000000024,-17.921868202832542,5.9279766413649995,-303.37807881301813
216.80604728799213,70.99246197342711,1.0000000000000024,-17.917101746692985,5.931991223893249,-303.4189707164631
216.82769128969005,70.9852375436999,1.0000000000000024,-17.912335444965212,5.9359975420544835,-303.45987693818165
216.84931813908557,70.97801020437869,1.0000000000000027,-17.907569302001747,5.939995603924967,-303.5007974589369
216.8709278499916,70.97077995912267,1.0000000000000022,-17.902803322141068,5.943985417579718,-303.5417322594927
216.89252043622201,70.9635468115868,1.0000000000000024,-17.89803750970765,5.947966991092439,-303.5826813206123
216.9140959115924,70.95631076542155,1.0000000000000024,-17.893271869011954,5.951940332535596,-303.6236446230591
216.93565428991903,70.94907182427328,1.0000000000000024,-17.88850640435055,5.955905449980197,-303.66462214759656
216.95719558501995,70.94182999178386,1.0000000000000022,-17.883741120006018,5.959862351496074,-303.70561387498793
216.9787198107137,70.93458527159105,1.0000000000000024,-17.87897602024707,5.963811045151484,-303.74661978599687
217.00022698082026,70.92733766732809,1.0000000000000024,-17.874211109328588,5.967751539013371,-303.78763986138654
217.02171710916065,70.92008718262404,1.0000000000000024,-17.869446391491536,5.971683841147279,-303.8286740819205
217.04319020955643,70.9128338211037,1.000000000000002,-17.864681870963146,5.97560795961709,-303.86972242836197
217.06464629583053,70.90557758638748,1.0000000000000022,-17.85991755195679,5.9795239024854006,-303.91078488147457
217.0860853818062,70.89831848209161,1.0000000000000022,-17.855153438672183,5.98343167781308,-303.9518614220217
217.1075074813081,70.89105651182787,1.0000000000000022,-17.85038953529523,5.987331293659587,-303.9929520307668
217.1289126081609,70.88379167920398,1.0000000000000022,-17.8456258459982,5.991222758082696,-304.0340566884731
217.15030077619048,70.87652398782316,1.0000000000000022,-17.840862374939686,5.995106079138569,-304.0751753759041
217.17167199922324,70.86925344128446,1.0000000000000022,-17.836099126264592,5.998981264881838,-304.11630807382335
217.19302629108583,70.86198004318267,1.0000000000000022,-17.83133610410429,6.002848323365239,-304.157454762994
217.21436366560582,70.85470379710823,1.0000000000000022,-17.82657331257655,6.006707262640035,-304.1986154241796
217.2356841366109,70.8474247066474,1.0000000000000022,-17.82181075578557,6.010558090755584,-304.2397900381435
217.2569877179294,70.84014277538212,1.0000000000000022,-17.81704843782203,6.014400815759583,-304.28097858564934
217.27827442339,70.83285800689002,1.0000000000000022,-17.812286362763132,6.018235445697961,-304.32218104746016
217.29954426682147,70.8255704047446,1.0000000000000022,-17.807524534672616,6.02206198861473,-304.3633974043397
217.32079726205308,70.81827997251496,1.0000000000000022,-17.802762957600766,6.025880452552208,-304.4046276370512
217.34203342291406,70.81098671376607,1.0000000000000022,-17.79800163558448,6.029690845550672,-304.4458717263581
217.3632527632339,70.80369063205855,1.0000000000000022,-17.793240572647306,6.03349317564863,-304.48712965302377
217.3844552968424,70.79639173094878,1.0000000000000022,-17.788479772799338,6.037287450882708,-304.52840139781176
217.4056410375689,70.78909001398898,1.0000000000000024,-17.783719240037474,6.0410736792874005,-304.5696869414853
217.4268099992433,70.78178548472701,1.0000000000000022,-17.778958978345234,6.04485186889546,-304.61098626480793
217.44796219569497,70.77447814670661,1.0000000000000022,-17.774198991692906,6.048622027737444,-304.65229934854307
217.46909764075352,70.76716800346718,1.0000000000000022,-17.769439284037567,6.052384163842014,-304.6936261734539
217.49021634824803,70.75985505854395,1.0000000000000022,-17.76467985932306,6.05613828523569,-304.7349667203041
217.51131833200776,70.75253931546789,1.0000000000000022,-17.75992072148004,6.05988439994297,-304.77632096985695
217.5324036058617,70.7452207777657,1.0000000000000022,-17.755161874426,6.063622515986296,-304.81768890287606
217.553472183638,70.73789944896,1.0000000000000022,-17.750403322065395,6.0673526413858525,-304.8590705001245
217.57452407916523,70.73057533256897,1.000000000000002,-17.745645068289473,6.071074784159798,-304.9004657423659
217.5955593062708,70.72324843210683,1.000000000000002,-17.74088711697652,6.074788952323974,-304.9418746103637
217.6165778787823,70.71591875108332,1.0000000000000022,-17.736129471991696,6.0784951538921845,-304.9832970848812
217.6375798105263,70.7085862930042,1.000000000000002,-17.731372137187243,6.0821933968758195,-305.0247331466817
217.65856511532914,70.70125106137087,1.000000000000002,-17.72661511640235,6.085883689284177,-305.06618277652893
217.67953380701664,70.69391305968053,1.0000000000000022,-17.72185841346327,6.089566039124229,-305.1076459551862
217.7004858994135,70.6865722914263,1.0000000000000022,-17.717102032183398,6.093240454400533,-305.14912266341673
217.7214214063443,70.67922876009693,1.0000000000000022,-17.712345976363153,6.096906943115503,-305.19061288198407
217.74234034163234,70.67188246917713,1.0000000000000022,-17.70759024979012,6.100565513269,-305.23211659165156
217.7632427191005,70.66453342214734,1.0000000000000022,-17.702834856239054,6.104216172858656,-305.27363377318267
217.7841285525708,70.65718162248376,1.0000000000000022,-17.698079799471888,6.1078589298796935,-305.3151644073408
217.80499785586406,70.64982707365854,1.0000000000000022,-17.693325083237784,6.111493792324779,-305.3567084748894
217.8258506428006,70.64246977913947,1.0000000000000022,-17.688570711273137,6.115120768184305,-305.3982659565918
217.8466869271993,70.63510974239036,1.0000000000000022,-17.68381668730164,6.118739865446003,-305.4398368332115
217.86750672287846,70.62774696687065,1.0000000000000022,-17.679063015034263,6.122351092095293,-305.481421085512
217.88831004365485,70.62038145603576,1.0000000000000024,-17.674309698169345,6.125954456114872,-305.5230186942563
217.90909690334453,70.61301321333684,1.000000000000002,-17.669556740392544,6.129549965485062,-305.5646296402082
217.92986731576224,70.60564224222085,1.0000000000000022,-17.6648041453769,6.133137628183569,-305.60625390413105
217.95062129472126,70.59826854613075,1.0000000000000022,-17.66005191678294,6.1367174521854295,-305.64789146678805
217.97135885403412,70.59089212850515,1.0000000000000022,-17.655300058258536,6.1402894454632,-305.68954230894286
217.99208000751148,70.58351299277861,1.0000000000000022,-17.650548573439124,6.143853615986615,-305.73120641135887
218.01278476896303,70.57613114238151,1.0000000000000022,-17.645797465947584,6.1474099717229045,-305.77288375479924
218.0334731521971,70.56874658074003,1.0000000000000022,-17.6410467393943,6.15095852063661,-305.8145743200277
218.0541451710202,70.56135931127629,1.0000000000000022,-17.63629639737731,6.154499270689392,-305.8562780878074
218.07480083923775,70.55396933740819,1.0000000000000022,-17.631546443482144,6.15803222984044,-305.89799503890197
218.0954401706533,70.54657666254955,1.0000000000000022,-17.626796881281976,6.161557406045922,-305.93972515407467
218.11606317906922,70.53918129010997,1.0000000000000022,-17.622047714337608,6.165074807259444,-305.9814684140891
218.13666987828583,70.53178322349503,1.0000000000000022,-17.617298946197515,6.168584441431669,-306.02322479970826
218.15726028210204,70.52438246610606,1.0000000000000022,-17.612550580397908,6.172086316510516,-306.06499429169594
218.17783440431518,70.51697902134032,1.0000000000000022,-17.60780262046263,6.175580440441106,-306.10677687081557
218.19839225872042,70.50957289259097,1.0000000000000022,-17.603055069903373,6.1790668211655415,-306.1485725178303
218.21893385911153,70.50216408324695,1.000000000000002,-17.59830793221954,6.182545466623218,-306.19038121350366
218.2394592192801,70.49475259669326,1.0000000000000022,-17.593561210898365,6.186016384750431,-306.2322029385991
218.25996835301612,70.48733843631058,1.000000000000002,-17.588814909414914,6.189479583480722,-306.27403767387995
218.28046127410767,70.47992160547557,1.0000000000000022,-17.584069031232087,6.192935070744632,-306.3158854001098
218.30093799634045,70.47250210756083,1.0000000000000022,-17.57932357980075,6.196382854469615,-306.3577460980518
218.32139853349878,70.46507994593475,1.0000000000000022,-17.574578558559573,6.199822942580344,-306.3996197484695
218.34184289936425,70.45765512396174,1.0000000000000022,-17.569833970935285,6.203255342998236,-306.4415063321263
218.36227110771694,70.45022764500199,1.0000000000000024,-17.565089820342493,6.2066800636418975,-306.48340582978574
218.38268317233434,70.4427975124117,1.0000000000000022,-17.560346110183858,6.210097112426666,-306.525318222211
218.40307910699204,70.43536472954293,1.000000000000002,-17.555602843850075,6.213506497264973,-306.56724349016554
218.42345892546345,70.42792929974357,1.0000000000000022,-17.550860024719817,6.21690822606611,-306.6091816144129
218.4438226415194,70.42049122635758,1.0000000000000022,-17.546117656159918,6.220302306736155,-306.6511325757164
218.4641702689288,70.41305051272474,1.0000000000000024,-17.54137574152529,6.223688747178169,-306.69309635483944
218.48450182145777,70.40560716218079,1.0000000000000022,-17.536634284159007,6.2270675552919315,-306.7350729325454
218.50481731287047,70.3981611780574,1.0000000000000022,-17.531893287392247,6.230438738974183,-306.77706228959784
218.5251167569285,70.39071256368207,1.0000000000000022,-17.52715275454444,6.233802306118381,-306.81906440676005
218.54540016739077,70.38326132237842,1.0000000000000022,-17.522412688923197,6.237158264614703,-306.8610792647954
218.56566755801404,70.3758074574658,1.0000000000000022,-17.517673093824385,6.240506622350253,-306.90310684446735
218.58591894255218,70.36835097225968,1.0000000000000022,-17.512933972532156,6.243847387208682,-306.94514712653944
