galstreams/tracks/track.st.NGC7492.ibata2024.ecsv
# %ECSV 1.0
# ---
# datatype:
# - {name: ra, unit: deg, datatype: float64}
# - {name: dec, unit: deg, datatype: float64}
# - {name: distance, unit: kpc, datatype: float64}
# - {name: pm_ra_cosdec, unit: mas / yr, datatype: float64}
# - {name: pm_dec, unit: mas / yr, datatype: float64}
# - {name: radial_velocity, unit: km / s, datatype: float64}
# delimiter: ','
# meta: !!omap
# - __serialized_columns__:
#     dec:
#       __class__: astropy.coordinates.angles.Latitude
#       unit: &id001 !astropy.units.Unit {unit: deg}
#       value: !astropy.table.SerializedColumn {name: dec}
#     distance:
#       __class__: astropy.coordinates.distances.Distance
#       unit: !astropy.units.Unit {unit: kpc}
#       value: !astropy.table.SerializedColumn {name: distance}
#     pm_dec:
#       __class__: astropy.units.quantity.Quantity
#       unit: !astropy.units.Unit {unit: mas / yr}
#       value: !astropy.table.SerializedColumn {name: pm_dec}
#     pm_ra_cosdec:
#       __class__: astropy.units.quantity.Quantity
#       unit: !astropy.units.Unit {unit: mas / yr}
#       value: !astropy.table.SerializedColumn {name: pm_ra_cosdec}
#     ra:
#       __class__: astropy.coordinates.angles.Longitude
#       unit: *id001
#       value: !astropy.table.SerializedColumn {name: ra}
#       wrap_angle: !astropy.coordinates.Angle
#         unit: *id001
#         value: 360.0
#     radial_velocity:
#       __class__: astropy.units.quantity.Quantity
#       unit: !astropy.units.Unit {unit: km / s}
#       value: !astropy.table.SerializedColumn {name: radial_velocity}
# schema: astropy-2.0
ra,dec,distance,pm_ra_cosdec,pm_dec,radial_velocity
[from data line 738]
350.06644073109356,-12.845653119371883,1.0000000000000009,0.9981441312986377,-2.4173459469227225,1000.0
350.0718037539573,-12.837213762721689,1.0000000000000007,0.9992572509623088,-2.4206390765123444,1000.0
350.0771532072909,-12.828760596335478,1.0000000000000009,1.0003750255324562,-2.423955152026707,1000.0000000000001
350.08248904027727,-12.820293567754732,1.0000000000000007,1.0014974671668,-2.4272942249034415,1000.0
350.0878112021045,-12.81181262452278,1.0000000000000007,1.0026245880200335,-2.430656346580456,1000.0000000000001
350.09311964196604,-12.803317714184766,1.000000000000001,1.0037564002435744,-2.4340415684960277,1000.0000000000001
350.09841430906107,-12.794808784287637,1.0000000000000009,1.0048929159850815,-2.4374499420887474,1000.0000000000001
350.10369515259373,-12.786285782380117,1.000000000000001,1.0060341473898475,-2.440881518797596,1000.0000000000001
350.10896212177397,-12.777748656012685,1.0000000000000009,1.0071801065992219,-2.4443363500618176,1000.0000000000002
350.1142151658172,-12.769197352737555,1.0000000000000009,1.0083308057513847,-2.4478144873210823,999.9999999999999
350.1194542339442,-12.760631820108651,1.0000000000000009,1.0094862569809493,-2.4513159820153874,1000.0
350.12467927538154,-12.752052005681579,1.0000000000000009,1.01064647241963,-2.454840885585085,1000.0
350.12989023936126,-12.743457857013619,1.0000000000000009,1.0118114641950697,-2.4583892494708977,1000.0
350.13508707512096,-12.734849321663683,1.0000000000000007,1.0129812444320194,-2.461961125113959,999.9999999999999
350.14026973190425,-12.726226347192306,1.0000000000000009,1.0141558252510166,-2.4655565639557437,999.9999999999997
350.14543815895996,-12.717588881161634,1.0000000000000009,1.015335218769799,-2.4691756174380686,999.9999999999999
350.1505923055431,-12.708936871135368,1.0000000000000009,1.0165194371019766,-2.472818337003247,1000.0000000000001
350.1557321209142,-12.70027026467877,1.000000000000001,1.0177084923579116,-2.4764847740938905,1000.0000000000002
350.16085755433954,-12.691589009358633,1.0000000000000009,1.018902396644208,-2.480174980153045,999.9999999999997
350.16596855509147,-12.682893052743273,1.0000000000000007,1.0201011620636677,-2.483889006624146,999.9999999999997
350.17106507244796,-12.674182342402457,1.0000000000000009,1.0213048007156402,-2.4876269049510427,999.9999999999999
350.1761470556931,-12.66545682590745,1.0000000000000009,1.0225133246953675,-2.491388726578002,999.9999999999999
350.18121445411674,-12.65671645083094,1.0000000000000009,1.02372674609461,-2.4951745229496822,1000.0000000000002
350.1862672170148,-12.647961164747032,1.0000000000000009,1.0249450770013482,-2.498984345511225,999.9999999999999
350.1913052936891,-12.639190915231241,1.0000000000000009,1.0261683294997042,-2.5028182457080987,999.9999999999999
350.1963286334476,-12.63040564986045,1.000000000000001,1.0273965156696363,-2.5066762749862903,1000.0
350.2013371856042,-12.62160531621289,1.0000000000000009,1.028629647587806,-2.510558484792135,1000.0000000000001
350.20633089947887,-12.612789861868125,1.0000000000000009,1.029867737326498,-2.514464926572522,999.9999999999999
350.2113097243979,-12.60395923440703,1.0000000000000009,1.031110796954131,-2.518395651774668,1000.0
350.2162736096936,-12.595113381411768,1.0000000000000009,1.0323588385351599,-2.5223507118463075,999.9999999999999
350.22122250470443,-12.586252250465762,1.0000000000000009,1.0336118741300808,-2.5263301582355666,1000.0
350.2261563587752,-12.577375789153674,1.000000000000001,1.0348699157954186,-2.5303340423910825,1000.0000000000001
350.2310751212567,-12.568483945061395,1.000000000000001,1.0361329755835982,-2.534362415761912,999.9999999999999
350.2359787415064,-12.559576665776005,1.000000000000001,1.0374010655428378,-2.538415329797637,1000.0
350.24086716888775,-12.550653898885772,1.000000000000001,1.038674197717235,-2.5424928359482024,999.9999999999999
350.24574035277067,-12.5417155919801,1.0000000000000009,1.0399523841469147,-2.546594985664079,1000.0
350.25059824253145,-12.53276169264955,1.000000000000001,1.0412356368677962,-2.550721830396256,1000.0000000000002
350.2554407875528,-12.523792148485773,1.000000000000001,1.0425239679114071,-2.554873421596149,1000.0
350.26026793722383,-12.514806907081526,1.000000000000001,1.043817389305218,-2.5590498107156137,999.9999999999997
350.2650796409401,-12.505805916030615,1.0000000000000009,1.0451159130725216,-2.563251049207061,1000.0
350.26987584810377,-12.496789122927911,1.000000000000001,1.0464195512319705,-2.5674771885233767,1000.0
350.27465650812337,-12.487756475369299,1.000000000000001,1.047728315798345,-2.5717282801179024,1000.0
350.27942157041406,-12.478707920951665,1.000000000000001,1.0490422187820627,-2.576004375444505,1000.0000000000001
350.2841709843977,-12.469643407272885,1.000000000000001,1.0503612721888302,-2.580305525957563,999.9999999999999
350.2889046995026,-12.460562881931784,1.000000000000001,1.0516854880201194,-2.5846317831118952,1000.0
350.29362266516387,-12.451466292528139,1.000000000000001,1.0530148782731814,-2.5889831983628753,1000.0
350.29832483082316,-12.442353586662632,1.000000000000001,1.0543494549406134,-2.5933598231663666,1000.0000000000001
350.30301114592885,-12.433224711936846,1.000000000000001,1.055689230010806,-2.5977617089787515,999.9999999999999
350.3076815599362,-12.424079615953238,1.000000000000001,1.0570342154673114,-2.6021889072568953,1000.0
350.3123360223071,-12.41491824631512,1.000000000000001,1.0583844232896098,-2.606641469458239,1000.0
350.3169744825102,-12.405740550626632,1.000000000000001,1.0597398654523076,-2.6111194470406645,1000.0
350.32159689002106,-12.396546476492727,1.000000000000001,1.0611005539258187,-2.6156228914626354,999.9999999999999
350.32620319432226,-12.38733597151915,1.000000000000001,1.062466500675427,-2.620151854183092,1000.0000000000002
350.33079334490293,-12.378108983312414,1.000000000000001,1.063837717662409,-2.6247063866615576,1000.0000000000001
350.3353672912593,-12.368865459479773,1.000000000000001,1.0652142168432235,-2.6292865403580237,999.9999999999997
350.33992498289456,-12.35960534762922,1.000000000000001,1.0665960101696186,-2.633892366733029,1000.0
350.3444663693188,-12.350328595369454,1.000000000000001,1.0679831095886811,-2.638523917247653,1000.0000000000001
350.3489914000493,-12.34103515030985,1.0000000000000009,1.0693755270429293,-2.6431812433635287,1000.0
350.35350002461,-12.331724960060441,1.0000000000000009,1.0707732744700422,-2.6478643965428077,999.9999999999999
350.35799219253227,-12.322397972231927,1.000000000000001,1.0721763638032655,-2.6525734282481466,999.9999999999999
350.3624678533543,-12.313054134435621,1.000000000000001,1.0735848069708638,-2.657308389942763,999.9999999999999
350.3669269566216,-12.303693394283428,1.0000000000000013,1.0749986158964049,-2.6620693330904786,999.9999999999997
350.3713694518867,-12.294315699387857,1.0000000000000013,1.0764178024988098,-2.6668563091555484,999.9999999999999
350.37579528870936,-12.284920997361956,1.0000000000000013,1.0778423786920257,-2.671669369602853,1000.0
350.3802044166565,-12.275509235819328,1.0000000000000013,1.0792723563850117,-2.6765085658978123,1000.0
350.3845967853022,-12.266080362374103,1.0000000000000013,1.0807077474825277,-2.6813739495063444,999.9999999999999
