galstreams/tracks/track.st.Ylgr.ibata2020.ecsv
# %ECSV 0.9
# ---
# datatype:
# - {name: ra, unit: deg, datatype: float64}
# - {name: dec, unit: deg, datatype: float64}
# - {name: distance, unit: kpc, datatype: float64}
# - {name: pm_ra_cosdec, unit: mas / yr, datatype: float64}
# - {name: pm_dec, unit: mas / yr, datatype: float64}
# - {name: radial_velocity, unit: km / s, datatype: float64}
# delimiter: ','
# meta: !!omap
# - __serialized_columns__:
#     dec:
#       __class__: astropy.coordinates.angles.Latitude
#       unit: &id001 !astropy.units.Unit {unit: deg}
#       value: !astropy.table.SerializedColumn {name: dec}
#     distance:
#       __class__: astropy.coordinates.distances.Distance
#       unit: !astropy.units.Unit {unit: kpc}
#       value: !astropy.table.SerializedColumn {name: distance}
#     pm_dec:
#       __class__: astropy.units.quantity.Quantity
#       unit: !astropy.units.Unit {unit: mas / yr}
#       value: !astropy.table.SerializedColumn {name: pm_dec}
#     pm_ra_cosdec:
#       __class__: astropy.units.quantity.Quantity
#       unit: !astropy.units.Unit {unit: mas / yr}
#       value: !astropy.table.SerializedColumn {name: pm_ra_cosdec}
#     ra:
#       __class__: astropy.coordinates.angles.Longitude
#       unit: *id001
#       value: !astropy.table.SerializedColumn {name: ra}
#       wrap_angle: !astropy.coordinates.Angle
#         unit: *id001
#         value: 360.0
#     radial_velocity:
#       __class__: astropy.units.quantity.Quantity
#       unit: !astropy.units.Unit {unit: km / s}
#       value: !astropy.table.SerializedColumn {name: radial_velocity}
# schema: astropy-2.0
ra,dec,distance,pm_ra_cosdec,pm_dec,radial_velocity
163.80344112403247,2.36553243504455,8.642171077958837,-0.5895559301656752,-11.799377083289722,-2.947268495455318e-14
163.8968932896645,2.160183883108122,8.572058466676351,-0.582771108234379,-11.777178715135616,1.894672604221276e-14
163.99012209625755,1.9547555807302468,8.504340783042775,-0.5760788076400672,-11.754524815530862,2.5262301389617013e-14
164.08313062212383,1.7492484098003802,8.43899342651206,-0.5694785804498667,-11.73142063349586,-3.5788260301957434e-14
164.1759219313339,1.5436632432022106,8.37599179653816,-0.5629699910977171,-11.707871425736577,-3.157787673702127e-14
164.26849907397067,1.3380009449484416,8.315311292575029,-0.5565526159067392,-11.683882456508044,-2.947268495455318e-14
164.3608650863829,1.1322623703136776,8.256927314076622,-0.5502260426178551,-11.659458997480407,-3.9998643866893604e-14
164.45302299143802,0.9264483659662502,8.200815260496885,-0.5439898699246124,-11.634606327607534,-4.73668151055319e-14
164.54497579877486,0.7205597700986506,8.146950531289779,-0.5378437070140404,-11.609329732997972,-7.157652060391487e-14
164.63672650505563,0.5145974125563839,8.09530852590925,-0.5317871731135397,-11.583634506788343,-4.631421921429786e-14
164.7282780942175,0.30856211496606467,8.045864643809255,-0.5258198970436666,-11.557525949018965,-5.736647607225531e-14
164.81963353772386,0.10245469086164612,7.998594284443743,-0.5199415167767235,-11.531009366511762,-5.6840178126638284e-14
164.9107957948151,-0.10372405419027277,7.95347284726667,-0.5141516790011008,-11.504090072750373,-5.841907196348934e-14
165.00176781275925,-0.3099733224664986,7.910475731731985,-0.5084500386912565,-11.476773387762295,-7.210281854953189e-14
165.09255252710187,-0.5162923239646774,7.869578337293646,-0.5028362586832591,-11.44906463800317,-4.157753770374467e-14
165.18315286191603,-0.7226802762815161,7.8307560634056035,-0.4973100092558054,-11.420969156243057,-2.6314897280851057e-14
165.27357173005151,-0.9291364044926221,7.793984309521806,-0.4918709677166352,-11.392492281454647,-4.631421921429786e-14
165.36381203338425,-1.135659941033352,7.759238475096214,-0.4865188179942639,-11.363639358703358,-3.684085619319148e-14
165.4538766630651,-1.342250125580757,7.726493959582775,-0.48125325023492777,-11.334415739039327,-4.631421921429786e-14
165.5437684997685,-1.548906204936904,7.695726162435443,-0.4760739604046824,-11.304826779391156,-6.947132882144679e-14
165.63349041394105,-1.755627432912894,7.666910483108171,-0.4709806498965721,-11.274877842461429,-6.105056169157445e-14
165.7230452660495,-1.9624130702143914,7.640022321054911,-0.46597302514277467,-11.244574296623894,-6.947132882144679e-14
165.812435906829,-2.169262384328041,7.615037075729616,-0.46105079723165293,-11.213921515822339,-5.2629794561702114e-14
165.9016651775311,-2.376174649408978,7.591930146586238,-0.4562136815296255,-11.182924879471045,-8.420767129872338e-14
165.9907359101714,-2.58314914616936,7.570676933078734,-0.4514613973077917,-11.151589772356804,-8.420767129872338e-14
166.07965092777744,-2.7901851617681444,7.55125283466105,-0.4467936673732149,-11.119921584542432,-8.420767129872338e-14
166.16841304463605,-2.9972819897014045,7.533633250787146,-0.44221021770479685,-11.087925711271799,-8.420767129872338e-14
166.2570250665414,-3.2044389296941387,7.517793580910967,-0.43771077709365347,-11.055607552876264,-7.578690416885104e-14
166.34548979104218,-3.4116552875927812,7.503709224486472,-0.4332950767879373,-11.022972514682465,-7.157652060391487e-14
166.43381000768954,-3.6189303752587207,7.491355580967611,-0.42896285014200947,-10.990026006921505,-7.999728773378721e-14
166.52198849828468,-3.826263510462975,7.480708049808338,-0.424713832269888,-10.956773444639445,-8.420767129872338e-14
166.61002803712648,-4.033654016781319,7.471742030462605,-0.4205477597029106,-10.923220247609017,-7.578690416885104e-14
166.6979313912596,-4.241101223490765,7.464432922384363,-0.41646437005151526,-10.889371840242626,-7.999728773378721e-14
166.7857013207222,-4.448604465466793,7.458756125027567,-0.41246340167108275,-10.855233651506513,-1.1368035625327657e-13
166.87334057879448,-4.6561630830813705,7.454687037846171,-0.4085445933317575,-10.820811114836093,-8.841805486365955e-14
166.9608519122468,-4.863776422102092,7.452201060294124,-0.40470768389216805,-10.786109668052406,-8.420767129872338e-14
167.04823806158842,-5.071443833591702,7.451273591825382,-0.4009524119769969,-10.751134753279656,-9.262843842859572e-14
167.1355017613164,-5.279164673808928,7.451880031893896,-0.39727851565829153,-10.715891816863818,-4.631421921429786e-14
167.22264574016478,-5.4869383041098505,7.453995779953619,-0.3936857321404678,-10.680386309292246,-1.0525958912340423e-13
167.30967272135427,-5.694764090850117,7.457596235458504,-0.390173797448932,-10.644623685114308,-8.420767129872338e-14
167.39658542284207,-5.902641405288152,7.462656797862504,-0.38674244612223807,-10.608609402862934,-8.420767129872338e-14
167.48338655757226,-6.110569623488628,7.469152866619571,-0.3833914109077238,-10.572348924977096,-9.262843842859572e-14
167.5700788337266,-6.318548126227217,7.47705984118366,-0.3801204224605282,-10.535847717725227,-1.0946997268834039e-13
167.65666495497587,-6.52657629889578,7.4863531210087215,-0.3769292090459643,-10.499111251129458,-7.578690416885104e-14
167.74314762073166,-6.73465353140831,7.497008105548706,-0.3738174962451181,-10.46214499889071,-9.262843842859572e-14
167.82952952639883,-6.942779218107836,7.509000194257571,-0.3707850066636551,-10.424954438314584,-7.578690416885104e-14
167.9158133636285,-7.150952757673444,7.522304786589267,-0.3678314596437297,-10.38754505023806,-1.0104920555846805e-13
168.00200182057154,-7.3591735530285485,7.536897281997747,-0.3649565709789537,-10.349922318956892,-1.0946997268834039e-13
168.08809758213314,-7.567441011249525,7.552753079936964,-0.36216005263232287,-10.312091732153775,-1.0104920555846805e-13
168.17410333022778,-7.775754543474984,7.56984757986087,-0.3594416124570662,-10.274058780827193,-1.0104920555846805e-13
168.26002174403501,-7.984113564815949,7.588156181223417,-0.3568009539203165,-10.235828959220923,-1.0104920555846805e-13
168.3458555002562,-8.192517494266093,7.607654283478561,-0.3542377758295619,-10.197407764754198,-6.73661370389787e-14
168.43160727337198,-8.400965754613104,7.628317286080252,-0.351751772061785,-10.158800697952492,-8.420767129872338e-14
168.51727973590062,-8.609457772350389,7.6501205884824435,-0.34934263129524107,-10.120013262378881,-1.0946997268834039e-13
168.60287555865744,-8.8179929775893,7.673039590139088,-0.34701003674378217,-10.08105096456598,-9.262843842859572e-14
168.68839741101525,-9.026570803972195,7.697049690504138,-0.3447536658936846,-10.041919313948416,-9.262843842859572e-14
168.77384796116544,-9.235190688585503,7.722126289031547,-0.34257319024289856,-10.002623822795849,-1.4315304120782974e-13
168.85922987638074,-9.443852071873842,7.7482447851752685,-0.34046827504264177,-9.96317000614644,-9.262843842859572e-14
168.94454582327862,-9.652554397554345,7.775380578389251,-0.3384385790412898,-9.923563381740832,-8.420767129872338e-14
169.02979846808623,-9.86129711253151,7.803509068127456,-0.3364837542304709,-9.883809469956557,-1.0104920555846805e-13
169.1149904769063,-10.070079666812772,7.832605653843827,-0.33460344559333205,-9.843913793742868,-8.420767129872338e-14
169.20012451598444,-10.27890151342399,7.862645734992321,-0.33279729085485377,-9.80388187855598,-1.0104920555846805e-13
169.28520325197772,-10.487762108325937,7.89360471102689,-0.33106492023419754,-9.763719252294704,-7.578690416885104e-14
169.3702293522248,-10.696660910330909,7.925457981401488,-0.3294059561989983,-9.723431445236383,-1.0104920555846805e-13
169.45520548501722,-10.905597381019804,7.958180945570065,-0.32782001322151044,-9.683023989973242,-9.262843842859572e-14
169.5401343198725,-11.114570984659796,7.991749002986576,-0.3263066975365837,-9.642502421348965,-5.0524602779234026e-14
169.62501852780838,-11.323581188121924,8.026137553104974,-0.32486560690135197,-9.601872276395655,-9.262843842859572e-14
169.70986078161906,-11.532627460799537,8.061321995379211,-0.32349633035662106,-9.56113909427096,-1.0946997268834039e-13
169.79466375615294,-11.741709274526844,8.097277729263238,-0.3221984479898146,-9.520308416195533,-7.578690416885104e-14
169.8794301285919,-11.950826103497782,8.133980154211011,-0.32097153069949036,-9.47938578539066,-1.0104920555846805e-13
169.96416257873273,-12.159977424185522,8.171404669676479,-0.31981513996128225,-9.438376747016132,-8.420767129872338e-14
170.04886378926986,-12.36916271526167,8.2095266751136,-0.3187288275952601,-9.397286848108253,-1.0104920555846805e-13
170.13353644608063,-12.578381457516365,8.248321569976321,-0.3177121355345901,-9.35612163751806,-1.0104920555846805e-13
170.21818323851193,-12.787633133778353,8.2877647537186,-0.3167645955954597,-9.314886665849633,-8.420767129872338e-14
170.30280685966918,-12.996917228835315,8.327831625794383,-0.3158857292481786,-9.273587485398556,-6.73661370389787e-14
170.38741000670728,-13.206233229354726,8.368497585657629,-0.31507504738937625,-9.232229650090463,-6.73661370389787e-14
170.47199538112375,-13.415580623804411,8.409738032762291,-0.3143320501152665,-9.190818715419647,-5.0524602779234026e-14
170.556565689054,-13.624958902373836,8.45152836656232,-0.3136562264958506,-9.149360238387747,-8.420767129872338e-14
170.6411236415689,-13.834367556895321,8.493843986511665,-0.313047054350041,-9.107859777442435,-1.0104920555846805e-13
170.7256719549748,-14.043806080765492,8.536660292064283,-0.312504000021581,-9.066322892416151,-1.1789073981821273e-13
170.81021335111583,-14.253273968867086,8.579952682674124,-0.3120265181557507,-9.024755144464773,-8.420767129872338e-14
170.8947505576787,-14.46277071749044,8.623696557795144,-0.3116140514767158,-8.983162096006303,-5.0524602779234026e-14
170.97928630849995,-14.672295824255611,8.667867316881296,-0.3112660305655131,-8.941549310659477,-5.0524602779234026e-14
171.0638233438763,-14.881848788034393,8.712440359386525,-0.3109818736385417,-8.899922353182298,-8.420767129872338e-14
171.1483644108769,-15.091429108872372,8.757391084764798,-0.3107609863265361,-8.858286789410439,-6.73661370389787e-14
171.23291226365916,-15.30103628791141,8.802694892470054,-0.3106027614538901,-8.816648186195597,-8.420767129872338e-14
171.31746966378688,-15.510669827311595,8.848327181956254,-0.3105065788183286,-8.775012111343603,-6.73661370389787e-14
171.40203938055154,-15.72032923017384,8.894263352677344,-0.31047180497076754,-8.733384133552459,-6.73661370389787e-14
171.48662419129656,-15.930014000462226,8.940478804087283,-0.3104977929953661,-8.691769822350098,-8.420767129872338e-14
171.57122688174462,-16.139723642926366,8.98694893564002,-0.31058388228962797,-8.650174748031988,-3.368306851948935e-14
171.65585024632833,-16.349457663024015,9.033649146789513,-0.31072939834450836,-8.608604481598475,-6.73661370389787e-14
171.74049708852374,-16.559215566843232,9.080554836989705,-0.31093365252446076,-8.567064594691853,-8.420767129872338e-14
171.8251702211877,-16.768996861024917,9.127641405694558,-0.31119594184729826,-8.525560659533141,-5.0524602779234026e-14
171.90987246689826,-16.97880105268512,9.174884252358021,-0.31151554876382864,-8.484098248858595,-3.368306851948935e-14
171.9946066582988,-17.188627649337253,9.222258776434051,-0.31189174093716804,-8.442682935855801,-6.73661370389787e-14
172.07937563844575,-17.398476158814532,9.26974037737659,-0.3123237710216502,-8.40132029409948,-5.0524602779234026e-14
172.16418226115988,-17.608346089191688,9.317304454639602,-0.31281087644125677,-8.360015897486836,-6.73661370389787e-14
172.24902939138147,-17.818236948707217,9.364926407677034,-0.3133522791674722,-8.31877532017256,-3.368306851948935e-14
172.3339199055295,-18.02814824568514,9.412581635942841,-0.3139471854964889,-8.277604136503307,-3.368306851948935e-14
172.41885669186462,-18.238079488456634,9.460245538890973,-0.31459478582567385,-8.236507920951768,-5.0524602779234026e-14
172.5038426508563,-18.448030185281798,9.507893515975386,-0.315294254429209,-8.195492248050202,-3.368306851948935e-14
172.58888069555422,-18.65799984427056,9.555500966650033,-0.31604474923282244,-8.15456269232346,-8.420767129872338e-14
172.67397375196384,-18.867987973304164,9.60304329036886,-0.31684541158751656,-8.113724828221445,-1.6841534259744676e-14
172.75912475942647,-19.07799407995584,9.65049588658583,-0.3176953660421982,-8.07298423005096,-5.0524602779234026e-14
172.84433667100387,-19.28801767141156,9.697834154754888,-0.3185937201151425,-8.032346471906992,-3.368306851948935e-14
172.92961245386735,-19.49805825439032,9.745033494329993,-0.31953956406416756,-7.991817127603283,-3.368306851948935e-14
173.01495508969174,-19.708115335064264,9.792069304765091,-0.3205319706554406,-7.951401770602274,-6.73661370389787e-14
173.10036757505412,-19.91818841897845,9.838916985514134,-0.3215699949308458,-7.91110597394428,-5.0524602779234026e-14
173.1858529218375,-20.128277010970272,9.885551936031085,-0.32265267397376124,-7.87093531017597,0.0
173.27141415763964,-20.338380615088532,9.931949555769888,-0.3237790266731967,-7.830895351278026,-6.73661370389787e-14
173.35705432618713,-20.548498734512233,9.978085244184497,-0.3249480534861807,-7.790991668592017,1.6841534259744676e-14
173.44277648775457,-20.758630871468775,10.023934400728866,-0.32615873619828517,-7.751229832746368,1.6841534259744676e-14
173.52858371958965,-20.96877652715197,10.06947242485695,-0.3274100376821906,-7.711615413581511,-6.73661370389787e-14
173.61447911634315,-21.178935201639504,10.114674716022696,-0.32870090165420385,-7.6721539800740475,-1.6841534259744676e-14
173.70046579050535,-21.389106393809847,10.159516673680065,-0.3300302524285966,-7.632851100259967,-1.6841534259744676e-14
173.7865468728479,-21.599289601258896,10.203973697283,-0.3313969946696801,-7.593712341156865,-1.6841534259744676e-14
173.8727255128717,-21.80948432021591,10.248021186285465,-0.332800013141498,-7.554743268685106,-6.73661370389787e-14
173.95900487926107,-22.01969004545907,10.291634540141397,-0.3342381724550303,-7.515949447587905,1.6841534259744676e-14
174.04538816034412,-22.22990627023032,10.334789158304766,-0.3357103168127926,-7.477336441350252,-1.6841534259744676e-14
174.13187856455946,-22.440132486149846,10.37746044022951,-0.3372152697507239,-7.438909812116703,3.368306851948935e-14
174.2184793209296,-22.650368183129704,10.419623785369593,-0.338751833877235,-7.400675120607908,0.0
174.30519367954105,-22.860612849287037,10.461254593178966,-0.34031879060931713,-7.362637926035898,-1.6841534259744676e-14
174.39202491203133,-23.070865970856502,10.502328263111576,-0.3419148999055712,-7.324803786018056,-3.368306851948935e-14
174.47897631208295,-23.281127032102066,10.542820194621376,-0.34353889999605774,-7.287178256489685,3.368306851948935e-14
174.5660511959246,-23.491395515228067,10.582705787162325,-0.3451895071088225,-7.249766891615213,-1.6841534259744676e-14
174.6532529028398,-23.701670900289606,10.62196044018837,-0.34686541519298064,-7.212575243697903,-1.6841534259744676e-14
174.74058479568308,-23.91195266510212,10.660559553153469,-0.3485652956382407,-7.175608863088013,1.6841534259744676e-14
174.82805026140375,-24.122240285150113,10.698478525511572,-0.35028779699071516,-7.138873298089461,-3.368306851948935e-14
174.9156527115778,-24.332533233495237,10.735692756716627,-0.3520315446649057,-7.102374094864748,1.6841534259744676e-14
175.00339558294763,-24.542830980683313,10.772177646222595,-0.35379514065171036,-7.066116797338273,6.73661370389787e-14
175.09128233797028,-24.753132994650652,10.807908593483425,-0.3555771632223324,-7.030106947097862,6.73661370389787e-14
175.1793164653739,-24.96343874062935,10.84286099795307,-0.3573761666279278,-6.994350083294473,-3.368306851948935e-14
175.267501480723,-25.173747681051736,10.87701025908548,-0.35919068079486816,-6.958851742540039,3.368306851948935e-14
175.35584092699267,-25.38405927545372,10.910331776334612,-0.36101921101545553,-6.923617458803359,-6.73661370389787e-14
