galstreams/tracks/track.st.Orphan-Chenab.shipp2019.ecsv
# %ECSV 0.9
# ---
# datatype:
# - {name: ra, unit: deg, datatype: float64}
# - {name: dec, unit: deg, datatype: float64}
# - {name: distance, unit: kpc, datatype: float64}
# - {name: pm_ra_cosdec, unit: mas / yr, datatype: float64}
# - {name: pm_dec, unit: mas / yr, datatype: float64}
# - {name: radial_velocity, unit: km / s, datatype: float64}
# delimiter: ','
# meta: !!omap
# - __serialized_columns__:
#     dec:
#       __class__: astropy.coordinates.angles.Latitude
#       unit: &id001 !astropy.units.Unit {unit: deg}
#       value: !astropy.table.SerializedColumn {name: dec}
#     distance:
#       __class__: astropy.coordinates.distances.Distance
#       unit: !astropy.units.Unit {unit: kpc}
#       value: !astropy.table.SerializedColumn {name: distance}
#     pm_dec:
#       __class__: astropy.units.quantity.Quantity
#       unit: !astropy.units.Unit {unit: mas / yr}
#       value: !astropy.table.SerializedColumn {name: pm_dec}
#     pm_ra_cosdec:
#       __class__: astropy.units.quantity.Quantity
#       unit: !astropy.units.Unit {unit: mas / yr}
#       value: !astropy.table.SerializedColumn {name: pm_ra_cosdec}
#     ra:
#       __class__: astropy.coordinates.angles.Longitude
#       unit: *id001
#       value: !astropy.table.SerializedColumn {name: ra}
#       wrap_angle: !astropy.coordinates.Angle
#         unit: *id001
#         value: 360.0
#     radial_velocity:
#       __class__: astropy.units.quantity.Quantity
#       unit: !astropy.units.Unit {unit: km / s}
#       value: !astropy.table.SerializedColumn {name: radial_velocity}
# schema: astropy-2.0
ra,dec,distance,pm_ra_cosdec,pm_dec,radial_velocity
[from data line 137]
322.848140047361,-57.630211507636815,39.80000000000448,0.18227825433604106,-2.7516152073231943,4.8901078876594644e-09
322.85348165614545,-57.62045359481375,39.80000000000447,0.18260804098626449,-2.7511653491420827,4.873940014770109e-09
322.85882662144434,-57.61069712104543,39.800000000004445,0.18293773948932435,-2.750715152883982,4.857940557223352e-09
322.86417494140835,-57.6009420857596,39.800000000004424,0.18326734957253943,-2.7502646185541653,4.841806367402517e-09
322.86952661419156,-57.59118848838377,39.800000000004395,0.18359687096338884,-2.7498137461580106,4.825672177581681e-09
322.8748816379512,-57.58143632834512,39.80000000000437,0.18392630338950533,-2.749362535701006,4.8097400861719626e-09
322.88024001084784,-57.57168560507065,39.800000000004346,0.18425564657868287,-2.748910987188749,4.793706945556686e-09
322.88560173104537,-57.56193631798693,39.80000000000433,0.18458490025887309,-2.748459100626943,4.777741171078448e-09
322.890966796711,-57.55218846652024,39.80000000000431,0.18491406415818767,-2.7480068760214076,4.7618764458057685e-09
322.8963352060151,-57.54244205009673,39.80000000000429,0.18524313800489023,-2.7475543133780658,4.7459780374645696e-09
322.90170695713147,-57.5326970681421,39.80000000000426,0.1855721215274071,-2.747101412702948,4.73011331219189e-09
322.90708204823693,-57.522953520081764,39.80000000000424,0.1859010144543165,-2.7466481740021997,4.7142485869192105e-09
322.9124604775119,-57.51321140534089,39.80000000000422,0.1862298165143612,-2.7461945972820687,4.698552276989128e-09
322.9178422431398,-57.50347072334441,39.80000000000419,0.18655852743642942,-2.745740682548914,4.682788600922007e-09
322.92322734330725,-57.49373147351685,39.800000000004175,0.18688714694957564,-2.7452864298092035,4.667024924854886e-09
322.9286157762045,-57.48399365528248,39.80000000000415,0.1872156747830076,-2.744831839069512,4.651294931856285e-09
322.9340075400244,-57.47425726806538,39.800000000004125,0.1875441106660809,-2.744376910336528,4.6356659880632415e-09
322.9394026329637,-57.464522311289215,39.800000000004104,0.18787245432831945,-2.7439216436170386,4.6200033612016794e-09
322.9448010532219,-57.45478878437736,39.80000000000409,0.18820070549939372,-2.7434660389179477,4.6044081004771555e-09
322.95020279900194,-57.44505668675305,39.80000000000407,0.18852886390913048,-2.7430100962462647,4.588913888958191e-09
322.9556078685098,-57.435326017839074,39.80000000000404,0.1888569292875113,-2.7425538156091047,4.573520726644784e-09
322.9610162599549,-57.42559677705795,39.800000000004026,0.1891849013646758,-2.742097197013696,4.55792546592026e-09
322.9664279715496,-57.41586896383205,39.800000000004,0.18951277987091242,-2.741640240467369,4.5425323036068536e-09
322.97184300150957,-57.40614257758329,39.800000000003976,0.18984056453666542,-2.741182945977566,4.52697072595085e-09
322.9772613480537,-57.3964176177334,39.80000000000395,0.19016825509253388,-2.7407253135518372,4.511611246705962e-09
322.982683009404,-57.38669408370372,39.80000000000394,0.19049585126927115,-2.7402673431978366,4.496251767461075e-09
322.98810798378565,-57.376971974915506,39.80000000000391,0.1908233527977794,-2.739809034923332,4.480824922079149e-09
322.993536269427,-57.367251290789525,39.80000000000389,0.19115075940911885,-2.7393503887361934,4.46556649203982e-09
322.9989678645597,-57.3575320307463,39.80000000000387,0.1914780708345012,-2.7388914046443995,4.4502406958634525e-09
323.0044027674181,-57.34781419420622,39.800000000003855,0.19180528680528508,-2.738432082656041,4.435116998098202e-09
323.00984097624024,-57.338097780589216,39.80000000000382,0.1921324070529853,-2.7379724227793103,4.4199259341959125e-09
323.0152824892671,-57.32838278931493,39.80000000000382,0.19245943130927556,-2.737512425022509,4.404701187225103e-09
323.0207273047426,-57.318669219802935,39.800000000003784,0.19278635930596733,-2.7370520893940498,4.3896111725283716e-09
323.026175420914,-57.30895707147228,39.80000000000377,0.19311319077503497,-2.7365914159024443,4.374453791694602e-09
323.03162683603165,-57.29924634374186,39.800000000003756,0.19343992544859723,-2.736130404556321,4.359431143134909e-09
323.037081548349,-57.28953703603021,39.80000000000373,0.19376656305893047,-2.735669055364408,4.344442177643737e-09
323.0425395561226,-57.279829147755706,39.800000000003706,0.19409310333845542,-2.7352073683355442,4.329385846015525e-09
323.048000857612,-57.27012267833635,39.80000000000369,0.19441954601974243,-2.734745343478674,4.314464246661391e-09
323.05346545108006,-57.26041762718981,39.80000000000367,0.1947458908355193,-2.734282980802851,4.299407915033179e-09
323.0589333347925,-57.25071399373368,39.800000000003635,0.19507213751865793,-2.7338202803172327,4.284587364884604e-09
323.06440450701837,-57.24101177738508,39.80000000000363,0.19539828580218455,-2.7333572420310834,4.26966576553047e-09
323.0698789660295,-57.231310977560874,39.80000000000361,0.19572433541926926,-2.732893865953777,4.254912581518934e-09
323.075356710101,-57.22161159367777,39.80000000000359,0.19605028610323427,-2.732430152094791,4.240125714438878e-09
323.08083773751105,-57.21191362515209,39.800000000003564,0.19637613758755168,-2.731966100463712,4.225271481221784e-09
323.08632204654083,-57.20221707139989,39.80000000000355,0.19670188960584256,-2.7315017110702313,4.210484614141728e-09
323.09180963547453,-57.19252193183696,39.800000000003536,0.19702754189187366,-2.731036983924149,4.195899845472789e-09
323.09730050259947,-57.18282820587887,39.800000000003514,0.1973530941795647,-2.7305719190353663,4.181247710666811e-09
323.10279464620595,-57.17313589294084,39.80000000000349,0.19767854620297906,-2.730106516413898,4.166494526655274e-09
323.1082920645873,-57.163444992437796,39.800000000003465,0.19800389769633095,-2.7296407760698584,4.151977124123374e-09
323.11379275603997,-57.153755503784524,39.800000000003465,0.19832914839397908,-2.729174698013472,4.137358672385916e-09
323.11929671886327,-57.144067426395395,39.800000000003436,0.1986542980304311,-2.7287082822550706,4.122773903716977e-09
323.1248039513598,-57.134380759684525,39.80000000000341,0.198979346340348,-2.7282415288050874,4.1082228181165576e-09
323.13031445183486,-57.124695503065865,39.800000000003386,0.19930429305852604,-2.727774437674064,4.093705415584658e-09
323.1358282185969,-57.11501165595298,39.80000000000338,0.199629137919914,-2.7273070088726477,4.079390111463875e-09
323.14134524995734,-57.10532921775919,39.80000000000335,0.19995388065961106,-2.7268392424115944,4.064940075069014e-09
323.1468655442307,-57.09564818789751,39.80000000000333,0.20027852101285726,-2.7263711383017606,4.050557404811192e-09
323.15238909973436,-57.085968565780824,39.800000000003315,0.20060305871503958,-2.7259026965541118,4.036242100690409e-09
323.15791591478865,-57.07629035082158,39.800000000003294,0.20092749350169092,-2.7254339171797204,4.021859430432587e-09
323.1634459877171,-57.066613542432,39.80000000000329,0.20125182510849537,-2.7249648001897597,4.007746224722921e-09
323.16897931684593,-57.05693814002412,39.80000000000326,0.2015760532712707,-2.7244953455955137,3.993397237533619e-09
323.1745159005045,-57.04726414300963,39.800000000003244,0.2019001777259899,-2.724025553408369,3.979182982618394e-09
323.18005573702516,-57.03759155079987,39.80000000000322,0.2022241982087698,-2.723555423639817,3.9648676784976115e-09
323.18559882474284,-57.02792036280613,39.80000000000321,0.2025481144558614,-2.7230849563014585,3.950788155856465e-09
323.191145161996,-57.01825057843926,39.80000000000319,0.20287192620367578,-2.7226141514049917,3.936641267078279e-09
323.19669474712566,-57.008582197109874,39.800000000003166,0.20319563318876102,-2.722143008962229,3.922595427505652e-09
323.20224757847586,-56.99891521822828,39.800000000003145,0.20351923514780504,-2.7216715289850835,3.908549587933025e-09
323.2078036543935,-56.98924964120468,39.80000000000314,0.20384273181764323,-2.7211997114855717,3.894571114497437e-09
323.2133629732286,-56.97958546544882,39.80000000000311,0.20416612293525851,-2.7207275564758184,3.880457908787771e-09
323.2189255333339,-56.96992269037024,39.80000000000309,0.20448940823777217,-2.7202550639680534,3.866513118420702e-09
323.22449133306503,-56.960261315378325,39.80000000000309,0.2048125874624478,-2.7197822339746063,3.852635694190673e-09
323.2300603707808,-56.95060133988204,39.80000000000307,0.20513566034669584,-2.71930906650792,3.838758269960643e-09
323.2356326448426,-56.9409427632901,39.80000000000303,0.20545862662806758,-2.718835561580535,3.824847162662094e-09
323.241208153615,-56.9312855850111,39.800000000003024,0.20578148604425683,-2.718361719205098,3.811037104569103e-09
323.24678689546505,-56.92162980445323,39.80000000000301,0.20610423833309777,-2.7178875393943613,3.7972944126131515e-09
323.2523688687632,-56.911975421024444,39.800000000002996,0.20642688323256952,-2.717413022161185,3.7835517206572e-09
323.2579540718825,-56.90232243413241,39.80000000000297,0.20674942048079714,-2.716938167518527,3.769876394838287e-09
323.2635425031987,-56.892670843184646,39.80000000000295,0.2070718498160311,-2.7164629754794536,3.756133702882336e-09
323.2691341610908,-56.88302064758829,39.80000000000294,0.2073941709766838,-2.715987446057135,3.742391010926384e-09
323.27472904394045,-56.87337184675023,39.800000000002925,0.20771638370129764,-2.7155115792648465,3.728884100450069e-09
323.28032715013205,-56.8637244400772,39.8000000000029,0.2080384877285537,-2.715035375115966,3.715208774631156e-09
323.28592847805305,-56.85407842697553,39.80000000000289,0.2083604827972807,-2.714558833623976,3.701634498017802e-09
323.2915330260938,-56.844433806851335,39.80000000000287,0.20868236864644807,-2.714081954802464,3.6881612706100063e-09
323.29714079264716,-56.83479057911057,39.80000000000286,0.20900414501515543,-2.7136047386651194,3.6747217262707298e-09
323.30275177610906,-56.82514874315878,39.80000000000284,0.20932581164265396,-2.7131271852257397,3.661214815794415e-09
323.30836597487826,-56.815508298401326,39.800000000002825,0.2096473682683293,-2.7126492944982212,3.64767422224958e-09
323.31398338735636,-56.80586924424327,39.80000000000281,0.2099688146317107,-2.7121710664965684,3.634403093252901e-09
323.3196040119476,-56.79623158008953,39.80000000000279,0.21029015047246147,-2.7116925012348863,3.6209972319821444e-09
323.3252278470591,-56.78659530534462,39.80000000000276,0.21061137553038445,-2.711213598727387,3.6075913707113878e-09
323.3308548911011,-56.77696041941282,39.80000000000275,0.2109324895454301,-2.710734358988382,3.5942865586461895e-09
323.3364851424861,-56.7673269216983,39.80000000000273,0.21125349225767676,-2.7102547820322886,3.580981746580991e-09
323.34211859962977,-56.75769481160479,39.80000000000272,0.21157438340734824,-2.7097748678736293,3.56784534985839e-09
323.3477552609506,-56.74806408853579,39.8000000000027,0.2118951627348067,-2.70929461652703,3.55467527006727e-09
323.3533951248694,-56.738434751894694,39.80000000000268,0.21221582998054656,-2.7088140280072137,3.5413704580020715e-09
323.3590381898103,-56.72880680108451,39.80000000000267,0.21253638488520643,-2.708333102329017,3.5282677443479902e-09
323.3646844542,-56.71918023550797,39.80000000000265,0.212856827189563,-2.707851839507372,3.5151987137624284e-09
323.370333916468,-56.70955505456757,39.80000000000263,0.2131771566345264,-2.7073702395573145,3.5020623170398277e-09
323.37598657504634,-56.6999312576657,39.800000000002626,0.21349737296114513,-2.7068883024939874,3.4891280187283436e-09
323.38164242837007,-56.69030884420428,39.80000000000261,0.21381747591060707,-2.7064060283326348,3.4760589881427818e-09
323.38730147487695,-56.680687813585045,39.8000000000026,0.21413746522423804,-2.705923417088603,3.4630910067627782e-09
323.3929637130074,-56.67106816520961,39.80000000000256,0.2144573406434962,-2.7054404687773435,3.450257757656853e-09
323.3986291412047,-56.661449898479155,39.80000000000256,0.21477710190998067,-2.7049571834144057,3.4372897762768494e-09
323.4042977579147,-56.651833012794654,39.80000000000254,0.21509674876542406,-2.7044735610154493,3.4243554779653657e-09
323.4099695615862,-56.64221750755695,39.800000000002534,0.2154162809516975,-2.7039896015962297,3.4115559119279594e-09
323.41564455067044,-56.63260338216649,39.800000000002505,0.21573569821080607,-2.70350530517261,3.3987563458905535e-09
323.4213227236217,-56.622990636023516,39.8000000000025,0.21605500028489422,-2.7030206717605525,3.3859567798531476e-09
323.42700407889674,-56.613379268527986,39.800000000002484,0.21637418691623678,-2.7025357013761253,3.373190896884261e-09
323.432688614955,-56.603769279079735,39.80000000000246,0.2166932578472469,-2.7020503940354947,3.360526063120933e-09
323.43837633025885,-56.59416066707821,39.80000000000245,0.217012212820475,-2.7015647497549358,3.3477938632205664e-09
323.44406722327324,-56.5845534319226,39.80000000000243,0.21733105157860466,-2.7010787685508206,3.335196395594277e-09
323.44976129246567,-56.574947573012025,39.80000000000242,0.21764977386445095,-2.700592450439623,3.3225989279679883e-09
323.4554585363066,-56.56534308974516,39.800000000002406,0.21796837942097058,-2.7001057954379246,3.3099677772731796e-09
323.461158953269,-56.55573998152047,39.80000000000239,0.21828686799124886,-2.699618803562405,3.29740399271541e-09
323.46686254182845,-56.546138247736295,39.80000000000237,0.21860523931850873,-2.699131474829847,3.2849075742946797e-09
323.47256930046336,-56.5365378877906,39.800000000002356,0.2189234931461035,-2.6986438092571365,3.272411155873949e-09
323.4782792276548,-56.52693890108114,39.80000000000234,0.21924162921752588,-2.6981558068612594,3.259948420521738e-09
323.4839923218865,-56.51734128700537,39.80000000000233,0.21955964727640154,-2.6976674676593033,3.2475193682380464e-09
323.4897085816445,-56.50774504496066,39.80000000000231,0.21987754706647855,-2.697178791668462,3.2351239990228742e-09
323.4954280054181,-56.49815017434397,39.80000000000229,0.22019532833165611,-2.696689778906027,3.222762312876222e-09
323.50115059169883,-56.48855667455204,39.800000000002285,0.2205129908159552,-2.696200429389391,3.2104343097980885e-09
323.50687633898093,-56.47896454498149,39.80000000000227,0.22083053426353028,-2.6957107431360527,3.1981736728569945e-09
323.5126052457613,-56.469373785028544,39.80000000000226,0.22114795841867185,-2.695220720163608,3.18594671898442e-09
323.51833731053955,-56.45978439408921,39.80000000000225,0.22146526302580338,-2.694730360489758,3.1738208143174036e-09
323.52407253181775,-56.45019637155937,39.800000000002235,0.22178244782947698,-2.6942396641323025,3.161593860444829e-09
323.5298109081007,-56.44060971683452,39.800000000002214,0.22209951257437854,-2.6937486311091465,3.149400589640774e-09
323.53555243789583,-56.43102442931,39.80000000000219,0.22241645700532608,-2.693257261438291,3.137308368042277e-09
323.5412971197132,-56.421440508380776,39.80000000000218,0.2227332808672733,-2.6927655551378424,3.125115097238222e-09
323.5470449520653,-56.41185795344183,39.800000000002164,0.22304998390529995,-2.692273512226005,3.113123924845284e-09
323.55279593346734,-56.40227676388767,39.800000000002164,0.22336656586461698,-2.691781132721089,3.101166435520865e-09
323.55855006243735,-56.39269693911257,39.80000000000214,0.22368302649057414,-2.6912884166415045,3.0891078969908882e-09
323.56430733749545,-56.38311847851076,39.80000000000212,0.22399936552864308,-2.6907953640057594,3.077251456872028e-09
323.57006775716474,-56.37354138147604,39.80000000000211,0.22431558272442953,-2.6903019748324657,3.0653276506161287e-09
323.57583131997086,-56.36396564740196,39.8000000000021,0.22463167782367788,-2.6898082491403343,3.05337016129171e-09
323.5815980244418,-56.35439127568203,39.800000000002086,0.22494765057224697,-2.6893141869481805,3.0414800381043302e-09
323.5873678691084,-56.34481826570933,39.800000000002065,0.22526350071614054,-2.6888197882749156,3.02962359798547e-09
323.5931408525038,-56.33524661687671,39.80000000000206,0.225579228001486,-2.688325053139556,3.0178345240036484e-09
323.5989169731639,-56.32567632857695,39.80000000000205,0.2258948321745411,-2.6878299815612166,3.0061128161588663e-09
