galstreams/tracks/track.st.New-10.ibata2024.ecsv
# %ECSV 1.0
# ---
# datatype:
# - {name: ra, unit: deg, datatype: float64}
# - {name: dec, unit: deg, datatype: float64}
# - {name: distance, unit: kpc, datatype: float64}
# - {name: pm_ra_cosdec, unit: mas / yr, datatype: float64}
# - {name: pm_dec, unit: mas / yr, datatype: float64}
# - {name: radial_velocity, unit: km / s, datatype: float64}
# delimiter: ','
# meta: !!omap
# - __serialized_columns__:
#     dec:
#       __class__: astropy.coordinates.angles.Latitude
#       unit: &id001 !astropy.units.Unit {unit: deg}
#       value: !astropy.table.SerializedColumn {name: dec}
#     distance:
#       __class__: astropy.coordinates.distances.Distance
#       unit: !astropy.units.Unit {unit: kpc}
#       value: !astropy.table.SerializedColumn {name: distance}
#     pm_dec:
#       __class__: astropy.units.quantity.Quantity
#       unit: !astropy.units.Unit {unit: mas / yr}
#       value: !astropy.table.SerializedColumn {name: pm_dec}
#     pm_ra_cosdec:
#       __class__: astropy.units.quantity.Quantity
#       unit: !astropy.units.Unit {unit: mas / yr}
#       value: !astropy.table.SerializedColumn {name: pm_ra_cosdec}
#     ra:
#       __class__: astropy.coordinates.angles.Longitude
#       unit: *id001
#       value: !astropy.table.SerializedColumn {name: ra}
#       wrap_angle: !astropy.coordinates.Angle
#         unit: *id001
#         value: 360.0
#     radial_velocity:
#       __class__: astropy.units.quantity.Quantity
#       unit: !astropy.units.Unit {unit: km / s}
#       value: !astropy.table.SerializedColumn {name: radial_velocity}
# schema: astropy-2.0
ra,dec,distance,pm_ra_cosdec,pm_dec,radial_velocity
[from data line 714]
144.80399069377228,-20.587487280494496,1.0000000000000004,2.3541059606162484,7.025876140945986,106.07465171646518
144.80799479277002,-20.577307380034316,1.0000000000000007,2.353992952298338,7.024412378387343,106.08595202100568
144.81199858090648,-20.56712747734982,1.0000000000000007,2.3538798722434233,7.022949852309725,106.09725122204482
144.8160020574511,-20.556947572066296,1.0000000000000007,2.3537667204053747,7.021488559208805,106.10854930081213
144.82000522167363,-20.546767663808925,1.0000000000000004,2.3536534967383833,7.020028495580302,106.11984623853716
144.8240080728439,-20.53658775220297,1.0000000000000004,2.3535402011969637,7.018569657919956,106.13114201644945
144.8280106102318,-20.52640783687396,1.0000000000000004,2.353426833735959,7.01711204272357,106.14243661577851
144.83201283310743,-20.516227917447335,1.0000000000000004,2.3533133943105202,7.015655646486961,106.15373001775386
144.836014740741,-20.506047993548655,1.0000000000000004,2.3531998828761314,7.0142004657059935,106.1650222036051
144.84001633240285,-20.495868064803528,1.0000000000000004,2.353086299388586,7.0127464968765665,106.17631315456167
144.8440176073634,-20.485688130837797,1.0000000000000007,2.3529726438040193,7.01129373649462,106.18760285185317
144.84801856489324,-20.475508191277214,1.0000000000000004,2.352858916078885,7.009842181056124,106.19889127670912
144.85201920426312,-20.46532824574764,1.0000000000000007,2.3527451161699187,7.008391827057095,106.210178410359
144.8560195247438,-20.45514829387514,1.0000000000000007,2.352631244034251,7.006942670993574,106.2214642340324
144.86001952560633,-20.444968335285736,1.0000000000000004,2.35251729962925,7.005494709361653,106.23274872895882
144.86401920612175,-20.434788369605506,1.0000000000000007,2.3524032829126753,7.004047938657447,106.24403187636784
144.8680185655613,-20.424608396460783,1.0000000000000004,2.352289193842555,7.002602355377122,106.25531365748891
144.87201760319633,-20.414428415477808,1.0000000000000007,2.3521750323772537,7.001157956016868,106.26659405355163
144.87601631829824,-20.40424842628296,1.0000000000000007,2.352060798475488,6.999714737072926,106.27787304578551
144.88001471013877,-20.394068428502667,1.0000000000000007,2.351946492096223,6.998272695041563,106.2891506154201
144.8840127779895,-20.383888421763558,1.0000000000000007,2.351832113198821,6.996831826419088,106.30042674368491
144.88801052112234,-20.373708405692213,1.0000000000000007,2.3517176617429083,6.9953921277018445,106.31170141180942
144.89200793880931,-20.36352837991528,1.0000000000000004,2.351603137688441,6.993953595386218,106.32297460102325
144.8960050303224,-20.353348344059647,1.0000000000000007,2.3514885409957085,6.992516225968629,106.33424629255593
144.9000017949339,-20.343168297752133,1.0000000000000007,2.35137387162532,6.991080015945533,106.34551646763693
144.90399823191615,-20.332988240619613,1.0000000000000004,2.351259129538173,6.989644961813422,106.35678510749581
144.9079943405416,-20.32280817228923,1.0000000000000004,2.3511443146955155,6.988211060068833,106.36805219336213
144.91199012008283,-20.312628092388024,1.0000000000000004,2.3510294270588794,6.986778307208332,106.37931770646534
144.9159855698126,-20.302448000543176,1.0000000000000004,2.350914466590144,6.985346699728524,106.39058162803506
144.91998068900372,-20.292267896381908,1.0000000000000004,2.3507994332515043,6.983916234126057,106.4018439393008
144.92397547692917,-20.282087779531658,1.0000000000000004,2.350684327005437,6.982486906897607,106.41310462149205
144.92796993286203,-20.27190764961979,1.0000000000000004,2.350569147814772,6.981058714539898,106.42436365583842
144.93196405607554,-20.261727506273765,1.0000000000000004,2.3504538956426284,6.979631653549687,106.4356210235694
144.93595784584298,-20.251547349121253,1.0000000000000007,2.3503385704524593,6.978205720423762,106.44687670591448
144.93995130143782,-20.241367177789865,1.0000000000000007,2.3502231722080325,6.976780911658956,106.45813068410324
144.94394442213365,-20.23118699190729,1.0000000000000007,2.3501077008734086,6.975357223752139,106.46938293936522
144.94793720720412,-20.22100679110145,1.0000000000000004,2.349992156413009,6.973934653200219,106.48063345292987
144.95192965592312,-20.21082657500017,1.0000000000000007,2.3498765387915004,6.972513196500133,106.49188220602683
144.95592176756458,-20.200646343231384,1.0000000000000004,2.3497608479739274,6.971092850148864,106.50312917988558
144.95991354140247,-20.190466095423258,1.0000000000000007,2.3496450839256244,6.969673610643433,106.51437435573567
144.96390497671106,-20.180285831203857,1.0000000000000004,2.349529246612219,6.968255474480896,106.52561771480656
144.96789607276463,-20.17010555020139,1.0000000000000004,2.3494133359996834,6.966838438158345,106.53685923832786
144.97188682883765,-20.159925252044097,1.0000000000000004,2.349297352054288,6.965422498172913,106.54809890752915
144.97587724420455,-20.14974493636044,1.0000000000000007,2.3491812947426194,6.9640076510217614,106.55933670363984
144.97986731814007,-20.13956460277883,1.0000000000000004,2.3490651640315843,6.962593893202112,106.57057260788955
144.983857049919,-20.129384250927714,1.0000000000000004,2.348948959888361,6.9611812212111905,106.58180660150774
144.98784643881618,-20.119203880435805,1.0000000000000004,2.3488326822805075,6.959769631546293,106.59303866572397
144.9918354841067,-20.10902349093173,1.0000000000000007,2.3487163311758277,6.958359120704731,106.60426878176781
144.99582418506563,-20.098843082044237,1.0000000000000004,2.348599906542491,6.9569496851838615,106.61549693086877
144.9998125409683,-20.088662653402118,1.0000000000000004,2.3484834083489368,6.9555413214810855,106.62672309425638
145.00380055109,-20.07848220463437,1.0000000000000007,2.3483668365639314,6.954134026093825,106.63794725316014
145.0077882147063,-20.06830173536995,1.0000000000000007,2.348250191156552,6.952727795519561,106.64916938880963
145.01177553109278,-20.05812124523785,1.0000000000000004,2.3481334720961886,6.951322626255796,106.66038948243435
145.01576249952515,-20.04794073386733,1.0000000000000004,2.3480166793525292,6.9499185148000695,106.67160751526383
145.01974911927928,-20.03776020088755,1.0000000000000007,2.347899812895582,6.9485154576499735,106.68282346852762
145.02373538963116,-20.027579645927766,1.0000000000000004,2.347782872695669,6.947113451303131,106.69403732345526
145.0277213098568,-20.017399068617433,1.0000000000000007,2.3476658587234063,6.945712492257191,106.70524906127628
145.03170687923242,-20.007218468585975,1.0000000000000004,2.3475487709497305,6.944312577009856,106.71645866322014
145.0356920970344,-19.997037845462852,1.0000000000000007,2.3474316093458754,6.942913702058865,106.7276661105165
145.0396769625391,-19.986857198877775,1.0000000000000004,2.347314373883398,6.941515863901982,106.73887138439477
145.04366147502304,-19.976676528460366,1.0000000000000004,2.3471970645341482,6.940119059037013,106.75007446608456
145.04764563376298,-19.966495833840387,1.0000000000000007,2.3470796812702783,6.938723283961818,106.7612753368154
145.05162943803563,-19.95631511464763,1.0000000000000004,2.346962224064294,6.937328535174284,106.77247397781676
145.0556128871179,-19.946134370512095,1.0000000000000007,2.34684469288894,6.935934809172323,106.7836703703182
145.05959598028676,-19.93595360106372,1.0000000000000004,2.346727087717314,6.934542102453905,106.7948644955493
145.0635787168194,-19.925772805932507,1.0000000000000007,2.3466094085228058,6.933150411517021,106.80605633473955
145.067561095993,-19.915591984748712,1.0000000000000004,2.346491655279115,6.9317597328597245,106.81724586911847
145.07154311708493,-19.90541113714248,1.0000000000000007,2.346373827960239,6.930370062980074,106.82843307991564
145.07552477937267,-19.89523026274406,1.0000000000000007,2.3462559265404845,6.928981398376191,106.83961794836054
145.07950608213378,-19.88504936118392,1.0000000000000007,2.3461379509944784,6.927593735546224,106.85080045568264
145.08348702464593,-19.874868432092452,1.0000000000000007,2.346019901297133,6.926207070988369,106.86198058311169
145.08746760618695,-19.864687475100155,1.0000000000000004,2.3459017774236646,6.924821401200844,106.87315831187698
145.09144782603482,-19.854506489837593,1.0000000000000004,2.345783579349593,6.923436722681922,106.8843336232082
145.09542768346745,-19.84432547593552,1.0000000000000004,2.3456653070507762,6.922053031929902,106.89550649833481
145.09940717776306,-19.834144433024637,1.0000000000000004,2.345546960503329,6.920670325443129,106.90667691848637
145.1033863081999,-19.8239633607357,1.0000000000000007,2.3454285396837005,6.919288599719978,106.91784486489239
145.10736507405633,-19.813782258699703,1.0000000000000004,2.345310044568624,6.9179078512588665,106.92901031878243
145.11134347461083,-19.803601126547576,1.0000000000000007,2.3451914751351435,6.916528076558257,106.940173261386
145.11532150914203,-19.793419963910303,1.0000000000000002,2.345072831360616,6.915149272116638,106.95133367393261
145.11929917692856,-19.7832387704191,1.0000000000000004,2.3449541132226788,6.913771434432539,106.96249153765186
145.12327647724928,-19.77305754570511,1.0000000000000002,2.3448353206992945,6.912394560004538,106.97364683377322
145.12725340938312,-19.762876289399596,1.0000000000000004,2.3447164537687097,6.911018645331237,106.98479954352625
145.13122997260916,-19.752695001133855,1.0000000000000002,2.344597512409468,6.909643686911285,106.9959496481405
145.13520616620642,-19.742513680539407,1.0000000000000002,2.3444784966004537,6.908269681243363,107.00709712884539
145.13918198945427,-19.732332327247672,1.0000000000000004,2.344359406320791,6.906896624826196,107.0182419668706
145.14315744163207,-19.72215094089018,1.0000000000000002,2.3442402415499597,6.9055245141585475,107.02938414344557
145.14713252201923,-19.71196952109867,1.0000000000000002,2.344121002267711,6.904153345739215,107.04052363979989
145.15110722989542,-19.70178806750479,1.0000000000000002,2.3440016884540906,6.902783116067027,107.05166043716304
145.1550815645403,-19.691606579740288,1.0000000000000004,2.343882300089458,6.901413821640876,107.06279451676463
145.15905552523364,-19.681425057437114,1.0000000000000004,2.343762837154488,6.900045458959659,107.0739258598341
145.16302911125544,-19.671243500227163,1.0000000000000004,2.3436432996301058,6.898678024522338,107.08505444760101
145.16700232188566,-19.66106190774244,1.0000000000000002,2.3435236874975924,6.897311514827907,107.09618026129488
145.17097515640447,-19.65088027961496,1.0000000000000002,2.343404000738481,6.895945926375385,107.10730328214528
145.17494761409202,-19.64069861547699,1.0000000000000004,2.3432842393346327,6.894581255663839,107.11842349138176
145.1789196942288,-19.6305169149607,1.0000000000000002,2.343164403268185,6.893217499192378,107.12954087023378
145.1828913960952,-19.62033517769835,1.0000000000000004,2.34304449252158,6.891854653460147,107.1406553999309
145.18686271897172,-19.61015340332241,1.0000000000000002,2.34292450707758,6.890492714966326,107.15176706170266
145.19083366213914,-19.599971591465266,1.0000000000000004,2.3428044469192066,6.889131680210135,107.16287583677865
145.1948042248782,-19.589789741759397,1.0000000000000002,2.342684312029794,6.887771545690829,107.17398170638826
145.19877440646977,-19.579607853837494,1.0000000000000004,2.342564102392984,6.886412307907707,107.18508465176116
145.20274420619484,-19.569425927332173,1.0000000000000004,2.3424438179927023,6.885053963360107,107.19618465412681
145.20671362333456,-19.55924396187617,1.0000000000000002,2.3423234588131567,6.883696508547405,107.20728169471474
145.21068265717008,-19.549061957102246,1.0000000000000002,2.342203024838893,6.882339939969009,107.21837575475453
145.21465130698272,-19.538879912643377,1.0000000000000002,2.3420825160547114,6.880984254124366,107.22946681547567
145.21861957205388,-19.528697828132472,1.0000000000000004,2.341961932445713,6.8796294475129685,107.24055485810769
145.22258745166516,-19.518515703202514,1.0000000000000002,2.3418412739973125,6.878275516634346,107.25163986388014
145.2265549450981,-19.508333537486696,1.0000000000000004,2.3417205406952046,6.876922457988058,107.26272181402257
145.23052205163447,-19.49815133061814,1.0000000000000004,2.3415997325253706,6.875570268073714,107.27380068976446
145.23448877055614,-19.487969082230034,1.0000000000000004,2.341478849474104,6.874218943390957,107.2848764723354
145.238455101145,-19.477786791955815,1.0000000000000002,2.3413578915279896,6.872868480439471,107.29594914296489
145.24242104268313,-19.467604459428802,1.0000000000000002,2.341236858673863,6.871518875718967,107.30701868288244
145.24638659445262,-19.45742208428244,1.0000000000000002,2.3411157508989433,6.870170125729205,107.31808507331759
145.25035175573584,-19.44723966615024,1.0000000000000002,2.340994568190636,6.8688222269699875,107.32914829549995
145.25431652581503,-19.437057204665876,1.0000000000000004,2.3408733105367237,6.867475175941142,107.3402083306589
145.25828090397272,-19.426874699463,1.0000000000000004,2.3407519779252137,6.8661289691425536,107.35126516002418
145.26224488949146,-19.416692150175276,1.0000000000000002,2.3406305703444676,6.864783603074123,107.36231876482508
145.26620848165388,-19.40650955643664,1.0000000000000002,2.3405090877830865,6.863439074235806,107.37336912629135
145.27017167974282,-19.39632691788092,1.0000000000000004,2.3403875302299806,6.862095379127591,107.3844162256524
145.2741344830411,-19.38614423414203,1.0000000000000002,2.3402658976743744,6.860752514249511,107.39546004413775
145.2780968908317,-19.375961504854093,1.0000000000000002,2.3401441901057343,6.859410476101626,107.406500562977
145.28205890239775,-19.36577872965116,1.0000000000000004,2.3400224075138496,6.858069261184044,107.41753776339968
145.28602051702237,-19.355595908167405,1.0000000000000002,2.3399005498888013,6.856728865996909,107.42857162663526
145.2899817339889,-19.345413040037005,1.0000000000000002,2.3397786172209436,6.855389287040399,107.4396021339133
145.29394255258063,-19.33523012489439,1.0000000000000002,2.339656609500935,6.854050520814746,107.45062926646337
145.29790297208112,-19.32504716237388,1.0000000000000002,2.3395345267196994,6.8527125638202016,107.46165300551493
145.30186299177393,-19.314864152109884,1.0000000000000004,2.339412368868482,6.851375412557063,107.47267333229757
145.30582261094276,-19.30468109373702,1.0000000000000004,2.3392901359387697,6.8500390635256725,107.48369022804083
145.30978182887137,-19.29449798688983,1.0000000000000002,2.339167827922388,6.848703513226402,107.49470367397416
145.31374064484368,-19.284314831202924,1.0000000000000002,2.339045444811431,6.8473687581596705,107.50571365132716
145.31769905814363,-19.27413162631113,1.0000000000000004,2.3389229865982486,6.846034794825921,107.5167201413294
145.32165706805532,-19.263948371849224,1.0000000000000002,2.338800453275528,6.844701619725662,107.52772312521031
145.325614673863,-19.25376506745205,1.0000000000000002,2.3386778448362,6.84336922935941,107.53872258419946
145.32957187485084,-19.24358171275451,1.0000000000000004,2.338555161273522,6.842037620227736,107.54971849952645
145.3335286703033,-19.233398307391724,1.0000000000000002,2.338432402580997,6.840706788831256,107.56071085242071
145.3374850595049,-19.22321485099871,1.0000000000000004,2.3383095687524325,6.83937673167061,107.57169962411184
145.34144104174013,-19.213031343210574,1.0000000000000002,2.338186659781927,6.838047445246488,107.58268479582934
145.3453966162937,-19.202847783662627,1.0000000000000004,2.3380636756638644,6.836718926059608,107.59366634880276
145.3493517824504,-19.192664171990117,1.0000000000000002,2.3379406163928813,6.835391170610741,107.60464426426158
145.35330653949512,-19.18248050782835,1.0000000000000002,2.337817481963942,6.834064175400682,107.61561852343543
145.35726088671285,-19.17229679081285,1.0000000000000002,2.3376942723722642,6.832737936930278,107.62658910755378
145.36121482338856,-19.162113020579056,1.0000000000000004,2.3375709876133683,6.8314124517004,107.63755599784615
