galstreams/tracks/track.ACS.grillmair2006.ecsv
# %ECSV 0.9
# ---
# datatype:
# - {name: sc.ra, unit: deg, datatype: float64}
# - {name: sc.dec, unit: deg, datatype: float64}
# - {name: sc.distance, unit: kpc, datatype: float64}
# - {name: width, datatype: float64}
# meta: !!omap
# - __serialized_columns__:
#     sc:
#       __class__: astropy.coordinates.sky_coordinate.SkyCoord
#       dec: !astropy.table.SerializedColumn
#         __class__: astropy.coordinates.angles.Latitude
#         unit: &id001 !astropy.units.Unit {unit: deg}
#         value: !astropy.table.SerializedColumn {name: sc.dec}
#       distance: !astropy.table.SerializedColumn
#         __class__: astropy.coordinates.distances.Distance
#         unit: !astropy.units.Unit {unit: kpc}
#         value: !astropy.table.SerializedColumn {name: sc.distance}
#       frame: icrs
#       ra: !astropy.table.SerializedColumn
#         __class__: astropy.coordinates.angles.Longitude
#         unit: *id001
#         value: !astropy.table.SerializedColumn {name: sc.ra}
#         wrap_angle: !astropy.coordinates.Angle
#           unit: *id001
#           value: 360.0
#       representation_type: spherical
# schema: astropy-2.0
sc.ra sc.dec sc.distance width
[from data line 1062]
127.07124558749743 9.900342416564618 8.9 5.0
127.07189076292426 9.910322199429224 8.9 5.0
127.07253597761976 9.920301981062075 8.9 5.0
127.07318123162668 9.930281761461814 8.9 5.0
127.07382652498772 9.940261540627109 8.9 5.0
127.07447185774568 9.950241318556618 8.9 5.0
127.0751172299433 9.960221095248999 8.9 5.0
127.07576264162334 9.970200870702916 8.9 5.0
127.07640809282861 9.980180644917 8.9 5.0
127.0770535836019 9.990160417889953 8.9 5.0
127.07769911398596 10.000140189620383 8.9 5.0
127.0783446840237 10.010119960106985 8.9 5.0
127.07899029375787 10.020099729348413 8.9 5.0
127.07963594323134 10.030079497343289 8.9 5.0
127.08028163248693 10.040059264090319 8.9 5.0
127.08092736156755 10.050039029588119 8.9 5.0
127.08157313051599 10.06001879383534 8.9 5.0
127.08221893937514 10.069998556830686 8.9 5.0
127.08286478818792 10.079978318572765 8.9 5.0
127.08351067699721 10.089958079060246 8.9 5.0
127.0841566058459 10.099937838291781 8.9 5.0
127.0848025747769 10.109917596266015 8.9 5.0
127.0854485838332 10.11989735298164 8.9 5.0
127.08609463305764 10.129877108437267 8.9 5.0
127.08674072249322 10.139856862631563 8.9 5.0
127.08738685218289 10.149836615563181 8.9 5.0
127.0880330221696 10.159816367230771 8.9 5.0
127.08867923249636 10.16979611763299 8.9 5.0
127.08932548320614 10.179775866768486 8.9 5.0
127.0899717743419 10.18975561463592 8.9 5.0
127.0906181059467 10.19973536123391 8.9 5.0
127.09126447806352 10.209715106561152 8.9 5.0
127.0919108907354 10.219694850616264 8.9 5.0
127.0925573440054 10.22967459339789 8.9 5.0
127.09320383791655 10.239654334904722 8.9 5.0
127.0938503725119 10.249634075135358 8.9 5.0
127.0944969478345 10.259613814088496 8.9 5.0
127.0951435639275 10.269593551762743 8.9 5.0
127.09579022083392 10.279573288156753 8.9 5.0
127.0964369185969 10.289553023269214 8.9 5.0
127.09708365725952 10.299532757098726 8.9 5.0
127.09773043686492 10.309512489643959 8.9 5.0
127.09837725745624 10.31949222090355 8.9 5.0
127.09902411907657 10.329471950876156 8.9 5.0
127.09967102176911 10.339451679560415 8.9 5.0
127.10031796557705 10.349431406954977 8.9 5.0
127.10096495054347 10.35941113305849 8.9 5.0
127.10161197671164 10.369390857869593 8.9 5.0
127.10225904412474 10.379370581386933 8.9 5.0
127.10290615282592 10.389350303609158 8.9 5.0
127.10355330285843 10.399330024534908 8.9 5.0
127.10420049426553 10.409309744162844 8.9 5.0
127.10484772709036 10.419289462491566 8.9 5.0
127.1054950013763 10.429269179519757 8.9 5.0
127.10614231716649 10.439248895246065 8.9 5.0
127.10678967450423 10.449228609669092 8.9 5.0
127.10743707343282 10.459208322787527 8.9 5.0
127.10808451399556 10.469188034599977 8.9 5.0
127.1087319962357 10.4791677451051 8.9 5.0
127.10937952019661 10.489147454301527 8.9 5.0
127.11002708592154 10.499127162187898 8.9 5.0
127.11067469345389 10.509106868762883 8.9 5.0
127.11132234283697 10.519086574025089 8.9 5.0
127.11197003411412 10.529066277973167 8.9 5.0
127.11261776732869 10.53904598060576 8.9 5.0
127.11326554252412 10.549025681921501 8.9 5.0
127.11391335974372 10.559005381919034 8.9 5.0
127.11456121903096 10.568985080596994 8.9 5.0
127.11520912042917 10.578964777954035 8.9 5.0
127.1158570639818 10.588944473988755 8.9 5.0
127.1165050497323 10.598924168699831 8.9 5.0
127.11715307772407 10.608903862085883 8.9 5.0
127.11780114800058 10.618883554145555 8.9 5.0
127.11844926060529 10.628863244877493 8.9 5.0
127.11909741558165 10.638842934280298 8.9 5.0
127.11974561297315 10.648822622352638 8.9 5.0
127.12039385282333 10.658802309093153 8.9 5.0
127.12104213517561 10.668781994500437 8.9 5.0
127.12169046007357 10.678761678573181 8.9 5.0
127.12233882756067 10.688741361309974 8.9 5.0
127.12298723768052 10.698721042709458 8.9 5.0
127.12363569047662 10.708700722770299 8.9 5.0
127.12428418599252 10.718680401491097 8.9 5.0
127.1249327242718 10.728660078870492 8.9 5.0
127.12558130535807 10.738639754907123 8.9 5.0
127.12622992929491 10.74861942959962 8.9 5.0
127.12687859612586 10.758599102946615 8.9 5.0
127.12752730589463 10.76857877494674 8.9 5.0
127.12817605864477 10.778558445598623 8.9 5.0
127.12882485441992 10.7885381149009 8.9 5.0
127.12947369326373 10.798517782852215 8.9 5.0
127.13012257521989 10.808497449451156 8.9 5.0
127.13077150033202 10.818477114696396 8.9 5.0
127.13142046864384 10.828456778586562 8.9 5.0
127.13206948019896 10.838436441120242 8.9 5.0
127.13271853504119 10.848416102296124 8.9 5.0
127.13336763321418 10.858395762112778 8.9 5.0
127.13401677476165 10.86837542056887 8.9 5.0
127.13466595972736 10.878355077663038 8.9 5.0
127.13531518815503 10.888334733393863 8.9 5.0
127.1359644600884 10.898314387760026 8.9 5.0
127.13661377557128 10.908294040760111 8.9 5.0
127.1372631346474 10.918273692392754 8.9 5.0
127.1379125373606 10.928253342656612 8.9 5.0
127.13856198375466 10.938232991550276 8.9 5.0
127.13921147387337 10.948212639072379 8.9 5.0
127.13986100776057 10.958192285221555 8.9 5.0
127.1405105854601 10.968171929996435 8.9 5.0
127.14116020701577 10.978151573395607 8.9 5.0
127.14180987247147 10.988131215417734 8.9 5.0
127.14245958187108 10.99811085606143 8.9 5.0
127.1431093352584 11.00809049532531 8.9 5.0
127.14375913267743 11.018070133208013 8.9 5.0
127.144408974172 11.028049769708133 8.9 5.0
127.14505885978605 11.038029404824318 8.9 5.0
127.14570878956347 11.048009038555193 8.9 5.0
127.1463587635482 11.057988670899348 8.9 5.0
127.14700878178427 11.067968301855448 8.9 5.0
127.1476588443155 11.077947931422079 8.9 5.0
127.14830895118595 11.08792755959786 8.9 5.0
127.14895910243956 11.097907186381454 8.9 5.0
127.1496092981204 11.10788681177142 8.9 5.0
127.15025953827235 11.117866435766441 8.9 5.0
127.1509098229395 11.127846058365087 8.9 5.0
127.15156015216589 11.137825679565987 8.9 5.0
127.15221052599551 11.147805299367787 8.9 5.0
127.15286094447242 11.157784917769076 8.9 5.0
127.15351140764069 11.167764534768478 8.9 5.0
127.15416191554439 11.177744150364614 8.9 5.0
127.15481246822759 11.187723764556111 8.9 5.0
127.15546306573441 11.197703377341554 8.9 5.0
127.15611370810892 11.20768298871959 8.9 5.0
127.15676439539529 11.217662598688834 8.9 5.0
127.1574151276376 11.22764220724787 8.9 5.0
127.15806590488 11.237621814395363 8.9 5.0
127.15871672716665 11.247601420129872 8.9 5.0
127.15936759454172 11.257581024450053 8.9 5.0
127.16001850704937 11.267560627354522 8.9 5.0
127.1606694647338 11.277540228841849 8.9 5.0
127.1613204676392 11.287519828910705 8.9 5.0
127.16197151580977 11.297499427559655 8.9 5.0
127.16262260928977 11.307479024787327 8.9 5.0
127.16327374812337 11.317458620592358 8.9 5.0
127.16392493235489 11.327438214973327 8.9 5.0
127.1645761620285 11.337417807928857 8.9 5.0
127.16522743718855 11.347397399457561 8.9 5.0
127.16587875787927 11.357376989558036 8.9 5.0
127.16653012414498 11.367356578228927 8.9 5.0
127.16718153602993 11.377336165468813 8.9 5.0
127.16783299357851 11.387315751276311 8.9 5.0
127.16848449683499 11.397295335650035 8.9 5.0
127.16913604584374 11.4072749185886 8.9 5.0
127.1697876406491 11.417254500090582 8.9 5.0
127.17043928129542 11.427234080154628 8.9 5.0
127.17109096782707 11.437213658779342 8.9 5.0
127.17174270028846 11.447193235963297 8.9 5.0
127.17239447872399 11.457172811705144 8.9 5.0
127.17304630317801 11.46715238600346 8.9 5.0
127.17369817369502 11.477131958856848 8.9 5.0
127.17435009031944 11.487111530263952 8.9 5.0
127.17500205309562 11.497091100223328 8.9 5.0
127.17565406206816 11.50707066873363 8.9 5.0
127.17630611728143 11.517050235793427 8.9 5.0
127.1769582187799 11.52702980140132 8.9 5.0
127.17761036660818 11.537009365555953 8.9 5.0
127.17826256081061 11.546988928255896 8.9 5.0
127.17891480143183 11.556968489499761 8.9 5.0
127.17956708851631 11.56694804928615 8.9 5.0
127.1802194221086 11.576927607613676 8.9 5.0
127.18087180225328 11.586907164480913 8.9 5.0
127.18152422899489 11.596886719886491 8.9 5.0
127.18217670237797 11.606866273829008 8.9 5.0
127.1828292224472 11.616845826307054 8.9 5.0
127.18348178924708 11.626825377319255 8.9 5.0
127.18413440282228 11.63680492686416 8.9 5.0
127.18478706321739 11.64678447494042 8.9 5.0
127.18543977047709 11.656764021546625 8.9 5.0
127.186092524646 11.666743566681339 8.9 5.0
127.18674532576877 11.676723110343213 8.9 5.0
127.1873981738901 11.686702652530807 8.9 5.0
127.18805106905465 11.696682193242717 8.9 5.0
127.18870401130714 11.706661732477581 8.9 5.0
127.18935700069224 11.716641270233957 8.9 5.0
127.19001003725471 11.726620806510459 8.9 5.0
127.19066312103926 11.736600341305678 8.9 5.0
127.19131625209067 11.746579874618199 8.9 5.0
127.19196943045365 11.756559406446657 8.9 5.0
127.192622656173 11.766538936789612 8.9 5.0
127.19327592929348 11.776518465645665 8.9 5.0
127.19392924985989 11.786497993013414 8.9 5.0
127.19458261791705 11.796477518891468 8.9 5.0
127.19523603350973 11.806457043278382 8.9 5.0
127.19588949668285 11.816436566172783 8.9 5.0
127.1965430074812 11.826416087573273 8.9 5.0
127.19719656594961 11.836395607478398 8.9 5.0
127.19785017213299 11.846375125886803 8.9 5.0
127.19850382607619 11.856354642797035 8.9 5.0
127.19915752782417 11.866334158207716 8.9 5.0
127.19981127742173 11.876313672117439 8.9 5.0
127.20046507491382 11.886293184524765 8.9 5.0
127.20111892034545 11.89627269542832 8.9 5.0
127.20177281376147 11.90625220482667 8.9 5.0
127.20242675520686 11.9162317127184 8.9 5.0
127.20308074472656 11.926211219102136 8.9 5.0
127.2037347823656 11.936190723976427 8.9 5.0
127.20438886816896 11.946170227339877 8.9 5.0
127.20504300218163 11.956149729191074 8.9 5.0
127.20569718444864 11.966129229528615 8.9 5.0
127.20635141501498 11.976108728351056 8.9 5.0
127.20700569392572 11.986088225657017 8.9 5.0
127.20766002122593 11.99606772144507 8.9 5.0
127.20831439696065 12.006047215713808 8.9 5.0
127.20896882117496 12.016026708461823 8.9 5.0
127.20962329391398 12.026006199687666 8.9 5.0
127.21027781522275 12.03598568938996 8.9 5.0
127.21093238514646 12.045965177567284 8.9 5.0
127.21158700373019 12.055944664218194 8.9 5.0
127.2122416710191 12.065924149341312 8.9 5.0
127.21289638705834 12.075903632935193 8.9 5.0
127.21355115189309 12.08588311499842 8.9 5.0
127.2142059655685 12.095862595529608 8.9 5.0
127.2148608281298 12.10584207452729 8.9 5.0
127.21551573962216 12.1158215519901 8.9 5.0
127.21617070009081 12.12580102791658 8.9 5.0
127.216825709581 12.135780502305312 8.9 5.0
127.21748076813793 12.145759975154917 8.9 5.0
127.21813587580688 12.155739446463931 8.9 5.0
127.2187910326331 12.165718916230954 8.9 5.0
127.21944623866192 12.17569838445456 8.9 5.0
127.2201014939386 12.185677851133326 8.9 5.0
127.22075679850842 12.195657316265837 8.9 5.0
127.22141215241678 12.205636779850668 8.9 5.0
127.22206755570889 12.215616241886408 8.9 5.0
127.22272300843018 12.2255957023716 8.9 5.0
127.22337851062602 12.235575161304867 8.9 5.0
127.22403406234172 12.24555461868474 8.9 5.0
127.2246896636227 12.255534074509828 8.9 5.0
127.22534531451439 12.26551352877871 8.9 5.0
127.2260010150621 12.275492981489924 8.9 5.0
127.22665676531133 12.285472432642093 8.9 5.0
127.2273125653075 12.295451882233753 8.9 5.0
127.22796841509603 12.305431330263485 8.9 5.0
127.2286243147224 12.31541077672989 8.9 5.0
127.22928026423212 12.325390221631512 8.9 5.0
127.22993626367061 12.335369664966933 8.9 5.0
127.23059231308342 12.345349106734725 8.9 5.0
127.23124841251601 12.355328546933448 8.9 5.0
127.23190456201398 12.365307985561715 8.9 5.0
127.23256076162279 12.375287422618058 8.9 5.0
127.23321701138804 12.385266858101055 8.9 5.0
127.23387331135528 12.39524629200928 8.9 5.0
127.2345296615701 12.405225724341305 8.9 5.0
127.23518606207806 12.415205155095695 8.9 5.0
127.23584251292479 12.425184584271026 8.9 5.0
127.23649901415591 12.435164011865877 8.9 5.0
127.237155565817 12.445143437878777 8.9 5.0
127.23781216795376 12.455122862308341 8.9 5.0
127.23846882061183 12.465102285153105 8.9 5.0
127.23912552383689 12.475081706411634 8.9 5.0
127.23978227767459 12.485061126082531 8.9 5.0
127.24043908217062 12.495040544164315 8.9 5.0
127.24109593737076 12.5050199606556 8.9 5.0
127.24175284332064 12.514999375554915 8.9 5.0
127.24240980006607 12.52497878886082 8.9 5.0
127.24306680765274 12.534958200571927 8.9 5.0
127.24372386612644 12.544937610686754 8.9 5.0
127.24438097553292 12.554917019203884 8.9 5.0
127.24503813591802 12.564896426121877 8.9 5.0
127.24569534732748 12.574875831439291 8.9 5.0
127.24635260980716 12.584855235154699 8.9 5.0
127.24700992340286 12.594834637266658 8.9 5.0
127.24766728816044 12.60481403777373 8.9 5.0
127.24832470412576 12.614793436674475 8.9 5.0
127.24898217134464 12.624772833967457 8.9 5.0
127.24963968986299 12.63475222965123 8.9 5.0
127.25029725972672 12.644731623724363 8.9 5.0
127.25095488098171 12.654711016185423 8.9 5.0
127.25161255367392 12.664690407032934 8.9 5.0
127.25227027784925 12.674669796265489 8.9 5.0
127.25292805355365 12.68464918388165 8.9 5.0
127.25358588083309 12.694628569879931 8.9 5.0
127.25424375973353 12.704607954258952 8.9 5.0
127.25490169030098 12.714587337017221 8.9 5.0
127.25555967258143 12.72456671815331 8.9 5.0
127.2562177066209 12.734546097665781 8.9 5.0
127.25687579246541 12.744525475553168 8.9 5.0
127.25753393016102 12.754504851814072 8.9 5.0
127.25819211975373 12.764484226447008 8.9 5.0
127.25885036128972 12.774463599450542 8.9 5.0
127.25950865481495 12.784442970823228 8.9 5.0
127.26016700037556 12.794422340563624 8.9 5.0
127.26082539801772 12.804401708670273 8.9 5.0
127.26148384778747 12.814381075141743 8.9 5.0
127.26214234973098 12.824360439976587 8.9 5.0
127.2628009038944 12.834339803173323 8.9 5.0
127.2634595103239 12.844319164730539 8.9 5.0
127.26411816906564 12.854298524646776 8.9 5.0
127.26477688016581 12.864277882920588 8.9 5.0
127.26543564367067 12.87425723955053 8.9 5.0
127.26609445962637 12.884236594535118 8.9 5.0
127.26675332807918 12.89421594787294 8.9 5.0
127.2674122490753 12.904195299562543 8.9 5.0
127.26807122266106 12.914174649602439 8.9 5.0
127.26873024888272 12.924153997991228 8.9 5.0
127.26938932778651 12.934133344727417 8.9 5.0
127.27004845941876 12.944112689809556 8.9 5.0
127.2707076438258 12.954092033236225 8.9 5.0
127.27136688105395 12.964071375005945 8.9 5.0
127.27202617114958 12.974050715117258 8.9 5.0
127.27268551415898 12.984030053568718 8.9 5.0
127.27334491012859 12.994009390358872 8.9 5.0
127.27400435910472 13.00398872548626 8.9 5.0
127.27466386113385 13.01396805894943 8.9 5.0
127.27532341626232 13.023947390746923 8.9 5.0
127.27598302453661 13.033926720877286 8.9 5.0
127.27664268600316 13.04390604933907 8.9 5.0
127.27730240070835 13.053885376130784 8.9 5.0
127.27796216869874 13.063864701251003 8.9 5.0
127.27862199002075 13.073844024698271 8.9 5.0
127.27928186472089 13.083823346471092 8.9 5.0
127.27994179284569 13.093802666568063 8.9 5.0
127.28060177444164 13.103781984987663 8.9 5.0
127.2812618095553 13.113761301728474 8.9 5.0
127.28192189823322 13.123740616789036 8.9 5.0
127.28258204052194 13.133719930167853 8.9 5.0
127.2832422364681 13.143699241863509 8.9 5.0
127.28390248611825 13.15367855187451 8.9 5.0
127.28456278951896 13.163657860199386 8.9 5.0
127.28522314671692 13.17363716683672 8.9 5.0
127.28588355775874 13.183616471785006 8.9 5.0
127.28654402269103 13.193595775042793 8.9 5.0
127.28720454156053 13.203575076608622 8.9 5.0
127.28786511441386 13.213554376481035 8.9 5.0
127.28852574129775 13.223533674658528 8.9 5.0
127.2891864222589 13.233512971139682 8.9 5.0
127.28984715734397 13.24349226592301 8.9 5.0
127.29050794659975 13.253471559007052 8.9 5.0
127.29116879007302 13.263450850390345 8.9 5.0
127.29182968781048 13.273430140071397 8.9 5.0
127.29249063985894 13.283409428048769 8.9 5.0
127.29315164626519 13.293388714320994 8.9 5.0
127.29381270707601 13.303367998886566 8.9 5.0
127.29447382233823 13.313347281744068 8.9 5.0
127.29513499209871 13.323326562891994 8.9 5.0
127.29579621640427 13.333305842328867 8.9 5.0
127.29645749530181 13.343285120053263 8.9 5.0
127.29711882883817 13.353264396063656 8.9 5.0
127.29778021706025 13.363243670358626 8.9 5.0
127.29844166001496 13.373222942936662 8.9 5.0
127.29910315774922 13.383202213796297 8.9 5.0
