galstreams/tracks/track.st.300S.fu2018.ecsv
# %ECSV 0.9
# ---
# datatype:
# - {name: ra, unit: deg, datatype: float64}
# - {name: dec, unit: deg, datatype: float64}
# - {name: distance, unit: kpc, datatype: float64}
# - {name: pm_ra_cosdec, unit: mas / yr, datatype: float64}
# - {name: pm_dec, unit: mas / yr, datatype: float64}
# - {name: radial_velocity, unit: km / s, datatype: float64}
# delimiter: ','
# meta: !!omap
# - __serialized_columns__:
#     dec:
#       __class__: astropy.coordinates.angles.Latitude
#       unit: &id001 !astropy.units.Unit {unit: deg}
#       value: !astropy.table.SerializedColumn {name: dec}
#     distance:
#       __class__: astropy.coordinates.distances.Distance
#       unit: !astropy.units.Unit {unit: kpc}
#       value: !astropy.table.SerializedColumn {name: distance}
#     pm_dec:
#       __class__: astropy.units.quantity.Quantity
#       unit: !astropy.units.Unit {unit: mas / yr}
#       value: !astropy.table.SerializedColumn {name: pm_dec}
#     pm_ra_cosdec:
#       __class__: astropy.units.quantity.Quantity
#       unit: !astropy.units.Unit {unit: mas / yr}
#       value: !astropy.table.SerializedColumn {name: pm_ra_cosdec}
#     ra:
#       __class__: astropy.coordinates.angles.Longitude
#       unit: *id001
#       value: !astropy.table.SerializedColumn {name: ra}
#       wrap_angle: !astropy.coordinates.Angle
#         unit: *id001
#         value: 360.0
#     radial_velocity:
#       __class__: astropy.units.quantity.Quantity
#       unit: !astropy.units.Unit {unit: km / s}
#       value: !astropy.table.SerializedColumn {name: radial_velocity}
# schema: astropy-2.0
ra,dec,distance,pm_ra_cosdec,pm_dec,radial_velocity
151.80000501357952,16.046962361140714,17.963332941832164,1.3322676295501878e-15,-1.1102230246251565e-16,298.52295912770677
151.85766463449525,16.04125141075772,17.940670901880875,2.220446049250313e-15,-2.220446049250313e-16,298.53036761193067
151.91531889759267,16.035508964117998,17.9180535425397,1.5543122344752192e-15,-2.220446049250313e-16,298.53713312262994
151.97296779616156,16.029735143979778,17.89548087634655,1.3322676295501878e-15,-2.220446049250313e-16,298.54325663843156
152.03061132365556,16.02393007310815,17.872952915839335,8.881784197001252e-16,-1.1102230246251565e-16,298.54873913796183
152.08824947369158,16.018093874275014,17.850469673555967,1.3322676295501878e-15,-4.440892098500626e-16,298.55358159984735
152.14588224004993,16.0122266702589,17.828031162034357,1.3322676295501878e-15,-1.1102230246251565e-16,298.55778500271464
152.20350961667407,16.0063285838449,17.805637393812418,1.3322676295501878e-15,-2.220446049250313e-16,298.5613503251904
152.26113159767058,16.000399737824523,17.783288381428065,8.881784197001252e-16,0.0,298.5642785459012
152.3187481773089,15.994440254995629,17.760984137419204,1.3322676295501878e-15,-1.1102230246251565e-16,298.5665706434735
152.37635935002146,15.988450258162244,17.73872467432374,1.5543122344752192e-15,-1.1102230246251565e-16,298.5682275965338
152.4339651104032,15.982429870134531,17.716510004679602,1.3322676295501878e-15,-3.3306690738754696e-16,298.5692503837089
152.4915654532116,15.976379213728624,17.694340141024693,1.5543122344752192e-15,-2.220446049250313e-16,298.56963998362517
152.54916037336662,15.970298411766542,17.672215095896924,1.1102230246251565e-15,-3.3306690738754696e-16,298.56939737490933
152.60674986595043,15.964187587076058,17.650134881834205,1.1102230246251565e-15,-1.1102230246251565e-16,298.5685235361878
152.66433392620726,15.958046862490626,17.628099511374447,1.1102230246251565e-15,-3.3306690738754696e-16,298.5670194460871
152.72191254954356,15.951876360849216,17.606108997055568,8.881784197001251e-16,-2.220446049250313e-16,298.564886083234
152.77948573152736,15.945676204996248,17.584163351415473,1.1102230246251565e-15,-3.3306690738754696e-16,298.56212442625514
152.83705346788852,15.93944651778147,17.562262586992077,8.881784197001252e-16,-2.220446049250313e-16,298.5587354537767
152.89461575451844,15.933187422059849,17.540406716323297,6.661338147750939e-16,-4.440892098500626e-16,298.5547201444256
152.9521725874699,15.926899040691461,17.518595751947032,1.1102230246251565e-15,-2.220446049250313e-16,298.55007947682816
153.00972396295697,15.920581496541393,17.496829706401197,6.661338147750939e-16,-3.3306690738754696e-16,298.5448144296111
153.0672698773549,15.914234912479591,17.475108592223712,1.5543122344752192e-15,-1.1102230246251565e-16,298.538925981401
153.12481032719987,15.907859411380818,17.453432421952485,6.661338147750939e-16,-2.220446049250313e-16,298.53241511082433
153.18234530918883,15.901455116124506,17.431801208125417,6.661338147750939e-16,-3.3306690738754696e-16,298.52528279650767
153.2398748201795,15.895022149594647,17.410214963280435,4.440892098500626e-16,0.0,298.5175300170778
153.29739885719005,15.888560634679706,17.388673699955447,6.661338147750939e-16,1.1102230246251565e-16,298.50915775116096
153.354917417399,15.882070694272517,17.367177430688354,4.440892098500626e-16,-3.3306690738754696e-16,298.50016697738386
153.41243049814526,15.875552451270119,17.345726168017084,1.7763568394002505e-15,-2.220446049250313e-16,298.49055867437306
153.46993809692768,15.869006028573734,17.32431992447953,6.661338147750939e-16,-2.220446049250313e-16,298.4803338207551
153.52744021140504,15.86243154908861,17.302958712613616,2.220446049250313e-16,-2.220446049250313e-16,298.46949339515675
153.5849368393958,15.855829135723923,17.281642544957254,8.881784197001252e-16,-1.1102230246251565e-16,298.4580383762043
153.64242797887815,15.849198911392673,17.260371434048356,8.881784197001252e-16,2.220446049250313e-16,298.4459697425244
153.69991362798962,15.842540999011606,17.239145392424827,1.1102230246251565e-15,1.1102230246251565e-16,298.43328847274375
153.75739378502718,15.835855521501045,17.217964432624576,2.220446049250313e-15,-4.440892098500626e-16,298.41999554548875
153.81486844844676,15.829142601784847,17.196828567185534,1.3322676295501878e-15,-1.1102230246251565e-16,298.40609193938593
153.87233761686332,15.822402362790283,17.175737808645586,1.5543122344752192e-15,-4.440892098500626e-16,298.3915786330621
153.92980128905057,15.815634927447915,17.15469216954266,1.7763568394002505e-15,-3.3306690738754696e-16,298.37645660514363
153.987259463941,15.808840418691515,17.133691662414666,6.661338147750939e-16,-4.440892098500626e-16,298.3607268342572
154.04471214062528,15.802018959457959,17.112736299799515,2.220446049250313e-16,-3.3306690738754696e-16,298.34439029902927
154.10215931835282,15.79517067268709,17.091826094235117,2.220446049250313e-16,1.1102230246251565e-16,298.32744797808647
154.15960099653077,15.788295681321683,17.07096105825938,4.440892098500626e-16,-3.3306690738754696e-16,298.3099008500552
154.2170371747245,15.781394108307268,17.05014120441022,1.1102230246251565e-15,-2.220446049250313e-16,298.29174989356244
154.27446785265715,15.77446607659208,17.029366545225557,1.3322676295501878e-15,-2.220446049250313e-16,298.2729960872344
154.33189303020941,15.76751170912695,17.008637093243284,2.2204460492503128e-16,-2.220446049250313e-16,298.25364040969754
154.38931270741944,15.760531128865189,16.98795286100133,4.440892098500626e-16,-1.1102230246251565e-16,298.23368383957893
154.4467268844829,15.753524458762469,16.96731386103759,6.661338147750939e-16,-1.1102230246251565e-16,298.2131273555046
154.50413556175238,15.746491821776772,16.946720105889995,6.661338147750939e-16,1.1102230246251565e-16,298.19197193610154
154.5615387397375,15.739433340868265,16.92617160809644,0.0,0.0,298.17021855999604
154.61893641910467,15.732349138999181,16.905668380194843,0.0,-2.220446049250313e-16,298.14786820581475
154.67632860067675,15.725239339133767,16.885210434723113,8.881784197001252e-16,-4.440892098500626e-16,298.12492185218434
154.73371528543345,15.7181040642381,16.86479778421917,0.0,-2.220446049250313e-16,298.1013804777312
154.79109647451028,15.710943437280106,16.844430441220915,2.220446049250313e-16,-2.220446049250313e-16,298.0772450610819
154.84847216919908,15.703757581229357,16.824108418266267,4.440892098500626e-16,-4.440892098500626e-16,298.0525165808632
154.9058423709476,15.696546619057022,16.803831727893137,0.0,-2.220446049250313e-16,298.0271960157015
154.96320708135917,15.689310673735777,16.78360038263943,-2.220446049250313e-16,-2.220446049250313e-16,298.00128434422345
155.02056630219272,15.682049868239677,16.763414395043064,6.661338147750939e-16,2.220446049250313e-16,297.9747825450556
155.07792003536275,15.674764325544055,16.74327377764195,1.1102230246251565e-15,2.220446049250313e-16,297.9476915968245
155.13526828293868,15.667454168625484,16.723178542973994,1.3322676295501878e-15,-4.440892098500626e-16,297.9200124781566
155.1926110471451,15.660119520461597,16.703128703577114,-2.220446049250313e-16,-1.1102230246251565e-16,297.8917461676787
155.24994833036132,15.652760504031056,16.68312427198922,4.440892098500626e-16,-3.3306690738754696e-16,297.86289364401733
155.30728013512132,15.645377242313423,16.663165260748226,6.661338147750939e-16,-1.1102230246251565e-16,297.8334558857988
155.36460646411354,15.63796985828909,16.643251682392034,4.440892098500626e-16,-1.1102230246251565e-16,297.80343387164993
155.42192732018074,15.630538474939128,16.623383549458566,2.220446049250313e-16,0.0,297.77282858019726
155.47924270631972,15.623083215245266,16.603560874485726,4.440892098500626e-16,1.1102230246251565e-16,297.7416409900673
155.53655262568117,15.615604202189752,16.58378367001144,4.440892098500626e-16,-1.1102230246251565e-16,297.7098720798866
155.59385708156944,15.608101558755257,16.564051948573596,1.1102230246251565e-15,-3.3306690738754696e-16,297.6775228282818
155.65115607744255,15.600575407924808,16.54436572271013,8.881784197001252e-16,-2.220446049250313e-16,297.6445942138794
155.70844961691162,15.593025872681658,16.52472500495893,2.220446049250313e-16,0.0,297.61108721530593
155.76573770374117,15.585453076009218,16.505129807857934,6.661338147750939e-16,1.1102230246251565e-16,297.57700281118804
155.82302034184855,15.577857140890968,16.48558014394503,2.220446049250313e-16,1.1102230246251565e-16,297.5423419801523
155.88029753530378,15.570238190310342,16.46607602575814,6.661338147750939e-16,1.1102230246251565e-16,297.5071057008253
155.93756928832963,15.562596347250654,16.44661746583518,2.220446049250313e-16,-3.3306690738754696e-16,297.47129495183344
155.99483560530106,15.554931734694993,16.42720447671405,8.881784197001251e-16,2.220446049250313e-16,297.4349107118035
156.0520964907453,15.547244475626151,16.407837070932672,-6.661338147750939e-16,-1.1102230246251565e-16,297.397953959362
156.10935194934163,15.539534693026487,16.388515261028946,0.0,-1.1102230246251565e-16,297.36042567313524
156.16660198592098,15.5318025098779,16.369239059540803,2.2204460492503128e-16,-2.220446049250313e-16,297.3223268317503
156.223846605466,15.52404804916169,16.35000847900613,4.440892098500626e-16,-1.1102230246251565e-16,297.2836584138332
156.28108581311065,15.516271433858487,16.330823531962864,4.440892098500626e-16,-1.1102230246251565e-16,297.2444213980109
156.33831961414012,15.508472786948147,16.311684230948895,6.661338147750939e-16,0.0,297.2046167629098
156.39554801399052,15.500652231409692,16.292590588502147,6.661338147750939e-16,3.3306690738754696e-16,297.16424548715656
156.452771018249,15.492809890221173,16.273542617160526,4.4408920985006257e-16,0.0,297.1233085493775
156.50998863265303,15.484945886359624,16.25454032946195,6.661338147750939e-16,-1.1102230246251565e-16,297.08180692819946
156.56720086309065,15.47706034280096,16.23558373794432,6.661338147750939e-16,-1.1102230246251565e-16,297.03974160224897
156.62440771560003,15.469153382519874,16.216672855145557,6.661338147750939e-16,-1.1102230246251565e-16,296.9971135501525
156.68160919636935,15.461225128489774,16.197807693603565,4.4408920985006257e-16,1.1102230246251565e-16,296.95392375053666
156.73880531173654,15.453275703682687,16.178988265856265,1.1102230246251565e-15,-3.3306690738754696e-16,296.91017318202796
156.7959960681893,15.445305231069128,16.16021458444156,8.881784197001252e-16,1.1102230246251565e-16,296.86586282325305
156.85318147236458,15.4373138336181,16.141486661897368,0.0,4.440892098500626e-16,296.8209936528385
156.91036153104844,15.429301634296936,16.1228045107616,-4.4408920985006257e-16,1.1102230246251565e-16,296.7755666494108
156.96753625117606,15.421268756071235,16.104168143572167,6.661338147750939e-16,3.3306690738754696e-16,296.72958279159667
157.02470563983124,15.413215321904799,16.08557757286697,0.0,-3.3306690738754696e-16,296.68304305802246
157.0818697042466,15.40514145475948,16.067032811183935,6.661338147750939e-16,-1.1102230246251565e-16,296.6359484273149
157.1390284518029,15.39704727759518,16.048533871060968,6.661338147750939e-16,-1.1102230246251565e-16,296.5882998781005
157.19618189002904,15.388932913369713,16.030080765035983,2.220446049250313e-16,1.1102230246251565e-16,296.5400983890058
157.25333002660204,15.380798485038744,16.011673505646886,4.440892098500626e-16,-3.3306690738754696e-16,296.49134493865745
157.31047286934648,15.372644115555666,15.993312105431595,-2.220446049250313e-16,-3.3306690738754696e-16,296.4420405056819
157.36761042623448,15.364469927871577,15.974996576928019,-2.2204460492503128e-16,1.1102230246251565e-16,296.3921860687058
157.42474270538563,15.356276044935143,15.956726932674066,-8.881784197001252e-16,-2.220446049250313e-16,296.3417826063557
157.48186971506647,15.348062589692542,15.93850318520765,-4.440892098500626e-16,-2.220446049250313e-16,296.2908310972582
157.53899146369042,15.339829685087377,15.920325347066688,6.661338147750939e-16,0.0,296.23933252003985
157.59610795981772,15.331577454060595,15.902193430789087,-2.220446049250313e-16,0.0,296.1872878533271
157.65321921215488,15.323306019550387,15.884107448912754,6.661338147750939e-16,2.220446049250313e-16,296.13469807574677
157.71032522955483,15.315015504492141,15.866067413975607,2.2204460492503128e-16,0.0,296.08156416592516
157.76742602101643,15.306706031818319,15.848073338515555,8.881784197001252e-16,2.220446049250313e-16,296.027887102489
157.82452159568442,15.298377724458415,15.830125235070515,8.881784197001252e-16,-2.220446049250313e-16,295.9736678640647
157.88161196284915,15.290030705338847,15.812223116178394,-2.220446049250313e-16,0.0,295.91890742927905
157.9386971319463,15.281665097382884,15.794366994377096,0.0,0.0,295.8636067767585
157.99577711255674,15.273281023510576,15.77655688220455,4.440892098500626e-16,0.0,295.8077668851296
158.05285191440635,15.264878606638662,15.758792792198651,6.661338147750939e-16,2.220446049250313e-16,295.75138873301887
158.10992154736573,15.256457969680511,15.741074736897318,4.440892098500626e-16,-6.661338147750939e-16,295.6944732990531
158.16698602144996,15.24801923554598,15.723402728838463,2.220446049250313e-16,4.440892098500626e-16,295.63702156185855
158.22404534681846,15.239562527141445,15.705776780559997,1.1102230246251565e-15,0.0,295.579034500062
158.28109953377472,15.23108796736962,15.688196904599831,4.440892098500626e-16,-2.220446049250313e-16,295.52051309228983
158.33814859276612,15.222595679129533,15.670663113495879,0.0,-2.220446049250313e-16,295.4614583171689
158.3951925343836,15.214085785316437,15.65317541978605,2.2204460492503128e-16,2.220446049250313e-16,295.4018711533255
158.45223136936164,15.205558408821721,15.635733836008251,4.440892098500626e-16,0.0,295.34175257938637
158.50926510857784,15.19701367253286,15.618338374700404,0.0,0.0,295.28110357397804
158.56629376305278,15.1884516993333,15.600989048400415,-6.661338147750939e-16,2.220446049250313e-16,295.21992511572694
158.62331734394982,15.179872612102436,15.583685869646194,6.661338147750939e-16,0.0,295.1582181832598
158.6803358625749,15.171276533715474,15.566428850975655,0.0,-2.220446049250313e-16,295.0959837552032
158.73734933037616,15.162663587043394,15.549218004926706,0.0,2.220446049250313e-16,295.0332228101835
158.79435775894393,15.154033894952887,15.532053344037267,-4.440892098500626e-16,-4.440892098500626e-16,294.9699363268275
158.8513611600103,15.145387580306227,15.51493488084524,1.1102230246251565e-15,-2.220446049250313e-16,294.90612528376164
158.90835954544912,15.136724765961265,15.497862627888544,-4.440892098500626e-16,0.0,294.8417906596126
158.96535292727552,15.128045574771296,15.480836597705082,0.0,0.0,294.77693343300666
159.0223413176459,15.119350129585015,15.463856802832778,-6.661338147750939e-16,0.0,294.71155458257084
159.07932472885756,15.110638553246455,15.446923255809535,2.2204460492503128e-16,-2.220446049250313e-16,294.6456550869314
159.13630317334864,15.101910968594877,15.430035969173264,2.220446049250313e-16,0.0,294.57923592471485
159.19327666369767,15.09316749846473,15.413194955461883,-6.661338147750939e-16,-2.220446049250313e-16,294.5122980745479
159.25024521262347,15.084408265685568,15.396400227213292,0.0,-2.220446049250313e-16,294.44484251505725
159.30720883298494,15.07563339308197,15.379651796965419,-4.440892098500626e-16,0.0,294.37687022486915
159.36416753778082,15.066843003473497,15.36294967725616,2.220446049250313e-16,0.0,294.3083821826104
159.42112134014937,15.05803721967458,15.346293880623435,0.0,2.220446049250313e-16,294.23937936690743
159.4780702533683,15.049216164494474,15.329684419605154,-8.881784197001251e-16,-2.220446049250313e-16,294.169862756387
159.5350142908543,15.040379960737198,15.313121306739227,2.220446049250313e-16,-2.220446049250313e-16,294.09983332967533
159.59195346616315,15.031528731201435,15.296604554563569,0.0,-2.220446049250313e-16,294.0292920653994
159.64888779298917,15.022662598680489,15.280134175616089,-6.661338147750939e-16,-2.220446049250313e-16,293.9582399421855
