galstreams/tracks/track.st.Elqui.shipp2019.ecsv
# %ECSV 0.9
# ---
# datatype:
# - {name: ra, unit: deg, datatype: float64}
# - {name: dec, unit: deg, datatype: float64}
# - {name: distance, unit: kpc, datatype: float64}
# - {name: pm_ra_cosdec, unit: mas / yr, datatype: float64}
# - {name: pm_dec, unit: mas / yr, datatype: float64}
# - {name: radial_velocity, unit: km / s, datatype: float64}
# delimiter: ','
# meta: !!omap
# - __serialized_columns__:
#     dec:
#       __class__: astropy.coordinates.angles.Latitude
#       unit: &id001 !astropy.units.Unit {unit: deg}
#       value: !astropy.table.SerializedColumn {name: dec}
#     distance:
#       __class__: astropy.coordinates.distances.Distance
#       unit: !astropy.units.Unit {unit: kpc}
#       value: !astropy.table.SerializedColumn {name: distance}
#     pm_dec:
#       __class__: astropy.units.quantity.Quantity
#       unit: !astropy.units.Unit {unit: mas / yr}
#       value: !astropy.table.SerializedColumn {name: pm_dec}
#     pm_ra_cosdec:
#       __class__: astropy.units.quantity.Quantity
#       unit: !astropy.units.Unit {unit: mas / yr}
#       value: !astropy.table.SerializedColumn {name: pm_ra_cosdec}
#     ra:
#       __class__: astropy.coordinates.angles.Longitude
#       unit: *id001
#       value: !astropy.table.SerializedColumn {name: ra}
#       wrap_angle: !astropy.coordinates.Angle
#         unit: *id001
#         value: 360.0
#     radial_velocity:
#       __class__: astropy.units.quantity.Quantity
#       unit: !astropy.units.Unit {unit: km / s}
#       value: !astropy.table.SerializedColumn {name: radial_velocity}
# schema: astropy-2.0
ra,dec,distance,pm_ra_cosdec,pm_dec,radial_velocity
[from data line 944]
20.92851807734957,-42.55669890131245,50.09999999998137,0.10529678477534345,-0.20476981435900227,3.699074584810321e-10
20.9398523713169,-42.562217675712375,50.09999999998133,0.10497037686439822,-0.20353382618614788,3.619245712419131e-10
20.951188147931518,-42.567735940851634,50.09999999998131,0.10464324203431866,-0.2022964334668333,3.539290528520993e-10
20.962525407717912,-42.57325369647597,50.099999999981264,0.10431537959071066,-0.2010576364591496,3.459082721608959e-10
20.973864151200623,-42.578770942331126,50.09999999998124,0.10398678883894942,-0.19981743542148678,3.3789170185325746e-10
20.985204378904257,-42.584287678162696,50.09999999998121,0.10365746908418035,-0.19857583061253464,3.2986250039492416e-10
20.996546091353416,-42.589803903716145,50.099999999981165,0.10332741963131789,-0.19733282229128274,3.2180382625163634e-10
21.007889289072786,-42.59531961873696,50.099999999981144,0.10299663978504647,-0.19608841071702038,3.1374515210834853e-10
21.019233972587067,-42.60083482297044,50.099999999981115,0.10266512884982026,-0.19484259614933755,3.0568647796506067e-10
21.03058014242102,-42.60634951616183,50.09999999998108,0.10233288612986302,-0.19359537884812428,2.976025415203832e-10
21.04192779909944,-42.61186369805629,50.099999999981044,0.10199991092916852,-0.1923467590735714,2.894933427743162e-10
21.053276943147157,-42.617377368398905,50.09999999998101,0.10166620255150015,-0.1910967370861711,2.8138835441181406e-10
21.06462757508906,-42.62289052693463,50.09999999998097,0.1013317603003912,-0.18984531314671604,2.7327494528218205e-10
21.07597969545006,-42.62840317340838,50.09999999998094,0.10099658347914492,-0.1885924875163007,2.6514890500185525e-10
21.08733330475512,-42.63391530756492,50.0999999999809,0.10066067139083437,-0.1873382604563209,2.5699760242013883e-10
21.098688403529234,-42.63942692914899,50.09999999998087,0.10032402333830256,-0.18608263222847446,2.488673517562471e-10
21.110044992297457,-42.644938037905185,50.09999999998084,0.09998663862416263,-0.18482560309476098,2.4069078687314104e-10
21.121403071584865,-42.650448633578044,50.09999999998081,0.09964851655079741,-0.18356717331748273,2.3250580122290512e-10
21.13276264191659,-42.655958715912014,50.09999999998077,0.0993096564203603,-0.18230734315924418,2.2432081557266923e-10
21.14412370381779,-42.66146828465146,50.09999999998074,0.09897005753477427,-0.18104611288295258,2.161358299224333e-10
21.15548625781367,-42.66697733954061,50.09999999998072,0.0986297191957326,-0.1797834827518182,2.0792137158724283e-10
21.16685030442948,-42.67248588032366,50.099999999980675,0.09828864070469888,-0.1785194530293545,1.9970691325205237e-10
21.17821584419052,-42.677993906744696,50.09999999998064,0.09794682136290647,-0.17725402397937812,1.9148824453329696e-10
21.189582877622094,-42.68350141854769,50.09999999998061,0.09760426047135934,-0.17598719586600953,1.832485238967169e-10
21.200951405249587,-42.68900841547657,50.099999999980575,0.09726095733083176,-0.17471896895367328,1.750088032601368e-10
21.212321427598397,-42.69451489727512,50.09999999998053,0.09691691124186784,-0.17344934350709762,1.6673960993860216e-10
21.223692945193978,-42.700020863687094,50.099999999980504,0.09657212150478243,-0.1721783197913152,1.5846620623350258e-10
21.235065958561815,-42.70552631445611,50.099999999980476,0.0962265874196605,-0.1709058980716634,1.502012232955329e-10
21.24644046822744,-42.7110312493257,50.09999999998043,0.09588030828635742,-0.16963207861378396,1.4191518843973852e-10
21.25781647471641,-42.71653566803934,50.0999999999804,0.0955332834044993,-0.1683568616836243,1.3362073281681426e-10
21.26919397855435,-42.722039570340385,50.099999999980355,0.09518551207348222,-0.16708024754743625,1.253136460431952e-10
21.28057298026687,-42.7275429559721,50.09999999998034,0.09483699359247295,-0.1658022364717776,1.1699392811888133e-10
21.291953480379696,-42.733045824677674,50.099999999980305,0.09448772726040904,-0.16452282872351193,1.0866999981100253e-10
21.30333547941854,-42.73854817620021,50.09999999998026,0.0941377123759982,-0.16324202456980835,1.0033765073599385e-10
21.314718977909155,-42.744050010282706,50.09999999998023,0.09378694823771906,-0.16195982427814232,9.199267051029036e-11
21.326103976377354,-42.74955132666807,50.0999999999802,0.0934354341438206,-0.1606762281162955,8.364347990102193e-11
21.33749047534898,-42.755052125099134,50.09999999998016,0.09308316939232276,-0.15939123635235608,7.527744775749376e-11
21.34887847534991,-42.76055240531861,50.09999999998013,0.09273015328101611,-0.1581048492547198,6.691562599753054e-11
21.360267976906066,-42.76605216706917,50.099999999980085,0.09237638510746182,-0.1568170670920885,5.853275231974262e-11
21.371658980543405,-42.77155141009334,50.099999999980064,0.09202186416899195,-0.15552789013347185,5.014987864195471e-11
21.38305148678792,-42.777050134133596,50.099999999980035,0.09166658976270924,-0.1542373186481868,4.174805823812458e-11
21.39444549616566,-42.7825483389323,50.09999999997999,0.0913105611854875,-0.15294535290585803,3.334413264251199e-11
21.405841009202682,-42.788046024231754,50.09999999997996,0.09095377773397134,-0.15165199317641845,2.49402070468994e-11
21.417238026425103,-42.79354318977413,50.099999999979936,0.09059623870457614,-0.15035723973010878,1.6511019149897186e-11
21.428636548359076,-42.79903983530152,50.099999999979886,0.09023794339348865,-0.14906109283747854,8.083936444677445e-12
21.44003657553079,-42.80453596055594,50.09999999997985,0.08987889109666593,-0.14776355276938558,-3.578826030195744e-13
21.451438108466466,-42.81003156527932,50.099999999979815,0.08951908110983675,-0.1464646197969967,-8.797596458934126e-12
21.462841147692373,-42.81552664921348,50.09999999997978,0.0891585127285007,-0.1451642941917881,-1.7249941465543485e-11
21.474245693734808,-42.82102121210016,50.09999999997975,0.08879718524792829,-0.14386257622554474,-2.5712812431065184e-11
21.4856517471201,-42.826515253680995,50.09999999997972,0.08843509796316146,-0.14255946617036191,-3.417989378015182e-11
21.497059308374652,-42.83200877369757,50.09999999997967,0.08807225016901335,-0.14125496429864437,-4.264486993745599e-11
21.508468378024855,-42.83750177189131,50.099999999979644,0.08770864116006802,-0.13994907088310649,-5.11266876290199e-11
21.519878956597154,-42.84299424800362,50.099999999979616,0.08734427023068089,-0.13864178619677342,-5.962534685484356e-11
21.531291044618055,-42.84848620177578,50.09999999997957,0.08697913667497911,-0.1373331105129807,-6.810926973818993e-11
21.542704642614073,-42.85397763294896,50.09999999997953,0.08661323978686039,-0.1360230441053743,-7.661003415579607e-11
21.55411975111177,-42.85946854126428,50.09999999997952,0.08624657885999445,-0.13471158724791163,-8.51297452994444e-11
21.565536370637748,-42.86495892646275,50.099999999979474,0.08587915318782226,-0.13339874021486092,-9.36389304841804e-11
21.57695450171864,-42.87044878828529,50.09999999997944,0.08551096206355598,-0.1320845032808019,-1.0216706239495861e-10
21.58837414488111,-42.87593812647272,50.0999999999794,0.0851420047801797,-0.13076887672062587,-1.1069308911395435e-10
21.59979530065188,-42.88142694076579,50.09999999997936,0.08477228063044845,-0.12945186080953622,-1.1922332621651504e-10
21.61121796955768,-42.88691523090514,50.099999999979325,0.0844017889068896,-0.12813345582304836,-1.2777040485333546e-10
21.622642152125298,-42.89240299663133,50.099999999979296,0.0840305289018013,-0.12681366203698954,-1.3630906272302602e-10
21.634067848881553,-42.897890237684805,50.099999999979254,0.08365849990725395,-0.12549247972750072,-1.448645621269763e-10
21.64549506035329,-42.90337695380597,50.099999999979225,0.08328570121508949,-0.12416990917103457,-1.5342848229805646e-10
21.6569237870674,-42.90886314473507,50.0999999999792,0.08291213211692129,-0.12284595064435729,-1.6199029727735416e-10
21.66835402955081,-42.91434881021232,50.099999999979154,0.0825377919041349,-0.12152060442454807,-1.7055842783199928e-10
21.67978578833047,-42.919833949977814,50.09999999997912,0.08216267986788743,-0.12019387078900004,-1.791307687702093e-10
21.69121906393339,-42.92531856377156,50.099999999979076,0.08178679529910783,-0.1188657500154195,-1.8771574085911417e-10
21.70265385688658,-42.93080265133347,50.09999999997905,0.08141013748849706,-0.11753624238182714,-1.9630071294801902e-10
21.714090167717128,-42.936286212403374,50.099999999979005,0.08103270572652782,-0.11620534816655761,-2.0489410580405374e-10
21.725527996952128,-42.941769246721,50.09999999997897,0.08065449930344487,-0.11487306764826002,-2.1348749866008844e-10
21.736967345118696,-42.94725175402599,50.099999999978934,0.08027551750926518,-0.11353940110589829,-2.2209141747503552e-10
21.74840821274404,-42.9527337340579,50.099999999978905,0.07989575963377724,-0.11220434881875092,-2.3068902071463518e-10
21.75985060035533,-42.958215186556174,50.09999999997887,0.07951522496654215,-0.11086791106641189,-2.39309781063842e-10
21.771294508479826,-42.9636961112602,50.09999999997884,0.07913391279689289,-0.10953008812878984,-2.479221206459189e-10
21.782739937644806,-42.969176507909246,50.0999999999788,0.07875182241393452,-0.10819088028611012,-2.565386706115608e-10
21.79418688837756,-42.97465637624248,50.09999999997877,0.07836895310654454,-0.10685028781891306,-2.651741673032449e-10
21.80563536120545,-42.98013571599901,50.09999999997873,0.07798530416337261,-0.10550831100805512,-2.738012432277991e-10
21.817085356655852,-42.98561452691784,50.09999999997869,0.07760087487284045,-0.10416495013470929,-2.8243042434413574e-10
21.828536875256177,-42.99109280873786,50.09999999997866,0.07721566452314257,-0.10282020548036477,-2.910638158440374e-10
21.839989917533856,-42.9965705611979,50.09999999997863,0.07682967240224528,-0.10147407732682776,-2.9971194368641627e-10
21.851444484016394,-43.00204778403667,50.09999999997858,0.07644289779788778,-0.10012656595622141,-3.0835375595344777e-10
21.86290057523129,-43.007524476992835,50.09999999997856,0.07605533999758152,-0.09877767165098592,-3.169955682204792e-10
21.8743581917061,-43.0130006398049,50.09999999997851,0.07566699828861037,-0.09742739469387904,-3.25652116829988e-10
21.8858173339684,-43.01847627221134,50.09999999997847,0.07527787195803098,-0.09607573536797631,-3.343044550559318e-10
21.897278002545796,-43.023951373950474,50.09999999997844,0.07488796029267233,-0.09472269395667077,-3.42967319240788e-10
21.90874019796596,-43.029425944760604,50.0999999999784,0.07449726257913614,-0.0933682707436743,-3.516280782338617e-10
21.920203920756553,-43.0348999843799,50.099999999978365,0.0741057781037967,-0.0920124660130163,-3.6029094241871784e-10
21.931669171445304,-43.04037349254642,50.099999999978316,0.07371350615280131,-0.09065528004904569,-3.6895380660357404e-10
21.943135950559935,-43.045846468998164,50.0999999999783,0.07332044601206952,-0.08929671313642956,-3.776271967473425e-10
21.954604258628258,-43.05131891347303,50.09999999997825,0.07292659696729417,-0.08793676556015445,-3.862963765075461e-10
21.966074096178062,-43.05679082570881,50.09999999997822,0.07253195830394049,-0.08657543760552584,-3.949781874184445e-10
21.97754546373721,-43.06226220544324,50.09999999997819,0.07213652930724698,-0.08521272955816925,-4.0364736717864804e-10
21.989018361833576,-43.067733052413914,50.09999999997814,0.07174030926222491,-0.08384864170402949,-4.1232707289776396e-10
22.00049279099505,-43.07320336635836,50.09999999997812,0.07134329745365826,-0.08248317432937183,-4.210173045757922e-10
22.011968751749606,-43.07867314701402,50.099999999978074,0.07094549316610456,-0.08111632772078135,-4.296991154866906e-10
22.02344624462521,-43.08414239411825,50.099999999978024,0.07054689568389373,-0.07974810216516412,-4.3838303158937145e-10
22.034925270149856,-43.089611107408274,50.099999999978,0.0701475042911295,-0.07837849794974641,-4.470764210550734e-10
22.04640582885159,-43.095079286621264,50.09999999997796,0.069747318271688,-0.07700751536207592,-4.557656001372104e-10
22.057887921258484,-43.10054693149426,50.09999999997792,0.06934633690921918,-0.0756351546900212,-4.6445793700702117e-10
22.069371547898648,-43.10601404176428,50.099999999977896,0.06894455948714584,-0.07426141622177201,-4.731450108973757e-10
22.080856709300203,-43.11148061716816,50.099999999977854,0.06854198528866429,-0.07288630024584086,-4.818436633425338e-10
22.092343405991322,-43.1169466574427,50.09999999997782,0.06813861359674385,-0.07150980705106096,-4.905370528082358e-10
22.1038316385002,-43.1224121623246,50.099999999977776,0.0677344436941277,-0.07013193692658826,-4.992336000616115e-10
22.115321407355065,-43.12787713155046,50.09999999997775,0.06732947486333178,-0.06875269016190064,-5.079290947190959e-10
22.126812713084178,-43.13334156485678,50.0999999999777,0.06692370638664592,-0.06737206704679918,-5.166266945683627e-10
22.138305556215826,-43.138805461979956,50.099999999977676,0.06651713754613339,-0.0659900678714074,-5.253337677806508e-10
22.149799937278335,-43.144268822656365,50.099999999977626,0.06610976762363094,-0.0646066929261719,-5.340303150340264e-10
22.161295856800052,-43.1497316466222,50.0999999999776,0.0657015959007489,-0.06322194250186258,-5.427289674791846e-10
22.17279331530936,-43.15519393361359,50.099999999977555,0.0652926216588711,-0.06183581688957322,-5.514318303079076e-10
22.184292313334673,-43.1606556833666,50.09999999997753,0.06488284417915546,-0.060448316380721075,-5.601304827530657e-10
22.195792851404434,-43.166116895617165,50.09999999997748,0.06447226274253322,-0.059059441267047444,-5.688322929858976e-10
22.207294930047123,-43.17157757010115,50.09999999997744,0.06406087662970955,-0.057669191840617806,-5.775330506228382e-10
22.21879854979123,-43.17703770655433,50.0999999999774,0.06364868512116335,-0.056277568393822267,-5.862348608556699e-10
22.230303711165295,-43.182497304712356,50.09999999997737,0.06323568749714757,-0.0548845712193759,-5.949366710885018e-10
22.24181041469788,-43.18795636431081,50.099999999977335,0.06282188303768879,-0.05349020061031829,-6.036416391090073e-10
22.25331866091759,-43.1934148850852,50.0999999999773,0.06240727102258797,-0.05209445686001452,-6.123350285747092e-10
22.26482845035303,-43.198872866770884,50.09999999997726,0.06199185073141945,-0.05069734026215502,-6.210357862116499e-10
22.27633978353286,-43.204330309103185,50.09999999997722,0.0615756214435322,-0.04929885111075588,-6.29734438656808e-10
22.28785266098577,-43.20978721181729,50.099999999977186,0.061158582438049065,-0.047898989700159,-6.384309859101836e-10
22.299367083240462,-43.21524357464834,50.09999999997714,0.06074073299386682,-0.04649775632503256,-6.471275331635594e-10
22.310883050825673,-43.22069939733133,50.09999999997711,0.060322072389656874,-0.04509515128037141,-6.55824080416935e-10
22.322400564270183,-43.226154679601194,50.099999999977065,0.0599025999038644,-0.04369117486149636,-6.645153646908544e-10
22.333919624102776,-43.23160942119275,50.09999999997704,0.05948231481470923,-0.04228582736405567,-6.732108593483388e-10
22.345440230852294,-43.23706362184076,50.099999999976994,0.059061216400185385,-0.04087910908402442,-6.819021436222583e-10
22.35696238504759,-43.242517281279845,50.09999999997696,0.058639303938061084,-0.03947102031770484,-6.905913227043953e-10
22.368486087217537,-43.24797039924457,50.09999999997692,0.05821657670587943,-0.03806156136172745,-6.992805017865324e-10
22.380011337891055,-43.25342297546939,50.09999999997687,0.057793033980957594,-0.03665073251304994,-7.079665230809957e-10
22.391538137597088,-43.25887500968868,50.099999999976845,0.057368675040387195,-0.03523853406895823,-7.166509654816221e-10
22.403066486864596,-43.264326501636695,50.0999999999768,0.056943499161035055,-0.03382496632706661,-7.253306712007381e-10
22.41459638622259,-43.26977745104762,50.09999999997677,0.05651750561954176,-0.03241002958531769,-7.34010376919854e-10
22.426127836200077,-43.27522785765554,50.09999999997673,0.05609069369232326,-0.030993724141982933,-7.426879774471875e-10
22.437660837326128,-43.280677721194444,50.099999999976696,0.05566306265556995,-0.029576050295662976,-7.51361367590956e-10
