galstreams/tracks/track.st.Pal5.ibata2021.ecsv
# %ECSV 1.0
# ---
# datatype:
# - {name: ra, unit: deg, datatype: float64}
# - {name: dec, unit: deg, datatype: float64}
# - {name: distance, unit: kpc, datatype: float64}
# - {name: pm_ra_cosdec, unit: mas / yr, datatype: float64}
# - {name: pm_dec, unit: mas / yr, datatype: float64}
# - {name: radial_velocity, unit: km / s, datatype: float64}
# delimiter: ','
# meta: !!omap
# - __serialized_columns__:
#     dec:
#       __class__: astropy.coordinates.angles.Latitude
#       unit: &id001 !astropy.units.Unit {unit: deg}
#       value: !astropy.table.SerializedColumn {name: dec}
#     distance:
#       __class__: astropy.coordinates.distances.Distance
#       unit: !astropy.units.Unit {unit: kpc}
#       value: !astropy.table.SerializedColumn {name: distance}
#     pm_dec:
#       __class__: astropy.units.quantity.Quantity
#       unit: !astropy.units.Unit {unit: mas / yr}
#       value: !astropy.table.SerializedColumn {name: pm_dec}
#     pm_ra_cosdec:
#       __class__: astropy.units.quantity.Quantity
#       unit: !astropy.units.Unit {unit: mas / yr}
#       value: !astropy.table.SerializedColumn {name: pm_ra_cosdec}
#     ra:
#       __class__: astropy.coordinates.angles.Longitude
#       unit: *id001
#       value: !astropy.table.SerializedColumn {name: ra}
#       wrap_angle: !astropy.coordinates.Angle
#         unit: *id001
#         value: 360.0
#     radial_velocity:
#       __class__: astropy.units.quantity.Quantity
#       unit: !astropy.units.Unit {unit: km / s}
#       value: !astropy.table.SerializedColumn {name: radial_velocity}
# schema: astropy-2.0
ra,dec,distance,pm_ra_cosdec,pm_dec,radial_velocity
223.09446153773624,-7.4834761448983205,17.813346538952818,-2.9219270386565626,-3.678707591461187,-85.31273137544463
223.0993219878569,-7.47283825315623,17.82431160911353,-2.922019625226871,-3.6772394091649474,-85.226039168925
223.10418669783283,-7.46220662643113,17.835260708231722,-2.9221111511572273,-3.6757719944750566,-85.13948257725387
223.1090556652852,-7.4515812616222545,17.846193845923725,-2.922201618385615,-3.6743053475748217,-85.05306148769945
223.1139288878366,-7.44096215562879,17.85711103180587,-2.922291028849476,-3.672839468647643,-84.96677578752958
223.11880636311133,-7.4303493053496235,17.86801227549449,-2.9223793844857004,-3.671374357877005,-84.88062536401274
223.12368808873507,-7.419742707683595,17.878897586605916,-2.9224666872306435,-3.669910015446485,-84.79461010441722
223.12857406233522,-7.409142359529244,17.889766974756473,-2.9225529390201146,-3.668446441539749,-84.70872989601095
223.13346428154063,-7.39854825778508,17.900620449562496,-2.92263814178938,-3.6669836363405577,-84.62298462606246
223.1383587439817,-7.387960399349297,17.91145802064031,-2.9227222974731726,-3.6655216000327613,-84.53737418183948
223.1432574472904,-7.377378781120031,17.922279697606253,-2.9228054080056785,-3.6640603328003007,-84.45189845061044
223.14816038910016,-7.36680339999524,17.933085490076653,-2.9228874753205463,-3.6625998348272106,-84.36655731964358
223.15306756704612,-7.356234252872631,17.943875407667832,-2.922968501350892,-3.6611401062976205,-84.28135067620707
223.15797897876465,-7.345671336649872,17.95464945999613,-2.923048488029294,-3.659681147395753,-84.196278407569
223.16289462189397,-7.335114648224333,17.965407656677872,-2.9231274372877922,-3.6582229583059225,-84.11134040099763
223.16781449407355,-7.32456418449336,17.976150007329398,-2.923205351057893,-3.6567655392125387,-84.0265365437612
223.17273859294457,-7.3140199423539975,17.98687652156703,-2.923282231270573,-3.655308890300111,-83.9418667231278
223.17766691614958,-7.30348191870327,17.9975872090071,-2.9233580798562704,-3.6538530117532395,-83.85733082636574
223.18259946133273,-7.292950110437913,18.008282079265935,-2.9234328987448985,-3.652397903756623,-83.77292874074298
223.18753622613957,-7.282424514454628,18.01896114195987,-2.9235066898658366,-3.650943566495057,-83.68866035352804
223.19247720821724,-7.271905127649826,18.02962440670523,-2.9235794551479333,-3.649490000153433,-83.60452555198876
223.19742240521435,-7.261391946919882,18.040271883118354,-2.9236511965195113,-3.648037204916742,-83.52052422339364
223.20237181478092,-7.250884969160985,18.05090358081557,-2.923721915908366,-3.6465851809700727,-83.4366562550107
223.20732543456862,-7.240384191269099,18.06151950941321,-2.923791615241764,-3.6451339284986117,-83.35292153410813
223.21228326223041,-7.229889610140155,18.072119678527596,-2.923860296446444,-3.643683447687645,-83.26931994795429
223.21724529542084,-7.219401222669812,18.082704097775053,-2.92392796144863,-3.642233738722561,-83.18585138381714
223.22221153179586,-7.20891902575369,18.09327277677194,-2.923994612174009,-3.6407848017888447,-83.10251572896497
223.227181969013,-7.198443016287151,18.10382572513456,-2.924060250547756,-3.6393366370720837,-83.01931287066587
223.23215660473113,-7.187973191165528,18.11436295247925,-2.9241248784945197,-3.63788924475797,-82.93624269618829
223.23713543661069,-7.177509547283881,18.124884468422344,-2.9241884979384274,-3.63644262503229,-82.85330509280007
223.24211846231344,-7.167052081537254,18.135390282580175,-2.924251110803087,-3.6349967780809385,-82.77049994776976
223.2471056795027,-7.1566007908204154,18.145880404569066,-2.9243127190115885,-3.633551704089911,-82.68782714836526
223.25209708584325,-7.146155672028093,18.15635484400535,-2.924373324486503,-3.632107403245305,-82.60528658185493
223.25709267900112,-7.135716722054867,18.166813610505365,-2.924432929149887,-3.630663875733324,-82.5228781355069
223.2620924566441,-7.1252839377950785,18.17725671368543,-2.9244915349232765,-3.6292211217402737,-82.4406016965893
223.2670964164411,-7.1148573161430635,18.18768416316188,-2.924549143727693,-3.6277791414525655,-82.35845715237053
223.2721045560627,-7.104436853992886,18.19809596855105,-2.924605757483651,-3.6263379350567155,-82.2764443901186
223.27711687318066,-7.094022548238607,18.208492139469257,-2.9246613781111446,-3.624897502739347,-82.19456329710167
223.28213336546844,-7.08361439577401,18.21887268553285,-2.9247160075296526,-3.6234578446871843,-82.11281376058801
223.2871540306007,-7.073212393492884,18.229237616358144,-2.9247696476581537,-3.622018961087065,-82.03119566784584
223.29217886625364,-7.062816538288748,18.23958694156148,-2.924822300415107,-3.620580852125927,-81.94970890614313
223.2972078701048,-7.052426827055118,18.249920670759185,-2.9248739677184643,-3.6191435179908216,-81.86835336274852
223.30224103983318,-7.0420432566852496,18.260238813567582,-2.9249246514856724,-3.617706958868904,-81.7871289249298
223.30727837311912,-7.0316658240723635,18.27054137960301,-2.9249743536336634,-3.616271174947439,-81.70603547995528
223.31231986764433,-7.021294526109552,18.280828378481797,-2.925023076078871,-3.6148361664138,-81.62507291509314
223.31736552109209,-7.010929359689676,18.291099819820275,-2.9250708207372167,-3.6134019334554695,-81.54424111761155
223.32241533114686,-7.000570321705599,18.301355713234774,-2.925117589524121,-3.6119684762600404,-81.4635399747789
223.32746929549464,-6.9902174090499365,18.31159606834162,-2.9251633843544993,-3.6105357950152137,-81.38296937386303
223.3325274118227,-6.979870618615297,18.321820894757145,-2.9252082071427643,-3.609103889908805,-81.30252920213233
223.33758967781978,-6.969529947294036,18.332030202097684,-2.925252059802826,-3.607672761128734,-81.22221934685507
223.34265609117585,-6.95919539197852,18.342223999979566,-2.9252949442480944,-3.6062424088630394,-81.14203969529929
223.3477266495825,-6.948866949560863,18.352402298019115,-2.9253368623914784,-3.6048128332998672,-81.06199013473325
223.35280135073248,-6.938544616933146,18.362565105832672,-2.925377816145387,-3.6033840346274757,-80.9820705524252
223.35788019231987,-6.928228390987338,18.37271243303656,-2.925417807421734,-3.601956013034238,-80.90228083564318
223.36296317204028,-6.917918268615186,18.38284428924711,-2.925456838131934,-3.6005287687086405,-80.82262087165537
223.36805028759056,-6.907614246708456,18.39296068408065,-2.925494910186906,-3.5991023018392827,-80.74309054773025
223.37314153666895,-6.8973163221586535,18.403061627153523,-2.9255320254970707,-3.597676612614874,-80.66368975113555
223.37823691697503,-6.88702449185731,18.413147128082034,-2.9255681859723563,-3.5962517012242436,-80.58441836914
223.38333642620972,-6.876738752695703,18.423217196482547,-2.925603393522198,-3.594827567856334,-80.50527628901129
223.38844006207526,-6.8664591015651295,18.433271841971365,-2.9256376500555383,-3.593404212700203,-80.42626339801792
223.39354782227528,-6.856185535356638,18.443311074164836,-2.9256709574808237,-3.5919816359450207,-80.34737958342801
223.39865970451459,-6.845918050961304,18.453334902679277,-2.9257033177060174,-3.5905598377800803,-80.26862473250964
223.40377570649957,-6.835656645269955,18.46334333713103,-2.925734732638585,-3.589138818394784,-80.18999873253117
223.40889582593778,-6.825401315173408,18.473336387136413,-2.9257652041855096,-3.5877185779786593,-80.1115014707606
223.41402006053798,-6.815152057562366,18.483314062311766,-2.9257947342532784,-3.58629911672134,-80.03313283446633
223.41914840801053,-6.80490886932733,18.493276372273417,-2.9258233247479,-3.5848804348125882,-79.95489271091645
223.4242808660668,-6.7946717473588265,18.503223326637695,-2.9258509775748904,-3.583462532442279,-79.87678098737901
223.42941743241977,-6.784440688547139,18.51315493502093,-2.925877694639281,-3.582045409800406,-79.79879755112249
223.43455810478343,-6.774215689782579,18.523071207039457,-2.9259034778456225,-3.5806290670770817,-79.72094228941482
223.4397028808733,-6.763996747955228,18.532972152309604,-2.925928329097979,-3.5792135044625417,-79.64321508952436
223.44485175840606,-6.753783859955186,18.542857780447697,-2.9259522502999284,-3.577798722147135,-79.56561583871921
223.45000473509978,-6.743577022672325,18.552728101070073,-2.925975243354573,-3.5763847203213373,-79.48814442426767
223.4551618086737,-6.733376232996515,18.562583123793058,-2.925997310164532,-3.574971499175741,-79.4108007334378
223.4603229768484,-6.72318148781752,18.572422858232986,-2.926018452631945,-3.573559058901058,-79.33358465349777
223.46548823734585,-6.712992784024915,18.582247314006185,-2.9260386726584673,-3.5721473996881263,-79.25649607171582
223.4706575878891,-6.702810118508299,18.59205650072898,-2.9260579721452835,-3.570736521727903,-79.17953487536035
223.4758310262026,-6.692633488157047,18.601850428017713,-2.926076352993098,-3.5693264252114663,-79.10270095169912
223.48100855001204,-6.682462889860572,18.611629105488706,-2.926093817102137,-3.5679171103300162,-79.02599418800071
223.4861901570444,-6.6722983205080535,18.621392542758294,-2.92611036637215,-3.56650857727488,-78.9494144715331
223.49137584502787,-6.6621397769887105,18.631140749442803,-2.926126002702418,-3.5651008262375052,-78.87296168956452
223.49656561169198,-6.6519872561915445,18.640873735158568,-2.926140727991743,-3.5636938574094614,-78.79663572936325
223.50175945476738,-6.641840755005579,18.650591509521917,-2.9261545441384547,-3.5622876709824465,-78.72043647819727
223.50695737198618,-6.6317002703196355,18.660294082149175,-2.9261674530404127,-3.5608822671482794,-78.64436382333504
223.5121593610815,-6.621565799022527,18.669981462656683,-2.926179456595004,-3.559477646098902,-78.56841765204452
223.51736541978784,-6.611437338002986,18.679653660660765,-2.926190556699143,-3.5580738080263865,-78.4925978515941
223.52257554584094,-6.601314884149554,18.68931068577776,-2.92620075524928,-3.5566707531229267,-78.41690430925186
223.52778973697772,-6.591198434350818,18.69895254762398,-2.9262100541413933,-3.5552684815808444,-78.34133691228601
223.5330079909364,-6.581087985495148,18.70857925581577,-2.9262184552709956,-3.5538669935925866,-78.26589554796453
223.53823030545638,-6.57098353447096,18.718190819969458,-2.9262259605331318,-3.5524662893507273,-78.19058010355594
223.54345667827835,-6.560885078166449,18.72778724970137,-2.926232571822377,-3.5510663690479656,-78.11539046632832
223.54868710714405,-6.55079261346986,18.73736855462785,-2.926238291032849,-3.5496672328771277,-78.04032652354977
223.55392158979672,-6.540706137269231,18.746934744365213,-2.9262431200581958,-3.548268881031173,-77.96538816248868
223.5591601239805,-6.530625646452641,18.75648582852979,-2.9262470607916056,-3.5468713137031838,-77.890575270413
223.56440270744102,-6.520551137907961,18.76602181673792,-2.9262501151258005,-3.54547453108637,-77.81588773459107
223.56964933792491,-6.510482608523078,18.77554271860593,-2.9262522849530463,-3.544078533374073,-77.741325442291
223.57490001318013,-6.500420055185797,18.78504854375015,-2.92625357216514,-3.5426833207597617,-77.6668882807811
223.5801547309558,-6.490363474783763,18.794539301786905,-2.9262539786534307,-3.541288893437037,-77.5925761373293
223.58541348900218,-6.480312864204653,18.80401500233253,-2.9262535063087984,-3.539895251599625,-77.51838889920415
223.59067628507086,-6.470268220335953,18.813475655003366,-2.926252157021666,-3.5385023954413852,-77.44432645367345
223.59594311691447,-6.460229540065191,18.82292126941573,-2.926249932682006,-3.5371103251563065,-77.37038868800582
223.60121398228694,-6.45019682027971,18.832351855185955,-2.9262468351793287,-3.5357190409385084,-77.2965754894691
223.60648887894328,-6.440170057866887,18.84176742193037,-2.926242866402691,-3.534328542982241,-77.22288674533165
223.61176780463978,-6.430149249713915,18.85116797926531,-2.9262380282406966,-3.5329388314818884,-77.14932234286158
223.61705075713382,-6.42013439270804,18.8605535368071,-2.926232322581492,-3.5315499066319633,-77.07588216932717
223.62233773418404,-6.4101254837363,18.869924104172078,-2.926225751312773,-3.530161768627112,-77.00256611199653
223.62762873355018,-6.400122519685766,18.879279690976567,-2.9262183163217825,-3.528774417662112,-76.92937405813787
223.63292375299312,-6.390125497443453,18.888620306836895,-2.926210019495315,-3.5273878539318755,-76.85630589501952
223.63822279027502,-6.3801344138961875,18.897945961369405,-2.926200862719711,-3.5260020776314462,-76.78336150990935
223.643525843159,-6.370149265930875,18.90725666419043,-2.926190847880864,-3.524617088956,-76.71054079007585
223.6488329094096,-6.360170050434221,18.91655242491628,-2.926179976864219,-3.5232328881008512,-76.63784362278696
223.65414398679226,-6.350196764293,18.925833253163294,-2.9261682515547727,-3.521849475261443,-76.56526989531108
223.65945907307375,-6.340229404393784,18.935099158547803,-2.926155673837072,-3.5204668506333556,-76.49281949491643
223.66477816602182,-6.330267967623221,18.944350150686137,-2.926142245595226,-3.5190850144123047,-76.42049230887093
223.67010126340554,-6.320312450867755,18.95358623919464,-2.9261279687128865,-3.5177039667941354,-76.34828822444311
223.67542836299498,-6.3103628510138865,18.962807433689623,-2.9261128450732734,-3.516323707974836,-76.27620712890082
223.68075946256133,-6.300419164948032,18.97201374378742,-2.9260968765591557,-3.5149442381505254,-76.20424890951247
223.68609455987706,-6.290481389556469,18.981205179104375,-2.926080065052861,-3.513565557517458,-76.13241345354622
223.6914336527156,-6.280549521725533,18.990381749256805,-2.926062412436276,-3.512187666272026,-76.06070064827021
223.69677673885167,-6.270623558341385,18.999543463861038,-2.926043920590847,-3.5108105646107606,-75.98911038095267
223.70212381606086,-6.26070349629025,19.00869033253342,-2.9260245913975775,-3.509434252730324,-75.91764253886187
223.7074748821202,-6.2507893324581705,19.017822364890268,-2.926004426737036,-3.5080587308275213,-75.8462970092659
223.71282993480753,-6.240881063731261,19.026939570547917,-2.9259834284893507,-3.50668399909929,-75.77507367943274
223.71818897190207,-6.230978686995458,19.03604195912269,-2.9259615985342085,-3.50531005774271,-75.70397243663103
223.72355199118383,-6.221082199136765,19.04512954023094,-2.9259389387508654,-3.5039369069549933,-75.63299316812862
223.72891899043427,-6.21119159704102,19.05420232348897,-2.9259154510181395,-3.5025645469334985,-75.56213576119382
223.7342899674357,-6.201306877594086,19.063260318513127,-2.9258911372144127,-3.5011929778757143,-75.4914001030948
223.73966491997157,-6.191428037681789,19.072303534919737,-2.9258659992176312,-3.4998221999792727,-75.42078608109986
223.74504384582653,-6.181555074189807,19.08133198232513,-2.925840038905314,-3.498452213441944,-75.35029358247695
223.75042674278617,-6.171687984003899,19.090345670345627,-2.925813258154541,-3.4970830184616397,-75.27992249449447
223.75581360863737,-6.161826764009641,19.099344608597573,-2.925785658841964,-3.4957146152364085,-75.20967270442053
223.7612044411678,-6.15197141109269,19.108328806697298,-2.925757242843802,-3.4943470039644384,-75.1395440995233
223.76659923816652,-6.142121922138543,19.117298274261127,-2.9257280120358438,-3.49298018484406,-75.06953656707097
223.77199799742337,-6.132278294032761,19.126253020905384,-2.9256979682934525,-3.491614158073745,-74.9996499943318
223.77740071672957,-6.122440523660749,19.135193056246415,-2.9256671134915577,-3.490248923852102,-74.92988426857393
223.78280739387716,-6.112608607907951,19.144118389900534,-2.925635449504667,-3.4888844823778875,-74.86023927706556
223.78821802665934,-6.102782543659776,19.153029031484085,-2.9256029782068538,-3.4875208338499917,-74.79071490707489
223.79363261287037,-6.092962327801493,19.161924990613386,-2.9255697014717743,-3.4861579784674506,-74.72131104587007
223.79905115030553,-6.083147957218459,19.17080627690478,-2.9255356211726524,-3.484795916429441,-74.65202758071929
223.80447363676132,-6.073339428795861,19.17967289997459,-2.9255007391822896,-3.4834346479352853,-74.5828643988909
223.809900070035,-6.063536739418981,19.188524869439146,-2.925465057373068,-3.482074173184443,-74.51382138765288
