galstreams/tracks/track.st.Pal5.starkman2020.ecsv
# %ECSV 1.0
# ---
# datatype:
# - {name: ra, unit: deg, datatype: float64}
# - {name: dec, unit: deg, datatype: float64}
# - {name: distance, unit: kpc, datatype: float64}
# - {name: pm_ra_cosdec, unit: mas / yr, datatype: float64}
# - {name: pm_dec, unit: mas / yr, datatype: float64}
# - {name: radial_velocity, unit: km / s, datatype: float64}
# delimiter: ','
# meta: !!omap
# - __serialized_columns__:
#     dec:
#       __class__: astropy.coordinates.angles.Latitude
#       unit: &id001 !astropy.units.Unit {unit: deg}
#       value: !astropy.table.SerializedColumn {name: dec}
#     distance:
#       __class__: astropy.coordinates.distances.Distance
#       unit: !astropy.units.Unit {unit: kpc}
#       value: !astropy.table.SerializedColumn {name: distance}
#     pm_dec:
#       __class__: astropy.units.quantity.Quantity
#       unit: !astropy.units.Unit {unit: mas / yr}
#       value: !astropy.table.SerializedColumn {name: pm_dec}
#     pm_ra_cosdec:
#       __class__: astropy.units.quantity.Quantity
#       unit: !astropy.units.Unit {unit: mas / yr}
#       value: !astropy.table.SerializedColumn {name: pm_ra_cosdec}
#     ra:
#       __class__: astropy.coordinates.angles.Longitude
#       unit: *id001
#       value: !astropy.table.SerializedColumn {name: ra}
#       wrap_angle: !astropy.coordinates.Angle
#         unit: *id001
#         value: 360.0
#     radial_velocity:
#       __class__: astropy.units.quantity.Quantity
#       unit: !astropy.units.Unit {unit: km / s}
#       value: !astropy.table.SerializedColumn {name: radial_velocity}
# schema: astropy-2.0
ra,dec,distance,pm_ra_cosdec,pm_dec,radial_velocity
[from data line 1702]
225.43114016078772,-3.645838426741276,22.499999999999993,0.0,0.0,-0.0
225.42457527821435,-3.653527730642478,22.499999999999996,0.0,0.0,-0.0
225.4180131089114,-3.6612201634846375,22.49999999999999,0.0,0.0,-0.0
225.4114536531406,-3.668915725758983,22.499999999999993,0.0,0.0,-0.0
225.40489691116377,-3.676614417956925,22.499999999999996,0.0,0.0,-0.0
225.39834288324298,-3.6843162405700367,22.49999999999999,0.0,0.0,-0.0
225.39179156964036,-3.692021194090059,22.49999999999999,0.0,0.0,-0.0
225.3852429706182,-3.6997292790089027,22.499999999999996,0.0,0.0,-0.0
225.37869708643896,-3.707440495818648,22.49999999999999,0.0,0.0,-0.0
225.37215391736524,-3.71515484501153,22.499999999999993,0.0,0.0,-0.0
225.36561346365977,-3.722872327079968,22.49999999999999,0.0,0.0,-0.0
225.35907572558546,-3.730592942516535,22.49999999999999,0.0,0.0,-0.0
225.35254070340525,-3.73831669181398,22.499999999999993,0.0,0.0,-0.0
225.34600839738246,-3.7460435754652157,22.49999999999999,0.0,0.0,-0.0
225.33947880778032,-3.7537735939633117,22.499999999999996,0.0,0.0,-0.0
225.33295193486236,-3.7615067478015174,22.499999999999993,0.0,0.0,-0.0
225.3264277788922,-3.76924303747324,22.499999999999993,0.0,0.0,-0.0
225.3199063401336,-3.776982463472054,22.499999999999993,0.0,0.0,-0.0
225.3133876188505,-3.7847250262916963,22.499999999999993,0.0,0.0,-0.0
225.30687161530705,-3.792470726426077,22.499999999999996,0.0,0.0,-0.0
225.30035832976745,-3.800219564369258,22.49999999999999,0.0,0.0,-0.0
225.29384776249606,-3.807971540615473,22.49999999999999,0.0,0.0,-0.0
225.28733991375745,-3.8157266556591236,22.499999999999993,0.0,0.0,-0.0
225.28083478381637,-3.823484909994767,22.499999999999993,0.0,0.0,-0.0
225.27433237293764,-3.831246304117134,22.49999999999999,0.0,0.0,-0.0
225.26783268138627,-3.839010838521103,22.49999999999999,0.0,0.0,-0.0
225.26133570942744,-3.8467785137017305,22.499999999999993,0.0,0.0,-0.0
225.2548414573265,-3.854549330154231,22.499999999999993,0.0,0.0,-0.0
225.24834992534895,-3.862323288373979,22.499999999999993,0.0,0.0,-0.0
225.2418611137604,-3.8701003888565184,22.49999999999999,0.0,0.0,-0.0
225.23537502282667,-3.8778806320975434,22.49999999999999,0.0,0.0,-0.0
225.22889165281376,-3.8856640185929217,22.499999999999993,0.0,0.0,-0.0
225.22241100398776,-3.893450548838676,22.499999999999993,0.0,0.0,-0.0
225.215933076615,-3.901240223330992,22.499999999999993,0.0,0.0,-0.0
225.2094578709619,-3.9090330425662225,22.499999999999993,0.0,0.0,-0.0
225.20298538729512,-3.916829007040866,22.499999999999993,0.0,0.0,-0.0
225.19651562588137,-3.9246281172515984,22.499999999999993,0.0,0.0,-0.0
225.19004858698767,-3.932430373695246,22.499999999999993,0.0,0.0,-0.0
225.18358427088108,-3.9402357768687963,22.499999999999993,0.0,0.0,-0.0
225.17712267782892,-3.9480443272694026,22.499999999999993,0.0,0.0,-0.0
225.17066380809857,-3.955856025394374,22.49999999999999,0.0,0.0,-0.0
225.16420766195773,-3.9636708717411713,22.499999999999993,0.0,0.0,-0.0
225.1577542396741,-3.971488866807427,22.499999999999993,0.0,0.0,-0.0
225.15130354151563,-3.9793100110909267,22.499999999999993,0.0,0.0,-0.0
225.1448555677505,-3.987134305089615,22.499999999999993,0.0,0.0,-0.0
225.13841031864695,-3.994961749301596,22.49999999999999,0.0,0.0,-0.0
225.1319677944734,-4.002792344225124,22.499999999999993,0.0,0.0,-0.0
225.12552799549852,-4.010626090358625,22.499999999999993,0.0,0.0,-0.0
225.1190909219911,-4.018462988200673,22.499999999999993,0.0,0.0,-0.0
225.1126565742201,-4.026303038250001,22.499999999999993,0.0,0.0,-0.0
225.10622495245468,-4.034146241005501,22.49999999999999,0.0,0.0,-0.0
225.09979605696415,-4.041992596966221,22.499999999999996,0.0,0.0,-0.0
225.09336988801797,-4.049842106631364,22.49999999999999,0.0,0.0,-0.0
225.08694644588584,-4.05769477050029,22.499999999999993,0.0,0.0,-0.0
225.08052573083756,-4.065550589072516,22.499999999999993,0.0,0.0,-0.0
225.07410774314323,-4.073409562847715,22.499999999999993,0.0,0.0,-0.0
225.06769248307296,-4.081271692325719,22.499999999999996,0.0,0.0,-0.0
225.06127995089713,-4.089136978006502,22.49999999999999,0.0,0.0,-0.0
225.05487014688634,-4.097005420390207,22.499999999999993,0.0,0.0,-0.0
225.0484630713113,-4.104877019977128,22.499999999999993,0.0,0.0,-0.0
225.04205872444288,-4.112751777267709,22.499999999999993,0.0,0.0,-0.0
225.03565710655224,-4.120629692762559,22.49999999999999,0.0,0.0,-0.0
225.02925821791058,-4.128510766962425,22.49999999999999,0.0,0.0,-0.0
225.0228620587894,-4.136395000368221,22.49999999999999,0.0,0.0,-0.0
225.0164686294603,-4.144282393481006,22.499999999999996,0.0,0.0,-0.0
225.0100779301951,-4.152172946802002,22.499999999999993,0.0,0.0,-0.0
225.00368996126585,-4.160066660832578,22.499999999999993,0.0,0.0,-0.0
224.99730472294465,-4.1679635360742475,22.499999999999993,0.0,0.0,-0.0
224.99092221550396,-4.1758635730286935,22.499999999999993,0.0,0.0,-0.0
224.98454243921628,-4.183766772197737,22.499999999999993,0.0,0.0,-0.0
224.97816539435436,-4.19167313408336,22.499999999999993,0.0,0.0,-0.0
224.97179108119116,-4.19958265918769,22.499999999999996,0.0,0.0,-0.0
224.96541949999974,-4.207495348013012,22.499999999999993,0.0,0.0,-0.0
224.95905065105347,-4.2154112010617535,22.499999999999993,0.0,0.0,-0.0
224.95268453462583,-4.223330218836499,22.499999999999993,0.0,0.0,-0.0
224.94632115099049,-4.231252401839984,22.499999999999996,0.0,0.0,-0.0
224.9399605004213,-4.239177750575095,22.499999999999993,0.0,0.0,-0.0
224.93360258319237,-4.247106265544866,22.499999999999993,0.0,0.0,-0.0
224.92724739957796,-4.2550379472524735,22.499999999999993,0.0,0.0,-0.0
224.9208949498525,-4.262972796201261,22.49999999999999,0.0,0.0,-0.0
224.91454523429067,-4.270910812894705,22.499999999999996,0.0,0.0,-0.0
224.90819825316728,-4.2788519978364405,22.499999999999996,0.0,0.0,-0.0
224.9018540067573,-4.286796351530253,22.499999999999993,0.0,0.0,-0.0
224.8955124953361,-4.294743874480064,22.499999999999993,0.0,0.0,-0.0
224.889173719179,-4.302694567189959,22.49999999999999,0.0,0.0,-0.0
224.88283767856169,-4.3106484301641546,22.49999999999999,0.0,0.0,-0.0
224.8765043737599,-4.31860546390703,22.49999999999999,0.0,0.0,-0.0
224.87017380504975,-4.326565668923104,22.499999999999996,0.0,0.0,-0.0
224.86384597270737,-4.334529045717052,22.499999999999993,0.0,0.0,-0.0
224.85752087700925,-4.342495594793679,22.499999999999993,0.0,0.0,-0.0
224.85119851823197,-4.350465316657951,22.49999999999999,0.0,0.0,-0.0
224.84487889665235,-4.358438211814974,22.499999999999993,0.0,0.0,-0.0
224.83856201254738,-4.366414280770009,22.49999999999999,0.0,0.0,-0.0
224.83224786619434,-4.3743935240284495,22.499999999999993,0.0,0.0,-0.0
224.82593645787063,-4.382375942095843,22.499999999999993,0.0,0.0,-0.0
224.81962778785388,-4.390361535477878,22.499999999999996,0.0,0.0,-0.0
224.81332185642188,-4.3983503046803945,22.499999999999993,0.0,0.0,-0.0
224.80701866385272,-4.406342250209373,22.499999999999993,0.0,0.0,-0.0
224.80071821042466,-4.414337372570941,22.499999999999993,0.0,0.0,-0.0
224.7944204964161,-4.422335672271362,22.499999999999993,0.0,0.0,-0.0
224.78812552210573,-4.430337149817052,22.499999999999996,0.0,0.0,-0.0
224.7818332877724,-4.438341805714571,22.499999999999993,0.0,0.0,-0.0
224.7755437936952,-4.4463496404706175,22.499999999999993,0.0,0.0,-0.0
224.76925704015338,-4.454360654592039,22.499999999999986,0.0,0.0,-0.0
224.76297302742648,-4.462374848585821,22.499999999999993,0.0,0.0,-0.0
224.75669175579415,-4.47039222295909,22.49999999999999,0.0,0.0,-0.0
224.75041322553636,-4.47841277821912,22.499999999999993,0.0,0.0,-0.0
224.74413743693322,-4.486436514873326,22.499999999999993,0.0,0.0,-0.0
224.73786439026506,-4.4944634334292655,22.499999999999993,0.0,0.0,-0.0
224.73159408581247,-4.502493534394635,22.49999999999999,0.0,0.0,-0.0
224.72532652385615,-4.51052681827727,22.499999999999993,0.0,0.0,-0.0
224.71906170467716,-4.518563285585154,22.499999999999993,0.0,0.0,-0.0
224.71279962855664,-4.526602936826409,22.499999999999996,0.0,0.0,-0.0
224.70654029577608,-4.534645772509292,22.499999999999993,0.0,0.0,-0.0
224.70028370661706,-4.5426917931422075,22.499999999999993,0.0,0.0,-0.0
224.6940298613614,-4.5507409992337005,22.499999999999996,0.0,0.0,-0.0
224.68777876029125,-4.558793391292443,22.499999999999993,0.0,0.0,-0.0
224.68153040368884,-4.566848969827261,22.499999999999993,0.0,0.0,-0.0
224.67528479183673,-4.574907735347114,22.49999999999999,0.0,0.0,-0.0
224.66904192501758,-4.582969688361101,22.49999999999999,0.0,0.0,-0.0
224.66280180351438,-4.591034829378461,22.499999999999993,0.0,0.0,-0.0
224.65656442761036,-4.599103158908562,22.499999999999996,0.0,0.0,-0.0
224.65032979758885,-4.607174677460925,22.499999999999993,0.0,0.0,-0.0
224.64409791373348,-4.615249385545196,22.499999999999993,0.0,0.0,-0.0
224.6378687763281,-4.623327283671168,22.499999999999993,0.0,0.0,-0.0
224.6316423856568,-4.631408372348767,22.499999999999993,0.0,0.0,-0.0
224.6254187420038,-4.63949265208805,22.499999999999993,0.0,0.0,-0.0
224.61919784565373,-4.647580123399224,22.499999999999993,0.0,0.0,-0.0
224.6129796968913,-4.655670786792619,22.499999999999993,0.0,0.0,-0.0
224.60676429600147,-4.663764642778712,22.499999999999993,0.0,0.0,-0.0
224.60055164326945,-4.671861691868109,22.499999999999996,0.0,0.0,-0.0
224.5943417389807,-4.679961934571555,22.49999999999999,0.0,0.0,-0.0
224.58813458342084,-4.688065371399924,22.49999999999999,0.0,0.0,-0.0
224.5819301768758,-4.696172002864234,22.499999999999993,0.0,0.0,-0.0
224.57572851963175,-4.704281829475632,22.499999999999993,0.0,0.0,-0.0
224.56952961197499,-4.712394851745403,22.499999999999993,0.0,0.0,-0.0
224.56333345419208,-4.7205110701849655,22.499999999999993,0.0,0.0,-0.0
224.55714004656994,-4.728630485305865,22.499999999999993,0.0,0.0,-0.0
224.5509493893956,-4.736753097619791,22.49999999999999,0.0,0.0,-0.0
224.54476148295635,-4.744878907638559,22.49999999999999,0.0,0.0,-0.0
224.5385763275397,-4.753007915874121,22.499999999999993,0.0,0.0,-0.0
224.53239392343346,-4.761140122838567,22.499999999999993,0.0,0.0,-0.0
224.52621427092564,-4.769275529044102,22.499999999999993,0.0,0.0,-0.0
224.52003737030444,-4.777414135003083,22.499999999999993,0.0,0.0,-0.0
224.51386322185837,-4.785555941227991,22.499999999999986,0.0,0.0,-0.0
224.5076918258762,-4.793700948231435,22.49999999999999,0.0,0.0,-0.0
224.50152318264682,-4.801849156526156,22.499999999999996,0.0,0.0,-0.0
224.4953572924595,-4.8100005666250425,22.499999999999993,0.0,0.0,-0.0
224.48919415560366,-4.818155179041084,22.499999999999993,0.0,0.0,-0.0
224.483033772369,-4.826312994287427,22.499999999999993,0.0,0.0,-0.0
224.47687614304542,-4.834474012877333,22.49999999999999,0.0,0.0,-0.0
224.47072126792312,-4.842638235324203,22.499999999999993,0.0,0.0,-0.0
224.46456914729254,-4.850805662141563,22.499999999999996,0.0,0.0,-0.0
224.45841978144435,-4.858976293843066,22.49999999999999,0.0,0.0,-0.0
224.45227317066943,-4.8671501309424965,22.499999999999996,0.0,0.0,-0.0
224.446129315259,-4.875327173953772,22.499999999999996,0.0,0.0,-0.0
224.43998821550443,-4.883507423390933,22.49999999999999,0.0,0.0,-0.0
224.4338498716974,-4.891690879768153,22.499999999999993,0.0,0.0,-0.0
224.42771428412976,-4.899877543599726,22.499999999999993,0.0,0.0,-0.0
224.42158145309372,-4.9080674154000805,22.499999999999993,0.0,0.0,-0.0
224.4154513788817,-4.916260495683773,22.499999999999993,0.0,0.0,-0.0
224.40932406178638,-4.924456784965483,22.49999999999999,0.0,0.0,-0.0
224.4031995021006,-4.9326562837600205,22.499999999999993,0.0,0.0,-0.0
224.39707770011756,-4.940858992582316,22.499999999999993,0.0,0.0,-0.0
224.3909586561307,-4.949064911947432,22.499999999999996,0.0,0.0,-0.0
224.3848423704337,-4.957274042370559,22.499999999999993,0.0,0.0,-0.0
224.3787288433204,-4.965486384367007,22.499999999999993,0.0,0.0,-0.0
224.37261807508511,-4.973701938452215,22.499999999999993,0.0,0.0,-0.0
224.36651006602222,-4.981920705141751,22.49999999999999,0.0,0.0,-0.0
224.36040481642638,-4.990142684951294,22.499999999999993,0.0,0.0,-0.0
224.35430232659263,-4.998367878396662,22.499999999999996,0.0,0.0,-0.0
224.34820259681618,-5.006596285993793,22.499999999999993,0.0,0.0,-0.0
224.34210562739247,-5.01482790825875,22.499999999999993,0.0,0.0,-0.0
224.33601141861723,-5.023062745707718,22.499999999999996,0.0,0.0,-0.0
224.32991997078653,-5.031300798857,22.5,0.0,0.0,-0.0
224.32383128419656,-5.039542068223034,22.499999999999993,0.0,0.0,-0.0
224.31774535914386,-5.047786554322373,22.499999999999986,0.0,0.0,-0.0
224.31166219592524,-5.056034257671692,22.499999999999993,0.0,0.0,-0.0
224.30558179483774,-5.064285178787794,22.499999999999993,0.0,0.0,-0.0
224.29950415617867,-5.072539318187602,22.49999999999999,0.0,0.0,-0.0
224.29342928024565,-5.080796676388156,22.499999999999993,0.0,0.0,-0.0
224.28735716733652,-5.08905725390662,22.499999999999993,0.0,0.0,-0.0
224.2812878177494,-5.0973210512602805,22.499999999999993,0.0,0.0,-0.0
224.27522123178258,-5.105588068966549,22.499999999999993,0.0,0.0,-0.0
224.26915740973487,-5.113858307542949,22.5,0.0,0.0,-0.0
224.2630963519051,-5.122131767507133,22.499999999999986,0.0,0.0,-0.0
224.25703805859249,-5.13040844937686,22.499999999999996,0.0,0.0,-0.0
224.2509825300965,-5.138688353670026,22.499999999999993,0.0,0.0,-0.0
224.2449297667169,-5.146971480904633,22.499999999999993,0.0,0.0,-0.0
224.2388797687537,-5.155257831598813,22.49999999999999,0.0,0.0,-0.0
224.23283253650712,-5.163547406270802,22.499999999999996,0.0,0.0,-0.0
224.22678807027782,-5.17184020543897,22.499999999999993,0.0,0.0,-0.0
224.22074637036653,-5.180136229621797,22.499999999999996,0.0,0.0,-0.0
224.21470743707445,-5.188435479337885,22.499999999999993,0.0,0.0,-0.0
224.20867127070295,-5.19673795510595,22.499999999999993,0.0,0.0,-0.0
224.20263787155366,-5.2050436574448256,22.499999999999996,0.0,0.0,-0.0
224.19660723992854,-5.213352586873463,22.499999999999986,0.0,0.0,-0.0
224.19057937612982,-5.221664743910934,22.49999999999999,0.0,0.0,-0.0
224.18455428046002,-5.22998012907642,22.499999999999993,0.0,0.0,-0.0
224.1785319532219,-5.238298742889225,22.49999999999999,0.0,0.0,-0.0
224.17251239471852,-5.246620585868769,22.499999999999996,0.0,0.0,-0.0
224.1664956052533,-5.254945658534579,22.499999999999993,0.0,0.0,-0.0
224.16048158512973,-5.263273961406308,22.499999999999993,0.0,0.0,-0.0
224.15447033465185,-5.271605495003716,22.499999999999993,0.0,0.0,-0.0
224.1484618541238,-5.279940259846682,22.499999999999996,0.0,0.0,-0.0
224.1424561438501,-5.288278256455202,22.49999999999999,0.0,0.0,-0.0
224.13645320413548,-5.296619485349378,22.499999999999993,0.0,0.0,-0.0
224.13045303528503,-5.30496394704943,22.499999999999993,0.0,0.0,-0.0
224.1244556376041,-5.313311642075696,22.499999999999993,0.0,0.0,-0.0
224.11846101139827,-5.321662570948622,22.499999999999993,0.0,0.0,-0.0
224.11246915697353,-5.330016734188764,22.5,0.0,0.0,-0.0
224.106480074636,-5.3383741323168055,22.499999999999993,0.0,0.0,-0.0
224.10049376469232,-5.346734765853521,22.499999999999993,0.0,0.0,-0.0
224.0945102274492,-5.355098635319811,22.499999999999993,0.0,0.0,-0.0
224.08852946321372,-5.363465741236685,22.499999999999993,0.0,0.0,-0.0
224.0825514722933,-5.371836084125264,22.499999999999993,0.0,0.0,-0.0
224.07657625499556,-5.3802096645067845,22.499999999999993,0.0,0.0,-0.0
224.07060381162853,-5.38858648290258,22.49999999999999,0.0,0.0,-0.0
224.06463414250047,-5.39696653983411,22.499999999999993,0.0,0.0,-0.0
224.05866724791989,-5.405349835822934,22.49999999999999,0.0,0.0,-0.0
224.0527031281957,-5.413736371390727,22.499999999999993,0.0,0.0,-0.0
224.046741783637,-5.422126147059278,22.499999999999993,0.0,0.0,-0.0
224.04078321455336,-5.430519163350469,22.499999999999996,0.0,0.0,-0.0
224.0348274212544,-5.438915420786309,22.499999999999993,0.0,0.0,-0.0
224.02887440405027,-5.447314919888909,22.49999999999999,0.0,0.0,-0.0
224.02292416325128,-5.455717661180482,22.49999999999999,0.0,0.0,-0.0
224.01697669916808,-5.46412364518336,22.499999999999996,0.0,0.0,-0.0
224.0110320121117,-5.472532872419975,22.499999999999993,0.0,0.0,-0.0
224.00509010239332,-5.480945343412871,22.499999999999993,0.0,0.0,-0.0
223.9991509703246,-5.489361058684697,22.499999999999993,0.0,0.0,-0.0
