galstreams/tracks/track.st.Molonglo.grillmair2017b.ecsv
# %ECSV 0.9
# ---
# datatype:
# - {name: ra, unit: deg, datatype: float64}
# - {name: dec, unit: deg, datatype: float64}
# - {name: distance, unit: kpc, datatype: float64}
# - {name: pm_ra_cosdec, unit: mas / yr, datatype: float64}
# - {name: pm_dec, unit: mas / yr, datatype: float64}
# - {name: radial_velocity, unit: km / s, datatype: float64}
# delimiter: ','
# meta: !!omap
# - __serialized_columns__:
#     dec:
#       __class__: astropy.coordinates.angles.Latitude
#       unit: &id001 !astropy.units.Unit {unit: deg}
#       value: !astropy.table.SerializedColumn {name: dec}
#     distance:
#       __class__: astropy.coordinates.distances.Distance
#       unit: !astropy.units.Unit {unit: kpc}
#       value: !astropy.table.SerializedColumn {name: distance}
#     pm_dec:
#       __class__: astropy.units.quantity.Quantity
#       unit: !astropy.units.Unit {unit: mas / yr}
#       value: !astropy.table.SerializedColumn {name: pm_dec}
#     pm_ra_cosdec:
#       __class__: astropy.units.quantity.Quantity
#       unit: !astropy.units.Unit {unit: mas / yr}
#       value: !astropy.table.SerializedColumn {name: pm_ra_cosdec}
#     ra:
#       __class__: astropy.coordinates.angles.Longitude
#       unit: *id001
#       value: !astropy.table.SerializedColumn {name: ra}
#       wrap_angle: !astropy.coordinates.Angle
#         unit: *id001
#         value: 360.0
#     radial_velocity:
#       __class__: astropy.units.quantity.Quantity
#       unit: !astropy.units.Unit {unit: km / s}
#       value: !astropy.table.SerializedColumn {name: radial_velocity}
# schema: astropy-2.0
ra,dec,distance,pm_ra_cosdec,pm_dec,radial_velocity
[from data line 708]
4.199727071245028,-20.164936150125094,19.999999999999968,0.0,0.0,0.0
4.1914376509975195,-20.15865046282134,19.99999999999997,0.0,0.0,0.0
4.1831490045514395,-20.15236426572178,19.99999999999997,0.0,0.0,0.0
4.174861132024798,-20.146077558601714,19.99999999999997,0.0,0.0,0.0
4.1665740335356825,-20.13979034123651,19.99999999999997,0.0,0.0,0.0
4.158287709202201,-20.133502613401532,19.999999999999975,0.0,0.0,0.0
4.150002159142442,-20.127214374872157,19.99999999999998,0.0,0.0,0.0
4.141717383474663,-20.120925625423883,19.99999999999997,0.0,0.0,0.0
4.133433382316998,-20.1146363648321,19.999999999999975,0.0,0.0,0.0
4.125150155787661,-20.10834659287229,19.999999999999975,0.0,0.0,0.0
4.116867704004886,-20.10205630931992,19.99999999999997,0.0,0.0,0.0
4.108586027086933,-20.095765513950504,19.999999999999968,0.0,0.0,0.0
4.10030512515204,-20.089474206539528,19.999999999999975,0.0,0.0,0.0
4.092024998318614,-20.08318238686261,19.999999999999968,0.0,0.0,0.0
4.083745646704937,-20.076890054695273,19.99999999999998,0.0,0.0,0.0
4.075467070429377,-20.070597209813123,19.99999999999997,0.0,0.0,0.0
4.067189269610311,-20.06430385199175,19.99999999999998,0.0,0.0,0.0
4.058912244366105,-20.05800998100675,19.99999999999998,0.0,0.0,0.0
4.050635994815288,-20.051715596633855,19.999999999999975,0.0,0.0,0.0
4.04236052107627,-20.045420698648673,19.999999999999975,0.0,0.0,0.0
4.0340858232675325,-20.03912528682691,19.999999999999975,0.0,0.0,0.0
4.025811901507585,-20.032829360944262,19.99999999999997,0.0,0.0,0.0
4.017538755914962,-20.026532920776475,19.999999999999975,0.0,0.0,0.0
4.009266386608169,-20.02023596609925,19.99999999999997,0.0,0.0,0.0
4.000994793705882,-20.01393849668843,19.99999999999997,0.0,0.0,0.0
3.9927239773266616,-20.007640512319764,19.999999999999975,0.0,0.0,0.0
3.984453937589139,-20.00134201276907,19.99999999999997,0.0,0.0,0.0
3.976184674611963,-19.99504299781216,19.99999999999998,0.0,0.0,0.0
3.9679161885137733,-19.988743467224875,19.99999999999997,0.0,0.0,0.0
3.9596484794133593,-19.982443420783124,19.999999999999975,0.0,0.0,0.0
3.9513815474294045,-19.976142858262776,19.99999999999998,0.0,0.0,0.0
3.943115392680662,-19.96984177943975,19.99999999999997,0.0,0.0,0.0
3.934850015285905,-19.96354018408995,19.99999999999997,0.0,0.0,0.0
3.9265854153638857,-19.957238071989302,19.99999999999997,0.0,0.0,0.0
3.918321593033524,-19.950935442913835,19.99999999999998,0.0,0.0,0.0
3.9100585484136188,-19.94463229663951,19.999999999999975,0.0,0.0,0.0
3.9017962816230445,-19.938328632942333,19.999999999999975,0.0,0.0,0.0
3.893534792780694,-19.932024451598323,19.999999999999975,0.0,0.0,0.0
3.8852740820054885,-19.92571975238353,19.999999999999975,0.0,0.0,0.0
3.877014149416325,-19.919414535073972,19.999999999999975,0.0,0.0,0.0
3.8687549951322655,-19.913108799445823,19.999999999999968,0.0,0.0,0.0
3.8604966192722534,-19.906802545275134,19.99999999999997,0.0,0.0,0.0
3.852239021955303,-19.900495772338033,19.99999999999997,0.0,0.0,0.0
3.8439822033004547,-19.894188480410666,19.999999999999968,0.0,0.0,0.0
3.8357261634267235,-19.88788066926915,19.999999999999975,0.0,0.0,0.0
3.8274709024532907,-19.88157233868974,19.99999999999998,0.0,0.0,0.0
3.8192164204992185,-19.875263488448606,19.999999999999975,0.0,0.0,0.0
3.8109627176836423,-19.868954118321955,19.99999999999998,0.0,0.0,0.0
3.802709794125717,-19.862644228086037,19.999999999999975,0.0,0.0,0.0
3.7944576499446243,-19.85633381751709,19.99999999999997,0.0,0.0,0.0
3.786206285259522,-19.850022886391365,19.99999999999997,0.0,0.0,0.0
3.7779557001897315,-19.84371143448523,19.999999999999975,0.0,0.0,0.0
3.7697058948544573,-19.83739946157495,19.99999999999997,0.0,0.0,0.0
3.7614568693729735,-19.83108696743687,19.999999999999968,0.0,0.0,0.0
3.753208623864578,-19.824773951847327,19.99999999999998,0.0,0.0,0.0
3.7449611584485463,-19.818460414582663,19.99999999999997,0.0,0.0,0.0
3.736714473244316,-19.81214635541933,19.99999999999997,0.0,0.0,0.0
3.7284685683712078,-19.805831774133708,19.999999999999975,0.0,0.0,0.0
3.7202234439486137,-19.799516670502207,19.99999999999998,0.0,0.0,0.0
3.711979100095949,-19.793201044301284,19.999999999999975,0.0,0.0,0.0
3.703735536932648,-19.78688489530739,19.999999999999975,0.0,0.0,0.0
3.6954927545781286,-19.78056822329698,19.999999999999975,0.0,0.0,0.0
3.6872507531519654,-19.774251028046613,19.999999999999975,0.0,0.0,0.0
3.6790095327736183,-19.767933309332776,19.999999999999975,0.0,0.0,0.0
3.670769093562619,-19.761615066932006,19.999999999999968,0.0,0.0,0.0
3.6625294356385174,-19.75529630062084,19.99999999999997,0.0,0.0,0.0
3.6542905591208443,-19.748977010175835,19.99999999999998,0.0,0.0,0.0
3.646052464129293,-19.742657195373642,19.999999999999975,0.0,0.0,0.0
3.6378151507834358,-19.736336855990828,19.99999999999998,0.0,0.0,0.0
3.6295786192029187,-19.730015991804024,19.999999999999975,0.0,0.0,0.0
3.6213428695074077,-19.72369460258987,19.99999999999998,0.0,0.0,0.0
3.613107901816547,-19.717372688124996,19.99999999999997,0.0,0.0,0.0
3.6048737162501414,-19.711050248186144,19.999999999999982,0.0,0.0,0.0
3.5966403129278812,-19.704727282549996,19.99999999999998,0.0,0.0,0.0
3.5884076919695236,-19.698403790993243,19.99999999999997,0.0,0.0,0.0
3.580175853494849,-19.69207977329263,19.999999999999975,0.0,0.0,0.0
3.571944797623661,-19.685755229224903,19.99999999999998,0.0,0.0,0.0
3.5637145244757384,-19.67943015856679,19.999999999999975,0.0,0.0,0.0
3.555485034171023,-19.673104561095162,19.99999999999998,0.0,0.0,0.0
3.54725632682934,-19.666778436586775,19.99999999999998,0.0,0.0,0.0
3.539028402570581,-19.660451784818463,19.999999999999975,0.0,0.0,0.0
3.5308012615146644,-19.654124605567052,19.999999999999975,0.0,0.0,0.0
3.5225749037814773,-19.647796898609364,19.999999999999975,0.0,0.0,0.0
3.5143493294910777,-19.641468663722335,19.999999999999982,0.0,0.0,0.0
3.506124538763401,-19.635139900682848,19.999999999999975,0.0,0.0,0.0
3.497900531718449,-19.62881060926778,19.999999999999975,0.0,0.0,0.0
3.489677308476253,-19.62248078925408,19.99999999999997,0.0,0.0,0.0
3.48145486915686,-19.61615044041867,19.999999999999975,0.0,0.0,0.0
3.473233213880297,-19.60981956253849,19.999999999999975,0.0,0.0,0.0
3.46501234276675,-19.603488155390586,19.99999999999998,0.0,0.0,0.0
3.456792255936289,-19.597156218751905,19.99999999999998,0.0,0.0,0.0
3.4485729535090517,-19.590823752399473,19.99999999999997,0.0,0.0,0.0
3.4403544356051974,-19.5844907561103,19.999999999999975,0.0,0.0,0.0
3.4321367023448635,-19.578157229661414,19.99999999999998,0.0,0.0,0.0
3.4239197538483466,-19.57182317282994,19.999999999999975,0.0,0.0,0.0
3.4157035902358257,-19.565488585392913,19.99999999999998,0.0,0.0,0.0
3.4074882116275496,-19.55915346712744,19.999999999999975,0.0,0.0,0.0
3.3992736181437877,-19.552817817810634,19.99999999999998,0.0,0.0,0.0
3.391059809904785,-19.54648163721958,19.99999999999998,0.0,0.0,0.0
3.3828467870309504,-19.540144925131504,19.999999999999975,0.0,0.0,0.0
3.374634549642568,-19.533807681323523,19.99999999999998,0.0,0.0,0.0
3.3664230978599985,-19.527469905572826,19.999999999999975,0.0,0.0,0.0
3.3582124318036204,-19.5211315976566,19.999999999999975,0.0,0.0,0.0
3.3500025515938336,-19.514792757352065,19.99999999999997,0.0,0.0,0.0
3.3417934573510126,-19.508453384436404,19.99999999999998,0.0,0.0,0.0
3.3335851491956965,-19.50211347868694,19.99999999999998,0.0,0.0,0.0
3.325377627248302,-19.495773039880905,19.999999999999975,0.0,0.0,0.0
3.3171708916293174,-19.48943206779556,19.999999999999975,0.0,0.0,0.0
3.3089649424592493,-19.483090562208208,19.99999999999998,0.0,0.0,0.0
3.3007597798585837,-19.47674852289613,19.99999999999997,0.0,0.0,0.0
3.292555403947962,-19.47040594963671,19.99999999999998,0.0,0.0,0.0
3.2843518148479127,-19.464062842207273,19.999999999999975,0.0,0.0,0.0
3.2761490126790296,-19.45771920038516,19.999999999999975,0.0,0.0,0.0
3.267946997561927,-19.451375023947758,19.999999999999975,0.0,0.0,0.0
3.2597457696172403,-19.44503031267244,19.999999999999982,0.0,0.0,0.0
3.2515453289655856,-19.438685066336603,19.99999999999998,0.0,0.0,0.0
3.2433456757277312,-19.432339284717724,19.99999999999998,0.0,0.0,0.0
3.2351468100243332,-19.425992967593203,19.999999999999982,0.0,0.0,0.0
3.2269487319761114,-19.419646114740505,19.999999999999986,0.0,0.0,0.0
3.2187514417038106,-19.413298725937096,19.99999999999998,0.0,0.0,0.0
3.2105549393281474,-19.40695080096043,19.99999999999998,0.0,0.0,0.0
3.202359224969998,-19.40060233958807,19.999999999999982,0.0,0.0,0.0
3.1941642987501253,-19.394253341597498,19.99999999999998,0.0,0.0,0.0
3.185970160789355,-19.387903806766264,19.99999999999998,0.0,0.0,0.0
3.1777768112085334,-19.381553734871897,19.99999999999998,0.0,0.0,0.0
3.1695842501285316,-19.37520312569197,19.999999999999982,0.0,0.0,0.0
3.1613924776701916,-19.368851979004024,19.99999999999998,0.0,0.0,0.0
3.15320149395452,-19.362500294585722,19.999999999999982,0.0,0.0,0.0
3.1450112991023986,-19.356148072214655,19.999999999999982,0.0,0.0,0.0
3.136821893234782,-19.34979531166842,19.999999999999982,0.0,0.0,0.0
3.1286332764726423,-19.343442012724683,19.999999999999982,0.0,0.0,0.0
3.1204454489369287,-19.337088175161053,19.999999999999982,0.0,0.0,0.0
3.1122584107487477,-19.330733798755272,19.99999999999998,0.0,0.0,0.0
3.1040721620290883,-19.324378883284993,19.99999999999998,0.0,0.0,0.0
3.0958867028990067,-19.31802342852792,19.99999999999998,0.0,0.0,0.0
3.08770203347958,-19.311667434261775,19.99999999999998,0.0,0.0,0.0
3.0795181538919048,-19.305310900264267,19.99999999999998,0.0,0.0,0.0
3.0713350642570534,-19.298953826313127,19.999999999999986,0.0,0.0,0.0
3.0631527646962575,-19.292596212186183,19.99999999999998,0.0,0.0,0.0
3.054971255330629,-19.286238057661173,19.999999999999975,0.0,0.0,0.0
3.0467905362813457,-19.279879362515896,19.99999999999998,0.0,0.0,0.0
3.038610607669611,-19.27352012652814,19.99999999999998,0.0,0.0,0.0
3.030431469616597,-19.267160349475713,19.99999999999998,0.0,0.0,0.0
3.022253122243636,-19.260800031136505,19.99999999999998,0.0,0.0,0.0
3.0140755656719445,-19.254439171288336,19.99999999999998,0.0,0.0,0.0
3.005898800022802,-19.248077769709074,19.99999999999998,0.0,0.0,0.0
2.9977228254175117,-19.241715826176588,19.999999999999982,0.0,0.0,0.0
2.9895476419773486,-19.235353340468752,19.99999999999998,0.0,0.0,0.0
2.981373249823747,-19.22899031236352,19.99999999999998,0.0,0.0,0.0
2.9731996490780226,-19.222626741638805,19.999999999999986,0.0,0.0,0.0
2.9650268398615602,-19.216262628072542,19.999999999999975,0.0,0.0,0.0
2.956854822295758,-19.209897971442665,19.99999999999998,0.0,0.0,0.0
2.948683596502043,-19.203532771527154,19.99999999999998,0.0,0.0,0.0
2.940513162601808,-19.19716702810394,19.99999999999998,0.0,0.0,0.0
2.93234352071661,-19.190800740951104,19.99999999999998,0.0,0.0,0.0
2.9241746709678855,-19.184433909846607,19.99999999999998,0.0,0.0,0.0
2.916006613477137,-19.17806653456848,19.99999999999998,0.0,0.0,0.0
2.9078393483658864,-19.171698614894748,19.99999999999998,0.0,0.0,0.0
2.899672875755631,-19.165330150603438,19.99999999999998,0.0,0.0,0.0
2.891507195768025,-19.158961141472673,19.99999999999998,0.0,0.0,0.0
2.8833423085246044,-19.152591587280508,19.999999999999975,0.0,0.0,0.0
2.8751782141469704,-19.146221487805025,19.99999999999998,0.0,0.0,0.0
2.867014912756747,-19.13985084282434,19.999999999999986,0.0,0.0,0.0
2.858852404475573,-19.133479652116566,19.999999999999982,0.0,0.0,0.0
2.8506906894250656,-19.127107915459806,19.999999999999986,0.0,0.0,0.0
2.842529767726997,-19.120735632632268,19.999999999999986,0.0,0.0,0.0
2.8343696395030227,-19.11436280341209,19.999999999999986,0.0,0.0,0.0
2.82621030487486,-19.107989427577433,19.999999999999986,0.0,0.0,0.0
2.8180517639642524,-19.101615504906498,19.999999999999986,0.0,0.0,0.0
2.8098940168929114,-19.09524103517745,19.999999999999986,0.0,0.0,0.0
2.8017370637827095,-19.08886601816857,19.99999999999998,0.0,0.0,0.0
2.793580904755395,-19.082490453658043,19.999999999999982,0.0,0.0,0.0
2.7854255399327905,-19.076114341424127,19.999999999999982,0.0,0.0,0.0
2.7772709694367297,-19.069737681245066,19.999999999999986,0.0,0.0,0.0
2.7691171933890266,-19.0633604728991,19.999999999999982,0.0,0.0,0.0
2.760964211911647,-19.056982716164566,19.99999999999998,0.0,0.0,0.0
2.7528120251264405,-19.050604410819748,19.999999999999982,0.0,0.0,0.0
2.744660633155323,-19.04422555664294,19.999999999999986,0.0,0.0,0.0
2.7365100361202273,-19.03784615341246,19.99999999999998,0.0,0.0,0.0
2.728360234143107,-19.031466200906646,19.999999999999986,0.0,0.0,0.0
2.720211227345889,-19.025085698903816,19.999999999999986,0.0,0.0,0.0
2.7120630158506573,-19.018704647182396,19.999999999999982,0.0,0.0,0.0
2.703915599779377,-19.012323045520727,19.999999999999982,0.0,0.0,0.0
2.6957689792540767,-19.00594089369718,19.999999999999982,0.0,0.0,0.0
2.687623154396807,-18.999558191490173,19.999999999999982,0.0,0.0,0.0
2.6794781253295894,-18.993174938678074,19.999999999999982,0.0,0.0,0.0
2.6713338921746033,-18.986791135039383,19.99999999999998,0.0,0.0,0.0
2.663190455053909,-18.98040678035249,19.999999999999986,0.0,0.0,0.0
2.655047814089632,-18.974021874395852,19.999999999999982,0.0,0.0,0.0
2.646905969403915,-18.96763641694793,19.999999999999986,0.0,0.0,0.0
2.638764921118925,-18.961250407787208,19.999999999999986,0.0,0.0,0.0
2.6306246693567936,-18.954863846692128,19.999999999999986,0.0,0.0,0.0
2.6224852142398163,-18.948476733441257,19.999999999999982,0.0,0.0,0.0
2.614346555890166,-18.942089067813086,19.999999999999986,0.0,0.0,0.0
2.606208694430082,-18.935700849586123,19.999999999999982,0.0,0.0,0.0
2.5980716299818205,-18.929312078538917,19.999999999999986,0.0,0.0,0.0
2.589935362667613,-18.92292275444998,19.999999999999986,0.0,0.0,0.0
2.5817998926098458,-18.916532877097943,19.999999999999986,0.0,0.0,0.0
2.5736652199307857,-18.910142446261343,19.999999999999986,0.0,0.0,0.0
2.5655313447527655,-18.903751461718763,19.999999999999986,0.0,0.0,0.0
2.557398267198136,-18.897359923248807,19.999999999999986,0.0,0.0,0.0
2.549265987389266,-18.89096783063009,19.999999999999986,0.0,0.0,0.0
2.5411345054484986,-18.88457518364118,19.999999999999986,0.0,0.0,0.0
2.5330038214983315,-18.878181982060795,19.999999999999986,0.0,0.0,0.0
2.524873935661144,-18.871788225667544,19.999999999999993,0.0,0.0,0.0
2.51674484805938,-18.865393914240087,19.99999999999999,0.0,0.0,0.0
2.508616558815502,-18.85899904755709,19.999999999999986,0.0,0.0,0.0
2.5004890680519427,-18.852603625397208,19.999999999999986,0.0,0.0,0.0
2.4923623758912936,-18.846207647539185,19.999999999999986,0.0,0.0,0.0
2.4842364824560264,-18.8398111137617,19.999999999999986,0.0,0.0,0.0
2.4761113878686767,-18.833414023843485,19.99999999999999,0.0,0.0,0.0
2.4679870922517972,-18.82701637756325,19.99999999999999,0.0,0.0,0.0
2.459863595727961,-18.82061817469974,19.99999999999999,0.0,0.0,0.0
2.451740898419712,-18.81421941503167,19.999999999999993,0.0,0.0,0.0
2.4436190004497518,-18.80782009833787,19.99999999999999,0.0,0.0,0.0
2.435497901940661,-18.801420224397095,19.999999999999986,0.0,0.0,0.0
2.4273776030150835,-18.795019792988104,19.999999999999986,0.0,0.0,0.0
2.4192581037956824,-18.788618803889715,19.999999999999986,0.0,0.0,0.0
2.4111394044050938,-18.78221725688069,19.999999999999986,0.0,0.0,0.0
2.4030215049661092,-18.77581515173992,19.999999999999993,0.0,0.0,0.0
2.394904405601399,-18.769412488246203,19.99999999999999,0.0,0.0,0.0
2.3867881064336993,-18.763009266178386,19.999999999999986,0.0,0.0,0.0
2.378672607585763,-18.75660548531532,19.999999999999986,0.0,0.0,0.0
2.370557909180316,-18.75020114543582,19.99999999999999,0.0,0.0,0.0
2.36244401134024,-18.743796246318844,19.999999999999986,0.0,0.0,0.0
2.354330914188295,-18.737390787743234,19.99999999999999,0.0,0.0,0.0
2.3462186178473066,-18.7309847694879,19.999999999999986,0.0,0.0,0.0
2.338107122440117,-18.724578191331737,19.999999999999993,0.0,0.0,0.0
2.3299964280895886,-18.718171053053666,19.999999999999986,0.0,0.0,0.0
2.3218865349185536,-18.711763354432588,19.999999999999986,0.0,0.0,0.0
2.313777443049999,-18.705355095247505,19.999999999999986,0.0,0.0,0.0
2.305669152606794,-18.698946275277336,19.999999999999986,0.0,0.0,0.0
