galstreams/tracks/track.st.NGC1261.ibata2021.ecsv
# %ECSV 0.9
# ---
# datatype:
# - {name: ra, unit: deg, datatype: float64}
# - {name: dec, unit: deg, datatype: float64}
# - {name: distance, unit: kpc, datatype: float64}
# - {name: pm_ra_cosdec, unit: mas / yr, datatype: float64}
# - {name: pm_dec, unit: mas / yr, datatype: float64}
# - {name: radial_velocity, unit: km / s, datatype: float64}
# delimiter: ','
# meta: !!omap
# - __serialized_columns__:
#     dec:
#       __class__: astropy.coordinates.angles.Latitude
#       unit: &id001 !astropy.units.Unit {unit: deg}
#       value: !astropy.table.SerializedColumn {name: dec}
#     distance:
#       __class__: astropy.coordinates.distances.Distance
#       unit: !astropy.units.Unit {unit: kpc}
#       value: !astropy.table.SerializedColumn {name: distance}
#     pm_dec:
#       __class__: astropy.units.quantity.Quantity
#       unit: !astropy.units.Unit {unit: mas / yr}
#       value: !astropy.table.SerializedColumn {name: pm_dec}
#     pm_ra_cosdec:
#       __class__: astropy.units.quantity.Quantity
#       unit: !astropy.units.Unit {unit: mas / yr}
#       value: !astropy.table.SerializedColumn {name: pm_ra_cosdec}
#     ra:
#       __class__: astropy.coordinates.angles.Longitude
#       unit: *id001
#       value: !astropy.table.SerializedColumn {name: ra}
#       wrap_angle: !astropy.coordinates.Angle
#         unit: *id001
#         value: 360.0
#     radial_velocity:
#       __class__: astropy.units.quantity.Quantity
#       unit: !astropy.units.Unit {unit: km / s}
#       value: !astropy.table.SerializedColumn {name: radial_velocity}
# schema: astropy-2.0
ra,dec,distance,pm_ra_cosdec,pm_dec,radial_velocity
[from data line 571]
46.657185735141816,-57.474786433953675,19.073105402688732,1.6470239737611612,-2.2770578803243025,1.6841534259744676e-14
46.664262723811845,-57.46558929751579,19.076458555139265,1.6472220901304684,-2.276501794463883,-1.6841534259744676e-14
46.67133763655512,-57.456392062149106,19.07980882585681,1.6474202939475764,-2.275946006961939,0.0
46.678410489583044,-57.447194730799,19.083156221774143,1.6476185857291414,-2.275390516475281,-1.6841534259744676e-14
46.68548129909266,-57.437997306407766,19.086500749824054,1.6478169659901438,-2.2748353216611172,-1.6841534259744676e-14
46.692550081267,-57.42879979191412,19.089842416939316,1.6480154352438983,-2.2742804211770515,1.6841534259744676e-14
46.69961685227489,-57.41960219025356,19.09318123005273,1.6482139940020466,-2.2737258136810823,-6.73661370389787e-14
46.70668162827102,-57.410404504358304,19.096517196097054,1.648412642774568,-2.2731714978316053,0.0
46.71374442539593,-57.40120673715716,19.099850322005086,1.6486113820697739,-2.2726174722874113,0.0
46.720805259776135,-57.39200889157565,19.103180614709604,1.6488102123943227,-2.2720637357076843,-1.6841534259744676e-14
46.727864147523896,-57.382810970536134,19.10650808114338,1.6490091342532052,-2.271510286752007,-1.6841534259744676e-14
46.73492110473758,-57.37361297695748,19.109832728239226,1.6492081481497616,-2.270957124080352,-1.6841534259744676e-14
46.74197614750141,-57.36441491375534,19.113154562929896,1.649407254585681,-2.270404246353089,-3.368306851948935e-14
46.74902929188562,-57.35521678384206,19.11647359214819,1.6496064540609994,-2.269851652230978,0.0
46.75608055394638,-57.34601859012667,19.11978982282687,1.6498057470741068,-2.269299340375179,-3.368306851948935e-14
46.7631299497259,-57.33682033551492,19.123103261898738,1.6500051341217463,-2.268747309447235,-1.6841534259744676e-14
46.770177495252426,-57.327622022909225,19.126413916296567,1.6502046156990202,-2.268195558109089,-1.6841534259744676e-14
46.77722320654014,-57.318423655208875,19.129721792953138,1.6504041922993897,-2.2676440850230755,-1.6841534259744676e-14
46.78426709958937,-57.3092252353097,19.133026898801244,1.6506038644146768,-2.2670928888519173,-1.6841534259744676e-14
46.7913091903865,-57.3000267661043,19.136329240773655,1.6508036325350732,-2.266541968258733,-1.6841534259744676e-14
46.79834949490399,-57.29082825048202,19.13962882580316,1.6510034971491339,-2.265991321907028,-1.6841534259744676e-14
46.805388029100406,-57.28162969132891,19.14292566082254,1.6512034587437876,-2.2654409484607023,0.0
46.81242480892045,-57.27243109152774,19.146219752764576,1.6514035178043318,-2.2648908465840445,-3.368306851948935e-14
46.819459850294976,-57.263232453958004,19.14951110856206,1.6516036748144436,-2.2643410149417322,0.0
46.82649316914092,-57.25403378149602,19.152799735147756,1.651803930256171,-2.263791452198836,-3.368306851948935e-14
46.83352478136149,-57.244835077014734,19.15608563945446,1.6520042846099512,-2.263242157020813,-3.368306851948935e-14
46.840554702846056,-57.23563634338386,19.15936882841495,1.652204738354597,-2.262693128073511,1.6841534259744676e-14
46.84758294947017,-57.226437583469846,19.162649308962013,1.652405291967309,-2.2621443640231647,1.6841534259744676e-14
46.85460953709566,-57.21723880013592,19.165927088028422,1.6526059459236748,-2.261595863536399,-1.6841534259744676e-14
46.861634481570626,-57.20803999624195,19.169202172546967,1.6528067006976748,-2.2610476252802236,0.0
46.868657798729274,-57.19884117464478,19.172474569450426,1.6530075567616758,-2.2604996479220416,0.0
46.87567950439229,-57.18964233819777,19.175744285671595,1.6532085145864448,-2.2599519301296347,1.6841534259744676e-14
46.88269961436653,-57.18044348975113,19.179011328143233,1.6534095746411457,-2.2594044705711815,-3.368306851948935e-14
46.88971814444525,-57.17124463215184,19.182275703798133,1.6536107373933404,-2.258857267915238,-3.368306851948935e-14
46.89673511040798,-57.162045768243615,19.18553741956909,1.653812003308993,-2.2583103208307502,-1.6841534259744676e-14
46.903750528020645,-57.152846900866926,19.18879648238887,1.6540133728524755,-2.257763627987051,0.0
46.910764413035544,-57.143648032858955,19.192052899190255,1.6542148464865656,-2.2572171880538576,-3.368306851948935e-14
46.91777678119126,-57.13444916705386,19.195306676906036,1.6544164246724453,-2.25667099970127,-1.6841534259744676e-14
46.92478764821292,-57.12525030628233,19.198557822469,1.6546181078697157,-2.256125061599775,-1.6841534259744676e-14
46.931797029812,-57.116051453371945,19.20180634281191,1.6548198965363905,-2.2555793724202444,-3.368306851948935e-14
46.93880494168644,-57.10685261114702,19.20505224486757,1.6550217911288958,-2.255033930833931,-5.0524602779234026e-14
46.94581139952063,-57.097653782428665,19.208295535568748,1.6552237921020823,-2.2544887355124725,-1.6841534259744676e-14
46.95281641898548,-57.0884549700347,19.21153622184823,1.6554258999092213,-2.25394378512789,-5.0524602779234026e-14
46.959820015738266,-57.07925617677992,19.214774310638802,1.6556281150020031,-2.253399078352587,-5.0524602779234026e-14
46.966822205422915,-57.0700574054757,19.21800980887324,1.6558304378305502,-2.2528546138593493,0.0
46.9738230036698,-57.06085865893027,19.221242723484334,1.656032868843409,-2.2523103903213446,1.6841534259744676e-14
46.980822426095884,-57.05165993994867,19.224473061404865,1.6562354084875588,-2.2517664064121203,-1.6841534259744676e-14
46.98782048830467,-57.0424612513327,19.227700829567603,1.6564380572084145,-2.2512226608056105,0.0
46.99481720588625,-57.03326259588098,19.230926034905345,1.6566408154498207,-2.2506791521761227,-3.368306851948935e-14
47.00181259441734,-57.02406397638885,19.23414868435087,1.6568436836540656,-2.2501358791983486,-1.6841534259744676e-14
47.00880666946118,-57.014865395648634,19.237368784836956,1.6570466622618725,-2.2495928405473604,3.368306851948935e-14
47.01579944656775,-57.00566685644924,19.240586343296393,1.6572497517124107,-2.249050034898609,1.6841534259744676e-14
47.02279094127362,-56.99646836157651,19.24380136666196,1.657452952443294,-2.2485074609279243,0.0
47.029781169102066,-56.98726991381303,19.247013861866428,1.6576562648905813,-2.247965117311516,1.6841534259744676e-14
47.03677014556302,-56.97807151593822,19.25022383584259,1.6578596894887816,-2.247423002725971,-1.6841534259744676e-14
47.043757886153124,-56.96887317072829,19.253431295523235,1.6580632266708557,-2.246881115848254,-3.368306851948935e-14
47.050744406355804,-56.959674880956236,19.256636247841133,1.6582668768682205,-2.246339455355707,-1.6841534259744676e-14
47.05772972164108,-56.950476649391994,19.259838699729077,1.6584706405107428,-2.245798019926053,-1.6841534259744676e-14
47.06471384746585,-56.94127847880219,19.26303865811984,1.658674518026753,-2.2452568082373876,0.0
47.07169679927376,-56.93208037195028,19.266236129946215,1.6588785098430407,-2.244715818968185,1.6841534259744676e-14
47.07867859249522,-56.92288233159657,19.269431122140976,1.6590826163848593,-2.2441750507972946,0.0
47.085659242547486,-56.91368436049819,19.272623641636898,1.659286838075925,-2.2436345024039426,-1.6841534259744676e-14
47.09263876483465,-56.90448646140899,19.27581369536678,1.659491175338424,-2.2430941724677274,-3.368306851948935e-14
47.09961717474756,-56.895288637079894,19.279001290263388,1.659695628593009,-2.2425540596686266,-1.6841534259744676e-14
47.106594487664,-56.88609089025841,19.282186433259522,1.6599001982588055,-2.242014162686989,-1.6841534259744676e-14
47.11357071894862,-56.876893223688974,19.28536913128795,1.6601048847534146,-2.2414744802035402,3.368306851948935e-14
47.120545883952964,-56.86769564011283,19.288549391281467,1.660309688492911,-2.2409350108993764,-3.368306851948935e-14
47.127519998015494,-56.858498142268076,19.291727220172845,1.6605146098918486,-2.240395753455969,0.0
47.13449307646158,-56.84930073288963,19.294902624894867,1.6607196493632637,-2.239856706555164,0.0
47.141465134603614,-56.8401034147092,19.298075612380327,1.6609248073186729,-2.2393178688791733,-3.368306851948935e-14
47.14843618774083,-56.8309061904555,19.30124618956199,1.661130084168077,-2.238779239110589,0.0
47.155406251159526,-56.8217090628539,19.30441436337264,1.6613354803199665,-2.2382408159323726,-3.368306851948935e-14
47.162375340132996,-56.8125120346267,19.307580140745078,1.6615409961813175,-2.2377025980278518,0.0
47.16934346992154,-56.80331510849302,19.31074352861207,1.6617466321575995,-2.2371645840807313,0.0
47.17631065577251,-56.79411828716884,19.313904533906406,1.6619523886527772,-2.236626772775083,-1.6841534259744676e-14
47.18327691292029,-56.78492157336698,19.317063163560864,1.6621582660693075,-2.236089162795351,-1.6841534259744676e-14
47.19024225658637,-56.775724969797054,19.320219424508227,1.6623642648081474,-2.235551752826346,-3.368306851948935e-14
47.19720670197924,-56.7665284791657,19.323373323681274,1.66257038526875,-2.2350145415532525,-3.368306851948935e-14
47.20417026429459,-56.75733210417626,19.326524868012793,1.6627766278490743,-2.23447752766162,-1.6841534259744676e-14
47.211132958715204,-56.74813584752893,19.329674064435572,1.662982992945581,-2.2339407098373667,-3.368306851948935e-14
47.21809480041098,-56.73893971192083,19.332820919882383,1.6631894809532393,-2.233404086766782,0.0
47.22505580453902,-56.7297437000459,19.335965441286007,1.6633960922655242,-2.232867657136519,0.0
47.23201598624359,-56.7205478145949,19.339107635579236,1.6636028272744194,-2.2323314196335993,-1.6841534259744676e-14
47.23897536065607,-56.71135205825561,19.34224750969485,1.6638096863704261,-2.2317953729454136,0.0
47.24593394289514,-56.702156433712524,19.345385070565623,1.6640166699425543,-2.2312595157597177,3.368306851948935e-14
47.252891748066695,-56.692960943647016,19.34852032512434,1.6642237783783345,-2.230723846764632,0.0
47.25984879126385,-56.68376559073738,19.35165328030379,1.6644310120638146,-2.230188364648644,0.0
47.26680508756698,-56.67457037765874,19.354783943036754,1.6646383713835609,-2.229653068100604,-1.6841534259744676e-14
47.27376065204376,-56.66537530708312,19.35791232025601,1.6648458567206657,-2.2291179558097314,-3.368306851948935e-14
47.2807154997492,-56.65618038167934,19.36103841889434,1.6650534684567455,-2.2285830264656057,0.0
47.28766964572547,-56.64698560411326,19.364162245884536,1.6652612069719384,-2.2280482787581732,0.0
47.29462310500223,-56.637790977047466,19.367283808159367,1.665469072644917,-2.2275137113777426,-1.6841534259744676e-14
47.30157589259644,-56.62859650314143,19.37040311265162,1.6656770658528828,-2.2269793230149872,-1.6841534259744676e-14
47.308528023512395,-56.61940218505159,19.37352016629409,1.6658851869715683,-2.2264451123609392,-1.6841534259744676e-14
47.31547951274182,-56.61020802543116,19.37663497601954,1.6660934363752435,-2.225911078106997,0.0
47.3224303752638,-56.60101402693032,19.379747548760758,1.666301814436714,-2.225377218944921,0.0
47.329380626044895,-56.591820192196025,19.38285789145054,1.6665103215273236,-2.224843533566826,0.0
47.33633028003899,-56.5826265238723,19.38596601102165,1.6667189580169557,-2.2243100206652007,1.6841534259744676e-14
47.34327935218753,-56.57343302459988,19.389071914406877,1.6669277242740386,-2.223776678932883,0.0
47.35022785741938,-56.564239697016454,19.39217560853901,1.6671366206655427,-2.223243507063076,0.0
47.35717581065091,-56.555046543756596,19.39527710035082,1.667345647556988,-2.222710503749343,-1.6841534259744676e-14
47.36412322678597,-56.54585356745176,19.3983763967751,1.6675548053124405,-2.222177667685604,0.0
47.371070120716,-56.53666077073025,19.401473504744622,1.6677640942945193,-2.22164499756614,-1.6841534259744676e-14
47.378016507319835,-56.52746815621743,19.40456843119218,1.66797351486439,-2.2211124920855907,1.6841534259744676e-14
47.384962401464,-56.518275726535364,19.407661183050543,1.6681830673817795,-2.220580149938954,0.0
47.39190781800256,-56.50908348430309,19.410751767252506,1.6683927522049673,-2.220047969821584,-3.368306851948935e-14
47.39885277177713,-56.49989143213654,19.41384019073085,1.668602569690792,-2.2195159504291935,-5.0524602779234026e-14
47.40579727761698,-56.490699572648545,19.416926460418342,1.6688125201946529,-2.2189840904578526,0.0
47.41274135033897,-56.481507908448826,19.42001058324778,1.669022604070508,-2.2184523886039864,-5.0524602779234026e-14
47.41968500474766,-56.47231644214396,19.423092566151944,1.6692328216708838,-2.217920843564375,0.0
47.426628255635144,-56.463125176337584,19.42617241606362,1.6694431733468693,-2.217389454036159,1.6841534259744676e-14
47.433571117781305,-56.45393411363005,19.429250139915574,1.6696536594481215,-2.2168582187168306,1.6841534259744676e-14
47.4405136059537,-56.44474325661871,19.432325744640607,1.6698642803228676,-2.216327136304237,-3.368306851948935e-14
47.44745573490757,-56.435552607897804,19.43539923717149,1.670075036317909,-2.21579620549658,0.0
47.454397519385886,-56.42636217005846,19.438470624441013,1.6702859277786142,-2.2152654249924173,-3.368306851948935e-14
47.46133897411943,-56.41717194568869,19.44153991338195,1.6704969550489346,-2.214734793490655,-3.368306851948935e-14
47.468280113826594,-56.40798193737357,19.44460711092709,1.6707081184713881,-2.21420430969056,0.0
47.47522095321368,-56.398792147694884,19.44767222400921,1.6709194183870821,-2.2136739722917467,-1.6841534259744676e-14
47.482161506974755,-56.38960257923145,19.450735259561103,1.6711308551356967,-2.2131437799941813,0.0
47.48910178979168,-56.380413234558915,19.453796224515532,1.6713424290555023,-2.212613731498187,-3.368306851948935e-14
47.49604181633419,-56.371224116249905,19.456855125805298,1.671554140483346,-2.212083825504431,-3.368306851948935e-14
47.5029816012598,-56.362035226873935,19.45991197036318,1.6717659897546644,-2.2115540607139383,-5.0524602779234026e-14
47.50992115921396,-56.3528465689974,19.46296676512196,1.671977977203483,-2.2110244358280795,0.0
47.5168605048299,-56.343658145183724,19.466019517014406,1.6721901031624162,-2.2104949495485817,-3.368306851948935e-14
47.52379965272887,-56.33446995799314,19.469070232973316,1.67240236796267,-2.209965600577516,1.6841534259744676e-14
47.53073861751993,-56.32528200998281,19.472118919931468,1.6726147719340414,-2.209436387617304,-1.6841534259744676e-14
47.53767741380016,-56.31609430370686,19.47516558482165,1.6728273154049262,-2.2089073093707183,-3.368306851948935e-14
47.54461605615453,-56.30690684171629,19.478210234576633,1.6730399987023163,-2.2083783645408777,-1.6841534259744676e-14
47.55155455915601,-56.29771962655906,19.48125287612921,1.673252822151801,-2.2078495518312518,3.368306851948935e-14
47.558492937365564,-56.28853266077996,19.484293516412148,1.6734657860775728,-2.2073208699456552,0.0
47.56543120533206,-56.27934594692088,19.487332162358253,1.6736788908024203,-2.2067923175882505,-1.6841534259744676e-14
47.57236937759248,-56.270159487520495,19.490368820900287,1.6738921366477422,-2.20626389346355,-1.6841534259744676e-14
47.57930746867185,-56.26097328511443,19.49340349897104,1.6741055239335427,-2.2057355962764085,0.0
47.58624549308317,-56.25178734223523,19.496436203503297,1.674319052978429,-2.2052074247320284,0.0
47.59318346532758,-56.2426016614124,19.499466941429837,1.6745327240996217,-2.204679377535957,0.0
47.600121399894306,-56.23341624517227,19.502495719683445,1.6747465376129527,-2.2041514533940885,-3.368306851948935e-14
47.60705931126056,-56.22423109603832,19.505522545196897,1.6749604938328615,-2.203623651012662,0.0
47.613997213891814,-56.21504621653073,19.508547424902982,1.6751745930724071,-2.203095969098258,-5.0524602779234026e-14
47.6209351222416,-56.205861609166725,19.511570365734478,1.675388835643263,-2.2025684063578046,1.6841534259744676e-14
47.627873050751646,-56.196677276460406,19.514591374624167,1.675603221855721,-2.2020409614985708,-3.368306851948935e-14
47.63481101385182,-56.18749322092285,19.51761045850484,1.67581775201869,-2.201513633228168,-1.6841534259744676e-14
47.64174902596017,-56.178309445062034,19.520627624309274,1.6760324264397033,-2.200986420254553,0.0
