galstreams/tracks/track.st.NGC2298.ibata2021.ecsv
# %ECSV 0.9
# ---
# datatype:
# - {name: ra, unit: deg, datatype: float64}
# - {name: dec, unit: deg, datatype: float64}
# - {name: distance, unit: kpc, datatype: float64}
# - {name: pm_ra_cosdec, unit: mas / yr, datatype: float64}
# - {name: pm_dec, unit: mas / yr, datatype: float64}
# - {name: radial_velocity, unit: km / s, datatype: float64}
# delimiter: ','
# meta: !!omap
# - __serialized_columns__:
#     dec:
#       __class__: astropy.coordinates.angles.Latitude
#       unit: &id001 !astropy.units.Unit {unit: deg}
#       value: !astropy.table.SerializedColumn {name: dec}
#     distance:
#       __class__: astropy.coordinates.distances.Distance
#       unit: !astropy.units.Unit {unit: kpc}
#       value: !astropy.table.SerializedColumn {name: distance}
#     pm_dec:
#       __class__: astropy.units.quantity.Quantity
#       unit: !astropy.units.Unit {unit: mas / yr}
#       value: !astropy.table.SerializedColumn {name: pm_dec}
#     pm_ra_cosdec:
#       __class__: astropy.units.quantity.Quantity
#       unit: !astropy.units.Unit {unit: mas / yr}
#       value: !astropy.table.SerializedColumn {name: pm_ra_cosdec}
#     ra:
#       __class__: astropy.coordinates.angles.Longitude
#       unit: *id001
#       value: !astropy.table.SerializedColumn {name: ra}
#       wrap_angle: !astropy.coordinates.Angle
#         unit: *id001
#         value: 360.0
#     radial_velocity:
#       __class__: astropy.units.quantity.Quantity
#       unit: !astropy.units.Unit {unit: km / s}
#       value: !astropy.table.SerializedColumn {name: radial_velocity}
# schema: astropy-2.0
ra,dec,distance,pm_ra_cosdec,pm_dec,radial_velocity
[from data line 686]
100.82511152922648,-35.16331190455561,11.662307748257842,3.163837467149337,-2.1473768840822536,-1.6841534259744676e-14
100.83523940427351,-35.16895351251868,11.655581864249452,3.165084587875336,-2.1474478390853067,-2.5262301389617013e-14
100.84536573806454,-35.17459824634095,11.648862622672423,3.166330300719713,-2.1475186392233923,-2.5262301389617013e-14
100.85549053491928,-35.18024610218745,11.64215012353719,3.1675745807016638,-2.1475892847983236,-2.5262301389617013e-14
100.86561379915652,-35.18589707622202,11.635444466854192,3.168817402840491,-2.147659776121889,-2.5262301389617013e-14
100.87573553509398,-35.19155116460728,11.628745752633854,3.1700587421556072,-2.1477301135158573,-1.6841534259744676e-14
100.88585574704842,-35.1972083635047,11.622054080886613,3.1712985736665287,-2.147800297311972,2.5262301389617013e-14
100.8959744393356,-35.20286866907449,11.615369551622905,3.1725368723928824,-2.1478703278519506,2.5262301389617013e-14
100.90609161627032,-35.20853207747568,11.608692264853167,3.1737736133544097,-2.147940205487488,2.5262301389617013e-14
100.9162072821663,-35.21419858486612,11.60202232058783,3.17500877157097,-2.148009930580253,-8.420767129872338e-15
100.92632144133638,-35.219868187402476,11.595359818837329,3.176242322062537,-2.148079503501891,-8.420767129872338e-15
100.93643409809232,-35.225540881240185,11.588704859612093,3.1774742398492117,-2.14814892463402,-8.420767129872338e-15
100.94654525674495,-35.2312166625335,11.582057542922563,3.1787044999512153,-2.148218194368234,-8.420767129872338e-15
100.95665492160411,-35.23689552743547,11.57541796877917,3.179933077388897,-2.148287313106098,0.0
100.9667630969786,-35.24257747209795,11.56878623719235,3.1811599471827314,-2.148356281259155,0.0
100.97686978717626,-35.24826249267163,11.562162448172538,3.1823850843533297,-2.1484250992489184,-5.0524602779234026e-14
100.98697499650399,-35.253950585305965,11.555546701730167,3.1836084639214355,-2.1484937675068743,-5.894536990910637e-14
100.99707872926767,-35.25964174614924,11.548939097875666,3.184830060907928,-2.148562286474484,8.420767129872338e-15
101.00718098977217,-35.26533597134855,11.542339736619475,3.186049850333828,-2.1486306566031823,0.0
101.01728178232143,-35.271033257049744,11.535748717972034,3.187267807220296,-2.148698878354372,-8.420767129872338e-15
101.02738111121838,-35.27673359939756,11.529166141943763,3.1884839065886394,-2.1487669521994333,1.6841534259744676e-14
101.03747898076497,-35.28243699453548,11.522592108545107,3.1896981234603112,-2.1488348786197164,8.420767129872338e-15
101.0475753952622,-35.28814343860583,11.516026717786499,3.190910432856914,-2.148902658106543,8.420767129872338e-15
101.05767035901006,-35.293852927749725,11.509470069678366,3.192120809800209,-2.1489702911612105,-8.420767129872338e-15
101.06776387630758,-35.29956545810708,11.502922264231144,3.193329229312101,-2.149037778294982,0.0
101.07785595145279,-35.30528102581666,11.496383401455283,3.1945356664146587,-2.1491051200290983,2.5262301389617013e-14
101.0879465887428,-35.31099962701599,11.489853581361194,3.195740096130115,-2.14917231689477,1.6841534259744676e-14
101.09803579247368,-35.316721257841415,11.48333290395933,3.196942493480858,-2.149239369433179,-2.5262301389617013e-14
101.10812356694059,-35.322445914428144,11.476821469260106,3.1981428334894466,-2.1493062781954775,0.0
101.11820991643768,-35.328173592910105,11.470319377273979,3.199341091178603,-2.1493730437427914,0.0
101.12829484525811,-35.333904289420104,11.463826728011366,3.200537241571223,-2.1494396666462197,-2.5262301389617013e-14
101.13837835769414,-35.33963800008975,11.457343621482705,3.201731259690377,-2.1495061474868296,0.0
101.14846045803701,-35.34537472104944,11.450870157698434,3.2029231205593067,-2.1495724868556607,-8.420767129872338e-15
101.158541150577,-35.3511144484284,11.444406436668984,3.2041127992014347,-2.1496386853537266,-2.5262301389617013e-14
101.16862043960342,-35.35685717835466,11.437952558404795,3.2053002706403646,-2.1497047435920096,-1.6841534259744676e-14
101.17869832940463,-35.362602906955054,11.431508622916292,3.2064855098998835,-2.149770662191467,0.0
101.18877482426801,-35.368351630355264,11.425074730213915,3.2076684920039638,-2.1498364417830262,-1.6841534259744676e-14
101.19884992848,-35.37410334467975,11.418650980308099,3.2088491919767663,-2.149902083007586,-8.420767129872338e-15
101.20892364632604,-35.37985804605181,11.412237473209274,3.210027584842644,-2.14996758651602,-1.6841534259744676e-14
101.21899598209066,-35.38561573059352,11.405834308927878,3.211203645626143,-2.1500329529691697,3.368306851948935e-14
101.22906694005738,-35.39137639442581,11.39944158747434,3.212377349352007,-2.1500981830378536,-8.420767129872338e-15
101.2391365245088,-35.3971400336684,11.393059408859104,3.2135486710451753,-2.150163277402859,1.6841534259744676e-14
101.24920473972651,-35.402906644439845,11.386687873092592,3.214717585730796,-2.150228236754951,1.6841534259744676e-14
101.25927158999119,-35.408676222857494,11.380327080185246,3.215884068434212,-2.1502930617948612,3.368306851948935e-14
101.26933707958256,-35.414448765037534,11.373977130147502,3.217048094180978,-2.1503577532332994,0.0
101.27940121277936,-35.420224267094945,11.367638122989788,3.218209637996859,-2.150422311790946,-8.420767129872338e-15
101.28946399385939,-35.426002725143555,11.361310158722542,3.2193686749078316,-2.150486738198458,8.420767129872338e-15
101.29952542709948,-35.431784135295956,11.3549933373562,3.220525179940083,-2.1505510331964617,-8.420767129872338e-15
101.30958551677557,-35.437568493663626,11.34868775890119,3.2216791281200226,-2.1506151975355623,2.5262301389617013e-14
101.31964426716254,-35.4433557963568,11.342393523367946,3.2228304944742767,-2.150679231976339,3.368306851948935e-14
101.3297016825344,-35.44914603948456,11.336110730766912,3.223979254029694,-2.1507431372893415,-3.368306851948935e-14
101.33975776716423,-35.45493921915482,11.329839481108515,3.225125381813349,-2.1508069142550976,8.420767129872338e-15
101.34981252532407,-35.46073533147427,11.323579874403187,3.2262688528525416,-2.1508705636641117,-8.420767129872338e-15
101.35986596128507,-35.466534372548466,11.317332010661369,3.2274096421748064,-2.1509340863168633,8.420767129872338e-15
101.36991807931743,-35.47233633848175,11.31109598989349,3.228547724807905,-2.150997483023807,0.0
101.37996888369041,-35.478141225377314,11.304871912109984,3.2296830757798385,-2.1510607546053744,1.6841534259744676e-14
101.3900183786723,-35.48394902933713,11.298659877321292,3.2308156701188433,-2.151123901891974,0.0
101.40006656853046,-35.48975974646202,11.292459985537837,3.231945482853397,-2.1511869257239926,-8.420767129872338e-15
101.41011345753134,-35.49557337285162,11.286272336770065,3.23307248901222,-2.151249826951794,-8.420767129872338e-15
101.42015904994037,-35.50138990460438,11.280097031028404,3.2341966636242776,-2.1513126064357193,0.0
101.4302033500221,-35.5072093378176,11.273934168323288,3.235317981718788,-2.151375265046093,0.0
101.44024636204011,-35.51303166858735,11.267783848665152,3.2364364183252117,-2.151437803663213,-1.6841534259744676e-14
101.45028809025709,-35.51885689300858,11.261646172064431,3.237551948473272,-2.1515002231773597,-8.420767129872338e-15
101.46032853893472,-35.52468500717503,11.255521238531557,3.2386645471929403,-2.151562524488794,-8.420767129872338e-15
101.4703677123338,-35.53051600717926,11.249409148076968,3.239774189514451,-2.151624708507758,-8.420767129872338e-15
101.48040561471414,-35.53634988911266,11.243310000711094,3.2408808504682973,-2.151686776154473,-8.420767129872338e-15
101.49044225033468,-35.54218664906545,11.237223896444373,3.241984505085239,-2.151748728359145,-1.6841534259744676e-14
101.50047762345338,-35.548026283126674,11.231150935287237,3.2430851283962983,-2.1518105660619606,-8.420767129872338e-15
101.51051173832724,-35.5538687873842,11.225091217250123,3.24418269543277,-2.1518722902130905,-1.6841534259744676e-14
101.52054459921241,-35.559714157924695,11.21904484234346,3.2452771812262187,-2.1519339017726873,0.0
101.53057621036405,-35.5655623908337,11.213011910577684,3.2463685608084836,-2.1519954017108915,0.0
101.54060657603638,-35.571413482195545,11.206992521963231,3.2474568092116805,-2.1520567910078263,0.0
101.55063570048272,-35.57726742809338,11.200986776510536,3.2485419014682027,-2.1521180706535983,8.420767129872338e-15
101.56066358795545,-35.583124224609215,11.194994774230032,3.2496238126107273,-2.1521792416483057,-2.5262301389617013e-14
101.57069024270602,-35.58898386782387,11.189016615132152,3.250702517672219,-2.1522403050020307,1.6841534259744676e-14
101.58071566898496,-35.59484635381697,11.183052399227332,3.2517779916859224,-2.152301261734844,0.0
101.59073987104186,-35.60071167866699,11.177102226526008,3.252850209685377,-2.152362112876803,-4.210383564936169e-14
101.60076285312539,-35.60657983845126,11.171166197038607,3.2539191467044137,-2.1524228594679573,-8.420767129872338e-15
101.6107846194833,-35.61245082924589,11.16524441077557,3.2549847777771572,-2.1524835025583453,8.420767129872338e-15
101.62080517436242,-35.61832464712581,11.159336967747326,3.2560470779380313,-2.1525440432079943,1.6841534259744676e-14
101.63082452200861,-35.62420128816484,11.153443967964314,3.2571060222217607,-2.152604482486928,-2.5262301389617013e-14
101.6408426666669,-35.63008074843558,11.147565511436968,3.258161585663365,-2.152664821475157,2.5262301389617013e-14
101.65085961258131,-35.635963024009456,11.141701698175723,3.2592137432981803,-2.1527250612626876,2.5262301389617013e-14
101.660875363995,-35.641848110956765,11.135852628191005,3.2602624701618437,-2.152785202949521,-8.420767129872338e-15
101.67088992515016,-35.647736005346594,11.130018401493256,3.2613077412903055,-2.1528452476456525,-8.420767129872338e-15
101.68090330028811,-35.65362670324688,11.12419911809291,3.2623495317198272,-2.152905196471074,0.0
101.69091549364921,-35.65952020072438,11.1183948780004,3.263387816486987,-2.1529650505557707,8.420767129872338e-15
101.70092650947294,-35.665416493844695,11.112605781226158,3.26442257062868,-2.15302481103973,8.420767129872338e-15
101.7109363519978,-35.67131557867224,11.106831927780622,3.2654537691821246,-2.1530844790729375,-2.5262301389617013e-14
101.72094502546149,-35.67721745127028,11.101073417674222,3.2664813871848644,-2.1531440558153747,-2.5262301389617013e-14
101.73095253410068,-35.683122107700896,11.095330350917395,3.267505399674762,-2.1532035424370255,-2.5262301389617013e-14
101.74095888215118,-35.68902954402502,11.089602827520574,3.2685257816900153,-2.1532629401178767,0.0
101.7509640738479,-35.694939756302404,11.083890947494194,3.269542508269152,-2.153322250047915,3.368306851948935e-14
101.7609681134248,-35.700852740591614,11.07819481084869,3.2705555544510307,-2.1533814734271326,3.368306851948935e-14
101.77097100511493,-35.706768492950076,11.072514517594495,3.2715648952748495,-2.1534406114655242,8.420767129872338e-15
101.78097275315046,-35.712687009434056,11.066850167742045,3.272570505780144,-2.1534996653830936,-1.6841534259744676e-14
101.79097336176267,-35.71860828609862,11.06120186130177,3.2735723610067966,-2.153558636409846,-1.6841534259744676e-14
101.80097283518188,-35.72453231899772,11.055569698284105,3.2745704359950287,-2.153617525785799,5.0524602779234026e-14
101.8109711776375,-35.73045910418407,11.049953778699491,3.275564705785404,-2.1536763347609744,1.6841534259744676e-14
101.82096839335807,-35.73638863770929,11.044354202558356,3.27655514541885,-2.153735064595409,-8.420767129872338e-15
101.83096448657123,-35.742320915623786,11.038771069871135,3.2775417299366327,-2.1537937165591465,1.6841534259744676e-14
101.84095946150367,-35.748255933976836,11.033204480648262,3.27852443438038,-2.1538522919322447,-8.420767129872338e-15
101.85095332238123,-35.75419368881652,11.027654534900176,3.2795032337920755,-2.1539107920047735,2.5262301389617013e-14
101.86094607342878,-35.76013417618978,11.0221213326373,3.2804781032140644,-2.153969218076818,3.368306851948935e-14
101.87093771887034,-35.766077392142385,11.01660497387008,3.28144901768905,-2.15402757145848,-8.420767129872338e-15
101.88092826292902,-35.77202333271893,11.011105558608943,3.2824159522601097,-2.154085853469876,0.0
101.89091770982701,-35.777971993962865,11.00562318686433,3.283378881970675,-2.154144065441141,0.0
101.90090606378564,-35.78392337191648,11.00015795864667,3.284337781864562,-2.15420220871243,8.420767129872338e-15
101.91089332902528,-35.789877462620865,10.994709973966396,3.2852926269859517,-2.154260284633919,0.0
101.92087950976546,-35.79583426211601,10.989279332833943,3.286243392379404,-2.1543182945658064,8.420767129872338e-15
101.93086461022477,-35.801793766440674,10.983866135259754,3.2871900530898515,-2.1543762398783093,-8.420767129872338e-15
101.94084863462095,-35.807755971632524,10.978470481254249,3.288132584162619,-2.154434121951676,2.5262301389617013e-14
101.95083158717078,-35.81372087372801,10.973092470827874,3.289070960643406,-2.1544919421761755,4.210383564936169e-14
101.96081347209021,-35.819688468762436,10.967732203991051,3.290005157578301,-2.1545497019521065,0.0
101.97079429359424,-35.82565875276997,10.962389780754227,3.290935150013777,-2.154607402689793,0.0
101.98077405589703,-35.8316317217836,10.957065301127832,3.2918609129967065,-2.1546650458095935,0.0
101.9907527632118,-35.837607371835155,10.951758865122295,3.292782421574352,-2.1547226327418953,3.368306851948935e-14
102.00073041975091,-35.843585698955295,10.946470572748058,3.293699650794371,-2.154780164927117,-8.420767129872338e-15
102.01070702972581,-35.84956669917355,10.941200524015551,3.2946125757048215,-2.154837643815714,-1.6841534259744676e-14
102.02068259734708,-35.85555036851826,10.935948818935204,3.295521171354167,-2.154895070868175,1.6841534259744676e-14
102.03065712682438,-35.861536703016625,10.930715557517459,3.2964254127912684,-2.1549524475550275,-8.420767129872338e-15
102.04063062236652,-35.86752569869468,10.925500839772747,3.297325275065404,-2.1550097753568362,2.5262301389617013e-14
102.05060308818138,-35.873517351577306,10.920304765711503,3.298220733226248,-2.1550670557642064,0.0
102.060574528476,-35.87951165768822,10.91512743534416,3.299111762323901,-2.155124290277784,0.0
102.0705449474565,-35.885508613049986,10.909968948681152,3.2999983374088715,-2.1551814804082583,2.5262301389617013e-14
102.08051434932808,-35.89150821368402,10.904829405732917,3.3008804335320856,-2.1552386276763644,-8.420767129872338e-15
102.09048273829517,-35.89751045561055,10.899708906509881,3.3017580257448946,-2.155295733612883,-3.368306851948935e-14
102.10045011856121,-35.9035153348487,10.894607551022485,3.3026310890990667,-2.155352799758641,-8.420767129872338e-15
102.11041649432879,-35.90952284741638,10.889525439281162,3.303499598646799,-2.155409827664515,-8.420767129872338e-15
102.12038186979963,-35.9155329893304,10.884462671296346,3.304363529440717,-2.1554668188914343,-8.420767129872338e-15
102.13034624917454,-35.92154575660636,10.879419347078471,3.3052228565338764,-2.155523775010378,8.420767129872338e-15
102.14030963665348,-35.92756114525874,10.874395566637974,3.306077554979767,-2.155580697602382,8.420767129872338e-15
102.15027203643552,-35.933579151300854,10.869391429985281,3.306927599832316,-2.155637588258538,-8.420767129872338e-15
102.16023345271884,-35.93959977074487,10.864407037130835,3.307772966145885,-2.1556944485799905,2.5262301389617013e-14
102.17019388970076,-35.945622999601795,10.859442488085069,3.3086136289752837,-2.1557512801779506,-8.420767129872338e-15
102.18015335157769,-35.95164883388147,10.854497882858409,3.3094495633757592,-2.155808084673685,-8.420767129872338e-15
102.1901118425452,-35.9576772695926,10.849573321461298,3.3102807444030105,-2.1558648636985236,-5.0524602779234026e-14
102.20006936679799,-35.96370830274274,10.84466890390417,3.311107147113183,-2.155921618893862,0.0
102.21002592852983,-35.96974192933829,10.839784730197456,3.3119287465628777,-2.1559783519111635,-1.6841534259744676e-14
102.21998153193367,-35.975778145384474,10.834920900351587,3.312745517809147,-2.156035064411956,4.210383564936169e-14
