galstreams/tracks/track.st.NGC6397.ibata2024.ecsv
# %ECSV 1.0
# ---
# datatype:
# - {name: ra, unit: deg, datatype: float64}
# - {name: dec, unit: deg, datatype: float64}
# - {name: distance, unit: kpc, datatype: float64}
# - {name: pm_ra_cosdec, unit: mas / yr, datatype: float64}
# - {name: pm_dec, unit: mas / yr, datatype: float64}
# - {name: radial_velocity, unit: km / s, datatype: float64}
# delimiter: ','
# meta: !!omap
# - __serialized_columns__:
#     dec:
#       __class__: astropy.coordinates.angles.Latitude
#       unit: &id001 !astropy.units.Unit {unit: deg}
#       value: !astropy.table.SerializedColumn {name: dec}
#     distance:
#       __class__: astropy.coordinates.distances.Distance
#       unit: !astropy.units.Unit {unit: kpc}
#       value: !astropy.table.SerializedColumn {name: distance}
#     pm_dec:
#       __class__: astropy.units.quantity.Quantity
#       unit: !astropy.units.Unit {unit: mas / yr}
#       value: !astropy.table.SerializedColumn {name: pm_dec}
#     pm_ra_cosdec:
#       __class__: astropy.units.quantity.Quantity
#       unit: !astropy.units.Unit {unit: mas / yr}
#       value: !astropy.table.SerializedColumn {name: pm_ra_cosdec}
#     ra:
#       __class__: astropy.coordinates.angles.Longitude
#       unit: *id001
#       value: !astropy.table.SerializedColumn {name: ra}
#       wrap_angle: !astropy.coordinates.Angle
#         unit: *id001
#         value: 360.0
#     radial_velocity:
#       __class__: astropy.units.quantity.Quantity
#       unit: !astropy.units.Unit {unit: km / s}
#       value: !astropy.table.SerializedColumn {name: radial_velocity}
# schema: astropy-2.0
ra,dec,distance,pm_ra_cosdec,pm_dec,radial_velocity
261.8995241527397,-53.75827150675149,1.0000000000000007,2.7357529658742408,-18.149682131821766,18.242576501768657
261.9162855658314,-53.758380267135095,1.0000000000000009,2.7382205588371074,-18.146867227562627,18.235160704934593
261.93304653533977,-53.75849066876925,1.0000000000000009,2.740687880150635,-18.14405310824771,18.227812211609702
261.9498070647777,-53.758602707672665,1.0000000000000009,2.7431549304609595,-18.141239772775315,18.220530967004525
261.9665671576516,-53.7587163798629,1.0000000000000009,2.745621710411217,-18.13842722004407,18.213316916329628
261.98332681746143,-53.75883168135624,1.0000000000000009,2.7480882206414954,-18.135615448952898,18.206170004795556
262.0000860477003,-53.75894860816778,1.0000000000000009,2.7505544617887154,-18.132804458401083,18.199090177612888
262.01684485185484,-53.75906715631142,1.0000000000000007,2.753020434486851,-18.129994247288217,18.19207737999221
262.0336032334053,-53.759187321799814,1.0000000000000009,2.7554861393667744,-18.12718481451421,18.185131557144036
262.0503611958249,-53.759309100644444,1.0000000000000009,2.757951577056269,-18.124376158979324,18.178252654278968
262.0671187425807,-53.75943248885559,1.0000000000000007,2.760416748180103,-18.121568279584146,18.17144061660755
262.08387587713287,-53.75955748244231,1.0000000000000009,2.762881653360009,-18.118761175229576,18.164695389340384
262.10063260293504,-53.759684077412466,1.0000000000000009,2.765346293214594,-18.115954844816898,18.158016917687984
262.1173889234344,-53.75981226977273,1.0000000000000009,2.7678106683595147,-18.113149287247676,18.151405146860945
262.1341448420713,-53.75994205552859,1.000000000000001,2.770274779407269,-18.110344501423853,18.14486002206982
262.1509003622797,-53.760073430684315,1.0000000000000009,2.7727386269674126,-18.107540486247714,18.13838148852516
262.16765548748697,-53.76020639124304,1.0000000000000007,2.775202211646433,-18.104737240621848,18.131969491437577
262.1844102211136,-53.760340933206614,1.0000000000000009,2.7776655340477125,-18.101934763449222,18.125623976017593
262.2011645665738,-53.76047705257581,1.0000000000000009,2.7801285947716785,-18.099133053633146,18.119344887475748
262.21791852727523,-53.760614745350175,1.0000000000000009,2.782591394415709,-18.09633211007726,18.113132171022688
262.2346721066186,-53.76075400752804,1.0000000000000009,2.7850539335740843,-18.093531931685582,18.10698577186889
262.2514253079982,-53.76089483510662,1.0000000000000007,2.787516212838117,-18.090732517362447,18.10090563522497
262.2681781348021,-53.761037224081925,1.0000000000000007,2.7899782327961096,-18.087933866012573,18.094891706301482
262.28493059041097,-53.761181170448786,1.0000000000000009,2.7924399940332254,-18.08513597654101,18.088943930308993
262.30168267819965,-53.76132667020087,1.0000000000000009,2.7949014971317263,-18.082338847853194,18.083062252458017
262.3184344015361,-53.761473719330716,1.0000000000000009,2.797362742670802,-18.079542478854872,18.07724661795921
262.33518576378145,-53.76162231382962,1.0000000000000009,2.799823731226586,-18.076746868452197,18.071496972023063
262.35193676829067,-53.761772449687776,1.0000000000000007,2.8022844633722537,-18.07395201555166,18.06581325986018
262.3686874184119,-53.7619241228942,1.0000000000000007,2.8047449396779482,-18.07115791906012,18.060195426681123
262.38543771748664,-53.76207732943674,1.0000000000000009,2.8072051607107316,-18.068364577884793,18.054643417696415
262.40218766884993,-53.76223206530211,1.000000000000001,2.809665127034749,-18.065571990933282,18.049157178116644
262.4189372758302,-53.76238832647585,1.0000000000000007,2.8121248392111067,-18.062780157113544,18.043736653152394
262.4356865417492,-53.76254610894236,1.0000000000000009,2.814584297797832,-18.059989075333903,18.03838178801421
262.452435469922,-53.76270540868489,1.0000000000000007,2.817043503350023,-18.057198744503076,18.033092527912643
262.46918406365756,-53.76286622168555,1.000000000000001,2.8195024564197864,-18.054409163530103,18.027868818058284
262.4859323262575,-53.76302854392528,1.000000000000001,2.821961157556134,-18.05162033132448,18.022710603661668
262.50268026101764,-53.76319237138392,1.0000000000000009,2.8244196073051873,-18.048832246796007,18.01761782993341
262.5194278712265,-53.763357700040146,1.0000000000000007,2.826877806209965,-18.046044908854896,18.01259044208403
262.5361751601665,-53.76352452587148,1.0000000000000009,2.829335754810546,-18.04325831641173,18.00762838532411
262.55292213111323,-53.763692844854354,1.0000000000000009,2.83179345364404,-18.040472468377487,18.002731604864188
262.56966878733573,-53.763862652964036,1.0000000000000009,2.834250903244484,-18.03768736366352,17.997900045914854
262.58641513209653,-53.76403394617467,1.0000000000000009,2.8367081041430007,-18.03490300118156,17.993133653686662
262.60316116865147,-53.764206720459285,1.0000000000000009,2.8391650568676967,-18.032119379843735,17.988432373390182
262.6199069002498,-53.76438097178978,1.0000000000000007,2.8416217619436632,-18.02933649856257,17.98379615023597
262.63665233013427,-53.7645566961369,1.0000000000000009,2.844078219893044,-18.026554356250962,17.9792249294346
262.65339746154103,-53.76473388947032,1.0000000000000009,2.8465344312350123,-18.02377295182221,17.974718656196625
262.6701422976994,-53.764912547758605,1.0000000000000009,2.848990396485685,-18.020992284190015,17.970277275732627
262.6868868418324,-53.76509266696912,1.0000000000000009,2.8514461161582796,-18.018212352268467,17.965900733253136
262.7036310971565,-53.76527424306822,1.0000000000000007,2.853901590763039,-18.015433154972044,17.96158897396877
262.72037506688116,-53.765457272021074,1.0000000000000009,2.856356820807135,-18.012654691215637,17.957341943090046
262.73711875420963,-53.76564174979178,1.0000000000000009,2.858811806794881,-18.009876959914532,17.95315958582753
262.7538621623386,-53.76582767234333,1.0000000000000009,2.8612665492275617,-18.00709995998443,17.949041847391786
262.7706052944577,-53.7660150356376,1.0000000000000007,2.863721048603476,-18.004323690341423,17.94498867299342
262.7873481537505,-53.766203835635366,1.0000000000000007,2.8661753054179924,-18.001548149902007,17.941000007842963
262.80409074339383,-53.76639406829632,1.0000000000000007,2.868629320163535,-17.998773337583085,17.93707579715099
262.82083306655767,-53.766585729579056,1.0000000000000009,2.8710830933294824,-17.995999252302,17.93321598612806
262.8375751264057,-53.766778815441036,1.0000000000000009,2.8735366254023234,-17.99322589297646,17.92942051998472
262.85431692609495,-53.766973321838684,1.0000000000000009,2.875989916865591,-17.990453258524624,17.92568934393154
262.87105846877563,-53.7671692447273,1.0000000000000009,2.878442968199784,-17.98768134786506,17.92202240317912
262.8877997575918,-53.767366580061136,1.0000000000000007,2.880895779882554,-17.984910159916716,17.91841964293799
262.9045407956804,-53.767565323793285,1.0000000000000009,2.8833483523884818,-17.982139693599006,17.91488100841869
262.92128158617214,-53.767765471875855,1.0000000000000007,2.8858006861892846,-17.979369947831753,17.911406444831847
262.93802213219107,-53.76796702025979,1.0000000000000009,2.8882527817537103,-17.976600921535173,17.907995897387966
262.95476243685465,-53.768169964895,1.0000000000000009,2.890704639547565,-17.97383261362994,17.904649311297653
262.9715025032736,-53.76837430173035,1.0000000000000009,2.8931562600336522,-17.97106502303714,17.90136663177147
262.98824233455224,-53.76858002671354,1.0000000000000009,2.895607643671929,-17.968298148678276,17.898147804019963
263.0049819337881,-53.76878713579129,1.0000000000000009,2.898058790919293,-17.965531989475295,17.894992773253687
263.0217213040723,-53.76899562490921,1.0000000000000007,2.9005097022298028,-17.962766544350572,17.891901484683235
263.03846044848933,-53.76920549001185,1.0000000000000009,2.9029603780545488,-17.960001812226896,17.88887388351914
263.0551993701169,-53.76941672704271,1.0000000000000009,2.9054108188416423,-17.957237792027527,17.885909914972014
263.07193807202646,-53.769629331944195,1.0000000000000007,2.9078610250363246,-17.95447448267613,17.883009524252344
263.0886765572825,-53.769843300657705,1.0000000000000009,2.910310997080863,-17.951711883096806,17.88017265657077
263.10541482894314,-53.77005862912353,1.0000000000000009,2.912760735414607,-17.948949992214104,17.877399257137824
263.1221528900598,-53.770275313280955,1.0000000000000009,2.915210240473957,-17.946188808953035,17.874689271164073
263.1388907436775,-53.77049334906817,1.0000000000000007,2.9176595126924507,-17.94342833223901,17.872042643860066
263.1556283928344,-53.77071273242233,1.0000000000000009,2.9201085525006043,-17.94066856099791,17.869459320436366
263.1723658405621,-53.7709334592796,1.0000000000000009,2.9225573603260853,-17.93790949415606,17.866939246103588
263.1891030898859,-53.771155525575004,1.0000000000000009,2.9250059365936396,-17.935151130640232,17.864482366072234
263.20584014382416,-53.77137892724257,1.0000000000000009,2.927454281725032,-17.93239346937764,17.86208862555289
263.2225770053887,-53.771603660215334,1.0000000000000009,2.9299023961391506,-17.929636509295968,17.859757969756135
263.239313677585,-53.77182972042522,1.0000000000000009,2.9323502802520105,-17.92688024932331,17.85749034389254
263.25605016341154,-53.772057103803135,1.0000000000000007,2.934797934476606,-17.92412468838828,17.85528569317263
263.2727864658606,-53.77228580627899,1.0000000000000009,2.937245359223115,-17.92136982541988,17.853143962806996
263.2895225879176,-53.77251582378162,1.0000000000000009,2.9396925548987984,-17.918615659347616,17.851065098006178
263.3062585325613,-53.77274715223887,1.0000000000000009,2.942139521907915,-17.91586218910144,17.84904904398076
263.3229943027642,-53.772979787577555,1.0000000000000009,2.944586260651927,-17.913109413611753,17.84709574594133
263.3397299014919,-53.77321372572344,1.0000000000000009,2.9470327715293623,-17.910357331809443,17.8452051490984
263.35646533170353,-53.77344896260129,1.0000000000000009,2.949479054935793,-17.907605942625842,17.84337719866256
263.37320059635164,-53.77368549413486,1.0000000000000009,2.9519251112639844,-17.904855244992753,17.841611839844383
263.389935698382,-53.77392331624687,1.0000000000000009,2.9543709409036767,-17.902105237842456,17.839909017854424
263.4066706407339,-53.774162424859036,1.0000000000000009,2.956816544241832,-17.899355920107695,17.838268677903265
263.42340542634025,-53.77440281589207,1.0000000000000007,2.9592619216624803,-17.896607290721683,17.836690765201414
263.4401400581269,-53.77464448526565,1.0000000000000009,2.9617070735467053,-17.893859348618104,17.83517522495949
263.4568745390134,-53.77488742889848,1.0000000000000009,2.96415200027276,-17.891112092731127,17.83372200238804
263.4736088719129,-53.775131642708246,1.0000000000000009,2.9665967022160213,-17.888365521995375,17.832331042697636
263.4903430597313,-53.77537712261163,1.0000000000000007,2.9690411797488743,-17.88561963534601,17.831002291098823
263.50707710536847,-53.77562386452432,1.0000000000000009,2.971485433240942,-17.882874431718573,17.82973569280218
263.5238110117176,-53.775871864361,1.0000000000000009,2.9739294630589095,-17.88012991004918,17.828531193018264
263.540544781665,-53.776121118035356,1.0000000000000007,2.9763732695665484,-17.877386069274387,17.82738873695763
263.55727841809056,-53.77637162146012,1.0000000000000009,2.978816853124785,-17.87464290833124,17.82630826983088
263.57401192386766,-53.77662337054697,1.0000000000000009,2.9812602140916944,-17.871900426157275,17.82528973684852
263.5907453018629,-53.77687636120666,1.0000000000000009,2.983703352822396,-17.86915862169051,17.824333083221156
263.6074785549363,-53.77713058934893,1.0000000000000009,2.9861462696691943,-17.866417493869477,17.823438254159374
263.6242116859415,-53.77738605088251,1.0000000000000009,2.9885889649815365,-17.86367704163316,17.822605194873677
263.6409446977251,-53.7776427417152,1.0000000000000009,2.9910314391059054,-17.860937263921073,17.821833850574645
263.65767759312746,-53.7779006577538,1.0000000000000007,2.9934736923860052,-17.858198159673208,17.82112416647287
263.67441037498236,-53.77815979490413,1.0000000000000007,2.9959157251626625,-17.85545972783005,17.820476087778925
263.6911430461166,-53.77842014907104,1.0000000000000007,2.998357537773765,-17.8527219673326,17.819889559703316
263.7078756093507,-53.77868171615841,1.0000000000000009,3.0007991305544044,-17.84998487712234,17.81936452745665
263.72460806749865,-53.77894449206917,1.0000000000000007,3.0032405038368237,-17.847248456141273,17.818900936249477
263.7413404233673,-53.77920847270525,1.0000000000000009,3.0056816579503107,-17.844512703331887,17.818498731292387
263.7580726797576,-53.779473653967635,1.0000000000000007,3.008122593221399,-17.8417776176372,17.818157857795903
263.77480483946334,-53.77974003175635,1.0000000000000009,3.010563309973688,-17.8390431980007,17.817878260970623
263.79153690527187,-53.78000760197044,1.0000000000000007,3.013003808527947,-17.83630944336643,17.81765988602707
263.8082688799642,-53.78027636050804,1.0000000000000009,3.0154440892021492,-17.833576352678897,17.81750267817586
263.82500076631425,-53.780546303266284,1.0000000000000009,3.0178841523112894,-17.83084392488317,17.817406582627513
263.8417325670897,-53.78081742614138,1.0000000000000009,3.020323998167626,-17.82811215892479,17.817371544592636
263.85846428505147,-53.78108972502858,1.0000000000000009,3.0227636270805256,-17.825381053749823,17.81739750928176
263.8751959229538,-53.78136319582216,1.0000000000000009,3.025203039356472,-17.822650608304876,17.817484421905444
263.8919274835446,-53.78163783441552,1.0000000000000009,3.027642235299167,-17.819920821537053,17.817632227674288
263.9086589695649,-53.781913636701056,1.0000000000000009,3.0300812152094543,-17.817191692393976,17.817840871798808
263.925390383749,-53.78219059857023,1.0000000000000009,3.0325199793852664,-17.814463219823804,17.818110299489632
263.942121728825,-53.7824687159136,1.0000000000000007,3.034958528121796,-17.81173540277522,17.81844045595726
263.9588530075141,-53.78274798462078,1.0000000000000009,3.0373968617113425,-17.809008240197418,17.81883128641229
263.9755842225309,-53.783028400580406,1.0000000000000009,3.039834980443351,-17.80628173104013,17.819282736065258
263.9923153765836,-53.78330995968023,1.0000000000000009,3.042272884604476,-17.803555874253625,17.819794750126757
264.0090464723734,-53.78359265780708,1.0000000000000009,3.044710574478536,-17.800830668788684,17.820367273807353
264.0257775125952,-53.783876490846815,1.0000000000000007,3.0471480503464496,-17.79810611359665,17.82100025231759
264.0425084999372,-53.78416145468441,1.0000000000000009,3.049585312486386,-17.795382207629366,17.82169363086806
264.05923943708103,-53.7844475452039,1.0000000000000009,3.0520223611736785,-17.792658949839232,17.8224473546693
264.07597032670145,-53.784734758288415,1.0000000000000009,3.0544591966807566,-17.78993633917918,17.823261368931863
264.0927011714669,-53.785023089820136,1.0000000000000009,3.0568958192773037,-17.787214374602698,17.824135618866332
264.10943197403924,-53.78531253568039,1.0000000000000009,3.059332229230196,-17.78449305506377,17.8250700496833
264.1261627370733,-53.785603091749536,1.0000000000000009,3.061768426803366,-17.781772379516987,17.826064606593288
264.1428934632177,-53.78589475390703,1.0000000000000007,3.0642044122580687,-17.779052346917435,17.82711923480684
264.1596241551143,-53.786187518031454,1.0000000000000009,3.0666401858526333,-17.77633295622076,17.82823387953462
264.1763548153982,-53.78648138000047,1.0000000000000009,3.0690757478426436,-17.773614206383172,17.829408485987102
264.1930854466982,-53.786776335690796,1.0000000000000007,3.071511098480849,-17.770896096361408,17.830642999374845
264.2098160516362,-53.78707238097832,1.0000000000000007,3.073946238017158,-17.768178625112775,17.83193736490848
264.22654663282754,-53.78736951173799,1.0000000000000009,3.0763811666986847,-17.765461791595115,17.83329152779852
264.24327719288107,-53.78766772384387,1.0000000000000009,3.0788158847697797,-17.762745594766848,17.83470543325553
