galstreams/tracks/track.st.M68-Fjorm.ibata2021.ecsv
# %ECSV 0.9
# ---
# datatype:
# - {name: ra, unit: deg, datatype: float64}
# - {name: dec, unit: deg, datatype: float64}
# - {name: distance, unit: kpc, datatype: float64}
# - {name: pm_ra_cosdec, unit: mas / yr, datatype: float64}
# - {name: pm_dec, unit: mas / yr, datatype: float64}
# - {name: radial_velocity, unit: km / s, datatype: float64}
# delimiter: ','
# meta: !!omap
# - __serialized_columns__:
#     dec:
#       __class__: astropy.coordinates.angles.Latitude
#       unit: &id001 !astropy.units.Unit {unit: deg}
#       value: !astropy.table.SerializedColumn {name: dec}
#     distance:
#       __class__: astropy.coordinates.distances.Distance
#       unit: !astropy.units.Unit {unit: kpc}
#       value: !astropy.table.SerializedColumn {name: distance}
#     pm_dec:
#       __class__: astropy.units.quantity.Quantity
#       unit: !astropy.units.Unit {unit: mas / yr}
#       value: !astropy.table.SerializedColumn {name: pm_dec}
#     pm_ra_cosdec:
#       __class__: astropy.units.quantity.Quantity
#       unit: !astropy.units.Unit {unit: mas / yr}
#       value: !astropy.table.SerializedColumn {name: pm_ra_cosdec}
#     ra:
#       __class__: astropy.coordinates.angles.Longitude
#       unit: *id001
#       value: !astropy.table.SerializedColumn {name: ra}
#       wrap_angle: !astropy.coordinates.Angle
#         unit: *id001
#         value: 360.0
#     radial_velocity:
#       __class__: astropy.units.quantity.Quantity
#       unit: !astropy.units.Unit {unit: km / s}
#       value: !astropy.table.SerializedColumn {name: radial_velocity}
# schema: astropy-2.0
ra,dec,distance,pm_ra_cosdec,pm_dec,radial_velocity
[from data line 5913]
197.86374179765363,13.51317459267311,6.171420291383582,-2.167910302339844,4.338794246367003,-76.05594734543372
197.86650443297347,13.523113240759638,6.171231369590241,-2.167480358946717,4.339352655724363,-76.06678073180514
197.86926751681702,13.533051796791883,6.171042014666005,-2.16705033598744,4.339910913786075,-76.07761876335013
197.8720310494086,13.542990260735195,6.170852226914393,-2.1666202334141698,4.3404690206092456,-76.08846142694948
197.87479503097262,13.552928632554986,6.170662006639025,-2.1661900511790293,4.341026976251026,-76.09930870948432
197.87755946173377,13.562866912216409,6.170471354143619,-2.165759789234114,4.34158478076859,-76.11016059783653
197.88032434191678,13.572805099684775,6.170280269731996,-2.165329447531488,4.342142434219154,-76.12101707888834
197.88308967174655,13.582743194925323,6.170088753708069,-2.164899026023181,4.342699936659981,-76.13187813952315
197.88585545144826,13.592681197903206,6.169896806375858,-2.1644685246611925,4.343257288148356,-76.14274376662446
197.88862168124714,13.602619108583589,6.1697044280394815,-2.1640379433974952,4.343814488741616,-76.1536139470765
197.89138836136866,13.61255692693154,6.1695116190031465,-2.163607282184026,4.344371538497127,-76.16448866776429
197.89415549203838,13.6224946529122,6.169318379571172,-2.163176540972689,4.344928437472293,-76.1753679155733
197.89692307348204,13.632432286490486,6.169124710047975,-2.162745719715364,4.345485185724557,-76.18625167738956
197.89969110592557,13.642369827631443,6.168930610738065,-2.1623148183638934,4.346041783311391,-76.19713994009986
197.9024595895951,13.652307276300009,6.168736081946046,-2.1618838368700914,4.346598230290328,-76.2080326905918
197.90522852471682,13.662244632461128,6.168541123976637,-2.161452775185738,4.347154526718903,-76.21892991575326
197.90799791151713,13.672181896079644,6.168345737134641,-2.1610216332625884,4.347710672654715,-76.2298316024727
197.91076775307363,13.682119066310976,6.1681499160528785,-2.1605904106457876,4.348266666046899,-76.24073779638282
197.9135380467684,13.692056143927545,6.167953666704906,-2.1601591076921505,4.348822509058989,-76.25164842540629
197.91630879282255,13.701993128895769,6.1677569894073185,-2.159727724354169,4.349378201752957,-76.2625634763144
197.91907999146318,13.71193002118036,6.1675598844653265,-2.159296260583456,4.349933744186538,-76.27348293599833
197.9218516429175,13.721866820746076,6.1673623521842265,-2.1588647163316144,4.350489136417511,-76.28440679134951
197.92462374741297,13.731803527557437,6.167164392869423,-2.1584330915502066,4.351044378503678,-76.29533502926049
197.92739630517698,13.741740141579132,6.166966006826408,-2.1580013861907688,4.351599470502897,-76.30626763662413
197.9301693164374,13.751676662775717,6.166767194360781,-2.1575696002047975,4.352154412473041,-76.31720460033428
197.93294278142204,13.761613091111743,6.166567955778233,-2.1571377335437614,4.35270920447204,-76.32814590728476
197.93571670035905,13.77154942655168,6.166368291384556,-2.156705786159107,4.353263846557843,-76.33909154437072
197.93849107347648,13.781485669060025,6.166168201485638,-2.1562737580022397,4.3538183387884395,-76.3500414984874
197.94126590100285,13.791421818601174,6.165967686387462,-2.155841649024531,4.354372681221864,-76.36099575653107
197.94404118316663,13.80135787513958,6.165766746396111,-2.1554094591773354,4.354926873916174,-76.37195430539826
197.9468169201966,13.811293838639457,6.165565381817758,-2.1549771884119604,4.355480916929476,-76.38291713198637
197.94959311232154,13.821229709065197,6.165363592958688,-2.154544836679695,4.356034810319901,-76.39388422319323
197.95236975977053,13.831165486381055,6.165161380125267,-2.1541124039317916,4.3565885541456195,-76.40485556591759
197.9551468627727,13.841101170551273,6.164958743623971,-2.153679890119474,4.357142148464835,-76.41583114705854
197.95792442155752,13.851036761540042,6.16475568376136,-2.153247295193931,4.357695593335793,-76.42681095351588
197.96070243635444,13.860972259311517,6.164552200844095,-2.152814619106321,4.358248888816776,-76.4377949721902
197.96348090739318,13.870907663829819,6.164348295178937,-2.1523818618077772,4.358802034966093,-76.44878318998231
197.96625983490358,13.88084297505903,6.164143967072739,-2.1519490232493954,4.359355031842092,-76.45977559379405
197.96903921911567,13.890778192963245,6.163939216832454,-2.151516103382244,4.359907879503159,-76.4707721705278
197.97181906025966,13.900713317506362,6.163734044765128,-2.151083102157356,4.360460578007711,-76.48177290708641
197.97459935856583,13.910648348652408,6.163528451177906,-2.1506500195257403,4.361013127414202,-76.49277779037348
197.97738011426475,13.920583286365305,6.163322436378022,-2.150216855438369,4.361565527781122,-76.50378680729321
197.9801613275871,13.930518130608949,6.163116000672814,-2.1497836098461884,4.362117779166994,-76.5147999447503
197.9829429987637,13.940452881347182,6.162909144369712,-2.1493502827001123,4.362669881630379,-76.52581718965031
197.9857251280255,13.950387538543847,6.16270186777624,-2.1489168739510136,4.363221835229871,-76.53683852889947
197.98850771560376,13.960322102162701,6.162494171200019,-2.14848338354975,4.363773640024101,-76.5478639494043
197.99129076172983,13.970256572167543,6.1622860549487655,-2.148049811447137,4.364325296071732,-76.5588934380722
197.99407426663512,13.980190948521965,6.16207751933029,-2.147616157593967,4.3648768034314624,-76.56992698181116
197.99685823055137,13.99012523118968,6.161868564652499,-2.1471824219409963,4.365428162162025,-76.58096456752969
197.9996426537104,14.000059420134319,6.161659191223397,-2.146748604438952,4.365979372322185,-76.59200618213706
198.0024275363442,14.009993515319474,6.161449399351079,-2.14631470503853,4.366530433970747,-76.60305181254316
198.00521287868486,14.01992751670869,6.161239189343734,-2.1458807236903974,4.367081347166547,-76.61410144565845
198.00799868096485,14.02986142426548,6.1610285615096485,-2.145446660345185,4.367632111968455,-76.62515506839405
198.01078494341655,14.039795237953316,6.160817516157203,-2.145012514953499,4.3681827284353805,-76.63621266766171
198.01357166627267,14.049728957735631,6.160606053594875,-2.1445782874659116,4.368733196626258,-76.6472742303738
198.01635884976602,14.059662583575816,6.160394174131229,-2.144143977832962,4.369283516600065,-76.65833974344334
198.01914649412964,14.069596115437308,6.160181878074929,-2.143709586005164,4.369833688415808,-76.66940919378396
198.02193459959656,14.079529553283301,6.1599691657347355,-2.143275111932997,4.370383712132527,-76.68048256831004
198.0247231664002,14.089462897077128,6.159756037419499,-2.142840555566907,4.370933587809297,-76.69155985393644
198.027512194774,14.099396146782048,6.159542493438163,-2.1424059168573195,4.371483315505231,-76.70264103757864
198.03030168495164,14.109329302361258,6.15932853409977,-2.141971195754616,4.372032895279469,-76.71372610615288
198.0330916371669,14.119262363777938,6.159114159713451,-2.141536392209154,4.372582327191188,-76.72481504657596
198.0358820516538,14.129195330995207,6.158899370588434,-2.1411015061712617,4.3731316112995975,-76.73590784576538
198.03867292864652,14.139128203976211,6.158684167034035,-2.140666537591233,4.373680747663948,-76.7470044906391
198.0414642683793,14.149060982683896,6.158468549359672,-2.1402314864193315,4.374229736343513,-76.758104968116
198.04425607108664,14.15899366708134,6.158252517874851,-2.1397963526057917,4.374778577397603,-76.76920926511522
198.04704833700322,14.168926257131508,6.158036072889169,-2.1393611361008182,4.375327270885562,-76.78031736855696
198.04984106636374,14.17885875279736,6.1578192147123225,-2.1389258368545816,4.375875816866769,-76.79142926536177
198.05263425940333,14.188791154041779,6.157601943654096,-2.138490454817223,4.376424215400634,-76.80254494245096
198.05542791635708,14.198723460827626,6.157384260024372,-2.1380549899388543,4.376972466546602,-76.81366438674638
198.05822203746027,14.20865567311774,6.157166164133116,-2.1376194421695542,4.377520570364153,-76.82478758517051
198.0610166229484,14.2185877908749,6.156947656290395,-2.137183811459369,4.378068526912797,-76.83591452464677
198.0638116730571,14.228519814061851,6.156728736806366,-2.1367480977583213,4.378616336252073,-76.84704519209872
198.06660718802223,14.238451742641356,6.1565094059912795,-2.1363123010163974,4.379163998441561,-76.85817957445082
198.06940316807962,14.248383576575998,6.156289664155477,-2.135876421183557,4.379711513540865,-76.86931765862832
198.0721996134656,14.258315315828433,6.156069511609389,-2.1354404582097173,4.380258881609637,-76.88045943155701
198.07499652441632,14.268246960361285,6.1558489486635475,-2.1350044120447853,4.380806102707541,-76.89160488016302
198.07779390116838,14.278178510137092,6.155627975628567,-2.1345682826386163,4.381353176894289,-76.90275399137359
198.08059174395834,14.288109965118375,6.15540659281516,-2.134132069941056,4.381900104229618,-76.91390675211609
198.083390053023,14.298041325267627,6.155184800534125,-2.133695773901898,4.382446884773301,-76.92506314931913
198.08618882859946,14.307972590547264,6.154962599096353,-2.133259394470914,4.38299351858515,-76.93622316991166
198.0889880709247,14.317903760919775,6.154739988812835,-2.1328229315978526,4.383540005724992,-76.94738680082294
198.09178778023613,14.327834836347387,6.154516969994649,-2.1323863852324227,4.3840863462527,-76.95855402898344
198.09458795677116,14.33776581679251,6.154293542952959,-2.131949755324302,4.384632540228177,-76.9697248413241
198.09738860076746,14.347696702217418,6.154069707999021,-2.1315130418231476,4.385178587711356,-76.98089922477618
198.10018971246285,14.357627492584347,6.153845465444194,-2.1310762446785745,4.3857244887621984,-76.99207716627194
198.1029912920953,14.36755818785553,6.153620815599918,-2.1306393638401717,4.386270243440701,-77.00325865274424
198.10579333990296,14.377488787993132,6.153395758777717,-2.1302023992575014,4.386815851806903,-77.01444367112659
198.1085958561241,14.387419292959276,6.1531702952892235,-2.1297653508800845,4.387361313920862,-77.02563220835283
198.11139884099725,14.397349702716083,6.152944425446147,-2.1293282186574207,4.387906629842666,-77.03682425135793
198.1142022966733,14.407280016682664,6.152718145984364,-2.1288910022528253,4.388451798271152,-77.04801981774472
198.11700622244783,14.417210235088747,6.1524914589874315,-2.128453701756416,4.3889968199397895,-77.05921887902896
198.11981061759147,14.42714035817135,6.152264366579757,-2.1280163172624107,4.389541695598465,-77.07042140655788
198.12261548234338,14.437070385892394,6.152036869073417,-2.1275788487201805,4.390086425307411,-77.08162738726902
198.12542081694292,14.44700031821378,6.151808966780573,-2.1271412960790714,4.390631009126881,-77.09283680810019
198.12822662162947,14.456930155097387,6.151580660013493,-2.1267036592883954,4.391175447117157,-77.10404965599014
198.13103289664278,14.466859896505028,6.151351949084524,-2.12626593829744,4.391719739338548,-77.11526591787818
198.13383964222268,14.476789542398494,6.151122834306106,-2.1258281330554474,4.39226388585141,-77.12648558070416
198.13664685860905,14.486719092739598,6.150893315990772,-2.125390243511643,4.392807886716115,-77.13770863140849
198.13945454604215,14.496648547489931,6.150663394451141,-2.124952269615218,4.393351741993077,-77.14893505693288
198.14226270476223,14.506577906611234,6.150433069999919,-2.1245142113153337,4.393895451742729,-77.1601648442187
198.1450713350098,14.516507170065113,6.150202342949907,-2.124076068561116,4.394439016025546,-77.17139798020882
198.14788043702555,14.526436337813177,6.149971213613993,-2.1236378413016683,4.3949824349020234,-77.18263445184625
198.15069001105027,14.536365409816995,6.149739682305157,-2.1231995294860555,4.395525708432702,-77.19387424607476
198.15350005732498,14.54629438603806,6.14950774933646,-2.122761133063322,4.396068836678142,-77.20511734983899
198.15631057609082,14.556223266437874,6.149275415021063,-2.122322651982463,4.3966118196989346,-77.2163637500841
198.15912156758915,14.566152050977855,6.149042679672207,-2.121884086192465,4.397154657555706,-77.22761343375574
198.16193303206143,14.576080739619425,6.148809543603227,-2.1214454356422734,4.397697350309115,-77.23886638780029
198.1647449697494,14.586009332323988,6.148576007127548,-2.1210067002808013,4.398239898019842,-77.25012259916495
198.16755738089475,14.59593782905277,6.148342070558673,-2.120567880056938,4.398782300748604,-77.26138205479755
198.17037026573962,14.605866229767106,6.148107734210209,-2.120128974919537,4.399324558556147,-77.27264474164623
198.1731836245261,14.615794534428234,6.147872998395844,-2.119689984817423,4.399866671503249,-77.28391064666022
198.1759974574966,14.625722742997377,6.147637863429351,-2.119250909699391,4.4004086396507125,-77.29517975678928
198.17881176489362,14.635650855435696,6.147402329624595,-2.1188117495142027,4.400950463059378,-77.30645205898361
198.18162654695976,14.645578871704325,6.1471663972955275,-2.11837250421059,4.401492141790117,-77.31772754019441
198.18444180393797,14.655506791764411,6.146930066756195,-2.1179331737372618,4.402033675903814,-77.32900618737308
198.18725753607117,14.665434615576892,6.146693338320718,-2.117493758042886,4.402575065461406,-77.3402879874722
198.1900737436026,14.67536234310285,6.14645621230332,-2.117054257076105,4.403116310523844,-77.35157292744461
198.19289042677553,14.685289974303254,6.146218689018302,-2.116614670785535,4.403657411152117,-77.36286099424387
198.19570758583362,14.695217509139042,6.145980768780053,-2.116174999119748,4.404198367407243,-77.37415217482459
198.19852522102047,14.705144947571108,6.145742451903054,-2.115735242027304,4.404739179350263,-77.38544645614148
198.20134333257994,14.715072289560311,6.145503738701876,-2.1152953994567203,4.405279847042253,-77.39674382515012
198.2041619207561,14.724999535067484,6.145264629491168,-2.1148554713564858,4.405820370544321,-77.4080442688069
198.20698098579308,14.734926684053399,6.145025124585671,-2.1144154576750616,4.4063607499176,-77.41934777406867
198.20980052793533,14.7448537364788,6.144785224300215,-2.1139753583608747,4.40690098522325,-77.43065432789308
198.21262054742732,14.754780692304445,6.144544928949714,-2.113535173362326,4.4074410765224705,-77.44196391723835
198.21544104451374,14.764707551490892,6.144304238849171,-2.113094902627786,4.407981023876476,-77.45327652906336
198.21826201943952,14.774634313998833,6.144063154313673,-2.11265454610559,4.408520827346523,-77.46459215032773
198.22108347244972,14.784560979788832,6.143821675658397,-2.1122141037440456,4.409060486993889,-77.47591076799175
198.2239054037895,14.794487548821456,6.143579803198607,-2.111773575491433,4.409600002879884,-77.48723236901613
198.2267278137042,14.804414021057221,6.143337537249648,-2.1113329612959997,4.410139375065844,-77.49855694036248
198.22955070243947,14.81434039645658,6.143094878126954,-2.1108922611059597,4.410678603613139,-77.50988446899318
198.23237407024098,14.82426667497998,6.142851826146044,-2.1104514748694996,4.411217688583169,-77.52121494187102
198.23519791735464,14.834192856587853,6.142608381622533,-2.1100106025347762,4.41175663003735,-77.53254834595948
198.23802224402647,14.844118941240461,6.142364544872107,-2.1095696440499188,4.412295428037139,-77.54388466822269
198.24084705050277,14.854044928898167,6.1421203162105495,-2.109128599363019,4.412834082644017,-77.55522389562567
198.24367233702984,14.86397081952124,6.141875695953725,-2.1086874684221435,4.4133725939194965,-77.56656601513401
198.24649810385435,14.873896613069927,6.141630684417577,-2.1082462511753346,4.413910961925113,-77.57791101371357
198.24932435122298,14.883822309504433,6.141385281918151,-2.107804947570585,4.414449186722438,-77.58925887833168
198.25215107938266,14.893747908784908,6.141139488771564,-2.1073635575558742,4.4149872683730615,-77.6006095959555
198.25497828858047,14.903673410871466,6.140893305294021,-2.1069220810791474,4.415525206938614,-77.61196315355343
198.25780597906365,14.91359881572421,6.1406467318018185,-2.1064805180883197,4.416063002480742,-77.62331953809425
