galstreams/tracks/track.st.Ylgr.ibata2021.ecsv
# %ECSV 1.0
# ---
# datatype:
# - {name: ra, unit: deg, datatype: float64}
# - {name: dec, unit: deg, datatype: float64}
# - {name: distance, unit: kpc, datatype: float64}
# - {name: pm_ra_cosdec, unit: mas / yr, datatype: float64}
# - {name: pm_dec, unit: mas / yr, datatype: float64}
# - {name: radial_velocity, unit: km / s, datatype: float64}
# delimiter: ','
# meta: !!omap
# - __serialized_columns__:
#     dec:
#       __class__: astropy.coordinates.angles.Latitude
#       unit: &id001 !astropy.units.Unit {unit: deg}
#       value: !astropy.table.SerializedColumn {name: dec}
#     distance:
#       __class__: astropy.coordinates.distances.Distance
#       unit: !astropy.units.Unit {unit: kpc}
#       value: !astropy.table.SerializedColumn {name: distance}
#     pm_dec:
#       __class__: astropy.units.quantity.Quantity
#       unit: !astropy.units.Unit {unit: mas / yr}
#       value: !astropy.table.SerializedColumn {name: pm_dec}
#     pm_ra_cosdec:
#       __class__: astropy.units.quantity.Quantity
#       unit: !astropy.units.Unit {unit: mas / yr}
#       value: !astropy.table.SerializedColumn {name: pm_ra_cosdec}
#     ra:
#       __class__: astropy.coordinates.angles.Longitude
#       unit: *id001
#       value: !astropy.table.SerializedColumn {name: ra}
#       wrap_angle: !astropy.coordinates.Angle
#         unit: *id001
#         value: 360.0
#     radial_velocity:
#       __class__: astropy.units.quantity.Quantity
#       unit: !astropy.units.Unit {unit: km / s}
#       value: !astropy.table.SerializedColumn {name: radial_velocity}
# schema: astropy-2.0
ra,dec,distance,pm_ra_cosdec,pm_dec,radial_velocity
[from data line 2243]
172.4840257742727,-18.399083774661673,9.496788313351075,-0.31512659862873255,-8.205046522246953,206.70292944623796
172.48780653393078,-18.408422463478498,9.498907294677773,-0.3151583720662177,-8.203223249027717,206.77524771025415
172.49158739554403,-18.417761189993726,9.50102620500833,-0.3151902467734517,-8.201400144102246,206.84755901175905
172.4953683593691,-18.42709995416406,9.503145042177957,-0.31522222267584854,-8.199577207961092,206.9198633333066
172.4991494256628,-18.436438755946217,9.505263804021862,-0.31525429969876495,-8.197754441094789,206.99216065745108
172.50293059468189,-18.4457775952969,9.507382488375255,-0.3152864777674849,-8.195931843993886,207.0644509667464
172.50671186668328,-18.455116472172808,9.50950109307334,-0.3153187568072341,-8.194109417148931,207.13673424374653
172.51049324192385,-18.464455386530663,9.511619615951327,-0.31535113674317045,-8.192287161050466,207.20901047100574
172.5142747206606,-18.473794338327156,9.513738054844431,-0.315383617500387,-8.190465076189028,207.2812796310778
172.51805630315056,-18.483133327518996,9.515856407587854,-0.31541619900391293,-8.188643163055165,207.353541706517
172.52183798965075,-18.492472354062894,9.517974672016805,-0.3154488811787106,-8.186821422139417,207.42579667987724
172.52561978041834,-18.501811417915548,9.520092845966499,-0.31548166394968025,-8.184999853932327,207.49804453371274
172.52940167571046,-18.51115051903365,9.522210927272136,-0.3155145472416526,-8.18317845892444,207.5702852505773
172.53318367578436,-18.52048965737392,9.524328913768931,-0.3155475309793987,-8.181357237606292,207.64251881302516
172.53696578089728,-18.52982883289303,9.52644680329209,-0.3155806150876205,-8.179536190468424,207.71474520361022
172.5407479913066,-18.539168045547708,9.52856459367682,-0.3156137994909555,-8.177715318001386,207.7869644048868
172.54453030726964,-18.548507295294637,9.530682282758335,-0.31564708411397696,-8.175894620695708,207.85917639940868
172.54831272904383,-18.557846582090516,9.532799868371836,-0.31568046888119394,-8.174074099041933,207.93138116972995
172.5520952568867,-18.567185905892043,9.534917348352542,-0.31571395371704536,-8.172253753530603,208.00357869840474
172.55587789105576,-18.576525266655896,9.537034720535654,-0.31574753854591076,-8.170433584652255,208.07576896798705
172.55966063180858,-18.585864664338793,9.539151982756383,-0.31578122329210173,-8.16861359289742,208.1479519610309
172.56344347940274,-18.595204098897412,9.541269132849937,-0.31581500787986216,-8.166793778756652,208.22012766009044
172.56722643409603,-18.604543570288445,9.543386168651523,-0.3158488922333744,-8.164974142720482,208.29229604771967
172.57100949614613,-18.61388307846859,9.545503087996352,-0.3158828762767533,-8.163154685279443,208.3644571064726
172.5747926658108,-18.62322262339452,9.547619888719636,-0.31591695993404756,-8.161335406924074,208.4366108189033
172.57857594334794,-18.632562205022943,9.549736568656575,-0.3159511431292428,-8.159516308144914,208.50875716756582
172.5823593290154,-18.641901823310533,9.551853125642385,-0.315985425786256,-8.15769738943249,208.58089613501426
172.58614282307116,-18.651241478213976,9.553969557512275,-0.3160198078289417,-8.155878651277348,208.65302770380262
172.58992642577317,-18.660581169689962,9.556085862101446,-0.31605428918108347,-8.154060094170019,208.72515185648496
172.59371013737953,-18.669920897695167,9.558202037245115,-0.3160888697664064,-8.152241718601037,208.79726857561516
172.5974939581483,-18.679260662186277,9.560318080778488,-0.3161235495085644,-8.150423525060928,208.86937784374757
172.60127788833765,-18.688600463119975,9.562433990536771,-0.31615832833114726,-8.148605514040234,208.94147964343608
172.60506192820577,-18.69794030045294,9.564549764355174,-0.3161932061576772,-8.146787686029493,209.01357395723474
172.60884607801094,-18.707280174141843,9.56666540006891,-0.3162281829116154,-8.144970041519219,209.08566076769765
172.61263033801146,-18.716620084143372,9.568780895513182,-0.3162632585163517,-8.143152580999958,209.15774005737876
172.6164147084657,-18.725960030414193,9.570896248523201,-0.316298432895214,-8.141335304962231,209.22981180883215
172.62019918963205,-18.73530001291098,9.573011456934177,-0.31633370597145893,-8.139518213896578,209.301876004612
172.62398378176903,-18.744640031590414,9.575126518581317,-0.31636907766828454,-8.137701308293515,209.37393262727224
172.6277684851351,-18.753980086409165,9.57724143129983,-0.31640454790881645,-8.135884588643583,209.44598165936696
172.63155329998887,-18.763320177323898,9.579356192924923,-0.3164401166161159,-8.134068055437305,209.51802308345012
172.63533822658894,-18.772660304291296,9.581470801291806,-0.31647578371318025,-8.132251709165208,209.59005688207597
172.63912326519403,-18.782000467268002,9.583585254235691,-0.31651154912293783,-8.13043555031782,209.6620830377982
172.64290841606282,-18.791340666210704,9.585699549591782,-0.3165474127682536,-8.128619579385658,209.73410153317118
172.64669367945416,-18.80068090107606,9.58781368519529,-0.3165833745719213,-8.12680379685926,209.80611235074892
172.65047905562685,-18.810021171820726,9.589927658881422,-0.31661943445667323,-8.12498820322915,209.87811547308536
172.65426454483978,-18.819361478401383,9.592041468485386,-0.3166555923451737,-8.12317279898584,209.95011088273463
172.6580501473519,-18.828701820774665,9.594155111842396,-0.31669184816002033,-8.121357584619862,210.02209856225068
172.66183586342217,-18.83804219889726,9.596268586787653,-0.3167282018237437,-8.119542560621731,210.09407849418764
172.66562169330973,-18.847382612725806,9.598381891156373,-0.3167646532588095,-8.117727727481975,210.1660506610996
172.66940763727362,-18.856723062216965,9.60049502278376,-0.31680120238761467,-8.115913085691115,210.2380150455405
172.67319369557302,-18.866063547327393,9.602607979505027,-0.31683784913249174,-8.114098635739666,210.3099716300644
172.67697986846713,-18.875404068013744,9.604720759155377,-0.31687459341570734,-8.11228437811815,210.38192039722543
172.6807661562152,-18.884744624232674,9.60683335957002,-0.31691143515945636,-8.110470313317084,210.45386132957768
172.68455255907662,-18.894085215940812,9.60894577858417,-0.31694837428587386,-8.108656441826986,210.52579440967497
172.68833907731067,-18.903425843094837,9.611058014033029,-0.31698541071702335,-8.106842764138372,210.59771962007167
172.69212571117686,-18.912766505651376,9.613170063751811,-0.3170225443749034,-8.105029280741753,210.66963694332154
172.69591246093464,-18.92210720356708,9.615281925575719,-0.31705977518144524,-8.103215992127655,210.74154636197875
172.69969932684353,-18.931447936798595,9.61739359733997,-0.31709710305851413,-8.10140289878658,210.8134478585973
172.70348630916314,-18.94078870530257,9.619505076879765,-0.3171345279279071,-8.099590001209044,210.88534141573146
172.70727340815307,-18.950129509035616,9.621616362030313,-0.3171720497113538,-8.097777299885566,210.9572270159348
172.71106062407307,-18.959470347954415,9.623727450626827,-0.31720966833052056,-8.09596479530665,211.02910464176182
172.7148479571829,-18.96881122201557,9.625838340504512,-0.31724738370700234,-8.094152487962809,211.1009742757665
172.71863540774234,-18.978152131175744,9.627949029498582,-0.31728519576232894,-8.092340378344547,211.17283590050275
172.72242297601125,-18.98749307539155,9.63005951544424,-0.3173231044179642,-8.090528466942377,211.24468949852465
172.72621066224954,-18.996834054619626,9.632169796176697,-0.3173611095953025,-8.088716754246807,211.31653505238626
172.7299984667172,-19.00617506881661,9.63427986953116,-0.31739921121567266,-8.086905240748344,211.3883725446417
172.73378638967426,-19.01551611793912,9.636389733342842,-0.3174374092003367,-8.085093926937486,211.46020195784482
172.73757443138075,-19.0248572019438,9.638499385446947,-0.3174757034704866,-8.083282813304749,211.53202327454994
172.74136259209686,-19.034198320787258,9.640608823678685,-0.3175140939472492,-8.081471900340624,211.60383647731095
172.74515087208275,-19.04353947442613,9.642718045873265,-0.3175525805516849,-8.079661188535622,211.6756415486819
172.7489392715987,-19.05288066281704,9.644827049865894,-0.3175911632047863,-8.077850678380237,211.74743847121692
172.75272779090497,-19.06222188591659,9.646935833491789,-0.31762984182747706,-8.076040370364973,211.8192272274699
172.7565164302619,-19.071563143681416,9.649044394586145,-0.31766861634061216,-8.074230264980335,211.89100779999504
172.76030518992994,-19.08090443606813,9.651152730984183,-0.31770748666498305,-8.072420362716807,211.96278017134634
172.76409407016953,-19.090245763033355,9.653260840521101,-0.3177464527213131,-8.070610664064905,212.0345443240779
172.76788307124122,-19.099587124533688,9.65536872103212,-0.3177855144302534,-8.068801169515103,212.1063002407437
172.77167219340555,-19.108928520525744,9.657476370352438,-0.31782467171239503,-8.066991879557909,212.1780479038977
172.7754614369232,-19.11826995096615,9.65958378631727,-0.31786392448825285,-8.065182794683814,212.24978729609418
172.77925080205478,-19.127611415811486,9.661690966761821,-0.317903272678282,-8.063373915383313,212.32151839988697
172.78304028906106,-19.136952915018387,9.6637979095213,-0.3179427162028643,-8.06156524214689,212.39324119783024
172.78682989820288,-19.146294448543436,9.66590461243092,-0.3179822549823144,-8.059756775465042,212.46495567247808
172.79061962974103,-19.155636016343244,9.66801107332588,-0.3180218889368833,-8.057948515828254,212.5366618063844
172.7944094839365,-19.164977618374404,9.670117290041402,-0.3180616179867503,-8.056140463727017,212.60835958210328
172.79819946105016,-19.17431925459352,9.672223260412686,-0.31810144205202756,-8.054332619651813,212.68004898218885
172.8019895613431,-19.183660924957188,9.674328982274941,-0.3181413610527595,-8.05252498409313,212.7517299891951
172.80577978507634,-19.193002629422008,9.676434453463374,-0.31818137490892295,-8.050717557541457,212.82340258567618
172.80957013251108,-19.202344367944555,9.6785396718132,-0.31822148354042773,-8.048910340487268,212.8950667541859
172.81336060390845,-19.211686140481437,9.680644635159622,-0.31826168686711076,-8.047103333421047,212.96672247727858
172.81715119952972,-19.221027946989224,9.682749341337855,-0.31830198480874805,-8.045296536833277,213.0383697375081
172.8209419196362,-19.23036978742452,9.684853788183103,-0.31834237728504255,-8.043489951214434,213.11000851742858
172.8247327644892,-19.239711661743897,9.686957973530578,-0.31838286421562906,-8.041683577055,213.18163879959403
172.82852373435014,-19.249053569903943,9.689061895215483,-0.3184234455200766,-8.039877414845447,213.25326056655848
172.83231482948054,-19.258395511861234,9.691165551073029,-0.3184641211178862,-8.03807146507625,213.32487380087602
172.83610605014192,-19.267737487572354,9.693268938938425,-0.3185048909284876,-8.03626572823789,213.39647848510072
172.83989739659583,-19.27707949699388,9.695372056646882,-0.31854575487124226,-8.034460204820833,213.46807460178672
172.84368886910391,-19.286421540082372,9.69747490203361,-0.31858671286544815,-8.032654895315549,213.5396621334878
172.84748046792785,-19.29576361679441,9.699577472933811,-0.3186277648303295,-8.03084980021251,213.61124106275818
172.85127219332944,-19.30510572708657,9.701679767182695,-0.3186689106850431,-8.029044920002185,213.68281137215183
172.85506404557043,-19.31444787091541,9.703781782615476,-0.31871015034868144,-8.027240255175041,213.75437304422292
172.85885602491277,-19.323790048237502,9.705883517067358,-0.3187514837402621,-8.025435806221543,213.82592606152545
172.86264813161833,-19.333132259009396,9.707984968373557,-0.31879291077873784,-8.023631573632155,213.89747040661345
172.86644036594907,-19.342474503187667,9.710086134369272,-0.31883443138299267,-8.021827557897339,213.9690060620409
172.87023272816705,-19.351816780728868,9.712187012889716,-0.31887604547184284,-8.020023759507557,214.04053301036203
172.87402521853437,-19.36115909158955,9.714287601770096,-0.3189177529640317,-8.018220178953273,214.11205123413066
172.87781783731322,-19.370501435726286,9.716387898845621,-0.3189595537782386,-8.01641681672494,214.18356071590108
172.88161058476572,-19.379843813095604,9.718487901951503,-0.31900144783307177,-8.014613673313013,214.2550614382271
172.8854034611542,-19.389186223654065,9.72058760892295,-0.31904343504707,-8.012810749207958,214.326553383663
172.88919646674097,-19.398528667358217,9.722687017595169,-0.3190855153387052,-8.011008044900215,214.39803653476264
172.89298960178843,-19.4078711441646,9.724786125803368,-0.3191276886263801,-8.009205560880249,214.4695108740801
172.89678286655894,-19.417213654029762,9.726884931382754,-0.31916995482842675,-8.007403297638504,214.54097638416957
172.9005762613151,-19.426556196910244,9.72898343216854,-0.3192123138631091,-8.005601255665429,214.61243304758491
172.9043697863194,-19.435898772762567,9.731081625995934,-0.3192547656486233,-8.003799435451478,214.6838808468803
172.9081634418345,-19.445241381543298,9.733179510700142,-0.31929731010309526,-8.001997837487089,214.7553197646097
172.911957228123,-19.454584023208945,9.735277084116374,-0.31933994714458,-8.000196462262714,214.82674978332727
172.91575114544767,-19.46392669771605,9.737374344079843,-0.3193826766910677,-7.998395310268791,214.898170885587
172.9195451940713,-19.47326940502114,9.73947128842575,-0.31942549866047604,-7.996594381995766,214.9695830539429
172.92333937425673,-19.48261214508073,9.741567914989307,-0.31946841297065615,-7.994793677934075,215.040986270949
172.92713368626687,-19.49195491785136,9.743664221605727,-0.319511419539384,-7.992993198574159,215.11238051915953
172.93092813036466,-19.50129772328954,9.745760206110212,-0.3195545182843734,-7.991192944406455,215.18376578112824
172.93472270681312,-19.510640561351803,9.74785586633797,-0.3195977091232655,-7.989392915921398,215.25514203940944
172.93851741587534,-19.51998343199465,9.749951200124215,-0.3196409919736317,-7.987593113609418,215.32650927655712
172.94231225781445,-19.529326335174606,9.752046205304158,-0.31968436675297696,-7.985793537960946,215.39786747512522
172.94610723289364,-19.538669270848164,9.754140879713,-0.3197278333787309,-7.98399418946642,215.4692166176679
172.94990234137617,-19.548012238971857,9.75623522118595,-0.31977139176825864,-7.982195068616266,215.54055668673914
172.95369758352535,-19.557355239502183,9.758329227558223,-0.31981504183885645,-7.980396175900906,215.61188766489312
172.95749295960454,-19.566698272395634,9.760422896665027,-0.31985878350774644,-7.978597511810762,215.6832095346836
172.96128846987716,-19.57604133760873,9.762516226341566,-0.31990261669208364,-7.976799076836265,215.754522278665
172.96508411460673,-19.585384435097946,9.764609214423054,-0.3199465413089535,-7.975000871467834,215.8258258793911
172.96887989405678,-19.594727564819806,9.766701858744689,-0.31999055727537395,-7.973202896195892,215.89712031941602
172.9726758084909,-19.604070726730786,9.768794157141691,-0.3200346645082861,-7.971405151510854,215.9684055812938
172.97647185817274,-19.613413920787377,9.770886107449266,-0.3200788629245691,-7.969607637903133,216.03968164757856
172.9802680433661,-19.62275714694608,9.772977707502621,-0.32012315244102896,-7.967810355863147,216.11094850082435
172.9840643643347,-19.632100405163367,9.775068955136964,-0.32016753297440115,-7.966013305881309,216.18220612358513
172.9878608213424,-19.641443695395726,9.777159848187509,-0.3202120044413538,-7.9642164884480255,216.25345449841495
172.99165741465305,-19.650787017599647,9.779250384489456,-0.3202565667584788,-7.9624199040537125,216.32469360786797
172.99545414453067,-19.660130371731587,9.781340561878022,-0.32030121984230686,-7.96062355318877,216.39592343449806
172.9992510112393,-19.669473757748037,9.78343037818841,-0.3203459636092958,-7.958827436343604,216.4671439608594
173.00304801504296,-19.678817175605474,9.78551983125583,-0.32039079797582615,-7.957031554008629,216.5383551695061
173.00684515620583,-19.688160625260345,9.787608918915495,-0.32043572285821836,-7.955235906674228,216.60955704299204
