galstreams/tracks/track.st.Elqui.shipp2019.ecsv
# %ECSV 1.0
# ---
# datatype:
# - {name: ra, unit: deg, datatype: float64}
# - {name: dec, unit: deg, datatype: float64}
# - {name: distance, unit: kpc, datatype: float64}
# - {name: pm_ra_cosdec, unit: mas / yr, datatype: float64}
# - {name: pm_dec, unit: mas / yr, datatype: float64}
# - {name: radial_velocity, unit: km / s, datatype: float64}
# delimiter: ','
# meta: !!omap
# - __serialized_columns__:
#     dec:
#       __class__: astropy.coordinates.angles.Latitude
#       unit: &id001 !astropy.units.Unit {unit: deg}
#       value: !astropy.table.SerializedColumn {name: dec}
#     distance:
#       __class__: astropy.coordinates.distances.Distance
#       unit: !astropy.units.Unit {unit: kpc}
#       value: !astropy.table.SerializedColumn {name: distance}
#     pm_dec:
#       __class__: astropy.units.quantity.Quantity
#       unit: !astropy.units.Unit {unit: mas / yr}
#       value: !astropy.table.SerializedColumn {name: pm_dec}
#     pm_ra_cosdec:
#       __class__: astropy.units.quantity.Quantity
#       unit: !astropy.units.Unit {unit: mas / yr}
#       value: !astropy.table.SerializedColumn {name: pm_ra_cosdec}
#     ra:
#       __class__: astropy.coordinates.angles.Longitude
#       unit: *id001
#       value: !astropy.table.SerializedColumn {name: ra}
#       wrap_angle: !astropy.coordinates.Angle
#         unit: *id001
#         value: 360.0
#     radial_velocity:
#       __class__: astropy.units.quantity.Quantity
#       unit: !astropy.units.Unit {unit: km / s}
#       value: !astropy.table.SerializedColumn {name: radial_velocity}
# schema: astropy-2.0
ra,dec,distance,pm_ra_cosdec,pm_dec,radial_velocity
[from data line 853]
19.903235761062387,-42.052391385685745,50.09999999999999,0.1320464244926612,-0.31133271665144563,-50.34248774776823
19.914437323893587,-42.057955450078275,50.09999999999999,0.13178328948288423,-0.3102255844046617,-50.49489700265398
19.925640321832525,-42.06351902797647,50.1,0.13151948977557648,-0.3091170253492931,-50.647839552285255
19.936844755399445,-42.06908211913405,50.099999999999994,0.13125502469742958,-0.3080070397171194,-50.801315396662055
19.948050625114625,-42.07464472330464,50.099999999999994,0.13098989357490162,-0.3068956277401988,-50.95532453578442
19.959257931498406,-42.080206840241786,50.1,0.13072409573421853,-0.3057827896508694,-51.10986696965233
19.970466675071187,-42.085768469698955,50.1,0.13045763050137307,-0.3046685256817493,-51.2649426982658
19.98167685635341,-42.091329611429536,50.09999999999999,0.13019049720212553,-0.30355283606573635,-51.42055172162475
19.99288847586557,-42.09689026518682,50.09999999999999,0.12992269516200325,-0.3024357210360082,-51.57669403972927
20.004101534128203,-42.10245043072402,50.09999999999999,0.12965422370630078,-0.3013171808260234,-51.73336965257933
20.015316031661904,-42.1080101077942,50.099999999999994,0.12938508216008018,-0.3001972156695206,-51.890578560175
20.026531968987335,-42.11356929615049,50.099999999999994,0.12911526984817093,-0.2990758258005202,-52.04832076251612
20.03774934662517,-42.11912799554577,50.09999999999999,0.12884478609516944,-0.2979530114533224,-52.206596259602804
20.04896816509617,-42.12468620573292,50.09999999999998,0.12857363022544,-0.2968287728625095,-52.36540505143506
20.06018842492112,-42.130243926464736,50.099999999999994,0.12830180156311372,-0.29570311026294493,-52.52474713801287
20.07141012662086,-42.13580115749388,50.099999999999994,0.12802929943208963,-0.294576023889774,-52.68462251933617
20.0826332707163,-42.14135789857298,50.099999999999994,0.12775612315603413,-0.2934475139784236,-52.845031195405056
20.093857857728388,-42.146914149454545,50.099999999999994,0.12748227205838067,-0.29231758076460296,-53.00597316621947
20.10508388817811,-42.15246990989102,50.099999999999994,0.12720774546233082,-0.29118622448430365,-53.16744843177944
20.11631136258651,-42.158025179634734,50.099999999999994,0.12693254269085313,-0.29005344537379985,-53.32945699208497
20.12754028147469,-42.163579958437964,50.099999999999994,0.1266566630666839,-0.2889192436696485,-53.49199884713598
20.13877064536379,-42.16913424605288,50.099999999999994,0.126380105912327,-0.28778361960868903,-53.65507399693258
20.150002454774995,-42.17468804223157,50.1,0.1261028705500538,-0.28664657342804456,-53.81868244147471
20.16123571022957,-42.18024134672605,50.09999999999999,0.1258249563019033,-0.28550810536512167,-53.98282418076235
20.172470412248778,-42.18579415928821,50.09999999999999,0.1255463624896822,-0.28436821565761056,-54.14749921479555
20.183706561353983,-42.191346479669896,50.099999999999994,0.12526708843496467,-0.28322690454348465,-54.312707543574334
20.194944158066566,-42.19689830762285,50.099999999999994,0.12498713345909293,-0.2820841722610023,-54.478449167098624
20.20618320290797,-42.20244964289875,50.09999999999999,0.12470649688317634,-0.28094001904870575,-54.644724085368466
20.217423696399678,-42.20800048524912,50.099999999999994,0.12442517802809254,-0.27979444514542184,-54.81153229838384
20.22866563906323,-42.21355083442548,50.099999999999994,0.12414317621448635,-0.2786474507902616,-54.97887380614476
20.23990903142021,-42.219100690179225,50.09999999999999,0.12386049076277098,-0.2774990362226219,-55.14674860865125
20.25115387399225,-42.22465005226165,50.09999999999999,0.12357712099312702,-0.27634920168218413,-55.315156705903256
20.26240016730104,-42.230198920423994,50.099999999999994,0.12329306622550285,-0.27519794740891557,-55.48409809790083
20.273647911868302,-42.23574729441739,50.099999999999994,0.12300832577961493,-0.2740452736430682,-55.653572784643934
20.284897108215823,-42.241295173992896,50.099999999999994,0.12272289897494759,-0.27289118062518075,-55.82358076613256
20.296147756865427,-42.24684255890148,50.099999999999994,0.12243678513075276,-0.2717356685960776,-55.99412204236674
20.30739985833899,-42.25238944889399,50.099999999999994,0.12214998356605071,-0.2705787377968695,-56.16519661334645
20.31865341315844,-42.25793584372124,50.099999999999994,0.12186249359962922,-0.26942038846895305,-56.336804479071745
20.329908421845733,-42.26348174313395,50.099999999999994,0.12157431455004417,-0.26826062085401253,-56.50894563954252
20.341164884922904,-42.269027146882706,50.1,0.12128544573561979,-0.26709943519401846,-56.68162009475892
20.352422802912013,-42.27457205471806,50.099999999999994,0.120995886474448,-0.265936831731229,-56.854827844720795
20.363682176335182,-42.280116466390446,50.099999999999994,0.1207056360843885,-0.26477281070818875,-57.028568889428236
20.374943005714567,-42.28566038165022,50.09999999999999,0.12041469388306959,-0.2636073723677307,-57.20284322888119
20.386205291572367,-42.291203800247644,50.099999999999994,0.12012305918788743,-0.2624405169529753,-57.37765086307977
20.397469034430873,-42.29674672193293,50.099999999999994,0.1198307313160063,-0.2612722447073312,-57.552991792023796
20.40873423481234,-42.30228914645613,50.099999999999994,0.11953770958435873,-0.26010255587449516,-57.72886601571342
20.420000893239163,-42.3078310735673,50.099999999999994,0.11924399330964526,-0.2589314506984522,-57.905273534148556
20.431269010233724,-42.313372503016325,50.09999999999999,0.11894958180833466,-0.2577589294234762,-58.082214347329284
20.442538586318467,-42.31891343455306,50.1,0.11865447439666399,-0.2565849922941298,-58.259688455255535
20.453809622015882,-42.32445386792724,50.099999999999994,0.11835867039063869,-0.2554096395552652,-58.43769585792727
20.46508211784852,-42.32999380288852,50.099999999999994,0.1180621691060322,-0.254232871452023,-58.616236555344635
20.47635607433895,-42.335533239186475,50.099999999999994,0.1177649698583863,-0.25305468822983407,-58.795310547507476
20.487631492009818,-42.3410721765706,50.09999999999999,0.1174670719630115,-0.25187509013441894,-58.9749178344159
20.498908371383795,-42.346610614790286,50.09999999999999,0.11716847473498616,-0.2506940774117882,-59.15505841606983
20.510186712983614,-42.35214855359484,50.1,0.11686917748915722,-0.24951165030824196,-59.33573229246934
20.52146651733204,-42.35768599273349,50.099999999999994,0.1165691795401402,-0.24832780907037177,-59.51693946361438
20.532747784951898,-42.36322293195536,50.1,0.11626848020231878,-0.24714255394505896,-59.69867992950498
20.544030516366053,-42.36875937100952,50.09999999999999,0.11596707878984552,-0.24595588517947659,-59.880953690141055
20.5553147120974,-42.37429530964489,50.099999999999994,0.11566497461664081,-0.24476780302108755,-60.063760745522735
20.566600372668905,-42.379830747610384,50.099999999999994,0.11536216699639408,-0.24357830771764732,-60.247101095649974
20.577887498603577,-42.38536568465475,50.099999999999994,0.11505865524256334,-0.24238739951720226,-60.43097474052273
20.589176090424452,-42.39090012052673,50.099999999999994,0.11475443866837501,-0.2411950786680908,-60.615381680140985
20.600466148654622,-42.3964340549749,50.09999999999999,0.11444951658682387,-0.24000134541894277,-60.800321914504835
20.61175767381724,-42.40196748774776,50.09999999999999,0.1141438883106738,-0.23880620001868058,-60.98579544361422
20.623050666435475,-42.4075004185938,50.099999999999994,0.11383755315245697,-0.23760964271651927,-61.17180226746915
20.63434512703257,-42.413032847261306,50.099999999999994,0.11353051042447476,-0.23641167376196628,-61.35834238606958
20.645641056131783,-42.41856477349858,50.09999999999999,0.11322275943879645,-0.23521229340482167,-61.5454157994156
20.656938454256448,-42.424096197053764,50.099999999999994,0.11291429950726073,-0.23401150189517883,-61.733022507507165
20.66823732192992,-42.42962711767497,50.1,0.11260512994147487,-0.23280929948342452,-61.92116251034424
20.679537659675624,-42.43515753511016,50.099999999999994,0.11229525005281514,-0.23160568642023904,-62.1098358079269
20.690839468016993,-42.44068744910724,50.099999999999994,0.11198465915242609,-0.23040066295659653,-62.29904240025507
20.70214274747754,-42.446216859414044,50.09999999999999,0.11167335655122164,-0.22919422934376424,-62.48878228732879
20.713447498580813,-42.4517457657783,50.09999999999999,0.11136134155988453,-0.22798638583330488,-62.679055469148054
20.724753721850394,-42.45727416794764,50.09999999999999,0.11104861348886622,-0.2267771326770746,-62.86986194571288
20.73606141780991,-42.46280206566963,50.099999999999994,0.11073517164838718,-0.22556647012722503,-63.061201717023195
20.74737058698305,-42.468329458691706,50.099999999999994,0.1104210153484371,-0.22435439843620145,-63.25307478307912
20.758681229893522,-42.47385634676127,50.099999999999994,0.11010614389877424,-0.22314091785674545,-63.44548114388054
20.76999334706511,-42.47938272962561,50.09999999999999,0.10979055660892642,-0.22192602864189345,-63.638420799427536
20.781306939021615,-42.484908607031926,50.09999999999999,0.10947425278819006,-0.22070973104497738,-63.831893749719995
20.79262200628688,-42.49043397872731,50.1,0.10915723174563108,-0.2194920253196245,-64.02589999475809
20.803938549384814,-42.49595884445879,50.09999999999999,0.10883949279008398,-0.21827291171975893,-64.22043953454171
20.815256568839366,-42.50148320397332,50.099999999999994,0.10852103523015304,-0.2170523904996002,-64.41551236907085
20.826576065174503,-42.507007057017724,50.099999999999994,0.10820185837421144,-0.21583046191366514,-64.61111849834555
20.837897038914264,-42.51253040333876,50.099999999999994,0.10788196153040136,-0.21460712621676584,-64.80725792236576
20.849219490582723,-42.518053242683116,50.099999999999994,0.10756134400663464,-0.21338238366401271,-65.00393064113156
20.860543420703987,-42.52357557479735,50.099999999999994,0.1072400051105922,-0.21215623451081228,-65.20113665464288
20.871868829802217,-42.52909739942797,50.099999999999994,0.10691794414972428,-0.2109286790128693,-65.39887596289972
20.88319571840162,-42.53461871632135,50.099999999999994,0.10659516043125035,-0.20969971742618468,-65.59714856590215
20.89452408702644,-42.54013952522384,50.09999999999999,0.10627165326215941,-0.20846935000705852,-65.79595446365008
20.905853936200955,-42.54565982588164,50.1,0.10594742194920972,-0.20723757701208798,-65.99529365614362
20.9171852664495,-42.5511796180409,50.09999999999999,0.10562246579892938,-0.20600439869816933,-66.19516614338261
20.92851807829646,-42.55669890144767,50.099999999999994,0.10529678411761534,-0.2047698153224959,-66.3955719253672
20.939852372266238,-42.56221767584788,50.099999999999994,0.1049703762113344,-0.203533827142561,-66.5965110020973
20.951188148883297,-42.56773594098744,50.099999999999994,0.10464324138592294,-0.2022964344161562,-66.79798337357299
20.962525408672132,-42.57325369661209,50.099999999999994,0.10431537894698667,-0.20105763740137256,-66.99998903979416
20.973864152157297,-42.57877094246756,50.099999999999994,0.10398678819990104,-0.1998174363565998,-67.2025280007609
20.98520437986337,-42.58428767829941,50.099999999999994,0.10365746844981116,-0.19857583154052783,-67.4056002564732
20.99654609231498,-42.589803903853195,50.09999999999999,0.10332741900163167,-0.19733282321214626,-67.60920580693103
21.00788929003679,-42.59531961887431,50.099999999999994,0.1029966391600469,-0.19608841163074436,-67.81334465213445
21.01923397355352,-42.6008348231081,50.1,0.1026651282295111,-0.1948425970559123,-68.01801679208333
21.030580143389926,-42.60634951629982,50.09999999999999,0.10233288551424807,-0.19359537974753982,-68.22322222677779
21.041927800070788,-42.61186369819461,50.099999999999994,0.10199991031825129,-0.19234675996581788,-68.42896095621781
21.053276944120956,-42.61737736853755,50.09999999999998,0.10166620194528439,-0.19109673797123847,-68.63523298040336
21.064627576065302,-42.62289052707361,50.099999999999994,0.10133175969888063,-0.18984531402459476,-68.84203829933443
21.075979696428746,-42.628403173547674,50.1,0.10099658288234312,-0.18859248838698053,-69.04937691301105
21.08733330573626,-42.63391530770455,50.099999999999994,0.10066067079874513,-0.18733826131979198,-69.25724882143325
21.098688404512824,-42.639426929288945,50.099999999999994,0.1003240227509296,-0.1860826330847269,-69.46565402460095
21.1100449932835,-42.64493803804548,50.099999999999994,0.09998663804150966,-0.18482560394378528,-69.6745925225142
21.12140307257335,-42.65044863371868,50.1,0.09964851597286795,-0.18356717415926854,-69.88406431517305
21.132762642907533,-42.65595871605301,50.099999999999994,0.09930965584715795,-0.1823073439937817,-70.09406940257735
21.144123704811182,-42.66146828479278,50.099999999999994,0.09897005696630283,-0.1810461137102319,-70.30460778472728
21.155486258809518,-42.66697733968229,50.099999999999994,0.09862971863199588,-0.17978348357182974,-70.51567946162265
21.166850305427783,-42.6724858804657,50.099999999999994,0.09828864014570021,-0.17851945384208798,-70.72728443326363
21.178215845191268,-42.67799390688707,50.099999999999994,0.09794682080864973,-0.17725402478482383,-70.93942269965018
21.189582878625302,-42.68350141869043,50.09999999999999,0.09760425992184818,-0.1759871966641576,-71.15209426078223
21.200951406255243,-42.689008415619654,50.099999999999994,0.09726095678606975,-0.17471896974451379,-71.36529911665983
21.21232142860651,-42.69451489741857,50.099999999999994,0.09691691070185866,-0.17344934429062053,-71.57903726728296
21.22369294620455,-42.7000208638309,50.099999999999994,0.09657212096952972,-0.17217832056751065,-71.79330871265165
21.235065959574836,-42.70552631460028,50.099999999999994,0.0962265868891677,-0.17090589884052132,-72.0081134527659
21.246440469242913,-42.71103124947024,50.1,0.09588030776062843,-0.16963207937529473,-72.22345148762567
21.257816475734344,-42.71653566818426,50.09999999999999,0.09553328288353749,-0.1683568624377778,-72.43932281723096
21.269193979574734,-42.72203957048567,50.099999999999994,0.09518551155729132,-0.16708024829422258,-72.65572744158183
21.280572981289723,-42.72754295611776,50.099999999999994,0.0948369930810566,-0.1658022372111868,-72.87266536067824
21.291953481405006,-42.73304582482371,50.099999999999994,0.09448772675377076,-0.16452282945553406,-73.09013657452019
21.303335480446304,-42.73854817634664,50.099999999999994,0.09413771187414174,-0.16324202529443377,-73.30814108310764
21.314718978939382,-42.744050010429504,50.099999999999994,0.0937869477406479,-0.16195982499536063,-73.52667888644068
21.326103977410035,-42.74955132681526,50.099999999999994,0.09343543365153842,-0.16067622882609695,-73.74574998451928
21.337490476384122,-42.7550521252467,50.099999999999994,0.09308316890483313,-0.15939123705473107,-73.9653543773434
21.348878476387515,-42.76055240546657,50.1,0.09273015279832261,-0.15810484994965812,-74.18549206491303
21.360267977946126,-42.766052167217524,50.1,0.09237638462956801,-0.1568170677795802,-74.40616304722825
21.37165898158593,-42.7715514102421,50.099999999999994,0.09202186369590136,-0.15552789081350699,-74.62736732428897
21.383051487832912,-42.77705013428274,50.099999999999994,0.09166658929442552,-0.1542373193207553,-74.84910489609527
21.394445497213106,-42.78254833908185,50.099999999999994,0.09131056072201424,-0.15294535357095027,-75.0713757626471
21.405841010252598,-42.7880460243817,50.099999999999994,0.09095377727531209,-0.15165199383402422,-75.29417992394445
21.417238027477488,-42.79354318992448,50.099999999999994,0.09059623825073447,-0.15035724038021808,-75.51751737998737
21.428636549413927,-42.79903983545228,50.099999999999994,0.09023794294446794,-0.14906109348008145,-75.74138813077585
21.440036576588096,-42.804535960707106,50.099999999999994,0.08987889065246989,-0.14776355340447223,-75.96579217630979
21.451438109526247,-42.81003156543091,50.099999999999994,0.08951908067046906,-0.1464646204245572,-76.19072951658936
21.462841148754613,-42.81552664936548,50.099999999999994,0.08915851229396468,-0.1451642948118122,-76.41620015161446
