galstreams/tracks/track.st.Kshir.ibata2024.ecsv
# %ECSV 1.0
# ---
# datatype:
# - {name: ra, unit: deg, datatype: float64}
# - {name: dec, unit: deg, datatype: float64}
# - {name: distance, unit: kpc, datatype: float64}
# - {name: pm_ra_cosdec, unit: mas / yr, datatype: float64}
# - {name: pm_dec, unit: mas / yr, datatype: float64}
# - {name: radial_velocity, unit: km / s, datatype: float64}
# delimiter: ','
# meta: !!omap
# - __serialized_columns__:
#     dec:
#       __class__: astropy.coordinates.angles.Latitude
#       unit: &id001 !astropy.units.Unit {unit: deg}
#       value: !astropy.table.SerializedColumn {name: dec}
#     distance:
#       __class__: astropy.coordinates.distances.Distance
#       unit: !astropy.units.Unit {unit: kpc}
#       value: !astropy.table.SerializedColumn {name: distance}
#     pm_dec:
#       __class__: astropy.units.quantity.Quantity
#       unit: !astropy.units.Unit {unit: mas / yr}
#       value: !astropy.table.SerializedColumn {name: pm_dec}
#     pm_ra_cosdec:
#       __class__: astropy.units.quantity.Quantity
#       unit: !astropy.units.Unit {unit: mas / yr}
#       value: !astropy.table.SerializedColumn {name: pm_ra_cosdec}
#     ra:
#       __class__: astropy.coordinates.angles.Longitude
#       unit: *id001
#       value: !astropy.table.SerializedColumn {name: ra}
#       wrap_angle: !astropy.coordinates.Angle
#         unit: *id001
#         value: 360.0
#     radial_velocity:
#       __class__: astropy.units.quantity.Quantity
#       unit: !astropy.units.Unit {unit: km / s}
#       value: !astropy.table.SerializedColumn {name: radial_velocity}
# schema: astropy-2.0
ra,dec,distance,pm_ra_cosdec,pm_dec,radial_velocity
[from data line 991]
229.69399319776008,68.10406313802297,1.0,-7.000937523451326,-0.6821802111541047,-248.9257893070011
229.72065149760303,68.10295153723195,0.9999999999999999,-6.999604789544279,-0.6790050002874288,-248.96914451269996
229.74730720530667,68.10183559930304,0.9999999999999999,-6.998271376970751,-0.6758316163427764,-249.01255054489198
229.77396031120765,68.10071532500055,1.0,-6.996937286749429,-0.6726600600637802,-249.0560072926952
229.80061080564872,68.09959071509117,0.9999999999999999,-6.99560251990041,-0.6694903321923569,-249.099514645228
229.8272586789792,68.09846177034407,0.9999999999999998,-6.9942670774451425,-0.6663224334685118,-249.14307249160856
229.85390392155554,68.09732849153085,1.0,-6.992930960406464,-0.6631563646303498,-249.1866807209552
229.88054652374018,68.09619087942544,0.9999999999999999,-6.991594169808567,-0.6599921264141742,-249.23033922238605
229.90718647590245,68.0950489348043,0.9999999999999999,-6.990256706676983,-0.656829719554409,-249.27404788501934
229.93382376841862,68.09390265844618,0.9999999999999999,-6.988918572038637,-0.6536691447835778,-249.3178065979733
229.9604583916713,68.09275205113236,0.9999999999999998,-6.987579766921779,-0.6505104028323707,-249.3616152503661
229.9870903360497,68.09159711364647,1.0,-6.986240292356016,-0.6473534944296375,-249.40547373131614
230.01371959195046,68.09043784677449,0.9999999999999998,-6.98490014937227,-0.6441984203022741,-249.44938192994144
230.04034614977618,68.0892742513049,0.9999999999999999,-6.9835593390028485,-0.6410451811753646,-249.49333973536037
230.06696999993656,68.08810632802854,0.9999999999999999,-6.982217862281334,-0.637893777772117,-249.5373470366911
230.09359113284833,68.08693407773866,0.9999999999999999,-6.980875720242694,-0.6347442108137926,-249.5814037230518
230.12020953893457,68.08575750123089,0.9999999999999998,-6.979532913923219,-0.6315964810198658,-249.6255096835608
230.1468252086254,68.08457659930325,0.9999999999999999,-6.978189444360468,-0.6284505891078922,-249.66966480733623
230.1734381323581,68.08339137275617,0.9999999999999997,-6.9768453125933405,-0.6253065357935021,-249.71386898349644
230.2000483005762,68.08220182239246,0.9999999999999999,-6.975500519662111,-0.6221643217904926,-249.75812210115956
230.22665570373056,68.08100794901736,0.9999999999999999,-6.974155066608269,-0.6190239478107529,-249.80242404944374
230.25326033227896,68.07980975343844,0.9999999999999998,-6.97280895447468,-0.6158854145642785,-249.84677471746738
230.27986217668595,68.07860723646566,0.9999999999999998,-6.971462184305453,-0.6127487227591679,-249.89117399434858
230.3064612274229,68.0774003989114,0.9999999999999998,-6.97011475714605,-0.6096138731016687,-249.9356217692057
230.33305747496868,68.07618924159036,0.9999999999999997,-6.968766674043169,-0.6064808662960353,-249.98011793115677
230.35965090980858,68.0749737653197,0.9999999999999998,-6.967417936044863,-0.6033497030447244,-250.02466236932017
230.386241522435,68.07375397091887,0.9999999999999999,-6.966068544200411,-0.6002203840482636,-250.06925497281412
230.4128293033479,68.07252985920975,0.9999999999999999,-6.964718499560363,-0.5970929100052267,-250.11389563075667
230.4394142430536,68.07130143101656,0.9999999999999998,-6.963367803176622,-0.5939672816123469,-250.15858423226624
230.4659963320658,68.07006868716589,0.9999999999999999,-6.962016456102256,-0.5908434995644534,-250.20332066646102
230.49257556090532,68.06883162848673,0.9999999999999999,-6.9606644593917455,-0.5877215645543892,-250.24810482245914
230.51915192010017,68.06759025581039,0.9999999999999999,-6.9593118141006505,-0.5846014772731678,-250.292936589379
230.545725400185,68.06634456997055,0.9999999999999998,-6.957958521285945,-0.5814832384098914,-250.33781585633858
230.5722959917024,68.06509457180327,0.9999999999999998,-6.956604582005772,-0.5783668486516618,-250.3827425124563
230.5988636852015,68.06384026214697,0.9999999999999999,-6.95524999731955,-0.5752523086837407,-250.42771644685035
230.62542847123862,68.06258164184237,0.9999999999999999,-6.953894768287977,-0.5721396191895138,-250.47273754863883
230.6519903403778,68.0613187117326,1.0,-6.952538895972922,-0.5690287808503243,-250.51780570694015
230.6785492831899,68.0600514726631,0.9999999999999999,-6.951182381437535,-0.5659197943456711,-250.56292081087244
230.70510529025296,68.05877992548173,0.9999999999999998,-6.9498252257461886,-0.5628126603531456,-250.60808274955397
230.73165835215258,68.05750407103858,1.0,-6.948467429964525,-0.5597073795483674,-250.65329141210285
230.7582084594815,68.05622391018619,0.9999999999999999,-6.947108995159343,-0.556603952605041,-250.69854668763736
230.78475560283957,68.05493944377938,1.0,-6.94574992239868,-0.5535023801949919,-250.74384846527587
230.8112997728345,68.0536506726753,0.9999999999999998,-6.944390212751822,-0.5504026629880343,-250.7891966341364
230.83784096008065,68.05235759773349,0.9999999999999998,-6.943029867289286,-0.5473048016521034,-250.8345910833373
230.8643791552001,68.0510602198158,0.9999999999999999,-6.941668887082715,-0.5442087968532228,-250.88003170199678
230.8909143488226,68.04975853978635,0.9999999999999999,-6.940307273204979,-0.5411146492554053,-250.92551837923295
230.91744653158474,68.04845255851167,0.9999999999999998,-6.9389450267302335,-0.5380223595207951,-250.97105100416428
230.94397569413067,68.04714227686063,0.9999999999999998,-6.93758214873371,-0.5349319283095717,-251.01662946590866
230.97050182711237,68.04582769570429,0.9999999999999997,-6.936218640291913,-0.531843356279964,-251.06225365358455
230.9970249211888,68.0445088159162,0.9999999999999998,-6.934854502482486,-0.5287566440882827,-251.10792345631015
231.02354496702637,68.04318563837212,0.9999999999999998,-6.93348973638431,-0.5256717923889056,-251.15363876320365
231.05006195529964,68.04185816395017,0.9999999999999997,-6.932124343077356,-0.5225888018341998,-251.19939946338326
231.07657587668993,68.04052639353074,0.9999999999999999,-6.930758323642863,-0.5195076730746493,-251.2452054459673
231.10308672188629,68.03919032799661,0.9999999999999999,-6.929391679163159,-0.5164284067587843,-251.2910566000739
231.12959448158566,68.03784996823279,0.9999999999999998,-6.928024410721816,-0.5133510035331419,-251.3369528148213
231.15609914649212,68.03650531512663,0.9999999999999999,-6.926656519403505,-0.5102754640423512,-251.3828939793277
231.18260070731736,68.03515636956782,0.9999999999999998,-6.925288006294084,-0.5072017889290983,-251.42887998271124
231.2090991547812,68.03380313244826,0.9999999999999998,-6.923918872480527,-0.5041299788340545,-251.4749107140904
231.23559447961054,68.03244560466226,1.0,-6.922549119050975,-0.5010600343959659,-251.52098606258332
231.26208667253977,68.03108378710633,1.0,-6.92117874709478,-0.4979919562516706,-251.56710591730808
231.28857572431164,68.02971768067934,0.9999999999999999,-6.919807757702322,-0.4949257450359603,-251.613270167383
231.315061625676,68.02834728628243,1.0,-6.918436151965173,-0.49186140138172263,-251.6594787019263
231.34154436739047,68.02697260481902,1.0,-6.9170639309760436,-0.48879892591987684,-251.70573141005625
231.36802394022067,68.02559363719485,0.9999999999999998,-6.915691095828753,-0.4857383192793421,-251.75202818089096
231.39450033493978,68.02421038431788,1.0,-6.914317647618207,-0.48267958208710837,-251.79836890354883
231.42097354232834,68.02282284709842,0.9999999999999999,-6.912943587440535,-0.47962271496822595,-251.84475346714797
231.4474435531754,68.02143102644906,1.0,-6.911568916392885,-0.47656771854568447,-251.89118176080655
231.47391035827738,68.0200349232846,0.9999999999999998,-6.910193635573511,-0.4735145934405871,-251.93765367364284
231.50037394843824,68.01863453852218,0.9999999999999999,-6.90881774608184,-0.4704633402720404,-251.98416909477518
231.5268343144704,68.01722987308116,1.0,-6.907441249018342,-0.4674139596571649,-252.03072791332167
231.55329144719357,68.01582092788324,0.9999999999999998,-6.906064145484628,-0.4643664522111308,-252.07733001840057
231.5797453374356,68.01440770385231,0.9999999999999999,-6.904686436583349,-0.46132081854710094,-252.12397529913008
231.60619597603196,68.0129902019146,0.9999999999999998,-6.903308123418273,-0.458277059276309,-252.17066364462843
231.63264335382647,68.01156842299852,1.0,-6.901929207094259,-0.4552351750079424,-252.21739494401396
231.6590874616704,68.01014236803482,0.9999999999999998,-6.9005496887172235,-0.4521951663492807,-252.26416908640473
231.68552829042304,68.00871203795644,0.9999999999999999,-6.899169569394156,-0.4491570339055819,-252.31098596091906
231.7119658309518,68.00727743369865,0.9999999999999998,-6.897788850233177,-0.446120778280104,-252.35784545667505
231.73840007413204,68.00583855619887,0.9999999999999999,-6.89640753234337,-0.4430864000741792,-252.4047474627911
231.76483101084668,68.00439540639687,0.9999999999999998,-6.895025616834967,-0.4400538998871113,-252.45169186838544
231.79125863198732,68.00294798523461,0.9999999999999999,-6.893643104819212,-0.43702327831620735,-252.4986785625761
231.81768292845314,68.0014962936563,0.9999999999999999,-6.8922599974083925,-0.4339945359568276,-252.54570743448144
231.84410389115112,68.00004033260845,0.9999999999999998,-6.890876295715913,-0.43096767340232844,-252.59277837321963
231.87052151099707,67.9985801030397,0.9999999999999999,-6.889492000856119,-0.4279426912440485,-252.6398912679091
231.89693577891413,67.99711560590102,0.9999999999999998,-6.888107113944474,-0.4249195900713545,-252.6870460076677
231.92334668583362,67.99564684214556,0.9999999999999998,-6.886721636097472,-0.4218983704716628,-252.73424248161396
231.94975422269547,67.99417381272873,0.9999999999999998,-6.885335568432592,-0.4188790330303114,-252.78148057886602
231.9761583804472,67.99269651860818,0.9999999999999998,-6.883948912068391,-0.4158615783306914,-252.82876018854205
232.00255915004456,67.99121496074379,0.9999999999999999,-6.882561668124403,-0.41284600695420437,-252.87608119976034
232.02895652245178,67.98972914009758,0.9999999999999999,-6.881173837721198,-0.4098323194802447,-252.9234435016391
232.05535048864084,67.9882390576339,0.9999999999999998,-6.879785421980384,-0.406820516486178,-252.97084698329647
232.08174103959195,67.98674471431929,0.9999999999999998,-6.878396422024535,-0.40381059854744095,-253.01829153385077
232.108128166294,67.98524611112244,0.9999999999999998,-6.877006838977262,-0.400802566237374,-253.06577704242028
232.13451185974353,67.98374324901432,0.9999999999999999,-6.875616673963162,-0.3977964201273956,-253.11330339812315
232.1608921109454,67.98223612896813,1.0,-6.874225928107833,-0.3947921607868885,-253.16087049007749
232.18726891091313,67.98072475195919,0.9999999999999997,-6.87283460253788,-0.39178978878323534,-253.20847820740175
232.21364225066827,67.97920911896512,0.9999999999999999,-6.871442698380816,-0.3887893046817652,-253.256126439214
232.24001212124026,67.97768923096568,0.9999999999999998,-6.870050216765265,-0.3857907090459207,-253.30381507463247
232.26637851366755,67.97616508894286,0.9999999999999998,-6.868657158820746,-0.382794002436988,-253.35154400277548
232.29274141899643,67.97463669388084,1.0,-6.867263525677774,-0.37979918541435254,-253.3993131127613
232.3191008282816,67.973104046766,0.9999999999999998,-6.865869318467792,-0.37680625853534977,-253.44712229370796
232.3454567325863,67.97156714858689,0.9999999999999999,-6.864474538323295,-0.37381522235529374,-253.4949714347337
232.37180912298203,67.97002600033429,0.9999999999999998,-6.863079186377658,-0.37082607742749474,-253.54286042495693
232.39815799054844,67.96848060300113,0.9999999999999999,-6.861683263765246,-0.3678388243032771,-253.59078915349576
232.4245033263741,67.96693095758253,0.9999999999999998,-6.860286771621391,-0.36485346353190806,-253.63875750946838
232.45084512155557,67.96537706507581,0.9999999999999998,-6.8588897110823295,-0.3618699956606477,-253.68676538199313
232.4771833671978,67.96381892648049,0.9999999999999998,-6.857492083285285,-0.35888842123477716,-253.73481266018817
232.50351805441466,67.96225654279819,0.9999999999999999,-6.856093889368412,-0.3559087407974779,-253.7828992331717
232.529849174328,67.96068991503277,0.9999999999999998,-6.854695130470795,-0.3529309548900379,-253.83102499006193
232.55617671806831,67.95911904419025,0.9999999999999998,-6.853295807732407,-0.3499550640516169,-253.87918981997709
232.5825006767749,67.95754393127878,0.9999999999999999,-6.851895922294186,-0.3469810688193711,-253.92739361203553
232.608821041595,67.95596457730873,0.9999999999999999,-6.850495475298046,-0.3440089697284776,-253.97563625535534
232.6351378036847,67.95438098329262,0.9999999999999999,-6.849094467886708,-0.34103876731207805,-254.02391763905482
232.6614509542089,67.95279315024509,0.9999999999999999,-6.847692901203862,-0.3380704621012569,-254.0722376522522
232.6877604843405,67.95120107918297,0.9999999999999998,-6.846290776394145,-0.33510405462511983,-254.12059618406553
232.71406638526128,67.94960477112527,1.0,-6.844888094602997,-0.3321395454106977,-254.16899312361332
232.74036864816173,67.94800422709308,0.9999999999999999,-6.84348485697688,-0.32917693498303535,-254.2174283600135
232.76666726424085,67.94639944810969,0.9999999999999999,-6.8420810646630255,-0.32621622386514204,-254.26590178238462
232.79296222470592,67.94479043520057,0.9999999999999998,-6.84067671880966,-0.3232574125780019,-254.31441327984456
232.81925352077357,67.94317718939325,0.9999999999999999,-6.839271820565829,-0.32030050164051715,-254.36296274151184
232.84554114366853,67.94155971171746,0.9999999999999999,-6.837866371081499,-0.3173454915696574,-254.41155005650444
232.8718250846241,67.93993800320507,1.0,-6.836460371507523,-0.3143923828802997,-254.46017511394083
232.898105334883,67.93831206489001,0.9999999999999999,-6.835053822995562,-0.3114411760852889,-254.508837802939
232.924381885696,67.93668189780846,0.9999999999999999,-6.833646726698213,-0.3084918716954377,-254.5575380126174
232.9506547283226,67.93504750299864,0.9999999999999999,-6.832239083768884,-0.3055444702195622,-254.60627563209405
232.97692385403147,67.93340888150095,0.9999999999999998,-6.830830895361913,-0.3025989721643967,-254.6550505504872
233.00318925409977,67.93176603435786,0.9999999999999998,-6.829422162632403,-0.29965537803465736,-254.7038626569153
233.02945091981312,67.93011896261405,0.9999999999999999,-6.8280128867364,-0.296713688333071,-254.7527118404964
233.05570884246663,67.9284676673162,0.9999999999999998,-6.8266030688307415,-0.2937739035602256,-254.80159799034865
233.08196301336363,67.92681214951321,0.9999999999999999,-6.825192710073107,-0.2908360242147765,-254.85052099559041
233.10821342381632,67.92515241025603,0.9999999999999999,-6.823781811622026,-0.2879000507933078,-254.89948074533982
233.13446006514613,67.92348845059777,0.9999999999999999,-6.822370374636865,-0.28496598379031823,-254.94847712871518
233.16070292868292,67.9218202715936,0.9999999999999999,-6.820958400277816,-0.2820338236983275,-254.99751003483465
233.18694200576533,67.92014787430084,0.9999999999999999,-6.819545889705914,-0.27910357100780914,-255.04657935281654
233.21317728774144,67.91847125977885,0.9999999999999999,-6.818132844082968,-0.27617522620715107,-255.09568497177898
233.23940876596768,67.91679042908918,0.9999999999999999,-6.816719264571646,-0.2732487897827305,-255.14482678084028
233.2656364318095,67.91510538329538,0.9999999999999998,-6.8153051523353865,-0.2703242622189066,-255.19400466911856
233.2918602766415,67.91341612346315,0.9999999999999998,-6.81389050853849,-0.2674016439979603,-255.24321852573215
233.31808029184702,67.9117226506603,0.9999999999999999,-6.812475334346011,-0.2644809356000941,-255.2924682397992
233.34429646881807,67.91002496595667,1.0,-6.811059630923842,-0.26156213750359925,-255.341753700438
233.37050879895637,67.9083230704242,0.9999999999999998,-6.809643399438618,-0.25864525018456774,-255.39107479676676
233.39671727367187,67.90661696513698,1.0,-6.808226641057827,-0.2557302741171199,-255.44043141790362
233.42292188438378,67.90490665117107,1.0,-6.806809356949686,-0.2528172097733794,-255.48982345296693
