galstreams/tracks/track.st.M68.palau2019.ecsv
# %ECSV 0.9
# ---
# datatype:
# - {name: ra, unit: deg, datatype: float64}
# - {name: dec, unit: deg, datatype: float64}
# - {name: distance, unit: kpc, datatype: float64}
# - {name: pm_ra_cosdec, unit: mas / yr, datatype: float64}
# - {name: pm_dec, unit: mas / yr, datatype: float64}
# - {name: radial_velocity, unit: km / s, datatype: float64}
# delimiter: ','
# meta: !!omap
# - __serialized_columns__:
#     dec:
#       __class__: astropy.coordinates.angles.Latitude
#       unit: &id001 !astropy.units.Unit {unit: deg}
#       value: !astropy.table.SerializedColumn {name: dec}
#     distance:
#       __class__: astropy.coordinates.distances.Distance
#       unit: !astropy.units.Unit {unit: kpc}
#       value: !astropy.table.SerializedColumn {name: distance}
#     pm_dec:
#       __class__: astropy.units.quantity.Quantity
#       unit: !astropy.units.Unit {unit: mas / yr}
#       value: !astropy.table.SerializedColumn {name: pm_dec}
#     pm_ra_cosdec:
#       __class__: astropy.units.quantity.Quantity
#       unit: !astropy.units.Unit {unit: mas / yr}
#       value: !astropy.table.SerializedColumn {name: pm_ra_cosdec}
#     ra:
#       __class__: astropy.coordinates.angles.Longitude
#       unit: *id001
#       value: !astropy.table.SerializedColumn {name: ra}
#       wrap_angle: !astropy.coordinates.Angle
#         unit: *id001
#         value: 360.0
#     radial_velocity:
#       __class__: astropy.units.quantity.Quantity
#       unit: !astropy.units.Unit {unit: km / s}
#       value: !astropy.table.SerializedColumn {name: radial_velocity}
# schema: astropy-2.0
ra,dec,distance,pm_ra_cosdec,pm_dec,radial_velocity
[from data line 140]
212.79657616627225,43.408467430949756,5.756676402382901,0.18254344004543377,5.558568868302602,-4.210383564936169e-14
213.26081493259673,43.98583506909419,5.769069254712262,0.24587760163419659,5.559944875305689,-1.6841534259744676e-14
213.73573331681453,44.560711831430396,5.780855169930822,0.310153954025131,5.559685262441038,0.0
214.221692576389,45.13300019562077,5.792012238098098,0.37537661708917985,5.557738916853969,0.0
214.7190675699315,45.70259790642994,5.802518549273612,0.44154863884164025,5.554052962931772,-1.6841534259744676e-14
215.22824715411184,46.26939773649202,5.812352193516883,0.5086718596785647,5.548572694558598,-1.6841534259744676e-14
215.74963456809212,46.83328723526452,5.821491260887428,0.5767467631970189,5.541241507915916,-3.368306851948935e-14
216.28364780056367,47.39414846584976,5.829913841444765,0.6457723124036776,5.53200083554973,-5.0524602779234026e-14
216.83071993368162,47.9518577294128,5.837598025248418,0.7157457700377245,5.5207900825676415,-3.368306851948935e-14
217.39129945730716,48.506285276987214,5.844521902357903,0.7866625016571203,5.507546565992176,-2.5262301389617013e-14
217.96585054597924,49.05729500853902,5.85066356283274,0.8585157600639914,5.492205458483305,1.6841534259744676e-14
218.554853289931,49.60474415925556,5.856001096732448,0.9312964495779494,5.47469973785623,8.420767129872338e-15
219.15880387023907,50.148482973145335,5.860512594116544,1.0049928686086294,5.45496014406195,-1.6841534259744676e-14
219.77821466683304,50.68835436417876,5.864176145044553,1.0795904289350202,5.432915145571566,-8.420767129872338e-15
220.41361428659508,51.22419356537211,5.866969839575987,1.1550713500739198,5.408490917412502,-2.5262301389617013e-14
221.06554749713874,51.75582776642353,5.86887176777037,1.2314143271194016,5.381611333448781,8.420767129872338e-15
221.7345750500696,52.28307574075139,5.869860019687221,1.3085941704665036,5.3521979758802845,2.5262301389617013e-14
222.42127337559913,52.80574746307225,5.869912685386057,1.3865814159042196,5.3201701653587685,0.0
223.12623412831573,53.323643718986546,5.869007854926398,1.465341903685458,5.285445015582469,-2.5262301389617013e-14
223.85006356171777,53.83655570842692,5.867123618367764,1.544836325366452,5.247937516735856,0.0
224.59338170681207,54.344264645266385,5.8642380657696735,1.625019737469171,5.207560652684542,-8.420767129872338e-15
225.3568213276965,54.8465413558927,5.860329287191646,1.70584104137261,5.164225557413506,-2.5262301389617013e-14
226.14102662462787,55.3431458801309,5.855375372693201,1.7872424293001834,5.11784171680328,-8.420767129872338e-15
226.9466516526717,55.83382707854827,5.849354412333856,1.8691587968596792,5.068317222463191,-8.420767129872338e-15
227.7743584217242,56.31832225090576,5.842244496173132,1.9515171233303135,5.015559084969235,-2.5262301389617013e-14
228.62481464156815,56.796356771330416,5.834023714270549,2.0342358218000367,4.95947361446754,-1.6841534259744676e-14
229.49869107380556,57.26764374667844,5.824670156685622,2.117224062358348,4.8999668771769525,8.420767129872338e-15
230.39665845113362,57.7318837055324,5.814161913477876,2.200381072866768,4.836945236823996,8.420767129872338e-15
231.31938392367826,58.188764326328695,5.802477074706824,2.2835954233820734,4.770315990429522,-3.368306851948935e-14
232.2675269921752,58.63796021423087,5.789593730431992,2.366744302112305,4.69998810808891,-8.420767129872338e-15
233.24173488893229,59.07913273753797,5.775489970712893,2.4496927928540635,4.625873086387426,-4.210383564936169e-14
234.24263736999245,59.51192993562477,5.7601438856090486,2.5322931661935706,4.5478859247989964,0.0
235.2708408860475,59.93598651162359,5.7435335651799795,2.614384199343511,4.46594623375052,-1.6841534259744676e-14
236.3269221057595,60.35092392423905,5.725637099485204,2.6957905423064528,4.379979481905468,8.420767129872338e-15
237.41142077356346,60.75635059419038,5.706432578584238,2.7763221510560054,4.289918388534264,-2.5262301389617013e-14
238.52483189511574,61.151862241742926,5.685898092536607,2.855773811536235,4.195704464493961,-1.6841534259744676e-14
239.66759725761025,61.53704237255,5.664011731401825,2.933924781392599,4.097289702239416,0.0
240.8400963095187,61.911462929499365,5.640751585239414,3.0105385793252912,3.9946384113419096,-4.210383564936169e-14
242.0426364450829,62.2746851283474,5.616095744108889,3.0853629546179646,3.887729191129755,1.6841534259744676e-14
243.27544276318775,62.62626049453063,5.590022298069775,3.1581300715221188,3.7765570262485175,-3.368306851948935e-14
244.53864739795773,62.96573211755621,5.562509337181587,3.2285569445103595,3.6611354841711834,1.6841534259744676e-14
245.832278549219,63.29263613767903,5.5335349515038486,3.2963461606559488,3.5414989860371335,1.6841534259744676e-14
247.15624937425815,63.60650347706763,5.503077231096072,3.3611869242349797,3.417705113805946,1.6841534259744676e-14
248.51034693714575,63.906861824248075,5.471114266017783,3.4227564557557693,3.28983690781406,-2.947268495455318e-14
249.89422144700092,64.19323787622356,5.437624146328498,3.4807217726913997,3.158005099761205,1.6841534259744676e-14
251.3073760502717,64.4651598372593,5.402584962087737,3.5347418719656263,3.0223502173836136,-2.1051917824680846e-14
252.74915747238205,64.72216016690874,5.365974803355017,3.5844703245469853,2.883044489157507,1.2631150694808506e-14
254.2187478285773,64.96377856250454,5.327771760189858,3.6295582802926116,2.7402934709825644,0.0
255.7151579399574,65.18956515318932,5.287953922651784,3.669657866576161,2.5943373126510054,-4.210383564936169e-15
257.23722249586075,65.39908387383186,5.246499380800307,3.7044259475612242,2.445451580769287,4.210383564936169e-15
258.78359739547864,65.59191597817119,5.203386224694949,3.733528192808084,2.293947557382075,-2.5262301389617013e-14
260.3527595777082,65.76766364162856,5.158592544395232,3.7566433850352636,2.140171940454943,1.6841534259744676e-14
261.9430096073147,65.92595359588202,5.112096429960673,3.7734678783361866,1.9845058840076453,-1.2631150694808506e-14
263.55247722692013,66.06644073000363,5.063875971450788,3.7837201011988864,1.827363332174846,-1.894672604221276e-14
265.1791300087432,66.18881158723464,5.013909258925101,3.7871449846252485,1.6691886225711652,-2.5262301389617013e-14
266.82078514931897,66.29278768281695,4.962174382443127,3.783518185831698,1.5104533594110614,-1.894672604221276e-14
268.4751243479169,66.37812856714847,4.90864943206439,3.7726499736447185,1.3516525848207448,8.420767129872338e-15
270.1397115996776,66.44463456021526,4.853312497848407,3.7543886437283667,1.1933003062317902,0.0
271.8120136233038,66.4921490879634,4.7961416698546975,3.7286233407451954,1.0359244669130454,-1.0525958912340423e-15
273.48942253688114,66.52056055901161,4.737115038142779,3.695286180505742,0.8800614736555354,-1.1578554803574466e-14
