galstreams/tracks/track.st.Elqui.shipp2019.ecsv
# %ECSV 0.9
# ---
# datatype:
# - {name: ra, unit: deg, datatype: float64}
# - {name: dec, unit: deg, datatype: float64}
# - {name: distance, unit: kpc, datatype: float64}
# - {name: pm_ra_cosdec, unit: mas / yr, datatype: float64}
# - {name: pm_dec, unit: mas / yr, datatype: float64}
# - {name: radial_velocity, unit: km / s, datatype: float64}
# delimiter: ','
# meta: !!omap
# - __serialized_columns__:
#     dec:
#       __class__: astropy.coordinates.angles.Latitude
#       unit: &id001 !astropy.units.Unit {unit: deg}
#       value: !astropy.table.SerializedColumn {name: dec}
#     distance:
#       __class__: astropy.coordinates.distances.Distance
#       unit: !astropy.units.Unit {unit: kpc}
#       value: !astropy.table.SerializedColumn {name: distance}
#     pm_dec:
#       __class__: astropy.units.quantity.Quantity
#       unit: !astropy.units.Unit {unit: mas / yr}
#       value: !astropy.table.SerializedColumn {name: pm_dec}
#     pm_ra_cosdec:
#       __class__: astropy.units.quantity.Quantity
#       unit: !astropy.units.Unit {unit: mas / yr}
#       value: !astropy.table.SerializedColumn {name: pm_ra_cosdec}
#     ra:
#       __class__: astropy.coordinates.angles.Longitude
#       unit: *id001
#       value: !astropy.table.SerializedColumn {name: ra}
#       wrap_angle: !astropy.coordinates.Angle
#         unit: *id001
#         value: 360.0
#     radial_velocity:
#       __class__: astropy.units.quantity.Quantity
#       unit: !astropy.units.Unit {unit: km / s}
#       value: !astropy.table.SerializedColumn {name: radial_velocity}
# schema: astropy-2.0
ra,dec,distance,pm_ra_cosdec,pm_dec,radial_velocity
[from data line 945]
20.939852371316903,-42.56221767571238,50.09999999998135,0.10497037686439809,-0.2035338261861478,3.6192878162547805e-10
20.951188147931518,-42.56773594085163,50.099999999981314,0.10464324203431857,-0.20229643346683324,3.5393747361922917e-10
20.96252540771791,-42.57325369647598,50.09999999998128,0.1043153795907104,-0.20105763645914948,3.459166929280258e-10
20.973864151200633,-42.57877094233114,50.09999999998126,0.10398678883894932,-0.19981743542148667,3.3790433300395225e-10
20.985204378904257,-42.584287678162696,50.099999999981215,0.1036574690841802,-0.19857583061253462,3.29870921162054e-10
20.996546091353412,-42.58980390371615,50.09999999998118,0.10332741963131772,-0.19733282229128268,3.218122470187662e-10
21.007889289072782,-42.595319618736966,50.09999999998116,0.10299663978504638,-0.19608841071702038,3.137535728754784e-10
21.019233972587067,-42.60083482297044,50.09999999998112,0.10266512884982008,-0.1948425961493374,3.056906883486256e-10
21.03058014242102,-42.60634951616183,50.09999999998109,0.10233288612986294,-0.19359537884812422,2.975983311368183e-10
21.041927799099437,-42.6118636980563,50.09999999998105,0.10199991092916845,-0.19234675907357157,2.8949755315788113e-10
21.053276943147164,-42.617377368398905,50.099999999981016,0.10166620255150008,-0.1910967370861712,2.8140098556250885e-10
21.064627575089066,-42.62289052693464,50.09999999998097,0.10133176030039111,-0.18984531314671604,2.732833660493119e-10
21.07597969545006,-42.62840317340838,50.09999999998095,0.1009965834791448,-0.18859248751630062,2.651531153854202e-10
21.087333304755116,-42.63391530756492,50.09999999998091,0.10066067139083415,-0.1873382604563209,2.5700181280370376e-10
21.098688403529234,-42.63942692914898,50.09999999998088,0.1003240233383025,-0.18608263222847438,2.488631413726821e-10
21.11004499229746,-42.64493803790519,50.09999999998085,0.09998663862416249,-0.18482560309476093,2.4070762840740076e-10
21.12140307158486,-42.65044863357805,50.09999999998082,0.09964851655079732,-0.18356717331748268,2.3252264275716487e-10
21.13276264191659,-42.65595871591203,50.09999999998078,0.09930965642036015,-0.18230734315924407,2.2433765710692895e-10
21.144123703817783,-42.66146828465146,50.09999999998074,0.09897005753477406,-0.18104611288295255,2.1614425068956317e-10
21.15548625781367,-42.666977339540615,50.09999999998072,0.09862971919573248,-0.1797834827518182,2.0793400273793764e-10
21.166850304429488,-42.67248588032367,50.09999999998068,0.09828864070469871,-0.17851945302935446,1.997195444027472e-10
21.178215844190518,-42.677993906744696,50.09999999998064,0.09794682136290636,-0.17725402397937812,1.9148824453329696e-10
21.189582877622094,-42.68350141854769,50.09999999998061,0.09760426047135934,-0.1759871958660097,1.8325273428028183e-10
21.200951405249587,-42.68900841547657,50.09999999998058,0.09726095733083162,-0.17471896895367328,1.750088032601368e-10
21.212321427598397,-42.69451489727512,50.09999999998054,0.09691691124186776,-0.17344934350709756,1.667438203221671e-10
21.223692945193974,-42.700020863687094,50.09999999998051,0.09657212150478227,-0.17217831979131515,1.5847462700063247e-10
21.235065958561815,-42.70552631445611,50.099999999980476,0.09622658741966031,-0.17090589807166318,1.5020964406266278e-10
21.246440468227437,-42.7110312493257,50.09999999998044,0.0958803082863573,-0.16963207861378396,1.4190676767260863e-10
21.25781647471641,-42.71653566803934,50.099999999980405,0.09553328340449915,-0.16835686168362413,1.336249432003792e-10
21.26919397855434,-42.72203957034039,50.09999999998037,0.095185512073482,-0.16708024754743617,1.2531785642676012e-10
21.28057298026687,-42.72754295597211,50.09999999998034,0.09483699359247284,-0.16580223647177755,1.1700655926957615e-10
21.291953480379696,-42.73304582467768,50.099999999980305,0.09448772726040883,-0.16452282872351187,1.086784205781324e-10
21.303335479418536,-42.73854817620021,50.09999999998027,0.09413771237599801,-0.16324202456980821,1.0034186111955878e-10
21.314718977909152,-42.7440500102827,50.09999999998024,0.09378694823771884,-0.16195982427814215,9.198846012672543e-11
21.32610397637735,-42.74955132666807,50.0999999999802,0.09343543414382044,-0.1606762281162954,8.364769028458688e-11
21.33749047534898,-42.755052125099134,50.09999999998016,0.09308316939232272,-0.15939123635235625,7.527955294927623e-11
21.348878475349903,-42.76055240531862,50.099999999980135,0.09273015328101596,-0.15810484925471974,6.690931042218313e-11
21.360267976906062,-42.76605216706917,50.0999999999801,0.09237638510746164,-0.1568170670920884,5.853485751152509e-11
21.3716589805434,-42.771551410093345,50.099999999980064,0.09202186416899173,-0.15552789013347174,5.0154089025519644e-11
21.38305148678792,-42.777050134133596,50.099999999980035,0.09166658976270908,-0.15423731864818668,4.175016342990705e-11
21.39444549616566,-42.7825483389323,50.09999999997999,0.09131056118548737,-0.15294535290585795,3.334413264251199e-11
21.40584100920268,-42.788046024231754,50.099999999979964,0.09095377773397118,-0.15165199317641836,2.49402070468994e-11
21.417238026425103,-42.79354318977413,50.099999999979936,0.09059623870457596,-0.15035723973010867,1.651733472524459e-11
21.42863654835908,-42.79903983530152,50.099999999979886,0.09023794339348847,-0.14906109283747843,8.08814682824238e-12
21.44003657553079,-42.80453596055594,50.09999999997985,0.08987889109666573,-0.1477635527693854,-3.536722194546382e-13
21.451438108466466,-42.81003156527932,50.099999999979815,0.0895190811098366,-0.14646461979699663,-8.797596458934126e-12
21.462841147692373,-42.81552664921349,50.09999999997979,0.08915851272850052,-0.14516429419178797,-1.724573108197855e-11
21.474245693734808,-42.82102121210016,50.09999999997975,0.08879718524792811,-0.14386257622554482,-2.570439166393531e-11
21.485651747120105,-42.826515253681,50.099999999979715,0.08843509796316129,-0.14255946617036183,-3.417147301302195e-11
21.49705930837465,-42.83200877369757,50.09999999997967,0.08807225016901316,-0.1412549642986442,-4.264486993745599e-11
21.50846837802485,-42.83750177189132,50.099999999979644,0.08770864116006777,-0.13994907088310637,-5.1120372053672495e-11
21.519878956597157,-42.84299424800363,50.09999999997961,0.08734427023068078,-0.1386417861967733,-5.961061051236629e-11
21.53129104461805,-42.84848620177578,50.09999999997957,0.0869791366749789,-0.13733311051298058,-6.810926973818993e-11
21.542704642614073,-42.85397763294896,50.09999999997953,0.08661323978686024,-0.13602304410537416,-7.661003415579607e-11
21.55411975111177,-42.85946854126428,50.09999999997952,0.08624657885999436,-0.13471158724791155,-8.512132453231453e-11
21.56553637063775,-42.864958926462755,50.099999999979474,0.08587915318782208,-0.13339874021486076,-9.363472010061546e-11
21.57695450171864,-42.87044878828529,50.09999999997944,0.08551096206355582,-0.13208450328080173,-1.0215864162782874e-10
21.58837414488112,-42.87593812647273,50.0999999999794,0.08514200478017953,-0.13076887672062576,-1.1068256315504202e-10
21.59979530065188,-42.8814269407658,50.09999999997936,0.08477228063044825,-0.1294518608095361,-1.1922122102473257e-10
21.611217969557682,-42.88691523090514,50.099999999979325,0.08440178890688942,-0.1281334558230482,-1.2775777370264064e-10
21.622642152125298,-42.89240299663133,50.09999999997929,0.08403052890180114,-0.12681366203698966,-1.3630695753124353e-10
21.634067848881557,-42.89789023768481,50.09999999997925,0.08365849990725377,-0.1254924797275006,-1.4486245693519383e-10
21.645495060353298,-42.903376953805974,50.09999999997922,0.08328570121508924,-0.1241699091710344,-1.534200615309266e-10
21.6569237870674,-42.90886314473507,50.0999999999792,0.08291213211692108,-0.12284595064435708,-1.619881920855717e-10
21.668354029550805,-42.91434881021232,50.099999999979154,0.08253779190413466,-0.1215206044245479,-1.7055842783199928e-10
21.679785788330477,-42.91983394997782,50.09999999997912,0.08216267986788728,-0.12019387078899985,-1.7913287396199177e-10
21.69121906393339,-42.92531856377156,50.099999999979076,0.08178679529910768,-0.11886575001541932,-1.8771363566733168e-10
21.70265385688658,-42.93080265133347,50.09999999997905,0.08141013748849688,-0.11753624238182697,-1.9629860775623655e-10
21.714090167717124,-42.936286212403374,50.099999999979005,0.08103270572652764,-0.11620534816655745,-2.0489410580405374e-10
21.725527996952124,-42.94176924672101,50.09999999997897,0.08065449930344468,-0.11487306764825987,-2.1348539346830598e-10
21.736967345118696,-42.94725175402599,50.099999999978934,0.08027551750926495,-0.11353940110589816,-2.220851018996881e-10
21.748408212744035,-42.9527337340579,50.099999999978905,0.07989575963377701,-0.11220434881875074,-2.3069112590641764e-10
21.75985060035533,-42.958215186556174,50.09999999997886,0.07951522496654197,-0.11086791106641172,-2.393034654884946e-10
21.771294508479826,-42.9636961112602,50.099999999978834,0.07913391279689258,-0.10953008812878967,-2.479284362212663e-10
21.782739937644802,-42.969176507909246,50.0999999999788,0.0787518224139343,-0.10819088028610999,-2.565365654197783e-10
21.79418688837756,-42.97465637624248,50.09999999997876,0.07836895310654429,-0.10685028781891281,-2.651699569196799e-10
21.805635361205454,-42.98013571599901,50.09999999997873,0.07798530416337243,-0.10550831100805494,-2.7379703284423415e-10
21.817085356655852,-42.98561452691784,50.099999999978685,0.07760087487284029,-0.10416495013470908,-2.824220035770059e-10
21.828536875256173,-42.99109280873786,50.09999999997864,0.07721566452314232,-0.10282020548036455,-2.910617106522549e-10
21.83998991753386,-42.9965705611979,50.099999999978614,0.07682967240224506,-0.10147407732682764,-2.9970773330285134e-10
21.85144448401639,-43.00204778403667,50.09999999997858,0.0764428977978875,-0.10012656595622117,-3.0835375595344777e-10
21.862900575231293,-43.00752447699284,50.099999999978536,0.07605533999758132,-0.09877767165098573,-3.169955682204792e-10
21.874358191706097,-43.0130006398049,50.0999999999785,0.07566699828861018,-0.09742739469387879,-3.2565422202177044e-10
21.8858173339684,-43.01847627221134,50.099999999978465,0.07527787195803076,-0.09607573536797609,-3.342981394805844e-10
21.897278002545804,-43.02395137395048,50.09999999997844,0.07488796029267215,-0.09472269395667066,-3.4295889847365814e-10
21.90874019796596,-43.029425944760604,50.099999999978394,0.07449726257913587,-0.09336827074367407,-3.516259730420792e-10
21.920203920756553,-43.0348999843799,50.099999999978365,0.07410577810379654,-0.0920124660130161,-3.6029094241871784e-10
21.9316691714453,-43.040373492546415,50.099999999978316,0.07371350615280109,-0.09065528004904545,-3.689559117953565e-10
21.94313595055994,-43.045846468998164,50.09999999997829,0.07332044601206933,-0.08929671313642938,-3.776271967473425e-10
21.95460425862826,-43.05131891347304,50.09999999997825,0.07292659696729392,-0.08793676556015421,-3.8629427131576364e-10
21.966074096178062,-43.05679082570881,50.099999999978216,0.07253195830394031,-0.08657543760552566,-3.9497608222666203e-10
21.977545463737215,-43.06226220544323,50.09999999997818,0.07213652930724683,-0.08521272955816896,-4.0365157756221297e-10
21.989018361833573,-43.067733052413914,50.09999999997814,0.07174030926222469,-0.0838486417040293,-4.123249677059815e-10
22.000492790995054,-43.07320336635836,50.0999999999781,0.07134329745365803,-0.0824831743293716,-4.210130941922273e-10
22.011968751749606,-43.07867314701404,50.09999999997807,0.0709454931661043,-0.08111632772078112,-4.2969490510312567e-10
22.02344624462521,-43.08414239411826,50.09999999997802,0.07054689568389358,-0.07974810216516384,-4.383798738016978e-10
22.03492527014985,-43.089611107408274,50.09999999997799,0.07014750429112923,-0.07837849794974619,-4.470764210550734e-10
22.046405828851587,-43.09507928662126,50.09999999997795,0.06974731827168777,-0.07700751536207572,-4.557656001372104e-10
22.057887921258487,-43.10054693149427,50.09999999997791,0.06934633690921894,-0.07563515469002066,-4.6445372662345624e-10
22.06937154789864,-43.106014041764276,50.09999999997789,0.06894455948714556,-0.07426141622177178,-4.731502738768319e-10
22.0808567093002,-43.11148061716816,50.099999999977854,0.06854198528866406,-0.07288630024584065,-4.818436633425338e-10
22.092343405991322,-43.11694665744271,50.09999999997781,0.06813861359674375,-0.07150980705106069,-4.905338950205621e-10
22.103831638500196,-43.1224121623246,50.099999999977776,0.06773444369412748,-0.07013193692658791,-4.992336000616115e-10
22.115321407355072,-43.12787713155046,50.09999999997774,0.06732947486333157,-0.06875269016190044,-5.07924884335531e-10
22.126812713084178,-43.13334156485677,50.0999999999777,0.06692370638664567,-0.06737206704679898,-5.166319575478189e-10
22.138305556215826,-43.13880546197997,50.09999999997766,0.06651713754613325,-0.06599006787140718,-5.25330609992977e-10
22.149799937278335,-43.14426882265637,50.09999999997761,0.06610976762363069,-0.06460669292617165,-5.340282098422439e-10
22.161295856800052,-43.14973164662221,50.09999999997758,0.06570159590074864,-0.06322194250186237,-5.427247570956196e-10
22.172793315309356,-43.15519393361358,50.09999999997755,0.06529262165887094,-0.061835816889573056,-5.514318303079076e-10
22.18429231333467,-43.16065568336659,50.09999999997751,0.0648828441791552,-0.06044831638072085,-5.601357457325218e-10
22.195792851404434,-43.166116895617165,50.09999999997746,0.06447226274253308,-0.059059441267047166,-5.688322929858976e-10
22.207294930047123,-43.171577570101164,50.099999999977435,0.0640608766297093,-0.057669191840617376,-5.775288402392732e-10
22.218798549791227,-43.17703770655432,50.0999999999774,0.06364868512116309,-0.056277568393821975,-5.862348608556699e-10
22.230303711165295,-43.182497304712356,50.09999999997736,0.06323568749714731,-0.05488457121937561,-5.94937723684393e-10
22.24181041469788,-43.18795636431081,50.09999999997732,0.06282188303768863,-0.053490200610317985,-6.036363761295512e-10
22.25331866091759,-43.193414885085204,50.099999999977285,0.062407271022587654,-0.05209445686001426,-6.123350285747092e-10
22.264828450353033,-43.19887286677089,50.09999999997725,0.06199185073141923,-0.05069734026215482,-6.210347336157586e-10
22.276339783532865,-43.204330309103185,50.09999999997721,0.06157562144353196,-0.049298851110755534,-6.297323334650256e-10
22.28785266098577,-43.2097872118173,50.099999999977165,0.06115858243804882,-0.04789898970015864,-6.384299333142924e-10
22.29936708324046,-43.21524357464834,50.099999999977136,0.060740732993866606,-0.04649775632503236,-6.471275331635594e-10
22.310883050825673,-43.22069939733133,50.0999999999771,0.06032207238965654,-0.045095151280371074,-6.55824080416935e-10
22.322400564270183,-43.226154679601194,50.09999999997706,0.059902599903864186,-0.0436911748614961,-6.645143120949632e-10
22.333919624102776,-43.23160942119275,50.09999999997701,0.05948231481470901,-0.04228582736405533,-6.732119119442302e-10
22.345440230852294,-43.237063621840754,50.09999999997698,0.05906121640018502,-0.04087910908402387,-6.819021436222583e-10
22.356962385047588,-43.242517281279845,50.099999999976944,0.058639303938060855,-0.03947102031770448,-6.905929015982322e-10
22.368486087217534,-43.24797039924457,50.0999999999769,0.05821657670587922,-0.03806156136172713,-6.992789228926955e-10
22.380011337891055,-43.253422975469384,50.099999999976866,0.05779303398095722,-0.03665073251304965,-7.079686282727782e-10
22.391538137597088,-43.25887500968869,50.09999999997683,0.05736867504038699,-0.03523853406895804,-7.166483339918941e-10
22.403066486864596,-43.26432650163669,50.09999999997678,0.056943499161034736,-0.03382496632706629,-7.253311974986837e-10
22.41459638622259,-43.26977745104763,50.099999999976745,0.05651750561954159,-0.03241002958531724,-7.340098506219084e-10
22.42612783620007,-43.27522785765554,50.099999999976724,0.05609069369232307,-0.030993724141982617,-7.426900826389699e-10
22.437660837326135,-43.280677721194444,50.099999999976674,0.05566306265556965,-0.029576050295662654,-7.513639990806841e-10
