galstreams/tracks/track.st.OmegaCen-Fimbulthul.sollima2020.ecsv
# %ECSV 0.9
# ---
# datatype:
# - {name: ra, unit: deg, datatype: float64}
# - {name: dec, unit: deg, datatype: float64}
# - {name: distance, unit: kpc, datatype: float64}
# - {name: pm_ra_cosdec, unit: mas / yr, datatype: float64}
# - {name: pm_dec, unit: mas / yr, datatype: float64}
# - {name: radial_velocity, unit: km / s, datatype: float64}
# delimiter: ','
# meta: !!omap
# - __serialized_columns__:
#     dec:
#       __class__: astropy.coordinates.angles.Latitude
#       unit: &id001 !astropy.units.Unit {unit: deg}
#       value: !astropy.table.SerializedColumn {name: dec}
#     distance:
#       __class__: astropy.coordinates.distances.Distance
#       unit: !astropy.units.Unit {unit: kpc}
#       value: !astropy.table.SerializedColumn {name: distance}
#     pm_dec:
#       __class__: astropy.units.quantity.Quantity
#       unit: !astropy.units.Unit {unit: mas / yr}
#       value: !astropy.table.SerializedColumn {name: pm_dec}
#     pm_ra_cosdec:
#       __class__: astropy.units.quantity.Quantity
#       unit: !astropy.units.Unit {unit: mas / yr}
#       value: !astropy.table.SerializedColumn {name: pm_ra_cosdec}
#     ra:
#       __class__: astropy.coordinates.angles.Longitude
#       unit: *id001
#       value: !astropy.table.SerializedColumn {name: ra}
#       wrap_angle: !astropy.coordinates.Angle
#         unit: *id001
#         value: 360.0
#     radial_velocity:
#       __class__: astropy.units.quantity.Quantity
#       unit: !astropy.units.Unit {unit: km / s}
#       value: !astropy.table.SerializedColumn {name: radial_velocity}
# schema: astropy-2.0
ra,dec,distance,pm_ra_cosdec,pm_dec,radial_velocity
[from data line 231]
198.9136800023898,-46.37068794854716,5.4259999999999975,0.0,0.0,-0.0
198.92527879204135,-46.37669984790679,5.4259999999999975,0.0,0.0,-0.0
198.93687956438157,-46.38271121309255,5.4259999999999975,0.0,0.0,-0.0
198.94848238507356,-46.388721971370956,5.4259999999999975,0.0,0.0,-0.0
198.9600873193283,-46.394732050450415,5.425999999999997,0.0,0.0,-0.0
198.97169443190577,-46.40074137847978,5.4259999999999975,0.0,0.0,-0.0
198.98330378711708,-46.40674988404694,5.4259999999999975,0.0,0.0,-0.0
198.99491544882576,-46.412757496177335,5.4259999999999975,0.0,0.0,-0.0
199.0065294804497,-46.41876414433261,5.425999999999998,0.0,0.0,-0.0
199.0181459449626,-46.4247697584091,5.425999999999997,0.0,0.0,-0.0
199.02976490489587,-46.430774268736386,5.4259999999999975,0.0,0.0,-0.0
199.0413864223399,-46.43677760607594,5.425999999999997,0.0,0.0,-0.0
199.05301055894617,-46.442779701619614,5.4259999999999975,0.0,0.0,-0.0
199.06463737592856,-46.448780486988184,5.425999999999997,0.0,0.0,-0.0
199.07626693406513,-46.45477989422997,5.4259999999999975,0.0,0.0,-0.0
199.0878992936997,-46.46077785581935,5.4259999999999975,0.0,0.0,-0.0
199.09953451474365,-46.46677430465536,5.4259999999999975,0.0,0.0,-0.0
199.11117265667738,-46.47276917406016,5.425999999999997,0.0,0.0,-0.0
199.12281377855197,-46.47876239777768,5.4259999999999975,0.0,0.0,-0.0
199.134457938991,-46.48475390997212,5.425999999999998,0.0,0.0,-0.0
199.14610519619194,-46.490743645226516,5.4259999999999975,0.0,0.0,-0.0
199.15775560792798,-46.4967315385413,5.425999999999997,0.0,0.0,-0.0
199.1694092315495,-46.50271752533281,5.425999999999997,0.0,0.0,-0.0
199.18106612398591,-46.50870154143189,5.425999999999998,0.0,0.0,-0.0
199.19272634174712,-46.51468352308241,5.425999999999997,0.0,0.0,-0.0
199.20438994092495,-46.520663406939775,5.425999999999997,0.0,0.0,-0.0
199.21605697719545,-46.526641130069535,5.4259999999999975,0.0,0.0,-0.0
199.22772750581976,-46.5326166299459,5.425999999999997,0.0,0.0,-0.0
199.2394015816462,-46.53858984445026,5.4259999999999975,0.0,0.0,-0.0
199.2510792591117,-46.54456071186979,5.4259999999999975,0.0,0.0,-0.0
199.26276059224344,-46.5505291708959,5.4259999999999975,0.0,0.0,-0.0
199.2744456346606,-46.556495160622845,5.4259999999999975,0.0,0.0,-0.0
199.2861344395758,-46.56245862054622,5.425999999999997,0.0,0.0,-0.0
199.29782705979676,-46.568419490561524,5.4259999999999975,0.0,0.0,-0.0
199.3095235477281,-46.5743777109627,5.425999999999998,0.0,0.0,-0.0
199.32122395537263,-46.580333222440665,5.425999999999998,0.0,0.0,-0.0
199.3329283343332,-46.58628596608177,5.425999999999998,0.0,0.0,-0.0
199.34463673581422,-46.59223588336648,5.4259999999999975,0.0,0.0,-0.0
199.35634921062342,-46.59818291616777,5.4259999999999975,0.0,0.0,-0.0
199.36806580917312,-46.60412700674974,5.425999999999998,0.0,0.0,-0.0
199.37978658148216,-46.61006809776609,5.425999999999998,0.0,0.0,-0.0
199.39151157717743,-46.61600613225869,5.425999999999997,0.0,0.0,-0.0
199.4032408454954,-46.62194105365609,5.425999999999999,0.0,0.0,-0.0
199.41497443528368,-46.62787280577204,5.425999999999997,0.0,0.0,-0.0
199.4267123950028,-46.63380133280404,5.4259999999999975,0.0,0.0,-0.0
199.43845477272774,-46.63972657933184,5.425999999999999,0.0,0.0,-0.0
199.45020161614934,-46.64564849031596,5.425999999999999,0.0,0.0,-0.0
199.4619529725762,-46.65156701109623,5.425999999999998,0.0,0.0,-0.0
199.47370888893613,-46.65748208739034,5.425999999999998,0.0,0.0,-0.0
199.4854694117777,-46.6633936652923,5.4259999999999975,0.0,0.0,-0.0
199.4972345872719,-46.669301691270974,5.4259999999999975,0.0,0.0,-0.0
199.5090044612137,-46.67520611216866,5.425999999999998,0.0,0.0,-0.0
199.52077907902373,-46.681106875199525,5.4259999999999975,0.0,0.0,-0.0
199.53255848574975,-46.687003927948176,5.425999999999998,0.0,0.0,-0.0
199.54434272606835,-46.69289721836816,5.425999999999999,0.0,0.0,-0.0
199.55613184428637,-46.69878669478048,5.4259999999999975,0.0,0.0,-0.0
199.56792588434277,-46.704672305872116,5.425999999999999,0.0,0.0,-0.0
199.5797248898099,-46.710554000694515,5.4259999999999975,0.0,0.0,-0.0
199.5915289038954,-46.71643172866216,5.425999999999998,0.0,0.0,-0.0
199.60333796944346,-46.72230543955098,5.4259999999999975,0.0,0.0,-0.0
199.6151521289367,-46.728175083496986,5.4259999999999975,0.0,0.0,-0.0
199.62697142449755,-46.7340406109947,5.425999999999998,0.0,0.0,-0.0
199.6387958978899,-46.739901972895666,5.425999999999998,0.0,0.0,-0.0
199.6506255905208,-46.745759120407,5.4259999999999975,0.0,0.0,-0.0
199.66246054344185,-46.75161200508987,5.425999999999999,0.0,0.0,-0.0
199.67430079735084,-46.75746057885799,5.4259999999999975,0.0,0.0,-0.0
199.68614639259343,-46.76330479397616,5.4259999999999975,0.0,0.0,-0.0
199.69799736916457,-46.76914460305875,5.425999999999998,0.0,0.0,-0.0
199.70985376671027,-46.774979959068204,5.425999999999998,0.0,0.0,-0.0
199.72171562452897,-46.780810815313544,5.425999999999999,0.0,0.0,-0.0
199.73358298157328,-46.786637125448884,5.425999999999998,0.0,0.0,-0.0
199.74545587645144,-46.792458843471906,5.425999999999998,0.0,0.0,-0.0
199.757334347429,-46.79827592372239,5.425999999999998,0.0,0.0,-0.0
199.7692184324304,-46.804088320880716,5.425999999999999,0.0,0.0,-0.0
199.78110816904027,-46.80989598996628,5.425999999999999,0.0,0.0,-0.0
199.79300359450542,-46.815698886336136,5.425999999999998,0.0,0.0,-0.0
199.8049047457362,-46.82149696568339,5.425999999999998,0.0,0.0,-0.0
199.816811659308,-46.8272901840357,5.425999999999998,0.0,0.0,-0.0
199.82872437146293,-46.833078497753824,5.425999999999998,0.0,0.0,-0.0
199.8406429181114,-46.838861863530056,5.425999999999998,0.0,0.0,-0.0
199.85256733483362,-46.84464023838677,5.4259999999999975,0.0,0.0,-0.0
199.86449765688124,-46.85041357967489,5.425999999999999,0.0,0.0,-0.0
199.87643391917888,-46.85618184507236,5.425999999999998,0.0,0.0,-0.0
199.88837615632565,-46.86194499258269,5.425999999999998,0.0,0.0,-0.0
199.90032440259685,-46.86770298053338,5.425999999999999,0.0,0.0,-0.0
199.91227869194537,-46.87345576757447,5.4259999999999975,0.0,0.0,-0.0
199.9242390580034,-46.879203312677,5.425999999999998,0.0,0.0,-0.0
199.93620553408388,-46.884945575131475,5.425999999999998,0.0,0.0,-0.0
199.94817815318225,-46.89068251454641,5.425999999999998,0.0,0.0,-0.0
199.9601569479777,-46.89641409084677,5.425999999999999,0.0,0.0,-0.0
199.9721419508351,-46.90214026427246,5.4259999999999975,0.0,0.0,-0.0
199.98413319380623,-46.907860995376836,5.425999999999998,0.0,0.0,-0.0
199.99613070863154,-46.91357624502516,5.425999999999998,0.0,0.0,-0.0
200.00813452674177,-46.9192859743931,5.4259999999999975,0.0,0.0,-0.0
200.02014467925926,-46.9249901449652,5.425999999999998,0.0,0.0,-0.0
200.03216119699977,-46.93068871853337,5.425999999999999,0.0,0.0,-0.0
200.04418411047382,-46.93638165719536,5.425999999999998,0.0,0.0,-0.0
200.05621344988845,-46.94206892335327,5.425999999999999,0.0,0.0,-0.0
200.06824924514868,-46.94775047971198,5.425999999999999,0.0,0.0,-0.0
200.08029152585902,-46.95342628927764,5.425999999999998,0.0,0.0,-0.0
200.09234032132514,-46.95909631535617,5.4259999999999975,0.0,0.0,-0.0
200.10439566055533,-46.96476052155175,5.425999999999998,0.0,0.0,-0.0
200.1164575722621,-46.97041887176525,5.425999999999999,0.0,0.0,-0.0
200.12852608486384,-46.9760713301927,5.425999999999998,0.0,0.0,-0.0
200.14060122648607,-46.981717861323844,5.4259999999999975,0.0,0.0,-0.0
200.15268302496335,-46.98735842994051,5.425999999999998,0.0,0.0,-0.0
200.16477150784067,-46.99299300111517,5.425999999999998,0.0,0.0,-0.0
200.17686670237498,-46.998621540209335,5.4259999999999975,0.0,0.0,-0.0
200.18896863553678,-47.00424401287209,5.425999999999997,0.0,0.0,-0.0
200.20107733401167,-47.009860385038536,5.425999999999999,0.0,0.0,-0.0
200.21319282420197,-47.01547062292826,5.4259999999999975,0.0,0.0,-0.0
200.22531513222808,-47.021074693043815,5.425999999999998,0.0,0.0,-0.0
200.2374442839303,-47.02667256216914,5.4259999999999975,0.0,0.0,-0.0
200.2495803048702,-47.032264197368114,5.425999999999998,0.0,0.0,-0.0
200.26172322033213,-47.037849565982945,5.4259999999999975,0.0,0.0,-0.0
200.27387305532503,-47.04342863563265,5.4259999999999975,0.0,0.0,-0.0
200.28602983458362,-47.049001374211585,5.425999999999999,0.0,0.0,-0.0
200.29819358257024,-47.054567749887795,5.425999999999998,0.0,0.0,-0.0
200.31036432347628,-47.060127731101595,5.4259999999999975,0.0,0.0,-0.0
200.3225420812237,-47.06568128656393,5.4259999999999975,0.0,0.0,-0.0
200.33472687946673,-47.071228385254905,5.425999999999999,0.0,0.0,-0.0
200.34691874159319,-47.076768996422224,5.425999999999998,0.0,0.0,-0.0
200.35911769072618,-47.082303089579646,5.425999999999999,0.0,0.0,-0.0
200.3713237497257,-47.08783063450543,5.425999999999998,0.0,0.0,-0.0
200.38353694118993,-47.09335160124084,5.425999999999999,0.0,0.0,-0.0
200.39575728745712,-47.098865960088546,5.4259999999999975,0.0,0.0,-0.0
200.40798481060688,-47.104373681611136,5.425999999999999,0.0,0.0,-0.0
200.4202195324618,-47.109874736629514,5.425999999999999,0.0,0.0,-0.0
200.43246147458902,-47.1153690962214,5.425999999999999,0.0,0.0,-0.0
200.44471065830174,-47.12085673171976,5.425999999999999,0.0,0.0,-0.0
200.4569671046608,-47.12633761471128,5.425999999999998,0.0,0.0,-0.0
200.46923083447618,-47.13181171703481,5.425999999999999,0.0,0.0,-0.0
200.4815018683086,-47.13727901077979,5.426,0.0,0.0,-0.0
200.493780226471,-47.142739468284745,5.425999999999999,0.0,0.0,-0.0
200.50606592903011,-47.14819306213571,5.426,0.0,0.0,-0.0
200.518358995808,-47.15363976516467,5.425999999999999,0.0,0.0,-0.0
200.5306594463836,-47.15907955044804,5.425999999999998,0.0,0.0,-0.0
200.5429673000943,-47.164512391305095,5.425999999999999,0.0,0.0,-0.0
200.5552825760373,-47.16993826129641,5.425999999999999,0.0,0.0,-0.0
200.56760529307152,-47.175357134222324,5.425999999999999,0.0,0.0,-0.0
200.57993546981868,-47.180768984121364,5.425999999999999,0.0,0.0,-0.0
200.59227312466518,-47.18617378526872,5.425999999999999,0.0,0.0,-0.0
200.60461827576358,-47.19157151217465,5.425999999999999,0.0,0.0,-0.0
200.616970941034,-47.196962139582965,5.425999999999999,0.0,0.0,-0.0
200.6293311381657,-47.202345642469425,5.425999999999999,0.0,0.0,-0.0
200.64169888461876,-47.20772199604025,5.425999999999999,0.0,0.0,-0.0
200.65407419762545,-47.21309117573047,5.425999999999999,0.0,0.0,-0.0
200.66645709419188,-47.21845315720245,5.425999999999999,0.0,0.0,-0.0
200.6788475910994,-47.22380791634425,5.425999999999998,0.0,0.0,-0.0
200.6912457049063,-47.22915542926817,5.425999999999999,0.0,0.0,-0.0
200.7036514519492,-47.23449567230906,5.425999999999999,0.0,0.0,-0.0
200.7160648483447,-47.23982862202286,5.425999999999999,0.0,0.0,-0.0
200.7284859099908,-47.24515425518498,5.425999999999999,0.0,0.0,-0.0
200.74091465256853,-47.25047254878875,5.425999999999999,0.0,0.0,-0.0
200.7533510915434,-47.255783480043874,5.425999999999999,0.0,0.0,-0.0
200.76579524216703,-47.261087026374845,5.426000000000001,0.0,0.0,-0.0
200.77824711947855,-47.26638316541934,5.425999999999998,0.0,0.0,-0.0
200.79070673830628,-47.27167187502675,5.425999999999999,0.0,0.0,-0.0
200.80317411326914,-47.27695313325651,5.426,0.0,0.0,-0.0
200.8156492587782,-47.2822269183766,5.425999999999999,0.0,0.0,-0.0
200.82813218903829,-47.28749320886194,5.425999999999999,0.0,0.0,-0.0
200.84062291804938,-47.29275198339281,5.425999999999999,0.0,0.0,-0.0
200.85312145960827,-47.2980032208533,5.425999999999998,0.0,0.0,-0.0
200.86562782731002,-47.30324690032978,5.425999999999999,0.0,0.0,-0.0
200.87814203454948,-47.3084830011092,5.425999999999998,0.0,0.0,-0.0
200.89066409452283,-47.313711502677656,5.425999999999999,0.0,0.0,-0.0
200.90319402022914,-47.318932384718714,5.425999999999999,0.0,0.0,-0.0
200.91573182447183,-47.32414562711192,5.425999999999999,0.0,0.0,-0.0
200.92827751986027,-47.32935120993113,5.425999999999999,0.0,0.0,-0.0
200.94083111881116,-47.33454911344302,5.425999999999999,0.0,0.0,-0.0
200.95339263355024,-47.3397393181054,5.425999999999999,0.0,0.0,-0.0
200.96596207611367,-47.344921804565814,5.425999999999999,0.0,0.0,-0.0
200.97853945834964,-47.350096553659746,5.425999999999999,0.0,0.0,-0.0
200.99112479191984,-47.35526354640919,5.425999999999999,0.0,0.0,-0.0
201.003718088301,-47.36042276402102,5.425999999999998,0.0,0.0,-0.0
201.01631935878638,-47.36557418788539,5.425999999999999,0.0,0.0,-0.0
201.02892861448728,-47.370717799574194,5.425999999999998,0.0,0.0,-0.0
201.04154586633467,-47.37585358083943,5.425999999999998,0.0,0.0,-0.0
201.05417112508056,-47.38098151361168,5.425999999999999,0.0,0.0,-0.0
201.06680440129958,-47.38610157999844,5.425999999999999,0.0,0.0,-0.0
201.07944570539058,-47.391213762282625,5.425999999999999,0.0,0.0,-0.0
201.09209504757794,-47.396318042920896,5.4259999999999975,0.0,0.0,-0.0
201.10475243791328,-47.40141440454217,5.425999999999998,0.0,0.0,-0.0
201.11741788627688,-47.40650282994592,5.425999999999999,0.0,0.0,-0.0
201.1300914023792,-47.41158330210067,5.425999999999999,0.0,0.0,-0.0
201.14277299576247,-47.416655804142366,5.425999999999999,0.0,0.0,-0.0
201.155462675802,-47.42172031937278,5.425999999999999,0.0,0.0,-0.0
201.16816045170796,-47.42677683125797,5.425999999999999,0.0,0.0,-0.0
201.18086633252665,-47.431825323426615,5.425999999999999,0.0,0.0,-0.0
201.19358032714223,-47.436865779668466,5.425999999999999,0.0,0.0,-0.0
201.206302444278,-47.44189818393275,5.425999999999999,0.0,0.0,-0.0
201.2190326924981,-47.446922520326545,5.425999999999999,0.0,0.0,-0.0
201.23177108020883,-47.451938773113206,5.425999999999999,0.0,0.0,-0.0
201.2445176156604,-47.45694692671079,5.426,0.0,0.0,-0.0
201.25727230694818,-47.46194696569041,5.426,0.0,0.0,-0.0
201.27003516201438,-47.46693887477467,5.426,0.0,0.0,-0.0
201.28280618864952,-47.47192263883604,5.426000000000001,0.0,0.0,-0.0
201.2955853944938,-47.4768982428953,5.425999999999999,0.0,0.0,-0.0
201.30837278703885,-47.48186567211987,5.425999999999999,0.0,0.0,-0.0
201.32116837362892,-47.4868249118223,5.426,0.0,0.0,-0.0
201.3339721614627,-47.49177594745857,5.425999999999999,0.0,0.0,-0.0
201.3467841575946,-47.49671876462655,5.426,0.0,0.0,-0.0
201.35960436893632,-47.50165334906437,5.426,0.0,0.0,-0.0
201.3724328022583,-47.50657968664881,5.426,0.0,0.0,-0.0
201.38526946419137,-47.511497763393734,5.426,0.0,0.0,-0.0
201.398114361228,-47.51640756544843,5.426000000000001,0.0,0.0,-0.0
201.41096749972405,-47.52130907909604,5.426,0.0,0.0,-0.0
201.4238288859,-47.52620229075192,5.425999999999999,0.0,0.0,-0.0
201.43669852584276,-47.53108718696205,5.426,0.0,0.0,-0.0
201.44957642550685,-47.53596375440142,5.426,0.0,0.0,-0.0
201.4624625907161,-47.540831979872436,5.426000000000001,0.0,0.0,-0.0
201.47535702716493,-47.54569185030327,5.426,0.0,0.0,-0.0
201.48825974042018,-47.55054335274627,5.426,0.0,0.0,-0.0
201.50117073592224,-47.55538647437635,5.425999999999999,0.0,0.0,-0.0
201.51409001898676,-47.560221202489345,5.426,0.0,0.0,-0.0
201.527017594806,-47.565047524500486,5.426,0.0,0.0,-0.0
201.53995346845048,-47.569865427942624,5.426,0.0,0.0,-0.0
201.55289764487023,-47.57467490046474,5.426,0.0,0.0,-0.0
201.5658501288965,-47.57947592983034,5.425999999999999,0.0,0.0,-0.0
201.5788109252431,-47.5842685039157,5.425999999999999,0.0,0.0,-0.0
201.59178003850792,-47.58905261070841,5.426,0.0,0.0,-0.0
201.6047574731745,-47.59382823830562,5.426,0.0,0.0,-0.0
201.61774323361328,-47.598595374912506,5.426,0.0,0.0,-0.0
201.63073732408333,-47.60335400884059,5.426000000000001,0.0,0.0,-0.0
201.64373974873368,-47.60810412850618,5.425999999999999,0.0,0.0,-0.0
201.65675051160483,-47.612845722428666,5.426,0.0,0.0,-0.0
201.66976961663022,-47.617578779228936,5.425999999999999,0.0,0.0,-0.0
201.6827970676377,-47.6223032876278,5.425999999999999,0.0,0.0,-0.0
201.695832868351,-47.62701923644426,5.426000000000001,0.0,0.0,-0.0
201.70887702239125,-47.63172661459395,5.425999999999999,0.0,0.0,-0.0
201.7219295332783,-47.63642541108749,5.426000000000001,0.0,0.0,-0.0
201.7349904044325,-47.64111561502886,5.425999999999999,0.0,0.0,-0.0
201.7480596391757,-47.64579721561377,5.425999999999999,0.0,0.0,-0.0
201.76113724073318,-47.65047020212802,5.425999999999999,0.0,0.0,-0.0
201.77422321223477,-47.655134563945865,5.426,0.0,0.0,-0.0
201.78731755671654,-47.65979029052841,5.426000000000001,0.0,0.0,-0.0
