galstreams/tracks/track.st.New-12.ibata2024.ecsv
# %ECSV 1.0
# ---
# datatype:
# - {name: ra, unit: deg, datatype: float64}
# - {name: dec, unit: deg, datatype: float64}
# - {name: distance, unit: kpc, datatype: float64}
# - {name: pm_ra_cosdec, unit: mas / yr, datatype: float64}
# - {name: pm_dec, unit: mas / yr, datatype: float64}
# - {name: radial_velocity, unit: km / s, datatype: float64}
# delimiter: ','
# meta: !!omap
# - __serialized_columns__:
#     dec:
#       __class__: astropy.coordinates.angles.Latitude
#       unit: &id001 !astropy.units.Unit {unit: deg}
#       value: !astropy.table.SerializedColumn {name: dec}
#     distance:
#       __class__: astropy.coordinates.distances.Distance
#       unit: !astropy.units.Unit {unit: kpc}
#       value: !astropy.table.SerializedColumn {name: distance}
#     pm_dec:
#       __class__: astropy.units.quantity.Quantity
#       unit: !astropy.units.Unit {unit: mas / yr}
#       value: !astropy.table.SerializedColumn {name: pm_dec}
#     pm_ra_cosdec:
#       __class__: astropy.units.quantity.Quantity
#       unit: !astropy.units.Unit {unit: mas / yr}
#       value: !astropy.table.SerializedColumn {name: pm_ra_cosdec}
#     ra:
#       __class__: astropy.coordinates.angles.Longitude
#       unit: *id001
#       value: !astropy.table.SerializedColumn {name: ra}
#       wrap_angle: !astropy.coordinates.Angle
#         unit: *id001
#         value: 360.0
#     radial_velocity:
#       __class__: astropy.units.quantity.Quantity
#       unit: !astropy.units.Unit {unit: km / s}
#       value: !astropy.table.SerializedColumn {name: radial_velocity}
# schema: astropy-2.0
ra,dec,distance,pm_ra_cosdec,pm_dec,radial_velocity
[from data line 430]
160.55125246771203,-42.347501847169276,1.0000000000000007,1.478511941882319,7.4040013909900395,259.0482657849392
160.55664143612256,-42.33716566849753,1.0000000000000007,1.477710495247413,7.401225978625117,258.7450271701886
160.5620330572834,-42.32683056632375,1.0000000000000007,1.4769099518627335,7.398448664114731,258.44123561905604
160.5674273154379,-42.3164965356656,1.0000000000000007,1.4761103066255643,7.395669452638614,258.1368952173729
160.5728241948389,-42.30616357154335,1.0000000000000009,1.4753115544278508,7.392888349375944,257.83201005097095
160.57822367974867,-42.29583166898024,1.0000000000000007,1.4745136901560958,7.390105359505206,257.52658420568196
160.5836257544392,-42.28550082300212,1.0000000000000007,1.4737167086914233,7.38732048820431,257.2206217673376
160.58903040319157,-42.275171028637835,1.0000000000000009,1.4729206049095893,7.384533740650511,256.9141268217698
160.59443761029664,-42.264842280918906,1.0000000000000007,1.472125373680921,7.381745122020472,256.60710345480993
160.59984736005453,-42.25451457487962,1.0000000000000007,1.4713310098703545,7.378954637490157,256.29955575229013
160.60525963677475,-42.24418790555725,1.0000000000000007,1.470537508337495,7.3761622922349375,255.99148780004177
160.61067442477625,-42.233862267991654,1.0000000000000007,1.4697448639365334,7.373368091429512,255.68290368389677
160.61609170838742,-42.223537657225734,1.0000000000000009,1.4689530715162142,7.370572040247929,255.37380748968687
160.62151147194587,-42.21321406830497,1.0000000000000009,1.4681621259200064,7.367774143863574,255.0642033032437
160.62693369979866,-42.2028914962779,1.0000000000000007,1.4673720219858968,7.364974407449193,254.75409521039904
160.6323583763022,-42.19256993619564,1.0000000000000007,1.4665827545465273,7.362172836176871,254.44348729698467
160.63778548582206,-42.18224938311234,1.0000000000000009,1.465794318429202,7.359369435217964,254.13238364883222
160.64321501273332,-42.17192983208482,1.0000000000000007,1.4650067084557818,7.356564209743233,253.8207883517735
160.64864694142014,-42.161611278172856,1.0000000000000009,1.4642199194427548,7.353757164922694,253.50870549164023
160.6540812562761,-42.151293716438886,1.0000000000000007,1.4634339462012615,7.350948305925709,253.196139154264
160.65951794170394,-42.14097714194838,1.0000000000000007,1.4626487835370483,7.348137637920949,252.88309342547677
160.66495698211565,-42.13066154976946,1.0000000000000007,1.4618644262504965,7.34532516607641,252.56957239111009
160.67039836193248,-42.12034693497323,1.0000000000000007,1.4610808691365733,7.342510895559364,252.25558013699586
160.67584206558485,-42.110033292633524,1.0000000000000007,1.4602981069849363,7.339694831536345,251.9411207489656
160.6812880775124,-42.09972061782702,1.0000000000000009,1.4595161345798093,7.336876979173319,251.62619831285113
160.68673638216382,-42.08940890563337,1.0000000000000007,1.458734946700103,7.334057343635376,251.3108169144843
160.69218696399713,-42.07909815113487,1.0000000000000009,1.4579545381193135,7.331235930087011,250.99498063969665
160.69763980747942,-42.06878834941685,1.0000000000000009,1.4571749036055675,7.328412743691906,250.67869357432002
160.70309489708686,-42.05847949556734,1.0000000000000009,1.4563960379216656,7.325587789613138,250.36195980418609
160.70855221730474,-42.04817158467736,1.0000000000000007,1.4556179358250034,7.322761073012945,250.04478341512652
160.71401175262756,-42.03786461184063,1.0000000000000007,1.454840592067617,7.319932599052908,249.72716849297333
160.71947348755876,-42.02755857215388,1.0000000000000009,1.4540640013961994,7.317102372893832,249.40911912355793
160.72493740661093,-42.01725346071654,1.0000000000000009,1.4532881585520698,7.314270399695818,249.09063939271215
160.7304034943056,-42.006949272631076,1.0000000000000007,1.452513058271208,7.311436684618187,248.77173338626773
160.73587173517353,-41.996646003002596,1.0000000000000009,1.4517386952841829,7.308601232819555,248.45240519005654
160.7413421137543,-41.98634364693932,1.0000000000000007,1.4509650643162288,7.305764049457753,248.1326588899101
160.74681461459664,-41.976042199552055,1.0000000000000007,1.4501921600872691,7.302925139689862,247.81249857166014
160.75228922225818,-41.96574165595478,1.0000000000000007,1.449419977311809,7.300084508672249,247.4919283211385
160.75776592130552,-41.95544201126411,1.0000000000000007,1.4486485106990603,7.297242161560462,247.17095222417694
160.76324469631436,-41.94514326059955,1.0000000000000007,1.4478777549528044,7.294398103509305,246.8495743666071
160.76872553186917,-41.93484539908363,1.0000000000000007,1.4471077047715308,7.29155233967283,246.52779883426066
160.77420841256344,-41.92454842184156,1.0000000000000007,1.4463383548484074,7.288704875204289,246.20562971296948
160.77969332299955,-41.9142523240016,1.0000000000000009,1.4455696998711591,7.285855715256172,245.88307108856523
160.78518024778884,-41.90395710069471,1.0000000000000007,1.4448017345222635,7.283004864980192,245.56012704687961
160.79066917155143,-41.89366274705495,1.0000000000000007,1.4440344534788032,7.2801523295272865,245.23680167374437
160.79616007891644,-41.883369258219005,1.0000000000000007,1.4432678514125232,7.277298114047575,244.91309905499125
160.80165295452173,-41.87307662932666,1.0000000000000007,1.442501922989825,7.274442223690379,244.58902327645205
160.8071477830141,-41.86278485552043,1.0000000000000007,1.4417366628717971,7.271584663604294,244.26457842395834
160.8126445490491,-41.85249393194585,1.0000000000000007,1.440972065714142,7.268725438937054,243.939768583342
160.81814323729122,-41.84220385375116,1.0000000000000007,1.44020812616729,7.265864554835591,243.61459784043464
160.82364383241355,-41.831914616087715,1.0000000000000009,1.4394448388762893,7.263002016446084,243.2890702810681
160.82914631909816,-41.82162621410952,1.0000000000000007,1.438682198480878,7.260137828913837,242.96318999107396
160.8346506820358,-41.81133864297372,1.0000000000000009,1.4379201996154354,7.257271997383398,242.6369610562842
160.840156905926,-41.801051897840104,1.0000000000000007,1.4371588369090578,7.254404526998474,242.3103875625302
160.84566497547698,-41.790765973871565,1.0000000000000009,1.4363981049854857,7.251535422901938,241.98347359564397
160.85117487540583,-41.780480866233766,1.0000000000000009,1.4356379984631182,7.248664690235863,241.65622324145716
160.85668659043824,-41.77019657009524,1.0000000000000009,1.4348785119550644,7.245792334141502,241.32864058580154
160.8622001053086,-41.75991308062758,1.0000000000000009,1.43411964006909,7.242918359759276,241.00072971450874
160.8677154047601,-41.74963039300506,1.0000000000000009,1.433361377407648,7.240042772228723,240.67249471341054
160.87323247354442,-41.7393485024051,1.0000000000000009,1.4326037185679041,7.237165576688636,240.3439396683387
160.8787512964221,-41.72906740400777,1.0000000000000007,1.431846658141625,7.2342867782769,240.01506866512483
160.88427185816218,-41.71878709299627,1.0000000000000007,1.4310901907153646,7.23140638213059,239.6858857896008
160.88979414354245,-41.7085075645565,1.0000000000000009,1.430334310870288,7.228524393385918,239.3563951275983
160.89531813734916,-41.69822881387745,1.0000000000000007,1.4295790131822876,7.2256408171782525,239.02660076494897
160.90084382437746,-41.68795083615083,1.0000000000000007,1.4288242922219077,7.222755658642136,238.69650678748468
160.90637118943067,-41.677673626571476,1.0000000000000009,1.4280701425544695,7.2198689229112105,238.36611728103705
160.91190021732112,-41.66739718033691,1.0000000000000007,1.4273165587398697,7.216980615118306,238.0354363314379
160.91743089286936,-41.65712149264777,1.0000000000000009,1.4265635353328285,7.214090740395385,237.7044680245189
160.92296320090475,-41.64684655870738,1.0000000000000004,1.4258110668826713,7.211199303873503,237.3732164461117
160.92849712626503,-41.63657237372222,1.0000000000000007,1.4250591479334638,7.2083063106828895,237.04168568204827
160.93403265379652,-41.62629893290144,1.0000000000000007,1.4243077730239744,7.205411765952917,236.70987981816015
160.9395697683541,-41.61602623145737,1.0000000000000004,1.423556936687648,7.202515674812055,236.37780294027903
160.94510845480102,-41.605754264605004,1.0000000000000004,1.4228066334526943,7.1996180423879,236.04545913423675
160.9506486980092,-41.595483027562345,1.0000000000000004,1.4220568578419588,7.196718873807178,235.71285248586503
160.95619048285883,-41.58521251555042,1.0000000000000004,1.4213076043730855,7.193818174195762,235.3799870809956
160.96173379423874,-41.574942723792965,1.0000000000000007,1.4205588675583414,7.190915948678608,235.04686700546017
160.9672786170461,-41.564673647516884,1.0000000000000004,1.4198106419047747,7.188012202379795,234.7134963450904
160.97282493618656,-41.55440528195173,1.0000000000000007,1.4190629219141222,7.185106940422504,234.3798791857181
160.97837273657413,-41.54413762233024,1.0000000000000004,1.4183157020828538,7.1822001679290395,234.04601961317502
160.98392200313134,-41.53387066388782,1.0000000000000007,1.417568976902153,7.1792918900208065,233.71192171329284
160.98947272078902,-41.52360440186303,1.0000000000000004,1.4168227408579117,7.176382111818313,233.37758957190326
160.9950248744864,-41.51333883149717,1.0000000000000007,1.4160769884307989,7.173470838441187,233.04302727483815
161.0005784491711,-41.50307394803463,1.0000000000000004,1.4153317140961708,7.170558075008124,232.70823890792897
161.0061334297991,-41.49280974672252,1.0000000000000007,1.4145869123241113,7.167643826636915,232.37322855700774
161.01168980133468,-41.48254622281109,1.0000000000000004,1.4138425775794659,7.164728098444467,232.0380003079061
161.01724754875056,-41.472283371553324,1.0000000000000007,1.41309870432179,7.161810895546779,231.70255824645568
161.02280665702762,-41.46202118820533,1.0000000000000007,1.4123552870053864,7.158892223058917,231.3669064584883
161.02836711115515,-41.45175966802597,1.0000000000000007,1.4116123200793176,7.155972086095051,231.03104902983569
161.0339288961308,-41.44149880627705,1.0000000000000004,1.4108697979873401,7.153050489768404,230.69499004632945
161.0394919969603,-41.431238598223466,1.0000000000000004,1.410127715168013,7.15012743919133,230.3587335938016
161.04505639865783,-41.42097903913283,1.0000000000000004,1.4093860660546067,7.147202939475207,230.02228375808355
161.05062208624574,-41.41072012427587,1.0000000000000004,1.4086448450751377,7.144276995730536,229.68564462500706
161.05618904475466,-41.40046184892607,1.0000000000000004,1.4079040466523995,7.141349613066872,229.34882028040414
161.06175725922338,-41.39020420836003,1.0000000000000007,1.4071636652039423,7.138420796592829,229.01181481010627
161.06732671469908,-41.379947197857085,1.0000000000000004,1.4064236951420188,7.135490551416108,228.67463229994536
161.07289739623693,-41.369690812699695,1.0000000000000007,1.4056841308737074,7.132558882643476,228.33727683575296
161.07846928890046,-41.359435048173054,1.0000000000000004,1.4049449668008123,7.129625795380765,227.99975250336078
161.08404237776125,-41.34917989956549,1.0000000000000004,1.404206197319919,7.12669129473284,227.6620633886007
161.08961664789922,-41.33892536216808,1.0000000000000004,1.403467816822351,7.12375538580369,227.32421357730445
161.09519208440227,-41.328671431274984,1.0000000000000004,1.4027298196942404,7.120818073696295,226.9862071553036
161.10076867236657,-41.318418102183166,1.0000000000000004,1.4019922003164726,7.117879363512742,226.64804820843
161.10634639689636,-41.30816537019265,1.0000000000000007,1.4012549530646865,7.11493926035412,226.30974082251544
161.11192524310405,-41.297913230606255,1.0000000000000004,1.4005180723093265,7.111997769320634,225.9712890833914
161.11750519611007,-41.2876616787299,1.0000000000000004,1.3997815524156092,7.109054895511502,225.6326970768899
161.12308624104307,-41.2774107098723,1.0000000000000004,1.3990453877435485,7.106110644024984,225.29396888884256
161.12866836303974,-41.2671603193451,1.0000000000000004,1.3983095726478858,7.103165019958407,224.95510860508108
161.1342515472448,-41.25691050246303,1.0000000000000004,1.3975741014782095,7.100218028408129,224.61612031143713
161.13983577881106,-41.24666125454355,1.0000000000000004,1.3968389685788765,7.097269674469551,224.27700809374258
161.1454210428994,-41.23641257090726,1.0000000000000007,1.396104168289046,7.0943199632371226,223.93777603782908
161.15100732467874,-41.22616444687751,1.0000000000000004,1.3953696949426302,7.09136889980433,223.59842822952834
161.156594609326,-41.215916877780764,1.0000000000000004,1.3946355428683983,7.088416489263675,223.25896875467208
161.16218288202614,-41.20566985894622,1.0000000000000004,1.3939017063899009,7.085462736706752,222.9194016990922
161.1677721279721,-41.19542338570624,1.0000000000000007,1.393168179825448,7.082507647224105,222.57973114862023
161.17336233236486,-41.185177453395895,1.0000000000000004,1.3924349574882307,7.079551225905394,222.2399611890879
161.1789534804133,-41.17493205735339,1.0000000000000004,1.3917020336861725,7.076593477839246,221.90009590632707
161.1845455573344,-41.164687192919665,1.0000000000000004,1.3909694027220674,7.073634408113339,221.56013938616948
161.1901385483529,-41.15444285543884,1.0000000000000004,1.39023705889349,7.070674021814401,221.2200957144467
161.19573243870173,-41.144199040257696,1.0000000000000004,1.3895049964928354,7.06771232402814,220.87996897699045
161.20132721362154,-41.133955742726215,1.0000000000000004,1.3887732098073435,7.064749319839311,220.53976325963274
161.20692285836108,-41.12371295819707,1.0000000000000004,1.3880416931190371,7.061785014331697,220.19948264820496
161.21251935817688,-41.1134706820261,1.0000000000000004,1.387310440704784,7.0588194125880825,219.85913122853907
161.2181166983334,-41.10322890957191,1.0000000000000004,1.3865794468362953,7.055852519690301,219.51871308646676
161.22371486410307,-41.092987636196035,1.0000000000000007,1.3858487057800932,7.052884340719153,219.17823230781963
161.22931384076608,-41.082746857263125,1.0000000000000007,1.385118211797547,7.049914880754507,218.83769297842952
161.23491361361062,-41.07250656814054,1.0000000000000004,1.3843879591448278,7.046944144875219,218.49709918412813
161.2405141679326,-41.06226676419877,1.0000000000000004,1.3836579420729826,7.043972138159155,218.1564550107473
161.2461154890359,-41.05202744081105,1.0000000000000004,1.3829281548278924,7.0409988656832,217.8157645441186
161.25171756223216,-41.041788593353765,1.0000000000000007,1.3821985916502726,7.038024332523253,217.47503187007376
161.25732037284087,-41.031550217206004,1.0000000000000007,1.3814692467757208,7.035048543754215,217.1342610744446
161.26292390618926,-41.021312307749994,1.0000000000000007,1.3807401144346496,7.0320715044499735,216.79345624306288
161.26852814761256,-41.01107486037072,1.0000000000000004,1.3800111888523166,7.029093219683485,216.45262146176015
161.27413308245355,-41.000837870456266,1.0000000000000004,1.3792824642488668,7.026113694526636,216.11176081636833
161.27973869606294,-40.990601333397464,1.0000000000000004,1.3785539348393083,7.0231329340503414,215.77087839271897
161.28534497379917,-40.98036524458829,1.0000000000000004,1.377825594833494,7.020150943324563,215.429978276644
161.29095190102845,-40.97012959942544,1.0000000000000004,1.3770974384361327,7.017167727418197,215.089064553975
161.2965594631247,-40.959894393308744,1.0000000000000004,1.3763694598468312,7.014183291399181,214.7481413105438
161.30216764546964,-40.94965962164079,1.0000000000000007,1.375641653260061,7.011197640334419,214.4072126321821
161.30777643345272,-40.93942527982713,1.0000000000000004,1.3749140128651351,7.008210779289861,214.06628260472155
161.31338581247093,-40.92919136327638,1.0000000000000004,1.3741865328463234,7.005222713330401,213.7253553139939
161.31899576792927,-40.918957867399875,1.0000000000000004,1.3734592073826732,7.002233447519945,213.38443484583107
161.32460628524015,-40.90872478761211,1.0000000000000007,1.3727320306482014,6.999242986921416,213.04352528606455
