galstreams/tracks/track.st.Gaia-8.ibata2021.ecsv
# %ECSV 1.0
# ---
# datatype:
# - {name: ra, unit: deg, datatype: float64}
# - {name: dec, unit: deg, datatype: float64}
# - {name: distance, unit: kpc, datatype: float64}
# - {name: pm_ra_cosdec, unit: mas / yr, datatype: float64}
# - {name: pm_dec, unit: mas / yr, datatype: float64}
# - {name: radial_velocity, unit: km / s, datatype: float64}
# delimiter: ','
# meta: !!omap
# - __serialized_columns__:
#     dec:
#       __class__: astropy.coordinates.angles.Latitude
#       unit: &id001 !astropy.units.Unit {unit: deg}
#       value: !astropy.table.SerializedColumn {name: dec}
#     distance:
#       __class__: astropy.coordinates.distances.Distance
#       unit: !astropy.units.Unit {unit: kpc}
#       value: !astropy.table.SerializedColumn {name: distance}
#     pm_dec:
#       __class__: astropy.units.quantity.Quantity
#       unit: !astropy.units.Unit {unit: mas / yr}
#       value: !astropy.table.SerializedColumn {name: pm_dec}
#     pm_ra_cosdec:
#       __class__: astropy.units.quantity.Quantity
#       unit: !astropy.units.Unit {unit: mas / yr}
#       value: !astropy.table.SerializedColumn {name: pm_ra_cosdec}
#     ra:
#       __class__: astropy.coordinates.angles.Longitude
#       unit: *id001
#       value: !astropy.table.SerializedColumn {name: ra}
#       wrap_angle: !astropy.coordinates.Angle
#         unit: *id001
#         value: 360.0
#     radial_velocity:
#       __class__: astropy.units.quantity.Quantity
#       unit: !astropy.units.Unit {unit: km / s}
#       value: !astropy.table.SerializedColumn {name: radial_velocity}
# schema: astropy-2.0
ra,dec,distance,pm_ra_cosdec,pm_dec,radial_velocity
[from data line 568]
187.09575511175257,-22.053647729161376,6.965757485900387,-9.450678697363818,-8.53044974077849,190.50936863807414
187.1046010572443,-22.0479097045162,6.965620240554946,-9.450784052023971,-8.530739130258008,190.78889326941572
187.11344516536883,-22.042169843575344,6.9654849271810235,-9.450892361616349,-8.531029120548896,191.06830655232991
187.12228743843707,-22.036428149400955,6.965351542130747,-9.451003617998246,-8.531319709104476,191.34760498964826
187.13112787876054,-22.030684625054526,6.965220081756245,-9.451117813027807,-8.531610893375703,191.6267850842016
187.13996648865134,-22.02493927359691,6.965090542409655,-9.451234938564006,-8.531902670811162,191.9058433388209
187.1488032704221,-22.019192098088343,6.964962920443104,-9.451354986466692,-8.532195038857084,192.18477625633744
187.15763822638613,-22.013443101588393,6.964837212208724,-9.45147794859655,-8.532487994957346,192.46358033958245
187.1664713588571,-22.0076922871561,6.964713414058647,-9.451603816815116,-8.532781536553447,192.7422520913868
187.17530267014945,-22.001939657849753,6.964591522345006,-9.45173258298478,-8.53307566108455,193.02078801458183
187.18413216257807,-21.99618521672707,6.96447153341993,-9.45186423896877,-8.533370365987452,193.29918461199858
187.19295983845848,-21.99042896684512,6.964353443635553,-9.45199877663117,-8.533665648696616,193.57743838646815
187.20178570010668,-21.984670911260352,6.964237249344006,-9.452136187836908,-8.533961506644143,193.8555458408219
187.2106097498394,-21.97891105302857,6.964122946897417,-9.452276464451769,-8.534257937259813,194.1335034778905
187.21943198997369,-21.973149395204974,6.964010532647922,-9.452419598342358,-8.534554937971034,194.4113078005054
187.22825242282744,-21.96738594084408,6.963900002947652,-9.452565581376154,-8.5348525062029,194.68895531149755
187.23707105071878,-21.961620692999883,6.963791354148737,-9.452714405421474,-8.53515063937816,194.96644251369813
187.24588787596662,-21.955853654725665,6.963684582603308,-9.452866062347477,-8.535449334917221,195.2437659099383
187.25470290089038,-21.950084829074097,6.963579684663498,-9.453020544024168,-8.535748590238175,195.52092200304926
187.26351612781,-21.94431421909722,6.963476656681437,-9.453177842322397,-8.536048402756782,195.797907295862
187.272327559046,-21.93854182784646,6.963375495009257,-9.453337949113862,-8.536348769886473,196.0747182912076
187.28113719691947,-21.932767658372626,6.963276195999094,-9.4535008562711,-8.536649689038349,196.3513514919172
187.28994504375206,-21.92699171372584,6.963178756003071,-9.453666555667494,-8.536951157621207,196.62780340082207
187.2987511018658,-21.921213996955725,6.963083171373326,-9.453835039177271,-8.537253173041517,196.90407052075315
187.3075553735835,-21.915434511111172,6.962989438461989,-9.4540062986755,-8.537555732703423,197.18014935454167
187.31635786122837,-21.909653259240475,6.96289755362119,-9.45418032603809,-8.537858834008786,197.45603640501878
187.32515856712425,-21.903870244391314,6.962807513203063,-9.454357113141794,-8.538162474357126,197.73172817501566
187.33395749359548,-21.89808546961074,6.962719313559736,-9.454536651864217,-8.538466651145674,198.00722116736304
187.34275464296692,-21.89229893794519,6.962632951043344,-9.454718934083786,-8.538771361769355,198.28251188489247
187.35155001756405,-21.886510652440464,6.962548422006016,-9.454903951679784,-8.539076603620781,198.55759683043496
187.36034361971284,-21.880720616141712,6.962465722799886,-9.455091696532326,-8.539382374090286,198.8324725068214
187.36913545173974,-21.87492883209358,6.9623848497770835,-9.455282160522371,-8.539688670565871,199.10713541688327
187.37792551597184,-21.86913530333997,6.962305799289742,-9.455475335531718,-8.539995490433279,199.38158206345142
187.3867138147367,-21.86334003292422,6.962228567689991,-9.45567121344301,-8.540302831075948,199.6558089493571
187.39550035036248,-21.857543023889026,6.962153151329959,-9.45586978613973,-8.54061068987502,199.92981257743145
187.40428512517784,-21.851744279276474,6.962079546561785,-9.456071045506171,-8.540919064209353,200.20358945050532
187.41306814151193,-21.845943802128033,6.962007749737595,-9.456274983427512,-8.54122795145553,200.47713607141026
187.42184940169452,-21.840141595484532,6.961937757209525,-9.456481591789728,-8.541537348987848,200.75044894297713
187.43062890805578,-21.83433766238625,6.961869565329701,-9.456690862479663,-8.541847254178316,201.0235245680372
187.43940666292653,-21.828532005872788,6.961803170450258,-9.45690278738497,-8.542157664396674,201.29635944942135
187.44818266863808,-21.822724628983117,6.961738568923329,-9.457117358394168,-8.542468577010391,201.56895008996088
187.4569569275223,-21.816915534755648,6.961675757101041,-9.45733456739659,-8.542779989384663,201.84129299248684
187.46572944191152,-21.811104726228127,6.961614731335528,-9.457554406282412,-8.543091898882407,202.11338465983042
187.47450021413857,-21.805292206437713,6.961555487978922,-9.457776866942648,-8.543404302864289,202.38522159482267
187.48326924653702,-21.799477978420907,6.961498023383351,-9.458001941269146,-8.543717198688713,202.6568003002947
187.4920365414406,-21.793662045213694,6.961442333900956,-9.458229621154581,-8.54403058371179,202.9281172790779
187.5008021011839,-21.787844409851346,6.961388415883856,-9.458459898492485,-8.544344455287408,203.1991690340029
187.5095659281018,-21.782025075368555,6.9613362656841895,-9.458692765177204,-8.544658810767194,203.46995206790123
187.51832802452986,-21.77620404479941,6.9612858796540875,-9.45892821310392,-8.544973647500498,203.74046288360393
187.52708839280407,-21.770381321177368,6.96123725414568,-9.459166234168654,-8.545288962834446,204.0106979839419
187.53584703526093,-21.764556907535287,6.9611903855111015,-9.459406820268258,-8.545604754113896,204.28065387174652
187.5446039542375,-21.7587308069054,6.96114527010248,-9.45964996330041,-8.545921018681467,204.55032704984873
187.55335915207138,-21.75290302231932,6.961101904271948,-9.459895655163637,-8.546237753877541,204.81971402107965
187.56211263110055,-21.74707355680813,6.961060284371639,-9.460143887757285,-8.54655495704025,205.08881128827062
187.57086439366358,-21.741242413402198,6.961020406753682,-9.460394652981533,-8.546872625505483,205.35761535425257
187.5796144420996,-21.735409595131337,6.960982267770212,-9.460647942737388,-8.547190756606906,205.6261227218569
187.58836277874823,-21.72957510502473,6.960945863773356,-9.4609037489267,-8.547509347675941,205.89432989391415
187.5971094059495,-21.723738946110952,6.960911191115247,-9.461162063452143,-8.547828396041789,206.1622333732559
187.6058543260441,-21.717901121417988,6.960878246148018,-9.461422878217208,-8.548147899031404,206.42982966271313
187.61459754137317,-21.712061633973175,6.960847025223798,-9.46168618512624,-8.548467853969541,206.6971152651171
187.62333905427818,-21.706220486803314,6.960817524694722,-9.461951976084393,-8.5487882581787,206.9640866832988
187.63207886710137,-21.70037768293454,6.960789740912917,-9.462220242997663,-8.549109108979186,207.2307404200894
187.64081698218533,-21.69453322539239,6.960763670230521,-9.462490977772863,-8.549430403689065,207.4970729783198
187.6495534018732,-21.688687117201802,6.960739308999659,-9.462764172317648,-8.549752139624204,207.7630808608216
187.6582881285086,-21.682839361387096,6.960716653572465,-9.463039818540487,-8.550074314098245,208.02876057042533
187.66702116443562,-21.676989960972012,6.9606957003010725,-9.463317908350685,-8.55039692442262,208.29410860996268
187.67575251199895,-21.671138918979672,6.96067644553761,-9.463598433658374,-8.550719967906552,208.5591214822645
187.68448217354373,-21.66528623843254,6.960658885634212,-9.463881386374505,-8.551043441857066,208.82379569016175
187.69321015141546,-21.659431922352606,6.960643016943006,-9.46416675841086,-8.551367343578967,209.0881277364857
187.70193644796032,-21.65357597376116,6.960628835816125,-9.464454541680059,-8.551691670374874,209.35211412406758
187.71066106552487,-21.64771839567888,6.960616338605704,-9.464744728095525,-8.55201641954519,209.6157513557385
187.71938400645627,-21.641859191125878,6.960605521663871,-9.465037309571517,-8.552341588388137,209.87903593432935
187.72810527310202,-21.635998363121665,6.960596381342757,-9.465332278023126,-8.552667174199737,210.14196436267144
187.73682486781024,-21.63013591468513,6.960588913994497,-9.46562962536625,-8.552993174273817,210.40453314359593
187.74554279292954,-21.624271848834535,6.960583115971217,-9.465929343517631,-8.553319585902022,210.66673877993378
187.75425905080888,-21.61840616858765,6.960578983625054,-9.466231424394827,-8.553646406373801,210.92857777451619
187.7629736437978,-21.612538876961526,6.960576513308138,-9.46653585991621,-8.553973632976415,211.1900466301743
187.77168657424636,-21.60666997697267,6.9605757013725995,-9.466842642000977,-8.55430126299495,211.45114184973932
187.78039784450505,-21.60079947163698,6.960576544170569,-9.467151762569165,-8.554629293712322,211.71185993604206
187.78910745692482,-21.594927363969738,6.96057903805418,-9.467463213541617,-8.554957722409252,211.972197391914
187.7978154138572,-21.58905365698565,6.960583179375565,-9.467776986839999,-8.555286546364295,212.23215072018598
187.80652171765408,-21.58317835369883,6.960588964486852,-9.468093074386797,-8.55561576285383,212.49171642368944
187.81522637066797,-21.577301457122726,6.960596389740174,-9.468411468105334,-8.555945369152072,212.75089100525517
187.82392937525168,-21.57142297027033,6.960605451487664,-9.46873215991973,-8.55627536253105,213.00967096771444
187.8326307337586,-21.565542896153893,6.960616146081454,-9.469055141754945,-8.556605740260649,213.26805281389832
187.84133044854264,-21.559661237785146,6.960628469873676,-9.469380405536745,-8.556936499608573,213.52603304663796
187.85002852195808,-21.553777998175207,6.9606424192164535,-9.469707943191727,-8.557267637840395,213.78360816876463
187.85872495635977,-21.54789318033459,6.960657990461926,-9.470037746647302,-8.557599152219494,214.0407746831092
187.86741975410297,-21.542006787273216,6.960675179962224,-9.470369807831691,-8.557931040007103,214.29752909250294
187.87611291754348,-21.53611882200039,6.960693984069478,-9.47070411867395,-8.55826329846232,214.55386789977686
187.8848044490374,-21.530229287524914,6.960714399135819,-9.471040671103939,-8.558595924842066,214.8097876077622
187.8934943509415,-21.524338186854898,6.9607364215133805,-9.471379457052345,-8.55892891640113,215.06528471929005
187.90218262561294,-21.518445522997897,6.960760047554292,-9.471720468450668,-8.55926227039215,215.32035573719145
187.91086927540934,-21.51255129896087,6.960785273610684,-9.47206369723123,-8.559595984065623,215.5749971642976
187.91955430268877,-21.506655517750172,6.960812096034692,-9.472409135327156,-8.559930054669886,215.82920550343968
187.9282377098098,-21.500758182371577,6.960840511178443,-9.472756774672407,-8.560264479451165,216.08297725744862
187.93691949913148,-21.494859295830235,6.960870515394073,-9.473106607201736,-8.560599255653528,216.33630892915582
187.94559967301325,-21.48895886113081,6.9609021050337105,-9.473458624850736,-8.560934380518919,216.58919702139198
187.95427823381502,-21.48305688127727,6.9609352764494865,-9.4738128195558,-8.561269851287143,216.84163803698877
187.96295518389726,-21.477153359273014,6.960970025993533,-9.474169183254139,-8.561605665195875,217.09362847877688
187.97163052562087,-21.47124829812088,6.961006350017985,-9.474527707883782,-8.561941819480666,217.34516484958746
187.98030426134707,-21.465341700823082,6.9610442448749685,-9.474888385383565,-8.562278311374941,217.59624365225184
187.98897639343767,-21.45943357038127,6.96108370691662,-9.47525120769314,-8.562615138109996,217.84686138960103
187.99764692425495,-21.453523909796505,6.961124732495067,-9.475616166752976,-8.562952296915014,218.09701456446615
188.00631585616165,-21.447612722069202,6.9611673179624445,-9.475983254504346,-8.563289785017062,218.34669967967827
188.01498319152077,-21.441700010199327,6.961211459670881,-9.476352462889356,-8.563627599641073,218.5959132380687
188.02364893269598,-21.435785777186137,6.961257153972511,-9.476723783850893,-8.563965738009884,218.8446517424684
188.03231308205133,-21.429870026028325,6.961304397219464,-9.477097209332685,-8.564304197344217,219.09291169570855
188.04097564195135,-21.423952759724013,6.961353185763871,-9.477472731279253,-8.564642974862682,219.34068960062007
188.04963661476094,-21.418033981270742,6.961403515957865,-9.477850341635937,-8.564982067781777,219.5879819600344
188.05829600284554,-21.412113693665464,6.961455384153575,-9.478230032348886,-8.565321473315905,219.83478527678247
188.06695380857104,-21.406191899904506,6.961508786703136,-9.478611795365051,-8.565661188677357,220.08109605369552
188.07561003430362,-21.400268602983704,6.9615637199586775,-9.478995622632214,-8.566001211076337,220.32691079360447
188.08426468241012,-21.394343805898238,6.961620180272331,-9.479381506098942,-8.566341537720934,220.5722259993406
188.09291775525764,-21.388417511642714,6.961678163996231,-9.479769437714625,-8.566682165817157,220.81703817373503
188.1015692552139,-21.382489723211155,6.961737667482503,-9.480159409429463,-8.567023092568911,221.0613438196188
188.1102191846469,-21.376560443597015,6.961798687083285,-9.480551413194453,-8.567364315178015,221.30513943982308
188.11886754592518,-21.370629675793158,6.961861219150704,-9.480945440961415,-8.567705830844204,221.54842153717902
188.12751434141774,-21.364697422791874,6.961925260036893,-9.481341484682966,-8.568047636765115,221.7911866145177
188.13615957349393,-21.35876368758482,6.961990806093984,-9.48173953631253,-8.56838973013631,222.03343117467026
188.14480324452356,-21.35282847316319,6.962057853674107,-9.482139587804346,-8.568732108151266,222.27515172046785
188.15344535687692,-21.346891782517492,6.962126399129396,-9.48254163111345,-8.569074768001377,222.51634475474134
188.16208591292468,-21.340953618637688,6.96219643881198,-9.482945658195689,-8.569417706875962,222.75700678032234
188.17072491503805,-21.33501398451316,6.962267969073993,-9.483351661007726,-8.569760921962272,222.99713430004147
188.17936236558856,-21.329072883132714,6.962340986267566,-9.483759631507008,-8.570104410445472,223.2367238167302
188.18799826694823,-21.323130317484573,6.962415486744828,-9.484169561651802,-8.570448169508671,223.4757718332196
188.19663262148956,-21.317186290556336,6.9624914668579105,-9.484581443401172,-8.5707921963329,223.7142748523404
188.2052654315853,-21.311240805335167,6.9625689229589485,-9.484995268715,-8.571136488097114,223.95222937692427
188.2138966996088,-21.305293864807492,6.962647851400071,-9.485411029553953,-8.571481041978233,224.18963190980216
188.2225264279338,-21.29934547195926,6.962728248533409,-9.485828717879516,-8.571825855151085,224.42647895380497
188.23115461893448,-21.293395629775777,6.962810110711097,-9.486248325653968,-8.572170924788457,224.66276701176392
188.23978127498535,-21.287444341241827,6.962893434285264,-9.486669844840403,-8.572516248061076,224.89849258651046
188.24840639846153,-21.28149160934159,6.962978215608044,-9.487093267402702,-8.572861822137602,225.13365218087526
188.25702999173842,-21.275537437058638,6.963064451031564,-9.487518585305548,-8.57320764418466,225.36824229768956
188.26565205719186,-21.269581827376093,6.9631521369079605,-9.487945790514454,-8.57355371136681,225.60225943978455
188.2742725971981,-21.263624783276367,6.963241269589362,-9.4883748749957,-8.573900020846574,225.83570010999148
188.2828916141339,-21.257666307741363,6.963331845427902,-9.488805830716387,-8.57424656978442,226.06856081114123
188.29150911037635,-21.25170640375238,6.96342386077571,-9.489238649644403,-8.574593355338774,226.300838046065
188.30012508830305,-21.245745074290188,6.963517311984917,-9.489673323748454,-8.574940374666028,226.53252831759386
188.3087395502919,-21.239782322334936,6.963612195407658,-9.490109844998024,-8.575287624920517,226.7636281285592
188.31735249872133,-21.23381815086623,6.963708507396061,-9.490548205363424,-8.575635103254559,226.99413398179186
