galstreams/tracks/track.st.Kwando.ibata2021.ecsv
# %ECSV 1.0
# ---
# datatype:
# - {name: ra, unit: deg, datatype: float64}
# - {name: dec, unit: deg, datatype: float64}
# - {name: distance, unit: kpc, datatype: float64}
# - {name: pm_ra_cosdec, unit: mas / yr, datatype: float64}
# - {name: pm_dec, unit: mas / yr, datatype: float64}
# - {name: radial_velocity, unit: km / s, datatype: float64}
# delimiter: ','
# meta: !!omap
# - __serialized_columns__:
#     dec:
#       __class__: astropy.coordinates.angles.Latitude
#       unit: &id001 !astropy.units.Unit {unit: deg}
#       value: !astropy.table.SerializedColumn {name: dec}
#     distance:
#       __class__: astropy.coordinates.distances.Distance
#       unit: !astropy.units.Unit {unit: kpc}
#       value: !astropy.table.SerializedColumn {name: distance}
#     pm_dec:
#       __class__: astropy.units.quantity.Quantity
#       unit: !astropy.units.Unit {unit: mas / yr}
#       value: !astropy.table.SerializedColumn {name: pm_dec}
#     pm_ra_cosdec:
#       __class__: astropy.units.quantity.Quantity
#       unit: !astropy.units.Unit {unit: mas / yr}
#       value: !astropy.table.SerializedColumn {name: pm_ra_cosdec}
#     ra:
#       __class__: astropy.coordinates.angles.Longitude
#       unit: *id001
#       value: !astropy.table.SerializedColumn {name: ra}
#       wrap_angle: !astropy.coordinates.Angle
#         unit: *id001
#         value: 360.0
#     radial_velocity:
#       __class__: astropy.units.quantity.Quantity
#       unit: !astropy.units.Unit {unit: km / s}
#       value: !astropy.table.SerializedColumn {name: radial_velocity}
# schema: astropy-2.0
ra,dec,distance,pm_ra_cosdec,pm_dec,radial_velocity
[from data line 1535]
26.600247152818106,-25.82975796751697,8.270232185545803,-0.11944047996066054,-0.028085425191390456,1000.0000000000002
26.607311513515423,-25.83827825502235,8.269443150282184,-0.11952060940585874,-0.027854509398796523,1000.0000000000002
26.614374074132204,-25.846800765473624,8.268645038261457,-0.11960128121287283,-0.02762304856804043,1000.0
26.621434832583013,-25.855325501272922,8.267837833827715,-0.11968249656302099,-0.02739104262104952,1000.0000000000001
26.628493786782027,-25.863852464822816,8.267021521325056,-0.11976425663759827,-0.0271584914800016,1000.0
26.63555093464303,-25.872381658526365,8.26619608509757,-0.11984656261791038,-0.02692539506727698,1000.0000000000001
26.64260627407942,-25.880913084787075,8.265361509489352,-0.11992941568522575,-0.026691753305472687,1000.0
26.649659803004184,-25.889446746008947,8.264517778844493,-0.12001281702081279,-0.026457566117406017,1000.0000000000001
26.656711519329903,-25.897982644596414,8.263664877507093,-0.12009676780591327,-0.026222833426112757,1000.0
26.66376142096877,-25.906520782954402,8.26280278982124,-0.12018126922177075,-0.025987555154836528,1000.0000000000001
26.67080950583257,-25.91506116348829,8.261931500131034,-0.12026632244960567,-0.0257517312270501,1000.0000000000001
26.677855771832668,-25.92360378860392,8.261050992780564,-0.12035192867061895,-0.02551536156643941,1000.0000000000003
26.684900216880074,-25.93214866070761,8.260161252113926,-0.12043808906601328,-0.025278446096891116,1000.0000000000002
26.69194283888532,-25.94069578220613,8.259262262475213,-0.12052480481695049,-0.025040984742533468,1000.0000000000002
26.69898363575859,-25.949245155506723,8.25835400820852,-0.12061207710459954,-0.02480297742769011,1000.0000000000002
26.70602260540962,-25.957796783017102,8.257436473657942,-0.12069990711010803,-0.024564424076910285,1000.0
26.71305974574776,-25.96635066714543,8.256509643167568,-0.12078829601460406,-0.024325324614943966,1000.0000000000001
26.72009505468192,-25.974906810300332,8.255573501081502,-0.12087724499919794,-0.02408567896677738,1000.0000000000002
26.72712853012064,-25.98346521489092,8.254628031743827,-0.1209667552449929,-0.02384548705759748,1000.0000000000002
26.734160169971982,-25.992025883326736,8.253673219498642,-0.12105682793306194,-0.02360474881280794,1000.0000000000002
26.741189972143648,-26.00058881801782,8.25270904869004,-0.12114746424447098,-0.023363464158025593,1000.0000000000001
26.74821793454289,-26.009154021374634,8.251735503662116,-0.12123866536026995,-0.023121633019089316,1000.0
26.755244055076542,-26.017721495808143,8.250752568758964,-0.12133043246148034,-0.02287925532203694,1000.0000000000001
26.762268331651043,-26.02629124372974,8.249760228324675,-0.12142276672912367,-0.02263633099313722,1000.0000000000001
26.76929076217237,-26.03486326755131,8.248758466703348,-0.12151566934418767,-0.022392859958854316,1000.0000000000002
26.7763113445461,-26.04343756968517,8.247747268239074,-0.12160914148765123,-0.02214884214587798,999.9999999999999
26.783330076677384,-26.052014152544118,8.246726617275948,-0.12170318434046656,-0.02190427748110224,1000.0000000000002
26.790346956470934,-26.060593018541397,8.245696498158058,-0.12179779908357702,-0.021659165891648513,1000.0000000000001
26.79736198183104,-26.069174170090726,8.24465689522951,-0.12189298689789396,-0.021413507304837154,1000.0000000000002
26.80437515066157,-26.077757609606273,8.243607792834386,-0.12198874896433587,-0.021167301648191028,1000.0000000000002
26.811386460865936,-26.086343339502672,8.242549175316787,-0.1220850864637626,-0.02092054884947636,1000.0000000000001
26.818395910347142,-26.094931362195013,8.241481027020804,-0.12218200057704998,-0.02067324883663879,1000.0000000000003
26.82540349700775,-26.10352168009884,8.240403332290535,-0.12227949248503833,-0.02042540153785488,1000.0000000000001
26.83240921874987,-26.112114295630164,8.23931607547007,-0.12237756336854133,-0.020177006881501924,1000.0000000000003
26.839413073475203,-26.12070921120545,8.238219240903504,-0.12247621440837086,-0.01992806479617215,1000.0000000000001
26.84641505908498,-26.129306429241627,8.237112812934928,-0.1225754467853033,-0.019678575210672733,1000.0000000000002
26.853415173480023,-26.137905952156075,8.235996775908442,-0.12267526168010257,-0.019428538054011568,1000.0000000000002
26.86041341456067,-26.14650778236663,8.234871114168135,-0.12277566027349174,-0.01917795325541327,1000.0000000000003
26.86740978022687,-26.15511192229159,8.233735812058105,-0.12287664374621166,-0.018926820744313844,1000.0000000000001
26.874404268378075,-26.163718374349706,8.23259085392244,-0.12297821327894631,-0.018675140450344685,1000.0000000000003
26.881396876913318,-26.172327140960185,8.23143622410524,-0.12308037005236727,-0.018422912303371675,1000.0000000000002
26.88838760373117,-26.1809382245427,8.230271906950597,-0.12318311524713188,-0.018170136233448986,1000.0000000000001
26.895376446729774,-26.189551627517364,8.229097886802602,-0.12328645004387084,-0.017916812170842178,1000.0000000000002
26.902363403806792,-26.198167352304754,8.227914148005357,-0.12339037562319177,-0.017662940046038855,1000.0000000000002
26.90934847285946,-26.2067854013259,8.226720674902948,-0.12349489316567208,-0.017408519789720245,1000.0000000000002
26.916331651784535,-26.215405777002296,8.22551745183947,-0.12360000385188208,-0.017153551332777184,1000.0000000000006
26.923312938478333,-26.224028481755866,8.22430446315902,-0.12370570886235122,-0.016898034606319,1000.0000000000001
26.930292330836718,-26.232653518009023,8.22308169320569,-0.12381200937760006,-0.016641969541650425,1000.0000000000002
26.937269826755074,-26.24128088818461,8.221849126323576,-0.12391890657811722,-0.016385356070289347,1000.0000000000006
26.944245424128347,-26.249910594705916,8.220606746856769,-0.12402640164437173,-0.01612819412396327,1000.0000000000001
26.951219120851004,-26.258542639996712,8.219354539149368,-0.12413449575679891,-0.01587048363459509,1000.0000000000003
26.958190914817052,-26.26717702648119,8.218092487545459,-0.12424319009582518,-0.015612224534335084,1000.0000000000002
26.96516080392004,-26.275813756584025,8.216820576389141,-0.12435248584183967,-0.015353416755509386,1000.0000000000006
26.972128786053037,-26.284452832730313,8.215538790024507,-0.12446238417520838,-0.015094060230689266,1000.0000000000001
26.979094859108656,-26.293094257345633,8.214247112795652,-0.1245728862762654,-0.014834154892611195,1000.0
26.98605902097904,-26.301738032855994,8.21294552904667,-0.12468399332534474,-0.014573700674237244,1000.0000000000006
26.993021269555854,-26.31038416168785,8.211634023121652,-0.12479570650272542,-0.014312697508742644,1000.0000000000001
26.999981602730276,-26.319032646268134,8.210312579364693,-0.12490802698867931,-0.014051145329492698,1000.0000000000002
27.006940018393035,-26.327683489024203,8.208981182119894,-0.1250209559634321,-0.013789044070062317,1000.0000000000002
27.013896514434368,-26.336336692383867,8.207639815731339,-0.1251344946072077,-0.013526393664236025,1000.0000000000002
27.020851088744045,-26.344992258775413,8.206288464543128,-0.12524864410017855,-0.013263194045986637,1000.0000000000002
27.027803739211343,-26.35365019062754,8.20492711289935,-0.12536340562251524,-0.01299944514951612,1000.0000000000003
27.034754463725065,-26.362310490369424,8.203555745144104,-0.12547878035433868,-0.012735146909198747,1000.0000000000001
27.04170326017353,-26.370973160430665,8.202174345621485,-0.12559476947575732,-0.012470299259639717,1000.0000000000002
27.048650126444574,-26.379638203241335,8.20078289867558,-0.1257113741668423,-0.012204902135632523,1000.0000000000003
27.05559506042554,-26.38830562123194,8.199381388650487,-0.12582859560763104,-0.011938955472178492,1000.0000000000003
27.062538060003288,-26.39697541683344,8.1979697998903,-0.12594643497815206,-0.011672459204476127,1000.0000000000001
27.069479123064202,-26.40564759247723,8.196548116739113,-0.12606489345839655,-0.011405413267931763,1000.0000000000006
27.076418247494146,-26.414322150595172,8.19511632354102,-0.12618397222831135,-0.011137817598157795,1000.0000000000002
27.083355431178525,-26.422999093619566,8.193674404640115,-0.1263036724678397,-0.010869672130947805,1000.0000000000002
27.09029067200221,-26.43167842398314,8.192222344380491,-0.1264239953568751,-0.010600976802320972,1000.0000000000006
27.09722396784961,-26.440360144119094,8.190760127106243,-0.12654494207529332,-0.010331731548484768,1000.0000000000003
27.104155316604626,-26.449044256461068,8.189287737161465,-0.1266665138029328,-0.010061936305843844,1000.0000000000002
27.111084716150653,-26.45773076344313,8.187805158890251,-0.12678871171960537,-0.00979159101101601,1000.0000000000002
27.118012164370594,-26.466419667499814,8.186312376636696,-0.12691153700509616,-0.0095206956008127,1000.0000000000002
27.12493765914684,-26.475110971066087,8.184809374744889,-0.1270349908391406,-0.009249250012242527,1000.0000000000003
27.131861198361296,-26.48380467657736,8.183296137558928,-0.1271590744014759,-0.008977254182514827,1000.0000000000002
27.138782779895326,-26.492500786469495,8.181772649422909,-0.1272837888717735,-0.008704708049039667,1000.0000000000002
27.145702401629833,-26.501199303178787,8.180238894680922,-0.12740913542969956,-0.008431611549426066,1000.0000000000002
27.152620061445173,-26.50990022914198,8.178694857677064,-0.1275351152548705,-0.008157964621476665,1000.0000000000002
27.15953575722121,-26.51860356679627,8.177140522755426,-0.12766172952688137,-0.007883767203203718,1000.0000000000003
27.16644948683729,-26.52730931857927,8.175575874260101,-0.1277889794252971,-0.007609019232804215,1000.0000000000002
27.17336124817224,-26.536017486929055,8.174000896535189,-0.12791686612963105,-0.007333720648688313,1000.0000000000002
27.180271039104387,-26.54472807428414,8.172415573924777,-0.12804539081939126,-0.00705787138944558,1000.0000000000001
27.187178857511526,-26.553441083083484,8.170819890772965,-0.12817455467402894,-0.006781471393871641,1000.0000000000001
27.194084701270924,-26.562156515766457,8.169213831423844,-0.12830435887297043,-0.006504520600968178,1000.0000000000006
27.200988568259355,-26.57087437477292,8.167597380221506,-0.12843480459562073,-0.006227018949912733,1000.0000000000006
27.20789045635305,-26.579594662543126,8.165970521510049,-0.1285658930213227,-0.005948966380104892,1000.0000000000002
27.21479036342772,-26.588317381517804,8.164333239633564,-0.12869762532941564,-0.00567036283111122,1000.0000000000003
27.22168828735855,-26.597042534138087,8.162685518936149,-0.12883000269917844,-0.005391208242723877,1000.0000000000002
27.228584226020192,-26.605770122845588,8.161027343761893,-0.12896302630987755,-0.0051115025548984505,1000.0000000000003
27.235478177286787,-26.61450015008233,8.15935869845489,-0.12909669734072793,-0.004831245707814347,1000.0000000000003
27.24237013903192,-26.62323261829077,8.157679567359237,-0.12923101697091433,-0.0045504376418286085,1000.0000000000002
27.24926010912866,-26.63196752991382,8.15598993481903,-0.1293659863795913,-0.0042690782975007835,1000.0000000000001
27.25614808544953,-26.64070488739483,8.154289785178355,-0.1295016067458672,-0.003987167615580489,1000.0
27.26303406586653,-26.649444693177575,8.152579102781313,-0.1296378792488273,-0.0037047055370127424,1000.0000000000003
27.269918048251117,-26.658186949706266,8.150857871971999,-0.12977480506750538,-0.0034216920029290776,1000.0000000000003
27.276800030474195,-26.666931659425565,8.149126077094499,-0.12991238538091032,-0.00313812695466531,1000.0000000000002
27.283680010406144,-26.675678824780565,8.147383702492913,-0.1300506213680137,-0.0028540103337526546,1000.0000000000002
27.29055798591679,-26.68442844821678,8.145630732511334,-0.1301895142077374,-0.002569342081892856,1000.0000000000002
27.297433954875427,-26.693180532180175,8.143867151493858,-0.13032906507898545,-0.0022841221410043744,1000.0
27.30430791515077,-26.701935079117135,8.142092943784576,-0.13046927516060158,-0.001998350453186859,1000.0000000000002
27.311179864611038,-26.710692091474495,8.140308093727581,-0.13061014563141882,-0.0017120269607300287,1000.0000000000002
27.31804980112385,-26.719451571699526,8.138512585666968,-0.13075167767020446,-0.0014251516061136726,1000.0000000000002
27.32491772255629,-26.72821352223991,8.136706403946832,-0.13089387245569917,-0.0011377243320183084,1000.0000000000001
27.331783626774893,-26.73697794554378,8.134889532911265,-0.1310367311666063,-0.0008497450813056417,1000.0000000000002
27.338647511645647,-26.745744844059697,8.133061956904367,-0.13118025498159547,-0.0005612137970292252,1000.0000000000002
27.34550937503396,-26.754514220236665,8.131223660270225,-0.1313244450792883,-0.00027213042243801056,1000.0000000000002
27.352369214804696,-26.763286076524096,8.129374627352936,-0.1314693026382674,1.7505099037862237e-05,1000.0000000000001
27.35922702882215,-26.77206041537186,8.127514842496591,-0.1316148288370762,0.00030769282377463014,1000.0000000000001
27.366082814950065,-26.780837239230245,8.125644290045289,-0.1317610248542156,0.0005984328079549073,1000.0000000000002
27.372936571051593,-26.78961655054995,8.123762954343121,-0.1319078918681491,0.0008897251075836721,1000.0000000000002
27.379788294989368,-26.798398351782158,8.121870819734182,-0.13205543105731188,0.0011815697784651746,1000.0000000000002
27.386637984625406,-26.807182645378425,8.119967870562563,-0.1322036436000733,0.0014739668762278058,1000.0000000000002
27.393485637821176,-26.815969433790773,8.11805409117236,-0.13235253067477615,0.0017669164563027806,1000.0000000000002
27.400331252437574,-26.82475871947163,8.116129465907667,-0.13250209345972408,0.0020604185739365732,1000.0000000000002
27.40717482633491,-26.833550504873877,8.114193979112581,-0.1326523331331657,0.0023544732841962457,1000.0000000000002
27.414016357372955,-26.8423447924508,8.11224761513119,-0.13280325087332834,0.0026490806419516844,1000.0000000000006
27.42085584341086,-26.85114158465613,8.110290358307594,-0.13295484785838063,0.0029442407018880346,1000.0000000000002
27.42769328230721,-26.859940883944017,8.108322192985879,-0.13310712526644153,0.0032399535185110295,1000.0000000000002
27.434528671920017,-26.868742692769025,8.106343103510152,-0.13326008427561575,0.0035362191461327797,1000.0000000000002
27.441362010106708,-26.877547013586188,8.104353074224493,-0.13341372606393698,0.003833037638889536,1000.0000000000002
27.448193294724124,-26.886353848850916,8.102352089473003,-0.13356805180941222,0.004130409050725703,1000.0000000000002
27.45502252362851,-26.89516320101908,8.100340133599776,-0.13372306268998635,0.004428333435404497,1000.0000000000003
27.46184969467554,-26.90397507254695,8.098317190948904,-0.13387875988358822,0.004726810846499063,1000.0000000000002
27.46867480572028,-26.91278946589125,8.096283245864482,-0.13403514456807386,0.005025841337404913,1000.0000000000002
27.47549785461722,-26.9216063835091,8.094238282690604,-0.13419221792127267,0.0053254249613345905,1000.0000000000006
27.482318839220245,-26.93042582785807,8.092182285771363,-0.1343499811209643,0.005625561771307019,1000.0000000000002
27.48913775738264,-26.93924780139614,8.090115239450855,-0.134508435344884,0.00592625182018125,1000.0000000000006
27.495954606957124,-26.948072306581704,8.08803712807317,-0.13466758177071725,0.006227495160603169,1000.0000000000001
27.502769385795773,-26.9568993458736,8.085947935982409,-0.13482742157610872,0.006529291845062346,1000.0000000000006
27.50958209175008,-26.965728921731078,8.083847647522658,-0.13498795593865154,0.006831641925851173,1000.0000000000003
27.516392722670943,-26.974561036613814,8.081736247038016,-0.13514918603591042,0.0071345454550932885,1000.0000000000001
27.523201276408642,-26.983395692981894,8.079613718872576,-0.1353111130453719,0.007438002484716932,1000.0000000000002
27.530007750812867,-26.992232893295846,8.07748004737043,-0.1354737381445048,0.00774201306648159,1000.0000000000002
27.53681214373268,-27.001072640016595,8.075335216875674,-0.13563706251071572,0.0080465772519549,1000.0000000000001
