galstreams/tracks/track.ep.Turbio.shipp2018.ecsv
# %ECSV 0.9
# ---
# datatype:
# - {name: ra, unit: deg, datatype: float64}
# - {name: dec, unit: deg, datatype: float64}
# - {name: distance, unit: kpc, datatype: float64}
# - {name: pm_ra_cosdec, unit: mas / yr, datatype: float64}
# - {name: pm_dec, unit: mas / yr, datatype: float64}
# - {name: radial_velocity, unit: km / s, datatype: float64}
# delimiter: ','
# meta: !!omap
# - __serialized_columns__:
#     dec:
#       __class__: astropy.coordinates.angles.Latitude
#       unit: &id001 !astropy.units.Unit {unit: deg}
#       value: !astropy.table.SerializedColumn {name: dec}
#     distance:
#       __class__: astropy.coordinates.distances.Distance
#       unit: !astropy.units.Unit {unit: kpc}
#       value: !astropy.table.SerializedColumn {name: distance}
#     pm_dec:
#       __class__: astropy.units.quantity.Quantity
#       unit: !astropy.units.Unit {unit: mas / yr}
#       value: !astropy.table.SerializedColumn {name: pm_dec}
#     pm_ra_cosdec:
#       __class__: astropy.units.quantity.Quantity
#       unit: !astropy.units.Unit {unit: mas / yr}
#       value: !astropy.table.SerializedColumn {name: pm_ra_cosdec}
#     ra:
#       __class__: astropy.coordinates.angles.Longitude
#       unit: *id001
#       value: !astropy.table.SerializedColumn {name: ra}
#       wrap_angle: !astropy.coordinates.Angle
#         unit: *id001
#         value: 360.0
#     radial_velocity:
#       __class__: astropy.units.quantity.Quantity
#       unit: !astropy.units.Unit {unit: km / s}
#       value: !astropy.table.SerializedColumn {name: radial_velocity}
# schema: astropy-2.0
ra,dec,distance,pm_ra_cosdec,pm_dec,radial_velocity
28.0,-60.999999999999986,16.6,0.0,0.0,0.0
27.99927340909665,-60.92462337002291,16.6,0.0,0.0,0.0
27.998550248316093,-60.84924673615086,16.6,0.0,0.0,0.0
27.997830490940554,-60.77387009841417,16.599999999999998,0.0,0.0,0.0
27.99711411052658,-60.69849345684281,16.6,0.0,0.0,0.0
27.996401080901567,-60.62311681146662,16.6,0.0,0.0,0.0
27.995691376160238,-60.54774016231497,16.599999999999998,0.0,0.0,0.0
27.99498497066129,-60.472363509416894,16.6,0.0,0.0,0.0
27.99428183902395,-60.39698685280135,16.600000000000005,0.0,0.0,0.0
27.993581956124757,-60.32161019249679,16.6,0.0,0.0,0.0
27.99288529709424,-60.246233528531405,16.6,0.0,0.0,0.0
27.992191837313726,-60.17085686093328,16.6,0.0,0.0,0.0
27.991501552412196,-60.095480189730004,16.6,0.0,0.0,0.0
27.99081441826313,-60.020103514948985,16.6,0.0,0.0,0.0
27.990130410981482,-59.9447268366173,16.6,0.0,0.0,0.0
27.98944950692062,-59.86935015476189,16.6,0.0,0.0,0.0
27.988771682669416,-59.79397346940931,16.6,0.0,0.0,0.0
27.98809691504921,-59.7185967805858,16.6,0.0,0.0,0.0
27.987425181111018,-59.64322008831753,16.599999999999998,0.0,0.0,0.0
27.986756458132643,-59.56784339263026,16.6,0.0,0.0,0.0
27.98609072361589,-59.49246669354956,16.6,0.0,0.0,0.0
27.985427955283782,-59.41708999110062,16.6,0.0,0.0,0.0
27.98476813107784,-59.34171328530862,16.6,0.0,0.0,0.0
27.98411122915545,-59.26633657619833,16.599999999999998,0.0,0.0,0.0
27.983457227887147,-59.19095986379422,16.6,0.0,0.0,0.0
27.982806105854085,-59.11558314812075,16.6,0.0,0.0,0.0
27.982157841845424,-59.04020642920193,16.6,0.0,0.0,0.0
27.981512414855818,-58.96482970706156,16.6,0.0,0.0,0.0
27.98086980408292,-58.88945298172339,16.599999999999998,0.0,0.0,0.0
27.98022998892495,-58.81407625321074,16.6,0.0,0.0,0.0
27.979592948978244,-58.73869952154679,16.6,0.0,0.0,0.0
27.978958664034888,-58.66332278675443,16.599999999999998,0.0,0.0,0.0
27.978327114080365,-58.58794604885648,16.6,0.0,0.0,0.0
27.977698279291236,-58.51256930787541,16.6,0.0,0.0,0.0
27.97707214003288,-58.43719256383348,16.6,0.0,0.0,0.0
27.97644867685721,-58.36181581675284,16.6,0.0,0.0,0.0
27.975827870500453,-58.28643906665533,16.6,0.0,0.0,0.0
27.975209701881013,-58.211062313562586,16.6,0.0,0.0,0.0
27.974594152097268,-58.135685557496146,16.6,0.0,0.0,0.0
27.97398120242546,-58.06030879847723,16.6,0.0,0.0,0.0
27.97337083431758,-57.98493203652691,16.599999999999998,0.0,0.0,0.0
27.97276302939938,-57.90955527166598,16.6,0.0,0.0,0.0
27.97215776946823,-57.83417850391523,16.6,0.0,0.0,0.0
27.971555036491154,-57.75880173329507,16.6,0.0,0.0,0.0
27.970954812602912,-57.68342495982574,16.6,0.0,0.0,0.0
27.97035708010393,-57.60804818352745,16.6,0.0,0.0,0.0
27.969761821458476,-57.53267140442006,16.6,0.0,0.0,0.0
27.969169019292725,-57.45729462252323,16.6,0.0,0.0,0.0
27.968578656392854,-57.38191783785661,16.599999999999998,0.0,0.0,0.0
27.967990715703255,-57.30654105043956,16.6,0.0,0.0,0.0
27.967405180324683,-57.23116426029121,16.599999999999998,0.0,0.0,0.0
27.966822033512464,-57.15578746743055,16.6,0.0,0.0,0.0
27.96624125867472,-57.080410671876535,16.6,0.0,0.0,0.0
27.96566283937064,-57.005033873647754,16.6,0.0,0.0,0.0
27.96508675930874,-56.92965707276267,16.6,0.0,0.0,0.0
27.96451300234516,-56.85428026923973,16.6,0.0,0.0,0.0
27.963941552482016,-56.77890346309703,16.6,0.0,0.0,0.0
27.96337239386572,-56.70352665435253,16.6,0.0,0.0,0.0
27.962805510785348,-56.62814984302417,16.6,0.0,0.0,0.0
27.96224088767105,-56.552773029129575,16.6,0.0,0.0,0.0
27.96167850909247,-56.47739621268627,16.6,0.0,0.0,0.0
27.961118359757137,-56.402019393711576,16.599999999999998,0.0,0.0,0.0
27.960560424508966,-56.32664257222279,16.6,0.0,0.0,0.0
27.96000468832671,-56.251265748236925,16.6,0.0,0.0,0.0
27.95945113632246,-56.175888921770834,16.6,0.0,0.0,0.0
27.958899753740177,-56.100512092841385,16.600000000000005,0.0,0.0,0.0
27.958350525954195,-56.02513526146514,16.6,0.0,0.0,0.0
27.957803438467824,-55.94975842765847,16.6,0.0,0.0,0.0
27.957258476911875,-55.87438159143784,16.599999999999998,0.0,0.0,0.0
27.95671562704327,-55.79900475281935,16.6,0.0,0.0,0.0
27.956174874743688,-55.72362791181903,16.6,0.0,0.0,0.0
27.955636206018152,-55.648251068452716,16.599999999999998,0.0,0.0,0.0
27.955099606993702,-55.572874222736274,16.6,0.0,0.0,0.0
27.95456506391804,-55.49749737468528,16.6,0.0,0.0,0.0
27.95403256315824,-55.42212052431514,16.6,0.0,0.0,0.0
27.953502091199415,-55.346743671641306,16.6,0.0,0.0,0.0
27.95297363464349,-55.27136681667896,16.6,0.0,0.0,0.0
27.952447180207873,-55.19598995944318,16.599999999999998,0.0,0.0,0.0
27.951922714724233,-55.12061309994885,16.6,0.0,0.0,0.0
27.951400225137284,-55.0452362382109,16.6,0.0,0.0,0.0
27.95087969850355,-54.96985937424399,16.6,0.0,0.0,0.0
27.950361121990156,-54.89448250806263,16.6,0.0,0.0,0.0
27.949844482873655,-54.81910563968138,16.6,0.0,0.0,0.0
27.949329768538853,-54.7437287691145,16.6,0.0,0.0,0.0
27.948816966477672,-54.66835189637615,16.599999999999998,0.0,0.0,0.0
27.94830606428795,-54.59297502148053,16.6,0.0,0.0,0.0
27.947797049672406,-54.517598144441536,16.6,0.0,0.0,0.0
27.94728991043743,-54.442221265273005,16.599999999999998,0.0,0.0,0.0
27.946784634492065,-54.36684438398863,16.6,0.0,0.0,0.0
27.946281209846866,-54.29146750060212,16.6,0.0,0.0,0.0
27.94577962461288,-54.21609061512694,16.599999999999998,0.0,0.0,0.0
27.945279867000536,-54.1407137275764,16.6,0.0,0.0,0.0
27.944781925318644,-54.0653368379639,16.6,0.0,0.0,0.0
27.944285787973342,-53.98995994630254,16.599999999999998,0.0,0.0,0.0
27.943791443467084,-53.91458305260534,16.599999999999998,0.0,0.0,0.0
27.943298880397634,-53.83920615688533,16.599999999999998,0.0,0.0,0.0
27.942808087457088,-53.76382925915532,16.6,0.0,0.0,0.0
27.94231905343086,-53.68845235942803,16.6,0.0,0.0,0.0
27.94183176719675,-53.613075457716036,16.6,0.0,0.0,0.0
27.941346217723964,-53.53769855403198,16.599999999999998,0.0,0.0,0.0
27.940862394072184,-53.462321648388205,16.6,0.0,0.0,0.0
27.94038028539064,-53.38694474079705,16.6,0.0,0.0,0.0
27.939899880917157,-53.31156783127074,16.599999999999998,0.0,0.0,0.0
27.939421169977276,-53.23619091982142,16.6,0.0,0.0,0.0
27.938944141983363,-53.16081400646106,16.6,0.0,0.0,0.0
27.9384687864337,-53.08543709120161,16.599999999999998,0.0,0.0,0.0
27.937995092911596,-53.01006017405492,16.6,0.0,0.0,0.0
27.937523051084565,-52.93468325503269,16.6,0.0,0.0,0.0
27.937052650703432,-52.85930633414658,16.599999999999998,0.0,0.0,0.0
27.936583881601493,-52.783929411408124,16.599999999999998,0.0,0.0,0.0
27.93611673369372,-52.70855248682877,16.6,0.0,0.0,0.0
27.935651196975865,-52.6331755604199,16.6,0.0,0.0,0.0
27.935187261523705,-52.55779863219274,16.6,0.0,0.0,0.0
27.934724917492236,-52.48242170215853,16.6,0.0,0.0,0.0
27.93426415511483,-52.4070447703283,16.6,0.0,0.0,0.0
27.933804964702485,-52.33166783671309,16.600000000000005,0.0,0.0,0.0
27.93334733664306,-52.256290901323794,16.6,0.0,0.0,0.0
27.93289126140047,-52.18091396417126,16.6,0.0,0.0,0.0
27.932436729513952,-52.10553702526622,16.6,0.0,0.0,0.0
27.931983731597338,-52.03016008461933,16.6,0.0,0.0,0.0
27.931532258338255,-51.95478314224117,16.6,0.0,0.0,0.0
27.931082300497437,-51.87940619814223,16.6,0.0,0.0,0.0
27.930633848908027,-51.80402925233291,16.6,0.0,0.0,0.0
27.930186894474787,-51.728652304823555,16.599999999999998,0.0,0.0,0.0
27.929741428173458,-51.65327535562439,16.6,0.0,0.0,0.0
27.929297441050057,-51.57789840474561,16.6,0.0,0.0,0.0
27.92885492422013,-51.50252145219728,16.599999999999998,0.0,0.0,0.0
27.928413868868148,-51.42714449798942,16.599999999999998,0.0,0.0,0.0
27.927974266246792,-51.35176754213197,16.6,0.0,0.0,0.0
27.927536107676286,-51.27639058463477,16.6,0.0,0.0,0.0
27.92709938454375,-51.20101362550761,16.6,0.0,0.0,0.0
27.926664088302566,-51.12563666476019,16.600000000000005,0.0,0.0,0.0
27.926230210471704,-51.05025970240215,16.6,0.0,0.0,0.0
27.9257977426351,-50.97488273844303,16.6,0.0,0.0,0.0
27.92536667644103,-50.899505772892326,16.600000000000005,0.0,0.0,0.0
27.924937003601514,-50.82412880575944,16.600000000000005,0.0,0.0,0.0
27.924508715891633,-50.74875183705373,16.6,0.0,0.0,0.0
27.92408180514902,-50.67337486678446,16.6,0.0,0.0,0.0
27.923656263273184,-50.5979978949608,16.6,0.0,0.0,0.0
27.92323208222494,-50.52262092159191,16.6,0.0,0.0,0.0
27.92280925402585,-50.44724394668684,16.6,0.0,0.0,0.0
27.922387770757613,-50.37186697025457,16.599999999999998,0.0,0.0,0.0
27.92196762456147,-50.29648999230405,16.599999999999998,0.0,0.0,0.0
27.921548807637716,-50.221113012844114,16.6,0.0,0.0,0.0
27.92113131224508,-50.145736031883565,16.6,0.0,0.0,0.0
27.920715130700184,-50.07035904943111,16.6,0.0,0.0,0.0
27.920300255376993,-49.99498206549543,16.6,0.0,0.0,0.0
27.91988667870629,-49.919605080085105,16.599999999999998,0.0,0.0,0.0
27.91947439317514,-49.84422809320868,16.6,0.0,0.0,0.0
27.919063391326343,-49.76885110487461,16.600000000000005,0.0,0.0,0.0
27.918653665757915,-49.6934741150913,16.599999999999998,0.0,0.0,0.0
27.918245209122595,-49.618097123867095,16.6,0.0,0.0,0.0
27.917838014127323,-49.54272013121029,16.600000000000005,0.0,0.0,0.0
27.917432073532705,-49.467343137129085,16.6,0.0,0.0,0.0
27.917027380152565,-49.391966141631656,16.599999999999998,0.0,0.0,0.0
27.916623926853408,-49.31658914472609,16.6,0.0,0.0,0.0
27.916221706553955,-49.24121214642044,16.6,0.0,0.0,0.0
27.915820712224647,-49.16583514672267,16.6,0.0,0.0,0.0
27.915420936887195,-49.09045814564074,16.6,0.0,0.0,0.0
27.915022373614054,-49.01508114318247,16.6,0.0,0.0,0.0
27.914625015528003,-48.939704139355705,16.6,0.0,0.0,0.0
27.91422885580167,-48.86432713416818,16.599999999999998,0.0,0.0,0.0
27.913833887657074,-48.788950127627594,16.6,0.0,0.0,0.0
27.913440104365154,-48.713573119741596,16.6,0.0,0.0,0.0
27.913047499245362,-48.63819611051777,16.6,0.0,0.0,0.0
27.912656065665185,-48.56281909996363,16.599999999999998,0.0,0.0,0.0
27.912265797039712,-48.48744208808668,16.599999999999998,0.0,0.0,0.0
27.911876686831235,-48.41206507489432,16.6,0.0,0.0,0.0
27.91148872854877,-48.33668806039394,16.6,0.0,0.0,0.0
27.911101915747665,-48.26131104459285,16.6,0.0,0.0,0.0
27.91071624202918,-48.185934027498305,16.599999999999998,0.0,0.0,0.0
27.91033170104008,-48.11055700911754,16.6,0.0,0.0,0.0
27.909948286472194,-48.035179989457696,16.6,0.0,0.0,0.0
27.90956599206202,-47.9598029685259,16.600000000000005,0.0,0.0,0.0
27.90918481159036,-47.884425946329216,16.6,0.0,0.0,0.0
27.908804738881887,-47.80904892287464,16.599999999999998,0.0,0.0,0.0
27.908425767804758,-47.733671898169156,16.6,0.0,0.0,0.0
27.90804789227022,-47.65829487221967,16.6,0.0,0.0,0.0
27.90767110623223,-47.58291784503304,16.6,0.0,0.0,0.0
27.907295403687115,-47.507540816616086,16.599999999999998,0.0,0.0,0.0
27.90692077867313,-47.432163786975586,16.6,0.0,0.0,0.0
27.90654722527012,-47.35678675611825,16.6,0.0,0.0,0.0
27.90617473759915,-47.28140972405076,16.6,0.0,0.0,0.0
27.90580330982215,-47.20603269077975,16.6,0.0,0.0,0.0
27.905432936141523,-47.130655656311795,16.6,0.0,0.0,0.0
27.90506361079982,-47.05527862065343,16.6,0.0,0.0,0.0
27.904695328079384,-46.97990158381116,16.6,0.0,0.0,0.0
27.904328082301983,-46.90452454579143,16.6,0.0,0.0,0.0
27.903961867828464,-46.829147506600634,16.6,0.0,0.0,0.0
27.903596679058435,-46.75377046624514,16.6,0.0,0.0,0.0
27.903232510429905,-46.67839342473126,16.6,0.0,0.0,0.0
27.902869356418964,-46.60301638206527,16.6,0.0,0.0,0.0
27.902507211539444,-46.52763933825339,16.599999999999998,0.0,0.0,0.0
27.90214607034259,-46.45226229330182,16.599999999999998,0.0,0.0,0.0
27.90178592741673,-46.3768852472167,16.6,0.0,0.0,0.0
27.90142677738696,-46.30150820000413,16.6,0.0,0.0,0.0
27.901068614914827,-46.22613115167017,16.6,0.0,0.0,0.0
27.900711434698035,-46.15075410222085,16.6,0.0,0.0,0.0
27.900355231470076,-46.07537705166215,16.6,0.0,0.0,0.0
27.899999999999995,-46.0,16.6,0.0,0.0,0.0
