galstreams/tracks/track.st.Murrumbidgee.grillmair2017b.ecsv
# %ECSV 1.0
# ---
# datatype:
# - {name: ra, unit: deg, datatype: float64}
# - {name: dec, unit: deg, datatype: float64}
# - {name: distance, unit: kpc, datatype: float64}
# - {name: pm_ra_cosdec, unit: mas / yr, datatype: float64}
# - {name: pm_dec, unit: mas / yr, datatype: float64}
# - {name: radial_velocity, unit: km / s, datatype: float64}
# delimiter: ','
# meta: !!omap
# - __serialized_columns__:
#     dec:
#       __class__: astropy.coordinates.angles.Latitude
#       unit: &id001 !astropy.units.Unit {unit: deg}
#       value: !astropy.table.SerializedColumn {name: dec}
#     distance:
#       __class__: astropy.coordinates.distances.Distance
#       unit: !astropy.units.Unit {unit: kpc}
#       value: !astropy.table.SerializedColumn {name: distance}
#     pm_dec:
#       __class__: astropy.units.quantity.Quantity
#       unit: !astropy.units.Unit {unit: mas / yr}
#       value: !astropy.table.SerializedColumn {name: pm_dec}
#     pm_ra_cosdec:
#       __class__: astropy.units.quantity.Quantity
#       unit: !astropy.units.Unit {unit: mas / yr}
#       value: !astropy.table.SerializedColumn {name: pm_ra_cosdec}
#     ra:
#       __class__: astropy.coordinates.angles.Longitude
#       unit: *id001
#       value: !astropy.table.SerializedColumn {name: ra}
#       wrap_angle: !astropy.coordinates.Angle
#         unit: *id001
#         value: 360.0
#     radial_velocity:
#       __class__: astropy.units.quantity.Quantity
#       unit: !astropy.units.Unit {unit: km / s}
#       value: !astropy.table.SerializedColumn {name: radial_velocity}
# schema: astropy-2.0
ra,dec,distance,pm_ra_cosdec,pm_dec,radial_velocity
[from data line 7521]
13.81543437629012,-24.773381976221465,19.99999999999999,0.0,0.0,0.0
13.813809637852142,-24.762658273170654,19.999999999999993,0.0,0.0,0.0
13.81218625660646,-24.751934080364972,19.99999999999999,0.0,0.0,0.0
13.810564229447603,-24.74120939948686,19.999999999999986,0.0,0.0,0.0
13.80894355327055,-24.73048423221898,19.999999999999986,0.0,0.0,0.0
13.807324224970706,-24.7197585802441,19.999999999999993,0.0,0.0,0.0
13.805706241443923,-24.70903244524518,19.99999999999999,0.0,0.0,0.0
13.804089599586494,-24.6983058289053,19.99999999999999,0.0,0.0,0.0
13.802474296295143,-24.687578732907735,19.99999999999999,0.0,0.0,0.0
13.800860328467065,-24.67685115893588,19.999999999999993,0.0,0.0,0.0
13.799247692999884,-24.666123108673272,19.999999999999986,0.0,0.0,0.0
13.79763638679166,-24.655394583803602,19.999999999999993,0.0,0.0,0.0
13.796026406740932,-24.644665586010728,19.99999999999999,0.0,0.0,0.0
13.794417749746676,-24.63393611697862,19.99999999999999,0.0,0.0,0.0
13.79281041270831,-24.6232061783914,19.99999999999999,0.0,0.0,0.0
13.79120439252574,-24.61247577193335,19.999999999999986,0.0,0.0,0.0
13.789599686099292,-24.60174489928888,19.99999999999999,0.0,0.0,0.0
13.78799629032977,-24.591013562142507,19.99999999999999,0.0,0.0,0.0
13.786394202118444,-24.58028176217893,19.99999999999999,0.0,0.0,0.0
13.784793418367022,-24.56954950108294,19.999999999999993,0.0,0.0,0.0
13.783193935977712,-24.558816780539527,19.99999999999999,0.0,0.0,0.0
13.781595751853157,-24.548083602233735,19.999999999999986,0.0,0.0,0.0
13.779998862896472,-24.537349967850783,19.999999999999986,0.0,0.0,0.0
13.778403266011257,-24.526615879076008,19.999999999999993,0.0,0.0,0.0
13.776808958101565,-24.515881337594884,19.99999999999999,0.0,0.0,0.0
13.77521593607193,-24.505146345092953,19.99999999999999,0.0,0.0,0.0
13.77362419682735,-24.494410903256,19.99999999999999,0.0,0.0,0.0
13.77203373727333,-24.483675013769822,19.99999999999999,0.0,0.0,0.0
13.770444554315807,-24.47293867832038,19.999999999999993,0.0,0.0,0.0
13.768856644861236,-24.46220189859375,19.999999999999986,0.0,0.0,0.0
13.767270005816522,-24.451464676276117,19.999999999999986,0.0,0.0,0.0
13.765684634089073,-24.44072701305379,19.999999999999993,0.0,0.0,0.0
13.764100526586777,-24.42998891061321,19.999999999999993,0.0,0.0,0.0
13.762517680218009,-24.419250370640917,19.99999999999999,0.0,0.0,0.0
13.760936091891619,-24.408511394823545,19.99999999999999,0.0,0.0,0.0
13.75935575851696,-24.397771984847857,19.999999999999993,0.0,0.0,0.0
13.75777667700388,-24.38703214240071,19.99999999999999,0.0,0.0,0.0
13.756198844262698,-24.376291869169073,19.999999999999993,0.0,0.0,0.0
13.75462225720425,-24.365551166840064,19.999999999999993,0.0,0.0,0.0
13.753046912739856,-24.35481003710083,19.999999999999993,0.0,0.0,0.0
13.751472807781347,-24.344068481638686,19.999999999999986,0.0,0.0,0.0
13.749899939241022,-24.333326502140977,19.99999999999999,0.0,0.0,0.0
13.748328304031721,-24.32258410029523,19.99999999999999,0.0,0.0,0.0
13.746757899066754,-24.311841277788986,19.99999999999999,0.0,0.0,0.0
13.74518872125996,-24.30109803630996,19.999999999999993,0.0,0.0,0.0
13.743620767525671,-24.290354377545917,19.999999999999993,0.0,0.0,0.0
13.742054034778725,-24.279610303184704,19.99999999999999,0.0,0.0,0.0
13.740488519934482,-24.268865814914296,19.99999999999999,0.0,0.0,0.0
13.73892421990879,-24.258120914422733,19.99999999999999,0.0,0.0,0.0
13.73736113161804,-24.247375603398144,19.999999999999993,0.0,0.0,0.0
13.735799251979117,-24.236629883528757,19.99999999999999,0.0,0.0,0.0
13.734238577909426,-24.225883756502885,19.999999999999993,0.0,0.0,0.0
13.732679106326893,-24.21513722400891,19.999999999999993,0.0,0.0,0.0
13.73112083414997,-24.204390287735325,19.99999999999999,0.0,0.0,0.0
13.729563758297603,-24.193642949370645,19.99999999999999,0.0,0.0,0.0
13.728007875689292,-24.18289521060351,19.99999999999999,0.0,0.0,0.0
13.726453183245049,-24.17214707312263,19.99999999999999,0.0,0.0,0.0
13.724899677885414,-24.16139853861681,19.999999999999993,0.0,0.0,0.0
13.723347356531455,-24.1506496087749,19.99999999999999,0.0,0.0,0.0
13.721796216104757,-24.139900285285808,19.999999999999993,0.0,0.0,0.0
13.720246253527458,-24.129150569838558,19.99999999999999,0.0,0.0,0.0
13.718697465722219,-24.118400464122196,19.999999999999996,0.0,0.0,0.0
13.717149849612225,-24.107649969825875,19.999999999999993,0.0,0.0,0.0
13.715603402121221,-24.096899088638814,19.99999999999999,0.0,0.0,0.0
13.714058120173473,-24.086147822250254,19.999999999999993,0.0,0.0,0.0
13.712514000693778,-24.075396172349542,19.999999999999986,0.0,0.0,0.0
13.710971040607493,-24.064644140626058,19.999999999999993,0.0,0.0,0.0
13.709429236840519,-24.053891728769273,19.999999999999993,0.0,0.0,0.0
13.707888586319276,-24.04313893846866,19.99999999999999,0.0,0.0,0.0
13.706349085970762,-24.032385771413832,19.99999999999999,0.0,0.0,0.0
13.704810732722496,-24.021632229294376,19.999999999999993,0.0,0.0,0.0
13.703273523502574,-24.01087831379999,19.999999999999993,0.0,0.0,0.0
13.701737455239616,-24.00012402662039,19.99999999999999,0.0,0.0,0.0
13.700202524862812,-23.989369369445352,19.99999999999999,0.0,0.0,0.0
13.69866872930189,-23.97861434396468,19.999999999999993,0.0,0.0,0.0
13.697136065487165,-23.967858951868294,19.99999999999999,0.0,0.0,0.0
13.69560453034947,-23.957103194846074,19.999999999999993,0.0,0.0,0.0
13.694074120820241,-23.946347074588004,19.99999999999999,0.0,0.0,0.0
13.692544833831427,-23.93559059278408,19.999999999999993,0.0,0.0,0.0
13.691016666315573,-23.924833751124332,19.999999999999986,0.0,0.0,0.0
13.689489615205778,-23.914076551298844,19.999999999999993,0.0,0.0,0.0
13.687963677435722,-23.90331899499776,19.99999999999999,0.0,0.0,0.0
13.686438849939627,-23.89256108391123,19.99999999999999,0.0,0.0,0.0
13.684915129652296,-23.881802819729423,19.99999999999999,0.0,0.0,0.0
13.683392513509107,-23.87104420414259,19.99999999999999,0.0,0.0,0.0
13.681870998446005,-23.860285238840955,19.99999999999999,0.0,0.0,0.0
13.680350581399516,-23.849525925514808,19.999999999999986,0.0,0.0,0.0
13.67883125930673,-23.838766265854478,19.99999999999999,0.0,0.0,0.0
13.677313029105324,-23.828006261550286,19.999999999999993,0.0,0.0,0.0
13.67579588773356,-23.817245914292606,19.999999999999993,0.0,0.0,0.0
13.674279832130265,-23.8064852257718,19.999999999999993,0.0,0.0,0.0
13.672764859234858,-23.795724197678293,19.99999999999999,0.0,0.0,0.0
13.671250965987333,-23.784962831702476,19.999999999999993,0.0,0.0,0.0
13.669738149328293,-23.774201129534834,19.99999999999999,0.0,0.0,0.0
13.668226406198903,-23.763439092865813,19.999999999999993,0.0,0.0,0.0
13.666715733540924,-23.75267672338587,19.999999999999993,0.0,0.0,0.0
13.66520612829672,-23.74191402278551,19.999999999999986,0.0,0.0,0.0
13.663697587409224,-23.73115099275523,19.99999999999999,0.0,0.0,0.0
13.662190107821983,-23.7203876349855,19.99999999999999,0.0,0.0,0.0
13.660683686479134,-23.709623951166893,19.999999999999993,0.0,0.0,0.0
13.659178320325402,-23.69885994298989,19.99999999999999,0.0,0.0,0.0
13.657674006306134,-23.688095612145037,19.999999999999986,0.0,0.0,0.0
13.65617074136725,-23.677330960322863,19.99999999999999,0.0,0.0,0.0
13.654668522455287,-23.66656598921389,19.99999999999999,0.0,0.0,0.0
13.65316734651738,-23.65580070050864,19.999999999999993,0.0,0.0,0.0
13.65166721050128,-23.645035095897683,19.99999999999999,0.0,0.0,0.0
13.650168111355333,-23.63426917707152,19.999999999999993,0.0,0.0,0.0
13.648670046028494,-23.623502945720674,19.999999999999993,0.0,0.0,0.0
13.647173011470333,-23.612736403535653,19.999999999999986,0.0,0.0,0.0
13.64567700463104,-23.60196955220699,19.99999999999999,0.0,0.0,0.0
13.644182022461395,-23.59120239342515,19.99999999999999,0.0,0.0,0.0
13.642688061912814,-23.580434928880646,19.999999999999993,0.0,0.0,0.0
13.641195119937333,-23.569667160263943,19.99999999999999,0.0,0.0,0.0
13.639703193487579,-23.558899089265502,19.99999999999999,0.0,0.0,0.0
13.638212279516823,-23.548130717575756,19.99999999999999,0.0,0.0,0.0
13.63672237497895,-23.53736204688513,19.999999999999986,0.0,0.0,0.0
13.63523347682847,-23.526593078884027,19.999999999999993,0.0,0.0,0.0
13.633745582020515,-23.515823815262834,19.99999999999999,0.0,0.0,0.0
13.63225868751085,-23.505054257711922,19.999999999999986,0.0,0.0,0.0
13.630772790255856,-23.49428440792162,19.99999999999999,0.0,0.0,0.0
13.62928788721255,-23.483514267582233,19.999999999999993,0.0,0.0,0.0
13.627803975338596,-23.472743838384044,19.999999999999986,0.0,0.0,0.0
13.62632105159226,-23.461973122017284,19.99999999999999,0.0,0.0,0.0
13.624839112932458,-23.451202120172198,19.99999999999999,0.0,0.0,0.0
13.623358156318742,-23.44043083453898,19.999999999999993,0.0,0.0,0.0
13.621878178711317,-23.429659266807768,19.999999999999993,0.0,0.0,0.0
13.620399177070997,-23.418887418668678,19.99999999999999,0.0,0.0,0.0
13.618921148359263,-23.408115291811797,19.99999999999999,0.0,0.0,0.0
13.617444089538214,-23.39734288792713,19.999999999999993,0.0,0.0,0.0
13.615967997570618,-23.38657020870473,19.99999999999999,0.0,0.0,0.0
13.614492869419873,-23.375797255834513,19.99999999999999,0.0,0.0,0.0
13.613018702050026,-23.365024031006413,19.999999999999993,0.0,0.0,0.0
13.61154549242579,-23.354250535910285,19.999999999999993,0.0,0.0,0.0
13.610073237512497,-23.343476772235935,19.999999999999993,0.0,0.0,0.0
13.608601934276152,-23.332702741673117,19.999999999999993,0.0,0.0,0.0
13.607131579683424,-23.321928445911592,19.999999999999986,0.0,0.0,0.0
13.605662170701608,-23.31115388664099,19.99999999999999,0.0,0.0,0.0
13.604193704298675,-23.30037906555093,19.999999999999993,0.0,0.0,0.0
13.60272617744326,-23.289603984330967,19.99999999999999,0.0,0.0,0.0
13.601259587104641,-23.278828644670586,19.99999999999999,0.0,0.0,0.0
13.599793930252767,-23.268053048259212,19.999999999999986,0.0,0.0,0.0
13.598329203858253,-23.257277196786237,19.999999999999993,0.0,0.0,0.0
13.596865404892373,-23.246501091940956,19.99999999999999,0.0,0.0,0.0
13.595402530327073,-23.235724735412646,19.99999999999999,0.0,0.0,0.0
13.593940577134958,-23.224948128890453,19.999999999999993,0.0,0.0,0.0
13.592479542289315,-23.2141712740635,19.999999999999993,0.0,0.0,0.0
13.591019422764095,-23.203394172620825,19.999999999999986,0.0,0.0,0.0
13.58956021553392,-23.19261682625139,19.99999999999999,0.0,0.0,0.0
13.588101917574095,-23.181839236644116,19.999999999999993,0.0,0.0,0.0
13.586644525860592,-23.17106140548782,19.99999999999999,0.0,0.0,0.0
13.585188037370072,-23.160283334471238,19.99999999999999,0.0,0.0,0.0
13.583732449079852,-23.149505025283027,19.99999999999999,0.0,0.0,0.0
13.582277757967972,-23.13872647961182,19.999999999999986,0.0,0.0,0.0
13.580823961013104,-23.127947699146066,19.99999999999999,0.0,0.0,0.0
13.579371055194638,-23.117168685574235,19.99999999999999,0.0,0.0,0.0
13.577919037492642,-23.106389440584646,19.999999999999986,0.0,0.0,0.0
13.576467904887867,-23.095609965865556,19.99999999999999,0.0,0.0,0.0
13.575017654361762,-23.08483026310515,19.999999999999993,0.0,0.0,0.0
13.573568282896451,-23.074050333991455,19.999999999999993,0.0,0.0,0.0
13.57211978747476,-23.06327018021247,19.99999999999999,0.0,0.0,0.0
13.570672165080211,-23.052489803456126,19.999999999999993,0.0,0.0,0.0
13.569225412697017,-23.041709205410175,19.999999999999993,0.0,0.0,0.0
13.567779527310098,-23.030928387762344,19.999999999999993,0.0,0.0,0.0
13.566334505905044,-23.02014735220021,19.999999999999993,0.0,0.0,0.0
13.564890345468175,-23.009366100411278,19.999999999999993,0.0,0.0,0.0
13.563447042986502,-22.998584634082935,19.999999999999993,0.0,0.0,0.0
13.562004595447737,-22.98780295490251,19.999999999999993,0.0,0.0,0.0
13.560562999840299,-22.977021064557167,19.99999999999999,0.0,0.0,0.0
13.559122253153316,-22.966238964734,19.99999999999999,0.0,0.0,0.0
13.557682352376606,-22.95545665711997,19.99999999999999,0.0,0.0,0.0
13.556243294500728,-22.944674143401954,19.99999999999999,0.0,0.0,0.0
13.554805076516926,-22.933891425266683,19.99999999999999,0.0,0.0,0.0
13.553367695417165,-22.923108504400826,19.99999999999999,0.0,0.0,0.0
13.551931148194136,-22.912325382490895,19.99999999999999,0.0,0.0,0.0
13.550495431841219,-22.901542061223285,19.999999999999993,0.0,0.0,0.0
13.549060543352539,-22.890758542284303,19.999999999999993,0.0,0.0,0.0
13.547626479722924,-22.879974827360098,19.999999999999986,0.0,0.0,0.0
13.546193237947922,-22.86919091813671,19.99999999999999,0.0,0.0,0.0
13.544760815023814,-22.858406816300086,19.99999999999999,0.0,0.0,0.0
13.543329207947592,-22.847622523535996,19.99999999999999,0.0,0.0,0.0
13.541898413716977,-22.836838041530115,19.999999999999986,0.0,0.0,0.0
13.54046842933043,-22.826053371967994,19.999999999999993,0.0,0.0,0.0
13.539039251787116,-22.81526851653502,19.99999999999999,0.0,0.0,0.0
13.537610878086955,-22.804483476916477,19.99999999999999,0.0,0.0,0.0
13.536183305230578,-22.79369825479751,19.99999999999999,0.0,0.0,0.0
13.534756530219363,-22.78291285186313,19.999999999999993,0.0,0.0,0.0
13.533330550055414,-22.7721272697982,19.999999999999993,0.0,0.0,0.0
13.531905361741575,-22.76134151028744,19.999999999999993,0.0,0.0,0.0
13.530480962281427,-22.750555575015444,19.999999999999993,0.0,0.0,0.0
13.529057348679297,-22.739769465666647,19.999999999999986,0.0,0.0,0.0
13.527634517940239,-22.72898318392537,19.99999999999999,0.0,0.0,0.0
13.526212467070053,-22.718196731475754,19.999999999999993,0.0,0.0,0.0
13.524791193075295,-22.70741011000181,19.99999999999999,0.0,0.0,0.0
13.523370692963262,-22.696623321187385,19.99999999999999,0.0,0.0,0.0
13.52195096374198,-22.68583636671618,19.99999999999999,0.0,0.0,0.0
13.520532002420248,-22.675049248271755,19.99999999999999,0.0,0.0,0.0
13.519113806007613,-22.664261967537517,19.99999999999999,0.0,0.0,0.0
13.517696371514353,-22.653474526196707,19.99999999999999,0.0,0.0,0.0
13.516279695951516,-22.642686925932384,19.999999999999986,0.0,0.0,0.0
13.514863776330904,-22.631899168427484,19.99999999999999,0.0,0.0,0.0
13.513448609665073,-22.621111255364774,19.99999999999999,0.0,0.0,0.0
13.512034192967336,-22.610323188426822,19.99999999999999,0.0,0.0,0.0
13.510620523251768,-22.5995349692961,19.99999999999999,0.0,0.0,0.0
13.509207597533207,-22.588746599654858,19.99999999999999,0.0,0.0,0.0
13.507795412827244,-22.577958081185187,19.999999999999993,0.0,0.0,0.0
13.50638396615025,-22.567169415569012,19.99999999999999,0.0,0.0,0.0
13.504973254519342,-22.556380604488083,19.99999999999999,0.0,0.0,0.0
13.503563274952421,-22.545591649623972,19.999999999999993,0.0,0.0,0.0
13.50215402446816,-22.534802552658107,19.99999999999999,0.0,0.0,0.0
13.500745500085976,-22.52401331527171,19.999999999999993,0.0,0.0,0.0
13.49933769882609,-22.513223939145817,19.999999999999986,0.0,0.0,0.0
13.497930617709473,-22.5024344259613,19.999999999999993,0.0,0.0,0.0
13.49652425375789,-22.491644777398843,19.999999999999986,0.0,0.0,0.0
13.495118603993872,-22.480854995138923,19.999999999999986,0.0,0.0,0.0
13.49371366544072,-22.470065080861897,19.999999999999993,0.0,0.0,0.0
13.492309435122541,-22.459275036247874,19.99999999999999,0.0,0.0,0.0
13.490905910064189,-22.448484862976766,19.999999999999993,0.0,0.0,0.0
13.48950308729133,-22.43769456272836,19.99999999999999,0.0,0.0,0.0
13.488100963830401,-22.42690413718217,19.999999999999993,0.0,0.0,0.0
13.486699536708633,-22.416113588017573,19.99999999999999,0.0,0.0,0.0
13.48529880295402,-22.405322916913715,19.99999999999999,0.0,0.0,0.0
13.48389875959539,-22.39453212554959,19.999999999999986,0.0,0.0,0.0
13.482499403662313,-22.383741215603933,19.99999999999999,0.0,0.0,0.0
13.481100732185192,-22.37295018875531,19.99999999999999,0.0,0.0,0.0
13.479702742195194,-22.362159046682088,19.999999999999993,0.0,0.0,0.0
13.478305430724292,-22.351367791062383,19.999999999999993,0.0,0.0,0.0
13.476908794805269,-22.340576423574195,19.99999999999999,0.0,0.0,0.0
13.475512831471683,-22.329784945895234,19.999999999999993,0.0,0.0,0.0
13.474117537757902,-22.318993359703015,19.99999999999999,0.0,0.0,0.0
13.472722910699114,-22.30820166667488,19.99999999999999,0.0,0.0,0.0
13.471328947331271,-22.2974098684879,19.999999999999986,0.0,0.0,0.0
