galstreams/tracks/track.st.New-10.ibata2024.ecsv
# %ECSV 1.0
# ---
# datatype:
# - {name: ra, unit: deg, datatype: float64}
# - {name: dec, unit: deg, datatype: float64}
# - {name: distance, unit: kpc, datatype: float64}
# - {name: pm_ra_cosdec, unit: mas / yr, datatype: float64}
# - {name: pm_dec, unit: mas / yr, datatype: float64}
# - {name: radial_velocity, unit: km / s, datatype: float64}
# delimiter: ','
# meta: !!omap
# - __serialized_columns__:
#     dec:
#       __class__: astropy.coordinates.angles.Latitude
#       unit: &id001 !astropy.units.Unit {unit: deg}
#       value: !astropy.table.SerializedColumn {name: dec}
#     distance:
#       __class__: astropy.coordinates.distances.Distance
#       unit: !astropy.units.Unit {unit: kpc}
#       value: !astropy.table.SerializedColumn {name: distance}
#     pm_dec:
#       __class__: astropy.units.quantity.Quantity
#       unit: !astropy.units.Unit {unit: mas / yr}
#       value: !astropy.table.SerializedColumn {name: pm_dec}
#     pm_ra_cosdec:
#       __class__: astropy.units.quantity.Quantity
#       unit: !astropy.units.Unit {unit: mas / yr}
#       value: !astropy.table.SerializedColumn {name: pm_ra_cosdec}
#     ra:
#       __class__: astropy.coordinates.angles.Longitude
#       unit: *id001
#       value: !astropy.table.SerializedColumn {name: ra}
#       wrap_angle: !astropy.coordinates.Angle
#         unit: *id001
#         value: 360.0
#     radial_velocity:
#       __class__: astropy.units.quantity.Quantity
#       unit: !astropy.units.Unit {unit: km / s}
#       value: !astropy.table.SerializedColumn {name: radial_velocity}
# schema: astropy-2.0
ra,dec,distance,pm_ra_cosdec,pm_dec,radial_velocity
[from data line 1307]
147.09911940335243,-14.537814382244958,1.0000000000000002,2.2743723484330562,6.253921513863189,111.93297260362684
147.10281425219566,-14.527569709446876,1.0,2.2742183112955754,6.2525772096682,111.94032378912344
147.1065083718957,-14.517324823188511,1.0,2.2740642209004793,6.251232070682799,111.94766274023101
147.11020176175967,-14.507079723126688,1.0000000000000002,2.273910077336163,6.249886093425623,111.95498943817911
147.11389442109478,-14.496834408918236,1.0,2.2737558806911107,6.248539274415347,111.9623038641973
147.1175863492082,-14.486588880220038,1.0,2.2736016310539675,6.247191610170686,111.96960599951508
147.12127754540717,-14.476343136688985,1.0,2.2734473285134715,6.24584309721039,111.97689582536199
147.12496800899876,-14.466097177982002,1.0000000000000002,2.273292973158494,6.244493732053244,111.98417332296755
147.12865773929022,-14.455851003756026,1.0,2.2731385650780194,6.243143511218074,111.99143847356135
147.13234673558873,-14.445604613668033,1.0,2.2729841043611607,6.24179243122374,111.99869125837279
147.13603499720148,-14.435358007375015,1.0,2.272829591097139,6.240440488589135,112.00593165863158
147.13972252343558,-14.425111184533991,0.9999999999999999,2.272675025375319,6.239087679833202,112.01315965556707
147.14340931359828,-14.41486414480201,1.0000000000000002,2.272520407285157,6.237734001474905,112.02037523040893
147.14709536699672,-14.40461688783614,1.0,2.272365736916262,6.23637945003327,112.02757836438664
147.1507806829381,-14.39436941329347,1.0,2.272211014358316,6.235024022027327,112.03476903872975
147.15446526072958,-14.384121720831116,1.0000000000000002,2.272056239701149,6.233667713976166,112.04194723466776
147.15814909967835,-14.373873810106232,0.9999999999999999,2.271901413034721,6.2323105223989135,112.04911293343018
147.16183219909155,-14.363625680775973,1.0,2.271746534449079,6.230952443814716,112.05626611624665
147.16551455827639,-14.353377332497532,1.0000000000000002,2.2715916040344055,6.229593474742776,112.06340676434657
147.16919617654,-14.343128764928132,1.0000000000000002,2.2714366218809996,6.2282336117023265,112.07053485895959
147.17287705318958,-14.332879977724998,1.0,2.271281588079269,6.226872851212633,112.07765038131514
147.17655718753224,-14.322630970545399,1.0,2.2711265027197562,6.2255111897930036,112.08475331264282
147.18023657887522,-14.31238174304662,1.0000000000000002,2.2709713658930877,6.224148623962781,112.09184363417211
147.18391522652564,-14.302132294885972,1.0000000000000002,2.270816177690037,6.222785150241345,112.09892132713262
147.18759312979063,-14.291882625720788,1.0000000000000002,2.2706609382014786,6.221420765148112,112.10598637275378
147.19127028797735,-14.28163273520843,1.0,2.2705056475184104,6.220055465202539,112.11303875226518
147.194946700393,-14.271382623006266,1.0,2.2703503057319256,6.218689246924112,112.12007844689636
147.19862236634467,-14.26113228877171,1.0,2.2701949129332526,6.217322106832363,112.12710543787684
147.2022972851395,-14.250881732162187,1.0000000000000002,2.2700394692137262,6.215954041446851,112.13411970643615
147.20597145608465,-14.240630952835144,1.0,2.2698839746648005,6.214585047287184,112.14112123380383
147.20964487848727,-14.230379950448055,1.0,2.2697284293780235,6.213215120872998,112.14811000120935
147.21331755165443,-14.220128724658421,1.0000000000000002,2.269572833445089,6.211844258723966,112.1550859898824
147.21698947489327,-14.209877275123754,1.0000000000000002,2.269417186957776,6.210472457359804,112.16204918105232
147.22066064751095,-14.199625601501607,1.0,2.269261490007988,6.209099713300262,112.16899955594872
147.22433106881456,-14.189373703449535,1.0000000000000002,2.2691057426877226,6.207726023065118,112.17593709580119
147.22800073811118,-14.179121580625125,1.0,2.2689499450891315,6.2063513831742005,112.18286178183914
147.23166965470796,-14.168869232685992,1.0,2.2687940973044256,6.204975790147371,112.18977359529227
147.23533781791193,-14.158616659289763,1.0000000000000002,2.2686381994259754,6.2035992405045155,112.19667251738998
147.23900522703025,-14.148363860094095,1.0000000000000002,2.2684822515462173,6.202221730765577,112.20355852936181
147.24267188136994,-14.138110834756672,1.0,2.268326253757733,6.2008432574505195,112.21043161243732
147.24633778023815,-14.12785758293519,1.0000000000000002,2.268170206153192,6.199463817079353,112.21729174784606
147.25000292294186,-14.117604104287363,1.0,2.2680141088253993,6.1980834061721195,112.22413891681754
147.2536673087882,-14.107350398470942,1.0000000000000002,2.2678579618672288,6.1967020212488935,112.23097310058132
147.25733093708422,-14.097096465143686,1.0000000000000002,2.2677017653717026,6.195319658829795,112.23779428036686
147.26099380713697,-14.086842303963394,1.0,2.267545519431934,6.193936315434982,112.24460243740377
147.26465591825348,-14.076587914587867,1.0,2.2673892241411426,6.192551987584634,112.2513975529215
147.26831726974078,-14.06633329667493,1.0000000000000002,2.267232879592667,6.191166671798981,112.2581796081497
147.27197786090588,-14.056078449882454,1.0000000000000002,2.2670764858799437,6.189780364598292,112.26494858431776
147.27563769105583,-14.045823373868293,1.0000000000000002,2.266920043096526,6.1883930625028585,112.27170446265538
147.27929675949764,-14.035568068290358,1.0,2.26676355133605,6.1870047620330215,112.27844722439191
147.28295506553832,-14.025312532806556,1.0000000000000002,2.2666070106922973,6.185615459709146,112.28517685075701
147.28661260848483,-14.015056767074826,1.0000000000000002,2.2664504212591208,6.184225152051647,112.29189332298016
147.29026938764417,-14.004800770753135,1.0000000000000002,2.2662937831305108,6.182833835580972,112.29859662229087
147.2939254023233,-13.994544543499458,1.0,2.266137096400536,6.181441506817601,112.30528672991876
147.29758065182926,-13.984288084971794,1.0000000000000002,2.2659803611633684,6.180048162282047,112.31196362709329
147.30123513546891,-13.97403139482817,1.0000000000000002,2.265823577513334,6.178653798494871,112.318627295044
147.30488885254923,-13.963774472726634,1.0,2.265666745544806,6.177258411976666,112.32527771500041
147.3085418023772,-13.953517318325238,1.0,2.265509865352268,6.1758619992480535,112.33191486819207
147.31219398425966,-13.943259931282077,1.0,2.265352937030359,6.174464556829705,112.33853873584854
147.31584539750358,-13.933002311255251,1.0,2.265195960673772,6.173066081242314,112.34514929919929
147.3194960414159,-13.922744457902885,1.0,2.2650389363773034,6.1716665690066215,112.35174653947395
147.32314591530348,-13.912486370883133,1.0,2.264881864235882,6.1702660166434,112.35833043790194
147.32679501847318,-13.902228049854154,1.0000000000000002,2.2647247443445213,6.168864420673459,112.36490097571286
147.33044335023192,-13.891969494474138,1.0000000000000002,2.2645675767983526,6.167461777617646,112.37145813413623
147.3340909098865,-13.881710704401295,1.0,2.264410361692587,6.166058083996846,112.37800189440152
147.33773769674386,-13.871451679293848,1.0,2.2642530991225414,6.164653336331973,112.38453223773837
147.34138371011076,-13.861192418810045,1.0,2.2640957891836617,6.163247531143986,112.39104914537624
147.3450289492941,-13.850932922608152,1.0,2.26393843197145,6.161840664953868,112.39755259854465
147.34867341360058,-13.840673190346463,1.0000000000000002,2.2637810275815564,6.16043273428266,112.40404257847321
147.35231710233708,-13.830413221683276,1.0,2.2636235761097137,6.159023735651418,112.4105190663914
147.35596001481045,-13.820153016276922,1.0000000000000002,2.2634660776517173,6.157613665581243,112.41698204352873
147.35960215032733,-13.809892573785753,1.0,2.263308532303533,6.156202520593274,112.42343149111474
147.36324350819459,-13.799631893868126,1.0,2.2631509401611627,6.154790297208679,112.42986739037902
147.36688408771894,-13.789370976182425,1.0,2.262993301320744,6.153376991948672,112.43628972255105
147.37052388820715,-13.779109820387053,1.0000000000000002,2.2628356158785046,6.151962601334489,112.44269846886034
147.37416290896584,-13.768848426140451,1.0000000000000002,2.2626778839307864,6.150547121887422,112.44909361053648
147.37780114930186,-13.758586793101044,1.0,2.262520105573982,6.149130550128785,112.45547512880894
147.38143860852185,-13.748324920927296,1.0000000000000002,2.26236228090462,6.147712882579926,112.46184300490737
147.38507528593246,-13.738062809277697,1.0,2.2622044100193364,6.146294115762244,112.46819722006114
147.38871118084037,-13.727800457810739,1.0,2.2620464930148447,6.144874246197158,112.47453775549987
147.39234629255225,-13.717537866184943,1.0,2.2618885299879476,6.143453270406128,112.48086459245309
147.3959806203748,-13.707275034058846,1.0000000000000002,2.2617305210355596,6.142031184910656,112.48717771215034
147.3996141636145,-13.697011961091004,1.0,2.2615724662546963,6.140607986232275,112.4934770958211
147.40324692157805,-13.686748646939993,1.0000000000000002,2.261414365742459,6.139183670892553,112.49976272469499
147.406878893572,-13.676485091264405,1.0,2.261256219596037,6.1377582354130995,112.50603458000147
147.410510078903,-13.666221293722854,1.0000000000000002,2.2610980279127375,6.1363316763155495,112.51229264297008
147.41414047687755,-13.65595725397397,1.0000000000000002,2.2609397907899353,6.13490399012159,112.51853689483036
147.41777008680222,-13.645692971676397,1.0,2.2607815083251275,6.133475173352927,112.52476731681188
147.4213989079835,-13.635428446488802,1.0,2.2606231806159016,6.132045222531311,112.53098389014407
147.42502693972796,-13.625163678069876,1.0,2.260464807759911,6.130614134178534,112.53718659605657
147.42865418134204,-13.61489866607831,1.0,2.2603063898549376,6.129181904816405,112.54337541577891
147.43228063213223,-13.60463341017284,1.0,2.260147926998835,6.1277485309667945,112.5495503305405
147.43590629140505,-13.59436791001219,1.0000000000000002,2.2599894192895498,6.126314009151587,112.555711321571
147.43953115846688,-13.584102165255127,1.0,2.259830866825151,6.124878335892721,112.56185837009987
147.44315523262415,-13.573836175560418,1.0,2.2596722697037617,6.123441507712151,112.56799145735671
147.44677851318332,-13.56356994058685,1.0000000000000002,2.2595136280236225,6.1220035211318775,112.57411056457096
147.4504009994507,-13.553303459993243,1.0000000000000002,2.2593549418830516,6.120564372673945,112.58021567297222
147.45402269073273,-13.54303673343842,1.0,2.259196211380477,6.119124058860426,112.58630676378999
147.45764358633573,-13.532769760581221,0.9999999999999999,2.25903743661439,6.117682576213424,112.59238381825386
147.46126368556602,-13.522502541080506,1.0000000000000002,2.258878617683413,6.116239921255076,112.5984468175933
147.46488298773002,-13.512235074595159,1.0,2.258719754686199,6.1147960905075776,112.60449574303783
147.4685014921339,-13.501967360784072,1.0,2.2585608477215597,6.113351080493135,112.61053057581707
147.472119198084,-13.491699399306157,1.0,2.2584018968883512,6.111904887733994,112.61655129716041
147.47573610488658,-13.481431189820343,1.0,2.2582429022855397,6.110457508752452,112.62255788829752
147.47935221184787,-13.471162731985576,0.9999999999999999,2.2580838640121677,6.109008940070826,112.62855033045783
147.48296751827408,-13.460894025460822,1.0,2.257924782167377,6.1075591782114715,112.63452860487095
147.48658202347144,-13.450625069905056,1.0,2.2577656568503883,6.106108219696785,112.64049269276637
147.49019572674607,-13.440355864977272,1.0,2.2576064881605404,6.104656061049195,112.64644257537363
147.4938086274042,-13.430086410336491,1.0,2.2574472761972117,6.103202698791169,112.65237823392225
147.49742072475198,-13.419816705641738,1.0,2.2572880210598996,6.101748129445206,112.65829964964179
147.50103201809543,-13.409546750552058,1.0000000000000002,2.2571287228482078,6.100292349533838,112.66420680376179
147.5046425067407,-13.399276544726511,1.0,2.2569693816617793,6.098835355579644,112.67009967751171
147.50825218999393,-13.389006087824178,1.0000000000000002,2.2568099976003655,6.097377144105222,112.67597825212117
147.51186106716105,-13.378735379504151,1.0,2.2566505707638296,6.0959177116332235,112.68184250881959
147.5154691375482,-13.368464419425544,1.0000000000000002,2.2564911012520827,6.094457054686316,112.68769242883667
147.51907640046133,-13.35819320724748,1.0,2.2563315891651445,6.09299516978723,112.6935279934018
147.52268285520645,-13.347921742629099,1.0,2.256172034603102,6.091532053458696,112.69934918374453
147.5262885010895,-13.33765002522956,1.0,2.2560124376661754,6.090067702223509,112.70515598109448
147.52989333741652,-13.327378054708038,1.0,2.2558527984545904,6.088602112604482,112.71094836668107
147.5334973634933,-13.317105830723726,1.0000000000000002,2.255693117068734,6.087135281124475,112.7167263217339
147.53710057862583,-13.30683335293582,1.0,2.255533393609033,6.085667204306382,112.72248982748245
147.54070298211994,-13.296560621003541,0.9999999999999999,2.2553736281760184,6.084197878673121,112.72823886515631
147.54430457328147,-13.286287634586134,1.0,2.255213820870299,6.082727300747658,112.73397341598505
147.5479053514163,-13.276014393342844,1.0,2.2550539717925595,6.081255467052989,112.73969346119804
147.5515053158302,-13.265740896932934,1.0,2.254894081043581,6.079782374112144,112.74539898202497
147.55510446582898,-13.255467145015691,1.0000000000000002,2.2547341487242107,6.078308018448191,112.75108995969532
147.55870280071838,-13.245193137250407,1.0,2.25457417493541,6.076832396584239,112.7567663754386
147.5623003198041,-13.234918873296396,1.0000000000000002,2.2544141597781877,6.075355505043413,112.76242821048433
147.5658970223919,-13.224644352812984,1.0,2.2542541033536487,6.0738773403489,112.7680754460621
147.56949290778743,-13.21436957545951,1.0,2.2540940057629975,6.072397899023897,112.77370806340137
147.57308797529635,-13.204094540895335,0.9999999999999999,2.253933867107497,6.070917177591655,112.77932604373171
147.5766822242243,-13.193819248779823,1.0,2.25377368748849,6.06943517257545,112.78492936828272
147.58027565387692,-13.18354369877236,1.0,2.253613467007403,6.067951880498591,112.79051801828382
147.58386826355974,-13.173267890532351,1.0,2.253453205765764,6.0664672978844365,112.7960919749646
147.58746005257834,-13.162991823719208,1.0000000000000002,2.2532929038651623,6.064981421256364,112.80165121955456
147.59105102023827,-13.152715497992357,0.9999999999999999,2.2531325614072664,6.063494247137798,112.8071957332833
147.59464116584496,-13.14243891301124,1.0,2.252972178493838,6.062005772052185,112.81272549738024
147.598230488704,-13.132162068435315,1.0000000000000002,2.2528117552266966,6.060515992523017,112.81824049307501
147.60181898812073,-13.121884963924062,1.0000000000000002,2.2526512917077675,6.059024905073826,112.82374070159707
147.60540666340063,-13.11160759913695,1.0000000000000002,2.2524907880390277,6.057532506228163,112.82922610417606
147.6089935138491,-13.101329973733494,1.0,2.252330244322554,6.05603879250963,112.83469668204137
147.6125795387715,-13.091052087373194,1.0000000000000002,2.2521696606604937,6.054543760441849,112.84015241642264
147.61616473747318,-13.080773939715582,1.0,2.252009037155073,6.05304740654849,112.84559328854934
147.61974910925943,-13.070495530420198,1.0,2.25184837390859,6.051549727353246,112.851019279651
147.62333265343557,-13.0602168591466,1.0,2.251687671023433,6.0500507193798585,112.85643037095724
147.62691536930683,-13.049937925554351,1.0,2.251526928602045,6.048550379152096,112.86182654369749
147.63049725617847,-13.039658729303033,1.0,2.251366146746978,6.047048703193759,112.86720777910134
147.63407831335564,-13.029379270052248,1.0,2.2512053255608517,6.045545688028693,112.87257405839829
147.63765854014358,-13.019099547461584,1.0000000000000002,2.2510444651463164,6.044041330180764,112.87792536281786
147.64123793584739,-13.008819561190688,1.0,2.25088356560617,6.04253562617389,112.88326167358962
147.6448164997722,-12.998539310899174,1.0,2.2507226270432295,6.041028572532007,112.88858297194312
147.64839423122308,-12.988258796246702,1.0,2.2505616495604244,6.039520165779099,112.89388923910784
147.65197112950509,-12.977978016892925,1.0,2.2504006332607407,6.038010402439179,112.8991804563133
