galstreams/tracks/track.st.NGC2298.ibata2021.ecsv
# %ECSV 0.9
# ---
# datatype:
# - {name: ra, unit: deg, datatype: float64}
# - {name: dec, unit: deg, datatype: float64}
# - {name: distance, unit: kpc, datatype: float64}
# - {name: pm_ra_cosdec, unit: mas / yr, datatype: float64}
# - {name: pm_dec, unit: mas / yr, datatype: float64}
# - {name: radial_velocity, unit: km / s, datatype: float64}
# delimiter: ','
# meta: !!omap
# - __serialized_columns__:
#     dec:
#       __class__: astropy.coordinates.angles.Latitude
#       unit: &id001 !astropy.units.Unit {unit: deg}
#       value: !astropy.table.SerializedColumn {name: dec}
#     distance:
#       __class__: astropy.coordinates.distances.Distance
#       unit: !astropy.units.Unit {unit: kpc}
#       value: !astropy.table.SerializedColumn {name: distance}
#     pm_dec:
#       __class__: astropy.units.quantity.Quantity
#       unit: !astropy.units.Unit {unit: mas / yr}
#       value: !astropy.table.SerializedColumn {name: pm_dec}
#     pm_ra_cosdec:
#       __class__: astropy.units.quantity.Quantity
#       unit: !astropy.units.Unit {unit: mas / yr}
#       value: !astropy.table.SerializedColumn {name: pm_ra_cosdec}
#     ra:
#       __class__: astropy.coordinates.angles.Longitude
#       unit: *id001
#       value: !astropy.table.SerializedColumn {name: ra}
#       wrap_angle: !astropy.coordinates.Angle
#         unit: *id001
#         value: 360.0
#     radial_velocity:
#       __class__: astropy.units.quantity.Quantity
#       unit: !astropy.units.Unit {unit: km / s}
#       value: !astropy.table.SerializedColumn {name: radial_velocity}
# schema: astropy-2.0
ra,dec,distance,pm_ra_cosdec,pm_dec,radial_velocity
[from data line 274]
96.46924918051488,-33.14843011980993,13.82429782944905,2.823393577603672,-2.1137248746808,-7.578690416885104e-14
96.48039273779297,-33.15247224646841,13.823343951441755,2.8230974872701924,-2.113766152805037,-4.210383564936169e-14
96.49153287471718,-33.156518971326264,13.82235551156693,2.8228102579614385,-2.1138080235958503,-5.0524602779234026e-14
96.50266959612843,-33.16057029108588,13.821332609835004,2.8225318648919933,-2.1138504830344185,-5.0524602779234026e-14
96.51380290686618,-33.16462620244836,13.820275346256407,2.822262283275325,-2.113893527113323,-5.894536990910637e-14
96.52493281176831,-33.16868670211332,13.819183820841584,2.822001488323772,-2.11393715183655,-5.0524602779234026e-14
96.53605931567103,-33.17275178677888,13.818058133600958,2.821749455248568,-2.113981353219496,-5.0524602779234026e-14
96.54718242340901,-33.176821453141805,13.816898384544974,2.821506159259823,-2.114026127288936,-5.894536990910637e-14
96.5583021398155,-33.18089569789745,13.815704673684056,2.8212715755665516,-2.1140714700830374,-3.368306851948935e-14
96.56941846972185,-33.18497451773961,13.814477101028645,2.821045679376653,-2.114117377651348,-4.210383564936169e-14
96.5805314179582,-33.18905790936081,13.813215766589172,2.820828445896931,-2.1141638460547854,-6.73661370389787e-14
96.59164098935283,-33.19314586945201,13.811920770376073,2.8206198503330904,-2.114210871365635,-5.894536990910637e-14
96.6027471887326,-33.19723839470282,13.810592212399783,2.8204198678897425,-2.114258449667541,-7.578690416885104e-14
96.61385002092287,-33.20133548180146,13.809230192670729,2.820228473770411,-2.114306577055502,-2.5262301389617013e-14
96.6249494907472,-33.20543712743457,13.80783481119936,2.820045643177526,-2.114355249635863,-8.420767129872338e-14
96.63604560302781,-33.20954332828751,13.806406167996094,2.819871351312444,-2.1144044635263097,-5.894536990910637e-14
96.64713836258535,-33.213654081044204,13.804944363071376,2.819705573375436,-2.1144542148558605,-4.210383564936169e-14
96.65822777423871,-33.21776938238703,13.803449496435634,2.8195482845656996,-2.114504499764866,-5.894536990910637e-14
96.66931384280544,-33.22188922899708,13.801921668099306,2.819399460081362,-2.1145553144049947,-6.73661370389787e-14
96.68039657310148,-33.22601361755397,13.800360978072828,2.819259075119479,-2.1146066549392275,-8.420767129872338e-14
96.6914759699411,-33.230142544735855,13.798767526366625,2.8191271048760433,-2.114658517541862,-5.894536990910637e-14
96.70255203813716,-33.23427600721951,13.797141412991143,2.8190035245459866,-2.1147108983984917,-8.420767129872338e-14
96.71362478250096,-33.23841400168034,13.79548273795681,2.818888309323185,-2.114763793706008,-7.578690416885104e-14
96.7246942078421,-33.2425565247922,13.793791601274055,2.8187814344004565,-2.1148171996725953,-1.0104920555846805e-13
96.7357603189689,-33.246703573227656,13.792068102953325,2.818682874969569,-2.1148711125177138,-4.210383564936169e-14
96.74682312068782,-33.25085514365775,13.790312343005043,2.818592606221249,-2.114925528472112,-3.368306851948935e-14
96.75788261780401,-33.25501123275217,13.788524421439645,2.818510603345176,-2.1149804437778013,-8.420767129872338e-15
96.76893881512106,-33.2591718371792,13.786704438267575,2.8184368415299876,-2.115035854688058,-5.894536990910637e-14
96.77999171744086,-33.26333695360563,13.78485249349926,2.8183712959632907,-2.1150917574674244,-9.262843842859572e-14
96.79104132956394,-33.267506578696924,13.78296868714513,2.8183139418316574,-2.1151481483916887,-5.0524602779234026e-14
96.80208765628926,-33.27168070911709,13.781053119215624,2.81826475432063,-2.115205023747886,-4.210383564936169e-14
96.8131307024141,-33.27585934152867,13.779105889721176,2.818223708614725,-2.115262379834296,-6.73661370389787e-14
96.82417047273438,-33.280042472592896,13.777127098672219,2.8181907798974386,-2.1153202129604294,-9.262843842859572e-14
96.83520697204449,-33.28423009896955,13.775116846079191,2.81816594335125,-2.115378519447022,-5.894536990910637e-14
96.8462402051371,-33.28842221731693,13.77307523195252,2.81814917415762,-2.115437295626039,-9.262843842859572e-14
96.85727017680361,-33.292618824292056,13.771002356302644,2.8181404474970013,-2.1154965378406545,-5.894536990910637e-14
96.86829689183367,-33.296819916550376,13.768898319139995,2.818139738548839,-2.1155562424452574,-1.6841534259744676e-14
96.87932035501551,-33.30102549074605,13.766763220475012,2.8181470224915706,-2.1156164058054356,-4.210383564936169e-14
96.89034057113592,-33.305235543531836,13.764597160318127,2.8181622745026353,-2.115677024297977,-6.73661370389787e-14
96.90135754497997,-33.30945007155898,13.76240023867977,2.8181854697584776,-2.1157380943108626,-7.578690416885104e-14
96.91237128133137,-33.3136690714774,13.760172555570383,2.8182165834345425,-2.1157996122432556,-8.420767129872338e-14
96.92338178497235,-33.317892539935634,13.757914211000392,2.818255590705294,-2.1158615745055016,-3.368306851948935e-14
96.93438906068337,-33.322120473580696,13.755625304980232,2.8183024667441985,-2.1159239775191185,-8.420767129872338e-14
96.94539311324365,-33.32635286905832,13.753305937520345,2.8183571867237487,-2.1159868177167946,-6.73661370389787e-14
96.95639394743084,-33.33058972301278,13.750956208631159,2.8184197258154526,-2.116050091542372,-1.0946997268834039e-13
96.96739156802093,-33.33483103208691,13.748576218323109,2.8184900591898416,-2.1161137954508584,-4.210383564936169e-14
96.97838597978861,-33.339076792922235,13.746166066606632,2.818568162016476,-2.116177925908404,-5.0524602779234026e-14
96.98937718750685,-33.343327002158766,13.743725853492158,2.8186540094639514,-2.1162424793923105,-8.420767129872338e-14
97.00036519594727,-33.34758165643519,13.741255678990123,2.818747576699888,-2.116307452391009,-8.420767129872338e-14
97.01135000988003,-33.35184075238882,13.73875564311096,2.8188488388909554,-2.1163728414040675,-5.894536990910637e-14
97.02233163407357,-33.356104286655444,13.736225845865109,2.8189577712028506,-2.11643864294218,-5.0524602779234026e-14
97.03331007329501,-33.36037225586956,13.733666387262994,2.8190743488003287,-2.1165048535271613,-4.210383564936169e-14
97.04428533231,-33.364644656664254,13.731077367315061,2.819198546847185,-2.1165714696919373,-6.73661370389787e-14
97.0552574158825,-33.368921485671166,13.728458886031738,2.819330340506269,-2.1166384879805484,-6.73661370389787e-14
97.06622632877513,-33.373202739520565,13.725811043423455,2.8194697049394857,-2.1167059049481356,-2.5262301389617013e-14
97.07719207574905,-33.37748841484137,13.723133939500654,2.819616615307797,-2.1167737171609335,-7.578690416885104e-14
97.08815466156376,-33.381778508261,13.720427674273765,2.81977104677123,-2.116841921196275,-2.5262301389617013e-14
97.09911409097741,-33.386073016405554,13.717692347753223,2.8199329744888697,-2.1169105136425728,-5.0524602779234026e-14
97.11007036874668,-33.39037193589976,13.714928059949463,2.8201023736188806,-2.116979491099322,-7.578690416885104e-14
97.12102349962659,-33.394675263366864,13.71213491087292,2.8202792193184893,-2.1170488501770928,-4.210383564936169e-14
97.1319734883709,-33.39898299542881,13.709313000534024,2.820463486744006,-2.1171185874975227,-1.0104920555846805e-13
97.14292033973169,-33.403295128706056,13.706462428943215,2.820655151050813,-2.117188699693313,-5.0524602779234026e-14
97.15386405845967,-33.40761165981774,13.70358329611092,2.8208541873933815,-2.1172591834082217,-4.210383564936169e-14
97.16480464930412,-33.41193258538163,13.700675702047581,2.8210605709252645,-2.1173300352970554,-6.73661370389787e-14
97.17574211701265,-33.41625790201398,13.697739746763627,2.8212742767991053,-2.117401252025675,-7.578690416885104e-14
97.18667646633158,-33.4205876063298,13.694775530269496,2.8214952801666393,-2.1174728302709718,-4.210383564936169e-14
97.19760770200573,-33.42492169494265,13.691783152575615,2.821723556178702,-2.1175447667208767,-7.578690416885104e-14
97.2085358287783,-33.42926016446466,13.688762713692427,2.8219590799852203,-2.1176170580743516,-7.578690416885104e-14
97.21946085139118,-33.43360301150661,13.685714313630365,2.8222018267352307,-2.1176897010413773,-6.73661370389787e-14
97.2303827745848,-33.43795023267797,13.682638052399856,2.8224517715768767,-2.1177626923429536,-4.210383564936169e-14
97.24130160309794,-33.44230182458665,13.67953403001134,2.8227088896574037,-2.1178360287110967,-2.5262301389617013e-14
97.25221734166811,-33.446657783839356,13.676402346475253,2.822973156123177,-2.117909706888822,-5.0524602779234026e-14
97.26312999503122,-33.45101810704125,13.673243101802022,2.8232445461196765,-2.1179837236301573,-8.420767129872338e-14
97.2740395679218,-33.455382790796236,13.670056396002089,2.8235230347915015,-2.1180580757001155,-3.368306851948935e-14
97.28494606507294,-33.45975183170679,13.666842329085885,2.8238085972823734,-2.118132759874702,-2.5262301389617013e-14
97.29584949121615,-33.464125226373966,13.663601001063842,2.824101208735141,-2.1182077729409134,-5.0524602779234026e-14
97.30674985108155,-33.468502971397506,13.660332511946395,2.824400844291785,-2.1182831116967202,-5.894536990910637e-14
97.3176471493979,-33.472885063375735,13.657036961743982,2.824707479093415,-2.118358772951065,-6.73661370389787e-14
97.32854139089231,-33.47727149890556,13.653714450467037,2.8250210882802773,-2.118434753523865,-3.368306851948935e-14
97.33943258029058,-33.48166227458257,13.650365078125986,2.8253416469917627,-2.1185110502459965,-8.420767129872338e-14
97.3503207223171,-33.48605738700098,13.646988944731273,2.825669130366402,-2.118587659959291,-6.73661370389787e-14
97.36120582169458,-33.49045683275356,13.643586150293325,2.8260035135418713,-2.1186645795165404,-3.368306851948935e-14
97.37208788314452,-33.49486060843173,13.640156794822582,2.826344771654998,-2.1187418057814753,-5.0524602779234026e-14
97.38296691138692,-33.499268710625614,13.636700978329474,2.826692879841762,-2.1188193356287703,-5.0524602779234026e-14
97.39384291114018,-33.50368113592379,13.63321880082444,2.8270478132372996,-2.1188971659440394,-5.894536990910637e-14
97.40471588712153,-33.50809788091366,13.62971036231791,2.827409546975909,-2.118975293623823,-5.894536990910637e-14
97.41558584404646,-33.51251894218107,13.62617576282032,2.8277780561910464,-2.119053715575591,-4.210383564936169e-14
97.42645278662924,-33.516944316310585,13.6226151023421,2.8281533160153414,-2.1191324287177316,-1.6841534259744676e-14
97.43731671958267,-33.52137399988544,13.619028480893691,2.828535301580588,-2.1192114299795457,-5.0524602779234026e-14
97.44817764761795,-33.52580798948736,13.615415998485526,2.828923988017751,-2.119290716301249,-8.420767129872338e-14
97.45903557544506,-33.530246281696826,13.611777755128033,2.829319350456979,-2.1193702846339573,-6.73661370389787e-14
97.46989050777248,-33.53468887309292,13.60811385083165,2.8297213640275967,-2.1194501319396863,-6.73661370389787e-14
97.48074244930713,-33.539135760253274,13.604424385606814,2.830130003858107,-2.11953025519135,-6.73661370389787e-14
97.49159140475466,-33.543586939754235,13.600709459463959,2.8305452450762045,-2.119610651372744,-4.210383564936169e-14
97.50243737881927,-33.548042408170794,13.596969172413512,2.8309670628087753,-2.119691317478554,-5.894536990910637e-14
97.51328037620358,-33.55250216207646,13.593203624465916,2.831395432181887,-2.119772250514341,-7.578690416885104e-14
97.52412040160904,-33.55696619804351,13.5894129156316,2.831830328320816,-2.1198534474965376,-6.73661370389787e-14
97.53495745973542,-33.56143451264273,13.585597145920998,2.8322717263500294,-2.119934905452451,-5.0524602779234026e-14
97.54579155528124,-33.56590710244363,13.581756415344548,2.832719601393201,-2.1200166214202443,-6.73661370389787e-14
97.55662269294356,-33.57038396401435,13.577890823912682,2.8331739285732094,-2.12009859244894,-8.420767129872338e-14
97.56745087741795,-33.57486509392159,13.574000471635834,2.8336346830121384,-2.1201808155984176,-5.894536990910637e-14
97.57827611339866,-33.579350488730746,13.570085458524439,2.8341018398312907,-2.1202632879394008,-5.894536990910637e-14
97.58909840557851,-33.58384014500588,13.56614588458893,2.8345753741511786,-2.1203460065534534,-5.894536990910637e-14
97.5999177586488,-33.58833405930957,13.562181849839746,2.8350552610915347,-2.120428968532983,-5.0524602779234026e-14
97.61073417729953,-33.59283222820314,13.558193454287311,2.835541475771318,-2.120512170981227,-4.210383564936169e-14
97.62154766621931,-33.597334648246566,13.55418079794207,2.8360339933087055,-2.120595611012246,-6.73661370389787e-14
97.6323582300952,-33.60184131599836,13.55014398081445,2.8365327888211076,-2.120679285750932,-3.368306851948935e-14
97.64316587361303,-33.60635222801574,13.54608310291489,2.837037837425163,-2.1207631923329844,-9.262843842859572e-14
97.65397060145703,-33.61086738085455,13.54199826425382,2.8375491142367464,-2.1208473279049236,-6.73661370389787e-14
97.66477241831018,-33.615386771069275,13.537889564841677,2.8380665943709715,-2.1209316896240726,-8.420767129872338e-14
97.67557132885405,-33.61991039521309,13.533757104688895,2.838590252942195,-2.121016274658558,-7.578690416885104e-14
97.68636733776867,-33.6244382498377,13.529600983805906,2.839120065064013,-2.121101080187305,-2.5262301389617013e-14
97.6971604497328,-33.628970331493534,13.525421302203148,2.8396560058492724,-2.1211861034000328,-9.262843842859572e-14
97.70795066942387,-33.6335066367297,13.521218159891053,2.8401980504100712,-2.1212713414972417,-3.368306851948935e-14
97.71873800151762,-33.63804716209381,13.516991656880055,2.8407461738577586,-2.1213567916902245,-6.73661370389787e-14
97.7295224506887,-33.64259190413226,13.512741893180591,2.841300351302946,-2.1214424512010455,-8.420767129872338e-14
97.7403040216103,-33.64714085939008,13.508468968803085,2.841860557855504,-2.121528317262544,-7.578690416885104e-14
97.75108271895405,-33.6516940244108,13.504172983757984,2.8424267686245597,-2.121614387118327,-6.73661370389787e-14
97.76185854739036,-33.65625139573677,13.499854038055721,2.842998958718517,-2.1217006580227658,-4.210383564936169e-14
97.77263151158826,-33.66081296990893,13.495512231706725,2.8435771032450448,-2.1217871272409896,-3.368306851948935e-14
97.78340161621523,-33.66537874346679,13.491147664721424,2.844161177311086,-2.1218737920488846,-6.73661370389787e-14
97.79416886593758,-33.66994871294865,13.486760437110268,2.844751156022859,-2.121960649733079,-5.0524602779234026e-14
97.80493326542,-33.67452287489132,13.482350648883678,2.8453470144858635,-2.122047697590955,-2.5262301389617013e-14
97.81569481932598,-33.67910122583033,13.477918400052097,2.845948727804878,-2.122134932930626,-6.73661370389787e-14
97.82645353231764,-33.68368376229991,13.473463790625956,2.8465562710839745,-2.122222353070942,-5.894536990910637e-14
97.83720940905556,-33.688270480832806,13.468986920615686,2.8471696194265066,-2.1223099553414873,-2.5262301389617013e-14
97.84796245419903,-33.69286137796052,13.464487890031727,2.8477887479351214,-2.1223977370825677,-7.578690416885104e-14
97.8587126724061,-33.69745645021324,13.459966798884505,2.8484136317117663,-2.1224856956452083,-2.5262301389617013e-14
97.86946006833313,-33.702055694119636,13.455423747184462,2.8490442458576806,-2.1225738283911566,-3.368306851948935e-14
97.8802046466354,-33.706659106207205,13.45085883494203,2.8496805654734105,-2.1226621326928647,8.420767129872338e-15
97.89094641196674,-33.711266683002044,13.446272162167645,2.8503225656588023,-2.122750605933491,-4.210383564936169e-14
97.90168536897949,-33.71587842102886,13.441663828871734,2.8509702215130135,-2.1228392455069036,-5.0524602779234026e-14
97.91242152232479,-33.720494316811084,13.437033935064738,2.851623508134514,-2.12292804881766,-5.0524602779234026e-14
97.92315487665226,-33.72511436687072,13.432382580757091,2.852282400621082,-2.1230170132810153,-5.894536990910637e-14
97.93388543661027,-33.7297385677285,13.427709865959224,2.8529468740698194,-2.1231061363229107,-5.0524602779234026e-14
97.94461320684583,-33.73436691590384,13.423015890681576,2.853616903577144,-2.1231954153799695,-5.0524602779234026e-14
