galstreams/tracks/track.st.NGC3201-Gjoll.ibata2021.ecsv
# %ECSV 0.9
# ---
# datatype:
# - {name: ra, unit: deg, datatype: float64}
# - {name: dec, unit: deg, datatype: float64}
# - {name: distance, unit: kpc, datatype: float64}
# - {name: pm_ra_cosdec, unit: mas / yr, datatype: float64}
# - {name: pm_dec, unit: mas / yr, datatype: float64}
# - {name: radial_velocity, unit: km / s, datatype: float64}
# delimiter: ','
# meta: !!omap
# - __serialized_columns__:
#     dec:
#       __class__: astropy.coordinates.angles.Latitude
#       unit: &id001 !astropy.units.Unit {unit: deg}
#       value: !astropy.table.SerializedColumn {name: dec}
#     distance:
#       __class__: astropy.coordinates.distances.Distance
#       unit: !astropy.units.Unit {unit: kpc}
#       value: !astropy.table.SerializedColumn {name: distance}
#     pm_dec:
#       __class__: astropy.units.quantity.Quantity
#       unit: !astropy.units.Unit {unit: mas / yr}
#       value: !astropy.table.SerializedColumn {name: pm_dec}
#     pm_ra_cosdec:
#       __class__: astropy.units.quantity.Quantity
#       unit: !astropy.units.Unit {unit: mas / yr}
#       value: !astropy.table.SerializedColumn {name: pm_ra_cosdec}
#     ra:
#       __class__: astropy.coordinates.angles.Longitude
#       unit: *id001
#       value: !astropy.table.SerializedColumn {name: ra}
#       wrap_angle: !astropy.coordinates.Angle
#         unit: *id001
#         value: 360.0
#     radial_velocity:
#       __class__: astropy.units.quantity.Quantity
#       unit: !astropy.units.Unit {unit: km / s}
#       value: !astropy.table.SerializedColumn {name: radial_velocity}
# schema: astropy-2.0
ra,dec,distance,pm_ra_cosdec,pm_dec,radial_velocity
[from data line 1226]
73.64641588723109,-6.2430609627489675,3.5631972886796404,21.808891192380706,-22.744542276514515,-2.1893994537668078e-13
73.65369582708185,-6.249969099106156,3.562965608092079,21.8112258087822,-22.746652603486577,-2.1051917824680845e-13
73.6609760446749,-6.256877044370904,3.5627340431775867,21.81355891182595,-22.748760579323793,-2.8630608241565947e-13
73.66825654017876,-6.2637847984759665,3.562502593911019,21.815890501914282,-22.750866204328247,-2.2736071250655313e-13
73.67553731376192,-6.270692361354095,3.5622712602672326,21.81822057944938,-22.752969478802104,-2.020984111169361e-13
73.68281836559288,-6.277599732937993,3.5620400422210823,21.820549144833272,-22.755070403047682,-2.3578147963642546e-13
73.69009969584019,-6.284506913160374,3.561808939747421,21.82287619846783,-22.757168977367435,-1.768361097273191e-13
73.69738130467235,-6.29141390195393,3.561577952821106,21.825201740754743,-22.759265202063848,-2.5262301389617017e-13
73.70466319225793,-6.298320699251339,3.5613470814169914,21.827525772095573,-22.761359077439625,-2.2736071250655313e-13
73.71194535876545,-6.305227304985258,3.561116325509933,21.829848292891707,-22.76345060379752,-2.442022467662978e-13
73.71922780436348,-6.312133719088336,3.5608856850747848,21.83216930354437,-22.76553978144043,-2.2736071250655313e-13
73.72651052922058,-6.319039941493203,3.5606551600864034,21.834488804454622,-22.76762661067135,-2.2736071250655313e-13
73.73379353350539,-6.325945972132516,3.560424750519643,21.836806796023396,-22.76971109179341,-2.020984111169361e-13
73.74107681738634,-6.332851810938747,3.560194456349358,21.83912327865144,-22.77179322510987,-2.1893994537668078e-13
73.74836038103223,-6.339757457844654,3.5599642775504052,21.84143825273935,-22.77387301092406,-1.5999457546757442e-13
73.75564422461147,-6.346662912782672,3.5597342140976385,21.84375171868756,-22.77595044953947,-2.3578147963642546e-13
73.7629283482928,-6.353568175685409,3.559504265965913,21.846063676896353,-22.778025541259684,-1.768361097273191e-13
73.77021275224479,-6.36047324648539,3.559274433130084,21.84837412776584,-22.78009828638841,-1.8525687685719145e-13
73.77749743663607,-6.367378125115151,3.5590447155650073,21.85068307169599,-22.782168685229475,-2.1051917824680845e-13
73.7847824016353,-6.374282811507196,3.558815113245537,21.852990509086613,-22.784236738086808,-2.442022467662978e-13
73.79206764741113,-6.381187305594017,3.5585856261465283,21.855296440337334,-22.78630244526447,-2.5262301389617017e-13
73.79935317413221,-6.388091607308096,3.5583562542428373,21.857600865847658,-22.788365807066633,-2.2736071250655313e-13
73.8066389819672,-6.394995716581884,3.558126997509318,21.859903786016904,-22.79042682379759,-2.442022467662978e-13
73.8139250710848,-6.401899633347841,3.557897855920826,21.862205201244244,-22.792485495761728,-1.9367764398706378e-13
73.82121144165367,-6.408803357538394,3.5576688294522163,21.864505111928693,-22.794541823263593,-2.5262301389617017e-13
73.82849809384255,-6.4157068890859605,3.5574399180783445,21.866803518469098,-22.79659580660779,-2.2736071250655313e-13
73.8357850278201,-6.422610227922942,3.557211121774064,21.869100421264168,-22.798647446099103,-1.8525687685719145e-13
73.84307224375505,-6.429513373981722,3.5569824405142323,21.871395820712422,-22.80069674204238,-2.1051917824680845e-13
73.85035974181613,-6.436416327194668,3.5567538742737033,21.873689717212255,-22.80274369474261,-2.7788531528578715e-13
73.85764752217207,-6.443319087494146,3.5565254230273315,21.875982111161886,-22.804788304504903,-2.1051917824680845e-13
73.86493558499161,-6.4502216548124895,3.5562970867499715,21.87827300295937,-22.80683057163446,-2.1051917824680845e-13
73.87222393044352,-6.457124029082023,3.5560688654164814,21.88056239300261,-22.808870496436622,-1.6841534259744677e-13
73.87951255869655,-6.464026210235055,3.555840759001714,21.88285028168937,-22.810908079216837,-2.1051917824680845e-13
73.88680146991945,-6.470928198203883,3.555612767480524,21.88513666941723,-22.81294332028067,-1.8525687685719145e-13
73.89409066428104,-6.477829992920783,3.5553848908277685,21.887421556583615,-22.81497621993379,-1.5999457546757442e-13
73.90138014195007,-6.484731594318019,3.5551571290183004,21.889704943585805,-22.817006778482007,-2.5262301389617017e-13
73.90866990309537,-6.4916330023278395,3.5549294820269757,21.891986830820915,-22.81903499623122,-2.3578147963642546e-13
73.91595994788575,-6.498534216882473,3.55470194982865,21.894267218685904,-22.821060873487458,-1.5999457546757442e-13
73.92325027649,-6.505435237914142,3.5544745323981783,21.896546107577574,-22.82308441055688,-2.020984111169361e-13
73.93054088907695,-6.512336065355041,3.554247229710415,21.898823497892565,-22.825105607745723,-2.442022467662978e-13
73.93783178581548,-6.519236699137363,3.5540200417402157,21.901099390027365,-22.827124465360367,-2.020984111169361e-13
73.94512296687444,-6.526137139193322,3.553792968462436,21.9033737843783,-22.829140983707298,-2.1051917824680845e-13
73.95241443242254,-6.533037385454948,3.5535660098519295,21.905646681341533,-22.83115516309314,-2.5262301389617017e-13
73.95970618262888,-6.539937437854538,3.553339165883552,21.90791808131309,-22.833167003824585,-2.3578147963642546e-13
73.96699821766215,-6.546837296324101,3.5531124365321602,21.9101879846888,-22.835176506208477,-2.020984111169361e-13
73.9742905376913,-6.553736960795784,3.552885821772607,21.91245639186439,-22.837183670551784,-2.694645481559148e-13
73.98158314288524,-6.560636431201692,3.552659321579748,21.914723303235384,-22.839188497161548,-1.9367764398706378e-13
73.98887603341284,-6.567535707473885,3.5524329359284392,21.916988719197164,-22.841190986344966,-2.442022467662978e-13
73.99616920944302,-6.574434789544441,3.5522066647935344,21.91925264014496,-22.843191138409324,-2.1893994537668078e-13
74.0034626711447,-6.581333677345398,3.5519805081498896,21.921515066473837,-22.84518895366206,-2.694645481559148e-13
74.01075641868684,-6.588232370808795,3.55175446597236,21.923775998578698,-22.847184432410664,-2.2736071250655313e-13
74.01805045223837,-6.595130869866648,3.5515285382358006,21.92603543685431,-22.849177574962805,-2.5262301389617017e-13
74.02534477196822,-6.602029174450951,3.551302724915066,21.92829338169525,-22.851168381626223,-1.5999457546757442e-13
74.03263937804536,-6.608927284493701,3.5510770259850113,21.930549833495984,-22.85315685270881,-2.3578147963642546e-13
74.03993427063877,-6.615825199926858,3.5508514414204924,21.93280479265076,-22.855142988518526,-2.5262301389617017e-13
74.04722944991744,-6.6227229206823885,3.5506259711963635,21.935058259553728,-22.85712678936351,-1.768361097273191e-13
74.05452491605033,-6.629620446692219,3.5504006152874807,21.937310234598844,-22.859108255551945,-1.768361097273191e-13
74.06182066920644,-6.636517777888283,3.550175373668698,21.939560718179905,-22.86108738739218,-2.1051917824680845e-13
74.06911670955479,-6.643414914202486,3.549950246314871,21.94180971069059,-22.86306418519267,-1.9367764398706378e-13
74.0764130372644,-6.650311855566718,3.549725233200856,21.944057212524363,-22.865038649261955,-2.442022467662978e-13
74.0837096525043,-6.657208601912864,3.5495003343015052,21.946303224074594,-22.867010779908746,-1.8525687685719145e-13
74.09100655544351,-6.664105153172781,3.5492755495916763,21.948547745734437,-22.868980577441796,-2.1051917824680845e-13
74.0983037462511,-6.671001509278314,3.5490508790462227,21.950790777896945,-22.870948042170035,-1.8525687685719145e-13
74.10560122509611,-6.677897670161299,3.5488263226400014,21.953032320954957,-22.87291317440248,-2.9472684954553185e-13
74.1128989921476,-6.684793635753551,3.5486018803478663,21.9552723753012,-22.87487597444827,-2.2736071250655313e-13
74.12019704757468,-6.691689405986866,3.548377552144672,21.957510941328216,-22.87683644261665,-2.694645481559148e-13
74.1274953915464,-6.698584980793031,3.5481533380052745,21.95974801942842,-22.878794579216994,-2.1893994537668078e-13
74.13479402423188,-6.705480360103818,3.5479292379045284,21.961983609994043,-22.880750384558773,-2.1893994537668078e-13
74.14209294580019,-6.71237554385098,3.5477052518172894,21.964217713417163,-22.88270385895159,-2.1893994537668078e-13
74.14939215642048,-6.719270531966248,3.5474813797184117,21.966450330089703,-22.88465500270514,-2.694645481559148e-13
74.15669165626186,-6.726165324381353,3.5472576215827516,21.96868146040345,-22.88660381612926,-2.442022467662978e-13
74.16399144549345,-6.7330599210279924,3.5470339773851634,21.970911104750005,-22.888550299533883,-2.610437810260425e-13
74.17129152428446,-6.739954321837912,3.5468104471005026,21.97313926352084,-22.890494453229067,-1.9367764398706378e-13
74.17859189280394,-6.746848526742698,3.5465870307036234,21.975365937107224,-22.892436277524975,-1.8525687685719145e-13
74.18589255122112,-6.753742535674049,3.546363728169382,21.977591125900332,-22.894375772731884,-1.9367764398706378e-13
74.19319349970513,-6.760636348563615,3.546140539472632,21.97981483029115,-22.896312939160204,-2.2736071250655313e-13
74.20049473842519,-6.767529965343029,3.5459174645882303,21.982037050670478,-22.898247777120424,-2.1051917824680845e-13
74.20779626755048,-6.774423385943893,3.545694503491031,21.984257787429026,-22.90018028692318,-2.3578147963642546e-13
74.2150980872502,-6.781316610297815,3.5454716561558897,21.98647704095729,-22.902110468879215,-2.694645481559148e-13
74.22240019769356,-6.788209638336375,3.545248922557661,21.988694811645644,-22.90403832329938,-2.2736071250655313e-13
74.2297025990498,-6.795102469991139,3.5450263026712006,21.99091109988427,-22.905963850494626,-1.515738083377021e-13
74.2370052914881,-6.8019951051936545,3.544803796471363,21.993125906063245,-22.907887050776043,-2.610437810260425e-13
74.24430827517777,-6.808887543875468,3.544581403933003,21.995339230572448,-22.90980792445483,-1.5999457546757442e-13
74.25161155028802,-6.815779785968088,3.5443591250309763,21.997551073801624,-22.9117264718423,-2.020984111169361e-13
74.2589151169881,-6.82267183140303,3.5441369597401384,21.999761436140354,-22.91364269324987,-1.9367764398706378e-13
74.26621897544733,-6.8295636801117725,3.543914908035344,22.00197031797804,-22.91555658898907,-1.8525687685719145e-13
74.27352312583493,-6.836455332025797,3.543692969891448,22.004177719703975,-22.917468159371555,-2.442022467662978e-13
74.28082756832023,-6.843346787076556,3.543471145283306,22.00638364170725,-22.91937740470909,-1.8525687685719145e-13
74.28813230307253,-6.850238045195502,3.5432494341857725,22.008588084376836,-22.921284325313554,-1.5999457546757442e-13
74.2954373302611,-6.857129106314041,3.5430278365737022,22.010791048101527,-22.92318892149695,-2.3578147963642546e-13
74.30274265005531,-6.8640199703636045,3.5428063524219513,22.012992533269973,-22.92509119357136,-2.1893994537668078e-13
74.31004826262445,-6.87091063727558,3.542584981705375,22.015192540270657,-22.92699114184903,-2.1051917824680845e-13
74.3173541681379,-6.877801106981345,3.542363724398827,22.017391069491914,-22.928888766642274,-1.8525687685719145e-13
74.32466036676495,-6.884691379412267,3.542142580477163,22.019588121321917,-22.93078406826356,-2.2736071250655313e-13
74.33196685867502,-6.891581454499697,3.541921549915238,22.021783696148677,-22.932677047025415,-2.2736071250655313e-13
74.33927364403745,-6.898471332174964,3.5417006326879092,22.02397779436006,-22.93456770324053,-1.8525687685719145e-13
74.34658072302162,-6.9053610123693785,3.541479828770028,22.026170416343806,-22.936456037221713,-2.5262301389617017e-13
74.3538880957969,-6.912250495014256,3.5412591381364527,22.028361562487426,-22.93834204928185,-2.1893994537668078e-13
74.36119576253274,-6.9191397800408705,3.541038560762037,22.030551233178336,-22.940225739733943,-2.2736071250655313e-13
74.36850372339852,-6.9260288673804995,3.5408180966216354,22.032739428803772,-22.94210710889113,-1.5999457546757442e-13
74.37581197856363,-6.932917756964392,3.5405977456901048,22.034926149750827,-22.943986157066657,-2.3578147963642546e-13
74.38312052819754,-6.939806448723791,3.5403775079422983,22.037111396406434,-22.94586288457388,-2.2736071250655313e-13
74.39042937246968,-6.946694942589923,3.540157383353073,22.03929516915735,-22.947737291726256,-2.1893994537668078e-13
74.39773851154953,-6.953583238494024,3.5399373718972824,22.041477468390205,-22.94960937883737,-2.3578147963642546e-13
74.40504794560647,-6.960471336367219,3.539717473549781,22.04365829449147,-22.95147914622094,-1.8525687685719145e-13
74.41235767481,-6.967359236140711,3.5394976882854268,22.045837647847428,-22.95334659419074,-2.1893994537668078e-13
74.41966769932962,-6.974246937745668,3.5392780160790718,22.04801552884426,-22.955211723060728,-2.3578147963642546e-13
74.42697801933481,-6.981134441113236,3.539058456905573,22.05019193786795,-22.9570745331449,-2.2736071250655313e-13
74.43428863499506,-6.988021746174541,3.5388390107397845,22.052366875304337,-22.958935024757437,-1.8525687685719145e-13
74.44159954647988,-6.994908852860697,3.538619677556563,22.054540341539106,-22.960793198212574,-1.4315304120782974e-13
74.44891075395878,-7.001795761102803,3.5384004573307615,22.056712336957794,-22.962649053824702,-2.020984111169361e-13
74.45622225760131,-7.0086824708319355,3.538181350037236,22.05888286194579,-22.964502591908314,-2.2736071250655313e-13
74.463534057577,-7.01556898197916,3.5379623556508415,22.061051916888275,-22.96635381277799,-2.610437810260425e-13
74.47084615405541,-7.022455294475539,3.5377434741464335,22.063219502170355,-22.96820271674845,-1.8525687685719145e-13
74.47815854720606,-7.029341408252099,3.537524705498867,22.06538561817692,-22.970049304134516,-2.2736071250655313e-13
74.48547123719857,-7.036227323239856,3.537306049682997,22.067550265292716,-22.971893575251155,-1.9367764398706378e-13
74.49278422420248,-7.043113039369811,3.537087506673678,22.06971344390237,-22.973735530413386,-2.610437810260425e-13
74.50009750838738,-7.04999855657296,3.536869076445766,22.07187515439031,-22.975575169936388,-2.5262301389617017e-13
74.50741108992293,-7.056883874780273,3.5366507589741167,22.07403539714081,-22.977412494135425,-1.6841534259744677e-13
74.51472496897864,-7.0637689939227,3.536432554233583,22.076194172538038,-22.979247503325904,-2.1893994537668078e-13
74.52203914572421,-7.0706539139311815,3.536214462199021,22.07835148096596,-22.981080197823335,-1.9367764398706378e-13
74.5293536203292,-7.0775386347366505,3.535996482845287,22.080507322808387,-22.982910577943304,-2.5262301389617017e-13
74.53666839296334,-7.0844231562700095,3.535778616147234,22.082661698448998,-22.98473864400157,-1.9367764398706378e-13
74.5439834637962,-7.0913074784621495,3.5355608620797194,22.084814608271316,-22.986564396313952,-2.2736071250655313e-13
74.55129883299746,-7.098191601243949,3.5353432206175968,22.086966052658696,-22.98838783519642,-2.1893994537668078e-13
74.55861450073682,-7.105075524546274,3.535125691735722,22.089116031994337,-22.99020896096502,-2.1051917824680845e-13
74.56593046718392,-7.111959248299958,3.534908275408949,22.09126454666129,-22.99202777393595,-2.2736071250655313e-13
74.57324673250848,-7.118842772435843,3.5346909716121337,22.093411597042465,-22.993844274425495,-2.1051917824680845e-13
74.58056329688019,-7.1257260968847325,3.5344737803201314,22.09555718352059,-22.995658462750047,-2.1051917824680845e-13
74.58788016046874,-7.132609221577435,3.534256701507797,22.097701306478246,-22.997470339226144,-2.1051917824680845e-13
74.5951973234439,-7.139492146444724,3.5340397351499857,22.099843966297886,-22.9992799041704,-1.515738083377021e-13
74.60251478597533,-7.146374871417365,3.533822881221552,22.10198516336177,-23.001087157899562,-2.3578147963642546e-13
74.60983254823289,-7.153257396426154,3.5336061396973513,22.104124898052024,-23.002892100730474,-2.5262301389617017e-13
74.61715061038619,-7.1601397214017455,3.533389510552239,22.106263170750612,-23.004694732980113,-2.1893994537668078e-13
74.62446897260507,-7.1670218462748965,3.5331729937610707,22.108399981839348,-23.006495054965544,-2.1893994537668078e-13
74.63178763505927,-7.173903770976311,3.5329565892987,22.110535331699904,-23.008293067003965,-2.2736071250655313e-13
