galstreams/tracks/track.st.New-6.ibata2024.ecsv
# %ECSV 1.0
# ---
# datatype:
# - {name: ra, unit: deg, datatype: float64}
# - {name: dec, unit: deg, datatype: float64}
# - {name: distance, unit: kpc, datatype: float64}
# - {name: pm_ra_cosdec, unit: mas / yr, datatype: float64}
# - {name: pm_dec, unit: mas / yr, datatype: float64}
# - {name: radial_velocity, unit: km / s, datatype: float64}
# delimiter: ','
# meta: !!omap
# - __serialized_columns__:
#     dec:
#       __class__: astropy.coordinates.angles.Latitude
#       unit: &id001 !astropy.units.Unit {unit: deg}
#       value: !astropy.table.SerializedColumn {name: dec}
#     distance:
#       __class__: astropy.coordinates.distances.Distance
#       unit: !astropy.units.Unit {unit: kpc}
#       value: !astropy.table.SerializedColumn {name: distance}
#     pm_dec:
#       __class__: astropy.units.quantity.Quantity
#       unit: !astropy.units.Unit {unit: mas / yr}
#       value: !astropy.table.SerializedColumn {name: pm_dec}
#     pm_ra_cosdec:
#       __class__: astropy.units.quantity.Quantity
#       unit: !astropy.units.Unit {unit: mas / yr}
#       value: !astropy.table.SerializedColumn {name: pm_ra_cosdec}
#     ra:
#       __class__: astropy.coordinates.angles.Longitude
#       unit: *id001
#       value: !astropy.table.SerializedColumn {name: ra}
#       wrap_angle: !astropy.coordinates.Angle
#         unit: *id001
#         value: 360.0
#     radial_velocity:
#       __class__: astropy.units.quantity.Quantity
#       unit: !astropy.units.Unit {unit: km / s}
#       value: !astropy.table.SerializedColumn {name: radial_velocity}
# schema: astropy-2.0
ra,dec,distance,pm_ra_cosdec,pm_dec,radial_velocity
[from data line 853]
34.06869694478591,48.80120645446216,1.0000000000000007,2.9941183655369814,-14.573368137800232,19.901065230640192
34.07450642554139,48.810475354786796,1.0000000000000004,2.993624890648218,-14.576922129524679,19.902689566535436
34.08031782729079,48.8197440222633,1.0000000000000004,2.9931303544107957,-14.58047569101782,19.90429649837786
34.086131151474774,48.829012456691466,1.0000000000000007,2.9926347562520643,-14.584028822145292,19.90588603030035
34.09194639953515,48.83828065787099,1.0000000000000007,2.9921380955988743,-14.587581522772616,19.90745816643564
34.097763572914864,48.84754862560134,1.0000000000000009,2.991640371877578,-14.591133792765167,19.90901291091659
34.10358267305802,48.85681635968187,1.0000000000000007,2.9911415845140326,-14.594685631988206,19.910550267875994
34.10940370140985,48.86608385991181,1.0000000000000007,2.9906417329336135,-14.598237040306845,19.912070241446607
34.11522665941666,48.87535112609001,1.0000000000000007,2.990140816561194,-14.601788017586074,19.913572835761354
34.12105154852601,48.8846181580154,1.0000000000000009,2.9896388348211564,-14.60533856369075,19.91505805495291
34.12687837018656,48.89388495548661,1.0000000000000004,2.9891357871373847,-14.60888867848562,19.916525903154156
34.13270712584809,48.903151518302174,1.0000000000000007,2.988631672933262,-14.612438361835252,19.917976384497877
34.13853781696157,48.9124178462604,1.0000000000000007,2.988126491631685,-14.615987613604133,19.919409503116878
34.14437044497915,48.92168393915949,1.0000000000000007,2.987620242655031,-14.619536433656592,19.920825263143943
34.15020501135398,48.93094979679736,1.0000000000000007,2.987112925425227,-14.623084821856821,19.922223668711933
34.15604151754052,48.940215418971874,1.0000000000000007,2.9866045393636425,-14.626632778068902,19.92360472395361
34.16187996499431,48.94948080548069,1.0000000000000007,2.986095083891197,-14.630180302156766,19.924968433001794
34.167720355172065,48.9587459561213,1.0000000000000007,2.9855845584282843,-14.633727393984213,19.92631479998924
34.173562689531636,48.968010870691025,1.0000000000000007,2.9850729623948054,-14.637274053414917,19.927643829048854
34.179406969532046,48.97727554898701,1.0000000000000007,2.984560295210163,-14.640820280312413,19.92895552431337
34.1852531966335,48.98653999080629,1.0000000000000007,2.984046556293256,-14.64436607454011,19.930249889915626
34.19110137229724,48.995804195945595,1.0000000000000007,2.98353174506249,-14.64791143596128,19.931526929988404
34.196951497985815,49.00506816420158,1.0000000000000007,2.9830158609357653,-14.651456364439042,19.932786648664518
34.20280357516286,49.014331895370766,1.0000000000000004,2.982498903330476,-14.655000859836411,19.934029050076763
34.20865760529319,49.02359538924941,1.0000000000000007,2.981980871663512,-14.658544922016244,19.935254138357994
34.21451358984281,49.03285864563374,1.0000000000000007,2.9814617653512636,-14.662088550841283,19.936461917640948
34.22037153027878,49.042121664319595,1.0000000000000007,2.980941583809628,-14.665631746174114,19.937652392058478
34.22623142806945,49.05138444510283,1.0000000000000007,2.9804203264539835,-14.669174507877205,19.938825565743354
34.232093284684254,49.06064698777905,1.0000000000000007,2.9798979926992173,-14.672716835812878,19.93998144282841
34.23795710159384,49.06990929214372,1.0000000000000004,2.979374581959699,-14.676258729843326,19.941120027446463
34.24382288027002,49.079171357992124,1.0000000000000007,2.978850093649295,-14.679800189830587,19.942241323730272
34.24969062218576,49.088433185119385,1.0000000000000007,2.9783245271813694,-14.683341215636602,19.943345335812673
34.25556032881519,49.097694773320455,1.0000000000000007,2.977797881968778,-14.686881807123127,19.94443206782649
34.261432001633615,49.10695612239004,1.0000000000000004,2.9772701574238774,-14.690421964151824,19.945501523904476
34.26730564211751,49.11621723212275,1.0000000000000007,2.9767413529585047,-14.693961686584178,19.946553708179472
34.27318125174455,49.12547810231304,1.0000000000000007,2.976211467983994,-14.69750097428157,19.947588624784323
34.279058831993574,49.13473873275515,1.0000000000000007,2.9756805019111763,-14.701039827105234,19.948606277851738
34.28493838434455,49.143999123243155,1.0000000000000007,2.975148454150367,-14.704578244916247,19.949606671514605
34.290819910278735,49.153259273571024,1.0000000000000007,2.974615324111361,-14.708116227575577,19.950589809905694
34.2967034112784,49.16251918353237,1.0000000000000007,2.9740811112034793,-14.711653774944029,19.951555697157826
34.30258888882715,49.171778852920845,1.0000000000000004,2.973545814835493,-14.71519088688229,19.952504337403763
34.308476344409684,49.181038281529794,1.0000000000000007,2.9730094344156788,-14.718727563250876,19.953435734776388
34.31436577951191,49.19029746915245,1.0000000000000007,2.972471969351804,-14.722263803910208,19.954349893408455
34.32025719562091,49.19955641558187,1.0000000000000007,2.971933419051127,-14.725799608720529,19.95524681743276
34.326150594224984,49.20881512061089,1.0000000000000007,2.9713937829203774,-14.729334977541964,19.956126510982138
34.332045976813596,49.21807358403229,1.0000000000000007,2.97085306036578,-14.732869910234491,19.956988978189383
34.33794334487734,49.22733180563847,1.0000000000000007,2.9703112507930625,-14.736404406657941,19.957834223187298
34.343842699908066,49.23658978522184,1.0000000000000007,2.969768353607419,-14.739938466672015,19.958662250108688
34.34974404339881,49.245847522574564,1.0000000000000007,2.9692243682135278,-14.743472090136269,19.95947306308638
34.35564737684377,49.25510501748863,1.0000000000000007,2.968679294015569,-14.747005276910116,19.960266666253148
34.36155270173834,49.26436226975588,1.0000000000000004,2.9681331304171916,-14.75053802685283,19.961043063741823
34.367460019579184,49.27361927916801,1.0000000000000007,2.967585876821519,-14.754070339823535,19.961802259685182
34.373369331863984,49.282876045516396,1.0000000000000007,2.9670375326311964,-14.757602215681231,19.962544258216074
34.37928064009179,49.29213256859237,1.0000000000000007,2.966488097248316,-14.761133654284755,19.96326906346725
34.38519394576276,49.30138884818707,1.0000000000000007,2.9659375700744697,-14.764664655492815,19.96397667957158
34.391109250378264,49.310644884091424,1.0000000000000007,2.9653859505107247,-14.768195219163974,19.964667110661832
34.397026555440895,49.31990067609624,1.0000000000000004,2.964833237957631,-14.771725345156646,19.965340360870776
34.402945862454416,49.329156223992065,1.0000000000000007,2.964279431815215,-14.775255033329099,19.96599643433129
34.408867172923856,49.33841152756943,1.0000000000000007,2.9637245314829803,-14.778784283539482,19.96663533517614
34.41479048835527,49.3476665866184,1.0000000000000009,2.9631685363599454,-14.782313095645764,19.96725706753813
34.42071581025614,49.35692140092915,1.0000000000000007,2.962611445844554,-14.785841469505792,19.96786163555006
34.426643140135006,49.36617597029155,1.0000000000000007,2.962053259334766,-14.789369404977263,19.968449043344783
34.43257247950168,49.37543029449531,1.0000000000000004,2.961493976228012,-14.792896901917743,19.969019295055073
34.43850382986718,49.38468437333003,1.0000000000000007,2.9609335959211833,-14.79642396018462,19.969572394813696
34.44443719274364,49.393938206584956,1.0000000000000007,2.9603721178106754,-14.799950579635162,19.970108346753502
34.45037256964452,49.4031917940493,1.0000000000000007,2.959809541292339,-14.803476760126486,19.970627155007314
34.45630996208444,49.4124451355121,1.0000000000000007,2.959245865761516,-14.807002501515575,19.971128823707893
34.462249371579226,49.42169823076216,1.0000000000000007,2.9586810906130134,-14.810527803659234,19.97161335698807
34.46819079964594,49.43095107958814,1.0000000000000009,2.9581152152411168,-14.814052666414147,19.972080758980642
34.474134247802816,49.44020368177846,1.0000000000000007,2.957548239039589,-14.817577089636856,19.972531033818452
34.48007971756939,49.449456037121536,1.0000000000000007,2.9569801614016544,-14.821101073183733,19.972964185634208
34.48602721046629,49.45870814540532,1.0000000000000007,2.956410981720034,-14.82462461691102,19.973380218560813
34.49197672801546,49.46796000641782,1.0000000000000007,2.9558406993869077,-14.828147720674805,19.973779136731054
34.49792827174001,49.47721161994677,1.0000000000000007,2.955269313793922,-14.831670384331026,19.974160944277696
34.50388184316429,49.48646298577975,1.0000000000000007,2.9546968243322107,-14.835192607735479,19.974525645333575
34.509837443813886,49.49571410370416,1.0000000000000007,2.9541232303923612,-14.83871439074381,19.97487324403153
34.51579507521563,49.50496497350726,1.0000000000000007,2.9535485313644383,-14.842235733211512,19.975203744504295
34.52175473889746,49.51421559497599,1.0000000000000007,2.9529727266380004,-14.845756634993933,19.975517150884723
34.52771643638864,49.52346596789725,1.0000000000000007,2.952395815602042,-14.849277095946267,19.975813467305578
34.53368016921966,49.5327160920577,1.0000000000000004,2.9518177976450444,-14.852797115923567,19.976092697899727
34.539645938922185,49.541965967243854,1.0000000000000007,2.9512386721549495,-14.856316694780723,19.976354846799925
34.54561374702917,49.55121559324199,1.0000000000000007,2.950658438519178,-14.859835832372484,19.976599918139
34.55158359507475,49.560464969838286,1.0000000000000009,2.9500770961246143,-14.863354528553453,19.97682791604975
34.55755548459434,49.56971409681872,1.0000000000000007,2.9494946443575927,-14.866872783178078,19.977038844664982
34.5635294171245,49.578962973968956,1.0000000000000007,2.94891108260395,-14.870390596100648,19.977232708117516
34.5695053942031,49.58821160107463,1.0000000000000007,2.9483264102489617,-14.873907967175304,19.97740951054014
34.57548341736923,49.59745997792116,1.0000000000000007,2.9477406266773754,-14.877424896256052,19.977569256065646
34.5814634881632,49.60670810429375,1.0000000000000007,2.947153731273411,-14.88094138319671,19.977711948826883
34.58744560812658,49.615955979977464,1.0000000000000004,2.9465657234207354,-14.884457427850986,19.97783759295662
34.59342977880219,49.625203604757196,1.0000000000000004,2.9459766025024896,-14.88797303007241,19.977946192587687
34.599416001733985,49.634450978417526,1.0000000000000007,2.9453863679012997,-14.891488189714355,19.978037751852867
34.60540427846729,49.64369810074299,1.0000000000000007,2.944795018999222,-14.895002906630062,19.97811227488498
34.61139461054862,49.652944971517925,1.0000000000000007,2.9442025551777844,-14.898517180672599,19.97816976581681
34.61738699952572,49.662191590526426,1.0000000000000007,2.943608975817993,-14.902031011694898,19.978210228781204
34.62338144694761,49.67143795755246,1.0000000000000007,2.943014280300286,-14.905544399549726,19.978233667910928
34.629377954364536,49.68068407237979,1.0000000000000007,2.9424184680045897,-14.909057344089689,19.978240087338822
34.63537652332802,49.68992993479203,1.0000000000000007,2.9418215383102755,-14.912569845167253,19.978229491197652
34.64137715539074,49.699175544572476,1.0000000000000007,2.9412234905961885,-14.91608190263472,19.97820188362026
34.64737985210672,49.70842090150437,1.0000000000000007,2.9406243242406234,-14.919593516344243,19.978157268739444
34.65338461503121,49.717666005370766,1.0000000000000004,2.9400240386213268,-14.923104686147814,19.978095650688
34.659391445720715,49.726910855954515,1.0000000000000007,2.939422633115508,-14.926615411897268,19.97801703359871
34.665400345733005,49.73615545303827,1.0000000000000004,2.93882010709984,-14.930125693444298,19.97792142160444
34.67141131662701,49.745399796404456,1.0000000000000007,2.9382164599504614,-14.933635530640416,19.97780881883795
34.677424359963034,49.75464388583537,1.0000000000000007,2.937611691042954,-14.937144923336998,19.977679229432052
34.68343947730259,49.76388772111315,1.0000000000000007,2.937005799752339,-14.940653871385262,19.977532657519543
34.68945667020846,49.77313130201967,1.0000000000000007,2.9363987854531395,-14.944162374636255,19.97736910723329
34.69547594024465,49.782374628336676,1.0000000000000007,2.9357906475192808,-14.947670432940878,19.977188582706003
34.70149728897648,49.79161769984573,1.0000000000000007,2.9351813853241815,-14.951178046149874,19.976991088070537
34.70752071797052,49.80086051632821,1.0000000000000007,2.934570998240691,-14.954685214113816,19.97677662745971
34.71354622879454,49.81010307756519,1.0000000000000007,2.9339594856411333,-14.958191936683136,19.976545205006328
34.71957382301765,49.81934538333771,1.0000000000000004,2.933346846897268,-14.961698213708093,19.976296824843182
34.725603502210184,49.828587433426584,1.0000000000000009,2.932733081380311,-14.965204045038789,19.976031491103036
34.73163526794377,49.837829227612396,1.0000000000000007,2.9321181884609393,-14.968709430525186,19.9757492079188
34.73766912179129,49.847070765675575,1.0000000000000007,2.931502167509259,-14.972214370017053,19.975449979423168
34.74370506532692,49.85631204739643,1.0000000000000007,2.9308850178948456,-14.97571886336402,19.975133809749007
34.74974310012603,49.865553072554874,1.0000000000000007,2.930266738986729,-14.979222910415562,19.974800703029135
34.75578322776535,49.874793840930835,1.0000000000000007,2.9296473301533723,-14.982726511020976,19.974450663396308
34.76182544982283,49.88403435230398,1.0000000000000004,2.9290267907626992,-14.986229665029411,19.974083694983364
34.76786976787771,49.8932746064538,1.0000000000000007,2.9284051201820755,-14.989732372289847,19.973699801923118
34.773916183510536,49.90251460315957,1.0000000000000007,2.9277823177783127,-14.993234632651106,19.97329898834835
34.77996469830308,49.911754342200425,1.0000000000000007,2.9271583829176846,-14.996736445961847,19.972881258391872
34.786015313838455,49.92099382335531,1.0000000000000007,2.9265333149658863,-15.000237812070576,19.972446616186517
34.79206803170095,49.93023304640288,1.0000000000000007,2.925907113288086,-15.00373873082562,19.97199506586504
34.79812285347622,49.939472011121694,1.0000000000000007,2.9252797772488908,-15.007239202075153,19.97152661156029
34.804179780751205,49.94871071729013,1.0000000000000007,2.92465130621233,-15.01073922566719,19.971041257405037
34.81023881511407,49.95794916468634,1.0000000000000007,2.9240216995419166,-15.014238801449569,19.970539007532103
34.81629995815432,49.96718735308828,1.0000000000000007,2.9233909566005725,-15.017737929269979,19.970019866074313
34.82236321146276,49.97642528227379,1.0000000000000007,2.9227590767506726,-15.02123660897594,19.969483837164436
34.82842857663135,49.985662952020355,1.0000000000000007,2.922126059354061,-15.024734840414801,19.968930924935318
34.8344960552535,49.99490036210543,1.0000000000000007,2.9214919037719866,-15.028232623433754,19.96836113351976
34.84056564892385,50.00413751230624,1.0000000000000007,2.920856609365157,-15.031729957879824,19.967774467050525
34.846637359238294,50.013374402399755,1.0000000000000007,2.9202201754937294,-15.035226843599869,19.967170929660462
34.852711187794064,50.02261103216286,1.0000000000000007,2.9195826015172823,-15.038723280440587,19.966550525482383
34.858787136189676,50.031847401372154,1.0000000000000007,2.9189438867948514,-15.042219268248505,19.965913258649007
34.864865206024966,50.04108350980414,1.0000000000000007,2.9183040306848964,-15.04571480686998,19.965259133293248
34.870945398900965,50.05031935723496,1.0000000000000007,2.917663032545339,-15.049209896151215,19.964588153547865
34.87702771642011,50.05955494344076,1.0000000000000007,2.917020891733525,-15.05270453593823,19.96390032354564
34.8831121601861,50.06879026819737,1.0000000000000004,2.9163776076062264,-15.056198726076893,19.963195647419436
34.88919873180392,50.078025331280465,1.0000000000000007,2.915733179519677,-15.059692466412894,19.962474129302027
34.8952874328799,50.087260132465566,1.0000000000000007,2.915087606829527,-15.063185756791764,19.9617357733262
34.90137826502164,50.096494671527964,1.0000000000000007,2.9144408888908755,-15.066678597058857,19.960980583624806
34.907471229838,50.105728948242685,1.0000000000000007,2.913793025058255,-15.070170987059361,19.960208564330596
