galstreams/tracks/track.st.C-19.martin2022.ecsv
# %ECSV 1.0
# ---
# datatype:
# - {name: ra, unit: deg, datatype: float64}
# - {name: dec, unit: deg, datatype: float64}
# - {name: distance, unit: kpc, datatype: float64}
# - {name: pm_ra_cosdec, unit: mas / yr, datatype: float64}
# - {name: pm_dec, unit: mas / yr, datatype: float64}
# - {name: radial_velocity, unit: km / s, datatype: float64}
# delimiter: ','
# meta: !!omap
# - __serialized_columns__:
#     dec:
#       __class__: astropy.coordinates.angles.Latitude
#       unit: &id001 !astropy.units.Unit {unit: deg}
#       value: !astropy.table.SerializedColumn {name: dec}
#     distance:
#       __class__: astropy.coordinates.distances.Distance
#       unit: !astropy.units.Unit {unit: kpc}
#       value: !astropy.table.SerializedColumn {name: distance}
#     pm_dec:
#       __class__: astropy.units.quantity.Quantity
#       unit: !astropy.units.Unit {unit: mas / yr}
#       value: !astropy.table.SerializedColumn {name: pm_dec}
#     pm_ra_cosdec:
#       __class__: astropy.units.quantity.Quantity
#       unit: !astropy.units.Unit {unit: mas / yr}
#       value: !astropy.table.SerializedColumn {name: pm_ra_cosdec}
#     ra:
#       __class__: astropy.coordinates.angles.Longitude
#       unit: *id001
#       value: !astropy.table.SerializedColumn {name: ra}
#       wrap_angle: !astropy.coordinates.Angle
#         unit: *id001
#         value: 360.0
#     radial_velocity:
#       __class__: astropy.units.quantity.Quantity
#       unit: !astropy.units.Unit {unit: km / s}
#       value: !astropy.table.SerializedColumn {name: radial_velocity}
# schema: astropy-2.0
ra,dec,distance,pm_ra_cosdec,pm_dec,radial_velocity
[from data line 891]
354.74750569876784,26.848396481501076,17.999999999999996,1.2836526130655497,-2.817798445284695,-189.44000000000014
354.74802364677214,26.837990907745045,18.0,1.2835343400574084,-2.8184012050962517,-189.44000000000005
354.7485413060501,26.82758532435941,18.0,1.2834161408834721,-2.819003566325468,-189.44000000000014
354.74905867671504,26.817179731347498,17.999999999999993,1.2832980155470395,-2.819605528978244,-189.44000000000014
354.74957575888044,26.8067741287126,18.0,1.283179964051396,-2.8202070930604797,-189.44000000000017
354.7500925526595,26.796368516458116,18.0,1.2830619863998174,-2.8208082585780674,-189.44000000000005
354.7506090581653,26.785962894587218,18.0,1.2829440825955636,-2.821409025536898,-189.44000000000014
354.7511252755109,26.775557263103273,17.999999999999996,1.2828262526418872,-2.8220093939428548,-189.44000000000005
354.7516412048093,26.76515162200957,18.0,1.2827084965420248,-2.822609363801815,-189.44000000000005
354.75215684617325,26.754745971309433,17.999999999999996,1.282590814299204,-2.8232089351196556,-189.44000000000005
354.75267219971556,26.744340311006123,18.0,1.2824732059166397,-2.823808107902246,-189.4400000000001
354.75318726554895,26.73393464110301,18.0,1.282355671397534,-2.8244068821554538,-189.4400000000001
354.75370204378595,26.72352896160325,18.0,1.2822382107450774,-2.825005257885135,-189.44000000000017
354.7542165345391,26.713123272510177,18.0,1.2821208239624506,-2.825603235097151,-189.44000000000014
354.75473073792085,26.702717573827094,17.999999999999996,1.2820035110528205,-2.8262008137973487,-189.44000000000005
354.75524465404334,26.692311865557247,18.0,1.2818862720193411,-2.8267979939915793,-189.44000000000014
354.7557582830189,26.68190614770392,18.0,1.281769106865158,-2.8273947756856814,-189.4400000000001
354.75627162495965,26.671500420270434,18.0,1.281652015593402,-2.827991158885493,-189.4400000000001
354.75678467997767,26.661094683259943,18.0,1.2815349982071944,-2.8285871435968515,-189.44000000000003
354.7572974481848,26.65068893667576,18.0,1.2814180547096419,-2.829182729825578,-189.44000000000014
354.7578099296929,26.64028318052113,18.0,1.2813011851038418,-2.8297779175775006,-189.44000000000014
354.7583221246138,26.62987741479933,17.999999999999996,1.28118438939288,-2.83037270685844,-189.4400000000002
354.7588340330592,26.619471639513577,18.0,1.281067667579828,-2.830967097674205,-189.4400000000002
354.7593456551406,26.609065854667133,18.0,1.280951019667749,-2.8315610900306107,-189.4400000000001
354.75985699096947,26.598660060263295,18.0,1.280834445659691,-2.83215468393346,-189.44000000000014
354.7603680406573,26.5882542563052,18.0,1.2807179455586932,-2.8327478793885517,-189.44000000000014
354.76087880431527,26.577848442796096,18.0,1.2806015193677818,-2.833340676401687,-189.44000000000014
354.7613892820547,26.567442619739257,18.0,1.2804851670899715,-2.833933074978652,-189.44000000000014
354.7618994739867,26.557036787137896,17.999999999999996,1.2803688887282652,-2.834525075125237,-189.4400000000001
354.7624093802223,26.546630944995222,18.0,1.2802526842856534,-2.835116676847221,-189.4400000000001
354.7629190008725,26.53622509331452,17.999999999999996,1.2801365537651184,-2.8357078801503866,-189.4400000000001
354.763428336048,26.525819232098904,18.0,1.2800204971696254,-2.8362986850405014,-189.4400000000002
354.7639373858597,26.515413361351612,18.0,1.2799045145021333,-2.836889091523338,-189.44000000000014
354.76444615041817,26.505007481075886,17.999999999999996,1.2797886057655856,-2.8374790996046584,-189.44000000000017
354.76495462983416,26.494601591274904,17.999999999999996,1.279672770962917,-2.838068709290222,-189.44000000000005
354.765462824218,26.484195691951868,18.0,1.2795570100970475,-2.838657920585784,-189.4400000000001
354.76597073368015,26.47378978311006,18.0,1.2794413231708892,-2.8392467334970957,-189.4400000000002
354.7664783583309,26.46338386475253,17.999999999999996,1.2793257101873396,-2.8398351480299002,-189.44000000000017
354.7669856982805,26.452977936882537,17.999999999999996,1.2792101711492867,-2.8404231641899407,-189.44000000000014
354.76749275363915,26.442571999503258,17.999999999999996,1.279094706059606,-2.8410107819829546,-189.44
354.76799952451677,26.432166052617898,17.999999999999993,1.2789793149211612,-2.8415980014146722,-189.4400000000001
354.7685060110234,26.4217600962296,17.999999999999996,1.2788639977368048,-2.842184822490822,-189.44
354.76901221326887,26.411354130341632,17.999999999999993,1.2787487545093783,-2.8427712452171248,-189.44000000000014
354.769518131363,26.400948154957035,18.0,1.278633585241712,-2.8433572695993026,-189.44000000000005
354.7700237654153,26.39054217007903,17.999999999999996,1.2785184899366233,-2.843942895643067,-189.4400000000001
354.7705291155356,26.380136175710792,18.0,1.2784034685969194,-2.8445281233541286,-189.44000000000014
354.77103418183333,26.369730171855476,17.999999999999996,1.278288521225396,-2.845112952738193,-189.44000000000005
354.7715389644178,26.359324158516237,18.0,1.2781736478248358,-2.845697383800958,-189.44000000000014
354.7720434633985,26.348918135696238,18.0,1.2780588483980124,-2.8462814165481207,-189.4400000000001
354.77254767888456,26.338512103398678,18.0,1.2779441229476867,-2.846865050985375,-189.44000000000014
354.77305161098514,26.328106061626595,18.0,1.2778294714766087,-2.8474482871184037,-189.44000000000014
354.77355525980937,26.31770001038318,18.0,1.277714893987516,-2.8480311249528922,-189.44000000000005
354.7740586254661,26.307293949671585,17.999999999999996,1.2776003904831363,-2.8486135644945176,-189.44000000000014
354.7745617080644,26.296887879494935,18.0,1.277485960966185,-2.849195605748955,-189.44000000000014
354.77506450771284,26.28648179985636,17.999999999999996,1.2773716054393653,-2.8497772487218693,-189.44000000000014
354.77556702452034,26.276075710759063,18.0,1.277257323905372,-2.8503584934189288,-189.44000000000005
354.77606925859527,26.265669612206043,17.999999999999996,1.2771431163668858,-2.8509393398457927,-189.4400000000001
354.77657121004637,26.25526350420048,18.0,1.2770289828265768,-2.8515197880081145,-189.44000000000017
354.77707287898204,26.244857386745483,18.0,1.2769149232871047,-2.852099837911548,-189.44000000000005
354.77757426551057,26.234451259844192,18.0,1.2768009377511167,-2.852679489561739,-189.44000000000017
354.77807536974024,26.2240451234997,17.999999999999996,1.2766870262212497,-2.8532587429643295,-189.4400000000001
354.7785761917792,26.21363897771516,18.0,1.2765731887001281,-2.8538375981249566,-189.4400000000001
354.77907673173564,26.20323282249359,17.999999999999996,1.2764594251903674,-2.854416055049256,-189.44000000000017
354.77957698971744,26.192826657838125,18.0,1.276345735694569,-2.854994113742853,-189.44000000000005
354.78007696583256,26.18242048375187,18.0,1.2762321202153244,-2.8555717742113744,-189.44000000000014
354.7805766601888,26.172014300237926,18.0,1.276118578755215,-2.8561490364604403,-189.44000000000005
354.7810760728939,26.161608107299376,17.999999999999996,1.2760051113168092,-2.8567259004956647,-189.4400000000002
354.7815752040555,26.151201904939352,18.0,1.2758917179026645,-2.8573023663226604,-189.44000000000017
354.7820740537812,26.140795693160847,17.999999999999996,1.2757783985153286,-2.8578784339470333,-189.44000000000014
354.7825726221784,26.130389471966975,17.999999999999996,1.2756651531573366,-2.858454103374387,-189.44000000000014
354.78307090935454,26.119983241360824,18.0,1.2755519818312124,-2.8590293746103157,-189.44000000000005
354.7835689154168,26.109577001345468,17.999999999999996,1.2754388845394709,-2.859604247660417,-189.44000000000005
354.78406664047253,26.099170751923953,18.0,1.2753258612846112,-2.8601787225302777,-189.44000000000014
354.7845640846288,26.088764493099386,18.0,1.2752129120691278,-2.8607527992254855,-189.4400000000001
354.78506124799264,26.078358224874858,17.999999999999993,1.2751000368954992,-2.8613264777516174,-189.4400000000001
354.78555813067095,26.06795194725331,17.999999999999996,1.2749872357661935,-2.861899758114248,-189.44000000000003
354.7860547327706,26.057545660237867,18.0,1.2748745086836688,-2.862472640318953,-189.4400000000001
354.78655105439833,26.047139363831576,18.0,1.2747618556503717,-2.8630451243712964,-189.44000000000014
354.7870470956609,26.036733058037477,18.0,1.2746492766687394,-2.8636172102768445,-189.44000000000005
354.78754285666486,26.026326742858643,17.999999999999996,1.274536771741195,-2.864188898041152,-189.44000000000017
354.78803833751675,26.015920418298133,17.999999999999996,1.2744243408701523,-2.864760187669775,-189.44000000000003
354.7885335383229,26.00551408435889,18.0,1.2743119840580126,-2.86533107916826,-189.44000000000005
354.7890284591897,25.995107741044016,17.999999999999993,1.2741997013071698,-2.8659015725421577,-189.44000000000014
354.7895231002234,25.984701388356523,17.999999999999996,1.2740874926200028,-2.8664716677970046,-189.44000000000014
354.79001746153017,25.974295026299444,18.0,1.2739753579988808,-2.8670413649383377,-189.44000000000005
354.790511543216,25.963888654875802,18.0,1.2738632974461632,-2.867610663971692,-189.44000000000017
354.79100534538696,25.953482274088675,18.0,1.2737513109641987,-2.8681795649025923,-189.44
354.7914988681489,25.943075883940978,18.0,1.2736393985553207,-2.8687480677365635,-189.44000000000017
354.79199211160767,25.932669484435767,17.999999999999996,1.273527560221858,-2.8693161724791247,-189.4400000000001
354.79248507586897,25.92226307557605,18.0,1.2734157959661236,-2.8698838791357906,-189.44000000000014
354.79297776103834,25.911856657364844,18.0,1.2733041057904213,-2.8704511877120718,-189.44000000000014
354.7934701672215,25.901450229805146,18.0,1.2731924896970446,-2.8710180982134736,-189.44000000000017
354.79396229452385,25.891043792900017,17.999999999999996,1.273080947688276,-2.8715846106455016,-189.44000000000014
354.79445414305076,25.880637346652332,18.0,1.272969479766385,-2.872150725013648,-189.4400000000001
354.79494571290746,25.87023089106516,18.0,1.2728580859336327,-2.8727164413234068,-189.44000000000014
354.79543700419924,25.85982442614146,18.0,1.2727467661922693,-2.8732817595802715,-189.44000000000005
354.7959280170312,25.849417951884252,17.999999999999996,1.2726355205445319,-2.873846679789723,-189.44000000000014
354.7964187515083,25.83901146829649,17.999999999999996,1.2725243489926494,-2.874411201957243,-189.44000000000017
354.7969092077356,25.828604975381165,17.999999999999996,1.2724132515388373,-2.8749753260883075,-189.4400000000001
354.7973993858179,25.818198473141305,17.999999999999996,1.2723022281853031,-2.8755390521883863,-189.4400000000001
354.7978892858599,25.807791961579785,17.999999999999996,1.2721912789342404,-2.876102380262949,-189.44000000000014
354.7983789079665,25.797385440699617,18.0,1.2720804037878353,-2.876665310317457,-189.44000000000017
354.79886825224213,25.786978910503763,18.0,1.2719696027482612,-2.877227842357372,-189.4400000000001
354.7993573187913,25.776572370995204,18.0,1.2718588758176796,-2.8777899763881445,-189.44000000000005
354.7998461077185,25.76616582217688,18.0,1.2717482229982433,-2.8783517124152285,-189.44000000000017
354.8003346191281,25.75575926405181,17.999999999999996,1.2716376442920951,-2.878913050444069,-189.44000000000014
354.8008228531242,25.745352696622835,18.0,1.2715271397013632,-2.879473990480106,-189.4400000000002
354.8013108098112,25.73494611989296,17.999999999999996,1.2714167092281692,-2.8800345325287795,-189.44000000000005
354.80179848929305,25.724539533865126,18.0,1.2713063528746222,-2.8805946765955226,-189.4400000000001
354.8022858916738,25.71413293854228,18.0,1.2711960706428196,-2.8811544226857624,-189.44000000000005
354.80277301705735,25.70372633392736,18.0,1.2710858625348502,-2.8817137708049256,-189.4400000000001
354.8032598655475,25.69331972002336,18.0,1.2709757285527903,-2.88227272095843,-189.4400000000001
354.8037464372481,25.682913096833097,17.999999999999996,1.2708656686987077,-2.8828312731516963,-189.4400000000001
354.8042327322627,25.672506464359547,17.999999999999996,1.270755682974657,-2.8833894273901315,-189.44000000000003
354.80471875069486,25.662099822605654,17.999999999999996,1.270645771382683,-2.883947183679148,-189.44000000000014
354.8052044926482,25.651693171574333,17.999999999999996,1.2705359339248217,-2.8845045420241453,-189.44000000000014
354.8056899582261,25.641286511268493,18.0,1.2704261706030957,-2.885061502430526,-189.44000000000014
354.80617514753175,25.630879841691115,18.0,1.2703164814195198,-2.885618064903684,-189.44000000000005
354.8066600606685,25.620473162845002,18.0,1.270206866376094,-2.8861742294490096,-189.44000000000014
354.80714469773955,25.61006647473311,18.0,1.2700973254748136,-2.886729996071892,-189.44000000000005
354.8076290588478,25.599659777358344,18.0,1.2699878587176572,-2.8872853647777093,-189.4400000000001
354.80811314409635,25.589253070723625,17.999999999999993,1.2698784661065978,-2.8878403355718443,-189.44000000000014
354.8085969535881,25.578846354831835,18.0,1.2697691476435948,-2.888394908459667,-189.44000000000005
354.80908048742583,25.568439629685862,17.999999999999996,1.2696599033305984,-2.8889490834465517,-189.44000000000005
354.8095637457123,25.55803289528867,18.0,1.2695507331695468,-2.8895028605378608,-189.44000000000014
354.81004672855005,25.547626151643023,18.000000000000004,1.2694416371623698,-2.8900562397389558,-189.44000000000017
354.8105294360418,25.537219398751883,18.0,1.269332615310987,-2.8906092210551964,-189.44000000000005
354.81101186829,25.526812636618114,18.0,1.2692236676173039,-2.8911618044919347,-189.4400000000001
354.8114940253969,25.516405865244597,18.0,1.269114794083218,-2.8917139900545195,-189.4400000000001
354.8119759074649,25.50599908463422,17.999999999999996,1.2690059947106174,-2.892265777748295,-189.44000000000014
354.81245751459625,25.495592294789898,17.999999999999996,1.2688972695013776,-2.8928171675786025,-189.44000000000014
354.812938846893,25.485185495714397,17.999999999999996,1.2687886184573647,-2.8933681595507776,-189.44000000000017
354.81341990445736,25.474778687410623,18.0,1.2686800415804336,-2.893918753670154,-189.4400000000001
354.81390068739114,25.46437186988146,18.000000000000004,1.2685715388724295,-2.894468949942058,-189.4400000000001
354.81438119579633,25.45396504312976,18.0,1.2684631103351878,-2.8950187483718164,-189.4400000000002
354.8148614297747,25.443558207158375,18.0,1.268354755970532,-2.895568148964747,-189.44000000000014
354.81534138942794,25.433151361970218,17.999999999999996,1.268246475780277,-2.896117151726168,-189.44000000000014
354.81582107485775,25.422744507568023,18.0,1.2681382697662231,-2.8966657566613865,-189.4400000000001
354.8163004861656,25.412337643954693,17.999999999999996,1.268030137930166,-2.8972139637757124,-189.44000000000014
354.81677962345304,25.401930771133074,17.999999999999996,1.2679220802738884,-2.8977617730744503,-189.44000000000005
354.81725848682134,25.391523889106,18.0,1.2678140967991605,-2.898309184562897,-189.44000000000017
354.81773707637194,25.381116997876315,18.0,1.2677061875077458,-2.8988561982463477,-189.44000000000017
354.818215392206,25.370710097446906,18.0,1.2675983524013963,-2.8994028141300956,-189.4400000000001
354.81869343442463,25.36030318782049,18.0,1.2674905914818526,-2.8999490322194252,-189.44000000000005
354.8191712031289,25.349896268999952,18.0,1.2673829047508458,-2.90049485251962,-189.44000000000005
354.81964869841977,25.339489340988113,17.999999999999996,1.2672752922100956,-2.90104027503596,-189.44000000000014
354.8201259203982,25.329082403787798,17.999999999999996,1.267167753861314,-2.9015852997737173,-189.4400000000001
354.8206028691649,25.318675457401813,17.999999999999996,1.2670602897062002,-2.9021299267381635,-189.44000000000014
354.8210795448206,25.30826850183298,18.0,1.2669528997464432,-2.9026741559345655,-189.44000000000017
354.8215559474659,25.297861537084167,18.0,1.2668455839837243,-2.9032179873681816,-189.4400000000001
354.82203207720147,25.28745456315807,18.0,1.2667383424197127,-2.903761421044277,-189.4400000000001
