galstreams/tracks/track.st.Cetus-New.yuan2021.ecsv
# %ECSV 0.9
# ---
# datatype:
# - {name: ra, unit: deg, datatype: float64}
# - {name: dec, unit: deg, datatype: float64}
# - {name: distance, unit: kpc, datatype: float64}
# - {name: pm_ra_cosdec, unit: mas / yr, datatype: float64}
# - {name: pm_dec, unit: mas / yr, datatype: float64}
# - {name: radial_velocity, unit: km / s, datatype: float64}
# delimiter: ','
# meta: !!omap
# - __serialized_columns__:
#     dec:
#       __class__: astropy.coordinates.angles.Latitude
#       unit: &id001 !astropy.units.Unit {unit: deg}
#       value: !astropy.table.SerializedColumn {name: dec}
#     distance:
#       __class__: astropy.coordinates.distances.Distance
#       unit: !astropy.units.Unit {unit: kpc}
#       value: !astropy.table.SerializedColumn {name: distance}
#     pm_dec:
#       __class__: astropy.units.quantity.Quantity
#       unit: !astropy.units.Unit {unit: mas / yr}
#       value: !astropy.table.SerializedColumn {name: pm_dec}
#     pm_ra_cosdec:
#       __class__: astropy.units.quantity.Quantity
#       unit: !astropy.units.Unit {unit: mas / yr}
#       value: !astropy.table.SerializedColumn {name: pm_ra_cosdec}
#     ra:
#       __class__: astropy.coordinates.angles.Longitude
#       unit: *id001
#       value: !astropy.table.SerializedColumn {name: ra}
#       wrap_angle: !astropy.coordinates.Angle
#         unit: *id001
#         value: 360.0
#     radial_velocity:
#       __class__: astropy.units.quantity.Quantity
#       unit: !astropy.units.Unit {unit: km / s}
#       value: !astropy.table.SerializedColumn {name: radial_velocity}
# schema: astropy-2.0
ra,dec,distance,pm_ra_cosdec,pm_dec,radial_velocity
[from data line 3598]
25.92299016122927,-36.67114944061159,18.120936683410424,1.7879422976137291,1.2073102261450477,-8.420767129872338e-15
25.92349408800534,-36.681268587069766,18.119612206337692,1.7881191326296157,1.2077980926132255,0.0
25.923998109056562,-36.69138773257264,18.118288080648483,1.788295985456577,1.2082860019257051,8.420767129872338e-15
25.924502224252855,-36.70150687712523,18.11696430695986,1.7884728560798937,1.2087739539458555,-3.368306851948935e-14
25.925006433464116,-36.71162602073259,18.115640885888876,1.7886497444848524,1.209261948537043,-1.6841534259744676e-14
25.92551073656017,-36.72174516339976,18.114317818052584,1.7888266506567492,1.209749985562628,-2.5262301389617013e-14
25.926015133410772,-36.731864305131786,18.112995104068045,1.789003574580885,1.2102380648859654,-8.420767129872338e-15
25.926519623885625,-36.7419834459337,18.111672744552312,1.7891805162425685,1.2107261863704069,-8.420767129872338e-15
25.927024207854377,-36.75210258581055,18.110350740122453,1.789357475627114,1.211214349879298,-1.6841534259744676e-14
25.927528885186625,-36.76222172476741,18.109029091395506,1.7895344527198445,1.2117025552759806,-1.6841534259744676e-14
25.928033655751875,-36.77234086280931,18.10770779898854,1.7897114475060913,1.212190802423792,-8.420767129872338e-15
25.92853851941961,-36.78245999994134,18.106386863518612,1.789888459971188,1.2126790911860632,-8.420767129872338e-15
25.92904347605923,-36.79257913616851,18.105066285602774,1.7900654901004796,1.2131674214261219,0.0
25.929548525540078,-36.80269827149591,18.103746065858086,1.7902425378793159,1.2136557930072902,-1.6841534259744676e-14
25.930053667731464,-36.81281740592862,18.102426204901597,1.7904196032930544,1.2141442057928868,-1.6841534259744676e-14
25.930558902502593,-36.82293653947169,18.10110670335037,1.790596686327061,1.2146326596462242,-8.420767129872338e-15
25.931064229722644,-36.833055672130186,18.099787561821465,1.7907737869667062,1.21512115443061,8.420767129872338e-15
25.931569649260723,-36.84317480390918,18.09846878093193,1.7909509051973684,1.2156096900093483,-1.6841534259744676e-14
25.93207516098588,-36.85329393481374,18.097150361298834,1.7911280410044337,1.2160982662457367,-1.6841534259744676e-14
25.932580764767103,-36.86341306484897,18.09583230353922,1.7913051943732963,1.2165868830030704,-2.5262301389617013e-14
25.933086460473323,-36.87353219401993,18.09451460827015,1.7914823652893546,1.2170755401446383,0.0
25.93359224797341,-36.88365132233171,18.09319727610868,1.7916595537380162,1.217564237533723,-1.6841534259744676e-14
25.93409812713616,-36.89377044978938,18.091880307671865,1.7918367597046965,1.218052975033606,0.0
25.934604097830334,-36.90388957639805,18.090563703576773,1.792013983174814,1.2185417525075601,8.420767129872338e-15
25.935110159924605,-36.9140087021628,18.089247464440444,1.7921912241338,1.2190305698188562,-8.420767129872338e-15
25.935616313287607,-36.924127827088725,18.08793159087995,1.7923684825670894,1.2195194268307588,-8.420767129872338e-15
25.936122557787908,-36.93424695118092,18.086616083512336,1.7925457584601254,1.2200083234065289,-8.420767129872338e-15
25.936628893294007,-36.944366074444474,18.085300942954657,1.7927230517983577,1.2204972594094214,-8.420767129872338e-15
25.937135319674343,-36.9544851968845,18.08398616982398,1.7929003625672428,1.2209862347026863,-1.6841534259744676e-14
25.93764183679731,-36.96460431850609,18.08267176473736,1.7930776907522465,1.22147524914957,-8.420767129872338e-15
25.93814844453123,-36.97472343931437,18.08135772831184,1.7932550363388398,1.2219643026133133,8.420767129872338e-15
25.93865514274435,-36.98484255931444,18.080044061164493,1.7934323993125019,1.2224533949571519,-1.6841534259744676e-14
25.939161931304874,-36.994961678511395,18.078730763912368,1.7936097796587183,1.2229425260443172,-1.6841534259744676e-14
25.939668810080946,-37.00508079691037,18.07741783717253,1.7937871773629823,1.2234316957380345,-1.6841534259744676e-14
25.940175778940635,-37.01519991451647,18.076105281562025,1.7939645924107959,1.223920903901526,8.420767129872338e-15
25.940682837751957,-37.025319031334824,18.07479309769791,1.7941420247876654,1.2244101503980092,0.0
25.941189986382867,-37.03543814737054,18.073481286197246,1.7943194744791071,1.2248994350906948,-8.420767129872338e-15
25.941697224701258,-37.04555726262877,18.07216984767709,1.794496941470643,1.2253887578427891,-2.5262301389617013e-14
25.94220455257495,-37.0556763771146,18.070858782754495,1.794674425747803,1.2258781185174952,-1.6841534259744676e-14
25.94271196987172,-37.0657954908332,18.069548092046517,1.7948519272961236,1.2263675169780095,-8.420767129872338e-15
25.943219476459284,-37.07591460378969,18.068237776170225,1.79502944610115,1.2268569530875248,-8.420767129872338e-15
25.94372707220526,-37.086033715989196,18.06692783574266,1.7952069821484338,1.2273464267092273,8.420767129872338e-15
25.944234756977245,-37.096152827436846,18.065618271380885,1.7953845354235332,1.2278359377063006,-8.420767129872338e-15
25.94474253064276,-37.106271938137816,18.06430908370195,1.7955621059120153,1.2283254859419217,0.0
25.945250393069248,-37.11639104809722,18.06300027332293,1.7957396935994532,1.228815071279262,-1.6841534259744676e-14
25.945758344124126,-37.126510157320226,18.06169184086086,1.7959172984714298,1.2293046935814915,0.0
25.946266383674704,-37.13662926581196,18.060383786932814,1.796094920513532,1.2297943527117712,8.420767129872338e-15
25.946774511588266,-37.14674837357759,18.05907611215583,1.7962725597113556,1.2302840485332598,-8.420767129872338e-15
25.947282727732013,-37.15686748062226,18.05776881714698,1.7964502160505056,1.23077378090911,-1.6841534259744676e-14
25.94779103197309,-37.16698658695114,18.056461902523317,1.7966278895165906,1.231263549702469,-2.5262301389617013e-14
25.948299424178582,-37.177105692569384,18.055155368901893,1.7968055800952294,1.2317533547764814,-1.6841534259744676e-14
25.948807904215503,-37.18722479748213,18.05384921689977,1.7969832877720489,1.2322431959942832,0.0
25.949316471950805,-37.19734390169459,18.052543447134003,1.797161012532681,1.2327330732190096,-2.5262301389617013e-14
25.94982512725139,-37.20746300521189,18.05123806022165,1.7973387543627661,1.2332229863137876,0.0
25.950333869984075,-37.217582108039224,18.04993305677976,1.7975165132479527,1.233712935141741,0.0
25.950842700015635,-37.22770121018176,18.0486284374254,1.7976942891738958,1.234202919565988,-3.368306851948935e-14
25.951351617212765,-37.23782031164466,18.04732420277562,1.7978720821262582,1.234692939449641,-8.420767129872338e-15
25.951860621442112,-37.24793941243313,18.046020353447478,1.798049892090711,1.2351829946558095,8.420767129872338e-15
25.95236971257025,-37.25805851255233,18.044716890058037,1.798227719052932,1.2356730850475965,-1.6841534259744676e-14
25.952878890463687,-37.268177612007456,18.04341381322434,1.798405562998606,1.2361632104881006,0.0
25.95338815498887,-37.27829671080368,18.04211112356345,1.7985834239134264,1.2366533708404153,-1.6841534259744676e-14
25.953897506012183,-37.28841580894621,18.04080882169243,1.798761301783094,1.2371435659676275,-8.420767129872338e-15
25.954406943399952,-37.29853490644023,18.039506908228333,1.7989391965933177,1.2376337957328225,-8.420767129872338e-15
25.954916467018425,-37.308654003290926,18.038205383788206,1.799117108329811,1.2381240599990775,8.420767129872338e-15
25.955426076733797,-37.31877309950351,18.03690424898912,1.7992950369782983,1.2386143586294667,-4.210383564936169e-14
25.9559357724122,-37.328892195083164,18.035603504448126,1.7994729825245108,1.2391046914870578,-1.6841534259744676e-14
25.956445553919693,-37.33901129003511,18.03430315078228,1.7996509449541862,1.239595058434915,0.0
25.95695542112228,-37.34913038436454,18.03300318860864,1.7998289242530705,1.2400854593360962,-1.6841534259744676e-14
25.957465373885896,-37.35924947807669,18.03170361854425,1.800006920406919,1.2405758940536553,0.0
25.9579754120764,-37.369368571176736,18.030404441206187,1.8001849334014912,1.2410663624506393,1.6841534259744676e-14
25.958485535559603,-37.379487663669906,18.0291056572115,1.8003629632225557,1.241556864390092,-8.420767129872338e-15
25.95899574420125,-37.38960675556144,18.027807267177238,1.8005410098558896,1.2420473997350523,-2.5262301389617013e-14
25.959506037867023,-37.39972584685652,18.026509271720467,1.8007190732872786,1.2425379683485533,-1.6841534259744676e-14
25.96001641642252,-37.409844937560386,18.025211671458237,1.800897153502513,1.2430285700936223,0.0
25.960526879733294,-37.41996402767827,18.02391446700761,1.801075250487392,1.2435192048332833,0.0
25.961037427664817,-37.43008311721538,18.022617658985638,1.801253364227724,1.244009872430554,-8.420767129872338e-15
25.961548060082517,-37.44020220617696,18.021321248009386,1.801431494709324,1.2445005727484464,-8.420767129872338e-15
25.96205877685174,-37.45032129456826,18.020025234695897,1.8016096419180132,1.2449913056499706,-3.368306851948935e-14
25.962569577837765,-37.46044038239449,18.018729619662235,1.8017878058396246,1.2454820709981274,-1.6841534259744676e-14
25.963080462905822,-37.47055946966089,18.01743440352546,1.8019659864599935,1.2459728686559155,0.0
25.96359143192106,-37.48067855637272,18.01613958690263,1.8021441837649672,1.2464636984863264,0.0
25.964102484748558,-37.49079764253522,18.01484517041079,1.8023223977404,1.2469545603523489,-3.368306851948935e-14
25.96461362125336,-37.500916728153626,18.013551154667006,1.8025006283721523,1.2474454541169657,-8.420767129872338e-15
25.96512484130041,-37.51103581323321,18.01225754028833,1.8026788756460934,1.2479363796431533,-1.6841534259744676e-14
25.965636144754594,-37.52115489777919,18.01096432789182,1.8028571395481008,1.2484273367938847,-8.420767129872338e-15
25.966147531480747,-37.53127398179686,18.009671518094542,1.8030354200640584,1.2489183254321254,-1.6841534259744676e-14
25.96665900134362,-37.54139306529145,18.008379111513538,1.8032137171798597,1.249409345420839,-1.6841534259744676e-14
25.96717055420791,-37.55151214826824,18.007087108765866,1.8033920308814053,1.2499003966229827,0.0
25.967682189938245,-37.56163123073249,18.00579551046859,1.8035703611546023,1.2503914789015071,8.420767129872338e-15
25.968193908399183,-37.57175031268947,18.00450431723877,1.8037487079853665,1.2508825921193591,-2.5262301389617013e-14
25.96870570945521,-37.581869394144434,18.003213529693447,1.8039270713596234,1.2513737361394808,-2.5262301389617013e-14
25.969217592970768,-37.591988475102674,18.00192314844969,1.8041054512633052,1.251864910824808,-2.5262301389617013e-14
25.9697295588102,-37.602107555569454,18.00063317412456,1.80428384768235,1.2523561160382723,-8.420767129872338e-15
25.97024160683782,-37.61222663555006,17.999343607335092,1.8044622606027072,1.2528473516428007,-2.5262301389617013e-14
25.970753736917843,-37.62234571504976,17.99805444869837,1.8046406900103296,1.2533386175013121,-8.420767129872338e-15
25.971265948914418,-37.632464794073854,17.996765698831428,1.8048191358911825,1.2538299134767235,0.0
25.971778242691652,-37.642583872627625,17.995477358351334,1.804997598231237,1.2543212394319452,0.0
25.97229061811357,-37.65270295071637,17.994189427875146,1.8051760770164718,1.254812595229883,0.0
25.972803075044123,-37.66282202834537,17.992901908019917,1.805354572232874,1.2553039807334372,-4.210383564936169e-14
25.973315613347207,-37.67294110551992,17.9916147994027,1.8055330838664403,1.2557953958055017,-1.6841534259744676e-14
25.97382823288665,-37.68306018224532,17.990328102640554,1.805711611903173,1.2562868403089686,0.0
25.974340933526204,-37.693179258526875,17.989041818350536,1.8058901563290823,1.256778314106721,8.420767129872338e-15
25.974853715129544,-37.70329833436989,17.98775594714971,1.806068717130188,1.2572698170616383,-8.420767129872338e-15
25.97536657756031,-37.71341740977967,17.98647048965512,1.8062472942925167,1.2577613490365955,-8.420767129872338e-15
25.97587952068205,-37.72353648476152,17.985185446483836,1.8064258878021033,1.2582529098944606,0.0
25.976392544358244,-37.73365555932076,17.9839008182529,1.8066044976449926,1.258744499498099,-8.420767129872338e-15
25.97690564845231,-37.743774633462706,17.98261660557938,1.8067831238072334,1.2592361177103681,0.0
25.977418832827603,-37.75389370719268,17.981332809080328,1.8069617662748865,1.259727764394123,0.0
25.977932097347395,-37.76401278051598,17.980049429372798,1.8071404250340184,1.2602194394122097,0.0
25.97844544187491,-37.77413185343796,17.97876646707385,1.8073191000707045,1.2607111426274733,8.420767129872338e-15
25.978958866273278,-37.78425092596393,17.977483922800545,1.8074977913710282,1.2612028739027492,-1.6841534259744676e-14
25.97947237040559,-37.79436999809922,17.97620179716993,1.8076764989210803,1.2616946331008723,-8.420767129872338e-15
25.979985954134843,-37.80448906984918,17.97492009079907,1.8078552227069618,1.2621864200846686,-8.420767129872338e-15
25.980499617323975,-37.814608141219125,17.97363880430502,1.8080339627147786,1.26267823471696,0.0
25.981013359835863,-37.824727212214405,17.972357938304828,1.8082127189306476,1.2631700768605643,0.0
25.981527181533306,-37.83484628284035,17.971077493415557,1.8083914913406927,1.263661946378292,-8.420767129872338e-15
25.98204108227903,-37.844965353102324,17.96979747025427,1.8085702799310446,1.2641538431329498,-2.5262301389617013e-14
25.982555061935702,-37.85508442300567,17.968517869438017,1.8087490846878445,1.2646457669873379,-1.6841534259744676e-14
25.983069120365926,-37.865203492555715,17.967238691583855,1.8089279055972394,1.2651377178042522,-1.6841534259744676e-14
25.98358325743221,-37.87532256175783,17.96595993730884,1.8091067426453895,1.2656296954464843,0.0
25.98409747299702,-37.885441630617386,17.964681607230023,1.809285595818455,1.2661216997768183,-2.5262301389617013e-14
25.984611766922733,-37.89556069913971,17.96340370196447,1.8094644651026115,1.2666137306580336,-1.6841534259744676e-14
25.98512613907168,-37.905679767330184,17.962126222129235,1.8096433504840386,1.267105787952906,-8.420767129872338e-15
25.985640589306094,-37.91579883519417,17.960849168341376,1.8098222519489262,1.2675978715242024,-8.420767129872338e-15
25.986155117488163,-37.925917902737034,17.95957254121795,1.8100011694834717,1.2680899812346893,-1.6841534259744676e-14
25.98666972347998,-37.93603696996414,17.958296341376006,1.8101801030738804,1.2685821169471239,-8.420767129872338e-15
25.98718440714361,-37.94615603688088,17.957020569432608,1.8103590527063673,1.2690742785242595,-8.420767129872338e-15
25.98769916834099,-37.956275103492615,17.955745226004808,1.810538018367154,1.2695664658288441,8.420767129872338e-15
25.988214006934026,-37.96639416980473,17.95447031170967,1.8107170000424706,1.2700586787236205,-2.5262301389617013e-14
25.988728922784563,-37.9765132358226,17.953195827164244,1.8108959977185572,1.2705509170713256,-8.420767129872338e-15
25.98924391575434,-37.986632301551616,17.951921772985585,1.8110750113816592,1.2710431807346922,8.420767129872338e-15
25.98975898570504,-37.99675136699718,17.950648149790755,1.8112540410180327,1.2715354695764454,-1.6841534259744676e-14
25.990274132498296,-38.00687043216465,17.94937495819681,1.8114330866139419,1.2720277834593072,-1.6841534259744676e-14
25.990789355995656,-38.01698949705946,17.948102198820802,1.8116121481556584,1.272520122245994,-1.6841534259744676e-14
25.991304656058578,-38.02710856168698,17.946829872279793,1.8117912256294617,1.2730124857992156,-8.420767129872338e-15
25.99182003254847,-38.037227626052626,17.945557979190838,1.8119703190216425,1.2735048739816772,-8.420767129872338e-15
25.992335485326667,-38.047346690161774,17.94428652017099,1.8121494283184962,1.273997286656079,8.420767129872338e-15
25.992851014254445,-38.05746575401986,17.94301549583731,1.8123285535063276,1.274489723685114,8.420767129872338e-15
25.993366619192976,-38.06758481763229,17.941744906806854,1.812507694571453,1.274982184931473,-8.420767129872338e-15
25.99388230000339,-38.077703881004446,17.940474753696673,1.8126868515001928,1.2754746702578388,-1.6841534259744676e-14
