galstreams/tracks/track.st.NGC6397.ibata2021.ecsv
# %ECSV 0.9
# ---
# datatype:
# - {name: ra, unit: deg, datatype: float64}
# - {name: dec, unit: deg, datatype: float64}
# - {name: distance, unit: kpc, datatype: float64}
# - {name: pm_ra_cosdec, unit: mas / yr, datatype: float64}
# - {name: pm_dec, unit: mas / yr, datatype: float64}
# - {name: radial_velocity, unit: km / s, datatype: float64}
# delimiter: ','
# meta: !!omap
# - __serialized_columns__:
#     dec:
#       __class__: astropy.coordinates.angles.Latitude
#       unit: &id001 !astropy.units.Unit {unit: deg}
#       value: !astropy.table.SerializedColumn {name: dec}
#     distance:
#       __class__: astropy.coordinates.distances.Distance
#       unit: !astropy.units.Unit {unit: kpc}
#       value: !astropy.table.SerializedColumn {name: distance}
#     pm_dec:
#       __class__: astropy.units.quantity.Quantity
#       unit: !astropy.units.Unit {unit: mas / yr}
#       value: !astropy.table.SerializedColumn {name: pm_dec}
#     pm_ra_cosdec:
#       __class__: astropy.units.quantity.Quantity
#       unit: !astropy.units.Unit {unit: mas / yr}
#       value: !astropy.table.SerializedColumn {name: pm_ra_cosdec}
#     ra:
#       __class__: astropy.coordinates.angles.Longitude
#       unit: *id001
#       value: !astropy.table.SerializedColumn {name: ra}
#       wrap_angle: !astropy.coordinates.Angle
#         unit: *id001
#         value: 360.0
#     radial_velocity:
#       __class__: astropy.units.quantity.Quantity
#       unit: !astropy.units.Unit {unit: km / s}
#       value: !astropy.table.SerializedColumn {name: radial_velocity}
# schema: astropy-2.0
ra,dec,distance,pm_ra_cosdec,pm_dec,radial_velocity
[from data line 1399]
281.88860097948634,-54.03608567631965,2.5644450935836898,5.585102248398536,-15.015335162907252,1.6841534259744676e-14
281.90544306148354,-54.0352766774738,2.5645193376015136,5.587668733830479,-15.013059434878924,0.0
281.92228426015305,-54.03446118269617,2.564593573241557,5.590236724687931,-15.01078505488525,0.0
281.9391245679204,-54.0336391797298,2.5646678006416237,5.592806223878915,-15.008512024696,0.0
281.9559639771926,-54.03281065632002,2.5647420199395192,5.595377234310226,-15.006240346079853,0.0
281.9728024803581,-54.03197560021436,2.564816231273046,5.597949758887381,-15.003970020804505,-3.368306851948935e-14
281.9896400697869,-54.031133999162634,2.5648904347800086,5.60052380051469,-15.00170105063653,0.0
282.0064767378302,-54.030285840916896,2.564964630598212,5.603099362095179,-14.999433437341516,0.0
282.02331247682116,-54.029431113231475,2.5650388188654607,5.605676446530683,-14.997167182683993,-1.6841534259744676e-14
282.04014727907406,-54.028569803862965,2.565112999719558,5.608255056721781,-14.99490228842745,0.0
282.056981136885,-54.02770190057025,2.565187173298308,5.610835195567822,-14.992638756334355,-3.368306851948935e-14
282.0738140425314,-54.026827391114495,2.5652613397395165,5.613416865966949,-14.990376588166125,-1.6841534259744676e-14
282.09064598827246,-54.025946263259165,2.5653354991809865,5.616000070816057,-14.988115785683192,0.0
282.10747696634894,-54.02505850477,2.565409651760522,5.618584813010862,-14.985856350644903,0.0
282.1243069689832,-54.02416410341505,2.5654837976159284,5.621171095445849,-14.983598284809627,-1.6841534259744676e-14
282.1411359883792,-54.02326304696471,2.5655579368850097,5.6237589210142875,-14.98134158993469,-3.368306851948935e-14
282.15796401672264,-54.022355323191626,2.56563206970557,5.626348292608267,-14.97908626777641,-5.0524602779234026e-14
282.17479104618076,-54.02144091987084,2.565706196215413,5.628939213118647,-14.976832320090102,-6.73661370389787e-14
282.1916170689028,-54.02051982477968,2.5657803165523436,5.631531685435145,-14.974579748630028,0.0
282.20844207701947,-54.01959202569779,2.5658544308541664,5.634125712446241,-14.972328555149488,-1.6841534259744676e-14
282.22526606264324,-54.01865751040723,2.5659285392586857,5.636721297039237,-14.97007874140074,0.0
282.2420890178684,-54.017716266692325,2.5660026419037045,5.6393184421002704,-14.967830309135064,0.0
282.258910934771,-54.0167682823398,2.566076738927028,5.641917150514288,-14.965583260102726,-3.368306851948935e-14
282.275731805409,-54.015813545138734,2.5661508304664604,5.644517425165092,-14.963337596052977,0.0
282.292551621822,-54.01485204288058,2.566224916659806,5.647119268935263,-14.961093318734104,-1.6841534259744676e-14
282.3093703760316,-54.013883763359125,2.566298997644869,5.649722684706272,-14.958850429893372,-3.368306851948935e-14
282.32618806004115,-54.0129086943706,2.5663730735594528,5.652327675358403,-14.95660893127708,-3.368306851948935e-14
282.3430046658361,-54.011926823713566,2.566447144541363,5.654934243770782,-14.954368824630508,1.6841534259744676e-14
282.3598201853834,-54.01093813918901,2.566521210728404,5.657542392821381,-14.952130111697983,-1.6841534259744676e-14
282.3766346106323,-54.00994262860029,2.5665952722583794,5.660152125387045,-14.949892794222826,-3.368306851948935e-14
282.393447933514,-54.00894027975318,2.5666693292690934,5.662763444343472,-14.947656873947388,-3.368306851948935e-14
282.4102601459414,-54.00793108045588,2.566743381898351,5.665376352565216,-14.94542235261303,0.0
282.42707123980966,-54.00691501851898,2.566817430283955,5.667990852925692,-14.943189231960158,0.0
282.4438812069957,-54.0058920817555,2.56689147456371,5.670606948297185,-14.940957513728204,-1.6841534259744676e-14
282.4606900393587,-54.00486225798089,2.566965514875422,5.67322464155088,-14.938727199655599,-3.368306851948935e-14
282.4774977287399,-54.003825535013064,2.567039551356894,5.675843935556801,-14.936498291479843,-3.368306851948935e-14
282.49430426696244,-54.002781900672325,2.5671135841459303,5.678464833183913,-14.934270790937457,0.0
282.5111096458316,-54.001731342781454,2.5671876133803355,5.681087337299994,-14.932044699763999,-3.368306851948935e-14
282.527913857135,-54.00067384916569,2.567261639197912,5.683711450771801,-14.929820019694072,1.6841534259744676e-14
282.5447168926421,-53.99960940765271,2.5673356617364673,5.686337176464906,-14.92759675246132,-3.368306851948935e-14
282.5615187441047,-53.99853800607267,2.5674096811338045,5.688964517243833,-14.925374899798435,-5.0524602779234026e-14
282.5783194032569,-53.99745963225821,2.5674836975277264,5.691593475972018,-14.923154463437154,-1.6841534259744676e-14
282.59511886181474,-53.996374274044406,2.567557711056039,5.694224055511773,-14.920935445108269,-3.368306851948935e-14
282.61191711147654,-53.99528191926887,2.567631721856545,5.6968562587243445,-14.918717846541643,-3.368306851948935e-14
282.62871414392316,-53.99418255577165,2.56770573006705,5.699490088469908,-14.916501669466157,-5.0524602779234026e-14
282.64550995081754,-53.99307617139535,2.5677797358253587,5.702125547607555,-14.91428691560978,0.0
282.6623045238048,-53.99196275398502,2.5678537392692737,5.704762638995302,-14.912073586699547,-3.368306851948935e-14
282.6790978545125,-53.99084229138825,2.5679277405365997,5.707401365490096,-14.909861684461546,-1.6841534259744676e-14
282.6958899345506,-53.98971477145513,2.5680017397651422,5.710041729947827,-14.907651210620934,-5.0524602779234026e-14
282.7126807555115,-53.98858018203829,2.568075737092704,5.7126837352233535,-14.905442166901935,-1.6841534259744676e-14
282.7294703089697,-53.987438510992845,2.568149732657091,5.715327384170436,-14.903234555027854,-5.0524602779234026e-14
282.7462585864825,-53.9862897461765,2.5682237265961056,5.7179726796418295,-14.90102837672108,0.0
282.7630455795893,-53.985133875449435,2.5682977190475533,5.7206196244892125,-14.898823633703053,-3.368306851948935e-14
282.77983127981213,-53.98397088667442,2.568371710149237,5.723268221563239,-14.896620327694327,0.0
282.7966156786554,-53.98280076771675,2.5684457000389633,5.725918473713534,-14.894418460414514,0.0
282.81339876760626,-53.9816235064443,2.568519688854535,5.728570383788677,-14.892218033582324,0.0
282.83018053813424,-53.980439090727465,2.568593676733756,5.731223954636265,-14.890019048915555,-3.368306851948935e-14
282.84696098169127,-53.97924750843926,2.568667663814432,5.733879189102808,-14.8878215081311,-3.368306851948935e-14
282.86374008971217,-53.97804874745522,2.568741650234365,5.736536090033866,-14.885625412944947,-1.6841534259744676e-14
282.88051785361415,-53.97684279565351,2.568815636131362,5.739194660273936,-14.883430765072164,-3.368306851948935e-14
282.89729426479715,-53.97562964091484,2.568889621643225,5.741854902666559,-14.88123756622695,-5.0524602779234026e-14
282.91406931464377,-53.97440927112253,2.5689636069077593,5.744516820054246,-14.87904581812257,0.0
282.9308429945192,-53.973181674162504,2.56903759206277,5.747180415278507,-14.876855522471434,1.6841534259744676e-14
282.9476152957713,-53.971946837923255,2.5691115772460593,5.749845691179866,-14.874666680985037,-5.0524602779234026e-14
282.96438620973083,-53.97070475029594,2.569185562595434,5.752512650597873,-14.87247929537397,-3.368306851948935e-14
282.98115572771127,-53.969455399174265,2.569259548248695,5.755181296371093,-14.87029336734798,-3.368306851948935e-14
282.99792384100874,-53.968198772454606,2.5693335343436496,5.757851631337104,-14.86810889861589,-3.368306851948935e-14
283.0146905409023,-53.96693485803595,2.5694075210181015,5.760523658332517,-14.865925890885661,-1.6841534259744676e-14
283.0314558186536,-53.96566364381991,2.569481508409855,5.763197380192977,-14.863744345864369,-1.6841534259744676e-14
283.0482196655075,-53.96438511771075,2.569555496656712,5.765872799753151,-14.861564265258242,-3.368306851948935e-14
283.06498207269146,-53.96309926761535,2.56962948589648,5.768549919846791,-14.859385650772575,-1.6841534259744676e-14
283.08174303141595,-53.96180608144327,2.569703476266962,5.7712287433066445,-14.857208504111844,-3.368306851948935e-14
283.0985025328743,-53.96050554710672,2.5697774679059617,5.773909272964536,-14.855032826979642,-1.6841534259744676e-14
283.1152605682429,-53.95919765252055,2.5698514609512837,5.776591511651359,-14.852858621078703,-3.368306851948935e-14
283.1320171286809,-53.9578823856023,2.5699254555407327,5.779275462197038,-14.850685888110881,-1.6841534259744676e-14
283.1487722053309,-53.95655973427217,2.5699994518121128,5.781961127430615,-14.848514629777178,3.368306851948935e-14
283.1655257893179,-53.95522968645302,2.570073449903228,5.784648510180123,-14.846344847777768,-5.0524602779234026e-14
283.18227787175044,-53.953892230070444,2.570147449951883,5.78733761327276,-14.844176543811916,0.0
283.19902844371995,-53.95254735305267,2.5702214520958813,5.790028439534735,-14.842009719578089,-3.368306851948935e-14
283.215777496301,-53.95119504333067,2.570295456473028,5.792720991791391,-14.839844376773865,-3.368306851948935e-14
283.2325250205513,-53.949835288838074,2.570369463221127,5.79541527286715,-14.837680517095997,-3.368306851948935e-14
283.24927100751165,-53.94846807751123,2.570443472477983,5.798111285585511,-14.835518142240387,-3.368306851948935e-14
283.2660154482061,-53.94709339728923,2.5705174843814,5.800809032769092,-14.833357253902111,-1.6841534259744676e-14
283.2827583336418,-53.945711236113844,2.570591499069183,5.803508517239605,-14.831197853775379,-3.368306851948935e-14
283.2994996548094,-53.94432158192956,2.5706655166791337,5.806209741817914,-14.829039943553605,-6.73661370389787e-14
283.3162394026825,-53.94292442268366,2.5707395373490596,5.808912709323946,-14.826883524929316,0.0
283.3329775682182,-53.941519746326065,2.5708135612167617,5.811617422576775,-14.824728599594277,-1.6841534259744676e-14
283.3497141423568,-53.940107540809514,2.5708875884200477,5.814323884394597,-14.82257516923936,-5.0524602779234026e-14
283.36644911602195,-53.93868779408946,2.5709616190967193,5.817032097594747,-14.820423235554653,-6.73661370389787e-14
283.38318248012075,-53.937260494124104,2.5710356533845826,5.819742064993688,-14.818272800229405,-1.6841534259744676e-14
283.3999142255436,-53.93582562887442,2.5711096914214413,5.822453789407033,-14.816123864952052,1.6841534259744676e-14
283.41664434316436,-53.93438318630411,2.571183733345098,5.825167273649532,-14.813976431410229,0.0
283.43337282384033,-53.93293315437968,2.571257779293359,5.827882520535085,-14.811830501290725,-5.0524602779234026e-14
283.45009965841234,-53.93147552107042,2.571331829404028,5.830599532876774,-14.809686076279547,-3.368306851948935e-14
283.4668248377047,-53.93001027434835,2.5714058838149096,5.833318313486809,-14.80754315806186,-3.368306851948935e-14
283.48354835252513,-53.92853740218829,2.5714799426638066,5.836038865176601,-14.805401748322062,-6.73661370389787e-14
283.5002701936651,-53.92705689256788,2.571554006088525,5.838761190756706,-14.80326184874373,-3.368306851948935e-14
283.5169903518995,-53.92556873346754,2.5716280742268687,5.841485293036872,-14.801123461009634,3.368306851948935e-14
283.53370881798696,-53.924072912870464,2.5717021472166417,5.844211174826015,-14.798986586801762,-3.368306851948935e-14
283.5504255826697,-53.92256941876268,2.5717762251956473,5.84693883893227,-14.79685122780128,-3.368306851948935e-14
283.56714063667357,-53.92105823913303,2.5718503083016913,5.849668288162933,-14.794717385688601,-1.6841534259744676e-14
283.58385397070816,-53.919539361973165,2.571924396672577,5.852399525324508,-14.792585062143328,-3.368306851948935e-14
283.6005655754668,-53.918012775277546,2.5719984904461097,5.855132553222714,-14.790454258844262,-1.6841534259744676e-14
283.6172754416266,-53.91647846704348,2.5720725897600927,5.857867374662478,-14.788324977469445,-3.368306851948935e-14
283.63398355984833,-53.91493642527109,2.5721466947523304,5.860603992447923,-14.786197219696124,-1.6841534259744676e-14
283.65068992077664,-53.913386637963356,2.5722208055606286,5.863342409382402,-14.78407098720076,-1.6841534259744676e-14
283.66739451504003,-53.9118290931261,2.5722949223227896,5.866082628268487,-14.781946281659078,-3.368306851948935e-14
283.6840973332509,-53.91026377876796,2.5723690451766172,5.868824651908014,-14.779823104745972,-1.6841534259744676e-14
283.70079836600553,-53.90869068290049,2.572443174259918,5.871568483101999,-14.777701458135606,0.0
283.71749760388406,-53.90710979353804,2.5725173097104945,5.874314124650748,-14.775581343501361,-3.368306851948935e-14
283.73419503745055,-53.905521098697875,2.5725914516661517,5.8770615793537715,-14.77346276251586,-1.6841534259744676e-14
283.75089065725314,-53.903924586400095,2.5726656002646933,5.87981085000986,-14.771345716850954,-6.73661370389787e-14
283.76758445382404,-53.90232024466769,2.572739755643925,5.882561939417052,-14.769230208177726,-1.6841534259744676e-14
283.7842764176794,-53.90070806152654,2.5728139179416494,5.885314850372662,-14.767116238166537,0.0
283.8009665393194,-53.89908802500539,2.572888087295672,5.88806958567323,-14.765003808486952,-3.368306851948935e-14
283.8176548092284,-53.8974601231359,2.5729622638437966,5.890826148114611,-14.762892920807818,0.0
283.83434121787474,-53.895824343952604,2.573036447723827,5.893584540491919,-14.760783576797209,0.0
283.85102575571125,-53.89418067549295,2.573110639073567,5.896344765599565,-14.758675778122468,-3.368306851948935e-14
283.8677084131746,-53.89252910579731,2.573184838030823,5.899106826231234,-14.756569526450175,0.0
283.8843891806858,-53.890869622908916,2.5732590447333976,5.901870725179899,-14.754464823446195,-5.0524602779234026e-14
283.90106804865025,-53.88920221487399,2.573333259319096,5.904636465237866,-14.752361670775631,-3.368306851948935e-14
283.9177450074573,-53.887526869741606,2.5734074819257207,5.907404049196712,-14.750260070102863,-3.368306851948935e-14
283.93442004748096,-53.88584357556381,2.573481712691078,5.910173479847342,-14.748160023091534,-1.6841534259744676e-14
283.95109315907933,-53.88415232039558,2.573555951752971,5.91294475997997,-14.74606153140456,0.0
283.967764332595,-53.882453092294796,2.5736301992492048,5.915717892384122,-14.743964596704117,-3.368306851948935e-14
283.98443355835485,-53.88074587932234,2.5737044553175825,5.918492879848678,-14.741869220651683,1.6841534259744676e-14
284.0011008266703,-53.87903066954196,2.57377872009591,5.921269725161832,-14.739775404907984,-3.368306851948935e-14
284.0177661278373,-53.87730745102045,2.57385299372199,5.924048431111118,-14.737683151133034,-1.6841534259744676e-14
284.03442945213595,-53.8755762118275,2.5739272763336283,5.926829000483412,-14.735592460986144,-3.368306851948935e-14
284.0510907898312,-53.873836940035766,2.574001568068628,5.9296114360649375,-14.733503336125894,-6.73661370389787e-14
284.06775013117255,-53.87208962372092,2.5740758690647936,5.93239574064129,-14.73141577821016,0.0
284.08440746639377,-53.87033425096154,2.574150179459929,5.935181916997405,-14.729329788896116,-1.6841534259744676e-14
284.1010627857135,-53.868570809839234,2.57422449939184,5.937969967917575,-14.727245369840212,0.0
284.117716079335,-53.866799288438564,2.574298828998329,5.940759896185498,-14.725162522698213,-6.73661370389787e-14
284.1343673374462,-53.86501967484712,2.574373168417201,5.943551704584234,-14.723081249125164,0.0
284.1510165502196,-53.863231957155435,2.574447517786261,5.946345395896203,-14.72100155077542,-1.6841534259744676e-14
284.1676637078126,-53.86143612345706,2.574521877243312,5.949140972903244,-14.718923429302658,0.0
284.18430880036726,-53.85963216184856,2.5745962469261596,5.9519384383865575,-14.716846886359832,-6.73661370389787e-14
284.2009518180106,-53.857820060429525,2.5746706269726065,5.954737795126796,-14.71477192359922,1.6841534259744676e-14
284.2175927508541,-53.855999807302474,2.5747450175204585,5.9575390459039514,-14.71269854267242,-3.368306851948935e-14
284.23423158899465,-53.854171390573065,2.5748194187075195,5.960342193497477,-14.710626745230325,0.0
284.2508683225135,-53.85233479834988,2.5748938306715927,5.963147240686203,-14.708556532923168,-5.0524602779234026e-14
