galstreams/tracks/track.st.GD-1.ibata2021.ecsv
# %ECSV 0.9
# ---
# datatype:
# - {name: ra, unit: deg, datatype: float64}
# - {name: dec, unit: deg, datatype: float64}
# - {name: distance, unit: kpc, datatype: float64}
# - {name: pm_ra_cosdec, unit: mas / yr, datatype: float64}
# - {name: pm_dec, unit: mas / yr, datatype: float64}
# - {name: radial_velocity, unit: km / s, datatype: float64}
# delimiter: ','
# meta: !!omap
# - __serialized_columns__:
#     dec:
#       __class__: astropy.coordinates.angles.Latitude
#       unit: &id001 !astropy.units.Unit {unit: deg}
#       value: !astropy.table.SerializedColumn {name: dec}
#     distance:
#       __class__: astropy.coordinates.distances.Distance
#       unit: !astropy.units.Unit {unit: kpc}
#       value: !astropy.table.SerializedColumn {name: distance}
#     pm_dec:
#       __class__: astropy.units.quantity.Quantity
#       unit: !astropy.units.Unit {unit: mas / yr}
#       value: !astropy.table.SerializedColumn {name: pm_dec}
#     pm_ra_cosdec:
#       __class__: astropy.units.quantity.Quantity
#       unit: !astropy.units.Unit {unit: mas / yr}
#       value: !astropy.table.SerializedColumn {name: pm_ra_cosdec}
#     ra:
#       __class__: astropy.coordinates.angles.Longitude
#       unit: *id001
#       value: !astropy.table.SerializedColumn {name: ra}
#       wrap_angle: !astropy.coordinates.Angle
#         unit: *id001
#         value: 360.0
#     radial_velocity:
#       __class__: astropy.units.quantity.Quantity
#       unit: !astropy.units.Unit {unit: km / s}
#       value: !astropy.table.SerializedColumn {name: radial_velocity}
# schema: astropy-2.0
ra,dec,distance,pm_ra_cosdec,pm_dec,radial_velocity
[from data line 3317]
137.21060915989003,20.325160842980097,7.825519896954114,-3.702940988288289,-12.871061706735755,0.0
137.21575719985123,20.33395295153185,7.825257783923943,-3.7037844467999164,-12.871522399615317,3.368306851948935e-14
137.2209060891027,20.342744759432534,7.824995810315903,-3.7046279616236504,-12.871982406021043,3.368306851948935e-14
137.2260558279775,20.351536266584723,7.824733976173204,-3.705471532794053,-12.872441725966826,0.0
137.23120641680902,20.360327472891104,7.82447228153905,-3.7063151603456888,-12.872900359466552,3.368306851948935e-14
137.23635785593063,20.369118378254175,7.8242107264566485,-3.7071588443130903,-12.873358306534074,0.0
137.24151014567587,20.377908982576386,7.823949310969205,-3.708002584730777,-12.873815567183236,-1.0104920555846805e-13
137.2466632863784,20.386699285760173,7.823688035119925,-3.708846381633261,-12.87427214142786,6.73661370389787e-14
137.25181727837207,20.39548928770792,7.8234268989520155,-3.7096902350550263,-12.874728029281755,0.0
137.25697212199077,20.404278988321945,7.823165902508684,-3.7105341450305485,-12.875183230758696,-3.368306851948935e-14
137.26212781756854,20.41306838750451,7.822905045833135,-3.711378111594287,-12.875637745872458,-6.73661370389787e-14
137.26728436543962,20.421857485157837,7.822644328968573,-3.71222213478068,-12.87609157463679,0.0
137.27244176593828,20.43064628118404,7.822383751958207,-3.713066214624154,-12.876544717065414,6.73661370389787e-14
137.27760001939902,20.439434775485346,7.822123314845243,-3.7139103511591216,-12.87699717317204,0.0
137.28275912615646,20.448222967963748,7.821863017672885,-3.7147545444199745,-12.877448942970354,-1.0104920555846805e-13
137.2879190865452,20.45701085852126,7.821602860484342,-3.715598794441089,-12.87790002647403,0.0
137.29307990090018,20.46579844705986,7.821342843322817,-3.7164431012568255,-12.878350423696723,0.0
137.29824156955632,20.474585733481433,7.82108296623152,-3.7172874649015304,-12.878800134652064,3.368306851948935e-14
137.30340409284872,20.48337271768778,7.820823229253656,-3.7181318854095284,-12.87924915935367,0.0
137.30856747111267,20.492159399580828,7.820563632432426,-3.7189763628151375,-12.879697497815126,-6.73661370389787e-14
137.31373170468348,20.500945779062242,7.820304175811043,-3.719820897152652,-12.880145150050021,-3.368306851948935e-14
137.31889679389664,20.509731856033742,7.820044859432712,-3.7206654884563504,-12.880592116071899,-3.368306851948935e-14
137.32406273908782,20.51851763039697,7.819785683340637,-3.7215101367605015,-12.881038395894308,-3.368306851948935e-14
137.32922954059273,20.527303102053505,7.819526647578026,-3.7223548420993446,-12.88148398953076,3.368306851948935e-14
137.33439719874727,20.53608827090491,7.819267752188082,-3.7231996045071165,-12.881928896994756,3.368306851948935e-14
137.33956571388748,20.544873136852654,7.819008997214014,-3.724044424018032,-12.882373118299785,3.368306851948935e-14
137.34473508634946,20.553657699798137,7.818750382699029,-3.7248893006662884,-12.882816653459296,-1.0104920555846805e-13
137.34990531646952,20.562441959642815,7.8184919086863305,-3.72573423448607,-12.88325950248674,-3.368306851948935e-14
137.35507640458408,20.571225916287997,7.818233575219128,-3.7265792255115406,-12.883701665395527,-6.73661370389787e-14
137.36024835102967,20.580009569634946,7.817975382340624,-3.7274242737768537,-12.884143142199083,3.368306851948935e-14
137.36542115614296,20.58879291958489,7.817717330094025,-3.7282693793161417,-12.884583932910775,-3.368306851948935e-14
137.37059482026075,20.597575966039003,7.817459418522539,-3.7291145421635186,-12.885024037543978,3.368306851948935e-14
137.37576934371995,20.606358708898412,7.817201647669372,-3.729959762353085,-12.885463456112031,3.368306851948935e-14
137.38094472685762,20.615141148064122,7.816944017577731,-3.7308050399189314,-12.885902188628274,0.0
137.386120970011,20.623923283437254,7.81668652829082,-3.7316503748951195,-12.886340235106001,3.368306851948935e-14
137.39129807351742,20.632705114918718,7.816429179851847,-3.732495767315707,-12.886777595558513,0.0
137.3964760377143,20.641486642409426,7.816171972304017,-3.7333412172147256,-12.88721426999907,6.73661370389787e-14
137.4016548629393,20.650267865810243,7.815914905690535,-3.734186724626195,-12.887650258440933,-1.0104920555846805e-13
137.40683454953003,20.65904878502195,7.815657980054612,-3.735032289584115,-12.888085560897323,-3.368306851948935e-14
137.4120150978244,20.667829399945326,7.815401195439447,-3.735877912122475,-12.888520177381466,-1.0104920555846805e-13
137.4171965081604,20.67660971048105,7.815144551888253,-3.7367235922752418,-12.888954107906539,-3.368306851948935e-14
137.4223787808761,20.68538971652972,7.8148880494442325,-3.737569330076367,-12.88938735248573,-3.368306851948935e-14
137.42756191630983,20.694169417992033,7.814631688150593,-3.738415125559792,-12.889819911132182,-3.368306851948935e-14
137.43274591479994,20.702948814768476,7.814375468050538,-3.7392609787594377,-12.890251783859048,6.73661370389787e-14
137.4379307766849,20.711727906759545,7.8141193891872796,-3.7401068897092014,-12.890682970679427,0.0
137.44311650230338,20.720506693865662,7.813863451604016,-3.7409528584429736,-12.891113471606422,3.368306851948935e-14
137.44830309199418,20.72928517598723,7.813607655343959,-3.7417988849946267,-12.891543286653116,-6.73661370389787e-14
137.4534905460961,20.73806335302449,7.813352000450314,-3.7426449693980053,-12.891972415832559,-3.368306851948935e-14
137.45867886494833,20.746841224877848,7.813096486966287,-3.7434911116869585,-12.892400859157794,-3.368306851948935e-14
137.46386804888994,20.755618791447468,7.812841114935082,-3.7443373118952974,-12.892828616641848,-6.73661370389787e-14
137.46905809826026,20.76439605263351,7.812585884399907,-3.7451835700568354,-12.893255688297709,-3.368306851948935e-14
137.47424901339878,20.773173008336094,7.81233079540397,-3.7460298862053527,-12.893682074138367,-3.368306851948935e-14
137.47944079464494,20.781949658455297,7.8120758479904735,-3.74687626037462,-12.894107774176783,0.0
137.48463344233858,20.790726002891102,7.811821042202627,-3.7477226925983946,-12.894532788425895,3.368306851948935e-14
137.48982695681943,20.799502041543487,7.811566378083634,-3.7485691829104164,-12.894957116898635,-1.0104920555846805e-13
137.49502133842748,20.808277774312334,7.811311855676702,-3.7494157313443974,-12.8953807596079,6.73661370389787e-14
137.50021658750285,20.817053201097476,7.811057475025036,-3.750262337934046,-12.895803716566578,3.368306851948935e-14
137.50541270438578,20.82582832179877,7.810803236171844,-3.751109002713054,-12.896225987787533,-3.368306851948935e-14
137.51060968941655,20.834603136315938,7.810549139160331,-3.7519557257150864,-12.896647573283616,6.73661370389787e-14
137.5158075429358,20.84337764454865,7.810295184033706,-3.7528025069738007,-12.897068473067641,0.0
137.521006265284,20.85215184639656,7.810041370835169,-3.753649346522833,-12.89748868715243,0.0
137.52620585680202,20.86092574175923,7.80978769960793,-3.7544962443958014,-12.897908215550764,6.73661370389787e-14
137.5314063178307,20.86969933053617,7.809534170395198,-3.755343200626308,-12.89832705827541,6.73661370389787e-14
137.53660764871108,20.878472612626922,7.8092807832401725,-3.756190215247949,-12.89874521533913,0.0
137.54180984978433,20.887245587930877,7.809027538186066,-3.757037288294289,-12.899162686754632,3.368306851948935e-14
137.54701292139174,20.896018256347404,7.8087744352760815,-3.7578844197988768,-12.899579472534644,3.368306851948935e-14
137.55221686387475,20.904790617775813,7.808521474553425,-3.7587316097952566,-12.89999557269185,0.0
137.55742167757487,20.913562672115365,7.808268656061305,-3.75957885831694,-12.90041098723892,-1.0104920555846805e-13
137.5626273628338,20.92233441926526,7.808015979842924,-3.760426165397437,-12.900825716188509,3.368306851948935e-14
137.56783391999343,20.93110585912467,7.807763445941492,-3.7612735310702305,-12.90123975955325,-3.368306851948935e-14
137.5730413493956,20.93987699159264,7.807511054400211,-3.762120955368785,-12.901653117345756,3.368306851948935e-14
137.57824965138252,20.948647816568315,7.807258805262292,-3.762968438326561,-12.902065789578618,3.368306851948935e-14
137.58345882629638,20.95741833395062,7.807006698570937,-3.7638159799769855,-12.902477776264412,0.0
137.5886688744795,20.966188543638527,7.806754734369357,-3.764663580353484,-12.902889077415693,0.0
137.59387979627442,20.974958445530902,7.806502912700753,-3.7655112394894523,-12.903299693044993,-3.368306851948935e-14
137.59909159202374,20.98372803952657,7.806251233608333,-3.7663589574182796,-12.903709623164833,3.368306851948935e-14
137.60430426207023,20.99249732552433,7.805999697135305,-3.767206734173329,-12.904118867787703,0.0
137.60951780675674,21.00126630342285,7.805748303324872,-3.7680545697879526,-12.90452742692609,3.368306851948935e-14
137.61473222642636,21.01003497312088,7.805497052220243,-3.7689024642954805,-12.90493530059244,3.368306851948935e-14
137.61994752142226,21.018803334517006,7.805245943864623,-3.7697504177292367,-12.905342488799192,-3.368306851948935e-14
137.62516369208765,21.02757138750979,7.804994978301218,-3.7705984301225124,-12.905748991558768,-1.0104920555846805e-13
137.63038073876604,21.03633913199772,7.804744155573234,-3.7714465015085974,-12.90615480888357,3.368306851948935e-14
137.6355986618009,21.045106567879273,7.804493475723877,-3.7722946319207487,-12.90655994078597,-3.368306851948935e-14
137.64081746153605,21.05387369505284,7.804242938796355,-3.7731428213922182,-12.906964387278329,3.368306851948935e-14
137.64603713831525,21.062640513416767,7.803992544833872,-3.7739910699562387,-12.907368148372987,0.0
137.65125769248243,21.071407022869284,7.803742293879637,-3.7748393776460207,-12.90777122408226,3.368306851948935e-14
137.65647912438175,21.080173223308755,7.803492185976851,-3.775687744494767,-12.908173614418459,0.0
137.66170143435744,21.088939114633288,7.803242221168729,-3.7765361705356484,-12.908575319393849,3.368306851948935e-14
137.66692462275384,21.097704696741026,7.802992399498467,-3.7773846558018396,-12.908976339020715,-6.73661370389787e-14
137.67214868991547,21.106469969530032,7.802742721009277,-3.7782332003264734,-12.909376673311273,-3.368306851948935e-14
137.67737363618696,21.115234932898336,7.802493185744363,-3.779081804142688,-12.909776322277768,-6.73661370389787e-14
137.68259946191307,21.12399958674386,7.802243793746935,-3.7799304672835867,-12.910175285932384,-6.73661370389787e-14
137.68782616743871,21.132763930964586,7.801994545060193,-3.7807791897822685,-12.910573564287311,6.73661370389787e-14
137.69305375310896,21.141527965458355,7.801745439727348,-3.781627971671807,-12.910971157354712,-3.368306851948935e-14
137.69828221926895,21.150291690122955,7.801496477791606,-3.782476812985265,-12.911368065146732,-3.368306851948935e-14
137.703511566264,21.159055104856133,7.801247659296171,-3.783325713755683,-12.91176428767549,0.0
137.7087417944396,21.16781820955558,7.800998984284249,-3.784174674016083,-12.912159824953097,3.368306851948935e-14
137.71397290414126,21.176581004118958,7.800750452799049,-3.78502369379948,-12.912554676991627,-3.368306851948935e-14
137.71920489571468,21.185343488443824,7.800502064883773,-3.7858727731388537,-12.91294884380316,3.368306851948935e-14
137.72443776950584,21.194105662427724,7.800253820581631,-3.7867219120671924,-12.913342325399732,0.0
137.72967152586054,21.202867525968074,7.80000571993583,-3.7875711106174297,-12.913735121793358,-6.73661370389787e-14
137.73490616512504,21.2116290789624,7.79975776298957,-3.7884203688225244,-12.914127232996064,0.0
137.7401416876456,21.22039032130802,7.799509949786064,-3.7892696867153943,-12.914518659019821,-3.368306851948935e-14
137.7453780937685,21.229151252902245,7.799262280368512,-3.7901190643289335,-12.914909399876604,3.368306851948935e-14
137.75061538384037,21.237911873642336,7.799014754780128,-3.7909685016960353,-12.915299455578346,-6.73661370389787e-14
137.75585355820783,21.24667218342547,7.798767373064111,-3.7918179988495693,-12.915688826136988,6.73661370389787e-14
137.76109261721763,21.255432182148787,7.79852013526367,-3.7926675558223844,-12.916077511564435,0.0
137.76633256121679,21.264191869709457,7.7982730414220125,-3.793517172647314,-12.916465511872563,-6.73661370389787e-14
137.77157339055233,21.272951246004453,7.798026091582341,-3.794366849357179,-12.91685282707325,0.0
137.77681510557147,21.281710310930784,7.797779285787866,-3.795216585984777,-12.917239457178338,0.0
137.78205770662154,21.290469064385363,7.797532624081791,-3.796066382562887,-12.917625402199656,-3.368306851948935e-14
137.78730119405,21.299227506265066,7.79728610650732,-3.7969162391242786,-12.918010662149014,-3.368306851948935e-14
137.79254556820447,21.307985636466714,7.797039733107667,-3.7977661557016913,-12.918395237038192,0.0
137.7977908294327,21.31674345488707,7.796793503926029,-3.798616132327862,-12.91877912687897,6.73661370389787e-14
137.80303697808256,21.325500961422794,7.796547419005619,-3.799466169035495,-12.919162331683086,-3.368306851948935e-14
137.8082840145021,21.334258155970634,7.796301478389638,-3.8003162658572958,-12.919544851462275,-3.368306851948935e-14
137.81353193903945,21.343015038427133,7.796055682121297,-3.8011664228259288,-12.919926686228242,0.0
137.81878075204293,21.351771608688846,7.795810030243799,-3.802016639974064,-12.920307835992675,0.0
137.8240304538609,21.360527866652262,7.795564522800349,-3.802866917334334,-12.920688300767248,-3.368306851948935e-14
137.829281044842,21.36928381221379,7.7953191598341585,-3.8037172549393707,-12.921068080563604,6.73661370389787e-14
137.83453252533488,21.378039445269835,7.795073941388429,-3.804567652821775,-12.921447175393372,0.0
137.83978489568833,21.386794765716655,7.794828867506366,-3.8054181110141343,-12.921825585268166,6.73661370389787e-14
137.84503815625143,21.39554977345063,7.794583938231181,-3.8062686295490273,-12.922203310199572,0.0
137.85029230737325,21.4043044683679,7.7943391536060735,-3.8071192084590018,-12.92258035019916,0.0
137.855547349403,21.413058850364642,7.794094513674258,-3.807969847776595,-12.922956705278475,3.368306851948935e-14
137.86080328269009,21.421812919336936,7.793850018478932,-3.80882054753433,-12.923332375449053,3.368306851948935e-14
137.86606010758405,21.430566675180856,7.793605668063305,-3.8096713077646998,-12.923707360722403,-3.368306851948935e-14
137.87131782443447,21.439320117792363,7.793361462470584,-3.81052212850019,-12.924081661110018,-6.73661370389787e-14
137.8765764335912,21.4480732470674,7.793117401743976,-3.8113730097732654,-12.92445527662335,3.368306851948935e-14
137.88183593540413,21.456826062901804,7.792873485926687,-3.8122239516163736,-12.924828207273865,3.368306851948935e-14
137.88709633022336,21.4655785651915,7.79262971506192,-3.8130749540619444,-12.925200453072991,3.368306851948935e-14
137.8923576183991,21.4743307538322,7.792386089192883,-3.813926017142394,-12.925572014032138,0.0
137.89761980028166,21.483082628719618,7.792142608362784,-3.8147771408901088,-12.925942890162682,0.0
137.9028828762215,21.4918341897494,7.791899272614828,-3.8156283253374688,-12.926313081476007,0.0
137.90814684656928,21.500585436817165,7.79165608199222,-3.816479570516838,-12.926682587983464,6.73661370389787e-14
137.9134117116757,21.509336369818453,7.7914130365381675,-3.8173308764605434,-12.927051409696375,-3.368306851948935e-14
137.91867747189167,21.518086988648694,7.791170136295876,-3.8181822432009187,-12.927419546626044,-3.368306851948935e-14
137.92394412756823,21.526837293203435,7.790927381308552,-3.8190336707702643,-12.927786998783773,3.368306851948935e-14
137.92921167905652,21.535587283377993,7.790684771619401,-3.819885159200872,-12.928153766180827,-3.368306851948935e-14
137.93448012670785,21.5443369590677,7.790442307271629,-3.8207367085250086,-12.928519848828458,3.368306851948935e-14
137.93974947087366,21.55308632016782,7.790199988308445,-3.8215883187749236,-12.92888524673789,0.0
137.9450197119055,21.56183536657356,7.789957814773051,-3.822439989982854,-12.929249959920341,0.0
