galstreams/tracks/track.st.Pal5.starkman2020.ecsv
# %ECSV 0.9
# ---
# datatype:
# - {name: ra, unit: deg, datatype: float64}
# - {name: dec, unit: deg, datatype: float64}
# - {name: distance, unit: kpc, datatype: float64}
# - {name: pm_ra_cosdec, unit: mas / yr, datatype: float64}
# - {name: pm_dec, unit: mas / yr, datatype: float64}
# - {name: radial_velocity, unit: km / s, datatype: float64}
# delimiter: ','
# meta: !!omap
# - __serialized_columns__:
#     dec:
#       __class__: astropy.coordinates.angles.Latitude
#       unit: &id001 !astropy.units.Unit {unit: deg}
#       value: !astropy.table.SerializedColumn {name: dec}
#     distance:
#       __class__: astropy.coordinates.distances.Distance
#       unit: !astropy.units.Unit {unit: kpc}
#       value: !astropy.table.SerializedColumn {name: distance}
#     pm_dec:
#       __class__: astropy.units.quantity.Quantity
#       unit: !astropy.units.Unit {unit: mas / yr}
#       value: !astropy.table.SerializedColumn {name: pm_dec}
#     pm_ra_cosdec:
#       __class__: astropy.units.quantity.Quantity
#       unit: !astropy.units.Unit {unit: mas / yr}
#       value: !astropy.table.SerializedColumn {name: pm_ra_cosdec}
#     ra:
#       __class__: astropy.coordinates.angles.Longitude
#       unit: *id001
#       value: !astropy.table.SerializedColumn {name: ra}
#       wrap_angle: !astropy.coordinates.Angle
#         unit: *id001
#         value: 360.0
#     radial_velocity:
#       __class__: astropy.units.quantity.Quantity
#       unit: !astropy.units.Unit {unit: km / s}
#       value: !astropy.table.SerializedColumn {name: radial_velocity}
# schema: astropy-2.0
ra,dec,distance,pm_ra_cosdec,pm_dec,radial_velocity
[from data line 238]
237.813219422257,4.47047028185602,22.49999999999999,0.0,0.0,0.0
237.80298246448913,4.466956662239284,22.49999999999999,0.0,0.0,0.0
237.79274774816267,4.463440370139431,22.499999999999993,0.0,0.0,0.0
237.7825152737765,4.459921405448816,22.499999999999993,0.0,0.0,0.0
237.7722850418291,4.456399768059561,22.499999999999993,0.0,0.0,0.0
237.7620570528183,4.452875457863406,22.499999999999993,0.0,0.0,0.0
237.75183130724196,4.4493484747519325,22.499999999999993,0.0,0.0,0.0
237.74160780559748,4.445818818616409,22.499999999999993,0.0,0.0,0.0
237.73138654838183,4.442286489347841,22.499999999999993,0.0,0.0,0.0
237.72116753609174,4.438751486836955,22.499999999999993,0.0,0.0,0.0
237.71095076922353,4.435213810974244,22.499999999999993,0.0,0.0,0.0
237.70073624827316,4.4316734616498215,22.499999999999993,0.0,0.0,0.0
237.6905239737363,4.4281304387536355,22.49999999999999,0.0,0.0,0.0
237.68031394610833,4.424584742175329,22.499999999999996,0.0,0.0,0.0
237.67010616588408,4.421036371804274,22.499999999999993,0.0,0.0,0.0
237.65990063355835,4.417485327529567,22.499999999999993,0.0,0.0,0.0
237.64969734962523,4.413931609240068,22.49999999999999,0.0,0.0,0.0
237.63949631457865,4.41037521682426,22.499999999999996,0.0,0.0,0.0
237.62929752891233,4.40681615017046,22.499999999999993,0.0,0.0,0.0
237.6191009931194,4.403254409166672,22.49999999999999,0.0,0.0,0.0
237.6089067076928,4.399689993700637,22.499999999999993,0.0,0.0,0.0
237.5987146731251,4.396122903659854,22.49999999999999,0.0,0.0,0.0
237.5885248899084,4.392553138931433,22.499999999999993,0.0,0.0,0.0
237.57833735853472,4.388980699402337,22.499999999999993,0.0,0.0,0.0
237.5681520794954,4.385405584959203,22.49999999999999,0.0,0.0,0.0
237.55796905328174,4.38182779548841,22.49999999999999,0.0,0.0,0.0
237.54778828038462,4.378247330876047,22.499999999999993,0.0,0.0,0.0
237.53760976129442,4.374664191007984,22.499999999999993,0.0,0.0,0.0
237.52743349650132,4.371078375769692,22.49999999999999,0.0,0.0,0.0
237.51725948649516,4.367489885046488,22.499999999999993,0.0,0.0,0.0
237.50708773176538,4.3638987187233775,22.499999999999986,0.0,0.0,0.0
237.496918232801,4.360304876685087,22.499999999999993,0.0,0.0,0.0
237.48675099009097,4.3567083588160775,22.499999999999996,0.0,0.0,0.0
237.47658600412365,4.353109165000569,22.49999999999999,0.0,0.0,0.0
237.46642327538714,4.349507295122392,22.49999999999999,0.0,0.0,0.0
237.45626280436912,4.345902749065222,22.499999999999996,0.0,0.0,0.0
237.44610459155706,4.34229552671242,22.49999999999999,0.0,0.0,0.0
237.43594863743806,4.3386856279470685,22.499999999999993,0.0,0.0,0.0
237.42579494249875,4.335073052651982,22.499999999999993,0.0,0.0,0.0
237.4156435072257,4.331457800709738,22.499999999999993,0.0,0.0,0.0
237.40549433210475,4.327839872002522,22.499999999999993,0.0,0.0,0.0
237.39534741762162,4.324219266412361,22.49999999999999,0.0,0.0,0.0
237.3852027642618,4.320595983820969,22.499999999999993,0.0,0.0,0.0
237.37506037251018,4.316970024109781,22.499999999999993,0.0,0.0,0.0
237.36492024285155,4.313341387160002,22.499999999999993,0.0,0.0,0.0
237.35478237577013,4.309710072852447,22.499999999999986,0.0,0.0,0.0
237.34464677174998,4.306076081067765,22.49999999999999,0.0,0.0,0.0
237.33451343127476,4.302439411686295,22.499999999999996,0.0,0.0,0.0
237.32438235482778,4.298800064588103,22.499999999999993,0.0,0.0,0.0
237.31425354289203,4.2951580396529785,22.499999999999993,0.0,0.0,0.0
237.30412699595013,4.291513336760464,22.49999999999999,0.0,0.0,0.0
237.29400271448432,4.287865955789726,22.49999999999999,0.0,0.0,0.0
237.28388069897665,4.284215896619765,22.499999999999993,0.0,0.0,0.0
237.27376094990865,4.280563159129263,22.499999999999993,0.0,0.0,0.0
237.26364346776165,4.276907743196635,22.499999999999993,0.0,0.0,0.0
237.25352825301658,4.273249648700049,22.499999999999993,0.0,0.0,0.0
237.24341530615402,4.269588875517289,22.499999999999993,0.0,0.0,0.0
237.23330462765426,4.265925423525973,22.499999999999993,0.0,0.0,0.0
237.22319621799718,4.262259292603407,22.49999999999999,0.0,0.0,0.0
237.21309007766234,4.258590482626622,22.499999999999993,0.0,0.0,0.0
237.20298620712907,4.25491899347237,22.49999999999999,0.0,0.0,0.0
237.19288460687625,4.251244825017163,22.499999999999996,0.0,0.0,0.0
237.18278527738232,4.247567977137129,22.499999999999996,0.0,0.0,0.0
237.17268821912566,4.243888449708227,22.499999999999993,0.0,0.0,0.0
237.1625934325841,4.240206242606107,22.499999999999993,0.0,0.0,0.0
237.15250091823518,4.236521355706134,22.49999999999999,0.0,0.0,0.0
237.14241067655612,4.232833788883404,22.499999999999993,0.0,0.0,0.0
237.13232270802376,4.2291435420127685,22.499999999999993,0.0,0.0,0.0
237.12223701311464,4.225450614968695,22.499999999999993,0.0,0.0,0.0
237.11215359230508,4.221755007625479,22.49999999999999,0.0,0.0,0.0
237.10207244607076,4.218056719857107,22.499999999999993,0.0,0.0,0.0
237.0919935748873,4.214355751537281,22.499999999999996,0.0,0.0,0.0
237.0819169792299,4.21065210253944,22.499999999999993,0.0,0.0,0.0
237.07184265957343,4.206945772736765,22.49999999999999,0.0,0.0,0.0
237.06177061639224,4.203236762002062,22.499999999999993,0.0,0.0,0.0
237.0517008501607,4.199525070207962,22.499999999999993,0.0,0.0,0.0
237.04163336135252,4.195810697226785,22.499999999999993,0.0,0.0,0.0
237.03156815044127,4.192093642930571,22.499999999999986,0.0,0.0,0.0
237.02150521790014,4.188373907191121,22.499999999999993,0.0,0.0,0.0
237.01144456420187,4.1846514898798475,22.499999999999993,0.0,0.0,0.0
237.00138618981902,4.180926390867991,22.499999999999996,0.0,0.0,0.0
236.99133009522365,4.177198610026486,22.499999999999993,0.0,0.0,0.0
236.98127628088773,4.17346814722598,22.49999999999999,0.0,0.0,0.0
236.9712247472827,4.169735002336844,22.499999999999993,0.0,0.0,0.0
236.96117549487965,4.1659991752292145,22.499999999999993,0.0,0.0,0.0
236.95112852414945,4.162260665772827,22.49999999999999,0.0,0.0,0.0
236.9410838355625,4.158519473837256,22.49999999999999,0.0,0.0,0.0
236.93104142958907,4.154775599291762,22.499999999999986,0.0,0.0,0.0
236.92100130669888,4.151029042005323,22.49999999999999,0.0,0.0,0.0
236.91096346736143,4.147279801846674,22.499999999999996,0.0,0.0,0.0
236.9009279120459,4.143527878684168,22.499999999999996,0.0,0.0,0.0
236.890894641221,4.13977327238598,22.499999999999996,0.0,0.0,0.0
236.88086365535528,4.136015982819974,22.499999999999993,0.0,0.0,0.0
236.8708349549169,4.132256009853737,22.499999999999996,0.0,0.0,0.0
236.86080854037357,4.128493353354569,22.499999999999993,0.0,0.0,0.0
236.85078441219278,4.124728013189537,22.499999999999996,0.0,0.0,0.0
236.84076257084178,4.12095998922531,22.499999999999993,0.0,0.0,0.0
236.8307430167872,4.117189281328393,22.499999999999996,0.0,0.0,0.0
236.8207257504956,4.11341588936497,22.499999999999996,0.0,0.0,0.0
236.81071077243317,4.109639813200953,22.499999999999996,0.0,0.0,0.0
236.80069808306558,4.105861052701966,22.499999999999993,0.0,0.0,0.0
236.79068768285845,4.102079607733395,22.499999999999996,0.0,0.0,0.0
236.7806795722768,4.098295478160234,22.499999999999993,0.0,0.0,0.0
236.77067375178544,4.094508663847308,22.499999999999993,0.0,0.0,0.0
236.76067022184893,4.090719164659124,22.499999999999993,0.0,0.0,0.0
236.75066898293122,4.086926980459906,22.499999999999996,0.0,0.0,0.0
236.7406700354963,4.083132111113605,22.499999999999993,0.0,0.0,0.0
236.73067338000766,4.079334556483923,22.499999999999996,0.0,0.0,0.0
236.72067901692827,4.075534316434178,22.499999999999993,0.0,0.0,0.0
236.71068694672107,4.071731390827505,22.499999999999993,0.0,0.0,0.0
236.70069716984847,4.067925779526735,22.499999999999993,0.0,0.0,0.0
236.69070968677266,4.06411748239441,22.499999999999996,0.0,0.0,0.0
236.68072449795542,4.060306499292834,22.499999999999996,0.0,0.0,0.0
236.67074160385826,4.056492830083912,22.5,0.0,0.0,0.0
236.6607610049423,4.052676474629388,22.499999999999996,0.0,0.0,0.0
236.6507827016684,4.0488574327906806,22.499999999999993,0.0,0.0,0.0
236.64080669449703,4.045035704428934,22.499999999999993,0.0,0.0,0.0
236.63083298388833,4.041211289405,22.499999999999993,0.0,0.0,0.0
236.62086157030222,4.0373841875795025,22.5,0.0,0.0,0.0
236.61089245419802,4.033554398812659,22.499999999999996,0.0,0.0,0.0
236.60092563603502,4.029721922964522,22.499999999999996,0.0,0.0,0.0
236.590961116272,4.025886759894831,22.499999999999996,0.0,0.0,0.0
236.58099889536754,4.022048909463033,22.5,0.0,0.0,0.0
236.57103897377976,4.0182083715283055,22.499999999999993,0.0,0.0,0.0
236.56108135196655,4.014365145949569,22.499999999999996,0.0,0.0,0.0
236.5511260303854,4.010519232585359,22.499999999999996,0.0,0.0,0.0
236.5411730094935,4.00667063129404,22.499999999999996,0.0,0.0,0.0
236.53122228974766,4.002819341933655,22.5,0.0,0.0,0.0
236.52127387160445,3.9989653643619687,22.499999999999996,0.0,0.0,0.0
236.51132775552014,3.995108698436461,22.499999999999993,0.0,0.0,0.0
236.50138394195054,3.991249344014365,22.499999999999993,0.0,0.0,0.0
236.49144243135115,3.987387300952525,22.499999999999993,0.0,0.0,0.0
236.4815032241772,3.9835225691076115,22.499999999999993,0.0,0.0,0.0
236.4715663208836,3.979655148335976,22.499999999999993,0.0,0.0,0.0
236.46163172192496,3.975785038493686,22.5,0.0,0.0,0.0
236.45169942775541,3.971912239436569,22.499999999999996,0.0,0.0,0.0
236.44176943882897,3.968036751020055,22.499999999999996,0.0,0.0,0.0
236.43184175559907,3.9641585730993976,22.5,0.0,0.0,0.0
236.42191637851903,3.9602777055295446,22.5,0.0,0.0,0.0
236.4119933080418,3.956394148165145,22.5,0.0,0.0,0.0
236.40207254461987,3.952507900860578,22.499999999999993,0.0,0.0,0.0
236.39215408870564,3.948618963469969,22.499999999999996,0.0,0.0,0.0
236.382237940751,3.9447273358470505,22.499999999999996,0.0,0.0,0.0
236.37232410120743,3.940833017845386,22.499999999999993,0.0,0.0,0.0
236.3624125705264,3.936936009318216,22.499999999999993,0.0,0.0,0.0
236.35250334915875,3.933036310118501,22.499999999999996,0.0,0.0,0.0
236.34259643755522,3.9291339200989563,22.499999999999993,0.0,0.0,0.0
236.332691836166,3.925228839111894,22.5,0.0,0.0,0.0
236.32278954544108,3.921321067009461,22.5,0.0,0.0,0.0
236.31288956583015,3.9174106036434857,22.499999999999996,0.0,0.0,0.0
236.3029918977825,3.91349744886551,22.499999999999996,0.0,0.0,0.0
236.29309654174722,3.9095816025267913,22.499999999999996,0.0,0.0,0.0
236.2832034981729,3.9056630644783414,22.499999999999993,0.0,0.0,0.0
236.27331276750792,3.901741834570776,22.5,0.0,0.0,0.0
236.26342435020027,3.897817912654543,22.499999999999996,0.0,0.0,0.0
236.25353824669767,3.893891298579761,22.5,0.0,0.0,0.0
236.24365445744755,3.8899619921962736,22.499999999999996,0.0,0.0,0.0
236.2337729828968,3.886029993353637,22.499999999999993,0.0,0.0,0.0
236.22389382349238,3.882095301901157,22.499999999999996,0.0,0.0,0.0
236.21401697968057,3.878157917687747,22.499999999999996,0.0,0.0,0.0
236.20414245190736,3.8742178405621512,22.499999999999993,0.0,0.0,0.0
236.19427024061864,3.870275070372784,22.499999999999996,0.0,0.0,0.0
236.18440034625976,3.8663296069677844,22.499999999999996,0.0,0.0,0.0
236.17453276927586,3.862381450194999,22.499999999999996,0.0,0.0,0.0
236.16466751011174,3.8584305999020354,22.499999999999993,0.0,0.0,0.0
236.1548045692118,3.854477055936097,22.499999999999996,0.0,0.0,0.0
236.14494394702024,3.8505208181442216,22.499999999999993,0.0,0.0,0.0
236.1350856439808,3.846561886373119,22.499999999999996,0.0,0.0,0.0
236.125229660537,3.8426002604692164,22.499999999999996,0.0,0.0,0.0
236.11537599713205,3.8386359402786967,22.499999999999993,0.0,0.0,0.0
236.10552465420872,3.834668925647343,22.499999999999996,0.0,0.0,0.0
236.09567563220958,3.830699216420764,22.499999999999996,0.0,0.0,0.0
236.08582893157674,3.8267268124442486,22.499999999999996,0.0,0.0,0.0
236.07598455275223,3.8227517135628015,22.499999999999996,0.0,0.0,0.0
236.06614249617752,3.818773919621141,22.499999999999993,0.0,0.0,0.0
236.05630276229383,3.8147934304637348,22.499999999999996,0.0,0.0,0.0
236.04646535154208,3.810810245934662,22.499999999999996,0.0,0.0,0.0
236.03663026436286,3.806824365877818,22.499999999999996,0.0,0.0,0.0
236.02679750119646,3.8028357901367786,22.499999999999996,0.0,0.0,0.0
236.0169670624828,3.7988445185548407,22.499999999999996,0.0,0.0,0.0
236.00713894866152,3.7948505509750103,22.499999999999993,0.0,0.0,0.0
235.99731316017193,3.790853887240041,22.5,0.0,0.0,0.0
235.98748969745293,3.786854527192298,22.49999999999999,0.0,0.0,0.0
235.9776685609433,3.7828524706739706,22.499999999999996,0.0,0.0,0.0
235.96784975108136,3.7788477175269164,22.499999999999993,0.0,0.0,0.0
235.9580332683051,3.7748402675927193,22.499999999999996,0.0,0.0,0.0
235.94821911305232,3.7708301207127084,22.499999999999996,0.0,0.0,0.0
235.93840728576018,3.7668172767278127,22.499999999999996,0.0,0.0,0.0
235.92859778686594,3.7628017354787935,22.499999999999996,0.0,0.0,0.0
235.91879061680626,3.758783496806085,22.5,0.0,0.0,0.0
235.90898577601754,3.7547625605498363,22.499999999999996,0.0,0.0,0.0
235.89918326493606,3.7507389265499103,22.499999999999993,0.0,0.0,0.0
235.88938308399744,3.7467125946459205,22.499999999999996,0.0,0.0,0.0
235.87958523363713,3.7426835646770824,22.499999999999996,0.0,0.0,0.0
235.8697897142904,3.738651836482437,22.499999999999993,0.0,0.0,0.0
235.85999652639194,3.7346174099007037,22.499999999999996,0.0,0.0,0.0
235.85020567037637,3.7305802847703116,22.499999999999993,0.0,0.0,0.0
235.8404171466778,3.726540460929408,22.499999999999993,0.0,0.0,0.0
235.83063095573024,3.7224979382158883,22.499999999999993,0.0,0.0,0.0
235.8208470979671,3.7184527164672474,22.499999999999996,0.0,0.0,0.0
235.81106557382168,3.714404795520812,22.499999999999993,0.0,0.0,0.0
235.80128638372693,3.7103541752135745,22.499999999999993,0.0,0.0,0.0
235.79150952811537,3.7063008553822523,22.499999999999996,0.0,0.0,0.0
235.78173500741946,3.7022448358633055,22.499999999999996,0.0,0.0,0.0
235.77196282207095,3.6981861164927974,22.5,0.0,0.0,0.0
235.76219297250157,3.694124697106617,22.499999999999996,0.0,0.0,0.0
235.75242545914278,3.6900605775403297,22.499999999999996,0.0,0.0,0.0
235.74266028242545,3.685993757629211,22.499999999999986,0.0,0.0,0.0
235.7328974427803,3.6819242372082512,22.499999999999993,0.0,0.0,0.0
235.72313694063777,3.6778520161121895,22.499999999999996,0.0,0.0,0.0
235.71337877642796,3.673777094175371,22.499999999999996,0.0,0.0,0.0
235.7036229505805,3.669699471231958,22.499999999999996,0.0,0.0,0.0
235.69386946352492,3.6656191471157946,22.499999999999993,0.0,0.0,0.0
235.6841183156904,3.6615361216604314,22.5,0.0,0.0,0.0
235.67436950750565,3.6574503946991386,22.499999999999993,0.0,0.0,0.0
235.66462303939917,3.653361966064932,22.499999999999993,0.0,0.0,0.0
235.65487891179922,3.649270835590424,22.499999999999996,0.0,0.0,0.0
235.64513712513354,3.6451770031080613,22.499999999999996,0.0,0.0,0.0
235.63539767982977,3.6410804684499603,22.499999999999993,0.0,0.0,0.0
235.62566057631508,3.6369812314479475,22.499999999999993,0.0,0.0,0.0
235.61592581501642,3.632879291933565,22.499999999999993,0.0,0.0,0.0
235.6061933963605,3.628774649738101,22.499999999999996,0.0,0.0,0.0
235.59646332077344,3.62466730469245,22.499999999999996,0.0,0.0,0.0
235.58673558868134,3.620557256627325,22.499999999999996,0.0,0.0,0.0
235.57701020050973,3.616444505373115,22.5,0.0,0.0,0.0
235.56728715668413,3.612329050759925,22.499999999999986,0.0,0.0,0.0
235.5575664576295,3.6082108926176004,22.499999999999993,0.0,0.0,0.0
235.54784810377055,3.6040900307755996,22.499999999999996,0.0,0.0,0.0
235.5381320955317,3.5999664650631913,22.499999999999996,0.0,0.0,0.0
235.52841843333704,3.5958401953093255,22.499999999999996,0.0,0.0,0.0
235.51870711761035,3.591711221342666,22.499999999999996,0.0,0.0,0.0
235.50899814877516,3.5875795429915844,22.499999999999996,0.0,0.0,0.0
235.49929152725463,3.583445160084201,22.499999999999996,0.0,0.0,0.0
235.48958725347146,3.579308072448239,22.499999999999993,0.0,0.0,0.0
235.47988532784836,3.5751682799112436,22.499999999999996,0.0,0.0,0.0
235.4701857508075,3.571025782300432,22.499999999999993,0.0,0.0,0.0
235.4604885227708,3.566880579442736,22.499999999999996,0.0,0.0,0.0
235.45079364415983,3.562732671164836,22.499999999999993,0.0,0.0,0.0
