galstreams/tracks/track.st.Ylgr.ibata2021.ecsv
# %ECSV 0.9
# ---
# datatype:
# - {name: ra, unit: deg, datatype: float64}
# - {name: dec, unit: deg, datatype: float64}
# - {name: distance, unit: kpc, datatype: float64}
# - {name: pm_ra_cosdec, unit: mas / yr, datatype: float64}
# - {name: pm_dec, unit: mas / yr, datatype: float64}
# - {name: radial_velocity, unit: km / s, datatype: float64}
# delimiter: ','
# meta: !!omap
# - __serialized_columns__:
#     dec:
#       __class__: astropy.coordinates.angles.Latitude
#       unit: &id001 !astropy.units.Unit {unit: deg}
#       value: !astropy.table.SerializedColumn {name: dec}
#     distance:
#       __class__: astropy.coordinates.distances.Distance
#       unit: !astropy.units.Unit {unit: kpc}
#       value: !astropy.table.SerializedColumn {name: distance}
#     pm_dec:
#       __class__: astropy.units.quantity.Quantity
#       unit: !astropy.units.Unit {unit: mas / yr}
#       value: !astropy.table.SerializedColumn {name: pm_dec}
#     pm_ra_cosdec:
#       __class__: astropy.units.quantity.Quantity
#       unit: !astropy.units.Unit {unit: mas / yr}
#       value: !astropy.table.SerializedColumn {name: pm_ra_cosdec}
#     ra:
#       __class__: astropy.coordinates.angles.Longitude
#       unit: *id001
#       value: !astropy.table.SerializedColumn {name: ra}
#       wrap_angle: !astropy.coordinates.Angle
#         unit: *id001
#         value: 360.0
#     radial_velocity:
#       __class__: astropy.units.quantity.Quantity
#       unit: !astropy.units.Unit {unit: km / s}
#       value: !astropy.table.SerializedColumn {name: radial_velocity}
# schema: astropy-2.0
ra,dec,distance,pm_ra_cosdec,pm_dec,radial_velocity
[from data line 2702]
174.23432508474016,-22.688807433647735,10.427275825516565,-0.3390360929029246,-7.3937057050494985,-1.6841534259744676e-14
174.238180559817,-22.698158836647533,10.429134676235176,-0.3391053991861407,-7.392011213793827,-1.6841534259744676e-14
174.24203626110855,-22.70751025716155,10.43099246231843,-0.3391747650477221,-7.390317115766075,-6.73661370389787e-14
174.24589218890222,-22.71686169514463,10.432849181601538,-0.33924419037902426,-7.388623411455347,0.0
174.24974834348546,-22.726213150551594,10.43470483191971,-0.33931367507132093,-7.386930101350723,1.6841534259744676e-14
174.25360472514592,-22.73556462333724,10.436559411108158,-0.3393832190157991,-7.385237185941286,-5.0524602779234026e-14
174.2574613341712,-22.744916113456416,10.438412917002083,-0.3394528221035648,-7.383544665716116,1.6841534259744676e-14
174.26131817084905,-22.754267620863892,10.440265347436698,-0.3395224842256394,-7.381852541164274,0.0
174.26517523546738,-22.763619145514472,10.442116700247215,-0.33959220527295525,-7.380160812774825,5.0524602779234026e-14
174.26903252831403,-22.772970687362946,10.443966973268841,-0.3396619851363661,-7.378469481036827,-3.368306851948935e-14
174.27289004967707,-22.782322246364103,10.445816164336778,-0.3397318237066359,-7.376778546439331,-5.0524602779234026e-14
174.27674779984457,-22.79167382247271,10.447664271286241,-0.3398017208744486,-7.375088009471378,-5.0524602779234026e-14
174.28060577910472,-22.801025415643533,10.449511291952438,-0.33987167653039974,-7.373397870622006,0.0
174.28446398774574,-22.81037702583132,10.451357224170577,-0.33994169056500256,-7.371708130380241,-6.73661370389787e-14
174.28832242605606,-22.81972865299084,10.453202065775868,-0.34001176286868484,-7.370018789235114,-1.6841534259744676e-14
174.292181094324,-22.829080297076814,10.455045814603514,-0.3400818933317905,-7.368329847675639,3.368306851948935e-14
174.29603999283822,-22.83843195804399,10.456888468488733,-0.3401520818445726,-7.366641306190825,-1.6841534259744676e-14
174.29989912188722,-22.847783635847094,10.458730025266727,-0.34022232829721133,-7.364953165269676,-3.368306851948935e-14
174.30375848175973,-22.85713533044085,10.460570482772704,-0.3402926325797929,-7.363265425401197,0.0
174.30761807274456,-22.866487041779955,10.462409838841879,-0.3403629945823172,-7.361578087074366,-1.6841534259744676e-14
174.31147789513057,-22.875838769819122,10.464248091309454,-0.34043341419470485,-7.35989115077818,-3.368306851948935e-14
174.31533794920665,-22.88519051451305,10.46608523801064,-0.3405038913067905,-7.358204617001611,-1.6841534259744676e-14
174.3191982352619,-22.894542275816423,10.467921276780649,-0.34057442580832,-7.356518486233632,-1.6841534259744676e-14
174.32305875358543,-22.903894053683935,10.469756205454681,-0.34064501758895577,-7.3548327589632105,0.0
174.32691950446645,-22.913245848070236,10.471590021867959,-0.34071566653827823,-7.353147435679295,1.6841534259744676e-14
174.33078048819428,-22.922597658930002,10.47342272385568,-0.34078637254577754,-7.351462516870847,-1.6841534259744676e-14
174.33464170505826,-22.9319494862179,10.475254309253053,-0.3408571355008622,-7.34977800302681,-1.6841534259744676e-14
174.33850315534792,-22.941301329888564,10.47708477589529,-0.3409279552928528,-7.348093894636119,-1.6841534259744676e-14
174.34236483935277,-22.950653189896652,10.478914121617603,-0.34099883181098645,-7.346410192187702,1.6841534259744676e-14
174.3462267573625,-22.96000506619678,10.480742344255196,-0.3410697649444118,-7.344726896170493,0.0
174.3500889096668,-22.969356958743578,10.482569441643276,-0.3411407545821975,-7.343044007073403,-6.73661370389787e-14
174.3539512965555,-22.978708867491687,10.484395411617058,-0.3412118006133223,-7.341361525385347,-1.6841534259744676e-14
174.35781391831853,-22.98806079239569,10.486220252011744,-0.341282902926681,-7.3396794515952255,-5.0524602779234026e-14
174.36167677524588,-22.997412733410208,10.488043960662546,-0.3413540614110792,-7.33799778619194,1.6841534259744676e-14
174.36553986762763,-23.006764690489824,10.489866535404671,-0.3414252759552445,-7.336316529664379,1.6841534259744676e-14
174.36940319575396,-23.016116663589127,10.491687974073333,-0.3414965464478088,-7.334635682501428,1.6841534259744676e-14
174.3732667599151,-23.025468652662692,10.493508274503732,-0.3415678727773287,-7.3329552451919655,-1.6841534259744676e-14
174.3771305604014,-23.03482065766509,10.495327434531088,-0.34163925483226565,-7.331275218224853,-5.0524602779234026e-14
174.38099459750333,-23.044172678550897,10.497145451990598,-0.34171069250100133,-7.32959560208897,-1.6841534259744676e-14
174.38485887151143,-23.053524715274655,10.498962324717477,-0.34178218567182855,-7.32791639727316,-5.0524602779234026e-14
174.3887233827162,-23.06287676779092,10.50077805054693,-0.3418537342329574,-7.326237604266279,0.0
174.39258813140842,-23.072228836054222,10.502592627314174,-0.34192533807250614,-7.324559223557167,0.0
174.3964531178789,-23.081580920019093,10.504406052854407,-0.3419969970785116,-7.322881255634662,1.6841534259744676e-14
174.40031834241847,-23.090933019640055,10.506218325002845,-0.3420687111389236,-7.321203700987591,-3.368306851948935e-14
174.4041838053181,-23.10028513487163,10.508029441594692,-0.34214048014160625,-7.31952656010478,0.0
174.40804950686882,-23.10963726566832,10.509839400465161,-0.34221230397433583,-7.317849833475039,5.0524602779234026e-14
174.41191544736182,-23.11898941198461,10.511648199449459,-0.3422841825248035,-7.316173521587178,-1.6841534259744676e-14
174.41578162708828,-23.128341573775014,10.513455836382793,-0.34235611568061375,-7.31449762493,-1.6841534259744676e-14
174.41964804633955,-23.137693750994,10.515262309100372,-0.34242810332928597,-7.312822143992299,-3.368306851948935e-14
174.42351470540703,-23.147045943596048,10.517067615437407,-0.34250014535824835,-7.311147079262861,1.6841534259744676e-14
174.4273816045822,-23.156398151535612,10.518871753229107,-0.34257224165484934,-7.309472431230464,1.6841534259744676e-14
174.43124874415662,-23.165750374767157,10.520674720310675,-0.3426443921063477,-7.307798200383887,-1.6841534259744676e-14
174.43511612442202,-23.175102613245137,10.522476514517328,-0.34271659659991516,-7.30612438721189,-3.368306851948935e-14
174.43898374567013,-23.184454866923993,10.524277133684263,-0.3427888550226364,-7.304450992203236,1.6841534259744676e-14
174.44285160819283,-23.193807135758146,10.526076575646705,-0.34286116726151145,-7.3027780158466715,-1.6841534259744676e-14
174.44671971228203,-23.203159419702033,10.527874838239851,-0.34293353320345166,-7.3011054586309445,-5.0524602779234026e-14
174.45058805822976,-23.21251171871007,10.52967191929891,-0.3430059527352855,-7.299433321044797,1.6841534259744676e-14
174.4544566463281,-23.22186403273665,10.531467816659093,-0.34307842574374914,-7.297761603576953,1.6841534259744676e-14
174.45832547686936,-23.23121636173619,10.533262528155612,-0.34315095211549324,-7.296090306716139,5.0524602779234026e-14
174.4621945501458,-23.240568705663065,10.535056051623672,-0.34322353173708475,-7.294419430951066,-1.6841534259744676e-14
174.46606386644976,-23.249921064471675,10.53684838489848,-0.343296164495003,-7.292748976770447,-5.0524602779234026e-14
174.46993342607374,-23.25927343811639,10.53863952581525,-0.34336885027563757,-7.291078944662982,-5.0524602779234026e-14
174.47380322931033,-23.26862582655158,10.540429472209182,-0.34344158896529003,-7.289409335117376,3.368306851948935e-14
174.4776732764522,-23.277978229731584,10.542218221915494,-0.34351438045018134,-7.287740148622298,-1.6841534259744676e-14
174.48154356779204,-23.28733064761077,10.54400577276939,-0.34358722461644137,-7.286071385666438,1.6841534259744676e-14
174.48541410362276,-23.296683080143474,10.545792122606084,-0.34366012135010987,-7.284403046738466,-1.6841534259744676e-14
174.4892848842372,-23.306035527284028,10.547577269260776,-0.3437330705371446,-7.282735132327048,0.0
174.49315590992848,-23.315387988986753,10.549361210568676,-0.3438060720634114,-7.281067642920849,0.0
174.4970271809896,-23.324740465205966,10.551143944365002,-0.34387912581469615,-7.2794005790085015,-6.73661370389787e-14
174.50089869771386,-23.33409295589599,10.552925468484954,-0.34395223167668576,-7.277733941078669,-1.6841534259744676e-14
174.5047704603945,-23.3434454610111,10.554705780763742,-0.3440253895349899,-7.276067729619976,-1.6841534259744676e-14
174.5086424693249,-23.352797980505617,10.556484879036573,-0.3440985992751245,-7.274401945121057,1.6841534259744676e-14
174.51251472479856,-23.36215051433378,10.55826276113866,-0.34417186078252493,-7.2727365880705275,3.368306851948935e-14
174.51638722710902,-23.37150306244989,10.560039424905217,-0.34424517394253185,-7.271071658957,-5.0524602779234026e-14
174.52025997654997,-23.380855624808216,10.561814868171437,-0.3443185386404002,-7.269407158269089,-5.0524602779234026e-14
174.52413297341508,-23.390208201363002,10.563589088772542,-0.34439195476130113,-7.267743086495389,1.6841534259744676e-14
174.5280062179983,-23.399560792068506,10.56536208454374,-0.34446542219031173,-7.266079444124487,-3.368306851948935e-14
174.53187971059342,-23.40891339687895,10.567133853320227,-0.34453894081242836,-7.264416231644978,0.0
174.53575345149454,-23.418266015748582,10.568904392937224,-0.34461251051255226,-7.26275344954543,-3.368306851948935e-14
174.5396274409958,-23.42761864863162,10.570673701229936,-0.34468613117550323,-7.261091098314413,1.6841534259744676e-14
174.5435016793913,-23.43697129548227,10.572441776033573,-0.3447598026860084,-7.259429178440488,-1.6841534259744676e-14
174.54737616697545,-23.446323956254737,10.574208615183341,-0.3448335249287092,-7.257767690412215,0.0
174.55125090404258,-23.45567663090323,10.575974216514451,-0.34490729778815926,-7.256106634718131,-1.6841534259744676e-14
174.55512589088715,-23.46502931938193,10.577738577862114,-0.3449811211488241,-7.254446011846781,1.6841534259744676e-14
174.55900112780375,-23.474382021644995,10.57950169706153,-0.3450549948950801,-7.252785822286696,-1.6841534259744676e-14
174.56287661508705,-23.483734737646625,10.58126357194792,-0.34512891891121505,-7.2511260665264,-3.368306851948935e-14
174.56675235303177,-23.493087467340978,10.58302420035648,-0.3452028930814316,-7.249466745054408,1.6841534259744676e-14
174.5706283419328,-23.502440210682185,10.584783580122425,-0.3452769172898417,-7.2478078583592245,0.0
174.57450458208504,-23.511792967624398,10.586541709080967,-0.34535099142046777,-7.246149406929357,-6.73661370389787e-14
174.57838107378353,-23.521145738121763,10.588298585067307,-0.34542511535724735,-7.244491391253296,3.368306851948935e-14
174.58225781732344,-23.530498522128394,10.590054205916658,-0.3454992889840245,-7.242833811819525,-3.368306851948935e-14
174.58613481299992,-23.539851319598416,10.591808569464233,-0.34557351218456195,-7.241176669116521,3.368306851948935e-14
174.59001206110827,-23.549204130485926,10.593561673545233,-0.3456477848425282,-7.23951996363276,-3.368306851948935e-14
174.59388956194397,-23.558556954745033,10.59531351599487,-0.34572210684150484,-7.237863695856701,-3.368306851948935e-14
174.59776731580246,-23.567909792329836,10.597064094648351,-0.34579647806498603,-7.236207866276796,1.6841534259744676e-14
174.6016453229793,-23.57726264319439,10.59881340734089,-0.345870898396376,-7.234552475381493,-5.0524602779234026e-14
174.6055235837702,-23.586615507292795,10.600561451907685,-0.34594536771898765,-7.232897523659239,-1.6841534259744676e-14
174.60940209847098,-23.5959683845791,10.602308226183958,-0.3460198859160519,-7.231243011598452,-5.0524602779234026e-14
174.6132808673774,-23.60532127500737,10.60405372800491,-0.346094452870707,-7.22958893968756,0.0
174.61715989078553,-23.61467417853164,10.60579795520575,-0.3461690684659989,-7.227935308414983,1.6841534259744676e-14
174.62103916899133,-23.62402709510595,10.60754090562169,-0.34624373258489227,-7.226282118269124,-1.6841534259744676e-14
174.624918702291,-23.63338002468434,10.60928257708793,-0.34631844511025367,-7.2246293697383885,-1.6841534259744676e-14
174.62879849098078,-23.642732967220805,10.61102296743969,-0.3463932059248694,-7.222977063311164,-5.0524602779234026e-14
174.63267853535694,-23.652085922669386,10.61276207451217,-0.34646801491143464,-7.221325199475833,1.6841534259744676e-14
174.63655883571602,-23.661438890984055,10.614499896140584,-0.3465428719525484,-7.219673778720778,3.368306851948935e-14
174.64043939235444,-23.670791872118823,10.61623643016014,-0.34661777693072915,-7.218022801534364,1.6841534259744676e-14
174.64432020556882,-23.680144866027657,10.617971674406046,-0.34669272972840326,-7.216372268404948,-3.368306851948935e-14
174.6482012756559,-23.689497872664546,10.619705626713511,-0.34676773022790874,-7.214722179820886,-1.6841534259744676e-14
174.65208260291251,-23.69885089198345,10.621438284917739,-0.3468427783114894,-7.2130725362705235,0.0
174.6559641876355,-23.708203923938314,10.623169646853947,-0.34691787386130724,-7.211423338242191,-6.73661370389787e-14
174.65984603012186,-23.717556968483112,10.624899710357338,-0.34699301675942773,-7.209774586224227,-3.368306851948935e-14
174.66372813066872,-23.726910025571758,10.626628473263121,-0.3470682068878309,-7.2081262807049455,0.0
174.6676104895732,-23.736263095158176,10.628355933406509,-0.3471434441284091,-7.2064784221726566,-5.0524602779234026e-14
174.67149310713265,-23.74561617719631,10.630082088622704,-0.34721872836296014,-7.204831011115669,-1.6841534259744676e-14
174.67537598364433,-23.754969271640054,10.631806936746914,-0.34729405947319636,-7.203184048022283,1.6841534259744676e-14
174.6792591194058,-23.764322378443303,10.63353047561436,-0.34736943734073683,-7.201537533380776,1.6841534259744676e-14
174.6831425147146,-23.773675497559957,10.635252703060239,-0.34744486184711476,-7.199891467679434,1.6841534259744676e-14
174.68702616986832,-23.783028628943896,10.636973616919766,-0.3475203328737724,-7.1982458514065275,0.0
174.69091008516477,-23.792381772549,10.638693215028145,-0.34759585030206075,-7.196600685050322,3.368306851948935e-14
174.6947942609018,-23.801734928329115,10.640411495220585,-0.3476714140132389,-7.194955969099076,-5.0524602779234026e-14
174.69867869737732,-23.81108809623812,10.642128455332296,-0.3477470238884849,-7.193311704041035,0.0
174.70256339488938,-23.820441276229843,10.643844093198489,-0.34782267980887477,-7.191667890364433,-1.6841534259744676e-14
174.70644835373608,-23.829794468258125,10.64555840665437,-0.347898381655405,-7.1900245285575055,-3.368306851948935e-14
174.71033357421567,-23.839147672276788,10.64727139353515,-0.34797412930897564,-7.188381619108476,-3.368306851948935e-14
174.7142190566265,-23.848500888239656,10.648983051676034,-0.34804992265040036,-7.18673916250556,-3.368306851948935e-14
174.7181048012669,-23.85785411610055,10.650693378912228,-0.34812576156040076,-7.185097159236961,0.0
174.72199080843546,-23.867207355813235,10.652402373078955,-0.34820164591960534,-7.183455609790876,0.0
174.72587707843073,-23.876560607331523,10.654110032011408,-0.34827757560856154,-7.1818145146555,0.0
174.72976361155145,-23.885913870609198,10.6558163535448,-0.3483535505077161,-7.180173874319013,1.6841534259744676e-14
174.73365040809645,-23.895267145600005,10.657521335514346,-0.34842957049742956,-7.178533689269585,-3.368306851948935e-14
174.73753746836456,-23.90462043225773,10.659224975755249,-0.3485056354579734,-7.176893959995384,1.6841534259744676e-14
174.7414247926548,-23.913973730536114,10.660927272102716,-0.34858174526952923,-7.175254686984566,-1.6841534259744676e-14
174.74531238126627,-23.923327040388905,10.662628222391964,-0.3486578998121848,-7.173615870725275,-1.6841534259744676e-14
174.74920023449818,-23.932680361769822,10.664327824458192,-0.3487340989659383,-7.171977511705658,-1.6841534259744676e-14
174.7530883526497,-23.942033694632613,10.666026076136614,-0.34881034261070054,-7.170339610413842,3.368306851948935e-14
174.75697673602033,-23.951387038930964,10.667722975262436,-0.3488866306262878,-7.1687021673379565,1.6841534259744676e-14
