galstreams/tracks/track.st.Cetus-New.yuan2021.ecsv
# %ECSV 0.9
# ---
# datatype:
# - {name: ra, unit: deg, datatype: float64}
# - {name: dec, unit: deg, datatype: float64}
# - {name: distance, unit: kpc, datatype: float64}
# - {name: pm_ra_cosdec, unit: mas / yr, datatype: float64}
# - {name: pm_dec, unit: mas / yr, datatype: float64}
# - {name: radial_velocity, unit: km / s, datatype: float64}
# delimiter: ','
# meta: !!omap
# - __serialized_columns__:
#     dec:
#       __class__: astropy.coordinates.angles.Latitude
#       unit: &id001 !astropy.units.Unit {unit: deg}
#       value: !astropy.table.SerializedColumn {name: dec}
#     distance:
#       __class__: astropy.coordinates.distances.Distance
#       unit: !astropy.units.Unit {unit: kpc}
#       value: !astropy.table.SerializedColumn {name: distance}
#     pm_dec:
#       __class__: astropy.units.quantity.Quantity
#       unit: !astropy.units.Unit {unit: mas / yr}
#       value: !astropy.table.SerializedColumn {name: pm_dec}
#     pm_ra_cosdec:
#       __class__: astropy.units.quantity.Quantity
#       unit: !astropy.units.Unit {unit: mas / yr}
#       value: !astropy.table.SerializedColumn {name: pm_ra_cosdec}
#     ra:
#       __class__: astropy.coordinates.angles.Longitude
#       unit: *id001
#       value: !astropy.table.SerializedColumn {name: ra}
#       wrap_angle: !astropy.coordinates.Angle
#         unit: *id001
#         value: 360.0
#     radial_velocity:
#       __class__: astropy.units.quantity.Quantity
#       unit: !astropy.units.Unit {unit: km / s}
#       value: !astropy.table.SerializedColumn {name: radial_velocity}
# schema: astropy-2.0
ra,dec,distance,pm_ra_cosdec,pm_dec,radial_velocity
[from data line 2058]
25.32926008880723,-21.08383504300796,20.20123156861176,1.5466804169365755,0.5893258014972731,1.6841534259744676e-14
25.32948486471834,-21.09396079693993,20.200098141759288,1.5468102670535893,0.58958760027034,-8.420767129872338e-15
25.329709903591432,-21.10408654337908,20.198964116023166,1.5469401605745152,0.5898496487509879,2.1051917824680846e-14
25.32993520531846,-21.114212282329735,20.19782949202047,1.5470700974834308,0.590111946806278,1.2631150694808506e-14
25.330160769791483,-21.124338013796272,20.19669427036825,1.5472000777644142,0.5903744943032724,8.420767129872338e-15
25.330386596902546,-21.134463737783214,20.195558451683556,1.5473301014015377,0.5906372911090317,1.2631150694808506e-14
25.33061268654371,-21.14458945429489,20.194422036583454,1.54746016837887,0.5909003370906153,1.6841534259744676e-14
25.33083903860704,-21.154715163335727,20.193285025684997,1.5475902786804787,0.5911636321150805,4.210383564936169e-15
25.33106565298464,-21.16484086491007,20.192147419605238,1.5477204322904292,0.5914271760494855,8.420767129872338e-15
25.33129252956864,-21.174966559022423,20.19100921896124,1.5478506291927816,0.591690968760886,1.6841534259744676e-14
25.33151966825115,-21.185092245677133,20.18987042437006,1.5479808693715935,0.5919550101163364,0.0
25.331747068924344,-21.195217924878616,20.188731036448743,1.5481111528109217,0.5922192999828916,2.1051917824680846e-14
25.331974731480365,-21.205343596631216,20.187591055814362,1.5482414794948172,0.5924838382276034,1.6841534259744676e-14
25.332202655811418,-21.21546926093943,20.18645048308396,1.5483718494073302,0.5927486247175242,4.210383564936169e-15
25.332430841809707,-21.225594917807623,20.1853093188746,1.5485022625325073,0.5930136593197041,1.6841534259744676e-14
25.332659289367438,-21.235720567240108,20.184167563803346,1.548632718854391,0.5932789419011923,-4.210383564936169e-15
25.332887998376872,-21.245846209241424,20.18302521848723,1.5487632183570226,0.5935444723290384,2.1051917824680846e-14
25.33311696873025,-21.2559718438159,20.18188228354334,1.548893761024439,0.5938102504702882,1.6841534259744676e-14
25.333346200319838,-21.266097470967928,20.180738759588717,1.549024346840676,0.5940762761919889,4.210383564936169e-15
25.333575693037936,-21.27622309070184,20.17959464724041,1.5491549757897647,0.5943425493611852,-2.5262301389617013e-14
25.333805446776875,-21.28634870302217,20.178449947115485,1.5492856478557342,0.5946090698449212,2.1051917824680846e-14
25.334035461428943,-21.296474307933224,20.177304659830998,1.5494163630226097,0.5948758375102396,8.420767129872338e-15
25.334265736886504,-21.30659990543941,20.176158786004013,1.549547121274414,0.5951428522241822,0.0
25.334496273041918,-21.316725495545057,20.17501232625157,1.549677922595169,0.5954101138537901,1.2631150694808506e-14
25.33472706978755,-21.326851078254666,20.173865281190736,1.5498087669688896,0.5956776222661022,0.0
25.334958127015813,-21.336976653572584,20.172717651438568,1.5499396543795905,0.5959453773281573,-8.420767129872338e-15
25.335189444619107,-21.347102221503118,20.171569437612117,1.5500705848112837,0.5962133789069932,4.210383564936169e-15
25.335421022489875,-21.35722778205078,20.170420640328445,1.5502015582479767,0.5964816268696458,8.420767129872338e-15
25.33565286052054,-21.367353335219907,20.169271260204603,1.5503325746736754,0.5967501210831502,1.6841534259744676e-14
25.335884958603582,-21.377478881014877,20.168121297857656,1.5504636340723814,0.5970188614145404,8.420767129872338e-15
25.336117316631476,-21.387604419440024,20.166970753904653,1.5505947364280948,0.5972878477308495,8.420767129872338e-15
25.33634993449672,-21.39772995049983,20.165819628962648,1.5507258817248126,0.5975570798991094,0.0
25.336582812091834,-21.407855474198637,20.16466792364871,1.5508570699465274,0.5978265577863509,-8.420767129872338e-15
25.33681594930935,-21.41798099054076,20.163515638579888,1.5509883010772303,0.5980962812596036,2.1051917824680846e-14
25.33704934604181,-21.428106499530692,20.16236277437324,1.5511195751009097,0.5983662501858958,2.5262301389617013e-14
25.337283002181767,-21.438232001172757,20.161209331645825,1.551250892001549,0.5986364644322548,0.0
25.33751691762183,-21.448357495471342,20.160055311014688,1.5513822517631326,0.5989069238657079,4.210383564936169e-15
25.33775109225458,-21.45848298243076,20.158900713096894,1.551513654369637,0.5991776283532793,1.6841534259744676e-14
25.337985525972634,-21.4686084620555,20.157745538509506,1.5516450998050402,0.5994485777619932,1.6841534259744676e-14
25.338220218668635,-21.478733934349886,20.156589787869567,1.5517765880533143,0.599719771958873,1.6841534259744676e-14
25.33845517023522,-21.488859399318233,20.155433461794146,1.55190811909843,0.5999912108109406,1.2631150694808506e-14
25.338690380565062,-21.49898485696503,20.154276560900293,1.5520396929243543,0.6002628941852165,-4.210383564936169e-15
25.338925849550836,-21.509110307294588,20.15311908580507,1.552171309515052,0.60053482194872,8.420767129872338e-15
25.339161577085253,-21.51923575031129,20.151961037125524,1.552302968854485,0.6008069939684705,8.420767129872338e-15
25.339397563061016,-21.52936118601944,20.150802415478722,1.552434670926611,0.6010794101114845,0.0
25.339633807370863,-21.539486614423524,20.14964322148171,1.552566415715387,0.6013520702447792,1.6841534259744676e-14
25.339870309907543,-21.54961203552786,20.148483455751553,1.5526982032047647,0.601624974235369,1.2631150694808506e-14
25.340107070563818,-21.559737449336808,20.147323118905305,1.5528300333786944,0.6018981219502684,8.420767129872338e-15
25.340344089232474,-21.569862855854684,20.14616221156002,1.5529619062211237,0.6021715132564908,2.947268495455318e-14
25.340581365806305,-21.579988255085972,20.14500073433276,1.5530938217159957,0.6024451480210468,1.6841534259744676e-14
25.34081890017812,-21.590113647034965,20.14383868784058,1.5532257798472524,0.6027190261109482,1.2631150694808506e-14
25.341056692240763,-21.60023903170599,20.142676072700535,1.5533577805988323,0.6029931473932042,4.210383564936169e-15
25.34129474188707,-21.610364409103507,20.141512889529675,1.5534898239546704,0.6032675117348235,4.210383564936169e-15
25.341533049009907,-21.62048977923184,20.14034913894507,1.5536219098986985,0.6035421190028134,4.210383564936169e-15
25.341771613502157,-21.630615142095326,20.139184821563774,1.5537540384148474,0.6038169690641797,2.1051917824680846e-14
25.342010435256714,-21.640740497698292,20.13801993800283,1.5538862094870434,0.6040920617859282,8.420767129872338e-15
25.34224951416648,-21.650865846045203,20.13685448887931,1.5540184230992098,0.6043673970350619,4.210383564936169e-15
25.3424888501244,-21.660991187140354,20.135688474810266,1.5541506792352686,0.6046429746785853,8.420767129872338e-15
25.3427284430234,-21.671116520988107,20.13452189641275,1.5542829778791376,0.6049187945834988,-4.210383564936169e-15
25.342968292756453,-21.681241847592776,20.133354754303827,1.554415319014731,0.6051948566168035,0.0
25.343208399216532,-21.69136716695881,20.132187049100544,1.554547702625962,0.605471160645499,4.210383564936169e-15
25.343448762296628,-21.701492479090525,20.131018781419964,1.5546801286967402,0.6057477065365835,2.1051917824680846e-14
25.343689381889742,-21.7116177839922,20.129849951879137,1.5548125972109712,0.6060244941570544,2.1051917824680846e-14
25.343930257888914,-21.721743081668322,20.12868056109513,1.5549451081525596,0.6063015233739075,2.5262301389617013e-14
25.344171390187167,-21.73186837212317,20.127510609684993,1.555077661505405,0.6065787940541383,1.2631150694808506e-14
25.344412778677565,-21.741993655361107,20.126340098265786,1.555210257253406,0.6068563060647402,1.2631150694808506e-14
25.34465442325317,-21.752118931386413,20.12516902745456,1.5553428953804578,0.6071340592727064,4.210383564936169e-15
25.344896323807088,-21.76224420020356,20.123997397868383,1.5554755758704513,0.607412053545028,8.420767129872338e-15
25.3451384802324,-21.772369461816847,20.122825210124297,1.5556082987072775,0.6076902887486959,-4.210383564936169e-15
25.345380892422245,-21.7824947162306,20.12165246483936,1.5557410638748215,0.6079687647506995,1.2631150694808506e-14
25.345623560269743,-21.792619963449134,20.120479162630637,1.555873871356967,0.608247481418027,1.6841534259744676e-14
25.345866483668047,-21.802745203476892,20.119305304115183,1.5560067211375954,0.6085264386176648,1.2631150694808506e-14
25.346109662510326,-21.81287043631818,20.11813088991006,1.556139613200583,0.6088056362165998,1.2631150694808506e-14
25.346353096689754,-21.822995661977256,20.116955920632307,1.5562725475298058,0.6090850740818166,2.1051917824680846e-14
25.346596786099532,-21.833120880458598,20.115780396898995,1.5564055241091352,0.6093647520802985,4.210383564936169e-15
25.346840730632877,-21.84324609176648,20.114604319327174,1.556538542922441,0.6096446700790282,2.947268495455318e-14
25.347084930183012,-21.85337129590525,20.113427688533907,1.5566716039535884,0.6099248279449878,1.6841534259744676e-14
25.34732938464317,-21.8634964928792,20.112250505136245,1.556804707186442,0.6102052255451563,4.210383564936169e-15
25.34757409390663,-21.87362168269276,20.11107276975125,1.556937852604861,0.6104858627465137,4.210383564936169e-15
25.34781905786665,-21.883746865350236,20.109894482995973,1.5570710401927046,0.6107667394160382,8.420767129872338e-15
25.348064276416522,-21.893872040855886,20.108715645487468,1.5572042699338269,0.6110478554207062,-8.420767129872338e-15
25.34830974944956,-21.90399720921418,20.107536257842803,1.5573375418120796,0.6113292106274933,-4.210383564936169e-15
25.348555476859072,-21.914122370429382,20.106356320679023,1.5574708558113117,0.6116108049033747,2.5262301389617013e-14
25.348801458538397,-21.924247524505837,20.105175834613195,1.5576042119153706,0.6118926381153235,1.6841534259744676e-14
25.34904769438088,-21.93437267144781,20.10399480026237,1.5577376101080986,0.612174710130312,1.6841534259744676e-14
25.3492941842799,-21.944497811259758,20.102813218243597,1.5578710503733373,0.6124570208153115,2.947268495455318e-14
25.34954092812882,-21.954622943945957,20.101631089173946,1.5580045326949226,0.612739570037292,4.210383564936169e-15
25.349787925821047,-21.964748069510673,20.10044841367047,1.5581380570566907,0.613022357663222,4.210383564936169e-15
25.350035177249993,-21.97487318795835,20.099265192350217,1.5582716234424743,0.6133053835600699,2.1051917824680846e-14
25.350282682309075,-21.984998299293267,20.098081425830255,1.558405231836101,0.6135886475948016,4.210383564936169e-15
25.35053044089174,-21.99512340351974,20.096897114727636,1.5585388822213977,0.6138721496343831,1.2631150694808506e-14
25.35077845289143,-22.005248500642058,20.095712259659415,1.5586725745821886,0.6141558895457784,1.2631150694808506e-14
25.351026718201645,-22.015373590664648,20.09452686124265,1.5588063089022937,0.614439867195951,1.6841534259744676e-14
25.35127523671584,-22.02549867359178,20.093340920094395,1.5589400851655306,0.6147240824518625,1.2631150694808506e-14
25.351524008327527,-22.035623749427767,20.092154436831716,1.5590739033557144,0.6150085351804736,1.2631150694808506e-14
25.351773032930225,-22.04574881817691,20.090967412071652,1.5592077634566581,0.6152932252487449,0.0
25.35202231041746,-22.055873879843606,20.089779846431277,1.5593416654521706,0.6155781525236342,1.6841534259744676e-14
25.35227184068277,-22.065998934432145,20.08859174052764,1.5594756093260578,0.6158633168720988,-8.420767129872338e-15
25.35252162361972,-22.07612398194678,20.087403094977798,1.5596095950621234,0.6161487181610955,8.420767129872338e-15
25.352771659121892,-22.08624902239195,20.08621391039881,1.5597436226441688,0.6164343562575793,1.6841534259744676e-14
25.353021947082855,-22.096374055771903,20.08502418740773,1.5598776920559922,0.6167202310285037,-8.420767129872338e-15
25.35327248739624,-22.10649908209098,20.08383392662162,1.560011803281388,0.6170063423408216,8.420767129872338e-15
25.35352327995564,-22.11662410135343,20.08264312865752,1.5601459563041498,0.6172926900614856,1.2631150694808506e-14
25.35377432465469,-22.126749113563672,20.081451794132505,1.560280151108066,0.617579274057445,8.420767129872338e-15
25.35402562138704,-22.136874118725977,20.08025992366363,1.5604143876769232,0.6178660941956492,4.210383564936169e-15
25.354277170046373,-22.146999116844658,20.079067517867937,1.5605486659945065,0.6181531503430473,3.368306851948935e-14
25.354528970526328,-22.157124107923977,20.077874577362493,1.5606829860445963,0.6184404423665855,1.6841534259744676e-14
25.354781022720616,-22.167249091968337,20.07668110276436,1.5608173478109701,0.6187279701332097,1.6841534259744676e-14
25.355033326522936,-22.17737406898202,20.07548709469059,1.5609517512774045,0.6190157335098647,8.420767129872338e-15
25.355285881827005,-22.18749903896926,20.074292553758237,1.5610861964276725,0.6193037323634945,1.2631150694808506e-14
25.35553868852657,-22.197624001934493,20.073097480584355,1.5612206832455433,0.619591966561041,1.2631150694808506e-14
25.355791746515365,-22.207748957881975,20.071901875786008,1.5613552117147838,0.6198804359694452,-4.210383564936169e-15
25.356045055687147,-22.217873906815992,20.070705739980248,1.5614897818191587,0.6201691404556477,-8.420767129872338e-15
25.3562986159357,-22.227998848740807,20.06950907378413,1.5616243935424294,0.6204580798865873,1.6841534259744676e-14
25.356552427154814,-22.23812378366085,20.068311877814715,1.561759046868354,0.6207472541292011,0.0
25.3568064892383,-22.24824871158035,20.067114152689058,1.5618937417806897,0.6210366630504267,1.6841534259744676e-14
25.357060802079957,-22.258373632503623,20.065915899024212,1.562028478263188,0.6213263065171986,1.2631150694808506e-14
25.357315365573633,-22.268498546434916,20.06471711743724,1.5621632562996002,0.6216161843964514,8.420767129872338e-15
25.35757017961317,-22.27862345337864,20.063517808545193,1.5622980758736735,0.6219062965551179,1.6841534259744676e-14
25.35782524409242,-22.288748353339034,20.062317972965136,1.5624329369691528,0.6221966428601301,4.210383564936169e-15
25.358080558905275,-22.298873246320355,20.06111761131411,1.5625678395697797,0.6224872231784191,1.6841534259744676e-14
25.3583361239456,-22.308998132327012,20.059916724209188,1.562702783659294,0.6227780373769142,0.0
25.358591939107324,-22.319123011363242,20.058715312267424,1.5628377692214308,0.6230690853225433,8.420767129872338e-15
25.35884800428434,-22.329247883433343,20.057513376105867,1.562972796239925,0.6233603668822345,4.210383564936169e-15
25.359104319370584,-22.339372748541557,20.05631091634157,1.5631078646985068,0.6236518819229132,-8.420767129872338e-15
25.359360884260006,-22.349497606692296,20.055107933591604,1.563242974580904,0.6239436303115045,8.420767129872338e-15
25.359617698846552,-22.3596224578898,20.053904428473018,1.5633781258708426,0.6242356119149317,1.2631150694808506e-14
25.359874763024212,-22.369747302138364,20.052700401602866,1.5635133185520442,0.6245278266001181,8.420767129872338e-15
25.360132076686945,-22.379872139442202,20.051495853598208,1.563648552608229,0.6248202742339841,1.6841534259744676e-14
25.360389639728762,-22.38999696980575,20.0502907850761,1.563783828023114,0.625112954683451,1.6841534259744676e-14
25.36064745204368,-22.400121793233225,20.0490851966536,1.563919144780413,0.6254058678154365,8.420767129872338e-15
25.360905513525715,-22.41024660972887,20.047879088947763,1.564054502863838,0.6256990134968594,1.6841534259744676e-14
25.361163824068907,-22.42037141929708,20.04667246257565,1.5641899022570969,0.6259923915946355,2.1051917824680846e-14
25.36142238356731,-22.430496221942093,20.04546531815431,1.564325342943896,0.6262860019756812,8.420767129872338e-15
25.361681191914997,-22.440621017668196,20.044257656300797,1.5644608249079386,0.6265798445069105,2.1051917824680846e-14
25.361940249006032,-22.45074580647962,20.043049477632188,1.5645963481329244,0.6268739190552357,8.420767129872338e-15
25.362199554734527,-22.460870588380754,20.04184078276551,1.5647319126025523,0.6271682254875693,1.2631150694808506e-14
