galstreams/tracks/track.st.Pal5.ibata2021.ecsv
# %ECSV 0.9
# ---
# datatype:
# - {name: ra, unit: deg, datatype: float64}
# - {name: dec, unit: deg, datatype: float64}
# - {name: distance, unit: kpc, datatype: float64}
# - {name: pm_ra_cosdec, unit: mas / yr, datatype: float64}
# - {name: pm_dec, unit: mas / yr, datatype: float64}
# - {name: radial_velocity, unit: km / s, datatype: float64}
# delimiter: ','
# meta: !!omap
# - __serialized_columns__:
#     dec:
#       __class__: astropy.coordinates.angles.Latitude
#       unit: &id001 !astropy.units.Unit {unit: deg}
#       value: !astropy.table.SerializedColumn {name: dec}
#     distance:
#       __class__: astropy.coordinates.distances.Distance
#       unit: !astropy.units.Unit {unit: kpc}
#       value: !astropy.table.SerializedColumn {name: distance}
#     pm_dec:
#       __class__: astropy.units.quantity.Quantity
#       unit: !astropy.units.Unit {unit: mas / yr}
#       value: !astropy.table.SerializedColumn {name: pm_dec}
#     pm_ra_cosdec:
#       __class__: astropy.units.quantity.Quantity
#       unit: !astropy.units.Unit {unit: mas / yr}
#       value: !astropy.table.SerializedColumn {name: pm_ra_cosdec}
#     ra:
#       __class__: astropy.coordinates.angles.Longitude
#       unit: *id001
#       value: !astropy.table.SerializedColumn {name: ra}
#       wrap_angle: !astropy.coordinates.Angle
#         unit: *id001
#         value: 360.0
#     radial_velocity:
#       __class__: astropy.units.quantity.Quantity
#       unit: !astropy.units.Unit {unit: km / s}
#       value: !astropy.table.SerializedColumn {name: radial_velocity}
# schema: astropy-2.0
ra,dec,distance,pm_ra_cosdec,pm_dec,radial_velocity
[from data line 542]
226.29475552156077,-2.554177600777364,21.668658818596242,-2.8661479735531143,-3.000783778168224,1.4525823299029783e-13
226.30160479184812,-2.546479423008241,21.67237744352972,-2.8659384855093677,-2.9997620296336,2.0841398646434036e-13
226.3084571736351,-2.538785827028639,21.676085309471766,-2.865728929156692,-2.9987411686042558,1.5578419190263825e-13
226.31531266494065,-2.531096809758437,21.679782426038702,-2.8655193062524784,-2.99772119534334,1.2631150694808508e-13
226.32217126378356,-2.5234123681178096,21.683468802846868,-2.8653096185539546,-2.9967021101141427,1.7262572616238293e-13
226.32903296818313,-2.515732499026969,21.687144449512587,-2.865099867818184,-2.99568391318009,1.5367900012017016e-13
226.33589777615856,-2.50805719940639,21.690809375652183,-2.8648900558020625,-2.9946666048047477,1.1789073981821273e-13
226.34276568572935,-2.500386466176718,21.694463590882005,-2.8646801842623244,-2.9936501852518216,1.6841534259744677e-13
226.34963669491523,-2.492720296258673,21.698107104818366,-2.86447025495554,-2.9926346547851526,1.8736206863965952e-13
226.35651080173588,-2.4850586865732662,21.701739927077604,-2.8642602696381187,-2.9916200136687245,2.1893994537668078e-13
226.3633880042114,-2.4774016340415517,21.705362067276052,-2.864050230066302,-2.9906062621666534,2.48412630331234e-13
226.3702683003619,-2.4697491355848844,21.708973535030037,-2.863840137996177,-2.9895934005431988,2.5262301389617017e-13
226.37715168820773,-2.462101188124656,21.712574339955893,-2.863629995183665,-2.9885814290627546,2.042036028994042e-13
226.38403816576925,-2.454457788582558,21.71616449166994,-2.8634198033845286,-2.987570347989853,2.547282056786382e-13
226.39092773106728,-2.446818933880322,21.719743999788523,-2.8632095643543667,-2.9865601575891625,2.3367628785395737e-13
226.3978203821225,-2.439184620939949,21.723312873927956,-2.862999279848623,-2.9855508581254897,2.715697399383829e-13
226.40471611695588,-2.4315548466836057,21.726871123704584,-2.8627889516225764,-2.9845424498637767,1.642049590325106e-13
226.41161493358857,-2.4239296080335366,21.73041875873473,-2.862578581431352,-2.9835349330691034,2.8841127419812757e-13
226.41851683004177,-2.416308901912281,21.733955788634727,-2.862368171029914,-2.9825283080066844,2.589385892435744e-13
226.42542180433705,-2.4086927252424264,21.73748222302091,-2.862157722173066,-2.9815225749418706,2.063087946818723e-13
226.43232985449586,-2.401081074946854,21.740998071509598,-2.8619472366154612,-2.980517734140151,1.9157245220459568e-13
226.43924097854008,-2.393473947948493,21.744503343717124,-2.8617367161115883,-2.9795137858671485,1.347322740779574e-13
226.44615517449142,-2.385871341170568,21.747998049259827,-2.8615261624157844,-2.9785107303886185,1.9367764398706378e-13
226.45307244037213,-2.3782732515363483,21.75148219775403,-2.8613155772822276,-2.9775085679704576,1.5999457546757442e-13
226.4599927742042,-2.3706796759694053,21.754955798816066,-2.8611049624649425,-2.9765072988786936,1.8525687685719145e-13
226.46691617401015,-2.363090611393351,21.75841886206227,-2.860894319717796,-2.9755069233794873,1.9578283576953187e-13
226.4738426378124,-2.3555060547320688,21.76187139710896,-2.8606836507945035,-2.9745074417391386,1.6631015081497867e-13
226.4807721636335,-2.3479260029096096,21.765313413572475,-2.860472957448625,-2.973508854224079,1.6841534259744677e-13
226.48770474949637,-2.3403504528501062,21.76874492106915,-2.860262241433566,-2.972511161100873,2.1262437002927655e-13
226.49464039342382,-2.3327794014779926,21.7721659292153,-2.8600515045025796,-2.971514362636223,2.5262301389617017e-13
226.50157909343906,-2.32521284571774,21.775576447627277,-2.8598407484087622,-2.970518459096956,1.4315304120782974e-13
226.50852084756514,-2.3176507824941304,21.77897648592139,-2.8596299749050673,-2.9695234507500445,2.1683475359421271e-13
226.51546565382552,-2.3100932087319856,21.782366053713982,-2.859419185744288,-2.9685293378625865,1.8525687685719145e-13
226.5224135102436,-2.30254012135643,21.78574516062138,-2.8592083826790677,-2.967536120701813,1.1157516447080849e-13
226.52936441484312,-2.2949915172926336,21.789113816259913,-2.858997567461903,-2.966543799535091,2.3578147963642546e-13
226.53631836564773,-2.2874473934660684,21.79247203024592,-2.858786741845136,-2.965552374629916,2.3999186320136165e-13
226.54327536068143,-2.279907746802254,21.795819812195724,-2.858575907580958,-2.9645618462539196,2.568333974611063e-13
226.55023539796824,-2.272372574226979,21.79915717172565,-2.8583650664214186,-2.963572214674865,1.5999457546757442e-13
226.55719847553223,-2.264841872666206,21.802484118452035,-2.858154220118406,-2.9625834801606414,2.2315032894161697e-13
226.56416459139783,-2.2573156390459768,21.80580066199121,-2.857943370423671,-2.9615956429792765,2.1683475359421271e-13
226.57113374358934,-2.249793870292636,21.80910681195951,-2.857732519088809,-2.960608703398925,1.9367764398706378e-13
226.57810593013144,-2.2422765633325765,21.812402577973245,-2.8575216678652744,-2.959622661687876,2.1472956181174462e-13
226.58508114904876,-2.234763715092492,21.81568796964877,-2.857310818504369,-2.958637518114546,2.1893994537668078e-13
226.59205939836616,-2.2272553224991256,21.818962996602405,-2.8570999727572497,-2.9576532729474843,1.642049590325106e-13
226.5990406761085,-2.219751382479522,21.822227668450484,-2.8568891323749273,-2.956669926455369,2.2736071250655313e-13
226.606024980301,-2.2122518919607757,21.82548199480933,-2.8566782991082666,-2.95568747890701,1.7473091794485103e-13
226.61301230896873,-2.2047568478702533,21.82872598529528,-2.8564674747079866,-2.954705930571344,1.24206315165617e-13
226.620002660137,-2.1972662471354965,21.831959649524656,-2.8562566609246662,-2.9537252817174435,1.1368035625327657e-13
226.62699603183134,-2.189780086684124,21.835182997113797,-2.8560458595087317,-2.952745532614503,1.368374658604255e-13
226.63399242207726,-2.1822983634440667,21.838396037679036,-2.855835072210472,-2.9517666835318495,2.0841398646434036e-13
226.64099182890047,-2.174821074343296,21.841598780836694,-2.85562430078003,-2.9507887347389388,1.5367900012017016e-13
226.6479942503267,-2.167348216310094,21.8447912362031,-2.855413546967405,-2.949811686505356,2.8209569885072334e-13
226.65499968438195,-2.159879786272788,21.847973413394605,-2.855202812522455,-2.9488355391008128,2.6735935637344673e-13
226.66200812909221,-2.152415781160014,21.851145322027513,-2.8549920991948996,-2.9478602927951534,2.2104513715914888e-13
226.6690195824837,-2.144956197900453,21.854306971718167,-2.8547814087343095,-2.9468859478583433,1.5999457546757442e-13
226.67603404258261,-2.137501033423095,21.857458372082895,-2.8545707428901173,-2.945912504560479,1.7262572616238293e-13
226.68305150741534,-2.130050284656977,21.86059953273804,-2.854360103411617,-2.944939963171785,2.2104513715914888e-13
226.69007197500844,-2.1226039485314114,21.863730463299913,-2.85414949204796,-2.9439683239626144,1.1789073981821273e-13
226.69709544338835,-2.11516202197589,21.86685117338485,-2.853938910548162,-2.9429975872034433,2.6735935637344673e-13
226.70412191058196,-2.1077245019199826,21.86996167260919,-2.8537283606610915,-2.9420277531648757,1.5578419190263825e-13
226.71115137461598,-2.10029138529357,21.873061970589248,-2.853517844135485,-2.941058822117645,2.315710960714893e-13
226.71818383351743,-2.0928626690265784,21.876152076941366,-2.8533073627199403,-2.9400907943326087,2.8630608241565947e-13
226.72521928531322,-2.0854383500492437,21.879232001281885,-2.853096918162911,-2.939123670080746,2.7578012350331905e-13
226.73225772803065,-2.078018425291854,21.882301753227107,-2.8528865122127227,-2.938157449633171,2.6525416459097863e-13
226.73929915969683,-2.0706028916850014,21.88536134239338,-2.8526761466175556,-2.937192133261115,1.9578283576953187e-13
226.74634357833924,-2.0631917461593288,21.888410778397045,-2.852465823125457,-2.9362277212359387,2.547282056786382e-13
226.75339098198518,-2.055784985645789,21.891450070854404,-2.8522555434843397,-2.935264213829127,1.9999321933446803e-13
226.76044136866233,-2.0483826070753843,21.894479229381815,-2.8520453094419778,-2.9343016113122893,2.6525416459097863e-13
226.7674947363983,-2.0409846073793925,21.897498263595597,-2.85183512274601,-2.9333399139571577,2.1472956181174462e-13
226.77455108322084,-2.033590983489272,21.900507183112072,-2.8516249851439444,-2.932379122035594,1.8525687685719145e-13
226.7816104071578,-2.026201732336565,21.90350599754758,-2.8514148983831493,-2.9314192358195768,2.4209705498382974e-13
226.78867270623712,-2.0188168508531206,21.906494716518452,-2.851204864210862,-2.930460255581212,2.3999186320136165e-13
226.79573797848693,-2.01143633597084,21.90947334964102,-2.850994884374188,-2.9295021815927282,1.7052053437991484e-13
226.80280622193524,-2.004060184621934,21.9124419065316,-2.8507849606200972,-2.9285450141264806,2.3788667141889356e-13
226.80987743461043,-1.996688393738665,21.915400396806543,-2.8505750946954267,-2.9275887534549407,1.347322740779574e-13
226.8169516145407,-1.9893209602536048,21.918348830082167,-2.8503652883468833,-2.926633399850708,2.1051917824680845e-13
226.82402875975455,-1.981957881099374,21.921287215974804,-2.8501555433210424,-2.925678953586503,2.020984111169361e-13
226.8311088682805,-1.9745991532088778,21.924215564100788,-2.8499458613643442,-2.924725414935167,1.515738083377021e-13
226.83819193814708,-1.9672447735151954,21.927133884076447,-2.8497362442231067,-2.9237727841696666,1.0736478090587231e-13
226.84527796738305,-1.9598947389514922,21.930042185518108,-2.849526693643507,-2.9228210615630856,2.063087946818723e-13
226.85236695401713,-1.952549046451247,21.9329404780421,-2.849317211371601,-2.921870247388632,2.610437810260425e-13
226.85945889607828,-1.945207692947987,21.935828771264763,-2.84910779915331,-2.920920341919633,1.8736206863965952e-13
226.86655379159535,-1.9378706753755517,21.938707074802423,-2.8488984587344275,-2.9199713454295404,1.4736342477276593e-13
226.87365163859747,-1.9305379906678337,21.941575398271407,-2.848689191860619,-2.9190232581919213,2.2104513715914888e-13
226.88075243511366,-1.923209635759036,21.944433751288056,-2.8484800002774264,-2.9180760804804677,2.1893994537668078e-13
226.88785617917327,-1.9158856075834143,21.94728214346868,-2.848270885730255,-2.917129812568991,1.9578283576953187e-13
226.89496286880544,-1.9085659030755342,21.950120584429634,-2.8480618499643873,-2.9161844547314177,1.7473091794485103e-13
226.90207250203966,-1.9012505191700186,21.952949083787225,-2.8478528947249826,-2.9152400072418017,1.894672604221276e-13
226.9091850769053,-1.8939394528017637,21.9557676511578,-2.8476440217570693,-2.914296470374309,2.6735935637344673e-13
226.91630059143188,-1.886632700905853,21.95857629615769,-2.847435232805549,-2.913353844403228,2.020984111169361e-13
226.9234190436491,-1.8793302604174524,21.96137502840322,-2.8472265296152024,-2.9124121296029664,2.568333974611063e-13
226.9305404315865,-1.872032128272044,21.964163857510705,-2.847017913930684,-2.911471326248052,2.3578147963642546e-13
226.937664753274,-1.8647383014051588,21.9669427930965,-2.8468093874965197,-2.910531434613122,2.063087946818723e-13
226.9447920067413,-1.8574487767526429,21.96971184477693,-2.8466009520571145,-2.909592454972942,2.3999186320136165e-13
226.95192219001842,-1.8501635512503938,21.97247102216832,-2.846392609356752,-2.9086543876023905,2.631489728085106e-13
226.95905530113524,-1.8428826218346253,21.975220334887,-2.8461843611395903,-2.907717232776466,2.73674931720851e-13
226.96619133812192,-1.8356059854416016,21.9779597925493,-2.8459762091496605,-2.9067809907702795,1.1789073981821273e-13
226.97333029900847,-1.8283336390079015,21.980689404771557,-2.845768155130879,-2.9058456618590633,1.1368035625327657e-13
226.98047218182518,-1.821065579470158,21.983409181170085,-2.845560200827036,-2.904911246318165,2.2525552072408504e-13
226.98761698460228,-1.813801803765285,21.986119131361235,-2.8453523479818,-2.9039777444230475,1.5578419190263825e-13
226.99476470537007,-1.8065423088303785,21.988819264961325,-2.8451445983387202,-2.9030451564492896,1.9578283576953187e-13
227.00191534215904,-1.7992870916026227,21.991509591586702,-2.8449369536412226,-2.9021134826725876,2.568333974611063e-13
227.00906889299952,-1.792036149019516,21.994190120853677,-2.8447294156326155,-2.9011827233687537,1.7473091794485103e-13
227.01622535592222,-1.7847894780186118,21.996860862378586,-2.844521986056088,-2.900252878813715,2.063087946818723e-13
227.02338472895758,-1.7775470755377762,21.999521825777755,-2.844314666654708,-2.8993239492835112,1.4210044531659572e-13
227.0305470101364,-1.7703089385149282,22.002173020667524,-2.844107459171423,-2.8983959350542987,1.1578554803574466e-13
227.0377121974892,-1.7630750638883048,22.004814456664217,-2.843900365349066,-2.897468836402349,1.6946793848868082e-13
227.04488028904703,-1.7558454485961956,22.007446143384172,-2.84369338693035,-2.8965426536040466,1.294692946217872e-13
227.05205128284055,-1.7486200895771737,22.010068090443703,-2.8434865256578696,-2.8956173869358905,1.9473023987829782e-13
227.0592251769007,-1.741398983769996,22.012680307459163,-2.843279783274104,-2.8946930366744925,1.589419795763404e-13
227.06640196925852,-1.7341821281135064,22.015282804046866,-2.843073161521415,-2.8937696030965796,2.3051850018025525e-13
227.0735816579449,-1.7269695195468648,22.01787558982315,-2.842866662142046,-2.8928470864789886,1.3894265764289357e-13
227.08076424099107,-1.7197611550092875,22.02045867440434,-2.8426602868781274,-2.8919254870986726,2.8735867830689355e-13
227.08794971642806,-1.7125570314403031,22.02303206740677,-2.842454037471673,-2.8910048052326975,1.8315168507472335e-13
227.09513808228715,-1.705357145779499,22.025595778446768,-2.842247915664582,-2.8900850411582364,2.1262437002927655e-13
227.10232933659947,-1.698161494966774,22.028149817140665,-2.8420419231986394,-2.8891661951525793,2.610437810260425e-13
227.10952347739644,-1.6909700759420876,22.030694193104797,-2.8418360618155134,-2.8882482674931276,2.8314829474195736e-13
227.11672050270934,-1.6837828856457095,22.03322891595549,-2.841630333256761,-2.8873312584573907,1.820990891834893e-13
227.1239204105696,-1.6765999210179714,22.035753995309065,-2.8414247392638265,-2.8864151683229933,2.1262437002927655e-13
227.13112319900873,-1.6694211789994822,22.038269440781868,-2.841219281578039,-2.885499997367668,2.4736003443999996e-13
227.1383288660581,-1.6622466565310399,22.040775261990223,-2.841013961940617,-2.88458574586926,1.8315168507472335e-13
227.14553740974935,-1.6550763505535326,22.04327146855046,-2.8408087820926644,-2.8836724141057224,2.2315032894161697e-13
227.15274882811408,-1.647910258008161,22.04575807007891,-2.8406037437751763,-2.8827600023551203,1.5578419190263825e-13
227.15996311918397,-1.6407483758361847,22.048235076191908,-2.840398848729036,-2.881848510895628,1.8841466453089356e-13
227.1671802809906,-1.6335907009791797,22.050702496505767,-2.840194098695015,-2.880937940005532,1.7157313027114889e-13
227.17440031156588,-1.626437230378777,22.053160340636836,-2.8399894954137754,-2.8800282899632204,1.7788870561855314e-13
227.18162320894146,-1.6192879609769244,22.055608618201443,-2.8397850406258676,-2.879119561047198,1.7788870561855314e-13
227.18884897114924,-1.6121428897156282,22.05804733881591,-2.839580736071735,-2.878211753536074,1.1789073981821273e-13
227.19607759622102,-1.6050020135372092,22.060476512096574,-2.8393765834917097,-2.8773048677085677,2.389392673101276e-13
227.2033090821888,-1.5978653293840461,22.062896147659764,-2.8391725846260174,-2.876398903843507,1.294692946217872e-13
227.2105434270845,-1.5907328341988023,22.065306255121815,-2.8389687412147726,-2.8754938622198245,1.8736206863965952e-13
227.21778062894006,-1.5836045249243278,22.067706844099046,-2.8387650549979853,-2.874589743116564,2.3999186320136165e-13
227.22502068578763,-1.5764803985035627,22.070097924207793,-2.838561527715555,-2.8736865468128734,2.610437810260425e-13
227.2322635956592,-1.569360451879764,22.07247950506439,-2.8383581611072772,-2.87278427358801,1.4315304120782974e-13
