galstreams/tracks/track.st.Gunnthra.ibata2021.ecsv
# %ECSV 1.0
# ---
# datatype:
# - {name: ra, unit: deg, datatype: float64}
# - {name: dec, unit: deg, datatype: float64}
# - {name: distance, unit: kpc, datatype: float64}
# - {name: pm_ra_cosdec, unit: mas / yr, datatype: float64}
# - {name: pm_dec, unit: mas / yr, datatype: float64}
# - {name: radial_velocity, unit: km / s, datatype: float64}
# delimiter: ','
# meta: !!omap
# - __serialized_columns__:
#     dec:
#       __class__: astropy.coordinates.angles.Latitude
#       unit: &id001 !astropy.units.Unit {unit: deg}
#       value: !astropy.table.SerializedColumn {name: dec}
#     distance:
#       __class__: astropy.coordinates.distances.Distance
#       unit: !astropy.units.Unit {unit: kpc}
#       value: !astropy.table.SerializedColumn {name: distance}
#     pm_dec:
#       __class__: astropy.units.quantity.Quantity
#       unit: !astropy.units.Unit {unit: mas / yr}
#       value: !astropy.table.SerializedColumn {name: pm_dec}
#     pm_ra_cosdec:
#       __class__: astropy.units.quantity.Quantity
#       unit: !astropy.units.Unit {unit: mas / yr}
#       value: !astropy.table.SerializedColumn {name: pm_ra_cosdec}
#     ra:
#       __class__: astropy.coordinates.angles.Longitude
#       unit: *id001
#       value: !astropy.table.SerializedColumn {name: ra}
#       wrap_angle: !astropy.coordinates.Angle
#         unit: *id001
#         value: 360.0
#     radial_velocity:
#       __class__: astropy.units.quantity.Quantity
#       unit: !astropy.units.Unit {unit: km / s}
#       value: !astropy.table.SerializedColumn {name: radial_velocity}
# schema: astropy-2.0
ra,dec,distance,pm_ra_cosdec,pm_dec,radial_velocity
[from data line 705]
288.7771399123104,-72.27126582131328,3.0995710700405548,-13.421298666125686,-25.022893260168647,73.48097346918584
288.79566783922087,-72.26288544712432,3.0995036457497784,-13.413669611808512,-25.030393206604234,73.35741866207634
288.8141660838668,-72.2545010852356,3.0994361663919956,-13.406049824288344,-25.037886229454877,73.2341913619151
288.8326346931239,-72.24611274446461,3.0993686327803847,-13.398439292482418,-25.04537234163494,73.111291212795
288.8510737138406,-72.2377204336108,3.0993010457281276,-13.390838005296253,-25.052851556016286,72.98871785880893
288.8694831928379,-72.22932416145541,3.099233406048403,-13.383245951623534,-25.060323885428435,72.8664709440498
288.8878631769093,-72.22092393676165,3.0991657145543905,-13.375663120346395,-25.067789342658525,72.74455011261036
288.9062137128206,-72.21251976827467,3.09909797205927,-13.368089500335525,-25.075247940451398,72.62295500858347
288.9245348473089,-72.20411166472182,3.099030179376222,-13.360525080450474,-25.082699691509507,72.50168527606209
288.9428266270838,-72.1956996348123,3.098962337318426,-13.352969849539459,-25.090144608493173,72.38074055913894
288.96108909882616,-72.18728368723751,3.0988944466990604,-13.345423796439782,-25.09758270402042,72.26012050190693
288.9793223091883,-72.17886383067092,3.0988265083313067,-13.337886909977865,-25.105013990667196,72.139824748459
288.9975263047938,-72.17044007376829,3.098758523028345,-13.330359178969463,-25.1124384809672,72.01985294288788
289.01570113223704,-72.16201242516748,3.0986904916033535,-13.322840592219643,-25.119856187412132,71.90020472928641
289.0338468380836,-72.15358089348861,3.0986224148695123,-13.31533113852306,-25.12726712245164,71.78087975174756
289.05196346886964,-72.14514548733406,3.0985542936400035,-13.307830806664002,-25.134671298493362,71.66187765436406
289.0700510711015,-72.13670621528865,3.0984861287280046,-13.30033958541674,-25.142068727902902,71.5431980812289
289.08810969125614,-72.12826308591944,3.0984179209466958,-13.2928574635453,-25.149459423004046,71.42484067643487
289.1061393757805,-72.11981610777592,3.098349671109257,-13.285384429803894,-25.156843396078663,71.3068050840748
289.1241401710917,-72.11136528938995,3.0982813800288693,-13.277920472936875,-25.164220659366787,71.1890909482415
289.1421121235762,-72.102910639276,3.0982130485187094,-13.27046558167912,-25.171591225066642,71.07169791302796
289.16005527959044,-72.09445216593095,3.0981446773919603,-13.263019744755841,-25.178955105334705,70.95462562252686
289.1779696854601,-72.08598987783418,3.0980762674617996,-13.255582950882886,-25.1863123122858,70.83787372083121
289.19585538748026,-72.07752378344772,3.0980078195414102,-13.248155188766823,-25.193662857993044,70.72144185203385
289.21371243191487,-72.06905389121623,3.097939334443968,-13.240736447105252,-25.20100675448794,70.60532966022744
289.2315408649969,-72.060580209567,3.0978708129826544,-13.233326714586621,-25.208344013760428,70.48953678950504
289.24934073292815,-72.05210274690997,3.0978022559706493,-13.225925979890564,-25.215674647758934,70.37406288395945
289.267112081879,-72.0436215116378,3.097733664221135,-13.218534231687938,-25.22299866839039,70.25890758768347
289.284854957988,-72.03513651212604,3.097665038547287,-13.211151458641153,-25.230316087520265,70.14407054477009
289.3025694073622,-72.02664775673294,3.097596379762286,-13.20377764940394,-25.237626916972708,70.02955139931193
289.3202554760767,-72.0181552537996,3.097527688679315,-13.196412792621759,-25.244931168530446,69.91534979540211
289.3379132101746,-72.00965901164994,3.097458966111551,-13.189056876931826,-25.252228853935,69.80146537713333
289.35554265566634,-72.00115903859094,3.0973902128721735,-13.181709890963322,-25.259519984886534,69.68789778859839
289.3731438585305,-71.99265534291243,3.097321429774364,-13.174371823337388,-25.266804573044077,69.57464667389031
289.390716864713,-71.98414793288713,3.0972526176313018,-13.16704266266726,-25.27408263002551,69.46171167710183
289.40826172012675,-71.97563681677103,3.0971837772561672,-13.159722397558571,-25.28135416740753,69.34909244232584
289.4257784706521,-71.96712200280297,3.097114909462138,-13.152411016609246,-25.288619196725875,69.2367886136551
289.4432671621363,-71.95860349920495,3.0970460150623964,-13.145108508409749,-25.29587772947518,69.12479983518257
289.4607278403935,-71.95008131418209,3.0969770948701196,-13.137814861543166,-25.303129777109188,69.01312575100116
289.47816055120427,-71.94155545592274,3.096908149698491,-13.1305300645854,-25.310375351040644,68.9017660052036
289.4955653403161,-71.9330259325984,3.096839180360687,-13.123254106105158,-25.31761446264151,68.7907202418828
289.5129422534426,-71.92449275236379,3.096770187669889,-13.11598697466418,-25.324847123242865,68.6799881051315
289.5302913362637,-71.9159559233569,3.0967011724392766,-13.108728658817267,-25.332073344135075,68.56956923904268
289.54761263442543,-71.9074154536992,3.0966321354820296,-13.101479147112567,-25.33929313656772,68.4594632877093
289.56490619353974,-71.8988713514953,3.096563077611328,-13.094238428091465,-25.346506511749748,68.34966989522398
289.58217205918436,-71.8903236248333,3.096493999640352,-13.087006490288864,-25.35371348084947,68.24018870567966
289.5994102769029,-71.88177228178465,3.0964249023822803,-13.079783322233205,-25.36091405499468,68.13101936316923
289.6166208922041,-71.87321733040443,3.0963557866502924,-13.07256891244676,-25.368108245272555,68.02216151178553
289.6338039505623,-71.86465877873103,3.096286653257571,-13.06536324944548,-25.375296062729856,67.91361479562147
289.65095949741715,-71.85609663478645,3.0962175030172916,-13.058166321739284,-25.38247751837295,67.8053788587697
289.66808757817347,-71.84753090657622,3.0961483367426377,-13.050978117832102,-25.38965262316783,67.6974533453232
289.6851882382006,-71.83896160208961,3.096079155246788,-13.043798626222188,-25.39682138804008,67.58983789937491
289.70226152283317,-71.83038872929937,3.0960099593429202,-13.036627835401848,-25.403983823875144,67.48253216501762
289.7193074773703,-71.821812296162,3.095940749844217,-13.029465733857915,-25.411139941518154,67.37553578634412
289.73632614707583,-71.81323231061764,3.0958715275638573,-13.022312310071616,-25.418289751774182,67.26884840744728
289.7533175771778,-71.80464878059034,3.0958022933150207,-13.01516755251891,-25.425433265408074,67.16246967241992
289.7702818128687,-71.79606171398781,3.0957330479108864,-13.008031449670405,-25.432570493144684,67.05639922535514
289.7872188993051,-71.78747111870159,3.0956637921646357,-13.000903989991517,-25.439701445668874,66.95063671034549
289.8041288816078,-71.77887700260706,3.0955945268894474,-12.9937851619426,-25.44682613362551,66.845181771484
289.8210118048613,-71.77027937356364,3.095525252898502,-12.98667495397915,-25.453944567619576,66.74003405286354
289.8378677141141,-71.7616782394145,3.095455971004978,-12.979573354551679,-25.46105675821623,66.63519319857673
289.854696654378,-71.75307360798683,3.095386682022056,-12.972480352106077,-25.468162715940792,66.53065885271667
289.8714986706289,-71.74446548709182,3.095317386762917,-12.965395935083507,-25.475262451278915,66.4264306593761
289.88827380780555,-71.73585388452479,3.0952480860407374,-12.95832009192073,-25.482355974676462,66.32250826264784
289.9050221108102,-71.72723880806502,3.0951787806687006,-12.951252811050006,-25.489443296539758,66.21889130662498
289.92174362450857,-71.71862026547588,3.095109471459985,-12.944194080899234,-25.49652442723549,66.11557943540005
289.9384383937289,-71.70999826450503,3.095040159227771,-12.937143889892262,-25.503599377090843,66.0125722930661
289.95510646326284,-71.70137281288416,3.094970844785237,-12.93010222644872,-25.51066815639355,65.90986952371586
289.97174787786446,-71.69274391832924,3.094901528945564,-12.923069078984259,-25.51773077539187,65.80747077144237
289.98836268225097,-71.68411158854042,3.0948322125219314,-12.916044435910642,-25.524787244294796,65.70537568033829
290.00495092110174,-71.67547583120229,3.0947628963275196,-12.90902828563588,-25.5318375732719,65.6035838944966
290.0215126390588,-71.66683665398365,3.0946935811755067,-12.902020616564231,-25.5388817724536,65.50209505801008
290.03804788072665,-71.65819406453762,3.094624267879076,-12.895021417096412,-25.545919851931053,65.40090881497154
290.05455669067186,-71.64954807050178,3.094554957251402,-12.888030675629617,-25.55295182175636,65.30002480947404
290.07103911342307,-71.64089867949816,3.09448565010567,-12.881048380557734,-25.559977691942393,65.19944268561026
290.0874951934713,-71.63224589913321,3.0944163472550565,-12.874074520271247,-25.566997472463132,65.09916208747308
290.10392497526897,-71.62358973699784,3.0943470495127423,-12.867109083157583,-25.574011173253528,64.99918265915538
290.1203285032309,-71.61493020066752,3.0942777576919065,-12.860152057600935,-25.58101880420964,64.89950404474999
290.13670582173296,-71.60626729770237,3.0942084726057297,-12.853203431982696,-25.588020375188588,64.8001258883497
290.15305697511315,-71.597601035647,3.094139195067393,-12.846263194681189,-25.59501589600876,64.70104783404743
290.16938200767066,-71.58893142203073,3.0940699258900732,-12.839331334072067,-25.60200537644981,64.60226952593618
290.18568096366636,-71.58025846436743,3.094000665886952,-12.832407838528152,-25.60898882625268,64.5037906081085
290.20195388732196,-71.5715821701559,3.0939314158712086,-12.825492696419879,-25.615966255119613,64.40561072465748
290.2182008228207,-71.56290254687951,3.0938621766560233,-12.818585896115012,-25.622937672714343,64.30772951967586
290.23442181430664,-71.55421960200643,3.093792949054576,-12.811687425978967,-25.629903088662058,64.21014663725654
290.2506169058853,-71.54553334298963,3.0937237338800467,-12.804797274374753,-25.636862512549524,64.11286172149242
290.2667861416224,-71.53684377726705,3.0936545319456132,-12.797915429663359,-25.643815953925017,64.01587441647628
290.282929565545,-71.52815091226138,3.0935853440644574,-12.79104188020346,-25.65076342229855,63.91918436630092
290.2990472216405,-71.51945475538027,3.0935161710497585,-12.784176614351798,-25.657704927141776,63.82279121505927
290.3151391538571,-71.51075531401627,3.0934470137146963,-12.777319620463121,-25.664640477888156,63.72669460684428
290.3312054061034,-71.50205259554706,3.093377872872451,-12.770470886890411,-25.67157008393295,63.6308941857486
290.34724602224827,-71.4933466073352,3.093308749336202,-12.76363040198483,-25.67849375463329,63.535389595865254
290.3632610461212,-71.48463735672836,3.093239643919129,-12.756798154095875,-25.6854114993083,63.440180481287
290.37925052151166,-71.4759248510592,3.0931705574344117,-12.749974131571486,-25.692323327239077,63.345266486106674
290.39521449216926,-71.46720909764574,3.0931014906952305,-12.743158322758145,-25.699229247668725,63.250647254417224
290.41115300180365,-71.45849010379095,3.093032444514765,-12.73635071600092,-25.706129269802474,63.15632243031148
290.42706609408464,-71.44976787678299,3.0929634197061953,-12.729551299643514,-25.713023402807842,63.06229165788225
290.44295381264146,-71.44104242389541,3.0928944170826997,-12.722760062028554,-25.71991165581442,62.96855458122218
290.45881620106337,-71.43231375238689,3.0928254374574595,-12.715976991497442,-25.72679403791415,62.87511084442467
290.4746533028994,-71.42358186950139,3.092756481643655,-12.709202076390536,-25.73367055816136,62.78196009158204
290.49046516165805,-71.41484678246826,3.0926875504544644,-12.702435305047253,-25.740541225572763,62.68910196678746
290.50625182080717,-71.40610849850223,3.092618644703068,-12.69567666580625,-25.747406049127488,62.59653611413355
290.5220133237743,-71.3973670248034,3.0925497652026466,-12.688926147005255,-25.754265037767226,62.50426217771342
290.53774971394625,-71.38862236855725,3.092480912766379,-12.682183736981347,-25.7611182003963,62.412279801619746
290.55346103466906,-71.37987453693475,3.0924120882074444,-12.675449424071031,-25.76796554588163,62.32058862994543
290.5691473292478,-71.37112353709247,3.092343292339025,-12.668723196610308,-25.7748070830528,62.22918830678338
290.5848086409469,-71.36236937617238,3.0922745259742994,-12.66200504293467,-25.781642820702224,62.13807847622621
290.6004450129896,-71.3536120613021,3.0922057899264455,-12.655294951379327,-25.788472767585123,62.04725878236711
290.61605648855834,-71.34485159959473,3.0921370850086456,-12.648592910279117,-25.7952969324196,61.9567288692988
290.63164311079396,-71.3360879981492,3.092068412034079,-12.641898907968857,-25.80211532388666,61.866488381113996
290.64720492279656,-71.32732126404996,3.091999771815924,-12.635212932783098,-25.808927950630352,61.77653696190569
290.66274196762464,-71.31855140436718,3.091931165167362,-12.628534973056425,-25.815734821257777,61.686874255766774
290.67825428829553,-71.30977842615677,3.0918625929015735,-12.62186501712348,-25.822535944339158,61.59749990679005
290.69374192778497,-71.30100233646048,3.0917940558317363,-12.615203053319092,-25.82933132840789,61.5084135590684
290.7092049290272,-71.29222314230579,3.0917255547710316,-12.608549069978231,-25.836120981960622,61.419614856694494
290.72464333491496,-71.283440850706,3.091657090532638,-12.601903055436226,-25.842904913457303,61.3311034437614
290.7400571882994,-71.27465546866027,3.0915886639297354,-12.595264998028718,-25.849683131321274,61.242878964361935
290.75544653198955,-71.26586700315382,3.0915202757755065,-12.588634886091896,-25.856455643939192,61.15494106258889
290.7708114087531,-71.25707546115758,3.0914519268831264,-12.58201270796243,-25.863222459661344,61.06728938253511
290.78615186131566,-71.24828084962861,3.0913836180657794,-12.575398451977595,-25.869983586801453,60.97992356829343
290.8014679323609,-71.23948317550983,3.0913153501366417,-12.56879210647539,-25.876739033636913,60.89284326395692
290.8167596645304,-71.2306824457304,3.0912471239088957,-12.562193659794616,-25.88348880840872,60.806048113618225
290.8320271004239,-71.22187866720536,3.0911789401957206,-12.555603100274823,-25.89023291932164,60.7195377613702
290.84727028259874,-71.2130718468359,3.091110799810295,-12.54902041625658,-25.896971374544243,60.63331185130575
290.8624892535704,-71.20426199150933,3.091042703565799,-12.542445596081388,-25.903704182208916,60.54737002751769
290.8776840558115,-71.19544910809925,3.0909746522754133,-12.535878628091915,-25.91043135041192,60.461711934098936
290.892854731753,-71.1866332034653,3.090906646752318,-12.529319500631864,-25.917152887213557,60.376337215142314
290.9080013237832,-71.1778142844534,3.0908386878096916,-12.522768202046198,-25.92386880063816,60.29124551474069
290.92312387424755,-71.16899235789582,3.090770776260715,-12.516224720681297,-25.930579098674038,60.206436476986966
290.93822242544957,-71.160167430611,3.0907029129185672,-12.509689044884762,-25.937283789273817,60.121909745973774
290.95329701964994,-71.1513395094038,3.090635098596429,-12.503161163005698,-25.943982880354223,60.03766496579423
290.9683476990668,-71.14250860106532,3.0905673341074795,-12.496641063394708,-25.950676379796327,59.95370178054098
290.9833745058752,-71.13367471237328,3.0904996202648984,-12.490128734404081,-25.95736429544545,59.87001983430709
290.998377482208,-71.12483785009161,3.090431957881866,-12.483624164387635,-25.964046635111398,59.78661877118534
291.0133566701549,-71.1159980209708,3.090364347771562,-12.477127341701044,-25.97072340656841,59.70349823526846
291.0283121117629,-71.10715523174775,3.0902967907471646,-12.470638254701669,-25.97739461755526,59.62065787064931
291.04324384903583,-71.09830948914609,3.090229287621856,-12.464156891748864,-25.984060275775246,59.53809732142094
291.0581519239347,-71.08946079987575,3.0901618392088155,-12.457683241203913,-25.990720388896353,59.45581623167606
291.0730363783776,-71.08060917063341,3.0900944463212223,-12.45121729143002,-25.99737496455129,59.37381424550746
291.08789725423935,-71.07175460810227,3.090027109772256,-12.444759030792557,-26.00402401033755,59.29209100700818
291.10273459335156,-71.0628971189523,3.0899598303750975,-12.438308447659118,-26.010667533817333,59.210646160270954
