galstreams/tracks/track.st.Gaia-12.ibata2021.ecsv
# %ECSV 0.9
# ---
# datatype:
# - {name: ra, unit: deg, datatype: float64}
# - {name: dec, unit: deg, datatype: float64}
# - {name: distance, unit: kpc, datatype: float64}
# - {name: pm_ra_cosdec, unit: mas / yr, datatype: float64}
# - {name: pm_dec, unit: mas / yr, datatype: float64}
# - {name: radial_velocity, unit: km / s, datatype: float64}
# delimiter: ','
# meta: !!omap
# - __serialized_columns__:
#     dec:
#       __class__: astropy.coordinates.angles.Latitude
#       unit: &id001 !astropy.units.Unit {unit: deg}
#       value: !astropy.table.SerializedColumn {name: dec}
#     distance:
#       __class__: astropy.coordinates.distances.Distance
#       unit: !astropy.units.Unit {unit: kpc}
#       value: !astropy.table.SerializedColumn {name: distance}
#     pm_dec:
#       __class__: astropy.units.quantity.Quantity
#       unit: !astropy.units.Unit {unit: mas / yr}
#       value: !astropy.table.SerializedColumn {name: pm_dec}
#     pm_ra_cosdec:
#       __class__: astropy.units.quantity.Quantity
#       unit: !astropy.units.Unit {unit: mas / yr}
#       value: !astropy.table.SerializedColumn {name: pm_ra_cosdec}
#     ra:
#       __class__: astropy.coordinates.angles.Longitude
#       unit: *id001
#       value: !astropy.table.SerializedColumn {name: ra}
#       wrap_angle: !astropy.coordinates.Angle
#         unit: *id001
#         value: 360.0
#     radial_velocity:
#       __class__: astropy.units.quantity.Quantity
#       unit: !astropy.units.Unit {unit: km / s}
#       value: !astropy.table.SerializedColumn {name: radial_velocity}
# schema: astropy-2.0
ra,dec,distance,pm_ra_cosdec,pm_dec,radial_velocity
[from data line 689]
41.579260514589905,15.872730145188445,11.360818412325393,5.828235905965541,-5.832576475030734,-1.8525687685719145e-13
41.587161977871304,15.866218191037765,11.357535673366485,5.82898798069311,-5.833905730468562,-1.0104920555846805e-13
41.59506272202025,15.859705716132268,11.354256030221292,5.8297414544449335,-5.835235596190085,-2.020984111169361e-13
41.60296274547541,15.853192718633164,11.35097950223547,5.830496338815221,-5.836566071858398,-1.1789073981821273e-13
41.61086204667533,15.846679196701896,11.347706108754672,5.83125264539826,-5.837897157138245,-1.0104920555846805e-13
41.61876062405848,15.840165148500096,11.344435869124561,5.832010385788419,-5.8392288516960145,-1.0104920555846805e-13
41.62665847606326,15.833650572189631,11.341168802690785,5.832769571580149,-5.840561155199737,-2.1893994537668078e-13
41.634555601128014,15.827135465932562,11.337904928798999,5.83353021436797,-5.841894067319079,-1.347322740779574e-13
41.642451997690934,15.820619827891171,11.33464426679486,5.834292325746484,-5.843227587725343,-2.020984111169361e-13
41.65034766419019,15.814103656227934,11.331386836024025,5.835055917310366,-5.84456171609147,-1.1789073981821273e-13
41.65824259906387,15.807586949105566,11.328132655832146,5.835821000654375,-5.845896452092033,-8.420767129872338e-14
41.66613680074993,15.801069704686972,11.324881745564879,5.836587587373343,-5.847231795403235,-1.8525687685719145e-13
41.67403026768629,15.794551921135254,11.321634124567879,5.837355689062176,-5.848567745702908,-1.1789073981821273e-13
41.681922998310796,15.788033596613761,11.318389812186798,5.838125317315855,-5.849904302670508,-1.8525687685719145e-13
41.68981499106118,15.781514729286021,11.315148827767295,5.838896483729441,-5.851241465987118,-1.515738083377021e-13
41.69770624437511,15.774995317315787,11.311911190655023,5.839669199898067,-5.8525792353354396,-1.1789073981821273e-13
41.70559675669019,15.768475358867002,11.308676920195639,5.840443477416941,-5.853917610399799,-1.0104920555846805e-13
41.71348652644391,15.761954852103843,11.305446035734796,5.841219327881349,-5.855256590866139,-1.1789073981821273e-13
41.7213755520737,15.75543379519067,11.30221855661815,5.841996762886648,-5.856596176422014,-1.515738083377021e-13
41.72926383201692,15.748912186292063,11.29899450219136,5.842775794028267,-5.857936366756594,-1.347322740779574e-13
41.73715136471084,15.742390023572822,11.29577389180007,5.843556432901718,-5.859277161560666,-1.6841534259744677e-13
41.745038148592656,15.735867305197933,11.292556744789946,5.844338691102575,-5.860618560526617,-1.347322740779574e-13
41.75292418209946,15.729344029332593,11.28934308050664,5.84512258022649,-5.861960563348447,-2.020984111169361e-13
41.760809463668316,15.722820194142216,11.2861329182958,5.845908111869193,-5.863303169721762,-1.6841534259744677e-13
41.768693991736185,15.716295797792425,11.282926277503089,5.846695297626477,-5.864646379343767,-1.6841534259744677e-13
41.776577764739905,15.709770838449018,11.279723177474162,5.847484149094214,-5.865990191913263,-1.6841534259744677e-13
41.784460781116316,15.70324531427804,11.27652363755467,5.8482746778683445,-5.867334607130664,-1.347322740779574e-13
41.79234303930213,15.696719223445719,11.27332767709027,5.8490668955448815,-5.868679624697964,-1.6841534259744677e-13
41.800224537733996,15.690192564118492,11.270135315426618,5.849860813719913,-5.870025244318764,-1.1789073981821273e-13
41.80810527484848,15.683665334463,11.266946571909367,5.850656443989594,-5.8713714656982505,-1.515738083377021e-13
41.81598524908208,15.677137532646096,11.263761465884171,5.851453797950152,-5.872718288543203,-1.6841534259744677e-13
41.82386445887121,15.670609156834823,11.260580016696691,5.852252887197881,-5.874065712561983,-1.347322740779574e-13
41.83174290265221,15.664080205196449,11.257402243692571,5.853053723329154,-5.875413737464546,-1.8525687685719145e-13
41.83962057886134,15.657550675898422,11.254228166217478,5.853856317940404,-5.876762362962425,-1.515738083377021e-13
41.8474974859348,15.651020567108418,11.251057803617062,5.85466068262814,-5.878111588768736,-1.515738083377021e-13
41.85537362230871,15.644489876994292,11.247891175236974,5.855466828988939,-5.8794614145981745,-1.0104920555846805e-13
41.86324898641909,15.637958603724126,11.244728300422874,5.856274768619445,-5.880811840167012,-8.420767129872338e-14
41.87112357670188,15.63142674546619,11.241569198520418,5.857084513116373,-5.882162865193095,-1.1789073981821273e-13
41.87899739159301,15.624894300388952,11.238413888875257,5.85789607407651,-5.8835144893958455,-5.0524602779234026e-14
41.886870429528265,15.6183612666611,11.235262390833048,5.8587094630967,-5.884866712496251,-1.6841534259744677e-13
41.89474268894341,15.611827642451509,11.232114723739445,5.859524691773864,-5.886219534216872,-8.420767129872338e-14
41.902614168274056,15.60529342592926,11.228970906940106,5.86034177170499,-5.887572954281832,-1.6841534259744677e-13
41.91048486595582,15.598758615263637,11.22583095978068,5.861160714487135,-5.888926972416822,-2.020984111169361e-13
41.91835478042425,15.592223208624128,11.222694901606827,5.861981531717413,-5.890281588349093,-1.8525687685719145e-13
41.92622391011474,15.585687204180413,11.219562751764203,5.862804234993012,-5.891636801807448,-2.020984111169361e-13
41.93409225346267,15.579150600102373,11.216434529598459,5.863628835911193,-5.8929926125222645,-8.420767129872338e-14
41.94195980890334,15.57261339456011,11.213310254455251,5.8644553460692705,-5.894349020225464,-1.515738083377021e-13
41.94982657487196,15.5660755857239,11.210189945680238,5.865283777064628,-5.895706024650518,-1.1789073981821273e-13
41.95769254980368,15.559537171764227,11.207073622619069,5.866114140494722,-5.89706362553246,-1.1789073981821273e-13
41.96555773213358,15.552998150851778,11.203961304617405,5.866946447957067,-5.898421822607862,-1.1789073981821273e-13
41.973422120296654,15.546458521157438,11.200853011020893,5.867780711049248,-5.899780615614851,-1.0104920555846805e-13
41.98128571272783,15.539918280852294,11.197748761175195,5.868616941368906,-5.901140004293096,-1.1789073981821273e-13
41.989148507861984,15.53337742810762,11.194648574425962,5.8694551505137555,-5.902499988383806,-1.347322740779574e-13
41.997010504133875,15.526835961094898,11.191552470118854,5.870295350081571,-5.903860567629728,-1.6841534259744677e-13
42.004871699978246,15.520293877985813,11.18846046759952,5.871137551670187,-5.905221741775157,-1.1789073981821273e-13
42.012732093829705,15.513751176952233,11.185372586213617,5.871981766877514,-5.906583510565914,-1.1789073981821273e-13
42.02059168412285,15.507207856166236,11.182288845306804,5.872828007301511,-5.907945873749358,-1.347322740779574e-13
42.028450469292174,15.500663913800086,11.179209264224731,5.873676284540207,-5.90930883107438,-1.1789073981821273e-13
42.0363084477721,15.49411934802626,11.176133862313057,5.874526610191696,-5.9106723822913985,-1.347322740779574e-13
42.04416561799699,15.487574157017411,11.173062658917432,5.875378995854131,-5.912036527152362,-1.347322740779574e-13
42.052021978401136,15.481028338946407,11.169995673383513,5.876233453125725,-5.913401265410741,-1.6841534259744677e-13
42.05987752741875,15.474481891986313,11.166932925056956,5.877089993604761,-5.914766596821531,-1.1789073981821273e-13
42.06773226348399,15.467934814310361,11.163874433283418,5.8779486288895715,-5.916132521141247,-1.0104920555846805e-13
42.075586185030915,15.46138710409201,11.160820217408547,5.878809370578562,-5.917499038127923,-1.515738083377021e-13
42.08343929049355,15.454838759504904,11.157770296778011,5.879672230270186,-5.918866147541107,-1.347322740779574e-13
42.09129157830583,15.448289778722879,11.154724690737448,5.88053721956298,-5.920233849141871,-2.020984111169361e-13
42.099143046901624,15.441740159919963,11.151683418632528,5.8814043500555115,-5.921602142692785,-1.347322740779574e-13
42.10699369471474,15.435189901270387,11.148646499808896,5.882273633346429,-5.922971027957935,-6.73661370389787e-14
42.11484352017889,15.428639000948575,11.145613953612212,5.883145081034437,-5.924340504702918,-1.1789073981821273e-13
42.12269252172776,15.42208745712913,11.142585799388131,5.884018704718293,-5.925710572694833,-8.420767129872338e-14
42.13054069779493,15.415535267986874,11.139562056482305,5.884894515996821,-5.927081231702284,-1.1789073981821273e-13
42.13838804681394,15.408982431696801,11.13654274424039,5.885772526468904,-5.928452481495376,-1.515738083377021e-13
42.146234567218244,15.402428946434108,11.133527882008044,5.886652747733471,-5.929824321845707,-1.0104920555846805e-13
42.15408025744123,15.395874810374178,11.13051748913092,5.887535191389524,-5.931196752526381,-1.8525687685719145e-13
42.161925115916226,15.38932002169259,11.127511584954672,5.888419869036123,-5.932569773311991,-2.3578147963642546e-13
42.1697691410765,15.382764578565117,11.124510188824951,5.889306792272376,-5.933943383978628,-1.0104920555846805e-13
42.17761233135523,15.376208479167728,11.121513320087423,5.8901959726974535,-5.935317584303863,-1.347322740779574e-13
42.18545468518553,15.36965172167657,11.118520998087734,5.891087421910587,-5.936692374066764,-1.1789073981821273e-13
42.19329620100047,15.363094304267989,11.115533242171544,5.891981151511058,-5.938067753047881,-2.020984111169361e-13
42.20113687723305,15.356536225118523,11.112550071684504,5.892877173098209,-5.939443721029252,-1.0104920555846805e-13
42.20897671231617,15.349977482404901,11.10957150597227,5.89377549827144,-5.940820277794389,-1.1789073981821273e-13
42.21681570468271,15.343418074304033,11.1065975643805,5.894676138630201,-5.942197423128292,-5.0524602779234026e-14
42.22465385276544,15.336857998993043,11.103628266254843,5.895579105774007,-5.94357515681743,-1.515738083377021e-13
42.23249115499712,15.330297254649217,11.10066363094096,5.896484411302415,-5.944953478649753,-1.347322740779574e-13
42.240327609810386,15.323735839450036,11.097703677784502,5.897392066815059,-5.946332388414682,-1.1789073981821273e-13
42.24816321563783,15.317173751573185,11.094748426131131,5.898302083911604,-5.947711885903103,-1.515738083377021e-13
42.255997970912006,15.310610989196535,11.09179789532649,5.899214474191787,-5.949091970907384,-8.420767129872338e-14
42.26383187406535,15.30404755049813,11.088852104716244,5.900129249255388,-5.9504726432213415,-1.515738083377021e-13
42.27166492353031,15.297483433656213,11.085911073646045,5.901046420702248,-5.95185390264027,-1.1789073981821273e-13
42.279497117739176,15.290918636849216,11.082974821461546,5.901966000132262,-5.953235748960922,-1.1789073981821273e-13
42.28732845512425,15.284353158255762,11.080043367508404,5.902887999145376,-5.954618181981509,-1.0104920555846805e-13
42.295158934117744,15.277786996054642,11.077116731132275,5.903812429341592,-5.956001201501697,-1.1789073981821273e-13
42.30298855315179,15.271220148424872,11.074194931678814,5.904739302320955,-5.957384807322608,-1.515738083377021e-13
42.31081731065847,15.264652613545604,11.071277988493673,5.90566862968358,-5.958768999246824,-6.73661370389787e-14
42.318645205069814,15.258084389596227,11.06836592092251,5.906600423029622,-5.9601537770783715,-2.020984111169361e-13
42.32647223481778,15.25151547475628,11.065458748310975,5.9075346939592945,-5.961539140622726,-1.1789073981821273e-13
42.334298398334255,15.244945867205516,11.062556490004729,5.9084714540728545,-5.96292508968681,-1.8525687685719145e-13
42.34212369405107,15.23837556512384,11.059659165349425,5.909410714970621,-5.9643116240789915,-1.347322740779574e-13
42.34994812039999,15.231804566691373,11.056766793690718,5.910352488252954,-5.965698743609081,-8.420767129872338e-14
42.35777167581274,15.225232870088417,11.053879394374263,5.911296785520277,-5.9670864480883266,-1.347322740779574e-13
42.36559435872095,15.21866047349544,11.050996986745712,5.912243618373056,-5.968474737329417,-1.347322740779574e-13
42.373416167556194,15.212087375093112,11.048119590150725,5.913192998411806,-5.969863611146474,-1.515738083377021e-13
42.38123710075002,15.205513573062284,11.045247223934956,5.914144937237098,-5.971253069355053,-1.6841534259744677e-13
42.38905715673387,15.198939065583978,11.042379907444056,5.915099446449548,-5.972643111772141,-1.347322740779574e-13
42.39687633393915,15.192363850839428,11.039517660023684,5.916056537649826,-5.974033738216155,-1.0104920555846805e-13
42.40469463079718,15.185787927010022,11.036660501019494,5.9170162224386464,-5.975424948506937,-1.515738083377021e-13
42.412512045739255,15.179211292277348,11.033808449777139,5.9179785124167825,-5.976816742465757,-1.515738083377021e-13
42.4203285771966,15.17263394482317,11.030961525642276,5.918943419185048,-5.978209119915303,-6.73661370389787e-14
42.42814422360034,15.166055882829445,11.028119747960561,5.9199109543442985,-5.979602080679685,-1.515738083377021e-13
42.4359589833816,15.159477104478293,11.025283136077647,5.920881129495459,-5.9809956245844305,-1.347322740779574e-13
42.44377285497141,15.152897607952037,11.022451709339192,5.921853956239479,-5.982389751456482,-1.1789073981821273e-13
42.45158583680074,15.146317391433165,11.019625487090844,5.922829446177377,-5.983784461124201,-1.515738083377021e-13
42.45939792730051,15.139736453104353,11.016804488678268,5.923807610910201,-5.985179753417352,-1.0104920555846805e-13
42.46720912490158,15.133154791148474,11.013988733447109,5.924788462039057,-5.986575628167117,-3.368306851948935e-14
42.47501942803474,15.12657240374855,11.01117824074303,5.925772011165097,-5.987972085206076,-1.347322740779574e-13
42.48282883513074,15.119989289087808,11.008373029911679,5.926758269889516,-5.989369124368224,-8.420767129872338e-14
42.49063734462026,15.113405445349645,11.005573120298719,5.927747249813555,-5.990766745488949,-1.1789073981821273e-13
42.498444954933916,15.106820870717641,11.002778531249799,5.928738962538505,-5.992164948405044,-1.0104920555846805e-13
42.50625166450229,15.10023556337556,10.999989282110578,5.929733419665703,-5.993563732954702,-6.73661370389787e-14
42.51405747175586,15.093649521507336,10.997205392226704,5.930730632796527,-5.994963098977507,-1.8525687685719145e-13
42.5218623751251,15.087062743297087,10.994426880943841,5.931730613532405,-5.9963630463144435,-1.1789073981821273e-13
42.52966637304038,15.080475226929108,10.991653767607636,5.93273337347481,-5.997763574807882,-1.6841534259744677e-13
42.53746946393206,15.073886970587882,10.988886071563746,5.933738924225253,-5.999164684301582,-1.347322740779574e-13
42.5452716462304,15.067297972458057,10.986123812157834,5.934747277385295,-6.000566374640693,-1.0104920555846805e-13
42.553072918365615,15.060708230724474,10.983367008735543,5.935758444556547,-6.0019686456717505,-1.515738083377021e-13
42.56087327876788,15.054117743572126,10.980615680642538,5.936772437340649,-6.00337149724267,-6.73661370389787e-14
42.568672725867295,15.047526509186214,10.977869847224468,5.9377892673393,-6.004774929202747,-1.0104920555846805e-13
42.576471258093896,15.040934525752098,10.975129527826992,5.938808946154232,-6.006178941402659,-8.420767129872338e-14
42.584268873877704,15.034341791455317,10.972394741795759,5.939831485387227,-6.007583533694458,-1.347322740779574e-13
42.59206557164864,15.027748304481596,10.96966550847643,5.940856896640101,-6.008988705931567,-1.515738083377021e-13
42.59986134983659,15.021154063016816,10.966941847214656,5.941885191514723,-6.010394457968785,-1.347322740779574e-13
42.607656206871376,15.014559065247056,10.964223777356095,5.942916381612998,-6.011800789662278,-1.0104920555846805e-13
42.61545014118277,15.007963309358566,10.961511318246401,5.943950478536875,-6.0132077008695815,-1.6841534259744677e-13
42.62324315120049,15.001366793537757,10.958804489231227,5.944987493888346,-6.014615191449595,-1.0104920555846805e-13
42.6310352353542,14.994769515971226,10.956103309656232,5.9460274392694386,-6.0160232612625775,-1.515738083377021e-13
42.63882639207349,14.98817147484575,10.953407798867065,5.94707032628223,-6.017431910170156,-1.515738083377021e-13
