galstreams/tracks/track.st.Cetus-Palca.yuan2021.ecsv
# %ECSV 0.9
# ---
# datatype:
# - {name: ra, unit: deg, datatype: float64}
# - {name: dec, unit: deg, datatype: float64}
# - {name: distance, unit: kpc, datatype: float64}
# - {name: pm_ra_cosdec, unit: mas / yr, datatype: float64}
# - {name: pm_dec, unit: mas / yr, datatype: float64}
# - {name: radial_velocity, unit: km / s, datatype: float64}
# delimiter: ','
# meta: !!omap
# - __serialized_columns__:
#     dec:
#       __class__: astropy.coordinates.angles.Latitude
#       unit: &id001 !astropy.units.Unit {unit: deg}
#       value: !astropy.table.SerializedColumn {name: dec}
#     distance:
#       __class__: astropy.coordinates.distances.Distance
#       unit: !astropy.units.Unit {unit: kpc}
#       value: !astropy.table.SerializedColumn {name: distance}
#     pm_dec:
#       __class__: astropy.units.quantity.Quantity
#       unit: !astropy.units.Unit {unit: mas / yr}
#       value: !astropy.table.SerializedColumn {name: pm_dec}
#     pm_ra_cosdec:
#       __class__: astropy.units.quantity.Quantity
#       unit: !astropy.units.Unit {unit: mas / yr}
#       value: !astropy.table.SerializedColumn {name: pm_ra_cosdec}
#     ra:
#       __class__: astropy.coordinates.angles.Longitude
#       unit: *id001
#       value: !astropy.table.SerializedColumn {name: ra}
#       wrap_angle: !astropy.coordinates.Angle
#         unit: *id001
#         value: 360.0
#     radial_velocity:
#       __class__: astropy.units.quantity.Quantity
#       unit: !astropy.units.Unit {unit: km / s}
#       value: !astropy.table.SerializedColumn {name: radial_velocity}
# schema: astropy-2.0
ra,dec,distance,pm_ra_cosdec,pm_dec,radial_velocity
[from data line 5626]
24.834351772851846,-13.847467556277472,38.13859958120726,0.7204820520711985,-0.572416688579876,-2.947268495455318e-14
24.835736723508646,-13.8587460682963,38.140452395903274,0.7205072539562987,-0.5724693260204428,-8.420767129872338e-15
24.83712204634368,-13.87002457401336,38.14230393688015,0.7205325288093609,-0.5725218205914662,-3.789345208442552e-14
24.838507741126655,-13.88130307349439,38.144154203004085,0.7205578766544938,-0.5725741722417489,-3.789345208442552e-14
24.839893807627,-13.89258156680493,38.14600319314147,0.720583297515774,-0.572626380920115,-4.210383564936169e-14
24.841280245614012,-13.903860054010776,38.14785090615893,0.7206087914172457,-0.5726784465754076,-3.789345208442552e-14
24.842667054856786,-13.915138535177832,38.14969734092329,0.720634358382921,-0.5727303691564889,-6.315575347404254e-14
24.84405423512421,-13.926417010371905,38.151542496301595,0.72065999843678,-0.5727821486122413,-6.315575347404254e-14
24.845441786185017,-13.93769547965909,38.15338637116112,0.7206857116027696,-0.5728337848915666,-6.315575347404254e-14
24.84682970780769,-13.948973943105377,38.15522896436932,0.7207114979048058,-0.5728852779433868,-6.315575347404254e-14
24.84821799976061,-13.960252400777028,38.15707027479387,0.7207373573667721,-0.5729366277166436,-3.789345208442552e-14
24.849606661811887,-13.971530852740184,38.15891030130269,0.720763290012519,-0.5729878341602977,-4.210383564936169e-14
24.850995693729512,-13.982809299061271,38.16074904276388,0.7207892958658648,-0.5730388972233309,-5.4734986344170195e-14
24.85238509528123,-13.994087739806597,38.16258649804579,0.7208153749505963,-0.5730898168547439,-5.0524602779234026e-14
24.853774866234637,-14.005366175042715,38.164422666016954,0.7208415272904676,-0.5731405930035575,-4.210383564936169e-14
24.855165006357154,-14.01664460483623,38.16625754554612,0.7208677529092005,-0.5731912256188129,-6.73661370389787e-14
24.856555515415966,-14.027923029253724,38.168091135502294,0.7208940518304839,-0.5732417146495704,-5.0524602779234026e-14
24.857946393178104,-14.039201448362023,38.169923434754665,0.7209204240779754,-0.5732920600449107,-5.894536990910637e-14
24.85933763941041,-14.05047986222783,38.17175444217265,0.7209468696752993,-0.5733422617539351,-4.210383564936169e-14
24.860729253879537,-14.061758270918174,38.1735841566259,0.7209733886460481,-0.5733923197257634,-4.631421921429786e-14
24.862121236351935,-14.073036674499916,38.17541257698425,0.7209999810137815,-0.5734422339095367,-5.0524602779234026e-14
24.86351358659392,-14.08431507304023,38.177239702117795,0.7210266468020272,-0.5734920042544159,-3.789345208442552e-14
24.864906304371544,-14.095593466606156,38.17906553089681,0.7210533860342804,-0.5735416307095821,-3.368306851948935e-14
24.866299389450745,-14.106871855264973,38.180890062191814,0.7210801987340038,-0.573591113224236,-2.5262301389617013e-14
24.867692841597247,-14.118150239084043,38.18271329487358,0.7211070849246269,-0.5736404517475988,-4.631421921429786e-14
24.869086660576567,-14.129428618130659,38.18453522781305,0.7211340446295479,-0.5736896462289112,-3.789345208442552e-14
24.870480846154084,-14.14070699247238,38.1863558598814,0.7211610778721322,-0.573738696617436,-5.894536990910637e-14
24.871875398094957,-14.151985362176676,38.18817518995003,0.7211881846757124,-0.5737876028624542,-3.368306851948935e-14
24.873270316164167,-14.163263727311207,38.18999321689059,0.7212153650635892,-0.573836364913268,-2.5262301389617013e-14
24.874665600126534,-14.174542087943774,38.19180993957495,0.7212426190590293,-0.5738849827191992,-5.4734986344170195e-14
24.87606124974664,-14.185820444142037,38.19362535687516,0.7212699466852689,-0.5739334562295908,-2.5262301389617013e-14
24.87745726478896,-14.197098795973996,38.19543946766354,0.72129734796551,-0.5739817853938056,-5.4734986344170195e-14
24.878853645017706,-14.208377143507496,38.19725227081262,0.721324822922923,-0.5740299701612271,-3.368306851948935e-14
24.880250390196966,-14.219655486810629,38.199063765195156,0.7213523715806451,-0.5740780104812587,-3.789345208442552e-14
24.88164750009063,-14.230933825951574,38.20087394968413,0.7213799939617819,-0.5741259063033245,-3.789345208442552e-14
24.883044974462386,-14.242212160998468,38.20268282315277,0.7214076900894051,-0.5741736575768692,-3.368306851948935e-14
24.88444281307573,-14.253490492019539,38.20449038447452,0.721435459986554,-0.5742212642513573,-3.789345208442552e-14
24.885841015694023,-14.264768819083228,38.20629663252302,0.7214633036762362,-0.5742687262762748,-2.947268495455318e-14
24.887239582080422,-14.276047142257985,38.20810156617218,0.7214912211814264,-0.5743160436011275,-4.210383564936169e-14
24.888638511997875,-14.287325461612266,38.209905184296154,0.7215192125250657,-0.5743632161754417,-6.315575347404254e-14
24.890037805209193,-14.298603777214765,38.21170748576927,0.7215472777300634,-0.5744102439487646,-4.631421921429786e-14
24.89143746147696,-14.309882089134053,38.21350846946612,0.7215754168192955,-0.574457126870664,-5.0524602779234026e-14
24.892837480563603,-14.321160397438966,38.21530813426155,0.721603629815606,-0.5745038648907281,-2.947268495455318e-14
24.89423786223139,-14.332438702198386,38.217106479030576,0.7216319167418058,-0.5745504579585659,-2.5262301389617013e-14
24.895638606242347,-14.343717003481132,38.21890350264851,0.7216602776206731,-0.5745969060238071,-6.315575347404254e-14
24.897039712358392,-14.354995301356325,38.220699203990854,0.7216887124749529,-0.5746432090361018,-6.315575347404254e-14
24.898441180341187,-14.366273595892933,38.222493581933364,0.7217172213273586,-0.574689366945121,-4.631421921429786e-14
24.899843009952285,-14.377551887160248,38.22428663535203,0.7217458042005696,-0.5747353797005572,-3.368306851948935e-14
24.901245200952996,-14.388830175227366,38.22607836312306,0.7217744611172328,-0.5747812472521221,-3.789345208442552e-14
24.9026477531045,-14.400108460163757,38.22786876412292,0.7218031920999624,-0.5748269695495497,-2.947268495455318e-14
24.90405066616776,-14.41138674203871,38.22965783722827,0.7218319971713408,-0.574872546542594,-2.1051917824680846e-14
24.905453939903577,-14.422665020921752,38.23144558131608,0.7218608763539155,-0.57491797818103,-4.210383564936169e-14
24.906857574072585,-14.433943296882514,38.23323199526347,0.7218898296702032,-0.5749632644146543,-5.894536990910637e-14
24.908261568435204,-14.445221569990514,38.23501707794786,0.7219188571426862,-0.5750084051932834,-5.4734986344170195e-14
24.909665922751724,-14.456499840315603,38.236800828246885,0.7219479587938148,-0.5750534004667546,-4.210383564936169e-14
24.91107063678219,-14.467778107927478,38.23858324503841,0.7219771346460062,-0.5750982501849278,-3.789345208442552e-14
24.91247571028651,-14.47905637289605,38.240364327200574,0.722006384721644,-0.575142954297682,-4.631421921429786e-14
24.913881143024437,-14.490334635291354,38.242144073611705,0.7220357090430806,-0.5751875127549182,-3.789345208442552e-14
24.915286934755486,-14.501612895183325,38.243922483150385,0.7220651076326334,-0.5752319255065586,-4.631421921429786e-14
24.91669308523905,-14.512891152642187,38.24569955469549,0.7220945805125882,-0.5752761925025459,-5.4734986344170195e-14
24.918099594234288,-14.524169407738023,38.247475287126036,0.7221241277051976,-0.5753203136928443,-6.315575347404254e-14
24.919506461500244,-14.535447660541239,38.24924967932139,0.722153749232681,-0.5753642890274387,-4.210383564936169e-14
24.920913686795725,-14.546725911122069,38.25102273016107,0.7221834451172251,-0.5754081184563357,-6.315575347404254e-14
24.922321269879408,-14.558004159551066,38.25279443852488,0.7222132153809832,-0.575451801929563,-2.947268495455318e-14
24.92372921050974,-14.56928240589864,38.254564803292894,0.7222430600460755,-0.575495339397169,-4.210383564936169e-14
24.92513750844505,-14.580560650235423,38.256333823345365,0.7222729791345898,-0.5755387308092237,-4.210383564936169e-14
24.92654616344348,-14.591838892632165,38.25810149756282,0.7223029726685808,-0.5755819761158186,-3.368306851948935e-14
24.92795517526293,-14.60311713315949,38.25986782482606,0.7223330406700692,-0.5756250752670659,-4.210383564936169e-14
24.929364543661215,-14.614395371888369,38.26163280401608,0.7223631831610438,-0.5756680282130997,-4.210383564936169e-14
24.93077426839591,-14.625673608889564,38.26339643401414,0.7223934001634597,-0.5757108349040752,-3.789345208442552e-14
24.93218434922443,-14.636951844234153,38.26515871370177,0.722423691699239,-0.5757534952901685,-2.5262301389617013e-14
24.933594785904045,-14.648230077993235,38.26691964196072,0.7224540577902703,-0.5757960093215779,-1.6841534259744676e-14
24.935005578191795,-14.659508310237893,38.268679217673,0.7224844984584096,-0.5758383769485228,-5.894536990910637e-14
24.936416725844584,-14.670786541039343,38.27043743972082,0.7225150137254804,-0.5758805981212439,-5.0524602779234026e-14
24.937828228619125,-14.682064770468894,38.27219430698673,0.7225456036132716,-0.5759226727900036,-2.5262301389617013e-14
24.939240086271976,-14.693342998598004,38.27394981835348,0.7225762681435393,-0.5759646009050852,-2.1051917824680846e-14
24.94065229855949,-14.70462122549802,38.27570397270402,0.7226070073380072,-0.5760063824167949,-5.4734986344170195e-14
24.942064865237864,-14.715899451240588,38.27745676892163,0.7226378212183655,-0.576048017275459,-5.0524602779234026e-14
24.94347778606311,-14.727177675897211,38.27920820588982,0.7226687098062704,-0.5760895054314258,-3.368306851948935e-14
24.94489106079107,-14.738455899539643,38.28095828249232,0.7226996731233456,-0.5761308468350657,-5.894536990910637e-14
24.94630468917745,-14.749734122239705,38.28270699761312,0.7227307111911822,-0.5761720414367703,-2.5262301389617013e-14
24.94771867097769,-14.761012344069144,38.284454350136514,0.722761824031336,-0.5762130891869527,-5.894536990910637e-14
24.94913300594716,-14.772290565099981,38.286200338946955,0.722793011665332,-0.5762539900360484,-6.73661370389787e-14
24.950547693840985,-14.783568785404139,38.287944962929224,0.7228242741146605,-0.576294743934514,-4.210383564936169e-14
24.951962734414145,-14.79484700505373,38.28968822096833,0.7228556114007785,-0.5763353508328277,-5.4734986344170195e-14
24.95337812742145,-14.806125224120976,38.29143011194956,0.7228870235451101,-0.5763758106814901,-6.315575347404254e-14
24.95479387261753,-14.817403442678085,38.29317063475841,0.7229185105690457,-0.5764161234310231,-2.947268495455318e-14
24.956209969756816,-14.82868166079728,38.29490978828065,0.7229500724939429,-0.5764562890319704,-4.631421921429786e-14
24.957626418593623,-14.839959878551028,38.29664757140232,0.7229817093411259,-0.5764963074348988,-6.315575347404254e-14
24.95904321888206,-14.851238096011858,38.29838398300973,0.7230134211318844,-0.5765361785903942,-5.4734986344170195e-14
24.960460370376055,-14.862516313252202,38.300119021989374,0.723045207887477,-0.5765759024490675,-3.789345208442552e-14
24.961877872829387,-14.8737945303448,38.301852687228084,0.7230770696291265,-0.5766154789615497,-7.578690416885104e-14
24.963295725995643,-14.88507274736224,38.303584977612935,0.7231090063780237,-0.5766549080784941,-3.789345208442552e-14
24.964713929628243,-14.896350964377369,38.30531589203121,0.7231410181553255,-0.576694189750576,-3.789345208442552e-14
24.966132483480486,-14.907629181463077,38.30704542937049,0.7231731049821558,-0.5767333239284927,-5.0524602779234026e-14
24.96755138730539,-14.918907398692209,38.30877358851864,0.7232052668796044,-0.5767723105629643,-5.4734986344170195e-14
24.968970640855925,-14.930185616137889,38.310500368363726,0.7232375038687284,-0.5768111496047317,-1.6841534259744676e-14
24.970390243884772,-14.94146383387306,38.312225767794104,0.7232698159705511,-0.5768498410045585,-5.894536990910637e-14
24.97181019614455,-14.952742051970981,38.31394978569841,0.7233022032060619,-0.5768883847132306,-2.947268495455318e-14
24.97323049738766,-14.96402027050494,38.315672420965505,0.7233346655962175,-0.5769267806815556,-4.210383564936169e-14
24.97465114736631,-14.975298489548189,38.31739367248454,0.7233672031619401,-0.5769650288603638,-5.0524602779234026e-14
24.976072145832557,-14.986576709174079,38.31911353914491,0.7233998159241201,-0.5770031292005073,-6.315575347404254e-14
24.977493492538304,-14.997854929456127,38.32083201983627,0.7234325039036119,-0.5770410816528607,-5.4734986344170195e-14
24.978915187235277,-15.009133150467944,38.32254911344859,0.7234652671212384,-0.57707888616832,-5.894536990910637e-14
24.98033722967502,-15.020411372283048,38.32426481887202,0.7234981055977883,-0.5771165426978049,-6.315575347404254e-14
24.981759619608916,-15.031689594975244,38.325979134997034,0.7235310193540163,-0.577154051192256,-7.157652060391487e-14
24.983182356788177,-15.042967818618207,38.327692060714355,0.7235640084106443,-0.577191411602638,-5.0524602779234026e-14
24.98460544096385,-15.054246043285836,38.32940359491498,0.7235970727883597,-0.5772286238799357,-4.631421921429786e-14
24.986028871886823,-15.065524269052124,38.33111373649015,0.7236302125078173,-0.5772656879751579,-2.947268495455318e-14
24.987452649307784,-15.076802495990965,38.3328224843314,0.7236634275896375,-0.5773026038393352,-3.789345208442552e-14
24.988876772977296,-15.088080724176548,38.33452983733052,0.7236967180544072,-0.5773393714235209,-3.789345208442552e-14
24.9903012426457,-15.099358953682927,38.33623579437956,0.7237300839226799,-0.5773759906787908,-8.420767129872338e-14
24.991726058063243,-15.110637184584458,38.33794035437084,0.7237635252149752,-0.5774124615562427,-3.368306851948935e-14
24.993151218979914,-15.121915416955321,38.33964351619699,0.723797041951779,-0.5774487840069971,-5.0524602779234026e-14
24.994576725145624,-15.133193650870036,38.34134527875084,0.7238306341535437,-0.5774849579821978,-4.210383564936169e-14
24.99600257631004,-15.144471886402918,38.34304564092552,0.7238643018406882,-0.5775209834330105,-3.368306851948935e-14
24.99742877222272,-15.155750123628597,38.34474460161446,0.7238980450335972,-0.5775568603106234,-4.210383564936169e-14
24.998855312633033,-15.167028362621723,38.34644215971132,0.723931863752622,-0.5775925885662467,-5.0524602779234026e-14
25.00028219729016,-15.178306603456887,38.34813831411006,0.7239657580180798,-0.5776281681511155,-4.631421921429786e-14
25.001709425943172,-15.189584846208954,38.34983306370488,0.7239997278502547,-0.5776635990164852,-4.631421921429786e-14
25.00313699834091,-15.200863090952657,38.35152640739028,0.7240337732693961,-0.5776988811136352,-5.894536990910637e-14
25.004564914232077,-15.212141337762969,38.35321834406105,0.7240678942957202,-0.5777340143938673,-3.368306851948935e-14
25.005993173365237,-15.22341958671494,38.35490887261221,0.7241020909494099,-0.5777689988085055,-3.789345208442552e-14
25.007421775488734,-15.234697837883516,38.35659799193906,0.7241363632506131,-0.5778038343088976,-4.210383564936169e-14
25.00885072035079,-15.245976091343953,38.35828570093721,0.7241707112194451,-0.5778385208464136,-6.73661370389787e-14
25.010280007699436,-15.257254347171372,38.35997199850251,0.7242051348759861,-0.5778730583724468,-3.789345208442552e-14
25.011709637282564,-15.26853260544116,38.36165688353111,0.7242396342402837,-0.5779074468384126,-3.789345208442552e-14
25.013139608847865,-15.279810866228583,38.36334035491943,0.7242742093323509,-0.5779416861957496,-2.1051917824680846e-14
25.01456992214291,-15.291089129609176,38.36502241156414,0.7243088601721669,-0.57797577639592,-3.789345208442552e-14
25.01600057691505,-15.302367395658358,38.36670305236224,0.724343586779677,-0.5780097173904081,-3.368306851948935e-14
25.017431572911523,-15.313645664451787,38.368382276210966,0.7243783891747932,-0.5780435091307216,-4.631421921429786e-14
25.0188629098794,-15.32492393606516,38.37006008200783,0.7244132673773931,-0.578077151568391,-5.4734986344170195e-14
25.02029458756554,-15.336202210574136,38.37173646865067,0.7244482214073198,-0.5781106446549698,-5.4734986344170195e-14
25.02172660571669,-15.347480488054622,38.373411435037546,0.7244832512843836,-0.5781439883420346,-5.4734986344170195e-14
