galstreams/tracks/track.st.NGC5466.grillmair2006.ecsv
# %ECSV 1.0
# ---
# datatype:
# - {name: ra, unit: deg, datatype: float64}
# - {name: dec, unit: deg, datatype: float64}
# - {name: distance, unit: kpc, datatype: float64}
# - {name: pm_ra_cosdec, unit: mas / yr, datatype: float64}
# - {name: pm_dec, unit: mas / yr, datatype: float64}
# - {name: radial_velocity, unit: km / s, datatype: float64}
# delimiter: ','
# meta: !!omap
# - __serialized_columns__:
#     dec:
#       __class__: astropy.coordinates.angles.Latitude
#       unit: &id001 !astropy.units.Unit {unit: deg}
#       value: !astropy.table.SerializedColumn {name: dec}
#     distance:
#       __class__: astropy.coordinates.distances.Distance
#       unit: !astropy.units.Unit {unit: kpc}
#       value: !astropy.table.SerializedColumn {name: distance}
#     pm_dec:
#       __class__: astropy.units.quantity.Quantity
#       unit: !astropy.units.Unit {unit: mas / yr}
#       value: !astropy.table.SerializedColumn {name: pm_dec}
#     pm_ra_cosdec:
#       __class__: astropy.units.quantity.Quantity
#       unit: !astropy.units.Unit {unit: mas / yr}
#       value: !astropy.table.SerializedColumn {name: pm_ra_cosdec}
#     ra:
#       __class__: astropy.coordinates.angles.Longitude
#       unit: *id001
#       value: !astropy.table.SerializedColumn {name: ra}
#       wrap_angle: !astropy.coordinates.Angle
#         unit: *id001
#         value: 360.0
#     radial_velocity:
#       __class__: astropy.units.quantity.Quantity
#       unit: !astropy.units.Unit {unit: km / s}
#       value: !astropy.table.SerializedColumn {name: radial_velocity}
# schema: astropy-2.0
ra,dec,distance,pm_ra_cosdec,pm_dec,radial_velocity
[from data line 4289]
183.47788033440068,39.13715337391402,16.6,0.0,0.0,0.0
183.46538290099892,39.13965354340127,16.600000000000005,0.0,0.0,0.0
183.45288450188994,39.14215217615818,16.6,0.0,0.0,0.0
183.4403851375765,39.14464927212106,16.6,0.0,0.0,0.0
183.4278848085616,39.14714483122647,16.6,0.0,0.0,0.0
183.4153835153484,39.1496388534111,16.6,0.0,0.0,0.0
183.4028812584404,39.15213133861176,16.6,0.0,0.0,0.0
183.3903780383413,39.15462228676546,16.6,0.0,0.0,0.0
183.37787385555504,39.15711169780937,16.6,0.0,0.0,0.0
183.36536871058573,39.159599571680744,16.6,0.0,0.0,0.0
183.35286260393784,39.16208590831708,16.6,0.0,0.0,0.0
183.34035553611594,39.16457070765598,16.6,0.0,0.0,0.0
183.3278475076249,39.16705396963522,16.6,0.0,0.0,0.0
183.31533851896987,39.16953569419271,16.6,0.0,0.0,0.0
183.30282857065615,39.172015881266525,16.6,0.0,0.0,0.0
183.2903176631893,39.174494530794895,16.600000000000005,0.0,0.0,0.0
183.27780579707513,39.17697164271619,16.6,0.0,0.0,0.0
183.26529297281974,39.17944721696895,16.600000000000005,0.0,0.0,0.0
183.25277919092926,39.181921253491865,16.6,0.0,0.0,0.0
183.24026445191026,39.18439375222377,16.6,0.0,0.0,0.0
183.22774875626948,39.18686471310364,16.6,0.0,0.0,0.0
183.21523210451383,39.18933413607061,16.6,0.0,0.0,0.0
183.20271449715054,39.191802021063985,16.6,0.0,0.0,0.0
183.190195934687,39.19426836802319,16.6,0.0,0.0,0.0
183.1776764176309,39.19673317688781,16.6,0.0,0.0,0.0
183.16515594649007,39.199196447597586,16.6,0.0,0.0,0.0
183.15263452177265,39.201658180092416,16.6,0.0,0.0,0.0
183.14011214398695,39.204118374312316,16.6,0.0,0.0,0.0
183.12758881364158,39.20657703019749,16.6,0.0,0.0,0.0
183.11506453124528,39.20903414768824,16.6,0.0,0.0,0.0
183.10253929730712,39.21148972672508,16.6,0.0,0.0,0.0
183.09001311233632,39.213943767248615,16.600000000000005,0.0,0.0,0.0
183.07748597684235,39.21639626919963,16.6,0.0,0.0,0.0
183.06495789133496,39.21884723251903,16.600000000000005,0.0,0.0,0.0
183.05242885632398,39.22129665714789,16.6,0.0,0.0,0.0
183.0398988723197,39.223744543027436,16.6,0.0,0.0,0.0
183.02736793983243,39.22619089009902,16.6,0.0,0.0,0.0
183.01483605937275,39.228635698304124,16.6,0.0,0.0,0.0
183.0023032314516,39.23107896758441,16.6,0.0,0.0,0.0
182.98976945657995,39.23352069788169,16.6,0.0,0.0,0.0
182.97723473526906,39.23596088913788,16.6,0.0,0.0,0.0
182.96469906803054,39.23839954129506,16.6,0.0,0.0,0.0
182.95216245537605,39.24083665429547,16.600000000000005,0.0,0.0,0.0
182.9396248978176,39.24327222808147,16.6,0.0,0.0,0.0
182.9270863958673,39.245706262595576,16.6,0.0,0.0,0.0
182.91454695003762,39.24813875778043,16.6,0.0,0.0,0.0
182.90200656084113,39.25056971357885,16.600000000000005,0.0,0.0,0.0
182.88946522879075,39.25299912993375,16.600000000000005,0.0,0.0,0.0
182.8769229543995,39.25542700678821,16.600000000000005,0.0,0.0,0.0
182.86437973818067,39.257853344085476,16.6,0.0,0.0,0.0
182.8518355806478,39.260278141768886,16.6,0.0,0.0,0.0
182.8392904823146,39.262701399781946,16.6,0.0,0.0,0.0
182.82674444369508,39.2651231180683,16.6,0.0,0.0,0.0
182.81419746530335,39.26754329657173,16.599999999999998,0.0,0.0,0.0
182.80164954765385,39.269961935236154,16.600000000000005,0.0,0.0,0.0
182.7891006912612,39.272379034005624,16.6,0.0,0.0,0.0
182.7765508966402,39.27479459282436,16.600000000000005,0.0,0.0,0.0
182.76400016430594,39.27720861163668,16.6,0.0,0.0,0.0
182.75144849477374,39.27962109038707,16.599999999999998,0.0,0.0,0.0
182.738895888559,39.28203202902013,16.6,0.0,0.0,0.0
182.7263423461775,39.284441427480616,16.6,0.0,0.0,0.0
182.71378786814515,39.28684928571342,16.6,0.0,0.0,0.0
182.70123245497808,39.28925560366355,16.6,0.0,0.0,0.0
182.6886761071927,39.29166038127618,16.6,0.0,0.0,0.0
182.67611882530556,39.294063618496594,16.6,0.0,0.0,0.0
182.6635606098335,39.29646531527025,16.6,0.0,0.0,0.0
182.65100146129348,39.29886547154266,16.599999999999998,0.0,0.0,0.0
182.63844138020278,39.30126408725958,16.600000000000005,0.0,0.0,0.0
182.62588036707882,39.303661162366815,16.6,0.0,0.0,0.0
182.6133184224393,39.30605669681034,16.600000000000005,0.0,0.0,0.0
182.60075554680205,39.30845069053626,16.6,0.0,0.0,0.0
182.58819174068523,39.310843143490814,16.6,0.0,0.0,0.0
182.57562700460707,39.31323405562035,16.6,0.0,0.0,0.0
182.56306133908615,39.3156234268714,16.6,0.0,0.0,0.0
182.5504947446412,39.31801125719057,16.600000000000005,0.0,0.0,0.0
182.5379272217912,39.320397546524646,16.6,0.0,0.0,0.0
182.52535877105524,39.32278229482054,16.6,0.0,0.0,0.0
182.51278939295275,39.32516550202524,16.6,0.0,0.0,0.0
182.5002190880033,39.327547168085935,16.600000000000005,0.0,0.0,0.0
182.4876478567267,39.32992729294991,16.600000000000005,0.0,0.0,0.0
182.47507569964299,39.33230587656458,16.6,0.0,0.0,0.0
182.46250261727238,39.334682918877505,16.6,0.0,0.0,0.0
182.4499286101353,39.33705841983635,16.6,0.0,0.0,0.0
182.43735367875237,39.33943237938894,16.600000000000005,0.0,0.0,0.0
182.42477782364452,39.34180479748321,16.6,0.0,0.0,0.0
182.41220104533275,39.34417567406722,16.6,0.0,0.0,0.0
182.39962334433838,39.34654500908916,16.6,0.0,0.0,0.0
182.38704472118292,39.34891280249738,16.6,0.0,0.0,0.0
182.37446517638801,39.351279054240294,16.6,0.0,0.0,0.0
182.36188471047564,39.3536437642665,16.6,0.0,0.0,0.0
182.34930332396783,39.3560069325247,16.600000000000005,0.0,0.0,0.0
182.336721017387,39.358368558963704,16.600000000000005,0.0,0.0,0.0
182.32413779125562,39.3607286435325,16.600000000000005,0.0,0.0,0.0
182.31155364609646,39.363087186180145,16.6,0.0,0.0,0.0
182.29896858243248,39.36544418685585,16.600000000000005,0.0,0.0,0.0
182.28638260078682,39.367799645508946,16.6,0.0,0.0,0.0
182.27379570168287,39.3701535620889,16.6,0.0,0.0,0.0
182.26120788564418,39.37250593654528,16.6,0.0,0.0,0.0
182.2486191531945,39.3748567688278,16.600000000000005,0.0,0.0,0.0
182.2360295048579,39.37720605888626,16.6,0.0,0.0,0.0
182.2234389411585,39.37955380667064,16.6,0.0,0.0,0.0
182.2108474626207,39.38190001213101,16.600000000000005,0.0,0.0,0.0
182.19825506976917,39.384244675217545,16.6,0.0,0.0,0.0
182.18566176312862,39.386587795880594,16.600000000000005,0.0,0.0,0.0
182.17306754322408,39.38892937407056,16.600000000000005,0.0,0.0,0.0
182.16047241058087,39.39126940973803,16.600000000000005,0.0,0.0,0.0
182.14787636572427,39.39360790283367,16.6,0.0,0.0,0.0
182.13527940917996,39.39594485330829,16.6,0.0,0.0,0.0
182.1226815414738,39.39828026111281,16.6,0.0,0.0,0.0
182.11008276313177,39.40061412619827,16.599999999999998,0.0,0.0,0.0
182.09748307468013,39.40294644851585,16.6,0.0,0.0,0.0
182.0848824766453,39.40527722801678,16.600000000000005,0.0,0.0,0.0
182.07228096955393,39.40760646465252,16.6,0.0,0.0,0.0
182.05967855393286,39.40993415837454,16.600000000000005,0.0,0.0,0.0
182.04707523030908,39.41226030913451,16.600000000000005,0.0,0.0,0.0
182.03447099920993,39.41458491688417,16.6,0.0,0.0,0.0
182.02186586116272,39.416907981575385,16.6,0.0,0.0,0.0
182.00925981669522,39.419229503160146,16.6,0.0,0.0,0.0
181.9966528663352,39.421549481590574,16.6,0.0,0.0,0.0
181.98404501061074,39.42386791681885,16.6,0.0,0.0,0.0
181.97143625005006,39.42618480879735,16.6,0.0,0.0,0.0
181.9588265851816,39.42850015747852,16.6,0.0,0.0,0.0
181.94621601653404,39.4308139628149,16.6,0.0,0.0,0.0
181.93360454463613,39.43312622475922,16.6,0.0,0.0,0.0
181.920992170017,39.435436943264214,16.6,0.0,0.0,0.0
181.90837889320585,39.437746118282845,16.600000000000005,0.0,0.0,0.0
181.89576471473214,39.44005374976811,16.6,0.0,0.0,0.0
181.88314963512545,39.442359837673166,16.600000000000005,0.0,0.0,0.0
181.87053365491565,39.44466438195125,16.6,0.0,0.0,0.0
181.85791677463277,39.44696738255573,16.6,0.0,0.0,0.0
181.845298994807,39.44926883944008,16.599999999999998,0.0,0.0,0.0
181.83268031596876,39.45156875255789,16.599999999999998,0.0,0.0,0.0
181.82006073864872,39.45386712186284,16.6,0.0,0.0,0.0
181.80744026337766,39.45616394730878,16.6,0.0,0.0,0.0
181.79481889068657,39.458459228849605,16.6,0.0,0.0,0.0
181.78219662110664,39.460752966439344,16.600000000000005,0.0,0.0,0.0
181.7695734551693,39.46304516003215,16.6,0.0,0.0,0.0
181.75694939340613,39.46533580958227,16.600000000000005,0.0,0.0,0.0
181.74432443634893,39.46762491504406,16.6,0.0,0.0,0.0
181.73169858452968,39.469912476372016,16.6,0.0,0.0,0.0
181.71907183848052,39.47219849352067,16.6,0.0,0.0,0.0
181.70644419873383,39.474482966444754,16.600000000000005,0.0,0.0,0.0
181.69381566582217,39.476765895099035,16.600000000000005,0.0,0.0,0.0
181.6811862402783,39.47904727943843,16.6,0.0,0.0,0.0
181.66855592263516,39.48132711941794,16.6,0.0,0.0,0.0
181.65592471342592,39.483605414992695,16.6,0.0,0.0,0.0
181.64329261318383,39.48588216611789,16.6,0.0,0.0,0.0
181.63065962244247,39.48815737274888,16.600000000000005,0.0,0.0,0.0
181.61802574173555,39.4904310348411,16.6,0.0,0.0,0.0
181.60539097159696,39.492703152350074,16.6,0.0,0.0,0.0
181.59275531256077,39.49497372523147,16.6,0.0,0.0,0.0
181.58011876516133,39.497242753441,16.6,0.0,0.0,0.0
181.56748132993306,39.49951023693455,16.6,0.0,0.0,0.0
181.5548430074106,39.50177617566808,16.599999999999998,0.0,0.0,0.0
181.54220379812887,39.50404056959763,16.6,0.0,0.0,0.0
181.52956370262285,39.50630341867939,16.6,0.0,0.0,0.0
181.51692272142782,39.50856472286961,16.6,0.0,0.0,0.0
181.50428085507917,39.51082448212465,16.6,0.0,0.0,0.0
181.49163810411252,39.51308269640102,16.600000000000005,0.0,0.0,0.0
181.47899446906368,39.51533936565526,16.6,0.0,0.0,0.0
181.46634995046858,39.517594489844036,16.6,0.0,0.0,0.0
181.45370454886347,39.51984806892418,16.6,0.0,0.0,0.0
181.44105826478463,39.52210010285252,16.6,0.0,0.0,0.0
181.42841109876866,39.52435059158604,16.6,0.0,0.0,0.0
181.41576305135226,39.52659953508184,16.6,0.0,0.0,0.0
181.40311412307238,39.52884693329707,16.600000000000005,0.0,0.0,0.0
181.3904643144661,39.531092786189014,16.600000000000005,0.0,0.0,0.0
181.3778136260707,39.533337093715055,16.6,0.0,0.0,0.0
181.36516205842366,39.535579855832665,16.6,0.0,0.0,0.0
181.35250961206265,39.5378210724994,16.600000000000005,0.0,0.0,0.0
181.33985628752552,39.540060743672946,16.6,0.0,0.0,0.0
181.32720208535028,39.54229886931106,16.6,0.0,0.0,0.0
181.31454700607517,39.54453544937161,16.6,0.0,0.0,0.0
181.30189105023857,39.54677048381255,16.600000000000005,0.0,0.0,0.0
181.28923421837905,39.54900397259195,16.6,0.0,0.0,0.0
181.2765765110354,39.55123591566794,16.6,0.0,0.0,0.0
181.26391792874654,39.553466312998786,16.6,0.0,0.0,0.0
181.2512584720516,39.55569516454282,16.6,0.0,0.0,0.0
181.23859814148992,39.55792247025848,16.6,0.0,0.0,0.0
181.225936937601,39.560148230104296,16.600000000000005,0.0,0.0,0.0
181.21327486092449,39.5623724440389,16.6,0.0,0.0,0.0
181.20061191200023,39.564595112021,16.600000000000005,0.0,0.0,0.0
181.18794809136833,39.56681623400942,16.6,0.0,0.0,0.0
181.17528339956894,39.569035809963076,16.6,0.0,0.0,0.0
181.1626178371425,39.571253839840935,16.600000000000005,0.0,0.0,0.0
181.14995140462955,39.5734703236021,16.6,0.0,0.0,0.0
181.13728410257087,39.57568526120577,16.600000000000005,0.0,0.0,0.0
181.12461593150746,39.577898652611196,16.6,0.0,0.0,0.0
181.11194689198038,39.580110497777746,16.6,0.0,0.0,0.0
181.09927698453092,39.58232079666489,16.6,0.0,0.0,0.0
181.08660620970062,39.58452954923216,16.6,0.0,0.0,0.0
181.0739345680311,39.586736755439176,16.6,0.0,0.0,0.0
181.06126206006414,39.58894241524569,16.6,0.0,0.0,0.0
181.04858868634187,39.59114652861151,16.6,0.0,0.0,0.0
181.0359144474064,39.59334909549653,16.6,0.0,0.0,0.0
181.02323934380016,39.595550115860746,16.6,0.0,0.0,0.0
181.01056337606565,39.59774958966423,16.6,0.0,0.0,0.0
180.9978865447456,39.599947516867154,16.6,0.0,0.0,0.0
180.98520885038295,39.602143897429784,16.6,0.0,0.0,0.0
180.97253029352072,39.60433873131244,16.6,0.0,0.0,0.0
180.95985087470223,39.60653201847557,16.6,0.0,0.0,0.0
180.94717059447083,39.60872375887966,16.6,0.0,0.0,0.0
180.9344894533702,39.610913952485355,16.6,0.0,0.0,0.0
180.9218074519441,39.61310259925329,16.600000000000005,0.0,0.0,0.0
