galstreams/tracks/track.st.M2.grillmair2022.ecsv
# %ECSV 1.0
# ---
# datatype:
# - {name: ra, unit: deg, datatype: float64}
# - {name: dec, unit: deg, datatype: float64}
# - {name: distance, unit: kpc, datatype: float64}
# - {name: pm_ra_cosdec, unit: mas / yr, datatype: float64}
# - {name: pm_dec, unit: mas / yr, datatype: float64}
# - {name: radial_velocity, unit: km / s, datatype: float64}
# delimiter: ','
# meta: !!omap
# - __serialized_columns__:
#     dec:
#       __class__: astropy.coordinates.angles.Latitude
#       unit: &id001 !astropy.units.Unit {unit: deg}
#       value: !astropy.table.SerializedColumn {name: dec}
#     distance:
#       __class__: astropy.coordinates.distances.Distance
#       unit: !astropy.units.Unit {unit: kpc}
#       value: !astropy.table.SerializedColumn {name: distance}
#     pm_dec:
#       __class__: astropy.units.quantity.Quantity
#       unit: !astropy.units.Unit {unit: mas / yr}
#       value: !astropy.table.SerializedColumn {name: pm_dec}
#     pm_ra_cosdec:
#       __class__: astropy.units.quantity.Quantity
#       unit: !astropy.units.Unit {unit: mas / yr}
#       value: !astropy.table.SerializedColumn {name: pm_ra_cosdec}
#     ra:
#       __class__: astropy.coordinates.angles.Longitude
#       unit: *id001
#       value: !astropy.table.SerializedColumn {name: ra}
#       wrap_angle: !astropy.coordinates.Angle
#         unit: *id001
#         value: 360.0
#     radial_velocity:
#       __class__: astropy.units.quantity.Quantity
#       unit: !astropy.units.Unit {unit: km / s}
#       value: !astropy.table.SerializedColumn {name: radial_velocity}
# schema: astropy-2.0
ra,dec,distance,pm_ra_cosdec,pm_dec,radial_velocity
[from data line 5199]
330.46770638953257,1.6022277144476846,11.692999999999998,2.7903394078297126,-2.101490202433449,2.8946387008936165e-14
330.4780417575942,1.6028744554981544,11.693,2.789141254703644,-2.1018641459121508,-8.94706507548936e-14
330.4883799407004,1.603513091237586,11.692999999999998,2.7879423655213045,-2.102239496885784,-9.052324664612763e-14
330.4987209433657,1.604143608151496,11.692999999999998,2.7867427391002173,-2.1026162579237715,-5.0524602779234026e-14
330.5090647701081,1.6047659927128082,11.692999999999994,2.78554237425685,-2.1029944315977684,-6.8418732930212744e-15
330.5194114254492,1.6053802313818346,11.692999999999998,2.7843412698066126,-2.103374020481661,-6.8418732930212744e-15
330.5297609139138,1.605986310606273,11.692999999999998,2.7831394245638625,-2.10375502715157,-1.473634247727659e-14
330.5401132400302,1.6065842168212041,11.692999999999998,2.781936837341895,-2.104137454185848,-7.157652060391487e-14
330.5504684083303,1.6071739364490882,11.693,2.78073350695295,-2.1045213041650834,-1.0052290761285104e-13
330.5608264233491,1.607755455899754,11.692999999999996,2.779529432208207,-2.1049065796720994,-7.368171238638296e-14
330.5711872896254,1.6083287615703912,11.692999999999996,2.77832461191779,-2.1052932832919518,-7.631320211446807e-14
330.5815510117012,1.608893839845554,11.692999999999998,2.7771190448907572,-2.105681417611933,1.3683746586042549e-14
330.5919175941218,1.6094506770971486,11.692999999999998,2.7759127299351167,-2.1060709852215735,-3.684085619319148e-15
330.6022870414363,1.6099992596844286,11.693,2.774705665857807,-2.1064619887126357,-2.5788599335234036e-14
330.6126593581969,1.6105395739539956,11.692999999999996,2.77349785146471,-2.106854430679127,-2.2104513715914887e-14
330.6230345489593,1.6110716062397785,11.692999999999998,2.7722892855606456,-2.1072483137172813,-9.578622610229784e-14
330.6334126182828,1.6115953428630474,11.692999999999998,2.771079966949372,-2.1076436404255823,7.841839389693615e-14
330.6437935707299,1.6121107701323922,11.693,2.769869894433585,-2.1080404134047455,-6.947132882144679e-14
330.65417741086657,1.612617874343726,11.692999999999998,2.7686590668149185,-2.108438635257725,-9.368103431982976e-14
330.6645641432624,1.6131166417802802,11.692999999999994,2.7674474828939406,-2.1088383085897227,-5.420868839855318e-14
330.67495377249014,1.6136070587125861,11.692999999999998,2.7662351414701565,-2.1092394360081688,7.999728773378721e-14
330.685346303126,1.6140891113984837,11.692999999999998,2.76502204134201,-2.1096420201227435,-7.631320211446807e-14
330.69574173974974,1.6145627860831178,11.692999999999996,2.7638081813068767,-2.1100460635453673,-8.683916102680849e-14
330.7061400869445,1.6150280689989145,11.692999999999998,2.762593560161069,-2.1104515688901966,2.1051917824680846e-14
330.7165413492968,1.6154849463655907,11.692999999999998,2.7613781766998313,-2.1108585387736363,1.4210044531659571e-14
330.72694553139655,1.6159334043901508,11.692999999999994,2.760162029717346,-2.111266975814334,-3.684085619319148e-14
330.7373526378372,1.6163734292668657,11.693,2.7589451180067237,-2.1116768826331747,5.210349661608509e-14
330.74776267321545,1.616805007177283,11.692999999999996,2.7577274403600134,-2.112088261853297,9.47336302110638e-15
330.7581756421315,1.6172281242902122,11.692999999999996,2.75650899556819,-2.1125011161000726,-4.47353253774468e-14
330.7685915491891,1.6176427667617237,11.692999999999996,2.7552897824211655,-2.112915448001128,-2.315710960714893e-14
330.7790103989952,1.6180489207351398,11.692999999999998,2.7540697997077817,-2.11333126018633,-8.420767129872338e-14
330.78943219616025,1.618446572341032,11.692999999999996,2.7528490462158115,-2.1137485552877924,6.8418732930212744e-15
330.79985694529813,1.6188357076972102,11.692999999999998,2.751627520731959,-2.1141673359398783,1.9473023987829782e-14
330.8102846510261,1.6192163129087296,11.692999999999998,2.7504052220418544,-2.114587604779192,-6.789243498459573e-14
330.8207153179649,1.6195883740678663,11.693000000000001,2.7491821489300623,-2.1150093644445906,5.2629794561702115e-15
330.8311489507386,1.6199518772541308,11.692999999999998,2.747958300180078,-2.1154326175771794,-2.789379111770212e-14
330.84158555397477,1.6203068085342471,11.692999999999998,2.7467336745743163,-2.115857366820307,-4.9472006887999985e-14
330.85202513230433,1.6206531539621591,11.692999999999996,2.7455082708941303,-2.1162836148195767,2.8420089063319142e-14
330.8624676903616,1.6209908995790139,11.692999999999998,2.7442820879197938,-2.1167113642228395,1.4210044531659571e-14
330.87291323278424,1.6213200314131653,11.692999999999998,2.7430551244305117,-2.117140617680197,-5.947166785472339e-14
330.8833617642136,1.6216405354801668,11.692999999999996,2.7418273792044126,-2.117571377844,-7.210281854953189e-14
330.8938132892942,1.6219523977827557,11.692999999999998,2.7405988510185546,-2.1180036473688513,3.684085619319148e-15
330.90426781267394,1.6222556043108696,11.692999999999998,2.739369538648921,-2.118437428911607,-7.526060622323402e-14
330.91472533900435,1.622550141041612,11.692999999999998,2.7381394408704187,-2.1188727251313746,3.841975003004254e-14
330.92518587294006,1.6228359939392718,11.692999999999998,2.7369085564568785,-2.1193095386895116,6.315575347404253e-15
330.9356494191394,1.6231131489553048,11.692999999999998,2.73567688418106,-2.1197478722496337,-3.526196235634042e-14
330.94611598226396,1.6233815920283285,11.692999999999994,2.7344444228146454,-2.1201877284776085,-2.1051917824680846e-14
330.9565855669787,1.6236413090841246,11.692999999999998,2.733211171128235,-2.1206291100415546,-1.1683814392697868e-13
330.96705817795214,1.623892286035622,11.692999999999998,2.7319771278913594,-2.1210720196118515,-9.052324664612763e-14
330.9775338198561,1.6241345087828982,11.692999999999998,2.730742291872468,-2.121516459861129,6.315575347404253e-15
330.9880124973657,1.624367963213179,11.692999999999998,2.7295066618389345,-2.121962433464277,-7.841839389693615e-14
330.99849421515967,1.6245926352008144,11.692999999999996,2.7282702365570533,-2.1224099430984364,-5.0524602779234026e-14
331.00897897792004,1.6248085106072943,11.692999999999996,2.7270330147920374,-2.1228589914430116,1.6841534259744676e-14
331.0194667903323,1.6250155752812325,11.692999999999996,2.725794995308023,-2.1233095811796585,4.73668151055319e-15
331.0299576570851,1.6252138150583593,11.692999999999998,2.7245561768680693,-2.1237617149922947,-7.578690416885104e-14
331.04045158287096,1.6254032157615195,11.693,2.7233165582341488,-2.1242153955670955,-5.210349661608509e-14
331.0509485723853,1.6255837632006682,11.692999999999998,2.722076138167163,-2.1246706255924956,6.315575347404253e-15
331.06144863032733,1.6257554431728647,11.692999999999998,2.7208349154269214,-2.1251274077591877,-6.262945552842552e-14
331.07195176139936,1.6259182414622562,11.692999999999998,2.7195928887721585,-2.1255857447601265,-2.8946387008936165e-14
331.0824579703073,1.6260721438400914,11.692999999999996,2.7183500569605266,-2.1260456392905254,-3.5788260301957434e-14
331.0929672617604,1.6262171360647004,11.692999999999996,2.7171064187485947,-2.1265070940478608,1.5262640422893612e-14
331.1034796404713,1.6263532038814936,11.692999999999998,2.7158619728918483,-2.126970111731868,2.2630811661531907e-14
331.113995111156,1.6264803330229605,11.692999999999998,2.7146167181446907,-2.1274346950445473,-3.789345208442552e-14
331.1245136785339,1.6265985092086541,11.692999999999998,2.7133706532604402,-2.1279008466901623,-2.4209705498382972e-14
331.1350353473279,1.62670771814519,11.692999999999998,2.7121237769913344,-2.1283685693752368,5.262979456170211e-16
331.1455601222642,1.626807945526246,11.692999999999998,2.710876088088522,-2.1288378658085594,0.0
331.1560880080724,1.6268991770325534,11.692999999999996,2.7096275853020684,-2.1293087387011824,1.0525958912340423e-14
331.16661900948554,1.6269813983318844,11.692999999999998,2.708378267380953,-2.129781190766425,1.3157448640425528e-14
331.17715313123995,1.6270545950790543,11.692999999999998,2.707128133073072,-2.130255224719869,-8.104988362502126e-14
331.1876903780755,1.6271187529159188,11.692999999999998,2.7058771811252322,-2.130730843279365,1.3683746586042549e-14
331.19823075473533,1.6271738574713577,11.692999999999994,2.7046254102831573,-2.1312080491650267,-7.210281854953189e-14
331.20877426596604,1.6272198943612757,11.692999999999998,2.703372819291475,-2.1316868450992357,-1.7367832205361697e-14
331.21932091651763,1.6272568491885993,11.692999999999998,2.7021194068937366,-2.1321672338066433,-6.105056169157445e-14
331.2298707111434,1.6272847075432666,11.692999999999998,2.7008651718324,-2.1326492180141647,-2.947268495455318e-14
331.24042365460014,1.6273034550022225,11.692999999999996,2.699610112848834,-2.133132800450986,3.4209366465106376e-14
331.25097975164783,1.6273130771294129,11.692999999999998,2.6983542286833195,-2.1336179838485623,-5.157719867046807e-14
331.26153900705026,1.6273135594757842,11.692999999999996,2.697097518075048,-2.1341047709406173,-6.315575347404253e-15
331.27210142557414,1.6273048875792668,11.692999999999998,2.695839979762121,-2.134593164463144,-3.73671541388085e-14
331.2826670119899,1.6272870469647833,11.692999999999998,2.694581612481551,-2.135083167154407,1.0525958912340423e-14
331.293235771071,1.6272600231442298,11.692999999999996,2.6933224149692587,-2.135574781754942,-7.105022265829786e-14
331.3038077075948,1.6272238016164806,11.693,2.692062385960073,-2.136068011007555,3.9998643866893604e-14
331.31438282634156,1.6271783678673757,11.693,2.6908015241877328,-2.1365628576573257,6.262945552842552e-14
331.32496113209515,1.6271237073697205,11.692999999999998,2.689539828384885,-2.1370593244516063,2.9998982900170206e-14
331.3355426296428,1.6270598055832748,11.692999999999998,2.688277297283085,-2.137557414140018,-7.157652060391487e-14
331.34612732377514,1.6269866479547503,11.692999999999994,2.6870139296127933,-2.1380571294744617,5.526128428978722e-14
331.3567152192861,1.6269042199178032,11.692999999999998,2.6857497241033763,-2.138558473209107,3.105157879140425e-14
331.3673063209731,1.6268125068930328,11.693,2.684484679483111,-2.1390614481004016,1.0525958912340423e-15
331.37790063363684,1.626711494287975,11.692999999999998,2.683218794479179,-2.1395660569070682,-4.157753770374467e-14
331.3884981620815,1.6266011674970884,11.692999999999998,2.681952067817665,-2.140072302390104,-1.121014624164255e-13
331.39909891111455,1.6264815119017582,11.692999999999998,2.680684498223563,-2.1405801873127817,2.5262301389617013e-14
331.4097028855469,1.6263525128702916,11.692999999999998,2.679416084420768,-2.1410897144406524,-3.526196235634042e-14
331.42031009019274,1.626214155757899,11.692999999999994,2.6781468251320812,-2.1416008865415437,2.6841195226468077e-14
331.4309205298698,1.626066425906703,11.692999999999998,2.676876719079206,-2.142113706385559,4.894570894238297e-14
331.44153420939904,1.6259093086457297,11.692999999999998,2.675605764982754,-2.142628176745084,-1.1578554803574466e-14
331.45215113360484,1.6257427892908953,11.692999999999998,2.6743339615622364,-2.1431443003947805,-9.999660966723401e-15
331.46277130731505,1.6255668531450096,11.692999999999998,2.673061307536066,-2.1436620801115907,-1.5788938368510633e-15
331.4733947353608,1.6253814854977628,11.692999999999998,2.6717878016215604,-2.144181518674735,1.2631150694808506e-14
331.48402142257646,1.6251866716257266,11.692999999999998,2.6705134425349386,-2.1447026188657152,-1.9473023987829782e-14
331.49465137380014,1.6249823967923454,11.692999999999996,2.669238228991323,-2.145225383468315,4.3682729486212757e-14
331.50528459387294,1.6247686462479307,11.692999999999994,2.667962159704733,-2.145749815268598,-4.052494181251063e-14
331.5159210876396,1.6245454052296546,11.692999999999998,2.6666852333880895,-2.1462759170549086,-5.947166785472339e-14
331.52656085994806,1.6243126589615446,11.692999999999998,2.6654074487532196,-2.1468036916178788,3.368306851948935e-14
331.53720391564974,1.6240703926544846,11.692999999999996,2.6641288045108436,-2.147333141750417,-1.0525958912340423e-15
331.54785025959933,1.6238185915061958,11.692999999999998,2.6628492993705843,-2.1478642702477173,-2.5262301389617013e-14
331.55849989665506,1.6235572407012446,11.692999999999998,2.6615689320409635,-2.1483970799072627,3.684085619319148e-14
331.56915283167837,1.6232863254110266,11.692999999999996,2.6602877012294015,-2.1489315735288135,6.8418732930212744e-15
331.579809069534,1.623005830793766,11.692999999999998,2.659005605642218,-2.1494677539144185,-5.6840178126638284e-14
331.5904686150904,1.622715741994512,11.692999999999998,2.6577226439846293,-2.1500056238684127,-2.0525619879063826e-14
331.60113147321897,1.6224160441451327,11.692999999999998,2.656438814960751,-2.150545186197415,-1.3683746586042549e-14
331.6117976487947,1.6221067223642986,11.692999999999998,2.6551541172735944,-2.151086443710333,-4.47353253774468e-14
331.622467146696,1.6217877617574956,11.692999999999998,2.6538685496250687,-2.1516293992183604,-2.4736003443999992e-14
331.63313997180455,1.6214591474170066,11.692999999999996,2.6525821107159793,-2.152174055534979,-2.947268495455318e-14
331.6438161290053,1.6211208644219028,11.692999999999998,2.6512947992460276,-2.152720415475958,-8.526026718995742e-14
331.65449562318673,1.620772897838055,11.692999999999994,2.6500066139138134,-2.1532684818593575,-3.631455824757446e-14
331.6651784592407,1.620415232718107,11.692999999999998,2.648717553416826,-2.153818257505523,1.0525958912340423e-14
331.6758646420622,1.6200478541014829,11.692999999999998,2.647427616451455,-2.1543697452370933,-3.789345208442552e-14
331.6865541765498,1.6196707470143858,11.692999999999996,2.6461368017129834,-2.154922947878997,-2.2104513715914887e-14
331.6972470676054,1.6192838964697778,11.692999999999998,2.6448451078955877,-2.1554778682584503,-5.0524602779234026e-14
331.70794332013423,1.6188872874673812,11.692999999999998,2.64355253369234,-2.156034509204966,5.262979456170211e-16
331.71864293904486,1.6184809049936788,11.692999999999998,2.6422590777952015,-2.1565928735503443,-4.052494181251063e-14
331.7293459292492,1.6180647340218985,11.692999999999996,2.640964738895032,-2.1571529641286804,3.315677057387233e-14
331.7400522956625,1.6176387595120147,11.692999999999996,2.6396695156815824,-2.1577147837763615,-6.21031575828085e-14
331.75076204320357,1.6172029664107361,11.693,2.6383734068434945,-2.1582783353320663,-3.526196235634042e-14
331.76147517679436,1.6167573396515085,11.693,2.6370764110683034,-2.158843621636773,-4.73668151055319e-14
331.77219170136027,1.616301864154505,11.692999999999998,2.6357785270424383,-2.159410645533748,2.5788599335234036e-14
331.78291162182995,1.6158365248266162,11.692999999999998,2.634479753451213,-2.1599794098685576,9.999660966723401e-15
331.79363494313554,1.6153613065614498,11.692999999999998,2.633180088978841,-2.160549917489059,-6.841873293021275e-14
331.8043616702125,1.614876194239325,11.693,2.63187953230842,-2.1611221712454105,-8.157618157063828e-14
331.8150918079996,1.6143811727272663,11.692999999999996,2.630578082121942,-2.1616961739900646,-6.894503087582976e-14
331.825825361439,1.6138762268789892,11.692999999999998,2.6292757371002846,-2.16227192857777,1.9999321933446802e-14
331.83656233547623,1.613361341534921,11.692999999999996,2.6279724959232214,-2.162849437865575,-3.105157879140425e-14
331.84730273506005,1.6128365015221566,11.692999999999996,2.6266683572694083,-2.1634287047128247,-5.526128428978722e-14
331.8580465651428,1.6123016916544801,11.692999999999996,2.625363319816397,-2.1640097319811638,-6.105056169157445e-14
331.8687938306799,1.6117568967323601,11.692999999999996,2.624057382240621,-2.164592522534536,1.9999321933446802e-14
331.87954453663036,1.6112021015429223,11.692999999999996,2.622750543217408,-2.1651770792391845,0.0
331.8902986879563,1.6106372908599684,11.692999999999998,2.6214428014209687,-2.1657634049636525,-6.157685963719147e-14
331.90105628962357,1.6100624494439548,11.692999999999998,2.620134155524407,-2.166351502578787,2.1051917824680846e-14
