galstreams/tracks/track.st.NGC1851.ibata2021.ecsv
# %ECSV 0.9
# ---
# datatype:
# - {name: ra, unit: deg, datatype: float64}
# - {name: dec, unit: deg, datatype: float64}
# - {name: distance, unit: kpc, datatype: float64}
# - {name: pm_ra_cosdec, unit: mas / yr, datatype: float64}
# - {name: pm_dec, unit: mas / yr, datatype: float64}
# - {name: radial_velocity, unit: km / s, datatype: float64}
# delimiter: ','
# meta: !!omap
# - __serialized_columns__:
#     dec:
#       __class__: astropy.coordinates.angles.Latitude
#       unit: &id001 !astropy.units.Unit {unit: deg}
#       value: !astropy.table.SerializedColumn {name: dec}
#     distance:
#       __class__: astropy.coordinates.distances.Distance
#       unit: !astropy.units.Unit {unit: kpc}
#       value: !astropy.table.SerializedColumn {name: distance}
#     pm_dec:
#       __class__: astropy.units.quantity.Quantity
#       unit: !astropy.units.Unit {unit: mas / yr}
#       value: !astropy.table.SerializedColumn {name: pm_dec}
#     pm_ra_cosdec:
#       __class__: astropy.units.quantity.Quantity
#       unit: !astropy.units.Unit {unit: mas / yr}
#       value: !astropy.table.SerializedColumn {name: pm_ra_cosdec}
#     ra:
#       __class__: astropy.coordinates.angles.Longitude
#       unit: *id001
#       value: !astropy.table.SerializedColumn {name: ra}
#       wrap_angle: !astropy.coordinates.Angle
#         unit: *id001
#         value: 360.0
#     radial_velocity:
#       __class__: astropy.units.quantity.Quantity
#       unit: !astropy.units.Unit {unit: km / s}
#       value: !astropy.table.SerializedColumn {name: radial_velocity}
# schema: astropy-2.0
ra,dec,distance,pm_ra_cosdec,pm_dec,radial_velocity
83.98543446205335,-50.641124178825564,14.698658619562952,2.1896137586597657,-0.21039211810025754,1.0525958912340423e-15
83.96098189767221,-50.631918356414886,14.694109361759766,2.190365456103327,-0.21182347936892554,-3.1577876737021266e-15
83.93659579133947,-50.62270626234831,14.689571702767632,2.191114573449657,-0.21325164601594665,1.5788938368510635e-14
83.91227604751701,-50.613487939391575,14.685045629277484,2.1918611182466226,-0.2146766184795461,1.0525958912340423e-14
83.88802257064884,-50.60426343012634,14.680531127980272,2.1926050980198895,-0.2160983972229155,1.0525958912340423e-15
83.8638352651618,-50.59503277695067,14.676028185566931,2.1933465202729536,-0.21751698273408132,8.420767129872338e-15
83.83971403546654,-50.58579602207959,14.671536788728405,2.194085392487172,-0.2189323755257729,1.5788938368510635e-14
83.81565878595835,-50.57655320754552,14.667056924155636,2.1948217221217936,-0.2203445761352919,2.2104513715914887e-14
83.79166942101799,-50.567304375198844,14.662588578539562,2.1955555166139993,-0.2217535851243802,1.7894130150978717e-14
83.7677458450126,-50.558049566708334,14.658131738571134,2.1962867833789192,-0.22315940307909,1.5788938368510635e-14
83.74388796229651,-50.54878882356172,14.653686390941283,2.197015529809685,-0.2245620306096543,8.420767129872338e-15
83.72009567721209,-50.53952218706614,14.649252522340957,2.1977417632774436,-0.2259614683503567,6.315575347404253e-15
83.69636889409058,-50.530249698348676,14.644830119461089,2.198465491131405,-0.22735771695940354,3.1577876737021266e-15
83.67270751725295,-50.5209713983568,14.640419168992636,2.1991867206988682,-0.22875077711879416,1.0525958912340423e-14
83.64911145101064,-50.511687327858944,14.636019657626521,2.1999054592852594,-0.23014064953419514,1.5788938368510635e-14
83.62558059966645,-50.50239752744492,14.6316315720537,2.2006217141741633,-0.23152733493481076,4.210383564936169e-15
83.60211486751538,-50.49310203752649,14.627254898965106,2.201335492627361,-0.2329108340732563,1.473634247727659e-14
83.57871415884529,-50.48380089833782,14.622889625051686,2.2020468018848627,-0.2342911477254342,2.1051917824680845e-15
83.55537837793786,-50.47449414993597,14.618535737004377,2.2027556491649416,-0.2356682766904039,1.1578554803574466e-14
83.53210742906928,-50.46518183220142,14.614193221514126,2.2034620416641735,-0.23704222179026027,2.315710960714893e-14
83.50890121651109,-50.455863984838544,14.609862065271868,2.20416598655747,-0.23841298387000753,-3.1577876737021266e-15
83.48575964453093,-50.446540647376146,14.60554225496855,2.2048674909981134,-0.23978056379743276,4.210383564936169e-15
83.4626826173933,-50.43721185916787,14.601233777295109,2.2055665621177982,-0.24114496246298495,1.1578554803574466e-14
83.43967003936037,-50.4278776593928,14.596936618942488,2.20626320702666,-0.24250618077965042,2.315710960714893e-14
83.41672181469268,-50.418538087055886,14.592650766601627,2.206957432813321,-0.24386421968282926,1.7894130150978717e-14
83.39383784765,-50.40919318098841,14.588376206963476,2.207649246544916,-0.24521908013021326,1.7894130150978717e-14
83.37101804249198,-50.39984297984863,14.584112926718968,2.2083386552671453,-0.24657076310166465,6.315575347404253e-15
83.34826230347893,-50.39048752212206,14.579860912559045,2.209025666004298,-0.2479192695990929,1.0525958912340423e-15
83.32557053487257,-50.38112684612213,14.575620151174652,2.2097102857592965,-0.2492646006463356,2.1051917824680846e-14
83.30294264093672,-50.37176098999061,14.571390629256726,2.2103925215137354,-0.2506067572890378,2.1051917824680845e-15
83.28037852593812,-50.36238999169811,14.567172333496211,2.2110723802279177,-0.2519457405945297,1.2631150694808506e-14
83.25787809414703,-50.353013889044576,14.562965250584053,2.211749868840893,-0.2532815516517099,1.9999321933446802e-14
83.23544124983805,-50.34363271965977,14.558769367211186,2.2124249942705005,-0.25461419157092563,1.0525958912340423e-14
83.21306789729076,-50.334246521003735,14.554584670068555,2.2130977634134026,-0.2559436614838529,1.5788938368510635e-14
83.19075794079046,-50.32485533036748,14.5504111458471,2.213768183145129,-0.2572699625433789,1.5788938368510635e-14
83.16851128462888,-50.315459184873106,14.546248781237765,2.2144362603201113,-0.2585930959234862,9.47336302110638e-15
83.14632783310482,-50.30605812147463,14.542097562931492,2.215102001771729,-0.25991306281913307,-1.0525958912340423e-15
83.12420749052492,-50.29665217695828,14.537957477619218,2.2157654143123464,-0.26122986444613794,1.6841534259744676e-14
83.10215016120425,-50.28724138794309,14.533828511991885,2.216426504733352,-0.2625435020410648,0.0
83.08015574946707,-50.277825790881295,14.52971065274044,2.2170852798052,-0.26385397686110346,1.0525958912340423e-14
83.05822415964742,-50.268405422058926,14.525603886555817,2.2177417462774516,-0.26516129018395934,1.1578554803574466e-14
83.03635529608988,-50.25898031759621,14.521508200128963,2.218395910878817,-0.2664654433077346,1.894672604221276e-14
83.01454906315016,-50.2495505134481,14.517423580150822,2.2190477803171906,-0.26776643755081664,1.473634247727659e-14
82.99280536519576,-50.24011604540471,14.51335001331233,2.219697361279701,-0.2690642742517621,1.6841534259744676e-14
82.9711241066067,-50.23067694909191,14.50928748630443,2.2203446604327484,-0.27035895476918614,3.1577876737021266e-15
82.94950519177603,-50.221233259971655,14.50523598581806,2.220989684422045,-0.2716504804816464,9.47336302110638e-15
82.9279485251106,-50.21178501334263,14.50119549854417,2.2216324398726583,-0.2729388527875338,1.6841534259744676e-14
82.90645401103158,-50.2023322443406,14.497166011173697,2.222272933389054,-0.27422407310495894,-2.1051917824680845e-15
82.88502155397524,-50.192874987939,14.493147510397579,2.222911171555139,-0.2755061428716403,1.3683746586042549e-14
82.86365105839339,-50.183413278949324,14.48913998290676,2.2235471609343,-0.2767850635447946,1.1578554803574466e-14
82.84234242875412,-50.17394715202169,14.485143415392184,2.2241809080694503,-0.2780608366010263,1.0525958912340423e-15
82.82109556954244,-50.16447664164525,14.48115779454479,2.224812419483073,-0.2793334635362147,0.0
82.79991038526076,-50.155001782148744,14.477183107055524,2.2254417016772607,-0.28060294586540935,3.1577876737021266e-15
82.77878678042961,-50.14552260770091,14.473219339615317,2.226068761133762,-0.281869285122716,1.6841534259744676e-14
82.75772465958816,-50.136039152311014,14.469266478915122,2.2266936043140233,-0.28313248286119236,8.420767129872338e-15
82.73672392729492,-50.126551449829314,14.465324511645875,2.2273162376592306,-0.28439254065273556,1.6841534259744676e-14
82.71578448812818,-50.117059533947526,14.461393424498517,2.2279366675903587,-0.28564946008797903,-2.1051917824680845e-15
82.69490624668676,-50.10756343819932,14.45747320416399,2.2285549005082115,-0.28690324277618023,1.2631150694808506e-14
82.67408910759042,-50.09806319596078,14.453563837333238,2.2291709427934654,-0.288153890345119,2.1051917824680846e-14
82.65333297548054,-50.08855884045092,14.4496653106972,2.2297848008067147,-0.2894014044409878,4.210383564936169e-15
82.63263775502074,-50.079050404732115,14.445777610946818,2.2303964808885173,-0.2906457867282861,1.473634247727659e-14
82.61200335089727,-50.06953792171059,14.441900724773037,2.2310059893594376,-0.291887038889717,1.473634247727659e-14
82.59142966781972,-50.06002142413691,14.43803463886679,2.2316133325200935,-0.2931251626260807,-6.315575347404253e-15
82.57091661052154,-50.05050094460647,14.434179339919025,2.232218516651197,-0.2943601596561689,6.315575347404253e-15
82.55046408376055,-50.04097651555989,14.43033481462068,2.232821548013606,-0.2955920317166637,1.6841534259744676e-14
82.5300719923195,-50.031448169283586,14.426501049662702,2.2334224328483603,-0.2968207805620321,2.5262301389617013e-14
82.50974024100665,-50.02191593791019,14.42267803173603,2.234021177376736,-0.2980464079644228,8.420767129872338e-15
82.48946873465628,-50.01237985341904,14.418865747531601,2.2346177878002877,-0.2992689157135639,1.0525958912340423e-14
82.46925737812919,-50.00283994763664,14.41506418374036,2.2352122703008916,-0.3004883056166605,4.210383564936169e-15
82.44910607631327,-49.99329625223712,14.411273327053252,2.235804631040794,-0.3017045794982934,6.315575347404253e-15
82.42901473412402,-49.98374879874275,14.407493164161215,2.236394876162657,-0.30291773920031695,0.0
82.40898325650504,-49.974197618524386,14.403723681755189,2.236983011789605,-0.304127786581759,-2.1051917824680845e-15
82.38901154842857,-49.964642742801914,14.399964866526119,2.237569044025269,-0.30533472351871876,1.6841534259744676e-14
82.36909951489596,-49.955084202644734,14.396216705164946,2.2381529789538335,-0.3065385519042697,1.894672604221276e-14
82.34924706093823,-49.94552202897228,14.392479184362607,2.238734822640085,-0.3077392736483575,0.0
82.32945409161653,-49.935956252554384,14.388752290810045,2.2393145811294564,-0.30893689067769997,1.6841534259744676e-14
82.30972051202262,-49.92638690401184,14.385036011198205,2.239892260448074,-0.3101314049356927,1.473634247727659e-14
82.29004622727942,-49.916814013816825,14.381330332218026,2.240467866602803,-0.3113228183823063,6.315575347404253e-15
82.27043114254145,-49.90723761229337,14.377635240560453,2.2410414055812993,-0.31251113299399025,1.473634247727659e-14
82.25087516299531,-49.897657729617805,14.373950722916424,2.241612883352051,-0.3136963507635766,-4.210383564936169e-15
82.2313781938602,-49.88807439581927,14.370276765976882,2.2421823058644277,-0.31487847370018085,1.473634247727659e-14
82.21194014038828,-49.878487640780136,14.366613356432763,2.24274967904873,-0.31605750382910763,-2.1051917824680845e-15
82.19256090786536,-49.86889749423649,14.36296048097502,2.2433150088162312,-0.31723344319175184,8.420767129872338e-15
82.17324040161107,-49.859303985778595,14.359318126294585,2.2438783010592305,-0.3184062938455063,4.210383564936169e-15
82.15397852697961,-49.84970714485131,14.355686279082397,2.244439561651098,-0.31957605786366333,1.2631150694808506e-14
82.13477518935998,-49.84010700075464,14.352064926029408,2.2449987964463216,-0.3207427373353227,2.1051917824680845e-15
82.11563029417657,-49.83050358264411,14.348454053826554,2.245556011280556,-0.32190633436529437,1.2631150694808506e-14
82.09654374688954,-49.820896919531265,14.344853649164772,2.2461112119706725,-0.32306685107400723,2.1051917824680845e-15
82.07751545299527,-49.81128704028411,14.341263698735016,2.2466644043148,-0.3242242895974139,6.315575347404253e-15
82.05854531802687,-49.801673973627594,14.337684189228213,2.2472155940923835,-0.32537865208689787,2.1051917824680846e-14
82.0396332475545,-49.79205774814404,14.334115107335315,2.24776478706422,-0.3265299407091812,2.1051917824680846e-14
82.02077914718588,-49.782438392273605,14.33055643974726,2.2483119889725187,-0.32767815764623187,2.315710960714893e-14
82.00198292256668,-49.77281593431478,14.327008173154987,2.248857205540942,-0.3288233050951729,-4.210383564936169e-15
81.983244479381,-49.76319040242476,14.323470294249443,2.2494004424746548,-0.3299653852681873,6.315575347404253e-15
81.96456372335173,-49.75356182461997,14.319942789721566,2.2499417054603734,-0.3311044003924324,1.473634247727659e-14
81.94594056024094,-49.74393022877649,14.316425646262294,2.250481000166415,-0.3322403527099461,2.1051917824680846e-14
81.92737489585036,-49.73429564263053,14.312918850562571,2.251018332242749,-0.33337324447755656,-4.210383564936169e-15
81.90886663602181,-49.72465809377885,14.309422389313342,2.2515537073210354,-0.3345030779667922,6.315575347404253e-15
81.8904156866375,-49.715017609679144,14.30593624920555,2.252087131014686,-0.3356298554637944,4.210383564936169e-15
81.87202195362048,-49.705374217650785,14.302460416930128,2.2526186089189064,-0.33675357926922656,2.1051917824680845e-15
81.85368534293505,-49.695727944874875,14.298994879178023,2.2531481466107453,-0.33787425169818586,8.420767129872338e-15
81.83540576058715,-49.686078818394925,14.295539622640181,2.2536757496491457,-0.3389918750801156,1.473634247727659e-14
81.81718311262473,-49.67642686511728,14.292094634007531,2.2542014235749908,-0.3401064517587171,1.0525958912340423e-14
81.79901730513812,-49.66677211181155,14.288659899971023,2.2547251739111576,-0.34121798409186266,6.315575347404253e-15
81.78090824426047,-49.65711458511101,14.285235407221602,2.2552470061625596,-0.34232647445150755,-2.1051917824680845e-15
81.76285583616806,-49.64745431151315,14.281821142450198,2.255766925816206,-0.34343192522360505,4.210383564936169e-15
81.7448599870807,-49.63779131738002,14.278417092347764,2.2562849383412367,-0.34453433880801865,6.315575347404253e-15
81.7269206032621,-49.62812562893871,14.275023243605236,2.2568010491889843,-0.34563371761843786,2.1051917824680845e-15
81.70903759102025,-49.61845727228183,14.271639582913554,2.2573152637930205,-0.34673006408229173,-2.1051917824680845e-15
81.69121085670776,-49.60878627336792,14.268266096963664,2.2578275875691998,-0.34782338064066365,1.6841534259744676e-14
81.67344030672217,-49.59911265802184,14.264902772446504,2.2583380259157133,-0.3489136697482085,4.210383564936169e-15
81.65572584750646,-49.58943645193532,14.261549596053019,2.2588465842131416,-0.35000093387306586,2.1051917824680846e-14
81.63806738554918,-49.57975768066733,14.258206554474148,2.259353267824499,-0.3510851754967794,6.315575347404253e-15
81.62046482738502,-49.57007636964454,14.25487363440083,2.2598580820952816,-0.35216639711420983,2.315710960714893e-14
81.60291807959497,-49.56039254416173,14.251550822524012,2.2603610323535253,-0.35324460123345525,8.420767129872338e-15
81.58542704880678,-49.550706229382314,14.24823810553463,2.260862123909847,-0.35431979037576666,4.210383564936169e-15
81.56799164169526,-49.54101745033862,14.244935470123629,2.2613613620574986,-0.35539196707546483,1.6841534259744676e-14
81.55061176498256,-49.53132623193253,14.241642902981951,2.2618587520724165,-0.3564611338798617,6.315575347404253e-15
81.53328732543861,-49.521632598935746,14.238360390800539,2.26235429921327,-0.3575272933491755,2.1051917824680846e-14
81.51601822988131,-49.51193657599029,14.235087920270328,2.2628480087215115,-0.3585904480564519,2.1051917824680845e-15
81.49880438517698,-49.50223818760899,14.231825478082262,2.2633398858214298,-0.359650600587482,4.210383564936169e-15
81.48164569824064,-49.4925374581758,14.228573050927285,2.263829935720193,-0.3607077535407221,1.2631150694808506e-14
81.46454207603624,-49.482834411946335,14.22533062549634,2.2643181636079053,-0.361761909527215,1.894672604221276e-14
81.4474934255771,-49.473129073048256,14.222098188480365,2.264804574657654,-0.3628130711705092,1.2631150694808506e-14
81.43049965392612,-49.463421465481694,14.218875726570298,2.2652891740255576,-0.3638612411065797,1.2631150694808506e-14
81.41356066819618,-49.45371161311972,14.21566322645709,2.2657719668508207,-0.36490642198374956,6.315575347404253e-15
81.39667637555037,-49.44399953970875,14.212460674831675,2.266252958255779,-0.36594861646261156,2.7367493172085098e-14
81.37984668320226,-49.43428526886892,14.209268058384998,2.2667321533459526,-0.36698782721595,1.0525958912340423e-14
81.3630714984163,-49.42456882409465,14.206085363807997,2.2672095572100974,-0.36802405692866286,6.315575347404253e-15
81.34635072850809,-49.41485022875494,14.202912577791617,2.267685174920247,-0.3690573082976839,1.473634247727659e-14
81.32968428084452,-49.40512950609388,14.199749687026799,2.268159011531775,-0.3700875840319072,1.2631150694808506e-14
81.31307206284428,-49.395406679230994,14.196596678204484,2.2686310720834366,-0.37111488685210925,6.315575347404253e-15
81.29651398197802,-49.38568177116176,14.19345353801561,2.2691013615974205,-0.3721392194908727,6.315575347404253e-15
81.28000994576861,-49.37595480475799,14.190320253151123,2.2695698850793997,-0.3731605846925113,1.473634247727659e-14
81.26355986179146,-49.36622580276821,14.187196810301964,2.270036647518583,-0.3741789852129942,8.420767129872338e-15
81.24716363767484,-49.35649478781815,14.184083196159074,2.270501653887761,-0.375194423819869,1.0525958912340423e-14
81.23082118110003,-49.34676178241115,14.180979397413395,2.2709649091433657,-0.37620690329219064,0.0
