galstreams/tracks/track.st.Ophiuchus.caldwell2020.ecsv
# %ECSV 0.9
# ---
# datatype:
# - {name: ra, unit: deg, datatype: float64}
# - {name: dec, unit: deg, datatype: float64}
# - {name: distance, unit: kpc, datatype: float64}
# - {name: pm_ra_cosdec, unit: mas / yr, datatype: float64}
# - {name: pm_dec, unit: mas / yr, datatype: float64}
# - {name: radial_velocity, unit: km / s, datatype: float64}
# delimiter: ','
# meta: !!omap
# - __serialized_columns__:
#     dec:
#       __class__: astropy.coordinates.angles.Latitude
#       unit: &id001 !astropy.units.Unit {unit: deg}
#       value: !astropy.table.SerializedColumn {name: dec}
#     distance:
#       __class__: astropy.coordinates.distances.Distance
#       unit: !astropy.units.Unit {unit: kpc}
#       value: !astropy.table.SerializedColumn {name: distance}
#     pm_dec:
#       __class__: astropy.units.quantity.Quantity
#       unit: !astropy.units.Unit {unit: mas / yr}
#       value: !astropy.table.SerializedColumn {name: pm_dec}
#     pm_ra_cosdec:
#       __class__: astropy.units.quantity.Quantity
#       unit: !astropy.units.Unit {unit: mas / yr}
#       value: !astropy.table.SerializedColumn {name: pm_ra_cosdec}
#     ra:
#       __class__: astropy.coordinates.angles.Longitude
#       unit: *id001
#       value: !astropy.table.SerializedColumn {name: ra}
#       wrap_angle: !astropy.coordinates.Angle
#         unit: *id001
#         value: 360.0
#     radial_velocity:
#       __class__: astropy.units.quantity.Quantity
#       unit: !astropy.units.Unit {unit: km / s}
#       value: !astropy.table.SerializedColumn {name: radial_velocity}
# schema: astropy-2.0
ra,dec,distance,pm_ra_cosdec,pm_dec,radial_velocity
[from data line 552]
246.5151083054635,-7.459405712802754,8.33333333333333,-8.455775452085478,-3.869961957318227,1.2631150694808506e-14
246.52496955734867,-7.461448288887844,8.333333333333332,-8.461875121275478,-3.8675788355554848,-5.0524602779234026e-14
246.53483570909108,-7.46345418501875,8.333333333333332,-8.468119170356943,-3.8652797529761687,1.1368035625327657e-13
246.54470685621624,-7.465422658953569,8.33333333333333,-8.474510465369361,-3.863066843870617,5.4734986344170195e-14
246.55458309504817,-7.467352961880786,8.33333333333333,-8.481051897070165,-3.8609422648587906,1.2631150694808508e-13
246.56446452271223,-7.469244338393487,8.33333333333333,-8.487746381022417,-3.8589081949866513,8.420767129872338e-14
246.5743512371374,-7.471096026463565,8.33333333333333,-8.49459685768251,-3.8569668358225617,2.1051917824680846e-14
246.58424333705872,-7.472907257415941,8.33333333333333,-8.50160629248779,-3.8551204115537194,-1.0946997268834039e-13
246.59414092201996,-7.47467725590275,8.333333333333332,-8.508777675944199,-3.8533711690826173,-2.5262301389617013e-14
246.60404409237586,-7.476405239877585,8.33333333333333,-8.51611402371385,-3.8517213781235613,7.157652060391487e-14
246.61395294929474,-7.478090420569673,8.33333333333333,-8.523618376702588,-3.8501733312991786,-1.221011233831489e-13
246.62386759476064,-7.4797320024581015,8.333333333333332,-8.531293801147537,-3.8487293442369914,1.0104920555846805e-13
246.63378813157618,-7.481329183246014,8.333333333333332,-8.53914338870459,-3.847391755666024,1.4736342477276593e-13
246.6437146633646,-7.482881153834831,8.33333333333333,-8.547170256535873,-3.846162927513421,2.1893994537668078e-13
246.65364729457227,-7.48438709829843,8.33333333333333,-8.555377547397185,-3.845045245001117,1.7262572616238293e-13
246.66358613047115,-7.48584619385738,8.333333333333332,-8.563768429725425,-3.8440411167425386,1.9788802755199994e-13
246.6735312771611,-7.487257610853114,8.33333333333333,-8.572346097725953,-3.8431529748393425,1.8525687685719145e-13
246.68348284157221,-7.488620512722157,8.33333333333333,-8.581113771459925,-3.842383274978174,1.2631150694808508e-13
246.69344093146736,-7.489934055970312,8.33333333333333,-8.590074696931623,-3.8417344965274847,-7.999728773378721e-14
246.70340565544416,-7.491197390146862,8.333333333333329,-8.599232146175726,-3.841209142634363,-4.210383564936169e-14
246.71337712293771,-7.492409657818775,8.33333333333333,-8.608589417344554,-3.8408097403214176,1.0525958912340423e-13
246.72335544422282,-7.493569994544902,8.333333333333329,-8.618149834795291,-3.8405388405836884,4.210383564936169e-14
246.73334073041605,-7.494677528850174,8.33333333333333,-8.62791674917715,-3.8403990184855945,-8.420767129872338e-15
246.74333309347833,-7.495731382199786,8.333333333333329,-8.637893537518522,-3.8403928732579242,1.768361097273191e-13
246.7533326462172,-7.49673066897342,8.333333333333329,-8.64808360331409,-3.8405230283948573,1.0104920555846805e-13
246.76333950228883,-7.497674496439411,8.33333333333333,-8.658490376611912,-3.8407921317510194,-3.789345208442552e-14
246.77335377620065,-7.498561964728967,8.333333333333329,-8.669117314100445,-3.8412028556385964,-1.0104920555846805e-13
246.78337558331327,-7.499392166810341,8.333333333333329,-8.679967899195551,-3.8417578969244612,1.4736342477276593e-13
246.79340503984312,-7.500164188463032,8.33333333333333,-8.69104564212749,-3.8424599771273495,4.631421921429786e-14
246.8034422628642,-7.5008771082519825,8.33333333333333,-8.702354080027817,-3.8433118425150825,-6.73661370389787e-14
246.81348737031058,-7.501529997501756,8.333333333333329,-8.71389677701632,-3.844316264201808,-5.894536990910637e-14
246.82354048097872,-7.502121920270736,8.333333333333329,-8.725677324287835,-3.8454760382453084,-5.0524602779234026e-14
246.8336017145293,-7.502651933325306,8.333333333333329,-8.737699340199095,-3.8467939857443243,-7.157652060391487e-14
246.84367119148976,-7.503119086114052,8.33333333333333,-8.749966470355513,-3.8482729529359316,-1.642049590325106e-13
246.85374903325615,-7.503522420741926,8.333333333333329,-8.762482387697933,-3.8499158112929535,4.210383564936169e-15
246.8638353620956,-7.503860971944451,8.333333333333327,-8.775250792589308,-3.8517254576214124,7.999728773378721e-14
246.87393030114822,-7.504133767061897,8.333333333333329,-8.788275412901413,-3.8537048141580232,1.768361097273191e-13
246.8840339744294,-7.504339826013465,8.333333333333325,-8.801560004101448,-3.855856828667747,8.841805486365955e-14
246.89414650683165,-7.504478161271467,8.333333333333327,-8.815108349338626,-3.8581844745413325,5.894536990910637e-14
246.90426802412702,-7.504547777835515,8.333333333333327,-8.828924259530753,-3.860690750892972,-2.5262301389617013e-14
246.914398652969,-7.504547673206689,8.333333333333329,-8.843011573450699,-3.863378682657936,1.8525687685719145e-13
246.92453852089474,-7.504476837361734,8.333333333333329,-8.857374157812917,-3.8662513206902958,-2.947268495455318e-14
246.93468775632684,-7.504334252727212,8.333333333333329,-8.872015907359827,-3.8693117418606446,1.5999457546757442e-13
246.94484648857573,-7.504118894153702,8.333333333333329,-8.886940744948236,-3.872563049153908,9.683882199353189e-14
246.95501484784143,-7.503829728889977,8.333333333333327,-8.902152621635684,-3.8760083717671594,1.8104649329225526e-13
246.96519296521572,-7.503465716557154,8.333333333333327,-8.917655516766729,-3.879650865207502,3.368306851948935e-14
246.97538097268412,-7.50302580912289,8.333333333333329,-8.93345343805923,-3.883493711389972,-5.894536990910637e-14
246.98557900312773,-7.502508950875552,8.333333333333327,-8.949550421690589,-3.8875401187355165,-1.221011233831489e-13
246.99578719032547,-7.501914078398378,8.333333333333325,-8.965950532383888,-3.8917933222689793,-1.0104920555846805e-13
247.00600566895585,-7.501240120543661,8.333333333333327,-8.982657863494046,-3.8962565837171588,-1.1789073981821273e-13
247.01623457459888,-7.500485998406909,8.333333333333327,-8.999676537093922,-3.90093319160689,5.0524602779234026e-14
247.02647404373823,-7.499650625301011,8.333333333333325,-9.017010704060375,-3.905826461363188,-2.947268495455318e-14
247.03672421376282,-7.498732906730417,8.333333333333325,-9.03466454416022,-3.9109397354074145,6.73661370389787e-14
247.046985222969,-7.497731740365295,8.333333333333327,-9.052642266136255,-3.9162763832555085,7.157652060391487e-14
247.0572572105623,-7.49664601601569,8.333333333333327,-9.07094810779315,-3.921839801616257,2.1051917824680846e-14
247.06754031665926,-7.495474615605698,8.333333333333325,-9.089586336083304,-3.9276334144895904,2.5262301389617013e-14
247.07783468228942,-7.494216413147634,8.333333333333323,-9.108561247192721,-3.9336606732649533,4.210383564936169e-15
247.08814044939697,-7.492870274716168,8.333333333333325,-9.127877166626746,-3.9399250568196944,3.789345208442552e-14
247.0984577608428,-7.491435058422515,8.333333333333325,-9.147538449295851,-3.94643007161752,-1.1789073981821273e-13
247.10878676040602,-7.489909614388577,8.333333333333323,-9.16754947960129,-3.9531792518069735,-4.210383564936169e-15
247.11912759278607,-7.488292784721101,8.333333333333323,-9.187914671520774,-3.960176159319973,-4.210383564936169e-14
247.12948040360416,-7.486583403485848,8.333333333333323,-9.208638468694067,-3.9674243839703895,5.0524602779234026e-14
247.13984533940535,-7.484780296681724,8.333333333333323,-9.229725344508543,-3.9749275435526688,5.4734986344170195e-14
247.15022254766004,-7.482882282214971,8.333333333333325,-9.25117980218469,-3.982689283940499,1.2631150694808508e-13
247.1606121767658,-7.480888169873288,8.333333333333325,-9.273006374861607,-3.9907132791855204,-1.2631150694808506e-14
247.171014376049,-7.478796761299988,8.333333333333321,-9.295209625682372,-3.9990032316160815,1.2631150694808508e-13
247.18142929576666,-7.476606849968169,8.333333333333323,-9.317794147879463,-4.007562871936033,-7.999728773378721e-14
247.19185708710793,-7.47431722115484,8.333333333333323,-9.340764564860063,-4.016395959323584,1.3052189051302125e-13
247.20229790219597,-7.471926651915082,8.333333333333321,-9.364125530291336,-4.02550628153018,2.1051917824680846e-14
247.21275189408928,-7.4694339110561945,8.333333333333321,-9.38788172818566,-4.034897654979434,-6.73661370389787e-14
247.22321921678358,-7.466837759111832,8.333333333333323,-9.412037872985838,-4.044573924866097,1.3052189051302125e-13
247.23370002521335,-7.4641369483161615,8.333333333333321,-9.436598709650204,-4.054538965255095,-2.947268495455318e-14
247.24419447525338,-7.461330222578,8.33333333333332,-9.461569013737723,-4.06479667918056,3.789345208442552e-14
247.2547027237203,-7.458416317454949,8.33333333333332,-9.486953591493075,-4.075350998744964,8.420767129872338e-14
247.26522492837432,-7.455393960127552,8.33333333333332,-9.512757279931582,-4.086205885218241,3.368306851948935e-14
247.2757612479205,-7.4522618693734195,8.333333333333321,-9.538984946924234,-4.097365329136983,8.420767129872338e-14
247.28631184201052,-7.449018755541375,8.33333333333332,-9.565641491282546,-4.108833350403678,1.3052189051302125e-13
247.29687687124394,-7.445663320525591,8.333333333333321,-9.592731842843424,-4.120613998385961,2.947268495455318e-14
247.3074564971699,-7.44219425773972,8.33333333333332,-9.620260962554008,-4.132711352015949,1.3052189051302125e-13
247.31805088228853,-7.4386102520910375,8.333333333333318,-9.648233842556394,-4.145129519889571,2.1051917824680846e-14
247.3286601900522,-7.434909979954571,8.33333333333332,-9.676655506272379,-4.157872640365971,0.0
247.33928458486733,-7.431092109147231,8.333333333333318,-9.705531008488144,-4.170944881666946,-9.262843842859572e-14
247.34992423209533,-7.427155298901943,8.33333333333332,-9.734865435438842,-4.184350441976394,-1.642049590325106e-13
247.36057929805446,-7.423098199841782,8.333333333333318,-9.764663904893219,-4.198093549539839,5.4734986344170195e-14
247.37124995002097,-7.4189194539540875,8.33333333333332,-9.794931566238127,-4.212178462763976,1.2631150694808506e-14
247.3819363562303,-7.414617694564612,8.333333333333316,-9.825673600563036,-4.226609470316247,3.368306851948935e-14
247.39263868587886,-7.410191546311625,8.333333333333316,-9.85689522074445,-4.241390891224454,2.020984111169361e-13
247.40335710912498,-7.40563962512005,8.333333333333318,-9.888601671530331,-4.256527074976428,-7.999728773378721e-14
247.4140917970902,-7.400960538175586,8.333333333333316,-9.920798229624461,-4.272022401619703,1.894672604221276e-13
247.42484292186103,-7.396152883898828,8.333333333333316,-9.953490203770723,-4.287881281861248,-1.0104920555846805e-13
247.43561065648947,-7.391215251919387,8.333333333333316,-9.98668293483741,-4.304108157167203,1.3894265764289357e-13
247.44639517499502,-7.38614622305002,8.333333333333316,-10.020381795901418,-4.320707499862694,2.1051917824680846e-14
247.45719665236544,-7.380944369260731,8.333333333333314,-10.054592192332466,-4.337683813231628,-1.8104649329225526e-13
247.46801526455798,-7.375608253652902,8.333333333333314,-10.089319561877204,-4.355041631616539,1.8525687685719145e-13
247.47885118850093,-7.370136430433402,8.333333333333316,-10.124569374743318,-4.372785520518475,5.0524602779234026e-14
247.4897046020944,-7.364527444888702,8.333333333333314,-10.160347133683636,-4.390920076696902,-7.157652060391487e-14
247.50057568421164,-7.358779833358994,8.333333333333313,-10.196658374080094,-4.409449928269619,1.9788802755199994e-13
247.51146461470037,-7.352892123212303,8.333333333333314,-10.23350866402772,-4.428379734812723,1.5999457546757442e-13
247.5223715743836,-7.346862832818586,8.333333333333314,-10.270903604418638,-4.44771418746059,-1.221011233831489e-13
247.53329674506085,-7.340690471523858,8.333333333333314,-10.308848829025882,-4.467458009005866,0.0
247.54424030950935,-7.334373539624294,8.333333333333313,-10.347350004587335,-4.487615953999492,1.2631150694808508e-13
247.55520245148506,-7.3279105283403325,8.333333333333313,-10.386412830889544,-4.508192808850756,4.210383564936169e-14
247.5661833557237,-7.321299919790783,8.333333333333314,-10.426043040851491,-4.529193391927337,-1.3894265764289357e-13
247.57718320794166,-7.31454018696694,8.33333333333331,-10.46624640060837,-4.550622553655388,9.683882199353189e-14
247.58820219483746,-7.307629793706675,8.333333333333313,-10.507028709595321,-4.572485176619629,-1.0525958912340423e-13
247.5992405040922,-7.300567194668553,8.33333333333331,-10.54839580063113,-4.594786175663447,1.8525687685719145e-13
247.610298324371,-7.293350835305916,8.33333333333331,-10.590353540001882,-4.617530497989019,8.841805486365955e-14
