galstreams/tracks/track.st.Sagittarius.antoja2020.ecsv
# %ECSV 0.9
# ---
# datatype:
# - {name: ra, unit: deg, datatype: float64}
# - {name: dec, unit: deg, datatype: float64}
# - {name: distance, unit: kpc, datatype: float64}
# - {name: pm_ra_cosdec, unit: mas / yr, datatype: float64}
# - {name: pm_dec, unit: mas / yr, datatype: float64}
# - {name: radial_velocity, unit: km / s, datatype: float64}
# delimiter: ','
# meta: !!omap
# - __serialized_columns__:
#     dec:
#       __class__: astropy.coordinates.angles.Latitude
#       unit: &id001 !astropy.units.Unit {unit: deg}
#       value: !astropy.table.SerializedColumn {name: dec}
#     distance:
#       __class__: astropy.coordinates.distances.Distance
#       unit: !astropy.units.Unit {unit: kpc}
#       value: !astropy.table.SerializedColumn {name: distance}
#     pm_dec:
#       __class__: astropy.units.quantity.Quantity
#       unit: !astropy.units.Unit {unit: mas / yr}
#       value: !astropy.table.SerializedColumn {name: pm_dec}
#     pm_ra_cosdec:
#       __class__: astropy.units.quantity.Quantity
#       unit: !astropy.units.Unit {unit: mas / yr}
#       value: !astropy.table.SerializedColumn {name: pm_ra_cosdec}
#     ra:
#       __class__: astropy.coordinates.angles.Longitude
#       unit: *id001
#       value: !astropy.table.SerializedColumn {name: ra}
#       wrap_angle: !astropy.coordinates.Angle
#         unit: *id001
#         value: 360.0
#     radial_velocity:
#       __class__: astropy.units.quantity.Quantity
#       unit: !astropy.units.Unit {unit: km / s}
#       value: !astropy.table.SerializedColumn {name: radial_velocity}
# schema: astropy-2.0
ra,dec,distance,pm_ra_cosdec,pm_dec,radial_velocity
[from data line 16699]
255.3309902121644,-21.374589587593643,37.88002282928839,-1.7377266699889933,-0.8630188296986593,-8.420767129872338e-14
255.32105174134108,-21.37080116410568,37.884775880018964,-1.7374215473550243,-0.8629144104582093,7.578690416885104e-14
255.3111137848295,-21.367012155642488,37.889529798625475,-1.7371164584161156,-0.8628100037827562,1.347322740779574e-13
255.30117634258215,-21.363222562348323,37.89428458451458,-1.736811403214545,-0.8627056096288989,1.0946997268834039e-13
255.29123941455154,-21.35943238436747,37.89904023709226,-1.7365063817925772,-0.8626012279532587,7.578690416885104e-14
255.28130300069014,-21.355641621844168,37.90379675576382,-1.73620139419246,-0.8624968587124775,8.420767129872338e-14
255.27136710095027,-21.35185027492266,37.9085541399339,-1.7358964404564259,-0.8623925018632186,5.0524602779234026e-14
255.26143171528423,-21.3480583437472,37.91331238900645,-1.7355915206266934,-0.8622881573621678,1.6841534259744677e-13
255.2514968436444,-21.344265828462046,37.918071502384734,-1.7352866347454676,-0.8621838251660329,1.9367764398706378e-13
255.2415624859829,-21.340472729211434,37.92283147947135,-1.7349817828549372,-0.8620795052315432,-1.6841534259744676e-14
255.23162864225188,-21.336679046139587,37.927592319668236,-1.7346769649972755,-0.8619751975154476,7.578690416885104e-14
255.22169531240345,-21.332884779390785,37.932354022376586,-1.7343721812146438,-0.8618709019745203,1.4315304120782974e-13
255.21176249638967,-21.329089929109223,37.93711658699698,-1.7340674315491857,-0.8617666185655555,2.1051917824680845e-13
255.20183019416254,-21.32529449543914,37.9418800129293,-1.7337627160430307,-0.8616623472453693,1.1789073981821273e-13
255.19189840567392,-21.321498478524767,37.946644299572775,-1.7334580347382933,-0.8615580879707995,1.0946997268834039e-13
255.18196713087576,-21.317701878510338,37.951409446325876,-1.7331533876770757,-0.8614538406987069,-1.6841534259744676e-14
255.17203636971985,-21.313904695540067,37.956175452586486,-1.7328487749014623,-0.8613496053859735,-2.5262301389617013e-14
255.16210612215787,-21.310106929758174,37.960942317751766,-1.7325441964535226,-0.8612453819895026,1.8525687685719145e-13
255.15217638814167,-21.30630858130888,37.96571004121819,-1.7322396523753145,-0.8611411704662212,2.5262301389617013e-14
255.14224716762283,-21.302509650336397,37.97047862238156,-1.731935142708878,-0.8610369707730778,-8.420767129872338e-15
255.13231846055288,-21.298710136984926,37.975248060637036,-1.7316306674962398,-0.8609327828670414,1.2631150694808508e-13
255.12239026688343,-21.294910041398676,37.980018355379066,-1.7313262267794092,-0.860828606705106,1.0104920555846805e-13
255.112462586566,-21.291109363721862,37.9847895060014,-1.7310218206003856,-0.8607244422442855,5.894536990910637e-14
255.10253541955194,-21.28730810409869,37.98956151189715,-1.7307174490011497,-0.8606202894416166,1.6841534259744677e-13
255.09260876579268,-21.28350626267333,37.99433437245875,-1.7304131120236668,-0.8605161482541588,-1.6841534259744676e-14
255.0826826252394,-21.279703839590006,37.9991080870779,-1.7301088097098927,-0.860412018638993,3.031476166754042e-13
255.07275699784358,-21.275900834992893,38.00388265514568,-1.729804542101762,-0.8603079005532235,2.1893994537668078e-13
255.0628318835563,-21.272097249026185,38.00865807605247,-1.7295003092411976,-0.8602037939539761,1.4315304120782974e-13
255.05290728232865,-21.268293081834063,38.013434349188,-1.7291961111701069,-0.8600996987983984,1.1789073981821273e-13
255.04298319411188,-21.26448833356071,38.018211473941236,-1.7288919479303844,-0.8599956150436627,-3.368306851948935e-14
255.03305961885684,-21.260683004350327,38.022989449700574,-1.728587819563908,-0.8598915426469604,2.442022467662978e-13
255.02313655651463,-21.256877094347047,38.02776827585366,-1.7282837261125392,-0.8597874815655089,2.020984111169361e-13
255.0132140070362,-21.25307060369508,38.03254795178748,-1.7279796676181294,-0.8596834317565457,1.6841534259744676e-14
255.00329197037235,-21.24926353253859,38.03732847688834,-1.72767564412251,-0.8595793931773313,5.0524602779234026e-14
254.99337044647385,-21.245455881021716,38.0421098505419,-1.7273716556675007,-0.8594753657851486,1.768361097273191e-13
254.98344943529162,-21.241647649288662,38.04689207213309,-1.7270677022949055,-0.8593713495373044,1.768361097273191e-13
254.97352893677626,-21.23783883748356,38.05167514104617,-1.7267637840465144,-0.8592673443911276,8.420767129872338e-15
254.9636089508784,-21.23402944575059,38.05645905666475,-1.7264599009641024,-0.859163350303968,1.9367764398706378e-13
254.95368947754872,-21.230219474233866,38.06124381837177,-1.7261560530894267,-0.8590593672332006,-6.73661370389787e-14
254.94377051673766,-21.22640892307759,38.066029425549445,-1.7258522404642345,-0.8589553951362213,-5.0524602779234026e-14
254.9338520683957,-21.22259779242587,38.070815877579314,-1.725548463130256,-0.85885143397045,1.8525687685719145e-13
254.92393413247336,-21.21878608242286,38.07560317384231,-1.725244721129205,-0.8587474836933288,8.420767129872338e-14
254.91401670892097,-21.214973793212717,38.080391313718586,-1.7249410145027844,-0.858643544262323,8.420767129872338e-14
254.90409979768884,-21.211160924939566,38.085180296587694,-1.7246373432926774,-0.8585396156349197,1.4315304120782974e-13
254.89418339872725,-21.207347477747533,38.08997012182847,-1.724333707540556,-0.8584356977686306,1.6841534259744676e-14
254.88426751198634,-21.203533451780764,38.09476078881909,-1.7240301072880762,-0.8583317906209885,1.6841534259744677e-13
254.87435213741634,-21.199718847183387,38.09955229693702,-1.7237265425768808,-0.8582278941495509,2.5262301389617017e-13
254.86443727496734,-21.195903664099518,38.10434464555909,-1.723423013448595,-0.8581240083118975,1.5999457546757442e-13
254.85452292458933,-21.192087902673265,38.109137834061436,-1.7231195199448288,-0.8580201330656303,7.578690416885104e-14
254.8446090862323,-21.18827156304878,38.113931861819495,-1.7228160621071824,-0.8579162683683754,1.515738083377021e-13
254.8346957598463,-21.184454645370163,38.11872672820803,-1.722512639977237,-0.8578124141777828,-5.894536990910637e-14
254.82478294538106,-21.180637149781525,38.12352243260116,-1.7222092535965592,-0.8577085704515224,6.73661370389787e-14
254.8148706427864,-21.176819076426955,38.12831897437231,-1.7219059030067017,-0.8576047371472901,2.1893994537668078e-13
254.80495885201222,-21.173000425450585,38.13311635289418,-1.7216025882492025,-0.8575009142228058,1.6841534259744676e-14
254.79504757300813,-21.169181196996508,38.13791456753885,-1.721299309365585,-0.8573971016358098,-5.894536990910637e-14
254.78513680572374,-21.165361391208812,38.14271361767772,-1.7209960663973567,-0.8572932993440655,9.262843842859572e-14
254.77522655010878,-21.161541008231605,38.14751350268147,-1.7206928593860118,-0.8571895073053636,8.420767129872338e-14
254.76531680611274,-21.157720048208983,38.15231422192011,-1.7203896883730279,-0.8570857254775145,-1.6841534259744676e-14
254.75540757368506,-21.153898511285004,38.15711577476302,-1.7200865533998693,-0.8569819538183521,8.420767129872338e-15
254.74549885277526,-21.150076397603787,38.16191816057884,-1.7197834545079849,-0.8568781922857363,-4.210383564936169e-14
254.7355906433326,-21.146253707309395,38.16672137873558,-1.7194803917388095,-0.8567744408375465,1.0104920555846805e-13
254.7256829453066,-21.14243044054592,38.17152542860053,-1.719177365133762,-0.8566706994316904,-8.420767129872338e-15
254.71577575864634,-21.138606597457407,38.17633030954033,-1.7188743747342465,-0.8565669680260944,-2.5262301389617013e-14
254.70586908330114,-21.13478217818796,38.18113602092094,-1.718571420581654,-0.8564632465787111,1.347322740779574e-13
254.69596291922014,-21.130957182881634,38.18594256210761,-1.7182685027173592,-0.8563595350475169,1.347322740779574e-13
254.6860572663524,-21.127131611682476,38.190749932464975,-1.7179656211827212,-0.8562558333905095,1.9367764398706378e-13
254.6761521246471,-21.12330546473458,38.195558131356904,-1.7176627760190872,-0.8561521415657132,1.6841534259744677e-13
254.66624749405315,-21.119478742181983,38.20036715814667,-1.7173599672677877,-0.8560484595311745,9.262843842859572e-14
254.65634337451948,-21.115651444168744,38.20517701219682,-1.717057194970137,-0.8559447872449624,6.73661370389787e-14
254.64643976599498,-21.111823570838894,38.20998769286926,-1.7167544591674366,-0.8558411246651707,-4.210383564936169e-14
254.6365366684285,-21.10799512233651,38.21479919952515,-1.7164517599009748,-0.8557374717499175,8.420767129872338e-14
254.62663408176886,-21.104166098805624,38.21961153152505,-1.7161490972120212,-0.8556338284573444,5.0524602779234026e-14
254.61673200596474,-21.100336500390263,38.22442468822881,-1.7158464711418322,-0.8555301947456161,0.0
254.60683044096479,-21.096506327234483,38.22923866899555,-1.7155438817316524,-0.855426570572922,4.210383564936169e-14
254.59692938671768,-21.092675579482307,38.234053473183806,-1.7152413290227069,-0.8553229558974742,1.5999457546757442e-13
254.58702884317196,-21.088844257277767,38.238869100151376,-1.7149388130562073,-0.8552193506775108,8.420767129872338e-14
254.57712881027606,-21.08501236076487,38.2436855492554,-1.7146363338733521,-0.8551157548712905,2.442022467662978e-13
254.56722928797856,-21.08117989008766,38.24850281985233,-1.7143338915153248,-0.8550121684371002,1.0104920555846805e-13
254.5573302762278,-21.077346845390164,38.25332091129791,-1.7140314860232937,-0.8549085913332474,2.020984111169361e-13
254.54743177497207,-21.073513226816367,38.25813982294729,-1.7137291174384104,-0.8548050235180646,2.3578147963642546e-13
254.5375337841598,-21.0696790345103,38.262959554154854,-1.713426785801814,-0.8547014649499098,-2.5262301389617013e-14
254.52763630373906,-21.065844268615976,38.26778010427435,-1.713124491154629,-0.8545979155871629,1.6841534259744676e-14
254.51773933365814,-21.062008929277383,38.27260147265885,-1.7128222335379641,-0.8544943753882284,0.0
254.5078428738651,-21.058173016638523,38.27742365866074,-1.712520012992911,-0.8543908443115369,-2.5262301389617013e-14
254.49794692430802,-21.054336530843415,38.28224666163172,-1.7122178295605524,-0.8542873223155403,1.0946997268834039e-13
254.488051484935,-21.050499472036027,38.2870704809228,-1.7119156832819513,-0.8541838093587173,1.4315304120782974e-13
254.47815655569391,-21.046661840360354,38.29189511588435,-1.7116135741981577,-0.8540803053995696,2.5262301389617013e-14
254.4682621365327,-21.0428236359604,38.29672056586605,-1.7113115023502066,-0.853976810396622,2.610437810260425e-13
254.4583682273993,-21.038984858980125,38.30154683021688,-1.7110094677791179,-0.8538733243084273,9.262843842859572e-14
254.44847482824133,-21.035145509563513,38.30637390828517,-1.7107074705258962,-0.8537698470935587,5.0524602779234026e-14
254.43858193900672,-21.031305587854554,38.31120179941853,-1.7104055106315341,-0.8536663787106159,-8.420767129872338e-14
254.42868955964306,-21.027465093997208,38.31603050296392,-1.7101035881370077,-0.8535629191182222,-5.0524602779234026e-14
254.418797690098,-21.023624028135448,38.320860018267645,-1.7098017030832757,-0.8534594682750261,1.0946997268834039e-13
254.40890633031913,-21.01978239041322,38.32569034467531,-1.7094998555112857,-0.8533560261396997,0.0
254.39901548025398,-21.015940180974507,38.33052148153181,-1.709198045461969,-0.85325259267094,1.0104920555846805e-13
254.38912513985008,-21.012097399963267,38.33535342818141,-1.708896272976243,-0.8531491678274696,5.894536990910637e-14
254.37923530905476,-21.008254047523423,38.340186183967674,-1.7085945380950087,-0.853045751568034,1.0946997268834039e-13
254.36934598781548,-21.004410123798955,38.3450197482335,-1.7082928408591544,-0.8529423438514043,3.368306851948935e-14
254.3594571760795,-21.000565628933806,38.34985412032109,-1.707991181309552,-0.8528389446363747,1.515738083377021e-13
254.3495688737941,-20.996720563071918,38.354689299571966,-1.7076895594870594,-0.8527355538817674,1.0946997268834039e-13
254.33968108090647,-20.992874926357196,38.35952528532703,-1.7073879754325183,-0.8526321715464251,6.73661370389787e-14
254.3297937973638,-20.98902871893362,38.364362076926405,-1.707086429186759,-0.8525287975892197,6.73661370389787e-14
254.3199070231132,-20.9851819409451,38.36919967370964,-1.7067849207905923,-0.8524254319690434,0.0
254.31002075810164,-20.981334592535564,38.37403807501552,-1.7064834502848187,-0.8523220746448165,-1.0104920555846805e-13
254.3001350022761,-20.977486673848937,38.378877280182195,-1.7061820177102218,-0.8522187255754823,1.347322740779574e-13
254.29024975558366,-20.973638185029134,38.383717288547146,-1.7058806231075703,-0.8521153847200101,5.894536990910637e-14
254.2803650179711,-20.969789126220082,38.38855809944715,-1.7055792665176184,-0.8520120520373936,2.5262301389617013e-14
254.27048078938526,-20.96593949756567,38.39339971221834,-1.7052779479811049,-0.8519087274866514,-5.0524602779234026e-14
254.26059706977287,-20.962089299209833,38.39824212619612,-1.704976667538756,-0.8518054110268264,2.020984111169361e-13
254.2507138590808,-20.958238531296463,38.40308534071525,-1.7046754252312808,-0.8517021026169884,5.894536990910637e-14
254.2408311572556,-20.95438719396945,38.40792935510984,-1.7043742210993738,-0.8515988022162307,-2.5262301389617013e-14
254.23094896424388,-20.950535287372706,38.41277416871325,-1.7040730551837173,-0.8514955097836714,1.1789073981821273e-13
254.2210672799923,-20.94668281165013,38.41761978085821,-1.7037719275249759,-0.851392225278455,-5.894536990910637e-14
254.21118610444725,-20.94282976694559,38.42246619087678,-1.7034708381638,-0.8512889486597495,3.368306851948935e-14
254.20130543755528,-20.93897615340298,38.42731339810031,-1.703169787140827,-0.8511856798867501,0.0
254.19142527926275,-20.935121971166193,38.43216140185949,-1.7028687744966773,-0.851082418918675,8.420767129872338e-15
254.181545629516,-20.931267220379084,38.43701020148435,-1.702567800271958,-0.8509791657147687,1.8525687685719145e-13
254.17166648826134,-20.92741190118554,38.441859796304215,-1.7022668645072596,-0.8508759202343015,6.73661370389787e-14
254.16178785544503,-20.92355601372943,38.44671018564771,-1.7019659672431617,-0.8507726824365685,1.1789073981821273e-13
254.1519097310132,-20.91969955815462,38.45156136884286,-1.701665108520225,-0.8506694522808882,2.1051917824680845e-13
254.14203211491207,-20.91584253460496,38.45641334521696,-1.7013642883789961,-0.8505662297266088,-2.5262301389617013e-14
254.13215500708768,-20.91198494322433,38.4612661140966,-1.7010635068600106,-0.8504630147330992,5.0524602779234026e-14
254.12227840748602,-20.90812678415657,38.46611967480775,-1.7007627640037846,-0.8503598072597562,9.262843842859572e-14
254.1124023160531,-20.904268057545533,38.47097402667567,-1.7004620598508216,-0.8502566072660023,2.2736071250655313e-13
254.10252673273484,-20.900408763535047,38.475829169024976,-1.7001613944416099,-0.8501534147112841,8.420767129872338e-14
254.09265165747715,-20.896548902268982,38.480685101179546,-1.6998607678166244,-0.8500502295550746,1.347322740779574e-13
254.08277709022582,-20.892688473891177,38.485541822462636,-1.6995601800163234,-0.8499470517568725,-5.0524602779234026e-14
254.07290303092645,-20.888827478545426,38.49039933219681,-1.6992596310811507,-0.8498438812762001,1.5999457546757442e-13
254.06302947952503,-20.884965916375606,38.49525762970393,-1.6989591210515365,-0.8497407180726088,1.5999457546757442e-13
254.05315643596705,-20.881103787525525,38.500116714305214,-1.698658649967896,-0.8496375621056724,3.368306851948935e-14
254.04328390019813,-20.877241092139005,38.50497658532119,-1.6983582178706282,-0.8495344133349919,1.0946997268834039e-13
254.0334118721638,-20.873377830359843,38.509837242071725,-1.6980578248001177,-0.8494312717201937,1.0104920555846805e-13
254.02354035180963,-20.86951400233189,38.514698683875956,-1.697757470796737,-0.8493281372209296,1.515738083377021e-13
254.01366933908102,-20.865649608198947,38.519560910052384,-1.6974571559008416,-0.8492250097968784,1.0104920555846805e-13
