galstreams/tracks/track.st.Jhelum-a.shipp2019.ecsv
# %ECSV 0.9
# ---
# datatype:
# - {name: ra, unit: deg, datatype: float64}
# - {name: dec, unit: deg, datatype: float64}
# - {name: distance, unit: kpc, datatype: float64}
# - {name: pm_ra_cosdec, unit: mas / yr, datatype: float64}
# - {name: pm_dec, unit: mas / yr, datatype: float64}
# - {name: radial_velocity, unit: km / s, datatype: float64}
# delimiter: ','
# meta: !!omap
# - __serialized_columns__:
#     dec:
#       __class__: astropy.coordinates.angles.Latitude
#       unit: &id001 !astropy.units.Unit {unit: deg}
#       value: !astropy.table.SerializedColumn {name: dec}
#     distance:
#       __class__: astropy.coordinates.distances.Distance
#       unit: !astropy.units.Unit {unit: kpc}
#       value: !astropy.table.SerializedColumn {name: distance}
#     pm_dec:
#       __class__: astropy.units.quantity.Quantity
#       unit: !astropy.units.Unit {unit: mas / yr}
#       value: !astropy.table.SerializedColumn {name: pm_dec}
#     pm_ra_cosdec:
#       __class__: astropy.units.quantity.Quantity
#       unit: !astropy.units.Unit {unit: mas / yr}
#       value: !astropy.table.SerializedColumn {name: pm_ra_cosdec}
#     ra:
#       __class__: astropy.coordinates.angles.Longitude
#       unit: *id001
#       value: !astropy.table.SerializedColumn {name: ra}
#       wrap_angle: !astropy.coordinates.Angle
#         unit: *id001
#         value: 360.0
#     radial_velocity:
#       __class__: astropy.units.quantity.Quantity
#       unit: !astropy.units.Unit {unit: km / s}
#       value: !astropy.table.SerializedColumn {name: radial_velocity}
# schema: astropy-2.0
ra,dec,distance,pm_ra_cosdec,pm_dec,radial_velocity
[from data line 1917]
351.75750078710774,-51.541967456311255,13.199999999996175,6.585002238578772,-3.962808997452626,1.0342891434936997e-09
351.77359436696315,-51.54242904245933,13.199999999996177,6.585747661550235,-3.961491359073338,1.0481665677237294e-09
351.7896882725057,-51.54288842517924,13.199999999996178,6.586492853339804,-3.960173534933644,1.0622797734333955e-09
351.80578250218764,-51.54334560437341,13.199999999996185,6.587237813783699,-3.9588555252510877,1.0761066730606458e-09
351.82187705446137,-51.54380057994468,13.199999999996185,6.587982542718308,-3.957537330243322,1.090085146496234e-09
351.83797192777854,-51.54425335179628,13.19999999999619,6.588727039980111,-3.9562189501281377,1.1038783630549648e-09
351.85406712059097,-51.5447039198318,13.199999999996196,6.589471305405751,-3.954900385123442,1.1178063118877736e-09
351.8701626313501,-51.54515228395523,13.199999999996198,6.590215338831995,-3.9535816354472764,1.131767943789102e-09
351.88625845850703,-51.54559844407094,13.199999999996201,6.590959140095732,-3.952262701317805,1.145813783361729e-09
351.9023546005127,-51.54604240008365,13.199999999996205,6.591702709033998,-3.9509435829533217,1.159539633783421e-09
351.9184510558178,-51.54648415189855,13.199999999996209,6.592446045483955,-3.949624280572233,1.1737033640958661e-09
351.93454782287273,-51.546923699421136,13.199999999996214,6.593189149282893,-3.948304794393091,1.187513422188857e-09
351.95064490012777,-51.5473610425573,13.19999999999622,6.593932020268252,-3.9469851246345513,1.2015761032957437e-09
351.9667422860327,-51.54779618121334,13.19999999999622,6.594674658277589,-3.9456652715154146,1.2152682706489162e-09
351.9828399790374,-51.548229115295946,13.199999999996226,6.595417063148601,-3.9443452352545876,1.2292804271530236e-09
351.9989379775913,-51.54865984471216,13.199999999996228,6.596159234719124,-3.943025016071115,1.243174692917313e-09
352.0150362801436,-51.549088369369436,13.199999999996232,6.59690117282712,-3.9417046141841587,1.2572373740241997e-09
352.03113488514333,-51.549514689175595,13.199999999996237,6.5976428773106885,-3.9403840298130106,1.2711990059255282e-09
352.0472337910391,-51.54993880403886,13.19999999999624,6.598384348008054,-3.93906326317709,1.2849416978814799e-09
352.06333299627966,-51.5503607138678,13.199999999996242,6.5991255847576005,-3.9377423144959205,1.298903329782808e-09
352.0794324993132,-51.550780418571435,13.199999999996248,6.59986658739782,-3.9364211839891676,1.3129660108896949e-09
352.0955322985877,-51.55119791805911,13.199999999996251,6.60060735576735,-3.9350998718766217,1.3268434351197245e-09
352.11163239255114,-51.55161321224058,13.199999999996257,6.601347889704963,-3.933778378378184,1.3408387500895724e-09
352.12773277965096,-51.55202630102598,13.19999999999626,6.602088189049568,-3.9324567037138918,1.3546993327853423e-09
352.1438334583346,-51.55243718432584,13.199999999996262,6.602828253640212,-3.931134848103894,1.3686272816181511e-09
352.1599344270492,-51.552845862051065,13.199999999996265,6.603568083316066,-3.9298128117684645,1.3826731211907782e-09
352.17603568424164,-51.553252334112955,13.199999999996267,6.604307677916442,-3.9284905949280144,1.3964326546809896e-09
352.19213722835866,-51.553656600423174,13.19999999999627,6.605047037280799,-3.9271681978030495,1.4105458603906557e-09
352.2082390578466,-51.554058660893794,13.199999999996276,6.605786161248707,-3.9258456206142305,1.4244064430864254e-09
352.2243411711517,-51.55445851543727,13.199999999996281,6.606525049659897,-3.9245228635823155,1.4383175503849745e-09
352.2404435667201,-51.55485616396643,13.199999999996285,6.607263702354229,-3.923199926928193,1.4523465484233418e-09
352.2565462429975,-51.55525160639449,13.199999999996288,6.6080021191716884,-3.9218768108728774,1.4662913387904106e-09
352.2726491984294,-51.55564484263506,13.19999999999629,6.608740299952409,-3.9205535156375015,1.4800677138148817e-09
352.28875243146126,-51.55603587260216,13.199999999996292,6.609478244536659,-3.9192300414433143,1.494096711853249e-09
352.3048559405381,-51.556424696210115,13.199999999996297,6.610215952764835,-3.917906388511693,1.5080246606860578e-09
352.32095972410497,-51.55681131337373,13.199999999996304,6.610953424477483,-3.9165825570641304,1.5220536587244251e-09
352.33706378060634,-51.55719572400813,13.199999999996308,6.611690659515279,-3.9152585473222525,1.5359310829544548e-09
352.3531681084869,-51.55757792802887,13.199999999996312,6.612427657719035,-3.9139343595077873,1.5499263979243025e-09
352.3692727061908,-51.557957925351865,13.199999999996313,6.613164418929712,-3.912609993842601,1.5639553959626698e-09
352.3853775721621,-51.558335715893435,13.199999999996319,6.613900942988384,-3.9112854505486694,1.5778496617269592e-09
352.40148270484457,-51.558711299570255,13.19999999999632,6.61463722973629,-3.909960729848092,1.5917944520940279e-09
352.4175881026819,-51.55908467629941,13.199999999996322,6.615373279014792,-3.908635831963088,1.6057560839953561e-09
352.43369376411755,-51.55945584599838,13.199999999996328,6.6161090906653905,-3.907310757115995,1.619684032828165e-09
352.4497996875946,-51.559824808585006,13.199999999996331,6.616844664529727,-3.9059855055292765,1.6335277739896751e-09
352.4659058715561,-51.56019156397754,13.199999999996336,6.617580000449581,-3.904660077425506,1.6474725643567437e-09
352.4820123144449,-51.56055611209461,13.199999999996336,6.618315098266875,-3.9033344730273845,1.6614005131895525e-09
352.4981190147035,-51.56091845285521,13.199999999996342,6.619049957823661,-3.902008692557721,1.6755810850362575e-09
352.51422597077425,-51.56127858617875,13.199999999996347,6.61978457896213,-3.900682736239465,1.6894585092662871e-09
352.5303331810993,-51.561636511985036,13.19999999999635,6.620518961524618,-3.899356604295665,1.7033527750305765e-09
352.54644064412076,-51.56199223019422,13.199999999996352,6.621253105353603,-3.8980302969494933,1.717314406931905e-09
352.5625483582803,-51.56234574072687,13.199999999996354,6.621987010291696,-3.8967038144242396,1.7313939295730514e-09
352.57865632201947,-51.56269704350392,13.19999999999636,6.622720676181645,-3.8953771569433204,1.7452545122688214e-09
352.59476453377965,-51.56304613844674,13.199999999996363,6.623454102866342,-3.8940503247302605,1.7592161441701496e-09
352.61087299200204,-51.56339302547701,13.199999999996368,6.624187290188811,-3.89272331800871,1.7729925191946207e-09
352.6269816951276,-51.56373770451687,13.199999999996368,6.624920237992237,-3.891396137002425,1.7871057249042869e-09
352.64309064159704,-51.56408017548881,13.199999999996374,6.625652946119919,-3.8900687819352937,1.801016832202836e-09
352.65919982985093,-51.5644204383157,13.199999999996379,6.626385414415307,-3.888741253031314,1.814927939501385e-09
352.6753092583298,-51.56475849292083,13.199999999996383,6.627117642721997,-3.8874135505146,1.8289400960054926e-09
352.69141892547367,-51.56509433922784,13.199999999996383,6.6278496308837225,-3.886085674609391,1.8428680448383014e-09
352.70752882972266,-51.5654279771608,13.199999999996384,6.6285813787443475,-3.8847576255400273,1.8570317751507467e-09
352.7236389695165,-51.565759406644126,13.199999999996393,6.629312886147882,-3.8834294035309878,1.8708418332437373e-09
352.7397493432949,-51.56608862760263,13.199999999996395,6.630044152938484,-3.882101008806843,1.884921355884884e-09
352.7558599494971,-51.56641563996154,13.199999999996399,6.630775178960445,-3.8807724415923035,1.8988493047176928e-09
352.7719707865625,-51.56674044364644,13.199999999996402,6.631505964058204,-3.879443702112184,1.912625679742164e-09
352.7880818529302,-51.567063038583335,13.199999999996404,6.632236508076334,-3.8781147905914075,1.92673888545183e-09
352.80419314703886,-51.56738342469855,13.199999999996411,6.632966810859548,-3.8767857072550296,1.9405657850790803e-09
352.82030466732743,-51.5677016019189,13.199999999996411,6.63369687225272,-3.8754564523282076,1.9547295153915256e-09
352.83641641223414,-51.568017570171506,13.199999999996413,6.634426692100831,-3.8741270260362297,1.9686069396215553e-09
352.8525283801975,-51.5683313293839,13.199999999996422,6.6351562702490385,-3.872797428604478,1.982686462262702e-09
352.86864056965555,-51.56864287948402,13.199999999996423,6.63588560654262,-3.87146766025847,1.996597569561251e-09
352.8847529790463,-51.568952220400156,13.199999999996425,6.6366147008270024,-3.870137721223826,2.0105592014625793e-09
352.9008656068075,-51.56925935206103,13.199999999996432,6.637343552947749,-3.868807611726285,2.0244029426240895e-09
352.9169784513768,-51.569564274395724,13.199999999996434,6.638072162750588,-3.867477331991699,2.0383645745254177e-09
352.93309151119155,-51.56986698733371,13.199999999996438,6.638800530081361,-3.8661468822460368,2.0523598894952654e-09
352.949204784689,-51.57016749080484,13.199999999996441,6.6395286547860675,-3.864816262715377,2.0663215213965937e-09
352.96531827030634,-51.57046578473941,13.199999999996441,6.640256536710844,-3.863485473625919,2.080350519434961e-09
352.98143196648033,-51.570761869068015,13.199999999996445,6.640984175701979,-3.8621545152039634,2.0944132005418478e-09
352.9975458716478,-51.571055743721715,13.199999999996452,6.641711571605888,-3.8608233876759455,2.108324307840397e-09
353.0136599842452,-51.5713474086319,13.199999999996454,6.642438724269149,-3.8594920912683905,2.1222859397417255e-09
353.029774302709,-51.57163686373041,13.199999999996459,6.643165633538468,-3.8581606262079577,2.136095997834716e-09
353.04588882547534,-51.571924108949425,13.19999999999646,6.643892299260708,-3.8568289927213977,2.1501249958730834e-09
353.06200355098036,-51.57220914422152,13.199999999996463,6.644618721282863,-3.8554971910355946,2.1640866277744116e-09
353.07811847766,-51.572491969479685,13.199999999996471,6.645344899452076,-3.8541652213775253,2.1782166750183375e-09
353.09423360394976,-51.572772584657265,13.199999999996471,6.64607083361564,-3.852833083974306,2.192043574645588e-09
353.11034892828536,-51.573050989688035,13.199999999996475,6.646796523620979,-3.8515007790531373,2.206072572683955e-09
353.1264644491021,-51.573327184506105,13.199999999996479,6.647521969315676,-3.850168306841346,2.220051046119543e-09
353.1425801648353,-51.57360116904603,13.199999999996479,6.648247170547446,-3.848835667566374,2.2340295195551314e-09
353.15869607391994,-51.57387294324271,13.199999999996486,6.648972127164157,-3.8475028614557623,2.2479406268536805e-09
353.174812174791,-51.57414250703147,13.199999999996486,6.649696839013814,-3.8461698887371742,2.2619696248920476e-09
353.19092846588313,-51.574409860347984,13.199999999996491,6.65042130594458,-3.8448367496383793,2.2760491475331943e-09
353.20704494563097,-51.57467500312836,13.199999999996493,6.6511455278047436,-3.8435034443872613,2.2900781455715615e-09
353.22316161246897,-51.57493793530904,13.199999999996496,6.651869504442752,-3.842169973211816,2.3039218867330717e-09
353.23927846483133,-51.57519865682692,13.1999999999965,6.652593235707202,-3.840836336340141,2.317950884771439e-09
353.25539550115224,-51.57545716761924,13.199999999996505,6.653316721446818,-3.839502534000457,2.331996724344066e-09
353.27151271986565,-51.575713467623636,13.199999999996509,6.654039961510494,-3.8381685664210865,2.3459583562453943e-09
353.2876301194054,-51.575967556778146,13.199999999996512,6.654762955747243,-3.8368344338304667,2.359835780475424e-09
353.30374769820503,-51.57621943502119,13.199999999996516,6.655485704006246,-3.835500136457141,2.373831095445272e-09
353.3198654546982,-51.57646910229158,13.19999999999652,6.6562082061368155,-3.834165674529763,2.387876935017899e-09
353.33598338731815,-51.57671655852852,13.199999999996521,6.656930461988424,-3.832831048277102,2.4019564576590456e-09
353.35210149449813,-51.576961803671594,13.199999999996527,6.657652471410669,-3.831496257928033,2.415766515752036e-09
353.3682197746713,-51.57720483766077,13.19999999999653,6.658374234253316,-3.830161303711532,2.4298460383931826e-09
353.3843382262704,-51.57744566043644,13.199999999996532,6.659095750366272,-3.8288261858567036,2.4437234626232123e-09
353.4004568477284,-51.57768427193934,13.199999999996535,6.659817019599577,-3.8274909045927386,2.4577524606615794e-09
353.41657563747776,-51.577920672110636,13.199999999996537,6.660538041803437,-3.826155460148952,2.471781458699947e-09
353.4326945939511,-51.57815486089186,13.19999999999654,6.661258816828193,-3.8248198527547643,2.4858272982725738e-09
353.4488137155806,-51.57838683822495,13.199999999996542,6.66197934452433,-3.8234840826397045,2.499721564036863e-09
353.46493300079874,-51.57861660405219,13.19999999999655,6.662699624742495,-3.822148150033398,2.5138684528150487e-09
353.4810524480373,-51.57884415831633,13.199999999996551,6.663419657333465,-3.8208120551656055,2.527712193976559e-09
353.49717205572836,-51.57906950096044,13.199999999996555,6.664139442148185,-3.8194757982661622,2.5417917166177056e-09
353.51329182230364,-51.57929263192801,13.199999999996558,6.6648589790377235,-3.818139379565036,2.555753348519034e-09
353.5294117461949,-51.57951355116295,13.199999999996562,6.665578267853316,-3.8168027992922893,2.5698328711601805e-09
353.5455318258335,-51.579732258609475,13.199999999996564,6.666297308446334,-3.815466057678101,2.5836766123216903e-09
353.561652059651,-51.57994875421228,13.199999999996567,6.667016100668305,-3.8141291549527465,2.5976550857572787e-09
353.57777244607854,-51.58016303791641,13.199999999996571,6.667734644370903,-3.8127920913466125,2.6117514499326847e-09
353.5938929835473,-51.580375109667294,13.199999999996574,6.668452939405946,-3.811454867090195,2.6258309725738314e-09
353.6100136704881,-51.58058496941076,13.199999999996576,6.669170985625401,-3.8101174824141006,2.6396915552696013e-09
353.62613450533206,-51.58079261709304,13.199999999996582,6.669888782881394,-3.808779937549028,2.6537205533079685e-09
353.6422554865097,-51.580998052660725,13.199999999996583,6.6706063310261845,-3.8074422327257933,2.6676653436750374e-09
353.65837661245183,-51.58120127606083,13.19999999999659,6.67132362991219,-3.806104368175312,2.681778549384703e-09
353.6744978815887,-51.58140228724074,13.199999999996592,6.672040679391979,-3.8047663441286144,2.695790705888811e-09
353.6906192923508,-51.58160108614823,13.199999999996594,6.672757479318259,-3.803428160816832,2.7096176055160614e-09
353.70674084316835,-51.58179767273149,13.199999999996598,6.673474029543897,-3.802089818471189,2.723730811225727e-09
353.7228625324715,-51.581992046939064,13.1999999999966,6.6741903299219025,-3.800751317323036,2.737793492332614e-09
353.73898435869006,-51.58218420871992,13.199999999996603,6.67490638030544,-3.799412657603816,2.7517382826996826e-09
353.755106320254,-51.58237415802338,13.19999999999661,6.675622180547814,-3.7980738395450775,2.7656662315324914e-09
353.77122841559316,-51.58256189479919,13.199999999996612,6.676337730502496,-3.796734863378477,2.7796278634338197e-09
353.787350643137,-51.582747418997485,13.199999999996614,6.677053030023092,-3.7953957293357714,2.793741069143486e-09
353.80347300131524,-51.582930730568755,13.199999999996617,6.677768078963366,-3.7940564376488224,2.807854274853152e-09
353.819595488557,-51.583111829463924,13.19999999999662,6.678482877177225,-3.792716988549606,2.821714857548922e-09
353.83571810329175,-51.58329071563429,13.199999999996622,6.679197424518737,-3.791377382270183,2.835794380190068e-09
353.85184084394854,-51.58346738903153,13.199999999996626,6.679911720842109,-3.790037619042735,2.849806536694176e-09
353.8679637089565,-51.58364184960775,13.199999999996631,6.680625766001702,-3.7886976990995347,2.8638186931982834e-09
353.8840866967446,-51.58381409731539,13.199999999996635,6.681339559852039,-3.7873576226729675,2.87789821583943e-09
353.9002098057415,-51.58398413210732,13.199999999996638,6.682053102247775,-3.7860173899955174,2.8916914323981607e-09
353.9163330343761,-51.584151953936775,13.19999999999664,6.682766393043738,-3.784677001299764,2.9058720042448657e-09
353.93245638107686,-51.584317562757434,13.199999999996642,6.683479432094879,-3.7833364568184082,2.9197325869406357e-09
