galstreams/tracks/track.st.Cetus-Palca.thomas2021.ecsv
# %ECSV 0.9
# ---
# datatype:
# - {name: ra, unit: deg, datatype: float64}
# - {name: dec, unit: deg, datatype: float64}
# - {name: distance, unit: kpc, datatype: float64}
# - {name: pm_ra_cosdec, unit: mas / yr, datatype: float64}
# - {name: pm_dec, unit: mas / yr, datatype: float64}
# - {name: radial_velocity, unit: km / s, datatype: float64}
# delimiter: ','
# meta: !!omap
# - __serialized_columns__:
#     dec:
#       __class__: astropy.coordinates.angles.Latitude
#       unit: &id001 !astropy.units.Unit {unit: deg}
#       value: !astropy.table.SerializedColumn {name: dec}
#     distance:
#       __class__: astropy.coordinates.distances.Distance
#       unit: !astropy.units.Unit {unit: kpc}
#       value: !astropy.table.SerializedColumn {name: distance}
#     pm_dec:
#       __class__: astropy.units.quantity.Quantity
#       unit: !astropy.units.Unit {unit: mas / yr}
#       value: !astropy.table.SerializedColumn {name: pm_dec}
#     pm_ra_cosdec:
#       __class__: astropy.units.quantity.Quantity
#       unit: !astropy.units.Unit {unit: mas / yr}
#       value: !astropy.table.SerializedColumn {name: pm_ra_cosdec}
#     ra:
#       __class__: astropy.coordinates.angles.Longitude
#       unit: *id001
#       value: !astropy.table.SerializedColumn {name: ra}
#       wrap_angle: !astropy.coordinates.Angle
#         unit: *id001
#         value: 360.0
#     radial_velocity:
#       __class__: astropy.units.quantity.Quantity
#       unit: !astropy.units.Unit {unit: km / s}
#       value: !astropy.table.SerializedColumn {name: radial_velocity}
# schema: astropy-2.0
ra,dec,distance,pm_ra_cosdec,pm_dec,radial_velocity
[from data line 560]
42.34179196893893,-61.90192366293149,34.84676230249855,1.090944980781416,0.2208023669767113,6.315575347404253e-15
42.33435095771549,-61.89254171340601,34.846716680209255,1.0909246930887986,0.22046731960519683,6.315575347404253e-15
42.326913894345026,-61.883159490075506,34.8466711424574,1.090904325203111,0.2201323728333934,0.0
42.31948077503936,-61.87377699322224,34.84662568916041,1.0908838772167682,0.2197975266072652,0.0
42.312051596015074,-61.86439422312813,34.84658032023571,1.0908633492220596,0.21946278087283963,1.473634247727659e-14
42.30462635349352,-61.85501118007481,34.846535035600695,1.0908427413111517,0.21912813557620797,1.6841534259744676e-14
42.29720504370066,-61.84562786434346,34.846489835172825,1.0908220535760855,0.21879359066352247,-2.1051917824680845e-15
42.28978766286716,-61.836244276214856,34.84644471886951,1.0908012861087792,0.21845914608099862,0.0
42.282374207228436,-61.82686041596944,34.84639968660817,1.0907804390010258,0.21812480177491395,1.6841534259744676e-14
42.274964673024506,-61.81747628388728,34.84635473830624,1.090759512344496,0.2177905576916084,1.0525958912340423e-14
42.267559056500104,-61.80809188024808,34.84630987388113,1.0907385062307373,0.21745641377748445,1.0525958912340423e-14
42.26015735390465,-61.79870720533116,34.846265093250274,1.0907174207511725,0.217122369979007,8.420767129872338e-15
42.2527595614922,-61.78932225941549,34.846220396331084,1.0906962559971034,0.21678842624270261,1.6841534259744676e-14
42.245365675521434,-61.779937042779636,34.84617578304099,1.0906750120597075,0.21645458251515975,6.315575347404253e-15
42.23797569225575,-61.77055155570181,34.84613125329743,1.0906536890300402,0.21612083874303029,8.420767129872338e-15
42.230589607963054,-61.76116579845982,34.84608680701779,1.0906322869990366,0.21578719487302558,4.210383564936169e-15
42.22320741891612,-61.75177977133125,34.84604244411952,1.0906108060575068,0.2154536508519232,2.315710960714893e-14
42.2158291213921,-61.74239347459316,34.845998164520054,1.0905892462961397,0.2151202066265575,2.7367493172085098e-14
42.20845471167289,-61.733006908522285,34.8459539681368,1.090567607805505,0.2147868621438279,1.6841534259744676e-14
42.20108418604497,-61.72362007339499,34.845909854887175,1.090545890676048,0.21445361735069468,1.2631150694808506e-14
42.19371754079942,-61.714232969487306,34.84586582468861,1.0905240949980937,0.21412047219417948,-2.1051917824680845e-15
42.18635477223193,-61.704845597074886,34.84582187745853,1.090502220861847,0.2137874266213655,6.315575347404253e-15
42.17899587664276,-61.695457956433,34.84577801311436,1.0904802683573913,0.21345448057939861,2.1051917824680845e-15
42.17164085033679,-61.68607004783657,34.845734231573516,1.0904582375746896,0.2131216340154854,-8.420767129872338e-15
42.16428968962345,-61.676681871560156,34.84569053275344,1.0904361286035837,0.2127888868768933,2.1051917824680845e-15
42.15694239081672,-61.66729342787795,34.84564691657153,1.0904139415337961,0.2124562391109513,-6.315575347404253e-15
42.14959895023514,-61.65790471706372,34.84560338294523,1.09039167645493,0.21212369066505013,2.1051917824680845e-15
42.14225936420191,-61.648515739391065,34.84555993179195,1.090369333456467,0.21179124148664263,1.0525958912340423e-14
42.13492362904468,-61.63912649513301,34.845516563029115,1.0903469126277705,0.21145889152324107,1.0525958912340423e-14
42.12759174109563,-61.629736984562314,34.84547327657417,1.0903244140580841,0.2111266407224196,1.6841534259744676e-14
42.12026369669154,-61.62034720795136,34.84543007234449,1.0903018378365326,0.21079448903181366,1.894672604221276e-14
42.11293949217367,-61.61095716557219,34.84538695025755,1.0902791840521218,0.21046243639911932,1.0525958912340423e-14
42.10561912388783,-61.60156685769646,34.845343910230746,1.0902564527937373,0.2101304827720932,2.1051917824680845e-15
42.098302588184346,-61.59217628459549,34.84530095218151,1.0902336441501488,0.20979862809855415,3.368306851948935e-14
42.090989881418,-61.582785446540214,34.845258076027264,1.0902107582100062,0.20946687232637967,2.1051917824680846e-14
42.08368099994816,-61.573394343801255,34.845215281685434,1.090187795061841,0.20913521540351013,3.789345208442552e-14
42.07637594013861,-61.56400297664883,34.84517256907343,1.090164754794067,0.20880365727794514,2.5262301389617013e-14
42.06907469835764,-61.55461134535277,34.8451299381087,1.0901416374949817,0.2084721978977444,1.6841534259744676e-14
42.06177727097813,-61.54521945018271,34.84508738870865,1.0901184432527624,0.20814083721103172,2.1051917824680846e-14
42.0544836543773,-61.53582729140779,34.8450449207907,1.0900951721554715,0.20780957516598708,6.315575347404253e-15
42.04719384493688,-61.52643486929683,34.84500253427228,1.0900718242910532,0.20747841171085335,6.315575347404253e-15
42.03990783904304,-61.51704218411826,34.84496022907082,1.0900483997473351,0.20714734679393232,0.0
42.0326256330865,-61.507649236140225,34.844918005103736,1.0900248986120276,0.20681638036358785,2.5262301389617013e-14
42.02534722346227,-61.498256025630475,34.844875862288454,1.0900013209727257,0.20648551236824209,1.6841534259744676e-14
42.01807260656994,-61.4888625528564,34.844833800542396,1.0899776669169063,0.20615474275637805,1.6841534259744676e-14
42.010801778813466,-61.4794688180851,34.844791819782984,1.0899539365319328,0.20582407147653997,0.0
42.003534736601274,-61.47007482158323,34.84474991992765,1.0899301299050497,0.20549349847733098,2.315710960714893e-14
41.99627147634616,-61.46068056361719,34.844708100893804,1.0899062471233885,0.20516302370741415,-8.420767129872338e-15
41.989011994465336,-61.45128604445287,34.84466636259888,1.0898822882739636,0.2048326471155121,8.420767129872338e-15
41.981756287380584,-61.44189126435616,34.844624704960296,1.0898582534436743,0.2045023686504105,-2.1051917824680845e-15
41.97450435151775,-61.432496223592096,34.84458312789548,1.0898341427193055,0.20417218826094868,4.210383564936169e-15
41.967256183307455,-61.42310092242583,34.84454163132185,1.0898099561875263,0.20384210589603238,2.1051917824680846e-14
41.96001177918444,-61.4137053611219,34.84450021515684,1.0897856939348913,0.20351212150462258,1.0525958912340423e-14
41.952771135587966,-61.40430953994459,34.84445887931787,1.0897613560478407,0.2031822350357416,1.473634247727659e-14
41.94553424896157,-61.394913459157785,34.84441762372235,1.0897369426127013,0.20285244643847056,8.420767129872338e-15
41.938301115753276,-61.38551711902508,34.844376448287704,1.0897124537156848,0.2025227556619511,1.2631150694808506e-14
41.931071732415354,-61.37612051980972,34.844335352931374,1.0896878894428885,0.2021931626553834,-1.2631150694808506e-14
41.92384609540452,-61.36672366177454,34.84429433757077,1.089663249880297,0.20186366736802738,1.2631150694808506e-14
41.91662420118178,-61.35732654518211,34.84425340212333,1.089638535113781,0.20153426974920213,1.894672604221276e-14
41.90940604621246,-61.34792917029456,34.84421254650647,1.0896137452290973,0.2012049697482849,6.315575347404253e-15
41.90219162696642,-61.3385315373739,34.844171770637594,1.0895888803118905,0.20087576731471612,2.1051917824680845e-15
41.89498093991752,-61.32913364668144,34.84413107443415,1.0895639404476922,0.20054666239798946,2.1051917824680846e-14
41.88777398154424,-61.31973549847849,34.844090457813564,1.0895389257219203,0.2002176549476626,3.157787673702127e-14
41.88057074832922,-61.31033709302581,34.84404992069324,1.089513836219881,0.19988874491334976,2.5262301389617013e-14
41.873371236759446,-61.300938430583884,34.84400946299061,1.0894886720267678,0.19955993224472418,1.0525958912340423e-14
41.86617544332623,-61.29153951141287,34.8439690846231,1.089463433227662,0.19923121689151907,2.1051917824680845e-15
41.85898336452515,-61.28214033577255,34.843928785508126,1.0894381199075334,0.19890259880352573,2.1051917824680845e-15
41.85179499685611,-61.27274090392242,34.84388856556311,1.0894127321512388,0.1985740779305944,1.0525958912340423e-14
41.84461033682325,-61.26334121612157,34.843848424705506,1.0893872700435248,0.19824565422263335,6.315575347404253e-15
41.837429380935056,-61.25394127262879,34.8438083628527,1.0893617336690258,0.1979173276296104,1.2631150694808506e-14
41.830252125704234,-61.244541073702536,34.843768379922125,1.089336123112265,0.19758909810155195,1.2631150694808506e-14
41.823078567647755,-61.23514061960092,34.84372847583122,1.0893104384576549,0.19726096558854228,6.315575347404253e-15
41.81590870328684,-61.22573991058164,34.84368865049739,1.0892846797894968,0.1969329300407236,1.473634247727659e-14
41.80874252914709,-61.216338946902276,34.84364890383807,1.0892588471919822,0.1966049914082993,1.6841534259744676e-14
41.801580041758186,-61.20693772881984,34.84360923577068,1.08923294074919,0.1962771496415278,2.1051917824680845e-15
41.79442123765414,-61.19753625659109,34.84356964621264,1.0892069605450918,0.19594940469072758,2.1051917824680846e-14
41.78726611337317,-61.188134530472524,34.84353013508137,1.0891809066635467,0.19562175650627459,6.315575347404253e-15
41.78011466545773,-61.17873255072018,34.84349070229433,1.089154779188305,0.19529420503860342,2.1051917824680845e-15
41.7729668904545,-61.169330317589804,34.84345134776889,1.0891285782030073,0.19496675023820656,3.157787673702127e-14
41.76582278491434,-61.15992783133687,34.8434120714225,1.0891023037911847,0.19463939205563432,1.473634247727659e-14
41.7586823453924,-61.150525092216455,34.843372873172584,1.0890759560362575,0.19431213044149526,-4.210383564936169e-15
41.751545568447966,-61.14112210048334,34.84333375293656,1.0890495350215397,0.19398496534645618,1.473634247727659e-14
41.74441245064453,-61.13171885639194,34.84329471063185,1.0890230408302337,0.193657896721241,1.6841534259744676e-14
41.737282988549744,-61.12231536019631,34.843255746175885,1.0889964735454343,0.19333092451663092,1.6841534259744676e-14
41.730157178735574,-61.11291161215033,34.843216859486084,1.0889698332501274,0.193004048683467,-4.210383564936169e-15
41.723035017778045,-61.10350761250738,34.84317805047987,1.0889431200271908,0.19267726917264644,1.473634247727659e-14
41.71591650225738,-61.09410336152059,34.84313931907467,1.0889163339593944,0.19235058593512405,1.0525958912340423e-14
41.70880162875797,-61.084698859442724,34.843100665187904,1.0888894751293987,0.1920239989219124,2.5262301389617013e-14
41.70169039386837,-61.07529410652625,34.84306208873701,1.088862543619757,0.19169750808408137,2.7367493172085098e-14
41.69458279418127,-61.065889103023274,34.84302358963939,1.0888355395129161,0.1913711133727588,2.1051917824680845e-15
41.68747882629358,-61.056483849185625,34.84298516781246,1.0888084628912145,0.19104481473912954,3.9998643866893604e-14
41.680378486806234,-61.04707834526475,34.842946823173676,1.0887813138368818,0.19071861213443503,8.420767129872338e-15
41.67328177232442,-61.037672591511814,34.84290855564043,1.0887540924320436,0.19039250550997586,2.315710960714893e-14
41.66618867945738,-61.02826658817762,34.842870365130175,1.088726798758715,0.1900664948171077,2.315710960714893e-14
41.65909920481844,-61.01886033551262,34.84283225156032,1.088699432898808,0.18974058000724395,4.210383564936169e-15
41.65201334502522,-61.00945383376709,34.84279421484829,1.088671994934125,0.18941476103185687,1.2631150694808506e-14
41.64493109669925,-61.00004708319081,34.84275625491149,1.088644484946364,0.189089037842473,4.210383564936169e-15
41.6378524564663,-60.990640084033316,34.842718371667374,1.0886169030171153,0.18876341039067782,0.0
41.63077742095618,-60.98123283654379,34.842680565033355,1.0885892492278648,0.188437878628113,2.315710960714893e-14
41.62370598680276,-60.97182534097112,34.842642834926835,1.0885615236599908,0.18811244250647605,1.6841534259744676e-14
41.6166381506441,-60.962417597563864,34.84260518126528,1.0885337263947665,0.18778710197752377,2.7367493172085098e-14
41.60957390912222,-60.95300960657024,34.842567603966074,1.0885058575133608,0.18746185699306625,-4.210383564936169e-15
41.60251325888331,-60.94360136823815,34.842530102946654,1.0884779170968362,0.18713670750497355,2.7367493172085098e-14
41.59545619657759,-60.9341928828152,34.84249267812446,1.0884499052261494,0.18681165346517037,8.420767129872338e-15
41.58840271885933,-60.92478415054864,34.842455329416886,1.0884218219821535,0.186486694825638,0.0
41.58135282238685,-60.9153751716854,34.842418056741366,1.0883936674455967,0.18616183153841492,2.1051917824680846e-14
41.57430650382261,-60.90596594647216,34.84238086001534,1.088365441697121,0.18583706355559632,2.5262301389617013e-14
41.567263759833025,-60.89655647515522,34.84234373915622,1.0883371448172654,0.18551239082933246,1.0525958912340423e-14
41.56022458708856,-60.88714675798056,34.84230669408142,1.088308776886465,0.185187813311831,6.315575347404253e-15
41.55318898226374,-60.87773679519384,34.84226972470838,1.0882803379850496,0.184863330955355,2.1051917824680846e-14
41.54615694203708,-60.86832658704045,34.84223283095452,1.088251828193246,0.18453894371222446,2.1051917824680845e-15
41.539128463091174,-60.8589161337654,34.842196012737254,1.0882232475911764,0.18421465153481548,1.2631150694808506e-14
41.532103542112566,-60.84950543561341,34.84215926997401,1.0881945962588606,0.18389045437555868,1.6841534259744676e-14
41.52508217579182,-60.84009449282889,34.8421226025822,1.088165874276215,0.18356635218694328,1.2631150694808506e-14
41.51806436082358,-60.830683305655946,34.842086010479285,1.0881370817230502,0.1832423449215121,1.2631150694808506e-14
41.51105009390639,-60.82127187433834,34.84204949358265,1.088108218679078,0.18291843253186565,2.315710960714893e-14
41.5040393717428,-60.8118601991195,34.84201305180973,1.088079285223904,0.18259461497065776,2.5262301389617013e-14
41.497032191039494,-60.802448280242714,34.84197668507795,1.0880502814370323,0.18227089219060238,8.420767129872338e-15
41.490028548506835,-60.79303611795059,34.84194039330474,1.088021207397865,0.18194726414446355,2.5262301389617013e-14
41.48302844085948,-60.78362371248586,34.84190417640751,1.0879920631857007,0.1816237307850656,-8.420767129872338e-15
41.476031864815866,-60.77421106409063,34.841868034303694,1.0879628488797375,0.181300292065287,1.894672604221276e-14
41.46903881709844,-60.764798173006824,34.841831966910725,1.087933564559069,0.18097694793806046,0.0
41.46204929443361,-60.75538503947601,34.841795974145995,1.08790421030269,0.18065369835637562,2.5262301389617013e-14
41.45506329355172,-60.74597166373947,34.841760055926954,1.0878747861894913,0.18033054327327652,1.894672604221276e-14
41.448080811187054,-60.736558046038176,34.84172421217102,1.0878452922982638,0.1800074826418641,1.6841534259744676e-14
41.44110184407789,-60.727144186612755,34.841688442795615,1.0878157287076955,0.17968451641529282,1.6841534259744676e-14
41.43412638896636,-60.71773008570359,34.84165274771815,1.0877860954963747,0.17936164454677306,6.315575347404253e-15
41.42715444259861,-60.70831574355069,34.84161712685607,1.0877563927427882,0.17903886698957125,6.315575347404253e-15
41.42018600172461,-60.69890116039379,34.84158158012679,1.0877266205253227,0.17871618369700773,4.631421921429786e-14
41.41322106309825,-60.68948633647225,34.84154610744773,1.087696778922262,0.17839359462245685,2.1051917824680845e-15
41.406259623477524,-60.68007127202528,34.84151070873632,1.0876668680117922,0.17807109971935225,1.2631150694808506e-14
41.399301679624095,-60.67065596729165,34.84147538390999,1.0876368878719977,0.1777486989411785,1.0525958912340423e-14
41.392347228303635,-60.66124042250984,34.84144013288613,1.0876068385808635,0.17742639224147602,3.368306851948935e-14
41.38539626628566,-60.65182463791804,34.8414049555822,1.087576720216274,0.17710417957383998,4.210383564936169e-15
41.37844879034364,-60.64240861375414,34.8413698519156,1.0875465328560139,0.17678206089192172,1.2631150694808506e-14
41.37150479725486,-60.63299235025574,34.84133482180378,1.0875162765777686,0.17646003614942538,0.0
41.364564283800505,-60.62357584766006,34.841299865164125,1.0874859514591244,0.17613810530011081,1.894672604221276e-14
41.35762724676566,-60.61415910620412,34.841264981914094,1.0874555575775675,0.17581626829779246,2.315710960714893e-14
