galstreams/tracks/track.st.NGC1261a.ibata2024.ecsv
# %ECSV 1.0
# ---
# datatype:
# - {name: ra, unit: deg, datatype: float64}
# - {name: dec, unit: deg, datatype: float64}
# - {name: distance, unit: kpc, datatype: float64}
# - {name: pm_ra_cosdec, unit: mas / yr, datatype: float64}
# - {name: pm_dec, unit: mas / yr, datatype: float64}
# - {name: radial_velocity, unit: km / s, datatype: float64}
# delimiter: ','
# meta: !!omap
# - __serialized_columns__:
#     dec:
#       __class__: astropy.coordinates.angles.Latitude
#       unit: &id001 !astropy.units.Unit {unit: deg}
#       value: !astropy.table.SerializedColumn {name: dec}
#     distance:
#       __class__: astropy.coordinates.distances.Distance
#       unit: !astropy.units.Unit {unit: kpc}
#       value: !astropy.table.SerializedColumn {name: distance}
#     pm_dec:
#       __class__: astropy.units.quantity.Quantity
#       unit: !astropy.units.Unit {unit: mas / yr}
#       value: !astropy.table.SerializedColumn {name: pm_dec}
#     pm_ra_cosdec:
#       __class__: astropy.units.quantity.Quantity
#       unit: !astropy.units.Unit {unit: mas / yr}
#       value: !astropy.table.SerializedColumn {name: pm_ra_cosdec}
#     ra:
#       __class__: astropy.coordinates.angles.Longitude
#       unit: *id001
#       value: !astropy.table.SerializedColumn {name: ra}
#       wrap_angle: !astropy.coordinates.Angle
#         unit: *id001
#         value: 360.0
#     radial_velocity:
#       __class__: astropy.units.quantity.Quantity
#       unit: !astropy.units.Unit {unit: km / s}
#       value: !astropy.table.SerializedColumn {name: radial_velocity}
# schema: astropy-2.0
ra,dec,distance,pm_ra_cosdec,pm_dec,radial_velocity
[from data line 1598]
53.45731124391866,-46.281738259594405,0.9999999999999993,2.3488390323328012,-1.1874400933194948,89.5661117223034
53.466959195185154,-46.272740935687786,0.9999999999999991,2.348070249149223,-1.1876769267403287,89.966010847945
53.47662163528013,-46.26374504463239,0.9999999999999994,2.347296181463773,-1.1879185631558755,90.36718900196217
53.4862985795493,-46.254750585421405,0.9999999999999992,2.346516823531501,-1.1881650129970165,90.76964771062431
53.49599004333297,-46.24575755703778,0.9999999999999992,2.345732169616208,-1.1884162867034824,91.17338850020109
53.50569604196596,-46.236765958454164,0.9999999999999991,2.3449422139904703,-1.188672394723861,91.57841289696216
53.51541659077768,-46.227775788632975,0.9999999999999993,2.34414695093564,-1.188933347515622,91.98472242717719
53.525151705092114,-46.2187870465263,0.9999999999999993,2.3433463747418903,-1.1891991555451202,92.39231861711565
53.53490140022778,-46.20979973107589,0.9999999999999992,2.342540479708229,-1.189469829287626,92.80120299304745
53.54466569149782,-46.20081384121323,0.9999999999999992,2.3417292601425155,-1.1897453792272952,93.21137708124218
53.554444594209926,-46.191829375859434,0.9999999999999992,2.3409127103614846,-1.1900258158572292,93.62284240796936
53.56423812366642,-46.18284633392528,0.9999999999999992,2.340090824690769,-1.1903111496794523,94.0356004994987
53.57404629516417,-46.17386471431118,0.9999999999999992,2.3392635974649263,-1.190601391204945,94.44965288209987
53.583869123994674,-46.16488451590716,0.9999999999999993,2.3384310230274465,-1.1908965509536351,94.86500108204234
53.59370662544405,-46.15590573759286,0.9999999999999992,2.3375930957307878,-1.1911966394544287,95.28164662559598
53.603558814793004,-46.14692837823751,0.9999999999999993,2.3367498099363893,-1.1915016672452143,95.69959103903048
53.61342570731687,-46.13795243669993,0.9999999999999993,2.3359011600146955,-1.1918116448728764,96.1188358486153
53.62330731828561,-46.12897791182851,0.9999999999999992,2.3350471403451785,-1.1921265828932928,96.53938258062007
53.633203662963794,-46.120004802461175,0.9999999999999991,2.3341877453163633,-1.192446491871376,96.96123276131455
53.64311475661064,-46.11103310742541,0.9999999999999992,2.333322969325838,-1.1927713823810535,97.38438791696822
53.65304061448003,-46.10206282553821,0.9999999999999993,2.3324528067802888,-1.1931012650053017,97.80884957385099
53.66298125182042,-46.093093955606115,0.9999999999999993,2.331577252095512,-1.1934361503361437,98.23461925823237
53.67293668387497,-46.08412649642511,0.9999999999999993,2.3306962996964415,-1.1937760489746712,98.66169849638197
53.682906925881504,-46.07516044678072,0.9999999999999992,2.3298099440171667,-1.1941209715310475,99.0900888145695
53.692891993072465,-46.066195805447904,0.9999999999999992,2.328918179500958,-1.1944709286245203,99.51979173906453
53.70289190067496,-46.05723257119111,0.9999999999999991,2.328021000600283,-1.1948259308834484,99.95080879613657
53.712906663910815,-46.048270742764196,0.9999999999999992,2.3271184017768327,-1.1951859889452816,100.3831415120556
53.72293629799647,-46.03931031891046,0.9999999999999993,2.3262103775015452,-1.1955511134566112,100.8167914130911
53.732980818143076,-46.03035129836265,0.9999999999999993,2.3252969222546263,-1.1959213150731411,101.25176002551274
53.74304023955645,-46.021393679842866,0.9999999999999991,2.324378030525561,-1.1962966044597447,101.68804887559008
53.75311457743711,-46.012437462062664,0.9999999999999993,2.323453696813151,-1.196676992290417,102.12565948959285
53.76320384698025,-46.00348264372291,0.999999999999999,2.3225239156255313,-1.1970624892483404,102.56459339379046
53.77330806337578,-45.99452922351386,0.9999999999999993,2.321588681480179,-1.1974531060258933,103.00485211445302
53.78342724180831,-45.98557720011511,0.9999999999999992,2.320647988903957,-1.1978488533246097,103.44643717784984
53.79356139745713,-45.97662657219563,0.9999999999999992,2.319701832433128,-1.198249741855241,103.88935011025062
53.80371054549628,-45.96767733841365,0.9999999999999992,2.3187502066133625,-1.198655782337756,104.33359243792506
53.81387470109447,-45.958729497416755,0.9999999999999992,2.3177931059997805,-1.1990669855013376,104.77916568714275
53.82405387941516,-45.9497830478418,0.9999999999999993,2.3168305251569663,-1.1994833620844112,105.22607138417318
53.83424809561652,-45.94083798831495,0.9999999999999991,2.3158624586589776,-1.199904922834639,105.67431105528634
53.84445736485145,-45.93189431745159,0.9999999999999991,2.3148889010893967,-1.2003316785089577,106.12388622675171
53.8546817022676,-45.92295203385638,0.9999999999999991,2.3139098470413133,-1.2007636398735553,106.57479842483889
53.86492112300732,-45.91401113612324,0.9999999999999991,2.3129252911173905,-1.20120081770391,107.0270491758176
53.87517564220774,-45.90507162283531,0.9999999999999994,2.3119352279298475,-1.201643222784785,107.48064000595744
53.88544527500069,-45.89613349256492,0.9999999999999992,2.310939652100515,-1.202090865910252,107.93557244152784
53.89573003651279,-45.8871967438736,0.9999999999999992,2.3099385582608276,-1.2025437578837082,108.39184800879889
53.906029941865384,-45.87826137531211,0.9999999999999993,2.3089319410518545,-1.2030019095178286,108.84946823403995
53.91634500617458,-45.86932738542032,0.999999999999999,2.3079197951243478,-1.2034653316346784,109.30843464352073
53.92667524455127,-45.8603947727273,0.9999999999999992,2.30690211513872,-1.2039340350656573,109.76874876351089
53.93702067210106,-45.85146353575124,0.9999999999999992,2.305878895765109,-1.2044080306514875,110.23041212028004
53.94738130392437,-45.8425336729995,0.9999999999999991,2.3048501316833656,-1.2048873292423092,110.69342624009762
53.95775715511635,-45.83360518296851,0.9999999999999991,2.303815817583108,-1.2053719416976065,111.15779264923371
53.96814824076697,-45.82467806414382,0.9999999999999991,2.302775948163701,-1.2058618788862763,111.62351287395771
53.97855457596096,-45.81575231500008,0.9999999999999991,2.301730518134324,-1.2063571516866016,112.09058844053924
53.98897617577783,-45.806827934001014,0.9999999999999992,2.3006795222139695,-1.2068577709863,112.55902087524805
53.99941305529186,-45.797904919599404,0.9999999999999992,2.2996229551314666,-1.2073637476824768,113.02881170435373
54.009865229572135,-45.78898327023708,0.9999999999999991,2.2985608116255127,-1.2078750926817232,113.49996245412574
54.02033271368256,-45.78006298434492,0.999999999999999,2.2974930864446694,-1.2083918169000185,113.97247465083403
54.030815522681785,-45.77114406034282,0.9999999999999991,2.29641977434743,-1.2089139312628472,114.44634982074817
54.0413136716233,-45.76222649663967,0.9999999999999991,2.2953408701022004,-1.2094414467051333,114.92158949013769
54.05182717555538,-45.75331029163337,0.9999999999999991,2.2942563684873347,-1.2099743741712867,115.39819518527237
54.06235604952111,-45.7443954437108,0.999999999999999,2.293166264291173,-1.2105127246152119,115.87616843242172
54.07290030855838,-45.735481951247806,0.9999999999999992,2.292070552312035,-1.2110565090003043,116.35551075785528
54.08345996769991,-45.7265698126092,0.9999999999999991,2.290969227358281,-1.2116057382994772,116.83622368784312
54.09403504197322,-45.717659026148695,0.9999999999999991,2.289862284248282,-1.2121604234951597,117.31830874865453
54.10462554640066,-45.70874959020898,0.9999999999999991,2.288749717810493,-1.2127205755793238,117.80176746655923
54.115231495999396,-45.69984150312165,0.9999999999999992,2.2876315228834407,-1.2132862055534588,118.28660136782693
54.1258529057814,-45.69093476320718,0.9999999999999991,2.286507694315781,-1.2138573244286412,118.77281197872703
54.13648979075352,-45.682029368774934,0.9999999999999991,2.2853782269662695,-1.214433943225485,119.26040082552959
54.147142165917415,-45.67312531812317,0.9999999999999991,2.284243115703834,-1.2150160729741888,119.74936943450395
54.157810046269546,-45.66422260953899,0.9999999999999991,2.283102355407575,-1.2156037247145406,120.23971933192001
