galstreams/tracks/track.st.Hrid.ibata2020.ecsv
# %ECSV 0.9
# ---
# datatype:
# - {name: ra, unit: deg, datatype: float64}
# - {name: dec, unit: deg, datatype: float64}
# - {name: distance, unit: kpc, datatype: float64}
# - {name: pm_ra_cosdec, unit: mas / yr, datatype: float64}
# - {name: pm_dec, unit: mas / yr, datatype: float64}
# - {name: radial_velocity, unit: km / s, datatype: float64}
# delimiter: ','
# meta: !!omap
# - __serialized_columns__:
#     dec:
#       __class__: astropy.coordinates.angles.Latitude
#       unit: &id001 !astropy.units.Unit {unit: deg}
#       value: !astropy.table.SerializedColumn {name: dec}
#     distance:
#       __class__: astropy.coordinates.distances.Distance
#       unit: !astropy.units.Unit {unit: kpc}
#       value: !astropy.table.SerializedColumn {name: distance}
#     pm_dec:
#       __class__: astropy.units.quantity.Quantity
#       unit: !astropy.units.Unit {unit: mas / yr}
#       value: !astropy.table.SerializedColumn {name: pm_dec}
#     pm_ra_cosdec:
#       __class__: astropy.units.quantity.Quantity
#       unit: !astropy.units.Unit {unit: mas / yr}
#       value: !astropy.table.SerializedColumn {name: pm_ra_cosdec}
#     ra:
#       __class__: astropy.coordinates.angles.Longitude
#       unit: *id001
#       value: !astropy.table.SerializedColumn {name: ra}
#       wrap_angle: !astropy.coordinates.Angle
#         unit: *id001
#         value: 360.0
#     radial_velocity:
#       __class__: astropy.units.quantity.Quantity
#       unit: !astropy.units.Unit {unit: km / s}
#       value: !astropy.table.SerializedColumn {name: radial_velocity}
# schema: astropy-2.0
ra,dec,distance,pm_ra_cosdec,pm_dec,radial_velocity
278.58977526546283,15.17508982770734,3.211851267984767,-6.023895153260541,13.361595372944734,-5.0524602779234026e-14
278.6195820492385,15.48436111657687,3.2096719807701177,-6.032178827527374,13.50306741763889,-4.210383564936169e-14
278.6491422354418,15.793642407651655,3.2074930698155226,-6.040188335670095,13.643714340916915,-1.6841534259744676e-14
278.6784596872007,16.10293351560754,3.2053154064048344,-6.047923873626821,13.783531116700493,-4.210383564936169e-14
278.70753824417767,16.41223426031684,3.203139861821903,-6.055385670819506,13.922512719824898,-2.5262301389617013e-14
278.73638172349536,16.721544466651014,3.200967307350581,-6.062573989038089,14.060654126220546,-9.262843842859572e-14
278.76499392066165,17.030863964288237,3.1987986142747187,-6.069489121333078,14.197950313092035,0.0
278.7933786104942,17.340192587525006,3.1966346538781676,-6.076131390916271,14.334396259094731,-4.210383564936169e-14
278.82153954804437,17.649530175092828,3.1944762974447793,-6.082501150069435,14.469986944508866,-6.73661370389787e-14
278.8494804695223,17.95887656997841,3.192324416258405,-6.088598779060746,14.604717351411125,-7.578690416885104e-14
278.87720509322247,18.268231619248173,3.1901798816028952,-6.094424685068736,14.738582463843809,-5.0524602779234026e-14
278.9047171204511,18.57759517387733,3.188043564762101,-6.099979301113561,14.871577267981506,-5.894536990910637e-14
278.9320202364543,18.88696708858234,3.1859163370198758,-6.105263084995432,15.003696752295301,-2.5262301389617013e-14
278.95911811135045,19.196347221657415,3.1837990696600684,-6.110276518239898,15.134935907714603,-2.5262301389617013e-14
278.98601440106347,19.505735434815147,3.181692633966531,-6.115020105049901,15.26528972778647,-4.210383564936169e-14
279.012712748261,19.81513159303048,3.179597901223115,-6.119494371264301,15.394753208832578,-5.0524602779234026e-14
279.0392167832955,20.124535564388534,3.177515742713671,-6.123699863322736,15.523321350103808,-5.0524602779234026e-14
279.06553012515064,20.433947219935696,3.175447029722051,-6.127637147236561,15.65098915393245,-1.0104920555846805e-13
279.09165638239176,20.74336643353476,3.1733926335321057,-6.131306807565748,15.777751625882036,-8.420767129872338e-14
279.1175991541228,21.052793081722932,3.1713534254276863,-6.134709446401434,15.903603774894911,-8.420767129872338e-14
279.14336203094854,21.362227043573135,3.1693302766926443,-6.137845682354043,16.02854061343749,-3.368306851948935e-14
279.16894859594436,21.671668200559118,3.167324058610831,-6.140716149546644,16.152557157643233,-1.1789073981821273e-13
279.19436242563216,21.98111643642311,3.165335642466097,-6.143321496613541,16.275648427453376,-8.420767129872338e-14
279.2196070909656,22.290571637046902,3.1633658995422946,-6.1456623857036305,16.397809446755513,-6.73661370389787e-14
279.2446861583226,22.600033690325628,3.1614157011232744,-6.14773949148858,16.51903524351996,-3.368306851948935e-14
279.2696031905075,22.909502486044968,3.159485918492887,-6.149553500175466,16.639320849933995,-6.73661370389787e-14
279.2943617477633,23.218977915760806,3.1575774229349856,-6.1511051085237405,16.758661302533966,-1.0104920555846805e-13
279.3189653887936,23.52845987268159,3.155691085733419,-6.15239502286629,16.877051642335402,-6.73661370389787e-14
279.3434176717967,23.837948251553907,3.1538277781720403,-6.153423958134365,16.99448691496102,-1.6841534259744676e-14
279.3677221555109,24.147442948550225,3.1519883715347,-6.15419263688625,17.110962170766815,-5.0524602779234026e-14
279.391882400272,24.45694386115939,3.1501737371052494,-6.1547017883393735,17.22647246496615,-1.0104920555846805e-13
279.4159019690852,24.766450888079408,3.14838474616754,-6.1549521474056945,17.341012857751966,-5.0524602779234026e-14
279.43978442871054,25.075963929113122,3.146622270005422,-6.154944453730119,17.454578414417114,-1.0104920555846805e-13
279.46353335076293,25.385482885065805,3.1448871799027476,-6.154679450731765,17.567164205472903,-8.420767129872338e-14
279.4871523128283,25.695007657644968,3.143180347143368,-6.154157884647841,17.67876530676587,0.0
279.5106448995964,26.004538149362876,3.1415026430111337,-6.153380503579873,17.789376799592798,-1.1789073981821273e-13
279.53401470401036,26.314074263440748,3.139854938789897,-6.152348056542142,17.89899377081407,-6.73661370389787e-14
279.55726532843545,26.623615903715223,3.1382381057635085,-6.1510612925119466,18.007611312965455,-1.1789073981821273e-13
279.58040038584625,26.93316297454652,3.13665301521582,-6.149520959481663,18.11522452436823,-1.1789073981821273e-13
279.6034235010345,27.24271538072917,3.1351005384306814,-6.147727803512145,18.221828509237888,-5.0524602779234026e-14
279.626338311838,27.55227302740399,3.1335815466919446,-6.145682567787346,18.327418377791233,-1.0104920555846805e-13
279.6491484703915,27.861835819971894,3.132096911283462,-6.14338599166989,18.431989246352224,-1.6841534259744677e-13
279.67185764440086,28.171403664009944,3.1306475034890835,-6.14083880975731,18.535536237456355,-1.347322740779574e-13
279.6944695184422,28.48097646518839,3.129234194592661,-6.138041750938647,18.638054479953777,-8.420767129872338e-14
279.71698779528515,28.790554129189715,3.1278578558780445,-6.1349955374512675,18.739539109111124,-6.73661370389787e-14
279.7394161972441,29.100136561628847,3.126519358629088,-6.131700883937433,18.83998526671225,-8.420767129872338e-14
279.76175846755626,29.40972366797523,3.1252195741296394,-6.128158496500546,18.939388101157753,-6.73661370389787e-14
279.78401837178967,29.719315353475924,3.1239593736635514,-6.124369071760538,19.037742767563486,-1.1789073981821273e-13
279.8061996992805,30.028911523079834,3.122739628514676,-6.120333295908335,19.135044427858002,-1.347322740779574e-13
279.8283062646035,30.338512081363763,3.121561209966864,-6.116051843758864,19.231288250879178,-1.347322740779574e-13
279.8503419090742,30.64811693245897,3.120424989303965,-6.111525377802459,19.32646941246986,-8.420767129872338e-14
279.87231050228655,30.957725979979106,3.119331837809832,-6.106754547254207,19.420583095572702,-1.347322740779574e-13
279.89421594368645,31.2673391269489,3.1182826267683166,-6.101739987100975,19.51362449032434,-1.0104920555846805e-13
279.9160621641829,31.576956275734208,3.117278227463269,-6.09648231714565,19.605588794148844,-1.0104920555846805e-13
279.9378531277986,31.886577327972407,3.1163195111785402,-6.090982141048364,19.696471211850536,-1.1789073981821273e-13
279.9595928333611,32.19620218450357,3.1154073491979823,-6.0852400453642055,19.786266955706328,-1.515738083377021e-13
279.9812853162377,32.5058307453028,3.114542612805446,-6.079256598577051,19.874971245557568,-1.347322740779574e-13
280.0029346501137,32.81546290941259,3.1137261732847827,-6.073032350129168,19.96257930890147,-1.515738083377021e-13
280.02454494881823,33.12509857487575,3.1129589019198436,-6.066567829446052,20.049086380982292,-1.347322740779574e-13
280.0461203681982,33.43473763866926,3.1122416699944804,-6.059863544956154,20.13448770488221,-1.0104920555846805e-13
280.0676651080428,33.744379996637825,3.111575348792543,-6.052919983104983,20.218778531612042,-8.420767129872338e-14
280.0891834140605,34.054025543428054,3.1109608095978842,-6.045737607363124,20.301954120201856,-6.73661370389787e-14
280.11067957991213,34.36367417242243,3.1103989236943552,-6.038316857227679,20.384009737791626,-1.0104920555846805e-13
280.1321579492998,34.67332577567396,3.109890562365807,-6.030658147216598,20.46494065972192,-1.0104920555846805e-13
280.1536229181172,34.98298024384019,3.1094365968960878,-6.0227618658553865,20.544742169624698,-3.368306851948935e-14
280.17507893666107,35.29263746611711,3.1090378985690537,-6.014628374655604,20.623409559514357,-6.73661370389787e-14
280.19653051190835,35.60229733017341,3.1086953386685527,-6.00625800708459,20.700938129879198,-1.1789073981821273e-13
280.2179822098612,35.9119597220837,3.1084097884784376,-5.99765106752582,20.777323189773078,-6.73661370389787e-14
280.23943865796275,36.22162452626179,3.1081821192825583,-5.98880783022917,20.852560056907727,-5.0524602779234026e-14
280.26090454758645,36.53129162539289,3.108013202364767,-5.979728538250636,20.92664405774556,-1.515738083377021e-13
280.28238463660267,36.84096090036588,3.107903909008916,-5.9704134023805375,20.999570527593118,-1.0104920555846805e-13
280.3038837520257,37.1506322302042,3.1078551104988534,-5.960862600059693,21.071334810695358,-3.368306851948935e-14
280.32540679274445,37.46030549199587,3.1078676781184336,-5.951076274282764,21.141932260330652,-5.0524602779234026e-14
280.34695873234074,37.76998056082301,3.107942483151506,-5.941054532487964,21.211358238906833,-5.0524602779234026e-14
280.3685446219986,38.07965730968962,3.1080803968819226,-5.93079744543228,21.2796081180582,-6.73661370389787e-14
280.39016959350954,38.38933560944845,3.108282290593534,-5.920305046051379,21.34667727874365,-6.73661370389787e-14
280.41183886237644,38.699015328726084,3.108549035570192,-5.90957732830336,21.412561111346054,-6.73661370389787e-14
280.4335577310221,39.008696333847126,3.1088815030957484,-5.898614245995261,21.47725501577298,6.73661370389787e-14
280.4553315921058,39.318378488756,3.109280564454053,-5.887415711591476,21.540754401558722,-6.73661370389787e-14
280.47716593195315,39.628061654937135,3.109747090928958,-5.875981595002972,21.603054687967983,-3.368306851948935e-14
280.49906633410444,39.93774569133343,3.110281953804314,-5.864311722356229,21.6641513041011,-1.347322740779574e-13
280.52103848298657,40.247430454262194,3.1108860243639733,-5.8524058747408105,21.724039689000996,-6.73661370389787e-14
280.5430881677142,40.55711579732864,3.1115601738917853,-5.840263786934264,21.782715291762038,-6.73661370389787e-14
280.5652212860259,40.86680157133746,3.1123052736716037,-5.82788514610324,21.84017357164074,-3.368306851948935e-14
280.5874438483613,41.17648762420105,3.113122194987278,-5.815269590479421,21.896409998168593,-1.347322740779574e-13
280.60976198208596,41.48617380084526,3.1140118091226596,-5.802416708008919,21.951420051267004,-6.73661370389787e-14
280.6321819358709,41.79585994311159,3.1149749873616,-5.789326034973598,22.00519922136456,-6.73661370389787e-14
280.65471008423293,42.105545889656796,3.1160126009879505,-5.7759970545829855,22.05774300951663,-1.347322740779574e-13
280.6773529322445,42.415231475848394,3.1171255212855624,-5.76242919553502,22.10904692752751,-1.0104920555846805e-13
280.70011712042003,42.72491653365632,3.1183146195382867,-5.748621830543919,22.15910649807515,-6.73661370389787e-14
280.7230094297874,43.03460089154126,3.1195807670299747,-5.734574274833593,22.207917254838637,-3.368306851948935e-14
280.7460367871532,43.3442843743381,3.1209248350444776,-5.7202857845944735,22.255474742628543,-3.368306851948935e-14
280.769206270571,43.65396680313521,3.122347694865647,-5.705755555401995,22.30177451752024,-1.0104920555846805e-13
280.7925251150218,43.963647995148584,3.123850217777333,-5.690982720594644,22.34681214699024,0.0
280.81600071831804,44.273327763591546,3.1254332750633886,-5.6759663496092045,22.390583210055887,-1.0104920555846805e-13
280.83964064724006,44.5830059175385,3.1270977380076634,-5.660705446271149,22.43308329741827,-6.73661370389787e-14
280.86345264391815,44.892682261783044,3.1288444778940097,-5.645198947037587,22.474308011608635,-3.368306851948935e-14
280.88744463247093,45.202356596690564,3.1306743660062777,-5.629445719190256,22.514252967138365,-1.0104920555846805e-13
280.9116247259129,45.51202871804384,3.132588273628321,-5.613444558975901,22.552913790652696,-1.0104920555846805e-13
280.9360012333449,45.82169841688228,3.134587072043987,-5.597194189691121,22.59028612108824,-1.347322740779574e-13
280.9605826674407,46.13136547933372,3.136671632537131,-5.580693259708721,22.626365609834366,-6.73661370389787e-14
280.98537775224514,46.44102968643919,3.1388428263916017,-5.563940340442346,22.66114792089883,-1.0104920555846805e-13
281.01039543129946,46.7506908139691,3.14110152489125,-5.546933924246134,22.694628731077415,-6.73661370389787e-14
281.03564487610987,47.06034863223144,3.143448599319929,-5.529672422245671,22.726803730127934,-3.368306851948935e-14
281.06113549497724,47.3700029058708,3.1458849209614885,-5.512154162096664,22.75766862094866,-6.73661370389787e-14
281.08687694220635,47.679653393658185,3.1484113610997806,-5.494377385667242,22.787219119761247,-1.347322740779574e-13
281.11287912771445,47.98929984827072,3.151028791018655,-5.476340246639722,22.815450956298307,0.0
281.13915222705947,48.29894201606083,3.1537380820019667,-5.458040808027351,22.842359873995647,-6.73661370389787e-14
281.1657066919101,48.608579636814525,3.1565401053335616,-5.439477039601323,22.867941630189456,-6.73661370389787e-14
281.192553260981,48.9182124434976,3.1594357322972955,-5.420646815223051,22.892191996318225,-6.73661370389787e-14
281.21970297145805,49.22784016198975,3.1624258341770166,-5.401547910076479,22.915106758129824,0.0
281.2471671709392,49.537462510805284,3.1655112822565785,-5.382177997794531,22.93668171589354,-6.73661370389787e-14
281.27495752991916,49.84707920080014,3.1686929478198302,-5.3625346474741376,22.95691268461725,-6.73661370389787e-14
281.30308605484777,50.15668993486413,3.171971702150624,-5.342615320573108,22.975795494269796,-3.368306851948935e-14
281.3315651017924,50.466294407597786,3.1753484165328123,-5.3224173676822435,22.99332599000855,0.0
281.36040739073843,50.775892304972544,3.178823962250244,-5.301938025165736,23.00950003241212,-1.0104920555846805e-13
281.38962602056284,51.08548330397389,3.1823992105867727,-5.281174411661847,23.024313497718396,-1.0104920555846805e-13
281.41923448471897,51.395067072225814,3.1860750328262477,-5.260123524436103,23.037762278067728,-3.368306851948935e-14
281.4492466876715,51.70464326759606,3.1898523002525208,-5.238782235578174,23.049842281751175,-6.73661370389787e-14
281.4796769621256,52.01421153778059,3.193731884149444,-5.2171472880334635,23.060549433463933,-6.73661370389787e-14
281.5105400870944,52.323771519866305,3.197714655800867,-5.195215291459376,23.069879674563644,0.0
281.5418513068539,52.63332283987072,3.2018014864906426,-5.172982717896103,23.07782896333358,-1.0104920555846805e-13
281.57362635083666,52.94286511225699,3.2059932475026214,-5.150445897240642,23.084393275250385,-1.347322740779574e-13
281.6058814545187,53.25239793942311,3.2102908101206546,-5.127601012512368,23.089568603256268,-3.368306851948935e-14
281.63863338135985,53.5619209111635,3.214695045628593,-5.104444094897266,23.093350958035302,0.0
281.6718994458582,53.871433604101334,3.2192068253102883,-5.080971018557612,23.0957363682935,-3.368306851948935e-14
281.7056975377867,54.18093558109006,3.223827020449593,-5.057177495192536,23.096720881042266,0.0
281.7400461476838,54.49042639058171,3.2285565023303566,-5.0330590683339995,23.096300561884746,-6.73661370389787e-14
281.77496439367366,54.79990556596048,3.2333961422364306,-5.008611107361805,23.09447149530455,-6.73661370389787e-14
281.81047204969826,55.10937262483902,3.238346811451667,-4.9838288012200005,23.091229784956028,-3.368306851948935e-14
281.8465895752497,55.41882706831532,3.243409381259916,-4.958707151815615,23.08657155395574,-6.73661370389787e-14
281.88333814669505,55.72826838018751,3.248584722945029,-4.9332409670797865,23.080492945173607,0.0
281.9207396902964,56.03769602612395,3.2538737077908575,-4.907424853669217,23.07299012152345,3.368306851948935e-14
281.95881691703227,56.34710945278592,3.2592772070812535,-4.881253209285109,23.064059266251167,-3.368306851948935e-14
281.9975933593373,56.65650808689929,3.2647960921000667,-4.854720214584249,23.05369658321958,0.0
282.0370934098849,56.96589133427253,3.27043123413115,-4.827819824655586,23.04189829718828,0.0
282.07734236254515,57.27525857875689,3.276183504458354,-4.800545760033555,23.0286606540868,3.368306851948935e-14
282.11836645566365,57.58460918114531,3.282053774365528,-4.772891497217026,23.01397992127911,-3.368306851948935e-14
282.16019291781424,57.89394247800569,3.288042915136527,-4.744850258660701,22.99785238781721,-3.368306851948935e-14
