galstreams/tracks/track.st.NGC5466.jensen2021.ecsv
# %ECSV 1.0
# ---
# datatype:
# - {name: ra, unit: deg, datatype: float64}
# - {name: dec, unit: deg, datatype: float64}
# - {name: distance, unit: kpc, datatype: float64}
# - {name: pm_ra_cosdec, unit: mas / yr, datatype: float64}
# - {name: pm_dec, unit: mas / yr, datatype: float64}
# - {name: radial_velocity, unit: km / s, datatype: float64}
# delimiter: ','
# meta: !!omap
# - __serialized_columns__:
#     dec:
#       __class__: astropy.coordinates.angles.Latitude
#       unit: &id001 !astropy.units.Unit {unit: deg}
#       value: !astropy.table.SerializedColumn {name: dec}
#     distance:
#       __class__: astropy.coordinates.distances.Distance
#       unit: !astropy.units.Unit {unit: kpc}
#       value: !astropy.table.SerializedColumn {name: distance}
#     pm_dec:
#       __class__: astropy.units.quantity.Quantity
#       unit: !astropy.units.Unit {unit: mas / yr}
#       value: !astropy.table.SerializedColumn {name: pm_dec}
#     pm_ra_cosdec:
#       __class__: astropy.units.quantity.Quantity
#       unit: !astropy.units.Unit {unit: mas / yr}
#       value: !astropy.table.SerializedColumn {name: pm_ra_cosdec}
#     ra:
#       __class__: astropy.coordinates.angles.Longitude
#       unit: *id001
#       value: !astropy.table.SerializedColumn {name: ra}
#       wrap_angle: !astropy.coordinates.Angle
#         unit: *id001
#         value: 360.0
#     radial_velocity:
#       __class__: astropy.units.quantity.Quantity
#       unit: !astropy.units.Unit {unit: km / s}
#       value: !astropy.table.SerializedColumn {name: radial_velocity}
# schema: astropy-2.0
ra,dec,distance,pm_ra_cosdec,pm_dec,radial_velocity
[from data line 962]
203.52901834047333,31.814699063720543,20.189733366705152,-4.780062525806861,-1.156377518556872,1.515738083377021e-13
203.53971871713884,31.810529676295285,20.184138637686917,-4.780829496058227,-1.15592676919337,1.6841534259744677e-13
203.5504182581235,31.80635964025883,20.178546576996,-4.781596566655609,-1.155476022123537,2.1893994537668078e-13
203.56111696353116,31.80218895580256,20.172957184632395,-4.782363737619331,-1.155025277348206,1.5999457546757442e-13
203.57181483346582,31.798017623117847,20.1673704605961,-4.783131008969712,-1.1545745348682153,1.0946997268834039e-13
203.58251186803153,31.793845642396025,20.161786404887124,-4.783898380727065,-1.1541237946844116,9.262843842859572e-14
203.5932080673324,31.78967301382845,20.15620501750546,-4.784665852911709,-1.1536730567976496,8.420767129872338e-14
203.60390343147265,31.785499737606422,20.15062629845111,-4.785433425543953,-1.153222321208789,1.9367764398706378e-13
203.61459796055664,31.78132581392127,20.145050247724075,-4.786201098644114,-1.1527715879186968,9.262843842859572e-14
203.62529165468874,31.77715124296429,20.139476865324355,-4.786968872232495,-1.1523208569282475,6.73661370389787e-14
203.63598451397345,31.772976024926784,20.133906151251942,-4.787736746329408,-1.1518701282383241,1.6841534259744677e-13
203.64667653851535,31.768800160000012,20.12833810550685,-4.788504720955154,-1.1514194018498123,1.347322740779574e-13
203.6573677284192,31.764623648375213,20.122772728089068,-4.789272796130037,-1.1509686777636061,8.420767129872338e-14
203.66805808378956,31.760446490243694,20.1172100189986,-4.790040971874359,-1.1505179559806136,9.262843842859572e-14
203.67874760473137,31.756268685796677,20.111649978235437,-4.790809248208419,-1.1500672365017413,9.262843842859572e-14
203.68943629134955,31.752090235225374,20.1060926057996,-4.791577625152508,-1.1496165193279058,1.347322740779574e-13
203.70012414374915,31.747911138721005,20.100537901691073,-4.792346102726927,-1.1491658044600295,1.6841534259744676e-14
203.7108111620352,31.74373139647477,20.09498586590986,-4.793114680951964,-1.1487150918990456,6.73661370389787e-14
203.72149734631296,31.739551008677868,20.089436498455953,-4.793883359847915,-1.1482643816458906,1.0104920555846805e-13
203.73218269668766,31.73536997552147,20.083889799329366,-4.794652139435063,-1.1478136737015077,1.6841534259744677e-13
203.7428672132647,31.73118829719674,20.07834576853009,-4.795421019733696,-1.1473629680668485,0.0
203.75355089614948,31.727005973894833,20.072804406058136,-4.796190000764099,-1.1469122647428729,1.0946997268834039e-13
203.7642337454476,31.722823005806887,20.06726571191349,-4.796959082546555,-1.1464615637305464,6.73661370389787e-14
203.77491576126462,31.71863939312404,20.061729686096154,-4.797728265101343,-1.1460108650308418,4.210383564936169e-14
203.78559694370625,31.714455136037394,20.056196328606138,-4.798497548448742,-1.1455601686447383,1.6841534259744677e-13
203.79627729287836,31.710270234738058,20.050665639443423,-4.7992669326090285,-1.145109474573224,1.768361097273191e-13
203.80695680888678,31.70608468941712,20.045137618608035,-4.800036417602472,-1.1446587828172903,1.1789073981821273e-13
203.81763549183748,31.70189850026566,20.039612266099954,-4.800806003449351,-1.1442080933779404,1.0946997268834039e-13
203.82831334183652,31.697711667474742,20.03408958191919,-4.801575690169932,-1.143757406256182,1.0104920555846805e-13
203.83899035899003,31.69352419123543,20.028569566065737,-4.802345477784482,-1.1433067214530301,9.262843842859572e-14
203.84966654340428,31.68933607173875,20.0230522185396,-4.8031153663132695,-1.1428560389695068,5.0524602779234026e-14
203.8603418951855,31.68514730917574,20.017537539340776,-4.803885355776558,-1.1424053588066418,1.2631150694808508e-13
203.87101641444022,31.68095790373741,20.012025528469263,-4.804655446194607,-1.141954680965469,8.420767129872338e-14
203.88169010127484,31.676767855614766,20.006516185925065,-4.805425637587678,-1.1415040054470347,6.73661370389787e-14
203.89236295579593,31.67257716499879,20.001009511708183,-4.806195929976028,-1.141053332252389,1.6841534259744677e-13
203.9030349781102,31.66838583208047,19.995505505818613,-4.806966323379916,-1.1406026613825881,6.73661370389787e-14
203.91370616832435,31.66419385705077,19.990004168256355,-4.80773681781959,-1.1401519928386974,1.0104920555846805e-13
203.9243765265453,31.660001240100627,19.98450549902141,-4.808507413315305,-1.1397013266217866,1.6841534259744676e-14
203.93504605287978,31.655807981421002,19.979009498113786,-4.809278109887308,-1.1392506627329395,1.9367764398706378e-13
203.94571474743498,31.65161408120283,19.97351616553346,-4.81004890755585,-1.138800001173239,1.0946997268834039e-13
203.95638261031786,31.647419539637003,19.968025501280465,-4.810819806341171,-1.138349341943779,2.1893994537668078e-13
203.96704964163567,31.64322435691444,19.962537505354774,-4.811590806263521,-1.1378986850456576,2.2736071250655313e-13
203.9777158414957,31.639028533226025,19.9570521777564,-4.812361907343137,-1.1374480304799828,3.368306851948935e-14
203.9883812100052,31.634832068762627,19.951569518485336,-4.813133109600257,-1.1369973782478717,8.420767129872338e-15
203.99904574727165,31.630634963715114,19.946089527541588,-4.813904413055122,-1.1365467283504438,1.0104920555846805e-13
204.00970945340256,31.626437218274354,19.940612204925152,-4.814675817727965,-1.1360960807888274,6.73661370389787e-14
204.02037232850557,31.62223883263116,19.935137550636036,-4.8154473236390185,-1.135645435564158,5.0524602779234026e-14
204.0310343726883,31.618039806976377,19.929665564674227,-4.816218930808515,-1.1351947926775803,1.515738083377021e-13
204.04169558605858,31.61384014150081,19.924196247039728,-4.816990639256683,-1.1347441521302426,1.6841534259744677e-13
204.05235596872427,31.609639836395253,19.918729597732547,-4.817762449003748,-1.1342935139233035,9.262843842859572e-14
204.06301552079327,31.60543889185051,19.91326561675268,-4.818534360069937,-1.1338428780579244,-4.210383564936169e-14
204.0736742423736,31.601237308057357,19.907804304100132,-4.8193063724754674,-1.133392244535281,2.1051917824680845e-13
204.08433213357347,31.59703508520654,19.902345659774888,-4.820078486240569,-1.1329416133565489,1.347322740779574e-13
204.09498919450098,31.592832223488816,19.896889683776962,-4.820850701385455,-1.1324909845229127,3.368306851948935e-14
204.10564542526444,31.588628723094928,19.89143637610635,-4.821623017930342,-1.1320403580355696,8.420767129872338e-15
204.11630082597222,31.5844245842156,19.88598573676305,-4.822395435895445,-1.131589733895717,1.0946997268834039e-13
204.1269553967328,31.580219807041537,19.880537765747064,-4.823167955300977,-1.1311391121045609,5.894536990910637e-14
204.13760913765466,31.576014391763433,19.87509246305839,-4.823940576167148,-1.1306884926633176,5.894536990910637e-14
204.1482620488465,31.57180833857198,19.869649828697032,-4.824713298514167,-1.1302378755732088,1.0104920555846805e-13
204.15891413041695,31.567601647657863,19.864209862662992,-4.825486122362237,-1.1297872608354629,2.610437810260425e-13
204.16956538247487,31.56339431921172,19.858772564956258,-4.826259047731568,-1.1293366484513134,1.1789073981821273e-13
204.18021580512908,31.55918635342422,19.853337935576842,-4.82703207464236,-1.128886038422006,1.2631150694808508e-13
204.19086539848857,31.554977750485975,19.84790597452474,-4.827805203114812,-1.128435430748791,2.020984111169361e-13
204.2015141626624,31.550768510587616,19.842476681799944,-4.828578433169123,-1.1279848254329246,1.9367764398706378e-13
204.21216209775974,31.54655863391973,19.837050057402465,-4.829351764825489,-1.1275342224756684,1.0104920555846805e-13
204.22280920388968,31.542348120672962,19.8316261013323,-4.830125198104103,-1.1270836218783014,1.8525687685719145e-13
204.23345548116157,31.53813697103786,19.826204813589452,-4.830898733025157,-1.1266330236420974,8.420767129872338e-14
204.24410092968483,31.533925185205007,19.820786194173916,-4.831672369608843,-1.1261824277683443,5.894536990910637e-14
204.2547455495689,31.52971276336496,19.81537024308569,-4.832446107875348,-1.1257318342583358,1.347322740779574e-13
204.26538934092332,31.525499705708242,19.809956960324786,-4.833219947844856,-1.1252812431133705,8.420767129872338e-14
204.27603230385776,31.52128601242541,19.804546345891183,-4.833993889537554,-1.1248306543347586,2.5262301389617013e-14
204.28667443848187,31.517071683706966,19.79913839978491,-4.8347679329736195,-1.1243800679238134,2.1893994537668078e-13
204.29731574490555,31.512856719743414,19.793733122005936,-4.835542078173237,-1.1239294838818572,1.347322740779574e-13
204.30795622323862,31.50864112072525,19.788330512554282,-4.83631632515658,-1.12347890221022,1.0104920555846805e-13
204.31859587359108,31.504424886842962,19.782930571429944,-4.837090673943826,-1.123028322910238,1.4315304120782974e-13
204.32923469607294,31.500208018287008,19.77753329863291,-4.837865124555149,-1.1225777459832562,1.4315304120782974e-13
204.3398726907944,31.49599051524782,19.7721386941632,-4.838639677010719,-1.1221271714306233,2.1893994537668078e-13
204.35050985786566,31.491772377915876,19.766746758020798,-4.8394143313307065,-1.1216765992537,1.515738083377021e-13
204.361146197397,31.487553606481583,19.76135749020571,-4.840189087535276,-1.1212260294538499,2.5262301389617013e-14
204.37178170949883,31.483334201135342,19.75597089071794,-4.840963945644598,-1.1207754620324477,1.4315304120782974e-13
204.3824163942816,31.479114162067578,19.750586959557477,-4.841738905678831,-1.1203248969908732,1.4315304120782974e-13
204.39305025185593,31.474893489468663,19.74520569672433,-4.84251396765814,-1.1198743343305104,-8.420767129872338e-15
204.40368328233237,31.470672183528972,19.739827102218495,-4.84328913160268,-1.1194237740527584,3.368306851948935e-14
204.41431548582165,31.466450244438864,19.734451176039975,-4.84406439753261,-1.1189732161590173,1.515738083377021e-13
204.42494686243464,31.46222767238869,19.72907791818877,-4.844839765468086,-1.118522660650695,1.347322740779574e-13
204.4355774122822,31.458004467568795,19.72370732866488,-4.845615235429259,-1.118072107529208,6.73661370389787e-14
204.4462071354753,31.453780630169483,19.7183394074683,-4.846390807436282,-1.1176215567959806,1.1789073981821273e-13
204.45683603212498,31.449556160381075,19.712974154599035,-4.8471664815093005,-1.117171008452444,1.2631150694808508e-13
204.4674641023424,31.445331058393858,19.707611570057082,-4.847942257668466,-1.1167204625000344,9.262843842859572e-14
204.47809134623884,31.4411053243981,19.702251653842445,-4.848718135933922,-1.116269918940196,1.0104920555846805e-13
204.48871776392545,31.436878958584117,19.69689440595512,-4.849494116325807,-1.1158193777743879,1.0104920555846805e-13
204.49934335551367,31.43265196114212,19.691539826395108,-4.850270198864266,-1.1153688390040641,2.1893994537668078e-13
204.50996812111504,31.428424332262377,19.686187915162414,-4.851046383569434,-1.1149183026306932,1.2631150694808508e-13
204.52059206084107,31.424196072135107,19.68083867225703,-4.851822670461452,-1.1144677686557518,1.0946997268834039e-13
204.53121517480335,31.41996718095052,19.675492097678962,-4.8525990595604505,-1.1140172370807186,1.4315304120782974e-13
204.54183746311367,31.415737658898827,19.670148191428197,-4.853375550886565,-1.113566707907085,1.8525687685719145e-13
204.5524589258838,31.411507506170206,19.664806953504762,-4.854152144459921,-1.113116181136344,9.262843842859572e-14
204.56307956322559,31.407276722954848,19.659468383908628,-4.854928840300653,-1.1126656567700035,2.2736071250655313e-13
204.57369937525104,31.403045309442913,19.654132482639813,-4.855705638428883,-1.1122151348095708,1.9367764398706378e-13
204.5843183620722,31.39881326582454,19.64879924969831,-4.8564825388647375,-1.1117646152565652,1.2631150694808508e-13
204.5949365238012,31.39458059228987,19.643468685084116,-4.857259541628338,-1.1113140981125136,6.73661370389787e-14
204.6055538605502,31.39034728902903,19.638140788797244,-4.8580366467398015,-1.1108635833789477,1.347322740779574e-13
204.61617037243158,31.386113356232123,19.632815560837688,-4.8588138542192505,-1.1104130710574074,2.5262301389617013e-14
204.6267860595576,31.381878794089257,19.627493001205437,-4.859591164086798,-1.1099625611494424,1.4315304120782974e-13
204.63740092204083,31.377643602790503,19.622173109900505,-4.860368576362561,-1.1095120536566032,4.210383564936169e-14
204.64801495999373,31.373407782525934,19.616855886922878,-4.861146091066649,-1.1090615485804567,1.0946997268834039e-13
204.658628173529,31.3691713334856,19.611541332272573,-4.86192370821917,-1.1086110459225693,9.262843842859572e-14
204.66924056275926,31.36493425585956,19.606229445949577,-4.862701427840236,-1.108160545684518,1.515738083377021e-13
204.67985212779732,31.360696549837826,19.600920227953896,-4.86347924994995,-1.1077100478678887,8.420767129872338e-14
204.69046286875607,31.356458215610417,19.59561367828553,-4.864257174568416,-1.1072595524742705,6.73661370389787e-14
204.70107278574847,31.35221925336734,19.59030979694448,-4.8650352017157354,-1.1068090595052635,5.894536990910637e-14
204.71168187888748,31.34797966329858,19.585008583930733,-4.865813331412009,-1.1063585689624742,9.262843842859572e-14
204.72229014828628,31.343739445594125,19.579710039244308,-4.866591563677333,-1.105908080847516,9.262843842859572e-14
204.73289759405802,31.339498600443914,19.574414162885198,-4.867369898531804,-1.1054575951620091,1.4315304120782974e-13
204.743504216316,31.33525712803792,19.5691209548534,-4.868148335995512,-1.105007111907582,1.0104920555846805e-13
204.75411001517358,31.33101502856606,19.563830415148914,-4.868926876088555,-1.1045566310858699,1.0946997268834039e-13
204.76471499074427,31.32677230221824,19.55854254377174,-4.869705518831017,-1.1041061526985139,8.420767129872338e-14
204.7753191431414,31.322528949184417,19.55325734072188,-4.870484264242983,-1.1036556767471695,1.2631150694808508e-13
204.7859224724787,31.318284969654446,19.54797480599934,-4.8712631123445425,-1.103205203233491,1.515738083377021e-13
204.7965249788698,31.31404036381823,19.54269493960411,-4.872042063155779,-1.102754732159143,2.1051917824680845e-13
204.80712666242852,31.30979513186562,19.537417741536192,-4.872821116696772,-1.1023042635257991,1.2631150694808508e-13
204.81772752326864,31.305549273986486,19.532143211795585,-4.873600272987602,-1.1018537973351394,1.1789073981821273e-13
204.82832756150412,31.30130279037066,19.526871350382297,-4.874379532048341,-1.1014033335888502,1.347322740779574e-13
204.83892677724901,31.29705568120796,19.52160215729632,-4.875158893899069,-1.1009528722886255,1.0946997268834039e-13
204.8495251706173,31.292807946688207,19.516335632537654,-4.87593835855986,-1.1005024134361687,5.894536990910637e-14
204.86012274172322,31.28855958700121,19.511071776106306,-4.8767179260507785,-1.1000519570331875,2.5262301389617013e-14
204.87071949068098,31.284310602336728,19.50581058800227,-4.877497596391897,-1.0996015030814013,7.578690416885104e-14
204.88131541760492,31.28006099288457,19.500552068225545,-4.878277369603282,-1.0991510515825325,1.5999457546757442e-13
204.89191052260952,31.275810758834464,19.49529621677614,-4.879057245704997,-1.0987006025383106,9.262843842859572e-14
204.90250480580914,31.27155990037617,19.49004303365404,-4.879837224717109,-1.098250155950478,1.0104920555846805e-13
204.91309826731845,31.26730841769942,19.484792518859262,-4.880617306659671,-1.0977997118207794,1.347322740779574e-13
204.92369090725208,31.26305631099393,19.47954467239179,-4.8813974915527485,-1.097349270150969,8.420767129872338e-14
204.93428272572476,31.258803580449392,19.474299494251635,-4.882177779416394,-1.0968988309428076,9.262843842859572e-14
204.94487372285127,31.254550226255525,19.469056984438794,-4.882958170270661,-1.0964483941980645,9.262843842859572e-14
204.9554638987465,31.250296248601973,19.463817142953264,-4.883738664135605,-1.095997959918515,1.4315304120782974e-13
204.9660532535255,31.246041647678414,19.458579969795053,-4.884519261031273,-1.0955475281059441,1.515738083377021e-13
