galstreams/tracks/track.st.New-27.ibata2024.ecsv
# %ECSV 1.0
# ---
# datatype:
# - {name: ra, unit: deg, datatype: float64}
# - {name: dec, unit: deg, datatype: float64}
# - {name: distance, unit: kpc, datatype: float64}
# - {name: pm_ra_cosdec, unit: mas / yr, datatype: float64}
# - {name: pm_dec, unit: mas / yr, datatype: float64}
# - {name: radial_velocity, unit: km / s, datatype: float64}
# delimiter: ','
# meta: !!omap
# - __serialized_columns__:
#     dec:
#       __class__: astropy.coordinates.angles.Latitude
#       unit: &id001 !astropy.units.Unit {unit: deg}
#       value: !astropy.table.SerializedColumn {name: dec}
#     distance:
#       __class__: astropy.coordinates.distances.Distance
#       unit: !astropy.units.Unit {unit: kpc}
#       value: !astropy.table.SerializedColumn {name: distance}
#     pm_dec:
#       __class__: astropy.units.quantity.Quantity
#       unit: !astropy.units.Unit {unit: mas / yr}
#       value: !astropy.table.SerializedColumn {name: pm_dec}
#     pm_ra_cosdec:
#       __class__: astropy.units.quantity.Quantity
#       unit: !astropy.units.Unit {unit: mas / yr}
#       value: !astropy.table.SerializedColumn {name: pm_ra_cosdec}
#     ra:
#       __class__: astropy.coordinates.angles.Longitude
#       unit: *id001
#       value: !astropy.table.SerializedColumn {name: ra}
#       wrap_angle: !astropy.coordinates.Angle
#         unit: *id001
#         value: 360.0
#     radial_velocity:
#       __class__: astropy.units.quantity.Quantity
#       unit: !astropy.units.Unit {unit: km / s}
#       value: !astropy.table.SerializedColumn {name: radial_velocity}
# schema: astropy-2.0
ra,dec,distance,pm_ra_cosdec,pm_dec,radial_velocity
[from data line 566]
343.10051566808283,-47.94521642586441,0.9999999999999972,1.8195897739656814,-6.642940084751444,-209.29079060327595
343.1051696296292,-47.927326739794545,0.9999999999999973,1.8230979231978743,-6.632316789885355,-208.73929404432045
343.109856787382,-47.9094430750772,0.9999999999999974,1.8266208357957243,-6.621656567780029,-208.17474138633872
343.11457730485796,-47.8915654604245,0.9999999999999976,1.8301585554865358,-6.610959316899475,-207.59707986956545
343.1193313454031,-47.87369392448645,0.9999999999999977,1.8337111257752117,-6.600224935644981,-207.00625673423505
343.1241190721933,-47.855828495850375,0.9999999999999977,1.8372785899435247,-6.58945332235475,-206.40221922058208
343.12894064823547,-47.837969203040515,0.9999999999999978,1.840860991049512,-6.578644375303508,-205.78491456884112
343.1337962363681,-47.82011607451757,0.9999999999999979,1.844458371926672,-6.567797992702211,-205.1542900192467
343.1386859992619,-47.80226913867816,0.9999999999999979,1.8480707751832313,-6.556914072697619,-204.51029281203353
343.1436100994211,-47.784428423854436,0.9999999999999982,1.851698243201577,-6.545992513371967,-203.85287018743583
343.1485686991837,-47.76659395831351,0.9999999999999982,1.855340818137373,-6.535033212742622,-203.18196938568852
343.1535619607227,-47.748765770257044,0.9999999999999983,1.8589985419189237,-6.524036068761667,-202.49753764702567
343.15859004604636,-47.73094388782081,0.9999999999999982,1.862671456246387,-6.5130009793156525,-201.79952221168233
343.1636531169994,-47.71312833907408,0.9999999999999983,1.8663596025911549,-6.501927842225079,-201.08787031989277
343.1687513352637,-47.69531915201929,0.9999999999999986,1.870063022194996,-6.490816555244198,-200.36252921189148
343.17388486235916,-47.677516354591425,0.9999999999999987,1.8737817560694996,-6.479667016060532,-199.62344612791324
343.17905385964406,-47.65971997465767,0.9999999999999988,1.8775158449951252,-6.468479122294596,-198.87056830819242
343.18425848831635,-47.64193004001682,0.9999999999999988,1.881265329520673,-6.457252771499501,-198.1038429929636
343.18949890941406,-47.62414657839882,0.9999999999999988,1.885030249962396,-6.445987861160582,-197.32321742246128
343.19477528381634,-47.606369617464324,0.9999999999999989,1.8888106464033694,-6.434684288695095,-196.52863883692012
343.200087772244,-47.588599184804146,0.999999999999999,1.8926065586927105,-6.4233419514517855,-195.72005447657463
343.2054365352605,-47.570835307938786,0.9999999999999992,1.8964180264448238,-6.411960746710612,-194.8974115816592
343.2108217332725,-47.55307801431798,0.9999999999999993,1.900245089038636,-6.400540571682317,-194.06065739240867
343.2162435265307,-47.53532733132013,0.9999999999999994,1.9040877856169498,-6.389081323508094,-193.20973914905738
343.22170207513074,-47.517583286251885,0.9999999999999997,1.9079461550856038,-6.377582899259252,-192.3446040918399
343.2271975390138,-47.49984590634761,0.9999999999999997,1.9118202361127707,-6.366045195936856,-191.46519946099065
343.2327300779674,-47.48211521876885,0.9999999999999998,1.9157100671281562,-6.354468110471299,-190.57147249674452
343.23829985162615,-47.464391250603924,1.0,1.9196156863222953,-6.342851539722062,-189.6633704393358
343.24390701947254,-47.44667402886735,1.0,1.9235371316457908,-6.331195380477258,-188.74084052899892
343.2495517408378,-47.42896358049935,1.0000000000000002,1.9274744408085045,-6.319499529453328,-187.80383000596876
343.2552341749023,-47.41125993236541,1.0,1.9314276512788986,-6.307763883294697,-186.85228611047964
343.2609544806967,-47.39356311125569,1.0000000000000004,1.935396800283149,-6.295988338573352,-185.88615608276623
343.2667128171026,-47.37587314388456,1.0000000000000004,1.9393819248045165,-6.284172791788546,-184.9053871630629
343.27250934285314,-47.358190056890116,1.0000000000000007,1.9433830615824697,-6.272317139366432,-183.9099265916044
343.2783442165338,-47.34051387683362,1.0000000000000007,1.9474002471119611,-6.260421277659706,-182.89972160862504
343.28421759658323,-47.322844630199064,1.0000000000000009,1.951433517642636,-6.248485102947253,-181.87471945435956
343.290129641294,-47.30518234339256,1.000000000000001,1.9554829091781727,-6.236508511433755,-180.8348673690425
343.2960805088132,-47.28752704274191,1.000000000000001,1.9595484574752984,-6.224491399249413,-179.78011259290838
343.3020703571433,-47.26987875449608,1.000000000000001,1.963630198043239,-6.212433662449563,-178.71040236619166
343.3080993441428,-47.252237504824635,1.0000000000000013,1.9677281661427433,-6.200335197014256,-177.62568392912686
343.3141676275272,-47.2346033198173,1.0000000000000013,1.9718423967854832,-6.188195898848022,-176.52590452194872
343.32027536486936,-47.216976225483386,1.0000000000000016,1.975972924733136,-6.176015663779447,-175.41101138489168
343.3264227136006,-47.19935624775129,1.0000000000000018,1.9801197844966678,-6.163794387560831,-174.28095175819016
343.33260983101115,-47.181743412467966,1.0000000000000018,1.984283010335547,-6.151531965867852,-173.13567288207892
343.338836874251,-47.16413774539843,1.000000000000002,1.988462636256874,-6.139228294299183,-171.9751219967924
343.3451040003307,-47.14653927222522,1.0000000000000022,1.9926586960147654,-6.126883268376206,-170.79924634256523
343.35141136612197,-47.128948018547874,1.0000000000000022,1.9968712231093857,-6.114496783542593,-169.60799315963163
343.3577591283584,-47.11136400988239,1.0000000000000024,2.001100250786256,-6.102068735163993,-168.4013096882267
343.36414744363634,-47.093787271660744,1.0000000000000027,2.0053458120353946,-6.0895990185276965,-167.17914316858455
343.37057646841544,-47.07621782923033,1.0000000000000027,2.009607939590609,-6.077087528842258,-165.94144084093966
343.37704635901946,-47.058655707853454,1.000000000000003,2.0138866659285686,-6.064534161237175,-164.68814994552702
343.3835572716371,-47.04110093270675,1.000000000000003,2.018182023268178,-6.051938810762518,-163.4192177225809
343.39010936232233,-47.023553528880726,1.000000000000003,2.0224940435695764,-6.0393013723886,-162.1345914123358
343.39670278699566,-47.006013521379195,1.0000000000000036,2.026822758533492,-6.026621741005631,-160.83421825502634
343.40333770144423,-46.988480935118716,1.0000000000000033,2.031168199600307,-6.013899811423354,-159.51804549088703
343.41001426132317,-46.970955794928145,1.0000000000000036,2.0355303979494055,-6.001135478370768,-158.1860203601525
343.4167326221557,-46.953438125548004,1.0000000000000038,2.039909384498177,-5.988328636495689,-156.83809010305717
343.4234929393343,-46.93592795163,1.000000000000004,2.0443051899013467,-5.975479180364472,-155.47420195983574
343.4302953681212,-46.91842529773647,1.0000000000000042,2.048717844550108,-5.962587004461664,-154.0943031707227
343.43714006364905,-46.90093018833984,1.0000000000000042,2.053147378571305,-5.949652003189623,-152.69834097595253
343.4440271809217,-46.88344264782212,1.0000000000000044,2.057593821826578,-5.93667407086823,-151.28626261575968
343.45095687481495,-46.86596270047431,1.0000000000000044,2.0620572039116754,-5.923653101734537,-149.85801533037892
343.45792930007707,-46.848490370495895,1.0000000000000047,2.066537554155423,-5.910588989942392,-148.41354636004482
343.4649446113297,-46.8310256819943,1.0000000000000049,2.071034901619085,-5.897481629562149,-146.95280294499156
343.4720029630684,-46.81356865898433,1.000000000000005,2.075549275095441,-5.884330914580293,-145.47573232545412
343.47910450966333,-46.796119325387636,1.000000000000005,2.0800807031079698,-5.87113673889915,-143.9822817416669
343.48624940536,-46.778677705032166,1.0000000000000056,2.084629213910042,-5.857898996336479,-142.47239843386433
343.4934378042802,-46.76124382165163,1.0000000000000056,2.089194835484097,-5.844617580625226,-140.94602964228088
343.5006698604221,-46.74381769888494,1.000000000000006,2.093777595540752,-5.831292385413123,-139.40312260715143
343.5079457276613,-46.726399360275636,1.0000000000000058,2.09837752151799,-5.81792330426239,-137.84362456871025
343.51526555975164,-46.708988829271405,1.000000000000006,2.1029946405803397,-5.804510230649372,-136.26748276719192
343.52262951032577,-46.69158612922347,1.0000000000000062,2.107628979618064,-5.791053057964268,-134.67464444283115
343.53003773289544,-46.674191283386016,1.0000000000000064,2.112280565246219,-5.777551679510694,-133.06505683586238
343.53749038085283,-46.656804314915725,1.0000000000000067,2.116949423803905,-5.764005988505486,-131.43866718652012
343.54498760747083,-46.639425246871156,1.0000000000000067,2.1216355813533836,-5.750415878078281,-129.79542273503884
343.5525295659036,-46.62205410221222,1.000000000000007,2.1263390636792012,-5.736781241271217,-128.13527072165328
343.56011640918763,-46.60469090379957,1.000000000000007,2.13105989628737,-5.7231019710386,-126.4581583865979
343.56774829024204,-46.58733567439412,1.0000000000000073,2.1357981044045404,-5.709377960246593,-124.76403297010717
343.5754253618696,-46.569988436656416,1.0000000000000075,2.1405537129771073,-5.695609101672881,-123.05284171241571
343.58314777675685,-46.552649213146154,1.0000000000000078,2.145326746670329,-5.681795288006349,-121.3245318537582
