galstreams/tracks/track.st.Jhelum-a.bonaca2019.ecsv
# %ECSV 0.9
# ---
# datatype:
# - {name: ra, unit: deg, datatype: float64}
# - {name: dec, unit: deg, datatype: float64}
# - {name: distance, unit: kpc, datatype: float64}
# - {name: pm_ra_cosdec, unit: mas / yr, datatype: float64}
# - {name: pm_dec, unit: mas / yr, datatype: float64}
# - {name: radial_velocity, unit: km / s, datatype: float64}
# delimiter: ','
# meta: !!omap
# - __serialized_columns__:
#     dec:
#       __class__: astropy.coordinates.angles.Latitude
#       unit: &id001 !astropy.units.Unit {unit: deg}
#       value: !astropy.table.SerializedColumn {name: dec}
#     distance:
#       __class__: astropy.coordinates.distances.Distance
#       unit: !astropy.units.Unit {unit: kpc}
#       value: !astropy.table.SerializedColumn {name: distance}
#     pm_dec:
#       __class__: astropy.units.quantity.Quantity
#       unit: !astropy.units.Unit {unit: mas / yr}
#       value: !astropy.table.SerializedColumn {name: pm_dec}
#     pm_ra_cosdec:
#       __class__: astropy.units.quantity.Quantity
#       unit: !astropy.units.Unit {unit: mas / yr}
#       value: !astropy.table.SerializedColumn {name: pm_ra_cosdec}
#     ra:
#       __class__: astropy.coordinates.angles.Longitude
#       unit: *id001
#       value: !astropy.table.SerializedColumn {name: ra}
#       wrap_angle: !astropy.coordinates.Angle
#         unit: *id001
#         value: 360.0
#     radial_velocity:
#       __class__: astropy.units.quantity.Quantity
#       unit: !astropy.units.Unit {unit: km / s}
#       value: !astropy.table.SerializedColumn {name: radial_velocity}
# schema: astropy-2.0
ra,dec,distance,pm_ra_cosdec,pm_dec,radial_velocity
7.3041927575875105,-52.20136750320895,13.000000000000025,7.554340534354921,-2.8771769977912274,5.0524602779234026e-14
7.287957592344576,-52.20240953066383,13.000000000000027,7.554073495299026,-2.8785708628663027,8.420767129872338e-14
7.27172169182461,-52.20344945705232,13.000000000000027,7.553805923645321,-2.8799649067230844,3.368306851948935e-14
7.255485057454489,-52.20448728219465,13.000000000000023,7.553537819360203,-2.8813591289093363,0.0
7.239247690661545,-52.20552300591142,13.000000000000021,7.553269182410328,-2.8827535289727235,5.0524602779234026e-14
7.223009592873633,-52.20655662802354,13.000000000000025,7.553000012762634,-2.884148106460815,6.73661370389787e-14
7.2067707655190985,-52.20758814835228,13.000000000000025,7.552730310384326,-2.8855428609210856,1.6841534259744676e-14
7.1905312100267915,-52.208617566719276,13.000000000000023,7.552460075242896,-2.8869377919009045,3.368306851948935e-14
7.174290927826056,-52.20964488294649,13.000000000000025,7.552189307306091,-2.888332898947549,5.0524602779234026e-14
7.158049920346822,-52.210670096856205,13.000000000000025,7.551918006541956,-2.889728181608188,3.368306851948935e-14
7.141808189019224,-52.2116932082711,13.000000000000025,7.551646172918782,-2.8911236394299267,8.420767129872338e-14
7.1255657352741935,-52.212714217014174,13.000000000000025,7.551373806405159,-2.8925192719597392,8.420767129872338e-14
7.109322560543036,-52.21373312290876,13.000000000000025,7.551100906969939,-2.8939150787445165,3.368306851948935e-14
7.093078666257553,-52.21474992577854,13.000000000000025,7.550827474582256,-2.8953110593310565,6.73661370389787e-14
7.076834053850065,-52.215764625447584,13.000000000000025,7.550553509211505,-2.8967072132660565,5.0524602779234026e-14
7.060588724753346,-52.216777221740244,13.000000000000025,7.550279010827374,-2.898103540096123,5.0524602779234026e-14
7.044342680400682,-52.21778771448126,13.000000000000023,7.550003979399812,-2.8995000393677643,5.0524602779234026e-14
7.028095922225826,-52.218796103495706,13.000000000000025,7.5497284148990484,-2.900896710627398,6.73661370389787e-14
7.011848451663045,-52.219802388609004,13.000000000000023,7.54945231729559,-2.9022935534213454,5.0524602779234026e-14
6.995600270147058,-52.22080656964693,13.000000000000027,7.549175686560213,-2.9036905672958344,3.368306851948935e-14
6.979351379113112,-52.2218086464356,13.000000000000025,7.5488985226639755,-2.9050877517970006,1.0104920555846805e-13
6.963101779996916,-52.222808618801444,13.000000000000023,7.548620825578208,-2.9064851064708837,6.73661370389787e-14
6.946851474234639,-52.22380648657131,13.000000000000025,7.548342595274506,-2.9078826308634342,6.73661370389787e-14
6.93060046326297,-52.224802249572356,13.000000000000027,7.54806383172476,-2.909280324520506,5.0524602779234026e-14
6.914348748519067,-52.225795907632055,13.000000000000025,7.547784534901128,-2.910678186987865,5.0524602779234026e-14
6.898096331440664,-52.22678746057828,13.000000000000021,7.547504704776041,-2.9120762178111725,1.0104920555846805e-13
6.881843213465675,-52.22777690823922,13.000000000000021,7.547224341322202,-2.9134744165360287,1.6841534259744676e-14
6.865589396032802,-52.22876425044345,13.000000000000025,7.546943444512597,-2.9148727827079117,1.0104920555846805e-13
6.849334880581115,-52.22974948701983,13.000000000000023,7.546662014320488,-2.9162713158722218,6.73661370389787e-14
6.833079668550177,-52.230732617797614,13.000000000000021,7.5463800507194145,-2.917670015574262,5.0524602779234026e-14
6.816823761380002,-52.23171364260641,13.000000000000021,7.546097553683184,-2.9190688813592547,5.0524602779234026e-14
6.800567160511084,-52.232692561276146,13.000000000000025,7.545814523185882,-2.9204679127723234,1.6841534259744676e-14
6.784309867384437,-52.2336693736371,13.000000000000021,7.54553095920189,-2.9218671093585034,5.0524602779234026e-14
6.768051883441469,-52.23464407951994,13.000000000000021,7.545246861705833,-2.9232664706627483,6.73661370389787e-14
6.751793210124131,-52.235616678755605,13.000000000000021,7.544962230672639,-2.9246659962299115,6.73661370389787e-14
6.735533848874803,-52.23658717117547,13.000000000000021,7.5446770660774956,-2.926065685604765,5.0524602779234026e-14
6.719273801136361,-52.2375555566112,13.000000000000021,7.5443913678958845,-2.9274655383319885,0.0
6.703013068352144,-52.238521834894854,13.000000000000021,7.544105136103546,-2.9288655539561748,1.1789073981821273e-13
6.686751651965948,-52.23948600585877,13.000000000000021,7.543818370676514,-2.930265732021831,8.420767129872338e-14
6.670489553422036,-52.24044806933571,13.000000000000025,7.543531071591083,-2.931666072073373,8.420767129872338e-14
6.654226774165175,-52.24140802515876,13.000000000000021,7.543243238823842,-2.9330665736551307,6.73661370389787e-14
6.637963315640553,-52.24236587316134,13.000000000000021,7.5429548723516415,-2.934467236311348,6.73661370389787e-14
6.621699179293841,-52.24332161317724,13.000000000000021,7.542665972151618,-2.9358680595861824,5.0524602779234026e-14
6.605434366571276,-52.24427524504057,13.000000000000021,7.542376538201189,-2.9372690430236914,5.0524602779234026e-14
6.589168878919268,-52.24522676858583,13.000000000000021,7.542086570478036,-2.9386701861678795,6.73661370389787e-14
6.57290271778496,-52.24617618364786,13.000000000000023,7.541796068960124,-2.940071488562638,6.73661370389787e-14
6.556635884615904,-52.24712349006183,13.000000000000021,7.54150503362571,-2.9414729497517778,5.0524602779234026e-14
6.540368380860058,-52.24806868766326,13.000000000000021,7.541213464453309,-2.9428745692790255,8.420767129872338e-14
6.524100207965881,-52.249011776288064,13.000000000000021,7.54092136142172,-2.9442763466880253,1.1789073981821273e-13
6.50783136738226,-52.24995275577245,13.00000000000002,7.540628724510029,-2.945678281522337,6.73661370389787e-14
6.491561860558573,-52.250891625953024,13.00000000000002,7.54033555369758,-2.9470803733254334,1.0104920555846805e-13
6.475291688944629,-52.2518283866667,13.000000000000021,7.5400418489640195,-2.9484826216407054,5.0524602779234026e-14
6.459020853990706,-52.25276303775079,13.00000000000002,7.5397476102892576,-2.9498850260114606,5.0524602779234026e-14
6.442749357147529,-52.25369557904292,13.00000000000002,7.539452837653481,-2.9512875859809213,8.420767129872338e-14
6.426477199866284,-52.25462601038109,13.00000000000002,7.539157531037162,-2.95269030109223,8.420767129872338e-14
6.410204383598607,-52.25555433160362,13.000000000000018,7.53886169042105,-2.9540931708884446,8.420767129872338e-14
6.393930909796585,-52.25648054254922,13.000000000000021,7.538565315786169,-2.9554961949125396,1.0104920555846805e-13
6.377656779912762,-52.257404643056944,13.000000000000021,7.538268407113823,-2.9568993727074107,1.347322740779574e-13
6.361381995400128,-52.25832663296618,13.00000000000002,7.5379709643856,-2.9583027038158694,1.0104920555846805e-13
6.345106557712212,-52.25924651211667,13.000000000000023,7.537672987583364,-2.959706187780637,8.420767129872338e-14
6.328830468302723,-52.26016428034853,13.00000000000002,7.537374476689248,-2.9611098241443834,6.73661370389787e-14
6.312553728626088,-52.261079937502224,13.000000000000021,7.537075431685676,-2.9625136124496665,5.0524602779234026e-14
6.2962763401371005,-52.261993483418536,13.00000000000002,7.536775852555352,-2.963917552238976,8.420767129872338e-14
6.2799983042909755,-52.26290491793865,13.00000000000002,7.536475739281248,-2.965321643054722,8.420767129872338e-14
6.263719622543388,-52.26381424090406,13.000000000000021,7.536175091846623,-2.966725884439232,6.73661370389787e-14
6.247440296350471,-52.264721452156635,13.000000000000018,7.535873910235019,-2.9681302759347545,6.73661370389787e-14
6.231160327168774,-52.2656265515386,13.000000000000021,7.535572194430248,-2.969534817083461,6.73661370389787e-14
6.214879716455296,-52.266529538892534,13.000000000000021,7.535269944416405,-2.9709395074274427,8.420767129872338e-14
6.198598465667503,-52.267430414061344,13.000000000000021,7.534967160177869,-2.9723443465087125,3.368306851948935e-14
6.182316576263262,-52.26832917688833,13.000000000000018,7.534663841699293,-2.973749333869206,6.73661370389787e-14
6.166034049700902,-52.26922582721711,13.00000000000002,7.534359988965612,-2.9751544690507794,5.0524602779234026e-14
6.149750887439188,-52.27012036489169,13.000000000000023,7.534055601962037,-2.97655975159521,1.0104920555846805e-13
6.1334670909373195,-52.27101278975639,13.00000000000002,7.5337506806740695,-2.9779651810442034,1.0104920555846805e-13
6.117182661654929,-52.2719031016559,13.00000000000002,7.5334452250874735,-2.979370756939383,6.73661370389787e-14
6.100897601052095,-52.27279130043529,13.000000000000018,7.533139235188312,-2.980776478822296,6.73661370389787e-14
6.084611910589319,-52.273677385939955,13.00000000000002,7.532832710962913,-2.982182346234417,5.0524602779234026e-14
6.068325591727647,-52.27456135801564,13.000000000000018,7.532525652397899,-2.983588358717131,1.0104920555846805e-13
6.0520386459282465,-52.27544321650848,13.000000000000018,7.532218059480157,-2.9849945158117785,1.347322740779574e-13
6.0357510746530325,-52.27632296126492,13.000000000000018,7.531909932196863,-2.986400817059594,1.0104920555846805e-13
6.019462879364226,-52.2772005921318,13.00000000000002,7.531601270535471,-2.9878072620017497,1.1789073981821273e-13
6.0031740615245095,-52.27807610895628,13.00000000000002,7.531292074483718,-2.9892138501793384,8.420767129872338e-14
5.986884622596968,-52.27894951158589,13.000000000000018,7.530982344029625,-2.990620581133383,8.420767129872338e-14
5.9705945640451255,-52.27982079986854,13.00000000000002,7.530672079161482,-2.9920274544048304,8.420767129872338e-14
5.9543038873329355,-52.28068997365244,13.000000000000018,7.530361279867868,-2.9934344695345523,5.0524602779234026e-14
5.938012593924766,-52.28155703278622,13.000000000000018,7.530049946137639,-2.99484162606335,8.420767129872338e-14
5.921720685285424,-52.2824219771188,13.00000000000002,7.529738077959939,-2.9962489235319483,6.73661370389787e-14
5.905428162880134,-52.2832848064995,13.000000000000018,7.529425675324189,-2.9976563614810043,1.0104920555846805e-13
5.889135028174544,-52.284145520778,13.00000000000002,7.529112738220081,-2.999063939451095,6.73661370389787e-14
5.87284128263473,-52.2850041198043,13.000000000000018,7.528799266637605,-3.000471656982734,8.420767129872338e-14
5.856546927727172,-52.28586060342879,13.00000000000002,7.528485260567019,-3.0018795136163545,8.420767129872338e-14
5.840251964918799,-52.28671497150219,13.000000000000018,7.528170719998869,-3.0032875088923245,1.347322740779574e-13
5.823956395676931,-52.2875672238756,13.000000000000016,7.5278556449239815,-3.00469564235094,1.1789073981821273e-13
5.807660221469317,-52.28841736040044,13.00000000000002,7.527540035333463,-3.0061039135324212,6.73661370389787e-14
5.791363443764225,-52.289265380928526,13.000000000000018,7.527223891218699,-3.0075123219769138,6.73661370389787e-14
5.775066064030052,-52.29011128531204,13.00000000000002,7.526907212571363,-3.008920867224519,1.1789073981821273e-13
5.758768083735889,-52.29095507340347,13.000000000000021,7.5265899993834005,-3.0103295488152413,6.73661370389787e-14
5.742469504351168,-52.29179674505566,13.000000000000016,7.52627225164705,-3.0117383662890234,6.73661370389787e-14
5.726170327345687,-52.292636300121906,13.000000000000018,7.525953969354822,-3.0131473191857383,1.0104920555846805e-13
5.7098705541897115,-52.29347373845576,13.000000000000016,7.525635152499511,-3.014556407045193,1.1789073981821273e-13
5.69357018635388,-52.29430905991114,13.000000000000018,7.525315801074202,-3.015965629407121,1.1789073981821273e-13
5.677269225309263,-52.295142264342374,13.000000000000016,7.524995915072244,-3.0173749858111942,8.420767129872338e-14
5.660967672527332,-52.29597335160412,13.000000000000014,7.5246754944872905,-3.018784475797011,5.0524602779234026e-14
5.64466552947998,-52.29680232155139,13.000000000000018,7.524354539313255,-3.020194098904101,1.0104920555846805e-13
5.62836279763949,-52.29762917403955,13.000000000000018,7.52403304954435,-3.021603854671934,8.420767129872338e-14
5.612059478478552,-52.29845390892433,13.000000000000016,7.523711025175062,-3.0230137426399066,5.0524602779234026e-14
5.5957555734702895,-52.299276526061824,13.000000000000018,7.523388466200159,-3.024423762347347,1.0104920555846805e-13
5.579451084088189,-52.30009702530849,13.000000000000018,7.523065372614696,-3.025833913333524,6.73661370389787e-14
5.5631460118061815,-52.300915406521106,13.000000000000018,7.522741744414006,-3.0272441951376345,6.73661370389787e-14
5.546840358098573,-52.30173166955685,13.000000000000018,7.522417581593705,-3.0286546072988125,5.0524602779234026e-14
5.5305341244400905,-52.30254581427326,13.00000000000002,7.522092884149698,-3.030065149356123,1.0104920555846805e-13
5.514227312305937,-52.303357840528186,13.000000000000018,7.521767652078167,-3.031475820848563,1.347322740779574e-13
5.497919923171448,-52.30416774817987,13.000000000000018,7.521441885375567,-3.0328866213150873,6.73661370389787e-14
5.481611958512641,-52.30497553708694,13.00000000000002,7.521115584038647,-3.0342975502945597,8.420767129872338e-14
5.465303419805825,-52.305781207108325,13.00000000000002,7.5207887480644455,-3.0357086073257893,6.73661370389787e-14
5.448994308527728,-52.30658475810335,13.000000000000016,7.520461377450275,-3.037119791947522,5.0524602779234026e-14
5.432684626155447,-52.307386189931684,13.000000000000016,7.5201334721937245,-3.038531103698439,5.0524602779234026e-14
5.4163743741665105,-52.30818550245337,13.000000000000016,7.519805032292678,-3.0399425421171564,1.515738083377021e-13
5.400063554038784,-52.30898269552879,13.000000000000018,7.519476057745291,-3.0413541067422374,8.420767129872338e-14
5.383752167250589,-52.30977776901871,13.000000000000018,7.5191465485500135,-3.0427657971121675,3.368306851948935e-14
5.367440215280605,-52.31057072278423,13.000000000000016,7.518816504705576,-3.044177612765383,8.420767129872338e-14
5.351127699607913,-52.311361556686826,13.000000000000014,7.518485926210982,-3.0455895532402515,5.0524602779234026e-14
5.334814621711973,-52.31215027058834,13.000000000000016,7.518154813065528,-3.0470016180750794,6.73661370389787e-14
5.318500983072653,-52.31293686435095,13.000000000000018,7.517823165268792,-3.0484138068081137,6.73661370389787e-14
5.302186785170198,-52.313721337837215,13.000000000000018,7.51749098282064,-3.0498261189775415,6.73661370389787e-14
5.285872029485244,-52.31450369091005,13.000000000000018,7.517158265721209,-3.0512385541214853,1.0104920555846805e-13
5.2695567174988,-52.31528392343271,13.000000000000016,7.516825013970933,-3.0526511117780144,3.368306851948935e-14
5.253240850692385,-52.316062035268835,13.000000000000016,7.5164912275705165,-3.0540637914851185,8.420767129872338e-14
5.236924430547589,-52.31683802628244,13.000000000000018,7.516156906520955,-3.0554765927807654,8.420767129872338e-14
5.220607458546692,-52.31761189633786,13.000000000000016,7.5158220508235285,-3.0568895152028297,8.420767129872338e-14
5.20428993617224,-52.31838364529981,13.000000000000016,7.5154866604798025,-3.0583025582891405,6.73661370389787e-14
5.187971864907189,-52.31915327303337,13.000000000000016,7.5151507354916145,-3.059715721577465,1.0104920555846805e-13
5.171653246234844,-52.31992077940397,13.000000000000016,7.514814275861105,-3.0611290046055135,1.0104920555846805e-13
5.155334081638915,-52.320686164277426,13.000000000000016,7.514477281590677,-3.0625424069109375,1.1789073981821273e-13
5.139014372603479,-52.32144942751986,13.000000000000012,7.514139752683037,-3.063955928031333,8.420767129872338e-14
5.122694120612986,-52.32221056899783,13.000000000000016,7.513801689141155,-3.0653695675042347,1.0104920555846805e-13
5.10637332715228,-52.3229695885782,13.000000000000014,7.513463090968309,-3.0667833248671252,1.0104920555846805e-13
5.090051993706562,-52.32372648612821,13.000000000000016,7.513123958168038,-3.0681971996574267,5.0524602779234026e-14
5.073730121761431,-52.32448126151548,13.000000000000016,7.512784290744184,-3.0696111914125064,8.420767129872338e-14
