galstreams/tracks/track.st.NGC3201-Gjoll.palau2021.ecsv
# %ECSV 0.9
# ---
# datatype:
# - {name: ra, unit: deg, datatype: float64}
# - {name: dec, unit: deg, datatype: float64}
# - {name: distance, unit: kpc, datatype: float64}
# - {name: pm_ra_cosdec, unit: mas / yr, datatype: float64}
# - {name: pm_dec, unit: mas / yr, datatype: float64}
# - {name: radial_velocity, unit: km / s, datatype: float64}
# delimiter: ','
# meta: !!omap
# - __serialized_columns__:
#     dec:
#       __class__: astropy.coordinates.angles.Latitude
#       unit: &id001 !astropy.units.Unit {unit: deg}
#       value: !astropy.table.SerializedColumn {name: dec}
#     distance:
#       __class__: astropy.coordinates.distances.Distance
#       unit: !astropy.units.Unit {unit: kpc}
#       value: !astropy.table.SerializedColumn {name: distance}
#     pm_dec:
#       __class__: astropy.units.quantity.Quantity
#       unit: !astropy.units.Unit {unit: mas / yr}
#       value: !astropy.table.SerializedColumn {name: pm_dec}
#     pm_ra_cosdec:
#       __class__: astropy.units.quantity.Quantity
#       unit: !astropy.units.Unit {unit: mas / yr}
#       value: !astropy.table.SerializedColumn {name: pm_ra_cosdec}
#     ra:
#       __class__: astropy.coordinates.angles.Longitude
#       unit: *id001
#       value: !astropy.table.SerializedColumn {name: ra}
#       wrap_angle: !astropy.coordinates.Angle
#         unit: *id001
#         value: 360.0
#     radial_velocity:
#       __class__: astropy.units.quantity.Quantity
#       unit: !astropy.units.Unit {unit: km / s}
#       value: !astropy.table.SerializedColumn {name: radial_velocity}
# schema: astropy-2.0
ra,dec,distance,pm_ra_cosdec,pm_dec,radial_velocity
[from data line 5796]
86.7809500057868,-17.512686989605765,4.0499334048510836,23.70883488813325,-23.16732967416518,-4.3787989075336156e-13
86.788940388903,-17.519191613434028,4.0507071086572015,23.7092545253955,-23.166109990250796,-3.1998915093514883e-13
86.79693147894437,-17.525695761406492,4.051480794098087,23.70967272142724,-23.164888190767975,-4.210383564936169e-13
86.80492327617688,-17.532199433318596,4.052254460712756,23.710089476303065,-23.16366427618877,-2.5262301389617017e-13
86.8129157808665,-17.53870262896598,4.053028108040378,23.71050479009782,-23.162438246985815,-3.1998915093514883e-13
86.82090899327915,-17.545205348144314,4.0538017356203015,23.710918662886822,-23.16121010363242,-3.8735528797412755e-13
86.82890291368047,-17.551707590649293,4.054575342992033,23.71133109474554,-23.159979846602464,-3.8735528797412755e-13
86.83689754233622,-17.558209356276773,4.055348929695261,23.711742085749837,-23.158747476370444,-3.8735528797412755e-13
86.84489287951182,-17.564710644822554,4.056122495269782,23.71215163597592,-23.15751299341155,-4.210383564936169e-13
86.8528889254728,-17.571211456082604,4.05689603925563,23.712559745500272,-23.156276398201474,-3.3683068519489354e-13
86.86088568048456,-17.577711789852977,4.057669561192961,23.71296641439973,-23.15503769121663,-4.210383564936169e-13
86.86888314481223,-17.58421164592967,4.058443060622086,23.713371642751476,-23.153796872934088,-3.3683068519489354e-13
86.87688131872109,-17.59071102410889,4.059216537083513,23.713775430632897,-23.152553943831343,-3.3683068519489354e-13
86.8848802024761,-17.597209924186807,4.059989990117904,23.71417777812184,-23.1513089043867,-3.8735528797412755e-13
86.8928797963423,-17.603708345959763,4.060763419266058,23.7145786852964,-23.150061755079008,-3.3683068519489354e-13
86.90088010058444,-17.61020628922403,4.061536824068979,23.714978152234988,-23.148812496387755,-4.210383564936169e-13
86.90888111546735,-17.616703753776076,4.062310204067813,23.715376179016364,-23.147561128793022,-4.041968222338722e-13
86.91688284125573,-17.623200739412447,4.063083558803897,23.715772765719578,-23.14630765277549,-3.3683068519489354e-13
86.92488527821403,-17.629697245929595,4.063856887818685,23.71616791242404,-23.14505206881654,-3.8735528797412755e-13
86.93288842660684,-17.636193273124245,4.064630190653858,23.71656161920946,-23.14379437739809,-3.8735528797412755e-13
86.94089228669837,-17.64268882079304,4.065403466851208,23.716953886155856,-23.14253457900273,-4.884044935325956e-13
86.94889685875303,-17.649183888732818,4.066176715952735,23.717344713343554,-23.141272674113583,-2.8630608241565947e-13
86.95690214303485,-17.655678476740327,4.066949937500571,23.717734100853235,-23.1400086632145,-3.1998915093514883e-13
86.96490813980795,-17.66217258461253,4.067723131037045,23.718122048765885,-23.138742546789842,-4.3787989075336156e-13
86.97291484933636,-17.668666212146437,4.068496296104644,23.71850855716281,-23.137474325324675,-3.8735528797412755e-13
86.9809222718838,-17.675159359139034,4.069269432246019,23.7188936261256,-23.136203999304595,-5.052460277923403e-13
86.98893040771416,-17.68165202538751,4.070042539003977,23.719277255736248,-23.134931569215897,-3.536722194546382e-13
86.996939257091,-17.688144210688982,4.070815615921509,23.719659446076985,-23.133657035545443,-3.536722194546382e-13
87.00494882027799,-17.6946359148408,4.071588662541782,23.72004019723039,-23.132380398780693,-4.041968222338722e-13
87.01295909753848,-17.701127137640185,4.072361678408112,23.720419509279356,-23.131101659409754,-4.041968222338722e-13
87.02097008913586,-17.707617878884616,4.073134663063983,23.720797382307097,-23.129820817921345,-5.22087562052085e-13
87.0289817953335,-17.71410813837159,4.07390761605306,23.721173816397158,-23.12853787480475,-3.536722194546382e-13
87.03699421639439,-17.720597915898555,4.074680536919173,23.72154881163336,-23.12725283054993,-4.210383564936169e-13
87.04500735258173,-17.727087211263214,4.07545342520631,23.721922368099936,-23.12596568564746,-2.8630608241565947e-13
87.05302120415838,-17.73357602426316,4.07622628045866,23.72229448588128,-23.12467644058842,-3.3683068519489354e-13
87.0610357713873,-17.74006435469626,4.0769991022205385,23.722665165062278,-23.12338509586465,-4.5472142501310627e-13
87.06905105453113,-17.746552202360228,4.07777189003646,23.723034405727986,-23.12209165196848,-3.031476166754042e-13
87.0770670538526,-17.753039567052998,4.0785446434510835,23.72340220796388,-23.120796109392927,-3.1998915093514883e-13
87.0850837696143,-17.75952644857258,4.079317362009292,23.723768571855718,-23.119498468631576,-3.3683068519489354e-13
87.09310120207861,-17.76601284671694,4.080090045256063,23.724133497489543,-23.118198730178637,-4.715629592728509e-13
87.10111935150798,-17.772498761284247,4.080862692736601,23.72449698495177,-23.11689689452892,-3.3683068519489354e-13
87.10913821816453,-17.778984192072613,4.081635303996267,23.724859034329093,-23.115592962177878,-4.715629592728509e-13
87.11715780231056,-17.785469138880366,4.0824078785805815,23.72521964570854,-23.114286933621514,-3.536722194546382e-13
87.125178104208,-17.791953601505735,4.083180416035236,23.72557881917742,-23.112978809356484,-4.210383564936169e-13
87.13319912411887,-17.79843757974715,4.083952915906116,23.725936554823424,-23.11166858988005,-4.3787989075336156e-13
87.14122086230505,-17.804921073403126,4.0847253777392485,23.726292852734534,-23.11035627569008,-3.3683068519489354e-13
87.1492433190282,-17.811404082272105,4.085497801080866,23.72664771299901,-23.109041867285008,-3.031476166754042e-13
87.15726649455007,-17.817886606152783,4.086270185477339,23.727001135705443,-23.107725365163905,-3.536722194546382e-13
87.16529038913211,-17.82436864484373,4.087042530475236,23.72735312094275,-23.106406769826464,-3.536722194546382e-13
87.17331500303587,-17.830850198143796,4.08781483562127,23.727703668800224,-23.105086081773013,-3.705137537143829e-13
87.18134033652257,-17.837331265851713,4.088587100462359,23.728052779367335,-23.10376330150436,-3.1998915093514883e-13
87.18936638985353,-17.843811847766396,4.08935932454557,23.72840045273401,-23.10243842952208,-4.715629592728509e-13
87.19739316328993,-17.85029194368685,4.090131507418149,23.728746688990398,-23.101111466328213,-4.5472142501310627e-13
87.20542065709273,-17.85677155341204,4.090903648627519,23.729091488227,-23.09978241242551,-4.041968222338722e-13
87.21344887152296,-17.863250676741146,4.091675747721282,23.729434850534627,-23.09845126831722,-4.210383564936169e-13
87.22147780684132,-17.869729313473254,4.092447804247202,23.72977677600442,-23.097118034507353,-3.8735528797412755e-13
87.2295074633087,-17.876207463407688,4.093219817753212,23.730117264727788,-23.095782711500323,-3.3683068519489354e-13
87.23753784118561,-17.882685126343702,4.093991787787446,23.730456316796513,-23.094445299801336,-3.536722194546382e-13
87.24556894073262,-17.889162302080713,4.094763713898166,23.730793932302635,-23.093105799916067,-3.705137537143829e-13
87.25360076221021,-17.895638990418213,4.095535595633869,23.731130111338548,-23.091764212350846,-4.5472142501310627e-13
87.26163330587863,-17.902115191155684,4.096307432543169,23.73146485399698,-23.090420537612623,-3.536722194546382e-13
87.2696665719982,-17.908590904092783,4.097079224174886,23.7317981603709,-23.0890747762089,-3.536722194546382e-13
87.27770056082893,-17.915066129029128,4.097850970078012,23.732130030553655,-23.08772692864784,-3.705137537143829e-13
87.28573527263094,-17.921540865764527,4.098622669801701,23.732460464638894,-23.086376995438137,-3.8735528797412755e-13
87.29377070766408,-17.928015114098756,4.099394322895311,23.73278946272051,-23.08502497708914,-4.3787989075336156e-13
87.30180686618819,-17.93448887383172,4.100165928908343,23.733117024892845,-23.0836708741108,-4.210383564936169e-13
87.30984374846302,-17.94096214476342,4.100937487390487,23.73344315125044,-23.08231468701361,-4.210383564936169e-13
87.31788135474811,-17.94743492669383,4.101708997891616,23.733767841888177,-23.080956416308734,-3.536722194546382e-13
87.32591968530305,-17.953907219423147,4.102480459961763,23.734091096901295,-23.0795960625079,-4.884044935325956e-13
87.33395874038716,-17.960379022751457,4.103251873151154,23.734412916385256,-23.078233626123406,-4.884044935325956e-13
87.34199852025979,-17.966850336479062,4.104023237010182,23.73473330043594,-23.07686910766822,-3.536722194546382e-13
87.35003902518018,-17.973321160406325,4.104794551089423,23.735052249149497,-23.075502507655848,-4.210383564936169e-13
87.35808025540736,-17.979791494333586,4.105565814939622,23.735369762622348,-23.07413382660042,-4.3787989075336156e-13
87.36612221120039,-17.98626133806136,4.106337028111701,23.735685840951284,-23.072763065016648,-4.3787989075336156e-13
87.37416489281809,-17.99273069139015,4.107108190156767,23.736000484233358,-23.07139022341985,-3.3683068519489354e-13
87.38220830051928,-17.999199554120587,4.107879300626115,23.73631369256598,-23.07001530232595,-4.5472142501310627e-13
87.39025243456271,-18.005667926053416,4.108650359071185,23.73662546604687,-23.068638302251447,-4.041968222338722e-13
87.39829729520685,-18.012135806989317,4.1094213650436195,23.73693580477402,-23.06725922371346,-4.210383564936169e-13
87.40634288271029,-18.01860319672921,4.110192318095252,23.73724470884576,-23.065878067229644,-3.3683068519489354e-13
87.4143891973313,-18.02507009507392,4.110963217778051,23.73755217836075,-23.064494833318378,-4.210383564936169e-13
87.42243623932828,-18.031536501824515,4.111734063644202,23.737858213417923,-23.06310952249848,-3.705137537143829e-13
87.43048400895928,-18.03800241678196,4.112504855246062,23.738162814116528,-23.061722135289457,-4.041968222338722e-13
87.43853250648239,-18.044467839747437,4.113275592136143,23.73846598055617,-23.06033267221142,-4.5472142501310627e-13
87.44658173215568,-18.05093277052217,4.114046273867161,23.73876771283671,-23.058941133784977,-4.884044935325956e-13
87.4546316862369,-18.057397208907364,4.114816899992004,23.73906801105833,-23.05754752053143,-3.705137537143829e-13
87.46268236898386,-18.063861154704444,4.115587470063766,23.73936687532159,-23.05615183297266,-3.705137537143829e-13
87.47073378065414,-18.07032460771476,4.116357983635664,23.739664305727217,-23.054754071631056,-3.705137537143829e-13
87.47878592150542,-18.076787567739874,4.11712844026114,23.739960302376424,-23.05335423702971,-4.210383564936169e-13
87.48683879179501,-18.08325003458129,4.117898839493794,23.740254865370616,-23.05195232969225,-3.8735528797412755e-13
87.49489239178031,-18.08971200804067,4.118669180887427,23.740547994811518,-23.05054835014289,-4.041968222338722e-13
87.50294672171862,-18.09617348791978,4.119439463995998,23.740839690801216,-23.049142298906446,-4.3787989075336156e-13
87.51100178186697,-18.102634474020324,4.120209688373671,23.741129953442062,-23.04773417650832,-3.705137537143829e-13
87.51905757248247,-18.109094966144248,4.120979853574776,23.74141878283676,-23.046323983474533,-3.705137537143829e-13
87.52711409382198,-18.115554964093395,4.1217499591538065,23.741706179088222,-23.044911720331623,-3.1998915093514883e-13
87.53517134614239,-18.12201446766988,4.122520004665471,23.74199214229981,-23.043497387606802,-3.1998915093514883e-13
87.54322932970034,-18.12847347667568,4.123289989664639,23.74227667257511,-23.042080985827837,-4.041968222338722e-13
87.5512880447525,-18.134931990913014,4.124059913706391,23.742559770018037,-23.040662515523085,-2.8630608241565947e-13
87.5593474915554,-18.141390010184136,4.124829776345937,23.742841434732828,-23.03924197722146,-3.536722194546382e-13
87.56740767036537,-18.147847534291287,4.125599577138715,23.743121666823985,-23.037819371452514,-4.210383564936169e-13
87.5754685814388,-18.15430456303689,4.1263693156403285,23.743400466396324,-23.03639469874632,-4.3787989075336156e-13
87.5835302250318,-18.160761096223368,4.127138991406561,23.74367783355509,-23.034967959633683,-3.705137537143829e-13
87.59159260140054,-18.167217133653303,4.12790860399338,23.74395376840565,-23.03353915464577,-4.210383564936169e-13
87.59965571080093,-18.173672675129215,4.128678152956942,23.74422827105381,-23.032108284314535,-3.536722194546382e-13
87.60771955348888,-18.180127720453804,4.12944763785359,23.74450134160562,-23.030675349172423,-5.389290963118296e-13
87.61578412972024,-18.1865822694299,4.130217058239831,23.744772980167483,-23.029240349752467,-4.5472142501310627e-13
87.62384943975057,-18.193036321860216,4.130986413672371,23.745043186846075,-23.027803286588338,-4.041968222338722e-13
87.63191548383554,-18.19948987754773,4.131755703708104,23.7453119617484,-23.026364160214204,-3.8735528797412755e-13
87.63998226223052,-18.20594293629535,4.132524927904101,23.74557930498178,-23.024922971164912,-3.8735528797412755e-13
87.64804977519097,-18.2123954979062,4.1332940858176075,23.745845216653812,-23.023479719975835,-3.536722194546382e-13
87.65611802297204,-18.218847562183313,4.134063177006075,23.746109696872395,-23.02203440718293,-2.8630608241565947e-13
87.66418700582891,-18.22529912892993,4.134832201027109,23.746372745745752,-23.02058703332275,-3.8735528797412755e-13
87.6722567240167,-18.231750197949363,4.1356011574385425,23.74663436338248,-23.019137598932446,-3.705137537143829e-13
87.68032717779025,-18.238200769044884,4.136370045798362,23.746894549891337,-23.01768610454974,-4.041968222338722e-13
87.68839836740445,-18.244650842019976,4.137138865664747,23.74715330538155,-23.016232550712935,-4.041968222338722e-13
87.69647029311398,-18.251100416678074,4.137907616596043,23.747410629962495,-23.014776937960878,-4.5472142501310627e-13
87.70454295517354,-18.25754949282282,4.138676298150818,23.747666523744005,-23.01331926683309,-4.5472142501310627e-13
87.71261635383753,-18.263998070257777,4.139444909887812,23.747920986836117,-23.01185953786958,-4.3787989075336156e-13
87.72069048936045,-18.270446148786718,4.140213451365941,23.748174019349182,-23.01039775161098,-4.715629592728509e-13
87.72876536199662,-18.276893728213437,4.1409819221443165,23.74842562139391,-23.008933908598504,-4.210383564936169e-13
87.73684097200018,-18.28334080834178,4.141750321782214,23.74867579308128,-23.007468009373913,-3.3683068519489354e-13
87.74491731962529,-18.28978738897574,4.142518649839155,23.74892453452258,-23.00600005447962,-3.536722194546382e-13
87.75299440512585,-18.296233469919265,4.143286905874773,23.749171845829395,-23.004530044458516,-4.210383564936169e-13
87.76107222875582,-18.302679050976533,4.144055089448931,23.749417727113652,-23.003057979854173,-4.3787989075336156e-13
87.7691507907689,-18.30912413195164,4.144823200121674,23.749662178487533,-23.00158386121067,-4.884044935325956e-13
87.77723009141883,-18.315568712648854,4.14559123745324,23.74990520006357,-23.000107689072685,-3.705137537143829e-13
87.78531013095919,-18.32201279287255,4.146359201004029,23.750146791954553,-22.998629463985466,-4.041968222338722e-13
87.79339090964336,-18.32845637242705,4.147127090334667,23.750386954273633,-22.99714918649489,-3.536722194546382e-13
87.80147242772479,-18.3348994511169,4.147894905005929,23.750625687134246,-22.995666857147324,-3.705137537143829e-13
87.8095546854566,-18.341342028746556,4.148662644578798,23.750862990650084,-22.994182476489765,-4.884044935325956e-13
87.8176376830921,-18.347784105120756,4.149430308614452,23.751098864935244,-22.992696045069806,-3.705137537143829e-13
87.82572142088415,-18.35422568004409,4.1501978966742525,23.751333310104016,-22.991207563435548,-3.8735528797412755e-13
87.83380589908575,-18.360666753321397,4.150965408319732,23.75156632627104,-22.989717032135733,-3.3683068519489354e-13
87.84189111794979,-18.367107324757534,4.151732843112627,23.75179791355131,-22.98822445171964,-3.8735528797412755e-13
87.84997707772885,-18.373547394157374,4.1525002006148615,23.752028072060035,-22.986729822737118,-4.5472142501310627e-13
87.85806377867569,-18.37998696132602,4.153267480388574,23.752256801912814,-22.985233145738636,-3.705137537143829e-13
87.86615122104268,-18.386426026068413,4.15403468199604,23.752484103225484,-22.98373442127519,-3.8735528797412755e-13
