galstreams/tracks/track.st.C-4.ibata2021.ecsv
# %ECSV 1.0
# ---
# datatype:
# - {name: ra, unit: deg, datatype: float64}
# - {name: dec, unit: deg, datatype: float64}
# - {name: distance, unit: kpc, datatype: float64}
# - {name: pm_ra_cosdec, unit: mas / yr, datatype: float64}
# - {name: pm_dec, unit: mas / yr, datatype: float64}
# - {name: radial_velocity, unit: km / s, datatype: float64}
# delimiter: ','
# meta: !!omap
# - __serialized_columns__:
#     dec:
#       __class__: astropy.coordinates.angles.Latitude
#       unit: &id001 !astropy.units.Unit {unit: deg}
#       value: !astropy.table.SerializedColumn {name: dec}
#     distance:
#       __class__: astropy.coordinates.distances.Distance
#       unit: !astropy.units.Unit {unit: kpc}
#       value: !astropy.table.SerializedColumn {name: distance}
#     pm_dec:
#       __class__: astropy.units.quantity.Quantity
#       unit: !astropy.units.Unit {unit: mas / yr}
#       value: !astropy.table.SerializedColumn {name: pm_dec}
#     pm_ra_cosdec:
#       __class__: astropy.units.quantity.Quantity
#       unit: !astropy.units.Unit {unit: mas / yr}
#       value: !astropy.table.SerializedColumn {name: pm_ra_cosdec}
#     ra:
#       __class__: astropy.coordinates.angles.Longitude
#       unit: *id001
#       value: !astropy.table.SerializedColumn {name: ra}
#       wrap_angle: !astropy.coordinates.Angle
#         unit: *id001
#         value: 360.0
#     radial_velocity:
#       __class__: astropy.units.quantity.Quantity
#       unit: !astropy.units.Unit {unit: km / s}
#       value: !astropy.table.SerializedColumn {name: radial_velocity}
# schema: astropy-2.0
ra,dec,distance,pm_ra_cosdec,pm_dec,radial_velocity
[from data line 146]
180.33603118786908,84.51301009669687,3.959932513996551,-15.210865825856237,-6.75827600920704,1000.0000000000001
180.44175465776252,84.5131988257482,3.959583473082937,-15.223383457861539,-6.73074260819007,1000.0000000000002
180.5474818875436,84.51337218061931,3.9592318871634236,-15.235866746961175,-6.703188347820835,1000.0000000000006
180.65321235381776,84.51353015532051,3.9588777615681887,-15.248315583735408,-6.675613369453699,1000.0000000000002
180.75894553264246,84.51367274398204,3.958521101627414,-15.260729859540033,-6.6480178152028016,1000.0000000000003
180.86468089954047,84.51379994085428,3.958161912671275,-15.273109466511736,-6.620401827936687,1000.0000000000006
180.9704179295188,84.51391174030796,3.957800200029952,-15.285454297573922,-6.592765551271472,1000.0000000000003
181.07615609708768,84.5140081368343,3.9574359690336247,-15.297764246442608,-6.565109129563781,1000.0000000000003
181.1818948762737,84.51408912504532,3.95706922501247,-15.310039207631503,-6.537432707905442,1000.0000000000002
181.28763374064204,84.51415469967398,3.956699973296668,-15.322279076458146,-6.5097364321154885,1000.0000000000001
181.39337216330884,84.51420485557432,3.956328219216398,-15.334483749048788,-6.482020448734881,1000.0000000000003
181.49910961696358,84.51423958772175,3.955953968101837,-15.346653122344394,-6.454284905018465,1000.0000000000002
181.60484557388165,84.51425889121316,3.955577225283166,-15.358787094105452,-6.426529948929562,1000.0000000000002
181.71057950594667,84.5142627612671,3.955197996090561,-15.370885562917865,-6.398755729131778,1000.0000000000001
181.81631088466375,84.51425119322397,3.954816285854204,-15.382948428197695,-6.370962394983408,1000.0000000000002
181.92203918117883,84.51422418254617,3.9544320999042717,-15.394975590196582,-6.343150096529955,1000.0000000000003
182.02776386629813,84.51418172481827,3.954045443570943,-15.406966950007096,-6.315318984496716,1000.0000000000002
182.13348441050147,84.51412381574713,3.9536563221843988,-15.418922409567331,-6.287469210282895,1000.0000000000003
182.23920028396478,84.5140504511621,3.9532647410748143,-15.430841871666498,-6.259600925953337,1000.0000000000002
182.34491095657293,84.51396162701516,3.952870705572371,-15.442725239949317,-6.231714284232622,1000.0000000000003
182.45061589794204,84.51385733938099,3.952474221007248,-15.454572418921462,-6.203809438496719,1000.0000000000003
182.55631457743277,84.51373758445717,3.9520752927096217,-15.466383313953907,-6.175886542767013,1000.0000000000003
182.66200646417244,84.51360235856431,3.9516739260096725,-15.478157831288183,-6.147945751701854,1000.0000000000002
182.76769102706885,84.51345165814614,3.9512701262375804,-15.48989587804068,-6.119987220590378,1000.0000000000003
182.87336773482963,84.51328547976959,3.950863898723521,-15.50159736220748,-6.092011105344683,1000.0000000000001
182.9790360559821,84.51310382012505,3.9504552487976765,-15.513262192669146,-6.0640175624920225,1000.0000000000001
183.08469545888656,84.51290667602628,3.9500441817902234,-15.524890279194823,-6.036006749168525,1000.0000000000002
183.19034541175913,84.51269404441065,3.949630703031342,-15.536481532447176,-6.007978823110418,1000.0000000000002
183.29598538268462,84.51246592233922,3.9492148178512094,-15.54803586398633,-5.9799339426479134,1000.0000000000001
183.40161483963928,84.51222230699676,3.9487965315800064,-15.55955318627469,-5.951872266696299,1000.0000000000002
183.50723325050436,84.5119631956919,3.9483758495479107,-15.571033412680768,-5.923793954749561,1000.0000000000002
183.61284008308587,84.51168858585724,3.9479527770850993,-15.58247645748361,-5.89569916687232,1000.0000000000002
183.71843480513408,84.51139847504926,3.947527319521755,-15.59388223587707,-5.867588063691611,1000.0000000000003
183.82401688435732,84.51109286094864,3.947099482188054,-15.605250663973521,-5.839460806390459,1000.0000000000002
183.92958578844457,84.51077174136009,3.9466692704141755,-15.6165816588083,-5.811317556698806,1000.0000000000003
184.03514098507858,84.51043511421256,3.9462366895302976,-15.627875138343192,-5.783158476887039,1000.0000000000002
184.14068194195858,84.51008297755925,3.9458017448666007,-15.63913102147077,-5.754983729756986,1000.0000000000003
184.24620812681314,84.5097153295776,3.945364441753263,-15.650349228017742,-5.7267934786353125,1000.0000000000001
184.35171900742316,84.50933216856946,3.944924785520463,-15.661529678749135,-5.698587887364473,1000.0000000000003
184.45721405163522,84.50893349296098,3.9444827814983796,-15.672672295371603,-5.670367120295853,1000.0000000000001
184.56269272738146,84.50851930130277,3.9440384350171924,-15.683777000537127,-5.642131342281502,1000.0000000000002
184.66815450269914,84.50808959226983,3.943591751407079,-15.694843717846803,-5.613880718665569,1000.0000000000003
184.77359884574435,84.50764436466163,3.9431427359982183,-15.70587237185383,-5.585615415277577,1000.0000000000003
184.87902522481443,84.50718361740213,3.94269139412079,-15.71686288806741,-5.557335598423082,1000.0000000000003
184.9844331083613,84.50670734953975,3.9422377311049726,-15.72781519295561,-5.5290414348769445,1000.0000000000002
185.08982196501384,84.50621556024738,3.9417817522809444,-15.738729213949002,-5.500733091873973,1000.0000000000006
185.19519126359106,84.50570824882244,3.9413234629788834,-15.74960487944349,-5.472410737102135,1000.0000000000002
185.30054047312447,84.50518541468678,3.9408628685289715,-15.760442118803793,-5.444074538693183,1000.0000000000003
185.40586906287186,84.50464705738676,3.940399974261384,-15.771240862366128,-5.415724665215656,1000.0000000000003
185.51117650233667,84.50409317659319,3.939934785506303,-15.782001041441333,-5.387361285666179,1000.0000000000002
185.61646226128758,84.5035237721013,3.9394673075939033,-15.792722588317941,-5.358984569460897,1000.0000000000003
185.72172580977215,84.50293884383073,3.938997545854368,-15.80340543626458,-5.330594686428308,1000.0000000000002
185.82696661813898,84.50233839182552,3.9385255056178727,-15.814049519533192,-5.302191806799811,1000.0000000000001
185.9321841570508,84.501722416254,3.9380511922145978,-15.824654773361274,-5.273776101202769,1000.0000000000002
186.03737789750699,84.50109091740885,3.9375746109747216,-15.835221133974914,-5.245347740650872,1000.0000000000003
186.14254731085666,84.50044389570695,3.9370957672284232,-15.845748538590948,-5.216906896537074,1000.0000000000002
186.24769186881824,84.49978135168944,3.936614666305881,-15.85623692541954,-5.188453740624803,1000.0000000000002
186.35281104349886,84.49910328602152,3.936131313537274,-15.866686233666808,-5.159988445039069,1000.0000000000002
186.4579043074075,84.49840969949254,3.935645714252781,-15.87709640353668,-5.131511182259405,1000.0000000000003
186.56297113347733,84.4977005930158,3.9351578737825803,-15.88746737623361,-5.103022125110094,1000.0000000000002
186.6680109950785,84.49697596762856,3.9346677974568522,-15.897799093964299,-5.0745214467531765,1000.0000000000001
186.77302336604004,84.49623582449192,3.934175490605774,-15.90809149994022,-5.046009320678758,1000.0000000000002
186.87800772066268,84.49548016489075,3.9336809585595254,-15.918344538379188,-5.0174859206979425,1000.0000000000001
186.98296353374093,84.49470899023362,3.9331842066482854,-15.928558154507764,-4.988951420933057,1000.0000000000002
187.08789028057603,84.49392230205265,3.9326852402022316,-15.938732294562728,-4.960405995810506,1000.0000000000006
187.1927874369952,84.49312010200347,3.9321840645515427,-15.948866905793027,-4.931849820051711,1000.0000000000003
187.29765447937044,84.49230239186508,3.9316806850263997,-15.958961936461645,-4.903283068664325,1000.0000000000003
187.40249088463173,84.49146917353974,3.9311751069569794,-15.969017335846942,-4.87470591693483,1000.0000000000002
187.50729613028867,84.49062044905287,3.930667335673461,-15.979033054244558,-4.8461185404188365,1000.0000000000003
187.61206969444288,84.48975622055293,3.930157376506023,-15.989009042968549,-4.817521114933959,1000.0000000000001
187.71681105580998,84.48887649031127,3.9296452347848456,-15.998945254353204,-4.78891381654993,1000.0000000000001
187.82151969373132,84.48798126072201,3.929130915840106,-16.008841641753996,-4.760296821581618,1000.0000000000003
187.9261950881962,84.48707053430194,3.928614425001985,-16.018698159549228,-4.731670306579077,1000.0000000000007
188.0308367198541,84.4861443136903,3.92809576760066,-16.028514763140894,-4.703034448320349,1000.0000000000006
188.1354440700337,84.48520260164875,3.9275749489663085,-16.038291408956,-4.674389423802387,1000.0000000000001
188.24001662076094,84.48424540106107,3.927051974429113,-16.048028054447663,-4.645735410232203,1000.0000000000006
188.34455385477204,84.48327271493315,3.926526849319248,-16.057724658095843,-4.617072585019379,1000.0000000000006
188.44905525553446,84.48228454639272,3.9259995789668953,-16.06738117940853,-4.588401125766457,1000.0000000000003
188.55352030725908,84.48128089868925,3.9254701687022324,-16.076997578922303,-4.559721210261615,1000.0000000000002
188.65794849492121,84.48026177519372,3.9249386238554385,-16.086573818203323,-4.5310330164689585,1000.0000000000003
188.76233930427307,84.47922717939853,3.924404949756694,-16.09610985984779,-4.502336722521169,1000.0000000000006
188.86669222186177,84.47817711491723,3.9238691517361737,-16.105605667482653,-4.4736325067105485,1000.0000000000006
188.97100673504758,84.47711158548437,3.9233312351240595,-16.115061205766235,-4.444920547480076,1000.0000000000002
189.07528233201603,84.47603059495532,3.9227912052505305,-16.12447644038841,-4.416201023416005,1000.0000000000006
189.1795185017987,84.47493414730607,3.9222490674457635,-16.133851338071317,-4.387474113238243,1000.0000000000006
189.2837147342848,84.47382224663303,3.92170482703994,-16.143185866569333,-4.358739995793059,1000.0000000000007
189.3878705202418,84.47269489715276,3.921158489363235,-16.152479994669648,-4.329998850043424,1000.0000000000002
189.4919853513268,84.47155210320189,3.9206100597458304,-16.16173369219203,-4.30125085506184,1000.0000000000003
189.59605872010698,84.47039386923677,3.920059543517904,-16.170946929989324,-4.272496190020648,1000.0000000000006
189.7000901200717,84.46922019983339,3.9195069460096352,-16.180119679947115,-4.243735034184699,1000.0000000000001
189.8040790456495,84.46803109968694,3.9189522725512025,-16.18925191498379,-4.214967566902483,1000.0000000000003
189.90802499222602,84.46682657361187,3.918395528472783,-16.19834360905056,-4.186193967597277,1000.0000000000003
190.01192745615523,84.4656066265414,3.9178367191045584,-16.207394737130922,-4.157414415759825,1000.0000000000006
190.11578593477972,84.46437126352743,3.917275849776706,-16.216405275240728,-4.128629090938763,1000.0000000000006
190.21959992644156,84.46312048974022,3.916712925819404,-16.225375200427493,-4.099838172733503,1000.0000000000007
190.32336893050226,84.46185431046817,3.916147952562832,-16.234304490770302,-4.071041840784529,1000.0000000000006
190.42709244735335,84.46057273111761,3.915580935337169,-16.243193125378973,-4.042240274766558,1000.0000000000003
190.5307699784364,84.45927575721247,3.9150118794725937,-16.252041084393806,-4.013433654378722,1000.0000000000006
190.63440102625398,84.45796339439401,3.9144407902992846,-16.260848348984673,-3.984622159337552,1000.0000000000003
190.73798509438637,84.45663564842067,3.913867673147421,-16.26961490135041,-3.9558059693681678,1000.0000000000006
190.8415216875085,84.45529252516768,3.9132925333471813,-16.278340724718166,-3.9269852641955065,1000.0000000000006
190.94501031140052,84.45393403062681,3.9127153762287437,-16.287025803342264,-3.898160223537281,1000.0000000000002
191.04845047296726,84.45256017090612,3.9121362071222876,-16.295670122503523,-3.8693310270944323,1000.0000000000006
191.15184168024848,84.45117095222967,3.911555031357993,-16.304273668508074,-3.840497854544193,1000.0000000000002
191.2551834424379,84.44976638093722,3.9109718542660374,-16.31283642868649,-3.811660885530701,1000.0000000000006
191.35847526989366,84.44834646348392,3.910386681176599,-16.321358391392437,-3.782820299657934,1000.0000000000002
191.46171667415467,84.44691120644005,3.909799517419858,-16.32983954600155,-3.7539762764810707,1000.0000000000002
191.56490716795648,84.44546061649068,3.9092103683259927,-16.33827988291028,-3.7251289954979354,1000.0000000000002
191.66804626524157,84.44399470043543,3.908619239225181,-16.346679393534302,-3.696278636142055,1000.0000000000003
191.77113348117808,84.44251346518801,3.9080261354476034,-16.35503807030736,-3.667425377773256,1000.0000000000002
191.8741683321692,84.44101691777617,3.9074310623234374,-16.363355906679516,-3.6385693996710398,1000.0000000000003
191.97715033587193,84.43950506534104,3.906834025182863,-16.371632897115894,-3.6097108810251193,1000.0000000000006
192.08007901120595,84.43797791513713,3.9062350293560573,-16.37986903709476,-3.580850000928921,1000.0000000000002
192.1829538783724,84.43643547453176,3.9056340801732015,-16.38806432310612,-3.55198693837019,1000.0000000000003
192.2857744588631,84.4348777510049,3.9050311829644713,-16.396218752649723,-3.523121872224322,1000.0000000000002
192.38854027547626,84.43330475214874,3.904426343060048,-16.404332324233366,-3.4942549812458887,1000.0000000000002
192.49125085233123,84.43171648566735,3.90381956579011,-16.412405037371066,-3.465386444060389,1000.0000000000003
192.59390571487816,84.4301129593764,3.9032108564848356,-16.420436892580913,-3.43651643915749,1000.0000000000006
192.6965043899157,84.42849418120272,3.902600220474404,-16.42842789138333,-3.407645144881929,1000.0000000000006
192.7990464055994,84.42686015918409,3.901987663088992,-16.43637803629867,-3.378772739427138,1000.0000000000006
192.90153129145978,84.4252109014687,3.9013731896587815,-16.4442873308454,-3.34989940082607,1000.0000000000003
193.0039585784102,84.42354641631496,3.900756805513949,-16.452155779537566,-3.32102530694495,1000.0000000000003
193.10632779876454,84.42186671209105,3.9001385159846755,-16.459983387882847,-3.2921506354742016,1000.0000000000003
193.20863848624586,84.42017179727455,3.8995183264011377,-16.46777016237995,-3.2632755639220274,1000.0000000000003
193.31089017600078,84.41846168045211,3.8988962420935156,-16.475516110516303,-3.234400269606284,1000.0000000000006
193.41308240461353,84.41673637031904,3.898272268391988,-16.4832212407657,-3.205524929646457,1000.0000000000006
193.51521471011452,84.41499587567898,3.8976464106267334,-16.490885562585586,-3.1766497209573137,1000.0000000000007
193.61728663199722,84.41324020544347,3.897018674127929,-16.4985090864147,-3.147774820240012,1000.0000000000002
193.7192977112256,84.41146936863159,3.8963890642257573,-16.50609182367011,-3.1189004039761468,1000.0000000000003
193.821247490251,84.40968337436952,3.895757586250394,-16.513633786744933,-3.0900266484187933,1000.0000000000003
193.9231355130198,84.40788223189027,3.8951242455320187,-16.52113498900514,-3.0611537295865254,1000.0000000000003
194.02496132498715,84.40606595053318,3.8944890474008114,-16.52859544478699,-3.0322818232554587,1000.0000000000003
194.12672447313062,84.40423453974348,3.89385199718695,-16.536015169394155,-3.0034111049514784,1000.0000000000003
194.22842450595732,84.4023880090721,3.8932131002206125,-16.54339417909458,-2.97454174994421,1000.0000000000006
194.33006097352052,84.40052636817497,3.8925723618319785,-16.550732491117756,-2.9456739332384423,1000.0000000000002
194.431633427426,84.39864962681285,3.8919297873512266,-16.55803012365135,-2.916807829568314,1000.0000000000006
194.53314142084824,84.39675779485084,3.891285382108536,-16.565287095838414,-2.8879436133888667,1000.0000000000003
194.63458450853682,84.39485088225787,3.890639151434085,-16.572503427773917,-2.859081458870264,1000.0000000000003
194.73596224683217,84.39292889910647,3.8899911006580528,-16.57967914050179,-2.830221539889494,1000.0000000000006
194.83727419367236,84.39099185557217,3.889341235110619,-16.586814256011397,-2.801364030024507,1000.0000000000003
194.9385199086057,84.38903976193316,3.88868956012196,-16.593908797234356,-2.7725091025467394,1000.0000000000006
