galstreams/tracks/track.st.AAU-AliqaUma.li2021.ecsv
# %ECSV 0.9
# ---
# datatype:
# - {name: ra, unit: deg, datatype: float64}
# - {name: dec, unit: deg, datatype: float64}
# - {name: distance, unit: kpc, datatype: float64}
# - {name: pm_ra_cosdec, unit: mas / yr, datatype: float64}
# - {name: pm_dec, unit: mas / yr, datatype: float64}
# - {name: radial_velocity, unit: km / s, datatype: float64}
# delimiter: ','
# meta: !!omap
# - __serialized_columns__:
#     dec:
#       __class__: astropy.coordinates.angles.Latitude
#       unit: &id001 !astropy.units.Unit {unit: deg}
#       value: !astropy.table.SerializedColumn {name: dec}
#     distance:
#       __class__: astropy.coordinates.distances.Distance
#       unit: !astropy.units.Unit {unit: kpc}
#       value: !astropy.table.SerializedColumn {name: distance}
#     pm_dec:
#       __class__: astropy.units.quantity.Quantity
#       unit: !astropy.units.Unit {unit: mas / yr}
#       value: !astropy.table.SerializedColumn {name: pm_dec}
#     pm_ra_cosdec:
#       __class__: astropy.units.quantity.Quantity
#       unit: !astropy.units.Unit {unit: mas / yr}
#       value: !astropy.table.SerializedColumn {name: pm_ra_cosdec}
#     ra:
#       __class__: astropy.coordinates.angles.Longitude
#       unit: *id001
#       value: !astropy.table.SerializedColumn {name: ra}
#       wrap_angle: !astropy.coordinates.Angle
#         unit: *id001
#         value: 360.0
#     radial_velocity:
#       __class__: astropy.units.quantity.Quantity
#       unit: !astropy.units.Unit {unit: km / s}
#       value: !astropy.table.SerializedColumn {name: radial_velocity}
# schema: astropy-2.0
ra,dec,distance,pm_ra_cosdec,pm_dec,radial_velocity
[from data line 414]
4.272695396818238,-17.795328055553853,27.28810501072521,0.21772159698655996,-0.6403403348862906,-158.4002775527738
4.282004711914889,-17.79998874548406,27.282752240805994,0.21768719538950115,-0.6406412635999308,-158.38455603988544
4.291314037814964,-17.804649842633967,27.277401465709303,0.2176526196456613,-0.6409420597783706,-158.3688207093631
4.300623374730082,-17.809311346923153,27.272052685435153,0.2176178697463203,-0.6412427234525899,-158.3530715612065
4.309932722872065,-17.813973258271304,27.26670589998354,0.21758294568275122,-0.641543254653585,-158.33730859541592
4.319242082452726,-17.818635576598098,27.261361109354453,0.21754784744621902,-0.6418436534123673,-158.32153181199124
4.328551453683968,-17.823298301823236,27.256018313547912,0.2175125750279809,-0.642143919759963,-158.3057412109325
4.337860836777584,-17.82796143386637,27.2506775125639,0.21747712841928596,-0.6424440537274151,-158.2899367922397
4.347170231945565,-17.83262497264724,27.24533870640242,0.2174415076113755,-0.6427440553457809,-158.2741185559128
4.356479639399887,-17.83728891808554,27.240001895063486,0.21740571259548308,-0.6430439246461329,-158.25828650195174
4.365789059352629,-17.841953270101058,27.23466707854708,0.21736974336283507,-0.6433436616595598,-158.24244063035678
4.37509849201575,-17.84661802861348,27.229334256853203,0.21733359990464862,-0.6436432664171658,-158.2265809411275
4.384407937601408,-17.85128319354258,27.22400342998187,0.21729728221213435,-0.6439427389500696,-158.21070743426426
4.393717396321806,-17.85594876480816,27.218674597933074,0.21726079027649473,-0.6442420792894058,-158.194820109767
4.40302686838903,-17.860614742329954,27.213347760706814,0.21722412408892383,-0.6445412874663247,-158.1789189676356
4.412336354015367,-17.865281126027778,27.20802291830308,0.21718728364060869,-0.6448403635119916,-158.16300400787011
4.4216458534131435,-17.869947915821463,27.202700070721882,0.21715026892272882,-0.6451393074575875,-158.14707523047062
4.430955366794575,-17.87461511163079,27.197379217963228,0.2171130799264546,-0.6454381193343085,-158.13113263543693
4.440264894372076,-17.879282713375595,27.19206036002711,0.21707571664295,-0.6457367991733659,-158.1151762227693
4.449574436358047,-17.88395072097574,27.186743496913518,0.21703817906337075,-0.6460353470059876,-158.09920599246746
4.458883992964987,-17.888619134351096,27.181428628622466,0.2170004671788649,-0.6463337628634155,-158.0832219445316
4.468193564405279,-17.89328795342148,27.17611575515394,0.21696258098057247,-0.646632046776908,-158.06722407896154
4.477503150891504,-17.897957178106804,27.17080487650796,0.2169245204596259,-0.6469301987777374,-158.05121239575757
4.486812752636238,-17.902626808326957,27.165495992684512,0.2168862856071502,-0.6472282188971933,-158.03518689491946
4.496122369852144,-17.907296844001866,27.160189103683603,0.21684787641426242,-0.6475261071665792,-158.01914757644732
4.505432002751777,-17.911967285051393,27.154884209505227,0.2168092928720718,-0.6478238636172151,-158.00309444034107
4.5147416515478875,-17.916638131395505,27.149581310149387,0.21677053497167986,-0.6481214882804356,-157.98702748660068
4.52405131645327,-17.921309382954156,27.14428040561608,0.21673160270418074,-0.6484189811875911,-157.9709467152263
4.533360997680603,-17.92598103964725,27.138981495905306,0.21669249606066043,-0.6487163423700477,-157.95485212621776
4.542670695442767,-17.93065310139478,27.133684581017068,0.21665321503219737,-0.6490135718591856,-157.93874371957506
4.551980409952629,-17.935325568116724,27.128389660951367,0.21661375960986273,-0.6493106696864026,-157.92262149529844
4.561290141423154,-17.93999843973309,27.123096735708206,0.21657412978471977,-0.6496076358831094,-157.90648545338775
4.570599890067188,-17.944671716163825,27.117805805287574,0.21653432554782343,-0.649904470480734,-157.89033559384288
4.579909656097783,-17.949345397328976,27.112516869689482,0.21649434689022223,-0.6502011735107192,-157.87417191666395
4.58921943972803,-17.954019483148585,27.10722992891392,0.216454193802956,-0.6504977450045228,-157.85799442185095
4.5985292411709,-17.958693973542648,27.101944982960894,0.21641386627705705,-0.6507941849936191,-157.8418031094039
4.607839060639574,-17.963368868431225,27.096662031830398,0.2163733643035508,-0.6510904935094965,-157.82559797932274
4.617148898347212,-17.96804416773438,27.091381075522452,0.21633268787345403,-0.6513866705836588,-157.8093790316075
4.626458754507079,-17.972719871372213,27.08610211403703,0.2162918369777766,-0.6516827162476269,-157.7931462662582
4.6357686293323175,-17.97739597926476,27.08082514737415,0.21625081160752044,-0.6519786305329354,-157.7768996832748
4.645078523036274,-17.98207249133213,27.075550175533806,0.21620961175367992,-0.6522744134711348,-157.76063928265734
4.6543884358323355,-17.986749407494464,27.07027719851599,0.21616823740724217,-0.6525700650937917,-157.74436506440583
4.663698367933775,-17.991426727671836,27.065006216320704,0.21612668855918576,-0.6528655854324871,-157.72807702852015
4.673008319554063,-17.996104451784383,27.059737228947963,0.21608496520048265,-0.6531609745188176,-157.71177517500044
4.682318290906664,-18.000782579752258,27.054470236397755,0.21604306732209644,-0.6534562323843954,-157.69545950384668
4.691628282205133,-18.005461111495645,27.04920523867008,0.21600099491498428,-0.6537513590608486,-157.67913001505875
4.7009382936629125,-18.01014004693465,27.043942235764945,0.21595874797009423,-0.65404635457982,-157.66278670863676
4.710248325493647,-18.014819385989487,27.038681227682346,0.21591632647836784,-0.6543412189729678,-157.64642958458074
4.719558377911019,-18.019499128580364,27.033422214422277,0.2158737304307391,-0.654635952271966,-157.63005864289067
4.728868451128599,-18.024179274627425,27.028165195984748,0.21583095981813338,-0.654930554508504,-157.6136738835665
4.738178545360155,-18.028859824050915,27.02291017236975,0.2157880146314701,-0.6552250257142862,-157.59727530660822
4.747488660819446,-18.033540776771055,27.017657143577292,0.2157448948616596,-0.6555193659210325,-157.58086291201582
4.756798797720329,-18.038222132708114,27.012406109607355,0.2157016004996063,-0.6558135751604793,-157.56443669978944
4.76610895627654,-18.04290389178227,27.007157070459968,0.215658131536205,-0.6561076534643758,-157.5479966699289
4.775419136702019,-18.047586053913825,27.00191002613512,0.2156144879623449,-0.6564016008644895,-157.53154282243423
4.78472933921075,-18.052268619023064,26.996664976632797,0.21557066976890696,-0.6566954173926018,-157.5150751573056
4.794039564016597,-18.056951587030227,26.991421921953005,0.2155266769467643,-0.6569891030805098,-157.49859367454286
4.803349811333626,-18.06163495785562,26.986180862095758,0.21548250948678277,-0.6572826579600257,-157.48209837414603
4.812660081375896,-18.066318731419553,26.980941797061046,0.21543816737982133,-0.6575760820629774,-157.46558925611512
4.821970374357559,-18.071002907642374,26.975704726848864,0.21539365061673038,-0.6578693754212084,-157.44906632045016
4.831280690492648,-18.075687486444345,26.970469651459215,0.21534895918835364,-0.6581625380665773,-157.43252956715102
4.840591029995403,-18.080372467745846,26.96523657089211,0.21530409308552684,-0.658455570030958,-157.4159789962179
4.8499013930801,-18.085057851467248,26.960005485147537,0.21525905229907877,-0.6587484713462401,-157.3994146076506
4.859211779960906,-18.089743637528855,26.9547763942255,0.21521383681983025,-0.6590412420443285,-157.38283640144934
4.868522190852183,-18.09442982585107,26.949549298125994,0.21516844663859497,-0.6593338821571435,-157.36624437761395
4.877832625968287,-18.099116416354274,26.94432419684902,0.21512288174617916,-0.6596263917166212,-157.34963853614448
4.887143085523663,-18.103803408958896,26.939101090394594,0.21507714213338128,-0.6599187707547116,-157.3330188770409
4.8964535697326514,-18.108490803585276,26.9338799787627,0.21503122779099276,-0.6602110193033821,-157.3163854003033
4.9057640788097805,-18.11317860015388,26.92866086195333,0.21498513870979719,-0.6605031373946146,-157.29973810593157
4.915074612969631,-18.11786679858515,26.92344373996651,0.21493887488057128,-0.6607951250604058,-157.28307699392573
4.924385172426655,-18.12255539879947,26.91822861280221,0.21489243629408383,-0.661086982332769,-157.26640206428584
4.933695757395545,-18.12724440071733,26.91301548046046,0.21484582294109644,-0.661378709243732,-157.2497133170119
4.943006368090928,-18.131933804259198,26.907804342941237,0.21479903481236345,-0.6616703058253387,-157.23301075210387
4.952317004727502,-18.136623609345538,26.902595200244544,0.2147520718986312,-0.6619617721096476,-157.21629436956172
4.961627667520001,-18.141313815896833,26.897388052370395,0.21470493419063935,-0.6622531081287331,-157.19956416938552
4.970938356683205,-18.146004423833578,26.892182899318776,0.21465762167912006,-0.6625443139146849,-157.1828201515753
4.980249072431937,-18.150695433076283,26.8869797410897,0.21461013435479762,-0.6628353894996083,-157.16606231613093
4.98955981498106,-18.155386843545468,26.88177857768315,0.21456247220838942,-0.6631263349156236,-157.14929066305248
4.998870584545484,-18.160078655161673,26.876579409099143,0.21451463523060538,-0.6634171501948669,-157.13250519234
5.008181381340154,-18.164770867845423,26.871382235337666,0.214466623412148,-0.6637078353694894,-157.11570590399333
5.017492205580066,-18.169463481517273,26.866187056398722,0.21441843674371236,-0.6639983904716584,-157.09889279801268
5.026803057480254,-18.174156496097797,26.86099387228232,0.2143700752159865,-0.6642888155335551,-157.08206587439798
5.036113937255793,-18.178849911507555,26.85580268298845,0.21432153881965071,-0.6645791105873777,-157.06522513314917
5.045424845121808,-18.183543727667146,26.85061348851712,0.21427282754537827,-0.6648692756653389,-157.04837057426627
5.05473578129346,-18.188237944497157,26.84542628886832,0.21422394138383508,-0.6651593107996672,-157.03150219774923
5.064046745985951,-18.192932561918195,26.840241084042052,0.2141748803256795,-0.6654492160226062,-157.0146200035981
5.073357739414529,-18.197627579850877,26.835057874038327,0.21412564436156278,-0.6657389913664149,-156.99772399181296
5.08266876179449,-18.202322998215838,26.82987665885713,0.21407623348212887,-0.6660286368633682,-156.98081416239373
5.091979813341163,-18.20701881693372,26.82469743849847,0.21402664767801455,-0.6663181525457562,-156.9638905153404
5.101290894269921,-18.211715035925163,26.819520212962352,0.21397688693984881,-0.6666075384458836,-156.94695305065304
5.1106020047961875,-18.21641165511084,26.81434498224877,0.2139269512582539,-0.6668967945960717,-156.93000176833155
5.119913145135421,-18.22110867441141,26.809171746357713,0.2138768406238449,-0.6671859210286568,-156.913036668376
5.1292243155031265,-18.225806093747575,26.804000505289192,0.21382655502722853,-0.6674749177759902,-156.89605775078635
5.138535516114849,-18.230503913040014,26.798831259043208,0.21377609445900564,-0.6677637848704387,-156.87906501556262
5.1478467471861755,-18.235202132209434,26.793664007619757,0.21372545890976896,-0.6680525223443851,-156.8620584627048
5.157158008932742,-18.23990075117656,26.78849875101885,0.21367464837010425,-0.6683411302302268,-156.84503809221297
5.166469301570218,-18.24459976986211,26.78333548924047,0.21362366283059,-0.6686296085603771,-156.82800390408704
5.1757806253143235,-18.24929918818682,26.77817422228463,0.21357250228179736,-0.6689179573672648,-156.810955898327
5.185091980380819,-18.25399900607144,26.773014950151328,0.21352116671429058,-0.6692061766833334,-156.79389407493284
5.194403366985501,-18.258699223436736,26.767857672840556,0.21346965611862628,-0.6694942665410428,-156.77681843390465
5.203714785344219,-18.26339984020347,26.762702390352327,0.21341797048535388,-0.6697822269728676,-156.75972897524238
5.213026235672861,-18.268100856292417,26.75754910268662,0.21336610980501616,-0.6700700580112982,-156.74262569894606
5.2223377181873545,-18.272802271624375,26.752397809843448,0.21331407406814784,-0.6703577596888399,-156.72550860501556
5.231649233103674,-18.277504086120157,26.747248511822818,0.21326186326527724,-0.6706453320380141,-156.70837769345104
5.240960780637835,-18.282206299700558,26.742101208624728,0.21320947738692464,-0.6709327750913564,-156.69123296425244
5.250272361005894,-18.286908912286396,26.736955900249168,0.21315691642360413,-0.6712200888814196,-156.67407441741977
5.259583974423956,-18.291611923798524,26.731812586696144,0.21310418036582188,-0.6715072734407702,-156.656902052953
5.26889562110816,-18.296315334157768,26.726671267965653,0.21305126920407727,-0.6717943288019913,-156.6397158708522
5.278207301274694,-18.30101914328499,26.721531944057702,0.21299818292886216,-0.6720812549976807,-156.6225158711173
5.2875190151397895,-18.30572335110106,26.71639461497228,0.21294492153066163,-0.672368052060452,-156.60530205374832
5.296830762919715,-18.310427957526844,26.711259280709392,0.2128914849999533,-0.6726547200229338,-156.58807441874515
5.306142544830788,-18.31513296248323,26.70612594126905,0.21283787332720802,-0.6729412589177705,-156.57083296610801
5.315454361089363,-18.31983836589112,26.700994596651242,0.21278408650288894,-0.6732276687776215,-156.55357769583674
5.32476621191184,-18.32454416767141,26.69586524685596,0.21273012451745282,-0.6735139496351622,-156.5363086079315
5.3340780975146656,-18.32925036774503,26.690737891883217,0.21267598736134863,-0.6738001015230828,-156.51902570239213
5.34339001811432,-18.333956966032897,26.68561253173301,0.21262167502501844,-0.6740861244740894,-156.5017289792186
5.352701973927336,-18.33866396245595,26.680489166405334,0.2125671874988975,-0.674372018520903,-156.484418438411
5.362013965170282,-18.343371356935144,26.675367795900197,0.21251252477341342,-0.6746577836962603,-156.4670940799694
5.371325992059775,-18.348079149391435,26.670248420217597,0.2124576868389875,-0.6749434200329135,-156.44975590389373
5.380638054812466,-18.35278733974579,26.665131039357533,0.2124026736860328,-0.6752289275636301,-156.43240391018392
5.389950153645058,-18.35749592791918,26.660015653319995,0.21234748530495617,-0.6755143063211928,-156.41503809884
5.3992622887742945,-18.362204913832617,26.654902262105004,0.21229212168615735,-0.6757995563383998,-156.3976584698621
5.4085744604169586,-18.366914297407078,26.64979086571254,0.2122365828200289,-0.676084677648065,-156.38026502325
5.417886668789877,-18.37162407856359,26.644681464142618,0.21218086869695577,-0.6763696702830172,-156.36285775900393
5.42719891410992,-18.37633425722316,26.639574057395222,0.21212497930731677,-0.6766545342761017,-156.34543667712373
5.436511196594002,-18.38104483330683,26.634468645470367,0.21206891464148298,-0.6769392696601777,-156.3280017776094
5.445823516459081,-18.38575580673563,26.62936522836805,0.21201267468981871,-0.6772238764681202,-156.310553060461
5.455135873922151,-18.39046717743062,26.624263806088265,0.21195625944268126,-0.6775083547328205,-156.29309052567862
5.464448269200257,-18.395178945312853,26.619164378631012,0.2118996688904209,-0.6777927044871846,-156.27561417326208
5.473760702510483,-18.399891110303415,26.614066945996303,0.21184290302338046,-0.6780769257641341,-156.25812400321146
5.483073174069956,-18.404603672323365,26.608971508184123,0.21178596183189644,-0.6783610185966058,-156.24062001552682
5.492385684095847,-18.409316631293816,26.60387806519448,0.2117288453062979,-0.6786449830175518,-156.22310221020803
5.501698232805368,-18.414029987135862,26.598786617027372,0.2116715534369069,-0.6789288190599404,-156.2055705872552
5.511010820415777,-18.418743739770612,26.593697163682794,0.21161408621403893,-0.6792125267567544,-156.18802514666828
5.520323447144369,-18.423457889119184,26.58860970516076,0.21155644362800136,-0.6794961061409919,-156.17046588844724
5.529636113208486,-18.428172435102717,26.583524241461255,0.21149862566909608,-0.6797795572456677,-156.15289281259226
5.538948818825515,-18.432887377642356,26.578440772584283,0.2114406323276174,-0.6800628801038109,-156.1353059191031
5.548261564212882,-18.437602716659242,26.573359298529855,0.21138246359385188,-0.6803460747484656,-156.1177052079798
