galstreams/tracks/track.st.New-7.ibata2024.ecsv
# %ECSV 1.0
# ---
# datatype:
# - {name: ra, unit: deg, datatype: float64}
# - {name: dec, unit: deg, datatype: float64}
# - {name: distance, unit: kpc, datatype: float64}
# - {name: pm_ra_cosdec, unit: mas / yr, datatype: float64}
# - {name: pm_dec, unit: mas / yr, datatype: float64}
# - {name: radial_velocity, unit: km / s, datatype: float64}
# delimiter: ','
# meta: !!omap
# - __serialized_columns__:
#     dec:
#       __class__: astropy.coordinates.angles.Latitude
#       unit: &id001 !astropy.units.Unit {unit: deg}
#       value: !astropy.table.SerializedColumn {name: dec}
#     distance:
#       __class__: astropy.coordinates.distances.Distance
#       unit: !astropy.units.Unit {unit: kpc}
#       value: !astropy.table.SerializedColumn {name: distance}
#     pm_dec:
#       __class__: astropy.units.quantity.Quantity
#       unit: !astropy.units.Unit {unit: mas / yr}
#       value: !astropy.table.SerializedColumn {name: pm_dec}
#     pm_ra_cosdec:
#       __class__: astropy.units.quantity.Quantity
#       unit: !astropy.units.Unit {unit: mas / yr}
#       value: !astropy.table.SerializedColumn {name: pm_ra_cosdec}
#     ra:
#       __class__: astropy.coordinates.angles.Longitude
#       unit: *id001
#       value: !astropy.table.SerializedColumn {name: ra}
#       wrap_angle: !astropy.coordinates.Angle
#         unit: *id001
#         value: 360.0
#     radial_velocity:
#       __class__: astropy.units.quantity.Quantity
#       unit: !astropy.units.Unit {unit: km / s}
#       value: !astropy.table.SerializedColumn {name: radial_velocity}
# schema: astropy-2.0
ra,dec,distance,pm_ra_cosdec,pm_dec,radial_velocity
[from data line 1273]
142.54161055688132,23.815169567490685,1.0000000000000047,16.93772318355695,-13.632252645501362,37.40065497367529
142.55254411534153,23.815069572845427,1.0000000000000044,16.93799334186555,-13.634340017180575,37.43043991624199
142.5634776490777,23.8149681701916,1.0000000000000044,16.938262347225276,-13.636426762880046,37.46031331209509
142.57441115779108,23.814865358888884,1.0000000000000044,16.938530200596997,-13.638512883505763,37.49027544096517
142.58534464118284,23.81476113829701,1.0000000000000044,16.938796902941263,-13.640598379963969,37.520326582583046
142.59627809895386,23.814655507775772,1.0000000000000044,16.939062455218366,-13.642683253161099,37.55046701667928
142.60721153080482,23.814548466685032,1.0000000000000047,16.939326858388277,-13.644767504003852,37.5806970229847
142.61814493643618,23.81444001438472,1.0000000000000047,16.939590113410734,-13.646851133399124,37.611016881229865
142.62907831554827,23.814330150234813,1.0000000000000044,16.939852221245133,-13.648934142254078,37.64142687114552
142.6400116678411,23.814218873595355,1.0000000000000044,16.940113182850595,-13.651016531476062,37.671927272462405
142.65094499301446,23.81410618382646,1.0000000000000044,16.940372999185996,-13.653098301972665,37.70251836491113
142.66187829076804,23.8139920802883,1.0000000000000044,16.940631671209875,-13.655179454651723,37.73320042822243
142.67281156080125,23.8138765623411,1.0000000000000044,16.940889199880516,-13.657259990421283,37.76397374212697
142.6837448028133,23.81375962934516,1.0000000000000044,16.94114558615589,-13.659339910189622,37.79483858635542
142.6946780165032,23.813641280660853,1.0000000000000044,16.94140083099372,-13.661419214865258,37.82579524063857
142.7056112015697,23.813521515648578,1.0000000000000044,16.9416549353514,-13.663497905356913,37.856843984706984
142.71654435771143,23.813400333668824,1.0000000000000044,16.941907900186074,-13.66557598257356,37.887985098291466
142.7274774846267,23.81327773408215,1.0000000000000047,16.94215972645455,-13.667653447424382,37.91921886112259
142.73841058201373,23.813153716249158,1.0000000000000044,16.942410415113407,-13.669730300818813,37.95054555293116
142.7493436495704,23.813028279530513,1.0000000000000044,16.942659967118907,-13.67180654366649,37.98196545344777
142.76027668699453,23.812901423286952,1.0000000000000044,16.94290838342702,-13.673882176877287,38.013478842403174
142.77120969398356,23.812773146879277,1.0000000000000047,16.943155664993434,-13.675957201361317,38.04508599952802
142.78214267023486,23.812643449668343,1.0000000000000044,16.943401812773573,-13.678031618028905,38.07678720455301
142.79307561544553,23.81251233101508,1.0000000000000044,16.943646827722525,-13.680105427790624,38.108582737208906
142.80400852931248,23.81237979028046,1.0000000000000044,16.943890710795127,-13.682178631557246,38.14047287722629
142.81494141153235,23.81224582682554,1.0000000000000047,16.944133462945935,-13.684251230239793,38.17245790433586
142.8258742618017,23.812110440011438,1.0000000000000047,16.94437508512918,-13.686323224749522,38.204538098268365
142.8368070798167,23.811973629199308,1.0000000000000047,16.944615578298844,-13.68839461599789,38.23671373875448
142.84773986527344,23.811835393750414,1.0000000000000044,16.944854943408608,-13.690465404896603,38.26898510552487
142.85867261786785,23.811695733026035,1.0000000000000044,16.945093181411835,-13.692535592357594,38.30135247831027
142.86960533729547,23.811554646387535,1.0000000000000044,16.94533029326166,-13.694605179293012,38.33381613684129
142.88053802325177,23.81141213319635,1.0000000000000044,16.94556627991087,-13.696674166615251,38.36637636084872
142.89147067543198,23.811268192813966,1.0000000000000044,16.945801142312007,-13.69874255523692,38.39903343006316
142.9024032935311,23.811122824601938,1.0000000000000044,16.946034881417305,-13.700810346070867,38.43178762421537
142.91333587724395,23.81097602792188,1.0000000000000044,16.946267498178713,-13.702877540030151,38.46463922303598
142.9242684262651,23.81082780213546,1.0000000000000044,16.946498993547902,-13.704944138028068,38.49758850625572
142.93520094028895,23.810678146604438,1.0000000000000047,16.94672936847622,-13.707010140978158,38.53063575360528
142.94613341900967,23.81052706069061,1.0000000000000044,16.946958623914778,-13.709075549794168,38.56378124481534
142.95706586212123,23.810374543755852,1.0000000000000044,16.947186760814358,-13.711140365390072,38.597025259616565
142.9679982693174,23.810220595162086,1.0000000000000044,16.94741378012548,-13.71320458868009,38.63036807773966
142.97893064029174,23.810065214271315,1.0000000000000044,16.947639682798346,-13.715268220578658,38.66380997891537
142.98986297473758,23.809908400445593,1.0000000000000044,16.9478644697829,-13.717331262000439,38.69735124287432
143.00079527234803,23.809750153047045,1.0000000000000047,16.948088142028777,-13.719393713860324,38.730992149347195
143.01172753281602,23.80959047143786,1.0000000000000047,16.948310700485333,-13.721455577073439,38.76473297806471
143.02265975583433,23.809429354980296,1.0000000000000044,16.948532146101634,-13.723516852555147,38.798574008757576
143.0335919410954,23.809266803036646,1.0000000000000044,16.94875247982645,-13.725577541221005,38.83251552115644
143.04452408829158,23.809102814969304,1.0000000000000044,16.948971702608265,-13.72763764398683,38.86655779499204
143.0554561971149,23.8089373901407,1.0000000000000044,16.949189815395286,-13.729697161768657,38.900701109994976
143.06638826725734,23.808770527913346,1.0000000000000044,16.94940681913541,-13.731756095482746,38.93494574589607
143.07732029841048,23.8086022276498,1.0000000000000044,16.949622714776268,-13.733814446045585,38.96929198242591
143.08825229026587,23.808432488712707,1.0000000000000047,16.949837503265165,-13.735872214373899,39.003740099315245
143.0991842425147,23.808261310464758,1.0000000000000044,16.950051185549178,-13.737929401384628,39.03829037629468
143.11011615484804,23.80808869226871,1.0000000000000047,16.95026376257502,-13.739986007994952,39.072943093095006
143.1210480269568,23.80791463348739,1.0000000000000047,16.95047523528916,-13.742042035122273,39.10769852944685
143.13197985853157,23.807739133483675,1.0000000000000044,16.950685604637798,-13.74409748368422,39.142556965080935
143.14291164926277,23.80756219162053,1.0000000000000044,16.95089487156679,-13.74615235459865,39.17751867972792
143.15384339884068,23.807383807260972,1.0000000000000047,16.951103037021717,-13.748206648783654,39.21258395311853
143.16477510695523,23.807203979768065,1.0000000000000047,16.951310101947904,-13.75026036715754,39.247753064983414
143.17570677329633,23.807022708504963,1.0000000000000042,16.951516067290356,-13.752313510638867,39.28302629505329
143.1866383975535,23.80683999283487,1.0000000000000044,16.951720933993794,-13.754366080146387,39.31840392305886
143.19756997941616,23.80665583212106,1.0000000000000044,16.951924703002643,-13.756418076599104,39.35388622873075
143.20850151857354,23.806470225726866,1.0000000000000047,16.95212737526105,-13.758469500916252,39.38947349179974
143.21943301471455,23.806283173015693,1.0000000000000044,16.952328951712886,-13.760520354017277,39.42516599199644
143.23036446752806,23.80609467335101,1.0000000000000044,16.95252943330167,-13.762570636821875,39.460964009051615
143.24129587670254,23.805904726096326,1.0000000000000044,16.95272882097072,-13.764620350249942,39.49686782269588
143.25222724192645,23.805713330615248,1.0000000000000044,16.952927115662973,-13.76666949522163,39.53287771265998
143.26315856288787,23.805520486271433,1.0000000000000047,16.953124318321148,-13.768718072657293,39.5689939586746
143.27408983927478,23.805326192428602,1.0000000000000044,16.953320429887636,-13.770766083477536,39.605216840470405
143.2850210707749,23.805130448450537,1.0000000000000044,16.95351545130455,-13.772813528603173,39.64154663777805
143.29595225707578,23.804933253701087,1.0000000000000044,16.953709383513708,-13.77486040895527,39.677983630328306
143.30688339786477,23.804734607544177,1.0000000000000044,16.953902227456624,-13.776906725455094,39.71452809785182
143.31781449282897,23.804534509343778,1.0000000000000044,16.954093984074554,-13.77895247902416,39.75118032007927
143.32874554165534,23.80433295846393,1.0000000000000044,16.954284654308424,-13.780997670584192,39.78794057674142
143.33967654403054,23.80412995426876,1.0000000000000044,16.954474239098907,-13.783042301057156,39.82480914756885
143.35060749964111,23.80392549612242,1.0000000000000047,16.954662739386354,-13.785086371365253,39.861786312292345
143.36153840817332,23.80371958338916,1.0000000000000044,16.954850156110865,-13.78712988243089,39.8988723506425
143.37246926931329,23.803512215433276,1.0000000000000047,16.95503649021218,-13.789172835176723,39.9360675423501
143.3834000827469,23.803303391619142,1.0000000000000044,16.955221742629828,-13.791215230525625,39.97337216714576
143.39433084815988,23.803093111311192,1.0000000000000047,16.955405914302982,-13.793257069400699,40.01078650476025
143.40526156523762,23.80288137387391,1.0000000000000047,16.95558900617056,-13.795298352725272,40.04831083492421
143.41619223366547,23.80266817867187,1.0000000000000047,16.955771019171166,-13.797339081422901,40.08594543736828
143.42712285312842,23.80245352506969,1.0000000000000047,16.955951954243158,-13.799379256417378,40.123690591823205
143.43805342331143,23.802237412432067,1.0000000000000049,16.95613181232453,-13.80141887863272,40.161546578019745
143.4489839438991,23.802019840123755,1.0000000000000047,16.95631059435304,-13.803457948993165,40.19951367568843
143.45991441457588,23.80180080750958,1.0000000000000047,16.95648830126615,-13.805496468423192,40.237592164560084
143.47084483502604,23.801580313954414,1.0000000000000047,16.956664934000997,-13.807534437847485,40.27578232436536
143.4817752049336,23.801358358823226,1.0000000000000049,16.956840493494465,-13.809571858190974,40.3140844348349
143.49270552398244,23.801134941481028,1.0000000000000047,16.95701498068312,-13.811608730378836,40.35249877569948
143.50363579185614,23.800910061292893,1.0000000000000049,16.957188396503234,-13.813645055336423,40.39102562668973
143.51456600823815,23.800683717623976,1.0000000000000047,16.957360741890817,-13.815680833989365,40.429665267536315
143.5254961728117,23.80045590983949,1.0000000000000049,16.95753201778155,-13.81771606726349,40.46841797797002
143.5364262852598,23.800226637304704,1.0000000000000047,16.957702225110864,-13.819750756084868,40.50728403772141
143.54735634526529,23.799995899384964,1.0000000000000049,16.95787136481384,-13.821784901379797,40.54626372652127
143.55828635251072,23.79976369544568,1.0000000000000047,16.958039437825335,-13.823818504074799,40.585357324100265
143.56921630667856,23.799530024852324,1.0000000000000047,16.958206445079846,-13.825851565096608,40.62456511018906
143.580146207451,23.799294886970433,1.0000000000000047,16.958372387511616,-13.82788408537223,40.6638873645184
143.59107605451004,23.79905828116561,1.0000000000000047,16.9585372660546,-13.829916065828847,40.70332436681892
143.60200584753744,23.798820206803533,1.0000000000000047,16.95870108164244,-13.831947507393906,40.742876396821316
143.61293558621483,23.798580663249925,1.0000000000000047,16.9588638352085,-13.833978410995066,40.78254373425636
143.62386527022355,23.798339649870595,1.0000000000000049,16.959025527685846,-13.836008777560204,40.82232665885457
143.63479489924487,23.798097166031397,1.0000000000000047,16.959186160007246,-13.838038608017463,40.862225450346834
143.64572447295967,23.79785321109828,1.0000000000000047,16.959345733105188,-13.840067903295168,40.90224038846367
143.65665399104876,23.79760778443722,1.0000000000000047,16.959504247911855,-13.8420966643219,40.942371752935905
143.66758345319278,23.79736088541429,1.0000000000000047,16.95966170535913,-13.844124892026459,40.982619823494154
143.67851285907201,23.797112513395625,1.0000000000000044,16.95981810637863,-13.846152587337881,41.02298487986913
143.68944220836664,23.79686266774741,1.0000000000000047,16.959973451901654,-13.848179751185407,41.0634672017915
143.70037150075663,23.796611347835903,1.0000000000000047,16.96012774285922,-13.850206384498538,41.10406706899196
143.71130073592178,23.796358553027428,1.0000000000000047,16.960280980182063,-13.852232488206978,41.14478476120124
143.72222991354158,23.796104282688383,1.0000000000000047,16.96043316480058,-13.854258063240668,41.185620558149964
143.73315903329546,23.79584853618523,1.0000000000000047,16.96058429764492,-13.856283110529777,41.226574739568875
143.7440880948625,23.79559131288448,1.0000000000000044,16.96073437964494,-13.85830763100471,41.26764758518861
143.75501709792167,23.795332612152723,1.0000000000000047,16.960883411730162,-13.860331625596078,41.30883937473993
143.76594604215174,23.795072433356623,1.0000000000000047,16.96103139482985,-13.862355095234747,41.350150387953505
143.77687492723123,23.794810775862885,1.0000000000000047,16.96117832987297,-13.864378040851783,41.391580904559994
143.7878037528385,23.794547639038303,1.0000000000000047,16.961324217788178,-13.866400463378495,41.433131204290056
143.79873251865166,23.794283022249743,1.0000000000000047,16.96146905950385,-13.868422363746433,41.474801566874504
143.80966122434867,23.794016924864106,1.0000000000000047,16.96161285594807,-13.870443742887351,41.516592272043894
143.82058986960723,23.793749346248383,1.0000000000000047,16.96175560804862,-13.872464601733236,41.55850359952898
143.8315184541049,23.793480285769622,1.0000000000000047,16.961897316732987,-13.874484941216316,41.600535829060455
143.842446977519,23.79320974279495,1.0000000000000047,16.96203798292836,-13.876504762269029,41.64268924036899
143.85337543952664,23.792937716691544,1.0000000000000047,16.96217760756166,-13.878524065824058,41.68496411318528
143.8643038398048,23.792664206826643,1.0000000000000047,16.962316191559474,-13.880542852814298,41.727360727240026
143.87523217803013,23.792389212567578,1.0000000000000047,16.962453735848133,-13.882561124172891,41.76987936226391
143.8861604538792,23.79211273328173,1.0000000000000049,16.962590241353645,-13.884578880833178,41.812520297987625
143.8970886670283,23.791834768336546,1.0000000000000047,16.962725709001734,-13.886596123728769,41.85528381414185
143.90801681715354,23.79155531709953,1.0000000000000047,16.962860139717836,-13.888612853793454,41.898170190457236
143.9189449039309,23.791274378938276,1.0000000000000049,16.962993534427085,-13.890629071961282,41.9411797066646
143.92987292703606,23.79099195322043,1.0000000000000049,16.96312589405432,-13.892644779166528,41.98431264249451
143.9408008861445,23.7907080393137,1.0000000000000047,16.96325721952409,-13.894659976343693,42.0275692776777
143.95172878093155,23.790422636585866,1.0000000000000047,16.96338751176064,-13.896674664427486,42.07094989194483
143.96265661107236,23.790135744404793,1.0000000000000049,16.963516771687924,-13.898688844352868,42.11445476502664
143.97358437624177,23.789847362138374,1.0000000000000049,16.96364500022962,-13.900702517055029,42.158084176653816
143.98451207611458,23.7895574891546,1.0000000000000047,16.96377219830908,-13.902715683469369,42.20183840655701
143.9954397103652,23.789266124821516,1.0000000000000049,16.963898366849378,-13.904728344531517,42.24571773446691
144.00636727866797,23.788973268507235,1.0000000000000047,16.964023506773295,-13.906740501177344,42.289722440114225
144.01729478069706,23.788678919579937,1.0000000000000047,16.964147619003302,-13.908752154342949,42.333852803229675
144.02822221612632,23.78838307740787,1.0000000000000047,16.96427070446159,-13.91076330496464,42.378109103543935
144.03914958462943,23.788085741359357,1.0000000000000047,16.964392764070055,-13.912773953978963,42.422491620787625
144.05007688587995,23.787786910802758,1.0000000000000047,16.964513798750282,-13.914784102322699,42.46700063469153
144.06100411955114,23.78748658510654,1.0000000000000047,16.96463380942357,-13.916793750932852,42.51163642498629
