galstreams/tracks/track.st.Jhelum.ibata2024.ecsv
# %ECSV 1.0
# ---
# datatype:
# - {name: ra, unit: deg, datatype: float64}
# - {name: dec, unit: deg, datatype: float64}
# - {name: distance, unit: kpc, datatype: float64}
# - {name: pm_ra_cosdec, unit: mas / yr, datatype: float64}
# - {name: pm_dec, unit: mas / yr, datatype: float64}
# - {name: radial_velocity, unit: km / s, datatype: float64}
# delimiter: ','
# meta: !!omap
# - __serialized_columns__:
#     dec:
#       __class__: astropy.coordinates.angles.Latitude
#       unit: &id001 !astropy.units.Unit {unit: deg}
#       value: !astropy.table.SerializedColumn {name: dec}
#     distance:
#       __class__: astropy.coordinates.distances.Distance
#       unit: !astropy.units.Unit {unit: kpc}
#       value: !astropy.table.SerializedColumn {name: distance}
#     pm_dec:
#       __class__: astropy.units.quantity.Quantity
#       unit: !astropy.units.Unit {unit: mas / yr}
#       value: !astropy.table.SerializedColumn {name: pm_dec}
#     pm_ra_cosdec:
#       __class__: astropy.units.quantity.Quantity
#       unit: !astropy.units.Unit {unit: mas / yr}
#       value: !astropy.table.SerializedColumn {name: pm_ra_cosdec}
#     ra:
#       __class__: astropy.coordinates.angles.Longitude
#       unit: *id001
#       value: !astropy.table.SerializedColumn {name: ra}
#       wrap_angle: !astropy.coordinates.Angle
#         unit: *id001
#         value: 360.0
#     radial_velocity:
#       __class__: astropy.units.quantity.Quantity
#       unit: !astropy.units.Unit {unit: km / s}
#       value: !astropy.table.SerializedColumn {name: radial_velocity}
# schema: astropy-2.0
ra,dec,distance,pm_ra_cosdec,pm_dec,radial_velocity
[from data line 1663]
49.95022673757241,-42.26156873784879,1.0000000000000002,6.536534778219355,-0.03369330114021807,331.6345366129582
49.92571754407628,-42.271411772585225,1.0000000000000002,6.538421197881714,-0.03460820364367834,331.53020328796697
49.90120227067254,-42.28125180763034,1.0000000000000002,6.540307344307184,-0.035524962632244694,331.4256900724264
49.876680914071976,-42.29108883997141,1.0000000000000002,6.542193215792338,-0.036443579126498094,331.3209971351645
49.85215347098796,-42.3009228665942,1.0000000000000002,6.544078810632353,-0.03736405414554156,331.21612464500913
49.827619938136486,-42.31075388448297,1.0000000000000002,6.545964127120911,-0.0382863887070215,331.11107277078844
49.8030803122362,-42.32058189062047,1.0000000000000002,6.547849163550243,-0.03921058382712772,331.00584168133037
49.77853459000831,-42.33040688198797,1.0000000000000002,6.549733918211192,-0.04013664052044419,330.9004315454629
49.753982768176726,-42.340228855565215,1.0000000000000002,6.551618389393088,-0.041064559800190636,330.79484253201406
49.72942484346798,-42.35004780833045,1.0,6.553502575383824,-0.04199434267795965,330.6890748098118
49.70486081261125,-42.35986373726044,1.0,6.555386474469859,-0.042925990163965366,330.5831285476842
49.68029067233839,-42.36967663933042,1.0000000000000002,6.557270084936196,-0.04385950326680188,330.4770039144592
49.655714419383905,-42.379486511514145,1.0000000000000002,6.559153405066365,-0.0447948829936351,330.37070107896477
49.63113205048501,-42.389293350783845,1.0000000000000002,6.561036433142501,-0.04573213035007484,330.2642202100291
49.606543562381574,-42.39909715411028,1.0,6.562919167445234,-0.04667124634019615,330.15756147647994
49.581948951816216,-42.40889791846266,1.0,6.564801606253752,-0.04761223196663167,330.0507250471455
49.557348215534184,-42.418695640808764,1.0,6.566683747845833,-0.0485550882303869,329.9437110908534
49.53274135028351,-42.428490318114804,1.0000000000000002,6.5685655904977445,-0.04949981613103205,329.8365197764324
49.5081283528149,-42.43828194734552,1.0000000000000002,6.570447132484375,-0.050446416666524385,329.7291512727097
49.48350921988182,-42.44807052546417,1.0000000000000002,6.572328372079081,-0.05139489083333615,329.6216057485138
49.45888394824044,-42.457856049432465,1.0000000000000002,6.574209307553847,-0.05234523962637638,329.51388337267247
49.43425253464972,-42.467638516210656,1.0000000000000002,6.576089937179141,-0.05329746403905489,329.4059843140138
49.40961497587136,-42.47741792275748,1.0000000000000002,6.577970259224042,-0.05425156506316853,329.2979087413658
49.384971268669794,-42.48719426603016,1.0000000000000002,6.579850271956115,-0.05520754368902914,329.1896568235563
49.36032140981226,-42.49696754298447,1.0000000000000002,6.58172997364154,-0.056165400905307195,329.0812287294135
49.335665396068784,-42.5067377505746,1.0000000000000002,6.5836093625449905,-0.05712513769923788,328.97262462776547
49.31100322421216,-42.516504885753314,1.0000000000000002,6.585488436929705,-0.058086755056407924,328.86384468743995
49.28633489101798,-42.526268945471855,1.0,6.587367195057521,-0.05905025396082664,328.75488907726503
49.26166039326467,-42.53602992667995,1.0000000000000004,6.589245635188746,-0.060015635395039624,328.6457579660689
49.23697972773343,-42.54578782632586,1.0000000000000004,6.5911237555822915,-0.0609829003399085,328.53645152267944
49.21229289120832,-42.55554264135631,1.0000000000000004,6.5930015544955936,-0.061952049774781415,328.4269699159244
49.18759988047619,-42.565294368716565,1.0000000000000004,6.594879030184675,-0.06292308467740071,328.3173133146323
49.16290069232681,-42.57504300535036,1.0000000000000004,6.596756180904045,-0.06389600602395262,328.20748188763065
49.1381953235527,-42.58478854819996,1.0000000000000004,6.598633004906823,-0.06487081478899626,328.0974758037477
49.11348377094933,-42.594530994206096,1.0000000000000004,6.600509500444652,-0.06584751194554173,327.98729523181146
49.088766031314954,-42.60427034030805,1.0000000000000004,6.602385665767702,-0.06682609846501464,327.8769403406497
49.064042101450774,-42.61400658344356,1.0000000000000004,6.604261499124746,-0.06780657531719214,327.76641129909086
49.039311978160825,-42.62373972054891,1.0000000000000002,6.606136998763098,-0.0687889434702953,327.6557082759627
49.01457565825206,-42.63346974855884,1.0000000000000002,6.608012162928535,-0.06977320389092512,327.54483144009305
48.98983313853433,-42.64319666440666,1.0000000000000004,6.609886989865512,-0.07075935754405549,327.43378096031006
48.9650844158204,-42.6529204650241,1.0000000000000002,6.611761477816952,-0.07174740539311131,327.3225570054416
48.940329486925926,-42.662641147341496,1.0000000000000002,6.613635625024372,-0.07273734839981927,327.21115974431603
48.915568348669545,-42.67235870828758,1.0000000000000002,6.615509429727801,-0.07372918752434998,327.099589345761
48.89080099787279,-42.68207314478966,1.0000000000000002,6.617382890165835,-0.07472292372526113,326.9878459786048
48.86602743136013,-42.69178445377354,1.0000000000000002,6.619256004575622,-0.07571855795939086,326.87592981167506
48.841247645959044,-42.70149263216353,1.0000000000000004,6.621128771192854,-0.0767160911820497,326.7638410138002
48.816461638499916,-42.7111976768824,1.0000000000000004,6.623001188251795,-0.07771552434690676,326.6515797538079
48.791669405816116,-42.72089958485151,1.0000000000000004,6.624873253985257,-0.0787168584059188,326.5391462005263
48.76687094474403,-42.73059835299065,1.0000000000000002,6.626744966624578,-0.07972009430945093,326.42654052278345
48.742066252123,-42.74029397821816,1.0000000000000004,6.628616324399623,-0.08072523300623402,326.31376288940714
48.717255324795346,-42.749986457450866,1.0000000000000004,6.630487325538912,-0.08173227544335049,326.20081346922564
48.69243815960646,-42.75967578760412,1.0000000000000002,6.632357968269414,-0.08274122256622718,326.0876924310668
48.667614753404685,-42.76936196559178,1.0000000000000004,6.634228250816669,-0.08375207531857143,325.97439994375844
48.64278510304143,-42.779044988326184,1.0000000000000004,6.6360981714048215,-0.08476483464253448,325.860936176129
48.61794920537112,-42.78872485271821,1.0000000000000004,6.637967728256534,-0.08577950147856939,325.7473012970062
48.593107057251224,-42.79840155567724,1.0000000000000004,6.639836919592973,-0.08679607676541679,325.63349547521796
48.56825865554227,-42.808075094111146,1.0000000000000004,6.641705743633931,-0.0878145614402186,325.51951887959245
48.543403997107845,-42.81774546492635,1.0000000000000004,6.643574198597733,-0.08883495643837591,325.40537167895764
48.51854307881461,-42.827412665027715,1.0000000000000002,6.645442282701239,-0.08985726269366268,325.2910540421416
48.49367589753229,-42.837076691318714,1.0000000000000004,6.647309994159844,-0.09088148113811201,325.1765661379722
48.4688024501337,-42.84673754070123,1.0000000000000004,6.649177331187573,-0.09190761270217251,325.06190813527763
48.44392273349475,-42.85639521007572,1.0000000000000002,6.651044291996918,-0.09293565831451644,324.9470802028855
48.41903674449448,-42.86604969634114,1.0000000000000002,6.652910874798952,-0.09396561890213206,324.8320825096241
48.39414448001504,-42.87570099639493,1.0000000000000007,6.65477707780332,-0.09499749539035207,324.7169152243216
48.36924593694165,-42.885349107133095,1.0000000000000004,6.656642899218209,-0.09603128870276834,324.60157851580567
48.344341112162745,-42.894994025450096,1.0000000000000004,6.658508337250353,-0.09706699976131006,324.48607255290443
48.31943000256984,-42.90463574823896,1.0000000000000004,6.6603733901050575,-0.0981046294861656,324.370397504446
48.29451260505762,-42.91427427239116,1.0000000000000004,6.6622380559861405,-0.09914417879582516,324.2545535392582
48.26958891652394,-42.92390959479678,1.0000000000000004,6.664102333096029,-0.10018564860703805,324.13854082616905
48.24465893386979,-42.933541712344315,1.0000000000000004,6.665966219635674,-0.10122903983489095,324.02235953400674
48.21972265399938,-42.94317062192086,1.0000000000000004,6.66782971380459,-0.1022743533926942,323.9060098315989
48.19478007382012,-42.95279632041196,1.0000000000000002,6.669692813800804,-0.10332159019205989,323.789491887774
48.16983119024254,-42.96241880470171,1.0000000000000004,6.671555517820991,-0.10437075114284511,323.67280587135986
48.144876000180446,-42.972038071672735,1.0000000000000004,6.67341782406028,-0.10542183715320874,323.5559519511842
48.11991450055083,-42.98165411820613,1.0000000000000004,6.675279730712429,-0.10647484912956173,323.43893029607545
48.094946688273915,-42.991266941181536,1.0000000000000004,6.677141235969703,-0.10752978797653867,323.32174107486134
48.06997256027315,-43.000876537477126,1.0000000000000004,6.679002338022958,-0.10858665459706174,323.2043844563699
48.044992113475224,-43.010482903969574,1.0000000000000004,6.680863035061591,-0.10964544989227676,323.08686060942927
48.02000534481009,-43.020086037534064,1.0000000000000004,6.6827233252735425,-0.11070617476163847,322.9691697028673
47.99501225121096,-43.0296859350443,1.0000000000000002,6.684583206845332,-0.1117688301027755,322.85131190551203
47.97001282961432,-43.03928259337252,1.0000000000000002,6.686442677962017,-0.11283341681158987,322.7332873861915
47.945007076959904,-43.048876009389474,1.0000000000000004,6.688301736807233,-0.11389993578220015,322.6150963137338
47.91999499019077,-43.05846617996445,1.0000000000000007,6.690160381563157,-0.11496838790695563,322.4967388569667
47.89497656625324,-43.06805310196521,1.0000000000000004,6.692018610410543,-0.1160387740764861,322.37821518471844
47.869951802097,-43.07763677225809,1.0000000000000004,6.693876421528664,-0.11711109517955975,322.2595254658168
47.84492069467499,-43.08721718770791,1.0000000000000004,6.6957338130953765,-0.11818535210324654,322.1406698690899
47.81988324094348,-43.09679434517803,1.0000000000000002,6.697590783287119,-0.11926154573274772,322.0216485633657
47.794839437862166,-43.10636824153033,1.0000000000000004,6.699447330278826,-0.12033967695156633,321.9024617174724
47.769789282393944,-43.11593887362522,1.0000000000000002,6.701303452244073,-0.12141974664135802,321.78310950023763
47.74473277150518,-43.12550623832163,1.0000000000000004,6.703159147354906,-0.12250175568196653,321.66359208048976
47.71966990216553,-43.13507033247699,1.0000000000000004,6.70501441378201,-0.12358570495149479,321.5439096270566
47.69460067134806,-43.1446311529473,1.0000000000000002,6.706869249694581,-0.12467159532622674,321.424062308766
47.66952507602924,-43.15418869658705,1.0000000000000002,6.708723653260392,-0.12575942768059178,321.30405029444637
47.64444311318887,-43.163742960249266,1.0000000000000004,6.710577622645776,-0.126849202887243,321.1838737529254
47.61935477981019,-43.17329394078549,1.0000000000000002,6.712431156015619,-0.12794092181705707,321.0635328530311
47.59426007287985,-43.18284163504583,1.0000000000000002,6.714284251533378,-0.12903458533900647,320.9430277635917
47.569158989387894,-43.192386039878876,1.0000000000000004,6.716136907361079,-0.13013019432028727,320.82235865343495
47.54405152632782,-43.201927152131766,1.0000000000000004,6.717989121659279,-0.1312277496262979,320.701525691389
47.518937680696546,-43.21146496865017,1.0000000000000004,6.71984089258714,-0.13232725212053964,320.5805290462818
47.49381744949445,-43.22099948627829,1.0000000000000004,6.721692218302341,-0.1334287026647445,320.4593688869412
47.468690829725375,-43.230530701858825,1.0000000000000004,6.723543096961169,-0.13453210211875444,320.33804538219556
47.44355781839661,-43.24005861223306,1.0000000000000004,6.725393526718442,-0.13563745134060667,320.2165587008725
47.41841841251893,-43.24958321424075,1.0000000000000004,6.727243505727547,-0.13674475118646967,320.09490901180044
47.39327260910662,-43.25910450472024,1.0000000000000004,6.729093032140444,-0.13785400251065028,319.9730964838068
47.36812040517739,-43.26862248050835,1.0000000000000004,6.730942104107662,-0.13896520616567898,319.8511212857201
47.34296179775254,-43.27813713844048,1.0000000000000004,6.732790719778283,-0.14007836300208965,319.72898358636826
47.317796783856814,-43.28764847535056,1.0000000000000004,6.734638877299961,-0.1411934738686682,319.60668355457904
47.29262536051854,-43.297156488071,1.0000000000000002,6.736486574818898,-0.14231053961230344,319.4842213591805
47.26744752476954,-43.306661173432815,1.0000000000000004,6.73833381047989,-0.1434295610780012,319.36159716900096
47.242263273645165,-43.31616252826553,1.0000000000000002,6.740180582426294,-0.14455053910888438,319.2388111528679
47.21707260418438,-43.32566054939716,1.0000000000000004,6.742026888800002,-0.14567347454623558,319.1158634796098
47.19187551342966,-43.335155233654326,1.0000000000000004,6.743872727741508,-0.14679836822945447,318.99275431805444
47.16667199842706,-43.34464657786215,1.0000000000000002,6.745718097389894,-0.1479252209959938,318.8694838370299
47.14146205622625,-43.354134578844295,1.0000000000000004,6.747562995882724,-0.14905403368145187,318.7460522053641
47.116245683880436,-43.363619233422966,1.0000000000000002,6.7494074213562385,-0.15018480711957238,318.62245959188505
47.09102287844647,-43.37310053841891,1.0000000000000004,6.751251371945159,-0.1513175421421593,318.4987061654207
47.06579363698479,-43.38257849065141,1.0000000000000004,6.753094845782819,-0.15245223957909815,318.3747920947993
47.040557956559475,-43.392053086938276,1.0000000000000004,6.754937841001119,-0.15358890025841987,318.25071754884846
47.015315834238216,-43.401524324095895,1.0000000000000004,6.75678035573053,-0.15472752500618725,318.1264826963966
46.99006726709236,-43.410992198939155,1.0000000000000004,6.758622388100079,-0.15586811464660144,318.0020877062714
46.964812252196865,-43.42045670828152,1.0000000000000004,6.7604639362374,-0.1570106700019025,317.877532747301
46.93955078663041,-43.42991784893495,1.0000000000000004,6.762304998268647,-0.15815519189246885,317.7528179883135
46.91428286747531,-43.43937561771,1.0000000000000004,6.764145572318583,-0.1593016811366752,317.6279435981366
46.889008491817535,-43.448830011415765,1.0000000000000004,6.765985656510523,-0.160450138550992,317.5029097455986
46.86372765674679,-43.45828102685984,1.0000000000000004,6.767825248966378,-0.16160056495003516,317.3777165995274
46.83844035935645,-43.4677286608484,1.0000000000000004,6.769664347806618,-0.16275296114634585,317.25236432875084
46.8131465967436,-43.47717291018617,1.0000000000000004,6.771502951150293,-0.1639073279506178,317.12685310209736
46.78784636600905,-43.486613771676424,1.0000000000000004,6.773341057115019,-0.1650636661715552,317.0011830883944
46.76253966425734,-43.49605124212096,1.0000000000000004,6.775178663816991,-0.16622197661594384,316.8753544564702
46.73722648859675,-43.505485318320126,1.0000000000000004,6.77701576937098,-0.16738226008862256,316.74936737515293
46.71190683613929,-43.514915997072855,1.0000000000000004,6.778852371890348,-0.16854451739241938,316.62322201327055
46.68658070400075,-43.524343275176584,1.0000000000000004,6.780688469486993,-0.16970874932825097,316.49691853965084
46.66124808930064,-43.53376714942735,1.0000000000000004,6.782524060271452,-0.17087495669499475,316.370457123122
46.635908989162346,-43.5431876166197,1.0000000000000002,6.784359142352788,-0.1720431402896594,316.24383793251184
46.610563400712934,-43.55260467354673,1.0000000000000004,6.786193713838653,-0.17321330090721432,316.11706113664854
46.58521132108332,-43.56201831700015,1.0000000000000004,6.788027772835296,-0.17438543934066075,315.99012690436007
46.559852747408236,-43.57142854377014,1.0000000000000002,6.7898613174475315,-0.1755595563810317,315.86303540447443
46.5344876768262,-43.58083535064549,1.0000000000000004,6.7916943457787475,-0.17673565281734227,315.73578680581954
46.509116106479574,-43.59023873441355,1.0000000000000004,6.793526855930942,-0.1779137294366322,315.60838127722354
46.483738033514555,-43.599638691860186,1.0000000000000004,6.79535884600465,-0.17909378702395884,315.48081898751434
