galstreams/tracks/track.st.Monoceros.ramos2021.ecsv
# %ECSV 1.0
# ---
# datatype:
# - {name: ra, unit: deg, datatype: float64}
# - {name: dec, unit: deg, datatype: float64}
# - {name: distance, unit: kpc, datatype: float64}
# - {name: pm_ra_cosdec, unit: mas / yr, datatype: float64}
# - {name: pm_dec, unit: mas / yr, datatype: float64}
# - {name: radial_velocity, unit: km / s, datatype: float64}
# delimiter: ','
# meta: !!omap
# - __serialized_columns__:
#     dec:
#       __class__: astropy.coordinates.angles.Latitude
#       unit: &id001 !astropy.units.Unit {unit: deg}
#       value: !astropy.table.SerializedColumn {name: dec}
#     distance:
#       __class__: astropy.coordinates.distances.Distance
#       unit: !astropy.units.Unit {unit: kpc}
#       value: !astropy.table.SerializedColumn {name: distance}
#     pm_dec:
#       __class__: astropy.units.quantity.Quantity
#       unit: !astropy.units.Unit {unit: mas / yr}
#       value: !astropy.table.SerializedColumn {name: pm_dec}
#     pm_ra_cosdec:
#       __class__: astropy.units.quantity.Quantity
#       unit: !astropy.units.Unit {unit: mas / yr}
#       value: !astropy.table.SerializedColumn {name: pm_ra_cosdec}
#     ra:
#       __class__: astropy.coordinates.angles.Longitude
#       unit: *id001
#       value: !astropy.table.SerializedColumn {name: ra}
#       wrap_angle: !astropy.coordinates.Angle
#         unit: *id001
#         value: 360.0
#     radial_velocity:
#       __class__: astropy.units.quantity.Quantity
#       unit: !astropy.units.Unit {unit: km / s}
#       value: !astropy.table.SerializedColumn {name: radial_velocity}
# schema: astropy-2.0
ra,dec,distance,pm_ra_cosdec,pm_dec,radial_velocity
[from data line 1662]
100.64035529441183,57.71129150788997,10.599999999999994,0.2991314781042367,-0.6244169142211742,0.0
100.64824927954034,57.70218348347718,10.599999999999994,0.29892201983733613,-0.6247847152735339,-2.1051917824680845e-15
100.65613968470822,57.693075084530946,10.599999999999993,0.29871143068825157,-0.6251516132677226,4.210383564936169e-15
100.6640265087399,57.683966310145664,10.599999999999994,0.29849971270676945,-0.6255176061498173,-2.1051917824680845e-15
100.67190975056297,57.67485715944774,10.599999999999993,0.29828686797236614,-0.6258826918880801,4.210383564936169e-15
100.67978940920824,57.66574763159564,10.599999999999994,0.2980728985941273,-0.6262468684730591,0.0
100.68766548380938,57.65663772577961,10.599999999999996,0.29785780671066725,-0.6266101339176867,-2.1051917824680845e-15
100.6955379736026,57.64752744122187,10.599999999999994,0.2976415944900497,-0.6269724862573758,2.1051917824680845e-15
100.70340687792664,57.63841677717627,10.599999999999994,0.297424264129702,-0.6273339235501173,-4.210383564936169e-15
100.71127219622235,57.62930573292831,10.599999999999993,0.2972058178563352,-0.6276944438765749,-2.1051917824680845e-15
100.71913392803255,57.62019430779507,10.599999999999994,0.29698625792585803,-0.6280540453401793,-8.420767129872338e-15
100.72699207300158,57.61108250112525,10.599999999999993,0.29676558662329533,-0.6284127260672223,6.315575347404253e-15
100.73484663087537,57.60197031229889,10.599999999999993,0.29654380626269927,-0.6287704842069473,8.420767129872338e-15
100.74269760150091,57.59285774072736,10.599999999999994,0.2963209191870645,-0.6291273179316432,-2.1051917824680845e-15
100.75054498482615,57.583744785853256,10.599999999999996,0.29609692776824115,-0.6294832254367326,0.0
100.75838878089958,57.574631447150516,10.599999999999993,0.29587183440684817,-0.6298382049408628,-2.1051917824680845e-15
100.76622898987014,57.565517724124,10.599999999999993,0.29564564153218204,-0.6301922546859928,4.210383564936169e-15
100.77406561198686,57.556403616309666,10.599999999999994,0.29541835160212904,-0.6305453729374811,-2.1051917824680845e-15
100.78189864759864,57.54728912327428,10.599999999999993,0.29518996710307455,-0.6308975579841725,0.0
100.78972809715377,57.53817424461566,10.599999999999993,0.29496049054981294,-0.6312488081384833,-2.1051917824680845e-15
100.7975539612,57.52905897996218,10.599999999999993,0.29472992448545393,-0.6315991217364846,2.1051917824680845e-15
100.80537624038398,57.519943328972936,10.599999999999993,0.29449827148133134,-0.6319484971379875,-2.1051917824680845e-15
100.81319493545111,57.510827291337584,10.599999999999994,0.2942655341369095,-0.6322969327266238,-4.210383564936169e-15
100.82101004724524,57.501710866776214,10.599999999999996,0.2940317150796879,-0.6326444269099285,-2.1051917824680845e-15
100.82882157670815,57.49259405503945,10.599999999999993,0.2937968169651096,-0.6329909781194188,0.0
100.8366295248797,57.48347685590806,10.599999999999994,0.29356084247646075,-0.6333365848106741,0.0
100.84443389289716,57.47435926919305,10.59999999999999,0.29332379432477795,-0.633681245463415,4.210383564936169e-15
100.85223468199511,57.465241294735485,10.599999999999993,0.2930856752487487,-0.6340249585815791,4.210383564936169e-15
100.8600318935049,57.45612293240662,10.599999999999994,0.2928464880146159,-0.6343677226933984,-8.420767129872338e-15
100.86782552885467,57.44700418210739,10.59999999999999,0.2926062354160771,-0.6347095363514736,0.0
100.87561558956881,57.437885043768695,10.599999999999993,0.29236492027418454,-0.6350503981328495,6.315575347404253e-15
100.88340207726772,57.428765517351074,10.59999999999999,0.29212254543724764,-0.6353903066390862,2.1051917824680845e-15
100.89118499366755,57.4196456028447,10.599999999999996,0.2918791137807285,-0.635729260496334,-6.315575347404253e-15
100.89896434057964,57.41052530026931,10.599999999999993,0.29163462820714486,-0.6360672583554021,6.315575347404253e-15
100.90674011991054,57.401404609674046,10.599999999999993,0.29138909164596294,-0.6364042988918296,6.315575347404253e-15
100.91451233366146,57.392283531137316,10.59999999999999,0.2911425070534971,-0.6367403808059549,2.1051917824680845e-15
100.9222809839281,57.38316206476673,10.599999999999993,0.29089487741280473,-0.6370755028229832,-2.1051917824680845e-15
100.93004607290001,57.37404021069913,10.599999999999994,0.2906462057335837,-0.6374096636930536,0.0
100.93780760286067,57.36491796910024,10.599999999999996,0.2903964950520646,-0.6377428621913062,0.0
100.94556557618688,57.35579534016473,10.599999999999994,0.2901457484309059,-0.6380750971179455,0.0
100.95331999534856,57.34667232411601,10.599999999999993,0.2898939689590872,-0.6384063672983048,-2.1051917824680845e-15
100.96107086290823,57.337548921206334,10.599999999999994,0.2896411597518025,-0.6387366715829093,4.210383564936169e-15
100.96881818152086,57.32842513171638,10.599999999999993,0.2893873239503513,-0.6390660088475386,4.210383564936169e-15
100.97656195393344,57.31930095595537,10.599999999999996,0.28913246472202947,-0.6393943779932861,-4.210383564936169e-15
100.98430218298472,57.310176394260786,10.599999999999993,0.2888765852600206,-0.639721777946621,-4.210383564936169e-15
100.99203887160456,57.3010514469986,10.59999999999999,0.2886196887832867,-0.6400482076594443,-2.1051917824680845e-15
100.99977202281401,57.291926114562685,10.599999999999993,0.28836177853645517,-0.6403736661091481,2.1051917824680845e-15
101.00750163972462,57.28280039737507,10.599999999999993,0.2881028577897087,-0.6406981522986734,-2.1051917824680845e-15
101.01522772553824,57.273674295885655,10.599999999999993,0.28784292983867343,-0.6410216652565635,2.1051917824680845e-15
101.02295028354666,57.26454781057216,10.599999999999993,0.28758199800430506,-0.6413442040370206,0.0
101.03066931713103,57.25542094194007,10.599999999999994,0.2873200656327769,-0.6416657677199575,-2.1051917824680845e-15
101.03838482976181,57.24629369052237,10.599999999999996,0.287057136095364,-0.6419863554110525,2.1051917824680845e-15
101.04609682499824,57.23716605687951,10.599999999999993,0.2867932127883298,-0.6423059662417994,2.1051917824680845e-15
101.05380530648799,57.22803804159928,10.599999999999993,0.28652829913280886,-0.6426245993695574,0.0
101.06151027796665,57.218909645296804,10.599999999999993,0.2862623985746938,-0.6429422539776024,-4.210383564936169e-15
101.06921174325761,57.209780868614246,10.599999999999993,0.28599551458451594,-0.6432589292751745,-8.420767129872338e-15
101.0769097062715,57.20065171222073,10.599999999999993,0.28572765065732897,-0.643574624497525,4.210383564936169e-15
101.08460417100588,57.191522176812356,10.599999999999994,0.28545881031259024,-0.6438893389059642,-4.210383564936169e-15
101.09229514154487,57.18239226311184,10.599999999999994,0.28518899709404344,-0.644203071787905,-6.315575347404253e-15
101.09998262205856,57.173261971868754,10.599999999999994,0.2849182145695995,-0.6445158224569079,4.210383564936169e-15
101.10766661680297,57.16413130385902,10.599999999999996,0.2846464663312146,-0.6448275902527246,0.0
101.11534713011942,57.15500025988501,10.599999999999993,0.2843737559947719,-0.6451383745413409,2.1051917824680845e-15
101.12302416643422,57.14586884077531,10.59999999999999,0.284100087199959,-0.6454481747150154,0.0
101.13069773025812,57.13673704738483,10.599999999999994,0.2838254636101481,-0.6457569901923214,2.1051917824680845e-15
101.13836782618618,57.127604880594355,10.59999999999999,0.2835498889122722,-0.6460648204181878,4.210383564936169e-15
101.1460344588972,57.118472341310635,10.599999999999993,0.28327336681670223,-0.6463716648639329,-4.210383564936169e-15
101.15369763315339,57.10933943046612,10.59999999999999,0.28299590105712413,-0.6466775230273061,2.1051917824680845e-15
101.16135735379976,57.10020614901913,10.599999999999994,0.28271749539041563,-0.6469823944325186,-6.315575347404253e-15
101.16901362576402,57.09107249795329,10.599999999999993,0.2824381535965204,-0.6472862786302848,0.0
101.17666645405603,57.081938478277735,10.59999999999999,0.2821578794783231,-0.6475891751978509,2.1051917824680845e-15
101.18431584376738,57.072804091026825,10.599999999999993,0.28187667686152273,-0.6478910837390301,0.0
101.1919618000709,57.06366933726021,10.599999999999994,0.2815945495945101,-0.6481920038842346,-2.1051917824680845e-15
101.19960432822042,57.05453421806237,10.59999999999999,0.2813115015482359,-0.6484919352905059,6.315575347404253e-15
101.20724343355025,57.04539873454284,10.599999999999994,0.28102753661608626,-0.6487908776415445,-2.1051917824680845e-15
101.21487912147477,57.036262887835804,10.599999999999993,0.28074265871375426,-0.64908883064774,4.210383564936169e-15
101.22251139748806,57.027126679100085,10.599999999999996,0.2804568717791104,-0.6493857940461966,4.210383564936169e-15
101.23014026716328,57.01799010951917,10.599999999999993,0.2801701797720767,-0.6496817676007618,2.1051917824680845e-15
101.23776573615258,57.00885318030075,10.599999999999993,0.27988258667449184,-0.6499767511020512,-4.210383564936169e-15
101.24538781018641,56.9997158926768,10.599999999999993,0.27959409648998523,-0.6502707443674733,-4.210383564936169e-15
101.25300649507324,56.99057824790336,10.59999999999999,0.27930471324384426,-0.6505637472412539,-2.1051917824680845e-15
101.2606217966989,56.981440247260615,10.599999999999993,0.27901444098288536,-0.6508557595944569,0.0
101.26823372102649,56.972301892052435,10.599999999999994,0.27872328377531885,-0.6511467813250079,2.1051917824680845e-15
101.27584227409567,56.96316318360643,10.599999999999994,0.2784312457106196,-0.6514368123577139,-4.210383564936169e-15
101.28344746202238,56.95402412327382,10.599999999999996,0.27813833089939244,-0.6517258526442826,2.1051917824680845e-15
101.29104929099837,56.944884712429165,10.599999999999994,0.27784454347323956,-0.6520139021633414,2.1051917824680845e-15
101.29864776729059,56.93574495247054,10.599999999999994,0.27754988758462773,-0.6523009609204544,4.210383564936169e-15
101.30624289724102,56.92660484481901,10.599999999999993,0.2772543674067523,-0.6525870289481395,-4.210383564936169e-15
101.31383468726612,56.9174643909187,10.599999999999993,0.27695798713340286,-0.6528721063058829,4.210383564936169e-15
101.32142314385635,56.90832359223662,10.599999999999993,0.27666075097882814,-0.6531561930801555,-2.1051917824680845e-15
101.32900827357562,56.899182450262686,10.599999999999996,0.27636266317760166,-0.653439289384423,-4.210383564936169e-15
101.33659008306114,56.89004096650924,10.59999999999999,0.2760637279844836,-0.6537213953591627,6.315575347404253e-15
101.3441685790227,56.88089914251121,10.599999999999994,0.2757639496742835,-0.65400251117187,0.0
101.35174376824243,56.871756979825804,10.599999999999993,0.27546333254172534,-0.6542826370170735,6.315575347404253e-15
101.35931565757402,56.86261448003258,10.599999999999996,0.2751618809013096,-0.6545617731163401,-8.420767129872338e-15
101.36688425394267,56.85347164473297,10.59999999999999,0.27485959908717295,-0.654839919718287,2.1051917824680845e-15
101.37444956434439,56.84432847555047,10.599999999999994,0.2745564914529515,-0.6551170770985861,2.1051917824680845e-15
101.38201159584561,56.83518497413029,10.59999999999999,0.27425256237164175,-0.6553932455599728,0.0
101.38957035558275,56.82604114213926,10.599999999999994,0.2739478162354594,-0.6556684254322488,-2.1051917824680845e-15
101.39712585076155,56.816896981265856,10.599999999999994,0.2736422574557033,-0.6559426170722887,-2.1051917824680845e-15
101.40467808865696,56.80775249321975,10.599999999999993,0.27333589046261075,-0.6562158208640421,4.210383564936169e-15
101.41222707661248,56.798607679731944,10.59999999999999,0.27302871970521875,-0.6564880372185354,-1.0525958912340423e-14
101.41977282203969,56.78946254255437,10.599999999999993,0.27272074965122156,-0.6567592665738752,0.0
101.4273153324177,56.780317083460126,10.599999999999993,0.27241198478683293,-0.6570295093952454,4.210383564936169e-15
101.43485461529295,56.77117130424291,10.599999999999994,0.27210242961663855,-0.6572987661749095,0.0
101.44239067827854,56.76202520671712,10.599999999999993,0.27179208866345705,-0.6575670374322075,-6.315575347404253e-15
101.44992352905382,56.75287879271761,10.599999999999993,0.2714809664681957,-0.6578343237135534,2.1051917824680845e-15
101.45745317536381,56.74373206409974,10.599999999999993,0.27116906758970916,-0.6581006255924307,2.1051917824680845e-15
101.46497962501893,56.73458502273894,10.599999999999993,0.27085639660465244,-0.6583659436693889,-2.1051917824680845e-15
101.47250288589439,56.72543767053073,10.599999999999993,0.27054295810733947,-0.6586302785720377,6.315575347404253e-15
101.48002296592975,56.71629000939061,10.599999999999994,0.2702287567095981,-0.6588936309550391,-2.1051917824680845e-15
101.4875398731285,56.707142041253725,10.599999999999993,0.2699137970406237,-0.6591560015001021,-2.1051917824680845e-15
101.49505361555735,56.697993768075065,10.599999999999993,0.2695980837468364,-0.6594173909159702,0.0
101.50256420134612,56.68884519182893,10.599999999999996,0.2692816214917335,-0.6596777999384157,-2.1051917824680845e-15
101.510071638687,56.679696314508995,10.599999999999993,0.2689644149557442,-0.6599372293302281,-4.210383564936169e-15
101.51757593583416,56.670547138128086,10.599999999999996,0.2686464688360822,-0.6601956798811996,2.1051917824680845e-15
101.52507710110315,56.66139766471822,10.599999999999994,0.268327787846602,-0.6604531524081168,2.1051917824680845e-15
101.53257514287067,56.65224789633015,10.599999999999993,0.26800837671764755,-0.6607096477547438,4.210383564936169e-15
101.54007006957383,56.64309783503346,10.599999999999993,0.2676882401959076,-0.6609651667918095,-4.210383564936169e-15
101.54756188970985,56.633947482916255,10.599999999999994,0.2673673830442675,-0.661219710416991,-6.315575347404253e-15
101.55505061183548,56.624796842085104,10.599999999999993,0.2670458100416596,-0.6614732795548987,0.0
101.56253624456643,56.615645914665,10.59999999999999,0.26672352598291765,-0.6617258751570565,6.315575347404253e-15
101.5700187965771,56.60649470279897,10.599999999999994,0.26640053567862493,-0.6619774982018847,-2.1051917824680845e-15
101.57749827659994,56.59734320864801,10.599999999999993,0.2660768439549665,-0.6622281496946816,2.1051917824680845e-15
101.58497469342507,56.58819143439102,10.59999999999999,0.2657524556535788,-0.6624778306676014,0.0
101.59244805589955,56.579039382224664,10.59999999999999,0.2654273756314027,-0.6627265421796327,0.0
101.5999183729272,56.569887054363036,10.599999999999993,0.26510160876052913,-0.6629742853165782,0.0
101.60738565346797,56.56073445303771,10.599999999999993,0.26477515992805145,-0.6632210611910299,6.315575347404253e-15
101.61484990653743,56.55158158049743,10.599999999999993,0.2644480340359133,-0.6634668709423454,0.0
101.62231114120617,56.54242843900818,10.599999999999993,0.2641202360007604,-0.6637117157366221,2.1051917824680845e-15
101.62976936659963,56.53327503085274,10.599999999999993,0.26379177075378446,-0.6639555967666722,2.1051917824680845e-15
101.63722459189727,56.52412135833077,10.599999999999996,0.26346264324057533,-0.6641985152519947,-4.210383564936169e-15
101.64467682633232,56.51496742375848,10.599999999999994,0.2631328584209673,-0.6644404724387483,0.0
101.65212607919104,56.505813229468764,10.599999999999994,0.2628024212688881,-0.6646814695997213,0.0
101.65957235981246,56.49665877781066,10.59999999999999,0.2624713367722052,-0.6649215080343027,0.0
101.66701567758777,56.48750407114949,10.599999999999993,0.262139609932573,-0.6651605890684505,2.1051917824680845e-15
101.67445604195984,56.478349111866564,10.59999999999999,0.26180724576528114,-0.6653987140546616,-2.1051917824680845e-15
101.68189346242275,56.469193902359066,10.599999999999993,0.26147424929909957,-0.6656358843719368,-4.210383564936169e-15
101.68932794852113,56.46003844504003,10.599999999999993,0.2611406255761265,-0.6658721014257484,4.210383564936169e-15
101.69675950984988,56.45088274233794,10.599999999999993,0.26080637965163367,-0.6661073666480064,-6.315575347404253e-15
101.70418815605365,56.44172679669673,10.599999999999993,0.2604715165939113,-0.6663416814970214,0.0
