galstreams/tracks/track.st.Tri-Pis.bonaca2012.ecsv
# %ECSV 1.0
# ---
# datatype:
# - {name: ra, unit: deg, datatype: float64}
# - {name: dec, unit: deg, datatype: float64}
# - {name: distance, unit: kpc, datatype: float64}
# - {name: pm_ra_cosdec, unit: mas / yr, datatype: float64}
# - {name: pm_dec, unit: mas / yr, datatype: float64}
# - {name: radial_velocity, unit: km / s, datatype: float64}
# delimiter: ','
# meta: !!omap
# - __serialized_columns__:
#     dec:
#       __class__: astropy.coordinates.angles.Latitude
#       unit: &id001 !astropy.units.Unit {unit: deg}
#       value: !astropy.table.SerializedColumn {name: dec}
#     distance:
#       __class__: astropy.coordinates.distances.Distance
#       unit: !astropy.units.Unit {unit: kpc}
#       value: !astropy.table.SerializedColumn {name: distance}
#     pm_dec:
#       __class__: astropy.units.quantity.Quantity
#       unit: !astropy.units.Unit {unit: mas / yr}
#       value: !astropy.table.SerializedColumn {name: pm_dec}
#     pm_ra_cosdec:
#       __class__: astropy.units.quantity.Quantity
#       unit: !astropy.units.Unit {unit: mas / yr}
#       value: !astropy.table.SerializedColumn {name: pm_ra_cosdec}
#     ra:
#       __class__: astropy.coordinates.angles.Longitude
#       unit: *id001
#       value: !astropy.table.SerializedColumn {name: ra}
#       wrap_angle: !astropy.coordinates.Angle
#         unit: *id001
#         value: 360.0
#     radial_velocity:
#       __class__: astropy.units.quantity.Quantity
#       unit: !astropy.units.Unit {unit: km / s}
#       value: !astropy.table.SerializedColumn {name: radial_velocity}
# schema: astropy-2.0
ra,dec,distance,pm_ra_cosdec,pm_dec,radial_velocity
20.999989215121172,36.09999962109429,25.999999999999996,0.0,0.0,0.0
21.002231097399495,36.09015097187321,25.99999999999999,0.0,0.0,0.0
21.004472421296104,36.08030228132967,25.99999999999999,0.0,0.0,0.0
21.006713187140566,36.07045354948775,25.999999999999993,0.0,0.0,0.0
21.008953395262314,36.06060477637141,25.999999999999993,0.0,0.0,0.0
21.011193045990467,36.050755962004686,25.999999999999986,0.0,0.0,0.0
21.013432139653965,36.04090710641158,25.999999999999996,0.0,0.0,0.0
21.015670676581497,36.03105820961607,25.99999999999999,0.0,0.0,0.0
21.017908657101536,36.02120927164212,25.999999999999986,0.0,0.0,0.0
21.020146081542322,36.011360292513736,25.999999999999986,0.0,0.0,0.0
21.0223829502319,36.00151127225472,25.999999999999986,0.0,0.0,0.0
21.024619263498067,35.99166221088906,25.999999999999986,0.0,0.0,0.0
21.026855021668375,35.98181310844063,25.999999999999986,0.0,0.0,0.0
21.029090225070192,35.97196396493333,25.99999999999999,0.0,0.0,0.0
21.031328272870873,35.962115364201395,25.99999999999999,0.0,0.0,0.0
21.033569721314,35.95226740178109,25.999999999999986,0.0,0.0,0.0
21.035810614207055,35.942419398103674,25.999999999999986,0.0,0.0,0.0
21.038050951877732,35.93257135319315,25.99999999999999,0.0,0.0,0.0
21.040290734653503,35.9227232670735,25.999999999999986,0.0,0.0,0.0
21.042529962861604,35.91287513976867,25.999999999999986,0.0,0.0,0.0
21.044768636829048,35.90302697130269,25.999999999999986,0.0,0.0,0.0
21.047006756882652,35.89317876169934,25.99999999999999,0.0,0.0,0.0
21.049244323348965,35.883330510982596,25.999999999999996,0.0,0.0,0.0
21.051481336554353,35.87348221917639,25.999999999999993,0.0,0.0,0.0
21.05371779682493,35.86363388630455,25.999999999999996,0.0,0.0,0.0
21.05595370448659,35.85378551239103,25.999999999999993,0.0,0.0,0.0
21.05818905986503,35.843937097459545,25.999999999999993,0.0,0.0,0.0
21.060423863285706,35.834088641533995,25.99999999999999,0.0,0.0,0.0
21.062664873459095,35.82424130571726,25.999999999999986,0.0,0.0,0.0
21.064905892319302,35.81439402519058,25.999999999999993,0.0,0.0,0.0
21.06714635845206,35.80454670347311,25.999999999999993,0.0,0.0,0.0
21.069386272183156,35.79469934058884,25.999999999999993,0.0,0.0,0.0
21.071625633838178,35.7848519365616,25.999999999999996,0.0,0.0,0.0
21.073864443742476,35.77500449141535,25.999999999999993,0.0,0.0,0.0
21.076102702221167,35.76515700517398,25.999999999999993,0.0,0.0,0.0
21.07834040959917,35.755309477861395,25.999999999999993,0.0,0.0,0.0
21.080577566201146,35.745461909501486,25.999999999999996,0.0,0.0,0.0
21.08281417235159,35.735614300118,25.999999999999993,0.0,0.0,0.0
21.085050228374733,35.72576664973481,25.999999999999996,0.0,0.0,0.0
21.087285734594595,35.71591895837574,25.999999999999996,0.0,0.0,0.0
21.089520691334982,35.70607122606459,25.99999999999999,0.0,0.0,0.0
21.09175789283984,35.69622393289292,25.999999999999993,0.0,0.0,0.0
21.09399903658011,35.68637737051948,25.999999999999993,0.0,0.0,0.0
21.096239630082493,35.676530766998546,25.999999999999993,0.0,0.0,0.0
21.09847967367109,35.6666841223541,25.999999999999993,0.0,0.0,0.0
21.10071916766982,35.656837436610026,25.999999999999993,0.0,0.0,0.0
21.102958112402387,35.64699070979022,25.999999999999993,0.0,0.0,0.0
21.10519650819225,35.637143941918566,25.999999999999993,0.0,0.0,0.0
21.107434355362685,35.627297133018835,25.999999999999993,0.0,0.0,0.0
21.109671654236724,35.61745028311489,25.999999999999993,0.0,0.0,0.0
21.111908405137175,35.607603392230544,25.999999999999986,0.0,0.0,0.0
21.11414460838664,35.597756460389604,25.999999999999996,0.0,0.0,0.0
21.116380264307494,35.58790948761584,25.999999999999993,0.0,0.0,0.0
21.118615373221882,35.57806247393308,25.999999999999993,0.0,0.0,0.0
21.120849935451773,35.568215419364954,25.999999999999996,0.0,0.0,0.0
21.12309006205196,35.558369374092244,25.999999999999986,0.0,0.0,0.0
21.12533078182584,35.54852348378774,25.999999999999993,0.0,0.0,0.0
21.127570954168487,35.538677552404096,25.99999999999999,0.0,0.0,0.0
21.129810579402154,35.528831579965235,25.999999999999993,0.0,0.0,0.0
21.13204965784891,35.51898556649488,25.999999999999993,0.0,0.0,0.0
21.13428818983059,35.50913951201692,25.99999999999999,0.0,0.0,0.0
21.136526175668806,35.499293416555176,25.999999999999986,0.0,0.0,0.0
21.13876361568495,35.48944728013343,25.99999999999999,0.0,0.0,0.0
21.14100051020021,35.47960110277546,25.999999999999993,0.0,0.0,0.0
21.143236859535534,35.46975488450511,25.999999999999993,0.0,0.0,0.0
21.145472664011695,35.45990862534598,25.999999999999993,0.0,0.0,0.0
21.147707923949206,35.450062325321895,25.999999999999993,0.0,0.0,0.0
21.149942639668392,35.44021598445654,25.999999999999993,0.0,0.0,0.0
21.15217898375649,35.43036997614312,25.999999999999993,0.0,0.0,0.0
21.1544198286981,35.42052479409149,25.999999999999993,0.0,0.0,0.0
21.15666012868574,35.41067957100609,25.99999999999999,0.0,0.0,0.0
21.158899884040018,35.40083430691081,25.999999999999993,0.0,0.0,0.0
21.161139095081374,35.39098900182948,25.999999999999993,0.0,0.0,0.0
21.163377762129993,35.38114365578586,25.999999999999996,0.0,0.0,0.0
21.165615885505876,35.37129826880376,25.999999999999993,0.0,0.0,0.0
21.16785346552879,35.36145284090699,25.999999999999986,0.0,0.0,0.0
21.17009050251831,35.351607372119176,25.999999999999986,0.0,0.0,0.0
21.17232699679376,35.34176186246412,25.99999999999999,0.0,0.0,0.0
21.17456294867428,35.331916311965514,25.999999999999986,0.0,0.0,0.0
21.176798358478774,35.32207072064709,25.999999999999986,0.0,0.0,0.0
21.179033226525913,35.31222508853255,25.999999999999993,0.0,0.0,0.0
21.181267553134234,35.30237941564549,25.999999999999986,0.0,0.0,0.0
21.1835067856742,35.29253463839389,25.99999999999999,0.0,0.0,0.0
21.185747212192133,35.282690118660796,25.999999999999986,0.0,0.0,0.0
21.187987096547104,35.2728455579643,25.999999999999986,0.0,0.0,0.0
21.190226439057877,35.263000956328206,25.999999999999986,0.0,0.0,0.0
21.19246524004308,35.25315631377619,25.999999999999986,0.0,0.0,0.0
21.194703499821067,35.24331163033203,25.999999999999986,0.0,0.0,0.0
21.19694121871001,35.23346690601949,25.999999999999986,0.0,0.0,0.0
21.19917839702785,35.22362214086225,25.999999999999986,0.0,0.0,0.0
21.201415035092325,35.213777334884014,25.999999999999986,0.0,0.0,0.0
21.203651133220927,35.203932488108535,25.99999999999999,0.0,0.0,0.0
21.20588669173101,35.19408760055937,25.999999999999986,0.0,0.0,0.0
21.208121710939636,35.18424267226022,25.999999999999986,0.0,0.0,0.0
21.210356191163697,35.1743977032347,25.99999999999999,0.0,0.0,0.0
21.212591667687533,35.16455295741386,25.999999999999986,0.0,0.0,0.0
21.21483221961542,35.154709136103946,25.99999999999999,0.0,0.0,0.0
21.21707223184552,35.14486527387808,25.999999999999986,0.0,0.0,0.0
21.219311704695027,35.135021370760064,25.999999999999986,0.0,0.0,0.0
21.221550638480913,35.12517742677363,25.999999999999986,0.0,0.0,0.0
21.22378903351996,35.11533344194248,25.999999999999986,0.0,0.0,0.0
21.226026890128715,35.10548941629034,25.999999999999982,0.0,0.0,0.0
21.22826420862353,35.095645349840915,25.99999999999999,0.0,0.0,0.0
21.230500989320554,35.08580124261778,25.999999999999993,0.0,0.0,0.0
21.232737232535715,35.07595709464463,25.999999999999986,0.0,0.0,0.0
21.234972938584715,35.0661129059451,25.99999999999999,0.0,0.0,0.0
21.237208107783058,35.056268676542814,25.999999999999993,0.0,0.0,0.0
21.23944274044602,35.046424406461426,25.999999999999993,0.0,0.0,0.0
21.241676836888715,35.03658009572442,25.99999999999999,0.0,0.0,0.0
21.24391516584152,35.02673656430696,25.999999999999996,0.0,0.0,0.0
21.2461553048156,35.01689339564045,25.99999999999999,0.0,0.0,0.0
21.248394906867503,35.00705018613035,25.999999999999993,0.0,0.0,0.0
21.25063397231263,34.99720693580034,25.999999999999996,0.0,0.0,0.0
21.252872501466154,34.98736364467419,25.999999999999993,0.0,0.0,0.0
21.255110494643066,34.97752031277543,25.999999999999996,0.0,0.0,0.0
21.257347952158124,34.96767694012777,25.999999999999996,0.0,0.0,0.0
21.25958487432587,34.95783352675485,25.999999999999996,0.0,0.0,0.0
21.261821261460653,34.94799007268027,25.999999999999996,0.0,0.0,0.0
21.2640571138766,34.93814657792772,25.999999999999996,0.0,0.0,0.0
21.266292431887653,34.92830304252065,25.999999999999996,0.0,0.0,0.0
21.268527215807502,34.918459466482695,25.999999999999993,0.0,0.0,0.0
21.270761465949665,34.908615849837396,25.999999999999993,0.0,0.0,0.0
21.27299606571416,34.898772344478445,25.999999999999996,0.0,0.0,0.0
21.275236330295392,34.88892986447697,25.999999999999993,0.0,0.0,0.0
21.277476060407764,34.87908734368158,25.999999999999993,0.0,0.0,0.0
21.27971525636513,34.86924478211585,25.999999999999996,0.0,0.0,0.0
21.28195391848107,34.85940217980346,25.999999999999996,0.0,0.0,0.0
21.28419204706899,34.849559536768076,25.999999999999996,0.0,0.0,0.0
21.28642964244208,34.83971685303329,25.99999999999999,0.0,0.0,0.0
21.288666704913297,34.82987412862275,25.999999999999993,0.0,0.0,0.0
21.29090323479544,34.820031363559956,25.99999999999999,0.0,0.0,0.0
21.293139232401064,34.810188557868514,25.999999999999993,0.0,0.0,0.0
21.295374698042526,34.800345711572,25.999999999999993,0.0,0.0,0.0
21.29760963203197,34.79050282469394,25.99999999999999,0.0,0.0,0.0
21.299844034681335,34.780659897257834,25.99999999999999,0.0,0.0,0.0
21.302077906302337,34.770816929287285,25.999999999999986,0.0,0.0,0.0
21.304315323080417,34.76097462185146,25.999999999999993,0.0,0.0,0.0
21.30655518010574,34.751132784894516,25.999999999999993,0.0,0.0,0.0
21.308794505422746,34.74129090721795,25.999999999999993,0.0,0.0,0.0
21.311033299343475,34.73144898884537,25.999999999999986,0.0,0.0,0.0
21.313271562179736,34.72160702980047,25.999999999999993,0.0,0.0,0.0
21.315509294243185,34.71176503010667,25.999999999999986,0.0,0.0,0.0
21.31774649584523,34.70192298978763,25.99999999999999,0.0,0.0,0.0
21.319983167297085,34.692080908866906,25.999999999999986,0.0,0.0,0.0
21.322219308909755,34.68223878736802,25.99999999999999,0.0,0.0,0.0
21.324454920994032,34.6723966253145,25.999999999999986,0.0,0.0,0.0
21.326690003860502,34.6625544227299,25.999999999999986,0.0,0.0,0.0
21.328924557819587,34.65271217963762,25.999999999999986,0.0,0.0,0.0
21.33115858318144,34.64286989606117,25.99999999999999,0.0,0.0,0.0
21.33339229792335,34.63302760946689,25.999999999999986,0.0,0.0,0.0
21.335632280708428,34.623186451489445,25.999999999999993,0.0,0.0,0.0
21.337871734226866,34.613345252844184,25.999999999999986,0.0,0.0,0.0
21.340110658789175,34.60350401355459,25.99999999999999,0.0,0.0,0.0
21.342349054705622,34.593662733644294,25.999999999999986,0.0,0.0,0.0
21.344586922286297,34.583821413136846,25.999999999999982,0.0,0.0,0.0
21.346824261841046,34.57398005205577,25.999999999999986,0.0,0.0,0.0
21.349061073679547,34.56413865042459,25.999999999999993,0.0,0.0,0.0
21.351297358111246,34.55429720826689,25.999999999999993,0.0,0.0,0.0
21.35353311544543,34.54445572560602,25.999999999999993,0.0,0.0,0.0
21.355768345991137,34.53461420246555,25.99999999999999,0.0,0.0,0.0
21.358003050057206,34.524772638868896,25.999999999999996,0.0,0.0,0.0
21.360237227952283,34.514931034839535,25.99999999999999,0.0,0.0,0.0
21.3624708799848,34.505089390400926,25.999999999999993,0.0,0.0,0.0
21.36470737691956,34.49524828542714,25.999999999999993,0.0,0.0,0.0
21.366946957475637,34.485407760972464,25.999999999999993,0.0,0.0,0.0
21.36918601151076,34.47556719592631,25.999999999999986,0.0,0.0,0.0
21.37142453933367,34.46572659031222,25.99999999999999,0.0,0.0,0.0
21.37366254125291,34.455885944153735,25.999999999999993,0.0,0.0,0.0
21.37590001757679,34.446045257474395,25.999999999999986,0.0,0.0,0.0
21.37813696861346,34.436204530297594,25.999999999999986,0.0,0.0,0.0
21.380373394670855,34.426363762646844,25.999999999999993,0.0,0.0,0.0
21.382609296056682,34.41652295454563,25.999999999999993,0.0,0.0,0.0
21.384844673078472,34.40668210601738,25.999999999999993,0.0,0.0,0.0
21.387079526043518,34.396841217085566,25.999999999999993,0.0,0.0,0.0
21.389313855258976,34.38700028777351,25.999999999999996,0.0,0.0,0.0
21.391547661031748,34.37715931810467,25.999999999999986,0.0,0.0,0.0
21.393780943668535,34.36731830810239,25.999999999999993,0.0,0.0,0.0
21.396020189823638,34.35747837382243,25.99999999999999,0.0,0.0,0.0
21.398259372157206,34.34763847819758,25.99999999999999,0.0,0.0,0.0
21.400498030707286,34.337798542058714,25.999999999999993,0.0,0.0,0.0
21.402736165780922,34.32795856542922,25.999999999999993,0.0,0.0,0.0
21.4049737776849,34.318118548332635,25.99999999999999,0.0,0.0,0.0
21.40721086672584,34.30827849079242,25.999999999999993,0.0,0.0,0.0
21.40944743321013,34.29843839283199,25.999999999999993,0.0,0.0,0.0
21.41168347744397,34.28859825447486,25.999999999999993,0.0,0.0,0.0
21.413918999733383,34.27875807574433,25.999999999999993,0.0,0.0,0.0
21.416154000384164,34.26891785666384,25.999999999999986,0.0,0.0,0.0
21.418388479701914,34.25907759725676,25.999999999999986,0.0,0.0,0.0
21.420622437992023,34.24923729754648,25.999999999999993,0.0,0.0,0.0
21.422855875559712,34.23939695755634,25.999999999999993,0.0,0.0,0.0
21.425091445881556,34.229557033856395,25.99999999999999,0.0,0.0,0.0
21.427330755333568,34.21971780284818,25.999999999999993,0.0,0.0,0.0
21.429569543425995,34.20987853138087,25.999999999999993,0.0,0.0,0.0
21.431807810464324,34.20003921947792,25.99999999999999,0.0,0.0,0.0
21.43404555675384,34.19019986716277,25.999999999999996,0.0,0.0,0.0
21.436282782599644,34.18036047445891,25.999999999999986,0.0,0.0,0.0
21.438519488306643,34.17052104138964,25.99999999999999,0.0,0.0,0.0
21.44075567417951,34.16068156797841,25.999999999999986,0.0,0.0,0.0
21.442991340522763,34.15084205424859,25.99999999999999,0.0,0.0,0.0
21.445226487640674,34.14100250022357,25.999999999999986,0.0,0.0,0.0
21.44746111583736,34.131162905926686,25.999999999999986,0.0,0.0,0.0
21.449695225416686,34.12132327138132,25.999999999999986,0.0,0.0,0.0
21.451928816682393,34.111483596610704,25.999999999999986,0.0,0.0,0.0
21.454161889937968,34.101643881638175,25.999999999999986,0.0,0.0,0.0
21.456400175600724,34.091805112601435,25.99999999999999,0.0,0.0,0.0
21.458639092045026,34.08196650101977,25.999999999999986,0.0,0.0,0.0
21.460877489852773,34.07212784905855,25.999999999999993,0.0,0.0,0.0
21.46311536932777,34.06228915674109,25.999999999999986,0.0,0.0,0.0
21.46535273077361,34.052450424090814,25.99999999999999,0.0,0.0,0.0
21.467589574493672,34.04261165113112,25.99999999999999,0.0,0.0,0.0
21.469825900791164,34.032772837885375,25.999999999999986,0.0,0.0,0.0
21.47206170996908,34.02293398437692,25.999999999999986,0.0,0.0,0.0
21.474297002330207,34.01309509062915,25.999999999999986,0.0,0.0,0.0
21.476531778177176,34.00325615666528,25.999999999999986,0.0,0.0,0.0
21.478766037812388,33.99341718250865,25.99999999999999,0.0,0.0,0.0
21.480999781538053,33.98357816818258,25.999999999999986,0.0,0.0,0.0
21.48323300965618,33.973739113710316,25.999999999999986,0.0,0.0,0.0
21.485467647474955,33.963900350425575,25.999999999999993,0.0,0.0,0.0
21.487706691075083,33.95406239396129,25.99999999999999,0.0,0.0,0.0
21.489945218451442,33.94422439717454,25.999999999999986,0.0,0.0,0.0
21.492183229906317,33.93438636008867,25.999999999999986,0.0,0.0,0.0
21.494420725741815,33.92454828272709,25.999999999999993,0.0,0.0,0.0
21.496657706259864,33.91471016511312,25.999999999999986,0.0,0.0,0.0
21.49889417176213,33.90487200727015,25.999999999999986,0.0,0.0,0.0
21.501130122550173,33.8950338092214,25.999999999999996,0.0,0.0,0.0
21.5033655589253,33.885195570990234,25.999999999999993,0.0,0.0,0.0
21.505600481188615,33.87535729259993,25.99999999999999,0.0,0.0,0.0
21.507834889641067,33.865518974073765,25.99999999999999,0.0,0.0,0.0
21.51006878458336,33.855680615435055,25.99999999999999,0.0,0.0,0.0
21.51230216631607,33.84584221670693,25.999999999999986,0.0,0.0,0.0
21.51453503513951,33.83600377791266,25.999999999999993,0.0,0.0,0.0
21.51677235498203,33.82616615343683,25.999999999999993,0.0,0.0,0.0
21.519011010720554,33.816328807075216,25.999999999999993,0.0,0.0,0.0
21.52124915294417,33.8064914204727,25.99999999999999,0.0,0.0,0.0
21.523486781953466,33.796653993652704,25.99999999999999,0.0,0.0,0.0
21.52572389804891,33.7868165266384,25.999999999999993,0.0,0.0,0.0
