galstreams/tracks/track.st.AAU-ATLAS.ibata2021.ecsv
# %ECSV 1.0
# ---
# datatype:
# - {name: ra, unit: deg, datatype: float64}
# - {name: dec, unit: deg, datatype: float64}
# - {name: distance, unit: kpc, datatype: float64}
# - {name: pm_ra_cosdec, unit: mas / yr, datatype: float64}
# - {name: pm_dec, unit: mas / yr, datatype: float64}
# - {name: radial_velocity, unit: km / s, datatype: float64}
# delimiter: ','
# meta: !!omap
# - __serialized_columns__:
#     dec:
#       __class__: astropy.coordinates.angles.Latitude
#       unit: &id001 !astropy.units.Unit {unit: deg}
#       value: !astropy.table.SerializedColumn {name: dec}
#     distance:
#       __class__: astropy.coordinates.distances.Distance
#       unit: !astropy.units.Unit {unit: kpc}
#       value: !astropy.table.SerializedColumn {name: distance}
#     pm_dec:
#       __class__: astropy.units.quantity.Quantity
#       unit: !astropy.units.Unit {unit: mas / yr}
#       value: !astropy.table.SerializedColumn {name: pm_dec}
#     pm_ra_cosdec:
#       __class__: astropy.units.quantity.Quantity
#       unit: !astropy.units.Unit {unit: mas / yr}
#       value: !astropy.table.SerializedColumn {name: pm_ra_cosdec}
#     ra:
#       __class__: astropy.coordinates.angles.Longitude
#       unit: *id001
#       value: !astropy.table.SerializedColumn {name: ra}
#       wrap_angle: !astropy.coordinates.Angle
#         unit: *id001
#         value: 360.0
#     radial_velocity:
#       __class__: astropy.units.quantity.Quantity
#       unit: !astropy.units.Unit {unit: km / s}
#       value: !astropy.table.SerializedColumn {name: radial_velocity}
# schema: astropy-2.0
ra,dec,distance,pm_ra_cosdec,pm_dec,radial_velocity
[from data line 1097]
27.662672759250093,-31.43384425101792,25.094991581144644,-0.031034070841413186,-0.7016210708551901,-76.10929550646898
27.67236506387077,-31.439452834862635,25.096348638485768,-0.0307748628046281,-0.7016181869505802,-76.0502409990856
27.682058999992336,-31.44506010519224,25.097692854360492,-0.030515273539304333,-0.7016157142709694,-75.99108961727177
27.691754570434522,-31.450666058341564,25.099024188127405,-0.030255302267576334,-0.7016136524226386,-75.93184122716472
27.701451778016118,-31.456270690644562,25.10034259914508,-0.029994948211617578,-0.7016120010115282,-75.87249569490152
27.71115062555496,-31.461873998434285,25.101648046772095,-0.02973421059364012,-0.7016107596432348,-75.81305288661922
27.720851115867912,-31.467475978042884,25.102940490367036,-0.029473088635896705,-0.7016099279230119,-75.75351266845506
27.730553251770836,-31.47307662580158,25.104219889288494,-0.02921158156067888,-0.7016095054557691,-75.69387490654617
27.740257036078724,-31.47867593804074,25.105486202895033,-0.028949688590317046,-0.701609491846073,-75.63413946702961
27.749962471605507,-31.48427391108982,25.106739390545247,-0.028687408947182302,-0.7016098866981461,-75.5743062160425
27.759669561164184,-31.48987054127733,25.10797941159771,-0.028424741853685542,-0.7016106896158658,-75.51437501972207
27.76937830756679,-31.495465824930946,25.109206225411015,-0.028161686532276187,-0.701611900202766,-75.45434574420537
27.779088713624375,-31.501059758377394,25.110419791343723,-0.027898242205444623,-0.7016135180620343,-75.39421825562954
27.788800782147007,-31.506652337942523,25.111620068754434,-0.027634408095720542,-0.7016155427965136,-75.33399242013172
27.798514515943786,-31.512243559951266,25.112807017001725,-0.0273701834256746,-0.7016179740087014,-75.27366810384902
27.80822991782284,-31.51783342072764,25.113980595444175,-0.0271055674179157,-0.7016208113007484,-75.2132451729186
27.817946990591302,-31.5234219165948,25.11514076344036,-0.026840559295095046,-0.7016240542744601,-75.15272349347755
27.827665737055327,-31.52900904387496,25.11628748034887,-0.026575158279902367,-0.7016277025312946,-75.09210293166305
27.83738616002007,-31.53459479888945,25.117420705528282,-0.026309363595068858,-0.701631755672363,-75.03138335361216
27.84710826228974,-31.54017917795868,25.11854039833718,-0.026043174463365293,-0.7016362132984301,-74.97056462546207
27.856832046667513,-31.545762177402167,25.119646518134147,-0.02577659010760347,-0.701641075009912,-74.9096466133499
27.866557515955584,-31.55134379353852,25.120739024277757,-0.025509609750635653,-0.7016463404068778,-74.84862918341274
27.876284672955173,-31.556924022685436,25.121817876126602,-0.025242232615354576,-0.7016520090890475,-74.78751220178772
27.88601352046648,-31.562502861159718,25.122883033039255,-0.02497445792469366,-0.7016580806557935,-74.72629553461205
27.895744061288738,-31.56808030527727,25.12393445437429,-0.024706284901627074,-0.7016645547061394,-74.66497904802277
27.90547629822014,-31.573656351353044,25.12497209949031,-0.024437712769170616,-0.7016714308387582,-74.60356260815705
27.915210234057916,-31.57923099570114,25.125995927745876,-0.024168740750379503,-0.7016787086519751,-74.54204608115195
27.924945871598275,-31.58480423463471,25.127005898499583,-0.0238993680683518,-0.7016863877437647,-74.4804293331447
27.934683213636408,-31.59037606446604,25.12800197111,-0.023629593946225547,-0.7016944677117516,-74.41871223027236
27.944422262966537,-31.595946481506452,25.12898410493572,-0.023359417607180133,-0.7017029481532095,-74.35689463867212
27.954163022381834,-31.60151548206641,25.12995225933533,-0.023088838274436252,-0.701711828665062,-74.29497642448105
27.96390549467448,-31.60708306245545,25.130906393667395,-0.022817855171256507,-0.7017211088438817,-74.2329574538363
27.973649682635646,-31.61264921898219,25.131846467290497,-0.02254646752094419,-0.7017307882858894,-74.17083759287502
27.983395589055466,-31.61821394795434,25.132772439563222,-0.022274674546845008,-0.701740866586954,-74.1086167077343
27.993143216723087,-31.62377724567873,25.13368426984416,-0.02200247547234524,-0.701751343342592,-74.04629466455125
28.002892568426617,-31.629339108461238,25.13458191749188,-0.021729869520873413,-0.7017622181479691,-73.9838713294631
28.012643646953126,-31.634899532606838,25.135465341864965,-0.02145685591590052,-0.7017734905978963,-73.92134656860686
28.022396455088707,-31.64045851441962,25.136334502322004,-0.021183433880938296,-0.7017851602868328,-73.85872024811972
28.032150995618387,-31.64601605020274,25.137189358221573,-0.020909602639540836,-0.7017972268088841,-73.79599223413885
28.04190727132618,-31.65157213625845,25.138029868922256,-0.02063536141530503,-0.7018096897578019,-73.73316239280128
28.051665284995064,-31.657126768888084,25.138855993782627,-0.020360709431868684,-0.7018225487269842,-73.6702305902442
28.061425039407,-31.66267994439206,25.139667692161286,-0.020085645912912897,-0.7018358033094739,-73.60719669260475
28.0711865373429,-31.668231659069907,25.140464923416793,-0.01981017008216035,-0.7018494530979603,-73.54406056602
28.080949781582653,-31.673781909220214,25.14124764690773,-0.019534281163376244,-0.7018634976847771,-73.48082207662709
28.09071477490507,-31.67933069114065,25.1420158219927,-0.019257978380369356,-0.7018779366619023,-73.41748109056327
28.10048152008799,-31.684878001128013,25.14276940803026,-0.018981260956989265,-0.7018927696209591,-73.3540374739655
28.110250019908168,-31.69042383547813,25.14350836437901,-0.018704128117129515,-0.7019079961532138,-73.29049109297098
28.1200202771413,-31.69596819048595,25.144232650397516,-0.018426579084726002,-0.701923615849577,-73.22684181371683
28.12979229456207,-31.701511062445498,25.144942225444368,-0.018148613083757648,-0.7019396283006025,-73.16308950234021
28.139566074944096,-31.707052447649883,25.14563704887815,-0.017870229338246113,-0.701956033096487,-73.09923402497823
28.14934162105994,-31.7125923423913,25.146317080057436,-0.01759142707225647,-0.7019728298270702,-73.03527524776801
28.159118935681136,-31.718130742961012,25.146982278340815,-0.017312205509895873,-0.7019900180818337,-72.97121303684665
28.168898021578133,-31.723667645649396,25.14763260308686,-0.017032563875316264,-0.7020075974499016,-72.90704725835133
28.178678881520337,-31.729203046745873,25.14826801365416,-0.01675250139271195,-0.7020255675200395,-72.84277777841918
28.188461518276103,-31.734736942538973,25.14888846940129,-0.016472017286320362,-0.7020439278806541,-72.7784044631873
28.19824593461271,-31.740269329316316,25.14949392968684,-0.016191110780423845,-0.7020626781197936,-72.71392717879282
28.208032133296385,-31.74580020336457,25.150084353869378,-0.015909781099346487,-0.7020818178251466,-72.64934579137287
28.21782011709227,-31.75132956096951,25.150659701307497,-0.01562802746745734,-0.702101346584042,-72.5846601670646
28.22760988876447,-31.756857398415978,25.151219931359776,-0.015345849109168919,-0.7021212639834492,-72.5198701720051
28.237401451075993,-31.76238371198791,25.151765003384796,-0.015063245248937596,-0.7021415696099766,-72.45497567233153
28.24719480678879,-31.767908497968307,25.15229487674113,-0.01478021511126354,-0.7021622630498733,-72.38997653418102
28.256989958663727,-31.773431752639265,25.152809510787375,-0.014496757920691439,-0.7021833438890253,-72.32487262369071
28.266786909460617,-31.778953472281955,25.153308864882103,-0.01421287290180967,-0.7022048117129593,-72.25966380699766
28.276585661938164,-31.7844736531766,25.153792898383887,-0.013928559279251351,-0.7022266661068393,-72.19434995023907
28.28638621885402,-31.789992291602562,25.15426157065132,-0.013643816277693177,-0.7022489066554678,-72.12893091955203
28.296188582964717,-31.79550938383821,25.15471484104299,-0.013358643121857472,-0.7022715329432847,-72.06340658107372
28.305992757025738,-31.801024926161038,25.155152668917463,-0.01307303903650997,-0.7022945445543672,-71.99777680094121
28.315798743791472,-31.80653891484761,25.155575013633328,-0.01278700324646187,-0.7023179410724304,-71.93204144529166
28.3256065460152,-31.812051346173547,25.155981834549166,-0.012500534976568722,-0.7023417220808246,-71.86620038026217
28.335416166449146,-31.817562216413563,25.156373091023553,-0.012213633451730876,-0.7023658871625377,-71.80025347198988
28.345227607844397,-31.823071521841456,25.156748742415083,-0.011926297896894256,-0.702390435900193,-71.73420058661198
28.355040872950973,-31.828579258730073,25.157108748082322,-0.011638527537049026,-0.7024153678760499,-71.66804159026549
28.364855964517798,-31.83408542335136,25.157453067383866,-0.011350321597230706,-0.7024406826720025,-71.6017763490876
28.374672885292675,-31.839590011976338,25.157781659678285,-0.011061679302520389,-0.7024663798695808,-71.53540472921546
28.384491638022325,-31.845093020875083,25.158094484324163,-0.010772599878044409,-0.7024924590499487,-71.46892659678615
28.394312225452353,-31.850594446316766,25.158391500680086,-0.010483082548974565,-0.702518919793905,-71.40234181793686
28.40413465032727,-31.856094284569625,25.158672668104632,-0.010193126540527953,-0.702545761681882,-71.33565025880462
28.413958915390463,-31.861592531900953,25.158937945956378,-0.00990273107796752,-0.7025729842939457,-71.26885178552665
28.4237850233842,-31.867089184577143,25.159187293593913,-0.009611895386602287,-0.7026005872097958,-71.20194626424004
28.433612977049677,-31.87258423886365,25.15942067037582,-0.00932061869178663,-0.7026285700087643,-71.13493356108194
28.443442779126926,-31.878077691025005,25.15963803566067,-0.009028900218921054,-0.7026569322698172,-71.06781354218946
28.453274432354892,-31.883569537324806,25.159839348807054,-0.00873673919345247,-0.7026856735715509,-71.00058607369971
28.463107939471396,-31.889059774025725,25.160024569173544,-0.008444134840873085,-0.7027147934921955,-70.93325102174981
28.472943303213103,-31.89454839738949,25.160193656118732,-0.008151086386722628,-0.7027442916096112,-70.86580825247698
28.482780526315608,-31.900035403676927,25.160346569001195,-0.007857593056586232,-0.7027741675012906,-70.79825763201829
28.492619611513344,-31.905520789147925,25.16048326717951,-0.007563654076096105,-0.702804420744357,-70.73059902651082
28.502460561539642,-31.91100455006143,25.16060371001226,-0.00726926867093064,-0.7028350509155641,-70.66283230209176
28.512303379126653,-31.916486682675462,25.160707856858036,-0.006974436066815304,-0.7028660575912953,-70.59495732489822
28.522148067005453,-31.921967183247116,25.160795667075405,-0.006679155489521804,-0.702897440347565,-70.52697396106738
28.531994627905934,-31.92744604803256,25.16086710002296,-0.006383426164869532,-0.7029291987600161,-70.45888207673624
28.541843064556875,-31.93292327328701,25.16092211505927,-0.006087247318724509,-0.7029613324039219,-70.39068153804205
28.55169337968592,-31.93839885526478,25.16096067154293,-0.005790618176999829,-0.7029938408541834,-70.32237221112194
28.561545576019554,-31.943872790219228,25.160982728832515,-0.005493537965656159,-0.7030267236853307,-70.25395396211293
28.571399656283127,-31.949345074402768,25.16098824628661,-0.005196005910700796,-0.7030599804715219,-70.18542665715225
28.581255623200832,-31.954815704066938,25.16097718326379,-0.004898021238189387,-0.7030936107865433,-70.11679016237697
28.591113479495732,-31.96028467546228,25.16094949912264,-0.0045995831742248194,-0.7031276142038081,-70.04804434392426
28.60097322788972,-31.965751984838423,25.16090515322174,-0.0043006909449573305,-0.7031619902963574,-69.97918906793126
28.610834871103528,-31.97121762844408,25.16084410491967,-0.004001343776585564,-0.7031967386368583,-69.91022420053503
28.620698411856768,-31.97668160252701,25.160766313575014,-0.0037015408953552376,-0.703231858797605,-69.84114960787274
28.630563852867855,-31.98214390333403,25.160671738546355,-0.0034012815275613617,-0.7032673503505171,-69.77196515608155
28.640431196854067,-31.987604527111063,25.160560339192273,-0.003100564899545799,-0.7033032128671409,-69.70267071129852
28.65030044653151,-31.99306347010303,25.16043207487135,-0.0027993902376987623,-0.7033394459186472,-69.63326613966086
28.66017160461512,-31.99852072855398,25.160286904942165,-0.0024977567684602575,-0.7033760490758323,-69.56375130730557
28.670044673818666,-32.00397629870699,25.1601247887633,-0.002195663718316865,-0.7034130219091173,-69.49412608036994
28.679919656854757,-32.009430176804194,25.159945685693334,-0.0018931103138054017,-0.7034503639885477,-69.42439032499098
28.689796556434832,-32.01488235908683,25.15974955509085,-0.0015900957815097039,-0.7034880748837928,-69.35454390730588
28.699675375269138,-32.02033284179516,25.15953635631444,-0.0012866193480639554,-0.7035261541641453,-69.28458669345173
28.70955611606676,-32.025781621168505,25.15930604872267,-0.0009826802401503576,-0.7035646013985222,-69.2145185495657
28.719438781535597,-32.03122869344529,25.15905859167413,-0.0006782776845005167,-0.7036034161554626,-69.14433934178489
28.72932337438236,-32.03667405486296,25.158793944527392,-0.0003734109078952219,-0.7036425980031283,-69.07404893624643
28.73920989731259,-32.04211770165802,25.15851206664105,-6.807913716433411e-05,-0.7036821465093036,-69.00364719908741
28.749098353030636,-32.04755963006607,25.158212917373678,0.00023771840081282525,-0.7037220612413949,-68.93313399644505
28.758988744239655,-32.052999836321746,25.157896456083858,0.0005439824791074743,-0.7037623417664299,-68.8625091944564
28.76888107364161,-32.05843831665873,25.157562642130173,0.0008507138707407047,-0.7038029876510575,-68.79177265925864
28.778775343937284,-32.063875067309816,25.157211434871208,0.0011579133486848137,-0.7038439984615478,-68.72092425698888
28.788671557826255,-32.06931008450678,25.156842793665533,0.0014655816858613058,-0.7038853737637908,-68.64996385378423
28.798569718006892,-32.074743364480526,25.156456677871738,0.0017737196551421142,-0.7039271131232973,-68.57889131578183
28.808469827176395,-32.08017490346097,25.156053046848406,0.002082328029349101,-0.7039692161051974,-68.50770650911883
28.81837188803073,-32.08560469767714,25.15563185995411,0.002391407581254057,-0.7040116822742415,-68.43640929993235
28.82827590326466,-32.09103274335705,25.155193076547448,0.002700959083577592,-0.7040545111947981,-68.3649995543595
28.83818187557177,-32.096459036727815,25.154736655986973,0.003010983308991244,-0.7040977024308555,-68.2934771385374
28.848089807644403,-32.1018835740156,25.154262557631295,0.0033214810301144815,-0.7041412555460193,-68.22184191860319
28.857999702173696,-32.10730635144563,25.15377074083898,0.00363245301951709,-0.7041851701035138,-68.15009376069403
28.867911561849592,-32.11272736524218,25.15326116496861,0.003943900049717786,-0.7042294456661811,-68.07823253094702
28.877825389360773,-32.11814661162857,25.15273378937878,0.004255822893183658,-0.70427408179648,-68.00625809549929
28.88774118739476,-32.12356408682719,25.152188573428056,0.004568222322332005,-0.7043190780564872,-67.934170320488
28.897658958637805,-32.12897978705949,25.151625476475022,0.004881099109527831,-0.7043644340078954,-67.8619690720502
28.90757870577495,-32.13439370854596,25.15104445787826,0.0051944540270851824,-0.704410149212014,-67.7896542163231
28.91750043149003,-32.13980584750614,25.150445476996357,0.005508287847266757,-0.7044562232297678,-67.71722561944381
28.927424138465614,-32.14521620015864,25.149828493187886,0.005822601342283351,-0.7045026556216973,-67.64468314754943
28.937349829383063,-32.15062476272113,25.149193465811432,0.006137395284294411,-0.7045494459479594,-67.57202666677709
28.947277506922486,-32.15603153141029,25.148540354225577,0.006452670445407316,-0.7045965937683236,-67.49925604326394
28.957207173762797,-32.1614365024419,25.147869117788908,0.006768427597677873,-0.7046440986421756,-67.4263711431471
28.96713883258162,-32.16683967203077,25.147179715860005,0.0070846675131091,-0.7046919601285149,-67.35337183256374
28.977072486055366,-32.17224103639076,25.146472107797432,0.007401390963652388,-0.7047401777859548,-67.28025797765089
28.987008136859195,-32.1776405917348,25.145746252959796,0.00771859872120656,-0.7047887511727218,-67.20702944454577
