galstreams/tracks/track.st.Gunnthra.ibata2021.ecsv
# %ECSV 1.0
# ---
# datatype:
# - {name: ra, unit: deg, datatype: float64}
# - {name: dec, unit: deg, datatype: float64}
# - {name: distance, unit: kpc, datatype: float64}
# - {name: pm_ra_cosdec, unit: mas / yr, datatype: float64}
# - {name: pm_dec, unit: mas / yr, datatype: float64}
# - {name: radial_velocity, unit: km / s, datatype: float64}
# delimiter: ','
# meta: !!omap
# - __serialized_columns__:
#     dec:
#       __class__: astropy.coordinates.angles.Latitude
#       unit: &id001 !astropy.units.Unit {unit: deg}
#       value: !astropy.table.SerializedColumn {name: dec}
#     distance:
#       __class__: astropy.coordinates.distances.Distance
#       unit: !astropy.units.Unit {unit: kpc}
#       value: !astropy.table.SerializedColumn {name: distance}
#     pm_dec:
#       __class__: astropy.units.quantity.Quantity
#       unit: !astropy.units.Unit {unit: mas / yr}
#       value: !astropy.table.SerializedColumn {name: pm_dec}
#     pm_ra_cosdec:
#       __class__: astropy.units.quantity.Quantity
#       unit: !astropy.units.Unit {unit: mas / yr}
#       value: !astropy.table.SerializedColumn {name: pm_ra_cosdec}
#     ra:
#       __class__: astropy.coordinates.angles.Longitude
#       unit: *id001
#       value: !astropy.table.SerializedColumn {name: ra}
#       wrap_angle: !astropy.coordinates.Angle
#         unit: *id001
#         value: 360.0
#     radial_velocity:
#       __class__: astropy.units.quantity.Quantity
#       unit: !astropy.units.Unit {unit: km / s}
#       value: !astropy.table.SerializedColumn {name: radial_velocity}
# schema: astropy-2.0
ra,dec,distance,pm_ra_cosdec,pm_dec,radial_velocity
[from data line 847]
291.1323388284385,-71.04517338740897,3.08982544628892,-12.42543026738538,-26.02393804393133,59.04859021845417
291.1471058078606,-71.03630715828889,3.089758343226261,-12.419002646991512,-26.030565045514827,58.96797841156029
291.16184941742756,-71.02743802909681,3.0896913005681292,-12.41258265759468,-26.037186554690567,58.88764357279982
291.1765696987547,-71.01856600643636,3.0896243191277017,-12.406170287574174,-26.043802578845916,58.807585346265824
291.1912666934138,-71.00969109689802,3.089557399718163,-12.399765525311869,-26.050413125333463,58.72780337605091
291.2059404429333,-71.00081330705913,3.0894905431526873,-12.393368359192268,-26.057018201471042,58.64829730624805
291.22059098879765,-70.99193264348406,3.0894237502444595,-12.386978777602666,-26.06361781454175,58.56906678095022
291.23521837244823,-70.98304911272399,3.0893570218066557,-12.380596768932985,-26.070211971794183,58.49011144425001
291.2498226352825,-70.97416272131713,3.089290358652457,-12.374222321576042,-26.076800680442304,58.41143094024042
291.26440381865433,-70.9652734757886,3.0892237615950444,-12.367855423927502,-26.083383947665624,58.33302491301434
291.27896196387377,-70.95638138265078,3.089157231447596,-12.361496064386099,-26.089961780609187,58.25489300666456
291.2934971122072,-70.9474864484029,3.0890907690232923,-12.355144231353435,-26.096534186383714,58.17703486528398
291.30800930487715,-70.93858867953134,3.0890243751353132,-12.34879991323428,-26.10310117206562,58.0994501329653
291.32249858306244,-70.9296880825096,3.0889580505968386,-12.342463098436504,-26.109662744697065,58.022138453801645
291.3369649878976,-70.92078466379844,3.0888917962210467,-12.336133775371305,-26.116218911286005,57.94509947188562
291.35140856047366,-70.91187842984573,3.088825612821121,-12.329811932452966,-26.12276967880632,57.868332831310255
291.3658293418375,-70.90296938708649,3.088759501210237,-12.323497558099195,-26.129315054197853,57.7918381761682
291.3802273729919,-70.89405754194317,3.088693462201578,-12.317190640731184,-26.135855044366366,57.71561515055254
291.39460269489564,-70.88514290082539,3.088627496608321,-12.310891168773432,-26.142389656183784,57.639663398555996
291.4089553484635,-70.87622547013008,3.088561605243649,-12.304599130654012,-26.14891889648812,57.56398256427142
291.42328537456615,-70.86730525624151,3.0884957889207385,-12.298314514804543,-26.155442772083617,57.48857229179171
291.43759281402976,-70.8583822655314,3.0884300484527705,-12.292037309660401,-26.16196128974071,57.413432225209576
291.45187770763664,-70.84945650435887,3.088364384652925,-12.285767503660534,-26.168474456196208,57.33856200861819
291.4661400961248,-70.8405279790704,3.088298798334383,-12.279505085247648,-26.174982278153266,57.26396128611013
291.4803800201879,-70.83159669599992,3.088233290310323,-12.27325004286827,-26.18148476228154,57.18962970177832
291.49459752047517,-70.82266266146907,3.0881678613939245,-12.267002364972942,-26.187981915217115,57.11556689971567
291.5087926375918,-70.8137258817868,3.0881025123983674,-12.260762040015916,-26.194473743562703,57.041772524014895
291.52296541209836,-70.80478636324969,3.0880372441368333,-12.25452905645558,-26.200960253887597,56.968246218769075
291.53711588451114,-70.79584411214188,3.0879720574225002,-12.248303402754281,-26.207441452727856,56.894987628070865
291.55124409530185,-70.78689913473526,3.0879069530685483,-12.242085067378577,-26.213917346586214,56.82199639601307
291.56535008489783,-70.77795143728927,3.087841931888157,-12.235874038799095,-26.220387941932266,56.749272166688776
291.5794338936819,-70.76900102605103,3.0877769946945066,-12.2296703054907,-26.22685324520247,56.67681458419074
291.5934955619923,-70.76004790725531,3.0877121423007767,-12.223473855932506,-26.23331326280025,56.60462329261167
291.60753513012276,-70.75109208712486,3.087647375520148,-12.217284678608046,-26.23976800109599,56.532697936044706
291.62155263832244,-70.74213357186997,3.0875826951658003,-12.211102762005119,-26.246217466427183,56.4610381585824
291.63554812679564,-70.7331723676888,3.087518102050911,-12.20492809461605,-26.25266166509844,56.389643604317776
291.64952163570246,-70.72420848076733,3.087453596988663,-12.198760664937586,-26.259100603381548,56.31851391734369
291.66347320515786,-70.71524191727951,3.0873891807922345,-12.192600461471077,-26.26553428751555,56.24764874175278
291.67740287523225,-70.7062726833871,3.087324854274805,-12.186447472722476,-26.27196272370681,56.17704772163827
291.69131068595146,-70.69730078523976,3.087260618249555,-12.180301687202334,-26.278385918129075,56.10671050109279
291.7051966772965,-70.68832622897507,3.087196473529664,-12.174163093425939,-26.284803876923554,56.03663672420917
291.7190608892034,-70.67934902071877,3.087132420928313,-12.168031679913351,-26.291216606198862,55.96682603508032
291.73290336156356,-70.67036916658445,3.0870684612586805,-12.161907435189448,-26.297624112031304,55.89727807779905
291.7467241342235,-70.66138667267381,3.0870045953339456,-12.15579034778398,-26.304026400464718,55.82799249645836
291.76052324698503,-70.65240154507654,3.08694082396729,-12.149680406231504,-26.310423477510692,55.758968935151046
291.77430073960477,-70.64341378987058,3.086877147971893,-12.14357759907172,-26.316815349148513,55.69020703796973
291.7880566517948,-70.63442341312191,3.0868135681609337,-12.137481914849216,-26.32320202132533,55.621706449007526
291.80179102322205,-70.6254304208846,3.0867500853475915,-12.131393342113682,-26.329583499956136,55.553466812357144
291.81550389350843,-70.6164348192011,3.0866867003450484,-12.125311869420003,-26.335959790923823,55.48548777211163
291.8291953022312,-70.60743661410193,3.0866234139664814,-12.119237485328137,-26.34233090007938,55.41776897236367
291.8428652889224,-70.59843581160588,3.0865602270250716,-12.113170178403248,-26.348696833241775,55.350310057206116
291.856513893069,-70.58943241772006,3.0864971403339996,-12.107109937215895,-26.35505759619813,55.28311067073184
291.87014115411336,-70.58042643843982,3.0864341547064447,-12.101056750341801,-26.361413194703765,55.21617045703377
291.8837471114522,-70.57141787974896,3.086371270955586,-12.095010606362212,-26.36776363448218,55.14948906020477
291.89733180443767,-70.56240674761955,3.0863084898946047,-12.088971493863658,-26.374108921225297,55.08306612433745
291.9108952723767,-70.55339304801204,3.08624581233668,-12.082939401438175,-26.3804490605933,55.01690129352495
291.924437554531,-70.54437678687545,3.086183239094991,-12.076914317683386,-26.386784058214857,54.95099421186003
291.93795869011734,-70.53535797014707,3.086120770982717,-12.070896231202374,-26.393113919687153,54.88534452343552
291.95145871830726,-70.5263366037528,3.0860584088130394,-12.064885130603871,-26.399438650575867,54.819951872344255
291.96493767822733,-70.5173126936069,3.0859961533991376,-12.058881004502215,-26.405758256415353,54.75481590267918
291.9783956089587,-70.50828624561238,3.085934005554192,-12.052883841517538,-26.4120727427086,54.68993625853286
291.99183254953755,-70.4992572656607,3.0858719660913794,-12.046893630275672,-26.418382114927383,54.62531258399863
292.00524853895473,-70.49022575963188,3.0858100358238834,-12.040910359408212,-26.424686378512217,54.56094452316899
292.0186436161562,-70.4811917333946,3.085748215564883,-12.034934017552583,-26.43098553887259,54.49683172013692
292.03201782004237,-70.47215519280624,3.0856865061275567,-12.028964593352184,-26.437279601386784,54.43297381899521
292.04537118946854,-70.46311614371282,3.0856249083250837,-12.02300207545627,-26.44356857140218,54.36937046383672
292.0587037632448,-70.45407459194908,3.085563422970646,-12.017046452520068,-26.449852454235135,54.3060212987543
292.07201558013617,-70.44503054333843,3.0855020508774222,-12.011097713204812,-26.45613125517118,54.24292596784095
292.085306678862,-70.43598400369319,3.0854407928585923,-12.005155846177882,-26.462404979464942,54.18008411518929
292.0985770980968,-70.42693497881436,3.0853796497273356,-11.999220840112644,-26.468673632340366,54.11749538489229
292.1118268764696,-70.41788347449182,3.085318622296833,-11.993292683688747,-26.474937218990615,54.05515942104297
292.12505605256416,-70.40882949650418,3.0852577113802635,-11.987371365591859,-26.4811957445783,53.993075867733836
292.13826466491895,-70.39977305061917,3.085196917790808,-11.981456874514079,-26.48744921423535,53.931244369058014
292.1514527520271,-70.39071414259324,3.0851362423416444,-11.97554919915365,-26.493697633063245,53.869664569108245
292.16462035233667,-70.38165277817177,3.0850756858459545,-11.969648328215168,-26.49994100613297,53.80833611197738
292.1777675042502,-70.37258896308914,3.0850152491169167,-11.96375425040954,-26.506179338485172,53.747258641758265
292.1908942461248,-70.36352270306885,3.084954932967711,-11.957866954454218,-26.512412635130072,53.686431802543744
292.2040006162724,-70.35445400382322,3.084894738211517,-11.951986429073,-26.51864090104766,53.62585523842687
292.21708665295967,-70.3453828710537,3.084834665661516,-11.946112662996164,-26.524864141187734,53.56552859350015
292.2301523944079,-70.33630931045079,3.084774716130887,-11.940245644960505,-26.531082360469938,53.50545151185668
292.2431978787929,-70.3272333276942,3.0847148904328088,-11.934385363709453,-26.537295563783747,53.44562363758929
292.25622314424515,-70.31815492845264,3.084655189380463,-11.92853180799303,-26.5435037559887,53.386044614790855
292.26922822885,-70.30907411838403,3.084595613787028,-11.92268496656785,-26.549706941914334,53.32671408755415
292.28221317064737,-70.29999090313538,3.084536164465684,-11.916844828197195,-26.555905126360287,53.26763169997197
292.2951780076315,-70.29090528834314,3.0844768422296105,-11.91101138165124,-26.56209831409629,53.20879709613733
292.3081227777516,-70.28181727963278,3.0844176478919882,-11.905184615706753,-26.568286509862368,53.15020992014288
292.3210475189115,-70.27272688261908,3.0843585822659967,-11.899364519147326,-26.574469718368775,53.091869816081726
292.3339522689694,-70.26363410290624,3.0842996461648147,-11.893551080763551,-26.580647944296093,53.03377642804656
292.3468370657385,-70.25453894608762,3.0842408404016233,-11.887744289352735,-26.586821192295325,52.97592940013021
292.3597019469863,-70.24544141774601,3.084182165789602,-11.881944133719129,-26.59298946698793,52.918328376425585
292.37254695043526,-70.2363415234535,3.0841236231419304,-11.876150602673983,-26.59915277296586,52.860973001025606
292.38537211376206,-70.22723926877175,3.0840652132717885,-11.870363685035578,-26.605311114791654,52.80386291802296
292.39817747459836,-70.21813465925169,3.084006936992356,-11.864583369629141,-26.611464496998494,52.746997771510706
292.4109630705303,-70.20902770043374,3.0839487951168123,-11.858809645287039,-26.617612924090242,52.69037720558146
292.4237289390986,-70.1999183978478,3.083890788458337,-11.85304250084865,-26.623756400541573,52.63400086432826
292.4364751177987,-70.19080675701333,3.083832917830111,-11.847281925160672,-26.629894930797875,52.577868391843964
292.44920164408063,-70.18169278343932,3.0837751840453143,-11.84152790707681,-26.636028519275513,52.521979432221336
292.4619085553491,-70.17257648262424,3.083717587917126,-11.835780435458044,-26.642157170361735,52.46633362955327
292.47459588896356,-70.16345786005617,3.083660130258725,-11.830039499172582,-26.648280888414856,52.41093062793249
292.4872636822377,-70.15433692121294,3.083602811883293,-11.824305087096029,-26.654399677764147,52.35577007145218
292.49991197244026,-70.14521367156186,3.083545633604009,-11.818577188111178,-26.66051354271007,52.30085160420477
292.51254079679444,-70.13608811655997,3.0834885962340515,-11.812855791108252,-26.66662248752425,52.24617487028341
292.5251501924783,-70.12696026165398,3.083431700586603,-11.807140884984754,-26.67272651644955,52.19173951378089
292.53774019662416,-70.11783011228042,3.0833749474748404,-11.801432458645817,-26.67882563370012,52.13754517879004
292.55031084631935,-70.10869767386545,3.0833183377119457,-11.795730501003863,-26.684919843461476,52.083591509403675
292.56286217860577,-70.09956295182504,3.0832618721110974,-11.790035000978884,-26.69100914989056,52.029878149714754
292.57539423047996,-70.09042595156491,3.0832055514854764,-11.78434594749831,-26.697093557115803,51.97640474381602
292.5879070388931,-70.08128667848077,3.083149376648261,-11.778663329497284,-26.703173069237117,51.92317093580035
292.60040064075116,-70.07214513795802,3.0830933484126337,-11.772987135918397,-26.709247690326066,51.87017636976058
292.6128750729147,-70.063001335372,3.083037467591771,-11.76731735571198,-26.715317424425855,51.81742068978965
292.625330372199,-70.05385527608787,3.082981734998855,-11.761653977835913,-26.72138227555141,51.764903539980374
292.63776657537414,-70.04470696546093,3.0829261514470647,-11.755996991255873,-26.727442247689417,51.71262456442555
292.6501837191647,-70.03555640883624,3.08287071774958,-11.75034638494519,-26.73349734479838,51.660583407218176
292.66258184025037,-70.02640361154889,3.082815434719581,-11.744702147884961,-26.739547570808757,51.60877971245094
292.6749609752651,-70.01724857892391,3.082760303170246,-11.73906426906408,-26.745592929622916,51.55721312421669
292.6873211607978,-70.00809131627659,3.082705323914758,-11.733432737479307,-26.75163342511519,51.505883286608466
292.69966243339223,-69.99893182891205,3.082650497766293,-11.727807542135174,-26.757669061132102,51.454789843718906
292.71198482954685,-69.98977012212555,3.0825958255380335,-11.722188672044096,-26.763699841492212,51.40393243964108
292.72428838571466,-69.98060620120253,3.082541308043159,-11.716576116226497,-26.769725769986273,51.353310718467675
292.73657313830364,-69.97144007141853,3.0824869460948476,-11.710969863710648,-26.77574685037733,51.302924324291546
292.7488391236767,-69.96227173803918,3.0824327405062815,-11.705369903532816,-26.781763086400687,51.25277290120562
292.7610863781513,-69.95310120632034,3.082378692090639,-11.699776224737253,-26.78777448176408,51.202856093302735
292.7733149379997,-69.94392848150814,3.0823248016610996,-11.694188816376332,-26.79378104014757,51.15317354467574
292.78552483944924,-69.93475356883889,3.0822710700308438,-11.68860766751035,-26.7997827652038,51.10372489941745
292.7977161186819,-69.92557647353915,3.082217498013052,-11.683032767207795,-26.80577966055787,51.054509801620696
292.8098888118345,-69.9163972008258,3.082164086420902,-11.677464104545267,-26.811771729807553,51.00552789537846
292.8220429549987,-69.90721575590601,3.0821108360675775,-11.671901668607497,-26.81775897652318,50.956778824783605
292.8341785842213,-69.89803214397726,3.0820577477662527,-11.666345448487355,-26.823741404247947,50.90826223392871
292.8462957355036,-69.88884637022747,3.082004822330113,-11.660795433285992,-26.829719016497656,50.85997776690699
292.85839444480206,-69.87965843983487,3.0819520605723345,-11.65525161211275,-26.835691816761063,50.81192506781101
292.8704747480279,-69.87046835796814,3.081899463306099,-11.649713974085248,-26.841659808499756,50.76410378073382
292.88253668104755,-69.86127612978635,3.0818470313445845,-11.644182508329358,-26.847622995148328,50.71651354976809
292.8945802796819,-69.8520817604391,3.0817947655009723,-11.63865720397935,-26.85358138011426,50.66915401900684
292.9066055797074,-69.84288525506643,3.0817426665884415,-11.633138050177738,-26.85953496677825,50.62202483254282
292.91861261685483,-69.83368661879888,3.0816907354201724,-11.6276250360755,-26.865483758493987,50.57512563446894
292.9306014268105,-69.82448585675755,3.081638972809345,-11.622118150831962,-26.871427758588418,50.52845606887814
292.94257204521546,-69.81528297405409,3.0815873795691378,-11.61661738361487,-26.877366970361706,50.482015779863005
292.9545245076658,-69.80607797579073,3.081535956512732,-11.611122723600491,-26.883301397087273,50.43580441151665
292.96645884971264,-69.79687086706029,3.0814847044533074,-11.605634159973464,-26.88923104201195,50.38982160793187
292.9783751068623,-69.78766165294628,3.0814336242040423,-11.60015168192701,-26.895155908355946,50.34406701320143
