galstreams/tracks/track.po.PS1-D.bernard2016.ecsv
# %ECSV 0.9
# ---
# datatype:
# - {name: ra, unit: deg, datatype: float64}
# - {name: dec, unit: deg, datatype: float64}
# - {name: distance, unit: kpc, datatype: float64}
# - {name: pm_ra_cosdec, unit: mas / yr, datatype: float64}
# - {name: pm_dec, unit: mas / yr, datatype: float64}
# - {name: radial_velocity, unit: km / s, datatype: float64}
# delimiter: ','
# meta: !!omap
# - __serialized_columns__:
#     dec:
#       __class__: astropy.coordinates.angles.Latitude
#       unit: &id001 !astropy.units.Unit {unit: deg}
#       value: !astropy.table.SerializedColumn {name: dec}
#     distance:
#       __class__: astropy.coordinates.distances.Distance
#       unit: !astropy.units.Unit {unit: kpc}
#       value: !astropy.table.SerializedColumn {name: distance}
#     pm_dec:
#       __class__: astropy.units.quantity.Quantity
#       unit: !astropy.units.Unit {unit: mas / yr}
#       value: !astropy.table.SerializedColumn {name: pm_dec}
#     pm_ra_cosdec:
#       __class__: astropy.units.quantity.Quantity
#       unit: !astropy.units.Unit {unit: mas / yr}
#       value: !astropy.table.SerializedColumn {name: pm_ra_cosdec}
#     ra:
#       __class__: astropy.coordinates.angles.Longitude
#       unit: *id001
#       value: !astropy.table.SerializedColumn {name: ra}
#       wrap_angle: !astropy.coordinates.Angle
#         unit: *id001
#         value: 360.0
#     radial_velocity:
#       __class__: astropy.units.quantity.Quantity
#       unit: !astropy.units.Unit {unit: km / s}
#       value: !astropy.table.SerializedColumn {name: radial_velocity}
# schema: astropy-2.0
ra,dec,distance,pm_ra_cosdec,pm_dec,radial_velocity
[from data line 3777]
140.3545228370794,16.142863079101048,22.900000000000087,0.0,0.0,0.0
140.35498946600123,16.15285525894128,22.900000000000087,0.0,0.0,0.0
140.35545614206552,16.162847437765883,22.900000000000087,0.0,0.0,0.0
140.35592286530775,16.172839615574116,22.900000000000087,0.0,0.0,0.0
140.35638963576346,16.1828317923652,22.900000000000087,0.0,0.0,0.0
140.35685645346823,16.19282396813834,22.900000000000087,0.0,0.0,0.0
140.35732331845762,16.20281614289283,22.900000000000087,0.0,0.0,0.0
140.35779023076725,16.212808316627857,22.900000000000087,0.0,0.0,0.0
140.35825719043265,16.222800489342664,22.900000000000087,0.0,0.0,0.0
140.3587241974895,16.23279266103649,22.90000000000009,0.0,0.0,0.0
140.35919125197333,16.242784831708565,22.900000000000087,0.0,0.0,0.0
140.35965835391983,16.252777001358126,22.900000000000087,0.0,0.0,0.0
140.36012550336466,16.262769169984395,22.900000000000087,0.0,0.0,0.0
140.36059270034352,16.272761337586605,22.900000000000087,0.0,0.0,0.0
140.36105994489193,16.282753504164003,22.900000000000087,0.0,0.0,0.0
140.36152723704575,16.292745669715796,22.900000000000087,0.0,0.0,0.0
140.36199457684057,16.302737834241235,22.900000000000087,0.0,0.0,0.0
140.3624619643122,16.312729997739538,22.90000000000009,0.0,0.0,0.0
140.3629293994962,16.322722160209935,22.90000000000009,0.0,0.0,0.0
140.3633968824285,16.332714321651668,22.90000000000009,0.0,0.0,0.0
140.3638644131447,16.34270648206396,22.900000000000095,0.0,0.0,0.0
140.3643319916807,16.35269864144604,22.900000000000095,0.0,0.0,0.0
140.36479961807217,16.362690799797125,22.90000000000009,0.0,0.0,0.0
140.36526729235493,16.372682957116467,22.90000000000009,0.0,0.0,0.0
140.36573501456482,16.382675113403288,22.900000000000087,0.0,0.0,0.0
140.36620278473762,16.392667268656794,22.90000000000009,0.0,0.0,0.0
140.36667060290918,16.40265942287624,22.900000000000087,0.0,0.0,0.0
140.36713846911533,16.412651576060842,22.90000000000009,0.0,0.0,0.0
140.36760638339194,16.422643728209824,22.900000000000095,0.0,0.0,0.0
140.3680743457749,16.432635879322422,22.900000000000095,0.0,0.0,0.0
140.36854235630003,16.44262802939787,22.900000000000098,0.0,0.0,0.0
140.36901041500326,16.452620178435364,22.900000000000095,0.0,0.0,0.0
140.36947852192054,16.462612326434165,22.900000000000098,0.0,0.0,0.0
140.36994667708774,16.472604473393485,22.900000000000095,0.0,0.0,0.0
140.3704148805408,16.48259661931254,22.9000000000001,0.0,0.0,0.0
140.3708831323157,16.492588764190565,22.9000000000001,0.0,0.0,0.0
140.37135143244842,16.502580908026793,22.900000000000098,0.0,0.0,0.0
140.37181978097487,16.512573050820436,22.900000000000095,0.0,0.0,0.0
140.37228817793107,16.522565192570717,22.900000000000098,0.0,0.0,0.0
140.37275662335304,16.532557333276863,22.900000000000095,0.0,0.0,0.0
140.3732251172768,16.54254947293811,22.900000000000095,0.0,0.0,0.0
140.37369365973836,16.552541611553668,22.900000000000095,0.0,0.0,0.0
140.37416225077374,16.562533749122768,22.900000000000095,0.0,0.0,0.0
140.37463089041907,16.572525885644634,22.900000000000098,0.0,0.0,0.0
140.37509957871032,16.582518021118478,22.900000000000098,0.0,0.0,0.0
140.37556831568367,16.592510155543522,22.900000000000098,0.0,0.0,0.0
140.37603710137518,16.602502288919005,22.900000000000105,0.0,0.0,0.0
140.37650593582092,16.612494421244143,22.900000000000098,0.0,0.0,0.0
140.37697481905707,16.622486552518136,22.900000000000105,0.0,0.0,0.0
140.37744375111973,16.63247868274025,22.900000000000095,0.0,0.0,0.0
140.37791273204508,16.642470811909664,22.9000000000001,0.0,0.0,0.0
140.37838176186926,16.652462940025607,22.9000000000001,0.0,0.0,0.0
140.37885084062847,16.66245506708732,22.9000000000001,0.0,0.0,0.0
140.37931996835886,16.67244719309401,22.9000000000001,0.0,0.0,0.0
140.3797891450967,16.682439318044885,22.9000000000001,0.0,0.0,0.0
140.38025837087815,16.692431441939185,22.900000000000105,0.0,0.0,0.0
140.38072764573943,16.702423564776122,22.900000000000105,0.0,0.0,0.0
140.38119696971685,16.712415686554916,22.900000000000105,0.0,0.0,0.0
140.38166634284667,16.72240780727477,22.900000000000105,0.0,0.0,0.0
140.3821357651651,16.73239992693493,22.900000000000105,0.0,0.0,0.0
140.38260523670843,16.7423920455346,22.9000000000001,0.0,0.0,0.0
140.383074757513,16.752384163072982,22.900000000000105,0.0,0.0,0.0
140.38354432761508,16.762376279549326,22.900000000000105,0.0,0.0,0.0
140.38401394705105,16.77236839496283,22.900000000000105,0.0,0.0,0.0
140.3844836158572,16.78236050931271,22.9000000000001,0.0,0.0,0.0
140.38495333406993,16.792352622598187,22.9000000000001,0.0,0.0,0.0
140.38542310172556,16.802344734818483,22.900000000000105,0.0,0.0,0.0
140.3858929188605,16.8123368459728,22.90000000000011,0.0,0.0,0.0
140.38636278551118,16.82232895606036,22.900000000000112,0.0,0.0,0.0
140.3868327017139,16.832321065080396,22.900000000000105,0.0,0.0,0.0
140.3873026675052,16.8423131730321,22.900000000000105,0.0,0.0,0.0
140.38777268292142,16.852305279914685,22.900000000000105,0.0,0.0,0.0
140.38824274799907,16.86229738572738,22.900000000000105,0.0,0.0,0.0
140.3887128627746,16.8722894904694,22.900000000000105,0.0,0.0,0.0
140.3891830272845,16.882281594139943,22.900000000000105,0.0,0.0,0.0
140.3896532415652,16.892273696738247,22.900000000000105,0.0,0.0,0.0
140.39012350565332,16.902265798263507,22.90000000000011,0.0,0.0,0.0
140.39059381958526,16.912257898714934,22.900000000000105,0.0,0.0,0.0
140.39106418339762,16.922249998091754,22.900000000000112,0.0,0.0,0.0
140.39153459712688,16.93224209639317,22.900000000000112,0.0,0.0,0.0
140.3920050608097,16.94223419361841,22.900000000000112,0.0,0.0,0.0
140.39247557448255,16.952226289766653,22.90000000000011,0.0,0.0,0.0
140.39294613818208,16.96221838483714,22.900000000000112,0.0,0.0,0.0
140.3934167519449,16.972210478829076,22.900000000000112,0.0,0.0,0.0
140.3938874158076,16.98220257174167,22.90000000000011,0.0,0.0,0.0
140.3943581298068,16.992194663574125,22.900000000000112,0.0,0.0,0.0
140.39482889397914,17.002186754325674,22.900000000000112,0.0,0.0,0.0
140.3952997083613,17.01217884399549,22.900000000000112,0.0,0.0,0.0
140.39577057298996,17.022170932582824,22.900000000000112,0.0,0.0,0.0
140.39624148790176,17.032163020086855,22.900000000000112,0.0,0.0,0.0
140.39671245313343,17.042155106506815,22.900000000000112,0.0,0.0,0.0
140.3971834687217,17.05214719184189,22.900000000000112,0.0,0.0,0.0
140.39765453470324,17.062139276091308,22.900000000000112,0.0,0.0,0.0
140.39812565111484,17.072131359254264,22.900000000000112,0.0,0.0,0.0
140.39859681799322,17.08212344132997,22.900000000000116,0.0,0.0,0.0
140.3990680353752,17.09211552231764,22.900000000000112,0.0,0.0,0.0
140.3995393032975,17.102107602216478,22.900000000000112,0.0,0.0,0.0
140.40001062179695,17.11209968102568,22.900000000000112,0.0,0.0,0.0
140.40048199091035,17.12209175874447,22.900000000000112,0.0,0.0,0.0
140.40095341067453,17.132083835372054,22.90000000000012,0.0,0.0,0.0
140.40142488112636,17.142075910907625,22.90000000000012,0.0,0.0,0.0
140.40189640230264,17.15206798535039,22.90000000000012,0.0,0.0,0.0
140.40236797424024,17.162060058699566,22.900000000000116,0.0,0.0,0.0
140.4028395969761,17.172052130954363,22.900000000000112,0.0,0.0,0.0
140.40331127054702,17.18204420211395,22.90000000000012,0.0,0.0,0.0
140.40378299498997,17.192036272177578,22.90000000000012,0.0,0.0,0.0
140.4042547703419,17.202028341144427,22.900000000000112,0.0,0.0,0.0
140.4047265966397,17.212020409013697,22.90000000000012,0.0,0.0,0.0
140.40519847392034,17.222012475784602,22.90000000000012,0.0,0.0,0.0
140.40567040222078,17.232004541456348,22.900000000000116,0.0,0.0,0.0
140.40614238157798,17.241996606028128,22.90000000000012,0.0,0.0,0.0
140.40661441202897,17.251988669499152,22.90000000000012,0.0,0.0,0.0
140.40708649361073,17.26198073186863,22.90000000000012,0.0,0.0,0.0
140.4075586263603,17.271972793135745,22.90000000000012,0.0,0.0,0.0
140.40803081031473,17.2819648532997,22.90000000000012,0.0,0.0,0.0
140.40850304551103,17.291956912359723,22.900000000000116,0.0,0.0,0.0
140.40897533198628,17.30194897031499,22.900000000000123,0.0,0.0,0.0
140.4094476697776,17.311941027164703,22.90000000000012,0.0,0.0,0.0
140.409920058922,17.321933082908078,22.90000000000012,0.0,0.0,0.0
140.4103924994567,17.331925137544303,22.90000000000012,0.0,0.0,0.0
140.41086499141872,17.341917191072586,22.900000000000123,0.0,0.0,0.0
140.41133753484527,17.35190924349212,22.900000000000123,0.0,0.0,0.0
140.41181012977344,17.361901294802117,22.900000000000123,0.0,0.0,0.0
140.41228277624043,17.37189334500176,22.900000000000126,0.0,0.0,0.0
140.41275547428341,17.381885394090247,22.900000000000126,0.0,0.0,0.0
140.4132282239396,17.391877442066797,22.900000000000123,0.0,0.0,0.0
140.41370102524618,17.40186948893059,22.90000000000012,0.0,0.0,0.0
140.41417387824035,17.411861534680817,22.900000000000126,0.0,0.0,0.0
140.41464678295944,17.421853579316707,22.900000000000123,0.0,0.0,0.0
140.41511973944057,17.431845622837432,22.90000000000013,0.0,0.0,0.0
140.41559274772112,17.44183766524219,22.90000000000013,0.0,0.0,0.0
140.4160658078383,17.451829706530187,22.900000000000126,0.0,0.0,0.0
140.41653891982946,17.461821746700622,22.900000000000126,0.0,0.0,0.0
140.41701208373186,17.47181378575267,22.900000000000126,0.0,0.0,0.0
140.41748529958286,17.48180582368555,22.900000000000126,0.0,0.0,0.0
140.41795856741976,17.49179786049845,22.900000000000126,0.0,0.0,0.0
140.41843188727995,17.501789896190562,22.900000000000126,0.0,0.0,0.0
140.41890525920078,17.51178193076108,22.900000000000123,0.0,0.0,0.0
140.41937868321966,17.521773964209203,22.900000000000126,0.0,0.0,0.0
140.41985215937396,17.53176599653413,22.900000000000134,0.0,0.0,0.0
140.42032568770105,17.541758027735035,22.90000000000013,0.0,0.0,0.0
140.42079926823843,17.551750057811134,22.90000000000013,0.0,0.0,0.0
140.4212729010235,17.561742086761612,22.90000000000013,0.0,0.0,0.0
140.42174658609378,17.57173411458565,22.900000000000134,0.0,0.0,0.0
140.4222203234866,17.581726141282466,22.90000000000013,0.0,0.0,0.0
140.4226941132396,17.59171816685123,22.900000000000134,0.0,0.0,0.0
140.42316795539017,17.601710191291147,22.90000000000013,0.0,0.0,0.0
140.42364184997587,17.611702214601397,22.90000000000013,0.0,0.0,0.0
140.42411579703423,17.62169423678118,22.900000000000137,0.0,0.0,0.0
140.42458979660276,17.631686257829696,22.90000000000013,0.0,0.0,0.0
140.42506384871908,17.64167827774611,22.90000000000013,0.0,0.0,0.0
140.4255379534207,17.651670296529637,22.90000000000013,0.0,0.0,0.0
140.42601211074523,17.661662314179452,22.900000000000134,0.0,0.0,0.0
140.42648632073028,17.671654330694743,22.900000000000137,0.0,0.0,0.0
140.42696058341346,17.681646346074718,22.90000000000013,0.0,0.0,0.0
140.4274348988324,17.691638360318557,22.900000000000134,0.0,0.0,0.0
140.42790926702475,17.701630373425434,22.900000000000137,0.0,0.0,0.0
140.42838368802813,17.71162238539456,22.900000000000137,0.0,0.0,0.0
140.4288581618803,17.721614396225107,22.90000000000014,0.0,0.0,0.0
140.42933268861887,17.73160640591628,22.900000000000137,0.0,0.0,0.0
140.4298072682816,17.74159841446724,22.900000000000137,0.0,0.0,0.0
140.43028190090618,17.7515904218772,22.90000000000014,0.0,0.0,0.0
140.43075658653035,17.76158242814534,22.900000000000137,0.0,0.0,0.0
140.43123132519187,17.77157443327083,22.90000000000014,0.0,0.0,0.0
140.4317061169285,17.781566437252877,22.900000000000137,0.0,0.0,0.0
140.43218096177802,17.791558440090665,22.90000000000014,0.0,0.0,0.0
140.4326558597782,17.80155044178336,22.90000000000014,0.0,0.0,0.0
140.4331308109669,17.811542442330175,22.900000000000144,0.0,0.0,0.0
140.4336058153819,17.821534441730275,22.900000000000144,0.0,0.0,0.0
140.43408087306108,17.83152643998286,22.90000000000014,0.0,0.0,0.0
140.43455598404222,17.841518437087096,22.90000000000014,0.0,0.0,0.0
140.43503114836327,17.851510433042176,22.900000000000144,0.0,0.0,0.0
140.4355063660621,17.86150242784729,22.90000000000014,0.0,0.0,0.0
140.43598163717658,17.871494421501612,22.900000000000144,0.0,0.0,0.0
140.43645696174463,17.881486414004332,22.90000000000014,0.0,0.0,0.0
140.43693233980417,17.891478405354622,22.900000000000148,0.0,0.0,0.0
140.43740777139317,17.901470395551677,22.900000000000148,0.0,0.0,0.0
140.43788325654958,17.911462384594678,22.900000000000144,0.0,0.0,0.0
140.4383587953114,17.921454372482795,22.900000000000144,0.0,0.0,0.0
140.43883438771655,17.93144635921522,22.900000000000148,0.0,0.0,0.0
140.43931003380308,17.94143834479113,22.900000000000148,0.0,0.0,0.0
140.43978573360903,17.951430329209707,22.900000000000144,0.0,0.0,0.0
140.4402614871724,17.961422312470138,22.900000000000144,0.0,0.0,0.0
140.44073729453123,17.97141429457158,22.900000000000148,0.0,0.0,0.0
140.44121315572363,17.981406275513248,22.900000000000148,0.0,0.0,0.0
140.44168907078765,17.99139825529429,22.90000000000015,0.0,0.0,0.0
140.4421650397614,18.0013902339139,22.90000000000015,0.0,0.0,0.0
140.44264106268295,18.011382211371256,22.90000000000015,0.0,0.0,0.0
140.44311713959047,18.021374187665536,22.900000000000148,0.0,0.0,0.0
140.44359327052211,18.031366162795916,22.90000000000015,0.0,0.0,0.0
140.444069455516,18.041358136761577,22.90000000000015,0.0,0.0,0.0
140.4445456946103,18.0513501095617,22.900000000000155,0.0,0.0,0.0
140.4450219878432,18.06134208119545,22.900000000000155,0.0,0.0,0.0
140.44549833525292,18.071334051662006,22.90000000000016,0.0,0.0,0.0
140.44597473687767,18.081326020960553,22.900000000000155,0.0,0.0,0.0
140.4464511927557,18.091317989090268,22.900000000000155,0.0,0.0,0.0
140.4469277029252,18.101309956050315,22.90000000000015,0.0,0.0,0.0
140.44740426742453,18.111301921839882,22.900000000000155,0.0,0.0,0.0
140.44788088629187,18.12129388645814,22.90000000000015,0.0,0.0,0.0
140.44835755956555,18.13128584990425,22.900000000000162,0.0,0.0,0.0
140.4488342872839,18.14127781217742,22.900000000000155,0.0,0.0,0.0
140.44931106948522,18.15126977327679,22.90000000000016,0.0,0.0,0.0
140.44978790620786,18.16126173320155,22.90000000000016,0.0,0.0,0.0
140.45026479749015,18.17125369195087,22.900000000000155,0.0,0.0,0.0
140.45074174337051,18.181245649523923,22.90000000000016,0.0,0.0,0.0
140.4512187438873,18.19123760591989,22.900000000000155,0.0,0.0,0.0
140.4516957990789,18.201229561137925,22.900000000000155,0.0,0.0,0.0
140.45217290898373,18.211221515177222,22.90000000000016,0.0,0.0,0.0
140.45265007364026,18.221213468036943,22.900000000000162,0.0,0.0,0.0
140.4531272930869,18.231205419716247,22.90000000000016,0.0,0.0,0.0
140.45360456736213,18.241197370214326,22.900000000000155,0.0,0.0,0.0
140.45408189650448,18.251189319530344,22.900000000000162,0.0,0.0,0.0
140.45455928055233,18.261181267663456,22.900000000000162,0.0,0.0,0.0
140.45503671954424,18.271173214612862,22.900000000000162,0.0,0.0,0.0
140.4555142135188,18.281165160377714,22.900000000000162,0.0,0.0,0.0
140.45599176251446,18.29115710495718,22.900000000000166,0.0,0.0,0.0
140.45646936656982,18.301149048350435,22.900000000000162,0.0,0.0,0.0
140.45694702572342,18.311140990556645,22.900000000000162,0.0,0.0,0.0
140.4574247400139,18.32113293157498,22.900000000000162,0.0,0.0,0.0
140.45790250947982,18.33112487140459,22.900000000000162,0.0,0.0,0.0
140.4583803341598,18.341116810044678,22.900000000000166,0.0,0.0,0.0
140.45885821409252,18.351108747494393,22.900000000000166,0.0,0.0,0.0
140.45933614931658,18.361100683752895,22.900000000000162,0.0,0.0,0.0
140.45981413987067,18.371092618819365,22.900000000000166,0.0,0.0,0.0
140.46029218579343,18.381084552692965,22.90000000000017,0.0,0.0,0.0
140.4607702871236,18.391076485372857,22.90000000000017,0.0,0.0,0.0
140.4612484438999,18.401068416858198,22.90000000000017,0.0,0.0,0.0
140.46172665616103,18.411060347148172,22.900000000000166,0.0,0.0,0.0
140.46220492394576,18.421052276241944,22.90000000000017,0.0,0.0,0.0
140.46268324729283,18.431044204138658,22.90000000000017,0.0,0.0,0.0
140.463161626241,18.44103613083751,22.900000000000162,0.0,0.0,0.0
140.4636400608291,18.45102805633764,22.90000000000017,0.0,0.0,0.0
140.4641185510959,18.461019980638206,22.90000000000017,0.0,0.0,0.0
140.46459709708026,18.47101190373839,22.90000000000017,0.0,0.0,0.0
