galstreams/tracks/track.st.NGC1261.ibata2021.ecsv
# %ECSV 1.0
# ---
# datatype:
# - {name: ra, unit: deg, datatype: float64}
# - {name: dec, unit: deg, datatype: float64}
# - {name: distance, unit: kpc, datatype: float64}
# - {name: pm_ra_cosdec, unit: mas / yr, datatype: float64}
# - {name: pm_dec, unit: mas / yr, datatype: float64}
# - {name: radial_velocity, unit: km / s, datatype: float64}
# delimiter: ','
# meta: !!omap
# - __serialized_columns__:
#     dec:
#       __class__: astropy.coordinates.angles.Latitude
#       unit: &id001 !astropy.units.Unit {unit: deg}
#       value: !astropy.table.SerializedColumn {name: dec}
#     distance:
#       __class__: astropy.coordinates.distances.Distance
#       unit: !astropy.units.Unit {unit: kpc}
#       value: !astropy.table.SerializedColumn {name: distance}
#     pm_dec:
#       __class__: astropy.units.quantity.Quantity
#       unit: !astropy.units.Unit {unit: mas / yr}
#       value: !astropy.table.SerializedColumn {name: pm_dec}
#     pm_ra_cosdec:
#       __class__: astropy.units.quantity.Quantity
#       unit: !astropy.units.Unit {unit: mas / yr}
#       value: !astropy.table.SerializedColumn {name: pm_ra_cosdec}
#     ra:
#       __class__: astropy.coordinates.angles.Longitude
#       unit: *id001
#       value: !astropy.table.SerializedColumn {name: ra}
#       wrap_angle: !astropy.coordinates.Angle
#         unit: *id001
#         value: 360.0
#     radial_velocity:
#       __class__: astropy.units.quantity.Quantity
#       unit: !astropy.units.Unit {unit: km / s}
#       value: !astropy.table.SerializedColumn {name: radial_velocity}
# schema: astropy-2.0
ra,dec,distance,pm_ra_cosdec,pm_dec,radial_velocity
[from data line 558]
46.56498857099312,-57.59433885886655,19.029249028713796,1.6444561805680304,-2.284314759006363,-3.368306851948935e-14
46.57209402843349,-57.58514327805929,19.0326402745764,1.6446532078982028,-2.2837546720744046,-3.368306851948935e-14
46.57919719790006,-57.57594755972804,19.03602854857984,1.6448503158060948,-2.2831949009986356,-5.0524602779234026e-14
46.58629809579019,-57.56675170686193,19.039413857656903,1.6450475048303663,-2.282635444430681,-1.6841534259744676e-14
46.59339673848698,-57.557555722446466,19.04279620874037,1.645244775507972,-2.2820763010225633,-6.73661370389787e-14
46.60049314235904,-57.54835960946398,19.046175608763022,1.645442128374157,-2.281517469426709,-6.73661370389787e-14
46.607587323760626,-57.53916337089333,19.04955206465764,1.645639563962464,-2.2809589482959427,-3.368306851948935e-14
46.61467929903162,-57.52996700971006,19.052925583357013,1.6458370828047364,-2.2804007362834895,-5.0524602779234026e-14
46.62176908449754,-57.52077052888636,19.056296171793914,1.6460346854311168,-2.2798428320429753,-6.73661370389787e-14
46.62885669646959,-57.511573931391005,19.05966383690113,1.6462323723700558,-2.279285234228423,-6.73661370389787e-14
46.63594215124462,-57.50237722018961,19.06302858561146,1.6464301441483065,-2.2787279414942563,-3.368306851948935e-14
46.64302546510521,-57.49318039824423,19.06639042485765,1.646628001290938,-2.278170952495299,-1.6841534259744676e-14
46.650106654319664,-57.48398346851364,19.06974936157251,1.6468259443213278,-2.2776142658867697,-5.0524602779234026e-14
46.657185735142015,-57.47478643395336,19.073105402688817,1.6470239737611705,-2.2770578803242874,-3.368306851948935e-14
46.66426272381206,-57.46558929751546,19.076458555139354,1.6472220901304775,-2.276501794463867,-6.73661370389787e-14
46.67133763655538,-57.45639206214872,19.079808825856894,1.647420293947587,-2.275946006961922,-5.0524602779234026e-14
46.67841048958325,-57.44719473079869,19.083156221774228,1.6476185857291503,-2.275390516475265,1.6841534259744676e-14
46.685481299092864,-57.437997306407446,19.08650074982414,1.6478169659901527,-2.2748353216611013,-3.368306851948935e-14
46.69255008126721,-57.428799791913804,19.089842416939405,1.648015435243907,-2.2742804211770355,0.0
46.699616852275106,-57.419602190253244,19.09318123005281,1.6482139940020564,-2.2737258136810667,-5.0524602779234026e-14
46.70668162827123,-57.41040450435797,19.09651719609714,1.6484126427745764,-2.2731714978315893,-3.368306851948935e-14
46.713744425396136,-57.40120673715683,19.099850322005167,1.6486113820697839,-2.2726174722873953,-1.6841534259744676e-14
46.720805259776334,-57.39200889157532,19.103180614709686,1.6488102123943316,-2.2720637357076687,-5.0524602779234026e-14
46.72786414752411,-57.382810970535814,19.10650808114347,1.6490091342532136,-2.2715102867519907,-3.368306851948935e-14
46.734921104737786,-57.373612976957155,19.109832728239308,1.649208148149771,-2.2709571240803363,-6.73661370389787e-14
46.741976147501624,-57.36441491375502,19.11315456292998,1.6494072545856906,-2.270404246353073,-6.73661370389787e-14
46.74902929188581,-57.35521678384174,19.116473592148267,1.6496064540610091,-2.2698516522309635,-1.6841534259744676e-14
46.75608055394659,-57.34601859012635,19.11978982282695,1.649805747074116,-2.2692993403751633,-1.6841534259744676e-14
46.763129949726135,-57.33682033551455,19.123103261898823,1.6500051341217563,-2.2687473094472184,-1.6841534259744676e-14
46.770177495252625,-57.32762202290892,19.12641391629665,1.650204615699029,-2.268195558109073,-1.6841534259744676e-14
46.77722320654034,-57.31842365520856,19.12972179295322,1.6504041922993984,-2.2676440850230595,-1.6841534259744676e-14
46.78426709958958,-57.309225235309384,19.133026898801333,1.6506038644146859,-2.2670928888519013,0.0
46.7913091903867,-57.30002676610398,19.136329240773737,1.6508036325350826,-2.2665419682587173,0.0
46.798349494904194,-57.2908282504817,19.139628825803243,1.6510034971491434,-2.2659913219070122,-6.73661370389787e-14
46.80538802910061,-57.2816296913286,19.142925660822623,1.6512034587437965,-2.2654409484606863,-1.6841534259744676e-14
46.81242480892068,-57.272431091527366,19.146219752764658,1.6514035178043416,-2.2648908465840285,-5.0524602779234026e-14
46.81945985029519,-57.26323245395768,19.149511108562137,1.6516036748144522,-2.2643410149417162,-1.6841534259744676e-14
46.82649316914113,-57.2540337814957,19.152799735147834,1.6518039302561809,-2.263791452198821,-1.6841534259744676e-14
46.83352478136171,-57.24483507701441,19.156085639454542,1.6520042846099607,-2.263242157020798,0.0
46.84055470284625,-57.235636343383526,19.159368828415033,1.6522047383546061,-2.262693128073496,-3.368306851948935e-14
46.847582949470365,-57.226437583469526,19.162649308962088,1.6524052919673178,-2.26214436402315,-3.368306851948935e-14
46.854609537095904,-57.21723880013554,19.165927088028507,1.6526059459236853,-2.2615958635363826,-1.6841534259744676e-14
46.861634481570825,-57.20803999624163,19.16920217254705,1.6528067006976834,-2.2610476252802085,-3.368306851948935e-14
46.86865779872948,-57.19884117464445,19.17247456945051,1.6530075567616849,-2.260499647922025,-3.368306851948935e-14
46.87567950439249,-57.189642338197444,19.17574428567167,1.6532085145864541,-2.25995193012962,-3.368306851948935e-14
46.882699614366736,-57.180443489750814,19.17901132814331,1.6534095746411546,-2.259404470571166,-3.368306851948935e-14
46.889718144445446,-57.17124463215152,19.18227570379821,1.6536107373933497,-2.2588572679152232,-3.368306851948935e-14
46.89673511040822,-57.16204576824324,19.18553741956917,1.6538120033090034,-2.2583103208307342,-1.6841534259744676e-14
46.90375052802087,-57.152846900866535,19.188796482388945,1.6540133728524857,-2.2577636279870354,-6.73661370389787e-14
46.91076441303573,-57.143648032858636,19.192052899190333,1.6542148464865742,-2.2572171880538425,-6.73661370389787e-14
46.917776781191456,-57.13444916705353,19.195306676906114,1.6544164246724542,-2.2566709997012544,-3.368306851948935e-14
46.924787648213105,-57.12525030628201,19.198557822469077,1.654618107869724,-2.25612506159976,-3.368306851948935e-14
46.931797029812195,-57.11605145337162,19.201806342811988,1.6548198965363985,-2.2555793724202293,-3.368306851948935e-14
46.938804941686634,-57.10685261114669,19.205052244867645,1.6550217911289047,-2.255033930833916,-8.420767129872338e-14
46.94581139952086,-57.09765378242829,19.208295535568826,1.6552237921020927,-2.254488735512456,-3.368306851948935e-14
46.95281641898568,-57.088454970034384,19.211536221848302,1.6554258999092308,-2.253943785127875,-5.0524602779234026e-14
46.959820015738465,-57.079256176779595,19.21477431063888,1.6556281150020125,-2.2533990783525724,-1.6841534259744676e-14
46.966822205423114,-57.07005740547537,19.21800980887332,1.6558304378305586,-2.2528546138593346,-1.6841534259744676e-14
46.97382300367,-57.060858658929945,19.221242723484412,1.6560328688434176,-2.25231039032133,-5.0524602779234026e-14
46.980822426096076,-57.05165993994835,19.224473061404936,1.6562354084875683,-2.251766406412106,-1.6841534259744676e-14
46.987820488304905,-57.04246125133232,19.22770082956768,1.6564380572084236,-2.2512226608055945,-3.368306851948935e-14
46.99481720588648,-57.0332625958806,19.230926034905423,1.6566408154498307,-2.250679152176107,-5.0524602779234026e-14
47.00181259441753,-57.024063976388526,19.234148684350945,1.6568436836540745,-2.2501358791983335,-3.368306851948935e-14
47.00880666946138,-57.01486539564829,19.23736878483703,1.6570466622618818,-2.2495928405473453,-1.6841534259744676e-14
47.01579944656794,-57.00566685644892,19.240586343296467,1.65724975171242,-2.2490500348985942,-3.368306851948935e-14
47.02279094127381,-56.99646836157619,19.24380136666203,1.6574529524433028,-2.24850746092791,-1.6841534259744676e-14
47.02978116910226,-56.9872699138127,19.247013861866503,1.6576562648905895,-2.2479651173115007,-3.368306851948935e-14
47.036770145563246,-56.978071515937835,19.25022383584267,1.6578596894887914,-2.247423002725954,-3.368306851948935e-14
47.04375788615336,-56.96887317072792,19.253431295523313,1.658063226670865,-2.246881115848237,0.0
47.05074440635599,-56.9596748809559,19.256636247841215,1.6582668768682283,-2.2463394553556917,-8.420767129872338e-14
47.057729721641266,-56.95047664939167,19.259838699729155,1.6584706405107514,-2.245798019926038,-6.73661370389787e-14
47.06471384746604,-56.94127847880186,19.26303865811992,1.6586745180267608,-2.2452568082373725,-1.6841534259744676e-14
47.07169679927395,-56.93208037194995,19.26623612994629,1.65887850984305,-2.24471581896817,-5.0524602779234026e-14
47.07867859249545,-56.92288233159619,19.269431122141047,1.6590826163848695,-2.2441750507972786,-3.368306851948935e-14
47.08565924254771,-56.913684360497804,19.272623641636976,1.6592868380759342,-2.2436345024039266,-3.368306851948935e-14
47.09263876483485,-56.904486461408666,19.27581369536685,1.6594911753384334,-2.2430941724677127,-5.0524602779234026e-14
47.09961717474775,-56.89528863707957,19.279001290263466,1.6596956285930176,-2.2425540596686115,-5.0524602779234026e-14
47.106594487664175,-56.88609089025808,19.282186433259593,1.6599001982588142,-2.2420141626869747,-3.368306851948935e-14
47.1135707189488,-56.87689322368865,19.285369131288032,1.6601048847534223,-2.2414744802035247,-1.6841534259744676e-14
47.12054588395315,-56.86769564011251,19.288549391281546,1.6603096884929192,-2.2409350108993613,-3.368306851948935e-14
47.12751999801571,-56.8584981422677,19.29172722017292,1.6605146098918582,-2.240395753455954,-1.6841534259744676e-14
47.13449307646181,-56.84930073288924,19.294902624894945,1.6607196493632732,-2.2398567065551482,-5.0524602779234026e-14
47.14146513460381,-56.84010341470888,19.2980756123804,1.6609248073186813,-2.239317868879158,-3.368306851948935e-14
47.14843618774102,-56.83090619045517,19.30124618956206,1.6611300841680863,-2.238779239110575,-3.368306851948935e-14
47.15540625115971,-56.82170906285357,19.304414363372718,1.661335480319974,-2.238240815932357,-1.6841534259744676e-14
47.16237534013318,-56.81251203462638,19.307580140745152,1.6615409961813254,-2.237702598027837,-1.6841534259744676e-14
47.169343469921756,-56.80331510849265,19.310743528612146,1.6617466321576093,-2.2371645840807153,0.0
47.17631065577273,-56.79411828716846,19.31390453390648,1.6619523886527865,-2.236626772775068,-3.368306851948935e-14
47.183276912920505,-56.784921573366596,19.317063163560938,1.6621582660693166,-2.2360891627953356,-5.0524602779234026e-14
47.19024225658655,-56.775724969796734,19.320219424508295,1.6623642648081558,-2.2355517528263325,-5.0524602779234026e-14
47.197206701979425,-56.76652847916537,19.32337332368135,1.6625703852687583,-2.235014541553238,-6.73661370389787e-14
47.20417026429478,-56.75733210417593,19.32652486801287,1.662776627849082,-2.2344775276616056,0.0
47.21113295871542,-56.74813584752855,19.329674064435647,1.6629829929455906,-2.2339407098373516,-1.6841534259744676e-14
47.218094800411194,-56.73893971192045,19.332820919882455,1.663189480953248,-2.233404086766767,-1.6841534259744676e-14
47.22505580453924,-56.72974370004552,19.33596544128608,1.6633960922655329,-2.232867657136503,-3.368306851948935e-14
47.232015986243766,-56.72054781459457,19.339107635579307,1.6636028272744277,-2.2323314196335846,-3.368306851948935e-14
47.23897536065624,-56.71135205825529,19.342247509694918,1.663809686370434,-2.2317953729454,-1.6841534259744676e-14
47.24593394289533,-56.70215643371218,19.345385070565687,1.6640166699425627,-2.231259515759704,-5.0524602779234026e-14
47.25289174806687,-56.69296094364668,19.348520325124408,1.6642237783783438,-2.2307238467646187,-1.6841534259744676e-14
47.259848791264055,-56.683765590736996,19.35165328030386,1.664431012063823,-2.2301883646486282,-1.6841534259744676e-14
47.26680508756719,-56.67457037765837,19.354783943036825,1.6646383713835704,-2.2296530681005895,-1.6841534259744676e-14
47.273760652043975,-56.66537530708274,19.35791232025608,1.6648458567206752,-2.2291179558097163,-5.0524602779234026e-14
47.28071549974937,-56.656180381679015,19.361038418894413,1.6650534684567533,-2.228583026465591,-3.368306851948935e-14
47.28766964572565,-56.64698560411294,19.36416224588461,1.6652612069719461,-2.228048278758159,-1.6841534259744676e-14
47.29462310500241,-56.63779097704713,19.36728380815944,1.6654690726449248,-2.2275137113777292,-1.6841534259744676e-14
47.301575892596645,-56.628596503141054,19.370403112651697,1.6656770658528905,-2.2269793230149717,-5.0524602779234026e-14
47.30852802351261,-56.61940218505121,19.373520166294156,1.6658851869715774,-2.226445112360924,-1.6841534259744676e-14
47.31547951274202,-56.610208025430794,19.376634976019613,1.6660934363752526,-2.2259110781069817,0.0
47.322430375264005,-56.60101402692994,19.379747548760832,1.6663018144367232,-2.225377218944905,-3.368306851948935e-14
47.32938062604508,-56.5918201921957,19.38285789145061,1.6665103215273316,-2.224843533566812,-1.6841534259744676e-14
47.33633028003917,-56.582626523871966,19.38596601102172,1.6667189580169641,-2.2243100206651865,0.0
47.3432793521877,-56.57343302459955,19.389071914406948,1.6669277242740463,-2.223776678932869,0.0
47.35022785741959,-56.56423969701607,19.392175608539077,1.6671366206655518,-2.223243507063061,0.0
47.35717581065112,-56.555046543756205,19.39527710035089,1.6673456475569974,-2.2227105037493278,0.0
47.36412322678618,-56.54585356745138,19.398376396775166,1.6675548053124498,-2.2221776676855893,0.0
47.37107012071616,-56.536660770729924,19.40147350474469,1.6677640942945267,-2.221644997566126,-3.368306851948935e-14
47.378016507320005,-56.52746815621709,19.40456843119225,1.6679735148643975,-2.2211124920855765,-5.0524602779234026e-14
47.38496240146417,-56.51827572653504,19.407661183050614,1.6681830673817875,-2.2205801499389404,-1.6841534259744676e-14
47.39190781800277,-56.509083484302714,19.41075176725258,1.6683927522049764,-2.220047969821569,0.0
47.398852771777335,-56.49989143213616,19.413840190730916,1.6686025696908013,-2.2195159504291793,-3.368306851948935e-14
47.40579727761718,-56.49069957264816,19.416926460418413,1.6688125201946606,-2.2189840904578375,-6.73661370389787e-14
47.41274135033918,-56.48150790844845,19.420010583247848,1.6690226040705167,-2.218452388603971,-3.368306851948935e-14
47.419685004747826,-56.47231644214364,19.423092566152018,1.6692328216708914,-2.21792084356436,-1.6841534259744676e-14
47.42662825563531,-56.46312517633724,19.42617241606369,1.6694431733468762,-2.217389454036145,-3.368306851948935e-14
47.43357111778148,-56.453934113629714,19.42925013991564,1.6696536594481295,-2.2168582187168173,0.0
47.44051360595391,-56.44474325661833,19.432325744640675,1.6698642803228771,-2.216327136304222,-1.6841534259744676e-14
47.44745573490778,-56.43555260789742,19.43539923717156,1.6700750363179175,-2.2157962054965656,0.0
47.45439751938609,-56.426362170058084,19.43847062444108,1.6702859277786235,-2.215265424992402,0.0
47.46133897411959,-56.41717194568837,19.441539913382016,1.6704969550489415,-2.2147347934906416,-3.368306851948935e-14
47.46828011382676,-56.40798193737323,19.444607110927155,1.6707081184713963,-2.2142043096905466,-6.73661370389787e-14
47.47522095321384,-56.39879214769456,19.44767222400928,1.670919418387089,-2.213673972291733,-5.0524602779234026e-14
47.48216150697496,-56.38960257923105,19.45073525956117,1.6711308551357058,-2.2131437799941667,-3.368306851948935e-14
47.489101789791896,-56.38041323455853,19.453796224515603,1.6713424290555108,-2.2126137314981715,-1.6841534259744676e-14
47.49604181633439,-56.37122411624953,19.45685512580537,1.6715541404833538,-2.2120838255044157,-1.6841534259744676e-14
47.50298160125999,-56.36203522687356,19.45991197036325,1.6717659897546724,-2.211554060713923,-3.368306851948935e-14
47.509921159214116,-56.352846568997066,19.462966765122022,1.6719779772034908,-2.211024435828066,-3.368306851948935e-14
47.51686050483006,-56.3436581451834,19.466019517014473,1.6721901031624236,-2.2104949495485684,-3.368306851948935e-14
