galstreams/tracks/track.st.Gaia-9.ibata2021.ecsv
# %ECSV 0.9
# ---
# datatype:
# - {name: ra, unit: deg, datatype: float64}
# - {name: dec, unit: deg, datatype: float64}
# - {name: distance, unit: kpc, datatype: float64}
# - {name: pm_ra_cosdec, unit: mas / yr, datatype: float64}
# - {name: pm_dec, unit: mas / yr, datatype: float64}
# - {name: radial_velocity, unit: km / s, datatype: float64}
# delimiter: ','
# meta: !!omap
# - __serialized_columns__:
#     dec:
#       __class__: astropy.coordinates.angles.Latitude
#       unit: &id001 !astropy.units.Unit {unit: deg}
#       value: !astropy.table.SerializedColumn {name: dec}
#     distance:
#       __class__: astropy.coordinates.distances.Distance
#       unit: !astropy.units.Unit {unit: kpc}
#       value: !astropy.table.SerializedColumn {name: distance}
#     pm_dec:
#       __class__: astropy.units.quantity.Quantity
#       unit: !astropy.units.Unit {unit: mas / yr}
#       value: !astropy.table.SerializedColumn {name: pm_dec}
#     pm_ra_cosdec:
#       __class__: astropy.units.quantity.Quantity
#       unit: !astropy.units.Unit {unit: mas / yr}
#       value: !astropy.table.SerializedColumn {name: pm_ra_cosdec}
#     ra:
#       __class__: astropy.coordinates.angles.Longitude
#       unit: *id001
#       value: !astropy.table.SerializedColumn {name: ra}
#       wrap_angle: !astropy.coordinates.Angle
#         unit: *id001
#         value: 360.0
#     radial_velocity:
#       __class__: astropy.units.quantity.Quantity
#       unit: !astropy.units.Unit {unit: km / s}
#       value: !astropy.table.SerializedColumn {name: radial_velocity}
# schema: astropy-2.0
ra,dec,distance,pm_ra_cosdec,pm_dec,radial_velocity
[from data line 1395]
239.46678906045497,59.13187326978917,4.323633278654653,-10.800811394319926,7.102216397616283,3.368306851948935e-14
239.4757573510314,59.12282105400396,4.324312957434435,-10.797045886063115,7.100458610217313,5.0524602779234026e-14
239.48471844585123,59.1137675485924,4.324993708290272,-10.793283008953843,7.09869904725361,-1.6841534259744676e-14
239.49367234469852,59.10471275310377,4.325675532637886,-10.789522765846408,7.096937711829083,-5.0524602779234026e-14
239.5026190473576,59.0956566670876,4.3263584318929995,-10.785765159593584,7.0951746070479835,2.5262301389617013e-14
239.51155855361296,59.08659929009364,4.327042407471339,-10.782010193046588,7.093409736014897,-8.420767129872338e-15
239.52049086324908,59.07754062167185,4.327727460788622,-10.778257869055139,7.091643101834727,-8.420767129872338e-14
239.52941597605042,59.06848066137241,4.3284135932605725,-10.77450819046744,7.089874707612667,-9.262843842859572e-14
239.53833389180173,59.05941940874571,4.329100806302913,-10.77076116013015,7.0881045564542555,-9.262843842859572e-14
239.54724461028778,59.05035686334238,4.3297891013313645,-10.767016780888431,7.086332651465337,-7.578690416885104e-14
239.55614813129338,59.04129302471322,4.330478479761651,-10.763275055585922,7.084558995752036,-8.420767129872338e-15
239.56504445460357,59.03222789240926,4.3311689430094935,-10.759535987064748,7.0827835924208085,8.420767129872338e-15
239.5739335800033,59.023161465981765,4.331860492490615,-10.755799578165526,7.081006444578398,4.210383564936169e-14
239.58281550727784,59.01409374498215,4.332553129620737,-10.752065831727364,7.0792275553318325,-5.0524602779234026e-14
239.5916902362123,59.005024728962105,4.333246855815582,-10.748334750587876,7.077446927788433,2.5262301389617013e-14
239.6005577665921,58.99595441747345,4.333941672490873,-10.744606337583152,7.075664565055811,1.6841534259744676e-14
239.60941809820264,58.986882810068266,4.334637581062331,-10.740880595547802,7.073880470241857,0.0
239.61827123082952,58.977809906298795,4.33533458294568,-10.737157527314933,7.0720946464547385,-1.6841534259744676e-14
239.62711716425832,58.96873570571752,4.336032679556641,-10.733437135716148,7.0703070968029005,0.0
239.63595589827486,58.9596602078771,4.336731872310935,-10.729719423581566,7.06851782439506,-2.5262301389617013e-14
239.6447874326649,58.95058341233037,4.337432162624287,-10.726004393739812,7.066726832340184,1.6841534259744676e-14
239.65361176721453,58.94150531863037,4.338133551912417,-10.72229204901802,7.064934123747525,-2.5262301389617013e-14
239.6624289017097,58.93242592633036,4.338836041591049,-10.71858239224185,7.0631397017265725,8.420767129872338e-15
239.67123883593655,58.92334523498376,4.339539633075903,-10.714875426235466,7.061343569387086,5.894536990910637e-14
239.6800415696815,58.91426324414421,4.340244327782704,-10.711171153821551,7.059545729839078,-8.420767129872338e-15
239.68883710273084,58.9051799533655,4.340950127127174,-10.707469577821316,7.057746186192789,-5.894536990910637e-14
239.69762543487107,58.896095362201635,4.341657032525032,-10.703770701054511,7.055944941558723,-7.578690416885104e-14
239.70640656588876,58.8870094702068,4.342365045392004,-10.700074526339383,7.054141999047596,3.368306851948935e-14
239.7151804955707,58.87792227693533,4.3430741671438104,-10.69638105649272,7.052337361770392,1.6841534259744676e-14
239.72394722370368,58.8688337819418,4.343784399196173,-10.692690294329847,7.050531032838313,3.368306851948935e-14
239.73270675007464,58.85974398478093,4.344495742964817,-10.68900224266462,7.048723015362778,1.6841534259744676e-14
239.7414590744706,58.85065288500762,4.34520819986546,-10.685316904309433,7.0469133124554375,6.73661370389787e-14
239.75020419667888,58.84156048217695,4.345921771313827,-10.681634282075208,7.0451019272281865,-5.0524602779234026e-14
239.75894211648657,58.832466775844175,4.346636458725641,-10.677954378771428,7.043288862793075,-5.894536990910637e-14
239.7676728336811,58.82337176556473,4.3473522635166235,-10.674277197206106,7.041474122262419,1.6841534259744676e-14
239.77639634805,58.8142754508942,4.348069187102495,-10.670602740185807,7.0396577087487255,1.6841534259744676e-14
239.78511265938104,58.805177831388384,4.34878723089898,-10.666931010515635,7.037839625364712,-2.5262301389617013e-14
239.79382176746185,58.79607890660321,4.349506396321799,-10.663262010999254,7.036019875223283,-9.262843842859572e-14
239.80252367208027,58.78697867609479,4.350226684786677,-10.659595744438885,7.034198461437542,-5.894536990910637e-14
239.81121837302433,58.77787713941938,4.350948097709332,-10.655932213635307,7.032375387120793,4.210383564936169e-14
239.8199058700822,58.76877429613344,4.351670636505491,-10.652271421387834,7.030550655386537,-2.5262301389617013e-14
239.82858616304205,58.759670145793564,4.3523943025908745,-10.648613370494374,7.028724269348438,-1.6841534259744676e-14
239.83725925169227,58.75056468795651,4.353119097381203,-10.644958063751373,7.026896232120356,-1.6841534259744676e-14
239.84592513582132,58.74145792217921,4.3538450222922,-10.641305503953863,7.025066546816321,8.420767129872338e-15
239.8545838152178,58.73234984801872,4.354572078739588,-10.637655693895432,7.0232352165505425,4.210383564936169e-14
239.8632352896705,58.7232404650323,4.355300268139089,-10.63400863636824,7.0214022444374,5.894536990910637e-14
239.87187955896826,58.714129772777326,4.356029591906426,-10.630364334163026,7.019567633591441,2.5262301389617013e-14
239.88051662290002,58.70501777081134,4.356760051457319,-10.626722790069106,7.017731387127363,-2.5262301389617013e-14
239.88914648125495,58.69590445869205,4.357491648207493,-10.623084006874365,7.01589350816003,-8.420767129872338e-15
239.8977691338222,58.68678983597727,4.358224383572669,-10.619447987365282,7.014053999804457,1.6841534259744676e-14
239.90638458039126,58.67767390222502,4.358958258968569,-10.615814734326907,7.0122128651758215,-8.420767129872338e-15
239.9149928207516,58.668556656993445,4.359693275810915,-10.612184250542892,7.010370107389435,5.894536990910637e-14
239.92359385469277,58.659438099840784,4.36042943551543,-10.608556538795462,7.008525729560755,2.5262301389617013e-14
239.93218768200467,58.65031823032552,4.361166739497837,-10.604931601865431,7.006679734805378,0.0
239.9407743024771,58.64119704800619,4.361905189173856,-10.601309442532234,7.004832126239042,-8.420767129872338e-15
239.94935371590012,58.63207455244148,4.362644785959212,-10.597690063573872,7.002982906977605,-3.368306851948935e-14
239.95792592206388,58.6229507431903,4.363385531269625,-10.594073467766963,7.001132080137063,2.5262301389617013e-14
239.96649092075867,58.613825619811585,4.364127426520818,-10.590459657886715,6.999279648833532,4.210383564936169e-14
239.975048711775,58.60469918186448,4.364870473128513,-10.586848636706938,6.99742561618325,0.0
239.9835992949034,58.595571428908215,4.365614672508433,-10.583240407000066,6.995569985302572,-9.262843842859572e-14
239.99214266993448,58.586442360502204,4.366360026076299,-10.57963497153714,6.993712759307947,6.73661370389787e-14
240.0006788366593,58.577311976205955,4.367106535247837,-10.576032333087777,6.9918539413159735,-8.420767129872338e-15
240.00920779486867,58.56818027557911,4.367854201438764,-10.572432494420251,6.989993534443324,-9.262843842859572e-14
240.01772954435376,58.559047258181444,4.368603026064803,-10.568835458301447,6.988131541806767,-5.0524602779234026e-14
240.02624408490584,58.549912923572855,4.369353010541681,-10.565241227496834,6.98626796652319,-4.210383564936169e-14
240.03475141631634,58.54077727131339,4.370104156285115,-10.561649804770541,6.98440281170957,-5.894536990910637e-14
240.04325153837675,58.53164030096316,4.370856464710831,-10.558061192885303,6.98253608048295,-3.368306851948935e-14
240.05174445087886,58.52250201208248,4.371609937234548,-10.554475394602488,6.9806677759605,-7.578690416885104e-14
240.06023015361436,58.51336240423168,4.372364575271991,-10.550892412682092,6.9787979012594334,-2.5262301389617013e-14
240.06870864637537,58.504221476971324,4.3731203802388805,-10.547312249882728,6.976926459497071,-8.420767129872338e-14
240.0771799289539,58.495079229861986,4.37387735355094,-10.543734908961676,6.975053453790787,-5.0524602779234026e-14
240.0856440011423,58.48593566246445,4.37463549662389,-10.54016039267482,6.973178887258042,-5.0524602779234026e-14
240.09410086273294,58.47679077433953,4.375394810873455,-10.536588703776701,6.971302763016354,-8.420767129872338e-14
240.10255051351834,58.46764456504821,4.376155297715355,-10.533019845020501,6.969425084183304,-8.420767129872338e-15
240.1109929532913,58.45849703415158,4.376916958565315,-10.529453819158036,6.967545853876553,-2.5262301389617013e-14
240.11942818184457,58.44934818121077,4.377679794839055,-10.525890628939784,6.9656650752137805,2.5262301389617013e-14
240.12785619897127,58.44019800578712,4.378443807952297,-10.522330277114854,6.963782751312757,-3.368306851948935e-14
240.1362770044644,58.43104650744201,4.379208999320766,-10.51877276643103,6.961898885291272,6.73661370389787e-14
240.14469059811745,58.421893685736926,4.37997537036018,-10.515218099634733,6.9600134802671905,-1.6841534259744676e-14
240.15309697972373,58.41273954023348,4.380742922486265,-10.511666279471047,6.958126539358383,-1.6841534259744676e-14
240.16149614907687,58.40358407049336,4.381511657114741,-10.508117308683715,6.956238065682774,-7.578690416885104e-14
240.16988810597059,58.394427276078396,4.382281575661334,-10.504571190015152,6.954348062358318,3.368306851948935e-14
240.17827285019885,58.38526915655045,4.383052679541759,-10.501027926206424,6.952456532503023,0.0
240.18665038155572,58.376109711471564,4.383824970171745,-10.49748751999726,6.950563479234879,3.368306851948935e-14
240.19502069983542,58.36694894040377,4.3845984489670125,-10.493949974126082,6.948668905671946,0.0
240.20338380483227,58.3577868429093,4.385373117343283,-10.490415291329969,6.94677281493226,2.5262301389617013e-14
240.21173969634083,58.34862341855041,4.386148976716278,-10.486883474344678,6.944875210133896,7.578690416885104e-14
240.22008837415578,58.33945866688945,4.386926028501722,-10.483354525904637,6.94297609439494,8.420767129872338e-15
240.22842983807192,58.33029258748888,4.387704274115334,-10.479828448742971,6.941075470833471,4.210383564936169e-14
240.23676408788432,58.321125179911235,4.388483714972839,-10.476305245591472,6.939173342567593,-8.420767129872338e-15
240.24509112338805,58.311956443719154,4.38926435248996,-10.472784919180626,6.937269712715381,0.0
240.2534109443784,58.30278637847532,4.390046188082416,-10.469267472239608,6.935364584394931,4.210383564936169e-14
240.26172355065094,58.293614983742536,4.390829223165931,-10.465752907496277,6.933457960724328,8.420767129872338e-15
240.2700289420013,58.28444225908367,4.391613459156228,-10.462241227677186,6.931549844821644,-9.262843842859572e-14
240.27832711822506,58.27526820406167,4.392398897469027,-10.458732435507606,6.929640239804909,8.420767129872338e-14
240.28661807911843,58.26609281823954,4.393185539520053,-10.455226533711464,6.927729148792185,4.210383564936169e-14
240.29490182447742,58.25691610118041,4.393973386725027,-10.451723525011428,6.92581657490148,6.73661370389787e-14
240.3031783540983,58.24773805244744,4.394762440499671,-10.44822341212884,6.923902521250775,-1.6841534259744676e-14
240.31144766777746,58.23855867160387,4.395552702259707,-10.444726197783776,6.921986990958031,-2.5262301389617013e-14
240.31970976531153,58.229377958213036,4.396344173420859,-10.441231884694997,6.92006998714116,4.210383564936169e-14
240.32796464649732,58.22019591183831,4.397136855398847,-10.437740475579993,6.918151512918067,6.73661370389787e-14
240.33621231113173,58.211012532043135,4.397930749609394,-10.434251973154952,6.9162315714065965,-5.0524602779234026e-14
240.3444527590118,58.201827818391074,4.398725857468223,-10.430766380134799,6.91431016572454,8.420767129872338e-15
240.35268598993483,58.19264177044566,4.399522180391056,-10.427283699233158,6.912387298989651,0.0
240.36091200369825,58.18345438777058,4.400319719793615,-10.423803933162388,6.910462974319642,-1.6841534259744676e-14
240.36913080009964,58.17426566992953,4.4011184770916225,-10.420327084633561,6.9085371948321495,-3.368306851948935e-14
240.3773423789367,58.16507561648628,4.401918453700799,-10.416853156356503,6.906609963644759,2.5262301389617013e-14
240.3855467400075,58.155884227004655,4.402719651036869,-10.413382151039725,6.904681283875009,-8.420767129872338e-15
240.39374388310998,58.146691501048544,4.403522070515555,-10.40991407139051,6.902751158640337,8.420767129872338e-15
240.40193380804251,58.137497438181896,4.404325713552577,-10.406448920114856,6.900819591058148,8.420767129872338e-15
240.4101165146035,58.12830203796869,4.405130581563659,-10.402986699917507,6.898886584245747,-5.0524602779234026e-14
240.41829200259144,58.119105299972965,4.405936675964523,-10.39952741350195,6.896952141320366,-6.73661370389787e-14
240.4264602718052,58.10990722375884,4.4067439981708905,-10.396071063570403,6.895016265399165,-8.420767129872338e-14
240.4346213220437,58.100707808890455,4.407552549598485,-10.39261765282384,6.893078959599203,3.368306851948935e-14
240.4427751531061,58.091507054932016,4.408362331663028,-10.38916718396197,6.891140227037478,5.0524602779234026e-14
240.4509217647917,58.082304961447726,4.40917334578024,-10.385719659683268,6.8892000708308805,-1.6841534259744676e-14
240.45906115689985,58.0731015280019,4.409985593365847,-10.382275082684961,6.887258494096181,2.5262301389617013e-14
240.46719332923027,58.06389675415884,4.410799075835569,-10.378833455663013,6.8853154999500905,-1.6841534259744676e-14
240.47531828158276,58.05469063948292,4.4116137946051275,-10.375394781312174,6.883371091509198,-8.420767129872338e-14
240.48343601375726,58.045483183538565,4.412429751090247,-10.371959062325942,6.88142527188998,-5.0524602779234026e-14
240.49154652555396,58.036274385890216,4.413246946706649,-10.368526301396564,6.879478044208817,-6.73661370389787e-14
240.49964981677317,58.027064246102334,4.414065382870053,-10.365096501215088,6.8775294115819685,-1.0104920555846805e-13
240.50774588721535,58.01785276373947,4.414885060996186,-10.361669664471306,6.875579377125554,4.210383564936169e-14
240.5158347366813,58.00863993836612,4.415705982500766,-10.35824579385377,6.873627943955627,-2.5262301389617013e-14
240.52391636497183,57.99942576954693,4.416528148799518,-10.354824892049843,6.871675115188068,1.6841534259744676e-14
240.531990771888,57.99021025684647,4.417351561308163,-10.351406961745635,6.8697208939386485,-8.420767129872338e-14
240.5400579572309,57.98099339982939,4.418176221442425,-10.347992005626054,6.867765283322994,-1.0104920555846805e-13
240.54811792080204,57.97177519806037,4.419002130618023,-10.344580026374784,6.865808286456592,2.5262301389617013e-14
240.556170662403,57.96255565110408,4.419829290250682,-10.34117102667428,6.8638499064548295,-1.6841534259744676e-14
240.5642161818355,57.953334758525266,4.420657701756123,-10.337765009205809,6.8618901464329145,-5.894536990910637e-14
240.5722544789014,57.944112519888655,4.421487366550069,-10.334361976649413,6.859929009505898,-8.420767129872338e-15
240.58028555340294,57.934888934759,4.422318286048241,-10.330961931683927,6.857966498788721,-1.6841534259744676e-14
240.58830940514235,57.92566400270112,4.423150461666363,-10.32756487698699,6.85600261739614,0.0
240.59632603392208,57.916437723279756,4.423983894820155,-10.324170815235036,6.854037368442759,2.5262301389617013e-14
240.60433543954488,57.90721009605977,4.424818586925342,-10.320779749103282,6.8520707550430355,-8.420767129872338e-15
240.6123376218135,57.89798112060598,4.4256545393976445,-10.317391681265782,6.850102780311246,-5.0524602779234026e-14
240.6203325805309,57.88875079648321,4.426491753652785,-10.314006614395382,6.848133447361489,1.6841534259744676e-14
240.62832031550045,57.879519123256344,4.427330231106486,-10.310624551163713,6.846162759307734,-4.210383564936169e-14
240.63630082652543,57.87028610049025,4.428169973174471,-10.307245494241252,6.8441907192637315,-8.420767129872338e-15
