galstreams/tracks/track.st.New-11.ibata2024.ecsv
# %ECSV 1.0
# ---
# datatype:
# - {name: ra, unit: deg, datatype: float64}
# - {name: dec, unit: deg, datatype: float64}
# - {name: distance, unit: kpc, datatype: float64}
# - {name: pm_ra_cosdec, unit: mas / yr, datatype: float64}
# - {name: pm_dec, unit: mas / yr, datatype: float64}
# - {name: radial_velocity, unit: km / s, datatype: float64}
# delimiter: ','
# meta: !!omap
# - __serialized_columns__:
#     dec:
#       __class__: astropy.coordinates.angles.Latitude
#       unit: &id001 !astropy.units.Unit {unit: deg}
#       value: !astropy.table.SerializedColumn {name: dec}
#     distance:
#       __class__: astropy.coordinates.distances.Distance
#       unit: !astropy.units.Unit {unit: kpc}
#       value: !astropy.table.SerializedColumn {name: distance}
#     pm_dec:
#       __class__: astropy.units.quantity.Quantity
#       unit: !astropy.units.Unit {unit: mas / yr}
#       value: !astropy.table.SerializedColumn {name: pm_dec}
#     pm_ra_cosdec:
#       __class__: astropy.units.quantity.Quantity
#       unit: !astropy.units.Unit {unit: mas / yr}
#       value: !astropy.table.SerializedColumn {name: pm_ra_cosdec}
#     ra:
#       __class__: astropy.coordinates.angles.Longitude
#       unit: *id001
#       value: !astropy.table.SerializedColumn {name: ra}
#       wrap_angle: !astropy.coordinates.Angle
#         unit: *id001
#         value: 360.0
#     radial_velocity:
#       __class__: astropy.units.quantity.Quantity
#       unit: !astropy.units.Unit {unit: km / s}
#       value: !astropy.table.SerializedColumn {name: radial_velocity}
# schema: astropy-2.0
ra,dec,distance,pm_ra_cosdec,pm_dec,radial_velocity
[from data line 143]
154.06348603772622,38.7142989454675,0.9999999999999992,-4.391479071620282,-14.632717997231225,1371.8582109660078
154.06022684942118,38.704197713763364,0.9999999999999993,-4.390336967535887,-14.63298586313195,1359.8166917173887
154.05698575123185,38.694094843308946,0.9999999999999993,-4.3891818240348925,-14.633274003453806,1347.8417932976174
154.0537626519164,38.68399034314087,0.9999999999999992,-4.3880137096255964,-14.633582324554624,1335.9333397925518
154.05055746028387,38.673884222277216,0.9999999999999993,-4.386832692875117,-14.633910732811344,1324.091155288047
154.0473700851939,38.6637764897177,0.9999999999999992,-4.385638842408625,-14.634259134619711,1312.3150638699615
154.04420043555683,38.65366715444377,0.9999999999999993,-4.384432226908743,-14.634627436393998,1300.6048896241502
154.04104842033374,38.643556225418806,0.9999999999999992,-4.383212915115649,-14.635015544566556,1288.9604566364724
154.03791394853633,38.63344371158828,0.9999999999999991,-4.38198097582621,-14.635423365587826,1277.3815889927828
154.03479692922687,38.62332962187982,0.9999999999999991,-4.3807364778936915,-14.635850805925614,1265.8681107789398
154.0316972715184,38.613213965203414,0.9999999999999991,-4.379479490227425,-14.636297772065106,1254.4198460807997
154.02861488457447,38.60309675045161,0.9999999999999992,-4.378210081792204,-14.636764170508442,1243.0366189842196
154.0255496776092,38.59297798649953,0.9999999999999992,-4.376928321607963,-14.637249907774418,1231.718253575055
154.02250155988736,38.58285768220511,0.9999999999999991,-4.375634278749573,-14.637754890398227,1220.4645739391642
154.01947044072426,38.57273584640922,0.9999999999999993,-4.374328022346148,-14.638279024931165,1209.2754041624037
154.0164562294857,38.562612487935795,0.999999999999999,-4.373009621580536,-14.638822217940401,1198.150568330631
154.013458835588,38.55248761559196,0.9999999999999992,-4.37167914568947,-14.639384376008394,1187.0898905297015
154.0104781684981,38.5423612381682,0.9999999999999991,-4.370336663962604,-14.639965405732838,1176.0931948454725
154.00751413773324,38.5322333644385,0.9999999999999991,-4.368982245742259,-14.640565213726674,1165.1603053638014
154.00456665286123,38.52210400316045,0.9999999999999991,-4.3676159604232225,-14.641183706617,1154.2910461705453
154.0016356235003,38.51197316307543,0.999999999999999,-4.3662378774521216,-14.64182079104576,1143.48524135156
153.99872095931912,38.50184085290864,0.9999999999999991,-4.364848066327184,-14.6424763736687,1132.742714992703
153.99582257003672,38.491707081369505,0.9999999999999992,-4.363446596597811,-14.643150361155321,1122.0632911798314
153.99294036542256,38.481571857151394,0.9999999999999991,-4.362033537864107,-14.643842660188739,1111.4467939988012
153.99007425529643,38.4714351889321,0.9999999999999991,-4.360608959776741,-14.644553177465369,1100.8930475354698
153.98722414952843,38.46129708537381,0.9999999999999991,-4.359172932036003,-14.645281819694489,1090.4018758756943
153.98438995803903,38.45115755512331,0.9999999999999991,-4.357725524392151,-14.64602849359818,1079.9731031053307
153.98157159079898,38.441016606812056,0.9999999999999992,-4.356266806644584,-14.64679310591086,1069.6065533102374
153.97876895782926,38.430874249056345,0.9999999999999991,-4.35479684864157,-14.647575563379164,1059.3020505762693
153.9759819692012,38.42073049045743,0.999999999999999,-4.353315720279966,-14.64837577276161,1049.0594189892843
153.97321053503623,38.410585339601624,0.999999999999999,-4.351823491504561,-14.649193640828273,1038.8784826351393
153.97045456550606,38.400438805060524,0.9999999999999989,-4.350320232307979,-14.650029074360859,1028.7590655996912
153.96771397083262,38.390290895390976,0.999999999999999,-4.348806012730506,-14.65088198015178,1018.7009919687965
153.96498866128786,38.38014161913536,0.999999999999999,-4.347280902858941,-14.651752265004689,1008.7040858283121
153.96227854719405,38.369990984821634,0.999999999999999,-4.3457449728272906,-14.65263983573361,998.7681712640953
153.9595835389234,38.35983900096343,0.9999999999999989,-4.3441982928155625,-14.653544599162927,988.8930723620017
153.9569035468983,38.349685676060304,0.999999999999999,-4.342640933049864,-14.654466462127175,979.0786132078902
153.95423848159118,38.3395310185977,0.9999999999999988,-4.341072963801807,-14.65540533147076,969.3246178876157
153.9515882535245,38.329375037047164,0.999999999999999,-4.3394944553883334,-14.656361114047485,959.6309104870359
153.9489527732707,38.319217739866474,0.9999999999999991,-4.337905478171194,-14.657333716720714,949.9973150920081
153.94633195145232,38.309059135499716,0.9999999999999991,-4.336306102557003,-14.658323046362824,940.4236557883885
153.9437256987417,38.29889923237742,0.999999999999999,-4.334696398996215,-14.659329009855028,930.9097566620337
153.9411339258612,38.288738038916705,0.9999999999999991,-4.333076437983365,-14.660351514087125,921.4554417988012
153.93855654358316,38.278575563521315,0.9999999999999989,-4.331446290056604,-14.661390465957354,912.060535284548
153.93599346272964,38.26841181458186,0.9999999999999989,-4.329806025797083,-14.662445772371996,902.7248612051301
153.93344459417264,38.258246800475824,0.9999999999999988,-4.328155715828963,-14.663517340245349,893.4482436464049
153.930909848834,38.24808052956768,0.9999999999999989,-4.326495430818916,-14.664605076499242,884.230506694229
153.92838913768534,38.23791301020923,0.9999999999999989,-4.324825241475807,-14.665708888063094,875.0714744344592
153.92588237174812,38.22774425073935,0.9999999999999989,-4.323145218550522,-14.666828681873369,865.9709709529532
153.92338946209333,38.21757425948434,0.9999999999999988,-4.321455432835172,-14.667964364873527,856.9288203355667
153.92091031984194,38.20740304475801,0.999999999999999,-4.319755955163501,-14.669115844013945,847.9448466681573
153.91844485616448,38.19723061486172,0.9999999999999988,-4.31804685640995,-14.670283026251155,839.0188740365813
153.9159929822811,38.187056978084605,0.999999999999999,-4.316328207489519,-14.671465818548427,830.1507265266962
153.91355460946167,38.17688214270356,0.9999999999999989,-4.314600079357632,-14.67266412787481,821.3402282243587
153.9111296490256,38.16670611698343,0.9999999999999991,-4.312862543009608,-14.673877861205241,812.5872032154251
153.90871801234195,38.1565289091771,0.9999999999999989,-4.311115669480415,-14.67510692552041,803.8914755857527
153.90631961082923,38.146350527525584,0.999999999999999,-4.309359529844556,-14.676351227806322,795.2528694211982
153.90393435595547,38.13617098025818,0.9999999999999989,-4.307594195215117,-14.677610675054325,786.6712088076187
153.9015621592383,38.12599027559247,0.999999999999999,-4.305819736744553,-14.678885174260543,778.1463178308709
153.89920293224463,38.115808421734556,0.999999999999999,-4.304036225623214,-14.68017463242603,769.6780205768112
153.89685658659096,38.10562542687909,0.999999999999999,-4.302243733079848,-14.681478956556404,761.2661411312972
153.89452303394302,38.09544129920939,0.9999999999999988,-4.300442330381031,-14.68279805366167,752.9105035801849
153.89220218601605,38.085256046897534,0.999999999999999,-4.298632088830878,-14.684131830755916,744.6109320093321
153.88989395457457,38.0750696781045,0.9999999999999988,-4.296813079770729,-14.685480194857348,736.3672505045953
153.8875982514323,38.064882200980215,0.9999999999999989,-4.294985374578857,-14.686843052987712,728.1792831518309
153.88531498845236,38.054693623663674,0.9999999999999988,-4.2931490446702725,-14.688220312172504,720.0468540368964
153.88304407754705,38.04450395428309,0.999999999999999,-4.291304161496349,-14.689611879440484,711.9697872456487
153.8807854306779,38.03431320095589,0.9999999999999989,-4.2894507965445925,-14.691017661823572,703.9479068639438
153.8785389598555,38.02412137178893,0.9999999999999988,-4.287589021338206,-14.692437566356759,695.9810369776391
153.87630457713976,38.013928474878476,0.9999999999999989,-4.285718907436198,-14.693871500077698,688.0690016725919
153.87408219463956,38.003734518310424,0.9999999999999989,-4.283840526432655,-14.695319370026752,680.211625034658
153.87187172451289,37.993539510160275,0.9999999999999989,-4.281953949956559,-14.696781083246528,672.408731149695
153.86967307896677,37.98334345849326,0.9999999999999988,-4.280059249671822,-14.698256546782012,664.6601441035593
153.86748617025725,37.97314637136459,0.9999999999999989,-4.27815649727674,-14.699745667680048,656.9656879821083
153.86531091068935,37.96294825681933,0.999999999999999,-4.276245764503727,-14.701248352989502,649.3251868711988
153.86314721261698,37.95274912289256,0.9999999999999989,-4.274327123119164,-14.702764509760804,641.738464856687
153.86099498844303,37.942548977609526,0.999999999999999,-4.272400644923103,-14.704294045045863,634.2053460244304
153.8588541506192,37.93234782898568,0.9999999999999988,-4.270466401748976,-14.705836865897894,626.7256544602855
153.85672461164606,37.922145685026784,0.9999999999999988,-4.26852446546323,-14.707392879371305,619.2992142501093
153.8546062840729,37.91194255372902,0.9999999999999989,-4.266574907965314,-14.708961992521388,611.9258494797587
153.85249908049795,37.90173844307904,0.9999999999999989,-4.264617801187285,-14.710544112404207,604.6053842350905
153.850402913568,37.89153336105407,0.9999999999999988,-4.2626532170935505,-14.71213914607656,597.3376426019612
153.84831769597855,37.881327315622016,0.9999999999999989,-4.260681227680507,-14.713747000595518,590.1224486662285
153.8462433404739,37.87112031474153,0.9999999999999988,-4.258701904976654,-14.715367583018498,582.9596265137483
153.8441797598468,37.86091236636211,0.9999999999999988,-4.256715321041845,-14.717000800403063,575.8490002303779
153.84212686693877,37.85070347842412,0.9999999999999989,-4.2547215479675415,-14.718646559806665,568.7903939019743
153.84008457463966,37.84049365885903,0.9999999999999988,-4.252720657876161,-14.720304768286553,561.7836316143938
153.83805279588807,37.83028291558932,0.9999999999999988,-4.250712722921122,-14.721975332899582,554.828537453494
153.83603144367086,37.82007125652868,0.9999999999999989,-4.248697815286377,-14.723658160702136,547.9249355051315
153.83402043102353,37.80985868958204,0.9999999999999988,-4.24667600718643,-14.725353158749776,541.0726498551627
153.83201967102983,37.79964522264568,0.9999999999999987,-4.244647370865863,-14.727060234097351,534.2715045894452
153.83002907682197,37.78943086360728,0.9999999999999988,-4.242611978599278,-14.728779293798546,527.5213237938349
153.82804856158046,37.77921562034606,0.9999999999999987,-4.240569902690893,-14.730510244906071,520.8219315541895
153.82607803853412,37.768999500732754,0.9999999999999987,-4.2385212154745915,-14.732252994471182,514.1731519563654
153.82411742096,37.75878251262982,0.999999999999999,-4.236465989313373,-14.734007449543746,507.57480908621955
153.82216662218335,37.74856466389141,0.9999999999999987,-4.234404296599294,-14.735773517172028,501.0267270296091
153.82022555557768,37.73834596236343,0.9999999999999989,-4.232336209753321,-14.737551104402506,494.5287298723902
153.8182941345646,37.72812641588384,0.9999999999999988,-4.230261801224991,-14.739340118279777,488.08064170042036
153.81637227261376,37.71790603228245,0.9999999999999988,-4.228181143492094,-14.741140465846478,481.6822865995562
153.81445988324302,37.70768481938107,0.9999999999999989,-4.226094309060862,-14.742952054142918,475.33348865565455
153.81255688001806,37.6974627849937,0.9999999999999988,-4.2240013704651815,-14.744774790207252,469.03407195457214
153.81066317655277,37.687239936926495,0.9999999999999988,-4.2219024002669485,-14.746608581075094,462.7838605821662
153.80877868650884,37.67701628297788,0.9999999999999988,-4.219797471055429,-14.748453333779516,456.58267862429335
153.8069033235959,37.66679183093858,0.9999999999999989,-4.217686655447238,-14.75030895535079,450.4303501668104
153.80503700157143,37.65656658859178,0.9999999999999989,-4.215570026086198,-14.75217535281648,444.32669929557414
153.80317963424085,37.646340563713075,0.9999999999999987,-4.213447655643016,-14.754052433201068,438.2715500964416
153.80133113545725,37.636113764070664,0.9999999999999987,-4.2113196168151354,-14.75594010352598,432.26472665526944
153.7994914191215,37.625886197425295,0.9999999999999988,-4.209185982326421,-14.757838270809337,426.3060530579147
153.79766039918218,37.61565787153045,0.9999999999999987,-4.2070468249272395,-14.75974684206598,420.3953533902339
153.79583798963552,37.60542879413232,0.9999999999999988,-4.204902217393943,-14.761665724307207,414.5324517380844
153.79402410452548,37.595198972969946,0.9999999999999987,-4.202752232528958,-14.763594824540789,408.7171721873227
153.79221865794347,37.584968415775215,0.9999999999999989,-4.2005969431603525,-14.765534049770661,402.94933882380576
153.79042156402852,37.57473713027299,0.9999999999999989,-4.198436422141754,-14.767483306997047,397.22877573339065
153.78863273696712,37.56450512418116,0.9999999999999989,-4.196270742352258,-14.769442503216126,391.5553070019336
153.78685209099334,37.55427240521063,0.9999999999999988,-4.19409997669613,-14.771411545420026,385.928756715292
153.78507954038847,37.5440389810655,0.9999999999999988,-4.191924198102527,-14.773390340596691,380.3489489593226
153.78331499948138,37.533804859443066,0.9999999999999988,-4.18974347952561,-14.775378795729772,374.81570781988205
153.7815583826482,37.52357004803386,0.9999999999999988,-4.187557893944117,-14.777376817798466,369.32885738282744
153.77980960431228,37.51333455452178,0.9999999999999989,-4.185367514361161,-14.779384313777548,363.8882217340155
153.77806857894436,37.50309838658408,0.9999999999999988,-4.183172413804325,-14.781401190637098,358.49362495930296
153.7763352210623,37.49286155189148,0.9999999999999989,-4.1809726653252035,-14.783427355342475,353.14489114454693
153.77460944523116,37.4826240581082,0.9999999999999987,-4.178768341999401,-14.785462714854226,347.8418443756041
153.77289116606318,37.47238591289199,0.9999999999999988,-4.176559516926311,-14.78750717612795,342.5843087383314
153.77118029821756,37.46214712389435,0.9999999999999986,-4.174346263228895,-14.789560646114257,337.3721083185856
153.76947675640068,37.45190769876033,0.9999999999999988,-4.17212865405364,-14.791623031758533,332.2050672022238
153.7677804553658,37.44166764512876,0.9999999999999989,-4.169906762570289,-14.793694240001027,327.08300947510253
153.76609130991318,37.43142697063228,0.9999999999999989,-4.167680661971723,-14.795774177776607,322.0057592230787
153.76440923489005,37.42118568289734,0.9999999999999988,-4.165450425473814,-14.797862752014758,316.9731405320093
153.76273414519045,37.41094378954435,0.9999999999999988,-4.1632161263152625,-14.799959869639466,311.9849774877509
153.76106595575519,37.40070129818762,0.9999999999999987,-4.1609778377573825,-14.802065437569041,307.0410941761607
153.759404581572,37.39045821643552,0.999999999999999,-4.158735633084046,-14.804179362716198,302.14131468309546
153.75774993767521,37.380214551890454,0.9999999999999988,-4.15648958560147,-14.806301551987822,297.2854630944117
153.75610193914594,37.369970312148965,0.9999999999999989,-4.15423976863811,-14.808431912284945,292.47336349596674
153.7544605011119,37.35972550480174,0.9999999999999988,-4.151986255544426,-14.810570350502637,287.7048399736172
153.75282553874746,37.349480137433694,0.9999999999999988,-4.149729119692861,-14.812716773530003,282.97971661322
153.7511969672735,37.33923421762401,0.9999999999999988,-4.147468434477599,-14.814871088249955,278.29781750063194
153.74957470195739,37.32898775294619,0.9999999999999989,-4.1452042733144765,-14.81703320153926,273.65896672170976
153.74795865811305,37.3187407509681,0.9999999999999989,-4.142936709640789,-14.819203020268432,269.06298836231065
153.74634875110073,37.30849321925203,0.9999999999999989,-4.140665816915213,-14.821380451301625,264.50970650829106
153.74474489632715,37.2982451653547,0.9999999999999989,-4.138391668617675,-14.823565401496555,259.99894524550814
153.74314700924532,37.28799659682738,0.9999999999999989,-4.1361143382491825,-14.825757777704485,255.53052865981854
