galstreams/tracks/track.st.SGP-S.ibata2024.ecsv
# %ECSV 1.0
# ---
# datatype:
# - {name: ra, unit: deg, datatype: float64}
# - {name: dec, unit: deg, datatype: float64}
# - {name: distance, unit: kpc, datatype: float64}
# - {name: pm_ra_cosdec, unit: mas / yr, datatype: float64}
# - {name: pm_dec, unit: mas / yr, datatype: float64}
# - {name: radial_velocity, unit: km / s, datatype: float64}
# delimiter: ','
# meta: !!omap
# - __serialized_columns__:
#     dec:
#       __class__: astropy.coordinates.angles.Latitude
#       unit: &id001 !astropy.units.Unit {unit: deg}
#       value: !astropy.table.SerializedColumn {name: dec}
#     distance:
#       __class__: astropy.coordinates.distances.Distance
#       unit: !astropy.units.Unit {unit: kpc}
#       value: !astropy.table.SerializedColumn {name: distance}
#     pm_dec:
#       __class__: astropy.units.quantity.Quantity
#       unit: !astropy.units.Unit {unit: mas / yr}
#       value: !astropy.table.SerializedColumn {name: pm_dec}
#     pm_ra_cosdec:
#       __class__: astropy.units.quantity.Quantity
#       unit: !astropy.units.Unit {unit: mas / yr}
#       value: !astropy.table.SerializedColumn {name: pm_ra_cosdec}
#     ra:
#       __class__: astropy.coordinates.angles.Longitude
#       unit: *id001
#       value: !astropy.table.SerializedColumn {name: ra}
#       wrap_angle: !astropy.coordinates.Angle
#         unit: *id001
#         value: 360.0
#     radial_velocity:
#       __class__: astropy.units.quantity.Quantity
#       unit: !astropy.units.Unit {unit: km / s}
#       value: !astropy.table.SerializedColumn {name: radial_velocity}
# schema: astropy-2.0
ra,dec,distance,pm_ra_cosdec,pm_dec,radial_velocity
[from data line 2748]
9.61032889441307,-49.049236242876425,1.0000000000000007,2.1750505752367353,3.048436913752255,1040.3738573149394
9.60991446299934,-49.059514753254106,1.0000000000000007,2.1761023522278293,3.048791739912616,1040.6711030463673
9.60949388231467,-49.06979416873022,1.0000000000000004,2.1771560882650114,3.0491464928569343,1040.9691050672952
9.60906714385304,-49.08007448986974,1.0000000000000009,2.1782117851541756,3.0495011721018273,1041.2678640847453
9.608634239099452,-49.09035571723633,1.0000000000000007,2.179269444701923,3.0498557771622075,1041.5673808057377
9.608195159529881,-49.10063785139238,1.0000000000000007,2.1803290687156647,3.050210307550614,1041.8676559372955
9.607749896611265,-49.11092089289894,1.0000000000000007,2.1813906590035614,3.050564762777725,1042.1686901864393
9.607298441801516,-49.121204842315755,1.0000000000000007,2.1824542173745307,3.050919142352143,1042.4704842601916
9.60684078654947,-49.131489700201264,1.0000000000000007,2.1835197456382858,3.0512734457803816,1042.7730388655732
9.606376922294897,-49.14177546711259,1.0000000000000007,2.1845872456052966,3.0516276725668234,1043.076354709606
9.605906840468473,-49.15206214360548,1.0000000000000007,2.1856567190868077,3.051981822213804,1043.3804324993116
9.605430532491773,-49.1623497302344,1.0000000000000007,2.1867281678948487,3.0523358942215992,1043.6852729417112
9.604947989777255,-49.172638227552476,1.0000000000000007,2.187801593842206,3.05268988808848,1043.9908767438264
9.604459203728242,-49.18292763611146,1.0000000000000007,2.188876998742426,3.0530438033105014,1044.2972446126794
9.603964165738912,-49.193217956461766,1.0000000000000007,2.189954384409873,3.053397639381558,1044.6043772552914
9.60346286719428,-49.20350918915249,1.0000000000000007,2.1910337526596457,3.0537513957936397,1044.912275378684
9.60295529947018,-49.213801334731336,1.0000000000000007,2.1921151053076677,3.054105072036421,1045.2209396898784
9.602441453933256,-49.22409439374468,1.0000000000000009,2.1931984441705836,3.054458667597629,1045.5303708958966
9.601921321940951,-49.2343883667375,1.0000000000000007,2.19428377106588,3.0548121819627596,1045.84056970376
9.601394894841478,-49.244683254253424,1.0000000000000009,2.1953710878117754,3.055165614615177,1046.1515368204898
9.600862163973824,-49.25497905683473,1.0000000000000007,2.1964603962272733,3.055518965036285,1046.463272953108
9.600323120667712,-49.265275775022246,1.0000000000000009,2.1975516981321803,3.055872232705042,1046.7757788086365
9.599777756243604,-49.2755734093555,1.0000000000000009,2.1986449953470917,3.056225417098517,1047.0890550940965
9.599226062012693,-49.285871960372575,1.0000000000000007,2.1997402896933593,3.0565785176914773,1047.403102516509
9.598668029276851,-49.29617142861021,1.0000000000000009,2.200837582993138,3.0569315339566714,1047.7179217828968
9.598103649328664,-49.30647181460368,1.0000000000000004,2.2019368770693717,3.0572844653645177,1048.03351360028
9.597532913451369,-49.316773118886914,1.0000000000000004,2.2030381737457745,3.0576373113834165,1048.3498786756816
9.596955812918885,-49.32707534199243,1.0000000000000004,2.2041414748468533,3.0579900714794945,1048.6670177161222
9.596372338995756,-49.33737848445131,1.0000000000000004,2.205246782197932,3.05834274511669,1048.984931428624
9.595782482937166,-49.34768254679323,1.0000000000000004,2.2063540976250806,3.0586953317569225,1049.3036205202075
9.595186235988903,-49.357987529546435,1.0000000000000004,2.207463422955186,3.0590478308596403,1049.623085697896
9.594583589387362,-49.36829343323779,1.0000000000000007,2.208574760015921,3.059400241882301,1049.9433276687093
9.593974534359514,-49.37860025839266,1.0000000000000004,2.2096881106357706,3.0597525642801315,1050.26434713967
9.593359062122905,-49.38890800553503,1.0000000000000004,2.2108034766439637,3.0601047975060993,1050.5861448177995
9.592737163885628,-49.399216675187404,1.0000000000000007,2.2119208598705704,3.060456941010898,1050.908721410119
9.592108830846314,-49.40952626787089,1.0000000000000004,2.2130402621464533,3.060808994243132,1051.2320776236506
9.59147405419412,-49.4198367841051,1.0000000000000007,2.214161685303239,3.0611609566491182,1051.556214165416
9.590832825108706,-49.43014822440823,1.0000000000000007,2.215285131173381,3.061512827672985,1051.8811317424354
9.590185134760219,-49.44046058929696,1.0000000000000004,2.216410601590134,3.0618646067564157,1052.2068310617317
9.589530974309294,-49.450773879286565,1.0000000000000004,2.217538098387525,3.0622162933391337,1052.5333128303264
9.588870334907021,-49.461088094890826,1.0000000000000004,2.218667623400396,3.062567886858446,1052.860577755241
9.588203207694928,-49.47140323662206,1.0000000000000004,2.2197991784643953,3.0629193867493996,1053.1886265434964
9.58752958380498,-49.48171930499107,1.0000000000000007,2.2209327654159736,3.0632707924448113,1053.5174599021143
9.586849454359559,-49.492036300507216,1.0000000000000007,2.2220683860923707,3.0636221033752946,1053.847078538117
9.586162810471437,-49.50235422367837,1.0000000000000007,2.2232060423316433,3.063973318969076,1054.1774831585258
9.58546964324378,-49.51267307501086,1.0000000000000004,2.2243457359726477,3.0643244386520507,1054.5086744703617
9.584769943770107,-49.52299285500958,1.0000000000000007,2.2254874688550608,3.064675461848026,1054.840653180647
9.584063703134309,-49.533313564177874,1.0000000000000004,2.226631242819334,3.0650263879783637,1055.1734199964023
9.58335091241059,-49.5436352030176,1.0000000000000004,2.2277770597067708,3.065377216462082,1055.5069756246505
9.582631562663494,-49.553957772029094,1.0000000000000007,2.228924921359418,3.0657279467160947,1055.8413207724125
9.581905644947863,-49.56428127171117,1.0000000000000007,2.2300748296202144,3.0660785781547872,1056.1764561467098
9.581173150308821,-49.57460570256114,1.0000000000000004,2.2312267863328508,3.066429110190427,1056.5123824545635
9.580434069781782,-49.58493106507475,1.0000000000000004,2.23238079334185,3.066779542232723,1056.8491004029956
9.579688394392406,-49.595257359746256,1.0000000000000007,2.2335368524925343,3.0671298736892254,1057.1866106990283
9.578936115156594,-49.60558458706832,1.0000000000000004,2.2346949656310713,3.0674801039650106,1057.5249140496826
9.57817722308048,-49.61591274753213,1.0000000000000002,2.235855134604389,3.0678302324629527,1057.8640111619798
9.577411709160403,-49.626241841627255,1.0000000000000004,2.237017361260314,3.068180258583567,1058.2039027429416
9.576639564382905,-49.63657186984178,1.0000000000000004,2.23818164744738,3.068530181724867,1058.5445894995903
9.575860779724696,-49.64690283266216,1.0000000000000004,2.239347995015031,3.068880001282622,1058.8860721389465
9.575075346152659,-49.65723473057334,1.0000000000000004,2.240516405813487,3.069229716650213,1059.2283513680318
9.574283254623806,-49.667567564058665,1.0000000000000004,2.2416868816937843,3.0695793272185625,1059.5714278938685
9.573484496085305,-49.67790133359993,1.0000000000000004,2.242859424507806,3.0699288323763625,1059.9153024234777
9.572679061474421,-49.688236039677314,1.0000000000000007,2.2440340361082285,3.0702782315097608,1060.259975663881
9.571866941718527,-49.69857168276947,1.0000000000000007,2.2452107183485523,3.0706275240027168,1060.6054483221
9.571048127735066,-49.70890826335339,1.0000000000000004,2.2463894730831484,3.070976709236433,1060.9517211051561
9.570222610431564,-49.719245781904554,1.0000000000000004,2.247570302167123,3.0713257865901085,1061.2987947200713
9.56939038070559,-49.72958423889676,1.0000000000000004,2.2487532074564776,3.071674755440327,1061.6466698738666
9.568551429444746,-49.739923634802246,1.0000000000000007,2.2499381908080203,3.0720236151611147,1061.995347273564
9.56770574752665,-49.75026397009162,1.0000000000000007,2.25112525407938,3.07237236512438,1062.344827626185
9.566853325818931,-49.76060524523392,1.0000000000000004,2.2523143991290304,3.072721004699403,1062.6951116387515
9.565994155179192,-49.7709474606965,1.0000000000000004,2.2535056278162493,3.0730695332530473,1063.0462000182838
9.565128226455018,-49.78129061694512,1.0000000000000004,2.2546989420011485,3.0734179501496897,1063.398093471805
9.56425553048394,-49.79163471444392,1.0000000000000007,2.255894343544675,3.073766254751405,1063.7507927063355
9.563376058093423,-49.801979753655374,1.0000000000000007,2.2570918343086284,3.0741144464176386,1064.1042984288977
9.562489800100863,-49.812325735040325,1.0000000000000004,2.258291416155597,3.0744625245054493,1064.4586113465127
9.561596747313542,-49.822672659058,1.0000000000000007,2.259493090949043,3.0748104883694225,1064.8137321662025
9.560696890528662,-49.83302052616594,1.0000000000000004,2.260696860553235,3.0751583373616853,1065.1696615949884
9.559790220533255,-49.84336933682002,1.0000000000000004,2.2619027268332914,3.0755060708317785,1065.5264003398916
9.558876728104247,-49.85371909147449,1.0000000000000004,2.2631106916551538,3.075853688126955,1065.8839491079339
9.557956404008369,-49.8640697905819,1.0000000000000004,2.2643207568856205,3.0762011885916394,1066.242308606137
9.557029239002194,-49.87442143459312,1.0000000000000004,2.2655329243923177,3.076548571568054,1066.6014795415226
9.556095223832104,-49.88477402395739,1.0000000000000007,2.2667471960436885,3.0768958363958205,1066.9614626211119
9.555154349234254,-49.89512755912223,1.0000000000000007,2.2679635737090464,3.077242982412045,1067.3222585519268
9.554206605934581,-49.90548204053348,1.0000000000000004,2.2691820592585294,3.07759000895129,1067.6838680409885
9.553251984648774,-49.915837468635246,1.0000000000000004,2.2704026545631386,3.077936915345404,1068.0462917953191
9.552290476082266,-49.92619384387002,1.0000000000000004,2.271625361494671,3.0782837009240893,1068.4095305219403
9.551322070930206,-49.936551166678484,1.0000000000000004,2.2728501819258184,3.0786303650141633,1068.7735849278724
9.550346759877453,-49.946909437499706,1.0000000000000004,2.274077117730087,3.0789769069400137,1069.1384557201377
9.549364533598549,-49.95726865677098,1.0000000000000007,2.2753061707818354,3.079323326023612,1069.5041436057586
9.548375382757717,-49.96762882492789,1.0000000000000004,2.2765373429562743,3.0796696215841024,1069.870649291756
9.547379298008826,-49.977989942404285,1.0000000000000004,2.2777706361294463,3.080015792938127,1070.2379734851509
9.546376269995392,-49.988352009632315,1.0000000000000004,2.2790060521782465,3.080361839399913,1070.6061168929648
9.545366289350547,-49.99871502704235,1.0000000000000007,2.280243592980433,3.080707760280916,1070.9750802222206
9.544349346697027,-50.00907899506304,1.0000000000000004,2.2814832604146,3.0810535548901044,1071.344864179939
9.543325432647162,-50.01944391412128,1.0000000000000004,2.2827250563601886,3.081399222533861,1071.7154694731416
9.542294537802842,-50.029809784642225,1.0000000000000004,2.283968982697523,3.0817447625157257,1072.0868968088496
9.541256652755523,-50.04017660704924,1.0000000000000002,2.2852150413077226,3.082090174137008,1072.4591468940857
9.54021176808619,-50.05054438176395,1.0000000000000004,2.2864632340728015,3.082435456696203,1072.8322204358706
9.539159874365351,-50.06091310920618,1.0000000000000004,2.2877135628756307,3.082780609489035,1073.2061181412262
9.538100962153012,-50.07128278979403,1.0000000000000004,2.288966029599912,3.0831256318088265,1073.5808407171733
9.537035021998673,-50.081653423943756,1.0000000000000004,2.2902206361302326,3.083470522946129,1073.9563888707344
9.535962044441293,-50.09202501206988,1.0000000000000004,2.291477384351996,3.083815282189022,1074.3327633089302
9.534882020009288,-50.102397554585096,1.0000000000000004,2.292736276151512,3.0841599088226275,1074.7099647387836
9.533794939220513,-50.11277105190031,1.0000000000000004,2.2939973134158933,3.084504402129596,1075.087993867315
9.532700792582231,-50.12314550442462,1.0000000000000004,2.2952604980331586,3.0848487613899636,1075.4668514015461
9.531599570591101,-50.133520912565324,1.0000000000000007,2.296525831892186,3.0851929858809797,1075.846538048499
9.530491263733179,-50.14389727672789,1.0000000000000004,2.2977933168826787,3.0855370748773367,1076.227054515195
9.52937586248388,-50.15427459731599,1.0000000000000004,2.2990629548952306,3.0858810276507995,1076.6084015086553
