galstreams/tracks/track.st.Alpheus.grillmair2013.ecsv
# %ECSV 0.9
# ---
# datatype:
# - {name: ra, unit: deg, datatype: float64}
# - {name: dec, unit: deg, datatype: float64}
# - {name: distance, unit: kpc, datatype: float64}
# - {name: pm_ra_cosdec, unit: mas / yr, datatype: float64}
# - {name: pm_dec, unit: mas / yr, datatype: float64}
# - {name: radial_velocity, unit: km / s, datatype: float64}
# delimiter: ','
# meta: !!omap
# - __serialized_columns__:
#     dec:
#       __class__: astropy.coordinates.angles.Latitude
#       unit: &id001 !astropy.units.Unit {unit: deg}
#       value: !astropy.table.SerializedColumn {name: dec}
#     distance:
#       __class__: astropy.coordinates.distances.Distance
#       unit: !astropy.units.Unit {unit: kpc}
#       value: !astropy.table.SerializedColumn {name: distance}
#     pm_dec:
#       __class__: astropy.units.quantity.Quantity
#       unit: !astropy.units.Unit {unit: mas / yr}
#       value: !astropy.table.SerializedColumn {name: pm_dec}
#     pm_ra_cosdec:
#       __class__: astropy.units.quantity.Quantity
#       unit: !astropy.units.Unit {unit: mas / yr}
#       value: !astropy.table.SerializedColumn {name: pm_ra_cosdec}
#     ra:
#       __class__: astropy.coordinates.angles.Longitude
#       unit: *id001
#       value: !astropy.table.SerializedColumn {name: ra}
#       wrap_angle: !astropy.coordinates.Angle
#         unit: *id001
#         value: 360.0
#     radial_velocity:
#       __class__: astropy.units.quantity.Quantity
#       unit: !astropy.units.Unit {unit: km / s}
#       value: !astropy.table.SerializedColumn {name: radial_velocity}
# schema: astropy-2.0
ra,dec,distance,pm_ra_cosdec,pm_dec,radial_velocity
[from data line 470]
22.972090496325027,-64.32120813860112,1.6779742269425018,0.0,0.0,0.0
22.974940930795764,-64.31127054892502,1.6781398647262726,0.0,0.0,0.0
22.977790900921097,-64.30133302004087,1.678305501588248,0.0,0.0,0.0
22.980640406744065,-64.29139555187473,1.6784711375292036,0.0,0.0,0.0
22.98348944830768,-64.28145814435247,1.6786367725499154,0.0,0.0,0.0
22.986338025654838,-64.27152079740026,1.6788024066511595,0.0,0.0,0.0
22.98918613882843,-64.26158351094408,1.6789680398337108,0.0,0.0,0.0
22.992033787871307,-64.25164628491005,1.6791336720983467,0.0,0.0,0.0
22.99488097282617,-64.2417091192244,1.6792993034458419,0.0,0.0,0.0
22.997727693735772,-64.2317720138132,1.6794649338769727,0.0,0.0,0.0
23.000573950642714,-64.22183496860285,1.6796305633925144,0.0,0.0,0.0
23.00341974358959,-64.21189798351953,1.6797961919932443,0.0,0.0,0.0
23.006265072618948,-64.20196105848956,1.6799618196799369,0.0,0.0,0.0
23.009109937773236,-64.19202419343937,1.6801274464533684,0.0,0.0,0.0
23.01195433909489,-64.18208738829527,1.6802930723143155,0.0,0.0,0.0
23.01479827662623,-64.17215064298382,1.6804586972635531,0.0,0.0,0.0
23.017641750409556,-64.16221395743148,1.6806243213018575,0.0,0.0,0.0
23.020484760487154,-64.15227733156469,1.680789944430004,0.0,0.0,0.0
23.023327306901145,-64.14234076531014,1.6809555666487699,0.0,0.0,0.0
23.02616938969371,-64.13240425859435,1.6811211879589292,0.0,0.0,0.0
23.029011008906863,-64.12246781134408,1.6812868083612593,0.0,0.0,0.0
23.03185216458264,-64.11253142348598,1.6814524278565361,0.0,0.0,0.0
23.034692856763026,-64.10259509494671,1.681618046445534,0.0,0.0,0.0
23.03753308548986,-64.09265882565319,1.6817836641290302,0.0,0.0,0.0
23.040372850805024,-64.0827226155321,1.6819492809078003,0.0,0.0,0.0
23.04321215275027,-64.07278646451046,1.68211489678262,0.0,0.0,0.0
23.046050991367352,-64.06285037251509,1.682280511754265,0.0,0.0,0.0
23.048889366697942,-64.05291433947286,1.682446125823512,0.0,0.0,0.0
23.05172727878362,-64.04297836531092,1.6826117389911361,0.0,0.0,0.0
23.054564727665973,-64.0330424499562,1.682777351257913,0.0,0.0,0.0
23.057401713386515,-64.02310659333574,1.6829429626246195,0.0,0.0,0.0
23.060238235986645,-64.01317079537675,1.683108573092031,0.0,0.0,0.0
23.063074295507807,-64.0032350560063,1.6832741826609228,0.0,0.0,0.0
23.06590989199128,-63.99329937515167,1.683439791332072,0.0,0.0,0.0
23.06874502547836,-63.98336375274005,1.6836053991062536,0.0,0.0,0.0
23.071579696010303,-63.973428188698655,1.6837710059842435,0.0,0.0,0.0
23.074413903628216,-63.963492682954914,1.683936611966818,0.0,0.0,0.0
23.07724764837326,-63.953557235436094,1.6841022170547524,0.0,0.0,0.0
23.08008093028645,-63.9436218460697,1.6842678212488236,0.0,0.0,0.0
23.082913749408792,-63.93368651478312,1.6844334245498063,0.0,0.0,0.0
23.085746105781265,-63.923751241503794,1.6845990269584774,0.0,0.0,0.0
23.0885779994447,-63.913816026159346,1.6847646284756121,0.0,0.0,0.0
23.09140943043998,-63.903880868677234,1.6849302291019865,0.0,0.0,0.0
23.09424039880783,-63.89394576898517,1.6850958288383764,0.0,0.0,0.0
23.097070904589003,-63.884010727010796,1.6852614276855578,0.0,0.0,0.0
23.099900947824175,-63.87407574268168,1.6854270256443062,0.0,0.0,0.0
23.102730528553934,-63.864140815925715,1.6855926227153981,0.0,0.0,0.0
23.105559646818854,-63.85420594667055,1.6857582188996094,0.0,0.0,0.0
23.108388302659403,-63.844271134844114,1.6859238141977153,0.0,0.0,0.0
23.111216496116057,-63.83433638037422,1.6860894086104923,0.0,0.0,0.0
23.11404422722922,-63.82440168318869,1.686255002138716,0.0,0.0,0.0
23.116871496039188,-63.814467043215586,1.6864205947831625,0.0,0.0,0.0
23.119698302586286,-63.80453246038279,1.6865861865446068,0.0,0.0,0.0
23.122524646910698,-63.79459793461842,1.6867517774238263,0.0,0.0,0.0
23.125350529052618,-63.78466346585048,1.6869173674215956,0.0,0.0,0.0
23.12817594905218,-63.774729054007054,1.6870829565386913,0.0,0.0,0.0
23.13100090694942,-63.76479469901637,1.6872485447758894,0.0,0.0,0.0
23.13382540278438,-63.754860400806514,1.687414132133965,0.0,0.0,0.0
23.136649436596983,-63.744926159305805,1.6875797186136945,0.0,0.0,0.0
23.139473008427142,-63.7349919744425,1.6877453042158532,0.0,0.0,0.0
23.14229611831473,-63.725057846144836,1.6879108889412182,0.0,0.0,0.0
23.145118766299497,-63.71512377434127,1.6880764727905644,0.0,0.0,0.0
23.14794095242123,-63.705189758960096,1.6882420557646682,0.0,0.0,0.0
23.150762676719562,-63.69525579992985,1.6884076378643047,0.0,0.0,0.0
23.15358393923416,-63.68532189717897,1.6885732190902512,0.0,0.0,0.0
23.156404740004614,-63.67538805063591,1.6887387994432814,0.0,0.0,0.0
23.159225079070417,-63.665454260229346,1.6889043789241736,0.0,0.0,0.0
23.16204495647105,-63.65552052588782,1.6890699575337023,0.0,0.0,0.0
23.16486437224596,-63.645586847539924,1.6892355352726434,0.0,0.0,0.0
23.16768332643447,-63.63565322511443,1.689401112141773,0.0,0.0,0.0
23.17050181907593,-63.62571965854,1.6895666881418674,0.0,0.0,0.0
23.17331985020956,-63.61578614774546,1.689732263273702,0.0,0.0,0.0
23.17613741987458,-63.60585269265958,1.6898978375380524,0.0,0.0,0.0
23.178954528110168,-63.59591929321116,1.6900634109356951,0.0,0.0,0.0
23.18177117495538,-63.585985949329206,1.6902289834674054,0.0,0.0,0.0
23.1845873604493,-63.57605266094252,1.6903945551339603,0.0,0.0,0.0
23.187403084630883,-63.5661194279802,1.6905601259361345,0.0,0.0,0.0
23.190218347539094,-63.55618625037119,1.6907256958747037,0.0,0.0,0.0
23.19303314921284,-63.54625312804451,1.690891264950445,0.0,0.0,0.0
23.1958474896909,-63.536320060929334,1.6910568331641336,0.0,0.0,0.0
23.198661369012125,-63.52638704895473,1.6912224005165457,0.0,0.0,0.0
23.201474787215176,-63.516454092049955,1.6913879670084568,0.0,0.0,0.0
23.20428774433878,-63.5065211901442,1.6915535326406426,0.0,0.0,0.0
23.207100240421553,-63.49658834316662,1.6917190974138796,0.0,0.0,0.0
23.20991227550204,-63.48665555104668,1.6918846613289433,0.0,0.0,0.0
23.21272384961881,-63.47672281371361,1.6920502243866091,0.0,0.0,0.0
23.215534962810278,-63.466790131096865,1.6922157865876546,0.0,0.0,0.0
23.218345615114895,-63.45685750312584,1.6923813479328536,0.0,0.0,0.0
23.22115580657102,-63.44692492972993,1.6925469084229834,0.0,0.0,0.0
23.223965537216948,-63.43699241083878,1.692712468058819,0.0,0.0,0.0
23.22677480709097,-63.42705994638182,1.6928780268411368,0.0,0.0,0.0
23.229583616231263,-63.41712753628873,1.6930435847707124,0.0,0.0,0.0
23.232391964675987,-63.40719518048911,1.6932091418483215,0.0,0.0,0.0
23.23519985246328,-63.39726287891255,1.6933746980747415,0.0,0.0,0.0
23.238007279631155,-63.38733063148891,1.6935402534507467,0.0,0.0,0.0
23.240814246217628,-63.377398438147864,1.6937058079771126,0.0,0.0,0.0
23.24362075226068,-63.36746629881914,1.6938713616546162,0.0,0.0,0.0
23.246426797798147,-63.3575342134327,1.6940369144840337,0.0,0.0,0.0
23.24923238286793,-63.34760218191831,1.69420246646614,0.0,0.0,0.0
23.252037507507797,-63.33767020420601,1.694368017601711,0.0,0.0,0.0
23.2548421717555,-63.327738280225674,1.694533567891523,0.0,0.0,0.0
23.257646375648754,-63.317806409907284,1.694699117336352,0.0,0.0,0.0
23.260450119225155,-63.30787459318096,1.6948646659369735,0.0,0.0,0.0
23.263253402522352,-63.2979428299767,1.6950302136941637,0.0,0.0,0.0
23.26605622557783,-63.2880111202247,1.695195760608698,0.0,0.0,0.0
23.268858588429108,-63.278079463855114,1.6953613066813527,0.0,0.0,0.0
23.271660491113632,-63.268147860798074,1.6955268519129039,0.0,0.0,0.0
23.274461933668764,-63.25821631098392,1.6956923963041273,0.0,0.0,0.0
23.27726291613189,-63.24828481434285,1.6958579398557985,0.0,0.0,0.0
23.28006343854023,-63.2383533708053,1.696023482568693,0.0,0.0,0.0
23.282863500931047,-63.22842198030157,1.6961890244435875,0.0,0.0,0.0
23.28566310334155,-63.21849064276203,1.6963545654812582,0.0,0.0,0.0
23.28846224580885,-63.20855935811724,1.69652010568248,0.0,0.0,0.0
23.291260928370065,-63.19862812629757,1.696685645048029,0.0,0.0,0.0
23.294059151062164,-63.18869694723367,1.6968511835786815,0.0,0.0,0.0
23.296856913922184,-63.178765820856064,1.6970167212752127,0.0,0.0,0.0
23.299654216987058,-63.16883474709532,1.6971822581383995,0.0,0.0,0.0
23.302451060293638,-63.15890372588218,1.697347794169017,0.0,0.0,0.0
23.3052474438788,-63.14897275714725,1.697513329367841,0.0,0.0,0.0
23.308043367779277,-63.13904184082138,1.6976788637356481,0.0,0.0,0.0
23.31083883203184,-63.12911097683526,1.6978443972732138,0.0,0.0,0.0
23.31363383667318,-63.1191801651197,1.6980099299813136,0.0,0.0,0.0
23.3164283817399,-63.109249405605645,1.6981754618607239,0.0,0.0,0.0
23.31922246726861,-63.0993186982239,1.6983409929122204,0.0,0.0,0.0
23.322016093295822,-63.08938804290548,1.698506523136579,0.0,0.0,0.0
23.324809259858036,-63.07945743958137,1.6986720525345753,0.0,0.0,0.0
23.3276019669917,-63.06952688818252,1.698837581106986,0.0,0.0,0.0
23.330394214733168,-63.05959638864008,1.699003108854586,0.0,0.0,0.0
23.33318600311879,-63.04966594088511,1.6991686357781521,0.0,0.0,0.0
23.335977332184886,-63.03973554484874,1.6993341618784592,0.0,0.0,0.0
23.338768201967635,-63.02980520046222,1.6994996871562837,0.0,0.0,0.0
23.341558612503277,-63.01987490765668,1.6996652116124018,0.0,0.0,0.0
23.34434856382792,-63.00994466636352,1.699830735247589,0.0,0.0,0.0
23.347138055977652,-63.00001447651396,1.6999962580626211,0.0,0.0,0.0
23.34992708898856,-62.99008433803934,1.700161780058274,0.0,0.0,0.0
23.352715662896575,-62.980154250871124,1.700327301235324,0.0,0.0,0.0
23.35550377773769,-62.97022421494066,1.7004928215945465,0.0,0.0,0.0
23.35829143354777,-62.96029423017951,1.7006583411367175,0.0,0.0,0.0
23.361078630362655,-62.95036429651915,1.700823859862613,0.0,0.0,0.0
23.363865368218192,-62.94043441389107,1.7009893777730087,0.0,0.0,0.0
23.366651647150057,-62.93050458222698,1.701154894868681,0.0,0.0,0.0
23.369437467194015,-62.92057480145841,1.7013204111504054,0.0,0.0,0.0
23.372222828385674,-62.91064507151715,1.7014859266189573,0.0,0.0,0.0
23.37500773076064,-62.90071539233484,1.7016514412751134,0.0,0.0,0.0
23.377792174354504,-62.89078576384321,1.7018169551196496,0.0,0.0,0.0
23.38057615920273,-62.88085618597417,1.7019824681533406,0.0,0.0,0.0
23.383359685340807,-62.87092665865942,1.7021479803769635,0.0,0.0,0.0
23.386142752804112,-62.860997181830996,1.702313491791294,0.0,0.0,0.0
23.388925361628022,-62.85106775542072,1.7024790023971075,0.0,0.0,0.0
23.391707511847866,-62.84113837936052,1.7026445121951808,0.0,0.0,0.0
23.39448920349888,-62.83120905358253,1.7028100211862882,0.0,0.0,0.0
23.397270436616303,-62.82127977801865,1.7029755293712072,0.0,0.0,0.0
23.400051211235287,-62.81135055260109,1.7031410367507125,0.0,0.0,0.0
23.40283152739095,-62.80142137726193,1.703306543325581,0.0,0.0,0.0
23.405611385118405,-62.79149225193327,1.7034720490965878,0.0,0.0,0.0
23.40839078445262,-62.78156317654742,1.7036375540645095,0.0,0.0,0.0
23.41116972542862,-62.77163415103652,1.7038030582301211,0.0,0.0,0.0
23.413948208081298,-62.76170517533299,1.7039685615941986,0.0,0.0,0.0
23.41672623244554,-62.75177624936908,1.7041340641575187,0.0,0.0,0.0
23.419503798556228,-62.74184737307709,1.7042995659208566,0.0,0.0,0.0
23.42228090644808,-62.73191854638959,1.7044650668849886,0.0,0.0,0.0
23.425057556155867,-62.72198976923894,1.70463056705069,0.0,0.0,0.0
23.427833747714317,-62.71206104155758,1.7047960664187374,0.0,0.0,0.0
23.43060948115801,-62.702132363278174,1.7049615649899066,0.0,0.0,0.0
23.4333847565216,-62.69220373433315,1.7051270627649726,0.0,0.0,0.0
23.43615957383958,-62.68227515465526,1.705292559744712,0.0,0.0,0.0
23.4389339331465,-62.67234662417709,1.7054580559299004,0.0,0.0,0.0
23.441707834476805,-62.66241814283126,1.705623551321314,0.0,0.0,0.0
23.444481277864885,-62.65248971055066,1.705789045919729,0.0,0.0,0.0
23.447254263345137,-62.64256132726793,1.7059545397259204,0.0,0.0,0.0
23.450026790951835,-62.63263299291599,1.706120032740665,0.0,0.0,0.0
23.452798860719266,-62.62270470742765,1.7062855249647373,0.0,0.0,0.0
23.45557047268166,-62.612776470735774,1.706451016398915,0.0,0.0,0.0
23.45834162687318,-62.60284828277337,1.706616507043972,0.0,0.0,0.0
23.46111232332797,-62.59292014347334,1.7067819969006863,0.0,0.0,0.0
23.46388256208008,-62.58299205276879,1.7069474859698317,0.0,0.0,0.0
23.466652343163556,-62.57306401059273,1.7071129742521858,0.0,0.0,0.0
23.46942166661242,-62.56313601687822,1.707278461748524,0.0,0.0,0.0
23.47219053246056,-62.55320807155849,1.7074439484596218,0.0,0.0,0.0
23.474958940741914,-62.543280174566625,1.7076094343862547,0.0,0.0,0.0
23.477726891490295,-62.53335232583594,1.7077749195291994,0.0,0.0,0.0
23.48049438473953,-62.52342452529968,1.7079404038892316,0.0,0.0,0.0
23.48326142052338,-62.51349677289106,1.708105887467127,0.0,0.0,0.0
23.486027998875528,-62.503569068543534,1.7082713702636618,0.0,0.0,0.0
23.488794119829674,-62.4936414121904,1.7084368522796116,0.0,0.0,0.0
23.491559783419387,-62.483713803765156,1.708602333515752,0.0,0.0,0.0
23.494324989678265,-62.47378624320123,1.7087678139728597,0.0,0.0,0.0
23.497089738639854,-62.46385873043209,1.7089332936517099,0.0,0.0,0.0
23.4998540303376,-62.45393126539137,1.7090987725530788,0.0,0.0,0.0
23.502617864804975,-62.44400384801255,1.7092642506777425,0.0,0.0,0.0
23.505381242075305,-62.434076478229365,1.7094297280264759,0.0,0.0,0.0
23.508144162181978,-62.424149155975435,1.7095952046000558,0.0,0.0,0.0
23.5109066251583,-62.41422188118441,1.7097606803992578,0.0,0.0,0.0
23.513668631037483,-62.404294653790146,1.7099261554248584,0.0,0.0,0.0
23.516430179852744,-62.394367473726355,1.710091629677632,0.0,0.0,0.0
23.519191271637276,-62.384440340926865,1.710257103158356,0.0,0.0,0.0
23.521951906424146,-62.3745132553256,1.7104225758678053,0.0,0.0,0.0
23.524712084246456,-62.36458621685638,1.7105880478067563,0.0,0.0,0.0
23.5274718051372,-62.35465922545326,1.7107535189759842,0.0,0.0,0.0
23.530231069129368,-62.3447322810502,1.7109189893762662,0.0,0.0,0.0
23.532989876255915,-62.33480538358115,1.711084459008377,0.0,0.0,0.0
23.535748226549693,-62.3248785329803,1.7112499278730933,0.0,0.0,0.0
23.53850612004358,-62.31495172918163,1.7114153959711902,0.0,0.0,0.0
23.54126355677032,-62.30502497211945,1.7115808633034442,0.0,0.0,0.0
23.5440205367627,-62.295098261727844,1.7117463298706308,0.0,0.0,0.0
23.54677706005345,-62.285171597941016,1.7119117956735257,0.0,0.0,0.0
23.54953312667518,-62.27524498069335,1.7120772607129047,0.0,0.0,0.0
23.55228873666055,-62.26531840991904,1.7122427249895449,0.0,0.0,0.0
23.55504389004209,-62.25539188555257,1.7124081885042213,0.0,0.0,0.0
23.557798586852353,-62.245465407528236,1.7125736512577097,0.0,0.0,0.0
23.560552827123832,-62.23553897578046,1.712739113250786,0.0,0.0,0.0
23.56330661088893,-62.2256125902438,1.712904574484226,0.0,0.0,0.0
23.566059938180082,-62.21568625085266,1.7130700349588066,0.0,0.0,0.0
23.568812809029588,-62.20575995754173,1.713235494675302,0.0,0.0,0.0
23.571565223469776,-62.195833710245545,1.7134009536344896,0.0,0.0,0.0
23.57431718153293,-62.185907508898644,1.7135664118371439,0.0,0.0,0.0
23.57706868325122,-62.175981353435866,1.7137318692840424,0.0,0.0,0.0
23.579819728656844,-62.16605524379178,1.7138973259759593,0.0,0.0,0.0
23.5825703177819,-62.156129179901285,1.714062781913672,0.0,0.0,0.0
23.585320450658497,-62.146203161699084,1.7142282370979551,0.0,0.0,0.0
23.588070127318673,-62.13627718911998,1.7143936915295852,0.0,0.0,0.0
23.590819347794397,-62.12635126209895,1.7145591452093383,0.0,0.0,0.0
23.593568112117648,-62.11642538057081,1.7147245981379897,0.0,0.0,0.0
23.5963164203203,-62.10649954447064,1.7148900503163154,0.0,0.0,0.0
23.59906427243422,-62.09657375373336,1.715055501745092,0.0,0.0,0.0
23.601811668491248,-62.086648008293956,1.715220952425095,0.0,0.0,0.0
23.60455860852312,-62.07672230808762,1.7153864023570995,0.0,0.0,0.0
23.60730509256158,-62.066796653049394,1.7155518515418824,0.0,0.0,0.0
23.610051120638346,-62.05687104311443,1.715717299980219,0.0,0.0,0.0
23.612796692785004,-62.046945478217985,1.7158827476728855,0.0,0.0,0.0
23.61554180903319,-62.03701995829521,1.7160481946206578,0.0,0.0,0.0
23.61828646941443,-62.0270944832815,1.7162136408243116,0.0,0.0,0.0
23.62103067396024,-62.017169053112106,1.7163790862846227,0.0,0.0,0.0
