galstreams/tracks/track.st.NGC6101.ibata2024.ecsv
# %ECSV 1.0
# ---
# datatype:
# - {name: ra, unit: deg, datatype: float64}
# - {name: dec, unit: deg, datatype: float64}
# - {name: distance, unit: kpc, datatype: float64}
# - {name: pm_ra_cosdec, unit: mas / yr, datatype: float64}
# - {name: pm_dec, unit: mas / yr, datatype: float64}
# - {name: radial_velocity, unit: km / s, datatype: float64}
# delimiter: ','
# meta: !!omap
# - __serialized_columns__:
#     dec:
#       __class__: astropy.coordinates.angles.Latitude
#       unit: &id001 !astropy.units.Unit {unit: deg}
#       value: !astropy.table.SerializedColumn {name: dec}
#     distance:
#       __class__: astropy.coordinates.distances.Distance
#       unit: !astropy.units.Unit {unit: kpc}
#       value: !astropy.table.SerializedColumn {name: distance}
#     pm_dec:
#       __class__: astropy.units.quantity.Quantity
#       unit: !astropy.units.Unit {unit: mas / yr}
#       value: !astropy.table.SerializedColumn {name: pm_dec}
#     pm_ra_cosdec:
#       __class__: astropy.units.quantity.Quantity
#       unit: !astropy.units.Unit {unit: mas / yr}
#       value: !astropy.table.SerializedColumn {name: pm_ra_cosdec}
#     ra:
#       __class__: astropy.coordinates.angles.Longitude
#       unit: *id001
#       value: !astropy.table.SerializedColumn {name: ra}
#       wrap_angle: !astropy.coordinates.Angle
#         unit: *id001
#         value: 360.0
#     radial_velocity:
#       __class__: astropy.units.quantity.Quantity
#       unit: !astropy.units.Unit {unit: km / s}
#       value: !astropy.table.SerializedColumn {name: radial_velocity}
# schema: astropy-2.0
ra,dec,distance,pm_ra_cosdec,pm_dec,radial_velocity
[from data line 432]
236.56116681677818,-72.89449507898317,1.0000000000000004,1.9626520020737832,-0.7536645280866203,367.91461182129524
236.59464472112455,-72.8926608972001,1.0000000000000007,1.961980196054121,-0.7521835357032067,367.90611601667973
236.6281167360757,-72.89082336116758,1.0000000000000007,1.961308796465044,-0.7507035520975371,367.89758393204744
236.66158285179208,-72.88898246604751,1.0000000000000007,1.9606378010717052,-0.7492245754617137,367.8890155726899
236.6950430584011,-72.88713820700464,1.0000000000000004,1.9599672076367778,-0.7477466039954059,367.8804109438991
236.72849734599868,-72.88529057920645,1.0000000000000004,1.9592970139204056,-0.7462696359056977,367.87177005096726
236.76194570464813,-72.88343957782327,1.0000000000000007,1.958627217680311,-0.7447936694072403,367.86309289918603
236.79538812438076,-72.88158519802822,1.0000000000000007,1.9579578166717102,-0.7433187027221564,367.8543794938475
236.82882459519578,-72.87972743499729,1.0000000000000007,1.9572888086473874,-0.7418447340799972,367.84562984024353
236.86225510706032,-72.87786628390928,1.0000000000000007,1.9566201913576844,-0.7403717617179169,367.83684394366617
236.89567964990962,-72.87600173994588,1.0000000000000007,1.9559519625505555,-0.738899783880484,367.8280218094073
236.92909821364702,-72.87413379829168,1.0000000000000007,1.9552841199714948,-0.7374287988197068,367.81916344275874
236.96251078814407,-72.87226245413416,1.0000000000000004,1.954616661363671,-0.7359588047951462,367.8102688490126
236.9959173632405,-72.87038770266368,1.0000000000000007,1.9539495844678232,-0.7344898000738276,367.80133803346075
237.02931792874435,-72.86850953907357,1.0000000000000004,1.953282887022393,-0.7330217829301766,367.79237100139505
237.06271247443215,-72.86662795856006,1.0000000000000007,1.952616566763398,-0.7315547516461862,367.7833677581075
237.09610099004877,-72.86474295632237,1.0000000000000007,1.9519506214245705,-0.7300887045112354,367.7743283088901
237.1294834653076,-72.86285452756269,1.0000000000000004,1.9512850487373345,-0.7286236398222208,367.76525265903496
237.16285988989054,-72.86096266748618,1.0000000000000009,1.9506198464308167,-0.7271595558834392,367.75614081383367
237.19623025344822,-72.85906737130101,1.0000000000000007,1.94995501223182,-0.7256964510066979,367.7469927785784
237.2295945456,-72.85716863421835,1.0000000000000007,1.9492905438648869,-0.724234323511233,367.7378085585609
237.26295275593415,-72.85526645145242,1.0000000000000007,1.9486264390523047,-0.7227731717237091,367.7285881590734
237.2963048740071,-72.85336081822052,1.0000000000000004,1.9479626955141445,-0.7213129939782732,367.71933158540736
237.329650889345,-72.85145172974293,1.0000000000000007,1.9472993109681607,-0.7198537886164686,367.7100388428552
237.3629907914425,-72.84953918124305,1.0000000000000007,1.94663628313001,-0.7183955539873388,367.70070993670873
237.3963245697635,-72.84762316794738,1.0000000000000007,1.9459736097130627,-0.7169382884473094,367.6913448722597
237.4296522137409,-72.8457036850855,1.0000000000000007,1.9453112884285275,-0.7154819903602352,367.6819436548003
237.46297371277677,-72.84378072789009,1.0000000000000007,1.9446493169854389,-0.7140266580974703,367.6725062896225
237.49628905624243,-72.84185429159702,1.0000000000000007,1.9439876930906923,-0.7125722900377021,367.66303278201775
237.52959823347848,-72.83992437144528,1.0000000000000007,1.943326414449018,-0.7111188845670817,367.65352313727857
237.56290123379503,-72.83799096267701,1.0000000000000004,1.9426654787629865,-0.7096664400791752,367.64397736069645
237.59619804647147,-72.83605406053752,1.0000000000000007,1.942004883733091,-0.7082149549749772,367.6343954575639
237.62948866075666,-72.83411366027535,1.0000000000000007,1.9413446270577612,-0.7067644276628648,367.6247774331722
237.66277306586926,-72.83216975714221,1.0000000000000007,1.9406847064332435,-0.7053148565586369,367.6151232928138
237.69605125099739,-72.83022234639303,1.0000000000000007,1.940025119553768,-0.7038662400855138,367.6054330417803
237.72932320529887,-72.82827142328598,1.0000000000000007,1.939365864111517,-0.7024185766740842,367.59570668536384
237.76258891790138,-72.8263169830825,1.0000000000000007,1.9387069377966117,-0.7009718647623302,367.5859442288563
237.79584837790256,-72.82435902104729,1.0000000000000007,1.9380483382970937,-0.6995261027956516,367.57614567754956
237.82910157436982,-72.82239753244824,1.0000000000000007,1.9373900632991035,-0.6980812892268453,367.5663110367357
237.86234849634036,-72.82043251255665,1.0000000000000007,1.9367321104866342,-0.6966374225160763,367.5564403117064
237.8955891328217,-72.81846395664707,1.0000000000000007,1.936074477541828,-0.6951945011308851,367.5465335077541
237.92882347279155,-72.81649185999737,1.0000000000000007,1.935417162144745,-0.6937525235461699,367.53659063017034
237.96205150519768,-72.81451621788877,1.0000000000000007,1.934760161973534,-0.6923114882442469,367.52661168424703
237.9952732189581,-72.8125370256058,1.0000000000000007,1.934103474704397,-0.6908713937147937,367.5165966752762
238.02848860296123,-72.81055427843638,1.0000000000000007,1.9334470980115963,-0.6894322384548488,367.50654560854974
238.06169764606582,-72.80856797167182,1.0000000000000007,1.932791029567488,-0.6879940209687874,367.49645848935984
238.09490033710122,-72.80657810060677,1.0000000000000007,1.9321352670424847,-0.6865567397683847,367.48633532299823
238.12809666486723,-72.80458466053933,1.0000000000000007,1.9314798081051254,-0.6851203933727597,367.4761761147569
238.1612866181341,-72.802587646771,1.0000000000000004,1.9308246504221405,-0.6836849803083744,367.4659808699276
238.19447018564324,-72.8005870546067,1.0000000000000007,1.9301697916582565,-0.6822504991090241,367.4557495938025
238.22764735610627,-72.79858287935481,1.0000000000000007,1.9295152294764861,-0.6808169483158544,367.44548229167367
238.26081811820598,-72.79657511632716,1.0000000000000007,1.9288609615379393,-0.6793843264773969,367.4351789688327
238.29398246059603,-72.79456376083908,1.0000000000000007,1.9282069855018715,-0.6779526321494451,367.42483963057157
238.32714037190087,-72.79254880820933,1.0000000000000007,1.9275532990258313,-0.6765218638951787,367.4144642821826
238.36029184071606,-72.79053025376021,1.0000000000000007,1.9268998997655196,-0.6750920202850885,367.4040529289574
238.39343685560848,-72.78850809281752,1.0000000000000007,1.9262467853748042,-0.6736630998969879,367.393605576188
238.4265754051161,-72.78648232071062,1.0000000000000007,1.925593953505862,-0.6722351013159837,367.38312222916625
238.4597074777477,-72.78445293277238,1.0000000000000007,1.9249414018090967,-0.670808023134537,367.37260289318414
238.49283306198402,-72.78241992433921,1.0000000000000007,1.9242891279331502,-0.6693818639524132,367.36204757353363
238.52595214627686,-72.78038329075112,1.0000000000000004,1.9236371295249732,-0.667956622376682,367.3514562755066
238.55906471904962,-72.77834302735171,1.0000000000000007,1.9229854042297667,-0.6665322970216749,367.3408290043953
238.59217076869712,-72.77629912948812,1.0000000000000007,1.9223339496910707,-0.6651088865090884,367.3301657654912
238.62527028358593,-72.77425159251116,1.0000000000000007,1.9216827635507148,-0.6636863894678946,367.31946656408667
238.65836325205422,-72.77220041177522,1.0000000000000007,1.9210318434488798,-0.6622648045343382,367.3087314054732
238.69144966241194,-72.77014558263838,1.0000000000000007,1.9203811870240504,-0.6608441303519186,367.29796029494304
238.72452950294095,-72.76808710046228,1.0000000000000007,1.9197307919131177,-0.6594243655714997,367.2871532377881
238.75760276189484,-72.76602496061231,1.0000000000000004,1.919080655751305,-0.6580055088511649,367.2763102393003
238.79066942749935,-72.76395915845752,1.0000000000000004,1.9184307761722383,-0.6565875588562768,367.26543130477154
238.82372948795222,-72.7618896893706,1.0000000000000007,1.9177811508079277,-0.6551705142594706,367.2545164394937
238.8567829314233,-72.75981654872798,1.0000000000000004,1.9171317772888017,-0.653754373740675,367.24356564875893
238.88982974605457,-72.75773973190982,1.0000000000000004,1.9164826532437473,-0.652339135987031,367.232578937859
238.92286991996056,-72.75565923429997,1.0000000000000004,1.91583377629998,-0.6509247996929872,367.2215563120859
238.95590344122772,-72.75357505128605,1.0000000000000004,1.9151851440833187,-0.649511363560169,367.21049777673153
238.98893029791526,-72.75148717825945,1.0000000000000007,1.9145367542179255,-0.6480988262975345,367.1994033370879
239.021950478055,-72.74939561061527,1.0000000000000007,1.9138886043264982,-0.646687186621218,367.1882729984469
239.05496396965066,-72.74730034375246,1.0000000000000004,1.9132406920302056,-0.6452764432546587,367.1771067661005
239.08797076067933,-72.74520137307373,1.0000000000000004,1.9125930149487171,-0.6438665949284541,367.1659046453406
239.1209708390905,-72.74309869398562,1.0000000000000004,1.9119455707002366,-0.6424576403804778,367.1546666414591
239.15396419280648,-72.74099230189843,1.0000000000000007,1.9112983569014954,-0.6410495783558083,367.143392759748
239.18695080972253,-72.7388821922264,1.0000000000000007,1.9106513711677504,-0.6396424076067575,367.1320830054994
239.21993067770674,-72.73676836038752,1.0000000000000007,1.9100046111128677,-0.6382361268928562,367.12073738400505
239.25290378460028,-72.73465080180367,1.0000000000000007,1.909358074349223,-0.6368307349808511,367.10935590055675
239.28587011821745,-72.73252951190064,1.0000000000000007,1.9087117584878133,-0.6354262306446437,367.0979385604468
239.31882966634564,-72.73040448610806,1.0000000000000007,1.9080656611382008,-0.6340226126653903,367.08648536896686
239.35178241674558,-72.72827571985948,1.0000000000000004,1.9074197799085955,-0.6326198798314238,367.0749963314089
239.3847283571513,-72.72614320859236,1.0000000000000004,1.9067741124057918,-0.631218030938296,367.06347145306495
239.41766747527006,-72.72400694774808,1.0000000000000004,1.9061286562352944,-0.6298170647887105,367.051910739227
239.4505997587828,-72.72186693277195,1.0000000000000009,1.9054834090011852,-0.6284169801925614,367.04031419518697
239.48352519534396,-72.71972315911326,1.0000000000000007,1.9048383683062458,-0.6270177759669266,367.0286818262366
239.51644377258154,-72.71757562222521,1.0000000000000007,1.9041935317519165,-0.6256194509360675,367.01701363766813
239.5493554780974,-72.71542431756504,1.0000000000000004,1.9035488969382968,-0.6242220039314077,367.00530963477325
239.58226029946712,-72.71326924059392,1.0000000000000007,1.902904461464285,-0.6228254337914976,366.9935698228439
239.6151582242398,-72.71111038677707,1.0000000000000007,1.9022602229274064,-0.6214297393620996,366.98179420717224
239.6480492399389,-72.70894775158368,1.0000000000000007,1.901616178923943,-0.6200349194961348,366.96998279305
239.68093333406176,-72.70678133048699,1.0000000000000007,1.9009723270489456,-0.6186409730535978,366.9581355857693
239.71381049407978,-72.70461111896427,1.0000000000000007,1.9003286648961684,-0.6172478989017058,366.9462525906219
239.74668070743851,-72.70243711249684,1.0000000000000004,1.8996851900581984,-0.6158556959147887,366.9343338128999
239.77954396155792,-72.70025930657009,1.0000000000000007,1.8990419001262993,-0.6144643629742923,366.92237925789516
239.81240024383192,-72.69807769667348,1.0000000000000004,1.898398792690669,-0.6130738989688247,366.91038893089956
239.84524954162913,-72.69589227830056,1.0000000000000004,1.897755865340228,-0.6116843027940817,366.898362837205
239.87809184229266,-72.69370304694897,1.0000000000000004,1.8971131156626697,-0.6102955733528859,366.88630098210365
239.91092713313986,-72.69150999812048,1.0000000000000007,1.8964705412446623,-0.6089077095552149,366.87420337088747
239.94375540146314,-72.68931312732096,1.0000000000000004,1.895828139671556,-0.6075207103181306,366.8620700088481
239.97657663452924,-72.68711243006045,1.0000000000000007,1.8951859085276936,-0.6061345745657398,366.8499009012776
240.00939081957983,-72.68490790185314,1.0000000000000004,1.8945438453962264,-0.6047493012293295,366.83769605346794
240.04219794383164,-72.68269953821729,1.0000000000000007,1.893901947859156,-0.6033648892472776,366.82545547071123
240.07499799447595,-72.68048733467548,1.0000000000000004,1.8932602134974612,-0.6019813375649861,366.8131791582991
240.10779095867926,-72.67827128675437,1.0000000000000007,1.892618639891019,-0.6005986451349976,366.8008671215236
240.1405768235834,-72.67605138998483,1.0000000000000007,1.8919772246185271,-0.5992168109168858,366.7885193656767
240.17335557630508,-72.67382763990199,1.0000000000000007,1.8913359652577473,-0.5978358338773617,366.7761358960506
240.2061272039361,-72.67160003204515,1.0000000000000007,1.8906948593853272,-0.5964557129901422,366.76371671793675
240.23889169354405,-72.66936856195785,1.0000000000000004,1.890053904576849,-0.5950764472360568,366.7512618366273
240.2716490321717,-72.66713322518792,1.0000000000000004,1.8894130984069282,-0.5936980356029302,366.73877125741416
240.30439920683725,-72.66489401728741,1.0000000000000007,1.8887724384491467,-0.5923204770856891,366.7262449855895
240.33714220453467,-72.66265093381261,1.0000000000000004,1.8881319222760595,-0.590943770686291,366.71368302644504
240.36987801223353,-72.66040397032414,1.0000000000000004,1.8874915474592129,-0.5895679154137561,366.70108538527273
240.4026066168789,-72.65815312238692,1.0000000000000007,1.8868513115692913,-0.5881929102840857,366.68845206736466
240.435328005392,-72.65589838557011,1.0000000000000007,1.8862112121758763,-0.5868187543203405,366.67578307801256
240.46804216466973,-72.65363975544727,1.0000000000000004,1.8855712468476682,-0.585445446552626,366.66307842250853
240.50074908158504,-72.65137722759623,1.0000000000000007,1.8849314131524366,-0.5840729860180431,366.65033810614426
240.53344874298693,-72.64911079759916,1.0000000000000007,1.8842917086569742,-0.5827013717607237,366.63756213421215
240.56614113570052,-72.6468404610426,1.0000000000000004,1.8836521309272118,-0.581330602831791,366.6247505120037
240.59882624652718,-72.64456621351746,1.0000000000000007,1.8830126775281357,-0.5799606782893569,366.61190324481095
240.6315040622444,-72.64228805061903,1.0000000000000007,1.8823733460239094,-0.5785915971985709,366.599020337926
240.66417456960642,-72.64000596794692,1.0000000000000007,1.881734133977714,-0.5772233586315636,366.5861017966408
240.69683775534355,-72.63771996110522,1.0000000000000007,1.8810950389519547,-0.57585596166739,366.573147626247
240.72949360616278,-72.63543002570238,1.0000000000000007,1.880456058508182,-0.5744894053922103,366.5601578320367
240.76214210874807,-72.63313615735127,1.0000000000000007,1.8798171902070155,-0.573123688899031,366.5471324193021
240.79478324975918,-72.63083835166924,1.0000000000000004,1.879178431608377,-0.5717588112879142,366.53407139333467
240.82741701583353,-72.62853660427805,1.0000000000000004,1.878539780271268,-0.5703947716658142,366.52097475942674
240.8600433935851,-72.62623091080388,1.0000000000000007,1.8779012337539136,-0.5690315691467198,366.5078425228701
240.8926623696047,-72.62392126687743,1.0000000000000007,1.8772627896138214,-0.5676692028515156,366.49467468895654
240.92527393046032,-72.62160766813388,1.0000000000000007,1.8766244454076055,-0.5663076719080316,366.4814712629782
240.957878062697,-72.6192901102128,1.0000000000000007,1.875986198691189,-0.5649469754511109,366.46823225022706
240.990474752837,-72.6169685887584,1.0000000000000007,1.875348047019708,-0.563587112622411,366.4549576559949
241.02306398737983,-72.6146430994193,1.0000000000000007,1.874709987947556,-0.5622280825706518,366.44164748557375
241.0556457528023,-72.61231363784867,1.0000000000000007,1.8740720190284357,-0.5608698844513498,366.4283017442555
241.0882200355587,-72.60998019970424,1.0000000000000007,1.8734341378152966,-0.5595125174270308,366.41492043733206
241.12078682208085,-72.60764278064826,1.0000000000000007,1.872796341860397,-0.5581559806670633,366.40150357009543
241.15334609877812,-72.60530137634748,1.0000000000000007,1.872158628715292,-0.556800273347811,366.3880511478377
