galstreams/tracks/track.ACS.grillmair2006.ecsv
# %ECSV 0.9
# ---
# datatype:
# - {name: sc.ra, unit: deg, datatype: float64}
# - {name: sc.dec, unit: deg, datatype: float64}
# - {name: sc.distance, unit: kpc, datatype: float64}
# - {name: width, datatype: float64}
# meta: !!omap
# - __serialized_columns__:
#     sc:
#       __class__: astropy.coordinates.sky_coordinate.SkyCoord
#       dec: !astropy.table.SerializedColumn
#         __class__: astropy.coordinates.angles.Latitude
#         unit: &id001 !astropy.units.Unit {unit: deg}
#         value: !astropy.table.SerializedColumn {name: sc.dec}
#       distance: !astropy.table.SerializedColumn
#         __class__: astropy.coordinates.distances.Distance
#         unit: !astropy.units.Unit {unit: kpc}
#         value: !astropy.table.SerializedColumn {name: sc.distance}
#       frame: icrs
#       ra: !astropy.table.SerializedColumn
#         __class__: astropy.coordinates.angles.Longitude
#         unit: *id001
#         value: !astropy.table.SerializedColumn {name: sc.ra}
#         wrap_angle: !astropy.coordinates.Angle
#           unit: *id001
#           value: 360.0
#       representation_type: spherical
# schema: astropy-2.0
sc.ra sc.dec sc.distance width
[from data line 2822]
128.31221996668518 27.461451579597636 8.9 5.0
128.31301522836844 27.471426653503606 8.9 5.0
128.3138106340378 27.48140172289097 8.9 5.0
128.31460618378048 27.49137678775691 8.9 5.0
128.3154018776838 27.501351848098786 8.9 5.0
128.3161977158352 27.511326903913773 8.9 5.0
128.316993698322 27.52130195519913 8.9 5.0
128.31778982523176 27.531277001952187 8.9 5.0
128.3185860966519 27.54125204417011 8.9 5.0
128.3193825126701 27.55122708185019 8.9 5.0
128.3201790733739 27.561202114989666 8.9 5.0
128.32097577885096 27.571177143585764 8.9 5.0
128.32177262918907 27.5811521676358 8.9 5.0
128.32256962447593 27.591127187136944 8.9 5.0
128.32336676479935 27.601102202086462 8.9 5.0
128.3241640502472 27.611077212481597 8.9 5.0
128.32496148090746 27.621052218319583 8.9 5.0
128.32575905686798 27.631027219597666 8.9 5.0
128.32655677821688 27.64100221631307 8.9 5.0
128.32735464504213 27.65097720846304 8.9 5.0
128.32815265743193 27.660952196044807 8.9 5.0
128.32895081547434 27.6709271790556 8.9 5.0
128.32974911925763 27.680902157492646 8.9 5.0
128.33054756887006 27.690877131353176 8.9 5.0
128.33134616439997 27.700852100634417 8.9 5.0
128.33214490593565 27.710827065333593 8.9 5.0
128.33294379356553 27.72080202544793 8.9 5.0
128.33374282737807 27.73077698097465 8.9 5.0
128.33454200746186 27.740751931910964 8.9 5.0
128.33534133390532 27.750726878254103 8.9 5.0
128.33614080679718 27.760701820001277 8.9 5.0
128.336940426226 27.770676757149698 8.9 5.0
128.3377401922806 27.780651689696587 8.9 5.0
128.33854010504962 27.790626617639184 8.9 5.0
128.33934016462194 27.800601540974615 8.9 5.0
128.34014037108642 27.81057645970017 8.9 5.0
128.34094072453195 27.820551373813032 8.9 5.0
128.3417412250475 27.8305262833104 8.9 5.0
128.3425418727221 27.840501188189517 8.9 5.0
128.3433426676448 27.850476088447497 8.9 5.0
128.34414360990468 27.860450984081627 8.9 5.0
128.34494469959094 27.8704258750891 8.9 5.0
128.34574593679278 27.88040076146704 8.9 5.0
128.34654732159947 27.890375643212746 8.9 5.0
128.34734885410035 27.900350520323332 8.9 5.0
128.3481505343847 27.910325392796004 8.9 5.0
128.34895236254204 27.920300260628004 8.9 5.0
128.34975433866174 27.93027512381648 8.9 5.0
128.35055646283342 27.94024998235862 8.9 5.0
128.35135873514656 27.950224836251625 8.9 5.0
128.35216115569085 27.960199685492647 8.9 5.0
128.3529637245559 27.97017453007895 8.9 5.0
128.35376644183145 27.98014937000764 8.9 5.0
128.35456930760733 27.990124205275915 8.9 5.0
128.35537232197328 28.00009903588096 8.9 5.0
128.35617548501918 28.01007386181996 8.9 5.0
128.35697879683502 28.020048683090074 8.9 5.0
128.3577822575107 28.030023499688493 8.9 5.0
128.35858586713636 28.039998311612376 8.9 5.0
128.35938962580198 28.0499731188589 8.9 5.0
128.36019353359768 28.059947921425238 8.9 5.0
128.36099759061375 28.069922719308554 8.9 5.0
128.3618017969403 28.079897512506 8.9 5.0
128.3626061526677 28.089872301014765 8.9 5.0
128.36341065788625 28.099847084832 8.9 5.0
128.36421531268633 28.10982186395487 8.9 5.0
128.36502011715842 28.11979663838052 8.9 5.0
128.36582507139298 28.12977140810613 8.9 5.0
128.36663017548054 28.13974617312883 8.9 5.0
128.36743542951174 28.1497209334458 8.9 5.0
128.3682408335772 28.159695689054185 8.9 5.0
128.3690463877676 28.169670439951126 8.9 5.0
128.36985209217374 28.179645186133783 8.9 5.0
128.3706579468864 28.189619927599303 8.9 5.0
128.37146395199642 28.19959466434483 8.9 5.0
128.37227010759472 28.209569396367506 8.9 5.0
128.37307641377222 28.219544123664488 8.9 5.0
128.37388287062004 28.22951884623292 8.9 5.0
128.37468947822907 28.23949356406989 8.9 5.0
128.37549623669057 28.249468277172593 8.9 5.0
128.3763031460957 28.25944298553818 8.9 5.0
128.37711020653558 28.2694176891637 8.9 5.0
128.37791741810156 28.27939238804639 8.9 5.0
128.37872478088494 28.289367082183308 8.9 5.0
128.3795322949771 28.299341771571584 8.9 5.0
128.38033996046948 28.30931645620842 8.9 5.0
128.38114777745355 28.31929113609084 8.9 5.0
128.38195574602085 28.32926581121608 8.9 5.0
128.38276386626296 28.33924048158117 8.9 5.0
128.38357213827152 28.349215147183255 8.9 5.0
128.38438056213818 28.35918980801951 8.9 5.0
128.3851891379548 28.36916446408699 8.9 5.0
128.38599786581307 28.379139115382824 8.9 5.0
128.38680674580485 28.38911376190415 8.9 5.0
128.3876157780221 28.399088403648058 8.9 5.0
128.3884249625567 28.40906304061167 8.9 5.0
128.38923429950074 28.419037672792097 8.9 5.0
128.3900437889463 28.42901230018644 8.9 5.0
128.39085343098535 28.438986922791813 8.9 5.0
128.39166322571018 28.448961540605332 8.9 5.0
128.39247317321298 28.45893615362408 8.9 5.0
128.39328327358604 28.46891076184516 8.9 5.0
128.39409352692164 28.478885365265683 8.9 5.0
128.3949039333122 28.488859963882746 8.9 5.0
128.39571449285015 28.498834557693446 8.9 5.0
128.39652520562797 28.508809146694865 8.9 5.0
128.3973360717382 28.518783730884113 8.9 5.0
128.39814709127344 28.528758310258276 8.9 5.0
128.39895826432638 28.538732884814443 8.9 5.0
128.39976959098962 28.548707454549696 8.9 5.0
128.40058107135602 28.558682019461138 8.9 5.0
128.40139270551828 28.56865657954584 8.9 5.0
128.40220449356934 28.578631134800887 8.9 5.0
128.40301643560213 28.588605685223364 8.9 5.0
128.4038285317096 28.598580230810352 8.9 5.0
128.4046407819847 28.608554771558925 8.9 5.0
128.40545318652062 28.618529307466158 8.9 5.0
128.40626574541042 28.628503838529138 8.9 5.0
128.4070784587473 28.638478364744927 8.9 5.0
128.40789132662454 28.648452886110615 8.9 5.0
128.40870434913535 28.65842740262322 8.9 5.0
128.40951752637315 28.66840191427987 8.9 5.0
128.41033085843137 28.678376421077616 8.9 5.0
128.41114434540333 28.68835092301348 8.9 5.0
128.41195798738266 28.698325420084597 8.9 5.0
128.41277178446288 28.708299912287945 8.9 5.0
128.41358573673764 28.718274399620654 8.9 5.0
128.41439984430053 28.728248882079775 8.9 5.0
128.41521410724542 28.738223359662303 8.9 5.0
128.41602852566595 28.748197832365385 8.9 5.0
128.41684309965603 28.75817230018599 8.9 5.0
128.41765782930952 28.768146763121205 8.9 5.0
128.41847271472042 28.778121221168078 8.9 5.0
128.41928775598268 28.78809567432365 8.9 5.0
128.42010295319034 28.798070122584974 8.9 5.0
128.42091830643758 28.808044565949086 8.9 5.0
128.42173381581847 28.818019004413042 8.9 5.0
128.4225494814273 28.82799343797387 8.9 5.0
128.42336530335834 28.83796786662861 8.9 5.0
128.4241812817059 28.84794229037431 8.9 5.0
128.42499741656434 28.85791670920799 8.9 5.0
128.42581370802816 28.867891123126693 8.9 5.0
128.4266301561918 28.877865532127448 8.9 5.0
128.42744676114984 28.88783993620729 8.9 5.0
128.42826352299687 28.897814335363243 8.9 5.0
128.42908044182758 28.907788729592333 8.9 5.0
128.4298975177366 28.917763118891582 8.9 5.0
128.43071475081882 28.92773750325802 8.9 5.0
128.43153214116896 28.937711882688667 8.9 5.0
128.432349688882 28.947686257180546 8.9 5.0
128.43316739405276 28.957660626730668 8.9 5.0
128.4339852567763 28.967634991336052 8.9 5.0
128.43480327714772 28.977609350993706 8.9 5.0
128.435621455262 28.987583705700658 8.9 5.0
128.4364397912144 28.997558055453908 8.9 5.0
128.43725828510014 29.00753240025047 8.9 5.0
128.43807693701436 29.017506740087345 8.9 5.0
128.43889574705253 29.02748107496154 8.9 5.0
128.43971471530998 29.037455404870094 8.9 5.0
128.44053384188214 29.047429729809924 8.9 5.0
128.44135312686447 29.05740404977811 8.9 5.0
128.44217257035262 29.06737836477162 8.9 5.0
128.44299217244208 29.07735267478746 8.9 5.0
128.4438119332286 29.087326979822645 8.9 5.0
128.44463185280785 29.097301279874095 8.9 5.0
128.44545193127558 29.10727557493887 8.9 5.0
128.44627216872772 29.117249865013974 8.9 5.0
128.44709256526008 29.1272241500963 8.9 5.0
128.44791312096862 29.13719843018295 8.9 5.0
128.4487338359493 29.147172705270833 8.9 5.0
128.4495547102983 29.157146975356923 8.9 5.0
128.45037574411157 29.167121240438288 8.9 5.0
128.45119693748538 29.17709550051182 8.9 5.0
128.45201829051592 29.187069755574527 8.9 5.0
128.45283980329947 29.197044005623386 8.9 5.0
128.4536614759324 29.207018250655345 8.9 5.0
128.4544833085111 29.216992490667455 8.9 5.0
128.45530530113197 29.22696672565659 8.9 5.0
128.45612745389155 29.236940955619776 8.9 5.0
128.45694976688645 29.246915180553966 8.9 5.0
128.45777224021325 29.256889400456114 8.9 5.0
128.4585948739686 29.2668636153232 8.9 5.0
128.4594176682493 29.276837825152167 8.9 5.0
128.46024062315212 29.28681202994 8.9 5.0
128.4610637387739 29.296786229683626 8.9 5.0
128.46188701521152 29.306760424380034 8.9 5.0
128.46271045256202 29.316734614026146 8.9 5.0
128.46353405092236 29.326708798618935 8.9 5.0
128.46435781038966 29.33668297815535 8.9 5.0
128.46518173106102 29.346657152632332 8.9 5.0
128.46600581303363 29.356631322046827 8.9 5.0
128.4668300564048 29.36660548639579 8.9 5.0
128.46765446127182 29.376579645676163 8.9 5.0
128.46847902773197 29.38655379988488 8.9 5.0
128.4693037558828 29.396527949018886 8.9 5.0
128.47012864582175 29.406502093075115 8.9 5.0
128.4709536976463 29.416476232050503 8.9 5.0
128.47177891145412 29.426450365942017 8.9 5.0
128.47260428734282 29.436424494746504 8.9 5.0
128.47342982541016 29.446398618460975 8.9 5.0
128.47425552575388 29.456372737082336 8.9 5.0
128.47508138847178 29.466346850607515 8.9 5.0
128.47590741366182 29.476320959033462 8.9 5.0
128.47673360142187 29.486295062357012 8.9 5.0
128.47755995184997 29.496269160575178 8.9 5.0
128.47838646504425 29.50624325368487 8.9 5.0
128.4792131411027 29.516217341682943 8.9 5.0
128.48003998012356 29.526191424566388 8.9 5.0
128.48086698220507 29.536165502332068 8.9 5.0
128.4816941474455 29.5461395749769 8.9 5.0
128.48252147594326 29.556113642497838 8.9 5.0
128.4833489677967 29.566087704891718 8.9 5.0
128.48417662310433 29.57606176215555 8.9 5.0
128.48500444196463 29.58603581428613 8.9 5.0
128.48583242447626 29.596009861280397 8.9 5.0
128.4866605707378 29.605983903135318 8.9 5.0
128.48748888084796 29.6159579398477 8.9 5.0
128.48831735490555 29.625931971414502 8.9 5.0
128.48914599300932 29.63590599783258 8.9 5.0
128.48997479525826 29.645880019098843 8.9 5.0
128.49080376175118 29.65585403521019 8.9 5.0
128.49163289258718 29.665828046163508 8.9 5.0
128.49246218786527 29.675802051955678 8.9 5.0
128.49329164768457 29.685776052583595 8.9 5.0
128.4941212721443 29.69575004804414 8.9 5.0
128.4949510613436 29.7057240383342 8.9 5.0
128.49578101538185 29.715698023450646 8.9 5.0
128.49661113435837 29.72567200339037 8.9 5.0
128.4974414183726 29.735645978150238 8.9 5.0
128.49827186752398 29.74561994772713 8.9 5.0
128.49910248191205 29.755593912117916 8.9 5.0
128.4999332616364 29.765567871319483 8.9 5.0
128.50076420679667 29.775541825328673 8.9 5.0
128.50159531749262 29.78551577414238 8.9 5.0
128.50242659382394 29.795489717757444 8.9 5.0
128.50325803589052 29.805463656170758 8.9 5.0
128.50408964379227 29.81543758937917 8.9 5.0
128.50492141762905 29.825411517379536 8.9 5.0
128.50575335750094 29.835385440168714 8.9 5.0
128.50658546350797 29.84535935774357 8.9 5.0
128.50741773575035 29.855333270100953 8.9 5.0
128.50825017432814 29.86530717723775 8.9 5.0
128.50908277934167 29.87528107915072 8.9 5.0
128.50991555089126 29.885254975836794 8.9 5.0
128.51074848907726 29.895228867292825 8.9 5.0
128.51158159400003 29.905202753515585 8.9 5.0
128.51241486576015 29.915176634502 8.9 5.0
128.5132483044582 29.92515051024885 8.9 5.0
128.51408191019465 29.935124380752974 8.9 5.0
128.51491568307029 29.945098246011288 8.9 5.0
128.5157496231858 29.955072106020506 8.9 5.0
128.516583730642 29.965045960777587 8.9 5.0
128.5174180055397 29.975019810279285 8.9 5.0
128.51825244797982 29.98499365452242 8.9 5.0
128.5190870580634 29.994967493503893 8.9 5.0
128.51992183589144 30.004941327220465 8.9 5.0
128.52075678156498 30.01491515566899 8.9 5.0
128.52159189518522 30.024888978846267 8.9 5.0
128.5224271768534 30.034862796749135 8.9 5.0
128.52326262667071 30.044836609374414 8.9 5.0
128.5240982447386 30.054810416718908 8.9 5.0
128.5249340311584 30.064784218779444 8.9 5.0
128.52576998603163 30.07475801555282 8.9 5.0
128.52660610945972 30.08473180703587 8.9 5.0
128.52744240154433 30.094705593225374 8.9 5.0
128.52827886238703 30.104679374118177 8.9 5.0
128.52911549208963 30.114653149711042 8.9 5.0
128.52995229075378 30.12462692000079 8.9 5.0
128.53078925848143 30.13460068498422 8.9 5.0
128.53162639537436 30.144574444658154 8.9 5.0
128.5324637015346 30.154548199019356 8.9 5.0
128.53330117706412 30.164521948064646 8.9 5.0
128.534138822065 30.17449569179079 8.9 5.0
128.53497663663939 30.184469430194596 8.9 5.0
128.53581462088945 30.19444316327287 8.9 5.0
128.5366527749175 30.204416891022365 8.9 5.0
128.5374910988258 30.2143906134399 8.9 5.0
128.5383295927168 30.224364330522224 8.9 5.0
128.5391682566929 30.23433804226615 8.9 5.0
128.54000709085665 30.244311748668444 8.9 5.0
128.5408460953105 30.254285449725913 8.9 5.0
128.54168527015722 30.264259145435254 8.9 5.0
128.54252461549945 30.274232835793317 8.9 5.0
128.54336413143992 30.284206520796882 8.9 5.0
128.5442038180815 30.29418020044262 8.9 5.0
128.54504367552704 30.304153874727426 8.9 5.0
128.5458837038795 30.314127543647956 8.9 5.0
128.54672390324185 30.32410120720105 8.9 5.0
128.5475642737172 30.334074865383457 8.9 5.0
128.54840481540862 30.344048518191887 8.9 5.0
128.54924552841936 30.35402216562318 8.9 5.0
128.5500864128527 30.363995807674016 8.9 5.0
128.55092746881186 30.37396944434116 8.9 5.0
128.55176869640033 30.38394307562144 8.9 5.0
128.55261009572143 30.393916701511518 8.9 5.0
128.55345166687883 30.403890322008188 8.9 5.0
128.554293409976 30.41386393710816 8.9 5.0
128.5551353251165 30.423837546808215 8.9 5.0
128.55597741240413 30.43381115110509 8.9 5.0
128.55681967194266 30.44378474999552 8.9 5.0
128.55766210383587 30.45375834347623 8.9 5.0
128.55850470818766 30.463731931543972 8.9 5.0
128.55934748510197 30.473705514195466 8.9 5.0
128.56019043468277 30.483679091427472 8.9 5.0
128.56103355703422 30.49365266323669 8.9 5.0
128.56187685226038 30.50362622961986 8.9 5.0
128.56272032046553 30.51359979057372 8.9 5.0
128.56356396175389 30.523573346094967 8.9 5.0
128.56440777622979 30.53354689618037 8.9 5.0
128.56525176399757 30.54352044082659 8.9 5.0
128.56609592516182 30.553493980030392 8.9 5.0
128.56694025982694 30.563467513788478 8.9 5.0
128.5677847680975 30.573441042097546 8.9 5.0
128.5686294500783 30.58341456495434 8.9 5.0
128.56947430587394 30.593388082355546 8.9 5.0
128.57031933558918 30.60336159429788 8.9 5.0
128.57116453932886 30.61333510077805 8.9 5.0
128.57200991719796 30.62330860179275 8.9 5.0
128.57285546930137 30.633282097338697 8.9 5.0
128.57370119574423 30.643255587412572 8.9 5.0
128.57454709663148 30.6532290720111 8.9 5.0
128.57539317206837 30.663202551130972 8.9 5.0
128.57623942216017 30.67317602476889 8.9 5.0
128.57708584701209 30.68314949292147 8.9 5.0
128.57793244672948 30.6931229555855 8.9 5.0
128.57877922141782 30.703096412757617 8.9 5.0
128.57962617118258 30.713069864434523 8.9 5.0
128.58047329612924 30.723043310612937 8.9 5.0
128.5813205963635 30.73301675128944 8.9 5.0
128.58216807199096 30.742990186460837 8.9 5.0
128.58301572311746 30.752963616123715 8.9 5.0
128.58386354984873 30.762937040274753 8.9 5.0
128.58471155229063 30.772910458910708 8.9 5.0
128.58555973054914 30.782883872028172 8.9 5.0
128.58640808473024 30.792857279623824 8.9 5.0
128.58725661494003 30.802830681694353 8.9 5.0
128.58810532128462 30.81280407823639 8.9 5.0
128.5889542038702 30.82277746924668 8.9 5.0
128.58980326280303 30.832750854721805 8.9 5.0
128.59065249818946 30.84272423465845 8.9 5.0
128.59150191013586 30.852697609053262 8.9 5.0
128.5923514987487 30.862670977902926 8.9 5.0
128.59320126413454 30.872644341204065 8.9 5.0
128.5940512063999 30.882617698953347 8.9 5.0
128.59490132565148 30.8925910511474 8.9 5.0
128.595751621996 30.902564397782914 8.9 5.0
128.59660209554022 30.91253773885649 8.9 5.0
128.59745274639104 30.922511074364788 8.9 5.0
128.59830357465532 30.93248440430445 8.9 5.0
128.59915458044009 30.942457728672117 8.9 5.0
128.60000576385238 30.95243104746442 8.9 5.0
128.60085712499932 30.962404360677997 8.9 5.0
