galstreams/tracks/track.st.Orphan.ibata2020.ecsv
# %ECSV 0.9
# ---
# datatype:
# - {name: ra, unit: deg, datatype: float64}
# - {name: dec, unit: deg, datatype: float64}
# - {name: distance, unit: kpc, datatype: float64}
# - {name: pm_ra_cosdec, unit: mas / yr, datatype: float64}
# - {name: pm_dec, unit: mas / yr, datatype: float64}
# - {name: radial_velocity, unit: km / s, datatype: float64}
# delimiter: ','
# meta: !!omap
# - __serialized_columns__:
#     dec:
#       __class__: astropy.coordinates.angles.Latitude
#       unit: &id001 !astropy.units.Unit {unit: deg}
#       value: !astropy.table.SerializedColumn {name: dec}
#     distance:
#       __class__: astropy.coordinates.distances.Distance
#       unit: !astropy.units.Unit {unit: kpc}
#       value: !astropy.table.SerializedColumn {name: distance}
#     pm_dec:
#       __class__: astropy.units.quantity.Quantity
#       unit: !astropy.units.Unit {unit: mas / yr}
#       value: !astropy.table.SerializedColumn {name: pm_dec}
#     pm_ra_cosdec:
#       __class__: astropy.units.quantity.Quantity
#       unit: !astropy.units.Unit {unit: mas / yr}
#       value: !astropy.table.SerializedColumn {name: pm_ra_cosdec}
#     ra:
#       __class__: astropy.coordinates.angles.Longitude
#       unit: *id001
#       value: !astropy.table.SerializedColumn {name: ra}
#       wrap_angle: !astropy.coordinates.Angle
#         unit: *id001
#         value: 360.0
#     radial_velocity:
#       __class__: astropy.units.quantity.Quantity
#       unit: !astropy.units.Unit {unit: km / s}
#       value: !astropy.table.SerializedColumn {name: radial_velocity}
# schema: astropy-2.0
ra,dec,distance,pm_ra_cosdec,pm_dec,radial_velocity
[from data line 137]
167.2128719186886,-16.00606476244999,14.972348358020541,-2.4300449154823878,1.6968587153218848,3.368306851948935e-14
167.36659965806663,-16.41526779925351,14.917053313286456,-2.4465345822909352,1.7205984223272364,-1.2631150694808506e-14
167.5204487585857,-16.824555357327846,14.863103345225728,-2.463026792914473,1.7442364484097796,2.947268495455318e-14
167.67442342858334,-17.233929812869206,14.810509556066663,-2.4795208551824026,1.767767935062882,-1.6841534259744676e-14
167.82852790379877,-17.643393583652827,14.759283048037544,-2.496016048493375,1.791188036524673,-1.6841534259744676e-14
167.98276644864242,-18.052949129718126,14.709434923366668,-2.5125116230110422,1.8144919200611196,2.947268495455318e-14
168.13714335749916,-18.462598954038395,14.660976284282338,-2.529006798871706,1.837674766249872,-1.6841534259744676e-14
168.29166295606657,-18.872345603174686,14.613918233012837,-2.545500765404175,1.8607317692647931,-1.6841534259744676e-14
168.44632960273069,-19.282191667913516,14.568271871786468,-2.5619926803621262,1.8836581371610999,0.0
168.60114768997983,-19.692139783888106,14.524048302831522,-2.5784816691692893,1.9064490921610187,1.6841534259744676e-14
168.75612164585903,-20.1021926321828,14.481258628376295,-2.5949668241777517,1.9290998709398273,-8.420767129872338e-15
168.91125593546656,-20.512352939920266,14.439913950649078,-2.611447203939709,1.9516057249122127,8.420767129872338e-15
169.06655506249453,-20.9226234808312,14.400025371878177,-2.6279218324929383,1.9739619205187504,-1.6841534259744676e-14
169.22202357081542,-21.333007075806133,14.361603994291874,-2.644389698660332,1.9961637395124239,3.368306851948935e-14
169.37766604611693,-21.743506593429096,14.324660920118468,-2.6608497553637807,2.0182064792449825,4.210383564936169e-14
169.53348711758682,-22.154124950492616,14.289207251586259,-2.6773009189527146,2.0400854529530204,-8.420767129872338e-15
169.68949145965038,-22.56486511249396,14.255254090923536,-2.6937420685476328,2.0617959900435396,3.368306851948935e-14
169.84568379376284,-22.975730094112002,14.222812540358595,-2.7101720453988816,2.083333436378864,5.894536990910637e-14
170.002068890259,-23.386722959664656,14.191893702119732,-2.7265896522610418,2.10469315456064,1.6841534259744676e-14
170.15865157026286,-23.797846823546237,14.162508678435238,-2.7429936527831993,2.125870524212755,8.420767129872338e-15
170.3154367076598,-24.20910485064467,14.13466857153341,-2.759382770915413,2.1468609422629026,3.368306851948935e-14
170.47242923113453,-24.620500256738083,14.10838448364255,-2.7757556903316973,2.1676598232225626,4.210383564936169e-14
170.62963412627704,-25.032036308870413,14.083667516990939,-2.792111053869821,2.1882625994651135,-3.368306851948935e-14
170.78705643776073,-25.443716325705733,14.060528773806885,-2.808447462988223,2.2086647215018136,2.5262301389617013e-14
170.94470127159502,-25.855543677861043,14.038979356318674,-2.824763477240371,2.2288616582553376,8.420767129872338e-15
171.10257379745664,-26.267521788216925,14.019030366754603,-2.8410576137668566,2.248848897330557,-8.420767129872338e-15
171.26067925110272,-26.679654132206096,14.00069290734297,-2.857328346805543,2.268621945282229,2.5262301389617013e-14
171.4190229368701,-27.09194423807916,13.983978080312061,-2.8735741072200756,2.2881763278792353,0.0
171.57761023026418,-27.50439568714739,13.968896987890185,-2.889793282047059,2.3075075903650157,2.5262301389617013e-14
171.7364465806424,-27.91701211400229,13.95546073230562,-2.9059842140622276,2.3266112977137703,2.5262301389617013e-14
171.89553751399598,-28.329797206711373,13.943680415786673,-2.9221452013658955,2.3454830348820552,-8.420767129872338e-15
172.05488863583543,-28.74275470698996,13.933567140561637,-2.9382744969880292,2.3641184070553116,8.420767129872338e-15
172.21450563418458,-29.155888410348624,13.925132008858803,-2.9543703085132322,2.382513039888865,4.210383564936169e-14
172.37439428268803,-29.569202166216,13.918386122906469,-2.97043079772597,2.400662579742937,-2.5262301389617013e-14
172.5345604438382,-29.98269987803642,13.91334058493293,-2.9864540802763555,2.418562693911147,-4.210383564936169e-14
172.69501007232765,-30.39638550334232,13.910006497166474,-3.002438225366802,2.436209070841956,5.0524602779234026e-14
172.85574921853302,-30.81026305380077,13.908394961835405,-3.0183812554598735,2.4535974203525313,-3.368306851948935e-14
173.0167840321366,-31.22433659523402,13.908517081168016,-3.0342811460076566,2.470723473834415,4.210383564936169e-14
173.1781207658939,-31.63861024761365,13.910383957392595,-3.050135825202984,2.48758298445037,-3.368306851948935e-14
173.3397657795533,-32.05308818502775,13.914006692737443,-3.0659431737528213,2.504171727321796,8.420767129872338e-15
173.50172554393606,-32.467774635621254,13.919396389430855,-3.081701024674178,2.520485499705986,1.6841534259744676e-14
173.66400664518588,-32.88267388150858,13.926564149701122,-3.0974071631128646,2.53652012116254,-3.368306851948935e-14
173.82661578919542,-33.29779025865843,13.935521075776538,-3.113059326185438,2.552271433708166,3.368306851948935e-14
173.98955980622057,-33.71312815675059,13.946278269885402,-3.128655202844688,2.567735301959087,-3.368306851948935e-14
174.15284565569158,-34.128692019003864,13.958846834256013,-3.1441924337690144,2.582907613260208,3.368306851948935e-14
174.31648043123238,-34.544486341975386,13.973237871116654,-3.159668611276073,2.5977842778001907,0.0
174.4804713658986,-34.96051567533034,13.989462482695629,-3.17508127926102,2.6123612287114937,-1.6841534259744676e-14
174.64482583764737,-35.37678462158225,14.00753177122123,-3.190427933159783,2.626634422154426,-3.368306851948935e-14
174.80955137505083,-35.79329783580299,14.027456838921749,-3.205706019937688,2.6405998373841704,1.6841534259744676e-14
174.9746556632677,-36.21006002530251,14.049248788025483,-3.2209129381038912,2.6542534767997337,-1.6841534259744676e-14
175.14014655028703,-36.62707594927755,14.072918720760729,-3.2360460377519797,2.6675913659736725,3.368306851948935e-14
175.30603205345997,-37.04435041842935,14.098477739355776,-3.2511026206271874,2.6806095536613963,-1.6841534259744676e-14
175.47232036633625,-37.46188829454936,14.12593694603893,-3.2660799402206457,2.6933041117888004,-3.368306851948935e-14
175.63901986582275,-37.879694490073206,14.155307443038465,-3.280975201891131,2.7056711354168907,0.0
175.80613911968348,-38.29777396760189,14.1866003325827,-3.295785563014747,2.7177067426819894,1.6841534259744676e-14
175.97368689440134,-38.716131739390214,14.219826716899917,-3.310508133163063,2.72940707471004,-3.368306851948935e-14
176.14167216342264,-39.134772866801676,14.25499769821841,-3.3251399743101757,2.740768295503444,6.73661370389787e-14
176.31010411580877,-39.553702459729585,14.29212437876648,-3.3396781010692607,2.751786591798738,-3.368306851948935e-14
176.47899216531883,-39.97292567598369,14.331217860772412,-3.354119480959114,2.762458172893373,-1.6841534259744676e-14
176.6483459599504,-40.39244772064223,14.372289246464517,-3.3684610347013124,2.7727792704396927,1.6841534259744676e-14
176.81817539196737,-40.81227384536824,14.415349638071074,-3.3826996365485753,2.782746138204149,-3.368306851948935e-14
176.9884906084446,-41.232409347690265,14.460410137820379,-3.396832114644964,2.7923550517895954,5.0524602779234026e-14
177.15930202236373,-41.65285957024641,14.507481847940738,-3.4108552514186146,2.8016023083184516,3.368306851948935e-14
