galstreams/tracks/track.st.New-23.ibata2024.ecsv
# %ECSV 1.0
# ---
# datatype:
# - {name: ra, unit: deg, datatype: float64}
# - {name: dec, unit: deg, datatype: float64}
# - {name: distance, unit: kpc, datatype: float64}
# - {name: pm_ra_cosdec, unit: mas / yr, datatype: float64}
# - {name: pm_dec, unit: mas / yr, datatype: float64}
# - {name: radial_velocity, unit: km / s, datatype: float64}
# delimiter: ','
# meta: !!omap
# - __serialized_columns__:
#     dec:
#       __class__: astropy.coordinates.angles.Latitude
#       unit: &id001 !astropy.units.Unit {unit: deg}
#       value: !astropy.table.SerializedColumn {name: dec}
#     distance:
#       __class__: astropy.coordinates.distances.Distance
#       unit: !astropy.units.Unit {unit: kpc}
#       value: !astropy.table.SerializedColumn {name: distance}
#     pm_dec:
#       __class__: astropy.units.quantity.Quantity
#       unit: !astropy.units.Unit {unit: mas / yr}
#       value: !astropy.table.SerializedColumn {name: pm_dec}
#     pm_ra_cosdec:
#       __class__: astropy.units.quantity.Quantity
#       unit: !astropy.units.Unit {unit: mas / yr}
#       value: !astropy.table.SerializedColumn {name: pm_ra_cosdec}
#     ra:
#       __class__: astropy.coordinates.angles.Longitude
#       unit: *id001
#       value: !astropy.table.SerializedColumn {name: ra}
#       wrap_angle: !astropy.coordinates.Angle
#         unit: *id001
#         value: 360.0
#     radial_velocity:
#       __class__: astropy.units.quantity.Quantity
#       unit: !astropy.units.Unit {unit: km / s}
#       value: !astropy.table.SerializedColumn {name: radial_velocity}
# schema: astropy-2.0
ra,dec,distance,pm_ra_cosdec,pm_dec,radial_velocity
[from data line 143]
316.9596026788701,15.408074073025755,0.999999999999999,10.823183360637358,1.2547592129461265,-2333.6735646591865
316.96925069221305,15.412057599182539,0.9999999999999991,10.838728070955824,1.2509793459418006,-2327.6531785098514
316.9788996922295,15.416038359473138,0.999999999999999,10.854260965479284,1.2472018579654502,-2321.6448041825574
316.9885496782144,15.420016355445856,0.9999999999999991,10.869782050988277,1.2434267482880443,-2315.648430122336
316.99820064946266,15.423991588649105,0.999999999999999,10.88529133426232,1.239654016180367,-2309.6640447742116
317.00785260526925,15.427964060631318,0.999999999999999,10.9007888220805,1.2358836609127195,-2303.6916365832167
317.0175055449293,15.431933772941056,0.999999999999999,10.91627452122259,1.2321156817551469,-2297.731193994379
317.027159467738,15.435900727126933,0.999999999999999,10.931748438468333,1.2283500779772538,-2291.7827054527256
317.0368143729907,15.439864924737648,0.999999999999999,10.947210580597812,1.2245868488485172,-2285.846159403288
317.0464702599828,15.443826367322,0.9999999999999989,10.962660954389975,1.2208259936379733,-2279.9215442910927
317.0561271280098,15.447785056428845,0.999999999999999,10.978099566624138,1.217067511614374,-2274.008848561171
317.06578497636724,15.451740993607098,0.9999999999999991,10.99352642408087,1.2133114020461448,-2268.1080606585474
317.0754438043507,15.45569418040579,0.999999999999999,11.00894153353849,1.2095576642014407,-2262.2191690282566
317.08510361125616,15.459644618374023,0.999999999999999,11.024344901777596,1.205806297348019,-2256.3421621153216
317.09476439637933,15.463592309060962,0.999999999999999,11.039736535576708,1.2020573007533244,-2250.4770283647767
317.10442615901627,15.467537254015863,0.999999999999999,11.055116441715995,1.1983106736844888,-2244.6237562216447
317.1140888984629,15.471479454788074,0.999999999999999,11.07048462697415,1.1945664154083033,-2238.7823341309595
317.1237526140155,15.475418912926973,0.999999999999999,11.08584109813117,1.1908245251912462,-2232.9527505377487
317.13341730497024,15.479355629982079,0.999999999999999,11.101185861966457,1.187085002299611,-2227.134993887038
317.1430829706234,15.48328960750295,0.999999999999999,11.116518925259044,1.1833478459990516,-2221.3290526238607
317.1527496102716,15.487220847039236,0.999999999999999,11.13184029478873,1.1796130555551656,-2215.5349151932423
317.16241722321126,15.49114935014069,0.9999999999999991,11.14714997733418,1.1758806302331095,-2209.752570040212
317.172085808739,15.495075118357079,0.9999999999999992,11.162447979675335,1.17215056929777,-2203.9820056098006
317.18175536615144,15.498998153238311,0.9999999999999991,11.177734308590942,1.1684228720136645,-2198.223210347035
317.1914258947455,15.502918456334356,0.9999999999999992,11.193008970860774,1.1646975376449404,-2192.476172696945
317.2010973938181,15.506836029195254,0.9999999999999992,11.208271973263379,1.1609745654554757,-2186.740881104559
317.2107698626663,15.510750873371133,0.9999999999999991,11.22352332257907,1.1572539547088496,-2181.017324014905
317.22044330058714,15.514662990412214,0.9999999999999991,11.238763025585996,1.1535357046682009,-2175.305489873013
317.23011770687776,15.51857238186875,0.9999999999999991,11.25399108906339,1.149819814596455,-2169.605367123912
317.2397930808355,15.522479049291125,0.9999999999999992,11.26920751979091,1.1461062837560831,-2163.9169442126286
317.24946942175785,15.526382994229776,0.9999999999999991,11.284412324547588,1.1423951114093,-2158.240209584194
317.25914672894226,15.530284218235236,0.9999999999999992,11.299605510112741,1.1386862968180367,-2152.5751516836362
317.2688250016862,15.534182722858104,0.9999999999999992,11.314787083264491,1.1349798392437407,-2146.9217589559844
317.27850423928766,15.538078509649079,0.9999999999999991,11.329957050783008,1.1312757379476892,-2141.2800198462664
317.28818444104405,15.541971580158894,0.999999999999999,11.345115419446643,1.1275739921907046,-2135.6499227995114
317.2978656062535,15.545861935938412,0.999999999999999,11.36026219603454,1.123874601233382,-2130.0314562607477
317.3075477342139,15.549749578538549,0.9999999999999992,11.375397387325904,1.1201775643357905,-2124.424608675006
317.31723082422343,15.55363450951031,0.9999999999999991,11.390521000099369,1.116482880757843,-2118.829368487313
317.32691487558026,15.557516730404801,0.9999999999999991,11.405633041134024,1.1127905497591115,-2113.245724142699
317.33659988758257,15.561396242773142,0.9999999999999991,11.420733517208646,1.1091005705986277,-2107.673664086191
317.3462858595288,15.565273048166606,0.9999999999999991,11.435822435102608,1.1054129425354233,-2102.11317676282
317.3559727907175,15.56914714813651,0.999999999999999,11.450899801594403,1.1017276648278198,-2096.5642506176123
317.36566068044715,15.57301854423426,0.999999999999999,11.465965623462608,1.0980447367340247,-2091.0268740955994
317.37534952801644,15.576887238011334,0.9999999999999991,11.481019907486285,1.094364157511876,-2085.5010356418074
317.3850393327243,15.580753231019324,0.9999999999999991,11.496062660444466,1.090685926418871,-2079.9867237012677
317.39473009386955,15.584616524809832,0.9999999999999992,11.51109388911587,1.0870100427120946,-2074.4839267190077
317.40442181075105,15.58847712093461,0.9999999999999991,11.526113600279018,1.0833365056483046,-2068.992633140055
317.41411448266797,15.592335020945454,0.9999999999999991,11.541121800712205,1.0796653144839894,-2063.5128314094413
317.4238081089196,15.59619022639426,0.9999999999999991,11.556118497195172,1.0759964684752816,-2058.0445099721937
317.43350268880505,15.600042738832984,0.9999999999999991,11.571103696505617,1.07232996687776,-2052.5876572733387
317.4431982216239,15.6038925598137,0.9999999999999992,11.586077405422913,1.068665808947074,-2047.1422617579096
317.45289470667547,15.607739690888494,0.9999999999999992,11.601039630724841,1.0650039939380918,-2041.708311870933
317.4625921432595,15.611584133609602,0.9999999999999991,11.615990379190833,1.061344521105653,-2036.2857960574374
317.47229053067554,15.615425889529305,0.9999999999999991,11.630929657598898,1.0576873897040144,-2030.874702762452
317.48198986822354,15.619264960199981,0.9999999999999991,11.64585747272801,1.0540325989872628,-2025.4750204310062
317.4916901552033,15.623101347174071,0.9999999999999991,11.660773831355982,1.0503801482089585,-2020.0867375081273
317.50139139091493,15.62693505200413,0.9999999999999991,11.675678740261787,1.0467300366225487,-2014.7098424388457
317.51109357465845,15.630766076242738,0.9999999999999992,11.69057220622409,1.043082263480926,-2009.3443236681883
317.5207967057341,15.634594421442612,0.9999999999999992,11.705454236020614,1.0394368280367843,-2003.9901696411855
317.5305007834422,15.638420089156504,0.9999999999999992,11.72032483643062,1.035793729542192,-1998.647368802866
317.54020580708317,15.642243080937298,0.9999999999999992,11.735184014231777,1.0321529672492886,-1993.3159095982573
317.5499117759576,15.646063398337908,0.9999999999999992,11.750031776202661,1.0285145404094749,-1987.9957804723906
317.55961868936606,15.649881042911382,0.9999999999999992,11.76486812912168,1.024878448273995,-1982.686969870291
317.56932654660926,15.653696016210787,0.9999999999999991,11.779693079767014,1.021244690093738,-1977.3894662369905
317.57903534698806,15.657508319789308,0.9999999999999991,11.794506634917013,1.0176132651191239,-1972.103258017518
317.5887450898034,15.661317955200218,0.9999999999999991,11.809308801349943,1.0139841726003453,-1966.828333656901
317.59845577435635,15.665124923996858,0.9999999999999991,11.824099585843584,1.0103574117871261,-1961.5646816001677
317.6081673999482,15.668929227732662,0.9999999999999991,11.8388789951766,1.0067329819289341,-1956.3122902923467
317.6178799658799,15.672730867961103,0.9999999999999992,11.853647036126716,1.0031108822747683,-1951.07114817847
317.62759347145305,15.676529846235796,0.9999999999999993,11.868403715472311,0.9994911120734713,-1945.8412437035624
317.63730791596913,15.680326164110395,0.9999999999999992,11.88314903999185,0.9958736705731894,-1940.6225653126553
317.6470232987296,15.684119823138667,0.999999999999999,11.8978830164628,0.9922585570221116,-1935.4151014507756
317.65673961903616,15.687910824874429,0.9999999999999991,11.912605651663142,0.9886457706677731,-1930.218840562954
317.66645687619075,15.691699170871605,0.9999999999999991,11.927316952371172,0.9850353107572971,-1925.033771094218
317.6761750694951,15.695484862684179,0.9999999999999991,11.942016925364754,0.9814271765378351,-1919.8598814895963
317.6858941982514,15.699267901866225,0.9999999999999992,11.956705577422412,0.9778213672557712,-1914.69716019412
317.69561426176153,15.703048289971916,0.9999999999999993,11.971382915320845,0.9742178821573617,-1909.5455956528144
317.70533525932785,15.706826028555477,0.9999999999999991,11.986048945838803,0.9706167204883229,-1904.4051763107107
317.7150571902527,15.710601119171237,0.9999999999999991,12.000703675753897,0.9670178814941721,-1899.2758906128372
317.7247800538386,15.714373563373611,0.9999999999999991,12.01534711184405,0.9634213644199292,-1894.1577270042228
317.73450384938786,15.71814336271706,0.999999999999999,12.029979260886876,0.9598271685103583,-1889.0506739298944
317.7442285762032,15.721910518756166,0.9999999999999991,12.044600129659983,0.9562352930098541,-1883.9547198348828
317.7539542335876,15.72567503304557,0.999999999999999,12.059209724941638,0.9526457371623138,-1878.8698531642171
317.7636808208437,15.729436907140009,0.9999999999999991,12.073808053509111,0.9490585002113363,-1873.7960623629247
317.77340833727476,15.733196142594318,0.9999999999999991,12.08839512214044,0.9454735814002362,-1868.7333358760359
317.78313678218353,15.736952740963357,0.9999999999999992,12.102970937612866,0.9418909799718733,-1863.681662148577
317.79286615487337,15.74070670380211,0.9999999999999991,12.117535506703945,0.9383106951687097,-1858.641029625579
317.8025964546476,15.744458032665646,0.999999999999999,12.132088836191286,0.9347327262328804,-1853.6114267520707
317.81232768080963,15.748206729109114,0.9999999999999991,12.146630932852815,0.9311570724061937,-1848.5928419730797
317.822059832663,15.751952794687726,0.9999999999999991,12.161161803465774,0.9275837329300316,-1843.585263733637
317.8317929095114,15.755696230956806,0.9999999999999993,12.175681454807489,0.9240127070453781,-1838.5886804787679
317.84152691065844,15.759437039471713,0.9999999999999991,12.190189893655514,0.9204439939928619,-1833.603080653503
317.85126183540814,15.76317522178794,0.9999999999999991,12.204687126787434,0.9168775930127993,-1828.628452702873
317.8609976830644,15.766910779461035,0.999999999999999,12.21917316098029,0.9133135033450799,-1823.6647850719035
317.8707344529313,15.770643714046637,0.9999999999999991,12.233648003011467,0.9097517242291389,-1818.712066205624
317.88047214431305,15.774374027100468,0.9999999999999994,12.24811165965852,0.9061922549042407,-1813.7702845490653
317.8902107565141,15.778101720178332,0.9999999999999992,12.262564137698831,0.9026350946090531,-1808.8394285472546
317.89995028883857,15.7818267948361,0.9999999999999992,12.277005443909076,0.899080242582059,-1803.9194866452196
317.9096907405912,15.785549252629737,0.9999999999999993,12.291435585066893,0.8955276980611302,-1799.010447287992
317.9194321110766,15.789269095115312,0.9999999999999991,12.305854567949297,0.8919774602840107,-1794.1122989205983
317.9291743995996,15.792986323848938,0.9999999999999993,12.320262399333473,0.8884295284878618,-1789.2250299880677
317.938917605465,15.79670094038684,0.9999999999999992,12.334659085996464,0.8848839019096033,-1784.3486289354305
317.9486617279778,15.80041294628533,0.9999999999999993,12.349044634715455,0.8813405797857286,-1779.483084207713
317.9584067664431,15.804122343100753,0.9999999999999993,12.363419052267233,0.877799561352262,-1774.628384249946
317.9681527201661,15.807829132389601,0.9999999999999992,12.377782345429154,0.8742608458450434,-1769.7845175071568
317.9778995884521,15.811533315708411,0.9999999999999992,12.392134520978004,0.8707244324993155,-1764.951472424375
317.9876473706066,15.815234894613814,0.9999999999999993,12.406475585690657,0.8671903205500371,-1760.129237446631
317.99739606593516,15.818933870662523,0.9999999999999993,12.420805546344099,0.863658509231854,-1755.3178010189504
318.00714567374354,15.822630245411348,0.9999999999999993,12.43512440971503,0.8601289977788724,-1750.5171515863638
318.0168961933373,15.82632402041714,0.9999999999999992,12.449432182580324,0.8566017854249139,-1745.7272775938993
318.0266476240224,15.830015197236873,0.9999999999999993,12.463728871716654,0.8530768714033741,-1740.9481674865874
318.036399965105,15.833703777427596,0.9999999999999993,12.478014483901177,0.8495542549473072,-1736.1798097094545
318.0461532158911,15.837389762546437,0.9999999999999992,12.492289025910424,0.8460339352893271,-1731.4221927075316
318.0559073756871,15.841073154150617,0.9999999999999992,12.50655250452104,0.8425159116616214,-1726.6753049258452
318.0656624437991,15.84475395379741,0.9999999999999993,12.520804926509186,0.839000183296136,-1721.939134809425
318.07541841953383,15.848432163044205,0.9999999999999992,12.53504629865219,0.835486749424291,-1717.2136708033017
318.0851753021978,15.852107783448464,0.9999999999999992,12.549276627726499,0.8319756092771229,-1712.4989013525012
318.0949330910977,15.855780816567735,0.9999999999999992,12.563495920508217,0.8284667620853838,-1707.7948149020544
318.10469178554035,15.859451263959643,0.9999999999999994,12.577704183774273,0.8249602070793145,-1703.1013998969886
318.1144513848328,15.86311912718192,0.9999999999999992,12.59190142430063,0.8214559434888145,-1698.418644782333
318.124211888282,15.866784407792327,0.9999999999999993,12.606087648864388,0.817953970543357,-1693.746538003118
318.13397329519506,15.870447107348763,0.9999999999999992,12.620262864241056,0.8144542874721168,-1689.08506800437
318.1437356048795,15.87410722740919,0.9999999999999992,12.634427077207931,0.8109568935037004,-1684.4342232311187
318.1534988166426,15.877764769531655,0.9999999999999992,12.648580294540551,0.8074617878665578,-1679.793992128393
318.1632629297918,15.881419735274287,0.9999999999999992,12.662722523015276,0.8039689697884285,-1675.164363141223
318.1730279436351,15.885072126195316,0.9999999999999991,12.676853769409036,0.8004784384969241,-1670.545324714635
318.1827938574799,15.888721943853012,0.9999999999999993,12.69097404049728,0.7969901932191448,-1665.9368652936594
318.1925606706342,15.892369189805779,0.9999999999999992,12.70508334305606,0.793504233181892,-1661.3389733233241
318.2023283824061,15.896013865612076,0.9999999999999993,12.719181683862246,0.7900205576113848,-1656.7516372486584
318.2120969921036,15.89965597283045,0.9999999999999992,12.733269069691062,0.7865391657335579,-1652.1748455146912
318.2218664990352,15.903295513019556,0.9999999999999993,12.747345507319125,0.7830600567739481,-1647.6085865664515
318.23163690250897,15.906932487738086,0.9999999999999991,12.761411003522227,0.7795832299576801,-1643.052848848968
318.2414082018335,15.910566898544847,0.9999999999999992,12.775465565076217,0.7761086845093956,-1638.507620807268
318.2511803963174,15.914198746998728,0.9999999999999993,12.789509198757003,0.7726364196534519,-1633.9728908863826
318.2609534852694,15.91782803465871,0.9999999999999992,12.80354191134046,0.7691664346138083,-1629.44864753134
318.2707274679985,15.921454763083835,0.9999999999999993,12.817563709602808,0.7656987286138417,-1624.9348791871685
318.28050234381345,15.925078933833266,0.9999999999999993,12.831574600319158,0.7622333008767441,-1620.4315742988956
318.29027811202343,15.928700548466196,0.9999999999999993,12.845574590265954,0.7587701506251392,-1615.9387213115517
318.30005477193765,15.932319608541937,0.9999999999999994,12.859563686218223,0.7553092770813237,-1611.4563086701662
318.3098323228654,15.9359361156199,0.9999999999999991,12.873541894952126,0.7518506794671964,-1606.9843248197662
318.31961076411625,15.939550071259537,0.9999999999999992,12.887509223242915,0.7483943570041447,-1602.5227582053815
