galstreams/tracks/track.st.Aquarius.williams2011.ecsv
# %ECSV 0.9
# ---
# datatype:
# - {name: ra, unit: deg, datatype: float64}
# - {name: dec, unit: deg, datatype: float64}
# - {name: distance, unit: kpc, datatype: float64}
# - {name: pm_ra_cosdec, unit: mas / yr, datatype: float64}
# - {name: pm_dec, unit: mas / yr, datatype: float64}
# - {name: radial_velocity, unit: km / s, datatype: float64}
# delimiter: ','
# meta: !!omap
# - __serialized_columns__:
#     dec:
#       __class__: astropy.coordinates.angles.Latitude
#       unit: &id001 !astropy.units.Unit {unit: deg}
#       value: !astropy.table.SerializedColumn {name: dec}
#     distance:
#       __class__: astropy.coordinates.distances.Distance
#       unit: !astropy.units.Unit {unit: kpc}
#       value: !astropy.table.SerializedColumn {name: distance}
#     pm_dec:
#       __class__: astropy.units.quantity.Quantity
#       unit: !astropy.units.Unit {unit: mas / yr}
#       value: !astropy.table.SerializedColumn {name: pm_dec}
#     pm_ra_cosdec:
#       __class__: astropy.units.quantity.Quantity
#       unit: !astropy.units.Unit {unit: mas / yr}
#       value: !astropy.table.SerializedColumn {name: pm_ra_cosdec}
#     ra:
#       __class__: astropy.coordinates.angles.Longitude
#       unit: *id001
#       value: !astropy.table.SerializedColumn {name: ra}
#       wrap_angle: !astropy.coordinates.Angle
#         unit: *id001
#         value: 360.0
#     radial_velocity:
#       __class__: astropy.units.quantity.Quantity
#       unit: !astropy.units.Unit {unit: km / s}
#       value: !astropy.table.SerializedColumn {name: radial_velocity}
# schema: astropy-2.0
ra,dec,distance,pm_ra_cosdec,pm_dec,radial_velocity
[from data line 284]
341.6599939857776,-8.13558491827173,4.483890609680751,4.843120348494253,-26.296229809746517,-202.65125733794363
341.6701380904806,-8.137650260800553,4.482653485963647,4.847858073685924,-26.303043240638985,-202.66010675163082
341.6802822991877,-8.139715356976724,4.481416362246545,4.852596392982715,-26.30985640745696,-202.668956165318
341.690426611918,-8.141780206699993,4.480179238529441,4.857335306560275,-26.316669310052223,-202.6778055790052
341.7005710286905,-8.143844809870126,4.478942114812338,4.862074814594166,-26.32348194827653,-202.68665499269252
341.7107155495244,-8.145909166386895,4.477704991095234,4.86681491725998,-26.330294321981643,-202.69550440637965
341.7208601744387,-8.147973276150065,4.47646786737813,4.871555614733199,-26.337106431019286,-202.70435382006696
341.7310049034526,-8.150037139059455,4.475230743661026,4.876296907189317,-26.343918275241183,-202.71320323375414
341.74114973658493,-8.152100755014834,4.473993619943924,4.88103879480377,-26.350729854499026,-202.7220526474414
341.7512946738548,-8.154164123916,4.47275649622682,4.885781277751932,-26.357541168644545,-202.73090206112863
341.76143971528126,-8.15622724566275,4.471519372509716,4.890524356209173,-26.364352217529383,-202.73975147481588
341.77158486088314,-8.15829012015487,4.470282248792613,4.895268030350801,-26.371163001005232,-202.7486008885031
341.78173011067963,-8.160352747292206,4.469045125075509,4.9000123003520955,-26.377973518923724,-202.75745030219036
341.79187546468955,-8.162415126974553,4.467808001358407,4.904757166388281,-26.38478377113651,-202.76629971587758
341.8020209229319,-8.164477259101734,4.466570877641304,4.909502628634566,-26.39159375749522,-202.77514912956494
341.8121664854256,-8.166539143573566,4.465333753924199,4.91424868726611,-26.398403477851446,-202.78399854325195
341.82231215218957,-8.168600780289886,4.464096630207097,4.918995342458002,-26.4052129320568,-202.7928479569393
341.83245792324266,-8.170662169150507,4.462859506489992,4.923742594385331,-26.41202211996286,-202.80169737062658
341.8426037986038,-8.172723310055304,4.461622382772889,4.928490443223145,-26.41883104142119,-202.81054678431374
341.85274977829187,-8.174784202904103,4.460385259055786,4.9332388891464,-26.425639696283355,-202.81939619800107
341.86289586232573,-8.176844847596756,4.459148135338682,4.937987932330102,-26.432448084400892,-202.82824561168815
341.8730420507241,-8.178905244033118,4.457911011621579,4.942737572949126,-26.439256205625323,-202.83709502537542
341.8831883435059,-8.18096539211303,4.456673887904475,4.947487811178347,-26.44606405980819,-202.84594443906278
341.89333474068985,-8.183025291736389,4.455436764187372,4.952238647192617,-26.45287164680094,-202.8547938527499
341.9034812422949,-8.18508494280305,4.454199640470269,4.956990081166726,-26.4596789664551,-202.86364326643718
341.91362784833973,-8.187144345212891,4.452962516753165,4.961742113275417,-26.466486018622142,-202.87249268012442
341.9237745588431,-8.189203498865787,4.451725393036061,4.966494743693419,-26.473292803153505,-202.88134209381155
341.93392137382364,-8.191262403661606,4.450488269318958,4.971247972595382,-26.48009931990065,-202.8901915074988
341.94406829330023,-8.193321059500274,4.449251145601854,4.976001800155954,-26.486905568714995,-202.89904092118607
341.9542153172915,-8.195379466281672,4.448014021884751,4.980756226549724,-26.493711549447973,-202.90789033487331
341.9643624458163,-8.197437623905696,4.446776898167648,4.985511251951247,-26.50051726195097,-202.91673974856053
341.97450967889307,-8.19949553227225,4.445539774450544,4.990266876535028,-26.50732270607539,-202.9255891622479
341.9846570165406,-8.201553191281251,4.444302650733441,4.995023100475553,-26.5141278816726,-202.93443857593502
341.99480445877754,-8.203610600832592,4.443065527016336,4.99977992394723,-26.52093278859397,-202.94328798962226
342.0049520056225,-8.205667760826227,4.441828403299234,5.0045373471244625,-26.52773742669083,-202.95213740330954
342.01509965709414,-8.20772467116207,4.440591279582131,5.009295370181605,-26.53454179581453,-202.96098681699678
342.025247413211,-8.209781331740048,4.439354155865027,5.0140539932929675,-26.5413458958164,-202.96983623068394
342.03539527399175,-8.211837742460101,4.438117032147924,5.018813216632811,-26.548149726547734,-202.97868564437118
342.04554323945473,-8.213893903222148,4.436879908430821,5.0235730403753545,-26.55495328785982,-202.9875350580585
342.05569130961885,-8.215949813926175,4.435642784713716,5.0283334646948195,-26.56175657960395,-202.9963844717456
342.0658394845024,-8.21800547447211,4.434405660996612,5.033094489765324,-26.568559601631385,-203.00523388543292
342.07598776412397,-8.220060884759913,4.433168537279509,5.037856115760986,-26.575362353793366,-203.0140832991201
342.0861361485021,-8.222116044689542,4.431931413562408,5.042618342855869,-26.58216483594114,-203.0229327128074
342.0962846376551,-8.224170954160954,4.430694289845304,5.047381171223999,-26.588967047925937,-203.0317821264946
342.1064332316017,-8.22622561307415,4.4294571661281985,5.05214460103938,-26.595768989598966,-203.04063154018183
342.11658193036027,-8.22828002132909,4.428220042411096,5.056908632475927,-26.602570660811416,-203.04948095386905
342.1267307339493,-8.230334178825759,4.426982918693993,5.061673265707574,-26.60937206141448,-203.05833036755615
342.136879642387,-8.232388085464137,4.42574579497689,5.066438500908154,-26.616173191259314,-203.0671797812436
342.14702865569205,-8.234441741144227,4.424508671259786,5.071204338251526,-26.622974050197087,-203.07602919493064
342.15717777388267,-8.236495145766002,4.423271547542683,5.0759707779114365,-26.629774638078935,-203.08487860861797
342.1673269969773,-8.238548299229501,4.422034423825579,5.080737820061644,-26.636574954755993,-203.09372802230519
342.1774763249943,-8.240601201434718,4.420797300108474,5.085505464875853,-26.643375000079377,-203.10257743599237
342.18762575795205,-8.242653852281661,4.419560176391371,5.09027371252773,-26.650174773900154,-203.1114268496797
342.1977752958689,-8.244706251670351,4.4183230526742685,5.095042563190879,-26.656974276069455,-203.1202762633669
342.2079249387631,-8.246758399500795,4.417085928957165,5.099812017038887,-26.663773506438332,-203.12912567705413
342.218074686653,-8.248810295673051,4.415848805240063,5.104582074245291,-26.67057246485784,-203.1379750907414
342.2282245395569,-8.250861940087146,4.414611681522957,5.109352734983599,-26.677371151179052,-203.1468245044285
342.23837449749294,-8.252913332643105,4.413374557805854,5.114123999427248,-26.684169565252972,-203.1556739181159
342.2485245604796,-8.254964473240983,4.412137434088751,5.118895867749668,-26.69096770693061,-203.16452333180303
342.25867472853486,-8.257015361780809,4.410900310371647,5.123668340124227,-26.697765576063016,-203.17337274549027
342.2688250016772,-8.259065998162672,4.409663186654544,5.128441416724252,-26.704563172501132,-203.18222215917754
342.27897537992465,-8.261116382286612,4.4084260629374405,5.133215097723059,-26.711360496095974,-203.19107157286484
342.2891258632955,-8.2631665140527,4.407188939220338,5.137989383293883,-26.718157546698475,-203.199920986552
342.2992764518079,-8.265216393360998,4.405951815503235,5.142764273609939,-26.724954324159597,-203.2087704002393
342.3094271454799,-8.267266020111574,4.404714691786131,5.1475397688443945,-26.73175082833029,-203.2176198139265
342.31957794432986,-8.269315394204533,4.403477568069028,5.152315869170391,-26.738547059061446,-203.22646922761376
342.32972884837574,-8.27136451553995,4.402240444351924,5.157092574761006,-26.745343016204007,-203.23531864130098
342.33987985763576,-8.273413384017912,4.40100332063482,5.16186988578929,-26.752138699608853,-203.2441680549881
342.35003097212785,-8.27546199953852,4.399766196917716,5.166647802428251,-26.75893410912686,-203.25301746867544
342.3601821918703,-8.277510362001873,4.398529073200613,5.171426324850855,-26.76572924460891,-203.26186688236263
342.37033351688103,-8.279558471308055,4.397291949483509,5.176205453230018,-26.772524105905834,-203.2707162960498
342.38048494717816,-8.281606327357222,4.396054825766406,5.180985187738627,-26.7793186928685,-203.2795657097371
342.39063648277977,-8.283653930049464,4.394817702049303,5.18576552854954,-26.786113005347712,-203.2884151234243
342.4007881237037,-8.285701279284915,4.393580578332199,5.190546475835534,-26.7929070431943,-203.29726453711157
342.4109398699681,-8.287748374963693,4.392343454615096,5.195328029769376,-26.799700806259047,-203.30611395079882
342.4210917215909,-8.289795216985919,4.391106330897991,5.2001101905237945,-26.806494294392763,-203.314963364486
342.43124367859014,-8.29184180525176,4.389869207180889,5.20489295827147,-26.813287507446198,-203.32381277817325
342.4413957409837,-8.293888139661348,4.388632083463786,5.209676333185019,-26.820080445270115,-203.33266219186046
342.45154790878956,-8.29593422011483,4.387394959746683,5.2144603154370515,-26.826873107715265,-203.3415116055477
342.46170018202565,-8.297980046512354,4.38615783602958,5.219244905200128,-26.833665494632378,-203.35036101923495
342.47185256070975,-8.300025618754072,4.384920712312477,5.224030102646735,-26.840457605872167,-203.35921043292214
342.48200504485993,-8.30207093674018,4.383683588595371,5.228815907949372,-26.847249441285364,-203.3680598466094
342.492157634494,-8.304116000370819,4.382446464878269,5.233602321280452,-26.854041000722603,-203.37690926029666
342.50231032962984,-8.306160809546178,4.381209341161165,5.238389342812377,-26.86083228403461,-203.38575867398387
342.5124631302852,-8.308205364166435,4.3799722174440605,5.2431769727174835,-26.86762329107203,-203.39460808767112
342.522616036478,-8.310249664131769,4.378735093726958,5.24796521116808,-26.874414021685503,-203.4034575013583
342.532769048226,-8.312293709342358,4.377497970009854,5.252754058336434,-26.88120447572568,-203.41230691504555
342.542922165547,-8.314337499698429,4.376260846292752,5.257543514394779,-26.88799465304317,-203.4211563287328
342.55307538845886,-8.316381035100171,4.375023722575648,5.262333579515275,-26.89478455348861,-203.4300057424201
342.56322871697927,-8.31842431544779,4.373786598858544,5.267124253870087,-26.90157417691256,-203.43885515610722
342.57338215112594,-8.320467340641496,4.372549475141441,5.271915537631274,-26.90836352316562,-203.44770456979447
342.5835356909167,-8.322510110581488,4.371312351424336,5.276707430970951,-26.91515259209835,-203.4565539834816
342.5936893363691,-8.324552625168025,4.370075227707234,5.281499934061088,-26.921941383561315,-203.46540339716887
342.6038430875011,-8.326594884301313,4.3688381039901305,5.286293047073686,-26.928729897405052,-203.47425281085617
342.61399694433015,-8.328636887881594,4.367600980273028,5.291086770180665,-26.935518133480084,-203.48310222454342
342.6241509068741,-8.330678635809099,4.366363856555923,5.295881103553921,-26.942306091636922,-203.49195163823057
342.63430497515037,-8.332720127984055,4.365126732838821,5.300676047365298,-26.949093771726066,-203.5008010519179
342.64445914917684,-8.33476136430675,4.363889609121717,5.305471601786619,-26.955881173598016,-203.5096504656051
342.654613428971,-8.33680234467742,4.362652485404613,5.310267766989638,-26.96266829710324,-203.51849987929236
342.6647678145505,-8.33884306899632,4.361415361687509,5.3150645431460966,-26.969455142092183,-203.52734929297952
342.6749223059329,-8.340883537163716,4.360178237970408,5.319861930427665,-26.976241708415277,-203.53619870666682
342.6850769031358,-8.342923749079885,4.358941114253304,5.3246599290059855,-26.98302799592301,-203.54504812035404
342.6952316061766,-8.344963704645084,4.3577039905362,5.329458539052655,-26.989814004465764,-203.55389753404123
342.7053864150731,-8.347003403759622,4.356466866819097,5.3342577607392405,-26.996599733893945,-203.56274694772856
342.7155413298427,-8.349042846323767,4.355229743101994,5.339057594237268,-27.003385184057937,-203.5715963614158
342.72569635050286,-8.351082032237823,4.353992619384888,5.343858039718189,-27.010170354808142,-203.58044577510304
342.73585147707115,-8.353120961402078,4.352755495667787,5.348659097353452,-27.016955245994897,-203.58929518879032
342.746006709565,-8.35515963371682,4.351518371950682,5.353460767314463,-27.02373985746858,-203.59814460247753
342.7561620480019,-8.357198049082388,4.35028124823358,5.358263049772544,-27.030524189079497,-203.6069940161647
342.7663174923993,-8.359236207399082,4.349044124516475,5.36306594489903,-27.037308240678,-203.61584342985185
342.77647304277457,-8.361274108567216,4.3478070007993725,5.367869452865164,-27.044092012114387,-203.62469284353915
342.7866286991451,-8.363311752487117,4.346569877082269,5.372673573842174,-27.05087550323895,-203.63354225722648
342.7967844615285,-8.3653491390591,4.345332753365167,5.3774783080012645,-27.057658713901972,-203.6423916709136
342.8069403299418,-8.367386268183532,4.344095629648063,5.382283655513548,-27.064441643953742,-203.6512410846009
342.8170963044027,-8.369423139760732,4.342858505930957,5.387089616550144,-27.071224293244505,-203.66009049828816
342.8272523849284,-8.371459753691049,4.341621382213856,5.391896191282111,-27.078006661624478,-203.66893991197531
342.8374085715362,-8.373496109874832,4.340384258496752,5.396703379880442,-27.08478874894392,-203.67778932566262
342.84756486424345,-8.375532208212437,4.339147134779648,5.40151118251614,-27.091570555053053,-203.68663873934983
342.8577212630674,-8.377568048604214,4.337910011062544,5.406319599360112,-27.098352079802066,-203.6954881530371
342.86787776802544,-8.379603630950559,4.336672887345442,5.411128630583255,-27.105133323041134,-203.7043375667242
342.8780343791348,-8.381638955151828,4.335435763628339,5.415938276356425,-27.11191428462044,-203.71318698041148
342.88819109641275,-8.383674021108396,4.334198639911235,5.420748536850432,-27.11869496439015,-203.72203639409867
342.8983479198764,-8.38570882872065,4.332961516194131,5.4255594122360185,-27.12547536220043,-203.73088580778594
342.908504849543,-8.387743377888965,4.331724392477027,5.430370902683912,-27.13225547790138,-203.73973522147318
342.9186618854299,-8.38977766851376,4.330487268759925,5.435183008364791,-27.139035311343136,-203.74858463516037
342.92881902755414,-8.391811700495422,4.3292501450428205,5.439995729449295,-27.145814862375822,-203.75743404884764
342.93897627593304,-8.393845473734359,4.3280130213257175,5.444809066108038,-27.152594130849497,-203.76628346253494
342.94913363058356,-8.395878988130981,4.326775897608613,5.449623018511547,-27.159373116614294,-203.77513287622216
342.9592910915229,-8.397912243585681,4.32553877389151,5.454437586830339,-27.166151819520216,-203.78398228990943
342.96944865876833,-8.39994523999892,4.324301650174406,5.459252771234892,-27.172930239417358,-203.79283170359662
342.9796063323368,-8.4019779772711,4.323064526457302,5.464068571895629,-27.17970837615576,-203.8016811172838
342.98976411224544,-8.404010455302663,4.3218274027402,5.468884988982917,-27.18648622958542,-203.81053053097108
342.9999219985114,-8.40604267399404,4.320590279023096,5.473702022667128,-27.193263799556384,-203.8193799446583
343.0100799911515,-8.408074633245656,4.319353155305994,5.4785196731185275,-27.200041085918627,-203.82822935834557
343.02023809018306,-8.410106332958001,4.31811603158889,5.483337940507399,-27.206818088522162,-203.83707877203278
343.03039629562295,-8.412137773031503,4.316878907871785,5.48815682500396,-27.21359480721695,-203.84592818571997
343.0405546074882,-8.414168953366625,4.315641784154683,5.492976326778361,-27.220371241852924,-203.85477759940724
343.0507130257959,-8.416199873863834,4.314404660437579,5.497796446000756,-27.22714739228006,-203.86362701309437
343.06087155056287,-8.418230534423596,4.313167536720475,5.502617182841205,-27.233923258348305,-203.8724764267817
343.0710301818061,-8.420260934946375,4.311930413003373,5.507438537469784,-27.24069883990753,-203.8813258404689
343.0811889195427,-8.42229107533268,4.31069328928627,5.512260510056475,-27.247474136807675,-203.89017525415613
343.0913477637894,-8.424320955482985,4.309456165569165,5.517083100771243,-27.25424914889864,-203.8990246678434
