galstreams/tracks/track.st.M92.thomas2020.ecsv
# %ECSV 0.9
# ---
# datatype:
# - {name: ra, unit: deg, datatype: float64}
# - {name: dec, unit: deg, datatype: float64}
# - {name: distance, unit: kpc, datatype: float64}
# - {name: pm_ra_cosdec, unit: mas / yr, datatype: float64}
# - {name: pm_dec, unit: mas / yr, datatype: float64}
# - {name: radial_velocity, unit: km / s, datatype: float64}
# delimiter: ','
# meta: !!omap
# - __serialized_columns__:
#     dec:
#       __class__: astropy.coordinates.angles.Latitude
#       unit: &id001 !astropy.units.Unit {unit: deg}
#       value: !astropy.table.SerializedColumn {name: dec}
#     distance:
#       __class__: astropy.coordinates.distances.Distance
#       unit: !astropy.units.Unit {unit: kpc}
#       value: !astropy.table.SerializedColumn {name: distance}
#     pm_dec:
#       __class__: astropy.units.quantity.Quantity
#       unit: !astropy.units.Unit {unit: mas / yr}
#       value: !astropy.table.SerializedColumn {name: pm_dec}
#     pm_ra_cosdec:
#       __class__: astropy.units.quantity.Quantity
#       unit: !astropy.units.Unit {unit: mas / yr}
#       value: !astropy.table.SerializedColumn {name: pm_ra_cosdec}
#     ra:
#       __class__: astropy.coordinates.angles.Longitude
#       unit: *id001
#       value: !astropy.table.SerializedColumn {name: ra}
#       wrap_angle: !astropy.coordinates.Angle
#         unit: *id001
#         value: 360.0
#     radial_velocity:
#       __class__: astropy.units.quantity.Quantity
#       unit: !astropy.units.Unit {unit: km / s}
#       value: !astropy.table.SerializedColumn {name: radial_velocity}
# schema: astropy-2.0
ra,dec,distance,pm_ra_cosdec,pm_dec,radial_velocity
[from data line 1466]
269.5067101275192,39.881579954112496,8.300000000000006,0.0,0.0,0.0
269.5179001392441,39.87432114926795,8.300000000000006,0.0,0.0,0.0
269.5290861132485,39.86705593735667,8.300000000000004,0.0,0.0,0.0
269.5402680496562,39.85978432534689,8.300000000000006,0.0,0.0,0.0
269.5514459485977,39.85250632020676,8.300000000000006,0.0,0.0,0.0
269.56261981021004,39.84522192890438,8.300000000000006,0.0,0.0,0.0
269.5737896346373,39.837931158407805,8.300000000000004,0.0,0.0,0.0
269.58495542203,39.83063401568503,8.300000000000006,0.0,0.0,0.0
269.5961171725455,39.82333050770404,8.300000000000004,0.0,0.0,0.0
269.60727488634774,39.8160206414328,8.300000000000004,0.0,0.0,0.0
269.61842856360744,39.80870442383926,8.300000000000004,0.0,0.0,0.0
269.629578204502,39.801381861891414,8.300000000000006,0.0,0.0,0.0
269.64072380921544,39.79405296255725,8.300000000000004,0.0,0.0,0.0
269.6518653779385,39.7867177328048,8.300000000000006,0.0,0.0,0.0
269.66300291086867,39.779376179602124,8.300000000000006,0.0,0.0,0.0
269.67413640820985,39.77202830991739,8.300000000000004,0.0,0.0,0.0
269.68526587017294,39.764674130718774,8.300000000000006,0.0,0.0,0.0
269.6963912969752,39.75731364897458,8.300000000000004,0.0,0.0,0.0
269.7075126888408,39.74994687165319,8.300000000000006,0.0,0.0,0.0
269.7186300460003,39.74257380572309,8.300000000000004,0.0,0.0,0.0
269.72974336869123,39.73519445815292,8.300000000000004,0.0,0.0,0.0
269.74085265715735,39.727808835911375,8.300000000000004,0.0,0.0,0.0
269.7519579116493,39.72041694596738,8.300000000000004,0.0,0.0,0.0
269.7630591324245,39.713018795289976,8.300000000000004,0.0,0.0,0.0
269.77415631974657,39.70561439084836,8.300000000000004,0.0,0.0,0.0
269.78524947388615,39.698203739611934,8.300000000000004,0.0,0.0,0.0
269.79633859512023,39.690786848550296,8.300000000000004,0.0,0.0,0.0
269.8074236837326,39.683363724633196,8.300000000000002,0.0,0.0,0.0
269.8185047400136,39.675934374830696,8.300000000000002,0.0,0.0,0.0
269.82958176426,39.66849880611299,8.300000000000004,0.0,0.0,0.0
269.84065475677545,39.661057025450575,8.300000000000004,0.0,0.0,0.0
269.85172371786996,39.65360903981418,8.300000000000004,0.0,0.0,0.0
269.86278864786027,39.64615485617479,8.300000000000004,0.0,0.0,0.0
269.8738495470696,39.63869448150371,8.300000000000002,0.0,0.0,0.0
269.88490641582786,39.63122792277247,8.300000000000004,0.0,0.0,0.0
269.8959592544715,39.62375518695297,8.300000000000002,0.0,0.0,0.0
269.9070080633434,39.61627628101737,8.300000000000002,0.0,0.0,0.0
269.91805284279326,39.60879121193819,8.300000000000002,0.0,0.0,0.0
269.9290935931771,39.60129998668827,8.300000000000002,0.0,0.0,0.0
269.94013031485764,39.593802612240815,8.300000000000004,0.0,0.0,0.0
269.95116300820405,39.58629909556939,8.300000000000002,0.0,0.0,0.0
269.9621916735922,39.57878944364792,8.300000000000002,0.0,0.0,0.0
269.97321631140437,39.57127366345076,8.300000000000004,0.0,0.0,0.0
269.9842369220294,39.56375176195262,8.300000000000002,0.0,0.0,0.0
269.9952535058627,39.55622374612862,8.300000000000004,0.0,0.0,0.0
270.00626606330627,39.54868962295434,8.300000000000004,0.0,0.0,0.0
270.0172745947684,39.54114939940578,8.300000000000004,0.0,0.0,0.0
270.0282791006641,39.533603082459386,8.300000000000002,0.0,0.0,0.0
270.039279581415,39.52605067909206,8.300000000000002,0.0,0.0,0.0
270.05027603744895,39.518492196281194,8.300000000000002,0.0,0.0,0.0
270.06126846920046,39.51092764100464,8.300000000000002,0.0,0.0,0.0
270.07225687711053,39.50335702024077,8.300000000000002,0.0,0.0,0.0
270.0832412616267,39.49578034096846,8.300000000000002,0.0,0.0,0.0
270.09422162320305,39.488197610167106,8.300000000000002,0.0,0.0,0.0
270.10519796229994,39.48060883481663,8.300000000000004,0.0,0.0,0.0
270.1161702793844,39.47301402189752,8.300000000000002,0.0,0.0,0.0
270.12713857492986,39.4654131783908,8.300000000000004,0.0,0.0,0.0
270.1381028494163,39.45780631127807,8.300000000000004,0.0,0.0,0.0
270.14906310333015,39.45019342754155,8.300000000000004,0.0,0.0,0.0
270.1600193371642,39.44257453416397,8.3,0.0,0.0,0.0
270.1709715514179,39.43494963812877,8.300000000000002,0.0,0.0,0.0
270.1819197465969,39.42731874641994,8.300000000000002,0.0,0.0,0.0
270.1928639232136,39.41968186602212,8.300000000000002,0.0,0.0,0.0
270.2038040817867,39.41203900392059,8.300000000000004,0.0,0.0,0.0
270.2147402228413,39.40439016710131,8.300000000000002,0.0,0.0,0.0
270.225672346909,39.39673536255087,8.300000000000002,0.0,0.0,0.0
270.2366004545278,39.38907459725656,8.300000000000004,0.0,0.0,0.0
270.24752454624235,39.381407878206396,8.300000000000002,0.0,0.0,0.0
270.25844462260335,39.373735212389036,8.300000000000002,0.0,0.0,0.0
270.26936068416825,39.36605660679389,8.3,0.0,0.0,0.0
270.2802727315008,39.35837206841109,8.3,0.0,0.0,0.0
270.29118076517113,39.35068160423152,8.300000000000002,0.0,0.0,0.0
270.3020847857559,39.34298522124683,8.300000000000002,0.0,0.0,0.0
270.31298479383804,39.335282926449366,8.300000000000002,0.0,0.0,0.0
270.3238807900069,39.32757472683235,8.3,0.0,0.0,0.0
270.3347727748585,39.319860629389716,8.300000000000002,0.0,0.0,0.0
270.3456607489948,39.312140641116244,8.3,0.0,0.0,0.0
270.35654471302456,39.304414769007515,8.3,0.0,0.0,0.0
270.3674246675627,39.29668302005995,8.3,0.0,0.0,0.0
270.37830061323064,39.28894540127077,8.3,0.0,0.0,0.0
270.3891725506561,39.28120191963811,8.3,0.0,0.0,0.0
270.4000404804732,39.2734525821609,8.3,0.0,0.0,0.0
270.41090440332243,39.26569739583901,8.300000000000002,0.0,0.0,0.0
270.42176431985075,39.25793636767315,8.300000000000002,0.0,0.0,0.0
270.43262023071134,39.25016950466496,8.3,0.0,0.0,0.0
270.4434721365638,39.242396813816974,8.3,0.0,0.0,0.0
270.4543200380742,39.234618302132645,8.300000000000002,0.0,0.0,0.0
270.46516393591463,39.2268339766164,8.300000000000002,0.0,0.0,0.0
270.476003830764,39.21904384427358,8.3,0.0,0.0,0.0
270.4868397233071,39.211247912110494,8.300000000000002,0.0,0.0,0.0
270.49767161423546,39.203446187134446,8.300000000000002,0.0,0.0,0.0
270.50849950424674,39.195638676353695,8.3,0.0,0.0,0.0
270.5193233940449,39.18782538677751,8.3,0.0,0.0,0.0
270.5301432843403,39.18000632541618,8.300000000000002,0.0,0.0,0.0
270.54095917584965,39.172181499281024,8.300000000000002,0.0,0.0,0.0
270.5517710692959,39.16435091538434,8.3,0.0,0.0,0.0
270.5625789654085,39.15651458073957,8.3,0.0,0.0,0.0
270.57338286492296,39.14867250236111,8.3,0.0,0.0,0.0
270.58418276858123,39.14082468726451,8.299999999999999,0.0,0.0,0.0
270.5949786771317,39.13297114246637,8.299999999999999,0.0,0.0,0.0
270.60577059132874,39.12511187498435,8.299999999999999,0.0,0.0,0.0
270.61655851193336,39.1172468918373,8.3,0.0,0.0,0.0
270.62734243971266,39.109376200045105,8.300000000000002,0.0,0.0,0.0
270.63812237544,39.101499806628865,8.3,0.0,0.0,0.0
270.64889831989524,39.09361771861075,8.299999999999999,0.0,0.0,0.0
270.6596702738643,39.08572994301414,8.299999999999999,0.0,0.0,0.0
270.6704382381396,39.077836486863546,8.299999999999999,0.0,0.0,0.0
270.68120221351955,39.069937357184706,8.3,0.0,0.0,0.0
270.6919622008091,39.06203256100449,8.299999999999999,0.0,0.0,0.0
270.7027182008194,39.05412210535103,8.299999999999999,0.0,0.0,0.0
270.7134702143677,39.046205997253665,8.299999999999999,0.0,0.0,0.0
270.72421824227774,39.03828424374292,8.299999999999999,0.0,0.0,0.0
270.7349622853794,39.03035685185063,8.300000000000002,0.0,0.0,0.0
270.74570234450886,39.022423828609845,8.3,0.0,0.0,0.0
270.7564384205086,39.014485181054866,8.3,0.0,0.0,0.0
270.7671705142271,39.006540916221326,8.3,0.0,0.0,0.0
270.7778986265193,38.99859104114609,8.3,0.0,0.0,0.0
270.7886227582464,38.99063556286739,8.3,0.0,0.0,0.0
270.7993429102757,38.98267448842471,8.299999999999999,0.0,0.0,0.0
270.8100590834809,38.97470782485892,8.299999999999999,0.0,0.0,0.0
270.82077127874186,38.96673557921218,8.299999999999997,0.0,0.0,0.0
270.8314794969445,38.958757758528044,8.299999999999997,0.0,0.0,0.0
270.84218373898125,38.9507743698514,8.299999999999997,0.0,0.0,0.0
270.85288400575047,38.942785420228546,8.299999999999997,0.0,0.0,0.0
270.863580298157,38.93479091670712,8.299999999999997,0.0,0.0,0.0
270.87427261711167,38.92679086633621,8.299999999999999,0.0,0.0,0.0
270.88496096353174,38.9187852761663,8.299999999999997,0.0,0.0,0.0
270.89564533834044,38.91077415324929,8.299999999999997,0.0,0.0,0.0
270.90632574246735,38.90275750463855,8.299999999999999,0.0,0.0,0.0
270.91700217684826,38.89473533738885,8.299999999999997,0.0,0.0,0.0
270.927674642425,38.88670765855647,8.299999999999999,0.0,0.0,0.0
270.9383431401458,38.87867447519913,8.299999999999999,0.0,0.0,0.0
270.9490076709649,38.87063579437608,8.299999999999999,0.0,0.0,0.0
270.9596682358428,38.86259162314802,8.299999999999999,0.0,0.0,0.0
270.9703248357462,38.85454196857719,8.299999999999997,0.0,0.0,0.0
270.980977471648,38.846486837727355,8.299999999999997,0.0,0.0,0.0
270.9916261445271,38.83842623766382,8.299999999999997,0.0,0.0,0.0
271.0022708553688,38.8303601754534,8.299999999999999,0.0,0.0,0.0
271.0129116051644,38.82228865816452,8.299999999999999,0.0,0.0,0.0
271.02354839491153,38.81421169286716,8.299999999999997,0.0,0.0,0.0
271.03418122561374,38.80612928663287,8.299999999999995,0.0,0.0,0.0
271.04481009828095,38.79804144653481,8.299999999999997,0.0,0.0,0.0
271.0554350139291,38.78994817964776,8.299999999999997,0.0,0.0,0.0
271.06605597358043,38.78184949304812,8.299999999999997,0.0,0.0,0.0
271.0766729782632,38.7737453938139,8.299999999999997,0.0,0.0,0.0
271.08728602901175,38.76563588902477,8.299999999999995,0.0,0.0,0.0
271.0978951268668,38.75752098576206,8.299999999999997,0.0,0.0,0.0
271.1085002728749,38.7494006911088,8.299999999999997,0.0,0.0,0.0
271.11910146808907,38.74127501214964,8.299999999999995,0.0,0.0,0.0
271.12969871356813,38.73314395597097,8.299999999999997,0.0,0.0,0.0
271.14029201037727,38.72500752966089,8.299999999999995,0.0,0.0,0.0
271.15088135958774,38.71686574030919,8.299999999999995,0.0,0.0,0.0
271.1614667622768,38.708718595007426,8.299999999999997,0.0,0.0,0.0
271.172048219528,38.70056610084887,8.299999999999997,0.0,0.0,0.0
271.18262573243084,38.69240826492857,8.299999999999995,0.0,0.0,0.0
271.1931993020811,38.68424509434332,8.299999999999995,0.0,0.0,0.0
271.20376892958046,38.676076596191734,8.299999999999995,0.0,0.0,0.0
271.214334616037,38.66790277757418,8.299999999999995,0.0,0.0,0.0
271.22489636256444,38.65972364559284,8.299999999999994,0.0,0.0,0.0
271.2354541702832,38.65153920735175,8.299999999999995,0.0,0.0,0.0
271.24600804031934,38.64334946995671,8.299999999999994,0.0,0.0,0.0
271.25655797380506,38.63515444051541,8.299999999999994,0.0,0.0,0.0
271.2671039718789,38.62695412613741,8.299999999999995,0.0,0.0,0.0
271.27764603568517,38.61874853393407,8.299999999999995,0.0,0.0,0.0
271.28818416637455,38.61053767101869,8.299999999999997,0.0,0.0,0.0
271.29871836510364,38.60232154450643,8.299999999999994,0.0,0.0,0.0
271.3092486330351,38.59410016151437,8.299999999999994,0.0,0.0,0.0
271.3197749713377,38.58587352916149,8.299999999999995,0.0,0.0,0.0
271.3302973811864,38.57764165456873,8.299999999999994,0.0,0.0,0.0
