galstreams/tracks/track.st.Ylgr.ibata2021.ecsv
# %ECSV 1.0
# ---
# datatype:
# - {name: ra, unit: deg, datatype: float64}
# - {name: dec, unit: deg, datatype: float64}
# - {name: distance, unit: kpc, datatype: float64}
# - {name: pm_ra_cosdec, unit: mas / yr, datatype: float64}
# - {name: pm_dec, unit: mas / yr, datatype: float64}
# - {name: radial_velocity, unit: km / s, datatype: float64}
# delimiter: ','
# meta: !!omap
# - __serialized_columns__:
#     dec:
#       __class__: astropy.coordinates.angles.Latitude
#       unit: &id001 !astropy.units.Unit {unit: deg}
#       value: !astropy.table.SerializedColumn {name: dec}
#     distance:
#       __class__: astropy.coordinates.distances.Distance
#       unit: !astropy.units.Unit {unit: kpc}
#       value: !astropy.table.SerializedColumn {name: distance}
#     pm_dec:
#       __class__: astropy.units.quantity.Quantity
#       unit: !astropy.units.Unit {unit: mas / yr}
#       value: !astropy.table.SerializedColumn {name: pm_dec}
#     pm_ra_cosdec:
#       __class__: astropy.units.quantity.Quantity
#       unit: !astropy.units.Unit {unit: mas / yr}
#       value: !astropy.table.SerializedColumn {name: pm_ra_cosdec}
#     ra:
#       __class__: astropy.coordinates.angles.Longitude
#       unit: *id001
#       value: !astropy.table.SerializedColumn {name: ra}
#       wrap_angle: !astropy.coordinates.Angle
#         unit: *id001
#         value: 360.0
#     radial_velocity:
#       __class__: astropy.units.quantity.Quantity
#       unit: !astropy.units.Unit {unit: km / s}
#       value: !astropy.table.SerializedColumn {name: radial_velocity}
# schema: astropy-2.0
ra,dec,distance,pm_ra_cosdec,pm_dec,radial_velocity
[from data line 1542]
169.84442137265765,-11.864445517971433,8.118731163759197,-0.32146973831566894,-9.49629979983412,155.3005913134782
169.84819153871163,-11.873747039606046,8.12036726431186,-0.321415510283112,-9.494479151518622,155.37349770413203
169.8519616356986,-11.88304862986001,8.122004811387093,-0.3213614221038527,-9.492658328210148,155.44640936188648
169.8557316638543,-11.892350288687178,8.12364380282011,-0.32130747373917895,-9.49083733039667,155.5193262692956
169.85950162341473,-11.901652016041625,8.125284236446115,-0.3212536651503346,-9.489016158566209,155.59224840891332
169.86327151461563,-11.910953811877224,8.126926110100321,-0.3211999962985293,-9.487194813206743,155.66517576329395
169.86704133769297,-11.920255676148068,8.128569421617932,-0.32114646714493245,-9.4853732948063,155.73810831499128
169.8708110928826,-11.929557608808054,8.13021416883416,-0.32109307765068285,-9.483551603852883,155.8110460465596
169.87458078042044,-11.938859609811287,8.131860349584212,-0.321039827776873,-9.481729740834526,155.88398894055268
169.8783504005424,-11.948161679111678,8.133507961703296,-0.3209867174845614,-9.479907706239256,155.95693697952484
169.88211995348445,-11.957463816663354,8.135157003026622,-0.32093374673477104,-9.478085500555121,156.02989014602997
169.88588943948244,-11.966766022420241,8.136807471389401,-0.3208809154884852,-9.47626312427015,156.10284842262206
169.8896588587724,-11.97606829633643,8.138459364626838,-0.3208282237066472,-9.474440577872409,156.17581179185532
169.89342821159028,-11.98537063836603,8.140112680574145,-0.3207756713501628,-9.472617861849967,156.24878023628378
169.89719749817203,-11.994673048462982,8.141767417066525,-0.3207232583799075,-9.47079497669088,156.32175373846138
169.90096671875366,-12.00397552658146,8.143423571939193,-0.32067098475670625,-9.468971922883231,156.39473228094218
169.90473587357113,-12.01327807267543,8.145081143027355,-0.32061885044135596,-9.467148700915098,156.46771584628027
169.90850496286052,-12.02258068669909,8.146740128166218,-0.3205668553946114,-9.46532531127458,156.54070441702981
169.91227398685774,-12.031883368606413,8.148400525190993,-0.32051499957719126,-9.463501754449764,156.61369797574469
169.91604294579895,-12.041186118351618,8.150062331936889,-0.32046328294977316,-9.461678030928761,156.68669650497895
169.91981183992007,-12.050488935888692,8.151725546239113,-0.3204117054730005,-9.459854141199681,156.75969998728675
169.92358066945727,-12.05979182117187,8.153390165932874,-0.32036026710747234,-9.458030085750652,156.83270840522206
169.92734943464652,-12.069094774155165,8.155056188853383,-0.32030896781375784,-9.456205865069792,156.90572174133902
169.93111813572395,-12.078397794792819,8.156723612835842,-0.32025780755238015,-9.454381479645239,156.9787399781916
169.93488677292564,-12.087700883038861,8.15839243571547,-0.32020678628383076,-9.452556929965128,157.05176309833382
169.93865534648774,-12.097004038847556,8.160062655327469,-0.3201559039685574,-9.450732216517618,157.1247910843198
169.94242385664626,-12.106307262172953,8.161734269507049,-0.3201051605669714,-9.448907339790853,157.19782391870356
169.94619230363742,-12.115610552969322,8.163407276089417,-0.3200545560394456,-9.447082300273008,157.27086158403915
169.94996068769734,-12.12491391119074,8.165081672909787,-0.32000409034631655,-9.445257098452242,157.34390406288068
169.95372900906213,-12.13421733679149,8.16675745780336,-0.3199537634478781,-9.443431734816741,157.416951337782
169.957497267968,-12.143520829725661,8.168434628605349,-0.31990357530439073,-9.441606209854687,157.49000339129736
169.9612654646511,-12.152824389947558,8.170113183150962,-0.3198535258760687,-9.43978052405427,157.56306020598078
169.96503359934766,-12.162128017411288,8.171793119275412,-0.31980361512309724,-9.43795467790368,157.63612176438625
169.9688016722938,-12.17143171207111,8.173474434813897,-0.31975384300561616,-9.436128671891138,157.70918804906782
169.97256968372585,-12.180735473881311,8.175157127601636,-0.3197042094837257,-9.434302506504855,157.78225904257948
169.97633763387992,-12.190039302796022,8.176841195473836,-0.3196547145174952,-9.432476182233035,157.8553347274754
169.98010552299235,-12.199343198769583,8.178526636265701,-0.3196053580669459,-9.430649699563926,157.9284150863097
169.9838733512993,-12.208647161756144,8.180213447812443,-0.31955614009206745,-9.428823058985746,158.00150010163622
169.9876411190371,-12.21795119171007,8.18190162794927,-0.31950706055280464,-9.426996260986742,158.0745897560092
169.991408826442,-12.227255288585512,8.18359117451139,-0.31945811940906843,-9.425169306055167,158.14768403198252
169.99517647375032,-12.23655945233686,8.185282085334014,-0.31940931662072825,-9.423342194679266,158.22078291211028
169.99894406119827,-12.245863682918285,8.18697435825235,-0.319360652147613,-9.421514927347308,158.29388637894658
170.00271158902228,-12.255167980284192,8.188667991101603,-0.3193121259495174,-9.419687504547563,158.3669944150455
170.00647905745862,-12.264472344388764,8.190362981716989,-0.319263737986193,-9.417859926768301,158.44010700296087
170.01024646674364,-12.273776775186429,8.192059327933707,-0.3192154882173528,-9.416032194497811,158.51322412524706
170.0140138171137,-12.283081272631378,8.193757027586972,-0.3191673766026733,-9.414204308224383,158.58634576445783
170.01778110880517,-12.292385836678054,8.195456078511993,-0.31911940310178716,-9.412376268436313,158.6594719031474
170.0215483420544,-12.301690467280682,8.197156478543977,-0.3190715676742915,-9.410548075621904,158.73260252386984
170.0253155170978,-12.3109951643937,8.198858225518133,-0.3190238702797437,-9.408719730269466,158.8057376091791
170.02908263417177,-12.320299927971359,8.20056131726967,-0.3189763108776616,-9.406891232867318,158.87887714162915
170.0328496935128,-12.329604757968117,8.202265751633796,-0.318928889427523,-9.405062583903787,158.9520211037742
170.03661669535722,-12.338909654338233,8.20397152644572,-0.31888160588876574,-9.403233783867206,159.02516947816832
170.04038363994155,-12.348214617036126,8.205678639540649,-0.3188344602207902,-9.40140483324591,159.09832224736542
170.0441505275022,-12.357519646016241,8.207387088753796,-0.3187874523829551,-9.399575732528245,159.17147939391964
170.0479173582757,-12.366824741232849,8.209096871920366,-0.31874058233458374,-9.397746482202566,159.24464090038498
170.05168413249848,-12.37612990264046,8.210807986875567,-0.3186938500349524,-9.39591708275723,159.3178067493155
170.05545085040706,-12.385435130193367,8.212520431454612,-0.3186472554433064,-9.394087534680605,159.3909769232653
170.05921751223798,-12.39474042384609,8.214234203492708,-0.3186007985188446,-9.39225783846106,159.46415140478834
170.06298411822772,-12.40404578355294,8.215949300825061,-0.3185544792207324,-9.390427994586979,159.53733017643876
170.06675066861288,-12.413351209268466,8.217665721286881,-0.318508297508087,-9.388598003546754,159.61051322077063
170.07051716362997,-12.422656700946973,8.21938346271338,-0.31846225333999467,-9.386767865828764,159.6837005203378
170.07428360351557,-12.431962258543033,8.221102522939761,-0.3184163466754965,-9.384937581921426,159.7568920576945
170.07804998850628,-12.441267882010981,8.222822899801235,-0.3183705774735967,-9.383107152313137,159.8300878153948
170.08181631883866,-12.45057357130538,8.224544591133009,-0.3183249456932573,-9.381276577492311,159.90328777599254
170.08558259474935,-12.4598793263806,8.226267594770302,-0.3182794512934006,-9.379445857947372,159.97649192204202
170.089348816475,-12.46918514719122,8.227991908548308,-0.31823409423291116,-9.37761499416675,160.04970023609715
170.0931149842522,-12.478491033691608,8.229717530302244,-0.31818887447063227,-9.375783986638874,160.12291270071196
170.0968810983176,-12.48779698583638,8.231444457867315,-0.31814379196536563,-9.373952835852188,160.19612929844067
170.10064715890792,-12.49710300357991,8.233172689078735,-0.3180988466758745,-9.37212154229514,160.26935001183705
170.1044131662598,-12.506409086876818,8.234902221771708,-0.31805403856088293,-9.370290106456181,160.34257482345544
170.10817912060995,-12.515715235681517,8.236633053781443,-0.318009367579074,-9.36845852882378,160.41580371584965
170.11194502219507,-12.525021449948577,8.238365182943152,-0.31796483368908707,-9.366626809886396,160.48903667157384
170.1157108712519,-12.534327729632581,8.240098607092042,-0.31792043684952914,-9.364794950132502,160.56227367318212
170.11947666801717,-12.54363407468796,8.241833324063316,-0.31787617701895876,-9.362962950050596,160.63551470322838
170.12324241272765,-12.552940485069369,8.243569331692191,-0.3178320541558997,-9.36113081012915,160.70875974426679
170.12700810562006,-12.562246960731253,8.245306627813873,-0.31778806821883193,-9.359298530856663,160.78200877885138
170.13077374693123,-12.571553501628278,8.247045210263568,-0.3177442191661972,-9.357466112721637,160.85526178953617
170.13453933689794,-12.580860107714912,8.248785076876489,-0.31770050695639707,-9.355633556212583,160.92851875887519
170.13830487575703,-12.590166778945827,8.250526225487842,-0.3176569315477902,-9.353800861818009,161.00177966942255
170.14207036374526,-12.599473515275514,8.252268653932834,-0.31761349289869756,-9.351968030026441,161.0750445037323
170.14583580109957,-12.60878031665866,8.254012360046678,-0.3175701909673968,-9.350135061326405,161.14831324435843
170.14960118805672,-12.618087183049763,8.25575734166458,-0.3175270257121295,-9.348301956206436,161.221585873855
170.15336652485362,-12.627394114403534,8.257503596621751,-0.3174839970910894,-9.346468715155073,161.29486237477607
170.15713181172714,-12.636701110674482,8.259251122753396,-0.3174411050624367,-9.344635338660867,161.36814272967575
170.16089704891425,-12.646008171817337,8.260999917894726,-0.31739834958428553,-9.342801827212373,161.44142692110796
170.16466223665176,-12.655315297786622,8.262749979880947,-0.31735573061471484,-9.340968181298146,161.51471493162688
170.1684273751767,-12.664622488537074,8.264501306547276,-0.31731324811175765,-9.339134401406756,161.58800674378645
170.17219246472592,-12.673929744023235,8.26625389572891,-0.3172709020334079,-9.337300488026779,161.6613023401407
170.17595750553647,-12.683237064199872,8.268007745261066,-0.31722869233761913,-9.335466441646792,161.7346017032439
170.17972249784526,-12.692544449021527,8.269762852978948,-0.3171866189823061,-9.333632262755385,161.8079048156498
170.18348744188935,-12.701851898442985,8.271519216717769,-0.3171446819253365,-9.331797951841152,161.88121165991274
170.18725233790568,-12.7111594124188,8.27327683431273,-0.3171028811245433,-9.329963509392691,161.9545222185865
170.19101718613126,-12.720466990903716,8.275035703599052,-0.31706121653771613,-9.328128935898603,162.02783647422524
170.19478198680324,-12.729774633852479,8.276795822411934,-0.31701968812260173,-9.326294231847507,162.10115440938313
170.19854674015855,-12.739082341219676,8.278557188586587,-0.31697829583690934,-9.324459397728019,162.17447600661407
170.20231144643435,-12.748390112960118,8.280319799958221,-0.3169370396383031,-9.322624434028768,162.24780124847214
170.20607610586768,-12.757697949028408,8.282083654362042,-0.3168959194844094,-9.320789341238385,162.32113011751136
170.20984071869563,-12.767005849379382,8.283848749633265,-0.31685493533281084,-9.318954119845504,162.39446259628588
170.2136052851553,-12.776313813967647,8.28561508360709,-0.3168140871410528,-9.317118770338777,162.46779866734965
170.2173698054839,-12.78562184274805,8.28738265411873,-0.31677337486663143,-9.315283293206855,162.5411383132567
170.22113427991854,-12.794929935675228,8.289151459003396,-0.3167327984670125,-9.313447688938385,162.61448151656117
170.22489870869634,-12.804238092704034,8.290921496096292,-0.31669235789961,-9.311611958022043,162.68782825981708
170.22866309205452,-12.813546313789121,8.292692763232628,-0.31665205312180383,-9.309776100946495,162.7611785255785
170.23242743023027,-12.822854598885357,8.294465258247616,-0.31661188409092644,-9.307940118200419,162.83453229639937
170.2361917234608,-12.8321629479474,8.29623897897646,-0.31657185076427624,-9.306104010272499,162.9078895548338
170.23995597198336,-12.841471360930148,8.298013923254372,-0.3165319530991031,-9.30426777765142,162.98125028343594
170.24372017603514,-12.850779837788274,8.299790088916561,-0.31649219105261855,-9.302431420825881,163.0546144647597
170.24748433585344,-12.86008837847667,8.301567473798231,-0.3164525645819897,-9.300594940284586,163.12798208135914
170.25124845167554,-12.869396982950043,8.303346075734598,-0.3164130736443495,-9.298758336516237,163.2013531157884
170.25501252373869,-12.878705651163248,8.305125892560865,-0.3163737181967808,-9.296921610009555,163.27472755060154
170.25877655228024,-12.88801438307115,8.306906922112242,-0.316334498196327,-9.295084761253255,163.34810536835244
170.2625405375375,-12.897323178628517,8.30868916222394,-0.3162954135999925,-9.293247790736071,163.42148655159534
170.2663044797478,-12.906632037790132,8.31047261073116,-0.31625646436473615,-9.291410698946741,163.49487108288412
170.27006837914848,-12.915940960510879,8.312257265469123,-0.3162176504474795,-9.289573486373989,163.56825894477294
170.273832235977,-12.925249946745652,8.314043124273029,-0.31617897180509724,-9.287736153506575,163.6416501198158
170.27759605047063,-12.934558996449203,8.31583018497809,-0.31614042839442535,-9.285898700833243,163.71504459056686
170.28135982286693,-12.943868109576487,8.31761844541951,-0.3161020201722578,-9.284061128842755,163.78844233958
170.28512355340314,-12.953177286082274,8.319407903432506,-0.31606374709534396,-9.282223438023873,163.86184334940936
170.28888724231686,-12.962486525921536,8.321198556852277,-0.3160256091203924,-9.280385628865375,163.93524760260897
170.29265088984545,-12.971795829049045,8.322990403514039,-0.31598760620407407,-9.278547701856034,164.00865508173288
170.29641449622642,-12.981105195419795,8.324783441252999,-0.3159497383030089,-9.276709657484627,164.08206576933514
170.3001780616972,-12.990414624988569,8.326577667904361,-0.31591200537378084,-9.274871496239957,164.15547964796988
170.30394158649545,-12.999724117710382,8.32837308130334,-0.3158744073729345,-9.273033218610806,164.22889670019097
170.30770507085853,-13.009033673540028,8.330169679285145,-0.31583694425696135,-9.271194825085983,164.30231690855257
170.31146851502407,-13.018343292432528,8.331967459684982,-0.31579961598232165,-9.269356316154292,164.37574025560875
170.3152319192296,-13.027652974342702,8.333766420338055,-0.31576242250542735,-9.267517692304558,164.44916672391355
170.31899528371275,-13.036962719225583,8.335566559079579,-0.3157253637826517,-9.265678954025585,164.52259629602096
170.32275860871098,-13.046272527035999,8.337367873744762,-0.31568843977032107,-9.263840101806215,164.59602895448504
170.32652189446205,-13.055582397729,8.339170362168812,-0.3156516504247217,-9.26200113613527,164.6694646818599
170.3302851412035,-13.064892331259426,8.340974022186934,-0.31561499570210133,-9.26016205750159,164.74290346069947
170.334048349173,-13.074202327582293,8.342778851634344,-0.31557847555865826,-9.258322866394016,164.816345273558
170.33781151860822,-13.083512386652611,8.344584848346246,-0.31554208995054867,-9.256483563301408,164.88979010298928
170.34157464974683,-13.092822508425252,8.34639201015785,-0.31550583883389327,-9.254644148712618,164.96323793154767
170.34533774282653,-13.102132692855289,8.348200334904362,-0.3154697221647659,-9.252804623116505,165.03668874178692
170.34910079808503,-13.111442939897607,8.350009820420992,-0.3154337398991954,-9.250964987001945,165.11014251626116
170.35286381576006,-13.1207532495073,8.351820464542953,-0.31539789199316587,-9.249125240857808,165.1835992375246
170.35662679608936,-13.130063621639266,8.35363226510545,-0.3153621784026298,-9.247285385172976,165.2570588881311
170.36038973931073,-13.13937405624861,8.35544521994369,-0.31532659908348676,-9.245445420436333,165.33052145063476
170.36415264566193,-13.148684553290236,8.357259326892883,-0.31529115399159724,-9.243605347136777,165.40398690758968
