galstreams/tracks/track.st.NGC288.ibata2021.ecsv
# %ECSV 0.9
# ---
# datatype:
# - {name: ra, unit: deg, datatype: float64}
# - {name: dec, unit: deg, datatype: float64}
# - {name: distance, unit: kpc, datatype: float64}
# - {name: pm_ra_cosdec, unit: mas / yr, datatype: float64}
# - {name: pm_dec, unit: mas / yr, datatype: float64}
# - {name: radial_velocity, unit: km / s, datatype: float64}
# delimiter: ','
# meta: !!omap
# - __serialized_columns__:
#     dec:
#       __class__: astropy.coordinates.angles.Latitude
#       unit: &id001 !astropy.units.Unit {unit: deg}
#       value: !astropy.table.SerializedColumn {name: dec}
#     distance:
#       __class__: astropy.coordinates.distances.Distance
#       unit: !astropy.units.Unit {unit: kpc}
#       value: !astropy.table.SerializedColumn {name: distance}
#     pm_dec:
#       __class__: astropy.units.quantity.Quantity
#       unit: !astropy.units.Unit {unit: mas / yr}
#       value: !astropy.table.SerializedColumn {name: pm_dec}
#     pm_ra_cosdec:
#       __class__: astropy.units.quantity.Quantity
#       unit: !astropy.units.Unit {unit: mas / yr}
#       value: !astropy.table.SerializedColumn {name: pm_ra_cosdec}
#     ra:
#       __class__: astropy.coordinates.angles.Longitude
#       unit: *id001
#       value: !astropy.table.SerializedColumn {name: ra}
#       wrap_angle: !astropy.coordinates.Angle
#         unit: *id001
#         value: 360.0
#     radial_velocity:
#       __class__: astropy.units.quantity.Quantity
#       unit: !astropy.units.Unit {unit: km / s}
#       value: !astropy.table.SerializedColumn {name: radial_velocity}
# schema: astropy-2.0
ra,dec,distance,pm_ra_cosdec,pm_dec,radial_velocity
5.920744006785909,-19.955178615960005,11.492757217880897,4.221337854156738,-5.330039198675909,-3.368306851948935e-14
5.9315717376522095,-19.959930894793,11.491431913549672,4.220235073853531,-5.329231721647406,-6.73661370389787e-14
5.942387688578249,-19.964691432529342,11.490108779575587,4.219136189488324,-5.328429227433216,-5.0524602779234026e-14
5.953191876919433,-19.969460219021347,11.488787813010589,4.218041195955019,-5.327631707315622,-6.73661370389787e-14
5.963984320027883,-19.974237244117163,11.487469010906624,4.216950088144225,-5.326839152579561,-3.368306851948935e-14
5.974765035252429,-19.97902249766073,11.48615237031564,4.215862860943257,-5.326051554512596,-3.368306851948935e-14
5.985534039938618,-19.983815969491797,11.484837888289585,4.214779509236145,-5.325268904404918,-5.0524602779234026e-14
5.996291351428735,-19.98861764944593,11.483525561880404,4.213700027903646,-5.324491193549338,-3.368306851948935e-14
6.007036987061799,-19.993427527354523,11.482215388140048,4.212624411823247,-5.323718413241292,-3.368306851948935e-14
6.017770964173582,-19.998245593044768,11.480907364120455,4.211552655869182,-5.322950554778816,-3.368306851948935e-14
6.028493300096611,-20.0030718363397,11.479601486873579,4.210484754912433,-5.32218760946256,-5.0524602779234026e-14
6.039204012160177,-20.00790624705817,11.47829775345137,4.209420703820734,-5.321429568595764,-8.420767129872338e-14
6.049903117690353,-20.012748815014884,11.476996160905761,4.208360497458594,-5.320676423484275,-3.368306851948935e-14
6.0605906340099915,-20.017599530020362,11.475696706288714,4.207304130687291,-5.319928165436516,-6.73661370389787e-14
6.071266578438739,-20.02245838188098,11.474399386652163,4.206251598364892,-5.319184785763503,-1.6841534259744676e-14
6.0819309682930465,-20.02732536039894,11.473104199048064,4.205202895346246,-5.318446275778822,-8.420767129872338e-14
6.092583820886171,-20.03220045537231,11.471811140528363,4.204158016483006,-5.317712626798631,-3.368306851948935e-14
6.103225153528197,-20.037083656594998,11.470520208145,4.203116956623635,-5.316983830141659,-8.420767129872338e-14
6.113854983526032,-20.041974953856787,11.469231398949931,4.202079710613408,-5.31625987712919,-6.73661370389787e-14
6.124473328183426,-20.046874336943304,11.467944709995097,4.201046273294428,-5.315540759085072,-6.73661370389787e-14
6.135080204800974,-20.05178179563604,11.466660138332443,4.200016639505623,-5.314826467335689,-3.368306851948935e-14
6.1456756306761235,-20.056697319712352,11.465377681013921,4.198990804082766,-5.314116993209981,-6.73661370389787e-14
6.1562596231031925,-20.06162089894548,11.464097335091479,4.197968761858477,-5.313412328039421,-1.0104920555846805e-13
6.1668321993733715,-20.066552523104544,11.462819097617052,4.196950507662238,-5.312712463158018,-5.0524602779234026e-14
6.177393376774733,-20.07149218195451,11.4615429656426,4.195936036320383,-5.312017389902302,-5.0524602779234026e-14
6.187943172592235,-20.076439865256265,11.460268936220066,4.194925342656128,-5.311327099611336,-5.0524602779234026e-14
6.198481604107745,-20.08139556276656,11.458997006401397,4.193918421489569,-5.310641583626688,-5.0524602779234026e-14
6.209008688600037,-20.086359264238048,11.457727173238535,4.192915267637687,-5.309960833292445,-5.0524602779234026e-14
6.219524443344801,-20.091330959419263,11.45645943378343,4.191915875914362,-5.309284839955198,-1.0104920555846805e-13
6.230028885614657,-20.09631063805466,11.455193785088031,4.190920241130379,-5.3086135949640365,-6.73661370389787e-14
6.2405220326791575,-20.101298289884582,11.453930224204283,4.189928358093436,-5.307947089670546,-3.368306851948935e-14
6.251003901804802,-20.106293904645266,11.452668748184132,4.188940221608144,-5.307285315428801,-3.368306851948935e-14
6.261474510255045,-20.111297472068877,11.451409354079525,4.187955826476057,-5.306628263595359,-6.73661370389787e-14
6.271933875290297,-20.11630898188349,11.450152038942411,4.186975167495654,-5.305975925529259,-5.0524602779234026e-14
6.282382014167953,-20.121328423813083,11.448896799824734,4.185998239462363,-5.305328292592009,-5.0524602779234026e-14
6.292818944142376,-20.12635578757758,11.447643633778444,4.185025037168563,-5.304685356147588,-3.368306851948935e-14
6.30324468246492,-20.13139106289281,11.446392537855484,4.184055555403596,-5.304047107562437,-6.73661370389787e-14
6.313659246383945,-20.136434239470535,11.445143509107803,4.1830897889537715,-5.303413538205454,-5.0524602779234026e-14
6.324062653144809,-20.141485307018453,11.443896544587346,4.18212773260237,-5.302784639447987,-5.0524602779234026e-14
6.334454919989888,-20.14654425524019,11.442651641346062,4.181169381129665,-5.302160402663829,-8.420767129872338e-14
6.344836064158588,-20.15161107383532,11.441408796435898,4.180214729312915,-5.301540819229221,-3.368306851948935e-14
6.355206102887339,-20.156685752499353,11.440168006908799,4.179263771926384,-5.300925880522827,-8.420767129872338e-14
6.365565053409625,-20.16176828092376,11.438929269816711,4.178316503741339,-5.3003155779257565,-5.0524602779234026e-14
6.37591293295597,-20.16685864879594,11.437692582211584,4.1773729195260625,-5.2997099028215295,-6.73661370389787e-14
6.386249758753962,-20.171956845799276,11.436457941145363,4.176433014045863,-5.299108846596095,-5.0524602779234026e-14
6.396575548028296,-20.17706286161312,11.435225343669995,4.175496782063084,-5.298512400637815,-3.368306851948935e-14
6.406890318000637,-20.18217668591267,11.433994786837426,4.174564218337096,-5.297920556337454,-5.0524602779234026e-14
6.417194085889834,-20.18729830836923,11.432766267699604,4.173635317624326,-5.297333305088187,-6.73661370389787e-14
6.427486868911814,-20.192427718650016,11.431539783308473,4.172710074678256,-5.296750638285587,-3.368306851948935e-14
6.437768684279591,-20.197564906418226,11.430315330715986,4.171788484249424,-5.296172547327616,-5.0524602779234026e-14
6.448039549203301,-20.20270986133303,11.429092906974086,4.170870541085442,-5.295599023614624,-3.368306851948935e-14
6.458299480890196,-20.207862573049574,11.427872509134716,4.169956239931,-5.295030058549349,-1.6841534259744676e-14
6.468548496544661,-20.213023031218988,11.426654134249832,4.169045575527869,-5.2944656435368955,-1.1789073981821273e-13
6.478786613368227,-20.21819122548841,11.42543777937137,4.168138542614923,-5.293905769984756,-6.73661370389787e-14
6.489013848559561,-20.22336714550094,11.424223441551284,4.167235135928126,-5.293350429302774,-6.73661370389787e-14
6.499230219314498,-20.228550780895702,11.423011117841515,4.166335350200558,-5.292799612903166,-3.368306851948935e-14
6.5094357428260246,-20.233742121307774,11.421800805294021,4.165439180162405,-5.2922533122004936,-5.0524602779234026e-14
6.519630436284316,-20.23894115636829,11.420592500960737,4.1645466205409924,-5.291711518611681,-6.73661370389787e-14
6.529814316876728,-20.244147875704357,11.419386201893616,4.163657666060763,-5.291174223555986,-3.368306851948935e-14
6.539987401787797,-20.249362268939098,11.418181905144602,4.162772311443308,-5.290641418455021,-6.73661370389787e-14
6.5501497081992754,-20.254584325691656,11.416979607765642,4.161890551407359,-5.290113094732724,-8.420767129872338e-14
6.560301253290117,-20.259814035577175,11.415779306808682,4.161012380668807,-5.289589243815364,-5.0524602779234026e-14
6.570442054236493,-20.26505138820683,11.414580999325677,4.160137793940699,-5.289069857131535,-8.420767129872338e-14
6.580572128211807,-20.270296373187836,11.413384682368566,4.159266785933259,-5.288554926112159,-6.73661370389787e-14
6.590691492386692,-20.2755489801234,11.412190352989288,4.158399351353881,-5.288044442190461,-5.0524602779234026e-14
6.6008001639290335,-20.280809198612783,11.410998008239806,4.1575354849071475,-5.287538396801982,-5.0524602779234026e-14
6.610898160003961,-20.28607701825128,11.409807645172064,4.156675181294832,-5.287036781384565,-6.73661370389787e-14
6.620985497773874,-20.291352428630223,11.408619260838,4.155818435215906,-5.286539587378353,-3.368306851948935e-14
6.631062194398437,-20.296635419336972,11.407432852289562,4.154965241366553,-5.286046806225786,-5.0524602779234026e-14
6.641128267034602,-20.30192597995495,11.406248416578704,4.154115594440166,-5.285558429371588,-5.0524602779234026e-14
6.651183732836599,-20.30722410006363,11.405065950757367,4.153269489127363,-5.285074448262768,-5.0524602779234026e-14
6.661228608955966,-20.312529769238523,11.403885451877505,4.15242692011599,-5.284594854348614,-5.0524602779234026e-14
6.6712629125415335,-20.317842977051203,11.40270691699105,4.151587882091133,-5.284119639080695,-8.420767129872338e-14
6.681286660739461,-20.323163713069317,11.401530343149965,4.150752369735117,-5.283648793912832,-3.368306851948935e-14
6.691299870693224,-20.32849196685654,11.40035572740619,4.149920377727525,-5.283182310301124,-6.73661370389787e-14
6.701302559543626,-20.333827727972647,11.399183066811668,4.149091900745197,-5.282720179703925,-8.420767129872338e-14
6.711294744428822,-20.339170985973485,11.39801235841835,4.148266933462237,-5.282262393581835,-3.368306851948935e-14
6.7212764424843074,-20.34452173041094,11.396843599278185,4.147445470550027,-5.281808943397711,-6.73661370389787e-14
6.731247670842943,-20.349879950833017,11.39567678644312,4.146627506677231,-5.281359820616647,-6.73661370389787e-14
6.741208446634946,-20.35524563678378,11.394511916965094,4.145813036509798,-5.280915016705981,-3.368306851948935e-14
6.751158786987923,-20.36061877780337,11.393348987896061,4.145002054710981,-5.28047452313528,-6.73661370389787e-14
6.761098709026853,-20.365999363428035,11.392187996287962,4.1441945559413265,-5.280038331376336,-6.73661370389787e-14
6.771028229874116,-20.3713873831901,11.391028939192752,4.143390534858697,-5.279606432903169,-5.0524602779234026e-14
6.780947366649488,-20.376782826618,11.38987181366237,4.142589986118277,-5.279178819192015,-6.73661370389787e-14
6.790856136470158,-20.382185683236244,11.388716616748772,4.141792904372569,-5.278755481721323,-1.0104920555846805e-13
6.800754556450739,-20.387595942565476,11.387563345503894,4.140999284271419,-5.278336411971749,-1.0104920555846805e-13
6.810642643703268,-20.393013594122422,11.386411996979685,4.140209120462002,-5.2779216014261525,-1.0104920555846805e-13
6.820520415337214,-20.398438627419914,11.3852625682281,4.139422407588845,-5.277511041569588,-6.73661370389787e-14
6.830387888459499,-20.403871031966915,11.384115056301074,4.138639140293837,-5.277104723889313,-5.0524602779234026e-14
6.840245080174493,-20.40931079726849,11.382969458250564,4.137859313216216,-5.276702639874756,-8.420767129872338e-14
6.850092007584032,-20.41475791282582,11.381825771128517,4.137082920992597,-5.2763047810175365,-6.73661370389787e-14
6.859928687787425,-20.42021236813623,11.38068399198687,4.136309958256976,-5.275911138811462,-8.420767129872338e-14
6.869755137881458,-20.425674152693155,11.379544117877579,4.135540419640723,-5.275521704752497,-1.1789073981821273e-13
6.879571374960404,-20.43114325598616,11.378406145852582,4.134774299772608,-5.275136470338781,-6.73661370389787e-14
6.889377416116043,-20.43661966750095,11.377270072963833,4.1340115932787915,-5.274755427070618,-5.0524602779234026e-14
6.899173278437649,-20.44210337671935,11.37613589626328,4.133252294782843,-5.274378566450462,-6.73661370389787e-14
6.908958979012016,-20.447594373119347,11.375003612802862,4.132496398905747,-5.274005879982932,-5.0524602779234026e-14
6.918734534923461,-20.45309264617506,11.373873219634534,4.1317439002659055,-5.273637359174784,-6.73661370389787e-14
6.92849996325384,-20.45859818535676,11.372744713810237,4.130994793479148,-5.273272995534924,-8.420767129872338e-14
6.938255281082541,-20.46411098013087,11.371618092381922,4.130249073158736,-5.2729127805743925,-8.420767129872338e-14
6.948000505486499,-20.469631019959948,11.370493352401532,4.129506733915377,-5.27255670580637,-6.73661370389787e-14
6.957735653540219,-20.47515829430274,11.369370490921016,4.128767770357221,-5.272204762746154,-5.0524602779234026e-14
6.967460742315763,-20.480692792614118,11.36824950499232,4.128032177089879,-5.271856942911174,-1.1789073981821273e-13
6.977175788882775,-20.486234504345155,11.367130391667395,4.127299948716422,-5.271513237820976,-1.1789073981821273e-13
6.986880810308479,-20.491783418943072,11.366013147998178,4.12657107983739,-5.27117363899722,-6.73661370389787e-14
6.996575823657691,-20.497339525851242,11.364897771036626,4.125845565050803,-5.270838137963671,-6.73661370389787e-14
7.00626084599283,-20.502902814509255,11.36378425783468,4.1251233989521605,-5.270506726246211,-8.420767129872338e-14
7.015935894373928,-20.50847327435285,11.36267260544429,4.124404576134458,-5.270179395372802,-8.420767129872338e-14
7.02560098585863,-20.514050894813945,11.361562810917398,4.123689091188184,-5.269856136873514,-6.73661370389787e-14
7.035256137502218,-20.519635665320664,11.360454871305954,4.122976938701335,-5.269536942280498,-5.0524602779234026e-14
7.044901366357597,-20.525227575297293,11.359348783661908,4.1222681132594206,-5.269221803128,-8.420767129872338e-14
7.0545366894753245,-20.53082661416433,11.358244545037202,4.121562609445465,-5.268910710952336,-6.73661370389787e-14
7.064162123903612,-20.536432771338454,11.357142152483785,4.120860421840023,-5.2686036572919,-1.347322740779574e-13
7.073777686688334,-20.542046036232556,11.356041603053603,4.1201615450211815,-5.268300633687154,-6.73661370389787e-14
7.083383394873028,-20.547666398255714,11.354942893798604,4.119465973564567,-5.268001631680634,-1.0104920555846805e-13
7.092979265498917,-20.55329384681322,11.35384602177073,4.118773702043351,-5.267706642816926,-1.0104920555846805e-13
7.1025653156049104,-20.558928371306564,11.352750984021936,4.118084725028262,-5.267415658642673,-8.420767129872338e-14
7.112141562227616,-20.564569961133465,11.35165777760416,4.117399037087591,-5.267128670706577,-5.0524602779234026e-14
7.121708022401342,-20.57021860568783,11.350566399569358,4.116716632787187,-5.266845670559373,-1.0104920555846805e-13
7.131264713158116,-20.575874294359817,11.349476846969464,4.116037506690492,-5.266566649753853,-8.420767129872338e-14
7.140811651527684,-20.581537016535776,11.348389116856442,4.115361653358509,-5.266291599844827,-6.73661370389787e-14
7.150348854537524,-20.587206761598306,11.347303206282225,4.114689067349845,-5.266020512389155,-5.0524602779234026e-14
7.159876339212852,-20.59288351892621,11.346219112298767,4.114019743220695,-5.265753378945711,-5.0524602779234026e-14
7.169394122576638,-20.59856727789454,11.34513683195801,4.113353675524859,-5.265490191075394,-8.420767129872338e-14
7.178902221649601,-20.60425802787458,11.344056362311903,4.112690858813749,-5.265230940341129,-5.0524602779234026e-14
7.1884006534502305,-20.609955758233845,11.342977700412392,4.112031287636388,-5.2649756183078384,-8.420767129872338e-14
7.197889434994791,-20.615660458336098,11.341900843311425,4.111374956539422,-5.264724216542464,-5.0524602779234026e-14
7.2073685832973275,-20.62137211754135,11.34082578806095,4.110721860067134,-5.264476726613947,-8.420767129872338e-14
7.216838115369672,-20.627090725205846,11.339752531712906,4.1100719927614335,-5.264233140093225,-5.0524602779234026e-14
7.226298048221462,-20.63281627068208,11.338681071319254,4.109425349161882,-5.263993448553233,-6.73661370389787e-14
7.235748398860184,-20.63854874331888,11.33761140393193,4.10878192380569,-5.2637576435688915,-8.420767129872338e-14
7.245189184291018,-20.644288132461163,11.336543526602885,4.108141711227721,-5.263525716717112,-1.0104920555846805e-13
7.254620421517095,-20.650034427450244,11.335477436384062,4.1075047059605065,-5.263297659576774,-1.347322740779574e-13
7.26404212753933,-20.655787617623673,11.33441313032741,4.106870902534245,-5.263073463728745,-6.73661370389787e-14
7.2734543193564924,-20.66154769231526,11.33335060548488,4.106240295476817,-5.2628531207558495,-1.0104920555846805e-13
7.282857013965197,-20.667314640855093,11.332289858908407,4.105612879313787,-5.262636622242889,-6.73661370389787e-14
7.292250228359919,-20.673088452569502,11.331230887649953,4.104988648568403,-5.262423959776615,-8.420767129872338e-14
