galstreams/tracks/track.st.Hyllus.grillmair2014.ecsv
# %ECSV 0.9
# ---
# datatype:
# - {name: ra, unit: deg, datatype: float64}
# - {name: dec, unit: deg, datatype: float64}
# - {name: distance, unit: kpc, datatype: float64}
# - {name: pm_ra_cosdec, unit: mas / yr, datatype: float64}
# - {name: pm_dec, unit: mas / yr, datatype: float64}
# - {name: radial_velocity, unit: km / s, datatype: float64}
# delimiter: ','
# meta: !!omap
# - __serialized_columns__:
#     dec:
#       __class__: astropy.coordinates.angles.Latitude
#       unit: &id001 !astropy.units.Unit {unit: deg}
#       value: !astropy.table.SerializedColumn {name: dec}
#     distance:
#       __class__: astropy.coordinates.distances.Distance
#       unit: !astropy.units.Unit {unit: kpc}
#       value: !astropy.table.SerializedColumn {name: distance}
#     pm_dec:
#       __class__: astropy.units.quantity.Quantity
#       unit: !astropy.units.Unit {unit: mas / yr}
#       value: !astropy.table.SerializedColumn {name: pm_dec}
#     pm_ra_cosdec:
#       __class__: astropy.units.quantity.Quantity
#       unit: !astropy.units.Unit {unit: mas / yr}
#       value: !astropy.table.SerializedColumn {name: pm_ra_cosdec}
#     ra:
#       __class__: astropy.coordinates.angles.Longitude
#       unit: *id001
#       value: !astropy.table.SerializedColumn {name: ra}
#       wrap_angle: !astropy.coordinates.Angle
#         unit: *id001
#         value: 360.0
#     radial_velocity:
#       __class__: astropy.units.quantity.Quantity
#       unit: !astropy.units.Unit {unit: km / s}
#       value: !astropy.table.SerializedColumn {name: radial_velocity}
# schema: astropy-2.0
ra,dec,distance,pm_ra_cosdec,pm_dec,radial_velocity
[from data line 236]
248.1023355236628,13.29378552730331,22.551255684941104,0.0,0.0,0.0
248.0986451849437,13.30352967147894,22.549350106712104,0.0,0.0,0.0
248.0949578559876,13.313274047765544,22.547444479473782,0.0,0.0,0.0
248.09127353650285,13.323018656143173,22.545538803227185,0.0,0.0,0.0
248.08759222619832,13.332763496592136,22.543633077973368,0.0,0.0,0.0
248.0839139247834,13.342508569092937,22.541727303713394,0.0,0.0,0.0
248.08023863196777,13.352253873626468,22.539821480448293,0.0,0.0,0.0
248.07656634746195,13.361999410173661,22.537915608179137,0.0,0.0,0.0
248.07289707097655,13.371745178715768,22.53600968690697,0.0,0.0,0.0
248.06923080222302,13.381491179234185,22.534103716632846,0.0,0.0,0.0
248.06556754091295,13.391237411710714,22.532197697357812,0.0,0.0,0.0
248.06190728675867,13.400983876127206,22.530291629082928,0.0,0.0,0.0
248.0582500394729,13.41073057246575,22.528385511809244,0.0,0.0,0.0
248.05459579876884,13.420477500708817,22.52647934553781,0.0,0.0,0.0
248.05094456436012,13.430224660838936,22.524573130269676,0.0,0.0,0.0
248.04729633596102,13.439972052838918,22.522666866005903,0.0,0.0,0.0
248.0436511132861,13.449719676691757,22.52076055274754,0.0,0.0,0.0
248.04000889605058,13.459467532380813,22.518854190495638,0.0,0.0,0.0
248.03636968396995,13.469215619889509,22.51694777925124,0.0,0.0,0.0
248.03273347676046,13.478963939201558,22.515041319015417,0.0,0.0,0.0
248.02910027413856,13.488712490300832,22.513134809789204,0.0,0.0,0.0
248.0254700758214,13.498461273171575,22.51122825157367,0.0,0.0,0.0
248.02184288152657,13.50821028779812,22.509321644369848,0.0,0.0,0.0
248.01821869097202,13.517959534165044,22.507414988178805,0.0,0.0,0.0
248.01459750387633,13.527709012257105,22.505508283001593,0.0,0.0,0.0
248.01097931995844,13.537458722059448,22.503601528839255,0.0,0.0,0.0
248.0073641389378,13.547208663557262,22.50169472569284,0.0,0.0,0.0
248.0037519605345,13.556958836736014,22.49978787356342,0.0,0.0,0.0
248.0001427844689,13.566709241581334,22.49788097245203,0.0,0.0,0.0
247.99653661046196,13.576459878079255,22.49597402235973,0.0,0.0,0.0
247.9929334382351,13.586210746215817,22.49406702328757,0.0,0.0,0.0
247.98933326751023,13.595961845977376,22.4921599752366,0.0,0.0,0.0
247.9857360980097,13.605713177350427,22.490252878207876,0.0,0.0,0.0
247.98214192945645,13.615464740321853,22.48834573220245,0.0,0.0,0.0
247.9785507615737,13.625216534878597,22.486438537221375,0.0,0.0,0.0
247.9749625940854,13.634968561007847,22.484531293265697,0.0,0.0,0.0
247.97137742671586,13.644720818696975,22.482624000336475,0.0,0.0,0.0
247.9677952591898,13.65447330793371,22.48071665843476,0.0,0.0,0.0
247.96421609123257,13.664226028705867,22.4788092675616,0.0,0.0,0.0
247.96063992256995,13.673978981001493,22.476901827718056,0.0,0.0,0.0
247.95706675292817,13.683732164808806,22.474994338905166,0.0,0.0,0.0
247.953496582034,13.693485580116404,22.473086801123998,0.0,0.0,0.0
247.9499294096146,13.70323922691293,22.471179214375596,0.0,0.0,0.0
247.94636523539774,13.712993105187298,22.469271578661015,0.0,0.0,0.0
247.94280405911158,13.722747214928564,22.467363893981304,0.0,0.0,0.0
247.9392458804848,13.732501556126188,22.46545616033752,0.0,0.0,0.0
247.93569069924652,13.742256128769641,22.46354837773071,0.0,0.0,0.0
247.93213851512647,13.752010932848686,22.461640546161927,0.0,0.0,0.0
247.92858932785472,13.761765968353226,22.459732665632224,0.0,0.0,0.0
247.92504313716188,13.771521235273541,22.457824736142662,0.0,0.0,0.0
247.92149994277904,13.781276733599967,22.455916757694276,0.0,0.0,0.0
247.91795974443784,13.791032463323031,22.45400873028813,0.0,0.0,0.0
247.91442254187027,13.800788424433637,22.452100653925278,0.0,0.0,0.0
247.91088833480896,13.810544616922739,22.45019252860677,0.0,0.0,0.0
247.90735712298692,13.820301040781553,22.448284354333655,0.0,0.0,0.0
247.90382890613762,13.830057696001434,22.44637613110698,0.0,0.0,0.0
247.90030368399508,13.839814582574114,22.444467858927815,0.0,0.0,0.0
247.89678145629384,13.84957170049137,22.442559537797194,0.0,0.0,0.0
247.89326222276887,13.859329049745249,22.44065116771618,0.0,0.0,0.0
247.88974598315565,13.869086630327914,22.438742748685822,0.0,0.0,0.0
247.88623273719,13.878844442231937,22.43683428070717,0.0,0.0,0.0
247.88272248460848,13.888602485449912,22.43492576378128,0.0,0.0,0.0
247.879215225148,13.898360759974675,22.433017197909205,0.0,0.0,0.0
247.87571095854588,13.908119265799227,22.431108583091994,0.0,0.0,0.0
247.8722096845401,13.917878002916954,22.4291999193307,0.0,0.0,0.0
247.8687114028689,13.927636971321238,22.42729120662637,0.0,0.0,0.0
247.86521611327132,13.937396171005759,22.42538244498007,0.0,0.0,0.0
247.86172381548667,13.947155601964313,22.423473634392842,0.0,0.0,0.0
247.85823450925463,13.956915264191075,22.421564774865743,0.0,0.0,0.0
247.85474819431562,13.966675157680255,22.419655866399815,0.0,0.0,0.0
247.85126487041046,13.976435282426321,22.417746908996122,0.0,0.0,0.0
247.84778453728035,13.986195638423872,22.415837902655717,0.0,0.0,0.0
247.84430719466715,13.99595622566789,22.413928847379633,0.0,0.0,0.0
247.84083284231315,14.005717044153368,22.412019743168955,0.0,0.0,0.0
247.83736147996095,14.015478093875585,22.41011059002471,0.0,0.0,0.0
247.83389310735396,14.025239374829924,22.408201387947955,0.0,0.0,0.0
247.8304277242357,14.035000887012156,22.406292136939744,0.0,0.0,0.0
247.82696533035056,14.044762630418086,22.40438283700113,0.0,0.0,0.0
247.8235059254431,14.05452460504376,22.40247348813317,0.0,0.0,0.0
247.82004950925858,14.064286810885347,22.400564090336907,0.0,0.0,0.0
247.81659608154263,14.074049247939424,22.3986546436134,0.0,0.0,0.0
247.81314564204138,14.083811916202556,22.396745147963703,0.0,0.0,0.0
247.80969819050148,14.093574815671582,22.394835603388863,0.0,0.0,0.0
247.80625372667006,14.10333794634346,22.392926009889926,0.0,0.0,0.0
247.80281225029472,14.113101308215525,22.39101636746795,0.0,0.0,0.0
247.79937376112358,14.122864901285133,22.389106676123998,0.0,0.0,0.0
247.7959382589052,14.132628725549889,22.387196935859116,0.0,0.0,0.0
247.79250574338866,14.142392781007526,22.385287146674344,0.0,0.0,0.0
247.7890762143235,14.152157067656166,22.383377308570754,0.0,0.0,0.0
247.78564967145974,14.161921585493916,22.38146742154938,0.0,0.0,0.0
247.78222611454802,14.171686334519093,22.379557485611286,0.0,0.0,0.0
247.77880554333925,14.18145131473038,22.377647500757522,0.0,0.0,0.0
247.77538795758494,14.191216526126471,22.375737466989136,0.0,0.0,0.0
247.7719733570371,14.200981968706312,22.373827384307184,0.0,0.0,0.0
247.76856174144825,14.210747642468975,22.37191725271272,0.0,0.0,0.0
247.7651531105713,14.220513547413903,22.370007072206786,0.0,0.0,0.0
247.76174746415973,14.230279683540548,22.368096842790457,0.0,0.0,0.0
247.75834480196752,14.240046050848616,22.366186564464755,0.0,0.0,0.0
247.75494512374902,14.249812649337919,22.364276237230758,0.0,0.0,0.0
247.75154842925923,14.25957947900866,22.362365861089504,0.0,0.0,0.0
247.74815471825352,14.269346539861047,22.36045543604205,0.0,0.0,0.0
247.7447639904877,14.279113831895515,22.358544962089443,0.0,0.0,0.0
247.74137624571827,14.288881355112663,22.356634439232746,0.0,0.0,0.0
247.73799148370205,14.29864910951341,22.354723867473,0.0,0.0,0.0
247.73460970419643,14.3084170950987,22.35281324681127,0.0,0.0,0.0
247.73123090695918,14.318185311869733,22.35090257724859,0.0,0.0,0.0
247.72785509174867,14.327953759827828,22.348991858786032,0.0,0.0,0.0
247.7244822583238,14.337722438974657,22.347081091424634,0.0,0.0,0.0
247.72111240644372,14.347491349311909,22.345170275165454,0.0,0.0,0.0
247.71774553586837,14.357260490841496,22.34325941000955,0.0,0.0,0.0
247.71438164635802,14.36702986356548,22.341348495957952,0.0,0.0,0.0
247.71102073767335,14.376799467486258,22.339437533011747,0.0,0.0,0.0
247.7076628095757,14.386569302606265,22.33752652117196,0.0,0.0,0.0
247.70430786182678,14.396339368928139,22.335615460439648,0.0,0.0,0.0
247.70095589418887,14.40610966645466,22.33370435081588,0.0,0.0,0.0
247.6976069064247,14.415880195188956,22.331793192301678,0.0,0.0,0.0
247.69426089829744,14.42565095513417,22.329881984898126,0.0,0.0,0.0
247.69091786957082,14.43542194629368,22.327970728606253,0.0,0.0,0.0
247.6875778200091,14.44519316867097,22.32605942342712,0.0,0.0,0.0
247.6842407493769,14.454964622269905,22.324148069361787,0.0,0.0,0.0
247.68090665743932,14.464736307094332,22.322236666411293,0.0,0.0,0.0
247.6775755439622,14.47450822314834,22.320325214576695,0.0,0.0,0.0
247.67424740871155,14.484280370436146,22.318413713859055,0.0,0.0,0.0
247.6709222514541,14.494052748962297,22.316502164259404,0.0,0.0,0.0
247.66760007195685,14.503825358731367,22.31459056577882,0.0,0.0,0.0
247.6642808699876,14.513598199748154,22.312678918418328,0.0,0.0,0.0
247.66096464531435,14.523371272017574,22.310767222179003,0.0,0.0,0.0
247.65765139770573,14.533144575544888,22.30885547706189,0.0,0.0,0.0
247.65434112693086,14.54291811033536,22.306943683068035,0.0,0.0,0.0
247.6510338327592,14.55269187639444,22.305031840198495,0.0,0.0,0.0
247.647729514961,14.562465873727907,22.303119948454324,0.0,0.0,0.0
247.6444281733066,14.57224010234155,22.30120800783657,0.0,0.0,0.0
247.6411298075673,14.582014562241401,22.299296018346293,0.0,0.0,0.0
247.63783441751445,14.591789253433587,22.297383979984534,0.0,0.0,0.0
247.63454200292017,14.601564175924587,22.29547189275236,0.0,0.0,0.0
247.63125256355693,14.611339329720884,22.293559756650808,0.0,0.0,0.0
247.6279660991978,14.621114714829185,22.291647571680947,0.0,0.0,0.0
247.6246826096162,14.630890331256314,22.289735337843805,0.0,0.0,0.0
247.6214020945862,14.640666179009438,22.287823055140457,0.0,0.0,0.0
247.61812455388224,14.650442258095717,22.285910723571945,0.0,0.0,0.0
247.6148499872793,14.660218568522547,22.283998343139327,0.0,0.0,0.0
247.61157839455285,14.669995110297425,22.282085913843645,0.0,0.0,0.0
247.6083097754788,14.67977188342821,22.280173435685956,0.0,0.0,0.0
247.60504412983366,14.689548887922724,22.27826090866732,0.0,0.0,0.0
247.60178145739437,14.69932612378904,22.276348332788782,0.0,0.0,0.0
247.5985217579383,14.709103591035356,22.274435708051396,0.0,0.0,0.0
247.59526503124343,14.718881289670152,22.27252303445621,0.0,0.0,0.0
247.5920112770881,14.728659219701964,22.270610312004283,0.0,0.0,0.0
247.58876049525125,14.738437381139523,22.26869754069667,0.0,0.0,0.0
247.58551268551227,14.748215773991669,22.26678472053441,0.0,0.0,0.0
247.582267847651,14.757994398267586,22.264871851518564,0.0,0.0,0.0
247.5790259814479,14.76777325397645,22.262958933650186,0.0,0.0,0.0
247.5757870866838,14.777552341127665,22.261045966930322,0.0,0.0,0.0
247.57255116314002,14.787331659730711,22.259132951360034,0.0,0.0,0.0
247.56931821059842,14.797111209795466,22.257219886940355,0.0,0.0,0.0
247.56608822884138,14.806890991331732,22.255306773672363,0.0,0.0,0.0
247.56286121765172,14.816671004349569,22.253393611557094,0.0,0.0,0.0
247.5596371768127,14.826451248859142,22.251480400595604,0.0,0.0,0.0
247.5564161061083,14.836231724870938,22.24956714078894,0.0,0.0,0.0
247.55319800532266,14.846012432395442,22.247653832138166,0.0,0.0,0.0
247.54998287424064,14.85579337144334,22.245740474644325,0.0,0.0,0.0
247.54677071264751,14.86557454202546,22.243827068308473,0.0,0.0,0.0
247.54356152032915,14.875355944152929,22.241913613131654,0.0,0.0,0.0
247.54035529707173,14.885137577836865,22.240000109114934,0.0,0.0,0.0
247.5371520426621,14.89491944308862,22.23808655625936,0.0,0.0,0.0
247.5339517568875,14.904701539919639,22.236172954565976,0.0,0.0,0.0
247.5307544395356,14.914483868341685,22.23425930403585,0.0,0.0,0.0
247.52756009039476,14.924266428366536,22.23234560467002,0.0,0.0,0.0
247.5243687092537,14.934049220006164,22.23043185646955,0.0,0.0,0.0
247.52118029590167,14.943832243272647,22.22851805943548,0.0,0.0,0.0
247.5179948501283,14.953615498178383,22.22660421356887,0.0,0.0,0.0
247.5148123717239,14.96339898473578,22.224690318870774,0.0,0.0,0.0
247.51163286047918,14.973182702957434,22.22277637534223,0.0,0.0,0.0
247.50845631618532,14.982966652856051,22.220862382984308,0.0,0.0,0.0
247.50528273863404,14.992750834444664,22.218948341798058,0.0,0.0,0.0
247.50211212761752,15.002535247736287,22.217034251784522,0.0,0.0,0.0
247.49894448292847,15.01231989274409,22.21512011294476,0.0,0.0,0.0
247.49577980436004,15.022104769481574,22.213205925279823,0.0,0.0,0.0
247.49261809170588,15.031889877962211,22.211291688790762,0.0,0.0,0.0
247.48945934476026,15.041675218199696,22.209377403478623,0.0,0.0,0.0
247.48630356331773,15.051460790207805,22.20746306934448,0.0,0.0,0.0
247.48315074717354,15.061246594000655,22.20554868638936,0.0,0.0,0.0
247.4800008961233,15.071032629592336,22.20363425461433,0.0,0.0,0.0
247.47685400996312,15.08081889699715,22.20171977402043,0.0,0.0,0.0
247.4737100884897,15.090605396229472,22.199805244608726,0.0,0.0,0.0
247.47056913150013,15.100392127304046,22.19789066638026,0.0,0.0,0.0
247.46743113879205,15.110179090235539,22.195976039336102,0.0,0.0,0.0
247.4642961101636,15.119966285038869,22.19406136347728,0.0,0.0,0.0
247.46116404541337,15.129753711729034,22.192146638804857,0.0,0.0,0.0
247.45803494434045,15.139541370321336,22.190231865319888,0.0,0.0,0.0
247.45490880674458,15.14932926083108,22.18831704302342,0.0,0.0,0.0
247.45178563242564,15.159117383273761,22.186402171916516,0.0,0.0,0.0
247.44866542118444,15.168905737664963,22.184487252000206,0.0,0.0,0.0
247.4455481728219,15.178694324020602,22.182572283275565,0.0,0.0,0.0
247.4424338871397,15.188483142356564,22.180657265743637,0.0,0.0,0.0
247.43932256393992,15.198272192688925,22.17874219940548,0.0,0.0,0.0
247.43621420302514,15.208061475033878,22.17682708426214,0.0,0.0,0.0
247.43310880419835,15.217850989407916,22.174911920314656,0.0,0.0,0.0
247.43000636726322,15.227640735827494,22.172996707564106,0.0,0.0,0.0
247.4269068920237,15.2374307143093,22.171081446011527,0.0,0.0,0.0
247.42381037828451,15.247220924870081,22.169166135657974,0.0,0.0,0.0
247.42071682585058,15.257011367526928,22.1672507765045,0.0,0.0,0.0
247.41762623452743,15.266802042296879,22.165335368552157,0.0,0.0,0.0
247.41453860412122,15.276592949197177,22.163419911802,0.0,0.0,0.0
247.4114539344384,15.286384088245162,22.16150440625507,0.0,0.0,0.0
247.40837222528606,15.296175459458489,22.15958885191244,0.0,0.0,0.0
247.40529347647174,15.305967062854764,22.157673248775147,0.0,0.0,0.0
247.40221768780341,15.315758898451817,22.15575759684424,0.0,0.0,0.0
247.39914485908966,15.32555096626754,22.153841896120777,0.0,0.0,0.0
247.39607499013943,15.335343266320157,22.151926146605817,0.0,0.0,0.0
247.39300808076229,15.345135798627846,22.150010348300412,0.0,0.0,0.0
247.3899441307683,15.354928563209,22.1480945012056,0.0,0.0,0.0
247.38688313996786,15.364721560082073,22.14617860532244,0.0,0.0,0.0
247.38382510817212,15.374514789265834,22.144262660651986,0.0,0.0,0.0
247.38077003519248,15.38430825077904,22.142346667195298,0.0,0.0,0.0
247.377717920841,15.394101944640564,22.140430624953417,0.0,0.0,0.0
247.37466876493008,15.4038958708696,22.138514533927395,0.0,0.0,0.0
247.37162256727288,15.41369002948531,22.136598394118295,0.0,0.0,0.0
247.36857932768277,15.423484420507034,22.134682205527156,0.0,0.0,0.0
247.36553904597375,15.433279043954215,22.132765968155038,0.0,0.0,0.0
247.36250172196034,15.44307389984658,22.130849682003,0.0,0.0,0.0
247.3594673554575,15.452868988203843,22.128933347072074,0.0,0.0,0.0
247.35643594628078,15.46266430904589,22.12701696336334,0.0,0.0,0.0
247.35340749424608,15.472459862392716,22.12510053087782,0.0,0.0,0.0
247.35038199916997,15.482255648264575,22.123184049616587,0.0,0.0,0.0
247.34735946086928,15.492051666681741,22.121267519580684,0.0,0.0,0.0
247.34433987916165,15.501847917664628,22.119350940771174,0.0,0.0,0.0
247.341323253865,15.511644401233749,22.117434313189094,0.0,0.0,0.0
247.33830958479774,15.52144111740993,22.115517636835506,0.0,0.0,0.0
247.33529887177886,15.531238066213946,22.113600911711465,0.0,0.0,0.0
247.33229111462785,15.541035247666768,22.111684137818013,0.0,0.0,0.0
247.32928631316474,15.550832661789432,22.109767315156212,0.0,0.0,0.0
247.3262844672099,15.560630308603283,22.10785044372711,0.0,0.0,0.0
247.3232855765843,15.570428188129624,22.105933523531764,0.0,0.0,0.0
