galstreams/tracks/track.st.NGC2808.ibata2021.ecsv
# %ECSV 1.0
# ---
# datatype:
# - {name: ra, unit: deg, datatype: float64}
# - {name: dec, unit: deg, datatype: float64}
# - {name: distance, unit: kpc, datatype: float64}
# - {name: pm_ra_cosdec, unit: mas / yr, datatype: float64}
# - {name: pm_dec, unit: mas / yr, datatype: float64}
# - {name: radial_velocity, unit: km / s, datatype: float64}
# delimiter: ','
# meta: !!omap
# - __serialized_columns__:
#     dec:
#       __class__: astropy.coordinates.angles.Latitude
#       unit: &id001 !astropy.units.Unit {unit: deg}
#       value: !astropy.table.SerializedColumn {name: dec}
#     distance:
#       __class__: astropy.coordinates.distances.Distance
#       unit: !astropy.units.Unit {unit: kpc}
#       value: !astropy.table.SerializedColumn {name: distance}
#     pm_dec:
#       __class__: astropy.units.quantity.Quantity
#       unit: !astropy.units.Unit {unit: mas / yr}
#       value: !astropy.table.SerializedColumn {name: pm_dec}
#     pm_ra_cosdec:
#       __class__: astropy.units.quantity.Quantity
#       unit: !astropy.units.Unit {unit: mas / yr}
#       value: !astropy.table.SerializedColumn {name: pm_ra_cosdec}
#     ra:
#       __class__: astropy.coordinates.angles.Longitude
#       unit: *id001
#       value: !astropy.table.SerializedColumn {name: ra}
#       wrap_angle: !astropy.coordinates.Angle
#         unit: *id001
#         value: 360.0
#     radial_velocity:
#       __class__: astropy.units.quantity.Quantity
#       unit: !astropy.units.Unit {unit: km / s}
#       value: !astropy.table.SerializedColumn {name: radial_velocity}
# schema: astropy-2.0
ra,dec,distance,pm_ra_cosdec,pm_dec,radial_velocity
[from data line 1257]
142.61294869527944,-66.48736426370674,8.910838559748516,3.172119399435663,-0.5733958221443719,4.210383564936169e-15
142.63150878619552,-66.49410484565679,8.910125762325494,3.1705778686183566,-0.5723475372162989,-7.368171238638296e-15
142.65007554876263,-66.50084486318998,8.90940422183109,3.169039718746745,-0.5713017962839972,-3.1577876737021266e-15
142.66864898548855,-66.50758431744721,8.908673941203897,3.1675049569613662,-0.5702585964818347,-1.1578554803574466e-14
142.68722909888834,-66.51432320956998,8.907934923382497,3.165973590402558,-0.5692179349341145,7.368171238638296e-15
142.70581589148432,-66.5210615407003,8.907187171305488,3.1644456262104366,-0.5681798087550701,-9.47336302110638e-15
142.72440936580617,-66.52779931198077,8.906430687911447,3.162921071524905,-0.5671442150488505,9.47336302110638e-15
142.7430095243907,-66.53453652455455,8.905665476138976,3.161399933485624,-0.5661111509095154,7.368171238638296e-15
142.76161636978216,-66.54127317956535,8.904891538926659,3.159882219232026,-0.565080613421026,-2.1051917824680845e-15
142.78022990453212,-66.54800927815745,8.90410887921308,3.158367935903293,-0.5640525996572319,-1.0525958912340423e-15
142.79885013119946,-66.55474482147568,8.903317499936833,3.156857090638348,-0.5630271066818692,-2.4209705498382972e-14
142.81747705235048,-66.56147981066546,8.902517404036503,3.1553496905758505,-0.56200413154854,9.47336302110638e-15
142.83611067055872,-66.56821424687269,8.901708594450685,3.1538457428541906,-0.560983671300721,-9.47336302110638e-15
142.85475098840527,-66.57494813124389,8.900891074117961,3.152345254611474,-0.559965722971734,2.1051917824680845e-15
142.87339800847852,-66.5816814649261,8.900064845976924,3.1508482329855174,-0.5589502835847538,-1.894672604221276e-14
142.89205173337433,-66.58841424906691,8.899229912966167,3.149354685113838,-0.5579373501527858,-9.47336302110638e-15
142.91071216569603,-66.59514648481449,8.898386278024265,3.1478646181336507,-0.5569269196786685,-8.420767129872338e-15
142.9293793080543,-66.60187817331752,8.89753394408982,3.146378039181849,-0.555918989155055,1.0525958912340423e-15
142.94805316306739,-66.60860931572525,8.896672914101421,3.1448949553950074,-0.5549135555644109,-2.1051917824680845e-15
142.966733733361,-66.61533991318743,8.895803190997649,3.143415373909365,-0.5539106158789999,-3.1577876737021266e-15
142.98542102156833,-66.6220699668544,8.894924777717097,3.1419393018608224,-0.5529101670608783,-1.0525958912340423e-15
143.0041150303301,-66.62879947787702,8.894037677198348,3.140466746384929,-0.5519122060618826,-1.3683746586042549e-14
143.02281576229458,-66.63552844740673,8.893141892380003,3.1389977146168775,-0.5509167298236243,-3.1577876737021266e-15
143.04152322011757,-66.64225687659541,8.892237426200643,3.1375322136914887,-0.5499237352774774,-2.1051917824680846e-14
143.06023740646245,-66.64898476659559,8.891324281598854,3.1360702507432183,-0.54893321934457,-3.1577876737021266e-15
143.07895832400015,-66.65571211856027,8.890402461513235,3.1346118329061263,-0.5479451789357771,5.2629794561702115e-15
143.09768597540926,-66.66243893364299,8.889471968882363,3.133156967313889,-0.5469596109517103,-1.1578554803574466e-14
143.11642036337594,-66.6691652129978,8.888532806644834,3.1317056610997773,-0.5459765122827048,-1.5788938368510635e-14
143.13516149059402,-66.67589095777934,8.887584977739238,3.1302579213966504,-0.5449958798088161,-6.315575347404253e-15
143.15390935976492,-66.68261616914272,8.886628485104156,3.128813755336955,-0.5440177103998096,9.47336302110638e-15
143.17266397359774,-66.68934084824365,8.885663331678186,3.127373170052701,-0.5430420009151493,-6.315575347404253e-15
143.1914253348093,-66.69606499623825,8.884689520399915,3.1259361726754697,-0.5420687482039848,8.420767129872338e-15
143.2101934461241,-66.70278861428326,8.883707054207926,3.124502770336397,-0.5410979491051575,-1.0525958912340423e-15
143.2289683102743,-66.70951170353592,8.882715936040816,3.1230729701661595,-0.5401296004471698,-8.420767129872338e-15
143.24774992999986,-66.71623426515397,8.881716168837166,3.1216467792949767,-0.539163699048191,-1.3683746586042549e-14
143.26653830804847,-66.72295630029569,8.88070775553557,3.120224204852594,-0.5382002417160452,-1.6841534259744676e-14
143.28533344717556,-66.72967781011985,8.879690699074613,3.1188052539682793,-0.5372392252481982,1.0525958912340423e-14
143.30413535014435,-66.73639879578576,8.878665002392887,3.1173899337708066,-0.536280646431753,1.7894130150978717e-14
143.3229440197258,-66.74311925845325,8.877630668428983,3.1159782513884564,-0.5353245020434386,-6.315575347404253e-15
143.34175945869882,-66.74983919928263,8.876587700121487,3.1145702139490012,-0.5343707888495951,2.5262301389617013e-14
143.36058166985,-66.75655861943476,8.875536100408988,3.1131658285796977,-0.5334195036061783,6.315575347404253e-15
143.37941065597386,-66.76327752007096,8.874475872230073,3.111765102407279,-0.5324706430587341,8.420767129872338e-15
143.39824641987272,-66.7699959023531,8.873407018523336,3.110368042557944,-0.5315242039424023,4.210383564936169e-15
143.41708896435688,-66.77671376744355,8.872329542227359,3.10897465615735,-0.530580182981899,7.368171238638296e-15
143.4359382922444,-66.78343111650518,8.871243446280737,3.107584950330601,-0.5296385768915115,1.0525958912340423e-14
143.45479440636134,-66.79014795070132,8.870148733622054,3.1061989322022443,-0.5286993823750902,-7.368171238638296e-15
143.47365730954166,-66.7968642711959,8.869045407189903,3.104816608896254,-0.5277625961260322,-4.210383564936169e-15
143.49252700462733,-66.80358007915324,8.867933469922871,3.103437987536029,-0.5268282148272793,9.47336302110638e-15
143.5114034944681,-66.81029537573819,8.86681292475955,3.1020630752443803,-0.5258962351513096,-3.1577876737021266e-15
143.53028678192194,-66.81701016211616,8.865683774638523,3.1006918791435245,-0.5249666537601175,2.1051917824680845e-15
143.54917686985462,-66.82372443945299,8.864546022498377,3.0993244063550702,-0.5240394673052192,-9.47336302110638e-15
143.56807376114003,-66.83043820891501,8.863399671277712,3.0979606640000106,-0.5231146724276302,-9.47336302110638e-15
143.58697745866004,-66.83715147166907,8.86224472391511,3.096600659198719,-0.5221922657578634,-4.210383564936169e-15
143.60588796530456,-66.84386422888251,8.86108118334916,3.0952443990709377,-0.5212722439159209,-5.2629794561702115e-15
143.6248052839716,-66.85057648172312,8.859909052518454,3.093891890735761,-0.5203546035112764,-1.0525958912340423e-15
143.64372941756722,-66.8572882313592,8.85872833436157,3.09254314131164,-0.5194393411428742,1.7894130150978717e-14
143.66266036900558,-66.86399947895957,8.857539031817113,3.09119815791636,-0.5185264533991195,-5.2629794561702115e-15
143.68159814120898,-66.87071022569347,8.856341147823661,3.089856947667042,-0.5176159368578594,9.47336302110638e-15
143.7005427371078,-66.87742047273063,8.855134685319804,3.088519517680128,-0.5167077880863862,1.3683746586042549e-14
143.71949415964062,-66.88413022124129,8.853919647244137,3.087185875071367,-0.5158020036414208,-1.0525958912340423e-14
143.73845241175414,-66.89083947239617,8.852696036535242,3.085856026955823,-0.5148985800691044,3.1577876737021266e-15
143.7574174964033,-66.89754822736641,8.851463856131714,3.0845299804478437,-0.5139975139049874,-3.1577876737021266e-15
143.77638941655115,-66.9042564873237,8.85022310897213,3.0832077426610702,-0.513098801674027,-4.210383564936169e-15
143.79536817516907,-66.91096425344016,8.848973797995097,3.0818893207084104,-0.5122024398905672,6.315575347404253e-15
143.81435377523653,-66.91767152688834,8.847715926139191,3.0805747217020487,-0.5113084250583396,6.315575347404253e-15
143.83334621974137,-66.92437830884134,8.846449496342998,3.0792639527534225,-0.5104167536704488,-1.1578554803574466e-14
143.8523455116797,-66.93108460047269,8.845174511545123,3.0779570209732134,-0.5095274222093582,-1.1578554803574466e-14
143.87135165405581,-66.93779040295637,8.843890974684136,3.076653933471351,-0.5086404271468938,-1.1578554803574466e-14
143.89036464988237,-66.94449571746682,8.842598888698642,3.075354697356985,-0.5077557649442227,-1.2631150694808506e-14
143.90938450218042,-66.951200545179,8.84129825652722,3.0740593197384936,-0.506873432051846,2.1051917824680845e-15
143.9284112139792,-66.95790488726824,8.839989081108458,3.0727678077234595,-0.5059934249095969,-7.368171238638296e-15
143.94744478831637,-66.96460874491041,8.83867136538095,3.071480168418669,-0.5051157399466194,4.210383564936169e-15
143.966485228238,-66.97131211928178,8.837345112283284,3.0701964089301024,-0.5042403735813694,-5.2629794561702115e-15
143.9855325367986,-66.9780150115591,8.83601032475405,3.06891653636292,-0.5033673222215962,7.368171238638296e-15
144.00458671706087,-66.98471742291956,8.834667005731832,3.0676405578214574,-0.502496582264343,9.47336302110638e-15
144.02364777209615,-66.99141935454082,8.833315158155225,3.0663684804092126,-0.5016281500959299,-3.1577876737021266e-15
144.04271570498418,-66.99812080760097,8.831954784962813,3.0651003112288397,-0.5007620220919419,6.315575347404253e-15
144.061790518813,-67.00482178327856,8.830585889093184,3.0638360573821366,-0.49989819461723106,-7.368171238638296e-15
144.08087221667938,-67.01152228275257,8.829208473484933,3.0625757259700355,-0.4990366640258956,-4.210383564936169e-15
144.09996080168844,-67.01822230720242,8.827822541076642,3.061319324092596,-0.49817742666127307,-1.0525958912340423e-15
144.11905627695378,-67.024921857808,8.826428094806909,3.0600668588489977,-0.49732047885593866,2.1051917824680845e-15
144.13815864559766,-67.03162093574961,8.825025137614311,3.0588183373375197,-0.4964658169316832,4.210383564936169e-15
144.15726791075073,-67.03831954220801,8.823613672437446,3.0575737666555436,-0.49561343719951223,2.1051917824680845e-15
144.17638407555233,-67.04501767836439,8.8221937022149,3.056333153899538,-0.4947633359596351,-3.1577876737021266e-15
144.1955071431504,-67.05171534540035,8.82076522988526,3.0550965061650497,-0.49391550950145013,-8.420767129872338e-15
144.21463711670134,-67.05841254449797,8.81932825838712,3.053863830546693,-0.493069954103543,-3.1577876737021266e-15
144.23377399937033,-67.0651092768397,8.81788279065906,3.0526351341381437,-0.4922266660336725,-1.0525958912340423e-15
144.25291779433107,-67.07180554360848,8.816428829639682,3.051410424032123,-0.4913856415487613,0.0
144.272068504766,-67.07850134598762,8.814966378267565,3.0501897073203965,-0.4905468768948866,-5.2629794561702115e-15
144.2912261338662,-67.08519668516091,8.813495439481297,3.0489729910937573,-0.4897103683072711,-4.210383564936169e-15
144.31039068483142,-67.09189156231251,8.81201601621947,3.0477602824420202,-0.48887611201027253,-1.0525958912340423e-14
144.32956216087015,-67.09858597862704,8.810528111420675,3.046551588454008,-0.488044104217375,-1.0525958912340423e-15
144.3487405651996,-67.10527993528954,8.8090317280235,3.0453469162175484,-0.48721434113118,-1.3683746586042549e-14
144.36792590104574,-67.1119734334854,8.80752686896653,3.044146272819458,-0.48638681894339175,-8.420767129872338e-15
144.38711817164332,-67.11866647440054,8.80601353718836,3.042949665345535,-0.4855615338348146,1.7894130150978717e-14
144.40631738023578,-67.12535905922121,8.804491735627574,3.041757100880551,-0.4847384819753421,-2.1051917824680845e-15
144.4255235300755,-67.13205118913406,8.802961467222758,3.0405685865082375,-0.48391765952394056,-1.0525958912340423e-14
144.4447366244236,-67.13874286532624,8.80142273491251,3.03938412931128,-0.48309906262864544,-1.0525958912340423e-15
144.46395666655002,-67.14543408898518,8.799875541635412,3.0382037363713046,-0.48228268742655434,-6.315575347404253e-15
144.48318365973358,-67.15212486129884,8.798319890330054,3.0370274147688736,-0.4814685300438082,2.1051917824680845e-15
144.50241760726203,-67.15881518345552,8.79675578393503,3.035855171583466,-0.4806565865955902,8.420767129872338e-15
144.52165851243194,-67.16550505664391,8.795183225388921,3.034687013893479,-0.47984685318611264,9.47336302110638e-15
144.5409063785488,-67.17219448205311,8.793602217630324,3.033522948776211,-0.47903932590860465,1.0525958912340423e-15
144.5601612089271,-67.17888346087268,8.792012763597821,3.032362983307854,-0.47823400084530754,0.0
144.57942300689018,-67.18557199429249,8.790414866230002,3.0312071245634815,-0.4774308740674621,6.315575347404253e-15
144.5986917757704,-67.19226008350282,8.78880852846546,3.0300553796170413,-0.4766299416352978,1.1578554803574466e-14
144.6179675189091,-67.1989477296944,8.78719375324278,3.028907755541345,-0.47583119959802794,-1.0525958912340423e-14
144.63725023965665,-67.20563493405828,8.785570543500551,3.027764259408058,-0.47503464399383155,1.1578554803574466e-14
144.6565399413724,-67.21232169778595,8.783938902177363,3.026624898287686,-0.4742402708498552,-1.473634247727659e-14
144.6758366274248,-67.21900802206925,8.782298832211806,3.025489679249571,-0.47344807618218776,1.2631150694808506e-14
144.69514030119126,-67.22569390810041,8.78065033654247,3.024358609361876,-0.4726580559958699,-6.315575347404253e-15
144.7144509660584,-67.23237935707208,8.778993418107937,3.0232316956915835,-0.4718702062848655,0.0
144.73376862542182,-67.23906437017723,8.777328079846802,3.022108945304469,-0.4710845230320637,4.210383564936169e-15
144.7530932826863,-67.24574894860925,8.77565432469765,3.0209903652651096,-0.4703010022092654,3.1577876737021266e-15
144.7724249412658,-67.2524330935619,8.773972155599077,3.0198759626368594,-0.46951963977717454,2.1051917824680845e-15
144.79176360458328,-67.2591168062293,8.772281575489664,3.018765744481853,-0.46874043168538515,-4.210383564936169e-15
144.81110927607108,-67.26580008780596,8.770582587308006,3.0176597178609774,-0.4679633738723743,3.1577876737021266e-15
144.83046195917058,-67.27248293948672,8.768875193992683,3.0165578898338836,-0.46718846226549327,6.315575347404253e-15
144.84982165733243,-67.27916536246687,8.767159398482294,3.0154602674589572,-0.4664156927809553,2.1051917824680845e-15
144.86918837401646,-67.28584735794198,8.765435203715425,3.0143668577933176,-0.4656450613238252,-1.0525958912340423e-15
144.88856211269186,-67.29252892710801,8.763702612630661,3.013277667892809,-0.46487656378801206,6.315575347404253e-15
144.90794287683696,-67.2992100711613,8.761961628166594,3.012192704811985,-0.4641101960562584,-4.210383564936169e-15
144.92733066993947,-67.30589079129857,8.760212253261814,3.0111119756041007,-0.46334595400013046,-1.1578554803574466e-14
144.9467254954964,-67.31257108871682,8.758454490854907,3.010035487321106,-0.462583833480004,7.368171238638296e-15
144.96612735701402,-67.31925096461347,8.756688343884461,3.0089632470136287,-0.46182383034506275,8.420767129872338e-15
144.985536258008,-67.3259304201863,8.75491381528907,3.0078952617309676,-0.46106594043328364,-2.1051917824680845e-15
145.0049522020034,-67.33260945663338,8.753130908007316,3.006831538521084,-0.46031015957142274,3.1577876737021266e-15
145.02437519253462,-67.33928807515318,8.751339624977794,3.0057720844305877,-0.4595564835750148,-3.1577876737021266e-15
145.04380523314543,-67.34596627694451,8.74953996913909,3.0047169065047297,-0.4588049082483549,6.315575347404253e-15
145.0632423273891,-67.35264406320653,8.747731943429795,3.003666011787389,-0.45805542938449373,-6.315575347404253e-15
145.08268647882832,-67.35932143513871,8.745915550788492,3.0026194073210664,-0.4573080427652242,4.210383564936169e-15
145.1021376910352,-67.3659983939409,8.744090794153779,3.0015771001468665,-0.45656274416107484,-9.47336302110638e-15
145.12159596759142,-67.37267494081325,8.742257676464241,3.000539097304499,-0.45581952933129416,4.210383564936169e-15
145.14106131208806,-67.37935107695631,8.740416200658462,2.999505405832259,-0.4550783940238512,1.0525958912340423e-15
145.16053372812578,-67.38602680357087,8.738566369675036,2.9984760327670164,-0.45433933397541104,1.3683746586042549e-14
145.18001321931473,-67.39270212185815,8.736708186452553,2.9974509851442086,-0.4536023449113383,-4.210383564936169e-15
145.19949978927474,-67.39937703301963,8.734841653929596,2.996430269997835,-0.4528674225456767,9.47336302110638e-15
