galstreams/tracks/track.po.Corvus.mateu2018.ecsv
# %ECSV 0.9
# ---
# datatype:
# - {name: ra, unit: deg, datatype: float64}
# - {name: dec, unit: deg, datatype: float64}
# - {name: distance, unit: kpc, datatype: float64}
# - {name: pm_ra_cosdec, unit: mas / yr, datatype: float64}
# - {name: pm_dec, unit: mas / yr, datatype: float64}
# - {name: radial_velocity, unit: km / s, datatype: float64}
# delimiter: ','
# meta: !!omap
# - __serialized_columns__:
#     dec:
#       __class__: astropy.coordinates.angles.Latitude
#       unit: &id001 !astropy.units.Unit {unit: deg}
#       value: !astropy.table.SerializedColumn {name: dec}
#     distance:
#       __class__: astropy.coordinates.distances.Distance
#       unit: !astropy.units.Unit {unit: kpc}
#       value: !astropy.table.SerializedColumn {name: distance}
#     pm_dec:
#       __class__: astropy.units.quantity.Quantity
#       unit: !astropy.units.Unit {unit: mas / yr}
#       value: !astropy.table.SerializedColumn {name: pm_dec}
#     pm_ra_cosdec:
#       __class__: astropy.units.quantity.Quantity
#       unit: !astropy.units.Unit {unit: mas / yr}
#       value: !astropy.table.SerializedColumn {name: pm_ra_cosdec}
#     ra:
#       __class__: astropy.coordinates.angles.Longitude
#       unit: *id001
#       value: !astropy.table.SerializedColumn {name: ra}
#       wrap_angle: !astropy.coordinates.Angle
#         unit: *id001
#         value: 360.0
#     radial_velocity:
#       __class__: astropy.units.quantity.Quantity
#       unit: !astropy.units.Unit {unit: km / s}
#       value: !astropy.table.SerializedColumn {name: radial_velocity}
# schema: astropy-2.0
ra,dec,distance,pm_ra_cosdec,pm_dec,radial_velocity
140.72710360954883,-12.957172589531842,4.904067206838246,0.0,0.0,0.0
141.1086174631335,-12.956964552387554,4.926973567378154,0.0,0.0,0.0
141.49005127542986,-12.956910840976454,4.9501410940947785,0.0,0.0,0.0
141.87140299974746,-12.957016346212404,4.973571752940958,0.0,0.0,0.0
142.25267063939577,-12.957285976847505,4.99726751260767,0.0,0.0,0.0
142.63385224870814,-12.957724657560163,5.021230343561258,0.0,0.0,0.0
143.0149459340391,-12.958337327060615,5.045462217082664,0.0,0.0,0.0
143.39594985473477,-12.95912893621044,5.069965104307416,0.0,0.0,0.0
143.7768622240771,-12.960104446153213,5.094740975265051,0.0,0.0,0.0
144.1576813102031,-12.96126882645305,5.119791797916734,0.0,0.0,0.0
144.538405436998,-12.962627053238272,5.145119537189798,0.0,0.0,0.0
144.91903298496433,-12.964184107347457,5.170726154007967,0.0,0.0,0.0
145.29956239206564,-12.965944972475258,5.196613604316054,0.0,0.0,0.0
145.67999215454662,-12.967914633315624,5.222783838097982,0.0,0.0,0.0
146.06032082772842,-12.970098073699964,5.249238798386986,0.0,0.0,0.0
146.4405470267804,-12.972500274728322,5.2759804202669605,0.0,0.0,0.0
146.82066942746798,-12.975126212891503,5.303010629863875,0.0,0.0,0.0
147.20068676687657,-12.977980858182262,5.330331343326387,0.0,0.0,0.0
147.5805978441119,-12.981069172194049,5.357944465794711,0.0,0.0,0.0
147.96040152097626,-12.984396106205669,5.385851890356922,0.0,0.0,0.0
148.34009672262155,-12.9879665992507,5.4140554969920185,0.0,0.0,0.0
148.71968243817744,-12.991785576170262,5.442557151498999,0.0,0.0,0.0
149.09915772135616,-12.995857945648437,5.471358704411418,0.0,0.0,0.0
149.47852169103305,-13.000188598229226,5.500461989896907,0.0,0.0,0.0
149.85777353180183,-13.004782404314554,5.529868824641231,0.0,0.0,0.0
150.2369124945062,-13.009644212142703,5.559581006716567,0.0,0.0,0.0
150.6159378967456,-13.014778845746863,5.589600314433733,0.0,0.0,0.0
150.9948491233559,-13.020191102893556,5.619928505178218,0.0,0.0,0.0
151.37364562686443,-13.025885753000948,5.650567314229963,0.0,0.0,0.0
151.75232692791917,-13.031867535037101,5.681518453566832,0.0,0.0,0.0
152.13089261569084,-13.038141155398378,5.712783610652,0.0,0.0,0.0
152.50934234824877,-13.044711285768539,5.7443644472052995,0.0,0.0,0.0
152.88767585290907,-13.051582560958854,5.776262597958918,0.0,0.0,0.0
153.26589292655535,-13.058759576730141,5.80847966939775,0.0,0.0,0.0
153.64399343593084,-13.066246887597297,5.84101723848484,0.0,0.0,0.0
154.02197731790216,-13.074049004617448,5.873876851372481,0.0,0.0,0.0
154.39984457969376,-13.082170393162732,5.907060022099522,0.0,0.0,0.0
154.77759529909247,-13.090615470678713,5.94056823127562,0.0,0.0,0.0
155.15522962462217,-13.099388604430057,5.97440292475314,0.0,0.0,0.0
155.53274777568765,-13.108494109234575,6.008565512287594,0.0,0.0,0.0
155.91015004268738,-13.117936245187286,6.043057366187463,0.0,0.0,0.0
156.2874367870942,-13.12771921537607,6.077879819954423,0.0,0.0,0.0
156.66460844150447,-13.137847163590637,6.113034166914992,0.0,0.0,0.0
157.04166550965428,-13.148324172026605,6.148521658844679,0.0,0.0,0.0
157.41860856640207,-13.159154258986453,6.18434350458583,0.0,0.0,0.0
157.7954382576786,-13.170341376579518,6.220500868660371,0.0,0.0,0.0
158.17215530040207,-13.18188940842282,6.256994869878697,0.0,0.0,0.0
158.54876048235934,-13.193802167345018,6.293826579946063,0.0,0.0,0.0
158.92525466205188,-13.206083393095449,6.3309970220678045,0.0,0.0,0.0
159.301638768507,-13.218736750060623,6.368507169554816,0.0,0.0,0.0
159.67791380105274,-13.231765824990296,6.406357944430719,0.0,0.0,0.0
160.05408082905774,-13.245174124735549,6.444550216042211,0.0,0.0,0.0
160.43014099163398,-13.258965074001013,6.483084799674091,0.0,0.0,0.0
160.8060954973037,-13.273142013113787,6.521962455170522,0.0,0.0,0.0
161.18194562362916,-13.287708195811378,6.56118388556406,0.0,0.0,0.0
161.55769271680558,-13.302666787050955,6.600749735714078,0.0,0.0,0.0
161.93333819121693,-13.318020860842529,6.640660590956113,0.0,0.0,0.0
162.30888352895423,-13.333773398108287,6.680916975763858,0.0,0.0,0.0
162.68433027929672,-13.349927284570677,6.721519352425259,0.0,0.0,0.0
163.0596800581555,-13.366485308671525,6.762468119734526,0.0,0.0,0.0
163.43493454747923,-13.383450159524658,6.803763611701518,0.0,0.0,0.0
163.81009549462297,-13.400824424904433,6.845406096280228,0.0,0.0,0.0
164.18516471167902,-13.418610589272545,6.88739577411795,0.0,0.0,0.0
164.56014407477068,-13.436811031845453,6.929732777326723,0.0,0.0,0.0
164.93503552330858,-13.455428024704663,6.972417168278678,0.0,0.0,0.0
165.30984105921004,-13.47446373095234,7.0154489384268235,0.0,0.0,0.0
165.68456274608178,-13.493920202914305,7.058828007152848,0.0,0.0,0.0
166.0592027083651,-13.513799380392632,7.102554220643493,0.0,0.0,0.0
166.43376313044604,-13.534103088970134,7.146627350796942,0.0,0.0,0.0
166.80824625572856,-13.554833038368622,7.191047094160757,0.0,0.0,0.0
167.18265438567258,-13.575990820863135,7.235813070902779,0.0,0.0,0.0
167.5569898787966,-13.59757790975397,7.280924823816399,0.0,0.0,0.0
167.93125514964595,-13.619595657898513,7.32638181736157,0.0,0.0,0.0
168.30545266772637,-13.642045296304614,7.372183436742881,0.0,0.0,0.0
168.67958495640445,-13.664927932787345,7.418328987025979,0.0,0.0,0.0
169.05365459177455,-13.688244550690664,7.464817692293551,0.0,0.0,0.0
169.42766420149354,-13.711996007675747,7.511648694842095,0.0,0.0,0.0
169.80161646358368,-13.736183034577378,7.558821054420548,0.0,0.0,0.0
170.1755141052046,-13.760806234329815,7.606333747511902,0.0,0.0,0.0
170.54935990139475,-13.785866080963514,7.654185666658813,0.0,0.0,0.0
170.92315667378338,-13.81136291867388,7.702375619834129,0.0,0.0,0.0
171.29690728927383,-13.837296960963233,7.750902329857328,0.0,0.0,0.0
171.67061465869915,-13.863668289856975,7.79976443385759,0.0,0.0,0.0
172.04428173545023,-13.890476855194889,7.848960482784395,0.0,0.0,0.0
172.41791151407833,-13.917722473998523,7.898488940966267,0.0,0.0,0.0
172.7915070288722,-13.945404829915192,7.948348185718406,0.0,0.0,0.0
173.1650713524112,-13.973523472739439,7.99853650699968,0.0,0.0,0.0
173.53860759409517,-14.002077818012285,8.049052107119598,0.0,0.0,0.0
173.9121188986521,-14.031067146698856,8.099893100495638,0.0,0.0,0.0
174.28560844462493,-14.060490604944594,8.151057513461332,0.0,0.0,0.0
174.65907944283796,-14.090347203910246,8.202543284125413,0.0,0.0,0.0
175.0325351348445,-14.12063581968587,8.254348262282269,0.0,0.0,0.0
175.4059787913569,-14.151355193283614,8.306470209373842,0.0,0.0,0.0
175.77941371065933,-14.182503930709432,8.35890679850311,0.0,0.0,0.0
176.15284321700557,-14.214080503113294,8.411655614499129,0.0,0.0,0.0
176.5262706590019,-14.246083247017662,8.464714154033633,0.0,0.0,0.0
176.899699407977,-14.278510364623797,8.518079825789073,0.0,0.0,0.0
177.2731328563395,-14.311359924195367,8.571749950677846,0.0,0.0,0.0
177.64657441592493,-14.344629860518747,8.625721762112603,0.0,0.0,0.0
178.0200275163326,-14.378317975439165,8.679992406327154,0.0,0.0,0.0
178.3934956032539,-14.412421938472049,8.734558942747674,0.0,0.0,0.0
178.76698213679376,-14.446939287488496,8.7894183444138,0.0,0.0,0.0
179.14049058978503,-14.481867429473917,8.844567498448969,0.0,0.0,0.0
179.51402444609866,-14.517203641358726,8.90000320657956,0.0,0.0,0.0
179.88758719894957,-14.552945070919899,8.955722185702086,0.0,0.0,0.0
180.26118234920006,-14.589088737752059,9.01172106849783,0.0,0.0,-0.0
180.63481340366152,-14.625631534306825,9.067996404094085,0.0,0.0,-0.0
181.00848387339622,-14.662570226998858,9.124544658771248,0.0,0.0,-0.0
181.38219727201917,-14.699901457377196,9.181362216714824,0.0,0.0,-0.0
181.75595711400285,-14.737621743360148,9.238445380811534,0.0,0.0,-0.0
182.12976691298402,-14.775727480532248,9.295790373488403,0.0,0.0,-0.0
182.50363018007556,-14.814214943501398,9.353393337593943,0.0,0.0,-0.0
182.8775504221828,-14.853080287314464,9.411250337320288,0.0,0.0,-0.0
183.25153114032668,-14.892319548929501,9.469357359165183,0.0,0.0,-0.0
183.62557582797396,-14.931928648742648,9.527710312932717,0.0,0.0,-0.0
183.99968796937586,-14.97190339216778,9.586305032771541,0.0,0.0,-0.0
184.37387103791613,-15.012239471266902,9.645137278249432,0.0,0.0,-0.0
184.74812849446926,-15.052932466429274,9.70420273546288,0.0,0.0,-0.0
185.12246378577024,-15.09397784809715,9.763497018180422,0.0,0.0,-0.0
185.49688034279635,-15.135370978536063,9.823015669018483,0.0,0.0,-0.0
185.87138157916198,-15.177107113647509,9.88275416064827,0.0,0.0,-0.0
186.24597088952763,-15.219181404821843,9.94270789703248,0.0,0.0,-0.0
186.62065164802362,-15.261588900829363,10.002872214690354,0.0,0.0,-0.0
186.99542720668927,-15.304324549747141,10.063242383989763,0.0,0.0,-0.0
187.3703008939288,-15.347383200919655,10.123813610464873,0.0,0.0,-0.0
187.74527601298394,-15.390759606950898,10.184581036158018,0.0,0.0,-0.0
188.12035584042482,-15.434448425725815,10.245539740984347,0.0,0.0,-0.0
188.49554362465915,-15.478444222458862,10.306684744117842,0.0,0.0,-0.0
188.87084258446066,-15.522741471767535,10.368011005397268,0.0,0.0,-0.0
189.24625590751734,-15.567334559768671,10.429513426750695,0.0,0.0,-0.0
189.62178674900014,-15.612217786195442,10.491186853637151,0.0,0.0,-0.0
189.99743823015265,-15.657385366532903,10.553026076503992,0.0,0.0,-0.0
190.37321343690212,-15.70283143416997,10.615025832258684,0.0,0.0,-0.0
190.74911541849266,-15.748550042565848,10.677180805753574,0.0,0.0,-0.0
191.1251471861407,-15.794535167428846,10.739485631282305,0.0,0.0,-0.0
191.50131171171367,-15.840780708905662,10.801934894086578,0.0,0.0,-0.0
191.87761192643143,-15.887280493779143,10.864523131871977,0.0,0.0,-0.0
192.25405071959182,-15.934028277672704,10.927244836331525,0.0,0.0,-0.0
192.63063093732006,-15.981017747259589,10.990094454675795,0.0,0.0,-0.0
193.00735538134236,-16.028242522475136,11.05306639116832,0.0,0.0,-0.0
193.38422680778433,-16.075696158730473,11.116155008665144,0.0,0.0,-0.0
193.76124792599398,-16.123372149125856,11.1793546301574,0.0,0.0,-0.0
194.13842139739012,-16.171263926662178,11.242659540315731,0.0,0.0,-0.0
194.51574983433574,-16.219364866449123,11.306063987035603,0.0,0.0,-0.0
194.8932357990372,-16.267668287908453,11.369562182982403,0.0,0.0,-0.0
195.27088180246884,-16.316167456971176,11.433148307135358,0.0,0.0,-0.0
195.64869030332343,-16.364855588267222,11.496816506329395,0.0,0.0,-0.0
196.0266637069885,-16.413725847306406,11.560560896793977,0.0,0.0,-0.0
196.40480436454888,-16.462771352649554,11.624375565688108,0.0,0.0,-0.0
196.7831145718149,-16.511985178068766,11.688254572630711,0.0,0.0,-0.0
197.16159656837726,-16.561360354695672,11.752191951225639,0.0,0.0,-0.0
197.54025253668766,-16.610889873156975,11.81618171058053,0.0,0.0,-0.0
197.91908460116593,-16.660566685696175,11.880217836819012,0.0,0.0,-0.0
198.29809482733344,-16.710383708280972,11.944294294585397,0.0,0.0,-0.0
198.67728522097235,-16.760333822695376,12.008405028541578,0.0,0.0,-0.0
199.05665772731177,-16.810409878616095,12.072543964855342,0.0,0.0,-0.0
199.43621423023967,-16.860604695672485,12.136705012679792,0.0,0.0,-0.0
199.81595655154123,-16.910911065489614,12.200882065623327,0.0,0.0,-0.0
200.1958864501634,-16.961321753713996,12.265069003209778,0.0,0.0,-0.0
200.57600562150552,-17.01182950202146,12.329259692328417,0.0,0.0,-0.0
200.956315696736,-17.06242703010702,12.39344798867333,0.0,0.0,-0.0
201.33681824213554,-17.113107037656246,12.457627738171974,0.0,0.0,-0.0
201.71751475846563,-17.163862206297825,12.521792778402537,0.0,0.0,-0.0
202.0984066803637,-17.214685201537296,12.585936939999845,0.0,0.0,-0.0
202.47949537576386,-17.265568674671457,12.650054048049574,0.0,0.0,-0.0
202.8607821453433,-17.316505264683308,12.714137923470448,0.0,0.0,-0.0
203.24226822199506,-17.3674876001174,12.778182384384241,0.0,0.0,-0.0
203.62395477032575,-17.41850830093523,12.842181247473217,0.0,0.0,-0.0
204.00584288617964,-17.469559980350486,12.906128329324847,0.0,0.0,-0.0
204.38793359618757,-17.520635246643806,12.970017447763444,0.0,0.0,-0.0
204.77022785734204,-17.571726704956838,13.033842423168373,0.0,0.0,-0.0
205.1527265565971,-17.622826959065076,13.097597079778522,0.0,0.0,-0.0
205.53543051049365,-17.67392861312909,13.161275246982605,0.0,0.0,-0.0
205.9183404648102,-17.72502427342358,13.224870760594852,0.0,0.0,-0.0
206.30145709423806,-17.77610655004364,13.288377464115491,0.0,0.0,-0.0
206.684781002082,-17.827168058587393,13.351789209975506,0.0,0.0,-0.0
207.0683127199851,-17.878201421814143,13.415099860764894,0.0,0.0,-0.0
207.45205270767863,-17.929199271276957,13.478303290443622,0.0,0.0,-0.0
207.83600135275583,-17.980154248928457,13.541393385534404,0.0,0.0,-0.0
208.22015897046992,-18.03105900869831,13.604364046296201,0.0,0.0,-0.0
208.6045258035561,-18.081906218040857,13.66720918787723,0.0,0.0,-0.0
208.98910202207676,-18.13268855945084,13.729922741446131,0.0,0.0,-0.0
209.37388772329012,-18.183398731945182,13.79249865529975,0.0,0.0,-0.0
209.75888293154136,-18.234029452508246,13.854930895945776,0.0,0.0,-0.0
210.1440875981764,-18.284573457497828,13.917213449158218,0.0,0.0,-0.0
210.52950160147705,-18.33502350400871,13.979340321003647,0.0,0.0,-0.0
210.91512474661772,-18.385372371190286,14.041305538835552,0.0,0.0,-0.0
211.30095676564235,-18.43561286151428,14.103103152254247,0.0,0.0,-0.0
211.6869973174614,-18.485737801988254,14.164727234029199,0.0,0.0,-0.0
212.07324598786735,-18.535740045309936,14.226171880980388,0.0,0.0,-0.0
212.4597022895686,-18.585612470957177,14.287431214815074,0.0,0.0,-0.0
212.84636566223998,-18.63534798620748,14.34849938291575,0.0,0.0,-0.0
213.23323547258872,-18.684939527080743,14.40937055907494,0.0,0.0,-0.0
213.620311014435,-18.73438005919801,14.470038944171817,0.0,0.0,-0.0
214.0075915088055,-18.78366257854861,14.530498766785241,0.0,0.0,-0.0
214.39507610403717,-18.83278011215703,14.59074428373752,0.0,0.0,-0.0
214.78276387589133,-18.881725718640517,14.650769780562264,0.0,0.0,-0.0
215.1706538276741,-18.930492488647293,14.710569571889648,0.0,0.0,-0.0
215.55874489036208,-18.979073545164624,14.77013800174137,0.0,0.0,-0.0
215.94703592273044,-19.027462043684967,14.829469443727309,0.0,0.0,-0.0
