galstreams/tracks/track.st.300S.fu2018.ecsv
# %ECSV 0.9
# ---
# datatype:
# - {name: ra, unit: deg, datatype: float64}
# - {name: dec, unit: deg, datatype: float64}
# - {name: distance, unit: kpc, datatype: float64}
# - {name: pm_ra_cosdec, unit: mas / yr, datatype: float64}
# - {name: pm_dec, unit: mas / yr, datatype: float64}
# - {name: radial_velocity, unit: km / s, datatype: float64}
# delimiter: ','
# meta: !!omap
# - __serialized_columns__:
#     dec:
#       __class__: astropy.coordinates.angles.Latitude
#       unit: &id001 !astropy.units.Unit {unit: deg}
#       value: !astropy.table.SerializedColumn {name: dec}
#     distance:
#       __class__: astropy.coordinates.distances.Distance
#       unit: !astropy.units.Unit {unit: kpc}
#       value: !astropy.table.SerializedColumn {name: distance}
#     pm_dec:
#       __class__: astropy.units.quantity.Quantity
#       unit: !astropy.units.Unit {unit: mas / yr}
#       value: !astropy.table.SerializedColumn {name: pm_dec}
#     pm_ra_cosdec:
#       __class__: astropy.units.quantity.Quantity
#       unit: !astropy.units.Unit {unit: mas / yr}
#       value: !astropy.table.SerializedColumn {name: pm_ra_cosdec}
#     ra:
#       __class__: astropy.coordinates.angles.Longitude
#       unit: *id001
#       value: !astropy.table.SerializedColumn {name: ra}
#       wrap_angle: !astropy.coordinates.Angle
#         unit: *id001
#         value: 360.0
#     radial_velocity:
#       __class__: astropy.units.quantity.Quantity
#       unit: !astropy.units.Unit {unit: km / s}
#       value: !astropy.table.SerializedColumn {name: radial_velocity}
# schema: astropy-2.0
ra,dec,distance,pm_ra_cosdec,pm_dec,radial_velocity
[from data line 841]
160.45584376567103,14.895385699237584,15.051543376185299,8.881784197001252e-16,-2.220446049250313e-16,292.8961129359604
160.46606599976772,14.893754872073231,15.048705985486427,0.0,0.0,292.8820041152895
160.47628808453902,14.892123624247287,15.045870099586022,-4.440892098500626e-16,0.0,292.8678792717831
160.48651002007713,14.89049195647253,15.043035718556919,2.220446049250313e-16,-2.220446049250313e-16,292.8537384111267
160.4967318064744,14.888859869461733,15.040202842471945,0.0,2.220446049250313e-16,292.83958153900505
160.50695344382342,14.887227363927662,15.037371471403944,-6.661338147750939e-16,-2.220446049250313e-16,292.82540866110327
160.5171749322167,14.885594440583072,15.034541605425751,8.881784197001252e-16,0.0,292.81121978310637
160.52739627174714,14.883961100140722,15.031713244610199,-4.440892098500626e-16,-4.440892098500626e-16,292.7970149106994
160.53761746250757,14.882327343313346,15.028886389030122,6.661338147750939e-16,2.220446049250313e-16,292.7827940495672
160.5478385045911,14.880693170813695,15.026061038758355,0.0,0.0,292.76855720539515
160.55805939809096,14.879058583354487,15.023237193867734,-4.440892098500626e-16,-2.220446049250313e-16,292.7543043838681
160.56828014310045,14.877423581648454,15.0204148544311,2.220446049250313e-16,0.0,292.74003559067114
160.5785007397131,14.875788166408315,15.01759402052128,2.2204460492503128e-16,-2.220446049250313e-16,292.7257508314892
160.58872118802248,14.874152338346773,15.014774692211114,-2.220446049250313e-16,0.0,292.71145011200747
160.5989414881224,14.872516098176538,15.011956869573433,-1.1102230246251565e-15,2.220446049250313e-16,292.6971334379109
160.60916164010672,14.870879446610305,15.009140552681075,-4.440892098500626e-16,0.0,292.6828008148846
160.61938164406953,14.869242384360755,15.006325741606881,4.4408920985006257e-16,2.220446049250313e-16,292.6684522486135
160.629601500105,14.867604912140592,15.003512436423676,0.0,0.0,292.65408774478266
160.63982120830747,14.86596703066247,15.0007006372043,6.661338147750939e-16,-2.220446049250313e-16,292.63970730907727
160.6500407687714,14.86432874063907,14.997890344021588,-4.440892098500626e-16,0.0,292.6253109471822
160.66026018159138,14.862690042783049,14.995081556948378,-1.3322676295501878e-15,2.220446049250313e-16,292.6108986647825
160.67047944686217,14.861050937807068,14.992274276057497,2.220446049250313e-16,0.0,292.5964704675633
160.68069856467866,14.85941142642377,14.989468501421792,-6.661338147750939e-16,-2.220446049250313e-16,292.5820263612095
160.69091753513587,14.857771509345795,14.986664233114087,0.0,2.220446049250313e-16,292.56756635140624
160.70113635832897,14.856131187285781,14.983861471207227,8.881784197001252e-16,-2.220446049250313e-16,292.5530904438386
160.71135503435326,14.854490460956358,14.981060215774038,6.661338147750939e-16,-6.661338147750939e-16,292.53859864419155
160.72157356330422,14.852849331070134,14.978260466887361,-4.440892098500626e-16,0.0,292.52409095815005
160.73179194527737,14.851207798339734,14.975462224620028,0.0,-2.220446049250313e-16,292.50956739139934
160.7420101803685,14.849565863477757,14.97266548904488,0.0,0.0,292.4950279496243
160.75222826867343,14.847923527196803,14.969870260234748,-4.4408920985006257e-16,0.0,292.48047263851
160.7624462102882,14.84628079020947,14.967076538262464,-2.220446049250313e-16,-2.220446049250313e-16,292.46590146374143
160.77266400530894,14.844637653228332,14.96428432320087,0.0,2.220446049250313e-16,292.4513144310037
160.7828816538319,14.84299411696598,14.961493615122796,2.2204460492503128e-16,-2.220446049250313e-16,292.43671154598195
160.79309915595357,14.84135018213497,14.958704414101083,-8.881784197001252e-16,0.0,292.42209281436106
160.80331651177048,14.839705849447876,14.955916720208561,-6.661338147750939e-16,-2.220446049250313e-16,292.4074582418261
160.8135337213793,14.83806111961725,14.953130533518062,-4.440892098500626e-16,0.0,292.392807834062
160.8237507848769,14.83641599335564,14.950345854102432,2.2204460492503128e-16,-2.220446049250313e-16,292.37814159675406
160.83396770236027,14.834770471375588,14.947562682034498,0.0,2.220446049250313e-16,292.3634595355871
160.8441844739265,14.833124554389636,14.944781017387099,2.220446049250313e-16,2.220446049250313e-16,292.3487616562462
160.8544010996729,14.8314782431103,14.942000860233067,8.881784197001251e-16,2.220446049250313e-16,292.33404796441647
160.86461757969684,14.829831538250112,14.93922221064524,4.440892098500626e-16,2.220446049250313e-16,292.31931846578294
160.87483391409583,14.828184440521579,14.936445068696452,4.440892098500626e-16,0.0,292.3045731660307
160.8850501029676,14.826536950637205,14.933669434459539,4.4408920985006257e-16,0.0,292.28981207084456
160.8952661464099,14.824889069309494,14.930895308007337,6.661338147750939e-16,0.0,292.2750351859097
160.90548204452077,14.823240797250934,14.928122689412678,2.2204460492503128e-16,-4.440892098500626e-16,292.26024251691126
160.91569779739822,14.821592135174011,14.925351578748398,8.881784197001252e-16,0.0,292.24543406953404
160.9259134051405,14.819943083791195,14.922581976087336,2.220446049250313e-16,2.220446049250313e-16,292.23060984946335
160.93612886784604,14.818293643814968,14.919813881502325,-4.4408920985006257e-16,2.220446049250313e-16,292.21576986238404
160.9463441856133,14.81664381595779,14.917047295066197,0.0,-2.220446049250313e-16,292.2009141139811
160.95655935854091,14.814993600932107,14.914282216851795,-1.3322676295501878e-15,0.0,292.1860426099398
160.9667743867277,14.813342999450375,14.911518646931945,-2.220446049250313e-16,-2.220446049250313e-16,292.17115535594496
160.97698927027255,14.81169201222503,14.90875658537949,-4.440892098500626e-16,-2.220446049250313e-16,292.15625235768175
160.98720400927456,14.810040639968511,14.905996032267259,2.220446049250313e-16,0.0,292.1413336208351
160.99741860383295,14.808388883393237,14.903236987668093,-8.881784197001252e-16,0.0,292.12639915109025
161.00763305404703,14.806736743211633,14.900479451654824,-2.220446049250313e-16,2.220446049250313e-16,292.11144895413196
161.01784736001628,14.805084220136106,14.897723424300285,0.0,2.220446049250313e-16,292.0964830356455
161.0280615218403,14.803431314879061,14.894968905677318,6.661338147750939e-16,2.220446049250313e-16,292.08150140131585
161.0382755396189,14.801778028152892,14.892215895858753,2.220446049250313e-16,2.220446049250313e-16,292.0665040568279
161.04848941345193,14.800124360669992,14.889464394917427,-4.440892098500626e-16,2.220446049250313e-16,292.05149100786684
161.05870314343946,14.798470313142747,14.886714402926168,2.220446049250313e-16,-2.220446049250313e-16,292.03646226011773
161.0689167296816,14.796815886283518,14.883965919957827,8.881784197001251e-16,0.0,292.0214178192654
161.07913017227875,14.795161080804686,14.881218946085225,0.0,-4.440892098500626e-16,292.0063576909952
161.08934347133126,14.793505897418594,14.878473481381205,8.881784197001252e-16,2.220446049250313e-16,291.9912818809919
161.0995566269398,14.791850336837609,14.875729525918596,-4.440892098500626e-16,0.0,291.97619039494066
161.10976963920504,14.790194399774073,14.872987079770242,-4.440892098500626e-16,-2.220446049250313e-16,291.96108323852656
161.11998250822785,14.788538086940317,14.87024614300897,-6.661338147750939e-16,2.220446049250313e-16,291.94596041743443
161.13019523410924,14.786881399048672,14.867506715707616,6.661338147750939e-16,-2.220446049250313e-16,291.93082193734955
161.14040781695036,14.785224336811464,14.864768797939023,4.440892098500626e-16,-2.220446049250313e-16,291.9156678039569
161.15062025685248,14.783566900941006,14.862032389776015,2.220446049250313e-16,0.0,291.90049802294135
161.16083255391698,14.7819090921496,14.85929749129144,0.0,0.0,291.8853125999882
161.17104470824546,14.780250911149555,14.85656410255812,-2.220446049250313e-16,-2.220446049250313e-16,291.8701115407822
161.18125671993957,14.778592358653151,14.8538322236489,-6.661338147750939e-16,2.220446049250313e-16,291.85489485100874
161.19146858910116,14.776933435372683,14.851101854636612,-2.220446049250313e-16,-2.220446049250313e-16,291.8396625363526
161.2016803158322,14.775274142020423,14.848372995594088,-2.220446049250313e-16,0.0,291.8244146024988
161.21189190023475,14.773614479308643,14.84564564659417,-2.2204460492503128e-16,0.0,291.8091510551326
161.22210334241112,14.771954447949597,14.842919807709688,-8.881784197001251e-16,2.220446049250313e-16,291.7938718999388
161.2323146424636,14.770294048655552,14.840195479013476,2.220446049250313e-16,0.0,291.7785771426024
161.24252580049475,14.768633282138742,14.837472660578378,0.0,-2.220446049250313e-16,291.76326678880883
161.25273681660724,14.766972149111412,14.834751352477218,2.220446049250313e-16,-2.220446049250313e-16,291.74794084424275
161.26294769090384,14.765310650285793,14.832031554782839,-8.881784197001251e-16,0.0,291.7325993145892
161.27315842348747,14.763648786374109,14.829313267568073,-1.1102230246251565e-15,-2.220446049250313e-16,291.71724220553347
161.28336901446121,14.761986558088573,14.826596490905757,-1.1102230246251565e-15,0.0,291.7018695227604
161.29357946392824,14.760323966141396,14.823881224868723,2.220446049250313e-16,0.0,291.68648127195524
161.30378977199192,14.758661011244778,14.82116746952981,2.2204460492503128e-16,0.0,291.6710774588027
161.31399993875573,14.756997694110911,14.818455224961854,-2.220446049250313e-16,0.0,291.6556580889881
161.32420996432325,14.755334015451982,14.815744491237686,-4.440892098500626e-16,2.220446049250313e-16,291.64022316819637
161.33441984879826,14.753669975980168,14.813035268430141,4.4408920985006257e-16,-2.220446049250313e-16,291.6247727021125
161.34462959228463,14.752005576407639,14.810327556612059,0.0,-2.220446049250313e-16,291.6093066964216
161.35483919488635,14.750340817446554,14.807621355856272,6.661338147750939e-16,2.220446049250313e-16,291.5938251568087
161.36504865670767,14.74867569980907,14.804916666235616,0.0,2.220446049250313e-16,291.57832808895876
161.3752579778528,14.747010224207335,14.802213487822929,6.661338147750939e-16,0.0,291.562815498557
161.38546715842625,14.74534439135349,14.799511820691038,2.220446049250313e-16,-2.220446049250313e-16,291.5472873912883
161.39567619853256,14.743678201959657,14.796811664912786,-8.881784197001251e-16,2.220446049250313e-16,291.5317437728377
161.40588509827637,14.742011656737965,14.794113020561007,6.661338147750939e-16,0.0,291.5161846488902
161.41609385776263,14.740344756400534,14.791415887708537,-8.881784197001252e-16,2.220446049250313e-16,291.5006100251311
161.42630247709624,14.738677501659465,14.788720266428204,-4.440892098500626e-16,0.0,291.48501990724515
161.43651095638236,14.737009893226864,14.786026156792852,2.2204460492503128e-16,-2.220446049250313e-16,291.46941430091755
161.44671929572627,14.735341931814814,14.783333558875311,-4.4408920985006257e-16,-2.220446049250313e-16,291.4537932118332
161.45692749523326,14.733673618135406,14.780642472748417,2.2204460492503128e-16,0.0,291.4381566456773
161.46713555500898,14.732004952900716,14.777952898485013,-4.440892098500626e-16,-2.220446049250313e-16,291.4225046081349
161.477343475159,14.730335936822812,14.775264836157922,6.661338147750939e-16,-2.220446049250313e-16,291.4068371048906
161.48755125578919,14.728666570613756,14.772578285839987,0.0,-2.220446049250313e-16,291.3911541416301
161.49775889700544,14.726996854985599,14.76989324760404,-1.1102230246251565e-15,-2.220446049250313e-16,291.375455724038
161.50796639891382,14.725326790650382,14.767209721522919,4.4408920985006257e-16,0.0,291.3597418577995
161.51817376162057,14.723656378320152,14.764527707669453,0.0,-2.220446049250313e-16,291.34401254859955
161.52838098523202,14.721985618706928,14.761847206116489,-2.220446049250313e-16,0.0,291.3282678021232
161.53858806985465,14.72031451252274,14.759168216936848,-6.661338147750939e-16,0.0,291.31250762405557
161.54879501559503,14.718643060479597,14.756490740203379,8.881784197001251e-16,0.0,291.29673202008166
161.55900182256002,14.716971263289505,14.753814775988902,-6.661338147750939e-16,-2.220446049250313e-16,291.2809409958865
161.56920849085643,14.71529912166446,14.751140324366268,0.0,2.220446049250313e-16,291.2651345571552
161.57941502059128,14.713626636316452,14.748467385408302,6.661338147750939e-16,-2.220446049250313e-16,291.2493127095726
161.5896214118718,14.711953807957467,14.745795959187847,-8.881784197001251e-16,0.0,291.2334754588239
161.59982766480522,14.710280637299473,14.743126045777725,-2.220446049250313e-16,0.0,291.21762281059404
161.610033779499,14.708607125054437,14.740457645250782,0.0,-2.220446049250313e-16,291.2017547705682
161.6202397560607,14.706933271934316,14.737790757679857,-4.4408920985006257e-16,-2.220446049250313e-16,291.18587134443135
161.630445594598,14.705259078651064,14.735125383137776,2.2204460492503128e-16,2.220446049250313e-16,291.16997253786843
161.64065129521882,14.703584545916618,14.73246152169738,-2.220446049250313e-16,0.0,291.1540583565647
161.65085685803103,14.701909674442915,14.729799173431495,6.661338147750939e-16,2.220446049250313e-16,291.13812880620486
161.66106228314283,14.700234464941875,14.727138338412967,4.440892098500626e-16,0.0,291.12218389247425
161.67126757066242,14.698558918125421,14.724479016714627,-6.661338147750939e-16,0.0,291.10622362105784
161.6814727206982,14.696883034705458,14.72182120840931,0.0,-2.220446049250313e-16,291.0902479976406
161.69167773335863,14.695206815393886,14.719164913569854,8.881784197001252e-16,2.220446049250313e-16,291.0742570279076
161.70188260875247,14.693530260902609,14.71651013226909,4.440892098500626e-16,0.0,291.05825071754384
161.71208734698843,14.691853371943498,14.713856864579855,0.0,-2.220446049250313e-16,291.04222907223453
161.72229194817544,14.690176149228444,14.711205110574985,8.881784197001252e-16,0.0,291.0261920976645
161.73249641242262,14.688498593469308,14.70855487032731,4.440892098500626e-16,-2.220446049250313e-16,291.01013979951875
161.74270073983908,14.686820705377947,14.705906143909678,4.440892098500626e-16,-2.220446049250313e-16,290.9940721834826
161.7529049305342,14.68514248566622,14.703258931394911,-1.1102230246251565e-15,2.220446049250313e-16,290.9779892552408
161.76310898461742,14.68346393504597,14.70061323285585,0.0,0.0,290.9618910204785
161.7733129021984,14.681785054229033,14.697969048365334,-8.881784197001252e-16,-2.220446049250313e-16,290.9457774848809
161.78351668338678,14.680105843927235,14.695326377996185,-1.1102230246251565e-15,-4.440892098500626e-16,290.9296486541327
161.79372032829247,14.678426304852398,14.692685221821256,-4.440892098500626e-16,2.220446049250313e-16,290.9135045339192
161.80392383702548,14.676746437716337,14.690045579913368,-4.440892098500626e-16,0.0,290.89734512992544
161.81412720969595,14.675066243230855,14.687407452345365,6.661338147750939e-16,0.0,290.8811704478362
161.82433044641417,14.673385722107742,14.68477083919008,8.881784197001252e-16,-2.220446049250313e-16,290.8649804933369
161.83453354729053,14.671704875058785,14.682135740520344,-8.881784197001251e-16,4.440892098500626e-16,290.84877527211216
161.84473651243556,14.67002370279577,14.679502156408994,2.220446049250313e-16,0.0,290.8325547898474
161.85493934195998,14.668342206030465,14.676870086928867,-6.661338147750939e-16,0.0,290.81631905222736
161.86514203597454,14.66666038547463,14.674239532152798,-2.220446049250313e-16,0.0,290.80006806493725
161.87534459459027,14.664978241840023,14.671610492153624,-6.661338147750939e-16,-2.220446049250313e-16,290.78380183366204
161.88554701791819,14.663295775838385,14.668982967004178,-6.661338147750939e-16,-2.220446049250313e-16,290.7675203640869
161.8957493060695,14.661612988181455,14.666356956777296,8.881784197001252e-16,0.0,290.7512236618967
161.90595145915563,14.659929879580966,14.663732461545813,-6.661338147750939e-16,-2.220446049250313e-16,290.73491173277654
161.91615347728802,14.658246450748639,14.66110948138256,-6.661338147750939e-16,0.0,290.7185845824114
161.92635536057824,14.656562702396181,14.658488016360382,6.661338147750939e-16,2.220446049250313e-16,290.7022422164864
