galstreams/tracks/track.st.Alpheus.grillmair2013.ecsv
# %ECSV 0.9
# ---
# datatype:
# - {name: ra, unit: deg, datatype: float64}
# - {name: dec, unit: deg, datatype: float64}
# - {name: distance, unit: kpc, datatype: float64}
# - {name: pm_ra_cosdec, unit: mas / yr, datatype: float64}
# - {name: pm_dec, unit: mas / yr, datatype: float64}
# - {name: radial_velocity, unit: km / s, datatype: float64}
# delimiter: ','
# meta: !!omap
# - __serialized_columns__:
#     dec:
#       __class__: astropy.coordinates.angles.Latitude
#       unit: &id001 !astropy.units.Unit {unit: deg}
#       value: !astropy.table.SerializedColumn {name: dec}
#     distance:
#       __class__: astropy.coordinates.distances.Distance
#       unit: !astropy.units.Unit {unit: kpc}
#       value: !astropy.table.SerializedColumn {name: distance}
#     pm_dec:
#       __class__: astropy.units.quantity.Quantity
#       unit: !astropy.units.Unit {unit: mas / yr}
#       value: !astropy.table.SerializedColumn {name: pm_dec}
#     pm_ra_cosdec:
#       __class__: astropy.units.quantity.Quantity
#       unit: !astropy.units.Unit {unit: mas / yr}
#       value: !astropy.table.SerializedColumn {name: pm_ra_cosdec}
#     ra:
#       __class__: astropy.coordinates.angles.Longitude
#       unit: *id001
#       value: !astropy.table.SerializedColumn {name: ra}
#       wrap_angle: !astropy.coordinates.Angle
#         unit: *id001
#         value: 360.0
#     radial_velocity:
#       __class__: astropy.units.quantity.Quantity
#       unit: !astropy.units.Unit {unit: km / s}
#       value: !astropy.table.SerializedColumn {name: radial_velocity}
# schema: astropy-2.0
ra,dec,distance,pm_ra_cosdec,pm_dec,radial_velocity
[from data line 2103]
27.02680099564888,-48.131999728063626,1.9477944985613103,0.0,0.0,0.0
27.02892154679933,-48.12209037842848,1.9479596649385431,0.0,0.0,0.0
27.031041654715526,-48.11218101746689,1.9481248316609974,0.0,0.0,0.0
27.033161319387286,-48.102271645159085,1.9482899987294489,0.0,0.0,0.0
27.035280540804408,-48.092362261485384,1.948455166144673,0.0,0.0,0.0
27.037399318956666,-48.082452866426095,1.948620333907446,0.0,0.0,0.0
27.039517653833798,-48.07254345996155,1.9487855020185434,0.0,0.0,0.0
27.041635545425507,-48.062634042072084,1.9489506704787423,0.0,0.0,0.0
27.043752993721508,-48.052724612738125,1.9491158392888173,0.0,0.0,0.0
27.045869998711435,-48.04281517194001,1.9492810084495442,0.0,0.0,0.0
27.047986560384945,-48.0329057196582,1.9494461779616996,0.0,0.0,0.0
27.050102678731626,-48.02299625587314,1.9496113478260593,0.0,0.0,0.0
27.052218353741072,-48.01308678056526,1.9497765180433988,0.0,0.0,0.0
27.05433358540283,-48.00317729371507,1.9499416886144945,0.0,0.0,0.0
27.056448373706434,-47.99326779530306,1.9501068595401219,0.0,0.0,0.0
27.058562718641387,-47.9833582853098,1.950272030821057,0.0,0.0,0.0
27.060676620197157,-47.97344876371579,1.9504372024580752,0.0,0.0,0.0
27.062790078363193,-47.96353923050163,1.9506023744519532,0.0,0.0,0.0
27.06490309312892,-47.95362968564791,1.9507675468034664,0.0,0.0,0.0
27.067015664483733,-47.943720129135244,1.950932719513391,0.0,0.0,0.0
27.06912779241699,-47.93381056094425,1.9510978925825027,0.0,0.0,0.0
27.071239476918034,-47.92390098105564,1.951263066011577,0.0,0.0,0.0
27.0733507179762,-47.91399138945004,1.9514282398013902,0.0,0.0,0.0
27.07546151558074,-47.904081786108165,1.9515934139527185,0.0,0.0,0.0
27.077571869720945,-47.894172171010744,1.9517585884663373,0.0,0.0,0.0
27.079681780386032,-47.88426254413854,1.9519237633430222,0.0,0.0,0.0
27.08179124756522,-47.874352905472286,1.9520889385835498,0.0,0.0,0.0
27.083900271247675,-47.86444325499279,1.9522541141886955,0.0,0.0,0.0
27.086008851422548,-47.854533592680845,1.9524192901592354,0.0,0.0,0.0
27.088116988078994,-47.84462391851729,1.9525844664959455,0.0,0.0,0.0
27.090224681206088,-47.83471423248299,1.9527496431996014,0.0,0.0,0.0
27.0923319307929,-47.82480453455881,1.952914820270979,0.0,0.0,0.0
27.094438736828494,-47.81489482472562,1.9530799977108544,0.0,0.0,0.0
27.096545099301874,-47.804985102964366,1.9532451755200035,0.0,0.0,0.0
27.098651018202048,-47.79507536925598,1.9534103536992018,0.0,0.0,0.0
27.10075649351797,-47.78516562358141,1.9535755322492252,0.0,0.0,0.0
27.10286152523858,-47.77525586592166,1.9537407111708502,0.0,0.0,0.0
27.1049661133528,-47.76534609625769,1.9539058904648523,0.0,0.0,0.0
27.107070257849497,-47.75543631457055,1.9540710701320072,0.0,0.0,0.0
27.109173958717548,-47.745526520841295,1.954236250173091,0.0,0.0,0.0
27.111277215945776,-47.73561671505096,1.9544014305888795,0.0,0.0,0.0
27.113380029522986,-47.72570689718066,1.9545666113801485,0.0,0.0,0.0
27.115482399437965,-47.71579706721149,1.9547317925476744,0.0,0.0,0.0
27.117584325679445,-47.705887225124556,1.9548969740922326,0.0,0.0,0.0
27.11968580823617,-47.69597737090104,1.9550621560145987,0.0,0.0,0.0
27.121786847096836,-47.68606750452211,1.9552273383155487,0.0,0.0,0.0
27.1238874422501,-47.67615762596894,1.9553925209958594,0.0,0.0,0.0
27.125987593684613,-47.66624773522276,1.9555577040563061,0.0,0.0,0.0
27.128087301388994,-47.65633783226479,1.9557228874976647,0.0,0.0,0.0
27.130186565351828,-47.6464279170763,1.9558880713207103,0.0,0.0,0.0
27.132285385561687,-47.636517989638556,1.9560532555262196,0.0,0.0,0.0
27.134383762007097,-47.626608049932855,1.9562184401149687,0.0,0.0,0.0
27.13648169467658,-47.61669809794053,1.9563836250877331,0.0,0.0,0.0
27.1385791835586,-47.60678813364291,1.9565488104452884,0.0,0.0,0.0
27.14067622864164,-47.596878157021344,1.9567139961884108,0.0,0.0,0.0
27.1427728299141,-47.58696816805725,1.956879182317877,0.0,0.0,0.0
27.144868987364394,-47.57705816673197,1.9570443688344612,0.0,0.0,0.0
27.146964700980906,-47.56714815302699,1.95720955573894,0.0,0.0,0.0
27.14905997075196,-47.55723812692372,1.95737474303209,0.0,0.0,0.0
27.151154796665907,-47.54732808840364,1.9575399307146863,0.0,0.0,0.0
27.15324917871102,-47.53741803744822,1.9577051187875052,0.0,0.0,0.0
27.155343116875578,-47.52750797403898,1.957870307251322,0.0,0.0,0.0
27.157436611147812,-47.517597898157454,1.9580354961069133,0.0,0.0,0.0
27.159529661515936,-47.50768780978519,1.9582006853550546,0.0,0.0,0.0
27.16162226796815,-47.497777708903726,1.9583658749965216,0.0,0.0,0.0
27.163714430492593,-47.48786759549469,1.9585310650320904,0.0,0.0,0.0
27.165806149077408,-47.477957469539675,1.9586962554625373,0.0,0.0,0.0
27.16789742371071,-47.46804733102034,1.9588614462886376,0.0,0.0,0.0
27.169988254380556,-47.45813717991828,1.959026637511167,0.0,0.0,0.0
27.172078641075014,-47.44822701621525,1.959191829130902,0.0,0.0,0.0
27.17416858378211,-47.43831683989287,1.9593570211486182,0.0,0.0,0.0
27.176258082489834,-47.4284066509329,1.9595222135650916,0.0,0.0,0.0
27.178347137186147,-47.418496449317054,1.959687406381098,0.0,0.0,0.0
27.18043574785901,-47.408586235027094,1.9598525995974134,0.0,0.0,0.0
27.18252391449634,-47.3986760080448,1.9600177932148133,0.0,0.0,0.0
27.184611637086018,-47.38876576835198,1.9601829872340735,0.0,0.0,0.0
27.186698915615903,-47.37885551593045,1.9603481816559707,0.0,0.0,0.0
27.188785750073844,-47.36894525076202,1.96051337648128,0.0,0.0,0.0
27.190872140447645,-47.35903497282859,1.9606785717107782,0.0,0.0,0.0
27.192958086725078,-47.349124682112006,1.9608437673452404,0.0,0.0,0.0
27.1950435888939,-47.33921437859419,1.9610089633854422,0.0,0.0,0.0
27.197128646941856,-47.32930406225707,1.9611741598321604,0.0,0.0,0.0
27.199213260856627,-47.31939373308257,1.9613393566861703,0.0,0.0,0.0
27.20129743062589,-47.30948339105265,1.9615045539482476,0.0,0.0,0.0
27.203381156237292,-47.29957303614932,1.9616697516191688,0.0,0.0,0.0
27.20546443767846,-47.28966266835457,1.9618349496997094,0.0,0.0,0.0
27.207547274936985,-47.27975228765041,1.9620001481906453,0.0,0.0,0.0
27.209629668000428,-47.2698418940189,1.962165347092752,0.0,0.0,0.0
27.211711616856327,-47.25993148744211,1.9623305464068064,0.0,0.0,0.0
27.21379312149219,-47.25002106790211,1.9624957461335841,0.0,0.0,0.0
27.2158741818955,-47.240110635381015,1.9626609462738602,0.0,0.0,0.0
27.217954798053725,-47.230200189860945,1.962826146828411,0.0,0.0,0.0
27.220034969954295,-47.22028973132405,1.9629913477980125,0.0,0.0,0.0
27.2221146975846,-47.21037925975251,1.9631565491834404,0.0,0.0,0.0
27.22419398093202,-47.20046877512849,1.9633217509854715,0.0,0.0,0.0
27.226272819983905,-47.19055827743421,1.9634869532048802,0.0,0.0,0.0
27.22835121472759,-47.18064776665191,1.9636521558424431,0.0,0.0,0.0
27.230429165150337,-47.17073724276381,1.9638173588989363,0.0,0.0,0.0
27.232506671239445,-47.16082670575221,1.9639825623751352,0.0,0.0,0.0
27.23458373298214,-47.15091615559937,1.9641477662718159,0.0,0.0,0.0
27.23666035036564,-47.14100559228761,1.9643129705897548,0.0,0.0,0.0
27.238736523377117,-47.13109501579926,1.9644781753297267,0.0,0.0,0.0
27.240812252003746,-47.121184426116685,1.9646433804925083,0.0,0.0,0.0
27.24288753623265,-47.11127382322223,1.9648085860788753,0.0,0.0,0.0
27.244962376050943,-47.1013632070983,1.9649737920896035,0.0,0.0,0.0
27.2470367714457,-47.0914525777273,1.965138998525469,0.0,0.0,0.0
27.24911072240395,-47.081541935091664,1.9653042053872471,0.0,0.0,0.0
27.25118422891274,-47.071631279173836,1.9654694126757146,0.0,0.0,0.0
27.253257290959066,-47.061720609956296,1.9656346203916466,0.0,0.0,0.0
27.255329908529877,-47.05180992742153,1.9657998285358194,0.0,0.0,0.0
27.25740208161214,-47.041899231552044,1.9659650371090085,0.0,0.0,0.0
27.259473810192745,-47.03198852233037,1.9661302461119903,0.0,0.0,0.0
27.26154509425859,-47.02207779973907,1.9662954555455403,0.0,0.0,0.0
27.26361593379654,-47.0121670637607,1.9664606654104348,0.0,0.0,0.0
27.265686328793414,-47.00225631437786,1.966625875707449,0.0,0.0,0.0
27.267756279236032,-46.99234555157316,1.9667910864373588,0.0,0.0,0.0
27.269825785111163,-46.98243477532923,1.966956297600941,0.0,0.0,0.0
27.271894846405562,-46.972523985628726,1.967121509198971,0.0,0.0,0.0
27.273963463105943,-46.9626131824543,1.9672867212322243,0.0,0.0,0.0
27.27603163519902,-46.95270236578866,1.9674519337014773,0.0,0.0,0.0
27.278099362671444,-46.942791535614525,1.9676171466075056,0.0,0.0,0.0
27.280166645509873,-46.932880691914605,1.9677823599510849,0.0,0.0,0.0
27.282233483700907,-46.922969834671655,1.9679475737329915,0.0,0.0,0.0
27.28429987723115,-46.913058963868444,1.9681127879540012,0.0,0.0,0.0
27.28636582608715,-46.90314807948778,1.9682780026148896,0.0,0.0,0.0
27.28843133025544,-46.89323718151245,1.9684432177164333,0.0,0.0,0.0
27.290496389722534,-46.88332626992529,1.9686084332594072,0.0,0.0,0.0
27.2925610044749,-46.873415344709166,1.9687736492445878,0.0,0.0,0.0
27.294625174499,-46.863504405846925,1.968938865672751,0.0,0.0,0.0
27.29668889978125,-46.853593453321466,1.9691040825446717,0.0,0.0,0.0
27.298752180308046,-46.8436824871157,1.9692692998611276,0.0,0.0,0.0
27.300815016065762,-46.83377150721255,1.9694345176228933,0.0,0.0,0.0
27.30287740704074,-46.823860513594965,1.9695997358307447,0.0,0.0,0.0
27.30493935321929,-46.813949506245926,1.9697649544854585,0.0,0.0,0.0
27.307000854587702,-46.80403848514839,1.9699301735878094,0.0,0.0,0.0
27.309061911132247,-46.7941274502854,1.970095393138574,0.0,0.0,0.0
27.31112252283913,-46.784216401639966,1.9702606131385283,0.0,0.0,0.0
27.313182689694592,-46.77430533919513,1.9704258335884481,0.0,0.0,0.0
27.315242411684775,-46.76439426293397,1.9705910544891092,0.0,0.0,0.0
27.31730168879585,-46.75448317283956,1.9707562758412869,0.0,0.0,0.0
27.319360521013945,-46.744572068895,1.9709214976457576,0.0,0.0,0.0
27.321418908325146,-46.73466095108344,1.9710867199032982,0.0,0.0,0.0
27.323476850715515,-46.72474981938801,1.9712519426146828,0.0,0.0,0.0
27.325534348171107,-46.71483867379186,1.9714171657806885,0.0,0.0,0.0
27.32759140067793,-46.704927514278204,1.9715823894020905,0.0,0.0,0.0
27.32964800822198,-46.69501634083023,1.971747613479665,0.0,0.0,0.0
27.331704170789198,-46.68510515343115,1.971912838014188,0.0,0.0,0.0
27.33375988836553,-46.67519395206422,1.972078063006435,0.0,0.0,0.0
27.33581516093688,-46.66528273671268,1.9722432884571819,0.0,0.0,0.0
27.33786998848911,-46.65537150735985,1.9724085143672048,0.0,0.0,0.0
27.339924371008088,-46.645460263989,1.97257374073728,0.0,0.0,0.0
27.34197830847963,-46.63554900658346,1.9727389675681828,0.0,0.0,0.0
27.344031800889518,-46.625637735126546,1.972904194860689,0.0,0.0,0.0
27.346084848223533,-46.61572644960165,1.973069422615575,0.0,0.0,0.0
27.348137450467416,-46.60581514999214,1.9732346508336158,0.0,0.0,0.0
27.35018960760688,-46.59590383628141,1.9733998795155885,0.0,0.0,0.0
27.3522413196276,-46.585992508452875,1.9735651086622685,0.0,0.0,0.0
27.35429258651524,-46.57608116648996,1.973730338274431,0.0,0.0,0.0
27.356343408255423,-46.56616981037613,1.9738955683528525,0.0,0.0,0.0
27.358393784833762,-46.55625844009486,1.974060798898309,0.0,0.0,0.0
27.36044371623583,-46.54634705562965,1.9742260299115764,0.0,0.0,0.0
27.362493202447165,-46.536435656964,1.97439126139343,0.0,0.0,0.0
27.364542243453304,-46.526524244081465,1.9745564933446458,0.0,0.0,0.0
27.366590839239727,-46.51661281696556,1.9747217257660004,0.0,0.0,0.0
27.368638989791904,-46.506701375599874,1.9748869586582691,0.0,0.0,0.0
27.370686695095262,-46.49678991996801,1.975052192022228,0.0,0.0,0.0
27.37273395513523,-46.48687845005355,1.9752174258586528,0.0,0.0,0.0
27.37478076989718,-46.476966965840134,1.975382660168319,0.0,0.0,0.0
27.376827139366466,-46.46705546731141,1.9755478949520036,0.0,0.0,0.0
27.378873063528417,-46.45714395445104,1.9757131302104816,0.0,0.0,0.0
27.380918542368338,-46.44723242724272,1.9758783659445294,0.0,0.0,0.0
27.3829635758715,-46.43732088567015,1.9760436021549224,0.0,0.0,0.0
27.385008164023144,-46.427409329717044,1.9762088388424366,0.0,0.0,0.0
27.387052306808485,-46.41749775936713,1.976374076007848,0.0,0.0,0.0
27.389096004212714,-46.407586174604205,1.9765393136519325,0.0,0.0,0.0
27.391139256221006,-46.397674575412026,1.9767045517754662,0.0,0.0,0.0
27.393182062818482,-46.3877629617744,1.976869790379224,0.0,0.0,0.0
27.39522442399026,-46.37785133367514,1.977035029463983,0.0,0.0,0.0
27.397266339721412,-46.36793969109808,1.9772002690305186,0.0,0.0,0.0
27.39930780999699,-46.35802803402709,1.9773655090796063,0.0,0.0,0.0
27.401348834802025,-46.34811636244602,1.9775307496120225,0.0,0.0,0.0
27.403389414121506,-46.338204676338805,1.9776959906285432,0.0,0.0,0.0
27.405429547940404,-46.32829297568931,1.977861232129944,0.0,0.0,0.0
27.407469236243674,-46.318381260481495,1.9780264741170004,0.0,0.0,0.0
27.409508479016203,-46.3084695306993,1.9781917165904888,0.0,0.0,0.0
27.411547276242903,-46.2985577863267,1.9783569595511854,0.0,0.0,0.0
27.413585627908628,-46.28864602734769,1.9785222029998653,0.0,0.0,0.0
27.415623533998197,-46.27873425374624,1.9786874469373048,0.0,0.0,0.0
27.417660994496426,-46.26882246550642,1.97885269136428,0.0,0.0,0.0
27.41969800938809,-46.25891066261225,1.9790179362815656,0.0,0.0,0.0
27.421734578657937,-46.24899884504781,1.9791831816899388,0.0,0.0,0.0
27.42377070229067,-46.23908701279716,1.9793484275901754,0.0,0.0,0.0
27.425806380271005,-46.22917516584441,1.9795136739830508,0.0,0.0,0.0
27.427841612583613,-46.21926330417367,1.9796789208693408,0.0,0.0,0.0
27.4298763992131,-46.2093514277691,1.979844168249822,0.0,0.0,0.0
27.431910740144108,-46.19943953661484,1.980009416125269,0.0,0.0,0.0
27.433944635361204,-46.18952763069507,1.9801746644964593,0.0,0.0,0.0
27.435978084848937,-46.17961570999398,1.980339913364168,0.0,0.0,0.0
27.43801108859185,-46.16970377449578,1.9805051627291699,0.0,0.0,0.0
27.440043646574434,-46.15979182418471,1.9806704125922425,0.0,0.0,0.0
27.442075758781158,-46.14987985904501,1.9808356629541615,0.0,0.0,0.0
27.444107425196474,-46.13996787906095,1.981000913815702,0.0,0.0,0.0
27.446138645804787,-46.130055884216816,1.9811661651776402,0.0,0.0,0.0
27.4481694205905,-46.12014387449692,1.9813314170407523,0.0,0.0,0.0
27.450199749537962,-46.11023184988557,1.9814966694058138,0.0,0.0,0.0
27.452229632631507,-46.10031981036713,1.981661922273601,0.0,0.0,0.0
27.454259069855443,-46.09040775592594,1.981827175644889,0.0,0.0,0.0
27.456288061194048,-46.080495686546385,1.981992429520454,0.0,0.0,0.0
27.458316606631573,-46.07058360221288,1.9821576839010728,0.0,0.0,0.0
27.460344706152235,-46.06067150290981,1.98232293878752,0.0,0.0,0.0
27.462372359740236,-46.05075938862162,1.9824881941805725,0.0,0.0,0.0
27.464399567379743,-46.040847259332786,1.9826534500810054,0.0,0.0,0.0
27.46642632905488,-46.03093511502774,1.9828187064895952,0.0,0.0,0.0
27.46845264474977,-46.021022955690995,1.9829839634071171,0.0,0.0,0.0
27.470478514448498,-46.011110781307046,1.983149220834348,0.0,0.0,0.0
27.472503938135112,-46.001198591860444,1.9833144787720625,0.0,0.0,0.0
27.474528915793645,-45.991286387335705,1.983479737221037,0.0,0.0,0.0
27.476553447408097,-45.981374167717405,1.983644996182048,0.0,0.0,0.0
27.47857753296243,-45.97146193299014,1.9838102556558705,0.0,0.0,0.0
27.4806011724406,-45.96154968313845,1.9839755156432812,0.0,0.0,0.0
27.482624365826517,-45.95163741814702,1.9841407761450554,0.0,0.0,0.0
27.48464711310407,-45.94172513800045,1.984306037161969,0.0,0.0,0.0
27.486669414257126,-45.931812842683414,1.9844712986947985,0.0,0.0,0.0
27.488691269269502,-45.92190053218056,1.9846365607443188,0.0,0.0,0.0
27.490712678125025,-45.91198820647658,1.9848018233113065,0.0,0.0,0.0
27.492733640807458,-45.9020758655562,1.984967086396537,0.0,0.0,0.0
27.49475415730054,-45.892163509404135,1.985132350000787,0.0,0.0,0.0
27.496774227588016,-45.88225113800514,1.9852976141248313,0.0,0.0,0.0
27.49879385165356,-45.87233875134395,1.9854628787694468,0.0,0.0,0.0
27.50081302948085,-45.86242634940538,1.9856281439354087,0.0,0.0,0.0
27.502831761053518,-45.85251393217422,1.9857934096234933,0.0,0.0,0.0
27.504850046355173,-45.842601499635265,1.9859586758344758,0.0,0.0,0.0
27.506867885369406,-45.83268905177337,1.9861239425691328,0.0,0.0,0.0
