galstreams/tracks/track.st.Gaia-11.ibata2024.ecsv
# %ECSV 1.0
# ---
# datatype:
# - {name: ra, unit: deg, datatype: float64}
# - {name: dec, unit: deg, datatype: float64}
# - {name: distance, unit: kpc, datatype: float64}
# - {name: pm_ra_cosdec, unit: mas / yr, datatype: float64}
# - {name: pm_dec, unit: mas / yr, datatype: float64}
# - {name: radial_velocity, unit: km / s, datatype: float64}
# delimiter: ','
# meta: !!omap
# - __serialized_columns__:
#     dec:
#       __class__: astropy.coordinates.angles.Latitude
#       unit: &id001 !astropy.units.Unit {unit: deg}
#       value: !astropy.table.SerializedColumn {name: dec}
#     distance:
#       __class__: astropy.coordinates.distances.Distance
#       unit: !astropy.units.Unit {unit: kpc}
#       value: !astropy.table.SerializedColumn {name: distance}
#     pm_dec:
#       __class__: astropy.units.quantity.Quantity
#       unit: !astropy.units.Unit {unit: mas / yr}
#       value: !astropy.table.SerializedColumn {name: pm_dec}
#     pm_ra_cosdec:
#       __class__: astropy.units.quantity.Quantity
#       unit: !astropy.units.Unit {unit: mas / yr}
#       value: !astropy.table.SerializedColumn {name: pm_ra_cosdec}
#     ra:
#       __class__: astropy.coordinates.angles.Longitude
#       unit: *id001
#       value: !astropy.table.SerializedColumn {name: ra}
#       wrap_angle: !astropy.coordinates.Angle
#         unit: *id001
#         value: 360.0
#     radial_velocity:
#       __class__: astropy.units.quantity.Quantity
#       unit: !astropy.units.Unit {unit: km / s}
#       value: !astropy.table.SerializedColumn {name: radial_velocity}
# schema: astropy-2.0
ra,dec,distance,pm_ra_cosdec,pm_dec,radial_velocity
[from data line 4479]
279.52196857995307,23.49926839723899,1.0000000000000002,-2.884925810406628,3.8609878103026176,5057.171479290994
279.52661544194916,23.490036959729547,0.9999999999999999,-2.8842111285044894,3.860343248139827,5065.345323611914
279.5312633950192,23.480805802765456,1.0,-2.8834963616475306,3.8596985472842675,5073.528097875551
279.5359124399579,23.471574926488383,1.0,-2.8827815098084955,3.8590537077341764,5081.719807016786
279.54056257755985,23.462344331040086,1.0,-2.882066572960781,3.8584087294860296,5089.920455970502
279.54521380861985,23.45311401656233,1.0,-2.88135155107733,3.8577636125377808,5098.130049671572
279.5498661339323,23.44388398319693,0.9999999999999999,-2.8806364441305163,3.8571183568869287,5106.348593054877
279.55451955429197,23.434654231085744,0.9999999999999999,-2.8799212520929984,3.856472962530461,5114.576091055298
279.5591740704934,23.425424760370646,1.0,-2.879205974939538,3.8558274294659327,5122.812548607723
279.563829683331,23.41619557119357,1.0000000000000002,-2.878490612641343,3.8551817576911276,5131.057970647017
279.56848639359947,23.406966663696494,0.9999999999999999,-2.8777751651730057,3.8545359472028053,5139.312362108066
279.57314420209326,23.39773803802142,0.9999999999999999,-2.877059632506189,3.8538899979986354,5147.575727925753
279.5778031096068,23.388509694310397,1.0,-2.8763440146145456,3.8532439100761735,5155.848073034956
279.58246311693466,23.379281632705485,1.0,-2.875628311471303,3.852597683432805,5164.129402370557
279.5871242248712,23.37005385334886,1.0,-2.8749125230493178,3.851951318065346,5172.419720867431
279.591786434211,23.36082635638265,0.9999999999999999,-2.874196649322471,3.851304813971808,5180.7190334604575
279.5964497457482,23.351599141949077,1.0,-2.8734806902623973,3.850658171149064,5189.027345084522
279.6011141602774,23.34237221019037,1.0,-2.8727646458428637,3.850011389594954,5197.344660674505
279.6057796785929,23.333145561248845,1.0,-2.8720485160372107,3.8493644693064653,5205.670985165278
279.61044630148905,23.323919195266804,1.0,-2.871332300818068,3.84871741028104,5214.006323491723
279.6151140297602,23.314693112386625,1.0,-2.87061600015943,3.84807021251612,5222.350680588728
279.61978286420066,23.30546731275071,1.0,-2.869899614033784,3.8474228760089773,5230.704061391163
279.6244528056047,23.296241796501505,0.9999999999999999,-2.8691831424147267,3.846775400756883,5239.066470833921
279.6291238547666,23.287016563781513,1.0,-2.868466585274774,3.846127786757279,5247.437913851864
279.6337960124805,23.27779161473326,1.0,-2.8677499425864426,3.8454800340073803,5255.8183953798825
279.63846927954086,23.26856694949933,1.0,-2.867033214325488,3.8448321425044014,5264.207920352856
279.64314365674176,23.2593425682223,1.0,-2.866316400462239,3.8441841122462392,5272.6064937056635
279.64781914487736,23.250118471044857,1.0000000000000002,-2.865599500971399,3.8435359432297673,5281.014120373187
279.65249574474194,23.2408946581097,1.0000000000000002,-2.8648825158259683,3.8428876354521435,5289.430805290301
279.65717345712966,23.231671129559565,1.0,-2.8641654449992586,3.8422391889109235,5297.856553391888
279.6618522828346,23.22244788553723,1.0,-2.8634482884640704,3.8415906036031515,5306.291369612827
279.66653222265097,23.21322492618549,1.0,-2.862731046194341,3.840941879526895,5314.735258888004
279.67121327737283,23.204002251647267,1.0,-2.8620137181626433,3.8402930166784017,5323.18822615229
279.6758954477942,23.194779862065424,0.9999999999999999,-2.861296304341664,3.8396440150556828,5331.650276340565
279.68057873470923,23.18555775758294,0.9999999999999999,-2.860578804705426,3.838994874655839,5340.121414387716
279.68526313891203,23.176335938342802,1.0,-2.8598612192273833,3.8383455954759143,5348.601645228618
279.68994866119664,23.16711440448803,1.0,-2.8591435478812173,3.837696177513692,5357.09097379816
279.694635302357,23.157893156161727,0.9999999999999999,-2.8584257906390462,3.8370466207657614,5365.589405031205
279.6993230631873,23.148672193507,1.0,-2.8577079474752907,3.8363969252303036,5374.0969438626435
279.7040119444813,23.13945151666702,1.0,-2.8569900183616426,3.835747090903908,5382.6135952273535
279.70870194703315,23.130231125785,1.0,-2.856272003273034,3.8350971177839597,5391.139364060214
279.71339307163674,23.12101102100419,1.0,-2.855553902181839,3.8344470058679576,5399.674255296112
279.7180853190861,23.111791202467884,1.0,-2.8548357150616823,3.8337967551530028,5408.218273869917
279.722778690175,23.102571670319442,1.0,-2.854117441885677,3.8331463656360256,5416.771424716513
279.7274731856976,23.09335242470223,1.0,-2.853399082627817,3.832495837314923,5425.333712770777
279.73216880644765,23.084133465759678,1.0,-2.852680637260619,3.8318451701867957,5433.905142967602
279.73686555321905,23.074914793635273,1.0,-2.85196210575819,3.8311943642485176,5442.48572024185
279.7415634268058,23.065696408472522,1.0,-2.8512434880933313,3.8305434194975305,5451.075449528406
279.74626242800156,23.05647831041501,0.9999999999999999,-2.850524784239667,3.8298923359309356,5459.674335762154
279.75096255760036,23.047260499606313,1.0,-2.849805994169742,3.8292411135465727,5468.282383877974
279.75566381639595,23.038042976190102,0.9999999999999999,-2.8490871178585166,3.8285897523409744,5476.89959881075
279.7603662051822,23.02882574031007,1.0000000000000002,-2.848368155278223,3.82793825231181,5485.525985495347
279.7650697247529,23.019608792109977,0.9999999999999999,-2.847649106403395,3.8272866134559536,5494.161548866657
279.7697743759018,23.01039213173359,1.0,-2.8469299712048723,3.8266348357712445,5502.806293859554
279.7744801594228,23.001175759324745,1.0,-2.846210749659406,3.8259829192542725,5511.460225408928
279.77918707610957,22.991959675027342,1.0,-2.845491441738659,3.825330863902593,5520.123348449645
279.7838951267559,22.9827438789853,0.9999999999999999,-2.8447720474158587,3.824678669713194,5528.79566791659
279.78860431215554,22.973528371342578,1.0,-2.8440525666649137,3.8240263366835734,5537.477188744648
279.7933146331022,22.964313152243218,1.0,-2.8433329994589087,3.8233738648106055,5546.167915868691
279.79802609038967,22.955098221831264,1.0,-2.8426133457720937,3.822721254091732,5554.86785422361
279.8027386848116,22.945883580250836,1.0,-2.8418936055769564,3.8220685045244522,5563.577008744271
279.8074524171617,22.936669227646092,0.9999999999999999,-2.8411737788483435,3.821415616105469,5572.2953843655605
279.81216728823364,22.92745516416125,1.0,-2.8404538655582314,3.8207625888319967,5581.022986022359
279.8168832988211,22.91824138994052,1.0,-2.8397338656797615,3.820109422701762,5589.759818649544
279.82160044971783,22.909027905128248,0.9999999999999999,-2.8390137791883205,3.8194561177112973,5598.505887182005
279.8263187417174,22.899814709868757,1.0,-2.838293606056908,3.8188026738585563,5607.261196554608
279.83103817561346,22.890601804306456,1.0,-2.8375733462581536,3.818149091139844,5616.025751702238
279.83575875219964,22.881389188585768,1.0,-2.8368529997652274,3.8174953695531713,5624.799557559776
279.8404804722696,22.872176862851173,0.9999999999999999,-2.8361325665534025,3.816841509095525,5633.582619062106
279.84520333661686,22.862964827247236,1.0,-2.8354120465943993,3.8161875097636653,5642.374941144098
279.8499273460352,22.85375308191854,1.0,-2.8346914398637466,3.8155333715552047,5651.176528740637
279.85465250131796,22.844541627009704,0.9999999999999999,-2.8339707463325112,3.814879094467017,5659.987386786601
279.85937880325895,22.83533046266541,1.0,-2.8332499659757673,3.814224678496828,5668.8075202168775
279.86410625265165,22.82611958903038,1.0,-2.8325290987677647,3.8135701236415116,5677.636933966342
279.8688348502896,22.81690900624942,0.9999999999999999,-2.8318081446801955,3.812915429897714,5686.475632969868
279.8735645969664,22.80769871446733,1.0,-2.831087103687679,3.812260597263503,5695.323622162339
279.87829549347555,22.79848871382901,0.9999999999999999,-2.8303659757640958,3.811605625735581,5704.180906478638
279.88302754061067,22.789279004479358,1.0,-2.829644760882502,3.8109505153111627,5713.04749085365
279.8877607391652,22.780069586563364,1.0,-2.8289234590162664,3.810295265987577,5721.923380222239
279.89249508993265,22.77086046022605,0.9999999999999999,-2.8282020701396675,3.80963987776164,5730.808579519296
279.8972305937066,22.761651625612497,0.9999999999999999,-2.8274805942254773,3.808984350630851,5739.703093679699
279.9019672512805,22.752443082867817,0.9999999999999999,-2.826759031248173,3.808328684592368,5748.606927638325
279.90670506344793,22.743234832137166,0.9999999999999999,-2.8260373811807824,3.8076728796433486,5757.520086330066
279.91144403100225,22.734026873565806,1.0,-2.825315643997442,3.807016935780723,5766.442574689784
279.91618415473704,22.724819207298975,1.0,-2.8245938196713496,3.8063608530019906,5775.374397652364
279.9209254354457,22.71561183348202,1.0,-2.823871908175988,3.8057046313040814,5784.315560152694
279.9256678739218,22.706404752260298,0.9999999999999999,-2.8231499094857213,3.805048270684324,5793.266067125645
279.9304114709587,22.697197963779235,1.0,-2.822427823573179,3.804391771139649,5802.225923506107
279.93515622734986,22.687991468184315,0.9999999999999999,-2.821705650413321,3.8037351326676117,5811.195134228951
279.9399021438888,22.678785265621066,0.9999999999999998,-2.8209833899792045,3.803078355264745,5820.173704229057
279.9446492213689,22.669579356235058,1.0,-2.820261042243601,3.8024214389286044,5829.1616384413055
279.94939746058355,22.660373740171906,0.9999999999999999,-2.819538607181869,3.8017643836565185,5838.158941800586
279.95414686232624,22.651168417577303,1.0,-2.818816084765416,3.801107189445588,5847.165619241765
279.9588974273904,22.64196338859699,0.9999999999999998,-2.8180934749705955,3.800449856292289,5856.181675699725
279.9636491565694,22.632758653376747,1.0,-2.817370777769156,3.799792384194518,5865.207116109349
279.96840205065666,22.623554212062373,0.9999999999999999,-2.816647993135632,3.799134773149376,5874.241945405521
279.9731561104456,22.614350064799794,1.0,-2.815925121043847,3.7984770231535663,5883.286168523118
279.9779113367296,22.605146211734947,0.9999999999999998,-2.8152021614666864,3.7978191342045307,5892.339790397013
279.98266773030207,22.59594265301379,0.9999999999999999,-2.814479114378287,3.7971611062997113,5901.402815962088
279.9874252919564,22.586739388782394,1.0,-2.813755979753722,3.7965029394357543,5910.47525015323
279.99218402248596,22.57753641918686,0.9999999999999999,-2.8130327575642298,3.7958446336098177,5919.557097905311
279.99694392268407,22.568333744373305,0.9999999999999998,-2.812309447784969,3.795186188819514,5928.648364153224
280.0017049933442,22.55913136448796,1.0,-2.8115860503896215,3.7945276050614893,5937.7490538318325
280.0064672352597,22.54992927967707,0.9999999999999999,-2.8108625653514707,3.7938688823332427,5946.859171876023
280.01123064922393,22.540727490086944,1.0,-2.810138992645193,3.7932100206314203,5955.978723220677
280.0159952360303,22.53152599586393,0.9999999999999999,-2.8094153322443844,3.7925510199538053,5965.107712800677
280.02076099647206,22.522324797154468,0.9999999999999997,-2.8086915841218456,3.7918918802972144,5974.246145550893
280.02552793134265,22.513123894105,0.9999999999999999,-2.8079677482524232,3.791232601658919,5983.394026406209
280.03029604143535,22.50392328686207,0.9999999999999999,-2.807243824608804,3.79057318403585,5992.551360301507
280.0350653275435,22.494722975572238,1.0,-2.8065198131651243,3.7899136274252783,6001.718152171671
280.0398357904606,22.485522960382145,1.0,-2.8057957138952645,3.7892539318241916,6010.894406951576
280.04460743097985,22.476323241438465,1.0,-2.805071526773304,3.788594097229975,6020.080129576098
280.0493802498946,22.46712381888794,1.0,-2.8043472517734926,3.7879341236397863,6029.275324980123
280.0541542479983,22.457924692877377,0.9999999999999999,-2.8036228888690573,3.787274011050499,6038.479998098526
280.05892942608415,22.4487258635536,0.9999999999999998,-2.8028984380327984,3.786613759459442,6047.694153866196
280.06370578494557,22.43952733106354,0.9999999999999999,-2.8021738992405005,3.785953368863659,6056.917797218003
280.0684833253759,22.43032909555414,1.0,-2.8014492724651348,3.785292839260194,6066.150933088828
280.0732620481684,22.421131157172415,0.9999999999999999,-2.800724557679189,3.7846321706466597,6075.393566413552
280.0780419541164,22.411933516065428,0.9999999999999999,-2.799999754857936,3.7839713630197025,6084.645702127059
280.0828230440133,22.402736172380312,1.0,-2.7992748639760237,3.7833104163766507,6093.9073451642325
280.0876053186524,22.39353912626425,0.9999999999999998,-2.7985498850055706,3.7826493307144915,6103.178500459934
280.092388778827,22.38434237786447,0.9999999999999998,-2.7978248179214233,3.7819881060308376,6112.459172949059
280.0971734253305,22.375145927328273,0.9999999999999999,-2.7970996626967803,3.781326742322051,6121.749367566485
280.1019592589561,22.365949774803,1.0,-2.796374419305124,3.780665239585801,6131.049089247084
280.1067462804972,22.356753920436063,1.0,-2.795649087722154,3.7800035978191318,6140.358342925756
280.1115344907471,22.347558364374912,1.0,-2.7949236679203295,3.7793418170191444,6149.677133537355
280.11632389049913,22.338363106767076,1.0,-2.7941981598732184,3.778679897183167,6159.005466016774
280.1211144805467,22.32916814776013,1.0,-2.7934725635552695,3.7780178383081875,6168.343345298892
280.125906261683,22.31997348750169,0.9999999999999999,-2.7927468789411023,3.7773556403911357,6177.690776318599
280.1306992347014,22.31077912613947,1.0,-2.792021106003233,3.776693303429454,6187.047764010755
280.13549340039526,22.3015850638212,0.9999999999999999,-2.791295244716082,3.776030827420186,6196.414313310246
280.1402887595579,22.292391300694685,0.9999999999999998,-2.7905692950545244,3.775368212360604,6205.790429151956
280.1450853129826,22.283197836907796,0.9999999999999998,-2.789843256990679,3.7747054582475243,6215.1761164707705
280.14988306146273,22.274004672608424,0.9999999999999999,-2.789117130500159,3.7740425650785028,6224.571380201561
280.1546820057916,22.26481180794459,0.9999999999999998,-2.7883909155553965,3.7733795328502424,6233.976225279209
280.1594821467625,22.2556192430643,1.0,-2.7876646121309534,3.7727163615601285,6243.390656638588
280.1642834851689,22.246426978115643,0.9999999999999999,-2.786938220201165,3.7720530512054893,6252.814679214587
280.169086021804,22.237235013246796,1.0,-2.786211739739457,3.7713896017831985,6262.248297942086
280.1738897574611,22.22804334860594,0.9999999999999998,-2.7854851707188857,3.7707260132906413,6271.691517755964
280.17869469293373,22.218851984341374,0.9999999999999999,-2.784758513115264,3.770062285724407,6281.144343591095
280.1835008290151,22.209660920601408,0.9999999999999999,-2.78403176690162,3.769398419082165,6290.606780382364
280.1883081664985,22.20047015753443,1.0,-2.7833049320511805,3.768734413361301,6300.078833064649
280.1931167061774,22.19127969528889,1.0,-2.782578008540014,3.7680702685580627,6309.560506572835
280.19792644884507,22.182089534013286,1.0,-2.7818509963393865,3.767405984670688,6319.051805841791
280.2027373952949,22.1728996738562,0.9999999999999998,-2.7811238954242867,3.7667415616955395,6328.552735806403
280.20754954632025,22.163710114966243,0.9999999999999999,-2.780396705769931,3.766076999630002,6338.063301401552
280.21236290271446,22.15452085749211,0.9999999999999998,-2.779669427348921,3.7654122984713467,6347.583507562117
280.2171774652709,22.14533190158253,1.0,-2.7789420601353356,3.7647474582164477,6357.113359222981
280.2219932347828,22.136143247386325,0.9999999999999998,-2.7782146041030273,3.764082478862747,6366.652861319018
280.2268102120438,22.126954895052357,0.9999999999999999,-2.777487059226729,3.7634173604072316,6376.20201878511
280.2316283978471,22.117766844729555,1.0,-2.776759425480094,3.7627521028471165,6385.760836556137
280.23644779298604,22.108579096566885,0.9999999999999999,-2.776031702836491,3.762086706179673,6395.329319566983
280.24126839825414,22.099391650713407,1.0,-2.7753038912707098,3.761421170402002,6404.907472752519
280.24609021444473,22.09020450731825,0.9999999999999999,-2.7745759907572847,3.760755495511205,6414.49530104763
