galstreams/tracks/track.st.M5.ibata2024.ecsv
# %ECSV 1.0
# ---
# datatype:
# - {name: ra, unit: deg, datatype: float64}
# - {name: dec, unit: deg, datatype: float64}
# - {name: distance, unit: kpc, datatype: float64}
# - {name: pm_ra_cosdec, unit: mas / yr, datatype: float64}
# - {name: pm_dec, unit: mas / yr, datatype: float64}
# - {name: radial_velocity, unit: km / s, datatype: float64}
# delimiter: ','
# meta: !!omap
# - __serialized_columns__:
#     dec:
#       __class__: astropy.coordinates.angles.Latitude
#       unit: &id001 !astropy.units.Unit {unit: deg}
#       value: !astropy.table.SerializedColumn {name: dec}
#     distance:
#       __class__: astropy.coordinates.distances.Distance
#       unit: !astropy.units.Unit {unit: kpc}
#       value: !astropy.table.SerializedColumn {name: distance}
#     pm_dec:
#       __class__: astropy.units.quantity.Quantity
#       unit: !astropy.units.Unit {unit: mas / yr}
#       value: !astropy.table.SerializedColumn {name: pm_dec}
#     pm_ra_cosdec:
#       __class__: astropy.units.quantity.Quantity
#       unit: !astropy.units.Unit {unit: mas / yr}
#       value: !astropy.table.SerializedColumn {name: pm_ra_cosdec}
#     ra:
#       __class__: astropy.coordinates.angles.Longitude
#       unit: *id001
#       value: !astropy.table.SerializedColumn {name: ra}
#       wrap_angle: !astropy.coordinates.Angle
#         unit: *id001
#         value: 360.0
#     radial_velocity:
#       __class__: astropy.units.quantity.Quantity
#       unit: !astropy.units.Unit {unit: km / s}
#       value: !astropy.table.SerializedColumn {name: radial_velocity}
# schema: astropy-2.0
ra,dec,distance,pm_ra_cosdec,pm_dec,radial_velocity
[from data line 2194]
210.3793758058396,12.10489914719814,1.0,3.5045976086673076,-8.885517462776816,-29.81837492275119
210.38867686585087,12.100729827546006,1.0,3.504937973574825,-8.88604332440364,-29.78488020800656
210.3979775461486,12.09656000293504,1.0000000000000002,3.505278432269487,-8.886569429046695,-29.751341394698926
210.40727784674837,12.092389673365686,1.0000000000000002,3.5056189847224952,-8.887095777383346,-29.717758432308003
210.4165777676659,12.088218838838378,0.9999999999999999,3.505959630904989,-8.887622370090956,-29.68413127031345
210.42587730891685,12.084047499353545,1.0,3.506300370788016,-8.888149207846881,-29.650459858194985
210.43517647051692,12.079875654911623,1.0,3.50664120434255,-8.888676291328476,-29.616744145432275
210.44447525248188,12.075703305513034,1.0,3.506982131539483,-8.889203621213085,-29.582984081505035
210.45377365482742,12.071530451158212,1.0,3.5073231523496324,-8.889731198178048,-29.549179615892932
210.46307167756936,12.067357091847576,1.0,3.50766426674373,-8.890259022900707,-29.515330698075683
210.47236932072346,12.063183227581545,1.0,3.508005474692431,-8.890787096058387,-29.481437277532958
210.48166658430554,12.059008858360546,1.0,3.508346776166315,-8.891315418328416,-29.447499303744458
210.49096346833142,12.054833984184983,1.0,3.508688171135875,-8.891843990388116,-29.41351672618986
210.50025997281693,12.050658605055277,1.0,3.5090296595715356,-8.892372812914799,-29.379489494348892
210.509556097778,12.046482720971834,1.0,3.509371241443633,-8.892901886585785,-29.345417557701197
210.5188518432305,12.042306331935063,1.0,3.5097129167224272,-8.893431212078365,-29.311300865726494
210.52814720919028,12.038129437945368,1.0,3.5100546853781043,-8.893960790069848,-29.27713936790447
210.53744219567338,12.033952039003156,1.0,3.5103965473807657,-8.894490621237528,-29.242933013714808
210.54673680269565,12.029774135108822,1.0,3.5107385027004403,-8.895020706258695,-29.208681752637222
210.55603103027312,12.025595726262766,1.0,3.5110805513070704,-8.895551045810626,-29.174385534151373
210.5653248784218,12.02141681246538,1.0,3.5114226931705304,-8.896081640570607,-29.14004430773696
210.57461834715764,12.01723739371706,1.0,3.5117649282606074,-8.896612491215912,-29.10565802287369
210.58391143649675,12.013057470018191,1.0000000000000002,3.5121072565470173,-8.89714359842381,-29.071226629041227
210.59320414645512,12.008877041369166,1.0000000000000002,3.512449677999393,-8.897674962871557,-29.03675007571931
210.60249647704887,12.004696107770362,1.0000000000000002,3.5127921925872885,-8.89820658523642,-29.002228312387565
210.6117884282941,12.000514669222165,1.0000000000000002,3.5131348002801888,-8.898738466195644,-28.96766128852573
210.62108000020692,11.99633272572495,1.0000000000000004,3.5134775010474915,-8.899270606426484,-28.933048953613486
210.63037119280344,11.99215027727909,1.0000000000000004,3.5138202948585193,-8.89980300660618,-28.89839125713051
210.63966200609983,11.98796732388497,1.0000000000000002,3.514163181682522,-8.90033566741197,-28.86368814855651
210.6489524401123,11.98378386554295,1.0000000000000002,3.5145061614886655,-8.900868589521085,-28.828939577371155
210.65824249485703,11.979599902253398,1.0000000000000002,3.514849234246041,-8.901401773610749,-28.79414549305416
210.66753217035023,11.975415434016687,1.0000000000000002,3.5151923999236634,-8.901935220358187,-28.759305845085212
210.67682146660815,11.971230460833171,1.0000000000000002,3.515535658490467,-8.902468930440616,-28.72442058294399
210.68611038364708,11.96704498270321,1.0000000000000002,3.515879009915314,-8.903002904535244,-28.689489656110183
210.69539892148322,11.962858999627167,1.0000000000000002,3.516222454166984,-8.903537143319276,-28.654513014063525
210.70468708013297,11.95867251160539,1.0000000000000002,3.5165659912141845,-8.90407164746992,-28.619490606283644
210.7139748596126,11.954485518638233,1.0000000000000002,3.5169096210255453,-8.904606417664361,-28.58442238225027
210.72326225993842,11.95029802072604,1.0000000000000002,3.517253343569611,-8.905141454579798,-28.549308291443076
210.73254928112692,11.946110017869161,1.0000000000000002,3.5175971588148656,-8.905676758893412,-28.51414828334175
210.74183592319434,11.941921510067939,1.0000000000000004,3.5179410667297004,-8.90621233128238,-28.478942307426014
210.75112218615718,11.937732497322711,1.0000000000000002,3.518285067282443,-8.906748172423882,-28.443690313175527
210.76040807003181,11.933542979633815,1.0000000000000004,3.518629160441334,-8.907284282995082,-28.40839225006999
210.76969357483472,11.929352957001585,1.0000000000000002,3.5189733461745445,-8.907820663673146,-28.373048067589096
210.77897870058234,11.925162429426354,1.0000000000000002,3.519317624450165,-8.908357315135238,-28.337657715212547
210.7882634472912,11.920971396908447,1.0000000000000002,3.5196619952362145,-8.908894238058497,-28.302221142420024
210.79754781497778,11.916779859448196,1.0000000000000004,3.520006458500632,-8.909431433120083,-28.266738298691205
210.8068318036586,11.912587817045916,1.0000000000000004,3.5203510142112813,-8.909968900997137,-28.23120913350579
210.81611541335022,11.90839526970193,1.0000000000000004,3.5206956623359504,-8.910506642366794,-28.195633596343477
210.82539864406922,11.904202217416556,1.0000000000000004,3.5210404028423534,-8.911044657906189,-28.160011636683944
210.8346814958322,11.900008660190112,1.0000000000000002,3.5213852356981254,-8.911582948292445,-28.124343204006898
210.84396396865571,11.8958145980229,1.0000000000000002,3.521730160870829,-8.912121514202687,-28.08862824779202
210.85324606255648,11.891620030915236,1.0000000000000004,3.5220751783279485,-8.912660356314028,-28.052866717519002
210.86252777755107,11.88742495886742,1.0000000000000004,3.5224202880368924,-8.913199475303582,-28.017058562667533
210.87180911365618,11.883229381879758,1.0000000000000004,3.5227654899649976,-8.913738871848459,-27.9812037327173
210.88109007088852,11.879033299952553,1.0000000000000002,3.5231107840795195,-8.914278546625752,-27.945302177148033
210.8903706492648,11.874836713086092,1.0000000000000002,3.523456170347648,-8.91481850031256,-27.909353845439366
210.89965084880177,11.870639621280674,1.0000000000000002,3.523801648736484,-8.915358733585968,-27.87335868707101
210.90893066951617,11.866442024536589,1.0000000000000002,3.5241472192130656,-8.915899247123068,-27.83731665152266
210.91821011142474,11.862243922854127,1.0000000000000002,3.524492881744351,-8.916440041600936,-27.801227688274018
210.9274891745443,11.85804531623357,1.0000000000000002,3.524838636297222,-8.916981117696647,-27.765091746804774
210.9367678588917,11.853846204675198,1.0000000000000002,3.5251844828384904,-8.917522476087271,-27.72890877659458
210.94604616448373,11.849646588179292,1.0000000000000002,3.5255304213348846,-8.918064117449866,-27.692678727123184
210.95532409133725,11.84544646674613,1.0000000000000002,3.525876451753069,-8.918606042461494,-27.656401547870235
210.96460163946918,11.84124584037598,1.0000000000000004,3.5262225740596262,-8.91914825179921,-27.620077188315445
210.9738788088964,11.837044709069115,1.0000000000000002,3.526568788221068,-8.919690746140061,-27.583705597938504
210.98315559963578,11.8328430728258,1.0000000000000002,3.5269150942038268,-8.920233526161091,-27.54728672621909
210.99243201170435,11.8286409316463,1.0000000000000004,3.5272614919742677,-8.92077659253933,-27.510820522636905
211.00170804511902,11.824438285530876,1.0000000000000002,3.5276079814986776,-8.921319945951815,-27.474306936671628
211.01098369989674,11.820235134479782,1.0000000000000002,3.527954562743266,-8.921863587075576,-27.437745917802964
211.02025897605458,11.816031478493272,1.0000000000000004,3.528301235674177,-8.922407516587624,-27.401137415510583
211.0295338736095,11.811827317571606,1.0000000000000002,3.52864800025747,-8.922951735164988,-27.364481379274206
211.03880839257857,11.80762265171502,1.0000000000000004,3.5289948564591405,-8.923496243484665,-27.327777758573507
211.04808253297887,11.803417480923766,1.0,3.5293418042451035,-8.924041042223674,-27.291026502888183
211.05735629482746,11.799211805198086,1.0000000000000002,3.5296888435812024,-8.924586132059002,-27.254227561697913
211.06662967814142,11.79500562453822,1.0000000000000002,3.5300359744332095,-8.925131513667651,-27.217380884482402
211.0759026829379,11.790798938944398,1.0000000000000004,3.530383196766818,-8.925677187726608,-27.180486420721348
211.0851753092341,11.786591748416862,1.0000000000000002,3.5307305105476545,-8.926223154912861,-27.143544119894415
211.09444755704712,11.782384052955832,1.0000000000000002,3.531077915741265,-8.926769415903385,-27.1065539314813
211.10371942639415,11.778175852561537,1.0000000000000004,3.531425412313128,-8.927315971375156,-27.069515804961707
211.1129909172924,11.77396714723421,1.0000000000000004,3.5317730002286485,-8.92786282200514,-27.032429689815327
211.1222620297591,11.769757936974056,1.0000000000000002,3.532120679453151,-8.928409968470302,-26.99529553552185
211.1315327638115,11.7655482217813,1.0000000000000002,3.5324684499518955,-8.928957411447596,-26.95811329156094
211.14080311946688,11.761338001656153,1.0000000000000004,3.5328163116900644,-8.929505151613977,-26.920882907412327
211.15007309674252,11.757127276598828,1.0000000000000002,3.5331642646327728,-8.930053189646394,-26.88360433255569
211.1593426956557,11.752916046609533,1.0000000000000002,3.5335123087450517,-8.930601526221782,-26.846277516470717
211.16861191622382,11.748704311688474,1.0000000000000002,3.5338604439918755,-8.931150162017085,-26.80890240863709
211.1778807584642,11.744492071835841,1.0000000000000002,3.5342086703381304,-8.931699097709227,-26.771478958534512
211.18714922239417,11.740279327051844,1.0000000000000002,3.5345569877486387,-8.932248333975139,-26.734007115642658
211.19641730803116,11.736066077336671,1.0000000000000004,3.53490539618815,-8.932797871491736,-26.696486829441245
211.20568501539256,11.731852322690518,1.0000000000000002,3.535253895621338,-8.93334771093594,-26.658918049409934
211.21495234449583,11.72763806311357,1.0000000000000002,3.5356024860128077,-8.933897852984655,-26.621300725028433
211.2242192953584,11.723423298606011,1.0000000000000002,3.5359511673270876,-8.934448298314788,-26.583634805776462
211.23348586799776,11.719208029168021,1.0000000000000002,3.536299939528638,-8.934999047603236,-26.54592024113365
211.2427520624314,11.714992254799784,1.0000000000000002,3.536648802581847,-8.935550101526896,-26.50815698057972
211.25201787867684,11.710775975501468,1.0000000000000002,3.5369977564510315,-8.936101460762654,-26.47034497359436
211.26128331675156,11.706559191273255,1.0000000000000002,3.5373468011004277,-8.93665312598739,-26.432484169657293
211.27054837667322,11.702341902115302,1.0000000000000002,3.5376959364942158,-8.937205097877987,-26.394574518248156
211.2798130584593,11.69812410802778,1.0000000000000004,3.538045162596488,-8.937757377111314,-26.356615968846683
211.28907736212744,11.693905809010845,1.0000000000000004,3.5383944793712776,-8.938309964364242,-26.318608470932517
211.29834128769528,11.689687005064666,1.0000000000000002,3.538743886782542,-8.938862860313632,-26.280551973985396
211.30760483518043,11.685467696189395,1.0000000000000002,3.539093384794164,-8.939416065636335,-26.242446427484982
211.31686800460054,11.681247882385176,1.0000000000000002,3.5394429733699586,-8.939969581009207,-26.204291780910978
211.32613079597328,11.677027563652164,1.0000000000000002,3.5397926524736647,-8.94052340710909,-26.166087983743083
211.3353932093164,11.672806739990506,1.0000000000000002,3.54014242206896,-8.941077544612828,-26.127834985460986
211.34465524464758,11.668585411400334,1.0000000000000002,3.5404922821194384,-8.941631994197255,-26.089532735544356
211.35391690198458,11.664363577881796,1.0000000000000002,3.5408422325886386,-8.9421867565392,-26.051181183472906
211.36317818134512,11.66014123943502,1.0000000000000002,3.5411922734400125,-8.94274183231549,-26.012780278726325
211.37243908274704,11.655918396060146,1.0000000000000002,3.5415424046369486,-8.94329722220294,-25.97432997078429
211.38169960620812,11.651695047757297,1.0000000000000002,3.541892626142765,-8.943852926878366,-25.935830209126504
211.39095975174615,11.647471194526597,1.0000000000000004,3.5422429379207094,-8.944408947018571,-25.897280943232644
211.40021951937905,11.64324683636817,1.0000000000000002,3.542593339933956,-8.944965283300371,-25.85868212258242
211.40947890912457,11.63902197328213,1.0000000000000004,3.542943832145609,-8.945521936400551,-25.820033696655504
211.4187379210007,11.634796605268598,1.0000000000000002,3.543294414518707,-8.946078906995911,-25.781335614931614
211.42799655502532,11.630570732327678,1.0000000000000002,3.5436450870162117,-8.946636195763235,-25.74258782689043
211.43725481121632,11.626344354459482,1.0000000000000004,3.5439958496010178,-8.9471938033793,-25.70379028201162
211.44651268959166,11.622117471664112,1.0000000000000002,3.544346702235953,-8.94775173052089,-25.664942929774888
211.4557701901693,11.617890083941672,1.0000000000000002,3.544697644883767,-8.948309977864774,-25.626045719659963
211.46502731296727,11.613662191292255,1.0000000000000002,3.545048677507149,-8.948868546087715,-25.58709860114647
211.47428405800352,11.609433793715956,1.0000000000000002,3.545399800068707,-8.949427435866474,-25.548101523714145
211.48354042529613,11.60520489121287,1.0000000000000002,3.5457510125309915,-8.949986647877807,-25.50905443684266
211.4927964148631,11.600975483783076,1.0000000000000002,3.5461023148564776,-8.950546182798465,-25.469957290011713
211.50205202672254,11.596745571426663,1.0,3.5464537070075677,-8.951106041305188,-25.430810032701
211.51130726089252,11.59251515414371,1.0000000000000002,3.546805188946596,-8.951666224074717,-25.391612614390194
211.52056211739114,11.588284231934288,1.0000000000000002,3.5471567606358345,-8.952226731783787,-25.352364984559014
211.52981659623657,11.584052804798477,1.0000000000000002,3.547508422037475,-8.952787565109125,-25.31306709268712
211.53907069744693,11.579820872736343,1.0000000000000002,3.5478601731136497,-8.953348724727451,-25.273718888254226
211.54832442104038,11.575588435747951,1.0000000000000004,3.548212013826414,-8.95391021131549,-25.23432032074003
211.55757776703516,11.571355493833364,1.0000000000000004,3.548563944137758,-8.954472025549945,-25.194871339624193
211.5668307354494,11.56712204699264,1.0000000000000002,3.548915964009601,-8.955034168107534,-25.15537189438642
211.57608332630141,11.562888095225835,1.0000000000000002,3.5492680734037982,-8.955596639664945,-25.11582193450641
211.58533553960945,11.558653638532995,1.0000000000000002,3.5496202722821284,-8.956159440898885,-25.076221409463827
211.5945873753917,11.554418676914176,1.0000000000000002,3.549972560606308,-8.956722572486038,-25.036570268738405
211.60383883366657,11.55018321036942,1.0000000000000002,3.5503249383379814,-8.957286035103092,-24.996868461809797
211.6130899144523,11.545947238898762,1.0000000000000002,3.5506774054387233,-8.957849829426728,-24.95711593815772
211.6223406177673,11.541710762502246,1.0000000000000002,3.5510299618700456,-8.958413956133617,-24.91731264726183
211.63159094362982,11.537473781179902,1.0000000000000002,3.551382607593384,-8.958978415900434,-24.87745853860187
211.6408408920583,11.53323629493176,1.0000000000000002,3.5517353425701126,-8.95954320940384,-24.837553561657508
211.65009046307114,11.528998303757845,1.0000000000000004,3.552088166761534,-8.96010833732049,-24.797597665908413
211.65933965668677,11.524759807658183,1.0000000000000002,3.552441080128882,-8.960673800327044,-24.757590800834297
211.66858847292357,11.520520806632785,1.0000000000000004,3.5527940826333237,-8.961239599100146,-24.717532915914838
211.67783691180006,11.51628130068167,1.0000000000000004,3.5531471742359573,-8.961805734316439,-24.677423960629742
211.6870849733347,11.512041289804857,1.0000000000000002,3.5535003548978175,-8.962372206652562,-24.637263884458676
211.69633265754598,11.507800774002344,1.0000000000000002,3.553853624579862,-8.962939016785144,-24.59705263688137
