galstreams/tracks/track.st.Gaia-10.ibata2024.ecsv
# %ECSV 1.0
# ---
# datatype:
# - {name: ra, unit: deg, datatype: float64}
# - {name: dec, unit: deg, datatype: float64}
# - {name: distance, unit: kpc, datatype: float64}
# - {name: pm_ra_cosdec, unit: mas / yr, datatype: float64}
# - {name: pm_dec, unit: mas / yr, datatype: float64}
# - {name: radial_velocity, unit: km / s, datatype: float64}
# delimiter: ','
# meta: !!omap
# - __serialized_columns__:
#     dec:
#       __class__: astropy.coordinates.angles.Latitude
#       unit: &id001 !astropy.units.Unit {unit: deg}
#       value: !astropy.table.SerializedColumn {name: dec}
#     distance:
#       __class__: astropy.coordinates.distances.Distance
#       unit: !astropy.units.Unit {unit: kpc}
#       value: !astropy.table.SerializedColumn {name: distance}
#     pm_dec:
#       __class__: astropy.units.quantity.Quantity
#       unit: !astropy.units.Unit {unit: mas / yr}
#       value: !astropy.table.SerializedColumn {name: pm_dec}
#     pm_ra_cosdec:
#       __class__: astropy.units.quantity.Quantity
#       unit: !astropy.units.Unit {unit: mas / yr}
#       value: !astropy.table.SerializedColumn {name: pm_ra_cosdec}
#     ra:
#       __class__: astropy.coordinates.angles.Longitude
#       unit: *id001
#       value: !astropy.table.SerializedColumn {name: ra}
#       wrap_angle: !astropy.coordinates.Angle
#         unit: *id001
#         value: 360.0
#     radial_velocity:
#       __class__: astropy.units.quantity.Quantity
#       unit: !astropy.units.Unit {unit: km / s}
#       value: !astropy.table.SerializedColumn {name: radial_velocity}
# schema: astropy-2.0
ra,dec,distance,pm_ra_cosdec,pm_dec,radial_velocity
[from data line 1295]
159.45322035509938,15.254056982320803,1.0,-3.8322475259498034,-3.095858668543743,297.9527341640573
159.46354538542266,15.253314088882782,0.9999999999999999,-3.833686134281624,-3.0961937740797207,297.9398912425781
159.4738703682582,15.252571016975883,0.9999999999999999,-3.8351247980138297,-3.0965288402018896,297.9269953581242
159.484195303531,15.251827765753179,0.9999999999999998,-3.836563517485331,-3.096863866566819,297.9140464088464
159.49452019116592,15.25108433436772,0.9999999999999999,-3.838002293034844,-3.0971988528309726,297.90104429289545
159.5048450310876,15.250340721972625,0.9999999999999998,-3.8394411250011125,-3.0975337986507974,297.8879889084221
159.51516982322053,15.249596927721019,0.9999999999999999,-3.840880013722714,-3.097868703682675,297.874880153577
159.52549456748903,15.248852950766072,0.9999999999999998,-3.842318959538222,-3.0982035675829636,297.8617179265109
159.5358192638173,15.248108790260948,0.9999999999999999,-3.843757962786114,-3.0985383900079047,297.8485021253746
159.54614391212934,15.24736444535888,0.9999999999999999,-3.845197023804836,-3.0988731706137624,297.83523264831865
159.55646851234894,15.246619915213097,0.9999999999999999,-3.8466361429326668,-3.0992079090567,297.8219093934939
159.56679306439983,15.245875198976861,0.9999999999999999,-3.8480753205079345,-3.0995426049928305,297.80853225905105
159.57711756820547,15.24513029580348,0.9999999999999998,-3.8495145568687903,-3.099877258078262,297.79510114314076
159.58744202368922,15.244385204846262,0.9999999999999998,-3.8509538523533635,-3.1002118679689783,297.7816159439138
159.59776643077427,15.243639925258565,0.9999999999999998,-3.8523932072997518,-3.1005464343209805,297.76807655952086
159.60809078938357,15.242894456193751,0.9999999999999999,-3.8538326220458643,-3.1008809567901423,297.7544828881128
159.61841509944003,15.242148796805237,1.0,-3.855272096929685,-3.1012154350323673,297.74083482784005
159.62873936086632,15.241402946246447,0.9999999999999998,-3.8567116322890342,-3.101549868703456,297.7271322768536
159.6390635735849,15.240656903670839,0.9999999999999999,-3.858151228461626,-3.1018842574591634,297.713375133304
159.64938773751817,15.239910668231897,1.0,-3.8595908857852343,-3.102218600955199,297.6995632953421
159.65971185258832,15.239164239083138,0.9999999999999999,-3.861030604597442,-3.1025528988472253,297.6856966611184
159.67003591871733,15.238417615378097,0.9999999999999997,-3.8624703852358095,-3.1028871507908526,297.671775128784
159.68035993582706,15.237670796270335,1.0,-3.863910228037817,-3.1032213564416136,297.6577985964893
159.69068390383921,15.236923780913457,0.9999999999999998,-3.865350133340879,-3.1035555154550263,297.643766962385
159.70100782267534,15.23617656846108,1.0,-3.8667901014823585,-3.1038896274865273,297.62968012462204
159.71133169225672,15.235429158066848,0.9999999999999999,-3.868230132799468,-3.104223692191516,297.615537981351
159.7216555125046,15.23468154888445,0.9999999999999998,-3.8696702276294346,-3.1045577092253556,297.6013404307226
159.73197928334002,15.233933740067574,0.9999999999999999,-3.8711103863094145,-3.104891678243309,297.58708737088756
159.74230300468383,15.23318573076996,0.9999999999999998,-3.8725506091764466,-3.105225598900631,297.5727786999967
159.7526266764567,15.232437520145371,0.9999999999999998,-3.8739908965674594,-3.1055594708525263,297.5584143162006
159.76295029857923,15.231689107347584,0.9999999999999999,-3.875431248819421,-3.1058932937541037,297.54399411765
159.7732738709717,15.230940491530426,0.9999999999999999,-3.8768716662691602,-3.106227067260482,297.5295180024959
159.7835973935544,15.230191671847724,0.9999999999999998,-3.878312149253457,-3.1065607910266664,297.51498586888863
159.79392086624733,15.229442647453348,0.9999999999999996,-3.8797526981089767,-3.106894464707649,297.5003976149789
159.80424428897038,15.228693417501205,0.9999999999999999,-3.881193313172389,-3.107228087958365,297.48575313891774
159.81456766164322,15.227943981145208,0.9999999999999997,-3.8826339947801927,-3.1075616604336975,297.47105233885577
159.82489098418546,15.22719433753932,0.9999999999999998,-3.884074743268915,-3.1078951817884626,297.45629511294356
159.83521425651642,15.226444485837511,1.0,-3.8855155589749586,-3.1082286516774484,297.441481359332
159.84553747855537,15.225694425193797,0.9999999999999999,-3.8869564422346805,-3.1085620697553686,297.42661097617173
159.85586065022133,15.224944154762195,0.9999999999999999,-3.8883973933842917,-3.108895435676896,297.4116838616135
159.8661837714332,15.224193673696789,0.9999999999999999,-3.8898384127600707,-3.1092287490966566,297.3966999138079
159.8765068421097,15.223442981151656,0.9999999999999999,-3.891279500698076,-3.1095620096692222,297.3816590309058
159.88682986216938,15.222692076280921,0.9999999999999999,-3.8927206575344044,-3.1098952170491216,297.3665611110579
159.89715283153063,15.221940958238717,0.9999999999999999,-3.8941618836050154,-3.1102283708907876,297.3514060524148
159.90747575011173,15.22118962617923,0.9999999999999999,-3.895603179245839,-3.1105614708486655,297.3361937531274
159.91779861783067,15.220438079256652,1.0,-3.897044544792692,-3.1108945165771082,297.32092411134624
159.92812143460546,15.219686316625218,0.9999999999999998,-3.898485980581402,-3.111227507730426,297.30559702522226
159.93844420035373,15.218934337439181,0.9999999999999998,-3.8999274869476217,-3.1115604439628903,297.2902123929059
159.9487669149931,15.218182140852827,0.9999999999999999,-3.901369064226973,-3.1118933249286904,297.27477011254814
159.95908957844097,15.217429726020471,0.9999999999999999,-3.902810712755034,-3.1122261502820123,297.2592700822995
159.96941219061458,15.216677092096445,0.9999999999999997,-3.904252432867249,-3.1125589196769496,297.24371220031077
159.97973475143104,15.215924238235116,0.9999999999999998,-3.9056942248991042,-3.112891632767546,297.2280963647328
159.99005726080725,15.215171163590888,1.0,-3.9071360891858973,-3.113224289207823,297.2124224737162
160.00037971865996,15.214417867318181,1.0,-3.908578026062898,-3.113556888651722,297.19669042541153
160.01070212490578,15.213664348571445,0.9999999999999999,-3.9100200358653225,-3.113889430753158,297.1809001179698
160.0210244794611,15.21291060650516,0.9999999999999999,-3.911462118928277,-3.114221915165965,297.1650514495414
160.0313467822422,15.212156640273834,0.9999999999999999,-3.9129042755868397,-3.114554341543961,297.1491443182774
160.04166903316514,15.211402449032002,0.9999999999999999,-3.914346506175985,-3.114886709540878,297.1331786223284
160.05199123214595,15.210648031934227,0.9999999999999999,-3.9157888110306445,-3.1152190188104214,297.117154259845
160.0623133791003,15.209893388135097,0.9999999999999997,-3.917231190485637,-3.1155512690062306,297.101071128978
160.07263547394385,15.209138516789228,1.0,-3.918673644875767,-3.115883459781905,297.0849291278782
160.08295751659202,15.20838341705128,0.9999999999999999,-3.920116174535689,-3.11621559079099,297.06872815469603
160.0932795069601,15.207628088075912,1.0,-3.9215587798000904,-3.116547661686967,297.05246810758257
160.1036014449632,15.20687252901784,1.0,-3.923001461003487,-3.116879672123293,297.03614888468826
160.11392333051626,15.20611673903179,0.9999999999999999,-3.924444218480371,-3.1172116217533503,297.0197703841641
160.12424516353408,15.205360717272523,0.9999999999999998,-3.925887052565187,-3.117543510230478,297.0033325041604
160.13456694393128,15.204604462894823,0.9999999999999998,-3.92732996359225,-3.117875337207966,296.98683514282834
160.14488867162234,15.203847975053506,0.9999999999999998,-3.928772951895862,-3.1182071023390545,296.9702781983184
160.1552103465215,15.20309125290342,0.9999999999999999,-3.9302160178101673,-3.1185388052769216,296.9536615687813
160.16553196854298,15.202334295599437,0.9999999999999999,-3.9316591616693692,-3.1188704456747214,296.93698515236775
160.17585353760066,15.201577102296445,0.9999999999999998,-3.933102383807494,-3.1192020231855135,296.9202488472287
160.1861750536084,15.200819672149384,0.9999999999999998,-3.9345456845585325,-3.1195335374623454,296.90345255151453
160.19649651647984,15.200062004313207,0.9999999999999999,-3.9359890642564146,-3.1198649881582075,296.8865961633761
160.20681792612842,15.199304097942893,0.9999999999999998,-3.937432523234964,-3.1201963749260067,296.8696795809639
160.2171392824675,15.198545952193465,0.9999999999999997,-3.9388760618279726,-3.120527697418648,296.85270270242927
160.22746058541023,15.19778756621995,0.9999999999999998,-3.940319680369136,-3.120858955288954,296.83566542592234
160.2377818348696,15.197028939177436,0.9999999999999998,-3.9417633791921034,-3.1211901481897044,296.8185676495942
160.2481030307584,15.196270070221004,0.9999999999999999,-3.9432071586304254,-3.121521275773633,296.80140927159516
160.25842417298932,15.195510958505778,0.9999999999999999,-3.944651019017588,-3.121852337693401,296.78419019007623
160.26874526147483,15.19475160318693,0.9999999999999999,-3.946094960687006,-3.1221833336016562,296.7669103031881
160.2790662961273,15.193992003419623,1.0,-3.9475389839720414,-3.1225142631509666,296.74956950908165
160.2893872768589,15.193232158359079,0.9999999999999998,-3.9489830892059565,-3.122845125993855,296.7321677059071
160.29970820358162,15.192472067160535,0.9999999999999997,-3.9504272767219923,-3.12317592178281,296.7147047918157
160.31002907620731,15.191711728979254,0.9999999999999999,-3.951871546853237,-3.12350665017024,296.69718066495795
160.3203498946477,15.190951142970533,0.9999999999999998,-3.953315899932786,-3.123837310808524,296.67959522348457
160.33067065881428,15.190190308289699,0.9999999999999998,-3.954760336293635,-3.1241679033499903,296.6619483655461
160.34099136861838,15.189429224092105,0.9999999999999999,-3.9562048562686734,-3.124498427446918,296.6442399892936
160.35131202397122,15.188667889533127,0.9999999999999999,-3.9576494601907832,-3.124828882751512,296.6264699928777
160.36163262478382,15.187906303768177,0.9999999999999998,-3.959094148392712,-3.1251592689159633,296.60863827444894
160.3719531709671,15.187144465952693,1.0,-3.9605389212072097,-3.1254895855923746,296.59074473215816
160.38227366243171,15.186382375242138,0.9999999999999998,-3.9619837789669035,-3.1258198324328266,296.57278926415603
160.3925940990882,15.18562003079201,0.9999999999999998,-3.96342872200432,-3.1261500090893417,296.55477176859335
160.40291448084696,15.184857431757838,0.9999999999999999,-3.9648737506519787,-3.1264801152138997,296.53669214362077
160.41323480761824,15.184094577295161,0.9999999999999998,-3.9663188652423322,-3.1268101504583914,296.5185502873891
160.42355507931202,15.18333146655957,0.9999999999999999,-3.9677640661076694,-3.127140114474715,296.5003460980488
160.43387529583828,15.182568098706662,0.9999999999999999,-3.9692093535803323,-3.1274700069146775,296.48207947375096
160.4441954571067,15.181804472892086,1.0,-3.9706547279925317,-3.1277998274300405,296.4637503126461
160.45451556302686,15.181040588271504,0.9999999999999999,-3.972100189676347,-3.1281295756725402,296.44535851288487
160.46483561350817,15.18027644400061,0.9999999999999999,-3.973545738963889,-3.1284592512938314,296.42690397261816
160.47515560845986,15.179512039235126,0.9999999999999998,-3.9749913761871554,-3.1287888539455366,296.4083865899966
160.48547554779103,15.178747373130804,1.0,-3.976437101678073,-3.12911838327922,296.3898062631709
160.49579543141056,15.177982444843424,0.9999999999999998,-3.9778829157684683,-3.1294478389463993,296.3711628902918
160.50611525922722,15.177217253528806,0.9999999999999998,-3.9793288187901474,-3.129777220598557,296.35245636951
160.51643503114963,15.176451798342772,1.0,-3.980774811074834,-3.1301065278870848,296.3336865989763
160.52675474708622,15.175686078441197,0.9999999999999998,-3.982220892954171,-3.130435760463369,296.31485347684134
160.53707440694524,15.174920092979976,0.9999999999999999,-3.9836670647597003,-3.1307649179787216,296.29595690125586
160.54739401063475,15.17415384111502,0.9999999999999999,-3.9851133268229084,-3.1310940000843885,296.2769967703704
160.55771355806277,15.173387322002304,0.9999999999999998,-3.986559679475281,-3.131423006431623,296.257972982336
160.56803304913709,15.172620534797794,0.9999999999999999,-3.9880061230481516,-3.1317519366715594,296.23888543530325
160.57835248376526,15.171853478657503,0.9999999999999999,-3.9894526578728,-3.1320807904553405,296.21973402742276
160.58867186185475,15.17108615273747,0.9999999999999998,-3.9908992842804274,-3.13240956743401,296.2005186568454
160.5989911833129,15.170318556193768,0.9999999999999999,-3.9923460026022326,-3.132738267258592,296.1812392217218
160.60931044804684,15.169550688182488,0.9999999999999999,-3.9937928131692146,-3.133066889580064,296.16189562020276
160.61962965596348,15.168782547859752,0.9999999999999998,-3.9952397163124083,-3.133395434049328,296.14248775043893
160.62994880696968,15.168014134381725,0.9999999999999999,-3.99668671236277,-3.133723900317259,296.123015510581
160.64026790097208,15.167245446904584,0.9999999999999999,-3.9981338016511394,-3.1340522880346686,296.1034787987796
160.65058693787714,15.166476484584539,1.0,-3.999580984508288,-3.134380596852317,296.08387751318594
160.6609059175912,15.165707246577833,1.0,-4.001028261264967,-3.1347088264209404,296.0642115519501
160.67122484002047,15.164937732040734,0.9999999999999998,-4.002475632251819,-3.1350369763911807,296.0444808132231
160.68154370507088,15.164167940129545,0.9999999999999999,-4.003923097799387,-3.1353650464136766,296.02468519515577
160.6918625126483,15.16339787000059,0.9999999999999997,-4.005370658238235,-3.135693036138983,296.0048245958985
160.7021812626584,15.162627520810226,0.9999999999999999,-4.006818313898741,-3.136020945217618,295.98489891360236
160.7124999550067,15.161856891714844,0.9999999999999999,-4.0082660651113,-3.136348773300064,295.9649080464179
160.72281858959852,15.161085981870846,0.9999999999999999,-4.00971391220617,-3.13667652003671,295.9448518924958
160.73313716633908,15.160314790434693,0.9999999999999999,-4.011161855513631,-3.1370041850779504,295.92473034998693
160.7434556851334,15.159543316562841,0.9999999999999999,-4.012609895363781,-3.137331768074098,295.9045433170418
160.75377414588638,15.158771559411802,1.0,-4.014058032086741,-3.1376592686754083,295.8842906918113
160.76409254850267,15.157999518138103,0.9999999999999998,-4.015506266012487,-3.137986686532118,295.8639723724461
160.77441089288686,15.15722719189831,0.9999999999999999,-4.0169545974709635,-3.1383140212943896,295.8435882570969
160.7847291789433,15.156454579849001,0.9999999999999999,-4.0184030267920505,-3.1386412726123414,295.8231382439144
160.79504740657626,15.155681681146799,1.0,-4.019851554305543,-3.1389684401360345,295.8026222310494
160.80536557568976,15.15490849494835,0.9999999999999999,-4.021300180341147,-3.139295523515509,295.7820401166526
160.8156836861877,15.154135020410337,0.9999999999999999,-4.022748905228546,-3.1396225224007246,295.7613917988745
160.8260017379738,15.153361256689456,0.9999999999999999,-4.024197729297285,-3.1399494364416043,295.7406771758662
160.8363197309517,15.152587202942444,0.9999999999999998,-4.025646652876908,-3.1402762652880227,295.7198961457782
160.84663766502476,15.151812858326064,1.0,-4.0270956762968595,-3.1406030085897907,295.6990486067612
160.85695554009624,15.151038221997116,1.0,-4.028544799886486,-3.140929665996703,295.678134456966
160.86727335606926,15.150263293112415,0.9999999999999998,-4.029994023975114,-3.1412562371584585,295.65715359454316
160.87759111284672,15.149488070828813,0.9999999999999999,-4.031443348891955,-3.141582721724756,295.6361059176437
160.8879088103314,15.148712554303195,0.9999999999999997,-4.03289277496615,-3.141909119345206,295.61499132441804
160.89822644842593,15.147936742692465,0.9999999999999998,-4.034342302526817,-3.142235429669384,295.59380971301704
160.90854402703272,15.147160635153565,0.9999999999999999,-4.035791931902956,-3.1425616523468225,295.5725609815914
160.91886154605407,15.146384230843458,0.9999999999999998,-4.037241663423526,-3.1428877870269876,295.5512450282918
