galstreams/tracks/track.st.Sagittarius.antoja2020.ecsv
# %ECSV 0.9
# ---
# datatype:
# - {name: ra, unit: deg, datatype: float64}
# - {name: dec, unit: deg, datatype: float64}
# - {name: distance, unit: kpc, datatype: float64}
# - {name: pm_ra_cosdec, unit: mas / yr, datatype: float64}
# - {name: pm_dec, unit: mas / yr, datatype: float64}
# - {name: radial_velocity, unit: km / s, datatype: float64}
# delimiter: ','
# meta: !!omap
# - __serialized_columns__:
#     dec:
#       __class__: astropy.coordinates.angles.Latitude
#       unit: &id001 !astropy.units.Unit {unit: deg}
#       value: !astropy.table.SerializedColumn {name: dec}
#     distance:
#       __class__: astropy.coordinates.distances.Distance
#       unit: !astropy.units.Unit {unit: kpc}
#       value: !astropy.table.SerializedColumn {name: distance}
#     pm_dec:
#       __class__: astropy.units.quantity.Quantity
#       unit: !astropy.units.Unit {unit: mas / yr}
#       value: !astropy.table.SerializedColumn {name: pm_dec}
#     pm_ra_cosdec:
#       __class__: astropy.units.quantity.Quantity
#       unit: !astropy.units.Unit {unit: mas / yr}
#       value: !astropy.table.SerializedColumn {name: pm_ra_cosdec}
#     ra:
#       __class__: astropy.coordinates.angles.Longitude
#       unit: *id001
#       value: !astropy.table.SerializedColumn {name: ra}
#       wrap_angle: !astropy.coordinates.Angle
#         unit: *id001
#         value: 360.0
#     radial_velocity:
#       __class__: astropy.units.quantity.Quantity
#       unit: !astropy.units.Unit {unit: km / s}
#       value: !astropy.table.SerializedColumn {name: radial_velocity}
# schema: astropy-2.0
ra,dec,distance,pm_ra_cosdec,pm_dec,radial_velocity
[from data line 136]
232.46598463743308,-10.749379659805298,49.705222862586226,-1.177141391784136,-0.5905774306636694,-4.210383564936169e-14
231.21242114222534,-10.071399230674254,50.20691934798681,-1.15908338052792,-0.574527018925199,-6.73661370389787e-14
229.96413380761467,-9.38871652415087,50.663527902939,-1.1428871796960416,-0.5589357232691818,2.48412630331234e-13
228.72077083100578,-8.701674115952674,51.071382995403525,-1.1285592116995111,-0.5439480919802816,4.210383564936169e-14
227.48197645587982,-8.010611566708459,51.427034055361226,-1.1160973486250678,-0.5297146965418476,1.0525958912340423e-13
226.24739142617653,-7.315865596076111,51.72728677222269,-1.1054904478745764,-0.5163899190875559,7.157652060391487e-14
225.01665340400828,-6.617770269930842,51.96924374149366,-1.0967179093872095,-0.5041296205355295,1.1578554803574466e-13
223.7893973535401,-5.916657199200042,52.15034397089645,-1.0897492706843472,-0.49308871759968154,1.473634247727659e-14
222.56525589392996,-5.212855749008547,52.268400733365645,-1.0845438569154404,-0.4834186996910723,7.578690416885104e-14
221.34385962427208,-4.506693256881665,52.32163723481144,-1.0810505037429312,-0.4752651194459724,5.4734986344170195e-14
220.12483742351407,-3.798495258828804,52.30871954875972,-1.0792073712504613,-0.46876509321110266,8.315507540748934e-14
218.90781672834137,-3.088585722199881,52.228786258449645,-1.078941867056225,-0.46404485023939523,2.1051917824680846e-14
217.6924237920306,-2.37728728426779,52.081474240232836,-1.0801706964282414,-0.46121737155568215,-5.262979456170211e-16
216.47828392728064,-1.664921495544131,51.86694002074037,-1.082800056397823,-0.46038016138952664,7.315541444076594e-14
215.26502173602893,-0.9518090668807053,51.58587614485885,-1.0867259896205645,-0.4616131956845629,2.763064214489361e-14
214.05226132926032,-0.23827011944633977,51.23952200270552,-1.0918349120126964,-0.46497709341642685,1.0262809939531913e-14
212.83962653981305,0.47537556330222197,50.82966858216518,-1.0980043259699301,-0.4705115572140349,4.394587845902126e-14
211.6267411311828,1.188808282517109,50.3586566398302,-1.1051037282360028,-0.47823413000387016,-3.4998813383531905e-14
210.4132290053254,1.9017081705733403,49.82936781807621,-1.1129957182147319,-0.488139313998447,7.105022265829786e-14
209.19871441245783,2.6137549382471628,49.24520828025249,-1.1215373087055895,-0.5001980972349028,1.1262776036204252e-13
207.98282216585764,3.324627623311357,48.61008449033862,-1.1305814366899285,-0.5143579309356663,-1.2631150694808506e-14
206.76517786466337,4.034004341414718,47.9283708287174,-1.1399786669154999,-0.5305431980998426,5.3682390452936155e-14
205.54540812768195,4.7415620401357375,47.20486881277725,-1.149579075644755,-0.5486562098217925,2.947268495455318e-14
204.3231408412088,5.446976257132429,46.44475778074954,-1.1592342960869129,-0.5685787607438189,4.210383564936169e-15
203.09800542387146,6.149920883349656,45.6535370004076,-1.1687997007805566,-0.5901742686453922,8.21024795162553e-14
201.86963311150146,6.850067932294125,44.836959281941205,-1.1781366896081469,-0.6132905153055825,3.368306851948935e-14
200.6376572650356,7.547087316442972,44.00095630743771,-1.1871150453039476,-0.6377629962937571,2.1051917824680845e-15
199.40171370443292,8.240646631916054,43.15155603895463,-1.1956153113860577,-0.6634188760836038,4.210383564936169e-15
198.16144107157052,8.930410952613444,42.29479273419458,-1.203531140553215,-0.6900815316783073,3.789345208442552e-14
196.91648122504668,9.616042635097848,41.43661028436633,-1.2107715549225206,-0.7175756526060284,5.0524602779234026e-14
195.66647966976765,10.297201135586535,40.58275979404656,-1.2172630532649709,-0.7457328475167181,8.420767129872338e-15
194.41108602412496,10.973542840507603,39.73869254889236,-1.2229514948816333,-0.7743976875053756,9.683882199353189e-14
193.14995452747505,11.644720912170902,38.90944976507752,-1.2278036852571477,-0.8034340935259089,-8.420767129872338e-15
191.8827445905118,12.310385151202773,38.099550785563665,-1.2318085854786045,-0.8327319496723632,2.5262301389617013e-14
190.60912139096826,12.970181877496005,37.31288168402406,-1.2349780660165135,-0.8622137955286824,5.4734986344170195e-14
189.32875651689022,13.62375383152917,36.55258655872344,-1.2373471262834004,-0.8918414190771219,-8.420767129872338e-15
188.04132865949168,14.270740098012196,35.820964147248375,-1.2389735049231618,-0.9216221366826101,-1.2631150694808506e-14
186.74652435731568,14.910776053915788,35.11937277007635,-1.2399366126058227,-0.9516145083362979,9.262843842859572e-14
185.44403879308848,15.543493343037811,34.44814701796974,-1.240335729832413,-0.981933194582151,4.210383564936169e-14
184.1335766442563,16.168519879349052,33.806530036560034,-1.2402874275731415,-1.0127526163436862,0.0
182.81485298773188,16.78547988143993,33.19262573274875,-1.2399221892057108,-1.0443090302456308,0.0
181.487594258846,17.393993940456056,32.60337573322639,-1.2393802389764788,-1.0769005800781282,-1.6841534259744676e-14
180.1515392638902,17.993679123960888,32.03456646711839,-1.2388066159064264,-1.1108848299451852,2.5262301389617013e-14
178.8064402449539,18.584149118193622,31.480872324099018,-1.2383455735748454,-1.1466732266176616,2.5262301389617013e-14
177.4520639949898,19.165014411197024,30.93594145799377,-1.238134436426588,-1.184721878012828,0.0
176.08819302019452,19.735882519267328,30.392531465586814,-1.2382971030642755,-1.225517971983594,0.0
174.7146267458591,20.296358259124066,29.84270287288154,-1.238937457295028,-1.2695610952660634,-6.73661370389787e-14
173.33118276083323,20.84604406810557,29.278079108195282,-1.2401330293599029,-1.3173386471621265,-6.73661370389787e-14
171.93769809466326,21.384540374561478,28.69018243508797,-1.241929343584922,-1.369294477100397,8.420767129872338e-15
170.53403052030777,21.91144602043425,28.070856160125174,-1.2443354953686236,-1.4257898105118363,-5.0524602779234026e-14
169.1200598741281,22.42635873778974,27.412784322809383,-1.2473216205584832,-1.487055464479397,-4.210383564936169e-14
167.69568938359757,22.92887568077174,26.710121019678333,-1.2508190543093525,-1.553134294470913,-5.0524602779234026e-14
166.26084699189593,23.418594014111196,25.95924251360968,-1.2547241247149696,-1.6238127573278898,-4.210383564936169e-14
164.81548666727656,23.895111558916412,25.159636334901133,-1.2589066888850884,-1.6985404247966285,-1.6841534259744676e-14
163.35958968383602,24.35802749600321,24.31494269482493,-1.2632246954747657,-1.7763362375244975,-5.0524602779234026e-14
161.89316585910996,24.806943126493948,23.434164707323177,-1.2675462474325268,-1.855680252856204,-3.368306851948935e-14
160.41625473280095,25.241462688821713,22.53306515252062,-1.271780841076464,-1.9343896121446427,-3.368306851948935e-14
158.92892666994481,25.661194230623934,21.635768819124166,-1.2759216713503494,-2.0094774357191154,-3.368306851948935e-14
157.4312838709859,26.065750533302488,20.776590833839258,-1.2801011167252732,-2.0769933470231554,3.368306851948935e-14
155.92346127059847,26.454750086270362,20.00211282716339,-1.2846617488225944,-2.131844332398195,-1.6841534259744676e-14
154.40562730669953,26.8278181071086,19.37353029862767,-1.2902454492451882,-2.1675946598793594,-3.368306851948935e-14
152.87798454099521,27.184587603030355,18.96929613341686,-1.2979034568244412,-2.1762436091293456,0.0
151.34077011261843,27.524700468205808,18.888086888715286,-1.3092304097989704,-2.1479798047577345,-1.6841534259744676e-14
149.79425600699759,27.847808610656543,19.25212021483392,-1.3265256864457466,-2.0709109957239793,-5.0524602779234026e-14
