galstreams/tracks/track.st.AAU-AliqaUma.li2021.ecsv
# %ECSV 1.0
# ---
# datatype:
# - {name: ra, unit: deg, datatype: float64}
# - {name: dec, unit: deg, datatype: float64}
# - {name: distance, unit: kpc, datatype: float64}
# - {name: pm_ra_cosdec, unit: mas / yr, datatype: float64}
# - {name: pm_dec, unit: mas / yr, datatype: float64}
# - {name: radial_velocity, unit: km / s, datatype: float64}
# delimiter: ','
# meta: !!omap
# - __serialized_columns__:
#     dec:
#       __class__: astropy.coordinates.angles.Latitude
#       unit: &id001 !astropy.units.Unit {unit: deg}
#       value: !astropy.table.SerializedColumn {name: dec}
#     distance:
#       __class__: astropy.coordinates.distances.Distance
#       unit: !astropy.units.Unit {unit: kpc}
#       value: !astropy.table.SerializedColumn {name: distance}
#     pm_dec:
#       __class__: astropy.units.quantity.Quantity
#       unit: !astropy.units.Unit {unit: mas / yr}
#       value: !astropy.table.SerializedColumn {name: pm_dec}
#     pm_ra_cosdec:
#       __class__: astropy.units.quantity.Quantity
#       unit: !astropy.units.Unit {unit: mas / yr}
#       value: !astropy.table.SerializedColumn {name: pm_ra_cosdec}
#     ra:
#       __class__: astropy.coordinates.angles.Longitude
#       unit: *id001
#       value: !astropy.table.SerializedColumn {name: ra}
#       wrap_angle: !astropy.coordinates.Angle
#         unit: *id001
#         value: 360.0
#     radial_velocity:
#       __class__: astropy.units.quantity.Quantity
#       unit: !astropy.units.Unit {unit: km / s}
#       value: !astropy.table.SerializedColumn {name: radial_velocity}
# schema: astropy-2.0
ra,dec,distance,pm_ra_cosdec,pm_dec,radial_velocity
[from data line 418]
35.32910032719857,-35.34274577481619,27.66648150085507,0.21179458702746107,-0.6780676810240379,-32.05952437477779
35.33926693439658,-35.34865687229352,27.671873002298653,0.21185340325729712,-0.6777767571705613,-32.001408760428895
35.34943450545156,-35.354568033083076,27.677266753224234,0.21191204243472994,-0.6774856901277453,-31.943283194908602
35.35960304086687,-35.360479257047636,27.68266275363182,0.21197050450442903,-0.6771944799406482,-31.885147678216928
35.369772541146084,-35.36639054404993,27.688061003521412,0.21202878941105419,-0.6769031266543553,-31.82700221035381
35.3799430067929,-35.372301893952574,27.693461502893,0.2120868970992569,-0.6766116303139803,-31.768846791319366
35.39011443831117,-35.378213306618186,27.6988642517466,0.21214482751367916,-0.6763199909646644,-31.710681421113442
35.40028683620484,-35.38412478190924,27.70426925008219,0.21220258059895292,-0.6760282086515769,-31.652506099736197
35.410460200978065,-35.390036319688235,27.709676497899796,0.21226015629970152,-0.6757362834199141,-31.59432082718746
35.420634533135086,-35.3959479198175,27.715085995199402,0.2123175545605389,-0.6754442153149012,-31.536125603467408
35.43080983318034,-35.40185958215938,27.72049774198101,0.21237477532607035,-0.6751520043817902,-31.47792042857591
35.44098610161835,-35.407771306576116,27.72591173824462,0.2124318185408908,-0.6748596506658624,-31.41970530251303
35.45116333895382,-35.413683092929894,27.73132798399024,0.21248868414958674,-0.6745671542124247,-31.361480225278758
35.46134154569159,-35.41959494108281,27.73674647921786,0.2125453720967353,-0.6742745150668144,-31.30324519687311
35.47152072233664,-35.42550685089695,27.742167223927485,0.21260188232690416,-0.6739817332743948,-31.245000217296006
35.481700869394096,-35.431418822234264,27.7475902181191,0.21265821478465194,-0.6736888088805586,-31.18674528654753
35.49188198736921,-35.437330854956656,27.753015461792728,0.2127143694145276,-0.6733957419307244,-31.12848040462768
35.5020640767674,-35.443242948926,27.758442954948364,0.21277034616107146,-0.6731025324703409,-31.070205571536388
35.5122471380942,-35.44915510400408,27.763872697585995,0.21282614496881438,-0.6728091805448834,-31.011920787273734
35.52243117185534,-35.455067320052585,27.769304689705635,0.21288176578227797,-0.6725156861998554,-30.953626051839667
35.53261617855662,-35.460979596933164,27.77473893130728,0.2129372085459743,-0.6722220494807891,-30.895321365234178
35.54280215870405,-35.46689193450742,27.78017542239093,0.2129924732044072,-0.6719282704332434,-30.837006727457307
35.55298911280372,-35.47280433263684,27.785614162956573,0.21304755970206973,-0.6716343491028066,-30.77868213850906
35.563177041361946,-35.47871679118289,27.791055153004226,0.21310246798344695,-0.6713402855350941,-30.720347598389374
35.57336594488508,-35.48462931000694,27.79649839253388,0.21315719799301422,-0.6710460797757493,-30.662003107098315
35.58355582387972,-35.49054188897029,27.801943881545533,0.21321174967523784,-0.6707517318704443,-30.603648664635852
35.59374667885254,-35.49645452793419,27.8073916200392,0.2132661229745744,-0.6704572418648784,-30.54528427100201
35.603938510310385,-35.502367226759816,27.812841608014867,0.21332031783547223,-0.6701626098047802,-30.486909926196727
35.614131318760236,-35.50827998530827,27.81829384547253,0.21337433420236943,-0.6698678357359049,-30.428525630220115
35.62432510470923,-35.5141928034406,27.82374833241221,0.2134281720196954,-0.6695729197040363,-30.370131383072057
35.63451986866464,-35.520105681017796,27.829205068833883,0.21348183123187037,-0.6692778617549875,-30.311727184752602
35.644715611133854,-35.52601861790074,27.834664054737562,0.2135353117833048,-0.6689826619345982,-30.253313035261744
35.65491233262446,-35.53193161395028,27.840125290123236,0.21358861361840076,-0.6686873202887371,-30.1948889345995
35.66511003364415,-35.53784466902718,27.845588774990926,0.21364173668155045,-0.6683918368633002,-30.13645488276584
35.67530871470075,-35.54375778299216,27.851054509340614,0.21369468091713684,-0.6680962117042129,-30.07801087976078
35.68550837630226,-35.54967095570583,27.856522493172307,0.2137474462695341,-0.6678004448574275,-30.019556925584357
35.69570901895682,-35.55558418702878,27.861992726486008,0.2138000326831072,-0.6675045363689255,-29.961093020236515
35.70591064317272,-35.56149747682151,27.867465209281704,0.21385244010221152,-0.6672084862847163,-29.90261916371727
35.71611324945835,-35.56741082494444,27.872939941559405,0.2139046684711933,-0.6669122946508372,-29.84413535602661
35.72631683832229,-35.573324231257935,27.87841692331911,0.2139567177343898,-0.6666159615133544,-29.78564159716459
35.73652141027325,-35.579237695622304,27.88389615456082,0.21400858783612875,-0.6663194869183618,-29.727137887131157
35.746726965820066,-35.58515121789777,27.889377635284532,0.214060278720729,-0.6660228709119814,-29.668624225926305
35.75693350547176,-35.5910647979445,27.894861365490247,0.21411179033250025,-0.6657261135403643,-29.61010061355005
35.76714102973745,-35.596978435622574,27.900347345177963,0.2141631226157422,-0.665429214849689,-29.551567050002426
35.77734953912643,-35.602892130792014,27.90583557434769,0.21421427551474626,-0.665132174886163,-29.4930235352834
35.78755903414813,-35.60880588331279,27.911326052999414,0.2142652489737946,-0.6648349936960218,-29.434470069392994
35.79776951531212,-35.6147196930448,27.916818781133138,0.21431604293715933,-0.6645376713255295,-29.37590665233114
35.80798098312812,-35.62063355984785,27.92231375874887,0.21436665734910437,-0.6642402078209783,-29.317333284097906
35.81819343810598,-35.626547483581696,27.9278109858466,0.21441709215388358,-0.6639426032286885,-29.258749964693276
35.82840688075573,-35.63246146410601,27.93331046242634,0.21446734729574246,-0.6636448575950091,-29.200156694117243
35.83862131158751,-35.63837550128042,27.938812188488082,0.21451742271891674,-0.663346970966318,-29.141553472369843
35.848836731111575,-35.64428959496447,27.94431616403184,0.2145673183676325,-0.6630489433890208,-29.08294029945104
35.859053139838444,-35.650203745017656,27.949822389057577,0.21461703418610834,-0.6627507749095518,-29.024317175360785
35.86927053827864,-35.656117951299365,27.955330863565333,0.21466657011855172,-0.6624524655743734,-28.965684100099143
35.8794889269429,-35.662032213668944,27.96084158755509,0.2147159261091617,-0.662154015429977,-28.907041073666168
35.889708306342115,-35.66794653198568,27.96635456102685,0.21476510210212857,-0.6618554245228823,-28.848388096061722
35.899928676987294,-35.673860906108764,27.97186978398061,0.21481409804163287,-0.6615566928996375,-28.7897251672859
35.910150039389606,-35.67977533589734,27.97738725641637,0.2148629138718463,-0.6612578206068188,-28.731052287338716
35.920372394060344,-35.685689821210474,27.98290697833414,0.21491154953693095,-0.6609588076910318,-28.672369456220096
35.93059574151097,-35.691604361907174,27.988428949733915,0.21496000498103987,-0.6606596541989096,-28.61367667393004
35.94082008225307,-35.69751895784635,27.993953170615686,0.21500828014831716,-0.660360360177115,-28.554973940468667
35.951045416798415,-35.70343360888689,27.99947964097947,0.21505637498289779,-0.6600609256723385,-28.496261255835833
35.96127174565885,-35.70934831488756,28.005008360825247,0.21510428942890691,-0.6597613507312996,-28.437538620031653
35.971499069346464,-35.71526307570712,28.01053933015303,0.21515202343046147,-0.6594616354007456,-28.378806033056023
35.98172738837337,-35.72117789120419,28.016072548962818,0.21519957693166805,-0.659161779727454,-28.320063494909025
35.991956703251915,-35.727092761237365,28.02160801725462,0.21524694987662502,-0.6588617837582288,-28.261311005590624
36.00218701449458,-35.73300768566518,28.02714573502841,0.21529414220942134,-0.6585616475399052,-28.202548565100845
36.012418322613975,-35.73892266434607,28.032685702284205,0.21534115387413671,-0.6582613711193441,-28.143776173439598
36.02265062812285,-35.744837697138415,28.038227919022013,0.2153879848148414,-0.6579609545434375,-28.084993830607026
36.032883931534094,-35.75075278390052,28.043772385241812,0.21543463497559684,-0.6576603978591051,-28.026201536603
36.04311823336079,-35.75666792449065,28.04931910094362,0.21548110430045536,-0.6573597011132951,-27.967399291427633
36.053353534116106,-35.762583118766955,28.05486806612743,0.21552739273345972,-0.6570588643529847,-27.90858709508082
36.06358983431338,-35.76849836658754,28.060419280793244,0.21557350021864408,-0.6567578876251796,-27.84976494756265
36.07382713446611,-35.77441366781044,28.065972744941067,0.21561942670003253,-0.6564567709769147,-27.790932848873027
36.08406543508791,-35.780329022293635,28.071528458570885,0.21566517212164105,-0.6561555144552533,-27.73209079901206
36.09430473669258,-35.786244429895,28.07708642168272,0.21571073642747562,-0.6558541181072868,-27.673238797979646
36.104545039794004,-35.79215989047238,28.082646634276543,0.21575611956153368,-0.6555525819801374,-27.61437684577587
36.114786344906285,-35.7980754038835,28.088209096352372,0.2158013214678032,-0.6552509061209537,-27.555504942400688
36.12502865254362,-35.803990969986074,28.093773807910214,0.2158463420902625,-0.6549490905769146,-27.496623087854122
36.135271963220376,-35.809906588637716,28.09934076895005,0.2158911813728821,-0.654647135395227,-27.437731282136095
36.14551627745103,-35.81582225969596,28.104909979471888,0.21593583925962173,-0.6543450406231277,-27.378829525246765
36.15576159575027,-35.821737983018316,28.110481439475738,0.21598031569443316,-0.6540428063078811,-27.319917817185953
36.166007918632864,-35.82765375846217,28.11605514896159,0.21602461062125838,-0.6537404324967813,-27.260996157953763
36.17625524661378,-35.83356958588484,28.12163110792943,0.21606872398403054,-0.653437919237151,-27.202064547550197
36.186503580208054,-35.83948546514363,28.127209316379293,0.21611265572667326,-0.6531352665763419,-27.143122985975218
36.196752919930965,-35.84540139609573,28.13278977431115,0.21615640579310152,-0.6528324745617343,-27.08417147322885
36.20700326629789,-35.85131737859827,28.138372481725007,0.21619997412722103,-0.6525295432407379,-27.02521000931106
36.217254619824345,-35.8572334125083,28.143957438620877,0.21624336067292788,-0.6522264726607907,-26.966238594221895
36.227506981025996,-35.86314949768282,28.149544644998745,0.2162865653741094,-0.6519232628693604,-26.907257227961317
36.23776035041866,-35.86906563397874,28.155134100858614,0.21632958817464365,-0.6516199139139436,-26.848265910529356
36.24801472851831,-35.87498182125293,28.16072580620049,0.2163724290183998,-0.6513164258420648,-26.789264641925996
36.25827011584106,-35.880898059362146,28.166319761024372,0.21641508784923752,-0.6510127987012786,-26.730253422151232
36.26852651290315,-35.886814348163114,28.171915965330257,0.2164575646110075,-0.6507090325391687,-26.67123225120507
36.278783920220995,-35.892730687512476,28.17751441911814,0.21649985924755138,-0.6504051274033471,-26.612201129087484
36.289042338311155,-35.8986470772668,28.183115122388024,0.21654197170270142,-0.6501010833414551,-26.553160055798543
36.29930176769031,-35.90456351728257,28.188718075139917,0.21658390192028099,-0.6497969004011633,-26.49410903133817
36.309562208875285,-35.910480007416226,28.194323277373815,0.21662564984410393,-0.6494925786301713,-26.43504805570641
36.319823662383115,-35.91639654752414,28.199930729089708,0.21666721541797568,-0.6491881180762075,-26.37597712890325
36.33008612873088,-35.92231313746257,28.205540430287613,0.21670859858569175,-0.6488835187870294,-26.316896250928714
36.34034960843591,-35.928229777087765,28.211152380967516,0.21674979929103877,-0.6485787808104243,-26.25780542178275
36.35061410201561,-35.93414646625586,28.216766581129423,0.21679081747779444,-0.6482739041942078,-26.198704641465397
36.36087960998756,-35.940063204822934,28.222383030773333,0.21683165308972724,-0.6479688889862252,-26.139593909976647
36.3711461328695,-35.945979992645,28.228001729899248,0.21687230607059638,-0.6476637352343504,-26.08047322731647
36.381413671179246,-35.95189682957798,28.23362267850717,0.2169127763641519,-0.6473584429864869,-26.021342593484928
36.39168222543487,-35.95781371547776,28.23924587659709,0.21695306391413527,-0.6470530122905678,-25.96220200848201
36.401951796154506,-35.96373065020013,28.244871324169015,0.21699316866427798,-0.6467474431945545,-25.903051472307645
36.41222238385647,-35.9696476336008,28.250499021222943,0.21703309055830283,-0.6464417357464379,-25.843890984961895
36.42249398905921,-35.97556466553543,28.256128967758873,0.2170728295399237,-0.6461358899942387,-25.784720546444763
36.43276661228135,-35.98148174585961,28.26176116377681,0.21711238555284515,-0.6458299059860062,-25.725540156756235
36.44304025404162,-35.98739887442887,28.267395609276754,0.2171517585407624,-0.6455237837698191,-25.66634981589627
36.453314914858936,-35.99331605109862,28.273032304258688,0.21719094844736198,-0.6452175233937859,-25.607149523864916
36.46359059525232,-35.99923327572424,28.278671248722627,0.21722995521632066,-0.6449111249060437,-25.54793928066219
36.47386729574098,-36.00515054816104,28.284312442668586,0.21726877879130682,-0.6446045883547591,-25.48871908628805
36.48414501684425,-36.01106786826424,28.289955886096532,0.21730741911597942,-0.6442979137881282,-25.429488940742523
36.49442375908163,-36.01698523588902,28.29560157900649,0.2173458761339881,-0.6439911012543763,-25.370248844025586
36.50470352297274,-36.02290265089043,28.301249521398443,0.21738414978897375,-0.6436841508017584,-25.310998796137245
36.51498430903734,-36.028820113123516,28.30689971327241,0.21742224002456778,-0.6433770624785582,-25.251738797077522
36.52526611779539,-36.0347376224432,28.312552154628374,0.21746014678439274,-0.6430698363330893,-25.19246884684638
36.53554894976697,-36.04065517870438,28.318206845466346,0.21749787001206233,-0.6427624724136949,-25.13318894544386
36.54583280547227,-36.04657278176184,28.323863785786312,0.21753540965118034,-0.6424549707687468,-25.073899092869954
36.556117685431694,-36.052490431470325,28.329522975588294,0.2175727656453419,-0.6421473314466468,-25.014599289124618
36.56640359016574,-36.0584081276845,28.33518441487227,0.21760993793813352,-0.6418395544958266,-24.955289534207896
36.576690520195086,-36.064325870258926,28.340848103638248,0.21764692647313183,-0.6415316399647464,-24.895969828119757
36.586978476040535,-36.07024365904815,28.346514041886234,0.21768373119390455,-0.6412235879018965,-24.836640170860253
36.597267458223065,-36.0761614939066,28.35218222961622,0.21772035204401105,-0.6409153983557961,-24.777300562429325
36.607557467263774,-36.08207937468866,28.35785266682821,0.2177567889670004,-0.6406070713749948,-24.71795100282701
36.617848503683916,-36.08799730124863,28.36352535352221,0.21779304190641308,-0.640298607008071,-24.658591492053286
36.62814056800489,-36.093915273440736,28.36920028969821,0.21782911080578082,-0.6399900053036329,-24.59922203010817
36.63843366074828,-36.09983329111916,28.37487747535621,0.217864995608626,-0.6396812663103185,-24.539842616991667
36.64872778243575,-36.105751354137965,28.380556910496214,0.21790069625846165,-0.6393723900767951,-24.480453252703743
36.65902293358916,-36.11166946235117,28.38623859511823,0.21793621269879218,-0.6390633766517589,-24.421053937244448
36.66931911473052,-36.11758761561274,28.39192252922224,0.2179715448731122,-0.6387542260839373,-24.361644670613725
36.679616326381975,-36.12350581377653,28.39760871280825,0.2180066927249084,-0.6384449384220858,-24.302225452811623
36.6899145690658,-36.12942405669636,28.403297145876266,0.21804165619765709,-0.6381355137149907,-24.242796283838093
36.700213843304454,-36.13534234422593,28.408987828426284,0.21807643523482628,-0.6378259520114666,-24.183357163693223
36.7105141496205,-36.141260676218934,28.414680760458314,0.2181110297798747,-0.6375162533603593,-24.123908092376876
36.72081548853671,-36.14717905252893,28.42037594197234,0.21814543977625173,-0.6372064178105433,-24.06444906988921
36.73111786057593,-36.15309747300944,28.42607337296838,0.21817966516739834,-0.6368964454109227,-24.00498009623011
