galstreams/tracks/track.st.C-23.ibata2024.ecsv
# %ECSV 1.0
# ---
# datatype:
# - {name: ra, unit: deg, datatype: float64}
# - {name: dec, unit: deg, datatype: float64}
# - {name: distance, unit: kpc, datatype: float64}
# - {name: pm_ra_cosdec, unit: mas / yr, datatype: float64}
# - {name: pm_dec, unit: mas / yr, datatype: float64}
# - {name: radial_velocity, unit: km / s, datatype: float64}
# delimiter: ','
# meta: !!omap
# - __serialized_columns__:
#     dec:
#       __class__: astropy.coordinates.angles.Latitude
#       unit: &id001 !astropy.units.Unit {unit: deg}
#       value: !astropy.table.SerializedColumn {name: dec}
#     distance:
#       __class__: astropy.coordinates.distances.Distance
#       unit: !astropy.units.Unit {unit: kpc}
#       value: !astropy.table.SerializedColumn {name: distance}
#     pm_dec:
#       __class__: astropy.units.quantity.Quantity
#       unit: !astropy.units.Unit {unit: mas / yr}
#       value: !astropy.table.SerializedColumn {name: pm_dec}
#     pm_ra_cosdec:
#       __class__: astropy.units.quantity.Quantity
#       unit: !astropy.units.Unit {unit: mas / yr}
#       value: !astropy.table.SerializedColumn {name: pm_ra_cosdec}
#     ra:
#       __class__: astropy.coordinates.angles.Longitude
#       unit: *id001
#       value: !astropy.table.SerializedColumn {name: ra}
#       wrap_angle: !astropy.coordinates.Angle
#         unit: *id001
#         value: 360.0
#     radial_velocity:
#       __class__: astropy.units.quantity.Quantity
#       unit: !astropy.units.Unit {unit: km / s}
#       value: !astropy.table.SerializedColumn {name: radial_velocity}
# schema: astropy-2.0
ra,dec,distance,pm_ra_cosdec,pm_dec,radial_velocity
[from data line 856]
194.09181707635207,45.736696947415886,1.0,-5.8545774246805475,-0.005362257851498242,-213.3279104895288
194.09803716194264,45.72770253007122,0.9999999999999999,-5.85387835830675,-0.005330927133826435,-213.33674202239018
194.10425685914117,45.71870834194799,0.9999999999999998,-5.8531791045225905,-0.005298858018782937,-213.34553519376985
194.11047616381217,45.709714381333406,0.9999999999999999,-5.852479663963051,-0.005266052977795255,-213.35428986282622
194.11669507182188,45.7007206465158,0.9999999999999998,-5.851780037263945,-0.005232514481509298,-213.36300588871768
194.12291357903865,45.69172713578437,0.9999999999999997,-5.851080225061758,-0.005198244999846224,-213.3716831306029
194.12913168133255,45.682733847429574,0.9999999999999999,-5.85038022799378,-0.005163247002027305,-213.38032144763991
194.13534937457564,45.67374077974269,0.9999999999999999,-5.849680046698046,-0.005127522956467345,-213.3889206989874
194.14156665464188,45.66474793101608,0.9999999999999998,-5.848979681813351,-0.005091075330902584,-213.3974807438037
194.14778351740713,45.65575529954314,0.9999999999999999,-5.848279133979221,-0.005053906592305424,-213.40600144124727
194.15399995874918,45.64676288361822,0.9999999999999999,-5.847578403835956,-0.005016019206912858,-213.4144826504765
194.16021597454758,45.63777068153685,0.9999999999999999,-5.846877492024609,-0.004977415640251337,-213.4229242306498
194.1664315606839,45.62877869159542,0.9999999999999999,-5.846176399186981,-0.004938098357079923,-213.43132604092563
194.17264671304156,45.61978691209141,0.9999999999999999,-5.845475125965637,-0.004898069821436479,-213.43968794046233
194.1788614275059,45.6107953413233,0.9999999999999999,-5.844773673003896,-0.004857332496612798,-213.4480097884185
194.1850756999641,45.60180397759055,0.9999999999999999,-5.8440720409458216,-0.004815888845200789,-213.4562914439524
194.19128952630524,45.59281281919379,0.9999999999999998,-5.843370230436218,-0.0047737413289929975,-213.46453276622248
194.1975029024203,45.5838218644345,0.9999999999999999,-5.842668242120692,-0.0047308924091140625,-213.47273361438724
194.20371582420202,45.57483111161522,0.9999999999999999,-5.8419660766455745,-0.004687344545946104,-213.480893847605
194.20992828754527,45.56584055903957,0.9999999999999999,-5.841263734657929,-0.004643100199078987,-213.48901332503425
194.21614028834657,45.556850205012125,0.9999999999999999,-5.840561216805609,-0.004598161827434666,-213.49709190583337
194.22235182250446,45.54786004783845,0.9999999999999999,-5.839858523737203,-0.004552531889157052,-213.50512944916082
194.22856288591916,45.53887008582524,0.9999999999999999,-5.839155656102085,-0.00450621284170083,-213.51312581417497
194.23477347449295,45.52988031728013,1.0,-5.838452614550323,-0.004459207141749744,-213.52108086003426
194.24098358412994,45.52089074051176,0.9999999999999998,-5.837749399732792,-0.004411517245269891,-213.52899444589718
194.24719321073601,45.5119013538298,1.0,-5.837046012301098,-0.004363145607499064,-213.53686643092215
194.25340235021906,45.502912155544884,1.0,-5.836342452907619,-0.004314094682936087,-213.54469667426744
194.25961099848868,45.49392314396882,0.9999999999999999,-5.83563872220545,-0.004264366925333718,-213.55248503509154
194.2658191514564,45.484934317414265,0.9999999999999998,-5.8349348208485035,-0.004213964787783908,-213.56023137255298
194.27202680503572,45.475945674194946,0.9999999999999998,-5.834230749491351,-0.004162890722540169,-213.5679355458101
194.27823395514176,45.4669572126256,1.0,-5.833526508789417,-0.00411114718119876,-213.5755974140214
194.28444059769168,45.457968931021945,0.9999999999999998,-5.832822099398827,-0.004058736614620528,-213.5832168363451
194.29064672860443,45.44898082770082,0.9999999999999998,-5.832117521976453,-0.004005661472906041,-213.59079367193974
194.2968523438008,45.43999290097997,0.9999999999999998,-5.831412777179945,-0.003951924205445323,-213.59832777996382
194.30305743920346,45.43100514917817,0.9999999999999999,-5.830707865667694,-0.0038975272609036438,-213.6058190195757
194.3092620107369,45.42201757061521,0.9999999999999999,-5.830002788098847,-0.0038424730872002044,-213.61326724993384
194.31546605432746,45.413030163611914,0.9999999999999999,-5.829297545133302,-0.00378676413154011,-213.62067233019656
194.3216695659034,45.40404292649002,0.9999999999999998,-5.828592137431725,-0.003730402840396607,-213.6280341195223
194.32787254139458,45.39505585757247,0.9999999999999998,-5.827886565655509,-0.0036733916595146354,-213.63535247706963
194.334074976733,45.386068955183056,0.9999999999999999,-5.827180830466816,-0.003615733033889512,-213.6426272619968
194.34027686785234,45.37708221764661,1.0,-5.8264749325285505,-0.0035574294078344337,-213.64985833346236
194.34647821068808,45.36809564328896,0.9999999999999999,-5.8257688725044,-0.0034984832248952102,-213.65704555062462
194.3526790011777,45.35910923043695,0.9999999999999998,-5.825062651058744,-0.0034388969278893455,-213.664188772642
194.35887923526028,45.350122977418515,0.9999999999999999,-5.824356268856786,-0.0033786729589486697,-213.67128785867308
194.36507890887688,45.34113688256249,1.0,-5.823649726564441,-0.0033178137594376267,-213.6783426678761
194.3712780179704,45.33215094419872,0.9999999999999999,-5.822943024848356,-0.0032563217700101177,-213.68535305940958
194.37747655848554,45.32316516065814,1.0,-5.822236164375977,-0.003194199430588185,-213.6923188924319
194.3836745263687,45.31417953027259,1.0,-5.821529145815498,-0.0031314491803833278,-213.69924002610156
194.3898719175684,45.30519405137493,0.9999999999999999,-5.820821969835807,-0.0030680734578503177,-213.70611631957692
194.39606872803455,45.296208722299156,0.9999999999999999,-5.820114637106623,-0.0030040747007440416,-213.7129476320163
194.40226495371928,45.28722354138009,1.0,-5.819407148298345,-0.0029394553461123962,-213.71973382257835
194.4084605905763,45.27823850695366,1.0,-5.8186995040821765,-0.0028742178302216814,-213.72647475042135
194.41465563456126,45.26925361735676,0.9999999999999999,-5.817991705130059,-0.002808364588666734,-213.73317027470364
194.42085008163156,45.26026887092728,0.9999999999999998,-5.81728375211465,-0.002741898056275005,-213.7398202545838
194.42704392774635,45.251284266004156,0.9999999999999999,-5.816575645709406,-0.0026748206671989294,-213.74642454922022
194.4332371688667,45.2422998009273,0.9999999999999998,-5.815867386588519,-0.0026071348548484252,-213.7529830177713
194.43942980095548,45.23331547403761,1.0,-5.815158975426908,-0.0025388430518731298,-213.7594955193954
194.44562181997728,45.22433128367698,0.9999999999999999,-5.814450412900276,-0.0024699476902476647,-213.7659619132511
194.4518132218986,45.21534722818834,1.0,-5.813741699685045,-0.002400451201200582,-213.77238205849667
194.45800400268763,45.20636330591555,0.9999999999999998,-5.813032836458424,-0.0023303560152498903,-213.77875581429052
194.46419415831443,45.197379515203615,0.9999999999999999,-5.812323823898328,-0.0022596645621746347,-213.78508303979117
194.47038368475086,45.18839585439837,0.9999999999999999,-5.81161466268346,-0.002188379271053975,-213.79136359415713
194.47657257797053,45.17941232184675,0.9999999999999999,-5.810905353493254,-0.0021165025702352125,-213.79759733654657
194.48276083394884,45.17042891589662,1.0,-5.810195897007911,-0.0020440368873515524,-213.8037841261181
194.48894844866314,45.161445634896864,0.9999999999999999,-5.809486293908343,-0.0019709846492759198,-213.80992382203004
194.49513541809233,45.15246247719746,0.9999999999999999,-5.808776544876247,-0.0018973482822204346,-213.81601628344086
194.50132173821723,45.143479441149246,0.9999999999999998,-5.808066650594057,-0.001823130211640489,-213.822061369509
194.50750740502045,45.13449652510412,0.9999999999999999,-5.807356611744952,-0.0017483328622773797,-213.82805893939283
194.51369241448634,45.12551372741495,0.9999999999999998,-5.8066464290128765,-0.001672958658154755,-213.83400885225083
194.51987676260111,45.11653104643556,0.9999999999999999,-5.8059361030824865,-0.00159701002257151,-213.8399109672414
194.52606044535264,45.107548480520926,1.0,-5.805225634639239,-0.0015204893781408657,-213.84576514352295
194.5322434587307,45.09856602802685,0.9999999999999998,-5.804515024369263,-0.001443399146683788,-213.85157124025392
194.53842579872676,45.0895836873102,0.9999999999999999,-5.8038042729595345,-0.0013657417493995183,-213.85732911659275
194.54460746133407,45.08060145672882,0.9999999999999998,-5.80309338109771,-0.001287519606673726,-213.8630386316978
194.55078844254774,45.07161933464155,0.9999999999999998,-5.80238234947218,-0.0012087351382490397,-213.86869964472743
194.5569687383646,45.06263731940817,1.0,-5.801671178772137,-0.0011293907630793854,-213.87431201484029
194.56314834478312,45.053655409389584,0.9999999999999999,-5.800959869687493,-0.0010494888994969642,-213.8798756011946
194.56932725780374,45.04467360294758,0.9999999999999999,-5.800248422908895,-0.0009690319650097479,-213.88539026294893
194.57550547342865,45.035691898444945,0.9999999999999999,-5.799536839127737,-0.0008880223764862194,-213.89085585926148
194.58168298766162,45.02671029424546,0.9999999999999999,-5.798825119036199,-0.0008064625500523448,-213.89627224929086
194.58785979650844,45.01772878871389,0.9999999999999999,-5.7981132633271715,-0.0007243549011128891,-213.90163929219557
194.59403589597642,45.008747380216064,0.9999999999999999,-5.797401272694288,-0.0006417018443656275,-213.90695684713378
194.60021128207478,44.9997660671187,1.0,-5.796689147831939,-0.0005585057937835813,-213.91222477326406
194.60638595081446,44.990784847789556,1.0,-5.795976889435265,-0.00047476916263633484,-213.91744292974482
194.61255989820816,44.98180372059734,0.9999999999999999,-5.795264498200132,-0.00039049436345806043,-213.9226111757345
194.61873312027035,44.97282268391172,0.9999999999999998,-5.794551974823195,-0.00030568380810791496,-213.92772937039146
194.6249056130172,44.96384173610351,1.0,-5.793839320001783,-0.00022033990768832723,-213.93279737287418
194.63107737246668,44.95486087554433,0.9999999999999999,-5.793126534434031,-0.0001344650726089469,-213.93781504234101
194.63724839463848,44.945880100606864,0.9999999999999999,-5.792413618818806,-4.8061712561775494e-05,-213.9427822379505
194.6434186755541,44.93689940966475,1.0,-5.791700573855688,3.886776348238641e-05,-213.94769881886094
194.64958821123673,44.92791880109265,0.9999999999999999,-5.790987400245027,0.00012632094725262277,-213.95256464423082
194.6557569977113,44.91893827326612,0.9999999999999998,-5.790274098687927,0.00021429543119211303,-213.9573795732185
194.66192503100453,44.909957824561864,0.9999999999999999,-5.789560669886192,0.0003027888084758956,-213.96214346498243
194.6680923071448,44.900977453357406,0.9999999999999999,-5.788847114542428,0.00039179867294691917,-213.96685617868118
194.67425882216233,44.891997158031316,0.9999999999999998,-5.788133433359934,0.00048132261921196573,-213.97151757347297
194.680424572089,44.88301693696316,0.9999999999999998,-5.787419627042771,0.0005713582425741492,-213.97612750851627
194.6865895529585,44.8740367885334,1.0,-5.786705696295758,0.0006619031390258101,-213.9806858429696
194.6927537608062,44.865056711123636,1.0,-5.785991641824403,0.0007529549052769369,-213.98519243599125
194.69891719166918,44.85607670311632,1.0,-5.785277464335029,0.0008445111387693771,-213.9896471467397
194.7050798415863,44.84709676289491,1.0000000000000002,-5.784563164534637,0.0009365694376484157,-213.99404983437344
194.71124170659814,44.83811688884384,1.0,-5.783848743131012,0.0010291274007627749,-213.99840035805076
194.71740278274706,44.82913707934855,0.9999999999999999,-5.7831342008326425,0.0011221826276610614,-214.00269857693013
194.72356306607705,44.82015733279536,0.9999999999999998,-5.782419538348801,0.0012157327186059774,-214.00694435016996
194.72972255263386,44.81117764757175,1.0,-5.781704756389451,0.0013097752745885316,-214.0111375369288
194.735881238465,44.802198022066044,1.0,-5.780989855665338,0.0014043078972889589,-214.01527799636494
194.74203911961962,44.79321845466753,1.0000000000000002,-5.7802748368879255,0.0014993281891015897,-214.01936558763688
194.74819619214867,44.784238943766525,1.0,-5.779559700769432,0.0015948337531241918,-214.02340016990289
194.75435245210483,44.77525948775425,1.0,-5.778844448022801,0.0016908221931792866,-214.02738160232155
194.76050789554245,44.76628008502305,1.0,-5.778129079361699,0.0017872911137786218,-214.03130974405119
194.76666251851753,44.7573007339661,1.0,-5.777413595500567,0.0018842381201622516,-214.0351844542503
194.77281631708792,44.74832143297756,0.9999999999999999,-5.776697997154576,0.001981660818227482,-214.0390055920773
194.77896928731315,44.73934218045263,1.0,-5.775982285039609,0.0020795568146247945,-214.04277301669063
194.78512142525437,44.73036297478738,1.0,-5.775266459872315,0.002177923716729424,-214.04648658724852
194.7912727269745,44.721383814379024,1.0,-5.774550522370065,0.002276759132559647,-214.05014616290964
194.79742318853823,44.712404697625566,0.9999999999999999,-5.773834473250956,0.0023760606708904675,-214.05375160283225
194.8035728060118,44.70342562292607,1.0,-5.773118313233869,0.002475825941161247,-214.05730276617493
194.80972157546333,44.69444658868053,0.9999999999999999,-5.772402043038366,0.00257605255356097,-214.0607995120959
194.8158694929625,44.68546759328994,1.0,-5.771685663384782,0.0026767381189536366,-214.06424169975375
194.8220165545808,44.67648863515621,1.0,-5.770969174994152,0.0027778802489173415,-214.06762918830688
194.82816275639132,44.667509712682346,1.0,-5.770252578588283,0.0028794765557371704,-214.0709618369136
194.83430809446892,44.65853082427216,1.0,-5.7695358748897085,0.0029815246523696715,-214.07423950473245
194.84045256489011,44.64955196833053,1.0,-5.768819064621671,0.003084022152538779,-214.07746205092175
194.84659616373315,44.64057314326325,0.9999999999999998,-5.768102148508185,0.003186966670604363,-214.08062933463998
194.85273888707798,44.631594347477076,1.0,-5.767385127273978,0.0032903558216865747,-214.08374121504565
194.85888073100614,44.62261557937982,1.0,-5.7666680016445016,0.003394187221555711,-214.08679755129697
194.86502169160093,44.61363683738015,1.0,-5.765950772345981,0.0034984584867103763,-214.08979820255257
194.8711617649474,44.604658119887745,1.0,-5.7652334401053045,0.0036031672343739274,-214.0927430279707
194.8773009471322,44.59567942531322,0.9999999999999999,-5.764516005650162,0.0037083110824198684,-214.09563188670992
194.8834392342437,44.58670075206814,1.0,-5.763798469708945,0.0038138876494642204,-214.09846463792863
194.88957662237192,44.57772209856514,0.9999999999999999,-5.763080833010773,0.003919894554808678,-214.10124114078513
194.89571310760857,44.56874346321769,1.0,-5.762363096285526,0.004026329418444163,-214.103961254438
194.90184868604712,44.559764844440274,1.0,-5.761645260263767,0.004133189861082798,-214.10662483804563
194.90798335378256,44.55078624064833,1.0,-5.760927325676848,0.0042404735041330355,-214.10923175076627
194.91411710691176,44.541807650258235,0.9999999999999999,-5.760209293256782,0.004348177969681899,-214.1117818517586
194.92024994153311,44.5328290716873,1.0,-5.759491163736379,0.004456300880555375,-214.11427500018092
194.9263818537467,44.523850503353934,1.0,-5.758772937849142,0.004564839860215386,-214.11671105519162
194.93251283965432,44.51487194367735,1.0,-5.758054616329325,0.004673792532891241,-214.1190898759491
194.93864289535944,44.50589339107778,1.0,-5.757336199911883,0.00478315652345529,-214.12141132161193
194.9447720169672,44.4969148439764,1.0,-5.75661768933251,0.004892929457540163,-214.1236752513384
194.95090020058439,44.48793630079528,1.0,-5.755899085327654,0.005003108961403768,-214.12588152428694
194.95702744231946,44.478957759957616,1.0,-5.755180388634443,0.005113692662039426,-214.12802999961605
194.96315373828247,44.46997921988741,1.0,-5.754461599990804,0.0052246781871509995,-214.13012053648407
194.96927908458534,44.46100067900964,1.0,-5.753742720135292,0.00533606316509605,-214.13215299404945
