galstreams/tracks/track.st.Orphan-Chenab.shipp2019.ecsv
# %ECSV 1.0
# ---
# datatype:
# - {name: ra, unit: deg, datatype: float64}
# - {name: dec, unit: deg, datatype: float64}
# - {name: distance, unit: kpc, datatype: float64}
# - {name: pm_ra_cosdec, unit: mas / yr, datatype: float64}
# - {name: pm_dec, unit: mas / yr, datatype: float64}
# - {name: radial_velocity, unit: km / s, datatype: float64}
# delimiter: ','
# meta: !!omap
# - __serialized_columns__:
#     dec:
#       __class__: astropy.coordinates.angles.Latitude
#       unit: &id001 !astropy.units.Unit {unit: deg}
#       value: !astropy.table.SerializedColumn {name: dec}
#     distance:
#       __class__: astropy.coordinates.distances.Distance
#       unit: !astropy.units.Unit {unit: kpc}
#       value: !astropy.table.SerializedColumn {name: distance}
#     pm_dec:
#       __class__: astropy.units.quantity.Quantity
#       unit: !astropy.units.Unit {unit: mas / yr}
#       value: !astropy.table.SerializedColumn {name: pm_dec}
#     pm_ra_cosdec:
#       __class__: astropy.units.quantity.Quantity
#       unit: !astropy.units.Unit {unit: mas / yr}
#       value: !astropy.table.SerializedColumn {name: pm_ra_cosdec}
#     ra:
#       __class__: astropy.coordinates.angles.Longitude
#       unit: *id001
#       value: !astropy.table.SerializedColumn {name: ra}
#       wrap_angle: !astropy.coordinates.Angle
#         unit: *id001
#         value: 360.0
#     radial_velocity:
#       __class__: astropy.units.quantity.Quantity
#       unit: !astropy.units.Unit {unit: km / s}
#       value: !astropy.table.SerializedColumn {name: radial_velocity}
# schema: astropy-2.0
ra,dec,distance,pm_ra_cosdec,pm_dec,radial_velocity
[from data line 730]
326.55456760989534,-52.07532645364217,39.8,0.3536283526826566,-2.426208647360852,-147.91503642767276
326.5616629431048,-52.06631338597464,39.800000000000004,0.3538625123436341,-2.4255626934365164,-147.95495007542488
326.56876094681223,-52.05730138039309,39.8,0.3540964438575729,-2.4249164216176613,-147.99487101013062
326.57586162034085,-52.04829043622009,39.80000000000001,0.35433014701846777,-2.42426983196388,-148.0347992317899
326.58296496301483,-52.039280552778074,39.800000000000004,0.35456362162039556,-2.423622924534847,-148.0747347404029
326.59007097415935,-52.03027172938956,39.8,0.3547968674575259,-2.4229756993903058,-148.11467753596938
326.59717965310074,-52.021263965376846,39.800000000000004,0.3550298843241133,-2.422328156590079,-148.1546276184898
326.60429099916655,-52.01225726006221,39.8,0.355262672014506,-2.4216802961940656,-148.19458498796362
326.6114050116851,-52.00325161276789,39.8,0.3554952303231371,-2.421032118262235,-148.23454964439117
326.61852168998615,-51.99424702281599,39.800000000000004,0.3557275590445297,-2.420383622854636,-148.27452158777243
326.62564103340014,-51.98524348952862,39.8,0.3559596579732931,-2.419734810031392,-148.31450081810723
326.63276304125895,-51.97624101222771,39.800000000000004,0.35619152690413247,-2.4190856798526967,-148.35448733539576
326.63988771289524,-51.96723959023533,39.8,0.35642316563182985,-2.418436232378827,-148.3944811396378
326.64701504764287,-51.95823922287326,39.8,0.3566545739512659,-2.417786467670126,-148.43448223083365
326.65414504483675,-51.94923990946334,39.8,0.3568857516574039,-2.4171363857870176,-148.474490608983
326.66127770381297,-51.94024164932728,39.8,0.35711669854530104,-2.4164859867899966,-148.51450627408607
326.66841302390833,-51.93124444178677,39.800000000000004,0.35734741441009465,-2.4158352707396338,-148.55452922614282
326.6755510044611,-51.9222482861634,39.800000000000004,0.3575778990470192,-2.4151842376965784,-148.5945594651532
326.68269164481035,-51.91325318177867,39.8,0.35780815225139306,-2.414532887721548,-148.63459699111723
326.6898349442963,-51.90425912795415,39.800000000000004,0.35803817381862235,-2.4138812208753375,-148.67464180403493
326.6969809022602,-51.8952661240112,39.8,0.358267963544204,-2.413229237218818,-148.7146939039062
326.7041295180443,-51.88627416927117,39.800000000000004,0.3584975212237208,-2.4125769368129313,-148.75475329073106
326.71128079099196,-51.877283263055325,39.8,0.3587268466528454,-2.4119243197186977,-148.79481996450957
326.7184347204476,-51.86829340468489,39.8,0.35895593962733674,-2.4112713859972077,-148.83489392524177
326.72559130575667,-51.859304593481006,39.8,0.3591847999430471,-2.4106181357096284,-148.8749751729277
326.73275054626566,-51.85031682876472,39.8,0.359413427395911,-2.4099645689172013,-148.91506370756724
326.7399124413221,-51.84133010985717,39.8,0.35964182178195203,-2.4093106856812403,-148.95515952916037
326.7470769902745,-51.83234443607924,39.80000000000001,0.3598699828972871,-2.4086564860631365,-148.9952626377072
326.7542441924724,-51.82335980675185,39.8,0.3600979105381139,-2.4080019701243516,-149.03537303320758
326.7614140472666,-51.81437622119583,39.8,0.3603256045007245,-2.407347137926423,-149.07549071566177
326.7685865540087,-51.80539367873197,39.8,0.3605530645814964,-2.4066919895309606,-149.11561568506954
326.7757617120514,-51.79641217868096,39.8,0.36078029057689254,-2.4060365249996516,-149.15574794143092
326.78293952074847,-51.787431720363436,39.8,0.36100728228347023,-2.405380744394253,-149.19588748474595
326.7901199794546,-51.778452303100075,39.8,0.3612340394978686,-2.404724647776599,-149.23603431501462
326.79730308752556,-51.769473926211354,39.8,0.3614605620168192,-2.404068235208593,-149.2761884322369
326.8044888443183,-51.760496589017755,39.8,0.36168684963714004,-2.4034115067522164,-149.31634983641288
326.8116772491905,-51.751520290839686,39.8,0.3619129021557346,-2.402754462469523,-149.35651852754253
326.81886830150114,-51.74254503099751,39.8,0.36213871936959907,-2.4020971024226387,-149.3966945056258
326.82606200060997,-51.73357080881153,39.8,0.3623643010758124,-2.401439426673766,-149.43687777066265
326.83325834587805,-51.7245976236019,39.800000000000004,0.3625896470715474,-2.4007814352851753,-149.47706832265325
326.8404573366671,-51.715625474688935,39.800000000000004,0.3628147571540591,-2.4001231283192164,-149.5172661615974
326.8476589723401,-51.7066543613927,39.8,0.36303963112069326,-2.399464505838309,-149.5574712874952
326.85486325226105,-51.69768428303323,39.800000000000004,0.36326426876888407,-2.398805567904947,-149.5976837003467
326.8620701757949,-51.68871523893057,39.8,0.36348866989615125,-2.398146314581698,-149.63790340015186
326.86927974230747,-51.679747228404636,39.8,0.3637128343001045,-2.397486745931201,-149.6781303869107
326.87649195116586,-51.670780250775344,39.800000000000004,0.36393676177844125,-2.3968268620161695,-149.71836466062308
326.883706801738,-51.66181430536249,39.800000000000004,0.364160452128947,-2.3961666628993896,-149.75860622128914
326.8909242933928,-51.652849391485915,39.8,0.3643839051494896,-2.3955061486437215,-149.7988550689088
326.8981444255002,-51.64388550846532,39.8,0.36460712063803025,-2.3948453193120978,-149.83911120348213
326.9053671974313,-51.63492265562035,39.800000000000004,0.36483009839262137,-2.394184174967521,-149.8793746250092
326.912592608558,-51.62596083227066,39.8,0.3650528382113922,-2.393522715673072,-149.91964533348988
326.9198206582532,-51.61700003773579,39.8,0.36527533989256966,-2.3928609414918993,-149.9599233289241
326.92705134589085,-51.60804027133524,39.800000000000004,0.36549760323446323,-2.3921988524872266,-150.00020861131208
326.93428467084595,-51.59908153238849,39.8,0.3657196280354701,-2.391536448722351,-150.04050118065362
326.9415206324945,-51.5901238202149,39.800000000000004,0.3659414140940802,-2.3908737302606395,-150.08080103694886
326.9487592302133,-51.58116713413385,39.8,0.3661629612088638,-2.3902106971655357,-150.1211081801978
326.9560004633803,-51.57221147346463,39.8,0.3663842691784819,-2.3895473495005506,-150.16142261040025
326.9632443313744,-51.56325683752646,39.800000000000004,0.3666053378016868,-2.388883687329271,-150.20174432755647
326.9704908335755,-51.55430322563855,39.8,0.3668261668773115,-2.388219710715356,-150.24207333166626
326.97773996936445,-51.54535063712002,39.800000000000004,0.36704675620428273,-2.3875554197225357,-150.28240962272966
326.9849917381231,-51.53639907128997,39.800000000000004,0.36726710558161013,-2.386890814414614,-150.32275320074686
326.99224613923417,-51.52744852746743,39.8,0.3674872148083912,-2.386225894855466,-150.3631040657175
326.99950317208163,-51.51849900497138,39.8,0.36770708368381844,-2.3855606611090385,-150.4034622176419
327.0067628360501,-51.50955050312076,39.8,0.36792671200715854,-2.384895113239351,-150.44382765651994
327.01402513052545,-51.500603021234454,39.8,0.3681460995777812,-2.3842292513104955,-150.4842003823516
327.0212900548943,-51.491656558631284,39.8,0.36836524619512834,-2.383563075386635,-150.52458039513692
327.02855760854425,-51.48271111463004,39.8,0.3685841516587386,-2.3828965855320052,-150.56496769487597
327.0358277908642,-51.473766688549475,39.800000000000004,0.3688028157682396,-2.3822297818109135,-150.60536228156846
327.0431006012435,-51.46482327970825,39.800000000000004,0.36902123832333655,-2.381562664287739,-150.6457641552148
327.0503760390729,-51.45588088742502,39.8,0.3692394191238324,-2.380895233026934,-150.68617331581473
327.0576541037439,-51.44693951101837,39.8,0.3694573579696142,-2.380227488093018,-150.7265897633682
327.064934794649,-51.43799914980684,39.8,0.36967505466064987,-2.3795594295505884,-150.76701349787544
327.0722181111817,-51.429059803108935,39.800000000000004,0.3698925089970073,-2.378891057464309,-150.80744451933631
327.07950405273635,-51.42012147024308,39.8,0.37010972077882964,-2.3782223718989193,-150.84788282775077
327.08679261870833,-51.41118415052771,39.8,0.37032668980635397,-2.377553372919227,-150.888328423119
327.094083808494,-51.40224784328117,39.8,0.370543415879904,-2.376884060590111,-150.9287813054407
327.10137762149066,-51.39331254782175,39.800000000000004,0.3707598987998889,-2.3762144349765264,-150.96924147471609
327.1086740570965,-51.38437826346773,39.8,0.37097613836680643,-2.375544496143494,-151.0097089309452
327.1159731147108,-51.37544498953733,39.800000000000004,0.37119213438124354,-2.3748742441561075,-151.05018367412782
327.1232747937336,-51.36651272534872,39.8,0.3714078866438687,-2.374203679079535,-151.09066570426418
327.13057909356587,-51.35758147022003,39.8,0.37162339495544217,-2.373532800979012,-151.13115502135426
327.1378860136099,-51.348651223469346,39.800000000000004,0.3718386591168118,-2.3728616099198447,-151.17165162539789
327.14519555326837,-51.33972198441471,39.800000000000004,0.37205367892890984,-2.3721901059674146,-151.21215551639517
327.1525077119454,-51.330793752374106,39.8,0.37226845419275933,-2.3715182891871702,-151.25266669434612
327.1598224890457,-51.3218665266655,39.800000000000004,0.37248298470946617,-2.370846159644631,-151.29318515925073
327.16713988397515,-51.312940306606826,39.8,0.3726972702802275,-2.3701737174053914,-151.3337109111089
327.1744598961404,-51.30401509151591,39.800000000000004,0.3729113107063252,-2.3695009625351124,-151.37424394992084
327.181782524949,-51.2950908807106,39.8,0.3731251057891296,-2.368827895099528,-151.41478427568623
327.1891077698097,-51.28616767350868,39.8,0.37333865533009436,-2.3681545151644396,-151.4553318884055
327.196435630132,-51.2772454692279,39.8,0.37355195913076955,-2.3674808227957245,-151.49588678807828
327.20376610532617,-51.268324267185946,39.8,0.37376501699277964,-2.366806818059328,-151.53644897470477
327.21109919480375,-51.25940406670049,39.8,0.37397782871784724,-2.366132501021264,-151.5770184482848
327.2184348979769,-51.25048486708915,39.8,0.3741903941077769,-2.3654578717476187,-151.6175952088185
327.22577321425894,-51.24156666766951,39.8,0.3744027129644586,-2.3647829303045516,-151.65817925630597
327.233114143064,-51.2326494677591,39.800000000000004,0.37461478508987656,-2.3641076767582856,-151.698770590747
327.24045768380705,-51.223733266675445,39.8,0.37482661028609576,-2.363432111175121,-151.73936921214155
327.2478038359041,-51.214818063735976,39.8,0.3750381883552666,-2.3627562336214245,-151.77997512049
327.2551525987721,-51.20590385825814,39.800000000000004,0.375249519099633,-2.3620800441636343,-151.820588315792
327.26250397182883,-51.196990649559304,39.800000000000004,0.37546060232152345,-2.361403542868257,-151.86120879804753
327.2698579544931,-51.18807843695683,39.8,0.3756714378233521,-2.360726729801872,-151.90183656725685
327.2772145461844,-51.179167219768026,39.8,0.3758820254076187,-2.3600496050311275,-151.9424716234197
327.2845737463233,-51.17025699731014,39.8,0.37609236487691555,-2.3593721686227402,-151.98311396653625
327.29193555433136,-51.161347768900434,39.8,0.3763024560339153,-2.3586944206434994,-152.02376359660644
327.2992999696308,-51.15243953385611,39.8,0.3765122986813828,-2.358016361160262,-152.06442051363027
327.30666699164505,-51.14353229149431,39.8,0.37672189262216715,-2.3573379902399565,-152.10508471760778
327.3140366197982,-51.13462604113217,39.8,0.3769312376592062,-2.3566593079495792,-152.1457562085389
327.3214088535153,-51.12572078208675,39.8,0.3771403335955228,-2.3559803143561977,-152.18643498642368
327.32878369222243,-51.116816513675154,39.800000000000004,0.3773491802342298,-2.3553010095269475,-152.22712105126217
327.3361611353464,-51.10791323521437,39.800000000000004,0.3775577773785227,-2.3546213935290377,-152.2678144030542
327.343541182315,-51.099010946021394,39.8,0.3777661248316888,-2.3539414664297422,-152.30851504179984
327.35092383255693,-51.090109645413165,39.800000000000004,0.37797422239709544,-2.3532612282964074,-152.3492229674992
327.3583090855017,-51.08120933270661,39.8,0.3781820698782039,-2.3525806791964468,-152.3899381801522
327.3656969405798,-51.07231000721859,39.8,0.37838966707856203,-2.351899819197344,-152.4306606797589
327.3730873972226,-51.063411668265985,39.800000000000004,0.378597013801797,-2.351218648366654,-152.47139046631906
327.3804804548624,-51.0545143151656,39.800000000000004,0.3788041098516336,-2.350537166771999,-152.51212753983316
327.3878761129322,-51.045617947234206,39.800000000000004,0.3790109550318732,-2.349855374481071,-152.55287190030066
327.39527437086616,-51.03672256378857,39.80000000000001,0.37921754914641415,-2.3491732715616287,-152.59362354772188
327.40267522809904,-51.0278281641454,39.800000000000004,0.3794238919992313,-2.3484908580815063,-152.6343824820968
327.4100786840668,-51.01893474762138,39.8,0.37962998339439513,-2.3478081341085986,-152.67514870342538
327.417484738206,-51.01004231353318,39.8,0.37983582313605857,-2.3471250997108752,-152.71592221170746
327.4248933899542,-51.001150861197424,39.8,0.38004141102846056,-2.3464417549563747,-152.75670300694324
327.4323046387499,-50.9922603899307,39.79999999999999,0.3802467468759303,-2.3457580999132013,-152.79749108913265
327.4397184840323,-50.98337089904957,39.8,0.38045183048288256,-2.3450741346495283,-152.8382864582758
327.44713492524176,-50.97448238787057,39.8,0.3806566616538183,-2.344389859233601,-152.87908911437256
327.4545539618191,-50.96559485571022,39.79999999999999,0.38086124019332357,-2.3437052737337303,-152.91989905742284
327.4619755932065,-50.95670830188497,39.79999999999999,0.38106556590607554,-2.3430203782182972,-152.96071628742698
327.4693998188466,-50.94782272571129,39.8,0.3812696385968336,-2.3423351727557504,-153.0015408043846
327.4768266381832,-50.93893812650558,39.8,0.3814734580704503,-2.341649657414607,-153.04237260829595
327.4842560506607,-50.930054503584245,39.8,0.3816770241318558,-2.340963832263456,-153.08321169916093
327.49168805572464,-50.92117185626364,39.79999999999999,0.38188033658607545,-2.340277697370949,-153.12405807697948
327.49912265282126,-50.912290183860094,39.79999999999999,0.3820833952382182,-2.3395912528058087,-153.16491174175175
327.50655984139763,-50.90340948568992,39.79999999999999,0.38228619989347745,-2.338904498636829,-153.20577269347768
327.51399962090187,-50.89452976106939,39.79999999999999,0.38248875035714014,-2.3382174349328655,-153.24664093215728
327.52144199078276,-50.885651009314785,39.79999999999999,0.3826910464345695,-2.3375300617628483,-153.28751645779047
327.52888695049006,-50.8767732297423,39.8,0.38289308793122623,-2.3368423791957706,-153.32839927037728
327.5363344994743,-50.86789642166816,39.79999999999999,0.3830948746526529,-2.336154387300699,-153.36928936991777
327.54378463718706,-50.859020584408526,39.8,0.38329640640447726,-2.335466086146763,-153.41018675641197
327.5512373630805,-50.85014571727956,39.8,0.3834976829924155,-2.334777475803164,-153.45109142985973
327.5586926766078,-50.84127181959738,39.8,0.3836987042222735,-2.3340885563391662,-153.4920033902611
327.56615057722297,-50.8323988906781,39.79999999999999,0.3838994698999397,-2.3333993278241083,-153.53292263761614
327.5736110643808,-50.82352692983779,39.79999999999999,0.3840999798313889,-2.3327097903273923,-153.57384917192488
327.5810741375371,-50.8146559363925,39.8,0.3843002338226875,-2.332019943918487,-153.61478299318728
327.5885397961483,-50.80578590965826,39.8,0.38450023167998393,-2.3313297886669333,-153.6557241014033
327.59600803967186,-50.7969168489511,39.8,0.3846999732095139,-2.3306393246423367,-153.69667249657294
327.603478867566,-50.78804875358698,39.8,0.38489945821760585,-2.3299485519143697,-153.73762817869616
327.6109522792899,-50.77918162288186,39.8,0.3850986865106666,-2.3292574705527738,-153.77859114777303
327.6184282743032,-50.77031545615171,39.79999999999999,0.3852976578951911,-2.328566080627358,-153.81956140380365
327.625906852067,-50.761450252712415,39.8,0.3854963721777682,-2.3278743822079964,-153.86053894678795
327.63338801204264,-50.75258601187989,39.8,0.38569482916506714,-2.3271823753646332,-153.90152377672578
327.64087175369264,-50.743722732970014,39.8,0.38589302866384134,-2.326490060167279,-153.94251589361735
