galstreams/tracks/track.st.Sylgr.ibata2020.ecsv
# %ECSV 0.9
# ---
# datatype:
# - {name: ra, unit: deg, datatype: float64}
# - {name: dec, unit: deg, datatype: float64}
# - {name: distance, unit: kpc, datatype: float64}
# - {name: pm_ra_cosdec, unit: mas / yr, datatype: float64}
# - {name: pm_dec, unit: mas / yr, datatype: float64}
# - {name: radial_velocity, unit: km / s, datatype: float64}
# delimiter: ','
# meta: !!omap
# - __serialized_columns__:
#     dec:
#       __class__: astropy.coordinates.angles.Latitude
#       unit: &id001 !astropy.units.Unit {unit: deg}
#       value: !astropy.table.SerializedColumn {name: dec}
#     distance:
#       __class__: astropy.coordinates.distances.Distance
#       unit: !astropy.units.Unit {unit: kpc}
#       value: !astropy.table.SerializedColumn {name: distance}
#     pm_dec:
#       __class__: astropy.units.quantity.Quantity
#       unit: !astropy.units.Unit {unit: mas / yr}
#       value: !astropy.table.SerializedColumn {name: pm_dec}
#     pm_ra_cosdec:
#       __class__: astropy.units.quantity.Quantity
#       unit: !astropy.units.Unit {unit: mas / yr}
#       value: !astropy.table.SerializedColumn {name: pm_ra_cosdec}
#     ra:
#       __class__: astropy.coordinates.angles.Longitude
#       unit: *id001
#       value: !astropy.table.SerializedColumn {name: ra}
#       wrap_angle: !astropy.coordinates.Angle
#         unit: *id001
#         value: 360.0
#     radial_velocity:
#       __class__: astropy.units.quantity.Quantity
#       unit: !astropy.units.Unit {unit: km / s}
#       value: !astropy.table.SerializedColumn {name: radial_velocity}
# schema: astropy-2.0
ra,dec,distance,pm_ra_cosdec,pm_dec,radial_velocity
165.30319141426475,-11.612360880178631,2.4107524852223534,-25.009158734370168,-23.9060348247817,6.73661370389787e-14
165.40025974926232,-11.510973355842914,2.423361471700696,-24.897280034699193,-23.810228578133888,3.368306851948935e-14
165.49754031273906,-11.41012870687408,2.435784531226121,-24.78607568426538,-23.714696905442235,8.420767129872338e-15
165.59503264110464,-11.309824900123822,2.448025171784269,-24.675540141150666,-23.619437296478047,5.894536990910637e-14
165.692736273359,-11.210059903882858,2.460086901360787,-24.565667852086815,-23.524447249995198,8.420767129872338e-14
165.79065075094493,-11.110831687908105,2.4719732279413185,-24.45645325265427,-23.42972427343284,8.420767129872338e-14
165.88877561760316,-11.01213822344947,2.4836876595115074,-24.347890767477335,-23.335265882624885,6.73661370389787e-14
165.98711041923013,-10.913977483276234,2.495233704057,-24.23997481041578,-23.24106960151595,6.73661370389787e-14
166.0856547037383,-10.816347441703114,2.50661486956344,-24.132699784752937,-23.147132961883997,-1.6841534259744676e-14
166.18440802091894,-10.719246074615764,2.5178346640164704,-24.026060083380255,-23.05345350306917,3.368306851948935e-14
166.28336992230723,-10.62267135949617,2.528896595401737,-23.920050088978485,-22.960028771709087,1.4315304120782974e-13
166.38253996105004,-10.526621275447397,2.5398041717048834,-23.81466417419553,-22.866856321480213,-8.420767129872338e-15
166.4819176917758,-10.431093803218124,2.550560900911556,-23.709896701821005,-22.773933712845434,5.894536990910637e-14
166.58150267046707,-10.336086925226699,2.561170291007397,-23.60574202495754,-22.681258512807588,-8.420767129872338e-15
166.68129445433493,-10.241598625584912,2.5716358499780516,-23.50219448718898,-22.588828294668907,1.1789073981821273e-13
166.7812926016962,-10.147626890121314,2.581961085809164,-23.399248422745366,-22.49664063779633,8.420767129872338e-15
166.8814966718524,-10.0541697064042,2.59214950648638,-23.29689815666493,-22.404693127392484,7.578690416885104e-14
166.9819062249711,-9.961225063764235,2.6022046199953426,-23.195138004953083,-22.312983354272397,5.0524602779234026e-14
167.08252082196964,-9.868790953316678,2.612129934321696,-23.093962274738384,-22.22150891464572,1.1789073981821273e-13
167.18334002440056,-9.776865367983262,2.621928957451086,-22.99336526442564,-22.130267409904445,9.262843842859572e-14
167.28436339433952,-9.685446302513697,2.6316051973691565,-22.89334126384616,-22.039256446416026,1.347322740779574e-13
167.38559049427502,-9.59453175350683,2.6411621620615513,-22.793884554405185,-21.948473635321832,1.1789073981821273e-13
167.48702088700034,-9.504119719431404,2.650603359513916,-22.694989409226476,-21.857916592340782,8.420767129872338e-14
167.58865413550734,-9.41420820064651,2.659932297711894,-22.59665009329433,-21.76758293757827,1.6841534259744676e-14
167.69048980288238,-9.324795199421565,2.6691524846411294,-22.49886086359278,-21.677470295339987,1.0104920555846805e-13
167.79252745220407,-9.235878719956144,2.678267428287268,-22.40161596924222,-21.587576293950942,1.4315304120782974e-13
167.89476664644303,-9.147456768399223,2.687280636635953,-22.304909651633473,-21.49789856557929,1.4315304120782974e-13
167.99720694836344,-9.059527352868214,2.696195617672831,-22.208736144559236,-21.408434746065094,1.1789073981821273e-13
168.09984792042655,-8.97208848346758,2.705015879383544,-22.113089674343072,-21.319182474753852,7.578690416885104e-14
168.202689124696,-8.885138172307125,2.7137449297537373,-22.017964459965864,-21.23013939433478,1.2631150694808508e-13
168.30573012274505,-8.798674433519913,2.7223862767690554,-21.923354713189937,-21.141303150683672,4.210383564936169e-14
168.4089704755652,-8.712695283279864,2.730943428415143,-21.8292546386807,-21.05267139271047,1.0104920555846805e-13
168.51240974347738,-8.627198739818954,2.739419892677643,-21.735658434125966,-20.96424177221125,1.5999457546757442e-13
168.61604748604378,-8.542182823444117,2.7478191775422025,-21.6425602903529,-20.87601194372471,1.0104920555846805e-13
168.7198832619825,-8.45764555655376,2.7561447909944636,-21.549954391442828,-20.787979564393098,1.4315304120782974e-13
168.823916629083,-8.37358496365395,2.7644002410200725,-21.457834914843577,-20.700142293827373,9.262843842859572e-14
168.9281471441239,-8.289999071374261,2.772589035604672,-21.36619603147975,-20.61249779397668,8.420767129872338e-14
169.03257436279188,-8.206885908483232,2.780714682733908,-21.275031905860796,-20.5250437290021,5.894536990910637e-14
169.13719783960255,-8.124243505903587,2.7887806903934247,-21.18433669618688,-20.437777765154433,9.262843842859572e-14
169.24201712782298,-8.042069896726897,2.7967905665688657,-21.094104554452635,-20.35069757065616,3.368306851948935e-14
169.3470317793953,-7.960363116228212,2.804747819245876,-21.004329626548905,-20.263800815587402,7.578690416885104e-14
169.45224134486247,-7.879121201880078,2.8126559564101004,-20.915006052362248,-20.17708517177585,2.5262301389617013e-14
169.55764537329526,-7.798342193366331,2.820518486047182,-20.826127965872647,-20.09054831269062,1.347322740779574e-13
169.6632434122208,-7.718024132595557,2.828338916142766,-20.73768949524904,-20.004187913339994,6.315575347404254e-14
169.76903500755267,-7.63816506371417,2.8361207546824976,-20.649684762942904,-19.918001650172968,1.221011233831489e-13
169.87501970352244,-7.558763033119192,2.843867509652021,-20.56210788577995,-19.83198720098449,8.420767129872338e-14
169.9811970426126,-7.479816089470662,2.8515826890369795,-20.474952975049888,-19.746142244824522,1.0525958912340423e-13
170.08756656549116,-7.401322283703737,2.859269800823019,-20.388214136594225,-19.660464461910642,6.73661370389787e-14
170.1941278109474,-7.323279669040443,2.8669323529957826,-20.30188547089229,-19.574951533544304,1.4315304120782974e-13
170.3008803158292,-7.245686301001086,2.874573853540915,-20.215961073145383,-19.48960114203069,6.73661370389787e-14
170.40782361498168,-7.168540237415347,2.8821978104440613,-20.130435033359095,-19.404410970601923,5.894536990910637e-14
170.51495724118715,-7.0918395384330175,2.8898077316908672,-20.045301436423816,-19.3193787033439,1.4736342477276593e-13
170.62228072510672,-7.015582266534438,2.897407125266974,-19.960554362193605,-19.234502025126446,1.1789073981821273e-13
170.72979359522284,-6.9397664865405675,2.9049994991580284,-19.876187885563112,-19.149778621536797,1.0946997268834039e-13
170.83749537778326,-6.864390265622772,2.9125883613496746,-19.79219607654299,-19.06520617881649,1.4736342477276593e-13
170.94538559674677,-6.789451673312154,2.9201772198275555,-19.70857300033346,-18.980782383801408,5.4734986344170195e-14
171.05346377372933,-6.714948781508786,2.9277695825773176,-19.62531271739625,-18.89650492386512,1.3052189051302125e-13
171.1617294279523,-6.640879664490392,2.9353689575846045,-19.542409283524968,-18.8123714868654,1.0946997268834039e-13
171.2701820761915,-6.567242398920809,2.94297885283506,-19.45985674991369,-18.72837976109379,1.1368035625327657e-13
171.3788212327276,-6.494035063858094,2.950602776314329,-19.377649163224074,-18.644527435228383,4.631421921429786e-14
171.48764640929772,-6.421255740762319,2.958244236008057,-19.29578056565079,-18.560812198289533,1.0946997268834039e-13
171.5966571150484,-6.348902513503028,2.9659067399018872,-19.214244994985506,-18.477231739598633,1.515738083377021e-13
171.7058528564895,-6.276973468366377,2.973593795981464,-19.133036484679184,-18.393783748739825,9.683882199353189e-14
171.81523313744944,-6.205466694061947,2.981308912232433,-19.052149063902938,-18.31046591552463,6.315575347404254e-14
171.92479745903157,-6.134380281729228,2.9890555966404357,-18.971576757607455,-18.22727592995953,6.73661370389787e-14
172.0345453195718,-6.063712324943798,2.9968373571911204,-18.891313586580697,-18.144211482216196,9.683882199353189e-14
172.14447621459715,-5.9934609197231605,3.00465770187013,-18.81135356750442,-18.06127026260478,7.578690416885104e-14
172.25458963678568,-5.9236241645322805,3.0125201386631084,-18.731690713009097,-17.978449961549778,6.73661370389787e-14
172.36488507592725,-5.854200160288777,3.020428175555701,-18.65231903172736,-17.89574826956861,1.1368035625327657e-13
172.4753620188857,-5.785187010367829,3.028385320533551,-18.5732325283462,-17.813162877253053,1.1368035625327657e-13
172.5860199495618,-5.716582820606747,3.036395081582303,-18.49442520365758,-17.73069147525308,6.315575347404254e-14
172.69685834885772,-5.648385699309153,3.044460966687603,-18.415891054607876,-17.64833175426356,5.4734986344170195e-14
172.80787669464186,-5.580593757249043,3.0525864838350936,-18.337624074345793,-17.566081405013303,5.894536990910637e-14
172.9190744617154,-5.513205107674321,3.060775141010421,-18.259618252269014,-17.483938118256777,8.841805486365955e-14
173.03045112177966,-5.446217866310127,3.0690304461992275,-18.18186757406958,-17.40189958476833,6.315575347404254e-14
173.14200614340436,-5.3796301513618285,3.0773559073871595,-18.104366021777825,-17.31996349533875,7.157652060391487e-14
173.25373899199695,-5.313440083517702,3.08575503255986,-18.027107573805193,-17.238127540774425,1.0104920555846805e-13
173.36564912977317,-5.247645785951302,3.0942313297029758,-17.95008620498562,-17.15638941189875,7.157652060391487e-14
173.47773601572825,-5.182245384323516,3.102788306802148,-17.8732958866158,-17.074746799556,2.5262301389617013e-14
173.58999910560928,-5.117237006784317,3.111429471843023,-17.79673058649413,-16.99319739461746,1.0525958912340423e-13
173.70243785188867,-5.052618783974193,3.1201583328112448,-17.720384268958448,-16.911738887989873,1.0525958912340423e-13
173.81505170373822,-4.988388849025289,3.1289783976924577,-17.644250894922564,-16.83036897062619,7.999728773378721e-14
173.9278401070045,-4.9245453375622175,3.1378931744723073,-17.568324421911644,-16.749085333538464,8.841805486365955e-14
174.04080250418488,-4.86108638770259,3.1469061711364374,-17.49259880409633,-16.66788566781301,1.2631150694808508e-13
174.15393833440478,-4.798010140057221,3.1560208956704914,-17.41706799232579,-16.58676766462773,9.683882199353189e-14
174.2672470333955,-4.735314737730066,3.1652408560601146,-17.341725934159577,-16.505729015271484,5.894536990910637e-14
174.38072803347325,-4.672998326317718,3.1745695602909523,-17.266566573898295,-16.424767411165686,8.841805486365955e-14
174.49438076351888,-4.611059053908879,3.184010516348647,-17.191583852613334,-16.343880543887888,1.0946997268834039e-13
174.60820464895858,-4.549495071083246,3.1935672322188444,-17.116771708175293,-16.263066105197414,4.631421921429786e-14
174.72219911174543,-4.4883045309102485,3.203243215887188,-17.042124075281425,-16.182321787063056,4.210383564936169e-14
174.83636357034183,-4.42748558894745,3.2130419753393245,-16.967634885482028,-16.10164528169266,8.631286308119147e-14
174.95069743970288,-4.367036403238661,3.222967018560896,-16.893298067205695,-16.021034281564788,9.262843842859572e-14
175.0652001312603,-4.306955134311742,3.2330218535375486,-16.819107545783613,-15.94048647946216,5.4734986344170195e-14
175.17987105290754,-4.247239945176128,3.2432099882549243,-16.745057243472754,-15.85999956850713,9.47336302110638e-14
175.29470960898558,-4.187889001320046,3.25353493069867,-16.671141079478065,-15.779571242198893,8.21024795162553e-14
175.4097152002695,-4.12890047070744,3.26400018885443,-16.59735296997373,-15.699199194452644,-4.210383564936169e-15
175.5248872239557,-4.070272523774622,3.2746092707078485,-16.523686828123324,-15.618881119640502,1.2631150694808506e-14
175.64022507365053,-4.012003333426607,3.285365684244567,-16.4501365640991,-15.538614712634176,1.894672604221276e-14
175.75572813935895,-3.9540910750331735,3.296272937450234,-16.376696085100193,-15.458397668849443,4.210383564936169e-15
175.87139580747444,-3.8965339264246386,3.307334538310492,-16.30335929537003,-15.378227684292352,3.368306851948935e-14
175.98722746076953,-3.839330067887362,3.318553994810985,-16.23012009621265,-15.298102455607081,8.420767129872338e-15
176.10322247838727,-3.7824776821588384,3.32993481493736,-16.156972386008224,-15.218019680125504,1.0525958912340423e-14
176.21938023583297,-3.7259749544227976,3.341480506675259,-16.08391006022756,-15.137977055918446,5.4734986344170195e-14
176.33570010496737,-3.66982007230368,3.353194578010326,-16.010927011445805,-15.057972281848437,9.052324664612763e-14
176.4521814540001,-3.6140112258610446,3.365080536928208,-15.938017129355186,-14.978003057624226,-1.2631150694808506e-14
176.56882364748384,-3.558546607583643,3.377141891414547,-15.86517430077693,-14.898067083856736,9.262843842859572e-14
176.68562604630955,-3.5034244123831964,3.3893821494549883,-15.792392409672306,-14.818162062116613,3.157787673702127e-14
176.80258800770198,-3.448642837587916,3.401804819035178,-15.719665337152795,-14.738285694993337,7.999728773378721e-14
176.91970888521635,-3.3942000829357477,3.414413408140758,-15.646986961489489,-14.658435686155768,5.0524602779234026e-14
177.03698802873532,-3.3400943505673246,3.427211424757374,-15.574351158121594,-14.57860974041419,2.1051917824680845e-15
177.1544247844668,-3.286323845018666,3.4402023768706713,-15.501751799664193,-14.498805563783812,1.894672604221276e-14
177.27201849494267,-3.232886773213597,3.453389772466292,-15.429182755915143,-14.419020863549703,-6.315575347404253e-15
177.38976849901766,-3.1797813444558902,3.466777119529882,-15.356637893861237,-14.339253348333088,7.999728773378721e-14
177.50767413186946,-3.12700577042116,3.4803679260470854,-15.284111077683553,-14.25950072815908,8.21024795162553e-14
177.62573472499918,-3.074558265148462,3.4941657000035464,-15.211596168762103,-14.179760714525719,2.1051917824680846e-14
177.74394960623226,-3.022437045031655,3.508173949384912,-15.139087025679654,-14.10003102047438,6.315575347404254e-14
177.8623180997208,-2.9706403288104757,3.522396182176822,-15.066577504224883,-14.020309360661477,-2.1051917824680846e-14
177.98083952594544,-2.9191663375613675,3.5368359063649244,-14.994061457394722,-13.940593451431436,2.1051917824680846e-14
178.09951320171882,-2.868013294688038,3.5514966299348623,-14.921532735396086,-13.860881010890985,7.157652060391487e-14
178.21833844018917,-2.817179425911761,3.566381860872281,-14.848985185646825,-13.781169758984628,3.5788260301957434e-14
178.3373145508446,-2.7666629592614274,3.581495107162824,-14.77641265277601,-13.701457417571405,4.210383564936169e-15
178.45644083951802,-2.7164621250633245,3.596839876792136,-14.70380897862353,-13.621741710502778,2.1051917824680846e-14
178.57571660839278,-2.6665751559306794,3.6124196777458613,-14.631168002239063,-13.542020363701797,-1.473634247727659e-14
178.6951411560086,-2.617000286752935,3.6282380180096445,-14.558483559880296,-13.462291105243313,-2.5262301389617013e-14
178.81471377726848,-2.5677357546847825,3.644298405569131,-14.485749485010603,-13.382551665435404,-8.420767129872338e-15
178.93443376344592,-2.5187797991349457,3.6606043484099637,-14.412959608296042,-13.302799776901937,-3.789345208442552e-14
179.05430040219272,-2.470130661754712,3.6771593545177885,-14.340107757601677,-13.223033174666128,4.210383564936169e-14
179.17431297754757,-2.4217865864262227,3.693966931878247,-14.267187757987413,-13.143249596235288,-4.210383564936169e-15
179.29447076994487,-2.3737458192505163,3.711030588476988,-14.194193431703086,-13.063446781686565,6.315575347404254e-14
179.41477305622445,-2.3260066085353315,3.728353832299653,-14.121118598183067,-12.983622473753728,1.473634247727659e-14
179.53521910964153,-2.2785672047826693,3.7459401713318874,-14.04795707404026,-12.903774417915013,5.157719867046807e-14
179.65580819987755,-2.2314258606761133,3.7637931135593345,-13.974702673059499,-12.823900362481915,-2.315710960714893e-14
179.77653959305107,-2.1845808310679216,3.781916166967641,-13.9013492061904,-12.743998058688957,-6.315575347404253e-15
179.89741255172984,-2.1380303729658734,3.8003128395424484,-13.827890481539733,-12.664065260784504,-2.1051917824680845e-15
180.01842633494266,-2.091772745519885,3.8189866392694034,-13.75432030436312,-12.584099726122385,9.789141788476593e-14
