galstreams/tracks/track.st.NGC5466.grillmair2006.ecsv
# %ECSV 0.9
# ---
# datatype:
# - {name: ra, unit: deg, datatype: float64}
# - {name: dec, unit: deg, datatype: float64}
# - {name: distance, unit: kpc, datatype: float64}
# - {name: pm_ra_cosdec, unit: mas / yr, datatype: float64}
# - {name: pm_dec, unit: mas / yr, datatype: float64}
# - {name: radial_velocity, unit: km / s, datatype: float64}
# delimiter: ','
# meta: !!omap
# - __serialized_columns__:
#     dec:
#       __class__: astropy.coordinates.angles.Latitude
#       unit: &id001 !astropy.units.Unit {unit: deg}
#       value: !astropy.table.SerializedColumn {name: dec}
#     distance:
#       __class__: astropy.coordinates.distances.Distance
#       unit: !astropy.units.Unit {unit: kpc}
#       value: !astropy.table.SerializedColumn {name: distance}
#     pm_dec:
#       __class__: astropy.units.quantity.Quantity
#       unit: !astropy.units.Unit {unit: mas / yr}
#       value: !astropy.table.SerializedColumn {name: pm_dec}
#     pm_ra_cosdec:
#       __class__: astropy.units.quantity.Quantity
#       unit: !astropy.units.Unit {unit: mas / yr}
#       value: !astropy.table.SerializedColumn {name: pm_ra_cosdec}
#     ra:
#       __class__: astropy.coordinates.angles.Longitude
#       unit: *id001
#       value: !astropy.table.SerializedColumn {name: ra}
#       wrap_angle: !astropy.coordinates.Angle
#         unit: *id001
#         value: 360.0
#     radial_velocity:
#       __class__: astropy.units.quantity.Quantity
#       unit: !astropy.units.Unit {unit: km / s}
#       value: !astropy.table.SerializedColumn {name: radial_velocity}
# schema: astropy-2.0
ra,dec,distance,pm_ra_cosdec,pm_dec,radial_velocity
[from data line 1885]
210.12751333781344,29.24208191543262,16.60000000000001,0.0,0.0,0.0
210.11776577473196,29.247343997139104,16.600000000000005,0.0,0.0,0.0
210.1080174903532,29.252605760100785,16.60000000000001,0.0,0.0,0.0
210.09826848370702,29.257867203161926,16.60000000000001,0.0,0.0,0.0
210.08851875382382,29.26312832516757,16.600000000000005,0.0,0.0,0.0
210.07876829973526,29.268389124963385,16.60000000000001,0.0,0.0,0.0
210.0690171204737,29.27364960139581,16.600000000000005,0.0,0.0,0.0
210.0592652150724,29.278909753311886,16.60000000000001,0.0,0.0,0.0
210.0495125825656,29.28416957955947,16.600000000000005,0.0,0.0,0.0
210.03975922198845,29.289429078986974,16.60000000000001,0.0,0.0,0.0
210.03000513237683,29.294688250443652,16.60000000000001,0.0,0.0,0.0
210.02025031276776,29.29994709277931,16.60000000000001,0.0,0.0,0.0
210.01049476219893,29.305205604844605,16.60000000000001,0.0,0.0,0.0
210.00073847970907,29.310463785490708,16.60000000000001,0.0,0.0,0.0
209.99098146433778,29.315721633569684,16.600000000000005,0.0,0.0,0.0
209.98122371512554,29.320979147934086,16.600000000000005,0.0,0.0,0.0
209.9714652311137,29.326236327437357,16.60000000000001,0.0,0.0,0.0
209.96170601134463,29.331493170933456,16.60000000000001,0.0,0.0,0.0
209.95194605486134,29.336749677277215,16.60000000000001,0.0,0.0,0.0
209.94218536070807,29.34200584532398,16.60000000000001,0.0,0.0,0.0
209.93242392792968,29.347261673929918,16.60000000000001,0.0,0.0,0.0
209.92266175557202,29.35251716195187,16.600000000000005,0.0,0.0,0.0
209.9128988426819,29.357772308247345,16.60000000000001,0.0,0.0,0.0
209.90313518830695,29.36302711167448,16.600000000000005,0.0,0.0,0.0
209.89337079149576,29.368281571092226,16.600000000000005,0.0,0.0,0.0
209.88360565129764,29.373535685360217,16.60000000000001,0.0,0.0,0.0
209.87383976676307,29.37878945333865,16.60000000000001,0.0,0.0,0.0
209.86407313694315,29.384042873888568,16.60000000000001,0.0,0.0,0.0
209.85430576089013,29.389295945871595,16.600000000000012,0.0,0.0,0.0
209.8445376376569,29.394548668150136,16.60000000000001,0.0,0.0,0.0
209.83476876629751,29.399801039587175,16.600000000000005,0.0,0.0,0.0
209.82499914586663,29.405053059046537,16.600000000000005,0.0,0.0,0.0
209.81522877542005,29.410304725392574,16.60000000000001,0.0,0.0,0.0
209.80545765401428,29.415556037490482,16.600000000000005,0.0,0.0,0.0
209.79568578070692,29.420806994206014,16.600000000000005,0.0,0.0,0.0
209.78591315455617,29.426057594405744,16.600000000000005,0.0,0.0,0.0
209.77613977462147,29.431307836956798,16.60000000000001,0.0,0.0,0.0
209.76636563996283,29.436557720727112,16.600000000000005,0.0,0.0,0.0
209.75659074964145,29.441807244585224,16.60000000000001,0.0,0.0,0.0
209.74681510271913,29.447056407400456,16.60000000000001,0.0,0.0,0.0
209.73703869825883,29.452305208042695,16.600000000000005,0.0,0.0,0.0
209.72726153532415,29.457553645382653,16.60000000000001,0.0,0.0,0.0
209.7174836129798,29.46280171829159,16.60000000000001,0.0,0.0,0.0
209.70770493029124,29.468049425641624,16.600000000000012,0.0,0.0,0.0
209.69792548632492,29.473296766305367,16.60000000000001,0.0,0.0,0.0
209.68814528014803,29.478543739156304,16.60000000000001,0.0,0.0,0.0
209.6783643108289,29.483790343068453,16.600000000000005,0.0,0.0,0.0
209.6685825774364,29.489036576916664,16.60000000000001,0.0,0.0,0.0
209.6588000790407,29.494282439576335,16.60000000000001,0.0,0.0,0.0
209.6490168147125,29.49952792992364,16.600000000000005,0.0,0.0,0.0
209.63923278352354,29.504773046835464,16.600000000000012,0.0,0.0,0.0
209.62944798454654,29.510017789189277,16.6,0.0,0.0,0.0
209.6196624168549,29.51526215586334,16.600000000000005,0.0,0.0,0.0
209.60987607952313,29.5205061457365,16.600000000000005,0.0,0.0,0.0
209.60008897162643,29.52574975768842,16.60000000000001,0.0,0.0,0.0
209.59030109224105,29.5309929905993,16.60000000000001,0.0,0.0,0.0
209.580512440444,29.536235843350166,16.600000000000005,0.0,0.0,0.0
209.57072301531332,29.541478314822612,16.60000000000001,0.0,0.0,0.0
209.56093281592774,29.546720403899023,16.60000000000001,0.0,0.0,0.0
209.55114184136713,29.551962109462373,16.600000000000005,0.0,0.0,0.0
209.54135009071192,29.557203430396417,16.60000000000001,0.0,0.0,0.0
209.5315575630438,29.56244436558549,16.60000000000001,0.0,0.0,0.0
209.52176425744508,29.567684913914718,16.600000000000005,0.0,0.0,0.0
209.51197017299904,29.572925074269826,16.600000000000005,0.0,0.0,0.0
209.50217530878984,29.578164845537298,16.600000000000005,0.0,0.0,0.0
209.49237966390257,29.58340422660422,16.600000000000005,0.0,0.0,0.0
209.48258323742309,29.588643216358456,16.60000000000001,0.0,0.0,0.0
209.47278602843832,29.593881813688462,16.60000000000001,0.0,0.0,0.0
209.46298803603588,29.59912001748346,16.600000000000005,0.0,0.0,0.0
209.45318925930445,29.60435782663328,16.600000000000005,0.0,0.0,0.0
209.44338969733343,29.609595240028515,16.60000000000001,0.0,0.0,0.0
209.43358934921324,29.61483225656035,16.600000000000005,0.0,0.0,0.0
209.42378821403506,29.620068875120765,16.600000000000012,0.0,0.0,0.0
209.41398629089116,29.625305094602304,16.6,0.0,0.0,0.0
209.40418357887444,29.630540913898255,16.6,0.0,0.0,0.0
209.39438007707878,29.635776331902633,16.60000000000001,0.0,0.0,0.0
209.38457578459906,29.641011347510034,16.600000000000005,0.0,0.0,0.0
209.37477070053083,29.646245959615847,16.600000000000005,0.0,0.0,0.0
209.3649648239708,29.651480167116024,16.60000000000001,0.0,0.0,0.0
209.35515815401627,29.65671396890732,16.600000000000005,0.0,0.0,0.0
209.3453506897657,29.66194736388704,16.600000000000005,0.0,0.0,0.0
209.3355424303181,29.667180350953313,16.600000000000005,0.0,0.0,0.0
209.32573337477373,29.67241292900482,16.60000000000001,0.0,0.0,0.0
209.31592352223342,29.677645096941035,16.600000000000005,0.0,0.0,0.0
209.30611287179914,29.682876853662005,16.60000000000001,0.0,0.0,0.0
209.29630142257352,29.688108198068576,16.60000000000001,0.0,0.0,0.0
209.2864891736603,29.693339129062153,16.600000000000005,0.0,0.0,0.0
209.2766761241638,29.69856964554492,16.60000000000001,0.0,0.0,0.0
209.26686227318956,29.70379974641966,16.60000000000001,0.0,0.0,0.0
209.25704761984372,29.70902943058993,16.600000000000005,0.0,0.0,0.0
209.2472321632335,29.714258696959845,16.60000000000001,0.0,0.0,0.0
209.23741590246686,29.71948754443434,16.60000000000001,0.0,0.0,0.0
209.2275988366528,29.724715971918886,16.60000000000001,0.0,0.0,0.0
209.21778096490092,29.729943978319778,16.60000000000001,0.0,0.0,0.0
209.20796228632204,29.735171562543837,16.600000000000005,0.0,0.0,0.0
209.19814280002763,29.74039872349871,16.60000000000001,0.0,0.0,0.0
209.18832250513017,29.745625460092608,16.60000000000001,0.0,0.0,0.0
209.17850140074285,29.750851771234494,16.60000000000001,0.0,0.0,0.0
209.16867948598,29.75607765583394,16.600000000000005,0.0,0.0,0.0
209.15885675995656,29.761303112801286,16.60000000000001,0.0,0.0,0.0
209.14903322178847,29.76652814104751,16.600000000000005,0.0,0.0,0.0
209.13920887059263,29.771752739484178,16.600000000000005,0.0,0.0,0.0
209.1293837054866,29.77697690702372,16.60000000000001,0.0,0.0,0.0
209.1195577255891,29.78220064257905,16.600000000000005,0.0,0.0,0.0
209.10973093001948,29.787423945063903,16.60000000000001,0.0,0.0,0.0
209.09990331789814,29.792646813392583,16.600000000000005,0.0,0.0,0.0
209.09007488834618,29.797869246480175,16.60000000000001,0.0,0.0,0.0
209.08024564048583,29.80309124324234,16.60000000000001,0.0,0.0,0.0
209.0704155734399,29.808312802595502,16.600000000000005,0.0,0.0,0.0
209.06058468633236,29.81353392345667,16.60000000000001,0.0,0.0,0.0
209.05075297828782,29.81875460474365,16.600000000000005,0.0,0.0,0.0
209.040920448432,29.823974845374778,16.60000000000001,0.0,0.0,0.0
209.0310870958912,29.8291946442692,16.600000000000005,0.0,0.0,0.0
209.02125291979291,29.834414000346623,16.600000000000005,0.0,0.0,0.0
209.01141791926526,29.839632912527552,16.60000000000001,0.0,0.0,0.0
209.0015820934374,29.844851379733022,16.600000000000005,0.0,0.0,0.0
208.99174544143924,29.850069400884898,16.60000000000001,0.0,0.0,0.0
208.98190796240175,29.85528697490556,16.60000000000001,0.0,0.0,0.0
208.9720696554565,29.860504100718206,16.6,0.0,0.0,0.0
208.96223051973618,29.86572077724659,16.600000000000005,0.0,0.0,0.0
208.95239055437423,29.870937003415264,16.600000000000005,0.0,0.0,0.0
208.94254975850504,29.87615277814931,16.60000000000001,0.0,0.0,0.0
208.93270813126378,29.88136810037462,16.600000000000005,0.0,0.0,0.0
208.92286567178658,29.886582969017642,16.60000000000001,0.0,0.0,0.0
208.91302237921045,29.89179738300556,16.600000000000005,0.0,0.0,0.0
208.9031782526731,29.897011341266282,16.600000000000005,0.0,0.0,0.0
208.89333329131338,29.902224842728256,16.600000000000005,0.0,0.0,0.0
208.88348749427078,29.90743788632073,16.60000000000001,0.0,0.0,0.0
208.87364086068587,29.912650470973528,16.60000000000001,0.0,0.0,0.0
208.86379338969988,29.917862595617223,16.60000000000001,0.0,0.0,0.0
208.85394508045513,29.923074259182968,16.600000000000005,0.0,0.0,0.0
208.84409593209458,29.928285460602726,16.600000000000012,0.0,0.0,0.0
208.8342459437623,29.933496198808964,16.600000000000005,0.0,0.0,0.0
208.824395114603,29.93870647273499,16.60000000000001,0.0,0.0,0.0
208.81454344376255,29.943916281314607,16.600000000000005,0.0,0.0,0.0
208.80469093038735,29.94912562348247,16.60000000000001,0.0,0.0,0.0
208.79483757362493,29.95433449817374,16.600000000000005,0.0,0.0,0.0
208.78498337262354,29.959542904324387,16.600000000000005,0.0,0.0,0.0
208.7751283265325,29.964750840870927,16.6,0.0,0.0,0.0
208.7652724345017,29.969958306750677,16.60000000000001,0.0,0.0,0.0
208.7554156956822,29.975165300901473,16.600000000000005,0.0,0.0,0.0
208.74555810922567,29.980371822261986,16.600000000000005,0.0,0.0,0.0
208.73569967428492,29.985577869771387,16.600000000000005,0.0,0.0,0.0
208.72584039001336,29.990783442369676,16.600000000000005,0.0,0.0,0.0
208.7159802555655,29.9959885389974,16.60000000000001,0.0,0.0,0.0
208.70611927009654,30.001193158595846,16.60000000000001,0.0,0.0,0.0
208.6962574327627,30.00639730010692,16.600000000000005,0.0,0.0,0.0
208.68639474272092,30.011600962473263,16.600000000000005,0.0,0.0,0.0
208.6765311991292,30.016804144638098,16.6,0.0,0.0,0.0
208.66666680114614,30.022006845545377,16.600000000000005,0.0,0.0,0.0
208.65680154793145,30.027209064139743,16.600000000000005,0.0,0.0,0.0
208.6469354386456,30.03241079936643,16.600000000000005,0.0,0.0,0.0
208.63706847245004,30.037612050171365,16.60000000000001,0.0,0.0,0.0
208.62720064850694,30.042812815501176,16.60000000000001,0.0,0.0,0.0
208.61733196597928,30.048013094303162,16.60000000000001,0.0,0.0,0.0
208.6074624240312,30.053212885525205,16.60000000000001,0.0,0.0,0.0
208.59759202182744,30.058412188115994,16.60000000000001,0.0,0.0,0.0
208.58772075853372,30.063611001024707,16.60000000000001,0.0,0.0,0.0
208.5778486333166,30.068809323201368,16.600000000000005,0.0,0.0,0.0
208.56797564534355,30.07400715359653,16.60000000000001,0.0,0.0,0.0
208.55810179378278,30.07920449116151,16.600000000000005,0.0,0.0,0.0
208.54822707780357,30.084401334848188,16.600000000000005,0.0,0.0,0.0
208.5383514965759,30.089597683609234,16.60000000000001,0.0,0.0,0.0
208.5284750492707,30.094793536397855,16.600000000000005,0.0,0.0,0.0
208.51859773505961,30.099988892168057,16.60000000000001,0.0,0.0,0.0
208.5087195531155,30.10518374987436,16.6,0.0,0.0,0.0
208.4988405026116,30.11037810847211,16.60000000000001,0.0,0.0,0.0
208.48896058272248,30.115571966917162,16.60000000000001,0.0,0.0,0.0
208.47907979262325,30.12076532416616,16.600000000000005,0.0,0.0,0.0
208.4691981314901,30.12595817917633,16.600000000000005,0.0,0.0,0.0
208.45931559849984,30.131150530905643,16.600000000000005,0.0,0.0,0.0
208.44943219283044,30.1363423783126,16.6,0.0,0.0,0.0
208.43954791366048,30.141533720356534,16.600000000000005,0.0,0.0,0.0
208.4296627601696,30.1467245559973,16.60000000000001,0.0,0.0,0.0
208.41977673153812,30.151914884195513,16.60000000000001,0.0,0.0,0.0
208.40988982694745,30.157104703912378,16.60000000000001,0.0,0.0,0.0
208.40000204557958,30.162294014109836,16.60000000000001,0.0,0.0,0.0
208.39011338661766,30.167482813750404,16.600000000000005,0.0,0.0,0.0
208.38022384924543,30.172671101797338,16.60000000000001,0.0,0.0,0.0
208.37033343264767,30.17785887721454,16.600000000000005,0.0,0.0,0.0
208.36044213601005,30.18304613896652,16.60000000000001,0.0,0.0,0.0
208.35054995851885,30.188232886018547,16.60000000000001,0.0,0.0,0.0
208.3406568993616,30.193419117336433,16.60000000000001,0.0,0.0,0.0
208.3307629577263,30.19860483188677,16.60000000000001,0.0,0.0,0.0
208.32086813280213,30.2037900286367,16.60000000000001,0.0,0.0,0.0
208.3109724237789,30.208974706554127,16.600000000000005,0.0,0.0,0.0
208.30107582984746,30.214158864607533,16.60000000000001,0.0,0.0,0.0
208.29117835019932,30.219342501766135,16.60000000000001,0.0,0.0,0.0
208.28127998402712,30.224525616999742,16.600000000000005,0.0,0.0,0.0
208.27138073052407,30.229708209278886,16.60000000000001,0.0,0.0,0.0
208.2614805888845,30.234890277574678,16.60000000000001,0.0,0.0,0.0
208.25157955830338,30.240071820858997,16.60000000000001,0.0,0.0,0.0
208.24167763797675,30.245252838104268,16.600000000000005,0.0,0.0,0.0
208.23177482710125,30.250433328283695,16.600000000000005,0.0,0.0,0.0
208.2218711248747,30.255613290371013,16.600000000000005,0.0,0.0,0.0
208.2119665304955,30.260792723340717,16.60000000000001,0.0,0.0,0.0
208.20206104316307,30.265971626167882,16.600000000000005,0.0,0.0,0.0
208.1921546620776,30.27114999782836,16.6,0.0,0.0,0.0
208.18224738644025,30.276327837298513,16.60000000000001,0.0,0.0,0.0
208.17233921545287,30.28150514355548,16.600000000000012,0.0,0.0,0.0
208.1624301483184,30.286681915576967,16.600000000000005,0.0,0.0,0.0
208.1525201842404,30.29185815234143,16.60000000000001,0.0,0.0,0.0
208.14260932242343,30.29703385282789,16.600000000000005,0.0,0.0,0.0
208.1326975620729,30.302209016016082,16.600000000000005,0.0,0.0,0.0
208.12278490239498,30.307383640886442,16.600000000000005,0.0,0.0,0.0
208.11287134259686,30.312557726419932,16.60000000000001,0.0,0.0,0.0
208.1029568818864,30.3177312715983,16.600000000000005,0.0,0.0,0.0
208.0930415194725,30.32290427540387,16.600000000000005,0.0,0.0,0.0
208.08312525456478,30.32807673681968,16.600000000000005,0.0,0.0,0.0
208.07320808637382,30.333248654829344,16.600000000000005,0.0,0.0,0.0
208.06329001411092,30.33842002841724,16.600000000000005,0.0,0.0,0.0
208.05337103698844,30.34359085656829,16.60000000000001,0.0,0.0,0.0
208.04345115421933,30.348761138268184,16.600000000000005,0.0,0.0,0.0
208.03353036501773,30.353930872503156,16.600000000000005,0.0,0.0,0.0
208.02360866859826,30.35910005826021,16.600000000000005,0.0,0.0,0.0
208.01368606417677,30.364268694526874,16.60000000000001,0.0,0.0,0.0
208.00376255096958,30.36943678029148,16.60000000000001,0.0,0.0,0.0
207.99383812819428,30.37460431454286,16.600000000000005,0.0,0.0,0.0
207.98391279506893,30.379771296270643,16.600000000000005,0.0,0.0,0.0
207.97398655081273,30.384937724464994,16.600000000000005,0.0,0.0,0.0
207.96405939464557,30.39010359811683,16.60000000000001,0.0,0.0,0.0
207.9541313257883,30.395268916217645,16.60000000000001,0.0,0.0,0.0
207.9442023434625,30.40043367775966,16.600000000000005,0.0,0.0,0.0
207.93427244689076,30.405597881735645,16.600000000000005,0.0,0.0,0.0
207.9243416352963,30.41076152713915,16.60000000000001,0.0,0.0,0.0
207.91440990790352,30.41592461296427,16.600000000000005,0.0,0.0,0.0
207.90447726393734,30.42108713820584,16.60000000000001,0.0,0.0,0.0
207.8945437026238,30.42624910185926,16.60000000000001,0.0,0.0,0.0
207.88460922318959,30.431410502920652,16.600000000000005,0.0,0.0,0.0
207.87467382486236,30.436571340386802,16.600000000000005,0.0,0.0,0.0
207.86473750687063,30.44173161325505,16.60000000000001,0.0,0.0,0.0
207.85480026844363,30.446891320523534,16.600000000000005,0.0,0.0,0.0
207.84486210881167,30.452050461190858,16.60000000000001,0.0,0.0,0.0
207.83492302720572,30.457209034256472,16.600000000000005,0.0,0.0,0.0
207.8249830228577,30.462367038720323,16.60000000000001,0.0,0.0,0.0
207.81504209500034,30.467524473583143,16.600000000000005,0.0,0.0,0.0
