galstreams/tracks/track.st.NGC2298.ibata2021.ecsv
# %ECSV 1.0
# ---
# datatype:
# - {name: ra, unit: deg, datatype: float64}
# - {name: dec, unit: deg, datatype: float64}
# - {name: distance, unit: kpc, datatype: float64}
# - {name: pm_ra_cosdec, unit: mas / yr, datatype: float64}
# - {name: pm_dec, unit: mas / yr, datatype: float64}
# - {name: radial_velocity, unit: km / s, datatype: float64}
# delimiter: ','
# meta: !!omap
# - __serialized_columns__:
#     dec:
#       __class__: astropy.coordinates.angles.Latitude
#       unit: &id001 !astropy.units.Unit {unit: deg}
#       value: !astropy.table.SerializedColumn {name: dec}
#     distance:
#       __class__: astropy.coordinates.distances.Distance
#       unit: !astropy.units.Unit {unit: kpc}
#       value: !astropy.table.SerializedColumn {name: distance}
#     pm_dec:
#       __class__: astropy.units.quantity.Quantity
#       unit: !astropy.units.Unit {unit: mas / yr}
#       value: !astropy.table.SerializedColumn {name: pm_dec}
#     pm_ra_cosdec:
#       __class__: astropy.units.quantity.Quantity
#       unit: !astropy.units.Unit {unit: mas / yr}
#       value: !astropy.table.SerializedColumn {name: pm_ra_cosdec}
#     ra:
#       __class__: astropy.coordinates.angles.Longitude
#       unit: *id001
#       value: !astropy.table.SerializedColumn {name: ra}
#       wrap_angle: !astropy.coordinates.Angle
#         unit: *id001
#         value: 360.0
#     radial_velocity:
#       __class__: astropy.units.quantity.Quantity
#       unit: !astropy.units.Unit {unit: km / s}
#       value: !astropy.table.SerializedColumn {name: radial_velocity}
# schema: astropy-2.0
ra,dec,distance,pm_ra_cosdec,pm_dec,radial_velocity
[from data line 705]
101.01728178232136,-35.27103325704867,11.535748717980484,3.187267807214731,-2.148698878354354,-1.6841534259744676e-14
101.02738111121832,-35.27673359939649,11.529166141952215,3.188483906583076,-2.1487669521994155,3.368306851948935e-14
101.03747898076492,-35.28243699453441,11.522592108553562,3.1896981234547472,-2.148834878619699,-2.5262301389617013e-14
101.04757539526216,-35.288143438604756,11.51602671779495,3.190910432851353,-2.148902658106527,0.0
101.05767035901,-35.29385292774865,11.509470069686824,3.192120809794646,-2.148970291161194,0.0
101.06776387630751,-35.29956545810601,11.50292226423961,3.1933292293065385,-2.149037778294967,8.420767129872338e-15
101.07785595145275,-35.30528102581559,11.496383401463744,3.194535666409099,-2.149105120029083,1.6841534259744676e-14
101.08794658874275,-35.31099962701491,11.489853581369662,3.1957400961245552,-2.149172316894755,3.368306851948935e-14
101.09803579247364,-35.31672125784035,11.4833329039678,3.1969424934752992,-2.1492393694331646,0.0
101.10812356694055,-35.322445914427064,11.476821469268588,3.198142833483888,-2.1493062781954637,-8.420767129872338e-15
101.11820991643762,-35.32817359290903,11.470319377282461,3.199341091173045,-2.149373043742779,0.0
101.12829484525805,-35.33390428941903,11.463826728019855,3.2005372415656663,-2.149439666646207,-1.6841534259744676e-14
101.13837835769411,-35.33963800008867,11.457343621491201,3.201731259684821,-2.1495061474868167,3.368306851948935e-14
101.14846045803695,-35.34537472104836,11.45087015770694,3.202923120553751,-2.1495724868556483,0.0
101.15854115057695,-35.35111444842732,11.4444064366775,3.2041127991958813,-2.1496386853537146,2.5262301389617013e-14
101.16862043960336,-35.356857178353586,11.437952558413317,3.2053002706348126,-2.1497047435919985,0.0
101.17869832940457,-35.36260290695399,11.431508622924826,3.206485509894333,-2.1497706621914565,8.420767129872338e-15
101.18877482426797,-35.3683516303542,11.425074730222454,3.2076684919984153,-2.149836441783017,0.0
101.19884992847994,-35.37410334467868,11.41865098031665,3.2088491919712183,-2.149902083007577,-8.420767129872338e-15
101.208923646326,-35.37985804605073,11.412237473217836,3.210027584837098,-2.14996758651601,-1.6841534259744676e-14
101.21899598209062,-35.38561573059244,11.405834308936454,3.2112036456205995,-2.150032952969161,0.0
101.22906694005735,-35.39137639442473,11.399441587482928,3.2123773493464665,-2.150098183037845,4.210383564936169e-14
101.23913652450875,-35.39714003366732,11.393059408867705,3.2135486710396357,-2.150163277402852,8.420767129872338e-15
101.24920473972647,-35.402906644438765,11.386687873101211,3.214717585725257,-2.1502282367549426,3.368306851948935e-14
101.25927158999114,-35.40867622285642,11.38032708019388,3.2158840684286747,-2.150293061794854,-8.420767129872338e-15
101.26933707958251,-35.41444876503646,11.373977130156149,3.2170480941754436,-2.1503577532332927,0.0
101.27940121277932,-35.42022426709387,11.367638122998452,3.218209637991328,-2.1504223117909405,1.6841534259744676e-14
101.28946399385934,-35.426002725142475,11.361310158731222,3.219368674902301,-2.1504867381984525,8.420767129872338e-15
101.29952542709945,-35.43178413529488,11.35499333736489,3.2205251799345573,-2.1505510331964572,-8.420767129872338e-15
101.30958551677553,-35.43756849366254,11.3486877589099,3.2216791281144994,-2.1506151975355583,-1.6841534259744676e-14
101.3196442671625,-35.44335579635572,11.342393523376678,3.2228304944687554,-2.1506792319763344,-1.6841534259744676e-14
101.32970168253438,-35.449146039483495,11.336110730775662,3.2239792540241745,-2.1507431372893375,5.0524602779234026e-14
101.33975776716419,-35.454939219153744,11.329839481117281,3.2251253818078323,-2.150806914255095,0.0
101.34981252532403,-35.460735331473195,11.323579874411978,3.226268852847029,-2.15087056366411,1.6841534259744676e-14
101.35986596128502,-35.46653437254738,11.317332010670182,3.2274096421692944,-2.150934086316861,-5.0524602779234026e-14
101.3699180793174,-35.47233633848067,11.311095989902325,3.2285477248023984,-2.1509974830238052,0.0
101.37996888369037,-35.478141225376234,11.30487191211884,3.2296830757743344,-2.1510607546053735,0.0
101.39001837867227,-35.483949029336046,11.29865987733017,3.2308156701133424,-2.1511239018919732,4.210383564936169e-14
101.40006656853045,-35.48975974646094,11.29245998554674,3.231945482847899,-2.151186925723992,2.5262301389617013e-14
101.41011345753131,-35.49557337285054,11.28627233677899,3.233072489006725,-2.151249826951795,8.420767129872338e-15
101.42015904994034,-35.5013899046033,11.280097031037354,3.2341966636187873,-2.151312606435721,3.368306851948935e-14
101.43020335002207,-35.50720933781651,11.273934168332264,3.2353179817133,-2.151375265046094,1.6841534259744676e-14
101.44024636204009,-35.513031668586265,11.267783848674156,3.2364364183197285,-2.1514378036632147,0.0
101.45028809025706,-35.518856893007495,11.261646172073464,3.237551948467792,-2.1515002231773623,2.5262301389617013e-14
101.4603285389347,-35.52468500717394,11.255521238540618,3.238664547187464,-2.151562524488798,1.6841534259744676e-14
101.47036771233377,-35.53051600717817,11.249409148086055,3.2397741895089793,-2.151624708507762,0.0
101.48040561471412,-35.53634988911157,11.243310000720212,3.24088085046283,-2.151686776154478,-1.6841534259744676e-14
101.49044225033465,-35.54218664906437,11.23722389645352,3.241984505079776,-2.1517487283591503,1.6841534259744676e-14
101.50047762345335,-35.548026283125594,11.231150935296414,3.243085128390839,-2.151810566061966,2.5262301389617013e-14
101.51051173832722,-35.55386878738312,11.22509121725933,3.2441826954273165,-2.151872290213096,1.6841534259744676e-14
101.52054459921239,-35.559714157923615,11.2190448423527,3.2452771812207697,-2.1519339017726944,-1.6841534259744676e-14
101.53057621036402,-35.56556239083262,11.213011910586957,3.246368560803038,-2.151995401710899,8.420767129872338e-15
101.54060657603635,-35.57141348219446,11.206992521972536,3.24745680920624,-2.152056791007834,-2.5262301389617013e-14
101.5506357004827,-35.5772674280923,11.200986776519878,3.248541901462766,-2.1521180706536063,3.368306851948935e-14
101.56066358795542,-35.583124224608135,11.194994774239408,3.2496238126052956,-2.152179241648315,-8.420767129872338e-15
101.57069024270601,-35.58898386782278,11.189016615141561,3.2507025176667925,-2.1522403050020404,0.0
101.58071566898494,-35.59484635381589,11.183052399236779,3.251777991680502,-2.1523012617348543,8.420767129872338e-15
101.59073987104185,-35.60071167866592,11.177102226535487,3.252850209679962,-2.152362112876814,-8.420767129872338e-15
101.60076285312537,-35.60657983845018,11.171166197048127,3.253919146699004,-2.152422859467969,8.420767129872338e-15
101.61078461948327,-35.6124508292448,11.16524441078513,3.254984777771752,-2.152483502558357,1.6841534259744676e-14
101.62080517436239,-35.61832464712472,11.159336967756925,3.256047077932632,-2.152544043208008,0.0
101.63082452200861,-35.62420128816375,11.153443967973955,3.257106022216365,-2.1526044824869404,3.368306851948935e-14
101.64084266666688,-35.63008074843449,11.14756551144665,3.2581615856579758,-2.1526648214751702,-8.420767129872338e-15
101.6508596125813,-35.63596302400837,11.141701698185443,3.259213743292797,-2.152725061262702,8.420767129872338e-15
101.66087536399499,-35.64184811095568,11.13585262820077,3.2602624701564666,-2.152785202949536,2.5262301389617013e-14
101.67088992515015,-35.64773600534551,11.130018401503063,3.2613077412849334,-2.1528452476456676,3.368306851948935e-14
101.6809033002881,-35.653626703245784,11.124199118102764,3.2623495317144604,-2.152905196471089,0.0
101.6909154936492,-35.659520200723286,11.118394878010296,3.263387816481626,-2.152965050555787,8.420767129872338e-15
101.70092650947292,-35.66541649384361,11.112605781236097,3.264422570623328,-2.153024811039748,1.6841534259744676e-14
101.7109363519978,-35.67131557867115,11.106831927790607,3.2654537691767795,-2.1530844790729553,0.0
101.72094502546149,-35.6772174512692,11.101073417684255,3.266481387179524,-2.1531440558153925,2.5262301389617013e-14
101.73095253410067,-35.683122107699816,11.095330350927478,3.267505399669428,-2.153203542437044,0.0
101.74095888215118,-35.68902954402394,11.089602827530706,3.268525781684688,-2.1532629401178953,1.6841534259744676e-14
101.75096407384788,-35.69493975630131,11.083890947504374,3.2695425082638314,-2.1533222500479354,8.420767129872338e-15
101.76096811342478,-35.70085274059053,11.078194810858921,3.2705555544457163,-2.153381473427153,1.6841534259744676e-14
101.77097100511492,-35.70676849294898,11.072514517604775,3.2715648952695435,-2.153440611465546,8.420767129872338e-15
101.78097275315046,-35.71268700943297,11.066850167752374,3.2725705057748455,-2.1534996653831153,8.420767129872338e-15
101.79097336176267,-35.718608286097535,11.061201861312151,3.2735723610015057,-2.1535586364098687,0.0
101.80097283518187,-35.72453231899662,11.055569698294542,3.2745704359897427,-2.1536175257858217,1.6841534259744676e-14
101.81097117763748,-35.73045910418298,11.049953778709984,3.2755647057801256,-2.153676334760998,0.0
101.82096839335807,-35.7363886377082,11.0443542025689,3.2765551454135786,-2.153735064595434,-1.6841534259744676e-14
101.83096448657123,-35.742320915622706,11.038771069881737,3.27754172993137,-2.153793716559171,2.5262301389617013e-14
101.84095946150367,-35.74825593397575,11.033204480658918,3.2785244343751256,-2.1538522919322705,-8.420767129872338e-15
101.85095332238122,-35.754193688815434,11.027654534910887,3.279503233786829,-2.1539107920047997,8.420767129872338e-15
101.86094607342876,-35.760134176188686,11.022121332648071,3.2804781032088255,-2.1539692180768464,-2.5262301389617013e-14
101.87093771887034,-35.76607739214129,11.016604973880911,3.28144901768382,-2.1540275714585073,1.6841534259744676e-14
101.88092826292902,-35.77202333271784,11.011105558619834,3.2824159522548864,-2.154085853469904,3.368306851948935e-14
101.89091770982701,-35.77797199396177,11.005623186875283,3.2833788819654597,-2.1541440654411694,-2.5262301389617013e-14
101.90090606378564,-35.78392337191538,11.000157958657681,3.2843377818593553,-2.1542022087124595,1.6841534259744676e-14
101.91089332902528,-35.789877462619785,10.994709973977468,3.2852926269807536,-2.1542602846339496,8.420767129872338e-15
101.92087950976546,-35.795834262114916,10.989279332845083,3.2862433923742143,-2.1543182945658366,4.210383564936169e-14
101.93086461022477,-35.80179376643959,10.98386613527095,3.2871900530846725,-2.1543762398783413,-1.6841534259744676e-14
101.94084863462095,-35.80775597163142,10.978470481265514,3.288132584157448,-2.1544341219517076,8.420767129872338e-15
101.95083158717078,-35.813720873726915,10.973092470839202,3.289070960638244,-2.154491942176208,8.420767129872338e-15
101.96081347209021,-35.81968846876134,10.967732204002449,3.2900051575731455,-2.1545497019521394,-3.368306851948935e-14
101.97079429359424,-35.82565875276888,10.962389780765692,3.2909351500086332,-2.1546074026898276,0.0
101.98077405589704,-35.831631721782514,10.957065301139362,3.291860912991572,-2.1546650458096277,2.5262301389617013e-14
101.9907527632118,-35.83760737183405,10.951758865133895,3.292782421569226,-2.1547226327419304,8.420767129872338e-15
102.00073041975092,-35.84358569895421,10.946470572759724,3.2936996507892546,-2.1547801649271525,1.6841534259744676e-14
102.01070702972582,-35.84956669917245,10.94120052402729,3.294612575699714,-2.1548376438157497,0.0
102.02068259734709,-35.85555036851717,10.935948818947013,3.295521171349069,-2.1548950708682124,1.6841534259744676e-14
102.0306571268244,-35.861536703015524,10.930715557529343,3.2964254127861814,-2.1549524475550648,-8.420767129872338e-15
102.04063062236652,-35.86752569869359,10.925500839784702,3.2973252750603246,-2.1550097753568744,8.420767129872338e-15
102.05060308818139,-35.87351735157621,10.92030476572353,3.2982207332211795,-2.1550670557642446,-2.5262301389617013e-14
102.06057452847601,-35.87951165768712,10.915127435356265,3.2991117623188435,-2.1551242902778225,-8.420767129872338e-15
102.0705449474565,-35.885508613048906,10.909968948693331,3.2999983374038235,-2.155181480408298,4.210383564936169e-14
102.0805143493281,-35.891508213682926,10.90482940574517,3.3008804335270496,-2.1552386276764057,1.6841534259744676e-14
102.0904827382952,-35.89751045560947,10.899708906522212,3.3017580257398684,-2.155295733612924,2.5262301389617013e-14
102.10045011856123,-35.90351533484762,10.894607551034897,3.3026310890940507,-2.155352799758682,5.0524602779234026e-14
102.1104164943288,-35.909522847415296,10.889525439293653,3.303499598641794,-2.155409827664557,0.0
102.12038186979963,-35.91553298932931,10.884462671308915,3.3043635294357236,-2.155466818891477,-2.5262301389617013e-14
102.13034624917455,-35.92154575660527,10.87941934709112,3.3052228565288946,-2.1555237750104217,4.210383564936169e-14
102.1403096366535,-35.92756114525765,10.874395566650703,3.306077554974795,-2.1555806976024265,8.420767129872338e-15
102.15027203643554,-35.93357915129976,10.869391429998096,3.3069275998273544,-2.1556375882585823,-1.6841534259744676e-14
102.16023345271886,-35.939599770743776,10.864407037143732,3.307772966140937,-2.155694448580037,-8.420767129872338e-15
102.17019388970077,-35.945622999600694,10.859442488098052,3.3086136289703445,-2.1557512801779968,0.0
102.18015335157772,-35.95164883388038,10.854497882871474,3.309449563370833,-2.1558080846737315,1.6841534259744676e-14
102.19011184254524,-35.957677269591514,10.84957332147445,3.310280744398096,-2.155864863698571,8.420767129872338e-15
102.20006936679802,-35.96370830274166,10.844668903917407,3.311107147108282,-2.1559216188939105,1.6841534259744676e-14
102.21002592852984,-35.9697419293372,10.839784730210782,3.311928746557987,-2.1559783519112115,0.0
102.21998153193368,-35.97577814538337,10.834920900365002,3.312745517804269,-2.156035064412005,-1.6841534259744676e-14
102.22993618120157,-35.98181694688429,10.830077514390512,3.3135574359046354,-2.156091758067887,1.6841534259744676e-14
102.23988988052466,-35.98785832984285,10.825254672297735,3.314364475917059,-2.156148434560532,0.0
102.24984263409331,-35.99390229026087,10.82045247409711,3.3151666128999726,-2.156205095581681,-8.420767129872338e-15
102.25979444609693,-35.999948824138976,10.815671019799074,3.315963821912273,-2.156261742833154,2.5262301389617013e-14
102.26974532072408,-36.00599792747663,10.81091040941406,3.316756078013333,-2.1563183780268487,0.0
102.27969526216248,-36.012049596272156,10.806170742952498,3.3175433562629855,-2.156375002884739,8.420767129872338e-15
102.28964427459894,-36.018103826522776,10.801452120424825,3.318325631721545,-2.156431619138883,2.5262301389617013e-14
102.29959236221943,-36.02416061422447,10.79675464184148,3.3191028794497943,-2.1564882285314164,-8.420767129872338e-15
102.30953952920903,-36.030219955372154,10.79207840721289,3.319875074509005,-2.1565448328145687,0.0
102.31948577975196,-36.036281845959536,10.787423516549495,3.320642191960917,-2.1566014337506454,-1.6841534259744676e-14
102.3294311180316,-36.042346281979206,10.782790069861722,3.3214042068677685,-2.1566580331120484,3.368306851948935e-14
102.3393755482304,-36.04841325942258,10.77817816716001,3.322161094292274,-2.1567146326812683,0.0
102.34931907453003,-36.05448277427995,10.773587908454795,3.322912829297639,-2.156771234250885,-8.420767129872338e-15
102.35926170111122,-36.060554822540446,10.769019393756507,3.3236593869475666,-2.1568278396235794,0.0
102.36920343215388,-36.06662940019204,10.764472723075581,3.324400742306248,-2.156884450612124,8.420767129872338e-15
102.37914427183703,-36.072706503221596,10.759947996422456,3.3251368704383735,-2.1569410690393913,8.420767129872338e-15
102.38908422433889,-36.07878612761477,10.75544531380756,3.325867746409136,-2.1569976967383555,2.5262301389617013e-14
102.3990232938367,-36.08486826935611,10.750964775241327,3.3265933452842287,-2.1570543355520946,-1.6841534259744676e-14
