galstreams/tracks/track.st.Gaia-7.ibata2021.ecsv
# %ECSV 1.0
# ---
# datatype:
# - {name: ra, unit: deg, datatype: float64}
# - {name: dec, unit: deg, datatype: float64}
# - {name: distance, unit: kpc, datatype: float64}
# - {name: pm_ra_cosdec, unit: mas / yr, datatype: float64}
# - {name: pm_dec, unit: mas / yr, datatype: float64}
# - {name: radial_velocity, unit: km / s, datatype: float64}
# delimiter: ','
# meta: !!omap
# - __serialized_columns__:
#     dec:
#       __class__: astropy.coordinates.angles.Latitude
#       unit: &id001 !astropy.units.Unit {unit: deg}
#       value: !astropy.table.SerializedColumn {name: dec}
#     distance:
#       __class__: astropy.coordinates.distances.Distance
#       unit: !astropy.units.Unit {unit: kpc}
#       value: !astropy.table.SerializedColumn {name: distance}
#     pm_dec:
#       __class__: astropy.units.quantity.Quantity
#       unit: !astropy.units.Unit {unit: mas / yr}
#       value: !astropy.table.SerializedColumn {name: pm_dec}
#     pm_ra_cosdec:
#       __class__: astropy.units.quantity.Quantity
#       unit: !astropy.units.Unit {unit: mas / yr}
#       value: !astropy.table.SerializedColumn {name: pm_ra_cosdec}
#     ra:
#       __class__: astropy.coordinates.angles.Longitude
#       unit: *id001
#       value: !astropy.table.SerializedColumn {name: ra}
#       wrap_angle: !astropy.coordinates.Angle
#         unit: *id001
#         value: 360.0
#     radial_velocity:
#       __class__: astropy.units.quantity.Quantity
#       unit: !astropy.units.Unit {unit: km / s}
#       value: !astropy.table.SerializedColumn {name: radial_velocity}
# schema: astropy-2.0
ra,dec,distance,pm_ra_cosdec,pm_dec,radial_velocity
[from data line 1080]
181.73458606298365,-16.97764045534314,4.966345793131229,-10.236128248897636,-0.09271394250892219,8.618128859478721e-14
181.74114028627332,-16.98544381006515,4.966843850183591,-10.236786698637204,-0.0924652598953427,4.605107024148935e-14
181.74769563624483,-16.993246522905196,4.967341470258304,-10.237444511835202,-0.09222095976079323,4.894570894238297e-14
181.7542521144082,-17.001048592805322,4.96783865152806,-10.238101683666802,-0.09198105055950805,6.157685963719147e-14
181.76080972227348,-17.008850018707346,4.968335392165549,-10.23875820930555,-0.09174554074517284,7.499745725042552e-14
181.767368461351,-17.016650799552814,4.968831690343464,-10.239414083923332,-0.09151443877093875,3.11831532778085e-14
181.77392833315113,-17.024450934283035,4.969327544234495,-10.240069302690396,-0.09128775308940493,7.894469184255318e-15
181.78048933918444,-17.03225042183907,4.9698229520113335,-10.240723860775324,-0.0910654921526281,2.7367493172085098e-14
181.78705148096157,-17.040049261161737,4.970317911846672,-10.241377753345047,-0.09084766441212228,2.1315066797489355e-14
181.79361475999337,-17.04784745119159,4.970812421913201,-10.242030975564846,-0.0906342783188468,-8.552341616276594e-15
181.80017917779074,-17.055644990868963,4.971306480383612,-10.242683522598334,-0.09042534232321534,5.657702915382977e-14
181.80674473586478,-17.063441879133894,4.971800085430599,-10.24333538960747,-0.0902208648750935,6.907660536223403e-14
181.81331143572672,-17.071238114926228,4.97229323522685,-10.243986571752544,-0.0900208544237929,1.723625771895744e-14
181.81987927888792,-17.079033697185512,4.972785927945057,-10.24463706419218,-0.08982531941807119,3.9077622462063816e-14
181.82644826685987,-17.086828624851073,4.973278161757914,-10.245286862083342,-0.08963426830613587,-7.499745725042552e-15
181.83301840115416,-17.094622896861985,4.973769934838112,-10.245935960581308,-0.08944770953563552,8.631286308119147e-14
181.8395896832826,-17.102416512157056,4.9742612453583375,-10.246584354839701,-0.08926565155366455,3.73671541388085e-14
181.8461621147571,-17.110209469674853,4.974752091491291,-10.247232040010443,-0.08908810280675923,2.9406897711351056e-14
181.85273569708966,-17.1180017683537,4.975242471409656,-10.24787901124381,-0.08891507174090031,6.16426468803936e-14
181.85931043179247,-17.125793407131656,4.975732383286127,-10.248525263688384,-0.08874656680150314,6.815558395740423e-14
181.86588632037783,-17.133584384946534,4.976221825293394,-10.249170792491054,-0.08858259643342466,1.5788938368510635e-14
181.8724633643582,-17.14137470073589,4.976710795604154,-10.249815592797034,-0.08842316908096289,2.3814982039170207e-14
181.87904156524613,-17.149164353437058,4.977199292391091,-10.250459659749865,-0.08826829318784435,3.223574916904255e-14
181.88562092455436,-17.15695334198707,4.977687313826901,-10.251102988491368,-0.08811797719723741,-1.4144257288457443e-14
181.89220144379573,-17.16474166532274,4.978174858084276,-10.251745574161701,-0.08797222955174198,2.4078131011978716e-14
181.89878312448323,-17.172529322380626,4.978661923335903,-10.252387411899315,-0.08783105869339317,7.703686178969146e-14
181.90536596813,-17.180316312097016,4.979148507754478,-10.253028496840962,-0.08769447306364954,3.749872862521276e-15
181.91194997624928,-17.188102633407965,4.979634609512689,-10.253668824121707,-0.08756248110341205,2.4275492741585098e-14
181.91853515035444,-17.19588828524926,4.980120226783231,-10.25430838887491,-0.08743509125300149,7.151073336071275e-14
181.9251214919591,-17.203673266556443,4.980605357738795,-10.254947186232211,-0.087312311952171,1.11838313443617e-14
181.9317090025768,-17.211457576264802,4.981090000552068,-10.255585211323579,-0.08719415164009593,4.8879921699180835e-14
181.93829768372143,-17.21924121330936,4.981574153395747,-10.256222459277238,-0.08708061875538357,3.8353962786840413e-14
181.94488753690692,-17.22702417662489,4.982057814442521,-10.25685892521973,-0.08697172173605952,5.657702915382977e-15
181.95147856364727,-17.234806465145933,4.982540981865081,-10.257494604275873,-0.08686746901957174,8.348401162349998e-14
181.95807076545674,-17.242588077806726,4.983023653836121,-10.258129491568766,-0.08676786904279529,8.493133097394678e-14
181.9646641438497,-17.250369013541295,4.983505828528329,-10.258763582219803,-0.08667293024202459,6.368205141965955e-14
181.97125870034057,-17.258149271283393,4.983987504114398,-10.259396871348645,-0.08658266105296673,2.7367493172085098e-14
181.97785443644398,-17.265928849966514,4.984468678767021,-10.26002935407324,-0.08649706991074965,7.848418114013827e-14
181.98445135367467,-17.273707748523904,4.984949350658887,-10.260661025509815,-0.0864161652499245,8.703652275641488e-14
181.99104945354756,-17.28148596588854,4.985429517962688,-10.261291880772855,-0.08633995550445069,1.835464085339361e-14
181.9976487375776,-17.289263500993158,4.985909178851118,-10.261921914975131,-0.08626844910769947,-1.559157663890425e-14
182.00424920728,-17.297040352770225,4.986388331496865,-10.262551123227679,-0.0862016544924624,5.16429859136702e-14
182.01085086416998,-17.304816520151956,4.9868669740726235,-10.263179500639795,-0.08613958009093896,6.28268172580319e-14
182.01745370976306,-17.312592002070303,4.987345104751085,-10.263807042319046,-0.08608223433473794,3.16436639802234e-14
182.02405774557468,-17.32036679745697,4.987822721704936,-10.264433743371258,-0.08602962565487768,8.243141573226594e-14
182.0306629731206,-17.32814090524339,4.988299823106874,-10.265059598900521,-0.0859817624817859,6.749771152538296e-14
182.03726939391663,-17.33591432436075,4.988776407129588,-10.265684604009168,-0.08593865324529437,8.072094740901062e-14
182.04387700947873,-17.343687053739973,4.989252471945768,-10.266308753797807,-0.08590030637464104,3.013055738657446e-14
182.05048582132295,-17.35145909231171,4.98972801572811,-10.266932043365278,-0.08586673029847001,6.670826460695743e-14
182.0570958309656,-17.359230439006378,4.990203036649301,-10.26755446780868,-0.0858379334448242,5.6708603640234025e-14
182.06370703992295,-17.367001092754116,4.990677532882033,-10.268176022223363,-0.08581392424114799,8.94706507548936e-14
182.07031944971158,-17.374771052484807,4.991151502598998,-10.268796701702916,-0.0857947111142922,-5.328766699372339e-15
182.07693306184805,-17.38254031712807,4.991624943972892,-10.26941650133917,-0.08578030249049753,3.9538133164478713e-14
182.08354787784916,-17.390308885613283,4.992097855176399,-10.2700354162222,-0.08577070679540527,7.387907411598934e-14
182.09016389923178,-17.398076756869532,4.992570234382213,-10.270653441440315,-0.08576593245405867,1.815727912378723e-14
182.09678112751297,-17.40584392982567,4.993042079763029,-10.27127057208006,-0.08576598789088775,1.2039065505989358e-14
182.1033995642099,-17.41361040341027,4.993513389491536,-10.27188680322621,-0.08577088152971823,-8.61812885947872e-15
182.1100192108398,-17.421376176551657,4.993984161740424,-10.272502129961783,-0.08578062179377467,5.23666455888936e-14
182.1166400689202,-17.429141248177885,4.994454394682387,-10.273116547368009,-0.08579521710566233,9.868086480319147e-15
182.12326213996857,-17.43690561721674,4.994924086490116,-10.273730050524355,-0.08581467588738413,7.13791588743085e-14
182.1298854255027,-17.444669282595772,4.9953932353363,-10.274342634508498,-0.08583900656032853,1.815727912378723e-14
182.13650992704035,-17.452432243242235,4.995861839393633,-10.274954294396354,-0.08586821754526877,2.2762386147936163e-14
182.14313564609952,-17.460194498083137,4.9963298968348075,-10.275565025262042,-0.08590231726236996,-1.565736388210638e-14
182.1497625841983,-17.46795604604522,4.996797405832512,-10.276174822177897,-0.0859413141311735,5.980060407073403e-14
182.1563907428549,-17.47571688605498,4.99726436455944,-10.276783680214484,-0.08598521657061052,7.460273379121274e-14
182.16302012358778,-17.483477017038616,4.997730771188283,-10.277391594440562,-0.0860340329989973,3.35514940330851e-14
182.16965072791533,-17.49123643792208,4.998196623891731,-10.277998559923102,-0.08608777183401808,-3.289362160106382e-16
182.17628255735622,-17.498995147631078,4.998661920842475,-10.27860457172729,-0.0861464414927467,3.730136689560637e-14
182.18291561342923,-17.506753145090993,4.999126660213211,-10.279209624916499,-0.0862100503916316,6.756349876858509e-14
182.18954989765322,-17.514510429227027,4.999590840176624,-10.279813714552326,-0.08627860694649848,6.868188190302126e-14
182.19618541154728,-17.522266998964046,5.00005445890541,-10.280416835694536,-0.08635211957254733,2.822272733371276e-14
182.2028221566305,-17.530022853226676,5.000517514572261,-10.28101898340112,-0.08643059668435572,6.348468969005318e-14
182.20946013442227,-17.537777990939293,5.000980005349865,-10.281620152728253,-0.08651404669586978,-5.394553942574467e-15
182.21609934644192,-17.545532411025977,5.001441929410915,-10.28222033873029,-0.08660247802040594,-4.407745294542552e-15
182.22273979420908,-17.55328611241056,5.001903284928104,-10.282819536459789,-0.0866958990706539,2.0262470906255314e-14
182.22938147924336,-17.561039094016614,5.002364070074121,-10.283417740967488,-0.08679431825867091,8.624707583798933e-14
182.2360244030647,-17.56879135476742,5.002824283021659,-10.284014947302312,-0.08689774399588496,-1.0525958912340423e-14
182.242668567193,-17.57654289358601,5.00328392194341,-10.28461115051136,-0.08700618469308119,-9.868086480319147e-15
182.24931397314833,-17.58429370939514,5.003742985012066,-10.285206345639919,-0.08711964876041775,1.4473193504468083e-14
182.25596062245094,-17.592043801117313,5.004201470400314,-10.285800527731455,-0.08723814460741405,7.407643584559572e-14
182.26260851662119,-17.59979316767475,5.004659376280849,-10.286393691827595,-0.08736168064294832,3.0525280845787224e-14
182.26925765717954,-17.6075418079894,5.005116700826365,-10.286985832968142,-0.08749026527526307,5.657702915382977e-15
182.27590804564662,-17.615289720982958,5.005573442209548,-10.28757694619108,-0.08762390691195986,4.3419580513404245e-14
182.28255968354318,-17.62303690557683,5.006029598603093,-10.288167026532543,-0.0877626139599934,6.683983909336168e-14
182.2892125723901,-17.63078336069217,5.006485168179692,-10.288756069026837,-0.08790639482568358,7.407643584559572e-14
182.29586671370845,-17.63852908524986,5.006940149112035,-10.28934406870643,-0.08805525791469564,9.604937507510635e-15
182.3025221090193,-17.646274078170514,5.007394539572812,-10.28993102060195,-0.08820921163205675,1.815727912378723e-14
182.30917875984392,-17.654018338374467,5.007848337734717,-10.290516919742176,-0.08836826438214014,8.920750178208508e-14
182.31583666770376,-17.66176186478178,5.00830154177044,-10.291101761154048,-0.0885324245686753,5.776119953146807e-14
182.32249583412036,-17.669504656312267,5.008754149852673,-10.29168553986265,-0.08870170059474002,8.262877746187231e-14
182.32915626061538,-17.677246711885438,5.0092061601541085,-10.292268250891219,-0.08887610086275818,1.1315405830765954e-14
182.33581794871063,-17.684988030420566,5.009657570847437,-10.292849889261142,-0.08905563377450397,4.35511549998085e-14
182.34248089992798,-17.69272861083662,5.01010838010535,-10.293430449991945,-0.08924030773109541,7.078707368548934e-14
182.3491451157896,-17.70046845205233,5.0105585861005375,-10.294009928101294,-0.08943013113299572,1.3157448640425529e-15
182.3558105978176,-17.70820755298612,5.011008187005694,-10.294588318605001,-0.08962511238000812,7.802367043772338e-14
182.36247734753437,-17.71594591255617,5.011457180993509,-10.295165616517004,-0.08982525987128227,-9.078639561893614e-15
182.36914536646228,-17.72368352968036,5.011905566236676,-10.295741816849382,-0.09003058200530234,4.5261623323063815e-14
182.37581465612396,-17.731420403276335,5.012353340907884,-10.296316914612355,-0.09024108717989696,7.512903173682977e-14
182.38248521804218,-17.739156532261436,5.012800503179824,-10.296890904814251,-0.09045678379222936,6.262945552842552e-14
182.38915705373972,-17.746891915552734,5.013247051225192,-10.297463782461534,-0.09067768023879846,4.73668151055319e-15
182.39583016473958,-17.75462655206703,5.013692983216673,-10.298035542558798,-0.09090378491543344,3.947234592127659e-15
182.40250455256484,-17.762360440720865,5.014138297326963,-10.298606180108747,-0.09113510621730807,6.868188190302126e-14
182.4091802187388,-17.770093580430473,5.014582991728755,-10.299175690112207,-0.09137165253892,3.026213187297872e-14
182.41585716478477,-17.777825970111845,5.015027064594735,-10.299744067568136,-0.09161343227409874,2.2499237175127655e-14
182.42253539222628,-17.78555760868069,5.015470514097598,-10.300311307473574,-0.09186045381600062,8.683916102680848e-15
182.42921490258695,-17.793288495052433,5.0159133384100345,-10.300877404823698,-0.09211272555711246,2.3814982039170207e-14
182.43589569739052,-17.80101862814222,5.016355535704737,-10.301442354611781,-0.09237025588924566,5.026145380642552e-14
182.44257777816088,-17.808748006864928,5.016797104154398,-10.302006151829202,-0.09263305320353928,5.999796580034041e-14
182.4492611464221,-17.81647663013517,5.017238041931706,-10.30256879146546,-0.09290112589045299,2.4867577930404248e-14
182.45594580369823,-17.82420449686726,5.017678347209356,-10.303130268508129,-0.09317448233976869,8.315507540748934e-14
182.46263175151364,-17.831931605975257,5.018118018160033,-10.303690577942898,-0.09345313094059293,3.4209366465106372e-15
182.4693189913927,-17.83965795637292,5.018557052956434,-10.304249714753551,-0.09373708008134293,-6.315575347404253e-15
182.4760075248599,-17.84738354697375,5.018995449771252,-10.304807673921951,-0.09402633814976387,6.184000860999998e-15
182.48269735343996,-17.855108376690964,5.019433206777173,-10.305364450428069,-0.0943209135329074,4.907728342878722e-14
182.48938847865765,-17.862832444437498,5.019870322146892,-10.305920039249957,-0.09462081461714676,5.302451802091488e-14
182.4960809020379,-17.870555749126005,5.020306794053101,-10.306474435363743,-0.09492604978816986,6.394520039246807e-14
182.50277462510576,-17.878278289668884,5.020742620668488,-10.307027633743655,-0.09523662743097025,1.3289023126829784e-14
182.50946964938638,-17.886000064978216,5.0211778001657486,-10.307579629361987,-0.09555255592985588,7.868154286974466e-14
182.51616597640512,-17.893721073965843,5.0216123307175735,-10.308130417189112,-0.09587384366844617,1.394689555885106e-14
182.52286360768736,-17.901441315543302,5.022046210496652,-10.308679992193488,-0.09620049902966377,5.697175261304254e-14
182.5295625447587,-17.90916078862187,5.022479437675675,-10.309228349341636,-0.09653253039574029,5.920851888191488e-15
182.5362627891448,-17.916879492112507,5.022912010427337,-10.309775483598145,-0.09686994614820904,5.2629794561702115e-15
182.54296434237153,-17.924597424925945,5.023343926924328,-10.310321389925676,-0.09721275466791349,6.012954028674467e-14
182.5496672059648,-17.932314585972588,5.02377518533934,-10.310866063284955,-0.09756096433499303,2.763064214489361e-14
182.5563713814507,-17.94003097416259,5.024205783845065,-10.311409498634768,-0.09791458352889251,-1.5394214909297868e-14
182.56307687035542,-17.94774658840581,5.024635720614192,-10.311951690931956,-0.0982736206283515,3.2893621601063823e-14
182.5697836742053,-17.95546142761183,5.025064993819415,-10.312492635131427,-0.09863808401140524,3.657770722038297e-14
182.57649179452682,-17.963175490689945,5.025493601633425,-10.313032326186125,-0.09900798205539488,9.47336302110638e-15
182.58320123284653,-17.970888776549177,5.025921542228913,-10.31357075904707,-0.09938332313694982,5.2629794561702115e-15
182.58991199069115,-17.97860128409827,5.02634881377857,-10.314107928663308,-0.09976411563199003,4.8682559969574456e-14
182.59662406958756,-17.986313012245663,5.02677541445509,-10.31464382998194,-0.10015036791573272,1.2104852749191486e-14
182.60333747106267,-17.994023959899533,5.02720134243116,-10.315178457948116,-0.10054208836268642,8.999694870051062e-14
182.61005219664364,-18.001734125967758,5.027626595879474,-10.315711807505014,-0.1009392853466415,5.578758223540424e-14
182.61676824785766,-18.009443509357947,5.028051172972726,-10.31624387359386,-0.10134196724068276,7.1050222658297854e-15
