galstreams/tracks/track.st.Gaia-12.ibata2021.ecsv
# %ECSV 1.0
# ---
# datatype:
# - {name: ra, unit: deg, datatype: float64}
# - {name: dec, unit: deg, datatype: float64}
# - {name: distance, unit: kpc, datatype: float64}
# - {name: pm_ra_cosdec, unit: mas / yr, datatype: float64}
# - {name: pm_dec, unit: mas / yr, datatype: float64}
# - {name: radial_velocity, unit: km / s, datatype: float64}
# delimiter: ','
# meta: !!omap
# - __serialized_columns__:
#     dec:
#       __class__: astropy.coordinates.angles.Latitude
#       unit: &id001 !astropy.units.Unit {unit: deg}
#       value: !astropy.table.SerializedColumn {name: dec}
#     distance:
#       __class__: astropy.coordinates.distances.Distance
#       unit: !astropy.units.Unit {unit: kpc}
#       value: !astropy.table.SerializedColumn {name: distance}
#     pm_dec:
#       __class__: astropy.units.quantity.Quantity
#       unit: !astropy.units.Unit {unit: mas / yr}
#       value: !astropy.table.SerializedColumn {name: pm_dec}
#     pm_ra_cosdec:
#       __class__: astropy.units.quantity.Quantity
#       unit: !astropy.units.Unit {unit: mas / yr}
#       value: !astropy.table.SerializedColumn {name: pm_ra_cosdec}
#     ra:
#       __class__: astropy.coordinates.angles.Longitude
#       unit: *id001
#       value: !astropy.table.SerializedColumn {name: ra}
#       wrap_angle: !astropy.coordinates.Angle
#         unit: *id001
#         value: 360.0
#     radial_velocity:
#       __class__: astropy.units.quantity.Quantity
#       unit: !astropy.units.Unit {unit: km / s}
#       value: !astropy.table.SerializedColumn {name: radial_velocity}
# schema: astropy-2.0
ra,dec,distance,pm_ra_cosdec,pm_dec,radial_velocity
[from data line 855]
42.87988367236235,14.783243589753631,10.872764232069155,5.9809221757370254,-6.0613865646287,5.0524602779234026e-14
42.887644321695575,14.776620158387889,10.870260336932443,5.982065321091466,-6.062813679527407,6.73661370389787e-14
42.89540399174201,14.769995903722814,10.867762748988179,5.983211790967394,-6.064241369703205,1.6841534259744676e-14
42.903162680929505,14.76337082395096,10.865271487582014,5.984361596968132,-6.0656696350626635,0.0
42.9109203876859,14.756744917265031,10.862786572059612,5.985514750697018,-6.0670984755136415,1.6841534259744676e-14
42.918677110438956,14.7501181818579,10.860308021766615,5.986671263757439,-6.068527890965283,6.73661370389787e-14
42.92643284761638,14.7434906159226,10.85783585604869,5.9878311477528054,-6.069957881328002,-5.0524602779234026e-14
42.934187597645874,14.73686221765233,10.855370094251482,5.988994414286557,-6.071388446513501,0.0
42.94194135895505,14.730232985240459,10.852910755720655,5.990161074962166,-6.07281958643474,-3.368306851948935e-14
42.949694129971505,14.723602916880507,10.850457859801857,5.991331141383139,-6.074251301005973,3.368306851948935e-14
42.95744590912275,14.716972010766158,10.848011425840745,5.992504625153007,-6.075683590142705,3.368306851948935e-14
42.965196694836294,14.710340265091281,10.845571473182977,5.993681537875336,-6.077116453761723,3.368306851948935e-14
42.97294648553958,14.703707678049874,10.843138021174203,5.994861891153716,-6.078549891781067,1.6841534259744676e-14
42.98069527965999,14.697074247836124,10.840711089160083,5.996045696591774,-6.079983904120055,3.368306851948935e-14
42.98844307562489,14.690439972644358,10.838290696486268,5.99723296579316,-6.081418490699252,1.6841534259744676e-14
42.99618987186159,14.683804850669084,10.835876862498417,5.998423710361555,-6.082853651440492,1.6841534259744676e-14
43.003935666797325,14.677168880104956,10.833469606542181,5.999617941900674,-6.084289386266862,-5.0524602779234026e-14
43.01168045885934,14.670532059146801,10.831068947963216,6.00081567201425,-6.085725695102708,5.0524602779234026e-14
43.0194242464748,14.663894385989598,10.828674906107178,6.0020169123060505,-6.08716257787362,-1.6841534259744676e-14
43.02716702807082,14.657255858828492,10.82628750031972,6.0032216743798745,-6.08860003450645,0.0
43.03490880207449,14.650616475858776,10.823906749946506,6.004429969839542,-6.090038064929286,0.0
43.04264956691284,14.643976235275927,10.821532674333174,6.005641810288903,-6.09147666907147,0.0
43.05038932101287,14.637335135275555,10.819165292825396,6.006857207331834,-6.092915846863585,1.6841534259744676e-14
43.058128062801536,14.630693174053443,10.816804624768816,6.008076172572242,-6.094355598237456,-3.368306851948935e-14
43.06586579070573,14.62405034980553,10.814450689509096,6.009298717614051,-6.095795923126148,-1.6841534259744676e-14
43.073602503152316,14.617406660727916,10.812103506391884,6.010524854061232,-6.097236821463961,0.0
43.081338198568126,14.610762105016857,10.809763094762836,6.011754593517754,-6.098678293186432,0.0
43.08907287537992,14.604116680868762,10.807429473967616,6.012987947587636,-6.1001203382303295,0.0
43.09680653201443,14.597470386480207,10.805102663351871,6.014224927874906,-6.101562956533651,0.0
43.10453916689836,14.590823220047925,10.802782682261256,6.015465545983631,-6.10300614803563,-3.368306851948935e-14
43.11227077845835,14.584175179768794,10.800469550041429,6.016709813517892,-6.104449912676713,0.0
43.12000136512102,14.57752626383986,10.798163286038044,6.0179577420818005,-6.105894250398582,6.73661370389787e-14
43.12773092531289,14.57087647045832,10.795863909596754,6.019209343279492,-6.107339161144133,0.0
43.13545945746053,14.56422579782154,10.793571440063218,6.020464628715126,-6.108784644857491,1.6841534259744676e-14
43.143186959990395,14.557574244127022,10.791285896783085,6.021723609992886,-6.110230701483983,3.368306851948935e-14
43.15091343132891,14.550921807572433,10.789007299102016,6.0229862987169795,-6.111677330970166,-1.6841534259744676e-14
43.1586388699025,14.544268486355598,10.786735666365662,6.024252706491637,-6.113124533263802,-1.6841534259744676e-14
43.166363274137495,14.537614278674496,10.784471017919682,6.025522844921113,-6.114572308313866,-5.0524602779234026e-14
43.17408664246024,14.53095918272725,10.782213373109728,6.026796725609683,-6.116020656070537,-1.6841534259744676e-14
43.18180897329697,14.524303196712156,10.779962751281454,6.02807436016165,-6.117469576485212,6.73661370389787e-14
43.18953026507394,14.517646318827659,10.777719171780518,6.029355760181334,-6.118919069510473,1.6841534259744676e-14
43.19725051621734,14.51098854727234,10.775482653952574,6.030640937273081,-6.120369135100122,-8.420767129872338e-15
43.20496972515331,14.504329880244955,10.773253217143278,6.0319299030412585,-6.121819773209152,0.0
43.21268789030798,14.497670315944406,10.771030880698282,6.033222669090254,-6.123270983793752,-3.368306851948935e-14
43.22040501010741,14.491009852569748,10.768815663963242,6.0345192470244795,-6.124722766811313,-2.5262301389617013e-14
43.22812108297765,14.484348488320185,10.766607586283813,6.035819648448367,-6.126175122220415,7.578690416885104e-14
43.23583610734467,14.477686221395082,10.764406667005654,6.037123884966364,-6.1276280499808236,2.5262301389617013e-14
43.243550081634424,14.471023049993939,10.762212925474413,6.038431968182953,-6.129081550053501,8.420767129872338e-15
43.251263004272836,14.46435897231643,10.760026381035752,6.039743909702617,-6.1305356224005925,-5.0524602779234026e-14
43.25897487368579,14.457693986562369,10.75784705303532,6.041059721129876,-6.131990266985429,0.0
43.2666856882991,14.451028090931716,10.755674960818775,6.042379414069266,-6.13344548377252,2.5262301389617013e-14
43.27439544653858,14.4443612836246,10.753510123731772,6.043703000125335,-6.134901272727557,0.0
43.282104146829994,14.43769356284127,10.751352561119967,6.045030490902661,-6.1363576338174095,9.262843842859572e-14
43.28981178759905,14.431024926782165,10.749202292329013,6.046361898005836,-6.137814567010123,4.210383564936169e-14
43.29751836727144,14.424355373647836,10.747059336704565,6.04769723303947,-6.139272072274915,5.0524602779234026e-14
43.305223884272806,14.417684901639012,10.744923713592279,6.049036507608193,-6.140730149582169,5.894536990910637e-14
43.31292833702875,14.411013508956561,10.74279544233781,6.050379733316655,-6.142188798903447,-8.420767129872338e-15
43.320631723964866,14.404341193801486,10.74067454228681,6.051726921769525,-6.143648020211474,-1.6841534259744676e-14
43.32833404350668,14.397667954374967,10.73856103278494,6.05307808457148,-6.1451078134801325,0.0
43.33603529407967,14.390993788878315,10.736454933177848,6.0544332333272335,-6.146568178684478,8.420767129872338e-15
43.343735474109316,14.384318695512983,10.7343562628112,6.0557923796414945,-6.148029115800715,0.0
43.35143458202104,14.377642672480594,10.732265041030637,6.0571555351190085,-6.1494906248062176,-8.420767129872338e-15
43.35913261624022,14.370965717982898,10.730181287181823,6.058522711364526,-6.150952705679504,5.0524602779234026e-14
43.366829575192206,14.3642878302218,10.728105020610407,6.059893919982823,-6.152415358400256,-8.420767129872338e-15
43.37452545730233,14.357609007399363,10.726036260662053,6.061269172578675,-6.153878582949295,2.5262301389617013e-14
43.382220260995844,14.350929247717772,10.723975026682409,6.062648480756899,-6.155342379308603,-2.5262301389617013e-14
43.38991398469802,14.344248549379381,10.721921338017129,6.064031856122304,-6.156806747461301,2.5262301389617013e-14
43.39760662683405,14.337566910586682,10.719875214011871,6.065419310279733,-6.15827168739166,8.420767129872338e-15
43.40529818582911,14.330884329542311,10.717836674012293,6.066810854834031,-6.159737199085084,1.6841534259744676e-14
43.412988660108326,14.324200804449054,10.715805737364045,6.068206501390067,-6.161203282528134,8.420767129872338e-15
43.420678048096825,14.317516333509838,10.713782423412786,6.069606261552719,-6.162669937708487,5.0524602779234026e-14
43.42836634821965,14.310830914927735,10.711766751504165,6.071010146926889,-6.164137164614978,1.6841534259744676e-14
43.436053558901854,14.304144546905974,10.709758740983839,6.07241816911748,-6.165604963237558,8.420767129872338e-15
43.44373967856841,14.297457227647905,10.707758411197469,6.073830339729415,-6.167073333567316,-1.6841534259744676e-14
43.451424705644314,14.290768955357045,10.705765781490703,6.075246670367639,-6.168542275596479,-3.368306851948935e-14
43.459108638554476,14.28407972823704,10.703780871209203,6.076667172637096,-6.170011789318382,-1.6841534259744676e-14
43.46679147572381,14.27738954449169,10.701803699698614,6.078091858142757,-6.1714818747275,5.0524602779234026e-14
43.474473215577156,14.27069840232493,10.699834286304597,6.079520738489598,-6.172952531819426,3.368306851948935e-14
43.482153856539355,14.264006299940842,10.697872650372808,6.080953825282608,-6.174423760590875,-2.5262301389617013e-14
43.48983339703521,14.257313235543656,10.695918811248905,6.082391130126792,-6.175895561039672,0.0
43.497511835489476,14.25061920733773,10.693972788278533,6.083832664627171,-6.177367933164774,-1.6841534259744676e-14
43.50518917032689,14.243924213527572,10.692034600807355,6.085278440388766,-6.178840876966236,2.5262301389617013e-14
43.512865399972135,14.237228252317845,10.690104268181022,6.086728469016624,-6.180314392445235,-8.420767129872338e-15
43.5205405228499,14.230531321913332,10.688181809745192,6.088182762115791,-6.181788479604046,-1.6841534259744676e-14
43.52821453738479,14.22383342051896,10.68626724484552,6.089641331291334,-6.183263138446067,-5.894536990910637e-14
43.53588744200143,14.217134546339814,10.684360592827657,6.0911041881483285,-6.1847383689757915,5.0524602779234026e-14
43.54355923512439,14.210434697581109,10.68246187303726,6.092571344291858,-6.186214171198813,6.73661370389787e-14
43.551229915178176,14.203733872448199,10.680571104819988,6.094042811327018,-6.187690545121832,-1.6841534259744676e-14
43.55889948058732,14.197032069146575,10.678688307521492,6.095518600858919,-6.189167490752648,-3.368306851948935e-14
43.5665679297763,14.190329285881875,10.676813500487425,6.096998724492677,-6.1906450081001525,5.894536990910637e-14
43.57423526116953,14.18362552085987,10.674946703063448,6.098483193833411,-6.1921230971743295,8.420767129872338e-15
43.581901473191444,14.176920772286488,10.673087934595209,6.099972020486268,-6.193601757986265,-3.368306851948935e-14
43.58956656426642,14.17021503836776,10.67123721442837,6.101465216056388,-6.195080990548121,2.5262301389617013e-14
43.597230532818806,14.163508317309896,10.669394561908582,6.10296279214893,-6.196560794873161,0.0
43.60489337727293,14.156800607319216,10.667559996381499,6.104464760369055,-6.198041170975723,5.0524602779234026e-14
43.612555096053065,14.150091906602198,10.66573353719278,6.1059711323219386,-6.199522118871233,-2.5262301389617013e-14
43.620215687583475,14.143382213365433,10.663915203688072,6.107481919612761,-6.201003638576201,-1.6841534259744676e-14
43.627875150288396,14.136671525815677,10.662105015213042,6.108997133846708,-6.202485730108204,-2.5262301389617013e-14
43.63553348259203,14.129959842159803,10.660302991113337,6.110516786628985,-6.203968393485914,1.6841534259744676e-14
43.64319068291853,14.123247160604826,10.658509150734613,6.112040889564788,-6.205451628729059,8.420767129872338e-15
43.65084674969205,14.11653347935791,10.656723513422527,6.113569454259332,-6.206935435858451,-8.420767129872338e-15
43.658501681336695,14.109818796626334,10.654946098522728,6.115102492317844,-6.208419814895969,3.368306851948935e-14
43.66615547627654,14.103103110617532,10.65317692538088,6.116640015345544,-6.209904765864558,-1.6841534259744676e-14
43.673808132935655,14.096386419539062,10.651416013342633,6.118182034947666,-6.211390288788233,0.0
43.681459649738045,14.089668721598617,10.649663381753644,6.119728562729453,-6.212876383692069,1.6841534259744676e-14
43.68911002510773,14.082950015004036,10.647919049959562,6.121279610296148,-6.214363050602205,1.6841534259744676e-14
43.69675925746864,14.076230297963281,10.646183037306049,6.122835189253005,-6.215850289545832,-1.6841534259744676e-14
43.70440734524477,14.069509568684458,10.644455363138759,6.124395311205282,-6.217338100551211,0.0
43.712054286859974,14.062787825375798,10.642736046803343,6.125959987758242,-6.218826483647648,5.894536990910637e-14
43.719700080738164,14.056065066245672,10.641025107645461,6.127529230517153,-6.220315438865501,5.894536990910637e-14
43.72734472530319,14.049341289502582,10.639322565010763,6.129103051087291,-6.221804966236186,0.0
43.73498821897888,14.04261649335517,10.637628438244908,6.13068146107393,-6.22329506579216,5.0524602779234026e-14
43.742630560189035,14.0358906760122,10.63594274669355,6.132264472082358,-6.224785737566931,3.368306851948935e-14
43.75027174735743,14.029163835682578,10.634265509702347,6.133852095717859,-6.226276981595049,-1.6841534259744676e-14
43.7579117789078,14.022435970575334,10.632596746616947,6.135444343585727,-6.227768797912108,-2.5262301389617013e-14
43.76555065326388,14.01570707889963,10.630936476783008,6.137041227291256,-6.22926118655474,5.0524602779234026e-14
43.77318836884936,14.00897715886478,10.629284719546186,6.138642758439746,-6.230754147560611,0.0
43.78082492408791,14.002246208680203,10.627641494252137,6.140248948636492,-6.2322476809684275,1.6841534259744676e-14
43.78846031740315,13.99551422655547,10.626006820246513,6.141859809486808,-6.233741786817928,-8.420767129872338e-15
43.79609454721872,13.98878121070026,10.624380716874974,6.143475352595995,-6.235236465149876,1.6841534259744676e-14
43.803727611958195,13.98204715932441,10.622763203483167,6.14509558956937,-6.236731716006078,8.420767129872338e-15
43.81135951004514,13.975312070637864,10.621154299416752,6.146720532012242,-6.238227539429358,0.0
43.818990239903094,13.96857594285071,10.619554024021387,6.1483501915299215,-6.239723935463552,0.0
43.82661979995556,13.961838774173161,10.617962396642719,6.149984579727734,-6.241220904153546,-4.210383564936169e-14
43.83424818862605,13.955100562815563,10.616379436626412,6.151623708210989,-6.242718445545221,4.210383564936169e-14
43.84187540433798,13.948361306988385,10.614805163318117,6.153267588585008,-6.24421655968549,-7.578690416885104e-14
43.84950144551483,13.941621004902226,10.613239596063483,6.15491623245512,-6.245715246622281,-4.210383564936169e-14
43.85712631058,13.934879654767819,10.611682754208175,6.1565696514266355,-6.247214506404529,-8.420767129872338e-15
43.864749997956864,13.928137254796024,10.610134657097843,6.158227857104883,-6.248714339082184,-8.420767129872338e-15
43.8723725060688,13.921393803197827,10.608595324078143,6.159890861095182,-6.250214744706206,-2.5262301389617013e-14
43.87999383333915,13.914649298184337,10.607064774494733,6.161558675002855,-6.251715723328562,4.210383564936169e-14
43.88761397819121,13.9079037379668,10.605543027693258,6.163231310433227,-6.253217275002225,1.6841534259744676e-14
43.89523293904828,13.90115712075659,10.604030103019381,6.1649087789916175,-6.254719399781168,2.5262301389617013e-14
43.90285071433363,13.894409444765193,10.602526019818756,6.166591092283349,-6.256222097720367,-1.6841534259744676e-14
43.9104673024705,13.887660708204237,10.601030797437039,6.168278261913745,-6.257725368875795,8.420767129872338e-15
43.91808270188212,13.880910909285468,10.599544455219885,6.169970299488117,-6.25922921330442,8.420767129872338e-15
43.92569691099168,13.874160046220764,10.598067012512944,6.1716672166117945,-6.260733631064214,4.210383564936169e-14
43.93330992822235,13.86740811722212,10.596598488661877,6.173369024890084,-6.2622386222141255,4.210383564936169e-14
43.94092175199729,13.860655120501665,10.595138903012337,6.175075735928306,-6.263744186814106,5.0524602779234026e-14
43.94853238073963,13.853901054271653,10.593688274909978,6.176787361331771,-6.265250324925084,5.0524602779234026e-14
43.95614181287245,13.847145916744454,10.592246623700454,6.178503912705795,-6.266757036608988,-1.6841534259744676e-14
43.963750046818866,13.840389706132575,10.590813968729423,6.180225401655677,-6.26826432192871,-5.0524602779234026e-14
