galstreams/tracks/track.st.Jhelum.ibata2024.ecsv
# %ECSV 1.0
# ---
# datatype:
# - {name: ra, unit: deg, datatype: float64}
# - {name: dec, unit: deg, datatype: float64}
# - {name: distance, unit: kpc, datatype: float64}
# - {name: pm_ra_cosdec, unit: mas / yr, datatype: float64}
# - {name: pm_dec, unit: mas / yr, datatype: float64}
# - {name: radial_velocity, unit: km / s, datatype: float64}
# delimiter: ','
# meta: !!omap
# - __serialized_columns__:
#     dec:
#       __class__: astropy.coordinates.angles.Latitude
#       unit: &id001 !astropy.units.Unit {unit: deg}
#       value: !astropy.table.SerializedColumn {name: dec}
#     distance:
#       __class__: astropy.coordinates.distances.Distance
#       unit: !astropy.units.Unit {unit: kpc}
#       value: !astropy.table.SerializedColumn {name: distance}
#     pm_dec:
#       __class__: astropy.units.quantity.Quantity
#       unit: !astropy.units.Unit {unit: mas / yr}
#       value: !astropy.table.SerializedColumn {name: pm_dec}
#     pm_ra_cosdec:
#       __class__: astropy.units.quantity.Quantity
#       unit: !astropy.units.Unit {unit: mas / yr}
#       value: !astropy.table.SerializedColumn {name: pm_ra_cosdec}
#     ra:
#       __class__: astropy.coordinates.angles.Longitude
#       unit: *id001
#       value: !astropy.table.SerializedColumn {name: ra}
#       wrap_angle: !astropy.coordinates.Angle
#         unit: *id001
#         value: 360.0
#     radial_velocity:
#       __class__: astropy.units.quantity.Quantity
#       unit: !astropy.units.Unit {unit: km / s}
#       value: !astropy.table.SerializedColumn {name: radial_velocity}
# schema: astropy-2.0
ra,dec,distance,pm_ra_cosdec,pm_dec,radial_velocity
[from data line 2087]
38.97609475954065,-46.126067288119046,1.0000000000000007,7.288490469981191,-0.5985753831641674,273.3950099030425
38.94875796820266,-46.134350038586945,1.0000000000000004,7.290090442134474,-0.6003451193288427,273.2295428049686
38.92141405687017,-46.142628385456376,1.0000000000000004,7.291689294619438,-0.6021169618124631,273.06396739941783
38.894063024255324,-46.15090232515462,1.0000000000000004,7.293287025179357,-0.6038909106391834,272.8982838552185
38.866704869077495,-46.159171854108045,1.0000000000000004,7.294883631556541,-0.6056669658297835,272.7324923411982
38.839339590063226,-46.16743696874204,1.0000000000000004,7.296479111492356,-0.6074451274017356,272.5665930261852
38.811967185946244,-46.17569766548109,1.0000000000000007,7.2980734627272135,-0.609225395369144,272.4005860790076
38.78458765546753,-46.18395394074869,1.0000000000000004,7.299666683000574,-0.6110077697427982,272.2344716684931
38.75720099737522,-46.19220579096742,1.0000000000000007,7.301258770051003,-0.6127922505301129,272.06824996346984
38.72980721042475,-46.200453212558934,1.0000000000000007,7.30284972161607,-0.6145788377351771,271.90192113276584
38.70240629337878,-46.20869620194393,1.0000000000000007,7.304439535432447,-0.6163675313586978,271.73548534520904
38.67499824500723,-46.21693475554219,1.0000000000000007,7.306028209235873,-0.6181583313979786,271.56894276962754
38.64758306408729,-46.22516886977255,1.0000000000000007,7.307615740761147,-0.6199512378470651,271.4022935748492
38.62016074940346,-46.23339854105294,1.0000000000000007,7.309202127742154,-0.621746250696507,271.2355379297021
38.59273129974751,-46.241623765800355,1.0000000000000007,7.310787367911832,-0.6235433699335466,271.0686760030143
38.56529471391858,-46.24984454043087,1.0000000000000004,7.312371459002232,-0.6253425955419978,270.9017079636137
38.537850990723065,-46.25806086135965,1.0000000000000004,7.3139543987444995,-0.6271439275023205,270.7346339803284
38.51040012897474,-46.26627272500094,1.0000000000000007,7.31553618486879,-0.6289473657915714,270.5674542219863
38.4829421274947,-46.27448012776806,1.0000000000000007,7.317116815104466,-0.6307529103834071,270.4001688574155
38.45547698511147,-46.28268306607344,1.0000000000000007,7.318696287179872,-0.63256056124807,270.23277805544393
38.42800470066086,-46.29088153632862,1.0000000000000007,7.320274598822504,-0.6343703183523957,270.0652819848996
38.40052527298615,-46.299075534944194,1.0000000000000004,7.321851747758959,-0.6361821816597981,269.89768081461057
38.37303870093799,-46.30726505832989,1.0000000000000007,7.323427731714922,-0.6379961511302845,269.72997471340483
38.34554498337446,-46.315450102894516,1.0000000000000004,7.325002548415178,-0.6398122267204478,269.56216385011027
38.31804411916101,-46.32363066504601,1.0000000000000004,7.326576195583655,-0.6416304083834277,269.394248393555
38.290536107170624,-46.3318067411914,1.0000000000000007,7.328148670943332,-0.6434506960689497,269.226228512567
38.263020946283675,-46.33997832773682,1.0000000000000007,7.32971997221636,-0.6452730897232861,269.05810437597427
38.235498635388026,-46.34814542108754,1.0000000000000009,7.3312900971239685,-0.6470975892892845,268.88987615260487
38.20796917337899,-46.356308017647926,1.0000000000000007,7.332859043386547,-0.6489241947063071,268.72154401128654
38.18043255915944,-46.3644661138215,1.0000000000000004,7.334426808723556,-0.6507529059102914,268.5531081208475
38.15288879163969,-46.37261970601086,1.0000000000000004,7.33599339085362,-0.6525837228337004,268.38456865011585
38.125337869737585,-46.38076879061775,1.0000000000000007,7.337558787494492,-0.6544166454055755,268.21592576791954
38.09777979237853,-46.38891336404308,1.0000000000000004,7.339122996363045,-0.6562516735514095,268.0471796430863
38.07021455849544,-46.397053422686795,1.0000000000000004,7.340686015175304,-0.6580888071933266,267.87833044444443
38.042642167028816,-46.405188962948095,1.0000000000000007,7.342247841646399,-0.6599280462498598,267.70937834082184
38.01506261692667,-46.41331998122525,1.0000000000000007,7.3438084734906575,-0.6617693906361239,267.5403235010466
37.9874759071447,-46.42144647391566,1.0000000000000004,7.345367908421498,-0.6636128402637596,267.3711660939465
37.95988203664611,-46.42956843741591,1.0000000000000007,7.346926144151523,-0.665458395040865,267.20190628834973
37.93228100440172,-46.437685868121704,1.0000000000000004,7.348483178392467,-0.6673060548720677,267.0325442530843
37.90467280939002,-46.44579876242793,1.0000000000000004,7.350039008855248,-0.6691558196584886,266.86308015697807
37.8770574505971,-46.453907116728566,1.0000000000000004,7.351593633249923,-0.6710076892977384,266.6935141688592
37.84943492701669,-46.462010927416834,1.0000000000000004,7.353147049285685,-0.6728616636839106,266.5238464575555
37.82180523765021,-46.47011019088504,1.0000000000000007,7.35469925467094,-0.6747177427075925,266.3540771918952
37.794168381506715,-46.47820490352467,1.0000000000000004,7.356250247113238,-0.6765759262558397,266.18420654070604
37.76652435760298,-46.48629506172642,1.0000000000000004,7.3578000243193085,-0.6784362142121658,266.0142346728164
37.73887316496345,-46.49438066188008,1.0000000000000007,7.359348583995036,-0.6802986064566099,265.8441617570539
37.711214802620304,-46.50246170037468,1.0000000000000004,7.360895923845513,-0.6821631028655766,265.67398796224666
37.68354926961342,-46.51053817359839,1.0000000000000007,7.362442041574992,-0.6840297033120173,265.5037134572228
37.65587656499046,-46.51861007793857,1.0000000000000007,7.363986934886928,-0.6858984076652774,265.3333384108102
37.62819668780676,-46.526677409781755,1.0000000000000004,7.36553060148394,-0.6877692157911817,265.16286299183696
37.600509637125484,-46.534740165513654,1.0000000000000004,7.36707303906786,-0.6896421275519913,264.99228736913096
37.57281541201752,-46.54279834151919,1.0000000000000004,7.3686142453397245,-0.6915171428064006,264.8216117115202
37.54511401156163,-46.55085193418245,1.0000000000000007,7.370154217999703,-0.6933942614095123,264.6508361878328
37.517405434844264,-46.55890093988672,1.0000000000000007,7.3716929547472745,-0.6952734832129188,264.4799609668967
37.489689680959756,-46.56694535501451,1.0000000000000004,7.373230453281019,-0.6971548080645782,264.30898621753994
37.461966749010266,-46.57498517594749,1.0000000000000007,7.37476671129879,-0.6990382358088816,264.1379121085905
37.43423663810577,-46.58302039906658,1.0000000000000007,7.376301726497623,-0.7009237662866354,263.96673880887636
37.40649934736411,-46.59105102075183,1.0000000000000007,7.377835496573788,-0.7028113993350757,263.7954664872254
37.37875487591097,-46.59907703738259,1.0000000000000004,7.379368019222758,-0.704701134787797,263.62409531246584
37.35100322287997,-46.60709844533736,1.0000000000000004,7.380899292139242,-0.7065929724748159,263.4526254534256
37.32324438741256,-46.61511524099388,1.0000000000000004,7.382429313017134,-0.7084869122225612,263.28105707893263
37.29547836865813,-46.623127420729105,1.0000000000000004,7.383958079549631,-0.7103829538538236,263.10939035781513
37.26770516577396,-46.631134980919214,1.0000000000000007,7.385485589429095,-0.7122810971877769,262.9376254589007
37.239924777925296,-46.63913791793961,1.0000000000000007,7.387011840347158,-0.7141813420399963,262.7657625510178
37.21213720428528,-46.647136228164925,1.0000000000000004,7.38853682999469,-0.7160836882223904,262.59380180299405
37.184342444035046,-46.65512990796902,1.0000000000000004,7.3900605560617905,-0.7179881355432798,262.42174338365766
37.15654049636371,-46.663118953725,1.0000000000000007,7.391583016237803,-0.7198946838073077,262.24958746183677
37.128731360468315,-46.67110336180519,1.0000000000000007,7.393104208211344,-0.7218033328155329,262.077334206359
37.10091503555394,-46.67908312858118,1.0000000000000004,7.394624129670275,-0.7237140823653156,261.90498378605264
37.073091520833664,-46.6870582504238,1.0000000000000004,7.396142778301684,-0.7256269322503677,261.73253636974556
37.0452608155286,-46.69502872370312,1.0000000000000004,7.397660151791968,-0.7275418822607662,261.5599921262658
37.017422918867865,-46.702994544788446,1.0000000000000007,7.399176247826745,-0.7294589321829434,261.38735122444143
36.98957783008861,-46.71095571004838,1.0000000000000007,7.400691064090944,-0.7313780817996047,261.2146138331003
36.96172554843613,-46.71891221585075,1.0000000000000004,7.402204598268707,-0.7332993308898601,261.0417801210706
36.933866073163664,-46.72686405856267,1.0000000000000004,7.403716848043526,-0.7352226792290786,260.86885025718016
36.90599940353266,-46.73481123455048,1.0000000000000007,7.405227811098117,-0.7371481265889877,260.69582441025705
36.878125538812576,-46.74275374017983,1.0000000000000007,7.406737485114489,-0.7390756727376164,260.5227027491294
36.85024447828103,-46.75069157181562,1.0000000000000007,7.408245867773935,-0.7410053174392957,260.349485442625
36.82235622122374,-46.75862472582203,1.0000000000000004,7.4097529567570515,-0.7429370604546826,260.17617265957193
36.794460766934584,-46.76655319856252,1.0000000000000007,7.411258749743704,-0.7448709015407395,260.0027645687982
36.76655811471554,-46.774476986399826,1.0000000000000007,7.412763244413092,-0.746806840450688,259.8292613391319
36.738648263876804,-46.782396085695964,1.0000000000000007,7.414266438443679,-0.7487448769340332,259.65566313940076
36.71073121373673,-46.790310492812274,1.0000000000000004,7.415768329513249,-0.7506850107366141,259.4819701384331
36.68280696362183,-46.79822020410934,1.0000000000000004,7.417268915298914,-0.7526272416005284,259.3081825050567
36.654875512866866,-46.80612521594708,1.0000000000000007,7.418768193477041,-0.7545715692641473,259.1343004080997
36.6269368608148,-46.814025524684666,1.0000000000000004,7.4202661617233545,-0.7565179934621007,258.9603240163901
36.59899100681678,-46.82192112668061,1.0000000000000004,7.421762817712896,-0.7584665139253204,258.7862534987558
36.571037950232245,-46.82981201829274,1.0000000000000004,7.423258159120035,-0.7604171303809331,258.6120890240249
36.543077690428866,-46.83769819587815,1.0000000000000007,7.424752183618436,-0.7623698425523919,258.43783076102534
36.51511022678257,-46.84557965579328,1.0000000000000004,7.426244888881124,-0.7643246501593488,258.263478878585
36.48713555867758,-46.853456394393866,1.0000000000000007,7.427736272580448,-0.7662815529177536,258.0890335455322
36.45915368550641,-46.861328408034986,1.0000000000000004,7.42922633238809,-0.7682405505397405,257.9144949306947
36.43116460666987,-46.86919569307102,1.0000000000000004,7.430715065975079,-0.7702016427337064,257.7398632029005
36.40316832157709,-46.877058245855665,1.0000000000000007,7.432202471011783,-0.7721648292043106,257.5651385309777
36.37516482964554,-46.884916062741986,1.0000000000000004,7.433688545167929,-0.7741301096523685,257.3903210837542
36.347154130301,-46.89276914008235,1.0000000000000004,7.4351732861126045,-0.7760974837749934,257.2154110300582
36.31913622297765,-46.90061747422848,1.0000000000000007,7.436656691514228,-0.7780669512654477,257.0404085387175
36.29111110711802,-46.90846106153142,1.0000000000000004,7.438138759040585,-0.7800385118132596,256.86531377856016
36.26307878217299,-46.91629989834157,1.0000000000000007,7.439619486358858,-0.7820121651041347,256.6901269184142
36.23503924760192,-46.92413398100868,1.0000000000000007,7.44109887113553,-0.7839879108199774,256.5148481271076
36.20699250287247,-46.93196330588183,1.0000000000000004,7.4425769110365465,-0.785965748638926,256.3394775734683
36.17893854746082,-46.93978786930949,1.0000000000000004,7.444053603727152,-0.7879456782352605,256.1640154263244
36.1508773808515,-46.94760766763947,1.0000000000000007,7.445528946872013,-0.7899276992794775,255.98846185450404
36.12280900253756,-46.955422697218914,1.0000000000000007,7.447002938135151,-0.7919118114382684,255.81281702683492
36.094733412020446,-46.9632329543944,1.0000000000000004,7.448475575180003,-0.793898014374463,255.6370811121452
36.066650608810114,-46.9710384355118,1.0000000000000007,7.449946855669388,-0.7958863077471037,255.46125427926285
36.038560592424986,-46.978839136916406,1.0000000000000007,7.451416777265534,-0.7978766912113784,255.2853366970158
36.01046336239201,-46.986635054952856,1.0000000000000007,7.452885337630029,-0.7998691644186664,255.10932853423216
35.98235891824662,-46.994426185965196,1.0000000000000004,7.4543525344239026,-0.8018637270164497,254.93322995974
35.95424725953278,-47.00221252629686,1.0000000000000007,7.455818365307559,-0.8038603786484266,254.75704114236723
35.92612838580298,-47.0099940722906,1.0000000000000007,7.45728282794086,-0.8058591189544018,254.58076225094163
35.898002296618294,-47.017770820288675,1.0000000000000004,7.458745919983045,-0.8078599475703427,254.4043934542917
35.869868991548316,-47.02554276663261,1.0000000000000007,7.460207639092795,-0.8098628641283518,254.227934921245
35.84172847017123,-47.03330990766344,1.0000000000000007,7.461667982928194,-0.8118678682566767,254.0513868206297
35.813580732073845,-47.04107223972151,1.0000000000000007,7.463126949146774,-0.8138749595796746,253.8747493212738
35.78542577685152,-47.04882975914665,1.0000000000000007,7.464584535405482,-0.815884137717827,253.69802259200532
35.75726360410825,-47.056582462278044,1.0000000000000007,7.466040739360697,-0.8178954022877676,253.52120680165223
35.72909421345664,-47.0643303454543,1.0000000000000007,7.467495558668279,-0.8199087529022044,253.34430211904254
35.70091760451798,-47.07207340501346,1.0000000000000007,7.468948990983485,-0.8219241891699838,253.16730871300433
35.67273377692217,-47.07981163729296,1.0000000000000007,7.47040103396103,-0.823941710696058,252.99022675236534
35.644542730307755,-47.0875450386297,1.0000000000000004,7.471851685255123,-0.8259613170814539,252.81305640595383
35.61634446432203,-47.09527360535996,1.0000000000000004,7.473300942519346,-0.8279830079233257,252.63579784259775
35.58813897862096,-47.10299733381947,1.0000000000000007,7.474748803406815,-0.8300067828148912,252.458451231125
35.55992627286916,-47.1107162203434,1.0000000000000007,7.476195265570102,-0.8320326413454779,252.28101674036375
35.531706346740016,-47.11843026126636,1.0000000000000007,7.4776403266612075,-0.8340605831004737,252.10349453914185
35.50347919991562,-47.12613945292241,1.0000000000000004,7.479083984331638,-0.8360906076613581,251.92588479628736
35.47524483208684,-47.13384379164501,1.0000000000000004,7.480526236232352,-0.8381227146056887,251.7481876806283
35.447003242953215,-47.141543273767134,1.0000000000000007,7.481967080013829,-0.8401569035070757,251.57040336099266
35.418754432223174,-47.14923789562118,1.0000000000000007,7.483406513326004,-0.8421931739351827,251.39253200620837
35.39049839961383,-47.15692765353898,1.0000000000000007,7.484844533818299,-0.8442315254557649,251.2145737851035
35.36223514485113,-47.16461254385186,1.0000000000000004,7.48628113913966,-0.8462719576305986,251.0365288665061
35.33396466766987,-47.17229256289061,1.0000000000000004,7.487716326938472,-0.8483144700175096,250.85839741924417
35.305686967813536,-47.17996770698549,1.0000000000000004,7.489150094862701,-0.8503590621704014,250.68017961214545
35.27740204503459,-47.18763797246619,1.0000000000000004,7.490582440559761,-0.8524057336391628,250.50187561403837
35.24910989909427,-47.19530335566194,1.0000000000000007,7.492013361676577,-0.854454483969775,250.32348559375066
35.220810529762666,-47.202963852901405,1.0000000000000004,7.4934428558596355,-0.8565053127042006,250.14500972011027
35.192503936818795,-47.21061946051275,1.0000000000000004,7.49487092075489,-0.8585582193804449,249.96644816194535
35.164190120050456,-47.218270174823644,1.0000000000000007,7.49629755400786,-0.8606132035325409,249.78780108808385
35.13586907925444,-47.225915992161205,1.0000000000000007,7.497722753263556,-0.8626702646905251,249.60906866735382
35.107540814236444,-47.23355690885209,1.0000000000000004,7.499146516166562,-0.8647294023804406,249.4302510685832
35.079205324811014,-47.24119292122243,1.0000000000000004,7.500568840360954,-0.8667906161243444,249.25134846060004
