galstreams/tracks/track.st.New-22.ibata2024.ecsv
# %ECSV 1.0
# ---
# datatype:
# - {name: ra, unit: deg, datatype: float64}
# - {name: dec, unit: deg, datatype: float64}
# - {name: distance, unit: kpc, datatype: float64}
# - {name: pm_ra_cosdec, unit: mas / yr, datatype: float64}
# - {name: pm_dec, unit: mas / yr, datatype: float64}
# - {name: radial_velocity, unit: km / s, datatype: float64}
# delimiter: ','
# meta: !!omap
# - __serialized_columns__:
#     dec:
#       __class__: astropy.coordinates.angles.Latitude
#       unit: &id001 !astropy.units.Unit {unit: deg}
#       value: !astropy.table.SerializedColumn {name: dec}
#     distance:
#       __class__: astropy.coordinates.distances.Distance
#       unit: !astropy.units.Unit {unit: kpc}
#       value: !astropy.table.SerializedColumn {name: distance}
#     pm_dec:
#       __class__: astropy.units.quantity.Quantity
#       unit: !astropy.units.Unit {unit: mas / yr}
#       value: !astropy.table.SerializedColumn {name: pm_dec}
#     pm_ra_cosdec:
#       __class__: astropy.units.quantity.Quantity
#       unit: !astropy.units.Unit {unit: mas / yr}
#       value: !astropy.table.SerializedColumn {name: pm_ra_cosdec}
#     ra:
#       __class__: astropy.coordinates.angles.Longitude
#       unit: *id001
#       value: !astropy.table.SerializedColumn {name: ra}
#       wrap_angle: !astropy.coordinates.Angle
#         unit: *id001
#         value: 360.0
#     radial_velocity:
#       __class__: astropy.units.quantity.Quantity
#       unit: !astropy.units.Unit {unit: km / s}
#       value: !astropy.table.SerializedColumn {name: radial_velocity}
# schema: astropy-2.0
ra,dec,distance,pm_ra_cosdec,pm_dec,radial_velocity
[from data line 562]
326.31512457174745,-31.36682117672037,1.0000000000000002,-3.417548331534179,-0.7936095185880432,34.08849396604059
326.3225618554376,-31.374559842334502,1.0000000000000002,-3.4160674321889477,-0.7926717049003118,34.21817854478703
326.33000169124216,-31.38229714651629,1.0000000000000002,-3.414588457060182,-0.7917354033015247,34.347496356782116
326.337444092546,-31.390033079861244,1.0000000000000002,-3.413111423720558,-0.7908006391945084,34.47644605132733
326.3448890727354,-31.397767632961596,1.0000000000000002,-3.4116363497360895,-0.7898674379869517,34.60502627772408
326.35233664519797,-31.4055007964064,1.0,-3.4101632526660914,-0.7889358250913845,34.73323568527387
326.3597868233228,-31.41323256078139,1.0000000000000002,-3.408692150063188,-0.7880058259252087,34.86107292327813
326.3672396205002,-31.42096291666912,1.0000000000000002,-3.4072230594733006,-0.7870774659106932,34.9885366410383
326.3746950501218,-31.42869185464891,1.0000000000000002,-3.4057559984356134,-0.7861507704749733,35.11562548785585
326.3821531255808,-31.43641936529678,1.0000000000000002,-3.404290984482593,-0.7852257650500833,35.24233811303224
326.3896138602716,-31.44414543918552,1.0000000000000002,-3.4028280351399447,-0.7843024750729364,35.36867316586892
326.39707726758985,-31.451870066884666,1.0000000000000002,-3.401367167926626,-0.7833809259853473,35.49462929566733
326.4045433609328,-31.45959323896049,1.0000000000000002,-3.399908400354824,-0.782461143234038,35.620205151728925
326.41201215369875,-31.46731494597599,1.0,-3.398451749929937,-0.7815431522706393,35.745399383355156
326.4194836592876,-31.475035178490916,1.0000000000000002,-3.3969972341505645,-0.7806269785517013,35.87021063984749
326.4269578911003,-31.482753927061715,1.0000000000000002,-3.3955448705085063,-0.7797126475387088,35.994637570507386
326.43443486253926,-31.490471182241563,1.0000000000000002,-3.3940946764887343,-0.7788001846980706,36.11867882463626
326.4419145870084,-31.49818693458036,1.0000000000000002,-3.3926466695694044,-0.7778896155011545,36.242333051535596
326.4493970779125,-31.505901174624746,1.0000000000000002,-3.39120086722179,-0.7769809654242552,36.36559890050684
326.4568823486581,-31.513613892918016,1.0000000000000002,-3.3897572869103376,-0.7760742599486488,36.48847502085146
326.4643704126528,-31.521325080000206,1.0000000000000002,-3.3883159460926167,-0.7751695245605634,36.61096006187086
326.4718612833055,-31.529034726408064,1.0000000000000002,-3.3868768622192986,-0.7742667847512026,36.733052672866556
326.4793549740265,-31.536742822674988,1.0000000000000002,-3.3854400527341615,-0.7733660660167567,36.854751503139966
326.48685149822734,-31.54444935933113,1.0000000000000004,-3.3840055350740785,-0.7724673938583946,36.97605520199252
326.4943508693207,-31.552154326903278,1.0000000000000002,-3.382573326668981,-0.7715707937822924,37.09696241872574
326.50185310072084,-31.559857715914944,1.0000000000000002,-3.381143444941885,-0.7706762912996252,37.21747180264103
326.50935820584317,-31.5675595168863,1.0000000000000002,-3.379715907308846,-0.7697839119265844,37.33758200303983
326.5168661981042,-31.575259720334188,1.0,-3.3782907311789456,-0.7688936811843821,37.45729166922362
326.52437709092186,-31.582958316772153,1.0000000000000002,-3.376867933954287,-0.7680056245992519,37.576599450493845
326.5318908977154,-31.590655296710374,1.0000000000000002,-3.3754475330300022,-0.7671197677024759,37.69550399615197
326.5394076319052,-31.59835065065571,1.0000000000000002,-3.3740295457941896,-0.7662361360303747,37.81400395549944
326.54692730691295,-31.60604436911168,1.0000000000000002,-3.3726139896279532,-0.7653547551243243,37.93209797783769
326.5544499361616,-31.613736442578453,1.0000000000000002,-3.3712008819053345,-0.764475650530759,38.049784712468224
326.56197553307527,-31.62142686155286,1.0000000000000002,-3.3697902399933595,-0.7635988478011893,38.16706280869243
326.56950411107937,-31.629115616528352,1.0000000000000002,-3.3683820812519687,-0.7627243724922002,38.283930915811794
326.57703568360057,-31.63680269799506,1.0000000000000004,-3.3669764230340347,-0.7618522501654619,38.40038768312776
326.5845702640667,-31.644488096439726,1.0,-3.3655732826853417,-0.7609825063877409,38.516431759941796
326.5921078659069,-31.652171802345745,1.0000000000000002,-3.3641726775445724,-0.7601151667309116,38.632061795555366
326.59964850255136,-31.659853806193095,1.0000000000000004,-3.362774624943286,-0.7592502567719555,38.74727643926987
326.6071921874317,-31.667534098458443,1.0000000000000002,-3.361379142205912,-0.7583878020929786,38.862074340386805
326.61473893398056,-31.67521266961504,1.0,-3.3599862466497306,-0.7575278282812086,38.976454148207615
326.62228875563187,-31.682889510132753,1.0000000000000002,-3.3585959555848572,-0.7566703609290246,39.090414512033746
326.6298416658208,-31.690564610478074,1.0000000000000002,-3.3572082863142416,-0.7558154256339376,39.203954081166664
326.63739767798353,-31.698237961114085,1.0,-3.3558232561336343,-0.7549630479986273,39.31707150490781
326.6449568055576,-31.705909552500497,1.0000000000000002,-3.35444088233158,-0.7541132536309259,39.42976543255864
326.6525190619817,-31.713579375093587,1.0000000000000002,-3.3530611821894065,-0.753266068143847,39.54203451342061
326.6600844606956,-31.72124741934625,1.0000000000000002,-3.3516841729812037,-0.7524215171555833,39.65387739679516
326.6676530151403,-31.728913675707958,1.0000000000000002,-3.3503098719738063,-0.7515796262895167,39.76529273198378
326.67522473875795,-31.736578134624754,1.0000000000000002,-3.348938296426799,-0.7507404211742381,39.876279168287866
326.6827996449919,-31.744240786539304,1.0000000000000002,-3.347569463592466,-0.7499039274435315,39.98683535500892
326.69037774728656,-31.751901621890813,1.0000000000000002,-3.346203390715805,-0.7490701707364114,40.09695994144837
326.6979590590876,-31.759560631115054,1.0,-3.344840095034512,-0.7482391766971186,40.20665157690767
326.70554359384175,-31.767217804644403,1.0000000000000002,-3.343479593778936,-0.7474109709751233,40.31590891068829
326.7131313649969,-31.774873132907754,1.0000000000000004,-3.3421219041721053,-0.7465855792251475,40.42473059209167
326.72072238600197,-31.782526606330585,1.0000000000000002,-3.3407670434296644,-0.7457630271071634,40.533115270419266
326.7283166703072,-31.790178215334926,1.0000000000000002,-3.3394150287599116,-0.744943340286413,40.64106159497253
326.7359142313637,-31.797827950339332,1.0000000000000002,-3.3380658773637433,-0.7441265444334073,40.7485682150529
326.74351508262396,-31.805475801758927,1.0000000000000002,-3.3367196064346483,-0.7433126652239408,40.85563377996187
326.7511192375413,-31.81312176000536,1.0000000000000002,-3.3353762331586956,-0.7425017283391004,40.96225693900085
326.75872670957034,-31.82076581548682,1.0000000000000002,-3.3340357747145286,-0.7416937594652744,41.06843634147131
326.76633751216673,-31.82840795860803,1.0000000000000002,-3.33269824827333,-0.7408887842941638,41.174170636674695
326.7739516587871,-31.8360481797702,1.0000000000000002,-3.3313636709988037,-0.7400868285227906,41.27945847391247
326.7815691628894,-31.843686469371107,1.0,-3.330032060047189,-0.739287917853507,41.38429850248608
326.78919003793237,-31.85132281780503,1.0,-3.3287034325672065,-0.7384920779940032,41.488689371697006
326.79681429737593,-31.85895721546275,1.0000000000000002,-3.327377805700071,-0.7376993346573171,41.59262973084666
326.80444195468124,-31.86658965273154,1.0,-3.3260551965794596,-0.7369097135618552,41.696118229236504
326.8120730233103,-31.87422011999521,1.0000000000000002,-3.3247356223315,-0.7361232404313864,41.799153516168005
326.81970751672606,-31.881848607634044,1.0000000000000002,-3.3234191000747444,-0.7353399409950567,41.90173424094262
326.8273454483928,-31.889475106024793,1.0000000000000002,-3.3221056469201753,-0.7345598409874112,42.00385905286179
326.8349868317757,-31.89709960554072,1.0000000000000002,-3.320795279971171,-0.7337829661483881,42.10552660122696
326.84263168034084,-31.9047220965516,1.0,-3.3194880163234797,-0.7330093422233261,42.20673553533959
326.8502800075556,-31.912342569423615,1.0000000000000002,-3.318183873065235,-0.7322389949629988,42.307484504501126
326.85793182688815,-31.919961014519473,1.0000000000000002,-3.316882867276904,-0.7314719501235976,42.40777215801304
326.8655871518077,-31.927577422198322,1.0000000000000002,-3.3155850160312923,-0.7307082334667596,42.507597145176796
326.8732459957845,-31.935191782815775,1.0000000000000002,-3.3142903363935274,-0.7299478707595717,42.60695811529379
326.8809083722898,-31.942804086723914,1.0000000000000002,-3.312998845421021,-0.7291908877745694,42.70585371766554
326.8885742947959,-31.950414324271257,1.0000000000000002,-3.3117105601634704,-0.728437310289773,42.80428260159346
326.8962437767758,-31.958022485802775,1.0000000000000004,-3.3104254976628327,-0.7276871640886737,42.90224341637903
326.90391683170395,-31.96562856165987,1.0000000000000007,-3.309143674953323,-0.7269404749602626,42.99973481132367
326.91159347305535,-31.97323254218042,1.0000000000000004,-3.307865109061375,-0.7261972686990159,43.096755435728845
326.9192737143061,-31.980834417698663,1.0000000000000004,-3.306589817005629,-0.7254575711049398,43.19330393889602
326.92695756893335,-31.98843417854534,1.0000000000000004,-3.305317815796928,-0.724721407983548,43.28937897012662
326.934645050415,-31.996031815047562,1.0000000000000004,-3.304049122438278,-0.7239888051458951,43.38497917872212
326.94233617223006,-32.00362731752888,1.0000000000000004,-3.3027837539248472,-0.7232597884085736,43.480103213984
326.95003094785835,-32.011220676309236,1.0000000000000004,-3.3015217272439474,-0.7225343835937332,43.57474972521368
326.95772939078074,-32.01881188170501,1.0000000000000004,-3.3002630593750033,-0.7218126165290863,43.66891736171262
326.965431514479,-32.02640092402894,1.0000000000000004,-3.299007767289559,-0.7210945130479267,43.76260477278225
326.9731373324356,-32.03398779359021,1.0000000000000004,-3.2977558679512184,-0.7203800989891227,43.855810607724045
326.9808468581342,-32.04157248069435,1.0000000000000007,-3.2965073783156655,-0.7196694001971444,43.948533515839465
326.98856010505926,-32.0491549756433,1.0000000000000004,-3.295262315330641,-0.7189624425220753,44.040772146429944
326.99627708669595,-32.056735268735366,1.0000000000000004,-3.2940206959358935,-0.7182592518196103,44.13252514879696
327.0039978165306,-32.06431335026524,1.0000000000000004,-3.2927825370632045,-0.7175598539510766,44.22379117224194
327.01172230805025,-32.071889210523985,1.0000000000000002,-3.2915478556363356,-0.7168642747834415,44.31456886606633
327.0194505747428,-32.079462839799035,1.0000000000000004,-3.290316668571017,-0.7161725401893184,44.404856879571646
327.0271826300971,-32.087034228374144,1.0000000000000004,-3.2890889927749547,-0.715484676046998,44.49465386205928
327.0349184876028,-32.09460336652947,1.0000000000000004,-3.287864845147773,-0.7148007082404275,44.58395846283067
327.0426581607504,-32.10217024454149,1.0000000000000004,-3.2866442425810196,-0.7141206626592531,44.67276933118733
327.05040166303115,-32.109734852683054,1.0000000000000004,-3.2854272019581283,-0.7134445651988015,44.76108511643068
327.0581490079373,-32.1172971812233,1.0000000000000002,-3.2842137401544393,-0.7127724417601247,44.84890446786218
327.06590020896175,-32.12485722042773,1.0000000000000004,-3.2830038740371275,-0.7121043182499855,44.93622603478327
327.0736552795984,-32.132414960558194,1.0000000000000004,-3.281797620465226,-0.7114402205808741,45.023048466495396
327.0814142333417,-32.13997039187284,1.0000000000000002,-3.2805949962895613,-0.7107801746710196,45.109370412300045
327.0891770836872,-32.147523504626115,1.0000000000000002,-3.2793960183528026,-0.7101242064444193,45.19519052149865
327.096943844131,-32.155074289068814,1.0000000000000004,-3.2782007034893708,-0.7094723418308142,45.28050744339266
327.10471452817,-32.162622735448025,1.0000000000000004,-3.2770090685254583,-0.7088246067657398,45.36531982728356
327.112489149302,-32.17016883400712,1.0000000000000002,-3.275821130278997,-0.7081810271905091,45.44962632247275
327.1202677210255,-32.17771257498578,1.0000000000000004,-3.274636905559651,-0.7075416290522369,45.53342557826173
327.1280502568398,-32.18525394861999,1.0000000000000004,-3.2734564111687883,-0.7069064383038501,45.61671624395191
327.13583677024485,-32.192792945141996,1.0000000000000004,-3.272279663899448,-0.7062754809040968,45.69949696884478
327.14362727474133,-32.200329554780325,1.0000000000000004,-3.2711066805363345,-0.7056487828175557,45.78176640224178
327.15142178383087,-32.20786376775981,1.0000000000000002,-3.2699374778558146,-0.7050263700146617,45.86352319344435
327.1592203110156,-32.21539557430148,1.0000000000000004,-3.268772072625855,-0.7044082684717079,45.94476599175396
327.16702286979836,-32.22292496462272,1.0000000000000004,-3.267610481606029,-0.7037945041708431,46.025493446472055
327.1748294736829,-32.2304519289371,1.0000000000000002,-3.2664527215475183,-0.7031851031001128,46.10570420690008
327.18264013617346,-32.23797645745447,1.0000000000000004,-3.2652988091930206,-0.7025800912534494,46.18539692233952
327.19045487077506,-32.24549854038091,1.0000000000000004,-3.2641487612768163,-0.701979494630697,46.2645702420918
327.19827369099346,-32.253018167918775,1.0000000000000004,-3.2630025945246857,-0.7013833392376077,46.34322281545839
327.20609661033495,-32.260535330266606,1.0000000000000004,-3.261860325653917,-0.7007916510858818,46.42135329174072
327.21392364230655,-32.26805001761921,1.0000000000000004,-3.2607219713732714,-0.7002044561931431,46.498960320240265
327.2217548004161,-32.27556222016761,1.0000000000000004,-3.259587548382977,-0.6996217805829836,46.57604255025845
327.2295900981718,-32.28307192809903,1.0000000000000004,-3.2584570733746996,-0.699043650284958,46.65259863109676
327.2374295490826,-32.29057913159691,1.0000000000000004,-3.2573305630315046,-0.6984700913346007,46.72862721205664
327.2452731666582,-32.298083820840915,1.0000000000000004,-3.2562080340278685,-0.6979011297734363,46.80412694243952
327.25312096440877,-32.3055859860069,1.0000000000000004,-3.2550895030296476,-0.6973367916489979,46.87909647154688
327.26097295584515,-32.313085617266914,1.0000000000000004,-3.2539749866940264,-0.6967771030148322,46.95353444868017
327.2688291544788,-32.320582704789196,1.0000000000000004,-3.252864501669546,-0.696222089930516,47.02743952314082
327.2766895738217,-32.328077238738146,1.0000000000000004,-3.2517580645960447,-0.6956717784616746,47.10081034423032
327.28455422738665,-32.33556920927438,1.0000000000000004,-3.2506556921046594,-0.6951261946799745,47.17364556125009
327.29242312868666,-32.34305860655467,1.0000000000000002,-3.249557400817778,-0.6945853646631619,47.2459438235016
327.3002962912355,-32.35054542073194,1.0000000000000007,-3.2484632073490354,-0.6940493144950546,47.3177037802863
327.30817372854756,-32.358029641955305,1.0000000000000002,-3.2473731283033054,-0.6935180702655668,47.388924080905625
327.31605545413765,-32.365511260369985,1.0000000000000002,-3.246287180276651,-0.692991658070726,47.459603374661064
327.3239414815213,-32.372990266117405,1.0000000000000004,-3.245205379856315,-0.6924701040126617,47.52974031085405
327.3318318242142,-32.38046664933509,1.0000000000000007,-3.2441277436206946,-0.6919534341996467,47.59933353878603
327.3397264957331,-32.38794040015673,1.0000000000000004,-3.243054288139337,-0.6914416747460965,47.66838170775845
327.34762550959476,-32.39541150871212,1.0000000000000002,-3.2419850299728807,-0.6909348517725782,47.73688346707279
327.3555288793168,-32.40287996512722,1.0000000000000004,-3.240919985673076,-0.6904329914058369,47.8048374660305
327.3634366184171,-32.41034575952406,1.0000000000000004,-3.23985917178271,-0.6899361197787925,47.87224235393302
327.3713487404141,-32.41780888202081,1.0000000000000004,-3.2388026048356555,-0.6894442630305724,47.93909678008178
327.3792652588267,-32.42526932273174,1.0000000000000004,-3.237750301356779,-0.6889574473065032,48.0053993937783
327.38718618717445,-32.43272707176723,1.0000000000000007,-3.236702277861957,-0.6884756987581397,48.07114884432395
