galstreams/tracks/track.st.AAU-ATLAS.ibata2024.ecsv
# %ECSV 1.0
# ---
# datatype:
# - {name: ra, unit: deg, datatype: float64}
# - {name: dec, unit: deg, datatype: float64}
# - {name: distance, unit: kpc, datatype: float64}
# - {name: pm_ra_cosdec, unit: mas / yr, datatype: float64}
# - {name: pm_dec, unit: mas / yr, datatype: float64}
# - {name: radial_velocity, unit: km / s, datatype: float64}
# delimiter: ','
# meta: !!omap
# - __serialized_columns__:
#     dec:
#       __class__: astropy.coordinates.angles.Latitude
#       unit: &id001 !astropy.units.Unit {unit: deg}
#       value: !astropy.table.SerializedColumn {name: dec}
#     distance:
#       __class__: astropy.coordinates.distances.Distance
#       unit: !astropy.units.Unit {unit: kpc}
#       value: !astropy.table.SerializedColumn {name: distance}
#     pm_dec:
#       __class__: astropy.units.quantity.Quantity
#       unit: !astropy.units.Unit {unit: mas / yr}
#       value: !astropy.table.SerializedColumn {name: pm_dec}
#     pm_ra_cosdec:
#       __class__: astropy.units.quantity.Quantity
#       unit: !astropy.units.Unit {unit: mas / yr}
#       value: !astropy.table.SerializedColumn {name: pm_ra_cosdec}
#     ra:
#       __class__: astropy.coordinates.angles.Longitude
#       unit: *id001
#       value: !astropy.table.SerializedColumn {name: ra}
#       wrap_angle: !astropy.coordinates.Angle
#         unit: *id001
#         value: 360.0
#     radial_velocity:
#       __class__: astropy.units.quantity.Quantity
#       unit: !astropy.units.Unit {unit: km / s}
#       value: !astropy.table.SerializedColumn {name: radial_velocity}
# schema: astropy-2.0
ra,dec,distance,pm_ra_cosdec,pm_dec,radial_velocity
[from data line 3274]
32.82034889106731,-34.167521880107984,1.0000000000000007,0.18029446114605507,-0.8179517124297186,-47.96193273353416
32.83064601921613,-34.1728155289204,1.0000000000000007,0.18039378646107895,-0.817819161359929,-47.908356670297884
32.84094412195542,-34.178108812109414,1.0000000000000004,0.18049297329095593,-0.8176867277450244,-47.8547686926749
32.85124319962526,-34.183401729448555,1.0000000000000004,0.1805920217107806,-0.817554411757893,-47.80116879890341
32.86154325256575,-34.18869428071132,1.0000000000000004,0.1806909317957217,-0.8174222135714162,-47.74755698722146
32.871844281116985,-34.19398646567112,1.0000000000000004,0.1807897036210302,-0.8172901333584646,-47.693933255867215
32.88214628561903,-34.19927828410134,1.0000000000000004,0.1808883372620289,-0.8171581712919096,-47.64029760307889
32.89244926641199,-34.20456973577531,1.0000000000000004,0.18098683279412553,-0.817026327544605,-47.58665002709454
32.90275322383591,-34.20986082046632,1.0000000000000004,0.1810851902927979,-0.8168946022894081,-47.53299052615234
32.91305815823086,-34.21515153794755,1.0000000000000007,0.18118340983360204,-0.8167629956991567,-47.47931909849047
32.923364069936916,-34.22044188799222,1.0000000000000007,0.1812814914921721,-0.8166315079466919,-47.42563574234702
32.93367095929414,-34.22573187037342,1.0000000000000007,0.18137943534421996,-0.816500139204841,-47.37194045596012
32.94397882664257,-34.23102148486422,1.0000000000000004,0.181477241465537,-0.816368889646423,-47.318233237568016
32.95428767232226,-34.23631073123763,1.0000000000000004,0.18157490993198255,-0.8162377594442516,-47.26451408540871
32.96459749667326,-34.24159960926662,1.0000000000000004,0.18167244081950784,-0.8161067487711371,-47.21078299772045
32.97490830003559,-34.246888118724094,1.0000000000000004,0.1817698342041294,-0.8159758577998737,-47.15703997274137
32.9852200827493,-34.252176259382914,1.0000000000000004,0.18186709016194502,-0.8158450867032538,-47.103285008709555
32.995532845154415,-34.25746403101589,1.0000000000000004,0.18196420876913422,-0.815714435654062,-47.04951810386322
33.00584658759095,-34.262751433395756,1.0000000000000004,0.18206119010194444,-0.8155839048250684,-46.995739256440444
33.016161310398935,-34.26803846629524,1.0000000000000007,0.18215803423670973,-0.8154534943890468,-46.9419484646794
33.02647701391837,-34.27332512948696,1.0000000000000004,0.18225474124983698,-0.8153232045187515,-46.888145726818244
33.03679369848925,-34.27861142274354,1.0000000000000004,0.182351311217809,-0.8151930353869377,-46.83433104109507
33.04711136445161,-34.283897345837495,1.0000000000000004,0.1824477442171939,-0.8150629871663462,-46.78050440574805
33.0574300121454,-34.289182898541334,1.0000000000000004,0.18254404032462945,-0.8149330600297153,-46.72666581901541
33.067749641910645,-34.294468080627496,1.0000000000000004,0.18264019961683253,-0.8148032541497727,-46.67281527913514
33.07807025408731,-34.29975289186835,1.0000000000000007,0.18273622217060037,-0.8146735696992344,-46.61895278434547
33.088391849015366,-34.30503733203626,1.0000000000000004,0.1828321080628097,-0.8145440068508218,-46.56507833288456
33.098714427034814,-34.31032140090348,1.0000000000000002,0.18292785737040873,-0.8144145657772315,-46.5111919229905
33.109037988485596,-34.31560509824225,1.0000000000000004,0.18302347017042697,-0.8142852466511599,-46.45729355290147
33.119362533707665,-34.320888423824755,1.0000000000000004,0.18311894653996985,-0.8141560496452964,-46.403383220855616
33.12968806304101,-34.32617137742311,1.0000000000000004,0.18321428655622807,-0.8140269749323243,-46.34946092509103
33.14001457682553,-34.33145395880939,1.0000000000000004,0.1833094902964576,-0.81389802268491,-46.295526663845905
33.15034207540119,-34.336736167755596,1.0000000000000004,0.18340455783800325,-0.8137691930757187,-46.24158043535842
33.16067055910794,-34.34201800403373,1.0000000000000002,0.18349948925828174,-0.8136404862774103,-46.18762223786661
33.17100002828568,-34.34729946741568,1.0000000000000004,0.1835942846347911,-0.8135119024626247,-46.1336520696087
33.18133048327436,-34.35258055767331,1.0000000000000004,0.18368894404510527,-0.8133834418040058,-46.07966992882283
33.19166192441387,-34.35786127457844,1.0000000000000007,0.1837834675668759,-0.8132551044741825,-46.02567581374711
33.201994352044146,-34.363141617902826,1.0000000000000004,0.18387785527783418,-0.8131268906457798,-45.97166972261967
33.21232776650506,-34.368421587418155,1.0000000000000004,0.18397210725579205,-0.8129988004914082,-45.91765165367874
33.22266216813653,-34.373701182896106,1.0000000000000004,0.18406622357863123,-0.8128708341836783,-45.863621605162365
33.23299755727845,-34.37898040410825,1.0000000000000004,0.18416020432432134,-0.8127429918951816,-45.80957957530872
33.24333393427067,-34.384259250826155,1.0000000000000004,0.18425404957090263,-0.8126152737985128,-45.75552556235601
33.25367129945311,-34.3895377228213,1.0000000000000004,0.18434775939650017,-0.812487680066249,-45.701459564542255
33.2640096531656,-34.39481581986514,1.0000000000000007,0.18444133387931094,-0.8123602108709616,-45.64738158010575
33.27434899574804,-34.40009354172905,1.0000000000000004,0.18453477309761457,-0.8122328663852176,-45.59329160728447
33.284689327540256,-34.40537088818437,1.0000000000000004,0.18462807712976748,-0.8121056467815699,-45.539189644316664
33.295030648882104,-34.41064785900238,1.0000000000000004,0.1847212460542047,-0.8119785522325644,-45.485075689440514
33.30537296011343,-34.415924453954325,1.0000000000000004,0.18481427994943678,-0.811851582910744,-45.43094974089404
33.31571626157405,-34.42120067281137,1.0000000000000004,0.18490717889405905,-0.8117247389886302,-45.37681179691548
33.326060553603824,-34.426476515344646,1.0000000000000004,0.18499994296674416,-0.8115980206387503,-45.32266185574295
33.336405836542546,-34.431751981325206,1.0000000000000004,0.18509257224623532,-0.8114714280336108,-45.26849991561457
33.346752110730044,-34.43702707052411,1.0000000000000004,0.18518506681136282,-0.8113449613457249,-45.21432597476852
33.357099376506106,-34.44230178271228,1.0000000000000004,0.18527742674103242,-0.8112186207475753,-45.160140031442936
33.367447634210535,-34.44757611766065,1.0000000000000004,0.18536965211422718,-0.8110924064116554,-45.10594208387591
33.37779688418312,-34.45285007514009,1.0000000000000004,0.18546174301001095,-0.810966318510439,-45.05173213030566
33.38814712676365,-34.4581236549214,1.0000000000000004,0.18555369950752842,-0.8108403572163949,-44.997510168970315
33.398498362291896,-34.46339685677533,1.0000000000000007,0.18564552168599757,-0.8107145227019874,-44.943276198107974
33.40885059110762,-34.468669680472594,1.0000000000000004,0.18573720962471763,-0.8105888151396599,-44.88903021595678
33.41920381355059,-34.47394212578382,1.0000000000000004,0.18582876340306775,-0.8104632347018579,-44.834772220754985
33.42955802996055,-34.47921419247963,1.0000000000000004,0.18592018310050706,-0.8103377815610133,-44.78050221074058
33.43991324067724,-34.48448588033056,1.0000000000000004,0.18601146879656483,-0.8102124558895505,-44.726220184151785
33.4502694460404,-34.489757189107095,1.0000000000000004,0.18610262057086313,-0.8100872578598852,-44.67192613922677
33.46062664638977,-34.49502811857968,1.0000000000000004,0.18619363850309245,-0.8099621876444201,-44.617620074203614
33.47098484206505,-34.5002986685187,1.0000000000000004,0.1862845226730223,-0.8098372454155558,-44.56330198732049
33.48134403340596,-34.50556883869447,1.0000000000000002,0.18637527316051017,-0.8097124313456767,-44.50897187681557
33.49170422075218,-34.51083862887731,1.0000000000000007,0.18646589004548275,-0.8095877456071658,-44.454629740926954
33.502065404443464,-34.5161080388374,1.0000000000000002,0.1865563734079525,-0.8094631883723866,-44.400275577892785
33.51242758481941,-34.52137706834493,1.0000000000000004,0.18664672332800292,-0.8093387598137012,-44.34590938595127
33.52279076221977,-34.526645717170034,1.0000000000000004,0.18673693988580675,-0.809214460103465,-44.29153116334046
33.53315493698419,-34.531913985082774,1.0000000000000004,0.18682702316161137,-0.8090902894140175,-44.23714090829858
33.54352010945233,-34.53718187185316,1.0000000000000004,0.18691697323574186,-0.8089662479176907,-44.18273861906369
33.553886279963834,-34.542449377251145,1.0000000000000002,0.18700679018859834,-0.808842335786808,-44.128324293873995
33.564253448858345,-34.54771650104665,1.0000000000000002,0.18709647410067465,-0.8087185531936831,-44.07389793096766
33.57462161647551,-34.55298324300953,1.0000000000000004,0.18718602505252813,-0.8085949003106196,-44.01945952858274
33.58499078315495,-34.55824960290957,1.0,0.18727544312480404,-0.8084713773099157,-43.96500908495743
33.59536094923627,-34.56351558051654,1.0000000000000002,0.18736472839822582,-0.8083479843638597,-43.91054659832993
33.6057321150591,-34.56878117560012,1.0000000000000002,0.18745388095359283,-0.80822472164472,-43.85607206693825
33.61610428096303,-34.57404638792997,1.0000000000000002,0.1875429008717897,-0.8081015893247714,-43.801585489020646
33.62647744728763,-34.579311217275674,1.0000000000000002,0.18763178823377524,-0.8079785875762693,-43.74708686281525
33.63685161437251,-34.584575663406746,1.0000000000000004,0.18772054312059128,-0.8078557165714559,-43.69257618656015
33.64722678255724,-34.589839726092706,1.0000000000000002,0.18780916561335825,-0.8077329764825798,-43.6380534584935
33.65760295218134,-34.59510340510295,1.0000000000000002,0.18789765579327034,-0.8076103674818631,-43.583518676853494
33.66798012358442,-34.600366700206884,1.0000000000000002,0.18798601374161406,-0.807487889741529,-43.52897183987823
33.678358297106,-34.60562961117381,1.0000000000000002,0.18807423953974167,-0.8073655434337823,-43.47441294580586
33.688737473085595,-34.610892137773,1.0000000000000002,0.1881623332690956,-0.8072433287308285,-43.41984199287456
33.69911765186277,-34.61615427977369,1.0000000000000002,0.1882502950111924,-0.8071212458048533,-43.36525897932241
33.709498833777005,-34.62141603694503,1.0000000000000002,0.18833812484762857,-0.806999294828044,-43.31066390338758
33.719881019167815,-34.62667740905612,1.0000000000000002,0.1884258228600837,-0.8068774759725632,-43.25605676330827
33.730264208374706,-34.63193839587604,1.0000000000000002,0.18851338913031457,-0.8067557894105781,-43.20143755732255
33.74064840173716,-34.637198997173776,1.0000000000000002,0.18860082374015708,-0.8066342353142368,-43.14680628366856
33.75103359959464,-34.64245921271829,1.0000000000000002,0.18868812677152924,-0.8065128138556825,-43.09216294058453
33.761419802286625,-34.64771904227848,1.0000000000000002,0.1887752983064268,-0.8063915252070459,-43.03750752630848
33.77180701015258,-34.65297848562319,1.0000000000000002,0.18886233842692768,-0.8062703695404498,-42.98284003907866
33.78219522353193,-34.65823754252119,1.0000000000000002,0.18894924721518702,-0.8061493470280063,-42.928160477133176
33.792584442764124,-34.663496212741244,1.0,0.18903602475344305,-0.8060284578418124,-42.87346883871014
33.80297466818859,-34.66875449605203,1.0000000000000002,0.1891226711240117,-0.8059077021539682,-42.81876512204771
33.81336590014473,-34.67401239222215,1.0000000000000002,0.18920918640928974,-0.8057870801365468,-42.76404932538409
33.82375813897197,-34.67926990102023,1.0000000000000004,0.1892955706917543,-0.8056665919616255,-42.70932144695734
33.83415138500969,-34.68452702221475,1.0000000000000002,0.18938182405396242,-0.805546237801265,-42.654581485005686
33.844545638597275,-34.68978375557422,1.0000000000000002,0.18946794657854893,-0.8054260178275165,-42.59982943776716
33.85494090007412,-34.695040100867026,1.0000000000000002,0.18955393834823608,-0.8053059322124216,-42.54506530347996
33.86533716977956,-34.70029605786154,1.0000000000000002,0.1896397994458181,-0.8051859811280124,-42.490289080382304
33.87573444805296,-34.70555162632608,1.0000000000000002,0.18972552995417002,-0.8050661647463051,-42.43550076671222
33.886132735233666,-34.710806806028884,1.0000000000000002,0.18981112995625482,-0.8049464832393172,-42.380700360707905
33.896532031661,-34.716061596738164,1.0000000000000002,0.18989659953510873,-0.8048269367790422,-42.32588786060752
33.906932337674306,-34.72131599822209,1.0000000000000002,0.18998193877385106,-0.8047075255374798,-42.27106326464916
33.91733365361288,-34.72657001024873,1.0000000000000002,0.1900671477556819,-0.8045882496866006,-42.216226571071
33.927735979816,-34.73182363258613,1.0000000000000002,0.19015222656387598,-0.8044691093983789,-42.16137777811118
33.938139316622994,-34.73707686500227,1.0000000000000002,0.1902371752817995,-0.8043501048447705,-42.10651688400783
33.948543664373105,-34.742329707265135,1.0000000000000004,0.19032199399288885,-0.80423123619773,-42.05164388699911
33.9589490234056,-34.747582159142546,1.0000000000000002,0.19040668278066608,-0.804112503629193,-41.99675878532318
33.969355394059775,-34.75283422040237,1.0000000000000004,0.19049124172873455,-0.8039939073110842,-41.94186157721812
33.979762776674846,-34.75808589081235,1.0,0.19057567092077576,-0.8038754474153231,-41.886952260922115
33.99017117159003,-34.76333717014025,1.0000000000000002,0.1906599704405516,-0.8037571241138197,-41.83203083467333
34.00058057914456,-34.76858805815369,1.0000000000000002,0.19074414037190435,-0.8036389375784667,-41.7770972967099
34.01099099967765,-34.77383855462031,1.0000000000000002,0.19082818079876018,-0.8035208879811502,-41.72215164526989
34.021402433528486,-34.779088659307654,1.0000000000000002,0.1909120918051217,-0.8034029754937424,-41.66719387859159
34.031814881036276,-34.78433837198325,1.0000000000000002,0.19099587347507807,-0.8032852002881126,-41.612223994913016
34.04222834254018,-34.789587692414536,1.0000000000000002,0.19107952589279265,-0.803167562536113,-41.55724199247233
34.05264281837936,-34.794836620368905,1.0000000000000002,0.19116304914251492,-0.8030500624095858,-41.502247869507755
34.06305830889297,-34.80008515561372,1.0,0.19124644330857032,-0.8029327000803623,-41.44724162425733
34.07347481442015,-34.805333297916256,1.0000000000000002,0.19132970847537045,-0.802815475720267,-41.39222325495925
34.08389233530001,-34.810581047043755,1.0,0.19141284472740372,-0.802698389501106,-41.3371927598517
34.09431087187169,-34.81582840276341,1.0000000000000004,0.1914958521492407,-0.8025814415946826,-41.28215013717272
34.10473042447428,-34.82107536484232,1.0000000000000002,0.19157873082553634,-0.8024646321727857,-41.227095385160574
34.115150993446875,-34.82632193304761,1.0000000000000002,0.19166148084101797,-0.8023479614071913,-41.17202850205331
34.12557257912855,-34.83156810714625,1.0000000000000002,0.19174410228050442,-0.8022314294696677,-41.116949486089084
34.13599518185837,-34.836813886905254,1.0000000000000002,0.19182659522888867,-0.8021150365319709,-41.06185833550611
34.1464188019754,-34.8420592720915,1.0000000000000002,0.19190895977114764,-0.8019987827658439,-41.00675504854245
34.15684343981868,-34.84730426247187,1.0000000000000004,0.19199119599233727,-0.801882668343024,-40.95163962343627
34.167269095727214,-34.852548857813176,1.0000000000000002,0.19207330397759748,-0.8017666934352321,-40.89651205842575
34.17769577004005,-34.85779305788215,1.0000000000000004,0.19215528381214808,-0.8016508582141815,-40.84137235174899
34.18812346309619,-34.863036862445504,1.0000000000000002,0.19223713558129107,-0.8015351628515721,-40.78622050164415
34.198552175234596,-34.868280271269875,1.0000000000000002,0.19231885937040394,-0.8014196075190934,-40.73105650634937
34.20898190679427,-34.87352328412186,1.0000000000000002,0.19240045526495564,-0.8013041923884225,-40.67588036410279
34.21941265811417,-34.87876590076801,1.0000000000000002,0.19248192335048886,-0.8011889176312312,-40.62069207314256
34.22984442953326,-34.88400812097478,1.0000000000000002,0.192563263712632,-0.801073783419171,-40.565491631706834
34.24027722139046,-34.88924994450861,1.0000000000000002,0.1926444764370876,-0.8009587899238868,-40.51027903803371
34.25071103402472,-34.894491371135906,1.0000000000000002,0.1927255616096506,-0.8008439373170164,-40.45505429036138
