galstreams/tracks/track.st.C-4.ibata2021.ecsv
# %ECSV 0.9
# ---
# datatype:
# - {name: ra, unit: deg, datatype: float64}
# - {name: dec, unit: deg, datatype: float64}
# - {name: distance, unit: kpc, datatype: float64}
# - {name: pm_ra_cosdec, unit: mas / yr, datatype: float64}
# - {name: pm_dec, unit: mas / yr, datatype: float64}
# - {name: radial_velocity, unit: km / s, datatype: float64}
# delimiter: ','
# meta: !!omap
# - __serialized_columns__:
#     dec:
#       __class__: astropy.coordinates.angles.Latitude
#       unit: &id001 !astropy.units.Unit {unit: deg}
#       value: !astropy.table.SerializedColumn {name: dec}
#     distance:
#       __class__: astropy.coordinates.distances.Distance
#       unit: !astropy.units.Unit {unit: kpc}
#       value: !astropy.table.SerializedColumn {name: distance}
#     pm_dec:
#       __class__: astropy.units.quantity.Quantity
#       unit: !astropy.units.Unit {unit: mas / yr}
#       value: !astropy.table.SerializedColumn {name: pm_dec}
#     pm_ra_cosdec:
#       __class__: astropy.units.quantity.Quantity
#       unit: !astropy.units.Unit {unit: mas / yr}
#       value: !astropy.table.SerializedColumn {name: pm_ra_cosdec}
#     ra:
#       __class__: astropy.coordinates.angles.Longitude
#       unit: *id001
#       value: !astropy.table.SerializedColumn {name: ra}
#       wrap_angle: !astropy.coordinates.Angle
#         unit: *id001
#         value: 360.0
#     radial_velocity:
#       __class__: astropy.units.quantity.Quantity
#       unit: !astropy.units.Unit {unit: km / s}
#       value: !astropy.table.SerializedColumn {name: radial_velocity}
# schema: astropy-2.0
ra,dec,distance,pm_ra_cosdec,pm_dec,radial_velocity
165.19788583465908,84.32581717510504,3.980760253739243,-13.084016036680067,-10.497292339510713,2.2315032894161697e-13
165.29802963680726,84.32812959704489,3.980839981835708,-13.100097056486439,-10.473831351807751,2.2736071250655313e-13
165.39824017467916,84.33042860943448,3.9809163867201667,-13.11616436952297,-10.450339105592418,2.3578147963642546e-13
165.49851714462415,84.33271419317529,3.9809894737228,-13.132217828574605,-10.426815598067286,1.9788802755199994e-13
165.59886024092953,84.3349863292195,3.981059248173785,-13.14825728617696,-10.403260827406601,2.1051917824680845e-13
165.69926915582678,84.33724499857078,3.9811257154033024,-13.164282594622975,-10.379674792758385,2.2736071250655313e-13
165.799743579489,84.33949018228473,3.9811888807415285,-13.180293605968018,-10.35605749424856,2.3578147963642546e-13
165.90028320003765,84.34172186146962,3.9812487495186444,-13.1962901720367,-10.332408932982942,2.1051917824680845e-13
166.00088770354031,84.34394001728684,3.9813053270648266,-13.212272144428006,-10.308729111051242,2.442022467662978e-13
166.1015567740176,84.34614463095163,3.981358618710256,-13.228239374522172,-10.285018031528974,2.2736071250655313e-13
166.2022900934417,84.34833568373357,3.981408629785111,-13.244191713486073,-10.261275698481255,2.3578147963642546e-13
166.30308734174048,84.35051315695719,3.9814553656195697,-13.260129012279604,-10.237502116965251,2.315710960714893e-13
166.40394819680228,84.35267703200272,3.981498831543812,-13.276051121662189,-10.213697293032569,1.9999321933446803e-13
166.50487233447456,84.35482729030637,3.9815390328880147,-13.29195789219823,-10.189861233732913,2.2315032894161697e-13
166.60585942857136,84.35696391336133,3.9815759749823587,-13.307849174264163,-10.165993947115743,2.2736071250655313e-13
166.70690915087212,84.35908688271796,3.9816096631570215,-13.323724818053943,-10.14209544223393,2.315710960714893e-13
166.80802117112904,84.36119617998472,3.981640102742183,-13.339584673586126,-10.118165729145323,2.315710960714893e-13
166.9091951570668,84.36329178682854,3.9816672990680204,-13.355428590709547,-10.094204818916214,2.1472956181174462e-13
167.0104307743875,84.36537368497552,3.9816912574647145,-13.371256419109997,-10.07021272362337,1.9999321933446803e-13
167.1117276867759,84.36744185621151,3.981711983262442,-13.387068008316913,-10.046189456356146,1.9157245220459568e-13
167.21308555589943,84.36949628238267,3.981729481791384,-13.402863207709196,-10.022135031219713,2.315710960714893e-13
167.3145040414161,84.37153694539614,3.981743758381717,-13.418641866522448,-9.998049463336402,2.1472956181174462e-13
167.41598280097423,84.37356382722054,3.9817548183636213,-13.43440383385473,-9.97393276884895,1.9578283576953187e-13
167.5175214902209,84.37557690988663,3.981762667067276,-13.450148958673912,-9.949784964921742,1.9578283576953187e-13
167.61911976280166,84.37757617548783,3.9817673098228585,-13.465877089823502,-9.925606069743958,2.020984111169361e-13
167.7207772703692,84.37956160618096,3.9817687519605487,-13.481588076030032,-9.901396102530665,2.063087946818723e-13
167.82249366258404,84.38153318418662,3.981766998810525,-13.49728176590905,-9.877155083525771,2.3578147963642546e-13
167.92426858712062,84.38349089178998,3.9817620557029665,-13.512958007972129,-9.85288303400362,1.894672604221276e-13
168.0261016896736,84.38543471134125,3.981753927968051,-13.528616650633857,-9.828579976270566,1.894672604221276e-13
168.12799261395887,84.38736462525628,3.9817426209359583,-13.544257542217963,-9.804245933667724,2.020984111169361e-13
168.2299410017229,84.38928061601723,3.981728139936868,-13.559880530964838,-9.779880930571752,1.9788802755199994e-13
168.33194649274316,84.39118266617304,3.9817104903009577,-13.575485465037646,-9.755484992397694,2.1262437002927655e-13
168.4340087248379,84.39307075834016,3.981689677358405,-13.591072192529895,-9.731058145599613,2.063087946818723e-13
168.536127333867,84.39494487520294,3.9816657064393914,-13.606640561471586,-9.706600417673254,2.0841398646434036e-13
168.6383019537417,84.39680499951443,3.9816385828740937,-13.622190419836908,-9.682111837156633,2.1683475359421271e-13
168.7405322164262,84.39865111409684,3.9816083119926917,-13.637721615550484,-9.657592433632438,2.2104513715914888e-13
168.84281775194523,84.40048320184212,3.981574899125365,-13.653233996494645,-9.633042237729125,1.894672604221276e-13
168.94515818839128,84.4023012457126,3.98153834960229,-13.66872741051675,-9.608461281121915,2.0841398646434036e-13
169.04755315192665,84.40410522874149,3.9814986687536473,-13.684201705435491,-9.58384959653503,2.3367628785395737e-13
169.150002266794,84.40589513403364,3.9814558619096156,-13.699656729048762,-9.559207217741971,1.894672604221276e-13
169.25250515531792,84.40767094476584,3.9814099344003724,-13.71509232913997,-9.534534179567752,2.1893994537668078e-13
169.35506143791588,84.4094326441877,3.9813608915560974,-13.730508353485886,-9.509830517889007,2.1893994537668078e-13
169.45767073310049,84.41118021562197,3.981308738706971,-13.74590464986315,-9.485096269636001,1.9578283576953187e-13
169.5603326574879,84.41291364246524,3.981253481183169,-13.761281066055703,-9.460331472793275,1.8736206863965952e-13
169.663046825806,84.41463290818855,3.981195124314873,-13.776637449862227,-9.435536166400185,2.063087946818723e-13
169.76581285089728,84.41633799633789,3.9811336734322604,-13.791973649102749,-9.410710390552774,1.9788802755199994e-13
169.8686303437304,84.4180288905348,3.981069133865508,-13.807289511626601,-9.385854186403497,1.9367764398706378e-13
169.97149891340243,84.4197055744769,3.981001510944799,-13.822584885318904,-9.360967596163073,2.042036028994042e-13
170.07441816715075,84.42136803193857,3.9809308100003094,-13.837859618108617,-9.336050663100155,1.9578283576953187e-13
170.17738771035582,84.42301624677138,3.980857036362219,-13.853113557975101,-9.311103431542968,1.9578283576953187e-13
170.28040714655285,84.42465020290476,3.980780195360706,-13.868346552956154,-9.286125946878876,1.8525687685719145e-13
170.38347607743566,84.4262698843465,3.9807002923259485,-13.883558451154737,-9.2611182555558,2.0841398646434036e-13
170.48659410286587,84.42787527518333,3.9806173325881264,-13.89874910074657,-9.23608040508225,2.1893994537668078e-13
170.5897608208824,84.42946635958153,3.980531321477419,-13.91391834998783,-9.2110124440273,2.0841398646434036e-13
170.69297582770545,84.43104312178738,3.980442264324003,-13.929066047221857,-9.185914422021863,2.1893994537668078e-13
170.79623871774908,84.43260554612792,3.9803501664580607,-13.944192040887367,-9.160786389757769,1.9367764398706378e-13
170.89954908362472,84.43415361701118,3.9802550332097666,-13.959296179525102,-9.135628398989128,2.1893994537668078e-13
171.00290651615407,84.43568731892712,3.980156869909303,-13.974378311786005,-9.110440502531262,2.063087946818723e-13
171.10631060437294,84.43720663644785,3.980055681886847,-13.989438286438002,-9.085222754261853,2.1472956181174462e-13
171.20976093554432,84.43871155422843,3.979951474472579,-14.004475952374182,-9.059975209119827,1.8104649329225526e-13
171.31325709516304,84.4402020570072,3.979844252996675,-14.019491158619646,-9.034697923106181,1.9999321933446803e-13
171.4167986669663,84.44167812960647,3.979734022789316,-14.03448375433932,-9.00939095328343,2.2525552072408504e-13
171.5203852329441,84.44313975693315,3.979620789180681,-14.049453588845694,-8.984054357774921,2.0841398646434036e-13
171.62401637334457,84.44458692397897,3.979504557500947,-14.064400511605793,-8.958688195765514,2.1262437002927655e-13
171.72769166668738,84.44601961582141,3.9793853330802946,-14.079324372249415,-8.933292527500033,1.9367764398706378e-13
171.83141068976852,84.44743781762391,3.979263121248901,-14.094225020575928,-8.907867414284018,2.2104513715914888e-13
171.93517301767446,84.44884151463667,3.9791379273369474,-14.109102306562642,-8.882412918481972,1.9788802755199994e-13
172.03897822378727,84.45023069219697,3.9790097566746097,-14.12395608037167,-8.856929103517857,1.9157245220459568e-13
172.14282587979633,84.45160533572982,3.9788786145920683,-14.138786192357868,-8.831416033873916,1.9788802755199994e-13
172.24671555570964,84.45296543074849,3.978744506419503,-14.153592493076621,-8.805873775089552,2.020984111169361e-13
172.35064681985955,84.45431096285499,3.978607437487089,-14.168374833290896,-8.780302393761525,2.063087946818723e-13
172.45461923891764,84.45564191774062,3.9784674131250095,-14.183133063979493,-8.75470195754188,2.1051917824680845e-13
172.55863237789998,84.45695828118649,3.9783244386634404,-14.197867036344027,-8.729072535138194,2.042036028994042e-13
172.66268580018206,84.45826003906403,3.9781785194325625,-14.212576601817181,-8.70341419631138,1.8104649329225526e-13
172.76677906750456,84.45954717733551,3.978029660762553,-14.2272616120697,-8.677727011875726,1.8736206863965952e-13
172.87091173998832,84.46081968205458,3.9778778679835916,-14.241921919018685,-8.65201105369661,1.9578283576953187e-13
172.97508337614101,84.46207753936675,3.9777231464258573,-14.256557374834616,-8.626266394690216,1.9578283576953187e-13
173.0792935328696,84.4633207355099,3.977565501419527,-14.271167831949274,-8.600493108821837,1.8104649329225526e-13
173.18354176549266,84.46454925681482,3.977404938294781,-14.285753143063628,-8.57469127110404,1.9578283576953187e-13
173.28782762774765,84.46576308970565,3.9772414623817993,-14.300313161154872,-8.548860957596172,1.7262572616238293e-13
173.39215067180615,84.46696222070048,3.9770750790107585,-14.314847739484753,-8.523002245401772,2.020984111169361e-13
173.49651044828082,84.46814663641175,3.9769057935118384,-14.329356731606547,-8.49711521266801,1.894672604221276e-13
173.60090650624105,84.46931632354682,3.976733611215217,-14.343839991373356,-8.471199938582934,1.9157245220459568e-13
173.70533839322036,84.47047126890837,3.976558537451074,-14.35829737294517,-8.445256503374678,2.1051917824680845e-13
173.80980565522987,84.47161145939502,3.9763805775495897,-14.372728730796748,-8.41928498830922,1.8315168507472335e-13
173.91430783677123,84.47273688200168,3.976199736840939,-14.38713391972554,-8.393285475688092,1.894672604221276e-13
174.01884448084476,84.47384752382015,3.976016020655304,-14.401512794858665,-8.367258048847335,2.020984111169361e-13
174.12341512896566,84.47494337203955,3.975829434322863,-14.415865211661261,-8.341202792154371,1.894672604221276e-13
174.2280193211715,84.47602441394675,3.9756399831737936,-14.430191025943413,-8.315119791007008,1.8525687685719145e-13
174.33265659603882,84.47709063692692,3.9754476725382757,-14.44449009386847,-8.289009131830095,1.9999321933446803e-13
174.4373264906907,84.47814202846399,3.975252507746487,-14.458762271959904,-8.262870902074424,1.9157245220459568e-13
174.54202854081376,84.47917857614111,3.9750544941286075,-14.473007417109661,-8.236705190213227,1.9788802755199994e-13
174.6467622806666,84.48020026764105,3.974853637014815,-14.487225386585138,-8.210512085740746,1.9788802755199994e-13
174.7515272430937,84.48120709074678,3.974649941735289,-14.501416038037005,-8.184291679169386,1.9578283576953187e-13
174.85632295954028,84.48219903334183,3.9744434136202096,-14.515579229507031,-8.158044062026638,1.9788802755199994e-13
174.9611489600605,84.48317608341077,3.974234057999753,-14.52971481943508,-8.131769326853528,1.9157245220459568e-13
175.06600477333535,84.48413822903974,3.974021880204099,-14.543822666667301,-8.105467567200712,1.9367764398706378e-13
175.17088992668067,84.48508545841676,3.9738068855634268,-14.557902630463019,-8.079138877626853,2.063087946818723e-13
175.27580394606497,84.4860177598323,3.9735890794079145,-14.571954570502907,-8.052783353694647,1.9578283576953187e-13
175.38074635611784,84.48693512167962,3.973368467067741,-14.585978346895855,-8.026401091969024,1.8315168507472335e-13
175.48571668014804,84.48783753245529,3.9731450538730857,-14.599973820187108,-7.999992190012989,1.8315168507472335e-13
175.59071444015262,84.48872498075959,3.9729188451541284,-14.613940851365173,-7.973556746385575,1.789413015097872e-13
175.69573915683225,84.48959745529689,3.972689846241046,-14.627879301869552,-7.947094860638276,1.9578283576953187e-13
175.8007903496063,84.4904549448762,3.9724580624640176,-14.641789033598382,-7.920606633311378,1.8104649329225526e-13
175.90586753662288,84.4912974384115,3.9722234991532233,-14.655669908915362,-7.894092165931669,1.768361097273191e-13
176.01097023477666,84.49212492492212,3.9719861616388394,-14.669521790657765,-7.867551561007964,1.789413015097872e-13
176.11609795971864,84.49293739353328,3.9717460552510477,-14.68334454214319,-7.840984922028767,1.8525687685719145e-13
176.22125022587437,84.49373483347645,3.9715031853200258,-14.697138027177596,-7.8143923534576585,2.042036028994042e-13
176.3264265464542,84.49451723408968,3.971257557175951,-14.710902110062069,-7.787773960730705,1.8104649329225526e-13
176.43162643346892,84.49528458481811,3.9710091761490047,-14.724636655600419,-7.7611298502523836,1.894672604221276e-13
176.536849397746,84.49603687521433,3.970758047569363,-14.738341529106696,-7.734460129391401,1.7473091794485103e-13
176.6420949489397,84.49677409493876,3.970504176767208,-14.752016596411929,-7.707764906477954,1.8525687685719145e-13
176.7473625955502,84.49749623376007,3.9702475690727157,-14.765661723872043,-7.681044290798661,1.8736206863965952e-13
176.85265184493343,84.49820328155556,3.969988229816065,-14.779276778374413,-7.654298392593821,1.9367764398706378e-13
176.95796220332045,84.49889522831155,3.9697261643274375,-14.79286162734575,-7.627527323052216,1.7262572616238293e-13
177.06329317582737,84.49957206412373,3.9694613779370087,-14.806416138758626,-7.6007311943082385,1.7473091794485103e-13
177.1686442664749,84.50023377919754,3.9691938759749594,-14.819940181139282,-7.57391011943651,1.7052053437991484e-13
177.274014978199,84.50088036384861,3.9689236637714678,-14.83343362357418,-7.547064212448758,1.9367764398706378e-13
177.3794048128679,84.50151180850307,3.9686507466567127,-14.84689633571737,-7.520193588289031,1.8736206863965952e-13
177.4848132712985,84.50212810369788,3.968375129960873,-14.860328187797757,-7.493298362828946,1.9157245220459568e-13
177.59023985326772,84.50272924008127,3.9680968190141264,-14.873729050625652,-7.466378652864259,1.9157245220459568e-13
177.6956840575323,84.50331520841306,3.9678158191466544,-14.887098795600327,-7.4394345761091785,1.7262572616238293e-13
177.80114538183943,84.50388599956497,3.967532135688633,-14.900437294716458,-7.412466251193043,1.6631015081497867e-13
177.90662332294679,84.50444160452105,3.9672457739702423,-14.913744420571618,-7.385473797654434,1.620997672500425e-13
178.0121173766339,84.50498201437793,3.966956739321662,-14.927020046372682,-7.358457335937558,1.7262572616238293e-13
178.1176270377195,84.50550722034525,3.966665037073068,-14.940264045942964,-7.331416987387021,1.7473091794485103e-13
178.22315180007888,84.50601721374592,3.9663706725546426,-14.953476293729231,-7.304352874242514,1.8104649329225526e-13
178.32869115665545,84.50651198601649,3.9660736510965617,-14.966656664808024,-7.277265119635022,1.7473091794485103e-13
178.43424459948125,84.50699152870746,3.9657739780290058,-14.979805034893019,-7.2501538475805924,1.7473091794485103e-13
178.5398116196881,84.50745583348359,3.9654716586821546,-14.992921280341173,-7.223019182976511,1.620997672500425e-13
178.6453917075281,84.50790489212424,3.965166698386185,-15.006005278160023,-7.195861251595038,1.7052053437991484e-13
178.75098435238513,84.5083386965237,3.964859102471275,-15.019056906013715,-7.16868018007942,1.6841534259744677e-13
178.85658904279546,84.5087572386914,3.9645488762676067,-15.032076042230283,-7.141476095937412,1.5999457546757442e-13
178.96220526645985,84.50916051075232,3.9642360251053557,-15.04506256580766,-7.1142491275371045,1.5788938368510635e-13
179.06783251026138,84.50954850494723,3.9639205543147034,-15.058016356420456,-7.086999404101073,1.894672604221276e-13
179.1734702602837,84.50992121363304,3.9636024692258265,-15.070937294426715,-7.05972705570048,1.6631015081497867e-13
179.27911800182298,84.51027862928298,3.963281775168905,-15.083825260873777,-7.032432213250714,1.7262572616238293e-13
