galstreams/tracks/track.st.AAU-ATLAS.ibata2021.ecsv
# %ECSV 0.9
# ---
# datatype:
# - {name: ra, unit: deg, datatype: float64}
# - {name: dec, unit: deg, datatype: float64}
# - {name: distance, unit: kpc, datatype: float64}
# - {name: pm_ra_cosdec, unit: mas / yr, datatype: float64}
# - {name: pm_dec, unit: mas / yr, datatype: float64}
# - {name: radial_velocity, unit: km / s, datatype: float64}
# delimiter: ','
# meta: !!omap
# - __serialized_columns__:
#     dec:
#       __class__: astropy.coordinates.angles.Latitude
#       unit: &id001 !astropy.units.Unit {unit: deg}
#       value: !astropy.table.SerializedColumn {name: dec}
#     distance:
#       __class__: astropy.coordinates.distances.Distance
#       unit: !astropy.units.Unit {unit: kpc}
#       value: !astropy.table.SerializedColumn {name: distance}
#     pm_dec:
#       __class__: astropy.units.quantity.Quantity
#       unit: !astropy.units.Unit {unit: mas / yr}
#       value: !astropy.table.SerializedColumn {name: pm_dec}
#     pm_ra_cosdec:
#       __class__: astropy.units.quantity.Quantity
#       unit: !astropy.units.Unit {unit: mas / yr}
#       value: !astropy.table.SerializedColumn {name: pm_ra_cosdec}
#     ra:
#       __class__: astropy.coordinates.angles.Longitude
#       unit: *id001
#       value: !astropy.table.SerializedColumn {name: ra}
#       wrap_angle: !astropy.coordinates.Angle
#         unit: *id001
#         value: 360.0
#     radial_velocity:
#       __class__: astropy.units.quantity.Quantity
#       unit: !astropy.units.Unit {unit: km / s}
#       value: !astropy.table.SerializedColumn {name: radial_velocity}
# schema: astropy-2.0
ra,dec,distance,pm_ra_cosdec,pm_dec,radial_velocity
[from data line 142]
18.716552341132136,-25.98270077365441,23.85521680251656,-0.21898096080918472,-0.9391705055378383,0.0
18.726067992376304,-25.98800991630634,23.850285059081934,-0.2187259230737051,-0.9386366743212367,-1.6841534259744676e-14
18.73558231517866,-25.993320882039818,23.8453792867357,-0.21847126224455587,-0.9381035063685594,-8.420767129872338e-15
18.745095312829957,-25.998633667911566,23.840499444836443,-0.2182169775098757,-0.9375710015246101,-8.420767129872338e-15
18.754606988620367,-26.003948270977553,23.835645492742717,-0.21796306805785193,-0.9370391596339873,0.0
18.76411734583991,-26.009264688293193,23.830817389813134,-0.21770953307671612,-0.93650798054108,0.0
18.773626387778087,-26.014582916913163,23.826015095406255,-0.2174563717547483,-0.9359774640900703,0.0
18.7831341177242,-26.01990295389158,23.821238568880666,-0.21720358328027292,-0.9354476101249326,0.0
18.792640538967078,-26.025224796281815,23.81648776959496,-0.21695116684166277,-0.9349184184894328,0.0
18.802145654795194,-26.03054844113661,23.811762656907696,-0.2166991216273364,-0.9343898890271303,1.6841534259744676e-14
18.8116494684968,-26.035873885508114,23.807063190177466,-0.21644744682575712,-0.9338620215813753,0.0
18.821151983359613,-26.041201126447717,23.802389328762867,-0.21619614162543715,-0.9333348159953113,-8.420767129872338e-15
18.830653202671193,-26.046530161006302,23.797741032022454,-0.21594520521493277,-0.9328082721118746,0.0
18.840153129718534,-26.051860986233912,23.793118259314834,-0.2156946367828479,-0.9322823897737915,-2.5262301389617013e-14
18.849651767788508,-26.057193599180135,23.78852096999857,-0.21544443551783188,-0.9317571688235834,-8.420767129872338e-15
18.859149120167444,-26.06252799689375,23.78394912343224,-0.21519460060858045,-0.931232609103562,-8.420767129872338e-15
18.868645190141365,-26.067864176422912,23.77940267897444,-0.21494513124383624,-0.930708710455832,0.0
18.87813998099605,-26.073202134815208,23.774881595983743,-0.21469602661238618,-0.9301854727222895,-1.6841534259744676e-14
18.88763349601675,-26.07854186911745,23.770385833818736,-0.21444728590306508,-0.929662895744624,0.0
18.897125738488562,-26.083883376375926,23.765915351838007,-0.21419890830475274,-0.9291409793643164,0.0
18.906616711696028,-26.089226653636114,23.761470109400108,-0.21395089300637582,-0.9286197234226405,0.0
18.91610641892352,-26.094571697943007,23.75705006586366,-0.21370323919690573,-0.928099127760661,0.0
18.92559486345495,-26.099918506340806,23.752655180587208,-0.21345594606536103,-0.9275791922192367,-8.420767129872338e-15
18.935082048573843,-26.10526707587308,23.74828541292936,-0.21320901280080604,-0.9270599166390165,-8.420767129872338e-15
18.94456797756354,-26.110617403582843,23.743940722248684,-0.2129624385923498,-0.9265413008604437,0.0
18.954052653706828,-26.11596948651231,23.739621067903762,-0.212716222629149,-0.9260233447237514,0.0
18.963536080286335,-26.12132332170317,23.735326409253172,-0.21247036410040454,-0.9255060480689672,0.0
18.97301826058414,-26.12667890619633,23.73105670565552,-0.2122248621953644,-0.9249894107359085,-8.420767129872338e-15
18.982499197882195,-26.13203623703218,23.72681191646935,-0.211979716103321,-0.9244734325641869,-1.6841534259744676e-14
18.991978895461916,-26.137395311250348,23.722592001053272,-0.21173492501361332,-0.9239581133932049,-1.6841534259744676e-14
19.001457356604387,-26.1427561258898,23.71839691876586,-0.21149048811562693,-0.9234434530621574,-8.420767129872338e-15
19.0109345845905,-26.148118677988958,23.714226628965687,-0.21124640459879102,-0.9229294514100318,0.0
19.020410582700578,-26.153482964585432,23.710081091011336,-0.2110026736525818,-0.9224161082756073,0.0
19.029885354214798,-26.15884898271634,23.705960264261396,-0.21075929446652053,-0.9219034234974547,-8.420767129872338e-15
19.039358902412808,-26.164216729417976,23.701864108074446,-0.2105162662301748,-0.9213913969139379,0.0
19.048831230574073,-26.169586201726137,23.697792581809075,-0.21027358813315639,-0.9208800283632119,-8.420767129872338e-15
19.058302341977583,-26.174957396675858,23.693745644823842,-0.21003125936512412,-0.920369317683225,0.0
19.067772239901977,-26.18033031130149,23.689723256477347,-0.20978927911578155,-0.9198592647117159,-1.6841534259744676e-14
19.077240927625674,-26.185704942636857,23.685725376128165,-0.20954764657487715,-0.9193498692862168,-1.6841534259744676e-14
19.086708408426567,-26.191081287714994,23.681751963134882,-0.20930636093220617,-0.9188411312440512,0.0
19.096174685582387,-26.196459343568385,23.677802976856075,-0.20906542137760764,-0.9183330504223344,-8.420767129872338e-15
19.10563976237032,-26.201839107228732,23.673878376650325,-0.20882482710096717,-0.9178256266579748,-8.420767129872338e-15
19.115103642067414,-26.20722057572724,23.66997812187622,-0.20858457729221488,-0.9173188597876715,8.420767129872338e-15
19.124566327950184,-26.212603746094306,23.666102171892323,-0.20834467114132718,-0.9168127496479164,8.420767129872338e-15
19.13402782329484,-26.2179886153597,23.662250486057243,-0.20810510783832475,-0.9163072960749926,-8.420767129872338e-15
19.143488131377364,-26.223375180552644,23.65842302372954,-0.20786588657327387,-0.9158024989049766,8.420767129872338e-15
19.152947255473194,-26.228763438701524,23.654619744267812,-0.20762700653628618,-0.9152983579737348,-8.420767129872338e-15
19.162405198857623,-26.23415338683426,23.650840607030617,-0.20738846691751822,-0.914794873116928,0.0
19.1718619648054,-26.23954502197793,23.64708557137656,-0.2071502669071716,-0.9142920441700062,8.420767129872338e-15
19.18131755659113,-26.2449383411591,23.643354596664203,-0.20691240569549335,-0.913789870968214,0.0
19.190771977488836,-26.25033334140354,23.63964764225215,-0.20667488247277555,-0.9132883533465854,0.0
19.200225230772453,-26.255730019736532,23.63596466749896,-0.20643769642935467,-0.9127874911399486,8.420767129872338e-15
19.209677319715357,-26.26112837318253,23.632305631763227,-0.206200846755613,-0.9122872841829214,0.0
19.219128247590614,-26.266528398765374,23.62867049440353,-0.20596433264197797,-0.9117877323099155,-8.420767129872338e-15
19.22857801767107,-26.271930093508352,23.625059214778446,-0.20572815327892077,-0.9112888353551334,8.420767129872338e-15
19.238026633229047,-26.277333454433908,23.621471752246567,-0.2054923078569587,-0.9107905931525689,-1.6841534259744676e-14
19.247474097536703,-26.282738478564017,23.617908066166457,-0.2052567955666531,-0.910293005536009,-1.6841534259744676e-14
19.256920413865704,-26.288145162919864,23.614368115896717,-0.20502161559861048,-0.9097960723390315,8.420767129872338e-15
19.26636558548736,-26.29355350452196,23.61085186079591,-0.204786767143483,-0.9092997933950063,-8.420767129872338e-15
19.275809615672802,-26.29896350039029,23.607359260222633,-0.2045522493919655,-0.9088041685370951,-8.420767129872338e-15
19.28525250769259,-26.304375147544015,23.60389027353546,-0.20431806153480014,-0.9083091975982508,-8.420767129872338e-15
19.294694264817156,-26.309788443001782,23.600444860092967,-0.20408420276277167,-0.9078148804112192,8.420767129872338e-15
19.304134890316384,-26.315203383781437,23.597022979253747,-0.20385067226671102,-0.9073212168085365,0.0
19.313574387459994,-26.320619966900303,23.593624590376375,-0.20361746923749263,-0.9068282066225317,8.420767129872338e-15
19.323012759517184,-26.32603818937491,23.59024965281944,-0.2033845928660366,-0.9063358496853243,-8.420767129872338e-15
19.332450009756982,-26.331458048221254,23.586898125941506,-0.2031520423433067,-0.9058441458288271,-8.420767129872338e-15
19.341886141447937,-26.33687954045456,23.58356996910117,-0.20291981686031163,-0.9053530948847432,-8.420767129872338e-15
19.35132115785824,-26.342302663089413,23.58026514165701,-0.20268791560810528,-0.9048626966845679,-8.420767129872338e-15
19.360755062255894,-26.34772741313982,23.5769836029676,-0.20245633777778488,-0.9043729510595875,-8.420767129872338e-15
19.370187857908345,-26.353153787618993,23.573725312391534,-0.20222508256049343,-0.903883857840881,-8.420767129872338e-15
19.379619548082918,-26.358581783539623,23.57049022928738,-0.2019941491474166,-0.9033954168593182,0.0
19.389050136046333,-26.364011397913586,23.567278313013734,-0.20176353672978664,-0.9029076279455603,-8.420767129872338e-15
19.39847962506525,-26.369442627752253,23.56408952292916,-0.20153324449887805,-0.9024204909300615,0.0
19.40790801840577,-26.37487547006622,23.560923818392254,-0.2013032716460113,-0.9019340056430651,0.0
19.41733531933366,-26.380309921865408,23.557781158761593,-0.20107361736255056,-0.9014481719146077,8.420767129872338e-15
19.426761531114504,-26.3857459801592,23.554661503395756,-0.20084428083990385,-0.9009629895745174,0.0
19.436186657013327,-26.39118364195615,23.55156481165333,-0.20061526126952417,-0.9004784584524124,-8.420767129872338e-15
19.44561070029502,-26.396622904264316,23.548491042892884,-0.20038655784290826,-0.8999945783777045,-8.420767129872338e-15
19.455033664223915,-26.402063764090933,23.545440156473017,-0.20015816975159784,-0.8995113491795946,-8.420767129872338e-15
19.46445555206422,-26.407506218442727,23.542412111752288,-0.1999300961871771,-0.8990287706870768,-1.6841534259744676e-14
19.473876367079626,-26.41295026432564,23.539406868089294,-0.199702336341276,-0.8985468427289358,0.0
19.483296112533488,-26.418395898744947,23.536424384842622,-0.19947488940556846,-0.8980655651337476,-1.6841534259744676e-14
19.492714791688964,-26.42384311870538,23.533464621370847,-0.1992477545717712,-0.8975849377298798,0.0
19.50213240780867,-26.429291921210854,23.530527537032537,-0.19902093103164636,-0.8971049603454916,0.0
19.511548964155068,-26.43474230326476,23.527613091186293,-0.19879441797699904,-0.8966256328085329,0.0
19.520964463990097,-26.440194261869678,23.524721243190683,-0.19856821459967935,-0.8961469549467456,-1.6841534259744676e-14
19.53037891057552,-26.445647794027696,23.521851952404297,-0.19834232009158015,-0.8956689265876623,-8.420767129872338e-15
19.539792307172625,-26.451102896740085,23.519005178185715,-0.19811673364463886,-0.8951915475586065,-1.6841534259744676e-14
19.549204657042356,-26.45655956700749,23.51618087989351,-0.19789145445083753,-0.8947148176866947,0.0
19.558615963445448,-26.462017801829944,23.513379016886276,-0.19766648170220036,-0.8942387367988327,-8.420767129872338e-15
19.568026229642122,-26.46747759820674,23.510599548522585,-0.19744181459079702,-0.8937633047217182,0.0
19.577435458892403,-26.472938953136595,23.50784243416102,-0.19721745230873933,-0.8932885212818399,-2.5262301389617013e-14
19.586843654455823,-26.47840186361745,23.505107633160165,-0.19699339404818456,-0.8928143863054785,-8.420767129872338e-15
19.59625081959175,-26.48386632664669,23.502395104878598,-0.19676963900133196,-0.8923408996187044,0.0
19.605656957559034,-26.48933233922095,23.49970480867491,-0.19654618636042578,-0.8918680610473806,-8.420767129872338e-15
19.615062071616233,-26.4947998983362,23.49703670390767,-0.19632303531775389,-0.8913958704171597,0.0
19.624466165021655,-26.500269000987824,23.494390749935466,-0.19610018506564691,-0.8909243275534866,-1.6841534259744676e-14
19.633869241033103,-26.505739644170433,23.49176690611688,-0.19587763479647974,-0.8904534322815962,0.0
19.64327130290822,-26.511211824878092,23.489165131810484,-0.19565538370267044,-0.8899831844265158,8.420767129872338e-15
19.652672353904105,-26.516685540104042,23.48658538637487,-0.19543343097668106,-0.8895135838130619,0.0
19.662072397277722,-26.52216078684103,23.484027629168615,-0.19521177581101623,-0.8890446302658435,-8.420767129872338e-15
19.671471436285533,-26.52763756208102,23.481491819550307,-0.19499041739822534,-0.8885763236092595,-8.420767129872338e-15
19.68086947418365,-26.533115862815286,23.478977916878517,-0.19476935493090058,-0.8881086636675005,0.0
19.690266514228007,-26.538595686034565,23.476485880511834,-0.19454858760167704,-0.8876416502645478,0.0
19.699662559673982,-26.54407702872877,23.47401566980884,-0.19432811460323401,-0.8871752832241724,-1.6841534259744676e-14
19.70905761377681,-26.549559887887305,23.4715672441281,-0.19410793512829344,-0.8867095623699388,0.0
19.718451679791198,-26.555044260498736,23.469140562828215,-0.19388804836962148,-0.8862444875251989,0.0
19.727844760971692,-26.560530143551127,23.466735585267752,-0.19366845352002632,-0.8857800585130987,-8.420767129872338e-15
19.737236860572345,-26.56601753403175,23.464352270805314,-0.19344914977236013,-0.8853162751565722,-1.6841534259744676e-14
19.746627981846874,-26.57150642892723,23.461990578799462,-0.19323013631951874,-0.8848531372783459,0.0
19.756018128048805,-26.576996825223592,23.459650468608782,-0.19301141235444014,-0.8843906447009364,0.0
19.765407302431115,-26.58248871990609,23.457331899591857,-0.1927929770701063,-0.883928797246651,-8.420767129872338e-15
19.77479550824663,-26.587982109959427,23.45503483110727,-0.19257482965954154,-0.8834675947375877,0.0
19.78418274874765,-26.59347699236749,23.452759222513603,-0.19235696931581414,-0.8830070369956352,0.0
19.793569027186333,-26.59897336411366,23.45050503316943,-0.1921393952320346,-0.8825471238424728,0.0
19.802954346814307,-26.604471222180518,23.448272222433342,-0.191922106601357,-0.8820878550995701,-8.420767129872338e-15
19.81233871088291,-26.60997056355,23.446060749663918,-0.19170510261697848,-0.8816292305881877,0.0
19.82172212264325,-26.615471385203456,23.44387057421973,-0.1914883824721385,-0.8811712501293769,0.0
19.831104585345898,-26.620973684121424,23.44170165545937,-0.19127194536012015,-0.8807139135439779,-8.420767129872338e-15
19.840486102241297,-26.626477457283922,23.439553952741417,-0.1910557904742487,-0.8802572206526238,-2.5262301389617013e-14
19.849866676579335,-26.63198270167018,23.43742742542445,-0.19083991700789324,-0.8798011712757361,-8.420767129872338e-15
19.859246311609756,-26.637489414258837,23.435322032867052,-0.1906243241544646,-0.8793457652335281,0.0
19.86862501058182,-26.6429975920278,23.43323773442781,-0.19040901110741715,-0.8788910023460027,-8.420767129872338e-15
19.878002776744434,-26.64850723195431,23.431174489465292,-0.19019397706024826,-0.8784368824329531,0.0
19.88737961334631,-26.654018331015006,23.429132257338093,-0.18997922120649716,-0.8779834053139635,8.420767129872338e-15
19.89675552363564,-26.659530886185742,23.427110997404775,-0.18976474273974658,-0.8775305708084076,-8.420767129872338e-15
19.90613051086045,-26.665044894441838,23.425110669023947,-0.18955054085362105,-0.8770783787354501,-1.6841534259744676e-14
19.91550457826824,-26.6705603527578,23.423131231554173,-0.18933661474178876,-0.8766268289140452,0.0
19.924877729106335,-26.67607725810759,23.421172644354037,-0.18912296359795971,-0.876175921162938,0.0
19.934249966621614,-26.6815956074644,23.41923486678212,-0.18890958661588708,-0.8757256553006633,-1.6841534259744676e-14
19.943621294060584,-26.68711539780077,23.417317858197,-0.18869648298936637,-0.8752760311455464,0.0
19.952991714669558,-26.69263662608863,23.415421577957268,-0.18848365191223532,-0.8748270485157021,0.0
19.96236123169433,-26.69815928929913,23.413545985421496,-0.18827109257837465,-0.8743787072290361,0.0
19.97172984838052,-26.703683384402872,23.411691039948277,-0.1880588041817069,-0.8739310071032438,-1.6841534259744676e-14
19.98109756797323,-26.709208908369664,23.40985670089618,-0.18784678591619786,-0.8734839479558101,-8.420767129872338e-15
19.99046439371741,-26.714735858168755,23.408042927623793,-0.18763503697585476,-0.873037529604011,-8.420767129872338e-15
19.999830328857524,-26.720264230768628,23.406249679489697,-0.18742355655472784,-0.8725917518649113,-1.6841534259744676e-14
20.009195376637674,-26.725794023137095,23.404476915852467,-0.18721234384691007,-0.8721466145553665,-8.420767129872338e-15
20.01855954030181,-26.731325232241396,23.402724596070687,-0.18700139804653554,-0.8717021174920219,-8.420767129872338e-15
20.027922823093284,-26.736857855047944,23.400992679502945,-0.18679071834778155,-0.8712582604913123,0.0
20.03728522825536,-26.742391888522647,23.39928112550782,-0.18658030394486727,-0.8708150433694622,-8.420767129872338e-15
