galstreams/tracks/track.st.Slidr.ibata2021.ecsv
# %ECSV 1.0
# ---
# datatype:
# - {name: ra, unit: deg, datatype: float64}
# - {name: dec, unit: deg, datatype: float64}
# - {name: distance, unit: kpc, datatype: float64}
# - {name: pm_ra_cosdec, unit: mas / yr, datatype: float64}
# - {name: pm_dec, unit: mas / yr, datatype: float64}
# - {name: radial_velocity, unit: km / s, datatype: float64}
# delimiter: ','
# meta: !!omap
# - __serialized_columns__:
#     dec:
#       __class__: astropy.coordinates.angles.Latitude
#       unit: &id001 !astropy.units.Unit {unit: deg}
#       value: !astropy.table.SerializedColumn {name: dec}
#     distance:
#       __class__: astropy.coordinates.distances.Distance
#       unit: !astropy.units.Unit {unit: kpc}
#       value: !astropy.table.SerializedColumn {name: distance}
#     pm_dec:
#       __class__: astropy.units.quantity.Quantity
#       unit: !astropy.units.Unit {unit: mas / yr}
#       value: !astropy.table.SerializedColumn {name: pm_dec}
#     pm_ra_cosdec:
#       __class__: astropy.units.quantity.Quantity
#       unit: !astropy.units.Unit {unit: mas / yr}
#       value: !astropy.table.SerializedColumn {name: pm_ra_cosdec}
#     ra:
#       __class__: astropy.coordinates.angles.Longitude
#       unit: *id001
#       value: !astropy.table.SerializedColumn {name: ra}
#       wrap_angle: !astropy.coordinates.Angle
#         unit: *id001
#         value: 360.0
#     radial_velocity:
#       __class__: astropy.units.quantity.Quantity
#       unit: !astropy.units.Unit {unit: km / s}
#       value: !astropy.table.SerializedColumn {name: radial_velocity}
# schema: astropy-2.0
ra,dec,distance,pm_ra_cosdec,pm_dec,radial_velocity
[from data line 705]
155.15245714193819,11.302714266765488,2.771135954672101,-26.237727647486764,-7.512847706734468,-85.16521093703518
155.16139051242686,11.296843538169476,2.771512929297459,-26.235109847357574,-7.511447682025569,-85.19786128378072
155.17032516563899,11.290979850894018,2.771889701308181,-26.232490502934986,-7.510047331611928,-85.2303131929683
155.1792611007719,11.285123198608282,2.7722662710102406,-26.229869614445697,-7.5086466562579695,-85.2625667527782
155.1881983170226,11.279273574981543,2.7726426387096113,-26.227247182116667,-7.507245656727568,-85.2946220513912
155.1971368135874,11.27343097368325,2.773018804712266,-26.22462320617501,-7.505844333784113,-85.32647917698804
155.2060765896622,11.26759538838297,2.773394769324179,-26.22199768684811,-7.504442688190475,-85.35813821774934
155.21501764444224,11.261766812750412,2.7737705328513242,-26.219370624363485,-7.503040720709021,-85.38959926185554
155.22395997712238,11.255945240455425,2.7741460955996735,-26.21674201894895,-7.501638432101616,-85.42086239748733
155.23290358689687,11.250130665167982,2.7745214578752013,-26.21411187083245,-7.500235823129602,-85.45192771282547
155.24184847295936,11.244323080558221,2.774896619983882,-26.211480180242173,-7.498832894553835,-85.48279529605038
155.25079463450328,11.238522480296373,2.775271582231688,-26.20884694740653,-7.497429647134639,-85.51346523534292
155.2597420707212,11.23272885805284,2.775646344924594,-26.206212172554093,-7.496026081631849,-85.54393761888365
155.2686907808053,11.226942207498155,2.776020908368572,-26.2035758559137,-7.494622198804799,-85.57421253485313
155.2776407639472,11.221162522302997,2.776395272869595,-26.20093799771437,-7.493217999412311,-85.60429007143206
155.286592019338,11.21538979613816,2.776769438733639,-26.198298598185275,-7.491813484212698,-85.6341703168009
155.29554454616832,11.209624022674594,2.777143406266675,-26.19565765755589,-7.4904086539637795,-85.6638533591405
155.30449834362813,11.20386519558338,2.7775171757746793,-26.193015176055834,-7.4890035094228615,-85.69333928663127
155.313453410907,11.19811330853575,2.7778907475636223,-26.19037115391496,-7.487598051346762,-85.72262818745423
155.32240974719386,11.19236835520304,2.7782641219394795,-26.187725591363304,-7.486192280491792,-85.75172014978953
155.33136735167724,11.186630329256758,2.7786372992082233,-26.185078488631135,-7.484786197613744,-85.78061526181811
155.34032622354496,11.180899224368542,2.7790102796758287,-26.182429845948892,-7.483379803467929,-85.80931361172041
155.3492863619844,11.17517503421016,2.7793830636482677,-26.179779663547254,-7.481973098809161,-85.83781528767707
155.35824776618247,11.16945775245353,2.779755651431515,-26.17712794165709,-7.480566084391734,-85.86612037786908
155.36721043532535,11.163747372770713,2.780128043331543,-26.174474680509487,-7.479158760969465,-85.89422897047665
155.37617436859887,11.158043888833879,2.7805002396543257,-26.171819880335715,-7.477751129295658,-85.92214115368047
155.38513956518827,11.152347294315355,2.7808722407058375,-26.169163541367233,-7.4763431901231225,-85.94985701566122
155.39410602427824,11.146657582887626,2.78124404679205,-26.166505663835782,-7.47493494420417,-85.97737664459981
155.40307374505286,11.14097474822329,2.7816156582189375,-26.163846247973233,-7.473526392290619,-86.00470012867643
155.41204272669577,11.135298783995092,2.781987075292474,-26.161185294011677,-7.4721175351337905,-86.03182755607186
155.42101296839004,11.12962968387592,2.782358298318634,-26.158522802183416,-7.470708373484495,-86.05875901496694
155.42998446931813,11.123967441538799,2.782729327603389,-26.15585877272097,-7.469298908093079,-86.08549459354204
155.43895722866202,11.11831205065691,2.783100163452713,-26.153193205857043,-7.467889139709374,-86.11203437997776
155.4479312456032,11.112663504903521,2.7834708061725797,-26.15052610182453,-7.466479069082709,-86.138378462455
155.45690651932253,11.107021797952097,2.783841256068963,-26.147857460856578,-7.465068696961926,-86.16452692915406
155.46588304900035,11.10138692347622,2.7842115134478362,-26.145187283186466,-7.463658024095392,-86.1904798682559
155.47486083381642,11.095758875149608,2.7845815786151733,-26.142515569047752,-7.462247051230952,-86.21623736794079
155.48383987295,11.09013764664614,2.7849514518769456,-26.13984231867414,-7.460835779115985,-86.24179951638979
155.49282016557984,11.084523231639798,2.78532113353913,-26.137167532299546,-7.459424208497357,-86.26716640178329
155.50180171088394,11.078915623804754,2.785690623907697,-26.134491210158117,-7.45801234012146,-86.29233811230176
155.51078450804005,11.073314816815264,2.786059923288622,-26.131813352484183,-7.45660017473419,-86.31731473612594
155.51976855622516,11.067720804345765,2.7864290319878773,-26.129133959512252,-7.4551877130809405,-86.34209636143667
155.52875385461581,11.06213358007082,2.786797950311438,-26.126453031477055,-7.453774955906629,-86.36668307641433
155.5377404023879,11.05655313766514,2.7871666785652756,-26.123770568613548,-7.4523619039556905,-86.39107496923975
155.5467281987168,11.050979470803565,2.7875352170553644,-26.12108657115686,-7.450948557972049,-86.41527212809335
155.5557172427774,11.045412573161089,2.7879035660876794,-26.1184010393423,-7.449534918699162,-86.43927464115592
155.56470753374396,11.039852438412849,2.7882717259681913,-26.115713973405416,-7.448120986880001,-86.46308259660809
155.57369907079024,11.03429906023409,2.788639697002876,-26.11302537358196,-7.44670676325702,-86.48669608263035
155.58269185308936,11.028752432300235,2.7890074794977067,-26.11033524010784,-7.445292248572226,-86.51011518740331
155.59168587981404,11.023212548286839,2.7893750737586545,-26.107643573219207,-7.4438774435671125,-86.53333999910784
155.60068115013624,11.017679401869598,2.7897424800916966,-26.104950373152363,-7.4424623489826995,-86.55637060592433
155.60967766322753,11.012152986724342,2.790109698802804,-26.102255640143895,-7.4410469655595195,-86.57920709603356
155.61867541825882,11.006633296527045,2.790476730197951,-26.09955937443049,-7.439631294037626,-86.60184955761603
155.62767441440047,11.001120324953847,2.7908435745831106,-26.0968615762491,-7.438215335156588,-86.62429807885255
155.6366746508224,10.995614065680973,2.7912102322642562,-26.094162245836838,-7.436799089655482,-86.64655274792354
155.64567612669384,10.990114512384848,2.7915767035473626,-26.091461383431053,-7.435382558272902,-86.66861365300969
155.6546788411835,10.984621658742006,2.791942988738402,-26.088758989269262,-7.433965741746976,-86.6904808822918
155.66368279345957,10.979135498429137,2.7923090881433494,-26.08605506358918,-7.432548640815329,-86.71215452395039
155.67268798268952,10.97365602512307,2.7926750020681763,-26.083349606628737,-7.431131256215134,-86.73363466616594
155.68169440804044,10.968183232500776,2.793040730818857,-26.08064261862606,-7.429713588683048,-86.75492139711925
155.69070206867883,10.96271711423936,2.7934062747013666,-26.07793409981946,-7.428295638955278,-86.77601480499088
155.69971096377043,10.957257664016101,2.7937716340216765,-26.07522405044743,-7.426877407767539,-86.79691497796145
155.70872109248077,10.951804875508365,2.794136809085761,-26.072512470748713,-7.425458895855057,-86.81762200421181
155.7177324539745,10.94635874239371,2.794501800199593,-26.069799360962225,-7.424040103952605,-86.83813597192204
155.72674504741582,10.940919258349812,2.7948666076691477,-26.067084721327035,-7.422621032794451,-86.8584569692734
155.7357588719684,10.935486417054499,2.795231231800397,-26.064368552082456,-7.421201683114407,-86.87858508444617
155.74477392679526,10.930060212185747,2.7955956728993145,-26.061650853468,-7.419782055645787,-86.89852040562121
155.75379021105883,10.924640637421676,2.7959599312718737,-26.05893162572336,-7.41836215112146,-86.91826302097884
155.76280772392118,10.919227686440513,2.7963240072240496,-26.056210869088403,-7.416941970273788,-86.93781301869986
155.77182646454358,10.91382135292067,2.7966879010618144,-26.05348858380323,-7.415521513834666,-86.95717048696488
155.7808464320868,10.908421630540692,2.7970516130911416,-26.050764770108135,-7.414100782535521,-86.9763355139545
155.7898676257111,10.903028512979263,2.7974151436180046,-26.048039428243563,-7.4126797771073125,-86.99530818784946
155.7988900445761,10.89764199391521,2.7977784929483778,-26.045312558450192,-7.411258498280505,-87.01408859683028
155.80791368784082,10.892262067027508,2.7981416613882333,-26.0425841609689,-7.409836946785109,-87.03267682907754
155.8169385546638,10.886888725995272,2.7985046492435464,-26.039854236040746,-7.408415123350649,-87.05107297277203
155.8259646442029,10.881521964497772,2.7988674568202896,-26.03712278390696,-7.406993028706188,-87.0692771160943
155.83499195561555,10.87616177621439,2.799230084424435,-26.03438980480903,-7.405570663580313,-87.08728934722504
155.8440204880585,10.870808154824681,2.7995925323619595,-26.031655298988554,-7.404148028701135,-87.10510975434475
155.85305024068788,10.865461094008346,2.7999548009388344,-26.028919266687403,-7.4027251247963,-87.12273842563407
155.86208121265938,10.860120587445218,2.800316890461032,-26.02618170814759,-7.401301952592985,-87.1401754492737
155.871113403128,10.85478662881527,2.800678801234529,-26.02344262361133,-7.399878512817891,-87.15742091344438
155.8801468112482,10.849459211798635,2.8010405335652964,-26.020702013321042,-7.398454806197266,-87.17447490632645
155.8891814361738,10.844138330075587,2.801402087759309,-26.017959877519342,-7.397030833456867,-87.19133751610077
155.89821727705825,10.838823977326525,2.8017634641225393,-26.015216216449033,-7.39560659532199,-87.20800883094795
155.90725433305414,10.833516147232011,2.8021246629609613,-26.012471030353097,-7.394182092517481,-87.22448893904838
155.91629260331374,10.828214833472751,2.80248568458055,-26.00972431947471,-7.392757325767686,-87.24077792858311
155.92533208698848,10.822920029729598,2.8028465292872755,-26.006976084057293,-7.39133229579652,-87.2568758877323
155.93437278322943,10.817631729683539,2.803207197387114,-26.004226324344366,-7.389907003327412,-87.27278290467696
155.94341469118694,10.81234992701571,2.803567689186039,-26.001475040579706,-7.388481449083322,-87.2884990675976
155.9524578100108,10.807074615407414,2.8039280049900226,-25.998722233007282,-7.387055633786766,-87.30402446467482
155.96150213885034,10.801805788540047,2.8042881451050388,-25.995967901871207,-7.385629558159769,-87.31935918408912
155.97054767685412,10.796543440095201,2.804648109837062,-25.993212047415835,-7.384203222923906,-87.33450331402139
155.97959442317025,10.79128756375459,2.8050078994920655,-25.990454669885676,-7.382776628800283,-87.34945694265213
155.9886423769462,10.786038153200085,2.805367514376021,-25.98769576952548,-7.3813497765095635,-87.36422015816191
155.9976915373288,10.780795202113689,2.805726954794904,-25.984935346580123,-7.379922666771919,-87.37879304873138
156.0067419034644,10.775558704177566,2.806086221054686,-25.98217340129471,-7.37849530030708,-87.39317570254128
156.01579347449868,10.770328653074017,2.806445313461344,-25.97940993391451,-7.377067677834298,-87.40736820777221
156.02484624957685,10.765105042485477,2.8068042323208484,-25.976644944685027,-7.375639800072389,-87.4213706526047
156.0339002278434,10.759887866094548,2.8071629779391736,-25.97387843385191,-7.374211667739676,-87.43518312521948
156.04295540844228,10.754677117583967,2.8075215506222935,-25.971110401661008,-7.372783281554051,-87.44880571379701
156.05201179051684,10.74947279063662,2.8078799506761807,-25.968340848358395,-7.371354642232926,-87.46223850651812
156.06106937320988,10.744274878935542,2.8082381784068096,-25.96556977419027,-7.369925750493273,-87.47548159156335
156.07012815566353,10.739083376163906,2.808596234120153,-25.962797179403072,-7.368496607051592,-87.48853505711342
156.0791881370194,10.733898276005037,2.8089541181221858,-25.960023064243394,-7.367067212623932,-87.50139899134865
156.08824931641846,10.728719572142419,2.8093118307188805,-25.957247428958045,-7.365637567925876,-87.5140734824501
156.0973116930012,10.72354725825965,2.8096693722162094,-25.954470273794023,-7.36420767367255,-87.52655861859816
156.10637526590733,10.7183813280405,2.8100267429201473,-25.951691598998497,-7.362777530578644,-87.53885448797344
156.1154400342761,10.713221775168883,2.8103839431366695,-25.948911404818816,-7.361347139358359,-87.55096117875662
156.1245059972462,10.708068593328852,2.8107409731717468,-25.946129691502534,-7.359916500725473,-87.5628787791285
156.13357315395552,10.702921776204615,2.811097833331353,-25.943346459297395,-7.35848561539329,-87.5746073772694
156.1426415035416,10.697781317480526,2.811454523921462,-25.94056170845132,-7.357054484074671,-87.58614706136018
156.15171104514113,10.692647210841091,2.8118110452480476,-25.93777543921242,-7.35562310748201,-87.59749791958127
156.16078177789052,10.687519449970935,2.812167397617084,-25.934987651828997,-7.354191486327258,-87.60866004011336
156.16985370092533,10.68239802855486,2.8125235813345433,-25.932198346549523,-7.352759621321904,-87.61963351113738
156.17892681338057,10.677282940277808,2.8128795967064004,-25.92940752362267,-7.351327513176993,-87.6304184208334
156.18800111439074,10.672174178824866,2.813235444038627,-25.92661518329732,-7.349895162603116,-87.6410148573825
156.19707660308964,10.667071737881274,2.813591123637198,-25.923821325822477,-7.348462570310409,-87.6514229089651
156.20615327861054,10.661975611132409,2.813946635808087,-25.921025951447398,-7.3470297370085635,-87.66164266376195
156.21523114008602,10.656885792263813,2.8143019808572665,-25.918229060421464,-7.345596663406821,-87.6716742099538
156.2243101866482,10.651802274961147,2.814657159090711,-25.915430652994313,-7.344163350213962,-87.68151763572087
156.2333904174285,10.64672505291024,2.8150121708143936,-25.91263072941571,-7.342729798138325,-87.69117302924403
156.24247183155774,10.641654119797074,2.8153670163342865,-25.90982928993562,-7.341296007887804,-87.70064047870403
156.25155442816614,10.636589469307774,2.8157216959563653,-25.907026334804208,-7.339861980169837,-87.70992007228128
156.26063820638333,10.6315310951286,2.8160762099866026,-25.9042218642718,-7.338427715691416,-87.71901189815638
156.26972316533835,10.626478990945976,2.8164305587309726,-25.901415878588928,-7.336993215159087,-87.7279160445102
156.2788093041596,10.621433150446482,2.816784742495448,-25.898608378006273,-7.335558479278957,-87.73663259952336
156.28789662197497,10.616393567316807,2.8171387615860026,-25.895799362774756,-7.334123508756662,-87.74516165137615
156.29698511791165,10.611360235243833,2.8174926163086096,-25.892988833145434,-7.332688304297414,-87.75350328824966
156.3060747910962,10.606333147914563,2.8178463069692428,-25.890176789369576,-7.331252866605984,-87.76165759832412
156.3151656406546,10.601312299016167,2.818199833873875,-25.88736323169862,-7.329817196386677,-87.76962466978038
156.3242576657123,10.59629768223594,2.8185531973284808,-25.884548160384185,-7.328381294343373,-87.77740459079887
156.3333508653941,10.591289291261358,2.818906397639034,-25.88173157567806,-7.32694516117949,-87.78499744956048
156.3424452388241,10.58628711978003,2.819259435111506,-25.878913477832263,-7.3255087975980135,-87.79240333424586
156.35154078512593,10.581291161479692,2.8196123100518724,-25.87609386709896,-7.324072204301494,-87.79962233303524
156.36063750342254,10.576301410048263,2.819965022766106,-25.87327274373048,-7.322635381992018,-87.8066545341096
156.36973539283628,10.571317859173787,2.820317573560181,-25.87045010797939,-7.321198331371241,-87.8135000256495
156.3788344524889,10.566340502544481,2.8206699627400686,-25.86762596009839,-7.319761053140387,-87.8201588958356
156.38793468150146,10.561369333848686,2.8210221906117456,-25.86480030034037,-7.318323548000235,-87.82663123284843
156.39703607899455,10.556404346774917,2.821374257481183,-25.861973128958436,-7.316885816651096,-87.83291712486864
156.40613864408797,10.551445535011828,2.821726163654356,-25.859144446205825,-7.315447859792887,-87.83901666007688
