galstreams/tracks/track.st.Kwando.grillmair2017.ecsv
# %ECSV 0.9
# ---
# datatype:
# - {name: ra, unit: deg, datatype: float64}
# - {name: dec, unit: deg, datatype: float64}
# - {name: distance, unit: kpc, datatype: float64}
# - {name: pm_ra_cosdec, unit: mas / yr, datatype: float64}
# - {name: pm_dec, unit: mas / yr, datatype: float64}
# - {name: radial_velocity, unit: km / s, datatype: float64}
# delimiter: ','
# meta: !!omap
# - __serialized_columns__:
#     dec:
#       __class__: astropy.coordinates.angles.Latitude
#       unit: &id001 !astropy.units.Unit {unit: deg}
#       value: !astropy.table.SerializedColumn {name: dec}
#     distance:
#       __class__: astropy.coordinates.distances.Distance
#       unit: !astropy.units.Unit {unit: kpc}
#       value: !astropy.table.SerializedColumn {name: distance}
#     pm_dec:
#       __class__: astropy.units.quantity.Quantity
#       unit: !astropy.units.Unit {unit: mas / yr}
#       value: !astropy.table.SerializedColumn {name: pm_dec}
#     pm_ra_cosdec:
#       __class__: astropy.units.quantity.Quantity
#       unit: !astropy.units.Unit {unit: mas / yr}
#       value: !astropy.table.SerializedColumn {name: pm_ra_cosdec}
#     ra:
#       __class__: astropy.coordinates.angles.Longitude
#       unit: *id001
#       value: !astropy.table.SerializedColumn {name: ra}
#       wrap_angle: !astropy.coordinates.Angle
#         unit: *id001
#         value: 360.0
#     radial_velocity:
#       __class__: astropy.units.quantity.Quantity
#       unit: !astropy.units.Unit {unit: km / s}
#       value: !astropy.table.SerializedColumn {name: radial_velocity}
# schema: astropy-2.0
ra,dec,distance,pm_ra_cosdec,pm_dec,radial_velocity
[from data line 697]
26.52890069574055,-25.820030461218177,19.999999999999986,0.0,0.0,0.0
26.538608810925144,-25.824970287017187,19.999999999999986,0.0,0.0,0.0
26.548313593375088,-25.82991753943181,19.999999999999982,0.0,0.0,0.0
26.55801504261134,-25.834872223140277,19.999999999999986,0.0,0.0,0.0
26.567713158155364,-25.839834342821096,19.999999999999986,0.0,0.0,0.0
26.577407939529017,-25.8448039031531,19.999999999999986,0.0,0.0,0.0
26.58709938625464,-25.84978090881536,19.999999999999982,0.0,0.0,0.0
26.596787497855022,-25.854765364487278,19.999999999999986,0.0,0.0,0.0
26.606472273853363,-25.85975727484849,19.999999999999982,0.0,0.0,0.0
26.616153713773333,-25.86475664457896,19.99999999999998,0.0,0.0,0.0
26.62583181713903,-25.86976347835891,19.999999999999986,0.0,0.0,0.0
26.635506583474978,-25.874777780868854,19.999999999999986,0.0,0.0,0.0
26.645178012306165,-25.87979955678959,19.999999999999982,0.0,0.0,0.0
26.654846103157983,-25.88482881080218,19.999999999999986,0.0,0.0,0.0
26.66451085555625,-25.88986554758799,19.99999999999998,0.0,0.0,0.0
26.67417226902724,-25.894909771828647,19.999999999999982,0.0,0.0,0.0
26.683830343097632,-25.899961488206078,19.999999999999986,0.0,0.0,0.0
26.693485077294508,-25.905020701402453,19.999999999999982,0.0,0.0,0.0
26.703136471145402,-25.91008741610028,19.999999999999986,0.0,0.0,0.0
26.71278452417826,-25.915161636982276,19.999999999999986,0.0,0.0,0.0
26.722429235921425,-25.920243368731484,19.999999999999986,0.0,0.0,0.0
26.732070605903676,-25.9253326160312,19.999999999999986,0.0,0.0,0.0
26.741708633654174,-25.930429383565013,19.999999999999986,0.0,0.0,0.0
26.75134331870251,-25.93553367601677,19.999999999999982,0.0,0.0,0.0
26.760974660578665,-25.940645498070598,19.99999999999998,0.0,0.0,0.0
26.770602658813036,-25.9457648544109,19.999999999999982,0.0,0.0,0.0
26.78022731293642,-25.950891749722352,19.99999999999998,0.0,0.0,0.0
26.789848622479994,-25.95602618868992,19.999999999999982,0.0,0.0,0.0
26.79946658697535,-25.96116817599879,19.999999999999986,0.0,0.0,0.0
26.809081205954463,-25.966317716334494,19.999999999999986,0.0,0.0,0.0
26.818692478949707,-25.971474814382784,19.999999999999986,0.0,0.0,0.0
26.828300405493835,-25.97663947482968,19.999999999999982,0.0,0.0,0.0
26.837904985119987,-25.98181170236149,19.99999999999998,0.0,0.0,0.0
26.847506217361687,-25.986991501664804,19.99999999999998,0.0,0.0,0.0
26.857104101752842,-25.992178877426458,19.999999999999982,0.0,0.0,0.0
26.866698637827735,-25.99737383433356,19.99999999999998,0.0,0.0,0.0
26.876289825121034,-26.002576377073485,19.999999999999986,0.0,0.0,0.0
26.88587766316777,-26.007786510333883,19.99999999999998,0.0,0.0,0.0
26.89546215150333,-26.013004238802658,19.999999999999982,0.0,0.0,0.0
26.90504328966352,-26.018229567168,19.99999999999998,0.0,0.0,0.0
26.914621077184453,-26.023462500118335,19.99999999999998,0.0,0.0,0.0
26.92419551360263,-26.028703042342386,19.99999999999998,0.0,0.0,0.0
26.93376659845492,-26.033951198529113,19.999999999999982,0.0,0.0,0.0
26.943334331278546,-26.039206973367744,19.99999999999998,0.0,0.0,0.0
26.952898711611084,-26.04447037154779,19.99999999999998,0.0,0.0,0.0
26.96245973899046,-26.049741397758993,19.999999999999982,0.0,0.0,0.0
26.972017412954965,-26.05502005669139,19.99999999999998,0.0,0.0,0.0
26.98157173304321,-26.06030635303524,19.999999999999982,0.0,0.0,0.0
26.9911226987942,-26.0656002914811,19.99999999999998,0.0,0.0,0.0
27.000670309747218,-26.070901876719763,19.99999999999998,0.0,0.0,0.0
27.01021456544194,-26.076211113442294,19.999999999999986,0.0,0.0,0.0
27.019755465418374,-26.08152800634,19.999999999999982,0.0,0.0,0.0
27.02929300921684,-26.086852560104468,19.99999999999998,0.0,0.0,0.0
27.038827196378,-26.09218477942752,19.999999999999982,0.0,0.0,0.0
27.048358026442862,-26.09752466900125,19.99999999999998,0.0,0.0,0.0
27.057885498952746,-26.102872233518,19.999999999999986,0.0,0.0,0.0
27.0674096134493,-26.108227477670365,19.999999999999982,0.0,0.0,0.0
27.076930369474493,-26.11359040615121,19.999999999999982,0.0,0.0,0.0
27.086447766570622,-26.11896102365364,19.999999999999982,0.0,0.0,0.0
27.095961804280297,-26.124339334871014,19.99999999999998,0.0,0.0,0.0
27.10547248214644,-26.129725344496954,19.999999999999986,0.0,0.0,0.0
27.114979799712298,-26.13511905722532,19.999999999999982,0.0,0.0,0.0
27.124483756521407,-26.140520477750236,19.999999999999982,0.0,0.0,0.0
27.133984352117636,-26.14592961076606,19.99999999999998,0.0,0.0,0.0
27.143481586045123,-26.151346460967435,19.99999999999998,0.0,0.0,0.0
27.152975457848356,-26.156771033049203,19.99999999999998,0.0,0.0,0.0
27.162465967072073,-26.162203331706507,19.99999999999998,0.0,0.0,0.0
27.17195311326134,-26.16764336163471,19.99999999999998,0.0,0.0,0.0
27.18143689596151,-26.17309112752942,19.99999999999998,0.0,0.0,0.0
27.190917314718227,-26.1785466340865,19.99999999999998,0.0,0.0,0.0
27.20039436907742,-26.184009886002062,19.99999999999998,0.0,0.0,0.0
27.209868058585304,-26.18948088797247,19.999999999999982,0.0,0.0,0.0
27.219338382788386,-26.194959644694322,19.99999999999998,0.0,0.0,0.0
27.22880534123345,-26.20044616086445,19.999999999999982,0.0,0.0,0.0
27.23826893346756,-26.205940441179973,19.99999999999998,0.0,0.0,0.0
27.247729159038037,-26.21144249033819,19.99999999999998,0.0,0.0,0.0
27.25718601749251,-26.21695231303671,19.99999999999998,0.0,0.0,0.0
27.26663950837883,-26.222469913973335,19.999999999999982,0.0,0.0,0.0
27.27608963124518,-26.227995297846135,19.99999999999998,0.0,0.0,0.0
27.28553638563994,-26.23352846935341,19.999999999999982,0.0,0.0,0.0
27.29497977111181,-26.2390694331937,19.99999999999998,0.0,0.0,0.0
27.30441978720971,-26.244618194065794,19.99999999999998,0.0,0.0,0.0
27.313856433482822,-26.250174756668702,19.99999999999998,0.0,0.0,0.0
27.323289709480605,-26.255739125701695,19.999999999999982,0.0,0.0,0.0
27.332719614752758,-26.261311305864282,19.99999999999998,0.0,0.0,0.0
27.342146148849203,-26.26689130185618,19.99999999999998,0.0,0.0,0.0
27.351569311320148,-26.272479118377372,19.99999999999998,0.0,0.0,0.0
27.360989101716015,-26.27807476012807,19.999999999999982,0.0,0.0,0.0
27.370405519587486,-26.28367823180873,19.99999999999998,0.0,0.0,0.0
27.379818564485472,-26.28928953812,19.999999999999982,0.0,0.0,0.0
27.38922823596111,-26.29490868376282,19.999999999999986,0.0,0.0,0.0
27.39863453356579,-26.30053567343834,19.99999999999998,0.0,0.0,0.0
27.40803745685111,-26.306170511847924,19.99999999999998,0.0,0.0,0.0
27.417437005368907,-26.311813203693198,19.999999999999982,0.0,0.0,0.0
27.426833178671234,-26.31746375367601,19.99999999999998,0.0,0.0,0.0
27.436225976310375,-26.323122166498425,19.99999999999998,0.0,0.0,0.0
27.44561539783882,-26.328788446862763,19.999999999999982,0.0,0.0,0.0
27.4550014428093,-26.33446259947156,19.99999999999998,0.0,0.0,0.0
27.464384110774724,-26.340144629027577,19.99999999999998,0.0,0.0,0.0
27.47376340128823,-26.345834540233817,19.99999999999998,0.0,0.0,0.0
27.48313931390316,-26.351532337793493,19.99999999999998,0.0,0.0,0.0
27.492511848173066,-26.35723802641006,19.99999999999998,0.0,0.0,0.0
27.50188100365169,-26.362951610787206,19.999999999999982,0.0,0.0,0.0
27.51124677989298,-26.368673095628836,19.99999999999998,0.0,0.0,0.0
27.520609176451075,-26.374402485639056,19.99999999999998,0.0,0.0,0.0
27.52996819288031,-26.380139785522253,19.999999999999982,0.0,0.0,0.0
27.539323828735224,-26.385884999982984,19.99999999999998,0.0,0.0,0.0
27.54867608357051,-26.391638133726058,19.99999999999998,0.0,0.0,0.0
27.55802495694108,-26.397399191456493,19.99999999999998,0.0,0.0,0.0
27.567370448402013,-26.403168177879557,19.999999999999986,0.0,0.0,0.0
27.57671255750856,-26.40894509770071,19.99999999999998,0.0,0.0,0.0
27.586051283816147,-26.41472995562563,19.999999999999986,0.0,0.0,0.0
27.5953866268804,-26.420522756360253,19.999999999999986,0.0,0.0,0.0
27.60471858625708,-26.4263235046107,19.99999999999998,0.0,0.0,0.0
27.614047161502135,-26.432132205083324,19.999999999999982,0.0,0.0,0.0
27.62337235217167,-26.437948862484692,19.999999999999982,0.0,0.0,0.0
27.632694157821962,-26.443773481521585,19.99999999999998,0.0,0.0,0.0
27.642012578009435,-26.449606066901026,19.99999999999998,0.0,0.0,0.0
27.65132761229067,-26.45544662333022,19.99999999999998,0.0,0.0,0.0
27.660639260222403,-26.461295155516613,19.99999999999998,0.0,0.0,0.0
27.669947521361536,-26.46715166816786,19.99999999999998,0.0,0.0,0.0
27.67925239526508,-26.473016165991833,19.99999999999998,0.0,0.0,0.0
27.688553881490215,-26.47888865369661,19.999999999999982,0.0,0.0,0.0
27.69785197959427,-26.484769135990476,19.999999999999982,0.0,0.0,0.0
27.707146689134696,-26.49065761758197,19.99999999999998,0.0,0.0,0.0
27.716438009669083,-26.496554103179786,19.999999999999982,0.0,0.0,0.0
27.725725940755154,-26.50245859749286,19.999999999999982,0.0,0.0,0.0
27.735010481950763,-26.50837110523036,19.99999999999998,0.0,0.0,0.0
27.74429163281388,-26.514291631101603,19.999999999999986,0.0,0.0,0.0
27.753569392902627,-26.520220179816196,19.99999999999998,0.0,0.0,0.0
27.7628437617752,-26.526156756083882,19.99999999999998,0.0,0.0,0.0
27.772114738989966,-26.532101364614654,19.999999999999982,0.0,0.0,0.0
27.781382324105355,-26.538054010118707,19.999999999999982,0.0,0.0,0.0
27.790646516679953,-26.54401469730643,19.99999999999998,0.0,0.0,0.0
27.79990731627241,-26.54998343088843,19.99999999999998,0.0,0.0,0.0
27.80916472244152,-26.55596021557551,19.99999999999998,0.0,0.0,0.0
27.81841873474616,-26.561945056078702,19.99999999999998,0.0,0.0,0.0
27.82766935274532,-26.567937957109216,19.99999999999998,0.0,0.0,0.0
27.83691657599805,-26.57393892337847,19.999999999999982,0.0,0.0,0.0
27.84616040406355,-26.579947959598098,19.99999999999998,0.0,0.0,0.0
27.85540083650106,-26.585965070479933,19.99999999999998,0.0,0.0,0.0
27.864637872869938,-26.591990260736004,19.999999999999982,0.0,0.0,0.0
27.8738715127296,-26.598023535078546,19.99999999999998,0.0,0.0,0.0
27.88310175563958,-26.604064898219992,19.99999999999998,0.0,0.0,0.0
27.892328601159438,-26.61011435487297,19.999999999999982,0.0,0.0,0.0
27.901552048848863,-26.616171909750328,19.999999999999982,0.0,0.0,0.0
27.910772098267586,-26.62223756756509,19.999999999999982,0.0,0.0,0.0
27.91998874897542,-26.62831133303049,19.99999999999998,0.0,0.0,0.0
27.92920200053221,-26.634393210859958,19.999999999999982,0.0,0.0,0.0
27.938411852497907,-26.64048320576711,19.99999999999998,0.0,0.0,0.0
27.94761830443251,-26.646581322465785,19.999999999999982,0.0,0.0,0.0
27.95682135589605,-26.65268756566999,19.999999999999982,0.0,0.0,0.0
27.966021006448642,-26.658801940093948,19.99999999999998,0.0,0.0,0.0
27.975217255650435,-26.664924450452045,19.99999999999998,0.0,0.0,0.0
27.98441010306163,-26.671055101458904,19.99999999999998,0.0,0.0,0.0
27.993599548242464,-26.67719389782932,19.99999999999998,0.0,0.0,0.0
28.002785590753216,-26.68334084427825,19.99999999999998,0.0,0.0,0.0
28.01196823015423,-26.689495945520914,19.99999999999998,0.0,0.0,0.0
28.021147466005836,-26.69565920627264,19.999999999999982,0.0,0.0,0.0
28.030323297868435,-26.701830631249024,19.999999999999982,0.0,0.0,0.0
28.039495725302434,-26.70801022516579,19.99999999999998,0.0,0.0,0.0
28.048664747868276,-26.71419799273889,19.999999999999982,0.0,0.0,0.0
28.057830365126424,-26.72039393868445,19.99999999999998,0.0,0.0,0.0
28.066992576637354,-26.726598067718783,19.999999999999982,0.0,0.0,0.0
28.07615138196157,-26.73281038455839,19.99999999999998,0.0,0.0,0.0
28.085306780659568,-26.739030893919967,19.99999999999998,0.0,0.0,0.0
28.094458772291873,-26.745259600520384,19.99999999999998,0.0,0.0,0.0
28.103607356418994,-26.751496509076695,19.999999999999982,0.0,0.0,0.0
28.11275253260147,-26.757741624306167,19.999999999999982,0.0,0.0,0.0
28.121894300399813,-26.763994950926197,19.999999999999982,0.0,0.0,0.0
28.13103265937455,-26.770256493654436,19.999999999999982,0.0,0.0,0.0
28.140167609086195,-26.77652625720864,19.999999999999982,0.0,0.0,0.0
28.14929914909524,-26.78280424630681,19.99999999999998,0.0,0.0,0.0
28.158427278962172,-26.7890904656671,19.999999999999982,0.0,0.0,0.0
28.167551998247486,-26.795384920007844,19.999999999999982,0.0,0.0,0.0
28.176673306511606,-26.80168761404757,19.999999999999982,0.0,0.0,0.0
28.185791203314977,-26.807998552504966,19.99999999999998,0.0,0.0,0.0
28.194905688217986,-26.814317740098918,19.99999999999998,0.0,0.0,0.0
28.20401676078102,-26.820645181548485,19.99999999999998,0.0,0.0,0.0
28.2131244205644,-26.826980881572872,19.999999999999982,0.0,0.0,0.0
28.222228667128434,-26.83332484489152,19.999999999999982,0.0,0.0,0.0
28.23132950003339,-26.83967707622401,19.99999999999998,0.0,0.0,0.0
28.24042691883947,-26.846037580290098,19.999999999999982,0.0,0.0,0.0
28.249520923106857,-26.852406361809717,19.99999999999998,0.0,0.0,0.0
28.258611512395667,-26.858783425502974,19.999999999999982,0.0,0.0,0.0
28.26769868626598,-26.86516877609017,19.99999999999998,0.0,0.0,0.0
28.27678244427778,-26.871562418291735,19.999999999999982,0.0,0.0,0.0
28.285862785991053,-26.877964356828315,19.999999999999982,0.0,0.0,0.0
28.294939710965654,-26.88437459642072,19.999999999999982,0.0,0.0,0.0
28.30401321876143,-26.890793141789896,19.99999999999998,0.0,0.0,0.0
28.313083308938122,-26.897219997656993,19.999999999999982,0.0,0.0,0.0
28.322149981055407,-26.903655168743338,19.99999999999998,0.0,0.0,0.0
28.331213234672898,-26.91009865977039,19.99999999999998,0.0,0.0,0.0
28.340273069350093,-26.916550475459797,19.999999999999982,0.0,0.0,0.0
28.34932948464645,-26.92301062053339,19.999999999999982,0.0,0.0,0.0
28.358382480121325,-26.929479099713134,19.99999999999998,0.0,0.0,0.0
28.367432055333957,-26.93595591772119,19.99999999999998,0.0,0.0,0.0
28.376478209843526,-26.942441079279863,19.99999999999998,0.0,0.0,0.0
28.385520943209098,-26.94893458911165,19.999999999999982,0.0,0.0,0.0
28.39456025498965,-26.955436451939168,19.99999999999998,0.0,0.0,0.0
28.403596144744043,-26.96194667248523,19.999999999999982,0.0,0.0,0.0
28.41262861203103,-26.96846525547281,19.99999999999998,0.0,0.0,0.0
28.421657656409263,-26.974992205625046,19.999999999999982,0.0,0.0,0.0
28.430683277437268,-26.98152752766522,19.999999999999982,0.0,0.0,0.0
28.439705474673463,-26.988071226316787,19.99999999999998,0.0,0.0,0.0
28.448724247676157,-26.994623306303364,19.99999999999998,0.0,0.0,0.0
28.4577395960035,-27.00118377234873,19.999999999999986,0.0,0.0,0.0
28.466751519213535,-27.007752629176803,19.99999999999998,0.0,0.0,0.0
28.475760016864168,-27.014329881511692,19.99999999999998,0.0,0.0,0.0
28.48476508851319,-27.020915534077627,19.999999999999986,0.0,0.0,0.0
28.493766733718218,-27.027509591599028,19.999999999999982,0.0,0.0,0.0
28.50276495203675,-27.034112058800442,19.999999999999982,0.0,0.0,0.0
28.511759743026133,-27.040722940406603,19.99999999999998,0.0,0.0,0.0
28.520751106243562,-27.047342241142356,19.999999999999982,0.0,0.0,0.0
28.529739041246092,-27.053969965732758,19.999999999999982,0.0,0.0,0.0
28.538723547590592,-27.060606118902967,19.99999999999998,0.0,0.0,0.0
28.547704624833816,-27.067250705378314,19.99999999999998,0.0,0.0,0.0
28.556682272532303,-27.073903729884304,19.999999999999982,0.0,0.0,0.0
28.565656490242468,-27.080565197146548,19.99999999999998,0.0,0.0,0.0
28.57462727752053,-27.08723511189084,19.99999999999998,0.0,0.0,0.0
28.583594633922537,-27.09391347884313,19.999999999999982,0.0,0.0,0.0
28.592558559004377,-27.10060030272949,19.999999999999982,0.0,0.0,0.0
28.601519052321745,-27.10729558827616,19.999999999999982,0.0,0.0,0.0
28.610476113430135,-27.113999340209517,19.99999999999998,0.0,0.0,0.0
28.619429741884872,-27.120711563256094,19.999999999999982,0.0,0.0,0.0
28.628379937241093,-27.12743226214258,19.999999999999982,0.0,0.0,0.0
28.637326699053716,-27.134161441595772,19.999999999999982,0.0,0.0,0.0
28.646270026877485,-27.14089910634266,19.999999999999982,0.0,0.0,0.0
28.65520992026693,-27.147645261110355,19.99999999999998,0.0,0.0,0.0
28.664146378776366,-27.15439991062611,19.999999999999982,0.0,0.0,0.0
28.67307940195991,-27.16116305961732,19.99999999999998,0.0,0.0,0.0
28.682008989371454,-27.16793471281154,19.999999999999982,0.0,0.0,0.0
