galstreams/tracks/track.ep.Ravi.shipp2018.ecsv
# %ECSV 0.9
# ---
# datatype:
# - {name: ra, unit: deg, datatype: float64}
# - {name: dec, unit: deg, datatype: float64}
# - {name: distance, unit: kpc, datatype: float64}
# - {name: pm_ra_cosdec, unit: mas / yr, datatype: float64}
# - {name: pm_dec, unit: mas / yr, datatype: float64}
# - {name: radial_velocity, unit: km / s, datatype: float64}
# delimiter: ','
# meta: !!omap
# - __serialized_columns__:
#     dec:
#       __class__: astropy.coordinates.angles.Latitude
#       unit: &id001 !astropy.units.Unit {unit: deg}
#       value: !astropy.table.SerializedColumn {name: dec}
#     distance:
#       __class__: astropy.coordinates.distances.Distance
#       unit: !astropy.units.Unit {unit: kpc}
#       value: !astropy.table.SerializedColumn {name: distance}
#     pm_dec:
#       __class__: astropy.units.quantity.Quantity
#       unit: !astropy.units.Unit {unit: mas / yr}
#       value: !astropy.table.SerializedColumn {name: pm_dec}
#     pm_ra_cosdec:
#       __class__: astropy.units.quantity.Quantity
#       unit: !astropy.units.Unit {unit: mas / yr}
#       value: !astropy.table.SerializedColumn {name: pm_ra_cosdec}
#     ra:
#       __class__: astropy.coordinates.angles.Longitude
#       unit: *id001
#       value: !astropy.table.SerializedColumn {name: ra}
#       wrap_angle: !astropy.coordinates.Angle
#         unit: *id001
#         value: 360.0
#     radial_velocity:
#       __class__: astropy.units.quantity.Quantity
#       unit: !astropy.units.Unit {unit: km / s}
#       value: !astropy.table.SerializedColumn {name: radial_velocity}
# schema: astropy-2.0
ra,dec,distance,pm_ra_cosdec,pm_dec,radial_velocity
334.8,-44.10000000000001,22.9,0.0,0.0,0.0
334.8328401056728,-44.17983010578004,22.900000000000002,0.0,0.0,0.0
334.8657692556893,-44.259650778459715,22.9,0.0,0.0,0.0
334.89878793041726,-44.33946196602633,22.9,0.0,0.0,0.0
334.93189661335964,-44.41926361611632,22.9,0.0,0.0,0.0
334.96509579118066,-44.4990556760124,22.9,0.0,0.0,0.0
334.9983859537315,-44.57883809264039,22.9,0.0,0.0,0.0
335.03176759407637,-44.65861081256633,22.900000000000002,0.0,0.0,0.0
335.0652412085192,-44.73837378199333,22.9,0.0,0.0,0.0
335.09880729662956,-44.818126946758305,22.9,0.0,0.0,0.0
335.13246636127025,-44.897870252329156,22.9,0.0,0.0,0.0
335.1662189086242,-44.97760364380136,22.9,0.0,0.0,0.0
335.2000654482215,-45.057327065894874,22.9,0.0,0.0,0.0
335.2340064929676,-45.13704046295083,22.9,0.0,0.0,0.0
335.26804255917057,-45.21674377892833,22.900000000000002,0.0,0.0,0.0
335.30217416656996,-45.296436957401134,22.9,0.0,0.0,0.0
335.3364018383647,-45.37611994155427,22.9,0.0,0.0,0.0
335.370726101242,-45.4557926741808,22.9,0.0,0.0,0.0
335.40514748540613,-45.53545509767815,22.9,0.0,0.0,0.0
335.4396665246083,-45.615107154045056,22.9,0.0,0.0,0.0
335.4742837561752,-45.6947487848778,22.9,0.0,0.0,0.0
335.5089997210398,-45.774379931366845,22.9,0.0,0.0,0.0
335.54381496377084,-45.85400053429319,22.9,0.0,0.0,0.0
335.5787300326033,-45.933610534024915,22.900000000000002,0.0,0.0,0.0
335.6137454794693,-46.01320987051347,22.900000000000002,0.0,0.0,0.0
335.6488618600289,-46.09279848329006,22.9,0.0,0.0,0.0
335.6840797337015,-46.172376311462045,22.9,0.0,0.0,0.0
335.71939966369723,-46.251943293708926,22.900000000000002,0.0,0.0,0.0
335.75482221704897,-46.331499368279,22.900000000000002,0.0,0.0,0.0
335.7903479646447,-46.4110444729852,22.9,0.0,0.0,0.0
335.82597748125954,-46.490578545201494,22.9,0.0,0.0,0.0
335.8617113455891,-46.57010152185885,22.9,0.0,0.0,0.0
335.89755014028225,-46.64961333944137,22.9,0.0,0.0,0.0
335.93349445197475,-46.72911393398238,22.9,0.0,0.0,0.0
335.96954487132285,-46.80860324106031,22.9,0.0,0.0,0.0
336.0057019930378,-46.88808119579483,22.9,0.0,0.0,0.0
336.0419664159197,-46.967547732842434,22.9,0.0,0.0,0.0
336.0783387428929,-47.047002786392746,22.900000000000002,0.0,0.0,0.0
336.1148195810406,-47.12644629016404,22.9,0.0,0.0,0.0
336.1514095416407,-47.20587817739915,22.900000000000002,0.0,0.0,0.0
336.1881092402013,-47.28529838086116,22.9,0.0,0.0,0.0
336.22491929649726,-47.3647068328291,22.900000000000002,0.0,0.0,0.0
336.26184033460623,-47.444103465093654,22.900000000000002,0.0,0.0,0.0
336.29887298294574,-47.52348820895273,22.900000000000002,0.0,0.0,0.0
336.3360178743108,-47.602860995207045,22.9,0.0,0.0,0.0
336.3732756459107,-47.68222175415546,22.9,0.0,0.0,0.0
336.4106469394078,-47.76157041559077,22.9,0.0,0.0,0.0
336.4481324009554,-47.84090690879491,22.9,0.0,0.0,0.0
336.4857326812365,-47.920231162534336,22.900000000000002,0.0,0.0,0.0
336.52344843550327,-47.99954310505538,22.9,0.0,0.0,0.0
336.5612803236159,-48.07884266407955,22.900000000000002,0.0,0.0,0.0
336.5992290100832,-48.158129766798666,22.900000000000002,0.0,0.0,0.0
336.63729516410234,-48.2374043398702,22.9,0.0,0.0,0.0
336.6754794595998,-48.31666630941206,22.9,0.0,0.0,0.0
336.7137825752725,-48.39591560099805,22.900000000000002,0.0,0.0,0.0
336.75220519462897,-48.475152139652685,22.9,0.0,0.0,0.0
336.7907480060317,-48.55437584984614,22.9,0.0,0.0,0.0
336.8294117027392,-48.63358665548922,22.900000000000002,0.0,0.0,0.0
336.8681969829487,-48.712784479928146,22.899999999999995,0.0,0.0,0.0
336.9071045498395,-48.79196924593946,22.9,0.0,0.0,0.0
336.9461351116164,-48.87114087572463,22.9,0.0,0.0,0.0
336.9852893815541,-48.9502992909049,22.900000000000002,0.0,0.0,0.0
337.02456807804106,-49.02944441251562,22.9,0.0,0.0,0.0
337.063971924625,-49.10857616100124,22.9,0.0,0.0,0.0
337.1035016500582,-49.18769445620948,22.9,0.0,0.0,0.0
337.14315798834303,-49.26679921738595,22.9,0.0,0.0,0.0
337.18294167877855,-49.34589036316846,22.9,0.0,0.0,0.0
337.222853466007,-49.424967811581375,22.9,0.0,0.0,0.0
337.2628941000614,-49.50403148002992,22.900000000000002,0.0,0.0,0.0
337.30306433641294,-49.58308128529432,22.9,0.0,0.0,0.0
337.3433649360194,-49.66211714352409,22.9,0.0,0.0,0.0
337.38379666537355,-49.741138970231766,22.9,0.0,0.0,0.0
337.4243602965527,-49.82014668028738,22.900000000000002,0.0,0.0,0.0
337.46505660726814,-49.89914018791212,22.900000000000002,0.0,0.0,0.0
337.50588638091534,-49.97811940667224,22.9,0.0,0.0,0.0
337.5468504066245,-50.05708424947298,22.900000000000002,0.0,0.0,0.0
337.5879494793122,-50.136034628552196,22.9,0.0,0.0,0.0
337.6291843997326,-50.214970455474116,22.9,0.0,0.0,0.0
337.67055597453003,-50.293891641122904,22.9,0.0,0.0,0.0
337.71206501629155,-50.3727980956963,22.9,0.0,0.0,0.0
337.7537123436005,-50.451689728698824,22.9,0.0,0.0,0.0
337.7954987810901,-50.53056644893552,22.9,0.0,0.0,0.0
337.8374251594981,-50.60942816450504,22.9,0.0,0.0,0.0
337.87949231572156,-50.68827478279297,22.9,0.0,0.0,0.0
337.9217010928727,-50.76710621046503,22.9,0.0,0.0,0.0
337.96405234033443,-50.84592235346007,22.900000000000002,0.0,0.0,0.0
338.00654691381766,-50.92472311698316,22.9,0.0,0.0,0.0
338.0491856754181,-51.003508405498565,22.9,0.0,0.0,0.0
338.0919694936743,-51.08227812272257,22.9,0.0,0.0,0.0
338.1348992436261,-51.16103217161613,22.9,0.0,0.0,0.0
338.1779758068736,-51.23977045437782,22.9,0.0,0.0,0.0
338.2212000716369,-51.31849287243631,22.900000000000002,0.0,0.0,0.0
338.26457293281624,-51.39719932644289,22.9,0.0,0.0,0.0
338.308095292053,-51.47588971626397,22.900000000000006,0.0,0.0,0.0
338.35176805779116,-51.55456394097344,22.9,0.0,0.0,0.0
338.39559214533955,-51.633221898844894,22.900000000000002,0.0,0.0,0.0
338.43956847693437,-51.71186348734393,22.900000000000002,0.0,0.0,0.0
338.48369798180306,-51.7904886031202,22.9,0.0,0.0,0.0
338.52798159622785,-51.869097141999255,22.9,0.0,0.0,0.0
338.5724202636112,-51.947688998974805,22.9,0.0,0.0,0.0
338.6170149345406,-52.02626406820033,22.900000000000002,0.0,0.0,0.0
338.66176656685514,-52.10482224298086,22.9,0.0,0.0,0.0
338.706676125712,-52.18336341576462,22.900000000000002,0.0,0.0,0.0
338.75174458365433,-52.26188747813456,22.900000000000002,0.0,0.0,0.0
338.7969729206789,-52.34039432079987,22.900000000000002,0.0,0.0,0.0
338.84236212430545,-52.41888383358728,22.9,0.0,0.0,0.0
338.8879131896463,-52.49735590543235,22.900000000000002,0.0,0.0,0.0
338.9336271194766,-52.57581042437055,22.9,0.0,0.0,0.0
338.97950492430533,-52.654247277528434,22.900000000000002,0.0,0.0,0.0
339.02554762244716,-52.73266635111449,22.900000000000002,0.0,0.0,0.0
339.07175624009534,-52.81106753041,22.9,0.0,0.0,0.0
339.1181318113946,-52.88945069975983,22.9,0.0,0.0,0.0
339.1646753785157,-52.96781574256304,22.9,0.0,0.0,0.0
339.21138799172985,-53.04616254126334,22.9,0.0,0.0,0.0
339.2582707094849,-53.12449097733965,22.9,0.0,0.0,0.0
339.3053245984813,-53.202800931296224,22.900000000000002,0.0,0.0,0.0
339.35255073374987,-53.28109228265297,22.9,0.0,0.0,0.0
339.3999501987294,-53.359364909935486,22.900000000000002,0.0,0.0,0.0
339.44752408534595,-53.43761869066501,22.9,0.0,0.0,0.0
339.4952734940924,-53.51585350134825,22.9,0.0,0.0,0.0
339.54319953410896,-53.59406921746715,22.9,0.0,0.0,0.0
339.59130332326487,-53.67226571346845,22.9,0.0,0.0,0.0
339.63958598824024,-53.75044286275318,22.900000000000002,0.0,0.0,0.0
339.68804866460965,-53.82860053766602,22.9,0.0,0.0,0.0
339.736692496926,-53.906738609484535,22.900000000000002,0.0,0.0,0.0
339.7855186388054,-53.98485694840827,22.900000000000002,0.0,0.0,0.0
339.83452825301276,-54.062955423547706,22.900000000000002,0.0,0.0,0.0
339.88372251154897,-54.141033902913165,22.900000000000002,0.0,0.0,0.0
339.9331025957383,-54.21909225340346,22.9,0.0,0.0,0.0
339.98266969631686,-54.2971303407945,22.900000000000002,0.0,0.0,0.0
340.0324250135222,-54.37514802972772,22.9,0.0,0.0,0.0
340.0823697571839,-54.45314518369844,22.900000000000006,0.0,0.0,0.0
340.13250514681465,-54.53112166504394,22.9,0.0,0.0,0.0
340.1828324117029,-54.609077334931584,22.900000000000002,0.0,0.0,0.0
340.2333527910061,-54.68701205334661,22.9,0.0,0.0,0.0
340.28406753384513,-54.76492567907997,22.9,0.0,0.0,0.0
340.3349778993994,-54.84281806971582,22.9,0.0,0.0,0.0
340.38608515700355,-54.920689081619024,22.9,0.0,0.0,0.0
340.43739058624465,-54.998538569922424,22.900000000000002,0.0,0.0,0.0
340.48889547706045,-55.076366388514,22.9,0.0,0.0,0.0
340.5406011298393,-55.15417239002383,22.9,0.0,0.0,0.0
340.59250885552007,-55.231956425810935,22.9,0.0,0.0,0.0
340.6446199756944,-55.30971834594994,22.9,0.0,0.0,0.0
340.69693582270867,-55.387457999217574,22.9,0.0,0.0,0.0
340.7494577397684,-55.465175233079044,22.9,0.0,0.0,0.0
340.8021870810427,-55.54286989367417,22.9,0.0,0.0,0.0
340.85512521177026,-55.62054182580344,22.900000000000002,0.0,0.0,0.0
340.90827350836673,-55.698190872913834,22.9,0.0,0.0,0.0
340.9616333585328,-55.77581687708445,22.9,0.0,0.0,0.0
341.0152061613636,-55.853419679012106,22.900000000000002,0.0,0.0,0.0
341.0689933274592,-55.930999117996556,22.900000000000002,0.0,0.0,0.0
341.1229962790366,-56.00855503192567,22.900000000000006,0.0,0.0,0.0
341.1772164500424,-56.08608725726037,22.900000000000002,0.0,0.0,0.0
341.2316552862671,-56.163595629019454,22.9,0.0,0.0,0.0
341.2863142454603,-56.24107998076414,22.9,0.0,0.0,0.0
341.34119479744743,-56.318540144582464,22.9,0.0,0.0,0.0
341.3962984242478,-56.395975951073474,22.9,0.0,0.0,0.0
341.451626620193,-56.4733872293313,22.9,0.0,0.0,0.0
341.50718089204804,-56.55077380692892,22.900000000000002,0.0,0.0,0.0
341.5629627591325,-56.62813550990177,22.9,0.0,0.0,0.0
341.6189737534436,-56.705472162731155,22.900000000000002,0.0,0.0,0.0
341.67521541978044,-56.78278358832752,22.9,0.0,0.0,0.0
341.7316893158695,-56.86006960801336,22.900000000000002,0.0,0.0,0.0
341.7883970124919,-56.93733004150608,22.9,0.0,0.0,0.0
341.84534009361107,-57.014564706900494,22.900000000000002,0.0,0.0,0.0
341.9025201565027,-57.09177342065127,22.9,0.0,0.0,0.0
341.959938811886,-57.168955997555024,22.9,0.0,0.0,0.0
342.0175976840556,-57.24611225073222,22.900000000000002,0.0,0.0,0.0
342.07549841101564,-57.3232419916089,22.9,0.0,0.0,0.0
342.1336426446149,-57.40034502989811,22.900000000000002,0.0,0.0,0.0
342.1920320506837,-57.47742117358113,22.9,0.0,0.0,0.0
342.25066830917154,-57.55447022888856,22.900000000000002,0.0,0.0,0.0
342.3095531142874,-57.63149200028092,22.9,0.0,0.0,0.0
342.36868817464,-57.70848629042929,22.9,0.0,0.0,0.0
342.428075213381,-57.78545290019552,22.9,0.0,0.0,0.0
342.48771596834894,-57.8623916286123,22.9,0.0,0.0,0.0
342.54761219221456,-57.9393022728629,22.9,0.0,0.0,0.0
342.60776565262836,-58.016184628260646,22.9,0.0,0.0,0.0
342.668178132369,-58.093038488228274,22.9,0.0,0.0,0.0
342.7288514294939,-58.16986364427686,22.9,0.0,0.0,0.0
342.78978735749075,-58.246659885984535,22.9,0.0,0.0,0.0
342.85098774543127,-58.323427000975016,22.900000000000002,0.0,0.0,0.0
342.9124544381264,-58.40016477489571,22.9,0.0,0.0,0.0
342.97418929628265,-58.47687299139569,22.900000000000002,0.0,0.0,0.0
343.03619419666086,-58.55355143210328,22.9,0.0,0.0,0.0
343.0984710322361,-58.63019987660344,22.9,0.0,0.0,0.0
343.1610217123595,-58.7068181024148,22.9,0.0,0.0,0.0
343.2238481629217,-58.7834058849664,22.9,0.0,0.0,0.0
343.2869523265178,-58.859962997574215,22.9,0.0,0.0,0.0
343.35033616261484,-58.93648921141727,22.9,0.0,0.0,0.0
343.41400164771966,-59.01298429551351,22.9,0.0,0.0,0.0
343.47795077554997,-59.08944801669543,22.9,0.0,0.0,0.0
343.5421855572063,-59.16588013958515,22.900000000000002,0.0,0.0,0.0
343.60670802134604,-59.242280426569494,22.9,0.0,0.0,0.0
343.6715202143591,-59.31864863777455,22.900000000000002,0.0,0.0,0.0
343.73662420054575,-59.39498453103988,22.9,0.0,0.0,0.0
343.8020220622962,-59.47128786189253,22.900000000000006,0.0,0.0,0.0
343.8677159002717,-59.54755838352058,22.9,0.0,0.0,0.0
343.9337078335879,-59.62379584674652,22.9,0.0,0.0,0.0
344.0,-59.7,22.9,0.0,0.0,0.0
