galstreams/tracks/track.st.Ylgr.ibata2021.ecsv
# %ECSV 0.9
# ---
# datatype:
# - {name: ra, unit: deg, datatype: float64}
# - {name: dec, unit: deg, datatype: float64}
# - {name: distance, unit: kpc, datatype: float64}
# - {name: pm_ra_cosdec, unit: mas / yr, datatype: float64}
# - {name: pm_dec, unit: mas / yr, datatype: float64}
# - {name: radial_velocity, unit: km / s, datatype: float64}
# delimiter: ','
# meta: !!omap
# - __serialized_columns__:
#     dec:
#       __class__: astropy.coordinates.angles.Latitude
#       unit: &id001 !astropy.units.Unit {unit: deg}
#       value: !astropy.table.SerializedColumn {name: dec}
#     distance:
#       __class__: astropy.coordinates.distances.Distance
#       unit: !astropy.units.Unit {unit: kpc}
#       value: !astropy.table.SerializedColumn {name: distance}
#     pm_dec:
#       __class__: astropy.units.quantity.Quantity
#       unit: !astropy.units.Unit {unit: mas / yr}
#       value: !astropy.table.SerializedColumn {name: pm_dec}
#     pm_ra_cosdec:
#       __class__: astropy.units.quantity.Quantity
#       unit: !astropy.units.Unit {unit: mas / yr}
#       value: !astropy.table.SerializedColumn {name: pm_ra_cosdec}
#     ra:
#       __class__: astropy.coordinates.angles.Longitude
#       unit: *id001
#       value: !astropy.table.SerializedColumn {name: ra}
#       wrap_angle: !astropy.coordinates.Angle
#         unit: *id001
#         value: 360.0
#     radial_velocity:
#       __class__: astropy.units.quantity.Quantity
#       unit: !astropy.units.Unit {unit: km / s}
#       value: !astropy.table.SerializedColumn {name: radial_velocity}
# schema: astropy-2.0
ra,dec,distance,pm_ra_cosdec,pm_dec,radial_velocity
[from data line 3670]
178.11937257004655,-31.74196946916306,11.402119256050693,-0.41420764792134646,-6.010837047607518,5.0524602779234026e-14
178.12359790359753,-31.75131495557775,11.401934356797279,-0.41426914282219074,-6.009750506333981,3.368306851948935e-14
178.1278237966844,-31.760660409714035,11.401746297390517,-0.4143305443694948,-6.008664825940218,6.73661370389787e-14
178.13205024972766,-31.770005831511114,11.401555075665618,-0.4143918523454684,-6.00758000689964,1.6841534259744676e-14
178.13627726314795,-31.779351220908197,11.401360689457787,-0.4144530665321796,-6.0064960496856425,3.368306851948935e-14
178.1405048373662,-31.78869657784447,11.40116313660224,-0.41451418671153817,-6.005412954771579,-1.6841534259744676e-14
178.14473297280347,-31.7980419022591,11.400962414934178,-0.4145752126653127,-6.004330722630781,5.0524602779234026e-14
178.14896166988106,-31.807387194091184,11.400758522288811,-0.41463614417511446,-6.003249353736555,3.368306851948935e-14
178.15319092902047,-31.816732453279844,11.40055145650135,-0.4146969810224103,-6.002168848562166,0.0
178.15742075064338,-31.826077679764133,11.400341215407005,-0.4147577229885152,-6.001089207580854,0.0
178.16165113517178,-31.835422873483118,11.40012779684098,-0.4148183698545924,-6.000010431265834,5.0524602779234026e-14
178.1658820830277,-31.8447680343758,11.399911198638486,-0.4148789214016601,-5.998932520090278,3.368306851948935e-14
178.17011359463353,-31.85411316238118,11.399691418634731,-0.4149393774105799,-5.997855474527347,1.6841534259744676e-14
178.17434567041175,-31.863458257438218,11.399468454664929,-0.41499973766206816,-5.9967792950501515,5.0524602779234026e-14
178.17857831078513,-31.87280331948585,11.39924230456428,-0.4150600019366878,-5.995703982131788,5.0524602779234026e-14
178.18281151617663,-31.882148348462998,11.399012966168,-0.4151201700148523,-5.994629536245313,1.6841534259744676e-14
178.18704528700934,-31.89149334430855,11.398780437311295,-0.4151802416768271,-5.993555957863754,6.73661370389787e-14
178.19127962370666,-31.900838306961354,11.39854471582937,-0.4152402167027224,-5.992483247460116,5.0524602779234026e-14
178.1955145266921,-31.910183236360247,11.398305799557438,-0.4153000948725013,-5.991411405507366,6.73661370389787e-14
178.1997499963895,-31.919528132444018,11.398063686330708,-0.415359875965972,-5.990340432478442,1.6841534259744676e-14
178.2039860332228,-31.92887299515147,11.397818373984387,-0.4154195597627962,-5.989270328846251,5.0524602779234026e-14
178.2082226376162,-31.938217824421333,11.397569860353684,-0.41547914604248126,-5.988201095083675,1.6841534259744676e-14
178.21245980999407,-31.947562620192343,11.397318143273807,-0.4155386345843859,-5.987132731663557,3.368306851948935e-14
178.21669755078102,-31.956907382403184,11.397063220579968,-0.4155980251677157,-5.986065239058714,0.0
178.22093586040185,-31.966252110992528,11.396805090107371,-0.4156573175715255,-5.984998617741937,-5.0524602779234026e-14
178.2251747392816,-31.975596805899034,11.396543749691228,-0.4157165115747183,-5.983932868185977,0.0
178.22941418784552,-31.984941467061297,11.396279197166747,-0.4157756069560454,-5.9828679908635625,0.0
178.23365420651896,-31.994286094417916,11.396011430369132,-0.4158346034941087,-5.981803986247389,5.0524602779234026e-14
178.23789479572764,-32.003630687907446,11.395740447133596,-0.4158935009673545,-5.980740854810116,1.6841534259744676e-14
178.24213595589737,-32.01297524746841,11.395466245295355,-0.41595229915407944,-5.979678597024376,0.0
178.24637768745424,-32.02231977303934,11.395188822689603,-0.41601099783242773,-5.978617213362778,1.6841534259744676e-14
178.25061999082448,-32.0316642645587,11.394908177151558,-0.41606959678039324,-5.977556704297889,-1.6841534259744676e-14
178.2548628664346,-32.041008721964936,11.39462430651643,-0.41612809577581417,-5.9764970703022495,-1.6841534259744676e-14
178.2591063147113,-32.05035314519649,11.39433720861942,-0.4161864945963788,-5.97543831184837,0.0
178.26335033608143,-32.059697534191734,11.394046881295742,-0.4162447930196226,-5.974380429408735,5.0524602779234026e-14
178.26759493097217,-32.06904188888905,11.393753322380604,-0.41630299082292804,-5.973323423455783,0.0
178.27184009981073,-32.0783862092268,11.393456529709216,-0.41636108778352793,-5.972267294461933,5.0524602779234026e-14
178.2760858430248,-32.08773049514327,11.393156501116783,-0.41641908367849695,-5.971212042899574,3.368306851948935e-14
178.28033216104197,-32.09707474657676,11.392853234438514,-0.41647697828476127,-5.970157669241061,3.368306851948935e-14
178.28457905429025,-32.106418963465515,11.392546727509622,-0.4165347713790928,-5.969104173958717,-1.6841534259744676e-14
178.28882652319783,-32.1157631457478,11.392236978165313,-0.41659246273811035,-5.968051557524829,3.368306851948935e-14
178.29307456819305,-32.12510729336179,11.391923984240796,-0.41665005213827944,-5.966999820411664,0.0
178.2973231897045,-32.13445140624569,11.391607743571274,-0.4167075393559128,-5.965948963091452,8.420767129872338e-14
178.301572388161,-32.14379548433761,11.39128825399197,-0.41676492416717126,-5.964898986036388,1.6841534259744676e-14
178.3058221639915,-32.1531395275757,11.39096551333808,-0.41682220634805883,-5.963849889718645,3.368306851948935e-14
178.3100725176253,-32.16248353589805,11.390639519444818,-0.4168793856744286,-5.962801674610352,1.6841534259744676e-14
178.31432344949172,-32.17182750924273,11.390310270147387,-0.41693646192197986,-5.961754341183618,3.368306851948935e-14
178.31857496002053,-32.18117144754777,11.389977763281001,-0.416993434866259,-5.960707889910514,0.0
178.32282704964152,-32.1905153507512,11.38964199668087,-0.4170503042826525,-5.9596623212630835,-1.6841534259744676e-14
178.32707971878474,-32.19985921879098,11.3893029681822,-0.41710706994640423,-5.958617635713335,3.368306851948935e-14
178.3313329678805,-32.20920305160507,11.388960675620197,-0.4171637316325939,-5.957573833733248,1.6841534259744676e-14
178.33558679735933,-32.218546849131414,11.388615116830076,-0.4172202891161515,-5.956530915794765,1.6841534259744676e-14
178.3398412076519,-32.227890611307906,11.38826628964704,-0.41727674217185196,-5.955488882369808,3.368306851948935e-14
178.34409619918907,-32.23723433807241,11.3879141919063,-0.4173330905743186,-5.954447733930256,1.1789073981821273e-13
178.3483517724021,-32.24657802936277,11.387558821443067,-0.4173893340980124,-5.953407470947959,1.6841534259744676e-14
178.35260792772223,-32.25592168511682,11.387200176092545,-0.41744547251725,-5.952368093894742,5.0524602779234026e-14
178.3568646655811,-32.26526530527233,11.386838253689943,-0.4175015056061857,-5.9513296032423915,1.6841534259744676e-14
178.36112198641044,-32.27460888976707,11.386473052070476,-0.41755743313882465,-5.950291999462661,5.0524602779234026e-14
178.3653798906423,-32.28395243853876,11.38610456906935,-0.41761325488901074,-5.949255283027275,0.0
178.36963837870877,-32.29329595152513,11.385732802521767,-0.41766897063044117,-5.94821945440793,1.6841534259744676e-14
178.37389745104235,-32.30263942866383,11.385357750262944,-0.41772458013665054,-5.947184514076281,0.0
178.3781571080757,-32.31198286989254,11.384979410128086,-0.41778008318102283,-5.946150462503959,5.0524602779234026e-14
178.38241735024164,-32.32132627514884,11.384597779952403,-0.41783547953678324,-5.945117300162559,-5.0524602779234026e-14
178.38667817797318,-32.33066964437035,11.384212857571098,-0.417890768977007,-5.944085027523649,-1.6841534259744676e-14
178.39093959170367,-32.340012977494645,11.383824640819387,-0.41794595127460654,-5.9430536450587566,3.368306851948935e-14
178.39520159186657,-32.349356274459225,11.383433127532479,-0.4180010262023461,-5.942023153239381,1.6841534259744676e-14
178.39946417889564,-32.35869953520162,11.383038315545578,-0.41805599353282946,-5.940993552536992,1.6841534259744676e-14
178.40372735322475,-32.36804275965931,11.382640202693894,-0.4181108530385058,-5.939964843423024,1.6841534259744676e-14
178.40799111528804,-32.377385947769746,11.382238786812634,-0.41816560449167084,-5.938937026368882,8.420767129872338e-14
178.41225546551993,-32.386729099470344,11.381834065737015,-0.41822024766445953,-5.9379101018459295,3.368306851948935e-14
178.41652040435497,-32.39607221469849,11.381426037302237,-0.41827478232885473,-5.936884070325511,-1.6841534259744676e-14
178.4207859322279,-32.40541529339158,11.381014699343512,-0.4183292082566821,-5.935858932278935,0.0
178.4250520495738,-32.41475833548694,11.380600049696046,-0.4183835252196098,-5.934834688177464,1.6841534259744676e-14
178.42931875682785,-32.42410134092186,11.380182086195047,-0.4184377329891507,-5.933811338492352,3.368306851948935e-14
178.43358605442555,-32.43344430963364,11.379760806675726,-0.4184918313366609,-5.932788883694794,6.73661370389787e-14
178.4378539428025,-32.44278724155952,11.3793362089733,-0.41854582003334106,-5.931767324255972,-5.0524602779234026e-14
178.4421224223946,-32.452130136636754,11.378908290922963,-0.4185996988502326,-5.930746660647028,1.6841534259744676e-14
178.44639149363795,-32.4614729948025,11.378477050359935,-0.41865346755822336,-5.929726893339071,-1.6841534259744676e-14
178.45066115696886,-32.47081581599393,11.378042485119417,-0.41870712592804044,-5.92870802280318,-1.6841534259744676e-14
178.45493141282387,-32.480158600148215,11.377604593036622,-0.4187606737302564,-5.9276900495103995,0.0
178.45920226163972,-32.48950134720245,11.377163371946756,-0.41881411073528707,-5.92667297393174,1.6841534259744676e-14
178.4634737038534,-32.4988440570937,11.376718819685031,-0.41886743671339044,-5.925656796538179,3.368306851948935e-14
178.46774573990209,-32.50818672975902,11.376270934086653,-0.41892065143466506,-5.924641517800663,0.0
178.47201837022317,-32.51752936513545,11.37581971298683,-0.4189737546690574,-5.923627138190108,-1.6841534259744676e-14
178.4762915952543,-32.52687196315997,11.375365154220777,-0.41902674618634833,-5.92261365817739,-3.368306851948935e-14
178.4805654154333,-32.536214523769566,11.374907255623693,-0.4190796257561701,-5.921601078233357,0.0
178.48483983119826,-32.545557046901166,11.374446015030792,-0.4191323931479889,-5.920589398828824,5.0524602779234026e-14
178.48911484298745,-32.55489953249167,11.373981430277283,-0.4191850481311202,-5.919578620434569,1.6841534259744676e-14
178.49339045123938,-32.56424198047795,11.373513499198376,-0.4192375904747152,-5.918568743521344,0.0
178.49766665639277,-32.573584390796896,11.373042219629276,-0.4192900199477707,-5.917559768559858,-1.6841534259744676e-14
178.50194345888656,-32.58292676338529,11.372567589405193,-0.41934233631912804,-5.916551696020795,-3.368306851948935e-14
178.5062208591599,-32.59226909817995,11.372089606361337,-0.4193945393574626,-5.915544526374802,0.0
178.51049885765224,-32.60161139511763,11.371608268332915,-0.41944662883129546,-5.914538260092492,0.0
178.51477745480312,-32.61095365413507,11.371123573155135,-0.4194986045089924,-5.9135328976444494,3.368306851948935e-14
178.51905665105238,-32.620295875168964,11.37063551866321,-0.4195504661587565,-5.912528439501217,-1.6841534259744676e-14
178.52333644684012,-32.62963805815602,11.370144102692342,-0.41960221354863125,-5.911524886133314,-3.368306851948935e-14
178.52761684260653,-32.63898020303286,11.369649323077748,-0.4196538464465056,-5.910522238011217,0.0
178.53189783879216,-32.64832230973611,11.369151177654627,-0.41970536462010766,-5.909520495605374,1.6841534259744676e-14
178.53617943583768,-32.657664378202334,11.3686496642582,-0.4197567678370027,-5.908519659386198,-6.73661370389787e-14
178.54046163418408,-32.667006408368174,11.368144780723659,-0.4198080558646025,-5.907519729824071,5.0524602779234026e-14
178.54474443427247,-32.67634840017008,11.367636524886226,-0.4198592284701568,-5.906520707389339,5.0524602779234026e-14
178.54902783654427,-32.68569035354457,11.36712489458111,-0.41991028542075515,-5.905522592552309,1.6841534259744676e-14
178.553311841441,-32.69503226842815,11.366609887643511,-0.4199612264833331,-5.904525385783263,1.6841534259744676e-14
178.5575964494046,-32.70437414475723,11.366091501908643,-0.4200120514246579,-5.903529087552448,-1.6841534259744676e-14
178.56188166087702,-32.71371598246825,11.365569735211716,-0.42006276001134313,-5.902533698330072,1.6841534259744676e-14
178.5661674763006,-32.72305778149758,11.365044585387935,-0.4201133520098406,-5.90153921858631,-3.368306851948935e-14
178.57045389611778,-32.73239954178159,11.364516050272512,-0.4201638271864453,-5.900545648791307,0.0
178.57474092077132,-32.74174126325659,11.363984127700652,-0.4202141853072872,-5.899552989415176,-3.368306851948935e-14
178.57902855070415,-32.75108294585889,11.363448815507567,-0.4202644261383378,-5.898561240927985,5.0524602779234026e-14
178.5833167863594,-32.76042458952476,11.36291011152846,-0.4203145494454117,-5.897570403799785,0.0
178.5876056281805,-32.76976619419044,11.362368013598545,-0.4203645549941585,-5.89658047850057,5.0524602779234026e-14
178.59189507661108,-32.77910775979212,11.361822519553037,-0.42041444255007043,-5.895591465500319,0.0
178.59618513209494,-32.788449286266,11.36127362722713,-0.4204642118784781,-5.894603365268972,8.420767129872338e-14
178.60047579507614,-32.79779077354822,11.360721334456041,-0.42051386274455205,-5.893616178276429,1.6841534259744676e-14
178.60476706599897,-32.80713222157492,11.36016563907498,-0.4205633949133025,-5.89262990499256,6.73661370389787e-14
178.60905894530794,-32.81647363028216,11.359606538919154,-0.4206128081495746,-5.891644545887207,1.6841534259744676e-14
178.61335143344783,-32.825814999606024,11.359044031823768,-0.42066210221805866,-5.890660101430163,6.73661370389787e-14
178.61764453086357,-32.83515632948253,11.358478115624035,-0.42071127688328047,-5.889676572091195,1.6841534259744676e-14
178.6219382380003,-32.844497619847694,11.357908788155164,-0.42076033190960543,-5.888693958340042,3.368306851948935e-14
178.62623255530355,-32.853838870637475,11.357336047252362,-0.42080926706123495,-5.887712260646397,1.6841534259744676e-14
178.63052748321886,-32.863180081787824,11.356759890750835,-0.4208580821022153,-5.8867314794799235,-1.6841534259744676e-14
178.63482302219214,-32.872521253234666,11.356180316485798,-0.4209067767964255,-5.885751615310247,-1.6841534259744676e-14
178.63911917266944,-32.881862384913866,11.355597322292454,-0.4209553509075843,-5.884772668606967,3.368306851948935e-14
178.64341593509712,-32.89120347676127,11.355010906006017,-0.4210038041992519,-5.883794639839637,-1.6841534259744676e-14
178.64771330992176,-32.900544528712715,11.354421065461686,-0.42105213643481854,-5.882817529477789,-1.6841534259744676e-14
178.65201129759004,-32.90988554070401,11.35382779849468,-0.4211003473775229,-5.881841337990904,1.6841534259744676e-14
178.65630989854904,-32.919226512670896,11.353231102940208,-0.4211484367904352,-5.88086606584844,0.0
178.66060911324593,-32.92856744454911,11.352630976633469,-0.421196404436464,-5.879891713519817,3.368306851948935e-14
178.6649089421282,-32.93790833627435,11.35202741740968,-0.42124425007835875,-5.87891828147442,-3.368306851948935e-14
178.66920938564354,-32.94724918778231,11.351420423104045,-0.4212919734787017,-5.8779457701816,0.0
178.67351044423984,-32.95658999900863,11.350809991551774,-0.42133957439991476,-5.87697418011067,0.0
178.67781211836524,-32.965930769888914,11.35019612058808,-0.42138705260425946,-5.87600351173091,3.368306851948935e-14
178.6821144084681,-32.97527150035874,11.349578808048168,-0.42143440785383246,-5.875033765511564,0.0
178.68641731499704,-32.98461219035366,11.348958051767244,-0.4214816399105663,-5.874064941921844,-3.368306851948935e-14
178.69072083840086,-32.993952839809225,11.348333849580518,-0.4215287485362335,-5.873097041430925,1.6841534259744676e-14
178.69502497912862,-33.00329344866091,11.347706199323206,-0.42157573349244165,-5.8721300645079415,5.0524602779234026e-14
178.6993297376296,-33.012634016844174,11.347075098830505,-0.42162259454063383,-5.871164011622001,3.368306851948935e-14
178.70363511435335,-33.02197454429445,11.346440545937632,-0.42166933144209295,-5.87019888324217,-3.368306851948935e-14
