galstreams/tracks/track.st.C-7.ibata2024.ecsv
# %ECSV 1.0
# ---
# datatype:
# - {name: ra, unit: deg, datatype: float64}
# - {name: dec, unit: deg, datatype: float64}
# - {name: distance, unit: kpc, datatype: float64}
# - {name: pm_ra_cosdec, unit: mas / yr, datatype: float64}
# - {name: pm_dec, unit: mas / yr, datatype: float64}
# - {name: radial_velocity, unit: km / s, datatype: float64}
# delimiter: ','
# meta: !!omap
# - __serialized_columns__:
#     dec:
#       __class__: astropy.coordinates.angles.Latitude
#       unit: &id001 !astropy.units.Unit {unit: deg}
#       value: !astropy.table.SerializedColumn {name: dec}
#     distance:
#       __class__: astropy.coordinates.distances.Distance
#       unit: !astropy.units.Unit {unit: kpc}
#       value: !astropy.table.SerializedColumn {name: distance}
#     pm_dec:
#       __class__: astropy.units.quantity.Quantity
#       unit: !astropy.units.Unit {unit: mas / yr}
#       value: !astropy.table.SerializedColumn {name: pm_dec}
#     pm_ra_cosdec:
#       __class__: astropy.units.quantity.Quantity
#       unit: !astropy.units.Unit {unit: mas / yr}
#       value: !astropy.table.SerializedColumn {name: pm_ra_cosdec}
#     ra:
#       __class__: astropy.coordinates.angles.Longitude
#       unit: *id001
#       value: !astropy.table.SerializedColumn {name: ra}
#       wrap_angle: !astropy.coordinates.Angle
#         unit: *id001
#         value: 360.0
#     radial_velocity:
#       __class__: astropy.units.quantity.Quantity
#       unit: !astropy.units.Unit {unit: km / s}
#       value: !astropy.table.SerializedColumn {name: radial_velocity}
# schema: astropy-2.0
ra,dec,distance,pm_ra_cosdec,pm_dec,radial_velocity
[from data line 2557]
300.7161681219715,-45.000249689202626,1.0000000000000004,-10.784771811026612,-14.84110036888583,-58.18612798967367
300.72792194290406,-44.99468664832823,1.0000000000000004,-10.781347047108904,-14.841884512574437,-58.28872671070401
300.73967335310743,-44.98912226780509,1.0000000000000004,-10.777921607982313,-14.84266532170402,-58.39129406680762
300.75142235250735,-44.98355654770094,1.0000000000000004,-10.77449549487634,-14.843442795431185,-58.49383008723304
300.7631689410294,-44.977989488083644,1.0000000000000004,-10.771068709020234,-14.84421693291319,-58.596334801228615
300.7749131185997,-44.97242108902104,1.0000000000000004,-10.767641251642821,-14.844987733307978,-58.69880823804295
300.78665488514434,-44.96685135058105,1.0000000000000004,-10.764213123972713,-14.845755195774107,-58.80125042692431
300.79839424059,-44.96128027283163,1.0000000000000004,-10.760784327238063,-14.84651931947087,-58.903661397121205
300.81013118486317,-44.95570785584075,1.0000000000000004,-10.7573548626668,-14.847280103558155,-59.00604117788205
300.8218657178909,-44.950134099676454,1.0000000000000002,-10.753924731486425,-14.848037547196562,-59.10838979845528
300.8335978396002,-44.944559004406784,1.0000000000000007,-10.750493934924187,-14.848791649547298,-59.21070728808931
300.84532754991864,-44.93898257009986,1.0000000000000004,-10.74706247420691,-14.849542409772312,-59.31299367603263
300.85705484877377,-44.93340479682382,1.0000000000000004,-10.743630350561162,-14.85028982703413,-59.41524899153371
300.8687797360935,-44.927825684646855,1.0000000000000004,-10.740197565213126,-14.851033900495986,-59.51747326384086
300.8805022118058,-44.92224523363716,1.0000000000000004,-10.736764119388688,-14.851774629321755,-59.61966652220257
300.89222227583906,-44.916663443863044,1.0000000000000004,-10.733330014313331,-14.852512012675986,-59.72182879586731
300.90393992812193,-44.911080315392766,1.0000000000000004,-10.729895251212257,-14.853246049723888,-59.82396011408356
300.9156551685831,-44.90549584829468,1.0000000000000004,-10.7264598313103,-14.853976739631298,-59.92606050609961
300.9273679971516,-44.89991004263715,1.0000000000000004,-10.723023755832,-14.854704081564742,-60.028130001164044
300.93907841375665,-44.89432289848861,1.0000000000000004,-10.719587026001486,-14.855428074691387,-60.130168628525205
300.9507864183278,-44.888734415917504,1.0000000000000004,-10.716149643042588,-14.85614871817908,-60.232176417431546
300.96249201079485,-44.88314459499231,1.0000000000000004,-10.712711608178786,-14.85686601119629,-60.33415339713158
300.9741951910876,-44.87755343578159,1.0000000000000004,-10.709272922633218,-14.857579952912175,-60.436099596873575
300.98589595913626,-44.87196093835387,1.0000000000000004,-10.705833587628714,-14.858290542496505,-60.53801504590613
300.9975943148713,-44.86636710277779,1.0000000000000004,-10.70239360438767,-14.858997779119761,-60.639899773477616
301.0092902582233,-44.86077192912197,1.0000000000000002,-10.698952974132258,-14.85970166195304,-60.741753808836506
301.02098378912325,-44.85517541745511,1.0000000000000007,-10.695511698084196,-14.860402190168097,-60.84357718123119
301.03267490750216,-44.84957756784591,1.0000000000000004,-10.692069777464933,-14.861099362937367,-60.94536991991008
301.0443636132914,-44.84397838036315,1.0000000000000004,-10.688627213495533,-14.861793179433901,-61.0471320541217
301.0560499064226,-44.838377855075585,1.0000000000000004,-10.68518400739673,-14.862483638831417,-61.14886361311443
301.06773378682743,-44.83277599205208,1.0000000000000004,-10.68174016038893,-14.863170740304295,-61.25056462613671
301.07941525443806,-44.82717279136149,1.0000000000000004,-10.678295673692132,-14.863854483027568,-61.352235122437015
301.09109430918664,-44.82156825307272,1.0000000000000004,-10.674850548526077,-14.864534866176893,-61.453875131263686
301.1027709510058,-44.815962377254706,1.0000000000000002,-10.671404786110052,-14.865211888928611,-61.55548468186527
301.1144451798281,-44.81035516397644,1.0000000000000004,-10.667958387663116,-14.86588555045969,-61.65706380349012
301.12611699558676,-44.80474661330692,1.0000000000000002,-10.664511354403851,-14.866555849947773,-61.75861252538678
301.1377863982147,-44.799136725315215,1.0000000000000004,-10.661063687550598,-14.86722278657111,-61.86013087680353
301.14945338764545,-44.793525500070395,1.0000000000000004,-10.657615388321306,-14.867886359508642,-61.96161888698893
301.16111796381267,-44.7879129376416,1.0000000000000004,-10.65416645793355,-14.868546567939939,-62.06307658519136
301.1727801266502,-44.78229903809798,1.0000000000000007,-10.650716897604593,-14.86920341104522,-62.164504000659264
301.1844398760922,-44.776683801508725,1.0000000000000004,-10.647266708551326,-14.869856888005362,-62.26590116264109
301.196097212073,-44.77106722794309,1.0000000000000002,-10.643815891990263,-14.87050699800188,-62.36726810038533
301.2077521345272,-44.765449317470335,1.0000000000000004,-10.640364449137646,-14.871153740216922,-62.46860484314032
301.2194046433895,-44.75983007015976,1.0000000000000004,-10.636912381209289,-14.871797113833304,-62.569911420154526
301.231054738595,-44.754209486080704,1.0000000000000004,-10.633459689420675,-14.87243711803448,-62.67118786067637
301.242702420079,-44.748587565302536,1.0000000000000004,-10.630006374986934,-14.873073752004542,-62.772434193954325
301.25434768777694,-44.74296430789469,1.0000000000000002,-10.626552439122854,-14.873707014928259,-62.87365044923683
301.26599054162455,-44.737339713926595,1.0000000000000004,-10.623097883042835,-14.87433690599099,-62.974836655772364
301.27763098155776,-44.73171378346773,1.0000000000000004,-10.61964270796096,-14.87496342437877,-63.07599284280925
301.28926900751287,-44.726086516587635,1.0000000000000004,-10.61618691509092,-14.875586569278282,-63.177119039595986
301.3009046194261,-44.720457913355844,1.0000000000000004,-10.612730505646098,-14.876206339876843,-63.278215275380994
301.3125378172342,-44.714827973841935,1.0000000000000004,-10.609273480839462,-14.876822735362405,-63.37928157941274
301.32416860087403,-44.70919669811555,1.0000000000000004,-10.605815841883683,-14.877435754923571,-63.48031798093963
301.33579697028273,-44.703564086246345,1.0000000000000004,-10.60235758999099,-14.878045397749586,-63.58132450921017
301.3474229253975,-44.697930138304,1.0000000000000002,-10.59889872637335,-14.878651663030341,-63.68230119347267
301.359046466156,-44.69229485435825,1.0000000000000002,-10.595439252242333,-14.879254549956332,-63.7832480629756
301.370667592496,-44.686658234478855,1.0000000000000004,-10.59197916880909,-14.879854057718749,-63.8841651469675
301.38228630435543,-44.68102027873561,1.0000000000000004,-10.58851847728451,-14.880450185509385,-63.985052474696694
301.39390260167266,-44.67538098719833,1.0000000000000002,-10.585057178879046,-14.881042932520677,-64.08591007541168
301.40551648438606,-44.669740359936895,1.0000000000000004,-10.581595274802845,-14.88163229794571,-64.18673797836092
301.4171279524344,-44.6640983970212,1.0000000000000007,-10.57813276626565,-14.882218280978199,-64.28753621279274
301.42873700575655,-44.658455098521166,1.0000000000000004,-10.574669654476867,-14.882800880812516,-64.38830480795566
301.44034364429166,-44.65281046450678,1.0000000000000004,-10.571205940645537,-14.883380096643624,-64.4890437930981
301.45194786797913,-44.647164495048024,1.0000000000000007,-10.567741625980315,-14.883955927667163,-64.58975319746845
301.4635496767586,-44.64151719021493,1.0000000000000002,-10.564276711689523,-14.884528373079416,-64.69043305031525
301.4751490705699,-44.63586855007756,1.0000000000000004,-10.560811198981096,-14.885097432077254,-64.79108338088689
301.4867460493531,-44.63021857470603,1.0000000000000004,-10.557345089062608,-14.885663103858228,-64.89170421843174
301.4983406130484,-44.624567264170445,1.0000000000000004,-10.553878383141289,-14.88622538762051,-64.99229559219835
301.5099327615965,-44.61891461854101,1.0000000000000002,-10.550411082423983,-14.8867842825629,-65.09285753143502
301.5215224949379,-44.61326063788789,1.0000000000000004,-10.546943188117174,-14.887339787884825,-65.19339006539028
301.5331098130138,-44.60760532228134,1.0000000000000004,-10.543474701426968,-14.88789190278638,-65.2938932233126
301.54469471576533,-44.60194867179159,1.0000000000000004,-10.540005623559125,-14.888440626468245,-65.3943670344503
301.5562772031339,-44.59629068648898,1.0000000000000002,-10.536535955719009,-14.88898595813178,-65.49481152805193
301.56785727506116,-44.59063136644381,1.0000000000000004,-10.533065699111674,-14.889527896978928,-65.59522673336582
301.57943493148906,-44.58497071172645,1.0000000000000004,-10.529594854941703,-14.8900664422123,-65.69561267964055
301.59101017235963,-44.57930872240732,1.0000000000000004,-10.526123424413417,-14.890601593035122,-65.79596939612439
301.6025829976153,-44.57364539855679,1.0000000000000004,-10.522651408730702,-14.891133348651252,-65.8962969120659
301.61415340719856,-44.567980740245375,1.0000000000000002,-10.519178809097092,-14.891661708265197,-65.99659525671346
301.6257214010522,-44.56231474754353,1.0000000000000004,-10.515705626715777,-14.892186671082051,-66.09686445931554
301.6372869791192,-44.556647420521806,1.0000000000000004,-10.512231862789537,-14.89270823630757,-66.19710454912048
301.64885014134296,-44.55097875925073,1.0000000000000002,-10.50875751852076,-14.893226403148144,-66.29731555537684
301.66041088766684,-44.54530876380091,1.0000000000000004,-10.505282595111556,-14.893741170810754,-66.397497507333
301.6719692180345,-44.53963743424295,1.0000000000000002,-10.501807093763542,-14.894252538503055,-66.49765043423749
301.68352513239,-44.53396477064752,1.0000000000000004,-10.49833101567808,-14.894760505433288,-66.59777436533855
301.6950786306773,-44.52829077308529,1.0000000000000004,-10.494854362056058,-14.895265070810344,-66.69786932988475
301.706629712841,-44.52261544162697,1.0000000000000004,-10.491377134098045,-14.895766233843736,-66.79793535712449
301.7181783788255,-44.516938776343295,1.0000000000000004,-10.487899333004233,-14.896263993743595,-66.89797247630624
301.72972462857564,-44.511260777305054,1.0000000000000004,-10.484420959974425,-14.896758349720688,-66.99798071667841
301.7412684620366,-44.50558144458305,1.0000000000000004,-10.480942016208042,-14.897249300986395,-67.0979601074895
301.75280987915363,-44.499900778248126,1.0000000000000004,-10.477462502904128,-14.897736846752736,-67.19791067798779
301.76434887987216,-44.49421877837115,1.0000000000000004,-10.473982421261407,-14.898220986232335,-67.29783245742186
301.77588546413796,-44.488535445023,1.0000000000000004,-10.470501772478144,-14.898701718638444,-67.39772547504006
301.7874196318969,-44.48285077827463,1.0000000000000004,-10.467020557752281,-14.899179043184965,-67.4975897600909
301.79895138309536,-44.47716477819699,1.0000000000000004,-10.463538778281334,-14.899652959086385,-67.59742534182278
301.8104807176796,-44.47147744486106,1.0000000000000004,-10.460056435262516,-14.900123465557815,-67.69723224948419
301.82200763559615,-44.465788778337874,1.0000000000000004,-10.456573529892585,-14.90059056181501,-67.79701051232347
301.8335321367921,-44.46009877869849,1.0000000000000004,-10.453090063367961,-14.901054247074343,-67.89676015958909
301.84505422121435,-44.45440744601397,1.0000000000000004,-10.44960603688466,-14.90151452055279,-67.9964812205295
301.85657388881026,-44.448714780355424,1.0000000000000002,-10.446121451638351,-14.901971381467957,-68.09617372439313
301.86809113952734,-44.443020781794004,1.0000000000000002,-10.44263630882429,-14.902424829038067,-68.19583770042846
301.87960597331335,-44.43732545040088,1.0000000000000002,-10.439150609637384,-14.902874862481964,-68.29547317788385
301.8911183901162,-44.431628786247245,1.0000000000000004,-10.43566435527212,-14.90332148101911,-68.39508018600777
301.9026283898843,-44.425930789404326,1.0000000000000004,-10.4321775469226,-14.903764683869587,-68.49465875404871
301.9141359725659,-44.420231459943395,1.0000000000000004,-10.428690185782603,-14.904204470254088,-68.59420891125504
301.9256411381096,-44.41453079793573,1.0000000000000004,-10.425202273045477,-14.904640839393927,-68.69373068687516
301.9371438864643,-44.40882880345263,1.0000000000000004,-10.421713809904205,-14.905073790511015,-68.79322411015762
301.9486442175792,-44.40312547656548,1.0000000000000004,-10.418224797551343,-14.905503322827931,-68.89268921035075
301.9601421314036,-44.39742081734563,1.0000000000000004,-10.41473523717912,-14.905929435567813,-68.99212601670303
301.97163762788693,-44.39171482586449,1.0000000000000004,-10.411245129979344,-14.906352127954438,-69.0915345584629
301.98313070697907,-44.38600750219348,1.0000000000000004,-10.407754477143449,-14.906771399212202,-69.19091486487888
301.99462136862985,-44.38029884640409,1.0000000000000004,-10.404263279862505,-14.90718724856611,-69.29026696519921
302.00610961278966,-44.37458885856778,1.0000000000000004,-10.400771539327138,-14.907599675241771,-69.38959088867247
302.01759543940886,-44.36887753875609,1.0000000000000004,-10.397279256727652,-14.90800867846542,-69.48888666454708
302.02907884843813,-44.363164887040554,1.0000000000000004,-10.393786433253915,-14.908414257463903,-69.58815432207143
302.0405598398283,-44.357450903492754,1.0000000000000004,-10.390293070095424,-14.908816411464674,-69.68739389049402
302.0520384135305,-44.35173558818429,1.0000000000000002,-10.386799168441309,-14.90921513969579,-69.78660539906322
302.063514569496,-44.34601894118679,1.0000000000000002,-10.383304729480283,-14.909610441385936,-69.8857888770275
302.0749883076765,-44.34030096257192,1.0000000000000004,-10.379809754400652,-14.910002315764398,-69.98494435363533
302.08645962802365,-44.33458165241136,1.0000000000000004,-10.376314244390379,-14.91039076206107,-70.0840718581351
302.0979285304894,-44.32886101077682,1.0000000000000004,-10.372818200637038,-14.910775779506462,-70.18317141977523
302.10939501502605,-44.32313903774006,1.0000000000000002,-10.369321624327746,-14.911157367331707,-70.28224306780419
302.120859081586,-44.31741573337284,1.0000000000000004,-10.365824516649315,-14.911535524768492,-70.3812868314704
302.132320730122,-44.31169109774696,1.0000000000000004,-10.362326878788078,-14.911910251049187,-70.48030274002231
302.14377996058676,-44.30596513093423,1.0000000000000004,-10.358828711930077,-14.912281545406714,-70.57929082270839
302.1552367729335,-44.30023783300652,1.0000000000000004,-10.355330017260847,-14.912649407074623,-70.67825110877702
302.1666911671155,-44.2945092040357,1.0000000000000004,-10.351830795965618,-14.91301383528707,-70.77718362747659
302.17814314308634,-44.288779244093675,1.0000000000000004,-10.348331049229195,-14.913374829278812,-70.87608840805568
302.1895927007998,-44.283047953252385,1.0000000000000002,-10.34483077823597,-14.913732388285236,-70.97496547976263
302.20103984020983,-44.27731533158377,1.0000000000000004,-10.341329984169978,-14.914086511542282,-71.07381487184588
302.21248456127057,-44.271581379159834,1.0000000000000004,-10.337828668214858,-14.914437198286535,-71.17263661355389
302.2239268639366,-44.265846096052584,1.0000000000000004,-10.334326831553817,-14.9147844477552,-71.27143073413508
302.2353667481624,-44.26010948233406,1.0000000000000004,-10.330824475369702,-14.91512825918602,-71.37019726283786
302.24680421390303,-44.25437153807632,1.0000000000000004,-10.327321600844904,-14.91546863181742,-71.46893622891078
302.2582392611135,-44.24863226335145,1.0000000000000004,-10.32381820916152,-14.91580556488837,-71.56764766160215
302.2696718897491,-44.24289165823159,1.0000000000000004,-10.320314301501146,-14.916139057638462,-71.66633159016047
302.2811020997653,-44.23714972278887,1.0000000000000004,-10.316809879045051,-14.916469109307902,-71.76498804383411
302.292529891118,-44.23140645709545,1.0000000000000004,-10.313304942974064,-14.91679571913748,-71.86361705187159
302.3039552637631,-44.22566186122355,1.0000000000000004,-10.309799494468654,-14.917118886368593,-71.96221864352125
