galstreams/tracks/track.st.New-23.ibata2024.ecsv
# %ECSV 1.0
# ---
# datatype:
# - {name: ra, unit: deg, datatype: float64}
# - {name: dec, unit: deg, datatype: float64}
# - {name: distance, unit: kpc, datatype: float64}
# - {name: pm_ra_cosdec, unit: mas / yr, datatype: float64}
# - {name: pm_dec, unit: mas / yr, datatype: float64}
# - {name: radial_velocity, unit: km / s, datatype: float64}
# delimiter: ','
# meta: !!omap
# - __serialized_columns__:
#     dec:
#       __class__: astropy.coordinates.angles.Latitude
#       unit: &id001 !astropy.units.Unit {unit: deg}
#       value: !astropy.table.SerializedColumn {name: dec}
#     distance:
#       __class__: astropy.coordinates.distances.Distance
#       unit: !astropy.units.Unit {unit: kpc}
#       value: !astropy.table.SerializedColumn {name: distance}
#     pm_dec:
#       __class__: astropy.units.quantity.Quantity
#       unit: !astropy.units.Unit {unit: mas / yr}
#       value: !astropy.table.SerializedColumn {name: pm_dec}
#     pm_ra_cosdec:
#       __class__: astropy.units.quantity.Quantity
#       unit: !astropy.units.Unit {unit: mas / yr}
#       value: !astropy.table.SerializedColumn {name: pm_ra_cosdec}
#     ra:
#       __class__: astropy.coordinates.angles.Longitude
#       unit: *id001
#       value: !astropy.table.SerializedColumn {name: ra}
#       wrap_angle: !astropy.coordinates.Angle
#         unit: *id001
#         value: 360.0
#     radial_velocity:
#       __class__: astropy.units.quantity.Quantity
#       unit: !astropy.units.Unit {unit: km / s}
#       value: !astropy.table.SerializedColumn {name: radial_velocity}
# schema: astropy-2.0
ra,dec,distance,pm_ra_cosdec,pm_dec,radial_velocity
[from data line 2818]
344.50324392128863,21.29892354137021,0.9999999999999999,31.40739076763066,-4.2252445559428224,7632.402642211364
344.51377556089557,21.301333237885643,0.9999999999999999,31.414917252128134,-4.227898956266813,7647.617470049036
344.5243073114921,21.303744621467875,0.9999999999999999,31.42244903820614,-4.230556395821623,7662.851195612648
344.53483917332517,21.306157693863952,0.9999999999999998,31.429986131452722,-4.233216878575831,7678.103830457174
344.54537114664237,21.308572456820897,1.0,31.43752853745019,-4.235880408497337,7693.375386137581
344.5559032316916,21.310988912085772,0.9999999999999999,31.445076261787165,-4.238546989557676,7708.665874208828
344.56643542872155,21.31340706140563,1.0,31.45262931004345,-4.241216625729635,7723.975306225911
344.5769677379811,21.315826906527544,1.0,31.460187687807377,-4.24388932098725,7739.303693743788
344.58750015972,21.31824844919859,1.0,31.467751400656084,-4.2465650793068335,7754.65104831743
344.5980326941884,21.32067169116584,0.9999999999999999,31.475320454171765,-4.249243904665377,7770.017381501809
344.6085653416369,21.32309663417639,0.9999999999999999,31.482894853936614,-4.251925801043512,7785.402704851893
344.61909810231674,21.325523279977332,1.0,31.490474605527595,-4.254610772421302,7800.807029922658
344.62963097647963,21.327951630315788,1.0,31.49805971452372,-4.257298822782673,7816.230368269079
344.6401639643778,21.330381686938868,0.9999999999999999,31.505650186503544,-4.259989956112236,7831.672731446121
344.6506970662641,21.332813451593683,0.9999999999999999,31.51324602704119,-4.26268417639551,7847.1341310087555
344.66123028239184,21.335246926027366,1.0,31.52084724171209,-4.2653814876214255,7862.614578511946
344.6717636130148,21.337682111987068,0.9999999999999999,31.528453836093774,-4.268081893780163,7878.11408551068
344.6822970583874,21.34011901121992,1.0,31.5360658157565,-4.270785398862131,7893.632663559918
344.69283061876456,21.34255762547308,0.9999999999999999,31.543683186272858,-4.273492006861829,7909.1703242146405
344.7033642944017,21.344997956493696,1.0,31.551305953216627,-4.276201721773646,7924.7270790298035
344.7138980855549,21.347440006028947,0.9999999999999999,31.558934122155904,-4.278914547594468,7940.302939560393
344.72443199248045,21.349883775826004,0.9999999999999999,31.56656769866214,-4.281630488323344,7955.897917361373
344.73496601543553,21.35232926763204,0.9999999999999999,31.574206688304116,-4.284349547959664,7971.512023987714
344.7455001546777,21.354776483194257,1.0,31.58185109664805,-4.287071730505772,7987.145270994394
344.756034410465,21.357225424259838,0.9999999999999999,31.58950092926227,-4.28979703996572,8002.797669936371
344.76656878305613,21.359676092575988,1.0,31.59715619171135,-4.292525480344466,8018.469232368634
344.7771032727102,21.362128489889916,0.9999999999999999,31.604816889560993,-4.295257055649472,8034.159969846139
344.7876378796869,21.36458261794883,0.9999999999999999,31.6124830283739,-4.297991769889336,8049.869893923867
344.7981726042464,21.367038478499957,0.9999999999999999,31.620154613715158,-4.300729627075043,8065.599016156782
344.8087074466496,21.369496073290527,0.9999999999999999,31.627831651145186,-4.3034706312190565,8081.3473480998555
344.8192424071577,21.37195540406777,1.0,31.635514146225773,-4.306214786334863,8097.1149013080685
344.8297774860324,21.37441647257893,0.9999999999999999,31.643202104517,-4.3089620964387905,8112.901687336386
344.8403126835362,21.376879280571245,0.9999999999999999,31.650895531578158,-4.311712565548078,8128.707717739774
344.850847999932,21.379343829791974,1.0,31.658594432965742,-4.314466197682009,8144.533004073208
344.8613834354831,21.381810121988376,1.0,31.666298814238985,-4.31722299686237,8160.37755789166
344.8719189904535,21.38427815890772,1.0,31.674008680953648,-4.319982967110832,8176.2413907501
344.88245466510773,21.38674794229727,1.0,31.681724038663788,-4.322746112452705,8192.124514203504
344.8929904597107,21.389219473904305,1.0,31.689444892925962,-4.325512436913641,8208.026939806836
344.90352637452804,21.3916927554761,0.9999999999999999,31.69717124929099,-4.328281944521905,8223.948679115067
344.91406240982576,21.394167788759958,1.0,31.70490311331355,-4.331054639307013,8239.889743683176
344.92459856587055,21.396644575503164,1.0,31.712640490543436,-4.333830525300868,8255.85014506613
344.9351348429295,21.39912311745302,1.0,31.72038338653209,-4.336609606535944,8271.829894818899
344.9456712412702,21.401603416356828,1.0,31.72813180682914,-4.339391887047896,8287.829004496454
344.956207761161,21.404085473961896,0.9999999999999999,31.735885756982213,-4.342177370872719,8303.847485653767
344.9667444028706,21.40656929201554,0.9999999999999999,31.74364524254048,-4.344966062048684,8319.88534984581
344.9772811666682,21.409054872265084,1.0,31.751410269047824,-4.347757964616449,8335.942608627558
344.9878180528237,21.411542216457846,0.9999999999999999,31.759180842053183,-4.350553082617466,8352.019273553973
344.99835506160747,21.414031326341163,1.0,31.766956967098622,-4.353351420095578,8368.11535618003
345.0088921932902,21.416522203662378,1.0,31.774738649730864,-4.356152981095875,8384.230868060704
345.0194294481435,21.41901485016882,0.9999999999999999,31.782525895488845,-4.358957769665949,8400.365820750965
345.02996682643925,21.42150926760783,1.0,31.790318709918097,-4.361765789853507,8416.520225805783
345.0405043284499,21.42400545772677,0.9999999999999999,31.79811709855602,-4.364577045709893,8432.694094780127
345.05104195444846,21.42650342227299,1.0,31.80592106694496,-4.367391541287361,8448.887439228967
345.0615797047085,21.429003162993848,1.0,31.81373062062346,-4.370209280639415,8465.100270707282
345.0721175795041,21.431504681636703,0.9999999999999998,31.821545765128576,-4.373030267822401,8481.332600770038
345.0826555791098,21.434007979948934,1.0,31.829366505997825,-4.375854506893347,8497.584440972209
345.0931937038009,21.436513059677896,1.0,31.837192848767074,-4.378682001911329,8513.855802868762
345.10373195385296,21.43901992257098,1.0,31.84502479897202,-4.381512756937923,8530.146698014665
345.11427032954225,21.44152857037557,0.9999999999999999,31.852862362145174,-4.384346776035613,8546.457137964899
345.1248088311455,21.44403900483903,1.0,31.86070554382121,-4.387184063268251,8562.787134274435
345.13534745894,21.44655122770877,1.0,31.868554349532303,-4.390024622702526,8579.136698498236
345.14588621320354,21.449065240732175,1.0,31.87640878480738,-4.39286845840661,8595.505842191269
345.1564250942145,21.45158104565663,0.9999999999999999,31.884268855179187,-4.395715574449241,8611.894576908526
345.1669641022519,21.454098644229553,1.0,31.89213456617489,-4.398565974902681,8628.302914204958
345.1775032375949,21.45661803819834,0.9999999999999999,31.90000592332558,-4.401419663839874,8644.730865635547
345.18804250052375,21.459139229310395,1.0,31.907882932155815,-4.404276645335585,8661.178442755265
345.1985818913188,21.461662219313126,0.9999999999999999,31.91576559819231,-4.407136923465941,8677.645657119068
345.20912141026105,21.464187009953957,0.9999999999999998,31.92365392696098,-4.410000502310027,8694.132520281943
345.21966105763215,21.466713602980303,1.0,31.93154792398491,-4.412867385947834,8710.639043798863
345.2302008337142,21.469242000139573,1.0,31.939447594789783,-4.415737578460835,8727.165239224785
345.2407407387898,21.47177220317921,0.9999999999999999,31.947352944896465,-4.418611083933001,8743.711118114694
345.2512807731421,21.47430421384662,1.0,31.955263979827237,-4.421487906448988,8760.27669202355
345.26182093705495,21.476838033889248,0.9999999999999999,31.96318070510199,-4.424368050096632,8776.861972506327
345.2723612308125,21.479373665054524,1.0,31.9711031262392,-4.427251518964454,8793.466971118007
345.2829016546995,21.48191110908988,1.0,31.979031248759327,-4.430138317142905,8810.091699413551
345.2934422090014,21.48445036774276,0.9999999999999999,31.98696507817806,-4.433028448724485,8826.736168947922
345.303982894004,21.486991442760594,1.0,31.994904620012562,-4.43592191780283,8843.40039127611
345.3145237099936,21.489534335890834,1.0,32.00284987977983,-4.438818728474416,8860.084377953077
345.32506465725726,21.492079048880935,1.0,32.01080086299174,-4.441718884836291,8876.788140533796
345.3356057360824,21.494625583478328,1.0000000000000002,32.01875757516382,-4.444622390987888,8893.511690573238
345.34614694675713,21.497173941430468,1.0000000000000002,32.026720021807535,-4.447529251029778,8910.255039626363
345.3566882895698,21.499724124484814,1.0000000000000002,32.03468820843682,-4.4504394690650315,8927.018199248163
345.3672297648096,21.50227613438882,1.0,32.04266214055991,-4.45335304919854,8943.801180993592
345.37777137276623,21.504829972889937,1.0,32.05064182368653,-4.456269995535877,8960.603996417633
345.3883131137297,21.50738564173564,1.0,32.058627263327026,-4.459190312185797,8977.426657075252
345.3988549879908,21.50994314267337,1.0000000000000002,32.066618464987926,-4.46211400325717,8994.269174521409
345.40939699584067,21.51250247745061,1.0,32.07461543417594,-4.465041072862164,9011.131560311092
345.41993913757125,21.51506364781481,1.0,32.082618176395954,-4.467971525113853,9028.013825999271
345.43048141347464,21.517626655513443,1.0,32.09062669715587,-4.470905364127134,9044.91598314091
345.44102382384386,21.520191502293976,1.0,32.09864100195557,-4.473842594018606,9061.83804329098
345.4515663689721,21.52275818990388,1.0,32.106661096301764,-4.476783218906803,9078.780018004458
345.4621090491536,21.52532672009063,0.9999999999999999,32.11468698569246,-4.479727242912645,9095.741918836313
345.4726518646825,21.527897094601684,1.0,32.122718675630665,-4.482674670156825,9112.723757341517
345.48319481585395,21.530469315184533,1.0000000000000002,32.1307561716161,-4.4856255047642435,9129.72554507504
345.4937379029634,21.533043383586648,1.0,32.13879947914836,-4.4885797508595715,9146.747293591847
345.5042811263071,21.535619301555503,1.0,32.14684860372233,-4.491537412570892,9163.789014446922
345.5148244861815,21.538197070838574,0.9999999999999999,32.1549035508379,-4.494498494026402,9180.850719195223
345.52536798288384,21.54077669318334,1.0,32.16296432598949,-4.497462999356912,9197.932419391731
345.5359116167117,21.543358170337275,1.0000000000000002,32.17103093467341,-4.500430932694826,9215.034126591414
345.5464553879635,21.545941504047875,1.0,32.179103382381015,-4.5034022981751605,9232.15585234924
345.5569992969379,21.548526696062606,1.0,32.18718167460713,-4.506377099933047,9249.297608220191
345.5675433439341,21.55111374812896,1.0,32.195265816844824,-4.509355342106687,9266.459405759218
345.5780875292522,21.5537026619944,1.0,32.20335581458227,-4.512337028834963,9283.641256521318
345.58863185319234,21.556293439406435,1.0,32.2114516733119,-4.515322164259942,9300.843172061435
345.59917631605566,21.558886082112526,0.9999999999999999,32.21955339851928,-4.518310752523803,9318.065163934563
345.60972091814347,21.561480591860168,1.0,32.227660995696965,-4.521302797771796,9335.307243695665
345.62026565975793,21.56407697039684,1.0,32.23577447032835,-4.524298304150079,9352.569422899707
345.6308105412014,21.566675219470028,1.0000000000000002,32.24389382790133,-4.527297275807314,9369.85171310167
345.64135556277716,21.569275340827204,1.0000000000000002,32.25201907389925,-4.530299716893069,9387.154125856512
345.65190072478873,21.571877336215866,1.0,32.260150213808686,-4.53330563155896,9404.476672719216
345.6624460275403,21.5744812073835,1.0,32.26828725311111,-4.536315023959105,9421.819365244753
345.6729914713366,21.57708695607758,1.0,32.276430197286516,-4.539327898248416,9439.182214988088
345.6835370564828,21.57969458404558,1.0,32.28457905181995,-4.542344258583512,9456.565233504192
345.69408278328484,21.582304093034995,1.0000000000000002,32.29273382218781,-4.545364109123966,9473.968432348038
345.70462865204894,21.58491548479331,1.0,32.30089451387238,-4.548387454029694,9491.391823074602
345.71517466308194,21.587528761068,1.0,32.30906113235005,-4.551414297463111,9508.835417238854
345.72572081669136,21.59014392360655,1.0,32.31723368309815,-4.554444643587999,9526.299226395759
345.73626711318514,21.592760974156434,1.0000000000000002,32.32541217159127,-4.557478496570411,9543.783262100284
345.7468135528717,21.59537991446513,1.0000000000000002,32.333596603307,-4.560515860577993,9561.287535907417
345.7573601360602,21.598000746280132,1.0,32.34178698371716,-4.5635567397798695,9578.812059372118
345.76790686306003,21.600623471348904,1.0,32.34998331829701,-4.56660113834721,9596.356844049364
345.77845373418154,21.60324809141893,1.0,32.35818561251534,-4.569649060452548,9613.921901494123
345.7890007497351,21.605874608237677,1.0,32.36639387184829,-4.572700510270693,9631.507243261354
345.79954791003223,21.608503023552633,1.0,32.374608101761396,-4.575755491977816,9649.11288090605
345.81009521538454,21.61113333911126,1.0000000000000002,32.38282830772488,-4.578814009752136,9666.738825983171
345.8206426661043,21.61376555666103,1.0,32.391054495206845,-4.581876067773123,9684.38509004769
345.8311902625043,21.616399677949413,1.0,32.39928666967626,-4.584941670222406,9702.051684654576
345.84173800489805,21.61903570472389,1.0,32.40752483659571,-4.588010821284001,9719.738621358796
345.8522858935993,21.621673638731913,1.0,32.41576900143332,-4.591083525142267,9737.445911715335
345.86283392892256,21.62431348172096,1.0,32.42401916965326,-4.594159785984516,9755.173567279156
345.87338211118293,21.62695523543849,1.0,32.43227534671553,-4.5972396079991995,9772.921599605228
345.88393044069585,21.629598901631965,1.0,32.4405375380847,-4.600322995376587,9790.69002024852
345.8944789177774,21.63224448204884,1.0,32.44880574922189,-4.60340995230888,9808.478840764014
345.90502754274434,21.634891978436578,1.0,32.4570799855847,-4.606500482989986,9826.288072706675
345.91557631591365,21.637541392542644,1.0,32.465360252635776,-4.609594591616087,9844.117727631476
345.9261252376031,21.640192726114485,1.0,32.47364655583061,-4.612692282384046,9861.967817093382
345.9366743081311,21.642845980899544,1.0,32.48193890062572,-4.615793559492886,9879.838352647366
345.9472235278163,21.64550115864528,1.0000000000000002,32.490237292480515,-4.61889842714379,9897.729345848411
345.957772896978,21.648158261099145,1.0,32.49854173684696,-4.622006889539762,9915.640808251472
345.96832241593626,21.650817290008565,1.0,32.506852239178784,-4.625118950884826,9933.572751411531
345.9788720850113,21.653478247121,0.9999999999999999,32.51516880493244,-4.628234615385281,9951.525186883546
345.98942190452436,21.656141134183883,1.0000000000000002,32.5234914395549,-4.631353887249475,9969.49812622251
345.9999718747967,21.658805952944643,1.0000000000000002,32.531820148502845,-4.634476770686547,9987.491580983378
346.0105219961505,21.661472705150732,1.0,32.540154937222496,-4.637603269908823,10005.505562721124
346.02107226890837,21.66414139254957,1.0000000000000002,32.54849581116275,-4.640733389129082,10023.540082990725
346.0316226933935,21.666812016888574,1.0,32.55684277577279,-4.643867132562264,10041.595153347134
346.04217326992955,21.66948457991519,1.0000000000000002,32.56519583649913,-4.6470045044254675,10059.67078534535
346.05272399884063,21.672159083376826,1.0,32.573554998789916,-4.6501455089371575,10077.766990540322
346.06327488045173,21.674835529020903,1.0000000000000002,32.58192026808564,-4.653290150317616,10095.883780487038
346.0738259150881,21.677513918594844,1.0,32.59029164983377,-4.656438432789059,10114.021166740453
346.0843771030756,21.680194253846043,1.0,32.59866914947611,-4.65959036057518,10132.179160855543
346.0949284447406,21.68287653652192,1.0,32.60705277245563,-4.662745937901946,10150.357774387287
346.1054799404102,21.68556076836989,1.0,32.61544252421169,-4.66590516899646,10168.557018890651
346.1160315904118,21.688246951137334,1.0,32.62383841018362,-4.669068058088101,10186.776905920604
346.1265833950735,21.690935086571656,1.0000000000000002,32.63224043581272,-4.672234609407724,10205.017447032113
346.13713535472385,21.693625176420255,1.0,32.64064860653582,-4.675404827187663,10223.278653780168
