galstreams/tracks/track.st.Elqui.shipp2019.ecsv
# %ECSV 0.9
# ---
# datatype:
# - {name: ra, unit: deg, datatype: float64}
# - {name: dec, unit: deg, datatype: float64}
# - {name: distance, unit: kpc, datatype: float64}
# - {name: pm_ra_cosdec, unit: mas / yr, datatype: float64}
# - {name: pm_dec, unit: mas / yr, datatype: float64}
# - {name: radial_velocity, unit: km / s, datatype: float64}
# delimiter: ','
# meta: !!omap
# - __serialized_columns__:
#     dec:
#       __class__: astropy.coordinates.angles.Latitude
#       unit: &id001 !astropy.units.Unit {unit: deg}
#       value: !astropy.table.SerializedColumn {name: dec}
#     distance:
#       __class__: astropy.coordinates.distances.Distance
#       unit: !astropy.units.Unit {unit: kpc}
#       value: !astropy.table.SerializedColumn {name: distance}
#     pm_dec:
#       __class__: astropy.units.quantity.Quantity
#       unit: !astropy.units.Unit {unit: mas / yr}
#       value: !astropy.table.SerializedColumn {name: pm_dec}
#     pm_ra_cosdec:
#       __class__: astropy.units.quantity.Quantity
#       unit: !astropy.units.Unit {unit: mas / yr}
#       value: !astropy.table.SerializedColumn {name: pm_ra_cosdec}
#     ra:
#       __class__: astropy.coordinates.angles.Longitude
#       unit: *id001
#       value: !astropy.table.SerializedColumn {name: ra}
#       wrap_angle: !astropy.coordinates.Angle
#         unit: *id001
#         value: 360.0
#     radial_velocity:
#       __class__: astropy.units.quantity.Quantity
#       unit: !astropy.units.Unit {unit: km / s}
#       value: !astropy.table.SerializedColumn {name: radial_velocity}
# schema: astropy-2.0
ra,dec,distance,pm_ra_cosdec,pm_dec,radial_velocity
[from data line 675]
17.93172534274465,-41.05446935412407,50.09999999998913,0.16892865079341676,-0.48546196489677845,1.767965321218087e-09
17.94267969192484,-41.06011617107092,50.09999999998909,0.16877332879058576,-0.48461223922340174,1.7664916869703594e-09
17.953635384502064,-41.06576254403648,50.099999999989066,0.16861745821353508,-0.483761049733226,1.764942265818463e-09
17.964592420986204,-41.07140847278906,50.099999999989045,0.16846103843065224,-0.48290839661164114,1.7634096862008261e-09
17.97555080188719,-41.077053957096894,50.09999999998901,0.16830406881008947,-0.48205428004427964,1.761767636610501e-09
17.98651052771503,-41.08269899672815,50.099999999989,0.1681465487197638,-0.48119870021701694,1.7601592700886954e-09
17.997471598979782,-41.0883435914509,50.09999999998897,0.1679884775273575,-0.4803416573159719,1.7585003789641105e-09
18.008434016191586,-41.09398774103313,50.099999999988945,0.16782985460031677,-0.47948315152750576,1.7567741217024867e-09
18.01939777986064,-41.099631445242785,50.09999999998892,0.1676706793058534,-0.47862318303822404,1.7550562852079927e-09
18.03036289049719,-41.10527470384769,50.09999999998888,0.1675109510109438,-0.47776175203497584,1.7533047656449794e-09
18.041329348611573,-41.1109175166156,50.09999999998885,0.1673506690823291,-0.4768988587048537,1.7515111422463165e-09
18.05229715471417,-41.11655988331422,50.09999999998883,0.16718983288651548,-0.4760345032351946,1.7496754150120043e-09
18.063266309315438,-41.12220180371114,50.09999999998882,0.16702844178977377,-0.47516868581357974,1.7478228462434324e-09
18.07423681292589,-41.12784327757389,50.09999999998878,0.16686649515814025,-0.47430140662783493,1.7459113321049513e-09
18.08520866605611,-41.13348430466992,50.09999999998875,0.16670399235741512,-0.4734326658660304,1.7439745556650808e-09
18.096181869216743,-41.13912488476661,50.09999999998874,0.166540932753164,-0.4725624637164808,1.74203777922521e-09
18.107156422918486,-41.14476501763122,50.09999999998872,0.16637731571071762,-0.4716908003677469,1.7400167951140408e-09
18.118132327672132,-41.150404703031,50.09999999998869,0.16621314059517117,-0.4708176760086341,1.7380042317700013e-09
18.129109583988498,-41.15604394073305,50.09999999998867,0.166048406771385,-0.4699430908281933,1.7359495645903123e-09
18.140088192378492,-41.16168273050444,50.09999999998864,0.16588311360398428,-0.46906704501572094,1.733852793574974e-09
18.15106815335308,-41.16732107211213,50.09999999998862,0.165717260457359,-0.46818953876075936,1.7317223394911164e-09
18.162049467423284,-41.17295896532304,50.09999999998858,0.1655508466956642,-0.4673105722530974,1.729575043872999e-09
18.173032135100193,-41.17859640990396,50.09999999998857,0.16538387168281993,-0.4664301456827693,1.7273772236521024e-09
18.18401615689497,-41.18423340562164,50.09999999998855,0.16521633478251105,-0.4655482592400565,1.7251709826640758e-09
18.195001533318816,-41.18986995224273,50.09999999998851,0.16504823535818716,-0.4646649131154868,1.7229226378403998e-09
18.205988264883015,-41.1955060495338,50.09999999998849,0.1648795727730633,-0.4637801074998348,1.7206153476468148e-09
18.21697635209892,-41.20114169726138,50.09999999998846,0.16471034639011914,-0.4628938425841219,1.7183248989874896e-09
18.22796579547794,-41.20677689519185,50.09999999998844,0.1645405555720992,-0.4620061185596174,1.715983925725385e-09
18.23895659553153,-41.21241164309157,50.09999999998841,0.16437019968151334,-0.4611169356178373,1.7135755863262415e-09
18.249948752771232,-41.21804594072681,50.099999999988384,0.16419927808063609,-0.4602262939505458,1.7111756676942279e-09
18.260942267708632,-41.22367978786374,50.09999999998836,0.1640277901315072,-0.4593341937497546,1.7087420659936948e-09
18.271937140855403,-41.229313184268435,50.099999999988334,0.1638557351959313,-0.45844063520772355,1.7062242566218631e-09
18.282933372723257,-41.23494612970698,50.0999999999883,0.16368311263547786,-0.45754561851696085,1.7037569718528104e-09
18.293930963823975,-41.240578623945254,50.09999999998828,0.16350992181148158,-0.45664914387022243,1.7011970586453292e-09
18.304929914669415,-41.24621066674914,50.09999999998825,0.16333616208504223,-0.45575121146051406,1.6986287246707182e-09
18.31593022577147,-41.251842257884434,50.09999999998823,0.16316183281702457,-0.4548518214810896,1.696009866093328e-09
18.32693189764213,-41.25747339711684,50.0999999999882,0.16298693336805828,-0.4539509741254516,1.6933994282830674e-09
18.337934930793413,-41.26310408421196,50.09999999998818,0.162811463098538,-0.45304866958735257,1.690721624335768e-09
18.348939325737422,-41.268734318935365,50.09999999998815,0.1626354213686237,-0.4521449080607942,1.6880353996213387e-09
18.359945082986318,-41.27436410105248,50.09999999998813,0.16245880753824038,-0.4512396897400277,1.6852733880027407e-09
18.370952203052322,-41.27999343032873,50.09999999998809,0.1622816209670777,-0.450333014819554,1.682545059452662e-09
18.38196068644771,-41.28562230652939,50.099999999988064,0.16210386101459104,-0.4494248834941241,1.6797577855326743e-09
18.39297053368483,-41.291250729419694,50.09999999998805,0.16192552704000024,-0.4485152959587395,1.676936828544167e-09
18.403981745276095,-41.2968786987648,50.09999999998802,0.16174661840229074,-0.4476042524086521,1.67410745078853e-09
18.414994321733968,-41.30250621432974,50.099999999987986,0.16156713446021279,-0.44669175303936426,1.671202286128724e-09
18.42600826357098,-41.30813327587952,50.09999999998796,0.16138707457228194,-0.445777798046629,1.668297121468918e-09
18.437023571299733,-41.313759883179046,50.09999999998795,0.16120643809677873,-0.4448623876264506,1.6653498529734626e-09
18.44804024543287,-41.319386035993126,50.099999999987915,0.16102522439174877,-0.4439455219750846,1.6623520598752281e-09
18.459058286483113,-41.32501173408651,50.099999999987894,0.16084343281500305,-0.44302720128903783,1.6593542667769936e-09
18.470077694963237,-41.330636977223854,50.09999999998786,0.16066106272411754,-0.44210742576506923,1.6563143698431098e-09
18.481098471386083,-41.33626176516976,50.09999999998784,0.16047811347643323,-0.44118619560018846,1.6532492106078361e-09
18.492120616264557,-41.34188609768872,50.09999999998781,0.16029458442905664,-0.4402635109916583,1.650158789071173e-09
18.503144130111615,-41.347509974545154,50.09999999998779,0.16011047493885924,-0.4393393721369933,1.6470178429317306e-09
18.51416901344028,-41.3531333955034,50.099999999987745,0.15992578436247784,-0.43841377923396074,1.6438684760251584e-09
18.525195266763646,-41.358756360327725,50.09999999998772,0.15974051205631404,-0.43748673248058,1.6406770052829367e-09
18.536222890594843,-41.3643788687823,50.099999999987695,0.15955465737653518,-0.4365582320751238,1.6374518514721957e-09
18.547251885447093,-41.37000092063124,50.09999999998768,0.15936821967907366,-0.4356282782161177,1.6341845938258053e-09
18.55828225183366,-41.37562251563857,50.09999999998765,0.1591811983196269,-0.43469687110234045,1.6309257569465447e-09
18.56931399026787,-41.38124365356819,50.099999999987624,0.1589935926536577,-0.43376401093282446,1.6276163954645047e-09
18.580347101263115,-41.386864334184,50.0999999999876,0.15880540203639398,-0.43282969790685555,1.6242733509139455e-09
18.59138158533284,-41.392484557249745,50.09999999998759,0.15861662582282926,-0.4318939322239733,1.6208882025277368e-09
18.602417442990568,-41.39810432252915,50.09999999998756,0.15842726336772206,-0.43095671408397196,1.6174946333743982e-09
18.61345467474987,-41.40372362978582,50.099999999987524,0.15823731402559607,-0.4300180436868993,1.61407580191967e-09
18.624493281124366,-41.40934247878327,50.099999999987496,0.15804677715074078,-0.4290779212330579,1.6105896043279028e-09
18.635533262627767,-41.41496086928498,50.09999999998747,0.15785565209721014,-0.4281363469230048,1.6071034067361358e-09
18.646574619773816,-41.42057880105433,50.09999999998745,0.15766393821882424,-0.42719332095755197,1.603591946842979e-09
18.657617353076333,-41.426196273854586,50.0999999999874,0.15747163486916824,-0.426248843537767,1.6000215415799132e-09
18.66866146304918,-41.43181328744898,50.09999999998738,0.1572787414015922,-0.42530291486497174,1.5964595570839772e-09
18.679706950206306,-41.43742984160064,50.09999999998736,0.1570852571692119,-0.4243555351407441,1.5928470479852619e-09
18.6907538150617,-41.44304593607259,50.09999999998733,0.15689118152490883,-0.423406704566918,1.589200855818027e-09
18.70180205812942,-41.448661570627834,50.09999999998731,0.15669651382132913,-0.4224564233455823,1.5855546636507925e-09
18.712851679923588,-41.45427674502924,50.09999999998728,0.15650125341088456,-0.4215046916790824,1.5818411053465186e-09
18.723902680958364,-41.45989145903961,50.09999999998725,0.1563053996457525,-0.4205515097700204,1.578119126275115e-09
18.734955061747986,-41.46550571242168,50.09999999998723,0.15610895187787557,-0.4195968778212543,1.574371884902322e-09
18.746008822806754,-41.47111950493809,50.099999999987205,0.15591190945896166,-0.4186407960358993,1.5705825396938794e-09
18.757063964649024,-41.476732836351395,50.09999999998717,0.1557142717404846,-0.417683264617327,1.5667595114169173e-09
18.768120487789204,-41.482345706424084,50.09999999998715,0.15551603807368292,-0.4167242837691661,1.5629112208385657e-09
18.779178392741777,-41.48795811491856,50.09999999998712,0.15531720780956113,-0.41576385369530305,1.5590545094930842e-09
18.790237680021264,-41.49357006159714,50.0999999999871,0.15511778029888867,-0.41480197459988116,1.5551556943119532e-09
18.80129835014227,-41.49918154622204,50.099999999987055,0.15491775489220133,-0.4138386466873025,1.551214775295173e-09
18.812360403619437,-41.50479256855543,50.09999999998704,0.15471713093979955,-0.4128738701622257,1.5472401732098732e-09
18.823423840967486,-41.51040312835941,50.099999999987006,0.1545159077917496,-0.4119076452295687,1.5432655711245734e-09
18.834488662701183,-41.51601322539594,50.09999999998698,0.1543140847978832,-0.41093997209450694,1.5392488652036244e-09
18.84555486933535,-41.52162285942693,50.09999999998697,0.15411166130779747,-0.40997085096247454,1.5352153177484157e-09
18.856622461384887,-41.527232030214215,50.099999999986935,0.15390863667085541,-0.40900028203916494,1.5311480872246872e-09
18.86769143936474,-41.53284073751954,50.09999999998689,0.15370501023618532,-0.40802826553053007,1.5270387528653095e-09
18.878761803789907,-41.53844898110459,50.099999999986885,0.1535007813526808,-0.4070548016427806,1.5229125769716721e-09
18.889833555175464,-41.54405676073091,50.09999999998685,0.15329594936900154,-0.406079890582387,1.5187442972423854e-09
18.900906694036532,-41.54966407616005,50.09999999998682,0.1530905136335725,-0.4051035325560797,1.5145844382802283e-09
18.91198122088829,-41.55527092715338,50.099999999986785,0.1528844734945842,-0.4041257277708481,1.5103487924139025e-09
18.923057136245983,-41.56087731347227,50.09999999998677,0.15267782829999282,-0.4031464764339415,1.5061131465475767e-09
18.934134440624913,-41.566483234877964,50.099999999986736,0.15247057739752035,-0.40216577875287063,1.501810134544212e-09
18.945213134540435,-41.572088691131654,50.09999999998671,0.15226272013465425,-0.40118363493540504,1.4975492263764966e-09
18.956293218507966,-41.577693681994404,50.09999999998668,0.1520542558586473,-0.40020004518957564,1.4932041105374824e-09
18.96737469304298,-41.583298207227244,50.09999999998667,0.15184518391651838,-0.3992150097236742,1.4888589946984684e-09
18.978457558661017,-41.5889022665911,50.09999999998663,0.1516355036550521,-0.39822852874625314,1.484463354256675e-09
18.98954181587766,-41.59450585984682,50.09999999998661,0.15142521442079837,-0.39724060246612614,1.4800929761162713e-09
19.000627465208566,-41.60010898675514,50.09999999998658,0.15121431556007284,-0.39625123109236826,1.4756299695374388e-09
19.01171450716944,-41.60571164707678,50.099999999986544,0.15100280641895752,-0.39526041483431684,1.4711838044928663e-09
19.022802942276048,-41.611313840572315,50.099999999986515,0.15079068634329915,-0.39426815390156983,1.4666702733112547e-09
19.033892771044208,-41.61691556700227,50.09999999998649,0.15057795467871082,-0.3932744485039882,1.462156742129643e-09
19.044983993989803,-41.62251682612708,50.099999999986466,0.15036461077057123,-0.39227929885169444,1.4576179486466419e-09
19.05607661162878,-41.6281176177071,50.09999999998644,0.1501506539640248,-0.39128270515507413,1.4530286305608615e-09
19.06717062447713,-41.63371794150258,50.0999999999864,0.14993608360398197,-0.39028466762477493,1.4484308917079513e-09
19.078266033050905,-41.639317797273755,50.09999999998638,0.1497208990351184,-0.3892851864717076,1.4438163113207812e-09
19.089362837866222,-41.64491718478068,50.099999999986345,0.14950509960187638,-0.3882842619070461,1.4391848893993515e-09
19.100461039439235,-41.65051610378339,50.09999999998633,0.14928868464846312,-0.38728189414222725,1.434460839039493e-09
19.111560638286186,-41.65611455404183,50.099999999986295,0.14907165351885254,-0.3862780833889518,1.4297704717481541e-09
19.122661634923357,-41.66171253531586,50.099999999986274,0.14885400555678363,-0.38527282985918365,1.4250211590869062e-09
19.133764029867088,-41.66731004736526,50.09999999998625,0.1486357401057617,-0.38426613376515084,1.4202718464256581e-09
19.14486782363377,-41.67290708994971,50.09999999998622,0.1484168565090579,-0.38325799531934596,1.415463588394501e-09
19.155973016739857,-41.67850366282882,50.09999999998619,0.14819735410970913,-0.382248414734525,1.4106637511304737e-09
19.167079609701865,-41.68409976576211,50.09999999998617,0.14797723225051826,-0.3812373922237091,1.4058218100307972e-09
19.178187603036367,-41.68969539850905,50.09999999998613,0.14775649027405421,-0.38022492800018404,1.400954606629731e-09
19.189296997259977,-41.69529056082898,50.0999999999861,0.14753512752265144,-0.37921102227750003,1.3960452993930154e-09
19.200407792889383,-41.70088525248118,50.09999999998607,0.14731314333841083,-0.3781956752694732,1.3911359921563e-09
19.21151999044132,-41.706479473224846,50.099999999986046,0.14709053706319902,-0.3771788871901842,1.386184581083935e-09
19.22263359043259,-41.71207322281908,50.09999999998602,0.14686730803864873,-0.37616065825397993,1.3812247492444402e-09
19.233748593380035,-41.71766650102293,50.09999999998599,0.14664345560615816,-0.37514098867547246,1.376222813569296e-09
19.244864999800566,-41.72325930759534,50.09999999998596,0.14641897910689247,-0.37411987866954044,1.371204036359892e-09
19.25598281021115,-41.728851642295155,50.099999999985926,0.146193877881782,-0.3730973284513279,1.3661431553148387e-09
19.267102025128803,-41.73444350488118,50.099999999985904,0.14596815127152352,-0.37207333823624605,1.3610822742697856e-09
19.2782226450706,-41.74003489511208,50.099999999985876,0.1457417986165798,-0.3710479082399719,1.355979289389083e-09
19.28934467055368,-41.745625812746496,50.09999999998585,0.14551481925717968,-0.37002103867845004,1.3508510422069907e-09
19.300468102095223,-41.75121625754294,50.09999999998581,0.14528721253331814,-0.36899272976789177,1.3456975327235087e-09
19.311592940212478,-41.75680622925987,50.09999999998579,0.1450589777847561,-0.36796298172477515,1.3405103401715074e-09
19.322719185422738,-41.76239572765565,50.09999999998577,0.1448301143510208,-0.36693179476584614,1.3353063060852463e-09
19.33384683824337,-41.76798475248855,50.09999999998574,0.14460062157140544,-0.36589916910811826,1.3300854304647254e-09
19.344975899191773,-41.773573303516784,50.09999999998571,0.14437049878496958,-0.3648651049688729,1.3248140302414253e-09
19.35610636878542,-41.77916138049843,50.09999999998568,0.1441397453305387,-0.36382960256565955,1.3195342092509954e-09
19.36723824754183,-41.78474898319157,50.09999999998565,0.1439083605467048,-0.3627926621162956,1.3142375467263056e-09
19.378371535978584,-41.79033611135411,50.09999999998561,0.14367634377182556,-0.361754283838867,1.3089156219002264e-09
19.389506234613314,-41.79592276474392,50.09999999998559,0.14344369434402549,-0.360714467951729,1.3035431724713678e-09
19.400642343963703,-41.80150894311879,50.09999999998556,0.14321041160119502,-0.359673214673505,1.2981707230425092e-09
