galstreams/tracks/track.Gaia-4.malhan2018.ecsv
# %ECSV 0.9
# ---
# datatype:
# - {name: sc.ra, unit: deg, datatype: float64}
# - {name: sc.dec, unit: deg, datatype: float64}
# - {name: sc.distance, unit: kpc, datatype: float64}
# - {name: width, datatype: float64}
# meta: !!omap
# - __serialized_columns__:
#     sc:
#       __class__: astropy.coordinates.sky_coordinate.SkyCoord
#       dec: !astropy.table.SerializedColumn
#         __class__: astropy.coordinates.angles.Latitude
#         unit: &id001 !astropy.units.Unit {unit: deg}
#         value: !astropy.table.SerializedColumn {name: sc.dec}
#       distance: !astropy.table.SerializedColumn
#         __class__: astropy.coordinates.distances.Distance
#         unit: !astropy.units.Unit {unit: kpc}
#         value: !astropy.table.SerializedColumn {name: sc.distance}
#       frame: icrs
#       ra: !astropy.table.SerializedColumn
#         __class__: astropy.coordinates.angles.Longitude
#         unit: *id001
#         value: !astropy.table.SerializedColumn {name: sc.ra}
#         wrap_angle: !astropy.coordinates.Angle
#           unit: *id001
#           value: 360.0
#       representation_type: spherical
# schema: astropy-2.0
sc.ra sc.dec sc.distance width
[from data line 528]
165.38192636247723 -6.272095872806272 11.176385272495446 0.0
165.38638496843393 -6.263131623516769 11.177276993686785 0.0
165.39084342127572 -6.25416733660332 11.178168684255143 0.0
165.39530172122818 -6.245203012121479 11.179060344245636 0.0
165.39975986851675 -6.236238650126845 11.17995197370335 0.0
165.40421786336685 -6.227274250674939 11.18084357267337 0.0
165.40867570600395 -6.218309813821311 11.18173514120079 0.0
165.41313339665342 -6.209345339621534 11.182626679330683 0.0
165.4175909355407 -6.200380828131098 11.183518187108136 0.0
165.42204832289104 -6.191416279405562 11.184409664578208 0.0
165.42650555892985 -6.182451693500448 11.18530111178597 0.0
165.43096264388237 -6.17348707047123 11.186192528776473 0.0
165.43541957797387 -6.164522410373465 11.187083915594775 0.0
165.43987636142964 -6.1555577132626 11.187975272285927 0.0
165.44433299447485 -6.146592979194163 11.18886659889497 0.0
165.4487894773347 -6.137628208223636 11.189757895466942 0.0
165.4532458102344 -6.128663400406462 11.190649162046878 0.0
165.457701993399 -6.119698555798146 11.191540398679802 0.0
165.46215802705368 -6.110733674454136 11.192431605410734 0.0
165.46661391142348 -6.101768756429891 11.193322782284696 0.0
165.4710696467335 -6.092803801780845 11.194213929346699 0.0
165.4755252332087 -6.083838810562473 11.195105046641743 0.0
165.47998067107423 -6.074873782830178 11.195996134214846 0.0
165.48443596055492 -6.065908718639395 11.196887192110983 0.0
165.48889110187585 -6.056943618045547 11.19777822037517 0.0
165.49334609526184 -6.047978481104032 11.198669219052368 0.0
165.49780094093782 -6.0390133078702934 11.199560188187563 0.0
165.50225563912875 -6.030048098399696 11.20045112782575 0.0
165.50671019005938 -6.0210828527476306 11.201342038011875 0.0
165.5111645939546 -6.012117570969514 11.202232918790918 0.0
165.5156188510392 -6.003152253120682 11.203123770207839 0.0
165.5200729615379 -5.994186899256539 11.204014592307578 0.0
165.52452692567553 -5.985221509432449 11.204905385135106 0.0
165.52898074367678 -5.976256083703736 11.205796148735356 0.0
165.53343441576632 -5.967290622125781 11.206686883153264 0.0
165.53788794216888 -5.958325124753919 11.207577588433775 0.0
165.54234132310907 -5.949359591643487 11.208468264621814 0.0
165.5467945588115 -5.940394022849823 11.209358911762303 0.0
165.55124764950082 -5.931428418428217 11.210249529900164 0.0
165.55570059540156 -5.922462778434019 11.211140119080312 0.0
165.56015339673826 -5.913497102922527 11.21203067934765 0.0
165.5646060537355 -5.9045313919490425 11.2129212107471 0.0
165.56905856661768 -5.89556564556885 11.213811713323537 0.0
165.5735109356094 -5.88659986383727 11.214702187121878 0.0
165.57796316093496 -5.877634046809551 11.215592632186992 0.0
165.58241524281888 -5.868668194540969 11.216483048563775 0.0
165.5868671814855 -5.859702307086823 11.2173734362971 0.0
165.59131897715926 -5.8507363845023335 11.218263795431852 0.0
165.59577063006446 -5.841770426842796 11.219154126012892 0.0
165.60022214042542 -5.832804434163427 11.220044428085084 0.0
165.60467350846645 -5.823838406519465 11.22093470169329 0.0
165.6091247344118 -5.81487234396618 11.22182494688236 0.0
165.61357581848574 -5.805906246558754 11.222715163697147 0.0
165.61802676091247 -5.796940114352437 11.223605352182494 0.0
165.6224775619162 -5.787973947402451 11.224495512383243 0.0
165.62692822172113 -5.779007745763963 11.225385644344225 0.0
165.63137874055138 -5.770041509492211 11.226275748110277 0.0
165.63582911863108 -5.761075238642376 11.227165823726216 0.0
165.6402793561843 -5.752108933269647 11.228055871236858 0.0
165.64472945343513 -5.743142593429192 11.228945890687026 0.0
165.64917941060767 -5.734176219176217 11.229835882121534 0.0
165.65362922792588 -5.725209810565858 11.230725845585175 0.0
165.65807890561376 -5.716243367653286 11.231615781122752 0.0
165.66252844389535 -5.707276890493655 11.23250568877907 0.0
165.66697784299458 -5.698310379142102 11.233395568598917 0.0
165.67142710313533 -5.689343833653802 11.234285420627065 0.0
165.67587622454153 -5.680377254083855 11.235175244908305 0.0
165.68032520743708 -5.671410640487388 11.236065041487416 0.0
165.68477405204584 -5.662443992919556 11.236954810409168 0.0
165.6892227585916 -5.653477311435431 11.23784455171832 0.0
165.6936713272982 -5.644510596090153 11.238734265459641 0.0
165.69811975838942 -5.635543846938822 11.239623951677885 0.0
165.70256805208905 -5.626577064036501 11.24051361041781 0.0
165.70701620862073 -5.617610247438324 11.241403241724147 0.0
165.71146422820826 -5.608643397199328 11.242292845641652 0.0
165.7159121110753 -5.5996765133746225 11.243182422215062 0.0
165.72035985744552 -5.590709596019276 11.244071971489102 0.0
165.72480746754258 -5.581742645188317 11.244961493508516 0.0
165.72925494159006 -5.572775660936836 11.245850988318011 0.0
165.73370227981152 -5.563808643319872 11.246740455962305 0.0
165.73814948243063 -5.554841592392469 11.247629896486126 0.0
165.7425965496709 -5.545874508209651 11.248519309934181 0.0
165.74704348175578 -5.5369073908264825 11.249408696351157 0.0
165.75149027890882 -5.527940240297955 11.250298055781764 0.0
165.75593694135353 -5.518973056679085 11.251187388270704 0.0
165.76038346931333 -5.510005840024919 11.252076693862666 0.0
165.7648298630116 -5.501038590390415 11.252965972602322 0.0
165.76927612267184 -5.49207130783062 11.253855224534368 0.0
165.77372224851734 -5.48310399240049 11.25474444970347 0.0
165.77816824077155 -5.4741366441550126 11.25563364815431 0.0
165.78261409965774 -5.465169263149198 11.256522819931547 0.0
165.7870598253992 -5.456201849437979 11.257411965079843 0.0
165.79150541821932 -5.4472344030763535 11.258301083643863 0.0
165.79595087834124 -5.438266924119284 11.259190175668248 0.0
165.8003962059883 -5.429299412621688 11.260079241197662 0.0
165.80484140138367 -5.420331868638552 11.260968280276733 0.0
165.80928646475058 -5.411364292224804 11.261857292950117 0.0
165.81373139631216 -5.402396683435382 11.262746279262434 0.0
165.81817619629157 -5.3934290423252245 11.263635239258315 0.0
165.82262086491198 -5.384461368949221 11.264524172982396 0.0
165.82706540239647 -5.375493663362325 11.265413080479295 0.0
165.83150980896806 -5.366525925619434 11.266301961793612 0.0
165.8359540848499 -5.357558155775452 11.26719081696998 0.0
165.840398230265 -5.348590353885279 11.268079646053001 0.0
165.84484224543638 -5.339622520003807 11.268968449087277 0.0
165.84928613058696 -5.330654654185923 11.269857226117391 0.0
165.85372988593983 -5.3216867564864945 11.270745977187966 0.0
165.8581735117178 -5.312718826960431 11.271634702343562 0.0
165.8626170081439 -5.303750865662552 11.27252340162878 0.0
165.86706037544099 -5.294782872647757 11.273412075088197 0.0
165.87150361383195 -5.285814847970899 11.27430072276639 0.0
165.8759467235396 -5.276846791686795 11.275189344707922 0.0
165.88038970478684 -5.267878703850332 11.276077940957368 0.0
165.88483255779644 -5.258910584516304 11.276966511559289 0.0
165.8892752827912 -5.249942433739573 11.277855056558241 0.0
165.8937178799939 -5.24097425157497 11.278743575998778 0.0
165.89816034962723 -5.232006038077274 11.279632069925446 0.0
165.90260269191396 -5.223037793301337 11.280520538382792 0.0
165.9070449070768 -5.214069517301952 11.281408981415359 0.0
165.91148699533838 -5.205101210133921 11.282297399067676 0.0
165.9159289569214 -5.19613287185204 11.283185791384279 0.0
165.92037079204846 -5.187164502511096 11.284074158409691 0.0
165.9248125009422 -5.178196102165875 11.284962500188442 0.0
165.92925408382519 -5.169227670871151 11.285850816765038 0.0
165.93369554091998 -5.1602592086817 11.286739108183998 0.0
165.93813687244915 -5.151290715652282 11.28762737448983 0.0
165.9425780786352 -5.14232219183766 11.28851561572704 0.0
165.94701915970066 -5.133353637292584 11.289403831940131 0.0
165.951460115868 -5.124385052071795 11.2902920231736 0.0
165.95590094735962 -5.115416436230067 11.291180189471925 0.0
165.96034165439806 -5.106447789822088 11.292068330879612 0.0
165.96478223720567 -5.097479112902625 11.292956447441133 0.0
165.96922269600486 -5.088510405526401 11.293844539200972 0.0
165.973663031018 -5.0795416677480985 11.294732606203599 0.0
165.97810324246743 -5.070572899622467 11.295620648493486 0.0
165.98254333057548 -5.061604101204199 11.296508666115097 0.0
165.98698329556447 -5.052635272547996 11.297396659112895 0.0
165.99142313765668 -5.043666413708566 11.298284627531336 0.0
165.99586285707437 -5.034697524740561 11.299172571414875 0.0
166.0003024540398 -5.025728605698701 11.30006049080796 0.0
166.00474192877516 -5.0167596566376504 11.300948385755031 0.0
166.0091812815027 -5.007790677612082 11.301836256300538 0.0
166.01362051244456 -4.998821668676663 11.302724102488913 0.0
166.0180596218229 -4.98985262988605 11.303611924364583 0.0
166.02249860985987 -4.980883561294901 11.304499721971974 0.0
166.02693747677756 -4.971914462957849 11.305387495355513 0.0
166.03137622279812 -4.962945334929577 11.306275244559624 0.0
166.03581484814353 -4.953976177264685 11.307162969628706 0.0
166.04025335303598 -4.945006990017816 11.308050670607196 0.0
166.0446917376974 -4.936037773243596 11.308938347539481 0.0
166.0491300023498 -4.927068526996635 11.309826000469963 0.0
166.0535681472152 -4.918099251331582 11.31071362944304 0.0
166.05800617251558 -4.90912994630301 11.311601234503115 0.0
166.06244407847288 -4.900160611965523 11.312488815694575 0.0
166.06688186530903 -4.8911912483737545 11.313376373061805 0.0
166.07131953324588 -4.882221855582248 11.314263906649177 0.0
166.07575708250542 -4.873252433645628 11.315151416501084 0.0
166.08019451330944 -4.864282982618459 11.316038902661887 0.0
166.0846318258798 -4.855313502555321 11.31692636517596 0.0
166.08906902043833 -4.846343993510781 11.317813804087667 0.0
166.09350609720684 -4.837374455539403 11.318701219441369 0.0
166.0979430564071 -4.828404888695748 11.319588611281421 0.0
166.10237989826092 -4.819435293034369 11.320475979652183 0.0
166.10681662298998 -4.810465668609811 11.321363324597996 0.0
166.11125323081603 -4.801496015476616 11.322250646163207 0.0
166.11568972196073 -4.792526333689322 11.323137944392148 0.0
166.12012609664583 -4.783556623302462 11.324025219329167 0.0
166.12456235509302 -4.774586884370545 11.324912471018603 0.0
166.1289984975238 -4.765617116948127 11.325799699504762 0.0
166.13343452415992 -4.756647321089692 11.326686904831984 0.0
166.13787043522294 -4.747677496849745 11.327574087044587 0.0
166.14230623093442 -4.738707644282825 11.328461246186885 0.0
166.14674191151596 -4.729737763443385 11.329348382303191 0.0
166.15117747718907 -4.720767854385962 11.330235495437813 0.0
166.15561292817526 -4.71179791716501 11.331122585635052 0.0
166.16004826469606 -4.702827951835014 11.332009652939211 0.0
166.16448348697298 -4.693857958450479 11.332896697394597 0.0
166.1689185952274 -4.684887937065834 11.333783719045481 0.0
166.17335358968083 -4.675917887735577 11.334670717936167 0.0
166.17778847055467 -4.666947810514161 11.335557694110936 0.0
166.18222323807032 -4.657977705456036 11.336444647614064 0.0
166.18665789244915 -4.649007572615653 11.33733157848983 0.0
166.19109243391256 -4.640037412047461 11.338218486782512 0.0
166.19552686268182 -4.631067223805893 11.339105372536363 0.0
166.19996117897836 -4.622097007945373 11.339992235795672 0.0
166.2043953830234 -4.613126764520366 11.340879076604683 0.0
166.20882947503824 -4.604156493585257 11.341765895007649 0.0
166.21326345524415 -4.595186195194479 11.34265269104883 0.0
166.2176973238624 -4.5862158694024435 11.343539464772482 0.0
166.2221310811142 -4.577245516263546 11.344426216222843 0.0
166.22656472722073 -4.568275135832222 11.345312945444146 0.0
166.23099826240323 -4.559304728162836 11.346199652480646 0.0
166.23543168688283 -4.550334293309779 11.347086337376567 0.0
166.23986500088068 -4.54136383132747 11.347973000176136 0.0
166.24429820461793 -4.532393342270245 11.348859640923587 0.0
166.24873129831568 -4.523422826192516 11.349746259663135 0.0
166.253164282195 -4.514452283148652 11.350632856439 0.0
166.257597156477 -4.505481713192987 11.3515194312954 0.0
166.26202992138272 -4.496511116379924 11.352405984276544 0.0
166.26646257713318 -4.487540492763774 11.353292515426636 0.0
166.2708951239494 -4.478569842398921 11.35417902478988 0.0
166.27532756205238 -4.469599165339711 11.355065512410476 0.0
166.27975989166313 -4.460628461640449 11.355951978332627 0.0
166.28419211300255 -4.451657731355504 11.356838422600509 0.0
166.28862422629163 -4.442686974539195 11.357724845258327 0.0
166.29305623175128 -4.433716191245846 11.358611246350256 0.0
166.29748812960236 -4.424745381529765 11.359497625920472 0.0
166.3019199200658 -4.415774545445301 11.360383984013163 0.0
166.3063516033625 -4.406803683046729 11.361270320672498 0.0
166.31078317971318 -4.397832794388353 11.362156635942636 0.0
166.31521464933877 -4.388861879524509 11.363042929867754 0.0
166.31964601246008 -4.3798909385094404 11.363929202492017 0.0
166.32407726929787 -4.370919971397488 11.364815453859574 0.0
166.32850842007292 -4.361948978242898 11.365701684014585 0.0
166.33293946500598 -4.352977959099952 11.366587893001196 0.0
166.33737040431777 -4.344006914022957 11.367474080863554 0.0
166.34180123822907 -4.335035843066137 11.368360247645814 0.0
166.34623196696052 -4.326064746283792 11.369246393392103 0.0
166.35066259073278 -4.317093623730179 11.370132518146557 0.0
166.3550931097666 -4.308122475459519 11.371018621953322 0.0
166.35952352428257 -4.299151301526098 11.371904704856513 0.0
166.36395383450127 -4.290180101984146 11.372790766900255 0.0
166.3683840406434 -4.281208876887905 11.373676808128682 0.0
166.3728141429295 -4.272237626291621 11.374562828585903 0.0
166.37724414158018 -4.263266350249486 11.375448828316035 0.0
166.38167403681592 -4.254295048815764 11.376334807363184 0.0
166.38610382885733 -4.245323722044665 11.377220765771465 0.0
166.3905335179249 -4.236352369990397 11.37810670358498 0.0
166.3949631042391 -4.227380992707165 11.378992620847821 0.0
166.39939258802045 -4.218409590249209 11.379878517604089 0.0
166.40382196948943 -4.2094381626706925 11.380764393897886 0.0
166.40825124886646 -4.200466710025815 11.381650249773292 0.0
166.41268042637196 -4.191495232368798 11.382536085274392 0.0
166.41710950222637 -4.182523729753783 11.383421900445274 0.0
166.42153847665006 -4.173552202234988 11.384307695330012 0.0
166.42596734986338 -4.164580649866589 11.385193469972677 0.0
166.43039612208676 -4.155609072702725 11.386079224417353 0.0
166.4348247935405 -4.1466374707976055 11.386964958708102 0.0
166.43925336444494 -4.137665844205351 11.387850672888987 0.0
166.44368183502039 -4.128694192980151 11.388736367004077 0.0
166.4481102054871 -4.11972251717616 11.38962204109742 0.0
166.45253847606537 -4.110750816847492 11.390507695213074 0.0
166.45696664697545 -4.101779092048325 11.39139332939509 0.0
166.46139471843756 -4.092807342832786 11.392278943687511 0.0
166.46582269067196 -4.083835569255011 11.393164538134391 0.0
166.47025056389882 -4.074863771369117 11.394050112779762 0.0
166.47467833833832 -4.065891949229263 11.394935667667664 0.0
166.47910601421063 -4.056920102889534 11.395821202842125 0.0
166.48353359173595 -4.047948232404059 11.39670671834719 0.0
166.48796107113435 -4.03897633782695 11.39759221422687 0.0
166.49238845262602 -4.030004419212302 11.398477690525203 0.0
166.49681573643096 -4.0210324766142485 11.399363147286191 0.0
166.5012429227693 -4.012060510086852 11.40024858455386 0.0
166.50567001186116 -4.003088519684211 11.401134002372231 0.0
166.51009700392652 -3.9941165054604415 11.402019400785303 0.0
166.51452389918543 -3.9851444674695853 11.402904779837087 0.0
166.51895069785792 -3.9761724057657526 11.403790139571583 0.0
166.52337740016395 -3.967200320403021 11.40467548003279 0.0
166.52780400632355 -3.9582282114354252 11.40556080126471 0.0
166.53223051655667 -3.9492560789170645 11.406446103311334 0.0
166.53665693108323 -3.9402839229019877 11.407331386216645 0.0
166.54108325012322 -3.9313117434442515 11.408216650024645 0.0
166.54550947389652 -3.9223395405979207 11.409101894779303 0.0
