galstreams/tracks/track.st.Monoceros.ramos2021.ecsv
# %ECSV 0.9
# ---
# datatype:
# - {name: ra, unit: deg, datatype: float64}
# - {name: dec, unit: deg, datatype: float64}
# - {name: distance, unit: kpc, datatype: float64}
# - {name: pm_ra_cosdec, unit: mas / yr, datatype: float64}
# - {name: pm_dec, unit: mas / yr, datatype: float64}
# - {name: radial_velocity, unit: km / s, datatype: float64}
# delimiter: ','
# meta: !!omap
# - __serialized_columns__:
#     dec:
#       __class__: astropy.coordinates.angles.Latitude
#       unit: &id001 !astropy.units.Unit {unit: deg}
#       value: !astropy.table.SerializedColumn {name: dec}
#     distance:
#       __class__: astropy.coordinates.distances.Distance
#       unit: !astropy.units.Unit {unit: kpc}
#       value: !astropy.table.SerializedColumn {name: distance}
#     pm_dec:
#       __class__: astropy.units.quantity.Quantity
#       unit: !astropy.units.Unit {unit: mas / yr}
#       value: !astropy.table.SerializedColumn {name: pm_dec}
#     pm_ra_cosdec:
#       __class__: astropy.units.quantity.Quantity
#       unit: !astropy.units.Unit {unit: mas / yr}
#       value: !astropy.table.SerializedColumn {name: pm_ra_cosdec}
#     ra:
#       __class__: astropy.coordinates.angles.Longitude
#       unit: *id001
#       value: !astropy.table.SerializedColumn {name: ra}
#       wrap_angle: !astropy.coordinates.Angle
#         unit: *id001
#         value: 360.0
#     radial_velocity:
#       __class__: astropy.units.quantity.Quantity
#       unit: !astropy.units.Unit {unit: km / s}
#       value: !astropy.table.SerializedColumn {name: radial_velocity}
# schema: astropy-2.0
ra,dec,distance,pm_ra_cosdec,pm_dec,radial_velocity
[from data line 1901]
102.43416067622476,55.52537901721612,10.59999999999999,0.2247820158810148,-0.6853362127963345,-1.473634247727659e-14
102.44135104367761,55.516213141949926,10.59999999999999,0.22441250684586392,-0.6854864728959693,-1.0525958912340423e-14
102.44853964912505,55.50704732600365,10.599999999999994,0.2240429372464769,-0.6856360594519422,-1.2631150694808506e-14
102.45572650464744,55.49788157258911,10.59999999999999,0.22367331264288653,-0.6857849762926119,-8.420767129872338e-15
102.46291162232379,55.48871588491773,10.59999999999999,0.22330363859164115,-0.6859332272645721,-1.0525958912340423e-14
102.47009501423105,55.479550266200604,10.599999999999993,0.22293392064565243,-0.6860808162325359,-1.0525958912340423e-14
102.4772766924437,55.47038471964824,10.599999999999993,0.22256416435404008,-0.6862277470792216,-1.0525958912340423e-14
102.48445666903342,55.461219248470464,10.59999999999999,0.22219437526197586,-0.6863740237052353,-1.473634247727659e-14
102.4916349560684,55.452053855876436,10.59999999999999,0.2218245589105323,-0.6865196500289539,-1.2631150694808506e-14
102.49881156561315,55.44288854507419,10.59999999999999,0.22145472083652645,-0.686664629986409,-6.315575347404253e-15
102.50598650972796,55.43372331927076,10.599999999999993,0.2210848665723663,-0.6868089675311688,-8.420767129872338e-15
102.51315980046843,55.424558181671884,10.59999999999999,0.22071500164589877,-0.6869526666342206,-1.473634247727659e-14
102.5203314498849,55.415393135482105,10.59999999999999,0.22034513158025612,-0.6870957312838486,-1.6841534259744676e-14
102.52750147002233,55.4062281839043,10.59999999999999,0.21997526189370184,-0.687238165485519,-1.2631150694808506e-14
102.53466987291962,55.3970633301398,10.599999999999994,0.21960539809947896,-0.6873799732617574,-1.473634247727659e-14
102.54183667060919,55.38789857738814,10.599999999999993,0.21923554570565806,-0.6875211586520291,-1.0525958912340423e-14
102.54900187511667,55.378733928846955,10.599999999999993,0.2188657102149831,-0.6876617257126185,-1.6841534259744676e-14
102.55616549846022,55.36956938771195,10.59999999999999,0.2184958971247236,-0.6878016785165064,-1.0525958912340423e-14
102.56332755265039,55.360404957176534,10.59999999999999,0.2181261119265178,-0.6879410211532497,-1.0525958912340423e-14
102.57048804968949,55.351240640431875,10.59999999999999,0.21775636010622637,-0.6880797577288578,-1.473634247727659e-14
102.5776470015713,55.34207644066666,10.599999999999993,0.21738664714377637,-0.6882178923656702,-1.0525958912340423e-14
102.58480442028035,55.33291236106715,10.59999999999999,0.21701697851301704,-0.6883554292022335,-6.315575347404253e-15
102.59196031779192,55.323748404816804,10.59999999999999,0.2166473596815625,-0.6884923723931761,-8.420767129872338e-15
102.59911470607128,55.31458457509627,10.59999999999999,0.21627779611064563,-0.6886287261090852,-1.0525958912340423e-14
102.60626759707344,55.30542087508317,10.59999999999999,0.2159082932549668,-0.6887644945363804,0.0
102.61341900274255,55.29625730795228,10.599999999999993,0.2155388565625467,-0.6888996818771902,-1.2631150694808506e-14
102.62056893501169,55.28709387687491,10.599999999999993,0.21516949147457343,-0.6890342923492253,-8.420767129872338e-15
102.62771740580233,55.277930585019156,10.599999999999994,0.21480020342525583,-0.6891683301856515,-8.420767129872338e-15
102.63486442702389,55.26876743554958,10.59999999999999,0.21443099784167524,-0.689301799634964,-6.315575347404253e-15
102.64201001057349,55.25960443162716,10.59999999999999,0.2140618801436348,-0.6894347049608599,-1.0525958912340423e-14
102.64915416833517,55.25044157640923,10.599999999999994,0.21369285574351538,-0.6895670504421095,-1.473634247727659e-14
102.65629691217991,55.24127887304919,10.599999999999993,0.21332393004612465,-0.6896988403724307,-1.473634247727659e-14
102.66343825396498,55.23211632469643,10.599999999999993,0.21295510844855053,-0.689830079060358,-6.315575347404253e-15
102.67057820553357,55.22295393449626,10.599999999999993,0.21258639634001486,-0.689960770829114,-1.6841534259744676e-14
102.67771677871428,55.21379170558985,10.59999999999999,0.21221779910172772,-0.6900909200164808,-8.420767129872338e-15
102.68485398532093,55.2046296411139,10.59999999999999,0.21184932210673874,-0.6902205309746692,-6.315575347404253e-15
102.69198983715201,55.195467744200656,10.59999999999999,0.21148097071979227,-0.6903496080701881,-1.0525958912340423e-14
102.69912434599031,55.18630601797772,10.599999999999993,0.21111275029718257,-0.6904781556837163,-8.420767129872338e-15
102.70625752360242,55.177144465568105,10.59999999999999,0.2107446661866086,-0.6906061782099678,-8.420767129872338e-15
102.71338938173852,55.16798309008983,10.599999999999993,0.2103767237270277,-0.6907336800575623,-1.2631150694808506e-14
102.72051993213184,55.15882189465597,10.599999999999993,0.21000892824851203,-0.6908606656488928,-6.315575347404253e-15
102.72764918649831,55.14966088237455,10.599999999999993,0.20964128507210472,-0.6909871394199932,-1.0525958912340423e-14
102.73477715653623,55.140500056348266,10.599999999999993,0.2092737995096749,-0.6911131058204056,-1.473634247727659e-14
102.74190385392556,55.13133941967464,10.599999999999993,0.2089064768637779,-0.6912385693130468,-1.0525958912340423e-14
102.74902929032805,55.12217897544561,10.59999999999999,0.20853932242750647,-0.6913635343740752,-8.420767129872338e-15
102.75615347738642,55.11301872674757,10.59999999999999,0.20817234148435282,-0.6914880054927558,-1.0525958912340423e-14
102.76327642672422,55.10385867666117,10.59999999999999,0.207805539308064,-0.6916119871713275,-1.2631150694808506e-14
102.77039814994517,55.09469882826136,10.599999999999993,0.20743892116250245,-0.6917354839248671,-1.473634247727659e-14
102.7775186586331,55.08553918461705,10.599999999999993,0.20707249230150165,-0.6918585002811539,-1.2631150694808506e-14
102.78463796435139,55.07637974879112,10.599999999999993,0.20670625796872677,-0.6919810407805361,-1.6841534259744676e-14
102.79175607864259,55.06722052384027,10.599999999999993,0.20634022339753377,-0.6921031099757929,-1.0525958912340423e-14
102.79887301302813,55.05806151281489,10.59999999999999,0.20597439381082863,-0.6922247124319993,-1.0525958912340423e-14
102.8059887790077,55.048902718759095,10.599999999999996,0.20560877442092912,-0.6923458527263888,-8.420767129872338e-15
102.81310338805925,55.03974414471033,10.599999999999993,0.20524337042942326,-0.6924665354482181,-6.315575347404253e-15
102.8202168516383,55.030585793699466,10.599999999999993,0.20487818702703103,-0.6925867651986276,-8.420767129872338e-15
102.82732918117782,55.021427668750576,10.59999999999999,0.20451322939346578,-0.6927065465905056,-6.315575347404253e-15
102.8344403880875,55.01226977288103,10.599999999999993,0.20414850269729817,-0.6928258842483489,-1.6841534259744676e-14
102.84155048375379,55.003112109101025,10.599999999999993,0.20378401209581448,-0.6929447828081265,-1.0525958912340423e-14
102.84865947953928,54.99395468041377,10.599999999999993,0.20341976273488194,-0.6930632469171387,-6.315575347404253e-15
102.8557673867825,54.984797489815215,10.59999999999999,0.20305575974881085,-0.6931812812338798,-8.420767129872338e-15
102.86287421679727,54.975640540294144,10.59999999999999,0.20269200826022002,-0.6932988904278979,-8.420767129872338e-15
102.86997998087266,54.966483834831756,10.599999999999993,0.20232851337989755,-0.6934160791796553,-1.0525958912340423e-14
102.87708469027255,54.957327376401764,10.59999999999999,0.2019652802066677,-0.6935328521803902,-6.315575347404253e-15
102.88418835623514,54.94817116797024,10.59999999999999,0.20160231382725446,-0.6936492141319737,-8.420767129872338e-15
102.89129098997267,54.93901521249559,10.599999999999993,0.2012396193161486,-0.6937651697467722,-8.420767129872338e-15
102.89839260267114,54.929859512928246,10.599999999999993,0.20087720173547166,-0.6938807237475038,-1.6841534259744676e-14
102.90549320548985,54.9207040722107,10.59999999999999,0.2005150661348424,-0.6939958808671004,-6.315575347404253e-15
102.91259280956113,54.91154889327741,10.599999999999993,0.20015321755124468,-0.6941106458485629,-1.2631150694808506e-14
102.91969142599,54.90239397905457,10.59999999999999,0.19979166100889315,-0.6942250234448224,-1.0525958912340423e-14
102.92678906585361,54.89323933246023,10.59999999999999,0.19943040151910268,-0.694339018418595,-1.0525958912340423e-14
102.93388574020128,54.884084956403925,10.599999999999993,0.19906944408015453,-0.6944526355422442,-8.420767129872338e-15
102.94098146005382,54.87493085378671,10.599999999999993,0.1987087936771663,-0.6945658795976338,-1.2631150694808506e-14
102.94807623640347,54.865777027501025,10.59999999999999,0.1983484552819594,-0.6946787553759884,-8.420767129872338e-15
102.95517008021318,54.85662348043072,10.599999999999993,0.1979884338529318,-0.6947912676777475,-6.315575347404253e-15
102.9622630024167,54.84747021545072,10.59999999999999,0.19762873433492448,-0.694903421312425,-8.420767129872338e-15
102.96935501391798,54.83831723542705,10.59999999999999,0.19726936165909342,-0.6950152210984633,-4.210383564936169e-15
102.97644612559098,54.82916454321676,10.599999999999993,0.1969103207427808,-0.6951266718630914,-1.0525958912340423e-14
102.98353634827923,54.820012141667725,10.599999999999993,0.19655161648938624,-0.6952377784421799,-1.0525958912340423e-14
102.99062569279549,54.81086003361873,10.599999999999993,0.19619325378823954,-0.695348545680096,-1.2631150694808506e-14
102.99771416992158,54.801708221899126,10.59999999999999,0.19583523751447157,-0.6954589784295608,-8.420767129872338e-15
103.00480179040791,54.79255670932891,10.599999999999993,0.19547757252888837,-0.6955690815515027,-1.2631150694808506e-14
103.0118885649733,54.78340549871848,10.59999999999999,0.19512026367784452,-0.6956788599149137,-1.0525958912340423e-14
103.01897450430441,54.7742545928688,10.59999999999999,0.1947633157931175,-0.6957883183967034,-1.0525958912340423e-14
103.0260596190557,54.76510399457098,10.599999999999993,0.19440673369178124,-0.6958974618815539,-8.420767129872338e-15
103.03314391984898,54.75595370660636,10.59999999999999,0.19405052217608243,-0.696006295261774,-4.210383564936169e-15
103.0402274172732,54.746803731746354,10.59999999999999,0.1936946860333138,-0.6961148234371545,-1.6841534259744676e-14
103.04731012188383,54.7376540727525,10.599999999999993,0.1933392300356944,-0.6962230513148193,-1.6841534259744676e-14
103.05439204420301,54.728504732376116,10.59999999999999,0.1929841589402415,-0.6963309838090822,-8.420767129872338e-15
103.06147319471891,54.71935571335839,10.59999999999999,0.19262947748865072,-0.696438625841299,-1.0525958912340423e-14
103.0685535838856,54.71020701843019,10.599999999999993,0.19227519040717211,-0.6965459823397208,-1.0525958912340423e-14
103.07563322212256,54.70105865031213,10.59999999999999,0.19192130240649077,-0.6966530582393476,-1.0525958912340423e-14
103.08271211981456,54.69191061171425,10.599999999999993,0.19156781818160235,-0.6967598584817803,-4.210383564936169e-15
103.08979028731135,54.682762905336055,10.59999999999999,0.19121474241169473,-0.6968663880150763,-1.0525958912340423e-14
103.09686773492726,54.673615533866446,10.599999999999993,0.19086207976002628,-0.6969726517935972,-8.420767129872338e-15
103.10394447294101,54.6644684999835,10.59999999999999,0.1905098348738077,-0.6970786547778671,-8.420767129872338e-15
103.11102051159527,54.65532180635464,10.59999999999999,0.19015801238408261,-0.6971844019344198,-6.315575347404253e-15
103.11809586109655,54.64617545563625,10.599999999999993,0.18980661690560818,-0.6972898982356539,-1.2631150694808506e-14
103.12517053161487,54.6370294504737,10.59999999999999,0.1894556530367375,-0.6973951486596841,-6.315575347404253e-15
103.13224453328338,54.62788379350128,10.599999999999993,0.1891051253593024,-0.697500158190193,-6.315575347404253e-15
103.13931787619812,54.618738487342235,10.599999999999993,0.18875503843849817,-0.6976049318162819,-2.1051917824680845e-15
103.14639057041778,54.60959353460842,10.599999999999993,0.1884053968227637,-0.697709474532324,-1.0525958912340423e-14
103.15346262596346,54.60044893790035,10.599999999999993,0.18805620504366866,-0.6978137913378146,-8.420767129872338e-15
103.16053405281826,54.59130469980714,10.59999999999999,0.18770746761579804,-0.6979178872372227,-4.210383564936169e-15
103.16760486092713,54.58216082290637,10.599999999999993,0.1873591890366358,-0.6980217672398419,-1.6841534259744676e-14
103.17467506019646,54.57301730976408,10.599999999999993,0.1870113737864542,-0.6981254363596421,-8.420767129872338e-15
103.181744660494,54.56387416293458,10.59999999999999,0.18666402632819698,-0.6982288996151197,-8.420767129872338e-15
103.18881367164846,54.55473138496042,10.59999999999999,0.18631715110736788,-0.6983321620291483,-4.210383564936169e-15
103.19588210344929,54.545588978372265,10.59999999999999,0.18597075255191903,-0.69843522862883,-1.2631150694808506e-14
103.20294996564633,54.536446945688986,10.59999999999999,0.18562483507213923,-0.6985381044453456,-1.0525958912340423e-14
103.21001726794968,54.527305289417335,10.599999999999993,0.18527940306054203,-0.698640794513805,-1.2631150694808506e-14
103.2170840200294,54.51816401205199,10.599999999999993,0.18493446089175558,-0.6987433038730981,-1.0525958912340423e-14
103.2241502315153,54.50902311607546,10.59999999999999,0.18459001292241212,-0.6988456375657441,-1.473634247727659e-14
103.23121591199642,54.49988260395812,10.599999999999993,0.18424606349104214,-0.6989478006377421,-6.315575347404253e-15
103.23828107102119,54.49074247815793,10.599999999999993,0.18390261691796045,-0.6990497981384217,-1.2631150694808506e-14
103.24534571809686,54.48160274112043,10.599999999999993,0.1835596775051624,-0.6991516351202927,-6.315575347404253e-15
103.25240986268945,54.472463395278794,10.599999999999993,0.1832172495362136,-0.6992533166388941,-1.2631150694808506e-14
103.2594735142234,54.463324443053494,10.599999999999993,0.1828753372761449,-0.6993548477526459,-1.0525958912340423e-14
103.26653668208124,54.454185886852606,10.59999999999999,0.18253394497134667,-0.6994562335226975,-1.0525958912340423e-14
103.27359937560362,54.445047729071334,10.599999999999993,0.18219307684946026,-0.6995574790127765,-1.0525958912340423e-14
103.2806616040888,54.43590997209217,10.59999999999999,0.18185273711927602,-0.6996585892890416,-6.315575347404253e-15
103.28772337679267,54.42677261828473,10.599999999999993,0.18151292997062707,-0.699759569419929,-1.2631150694808506e-14
103.29478470292814,54.41763567000584,10.599999999999993,0.1811736595742875,-0.6998604244760034,-6.315575347404253e-15
103.30184559166534,54.40849912959925,10.599999999999993,0.18083493008186657,-0.6999611595298074,-1.0525958912340423e-14
103.30890605213112,54.39936299939565,10.599999999999993,0.18049674562570847,-0.7000617796557114,-1.2631150694808506e-14
103.31596609340895,54.39022728171258,10.59999999999999,0.18015911031878906,-0.700162289929762,-4.210383564936169e-15
103.3230257245385,54.38109197885457,10.599999999999994,0.17982202825461657,-0.700262695429532,-8.420767129872338e-15
103.3300849545157,54.3719570931127,10.599999999999993,0.17948550350712827,-0.7003630012339706,-6.315575347404253e-15
103.33714379229234,54.362822626764796,10.59999999999999,0.1791495401305924,-0.700463212423251,-2.1051917824680845e-15
103.34420224677588,54.35368858207529,10.599999999999994,0.17881414215950803,-0.7005633340786213,-4.210383564936169e-15
103.3512603268293,54.344554961295124,10.599999999999993,0.17847931360850697,-0.7006633712822535,-2.1051917824680845e-15
103.35831804127069,54.33542176666184,10.59999999999999,0.17814505847225645,-0.7007633291170919,-8.420767129872338e-15
103.36537539887333,54.32628900039925,10.59999999999999,0.17781138072535924,-0.7008632126667038,-8.420767129872338e-15
103.37243240836527,54.31715666471758,10.599999999999989,0.17747828432225915,-0.7009630270151278,-4.210383564936169e-15
103.37948907842927,54.308024761813286,10.599999999999993,0.17714577319714384,-0.701062777246724,-1.473634247727659e-14
