galstreams/tracks/track.st.M2.ibata2021.ecsv
# %ECSV 0.9
# ---
# datatype:
# - {name: ra, unit: deg, datatype: float64}
# - {name: dec, unit: deg, datatype: float64}
# - {name: distance, unit: kpc, datatype: float64}
# - {name: pm_ra_cosdec, unit: mas / yr, datatype: float64}
# - {name: pm_dec, unit: mas / yr, datatype: float64}
# - {name: radial_velocity, unit: km / s, datatype: float64}
# delimiter: ','
# meta: !!omap
# - __serialized_columns__:
#     dec:
#       __class__: astropy.coordinates.angles.Latitude
#       unit: &id001 !astropy.units.Unit {unit: deg}
#       value: !astropy.table.SerializedColumn {name: dec}
#     distance:
#       __class__: astropy.coordinates.distances.Distance
#       unit: !astropy.units.Unit {unit: kpc}
#       value: !astropy.table.SerializedColumn {name: distance}
#     pm_dec:
#       __class__: astropy.units.quantity.Quantity
#       unit: !astropy.units.Unit {unit: mas / yr}
#       value: !astropy.table.SerializedColumn {name: pm_dec}
#     pm_ra_cosdec:
#       __class__: astropy.units.quantity.Quantity
#       unit: !astropy.units.Unit {unit: mas / yr}
#       value: !astropy.table.SerializedColumn {name: pm_ra_cosdec}
#     ra:
#       __class__: astropy.coordinates.angles.Longitude
#       unit: *id001
#       value: !astropy.table.SerializedColumn {name: ra}
#       wrap_angle: !astropy.coordinates.Angle
#         unit: *id001
#         value: 360.0
#     radial_velocity:
#       __class__: astropy.units.quantity.Quantity
#       unit: !astropy.units.Unit {unit: km / s}
#       value: !astropy.table.SerializedColumn {name: radial_velocity}
# schema: astropy-2.0
ra,dec,distance,pm_ra_cosdec,pm_dec,radial_velocity
[from data line 1497]
324.7698628875697,-0.8262633151568113,11.69641566727108,3.477156207776474,-2.3280302459018527,4.73668151055319e-14
324.77921097406966,-0.8226677415739115,11.697953959636225,3.476167929557363,-2.3280495250802353,-7.552375519604253e-14
324.78855838345794,-0.819070022065719,11.69949115956357,3.47517927644431,-2.328068046645282,-9.97334606944255e-14
324.7979051151048,-0.8154701545269324,11.70102726265394,3.474190247445231,-2.3280858091688166,-4.4472176404638286e-14
324.8072511683805,-0.8118681368522257,11.702562264508156,3.473200841568078,-2.3281028112226454,-4.473532537744679e-15
324.8165965426553,-0.8082639669362479,11.704096160727048,3.472211057820836,-2.328119051378559,-2.6051748308042545e-14
324.82594123729973,-0.8046576426736207,11.705628946911428,3.471220895211524,-2.3281345282083357,-7.868154286974466e-14
324.83528525168424,-0.8010491619589412,11.707160618662124,3.4702303527481995,-2.3281492402837327,-5.157719867046807e-14
324.8446285851794,-0.7974385226867822,11.708691171579954,3.469239429438952,-2.328163186176498,2.6314897280851058e-15
324.85397123715586,-0.7938257227516873,11.710220601265748,3.468248124291905,-2.3281763644583577,5.2892943534510626e-14
324.8633132069843,-0.7902107600481783,11.711748903320327,3.4672564363152203,-2.328188773701025,-6.8418732930212744e-15
324.8726544940355,-0.7865936324707477,11.713276073344511,3.4662643645170905,-2.328200412476197,-5.1840347643276585e-14
324.8819950976804,-0.7829743379138628,11.714802106939123,3.46527190790575,-2.3282112793555574,-7.131337163110636e-14
324.8913350172899,-0.7793528742719664,11.71632699970498,3.4642790654894657,-2.328221372910769,1.5788938368510635e-14
324.9006742522349,-0.7757292394394741,11.71785074724292,3.463285836276536,-2.32823069171348,-9.078639561893615e-14
324.9100128018867,-0.7721034313107746,11.719373345153747,3.4622922192753025,-2.3282392343353266,-4.8682559969574456e-14
324.9193506656162,-0.7684754477802334,11.720894789038297,3.4612982134941337,-2.3282469993479205,-1.2631150694808508e-13
324.92868784279483,-0.7648452867421857,11.722415074497388,3.460303817941443,-2.3282539853228674,2.6314897280851057e-16
324.93802433279376,-0.7612129460909444,11.723934197131841,3.459309031625674,-2.3282601908317475,1.1841703776382976e-14
324.94736013498436,-0.7575784237207931,11.725452152542482,3.4583138535553104,-2.328265614446131,-9.789141788476593e-14
324.95669524873813,-0.7539417175259894,11.726968936330131,3.4573182827388678,-2.3282702547375664,-1.244694641384255e-13
324.9660296734266,-0.7503028254007673,11.72848454409561,3.4563223181849017,-2.3282741102775923,-1.4131099839817017e-13
324.9753634084213,-0.7466617452393303,11.729998971439745,3.4553259589020024,-2.328277179637721,-8.526026718995742e-14
324.98469645309393,-0.7430184749358598,11.731512213963354,3.454329203898798,-2.3282794613894593,-4.657736818710637e-14
324.9940288068162,-0.7393730123845063,11.733024267267266,3.453332052183951,-2.3282809541042866,-1.1052256857957444e-13
325.00336046895995,-0.7357253554793958,11.734535126952297,3.4523345027661643,-2.3282816563536755,-4.73668151055319e-14
325.0126914388971,-0.7320755021146285,11.736044788619274,3.451336554654174,-2.3282815667090726,-9.420733226544678e-14
325.02202171599953,-0.7284234501842766,11.737553247869016,3.450338206856756,-2.328280683741914,-7.920784081536168e-14
325.0313512996393,-0.7247691975823846,11.739060500302351,3.4493394583827213,-2.328279006023616,-1.0894367474272338e-13
325.0406801891886,-0.721112742202973,11.740566541520094,3.448340308240922,-2.3282765321255785,-5.657702915382977e-14
325.0500083840195,-0.7174540819400332,11.74207136712307,3.4473407554402424,-2.3282732606191847,2.920953598174467e-14
325.05933588350433,-0.7137932146875302,11.743574972712107,3.446340798989607,-2.3282691900757975,-1.0736478090587231e-13
325.06866268701543,-0.710130138339403,11.745077353888023,3.4453404378979773,-2.3282643190667667,-2.6841195226468077e-14
325.07798879392516,-0.7064648507895617,11.746578506251643,3.444339671174353,-2.328258646163424,-3.6051409274765946e-14
325.087314203606,-0.7027973499318912,11.748078425403788,3.4433384978277717,-2.328252169937081,2.6314897280851058e-15
325.09663891543056,-0.6991276336602481,11.749577106945278,3.4423369168673097,-2.3282448889590346,-5.710332709944679e-14
325.1059629287715,-0.6954556998684621,11.751074546476937,3.4413349273020786,-2.328236801800562,-3.447251543791488e-14
325.11528624300144,-0.6917815464503365,11.752570739599593,3.440332528141231,-2.328227907032924,-2.4209705498382972e-14
325.1246088574932,-0.6881051712996457,11.75406568191406,3.439329718393955,-2.3282182032273644,3.1577876737021266e-15
325.1339307716196,-0.6844265723101391,11.755559369021167,3.4383264970694807,-2.3282076889551075,-8.97337997277021e-14
325.1432519847537,-0.680745747375537,11.757051796521733,3.437322863177074,-2.3281963627873625,7.894469184255318e-15
325.15257249626836,-0.6770626943895317,11.758542960016586,3.436318815726037,-2.328184223295317,-5.157719867046807e-14
325.1618923055368,-0.6733774112457905,11.76003285510654,3.435314353725717,-2.3281712690501433,-1.2104852749191487e-13
325.1712114119321,-0.6696898958379507,11.761521477392424,3.434309476185496,-2.3281574986229945,-2.6314897280851058e-15
325.18052981482754,-0.6660001460596238,11.76300882247506,3.433304182114796,-2.328142910585007,-1.0789107885148933e-14
325.18984751359636,-0.6623081598043928,11.764494885955267,3.4322984705230755,-2.3281275035072975,-5.026145380642552e-14
325.19916450761207,-0.6586139349658127,11.765979663433871,3.4312923404198368,-2.3281112759609663,-3.263047262825531e-14
325.20848079624807,-0.6549174694374122,11.767463150511695,3.4302857908146156,-2.328094226517094,1.2368001721999996e-14
325.21779637887784,-0.6512187611126906,11.768945342789557,3.429278820716993,-2.3280763537467415,-5.420868839855318e-14
325.2271112548752,-0.6475178078851206,11.770426235868285,3.4282714291365863,-2.3280576562209565,4.078809078531914e-14
325.2364254236136,-0.6438146076481472,11.771905825348696,3.427263615083051,-2.3280381325107613,1.2104852749191486e-14
325.24573888446696,-0.6401091582951854,11.773384106831623,3.4262553775660853,-2.3280177811871634,4.9472006887999985e-14
325.2550516368091,-0.636401457719625,11.774861075917874,3.4252467155954265,-2.3279966008211543,-8.21024795162553e-14
325.264363680014,-0.6326915038148265,11.77633672820828,3.4242376281808506,-2.327974589983702,1.0789107885148933e-14
325.27367501345555,-0.628979294474122,11.777811059303666,3.423228114332173,-2.3279517472457587,1.0525958912340423e-14
325.28298563650793,-0.6252648275908161,11.77928406480485,3.4222181730592514,-2.3279280711782566,-3.341991954668084e-14
325.2922955485452,-0.6215481010581854,11.780755740312653,3.421207803371984,-2.327903560352109,1.2894299667617018e-14
325.3016047489417,-0.6178291127694777,11.782226081427906,3.420197004280305,-2.3278782133382103,-1.5262640422893614e-13
325.3109132370717,-0.6141078606179124,11.783695083751422,3.4191857747941947,-2.3278520287074387,-1.0341754631374465e-13
325.3202210123097,-0.6103843424966814,11.785162742884028,3.4181741139236697,-2.3278250050306477,5.447183737136169e-14
325.3295280740299,-0.6066585562989482,11.786629054426546,3.4171620206787896,-2.327797140878678,-8.947065075489359e-15
325.33883442160703,-0.6029304999178476,11.788094013979796,3.4161494940696553,-2.327768434822348,-1.244694641384255e-13
325.34814005441575,-0.5992001712464851,11.789557617144608,3.4151365331064034,-2.3277388854324537,-4.578792126868084e-14
325.35744497183066,-0.5954675681779401,11.791019859521795,3.4141231367992186,-2.3277084912797794,-1.0657533398744678e-13
325.36674917322665,-0.5917326886052603,11.792480736712191,3.413109304158322,-2.3276772509350834,-2.4736003443999992e-14
325.37605265797845,-0.5879955304214679,11.793940244316607,3.4120950341939773,-2.3276451629691075,5.552443326259573e-14
325.38535542546106,-0.5842560915195546,11.79539837793587,3.4110803259164895,-2.3276122259525738,-5.578758223540424e-14
325.3946574750495,-0.5805143697924827,11.796855133170807,3.4100651783362044,-2.3275784384561837,-2.368340755276595e-15
325.40395880611885,-0.5767703631331885,11.798310505622235,3.409049590463511,-2.327543799050622,-1.394689555885106e-14
325.4132594180443,-0.5730240694345771,11.799764490890977,3.4080335613088377,-2.3275083063065503,-6.078741271876594e-14
325.42255931020105,-0.5692754865895253,11.801217084577859,3.4070170898826553,-2.327471958794613,9.999660966723401e-15
325.43185848196447,-0.565524612490882,11.8026682822837,3.4060001751954774,-2.3274347550854317,-6.683983909336168e-14
325.44115693270993,-0.5617714450314663,11.804118079609323,3.4049828162578564,-2.3273966937496127,-6.2366306555617e-14
325.45045466181296,-0.5580159821040684,11.805566472155549,3.403965012080394,-2.3273577733577375,-1.1104886652519146e-13
325.4597516686491,-0.5542582216014496,11.807013455523208,3.402946761673724,-2.327317992480372,-8.104988362502126e-14
325.469047952594,-0.5504981614163422,11.808459025313118,3.40192806404853,-2.327277349688058,-3.131472776421276e-14
325.4783435130234,-0.5467357994414495,11.809903177126097,3.400908918215535,-2.3272358435513203,-2.6314897280851058e-15
325.4876383493131,-0.5429711335694454,11.811345906562977,3.399889323185505,-2.327193472640663,5.262979456170211e-16
325.4969324608389,-0.5392041616929738,11.812787209224574,3.398869277969247,-2.32715023552657,-2.5262301389617013e-14
325.50622584697686,-0.535434881704651,11.814227080711712,3.3978487815776144,-2.327106130779502,-7.210281854953189e-14
325.51551850710297,-0.5316632914970628,11.815665516625213,3.3968278330215007,-2.3270611569699033,-3.9209196948468075e-14
325.5248104405934,-0.5278893889627665,11.8171025125659,3.395806431311842,-2.327015312668197,3.5788260301957434e-14
325.53410164682424,-0.5241131719942891,11.818538064134597,3.3947845754596164,-2.326968596444783,-4.73668151055319e-15
325.54339212517186,-0.520334638484128,11.819972166932127,3.393762264475849,-2.3269210068700446,-3.1972600196234035e-14
325.55268187501264,-0.5165537863247527,11.821404816559308,3.3927394973716036,-2.3268725425143413,3.947234592127659e-14
325.5619708957229,-0.5127706134086008,11.822836008616965,3.391716273157992,-2.326823201948014,-1.0762792987868083e-13
325.5712591866793,-0.508985117628083,11.824265738705925,3.3906925908461645,-2.3267729837413818,3.2762047114659564e-14
325.5805467472583,-0.505197296875578,11.825694002427007,3.3896684494473166,-2.3267218864647443,-3.5919834788361693e-14
325.5898335768367,-0.5014071490434353,11.827120795381028,3.3886438479726912,-2.3266699086883778,-6.710298806617019e-15
325.5991196747912,-0.4976146720239769,11.82854611316882,3.3876187854335686,-2.32661704898254,-3.513038786993616e-14
325.60840504049867,-0.49381986370949144,11.8299699513912,3.386593260841276,-2.3265633059174666,-3.105157879140425e-14
325.617689673336,-0.49002272199223934,11.831392305648993,3.385567273207187,-2.3265086780633735,4.341958051340424e-15
325.62697357268013,-0.48622324476445283,11.832813171543018,3.384540821542715,-2.3264531639904544,-7.026077573987232e-14
325.6362567379083,-0.482421429918331,11.834232544674105,3.383513904859316,-2.3263967622688813,-7.210281854953189e-14
325.64553916839753,-0.4786172753460458,11.835650420643066,3.3824865221684988,-2.326339471468807,-1.7762555664574464e-14
325.6548208635252,-0.47481077893973783,11.837066795050735,3.3814586724818065,-2.3262812901603604,5.578758223540424e-14
325.6641018226684,-0.47100193859151684,11.838481663497927,3.3804303548108345,-2.3262222169136515,-7.381328687278722e-14
325.67338204520473,-0.4671907521934647,11.839895021585466,3.3794015681672165,-2.326162250298768,-4.605107024148935e-14
325.68266153051167,-0.4633772176376309,11.841306864914175,3.378372311562635,-2.326101388885776,-2.0130896419851058e-14
325.6919402779667,-0.459561332816036,11.842717189084873,3.377342584008817,-2.3260396312447207,-5.999796580034041e-14
325.7012182869475,-0.45574309562066934,11.844125989698396,3.376312384517528,-2.3259769759456237,-6.565566871572338e-14
325.7104955568318,-0.4519225039434906,11.845533262355548,3.3752817121005916,-2.3259134215584893,-3.934077143487233e-14
325.71977208699747,-0.4480995556764294,11.846939002657166,3.374250565769863,-2.3258489666532958,-8.302350092108508e-14
325.7290478768223,-0.444274248711385,11.848343206204063,3.3732189445372494,-2.3257836098000015,-4.263013359497871e-14
325.7383229256843,-0.44044658094022404,11.849745868597068,3.3721868474147003,-2.3257173495685435,-6.552409422931913e-14
325.7475972329616,-0.43661655025478685,11.851146985437003,3.3711542734142137,-2.325650184528835,-1.171012928997872e-14
325.75687079803225,-0.43278415454687924,11.852546552324686,3.370121221547831,-2.3255821132507695,-7.631320211446807e-14
325.7661436202745,-0.42894939170827767,11.853944564860942,3.3690876908276386,-2.325513134304218,6.578724320212764e-16
325.7754156990666,-0.4251122596307274,11.855341018646596,3.3680536802657706,-2.3254432462590295,-1.0789107885148933e-14
325.784687033787,-0.4212727562059465,11.856735909282468,3.367019188874406,-2.3253724476850297,-6.262945552842552e-14
325.7939576238142,-0.4174308793256187,11.85812923236938,3.365984215665767,-2.3253007371520233,-7.578690416885104e-14
325.80322746852664,-0.41358662688139775,11.859520983508158,3.364948759652125,-2.325228113229793,4.73668151055319e-15
325.812496567303,-0.409739996764906,11.860911158299622,3.3639128198457975,-2.325154574488099,4.341958051340424e-15
325.821764919522,-0.40589098686773467,11.862299752344592,3.3628763952591463,-2.32508011949668,1.4867916963680847e-14
325.83103252456243,-0.40203959508144815,11.863686761243896,3.3618394849045794,-2.325004746825249,-1.842042809659574e-14
325.8402993818031,-0.3981858192975749,11.865072180598352,3.3608020877945535,-2.3249284550434983,-1.1039099409317019e-13
325.84956549062315,-0.3943296574076144,11.866456006008786,3.3597642029415695,-2.324851242721103,3.631455824757446e-14
325.8588308504014,-0.3904711073030345,11.867838233076018,3.3587258293581757,-2.324773108427707,-5.434026288495743e-14
325.8680954605171,-0.38661016687527233,11.869218857400872,3.3576869660569644,-2.3246940507329357,-2.4078131011978716e-14
325.87735932034946,-0.3827468340157351,11.870597874584174,3.3566476120505806,-2.3246140682063934,-7.328698892717019e-14
325.88662242927774,-0.37888110661579705,11.871975280226742,3.35560776635171,-2.3245331594176593,7.762894697851062e-15
325.8958847866813,-0.37501298256680166,11.873351069929397,3.3545674279730893,-2.32445132293629,-5.855064644989361e-14
325.90514639193964,-0.37114245976006127,11.874725239292964,3.3535265959275016,-2.3243685573318213,-4.578792126868084e-14
325.91440724443225,-0.36726953608685586,11.876097783918269,3.352485269227774,-2.3242848611737625,2.144664128389361e-14
325.9236673435388,-0.3633942094384351,11.877468699406128,3.351443446886785,-2.324200233031604,-7.762894697851062e-14
325.932926688639,-0.35951647770601897,11.878837981357366,3.3504011279174573,-2.3241146714748107,-1.3420597613234039e-14
325.9421852791126,-0.35563633878079254,11.880205625372808,3.349358311332763,-2.3240281750728244,5.762962504506381e-14
325.9514431143395,-0.3517537905539119,11.881571627053276,3.348314996145721,-2.3239407423950644,1.1841703776382976e-14
325.9607001936996,-0.34786883091649967,11.88293598199959,3.347271181369398,-2.323852372010928,2.2104513715914887e-14
325.969956516573,-0.3439814577596467,11.884298685812574,3.3462268660169068,-2.323763062489787,5.802434850427658e-14
325.97921208233987,-0.34009166897441656,11.885659734093052,3.3451820491014117,-2.323672812400991,-1.7762555664574464e-14
325.98846689038027,-0.3361994624518357,11.887019122441846,3.344136729636121,-2.3235816203138664,-9.841771583038295e-14
325.99772094007466,-0.33230483608290173,11.88837684645978,3.3430909066342926,-2.323489484797716,3.5919834788361693e-14
326.0069742308033,-0.3284077877585794,11.889732901747669,3.3420445791092366,-2.3233964044218203,-8.012886222019147e-14
