galstreams/tracks/track.st.Cetus-Palca.yuan2021.ecsv
# %ECSV 0.9
# ---
# datatype:
# - {name: ra, unit: deg, datatype: float64}
# - {name: dec, unit: deg, datatype: float64}
# - {name: distance, unit: kpc, datatype: float64}
# - {name: pm_ra_cosdec, unit: mas / yr, datatype: float64}
# - {name: pm_dec, unit: mas / yr, datatype: float64}
# - {name: radial_velocity, unit: km / s, datatype: float64}
# delimiter: ','
# meta: !!omap
# - __serialized_columns__:
#     dec:
#       __class__: astropy.coordinates.angles.Latitude
#       unit: &id001 !astropy.units.Unit {unit: deg}
#       value: !astropy.table.SerializedColumn {name: dec}
#     distance:
#       __class__: astropy.coordinates.distances.Distance
#       unit: !astropy.units.Unit {unit: kpc}
#       value: !astropy.table.SerializedColumn {name: distance}
#     pm_dec:
#       __class__: astropy.units.quantity.Quantity
#       unit: !astropy.units.Unit {unit: mas / yr}
#       value: !astropy.table.SerializedColumn {name: pm_dec}
#     pm_ra_cosdec:
#       __class__: astropy.units.quantity.Quantity
#       unit: !astropy.units.Unit {unit: mas / yr}
#       value: !astropy.table.SerializedColumn {name: pm_ra_cosdec}
#     ra:
#       __class__: astropy.coordinates.angles.Longitude
#       unit: *id001
#       value: !astropy.table.SerializedColumn {name: ra}
#       wrap_angle: !astropy.coordinates.Angle
#         unit: *id001
#         value: 360.0
#     radial_velocity:
#       __class__: astropy.units.quantity.Quantity
#       unit: !astropy.units.Unit {unit: km / s}
#       value: !astropy.table.SerializedColumn {name: radial_velocity}
# schema: astropy-2.0
ra,dec,distance,pm_ra_cosdec,pm_dec,radial_velocity
[from data line 8868]
29.74914275997426,-50.87477095875874,33.57134870112255,1.1586846340759278,0.12496780538095394,-3.9998643866893604e-14
29.750529338426603,-50.88641923490798,33.566754493833436,1.1588723719465097,0.12540973222582968,-2.315710960714893e-14
29.75191610958084,-50.898067580592205,33.562159461002366,1.1590600766991637,0.1258517159914242,-2.5262301389617013e-14
29.75330307463061,-50.909715995551714,33.557563604971676,1.1592477482374939,0.1262937565490228,-8.420767129872338e-15
29.754690234772028,-50.92136447952656,33.5529669280856,1.1594353864650275,0.12673585376987417,-1.2631150694808506e-14
29.756077591203727,-50.93301303225641,33.54836943269027,1.1596229912852136,0.12717800752518724,-1.6841534259744676e-14
29.757465145126798,-50.94466165348058,33.54377112113383,1.1598105626014206,0.12762021768613246,-1.473634247727659e-14
29.758852897744895,-50.956310342938075,33.539171995766296,1.1599981003169382,0.12806248412384247,4.210383564936169e-15
29.760240850264115,-50.96795910036756,33.53457205893965,1.160185604334978,0.12850480670941233,-1.6841534259744676e-14
29.76162900389313,-50.97960792550735,33.5299713130078,1.1603730745586713,0.12894718531389832,-1.6841534259744676e-14
29.763017359843094,-50.991256818095415,33.525369760326605,1.1605605108910702,0.12938961980831867,-1.0525958912340423e-14
29.764405919327697,-51.00290577786943,33.52076740325383,1.1607479132351477,0.12983211006365541,-2.315710960714893e-14
29.765794683563144,-51.01455480456668,33.51616424414921,1.1609352814937959,0.13027465595085108,-1.0525958912340423e-14
29.76718365376817,-51.02620389792414,33.511560285374415,1.1611226155698278,0.13071725734081138,-1.894672604221276e-14
29.76857283116407,-51.03785305767842,33.506955529293045,1.1613099153659765,0.13115991410440403,2.1051917824680845e-15
29.769962216974637,-51.04950228356584,33.50234997827063,1.1614971807848955,0.13160262611246076,0.0
29.771351812426225,-51.061151575322334,33.49774363467467,1.1616844117291565,0.13204539323577408,-1.6841534259744676e-14
29.772741618747744,-51.07280093268353,33.49313650087458,1.1618716081012528,0.1324882153451014,-2.947268495455318e-14
29.77413163717065,-51.084450355384654,33.488528579241716,1.1620587698035951,0.13293109231116065,-2.1051917824680845e-15
29.775521868928944,-51.09609984316071,33.4839198721494,1.1622458967385163,0.1333740240046358,-1.0525958912340423e-14
29.776912315259185,-51.10774939574623,33.479310381972866,1.162432988808266,0.1338170102961715,-1.6841534259744676e-14
29.778302977400518,-51.11939901287549,33.47470011108931,1.1626200459150142,0.13426005105637623,1.0525958912340423e-14
29.77969385659462,-51.131048694282434,33.470089061877886,1.1628070679608493,0.1347031461558229,-6.315575347404253e-15
29.781084954085788,-51.1426984397006,33.46547723671966,1.162994054847779,0.1351462954650468,-1.473634247727659e-14
29.782476271120856,-51.154348248863236,33.46086463799763,1.1631810064777308,0.13558949885454755,2.1051917824680845e-15
29.78386780894924,-51.165998121503215,33.45625126809681,1.1633679227525477,0.13603275619478672,-8.420767129872338e-15
29.785259568822962,-51.17764805735313,33.45163712940408,1.1635548035739944,0.13647606735619236,-2.7367493172085098e-14
29.78665155199662,-51.18929805614518,33.44702222430832,1.163741648843753,0.13691943220915476,-3.5788260301957434e-14
29.788043759727408,-51.200948117611205,33.44240655520033,1.1639284584634235,0.137362850624028,-4.210383564936169e-15
29.789436193275108,-51.21259824148279,33.43779012447286,1.164115232334524,0.13780632247113145,-2.5262301389617013e-14
29.790828853902124,-51.224248427491084,33.43317293452062,1.1643019703584905,0.13824984762074782,-1.473634247727659e-14
29.792221742873455,-51.23589867536696,33.428554987740256,1.1644886724366774,0.1386934259431243,-1.473634247727659e-14
29.793614861456696,-51.24754898484089,33.423936286530385,1.1646753384703563,0.13913705730847198,-1.6841534259744676e-14
29.79500821092208,-51.2591993556431,33.41931683329153,1.1648619683607169,0.1395807415869681,-1.894672604221276e-14
29.79640179254246,-51.27084978750338,33.4146966304262,1.165048562008866,0.14002447864875361,1.2631150694808506e-14
29.797795607593276,-51.28250028015121,33.410075680338856,1.1652351193158272,0.1404682683639331,-2.1051917824680846e-14
29.79918965735265,-51.294150833315726,33.405453985435884,1.1654216401825428,0.14091211060257763,4.210383564936169e-15
29.800583943101287,-51.30580144672576,33.40083154812564,1.1656081245098706,0.14135600523472303,-1.2631150694808506e-14
29.801978466122552,-51.31745212010974,33.396208370818414,1.165794572198587,0.14179995213036964,-2.947268495455318e-14
29.80337322770247,-51.32910285319578,33.39158445592648,1.165980983149383,0.14224395115948305,-8.420767129872338e-15
29.804768229129657,-51.34075364571168,33.38695980586405,1.166167357262868,0.1426880021919948,-1.894672604221276e-14
29.806163471695434,-51.352404497384846,33.382334423047254,1.1663536944395676,0.14313210509780133,-1.894672604221276e-14
29.807558956693747,-51.36405540794238,33.37770830989426,1.1665399945799229,0.14357625974676436,0.0
29.808954685421195,-51.375706377110994,33.3730814688251,1.1667262575842925,0.1440204660087112,-1.473634247727659e-14
29.810350659177065,-51.387357404617134,33.36845390226181,1.166912483352951,0.14446472375343644,-1.6841534259744676e-14
29.811746879263296,-51.399008490186844,33.363825612628375,1.1670986717860878,0.14490903285069875,-2.947268495455318e-14
29.813143346984496,-51.41065963354582,33.359196602350735,1.1672848227838102,0.145353393170223,-1.473634247727659e-14
29.814540063647947,-51.42231083441945,33.35456687385679,1.1674709362461386,0.14579780458170113,-2.5262301389617013e-14
29.815937030563628,-51.43396209253276,33.34993642957639,1.167657012073011,0.14624226695479056,-1.6841534259744676e-14
29.817334249044183,-51.44561340761042,33.34530527194132,1.167843050164281,0.14668678015911507,-8.420767129872338e-15
29.81873172040495,-51.45726477937677,33.340673403385395,1.1680290504197153,0.14713134406426387,-1.2631150694808506e-14
29.82012944596398,-51.46891620755584,33.3360408263443,1.168215012738999,0.14757595853979552,-1.473634247727659e-14
29.821527427041993,-51.48056769187126,33.33140754325575,1.1684009370217299,0.1480206234552327,-1.2631150694808506e-14
29.822925664962437,-51.49221923204632,33.32677355655937,1.1685868231674217,0.14846533868006526,-8.420767129872338e-15
29.82432416105144,-51.50387082780397,33.3221388686968,1.1687726710755013,0.14891010408374936,-2.7367493172085098e-14
29.825722916637883,-51.51552247886689,33.31750348211158,1.1689584806453133,0.14935491953571112,-6.315575347404253e-15
29.827121933053316,-51.5271741849573,33.31286739924924,1.1691442517761144,0.14979978490534013,-1.6841534259744676e-14
29.828521211632033,-51.53882594579714,33.308230622557296,1.1693299843670764,0.15024470006199442,8.420767129872338e-15
29.829920753711065,-51.55047776110801,33.303593154485185,1.169515678317285,0.15068966487500066,-2.1051917824680845e-15
29.831320560630147,-51.56212963061113,33.29895499748434,1.1697013335257402,0.151134679213651,-1.2631150694808506e-14
29.83272063373176,-51.57378155402739,33.29431615400811,1.1698869498913573,0.1515797429472065,-4.210383564936169e-15
29.834120974361134,-51.585433531077335,33.28967662651188,1.170072527312963,0.15202485594489437,-1.894672604221276e-14
29.835521583866225,-51.59708556148117,33.28503641745294,1.1702580656892998,0.15247001807591187,-4.4209027431829774e-14
29.836922463597766,-51.60873764495877,33.28039552929056,1.1704435649190226,0.15291522920942238,-2.315710960714893e-14
29.838323614909193,-51.620389781229605,33.275753964486,1.1706290249006996,0.15336048921455708,-1.0525958912340423e-14
29.839725039156733,-51.63204197001286,33.271111725502465,1.170814445532813,0.15380579796041655,-1.473634247727659e-14
29.84112673769938,-51.643694211027345,33.266468814805116,1.1709998267137582,0.15425115531606887,-2.315710960714893e-14
29.842528711898883,-51.65534650399153,33.2618252348611,1.1711851683418426,0.15469656115055047,-2.1051917824680846e-14
29.84393096311975,-51.666998848623535,33.25718098813955,1.1713704703152876,0.1551420153328659,-1.2631150694808506e-14
29.845333492729274,-51.67865124464115,33.25253607711152,1.1715557325322266,0.15558751773198923,-3.789345208442552e-14
29.846736302097558,-51.69030369176179,33.24789050425005,1.1717409548907063,0.15603306821686255,-2.315710960714893e-14
29.848139392597442,-51.701956189702535,33.243244272030196,1.1719261372886847,0.15647866665639687,-2.1051917824680846e-14
29.849542765604575,-51.71360873818011,33.238597382928916,1.172111279624033,0.15692431291947148,-1.0525958912340423e-14
29.850946422497405,-51.72526133691094,33.23394983942516,1.172296381794535,0.1573700068749363,-6.315575347404253e-15
29.852350364657177,-51.73691398561103,33.229301643999875,1.1724814436978854,0.15781574839160892,-1.6841534259744676e-14
29.853754593467933,-51.74856668399606,33.22465279913597,1.172666465231691,0.1582615373382762,6.315575347404253e-15
29.855159110316514,-51.76021943178141,33.22000330731831,1.1728514462934707,0.1587073735836957,-1.473634247727659e-14
29.856563916592602,-51.771872228682064,33.215353171033705,1.173036386780656,0.15915325699659363,-2.315710960714893e-14
29.85796901368869,-51.783525074412665,33.21070239277103,1.1732212865905878,0.15959918744566554,-1.0525958912340423e-14
29.85937440300006,-51.79517796868749,33.206050975021064,1.173406145620519,0.16004516479957637,0.0
29.86078008592486,-51.80683091122053,33.20139892027655,1.1735909637676145,0.16049118892696265,0.0
29.86218606386404,-51.818483901725365,33.196746231032236,1.1737757409289502,0.1609372596964294,-1.473634247727659e-14
29.863592338221416,-51.830136939915235,33.192092909784876,1.173960477001511,0.16138337697655147,-2.1051917824680846e-14
29.86499891040361,-51.84179002550307,33.187438959033116,1.1741451718821962,0.16182954063587565,-1.6841534259744676e-14
29.86640578182013,-51.853443158201415,33.18278438127764,1.1743298254678118,0.1622757505429177,6.315575347404253e-15
29.867812953883295,-51.865096337722484,33.178129179021106,1.1745144376550765,0.16272200656616348,0.0
29.8692204280083,-51.876749563778084,33.17347335476813,1.1746990083406181,0.16316830857406966,-1.894672604221276e-14
29.870628205613205,-51.8884028360798,33.16881691102533,1.174883537420976,0.16361465643506548,-1.6841534259744676e-14
29.87203628811892,-51.900056154338735,33.164159850301246,1.1750680247926002,0.1640610500175485,-8.420767129872338e-15
29.87344467694923,-51.91170951826571,33.159502175106475,1.175252470351847,0.16450748918988814,6.315575347404253e-15
29.874853373530783,-51.92336292757117,33.15484388795357,1.1754368739949856,0.16495397382042404,-2.1051917824680846e-14
29.876262379293145,-51.93501638196525,33.150184991357,1.1756212356181945,0.16540050377746973,-2.1051917824680845e-15
29.87767169566872,-51.946669881157675,33.1455254878333,1.1758055551175606,0.1658470789293067,-2.1051917824680845e-15
29.879081324092812,-51.95832342485785,33.14086537990095,1.1759898323890796,0.16629369914418896,-1.473634247727659e-14
29.88049126600364,-51.969977012774876,33.1362046700804,1.1761740673286598,0.1667403642903435,-1.894672604221276e-14
29.881901522842316,-51.98163064461741,33.131543360894106,1.1763582598321143,0.16718707423596724,-6.315575347404253e-15
29.88331209605283,-51.993284320093835,33.126881454866485,1.1765424097951678,0.1676338288492296,4.210383564936169e-15
29.88472298708208,-52.00493803891211,33.12221895452398,1.176726517113452,0.16808062799827034,-2.7367493172085098e-14
29.886134197379935,-52.01659180077992,33.117555862394944,1.1769105816825087,0.16852747155120465,0.0
29.8875457283991,-52.02824560540457,33.112892181009784,1.1770946033977876,0.16897435937611643,-1.6841534259744676e-14
29.888957581595257,-52.03989945249297,33.108227912900865,1.1772785821546454,0.1694212913410627,-1.6841534259744676e-14
29.89036975842701,-52.05155334175176,33.103563060602525,1.1774625178483493,0.16986826731407476,-2.1051917824680846e-14
29.89178226035588,-52.06320727288717,33.098897626651095,1.1776464103740736,0.17031528716315428,-4.210383564936169e-15
29.89319508884633,-52.074861245605085,33.09423161358494,1.177830259626898,0.17076235075627588,-2.315710960714893e-14
29.894608245365756,-52.08651525961102,33.08956502394432,1.1780140655018145,0.1712094579613871,-1.2631150694808506e-14
29.89602173138453,-52.098169314610196,33.08489786027155,1.1781978278937189,0.17165660864640925,-1.2631150694808506e-14
29.89743554837595,-52.109823410307456,33.08023012511092,1.178381546697416,0.17210380267923553,-1.0525958912340423e-14
29.89884969781626,-52.12147754640724,33.075561821008705,1.1785652218076172,0.17255103992773224,-8.420767129872338e-15
29.900264181184724,-52.1331317226137,33.07089295051317,1.1787488531189423,0.17299832025973932,8.420767129872338e-15
29.9016789999635,-52.14478593863063,33.06622351617457,1.1789324405259158,0.1734456435430703,-1.0525958912340423e-14
29.903094155637756,-52.15644019416141,33.06155352054514,1.1791159839229715,0.17389300964551135,-1.6841534259744676e-14
29.90450964969564,-52.16809448890915,33.056882966179124,1.1792994832044479,0.17434041843482284,-1.473634247727659e-14
29.905925483628284,-52.17974882257655,33.052211855632734,1.179482938264591,0.1747878697787396,-2.5262301389617013e-14
29.90734165892978,-52.19140319486596,33.0475401914642,1.1796663489975536,0.17523536354496888,-8.420767129872338e-15
29.908758177097237,-52.203057605479415,33.04286797623373,1.1798497152973937,0.1756828996011927,4.210383564936169e-15
29.910175039630737,-52.21471205411852,33.03819521250354,1.1800330370580747,0.17613047781506588,-1.2631150694808506e-14
29.911592248033408,-52.22636654048464,33.03352190283778,1.1802163141734692,0.17657809805422056,-1.473634247727659e-14
29.913009803811324,-52.23802106427867,33.02884804980269,1.180399546537351,0.1770257601862597,-1.473634247727659e-14
29.914427708473628,-52.24967562520122,33.02417365596645,1.1805827340434025,0.1774734640787625,-1.2631150694808506e-14
29.915845963532448,-52.26133022295253,33.01949872389921,1.1807658765852123,0.17792120959928354,-4.210383564936169e-15
29.91726457050293,-52.27298485723247,33.014823256173166,1.1809489740562709,0.17836899661535044,-2.5262301389617013e-14
29.91868353090328,-52.28463952774059,33.01014725536249,1.181132026349977,0.17881682499446644,-4.210383564936169e-15
29.920102846254693,-52.29629423417602,33.00547072404336,1.1813150333596325,0.17926469460410882,-2.1051917824680846e-14
29.921522518081446,-52.30794897623761,33.00079366479391,1.1814979949784457,0.17971260531173278,6.315575347404253e-15
29.922942547910804,-52.31960375362382,32.99611608019432,1.1816809110995286,0.18016055698476524,-3.5788260301957434e-14
29.92436293727314,-52.33125856603274,32.991437972826766,1.181863781615897,0.18060854949061103,-2.5262301389617013e-14
29.92578368770184,-52.342913413162115,32.986759345275395,1.1820466064204733,0.18105658269664843,-4.210383564936169e-15
29.927204800733357,-52.35456829470935,32.98208020012637,1.1822293854060817,0.18150465647023353,2.1051917824680845e-15
29.928626277907203,-52.3662232103715,32.97740053996783,1.1824121184654524,0.18195277067869664,-1.473634247727659e-14
29.930048120765974,-52.37787815984521,32.972720367389975,1.1825948054912176,0.1824009251893438,-1.0525958912340423e-14
29.93147033085533,-52.38953314282683,32.96803968498492,1.182777446375916,0.18284911986945912,4.210383564936169e-15
29.932892909723993,-52.40118815901233,32.963358495346874,1.1829600410119867,0.1832973545862997,-1.473634247727659e-14
29.93431585892379,-52.4128432080973,32.95867680107196,1.183142589291775,0.18374562920710158,-1.2631150694808506e-14
29.935739180009634,-52.424498289776984,32.95399460475838,1.1833250911075275,0.1841939435990752,-1.473634247727659e-14
29.93716287453952,-52.43615340374633,32.94931190900627,1.1835075463513955,0.18464229762940945,-2.1051917824680846e-14
