galstreams/tracks/track.st.Gaia-1.ibata2021.ecsv
# %ECSV 1.0
# ---
# datatype:
# - {name: ra, unit: deg, datatype: float64}
# - {name: dec, unit: deg, datatype: float64}
# - {name: distance, unit: kpc, datatype: float64}
# - {name: pm_ra_cosdec, unit: mas / yr, datatype: float64}
# - {name: pm_dec, unit: mas / yr, datatype: float64}
# - {name: radial_velocity, unit: km / s, datatype: float64}
# delimiter: ','
# meta: !!omap
# - __serialized_columns__:
#     dec:
#       __class__: astropy.coordinates.angles.Latitude
#       unit: &id001 !astropy.units.Unit {unit: deg}
#       value: !astropy.table.SerializedColumn {name: dec}
#     distance:
#       __class__: astropy.coordinates.distances.Distance
#       unit: !astropy.units.Unit {unit: kpc}
#       value: !astropy.table.SerializedColumn {name: distance}
#     pm_dec:
#       __class__: astropy.units.quantity.Quantity
#       unit: !astropy.units.Unit {unit: mas / yr}
#       value: !astropy.table.SerializedColumn {name: pm_dec}
#     pm_ra_cosdec:
#       __class__: astropy.units.quantity.Quantity
#       unit: !astropy.units.Unit {unit: mas / yr}
#       value: !astropy.table.SerializedColumn {name: pm_ra_cosdec}
#     ra:
#       __class__: astropy.coordinates.angles.Longitude
#       unit: *id001
#       value: !astropy.table.SerializedColumn {name: ra}
#       wrap_angle: !astropy.coordinates.Angle
#         unit: *id001
#         value: 360.0
#     radial_velocity:
#       __class__: astropy.units.quantity.Quantity
#       unit: !astropy.units.Unit {unit: km / s}
#       value: !astropy.table.SerializedColumn {name: radial_velocity}
# schema: astropy-2.0
ra,dec,distance,pm_ra_cosdec,pm_dec,radial_velocity
[from data line 3373]
202.7771024322034,6.847232823332588,4.549480964503182,-16.824321619757782,-20.896120758557917,-10.003735780413193
202.78302219016723,6.855326348124228,4.5486743257613895,-16.82538313771792,-20.895385517850162,-10.007665317325579
202.78894198254514,6.863419918603465,4.547866961044856,-16.82644429903985,-20.894648888289318,-10.011310144056253
202.79486180932687,6.871513534865948,4.547058870064751,-16.827505103461217,-20.89391086986661,-10.014670013565718
202.80078167050223,6.8796071970073704,4.546250052532243,-16.82856555071952,-20.89317146257333,-10.017744678815065
202.80670156606095,6.8877009051234275,4.5454405081584985,-16.82962564055214,-20.892430666400845,-10.020533892764917
202.81262149599277,6.895794659309842,4.544630236654684,-16.830685372696326,-20.89168848134061,-10.02303740837642
202.81854146028752,6.90388845966234,4.543819237731969,-16.831744746889168,-20.89094490738413,-10.025254978610421
202.82446145893496,6.911982306276674,4.5430075111015205,-16.832803762867655,-20.890199944523026,-10.027186356427679
202.83038149192492,6.920076199248618,4.5421950564745055,-16.833862420368625,-20.889453592748968,-10.028831294789486
202.83630155924718,6.928170138673945,4.5413818735620906,-16.83492071912878,-20.88870585205372,-10.030189546656231
202.8422216608915,6.936264124648458,4.540567962075444,-16.835978658884716,-20.88795672242912,-10.031260864989163
202.84814179684776,6.944358157267967,4.539753321725736,-16.83703623937286,-20.88720620386706,-10.032045002749015
202.85406196710576,6.952452236628327,4.538937952224127,-16.83809346032954,-20.886454296359563,-10.032541712897
202.85998217165533,6.960546362825371,4.53812185328179,-16.839150321490912,-20.88570099989867,-10.032750748393676
202.86590241048629,6.968640535954977,4.537305024609892,-16.840206822593036,-20.884946314476526,-10.032671862199994
202.87182268358848,6.976734756113021,4.5364874659196,-16.841262963371822,-20.88419024008536,-10.032304807276933
202.87774299095176,6.984829023395409,4.535669176922079,-16.842318743563048,-20.883432776717484,-10.031649336585403
202.883663332566,6.992923337898054,4.5348501573285,-16.84337416290235,-20.88267392436525,-10.030705203086207
202.88958370842101,7.001017699716909,4.534030406850028,-16.844429221125267,-20.881913683021132,-10.029472159740553
202.89550411850672,7.009112108947907,4.533209925197831,-16.845483917967158,-20.881152052677653,-10.027949959509098
202.90142456281296,7.017206565687032,4.532388712083077,-16.84653825316328,-20.880389033327425,-10.026138355352668
202.90734504132962,7.0253010700302605,4.531566767216933,-16.847592226448743,-20.879624624963142,-10.024037100232215
202.91326555404657,7.0333956220736065,4.530744090310568,-16.848645837558536,-20.878858827577563,-10.021645947108807
202.91918610095377,7.041490221913083,4.529920681075145,-16.849699086227503,-20.878091641163532,-10.018964648943168
202.92510668204105,7.049584869644727,4.529096539221837,-16.850751972190366,-20.87732306571398,-10.015992958696241
202.93102729729836,7.057679565364603,4.528271664461809,-16.851804495181703,-20.876553101221887,-10.012730629329068
202.9369479467156,7.0657743091687815,4.527446056506226,-16.85285665493598,-20.875781747680364,-10.009177413802309
202.9428686302827,7.073869101153347,4.52661971506626,-16.853908451187493,-20.875009005082532,-10.00533306507704
202.9487893479896,7.081963941414409,4.525792639853076,-16.85495988367045,-20.87423487342163,-10.00119733611419
202.9547100998262,7.090058830048096,4.524964830577841,-16.856010952118893,-20.87345935269099,-9.996769979874568
202.96063088578245,7.098153767150541,4.524136286951724,-16.857061656266747,-20.872682442883995,-9.992050749319068
202.96655170584836,7.1062487528179155,4.523307008685889,-16.858111995847807,-20.871904143994104,-9.987039397408685
202.97247256001378,7.1143437871463915,4.522476995491508,-16.859161970595714,-20.87112445601487,-9.981735677104187
202.9783934482688,7.122438870232156,4.521646247079745,-16.860211580244005,-20.87034337893991,-9.976139341366775
202.9843143706033,7.130534002171422,4.520814763161772,-16.861260824526063,-20.869560912762925,-9.97025014315692
202.99023532700727,7.138629183060425,4.51998254344875,-16.862309703175143,-20.868777057477715,-9.964067835435744
202.99615631747068,7.146724412995399,4.519149587651852,-16.863358215924382,-20.86799181307812,-9.95759217116413
203.00207734198358,7.154819692072624,4.5183158954822416,-16.864406362506763,-20.867205179558084,-9.95082290330311
203.00799840053594,7.1629150203883665,4.5174814666510885,-16.86545414265516,-20.866417156911627,-9.94375978481343
203.01391949311775,7.171010398038938,4.516646300869557,-16.86650155610229,-20.86562774513284,-9.936402568656021
203.01984061971902,7.1791058251206445,4.515810397848819,-16.867548602580758,-20.864836944215895,-9.928751007791776
203.02576178032982,7.18720130172982,4.514973757300039,-16.86859528182301,-20.864044754155042,-9.92080485518184
203.03168297494005,7.195296827962809,4.514136378934388,-16.86964159356139,-20.863251174944608,-9.912563863786644
203.03760420353987,7.203392403915994,4.513298262463026,-16.8706875375281,-20.862456206579022,-9.904027786567411
203.04352546611932,7.211488029685759,4.51245940759713,-16.871733113455186,-20.861659849052735,-9.895196376485083
203.04944676266834,7.2195837053685,4.511619814047862,-16.872778321074605,-20.860862102360347,-9.886069386500388
203.05536809317707,7.227679431060643,4.510779481526389,-16.87382316011815,-20.860062966496482,-9.876646569574142
203.06128945763552,7.235775206858633,4.509938409743878,-16.8748676303175,-20.85926244145588,-9.866927678667576
203.06721085603382,7.243871032858912,4.5090965984114995,-16.875911731404173,-20.858460527233323,-9.85691246674149
203.073132288362,7.251966909157966,4.50825404724042,-16.876955463109578,-20.857657223823704,-9.84660068675655
203.07905375461016,7.260062835852288,4.5074107559418035,-16.87799882516501,-20.856852531221985,-9.83599209167408
203.08497525476832,7.268158813038382,4.506566724226823,-16.87904181730158,-20.856046449423204,-9.825086434454532
203.09089678882668,7.276254840812778,4.505721951806643,-16.880084439250307,-20.855238978422467,-9.813883468059144
203.0968183567753,7.284350919272024,4.504876438392429,-16.88112669074207,-20.854430118214985,-9.802382945448642
203.10273995860422,7.292447048512675,4.504030183695353,-16.882168571507606,-20.853619868796024,-9.790584619583775
203.10866159430367,7.300543228631327,4.503183187426578,-16.883210081277536,-20.85280823016094,-9.778488243425926
203.11458326386372,7.30863945972457,4.5023354492972745,-16.884251219782325,-20.851995202305165,-9.76609356993573
203.12050496727448,7.316735741889019,4.50148696901861,-16.88529198675233,-20.851180785224212,-9.753400352073841
203.12642670452612,7.324832075221317,4.5006377463017495,-16.886332381917764,-20.85036497891368,-9.740408342801611
203.13234847560875,7.332928459818111,4.49978778085786,-16.88737240500872,-20.849547783369246,-9.727117295079559
203.13827028051256,7.3410248957760675,4.498937072398114,-16.888412055755115,-20.848729198586632,-9.713526961869004
203.14419211922768,7.349121383191886,4.498085620633674,-16.889451333886804,-20.84790922456169,-9.699637096130312
203.1501139917443,7.357217922162271,4.4972334252757085,-16.890490239133452,-20.847087861290312,-9.685447450824814
203.1560358980526,7.36531451278394,4.496380486035387,-16.89152877122462,-20.846265108768506,-9.670957778913353
203.1619578381427,7.373411155153648,4.495526802623875,-16.89256692988974,-20.845440966992324,-9.656167833356761
203.16787981200483,7.381507849368151,4.494672374752338,-16.89360471485809,-20.844615435957934,-9.641077367115836
203.1738018196292,7.389604595524217,4.4938172021319485,-16.89464212585883,-20.843788515661533,-9.625686133151728
203.17972386100595,7.397701393718661,4.492961284473871,-16.89567916262098,-20.84296020609944,-9.609993884425014
203.18564593612535,7.405798244048284,4.492104621489273,-16.89671582487345,-20.84213050726804,-9.594000373896787
203.19156804497757,7.413895146609935,4.491247212889321,-16.897752112345,-20.84129941916381,-9.57770535452806
203.1974901875529,7.421992101500454,4.490389058385185,-16.898788024764247,-20.840466941783262,-9.561108579279665
203.20341236384147,7.430089108816721,4.489530157688029,-16.899823561859698,-20.839633075123047,-9.544209801112425
203.2093345738336,7.438186168655605,4.488670510509024,-16.900858723359722,-20.83879781917986,-9.527008772987228
203.21525681751945,7.4462832811140345,4.487810116559337,-16.901893508992544,-20.837961173950482,-9.50950524786494
203.22117909488935,7.454380446288921,4.486948975550133,-16.902927918486277,-20.837123139431775,-9.491698978706543
203.22710140593352,7.462477664277219,4.486087087192581,-16.903961951568892,-20.836283715620688,-9.473589718473066
203.23302375064225,7.47057493517588,4.4852244511978485,-16.904995607968228,-20.83544290251424,-9.455177220125417
203.23894612900577,7.478672259081885,4.484361067277101,-16.90602888741199,-20.83460070010954,-9.436461236624092
203.2448685410144,7.486769636092236,4.48349693514151,-16.907061789627747,-20.833757108403752,-9.417441520930577
203.2507909866584,7.49486706630395,4.482632054502238,-16.90809431434296,-20.832912127394156,-9.398117826005356
203.25671346592807,7.502964549814063,4.481766425070455,-16.90912646128493,-20.83206575707808,-9.37848990480937
