galstreams/tracks/track.st.Gaia-7.ibata2024.ecsv
# %ECSV 1.0
# ---
# datatype:
# - {name: ra, unit: deg, datatype: float64}
# - {name: dec, unit: deg, datatype: float64}
# - {name: distance, unit: kpc, datatype: float64}
# - {name: pm_ra_cosdec, unit: mas / yr, datatype: float64}
# - {name: pm_dec, unit: mas / yr, datatype: float64}
# - {name: radial_velocity, unit: km / s, datatype: float64}
# delimiter: ','
# meta: !!omap
# - __serialized_columns__:
#     dec:
#       __class__: astropy.coordinates.angles.Latitude
#       unit: &id001 !astropy.units.Unit {unit: deg}
#       value: !astropy.table.SerializedColumn {name: dec}
#     distance:
#       __class__: astropy.coordinates.distances.Distance
#       unit: !astropy.units.Unit {unit: kpc}
#       value: !astropy.table.SerializedColumn {name: distance}
#     pm_dec:
#       __class__: astropy.units.quantity.Quantity
#       unit: !astropy.units.Unit {unit: mas / yr}
#       value: !astropy.table.SerializedColumn {name: pm_dec}
#     pm_ra_cosdec:
#       __class__: astropy.units.quantity.Quantity
#       unit: !astropy.units.Unit {unit: mas / yr}
#       value: !astropy.table.SerializedColumn {name: pm_ra_cosdec}
#     ra:
#       __class__: astropy.coordinates.angles.Longitude
#       unit: *id001
#       value: !astropy.table.SerializedColumn {name: ra}
#       wrap_angle: !astropy.coordinates.Angle
#         unit: *id001
#         value: 360.0
#     radial_velocity:
#       __class__: astropy.units.quantity.Quantity
#       unit: !astropy.units.Unit {unit: km / s}
#       value: !astropy.table.SerializedColumn {name: radial_velocity}
# schema: astropy-2.0
ra,dec,distance,pm_ra_cosdec,pm_dec,radial_velocity
[from data line 1274]
185.35562510443626,-20.93368465923366,1.0000000000000007,-9.891979711932526,0.5119523669715287,50.79269867695329
185.3633385139982,-20.940796137599285,1.0000000000000007,-9.891525361113878,0.51268310431325,50.77998637914132
185.37105485034212,-20.947905538091387,1.0000000000000004,-9.891070628984332,0.5134129604448194,50.767296307196865
185.3787741164857,-20.955012858136815,1.0000000000000007,-9.890615516702944,0.5141419343485794,50.75462849388123
185.3864963154465,-20.962118095161514,1.0000000000000007,-9.89016002542859,0.5148700250066347,50.7419829719556
185.39422145024187,-20.969221246590575,1.0000000000000007,-9.889704156319933,0.5155972314008759,50.72935977418135
185.40194952388907,-20.976322309848218,1.0000000000000004,-9.889247910535444,0.5163235525129575,50.71675893331966
185.4096805394052,-20.98342128235777,1.0000000000000007,-9.888791289233382,0.5170489873243187,50.704180482131854
185.41741449980717,-20.990518161541686,1.0000000000000007,-9.888334293571825,0.517773534816167,50.69162445337916
185.42515140811173,-20.99761294482156,1.0000000000000007,-9.887876924708639,0.51849719396948,50.67909087982288
185.43289126733552,-21.004705629618083,1.0000000000000007,-9.887419183801494,0.5192199637650186,50.666579794224255
185.44063408049493,-21.01179621335107,1.0000000000000007,-9.886961072007846,0.5199418431833154,50.6540912293446
185.44837985060633,-21.01888469343947,1.0000000000000007,-9.886502590484977,0.5206628312046706,50.641625217945126
185.45612858068577,-21.025971067301356,1.0000000000000007,-9.88604374038994,0.521382926809173,50.62918179278714
185.46388027374925,-21.033055332353868,1.0000000000000007,-9.885584522879594,0.5221021289766714,50.616760986631874
185.47163493281255,-21.04013748601332,1.0000000000000004,-9.885124939110593,0.5228204366867995,50.604362832240646
185.4793925608913,-21.04721752569512,1.0000000000000007,-9.884664990239388,0.523537848918965,50.59198736237467
185.48715316100095,-21.05429544881377,1.0000000000000007,-9.884204677422233,0.5242543646523443,50.57963460979525
185.49491673615677,-21.06137125278292,1.0000000000000007,-9.88374400181516,0.5249699828658958,50.56730460726368
185.5026832893739,-21.068444935015297,1.0000000000000007,-9.88328296457401,0.5256847025383475,50.55499738754118
185.51045282366726,-21.075516492922766,1.0000000000000007,-9.882821566854414,0.52639852264821,50.542712983389016
185.51822534205164,-21.082585923916298,1.0000000000000009,-9.88235980981179,0.5271114421737613,50.53045142756849
185.5260008475416,-21.089653225405943,1.0000000000000009,-9.881897694601358,0.5278234600930611,50.518212752840846
185.5337793431516,-21.096718394800902,1.0000000000000009,-9.88143522237812,0.5285345753839379,50.50599699196735
185.5415608318958,-21.10378142950945,1.0000000000000009,-9.880972394296876,0.5292447870240062,50.49380417770928
185.5493453167883,-21.110842326938986,1.0000000000000009,-9.880509211512212,0.5299540939906437,50.481634342827924
185.55713280084294,-21.117901084496,1.0000000000000009,-9.880045675178513,0.5306624952610135,50.46948752008452
185.56492328707347,-21.12495769958611,1.0000000000000007,-9.879581786449954,0.5313699898120534,50.45736374224035
185.5727167784933,-21.13201216961399,1.0000000000000007,-9.879117546480474,0.5320765766204705,50.44526304205668
185.5805132781158,-21.139064491983465,1.0000000000000009,-9.878652956423833,0.5327822546627536,50.43318545229477
185.58831278895406,-21.14611466409744,1.0000000000000009,-9.878188017433565,0.5334870229151725,50.421131005715914
185.59611531402106,-21.153162683357912,1.0000000000000007,-9.877722730662995,0.5341908803537603,50.409099735081355
185.6039208563295,-21.160208547165983,1.0000000000000009,-9.87725709726522,0.5348938259543359,50.39709167315239
185.61172941889197,-21.167252252921855,1.0000000000000009,-9.876791118393152,0.5355958586924894,50.38510685269022
185.61954100472082,-21.174293798024827,1.0000000000000009,-9.876324795199457,0.5362969775435977,50.37314530645618
185.62735561682817,-21.18133317987328,1.0000000000000007,-9.875858128836615,0.5369971814828012,50.36120706721153
185.63517325822602,-21.188370395864712,1.0000000000000009,-9.875391120456865,0.5376964694850224,50.349292167717515
185.64299393192613,-21.195405443395686,1.0000000000000009,-9.874923771212249,0.5383948405249579,50.33740064073543
185.6508176409401,-21.202438319861894,1.0000000000000009,-9.874456082254586,0.5390922935770948,50.3255325190265
185.6586443882792,-21.209469022658073,1.0000000000000009,-9.87398805473547,0.5397888276156735,50.31368783535206
185.66647417695467,-21.216497549178094,1.0000000000000007,-9.873519689806294,0.5404844416147339,50.30186662247332
185.67430700997744,-21.22352389681488,1.0000000000000009,-9.873050988618212,0.5411791345480732,50.29006891315157
185.68214289035828,-21.230548062960477,1.0000000000000009,-9.872581952322182,0.5418729053892832,50.278294740148084
185.68998182110766,-21.23757004500598,1.0000000000000009,-9.872112582068924,0.5425657531117225,50.2665441362241
185.697823805236,-21.244589840341607,1.0000000000000007,-9.871642879008952,0.5432576766885324,50.25481713414094
185.70566884575337,-21.251607446356633,1.0000000000000009,-9.871172844292538,0.5439486750926239,50.24311376665982
185.7135169456697,-21.258622860439438,1.0000000000000007,-9.870702479069761,0.5446387472966983,50.23143406654203
185.72136810799466,-21.26563607997747,1.0000000000000009,-9.870231784490457,0.5453278922732192,50.219778066548855
185.72922233573772,-21.272647102357254,1.0000000000000009,-9.86976076170425,0.5460161089944409,50.208145799441525
185.73707963190816,-21.279655924964406,1.0000000000000007,-9.869289411860532,0.5467033964323864,50.19653729798135
185.74493999951503,-21.286662545183628,1.0000000000000009,-9.868817736108479,0.5473897535588592,50.18495259492957
185.7528034415671,-21.29366696039868,1.0000000000000009,-9.86834573559705,0.548075179345445,50.17339172304747
185.760669961073,-21.30066916799243,1.0000000000000007,-9.867873411474957,0.5487596727635067,50.16185471509632
185.76853956104117,-21.307669165346788,1.0000000000000009,-9.86740076489071,0.5494432327841734,50.15034160383735
185.77641224447962,-21.314666949842756,1.0000000000000009,-9.866927796992577,0.5501258583783688,50.13885242203188
185.7842880143964,-21.32166251886041,1.0000000000000007,-9.866454508928612,0.5508075485167847,50.12738720244115
185.79216687379912,-21.328655869778906,1.0000000000000007,-9.865980901846628,0.5514883021698949,50.115945977826435
185.80004882569528,-21.335646999976454,1.0000000000000009,-9.86550697689422,0.5521681183079497,50.10452878094901
185.8079338730921,-21.342635906830353,1.0000000000000007,-9.865032735218758,0.5528469959009823,50.093135644570104
185.8158220189966,-21.34962258771696,1.0000000000000009,-9.864558177967364,0.553524933918796,50.08176660145106
185.82371326641552,-21.356607040011706,1.0000000000000007,-9.864083306286958,0.5542019313309838,50.070421684353065
185.8316076183554,-21.36358926108909,1.0000000000000009,-9.863608121324209,0.5548779871069032,50.059100926037445
185.8395050778225,-21.37056924832268,1.0000000000000009,-9.863132624225559,0.5555531002157066,50.04780435926546
185.84740564782294,-21.377546999085098,1.0000000000000009,-9.862656816137228,0.5562272696263086,50.03653201679832
185.85530933136246,-21.384522510748052,1.0000000000000007,-9.862180698205197,0.5569004943074245,50.0252839313974
185.86321613144665,-21.39149578068229,1.0000000000000007,-9.861704271575206,0.5575727732275237,50.01406013582387
185.8711260510808,-21.39846680625764,1.0000000000000009,-9.861227537392782,0.5582441053548708,50.002860662839055
185.87903909327005,-21.405435584842984,1.0000000000000009,-9.8607504968032,0.5589144896575045,49.99168554520419
185.88695526101918,-21.412402113806266,1.0000000000000009,-9.860273150951516,0.5595839251032477,49.980534815680606
185.89487455733277,-21.41936639051448,1.0000000000000009,-9.859795500982534,0.5602524106596931,49.96940850702948
185.90279698521516,-21.4263284123337,1.0000000000000009,-9.85931754804084,0.5609199452942182,49.95830665201213
185.91072254767042,-21.433288176629038,1.0000000000000009,-9.858839293270767,0.561586527973986,49.94722928338982
185.91865124770237,-21.44024568076467,1.0000000000000009,-9.858360737816422,0.5622521576659296,49.93617643392383
185.92658308831454,-21.44720092210382,1.0000000000000009,-9.857881882821673,0.562916833336764,49.9251481363754
185.9345180725103,-21.454153898008784,1.0000000000000007,-9.85740272943015,0.5635805539529901,49.914144423505824
185.94245620329264,-21.46110460584088,1.0000000000000009,-9.856923278785235,0.5642433184808766,49.903165328076355
185.95039748366437,-21.468053042960516,1.0000000000000009,-9.856443532030093,0.5649051258864879,49.89221088284827
185.95834191662803,-21.474999206727126,1.0000000000000007,-9.855963490307632,0.5655659751356548,49.88128112058281
185.96628950518584,-21.481943094499186,1.0000000000000009,-9.855483154760506,0.5662258651939931,49.87037607404133
185.97424025233983,-21.48888470363425,1.0000000000000009,-9.855002526531164,0.5668847950269016,49.85949577598498
185.98219416109168,-21.49582403148889,1.0000000000000007,-9.854521606761786,0.5675427635995556,49.84864025917512
185.9901512344429,-21.502761075418743,1.0000000000000009,-9.85404039659431,0.5681997698769123,49.83780955637299
185.99811147539464,-21.509695832778494,1.0000000000000007,-9.85355889717046,0.5688558128237071,49.82700370033981
186.00607488694777,-21.516628300921845,1.0000000000000009,-9.853077109631668,0.5695108914044589,49.816222723836894
186.01404147210303,-21.52355847720158,1.0000000000000007,-9.852595035119169,0.5701650045834663,49.805466659625516
186.0220112338607,-21.530486358969497,1.0000000000000009,-9.852112674773917,0.5708181513248078,49.794735540466974
186.0299841752209,-21.537411943576448,1.0000000000000007,-9.851630029736652,0.5714703305923416,49.78402939912242
186.0379602991834,-21.54433522837231,1.0000000000000009,-9.851147101147838,0.5721215413497105,49.77334826835324
186.04593960874777,-21.55125621070602,1.0000000000000007,-9.850663890147715,0.572771782560336,49.762692180920666
186.0539221069132,-21.558174887925535,1.0000000000000007,-9.850180397876258,0.5734210531874169,49.752061169585964
186.0619077966787,-21.565091257377862,1.0000000000000007,-9.849696625473216,0.57406935219394,49.74145526711039
186.06989668104285,-21.572005316409033,1.0000000000000009,-9.84921257407806,0.5747166785426661,49.73087450625524
186.07788876300415,-21.57891706236413,1.0000000000000009,-9.848728244830042,0.5753630311961428,49.72031891978174
186.0858840455606,-21.585826492587245,1.0000000000000009,-9.848243638868142,0.5760084091166995,49.70978854045119
186.09388253171002,-21.59273360442152,1.0000000000000009,-9.847758757331102,0.5766528112664369,49.69928340102484
186.10188422444995,-21.599638395209134,1.000000000000001,-9.847273601357406,0.5772962366072529,49.68880353426398
186.10988912677757,-21.60654086229127,1.000000000000001,-9.846788172085287,0.5779386841008161,49.67834897292989
186.11789724168978,-21.613441003008163,1.0000000000000013,-9.84630247065272,0.5785801527085765,49.66791974978383
186.12590857218322,-21.620338814699068,1.000000000000001,-9.84581649819745,0.5792206413917715,49.65751589758702
186.1339231212542,-21.627234294702266,1.000000000000001,-9.845330255856945,0.5798601491114148,49.647137449100754
186.14194089189874,-21.634127440355076,1.000000000000001,-9.844843744768419,0.5804986748283079,49.636784437086334
186.14996188711254,-21.64101824899382,1.000000000000001,-9.844356966068846,0.5811362175030261,49.626456894304994
186.157986109891,-21.647906717953862,1.0000000000000009,-9.84386992089493,0.581772776095935,49.616154853518005
186.16601356322926,-21.654792844569577,1.000000000000001,-9.843382610383122,0.5824083495671766,49.605878347486644
186.17404425012202,-21.661676626174373,1.000000000000001,-9.842895035669628,0.5830429368766747,49.595627408972184
186.18207817356387,-21.668558060100672,1.0000000000000009,-9.842407197890385,0.5836765369841435,49.5854020707359
186.19011533654887,-21.6754371436799,1.000000000000001,-9.841919098181066,0.5843091488490688,49.57520236553902
186.19815574207095,-21.68231387424254,1.000000000000001,-9.841430737677097,0.5849407714307242,49.56502832614286
186.2061993931236,-21.68918824911805,1.000000000000001,-9.84094211751364,0.5855714036881712,49.55487998530867
186.21424629270004,-21.69606026563493,1.000000000000001,-9.840453238825601,0.586201044580235,49.54475737579768
186.2222964437932,-21.702929921120685,1.0000000000000009,-9.839964102747615,0.5868296930655483,49.534660530371234
186.2303498493956,-21.709797212901847,1.000000000000001,-9.83947471041406,0.5874573481025087,49.524589481790564
186.23840651249955,-21.71666213830393,1.0000000000000009,-9.838985062959061,0.5880840086493051,49.51454426281692
186.2464664360969,-21.723524694651495,1.000000000000001,-9.83849516151646,0.5887096736639035,49.5045249062116
186.25452962317934,-21.730384879268094,1.0000000000000009,-9.838005007219861,0.5893343421040571,49.49453144473587
186.2625960767381,-21.737242689476286,1.000000000000001,-9.83751460120258,0.5899580129272985,49.48456391115096
186.27066579976415,-21.74409812259766,1.000000000000001,-9.837023944597687,0.5905806850909494,49.47462233821817
186.27873879524805,-21.750951175952782,1.000000000000001,-9.836533038537976,0.5912023575521079,49.46470675869877
186.2868150661801,-21.75780184686125,1.000000000000001,-9.836041884155973,0.5918230292676578,49.45481720535398
186.29489461555022,-21.764650132641645,1.0000000000000013,-9.83555048258394,0.5924426991942715,49.44495371094517
186.30297744634805,-21.77149603061157,1.000000000000001,-9.835058834953884,0.5930613662883961,49.435116308233546
186.31106356156286,-21.77833953808763,1.000000000000001,-9.834566942397524,0.5936790295062648,49.42530502998034
186.31915296418353,-21.785180652385407,1.0000000000000009,-9.834074806046322,0.5942956878038963,49.41551990894688
186.3272456571986,-21.792019370819514,1.000000000000001,-9.833582427031455,0.5949113401370933,49.40576097789441
186.3353416435964,-21.798855690703565,1.0000000000000009,-9.83308980648386,0.5955259854614448,49.39602826958421
186.34344092636474,-21.80568960935013,1.0000000000000009,-9.832596945534174,0.5961396227323128,49.386321816777546
186.3515435084912,-21.812521124070823,1.000000000000001,-9.832103845312778,0.5967522509048533,49.37664165223568
186.35964939296298,-21.819350232176223,1.000000000000001,-9.83161050694978,0.5973638689340026,49.36698780871986
186.36775858276684,-21.826176930975937,1.000000000000001,-9.831116931574998,0.5979744757744845,49.35736031899138
186.37587108088934,-21.833001217778534,1.000000000000001,-9.830623120318005,0.5985840703807992,49.34775921581153
186.38398689031655,-21.83982308989159,1.000000000000001,-9.830129074308081,0.5991926517072406,49.338184531941536
186.39210601403425,-21.84664254462166,1.000000000000001,-9.829634794674229,0.5998002187078768,49.3286363001427
186.40022845502784,-21.853459579274315,1.000000000000001,-9.829140282545188,0.600406770336571,49.31911455317625
186.40835421628242,-21.860274191154097,1.000000000000001,-9.828645539049413,0.6010123055469601,49.30961932380345
186.41648330078257,-21.867086377564533,1.000000000000001,-9.828150565315088,0.6016168232924759,49.30015064478564
186.4246157115127,-21.873896135808153,1.000000000000001,-9.827655362470113,0.6022203225263243,49.29070854888404
186.43275145145668,-21.880703463186446,1.000000000000001,-9.82715993164211,0.6028228022015023,49.2812930688599
186.44089052359814,-21.887508356999927,1.000000000000001,-9.826664273958427,0.6034242612707925,49.27190423747452
186.44903293092028,-21.89431081454806,1.000000000000001,-9.826168390546135,0.6040246986867581,49.26254208748918
186.4571786764059,-21.901110833129305,1.0000000000000009,-9.825672282532011,0.6046241134017518,49.25320665166511
