galstreams/tracks/track.st.Parallel.weiss2018.ecsv
# %ECSV 1.0
# ---
# datatype:
# - {name: ra, unit: deg, datatype: float64}
# - {name: dec, unit: deg, datatype: float64}
# - {name: distance, unit: kpc, datatype: float64}
# - {name: pm_ra_cosdec, unit: mas / yr, datatype: float64}
# - {name: pm_dec, unit: mas / yr, datatype: float64}
# - {name: radial_velocity, unit: km / s, datatype: float64}
# delimiter: ','
# meta: !!omap
# - __serialized_columns__:
#     dec:
#       __class__: astropy.coordinates.angles.Latitude
#       unit: &id001 !astropy.units.Unit {unit: deg}
#       value: !astropy.table.SerializedColumn {name: dec}
#     distance:
#       __class__: astropy.coordinates.distances.Distance
#       unit: !astropy.units.Unit {unit: kpc}
#       value: !astropy.table.SerializedColumn {name: distance}
#     pm_dec:
#       __class__: astropy.units.quantity.Quantity
#       unit: !astropy.units.Unit {unit: mas / yr}
#       value: !astropy.table.SerializedColumn {name: pm_dec}
#     pm_ra_cosdec:
#       __class__: astropy.units.quantity.Quantity
#       unit: !astropy.units.Unit {unit: mas / yr}
#       value: !astropy.table.SerializedColumn {name: pm_ra_cosdec}
#     ra:
#       __class__: astropy.coordinates.angles.Longitude
#       unit: *id001
#       value: !astropy.table.SerializedColumn {name: ra}
#       wrap_angle: !astropy.coordinates.Angle
#         unit: *id001
#         value: 360.0
#     radial_velocity:
#       __class__: astropy.units.quantity.Quantity
#       unit: !astropy.units.Unit {unit: km / s}
#       value: !astropy.table.SerializedColumn {name: radial_velocity}
# schema: astropy-2.0
ra,dec,distance,pm_ra_cosdec,pm_dec,radial_velocity
[from data line 467]
188.3572605773221,1.7537460778372018,14.870636938711778,0.0,0.0,0.0
188.34773931542873,1.7574280319061026,14.870788195539852,0.0,0.0,0.0
188.3382180081521,1.7611099253039713,14.87093945236793,0.0,0.0,0.0
188.32869665545454,1.7647917579916295,14.871090709196007,0.0,0.0,0.0
188.31917525729835,1.7684735299299057,14.871241966024083,0.0,0.0,0.0
188.30965381364575,1.7721552410796522,14.871393222852163,0.0,0.0,0.0
188.300132324459,1.7758368914016873,14.871544479680233,0.0,0.0,0.0
188.2906107897004,1.7795184808568651,14.871695736508313,0.0,0.0,0.0
188.28108920933212,1.7832000094060143,14.871846993336389,0.0,0.0,0.0
188.27156758331657,1.7868814770099666,14.871998250164467,0.0,0.0,0.0
188.26204591161587,1.7905628836295748,14.87214950699254,0.0,0.0,0.0
188.25252419419243,1.7942442292256628,14.87230076382062,0.0,0.0,0.0
188.24300243100842,1.7979255137590888,14.8724520206487,0.0,0.0,0.0
188.2334806220262,1.8016067371906759,14.872603277476772,0.0,0.0,0.0
188.223958767208,1.8052878994812827,14.87275453430485,0.0,0.0,0.0
188.21443686651608,1.8089690005917447,14.872905791132926,0.0,0.0,0.0
188.20491491991282,1.8126500404828956,14.873057047961003,0.0,0.0,0.0
188.1953929273604,1.8163310191155966,14.87320830478908,0.0,0.0,0.0
188.18587088882117,1.8200119364506753,14.873359561617159,0.0,0.0,0.0
188.1763488042574,1.8236927924489932,14.873510818445231,0.0,0.0,0.0
188.16682667363142,1.827373587071391,14.873662075273307,0.0,0.0,0.0
188.15730449690554,1.8310543202787037,14.873813332101388,0.0,0.0,0.0
188.147782274042,1.8347349920317986,14.873964588929462,0.0,0.0,0.0
188.13826000500316,1.838415602291506,14.87411584575754,0.0,0.0,0.0
188.12873768975123,1.842096151018691,14.874267102585616,0.0,0.0,0.0
188.11921532824869,1.8457766381741876,14.874418359413694,0.0,0.0,0.0
188.10969292045763,1.8494570637188636,14.874569616241766,0.0,0.0,0.0
188.10017046634056,1.8531374276135606,14.874720873069847,0.0,0.0,0.0
188.09064796585972,1.8568177298191233,14.874872129897922,0.0,0.0,0.0
188.08112541897736,1.8604979702964197,14.875023386725998,0.0,0.0,0.0
188.07160282565596,1.86417814900629,14.875174643554077,0.0,0.0,0.0
188.0620801858577,1.867858265909602,14.875325900382153,0.0,0.0,0.0
188.05255749954497,1.871538320967195,14.875477157210227,0.0,0.0,0.0
188.04303476668005,1.8752183141399406,14.875628414038307,0.0,0.0,0.0
188.03351198722532,1.8788982453886878,14.875779670866383,0.0,0.0,0.0
188.02398916114313,1.8825781146742844,14.875930927694458,0.0,0.0,0.0
188.01446628839574,1.8862579219576063,14.876082184522534,0.0,0.0,0.0
188.0049433689456,1.8899376671994954,14.876233441350616,0.0,0.0,0.0
187.99542040275492,1.8936173503608276,14.87638469817869,0.0,0.0,0.0
187.98589738978615,1.8972969714024441,14.876535955006764,0.0,0.0,0.0
187.9763743300016,1.9009765302852255,14.87668721183484,0.0,0.0,0.0
187.96685122336353,1.9046560269700246,14.87683846866292,0.0,0.0,0.0
187.9573280698345,1.9083354614176935,14.876989725490994,0.0,0.0,0.0
187.94780486937665,1.9120148335891132,14.87714098231907,0.0,0.0,0.0
187.93828162195246,1.9156941434451311,14.877292239147149,0.0,0.0,0.0
187.92875832752424,1.9193733909466275,14.877443495975227,0.0,0.0,0.0
187.91923498605433,1.9230525760544603,14.8775947528033,0.0,0.0,0.0
187.9097115975052,1.9267316987294851,14.877746009631378,0.0,0.0,0.0
187.9001881618391,1.9304107589325878,14.877897266459453,0.0,0.0,0.0
187.8906646790185,1.9340897566246193,14.878048523287532,0.0,0.0,0.0
187.88114114900566,1.9377686917664625,14.87819978011561,0.0,0.0,0.0
187.87161757176304,1.941447564318972,14.878351036943686,0.0,0.0,0.0
187.862093947253,1.9451263742430318,14.878502293771763,0.0,0.0,0.0
187.8525702754378,1.9488051214995055,14.878653550599838,0.0,0.0,0.0
187.8430465562801,1.9524838060492544,14.878804807427915,0.0,0.0,0.0
187.83352278974198,1.9561624278531702,14.878956064255993,0.0,0.0,0.0
187.82399897578603,1.9598409868721067,14.879107321084069,0.0,0.0,0.0
187.81447511437455,1.9635194830669536,14.879258577912145,0.0,0.0,0.0
187.8049512054699,1.9671979163985782,14.87940983474022,0.0,0.0,0.0
187.7954272490346,1.9708762868278464,14.879561091568299,0.0,0.0,0.0
187.7859032450309,1.974554594315651,14.879712348396373,0.0,0.0,0.0
187.77637919342138,1.97823283882285,14.879863605224449,0.0,0.0,0.0
187.76685509416822,1.9819110203103396,14.88001486205253,0.0,0.0,0.0
187.757330947234,1.9855891387389804,14.880166118880606,0.0,0.0,0.0
187.74780675258106,1.989267194069666,14.88031737570868,0.0,0.0,0.0
187.73828251017176,1.9929451862632699,14.88046863253676,0.0,0.0,0.0
187.72875821996865,1.996623115280662,14.880619889364832,0.0,0.0,0.0
187.71923388193403,2.0003009810827415,14.880771146192913,0.0,0.0,0.0
187.70970949603037,2.003978783630371,14.880922403020985,0.0,0.0,0.0
187.70018506222004,2.0076565228844534,14.881073659849065,0.0,0.0,0.0
187.69066058046556,2.011334198805852,14.88122491667714,0.0,0.0,0.0
187.6811360507292,2.0150118113554685,14.881376173505219,0.0,0.0,0.0
187.6716114729735,2.0186893604941787,14.881527430333295,0.0,0.0,0.0
187.6620868471609,2.0223668461828597,14.881678687161369,0.0,0.0,0.0
187.65256217325376,2.026044268382416,14.881829943989446,0.0,0.0,0.0
187.6430374512146,2.0297216270537155,14.881981200817526,0.0,0.0,0.0
187.63351268100578,2.033398922157664,14.8821324576456,0.0,0.0,0.0
187.62398786258976,2.037076153655141,14.88228371447368,0.0,0.0,0.0
187.61446299592907,2.0407533215070273,14.882434971301755,0.0,0.0,0.0
187.60493808098602,2.0444304256742285,14.882586228129831,0.0,0.0,0.0
187.59541311772318,2.0481074661176213,14.882737484957907,0.0,0.0,0.0
187.58588810610289,2.051784442798112,14.882888741785987,0.0,0.0,0.0
187.57636304608772,2.0554613556765764,14.883039998614063,0.0,0.0,0.0
187.56683793763997,2.0591382047139226,14.883191255442137,0.0,0.0,0.0
187.55731278072224,2.0628149898710397,14.883342512270213,0.0,0.0,0.0
187.54778757529698,2.066491711108811,14.883493769098292,0.0,0.0,0.0
187.53826232132658,2.070168368388148,14.883645025926368,0.0,0.0,0.0
187.5287370187736,2.0738449616699324,14.883796282754446,0.0,0.0,0.0
187.5192116676004,2.0775214909150748,14.883947539582522,0.0,0.0,0.0
187.5096862677695,2.081197956084467,14.884098796410596,0.0,0.0,0.0
187.50016081924343,2.0848743571389963,14.884250053238674,0.0,0.0,0.0
187.49063532198457,2.0885506940395793,14.884401310066751,0.0,0.0,0.0
187.4811097759555,2.0922269667471016,14.88455256689483,0.0,0.0,0.0
187.4715841811186,2.095903175222477,14.884703823722903,0.0,0.0,0.0
187.46205853743646,2.0995793194265917,14.88485508055098,0.0,0.0,0.0
187.45253284487143,2.103255399320364,14.885006337379059,0.0,0.0,0.0
187.44300710338612,2.1069314148646883,14.885157594207133,0.0,0.0,0.0
187.43348131294303,2.1106073660204605,14.88530885103521,0.0,0.0,0.0
187.42395547350455,2.1142832527486015,14.885460107863288,0.0,0.0,0.0
187.4144295850333,2.1179590750099995,14.885611364691364,0.0,0.0,0.0
187.40490364749166,2.121634832765575,14.885762621519442,0.0,0.0,0.0
187.39537766084226,2.1253105259762224,14.885913878347516,0.0,0.0,0.0
187.38585162504748,2.1289861546028614,14.886065135175594,0.0,0.0,0.0
187.3763255400699,2.1326617186063954,14.88621639200367,0.0,0.0,0.0
187.36679940587206,2.136337217947722,14.88636764883175,0.0,0.0,0.0
187.35727322241635,2.1400126525877683,14.886518905659823,0.0,0.0,0.0
187.34774698966547,2.1436880224874297,14.886670162487901,0.0,0.0,0.0
187.33822070758174,2.147363327607632,14.886821419315979,0.0,0.0,0.0
187.32869437612786,2.1510385679092727,14.886972676144051,0.0,0.0,0.0
187.3191679952662,2.1547137433532795,14.88712393297213,0.0,0.0,0.0
187.30964156495938,2.1583888539005573,14.887275189800208,0.0,0.0,0.0
187.30011508516995,2.1620638995120136,14.887426446628284,0.0,0.0,0.0
187.29058855586038,2.165738880148579,14.887577703456362,0.0,0.0,0.0
187.28106197699324,2.1694137957711535,14.887728960284438,0.0,0.0,0.0
187.27153534853102,2.1730886463406702,14.887880217112512,0.0,0.0,0.0
187.2620086704363,2.1767634318180367,14.88803147394059,0.0,0.0,0.0
187.25248194267166,2.1804381521641645,14.888182730768666,0.0,0.0,0.0
187.24295516519956,2.1841128073399885,14.888333987596743,0.0,0.0,0.0
187.23342833798264,2.1877873973064115,14.88848524442482,0.0,0.0,0.0
187.2239014609833,2.191461922024371,14.888636501252897,0.0,0.0,0.0
187.2143745341643,2.195136381454773,14.888787758080975,0.0,0.0,0.0
187.20484755748805,2.198810775558553,14.88893901490905,0.0,0.0,0.0
187.1953205309171,2.2024851042966267,14.889090271737128,0.0,0.0,0.0
187.18579345441412,2.20615936762991,14.889241528565204,0.0,0.0,0.0
187.1762663279416,2.209833565519344,14.88939278539328,0.0,0.0,0.0
187.16673915146214,2.2135076979258366,14.889544042221358,0.0,0.0,0.0
187.15721192493822,2.2171817648103302,14.889695299049436,0.0,0.0,0.0
187.14768464833253,2.220855766133743,14.889846555877511,0.0,0.0,0.0
187.13815732160762,2.224529701856995,14.889997812705584,0.0,0.0,0.0
187.12862994472596,2.22820357194103,14.890149069533663,0.0,0.0,0.0
187.1191025176503,2.2318773763467603,14.890300326361741,0.0,0.0,0.0
187.1095750403431,2.235551115035133,14.890451583189815,0.0,0.0,0.0
187.10004751276702,2.2392247879670637,14.890602840017895,0.0,0.0,0.0
187.09051993488453,2.2428983951034964,14.890754096845972,0.0,0.0,0.0
187.0809923066583,2.246571936405357,14.890905353674047,0.0,0.0,0.0
187.071464628051,2.2502454118335704,14.891056610502124,0.0,0.0,0.0
187.06193689902506,2.253918821349085,14.891207867330202,0.0,0.0,0.0
187.05240911954323,2.2575921649128214,14.891359124158276,0.0,0.0,0.0
187.042881289568,2.26126544248573,14.891510380986352,0.0,0.0,0.0
187.03335340906207,2.264938654028729,14.89166163781443,0.0,0.0,0.0
187.02382547798797,2.2686117995027724,14.891812894642506,0.0,0.0,0.0
187.0142974963083,2.272284878868791,14.891964151470582,0.0,0.0,0.0
187.00476946398575,2.275957892087713,14.892115408298658,0.0,0.0,0.0
186.99524138098286,2.2796308391204962,14.892266665126733,0.0,0.0,0.0
186.98571324726234,2.2833037199280617,14.892417921954811,0.0,0.0,0.0
186.97618506278667,2.2869765344713677,14.892569178782889,0.0,0.0,0.0
186.9666568275186,2.2906492827113465,14.892720435610967,0.0,0.0,0.0
186.9571285414207,2.294321964608934,14.892871692439043,0.0,0.0,0.0
186.94760020445557,2.2979945801250876,14.89302294926712,0.0,0.0,0.0
186.93807181658593,2.3016671292207356,14.893174206095194,0.0,0.0,0.0
186.9285433777743,2.3053396118568394,14.893325462923274,0.0,0.0,0.0
186.91901488798345,2.309012027994328,14.893476719751346,0.0,0.0,0.0
186.90948634717589,2.3126843775941626,14.893627976579426,0.0,0.0,0.0
186.8999577553143,2.3163566606172834,14.893779233407502,0.0,0.0,0.0
186.89042911236137,2.3200288770246296,14.893930490235578,0.0,0.0,0.0
186.8809004182797,2.3237010267771656,14.894081747063655,0.0,0.0,0.0
186.871371673032,2.327373109835825,14.894233003891731,0.0,0.0,0.0
186.8618428765808,2.3310451261615737,14.89438426071981,0.0,0.0,0.0
186.85231402888886,2.3347170757153553,14.894535517547888,0.0,0.0,0.0
186.84278512991884,2.338388958458112,14.89468677437596,0.0,0.0,0.0
186.83325617963334,2.342060774350814,14.894838031204038,0.0,0.0,0.0
186.8237271779951,2.3457325233543975,14.894989288032116,0.0,0.0,0.0
186.81419812496665,2.3494042054298316,14.895140544860194,0.0,0.0,0.0
186.80466902051083,2.3530758205380584,14.895291801688268,0.0,0.0,0.0
186.79513986459017,2.356747368640047,14.895443058516344,0.0,0.0,0.0
186.7856106571674,2.3604188496967446,14.895594315344422,0.0,0.0,0.0
186.77608139820526,2.3640902636691044,14.895745572172498,0.0,0.0,0.0
186.7665520876663,2.367761610518096,14.895896829000577,0.0,0.0,0.0
186.75702272551334,2.3714328902046664,14.896048085828653,0.0,0.0,0.0
186.74749331170892,2.375104102689788,14.896199342656727,0.0,0.0,0.0
186.73796384621585,2.3787752479344064,14.896350599484807,0.0,0.0,0.0
186.72843432899674,2.3824463258995,14.896501856312883,0.0,0.0,0.0
186.7189047600143,2.386117336546021,14.896653113140959,0.0,0.0,0.0
186.7093751392313,2.389788279834924,14.896804369969036,0.0,0.0,0.0
186.6998454666103,2.3934591557271894,14.896955626797112,0.0,0.0,0.0
186.6903157421142,2.3971299641837662,14.897106883625186,0.0,0.0,0.0
186.68078596570544,2.4008007051656346,14.897258140453266,0.0,0.0,0.0
186.67125613734697,2.404471378633744,14.897409397281345,0.0,0.0,0.0
186.66172625700133,2.40814198454908,14.897560654109418,0.0,0.0,0.0
186.65219632463132,2.4118125228725997,14.897711910937494,0.0,0.0,0.0
186.6426663401997,2.4154829935652633,14.897863167765571,0.0,0.0,0.0
186.63313630366903,2.4191533965880576,14.898014424593645,0.0,0.0,0.0
186.62360621500218,2.4228237319019357,14.898165681421725,0.0,0.0,0.0
186.6140760741618,2.426493999467884,14.8983169382498,0.0,0.0,0.0
186.60454588111057,2.4301641992468657,14.898468195077879,0.0,0.0,0.0
186.5950156358114,2.4338343311998467,14.898619451905953,0.0,0.0,0.0
186.5854853382268,2.4375043952878155,14.898770708734032,0.0,0.0,0.0
186.57595498831967,2.44117439147173,14.898921965562108,0.0,0.0,0.0
186.5664245860526,2.4448443197125806,14.899073222390188,0.0,0.0,0.0
186.5568941313885,2.4485141799713266,14.89922447921826,0.0,0.0,0.0
186.54736362428997,2.452183972208963,14.899375736046338,0.0,0.0,0.0
186.53783306471976,2.4558536963864563,14.899526992874415,0.0,0.0,0.0
186.52830245264076,2.459523352464777,14.899678249702491,0.0,0.0,0.0
186.51877178801558,2.4631929404049213,14.899829506530565,0.0,0.0,0.0
186.50924107080704,2.466862460167849,14.899980763358645,0.0,0.0,0.0
186.49942559494897,2.468582826514498,14.899546568355285,0.0,0.0,0.0
186.48956861131524,2.470019119246767,14.899027067254588,0.0,0.0,0.0
186.47971160635888,2.4714553389279788,14.898507566153894,0.0,0.0,0.0
186.46985458006844,2.472891485515459,14.897988065053198,0.0,0.0,0.0
186.4599975324327,2.474327558966506,14.8974685639525,0.0,0.0,0.0
186.45014046344016,2.4757635592384473,14.896949062851805,0.0,0.0,0.0
186.44028337307955,2.4771994862885833,14.89642956175111,0.0,0.0,0.0
186.43042626133942,2.478635340074247,14.895910060650415,0.0,0.0,0.0
186.4205691282084,2.4800711205527506,14.895390559549721,0.0,0.0,0.0
186.41071197367526,2.481506827681405,14.894871058449025,0.0,0.0,0.0
186.40085479772847,2.48294246141755,14.894351557348326,0.0,0.0,0.0
186.39099760035685,2.4843780217184954,14.893832056247634,0.0,0.0,0.0
186.38114038154887,2.485813508541582,14.893312555146938,0.0,0.0,0.0
186.37128314129333,2.4872489218441225,14.892793054046242,0.0,0.0,0.0
186.36142587957877,2.4886842615834626,14.892273552945547,0.0,0.0,0.0
186.3515685963939,2.490119527716926,14.891754051844849,0.0,0.0,0.0
186.3417112917274,2.49155472020184,14.891234550744155,0.0,0.0,0.0
186.33185396556786,2.492989838995555,14.890715049643461,0.0,0.0,0.0
186.32199661790406,2.494424884055391,14.890195548542762,0.0,0.0,0.0
186.3121392487245,2.495859855338705,14.889676047442068,0.0,0.0,0.0
186.30228185801792,2.497294752802828,14.889156546341374,0.0,0.0,0.0
186.2924244457731,2.498729576405097,14.888637045240676,0.0,0.0,0.0
186.28256701197853,2.500164326102871,14.888117544139982,0.0,0.0,0.0
186.272709556623,2.5015990018534806,14.887598043039286,0.0,0.0,0.0
186.2628520796951,2.503033603614291,14.887078541938592,0.0,0.0,0.0
186.25299458118366,2.5044681313426342,14.886559040837897,0.0,0.0,0.0
186.2431370610772,2.505902584995881,14.8860395397372,0.0,0.0,0.0
186.23327951936443,2.5073369645313752,14.885520038636505,0.0,0.0,0.0
186.22342195603417,2.5087712699064637,14.88500053753581,0.0,0.0,0.0
186.2135643710749,2.510205501078522,14.884481036435115,0.0,0.0,0.0
186.20370676447556,2.5116396580048903,14.883961535334414,0.0,0.0,0.0
186.19384913622457,2.513073740642948,14.88344203423372,0.0,0.0,0.0
186.18399148631084,2.514507748950049,14.882922533133028,0.0,0.0,0.0
186.174133814723,2.515941682883551,14.882403032032332,0.0,0.0,0.0
186.1642761214497,2.5173755424008357,14.881883530931633,0.0,0.0,0.0
186.15441840647975,2.518809327459255,14.88136402983094,0.0,0.0,0.0
186.14456066980173,2.520243038016196,14.880844528730247,0.0,0.0,0.0
186.13470291140445,2.521676674029015,14.880325027629551,0.0,0.0,0.0
186.12484513127654,2.5231102354551003,14.879805526528854,0.0,0.0,0.0
