galstreams/tracks/track.st.New-5.ibata2024.ecsv
# %ECSV 1.0
# ---
# datatype:
# - {name: ra, unit: deg, datatype: float64}
# - {name: dec, unit: deg, datatype: float64}
# - {name: distance, unit: kpc, datatype: float64}
# - {name: pm_ra_cosdec, unit: mas / yr, datatype: float64}
# - {name: pm_dec, unit: mas / yr, datatype: float64}
# - {name: radial_velocity, unit: km / s, datatype: float64}
# delimiter: ','
# meta: !!omap
# - __serialized_columns__:
#     dec:
#       __class__: astropy.coordinates.angles.Latitude
#       unit: &id001 !astropy.units.Unit {unit: deg}
#       value: !astropy.table.SerializedColumn {name: dec}
#     distance:
#       __class__: astropy.coordinates.distances.Distance
#       unit: !astropy.units.Unit {unit: kpc}
#       value: !astropy.table.SerializedColumn {name: distance}
#     pm_dec:
#       __class__: astropy.units.quantity.Quantity
#       unit: !astropy.units.Unit {unit: mas / yr}
#       value: !astropy.table.SerializedColumn {name: pm_dec}
#     pm_ra_cosdec:
#       __class__: astropy.units.quantity.Quantity
#       unit: !astropy.units.Unit {unit: mas / yr}
#       value: !astropy.table.SerializedColumn {name: pm_ra_cosdec}
#     ra:
#       __class__: astropy.coordinates.angles.Longitude
#       unit: *id001
#       value: !astropy.table.SerializedColumn {name: ra}
#       wrap_angle: !astropy.coordinates.Angle
#         unit: *id001
#         value: 360.0
#     radial_velocity:
#       __class__: astropy.units.quantity.Quantity
#       unit: !astropy.units.Unit {unit: km / s}
#       value: !astropy.table.SerializedColumn {name: radial_velocity}
# schema: astropy-2.0
ra,dec,distance,pm_ra_cosdec,pm_dec,radial_velocity
[from data line 4545]
98.05463910111926,-0.5195910480818924,0.9999999999999999,-26.996898733014053,-34.14488369626958,242.07991153001655
98.0647030376772,-0.518893755765648,1.0,-26.987794954796733,-34.13781513479521,242.14246848746862
98.07476698563732,-0.5181966813154488,1.0,-26.97869092079278,-34.130747573790984,242.20502256270132
98.08483094501324,-0.5174998249258207,1.0,-26.969586634093595,-34.12368101585354,242.26757373793734
98.09489491581874,-0.5168031867912768,1.0,-26.960482097790525,-34.116615463579556,242.33012199539974
98.10495889806745,-0.5161067671063441,1.0,-26.95137731497494,-34.10955091956576,242.39266731731158
98.11502289177314,-0.5154105660655399,1.0,-26.94227228873821,-34.10248738640887,242.45520968589574
98.12508689694955,-0.5147145838633822,1.0,-26.93316702217171,-34.095424866705635,242.5177490833751
98.13515091361036,-0.514018820694396,1.0,-26.92406151836677,-34.08836336305282,242.5802854919726
98.14521494176918,-0.5133232767531068,1.0,-26.914955780414736,-34.081302878047204,242.64281889391123
98.15527898143982,-0.5126279522340339,1.0,-26.90584981140702,-34.07424341428563,242.70534927141375
98.16534303263599,-0.5119328473316965,1.0,-26.896743614434882,-34.067184974364906,242.76787660670345
98.1754070953713,-0.5112379622406255,1.0,-26.887637192589708,-34.06012756088189,242.83040088200306
98.18547116965955,-0.5105432971553374,1.0,-26.878530548962832,-34.053071176433455,242.89292207953542
98.19553525551434,-0.5098488522703636,1.0,-26.86942368664558,-34.04601582361648,242.95544018152373
98.20559935294949,-0.5091546277802221,1.0,-26.860316608729292,-34.038961505027906,243.01795517019073
98.21566346197854,-0.508460623879445,0.9999999999999999,-26.85120931830528,-34.03190822326464,243.08046702775934
98.22572758261533,-0.5077668407625513,1.0000000000000002,-26.842101818464883,-34.02485598092364,243.14297573645254
98.23579171487344,-0.5070732786240738,1.0,-26.832994112299414,-34.0178047806019,243.20548127849344
98.24585585876666,-0.5063799376585324,1.0,-26.82388620290017,-34.01075462489639,243.2679836361048
98.25592001430857,-0.5056868180604608,1.0,-26.814778093358484,-34.00370551640414,243.33048279150964
98.26598418151296,-0.5049939200243798,1.0,-26.805669786765655,-33.99665745772219,243.39297872693086
98.27604836039342,-0.5043012437448243,1.0000000000000002,-26.79656128621299,-33.98961045144756,243.45547142459134
98.28611255096375,-0.5036087894163158,1.0000000000000002,-26.787452594791805,-33.98256450017737,243.5179608667141
98.29617675323749,-0.50291655723339,1.0,-26.778343715593383,-33.97551960650869,243.58044703552204
98.30624096722846,-0.5022245473905693,1.0,-26.769234651709017,-33.968475773038634,243.64292991323816
98.31630519295022,-0.5015327600823901,1.0,-26.760125406230003,-33.96143300236434,243.70540948208543
98.32636943041659,-0.5008411955033761,1.0,-26.751015982247644,-33.954391297082964,243.7678857242866
98.33643367964109,-0.5001498538480643,1.0,-26.741906382853198,-33.94735065979168,243.83035862206486
98.34649794063752,-0.49945873531097945,1.0,-26.73279661113798,-33.94031109308766,243.892828157643
98.35656221341945,-0.49876784008665964,1.0,-26.723686670193246,-33.933272599568134,243.955294313244
98.36662649800063,-0.4980771683696334,1.0000000000000002,-26.7145765631103,-33.92623518183036,244.01775707109059
98.37669079439473,-0.49738672035442993,1.0,-26.70546629298038,-33.91919884247154,244.08021641340602
98.38675510261541,-0.4966964962355853,1.0,-26.69635586289478,-33.912163584088994,244.14267232241323
98.39681942267629,-0.49600649620763615,1.0,-26.68724527594478,-33.905129409279965,244.20512478033493
98.40688375459104,-0.4953167204651129,1.0,-26.678134535221623,-33.898096320641784,244.26757376939418
98.41694809837342,-0.4946271692025465,1.0,-26.669023643816573,-33.89106432077178,244.33001927181394
98.42701245403705,-0.49393784261447476,1.0,-26.65991260482092,-33.88403341226731,244.3924612698171
98.4370768215955,-0.49324874089543613,1.0000000000000002,-26.65080142132588,-33.87700359772571,244.45489974562665
98.44714120106252,-0.4925598642399631,0.9999999999999999,-26.641690096422764,-33.86997487974442,244.51733468146543
98.45720559245179,-0.49187121284258767,1.0,-26.632578633202755,-33.8629472609208,244.57976605955653
98.46726999577689,-0.4911827868978532,0.9999999999999999,-26.623467034757173,-33.85592074385227,244.6421938621228
98.47733441105157,-0.49049458660028994,1.0,-26.614355304177224,-33.848895331136305,244.7046180713872
98.48739883828937,-0.48980661214444177,1.0,-26.605243444554162,-33.84187102537034,244.7670386695726
98.49746327750405,-0.4891188637248396,1.0,-26.596131458979237,-33.834847829151876,244.82945563890203
98.50752772870916,-0.4884313415360286,1.0,-26.587019350543688,-33.827825745078385,244.8918689615985
98.51759219191848,-0.4877440457725402,1.0,-26.577907122338765,-33.82080477574742,244.95427861988472
98.52765666714551,-0.48705697662892056,1.0000000000000002,-26.568794777455683,-33.81378492375648,245.01668459598383
98.53772115440404,-0.4863701342997022,1.0,-26.5596823189857,-33.80676619170316,245.07908687211867
98.54778565370756,-0.48568351897943174,1.0,-26.550569750020024,-33.799748582184996,245.14148543051232
98.55785016506988,-0.4849971308626427,1.0,-26.541457073649916,-33.79273209779959,245.20388025338744
98.56791468850449,-0.484310970143883,1.0,-26.532344292966577,-33.78571674114456,245.26627132296724
98.57797922402517,-0.48362503701768683,1.0,-26.52323141106126,-33.778702514817525,245.32865862147452
98.58804377164542,-0.4829393316786026,1.0,-26.51411843102518,-33.77168942141616,245.3910421311323
98.598108331379,-0.48225385432116563,1.0,-26.50500535594955,-33.764677463538085,245.45342183416352
98.60817290323943,-0.4815686051399252,1.0,-26.495892188925605,-33.757666643781015,245.51579771279094
98.61823748724048,-0.48088358432941763,1.0000000000000002,-26.486778933044555,-33.750656964742625,245.57816974923784
98.62830208339564,-0.480198792084193,1.0,-26.477665591397646,-33.74364842902067,245.64053792572676
98.63836669171867,-0.4795142285987885,1.0,-26.468552167076055,-33.73664103921285,245.70290222448105
98.64843131222308,-0.4788298940677549,1.0,-26.459438663171014,-33.72963479791692,245.7652626277233
98.65849594492255,-0.47814578868563384,1.0000000000000002,-26.450325082773748,-33.72262970773069,245.82761911767656
98.66856058983079,-0.4774619126469669,1.0,-26.44121142897548,-33.715625771251936,245.88997167656393
98.67862524696132,-0.4767782661463032,1.0000000000000002,-26.43209770486737,-33.70862299107844,245.9523202866081
98.68868991632775,-0.47609484937819163,1.0,-26.422983913540673,-33.701621369808045,246.0146649300322
98.69875459794372,-0.4754116625371758,1.0,-26.413870058086587,-33.6946209100386,246.07700558905907
98.70881929182295,-0.474728705817799,1.0,-26.404756141596316,-33.68762161436796,246.1393422459117
98.71888399797895,-0.47404597941461213,1.0,-26.395642167161064,-33.680623485393994,246.201674882813
98.72894871642532,-0.473363483522166,1.0000000000000002,-26.386528137872034,-33.673626525714624,246.26400348198592
98.73901344717574,-0.4726812183350054,1.0,-26.37741405682045,-33.66663073792775,246.32632802565342
98.74907819024384,-0.47199918404767577,1.0,-26.36829992709748,-33.65963612463128,246.3886484960384
98.75914294564313,-0.4713173808547328,1.0000000000000002,-26.359185751794342,-33.652642688423164,246.45096487536387
98.76920771338736,-0.4706358089507193,1.0,-26.350071534002247,-33.6456504319014,246.51327714585258
98.77927249348997,-0.4699544685301916,1.0,-26.340957276812368,-33.63865935766396,246.57558528972774
98.78933728596475,-0.46927335978769374,1.0,-26.331842983315937,-33.63166946830884,246.63788928921215
98.79940209082514,-0.4685924829177829,1.0,-26.322728656604134,-33.62468076643405,246.70018912652873
98.80946690808487,-0.4679118381150035,1.0,-26.313614299768147,-33.617693254637615,246.76248478390042
98.81953173775743,-0.467231425573914,1.0,-26.30449991589917,-33.61070693551759,246.82477624355033
98.82959657985654,-0.4665512454890598,1.0,-26.295385508088437,-33.60372181167205,246.88706348770106
98.83966143439567,-0.4658712980549999,1.0,-26.286271079427085,-33.59673788569908,246.94934649857586
98.84972630138856,-0.46519158346628076,0.9999999999999998,-26.27715663300637,-33.58975516019678,247.01162525839757
98.85979118084865,-0.46451210191746206,0.9999999999999999,-26.26804217191743,-33.582773637763246,247.07389974938908
98.86985607278967,-0.46383285360309107,1.0,-26.2589276992515,-33.57579332099664,247.13616995377333
98.8799209772251,-0.46315383871772864,1.0,-26.24981321809973,-33.56881421249509,247.19843585377345
98.88998589416862,-0.4624750574559227,1.0,-26.240698731553344,-33.561836314856784,247.2606974316121
98.90005082363375,-0.46179651001223515,1.0,-26.231584242703534,-33.55485963067988,247.3229546695124
98.91011576563415,-0.46111819658121433,1.0,-26.222469754641477,-33.5478841625626,247.3852075496972
98.92018072018331,-0.4604401173574231,1.0,-26.213355270458383,-33.54090991310316,247.44745605438953
98.93024568729491,-0.4597622725354112,1.0,-26.20424079324541,-33.53393688489977,247.50970016581226
98.94031066698243,-0.45908466230974176,1.0,-26.195126326093785,-33.52696508055069,247.5719398661883
98.9503756592595,-0.4584072868749689,1.0,-26.186011872094674,-33.51999450265421,247.63417513774067
98.96044066413978,-0.4577301464256465,1.0,-26.17689743433928,-33.513025153808556,247.69640596269232
98.97050568163675,-0.45705324115633633,1.0000000000000002,-26.167783015918772,-33.50605703661206,247.7586323232661
98.98057071176396,-0.45637657126159986,1.0,-26.15866861992438,-33.499090153663055,247.82085420168502
98.99063575453502,-0.4557001369359929,1.0000000000000002,-26.149554249447263,-33.49212450755982,247.88307158017204
99.00070080996356,-0.4550239383740711,1.0,-26.14043990757862,-33.48516010090074,247.94528444095
99.01076587806311,-0.45434797577039765,1.0,-26.13132559740965,-33.47819693628417,248.00749276624197
99.02083095884714,-0.4536722493195359,1.0,-26.122211322031525,-33.47123501630846,248.06969653827065
99.03089605232934,-0.4529967592160434,0.9999999999999999,-26.11309708453546,-33.464274343572015,248.1318957392592
99.04096115852326,-0.4523215056544774,1.0,-26.103982888012617,-33.457314920673255,248.19409035143065
99.0510262774424,-0.45164648882940595,1.0,-26.09486873555421,-33.45035675021059,248.2562803570077
99.06109140910041,-0.4509717089353845,1.0,-26.085754630251422,-33.44339983478246,248.31846573821338
99.07115655351073,-0.4502971661669818,1.0,-26.076640575195448,-33.43644417698733,248.38064647727057
99.08122171068706,-0.44962286071875407,1.0,-26.067526573477494,-33.42948977942365,248.44282255640243
99.09128688064281,-0.4489487927852706,1.0,-26.05841262818874,-33.42253664468991,248.50499395783172
99.10135206339166,-0.4482749625610885,1.0000000000000002,-26.04929874242037,-33.41558477538463,248.56716066378138
99.11141725894704,-0.44760137024077845,1.0,-26.040184919263595,-33.40863417410631,248.62932265647433
99.12148246732264,-0.4469280160188977,1.0,-26.031071161809606,-33.401684843453474,248.6914799181336
99.13154768853187,-0.4462549000900183,1.0,-26.0219574731496,-33.39473678602468,248.7536324309821
99.1416129225884,-0.4455820226486983,1.0,-26.012843856374783,-33.38779000441849,248.81578017724283
99.15167816950566,-0.44490938388951,0.9999999999999999,-26.00373031457633,-33.380844501233476,248.87792313913843
99.1617434292973,-0.44423698400701284,1.0,-25.994616850845457,-33.37390027906822,248.94006129889223
99.17180870197676,-0.44356482319578006,1.0,-25.985503468273354,-33.36695734052134,249.00219463872696
99.18187398755768,-0.44289290165037154,1.0,-25.976390169951234,-33.36001568819144,249.0643231408657
99.19193928605348,-0.44222121956536126,1.0,-25.967276958970288,-33.35307532467718,249.12644678753117
99.20200459747784,-0.4415497771353106,0.9999999999999999,-25.958163838421722,-33.34613625257718,249.18856556094647
99.21206992184416,-0.44087857455479373,1.0,-25.949050811396738,-33.33919847449013,249.25067944333455
99.22213525916608,-0.440207612018373,1.0,-25.939937880986534,-33.33226199301471,249.31278841691827
99.23220060945702,-0.43953688972062377,0.9999999999999999,-25.930825050282337,-33.3253268107496,249.3748924639206
99.24226597273058,-0.4388664078561121,0.9999999999999999,-25.921712322375342,-33.31839293029351,249.4369915665645
99.25233134900031,-0.43819616661940425,1.0,-25.91259970035675,-33.311460354245156,249.49908570707288
99.26239673827973,-0.43752616620507406,1.0,-25.903487187317783,-33.304529085203306,249.56117486766874
99.27246214058228,-0.4368564068076951,0.9999999999999999,-25.894374786349644,-33.29759912576669,249.62325903057493
99.2825275559215,-0.4361868886218352,1.0,-25.88526250054354,-33.29067047853405,249.68533817801446
99.29259298431103,-0.43551761184206256,1.0,-25.876150332990704,-33.28374314610421,249.74741229221024
99.30265842576425,-0.43484857666295545,1.0,-25.867038286782353,-33.276817131075944,249.80948135538523
99.31272388029477,-0.43417978327907963,1.0,-25.857926365009682,-33.269892436048046,249.87154534976233
99.32278934791601,-0.4335112318850142,0.9999999999999999,-25.84881457076392,-33.26296906361937,249.93360425756447
99.3328548286416,-0.4328429226753257,1.0,-25.839702907136285,-33.25604701638873,249.99565806101475
99.34292032248493,-0.4321748558445943,0.9999999999999999,-25.830591377218006,-33.24912629695498,250.057706742336
99.35298582945963,-0.43150703158738707,1.0,-25.8214799841003,-33.24220690791699,250.119750283751
99.36305134957907,-0.4308394500982851,1.0,-25.812368730874397,-33.23528885187362,250.1817886674829
99.3731168828569,-0.4301721115718566,1.0,-25.803257620631552,-33.2283721314238,250.24382187575452
99.38318242930649,-0.4295050162026829,1.0,-25.794146656462942,-33.221456749166386,250.3058498907889
99.39324798894145,-0.4288381641853331,1.0,-25.785035841459823,-33.21454270770033,250.367872694809
99.40331356177518,-0.42817155571439,1.0,-25.775925178713436,-33.207630009624566,250.42989027003756
99.41337914782127,-0.4275051909844231,0.9999999999999999,-25.76681467131501,-33.20071865753803,250.49190259869778
99.42344474709314,-0.42683907019001555,1.0,-25.75770432235578,-33.193808654039664,250.5539096630125
99.43351035960437,-0.42617319352573835,1.0,-25.748594134927004,-33.18690000172847,250.61591144520446
99.44357598536834,-0.42550756118617544,1.0,-25.73948411211991,-33.17999270320342,250.67790792749688
99.45364162439866,-0.4248421733658982,1.0,-25.73037425702573,-33.17308676106353,250.73989909211252
99.4637072767087,-0.42417703025949177,1.0,-25.72126457273572,-33.166182177907785,250.80188492127448
99.47377294231207,-0.42351213206152816,0.9999999999999999,-25.712155062341154,-33.15927895633523,250.86386539720553
99.48383862122212,-0.42284747896659314,1.0,-25.70304572893324,-33.15237709894489,250.92584050212886
99.49390431345246,-0.42218307116925996,0.9999999999999999,-25.693936575603274,-33.145476608335834,250.9878102182672
99.50397001901646,-0.421518908864115,1.0,-25.68482760544247,-33.13857748710712,251.0497745278434
99.51403573792771,-0.42085499224573225,1.0,-25.67571882154212,-33.13167973785783,251.11173341308063
99.52410147019957,-0.42019132150869903,1.0,-25.666610226993477,-33.12478336318705,251.1736868562017
99.53416721584557,-0.4195278968475933,1.0,-25.657501824887813,-33.11788836569389,251.23563483942957
99.54423297487924,-0.41886471845699336,1.0,-25.64839361831637,-33.11099474797744,251.2975773449872
99.55429874731401,-0.4182017865314847,1.0,-25.639285610370436,-33.104102512636864,251.35951435509762
99.56436453316327,-0.41753910126565286,1.0000000000000002,-25.630177804141283,-33.09721166227129,251.4214458519836
99.57443033244056,-0.41687666285407765,1.0,-25.62107020272019,-33.090322199479886,251.48337181786812
99.58449614515938,-0.41621447149133883,1.0,-25.611962809198417,-33.083434126861796,251.54529223497414
99.5945619713331,-0.41555252737202664,1.0,-25.60285562666727,-33.0765474470162,251.6072070855247
