galstreams/tracks/track.st.Pegasus.perottoni2019.ecsv
# %ECSV 0.9
# ---
# datatype:
# - {name: ra, unit: deg, datatype: float64}
# - {name: dec, unit: deg, datatype: float64}
# - {name: distance, unit: kpc, datatype: float64}
# - {name: pm_ra_cosdec, unit: mas / yr, datatype: float64}
# - {name: pm_dec, unit: mas / yr, datatype: float64}
# - {name: radial_velocity, unit: km / s, datatype: float64}
# delimiter: ','
# meta: !!omap
# - __serialized_columns__:
#     dec:
#       __class__: astropy.coordinates.angles.Latitude
#       unit: &id001 !astropy.units.Unit {unit: deg}
#       value: !astropy.table.SerializedColumn {name: dec}
#     distance:
#       __class__: astropy.coordinates.distances.Distance
#       unit: !astropy.units.Unit {unit: kpc}
#       value: !astropy.table.SerializedColumn {name: distance}
#     pm_dec:
#       __class__: astropy.units.quantity.Quantity
#       unit: !astropy.units.Unit {unit: mas / yr}
#       value: !astropy.table.SerializedColumn {name: pm_dec}
#     pm_ra_cosdec:
#       __class__: astropy.units.quantity.Quantity
#       unit: !astropy.units.Unit {unit: mas / yr}
#       value: !astropy.table.SerializedColumn {name: pm_ra_cosdec}
#     ra:
#       __class__: astropy.coordinates.angles.Longitude
#       unit: *id001
#       value: !astropy.table.SerializedColumn {name: ra}
#       wrap_angle: !astropy.coordinates.Angle
#         unit: *id001
#         value: 360.0
#     radial_velocity:
#       __class__: astropy.units.quantity.Quantity
#       unit: !astropy.units.Unit {unit: km / s}
#       value: !astropy.table.SerializedColumn {name: radial_velocity}
# schema: astropy-2.0
ra,dec,distance,pm_ra_cosdec,pm_dec,radial_velocity
[from data line 711]
332.4280502067927,26.934905326030513,17.999999999999925,0.0,0.0,0.0
332.43437631451485,26.9431756149092,17.999999999999922,0.0,0.0,0.0
332.4407042294705,26.951445115913906,17.999999999999922,0.0,0.0,0.0
332.4470339524179,26.95971382866101,17.999999999999922,0.0,0.0,0.0
332.4533654841153,26.967981752766697,17.99999999999992,0.0,0.0,0.0
332.4596988253213,26.976248887846918,17.99999999999992,0.0,0.0,0.0
332.4660339767947,26.98451523351745,17.99999999999992,0.0,0.0,0.0
332.47237093929436,26.992780789393834,17.999999999999922,0.0,0.0,0.0
332.4787097135795,27.001045555091395,17.999999999999915,0.0,0.0,0.0
332.4850503004094,27.009309530225288,17.999999999999915,0.0,0.0,0.0
332.49139270054354,27.017572714410424,17.99999999999992,0.0,0.0,0.0
332.49773691474167,27.025835107261532,17.999999999999915,0.0,0.0,0.0
332.50408294376376,27.034096708393086,17.99999999999991,0.0,0.0,0.0
332.51043078836983,27.04235751741939,17.99999999999991,0.0,0.0,0.0
332.5167804493202,27.05061753395454,17.999999999999915,0.0,0.0,0.0
332.5231319273754,27.0588767576124,17.99999999999991,0.0,0.0,0.0
332.5294852232961,27.067135188006624,17.99999999999991,0.0,0.0,0.0
332.5358403378432,27.07539282475067,17.999999999999908,0.0,0.0,0.0
332.5421972717777,27.083649667457777,17.99999999999991,0.0,0.0,0.0
332.54855602586093,27.091905715740968,17.999999999999904,0.0,0.0,0.0
332.55491660085437,27.100160969213093,17.999999999999904,0.0,0.0,0.0
332.56127899751965,27.10841542748671,17.9999999999999,0.0,0.0,0.0
332.5676432166186,27.116669090174263,17.999999999999904,0.0,0.0,0.0
332.57400925891324,27.1249219568879,17.9999999999999,0.0,0.0,0.0
332.5803771251659,27.1331740272396,17.9999999999999,0.0,0.0,0.0
332.586746816139,27.141425300841135,17.999999999999897,0.0,0.0,0.0
332.5931183325951,27.149675777304047,17.999999999999897,0.0,0.0,0.0
332.5994916752971,27.15792545623966,17.999999999999897,0.0,0.0,0.0
332.6058668450079,27.166174337259108,17.999999999999897,0.0,0.0,0.0
332.61224384249084,27.174422419973297,17.999999999999893,0.0,0.0,0.0
332.6186226685092,27.182669703992925,17.999999999999893,0.0,0.0,0.0
332.6250033238267,27.190916188928473,17.99999999999989,0.0,0.0,0.0
332.6313858092071,27.19916187439021,17.999999999999893,0.0,0.0,0.0
332.6377701254143,27.20740675998818,17.999999999999893,0.0,0.0,0.0
332.64415627321256,27.21565084533225,17.999999999999886,0.0,0.0,0.0
332.65054425336626,27.223894130032026,17.999999999999886,0.0,0.0,0.0
332.65693406663996,27.232136613696934,17.999999999999883,0.0,0.0,0.0
332.6633257137984,27.240378295936164,17.999999999999886,0.0,0.0,0.0
332.6697191956065,27.2486191763587,17.999999999999886,0.0,0.0,0.0
332.6761145128295,27.25685925457332,17.99999999999988,0.0,0.0,0.0
332.68251166623264,27.265098530188585,17.99999999999988,0.0,0.0,0.0
332.68891065658164,27.27333700281282,17.999999999999876,0.0,0.0,0.0
332.695311484642,27.281574672054152,17.999999999999876,0.0,0.0,0.0
332.70171415117983,27.289811537520503,17.999999999999876,0.0,0.0,0.0
332.7081186569612,27.298047598819554,17.999999999999872,0.0,0.0,0.0
332.71452500275234,27.306282855558777,17.999999999999872,0.0,0.0,0.0
332.72093318931985,27.314517307345444,17.999999999999872,0.0,0.0,0.0
332.7273432174305,27.322750953786603,17.999999999999872,0.0,0.0,0.0
332.733755087851,27.330983794489065,17.999999999999865,0.0,0.0,0.0
332.7401688013486,27.33921582905946,17.999999999999865,0.0,0.0,0.0
332.74658435869054,27.347447057104173,17.99999999999986,0.0,0.0,0.0
332.7530017606443,27.355677478229392,17.999999999999865,0.0,0.0,0.0
332.7594210079775,27.36390709204106,17.999999999999858,0.0,0.0,0.0
332.7658421014581,27.372135898144943,17.999999999999858,0.0,0.0,0.0
332.7722650418541,27.38036389614655,17.999999999999858,0.0,0.0,0.0
332.77868982993385,27.388591085651193,17.999999999999854,0.0,0.0,0.0
332.7851164664657,27.396817466263958,17.99999999999985,0.0,0.0,0.0
332.79154495221826,27.405043037589728,17.999999999999847,0.0,0.0,0.0
332.7979752879605,27.413267799233147,17.999999999999847,0.0,0.0,0.0
332.80440747446147,27.421491750798655,17.999999999999847,0.0,0.0,0.0
332.81084151249024,27.429714891890452,17.999999999999844,0.0,0.0,0.0
332.81727740281633,27.437937222112563,17.999999999999844,0.0,0.0,0.0
332.82371514620934,27.446158741068754,17.99999999999984,0.0,0.0,0.0
332.83015474343915,27.454379448362577,17.99999999999984,0.0,0.0,0.0
332.83659619527566,27.462599343597372,17.99999999999984,0.0,0.0,0.0
332.8430395024891,27.470818426376265,17.999999999999833,0.0,0.0,0.0
332.8494846658499,27.47903669630216,17.999999999999833,0.0,0.0,0.0
332.8559316861286,27.48725415297772,17.999999999999833,0.0,0.0,0.0
332.86238056409604,27.495470796005417,17.99999999999983,0.0,0.0,0.0
332.8688313005232,27.503686624987488,17.99999999999983,0.0,0.0,0.0
332.87528389618114,27.511901639525952,17.99999999999982,0.0,0.0,0.0
332.8817383518413,27.52011583922261,17.99999999999982,0.0,0.0,0.0
332.8881946682753,27.528329223679023,17.99999999999982,0.0,0.0,0.0
332.8946528462548,27.536541792496557,17.999999999999815,0.0,0.0,0.0
332.9011128865518,27.54475354527635,17.999999999999815,0.0,0.0,0.0
332.9075747899384,27.552964481619302,17.99999999999981,0.0,0.0,0.0
332.914038557187,27.561174601126122,17.99999999999981,0.0,0.0,0.0
332.92050418907,27.56938390339726,17.999999999999808,0.0,0.0,0.0
332.9269716863603,27.57759238803297,17.999999999999805,0.0,0.0,0.0
332.93344104983066,27.585800054633278,17.999999999999805,0.0,0.0,0.0
332.93991228025425,27.594006902797975,17.9999999999998,0.0,0.0,0.0
332.9463853784044,27.60221293212666,17.999999999999797,0.0,0.0,0.0
332.9528603450546,27.61041814221867,17.999999999999794,0.0,0.0,0.0
332.9593371809786,27.618622532673147,17.99999999999979,0.0,0.0,0.0
332.96581588695017,27.62682610308899,17.99999999999979,0.0,0.0,0.0
332.9722964637435,27.63502885306489,17.999999999999783,0.0,0.0,0.0
332.9787789121328,27.643230782199318,17.999999999999783,0.0,0.0,0.0
332.98526323289246,27.651431890090496,17.999999999999783,0.0,0.0,0.0
332.99174942679736,27.659632176336462,17.999999999999776,0.0,0.0,0.0
332.9982374946221,27.667831640534978,17.999999999999773,0.0,0.0,0.0
333.00472743714204,27.67603028228362,17.999999999999773,0.0,0.0,0.0
333.0112192551321,27.68422810117974,17.99999999999977,0.0,0.0,0.0
333.017712949368,27.692425096820433,17.999999999999762,0.0,0.0,0.0
333.0242085206252,27.700621268802603,17.999999999999762,0.0,0.0,0.0
333.03070596967956,27.708816616722917,17.999999999999755,0.0,0.0,0.0
333.0372052973072,27.717011140177817,17.99999999999976,0.0,0.0,0.0
333.0437065042842,27.725204838763503,17.99999999999975,0.0,0.0,0.0
333.0502095913871,27.733397712075977,17.99999999999975,0.0,0.0,0.0
333.05671455939233,27.74158975971099,17.999999999999748,0.0,0.0,0.0
333.06322140907685,27.749780981264095,17.99999999999974,0.0,0.0,0.0
333.0697301412176,27.75797137633058,17.99999999999974,0.0,0.0,0.0
333.0762407565917,27.766160944505557,17.999999999999737,0.0,0.0,0.0
333.0827532559766,27.774349685383857,17.99999999999973,0.0,0.0,0.0
333.0892676401499,27.782537598560122,17.999999999999723,0.0,0.0,0.0
333.09578390988935,27.79072468362875,17.99999999999972,0.0,0.0,0.0
333.1023020659728,27.798910940183912,17.999999999999716,0.0,0.0,0.0
333.10882210917856,27.80709636781956,17.999999999999716,0.0,0.0,0.0
333.115344040285,27.81528096612943,17.99999999999971,0.0,0.0,0.0
333.1218678600704,27.823464734706988,17.999999999999705,0.0,0.0,0.0
333.12839356931374,27.8316476731455,17.9999999999997,0.0,0.0,0.0
333.13492116879394,27.83982978103802,17.99999999999969,0.0,0.0,0.0
333.14145065929,27.848011057977352,17.99999999999969,0.0,0.0,0.0
333.1479820415814,27.856191503556058,17.999999999999687,0.0,0.0,0.0
333.15451531644743,27.864371117366503,17.999999999999684,0.0,0.0,0.0
333.161050484668,27.87254989900079,17.999999999999677,0.0,0.0,0.0
333.1675875470229,27.880727848050828,17.999999999999673,0.0,0.0,0.0
333.17412650429225,27.888904964108264,17.999999999999666,0.0,0.0,0.0
333.18066735725637,27.89708124676454,17.99999999999966,0.0,0.0,0.0
333.18721010669566,27.90525669561086,17.999999999999655,0.0,0.0,0.0
333.1937547533908,27.91343131023818,17.999999999999652,0.0,0.0,0.0
333.2003012981228,27.92160509023725,17.999999999999645,0.0,0.0,0.0
333.2068497416726,27.92977803519859,17.999999999999638,0.0,0.0,0.0
333.21340008482144,27.937950144712467,17.999999999999634,0.0,0.0,0.0
333.2199523283508,27.94612141836894,17.99999999999963,0.0,0.0,0.0
333.2265064730423,27.954291855757827,17.999999999999623,0.0,0.0,0.0
333.23306251967784,27.96246145646871,17.999999999999616,0.0,0.0,0.0
333.2396204690394,27.97063022009094,17.999999999999613,0.0,0.0,0.0
333.24618032190915,27.978798146213645,17.999999999999606,0.0,0.0,0.0
333.2527420790696,27.98696523442572,17.99999999999959,0.0,0.0,0.0
333.2593057413033,27.995131484315827,17.99999999999959,0.0,0.0,0.0
333.2658713093931,28.003296895472396,17.99999999999958,0.0,0.0,0.0
333.2724387841219,28.011461467483617,17.999999999999574,0.0,0.0,0.0
333.27900816627294,28.019625199937455,17.999999999999567,0.0,0.0,0.0
333.28557945662965,28.027788092421634,17.999999999999556,0.0,0.0,0.0
333.2921526559756,28.035950144523667,17.99999999999955,0.0,0.0,0.0
333.2987277650945,28.044111355830797,17.999999999999545,0.0,0.0,0.0
333.3053047847703,28.05227172593007,17.99999999999953,0.0,0.0,0.0
333.3118837157873,28.06043125440827,17.999999999999524,0.0,0.0,0.0
333.3184645589297,28.068589940851986,17.999999999999517,0.0,0.0,0.0
333.325047314982,28.076747784847516,17.999999999999506,0.0,0.0,0.0
333.3316319847291,28.084904785980978,17.999999999999496,0.0,0.0,0.0
333.33821856895577,28.093060943838207,17.99999999999949,0.0,0.0,0.0
333.34480706844727,28.10121625800486,17.99999999999948,0.0,0.0,0.0
333.3513974839888,28.10937072806631,17.99999999999947,0.0,0.0,0.0
333.35798981636594,28.117524353607713,17.99999999999946,0.0,0.0,0.0
333.36458406636433,28.125677134214,17.999999999999446,0.0,0.0,0.0
333.37118023476995,28.133829069469844,17.999999999999435,0.0,0.0,0.0
