galstreams/tracks/track.st.Indus.ibata2024.ecsv
# %ECSV 1.0
# ---
# datatype:
# - {name: ra, unit: deg, datatype: float64}
# - {name: dec, unit: deg, datatype: float64}
# - {name: distance, unit: kpc, datatype: float64}
# - {name: pm_ra_cosdec, unit: mas / yr, datatype: float64}
# - {name: pm_dec, unit: mas / yr, datatype: float64}
# - {name: radial_velocity, unit: km / s, datatype: float64}
# delimiter: ','
# meta: !!omap
# - __serialized_columns__:
#     dec:
#       __class__: astropy.coordinates.angles.Latitude
#       unit: &id001 !astropy.units.Unit {unit: deg}
#       value: !astropy.table.SerializedColumn {name: dec}
#     distance:
#       __class__: astropy.coordinates.distances.Distance
#       unit: !astropy.units.Unit {unit: kpc}
#       value: !astropy.table.SerializedColumn {name: distance}
#     pm_dec:
#       __class__: astropy.units.quantity.Quantity
#       unit: !astropy.units.Unit {unit: mas / yr}
#       value: !astropy.table.SerializedColumn {name: pm_dec}
#     pm_ra_cosdec:
#       __class__: astropy.units.quantity.Quantity
#       unit: !astropy.units.Unit {unit: mas / yr}
#       value: !astropy.table.SerializedColumn {name: pm_ra_cosdec}
#     ra:
#       __class__: astropy.coordinates.angles.Longitude
#       unit: *id001
#       value: !astropy.table.SerializedColumn {name: ra}
#       wrap_angle: !astropy.coordinates.Angle
#         unit: *id001
#         value: 360.0
#     radial_velocity:
#       __class__: astropy.units.quantity.Quantity
#       unit: !astropy.units.Unit {unit: km / s}
#       value: !astropy.table.SerializedColumn {name: radial_velocity}
# schema: astropy-2.0
ra,dec,distance,pm_ra_cosdec,pm_dec,radial_velocity
[from data line 7033]
343.43808975683595,-61.69099829126644,1.000000000000001,3.995478649471729,-5.087634582006214,-30.360418262810175
343.4191627871656,-61.68534367454782,1.000000000000001,3.993861958212655,-5.088130174781776,-30.40095229415057
343.40024088916687,-61.6796873492143,1.0000000000000009,3.992245629899525,-5.088624617028756,-30.441492015486233
343.38132406098435,-61.674029316286315,1.0000000000000009,3.9906296649029307,-5.089117909226889,-30.482037431047303
343.36241230076155,-61.66836957678384,1.000000000000001,3.9890140635928093,-5.0896100518559235,-30.52258854506408
343.34350560664035,-61.662708131726326,1.000000000000001,3.987398826338427,-5.090101045395626,-30.56314536176671
343.3246039767616,-61.6570449821327,1.0000000000000009,3.9857839535084016,-5.090590890325754,-30.60370788538532
343.30570740926464,-61.65138012902142,1.0000000000000009,3.9841694454706653,-5.09107958712609,-30.64427612015023
343.2868159022877,-61.6457135734104,1.0000000000000009,3.9825553025925187,-5.091567136276408,-30.684850070291567
343.2679294539674,-61.640045316317085,1.0000000000000009,3.980941525240574,-5.0920535382565015,-30.725429740039534
343.2490480624395,-61.63437535875842,1.000000000000001,3.979328113780822,-5.092538793546158,-30.766015133624244
343.23017172583803,-61.6287037017508,1.0000000000000009,3.9777150685785507,-5.093022902625185,-30.806606255276044
343.2113004422961,-61.623030346310145,1.0000000000000009,3.976102389998423,-5.093505865973372,-30.847203109225056
343.1924342099453,-61.61735529345189,1.0000000000000009,3.974490078404434,-5.093987684070529,-30.887805699701396
343.17357302691596,-61.61167854419092,1.0000000000000009,3.97287813415992,-5.094468357396464,-30.928414030935393
343.1547168913372,-61.606000099541646,1.000000000000001,3.9712665576275583,-5.094947886430985,-30.96902810715719
343.1358658013369,-61.60031996051797,1.000000000000001,3.9696553491693836,-5.0954262716539045,-31.009647932596963
343.1170197550415,-61.59463812813328,1.0000000000000009,3.968044509146769,-5.0959035135450295,-31.050273511484882
343.09817875057644,-61.58895460340047,1.0000000000000009,3.966434037920434,-5.096379612584169,-31.090904848051213
343.0793427860657,-61.58326938733192,1.0000000000000009,3.9648239358504385,-5.096854569251131,-31.131541946526138
343.060511859632,-61.57758248093952,1.000000000000001,3.963214203296209,-5.097328384025722,-31.172184811139786
343.041685969397,-61.571893885234616,1.0000000000000009,3.961604840616504,-5.097801057387746,-31.212833446122378
343.0228651134808,-61.566203601228096,1.000000000000001,3.9599958481694255,-5.098272589817003,-31.253487855704158
343.0040492900026,-61.56051162993034,1.0000000000000009,3.9583872263124524,-5.098742981793286,-31.294148044115293
342.98523849708016,-61.55481797235119,1.0000000000000009,3.956778975402393,-5.099212233796386,-31.334814015585902
342.96643273283,-61.54912262949999,1.0000000000000009,3.955171095795401,-5.09968034630609,-31.37548577434632
342.94763199536743,-61.543425602385604,1.0000000000000009,3.953563587846992,-5.100147319802177,-31.416163324626652
342.92883628280657,-61.53772689201636,1.0000000000000009,3.9519564519120447,-5.100613154764415,-31.45684667065714
342.9100455932604,-61.53202649940013,1.000000000000001,3.950349688344774,-5.101077851672566,-31.497535816667856
342.8912599248405,-61.52632442554423,1.000000000000001,3.9487432974987584,-5.101541411006387,-31.538230766889182
342.87247927565727,-61.52062067145548,1.0000000000000007,3.9471372797269257,-5.102003833245627,-31.578931525551173
342.85370364382,-61.514915238140226,1.0000000000000009,3.945531635381559,-5.102465118870011,-31.61963809688409
342.83493302743665,-61.50920812660427,1.0000000000000009,3.943926364814297,-5.102925268359275,-31.660350485118048
342.81616742461415,-61.50349933785294,1.0000000000000009,3.942321468376141,-5.103384282193127,-31.701068694483347
342.79740683345807,-61.49778887289103,1.0000000000000009,3.9407169464174476,-5.103842160851267,-31.741792729210147
342.77865125207285,-61.492076732722865,1.0000000000000009,3.9391127992879253,-5.1042989048133816,-31.782522593528572
342.75990067856156,-61.486362918352235,1.0000000000000009,3.9375090273366373,-5.104754514559153,-31.823258291668925
342.7411551110265,-61.480647430782426,1.0000000000000009,3.9359056309120297,-5.10520899056823,-31.863999827861342
342.7224145475684,-61.474930271016234,1.0000000000000009,3.934302610361885,-5.105662333320268,-31.90474720633604
342.70367898628695,-61.46921144005595,1.0000000000000009,3.932699966033355,-5.106114543294892,-31.945500431323143
342.68494842528065,-61.463490938903355,1.0000000000000009,3.9310976982729486,-5.106565620971709,-31.986259507052928
342.6662228626468,-61.45776876855972,1.000000000000001,3.929495807426541,-5.107015566830325,-32.027024437755585
342.6475022964817,-61.4520449300258,1.0000000000000009,3.9278942938393833,-5.1074643813503116,-32.06779522766127
342.62878672488023,-61.44631942430189,1.0000000000000009,3.9262931578560587,-5.1079120650112335,-32.10857188100017
342.6100761459362,-61.44059225238773,1.0000000000000009,3.924692399820536,-5.108358618292622,-32.149354402002515
342.59137055774244,-61.434863415282585,1.0000000000000009,3.92309202007615,-5.108804041674006,-32.19014279489852
342.5726699583904,-61.4291329139852,1.0000000000000009,3.9214920189656013,-5.1092483356348755,-32.23093706391828
342.55397434597035,-61.42340074949382,1.0000000000000009,3.919892396830929,-5.109691500654722,-32.27173721329211
342.53528371857175,-61.41766692280619,1.0000000000000009,3.9182931540135844,-5.110133537212988,-32.312543247250126
342.5165980742825,-61.41193143491953,1.000000000000001,3.9166942908543447,-5.110574445789118,-32.353355170022596
342.4979174111897,-61.4061942868306,1.0000000000000009,3.9150958076933895,-5.111014226862515,-32.39417298583956
342.4792417273791,-61.400455479535616,1.0000000000000009,3.913497704870239,-5.111452880912574,-32.4349966989314
342.4605710209354,-61.39471501403028,1.0000000000000009,3.9118999827238077,-5.111890408418644,-32.475826313528216
342.44190528994216,-61.388972891309805,1.0000000000000009,3.910302641592353,-5.112326809860067,-32.51666183386024
342.42324453248193,-61.383229112368966,1.000000000000001,3.9087056818135304,-5.112762085716154,-32.55750326415756
342.4045887466359,-61.377483678201884,1.0000000000000007,3.90710910372435,-5.11319623646619,-32.5983506086505
342.38593793048443,-61.37173658980231,1.000000000000001,3.9055129076611976,-5.113629262589425,-32.63920387156923
342.36729208210653,-61.365987848163435,1.0000000000000009,3.903917093959836,-5.11406116456509,-32.68006305714383
342.34865119958016,-61.36023745427794,1.0000000000000009,3.9023216629553943,-5.114491942872384,-32.72092816960468
342.33001528098237,-61.354485409138015,1.0000000000000009,3.9007266149823874,-5.11492159799047,-32.76179921318187
342.3113843243888,-61.34873171373536,1.0000000000000009,3.899131950374693,-5.115350130398495,-32.8026761921056
342.29275832787437,-61.34297636906115,1.0000000000000009,3.8975376694655743,-5.115777540575565,-32.84355911060599
342.2741372895125,-61.337219376106034,1.000000000000001,3.8959437725876622,-5.116203829000755,-32.884447972913414
342.25552120737575,-61.33146073586019,1.000000000000001,3.8943502600729687,-5.116628996153109,-32.92534278325794
342.23691007953556,-61.325700449313295,1.0000000000000009,3.8927571322528847,-5.1170530425116425,-32.96624354586978
342.2183039040624,-61.3199385174545,1.0000000000000009,3.891164389458181,-5.117475968555327,-33.007150264979096
342.19970267902545,-61.31417494127248,1.0000000000000009,3.8895720320189984,-5.117897774763114,-33.04806294481616
342.18110640249296,-61.308409721755346,1.0000000000000009,3.887980060264871,-5.118318461613909,-33.08898158961116
342.1625150725321,-61.302642859890774,1.000000000000001,3.8863884745247006,-5.118738029586585,-33.12990620359418
342.143928687209,-61.296874356665896,1.0000000000000009,3.8847972751267865,-5.1191564791599795,-33.17083679099556
342.1253472445885,-61.29110421306735,1.0000000000000009,3.8832064623987828,-5.119573810812895,-33.211773356045406
342.1067707427348,-61.285332430081276,1.000000000000001,3.881616036667756,-5.119990025024094,-33.25271590297396
342.0881991797106,-61.27955900869329,1.0000000000000009,3.8800259982601335,-5.120405122272302,-33.29366443601133
342.06963255357795,-61.273783949888525,1.0000000000000009,3.87843634750174,-5.120819103036206,-33.33461895938782
342.0510708623975,-61.26800725465158,1.000000000000001,3.8768470847177747,-5.121231967794453,-33.375579477333595
342.03251410422916,-61.2622289239666,1.0000000000000009,3.875258210232832,-5.12164371702565,-33.41654599407881
342.01396227713167,-61.256448958817195,1.0000000000000009,3.8736697243708966,-5.122054351208365,-33.457518513853636
341.99541537916264,-61.25066736018644,1.0000000000000009,3.8720816274553083,-5.122463870821119,-33.498497040888374
341.97687340837876,-61.24488412905696,1.0000000000000009,3.870493919808828,-5.122872276342396,-33.53948157941314
341.9583363628358,-61.239099266410875,1.0000000000000009,3.8689066017536033,-5.12327956825064,-33.58047213365811
341.9398042405882,-61.233312773229734,1.0000000000000009,3.867319673611144,-5.123685747024247,-33.621468707853545
341.92127703968964,-61.22752465049465,1.000000000000001,3.8657331357023703,-5.124090813141569,-33.66247130622962
341.9027547581927,-61.221734899186195,1.0000000000000009,3.864146988347582,-5.12449476708092,-33.703479933016524
341.884237394149,-61.2159435202845,1.000000000000001,3.8625612318664913,-5.124897609320555,-33.7444945924444
341.8657249456091,-61.210150514769076,1.0000000000000009,3.860975866578169,-5.1252993403386995,-33.78551528874351
341.84721741062253,-61.20435588361902,1.000000000000001,3.859390892801101,-5.125699960613516,-33.826542026144054
341.8287147872378,-61.198559627812934,1.0000000000000009,3.8578063108531557,-5.126099470623142,-33.867574808876164
341.81021707350254,-61.192761748328856,1.000000000000001,3.856222121051601,-5.126497870845646,-33.90861364117006
341.79172426746334,-61.18696224614435,1.0000000000000009,3.8546383237130994,-5.126895161759055,-33.949658527255956
341.77323636716574,-61.181161122236475,1.0000000000000009,3.853054919153694,-5.127291343841355,-33.99070947136406
341.75475337065427,-61.17535837758179,1.0000000000000009,3.851471907688838,-5.127686417570471,-34.0317664777245
341.7362752759726,-61.16955401315634,1.000000000000001,3.8498892896333823,-5.128080383424285,-34.07282955056754
341.7178020811634,-61.1637480299357,1.000000000000001,3.84830706530156,-5.128473241880625,-34.11389869412335
341.6993337842682,-61.157940428894854,1.000000000000001,3.846725235007015,-5.1288649934172685,-34.15497391262215
341.68087038332794,-61.152131211008424,1.000000000000001,3.8451437990627912,-5.129255638511942,-34.19605521029402
341.662411876382,-61.146320377250376,1.000000000000001,3.8435627577813127,-5.12964517764232,-34.237142591369306
341.64395826146927,-61.14050792859428,1.000000000000001,3.8419821114744153,-5.130033611286022,-34.27823606007815
341.6255095366276,-61.13469386601315,1.0000000000000009,3.840401860453341,-5.130420939920613,-34.31933562065073
341.6070656998937,-61.12887819047955,1.0000000000000009,3.8388220050287285,-5.1308071640236,-34.36044127731718
341.58862674930356,-61.123060902965456,1.0000000000000009,3.8372425455106076,-5.131192284072446,-34.40155303430782
341.570192682892,-61.11724200444241,1.000000000000001,3.8356634822084246,-5.131576300544546,-34.44267089585277
341.5517634986931,-61.11142149588144,1.0000000000000009,3.834084815431019,-5.1319592139172485,-34.483794866182194
341.53333919473977,-61.10559937825303,1.000000000000001,3.8325065454866345,-5.132341024667841,-34.52492494952639
341.51491976906425,-61.09977565252722,1.000000000000001,3.830928672682931,-5.1327217332735495,-34.566061150115495
341.49650521969755,-61.0939503196735,1.000000000000001,3.8293511973269574,-5.133101340211547,-34.60720347217968
341.47809554467005,-61.088123380660896,1.000000000000001,3.827774119725175,-5.133479845958947,-34.64835191994913
341.4596907420109,-61.08229483645788,1.0000000000000009,3.8261974401834444,-5.133857250992806,-34.689506497654115
341.44129080974847,-61.076464688032495,1.0000000000000009,3.8246211590070467,-5.13423355579012,-34.73066720952479
341.4228957459103,-61.07063293635219,1.0000000000000009,3.8230452765006646,-5.134608760827808,-34.77183405979133
341.40450554852293,-61.064799582384,1.000000000000001,3.8214697929683905,-5.134982866582755,-34.8130070526839
341.3861202156119,-61.058964627094376,1.000000000000001,3.8198947087137105,-5.135355873531769,-34.854186192432806
341.36773974520196,-61.05312807144935,1.000000000000001,3.8183200240395436,-5.135727782151599,-34.89537148326815
341.3493641353169,-61.04728991641438,1.000000000000001,3.816745739248205,-5.1360985929189225,-34.936562929420106
341.3309933839796,-61.04145016295446,1.0000000000000009,3.8151718546414246,-5.136468306310372,-34.97776053511896
341.31262748921205,-61.03560881203406,1.0000000000000009,3.813598370520341,-5.136836922802499,-35.01896430459486
341.2942664490353,-61.02976586461717,1.0000000000000009,3.812025287185509,-5.1372044428717984,-35.06017424207802
341.2759102614696,-61.023921321667274,1.0000000000000009,3.8104526049368923,-5.137570866994698,-35.10139035179855
341.25755892453435,-61.01807518414733,1.000000000000001,3.808880324073874,-5.137936195647557,-35.142612637986765
341.23921243624784,-61.01222745301981,1.000000000000001,3.80730844489525,-5.138300429306672,-35.183841104872805
341.2208707946276,-61.0063781292467,1.000000000000001,3.8057369676992234,-5.1386635684482735,-35.22507575668685
341.2025339976904,-61.00052721378946,1.0000000000000009,3.8041658927834217,-5.139025613548523,-35.26631659765907
341.18420204345193,-60.99467470760906,1.0000000000000009,3.8025952204448847,-5.139386565083513,-35.307563632019736
341.16587492992716,-60.98882061166594,1.0000000000000009,3.8010249509800675,-5.1397464235292665,-35.348816863999026
341.1475526551301,-60.98296492692013,1.0000000000000009,3.799455084684852,-5.140105189361742,-35.390076297827044
341.12923521707387,-60.97710765433102,1.0000000000000009,3.7978856218545243,-5.140462863056822,-35.43134193773411
341.1109226137709,-60.97124879485758,1.0000000000000009,3.7963165627838054,-5.140819445090317,-35.472613787950365
341.0926148432326,-60.9653883494583,1.0000000000000009,3.7947479077668222,-5.141174935937977,-35.51389185270598
341.07431190346955,-60.95952631909112,1.000000000000001,3.793179657097135,-5.141529336075472,-35.55517613623115
341.05601379249146,-60.95366270471348,1.0000000000000009,3.791611811067699,-5.1418826459784,-35.59646664275612
341.03772050830736,-60.94779750728236,1.000000000000001,3.7900443699709316,-5.142234866122291,-35.637763376511046
341.0194320489252,-60.941930727754205,1.0000000000000009,3.78847733409864,-5.142585996982598,-35.6790663417261
341.0011484123521,-60.93606236708494,1.000000000000001,3.7869107037420595,-5.142936039034705,-35.72037554263153
340.98286959659464,-60.930192426230036,1.0000000000000009,3.7853444791918673,-5.143284992753908,-35.76169098345754
340.9645955996582,-60.92432090614444,1.0000000000000009,3.7837786607381414,-5.143632858615453,-35.803012668434285
340.9463264195476,-60.918447807782606,1.0000000000000009,3.7822132486703977,-5.143979637094481,-35.84434060179191
340.9280620542666,-60.91257313209847,1.000000000000001,3.7806482432775828,-5.144325328666077,-35.8856747877607
340.9098025018183,-60.90669688004549,1.0000000000000009,3.779083644848055,-5.144669933805249,-35.92701523057083
340.891547760205,-60.9008190525766,1.000000000000001,3.77751945366961,-5.145013452986909,-35.96836193445247
340.8732978274281,-60.89493965064427,1.000000000000001,3.7759556700294645,-5.145355886685923,-36.009714903635775
340.8550527014881,-60.8890586752004,1.000000000000001,3.7743922942142745,-5.1456972353770505,-36.05107414235105
340.83681238038486,-60.88317612719646,1.0000000000000009,3.7728293265101174,-5.146037499534977,-36.09243965482842
