galstreams/tracks/track.st.M5.grillmair2019.ecsv
# %ECSV 0.9
# ---
# datatype:
# - {name: ra, unit: deg, datatype: float64}
# - {name: dec, unit: deg, datatype: float64}
# - {name: distance, unit: kpc, datatype: float64}
# - {name: pm_ra_cosdec, unit: mas / yr, datatype: float64}
# - {name: pm_dec, unit: mas / yr, datatype: float64}
# - {name: radial_velocity, unit: km / s, datatype: float64}
# delimiter: ','
# meta: !!omap
# - __serialized_columns__:
#     dec:
#       __class__: astropy.coordinates.angles.Latitude
#       unit: &id001 !astropy.units.Unit {unit: deg}
#       value: !astropy.table.SerializedColumn {name: dec}
#     distance:
#       __class__: astropy.coordinates.distances.Distance
#       unit: !astropy.units.Unit {unit: kpc}
#       value: !astropy.table.SerializedColumn {name: distance}
#     pm_dec:
#       __class__: astropy.units.quantity.Quantity
#       unit: !astropy.units.Unit {unit: mas / yr}
#       value: !astropy.table.SerializedColumn {name: pm_dec}
#     pm_ra_cosdec:
#       __class__: astropy.units.quantity.Quantity
#       unit: !astropy.units.Unit {unit: mas / yr}
#       value: !astropy.table.SerializedColumn {name: pm_ra_cosdec}
#     ra:
#       __class__: astropy.coordinates.angles.Longitude
#       unit: *id001
#       value: !astropy.table.SerializedColumn {name: ra}
#       wrap_angle: !astropy.coordinates.Angle
#         unit: *id001
#         value: 360.0
#     radial_velocity:
#       __class__: astropy.units.quantity.Quantity
#       unit: !astropy.units.Unit {unit: km / s}
#       value: !astropy.table.SerializedColumn {name: radial_velocity}
# schema: astropy-2.0
ra,dec,distance,pm_ra_cosdec,pm_dec,radial_velocity
[from data line 412]
223.10097602310634,5.62059767491094,15.565987622113774,3.9603783624312925,-9.880988021982692,-1.9367764398706378e-13
223.09197295412457,5.6250471372113084,15.565152343077417,3.960166893183767,-9.88027339637118,-1.347322740779574e-13
223.0829697314666,5.6294964305828,15.564317049935347,3.959955172010794,-9.879558730417246,-7.578690416885104e-14
223.07396635508184,5.6339455550216835,15.563481742682859,3.959743199039496,-9.87884402408823,-3.368306851948935e-14
223.0649628249198,5.63839451052421,15.56264642131527,3.959530974396973,-9.878129277351457,-1.0946997268834039e-13
223.05595914092996,5.642843297086645,15.561811085827879,3.959318498210332,-9.8774144901743,-9.262843842859572e-14
223.04695530306182,5.647291914705247,15.560975736215994,3.9591057706066635,-9.876699662524121,-1.5999457546757442e-13
223.03795131126486,5.651740363376266,15.560140372474917,3.958892791713053,-9.875984794368316,-1.1789073981821273e-13
223.0289471654886,5.656188643095967,15.559304994599959,3.9586795616565817,-9.875269885674289,-8.420767129872338e-14
223.01994286568248,5.660636753860596,15.55846960258642,3.9584660805643246,-9.874554936409458,-1.9367764398706378e-13
223.01093841179605,5.665084695666413,15.557634196429609,3.9582523485633407,-9.873839946541267,-1.8525687685719145e-13
223.00193380377885,5.669532468509665,15.55679877612483,3.9580383657806926,-9.873124916037165,-2.5262301389617013e-14
222.9929290415803,5.673980072386606,15.555963341667388,3.957824132343429,-9.872409844864622,-9.262843842859572e-14
222.98392412515,5.678427507293485,15.555127893052589,3.957609648378595,-9.871694732991124,-1.5999457546757442e-13
222.9749190544374,5.682874773226551,15.554292430275737,3.9573949140132285,-9.870979580384173,-1.0946997268834039e-13
222.9659138293921,5.687321870182047,15.553456953332141,3.9571799293743535,-9.870264387011279,-1.6841534259744677e-13
222.95690844996358,5.691768798156224,15.552621462217104,3.956964694588998,-9.869549152839985,-2.5262301389617017e-13
222.94790291610138,5.696215557145329,15.551785956925933,3.956749209784175,-9.868833877837833,-2.1893994537668078e-13
222.93889722775504,5.700662147145599,15.550950437453928,3.956533475086891,-9.868118561972386,-1.515738083377021e-13
222.92989138487408,5.705108568153281,15.550114903796404,3.9563174906241505,-9.867403205211227,-1.0104920555846805e-13
222.92088538740808,5.709554820164617,15.549279355948654,3.9561012565229428,-9.86668780752195,-1.768361097273191e-13
222.9118792353066,5.714000903175847,15.548443793905996,3.955884772910255,-9.86597236887217,-1.0946997268834039e-13
222.90287292851914,5.718446817183207,15.54760821766373,3.95566803991307,-9.865256889229505,-3.368306851948935e-14
222.89386646699526,5.722892562182938,15.546772627217159,3.955451057658357,-9.864541368561607,-5.0524602779234026e-14
222.88485985068456,5.7273381381712785,15.545937022561588,3.955233826273081,-9.863825806836136,-5.0524602779234026e-14
222.87585307953657,5.731783545144464,15.54510140369233,3.9550163458841987,-9.863110204020755,-2.1051917824680845e-13
222.8668461535009,5.736228783098723,15.544265770604685,3.954798616618663,-9.86239456008316,-1.4315304120782974e-13
222.85783907252707,5.740673852030295,15.54343012329396,3.9545806386034146,-9.861678874991055,-2.442022467662978e-13
222.8488318365647,5.745118751935414,15.542594461755455,3.9543624119653953,-9.860963148712166,-1.1789073981821273e-13
222.83982444556335,5.749563482810307,15.54175878598448,3.9541439368315245,-9.860247381214224,-1.515738083377021e-13
222.8308168994726,5.754008044651207,15.540923095976344,3.953925213328729,-9.85953157246498,-5.0524602779234026e-14
222.82180919824205,5.758452437454339,15.540087391726352,3.953706241583924,-9.858815722432203,-8.420767129872338e-14
222.81280134182128,5.762896661215939,15.539251673229797,3.953487021724017,-9.858099831083683,-1.768361097273191e-13
222.8037933301599,5.767340715932227,15.538415940482,3.9532675538759054,-9.857383898387212,-1.347322740779574e-13
222.7947851632075,5.77178460159943,15.537580193478258,3.9530478381664826,-9.856667924310598,3.368306851948935e-14
222.78577684091368,5.776228318213776,15.536744432213881,3.952827874722634,-9.855951908821682,-1.347322740779574e-13
222.7767683632281,5.780671865771487,15.53590865668417,3.952607663671242,-9.855235851888303,-1.768361097273191e-13
222.76775973010027,5.785115244268788,15.535072866884429,3.95238720513917,-9.854519753478323,-1.6841534259744677e-13
222.75875094147992,5.789558453701893,15.534237062809973,3.952166499253286,-9.853803613559615,-3.368306851948935e-14
222.7497419973166,5.7940014940670315,15.533401244456096,3.951945546140447,-9.853087432100075,-2.5262301389617013e-14
222.74073289755992,5.798444365360419,15.532565411818114,3.9517243459275013,-9.852371209067604,-1.515738083377021e-13
222.73172364215955,5.802887067578276,15.53172956489132,3.951502898741293,-9.851654944430132,-2.1051917824680845e-13
222.72271423106514,5.807329600716819,15.530893703671026,3.9512812047086525,-9.850938638155593,-7.578690416885104e-14
222.71370466422624,5.81177196477226,15.530057828152549,3.951059263956407,-9.850222290211933,-9.262843842859572e-14
222.7046949415926,5.816214159740823,15.529221938331174,3.950837076611382,-9.849505900567129,-1.4315304120782974e-13
222.69568506311379,5.820656185618715,15.528386034202219,3.9506146428003888,-9.848789469189157,-2.442022467662978e-13
222.68667502873947,5.8250980424021535,15.527550115760986,3.9503919626502304,-9.84807299604602,-1.0946997268834039e-13
222.6776648384193,5.829539730087349,15.526714183002778,3.950169036287706,-9.84735648110573,-1.9367764398706378e-13
222.66865449210295,5.833981248670512,15.525878235922907,3.9499458638396066,-9.84663992433632,-1.6841534259744677e-13
222.65964398974006,5.838422598147855,15.525042274516675,3.949722445432716,-9.845923325705828,-3.368306851948935e-14
222.65063333128026,5.84286377851559,15.524206298779383,3.949498781193812,-9.845206685182319,-1.4315304120782974e-13
222.6416225166733,5.847304789769917,15.52337030870634,3.94927487124966,-9.844490002733863,-1.347322740779574e-13
222.63261154586877,5.85174563190705,15.52253430429286,3.9490507157270276,-9.843773278328548,-2.1051917824680845e-13
222.6236004188164,5.856186304923194,15.521698285534233,3.948826314752664,-9.84305651193449,-7.578690416885104e-14
222.61458913546585,5.860626808814553,15.520862252425774,3.9486016684533194,-9.8423397035198,-5.0524602779234026e-14
222.6055776957668,5.865067143577331,15.520026204962786,3.9483767769557296,-9.841622853052613,-8.420767129872338e-14
222.59656609966893,5.869507309207733,15.519190143140575,3.9481516403866337,-9.840905960501082,-1.4315304120782974e-13
222.58755434712194,5.8739473057019636,15.518354066954442,3.947926258872753,-9.840189025833372,-1.5999457546757442e-13
222.57854243807554,5.87838713305622,15.5175179763997,3.947700632540804,-9.839472049017665,-7.578690416885104e-14
222.5695303724794,5.882826791266702,15.51668187147165,3.9474747615175003,-9.838755030022154,-1.768361097273191e-13
222.56051815028326,5.887266280329614,15.515845752165601,3.9472486459295406,-9.838037968815048,-8.420767129872338e-15
222.55150577143675,5.891705600241153,15.515009618476851,3.9470222859036284,-9.837320865364578,-1.0946997268834039e-13
222.54249323588965,5.896144750997512,15.514173470400713,3.946795681566443,-9.83660371963898,-1.8525687685719145e-13
222.53348054359168,5.900583732594894,15.51333730793249,3.9465688330446733,-9.835886531606508,-1.5999457546757442e-13
222.52446769449253,5.905022545029493,15.512501131067486,3.9463417404649865,-9.835169301235435,-9.262843842859572e-14
222.5154546885419,5.9094611882975,15.51166493980101,3.9461144039540548,-9.83445202849405,-1.6841534259744677e-13
222.50644152568952,5.913899662395114,15.510828734128365,3.9458868236385327,-9.83373471335065,-1.6841534259744677e-13
222.49742820588517,5.918337967318525,15.509992514044852,3.945658999645077,-9.833017355773547,-2.1051917824680845e-13
222.48841472907856,5.922776103063926,15.509156279545785,3.945430932100325,-9.832299955731077,-1.9367764398706378e-13
222.47940109521943,5.927214069627509,15.50832003062646,3.94520262113092,-9.83158251319158,-8.420767129872338e-14
222.47038730425746,5.9316518670054625,15.507483767282192,3.9449740668634883,-9.830865028123418,-1.1789073981821273e-13
222.46137335614247,5.936089495193978,15.506647489508282,3.9447452694246534,-9.830147500494965,-1.9367764398706378e-13
222.45235925082417,5.940526954189243,15.505811197300034,3.944516228941027,-9.82942993027461,-1.768361097273191e-13
222.44334498825236,5.944964243987443,15.504974890652758,3.944286945539221,-9.828712317430758,-2.1893994537668078e-13
222.43433056837674,5.949401364584769,15.504138569561754,3.944057419345831,-9.827994661931829,-1.8525687685719145e-13
222.42531599114707,5.953838315977403,15.503302234022327,3.943827650487453,-9.827276963746254,-2.1051917824680845e-13
222.41630125651318,5.958275098161529,15.502465884029792,3.9435976390906706,-9.826559222842485,-8.420767129872338e-15
222.40728636442475,5.962711711133338,15.501629519579442,3.9433673852820634,-9.825841439188983,-1.8525687685719145e-13
222.3982713148316,5.967148154889005,15.50079314066659,3.9431368891881986,-9.825123612754227,-1.6841534259744677e-13
222.3892561076835,5.971584429424717,15.499956747286541,3.94290615093564,-9.82440574350671,-2.020984111169361e-13
222.38024074293023,5.976020534736657,15.499120339434596,3.9426751706509444,-9.823687831414933,-1.0946997268834039e-13
222.37122522052158,5.980456470821,15.498283917106066,3.942443948460657,-9.822969876447424,-1.2631150694808508e-13
222.3622095404073,5.9848922376739315,15.49744748029625,3.942212484491323,-9.822251878572724,-2.020984111169361e-13
222.35319370253723,5.989327835291627,15.496611029000464,3.9419807788694703,-9.82153383775937,-2.1893994537668078e-13
222.34417770686113,5.993763263670264,15.495774563214,3.9417488317216263,-9.82081575397594,-1.4315304120782974e-13
222.3351615533288,5.998198522806023,15.494938082932173,3.9415166431743147,-9.820097627191016,-2.3578147963642546e-13
222.3261452418901,6.002633612695078,15.494101588150288,3.941284213354039,-9.819379457373183,-1.515738083377021e-13
222.3171287724947,6.007068533333604,15.493265078863644,3.9410515423873047,-9.818661244491055,-1.6841534259744677e-13
222.30811214509254,6.011503284717781,15.49242855506755,3.9408186304006105,-9.817942988513257,-2.3578147963642546e-13
222.29909535963338,6.015937866843777,15.491592016757313,3.940585477520441,-9.817224689408427,-1.4315304120782974e-13
222.29007841606705,6.0203722797077655,15.49075546392824,3.940352083873279,-9.816506347145218,-1.0104920555846805e-13
222.28106131434336,6.024806523305923,15.489918896575634,3.9401184495855954,-9.815787961692294,-8.420767129872338e-14
222.27204405441213,6.029240597634419,15.489082314694798,3.9398845747838633,-9.815069533018342,-1.4315304120782974e-13
222.26302663622323,6.033674502689423,15.48824571828104,3.9396504595945343,-9.814351061092054,-3.368306851948935e-14
222.2540090597264,6.038108238467108,15.487409107329663,3.939416104144062,-9.813632545882147,-7.578690416885104e-14
222.24499132487156,6.042541804963641,15.486572481835978,3.9391815085588893,-9.812913987357339,-1.2631150694808508e-13
222.23597343160853,6.046975202175189,15.485735841795288,3.9389466729654536,-9.812195385486373,-5.894536990910637e-14
222.22695537988713,6.051408430097923,15.484899187202895,3.9387115974901823,-9.811476740238003,-1.2631150694808508e-13
222.2179371696572,6.055841488728008,15.484062518054104,3.9384762822594968,-9.810758051580997,-1.6841534259744677e-13
222.20891880086862,6.060274378061612,15.483225834344227,3.93824072739981,-9.810039319484138,-2.1893994537668078e-13
222.19990027347126,6.064707098094897,15.482389136068564,3.93800493303753,-9.809320543916222,-1.347322740779574e-13
222.19088158741494,6.069139648824032,15.481552423222421,3.9377688992990523,-9.808601724846062,-1.515738083377021e-13
222.1818627426495,6.073572030245178,15.48071569580111,3.9375326263107713,-9.807882862242478,-1.6841534259744677e-13
222.1728437391249,6.078004242354498,15.479878953799924,3.937296114199068,-9.807163956074316,-1.5999457546757442e-13
222.16382457679092,6.082436285148157,15.47904219721418,3.9370593630903183,-9.806445006310426,-1.0104920555846805e-13
222.15480525559747,6.086868158622312,15.478205426039176,3.9368223731108962,-9.80572601291968,-6.73661370389787e-14
222.14578577549437,6.0912998627731305,15.47736864027022,3.936585144387154,-9.80500697587096,-2.3578147963642546e-13
222.1367661364316,6.095731397596763,15.47653183990262,3.936347677045449,-9.804287895133156,-6.73661370389787e-14
222.12774633835895,6.100162763089383,15.47569502493168,3.936109971212131,-9.803568770675184,-3.368306851948935e-14
222.11872638122634,6.104593959247135,15.474858195352704,3.9358720270135317,-9.80284960246597,-1.515738083377021e-13
222.10970626498369,6.109024986066188,15.474021351160996,3.9356338445759853,-9.802130390474455,-1.0104920555846805e-13
222.10068598958085,6.113455843542694,15.473184492351866,3.935395424025817,-9.801411134669582,-2.1893994537668078e-13
222.09166555496776,6.1178865316728075,15.472347618920613,3.935156765489337,-9.800691835020325,-1.6841534259744677e-13
222.08264496109427,6.122317050452692,15.47151073086255,3.934917869092855,-9.799972491495673,-1.8525687685719145e-13
222.07362420791034,6.126747399878495,15.470673828172977,3.9346787349626764,-9.799253104064608,-2.694645481559148e-13
222.06460329536588,6.131177579946375,15.469836910847201,3.9344393632250902,-9.798533672696143,-1.0104920555846805e-13
222.05558222341074,6.135607590652487,15.468999978880529,3.9341997540063796,-9.797814197359305,-6.73661370389787e-14
222.04656099199488,6.14003743199298,15.468163032268267,3.933959907432826,-9.79709467802313,-1.347322740779574e-13
222.03753960106823,6.144467103964013,15.467326071005713,3.9337198236307005,-9.796375114656671,-5.0524602779234026e-14
222.0285180505807,6.148896606561732,15.466489095088184,3.9334795027262635,-9.79565550722899,-6.73661370389787e-14
222.0194963404822,6.153325939782292,15.465652104510971,3.9332389448457707,-9.79493585570917,-6.73661370389787e-14
222.01047447072267,6.157755103621841,15.464815099269394,3.9329981501154685,-9.794216160066302,0.0
222.00145244125204,6.16218409807653,15.463978079358752,3.9327571186615997,-9.793496420269493,-1.1789073981821273e-13
221.99243025202028,6.16661292314251,15.463141044774348,3.9325158506103928,-9.792776636287867,-1.515738083377021e-13
221.98340790297732,6.1710415788159265,15.462303995511494,3.932274346088075,-9.792056808090555,-1.515738083377021e-13
221.9743853940731,6.175470065092928,15.461466931565491,3.93203260522086,-9.791336935646704,-5.0524602779234026e-14
221.96536272525753,6.179898381969666,15.46062985293164,3.931790628134962,-9.790617018925488,-1.515738083377021e-13
221.9563398964806,6.184326529442283,15.459792759605257,3.9315484149565814,-9.78989705789607,-3.368306851948935e-14
221.9473169076923,6.188754507506929,15.458955651581636,3.9313059658119114,-9.789177052527652,-2.020984111169361e-13
221.93829375884252,6.193182316159744,15.458118528856094,3.931063280827136,-9.78845700278943,-1.8525687685719145e-13
221.92927044988127,6.197609955396878,15.457281391423928,3.9308203601284384,-9.787736908650626,-2.1893994537668078e-13
221.92024698075852,6.202037425214471,15.456444239280449,3.930577203841989,-9.787016770080463,-1.1789073981821273e-13
221.9112233514242,6.206464725608671,15.455607072420955,3.9303338120939495,-9.786296587048204,-8.420767129872338e-14
221.90219956182833,6.21089185657562,15.454769890840758,3.9300901850104797,-9.785576359523093,-1.347322740779574e-13
221.89317561192087,6.215318818111459,15.45393269453516,3.929846322717723,-9.78485608747441,-6.73661370389787e-14
221.8841515016518,6.21974561021233,15.453095483499471,3.9296022253418244,-9.784135770871439,-5.0524602779234026e-14
