galstreams/tracks/track.st.New-6.ibata2024.ecsv
# %ECSV 1.0
# ---
# datatype:
# - {name: ra, unit: deg, datatype: float64}
# - {name: dec, unit: deg, datatype: float64}
# - {name: distance, unit: kpc, datatype: float64}
# - {name: pm_ra_cosdec, unit: mas / yr, datatype: float64}
# - {name: pm_dec, unit: mas / yr, datatype: float64}
# - {name: radial_velocity, unit: km / s, datatype: float64}
# delimiter: ','
# meta: !!omap
# - __serialized_columns__:
#     dec:
#       __class__: astropy.coordinates.angles.Latitude
#       unit: &id001 !astropy.units.Unit {unit: deg}
#       value: !astropy.table.SerializedColumn {name: dec}
#     distance:
#       __class__: astropy.coordinates.distances.Distance
#       unit: !astropy.units.Unit {unit: kpc}
#       value: !astropy.table.SerializedColumn {name: distance}
#     pm_dec:
#       __class__: astropy.units.quantity.Quantity
#       unit: !astropy.units.Unit {unit: mas / yr}
#       value: !astropy.table.SerializedColumn {name: pm_dec}
#     pm_ra_cosdec:
#       __class__: astropy.units.quantity.Quantity
#       unit: !astropy.units.Unit {unit: mas / yr}
#       value: !astropy.table.SerializedColumn {name: pm_ra_cosdec}
#     ra:
#       __class__: astropy.coordinates.angles.Longitude
#       unit: *id001
#       value: !astropy.table.SerializedColumn {name: ra}
#       wrap_angle: !astropy.coordinates.Angle
#         unit: *id001
#         value: 360.0
#     radial_velocity:
#       __class__: astropy.units.quantity.Quantity
#       unit: !astropy.units.Unit {unit: km / s}
#       value: !astropy.table.SerializedColumn {name: radial_velocity}
# schema: astropy-2.0
ra,dec,distance,pm_ra_cosdec,pm_dec,radial_velocity
[from data line 7262]
168.17520306616703,60.874041568706474,0.9999999999999997,-21.647987633310628,5.450659049350534,-145.82797749142344
168.1848840302657,60.86515899991004,0.9999999999999997,-21.646296502797437,5.451674981198348,-145.85303089612134
168.19455894076262,60.85627553501485,0.9999999999999996,-21.644605344617176,5.452687460594818,-145.87807521772044
168.20422780238218,60.84739117475622,0.9999999999999997,-21.642914159031825,5.453696489529763,-145.90311045208793
168.2138906198444,60.838505919868666,0.9999999999999996,-21.641222946302143,5.454702069991047,-145.92813659509093
168.22354739786476,60.82961977108583,0.9999999999999997,-21.639531706687684,5.455704203964588,-145.95315364259685
168.23319814115445,60.820732729140545,0.9999999999999994,-21.637840440446784,5.456702893434393,-145.9781615904726
168.24284285442027,60.81184479476481,0.9999999999999997,-21.63614914783649,5.457698140382554,-146.00316043458568
168.2524815423645,60.8029559686898,0.9999999999999994,-21.634457829112733,5.458689946789201,-146.02815017080295
168.2621142096851,60.794066251645795,0.9999999999999998,-21.63276648453015,5.459678314632564,-146.05313079499192
168.27174086107573,60.78517564436234,0.9999999999999997,-21.631075114342206,5.460663245888938,-146.0781023030196
168.28136150122543,60.776284147568056,0.9999999999999996,-21.629383718801147,5.461644742532666,-146.1030646907532
168.29097613481903,60.7673917619908,0.9999999999999997,-21.627692298158014,5.462622806536221,-146.12801795406
168.300584766537,60.75849848835756,0.9999999999999997,-21.62600085266263,5.4635974398701155,-146.15296208880713
168.31018740105532,60.74960432739456,0.9999999999999997,-21.62430938256366,5.464568644502968,-146.17789709086173
168.31978404304564,60.74070927982709,0.9999999999999996,-21.62261788810852,5.465536422401479,-146.20282295609113
168.32937469717527,60.73181334637972,0.9999999999999997,-21.62092636954345,5.466500775530397,-146.22773968036236
168.33895936810714,60.72291652777611,0.9999999999999998,-21.619234827113523,5.467461705852596,-146.25264725954278
168.3485380604998,60.71401882473918,0.9999999999999997,-21.617543261062576,5.468419215329025,-146.27754568949953
168.35811077900743,60.705120237990975,0.9999999999999994,-21.615851671633315,5.469373305918694,-146.30243496609967
168.36767752827993,60.69622076825271,0.9999999999999997,-21.614160059067196,5.470323979578765,-146.32731508521067
168.37723831296273,60.68732041624483,0.9999999999999996,-21.612468423604554,5.471271238264444,-146.35218604269946
168.38679313769703,60.678419182686916,0.9999999999999994,-21.610776765484516,5.472215083929015,-146.37704783443334
168.3963420071196,60.669517068297736,0.9999999999999993,-21.609085084945036,5.473155518523914,-146.40190045627946
168.40588492586298,60.66061407379527,0.9999999999999994,-21.60739338222288,5.474092543998621,-146.42674390410522
168.41542189855522,60.65171019989663,0.9999999999999994,-21.605701657553688,5.475026162300736,-146.4515781737775
168.42495292982017,60.642805447318175,0.9999999999999993,-21.60400991117188,5.47595637537597,-146.47640326116368
168.43447802427727,60.63389981677542,0.9999999999999994,-21.602318143310747,5.476883185168118,-146.50121916213092
168.4439971865417,60.62499330898303,0.9999999999999994,-21.600626354202408,5.4778065936190625,-146.52602587254643
168.45351042122428,60.61608592465494,0.9999999999999996,-21.598934544077807,5.478726602668823,-146.5508233882774
168.4630177329315,60.60717766450422,0.9999999999999993,-21.597242713166764,5.479643214255516,-146.57561170519094
168.47251912626558,60.59826852924311,0.9999999999999996,-21.595550861697895,5.480556430315328,-146.60039081915437
168.4820146058244,60.5893585195831,0.9999999999999993,-21.593858989898727,5.481466252782617,-146.62516072603484
168.49150417620154,60.58044763623481,0.9999999999999994,-21.592167097995574,5.482372683589794,-146.64992142169953
168.50098784198633,60.571535879908126,0.9999999999999993,-21.590475186213645,5.483275724667427,-146.67467290201563
168.51046560776365,60.56262325131204,0.9999999999999993,-21.58878325477701,5.484175377944146,-146.69941516285027
168.5199374781143,60.55370975115481,0.9999999999999994,-21.587091303908554,5.485071645346739,-146.72414820007083
168.5294034576146,60.54479538014388,0.9999999999999994,-21.58539933383007,5.485964528800105,-146.74887200954433
168.5388635508367,60.535880138985846,0.9999999999999993,-21.58370734476219,5.486854030227242,-146.77358658713808
168.54831776234843,60.52696402838656,0.9999999999999994,-21.58201533692442,5.4877401515492785,-146.79829192871918
168.55776609671335,60.51804704905101,0.9999999999999993,-21.580323310535135,5.488622894685459,-146.82298803015487
168.56720855849073,60.50912920168346,0.9999999999999996,-21.578631265811577,5.489502261553163,-146.84767488731237
168.57664515223553,60.5002104869873,0.9999999999999996,-21.576939202969875,5.49037825406786,-146.87235249605877
168.58607588249853,60.49129090566519,0.9999999999999994,-21.575247122225022,5.49125087414318,-146.8970208522614
168.5955007538262,60.48237045841892,0.9999999999999994,-21.573555023790895,5.49212012369088,-146.92167995178733
168.60491977076077,60.47344914594954,0.9999999999999996,-21.571862907880245,5.492986004620819,-146.94632979050394
168.61433293784015,60.46452696895731,0.9999999999999994,-21.570170774704735,5.493848518841007,-146.97097036427814
168.62374025959807,60.45560392814163,0.9999999999999994,-21.568478624474878,5.494707668257577,-146.99560166897737
168.63314174056396,60.44668002420119,0.9999999999999994,-21.566786457400127,5.495563454774807,-147.02022370046873
168.64253738526307,60.43775525783385,0.9999999999999994,-21.565094273688764,5.496415880295084,-147.04483645461943
168.65192719821633,60.42882962973664,0.9999999999999994,-21.563402073548012,5.497264946718948,-147.06943992729668
168.66131118394048,60.41990314060589,0.9999999999999996,-21.561709857183974,5.498110655945078,-147.09403411436762
168.670689346948,60.410975791137034,0.9999999999999996,-21.560017624801667,5.498953009870283,-147.11861901169945
168.6800616917472,60.4020475820248,0.9999999999999994,-21.558325376604994,5.499792010389545,-147.14319461515944
168.68942822284208,60.39311851396312,0.9999999999999993,-21.556633112796778,5.500627659395933,-147.16776092061468
168.69878894473246,60.38418858764509,0.9999999999999993,-21.55494083357873,5.501459958780702,-147.1923179239325
168.70814386191392,60.375257803763056,0.9999999999999994,-21.553248539151497,5.5022889104332275,-147.21686562098
168.71749297887786,60.36632616300861,0.9999999999999996,-21.551556229714624,5.5031145162410535,-147.2414040076243
168.72683630011147,60.3573936660725,0.9999999999999996,-21.54986390546657,5.503936778089864,-147.26593307973278
168.73617383009767,60.34846031364469,0.9999999999999994,-21.548171566604722,5.504755697863489,-147.29045283317254
168.7455055733152,60.339526106414446,0.9999999999999994,-21.546479213325377,5.505571277443897,-147.31496326381065
168.7548315342387,60.33059104507016,0.9999999999999996,-21.544786845823765,5.506383518711244,-147.33946436751452
168.76415171733845,60.32165513029953,0.9999999999999994,-21.543094464294015,5.507192423543827,-147.36395614015123
168.77346612708064,60.31271836278938,0.9999999999999994,-21.541402068929234,5.5079979938180745,-147.38843857758806
168.78277476792724,60.30378074322582,0.9999999999999993,-21.539709659921424,5.508800231408587,-147.41291167569207
168.79207764433605,60.29484227229418,0.9999999999999994,-21.538017237461496,5.509599138188149,-147.43737543033052
168.8013747607607,60.28590295067901,0.9999999999999993,-21.536324801739365,5.510394716027671,-147.46182983737057
168.81066612165057,60.27696277906406,0.9999999999999994,-21.534632352943824,5.511186966796242,-147.48627489267957
168.81995173145094,60.26802175813236,0.9999999999999994,-21.532939891262647,5.511975892361125,-147.51071059212447
168.82923159460287,60.25907988856609,0.9999999999999996,-21.531247416882515,5.5127614945877195,-147.53513693157274
168.83850571554336,60.25013717104673,0.9999999999999993,-21.52955492998908,5.5135437753396115,-147.55955390689127
168.8477740987051,60.24119360625496,0.9999999999999996,-21.52786243076691,5.514322736478567,-147.5839615139475
168.85703674851666,60.23224919487068,0.9999999999999994,-21.526169919399585,5.515098379864488,-147.6083597486085
168.86629366940255,60.22330393757306,0.9999999999999996,-21.52447739606957,5.5158707073554805,-147.63274860674147
168.87554486578298,60.214357835040445,0.9999999999999996,-21.522784860958325,5.516639720807788,-147.65712808421367
168.88479034207415,60.20541088795045,0.9999999999999994,-21.521092314246246,5.517405422075882,-147.68149817689223
168.89403010268805,60.19646309697994,0.9999999999999996,-21.519399756112712,5.518167813012358,-147.7058588806444
168.9032641520325,60.187514462804984,0.9999999999999994,-21.517707186736054,5.518926895468027,-147.73021019133728
168.91249249451124,60.178564986100874,0.9999999999999993,-21.516014606293552,5.519682671291848,-147.75455210483824
168.92171513452385,60.16961466754219,0.9999999999999994,-21.514322014961472,5.5204351423309586,-147.77888461701428
168.93093207646578,60.16066350780272,0.9999999999999994,-21.512629412915047,5.521184310430751,-147.80320772373273
168.9401433247283,60.15171150755548,0.9999999999999993,-21.510936800328487,5.521930177434678,-147.82752142086068
168.9493488836987,60.14275866747275,0.9999999999999994,-21.509244177374946,5.522672745184481,-147.85182570426542
168.95854875776004,60.13380498822601,0.9999999999999993,-21.507551544226594,5.523412015520073,-147.87612056981413
168.96774295129123,60.12485047048606,0.9999999999999996,-21.505858901054566,5.524147990279477,-147.9004060133739
168.9769314686672,60.11589511492287,0.9999999999999997,-21.504166248028966,5.524880671299012,-147.924682030812
168.98611431425869,60.10693892220565,0.9999999999999993,-21.502473585318906,5.525610060413118,-147.94894861799565
168.99529149243227,60.097981893002945,0.9999999999999994,-21.500780913092456,5.526336159454464,-147.973205770792
169.00446300755058,60.08902402798243,0.9999999999999993,-21.499088231516694,5.527058970253901,-147.9974534850683
169.01362886397203,60.0800653278111,0.9999999999999994,-21.497395540757687,5.527778494640444,-148.02169175669167
169.02278906605096,60.07110579315517,0.9999999999999996,-21.495702840980485,5.528494734441367,-148.0459205815294
169.03194361813766,60.06214542468012,0.9999999999999996,-21.49401013234916,5.529207691482114,-148.07013995544858
169.0410925245783,60.05318422305066,0.9999999999999993,-21.49231741502675,5.5299173675863145,-148.09434987431644
169.05023578971495,60.04422218893077,0.9999999999999993,-21.49062468917531,5.530623764575822,-148.11855033400022
169.0593734178857,60.03525932298366,0.9999999999999993,-21.488931954955873,5.53132688427068,-148.14274133036707
169.0685054134244,60.026295625871825,0.9999999999999993,-21.487239212528547,5.532026728489155,-148.1669228592841
169.07763178066097,60.01733109825695,0.9999999999999994,-21.48554646205236,5.532723299047694,-148.19109491661874
169.08675252392123,60.00836574080007,0.9999999999999996,-21.4838537036854,5.53341659776099,-148.21525749823797
169.09586764752692,59.99939955416137,0.9999999999999994,-21.48216093758477,5.534106626441893,-148.239410600009
169.10497715579572,59.99043253900037,0.9999999999999996,-21.480468163906547,5.5347933869015264,-148.26355421779922
169.11408105304125,59.981464695975816,0.9999999999999993,-21.47877538280588,5.535476880949181,-148.28768834747555
169.12317934357307,59.97249602574569,0.9999999999999994,-21.477082594436876,5.536157110392372,-148.31181298490537
169.13227203169671,59.96352652896729,0.9999999999999996,-21.47538979895273,5.53683407703684,-148.33592812595583
169.14135912171366,59.954556206297134,0.9999999999999994,-21.473696996505613,5.5375077826865535,-148.3600337664941
169.15044061792136,59.945585058390996,0.9999999999999994,-21.47200418724673,5.53817822914367,-148.38412990238743
169.1595165246132,59.9366130859039,0.9999999999999993,-21.470311371326325,5.538845418208567,-148.40821652950294
169.16858684607854,59.9276402894902,0.9999999999999993,-21.468618548893673,5.539509351679895,-148.43229364370782
169.1776515866027,59.918666669803436,0.9999999999999997,-21.466925720097056,5.540170031354476,-148.45636124086943
169.18671075046706,59.90969222749647,0.9999999999999996,-21.465232885083832,5.540827459027392,-148.48041931685475
169.1957643419488,59.90071696322135,0.9999999999999994,-21.463540044000375,5.5414816364919,-148.50446786753108
169.20481236532126,59.891740877629495,0.9999999999999996,-21.461847196992075,5.542132565539568,-148.52850688876555
169.21385482485363,59.88276397137154,0.9999999999999994,-21.460154344203424,5.542780247960103,-148.55253637642545
169.22289172481123,59.873786245097335,0.9999999999999996,-21.458461485777885,5.543424685541526,-148.57655632637795
169.2319230694552,59.86480769945609,0.9999999999999994,-21.456768621858025,5.544065880070018,-148.6005667344902
169.24094886304277,59.855828335096255,0.9999999999999993,-21.455075752585454,5.544703833330049,-148.62456759662936
169.24996910982722,59.8468481526655,0.9999999999999994,-21.453382878100783,5.545338547104308,-148.64855890866275
169.2589838140577,59.83786715281085,0.9999999999999993,-21.451689998543735,5.545970023173712,-148.67254066645748
169.2679929799795,59.82888533617851,0.9999999999999994,-21.44999711405304,5.5465982633174225,-148.69651286588072
169.27699661183382,59.81990270341406,0.9999999999999994,-21.44830422476654,5.547223269312857,-148.72047550279973
169.28599471385792,59.81091925516228,0.9999999999999996,-21.44661133082109,5.54784504293565,-148.7444285730817
169.29498729028506,59.80193499206721,0.9999999999999993,-21.444918432352623,5.548463585959697,-148.7683720725938
169.30397434534453,59.79294991477226,0.9999999999999994,-21.443225529496136,5.549078900157138,-148.79230599720321
169.3129558832616,59.783964023920035,0.9999999999999993,-21.441532622385704,5.549690987298332,-148.81623034277706
169.32193190825768,59.77497732015243,0.9999999999999996,-21.439839711154438,5.550299849151939,-148.84014510518273
169.33090242455012,59.76598980411064,0.9999999999999996,-21.438146795934557,5.550905487484847,-148.8640502802873
169.33986743635228,59.75700147643514,0.9999999999999997,-21.436453876857335,5.551507904062165,-148.88794586395798
169.34882694787362,59.74801233776566,0.9999999999999996,-21.434760954053118,5.552107100647282,-148.9118318520619
169.35778096331964,59.73902238874125,0.9999999999999994,-21.433068027651338,5.552703079001832,-148.93570824046625
169.36672948689187,59.7300316300002,0.9999999999999993,-21.43137509778051,5.553295840885754,-148.9595750250384
169.37567252278788,59.72104006218009,0.9999999999999994,-21.42968216456821,5.553885388057159,-148.98343220164543
169.38461007520127,59.71204768591784,0.9999999999999996,-21.427989228141122,5.554471722272471,-149.00727976615448
169.39354214832179,59.703054501849564,0.9999999999999993,-21.426296288625,5.555054845286374,-149.03111771443284
169.40246874633516,59.694060510610726,0.9999999999999994,-21.424603346144686,5.55563475885179,-149.0549460423476
169.41138987342316,59.685065712836085,0.9999999999999994,-21.42291040082413,5.556211464719942,-149.0787647457661
169.42030553376372,59.676070109159625,0.9999999999999994,-21.421217452786355,5.556784964640283,-149.1025738205554
169.42921573153072,59.66707370021468,0.9999999999999996,-21.419524502153493,5.5573552603605325,-149.12637326258272
169.43812047089426,59.65807648663384,0.9999999999999996,-21.41783154904676,5.5579223536267275,-149.15016306771537
169.4470197560204,59.649078469048995,0.9999999999999994,-21.41613859358648,5.558486246183113,-149.17394323182035
169.45591359107132,59.64007964809134,0.9999999999999994,-21.414445635892076,5.559046939772221,-149.19771375076505
169.46480198020532,59.631080024391295,0.9999999999999994,-21.41275267608206,5.559604436134899,-149.22147462041653
