galstreams/tracks/track.st.Gaia-6.ibata2021.ecsv
# %ECSV 0.9
# ---
# datatype:
# - {name: ra, unit: deg, datatype: float64}
# - {name: dec, unit: deg, datatype: float64}
# - {name: distance, unit: kpc, datatype: float64}
# - {name: pm_ra_cosdec, unit: mas / yr, datatype: float64}
# - {name: pm_dec, unit: mas / yr, datatype: float64}
# - {name: radial_velocity, unit: km / s, datatype: float64}
# delimiter: ','
# meta: !!omap
# - __serialized_columns__:
#     dec:
#       __class__: astropy.coordinates.angles.Latitude
#       unit: &id001 !astropy.units.Unit {unit: deg}
#       value: !astropy.table.SerializedColumn {name: dec}
#     distance:
#       __class__: astropy.coordinates.distances.Distance
#       unit: !astropy.units.Unit {unit: kpc}
#       value: !astropy.table.SerializedColumn {name: distance}
#     pm_dec:
#       __class__: astropy.units.quantity.Quantity
#       unit: !astropy.units.Unit {unit: mas / yr}
#       value: !astropy.table.SerializedColumn {name: pm_dec}
#     pm_ra_cosdec:
#       __class__: astropy.units.quantity.Quantity
#       unit: !astropy.units.Unit {unit: mas / yr}
#       value: !astropy.table.SerializedColumn {name: pm_ra_cosdec}
#     ra:
#       __class__: astropy.coordinates.angles.Longitude
#       unit: *id001
#       value: !astropy.table.SerializedColumn {name: ra}
#       wrap_angle: !astropy.coordinates.Angle
#         unit: *id001
#         value: 360.0
#     radial_velocity:
#       __class__: astropy.units.quantity.Quantity
#       unit: !astropy.units.Unit {unit: km / s}
#       value: !astropy.table.SerializedColumn {name: radial_velocity}
# schema: astropy-2.0
ra,dec,distance,pm_ra_cosdec,pm_dec,radial_velocity
[from data line 555]
209.52567159734699,29.18499060971161,8.046773566678226,-8.530042009442436,-9.191940817698253,3.031476166754042e-13
209.53422854193948,29.191639061682547,8.046527678304003,-8.529563771477605,-9.18967841229475,3.1998915093514883e-13
209.54278602671613,29.198287509304738,8.046283922059777,-8.529086693319883,-9.187415204080937,1.8525687685719145e-13
209.5513440532855,29.20493595130224,8.046042297360222,-8.528610771191554,-9.18515119303877,2.1893994537668078e-13
209.55990262325628,29.211584386398787,8.045802803620012,-8.528136001314843,-9.182886379151098,2.8630608241565947e-13
209.56846173823715,29.21823281331782,8.045565440253817,-8.527662379911927,-9.180620762401636,2.694645481559148e-13
209.57702139983675,29.224881230782326,8.045330206676317,-8.527189903204913,-9.178354342774991,4.210383564936169e-13
209.5855816096639,29.2315296375151,8.045097102302181,-8.526718567415882,-9.176087120256643,1.347322740779574e-13
209.5941423693273,29.238178032238526,8.044866126546081,-8.526248368766836,-9.173819094832957,2.1893994537668078e-13
209.60270368043575,29.24482641367469,8.044637278822693,-8.525779303479741,-9.171550266491177,3.3683068519489354e-13
209.61126554459813,29.25147478054535,8.044410558546687,-8.525311367776503,-9.169280635219426,1.347322740779574e-13
209.6198279634233,29.258123131571946,8.044185965132744,-8.524844557878973,-9.16701020100672,2.3578147963642546e-13
209.62839093852006,29.26477146547549,8.043963497995527,-8.524378870008947,-9.164738963842954,1.8525687685719145e-13
209.63695447149735,29.271419780976768,8.043743156549718,-8.523914300388174,-9.1624669237189,3.3683068519489354e-13
209.64551856396412,29.27806807679621,8.043524940209984,-8.523450845238344,-9.16019408062623,2.3578147963642546e-13
209.6540832175294,29.28471635165388,8.043308848391,-8.522988500781103,-9.15792043455749,2.3578147963642546e-13
209.6626484338022,29.291364604269592,8.043094880507445,-8.522527263238025,-9.15564598550611,2.3578147963642546e-13
209.67121421439145,29.29801283336269,8.042883035973983,-8.522067128830649,-9.153370733466422,1.515738083377021e-13
209.67978056090624,29.304661037652277,8.042673314205294,-8.521608093780443,-9.15109467843364,3.031476166754042e-13
209.68834747495572,29.311309215857136,8.042465714616046,-8.521150154308842,-9.14881782040385,2.1893994537668078e-13
209.69691495814897,29.31795736669568,8.042260236620917,-8.52069330663721,-9.146540159374055,2.1893994537668078e-13
209.70548301209516,29.324605488886004,8.042056879634579,-8.520237546986861,-9.144261695342125,1.347322740779574e-13
209.71405163840345,29.331253581145884,8.041855643071706,-8.519782871579064,-9.141982428306832,2.5262301389617017e-13
209.722620838683,29.337901642192687,8.04165652634697,-8.51932927663502,-9.13970235826784,2.3578147963642546e-13
209.73119061454312,29.34454967074353,8.041459528875045,-8.518876758375885,-9.137421485225692,2.020984111169361e-13
209.739760967593,29.35119766551516,8.041264650070604,-8.518425313022766,-9.135139809181844,1.8525687685719145e-13
209.74833189944198,29.357845625224016,8.041071889348318,-8.517974936796705,-9.132857330138634,2.5262301389617017e-13
209.75690341169934,29.364493548586154,8.040881246122863,-8.517525625918692,-9.130574048099295,2.8630608241565947e-13
209.7654755059745,29.371141434317387,8.040692719808915,-8.517077376609674,-9.128289963067939,2.8630608241565947e-13
209.77404818387672,29.377789281133047,8.04050630982114,-8.51663018509053,-9.126005075049608,1.8525687685719145e-13
209.78262144701543,29.38443708774825,8.040322015574217,-8.516184047582085,-9.123719384050212,2.694645481559148e-13
209.79119529700006,29.39108485287775,8.040139836482819,-8.515738960305121,-9.121432890076566,1.6841534259744677e-13
209.79976973544007,29.39773257523594,8.039959771961618,-8.515294919480361,-9.119145593136388,2.1893994537668078e-13
209.80834476394492,29.4043802535369,8.039781821425287,-8.514851921328473,-9.116857493238287,2.5262301389617017e-13
209.8169203841242,29.41102788649441,8.039605984288498,-8.514409962070076,-9.114568590391766,1.6841534259744677e-13
209.8254965975873,29.417675472821795,8.039432259965928,-8.513969037925717,-9.112278884607246,1.8525687685719145e-13
209.8340734059438,29.424323011232165,8.039260647872247,-8.513529145115907,-9.109988375896034,2.8630608241565947e-13
209.84265081080338,29.43097050043823,8.039091147422129,-8.513090279861103,-9.10769706427034,2.1893994537668078e-13
209.85122881377555,29.4376179391524,8.038923758030249,-8.512652438381691,-9.105404949743274,3.031476166754042e-13
209.85980741647,29.444265326086725,8.038758479111278,-8.512215616898024,-9.103112032328848,2.3578147963642546e-13
209.8683866204964,29.450912659952973,8.038595310079891,-8.51177981163039,-9.100818312041987,2.5262301389617017e-13
209.87696642746434,29.457559939462424,8.038434250350761,-8.511345018799014,-9.098523788898518,2.8630608241565947e-13
209.8855468389836,29.464207163326183,8.038275299338563,-8.510911234624075,-9.096228462915152,3.1998915093514883e-13
209.8941278566639,29.470854330254948,8.038118456457966,-8.510478455325703,-9.093932334109526,2.8630608241565947e-13
209.902709482115,29.4775014389591,8.037963721123647,-8.51004667712397,-9.09163540250018,1.1789073981821273e-13
209.9112917169467,29.484148488148644,8.037811092750276,-8.509615896238888,-9.089337668106559,2.020984111169361e-13
209.91987456276883,29.49079547653333,8.03766057075253,-8.509186108890422,-9.087039130949004,1.6841534259744677e-13
209.9284580211911,29.497442402822433,8.03751215454508,-8.508757311298467,-9.084739791048788,2.694645481559148e-13
209.93704209382346,29.504089265725003,8.037365843542599,-8.508329499682892,-9.082439648428071,2.020984111169361e-13
209.9456267822758,29.510736063949725,8.037221637159764,-8.507902670263483,-9.080138703109927,2.3578147963642546e-13
209.954212088158,29.51738279620493,8.037079534811244,-8.507476819259985,-9.077836955118348,2.020984111169361e-13
209.96279801307998,29.52402946119866,8.036939535911714,-8.507051942892089,-9.07553440447823,3.1998915093514883e-13
209.97138455865166,29.530676057638498,8.036801639875847,-8.506628037379421,-9.07323105121538,2.694645481559148e-13
209.9799717264831,29.537322584231806,8.036665846118316,-8.50620509894157,-9.070926895356525,1.8525687685719145e-13
209.98855951818422,29.54396903968555,8.036532154053795,-8.505783123798047,-9.068621936929297,1.347322740779574e-13
209.99714793536504,29.550615422706386,8.036400563096958,-8.50536210816833,-9.066316175962243,2.1893994537668078e-13
210.00573697963563,29.55726173200061,8.036271072662476,-8.504942048271827,-9.064009612484824,1.6841534259744677e-13
210.01432665260612,29.56390796627422,8.036143682165024,-8.50452294032791,-9.061702246527418,1.8525687685719145e-13
210.02291695588644,29.57055412423276,8.036018391019274,-8.50410478055587,-9.059394078121326,2.5262301389617017e-13
210.03150789108682,29.577200204581555,8.035895198639905,-8.50368756517496,-9.057085107298747,2.3578147963642546e-13
210.04009945981736,29.583846206025527,8.035774104441577,-8.503271290404374,-9.054775334092813,2.8630608241565947e-13
210.04869166368817,29.59049212726929,8.035655107838979,-8.50285595246325,-9.052464758537566,2.5262301389617017e-13
210.0572845043095,29.59713796701709,8.035538208246775,-8.502441547570678,-9.050153380667975,3.031476166754042e-13
210.06587798329156,29.60378372397289,8.03542340507964,-8.502028071945691,-9.047841200519919,3.3683068519489354e-13
210.07447210224447,29.610429396840175,8.03531069775225,-8.501615521807249,-9.0455282181302,3.1998915093514883e-13
210.0830668627785,29.617074984322226,8.035200085679273,-8.50120389337428,-9.043214433536543,1.8525687685719145e-13
210.09166226650396,29.623720485121932,8.035091568275385,-8.500793182865653,-9.0408998467776,1.347322740779574e-13
210.10025831503106,29.630365897941832,8.034985144955263,-8.500383386500163,-9.038584457892927,2.1893994537668078e-13
210.10885500997017,29.637011221484133,8.034880815133576,-8.499974500496577,-9.03626826692302,1.1789073981821273e-13
210.11745235293162,29.643656454450742,8.034778578224998,-8.499566521073596,-9.033951273909297,2.020984111169361e-13
210.1260503455256,29.650301595543095,8.0346784336442,-8.499159444449855,-9.031633478894095,3.031476166754042e-13
210.1346489893627,29.656946643462422,8.034580380805862,-8.498753266843941,-9.029314881920673,2.1893994537668078e-13
210.1432482860531,29.663591596909537,8.034484419124652,-8.498347984474393,-9.026995483033224,2.1893994537668078e-13
210.1518482372073,29.67023645458495,8.034390548015244,-8.497943593559686,-9.024675282276867,2.1893994537668078e-13
210.16044884443573,29.676881215188793,8.034298766892311,-8.497540090318246,-9.022354279697641,1.1789073981821273e-13
210.16905010934883,29.68352587742091,8.034209075170528,-8.49713747096844,-9.020032475342521,2.1893994537668078e-13
210.177652033557,29.69017043998069,8.034121472264568,-8.496735731728577,-9.01770986925941,2.020984111169361e-13
210.18625461867077,29.696814901567276,8.034035957589104,-8.49633486881691,-9.015386461497132,1.6841534259744677e-13
210.19485786630057,29.70345926087945,8.033952530558807,-8.49593487845165,-9.013062252105456,2.5262301389617017e-13
210.203461778057,29.710103516615636,8.033871190588352,-8.495535756850936,-9.010737241135066,1.6841534259744677e-13
210.21206635555058,29.71674766747391,8.033791937092413,-8.495137500232861,-9.008411428637586,2.020984111169361e-13
210.22067160039185,29.723391712152065,8.033714769485664,-8.494740104815468,-9.006084814665575,2.020984111169361e-13
210.22927751419132,29.730035649347393,8.033639687182777,-8.494343566816715,-9.003757399272523,2.1893994537668078e-13
210.23788409855968,29.73667947775699,8.033566689598427,-8.493947882454549,-9.001429182512851,2.694645481559148e-13
210.24649135510745,29.743323196077554,8.033495776147285,-8.49355304794682,-8.999100164441915,1.8525687685719145e-13
210.25509928544528,29.74996680300545,8.033426946244024,-8.493159059511353,-8.996770345116012,1.6841534259744677e-13
210.26370789118383,29.756610297236676,8.033360199303322,-8.4927659133659,-8.994439724592366,2.020984111169361e-13
210.27231717393377,29.763253677466945,8.033295534739846,-8.492373605728172,-8.992108302929147,2.1893994537668078e-13
210.28092713530575,29.769896942391483,8.03323295196827,-8.491982132815808,-8.989776080185463,1.6841534259744677e-13
210.28953777691038,29.77654009070531,8.033172450403274,-8.491591490846389,-8.987443056421348,3.3683068519489354e-13
210.2981491003585,29.783183121103065,8.033114029459524,-8.491201676037466,-8.985109231697791,2.8630608241565947e-13
210.30676110726077,29.789826032278995,8.033057688551699,-8.49081268460651,-8.982774606076706,2.1893994537668078e-13
210.31537379922796,29.796468822927082,8.033003427094464,-8.49042451277095,-8.98043917962096,1.515738083377021e-13
210.32398717787078,29.803111491740843,8.0329512445025,-8.490037156748148,-8.978102952394357,2.694645481559148e-13
210.3326012448,29.809754037413544,8.032901140190479,-8.489650612755417,-8.975765924461644,1.6841534259744677e-13
210.34121600162646,29.816396458638074,8.032853113573072,-8.489264877010015,-8.973428095888508,1.8525687685719145e-13
210.34983144996093,29.823038754106964,8.032807164064954,-8.488879945729146,-8.971089466741574,2.1893994537668078e-13
210.35844759141418,29.829680922512427,8.032763291080796,-8.48849581512995,-8.968750037088437,2.694645481559148e-13
210.36706442759717,29.836322962546333,8.032721494035277,-8.488112481429514,-8.966409806997591,2.3578147963642546e-13
210.37568196012063,29.84296487290011,8.032681772343064,-8.48772994084488,-8.964068776538529,1.6841534259744677e-13
210.3843001905954,29.849606652264935,8.032644125418832,-8.487348189593018,-8.961726945781658,1.6841534259744677e-13
210.39291912063246,29.856248299331618,8.032608552677257,-8.486967223890844,-8.959384314798333,1.6841534259744677e-13
210.40153875184262,29.862889812790595,8.032575053533007,-8.48658703995524,-8.957040883660875,1.6841534259744677e-13
210.41015908583685,29.86953119133198,8.032543627400763,-8.486207634003001,-8.954696652442532,1.515738083377021e-13
210.41878012422603,29.876172433645554,8.032514273695194,-8.485829002250892,-8.952351621217517,2.694645481559148e-13
210.42740186862105,29.882813538420653,8.032486991830968,-8.4854511409156,-8.950005790060995,2.1893994537668078e-13
210.4360243206329,29.889454504346354,8.032461781222768,-8.485074046213775,-8.94765915904907,1.0104920555846805e-13
210.44464748187252,29.896095330111375,8.03243864128526,-8.484697714362001,-8.94531172825881,2.1893994537668078e-13
210.45327135395087,29.902736014404052,8.032417571433122,-8.4843221415768,-8.942963497768222,2.5262301389617017e-13
210.46189593847896,29.909376555912402,8.032398571081028,-8.483947324074656,-8.940614467656275,2.5262301389617017e-13
210.47052123706783,29.91601695332411,8.032381639643644,-8.483573258071988,-8.938264638002899,2.1893994537668078e-13
210.47914725132836,29.922657205326402,8.03236677653565,-8.48319993978515,-8.93591400888897,2.1893994537668078e-13
210.4877739828716,29.929297310606263,8.03235398117172,-8.482827365430445,-8.933562580396316,2.8630608241565947e-13
210.49640143330868,29.935937267850296,8.032343252966522,-8.482455531224135,-8.931210352607735,2.020984111169361e-13
210.50502960425052,29.942577075744737,8.032334591334731,-8.482084433382408,-8.928857325606973,2.5262301389617017e-13
210.51365849730826,29.949216732975504,8.032327995691023,-8.481714068121398,-8.92650349947873,2.8630608241565947e-13
210.52228811409296,29.955856238228172,8.032323465450073,-8.481344431657185,-8.924148874308669,2.1893994537668078e-13
210.53091845621563,29.962495590187842,8.032321000026545,-8.480975520205805,-8.921793450183431,2.020984111169361e-13
210.53954952528738,29.969134787539414,8.03232059883512,-8.480607329983217,-8.919437227190587,2.694645481559148e-13
210.54818132291933,29.97577382896737,8.032322261290467,-8.480239857205337,-8.917080205418685,1.1789073981821273e-13
210.55681385072256,29.982412713155835,8.032325986807267,-8.479873098088015,-8.914722384957233,2.1893994537668078e-13
210.5654471103082,29.989051438788604,8.032331774800184,-8.479507048847065,-8.912363765896703,2.1893994537668078e-13
210.57408110328745,29.995690004549143,8.0323396246839,-8.479141705698222,-8.910004348328524,2.1893994537668078e-13
210.58271583127132,30.00232840912046,8.032349535873081,-8.478777064857175,-8.907644132345105,2.1893994537668078e-13
210.59135129587096,30.008966651185315,8.0323615077824,-8.478413122539557,-8.905283118039803,2.3578147963642546e-13
210.59998749869763,30.015604729426077,8.032375539826539,-8.47804987496094,-8.902921305506945,2.1893994537668078e-13
210.6086244413624,30.022242642524755,8.032391631420163,-8.477687318336848,-8.900558694841834,1.8525687685719145e-13
210.6172621254765,30.028880389163035,8.032409781977949,-8.477325448882738,-8.898195286140727,6.73661370389787e-14
210.6259005526511,30.035517968022248,8.032429990914567,-8.476964262814029,-8.89583107950086,2.020984111169361e-13
210.63453972449733,30.042155377783267,8.032452257644694,-8.476603756346055,-8.89346607502043,2.3578147963642546e-13
210.64317964262648,30.048792617126747,8.032476581583001,-8.47624392569412,-8.891100272798615,2.8630608241565947e-13
210.6518203086497,30.05542968473293,8.032502962144164,-8.475884767073454,-8.888733672935544,1.515738083377021e-13
210.66046172417816,30.062066579281716,8.032531398742853,-8.475526276699249,-8.886366275532346,2.3578147963642546e-13
210.66910389082324,30.068703299452658,8.032561890793742,-8.475168450786622,-8.883998080691086,2.8630608241565947e-13
210.677746810196,30.07533984392488,8.032594437711507,-8.474811285550643,-8.881629088514837,1.6841534259744677e-13
210.68639048390773,30.081976211377242,8.032629038910816,-8.474454777206326,-8.879259299107625,1.1789073981821273e-13
210.69503491356966,30.088612400488206,8.03266569380635,-8.474098921968618,-8.876888712574454,2.1893994537668078e-13
