galstreams/tracks/track.st.NGC1261.ibata2021.ecsv
# %ECSV 0.9
# ---
# datatype:
# - {name: ra, unit: deg, datatype: float64}
# - {name: dec, unit: deg, datatype: float64}
# - {name: distance, unit: kpc, datatype: float64}
# - {name: pm_ra_cosdec, unit: mas / yr, datatype: float64}
# - {name: pm_dec, unit: mas / yr, datatype: float64}
# - {name: radial_velocity, unit: km / s, datatype: float64}
# delimiter: ','
# meta: !!omap
# - __serialized_columns__:
#     dec:
#       __class__: astropy.coordinates.angles.Latitude
#       unit: &id001 !astropy.units.Unit {unit: deg}
#       value: !astropy.table.SerializedColumn {name: dec}
#     distance:
#       __class__: astropy.coordinates.distances.Distance
#       unit: !astropy.units.Unit {unit: kpc}
#       value: !astropy.table.SerializedColumn {name: distance}
#     pm_dec:
#       __class__: astropy.units.quantity.Quantity
#       unit: !astropy.units.Unit {unit: mas / yr}
#       value: !astropy.table.SerializedColumn {name: pm_dec}
#     pm_ra_cosdec:
#       __class__: astropy.units.quantity.Quantity
#       unit: !astropy.units.Unit {unit: mas / yr}
#       value: !astropy.table.SerializedColumn {name: pm_ra_cosdec}
#     ra:
#       __class__: astropy.coordinates.angles.Longitude
#       unit: *id001
#       value: !astropy.table.SerializedColumn {name: ra}
#       wrap_angle: !astropy.coordinates.Angle
#         unit: *id001
#         value: 360.0
#     radial_velocity:
#       __class__: astropy.units.quantity.Quantity
#       unit: !astropy.units.Unit {unit: km / s}
#       value: !astropy.table.SerializedColumn {name: radial_velocity}
# schema: astropy-2.0
ra,dec,distance,pm_ra_cosdec,pm_dec,radial_velocity
[from data line 1402]
53.14124157202978,-50.01595564255249,21.526444421878246,1.8637557321675935,-1.7964512972275337,-1.6841534259744676e-14
53.15115162950402,-50.00738655771112,21.529793728208364,1.8640768738222249,-1.795710670839137,5.0524602779234026e-14
53.16106967992775,-49.99881868428371,21.53314591394765,1.8643980884911204,-1.794969332098919,5.0524602779234026e-14
53.17099573276449,-49.99025202224357,21.53650098602888,1.864719375675985,-1.7942272799020698,3.368306851948935e-14
53.180929797473866,-49.98168657155921,21.539858951384844,1.8650407348773177,-1.7934845131440946,0.0
53.19087188351164,-49.97312233219438,21.54321981694831,1.8653621655944115,-1.792741030720817,-1.6841534259744676e-14
53.20082200032973,-49.964559304108,21.546583589652077,1.86568366732535,-1.7919968315283725,-1.6841534259744676e-14
53.21078015737616,-49.95599748725422,21.549950276428927,1.8660052395670088,-1.7912519144632184,-3.368306851948935e-14
53.220746364095135,-49.94743688158235,21.553319884211632,1.8663268818150558,-1.7905062784221262,3.368306851948935e-14
53.23072062992697,-49.93887748703688,21.55669241993298,1.866648593563949,-1.7897599223021876,-1.6841534259744676e-14
53.240702964308184,-49.93031930355755,21.560067890525755,1.8669703743069337,-1.7890128450008116,-1.6841534259744676e-14
53.25069337667144,-49.92176233107922,21.563446302922728,1.867292223536051,-1.7882650454157267,1.6841534259744676e-14
53.26069187644557,-49.913206569531944,21.566827664056692,1.8676141407421243,-1.787516522444981,0.0
53.27069847305557,-49.90465201884095,21.57021198086043,1.8679361254147666,-1.7867672749869425,0.0
53.28071317592264,-49.896098678926634,21.573599260266718,1.8682581770423832,-1.7860173019403027,0.0
53.290735994464136,-49.887546549704574,21.576989509208346,1.8685802951121586,-1.7852666022040702,1.6841534259744676e-14
53.3007669380936,-49.878995631085466,21.58038273461809,1.8689024791100692,-1.7845151746775791,0.0
53.310806016220816,-49.87044592297523,21.583778943428744,1.8692247285208763,-1.7837630182604847,5.0524602779234026e-14
53.32085323825169,-49.86189742527485,21.58717814257307,1.8695470428281253,-1.783010131852768,1.6841534259744676e-14
53.330908613588406,-49.85335013788054,21.590580338983862,1.8698694215141465,-1.7822565143547289,1.6841534259744676e-14
53.34097215162929,-49.84480406068362,21.59398553959391,1.870191864060053,-1.7815021646669957,0.0
53.35104386176895,-49.83625919357055,21.59739375133598,1.8705143699457432,-1.7807470816905215,0.0
53.36112375339815,-49.82771553642294,21.600804981142865,1.8708369386498982,-1.7799912643265827,1.6841534259744676e-14
53.37121183590391,-49.8191730891175,21.60421923594734,1.8711595696499792,-1.7792347114767852,-3.368306851948935e-14
53.38130811866948,-49.81063185152613,21.607636522682203,1.8714822624222287,-1.7784774220430575,0.0
53.39141261107433,-49.802091823515795,21.61105684828022,1.8718050164416737,-1.7777193949276588,3.368306851948935e-14
53.401525322494166,-49.79355300494859,21.614480219674185,1.8721278311821166,-1.7769606290331748,1.6841534259744676e-14
53.411646262300955,-49.78501539568173,21.617906643796864,1.8724507061161437,-1.7762011232625206,3.368306851948935e-14
53.42177543986289,-49.77647899556757,21.621336127581053,1.8727736407151185,-1.7754408765189411,-1.6841534259744676e-14
53.431912864544444,-49.76794380445353,21.624768677959533,1.8730966344491813,-1.7746798877060077,-3.368306851948935e-14
53.44205854570632,-49.759409822182185,21.62820430186509,1.8734196867872517,-1.7739181557276245,0.0
53.45221249270548,-49.750877048591114,21.631643006230494,1.8737427971970273,-1.773155679488028,-1.6841534259744676e-14
53.46237471489519,-49.742345483513105,21.635084797988537,1.8740659651449822,-1.772392457891785,0.0
53.472545221624955,-49.73381512677597,21.638529684072,1.8743891900963634,-1.771628489843793,1.6841534259744676e-14
53.48272402224057,-49.725285978202635,21.641977671413663,1.8747124715151973,-1.7708637742492852,5.0524602779234026e-14
53.49291112608409,-49.71675803761106,21.64542876694631,1.875035808864282,-1.7700983100138261,1.6841534259744676e-14
53.503106542493896,-49.70823130481434,21.64888297760272,1.8753592016051919,-1.7693320960433145,5.0524602779234026e-14
53.51331028080461,-49.69970577962063,21.65234031031568,1.875682649198271,-1.7685651312439865,-1.6841534259744676e-14
53.52352235034719,-49.691181461833146,21.655800772017972,1.876006151102642,-1.767797414522409,-1.6841534259744676e-14
53.53374276044889,-49.68265835125017,21.659264369642376,1.876329706776194,-1.7670289447854883,0.0
53.54397152043323,-49.67413644766504,21.66273111012168,1.8766533156755902,-1.7662597209404667,0.0
53.554208639620086,-49.665615750866195,21.666201000388654,1.8769769772562674,-1.7654897418949238,3.368306851948935e-14
53.564454127325604,-49.657096260637054,21.66967404737609,1.8773006909724261,-1.764719006556776,-1.6841534259744676e-14
53.57470799286231,-49.64857797675615,21.673150258016772,1.8776244562770434,-1.7639475138342795,1.6841534259744676e-14
53.584970245538976,-49.64006089899702,21.676629639243473,1.877948272621862,-1.7631752626360284,-1.6841534259744676e-14
53.595240894660755,-49.63154502712828,21.680112197988986,1.878272139457391,-1.7624022518709574,0.0
53.60551994952911,-49.62303036091356,21.68359794118609,1.8785960562329114,-1.7616284804483424,1.6841534259744676e-14
53.61580741944186,-49.6145169001115,21.68708687576756,1.8789200223964702,-1.7608539472777989,-1.6841534259744676e-14
53.626103313693136,-49.60600464447583,21.690579008666194,1.8792440373948789,-1.760078651269283,3.368306851948935e-14
53.63640764157344,-49.59749359375524,21.694074346814755,1.879568100673718,-1.7593025913330977,0.0
53.6467204123696,-49.5889837476935,21.697572897146042,1.8798922116773298,-1.7585257663798848,-3.368306851948935e-14
53.65704163536482,-49.580475106029354,21.701074666592827,1.8802163698488235,-1.7577481753206317,1.6841534259744676e-14
53.66737131983865,-49.57196766849657,21.704579662087898,1.8805405746300725,-1.7569698170666692,3.368306851948935e-14
53.67770947506701,-49.56346143482393,21.708087890564034,1.8808648254617133,-1.7561906905296736,0.0
53.68805611032217,-49.55495640473522,21.711599358954018,1.8811891217831427,-1.755410794621667,3.368306851948935e-14
53.6984112348728,-49.54645257794922,21.715114074190637,1.8815134630325228,-1.7546301282550174,3.368306851948935e-14
53.70877485798392,-49.53794995417972,21.718632043206664,1.881837848646776,-1.7538486903424404,3.368306851948935e-14
53.71914698891694,-49.52944853313548,21.72215327293489,1.8821622780615848,-1.7530664797969988,1.6841534259744676e-14
53.72952763692967,-49.520948314520275,21.725677770308092,1.8824867507113938,-1.7522834955321034,1.6841534259744676e-14
53.73991681127626,-49.512449298032834,21.72920554225906,1.8828112660294032,-1.7514997364615144,-1.6841534259744676e-14
53.750314521207315,-49.5039514833669,21.732736595720574,1.8831358234475766,-1.7507152014993412,0.0
53.76072077596981,-49.49545487021114,21.7362709376254,1.8834604223966351,-1.7499298895600468,0.0
53.77113558480712,-49.48695945824925,21.739808574906338,1.8837850623060541,-1.7491437995584391,-1.6841534259744676e-14
53.781558956959,-49.47846524715988,21.743349514496167,1.8841097426040698,-1.7483569304096824,3.368306851948935e-14
53.79199090166168,-49.46997223661659,21.746893763327673,1.8844344627176712,-1.7475692810292913,-3.368306851948935e-14
53.80243142814773,-49.461480426288,21.750441328333633,1.8847592220726062,-1.7467808503331355,1.6841534259744676e-14
53.812880545646195,-49.45298981583757,21.75399221644683,1.885084020093376,-1.7459916372374364,1.6841534259744676e-14
53.82333826338251,-49.44450040492379,21.757546434600044,1.8854088562032372,-1.7452016406587705,3.368306851948935e-14
53.83380459057855,-49.43601219320008,21.76110398972606,1.8857337298241994,-1.7444108595140702,0.0
53.84427953645262,-49.42752518031478,21.764664888757665,1.8860586403770243,-1.7436192927206218,3.368306851948935e-14
53.85476311021945,-49.4190393659112,21.768229138627625,1.8863835872812296,-1.7428269391960713,3.368306851948935e-14
53.86525532109023,-49.410554749627565,21.77179674626875,1.88670856995508,-1.7420337978584182,1.6841534259744676e-14
53.875756178272574,-49.40207133109703,21.775367718613797,1.887033587815596,-1.7412398676260228,1.6841534259744676e-14
53.88626569097054,-49.39358910994768,21.778942062595558,1.8873586402785458,-1.740445147417603,-1.6841534259744676e-14
53.89678386838466,-49.38510808580253,21.782519785146818,1.8876837267584483,-1.7396496361522353,-1.6841534259744676e-14
53.907310719711894,-49.37662825827951,21.78610089320035,1.8880088466685712,-1.738853332749358,0.0
53.917846254145665,-49.36814962699145,21.789685393688952,1.8883339994209305,-1.738056236128768,-1.6841534259744676e-14
53.92839048087588,-49.3596721915461,21.79327329354539,1.8886591844262925,-1.7372583452106252,1.6841534259744676e-14
53.93894340908889,-49.351195951546124,21.796864599702456,1.888984401094168,-1.7364596589154515,1.6841534259744676e-14
53.949505047967534,-49.34272090658907,21.80045931909294,1.8893096488328152,-1.735660176164131,1.6841534259744676e-14
53.96007540669112,-49.3342470562674,21.804057458649602,1.88963492704924,-1.7348598958779125,1.6841534259744676e-14
53.970654494435415,-49.32577440016845,21.807659025305238,1.8899602351491924,-1.7340588169784086,0.0
53.98124232037271,-49.31730293787447,21.811264025992635,1.8902855725371641,-1.7332569383875955,0.0
53.991838893671726,-49.30883266896258,21.814872467644566,1.8906109386163978,-1.7324542590278176,-1.6841534259744676e-14
54.002444223497726,-49.30036359300478,21.818484357193814,1.8909363327888724,-1.7316507778217844,0.0
54.01305831901245,-49.29189570956794,21.82209970157317,1.8912617544553145,-1.7308464936925723,1.6841534259744676e-14
54.0236811893741,-49.28342901821382,21.825718507715408,1.8915872030151892,-1.7300414055636277,0.0
54.03431284373745,-49.27496351849906,21.82934078255331,1.8919126778667066,-1.7292355123587626,0.0
54.04495329125372,-49.26649920997511,21.83296653301967,1.8922381784068139,-1.7284288130021608,-3.368306851948935e-14
54.05560254107068,-49.258036092188355,21.836595766047257,1.8925637040312027,-1.7276213064183756,1.6841534259744676e-14
54.06626060233255,-49.24957416467997,21.840228488568858,1.8928892541342994,-1.7268129915323311,-1.6841534259744676e-14
54.07692748418014,-49.24111342698602,21.843864707517255,1.8932148281092724,-1.7260038672693232,-1.6841534259744676e-14
54.08760319575074,-49.23265387863741,21.847504429825232,1.893540425348028,-1.7251939325550207,1.6841534259744676e-14
54.09828774617817,-49.22419551915988,21.85114766242558,1.893866045241208,-1.724383186315463,-1.6841534259744676e-14
54.10898114459278,-49.21573834807403,21.854794412251056,1.8941916871781928,-1.7235716274770674,0.0
54.11968340012146,-49.207282364895256,21.858444686234467,1.894517350547099,-1.722759254966622,-1.6841534259744676e-14
54.13039452188762,-49.19882756913384,21.86209849130858,1.894843034734779,-1.7219460677112939,1.6841534259744676e-14
54.1411145190112,-49.19037396029486,21.865755834406194,1.8951687391268182,-1.7211320646386215,0.0
54.1518434006087,-49.1819215378782,21.869416722460073,1.8954944631075372,-1.7203172446765267,-3.368306851948935e-14
54.162581175793164,-49.17347030137863,21.873081162403015,1.8958202060599911,-1.7195016067533029,0.0
54.1733278536742,-49.16502025028564,21.876749161167787,1.896145967365967,-1.7186851497976243,3.368306851948935e-14
54.18408344335793,-49.15657138408361,21.88042072568718,1.8964717464059857,-1.717867872738546,0.0
54.19484795394705,-49.14812370225168,21.88409586289398,1.8967975425592967,-1.7170497745055004,0.0
54.20562139454082,-49.13967720426385,21.887774579720965,1.8971233552038818,-1.7162308540283018,5.0524602779234026e-14
54.216403774235054,-49.13123188958882,21.891456883100915,1.8974491837164535,-1.7154111102371468,1.6841534259744676e-14
54.22719510212215,-49.12278775769021,21.89514277996662,1.8977750274724547,-1.714590542062612,1.6841534259744676e-14
54.23799538729107,-49.11434480802632,21.89883227725085,1.8981008858460562,-1.713769148435659,1.6841534259744676e-14
54.24880463882734,-49.105903040050286,21.902525381886395,1.8984267582101564,-1.7129469282876322,-1.6841534259744676e-14
54.25962286581305,-49.097462453210056,21.90622210080604,1.8987526439363824,-1.7121238805502614,1.6841534259744676e-14
54.2704500773269,-49.08902304694829,21.90992244094257,1.8990785423950876,-1.7113000041556603,-1.6841534259744676e-14
54.281286282444164,-49.08058482070248,21.91362640922876,1.899404452955352,-1.7104752980363311,1.6841534259744676e-14
54.292131490236706,-49.07214777390484,21.917334012597387,1.899730374984983,-1.7096497611251618,1.6841534259744676e-14
54.30298570977294,-49.06371190598239,21.92104525798124,1.9000563078505082,-1.7088233923554268,0.0
54.31384895011794,-49.05527721635689,21.924760152313105,1.900382250917185,-1.7079961906607912,-3.368306851948935e-14
54.32472122033334,-49.046843704444875,21.928478702525766,1.9007082035489913,-1.7071681549753073,-1.6841534259744676e-14
54.33560252947736,-49.03841136965761,21.932200915551995,1.9010341651086282,-1.7063392842334197,0.0
54.34649288660486,-49.02998021140114,21.935926798324587,1.9013601349575198,-1.7055095773699611,3.368306851948935e-14
54.35739230076727,-49.02155022907621,21.93965635777631,1.9016861124558124,-1.7046790333201605,1.6841534259744676e-14
54.368300781012664,-49.013121422078356,21.943389600839957,1.902012096962372,-1.703847651019635,-1.6841534259744676e-14
54.379218336385705,-49.00469378979784,21.947126534448312,1.9023380878347844,-1.7030154294043953,0.0
54.39014497592768,-48.99626733161961,21.95086716553414,1.902664084429359,-1.70218236741085,0.0
54.40108070867651,-48.98784204692341,21.954611501030247,1.9029900861011193,-1.701348463975798,0.0
54.412025543666694,-48.979417935083696,21.9583595478694,1.9033160922038093,-1.7005137180364378,-3.368306851948935e-14
54.422979489929425,-48.970994995469596,21.962111312984387,1.9036421020898908,-1.6996781285303606,3.368306851948935e-14
54.43394255649245,-48.96257322744501,21.965866803307993,1.9039681151105425,-1.6988416943955587,1.6841534259744676e-14
54.44491475238021,-48.95415263036852,21.96962602577299,1.9042941306156602,-1.6980044145704212,3.368306851948935e-14
54.45589608661373,-48.94573320359342,21.973388987312166,1.9046201479538531,-1.6971662879937348,0.0
54.46688656821072,-48.93731494646772,21.97715569485831,1.9049461664724474,-1.6963273136046875,0.0
54.477886206185524,-48.92889785833414,21.980926155344193,1.905272185517483,-1.6954874903428676,0.0
54.48889500954908,-48.92048193853008,21.984700375702612,1.9055982044337143,-1.6946468171482656,1.6841534259744676e-14
54.499912987309024,-48.91206718638763,21.988478362866335,1.9059242225646058,-1.6938052929612726,1.6841534259744676e-14
54.51094014846964,-48.90365360123357,21.992260123768148,1.906250239252339,-1.692962916722685,0.0
54.52197650203185,-48.89524118238937,21.99604566534083,1.9065762538378042,-1.692119687373701,-1.6841534259744676e-14
54.533022056993225,-48.886829929171185,21.999834994517176,1.9069022656606018,-1.691275603855925,1.6841534259744676e-14
54.544076822347996,-48.878419840889855,22.00362811822996,1.907228274059045,-1.6904306651113674,1.6841534259744676e-14
54.5551408070871,-48.870010916850845,22.00742504341196,1.907554278370155,-1.689584870082443,3.368306851948935e-14
54.566214020198075,-48.861603156354334,22.01122577699597,1.9078802779296617,-1.6887382177119759,-1.6841534259744676e-14
54.57729647066517,-48.85319655869517,22.01503032591477,1.908206272072005,-1.6878907069431974,1.6841534259744676e-14
54.5883881674693,-48.84479112316281,22.018838697101135,1.9085322601303323,-1.6870423367197485,0.0
54.59948911958802,-48.836386849041425,22.022650897487843,1.9088582414364967,-1.6861931059856798,3.368306851948935e-14
54.6105993359956,-48.82798373560981,22.02646693400769,1.9091842153210588,-1.6853430136854533,0.0
