galstreams/tracks/track.st.Ophiuchus.caldwell2020.ecsv
# %ECSV 1.0
# ---
# datatype:
# - {name: ra, unit: deg, datatype: float64}
# - {name: dec, unit: deg, datatype: float64}
# - {name: distance, unit: kpc, datatype: float64}
# - {name: pm_ra_cosdec, unit: mas / yr, datatype: float64}
# - {name: pm_dec, unit: mas / yr, datatype: float64}
# - {name: radial_velocity, unit: km / s, datatype: float64}
# delimiter: ','
# meta: !!omap
# - __serialized_columns__:
#     dec:
#       __class__: astropy.coordinates.angles.Latitude
#       unit: &id001 !astropy.units.Unit {unit: deg}
#       value: !astropy.table.SerializedColumn {name: dec}
#     distance:
#       __class__: astropy.coordinates.distances.Distance
#       unit: !astropy.units.Unit {unit: kpc}
#       value: !astropy.table.SerializedColumn {name: distance}
#     pm_dec:
#       __class__: astropy.units.quantity.Quantity
#       unit: !astropy.units.Unit {unit: mas / yr}
#       value: !astropy.table.SerializedColumn {name: pm_dec}
#     pm_ra_cosdec:
#       __class__: astropy.units.quantity.Quantity
#       unit: !astropy.units.Unit {unit: mas / yr}
#       value: !astropy.table.SerializedColumn {name: pm_ra_cosdec}
#     ra:
#       __class__: astropy.coordinates.angles.Longitude
#       unit: *id001
#       value: !astropy.table.SerializedColumn {name: ra}
#       wrap_angle: !astropy.coordinates.Angle
#         unit: *id001
#         value: 360.0
#     radial_velocity:
#       __class__: astropy.units.quantity.Quantity
#       unit: !astropy.units.Unit {unit: km / s}
#       value: !astropy.table.SerializedColumn {name: radial_velocity}
# schema: astropy-2.0
ra,dec,distance,pm_ra_cosdec,pm_dec,radial_velocity
[from data line 138]
242.40878658859438,-6.819195128249744,8.333333333333334,-5.654310975059351,-4.51889971554802,9.683882199353189e-14
242.41894920762613,-6.818951931916714,8.333333333333336,-5.663084978407294,-4.516813386708422,3.789345208442552e-14
242.42910999229107,-6.818721509442812,8.333333333333334,-5.67187533729585,-4.514719669378262,-1.0104920555846805e-13
242.43926897595009,-6.818503629189756,8.333333333333334,-5.6806824005679,-4.512619535883537,8.841805486365955e-14
242.44942619137362,-6.818298063583882,8.333333333333336,-5.689506504258416,-4.510513942280446,1.0104920555846805e-13
242.4595816707451,-6.818104589090517,8.333333333333334,-5.698347971687492,-4.508403828446196,1.8104649329225526e-13
242.46973544566526,-6.817922986188358,8.333333333333334,-5.707207113553325,-4.506290118169778,-8.420767129872338e-15
242.47988754715593,-6.817753039343934,8.333333333333334,-5.716084228025217,-4.504173719242795,-8.420767129872338e-14
242.49003800566436,-6.817594536985975,8.333333333333334,-5.724979600836544,-4.502055523550282,1.9788802755199994e-13
242.5001868510672,-6.8174472714797965,8.333333333333336,-5.733893505377729,-4.499936407161541,-9.262843842859572e-14
242.51033411267414,-6.817311039101751,8.333333333333334,-5.742826202789197,-4.497817230420977,8.841805486365955e-14
242.5204798192325,-6.817185640013598,8.333333333333334,-5.751777942054294,-4.495698838038969,5.4734986344170195e-14
242.53062399893076,-6.817070878236921,8.333333333333334,-5.760748960092247,-4.493582059182726,-3.789345208442552e-14
242.5407666794027,-6.816966561627497,8.333333333333334,-5.769739481851074,-4.491467707567179,-4.210383564936169e-15
242.55090788773163,-6.8168725018497485,8.333333333333336,-5.778749720400476,-4.4893565815458585,4.210383564936169e-14
242.56104765045413,-6.816788514351119,8.333333333333334,-5.787779877024746,-4.487249464201807,-9.262843842859572e-14
242.57118599356397,-6.816714418336446,8.333333333333334,-5.796830141315647,-4.48514712343849,2.5262301389617013e-14
242.58132294251646,-6.816650036742406,8.333333333333336,-5.8059006912652915,-4.483050312070716,1.2631150694808506e-14
242.59145852223224,-6.816595196211904,8.333333333333334,-5.814991693358996,-4.480959767915589,3.368306851948935e-14
242.60159275710103,-6.816549727068437,8.333333333333334,-5.824103302668122,-4.478876213883428,1.7262572616238293e-13
242.6117256709861,-6.816513463290533,8.333333333333336,-5.83323566294293,-4.476800358068752,8.420767129872338e-15
242.62185728722787,-6.816486242486144,8.333333333333334,-5.8423889067054,-4.4747328938412405,-9.683882199353189e-14
242.63198762864783,-6.816467905867011,8.333333333333334,-5.851563155342045,-4.472674499936704,-1.3052189051302125e-13
242.64211671755297,-6.816458298223095,8.333333333333336,-5.8607585191967155,-4.470625840548092,-7.157652060391487e-14
242.6522445757393,-6.816457267896966,8.333333333333336,-5.869975097663394,-4.46858756541649,2.1051917824680846e-14
242.66237122449613,-6.816464666758194,8.333333333333334,-5.879212979278973,-4.466560309922137,2.5262301389617013e-14
242.67249668460957,-6.816480350177731,8.333333333333334,-5.888472241816036,-4.464544695175436,4.210383564936169e-14
242.68262097636702,-6.816504177002334,8.333333333333332,-5.897752952375608,-4.462541328108018,1.8525687685719145e-13
242.69274411956104,-6.81653600952895,8.333333333333336,-5.907055167479892,-4.460550801563761,-6.73661370389787e-14
242.70286613349268,-6.816575713479082,8.333333333333334,-5.916378933165054,-4.458573694389871,2.1051917824680846e-14
242.7129870369763,-6.816623157973235,8.333333333333334,-5.925724285073885,-4.456610571527938,-6.315575347404254e-14
242.72310684834306,-6.81667821550527,8.333333333333334,-5.935091248548568,-4.454661984105029,-3.368306851948935e-14
242.73322558544476,-6.816740761916795,8.333333333333334,-5.944479838723362,-4.452728469524766,0.0
242.74334326565813,-6.816810676371588,8.333333333333334,-5.953890060617287,-4.450810551558442,-7.578690416885104e-14
242.7534599058884,-6.8168878413299705,8.333333333333334,-5.963321909226834,-4.448908740436128,6.315575347404254e-14
242.76357552257352,-6.816972142523181,8.333333333333334,-5.972775369618614,-4.447023532937803,9.262843842859572e-14
242.77369013168789,-6.817063468927799,8.333333333333336,-5.9822504170220245,-4.445155412484483,4.210383564936169e-14
242.7838037487464,-6.8171617127401225,8.333333333333336,-5.991747016921914,-4.44330484922938,1.8525687685719145e-13
242.79391638880844,-6.817266769350556,8.333333333333336,-6.0012651251512,-4.441472300149052,1.3894265764289357e-13
242.80402806648144,-6.817378537317981,8.333333333333337,-6.0108046879835175,-4.439658209134576,-6.73661370389787e-14
242.81413879592515,-6.8174969183441885,8.333333333333336,-6.020365642225826,-4.437863007082726,-1.0104920555846805e-13
242.82424859085546,-6.817621817248239,8.333333333333334,-6.029947915311029,-4.436087111987166,7.578690416885104e-14
242.8343574645483,-6.817753141940836,8.333333333333337,-6.0395514253905445,-4.434330929029653,7.578690416885104e-14
242.84446542984355,-6.81789080339876,8.333333333333336,-6.049176081426934,-4.432594850671262,4.210383564936169e-15
242.85457249914884,-6.818034715639222,8.333333333333336,-6.058821783286438,-4.430879256743588,2.1051917824680846e-14
242.86467868444353,-6.818184795694235,8.333333333333336,-6.068488421831566,-4.429184514540001,-5.4734986344170195e-14
242.87478399728263,-6.818340963585051,8.333333333333336,-6.078175879013638,-4.427510978906884,1.9788802755199994e-13
242.88488844880084,-6.818503142296514,8.333333333333336,-6.0878840279653375,-4.425858992334901,1.9367764398706378e-13
242.894992049716,-6.818671257751432,8.333333333333336,-6.097612733093233,-4.424228885050254,1.347322740779574e-13
242.90509481033337,-6.818845238784999,8.333333333333337,-6.107361850170317,-4.422620975105971,-3.789345208442552e-14
242.91519674054936,-6.819025017119158,8.333333333333336,-6.117131226428502,-4.4210355684732,-7.157652060391487e-14
242.92529784985553,-6.819210527336993,8.333333333333336,-6.126920700651134,-4.419472959132504,-8.841805486365955e-14
242.93539814734214,-6.819401706857084,8.333333333333337,-6.13673010326547,-4.4179334291651795,-9.262843842859572e-14
242.94549764170247,-6.81959849590794,8.333333333333336,-6.146559256435178,-4.416417248844585,4.210383564936169e-14
242.95559634123657,-6.81980083750236,8.333333333333336,-6.156407974152784,-4.41492467672747,5.4734986344170195e-14
242.9656942538547,-6.820008677411779,8.333333333333336,-6.166276062332145,-4.413455959745327,-1.1789073981821273e-13
242.97579138708167,-6.820221964140718,8.333333333333334,-6.176163318900902,-4.412011333295749,-2.1051917824680846e-14
242.98588774806072,-6.82044064890112,8.333333333333336,-6.18606953389289,-4.410591021333798,7.999728773378721e-14
242.99598334355696,-6.8206646855867215,8.333333333333337,-6.195994489540609,-4.409195236463386,-1.3052189051302125e-13
243.0060781799616,-6.82089403074748,8.333333333333336,-6.205937960367604,-4.407824180028676,2.1051917824680846e-14
243.01617226329574,-6.821128643563925,8.333333333333337,-6.215899713280884,-4.406478042205467,2.947268495455318e-14
243.026265599214,-6.821368485821513,8.333333333333336,-6.225879507663322,-4.405157002092623,0.0
243.03635819300862,-6.821613521885068,8.333333333333336,-6.235877095466032,-4.403861227803496,3.789345208442552e-14
243.04645004961318,-6.821863718673106,8.333333333333336,-6.245892221300747,-4.402590876557362,4.210383564936169e-14
243.05654117360658,-6.822119045632246,8.333333333333337,-6.255924622532181,-4.401346094770864,-9.683882199353189e-14
243.06663156921633,-6.822379474711557,8.333333333333336,-6.265974029370395,-4.40012701814948,1.3894265764289357e-13
243.07672124032337,-6.822644980336972,8.333333333333336,-6.276040164963108,-4.398933771778993,6.73661370389787e-14
243.086810190465,-6.822915539385652,8.333333333333336,-6.286122745488065,-4.397766470216965,8.420767129872338e-15
243.09689842283902,-6.8231911311603275,8.333333333333337,-6.296221480245337,-4.396625217584231,7.578690416885104e-14
243.10698594030774,-6.823471737363741,8.333333333333336,-6.306336071749643,-4.395510107656423,2.947268495455318e-14
243.11707274540157,-6.823757342072971,8.333333333333336,-6.316466215822631,-4.394421223955456,8.420767129872338e-15
243.1271588403228,-6.8240479317138165,8.333333333333336,-6.326611601685194,-4.393358639841081,2.1051917824680846e-14
243.1372442269496,-6.8243434950351896,8.333333333333336,-6.336771912049727,-4.392322418602402,-2.947268495455318e-14
243.14732890683976,-6.824644023083485,8.333333333333336,-6.346946823212409,-4.391312613549445,2.020984111169361e-13
243.15741288123445,-6.824949509176923,8.333333333333337,-6.35713600514545,-4.390329268104711,8.841805486365955e-14
243.16749615106195,-6.825259948879976,8.333333333333334,-6.367339121589356,-4.389372415894751,1.0525958912340423e-13
243.17757871694178,-6.825575339977699,8.333333333333336,-6.377555830145132,-4.388442080841738,-1.0946997268834039e-13
243.18766057918808,-6.82589568245013,8.333333333333336,-6.387785782366546,-4.387538277255083,-1.3894265764289357e-13
243.19774173781352,-6.8262209784466235,8.333333333333336,-6.398028623852314,-4.386661009923029,-1.515738083377021e-13
243.20782219253334,-6.826551232260274,8.333333333333334,-6.408283994338326,-4.38581027420427,-1.0946997268834039e-13
243.21790194276898,-6.826886450302262,8.333333333333337,-6.418551527789818,-4.384986056119589,1.0946997268834039e-13
243.22798098765173,-6.827226641076196,8.333333333333337,-6.428830852493574,-4.384188332443489,-2.5262301389617013e-14
243.23805932602662,-6.827571815152539,8.333333333333336,-6.43912159115009,-4.383417070795852,-1.3052189051302125e-13
243.24813695645625,-6.827921985142952,8.333333333333337,-6.44942336096573,-4.382672229733605,1.2631150694808508e-13
243.25821387722453,-6.8282771656746375,8.333333333333336,-6.459735773744887,-4.381953758842392,7.578690416885104e-14
243.2682900863404,-6.828637373364757,8.333333333333334,-6.470058435982115,-4.381261598828257,1.5999457546757442e-13
243.27836558154178,-6.829002626794774,8.333333333333336,-6.480390948954257,-4.380595681609357,-8.420767129872338e-15
243.28844036029886,-6.829372946484805,8.333333333333337,-6.49073290881257,-4.3799559304076565,1.642049590325106e-13
243.29851441981856,-6.829748354868034,8.333333333333336,-6.5010839066748325,-4.379342259840672,1.0946997268834039e-13
243.30858775704775,-6.830128876265033,8.333333333333336,-6.511443528717426,-4.378754576013173,1.4736342477276593e-13
243.3186603686773,-6.830514536858169,8.333333333333336,-6.521811356267444,-4.378192776608959,5.4734986344170195e-14
243.3287322511455,-6.830905364665919,8.333333333333334,-6.532186965894748,-4.377656750982594,-3.789345208442552e-14
243.33880340064215,-6.831301389517298,8.333333333333337,-6.54256992950403,-4.37714638025119,2.5262301389617013e-14
243.34887381311233,-6.831702643026184,8.333333333333336,-6.552959814426891,-4.376661537386186,1.6841534259744676e-14
243.3589434842597,-6.832109158565681,8.333333333333336,-6.563356183513856,-4.376202087305123,5.4734986344170195e-14
243.36901240955075,-6.832520971242509,8.333333333333336,-6.573758595226409,-4.375767886963472,6.315575347404254e-14
243.37908058421834,-6.832938117871362,8.333333333333336,-6.584166603729029,-4.3753587854464335,3.368306851948935e-14
243.3891480032652,-6.83336063694924,8.333333333333336,-6.594579758981182,-4.374974624060769,-2.1051917824680846e-14
243.39921466146808,-6.833788568629862,8.333333333333336,-6.604997606829333,-4.374615236426638,-8.420767129872338e-14
243.40928055338122,-6.834221954697997,8.333333333333336,-6.615419689098918,-4.374280448569451,-8.420767129872338e-15
243.41934567334008,-6.83466083854382,8.333333333333336,-6.625845543686339,-4.37397007901173,4.210383564936169e-14
243.42941001546515,-6.835105265137309,8.333333333333337,-6.636274704650912,-4.373683938864989,2.1051917824680846e-14
243.43947357366565,-6.835555281002571,8.333333333333336,-6.646706702306836,-4.373421831921605,7.999728773378721e-14
243.4495363416433,-6.836010934192234,8.333333333333337,-6.6571410633151205,-4.373183554746731,-8.420767129872338e-15
243.45959831289565,-6.836472274261763,8.333333333333337,-6.667577310775538,-4.372968896770195,2.5262301389617013e-14
243.4696594807204,-6.836939352243874,8.333333333333337,-6.678014964318523,-4.37277764037843,6.315575347404254e-14
243.4797198382188,-6.837412220622868,8.333333333333337,-6.688453540197099,-4.372609561006399,-9.683882199353189e-14
243.48977937829898,-6.837890933308968,8.333333333333336,-6.698892551378771,-4.372464427229544,1.642049590325106e-13
243.49983809368055,-6.838375545612726,8.333333333333336,-6.7093315076374145,-4.372342000855739,-7.999728773378721e-14
243.50989597689733,-6.83886611421935,8.333333333333337,-6.719769915645145,-4.372242037017262,1.515738083377021e-13
243.51995302030173,-6.839362697163055,8.333333333333337,-6.730207279064195,-4.372164284262782,3.789345208442552e-14
243.53000921606804,-6.839865353801448,8.333333333333336,-6.74064309863877,-4.372108484649334,-4.210383564936169e-14
243.54006455619634,-6.840374144789878,8.333333333333336,-6.751076872286878,-4.37207437383434,1.5578419190263825e-13
243.5501190325161,-6.840889132055759,8.333333333333334,-6.761508095192163,-4.372061681167619,-6.315575347404254e-14
243.56017263668977,-6.841410378772979,8.333333333333336,-6.771936259895742,-4.372070129783406,1.1789073981821273e-13
243.5702253602167,-6.84193794933622,8.333333333333336,-6.782360856388005,-4.372099436692409,2.2736071250655313e-13
243.5802771944367,-6.842471909335336,8.333333333333336,-6.792781372200403,-4.3721493128738524,1.1368035625327657e-13
243.59032813053335,-6.843012325529664,8.333333333333336,-6.803197292497255,-4.372219463367537,-3.368306851948935e-14
243.60037815953828,-6.843559265822442,8.333333333333334,-6.813608100167503,-4.37230958736592,3.368306851948935e-14
243.6104272723345,-6.84411279923513,8.333333333333336,-6.824013275916495,-4.372419378306205,1.3052189051302125e-13
243.62047545966004,-6.8446729958817345,8.333333333333336,-6.834412298357726,-4.372548523962439,-1.2631150694808506e-14
243.63052271211168,-6.845239926943225,8.333333333333334,-6.844804644104589,-4.372696706537621,7.578690416885104e-14
243.6405690201487,-6.845813664641844,8.333333333333336,-6.855189787862095,-4.372863602755835,5.4734986344170195e-14
243.65061437409616,-6.846394282215457,8.333333333333336,-6.865567202518596,-4.373048883954377,3.789345208442552e-14
243.66065876414913,-6.846981853891929,8.333333333333336,-6.875936359237504,-4.373252216175906,6.315575347404254e-14
243.67070218037586,-6.84757645486347,8.333333333333336,-6.88629672754897,-4.373473260260609,2.020984111169361e-13
243.68074461272155,-6.848178161260954,8.333333333333334,-6.896647775441576,-4.373711671938356,6.73661370389787e-14
243.690786051012,-6.8487870501283155,8.333333333333334,-6.90698896945401,-4.373967101920906,1.9788802755199994e-13
243.70082648495742,-6.8494031993968765,8.333333333333334,-6.91731977476673,-4.374239195994092,5.894536990910637e-14
243.71086590415575,-6.850026687859706,8.333333333333332,-6.927639655293612,-4.374527595110027,-8.420767129872338e-15
243.7209042980964,-6.850657595145932,8.333333333333334,-6.937948073773586,-4.37483193547932,3.368306851948935e-14
243.73094165616408,-6.851296001695149,8.333333333333332,-6.948244491862271,-4.375151848663334,-7.157652060391487e-14
243.74097796764215,-6.851941988731737,8.333333333333336,-6.958528370223578,-4.375486961666389,-5.0524602779234026e-14
243.75101322171628,-6.8525956382391815,8.333333333333332,-6.968799168621341,-4.375836897028058,-6.73661370389787e-14
243.7610474074782,-6.853257032934482,8.333333333333332,-6.979056346010873,-4.376201272915408,-3.368306851948935e-14
243.77108051392935,-6.853926256242453,8.333333333333334,-6.989299360630578,-4.376579703215293,1.2631150694808506e-14
243.78111252998409,-6.854603392270074,8.333333333333334,-6.999527670093515,-4.376971797626648,6.73661370389787e-14
