galstreams/tracks/track.st.C-7.ibata2021.ecsv
# %ECSV 0.9
# ---
# datatype:
# - {name: ra, unit: deg, datatype: float64}
# - {name: dec, unit: deg, datatype: float64}
# - {name: distance, unit: kpc, datatype: float64}
# - {name: pm_ra_cosdec, unit: mas / yr, datatype: float64}
# - {name: pm_dec, unit: mas / yr, datatype: float64}
# - {name: radial_velocity, unit: km / s, datatype: float64}
# delimiter: ','
# meta: !!omap
# - __serialized_columns__:
#     dec:
#       __class__: astropy.coordinates.angles.Latitude
#       unit: &id001 !astropy.units.Unit {unit: deg}
#       value: !astropy.table.SerializedColumn {name: dec}
#     distance:
#       __class__: astropy.coordinates.distances.Distance
#       unit: !astropy.units.Unit {unit: kpc}
#       value: !astropy.table.SerializedColumn {name: distance}
#     pm_dec:
#       __class__: astropy.units.quantity.Quantity
#       unit: !astropy.units.Unit {unit: mas / yr}
#       value: !astropy.table.SerializedColumn {name: pm_dec}
#     pm_ra_cosdec:
#       __class__: astropy.units.quantity.Quantity
#       unit: !astropy.units.Unit {unit: mas / yr}
#       value: !astropy.table.SerializedColumn {name: pm_ra_cosdec}
#     ra:
#       __class__: astropy.coordinates.angles.Longitude
#       unit: *id001
#       value: !astropy.table.SerializedColumn {name: ra}
#       wrap_angle: !astropy.coordinates.Angle
#         unit: *id001
#         value: 360.0
#     radial_velocity:
#       __class__: astropy.units.quantity.Quantity
#       unit: !astropy.units.Unit {unit: km / s}
#       value: !astropy.table.SerializedColumn {name: radial_velocity}
# schema: astropy-2.0
ra,dec,distance,pm_ra_cosdec,pm_dec,radial_velocity
[from data line 1098]
287.85287859202293,-49.990351241691634,5.703263494740029,-13.653999849756124,-12.567190510300687,2.020984111169361e-13
287.86709187329177,-49.98628421684622,5.703384630367044,-13.651526956840492,-12.57118287270178,3.368306851948935e-14
287.8813025482927,-49.98221516806078,5.70350628590205,-13.649052766281612,-12.575173243565567,1.6841534259744677e-13
287.8955106164659,-49.97814409583371,5.70362846027682,-13.646577279171108,-12.579161619986854,0.0
287.9097160772523,-49.97407100066361,5.703751152423133,-13.644100496602137,-12.583147999061236,-3.368306851948935e-14
287.9239189300941,-49.969995883049144,5.703874361272764,-13.641622419669309,-12.587132377885249,1.0104920555846805e-13
287.93811917443463,-49.96591874348904,5.70399808575748,-13.639143049468707,-12.591114753556326,3.368306851948935e-14
287.9523168097184,-49.96183958248206,5.704122324809063,-13.636662387097886,-12.595095123172783,2.020984111169361e-13
287.9665118353911,-49.95775840052711,5.704247077359284,-13.634180433655853,-12.599073483833854,3.368306851948935e-14
287.9807042508993,-49.95367519812315,5.704372342339918,-13.631697190243141,-12.6030498326396,2.020984111169361e-13
287.994894055691,-49.94958997576926,5.704498118682742,-13.629212657961675,-12.607024166691037,3.368306851948935e-14
288.0090812492154,-49.94550273396452,5.704624405319527,-13.626726837914875,-12.610996483090084,-3.368306851948935e-14
288.02326583092247,-49.94141347320814,5.70475120118205,-13.624239731207647,-12.6149667789395,1.347322740779574e-13
288.03744780026364,-49.9373221939994,5.7048785052020845,-13.621751338946313,-12.618935051342977,1.6841534259744677e-13
288.0516271566913,-49.933228896837704,5.705006316311406,-13.619261662238683,-12.622901297405086,3.368306851948935e-14
288.0658038996592,-49.92913358222241,5.705134633441786,-13.616770702194014,-12.626865514231326,0.0
288.0799780286219,-49.92503625065307,5.705263455525004,-13.61427845992302,-12.630827698928034,1.6841534259744677e-13
288.0941495430354,-49.920936902629286,5.70539278149283,-13.611784936537862,-12.634787848602514,1.6841534259744677e-13
288.1083184423567,-49.91683553865072,5.705522610277039,-13.609290133152166,-12.638745960362908,-1.0104920555846805e-13
288.1224847260439,-49.912732159217114,5.705652940809411,-13.606794050880962,-12.642702031318276,-3.368306851948935e-14
288.13664839355636,-49.90862676482826,5.7057837720217135,-13.6042966908408,-12.646656058578582,1.0104920555846805e-13
288.1508094443545,-49.90451935598408,5.705915102845728,-13.601798054149608,-12.65060803925469,0.0
288.1649678778997,-49.90040993318456,5.706046932213221,-13.599298141926814,-12.654557970458335,0.0
288.1791236936549,-49.8962984969297,5.706179259055971,-13.596796955293241,-12.658505849302191,3.368306851948935e-14
288.1932768910839,-49.89218504771966,5.706312082305755,-13.594294495371157,-12.66245167289981,0.0
288.20742746965146,-49.88806958605462,5.706445400894345,-13.591790763284294,-12.666395438365623,1.0104920555846805e-13
288.22157542882377,-49.883952112434876,5.706579213753514,-13.589285760157825,-12.670337142814988,3.368306851948935e-14
288.2357207680682,-49.87983262736071,5.706713519815041,-13.586779487118292,-12.67427678336417,3.368306851948935e-14
288.249863486853,-49.8757111313326,5.706848318010697,-13.584271945293754,-12.678214357130312,3.368306851948935e-14
288.2640035846476,-49.87158762485101,5.706983607272257,-13.581763135813638,-12.682149861231457,1.0104920555846805e-13
288.2781410609226,-49.867462108416525,5.707119386531496,-13.579253059808858,-12.686083292786549,3.368306851948935e-14
288.29227591514996,-49.86333458252975,5.707255654720188,-13.576741718411675,-12.690014648915461,1.347322740779574e-13
288.3064081468024,-49.85920504769141,5.70739241077011,-13.574229112755837,-12.693943926738946,3.368306851948935e-14
288.320537755354,-49.85507350440228,5.707529653613032,-13.571715243976504,-12.697871123378643,-3.368306851948935e-14
288.3346647402797,-49.85093995316325,5.707667382180735,-13.56920011321027,-12.70179623595709,1.6841534259744677e-13
288.34878910105607,-49.84680439447517,5.707805595404986,-13.56668372159507,-12.7057192615978,-6.73661370389787e-14
288.36291083716037,-49.8426668288391,5.707944292217566,-13.564166070270359,-12.709640197425099,-6.73661370389787e-14
288.3770299480711,-49.83852725675607,5.708083471550245,-13.56164716037696,-12.713559040564245,3.368306851948935e-14
288.39114643326786,-49.83438567872727,5.708223132334801,-13.55912699305712,-12.717475788141407,3.368306851948935e-14
288.40526029223156,-49.83024209525384,5.708363273503005,-13.556605569454472,-12.72139043728368,3.368306851948935e-14
288.41937152444405,-49.826096506837075,5.708503893986635,-13.554082890714085,-12.725302985119022,-6.73661370389787e-14
288.43348012938833,-49.82194891397835,5.708644992717464,-13.55155895798243,-12.72921342877629,1.347322740779574e-13
288.4475861065485,-49.81779931717908,5.708786568627267,-13.549033772407395,-12.733121765385292,0.0
288.46168945541,-49.81364771694071,5.708928620647816,-13.546507335138251,-12.737027992076708,3.368306851948935e-14
288.4757901754591,-49.80949411376481,5.7090711477108895,-13.54397964732568,-12.740932105982125,1.347322740779574e-13
288.4898882661834,-49.80533850815302,5.709214148748259,-13.541450710121776,-12.744834104234045,6.73661370389787e-14
288.5039837270714,-49.801180900607044,5.7093576226917016,-13.538920524680027,-12.74873398396584,1.347322740779574e-13
288.5180765576131,-49.797021291628596,5.709501568472992,-13.53638909215529,-12.752631742311863,1.0104920555846805e-13
288.53216675729925,-49.79285968171951,5.7096459850239,-13.533856413703862,-12.756527376407297,-3.368306851948935e-14
288.5462543256218,-49.78869607138169,5.709790871276205,-13.531322490483422,-12.760420883388257,1.0104920555846805e-13
288.560339262074,-49.78453046111715,5.70993622616168,-13.52878732365302,-12.764312260391762,1.347322740779574e-13
288.5744215661501,-49.78036285142782,5.7100820486121,-13.526250914373101,-12.768201504555776,1.6841534259744677e-13
288.5885012373455,-49.77619324281583,5.710228337559238,-13.523713263805515,-12.772088613019125,-3.368306851948935e-14
288.6025782751565,-49.77202163578334,5.71037509193487,-13.521174373113487,-12.77597358292152,1.347322740779574e-13
288.61665267908086,-49.76784803083261,5.710522310670771,-13.518634243461628,-12.779856411403642,0.0
288.6307244486173,-49.763672428465874,5.710669992698714,-13.516092876015925,-12.783737095607059,-6.73661370389787e-14
288.64479358326565,-49.75949482918551,5.710818136950475,-13.513550271943767,-12.787615632674214,6.73661370389787e-14
288.6588600825269,-49.755315233493945,5.710966742357828,-13.511006432413883,-12.79149201974851,3.368306851948935e-14
288.672923945903,-49.751133641893674,5.711115807852546,-13.508461358596438,-12.795366253974189,1.347322740779574e-13
288.6869851728974,-49.7469500548872,5.711265332366404,-13.505915051662894,-12.799238332496493,-3.368306851948935e-14
288.7010437630141,-49.742764472977164,5.71141531483118,-13.503367512786156,-12.803108252461495,1.0104920555846805e-13
288.7150997157588,-49.738576896666224,5.711565754178644,-13.50081874314047,-12.806976011016213,6.73661370389787e-14
288.7291530306378,-49.734387326457174,5.711716649340575,-13.49826874390146,-12.810841605308548,6.73661370389787e-14
288.74320370715895,-49.730195762852745,5.711867999248744,-13.495717516246094,-12.814705032487371,3.368306851948935e-14
288.7572517448309,-49.72600220635582,5.712019802834926,-13.493165061352745,-12.818566289702382,1.347322740779574e-13
288.7712971431636,-49.721806657469344,5.7121720590308955,-13.490611380401115,-12.822425374104265,3.368306851948935e-14
288.7853399016679,-49.7176091166963,5.71232476676843,-13.488056474572312,-12.826282282844533,6.73661370389787e-14
288.7993800198561,-49.71340958453974,5.712477924979302,-13.485500345048742,-12.8301370130757,1.347322740779574e-13
288.81341749724123,-49.70920806150274,5.7126315325952834,-13.482942993014213,-12.833989561951132,6.73661370389787e-14
288.8274523333378,-49.70500454808853,5.712785588548155,-13.480384419653888,-12.837839926625126,3.368306851948935e-14
288.841484527661,-49.70079904480033,5.712940091769682,-13.477824626154296,-12.841688104252867,6.73661370389787e-14
288.85551407972764,-49.69659155214138,5.713095041191648,-13.475263613703262,-12.845534091990494,3.368306851948935e-14
288.8695409890552,-49.69238207061509,5.7132504357458265,-13.472701383490017,-12.849377886995025,-3.368306851948935e-14
288.88356525516247,-49.68817060072484,5.713406274363986,-13.470137936705152,-12.853219486424399,0.0
288.8975868775693,-49.68395714297416,5.713562555977905,-13.467573274540554,-12.85705888743745,0.0
288.91160585579667,-49.679741697866504,5.713719279519358,-13.46500739818949,-12.860896087193964,2.020984111169361e-13
288.9256221893668,-49.6755242659055,5.713876443920118,-13.462440308846558,-12.864731082854625,-3.368306851948935e-14
288.9396358778027,-49.67130484759481,5.714034048111964,-13.459872007707695,-12.868563871580996,0.0
288.95364692062867,-49.66708344343816,5.714192091026666,-13.457302495970211,-12.872394450535573,3.368306851948935e-14
288.9676553173702,-49.662860053939255,5.714350571595998,-13.454731774832716,-12.876222816881807,3.368306851948935e-14
288.9816610675538,-49.65863467960197,5.714509488751741,-13.452159845495167,-12.880048967784003,-3.368306851948935e-14
288.9956641707069,-49.65440732093016,5.714668841425662,-13.449586709158867,-12.883872900407399,1.347322740779574e-13
289.0096646263584,-49.650177978427806,5.7148286285495375,-13.44701236702646,-12.887694611918164,3.368306851948935e-14
289.02366243403804,-49.645946652598845,5.714988849055144,-13.444436820301886,-12.89151409948336,1.347322740779574e-13
289.03765759327683,-49.64171334394735,5.715149501874255,-13.441860070190433,-12.895331360270987,0.0
289.0516501036066,-49.637478052977464,5.715310585938646,-13.439282117898724,-12.899146391449928,-6.73661370389787e-14
289.06563996456055,-49.63324078019334,5.715472100180092,-13.436702964634733,-12.902959190189973,6.73661370389787e-14
289.07962717567295,-49.62900152609915,5.715634043530364,-13.43412261160769,-12.906769753661905,3.368306851948935e-14
289.0936117364791,-49.62476029119924,5.71579641492124,-13.431541060028186,-12.910578079037338,3.368306851948935e-14
289.1075936465154,-49.620517075997874,5.715959213284492,-13.428958311108156,-12.914384163488833,6.73661370389787e-14
289.1215729053192,-49.616271880999506,5.716122437551897,-13.426374366060838,-12.918188004189847,6.73661370389787e-14
289.13554951242946,-49.612024706708524,5.716286086655227,-13.423789226100732,-12.921989598314806,6.73661370389787e-14
289.1495234673857,-49.60777555362944,5.716450159526262,-13.421202892443738,-12.925788943038997,6.73661370389787e-14
289.1634947697287,-49.6035244222668,5.716614655096768,-13.418615366307012,-12.929586035538648,3.368306851948935e-14
289.17746341900033,-49.599271313125236,5.7167795722985275,-13.416026648909073,-12.933380872990877,3.368306851948935e-14
289.1914294147437,-49.59501622670936,5.716944910063311,-13.413436741469669,-12.937173452573763,6.73661370389787e-14
289.20539275650293,-49.59075916352389,5.717110667322892,-13.410845645209935,-12.940963771466272,0.0
289.21935344382314,-49.586500124073616,5.7172768430090475,-13.408253361352273,-12.944751826848286,1.347322740779574e-13
289.23331147625055,-49.58223910886333,5.717443436053552,-13.4056598911204,-12.948537615900605,-6.73661370389787e-14
289.2472668533327,-49.5779761183979,5.717610445388179,-13.403065235739335,-12.952321135804961,1.347322740779574e-13
289.261219574618,-49.573711153182224,5.717777869944705,-13.40046939643537,-12.956102383744009,-1.0104920555846805e-13
289.275169639656,-49.5694442137213,5.7179457086549,-13.397872374436153,-12.959881356901274,6.73661370389787e-14
289.2891170479973,-49.56517530052017,5.718113960450545,-13.39527417097059,-12.963658052461241,-6.73661370389787e-14
289.30306179919376,-49.56090441408384,5.718282624263407,-13.392674787268868,-12.967432467609319,0.0
289.31700389279814,-49.55663155491748,5.718451699025268,-13.390074224562508,-12.971204599531802,6.73661370389787e-14
289.3309433283644,-49.55235672352625,5.718621183667897,-13.387472484084302,-12.974974445415935,6.73661370389787e-14
289.3448801054476,-49.54807992041539,5.718791077123073,-13.384869567068327,-12.978742002449831,1.0104920555846805e-13
289.3588142236038,-49.54380114609014,5.718961378322566,-13.38226547474994,-12.982507267822605,0.0
289.3727456823903,-49.53952040105584,5.7191320861981545,-13.379660208365811,-12.986270238724208,0.0
289.3866744813652,-49.535237685817854,5.719303199681611,-13.377053769153886,-12.990030912345546,1.347322740779574e-13
289.400600620088,-49.530953000881624,5.71947471770471,-13.374446158353393,-12.993789285878442,1.347322740779574e-13
289.41452409811916,-49.52666634675259,5.719646639199226,-13.371837377204814,-12.997545356515651,2.020984111169361e-13
289.4284449150203,-49.52237772393627,5.719818963096936,-13.36922742694993,-13.001299121450835,6.73661370389787e-14
289.44236307035396,-49.518087132938255,5.719991688329611,-13.366616308831818,-13.00505057787856,6.73661370389787e-14
289.4562785636837,-49.513794574264146,5.720164813829027,-13.36400402409482,-13.008799722994318,-6.73661370389787e-14
289.47019139457467,-49.509500048419596,5.720338338526959,-13.361390573984526,-13.012546553994547,1.6841534259744677e-13
289.48410156259257,-49.5052035559103,5.72051226135518,-13.358775959747812,-13.01629106807659,6.73661370389787e-14
289.49800906730434,-49.50090509724203,5.720686581245467,-13.356160182632848,-13.020033262438695,1.0104920555846805e-13
289.5119139082781,-49.49660467292062,5.720861297129594,-13.35354324388904,-13.023773134280034,-6.73661370389787e-14
289.52581608508297,-49.492302283451856,5.7210364079393345,-13.350925144767078,-13.027510680800722,2.020984111169361e-13
289.5397155972892,-49.48799792934164,5.721211912606464,-13.348305886518895,-13.031245899201787,3.368306851948935e-14
289.5536124444681,-49.48369161109595,5.721387810062754,-13.345685470397715,-13.03497878668516,0.0
289.5675066261919,-49.47938332922075,5.721564099239983,-13.34306389765804,-13.038709340453682,6.73661370389787e-14
289.5813981420343,-49.47507308422205,5.721740779069925,-13.340441169555543,-13.042437557711171,-6.73661370389787e-14
289.59528699156965,-49.470760876605944,5.721917848484351,-13.337817287347262,-13.046163435662319,1.6841534259744677e-13
289.6091731743737,-49.46644670687854,5.722095306415041,-13.3351922522914,-13.04988697151275,6.73661370389787e-14
289.6230566900231,-49.46213057554603,5.722273151793766,-13.332566065647493,-13.053608162468997,-1.0104920555846805e-13
289.6369375380956,-49.45781248311457,5.7224513835523,-13.329938728676279,-13.05732700573855,0.0
289.6508157181701,-49.453492430090456,5.722630000622421,-13.327310242639742,-13.061043498529799,3.368306851948935e-14
289.66469122982653,-49.449170416979946,5.7228090019358975,-13.324680608801152,-13.064757638052043,0.0
289.67856407264577,-49.44484644428942,5.722988386424511,-13.322049828425001,-13.068469421515502,-3.368306851948935e-14
289.6924342462101,-49.440520512525204,5.7231681530200325,-13.31941790277702,-13.072178846131363,-6.73661370389787e-14
289.70630175010257,-49.43619262219375,5.723348300654237,-13.316784833124201,-13.075885909111687,-3.368306851948935e-14
289.7201665839074,-49.43186277380153,5.7235288282589,-13.31415062073476,-13.07959060766947,1.347322740779574e-13
289.73402874720995,-49.42753096785504,5.7237097347657935,-13.311515266878173,-13.08329293901863,6.73661370389787e-14
289.7478882395966,-49.42319720486082,5.723891019106692,-13.308878772825134,-13.086992900374032,1.0104920555846805e-13
289.76174506065473,-49.41886148532545,5.724072680213375,-13.306241139847568,-13.090690488951433,6.73661370389787e-14
289.77559920997294,-49.414523809755586,5.724254717017613,-13.30360236921867,-13.094385701967518,3.368306851948935e-14
289.78945068714074,-49.41018417865791,5.7244371284511795,-13.30096246221284,-13.098078536639884,1.347322740779574e-13
