galstreams/tracks/track.st.NGC2298.ibata2021.ecsv
# %ECSV 1.0
# ---
# datatype:
# - {name: ra, unit: deg, datatype: float64}
# - {name: dec, unit: deg, datatype: float64}
# - {name: distance, unit: kpc, datatype: float64}
# - {name: pm_ra_cosdec, unit: mas / yr, datatype: float64}
# - {name: pm_dec, unit: mas / yr, datatype: float64}
# - {name: radial_velocity, unit: km / s, datatype: float64}
# delimiter: ','
# meta: !!omap
# - __serialized_columns__:
#     dec:
#       __class__: astropy.coordinates.angles.Latitude
#       unit: &id001 !astropy.units.Unit {unit: deg}
#       value: !astropy.table.SerializedColumn {name: dec}
#     distance:
#       __class__: astropy.coordinates.distances.Distance
#       unit: !astropy.units.Unit {unit: kpc}
#       value: !astropy.table.SerializedColumn {name: distance}
#     pm_dec:
#       __class__: astropy.units.quantity.Quantity
#       unit: !astropy.units.Unit {unit: mas / yr}
#       value: !astropy.table.SerializedColumn {name: pm_dec}
#     pm_ra_cosdec:
#       __class__: astropy.units.quantity.Quantity
#       unit: !astropy.units.Unit {unit: mas / yr}
#       value: !astropy.table.SerializedColumn {name: pm_ra_cosdec}
#     ra:
#       __class__: astropy.coordinates.angles.Longitude
#       unit: *id001
#       value: !astropy.table.SerializedColumn {name: ra}
#       wrap_angle: !astropy.coordinates.Angle
#         unit: *id001
#         value: 360.0
#     radial_velocity:
#       __class__: astropy.units.quantity.Quantity
#       unit: !astropy.units.Unit {unit: km / s}
#       value: !astropy.table.SerializedColumn {name: radial_velocity}
# schema: astropy-2.0
ra,dec,distance,pm_ra_cosdec,pm_dec,radial_velocity
[from data line 564]
99.57659714595549,-34.49966664623127,12.501688123899704,3.0088729123124525,-2.1375616913194007,1.6841534259744676e-14
99.58694578507149,-34.504898501577834,12.494902241553058,3.0101043569235193,-2.1376507025806006,-1.6841534259744676e-14
99.59729234809919,-34.51013394152082,12.488110800364803,3.0113374412746343,-2.13773959728691,8.420767129872338e-15
99.60763683948825,-34.51537296237473,12.481313900345368,3.012572140392072,-2.1378283745151774,-8.420767129872338e-15
99.61797926368746,-34.520615560452896,12.474511641505188,3.013808429301895,-2.137917033352388,8.420767129872338e-15
99.6283196251444,-34.525861732067405,12.467704123854698,3.0150462830299447,-2.1380055728956644,0.0
99.63865792830539,-34.531111473528995,12.460891447404338,3.01628567660185,-2.1380939922522684,8.420767129872338e-15
99.64899417761575,-34.53636478114727,12.454073712164535,3.017526585043028,-2.1381822905395937,8.420767129872338e-15
99.65932837751969,-34.54162165123053,12.447251018145723,3.0187689833786924,-2.1382704668851655,-1.6841534259744676e-14
99.66966053246011,-34.546882080085766,12.440423465358338,3.0200128466338434,-2.1383585204266415,0.0
99.679990646879,-34.552146064018864,12.433591153812811,3.021258149833286,-2.1384464503118004,8.420767129872338e-15
99.690318725217,-34.55741359933428,12.426754183519582,3.0225048680016178,-2.138534255698554,0.0
99.70064477191377,-34.56268468233536,12.419912654489083,3.0237529761632453,-2.138621935754931,8.420767129872338e-15
99.7109687914079,-34.56795930932415,12.413066666731751,3.025002449342378,-2.1387094896590804,1.6841534259744676e-14
99.72129078813661,-34.57323747660144,12.406216320258013,3.0262532625630305,-2.1387969165992775,1.6841534259744676e-14
99.7316107665362,-34.57851918046678,12.39936171507831,3.0275053908490346,-2.1388842157739063,2.5262301389617013e-14
99.74192873104188,-34.583804417218516,12.392502951203072,3.02875880922403,-2.138971386391468,8.420767129872338e-15
99.75224468608751,-34.58909318315364,12.385640128642738,3.0300134927114715,-2.139058427670577,2.5262301389617013e-14
99.76255863610604,-34.594385474568,12.378773347407735,3.0312694163346396,-2.1391453388399597,8.420767129872338e-15
99.77287058552918,-34.59968128775615,12.371902707508504,3.032526555116629,-2.1392321191384465,8.420767129872338e-15
99.7831805387876,-34.60498061901141,12.365028308955479,3.0337848840803634,-2.1393187678149763,0.0
99.79348850031081,-34.61028346462585,12.358150251759087,3.0350443782485907,-2.1394052841285967,0.0
99.80379447452724,-34.61558982089032,12.351268635929769,3.03630501264389,-2.139491667348449,2.5262301389617013e-14
99.81409846586412,-34.620899684094375,12.344383561477954,3.037566762288671,-2.139577916753783,1.6841534259744676e-14
99.82440047874766,-34.626213050526374,12.337495128414082,3.0388296022051793,-2.139664031633942,-8.420767129872338e-15
99.83470051760291,-34.631529916473404,12.330603436748587,3.040093507415497,-2.139750011288366,2.5262301389617013e-14
99.84499858685382,-34.636850278221324,12.323708586491897,3.0413584529415494,-2.1398358550265937,0.0
99.85529469092323,-34.64217413205475,12.31681067765445,3.042624413805102,-2.1399215621682517,3.368306851948935e-14
99.86558883423285,-34.64750147425705,12.309909810246685,3.0438913650277653,-2.140007132043059,-8.420767129872338e-15
99.87588102120336,-34.65283230111035,12.303006084279028,3.045159281631003,-2.140092563990825,0.0
99.88617125625419,-34.65816660889554,12.29609959976192,3.0464281386361223,-2.1401778573614436,0.0
99.89645954380383,-34.66350439389227,12.289190456705786,3.0476979110642928,-2.140263011514895,4.210383564936169e-14
99.90674588826954,-34.66884565237894,12.282278755121068,3.048968573936531,-2.1403480258212424,4.210383564936169e-14
99.91703029406754,-34.674190380632716,12.275364595018202,3.0502401022737216,-2.1404328996606323,8.420767129872338e-15
99.92731276561292,-34.67953857492954,12.268448076407614,3.051512471096604,-2.1405176324232866,0.0
99.9375933073197,-34.68489023154409,12.261529299299745,3.0527856554257857,-2.1406022235095072,-8.420767129872338e-15
99.94787192360077,-34.690245346749826,12.254608363705028,3.05405963028174,-2.1406866723296742,3.368306851948935e-14
99.95814861886794,-34.69560391681896,12.247685369633894,3.0553343706848093,-2.1407709783042383,3.368306851948935e-14
99.96842339753191,-34.70096593802247,12.240760417096778,3.056609851655213,-2.140855140863727,0.0
99.9786962640023,-34.7063314066301,12.23383360610412,3.0578860482130366,-2.140939159448732,4.210383564936169e-14
99.9889672226876,-34.711700318910346,12.226905036666349,3.0591629353782515,-2.14102303350992,-1.6841534259744676e-14
99.99923627799528,-34.717072671130474,12.2199748087939,3.060440488170706,-2.1411067625080236,-2.5262301389617013e-14
100.00950343433166,-34.72244845955653,12.213043022497203,3.0617186816101327,-2.1411903459138375,2.5262301389617013e-14
100.01976869610198,-34.7278276804533,12.206109777786702,3.0629974907161466,-2.1412737832082254,-3.368306851948935e-14
100.03003206771038,-34.733210330084354,12.199175174672824,3.0642768905082565,-2.1413570738821095,1.6841534259744676e-14
100.04029355355993,-34.73859640471204,12.192239313166006,3.0655568560058573,-2.1414402174364744,4.210383564936169e-14
100.05055315805262,-34.74398590059741,12.18530229327668,3.0668373622282408,-2.1415232133823645,0.0
100.06081088558933,-34.749378814000366,12.17836421501528,3.068118384194594,-2.1416060612408794,2.5262301389617013e-14
100.07106674056988,-34.75477514117952,12.171425178392242,3.069399896924001,-2.1416887605431745,8.420767129872338e-15
100.08132072739296,-34.760174878392284,12.164485283418003,3.0706818754354512,-2.1417713108304604,8.420767129872338e-15
100.09157285045627,-34.76557802189481,12.15754463010299,3.0719642947478363,-2.1418537116540013,-8.420767129872338e-15
100.10182311415633,-34.77098456794205,12.150603318457643,3.073247129879953,-2.1419359625751087,2.5262301389617013e-14
100.11207152288863,-34.77639451278769,12.143661448492391,3.074530355850513,-2.142018063165148,8.420767129872338e-15
100.12231808104755,-34.78180785268422,12.136719120217677,3.0758139476781334,-2.1421000130055297,-1.6841534259744676e-14
100.13256279302647,-34.787224583882875,12.12977643364393,3.077097880381351,-2.1421818116877116,-8.420767129872338e-15
100.14280566321759,-34.79264470263368,12.122833488781582,3.0783821289786193,-2.1422634588131944,8.420767129872338e-15
100.1530466960121,-34.79806820518542,12.115890385641068,3.079666668488312,-2.142344953993527,4.210383564936169e-14
100.16328589580009,-34.80349508778564,12.108947224232827,3.0809514739287236,-2.142426296850295,-1.6841534259744676e-14
100.17352326697059,-34.808925346680695,12.102004104567285,3.082236520318076,-2.142507487015129,8.420767129872338e-15
100.18375881391158,-34.814358978115656,12.095061126654883,3.0835217826745196,-2.1425885241296934,8.420767129872338e-15
100.19399254100992,-34.81979597833442,12.088118390506054,3.0848072360161343,-2.1426694078456947,8.420767129872338e-15
100.20422445265143,-34.82523634357963,12.081175996131233,3.0860928553609317,-2.142750137824873,3.368306851948935e-14
100.21445455322085,-34.8306800700927,12.07423404354085,3.0873786157268643,-2.1428307137390057,-2.5262301389617013e-14
100.22468284710187,-34.83612715411384,12.067292632745344,3.088664492131819,-2.142911135269901,-8.420767129872338e-15
100.23490933867711,-34.84157759188202,12.060351863755145,3.0899504595936267,-2.142991402109402,-8.420767129872338e-15
100.24513403232812,-34.84703137963498,12.05341183658069,3.091236493130058,-2.1430715139593777,0.0
100.25535693243538,-34.85248851360924,12.046472651232413,3.0925225677588366,-2.143151470531732,2.5262301389617013e-14
100.26557804337831,-34.857948990040086,12.03953440772075,3.0938086584976294,-2.1432312715483928,8.420767129872338e-15
100.27579736953528,-34.86341280516162,12.032597206056128,3.0950947403640603,-2.143310916741317,0.0
100.2860149152836,-34.86887995520667,12.02566114624899,3.0963807883757015,-2.1433904058524855,8.420767129872338e-15
100.29623068499951,-34.87435043640688,12.018726328309764,3.097666777550088,-2.1434697386339048,-1.6841534259744676e-14
100.30644468305819,-34.87982424499264,12.011792852248888,3.0989526829047103,-2.1435489148476026,-2.5262301389617013e-14
100.3166569138338,-34.88530137719316,12.004860818076793,3.1002384794570266,-2.143627934265631,1.6841534259744676e-14
100.32686738169937,-34.89078182923636,11.997930325803916,3.1015241422244535,-2.1437067966700587,-1.6841534259744676e-14
100.33707609102696,-34.89626559734903,11.991001475440694,3.1028096462243786,-2.1437855018529755,2.5262301389617013e-14
100.34728304618751,-34.901752677756654,11.98407436699755,3.1040949664741615,-2.143864049616491,8.420767129872338e-15
100.35748825155098,-34.90724306668355,11.97714910048493,3.105380077991131,-2.1439424397727276,1.6841534259744676e-14
100.3676917114862,-34.9127367603528,11.970225775913262,3.106664955792594,-2.144020672143828,1.6841534259744676e-14
100.37789343036098,-34.91823375498624,11.963304493292986,3.107949574895832,-2.144098746561944,0.0
100.38809341254212,-34.923734046804555,11.95638535263453,3.109233910318113,-2.144176662869246,8.420767129872338e-15
100.39829166239532,-34.92923763202714,11.949468453948333,3.1105179370766844,-2.144254420917914,-3.368306851948935e-14
100.40848818428528,-34.93474450687222,11.942553897244823,3.1118016301887805,-2.1443320205701397,1.6841534259744676e-14
100.41868298257559,-34.94025466755677,11.93564178253444,3.113084964671621,-2.1444094616981224,8.420767129872338e-15
100.42887606162887,-34.945768110296555,11.928732209827615,3.1143679155424238,-2.1444867441840745,-8.420767129872338e-15
100.43906742580666,-34.95128483130617,11.921825279134783,3.1156504578183943,-2.144563867920213,5.894536990910637e-14
100.44925707946943,-34.95680482679891,11.91492109046638,3.116932566516737,-2.144640832808764,2.5262301389617013e-14
100.45944502697668,-34.9623280929869,11.90801974383284,3.1182142166546556,-2.144717638761958,0.0
100.46963127268681,-34.9678546260811,11.901121339244593,3.1194953832493555,-2.144794285702031,-1.6841534259744676e-14
100.47981582095723,-34.97338442229115,11.894225976712077,3.1207760413180425,-2.1448707735612205,3.368306851948935e-14
100.48999867614427,-34.97891747782554,11.887333756245727,3.1220561658779373,-2.1449471022817708,0.0
100.50017984260322,-34.98445378889156,11.880444777855974,3.123335731946262,-2.1450232718159254,1.6841534259744676e-14
100.5103593246884,-34.989993351695226,11.873559141553255,3.1246147145402556,-2.145099282125928,3.368306851948935e-14
100.52053712675301,-34.99553616244139,11.866676947348006,3.125893088677169,-2.1451751331840234,3.368306851948935e-14
100.53071325314927,-35.00108221733369,11.859798295250654,3.1271708293742773,-2.145250824972457,8.420767129872338e-15
100.5408877082284,-35.00663151257452,11.852923285271636,3.128447911648864,-2.1453263574834684,0.0
100.55106049634051,-35.0121840443651,11.846052017421393,3.1297243105182444,-2.145401730719297,3.368306851948935e-14
100.56123162183471,-35.0177398089054,11.83918459171035,3.1310000009997534,-2.145476944692178,3.368306851948935e-14
100.57140108905911,-35.023298802394194,11.832321108148948,3.1322749581107603,-2.145551999424343,8.420767129872338e-15
100.58156890236077,-35.028861021029066,11.82546166674762,3.133549156868657,-2.1456268949480144,-8.420767129872338e-15
100.59173506608572,-35.03442646100637,11.818606367516798,3.134822572290874,-2.1457016313054145,-1.6841534259744676e-14
100.601899584579,-35.039995118521254,11.811755310466912,3.1360951793948786,-2.145776208548753,1.6841534259744676e-14
100.61206246218457,-35.045566989767636,11.804908595608403,3.1373669531981676,-2.1458506267402333,8.420767129872338e-15
100.6222237032454,-35.05114207093827,11.798066322951707,3.1386378687182863,-2.145924885952052,8.420767129872338e-15
100.63238331210344,-35.05672035822467,11.79122859250725,3.139907900972822,-2.145998986266394,-8.420767129872338e-15
100.64254129309961,-35.06230184781714,11.784395504285474,3.141177024979409,-2.1460729277754362,0.0
100.65269765057383,-35.06788653590478,11.77756715829681,3.142445215755726,-2.1461467105813394,-1.6841534259744676e-14
100.66285238886496,-35.0734744186755,11.770743654551689,3.143712448319507,-2.1462203347962623,0.0
100.67300551231091,-35.079065492315976,11.76392509306055,3.144978697688538,-2.146293800542339,0.0
100.68315702524849,-35.0846597530117,11.757111573833825,3.1462439388806636,-2.1463671079517024,4.210383564936169e-14
100.69330693201356,-35.09025719694695,11.750303196881953,3.147508146913781,-2.1464402571664625,-8.420767129872338e-15
100.70345523694094,-35.09585782030478,11.74350006221536,3.1487712968058594,-2.14651324833872,1.6841534259744676e-14
100.71360194436443,-35.10146161926708,11.736702269844484,3.1500333635749236,-2.1465860816305584,0.0
100.72374705861687,-35.107068590014485,11.72990991977976,3.151294322239069,-2.1466587572140456,2.5262301389617013e-14
100.73389058403,-35.112678728726465,11.72312311203162,3.152554147816459,-2.1467312752712346,1.6841534259744676e-14
100.74403252493461,-35.11829203158127,11.716341946610504,3.15381281532533,-2.14680363599416,8.420767129872338e-15
100.7541728856605,-35.123908494755945,11.709566523526842,3.1550702997839917,-2.146875839584838,8.420767129872338e-15
100.76431167053642,-35.12952811442634,11.702796942791068,3.156326576210834,-2.1469478862552704,1.6841534259744676e-14
100.7744488838901,-35.13515088676709,11.696033304413612,3.1575816196243265,-2.1470197762274372,0.0
100.78458453004832,-35.140776807951646,11.689275708404919,3.158835405043013,-2.1470915097332988,1.6841534259744676e-14
100.79471861333681,-35.146405874152244,11.682524254775414,3.1600879074855355,-2.1471630870147975,-1.6841534259744676e-14
100.80485113808034,-35.15203808153989,11.675779043535531,3.1613391019706145,-2.147234508323856,-8.420767129872338e-15
100.81498210860263,-35.157673426284454,11.669040174695713,3.1625889635170616,-2.1473057739223727,5.0524602779234026e-14
100.82511152922642,-35.16331190455455,11.662307748266386,3.163837467143783,-2.1473768840822283,2.5262301389617013e-14
100.83523940427345,-35.16895351251762,11.655581864257988,3.165084587869782,-2.1474478390852814,8.420767129872338e-15
100.84536573806447,-35.17459824633989,11.648862622680952,3.1663303007141557,-2.1475186392233665,2.5262301389617013e-14
100.85549053491923,-35.18024610218639,11.642150123545708,3.1675745806961055,-2.147589284798298,2.5262301389617013e-14
100.86561379915645,-35.185897076220954,11.635444466862701,3.1688174028349314,-2.147659776121864,-1.6841534259744676e-14
100.87573553509391,-35.191551164606224,11.628745752642356,3.170058742150048,-2.147730113515834,0.0
100.88585574704835,-35.197208363503634,11.622054080895108,3.1712985736609687,-2.147800297311949,3.368306851948935e-14
100.89597443933555,-35.20286866907341,11.615369551631394,3.1725368723873206,-2.147870327851928,0.0
100.90609161627023,-35.20853207747461,11.608692264861654,3.173773613348847,-2.1479402054874654,8.420767129872338e-15
100.91620728216624,-35.21419858486505,11.602022320596308,3.1750087715654054,-2.1480099305802303,-1.6841534259744676e-14
100.92632144133631,-35.21986818740141,11.5953598188458,3.1762423220569738,-2.1480795035018687,2.5262301389617013e-14
100.93643409809226,-35.22554088123913,11.588704859620558,3.17747423984365,-2.1481489246339995,1.6841534259744676e-14
100.9465452567449,-35.23121666253243,11.582057542931027,3.1787044999456513,-2.148218194368212,2.5262301389617013e-14
100.95665492160404,-35.23689552743439,11.575417968787633,3.1799330773833314,-2.1482873131060773,1.6841534259744676e-14
100.96676309697853,-35.24257747209688,11.56878623720081,3.1811599471771674,-2.148356281259135,0.0
100.9768697871762,-35.24826249267056,11.562162448180993,3.1823850843477657,-2.148425099248898,1.6841534259744676e-14
100.98697499650393,-35.253950585304906,11.555546701738617,3.183608463915872,-2.1484937675068556,1.6841534259744676e-14
100.9970787292676,-35.259641746148176,11.548939097884118,3.184830060902363,-2.1485622864744656,8.420767129872338e-15
