galstreams/tracks/track.st.NGC2298.ibata2021.ecsv
# %ECSV 1.0
# ---
# datatype:
# - {name: ra, unit: deg, datatype: float64}
# - {name: dec, unit: deg, datatype: float64}
# - {name: distance, unit: kpc, datatype: float64}
# - {name: pm_ra_cosdec, unit: mas / yr, datatype: float64}
# - {name: pm_dec, unit: mas / yr, datatype: float64}
# - {name: radial_velocity, unit: km / s, datatype: float64}
# delimiter: ','
# meta: !!omap
# - __serialized_columns__:
#     dec:
#       __class__: astropy.coordinates.angles.Latitude
#       unit: &id001 !astropy.units.Unit {unit: deg}
#       value: !astropy.table.SerializedColumn {name: dec}
#     distance:
#       __class__: astropy.coordinates.distances.Distance
#       unit: !astropy.units.Unit {unit: kpc}
#       value: !astropy.table.SerializedColumn {name: distance}
#     pm_dec:
#       __class__: astropy.units.quantity.Quantity
#       unit: !astropy.units.Unit {unit: mas / yr}
#       value: !astropy.table.SerializedColumn {name: pm_dec}
#     pm_ra_cosdec:
#       __class__: astropy.units.quantity.Quantity
#       unit: !astropy.units.Unit {unit: mas / yr}
#       value: !astropy.table.SerializedColumn {name: pm_ra_cosdec}
#     ra:
#       __class__: astropy.coordinates.angles.Longitude
#       unit: *id001
#       value: !astropy.table.SerializedColumn {name: ra}
#       wrap_angle: !astropy.coordinates.Angle
#         unit: *id001
#         value: 360.0
#     radial_velocity:
#       __class__: astropy.units.quantity.Quantity
#       unit: !astropy.units.Unit {unit: km / s}
#       value: !astropy.table.SerializedColumn {name: radial_velocity}
# schema: astropy-2.0
ra,dec,distance,pm_ra_cosdec,pm_dec,radial_velocity
[from data line 141]
94.95471382782803,-32.65310426205037,13.603079118763802,2.951656276950722,-2.11528584415239,2.5262301389617013e-14
94.96635608951051,-32.65650603018457,13.607613162118032,2.9499613100877498,-2.115207814196012,-8.420767129872338e-15
94.97799427215256,-32.65991282197937,13.61209934221697,2.948278489149759,-2.1151310159558916,-8.420767129872338e-15
94.98962838082221,-32.66332463433544,13.616537759071056,2.946607789535788,-2.115055443830338,0.0
95.0012584205857,-32.66674146415188,13.620928512690728,2.9449491866432123,-2.114981092230093,1.6841534259744676e-14
95.01288439650725,-32.670163308326174,13.625271703086415,2.943302655867746,-2.1149079555783286,0.0
95.02450631364938,-32.67359016375439,13.629567430268553,2.941668172603449,-2.114836028310628,8.420767129872338e-15
95.03612417707285,-32.67702202733098,13.633815794247575,2.9400457122427306,-2.114765304874981,8.420767129872338e-15
95.04773799183637,-32.680458895948796,13.638016895033918,2.9384352501763447,-2.1146957797317785,-8.420767129872338e-15
95.05934776299706,-32.683900766499285,13.642170832638014,2.936836761793416,-2.1146274473537985,5.0524602779234026e-14
95.07095349561001,-32.68734763587218,13.646277707070295,2.935250222481419,-2.1145603022262014,0.0
95.08255519472866,-32.69079950095581,13.650337618341199,2.9336756076262023,-2.1144943388465176,1.6841534259744676e-14
95.09415286540455,-32.69425635863694,13.654350666461161,2.932112892611984,-2.1144295517246388,-1.6841534259744676e-14
95.10574651268738,-32.69771820580072,13.658316951440613,2.9305620528213514,-2.1143659353828173,8.420767129872338e-15
95.11733614162505,-32.701185039330824,13.66223657328999,2.9290230636352783,-2.114303484355644,-8.420767129872338e-15
95.12892175726374,-32.704656856109445,13.666109632019722,2.9274959004331227,-2.1142421931900515,0.0
95.14050336464764,-32.70813365301706,13.669936227640251,2.925980538592627,-2.1141820564453004,3.368306851948935e-14
95.15208096881928,-32.711615426932774,13.673716460162002,2.924476953489928,-2.11412306869297,0.0
95.16365457481936,-32.71510217473414,13.677450429595417,2.922985120499563,-2.114065224516949,-2.5262301389617013e-14
95.17522418768667,-32.71859389329706,13.68113823595093,2.921505014994466,-2.1140085185134336,-2.5262301389617013e-14
95.18678981245836,-32.72209057949607,13.684779979238971,2.9200366123459824,-2.113952945290908,0.0
95.19835145416958,-32.72559223020398,13.688375759469977,2.918579887923863,-2.113898499470149,-1.6841534259744676e-14
95.20990911785387,-32.729098842292245,13.69192567665438,2.917134817096278,-2.1138451756842045,1.6841534259744676e-14
95.2214628085429,-32.73261041263074,13.695429830802613,2.9157013752298186,-2.1137929685783936,1.6841534259744676e-14
95.23301253126647,-32.7361269380877,13.698888321925116,2.9142795376894908,-2.1137418728102952,-8.420767129872338e-15
95.24455829105267,-32.73964841553,13.70230125003232,2.9128692798387372,-2.1136918830497393,1.6841534259744676e-14
95.25610009292788,-32.74317484182289,13.705668715134657,2.9114705770394336,-2.1136429939787975,1.6841534259744676e-14
95.26763794191646,-32.746706213830066,13.708990817242567,2.9100834046518846,-2.11359520029178,8.420767129872338e-15
95.27917184304121,-32.750242528413814,13.712267656366475,2.908707738034843,-2.113548496695219,2.5262301389617013e-14
95.29070180132297,-32.753783782434745,13.715499332516826,2.9073435525455045,-2.1135028779078686,2.5262301389617013e-14
95.30222782178089,-32.75732997275207,13.718685945704044,2.9059908235395153,-2.1134583386606893,0.0
95.31374990943243,-32.76088109622344,13.721827595938572,2.904649526370977,-2.1134148736968412,8.420767129872338e-15
95.32526806929302,-32.764437149704925,13.724924383230842,2.9033196363924456,-2.113372477771682,8.420767129872338e-15
95.3367823063765,-32.767998130051154,13.727976407591283,2.902001128954945,-2.1133311456527517,-2.5262301389617013e-14
95.348292625695,-32.77156403411523,13.730983769030333,2.9006939794079662,-2.1132908721197636,-8.420767129872338e-15
95.3597990322586,-32.77513485874865,13.733946567558426,2.8993981630994643,-2.1132516519646036,-2.5262301389617013e-14
95.37130153107589,-32.778710600801475,13.736864903185998,2.898113655375879,-2.1132134799913134,8.420767129872338e-15
95.38280012715356,-32.782291257122274,13.73973887592348,2.896840431582126,-2.113176351016086,1.6841534259744676e-14
95.39429482549649,-32.78587682455797,13.742568585781306,2.895578467061605,-2.1131402598672624,0.0
95.40578563110796,-32.78946729995412,13.745354132769917,2.8943277371562055,-2.11310520138531,8.420767129872338e-15
95.41727254898926,-32.79306268015463,13.748095616899736,2.893088217206309,-2.1130711704228315,8.420767129872338e-15
95.42875558414008,-32.79666296200198,13.750793138181207,2.8918598825507935,-2.1130381618445426,1.6841534259744676e-14
95.44023474155838,-32.800268142337174,13.753446796624758,2.890642708527043,-2.1130061705272696,8.420767129872338e-15
95.45171002624019,-32.80387821799955,13.756056692240831,2.8894366704709387,-2.112975191359943,8.420767129872338e-15
95.46318144317992,-32.80749318582707,13.75862292503985,2.8882417437168795,-2.112945219243587,-1.6841534259744676e-14
95.47464899737028,-32.81111304265617,13.761145595032257,2.8870579035977735,-2.1129162490913074,-8.420767129872338e-15
95.48611269380199,-32.814737785321704,13.76362480222848,2.885885125445051,-2.112888275828297,2.5262301389617013e-14
95.4975725374643,-32.818367410657096,13.766060646638962,2.88472338458866,-2.112861294391806,8.420767129872338e-15
95.50902853334445,-32.82200191549418,13.768453228274126,2.8835726563570803,-2.112835299731159,8.420767129872338e-15
95.52048068642816,-32.82564129666336,13.770802647144416,2.8824329160773186,-2.112810286807724,-1.6841534259744676e-14
95.53192900169934,-32.829285550993546,13.77310900326026,2.8813041390749192,-2.112786250594917,-2.5262301389617013e-14
95.54337348414003,-32.83293467531203,13.775372396632097,2.8801863006739636,-2.112763186078197,0.0
95.55481413873068,-32.8365886664447,13.777592927270357,2.87907937619708,-2.112741088255047,8.420767129872338e-15
95.56625097045001,-32.84024752121593,13.779770695185475,2.8779833409654425,-2.1127199521349693,8.420767129872338e-15
95.57768398427486,-32.84391123644853,13.781905800387886,2.8768981702987735,-2.1126997727394894,3.368306851948935e-14
95.58911318518042,-32.84757980896386,13.783998342888028,2.875823839515356,-2.112680545102129,0.0
95.60053857814025,-32.851253235581815,13.786048422696329,2.8747603239320356,-2.11266226426841,-8.420767129872338e-15
95.61196016812596,-32.854931513120675,13.788056139823226,2.8737075988642147,-2.1126449252958484,2.5262301389617013e-14
95.62337796010766,-32.858614638397356,13.79002159427915,2.872665639625871,-2.112628523253937,8.420767129872338e-15
95.63479195905352,-32.86230260822714,13.791944886074543,2.8716344215295484,-2.1126130532241447,1.6841534259744676e-14
95.64620216993012,-32.8659954194239,13.793826115219836,2.8706139198863716,-2.1125985102999074,-8.420767129872338e-15
95.65760859770238,-32.869693068800046,13.79566538172546,2.86960411000605,-2.112584889586616,8.420767129872338e-15
95.66901124733326,-32.873395553166375,13.797462785601843,2.86860496719687,-2.1125721862016182,1.6841534259744676e-14
95.68041012378423,-32.87710286933226,13.799218426859436,2.8676164667657087,-2.1125603952741976,-1.6841534259744676e-14
95.69180523201503,-32.88081501410562,13.800932405508663,2.866638584018043,-2.1125495119455753,6.73661370389787e-14
95.70319657698346,-32.88453198429276,13.802604821559957,2.8656712942579396,-2.1125395313689035,1.6841534259744676e-14
95.71458416364591,-32.88825377669863,13.804235775023756,2.8647145727880714,-2.112530448709247,0.0
95.7259679969568,-32.891980388126576,13.805825365910492,2.863768394909714,-2.1125222591435886,0.0
95.737348081869,-32.89571181537851,13.807373694230604,2.8628327359227517,-2.1125149578608093,3.368306851948935e-14
95.74872442333367,-32.89944805525489,13.808880859994517,2.8619075711256876,-2.1125085400616905,1.6841534259744676e-14
95.76009702630014,-32.90318910455457,13.810346963212675,2.860992875815637,-2.1125030009589034,4.210383564936169e-14
95.77146589571616,-32.90693496007503,13.811772103895503,2.86008862528834,-2.112498335776996,2.5262301389617013e-14
95.78283103652778,-32.91068561861222,13.813156382053444,2.8591947948381624,-2.1124945397523893,-8.420767129872338e-15
95.79419245367923,-32.91444107696056,13.814499897696926,2.8583113597580967,-2.1124916081333756,-8.420767129872338e-15
95.80555015211314,-32.91820133191307,13.81580275083639,2.8574382953397754,-2.1124895361801,-2.5262301389617013e-14
95.81690413677049,-32.92196638026124,13.817065041482262,2.8565755768734626,-2.112488319164558,-2.5262301389617013e-14
95.82825441259043,-32.925736218795045,13.81828686964498,2.8557231796480704,-2.112487952370594,0.0
95.83960098451053,-32.92951084430306,13.81946833533498,2.8548810789511503,-2.112488431093879,8.420767129872338e-15
95.85094385746656,-32.93329025357226,13.820609538562692,2.854049250068909,-2.112489750641921,2.5262301389617013e-14
95.86228303639271,-32.93707444338825,13.821710579338552,2.8532276682862054,-2.1124919063340415,0.0
95.87361852622152,-32.940863410535115,13.822771557672997,2.8524163088865575,-2.112494893501373,8.420767129872338e-15
95.88495033188364,-32.944657151795425,13.82379257357646,2.8516151471521427,-2.112498707486863,-1.6841534259744676e-14
95.89627845830825,-32.94845566395032,13.82477372705937,2.8508241583638094,-2.112503343645248,1.6841534259744676e-14
95.90760291042278,-32.95225894377946,13.82571511813217,2.8500433178010702,-2.1125087973430547,3.368306851948935e-14
95.91892369315289,-32.956066988060975,13.82661684680529,2.849272600742115,-2.1125150639586003,8.420767129872338e-15
95.93024081142275,-32.9598797935716,13.827479013089158,2.848511982463815,-2.1125221388819697,1.6841534259744676e-14
95.94155427015464,-32.96369735708649,13.82830171699422,2.8477614382417147,-2.11253001751502,-8.420767129872338e-15
95.95286407426931,-32.967519675379414,13.829085058530902,2.847020943350052,-2.112538695271368,1.6841534259744676e-14
95.96417022868587,-32.97134674522268,13.829829137709641,2.846290473061754,-2.1125481675763806,0.0
95.97547273832159,-32.97517856338702,13.830534054540866,2.8455700026484365,-2.112558429867177,8.420767129872338e-15
95.98677160809223,-32.97901512664177,13.831199909035021,2.844859507380418,-2.1125694775926087,-8.420767129872338e-15
95.99806684291188,-32.98285643175481,13.831826801202535,2.8441589625267203,-2.1125813062132606,2.5262301389617013e-14
96.0093584476928,-32.98670247549247,13.832414831053843,2.8434683433550627,-2.112593911201444,-8.420767129872338e-15
96.02064642734578,-32.990553254619684,13.83296409859938,2.8427876251318827,-2.112607288041184,-2.5262301389617013e-14
96.03193078677994,-32.99440876589992,13.833474703849573,2.842116783122329,-2.1126214322282135,0.0
96.04321153090252,-32.99826900609511,13.833946746814865,2.8414557925902657,-2.112636339269973,-8.420767129872338e-15
96.05448866461943,-33.00213397196579,13.834380327505688,2.8408046287982804,-2.1126520046855912,8.420767129872338e-15
96.06576219283463,-33.00600366027094,13.834775545932475,2.840163267007683,-2.11266842400589,2.5262301389617013e-14
96.07703212045058,-33.00987806776819,13.835132502105662,2.839531682478516,-2.11268559277337,-1.6841534259744676e-14
96.08829845236816,-33.01375719121365,13.835451296035679,2.8389098504695545,-2.1127035065422,-2.5262301389617013e-14
96.09956119348637,-33.01764102736192,13.835732027732965,2.838297746238309,-2.112722160878224,-8.420767129872338e-15
96.11082034870277,-33.0215295729662,13.835974797207951,2.837695345041033,-2.1127415513589383,1.6841534259744676e-14
96.12207592291325,-33.02542282477826,13.836179704471073,2.8371026221327207,-2.1127616735734893,3.368306851948935e-14
96.13332792101191,-33.029320779548264,13.836346849532767,2.836519552767119,-2.112782523122676,0.0
96.14457634789142,-33.033223434025096,13.836476332403464,2.8359461121967295,-2.1128040956189267,-2.5262301389617013e-14
96.15582120844257,-33.037130784956034,13.836568253093596,2.8353822756728007,-2.1128263866863057,1.6841534259744676e-14
96.16706250755473,-33.04104282908695,13.836622711613606,2.834828018445351,-2.112849391960498,-5.0524602779234026e-14
96.1783002501156,-33.044959563162344,13.836639807973919,2.834283315763158,-2.1128731070888027,8.420767129872338e-15
96.18953444101105,-33.04888098392508,13.836619642184973,2.833748142873769,-2.112897527730133,5.0524602779234026e-14
96.20076508512554,-33.05280708811669,13.836562314257202,2.8332224750235,-2.112922649555002,-8.420767129872338e-15
96.21199218734189,-33.05673787247728,13.836467924201044,2.8327062874574493,-2.112948468245514,8.420767129872338e-15
96.2232157525411,-33.06067333374537,13.836336572026925,2.8321995554194865,-2.1129749794953705,8.420767129872338e-15
96.23443578560268,-33.06461346865812,13.836168357745285,2.831702254152268,-2.113002179009846,-8.420767129872338e-15
96.24565229140464,-33.06855827395127,13.835963381366557,2.831214358897241,-2.113030062505789,-2.5262301389617013e-14
96.25686527482307,-33.07250774635897,13.835721742901175,2.8307358448946367,-2.113058625711623,1.6841534259744676e-14
96.2680747407327,-33.07646188261408,13.835443542359576,2.830266687383485,-2.113087864367323,0.0
96.27928069400645,-33.08042067944786,13.835128879752189,2.8298068616016128,-2.1131177742244254,3.368306851948935e-14
96.29048313951573,-33.08438413359022,13.834777855089449,2.829356342785652,-2.113148351046007,-8.420767129872338e-15
96.30168208213043,-33.088352241769634,13.834390568381794,2.828915106171037,-2.113179590606685,-8.420767129872338e-15
96.31287752671855,-33.092325000713,13.833967119639658,2.8284831269920137,-2.1132114886926123,0.0
96.32406947814671,-33.096302407145906,13.83350760887347,2.8280603804816398,-2.1132440411014657,8.420767129872338e-15
96.33525794127993,-33.10028445779245,13.833012136093666,2.827646841871796,-2.11327724364244,0.0
96.34644292098139,-33.104271149375236,13.832480801310687,2.827242486393175,-2.113311092136245,0.0
96.35762442211296,-33.108262478615494,13.831913704534962,2.826847289275305,-2.1133455824150937,-8.420767129872338e-15
96.36880244953461,-33.11225844223293,13.831310945776924,2.8264612257465314,-2.1133807103226996,8.420767129872338e-15
96.37997700810496,-33.11625903694588,13.830672625047006,2.8260842710340417,-2.113416471714267,-8.420767129872338e-15
96.39114810268094,-33.12026425947123,13.82999884235565,2.8257164003638566,-2.113452862456482,1.6841534259744676e-14
96.40231573811778,-33.12427410652435,13.82928969771328,2.8253575889608324,-2.113489878427518,0.0
96.41347991926924,-33.12828857481924,13.828545291130338,2.825007812048675,-2.11352751551701,0.0
96.42464065098751,-33.132307661068474,13.827765722617254,2.8246670448499347,-2.1135657696260632,2.5262301389617013e-14
96.435797938123,-33.13633136198309,13.826951092184466,2.8243352625860125,-2.113604636667242,-1.6841534259744676e-14
96.44695178552472,-33.14035967427278,13.826101499842405,2.8240124404771656,-2.11364411256456,8.420767129872338e-15
96.45810219804004,-33.1443925946458,13.825217045601507,2.8236985537425103,-2.113684193253474,2.5262301389617013e-14
96.46924918051464,-33.148430119808864,13.8242978294722,2.8233935776000223,-2.1137248746808863,1.6841534259744676e-14
96.48039273779276,-33.15247224646738,13.823343951464928,2.823097487266547,-2.1137661528051215,-8.420767129872338e-15
96.49153287471692,-33.15651897132519,13.822355511590121,2.8228102579577943,-2.1138080235959364,-1.6841534259744676e-14
96.50266959612817,-33.160570291084824,13.821332609858212,2.822531864888353,-2.113850483034504,-3.368306851948935e-14
96.51380290686596,-33.16462620244732,13.820275346279635,2.8222622832716864,-2.113893527113406,-8.420767129872338e-15
96.52493281176805,-33.168686702112254,13.819183820864826,2.8220014883201365,-2.1139371518366348,-8.420767129872338e-15
96.53605931567077,-33.172751786777816,13.818058133624218,2.821749455244934,-2.11398135321958,1.6841534259744676e-14
