galstreams/tracks/track.st.Gaia-6.ibata2024.ecsv
# %ECSV 1.0
# ---
# datatype:
# - {name: ra, unit: deg, datatype: float64}
# - {name: dec, unit: deg, datatype: float64}
# - {name: distance, unit: kpc, datatype: float64}
# - {name: pm_ra_cosdec, unit: mas / yr, datatype: float64}
# - {name: pm_dec, unit: mas / yr, datatype: float64}
# - {name: radial_velocity, unit: km / s, datatype: float64}
# delimiter: ','
# meta: !!omap
# - __serialized_columns__:
#     dec:
#       __class__: astropy.coordinates.angles.Latitude
#       unit: &id001 !astropy.units.Unit {unit: deg}
#       value: !astropy.table.SerializedColumn {name: dec}
#     distance:
#       __class__: astropy.coordinates.distances.Distance
#       unit: !astropy.units.Unit {unit: kpc}
#       value: !astropy.table.SerializedColumn {name: distance}
#     pm_dec:
#       __class__: astropy.units.quantity.Quantity
#       unit: !astropy.units.Unit {unit: mas / yr}
#       value: !astropy.table.SerializedColumn {name: pm_dec}
#     pm_ra_cosdec:
#       __class__: astropy.units.quantity.Quantity
#       unit: !astropy.units.Unit {unit: mas / yr}
#       value: !astropy.table.SerializedColumn {name: pm_ra_cosdec}
#     ra:
#       __class__: astropy.coordinates.angles.Longitude
#       unit: *id001
#       value: !astropy.table.SerializedColumn {name: ra}
#       wrap_angle: !astropy.coordinates.Angle
#         unit: *id001
#         value: 360.0
#     radial_velocity:
#       __class__: astropy.units.quantity.Quantity
#       unit: !astropy.units.Unit {unit: km / s}
#       value: !astropy.table.SerializedColumn {name: radial_velocity}
# schema: astropy-2.0
ra,dec,distance,pm_ra_cosdec,pm_dec,radial_velocity
[from data line 1849]
221.817776445904,37.48290844599354,1.0000000000000007,-7.632051246772871,-5.919319701679399,-288.0741240354211
221.82763893004613,37.48927725797573,1.0000000000000007,-7.630901176962539,-5.916454639181012,-287.88269197875894
221.83750068520487,37.49564844056971,1.0000000000000007,-7.629749353742149,-5.913588096445061,-287.69029630198594
221.84736170937555,37.50202199812252,1.0000000000000007,-7.628595774390654,-5.910720072195836,-287.49693556588227
221.857222000555,37.50839793498213,1.0000000000000007,-7.627440436186603,-5.90785056515848,-287.3026083312284
221.8670815567415,37.514776255497345,1.0000000000000004,-7.626283336408115,-5.904979574058956,-287.1073131588045
221.87694037593485,37.52115696401791,1.0000000000000007,-7.625124472332935,-5.902107097624061,-286.91104860939066
221.88679845613623,37.52754006489442,1.0000000000000007,-7.623963841238357,-5.8992331345814115,-286.71381324376716
221.89665579534835,37.53392556247832,1.0000000000000007,-7.622801440401329,-5.896357683659531,-286.5156056227144
221.90651239157538,37.54031346112202,1.0000000000000004,-7.62163726709829,-5.893480743587677,-286.31642430701265
221.9163682428229,37.54670376517874,1.0000000000000007,-7.620471318605389,-5.890602313096004,-286.1162678574418
221.92622334709802,37.5530964790026,1.0000000000000007,-7.619303592198278,-5.887722390915496,-285.9151348347824
221.93607770240928,37.55949160694861,1.0000000000000004,-7.6181340851522705,-5.884840975777962,-285.71302379981466
221.9459313067667,37.56588915337263,1.0000000000000004,-7.61696279474225,-5.88195806641604,-285.5099333133187
221.9557841581818,37.57228912263146,1.0000000000000004,-7.615789718242645,-5.879073661563197,-285.3058619360749
221.96563625466752,37.57869151908271,1.0000000000000004,-7.614614852927556,-5.876187759953762,-285.1008082288635
221.97548759423822,37.58509634708492,1.0000000000000007,-7.613438196070682,-5.873300360322855,-284.89477075246447
221.98533817490986,37.591503610997464,1.0000000000000007,-7.612259744945234,-5.87041146140648,-284.6877480676585
221.99518799469968,37.59791331518062,1.0000000000000007,-7.611079496824118,-5.8675210619414315,-284.47973873522557
222.00503705162657,37.60432546399555,1.0000000000000007,-7.60989744897979,-5.864629160665352,-284.2707413159457
222.01488534371083,37.61074006180426,1.0000000000000007,-7.608713598684297,-5.861735756316719,-284.0607543705996
222.02473286897413,37.617157112969664,1.0000000000000009,-7.607527943209313,-5.858840847634831,-283.8497764599673
222.03457962543968,37.623576621855534,1.0000000000000007,-7.606340479826127,-5.855944433359824,-283.6378061448291
222.04442561113217,37.62999859282651,1.0000000000000007,-7.605151205805573,-5.85304651223268,-283.4248419859651
222.05427082407772,37.63642303024814,1.0000000000000007,-7.603960118418168,-5.8501470829951785,-283.21088254415554
222.06411526230394,37.642849938486805,1.0000000000000009,-7.602767214933927,-5.847246144389953,-282.99592638018083
222.07395892383988,37.64927932190977,1.0000000000000007,-7.60157249262258,-5.844343695160475,-282.77997205482126
222.08380180671605,37.6557111848852,1.0000000000000007,-7.600375948753371,-5.841439734051036,-282.5630181288567
222.09364390896448,37.662145531782095,1.0000000000000009,-7.59917758059521,-5.838534259806739,-282.34506316306783
222.10348522861855,37.66858236697035,1.0000000000000004,-7.59797738541657,-5.835627271173546,-282.12610571823456
222.11332576371322,37.67502169482071,1.0000000000000007,-7.596775360485587,-5.832718766898232,-281.90614435513737
222.12316551228488,37.68146351970483,1.0000000000000007,-7.59557150306992,-5.829808745728403,-281.6851776345563
222.13300447237134,37.68790784599519,1.0000000000000007,-7.594365810436916,-5.826897206412493,-281.4632041172717
222.1428426420119,37.69435467806515,1.0000000000000004,-7.593158279853476,-5.823984147699797,-281.2402223640639
222.15268001924736,37.700804020288984,1.0000000000000007,-7.591948908586151,-5.821069568340366,-281.01623093571305
222.1625166021199,37.70725587704177,1.0000000000000007,-7.590737693901076,-5.8181534670851605,-280.79122839299936
222.1723523886732,37.71371025269949,1.0000000000000007,-7.589524633063991,-5.815235842685887,-280.5652132967031
222.18218737695247,37.72016715163899,1.0000000000000007,-7.5883097233402665,-5.812316693895163,-280.33818420760457
222.19202156500427,37.726626578238,1.0000000000000007,-7.587092961994863,-5.809396019466348,-280.1101396864838
222.20185495087668,37.733088536875044,1.0000000000000007,-7.58587434629241,-5.806473818153719,-279.8810782941214
222.21168753261924,37.739553031929624,1.0000000000000007,-7.58465387349705,-5.803550088712299,-279.65099859129725
222.22151930828298,37.746020067782005,1.0000000000000007,-7.5834315408726205,-5.8006248298980125,-279.41989913879183
222.2313502759203,37.75248964881341,1.0000000000000007,-7.582207345682541,-5.797698040467502,-279.1877784973851
222.24118043358519,37.75896177940583,1.0000000000000007,-7.580981285189846,-5.794769719178358,-278.9546352278578
222.2510097793329,37.765436463942194,1.0000000000000007,-7.5797533566572355,-5.7918398647889155,-278.7204678909898
222.2608383112204,37.77191370680625,1.0000000000000004,-7.578523557346923,-5.788908476058374,-278.4852750475614
222.27066602730594,37.77839351238265,1.0000000000000004,-7.577291884520829,-5.785975551746731,-278.2490552583528
222.28049292564924,37.784875885056884,1.0000000000000004,-7.576058335440457,-5.783041090614816,-278.0118070841443
222.29031900431156,37.791360829215286,1.0000000000000004,-7.57482290736694,-5.7801050914243035,-277.77352908571635
222.30014426135557,37.7978483492451,1.0000000000000004,-7.573585597561017,-5.777167552937659,-277.5342198238488
222.30996869484542,37.80433844953439,1.0000000000000004,-7.57234640328301,-5.774228473918189,-277.29387785932215
222.31979230284665,37.810831134472096,1.0000000000000002,-7.571105321792977,-5.7712878531300476,-277.05250175291656
222.32961508342635,37.81732640844801,1.0000000000000004,-7.569862350350487,-5.768345689338151,-276.8100900654122
222.33943703465303,37.8238242758528,1.0000000000000004,-7.568617486214745,-5.76540198130829,-276.5666413575895
222.34925815459667,37.83032474107799,1.0000000000000007,-7.567370726644626,-5.762456727807063,-276.32215419022856
222.35907844132868,37.836827808515935,1.0000000000000004,-7.566122068898583,-5.759509927601883,-276.07662712410956
222.36889789292192,37.843333482559885,1.0000000000000007,-7.564871510234738,-5.756561579460982,-275.83005872001297
222.37871650745078,37.84984176760394,1.0000000000000004,-7.5636190479107945,-5.753611682153441,-275.58244753871895
222.388534282991,37.85635266804302,1.0000000000000004,-7.562364679184096,-5.750660234449125,-275.3337921410077
222.3983512176199,37.86286618827297,1.0000000000000004,-7.561108401311596,-5.747707235118742,-275.08409108765943
222.40816730941617,37.869382332690414,1.0000000000000004,-7.559850211549907,-5.744752682933818,-274.8333429394543
222.41798255645998,37.875901105692904,1.0000000000000004,-7.558590107155251,-5.74179657666668,-274.5815462571729
222.42779695683294,37.882422511678776,1.0000000000000004,-7.557328085383457,-5.738838915090518,-274.32869960159513
222.4376105086181,37.88894655504728,1.0000000000000002,-7.556064143490037,-5.735879696979289,-274.0748015335012
222.44742320990005,37.8954732401985,1.0000000000000004,-7.554798278730075,-5.732918921107817,-273.81985061367175
222.45723505876475,37.90200257153334,1.0000000000000004,-7.553530488358284,-5.72995658625171,-273.56384540288667
222.4670460532997,37.90853455345363,1.0000000000000004,-7.5522607696290684,-5.726992691187405,-273.3067844619262
222.47685619159367,37.915069190361976,1.0000000000000002,-7.550989119796444,-5.724027234692159,-273.04866635157066
222.48666547173718,37.92160648666188,1.0000000000000004,-7.549715536113968,-5.72106021554405,-272.7894896326005
222.49647389182192,37.9281464467577,1.0000000000000004,-7.548440015834963,-5.718091632521958,-272.5292528657958
222.50628144994118,37.9346890750546,1.0000000000000004,-7.547162556212278,-5.715121484405621,-272.26795461193666
222.51608814418972,37.94123437595866,1.0000000000000004,-7.54588315449848,-5.712149769975525,-272.0055934318035
222.52589397266365,37.94778235387674,1.0000000000000004,-7.544601807945707,-5.709176488013057,-271.7421678861766
222.53569893346057,37.9543330132166,1.0000000000000004,-7.543318513805769,-5.706201637300335,-271.4776765358359
222.54550302467965,37.96088635838684,1.0000000000000007,-7.542033269330073,-5.703225216620346,-271.212117941562
222.55530624442133,37.96744239379689,1.0000000000000004,-7.540746071769711,-5.700247224756897,-270.945490664135
222.56510859078764,37.97400112385702,1.0000000000000004,-7.539456918375382,-5.697267660494582,-270.67779326433504
222.57491006188195,37.98056255297839,1.0000000000000004,-7.538165806397437,-5.69428652261881,-270.4090243029425
222.58471065580923,37.98712668557298,1.0000000000000004,-7.5368727330858185,-5.691303809915826,-270.13918234073753
222.5945103706757,37.99369352605362,1.0000000000000004,-7.535577695690197,-5.688319521172669,-269.8682659385005
222.6043092045892,38.000263078833974,1.0000000000000004,-7.534280691459802,-5.685333655177221,-269.5962736570116
222.61410715565898,38.006835348328565,1.0000000000000004,-7.532981717643544,-5.682346210718119,-269.32320405705104
222.6239042219957,38.013410338952745,1.0000000000000004,-7.5316807714899525,-5.679357186584902,-269.04905569939905
222.63370040171148,38.01998805512274,1.0000000000000004,-7.5303778502472305,-5.67636658156783,-268.7738271448359
222.6434956929199,38.02656850125559,1.0000000000000004,-7.529072951163187,-5.673374394458033,-268.4975169541418
222.65329009373602,38.03315168176918,1.0000000000000004,-7.527766071485292,-5.670380624047457,-268.22012368809715
222.66308360227626,38.03973760108228,1.0000000000000004,-7.526457208460656,-5.667385269128783,-267.941645907482
222.67287621665858,38.046326263614425,1.0000000000000004,-7.525146359336052,-5.664388328495608,-267.6620821730766
222.68266793500234,38.05291767378606,1.0000000000000004,-7.523833521357879,-5.6613898009422705,-267.38143104566126
222.6924587554284,38.059511836018444,1.0000000000000004,-7.522518691772159,-5.658389685263945,-267.0996910860162
222.70224867605896,38.066108754733676,1.0000000000000004,-7.521201867824626,-5.655387980256627,-266.81686085492163
222.71203769501778,38.07270843435468,1.0000000000000002,-7.519883046760569,-5.6523846847170915,-266.5329389131579
222.72182581043,38.07931087930526,1.0000000000000004,-7.518562225825029,-5.649379797442929,-266.24792382150525
222.73161302042223,38.08591609401002,1.0000000000000004,-7.517239402262621,-5.6463733172325625,-265.96181414074385
222.7413993231225,38.09252408289442,1.0000000000000004,-7.515914573317634,-5.643365242885196,-265.6746084316539
222.75118471666036,38.09913485038474,1.0000000000000004,-7.514587736233992,-5.640355573200885,-265.38630525501577
222.76096919916668,38.10574840090815,1.0000000000000004,-7.5132588882553115,-5.63734430698042,-265.09690317160954
222.77075276877392,38.112364738892566,1.0000000000000004,-7.511928026624808,-5.634331443025474,-264.80640074221566
222.78053542361582,38.118983868766826,1.0000000000000004,-7.510595148585399,-5.631316980138504,-264.5147965276142
222.79031716182772,38.125605794960556,1.0000000000000004,-7.509260251379619,-5.628300917122733,-264.2220890885854
222.80009798154632,38.132230521904226,1.0000000000000004,-7.507923332249639,-5.6252832527822605,-263.92827698590946
222.80987788090977,38.138858054029164,1.0000000000000004,-7.506584388437336,-5.6222639859219115,-263.6333587803669
222.81965685805764,38.145488395767494,1.0000000000000007,-7.505243417184225,-5.619243115347384,-263.3373330327378
222.82943491113105,38.1521215515522,1.0000000000000004,-7.503900415731444,-5.616220639865176,-263.0401983038023
222.8392120382724,38.15875752581709,1.0000000000000004,-7.502555381319834,-5.613196558282535,-262.7419531543408
222.84898823762563,38.165396322996784,1.0000000000000004,-7.501208311189881,-5.610170869407586,-262.4425961451334
222.85876350733614,38.172037947526775,1.0000000000000004,-7.499859202581689,-5.60714357204921,-262.1421258369605
222.86853784555072,38.17868240384335,1.0000000000000004,-7.498508052735055,-5.604114665017114,-261.8405407906022
222.8783112504176,38.18532969638366,1.0000000000000002,-7.497154858889434,-5.601084147121767,-261.5378395668388
222.88808372008646,38.191979829585655,1.0000000000000002,-7.495799618283975,-5.598052017174524,-261.23402072645064
222.89785525270847,38.19863280788813,1.0000000000000004,-7.4944423281573656,-5.595018273987453,-260.92908283021774
222.90762584643613,38.205288635730696,1.0000000000000002,-7.493082985748121,-5.591982916373489,-260.6230244389205
222.91739549942346,38.21194731755384,1.0000000000000004,-7.491721588294304,-5.588945943146314,-260.31584411333904
222.92716420982595,38.218608857798806,1.0000000000000004,-7.490358133033656,-5.5859073531204615,-260.00754041425387
222.93693197580035,38.22527326090769,1.0000000000000004,-7.488992617203628,-5.582867145111262,-259.69811190244496
222.9466987955051,38.23194053132345,1.0000000000000004,-7.487625038041276,-5.579825317934802,-259.3875571386926
222.95646466709988,38.23861067348984,1.0000000000000004,-7.486255392783374,-5.576781870408013,-259.0758746837772
222.96622958874588,38.24528369185142,1.0000000000000004,-7.484883678666318,-5.57373680134862,-258.7630630984788
222.97599355860572,38.251959590853616,1.0000000000000004,-7.483509892926211,-5.5706901095751284,-258.44912094357784
222.98575657484344,38.258638374942656,1.0000000000000004,-7.48213403279879,-5.567641793906855,-258.13404677985443
222.99551863562453,38.26532004856561,1.0000000000000004,-7.480756095519464,-5.564591853163904,-257.8178391680887
223.00527973911593,38.27200461617033,1.0000000000000002,-7.47937607832332,-5.561540286167215,-257.5004966690612
223.01503988348594,38.27869208220554,1.0000000000000004,-7.477993978445131,-5.558487091738495,-257.1820178435518
223.02479906690442,38.28538245112075,1.0000000000000004,-7.47660979311928,-5.555432268700223,-256.86240125234116
223.03455728754258,38.29207572736632,1.0000000000000004,-7.475223519579888,-5.552375815875735,-256.54164545620904
223.044314543573,38.2987719153934,1.0000000000000004,-7.4738351550607245,-5.549317732089115,-256.21974901593603
223.05407083316982,38.305471019654,1.0000000000000004,-7.472444696795204,-5.546258016165272,-255.8967104923024
223.06382615450852,38.31217304460092,1.0000000000000004,-7.471052142016459,-5.543196666929898,-255.57252844608826
223.0735805057661,38.31887799468776,1.0000000000000004,-7.469657487957237,-5.540133683209504,-255.24720143807383
223.08333388512088,38.325585874369004,1.0000000000000004,-7.468260731850032,-5.53706906383135,-254.92072802903942
223.09308629075267,38.33229668809989,1.0000000000000004,-7.466861870926948,-5.53400280762353,-254.5931067797652
223.1028377208427,38.33901044033652,1.0000000000000004,-7.4654609024198155,-5.530934913414907,-254.26433625103152
223.11258817357364,38.34572713553578,1.0000000000000004,-7.464057823560113,-5.527865380035177,-253.9344150036185
223.12233764712957,38.352446778155375,1.0000000000000004,-7.462652631578985,-5.524794206314777,-253.6033415983065
223.13208613969604,38.35916937265387,1.0000000000000004,-7.461245323707253,-5.521721391084977,-253.2711145958757
223.14183364945993,38.36589492349058,1.0000000000000004,-7.45983589717547,-5.518646933177834,-252.9377325571064
223.15158017460965,38.37262343512568,1.0000000000000004,-7.458424349213816,-5.515570831426167,-252.60319404277857
223.16132571333497,38.379354912020155,1.0000000000000004,-7.457010677052178,-5.5124930846636175,-252.26749761367287
223.17107026382715,38.386089358635765,1.0000000000000004,-7.455594877920063,-5.509413691724635,-251.9306418305694
223.18081382427877,38.39282677943515,1.0000000000000004,-7.454176949046763,-5.506332651444406,-251.59262525424828
