galstreams/tracks/track.st.Orinoco.grillmair2017.ecsv
# %ECSV 0.9
# ---
# datatype:
# - {name: ra, unit: deg, datatype: float64}
# - {name: dec, unit: deg, datatype: float64}
# - {name: distance, unit: kpc, datatype: float64}
# - {name: pm_ra_cosdec, unit: mas / yr, datatype: float64}
# - {name: pm_dec, unit: mas / yr, datatype: float64}
# - {name: radial_velocity, unit: km / s, datatype: float64}
# delimiter: ','
# meta: !!omap
# - __serialized_columns__:
#     dec:
#       __class__: astropy.coordinates.angles.Latitude
#       unit: &id001 !astropy.units.Unit {unit: deg}
#       value: !astropy.table.SerializedColumn {name: dec}
#     distance:
#       __class__: astropy.coordinates.distances.Distance
#       unit: !astropy.units.Unit {unit: kpc}
#       value: !astropy.table.SerializedColumn {name: distance}
#     pm_dec:
#       __class__: astropy.units.quantity.Quantity
#       unit: !astropy.units.Unit {unit: mas / yr}
#       value: !astropy.table.SerializedColumn {name: pm_dec}
#     pm_ra_cosdec:
#       __class__: astropy.units.quantity.Quantity
#       unit: !astropy.units.Unit {unit: mas / yr}
#       value: !astropy.table.SerializedColumn {name: pm_ra_cosdec}
#     ra:
#       __class__: astropy.coordinates.angles.Longitude
#       unit: *id001
#       value: !astropy.table.SerializedColumn {name: ra}
#       wrap_angle: !astropy.coordinates.Angle
#         unit: *id001
#         value: 360.0
#     radial_velocity:
#       __class__: astropy.units.quantity.Quantity
#       unit: !astropy.units.Unit {unit: km / s}
#       value: !astropy.table.SerializedColumn {name: radial_velocity}
# schema: astropy-2.0
ra,dec,distance,pm_ra_cosdec,pm_dec,radial_velocity
[from data line 1400]
15.607853905452528,-25.229400157438445,20.59999999999998,0.0,0.0,0.0
15.618777405117298,-25.232098747201043,20.599999999999984,0.0,0.0,0.0
15.629701031549075,-25.234803423301162,20.599999999999984,0.0,0.0,0.0
15.640624786240776,-25.237514189921146,20.599999999999984,0.0,0.0,0.0
15.651548670686996,-25.240231051243146,20.59999999999998,0.0,0.0,0.0
15.66247268638403,-25.242954011449175,20.59999999999998,0.0,0.0,0.0
15.673396834829845,-25.245683074721057,20.599999999999984,0.0,0.0,0.0
15.684321117524094,-25.24841824524049,20.599999999999984,0.0,0.0,0.0
15.695245535968125,-25.25115952718896,20.599999999999984,0.0,0.0,0.0
15.706170091664955,-25.253906924747824,20.599999999999984,0.0,0.0,0.0
15.71709478611931,-25.256660442098227,20.59999999999998,0.0,0.0,0.0
15.728019620837587,-25.259420083421194,20.59999999999998,0.0,0.0,0.0
15.738944597327894,-25.26218585289756,20.599999999999977,0.0,0.0,0.0
15.749869717099992,-25.26495775470797,20.599999999999984,0.0,0.0,0.0
15.760794981665372,-25.267735793032962,20.59999999999999,0.0,0.0,0.0
15.771720392537208,-25.27051997205285,20.59999999999998,0.0,0.0,0.0
15.782645951230347,-25.273310295947795,20.59999999999998,0.0,0.0,0.0
15.79357165926135,-25.276106768897787,20.599999999999984,0.0,0.0,0.0
15.804497518148466,-25.27890939508266,20.599999999999984,0.0,0.0,0.0
15.815423529411646,-25.281718178682073,20.599999999999984,0.0,0.0,0.0
15.82634969457253,-25.284533123875494,20.599999999999984,0.0,0.0,0.0
15.83727601515445,-25.287354234842255,20.599999999999987,0.0,0.0,0.0
15.848202492682452,-25.290181515761482,20.599999999999984,0.0,0.0,0.0
15.859129128683268,-25.293014970812163,20.599999999999984,0.0,0.0,0.0
15.870055924685348,-25.295854604173094,20.599999999999984,0.0,0.0,0.0
15.880982882218829,-25.298700420022914,20.59999999999998,0.0,0.0,0.0
15.891910002815541,-25.30155242254007,20.59999999999998,0.0,0.0,0.0
15.902837288009039,-25.304410615902846,20.599999999999984,0.0,0.0,0.0
15.913764739334564,-25.307275004289362,20.599999999999987,0.0,0.0,0.0
15.924692358329082,-25.310145591877557,20.599999999999984,0.0,0.0,0.0
15.935620146531242,-25.31302238284521,20.599999999999984,0.0,0.0,0.0
15.946548105481419,-25.315905381369895,20.599999999999984,0.0,0.0,0.0
15.957476236721675,-25.31879459162905,20.599999999999987,0.0,0.0,0.0
15.968404541795802,-25.321690017799913,20.599999999999987,0.0,0.0,0.0
15.979333022249302,-25.324591664059557,20.599999999999984,0.0,0.0,0.0
15.990261679629361,-25.32749953458489,20.59999999999998,0.0,0.0,0.0
16.0011905154849,-25.330413633552624,20.599999999999987,0.0,0.0,0.0
16.012119531366547,-25.333333965139314,20.599999999999987,0.0,0.0,0.0
16.023048728826648,-25.336260533521333,20.59999999999998,0.0,0.0,0.0
16.03397810941925,-25.33919334287487,20.599999999999984,0.0,0.0,0.0
16.04490767470013,-25.342132397375952,20.59999999999998,0.0,0.0,0.0
16.055837426226766,-25.34507770120043,20.599999999999984,0.0,0.0,0.0
16.066767365558377,-25.348029258523965,20.599999999999984,0.0,0.0,0.0
16.07769749425587,-25.350987073522045,20.59999999999998,0.0,0.0,0.0
16.08862781388189,-25.353951150369983,20.599999999999984,0.0,0.0,0.0
16.099558326000803,-25.356921493242936,20.59999999999998,0.0,0.0,0.0
16.110489032178698,-25.359898106315843,20.599999999999977,0.0,0.0,0.0
16.12141993398337,-25.36288099376348,20.599999999999977,0.0,0.0,0.0
16.132351032984342,-25.36587015976045,20.59999999999998,0.0,0.0,0.0
16.143282330752886,-25.3688656084812,20.599999999999977,0.0,0.0,0.0
16.15421382886196,-25.37186734409995,20.599999999999977,0.0,0.0,0.0
16.165145528886274,-25.37487537079077,20.59999999999998,0.0,0.0,0.0
16.176077432402263,-25.377889692727546,20.599999999999984,0.0,0.0,0.0
16.187009540988086,-25.38091031408399,20.59999999999998,0.0,0.0,0.0
16.197941856223633,-25.38393723903362,20.59999999999998,0.0,0.0,0.0
16.20887437969051,-25.38697047174978,20.59999999999998,0.0,0.0,0.0
16.219807112972063,-25.390010016405625,20.599999999999977,0.0,0.0,0.0
16.230740057653396,-25.39305587717414,20.599999999999977,0.0,0.0,0.0
16.241673215321303,-25.396108058228158,20.599999999999984,0.0,0.0,0.0
16.252606587564337,-25.39916656374025,20.59999999999998,0.0,0.0,0.0
16.263540175972786,-25.402231397882883,20.599999999999977,0.0,0.0,0.0
16.274473982138662,-25.4053025648283,20.599999999999977,0.0,0.0,0.0
16.285408007655725,-25.408380068748563,20.59999999999998,0.0,0.0,0.0
16.296342254119462,-25.411463913815584,20.599999999999977,0.0,0.0,0.0
16.307276723127124,-25.41455410420105,20.59999999999998,0.0,0.0,0.0
16.318211416277673,-25.417650644076495,20.599999999999973,0.0,0.0,0.0
16.329146335171828,-25.420753537613233,20.59999999999998,0.0,0.0,0.0
16.340081481412042,-25.42386278898245,20.59999999999998,0.0,0.0,0.0
16.35101685660252,-25.426978402355083,20.59999999999998,0.0,0.0,0.0
16.3619524623492,-25.43010038190194,20.59999999999998,0.0,0.0,0.0
16.37288830025979,-25.433228731793612,20.599999999999977,0.0,0.0,0.0
16.383824371943703,-25.436363456200503,20.599999999999984,0.0,0.0,0.0
16.39476067901214,-25.43950455929286,20.59999999999998,0.0,0.0,0.0
16.405697223078022,-25.442652045240703,20.59999999999998,0.0,0.0,0.0
16.41663400575605,-25.445805918213903,20.59999999999998,0.0,0.0,0.0
16.42757102866264,-25.448966182382115,20.59999999999998,0.0,0.0,0.0
16.438508293415982,-25.452132841914832,20.59999999999998,0.0,0.0,0.0
16.449445801636013,-25.455305900981344,20.59999999999998,0.0,0.0,0.0
16.460383554944425,-25.458485363750746,20.599999999999977,0.0,0.0,0.0
16.471321554964668,-25.461671234391982,20.59999999999998,0.0,0.0,0.0
16.482259803321934,-25.464863517073756,20.59999999999998,0.0,0.0,0.0
16.493198301643197,-25.468062215964622,20.599999999999977,0.0,0.0,0.0
16.504137051557162,-25.471267335232927,20.599999999999977,0.0,0.0,0.0
16.515076054694312,-25.47447887904683,20.599999999999984,0.0,0.0,0.0
16.526015312686884,-25.477696851574326,20.59999999999998,0.0,0.0,0.0
16.536954827168874,-25.480921256983187,20.59999999999998,0.0,0.0,0.0
16.547894599776036,-25.484152099440994,20.59999999999998,0.0,0.0,0.0
16.558834632145906,-25.487389383115172,20.599999999999977,0.0,0.0,0.0
16.569774925917763,-25.490633112172926,20.599999999999977,0.0,0.0,0.0
16.580715482732675,-25.493883290781273,20.59999999999998,0.0,0.0,0.0
16.591656304233453,-25.497139923107056,20.599999999999984,0.0,0.0,0.0
16.602597392064684,-25.50040301331689,20.59999999999998,0.0,0.0,0.0
16.613538747872735,-25.503672565577244,20.59999999999998,0.0,0.0,0.0
16.624480373305726,-25.506948584054374,20.59999999999998,0.0,0.0,0.0
16.635422270013567,-25.51023107291433,20.599999999999977,0.0,0.0,0.0
16.64636443964793,-25.513520036322987,20.599999999999973,0.0,0.0,0.0
16.657306883862237,-25.516815478446013,20.59999999999998,0.0,0.0,0.0
16.668249604311736,-25.520117403448893,20.59999999999998,0.0,0.0,0.0
16.679192602653416,-25.523425815496942,20.599999999999973,0.0,0.0,0.0
16.690135880546052,-25.52674071875522,20.599999999999977,0.0,0.0,0.0
16.701079439650183,-25.530062117388642,20.599999999999984,0.0,0.0,0.0
16.71202328162815,-25.53339001556191,20.599999999999977,0.0,0.0,0.0
16.722967408144054,-25.536724417439544,20.599999999999977,0.0,0.0,0.0
16.7339118208638,-25.54006532718584,20.59999999999998,0.0,0.0,0.0
16.744856521455052,-25.543412748964936,20.599999999999977,0.0,0.0,0.0
16.755801511587276,-25.546766686940746,20.599999999999977,0.0,0.0,0.0
16.76674679293171,-25.550127145277003,20.59999999999998,0.0,0.0,0.0
16.77769236716138,-25.553494128137235,20.599999999999977,0.0,0.0,0.0
16.78863823595111,-25.556867639684768,20.599999999999977,0.0,0.0,0.0
16.7995844009775,-25.560247684082746,20.599999999999977,0.0,0.0,0.0
16.810530863918945,-25.563634265494112,20.59999999999998,0.0,0.0,0.0
16.821477626455625,-25.567027388081588,20.59999999999998,0.0,0.0,0.0
16.83242469026953,-25.570427056007745,20.59999999999998,0.0,0.0,0.0
16.843372057044416,-25.57383327343491,20.599999999999977,0.0,0.0,0.0
16.85431972846585,-25.577246044525225,20.599999999999984,0.0,0.0,0.0
16.865267706221196,-25.58066537344064,20.599999999999984,0.0,0.0,0.0
16.876215991999604,-25.584091264342906,20.59999999999998,0.0,0.0,0.0
16.887164587492034,-25.587523721393577,20.59999999999998,0.0,0.0,0.0
16.898113494391225,-25.590962748753977,20.599999999999977,0.0,0.0,0.0
16.90906271439174,-25.59440835058527,20.599999999999977,0.0,0.0,0.0
16.920012249189934,-25.597860531048397,20.59999999999998,0.0,0.0,0.0
16.930962100483963,-25.601319294304112,20.599999999999977,0.0,0.0,0.0
16.941912269973777,-25.60478464451293,20.59999999999998,0.0,0.0,0.0
16.952862759361157,-25.60825658583522,20.59999999999998,0.0,0.0,0.0
16.963813570349657,-25.611735122431128,20.599999999999977,0.0,0.0,0.0
16.974764704644667,-25.615220258460567,20.59999999999998,0.0,0.0,0.0
16.985716163953366,-25.61871199808329,20.59999999999998,0.0,0.0,0.0
16.996667949984758,-25.62221034545881,20.59999999999998,0.0,0.0,0.0
17.007620064449643,-25.625715304746482,20.59999999999998,0.0,0.0,0.0
17.018572509060647,-25.62922688010541,20.59999999999998,0.0,0.0,0.0
17.029525285532202,-25.632745075694523,20.59999999999998,0.0,0.0,0.0
17.040478395580553,-25.636269895672534,20.59999999999998,0.0,0.0,0.0
17.051431840923765,-25.639801344197966,20.599999999999977,0.0,0.0,0.0
17.06238562328172,-25.64333942542912,20.59999999999998,0.0,0.0,0.0
17.073339744376113,-25.646884143524094,20.599999999999977,0.0,0.0,0.0
17.08429420593047,-25.650435502640793,20.599999999999984,0.0,0.0,0.0
17.095249009670123,-25.6539935069369,20.599999999999977,0.0,0.0,0.0
17.106204157322242,-25.657558160569923,20.59999999999998,0.0,0.0,0.0
17.117159650615804,-25.6611294676971,20.599999999999977,0.0,0.0,0.0
17.128115491281623,-25.66470743247555,20.599999999999977,0.0,0.0,0.0
17.139071681052336,-25.668292059062107,20.599999999999977,0.0,0.0,0.0
17.1500282216624,-25.67188335161343,20.599999999999977,0.0,0.0,0.0
17.160985114848113,-25.675481314285985,20.59999999999998,0.0,0.0,0.0
17.171942362347586,-25.679085951236008,20.599999999999977,0.0,0.0,0.0
17.18289996590079,-25.682697266619527,20.59999999999998,0.0,0.0,0.0
17.19385792724949,-25.68631526459237,20.599999999999977,0.0,0.0,0.0
17.204816248137305,-25.68993994931015,20.599999999999984,0.0,0.0,0.0
17.215774930309706,-25.693571324928293,20.59999999999998,0.0,0.0,0.0
17.22673397551396,-25.697209395601973,20.599999999999977,0.0,0.0,0.0
17.237693385499202,-25.700854165486184,20.599999999999977,0.0,0.0,0.0
17.2486531620164,-25.70450563873571,20.599999999999977,0.0,0.0,0.0
17.25961330681835,-25.708163819505103,20.599999999999977,0.0,0.0,0.0
17.27057382165971,-25.71182871194874,20.599999999999973,0.0,0.0,0.0
17.281534708296956,-25.715500320220748,20.599999999999977,0.0,0.0,0.0
17.292495968488424,-25.719178648475065,20.599999999999973,0.0,0.0,0.0
17.3034576039943,-25.722863700865418,20.599999999999973,0.0,0.0,0.0
17.314419616576593,-25.7265554815453,20.599999999999977,0.0,0.0,0.0
17.325382007999185,-25.73025399466803,20.599999999999977,0.0,0.0,0.0
17.3363447800278,-25.733959244386668,20.599999999999973,0.0,0.0,0.0
17.347307934430006,-25.737671234854098,20.599999999999973,0.0,0.0,0.0
17.358271472975222,-25.741389970222983,20.599999999999977,0.0,0.0,0.0
17.36923539743473,-25.745115454645752,20.599999999999977,0.0,0.0,0.0
17.38019970958166,-25.748847692274648,20.599999999999973,0.0,0.0,0.0
17.391164411191003,-25.752586687261665,20.599999999999973,0.0,0.0,0.0
17.402129504039593,-25.75633244375862,20.599999999999977,0.0,0.0,0.0
17.41309498990614,-25.760084965917095,20.599999999999977,0.0,0.0,0.0
17.424060870571203,-25.763844257888454,20.599999999999973,0.0,0.0,0.0
17.435027147817213,-25.76761032382386,20.599999999999977,0.0,0.0,0.0
17.44599382342845,-25.771383167874237,20.599999999999973,0.0,0.0,0.0
17.456960899191063,-25.775162794190315,20.599999999999977,0.0,0.0,0.0
17.467928376893077,-25.778949206922604,20.599999999999973,0.0,0.0,0.0
17.47889625832436,-25.782742410221363,20.599999999999977,0.0,0.0,0.0
17.489864545276678,-25.786542408236702,20.599999999999977,0.0,0.0,0.0
17.500833239543645,-25.79034920511845,20.599999999999973,0.0,0.0,0.0
17.511802342920753,-25.794162805016242,20.599999999999977,0.0,0.0,0.0
17.522771857205353,-25.797983212079494,20.59999999999998,0.0,0.0,0.0
17.533741784196703,-25.80181043045741,20.599999999999977,0.0,0.0,0.0
17.5447121256959,-25.805644464298965,20.59999999999998,0.0,0.0,0.0
17.555682883505938,-25.809485317752916,20.599999999999977,0.0,0.0,0.0
17.566654059431677,-25.813332994967805,20.599999999999973,0.0,0.0,0.0
17.577625655279864,-25.817187500091944,20.59999999999998,0.0,0.0,0.0
17.588597672859134,-25.82104883727344,20.599999999999973,0.0,0.0,0.0
17.599570113979983,-25.82491701066017,20.599999999999977,0.0,0.0,0.0
17.610542980454806,-25.82879202439978,20.599999999999977,0.0,0.0,0.0
17.621516274097882,-25.832673882639728,20.599999999999977,0.0,0.0,0.0
17.63248999672537,-25.83656258952721,20.599999999999977,0.0,0.0,0.0
17.643464150155324,-25.840458149209226,20.599999999999973,0.0,0.0,0.0
17.654438736207673,-25.844360565832538,20.599999999999973,0.0,0.0,0.0
17.66541375670426,-25.848269843543708,20.599999999999977,0.0,0.0,0.0
17.67638921346881,-25.852185986489054,20.599999999999973,0.0,0.0,0.0
17.687365108326915,-25.856108998814662,20.599999999999973,0.0,0.0,0.0
17.698341443106106,-25.860038884666423,20.599999999999977,0.0,0.0,0.0
17.709318219635776,-25.86397564819,20.599999999999973,0.0,0.0,0.0
17.720295439747236,-25.8679192935308,20.599999999999977,0.0,0.0,0.0
17.731273105273694,-25.87186982483405,20.599999999999977,0.0,0.0,0.0
17.74225121805025,-25.87582724624472,20.599999999999977,0.0,0.0,0.0
17.75322977991391,-25.879791561907563,20.599999999999977,0.0,0.0,0.0
17.764208792703585,-25.883762775967114,20.599999999999973,0.0,0.0,0.0
17.775188258260084,-25.887740892567663,20.599999999999973,0.0,0.0,0.0
17.786168178426134,-25.891725915853293,20.599999999999973,0.0,0.0,0.0
17.797148555046366,-25.895717849967863,20.599999999999977,0.0,0.0,0.0
17.80812938996732,-25.899716699054984,20.599999999999977,0.0,0.0,0.0
17.81911068503744,-25.90372246725806,20.599999999999977,0.0,0.0,0.0
17.830092442107095,-25.907735158720257,20.599999999999977,0.0,0.0,0.0
17.841074663028568,-25.91175477758452,20.599999999999977,0.0,0.0,0.0
17.85205734965603,-25.91578132799355,20.599999999999977,0.0,0.0,0.0
17.863040503845607,-25.919814814089833,20.599999999999977,0.0,0.0,0.0
17.874024127455332,-25.923855240015634,20.599999999999977,0.0,0.0,0.0
17.88500822234514,-25.92790260991298,20.599999999999973,0.0,0.0,0.0
17.89599279037691,-25.931956927923643,20.599999999999977,0.0,0.0,0.0
17.906977833414423,-25.936018198189213,20.599999999999973,0.0,0.0,0.0
17.9179633533234,-25.940086424851007,20.599999999999973,0.0,0.0,0.0
17.928949351971507,-25.94416161205015,20.599999999999977,0.0,0.0,0.0
17.93993583122828,-25.9482437639275,20.599999999999973,0.0,0.0,0.0
17.950922792965237,-25.9523328846237,20.599999999999977,0.0,0.0,0.0
17.961910239055815,-25.956428978279177,20.599999999999973,0.0,0.0,0.0
17.97289817137537,-25.9605320490341,20.599999999999973,0.0,0.0,0.0
17.983886591801195,-25.9646421010284,20.599999999999973,0.0,0.0,0.0
17.994875502212526,-25.968759138401815,20.59999999999998,0.0,0.0,0.0
18.00586490449054,-25.97288316529382,20.599999999999977,0.0,0.0,0.0
18.01685480051833,-25.97701418584365,20.59999999999998,0.0,0.0,0.0
18.027845192180962,-25.981152204190348,20.599999999999977,0.0,0.0,0.0
18.038836081365414,-25.985297224472667,20.599999999999977,0.0,0.0,0.0
18.049827469960622,-25.98944925082916,20.599999999999977,0.0,0.0,0.0
18.060819359857465,-25.993608287398136,20.599999999999973,0.0,0.0,0.0
18.071811752948758,-25.997774338317683,20.599999999999977,0.0,0.0,0.0
18.082804651129287,-26.00194740772563,20.599999999999977,0.0,0.0,0.0
18.09379805629577,-26.006127499759582,20.599999999999977,0.0,0.0,0.0
18.104791970346874,-26.01031461855692,20.599999999999973,0.0,0.0,0.0
18.115786395183218,-26.014508768254753,20.599999999999977,0.0,0.0,0.0
18.12678133270741,-26.01870995299002,20.599999999999973,0.0,0.0,0.0
