galstreams/tracks/track.st.Sylgr.ibata2021.ecsv
# %ECSV 1.0
# ---
# datatype:
# - {name: ra, unit: deg, datatype: float64}
# - {name: dec, unit: deg, datatype: float64}
# - {name: distance, unit: kpc, datatype: float64}
# - {name: pm_ra_cosdec, unit: mas / yr, datatype: float64}
# - {name: pm_dec, unit: mas / yr, datatype: float64}
# - {name: radial_velocity, unit: km / s, datatype: float64}
# delimiter: ','
# meta: !!omap
# - __serialized_columns__:
#     dec:
#       __class__: astropy.coordinates.angles.Latitude
#       unit: &id001 !astropy.units.Unit {unit: deg}
#       value: !astropy.table.SerializedColumn {name: dec}
#     distance:
#       __class__: astropy.coordinates.distances.Distance
#       unit: !astropy.units.Unit {unit: kpc}
#       value: !astropy.table.SerializedColumn {name: distance}
#     pm_dec:
#       __class__: astropy.units.quantity.Quantity
#       unit: !astropy.units.Unit {unit: mas / yr}
#       value: !astropy.table.SerializedColumn {name: pm_dec}
#     pm_ra_cosdec:
#       __class__: astropy.units.quantity.Quantity
#       unit: !astropy.units.Unit {unit: mas / yr}
#       value: !astropy.table.SerializedColumn {name: pm_ra_cosdec}
#     ra:
#       __class__: astropy.coordinates.angles.Longitude
#       unit: *id001
#       value: !astropy.table.SerializedColumn {name: ra}
#       wrap_angle: !astropy.coordinates.Angle
#         unit: *id001
#         value: 360.0
#     radial_velocity:
#       __class__: astropy.units.quantity.Quantity
#       unit: !astropy.units.Unit {unit: km / s}
#       value: !astropy.table.SerializedColumn {name: radial_velocity}
# schema: astropy-2.0
ra,dec,distance,pm_ra_cosdec,pm_dec,radial_velocity
[from data line 418]
168.59267289911995,-8.561301375011524,2.7459327503871487,-21.663499044609736,-20.895879361581517,-112.83814713415927
168.6008038256283,-8.5546472315776,2.7465894693311554,-21.656211567757733,-20.88896630591818,-112.01883216631948
168.60893597001473,-8.547996032591476,2.7472457321851786,-21.648927122411674,-20.882054466256253,-111.20212655399521
168.61706933206634,-8.541347777100285,2.7479015406402127,-21.6416457057668,-20.87514384146688,-110.38802736551061
168.62520391157014,-8.53470246415122,2.748556896387251,-21.63436731501806,-20.868234430421264,-109.5765316691896
168.63333970831314,-8.528060092791572,2.749211801117288,-21.627091947360206,-20.861326231990724,-108.76763653335665
168.64147672208253,-8.521420662068643,2.7498662565213183,-21.619819599987657,-20.854419245046675,-107.96133902633565
168.64961495266516,-8.51478417102989,2.7505202642903366,-21.61255027009468,-20.847513468460612,-107.15763621645048
168.65775439984796,-8.50815061872282,2.7511738261153376,-21.605283954875205,-20.840608901104122,-106.3565251720252
168.66589506341785,-8.501520004195044,2.7518269436873153,-21.59802065152297,-20.833705541848897,-105.5580029613846
168.67403694316172,-8.494892326494186,2.7524796186972647,-21.590760357231428,-20.826803389566713,-104.76206665285187
168.68218003886645,-8.488267584668018,2.7531318528361797,-21.583503069193814,-20.819902443129426,-103.96871331475171
168.69032435031875,-8.481645777764365,2.7537836477950552,-21.57624878460309,-20.813002701408994,-103.17794001540796
168.69846987730534,-8.47502690483117,2.754435005264884,-21.56899750065199,-20.806104163277475,-102.38974382314471
168.7066166196131,-8.468410964916362,2.755085926936664,-21.56174921453297,-20.79920682760699,-101.60412180628637
168.71476457702863,-8.461797957068043,2.7557364145013867,-21.554503923438276,-20.792310693269776,-100.82107103315668
168.72291374933855,-8.455187880334364,2.756386469650047,-21.5472616245599,-20.785415759138157,-100.04058857207998
168.73106413632942,-8.448580733763574,2.75703609407364,-21.540022315089562,-20.778522024084513,-99.26267149138008
168.73921573778793,-8.44197651640393,2.7576852894631605,-21.532785992218727,-20.771629486981347,-98.48731685938154
168.7473685535006,-8.435375227303856,2.758334057509602,-21.525552653138668,-20.764738146701223,-97.71452174440805
168.75552258325376,-8.428776865511841,2.7589823999039598,-21.518322295040385,-20.757848002116837,-96.94428321478361
168.76367782683408,-8.422181430076389,2.759630318337228,-21.51109491511461,-20.75095905210092,-96.17659833883272
168.77183428402788,-8.41558892004616,2.7602778145004003,-21.503870510551863,-20.74407129552632,-95.41146418487926
168.7799919546215,-8.408999334469856,2.760924890084473,-21.4966490785424,-20.737184731265966,-94.64887782124737
168.78815083840132,-8.40241267239628,2.7615715467804387,-21.489430616276223,-20.730299358192863,-93.88883631626113
168.79631093515354,-8.395828932874327,2.762217786279292,-21.48221512094315,-20.72341517518012,-93.13133673824461
168.80447224466454,-8.389248114952897,2.762863610272029,-21.475002589732647,-20.716532181100902,-92.37637615552191
168.8126347667205,-8.382670217681056,2.7635090204496415,-21.467793019834055,-20.70965037482851,-91.62395163641725
168.8207985011075,-8.376095240107936,2.764154018503127,-21.460586408436377,-20.70276975523626,-90.87406024925467
168.82896344761184,-8.369523181282693,2.7647986061234784,-21.453382752728416,-20.69589032119761,-90.12669906235813
168.8371296060195,-8.36295404025462,2.76544278500169,-21.44618204989875,-20.689012071586074,-89.3818651440519
168.84529697611651,-8.35638781607308,2.766086556828756,-21.43898429713569,-20.68213500527526,-88.63955556265978
168.85346555768888,-8.349824507787538,2.7667299232956712,-21.431789491627292,-20.675259121138847,-87.89976738650627
168.86163535052268,-8.343264114447457,2.767372886093432,-21.42459763056139,-20.668384418050614,-87.16249768391536
168.86980635440378,-8.33670663510247,2.7680154469130285,-21.4174087111256,-20.66151089488441,-86.42774352321116
168.877978569118,-8.330152068802253,2.7686576074454594,-21.41022273050722,-20.654638550514168,-85.69550197271748
168.88615199445118,-8.323600414596596,2.7692993693817174,-21.403039685893397,-20.6477673838139,-84.96577010075877
168.8943266301892,-8.317051671535294,2.769940734412797,-21.39585957447099,-20.640897393657696,-84.23854497565883
168.9025024761178,-8.310505838668298,2.770581704229692,-21.38868239342662,-20.634028578919754,-83.51382366574208
168.91067953202264,-8.303962915045613,2.771222280523397,-21.381508139946693,-20.62716093847432,-82.79160323933216
168.91885779768936,-8.297422899717349,2.7718624649849084,-21.374336811217315,-20.620294471195717,-82.07188076475369
168.92703727290368,-8.290885791733631,2.772502259305219,-21.36716840442444,-20.61342917595839,-81.35465331033038
168.93521795745113,-8.284351590144729,2.773141665175323,-21.360002916753718,-20.606565051636807,-80.63991794438657
168.94339985111722,-8.277820294000978,2.7737806842862156,-21.352840345390582,-20.599702097105578,-79.92767173524638
168.95158295368742,-8.271291902352814,2.7744193183288908,-21.345680687520222,-20.59284031123932,-79.21791175123366
168.95976726494726,-8.264766414250685,2.7750575689943435,-21.3385239403276,-20.58597969291279,-78.51063506067274
168.96795278468207,-8.25824382874519,2.7756954379735674,-21.331370100997432,-20.579120241000794,-77.8058387318875
168.97613951267724,-8.251724144886984,2.7763329269575583,-21.324219166714194,-20.572261954378213,-77.10351983320217
168.984327448718,-8.245207361726836,2.7769700376373083,-21.317071134662157,-20.56540483192003,-76.40367543294067
168.99251659258977,-8.238693478315518,2.777606771703815,-21.309926002025275,-20.55854887250126,-75.7063025994276
169.00070694407765,-8.232182493703956,2.778243130848071,-21.302783765987353,-20.55169407499704,-75.0113984009865
169.00889850296682,-8.225674406943131,2.77887911676107,-21.295644423731936,-20.54484043828256,-74.31895990594161
169.01709126904237,-8.219169217084142,2.7795147311338084,-21.288507972442304,-20.537987961233096,-73.6289841826173
169.02528524208952,-8.21266692317808,2.7801499756572796,-21.281374409301517,-20.531136642723986,-72.94146829933739
169.0334804218932,-8.206167524276209,2.7807848520224776,-21.27424373149242,-20.524286481630668,-72.25640932442613
169.04167680823835,-8.199671019429855,2.7814193619203973,-21.26711593619761,-20.51743747682861,-71.57380432620752
169.04987440091,-8.19317740769037,2.7820535070420345,-21.259991020599426,-20.51058962719341,-70.89365037300558
169.05807319969298,-8.186686688109257,2.7826872890783805,-21.252868981879995,-20.5037429316007,-70.21594453314437
169.0662732043722,-8.180198859738066,2.7833207097204338,-21.245749817221217,-20.496897388926193,-69.54068387494831
169.0744744147324,-8.173713921628444,2.7839537706591853,-21.23863352380475,-20.490052998045698,-68.86786546674121
169.08267683055828,-8.167231872832136,2.7845864735856307,-21.231520098812027,-20.483209757835077,-68.19748637684742
169.09088045163466,-8.160752712400898,2.785218820190766,-21.2244095394242,-20.47636766717024,-67.52954367359088
169.09908527774613,-8.154276439386644,2.7858508121655827,-21.21730184282228,-20.469526724927242,-66.86403442529567
169.1072913086772,-8.147803052841358,2.7864824512010786,-21.21019700618696,-20.462686929982123,-66.20095570028585
169.11549854421258,-8.141332551817058,2.7871137389882445,-21.20309502669876,-20.455848281211082,-65.5403045668856
169.12370698413667,-8.13486493536589,2.787744677218078,-21.195995901537913,-20.449010777490294,-64.88207809341893
169.131916628234,-8.128400202540076,2.788375267581572,-21.188899627884446,-20.44217441769609,-64.22627334821013
169.14012747628882,-8.121938352391938,2.789005511769721,-21.181806202918214,-20.43533920070483,-63.57288739958299
169.1483395280857,-8.115479383973806,2.7896354114735202,-21.174715623818724,-20.428505125392945,-62.9219173158619
169.15655278340878,-8.109023296338178,2.7902649683839633,-21.167627887765335,-20.421672190636954,-62.2733601653707
169.1647672420424,-8.102570088537588,2.7908941841920445,-21.160542991937167,-20.41484039531343,-61.62721301643383
169.17298290377065,-8.096119759624695,2.791523060588759,-21.153460933513088,-20.408009738299008,-60.983472937375225
169.1811997683778,-8.089672308652158,2.7921515992651025,-21.146381709671726,-20.401180218470415,-60.34213699651888
169.1894178356479,-8.083227734672807,2.7927798019120664,-21.139305317591553,-20.394351834704445,-59.70320226218893
169.19763710536503,-8.076786036739508,2.7934076702206467,-21.132231754450714,-20.387524585877937,-59.066665802709466
169.2058575773131,-8.070347213905253,2.7940352058818383,-21.125161017427185,-20.380698470867813,-58.4325246864046
169.21407925127616,-8.063911265223028,2.7946624105866356,-21.118093103698687,-20.373873488551066,-57.80077598159851
169.22230212703806,-8.057478189745991,2.7952892860260317,-21.11102801044275,-20.367049637804758,-57.17141675661517
169.23052620438267,-8.051047986527346,2.7959158338910233,-21.103965734836624,-20.360226917506004,-56.54444407977876
169.2387514830937,-8.044620654620411,2.796542055872603,-21.096906274057364,-20.353405326531995,-55.91985501941337
169.246977962955,-8.038196193078509,2.7971679536617664,-21.0898496252818,-20.34658486375999,-55.29764664384319
169.25520564375012,-8.031774600955124,2.7977935289495064,-21.082795785686535,-20.339765528067318,-54.677816021392005
169.26343452526282,-8.0253558773038,2.798418783426819,-21.075744752447907,-20.332947318331357,-54.06036022038434
169.27166460727656,-8.018940021178183,2.7990437187846977,-21.068696522742087,-20.326130233429563,-53.44527630914388
169.27989588957496,-8.012527031631926,2.7996683367141384,-21.061651093744967,-20.31931427223946,-52.832561355994976
169.28812837194147,-8.006116907718852,2.8002926389061336,-21.054608462632245,-20.312499433638635,-52.22221242926165
169.2963620541595,-7.99970964849283,2.800916627051679,-21.047568626579388,-20.305685716504733,-51.614226597268036
169.3045969360123,-7.993305253007842,2.8015403028417687,-21.040531582761638,-20.29887311971547,-51.00860092833808
169.3128330172834,-7.986903720317877,2.802163667967397,-21.03349732835399,-20.292061642148617,-50.405332490796184
169.3210702977559,-7.980505049477086,2.8027867241195596,-21.026465860531257,-20.28525128268201,-49.80441835296626
169.32930877721304,-7.974109239539676,2.8034094729892485,-21.01943717646799,-20.278442040193582,-49.205855583172315
169.3375484554379,-7.96771628955996,2.80403191626746,-21.012411273338525,-20.27163391356127,-48.60964124973858
169.34578933221368,-7.961326198592266,2.804654055645189,-21.005388148316985,-20.264826901663106,-48.01577242098909
169.35403140732336,-7.9549389656910705,2.8052758928134285,-20.998367798577256,-20.2580210033772,-47.4242461652481
169.36227468054992,-7.948554589910919,2.805897429463173,-20.99135022129302,-20.251216217581693,-46.83505955083937
169.3705191516762,-7.942173070306458,2.806518667285419,-20.984335413637705,-20.24441254315479,-46.24820964608725
169.37876482048526,-7.935794405932349,2.8071396079711577,-20.97732337278456,-20.23760997897481,-45.66369351931593
169.38701168675973,-7.929418595843408,2.807760253211386,-20.970314095906563,-20.23080852392005,-45.081508238849246
169.3952597502824,-7.92304563909453,2.808380604697098,-20.96330758017649,-20.22400817686892,-44.50165087301147
169.40350901083602,-7.916675534740635,2.8090006641192877,-20.956303822766927,-20.21720893669989,-43.9241184901266
169.41175946820323,-7.910308281836783,2.8096204331689503,-20.94930282085018,-20.210410802291467,-43.3489081585188
169.42001112216656,-7.903943879438106,2.8102399135370777,-20.942304571598385,-20.203613772522246,-42.77601694651219
169.42826397250855,-7.897582326599834,2.8108591069146676,-20.93530907218342,-20.196817846270857,-42.205441922430786
169.43651801901166,-7.89122362237722,2.8114780149927125,-20.92831631977697,-20.190023022416003,-41.637180154598646
169.44477326145838,-7.884867765825664,2.8120966394622084,-20.921326311550473,-20.18322929983643,-41.07122871134008
169.45302969963095,-7.878514756000625,2.8127149820141484,-20.914339044675177,-20.176436677410972,-40.50758466097896
169.46128733331167,-7.872164591957679,2.813333044339527,-20.907354516322087,-20.169645154018493,-39.94624507183942
169.46954616228288,-7.865817272752409,2.8139508281293395,-20.900372723661977,-20.16285472853793,-39.38720701224576
169.4778061863267,-7.859472797440552,2.8145683350745796,-20.893393663865453,-20.156065399848284,-38.83046755052188
169.48606740522519,-7.853131165077907,2.8151855668662416,-20.88641733410286,-20.149277166828583,-38.27602375499186
169.49432981876043,-7.8467923747203825,2.8158025251953216,-20.879443731544317,-20.142490028357944,-37.72387269397982
169.50259342671453,-7.840456425423898,2.8164192117528124,-20.87247285335975,-20.135703983315533,-37.17401143581004
169.5108582288693,-7.834123316244534,2.817035628229708,-20.865504696718865,-20.128919030580565,-36.62643704880635
169.5191242250067,-7.827793046238419,2.8176517763170046,-20.85853925879113,-20.122135169032315,-36.081146601293014
169.52739141490846,-7.821465614461805,2.8182676577056958,-20.851576536745828,-20.115352397550115,-35.53813716159408
169.53565979835645,-7.815141019970943,2.818883274086777,-20.844616527751977,-20.10857071501335,-34.99740579803373
169.5439293751323,-7.808819261822253,2.8194986271512397,-20.837659228978435,-20.101790120301484,-34.45894957893594
169.5522001450177,-7.8025003390722025,2.820113718590082,-20.83070463759378,-20.095010612293986,-33.92276557262483
169.56047210779414,-7.796184250777381,2.8207285500942967,-20.823752750766445,-20.08823218987042,-33.38885084742452
169.56874526324324,-7.789870995994378,2.821343123354877,-20.81680356566459,-20.081454851910404,-32.85720247165914
169.5770196111464,-7.783560573779949,2.8219574400628193,-20.80985707945618,-20.07467859729359,-32.327817513652654
169.58529515128507,-7.7772529831909045,2.8225715019091178,-20.802913289308954,-20.0679034248997,-31.80069304172945
169.59357188344046,-7.770948223284167,2.823185310584766,-20.795972192390465,-20.061129333608495,-31.275826124213246
169.601849807394,-7.764646293116669,2.8237988677807597,-20.789033785868007,-20.054356322299803,-30.75321382942845
169.61012892292683,-7.7583471917455,2.8244121751880926,-20.78209806690868,-20.047584389853498,-30.232853225699003
169.61840922982006,-7.752050918227816,2.8250252344977578,-20.775165032679407,-20.040813535149525,-29.714741381348972
169.6266907278548,-7.7457574716208715,2.8256380474007528,-20.768234680346826,-20.034043757067835,-29.198875364702527
169.63497341681216,-7.739466850981944,2.82625061558807,-20.7613070070774,-20.0272750544885,-28.685252244083905
169.64325729647297,-7.73317905536846,2.8268629407507033,-20.754382010037393,-20.02050742629158,-28.173869087816843
169.65154236661823,-7.726894083837914,2.8274750245796474,-20.74745968639282,-20.013740871357232,-27.664722964225824
169.65982862702867,-7.7206119354479,2.828086868765899,-20.740540033309504,-20.00697538856562,-27.157810941634747
169.6681160774852,-7.714332609256038,2.828698475000451,-20.733623047953046,-20.000210976797007,-26.653130088367686
169.67640471776843,-7.708056104320093,2.8293098449742975,-20.726708727488855,-19.993447634931687,-26.15067747274883
169.68469454765895,-7.701782419697928,2.8299209803784318,-20.7197970690821,-19.986685361849997,-25.65045016310202
169.69298556693752,-7.695511554447397,2.8305318829038515,-20.71288806989773,-19.97992415643231,-25.152445227751876
169.70127777538454,-7.689243507626537,2.8311425542415485,-20.705981727100536,-19.97316401755911,-24.6566597350219
169.7095711727805,-7.682978278293429,2.831752996082518,-20.69907803785503,-19.966404944110852,-24.16309075323664
169.7178657589057,-7.67671586550627,2.832363210117756,-20.692176999325564,-19.959646934968095,-23.67173535072006
