galstreams/tracks/track.st.300S.fu2018.ecsv
# %ECSV 0.9
# ---
# datatype:
# - {name: ra, unit: deg, datatype: float64}
# - {name: dec, unit: deg, datatype: float64}
# - {name: distance, unit: kpc, datatype: float64}
# - {name: pm_ra_cosdec, unit: mas / yr, datatype: float64}
# - {name: pm_dec, unit: mas / yr, datatype: float64}
# - {name: radial_velocity, unit: km / s, datatype: float64}
# delimiter: ','
# meta: !!omap
# - __serialized_columns__:
#     dec:
#       __class__: astropy.coordinates.angles.Latitude
#       unit: &id001 !astropy.units.Unit {unit: deg}
#       value: !astropy.table.SerializedColumn {name: dec}
#     distance:
#       __class__: astropy.coordinates.distances.Distance
#       unit: !astropy.units.Unit {unit: kpc}
#       value: !astropy.table.SerializedColumn {name: distance}
#     pm_dec:
#       __class__: astropy.units.quantity.Quantity
#       unit: !astropy.units.Unit {unit: mas / yr}
#       value: !astropy.table.SerializedColumn {name: pm_dec}
#     pm_ra_cosdec:
#       __class__: astropy.units.quantity.Quantity
#       unit: !astropy.units.Unit {unit: mas / yr}
#       value: !astropy.table.SerializedColumn {name: pm_ra_cosdec}
#     ra:
#       __class__: astropy.coordinates.angles.Longitude
#       unit: *id001
#       value: !astropy.table.SerializedColumn {name: ra}
#       wrap_angle: !astropy.coordinates.Angle
#         unit: *id001
#         value: 360.0
#     radial_velocity:
#       __class__: astropy.units.quantity.Quantity
#       unit: !astropy.units.Unit {unit: km / s}
#       value: !astropy.table.SerializedColumn {name: radial_velocity}
# schema: astropy-2.0
ra,dec,distance,pm_ra_cosdec,pm_dec,radial_velocity
151.80000501357952,16.046962361141194,17.96333294183257,1.5543122344752192e-15,-3.3306690738754696e-16,298.52295912772075
151.85766463449525,16.041251410758193,17.940670901881248,6.661338147750939e-16,-1.1102230246251565e-16,298.53036761194437
151.91531889759267,16.035508964118467,17.91805354254004,2.220446049250313e-16,-1.1102230246251565e-16,298.53713312264364
151.9729677961616,16.029735143980233,17.895480876346856,0.0,-3.3306690738754696e-16,298.5432566384449
152.03061132365553,16.02393007310861,17.872952915839612,8.881784197001252e-16,0.0,298.5487391379751
152.08824947369158,16.018093874275465,17.850469673556212,-2.220446049250313e-16,-1.1102230246251565e-16,298.5535815998604
152.1458822400499,16.012226670259352,17.82803116203457,1.3322676295501878e-15,-3.3306690738754696e-16,298.5577850027276
152.20350961667407,16.006328583845338,17.805637393812606,-2.2204460492503128e-16,0.0,298.56135032520314
152.26113159767056,16.00039973782496,17.783288381428225,8.881784197001252e-16,0.0,298.56427854591385
152.3187481773089,15.994440254996057,17.760984137419335,1.5543122344752192e-15,1.1102230246251565e-16,298.56657064348593
152.37635935002146,15.98845025816267,17.738724674323848,4.440892098500626e-16,-5.551115123125783e-16,298.56822759654614
152.43396511040316,15.982429870134949,17.716510004679684,1.3322676295501878e-15,1.1102230246251565e-16,298.56925038372106
152.4915654532116,15.976379213729038,17.694340141024753,4.440892098500626e-16,-2.220446049250313e-16,298.56963998363716
152.5491603733666,15.97029841176695,17.67221509589696,1.1102230246251565e-15,0.0,298.56939737492104
152.6067498659504,15.964187587076465,17.650134881834212,1.1102230246251565e-15,0.0,298.5685235361994
152.66433392620723,15.958046862491027,17.628099511374437,8.881784197001252e-16,1.1102230246251565e-16,298.5670194460987
152.72191254954353,15.95187636084961,17.606108997055536,8.881784197001252e-16,0.0,298.5648860832455
152.77948573152733,15.945676204996639,17.584163351415423,1.1102230246251565e-15,-1.1102230246251565e-16,298.56212442626634
152.8370534678885,15.939446517781859,17.562262586992006,4.440892098500626e-16,-2.220446049250313e-16,298.55873545378773
152.8946157545184,15.93318742206023,17.540406716323204,6.661338147750939e-16,1.1102230246251565e-16,298.5547201444365
152.9521725874699,15.926899040691845,17.518595751946922,8.881784197001252e-16,0.0,298.55007947683896
153.00972396295694,15.920581496541768,17.496829706401073,4.440892098500626e-16,-1.1102230246251565e-16,298.5448144296218
153.0672698773549,15.914234912479964,17.47510859222357,2.2204460492503128e-16,-1.1102230246251565e-16,298.5389259814115
153.12481032719984,15.907859411381187,17.453432421952325,8.881784197001252e-16,-1.1102230246251565e-16,298.53241511083473
153.1823453091888,15.901455116124872,17.431801208125243,6.661338147750939e-16,-1.1102230246251565e-16,298.52528279651807
153.23987482017947,15.895022149595015,17.410214963280254,2.2204460492503128e-16,-3.3306690738754696e-16,298.5175300170879
153.29739885719002,15.888560634680069,17.38867369995525,4.440892098500626e-16,0.0,298.5091577511709
153.35491741739898,15.882070694272874,17.36717743068814,0.0,-2.220446049250313e-16,298.5001669773937
153.41243049814526,15.875552451270478,17.345726168016856,0.0,-3.3306690738754696e-16,298.4905586743829
153.46993809692768,15.869006028574088,17.324319924479294,8.881784197001252e-16,-5.551115123125783e-16,298.4803338207648
153.52744021140498,15.862431549088956,17.30295871261337,2.220446049250313e-15,-1.1102230246251565e-16,298.46949339516624
153.58493683939577,15.855829135724266,17.281642544957,4.4408920985006257e-16,-1.1102230246251565e-16,298.45803837621355
153.64242797887815,15.849198911393017,17.26037143404809,6.661338147750939e-16,-1.1102230246251565e-16,298.4459697425337
153.6999136279896,15.842540999011945,17.239145392424547,1.3322676295501878e-15,1.1102230246251565e-16,298.43328847275285
153.75739378502718,15.835855521501387,17.217964432624292,4.440892098500626e-16,-3.3306690738754696e-16,298.4199955454978
153.81486844844676,15.82914260178518,17.196828567185236,1.5543122344752192e-15,0.0,298.40609193939497
153.8723376168633,15.822402362790612,17.175737808645284,1.7763568394002505e-15,0.0,298.39157863307094
153.92980128905057,15.81563492744824,17.15469216954235,1.7763568394002503e-15,-2.220446049250313e-16,298.3764566051524
153.98725946394097,15.808840418691844,17.133691662414357,6.661338147750939e-16,-1.1102230246251565e-16,298.36072683426585
154.04471214062528,15.802018959458287,17.11273629979919,2.220446049250313e-16,-1.1102230246251565e-16,298.34439029903774
154.1021593183528,15.795170672687421,17.09182609423479,0.0,-5.551115123125783e-16,298.3274479780948
154.15960099653077,15.788295681322005,17.070961058259048,6.661338147750939e-16,-4.440892098500626e-16,298.30990085006357
154.2170371747245,15.781394108307586,17.05014120440989,1.1102230246251565e-15,-5.551115123125783e-16,298.2917498935707
154.27446785265712,15.774466076592397,17.029366545225216,1.9984014443252818e-15,2.220446049250313e-16,298.2729960872425
154.33189303020936,15.767511709127268,17.008637093242942,1.7763568394002505e-15,-1.1102230246251565e-16,298.2536404097056
154.38931270741944,15.760531128865503,16.987952861000984,6.661338147750939e-16,-1.1102230246251565e-16,298.2336838395869
154.44672688448287,15.753524458762781,16.967313861037244,1.7763568394002505e-15,1.1102230246251565e-16,298.21312735551254
154.50413556175238,15.746491821777084,16.946720105889646,6.661338147750939e-16,0.0,298.1919719361092
154.56153873973747,15.739433340868576,16.92617160809609,2.220446049250313e-16,-2.220446049250313e-16,298.1702185600037
154.6189364191046,15.732349138999487,16.905668380194495,1.3322676295501878e-15,2.220446049250313e-16,298.14786820582236
154.67632860067678,15.725239339134061,16.885210434722765,1.1102230246251565e-15,-1.1102230246251565e-16,298.1249218521918
154.7337152854334,15.718104064238412,16.864797784218823,1.9984014443252818e-15,-3.3306690738754696e-16,298.10138047773853
154.79109647451023,15.710943437280411,16.844430441220567,1.3322676295501878e-15,-2.220446049250313e-16,298.07724506108923
154.84847216919908,15.70375758122966,16.824108418265922,4.440892098500626e-16,-4.440892098500626e-16,298.0525165808703
154.90584237094754,15.696546619057328,16.803831727892796,1.7763568394002503e-15,-1.1102230246251565e-16,298.02719601570874
154.96320708135912,15.689310673736083,16.783600382639086,1.5543122344752192e-15,-1.1102230246251565e-16,298.0012843442305
155.02056630219275,15.682049868239975,16.763414395042723,1.7763568394002505e-15,-1.1102230246251565e-16,297.97478254506257
155.07792003536272,15.674764325544364,16.743273777641612,8.881784197001252e-16,-1.1102230246251565e-16,297.94769159683136
155.13526828293868,15.667454168625788,16.72317854297366,8.881784197001252e-16,-1.1102230246251565e-16,297.9200124781634
155.19261104714508,15.660119520461896,16.703128703576784,2.220446049250313e-16,-2.220446049250313e-16,297.8917461676855
155.2499483303613,15.652760504031356,16.683124271988895,6.661338147750939e-16,-2.220446049250313e-16,297.862893644024
155.3072801351213,15.645377242313725,16.663165260747903,8.881784197001251e-16,-1.1102230246251565e-16,297.83345588580556
155.36460646411356,15.63796985828938,16.643251682391714,8.881784197001252e-16,0.0,297.8034338716566
155.4219273201807,15.63053847493943,16.62338354945826,2.220446049250313e-16,-2.220446049250313e-16,297.7728285802038
155.4792427063197,15.623083215245568,16.603560874485424,8.881784197001252e-16,-3.3306690738754696e-16,297.7416409900738
155.53655262568114,15.615604202190054,16.583783670011137,8.881784197001252e-16,0.0,297.70987207989305
155.5938570815694,15.608101558755552,16.5640519485733,1.3322676295501878e-15,4.440892098500626e-16,297.6775228282881
155.65115607744252,15.600575407925103,16.544365722709845,4.4408920985006257e-16,-3.3306690738754696e-16,297.6445942138857
155.70844961691165,15.593025872681947,16.524725004958654,1.1102230246251565e-15,1.1102230246251565e-16,297.6110872153121
155.76573770374114,15.58545307600952,16.50512980785766,1.3322676295501878e-15,-1.1102230246251565e-16,297.57700281119423
155.82302034184852,15.577857140891266,16.485580143944766,4.440892098500626e-16,-1.1102230246251565e-16,297.5423419801585
155.88029753530375,15.570238190310643,16.466076025757886,8.881784197001252e-16,2.220446049250313e-16,297.5071057008313
155.9375692883296,15.562596347250956,16.446617465834926,6.661338147750939e-16,-4.440892098500626e-16,297.47129495183947
155.99483560530103,15.554931734695295,16.427204476713808,8.881784197001251e-16,0.0,297.43491071180944
156.05209649074533,15.547244475626448,16.407837070932434,2.2204460492503128e-16,-3.3306690738754696e-16,297.3979539593679
156.10935194934157,15.539534693026793,16.388515261028722,1.7763568394002505e-15,-2.220446049250313e-16,297.36042567314115
156.16660198592095,15.531802509878203,16.369239059540583,6.661338147750939e-16,-2.220446049250313e-16,297.3223268317561
156.22384660546598,15.524048049161996,16.350008479005925,4.440892098500626e-16,-1.1102230246251565e-16,297.28365841383896
156.28108581311062,15.516271433858789,16.33082353196266,6.661338147750939e-16,0.0,297.24442139801664
156.3383196141401,15.508472786948452,16.311684230948707,6.661338147750939e-16,-1.1102230246251565e-16,297.20461676291546
156.39554801399058,15.50065223140999,16.292590588501966,0.0,-2.220446049250313e-16,297.1642454871621
156.45277101824897,15.49280989022148,16.273542617160356,1.1102230246251565e-15,-3.3306690738754696e-16,297.1233085493831
156.509988632653,15.48494588635993,16.254540329461786,8.881784197001252e-16,-1.1102230246251565e-16,297.0818069282049
156.56720086309062,15.477060342801263,16.235583737944168,8.881784197001252e-16,2.220446049250313e-16,297.0397416022545
156.6244077156,15.469153382520183,16.216672855145415,1.1102230246251565e-15,-4.440892098500626e-16,296.99711355015796
156.68160919636932,15.461225128490081,16.197807693603437,4.4408920985006257e-16,-1.1102230246251565e-16,296.95392375054206
156.7388053117366,15.453275703682989,16.178988265856148,2.2204460492503128e-16,-2.220446049250313e-16,296.9101731820333
156.7959960681893,15.445305231069439,16.160214584441455,1.5543122344752192e-15,-1.1102230246251565e-16,296.86586282325845
156.85318147236455,15.437313833618417,16.141486661897275,6.661338147750939e-16,-5.551115123125783e-16,296.8209936528438
156.91036153104844,15.429301634297248,16.12280451076151,2.2204460492503128e-16,-2.220446049250313e-16,296.77556664941613
156.96753625117603,15.421268756071553,16.10416814357209,8.881784197001252e-16,-1.1102230246251565e-16,296.72958279160196
157.02470563983127,15.413215321905104,16.08557757286691,6.661338147750939e-16,-1.1102230246251565e-16,296.6830430580277
157.08186970424663,15.405141454759786,16.067032811183882,1.7763568394002505e-15,0.0,296.6359484273201
157.13902845180286,15.397047277595497,16.048533871060926,1.1102230246251565e-15,-4.440892098500626e-16,296.5882998781057
157.19618189002904,15.38893291337003,16.03008076503595,1.1102230246251565e-15,-1.1102230246251565e-16,296.54009838901095
157.25333002660201,15.380798485039058,16.011673505646865,8.881784197001252e-16,-2.220446049250313e-16,296.49134493866256
157.31047286934646,15.372644115555984,15.993312105431587,2.220446049250313e-16,-3.3306690738754696e-16,296.442040505687
157.3676104262345,15.364469927871891,15.974996576928023,4.4408920985006257e-16,-1.1102230246251565e-16,296.3921860687109
157.42474270538565,15.356276044935452,15.956726932674082,6.661338147750939e-16,0.0,296.34178260636077
157.48186971506644,15.34806258969286,15.93850318520768,4.440892098500626e-16,2.220446049250313e-16,296.2908310972632
157.53899146369042,15.339829685087699,15.92032534706673,6.661338147750939e-16,0.0,296.23933252004485
157.5961079598177,15.331577454060914,15.902193430789136,1.3322676295501878e-15,-2.220446049250313e-16,296.1872878533321
157.65321921215488,15.323306019550712,15.884107448912815,4.4408920985006257e-16,2.220446049250313e-16,296.1346980757517
157.71032522955483,15.315015504492466,15.866067413975678,0.0,0.0,296.0815641659301
157.76742602101643,15.306706031818646,15.848073338515638,6.661338147750939e-16,2.220446049250313e-16,296.0278871024939
157.82452159568442,15.298377724458746,15.830125235070609,6.661338147750939e-16,0.0,295.97366786406957
157.88161196284915,15.290030705339174,15.812223116178497,-2.220446049250313e-16,2.220446049250313e-16,295.918907429284
157.9386971319463,15.281665097383218,15.794366994377214,-2.220446049250313e-16,-4.440892098500626e-16,295.86360677676333
157.99577711255674,15.27328102351091,15.776556882204677,4.440892098500626e-16,0.0,295.8077668851344
158.05285191440635,15.264878606639,15.75879279219879,4.440892098500626e-16,0.0,295.7513887330238
158.10992154736573,15.256457969680842,15.741074736897467,8.881784197001252e-16,-2.220446049250313e-16,295.6944732990578
158.16698602144996,15.248019235546318,15.723402728838623,6.661338147750939e-16,0.0,295.6370215618634
158.22404534681846,15.239562527141782,15.705776780560168,6.661338147750939e-16,0.0,295.5790345000668
158.28109953377472,15.231087967369957,15.688196904600014,8.881784197001252e-16,-2.220446049250313e-16,295.5205130922948
158.33814859276612,15.222595679129874,15.67066311349607,4.440892098500626e-16,-2.220446049250313e-16,295.4614583171737
158.3951925343836,15.214085785316778,15.653175419786251,4.440892098500626e-16,2.220446049250313e-16,295.40187115333026
158.45223136936164,15.205558408822062,15.635733836008466,4.440892098500626e-16,0.0,295.34175257939125
158.50926510857784,15.197013672533203,15.61833837470063,0.0,0.0,295.2811035739829
158.56629376305278,15.18845169933365,15.600989048400645,0.0,0.0,295.2199251157318
158.62331734394982,15.17987261210278,15.583685869646436,6.661338147750939e-16,2.220446049250313e-16,295.1582181832646
158.6803358625749,15.171276533715817,15.566428850975903,2.220446049250313e-16,0.0,295.095983755208
158.73734933037616,15.16266358704375,15.549218004926967,4.4408920985006257e-16,-2.220446049250313e-16,295.0332228101883
158.79435775894393,15.15403389495324,15.532053344037536,2.220446049250313e-16,-6.661338147750939e-16,294.9699363268324
158.85136116001033,15.145387580306581,15.51493488084552,-2.2204460492503128e-16,0.0,294.90612528376647
158.90835954544912,15.136724765961617,15.497862627888829,4.440892098500626e-16,0.0,294.84179065961735
158.96535292727552,15.128045574771651,15.480836597705379,6.661338147750939e-16,-4.440892098500626e-16,294.7769334330115
159.0223413176459,15.119350129585374,15.463856802833078,0.0,-2.220446049250313e-16,294.71155458257573
159.07932472885759,15.110638553246812,15.446923255809843,-2.220446049250313e-16,-2.220446049250313e-16,294.64565508693624
159.13630317334867,15.101910968595233,15.430035969173582,-8.881784197001251e-16,2.220446049250313e-16,294.5792359247197
159.19327666369767,15.093167498465085,15.413194955462206,0.0,0.0,294.5122980745528
159.25024521262347,15.084408265685925,15.396400227213626,4.4408920985006257e-16,0.0,294.44484251506213
159.30720883298494,15.075633393082336,15.379651796965756,4.440892098500626e-16,-2.220446049250313e-16,294.3768702248741
159.36416753778084,15.066843003473862,15.362949677256506,-6.661338147750939e-16,-4.440892098500626e-16,294.30838218261533
159.42112134014937,15.058037219674942,15.346293880623787,6.661338147750939e-16,2.220446049250313e-16,294.2393793669123
159.4780702533683,15.04921616449484,15.329684419605512,-2.220446049250313e-16,0.0,294.1698627563919
159.53501429085432,15.040379960737567,15.313121306739589,-6.661338147750939e-16,0.0,294.09983332968034
159.59195346616318,15.031528731201801,15.296604554563938,-6.661338147750939e-16,4.440892098500626e-16,294.02929206540426
159.64888779298917,15.02266259868086,15.28013417561646,0.0,-4.440892098500626e-16,293.95823994219046
159.70581728516512,15.013781685962575,15.263710182435076,-2.220446049250313e-16,0.0,293.88667793866523
159.76274195666207,15.004886115829269,15.247332587557691,-8.881784197001251e-16,2.220446049250313e-16,293.8146070334553
