galstreams/tracks/track.st.Hermus.grillmair2014.ecsv
# %ECSV 0.9
# ---
# datatype:
# - {name: ra, unit: deg, datatype: float64}
# - {name: dec, unit: deg, datatype: float64}
# - {name: distance, unit: kpc, datatype: float64}
# - {name: pm_ra_cosdec, unit: mas / yr, datatype: float64}
# - {name: pm_dec, unit: mas / yr, datatype: float64}
# - {name: radial_velocity, unit: km / s, datatype: float64}
# delimiter: ','
# meta: !!omap
# - __serialized_columns__:
#     dec:
#       __class__: astropy.coordinates.angles.Latitude
#       unit: &id001 !astropy.units.Unit {unit: deg}
#       value: !astropy.table.SerializedColumn {name: dec}
#     distance:
#       __class__: astropy.coordinates.distances.Distance
#       unit: !astropy.units.Unit {unit: kpc}
#       value: !astropy.table.SerializedColumn {name: distance}
#     pm_dec:
#       __class__: astropy.units.quantity.Quantity
#       unit: !astropy.units.Unit {unit: mas / yr}
#       value: !astropy.table.SerializedColumn {name: pm_dec}
#     pm_ra_cosdec:
#       __class__: astropy.units.quantity.Quantity
#       unit: !astropy.units.Unit {unit: mas / yr}
#       value: !astropy.table.SerializedColumn {name: pm_ra_cosdec}
#     ra:
#       __class__: astropy.coordinates.angles.Longitude
#       unit: *id001
#       value: !astropy.table.SerializedColumn {name: ra}
#       wrap_angle: !astropy.coordinates.Angle
#         unit: *id001
#         value: 360.0
#     radial_velocity:
#       __class__: astropy.units.quantity.Quantity
#       unit: !astropy.units.Unit {unit: km / s}
#       value: !astropy.table.SerializedColumn {name: radial_velocity}
# schema: astropy-2.0
ra,dec,distance,pm_ra_cosdec,pm_dec,radial_velocity
245.41607028968522,4.999980848603831,18.947016470080285,0.0,0.0,0.0
245.41884940985992,5.0099218526067295,18.94892242651916,0.0,0.0,0.0
245.42161406033065,5.019863160617001,18.950805314017536,0.0,0.0,0.0
245.42436426084635,5.0298047728104835,18.952665338644145,0.0,0.0,0.0
245.427100031154,5.039746689361998,18.954502705188283,0.0,0.0,0.0
245.4298213909988,5.049688910445353,18.956317617165713,0.0,0.0,0.0
245.43252836012417,5.059631436233518,18.958110276824243,0.0,0.0,0.0
245.43522095827137,5.069574266898303,18.959880885149612,0.0,0.0,0.0
245.43789920517995,5.079517402610573,18.961629641870992,0.0,0.0,0.0
245.44056312058714,5.089460843540181,18.96335674546687,0.0,0.0,0.0
245.4432127242284,5.099404589855955,18.96506239317057,0.0,0.0,0.0
245.44584803583683,5.109348641725716,18.966746780975917,0.0,0.0,0.0
245.4484690751434,5.119292999316227,18.968410103642878,0.0,0.0,0.0
245.45107586187694,5.129237662793179,18.970052554703205,0.0,0.0,0.0
245.4536684157639,5.139182632321381,18.97167432646592,0.0,0.0,0.0
245.45624675652854,5.149127908064435,18.97327561002295,0.0,0.0,0.0
245.45881090389264,5.159073490184921,18.97485659525474,0.0,0.0,0.0
245.4613608775757,5.169019378844376,18.97641747083557,0.0,0.0,0.0
245.46389669729456,5.178965574203263,18.97795842423933,0.0,0.0,0.0
245.4664183827638,5.188912076420958,18.979479641744845,0.0,0.0,0.0
245.46892595369536,5.198858885655759,18.98098130844135,0.0,0.0,0.0
245.47141942979846,5.208806002064915,18.982463608234028,0.0,0.0,0.0
245.47389883077986,5.218753425804461,18.983926723849393,0.0,0.0,0.0
245.47636417634357,5.228701157029553,18.985370836840737,0.0,0.0,0.0
245.4788154861908,5.238649195894046,18.98679612759352,0.0,0.0,0.0
245.48125278002001,5.248597542550752,18.988202775330727,0.0,0.0,0.0
245.48367607752695,5.258546197151361,18.98959095811827,0.0,0.0,0.0
245.48608539840438,5.268495159846442,18.990960852870355,0.0,0.0,0.0
245.48848076234222,5.2784444307854415,18.992312635354722,0.0,0.0,0.0
245.49086218902727,5.288394010116593,18.99364648019811,0.0,0.0,0.0
245.49322969814358,5.2983438979872,18.994962560891317,0.0,0.0,0.0
245.49558330937197,5.308294094543199,18.996261049794782,0.0,0.0,0.0
245.49792304239014,5.318244599929482,18.997542118143524,0.0,0.0,0.0
245.5002489168728,5.328195414289745,18.99880593605268,0.0,0.0,0.0
245.5025609524914,5.338146537766555,19.00005267252243,0.0,0.0,0.0
245.50485916891407,5.34809797050127,19.00128249544351,0.0,0.0,0.0
245.5071435858059,5.358049712634126,19.002495571602143,0.0,0.0,0.0
245.50941422282835,5.368001764304141,19.00369206668537,0.0,0.0,0.0
245.5116710996398,5.3779541256490955,19.004872145286107,0.0,0.0,0.0
245.51391423589507,5.387906796805787,19.00603597090833,0.0,0.0,0.0
245.51614365124559,5.3978597779095985,19.007183705972217,0.0,0.0,0.0
245.51835936533922,5.407813069094804,19.008315511819156,0.0,0.0,0.0
245.52056139782042,5.417766670494466,19.009431548716893,0.0,0.0,0.0
245.5227497683299,5.427720582240426,19.010531975864627,0.0,0.0,0.0
245.52492449650492,5.437674804463328,19.01161695139802,0.0,0.0,0.0
245.5270856019789,5.44762933729259,19.0126866323942,0.0,0.0,0.0
245.52923310438172,5.457584180856334,19.013741174876795,0.0,0.0,0.0
245.53136702333936,5.46753933528164,19.014780733820984,0.0,0.0,0.0
245.53348737847406,5.477494800694177,19.015805463158383,0.0,0.0,0.0
245.53559418940424,5.487450577218443,19.01681551578209,0.0,0.0,0.0
245.53768747574446,5.4974066649776665,19.01781104355158,0.0,0.0,0.0
245.53976725710532,5.50736306409385,19.018792197297664,0.0,0.0,0.0
245.54183355309337,5.517319774687732,19.01975912682738,0.0,0.0,0.0
245.54388638331127,5.527276796878798,19.020711980928883,0.0,0.0,0.0
245.5459257673576,5.5372341307852695,19.02165090737637,0.0,0.0,0.0
245.54795172482685,5.547191776524033,19.022576052934863,0.0,0.0,0.0
245.54996427530932,5.557149734210882,19.023487563365105,0.0,0.0,0.0
245.55196343839123,5.567108003960182,19.024385583428433,0.0,0.0,0.0
245.55394923365444,5.577066585885038,19.025270256891446,0.0,0.0,0.0
245.55592168067668,5.587025480097284,19.026141726530973,0.0,0.0,0.0
245.55788079903132,5.596984686707487,19.027000134138714,0.0,0.0,0.0
245.55982660828735,5.606944205824897,19.027845620526065,0.0,0.0,0.0
245.5617591280095,5.616904037557461,19.028678325528876,0.0,0.0,0.0
245.56367837775787,5.626864182011788,19.029498388012115,0.0,0.0,0.0
245.56558437708827,5.636824639293328,19.030305945874655,0.0,0.0,0.0
245.56747714555203,5.64678540950606,19.031101136053902,0.0,0.0,0.0
245.5693567026957,5.656746492752705,19.031884094530533,0.0,0.0,0.0
245.57122306806144,5.666707889134687,19.032654956333122,0.0,0.0,0.0
245.57307626118669,5.67666959875206,19.033413855542786,0.0,0.0,0.0
245.5749163016043,5.686631621703587,19.03416092529783,0.0,0.0,0.0
245.57674320884232,5.696593958086695,19.034896297798387,0.0,0.0,0.0
245.57855700242405,5.706556607997396,19.0356201043109,0.0,0.0,0.0
245.58035770186808,5.7165195715305765,19.036332475172923,0.0,0.0,0.0
245.5821453266881,5.726482848779572,19.037033539797424,0.0,0.0,0.0
245.58391989639296,5.736446439836443,19.037723426677523,0.0,0.0,0.0
245.58568143048655,5.746410344791895,19.038402263390953,0.0,0.0,0.0
245.58742994846784,5.756374563735306,19.039070176604604,0.0,0.0,0.0
245.58916546983085,5.766339096754649,19.039727292078975,0.0,0.0,0.0
245.59088801406446,5.776303943936574,19.04037373467276,0.0,0.0,0.0
245.59259760065254,5.786269105366305,19.041009628347172,0.0,0.0,0.0
245.59429424907395,5.796234581127843,19.04163509617054,0.0,0.0,0.0
245.5959779788022,5.806200371303679,19.04225026032266,0.0,0.0,0.0
245.59764880930578,5.816166475974977,19.042855242099233,0.0,0.0,0.0
245.59930676004788,5.82613289522151,19.043450161916336,0.0,0.0,0.0
245.60095185048638,5.836099629121669,19.044035139314712,0.0,0.0,0.0
245.602584100074,5.846066677752489,19.044610292964183,0.0,0.0,0.0
245.60420352825795,5.856034041189584,19.045175740668057,0.0,0.0,0.0
245.60581015448017,5.866001719507175,19.045731599367418,0.0,0.0,0.0
245.60740399817712,5.8759697127780735,19.046277985145483,0.0,0.0,0.0
245.60898507877982,5.885938021073821,19.046815013231914,0.0,0.0,0.0
245.61055341571384,5.895906644464389,19.047342798007065,0.0,0.0,0.0
245.61210902839915,5.905875583018438,19.047861453006387,0.0,0.0,0.0
245.61365193625016,5.915844836803174,19.048371090924537,0.0,0.0,0.0
245.61518215867565,5.925814405884431,19.048871823619756,0.0,0.0,0.0
245.61669971507885,5.935784290326615,19.049363762118084,0.0,0.0,0.0
245.61820462485727,5.945754490192707,19.04984701661746,0.0,0.0,0.0
245.61969690740253,5.955725005544226,19.050321696492162,0.0,0.0,0.0
245.6211765821007,5.96569583644143,19.050787910296787,0.0,0.0,0.0
245.62264366833202,5.97566698294299,19.05124576577048,0.0,0.0,0.0
245.62409818547079,5.985638445106197,19.05169536984122,0.0,0.0,0.0
245.62554015288546,5.995610222986921,19.052136828629735,0.0,0.0,0.0
245.62696958993868,6.005582316639597,19.052570247453886,0.0,0.0,0.0
245.62838651598705,6.015554726117211,19.052995730832595,0.0,0.0,0.0
245.62979095038125,6.025527451471339,19.053413382490035,0.0,0.0,0.0
245.6311829124659,6.035500492752087,19.053823305359696,0.0,0.0,0.0
245.63256242157956,6.045473850008066,19.054225601588467,0.0,0.0,0.0
245.6339294970547,6.055447523286633,19.054620372540647,0.0,0.0,0.0
245.63528415821776,6.065421512633499,19.05500771880208,0.0,0.0,0.0
245.63662642438882,6.075395818093002,19.055387740184074,0.0,0.0,0.0
245.63795631488188,6.085370439708011,19.055760535727494,0.0,0.0,0.0
245.63927384900478,6.095345377519942,19.056126203706732,0.0,0.0,0.0
245.64057904605897,6.105320631568769,19.05648484163367,0.0,0.0,0.0
245.64187192533956,6.115296201892923,19.056836546261717,0.0,0.0,0.0
245.64315250613544,6.12527208852956,19.05718141358968,0.0,0.0,0.0
245.64442080772903,6.135248291514199,19.057519538865723,0.0,0.0,0.0
245.64567684939638,6.145224810880942,19.057851016591393,0.0,0.0,0.0
245.64692065040705,6.155201646662429,19.058175940525345,0.0,0.0,0.0
245.64815223002418,6.165178798889834,19.058494403687416,0.0,0.0,0.0
245.6493716075043,6.175156267592837,19.058806498362422,0.0,0.0,0.0
245.65057880209744,6.185134052799649,19.059112316104002,0.0,0.0,0.0
245.65177383304706,6.195112154537034,19.059411947738564,0.0,0.0,0.0
245.65295671958998,6.205090572830161,19.05970548336904,0.0,0.0,0.0
245.65412748095625,6.2150693077029455,19.059993012378733,0.0,0.0,0.0
245.6552861363694,6.225048359177629,19.060274623435173,0.0,0.0,0.0
245.65643270504614,6.235027727274994,19.060550404493824,0.0,0.0,0.0
245.65756720619638,6.245007412014389,19.060820442801987,0.0,0.0,0.0
245.65868965902337,6.254987413413629,19.061084824902466,0.0,0.0,0.0
245.6598000827234,6.264967731489076,19.06134363663733,0.0,0.0,0.0
245.66089849648583,6.274948366255562,19.06159696315175,0.0,0.0,0.0
245.66198491949336,6.284929317726391,19.061844888897642,0.0,0.0,0.0
245.6630593709216,6.294910585913547,19.062087497637357,0.0,0.0,0.0
245.66412186993907,6.304892170827322,19.062324872447483,0.0,0.0,0.0
245.66517243570758,6.3148740724765835,19.06255709572244,0.0,0.0,0.0
245.66621108738164,6.3248562908687,19.062784249178172,0.0,0.0,0.0
245.6672378441089,6.33483882600953,19.063006413855852,0.0,0.0,0.0
245.6682527250298,6.344821677903432,19.063223670125456,0.0,0.0,0.0
245.66925574927754,6.354804846553252,19.063436097689433,0.0,0.0,0.0
245.6702469359784,6.36478833196035,19.06364377558634,0.0,0.0,0.0
245.67122630425123,6.37477213412449,19.0638467821944,0.0,0.0,0.0
245.67219387320785,6.38475625304412,19.064045195235128,0.0,0.0,0.0
245.67314966195255,6.394740688716003,19.064239091776884,0.0,0.0,0.0
245.67409368958258,6.404725441135454,19.064428548238432,0.0,0.0,0.0
245.67502597518776,6.414710510296248,19.064613640392547,0.0,0.0,0.0
245.6759465378505,6.424695896190672,19.064794443369465,0.0,0.0,0.0
245.6768553966458,6.434681598809496,19.064971031660473,0.0,0.0,0.0
245.6777525706414,6.444667618141954,19.065143479121364,0.0,0.0,0.0
245.67863807889734,6.454653954175728,19.065311858975992,0.0,0.0,0.0
245.6795119404663,6.464640606897131,19.065476243819703,0.0,0.0,0.0
245.68037417439342,6.474627576290807,19.06563670562283,0.0,0.0,0.0
245.68122479971632,6.48461486233991,19.065793315734144,0.0,0.0,0.0
245.68206383546493,6.494602465026102,19.06594614488431,0.0,0.0,0.0
245.68289130066165,6.504590384329499,19.066095263189307,0.0,0.0,0.0
245.68370721432115,6.514578620228692,19.066240740153795,0.0,0.0,0.0
245.68451159545046,6.524567172700764,19.066382644674604,0.0,0.0,0.0
245.68530446304896,6.5345560417212605,19.066521045044095,0.0,0.0,0.0
245.68608583610808,6.544545227264148,19.06665600895349,0.0,0.0,0.0
245.68685573361168,6.55453472930203,19.066787603496316,0.0,0.0,0.0
245.68761417453567,6.564524547805819,19.066915895171686,0.0,0.0,0.0
245.68836117784826,6.5745146827449545,19.067040949887662,0.0,0.0,0.0
245.68909676250965,6.584505134087336,19.067162832964605,0.0,0.0,0.0
245.68982094747216,6.5944959017993545,19.067281609138465,0.0,0.0,0.0
245.69053375168028,6.6044869858458295,19.06739734256408,0.0,0.0,0.0
245.69123519407037,6.6144783861900525,19.06751009681846,0.0,0.0,0.0
245.691925293571,6.624470102793886,19.067619934904076,0.0,0.0,0.0
245.69260406910246,6.634462135617544,19.06772691925213,0.0,0.0,0.0
245.6932715395772,6.644454484619735,19.067831111725738,0.0,0.0,0.0
245.6939277238995,6.654447149757645,19.06793257362329,0.0,0.0,0.0
245.69457264096553,6.664440130986912,19.06803136568155,0.0,0.0,0.0
245.6952063096633,6.674433428261654,19.068127548078927,0.0,0.0,0.0
245.69582874887263,6.684427041534442,19.068221180438684,0.0,0.0,0.0
245.6964399774652,6.694420970756325,19.0683123218321,0.0,0.0,0.0
245.69704001430435,6.704415215876755,19.068401030781647,0.0,0.0,0.0
245.69762887824527,6.714409776843798,19.068487365264144,0.0,0.0,0.0
245.6982065881348,6.724404653603851,19.068571382713923,0.0,0.0,0.0
245.69877316281142,6.734399846101788,19.068653140025976,0.0,0.0,0.0
245.69932862110525,6.744395354280987,19.06873269355905,0.0,0.0,0.0
245.69987298183813,6.754391178083257,19.068810099138773,0.0,0.0,0.0
245.7004062638234,6.7643873174488895,19.068885412060737,0.0,0.0,0.0
245.700928485866,6.77438377231663,19.068958687093644,0.0,0.0,0.0
245.70143966676227,6.784380542623621,19.0690299784823,0.0,0.0,0.0
245.70193982530026,6.794377628305653,19.06909933995072,0.0,0.0,0.0
245.70242898025933,6.804375029296803,19.069166824705206,0.0,0.0,0.0
245.7029071504103,6.814372745529665,19.06923248543734,0.0,0.0,0.0
245.70337435451555,6.824370776935287,19.069296374327,0.0,0.0,0.0
245.70383061132867,6.8343691234431985,19.069358543045446,0.0,0.0,0.0
245.70427593959465,6.844367784981376,19.06941904275826,0.0,0.0,0.0
245.70471035804977,6.854366761476262,19.069477924128346,0.0,0.0,0.0
245.70513388542184,6.864366052852762,19.069535237318956,0.0,0.0,0.0
245.70554654042954,6.874365659034186,19.069591031996573,0.0,0.0,0.0
245.7059483417832,6.884365579942471,19.069645357333936,0.0,0.0,0.0
245.70633930818414,6.894365815497871,19.069698262012977,0.0,0.0,0.0
245.70671945832487,6.904366365619129,19.069749794227704,0.0,0.0,0.0
245.70708881088905,6.9143672302234505,19.06980000168718,0.0,0.0,0.0
245.70744738455164,6.924368409226544,19.069848931618388,0.0,0.0,0.0
245.70779519797847,6.934369902542538,19.069896630769165,0.0,0.0,0.0
245.70813226982668,6.944371710084045,19.06994314541105,0.0,0.0,0.0
245.70845861874423,6.954373831762091,19.06998852134217,0.0,0.0,0.0
245.70877426337026,6.9643762674863146,19.07003280389011,0.0,0.0,0.0
245.70907922233485,6.97437901716467,19.070076037914777,0.0,0.0,0.0
245.70937351425903,6.984382080703643,19.07011826781118,0.0,0.0,0.0
245.70965715775483,6.994385458008143,19.07015953751232,0.0,0.0,0.0
245.7099301714251,7.004389148981583,19.07019989049199,0.0,0.0,0.0
245.71019257386365,7.014393153525833,19.07023936976754,0.0,0.0,0.0
245.7104443836551,7.0243974715412305,19.070278017902737,0.0,0.0,0.0
245.71068561937497,7.034402102926574,19.070315877010483,0.0,0.0,0.0
245.71091629958963,7.044407047579105,19.070352988755616,0.0,0.0,0.0
245.7111364428559,7.054412305394654,19.07038939435766,0.0,0.0,0.0
245.71134606772185,7.064417876267379,19.070425134593595,0.0,0.0,0.0
245.71154519272585,7.074423760089972,19.070460249800554,0.0,0.0,0.0
245.7117338363973,7.084429956753584,19.070494779878555,0.0,0.0,0.0
245.7119120172559,7.0944364661478465,19.07052876429325,0.0,0.0,0.0
245.71207975381242,7.104443288160864,19.07056224207862,0.0,0.0,0.0
245.71223706456792,7.114450422679137,19.070595251839613,0.0,0.0,0.0
245.7123839680142,7.1244578695878396,19.070627831754866,0.0,0.0,0.0
245.71252048263366,7.13446562877043,19.070660019579385,0.0,0.0,0.0
245.7126466268992,7.144473700108917,19.070691852647197,0.0,0.0,0.0
245.71276241927413,7.154482083483772,19.070723367873953,0.0,0.0,0.0
245.71286787821242,7.164490778773942,19.07075460175962,0.0,0.0,0.0
245.7129630221585,7.174499785856867,19.070785590391097,0.0,0.0,0.0
245.71304786954707,7.184509104608448,19.070816369444778,0.0,0.0,0.0
245.71312243880342,7.19451873490309,19.07084697418923,0.0,0.0,0.0
245.71318674834322,7.204528676613598,19.07087743948774,0.0,0.0,0.0
245.71324081657238,7.214538929611449,19.070907799800903,0.0,0.0,0.0
245.7132846618872,7.224549493766422,19.070938089189188,0.0,0.0,0.0
245.71331830267442,7.234560368946851,19.07096834131551,0.0,0.0,0.0
245.71334175731093,7.244571555019523,19.070998589447797,0.0,0.0,0.0
245.71335504416396,7.254583051849756,19.071028866461475,0.0,0.0,0.0
245.71335818159088,7.264594859301317,19.071059204842047,0.0,0.0,0.0
245.71335118793942,7.274606977236508,19.071089636687578,0.0,0.0,0.0
245.71333408154743,7.284619405515999,19.07112019371122,0.0,0.0,0.0
245.7133068807429,7.294632143999188,19.071150907243712,0.0,0.0,0.0
245.71326960384403,7.304645192543748,19.071181808235874,0.0,0.0,0.0
245.71322226915905,7.314658551005924,19.071212927261012,0.0,0.0,0.0
245.71316489498645,7.324672219240457,19.071244294517456,0.0,0.0,0.0
245.7130974996145,7.3346861971005834,19.071275939831025,0.0,0.0,0.0
245.71302010132186,7.344700484438014,19.071307892657412,0.0,0.0,0.0
245.712932718377,7.354715081103,19.071340182084654,0.0,0.0,0.0
