galstreams/tracks/track.st.Pal15.myeong2017.ecsv
# %ECSV 0.9
# ---
# datatype:
# - {name: ra, unit: deg, datatype: float64}
# - {name: dec, unit: deg, datatype: float64}
# - {name: distance, unit: kpc, datatype: float64}
# - {name: pm_ra_cosdec, unit: mas / yr, datatype: float64}
# - {name: pm_dec, unit: mas / yr, datatype: float64}
# - {name: radial_velocity, unit: km / s, datatype: float64}
# delimiter: ','
# meta: !!omap
# - __serialized_columns__:
#     dec:
#       __class__: astropy.coordinates.angles.Latitude
#       unit: &id001 !astropy.units.Unit {unit: deg}
#       value: !astropy.table.SerializedColumn {name: dec}
#     distance:
#       __class__: astropy.coordinates.distances.Distance
#       unit: !astropy.units.Unit {unit: kpc}
#       value: !astropy.table.SerializedColumn {name: distance}
#     pm_dec:
#       __class__: astropy.units.quantity.Quantity
#       unit: !astropy.units.Unit {unit: mas / yr}
#       value: !astropy.table.SerializedColumn {name: pm_dec}
#     pm_ra_cosdec:
#       __class__: astropy.units.quantity.Quantity
#       unit: !astropy.units.Unit {unit: mas / yr}
#       value: !astropy.table.SerializedColumn {name: pm_ra_cosdec}
#     ra:
#       __class__: astropy.coordinates.angles.Longitude
#       unit: *id001
#       value: !astropy.table.SerializedColumn {name: ra}
#       wrap_angle: !astropy.coordinates.Angle
#         unit: *id001
#         value: 360.0
#     radial_velocity:
#       __class__: astropy.units.quantity.Quantity
#       unit: !astropy.units.Unit {unit: km / s}
#       value: !astropy.table.SerializedColumn {name: radial_velocity}
# schema: astropy-2.0
ra,dec,distance,pm_ra_cosdec,pm_dec,radial_velocity
255.34633485050725,-1.4659310771061438,38.39999999999997,0.0,0.0,-0.0
255.34460584805905,-1.4586780413419103,38.39999999999997,0.0,0.0,-0.0
255.34286497003816,-1.4514301203292885,38.399999999999984,0.0,0.0,-0.0
255.34111221651452,-1.4441873140484074,38.39999999999998,0.0,0.0,-0.0
255.33934758755692,-1.4369496224792266,38.399999999999984,0.0,0.0,-0.0
255.33757108323286,-1.4297170456017565,38.399999999999984,0.0,0.0,-0.0
255.33578270360846,-1.4224895833957445,38.39999999999998,0.0,0.0,-0.0
255.3339824487488,-1.4152672358408918,38.39999999999998,0.0,0.0,-0.0
255.33217031871752,-1.408050002916805,38.39999999999997,0.0,0.0,-0.0
255.33034631357702,-1.4008378846029992,38.399999999999984,0.0,0.0,-0.0
255.3285104333886,-1.3936308808789057,38.399999999999984,0.0,0.0,-0.0
255.3266626782121,-1.386428991723821,38.399999999999984,0.0,0.0,-0.0
255.32480304810642,-1.3792322171171232,38.399999999999984,0.0,0.0,-0.0
255.32293154312887,-1.3720405570379606,38.39999999999999,0.0,0.0,-0.0
255.32104816333586,-1.3648540114654695,38.39999999999999,0.0,0.0,-0.0
255.31915290878234,-1.3576725803787204,38.4,0.0,0.0,-0.0
255.31724577952215,-1.3504962637567293,38.39999999999999,0.0,0.0,-0.0
255.31532677560793,-1.3433250615784567,38.399999999999984,0.0,0.0,-0.0
255.31339589709094,-1.3361589738227633,38.399999999999984,0.0,0.0,-0.0
255.3114531440215,-1.328998000468623,38.399999999999984,0.0,0.0,-0.0
255.30949851644843,-1.3218421414948132,38.39999999999999,0.0,0.0,-0.0
255.30753201441968,-1.314691396880129,38.39999999999999,0.0,0.0,-0.0
255.30555363798166,-1.3075457666033363,38.400000000000006,0.0,0.0,-0.0
255.30356338717982,-1.3004052506431747,38.4,0.0,0.0,-0.0
255.30156126205836,-1.2932698489783643,38.399999999999984,0.0,0.0,-0.0
255.29954726266018,-1.286139561587554,38.39999999999999,0.0,0.0,-0.0
255.29752138902722,-1.2790143884495406,38.4,0.0,0.0,-0.0
255.29548364120006,-1.271894329542957,38.39999999999999,0.0,0.0,-0.0
255.29343401921818,-1.2647793848464843,38.4,0.0,0.0,-0.0
255.29137252311986,-1.257669554338807,38.4,0.0,0.0,-0.0
255.28929915294225,-1.2505648379986167,38.4,0.0,0.0,-0.0
255.2872139087213,-1.2434652358046152,38.4,0.0,0.0,-0.0
255.28511679049177,-1.2363707477354697,38.4,0.0,0.0,-0.0
255.28300779828749,-1.229281373770022,38.40000000000001,0.0,0.0,-0.0
255.28088693214076,-1.2221971138869847,38.400000000000006,0.0,0.0,-0.0
255.2787541920831,-1.2151179680651523,38.400000000000006,0.0,0.0,-0.0
255.27660957814464,-1.2080439362833515,38.400000000000006,0.0,0.0,-0.0
255.27445309035448,-1.2009750185204497,38.400000000000006,0.0,0.0,-0.0
255.27228472874057,-1.1939112147553574,38.4,0.0,0.0,-0.0
255.27010449332974,-1.1868525249669801,38.4,0.0,0.0,-0.0
255.26791238414765,-1.1797989491344325,38.39999999999999,0.0,0.0,-0.0
255.26570840121886,-1.1727504872367298,38.400000000000006,0.0,0.0,-0.0
255.2634925445669,-1.165707139253002,38.400000000000006,0.0,0.0,-0.0
255.26126481421403,-1.1586689051624437,38.400000000000006,0.0,0.0,-0.0
255.25902521018148,-1.1516357849443213,38.40000000000001,0.0,0.0,-0.0
255.25677373248942,-1.1446077785779756,38.400000000000006,0.0,0.0,-0.0
255.25451038115673,-1.137584886042775,38.40000000000001,0.0,0.0,-0.0
255.25223515620146,-1.1305671073183299,38.4,0.0,0.0,-0.0
255.24994805764047,-1.123554442384181,38.400000000000006,0.0,0.0,-0.0
255.24764908548934,-1.1165468912200165,38.400000000000006,0.0,0.0,-0.0
255.24533823976276,-1.1095444538056198,38.40000000000001,0.0,0.0,-0.0
255.24301552047436,-1.10254713012088,38.400000000000006,0.0,0.0,-0.0
255.24068092763656,-1.0955549201457906,38.400000000000006,0.0,0.0,-0.0
255.2383344612607,-1.0885678238604046,38.40000000000001,0.0,0.0,-0.0
255.23597612135725,-1.081585841245049,38.400000000000006,0.0,0.0,-0.0
255.2336059079354,-1.0746089722800127,38.400000000000006,0.0,0.0,-0.0
255.23122382100343,-1.0676372169457617,38.40000000000002,0.0,0.0,-0.0
255.22882986056837,-1.0606705752228938,38.400000000000006,0.0,0.0,-0.0
255.22642402663638,-1.053709047092138,38.40000000000001,0.0,0.0,-0.0
255.22400631921238,-1.0467526325343628,38.400000000000006,0.0,0.0,-0.0
255.2215767383005,-1.0398013315305268,38.40000000000001,0.0,0.0,-0.0
255.21913528390365,-1.0328551440618938,38.4,0.0,0.0,-0.0
255.21668195602368,-1.0259140701097214,38.40000000000001,0.0,0.0,-0.0
255.2142167546615,-1.0189781096554764,38.400000000000006,0.0,0.0,-0.0
255.21173967981687,-1.012047262680786,38.400000000000006,0.0,0.0,-0.0
255.20925073148868,-1.005121529167443,38.400000000000006,0.0,0.0,-0.0
255.20674990967473,-0.9982009090974095,38.400000000000006,0.0,0.0,-0.0
255.2042372143716,-0.9912854024527707,38.40000000000001,0.0,0.0,-0.0
255.2017126455752,-0.9843750092159455,38.40000000000002,0.0,0.0,-0.0
255.1991762032802,-0.9774697293693797,38.40000000000002,0.0,0.0,-0.0
255.19662788748033,-0.9705695628957599,38.40000000000001,0.0,0.0,-0.0
255.19406769816828,-0.9636745097779631,38.40000000000002,0.0,0.0,-0.0
255.19149563533577,-0.9567845699990637,38.40000000000002,0.0,0.0,-0.0
255.1889116989735,-0.9498997435423373,38.40000000000002,0.0,0.0,-0.0
255.18631588907115,-0.9430200303912118,38.40000000000001,0.0,0.0,-0.0
255.18370820561753,-0.9361454305294821,38.40000000000002,0.0,0.0,-0.0
255.1810886486003,-0.9292759439410001,38.40000000000002,0.0,0.0,-0.0
255.1784572180063,-0.9224115706098891,38.40000000000003,0.0,0.0,-0.0
255.17581391382126,-0.915552310520495,38.40000000000001,0.0,0.0,-0.0
255.17315873602993,-0.9086981636573919,38.40000000000002,0.0,0.0,-0.0
255.17049168461622,-0.9018491300053845,38.40000000000002,0.0,0.0,-0.0
255.16781275956293,-0.8950052095494636,38.40000000000003,0.0,0.0,-0.0
255.16512196085202,-0.8881664022750153,38.40000000000002,0.0,0.0,-0.0
255.16241928846438,-0.8813327081675153,38.40000000000003,0.0,0.0,-0.0
255.15970474238,-0.8745041272127417,38.40000000000001,0.0,0.0,-0.0
255.1569783225779,-0.8676806593967246,38.40000000000002,0.0,0.0,-0.0
255.15424002903626,-0.8608623047057545,38.40000000000002,0.0,0.0,-0.0
255.15148986173213,-0.854049063126384,38.40000000000001,0.0,0.0,-0.0
255.14872782064165,-0.8472409346454322,38.40000000000002,0.0,0.0,-0.0
255.14595390574016,-0.8404379192499385,38.40000000000001,0.0,0.0,-0.0
255.14316811700198,-0.833640016927374,38.40000000000001,0.0,0.0,-0.0
255.14037045440054,-0.8268472276653382,38.40000000000001,0.0,0.0,-0.0
255.13756091790822,-0.8200595514517481,38.40000000000001,0.0,0.0,-0.0
255.13473950749662,-0.8132769882748361,38.40000000000001,0.0,0.0,-0.0
255.13190622313638,-0.8064995381231171,38.40000000000002,0.0,0.0,-0.0
255.12906106479718,-0.7997272009854038,38.40000000000001,0.0,0.0,-0.0
255.12620403244787,-0.7929599768508111,38.40000000000001,0.0,0.0,-0.0
255.12333512605628,-0.7861978657087604,38.40000000000001,0.0,0.0,-0.0
255.12045434558942,-0.7794408675489837,38.40000000000001,0.0,0.0,-0.0
255.11756169101346,-0.7726889823615295,38.40000000000002,0.0,0.0,-0.0
255.11465716229355,-0.7659422101367644,38.40000000000001,0.0,0.0,-0.0
255.111740759394,-0.7592005508653802,38.40000000000002,0.0,0.0,-0.0
255.10881248227818,-0.7524640045383965,38.40000000000002,0.0,0.0,-0.0
255.1058723309087,-0.7457325711471656,38.40000000000002,0.0,0.0,-0.0
255.10292030524715,-0.7390062506833774,38.40000000000002,0.0,0.0,-0.0
255.09995640525432,-0.7322850431390627,38.40000000000002,0.0,0.0,-0.0
255.09698063089016,-0.7255689485065981,38.40000000000002,0.0,0.0,-0.0
255.0939929821137,-0.7188579667787104,38.40000000000002,0.0,0.0,-0.0
255.090993458883,-0.7121520979484809,38.40000000000001,0.0,0.0,-0.0
255.08798206115546,-0.705451342009349,38.40000000000002,0.0,0.0,-0.0
255.08495878888755,-0.6987556989551181,38.40000000000002,0.0,0.0,-0.0
255.0819236420348,-0.6920651687799584,38.40000000000002,0.0,0.0,-0.0
255.07887662055197,-0.6853797514784117,38.40000000000002,0.0,0.0,-0.0
255.07581772439295,-0.6786994470453964,38.40000000000001,0.0,0.0,-0.0
255.07274695351077,-0.6720242554762104,38.40000000000002,0.0,0.0,-0.0
255.0696643078577,-0.6653541767665366,38.40000000000002,0.0,0.0,-0.0
255.0665697873851,-0.6586892109124478,38.40000000000001,0.0,0.0,-0.0
255.06346339204345,-0.6520293579104081,38.40000000000002,0.0,0.0,-0.0
255.0603451217825,-0.6453746177572806,38.400000000000006,0.0,0.0,-0.0
255.0572149765512,-0.6387249904503295,38.40000000000002,0.0,0.0,-0.0
255.05407295629752,-0.6320804759872259,38.40000000000001,0.0,0.0,-0.0
255.05091906096874,-0.6254410743660506,38.40000000000002,0.0,0.0,-0.0
255.0477532905113,-0.6188067855852991,38.40000000000001,0.0,0.0,-0.0
255.04457564487086,-0.6121776096438866,38.40000000000002,0.0,0.0,-0.0
255.04138612399217,-0.6055535465411505,38.40000000000003,0.0,0.0,-0.0
255.0381847278193,-0.5989345962768563,38.400000000000006,0.0,0.0,-0.0
255.03497145629547,-0.5923207588512017,38.400000000000006,0.0,0.0,-0.0
255.03174630936303,-0.5857120342648199,38.40000000000002,0.0,0.0,-0.0
255.0285092869637,-0.5791084225187846,38.40000000000001,0.0,0.0,-0.0
255.0252603890382,-0.5725099236146133,38.400000000000006,0.0,0.0,-0.0
255.02199961552674,-0.5659165375542744,38.40000000000001,0.0,0.0,-0.0
255.01872696636846,-0.5593282643401873,38.40000000000001,0.0,0.0,-0.0
255.01544244150196,-0.5527451039752302,38.40000000000002,0.0,0.0,-0.0
255.01214604086488,-0.5461670564627418,38.40000000000001,0.0,0.0,-0.0
255.00883776439423,-0.5395941218065277,38.40000000000001,0.0,0.0,-0.0
255.00551761202618,-0.5330263000108629,38.400000000000006,0.0,0.0,-0.0
255.00218558369613,-0.5264635910804967,38.40000000000001,0.0,0.0,-0.0
254.9988416793388,-0.5199059950206577,38.40000000000001,0.0,0.0,-0.0
254.995485898888,-0.5133535118370567,38.400000000000006,0.0,0.0,-0.0
254.992118242277,-0.5068061415358919,38.400000000000006,0.0,0.0,-0.0
254.98873870943817,-0.5002638841238519,38.400000000000006,0.0,0.0,-0.0
254.98534730030315,-0.4937267396081225,38.400000000000006,0.0,0.0,-0.0
254.98194401480288,-0.4871947079963877,38.40000000000001,0.0,0.0,-0.0
254.97852885286756,-0.48066778929683585,38.400000000000006,0.0,0.0,-0.0
254.97510181442664,-0.47414598351816356,38.40000000000001,0.0,0.0,-0.0
254.97166289940884,-0.4676292906695802,38.40000000000001,0.0,0.0,-0.0
254.96821210774215,-0.461117710760811,38.4,0.0,0.0,-0.0
254.96474943935382,-0.4546112438021023,38.4,0.0,0.0,-0.0
254.9612748941705,-0.4481098898042254,38.39999999999999,0.0,0.0,-0.0
254.9577884721179,-0.4416136487784806,38.400000000000006,0.0,0.0,-0.0
254.95429017312125,-0.43512252073670216,38.400000000000006,0.0,0.0,-0.0
254.95077999710492,-0.42863650569126127,38.4,0.0,0.0,-0.0
254.94725794399264,-0.4221556036550707,38.39999999999999,0.0,0.0,-0.0
254.94372401370742,-0.4156798146415903,38.400000000000006,0.0,0.0,-0.0
254.9401782061716,-0.40920913866482833,38.400000000000006,0.0,0.0,-0.0
254.93662052130674,-0.40274357573934916,38.400000000000006,0.0,0.0,-0.0
254.93305095903378,-0.39628312588027415,38.4,0.0,0.0,-0.0
254.92946951927306,-0.38982778910328797,38.4,0.0,0.0,-0.0
254.92587620194405,-0.3833775654246421,38.40000000000001,0.0,0.0,-0.0
254.92227100696564,-0.3769324548611591,38.400000000000006,0.0,0.0,-0.0
254.9186539342561,-0.3704924574302361,38.400000000000006,0.0,0.0,-0.0
254.91502498373282,-0.36405757314985027,38.399999999999984,0.0,0.0,-0.0
254.91138415531285,-0.35762780203856165,38.39999999999999,0.0,0.0,-0.0
254.90773144891222,-0.35120314411551795,38.39999999999999,0.0,0.0,-0.0
254.90406686444663,-0.34478359940045944,38.4,0.0,0.0,-0.0
254.9003904018308,-0.3383691679137207,38.4,0.0,0.0,-0.0
254.89670206097904,-0.33195984967623815,38.39999999999999,0.0,0.0,-0.0
254.8930018418049,-0.3255556447095508,38.39999999999999,0.0,0.0,-0.0
254.8892897442213,-0.3191565530358072,38.39999999999999,0.0,0.0,-0.0
254.88556576814057,-0.3127625746777678,38.4,0.0,0.0,-0.0
254.8818299134743,-0.30637370965880956,38.400000000000006,0.0,0.0,-0.0
254.87808218013345,-0.2999899580029302,38.4,0.0,0.0,-0.0
254.8743225680285,-0.29361131973475263,38.39999999999999,0.0,0.0,-0.0
254.8705510770691,-0.2872377948795282,38.4,0.0,0.0,-0.0
254.86676770716443,-0.28086938346314166,38.399999999999984,0.0,0.0,-0.0
254.86297245822294,-0.27450608551211514,38.39999999999999,0.0,0.0,-0.0
254.85916533015248,-0.26814790105361097,38.39999999999999,0.0,0.0,-0.0
254.85534632286033,-0.26179483011543875,38.4,0.0,0.0,-0.0
254.85151543625315,-0.2554468727260555,38.399999999999984,0.0,0.0,-0.0
254.847672670237,-0.24910402891457364,38.39999999999999,0.0,0.0,-0.0
254.84381802471725,-0.24276629871076233,38.399999999999984,0.0,0.0,-0.0
254.8399514995987,-0.23643368214505245,38.39999999999998,0.0,0.0,-0.0
254.83607309478566,-0.23010617924854113,38.39999999999998,0.0,0.0,-0.0
254.83218281018173,-0.22378379005299567,38.399999999999984,0.0,0.0,-0.0
254.82828064568994,-0.217466514590857,38.399999999999984,0.0,0.0,-0.0
254.8243666012128,-0.21115435289524398,38.399999999999984,0.0,0.0,-0.0
254.8204406766521,-0.2048473049999586,38.399999999999984,0.0,0.0,-0.0
254.8165028719092,-0.1985453709394884,38.399999999999984,0.0,0.0,-0.0
254.81255318688477,-0.19224855074901143,38.399999999999984,0.0,0.0,-0.0
254.808591621479,-0.1859568444644001,38.39999999999998,0.0,0.0,-0.0
254.80461817559137,-0.17967025212222582,38.399999999999984,0.0,0.0,-0.0
254.80063284912097,-0.1733887737597619,38.399999999999984,0.0,0.0,-0.0
254.7966356419662,-0.16711240941498906,38.39999999999997,0.0,0.0,-0.0
254.79262655402493,-0.1608411591265974,38.39999999999997,0.0,0.0,-0.0
254.78860558519452,-0.1545750229339935,38.39999999999998,0.0,0.0,-0.0
254.7845727353717,-0.14831400087730084,38.399999999999984,0.0,0.0,-0.0
254.78052800445275,-0.14205809299736724,38.39999999999998,0.0,0.0,-0.0
254.77647139233326,-0.13580729933576707,38.39999999999997,0.0,0.0,-0.0
254.77240289890847,-0.1295616199348047,38.39999999999997,0.0,0.0,-0.0
254.7683225240729,-0.12332105483752048,38.39999999999997,0.0,0.0,-0.0
