galstreams/tracks/track.st.OmegaCen-Fimbulthul.ibata2024.ecsv
# %ECSV 1.0
# ---
# datatype:
# - {name: ra, unit: deg, datatype: float64}
# - {name: dec, unit: deg, datatype: float64}
# - {name: distance, unit: kpc, datatype: float64}
# - {name: pm_ra_cosdec, unit: mas / yr, datatype: float64}
# - {name: pm_dec, unit: mas / yr, datatype: float64}
# - {name: radial_velocity, unit: km / s, datatype: float64}
# delimiter: ','
# meta: !!omap
# - __serialized_columns__:
#     dec:
#       __class__: astropy.coordinates.angles.Latitude
#       unit: &id001 !astropy.units.Unit {unit: deg}
#       value: !astropy.table.SerializedColumn {name: dec}
#     distance:
#       __class__: astropy.coordinates.distances.Distance
#       unit: !astropy.units.Unit {unit: kpc}
#       value: !astropy.table.SerializedColumn {name: distance}
#     pm_dec:
#       __class__: astropy.units.quantity.Quantity
#       unit: !astropy.units.Unit {unit: mas / yr}
#       value: !astropy.table.SerializedColumn {name: pm_dec}
#     pm_ra_cosdec:
#       __class__: astropy.units.quantity.Quantity
#       unit: !astropy.units.Unit {unit: mas / yr}
#       value: !astropy.table.SerializedColumn {name: pm_ra_cosdec}
#     ra:
#       __class__: astropy.coordinates.angles.Longitude
#       unit: *id001
#       value: !astropy.table.SerializedColumn {name: ra}
#       wrap_angle: !astropy.coordinates.Angle
#         unit: *id001
#         value: 360.0
#     radial_velocity:
#       __class__: astropy.units.quantity.Quantity
#       unit: !astropy.units.Unit {unit: km / s}
#       value: !astropy.table.SerializedColumn {name: radial_velocity}
# schema: astropy-2.0
ra,dec,distance,pm_ra_cosdec,pm_dec,radial_velocity
[from data line 420]
287.37937497352726,-41.46688354748571,1.0000000000000016,-9.481840567666026,-23.453127569650462,-182.75013019919444
287.3855042212262,-41.49403832331919,1.0000000000000016,-9.48685599434836,-23.464771644839846,-182.3719318650537
287.39163546925846,-41.521194622224286,1.0000000000000018,-9.491861874965839,-23.476415635504768,-181.99395745122388
287.3977687007341,-41.548352452917236,1.0000000000000016,-9.496858218881526,-23.488059492770443,-181.61620685020478
287.4039038987389,-41.57551182411858,1.0000000000000016,-9.501845035501248,-23.499703167753232,-181.23867995449604
287.4100410463337,-41.60267274455289,1.0000000000000016,-9.506822334273577,-23.511346611560786,-180.86137665659777
287.4161801265544,-41.62983522294897,1.0000000000000016,-9.511790124689934,-23.522989775291965,-180.48429684900958
287.4223211224124,-41.656999268039876,1.0000000000000016,-9.516748416284504,-23.53463261003685,-180.1074404242315
287.42846401689377,-41.68416488856268,1.0000000000000016,-9.521697218634634,-23.546275066876735,-179.7308072747633
287.43460879295947,-41.71133209325876,1.0000000000000018,-9.526636541360531,-23.55791709688408,-179.35439729310482
287.44075543354523,-41.73850089087352,1.0000000000000016,-9.531566394125647,-23.56955865112255,-178.9782103717559
287.44690392156167,-41.76567129015661,1.0000000000000018,-9.536486786636452,-23.581199680646947,-178.6022464032165
287.45305423989385,-41.79284329986177,1.0000000000000016,-9.541397728642744,-23.59284013650329,-178.22650527998624
287.4592063714012,-41.820016928746945,1.0000000000000018,-9.54629922993764,-23.604479969728697,-177.85098689456512
287.46536029891774,-41.84719218557416,1.0000000000000016,-9.551191300357592,-23.616119131351454,-177.4756911394531
287.4715160052516,-41.87436907910953,1.0000000000000016,-9.556073949782512,-23.62775757239094,-177.10061790714968
287.47767347318523,-41.90154761812345,1.0000000000000016,-9.560947188135803,-23.6393952438577,-176.72576709015505
287.483832685475,-41.92872781139029,1.0000000000000016,-9.565811025384491,-23.65103209675334,-176.35113858096886
287.48999362485137,-41.95590966768867,1.0000000000000016,-9.570665471539261,-23.66266808207059,-175.97673227209097
287.4961562740185,-41.98309319580116,1.0000000000000016,-9.575510536654459,-23.67430315079324,-175.60254805602145
287.50232061565464,-42.010278404514665,1.0000000000000016,-9.58034623082827,-23.68593725389619,-175.22858582525987
287.5084866324113,-42.03746530261995,1.0000000000000016,-9.585172564202708,-23.697570342345358,-174.8548454723062
287.5146543069139,-42.06465389891213,1.0000000000000016,-9.589989546963734,-23.709202367097745,-174.48132688966018
287.52082362176094,-42.09184420219023,1.0000000000000016,-9.59479718934136,-23.720833279101377,-174.10802996982173
287.5269945595246,-42.11903622125738,1.0000000000000018,-9.599595501609537,-23.7324630292953,-173.7349546052909
287.53316710275016,-42.14622996492097,1.0000000000000016,-9.604384494086498,-23.744091568609605,-173.36210068856718
287.53934123395595,-42.17342544199225,1.0000000000000016,-9.609164177134566,-23.755718847965355,-172.98946811215063
287.54551693563343,-42.200622661286765,1.0000000000000016,-9.613934561160452,-23.76734481827463,-172.61705676854106
287.551694190247,-42.227821631623904,1.0000000000000018,-9.618695656615113,-23.778969430440462,-172.2448665502383
287.55787298023375,-42.25502236182737,1.0000000000000016,-9.623447473993982,-23.790592635356912,-171.87289734974217
287.5640532880036,-42.28222486072472,1.0000000000000016,-9.628190023836986,-23.802214383908936,-171.5011490595525
287.570235095939,-42.30942913714772,1.0000000000000016,-9.63292331672856,-23.81383462697247,-171.12962157216924
287.57641838639483,-42.33663519993213,1.0000000000000016,-9.63764736329782,-23.825453315414393,-170.75831478009218
287.5826031416984,-42.36384305791769,1.0000000000000016,-9.642362174218544,-23.837070400092486,-170.38722857582115
287.5887893441494,-42.39105271994838,1.0000000000000016,-9.647067760209282,-23.84868583185544,-170.016362851856
287.59497697601944,-42.41826419487196,1.0000000000000016,-9.65176413203347,-23.86029956154287,-169.64571750069663
287.6011660195523,-42.445477491540515,1.0000000000000016,-9.656451300499395,-23.87191153998528,-169.2752924148428
287.60735645696377,-42.47269261880988,1.0000000000000016,-9.661129276460356,-23.883521718004005,-168.9050874867944
287.61354827044136,-42.49990958554016,1.0000000000000016,-9.665798070814684,-23.895130046411296,-168.5351026090512
287.6197414421443,-42.52712840059526,1.0000000000000016,-9.6704576945058,-23.906736476010234,-168.16533767411332
287.62593595420344,-42.554349072843316,1.0000000000000016,-9.675108158522422,-23.918340957594744,-167.79579257448026
287.63213178872115,-42.58157161115631,1.0000000000000018,-9.679749473898404,-23.929943441949558,-167.42646720265202
287.638328927771,-42.60879602441024,1.0000000000000016,-9.684381651713077,-23.941543879850244,-167.05736145112846
287.64452735339813,-42.63602232148526,1.0000000000000016,-9.689004703090951,-23.953142222063214,-166.6884752124094
287.6507270476185,-42.66325051126528,1.0000000000000016,-9.693618639202288,-23.96473841934555,-166.31980837899476
287.6569279924193,-42.69048060263844,1.0000000000000016,-9.69822347126267,-23.976332422445253,-165.95136084338418
287.6631301697586,-42.71771260449665,1.0000000000000016,-9.702819210533441,-23.98792418210098,-165.5831324980778
287.6693335615652,-42.74494652573599,1.0000000000000016,-9.70740586832153,-23.999513649042193,-165.2151232355752
287.6755381497387,-42.77218237525634,1.0000000000000018,-9.711983455979722,-24.011100773989085,-164.84733294837636
287.6817439161493,-42.79942016196172,1.0000000000000016,-9.716551984906475,-24.022685507652614,-164.47976152898113
287.6879508426373,-42.826659894759956,1.0000000000000016,-9.721111466546395,-24.034267800734344,-164.11240886988926
287.69415891101374,-42.85390158256286,1.0000000000000016,-9.725661912389805,-24.04584760392665,-163.74527486360074
287.7003681030598,-42.88114523428631,1.0000000000000016,-9.730203333973206,-24.05742486791254,-163.37835940261536
287.70657840052644,-42.90839085884997,1.0000000000000018,-9.734735742879282,-24.068999543365713,-163.01166237943292
287.7127897851351,-42.935638465177604,1.0000000000000013,-9.739259150736727,-24.080571580950537,-162.6451836865533
287.7190022385767,-42.96288806219673,1.0000000000000016,-9.743773569220627,-24.092140931321996,-162.27892321647633
287.7252157425121,-42.990139658839,1.0000000000000018,-9.74827901005231,-24.10370754512574,-161.91288086170186
287.73143027857157,-43.01739326403976,1.0000000000000018,-9.75277548499961,-24.115271372998034,-161.54705651472977
287.7376458283551,-43.044648886738514,1.0000000000000016,-9.757263005876789,-24.126832365565754,-161.18145006805986
287.743862373432,-43.0719065358785,1.0000000000000016,-9.761741584544534,-24.138390473446364,-160.81606141419206
287.7500798953407,-43.099166220406836,1.0000000000000016,-9.766211232910422,-24.149945647247883,-160.45089044562604
287.7562983755891,-43.12642794927475,1.0000000000000016,-9.77067196292842,-24.161497837568962,-160.0859370548618
287.7625177956536,-43.15369173143712,1.0000000000000016,-9.775123786599499,-24.173046994998742,-159.7212011343992
287.76873813697995,-43.180957575852936,1.0000000000000016,-9.779566715971297,-24.184593070116954,-159.35668257673802
287.77495938098235,-43.208225491484804,1.0000000000000016,-9.784000763138472,-24.19613601349378,-158.99238127437812
287.78118150904396,-43.2354954872995,1.0000000000000016,-9.788425940242576,-24.207675775690017,-158.62829711981925
287.7874045025162,-43.26276757226745,1.0000000000000016,-9.792842259472266,-24.21921230725689,-158.26443000556148
287.79362834271893,-43.29004175536299,1.0000000000000016,-9.797249733063333,-24.230745558736096,-157.90077982410443
287.79985301094035,-43.31731804556442,1.0000000000000016,-9.80164837329869,-24.242275480659874,-157.53734646794808
287.8060784884367,-43.34459645185371,1.0000000000000018,-9.806038192508634,-24.253802023550833,-157.1741298295923
287.81230475643235,-43.37187698321686,1.0000000000000016,-9.810419203070683,-24.265325137922066,-156.81112980153682
287.81853179611943,-43.39915964864353,1.0000000000000016,-9.814791417409861,-24.27684477427708,-156.44834627628154
287.824759588658,-43.42644445712741,1.0000000000000016,-9.819154847998623,-24.288360883109842,-156.08577914632625
287.83098811517544,-43.45373141766577,1.0000000000000016,-9.823509507357073,-24.299873414904607,-155.72342830417097
287.83721735676716,-43.48102053925997,1.0000000000000016,-9.827855408052754,-24.31138232013612,-155.36129364231542
287.8434472944953,-43.50831183091493,1.0000000000000013,-9.83219256270117,-24.32288754926943,-154.99937505325937
287.84967790938975,-43.53560530163958,1.0000000000000016,-9.836520983965418,-24.334389052759963,-154.63767242950283
287.8559091824473,-43.562900960446505,1.0000000000000013,-9.84084068455653,-24.34588678105346,-154.27618566354553
287.8621410946316,-43.59019881635211,1.0000000000000018,-9.845151677233444,-24.357380684585998,-153.91491464788737
287.8683736268735,-43.61749887837667,1.0000000000000016,-9.849453974803096,-24.368870713783974,-153.55385927502817
287.8746067600702,-43.64480115554413,1.0000000000000018,-9.853747590120504,-24.380356819064023,-153.1930194374678
287.8808404750858,-43.67210565688231,1.0000000000000016,-9.858032536088768,-24.39183895083316,-152.83239502770618
287.8870747527505,-43.69941239142267,1.0000000000000016,-9.862308825659348,-24.4033170594885,-152.47198593824297
287.8933095738612,-43.72672136820057,1.0000000000000018,-9.866576471831886,-24.41479109541754,-152.11179206157811
287.89954491918076,-43.75403259625504,1.0000000000000016,-9.8708354876544,-24.42626100899796,-151.7518132902115
287.905780769438,-43.78134608462879,1.0000000000000016,-9.875085886223404,-24.437726750597633,-151.39204951664294
287.912017105328,-43.80866184236844,1.0000000000000016,-9.87932768068384,-24.44918827057465,-151.03250063337228
287.91825390751126,-43.83597987852416,1.0000000000000016,-9.88356088422937,-24.46064551927725,-150.67316653289936
287.9244911566141,-43.863300202150015,1.0000000000000016,-9.887785510102175,-24.47209844704388,-150.314047107724
287.9307288332284,-43.8906228223036,1.0000000000000016,-9.892001571593257,-24.483547004203103,-149.95514225034614
287.93696691791126,-43.91794774804642,1.0000000000000016,-9.89620908204241,-24.49499114107363,-149.5964518532655
287.943205391185,-43.94527498844348,1.0000000000000016,-9.90040805483834,-24.506430807964275,-149.23797580898201
287.94944423353724,-43.97260455256369,1.0000000000000016,-9.904598503418645,-24.51786595517395,-148.87971400999547
287.9556834254204,-43.99993644947946,1.0000000000000018,-9.908780441270016,-24.529296532991633,-148.52166634880584
287.96192294725154,-44.02727068826696,1.0000000000000016,-9.91295388192828,-24.54072249169642,-148.16383271791275
287.9681627794128,-44.05460727800609,1.0000000000000016,-9.91711883897836,-24.552143781557398,-147.8062130098163
287.9744029022505,-44.08194622778027,1.0000000000000016,-9.921275326054477,-24.563560352833694,-147.44880711701614
287.9806432960757,-44.109287546676754,1.0000000000000016,-9.925423356840199,-24.574972155774475,-147.0916149320122
287.9868839411631,-44.13663124378628,1.0000000000000016,-9.929562945068533,-24.586379140618853,-146.73463634730436
287.9931248177523,-44.163977328203394,1.0000000000000018,-9.933694104521848,-24.597781257595955,-146.37787125539236
287.9993659060462,-44.191325809026104,1.0000000000000016,-9.937816849032224,-24.609178456924905,-146.0213195487761
288.00560718621193,-44.21867669535623,1.0000000000000016,-9.9419311924812,-24.620570688814688,-145.66498111995543
288.01184863838,-44.24602999629904,1.0000000000000016,-9.946037148800217,-24.631957903464247,-145.3088558614303
288.0180902426446,-44.27338572096349,1.0000000000000016,-9.950134731970374,-24.64334005106246,-144.95294366570033
288.02433197906333,-44.30074387846221,1.0000000000000016,-9.954223956022666,-24.65471708178807,-144.5972444252655
288.03057382765695,-44.32810447791126,1.0000000000000016,-9.958304835037959,-24.66608894580966,-144.24175803262574
288.0368157684094,-44.355467528430495,1.0000000000000016,-9.962377383147228,-24.67745559328573,-143.8864843802807
288.04305778126735,-44.38283303914315,1.0000000000000016,-9.966441614531469,-24.688816974364574,-143.53142336073043
288.04929984614057,-44.41020101917622,1.0000000000000016,-9.970497543421864,-24.700173039184293,-143.17657486647465
288.0555419429012,-44.43757147766008,1.0000000000000013,-9.974545184099805,-24.711523737872817,-142.8219387900132
288.06178405138405,-44.46494442372885,1.0000000000000016,-9.978584550896986,-24.72286902054784,-142.46751502384592
288.0680261513861,-44.492319866520056,1.0000000000000013,-9.982615658195575,-24.734208837316796,-142.11330346047282
288.0742682226667,-44.51969781517476,1.0000000000000013,-9.986638520428093,-24.745543138276872,-141.75930399239354
288.08051024494733,-44.54707827883774,1.0000000000000013,-9.99065315207761,-24.756871873515017,-141.40551651210802
288.08675219791087,-44.574461266657025,1.0000000000000013,-9.994659567677923,-24.768194993107787,-141.05194091211607
288.0929940612025,-44.60184678778443,1.0000000000000016,-9.998657781813412,-24.77951244712152,-140.6985770849176
288.0992358144286,-44.62923485137505,1.0000000000000013,-10.002647809119265,-24.790824185612163,-140.3454249230124
288.1054774371573,-44.65662546658768,1.0000000000000016,-10.006629664281476,-24.802130158625307,-139.99248431890035
288.1117189089176,-44.68401864258443,1.0000000000000013,-10.010603362037012,-24.813430316196193,-139.63975516508128
288.11796020920013,-44.71141438853103,1.0000000000000013,-10.014568917173765,-24.824724608349634,-139.28723735405498
288.1242013174559,-44.738812713596595,1.0000000000000013,-10.018526344530825,-24.836012985100034,-138.93493077832144
288.13044221309724,-44.7662136269537,1.0000000000000013,-10.022475658998319,-24.847295396451376,-138.58283533038036
288.13668287549683,-44.7936171377785,1.0000000000000013,-10.02641687551762,-24.85857179239718,-138.2309509027317
288.1429232839879,-44.8210232552504,1.0000000000000013,-10.030350009081456,-24.869842122920456,-137.8792773878752
288.14916341786403,-44.84843198855246,1.000000000000001,-10.034275074733896,-24.88110633799377,-137.52781467831073
288.15540325637903,-44.875843346870994,1.000000000000001,-10.03819208757044,-24.89236438757913,-137.17656266653816
288.1616427787466,-44.90325733939586,1.0000000000000013,-10.042101062738187,-24.903616221627995,-136.82552124505744
288.1678819641404,-44.930673975320204,1.0000000000000013,-10.046002015435828,-24.91486179008129,-136.47469030636825
288.1741207916938,-44.95809326384075,1.0000000000000013,-10.049894960913651,-24.92610104286937,-136.12406974297048
288.1803592404995,-44.98551521415746,1.0000000000000016,-10.053779914473875,-24.93733392991194,-135.77365944736408
288.1865972896097,-45.01293983547369,1.0000000000000013,-10.057656891470467,-24.948560401118087,-135.42345931204878
288.192834918036,-45.04036713699631,1.0000000000000013,-10.06152590730928,-24.959780406386294,-135.07346922952436
288.1990721047485,-45.06779712793538,1.0000000000000013,-10.065386977448323,-24.970993895604305,-134.72368909229093
288.20530882867683,-45.095229817504496,1.0000000000000013,-10.069240117397445,-24.982200818649247,-134.3741187928481
288.2115450687088,-45.1226652149204,1.0000000000000013,-10.073085342718855,-24.993401125387475,-134.0247582236958
288.217780803691,-45.150103329403414,1.0000000000000013,-10.07692266902691,-25.004594765674646,-133.6756072773338
288.22401601242836,-45.17754417017693,1.0000000000000013,-10.08075211198828,-25.015781689355613,-133.3266658462621
288.23025067368405,-45.20498774646791,1.0000000000000013,-10.084573687322006,-25.026961846264502,-132.9779338229805
