galstreams/tracks/track.st.Gaia-2.ibata2021.ecsv
# %ECSV 0.9
# ---
# datatype:
# - {name: ra, unit: deg, datatype: float64}
# - {name: dec, unit: deg, datatype: float64}
# - {name: distance, unit: kpc, datatype: float64}
# - {name: pm_ra_cosdec, unit: mas / yr, datatype: float64}
# - {name: pm_dec, unit: mas / yr, datatype: float64}
# - {name: radial_velocity, unit: km / s, datatype: float64}
# delimiter: ','
# meta: !!omap
# - __serialized_columns__:
#     dec:
#       __class__: astropy.coordinates.angles.Latitude
#       unit: &id001 !astropy.units.Unit {unit: deg}
#       value: !astropy.table.SerializedColumn {name: dec}
#     distance:
#       __class__: astropy.coordinates.distances.Distance
#       unit: !astropy.units.Unit {unit: kpc}
#       value: !astropy.table.SerializedColumn {name: distance}
#     pm_dec:
#       __class__: astropy.units.quantity.Quantity
#       unit: !astropy.units.Unit {unit: mas / yr}
#       value: !astropy.table.SerializedColumn {name: pm_dec}
#     pm_ra_cosdec:
#       __class__: astropy.units.quantity.Quantity
#       unit: !astropy.units.Unit {unit: mas / yr}
#       value: !astropy.table.SerializedColumn {name: pm_ra_cosdec}
#     ra:
#       __class__: astropy.coordinates.angles.Longitude
#       unit: *id001
#       value: !astropy.table.SerializedColumn {name: ra}
#       wrap_angle: !astropy.coordinates.Angle
#         unit: *id001
#         value: 360.0
#     radial_velocity:
#       __class__: astropy.units.quantity.Quantity
#       unit: !astropy.units.Unit {unit: km / s}
#       value: !astropy.table.SerializedColumn {name: radial_velocity}
# schema: astropy-2.0
ra,dec,distance,pm_ra_cosdec,pm_dec,radial_velocity
[from data line 270]
2.9995947525690916,-10.930336710062317,6.950344895968409,-0.16882936645750668,-0.17517476991118272,5.262979456170211e-16
3.0043707330344462,-10.93923629414425,6.950335873350168,-0.16952544933856492,-0.1765841852840536,3.9472345921276583e-16
3.009149703236259,-10.948134152683384,6.950328298848509,-0.17021471204684288,-0.1779846600746183,1.3157448640425528e-16
3.013931657718394,-10.957030289069765,6.950322169073831,-0.17089716925197787,-0.17937621009435512,2.6314897280851057e-16
3.0187165910243685,-10.965924706693336,6.950317480636531,-0.17157283562365647,-0.180758851154851,1.3157448640425528e-16
3.0235044976975685,-10.974817408944311,6.950314230147006,-0.1722417258316118,-0.18213259906780407,3.9472345921276583e-16
3.028295372281153,-10.983708399213,6.950312414215655,-0.1729038545456208,-0.1834974696450257,0.0
3.0330892093179647,-10.992597680889695,6.950312029452873,-0.17355923643550247,-0.1848534786984435,7.8944691842553165e-16
3.0378860033507116,-11.001485257364923,6.95031307246906,-0.17420788617111516,-0.1862006420401036,5.262979456170211e-16
3.042685748921873,-11.010371132029332,6.9503155398746115,-0.1748498184223533,-0.18753897548217274,0.0
3.04748844057361,-11.019255308273554,6.950319428279925,-0.17548504785914687,-0.1888684948369417,5.262979456170211e-16
3.052294072847976,-11.028137789488499,6.950324734295398,-0.17611358915145656,-0.19018921591682642,5.262979456170211e-16
3.057102640286673,-11.037018579065014,6.950331454531429,-0.17673545696927298,-0.19150115453437166,2.6314897280851057e-16
3.061914137431265,-11.045897680394207,6.950339585598413,-0.1773506659826136,-0.1928043265022531,2.6314897280851057e-16
3.0667285588230855,-11.054775096867303,6.950349124106748,-0.1779592308615201,-0.19409874763327978,5.262979456170211e-16
3.0715458990031426,-11.06365083187549,6.950360066666834,-0.17856116627605598,-0.1953844337403965,2.6314897280851057e-16
3.076366152512305,-11.072524888810229,6.950372409889064,-0.17915648689630434,-0.19666140063668675,7.8944691842553165e-16
3.081189313891207,-11.081397271063084,6.9503861503838404,-0.17974520739236452,-0.19792966413537483,7.8944691842553165e-16
3.08601537768016,-11.090267982025615,6.950401284761555,-0.1803273424343509,-0.19918924004982902,2.6314897280851057e-16
3.0908443384193616,-11.099137025089684,6.950417809632609,-0.18090290669238865,-0.200440144193563,2.6314897280851057e-16
3.095676190648652,-11.10800440364708,6.9504357216073975,-0.1814719148366126,-0.2016823923802396,7.8944691842553165e-16
3.1005109289077257,-11.116870121089855,6.950455017296321,-0.18203438153716392,-0.2029160004236727,5.262979456170211e-16
3.1053485477360434,-11.125734180810191,6.950475693309773,-0.18259032146418766,-0.20414098413783005,0.0
3.110189041672733,-11.134596586200255,6.950497746258154,-0.18313974928783025,-0.2053573593368355,0.0
3.1150324052567817,-11.143457340652475,6.950521172751859,-0.18368267967823707,-0.2065651418349722,5.262979456170211e-16
3.119878633026932,-11.152316447559397,6.950545969401288,-0.18421912730554907,-0.20776434744668457,2.6314897280851057e-16
3.124727719521599,-11.16117391031356,6.950572132816834,-0.18474910683990128,-0.20895499198658138,5.262979456170211e-16
3.1295796592790777,-11.170029732307823,6.950599659608899,-0.18527263295141905,-0.21013709126943794,5.262979456170211e-16
3.1344344468372998,-11.17888391693497,6.950628546387876,-0.18578972031021623,-0.21131066111019894,2.6314897280851057e-16
3.1392920767340513,-11.187736467588074,6.950658789764168,-0.18630038358639225,-0.2124757173239812,5.262979456170211e-16
3.144152543506871,-11.196587387660324,6.950690386348166,-0.18680463745002923,-0.21363227572607607,2.6314897280851057e-16
3.149015841692965,-11.2054366805449,6.950723332750273,-0.1873024965711895,-0.21478035213195215,2.6314897280851057e-16
3.153881965829386,-11.214284349635257,6.950757625580882,-0.18779397561991307,-0.21591996235725794,0.0
3.158750910452947,-11.223130398324988,6.950793261450391,-0.18827908926621445,-0.21705112221782435,0.0
3.163622670100119,-11.231974830007669,6.950830236969198,-0.1887578521800806,-0.21817384752966767,5.262979456170211e-16
3.1684972393072504,-11.240817648077192,6.950868548747703,-0.1892302790314678,-0.21928815410899202,2.6314897280851057e-16
3.1733746126103237,-11.24965885592742,6.9509081933963,-0.18969638449029871,-0.22039405777219193,5.262979456170211e-16
3.178254784545165,-11.258498456952466,6.950949167525388,-0.19015618322646038,-0.2214915743358551,0.0
3.1831377496473507,-11.267336454546605,6.950991467745363,-0.19060968990980068,-0.2225807196167652,0.0
3.1880235024521193,-11.276172852104082,6.951035090666623,-0.19105691921012613,-0.22366150943190455,2.6314897280851057e-16
3.1929120374945517,-11.285007653019441,6.951080032899565,-0.19149788579719898,-0.22473395959845668,-2.6314897280851057e-16
3.197803349309477,-11.293840860687359,6.951126291054585,-0.19193260434073442,-0.22579808593380915,0.0
3.202697432431385,-11.302672478502515,6.9511738617420855,-0.19236108951039735,-0.22685390425555585,2.6314897280851057e-16
3.207594281394635,-11.311502509859908,6.951222741572458,-0.19278335597580057,-0.2279014303815005,2.6314897280851057e-16
3.2124938907332115,-11.320330958154496,6.951272927156104,-0.1931994184065014,-0.22894068012965882,0.0
3.217396254980939,-11.32915782678153,6.951324415103417,-0.1936092914719986,-0.22997166931826118,2.6314897280851057e-16
3.2223013686713915,-11.33798311913639,6.951377202024798,-0.19401298984172993,-0.23099441376575586,0.0
3.227209226337793,-11.346806838614471,6.951431284530642,-0.19441052818506951,-0.2320089292908112,2.6314897280851057e-16
3.232119822513208,-11.355628988611441,6.951486659231347,-0.19480192117132486,-0.23301523171231872,0.0
3.2370331517304427,-11.364449572523133,6.95154332273731,-0.1951871834697334,-0.2340133368493958,0.0
3.2419492085219614,-11.373268593745374,6.951601271658929,-0.1955663297494605,-0.2350032605213883,2.6314897280851057e-16
3.2468679874200874,-11.382086055674327,6.951660502606599,-0.19593937467959635,-0.23598501854787363,0.0
3.2517894829567697,-11.390901961706119,6.951721012190723,-0.196306332929153,-0.23695862674866297,0.0
3.256713689663789,-11.399716315237168,6.951782797021693,-0.1966672191670612,-0.23792410094380473,2.6314897280851057e-16
3.2616406020726685,-11.408529119664044,6.951845853709909,-0.1970220480621684,-0.23888145695358715,5.262979456170211e-16
3.26657021471458,-11.417340378383322,6.951910178865766,-0.1973708342832345,-0.23983071059854022,-2.6314897280851057e-16
3.271502522120527,-11.426150094791877,6.951975769099663,-0.19771359249893056,-0.24077187769944017,2.6314897280851057e-16
3.276437518821253,-11.434958272286737,6.952042621021997,-0.19805033737783434,-0.24170497407731062,5.262979456170211e-16
3.2813751993471514,-11.443764914264934,6.952110731243166,-0.19838108358842868,-0.24263001555342628,0.0
3.28631555822847,-11.452570024123858,6.952180096373565,-0.19870584579909759,-0.24354701794931588,0.0
3.2912585899950804,-11.461373605260858,6.952250713023594,-0.1990246386781241,-0.24445599708676402,0.0
3.2962042891766736,-11.470175661073583,6.952322577803651,-0.19933747689368653,-0.24535696878781527,-2.6314897280851057e-16
3.3011526503026842,-11.478976194959841,6.952395687324129,-0.1996443751138562,-0.24624994887477603,0.0
3.30610366790219,-11.487775210317457,6.952470038195429,-0.19994534800659425,-0.24713495317021802,0.0
3.31105733650409,-11.496572710544555,6.952545627027947,-0.20024041023974842,-0.24801199749698052,2.6314897280851057e-16
3.3160136506370246,-11.505368699039424,6.952622450432083,-0.20052957648105052,-0.2488810976781736,2.6314897280851057e-16
3.320972604829273,-11.514163179200368,6.95270050501823,-0.20081286139811336,-0.24974226953718123,-2.6314897280851057e-16
3.3259341936089717,-11.52295615442605,6.952779787396787,-0.20109027965842716,-0.25059552889766334,-2.6314897280851057e-16
3.330898411503863,-11.531747628115095,6.952860294178154,-0.20136184592935744,-0.25144089158355937,0.0
3.33586525304152,-11.54053760366645,6.952942021972723,-0.2016275748781415,-0.25227837341909126,2.6314897280851057e-16
3.3408347127492393,-11.549326084479212,6.953024967390897,-0.20188748117188512,-0.2531079902287653,-5.262979456170211e-16
3.345806785153963,-11.55811307395252,6.953109127043071,-0.20214157947756056,-0.25392975783737626,0.0
3.3507814647824508,-11.5668985754858,6.95319449753964,-0.20238988446200254,-0.2547436920700098,5.262979456170211e-16
3.3557587461611953,-11.575682592478664,6.953281075491004,-0.20263241079190536,-0.25554980875204475,2.6314897280851057e-16
3.3607386238163235,-11.584465128330741,6.95336885750756,-0.2028691731338204,-0.25634812370915727,-2.6314897280851057e-16
3.365721092273812,-11.593246186442029,6.953457840199705,-0.20310018615415246,-0.2571386527673224,0.0
3.370706146059246,-11.602025770212492,6.953548020177837,-0.203325464519157,-0.2579214117528179,2.6314897280851057e-16
3.3756937796980293,-11.610803883042427,6.9536393940523515,-0.20354502289493712,-0.2586964164922272,2.6314897280851057e-16
3.380683987715286,-11.619580528332285,6.9537319584336466,-0.20375887594744013,-0.2594636828124413,-5.262979456170211e-16
3.3856767646357824,-11.62835570948256,6.953825709932123,-0.20396703834245497,-0.260223226540663,-2.6314897280851057e-16
3.390672104984094,-11.637129429894063,6.953920645158172,-0.2041695247456087,-0.26097506350440897,2.6314897280851057e-16
3.3956700032845295,-11.645901692967774,6.954016760722196,-0.20436634982236349,-0.2617192095315129,0.0
3.400670454061021,-11.654672502104711,6.95411405323459,-0.2045575282380137,-0.2624556804501285,0.0
3.4056734518373513,-11.663441860706255,6.954212519305751,-0.2047430746576828,-0.26318449208873274,0.0
3.4106789911369026,-11.672209772173785,6.954312155546079,-0.20492300374631972,-0.26390566027612816,0.0
3.4156870664828674,-11.680976239908988,6.9544129585659675,-0.20509733016869638,-0.2646192008414462,0.0
3.4206976723981657,-11.689741267313742,6.9545149249758165,-0.20526606858940394,-0.2653251296141501,-2.6314897280851057e-16
3.425710803405343,-11.698504857789963,6.9546180513860225,-0.20542923367285038,-0.2660234624240382,5.262979456170211e-16
3.430726454026757,-11.707267014739877,6.954722334406983,-0.20558684008325676,-0.2667142151012462,2.6314897280851057e-16
3.4357446187844833,-11.716027741565915,6.954827770649096,-0.2057389024846541,-0.26739740347625074,0.0
3.44076529220023,-11.724787041670533,6.954934356722758,-0.20588543554088046,-0.26807304337987214,0.0
3.4457884687955374,-11.733544918456566,6.955042089238366,-0.206026453915578,-0.26874115064327747,0.0
3.4508141430915504,-11.742301375326846,6.955150964806317,-0.20616197227218877,-0.2694017410979833,0.0
3.4558423096092175,-11.751056415684536,6.955260980037011,-0.20629200527395294,-0.2700548305758592,2.6314897280851057e-16
3.4608729628692045,-11.759810042932983,6.955372131540841,-0.20641656758390425,-0.2707004349091301,2.6314897280851057e-16
3.465906097391802,-11.768562260475578,6.955484415928207,-0.20653567386486804,-0.27133856993037975,-5.262979456170211e-16
3.470941707697107,-11.777313071716048,6.955597829809507,-0.20664933877945688,-0.27196925147255374,2.6314897280851057e-16
3.475979788304934,-11.786062480058316,6.955712369795139,-0.2067575769900682,-0.2725924953689621,0.0
3.481020333734715,-11.794810488906336,6.955828032495496,-0.20686040315888093,-0.27320831745328295,-2.6314897280851057e-16
3.486063338505722,-11.803557101664463,6.95594481452098,-0.20695783194785186,-0.27381673355956476,0.0
3.4911087971368153,-11.812302321737043,6.956062712481986,-0.2070498780187127,-0.27441775952223,-2.6314897280851057e-16
3.4961567041466615,-11.821046152528767,6.956181722988911,-0.20713655603296693,-0.275011411176078,0.0
3.5012070540536375,-11.829788597444518,6.956301842652154,-0.20721788065188637,-0.2755977043562879,2.6314897280851057e-16
3.5062598413757393,-11.838529659889227,6.95642306808211,-0.207293866536508,-0.2761766548984216,5.262979456170211e-16
3.511315060630767,-11.847269343268163,6.956545395889181,-0.20736452834763042,-0.2767482786384267,0.0
3.516372706336229,-11.856007650986813,6.95666882268376,-0.20742988074581123,-0.27731259141264053,-2.6314897280851057e-16
3.521432773009252,-11.864744586450698,6.956793345076243,-0.20748993839136332,-0.27786960905779184,0.0
3.526495255166795,-11.87348015306574,6.956918959677033,-0.20754471594435123,-0.2784193474110046,-5.262979456170211e-16
3.5315601473253992,-11.882214354237865,6.957045663096521,-0.2075942280645886,-0.278961822309801,-2.6314897280851057e-16
3.5366274440014114,-11.890947193373352,6.957173451945109,-0.2076384894116346,-0.27949704959210436,-2.6314897280851057e-16
3.5416971397108803,-11.899678673878674,6.957302322833194,-0.20767751464479028,-0.2800250450962424,-7.8944691842553165e-16
3.54676922896947,-11.908408799160368,6.957432272371171,-0.20771131842309568,-0.28054582466094996,-2.6314897280851057e-16
3.5518437062926456,-11.917137572625322,6.957563297169438,-0.20773991540532644,-0.28105940412537256,-5.262979456170211e-16
3.5569205661955747,-11.925864997680625,6.957695393838394,-0.20776332024999025,-0.2815657993290691,-2.6314897280851057e-16
3.5619998031930376,-11.93459107773343,6.957828558988436,-0.2077815476153238,-0.28206502611201517,-2.6314897280851057e-16
3.5670814117996437,-11.943315816191292,6.957962789229957,-0.2077946121592895,-0.2825571003146061,-5.262979456170211e-16
3.5721653865295813,-11.952039216461777,6.958098081173362,-0.2078025285395716,-0.2830420377776597,-5.262979456170211e-16
3.577251721896834,-11.960761281952806,6.958234431429042,-0.20780531141357336,-0.2835198543424199,-5.262979456170211e-16
3.5823404124150895,-11.969482016072517,6.958371836607396,-0.2078029754384138,-0.28399056585055954,-5.262979456170211e-16
3.5874314525976434,-11.97820142222911,6.958510293318822,-0.20779553527092373,-0.2844541881441836,0.0
3.5925248369576175,-11.986919503831187,6.958649798173717,-0.20778300556764306,-0.2849107370658322,2.6314897280851057e-16
3.5976205600077096,-11.995636264287366,6.958790347782479,-0.20776540098481702,-0.2853602284584838,0.0
3.6027186162604092,-12.004351707006638,6.958931938755506,-0.20774273617839262,-0.28580267816555815,-5.262979456170211e-16
3.6078190002279085,-12.013065835398205,6.959074567703193,-0.20771502580401602,-0.28623810203091976,-2.6314897280851057e-16
3.612921706422005,-12.02177865287133,6.959218231235939,-0.20768228451702822,-0.28666651589888054,-1.0525958912340423e-15
3.618026729354286,-12.030490162835653,6.95936292596414,-0.20764452697246258,-0.28708793561420354,-5.262979456170211e-16
3.6231340635360367,-12.039200368701014,6.959508648498194,-0.20760176782504022,-0.2875023770221053,-5.262979456170211e-16
3.62824370347815,-12.047909273877348,6.959655395448499,-0.20755402172916806,-0.28790985596825963,2.6314897280851057e-16
3.633355643691337,-12.056616881774982,6.959803163425453,-0.2075013033389342,-0.2883103882988004,-5.262979456170211e-16
3.63846987868588,-12.065323195804288,6.959951949039451,-0.20744362730810553,-0.2887039898603253,2.6314897280851057e-16
3.643586402971852,-12.074028219375993,6.960101748900892,-0.2073810082901231,-0.2890906764998976,0.0
3.648705211059021,-12.082731955901053,6.960252559620174,-0.20731346093809966,-0.289470464065051,-5.262979456170211e-16
3.653826297456757,-12.091434408790507,6.9604043778076905,-0.20724099990481598,-0.28984336840379155,-5.262979456170211e-16
3.6589496566742135,-12.10013558145575,6.960557200073843,-0.2071636398427175,-0.2902094053646014,2.6314897280851057e-16
3.6640752832202406,-12.10883547730841,6.9607110230290274,-0.20708139540391018,-0.2905685907964415,0.0
3.66920317160329,-12.117534099760208,6.960865843283641,-0.20699428124015828,-0.29092094054875534,0.0
3.6743333163316247,-12.126231452223264,6.961021657448081,-0.20690231200287978,-0.29126647047147164,0.0
3.6794657119130805,-12.134927538109753,6.961178462132746,-0.2068055023431434,-0.2916051964150077,-5.262979456170211e-16
3.684600352855273,-12.143622360832216,6.961336253948031,-0.2067038669116654,-0.29193713423027273,0.0
