galstreams/tracks/track.st.M5.grillmair2019.ecsv
# %ECSV 0.9
# ---
# datatype:
# - {name: ra, unit: deg, datatype: float64}
# - {name: dec, unit: deg, datatype: float64}
# - {name: distance, unit: kpc, datatype: float64}
# - {name: pm_ra_cosdec, unit: mas / yr, datatype: float64}
# - {name: pm_dec, unit: mas / yr, datatype: float64}
# - {name: radial_velocity, unit: km / s, datatype: float64}
# delimiter: ','
# meta: !!omap
# - __serialized_columns__:
#     dec:
#       __class__: astropy.coordinates.angles.Latitude
#       unit: &id001 !astropy.units.Unit {unit: deg}
#       value: !astropy.table.SerializedColumn {name: dec}
#     distance:
#       __class__: astropy.coordinates.distances.Distance
#       unit: !astropy.units.Unit {unit: kpc}
#       value: !astropy.table.SerializedColumn {name: distance}
#     pm_dec:
#       __class__: astropy.units.quantity.Quantity
#       unit: !astropy.units.Unit {unit: mas / yr}
#       value: !astropy.table.SerializedColumn {name: pm_dec}
#     pm_ra_cosdec:
#       __class__: astropy.units.quantity.Quantity
#       unit: !astropy.units.Unit {unit: mas / yr}
#       value: !astropy.table.SerializedColumn {name: pm_ra_cosdec}
#     ra:
#       __class__: astropy.coordinates.angles.Longitude
#       unit: *id001
#       value: !astropy.table.SerializedColumn {name: ra}
#       wrap_angle: !astropy.coordinates.Angle
#         unit: *id001
#         value: 360.0
#     radial_velocity:
#       __class__: astropy.units.quantity.Quantity
#       unit: !astropy.units.Unit {unit: km / s}
#       value: !astropy.table.SerializedColumn {name: radial_velocity}
# schema: astropy-2.0
ra,dec,distance,pm_ra_cosdec,pm_dec,radial_velocity
[from data line 140]
199.9999475285502,16.20251656091996,13.422886551122144,2.9613086993072106,-7.896399889851797,-5.0524602779234026e-14
199.80154899787286,16.2860582993848,13.404479522481674,2.9515589428026354,-7.877571762970794,3.368306851948935e-14
199.60302983333298,16.369526624269184,13.386061288372849,2.9418241831257403,-7.858692334499758,-6.73661370389787e-14
199.4043895485851,16.45292160172752,13.367631806617018,2.932105277090173,-7.8397611769389055,1.6841534259744676e-14
199.2056276558034,16.53624329954341,13.349191035035501,2.9224030778498107,-7.820777857939559,-1.0104920555846805e-13
199.00674366565832,16.61949178713657,13.330738931449643,2.912718434868687,-7.801741940253997,-3.368306851948935e-14
198.80773708729325,16.70266713556966,13.312275453680774,2.9030521938906895,-7.782652981685741,1.6841534259744676e-14
198.60860742830076,16.785769417554803,13.293800559550238,2.893405196908939,-7.7635105350401705,3.368306851948935e-14
198.40935419469903,16.868798707460027,13.275314206879363,2.883778282134914,-7.7443141480755795,3.368306851948935e-14
198.2099768909083,16.95175508131539,13.256816353489484,2.8741722839672517,-7.725063363454581,3.368306851948935e-14
198.0104750197267,17.034638616819013,13.238306957201942,2.864588032960277,-7.705757718695924,-6.73661370389787e-14
197.8108480823067,17.117449393342827,13.219785975838068,2.8550263557922584,-7.6863967461267215,-3.368306851948935e-14
197.61109557813086,17.200187491938177,13.201253367219193,2.845488075233323,-7.666979972835067,6.73661370389787e-14
197.41121700498778,17.282852995341223,13.182709089166664,2.8359740101131368,-7.647506920623033,1.6841534259744676e-14
197.2112118589481,17.36544598797808,13.16415309950181,2.8264849752882406,-7.627977105960144,0.0
197.0110796343401,17.44796655596984,13.145585356045968,2.8170217816091183,-7.6083900399372,1.6841534259744676e-14
196.81081982372532,17.53041478713731,13.12700581662047,2.8075852358869477,-7.588745228220527,1.6841534259744676e-14
196.61043191787434,17.61279077100563,13.108414439046648,2.798176140860078,-7.569042171006679,-1.6841534259744676e-14
196.4099154057421,17.69509459880857,13.089811181145848,2.788795295160174,-7.549280362977517,3.368306851948935e-14
196.20926977444333,17.77732636349277,13.071196000739398,2.779443493278099,-7.529459293255759,-1.6841534259744676e-14
196.008494509228,17.85948615972162,13.052568855648637,2.770121525529447,-7.509578445360917,3.368306851948935e-14
195.80758909345644,17.941574083879065,13.033929703694898,2.7608301780198143,-7.489637297165694,0.0
195.60655300857456,18.023590234073094,13.015278502699516,2.7515702326097444,-7.469635320852802,-1.6841534259744676e-14
195.40538573408907,18.10553471013911,12.996615210483833,2.7423424668793692,-7.449571982872227,-8.420767129872338e-14
195.20408674754222,18.187407613643014,12.977939784869173,2.733147654092755,-7.429446743898935,-3.368306851948935e-14
195.00265552448704,18.269209047884146,12.95925218367688,2.7239865631619162,-7.409259058791017,-3.368306851948935e-14
194.80109153846192,18.350939117897944,12.940552364728285,2.714859958610555,-7.389008376548284,-3.368306851948935e-14
194.59939426096565,18.43259793045848,12.921840285844725,2.705768600537458,-7.368694140271316,-5.0524602779234026e-14
194.397563161432,18.514185594080686,12.903115904847539,2.6967132445796054,-7.34831578712096,-1.6841534259744676e-14
194.19559770720434,18.595702219022453,12.884379179558058,2.6876946418749643,-7.327872748278299,-1.6841534259744676e-14
193.99349736351027,18.677147917286476,12.865630067797612,2.67871353902496,-7.307364448905069,-1.6841534259744676e-14
193.7912615934361,18.75852280262186,12.84686852738755,2.6697706780566404,-7.286790308104533,-3.368306851948935e-14
193.5888898579012,18.839826990525584,12.828094516149196,2.6608667963845387,-7.266149738882839,-1.6841534259744676e-14
193.38638161563247,18.92106059824369,12.809307991903895,2.652002626772203,-7.245442148110839,-3.368306851948935e-14
193.18373632313865,19.002223744772277,12.790508912472971,2.6431788972934305,-7.224666936486386,0.0
192.98095343468424,19.083316550858278,12.771697235677767,2.634396331293167,-7.203823498497094,-1.6841534259744676e-14
192.77803240226407,19.164339139000035,12.752872919339618,2.6256556473481005,-7.182911222383586,3.368306851948935e-14
192.5749726755771,19.245291633447646,12.734035921279858,2.6169575592269476,-7.16192949010323,3.368306851948935e-14
192.37177370200052,19.326174160203077,12.715186199319817,2.6083027758504067,-7.140877677294349,1.6841534259744676e-14
192.1684349265638,19.406986847020107,12.69632371128084,2.5996920012508005,-7.119755153240908,-5.0524602779234026e-14
191.96495579192245,19.487729823404,12.67744841498426,2.591125934531405,-7.098561280837725,3.368306851948935e-14
191.7613357383319,19.56840322061102,12.658560268251408,2.5826052698254562,-7.077295416556149,-6.73661370389787e-14
191.5575742036213,19.649007171647654,12.639659228903623,2.574130696254838,-7.055956910410224,5.0524602779234026e-14
191.35367062316723,19.72954181126972,12.620745254762236,2.565702897888454,-7.034545105923392,0.0
191.14962442986746,19.810007275981132,12.601818303648592,2.5573225537002764,-7.013059340095651,0.0
190.94543505411434,19.890403704032572,12.582878333384015,2.5489903375270786,-6.991498943371262,-8.420767129872338e-14
190.74110192376855,19.97073123541983,12.56392530178985,2.5407069180258515,-6.969863239606909,1.6841534259744676e-14
190.53662446413253,20.050990011882053,12.544959166687422,2.532472958630892,-6.948151546040434,-1.6841534259744676e-14
190.33200209792395,20.13118017689964,12.525979885898073,2.5242891175105733,-6.926363173260026,5.0524602779234026e-14
190.12723424524904,20.21130187569203,12.50698741724314,2.5161560475238027,-6.9044974251739575,8.420767129872338e-14
189.92232032357603,20.291355255215205,12.487981718543956,2.508074396176152,-6.8825535989808335,0.0
189.71725974770848,20.371340464159005,12.468962747621859,2.5000448055756648,-6.860530985140354,6.73661370389787e-14
189.51205192975843,20.451257652944243,12.449930462298179,2.4920679123883587,-6.838428867344605,6.73661370389787e-14
189.3066962791197,20.531106973719538,12.430884820394251,2.4841443477933822,-6.816246522489873,1.6841534259744676e-14
189.101192202441,20.610888580357987,12.411825779731418,2.476274737437878,-6.793983220648984,3.368306851948935e-14
188.89553910359913,20.690602628453647,12.392753298131007,2.468459701391508,-6.771638225044176,5.0524602779234026e-14
188.68973638367208,20.77024927531767,12.37366733341436,2.4606998541006555,-6.749210792020515,6.73661370389787e-14
188.483783440912,20.849828679974415,12.354567843402808,2.4529958043423323,-6.726700171019828,1.0104920555846805e-13
188.27767967071824,20.92934100315714,12.33545478591769,2.4453481551777325,-6.704105604555186,6.73661370389787e-14
188.0714244656105,21.008786407303656,12.316328118780339,2.4377575039054853,-6.681426328185912,1.0104920555846805e-13
