galstreams/tracks/track.st.Phlegethon.ibata2021.ecsv
# %ECSV 1.0
# ---
# datatype:
# - {name: ra, unit: deg, datatype: float64}
# - {name: dec, unit: deg, datatype: float64}
# - {name: distance, unit: kpc, datatype: float64}
# - {name: pm_ra_cosdec, unit: mas / yr, datatype: float64}
# - {name: pm_dec, unit: mas / yr, datatype: float64}
# - {name: radial_velocity, unit: km / s, datatype: float64}
# delimiter: ','
# meta: !!omap
# - __serialized_columns__:
#     dec:
#       __class__: astropy.coordinates.angles.Latitude
#       unit: &id001 !astropy.units.Unit {unit: deg}
#       value: !astropy.table.SerializedColumn {name: dec}
#     distance:
#       __class__: astropy.coordinates.distances.Distance
#       unit: !astropy.units.Unit {unit: kpc}
#       value: !astropy.table.SerializedColumn {name: distance}
#     pm_dec:
#       __class__: astropy.units.quantity.Quantity
#       unit: !astropy.units.Unit {unit: mas / yr}
#       value: !astropy.table.SerializedColumn {name: pm_dec}
#     pm_ra_cosdec:
#       __class__: astropy.units.quantity.Quantity
#       unit: !astropy.units.Unit {unit: mas / yr}
#       value: !astropy.table.SerializedColumn {name: pm_ra_cosdec}
#     ra:
#       __class__: astropy.coordinates.angles.Longitude
#       unit: *id001
#       value: !astropy.table.SerializedColumn {name: ra}
#       wrap_angle: !astropy.coordinates.Angle
#         unit: *id001
#         value: 360.0
#     radial_velocity:
#       __class__: astropy.units.quantity.Quantity
#       unit: !astropy.units.Unit {unit: km / s}
#       value: !astropy.table.SerializedColumn {name: radial_velocity}
# schema: astropy-2.0
ra,dec,distance,pm_ra_cosdec,pm_dec,radial_velocity
[from data line 5047]
324.73495934015335,1.6798019804097233,3.535582996237788,0.43810295883852657,-28.587186337022228,-291.4609106009118
324.7356109664666,1.6899112663685376,3.535909169448796,0.43908593433729326,-28.581632150787375,-291.5964742030244
324.73626248445424,1.700020563356774,3.536235552580073,0.4400685728113256,-28.57607675989759,-291.7320793585501
324.7369138942914,1.7101298713562563,3.5365621456820233,0.4410508740648167,-28.57052016479171,-291.8677260827612
324.7375651961529,1.720239190348804,3.5368889488050503,0.4420328379017713,-28.564962365908645,-292.0034143909296
324.7382163902139,1.7303485203162614,3.5372159619995576,0.4430144641262457,-28.55940336368724,-292.1391442983273
324.7388674766492,1.7404578612404409,3.5375431853159487,0.44399575254214607,-28.553843158566387,-292.27491582022657
324.7395184556338,1.750567213103169,3.537870618804628,0.4449767029533218,-28.548281750984923,-292.41072897189923
324.7401693273427,1.7606765758862677,3.5381982625159996,0.4459573151636027,-28.542719141381724,-292.54658376861744
324.74082009195064,1.7707859495715805,3.538526116500466,0.44693758897665425,-28.537155330195652,-292.6824802256532
324.74147074963264,1.7808953341409257,3.538854180808433,0.44791752419614195,-28.531590317865547,-292.8184183582786
324.74212130056355,1.7910047295761555,3.5391824554903026,0.4488971206256487,-28.526024104830288,-292.9543981817658
324.74277174491823,1.8011141358590803,3.5395109405964793,0.44987637806866143,-28.520456691528718,-293.09041971138646
324.7434220828715,1.8112235529715284,3.539839636177366,0.4508552963286272,-28.514888078399682,-293.226482962413
324.74407231459827,1.8213329808953593,3.5401685422833693,0.4518338752088997,-28.509318265882033,-293.3625879501175
324.7447224402732,1.8314424196123984,3.5404976589648887,0.45281211451277237,-28.503747254414613,-293.4987346897717
324.7453724600713,1.841551869104478,3.540826986272332,0.4537900140434594,-28.49817504443627,-293.6349231966479
324.7460223741672,1.8516613293534272,3.5411565242561007,0.45476757360411213,-28.492601636385857,-293.771153486018
324.74667218273567,1.8617708003411129,3.541486272966599,0.455744792997816,-28.487027030702183,-293.90742557315406
324.74732188595146,1.8718802820493632,3.541816232454231,0.4567216720275562,-28.481451227824106,-294.04373947332823
324.74797148398943,1.8819897744600176,3.5421464027694007,0.45769821049630455,-28.475874228190456,-294.18009520181266
324.74862097702413,1.8920992775549166,3.5424767839625115,0.4586744082068961,-28.470296032240068,-294.316492773879
324.7492703652304,1.9022087913158985,3.542807376083967,0.4596502649621472,-28.46471664041178,-294.4529322047996
324.7499196487829,1.9123183157248236,3.5431381791841723,0.46062578056476333,-28.459136053144388,-294.5894135098465
324.7505688278563,1.922427850763536,3.5434691933135283,0.46160095481742225,-28.45355427087676,-294.72593670429177
324.7512179026251,1.9325373964138701,3.543800418522442,0.46257578752268724,-28.44797129404768,-294.8625018034073
324.7518668732642,1.9426469526576922,3.5441318548613157,0.46355027848307984,-28.44238712309599,-294.99910882246525
324.7525157399481,1.9527565194768326,3.5444635023805526,0.46452442750105494,-28.436801758460522,-295.1357577767376
324.7531645028514,1.9628660968531535,3.544795361130558,0.4654982343789591,-28.431215200580066,-295.2724486814964
324.75381316214873,1.9729756847685083,3.545127431161735,0.4664716989191291,-28.425627449893437,-295.40918155201393
324.7544617180147,1.9830852832047465,3.545459712524487,0.46744482092376494,-28.420038506839475,-295.545956403562
324.75511017062377,1.9931948921437121,3.5457922052692186,0.46841760019505774,-28.414448371856974,-295.6827732514125
324.75575852015066,2.0033045115672876,3.546124909446333,0.4693900365350965,-28.408857045384732,-295.8196321108379
324.75640676676977,2.013414141457302,3.546457825106234,0.4703621297458831,-28.40326452786157,-295.95653299711
324.7570549106557,2.02352378179562,3.5467909522993257,0.4713338796293822,-28.39767081972629,-296.09347592550074
324.75770295198294,2.0336334325640966,3.547124291076012,0.4723052859874848,-28.392075921417682,-296.23046091128236
324.75835089092595,2.0437430937446086,3.547457841486695,0.47327634862199286,-28.38647983337458,-296.367487969727
324.75899872765933,2.0538527653189993,3.5477916035817816,0.47424706733466415,-28.380882556035736,-296.5045571161064
324.75964646235735,2.063962447269142,3.548125577411673,0.47521744192715154,-28.37528408983998,-296.6416683656929
324.7602940951946,2.0740721395768937,3.5484597630267736,0.47618747220106705,-28.36968443522609,-296.7788217337583
324.76094162634547,2.0841818422241087,3.5487941604774877,0.47715715795795166,-28.364083592632863,-296.9160172355748
324.7615890559845,2.094291555192668,3.5491287698142195,0.4781264989992753,-28.35848156249908,-297.0532548864145
324.76223638428587,2.104401278464442,3.5494635910873717,0.4790954951263995,-28.35287834526354,-297.1905347015493
324.7628836114242,2.1145110120212776,3.549798624347349,0.4800641461406956,-28.347273941365035,-297.3278566962514
324.76353073757366,2.124620755845053,3.5501338696445552,0.48103245184338306,-28.341668351242316,-297.4652208857928
324.7641777629088,2.134730509917634,3.5504693270293926,0.48200041203566446,-28.336061575334213,-297.60262728544535
324.76482468760383,2.1448402742209067,3.5508049965522672,0.48296802651866066,-28.330453614079467,-297.74007591048144
324.7654715118332,2.154950048736721,3.55114087826358,0.4839352950934064,-28.324844467916883,-297.8775667761727
324.7661182357712,2.165059833446963,3.5514769722137376,0.4849022175609017,-28.31923413728521,-298.0150998977916
324.7667648595922,2.1751696283334994,3.5518132784531424,0.48586879372203207,-28.31362262262325,-298.15267529060986
324.7674113834703,2.1852794333782097,3.5521497970321985,0.48683502337764306,-28.308009924369742,-298.2902929698998
324.7680578075799,2.1953892485629756,3.5524865280013103,0.48780090632850825,-28.302396042963483,-298.4279529509333
324.7687041320953,2.205499073869667,3.55282347141088,0.4887664423753302,-28.296780978843252,-298.56565524898264
324.7693503571908,2.215608909280162,3.5531606273113128,0.48973163131875186,-28.291164732447776,-298.7033998793194
324.7699964830404,2.2257187547763326,3.5534979957530126,0.4906964729593106,-28.28554730421585,-298.841186857216
324.77064250981863,2.2358286103400737,3.553835576786381,0.49166096709752605,-28.27992869458625,-298.97901619794436
324.7712884376995,2.245938475953256,3.554173370461825,0.4926251135338191,-28.274308903997696,-299.11688791677665
324.77193426685733,2.2560483515977716,3.5545113768297467,0.4935889120685486,-28.268687932888973,-299.2548020289848
324.7725799974662,2.2661582372554996,3.5548495959405493,0.49455236250197654,-28.263065781698828,-299.392758549841
324.7732256297004,2.2762681329083096,3.5551880278446375,0.49551546463435514,-28.25744245086602,-299.53075749461686
324.77387116373393,2.2863780385381123,3.555526672592415,0.4964782182658123,-28.251817940829312,-299.66879887858505
324.77451659974105,2.296487954126786,3.555865530234285,0.4974406231964572,-28.246192252027445,-299.8068827170173
324.77516193789586,2.306597879656213,3.5562046008206534,0.49840267922627923,-28.24056538489917,-299.94500902518564
324.77580717837253,2.3167078151082765,3.5565438844019206,0.4993643861552224,-28.23493733988324,-300.0831778183621
324.7764523213451,2.326817760464889,3.5568833810284937,0.5003257437831854,-28.229308117418395,-300.2213891118189
324.7770973669877,2.336927715707921,3.5572230907507745,0.5012867519099471,-28.223677717943403,-300.3596429208279
324.7777423154743,2.3470376808192706,3.5575630136191663,0.5022474103352623,-28.218046141896984,-300.49793926066127
324.77838716697914,2.357147655780835,3.5579031496840745,0.5032077188588024,-28.21241338971788,-300.636278146591
324.77903192167616,2.3672576405744943,3.5582434989959024,0.5041676772801704,-28.206779461844828,-300.77465959388917
324.77967657973943,2.377367635182165,3.5585840616050537,0.5051272853988955,-28.201144358716594,-300.9130836178278
324.780321141343,2.38747763958573,3.558924837561932,0.506086543014451,-28.195508080771884,-301.05155023367894
324.78096560666086,2.3975876537670855,3.5592658269169415,0.5070454499262258,-28.189870628449448,-301.1900594567146
324.781609975867,2.407697677708133,3.559607029720486,0.5080040059335627,-28.184232002188,-301.3286113022069
324.7822542491355,2.4178077113907843,3.559948446022968,0.5089622108357208,-28.178592202426316,-301.4672057854279
324.7828984266402,2.4279177547969244,3.560290075874793,0.5099200644318707,-28.17295122960308,-301.6058429216497
324.7835425085551,2.438027807908456,3.5606319193263647,0.5108775665211747,-28.16730908415703,-301.7445227261442
324.7841864950542,2.4481378707072925,3.5609739764280857,0.5118347169026567,-28.161665766526905,-301.88324521418343
324.78483038631146,2.458247943175319,3.5613162472303603,0.5127915153753282,-28.156021277151435,-302.0220104010395
324.7854741825007,2.468358025294456,3.561658731783593,0.5137479617381038,-28.150375616469326,-302.16081830198453
324.78611788379595,2.478468117046608,3.5620014301381864,0.5147040557898412,-28.144728784919305,-302.2996689322907
324.78676149037096,2.488578218413678,3.5623443423445456,0.5156597973293211,-28.139080782940088,-302.43856230722963
324.7874050023998,2.4986883293775755,3.562687468453074,0.5166151861552644,-28.133431610970412,-302.5774984420737
324.7880484200562,2.5087984499202083,3.5630308085141733,0.517570222066321,-28.127781269448988,-302.7164773520947
324.78869174351416,2.5189085800234805,3.563374362578251,0.5185249048610912,-28.122129758814516,-302.85549905256516
324.7893349729474,2.5290187196693203,3.5637181306957078,0.519479234338057,-28.116477079505728,-302.9945635587566
324.78997810852985,2.539128868839638,3.5640621129169494,0.5204332102957006,-28.110823231961323,-303.13367088594146
324.79062115043536,2.549239027516311,3.5644063092923783,0.5213868325323929,-28.105168216620033,-303.2728210493914
324.7912640988376,2.559349195681302,3.5647507198723996,0.5223401008464394,-28.099512033920536,-303.41201406437875
324.7919069539105,2.5694593733164943,3.565095344707416,0.5232930150360868,-28.093854684301558,-303.5512499461755
324.79254971582776,2.57956956040382,3.5654401838478313,0.524245574899509,-28.08819616820182,-303.6905287100538
324.7931923847633,2.5896797569251984,3.56578523734405,0.5251977802348424,-28.082536486059997,-303.82985037128554
324.7938349608908,2.5997899628625256,3.566130505246477,0.526149630840119,-28.07687563831481,-303.96921494514265
324.794477444384,2.609900178197749,3.566475987605512,0.5271011265132906,-28.071213625404976,-304.10862244689747
324.79511983541664,2.6200104029127704,3.566821684471564,0.5280522670523018,-28.065550447769155,-304.248072891822
324.7957621341625,2.6301206369895227,3.567167595895033,0.5290030522549918,-28.059886105846097,-304.3875662951881
324.79640434079533,2.6402308804099093,3.5675137219263244,0.5299534819191356,-28.054220600074448,-304.5271026722679
324.7970464554887,2.6503411331558824,3.567860062615841,0.5309035558424107,-28.04855393089296,-304.6666820383335
324.7976884784165,2.6604513952093476,3.568206618013988,0.5318532738225059,-28.04288609874028,-304.80630440865696
324.7983304097523,2.6705616665522345,3.5685533881711677,0.5328026356569664,-28.037217104055127,-304.94596979851036
324.79897224966976,2.6806719471664726,3.5689003731377853,0.5337516411433096,-28.031546947276198,-305.08567822316553
324.7996139983426,2.6907822370339813,3.5692475729642434,0.5347002900789741,-28.025875628842154,-305.22542969789475
324.80025565594445,2.700892536136697,3.5695949877009467,0.535648582261337,-28.02020314919173,-305.36522423797
324.800897222649,2.711002844456548,3.569942617398299,0.536596517487725,-28.01452950876357,-305.5050618586632
324.8015386986297,2.7211131619754667,3.570290462106704,0.5375440955553419,-28.00885470799639,-305.6449425752467
324.80218008406047,2.7312234886753775,3.570638521876563,0.5384913162613998,-28.00317874732887,-305.7848664029923
324.8028213791147,2.741333824538227,3.570986796758284,0.539438179402989,-27.9975016271997,-305.9248333571721
324.803462583966,2.7514441695459353,3.5713352868022685,0.5403846847771474,-27.99182334804753,-306.0648434530582
324.80410369878797,2.761554523680443,3.57168399205892,0.5413308321808614,-27.98614391031109,-306.20489670592235
324.80474472375425,2.7716648869236904,3.5720329125786434,0.5422766214110393,-27.98046331442903,-306.34499313103726
324.8053856590384,2.781775259257598,3.572382048411842,0.5432220522645173,-27.974781560840043,-306.4851327436742
324.80602650481393,2.791885640664124,3.5727313996089185,0.5441671245380837,-27.969098649982808,-306.62531555910573
324.80666726125435,2.801996031125193,3.57308096622028,0.5451118380284274,-27.963414582295982,-306.765541592604
324.8073079285333,2.812106430622759,3.573430748296326,0.546056192532224,-27.95772935821827,-306.90581085944063
324.80794850682423,2.8222168391387497,3.573780745887464,0.5470001878460371,-27.952042978188327,-307.0461233748878
324.8085889963006,2.832327256655105,3.574130959044095,0.547943823766377,-27.946355442644837,-307.1864791542176
324.80922939713605,2.8424376831537828,3.5744813878166246,0.54888710008969,-27.940666752026452,-307.3268782127022
324.8098697095039,2.8525481186167094,3.574832032255455,0.5498300166123418,-27.93497690677189,-307.4673205656134
324.8105099335778,2.8626585630258496,3.5751828924109925,0.5507725731306783,-27.929285907319763,-307.6078062282236
324.8111500695311,2.872769016363134,3.5755339683336382,0.5517147694409328,-27.923593754108776,-307.7483352158045
324.81179011753727,2.882879478610518,3.5758852600737976,0.5526566053392701,-27.91790044757759,-307.88890754362825
324.8124300777698,2.8929899497499427,3.5762367676818734,0.5535980806218435,-27.912205988164867,-308.02952322696706
324.81306995040217,2.903100429763363,3.576588491208271,0.5545391950846694,-27.906510376309274,-308.1701822810928
324.81370973560774,2.9132109186327186,3.5769404307033925,0.555479948523768,-27.900813612449486,-308.3108847212776
324.81434943355987,2.923321416339972,3.5772925862176423,0.5564203407350128,-27.895115697024146,-308.4516305627933
324.814989044432,2.9334319228670744,3.577644957801423,0.5573603715142976,-27.889416630471942,-308.5924198209124
324.8156285683977,2.943542438195978,3.577997545505142,0.5583000406574072,-27.88371641323151,-308.7332525109065
324.81626800563015,2.9536529623086394,3.5783503493791993,0.5592393479600428,-27.87801504574151,-308.87412864804793
324.8169073563028,2.9637634951869907,3.5787033694739994,0.560178293217878,-27.872312528440638,-309.0150482476084
324.81754662058904,2.9738740368130214,3.579056605839948,0.5611168762265137,-27.8666088617675,-309.15601132486046
324.81818579866217,2.9839845871686697,3.5794100585274475,0.562055096781461,-27.860904046160794,-309.2970178950757
324.81882489069557,2.9940951462358973,3.579763727586902,0.5629929546781787,-27.855198082059147,-309.43806797352653
324.8194638968626,3.0042057139966643,3.5801176130687153,0.5639304497120783,-27.849490969901233,-309.57916157548476
324.8201028173366,3.0143162904329217,3.580471715023291,0.5648675816784872,-27.843782710125705,-309.7202987162225
324.8207416522908,3.0244268755266495,3.5808260335010327,0.5658043503726562,-27.838073303171207,-309.8614794110117
324.8213804018986,3.0345374692597966,3.581180568552344,0.5667407555897954,-27.832362749476403,-310.0027036751248
324.8220190663332,3.0446480716143274,3.58153532022763,0.5676767971250589,-27.826651049479917,-310.14397152383333
324.82265764576806,3.054758682572195,3.5818902885772936,0.5686124747735066,-27.82093820362043,-310.2852829724095
324.8232961403763,3.064869302115388,3.582245473651739,0.5695477883301345,-27.815224212336577,-310.4266380361255
324.8239345503313,3.074979930225863,3.582600875501368,0.5704827375898898,-27.80950907606702,-310.5680367302534
324.8245728758062,3.085090566885579,3.5829564941765875,0.5714173223476537,-27.80379279525038,-310.70947907006513
