galstreams/tracks/track.st.NGC5466.ibata2021.ecsv
# %ECSV 1.0
# ---
# datatype:
# - {name: ra, unit: deg, datatype: float64}
# - {name: dec, unit: deg, datatype: float64}
# - {name: distance, unit: kpc, datatype: float64}
# - {name: pm_ra_cosdec, unit: mas / yr, datatype: float64}
# - {name: pm_dec, unit: mas / yr, datatype: float64}
# - {name: radial_velocity, unit: km / s, datatype: float64}
# delimiter: ','
# meta: !!omap
# - __serialized_columns__:
#     dec:
#       __class__: astropy.coordinates.angles.Latitude
#       unit: &id001 !astropy.units.Unit {unit: deg}
#       value: !astropy.table.SerializedColumn {name: dec}
#     distance:
#       __class__: astropy.coordinates.distances.Distance
#       unit: !astropy.units.Unit {unit: kpc}
#       value: !astropy.table.SerializedColumn {name: distance}
#     pm_dec:
#       __class__: astropy.units.quantity.Quantity
#       unit: !astropy.units.Unit {unit: mas / yr}
#       value: !astropy.table.SerializedColumn {name: pm_dec}
#     pm_ra_cosdec:
#       __class__: astropy.units.quantity.Quantity
#       unit: !astropy.units.Unit {unit: mas / yr}
#       value: !astropy.table.SerializedColumn {name: pm_ra_cosdec}
#     ra:
#       __class__: astropy.coordinates.angles.Longitude
#       unit: *id001
#       value: !astropy.table.SerializedColumn {name: ra}
#       wrap_angle: !astropy.coordinates.Angle
#         unit: *id001
#         value: 360.0
#     radial_velocity:
#       __class__: astropy.units.quantity.Quantity
#       unit: !astropy.units.Unit {unit: km / s}
#       value: !astropy.table.SerializedColumn {name: radial_velocity}
# schema: astropy-2.0
ra,dec,distance,pm_ra_cosdec,pm_dec,radial_velocity
208.7508791408955,29.636468566678268,15.625111804719277,-5.4658163103658275,-0.748784445750447,9.262843842859572e-14
208.7611020921608,29.6318712477732,15.622218296870157,-5.465348510907951,-0.7494283834939931,1.9788802755199994e-13
208.7713232676343,29.627271829517642,15.61932851900996,-5.464885090581103,-0.7500695975049827,1.768361097273191e-13
208.78154266866173,29.62267031471319,15.61644246872043,-5.46442604349742,-0.7507080898926636,2.020984111169361e-13
208.7917602965902,29.61806670616081,15.61356014358333,-5.463971363770554,-0.7513438627689434,1.0104920555846805e-13
208.8019761527678,29.613461006660994,15.610681541180416,-5.463521045515659,-0.7519769182484032,9.262843842859572e-14
208.8121902385437,29.608853219013685,15.607806659093445,-5.463075082849411,-0.7526072584482829,2.2315032894161697e-13
208.82240255526838,29.604243346018315,15.604935494904165,-5.46263346988999,-0.7532348854884914,2.315710960714893e-13
208.83261310429347,29.59963139047367,15.602068046194342,-5.4621962007570835,-0.7538598014915839,4.631421921429786e-14
208.84282188697162,29.595017355178097,15.599204310545723,-5.461763269571898,-0.7544820085827824,2.1893994537668078e-13
208.85302890465672,29.590401242929378,15.59634428554007,-5.46133467045714,-0.7551015088899518,1.2631150694808506e-14
208.8632341587037,29.585783056524736,15.59348796875914,-5.460910397537025,-0.7557183045436269,1.347322740779574e-13
208.8734376504687,29.58116279876091,15.590635357784683,-5.460490444937278,-0.7563323976769752,1.2631150694808508e-13
208.88363938130914,29.576540472433983,15.587786450198463,-5.460074806785128,-0.7569437904258149,5.4734986344170195e-14
208.8938393525833,29.571916080339616,15.584941243582227,-5.459663477209315,-0.7575524849286103,2.947268495455318e-14
208.9040375656508,29.567289625272863,15.582099735517739,-5.459256450340081,-0.7581584833264714,2.947268495455318e-14
208.91423402187223,29.56266111002832,15.579261923586746,-5.458853720309168,-0.7587617877631466,1.3052189051302125e-13
208.92442872260958,29.558030537399905,15.576427805371011,-5.458455281249835,-0.7593624003850116,9.683882199353189e-14
208.93462166922566,29.55339791018111,15.573597378452291,-5.458061127296832,-0.7599603233410916,8.841805486365955e-14
208.94481286308462,29.54876323116486,15.570770640412338,-5.457671252586418,-0.7605555587830369,6.73661370389787e-14
208.9550023055516,29.54412650314356,15.567947588832904,-5.457285651256356,-0.7611481088651348,1.8525687685719145e-13
208.96518999799306,29.539487728908995,15.565128221295753,-5.456904317445906,-0.7617379757442875,1.221011233831489e-13
208.9753759417764,29.534846911252494,15.562312535382638,-5.456527245295828,-0.7623251615800372,1.8104649329225526e-13
208.98556013827022,29.530204052964823,15.559500528675313,-5.456154428948393,-0.7629096685345407,7.157652060391487e-14
208.99574258884414,29.525559156836227,15.556692198755535,-5.455785862547361,-0.7634914987725859,1.347322740779574e-13
209.00592329486915,29.520912225656357,15.553887543205065,-5.4554215402379915,-0.7640706544615644,1.0104920555846805e-13
209.0161022577171,29.516263262214366,15.551086559605647,-5.455061456167053,-0.7646471377714962,1.4736342477276593e-13
209.0262794787611,29.511612269298883,15.548289245539047,-5.4547056044828,-0.7652209508750112,4.631421921429786e-14
209.03645495937525,29.50695924969799,15.545495598587019,-5.454353979334994,-0.7657920959473538,7.999728773378721e-14
209.046628700935,29.502304206199167,15.54270561633132,-5.454006574874884,-0.7663605751663736,1.5999457546757442e-13
209.05680070481665,29.497647141589454,15.5399192963537,-5.453663385255222,-0.7669263907125291,1.0525958912340423e-13
209.0669709723978,29.492988058655285,15.537136636235923,-5.453324404630255,-0.7674895447688844,2.5262301389617013e-14
209.07713950505695,29.48832696018263,15.534357633559742,-5.452989627155719,-0.7680500395211106,1.5578419190263825e-13
209.08730630417404,29.483663848956795,15.531582285906905,-5.452659046988856,-0.7686078771574655,5.894536990910637e-14
209.09747137112979,29.478998727762658,15.528810590859184,-5.452332658288386,-0.7691630598688176,1.0525958912340423e-13
209.1076347073062,29.47433159938453,15.526042545998319,-5.452010455214538,-0.7697155898486272,9.262843842859572e-14
209.11779631408626,29.4696624666062,15.523278148906073,-5.451692431929021,-0.770265469292949,1.4736342477276593e-13
209.1279561928543,29.464991332210847,15.520517397164204,-5.451378582595042,-0.7708127004004214,9.683882199353189e-14
209.13811434499544,29.460318198981206,15.51776028835446,-5.451068901377296,-0.7713572853722803,7.157652060391487e-14
209.1482707718961,29.455643069699406,15.51500682005861,-5.450763382441971,-0.7718992264123438,-2.5262301389617013e-14
209.15842547494367,29.45096594714711,15.512256989858397,-5.450462019956744,-0.7724385257270181,1.0946997268834039e-13
209.16857845552687,29.446286834105347,15.509510795335586,-5.450164808090779,-0.7729751855252817,1.221011233831489e-13
209.17872971503525,29.441605733354688,15.506768234071927,-5.449871741014737,-0.7735092080186996,9.683882199353189e-14
209.18887925485956,29.43692264767514,15.50402930364918,-5.449582812900752,-0.7740405954214133,5.0524602779234026e-14
209.19902707639164,29.432237579846184,15.501294001649097,-5.44929801792246,-0.7745693499501398,2.1472956181174462e-13
209.2091731810244,29.427550532646777,15.498562325653435,-5.449017350254977,-0.7750954738241661,1.8525687685719145e-13
209.219317570152,29.422861508855263,15.495834273243954,-5.448740804074902,-0.775618969265346,0.0
209.22946024516938,29.41817051124952,15.493109842002406,-5.448468373560328,-0.7761398384981103,9.262843842859572e-14
209.23960120747287,29.413477542606902,15.490389029510546,-5.448200052890823,-0.7766580837494459,-3.368306851948935e-14
209.24974045845957,29.40878260570421,15.487671833350133,-5.447935836247445,-0.7771737072489148,6.315575347404254e-14
209.25987799952804,29.40408570331765,15.48495825110292,-5.4476757178127375,-0.7776867112286233,1.2631150694808508e-13
209.27001383207767,29.39938683822296,15.482248280350666,-5.4474196917707225,-0.7781970979232485,9.262843842859572e-14
209.28014795750894,29.39468601319533,15.479541918675123,-5.447167752306905,-0.7787048695700203,1.7262572616238293e-13
209.29028037722344,29.38998323100943,15.476839163658052,-5.446919893608268,-0.7792100284087272,5.4734986344170195e-14
209.30041109262393,29.38527849443932,15.474140012881206,-5.446676109863285,-0.7797125766816988,1.5578419190263825e-13
209.31054010511417,29.3805718062586,15.471444463926344,-5.446436395261902,-0.780212516633823,1.2631150694808508e-13
209.32066741609893,29.37586316924031,15.468752514375216,-5.446200743995549,-0.7807098505125324,1.0104920555846805e-13
209.33079302698405,29.37115258615699,15.46606416180958,-5.445969150257129,-0.7812045805678073,9.262843842859572e-14
209.3409169391767,29.36644005978056,15.463379403811192,-5.445741608241029,-0.7816967090521637,1.6841534259744676e-14
209.3510391540848,29.361725592882465,15.460698237961815,-5.4455181121431115,-0.782186238220664,8.420767129872338e-14
209.3611596731175,29.357009188233615,15.458020661843197,-5.445298656160717,-0.7826731703309049,2.947268495455318e-14
209.37127849768487,29.352290848604394,15.455346673037093,-5.445083234492661,-0.7831575076430258,1.0104920555846805e-13
209.38139562919835,29.3475705767646,15.452676269125261,-5.44487184133924,-0.7836392524196871,1.2631150694808508e-13
209.39151106907013,29.342848375483527,15.450009447689462,-5.4446644709022145,-0.7841184069260907,1.2631150694808508e-13
209.40162481871366,29.33812424752996,15.447346206311442,-5.444461117384831,-0.7845949734299641,2.1051917824680846e-14
209.41173687954327,29.333398195672142,15.444686542572969,-5.444261774991801,-0.7850689542015666,2.5262301389617013e-14
209.42184725297452,29.32867022267771,15.442030454055788,-5.444066437929319,-0.7855403515136707,6.315575347404254e-14
209.431955940424,29.32394033131385,15.43937793834166,-5.443875100405039,-0.7860091676415795,1.0104920555846805e-13
209.44206294330925,29.319208524347193,15.436728993012341,-5.443687756628102,-0.7864754048631123,1.642049590325106e-13
209.45216826304895,29.314474804543845,15.434083615649588,-5.443504400809106,-0.7869390654586126,4.210383564936169e-14
209.46227190106285,29.30973917466932,15.431441803835153,-5.443325027160129,-0.7874001517109291,4.210383564936169e-14
209.47237385877168,29.305001637488658,15.428803555150795,-5.443149629894713,-0.7878586659054303,1.8525687685719145e-13
209.48247413759734,29.300262195766354,15.42616886717827,-5.442978203227877,-0.788314610329993,5.4734986344170195e-14
209.49257273896256,29.2955208522664,15.42353773749933,-5.4428107413761015,-0.7887679872750071,1.515738083377021e-13
209.5026696642914,29.290777609752137,15.420910163695737,-5.442647238557335,-0.7892187990333608,1.9788802755199994e-13
209.5127649150088,29.2860324709865,15.418286143349242,-5.442487688990998,-0.7896670479004498,1.221011233831489e-13
209.52285849254073,29.281285438731846,15.415665674041604,-5.442332086897975,-0.7901127361741743,-2.947268495455318e-14
209.53295039831428,29.276536515749992,15.413048753354573,-5.442180426500619,-0.7905558661549339,-1.6841534259744676e-14
209.54304063375744,29.271785704802248,15.410435378869916,-5.442032702022738,-0.790996440145625,8.841805486365955e-14
209.55312920029948,29.267033008649324,15.407825548169383,-5.4418889076896235,-0.7914344604516318,1.5578419190263825e-13
209.56321609937058,29.262278430051467,15.405219258834723,-5.441749037728013,-0.7918699293808404,3.789345208442552e-14
209.57330133240185,29.257521971768377,15.402616508447702,-5.441613086366117,-0.7923028492436247,1.642049590325106e-13
209.58338490082556,29.252763636559227,15.400017294590073,-5.441481047833607,-0.7927332223528469,1.4315304120782974e-13
209.5934668060751,29.2480034271826,15.39742161484359,-5.441352916361616,-0.7931610510238517,1.5578419190263825e-13
209.6035470495847,29.2432413463966,15.39482946679001,-5.441228686182738,-0.7935863375744733,1.9367764398706378e-13
209.61362563278976,29.238477396958803,15.39224084801109,-5.441108351531026,-0.7940090843250244,1.4315304120782974e-13
209.6237025571266,29.23371158162627,15.389655756088583,-5.440991906642001,-0.7944292935982998,1.5578419190263825e-13
209.6337778240327,29.22894390315543,15.387074188604254,-5.440879345752632,-0.794846967719563,7.999728773378721e-14
209.64385143494647,29.224174364302286,15.384496143139845,-5.440770663101356,-0.7952621090165631,9.683882199353189e-14
209.65392339130736,29.21940296782226,15.381921617277122,-5.4406658529280625,-0.7956747198195173,1.9788802755199994e-13
209.66399369455584,29.214629716470295,15.379350608597836,-5.440564909474105,-0.7960848024611126,1.894672604221276e-13
209.67406234613352,29.2098546130007,15.376783114683743,-5.440467826982285,-0.7964923592765024,4.631421921429786e-14
209.68412934748287,29.205077660167344,15.374219133116602,-5.440374599696867,-0.7968973926033108,1.8525687685719145e-13
209.69419470004743,29.20029886072353,15.371658661478167,-5.440285221863566,-0.7972999047816209,7.157652060391487e-14
209.70425840527176,29.195518217422066,15.3691016973502,-5.440199687729555,-0.7976998981539868,2.3999186320136165e-13
209.71432046460154,29.190735733015146,15.366548238314447,-5.440117991543466,-0.7980973750654029,1.0104920555846805e-13
209.72438087948333,29.18595141025451,15.363998281952664,-5.440040127555373,-0.7984923378633424,1.4736342477276593e-13
209.7344396513648,29.18116525189133,15.36145182584662,-5.439966090016811,-0.7988847888977153,6.73661370389787e-14
209.74449678169444,29.17637726067632,15.358908867578059,-5.439895873180763,-0.7992747305209024,1.5999457546757442e-13
209.7545522719221,29.171587439359516,15.356369404728738,-5.439829471301671,-0.7996621650877147,1.0946997268834039e-13
209.76460612349834,29.16679579069054,15.353833434880416,-5.4397668786354165,-0.8000470949554259,2.1051917824680846e-14
209.77465833787483,29.16200231741847,15.35130095561485,-5.439708089439342,-0.8004295224837518,8.841805486365955e-14
209.7847089165042,29.15720702229185,15.34877196451379,-5.439653097972229,-0.8008094500348545,1.4736342477276593e-13
209.79475786084026,29.152409908058644,15.346246459158998,-5.439601898494319,-0.8011868799733274,9.262843842859572e-14
209.80480517233764,29.14761097746633,15.343724437132227,-5.439554485267294,-0.801561814666214,1.2631150694808508e-13
209.814850852452,29.14281023326186,15.341205896015241,-5.439510852554283,-0.8019342564829929,1.9788802755199994e-13
209.8248949026401,29.138007678191656,15.338690833389778,-5.439470994619871,-0.8023042077955743,5.0524602779234026e-14
209.83493732435954,29.13320331500161,15.33617924683761,-5.439434905730077,-0.8026716709783073,1.221011233831489e-13
209.8449781190691,29.128397146437024,15.33367113394049,-5.439402580152372,-0.8030366484079615,1.9367764398706378e-13
209.8550172882285,29.12358917524277,15.331166492280158,-5.439374012155677,-0.8033991424637437,1.3894265764289357e-13
209.8650548332984,29.118779404163103,15.328665319438397,-5.439349196010343,-0.8037591555272812,2.1051917824680846e-14
209.87509075574036,29.11396783594185,15.326167612996946,-5.439328125988175,-0.8041166899826354,1.8104649329225526e-13
209.88512505701726,29.109154473322185,15.323673370537561,-5.439310796362424,-0.8044717482162737,8.841805486365955e-14
209.89515773859267,29.104339319046826,15.321182589642005,-5.439297201407769,-0.8048243326170961,1.0946997268834039e-13
209.90518880193127,29.099522375857962,15.31869526789203,-5.439287335400346,-0.8051744455764129,1.0525958912340423e-13
209.91521824849866,29.094703646497273,15.31621140286939,-5.439281192617724,-0.805522089487957,1.0525958912340423e-13
209.9252460797616,29.089883133705822,15.313730992155845,-5.43927876733891,-0.8058672667478629,8.841805486365955e-14
209.93527229718765,29.085060840224234,15.311254033333148,-5.439280053844357,-0.8062099797546863,2.947268495455318e-14
209.9452969022454,29.080236768792567,15.308780523983053,-5.439285046415953,-0.8065502309093876,2.1051917824680845e-13
209.95531989640443,29.07541092215038,15.306310461687323,-5.439293739337022,-0.8068880226153363,1.9788802755199994e-13
209.96534128113547,29.070583303036635,15.303843844027707,-5.4393061268923315,-0.8072233572782982,1.515738083377021e-13
209.97536105790994,29.06575391418984,15.301380668585962,-5.439322203368085,-0.8075562373064477,1.3052189051302125e-13
209.9853792282004,29.060922758347935,15.298920932943847,-5.43934196305191,-0.8078866651103634,1.8525687685719145e-13
209.99539579348038,29.05608983824839,15.29646463468312,-5.439365400232888,-0.8082146431030143,1.1368035625327657e-13
210.00541075522446,29.05125515662803,15.29401177138553,-5.4393925092015225,-0.8085401736997634,1.6841534259744676e-14
210.01542411490797,29.046418716223258,15.291562340632838,-5.439423284249757,-0.8088632593183762,1.4315304120782974e-13
210.0254358740075,29.04158051976993,15.289116340006796,-5.439457719670964,-0.8091839023790027,1.5999457546757442e-13
210.03544603400036,29.036740570003367,15.286673767089164,-5.439495809759952,-0.809502105304185,4.210383564936169e-15
210.045454596365,29.031898869658317,15.284234619461694,-5.439537548812961,-0.8098178705188487,1.9367764398706378e-13
210.0554615625808,29.02705542146905,15.281798894706146,-5.439582931127662,-0.8101312004503063,1.6841534259744677e-13
210.06546693412807,29.022210228169328,15.279366590404273,-5.439631951003159,-0.8104420975282529,1.1368035625327657e-13
210.07547071248806,29.017363292492366,15.27693770413783,-5.43968460273998,-0.8107505641847683,1.2631150694808506e-14
210.0854728991431,29.012514617170783,15.27451223348858,-5.4397408806400875,-0.8110566028543028,4.210383564936169e-14
210.0954734955764,29.007664204936784,15.272090176038267,-5.439800779006875,-0.8113602159736873,2.6525416459097863e-13
210.10547250327224,29.00281205852198,15.269671529368658,-5.439864292145154,-0.8116614059821247,1.1368035625327657e-13
210.11546992371566,28.997958180657477,15.267256291061504,-5.439931414361178,-0.8119601753211924,9.683882199353189e-14
