galstreams/tracks/track.st.Pal5.pricewhelan2019.ecsv
# %ECSV 0.9
# ---
# datatype:
# - {name: ra, unit: deg, datatype: float64}
# - {name: dec, unit: deg, datatype: float64}
# - {name: distance, unit: kpc, datatype: float64}
# - {name: pm_ra_cosdec, unit: mas / yr, datatype: float64}
# - {name: pm_dec, unit: mas / yr, datatype: float64}
# - {name: radial_velocity, unit: km / s, datatype: float64}
# delimiter: ','
# meta: !!omap
# - __serialized_columns__:
#     dec:
#       __class__: astropy.coordinates.angles.Latitude
#       unit: &id001 !astropy.units.Unit {unit: deg}
#       value: !astropy.table.SerializedColumn {name: dec}
#     distance:
#       __class__: astropy.coordinates.distances.Distance
#       unit: !astropy.units.Unit {unit: kpc}
#       value: !astropy.table.SerializedColumn {name: distance}
#     pm_dec:
#       __class__: astropy.units.quantity.Quantity
#       unit: !astropy.units.Unit {unit: mas / yr}
#       value: !astropy.table.SerializedColumn {name: pm_dec}
#     pm_ra_cosdec:
#       __class__: astropy.units.quantity.Quantity
#       unit: !astropy.units.Unit {unit: mas / yr}
#       value: !astropy.table.SerializedColumn {name: pm_ra_cosdec}
#     ra:
#       __class__: astropy.coordinates.angles.Longitude
#       unit: *id001
#       value: !astropy.table.SerializedColumn {name: ra}
#       wrap_angle: !astropy.coordinates.Angle
#         unit: *id001
#         value: 360.0
#     radial_velocity:
#       __class__: astropy.units.quantity.Quantity
#       unit: !astropy.units.Unit {unit: km / s}
#       value: !astropy.table.SerializedColumn {name: radial_velocity}
# schema: astropy-2.0
ra,dec,distance,pm_ra_cosdec,pm_dec,radial_velocity
[from data line 429]
238.07618992053568,5.161164454494571,21.875399391401995,-2.3972170914549107,-2.3630496888974557,999.0000226135261
238.06652576755494,5.157615733338092,21.87478215379973,-2.3977610391285067,-2.3631664437718714,999.0000226130527
238.05687120327207,5.154052346168003,21.874163650018293,-2.3983046431471986,-2.3632835448917424,999.0000226125801
238.0472264262977,5.150473990518422,21.873543880057714,-2.3988479041649478,-2.3634009915096543,999.0000226121084
238.03759163173584,5.146880369320465,21.872922843917962,-2.3993908228205814,-2.363518782893225,999.0000226116376
238.02796701158152,5.143271190293193,21.872300541599067,-2.3999333997392975,-2.3636369183235875,999.0000226111682
238.01835275411867,5.139646166863409,21.871676973101003,-2.400475635530477,-2.363755397097669,999.0000226106996
238.0087490443109,5.136005017566839,21.8710521384238,-2.401017530789113,-2.363874218526697,999.0000226102321
237.9991560630975,5.132347467123871,21.870426037567434,-2.401559086093259,-2.36399338193885,999.0000226097654
237.98957398787013,5.128673245709596,21.869798670531917,-2.402100302005792,-2.364112886677451,999.0000226093003
237.98000299221013,5.124982089353928,21.86917003731726,-2.402641179073487,-2.364232732101944,999.0000226088364
237.97044324576197,5.121273740134552,21.868540137923443,-2.40318171782658,-2.3643529175883624,999.0000226083735
237.9608949141151,5.117547946356043,21.867908972350477,-2.4037219187783196,-2.3644734425297544,999.0000226079115
237.95135815891476,5.113804462379807,21.867276540598372,-2.4042617824254595,-2.364594306335758,999.0000226074513
237.94183313755136,5.1100430490973014,21.866642842667115,-2.404801309247112,-2.3647155084337452,999.0000226069928
237.93232000329405,5.10626347372514,21.866007878556708,-2.4053404997053023,-2.3648370482683134,999.0000226065346
237.92281890500192,5.102465510245412,21.865371648267164,-2.405879354243888,-2.3649589253023393,999.0000226060783
237.9133299875111,5.098648938811893,21.864734151798473,-2.406417873290043,-2.3650811390155186,999.0000226056236
237.9038533909233,5.09481354683795,21.864095389150638,-2.4069560572517257,-2.365203688907008,999.0000226051702
237.8943892510246,5.090959128354281,21.863455360323663,-2.4074939065191714,-2.36532657449383,999.000022604718
237.88493769900325,5.087085484439057,21.862814065317544,-2.408031421463966,-2.3654497953119136,999.000022604267
237.8754988616324,5.08319242293763,21.862171504132284,-2.4085686024397073,-2.3655733509153816,999.000022603818
237.86607286094363,5.0792797589602925,21.861527676767885,-2.4091054497808755,-2.3656972408777444,999.0000226033703
237.85665981409133,5.07534731508912,21.860882583224353,-2.409641963802403,-2.365821464792381,999.0000226029242
237.84725983399233,5.071394920397473,21.860236223501676,-2.4101781448019985,-2.3659460222701245,999.0000226024796
237.83787302816054,5.067422412231584,21.859588597599856,-2.4107139930559933,-2.3660709129435746,999.000022602036
237.8284994996747,5.063429634729709,21.85893970551891,-2.4112495088228916,-2.3661961364634574,999.0000226015947
237.81913934676942,5.0594164394453855,21.858289547258828,-2.411784692341927,-2.366321692500123,999.0000226011542
237.80979266248252,5.055382685886148,21.85763812281959,-2.4123195438318565,-2.3664475807448175,999.0000226007161
237.800459535114,5.051328240810173,21.856985432201245,-2.412854063492642,-2.366573800907936,999.0000226002797
237.79114004785197,5.0472529787975695,21.85633147540375,-2.413388251504196,-2.366700352720387,999.0000225998442
237.78183427902252,5.043156781866105,21.85567625242712,-2.4139221080272666,-2.3668272359326137,999.000022599411
237.77254230160034,5.039039540219231,21.855019763271365,-2.4144556332018317,-2.366954450316373,999.0000225989794
237.76326418380867,5.034901151327195,21.854362007936462,-2.4149888271492155,-2.367081995662473,999.000022598549
237.75399998844676,5.030741520953863,21.853702986422444,-2.4155216899697773,-2.367209871783211,999.0000225981211
237.7447497734184,5.026560562348054,21.85304269872928,-2.4160542217448993,-2.3673380785103832,999.0000225976943
237.73551359133018,5.022358196855625,21.852381144856988,-2.4165864225355262,-2.3674666156967135,999.0000225972692
237.72629148958765,5.0181343537724805,21.851718324805564,-2.4171182923826438,-2.367595483215455,999.0000225968463
237.71708351047462,5.0138889702214495,21.851054238575003,-2.4176498313076182,-2.3677246809600487,999.0000225964246
237.70788969101332,5.009621991364626,21.85038888616532,-2.4181810393117202,-2.3678542088445815,999.0000225960052
237.69871006289378,5.005333370511205,21.849722267576503,-2.418711916375994,-2.3679840668039986,999.000022595587
237.68954465277622,5.001023068653058,21.849054382808553,-2.419242462462372,-2.3681142547929337,999.0000225951709
237.68039348188546,4.996691055084291,21.84838523186147,-2.4197726775123183,-2.3682447727871465,999.0000225947564
237.67125656624572,4.992337307040545,21.84771481473525,-2.4203025614476936,-2.368375620782599,999.0000225943439
237.6621339165222,4.9879618099412015,21.847043131429913,-2.42083211417036,-2.368506798795978,999.0000225939328
237.65302553836935,4.983564556854754,21.84637018194544,-2.4213613355633816,-2.3686383068633603,999.0000225935237
237.64393143185936,4.979145549371715,21.84569596628183,-2.421890225489148,-2.3687701450422476,999.0000225931166
237.6348515919582,4.974704796876541,21.845020484439107,-2.4224187837911155,-2.368902313409749,999.000022592711
237.6257860083638,4.970242316792963,21.844343736417237,-2.422947010293304,-2.3690348120631217,999.0000225923076
237.61673466548683,4.965758134613099,21.84366572221624,-2.423474904800343,-2.3691676411197635,999.0000225919057
237.60769754249128,4.9612522838337965,21.84298644183611,-2.424002467097645,-2.3693008007170038,999.0000225915053
237.59867461334426,4.956724805880389,21.84230589527686,-2.424529696951706,-2.369434291011851,999.0000225911067
237.58966584669562,4.952175750288571,21.84162408253847,-2.42505659410974,-2.369568112181363,999.0000225907105
237.5806712061057,4.947605174356388,21.840941003620948,-2.425583158300599,-2.3697022644217407,999.0000225903156
237.57169064984018,4.9430131434564695,21.840256658524293,-2.426109389234094,-2.36983674794901,999.0000225899228
237.56272413104242,4.938399730771519,21.839571047248512,-2.4266352866017242,-2.369971562998313,999.0000225895313
237.55377159770134,4.933765017342608,21.8388841697936,-2.4271608500766186,-2.370106709823956,999.000022589142
237.54483299264965,4.92910909207103,21.83819602615955,-2.427686079313653,-2.3702421886993377,999.0000225887541
237.53590825370122,4.924432051507771,21.83750661634637,-2.428210973949991,-2.3703779999163705,999.0000225883683
237.52699731345405,4.9197340001533805,21.83681594035405,-2.428735533604519,-2.3705141437861235,999.0000225879841
237.51810009959692,4.915015049988538,21.836123998182607,-2.429259757878985,-2.3706506206376243,999.0000225876013
237.5092165347571,4.91027532070635,21.83543078983202,-2.429783646357547,-2.370787430818338,999.0000225872207
237.50034653653427,4.905514939659074,21.8347363153023,-2.430307198607006,-2.3709245746939587,999.000022586842
237.49149001761734,4.900734041679615,21.834040574593452,-2.43083041417732,-2.371062052647904,999.0000225864644
237.48264688582358,4.895932769020234,21.833343567705466,-2.4313532926017953,-2.3711998650811004,999.0000225860889
237.47381704411265,4.891111271331182,21.832645294638343,-2.431875833397272,-2.3713380124118366,999.0000225857149
237.46500039052938,4.886269705746593,21.83194575539208,-2.432398036063979,-2.371476495075896,999.0000225853422
237.4561968183609,4.881408236643847,21.831244949966685,-2.432919900086193,-2.371615313525906,999.0000225849717
237.44740621619823,4.876527035549721,21.83054287836215,-2.4334414249325755,-2.3717544682310203,999.0000225846027
237.43862846796276,4.871626281097846,21.829839540578476,-2.4339626100562963,-2.371893959676752,999.0000225842354
237.4298634528685,4.866706159086815,21.82913493661566,-2.434483454895066,-2.372033788365016,999.0000225838695
237.42111104556608,4.861766862258967,21.82842906647371,-2.4350039588716976,-2.372173954813528,999.0000225835053
237.4123711161289,4.856808590321408,21.827721930152613,-2.4355241213941374,-2.372314459555767,999.0000225831428
237.4036435302337,4.851831549669288,21.827013527652372,-2.4360439418562425,-2.3724553031402396,999.0000225827816
237.39492814899234,4.846835953641779,21.82630385897299,-2.43656341963721,-2.372596486131,999.0000225824223
237.38622482923662,4.841822022087648,21.825592924114478,-2.437082554102757,-2.372738009106538,999.0000225820639
237.37753342345772,4.836789981455806,21.82488072307681,-2.4376013446049023,-2.372879872659918,999.0000225817074
237.368853779902,4.831740064649361,21.824167255859997,-2.438119790482487,-2.373022077398337,999.0000225813525
237.3601857425729,4.826672511022286,21.823452522464045,-2.438637891061222,-2.373164623943039,999.0000225809985
237.3515291513655,4.821587566172348,21.822736522888935,-2.439155645654217,-2.373307512928752,999.0000225806461
237.3428838421121,4.816485481872551,21.82201925713468,-2.4396730535623257,-2.373450745003429,999.0000225802956
237.33424964663973,4.811366515981504,21.821300725201283,-2.4401901140743605,-2.3735943208279613,999.000022579946
237.32562639282162,4.806230932365214,21.820580927088727,-2.4407068264673457,-2.373738241075915,999.000022579598
237.31701390469334,4.801079000719043,21.819859862797028,-2.441223190007104,-2.3738825064330262,999.000022579251
237.30841200243012,4.795910996601705,21.819137532326174,-2.4417392039481567,-2.374027117597199,999.0000225789053
237.29982050251314,4.790727201181037,21.81841393567617,-2.4422548675344427,-2.374172075277831,999.000022578561
237.29123921781363,4.785527901105801,21.817689072847003,-2.4427701799997084,-2.3743173801954307,999.0000225782178
237.28266795753788,4.780313388588356,21.81696294383869,-2.4432851405673683,-2.3744630330817325,999.0000225778763
237.27410652746394,4.775083961043464,21.816235548651207,-2.4437997484514375,-2.374609034678775,999.0000225775353
237.2655547297942,4.7698399213129425,21.815506887284577,-2.4443140028560513,-2.3747553857393373,999.0000225771959
237.25701236357585,4.764581577023166,21.814776959738786,-2.4448279029770736,-2.3749020870253768,999.0000225768572
237.24847922440912,4.759309241030484,21.814045766013837,-2.445341448001102,-2.375049139308982,999.00002257652
237.23995510479634,4.754023230888151,21.813313306109723,-2.445854637106804,-2.3751965433710605,999.0000225761835
237.23143979404594,4.748723868991861,21.812579580026448,-2.4463674694646125,-2.375344300001596,999.0000225758484
237.22293307846715,4.743411482283268,21.81184458776401,-2.446879944237525,-2.3754924099988934,999.0000225755143
237.21443474138835,4.738086402220745,21.8111083293224,-2.4473920605811834,-2.375640874169436,999.0000225751809
237.20594456333475,4.732748964508728,21.81037080470163,-2.4479038176445926,-2.375789693327186,999.0000225748487
237.1974623219053,4.727399509285012,21.809632013901695,-2.4484152145697906,-2.3759388682939484,999.0000225745166
237.18898779213353,4.722038380569319,21.808891956922587,-2.448926250493074,-2.3760883998980304,999.0000225741862
237.180520746275,4.716665926588661,21.808150633764306,-2.449436924544441,-2.3762382889749207,999.0000225738563
237.17206095422142,4.711282499143656,21.807408044426854,-2.4499472358489682,-2.3763885363657655,999.0000225735274
237.16360818326135,4.7058884539748815,21.806664188910233,-2.4504571835261593,-2.376539142918145,999.0000225731986
237.15516219840794,4.700484150261234,21.805919067214433,-2.450966766691028,-2.3766901094848607,999.0000225728712
237.14672276237476,4.695069950658323,21.805172679339464,-2.451475984454176,-2.376841436923958,999.0000225725441
237.138289635637,4.689646221202969,21.804425025285305,-2.4519848359219543,-2.3769931260984505,999.0000225722179
237.12986257667646,4.684213330940585,21.803676105051974,-2.452493320197441,-2.377145177875403,999.000022571892
237.12144134183174,4.678771652153279,21.802925918639463,-2.453001436379918,-2.3772975931264013,999.0000225715672
237.1130256856613,4.673321559805605,21.802174466047767,-2.453509183566218,-2.3774503727262304,999.0000225712422
237.10461536074408,4.667863431848758,21.80142174727689,-2.454016560850043,-2.3776035175535126,999.0000225709181
237.0962101180215,4.662397648698369,21.80066776232683,-2.4545235673232035,-2.3777570284894676,999.0000225705943
237.08780970677398,4.656924593271068,21.799912511197576,-2.4550302020755637,-2.3779109064179487,999.0000225702711
237.07941387467264,4.6514446509045175,21.799155993889137,-2.455536464195291,-2.3780651522252074,999.0000225699481
237.07102236795566,4.645958209088661,21.798398210401512,-2.4560423527694426,-2.378219766799242,999.0000225696258
237.0626349314662,4.640465657408304,21.797639160734697,-2.4565478668841836,-2.378374751029622,999.0000225693035
237.0542513087992,4.634967387318286,21.79687884488869,-2.457053005625293,-2.3785301058069397,999.0000225689814
237.04587124230952,4.629463792131204,21.796117262863483,-2.457557768078189,-2.3786858320227373,999.0000225686592
237.03749447328937,4.623955266747249,21.795354414659087,-2.458062153328646,-2.378841930568865,999.0000225683378
237.029120741993,4.618442207615996,21.794590300275484,-2.4585661604628104,-2.378998402337356,999.0000225680162
237.0207497877698,4.612925012533468,21.793824919712694,-2.4590697885677333,-2.379155248219932,999.0000225676946
237.01238134916647,4.607404080486348,21.79305827297069,-2.459573036731743,-2.3793124691076333,999.0000225673728
237.00401516395866,4.601879811603608,21.792290360049495,-2.4600759040444955,-2.379470065890665,999.0000225670518
236.9956509693189,4.596352606900551,21.7915211809491,-2.4605783895976705,-2.3796280394578067,999.0000225667303
236.98728850184338,4.590822868237617,21.79075073566949,-2.4610804924849674,-2.379786390696295,999.0000225664087
236.97892749768278,4.585290998121294,21.789979024210677,-2.4615822118026403,-2.3799451204913473,999.000022566087
236.97056769263412,4.579757399563841,21.789206046572655,-2.4620835466497404,-2.380104229725836,999.0000225657653
236.96220882221286,4.574222475973451,21.788431802755422,-2.4625844961284535,-2.3802637192800207,999.0000225654429
236.95385062176442,4.568686630983983,21.78765629275898,-2.463085059344397,-2.3804235900311532,999.000022565121
236.94549282653176,4.563150268352237,21.786879516583323,-2.463585235406876,-2.3805838428532384,999.0000225647982
236.9371351717587,4.557613791800442,21.786101474228456,-2.4640850234292615,-2.3807444786166654,999.0000225644754
236.92877739280664,4.552077604838086,21.785322165694367,-2.464584422529313,-2.3809054981878135,999.0000225641521
236.9204192251738,4.546542110732736,21.784541590981064,-2.4650834318293007,-2.3810669024289672,999.0000225638285
236.9120604046946,4.5410077122064685,21.783759750088535,-2.4655820504566215,-2.3812286921976513,999.000022563504
236.90370066750876,4.5354748114826,21.782976643016795,-2.466080277543691,-2.381390868346722,999.0000225631795
236.895339750233,4.529943810023926,21.782192269765822,-2.466578112228511,-2.3815534317238,999.0000225628543
236.88697739002467,4.524415108436574,21.78140663033564,-2.4670755536548774,-2.381716383171046,999.0000225625286
236.87861332465909,4.518889106351173,21.78061972472622,-2.467572600972577,-2.381879723524917,999.000022562202
236.8702472926354,4.51336620226233,21.779831552937576,-2.4680692533377715,-2.38204345361581,999.0000225618751
236.86187903326916,4.507846793387207,21.779042114969698,-2.4685655099132346,-2.3822075742677673,999.0000225615471
236.8535082867287,4.502331275610625,21.778251410822598,-2.4690613698684745,-2.382372086298357,999.0000225612187
236.8451347941765,4.496820043269022,21.777459440496262,-2.4695568323801638,-2.3825369905182283,999.0000225608896
236.83675829784158,4.4913134890409765,21.776666203990686,-2.4700518966323792,-2.3827022877308712,999.000022560559
