galstreams/tracks/track.st.ACS.ramos2020b.ecsv
# %ECSV 0.9
# ---
# datatype:
# - {name: ra, unit: deg, datatype: float64}
# - {name: dec, unit: deg, datatype: float64}
# - {name: distance, unit: kpc, datatype: float64}
# - {name: pm_ra_cosdec, unit: mas / yr, datatype: float64}
# - {name: pm_dec, unit: mas / yr, datatype: float64}
# - {name: radial_velocity, unit: km / s, datatype: float64}
# delimiter: ','
# meta: !!omap
# - __serialized_columns__:
#     dec:
#       __class__: astropy.coordinates.angles.Latitude
#       unit: &id001 !astropy.units.Unit {unit: deg}
#       value: !astropy.table.SerializedColumn {name: dec}
#     distance:
#       __class__: astropy.coordinates.distances.Distance
#       unit: !astropy.units.Unit {unit: kpc}
#       value: !astropy.table.SerializedColumn {name: distance}
#     pm_dec:
#       __class__: astropy.units.quantity.Quantity
#       unit: !astropy.units.Unit {unit: mas / yr}
#       value: !astropy.table.SerializedColumn {name: pm_dec}
#     pm_ra_cosdec:
#       __class__: astropy.units.quantity.Quantity
#       unit: !astropy.units.Unit {unit: mas / yr}
#       value: !astropy.table.SerializedColumn {name: pm_ra_cosdec}
#     ra:
#       __class__: astropy.coordinates.angles.Longitude
#       unit: *id001
#       value: !astropy.table.SerializedColumn {name: ra}
#       wrap_angle: !astropy.coordinates.Angle
#         unit: *id001
#         value: 360.0
#     radial_velocity:
#       __class__: astropy.units.quantity.Quantity
#       unit: !astropy.units.Unit {unit: km / s}
#       value: !astropy.table.SerializedColumn {name: radial_velocity}
# schema: astropy-2.0
ra,dec,distance,pm_ra_cosdec,pm_dec,radial_velocity
154.39841805705223,80.03816201409785,11.69999999999956,0.7614732611814482,-0.4076250608014947,2.1051917824680845e-15
153.14122718577565,79.834723620455,11.699999999999594,0.7255144160415401,-0.3537253412143073,0.0
151.95150563737013,79.62479121726105,11.69999999999962,0.6864909082633673,-0.328218680903157,1.5788938368510633e-15
150.82626438763884,79.40889132033794,11.699999999999644,0.6501939359765746,-0.32101901229931934,4.73668151055319e-15
149.76245713020143,79.18750939516701,11.69999999999967,0.6198485623744054,-0.32447827194760553,1.5788938368510633e-15
148.75703008152874,78.96109203174628,11.699999999999694,0.5968879614650858,-0.3330176125036496,1.5788938368510633e-15
147.80696129036954,78.73004929352413,11.699999999999715,0.5815449688418703,-0.342767100793284,1.0525958912340423e-15
146.90929091962653,78.4947571468132,11.699999999999736,0.5732953435039273,-0.3512296034186216,1.5788938368510633e-15
146.06114390519224,78.25555989896445,11.699999999999756,0.5711824601190878,-0.3569782282462359,0.0
145.25974628290177,78.01277259205449,11.699999999999774,0.5740486057740004,-0.35939196850058275,-5.262979456170211e-16
144.50243633581306,77.76668331402156,11.699999999999786,0.5806938472286128,-0.3584308039485289,-3.1577876737021266e-15
143.78667156649414,77.51755540138605,11.6999999999998,0.5899796686658926,-0.3544491822366061,-3.1577876737021266e-15
143.11003235404715,77.26562951727678,11.699999999999813,0.6008912957999042,-0.348045293993594,-2.1051917824680845e-15
142.47022302009103,77.01112559586002,11.699999999999823,0.6125698168656815,-0.33994266521579064,-1.0525958912340423e-15
141.86507090553422,76.75424464981317,11.699999999999834,0.6243228549761849,-0.3309001538981087,-1.0525958912340423e-15
141.29252395223537,76.49517044154749,11.699999999999845,0.6356205959162083,-0.32164632297673584,-2.6314897280851058e-15
140.7506471906861,76.23407102177364,11.699999999999855,0.6460823809731955,-0.3128342661403605,-3.1577876737021266e-15
140.23761845589408,75.97110014096675,11.69999999999986,0.6554577856796993,-0.3050132093535516,-5.789277401787233e-15
139.75172358747537,75.70639854055044,11.69999999999987,0.663605074822321,-0.2986135414851601,-3.684085619319148e-15
139.29135131511737,75.44009513134078,11.699999999999878,0.6704691086462633,-0.29394230051480674,-8.947065075489359e-15
138.85498798556839,75.17230806712438,11.699999999999886,0.6760601369104109,-0.2911865279581353,-3.684085619319148e-15
138.4412122506889,74.90314572128248,11.699999999999887,0.6804344236699422,-0.29042228327372027,2.1051917824680845e-15
138.04868980656113,74.63270757421681,11.699999999999896,0.683677268726856,-0.29162746894561425,-3.1577876737021266e-15
137.67616824999936,74.36108501903048,11.699999999999902,0.6858887085142337,-0.29469694765669785,-1.5788938368510633e-15
137.3224721000231,74.08836209253445,11.699999999999907,0.6871719706683985,-0.29945873116622024,-1.0525958912340423e-15
136.9864980170561,73.81461613820692,11.699999999999912,0.6876246070695159,-0.3056902844930236,1.5788938368510633e-15
136.66721024106232,73.53991840727302,11.699999999999918,0.6873321269562614,-0.31313421889862325,0.0
136.3636362608937,73.26433460359813,11.699999999999921,0.6863638845659659,-0.3215128442878544,-3.1577876737021266e-15
136.07486272030064,72.98792537762921,11.699999999999925,0.6847709363254781,-0.3305412180813296,2.1051917824680845e-15
135.8000315609052,72.71074677417052,11.699999999999928,0.6825855642950932,-0.33993846589210563,-7.368171238638296e-15
135.53833639862927,72.43285063835796,11.699999999999932,0.6798221600509298,-0.3494372622010285,-1.0525958912340423e-15
135.2890191273093,72.1542849838012,11.699999999999937,0.6764791722797971,-0.358791449469828,-1.0525958912340423e-15
135.05136674129744,71.87509432649074,11.69999999999994,0.6725418387245793,-0.3677818445051589,0.0
134.82470836755877,71.5953199877314,11.699999999999944,0.6679854461384571,-0.3762203340138431,-6.315575347404253e-15
134.608412496978,71.31500036904704,11.699999999999946,0.6627788885248966,-0.38395239962641803,-5.2629794561702115e-15
134.40188440417546,71.03417120172075,11.699999999999946,0.6568883225567145,-0.3908582384759696,-3.1577876737021266e-15
134.20456374499767,70.75286577337097,11.69999999999995,0.650280748440714,-0.3968526607617684,-1.0525958912340423e-15
134.01592232093265,70.47111513373342,11.69999999999995,0.6429273736756929,-0.4018839524558332,-4.210383564936169e-15
133.8354619999322,70.18894828160136,11.699999999999955,0.6348066454222107,-0.40593189107632,-3.1577876737021266e-15
133.66271278347037,69.90639233468852,11.699999999999957,0.6259068640306469,-0.4090050967123992,-7.368171238638296e-15
133.49723101008516,69.62347268400318,11.699999999999957,0.6162283152749312,-0.4111378905167527,-7.368171238638296e-15
133.33859768611438,69.3402131341663,11.69999999999996,0.6057848817472893,-0.4123868197897475,-1.2631150694808506e-14
133.18641693483235,69.05663603096824,11.699999999999962,0.5946051145141816,-0.4128269935137049,-6.315575347404253e-15
133.04031455569233,68.77276237732923,11.69999999999996,0.582732764420438,-0.41254835556360614,-1.0525958912340423e-14
132.89993668588593,68.4886119387195,11.699999999999964,0.5702267883244951,-0.4116520055001872,-1.2631150694808506e-14
132.76494855692005,68.20420333898932,11.699999999999964,0.5571608590676709,-0.4102466594043774,-1.0525958912340423e-14
132.6350333393918,67.91955414747216,11.699999999999964,0.5436224191794681,-0.4084453260963263,-7.368171238638296e-15
132.50989106959884,67.6346809581385,11.699999999999964,0.5297113272839461,-0.4063622576629864,-1.0525958912340423e-14
132.38923765205922,67.34959946150816,11.699999999999964,0.5155381530093883,-0.40411021777950357,-1.473634247727659e-14
132.27280393242734,67.06432450996002,11.699999999999966,0.5012221810433036,-0.40179809706332864,-9.47336302110638e-15
132.16033483568103,66.77887017702184,11.699999999999964,0.48688918796039476,-0.3995288917961848,-1.0525958912340423e-14
132.05158856481924,66.49324981116827,11.699999999999967,0.4726690567361848,-0.3973980508836013,-1.2631150694808506e-14
131.9463358556495,66.20747608460749,11.699999999999967,0.4586932936043745,-0.3954921859446713,-9.47336302110638e-15
131.84435928356186,65.92156103749676,11.699999999999966,0.4450925102871409,-0.3938881309467649,-1.3683746586042549e-14
131.74545261848112,65.6355161179849,11.699999999999967,0.43199393179202084,-0.3926523307992733,-6.315575347404253e-15
131.6494202244626,65.34935221845032,11.699999999999966,0.4195189860940852,-0.39184053274828495,-1.2631150694808506e-14
131.5560765006507,65.06307970826678,11.699999999999969,0.40778102727332716,-0.391497750199792,-9.47336302110638e-15
131.46524536055537,64.77670846340706,11.699999999999967,0.39688323821658916,-0.39165846565491536,-6.315575347404253e-15
131.37675974681906,64.49024789316411,11.699999999999966,0.38691675297778744,-0.3923470376659455,-3.1577876737021266e-15
131.2904611788485,64.20370696425145,11.699999999999967,0.37795903247044604,-0.393578276006654,-8.420767129872338e-15
131.20619933087278,63.917094222520184,11.699999999999966,0.37007252048599015,-0.39535814947802284,-8.420767129872338e-15
131.12383163816185,63.63041781251493,11.699999999999967,0.36330360022486047,-0.39768459182168053,-2.1051917824680845e-15
131.04322292929925,63.343685495070936,11.699999999999967,0.3576818647212802,-0.40054837296736867,-7.368171238638296e-15
130.96424508255288,63.056904663142184,11.699999999999967,0.353219707852477,-0.40393400517834493,-4.210383564936169e-15
130.88677670452282,62.770082356034756,11.699999999999967,0.3499122361551355,-0.40782065646341614,-6.315575347404253e-15
130.81070282937503,62.48322527220667,11.699999999999967,0.34773749552069605,-0.4121830467843958,-3.1577876737021266e-15
130.73591463708703,62.19633978078563,11.699999999999967,0.346657001090687,-0.41699230599704207,-2.1051917824680845e-15
130.6623091892425,61.90943193194272,11.699999999999967,0.34661655339603276,-0.42221677602259233,-4.210383564936169e-15
130.58978918101366,61.62250746625267,11.699999999999969,0.3475473190413082,-0.4278227433639753,-6.315575347404253e-15
130.51826270806694,61.33557182315957,11.699999999999969,0.34936715007587504,-0.4337750916719741,-2.1051917824680845e-15
130.4476430472153,61.04863014866078,11.69999999999997,0.3519821126571375,-0.4400378675569261,-1.0525958912340423e-14
130.37784844972467,60.76168730231094,11.69999999999997,0.35528819272409123,-0.44657475616472053,0.0
130.30880194625942,60.47474786364355,11.69999999999997,0.3591731441784947,-0.45334946613466753,-6.315575347404253e-15
130.2404311625247,60.18781613809655,11.69999999999997,0.3635184435225245,-0.46032602638307973,-4.210383564936169e-15
130.17266814473157,59.90089616252583,11.699999999999973,0.36820131402198675,-0.4674689996708623,-8.420767129872338e-15
130.10544919407528,59.613991710379736,11.699999999999974,0.3730967822399687,-0.4747436200855782,-1.0525958912340423e-14
130.03871470947587,59.327106296605244,11.699999999999974,0.3780797301954323,-0.48211586337636947,-6.315575347404253e-15
129.9724090378893,59.04024318234814,11.699999999999974,0.38302690741477996,-0.48955246050993095,-1.0525958912340423e-14
129.90648033154685,58.75340537950405,11.699999999999974,0.3878188687247005,-0.4970208658614196,-4.210383564936169e-15
129.8408804115341,58.46659565517363,11.699999999999974,0.3923418057377879,-0.5044891921169984,-1.2631150694808506e-14
129.77556463716527,58.179816536066696,11.699999999999974,0.3964892425590511,-0.5119261242527038,-1.473634247727659e-14
129.71049178065442,57.89307031289896,11.699999999999978,0.4001635692369815,-0.5193008248818752,-1.0525958912340423e-14
129.64562390662607,57.60635904481572,11.699999999999974,0.40327738983886036,-0.5265828428505007,-1.0525958912340423e-14
129.58092625604797,57.319684563876805,11.699999999999976,0.40575466568467466,-0.5337420362317176,-1.473634247727659e-14
129.51636713420518,57.03304847962808,11.699999999999978,0.40753163816343535,-0.5407485198569936,-1.0525958912340423e-14
129.45191780236962,56.7464521837846,11.699999999999978,0.40855751961426257,-0.5475726462557164,-6.315575347404253e-15
129.38755237285284,56.45989685504249,11.699999999999978,0.40879494491634377,-0.5541850273938235,-1.473634247727659e-14
129.3232477071603,56.173383464036014,11.699999999999982,0.40822018063088045,-0.5605566029449793,-1.6841534259744676e-14
129.25898331699415,55.886912778450466,11.699999999999978,0.4068230927097032,-0.5666587590359412,-1.2631150694808506e-14
129.19474126787986,55.60048536829786,11.69999999999998,0.404606877866393,-0.57246349952365,-1.0525958912340423e-14
129.13050608521743,55.31410161136098,11.69999999999998,0.4015875676361823,-0.5779436699284125,-8.420767129872338e-15
129.06626466258098,55.027761698805094,11.699999999999982,0.39779331787351674,-0.5830732322084684,-1.2631150694808506e-14
129.00200617211476,54.74146564095709,11.699999999999978,0.3932634998977981,-0.5878275866588072,-4.210383564936169e-15
128.93772197689282,54.45521327324542,11.69999999999998,0.38804761264982335,-0.5921839353926646,-2.1051917824680845e-15
128.87340554513048,54.16900426229534,11.699999999999978,0.3822040380201296,-0.5961216801572389,-1.0525958912340423e-14
128.80905236615294,53.88283811216776,11.69999999999998,0.37579866391769545,-0.5996228456829886,-8.420767129872338e-15
128.74465986804313,53.59671417073195,11.699999999999978,0.3689034016309281,-0.6026725184028088,-8.420767129872338e-15
128.68022733690702,53.31063163615629,11.69999999999998,0.36159462556647026,-0.6052592892343301,-6.315575347404253e-15
128.61575583770784,53.02458956350323,11.699999999999982,0.3539515645154353,-0.6073756882228176,-1.2631150694808506e-14
128.55124813663372,52.7385868714109,11.699999999999978,0.34605467417817604,-0.6090185982165184,-6.315575347404253e-15
128.48670862497528,52.452622348842795,11.69999999999998,0.33798402077126005,-0.6101896344093392,-6.315575347404253e-15
128.4221432444998,52.16669466188736,11.69999999999998,0.3298177051444421,-0.6108954765508199,-2.1051917824680845e-15
128.35755941431776,51.88080236058666,11.699999999999982,0.32163035595817097,-0.6111481408989881,-6.315575347404253e-15
128.2929659592468,51.59494388577395,11.699999999999978,0.31349171912734325,-0.6109651795808079,1.2631150694808506e-14
128.2283730396835,51.309117575899194,11.69999999999998,0.3054653689447512,-0.610369795925193,-2.1051917824680845e-15
128.1637920830019,51.02332167382106,11.699999999999978,0.29760756408431904,-0.6093908655369821,-8.420767129872338e-15
128.09923571650094,50.737554333544566,11.699999999999978,0.2899662690819986,-0.6080628543733171,6.315575347404253e-15
128.03471770192814,50.45181362688326,11.699999999999978,0.2825803589387923,-0.6064256268476496,2.1051917824680845e-15
127.97025287161084,50.16609755002489,11.699999999999978,0.27547902122857953,-0.6045241389966783,4.210383564936169e-15
127.90585706622781,49.880404029980944,11.699999999999976,0.2686813665706039,-0.6024080139725378,4.210383564936169e-15
127.84154707425641,49.59473093089998,11.699999999999976,0.2621962545940745,-0.600130999532151,4.210383564936169e-15
127.777340573132,49.30907606022612,11.699999999999976,0.2560223386352548,-0.5977503097490177,6.315575347404253e-15
127.71325607215572,49.02343717468481,11.699999999999974,0.25014832842349294,-0.5953258558269372,2.1051917824680845e-15
127.64931285718755,48.737811986078626,11.699999999999973,0.24455346599189237,-0.5929193736037662,1.2631150694808506e-14
127.58553093715986,48.452198166877594,11.699999999999973,0.2392082060523717,-0.5905934580467538,6.315575347404253e-15
127.52193099244592,48.16659335558884,11.699999999999973,0.2340750881661222,-0.5884105177073229,1.2631150694808506e-14
127.4585343251155,47.88099516189234,11.699999999999974,0.229109784281565,-0.5864316646687131,4.210383564936169e-15
127.39536281110803,47.59540117153037,11.69999999999997,0.2242623016647789,-0.584715557929951,1.0525958912340423e-14
127.33243885434987,47.30980895093963,11.69999999999997,0.21947831797263365,-0.5833172203692983,4.210383564936169e-15
127.269785342841,47.0242160516164,11.69999999999997,0.21470062227501147,-0.5822868513653152,4.210383564936169e-15
127.20742560673136,46.73862001420646,11.699999999999967,0.2098706332751531,-0.5816686587711641,4.210383564936169e-15
127.14538337840466,46.45301837231269,11.69999999999997,0.20492996385828152,-0.5814997351872873,2.1051917824680845e-15
127.08368275458338,46.16740865601465,11.699999999999967,0.19982199946588472,-0.5818090043119419,2.1051917824680845e-15
127.02234816046482,45.88178839509597,11.699999999999967,0.1944934566888158,-0.5826162635252456,2.1051917824680845e-15
126.96140431589389,45.59615512197615,11.699999999999966,0.1888958879334339,-0.5839313487425286,6.315575347404253e-15
126.90087620357498,45.31050637434514,11.699999999999964,0.18298709807146193,-0.585753446925033,6.315575347404253e-15
126.84078903932082,45.02483969749989,11.699999999999964,0.1767324396591298,-0.5880705804354408,4.210383564936169e-15
126.78116824433194,44.73915264638337,11.699999999999966,0.1701059546196612,-0.5908592856552508,0.0
126.72203941949763,44.45344278732748,11.699999999999964,0.16309133223211164,-0.5940845059321287,-4.210383564936169e-15
126.66342832170463,44.16770769950247,11.699999999999964,0.15568265585688595,-0.5976997159989776,-2.1051917824680845e-15
126.60536084213652,43.881944976076184,11.699999999999964,0.14788491404249154,-0.6016472915135866,-6.315575347404253e-15
126.5478629865439,43.596152225087316,11.699999999999964,0.13971425547795635,-0.605859133330042,-2.1051917824680845e-15
126.49096085746197,43.31032707003804,11.69999999999996,0.1311979716494468,-0.6102575515636532,-2.1051917824680845e-15
126.43468063834939,43.024467150211336,11.69999999999996,0.12237419598606916,-0.6147564094946136,-2.1051917824680845e-15
126.37904857962009,42.73857012071949,11.69999999999996,0.11329131368619481,-0.6192625219286962,-8.420767129872338e-15
126.32409098653747,42.4526336522907,11.699999999999955,0.10400708223867483,-0.6236772968648578,-6.315575347404253e-15
