galstreams/tracks/track.st.NGC2298.ibata2024.ecsv
# %ECSV 1.0
# ---
# datatype:
# - {name: ra, unit: deg, datatype: float64}
# - {name: dec, unit: deg, datatype: float64}
# - {name: distance, unit: kpc, datatype: float64}
# - {name: pm_ra_cosdec, unit: mas / yr, datatype: float64}
# - {name: pm_dec, unit: mas / yr, datatype: float64}
# - {name: radial_velocity, unit: km / s, datatype: float64}
# delimiter: ','
# meta: !!omap
# - __serialized_columns__:
#     dec:
#       __class__: astropy.coordinates.angles.Latitude
#       unit: &id001 !astropy.units.Unit {unit: deg}
#       value: !astropy.table.SerializedColumn {name: dec}
#     distance:
#       __class__: astropy.coordinates.distances.Distance
#       unit: !astropy.units.Unit {unit: kpc}
#       value: !astropy.table.SerializedColumn {name: distance}
#     pm_dec:
#       __class__: astropy.units.quantity.Quantity
#       unit: !astropy.units.Unit {unit: mas / yr}
#       value: !astropy.table.SerializedColumn {name: pm_dec}
#     pm_ra_cosdec:
#       __class__: astropy.units.quantity.Quantity
#       unit: !astropy.units.Unit {unit: mas / yr}
#       value: !astropy.table.SerializedColumn {name: pm_ra_cosdec}
#     ra:
#       __class__: astropy.coordinates.angles.Longitude
#       unit: *id001
#       value: !astropy.table.SerializedColumn {name: ra}
#       wrap_angle: !astropy.coordinates.Angle
#         unit: *id001
#         value: 360.0
#     radial_velocity:
#       __class__: astropy.units.quantity.Quantity
#       unit: !astropy.units.Unit {unit: km / s}
#       value: !astropy.table.SerializedColumn {name: radial_velocity}
# schema: astropy-2.0
ra,dec,distance,pm_ra_cosdec,pm_dec,radial_velocity
[from data line 1161]
106.04742492826065,-38.20640179936878,0.9999999999999999,3.617214990374528,-2.402360754989445,1003.9027105073836
106.05717108332661,-38.21355969060968,1.0,3.6176596388998803,-2.4026604625245653,1003.9198351538126
106.06691526666454,-38.2207226268137,0.9999999999999999,3.6181010575284347,-2.4029571047963003,1003.9367549551924
106.07665747722888,-38.22789061277048,1.0,3.618539236846246,-2.403250673390332,1003.9534692612647
106.0863977139752,-38.23506365327014,0.9999999999999999,3.618974167435958,-2.403541159895795,1003.9699774217713
106.09613597586026,-38.2422417531034,0.9999999999999998,3.6194058398765137,-2.4038285559052497,1003.9862787864548
106.10587226184195,-38.24942491706145,0.9999999999999998,3.6198342447435223,-2.4041128530148654,1004.0023727050568
106.11560657087935,-38.25661314993607,0.9999999999999999,3.6202593726089347,-2.4043940428242507,1004.0182585273188
106.12533890193262,-38.263806456519575,0.9999999999999999,3.6206812140412623,-2.4046721169362684,1004.0339356029834
106.13506925396318,-38.27100484160479,0.9999999999999999,3.6210997596054213,-2.4049470669575754,1004.0494032817925
106.14479762593349,-38.27820830998512,1.0,3.6215149998629315,-2.4052188844978843,1004.0646609134882
106.15452401680722,-38.28541686645443,1.0,3.621926925371781,-2.4054875611707587,1004.079707847812
106.16424842554916,-38.29263051580721,0.9999999999999999,3.6223355266863635,-2.4057530885930305,1004.0945434345057
106.17397085112528,-38.299849262838414,1.0,3.622740794357661,-2.4060154583849993,1004.109167023312
106.18369129250262,-38.307073112343566,0.9999999999999999,3.623142718933174,-2.4062746621704463,1004.1235779639724
106.19340974864943,-38.314302069118725,1.0,3.623541290956773,-2.4065306915765206,1004.1377756062291
106.20312621853505,-38.321536137960436,0.9999999999999999,3.623936500969073,-2.406783538234052,1004.1517592998238
106.21284070112999,-38.32877532366584,0.9999999999999998,3.6243283395069525,-2.4070331937770533,1004.1655283944981
106.22255319540587,-38.33601963103256,1.0,3.624716797103943,-2.4072796498430904,1004.1790822399953
106.23226370033542,-38.34326906485877,0.9999999999999998,3.6251018642900803,-2.4075228980733385,1004.1924201860559
106.24197221489253,-38.35052362994316,0.9999999999999997,3.625483531591918,-2.407762930112085,1004.205541582423
106.25167873805223,-38.35778333108496,0.9999999999999997,3.6258617895324434,-2.407999737607412,1004.2184457788375
106.26138326879062,-38.36504817308392,0.9999999999999999,3.626236628631375,-2.40823331221074,1004.2311321250421
106.27108580608498,-38.37231816074031,0.9999999999999998,3.626608039404694,-2.4084636455767594,1004.2435999707786
106.2807863489137,-38.37959329885495,0.9999999999999998,3.6269760123651054,-2.4086907293637694,1004.2558486657892
106.2904848962562,-38.38687359222915,0.9999999999999997,3.6273405380218833,-2.408914555233494,1004.2678775598151
106.30018144709315,-38.39415904566478,0.9999999999999998,3.6277016068806134,-2.4091351148510967,1004.2796860025991
106.30987600040625,-38.4014496639642,0.9999999999999998,3.628059209443606,-2.4093523998852078,1004.2912733438827
106.31956855517834,-38.40874545193031,0.9999999999999997,3.6284133362097037,-2.4095664020077834,1004.302638933408
106.32925911039335,-38.41604641436652,0.9999999999999998,3.6287639776742253,-2.4097771128944174,1004.3137821209172
106.33894766503634,-38.423352556076786,1.0,3.629111124329043,-2.409984524223944,1004.324702256152
106.34863421809345,-38.430663881865556,0.9999999999999999,3.6294547666627253,-2.410188627678721,1004.3353986888542
106.35831876855194,-38.43798039653782,0.9999999999999998,3.6297948951601953,-2.4103894149446035,1004.3458707687657
106.36800131540018,-38.445302104899056,0.9999999999999999,3.6301315003030155,-2.4105868777106565,1004.356117845629
106.37768185762762,-38.45262901175529,0.9999999999999999,3.6304645725693447,-2.4107810076697263,1004.3661392691857
106.38736039422481,-38.459961121913054,0.9999999999999997,3.630794102433896,-2.410971796517771,1004.3759343891778
106.39703692418338,-38.467298440179384,0.9999999999999997,3.6311200803679213,-2.411159235954301,1004.3855025553472
106.40671144649609,-38.47464097136186,0.9999999999999997,3.631442496839256,-2.411343317682338,1004.3948431174364
106.41638396015678,-38.48198872026854,0.9999999999999997,3.6317613423122594,-2.4115240334082557,1004.4039554251865
106.42605446416034,-38.48934169170803,0.9999999999999998,3.6320766072479884,-2.4117013748417833,1004.4128388283401
106.43572295750278,-38.49669989048942,0.9999999999999998,3.6323882821039746,-2.4118753336961873,1004.421492676639
106.44538943918118,-38.504063321422336,0.9999999999999999,3.6326963573343605,-2.41204590168806,1004.4299163198249
106.45505390819375,-38.511431989316904,0.9999999999999998,3.6330008233898425,-2.4122130705375753,1004.4381091076399
106.46471636353968,-38.51880589898376,0.9999999999999999,3.633301670717806,-2.4123768319681176,1004.4460703898262
106.47437680421933,-38.52618505523405,0.9999999999999997,3.633598889762119,-2.412537177706696,1004.4537995161255
106.48403522923407,-38.53356946287944,0.9999999999999997,3.6338924709633105,-2.4126940994835167,1004.4612958362801
106.49369163758641,-38.54095912673207,0.9999999999999997,3.634182404758448,-2.412847589032552,1004.4685587000317
106.50334602827985,-38.548354051604655,0.9999999999999998,3.6344686815812466,-2.4129976380907436,1004.4755874571223
106.51299840031902,-38.555754242310336,0.9999999999999996,3.634751291862038,-2.4131442383987576,1004.482381457294
106.52264875270961,-38.56315970366281,0.9999999999999998,3.6350302260276948,-2.4132873817005844,1004.4889400502883
106.53229708445835,-38.570570440476274,0.9999999999999998,3.635305474501749,-2.413427059743654,1004.4952625858476
106.54194339457302,-38.57798645756541,0.9999999999999997,3.6355770277043575,-2.4135632642787215,1004.5013484137138
106.55158768206252,-38.58540775974542,0.9999999999999997,3.6358448760522393,-2.4136959870600947,1004.5071968836286
106.56122994593672,-38.592834351832025,0.9999999999999997,3.6361090099587656,-2.413825219845336,1004.5128073453346
106.57087018520663,-38.600266238641396,0.9999999999999997,3.6363694198339402,-2.4139509543956024,1004.5181791485735
106.58050839888426,-38.607703424990255,0.9999999999999998,3.6366260960843704,-2.4140731824752066,1004.5233116430863
106.5901445859827,-38.61514591569581,0.9999999999999997,3.6368790291132953,-2.4141918958520563,1004.5282041786164
106.59977874551603,-38.62259371557575,0.9999999999999997,3.6371282093206005,-2.414307086297427,1004.532856104905
106.60941087649948,-38.6300468294483,0.9999999999999996,3.637373627102754,-2.4144187455859765,1004.5372667716944
106.61904097794923,-38.63750526213214,0.9999999999999998,3.6376152728529547,-2.4145268654957306,1004.5414355287261
106.62866904888251,-38.64496901844648,0.9999999999999997,3.6378531369609703,-2.41463143780814,1004.5453617257419
106.63829508831766,-38.652438103211026,0.9999999999999997,3.6380872098131505,-2.414732454308009,1004.5490447124852
106.64791909527399,-38.659912521245936,0.9999999999999997,3.6383174817926616,-2.4148299067837655,1004.5524838386962
106.65754106877188,-38.66739227737194,0.9999999999999998,3.6385439432791884,-2.4149237870268934,1004.555678454118
106.66716100783269,-38.67487737641017,0.9999999999999997,3.6387665846491046,-2.415014086832457,1004.5586279084919
106.67677891147888,-38.68236782318233,0.9999999999999997,3.6389853962754515,-2.415100797998946,1004.5613315515602
106.68639477873386,-38.689863622510586,0.9999999999999998,3.6392003685279235,-2.4151839123281036,1004.5637887330649
106.69600860862217,-38.697364779217594,0.9999999999999997,3.63941149177284,-2.4152634216251414,1004.5659988027483
106.70562040016927,-38.704871298126506,0.9999999999999997,3.639618756373224,-2.415339317698667,1004.5679611103515
106.71523015240169,-38.71238318406094,0.9999999999999998,3.6398221526887653,-2.415411592360769,1004.5696750056169
106.72483786434697,-38.71990044184505,0.9999999999999996,3.6400216710758286,-2.415480237426621,1004.5711398382863
106.73444353503368,-38.727423076303445,0.9999999999999996,3.6402173018873967,-2.415545244715034,1004.5723549581024
106.74404716349137,-38.73495109226123,0.9999999999999996,3.640409035473212,-2.4156066060482146,1004.5733197148061
106.75364874875063,-38.74248449454398,0.9999999999999994,3.640596862179663,-2.4156643132515967,1004.57403345814
106.76324828984306,-38.750023287977804,0.9999999999999994,3.6407807723497925,-2.4157183581540664,1004.574495537846
106.77284578580125,-38.757567477389244,0.9999999999999996,3.6409607563233877,-2.4157687325879635,1004.5747053036658
106.78244123565881,-38.76511706760538,0.9999999999999994,3.641136804436826,-2.4158154283888393,1004.5746621053419
106.79203463845032,-38.77267206345372,0.9999999999999996,3.6413089070233724,-2.415858437395684,1004.5743652926154
106.80162599321139,-38.780232469762275,0.9999999999999996,3.6414770544127038,-2.41589775145097,1004.5738142152293
106.81121529897864,-38.787798291359564,0.9999999999999996,3.6416412369314557,-2.415933362400395,1004.5730082229248
106.82080255478962,-38.79536953307455,0.9999999999999996,3.6418014449028604,-2.415965262093124,1004.5719466654442
106.83038775968296,-38.80294619973671,0.9999999999999997,3.6419576686468176,-2.415993442381634,1004.5706288925293
106.83997091269823,-38.81052829617597,0.9999999999999996,3.642109898479987,-2.416017895121783,1004.569054253922
106.84955201287599,-38.81811582722277,0.9999999999999996,3.6422581247157453,-2.416038612172798,1004.5672220993645
106.85913105925776,-38.82570879770799,0.9999999999999996,3.642402337664194,-2.4160555853972454,1004.5651317785985
106.86870805088611,-38.833307212463026,0.9999999999999994,3.6425425276320453,-2.4160688066610447,1004.5627826413665
106.87828298680455,-38.840911076319706,0.9999999999999996,3.6426786849228847,-2.416078267833612,1004.5601740374102
106.88785586605754,-38.84852039411037,0.9999999999999997,3.6428107998369725,-2.4160839607875175,1004.5573053164711
106.89742668769055,-38.856135170667855,0.9999999999999997,3.6429388626712083,-2.4160858773987712,1004.5541758282916
106.90699545075006,-38.86375541082541,0.9999999999999997,3.6430628637193294,-2.416084009546836,1004.5507849226137
106.91656215428344,-38.87138111941679,0.9999999999999997,3.6431827932717766,-2.416078349114386,1004.5471319491791
106.92612679733908,-38.87901230127622,0.9999999999999996,3.6432986416156794,-2.4160688879875494,1004.5432162577299
106.93568937896633,-38.886648961238414,0.9999999999999997,3.6434103990350053,-2.416055618055694,1004.5390371980081
106.94524989821547,-38.89429110413853,0.9999999999999994,3.6435180558104037,-2.4160385312116546,1004.5345941197556
106.95480835413778,-38.90193873481221,0.9999999999999994,3.6436216022192767,-2.416017619351564,1004.5298863727147
106.9643647457855,-38.90959185809557,0.9999999999999996,3.643721028535751,-2.4159928743748793,1004.5249133066268
106.97391907221181,-38.917250478825196,0.9999999999999996,3.6438163250307056,-2.4159642881843695,1004.5196742712342
106.98347133247081,-38.92491460183811,0.9999999999999994,3.6439074819719153,-2.4159318526863274,1004.5141686162785
106.99302152561764,-38.932584231971866,0.9999999999999993,3.643994489623701,-2.415895559790073,1004.5083956915025
107.00256965070828,-38.940259374064404,0.9999999999999996,3.644077338247314,-2.4158554014086917,1004.5023548466474
107.01211570679976,-38.94794003295421,0.9999999999999994,3.6441560181006807,-2.415811369458183,1004.4960454314553
107.02165969294995,-38.95562621348017,0.9999999999999994,3.644230519438544,-2.415763455858084,1004.4894667956682
107.03120160821777,-38.96331792048169,0.9999999999999993,3.6443008325123216,-2.4157116525312006,1004.4826182890282
107.04074145166298,-38.971015158798586,0.9999999999999993,3.6443669475704326,-2.415655951403835,1004.4754992612775
107.05027922234633,-38.97871793327117,0.9999999999999993,3.6444288548578427,-2.415596344405401,1004.468109062157
107.05981491932953,-38.986426248740194,0.9999999999999996,3.6444865446163845,-2.4155328234688653,1004.4604470414101
107.06934854167511,-38.99414011004692,0.9999999999999994,3.644540007084693,-2.415465380530236,1004.4525125487778
107.07888008844667,-39.001859522033016,0.9999999999999996,3.6445892324982054,-2.415394007529059,1004.4443049340025
107.08840955870862,-39.00958448954062,0.9999999999999996,3.644634211089084,-2.4153186964081783,1004.4358235468255
107.09793695152635,-39.017315017412336,0.9999999999999996,3.6446749330863852,-2.4152394391138046,1004.4270677369898
107.10746226596619,-39.02505111049124,0.9999999999999994,3.644711388715848,-2.4151562275952756,1004.4180368542364
107.11698550109534,-39.03279277362086,0.9999999999999996,3.64474356820012,-2.415069053805368,1004.4087302483081
107.12650665598193,-39.04054001164517,0.9999999999999993,3.6447714617585802,-2.4149779097002124,1004.3991472689462
107.136025729695,-39.04829282940858,0.9999999999999993,3.644795059607489,-2.414882787239307,1004.3892872658929
107.14554272130454,-39.056051231755994,0.9999999999999993,3.644814351959873,-2.4147836783852483,1004.3791495888905
107.15505762988138,-39.063815223532764,0.9999999999999993,3.6448293290255265,-2.414680575104086,1004.3687335876801
107.16457045449731,-39.07158480958466,0.9999999999999994,3.644839981011181,-2.4145734693652514,1004.3580386120049
