galstreams/tracks/track.st.AAU-AliqaUma.li2021.ecsv
# %ECSV 1.0
# ---
# datatype:
# - {name: ra, unit: deg, datatype: float64}
# - {name: dec, unit: deg, datatype: float64}
# - {name: distance, unit: kpc, datatype: float64}
# - {name: pm_ra_cosdec, unit: mas / yr, datatype: float64}
# - {name: pm_dec, unit: mas / yr, datatype: float64}
# - {name: radial_velocity, unit: km / s, datatype: float64}
# delimiter: ','
# meta: !!omap
# - __serialized_columns__:
#     dec:
#       __class__: astropy.coordinates.angles.Latitude
#       unit: &id001 !astropy.units.Unit {unit: deg}
#       value: !astropy.table.SerializedColumn {name: dec}
#     distance:
#       __class__: astropy.coordinates.distances.Distance
#       unit: !astropy.units.Unit {unit: kpc}
#       value: !astropy.table.SerializedColumn {name: distance}
#     pm_dec:
#       __class__: astropy.units.quantity.Quantity
#       unit: !astropy.units.Unit {unit: mas / yr}
#       value: !astropy.table.SerializedColumn {name: pm_dec}
#     pm_ra_cosdec:
#       __class__: astropy.units.quantity.Quantity
#       unit: !astropy.units.Unit {unit: mas / yr}
#       value: !astropy.table.SerializedColumn {name: pm_ra_cosdec}
#     ra:
#       __class__: astropy.coordinates.angles.Longitude
#       unit: *id001
#       value: !astropy.table.SerializedColumn {name: ra}
#       wrap_angle: !astropy.coordinates.Angle
#         unit: *id001
#         value: 360.0
#     radial_velocity:
#       __class__: astropy.units.quantity.Quantity
#       unit: !astropy.units.Unit {unit: km / s}
#       value: !astropy.table.SerializedColumn {name: radial_velocity}
# schema: astropy-2.0
ra,dec,distance,pm_ra_cosdec,pm_dec,radial_velocity
[from data line 279]
33.92509232994538,-34.521780946967276,26.938950260090042,0.20192156361234553,-0.7170927031505809,-40.040769871565864
33.935129794849495,-34.527681938582845,26.944029083535163,0.2020044560111838,-0.7168221085579585,-39.98403747004138
33.945168155000914,-34.533583011957134,26.949110156462282,0.20208717895799277,-0.7165513647768081,-39.92729511734549
33.95520741088368,-34.53948416696176,26.95419347887141,0.202169732398739,-0.7162804718484597,-39.87054281347821
33.965247562982,-34.545385403468266,26.959279050762532,0.20225211627938017,-0.7160094298142692,-39.81378055843951
33.97528861178022,-34.551286721348134,26.964366872135656,0.2023343305458641,-0.715738238715619,-39.75700835222944
33.9853305577628,-34.55718812047279,26.96945694299079,0.20241637514412955,-0.7154668985939167,-39.700226194847964
33.99537340141435,-34.563089600713596,26.97454926332793,0.20249825002010555,-0.7151954094905966,-39.64343408629506
34.005417143219596,-34.56899116194187,26.979643833147065,0.20257995511971197,-0.714923771447119,-39.58663202657079
34.015461783663454,-34.57489280402883,26.98474065244821,0.20266149038885972,-0.7146519845049693,-39.52982001567511
34.02550732323092,-34.580794526845686,26.989839721231355,0.2027428557734493,-0.7143800487056597,-39.47299805360803
34.03555376240713,-34.586696330263536,26.994941039496506,0.20282405121937216,-0.7141079640907284,-39.41616614036956
34.045601101677406,-34.592598214153455,27.000044607243655,0.20290507667251081,-0.7138357307017393,-39.359324275959686
34.055649341527165,-34.59850017838645,27.005150424472813,0.2029859320787381,-0.713563348580283,-39.3024724603784
34.06569848244196,-34.604402222833436,27.010258491183965,0.20306661738391743,-0.7132908177679749,-39.245610693625736
34.07574852490749,-34.6103043473653,27.015368807377136,0.20314713253390249,-0.7130181383064574,-39.18873897570165
34.085799469409594,-34.61620655185287,27.0204813730523,0.20322747747453832,-0.7127453102373993,-39.13185730660618
34.095851316434235,-34.62210883616687,27.025596188209466,0.20330765215165977,-0.7124723336024945,-39.07496568633935
34.10590406646754,-34.62801120017804,27.03071325284864,0.20338765651109286,-0.7121992084434635,-39.018064114901065
34.115957719995755,-34.63391364375697,27.035832566969816,0.20346749049865406,-0.7119259348020531,-38.96115259229138
34.12601227750523,-34.63981616677424,27.04095413057299,0.2035471540601502,-0.7116525127200364,-38.90423111851032
34.13606773948251,-34.64571876910037,27.046077943658183,0.20362664714137904,-0.7113789422392116,-38.847299693557865
34.14612410641426,-34.65162145060579,27.051204006225365,0.20370596968812893,-0.7111052234014041,-38.790358317434
34.15618137878726,-34.657524211160904,27.05633231827455,0.2037851216461787,-0.7108313562484654,-38.733406990138754
34.16623955708843,-34.66342705063604,27.061462879805745,0.20386410296129776,-0.7105573408222725,-38.67644571167208
34.17629864180486,-34.66932996890144,27.06659569081894,0.20394291357924627,-0.7102831771647291,-38.61947448203405
34.18635863342374,-34.67523296582732,27.07173075131414,0.20402155344577477,-0.7100088653177651,-38.562493301224556
34.19641953243241,-34.68113604128381,27.076868061291343,0.20410002250662507,-0.7097344053233366,-38.50550216924372
34.20648133931835,-34.687039195141004,27.082007620750545,0.2041783207075284,-0.7094597972234258,-38.448501086091454
34.21654405456916,-34.6929424272689,27.08714942969176,0.20425644799420772,-0.7091850410600409,-38.39149005176781
34.22660767867264,-34.698845737537475,27.09229348811497,0.20433440431237623,-0.7089101368752171,-38.33446906627275
34.23667221211664,-34.7047491258166,27.097439796020186,0.2044121896077377,-0.7086350847110154,-38.277438129606324
34.2467376553892,-34.710652591976114,27.102588353407402,0.20448980382598633,-0.7083598846095229,-38.22039724176845
34.25680400897846,-34.71655613588579,27.107739160276626,0.2045672469128073,-0.7080845366128533,-38.16334640275919
34.26687127337278,-34.72245975741533,27.11289221662785,0.20464451881387677,-0.7078090407631468,-38.10628561257856
34.276939449060535,-34.72836345643437,27.118047522461076,0.2047216194748602,-0.7075333971025692,-38.04921487122652
34.287008536530344,-34.73426723281251,27.123205077776312,0.20479854884141496,-0.7072576056733133,-37.99213417870307
34.2970785362709,-34.740171086419274,27.128364882573546,0.2048753068591884,-0.7069816665175979,-37.93504353500821
34.30714944877107,-34.746075017124106,27.133526936852785,0.20495189347381892,-0.7067055796776686,-37.877942940142
34.317221274519845,-34.7519790247964,27.138691240614026,0.20502830863093494,-0.7064293451957968,-37.82083239410438
34.32729401400634,-34.75788310930551,27.143857793857276,0.20510455227615632,-0.7061529631142806,-37.76371189689534
34.337367667719825,-34.7637872705207,27.149026596582523,0.20518062435509277,-0.7058764334754442,-37.70658144851491
34.3474422361497,-34.769691508311176,27.15419764878978,0.20525652481334525,-0.7055997563216391,-37.649441048963084
34.35751771978553,-34.7755958225461,27.15937095047903,0.2053322535965051,-0.7053229316952419,-37.59229069823983
34.36759411911695,-34.781500213094525,27.164546501650296,0.20540781065015365,-0.7050459596386565,-37.53513039634522
34.377671434633825,-34.787404679825514,27.16972430230355,0.20548319591986441,-0.7047688401943131,-37.47796014327916
34.387749666826075,-34.793309222608,27.17490435243882,0.20555840935120007,-0.7044915734046683,-37.42077993904176
34.39782881618382,-34.799213841310895,27.180086652056083,0.20563345088971463,-0.7042141593122053,-37.363589783632904
34.40790888319726,-34.80511853580303,27.185271201155356,0.20570832048095225,-0.7039365979594334,-37.30638967705269
34.41798986835678,-34.81102330595318,27.190457999736637,0.20578301807044855,-0.7036588893888891,-37.249179619301074
34.42807177215289,-34.81692815163005,27.195647047799916,0.20585754360372907,-0.7033810336431348,-37.19195961037806
34.43815459507625,-34.8228330727023,27.200838345345197,0.20593189702631062,-0.7031030307647593,-37.13472965028362
34.44823833761761,-34.828738069038515,27.20603189237248,0.20600607828369966,-0.7028248807963788,-37.077489739017835
34.45832300026792,-34.83464314050721,27.21122768888177,0.20608008732139424,-0.7025465837806346,-37.0202398765806
34.46840858351821,-34.84054828697684,27.216425734873066,0.20615392408488264,-0.7022681397601964,-36.96298006297199
34.47849508785971,-34.84645350831582,27.221626030346357,0.20622758851964385,-0.7019895487777595,-36.90571029819198
34.48858251378376,-34.85235880439247,27.226828575301653,0.20630108057114774,-0.7017108108760453,-36.84843058224055
34.4986708617818,-34.85826417507507,27.23203336973896,0.20637440018485412,-0.7014319260978024,-36.791140915117765
34.508760132345465,-34.86416962023182,27.23724041365827,0.20644754730621426,-0.7011528944858062,-36.73384129682351
34.51885032596652,-34.87007513973088,27.242449707059574,0.20652052188067,-0.7008737160828586,-36.67653172735795
34.52894144313683,-34.87598073344032,27.247661249942887,0.20659332385365295,-0.7005943909317873,-36.61921220672092
34.53903348434846,-34.881886401228165,27.252875042308204,0.2066659531705867,-0.7003149190754482,-36.561882734912516
34.549126450093546,-34.88779214296238,27.25809108415552,0.20673840977688446,-0.7000353005567227,-36.504543311932714
34.559220340864414,-34.89369795851084,27.26330937548484,0.20681069361795046,-0.6997555354185192,-36.447193937781506
34.56931515715348,-34.89960384774139,27.268529916296167,0.2068828046391795,-0.6994756237037727,-36.38983461245888
34.57941089945338,-34.905509810521785,27.2737527065895,0.2069547427859572,-0.6991955654554449,-36.33246533596493
34.5895075682568,-34.91141584671975,27.278977746364824,0.2070265080036597,-0.6989153607165249,-36.275086108299504
34.59960516405661,-34.91732195620291,27.28420503562217,0.20709810023765382,-0.6986350095300273,-36.217696929462704
34.609703687345814,-34.923228138838844,27.2894345743615,0.20716951943329728,-0.6983545119389947,-36.1602977994545
34.61980313861757,-34.92913439449507,27.29466636258284,0.20724076553593782,-0.6980738679864955,-36.1028887182749
34.62990351836513,-34.93504072303904,27.29990040028619,0.20731183849091478,-0.6977930777156252,-36.04546968592391
34.640004827081924,-34.940947124338145,27.30513668747154,0.2073827382435572,-0.6975121411695064,-35.98804070240149
34.65010706526151,-34.94685359825969,27.310375224138888,0.20745346473918544,-0.6972310583912877,-35.93060176770773
34.66021023339759,-34.95276014467096,27.315616010288245,0.20752401792311045,-0.6969498294241457,-35.873152881842536
34.67031433198399,-34.95866676343914,27.320859045919605,0.2075943977406332,-0.6966684543112829,-35.81569404480596
34.68041936151471,-34.96457345443136,27.32610433103297,0.2076646041370466,-0.6963869330959284,-35.75822525659798
34.69052532248383,-34.970480217514705,27.33135186562833,0.2077346370576331,-0.6961052658213394,-35.70074651721859
34.70063221538563,-34.97638705255617,27.336601649705702,0.20780449644766605,-0.6958234525307984,-35.64325782666779
34.7107400407145,-34.98229395942269,27.341853683265075,0.2078741822524096,-0.6955414932676165,-35.58575918494564
34.72084879896497,-34.98820093798116,27.34710796630645,0.20794369441711902,-0.6952593880751299,-35.52825059205204
34.7309584906317,-34.99410798809837,27.352364498829836,0.2080130328870393,-0.6949771369967028,-35.470732047987084
34.74106911620954,-35.00001510964112,27.35762328083521,0.2080821976074071,-0.6946947400757268,-35.41320355275067
34.75118067619341,-35.005922302476044,27.362884312322592,0.20815118852344897,-0.6944121973556185,-35.35566510634292
34.7612931710784,-35.011829566469785,27.368147593291987,0.20822000558038267,-0.6941295088798236,-35.29811670876375
34.77140660135974,-35.01773690148892,27.37341312374338,0.20828864872341601,-0.6938466746918135,-35.24055836001316
34.78152096753282,-35.023644307399906,27.378680903676777,0.20835711789774836,-0.6935636948350863,-35.18299006009122
34.791636270093164,-35.02955178406922,27.38395093309217,0.20842541304856918,-0.6932805693531685,-35.12541180899781
34.8017525095364,-35.03545933136319,27.389223211989574,0.20849353412105884,-0.6929972982896124,-35.06782360673307
34.81186968635831,-35.041366949148156,27.39449774036898,0.2085614810603879,-0.6927138816879975,-35.01022545329688
34.82198780105483,-35.04727463729032,27.399774518230394,0.20862925381171812,-0.6924303195919306,-34.952617348689316
34.83210685412203,-35.05318239565588,27.405053545573804,0.20869685232020202,-0.6921466120450457,-34.89499929291038
34.84222684605615,-35.05909022411094,27.41033482239922,0.2087642765309826,-0.6918627590910029,-34.83737128595999
34.85234777735351,-35.06499812252155,27.415618348706637,0.2088315263891932,-0.6915787607734907,-34.779733327838244
34.86246964851061,-35.070906090753695,27.420904124496055,0.20889860183995873,-0.6912946171362233,-34.72208541854505
34.87259246002407,-35.07681412867327,27.426192149767484,0.20896550282839377,-0.6910103282229434,-34.66442755808052
34.88271621239068,-35.082722236146154,27.43148242452091,0.2090322292996043,-0.6907258940774192,-34.60675974644455
34.89284090610734,-35.08863041303813,27.43677494875634,0.20909878119868686,-0.6904413147434478,-34.54908198363717
34.9029665416711,-35.09453865921492,27.44206972247378,0.20916515847072825,-0.6901565902648518,-34.49139426965843
34.91309311957916,-35.10044697454217,27.447366745673214,0.2092313610608067,-0.6898717206854821,-34.43369660450828
34.923220640328836,-35.1063553588855,27.452666018354662,0.20929738891399036,-0.6895867060492158,-34.37598898818671
34.93334910441762,-35.11226381211043,27.457967540518105,0.2093632419753388,-0.6893015463999583,-34.31827142069378
34.94347851234313,-35.11817233408241,27.463271312163553,0.2094289201899019,-0.689016241781641,-34.26054390202943
34.95360886460308,-35.12408092466687,27.468577333291,0.20949442350272005,-0.6887307922382235,-34.202806432193675
34.963740161695426,-35.129989583729134,27.47388560390046,0.20955975185882497,-0.6884451978136918,-34.14505901118652
34.97387240411814,-35.13589831113446,27.47919612399192,0.20962490520323818,-0.6881594585520595,-34.08730163900799
34.984005592369435,-35.14180710674808,27.484508893565383,0.20968988348097273,-0.6878735744973676,-34.02953431565803
34.99413972694763,-35.14771597043512,27.48982391262085,0.20975468663703184,-0.6875875456936841,-33.9717570411367
35.00427480835116,-35.15362490206066,27.495141181158317,0.2098193146164101,-0.687301372185104,-33.913969815443956
35.014410837078636,-35.15953390148972,27.50046069917779,0.20988376736409173,-0.6870150540157505,-33.85617263857982
35.02454781362878,-35.165442968587236,27.505782466679264,0.2099480448250528,-0.6867285912297727,-33.798365510544265
35.03468573850049,-35.1713521032181,27.51110648366274,0.21001214694425918,-0.6864419838713485,-33.74054843133734
35.0448246121928,-35.177261305247114,27.516432750128224,0.21007607366666808,-0.6861552319846818,-33.682721400959004
35.05496443520483,-35.183170574539055,27.521761266075714,0.21013982493722697,-0.6858683356140047,-33.62488441940929
35.06510520803592,-35.18907991095858,27.527092031505198,0.2102034007008746,-0.6855812948035762,-33.56703748668815
35.07524693118549,-35.19498931437034,27.53242504641669,0.2102668009025396,-0.6852941095976831,-33.509180602795624
35.08538960515314,-35.20089878463888,27.53776031081019,0.21033002548714216,-0.6850067800406392,-33.45131376773167
35.09553323043858,-35.206808321628685,27.54309782468568,0.2103930743995925,-0.6847193061767858,-33.393436981496365
35.10567780754169,-35.21271792520418,27.54843758804319,0.21045594758479208,-0.6844316880504909,-33.33555024408964
35.11582333696247,-35.21862759522975,27.553779600882695,0.21051864498763267,-0.6841439257061512,-33.27765355551149
35.12596981920108,-35.224537331569664,27.559123863204203,0.2105811665529973,-0.6838560191881904,-33.21974691576198
35.13611725475779,-35.230447134088145,27.56447037500771,0.2106435122257588,-0.683567968541059,-33.16183032484106
35.14626564413306,-35.2363570026494,27.56981913629323,0.21070568195078201,-0.6832797738092353,-33.10390378274875
35.15641498782743,-35.24226693711748,27.575170147060753,0.21076767567292104,-0.6829914350372251,-33.045967289485006
35.166565286341644,-35.248176937356455,27.58052340731027,0.2108294933370217,-0.6827029522695622,-32.988020845049896
35.17671654017654,-35.25408700323027,27.585878917041796,0.21089113488792055,-0.6824143255508068,-32.93006444944335
35.18686874983313,-35.25999713460283,27.591236676255324,0.21095260027044446,-0.682125554925548,-32.87209810266547
35.19702191581255,-35.265907331337985,27.596596684950853,0.21101388942941093,-0.6818366404384009,-32.81412180471613
35.20717603861606,-35.27181759329948,27.601958943128388,0.21107500230962858,-0.6815475821340089,-32.756135555595435
35.21733111874513,-35.27772792035106,27.607323450787927,0.21113593885589668,-0.6812583800570432,-32.698139355303326
35.22748715670127,-35.28363831235634,27.612690207929464,0.21119669901300497,-0.6809690342522021,-32.640133203839795
35.23764415298621,-35.28954876917888,27.618059214553018,0.2112572827257343,-0.6806795447642116,-32.582117101204894
35.247802108101816,-35.29545929068222,27.623430470658565,0.21131768993885608,-0.6803899116378254,-32.5240910473986
35.257961022550056,-35.301369876729765,27.628803976246118,0.21137792059713206,-0.6801001349178248,-32.46605504242088
35.268120896833054,-35.30728052718492,27.634179731315676,0.21143797464531527,-0.6798102146490184,-32.4080090862718
35.27828173145311,-35.31319124191099,27.63955773586723,0.2114978520281497,-0.6795201508762427,-32.349953178951274
35.28844352691263,-35.31910202077121,27.64493798990079,0.21155755269036922,-0.6792299436443621,-32.291887320459395
35.29860628371416,-35.32501286362876,27.65032049341636,0.2116170765766988,-0.6789395929982678,-32.23381151079609
35.30877000236039,-35.33092377034676,27.655705246413923,0.21167642363185443,-0.6786490989828797,-32.17572574996136
