galstreams/tracks/track.st.Gaia-1.ibata2020.ecsv
# %ECSV 0.9
# ---
# datatype:
# - {name: ra, unit: deg, datatype: float64}
# - {name: dec, unit: deg, datatype: float64}
# - {name: distance, unit: kpc, datatype: float64}
# - {name: pm_ra_cosdec, unit: mas / yr, datatype: float64}
# - {name: pm_dec, unit: mas / yr, datatype: float64}
# - {name: radial_velocity, unit: km / s, datatype: float64}
# delimiter: ','
# meta: !!omap
# - __serialized_columns__:
#     dec:
#       __class__: astropy.coordinates.angles.Latitude
#       unit: &id001 !astropy.units.Unit {unit: deg}
#       value: !astropy.table.SerializedColumn {name: dec}
#     distance:
#       __class__: astropy.coordinates.distances.Distance
#       unit: !astropy.units.Unit {unit: kpc}
#       value: !astropy.table.SerializedColumn {name: distance}
#     pm_dec:
#       __class__: astropy.units.quantity.Quantity
#       unit: !astropy.units.Unit {unit: mas / yr}
#       value: !astropy.table.SerializedColumn {name: pm_dec}
#     pm_ra_cosdec:
#       __class__: astropy.units.quantity.Quantity
#       unit: !astropy.units.Unit {unit: mas / yr}
#       value: !astropy.table.SerializedColumn {name: pm_ra_cosdec}
#     ra:
#       __class__: astropy.coordinates.angles.Longitude
#       unit: *id001
#       value: !astropy.table.SerializedColumn {name: ra}
#       wrap_angle: !astropy.coordinates.Angle
#         unit: *id001
#         value: 360.0
#     radial_velocity:
#       __class__: astropy.units.quantity.Quantity
#       unit: !astropy.units.Unit {unit: km / s}
#       value: !astropy.table.SerializedColumn {name: radial_velocity}
# schema: astropy-2.0
ra,dec,distance,pm_ra_cosdec,pm_dec,radial_velocity
[from data line 136]
196.80316156623377,-1.3399118610921381,5.04382620012544,-15.606144897111118,-20.93256583302833,1.0736478090587231e-13
196.90520415695119,-1.1994239624018135,5.039949521956481,-15.628885437191418,-20.9437370661832,1.6841534259744677e-13
197.00726093103344,-1.0589496966089185,5.035940813674286,-15.651576964118167,-20.95450229003998,-9.47336302110638e-15
197.10933181317355,-0.918488588528504,5.031798565011193,-15.674218807256224,-20.964861150663484,1.1999593160068083e-13
197.21141672825684,-0.7780401636076151,5.027521265699532,-15.696810283855363,-20.974813298053267,1.24206315165617e-13
197.31351560136667,-0.637603947887055,5.02310740547164,-15.719350699028041,-20.984358386192554,1.6841534259744677e-13
197.41562835779067,-0.49717946796314444,5.018555474059853,-15.741839345728064,-20.993496073097525,1.5052121244646804e-13
197.51775492302664,-0.3567662509493804,5.0138639611965,-15.764275504729941,-21.00222602086677,1.4841602066399995e-13
197.61989522278873,-0.21636382443811567,5.009031356613921,-15.786658444609094,-21.010547895731033,7.578690416885104e-14
197.72204918301352,-0.07597171646213724,5.00405615004445,-15.808987421722748,-21.018461368103154,2.0262470906255314e-14
197.8242167298661,0.06441054454375157,4.998936831220418,-15.831261680191702,-21.025966112628318,1.0282546112492551e-13
197.9263977897464,0.2047834297812014,4.993671889874165,-15.853480451882822,-21.033061808234436,7.552375519604253e-14
198.0285922892952,0.34514741012680644,4.988259815738022,-15.875642956392369,-21.039748138182876,1.2368001721999998e-13
198.13080015540055,0.48550295617063466,4.982699098544323,-15.897748401030086,-21.046024790119368,1.24206315165617e-13
198.23302131520396,0.6258505382547737,4.976988228025404,-15.91979598080409,-21.051891456125105,1.589419795763404e-13
198.3352556961067,0.7661906265118872,4.9711256939136,-15.941784878406581,-21.057347832768148,8.104988362502126e-14
198.43750322577628,0.9065236909038188,4.965109985941243,-15.963714264200362,-21.062393621155003,1.3052189051302125e-13
198.53976383215263,1.0468502012601826,4.958939593840671,-15.98558329620608,-21.067028526982423,-1.7894130150978717e-14
198.64203744345474,1.1871706273169762,4.952613007344216,-16.007391120090425,-21.07125226058947,7.368171238638296e-14
198.74432398818703,1.3274854387552013,4.946128716184213,-16.02913686915501,-21.075064537009737,1.1999593160068083e-13
198.846623395146,1.4677951052394902,4.939485210092998,-16.050819664326113,-21.078465076023804,4.210383564936169e-14
198.94893559342648,1.6081000964567451,4.932680978802902,-16.072438614145273,-21.081453602211912,1.368374658604255e-13
199.05126051242868,1.7484008821547377,4.925714512046264,-16.093992814760632,-21.08402984500683,5.4734986344170195e-14
199.15359808186452,1.888697932180764,4.918584299555417,-16.115481349919175,-21.08619353874697,1.3894265764289357e-13
199.25594823176442,2.0289917165202294,4.911288831062693,-16.136903290959747,-21.087944422729613,6.947132882144679e-14
199.35831089248416,2.1692827053352812,4.903826596300433,-16.158257696806928,-21.0892822412644,1.1578554803574466e-13
199.4606859947115,2.3095713690033772,4.896196085000964,-16.17954361396573,-21.09020674372701,1.6841534259744676e-14
199.56307346947318,2.4498581781558793,4.888395786896624,-16.200760076517103,-21.090717684612972,1.347322740779574e-13
199.6654732481418,2.5901436037165784,4.880424191719748,-16.221906106114368,-21.090814823591778,4.210383564936169e-15
199.76788526244272,2.730428116940263,4.87227978920267,-16.242980711980348,-21.09049792556101,4.210383564936169e-15
199.87030944446118,2.8707121894511953,4.863961069077724,-16.263982890905492,-21.0897667607008,7.999728773378721e-14
199.9727457266493,3.0109962932815875,4.855466521077245,-16.284911627246714,-21.08862110452835,1.1789073981821273e-13
200.07519404183319,3.1512809009100664,4.846794634933566,-16.305765892927216,-21.087060737952733,7.578690416885104e-14
200.17765432322022,3.291566485300039,4.8379439003790266,-16.326544647436993,-21.085085447329714,4.210383564936169e-14
200.28012650440627,3.4318535199381097,4.828912807145955,-16.347246837834394,-21.0826950245169,1.6841534259744677e-13
200.382610519383,3.57214247887235,4.8196998449666895,-16.367871398748342,-21.07988926692888,1.1368035625327657e-13
200.48510630254518,3.712433836750639,4.8103035035735635,-16.388417252381533,-21.076667977592617,5.4734986344170195e-14
200.58761378869823,3.852728068858824,4.800722272698914,-16.408883308514483,-21.073030965202978,6.73661370389787e-14
200.69013291306575,3.9930256511589572,4.790954642075071,-16.4292684645104,-21.068978044178426,5.4734986344170195e-14
200.79266361129694,4.133327060327396,4.780999101434372,-16.44957160532092,-21.064509034716696,4.210383564936169e-15
200.8952058194744,4.273632773792862,4.770854140509151,-16.46979160349277,-21.059623762850887,-2.1051917824680846e-14
200.99775947412172,4.4139432697744665,4.760518249031741,-16.489927319175216,-21.054322060505363,8.420767129872338e-14
201.10032451221142,4.554259027319619,4.749989916734481,-16.50997760012848,-21.048603765552055,1.515738083377021e-13
201.20290087117263,4.694580526341946,4.7392676333497015,-16.52994128173291,-21.04246872186668,1.4315304120782974e-13
201.30548848889916,4.834908247659043,4.728349888609737,-16.549817186999174,-21.035916779385204,8.420767129872338e-15
201.40808730375738,4.9752426730302375,4.717235172246923,-16.569604126579144,-21.028947794160317,5.0524602779234026e-14
201.51069725459445,5.115584285194226,4.705921973993597,-16.589300898777847,-21.021561628418045,5.0524602779234026e-14
201.61331828074628,5.25593356790665,4.694408783582089,-16.608906289566185,-21.013758150614553,1.6841534259744676e-14
201.715950322046,5.396291005977596,4.682694090744735,-16.628419072594575,-21.005537235492852,1.2631150694808508e-13
201.81859331883214,5.536657085308969,4.67077638521387,-16.64783800920745,-20.996898764139758,7.578690416885104e-14
201.92124721195697,5.677032292931816,4.65865415672183,-16.667161848458644,-20.987842624042816,1.1789073981821273e-13
202.0239119427952,5.817417117043585,4.646325895000946,-16.686389327127745,-20.978368709147425,-3.368306851948935e-14
202.1265874532522,5.957812047045193,4.633790089783557,-16.70551916973719,-20.96847691991386,5.894536990910637e-14
202.22927368577314,6.09821757357808,4.621045230801991,-16.724550088570403,-20.95816716337456,7.578690416885104e-14
202.3319705833512,6.238634188561124,4.608089807788591,-16.743480783690686,-20.947439353191264,1.347322740779574e-13
202.43467808953685,6.379062385227498,4.594922310475685,-16.762309942961156,-20.936293409712373,5.894536990910637e-14
202.53739614844642,6.5195026581613105,4.58154122859561,-16.781036242065394,-20.92472926003025,8.420767129872338e-14
202.64012470477132,6.659955503334266,4.5679450518807005,-16.799658344529174,-20.912746838038622,1.2631150694808508e-13
202.74286370378715,6.800421418142148,4.554132270063292,-16.818174901742957,-20.900346084489946,1.2631150694808508e-13
202.84561309136268,6.940900901441154,4.540101372875716,-16.836584552985318,-20.88752694705288,-8.420767129872338e-15
202.9483728139694,7.081394453584163,4.52585085005031,-16.854885925447327,-20.87428938036974,1.6841534259744676e-14
203.05114281869072,7.221902576456863,4.511379191319408,-16.873077634257726,-20.860633346113904,1.6841534259744677e-13
203.15392305323164,7.362425773513769,4.496684886415343,-16.89115828250912,-20.846558813047363,4.210383564936169e-14
203.25671346592807,7.502964549814053,4.481766425070451,-16.909126461284973,-20.832065757078144,1.8525687685719145e-13
