galstreams/tracks/track.st.NGC6397.ibata2024.ecsv
# %ECSV 1.0
# ---
# datatype:
# - {name: ra, unit: deg, datatype: float64}
# - {name: dec, unit: deg, datatype: float64}
# - {name: distance, unit: kpc, datatype: float64}
# - {name: pm_ra_cosdec, unit: mas / yr, datatype: float64}
# - {name: pm_dec, unit: mas / yr, datatype: float64}
# - {name: radial_velocity, unit: km / s, datatype: float64}
# delimiter: ','
# meta: !!omap
# - __serialized_columns__:
#     dec:
#       __class__: astropy.coordinates.angles.Latitude
#       unit: &id001 !astropy.units.Unit {unit: deg}
#       value: !astropy.table.SerializedColumn {name: dec}
#     distance:
#       __class__: astropy.coordinates.distances.Distance
#       unit: !astropy.units.Unit {unit: kpc}
#       value: !astropy.table.SerializedColumn {name: distance}
#     pm_dec:
#       __class__: astropy.units.quantity.Quantity
#       unit: !astropy.units.Unit {unit: mas / yr}
#       value: !astropy.table.SerializedColumn {name: pm_dec}
#     pm_ra_cosdec:
#       __class__: astropy.units.quantity.Quantity
#       unit: !astropy.units.Unit {unit: mas / yr}
#       value: !astropy.table.SerializedColumn {name: pm_ra_cosdec}
#     ra:
#       __class__: astropy.coordinates.angles.Longitude
#       unit: *id001
#       value: !astropy.table.SerializedColumn {name: ra}
#       wrap_angle: !astropy.coordinates.Angle
#         unit: *id001
#         value: 360.0
#     radial_velocity:
#       __class__: astropy.units.quantity.Quantity
#       unit: !astropy.units.Unit {unit: km / s}
#       value: !astropy.table.SerializedColumn {name: radial_velocity}
# schema: astropy-2.0
ra,dec,distance,pm_ra_cosdec,pm_dec,radial_velocity
[from data line 424]
269.00211985996197,-53.89999332544812,1.0000000000000002,3.7619421163603075,-17.013274687203594,20.44265095428739
269.0189246657238,-53.900428739880724,1.0000000000000004,3.7643162467392175,-17.01070013855378,20.458858547870943
269.03572992129847,-53.90086402820036,1.0000000000000004,3.7666901270751474,-17.00812595818321,20.475110214242804
269.05253562735663,-53.90129918612197,1.0000000000000004,3.7690637568676655,-17.005552145279943,20.4914058986135
269.06934178456225,-53.901734209360306,1.0000000000000004,3.771437135614042,-17.00297869903306,20.507745546193632
269.086148393572,-53.90216909362989,1.0000000000000004,3.7738102628090644,-17.00040561863269,20.52412910219373
269.10295545503607,-53.902603834645056,1.0000000000000004,3.776183137945209,-16.997832903270023,20.54055651182439
269.1197629695976,-53.90303842811994,1.0000000000000002,3.778555760512553,-16.99526055213727,20.557027720296134
269.13657093789266,-53.90347286976846,1.0000000000000002,3.7809281299987076,-16.992688564427738,20.573542672819592
269.15337936055056,-53.90390715530437,1.0000000000000004,3.7833002458889746,-16.99011693933574,20.590101314605274
269.1701882381939,-53.90434128044115,1.0000000000000004,3.785672107666276,-16.987545676056666,20.606703590863734
269.1869975714378,-53.90477524089221,1.0000000000000004,3.7880437148110775,-16.984974773786984,20.623349446805598
269.203807360891,-53.90520903237067,1.0000000000000002,3.790415066801512,-16.98240423172419,20.640038827641376
269.2206176071552,-53.9056426505895,1.0000000000000004,3.7927861631133526,-16.979834049066827,20.656771678581656
269.23742831082495,-53.90607609126149,1.0000000000000002,3.7951570032199164,-16.97726422501455,20.673547944836997
269.2542394724881,-53.90650935009923,1.0000000000000004,3.7975275865922096,-16.974694758768038,20.69036757161795
269.27105109272577,-53.906942422815135,1.0000000000000004,3.799897912698866,-16.97212564952903,20.707230504135104
269.28786317211166,-53.90737530512147,1.0000000000000002,3.8022679810060556,-16.96955689650037,20.724136687599
269.3046757112129,-53.90780799273028,1.0000000000000002,3.804637790977667,-16.96698849888593,20.741086067220227
269.32148871058973,-53.90824048135346,1.0000000000000004,3.807007342075204,-16.96442045589067,20.75807858820933
269.3383021707952,-53.908672766702736,1.0000000000000004,3.8093766337577266,-16.96185276672064,20.775114195776847
269.35511609237574,-53.90910484448967,1.0000000000000004,3.8117456654819994,-16.959285430582913,20.79219283513341
269.3719304758708,-53.90953671042564,1.0000000000000004,3.8141144367024133,-16.956718446685684,20.809314451489524
269.38874532181245,-53.909968360221896,1.0000000000000004,3.816482946870911,-16.954151814238212,20.82647899005578
269.4055606307266,-53.91039978958948,1.0000000000000002,3.8188511954371647,-16.95158553245083,20.843686396042724
269.42237640313175,-53.91083099423932,1.0000000000000004,3.821219181848466,-16.949019600534935,20.860936614660947
269.43919263953944,-53.91126196988216,1.0000000000000004,3.823586905549658,-16.94645401770304,20.878229591121
269.4560093404546,-53.91169271222861,1.0000000000000002,3.825954365983357,-16.94388878316871,20.895565270633455
269.4728265063749,-53.91212321698909,1.0000000000000004,3.8283215625896667,-16.941323896146617,20.912943598408837
269.4896441377911,-53.91255347987393,1.0000000000000002,3.830688494806448,-16.93875935585252,20.930364519657758
269.50646223518754,-53.91298349659327,1.0000000000000002,3.8330551620691846,-16.93619516150323,20.947827979590762
269.5232807990409,-53.91341326285713,1.0000000000000004,3.835421563810938,-16.9336313123167,20.965333923418388
269.54009982982143,-53.91384277437538,1.0000000000000002,3.837787699462488,-16.931067807511937,20.982882296351267
269.5569193279922,-53.91427202685775,1.0000000000000002,3.8401535684522323,-16.928504646309065,21.0004730435999
269.5737392940095,-53.91470101601384,1.0000000000000004,3.842519170206192,-16.925941827929282,21.018106110374877
269.59055972832255,-53.9151297375531,1.0000000000000004,3.844884504148081,-16.923379351594892,21.035781441886762
269.6073806313738,-53.915558187184885,1.0000000000000004,3.8472495696992417,-16.9208172165293,21.053498983346103
269.62420200359844,-53.91598636061837,1.0000000000000002,3.8496143662786366,-16.918255421957035,21.071258679963478
269.6410238454252,-53.91641425356266,1.0000000000000004,3.851978893302947,-16.915693967103657,21.089060476949456
269.6578461572755,-53.91684186172669,1.0000000000000004,3.8543431501864753,-16.913132851195904,21.1069043195146
269.67466893956384,-53.91726918081928,1.0000000000000004,3.8567071363411314,-16.910572073461587,21.124790152869444
269.691492192698,-53.917696206549174,1.0000000000000002,3.859070851176564,-16.90801163312963,21.142717922224605
269.70831591707866,-53.91812293462494,1.0000000000000004,3.8614342941000666,-16.905451529430035,21.160687572790597
269.72514011309954,-53.91854936075507,1.0000000000000002,3.8637974645165145,-16.902891761593978,21.17869904977802
269.74196478114743,-53.918975480647944,1.0000000000000004,3.866160361828519,-16.90033232885368,21.19675229839741
269.7587899216024,-53.91940129001181,1.0000000000000002,3.8685229854363765,-16.897773230442517,21.21484726385936
269.7756155348371,-53.919826784554836,1.0000000000000002,3.8708853347379395,-16.895214465594968,21.232983891374417
269.7924416212176,-53.92025195998506,1.0000000000000002,3.873247409128819,-16.892656033546636,21.251162126153115
269.8092681811031,-53.92067681201043,1.0000000000000002,3.8756092080022864,-16.890097933534218,21.269381913406082
269.8260952148454,-53.92110133633881,1.0000000000000002,3.8779707307492153,-16.887540164795563,21.287643198343844
269.84292272279,-53.92152552867793,1.0000000000000004,3.88033197675825,-16.884982726569604,21.30594592617697
269.8597507052747,-53.92194938473548,1.0000000000000004,3.882692945415586,-16.882425618096445,21.324290042116015
269.87657916263083,-53.922372900218996,1.0000000000000002,3.885053636105179,-16.879868838617295,21.342675491371562
269.89340809518285,-53.92279607083597,1.0000000000000002,3.887414048208662,-16.877312387374452,21.36110221915416
269.9102375032479,-53.92321889229379,1.0000000000000004,3.889774181105273,-16.8747562636114,21.379570170674388
269.92706738713645,-53.923641360299754,1.0000000000000004,3.8921340341719812,-16.87220046657272,21.398079291142786
269.9438977471519,-53.92406347056111,1.0000000000000004,3.894493606783441,-16.86964499550413,21.416629525769952
269.9607285835906,-53.92448521878497,1.0000000000000002,3.8968528983119226,-16.867089849652505,21.435220819766407
269.9775598967421,-53.92490660067842,1.0000000000000002,3.8992119081274423,-16.864535028265806,21.453853118342753
269.99439168688906,-53.92532761194844,1.0000000000000004,3.901570635597689,-16.861980530593165,21.47252636670953
270.0112239543069,-53.92574824830197,1.0000000000000002,3.9039290800879924,-16.859426355884864,21.49124051007731
270.0280566992643,-53.926168505445844,1.0000000000000004,3.9062872409614187,-16.85687250339228,21.509995493656692
270.044889922023,-53.92658837908684,1.0000000000000004,3.9086451175787,-16.85431897236797,21.528791262658167
270.0617236228376,-53.92700786493168,1.0000000000000002,3.911002709298224,-16.85176576206564,21.54762776229234
270.07855780195575,-53.92742695868703,1.0000000000000002,3.913360015476117,-16.8492128717401,21.56650493776979
270.0953924596185,-53.927845656059475,1.0000000000000002,3.9157170354662,-16.84666030064733,21.585422734301062
270.11222759605937,-53.92826395275556,1.0000000000000002,3.918073768619917,-16.844108048044472,21.604381097096717
270.12906321150535,-53.92868184448176,1.0000000000000002,3.9204302142864718,-16.841556113189803,21.623379971367353
270.1458993061764,-53.929099326944495,1.0000000000000004,3.9227863718127627,-16.83900449534273,21.642419302323475
270.1627358802851,-53.929516395850165,1.0000000000000002,3.9251422405433147,-16.836453193763873,21.661499035175677
270.1795729340377,-53.929933046905106,1.0000000000000002,3.9274978198204296,-16.833902207714946,21.680619115134533
270.19641046763314,-53.93034927581559,1.0000000000000002,3.9298531089840942,-16.831351536458843,21.699779487410584
270.2132484812633,-53.93076507828786,1.0000000000000002,3.93220810737194,-16.828801179259624,21.718980097214423
270.2300869751133,-53.93118045002813,1.0000000000000004,3.934562814319377,-16.826251135382492,21.738220889756604
270.2469259493611,-53.93159538674257,1.0000000000000004,3.9369172291594445,-16.82370140409383,21.75750181024767
270.26376540417783,-53.9320098841373,1.0000000000000004,3.939271351222927,-16.821151984661178,21.776822803898213
270.28060533972774,-53.93242393791843,1.0000000000000004,3.94162517983834,-16.818602876353218,21.796183815918777
270.29744575616786,-53.93283754379202,1.0000000000000004,3.943978714331874,-16.816054078439837,21.815584791519928
270.3142866536483,-53.93325069746411,1.0000000000000004,3.9463319540274044,-16.81350559019205,21.83502567591226
270.33112803231234,-53.93366339464071,1.0000000000000002,3.9486848982465754,-16.810957410882082,21.854506414306275
270.34796989229613,-53.93407563102783,1.0000000000000004,3.951037546308679,-16.808409539783305,21.874026951912604
270.3648122337289,-53.93448740233142,1.0000000000000004,3.9533898975307675,-16.805861976170263,21.89358723394179
270.38165505673305,-53.93489870425745,1.0000000000000004,3.95574195122762,-16.80331471931867,21.91318720560438
270.3984983614236,-53.93530953251186,1.0000000000000004,3.9580937067116597,-16.800767768505455,21.932826812110928
270.4153421479091,-53.93571988280054,1.0000000000000002,3.9604451632931097,-16.798221123008677,21.95250599867203
270.4321864162908,-53.93612975082946,1.0000000000000002,3.9627963202798786,-16.795674782107586,21.97222471049825
270.4490311666629,-53.936539132304475,1.0000000000000004,3.965147176977554,-16.793128745082626,21.99198289280012
270.465876399113,-53.93694802293151,1.0000000000000002,3.9674977326895187,-16.790583011215432,22.01178049078823
270.48272211372125,-53.93735641841645,1.0000000000000004,3.96984798671685,-16.78803757978879,22.03161744967312
270.49956831056113,-53.93776431446521,1.0000000000000002,3.972197938358309,-16.785492450086714,22.051493714665394
270.516414989699,-53.93817170678366,1.0000000000000002,3.974547586910439,-16.782947621394356,22.071409230975583
270.53326215119444,-53.93857859107772,1.0000000000000004,3.976896931667521,-16.780403092998096,22.09136394381427
270.5501097950996,-53.938984963053315,1.0000000000000004,3.9792459719214635,-16.77785886418551,22.111357798392
270.56695792146013,-53.93939081841633,1.0000000000000004,3.9815947069620283,-16.775314934245323,22.131390739919354
270.5838065303146,-53.9397961528727,1.0000000000000002,3.9839431360766775,-16.772771302467504,22.15146271360688
270.60065562169416,-53.94020096212839,1.0000000000000004,3.9862912585505206,-16.77022796814318,22.17157366466515
270.61750519562344,-53.940605241889344,1.0000000000000002,3.9886390736665054,-16.767684930564695,22.191723538304743
270.63435525212003,-53.94100898786155,1.0000000000000002,3.9909865807052936,-16.765142189025596,22.211912279736215
270.6512057911943,-53.94141219575099,1.0000000000000002,3.9933337789452357,-16.762599742820605,22.23213983417009
270.6680568128498,-53.941814861263715,1.0000000000000002,3.9956806676624748,-16.76005759124567,22.252406146817016
270.6849083170831,-53.94221698010574,1.0000000000000004,3.9980272461308917,-16.75751573359794,22.272711162887475
270.7017603038836,-53.94261854798319,1.0000000000000004,4.000373513622046,-16.754974169175775,22.29305482759205
270.718612773234,-53.943019560602146,1.0000000000000002,4.0027194694053465,-16.752432897278716,22.313437086141352
270.7354657251096,-53.94342001366876,1.0000000000000004,4.005065112747828,-16.749891917207542,22.33385788374588
270.7523191594791,-53.9438199028892,1.0000000000000004,4.00741044291437,-16.747351228264222,22.354317165616255
270.7691730763041,-53.94421922396972,1.0,4.009755459167575,-16.744810829751962,22.374814876963008
270.786027475539,-53.94461797261655,1.0000000000000002,4.0121001607677425,-16.742270720975142,22.39535096299671
270.8028823571314,-53.94501614453602,1.0000000000000002,4.0144445469729755,-16.739730901239405,22.415925368927923
270.81973772102197,-53.94541373543445,1.0,4.016788617039154,-16.737191369851573,22.43653803996721
270.836593567144,-53.94581074101828,1.0,4.019132370219811,-16.7346521261197,22.457188921325123
270.8534498954243,-53.94620715699392,1.0,4.021475805766346,-16.732113169353063,22.47787795821227
270.87030670578235,-53.94660297906792,1.0000000000000002,4.023818922927859,-16.729574498862156,22.49860509583919
270.8871639981307,-53.946998202946794,1.0000000000000002,4.0261617209512055,-16.7270361139587,22.51937027941641
270.90402177237473,-53.9473928243372,1.0000000000000002,4.028504199081006,-16.724498013955653,22.54017345415455
270.92088002841336,-53.94778683894581,1.0000000000000002,4.030846356559697,-16.72196019816716,22.561014565264163
270.9377387661378,-53.94818024247936,1.0,4.033188192627363,-16.71942266590865,22.58189355795577
270.95459798543266,-53.94857303064466,1.0000000000000002,4.03552970652195,-16.716885416496723,22.602810377439987
270.97145768617565,-53.9489651991486,1.0000000000000002,4.037870897479158,-16.714348449249265,22.623764968927347
270.98831786823706,-53.94935674369813,1.0000000000000002,4.0402117647323905,-16.711811763485358,22.644757277628447
271.00517853148057,-53.94974766000026,1.0000000000000002,4.042552307512891,-16.709275358525332,22.66578724875381
271.02203967576276,-53.95013794376211,1.0000000000000002,4.044892525049667,-16.706739233690758,22.686854827514022
271.03890130093293,-53.95052759069085,1.0,4.047232416569421,-16.70420338830444,22.707959959119634
271.05576340683376,-53.950916596493734,1.0000000000000002,4.049571981296721,-16.701667821690407,22.729102588781252
271.0726259933008,-53.95130495687811,1.0,4.051911218453889,-16.69913253317395,22.75028266170937
271.08948906016235,-53.95169266755141,1.0,4.054250127260966,-16.69659752208161,22.7715001231146
271.10635260724007,-53.95207972422116,1.0000000000000002,4.056588706935852,-16.69406278774113,22.792754918207507
271.12321663434824,-53.95246612259495,1.0000000000000002,4.058926956694134,-16.69152832948155,22.814046992198637
271.1400811412944,-53.952851858380484,1.0000000000000002,4.061264875749261,-16.688994146633135,22.835376290298566
271.15694612787917,-53.95323692728558,1.0000000000000002,4.0636024633124626,-16.686460238527374,22.85674275771786
271.1738115938957,-53.953621325018105,1.0,4.065939718592663,-16.68392660449707,22.87814633966705
271.19067753913055,-53.95400504728608,1.0000000000000002,4.068276640796655,-16.6813932438762,22.89958698135672
271.2075439633633,-53.9543880897976,1.0000000000000002,4.070613229129037,-16.678860156000063,22.921064627997467
271.2244108663661,-53.95477044826087,1.0000000000000002,4.072949482792101,-16.67632734020517,22.94257922479984
271.2412782479044,-53.95515211838419,1.0000000000000002,4.075285400985986,-16.673794795829313,22.964130716974342
271.25814610773665,-53.95553309587601,1.0,4.077620982908656,-16.671262522211528,22.98571904973162
271.27501444561403,-53.95591337644486,1.0,4.079956227755767,-16.66873051869213,23.0073441682822
271.29188326128104,-53.95629295579939,1.0000000000000002,4.082291134720875,-16.66619878461266,23.02900601783665
271.308752554475,-53.956671829648386,1.0000000000000002,4.08462570299529,-16.663667319315962,23.050704543605537
271.3256223249262,-53.95704999370071,1.0,4.086959931768095,-16.661136122146136,23.072439690799424
271.34249257235774,-53.95742744366541,1.0000000000000002,4.089293820226181,-16.65860519244853,23.09421140462885
271.3593632964862,-53.95780417525162,1.0000000000000002,4.0916273675543025,-16.65607452956977,23.116019630304432
271.37623449702056,-53.9581801841686,1.0000000000000002,4.093960572934898,-16.653544132857764,23.137864313036676
