galstreams/tracks/track.st.New-16.ibata2024.ecsv
# %ECSV 1.0
# ---
# datatype:
# - {name: ra, unit: deg, datatype: float64}
# - {name: dec, unit: deg, datatype: float64}
# - {name: distance, unit: kpc, datatype: float64}
# - {name: pm_ra_cosdec, unit: mas / yr, datatype: float64}
# - {name: pm_dec, unit: mas / yr, datatype: float64}
# - {name: radial_velocity, unit: km / s, datatype: float64}
# delimiter: ','
# meta: !!omap
# - __serialized_columns__:
#     dec:
#       __class__: astropy.coordinates.angles.Latitude
#       unit: &id001 !astropy.units.Unit {unit: deg}
#       value: !astropy.table.SerializedColumn {name: dec}
#     distance:
#       __class__: astropy.coordinates.distances.Distance
#       unit: !astropy.units.Unit {unit: kpc}
#       value: !astropy.table.SerializedColumn {name: distance}
#     pm_dec:
#       __class__: astropy.units.quantity.Quantity
#       unit: !astropy.units.Unit {unit: mas / yr}
#       value: !astropy.table.SerializedColumn {name: pm_dec}
#     pm_ra_cosdec:
#       __class__: astropy.units.quantity.Quantity
#       unit: !astropy.units.Unit {unit: mas / yr}
#       value: !astropy.table.SerializedColumn {name: pm_ra_cosdec}
#     ra:
#       __class__: astropy.coordinates.angles.Longitude
#       unit: *id001
#       value: !astropy.table.SerializedColumn {name: ra}
#       wrap_angle: !astropy.coordinates.Angle
#         unit: *id001
#         value: 360.0
#     radial_velocity:
#       __class__: astropy.units.quantity.Quantity
#       unit: !astropy.units.Unit {unit: km / s}
#       value: !astropy.table.SerializedColumn {name: radial_velocity}
# schema: astropy-2.0
ra,dec,distance,pm_ra_cosdec,pm_dec,radial_velocity
[from data line 1150]
188.62466505783723,-35.55777708856367,0.9999999999999997,-4.208600431278333,8.457163662973567,226.49794669478024
188.62702595550496,-35.54797912743345,0.9999999999999997,-4.208050044422635,8.452995637355603,226.3302891337711
188.6293844703072,-35.538180825904725,0.9999999999999997,-4.207498782281236,8.448825820802934,226.16308383527738
188.63174059855479,-35.528382183349215,0.9999999999999998,-4.206946645696965,8.44465421575999,225.9963355600112
188.6340943365598,-35.51858319913884,0.9999999999999997,-4.206393635514003,8.440480824670768,225.83004906868499
188.63644568063592,-35.50878387264571,0.9999999999999997,-4.205839752577962,8.436305649978749,225.66422912201077
188.63879462709806,-35.49898420324201,0.9999999999999998,-4.205284997735848,8.432128694126913,225.49888048070085
188.64114117226265,-35.48918419030019,0.9999999999999996,-4.204729371836017,8.427949959557797,225.3340079054675
188.6434853124474,-35.4793838331928,0.9999999999999997,-4.2041728757282515,8.42376944871344,225.16961615702309
188.64582704397162,-35.46958313129253,0.9999999999999996,-4.203615510263729,8.419587164035349,225.00570999607956
188.64816636315587,-35.4597820839723,0.9999999999999997,-4.203057276294986,8.41540310796464,224.84229418334945
188.6505032663221,-35.44998069060513,0.9999999999999997,-4.202498174675964,8.411217282941834,224.67937347954475
188.65283774979372,-35.44017895056422,0.9999999999999996,-4.201938206261977,8.407029691407082,224.5169526453779
188.65516980989557,-35.43037686322289,0.9999999999999997,-4.201377371909739,8.402840335799961,224.35503644156105
188.6574994429537,-35.42057442795469,0.9999999999999998,-4.2008156724772885,8.398649218559626,224.19362962880638
188.65982664529585,-35.410771644133234,0.9999999999999996,-4.200253108824132,8.394456342124723,224.03273696782628
188.66215141325085,-35.40096851113235,0.9999999999999997,-4.1996896818110745,8.390261708933412,223.8723632193328
188.6644737431491,-35.391165028325986,0.9999999999999997,-4.1991253923003296,8.38606532142338,223.71251314403844
188.66679363132232,-35.381361195088274,0.9999999999999997,-4.198560241155487,8.38186718203183,223.55319150265524
188.66911107410368,-35.37155701079347,0.9999999999999997,-4.197994229241511,8.37766729319548,223.39440305589545
188.6714260678276,-35.36175247481598,0.9999999999999996,-4.197427357424679,8.373465657350597,223.2361525644714
188.67373860883004,-35.35194758653036,0.9999999999999997,-4.196859626572731,8.369262276932922,223.07844478909522
188.67604869344822,-35.342142345311316,0.9999999999999996,-4.196291037554712,8.36505715437773,222.9212844904792
188.67835631802083,-35.33233675053372,0.9999999999999996,-4.195721591241046,8.36085029211985,222.76467642933554
188.68066147888786,-35.32253080157256,0.9999999999999997,-4.195151288503503,8.356641692593591,222.60862536637669
188.68296417239074,-35.312724497802975,0.9999999999999996,-4.194580130215263,8.352431358232778,222.4531360623145
188.68526439487218,-35.30291783860027,0.9999999999999997,-4.194008117250801,8.348219291470812,222.29821327786166
188.68756214267634,-35.293110823339845,0.9999999999999997,-4.193435250485998,8.344005494740543,222.1438617737301
188.68985741214877,-35.2833034513973,0.9999999999999997,-4.192861530798085,8.339789970474406,221.9900863106322
188.69215019963636,-35.27349572214836,0.9999999999999996,-4.192286959065639,8.335572721104331,221.83689164928003
188.69444050148732,-35.26368763496885,0.9999999999999994,-4.191711536168572,8.331353749061744,221.68428255038606
188.69672831405126,-35.253879189234794,0.9999999999999998,-4.19113526298818,8.327133056777651,221.53226377466237
188.69901363367916,-35.244070384322285,0.9999999999999997,-4.190558140407086,8.322910646682526,221.3808400828213
188.70129645672338,-35.234261219607625,0.9999999999999996,-4.189980169309269,8.31868652120641,221.23001623557496
188.70357677953763,-35.22445169446722,0.9999999999999997,-4.189401350580077,8.314460682778837,221.07979699363568
188.70585459847692,-35.214641808277605,0.9999999999999998,-4.188821685106145,8.310233133828866,220.93018711771583
188.7081299098977,-35.204831560415464,0.9999999999999998,-4.18824117377552,8.306003876785109,220.7811913685274
188.71040271015775,-35.19502095025759,0.9999999999999997,-4.1876598174775435,8.30177291407568,220.63281450678267
188.71267299561617,-35.18520997718096,0.9999999999999997,-4.187077617102894,8.297540248128222,220.48506129319406
188.71494076263346,-35.17539864056263,0.9999999999999997,-4.186494573543623,8.293305881369886,220.3379364884737
188.7172060075714,-35.165586939779814,0.9999999999999996,-4.185910687693077,8.289069816227379,220.19144485333373
188.71946872679322,-35.15577487420986,0.9999999999999998,-4.185325960445986,8.284832055126927,220.04559114848664
188.72172891666344,-35.145962443230246,0.9999999999999997,-4.184740392698377,8.280592600494284,219.9003801346444
188.7239865735479,-35.136149646218534,0.9999999999999998,-4.184153985347594,8.276351454754678,219.75581657251945
188.72624169381382,-35.126336482552475,0.9999999999999997,-4.183566739292351,8.272108620332954,219.61190522282396
188.72849427382974,-35.11652295160993,0.9999999999999998,-4.182978655432648,8.267864099653412,219.46865084627004
188.7307443099656,-35.10670905276887,0.9999999999999997,-4.182389734669863,8.263617895139937,219.3260582035702
188.73299179859262,-35.096894785407386,0.9999999999999997,-4.18179997790666,8.259370009215871,219.18413205543644
188.73523673608335,-35.08708014890373,0.9999999999999997,-4.181209386047035,8.255120444304143,219.04287716258108
188.73747911881173,-35.07726514263623,0.9999999999999996,-4.180617959996283,8.250869202827182,218.90229828571637
188.73971894315295,-35.06744976598338,0.9999999999999997,-4.180025700661037,8.246616287206987,218.7624001855547
188.74195620548366,-35.057634018323775,0.9999999999999998,-4.179432608949289,8.242361699865011,218.62318762280805
188.7441909021817,-35.047817899036126,0.9999999999999998,-4.178838685770246,8.238105443222313,218.48466535818875
188.74642302962638,-35.03800140749928,0.9999999999999998,-4.178243932034549,8.233847519699449,218.3468381524091
188.74865258419817,-35.02818454309218,0.9999999999999997,-4.177648348654039,8.229587931716488,218.20971076618125
188.75087956227904,-35.018367305193905,0.9999999999999997,-4.1770519365419485,8.225326681693044,218.07328796021753
188.75310396025216,-35.00854969318363,0.9999999999999998,-4.176454696612774,8.22106377204826,217.93757449523022
188.75532577450213,-34.998731706440694,0.9999999999999996,-4.175856629782345,8.216799205200847,217.80257513193138
188.7575450014147,-34.98891334434451,0.9999999999999996,-4.175257736967774,8.212532983568991,217.66829463103332
188.75976163737712,-34.9790946062746,0.9999999999999997,-4.174658019087479,8.20826510957044,217.5347377532485
188.7619756787779,-34.969275491610645,0.9999999999999997,-4.174057477061206,8.203995585622486,217.40190925928886
188.76418712200686,-34.95945599973237,0.9999999999999997,-4.173456111809978,8.199724414141894,217.26981390986668
188.76639596345507,-34.94963613001968,0.9999999999999997,-4.172853924256111,8.195451597545055,217.1384564656944
188.768602199515,-34.939815881852546,0.9999999999999998,-4.172250915323227,8.191177138247802,217.00784168748413
188.7708058265804,-34.92999525461108,0.9999999999999994,-4.171647085936261,8.186901038665567,216.877974335948
188.77300684104637,-34.92017424767547,0.9999999999999996,-4.1710424370213985,8.18262330121328,216.74885917179847
188.77520523930923,-34.910352860426045,0.9999999999999997,-4.170436969506147,8.178343928305424,216.62050095574762
188.77740101776666,-34.90053109224322,0.9999999999999997,-4.169830684319296,8.174062922356002,216.49290444850774
188.7795941728177,-34.89070894250753,0.9999999999999998,-4.169223582390911,8.169780285778558,216.3660744107911
188.7817847008626,-34.880886410599594,0.9999999999999997,-4.168615664652387,8.165496020986195,216.24001560330996
188.78397259830294,-34.87106349590017,0.9999999999999996,-4.16800693203634,8.16121013039151,216.11473278677644
188.78615786154165,-34.861240197790075,0.9999999999999999,-4.167397385476731,8.156922616406654,215.9902307219029
188.78834048698292,-34.851416515650264,0.9999999999999998,-4.166787025908741,8.152633481443312,215.86651416940154
188.79052047103215,-34.84159244886182,0.9999999999999996,-4.166175854268856,8.148342727912748,215.7435878899845
188.79269781009626,-34.83176799680584,0.9999999999999997,-4.165563871494864,8.144050358225682,215.6214566443643
188.7948725005832,-34.8219431588636,0.9999999999999998,-4.164951078525794,8.139756374792439,215.50012519325284
188.79704453890244,-34.812117934416435,0.9999999999999997,-4.164337476301971,8.135460780022857,215.37959829736255
188.79921392146457,-34.802292322845815,0.9999999999999996,-4.163723065764955,8.13116357632631,215.25988071740568
188.80138064468161,-34.792466323533255,0.9999999999999998,-4.163107847857644,8.1268647661117,215.1409772140944
188.80354470496675,-34.782639935860416,0.9999999999999997,-4.162491823524132,8.12256435178752,215.02289254814104
188.8057060987345,-34.77281315920902,0.9999999999999996,-4.161874993709809,8.11826233576173,214.90563148025774
188.8078648224007,-34.76298599296093,0.9999999999999996,-4.161257359361338,8.113958720441882,214.78919877115672
188.81002087238244,-34.75315843649802,0.9999999999999997,-4.160638921426655,8.109653508235025,214.67359918155034
188.8121742450981,-34.743330489202364,0.9999999999999997,-4.160019680854919,8.105346701547816,214.5588374721507
188.81432493696732,-34.73350215045604,0.9999999999999996,-4.159399638596573,8.101038302786396,214.44491840367016
188.81647294441106,-34.72367341964125,0.9999999999999996,-4.158778795603331,8.096728314356433,214.33184673682095
188.8186182638515,-34.7138442961403,0.9999999999999998,-4.158157152828127,8.092416738663193,214.21962723231525
188.82076089171213,-34.70401477933557,0.9999999999999997,-4.157534711225169,8.088103578111472,214.10826465086538
188.8229008244177,-34.69418486860954,0.9999999999999996,-4.156911471749922,8.08378883510556,213.99776375318348
188.8250380583943,-34.684354563344755,0.9999999999999997,-4.156287435359113,8.079472512049351,213.8881292999818
188.82717259006918,-34.67452386292386,0.9999999999999997,-4.1556626030106765,8.075154611346226,213.77936605197274
188.8293044158709,-34.664692766729615,0.9999999999999996,-4.155036975663819,8.070835135399175,213.6714787698683
188.8314335322293,-34.6548612741448,0.9999999999999997,-4.154410554279007,8.06651408661066,213.56447221438086
188.83355993557555,-34.645029384552345,0.9999999999999996,-4.153783339817925,8.062191467382744,213.4583511462227
188.83568362234195,-34.635197097335215,0.9999999999999997,-4.153155333243523,8.057867280117,213.35312032610594
188.83780458896214,-34.6253644118765,0.9999999999999998,-4.152526535519955,8.053541527214552,213.2487845147429
188.83992283187104,-34.61553132755933,0.9999999999999997,-4.15189694761265,8.049214211076118,213.14534847284582
188.8420383475048,-34.60569784376696,0.9999999999999996,-4.151266570488267,8.044885334101865,213.0428169611269
188.8441511323008,-34.595863959882664,0.9999999999999997,-4.150635405114668,8.040554898691603,212.94119474029844
188.8462611826977,-34.58602967528987,0.9999999999999997,-4.1500034524609895,8.036222907244623,212.84048657107257
188.84836849513547,-34.57619498937202,0.9999999999999996,-4.149370713497557,8.031889362159795,212.74069721416163
188.85047306605526,-34.56635990151267,0.9999999999999996,-4.148737189195978,8.027554265835523,212.6418314302778
188.8525748918995,-34.556524411095445,0.9999999999999997,-4.148102880529047,8.023217620669783,212.54389398013342
188.85467396911187,-34.54668851750402,0.9999999999999996,-4.147467788470792,8.018879429060046,212.4468896244406
188.8567702941373,-34.5368522201222,0.9999999999999997,-4.146831913996474,8.0145396934034,212.35082312391174
188.85886386342193,-34.52701551833379,0.9999999999999999,-4.14619525808255,8.01019841609642,212.25569923925883
188.86095467341323,-34.51717841152274,0.9999999999999996,-4.145557821706735,8.005855599535272,212.16152273119437
188.86304272055983,-34.50734089907303,0.9999999999999997,-4.144919605847934,8.001511246115653,212.06829836043042
188.86512800131163,-34.497502980368715,0.9999999999999998,-4.144280611486284,7.997165358232827,211.97603088767934
188.86721051211984,-34.48766465479393,0.9999999999999996,-4.143640839603142,7.992817938281579,211.8847250736533
188.86929024943674,-34.47782592173287,0.9999999999999997,-4.143000291181046,7.988468988656262,211.79438567906465
188.87136720971606,-34.46798678056983,0.9999999999999996,-4.14235896720377,7.984118511750795,211.70501746462546
188.8734413894126,-34.45814723068911,0.9999999999999998,-4.14171686865631,7.9797665099586155,211.61662519104806
188.87551278498245,-34.44830727147513,0.9999999999999996,-4.141073996524829,7.975412985672737,211.52921361904458
188.87758139288297,-34.43846690231235,0.9999999999999998,-4.14043035179674,7.9710579412857285,211.44278750932753
188.87964720957268,-34.428626122585314,0.9999999999999999,-4.139785935460619,7.9667013791896935,211.35735162260895
188.88171023151145,-34.418784931678616,0.9999999999999997,-4.139140748506303,7.962343301776297,211.27291071960101
188.88377045516023,-34.40894332897691,0.9999999999999999,-4.138494791924746,7.957983711436768,211.18946956101618
188.8858278769813,-34.39910131386493,0.9999999999999997,-4.137848066708164,7.953622610561876,211.10703290756646
188.8878824934381,-34.38925888572746,0.9999999999999999,-4.137200573849965,7.949260001541941,211.02560551996433
188.88993430099535,-34.37941604394932,0.9999999999999999,-4.136552314344714,7.944895886766849,210.94519215892186
188.89198329611898,-34.36957278791545,0.9999999999999998,-4.135903289188212,7.940530268626057,210.86579758515128
188.8940294752761,-34.35972911701079,0.9999999999999997,-4.135253499377418,7.936163149508529,210.78742655936483
188.89607283493513,-34.34988503062036,0.9999999999999996,-4.134602945910491,7.931794531802835,210.71008384227497
188.8981133715656,-34.340040528129244,0.9999999999999998,-4.133951629786807,7.9274244178970825,210.63377419459368
188.90015108163826,-34.33019560892257,0.9999999999999999,-4.133299552006874,7.923052810178907,210.55850237703334
188.9021859616252,-34.32035027238555,0.9999999999999998,-4.132646713572421,7.918679711035585,210.48427315030608
188.90421800799962,-34.3105045179034,0.9999999999999999,-4.131993115486347,7.914305122853845,210.41109127512422
188.90624721723594,-34.30065834486142,0.9999999999999997,-4.131338758752747,7.909929048020048,210.33896151220003
188.90827358580984,-34.29081175264496,0.9999999999999998,-4.1306836443768535,7.90555148892007,210.2678886222456
188.91029711019812,-34.28096474063943,0.9999999999999999,-4.130027773365129,7.901172447939382,210.19787736597343
188.91231778687887,-34.27111730823028,0.9999999999999998,-4.129371146725177,7.896791927462985,210.12893250409553
188.91433561233137,-34.261269454803006,0.9999999999999998,-4.128713765465781,7.892409929875466,210.06105879732425
188.9163505830361,-34.251421179743176,0.9999999999999998,-4.128055630596906,7.888026457560951,209.99426100637174
188.9183626954747,-34.241572482436354,0.9999999999999997,-4.127396743129658,7.883641512903132,209.92854389195023
188.92037194613005,-34.231723362268205,0.9999999999999998,-4.126737104076328,7.879255098285267,209.86391221477223
188.92237833148624,-34.22187381862444,0.9999999999999998,-4.126076714450393,7.87486721609017,209.80037073554965
188.92438184802856,-34.21202385089076,0.9999999999999998,-4.125415575266469,7.870477868700224,209.7379242149948
188.92638249224348,-34.20217345845297,0.9999999999999998,-4.124753687540338,7.866087058497353,209.67657741382
188.92838026061864,-34.192322640696894,0.9999999999999998,-4.124091052288939,7.861694787863092,209.61633509273753
188.93037514964286,-34.182471397008406,0.9999999999999998,-4.1234276705303605,7.857301059178484,209.55720201245958
188.93236715580628,-34.172619726773405,1.0,-4.122763543283886,7.852905874824151,209.49918293369834
