galstreams/tracks/track.st.NGC3201.ibata2021.ecsv
# %ECSV 0.9
# ---
# datatype:
# - {name: ra, unit: deg, datatype: float64}
# - {name: dec, unit: deg, datatype: float64}
# - {name: distance, unit: kpc, datatype: float64}
# - {name: pm_ra_cosdec, unit: mas / yr, datatype: float64}
# - {name: pm_dec, unit: mas / yr, datatype: float64}
# - {name: radial_velocity, unit: km / s, datatype: float64}
# delimiter: ','
# meta: !!omap
# - __serialized_columns__:
#     dec:
#       __class__: astropy.coordinates.angles.Latitude
#       unit: &id001 !astropy.units.Unit {unit: deg}
#       value: !astropy.table.SerializedColumn {name: dec}
#     distance:
#       __class__: astropy.coordinates.distances.Distance
#       unit: !astropy.units.Unit {unit: kpc}
#       value: !astropy.table.SerializedColumn {name: distance}
#     pm_dec:
#       __class__: astropy.units.quantity.Quantity
#       unit: !astropy.units.Unit {unit: mas / yr}
#       value: !astropy.table.SerializedColumn {name: pm_dec}
#     pm_ra_cosdec:
#       __class__: astropy.units.quantity.Quantity
#       unit: !astropy.units.Unit {unit: mas / yr}
#       value: !astropy.table.SerializedColumn {name: pm_ra_cosdec}
#     ra:
#       __class__: astropy.coordinates.angles.Longitude
#       unit: *id001
#       value: !astropy.table.SerializedColumn {name: ra}
#       wrap_angle: !astropy.coordinates.Angle
#         unit: *id001
#         value: 360.0
#     radial_velocity:
#       __class__: astropy.units.quantity.Quantity
#       unit: !astropy.units.Unit {unit: km / s}
#       value: !astropy.table.SerializedColumn {name: radial_velocity}
# schema: astropy-2.0
ra,dec,distance,pm_ra_cosdec,pm_dec,radial_velocity
[from data line 140]
148.97530102247606,-45.63655586704213,4.995364348621515,7.2948722026905966,-2.9515070642508876,-3.789345208442552e-14
148.98964251656488,-45.6380608387552,4.993129503856678,7.306307209263821,-2.9479122098717743,-6.73661370389787e-14
149.00398217562943,-45.63956993534727,4.9909023051363555,7.317683890764401,-2.944323346040694,-1.6841534259744676e-14
149.01832000839465,-45.641083145642064,4.988682744828297,7.329002348294339,-2.94074047917761,-1.6841534259744676e-14
149.03265602357408,-45.64260045845973,4.986470815300257,7.340262682947039,-2.9371636156237884,-3.789345208442552e-14
149.04699022987015,-45.644121862616934,4.9842665089199905,7.351464995807279,-2.9335927616418527,-6.73661370389787e-14
149.06132263597394,-45.64564734692682,4.982069818055245,7.362609387951213,-2.9300279234158793,-2.947268495455318e-14
149.0756532505654,-45.64717690019909,4.9798807350737775,7.373695960446317,-2.9264691070514814,-3.789345208442552e-14
149.08998208231318,-45.64871051123988,4.977699252343339,7.384724814351388,-2.922916318575882,-3.789345208442552e-14
149.1043091398747,-45.65024816885188,4.975525362231682,7.395696050716514,-2.919369563938018,-2.5262301389617013e-14
149.1186344318963,-45.651789861834295,4.973359057106558,7.406609770583043,-2.915828849008581,-3.368306851948935e-14
149.132957967013,-45.653335578982855,4.971200329335721,7.417466074983579,-2.9122941795801482,4.210383564936169e-15
149.14727975384852,-45.65488530908978,4.96904917128692,7.428265064941934,-2.908765561367242,-6.73661370389787e-14
149.16159980101557,-45.65643904094385,4.966905575327912,7.439006841473122,-2.905243000006395,-6.73661370389787e-14
149.17591811711546,-45.65799676333037,4.964769533826449,7.449691505583329,-2.901726501056264,-4.210383564936169e-15
149.1902347107385,-45.659558465031175,4.962641039150279,7.460319158269898,-2.8982160699976816,-6.315575347404254e-14
149.2045495904637,-45.66112413482467,4.960520083667159,7.470889900521298,-2.894711712233749,-3.368306851948935e-14
149.21886276485887,-45.66269376148576,4.958406659744841,7.481403833317089,-2.8912134330899235,-2.947268495455318e-14
149.23317424248063,-45.66426733378594,4.956300759751075,7.491861057627935,-2.8877212378140853,-2.1051917824680846e-14
149.24748403187448,-45.66584484049324,4.954202376053618,7.502261674415539,-2.8842351315766255,-6.315575347404254e-14
149.2617921415747,-45.66742627037226,4.952111501020216,7.512605784632651,-2.8807551194705168,-6.315575347404254e-14
149.27609858010433,-45.66901161218412,4.950028127018627,7.522893489223023,-2.8772812065114026,-6.315575347404254e-14
149.29040335597549,-45.670600854686604,4.947952246416602,7.533124889121413,-2.87381339763766,-5.894536990910637e-14
149.30470647768882,-45.67219398663398,4.945883851581892,7.543300085253521,-2.870351697710496,-5.894536990910637e-14
149.31900795373406,-45.67379099677711,4.943822934882252,7.553419178536009,-2.866896111514019,-5.4734986344170195e-14
149.33330779258955,-45.675391873863454,4.9417694886854315,7.5634822698764586,-2.8634466437553145,-5.0524602779234026e-14
149.34760600272264,-45.67699660663705,4.939723505359185,7.573489460173331,-2.8600032990645197,-3.789345208442552e-14
149.36190259258944,-45.678605183838506,4.937684977271264,7.583440850315972,-2.8565660819949112,-2.5262301389617013e-14
149.3761975706351,-45.68021759420508,4.935653896789422,7.593336541184583,-2.853134997022959,-7.578690416885104e-14
149.3904909452934,-45.68183382647058,4.933630256281412,7.603176633650186,-2.8497100485484275,-1.2631150694808506e-14
149.4047827249871,-45.683453869365394,4.931614048114984,7.6129612285746076,-2.8462912408944523,-7.999728773378721e-14
149.41907291812777,-45.68507771161657,4.9296052646578925,7.62269042681046,-2.842878578307587,-4.631421921429786e-14
149.43336153311586,-45.68670534194774,4.92760389827789,7.632364329201107,-2.8394720649579153,-2.947268495455318e-14
149.44764857834062,-45.68833674907915,4.925609941342729,7.641983036580651,-2.8360717049391075,-4.210383564936169e-14
149.46193406218046,-45.689971921727654,4.92362338622016,7.65154664977392,-2.8326775022684743,-2.5262301389617013e-14
149.4762179930023,-45.69161084860678,4.921644225277936,7.6610552695964,-2.8292894608870904,-6.73661370389787e-14
149.49050037916223,-45.6932535184266,4.919672450883812,7.670508996854274,-2.8259075846598303,-4.210383564936169e-14
149.504781229005,-45.69489991989389,4.917708055405539,7.679907932344358,-2.8225318773754595,-3.789345208442552e-14
149.51906055086437,-45.69655004171203,4.91575103121087,7.689252176854078,-2.8191623427467016,-5.894536990910637e-14
149.5333383530629,-45.69820387258102,4.913801370667556,7.698541831161474,-2.8157989844103195,-8.841805486365955e-14
149.54761464391225,-45.69986140119756,4.911859066143349,7.707776996035156,-2.812441805927162,-6.73661370389787e-14
149.5618894317128,-45.70152261625494,4.9099241100060045,7.716957772234277,-2.809090810782278,-3.368306851948935e-14
149.57616272475383,-45.703187506443136,4.907996494623273,7.726084260508526,-2.8057460023849687,-6.315575347404254e-14
149.59043453131358,-45.704856060448776,4.906076212362907,7.735156561598093,-2.8024073840688457,-2.947268495455318e-14
149.60470485965917,-45.70652826695513,4.904163255592661,7.744174776233656,-2.7990749590919335,-7.157652060391487e-14
149.61897371804653,-45.70820411464213,4.902257616680285,7.753139005136349,-2.795748730636719,-4.631421921429786e-14
149.63324111472082,-45.709883592186436,4.900359287993531,7.7620493490177465,-2.7924287018102163,-5.4734986344170195e-14
149.64750705791582,-45.71156668826131,4.898468261900154,7.770905908579836,-2.789114875644066,-5.4734986344170195e-14
149.66177155585424,-45.71325339153671,4.896584530767906,7.7797087845149875,-2.7858072550945887,-5.0524602779234026e-14
149.67603461674787,-45.7149436906793,4.894708086964539,7.788458077505944,-2.7825058430428524,-4.631421921429786e-14
149.6902962487973,-45.71663757435239,4.892838922857805,7.797153888225809,-2.779210642294756,-7.578690416885104e-14
149.70455646019198,-45.718335031216014,4.890977030815455,7.805796317337979,-2.7759216555810884,-2.1051917824680846e-14
149.7188152591106,-45.72003604992689,4.889122403205246,7.814385465496176,-2.7726388855575888,-2.5262301389617013e-14
149.73307265372043,-45.72174061913844,4.887275032394925,7.822921433344382,-2.769362334805048,-3.789345208442552e-14
149.74732865217786,-45.72344872750074,4.885434910752251,7.831404321516832,-2.766092005829346,-6.73661370389787e-14
149.7615832626282,-45.725160363660635,4.883602030644969,7.839834230638006,-2.7628279010615375,-5.4734986344170195e-14
149.77583649320562,-45.72687551626165,4.881776384440836,7.848211261322581,-2.75957002285792,-5.4734986344170195e-14
149.7900883520332,-45.728594173944,4.879957964507604,7.856535514175409,-2.7563183735001004,-6.73661370389787e-14
149.80433884722325,-45.73031632534471,4.878146763213026,7.864807089791524,-2.7530729551950373,-3.368306851948935e-14
149.81858798687674,-45.7320419590974,4.876342772924854,7.873026088756091,-2.7498337700751634,-3.368306851948935e-14
149.83283577908364,-45.733771063832506,4.8745459860108395,7.881192611644383,-2.7466008201984082,-4.631421921429786e-14
149.84708223192294,-45.735503628177156,4.872756394838736,7.889306759021774,-2.7433741075482816,-2.947268495455318e-14
149.86132735346254,-45.73723964075522,4.870973991776295,7.897368631443701,-2.740153634033937,-4.631421921429786e-14
149.87557115175923,-45.7389790901873,4.869198769191271,7.905378329455653,-2.7369394014902504,-1.2631150694808506e-14
149.88981363485897,-45.740721965090785,4.867430719451414,7.913335953593148,-2.7337314116778533,-3.789345208442552e-14
149.9040548107965,-45.74246825407973,4.865669834924478,7.921241604381698,-2.7305296662832417,-6.73661370389787e-14
149.9182946875956,-45.74421794576501,4.8639161079782145,7.929095382336795,-2.727334166918813,-5.0524602779234026e-14
149.9325332732689,-45.74597102875422,4.862169530980378,7.936897387963884,-2.724144915122946,-3.368306851948935e-14
149.94677057581808,-45.74772749165172,4.860430096298719,7.944647721758339,-2.72096191236006,-6.73661370389787e-14
149.9610066032338,-45.74948732305862,4.858697796300991,7.9523464842054565,-2.717785160020681,-2.1051917824680846e-14
149.9752413634958,-45.751250511572835,4.856972623354946,7.959993775780416,-2.714614659421498,-5.894536990910637e-14
149.98947486457257,-45.753017045789015,4.855254569828337,7.967589696948248,-2.7114504118054397,-7.157652060391487e-14
150.00370711442167,-45.75478691429859,4.853543628088914,7.97513434816384,-2.7082924183417427,-5.0524602779234026e-14
150.01793812098973,-45.756560105689786,4.851839790504434,7.982627829871882,-2.7051406801259983,-5.4734986344170195e-14
150.0321678922122,-45.75833660854757,4.8501430494426465,7.990070242506867,-2.701995198180231,-6.315575347404254e-14
150.0463964360135,-45.76011641145373,4.848453397271304,7.997461686493066,-2.6988559734529582,-4.210383564936169e-15
150.06062376030732,-45.76189950298687,4.84677082635816,8.004802262244487,-2.6957230068192395,-6.73661370389787e-14
150.07484987299605,-45.76368587172233,4.8450953290709675,8.012092070164872,-2.6925962990807584,-4.631421921429786e-14
150.0890747819711,-45.76547550623227,4.843426897777476,8.01933121064766,-2.689475850965886,-9.683882199353189e-14
150.103298495113,-45.76726839508567,4.841765524845441,8.026519784075974,-2.686361663129722,-6.73661370389787e-14
150.11752102029112,-45.7690645268483,4.840111202642613,8.0336578908226,-2.683253736154181,-5.4734986344170195e-14
150.13174236536383,-45.770863890082715,4.8384639235367475,8.040745631249932,-2.6801520705480435,-2.1051917824680846e-14
150.14596253817874,-45.77266647334835,4.836823679895596,8.04778310571002,-2.677056666747003,-2.947268495455318e-14
150.16018154657212,-45.7744722652014,4.835190464086907,8.054770414544459,-2.673967525113757,-7.999728773378721e-14
150.17439939836945,-45.776281254194906,4.833564268478437,8.061707658084439,-2.6708846459380444,-3.368306851948935e-14
150.1886161013851,-45.77809342887873,4.831945085437938,8.068594936650669,-2.6678080294367224,-3.789345208442552e-14
150.20283166342244,-45.77990877779956,4.830332907333161,8.075432350553395,-2.6647376757538135,-5.4734986344170195e-14
150.2170460922739,-45.78172728950091,4.82872772653186,8.082220000092352,-2.661673584960579,-3.368306851948935e-14
150.231259395721,-45.78354895252316,4.827129535401787,8.088957985556753,-2.6586157570555535,-3.789345208442552e-14
150.24547158153402,-45.78537375540352,4.825538326310694,8.095646407225255,-2.6555641919646398,-7.157652060391487e-14
150.25968265747244,-45.78720168667603,4.8239540916263355,8.102285365365939,-2.652518889541143,-5.4734986344170195e-14
150.27389263128464,-45.78903273487158,4.822376823716461,8.108874960236305,-2.649479849565846,-7.999728773378721e-14
150.28810151070812,-45.79086688851794,4.820806514948825,8.11541529208322,-2.6464470717470467,-4.631421921429786e-14
150.30230930346914,-45.7927041361397,4.819243157691179,8.12190646114291,-2.6434205557206534,-5.894536990910637e-14
150.3165160172834,-45.79454446625835,4.817686744311277,8.128348567640952,-2.6404003010501826,-3.789345208442552e-14
150.3307216598552,-45.79638786739222,4.8161372671768685,8.134741711792218,-2.6373863072268904,-2.947268495455318e-14
150.34492623887803,-45.7982343280565,4.81459471865571,8.141085993800871,-2.6343785736697747,-2.1051917824680846e-14
150.35912976203437,-45.80008383676331,4.813059091115549,8.147381513860353,-2.631377099725664,-5.894536990910637e-14
150.37333223699574,-45.80193638202155,4.811530376924144,8.153628372153333,-2.628381884669251,-5.894536990910637e-14
150.38753367142252,-45.803791952337065,4.810008568449242,8.15982666885171,-2.6253929277031816,-5.0524602779234026e-14
150.40173407296444,-45.80565053621261,4.808493658058599,8.165976504116571,-2.62241022795806,-3.368306851948935e-14
150.4159334492599,-45.807512122147756,4.806985638119967,8.17207797809819,-2.6194337844925677,-3.368306851948935e-14
150.43013180793653,-45.809376698639014,4.805484501001097,8.178131190935979,-2.6164635962934786,-7.157652060391487e-14
150.44432915661088,-45.811244254179776,4.803990239069742,8.184136242758484,-2.613499662275721,-3.789345208442552e-14
150.4585255028885,-45.813114777260346,4.802502844693656,8.190093233683356,-2.6105419812824504,-8.420767129872338e-15
150.47272085436393,-45.8149882563679,4.80102231024059,8.196002263817316,-2.6075905520850924,-4.210383564936169e-14
150.486915218621,-45.81686467998655,4.799548628078295,8.201863433256168,-2.604645373383378,-6.73661370389787e-14
150.50110860323224,-45.81874403659734,4.798081790574527,8.207676842084727,-2.6017064438054422,-7.157652060391487e-14
150.51530101575938,-45.82062631467816,4.796621790097036,8.213442590376824,-2.598773761907845,-7.157652060391487e-14
150.5294924637531,-45.82251150270389,4.795168619013577,8.219160778195285,-2.595847326175643,-7.157652060391487e-14
150.54368295475308,-45.824399589146296,4.7937222696919,8.224831505591904,-2.5929271350224377,-5.894536990910637e-14
150.55787249628804,-45.82629056247405,4.792282734499757,8.230454872607412,-2.5900131867904324,-3.789345208442552e-14
150.57206109587585,-45.828184411152826,4.790850005804902,8.236030979271455,-2.5871054797504662,-5.894536990910637e-14
150.58624876102326,-45.83008112364517,4.789424075975088,8.241559925602584,-2.5842040121021,-5.0524602779234026e-14
150.60043549922605,-45.831980688410574,4.788004937378067,8.247041811608215,-2.581308781973654,-3.789345208442552e-14
150.6146213179691,-45.83388309390549,4.78659258238159,8.252476737284624,-2.57841978742226,-4.631421921429786e-14
150.62880622472628,-45.83578832858331,4.785187003353411,8.2578648026169,-2.5755370264339126,-5.894536990910637e-14
150.64299022696036,-45.83769638089434,4.783788192661282,8.263206107578945,-2.5726604969235343,-7.578690416885104e-14
150.65717333212348,-45.83960723928593,4.782396142672957,8.268500752133432,-2.569790196734992,-6.73661370389787e-14
150.67135554765645,-45.84152089220228,4.781010845756187,8.273748836231803,-2.566926123641205,-9.262843842859572e-14
150.6855368809893,-45.84343732808463,4.7796322942787235,8.27895045981423,-2.5640682753441526,-8.420767129872338e-14
150.699717339541,-45.84535653537114,4.7782604806083215,8.284105722809572,-2.5612166494749395,-1.6841534259744676e-14
150.71389693071956,-45.84727850249694,4.77689539711273,8.28921472513541,-2.558371243593859,-2.947268495455318e-14
150.72807566192196,-45.84920321789414,4.775537036159706,8.294277566697966,-2.5555320551904317,-5.894536990910637e-14
150.74225354053448,-45.85113066999187,4.774185390117,8.29929434739211,-2.5526990816834294,-8.420767129872338e-14
150.75643057393214,-45.85306084721616,4.772840451352363,8.304265167101327,-2.5498723204209854,-4.631421921429786e-14
150.77060676947903,-45.854993737990085,4.771502212233547,8.309190125697693,-2.5470517686806042,-2.947268495455318e-14
150.78478213452837,-45.856929330733664,4.770170665128307,8.314069323041856,-2.544237423669222,-7.578690416885104e-14
150.79895667642234,-45.85886761386395,4.768845802404396,8.318902858983012,-2.541429282523249,-8.420767129872338e-14
150.81313040249208,-45.86080857579494,4.767527616429563,8.323690833358874,-2.5386273423086374,-2.5262301389617013e-14
150.827303320058,-45.86275220493768,4.766216099571565,8.328433345995663,-2.535831600020898,-5.4734986344170195e-14
150.84147543642928,-45.864698489700174,4.76491124419815,8.333130496708078,-2.5330420525851896,-8.841805486365955e-14
150.85564675890427,-45.86664741848748,4.763613042677074,8.337782385299251,-2.530258696856336,-3.368306851948935e-14
150.86981729477026,-45.868598979701616,4.762321487376088,8.34238911156077,-2.5274815296189006,-3.368306851948935e-14
150.88398705130362,-45.870553161741654,4.761036570662943,8.346950775272608,-2.5247105475872105,-5.4734986344170195e-14
150.89815603576966,-45.87250995300362,4.759758284905395,8.351467476203133,-2.5219457474054225,-1.6841534259744676e-14
