galstreams/tracks/track.st.Hyllus.grillmair2014.ecsv
# %ECSV 0.9
# ---
# datatype:
# - {name: ra, unit: deg, datatype: float64}
# - {name: dec, unit: deg, datatype: float64}
# - {name: distance, unit: kpc, datatype: float64}
# - {name: pm_ra_cosdec, unit: mas / yr, datatype: float64}
# - {name: pm_dec, unit: mas / yr, datatype: float64}
# - {name: radial_velocity, unit: km / s, datatype: float64}
# delimiter: ','
# meta: !!omap
# - __serialized_columns__:
#     dec:
#       __class__: astropy.coordinates.angles.Latitude
#       unit: &id001 !astropy.units.Unit {unit: deg}
#       value: !astropy.table.SerializedColumn {name: dec}
#     distance:
#       __class__: astropy.coordinates.distances.Distance
#       unit: !astropy.units.Unit {unit: kpc}
#       value: !astropy.table.SerializedColumn {name: distance}
#     pm_dec:
#       __class__: astropy.units.quantity.Quantity
#       unit: !astropy.units.Unit {unit: mas / yr}
#       value: !astropy.table.SerializedColumn {name: pm_dec}
#     pm_ra_cosdec:
#       __class__: astropy.units.quantity.Quantity
#       unit: !astropy.units.Unit {unit: mas / yr}
#       value: !astropy.table.SerializedColumn {name: pm_ra_cosdec}
#     ra:
#       __class__: astropy.coordinates.angles.Longitude
#       unit: *id001
#       value: !astropy.table.SerializedColumn {name: ra}
#       wrap_angle: !astropy.coordinates.Angle
#         unit: *id001
#         value: 360.0
#     radial_velocity:
#       __class__: astropy.units.quantity.Quantity
#       unit: !astropy.units.Unit {unit: km / s}
#       value: !astropy.table.SerializedColumn {name: radial_velocity}
# schema: astropy-2.0
ra,dec,distance,pm_ra_cosdec,pm_dec,radial_velocity
249.05813711432248,11.000736150918566,22.999599217631797,0.0,0.0,0.0
249.00718152452802,11.113115259345964,22.977629799407936,0.0,0.0,0.0
248.9566412744504,11.225527099403593,22.955653756870262,0.0,0.0,0.0
248.90651574506796,11.33797154384327,22.933671091660425,0.0,0.0,0.0
248.85680432595106,11.45044847137975,22.911681805420063,0.0,0.0,0.0
248.8075064152659,11.562957766588752,22.889685899790802,0.0,0.0,0.0
248.7586214197795,11.67549931980473,22.867683376414288,0.0,0.0,0.0
248.71014875486392,11.788073027019928,22.845674236932144,0.0,0.0,0.0
248.662087844502,11.900678789783093,22.82365848298602,0.0,0.0,0.0
248.6144381212921,12.013316515099577,22.80163611621753,0.0,0.0,0.0
248.56719902645432,12.12598611533107,22.779607138268332,0.0,0.0,0.0
248.52037000983626,12.238687508096355,22.757571550780053,0.0,0.0,0.0
248.4739505299193,12.351420616172605,22.735529355394327,0.0,0.0,0.0
248.4279400538255,12.464185367396558,22.713480553752785,0.0,0.0,0.0
248.38233805732443,12.576981694567019,22.69142514749707,0.0,0.0,0.0
248.33714402484082,12.689809535346907,22.669363138268814,0.0,0.0,0.0
248.29235744946195,12.802668832166699,22.64729452770965,0.0,0.0,0.0
248.24797783294594,12.915559532127462,22.62521931746122,0.0,0.0,0.0
248.20400468573044,13.028481586905166,22.603137509165155,0.0,0.0,0.0
248.16043752694117,13.14143495265469,22.581049104463087,0.0,0.0,0.0
248.1172758844015,13.254419589914773,22.558954104996655,0.0,0.0,0.0
248.074519294642,13.367435463513473,22.536852512407496,0.0,0.0,0.0
248.03216730291035,13.480482542473483,22.514744328337244,0.0,0.0,0.0
247.99021946318246,13.593560799918718,22.49262955442753,0.0,0.0,0.0
247.94867533817273,13.706670212980445,22.470508192319993,0.0,0.0,0.0
247.9075344993458,13.819810762704755,22.448380243656274,0.0,0.0,0.0
247.8667965269284,13.932982433959577,22.426245710078,0.0,0.0,0.0
247.82646100992153,14.04618521534298,22.40410459322681,0.0,0.0,0.0
247.78652754611315,14.15941909909106,22.38195689474433,0.0,0.0,0.0
247.74699574209146,14.272684080986856,22.35980261627221,0.0,0.0,0.0
247.7078652132587,14.385980160269604,22.337641759452083,0.0,0.0,0.0
247.66913558384508,14.499307339543897,22.315474325925578,0.0,0.0,0.0
247.6308064869235,14.612665624690052,22.293300317334335,0.0,0.0,0.0
247.59287756442467,14.726055024774023,22.271119735319985,0.0,0.0,0.0
247.5553484671529,14.839475551958545,22.24893258152416,0.0,0.0,0.0
247.51821885480206,14.95292722141386,22.226738857588504,0.0,0.0,0.0
247.4814883959723,15.066410051229632,22.20453856515465,0.0,0.0,0.0
247.44515676818727,15.179924062326496,22.182331705864236,0.0,0.0,0.0
247.40922365791178,15.29346927836849,22.16011828135888,0.0,0.0,0.0
247.37368876057002,15.407045725675868,22.137898293280244,0.0,0.0,0.0
247.33855178056447,15.520653433137772,22.11567174326995,0.0,0.0,0.0
247.3038124312951,15.634292432126049,22.093438632969626,0.0,0.0,0.0
247.2694704351793,15.747962756408562,22.071198964020923,0.0,0.0,0.0
247.2355255236723,15.861664442063809,22.048952738065456,0.0,0.0,0.0
247.20197743728826,15.975397527394886,22.026699956744885,0.0,0.0,0.0
247.16882592562183,16.089162052844827,22.00444062170083,0.0,0.0,0.0
247.13607074737018,16.202958060911342,21.982174734574926,0.0,0.0,0.0
247.10371167035592,16.31678559606256,21.959902297008814,0.0,0.0,0.0
247.0717484715505,16.430644704652988,21.93762331064412,0.0,0.0,0.0
247.04018093709797,16.544535434839403,21.915337777122502,0.0,0.0,0.0
247.00900886233953,16.658457836497742,21.893045698085565,0.0,0.0,0.0
246.97823205183875,16.772411961139543,21.87074707517496,0.0,0.0,0.0
246.94785031940748,16.886397861829597,21.848441910032328,0.0,0.0,0.0
246.91786348813207,17.000415593102932,21.826130204299293,0.0,0.0,0.0
246.88827139040032,17.114465210883125,21.803811959617498,0.0,0.0,0.0
246.8590738679294,17.22854677239999,21.78148717762857,0.0,0.0,0.0
246.83027077179386,17.34266033610816,21.759155859974147,0.0,0.0,0.0
246.8018619624549,17.456805961606015,21.736818008295874,0.0,0.0,0.0
246.77384730978963,17.570983709554252,21.714473624235374,0.0,0.0,0.0
246.74622669312149,17.6851936415957,21.69212270943429,0.0,0.0,0.0
246.7190000012512,17.7994358202744,21.66976526553426,0.0,0.0,0.0
246.6921671324883,17.91371030895599,21.64740129417691,0.0,0.0,0.0
246.6657279946834,18.028017171747376,21.625030797003873,0.0,0.0,0.0
246.63968250526113,18.142356473417614,21.602653775656794,0.0,0.0,0.0
246.6140305912538,18.2567282793182,21.58027023177731,0.0,0.0,0.0
246.58877218933563,18.371132655304248,21.557880167007045,0.0,0.0,0.0
246.56390724585793,18.485569667655827,21.53548358298765,0.0,0.0,0.0
246.53943571688467,18.600039382999068,21.513080481360745,0.0,0.0,0.0
246.515357568229,18.71454186822832,21.49067086376797,0.0,0.0,0.0
246.49167277549034,18.829077190427732,21.468254731850955,0.0,0.0,0.0
246.46838132409238,18.94364541679382,21.445832087251354,0.0,0.0,0.0
246.44548320932142,19.058246614557543,21.423402931610784,0.0,0.0,0.0
246.42297843636607,19.172880850907422,21.400967266570888,0.0,0.0,0.0
246.40086702035697,19.287548192912023,21.378525093773302,0.0,0.0,0.0
246.3791489864077,19.402248707443306,21.356076414859654,0.0,0.0,0.0
246.35782436965658,19.516982461100092,21.33362123147159,0.0,0.0,0.0
246.33689321530855,19.63174952013126,21.311159545250735,0.0,0.0,0.0
246.31635557867853,19.746549950359984,21.28869135783873,0.0,0.0,0.0
246.29621152523538,19.861383817107196,21.266216670877217,0.0,0.0,0.0
246.27646113064617,19.976251185116276,21.243735486007814,0.0,0.0,0.0
246.25710448082177,20.09115211847692,21.22124780487217,0.0,0.0,0.0
246.23814167196298,20.20608668055016,21.198753629111913,0.0,0.0,0.0
246.21957281060756,20.3210549338927,21.176252960368693,0.0,0.0,0.0
246.2013980136779,20.436056940182016,21.15374580028412,0.0,0.0,0.0
246.1836174085295,20.551092760141564,21.131232150499848,0.0,0.0,0.0
246.1662311330006,20.66616245346571,21.108712012657517,0.0,0.0,0.0
246.14923933546208,20.781266078745546,21.086185388398743,0.0,0.0,0.0
246.1326421748685,20.896403693394028,21.063652279365172,0.0,0.0,0.0
246.11643982081003,21.01157535357219,21.041112687198446,0.0,0.0,0.0
246.10063245356503,21.126781114114497,21.018566613540184,0.0,0.0,0.0
246.0852202641534,21.2420210284554,20.996014060032035,0.0,0.0,0.0
246.0702034543911,21.35729514855503,20.973455028315627,0.0,0.0,0.0
246.05558223694513,21.47260352482569,20.950889520032604,0.0,0.0,0.0
246.0413568353895,21.58794620605844,20.928317536824586,0.0,0.0,0.0
246.02752748426244,21.70332323934922,20.905739080333227,0.0,0.0,0.0
246.01409442912367,21.818734670025954,20.883154152200145,0.0,0.0,0.0
246.00105792661313,21.93418054157488,20.86056275406699,0.0,0.0,0.0
245.98841824451068,22.049660895567857,20.837964887575385,0.0,0.0,0.0
245.97617566179628,22.165175771588864,20.815360554366972,0.0,0.0,0.0
245.9643304687109,22.28072520716154,20.79274975608339,0.0,0.0,0.0
245.95288296681917,22.39630923767589,20.770132494366262,0.0,0.0,0.0
245.94183346907224,22.511927896315818,20.74750877085724,0.0,0.0,0.0
245.93118229987127,22.627581213986332,20.72487858719794,0.0,0.0,0.0
245.92092979513288,22.743269219240897,20.702241945030014,0.0,0.0,0.0
245.91107630235447,22.858991938208906,20.679598845995088,0.0,0.0,0.0
245.90162218068096,22.9747493945232,20.6569492917348,0.0,0.0,0.0
245.89256780097244,23.090541609247605,20.634293283890788,0.0,0.0,0.0
245.8839135458726,23.20636860080452,20.611630824104687,0.0,0.0,0.0
245.87565980987821,23.322230384902632,20.588961914018125,0.0,0.0,0.0
245.86780699940945,23.438126974464485,20.56628655527275,0.0,0.0,0.0
245.8603555328814,23.55405837955433,20.543604749510187,0.0,0.0,0.0
245.8533058407761,23.670024607305756,20.520916498372063,0.0,0.0,0.0
245.84665836571588,23.786025661849475,20.49822180350004,0.0,0.0,0.0
245.8404135625377,23.90206154424113,20.47552066653573,0.0,0.0,0.0
245.83457189836804,24.018132252388998,20.452813089120777,0.0,0.0,0.0
245.82913385269947,24.134237780981834,20.430099072896816,0.0,0.0,0.0
245.8240999174674,24.250378121416578,20.407378619505483,0.0,0.0,0.0
245.8194705971283,24.366553261726132,20.38465173058841,0.0,0.0,0.0
245.815246408739,24.482763186507093,20.361918407787233,0.0,0.0,0.0
245.81142788203655,24.599007876847462,20.33917865274359,0.0,0.0,0.0
245.80801555951965,24.71528731025431,20.316432467099116,0.0,0.0,0.0
245.8050099965304,24.83160146058139,20.293679852495444,0.0,0.0,0.0
245.80241176133774,24.94795029795675,20.270920810574214,0.0,0.0,0.0
245.80022143522163,25.06433378871032,20.248155342977054,0.0,0.0,0.0
245.79843961255798,25.180751895301263,20.225383451345607,0.0,0.0,0.0
245.79706690090512,25.29720457624549,20.202605137321495,0.0,0.0,0.0
245.79610392109115,25.413691786042957,20.17982040254637,0.0,0.0,0.0
245.79555130730185,25.53021347510493,20.15702924866186,0.0,0.0,0.0
245.79540970717065,25.646769589681156,20.134231677309607,0.0,0.0,0.0
245.7956797818684,25.76336007178695,20.11142769013123,0.0,0.0,0.0
245.7963622061954,25.879984859130126,20.088617288768386,0.0,0.0,0.0
245.79745766867373,25.996643885037937,20.065800474862687,0.0,0.0,0.0
245.79896687164074,26.113337078383807,20.04297725005578,0.0,0.0,0.0
245.80089053134407,26.230064363513893,20.02014761598931,0.0,0.0,0.0
245.80322937803712,26.346825660173685,19.997311574304895,0.0,0.0,0.0
245.80598415607625,26.46362088343431,19.974469126644184,0.0,0.0,0.0
245.8091556240185,26.580449943618802,19.951620274648793,0.0,0.0,0.0
245.81274455472078,26.697312746228093,19.92876501996038,0.0,0.0,0.0
245.81675173544,26.814209191867008,19.905903364220574,0.0,0.0,0.0
245.8211779679344,26.931139176169943,19.883035309071005,0.0,0.0,0.0
245.8260240685661,27.048102589726483,19.860160856153307,0.0,0.0,0.0
245.8312908684043,27.16509931800675,19.83728000710912,0.0,0.0,0.0
245.8369792133302,27.282129241286597,19.814392763580077,0.0,0.0,0.0
245.84308996414276,27.399192234572645,19.791499127207814,0.0,0.0,0.0
245.8496239966655,27.516288167527012,19.768599099633974,0.0,0.0,0.0
245.85658220185474,27.633416904391957,19.745692682500177,0.0,0.0,0.0
245.86396548590872,27.750578303914168,19.722779877448072,0.0,0.0,0.0
245.8717747703779,27.86777221926891,19.69986068611929,0.0,0.0,0.0
245.88001099227662,27.984998497983963,19.676935110155455,0.0,0.0,0.0
245.88867510419578,28.102256981863135,19.65400315119822,0.0,0.0,0.0
245.89776807441658,28.21954750690977,19.631064810889214,0.0,0.0,0.0
245.9072908870255,28.336869903249784,19.608120090870067,0.0,0.0,0.0
245.9172445420308,28.45422399505454,19.58516899278242,0.0,0.0,0.0
245.9276300554795,28.571609600463418,19.562211518267905,0.0,0.0,0.0
245.93844845957614,28.68902653150604,19.53924766896816,0.0,0.0,0.0
245.9497008028026,28.806474594024333,19.51627744652482,0.0,0.0,0.0
245.96138815003883,28.92395358759407,19.49330085257952,0.0,0.0,0.0
245.9735115826851,29.04146330544634,19.47031788877389,0.0,0.0,0.0
245.98607219878522,29.15900353438847,19.44732855674958,0.0,0.0,0.0
245.99907111315125,29.276574054724847,19.42433285814821,0.0,0.0,0.0
246.012509457489,29.394174640177106,19.401330794611418,0.0,0.0,0.0
246.02638838052522,29.511805057804178,19.37832236778085,0.0,0.0,0.0
246.04070904813537,29.629465067922002,19.355307579298128,0.0,0.0,0.0
246.0554726434734,29.747154424022657,19.332286430804892,0.0,0.0,0.0
246.0706803671021,29.864872872693304,19.309258923942778,0.0,0.0,0.0
246.08633343712484,29.982620153534665,19.286225060353424,0.0,0.0,0.0
246.1024330893187,30.100395999079083,19.26318484167846,0.0,0.0,0.0
246.11898057726867,30.218200134708212,19.24013826955953,0.0,0.0,0.0
246.13597717250317,30.336032278570254,19.21708534563826,0.0,0.0,0.0
246.15342416463045,30.453892141496798,19.194026071556287,0.0,0.0,0.0
246.171322861477,30.571779426919168,19.170960448955253,0.0,0.0,0.0
246.1896745892262,30.689693830784382,19.147888479476787,0.0,0.0,0.0
246.20848069255885,30.8076350414706,19.124810164762525,0.0,0.0,0.0
246.22774253479508,30.925602739702136,19.1017255064541,0.0,0.0,0.0
246.2474614980366,31.043596598463935,19.07863450619315,0.0,0.0,0.0
246.26763898331114,31.161616282915656,19.055537165621313,0.0,0.0,0.0
246.2882764107178,31.279661450305127,19.032433486380228,0.0,0.0,0.0
246.30937521957318,31.397731749881416,19.009323470111514,0.0,0.0,0.0
246.33093686855938,31.515826822807227,18.98620711845683,0.0,0.0,0.0
246.35296283587314,31.63394630207094,18.963084433057787,0.0,0.0,0.0
246.37545461937555,31.75208981239793,18.93995541555603,0.0,0.0,0.0
246.39841373674383,31.870256970161467,18.916820067593203,0.0,0.0,0.0
246.42184172562386,31.988447383292957,18.893678390810926,0.0,0.0,0.0
246.44574014378406,32.10666065119165,18.87053038685085,0.0,0.0,0.0
246.47011056927036,32.22489636463374,18.8473760573546,0.0,0.0,0.0
246.49495460056238,32.3431541056809,18.824215403963816,0.0,0.0,0.0
246.52027385673134,32.461433447588085,18.80104842832013,0.0,0.0,0.0
246.54606997759817,32.57973395471088,18.77787513206518,0.0,0.0,0.0
246.57234462389377,32.69805518241211,18.754695516840595,0.0,0.0,0.0
246.59909947741994,32.816396676967784,18.731509584288023,0.0,0.0,0.0
246.62633624121153,32.93475797547242,18.708317336049085,0.0,0.0,0.0
246.65405663970006,33.05313860574375,18.685118773765424,0.0,0.0,0.0
246.68226241887825,33.17153808622657,18.661913899078673,0.0,0.0,0.0
246.71095534646557,33.28995592589611,18.638702713630472,0.0,0.0,0.0
246.74013721207538,33.408391624160544,18.61548521906245,0.0,0.0,0.0
246.76980982738303,33.52684467076279,18.592261417016246,0.0,0.0,0.0
246.79997502629467,33.645314545681686,18.569031309133496,0.0,0.0,0.0
246.83063466511808,33.76380071903228,18.545794897055835,0.0,0.0,0.0
246.8617906227336,33.88230265096545,18.522552182424896,0.0,0.0,0.0
246.89344480076693,34.00081979156672,18.499303166882314,0.0,0.0,0.0
