galstreams/tracks/track.st.GD-1.ibata2021.ecsv
# %ECSV 0.9
# ---
# datatype:
# - {name: ra, unit: deg, datatype: float64}
# - {name: dec, unit: deg, datatype: float64}
# - {name: distance, unit: kpc, datatype: float64}
# - {name: pm_ra_cosdec, unit: mas / yr, datatype: float64}
# - {name: pm_dec, unit: mas / yr, datatype: float64}
# - {name: radial_velocity, unit: km / s, datatype: float64}
# delimiter: ','
# meta: !!omap
# - __serialized_columns__:
#     dec:
#       __class__: astropy.coordinates.angles.Latitude
#       unit: &id001 !astropy.units.Unit {unit: deg}
#       value: !astropy.table.SerializedColumn {name: dec}
#     distance:
#       __class__: astropy.coordinates.distances.Distance
#       unit: !astropy.units.Unit {unit: kpc}
#       value: !astropy.table.SerializedColumn {name: distance}
#     pm_dec:
#       __class__: astropy.units.quantity.Quantity
#       unit: !astropy.units.Unit {unit: mas / yr}
#       value: !astropy.table.SerializedColumn {name: pm_dec}
#     pm_ra_cosdec:
#       __class__: astropy.units.quantity.Quantity
#       unit: !astropy.units.Unit {unit: mas / yr}
#       value: !astropy.table.SerializedColumn {name: pm_ra_cosdec}
#     ra:
#       __class__: astropy.coordinates.angles.Longitude
#       unit: *id001
#       value: !astropy.table.SerializedColumn {name: ra}
#       wrap_angle: !astropy.coordinates.Angle
#         unit: *id001
#         value: 360.0
#     radial_velocity:
#       __class__: astropy.units.quantity.Quantity
#       unit: !astropy.units.Unit {unit: km / s}
#       value: !astropy.table.SerializedColumn {name: radial_velocity}
# schema: astropy-2.0
ra,dec,distance,pm_ra_cosdec,pm_dec,radial_velocity
[from data line 4895]
146.64700230115173,33.74533455767971,7.613623556782778,-5.121078165991753,-12.747410373968703,-6.73661370389787e-14
146.65400558525627,33.75348832596476,7.613635211296109,-5.122038383770346,-12.746790550663444,-3.368306851948935e-14
146.66101044623213,33.761641551746685,7.613647073410921,-5.122998679628358,-12.746170033825608,-3.368306851948935e-14
146.6680168846947,33.769794234797395,7.613659143170424,-5.123959053546895,-12.745548823429449,0.0
146.6750249012598,33.77794637488865,7.613671420617825,-5.124919505507014,-12.744926919449197,0.0
146.68203449654334,33.78609797179211,7.613683905796323,-5.125880035489704,-12.744304321859058,-3.368306851948935e-14
146.68904567116155,33.794249025279264,7.613696598749129,-5.126840643475893,-12.743681030633203,6.73661370389787e-14
146.6960584257308,33.8023995351215,7.61370949951945,-5.1278013294464415,-12.743057045745783,0.0
146.7030727608678,33.810549501090165,7.613722608150491,-5.128762093382162,-12.7424323671709,0.0
146.71008867718936,33.81869892295638,7.61373592468546,-5.1297229352637785,-12.741806994882644,0.0
146.71710617531258,33.82684780049114,7.613749449167558,-5.130683855071978,-12.741180928855083,-3.368306851948935e-14
146.72412525585477,33.83499613346537,7.613763181639997,-5.131644852787366,-12.74055416906224,-6.73661370389787e-14
146.7311459194335,33.84314392164982,7.6137771221459785,-5.132605928390495,-12.739926715478116,0.0
146.7381681666665,33.851291164815166,7.613791270728712,-5.133567081861851,-12.73929856807669,-3.368306851948935e-14
146.74519199817178,33.859437862731866,7.613805627431401,-5.134528313181853,-12.738669726831905,0.0
146.75221741456758,33.86758401517042,7.613820192297257,-5.135489622330869,-12.738040191717664,0.0
146.75924441647237,33.87572962190107,7.613834965369479,-5.136451009289189,-12.737409962707865,-3.368306851948935e-14
146.76627300450482,33.88387468269396,7.613849946691279,-5.137412474037046,-12.736779039776359,-6.73661370389787e-14
146.7733031792838,33.892019197319094,7.613865136305858,-5.138374016554614,-12.736147422896995,-3.368306851948935e-14
146.7803349414285,33.9001631655464,7.613880534256426,-5.139335636821996,-12.735515112043547,-1.6841534259744677e-13
146.78736829155818,33.90830658714563,7.6138961405861885,-5.140297334819231,-12.734882107189804,0.0
146.7944032302925,33.91644946188646,7.613911955338352,-5.141259110526302,-12.734248408309504,-6.73661370389787e-14
146.8014397582512,33.92459178953834,7.61392797855612,-5.142220963923119,-12.733614015376375,-3.368306851948935e-14
146.8084778760544,33.93273356987078,7.613944210282702,-5.143182894989538,-12.732978928364084,-1.0104920555846805e-13
146.81551758432235,33.940874802652985,7.613960650561303,-5.144144903705347,-12.732343147246297,3.368306851948935e-14
146.8225588836755,33.94901548765414,7.6139772994351285,-5.145106990050266,-12.731706671996653,0.0
146.8296017747346,33.95715562464323,7.613994156947386,-5.14606915400396,-12.731069502588735,3.368306851948935e-14
146.8366462581206,33.96529521338917,7.61401122314128,-5.147031395546019,-12.730431638996134,0.0
146.84369233445463,33.973434253660685,7.6140284980600175,-5.1479937146559775,-12.72979308119239,-6.73661370389787e-14
146.85074000435813,33.98157274522651,7.614045981746805,-5.1489561113133,-12.729153829151006,0.0
146.8577892684527,33.9897106878551,7.614063674244847,-5.149918585497399,-12.728513882845485,0.0
146.86484012736025,33.99784808131487,7.614081575597353,-5.150881137187604,-12.72787324224927,0.0
146.87189258170278,34.00598492537407,7.614099685847528,-5.151843766363192,-12.727231907335803,0.0
146.87894663210267,34.01412121980086,7.614118005038575,-5.152806473003381,-12.726589878078478,-3.368306851948935e-14
146.8860022791824,34.02225696436324,7.614136533213703,-5.15376925708731,-12.725947154450676,-3.368306851948935e-14
146.89305952356477,34.0303921588291,7.614155270416119,-5.154732118594061,-12.72530373642573,-1.0104920555846805e-13
146.90011836587274,34.038526802966196,7.614174216689027,-5.155695057502652,-12.724659623976967,-6.73661370389787e-14
146.90717880672952,34.04666089654213,7.614193372075633,-5.156658073792035,-12.724014817077673,-6.73661370389787e-14
146.9142408467586,34.0547944393245,7.614212736619146,-5.157621167441102,-12.723369315701095,0.0
146.9213044865836,34.062927431080624,7.6142323103627705,-5.158584338428675,-12.722723119820479,6.73661370389787e-14
146.9283697268285,34.07105987157779,7.614252093349711,-5.159547586733515,-12.722076229409021,-3.368306851948935e-14
146.93543656811732,34.07919176058309,7.614272085623179,-5.160510912334313,-12.721428644439888,0.0
146.9425050110745,34.08732309786357,7.614292287226374,-5.161474315209701,-12.720780364886233,0.0
146.94957505632456,34.09545388318601,7.614312698202505,-5.162437795338233,-12.720131390721168,3.368306851948935e-14
146.95664670449239,34.10358411631729,7.614333318594779,-5.16340135269843,-12.719481721917784,3.368306851948935e-14
146.96371995620297,34.11171379702397,7.614354148446402,-5.164364987268705,-12.718831358449139,0.0
146.97079481208155,34.11984292507253,7.61437518780058,-5.165328699027437,-12.718180300288257,0.0
146.9778712727537,34.127971500229364,7.614396436700518,-5.166292487952936,-12.717528547408154,3.368306851948935e-14
146.98494933884507,34.1360995222607,7.614417895189424,-5.167256354023432,-12.716876099781796,6.73661370389787e-14
146.9920290109816,34.144226990932665,7.614439563310503,-5.1682202972171005,-12.716222957382133,0.0
146.99911028978954,34.152353906011214,7.614461441106962,-5.16918431751205,-12.715569120182076,0.0
147.0061931758952,34.16048026726219,7.614483528622006,-5.170148414886324,-12.714914588154523,-3.368306851948935e-14
147.01327766992526,34.16860607445139,7.614505825898841,-5.171112589317903,-12.714259361272326,6.73661370389787e-14
147.02036377250664,34.17673132734439,7.614528332980676,-5.1720768407846975,-12.713603439508315,0.0
147.02745148426635,34.18485602570667,7.614551049910712,-5.173041169264562,-12.712946822835308,-1.347322740779574e-13
147.0345408058317,34.19298016930356,7.614573976732161,-5.174005574735261,-12.712289511226064,-6.73661370389787e-14
147.04163173783033,34.201103757900285,7.614597113488227,-5.174970057174529,-12.711631504653337,-3.368306851948935e-14
147.04872428088993,34.20922679126195,7.614620460222114,-5.175934616560005,-12.710972803089847,0.0
147.05581843563849,34.21734926915346,7.614644016977029,-5.176899252869273,-12.71031340650829,3.368306851948935e-14
147.06291420270426,34.22547119133976,7.614667783796181,-5.17786396607985,-12.709653314881304,-3.368306851948935e-14
147.07001158271575,34.23359255758549,7.614691760722773,-5.178828756169194,-12.708992528181543,3.368306851948935e-14
147.07711057630158,34.241713367655265,7.614715947800013,-5.179793623114692,-12.708331046381613,0.0
147.0842111840907,34.249833621313506,7.614740345071107,-5.180758566893665,-12.707668869454075,0.0
147.09131340671226,34.257953318324546,7.614764952579261,-5.181723587483361,-12.707005997371493,-1.0104920555846805e-13
147.09841724479557,34.266072458452584,7.61478977036768,-5.1826886848609774,-12.706342430106377,3.368306851948935e-14
147.1055226989703,34.27419104146169,7.614814798479572,-5.183653859003631,-12.70567816763122,0.0
147.1126297698662,34.282309067115776,7.614840036958142,-5.184619109888369,-12.705013209918487,-3.368306851948935e-14
147.11973845811346,34.2904265351787,7.614865485846596,-5.1855844374922,-12.704347556940611,0.0
147.12684876434224,34.298543445414154,7.614891145188141,-5.186549841792038,-12.703681208670002,-1.0104920555846805e-13
147.13396068918308,34.30665979758564,7.614917015025983,-5.187515322764739,-12.703014165079033,-3.368306851948935e-14
147.14107423326678,34.314775591456616,7.614943095403327,-5.188480880387098,-12.702346426140059,0.0
147.14818939722426,34.322890826790356,7.6149693863633825,-5.189446514635834,-12.701677991825395,0.0
147.15530618168668,34.33100550335001,7.614995887949351,-5.190412225487602,-12.701008862107336,-3.368306851948935e-14
147.16242458728556,34.3391196208987,7.615022600204443,-5.191378012919002,-12.700339036958153,6.73661370389787e-14
147.1695446146525,34.34723317919929,7.615049523171861,-5.192343876906554,-12.699668516350076,-3.368306851948935e-14
147.17666626441942,34.35534617801454,7.615076656894813,-5.193309817426715,-12.698997300255316,-6.73661370389787e-14
147.18378953721844,34.36345861710713,7.615104001416507,-5.194275834455879,-12.69832538864605,-6.73661370389787e-14
147.19091443368185,34.37157049623956,7.615131556780145,-5.195241927970366,-12.69765278149443,-6.73661370389787e-14
147.19804095444226,34.379681815174244,7.615159323028939,-5.196208097946431,-12.696979478772583,-3.368306851948935e-14
147.20516910013248,34.38779257367343,7.615187300206087,-5.19717434436027,-12.696305480452605,3.368306851948935e-14
147.2122988713855,34.39590277149927,7.615215488354802,-5.198140667187998,-12.695630786506555,-3.368306851948935e-14
147.2194302688346,34.40401240841372,7.615243887518288,-5.199107066405672,-12.694955396906478,-3.368306851948935e-14
147.2265632931133,34.41212148417873,7.615272497739752,-5.200073541989288,-12.694279311624381,3.368306851948935e-14
147.2336979448553,34.420229998556024,7.615301319062398,-5.2010400939147665,-12.693602530632251,-6.73661370389787e-14
147.2408342246945,34.428337951307206,7.615330351529433,-5.202006722157953,-12.692925053902034,0.0
147.24797213326516,34.43644534219377,7.615359595184065,-5.202973426694643,-12.692246881405659,-1.0104920555846805e-13
147.25511167120163,34.44455217097705,7.615389050069499,-5.203940207500545,-12.691568013115027,-3.368306851948935e-14
147.26225283913848,34.452658437418265,7.615418716228941,-5.204907064551318,-12.690888449002006,6.73661370389787e-14
147.26939563771072,34.46076414127859,7.6154485937055965,-5.20587399782255,-12.690208189038435,3.368306851948935e-14
147.27654006755338,34.468869282318934,7.615478682542672,-5.2068410072897535,-12.689527233196127,-3.368306851948935e-14
147.28368612930177,34.47697386030015,7.615508982783376,-5.207808092928376,-12.688845581446863,0.0
147.29083382359147,34.485077874982935,7.615539494470912,-5.2087752547138,-12.688163233762403,-3.368306851948935e-14
147.29798315105822,34.49318132612787,7.615570217648485,-5.209742492621343,-12.687480190114478,-3.368306851948935e-14
147.305134112338,34.5012842134954,7.615601152359305,-5.21070980662624,-12.686796450474784,3.368306851948935e-14
147.31228670806718,34.50938653684585,7.615632298646576,-5.211677196703679,-12.686112014814992,-3.368306851948935e-14
147.31944093888208,34.51748829593936,7.6156636565535045,-5.212644662828766,-12.685426883106752,-3.368306851948935e-14
147.32659680541948,34.52558949053607,7.6156952261232975,-5.213612204976541,-12.68474105532167,0.0
147.33375430831634,34.53369012039587,7.615727007399158,-5.214579823121986,-12.684054531431341,0.0
147.34091344820976,34.54179018527853,7.615759000424298,-5.215547517239999,-12.68336731140732,-3.368306851948935e-14
147.34807422573712,34.54988968494374,7.615791205241916,-5.21651528730542,-12.68267939522114,0.0
147.3552366415361,34.557988619151025,7.615823621895224,-5.217483133293016,-12.681990782844304,3.368306851948935e-14
147.3624006962445,34.566086987659794,7.615856250427427,-5.218451055177493,-12.681301474248286,-6.73661370389787e-14
147.36956639050032,34.57418479022926,7.6158890908817325,-5.219419052933471,-12.680611469404532,0.0
147.37673372494203,34.58228202661866,7.615922143301342,-5.220387126535533,-12.679920768284466,0.0
147.38390270020807,34.59037869658695,7.6159554077294676,-5.221355275958157,-12.679229370859467,-6.73661370389787e-14
147.39107331693725,34.59847479989303,7.615988884209309,-5.2223235011757865,-12.678537277100908,-1.0104920555846805e-13
147.39824557576853,34.60657033629563,7.616022572784079,-5.223291802162769,-12.677844486980117,-6.73661370389787e-14
147.40541947734116,34.61466530555337,7.616056473496976,-5.224260178893396,-12.677151000468408,-3.368306851948935e-14
147.41259502229454,34.62275970742474,7.616090586391216,-5.225228631341888,-12.676456817537051,3.368306851948935e-14
147.41977221126842,34.63085354166809,7.61612491151,-5.226197159482397,-12.675761938157294,-3.368306851948935e-14
147.4269510449027,34.63894680804158,7.616159448896529,-5.227165763289007,-12.675066362300374,0.0
147.43413152383752,34.64703950630342,7.616194198594019,-5.228134442735738,-12.674370089937465,-3.368306851948935e-14
147.44131364871328,34.65513163621151,7.616229160645669,-5.229103197796535,-12.673673121039752,-1.0104920555846805e-13
147.44849742017053,34.66322319752366,7.616264335094687,-5.230072028445264,-12.672975455578356,0.0
147.45568283885018,34.671314189997595,7.616299721984284,-5.231040934655738,-12.672277093524393,3.368306851948935e-14
147.4628699053932,34.679404613390865,7.616335321357659,-5.232009916401696,-12.67157803484895,3.368306851948935e-14
147.470058620441,34.68749446746091,7.6163711332580215,-5.232978973656807,-12.670878279523077,3.368306851948935e-14
147.477248984635,34.69558375196496,7.616407157728578,-5.23394810639467,-12.670177827517803,0.0
147.48444099861703,34.703672466660294,7.616443394812533,-5.23491731458882,-12.66947667880412,0.0
147.49163466302906,34.7117606113039,7.616479844553097,-5.23588659821271,-12.668774833352995,-3.368306851948935e-14
147.4988299785133,34.71984818565269,7.616516506993468,-5.23685595723974,-12.668072291135386,3.368306851948935e-14
147.50602694571222,34.727935189463416,7.6165533821768605,-5.237825391643224,-12.667369052122188,-1.0104920555846805e-13
147.51322556526847,34.73602162249271,7.616590470146478,-5.238794901396416,-12.666665116284298,3.368306851948935e-14
147.52042583782494,34.744107484497114,7.616627770945523,-5.239764486472502,-12.665960483592574,0.0
147.52762776402486,34.752192775232984,7.6166652846172065,-5.240734146844594,-12.665255154017839,-3.368306851948935e-14
147.53483134451145,34.7602774944565,7.616703011204733,-5.241703882485728,-12.6645491275309,3.368306851948935e-14
147.54203657992844,34.76836164192388,7.616740950751308,-5.242673693368888,-12.663842404102533,3.368306851948935e-14
147.54924347091963,34.77644521739105,7.616779103300136,-5.243643579466976,-12.663134983703479,-3.368306851948935e-14
147.55645201812908,34.78452822061385,7.616817468894428,-5.244613540752824,-12.662426866304456,0.0
147.56366222220106,34.792610651348,7.616856047577386,-5.245583577199193,-12.661718051876164,-3.368306851948935e-14
147.5708740837801,34.800692509349076,7.616894839392221,-5.2465536887787705,-12.661008540389247,6.73661370389787e-14
147.5780876035109,34.80877379437247,7.616933844382132,-5.247523875464189,-12.660298331814365,-3.368306851948935e-14
147.58530278203858,34.81685450617359,7.616973062590331,-5.248494137228006,-12.659587426122103,-1.0104920555846805e-13
147.59251962000823,34.824934644507564,7.617012494060023,-5.249464474042689,-12.658875823283047,0.0
147.59973811806537,34.83301420912945,7.617052138834412,-5.250434885880664,-12.65816352326775,-6.73661370389787e-14
147.60695827685564,34.841093199794145,7.617091996956705,-5.251405372714266,-12.65745052604673,0.0
147.61418009702498,34.849171616256434,7.617132068470112,-5.252375934515769,-12.656736831590486,-1.347322740779574e-13
147.62140357921947,34.85724945827097,7.617172353417833,-5.253346571257374,-12.656022439869488,0.0
147.6286287240855,34.86532672559226,7.617212851843078,-5.254317282911209,-12.65530735085417,0.0
147.63585553226972,34.87340341797468,7.617253563789053,-5.255288069449339,-12.654591564514948,-6.73661370389787e-14
147.64308400441885,34.88147953517243,7.6172944892989625,-5.256258930843742,-12.653875080822203,3.368306851948935e-14
147.65031414118005,34.889555076939715,7.617335628416013,-5.257229867066348,-12.653157899746295,-3.368306851948935e-14
147.6575459432006,34.89763004303047,7.617376981183414,-5.258200878089001,-12.652440021257545,0.0
147.664779411128,34.90570443319853,7.617418547644366,-5.259171963883476,-12.65172144532626,3.368306851948935e-14
147.67201454561004,34.91377824719761,7.61746032784208,-5.260143124421481,-12.651002171922705,-1.347322740779574e-13
