galstreams/tracks/track.st.OmegaCen-Fimbulthul.sollima2020.ecsv
# %ECSV 1.0
# ---
# datatype:
# - {name: ra, unit: deg, datatype: float64}
# - {name: dec, unit: deg, datatype: float64}
# - {name: distance, unit: kpc, datatype: float64}
# - {name: pm_ra_cosdec, unit: mas / yr, datatype: float64}
# - {name: pm_dec, unit: mas / yr, datatype: float64}
# - {name: radial_velocity, unit: km / s, datatype: float64}
# delimiter: ','
# meta: !!omap
# - __serialized_columns__:
#     dec:
#       __class__: astropy.coordinates.angles.Latitude
#       unit: &id001 !astropy.units.Unit {unit: deg}
#       value: !astropy.table.SerializedColumn {name: dec}
#     distance:
#       __class__: astropy.coordinates.distances.Distance
#       unit: !astropy.units.Unit {unit: kpc}
#       value: !astropy.table.SerializedColumn {name: distance}
#     pm_dec:
#       __class__: astropy.units.quantity.Quantity
#       unit: !astropy.units.Unit {unit: mas / yr}
#       value: !astropy.table.SerializedColumn {name: pm_dec}
#     pm_ra_cosdec:
#       __class__: astropy.units.quantity.Quantity
#       unit: !astropy.units.Unit {unit: mas / yr}
#       value: !astropy.table.SerializedColumn {name: pm_ra_cosdec}
#     ra:
#       __class__: astropy.coordinates.angles.Longitude
#       unit: *id001
#       value: !astropy.table.SerializedColumn {name: ra}
#       wrap_angle: !astropy.coordinates.Angle
#         unit: *id001
#         value: 360.0
#     radial_velocity:
#       __class__: astropy.units.quantity.Quantity
#       unit: !astropy.units.Unit {unit: km / s}
#       value: !astropy.table.SerializedColumn {name: radial_velocity}
# schema: astropy-2.0
ra,dec,distance,pm_ra_cosdec,pm_dec,radial_velocity
196.08535590402428,-45.18061546831236,5.425999999999993,0.0,0.0,-0.0
196.09942457468316,-45.18371784595274,5.425999999999992,0.0,0.0,-0.0
196.1134638927524,-45.186851080170456,5.425999999999993,0.0,0.0,-0.0
196.1274740848071,-45.19001496227758,5.425999999999994,0.0,0.0,-0.0
196.1414553763863,-45.19320928428747,5.425999999999993,0.0,0.0,-0.0
196.15540799199752,-45.19643383891427,5.425999999999993,0.0,0.0,-0.0
196.1693321551211,-45.19968841957237,5.425999999999993,0.0,0.0,-0.0
196.18322808821458,-45.20297282037587,5.425999999999995,0.0,0.0,-0.0
196.19709601271677,-45.20628683613806,5.425999999999995,0.0,0.0,-0.0
196.21093614905232,-45.20963026237078,5.425999999999995,0.0,0.0,-0.0
196.22474871663573,-45.21300289528394,5.425999999999994,0.0,0.0,-0.0
196.2385339338757,-45.21640453178491,5.425999999999995,0.0,0.0,-0.0
196.25229201817916,-45.219834969477915,5.425999999999994,0.0,0.0,-0.0
196.26602318595565,-45.223294006663465,5.425999999999995,0.0,0.0,-0.0
196.27972765262118,-45.22678144233778,5.425999999999995,0.0,0.0,-0.0
196.29340563260257,-45.230297076192095,5.425999999999994,0.0,0.0,-0.0
196.3070573393413,-45.23384070861213,5.425999999999994,0.0,0.0,-0.0
196.3206829852978,-45.2374121406774,5.425999999999994,0.0,0.0,-0.0
196.3342827819552,-45.241011174160604,5.425999999999994,0.0,0.0,-0.0
196.34785693982352,-45.24463761152698,5.425999999999994,0.0,0.0,-0.0
196.36140566844355,-45.24829125593366,5.425999999999994,0.0,0.0,-0.0
196.37492917639082,-45.25197191122896,5.425999999999994,0.0,0.0,-0.0
196.3884276712795,-45.255679381951786,5.425999999999994,0.0,0.0,-0.0
196.40190135976624,-45.25941347333087,5.425999999999994,0.0,0.0,-0.0
196.41535044755415,-45.2631739912842,5.425999999999996,0.0,0.0,-0.0
196.4287751393965,-45.26696074241816,5.425999999999995,0.0,0.0,-0.0
196.44217563910064,-45.270773534026986,5.425999999999996,0.0,0.0,-0.0
196.45555214953174,-45.27461217409197,5.425999999999995,0.0,0.0,-0.0
196.4689048726165,-45.27847647128077,5.425999999999995,0.0,0.0,-0.0
196.482234009347,-45.28236623494668,5.425999999999995,0.0,0.0,-0.0
196.49553975978435,-45.28628127512789,5.425999999999996,0.0,0.0,-0.0
196.50882232306245,-45.290221402546756,5.425999999999995,0.0,0.0,-0.0
196.52208189739147,-45.29418642860905,5.425999999999995,0.0,0.0,-0.0
196.53531868006175,-45.298176165403206,5.425999999999996,0.0,0.0,-0.0
196.54853286744725,-45.302190425699536,5.425999999999995,0.0,0.0,-0.0
196.56172465500916,-45.3062290229495,5.425999999999995,0.0,0.0,-0.0
196.5748942372996,-45.310291771284916,5.425999999999995,0.0,0.0,-0.0
196.58804180796497,-45.31437848551713,5.425999999999995,0.0,0.0,-0.0
196.6011675597497,-45.318488981136305,5.425999999999995,0.0,0.0,-0.0
196.61427168449967,-45.32262307431055,5.425999999999996,0.0,0.0,-0.0
196.62735437316556,-45.326780581885174,5.425999999999996,0.0,0.0,-0.0
196.64041581580656,-45.33096132138183,5.425999999999995,0.0,0.0,-0.0
196.65345620159368,-45.3351651109977,5.425999999999996,0.0,0.0,-0.0
196.66647571881313,-45.339391769604724,5.425999999999996,0.0,0.0,-0.0
196.67947455486987,-45.3436411167487,5.425999999999996,0.0,0.0,-0.0
196.69245289629086,-45.34791297264847,5.425999999999995,0.0,0.0,-0.0
196.7054109287284,-45.352207158195085,5.425999999999996,0.0,0.0,-0.0
196.71834883696377,-45.35652349495095,5.425999999999995,0.0,0.0,-0.0
196.73126680491004,-45.36086180514896,5.425999999999997,0.0,0.0,-0.0
196.7441650156158,-45.365221911691634,5.425999999999997,0.0,0.0,-0.0
196.75704365126833,-45.36960363815027,5.425999999999997,0.0,0.0,-0.0
196.76990289319673,-45.37400680876402,5.425999999999997,0.0,0.0,-0.0
196.78274292187527,-45.37843124843905,5.425999999999997,0.0,0.0,-0.0
196.7955639169267,-45.38287678274763,5.425999999999996,0.0,0.0,-0.0
196.80836605712523,-45.38734323792725,5.425999999999995,0.0,0.0,-0.0
196.82114952039993,-45.39183044087971,5.425999999999997,0.0,0.0,-0.0
196.83391448383773,-45.39633821917022,5.425999999999996,0.0,0.0,-0.0
196.84666112368674,-45.40086640102648,5.425999999999997,0.0,0.0,-0.0
196.85938961535916,-45.40541481533775,5.425999999999996,0.0,0.0,-0.0
196.87210013343463,-45.40998329165397,5.425999999999997,0.0,0.0,-0.0
196.88479285166318,-45.41457166018479,5.425999999999995,0.0,0.0,-0.0
196.89746794296823,-45.41917975179862,5.425999999999997,0.0,0.0,-0.0
196.91012557944995,-45.42380739802176,5.425999999999996,0.0,0.0,-0.0
196.92276593238788,-45.42845443103733,5.425999999999997,0.0,0.0,-0.0
196.93538917224436,-45.433120683684464,5.425999999999997,0.0,0.0,-0.0
196.94799546866727,-45.43780598945725,5.425999999999996,0.0,0.0,-0.0
196.9605849904931,-45.44251018250381,5.425999999999997,0.0,0.0,-0.0
196.97315790574987,-45.44723309762527,5.425999999999996,0.0,0.0,-0.0
196.98571438166027,-45.45197457027489,5.425999999999996,0.0,0.0,-0.0
196.99825458464431,-45.45673443655701,5.425999999999997,0.0,0.0,-0.0
197.01077868032257,-45.46151253322604,5.425999999999996,0.0,0.0,-0.0
197.02328683351877,-45.46630869768559,5.425999999999996,0.0,0.0,-0.0
197.03577920826294,-45.47112276798731,5.425999999999997,0.0,0.0,-0.0
197.0482559677941,-45.47595458283005,5.425999999999996,0.0,0.0,-0.0
197.06071727456325,-45.48080398155872,5.425999999999997,0.0,0.0,-0.0
197.07316329023618,-45.48567080416339,5.425999999999995,0.0,0.0,-0.0
197.08559417569617,-45.490554891278194,5.425999999999996,0.0,0.0,-0.0
197.09801009104706,-45.49545608418033,5.425999999999997,0.0,0.0,-0.0
197.11041119561582,-45.50037422478909,5.425999999999995,0.0,0.0,-0.0
197.12279764795537,-45.50530915566475,5.425999999999995,0.0,0.0,-0.0
197.1351696058475,-45.51026072000756,5.425999999999997,0.0,0.0,-0.0
197.14752722630539,-45.51522876165674,5.425999999999997,0.0,0.0,-0.0
197.15987066557656,-45.52021312508942,5.425999999999997,0.0,0.0,-0.0
197.17220007914548,-45.52521365541954,5.425999999999997,0.0,0.0,-0.0
197.18451562173632,-45.530230198396886,5.425999999999997,0.0,0.0,-0.0
197.19681744731557,-45.535262600405936,5.425999999999996,0.0,0.0,-0.0
197.2091057090948,-45.54031070846489,5.425999999999996,0.0,0.0,-0.0
197.22138055953343,-45.54537437022452,5.425999999999997,0.0,0.0,-0.0
197.2336421503411,-45.55045343396718,5.425999999999997,0.0,0.0,-0.0
197.24589063248055,-45.55554774860565,5.425999999999997,0.0,0.0,-0.0
197.25812615617016,-45.56065716368211,5.425999999999996,0.0,0.0,-0.0
197.27034887088658,-45.56578152936702,5.425999999999997,0.0,0.0,-0.0
197.28255892536734,-45.57092069645809,5.425999999999996,0.0,0.0,-0.0
197.29475646761344,-45.576074516379116,5.425999999999996,0.0,0.0,-0.0
197.30694164489185,-45.58124284117892,5.425999999999997,0.0,0.0,-0.0
197.31911460373814,-45.586425523530245,5.425999999999997,0.0,0.0,-0.0
197.33127548995913,-45.59162241672863,5.425999999999996,0.0,0.0,-0.0
197.34342444863518,-45.59683337469136,5.425999999999997,0.0,0.0,-0.0
197.35556162412294,-45.60205825195625,5.425999999999997,0.0,0.0,-0.0
197.36768716005773,-45.60729690368065,5.425999999999996,0.0,0.0,-0.0
197.3798011993561,-45.61254918564021,5.425999999999997,0.0,0.0,-0.0
197.3919038842184,-45.61781495422786,5.425999999999996,0.0,0.0,-0.0
197.403995356131,-45.62309406645253,5.425999999999996,0.0,0.0,-0.0
197.41607575586897,-45.628386379938235,5.425999999999997,0.0,0.0,-0.0
197.4281452234986,-45.63369175292272,5.425999999999997,0.0,0.0,-0.0
197.44020389837956,-45.639010044256466,5.425999999999997,0.0,0.0,-0.0
197.45225191916762,-45.64434111340145,5.425999999999995,0.0,0.0,-0.0
197.4642894238168,-45.649684820430096,5.425999999999997,0.0,0.0,-0.0
197.4763165495821,-45.65504102602403,5.425999999999997,0.0,0.0,-0.0
197.48833343302158,-45.660409591472956,5.425999999999997,0.0,0.0,-0.0
197.5003402099989,-45.66579037867353,5.425999999999997,0.0,0.0,-0.0
197.5123370156858,-45.671183250128145,5.425999999999996,0.0,0.0,-0.0
197.52432398456415,-45.6765880689438,5.425999999999996,0.0,0.0,-0.0
197.53630125042866,-45.68200469883092,5.425999999999997,0.0,0.0,-0.0
197.548268946389,-45.687433004102175,5.425999999999997,0.0,0.0,-0.0
197.5602272048721,-45.69287284967131,5.425999999999997,0.0,0.0,-0.0
197.57217615762477,-45.69832410105196,5.425999999999996,0.0,0.0,-0.0
197.58411593571563,-45.703786624356496,5.425999999999996,0.0,0.0,-0.0
197.5960466695377,-45.70926028629478,5.425999999999997,0.0,0.0,-0.0
197.60796848881054,-45.714744954173014,5.425999999999997,0.0,0.0,-0.0
197.61988152258257,-45.72024049589254,5.425999999999997,0.0,0.0,-0.0
197.6317858992334,-45.725746779948636,5.425999999999997,0.0,0.0,-0.0
197.64368174647598,-45.73126367542936,5.425999999999996,0.0,0.0,-0.0
197.65556919135895,-45.73679105201424,5.425999999999997,0.0,0.0,-0.0
197.66744836026885,-45.74232877997318,5.425999999999997,0.0,0.0,-0.0
197.6793193789324,-45.7478767301652,5.425999999999996,0.0,0.0,-0.0
197.6911823724186,-45.75343477403721,5.425999999999997,0.0,0.0,-0.0
197.70303746514116,-45.75900278362284,5.425999999999996,0.0,0.0,-0.0
197.71488478086042,-45.76458063154117,5.425999999999996,0.0,0.0,-0.0
197.72672444268585,-45.77016819099553,5.425999999999996,0.0,0.0,-0.0
197.73855657307803,-45.775765335772284,5.425999999999996,0.0,0.0,-0.0
197.75038129385092,-45.7813719402396,5.425999999999997,0.0,0.0,-0.0
197.762198726174,-45.78698787934617,5.425999999999996,0.0,0.0,-0.0
197.7740089905745,-45.79261302862009,5.425999999999995,0.0,0.0,-0.0
197.78581220693943,-45.79824726416748,5.425999999999995,0.0,0.0,-0.0
197.79760849451785,-45.80389046267135,5.425999999999996,0.0,0.0,-0.0
197.809397971923,-45.80954250139031,5.425999999999996,0.0,0.0,-0.0
197.82118075713433,-45.815203258157354,5.425999999999996,0.0,0.0,-0.0
197.83295696749968,-45.82087261137857,5.425999999999997,0.0,0.0,-0.0
197.8447267197375,-45.826550440031916,5.425999999999997,0.0,0.0,-0.0
197.85649012993875,-45.83223662366597,5.425999999999996,0.0,0.0,-0.0
197.86824731356919,-45.83793104239867,5.425999999999996,0.0,0.0,-0.0
197.87999838547134,-45.84363357691604,5.425999999999996,0.0,0.0,-0.0
197.89174345986663,-45.849344108470945,5.425999999999995,0.0,0.0,-0.0
197.90348265035752,-45.855062518881816,5.425999999999997,0.0,0.0,-0.0
197.91521606992941,-45.86078869053138,5.425999999999996,0.0,0.0,-0.0
197.92694383095292,-45.86652250636542,5.425999999999996,0.0,0.0,-0.0
197.93866604518573,-45.87226384989144,5.425999999999997,0.0,0.0,-0.0
197.9503828237748,-45.87801260517746,5.425999999999995,0.0,0.0,-0.0
197.96209427725827,-45.88376865685069,5.425999999999997,0.0,0.0,-0.0
197.97380051556766,-45.88953189009629,5.425999999999995,0.0,0.0,-0.0
197.98550164802973,-45.89530219065604,5.425999999999996,0.0,0.0,-0.0
197.99719778336853,-45.90107944482708,5.425999999999995,0.0,0.0,-0.0
198.00888902970755,-45.90686353946064,5.425999999999996,0.0,0.0,-0.0
198.02057549457157,-45.91265436196071,5.425999999999997,0.0,0.0,-0.0
198.03225728488871,-45.918451800282774,5.425999999999997,0.0,0.0,-0.0
198.04393450699243,-45.92425574293253,5.425999999999996,0.0,0.0,-0.0
198.05560726662353,-45.93006607896456,5.425999999999997,0.0,0.0,-0.0
198.06727566893215,-45.93588269798102,5.425999999999996,0.0,0.0,-0.0
198.07893981847965,-45.94170549013042,5.425999999999996,0.0,0.0,-0.0
198.09059981924065,-45.94753434610618,5.425999999999996,0.0,0.0,-0.0
198.10225577460503,-45.953369157145495,5.425999999999996,0.0,0.0,-0.0
198.1139077873797,-45.95920981502788,5.425999999999996,0.0,0.0,-0.0
198.12555595979083,-45.96505621207392,5.425999999999995,0.0,0.0,-0.0
198.1372003934856,-45.97090824114397,5.425999999999996,0.0,0.0,-0.0
198.14884118953418,-45.976765795636815,5.425999999999996,0.0,0.0,-0.0
198.1604784484316,-45.98262876948836,5.425999999999997,0.0,0.0,-0.0
198.17211227009986,-45.988497057170314,5.425999999999997,0.0,0.0,-0.0
198.18374275388962,-45.99437055368886,5.425999999999996,0.0,0.0,-0.0
198.1953699985823,-46.00024915458335,5.425999999999996,0.0,0.0,-0.0
198.2069941023918,-46.006132755924945,5.425999999999996,0.0,0.0,-0.0
198.21861516296673,-46.0120212543153,5.425999999999996,0.0,0.0,-0.0
198.23023327739185,-46.017914546885294,5.425999999999997,0.0,0.0,-0.0
198.24184854219035,-46.02381253129357,5.425999999999996,0.0,0.0,-0.0
198.25346105332562,-46.02971510572533,5.425999999999997,0.0,0.0,-0.0
198.26507090620302,-46.035622168890946,5.425999999999995,0.0,0.0,-0.0
198.27667819567182,-46.04153362002457,5.425999999999997,0.0,0.0,-0.0
198.28828301602724,-46.0474493588829,5.425999999999996,0.0,0.0,-0.0
198.29988546101202,-46.05336928574375,5.425999999999997,0.0,0.0,-0.0
198.31148562381853,-46.05929330140474,5.425999999999996,0.0,0.0,-0.0
198.3230835970905,-46.065221307181965,5.425999999999996,0.0,0.0,-0.0
198.33467947292488,-46.071153204908626,5.425999999999997,0.0,0.0,-0.0
198.34627334287376,-46.07708889693364,5.425999999999995,0.0,0.0,-0.0
198.35786529794615,-46.08302828612041,5.425999999999997,0.0,0.0,-0.0
198.3694554286098,-46.08897127584533,5.425999999999996,0.0,0.0,-0.0
198.3810438247931,-46.09491776999654,5.425999999999996,0.0,0.0,-0.0
198.39263057588687,-46.10086767297248,5.425999999999997,0.0,0.0,-0.0
198.40421577074616,-46.1068208896806,5.425999999999996,0.0,0.0,-0.0
198.41579949769215,-46.112777325535966,5.425999999999996,0.0,0.0,-0.0
198.42738184451392,-46.11873688645989,5.425999999999996,0.0,0.0,-0.0
198.43896289847015,-46.12469947887861,5.425999999999997,0.0,0.0,-0.0
198.45054274629118,-46.130665009721874,5.425999999999996,0.0,0.0,-0.0
198.46212147418055,-46.136633386421586,5.425999999999996,0.0,0.0,-0.0
198.47369916781705,-46.14260451691047,5.425999999999996,0.0,0.0,-0.0
198.4852759123562,-46.14857830962062,5.425999999999996,0.0,0.0,-0.0
198.49685179243235,-46.154554673482224,5.425999999999996,0.0,0.0,-0.0
198.50842689216037,-46.16053351792213,5.425999999999997,0.0,0.0,-0.0
198.52000129513726,-46.16651475286248,5.425999999999997,0.0,0.0,-0.0
198.5315750844442,-46.17249828871933,5.425999999999996,0.0,0.0,-0.0
198.54314834264815,-46.17848403640129,5.425999999999997,0.0,0.0,-0.0
198.55472115180362,-46.1844719073081,5.425999999999997,0.0,0.0,-0.0
198.56629359345462,-46.19046181332932,5.425999999999996,0.0,0.0,-0.0
198.57786574863613,-46.19645366684284,5.425999999999997,0.0,0.0,-0.0
198.58943769787612,-46.202447380713615,5.425999999999997,0.0,0.0,-0.0
198.6010095211972,-46.20844286829219,5.425999999999997,0.0,0.0,-0.0
198.61258129811833,-46.214440043413326,5.4259999999999975,0.0,0.0,-0.0
198.62415310765667,-46.220438820394634,5.425999999999997,0.0,0.0,-0.0
198.6357250283293,-46.22643911403518,5.425999999999997,0.0,0.0,-0.0
198.6472971381548,-46.23244083961406,5.425999999999996,0.0,0.0,-0.0
198.65886951465535,-46.23844391288904,5.4259999999999975,0.0,0.0,-0.0
198.67044223485806,-46.24444825009515,5.4259999999999975,0.0,0.0,-0.0
198.68201537529703,-46.25045376794326,5.425999999999997,0.0,0.0,-0.0
198.6935890120148,-46.25646038361872,5.425999999999997,0.0,0.0,-0.0
198.70516322056432,-46.262468014779934,5.425999999999997,0.0,0.0,-0.0
198.71673807601056,-46.26847657955697,5.425999999999997,0.0,0.0,-0.0
198.7283136529322,-46.27448599655012,5.4259999999999975,0.0,0.0,-0.0
198.73989002542345,-46.28049618482857,5.4259999999999975,0.0,0.0,-0.0
198.75146726709565,-46.28650706392891,5.425999999999997,0.0,0.0,-0.0
198.76304545107908,-46.292518553853775,5.425999999999997,0.0,0.0,-0.0
198.77462465002455,-46.29853057507042,5.425999999999997,0.0,0.0,-0.0
198.78620493610535,-46.30454304850933,5.425999999999997,0.0,0.0,-0.0
198.7977863810186,-46.31055589556277,5.4259999999999975,0.0,0.0,-0.0
198.80936905598722,-46.31656903808338,5.425999999999996,0.0,0.0,-0.0
198.82095303176158,-46.322582398382806,5.425999999999996,0.0,0.0,-0.0
198.8325383786211,-46.3285958992302,5.425999999999997,0.0,0.0,-0.0
198.84412516637605,-46.3346094638509,5.4259999999999975,0.0,0.0,-0.0
198.85571346436913,-46.34062301592493,5.4259999999999975,0.0,0.0,-0.0
198.86730334147728,-46.34663647958562,5.425999999999997,0.0,0.0,-0.0
198.8788948661133,-46.35264977941817,5.4259999999999975,0.0,0.0,-0.0
198.89048810622762,-46.358662840458244,5.425999999999996,0.0,0.0,-0.0
198.90208312930963,-46.36467558819049,5.425999999999997,0.0,0.0,-0.0
198.9136800023899,-46.3706879485472,5.425999999999997,0.0,0.0,-0.0
