galstreams/tracks/track.po.Scamander.grillmair2017.ecsv
# %ECSV 1.0
# ---
# datatype:
# - {name: ra, unit: deg, datatype: float64}
# - {name: dec, unit: deg, datatype: float64}
# - {name: distance, unit: kpc, datatype: float64}
# - {name: pm_ra_cosdec, unit: mas / yr, datatype: float64}
# - {name: pm_dec, unit: mas / yr, datatype: float64}
# - {name: radial_velocity, unit: km / s, datatype: float64}
# delimiter: ','
# meta: !!omap
# - __serialized_columns__:
#     dec:
#       __class__: astropy.coordinates.angles.Latitude
#       unit: &id001 !astropy.units.Unit {unit: deg}
#       value: !astropy.table.SerializedColumn {name: dec}
#     distance:
#       __class__: astropy.coordinates.distances.Distance
#       unit: !astropy.units.Unit {unit: kpc}
#       value: !astropy.table.SerializedColumn {name: distance}
#     pm_dec:
#       __class__: astropy.units.quantity.Quantity
#       unit: !astropy.units.Unit {unit: mas / yr}
#       value: !astropy.table.SerializedColumn {name: pm_dec}
#     pm_ra_cosdec:
#       __class__: astropy.units.quantity.Quantity
#       unit: !astropy.units.Unit {unit: mas / yr}
#       value: !astropy.table.SerializedColumn {name: pm_ra_cosdec}
#     ra:
#       __class__: astropy.coordinates.angles.Longitude
#       unit: *id001
#       value: !astropy.table.SerializedColumn {name: ra}
#       wrap_angle: !astropy.coordinates.Angle
#         unit: *id001
#         value: 360.0
#     radial_velocity:
#       __class__: astropy.units.quantity.Quantity
#       unit: !astropy.units.Unit {unit: km / s}
#       value: !astropy.table.SerializedColumn {name: radial_velocity}
# schema: astropy-2.0
ra,dec,distance,pm_ra_cosdec,pm_dec,radial_velocity
[from data line 3279]
148.11792164004305,12.156980066346783,20.999999999999975,0.0,0.0,0.0
148.1168380399752,12.166925347051865,20.99999999999998,0.0,0.0,0.0
148.11575435879897,12.176870623534445,20.99999999999998,0.0,0.0,0.0
148.11467059644008,12.186815895790632,20.99999999999998,0.0,0.0,0.0
148.11358675282406,12.19676116381657,20.99999999999998,0.0,0.0,0.0
148.11250282787654,12.206706427608363,20.999999999999975,0.0,0.0,0.0
148.11141882152307,12.216651687162148,20.99999999999998,0.0,0.0,0.0
148.11033473368917,12.226596942474039,20.99999999999998,0.0,0.0,0.0
148.10925056430037,12.236542193540162,20.99999999999998,0.0,0.0,0.0
148.10816631328214,12.246487440356628,20.999999999999975,0.0,0.0,0.0
148.10708198055994,12.256432682919568,20.999999999999975,0.0,0.0,0.0
148.10599756605933,12.266377921225082,20.999999999999982,0.0,0.0,0.0
148.1049130697056,12.276323155269296,20.999999999999975,0.0,0.0,0.0
148.10382849142422,12.286268385048334,20.99999999999997,0.0,0.0,0.0
148.1027438311406,12.296213610558292,20.999999999999975,0.0,0.0,0.0
148.10165908878005,12.306158831795294,20.999999999999975,0.0,0.0,0.0
148.100574264268,12.316104048755449,20.99999999999998,0.0,0.0,0.0
148.0994893575297,12.326049261434875,20.99999999999998,0.0,0.0,0.0
148.09840436849052,12.33599446982966,20.99999999999998,0.0,0.0,0.0
148.09731929707567,12.34593967393594,20.99999999999998,0.0,0.0,0.0
148.09623414321047,12.355884873749797,20.999999999999975,0.0,0.0,0.0
148.09514890682016,12.365830069267352,20.99999999999998,0.0,0.0,0.0
148.0940635878299,12.375775260484716,20.99999999999998,0.0,0.0,0.0
148.09297818616497,12.385720447397972,20.999999999999975,0.0,0.0,0.0
148.09189270175054,12.395665630003249,20.999999999999975,0.0,0.0,0.0
148.09080713451166,12.405610808296622,20.999999999999975,0.0,0.0,0.0
148.0897214843736,12.41555598227421,20.999999999999975,0.0,0.0,0.0
148.08863575126142,12.425501151932101,20.999999999999982,0.0,0.0,0.0
148.08754993510018,12.435446317266408,20.999999999999975,0.0,0.0,0.0
148.086464035815,12.445391478273212,20.999999999999982,0.0,0.0,0.0
148.08537805333088,12.455336634948624,20.999999999999975,0.0,0.0,0.0
148.0842919875729,12.465281787288722,20.99999999999998,0.0,0.0,0.0
148.08320583846606,12.475226935289616,20.99999999999998,0.0,0.0,0.0
148.0821196059353,12.48517207894739,20.999999999999975,0.0,0.0,0.0
148.08103328990563,12.495117218258137,20.99999999999998,0.0,0.0,0.0
148.07994689030198,12.505062353217953,20.99999999999997,0.0,0.0,0.0
148.07886040704926,12.515007483822917,20.99999999999998,0.0,0.0,0.0
148.0777738400724,12.524952610069128,20.99999999999998,0.0,0.0,0.0
148.07668718929625,12.534897731952665,20.99999999999998,0.0,0.0,0.0
148.07560045464567,12.544842849469624,20.99999999999998,0.0,0.0,0.0
148.0745136360455,12.554787962616079,20.99999999999998,0.0,0.0,0.0
148.07342673342055,12.564733071388119,20.999999999999975,0.0,0.0,0.0
148.0723397466956,12.574678175781823,20.99999999999998,0.0,0.0,0.0
148.07125267579548,12.584623275793271,20.99999999999998,0.0,0.0,0.0
148.07016552064485,12.594568371418559,20.99999999999998,0.0,0.0,0.0
148.06907828116852,12.604513462653747,20.999999999999975,0.0,0.0,0.0
148.0679909572911,12.614458549494927,20.999999999999975,0.0,0.0,0.0
148.06690354893738,12.624403631938167,20.99999999999998,0.0,0.0,0.0
148.06581605603193,12.634348709979546,20.999999999999982,0.0,0.0,0.0
148.06472847849946,12.644293783615138,20.999999999999975,0.0,0.0,0.0
148.06364081626455,12.654238852841017,20.99999999999998,0.0,0.0,0.0
148.0625530692518,12.664183917653258,20.99999999999998,0.0,0.0,0.0
148.06146523738582,12.674128978047925,20.999999999999975,0.0,0.0,0.0
148.06037732059107,12.684074034021103,20.99999999999998,0.0,0.0,0.0
148.0592893187922,12.694019085568842,20.999999999999975,0.0,0.0,0.0
148.0582012319136,12.703964132687226,20.999999999999975,0.0,0.0,0.0
148.05711305987987,12.713909175372306,20.999999999999975,0.0,0.0,0.0
148.0560248026154,12.723854213620166,20.99999999999998,0.0,0.0,0.0
148.05493646004467,12.73379924742685,20.999999999999975,0.0,0.0,0.0
148.05384803209208,12.743744276788444,20.999999999999975,0.0,0.0,0.0
148.05275951868202,12.753689301700987,20.999999999999975,0.0,0.0,0.0
148.0516709197389,12.76363432216056,20.999999999999975,0.0,0.0,0.0
148.05058223518705,12.773579338163207,20.999999999999975,0.0,0.0,0.0
148.04949346495079,12.783524349704992,20.999999999999982,0.0,0.0,0.0
148.04840460895448,12.793469356781982,20.999999999999975,0.0,0.0,0.0
148.04731566712235,12.803414359390215,20.99999999999998,0.0,0.0,0.0
148.04622663937872,12.813359357525766,20.999999999999975,0.0,0.0,0.0
148.0451375256478,12.823304351184673,20.99999999999998,0.0,0.0,0.0
148.04404832585382,12.833249340363002,20.99999999999998,0.0,0.0,0.0
148.04295903992096,12.84319432505679,20.999999999999975,0.0,0.0,0.0
148.04186966777345,12.853139305262102,20.99999999999998,0.0,0.0,0.0
148.04078020933537,12.863084280974975,20.999999999999975,0.0,0.0,0.0
148.03969066453092,12.873029252191468,20.999999999999975,0.0,0.0,0.0
148.03860103328418,12.882974218907622,20.999999999999975,0.0,0.0,0.0
148.03751131551925,12.892919181119474,20.99999999999998,0.0,0.0,0.0
148.03642151116017,12.902864138823094,20.999999999999975,0.0,0.0,0.0
148.03533162013102,12.912809092014504,20.999999999999975,0.0,0.0,0.0
148.03424164235582,12.92275404068975,20.99999999999998,0.0,0.0,0.0
148.03315157775853,12.932698984844876,20.99999999999998,0.0,0.0,0.0
148.03206142626317,12.942643924475929,20.99999999999998,0.0,0.0,0.0
148.03097118779363,12.95258885957893,20.99999999999998,0.0,0.0,0.0
148.02988086227393,12.962533790149934,20.99999999999998,0.0,0.0,0.0
148.0287904496279,12.972478716184968,20.999999999999975,0.0,0.0,0.0
148.0276999497795,12.982423637680068,20.999999999999975,0.0,0.0,0.0
148.0266093626525,12.992368554631273,20.999999999999975,0.0,0.0,0.0
148.02551868817082,13.002313467034607,20.99999999999998,0.0,0.0,0.0
148.02442792625826,13.01225837488612,20.999999999999975,0.0,0.0,0.0
148.0233370768386,13.02220327818182,20.999999999999975,0.0,0.0,0.0
148.0222461398356,13.032148176917753,20.999999999999975,0.0,0.0,0.0
148.02115511517306,13.042093071089932,20.99999999999998,0.0,0.0,0.0
148.0200640027747,13.052037960694403,20.99999999999997,0.0,0.0,0.0
148.01897280256415,13.061982845727172,20.99999999999998,0.0,0.0,0.0
148.0178815144652,13.071927726184283,20.99999999999998,0.0,0.0,0.0
148.01679013840143,13.081872602061743,20.999999999999975,0.0,0.0,0.0
148.01569867429652,13.09181747335558,20.99999999999998,0.0,0.0,0.0
148.01460712207407,13.101762340061823,20.999999999999975,0.0,0.0,0.0
148.01351548165763,13.111707202176474,20.999999999999982,0.0,0.0,0.0
148.01242375297085,13.12165205969558,20.99999999999997,0.0,0.0,0.0
148.01133193593722,13.131596912615123,20.999999999999975,0.0,0.0,0.0
148.01024003048028,13.141541760931151,20.999999999999975,0.0,0.0,0.0
148.00914803652353,13.151486604639658,20.999999999999975,0.0,0.0,0.0
148.00805595399046,13.16143144373667,20.999999999999975,0.0,0.0,0.0
148.00696378280446,13.171376278218188,20.999999999999975,0.0,0.0,0.0
148.00587152288907,13.181321108080239,20.99999999999998,0.0,0.0,0.0
148.00477917416757,13.19126593331882,20.99999999999998,0.0,0.0,0.0
148.00368673656345,13.201210753929939,20.99999999999998,0.0,0.0,0.0
148.00259421000004,13.211155569909623,20.999999999999975,0.0,0.0,0.0
148.00150159440068,13.221100381253857,20.99999999999998,0.0,0.0,0.0
148.00040888968863,13.231045187958657,20.99999999999998,0.0,0.0,0.0
147.9993160957873,13.240989990020022,20.99999999999998,0.0,0.0,0.0
147.99822321261982,13.250934787433968,20.999999999999975,0.0,0.0,0.0
147.99713024010956,13.260879580196477,20.999999999999975,0.0,0.0,0.0
147.99603717817968,13.270824368303565,20.999999999999975,0.0,0.0,0.0
147.99494402675336,13.28076915175122,20.999999999999975,0.0,0.0,0.0
147.99385078575384,13.290713930535452,20.999999999999975,0.0,0.0,0.0
147.99275745510423,13.300658704652252,20.999999999999975,0.0,0.0,0.0
147.99166403472765,13.310603474097608,20.999999999999982,0.0,0.0,0.0
147.99057052454725,13.320548238867536,20.99999999999997,0.0,0.0,0.0
147.98947692448607,13.330492998958002,20.999999999999975,0.0,0.0,0.0
147.98838323446722,13.340437754365022,20.99999999999998,0.0,0.0,0.0
147.9872894544137,13.350382505084571,20.99999999999998,0.0,0.0,0.0
147.98619558424852,13.360327251112654,20.999999999999975,0.0,0.0,0.0
147.98510162389468,13.370271992445238,20.999999999999975,0.0,0.0,0.0
147.9840075732752,13.380216729078327,20.999999999999975,0.0,0.0,0.0
147.9829134323129,13.390161461007896,20.99999999999998,0.0,0.0,0.0
147.9818192009308,13.40010618822994,20.999999999999975,0.0,0.0,0.0
147.98072487905176,13.410050910740445,20.999999999999975,0.0,0.0,0.0
147.97963046659868,13.419995628535379,20.99999999999997,0.0,0.0,0.0
147.97853596349438,13.429940341610735,20.999999999999975,0.0,0.0,0.0
147.9774413696617,13.439885049962482,20.99999999999998,0.0,0.0,0.0
147.97634668502346,13.449829753586615,20.99999999999998,0.0,0.0,0.0
147.97525190950236,13.459774452479092,20.999999999999975,0.0,0.0,0.0
147.97415704302125,13.469719146635907,20.999999999999975,0.0,0.0,0.0
147.97306208550282,13.47966383605302,20.999999999999975,0.0,0.0,0.0
147.97196703686978,13.48960852072641,20.999999999999982,0.0,0.0,0.0
147.97087189704482,13.499553200652056,20.99999999999997,0.0,0.0,0.0
147.96977666595055,13.509497875825915,20.99999999999998,0.0,0.0,0.0
147.96868134350967,13.519442546243976,20.99999999999998,0.0,0.0,0.0
147.9675859296448,13.529387211902188,20.999999999999975,0.0,0.0,0.0
147.96649042427848,13.539331872796536,20.999999999999975,0.0,0.0,0.0
147.9653948273333,13.549276528922972,20.999999999999975,0.0,0.0,0.0
147.9642991387318,13.55922118027747,20.99999999999998,0.0,0.0,0.0
147.9632033583965,13.569165826855986,20.999999999999975,0.0,0.0,0.0
147.9621074862499,13.579110468654495,20.999999999999975,0.0,0.0,0.0
147.9610115222144,13.589055105668942,20.99999999999998,0.0,0.0,0.0
147.95991546621255,13.598999737895292,20.999999999999975,0.0,0.0,0.0
147.95881931816672,13.608944365329517,20.999999999999975,0.0,0.0,0.0
147.9577230779993,13.618888987967555,20.999999999999975,0.0,0.0,0.0
147.95662674563266,13.628833605805383,20.999999999999975,0.0,0.0,0.0
147.95553032098917,13.638778218838931,20.999999999999975,0.0,0.0,0.0
147.95443380399118,13.648722827064176,20.99999999999998,0.0,0.0,0.0
147.95333719456093,13.658667430477053,20.999999999999975,0.0,0.0,0.0
147.95224049262075,13.668612029073529,20.999999999999975,0.0,0.0,0.0
147.95114369809286,13.678556622849536,20.999999999999975,0.0,0.0,0.0
147.9500468108995,13.688501211801038,20.99999999999998,0.0,0.0,0.0
147.94894983096287,13.69844579592397,20.999999999999975,0.0,0.0,0.0
147.9478527582052,13.708390375214284,20.999999999999975,0.0,0.0,0.0
147.94675559254856,13.718334949667934,20.999999999999975,0.0,0.0,0.0
147.94565833391513,13.728279519280846,20.99999999999998,0.0,0.0,0.0
147.94456098222702,13.73822408404898,20.999999999999975,0.0,0.0,0.0
147.94346353740627,13.748168643968254,20.99999999999997,0.0,0.0,0.0
147.94236599937503,13.75811319903464,20.99999999999997,0.0,0.0,0.0
147.94126836805526,13.76805774924404,20.99999999999998,0.0,0.0,0.0
147.940170643369,13.77800229459242,20.99999999999998,0.0,0.0,0.0
147.93907282523818,13.787946835075704,20.999999999999975,0.0,0.0,0.0
147.93797491358487,13.797891370689833,20.99999999999998,0.0,0.0,0.0
147.93687690833093,13.807835901430721,20.999999999999975,0.0,0.0,0.0
147.93577880939827,13.817780427294322,20.99999999999997,0.0,0.0,0.0
147.93468061670882,13.827724948276561,20.99999999999998,0.0,0.0,0.0
147.93358233018444,13.837669464373361,20.999999999999975,0.0,0.0,0.0
147.93248394974688,13.84761397558066,20.999999999999975,0.0,0.0,0.0
147.9313854753181,13.857558481894376,20.99999999999998,0.0,0.0,0.0
147.9302869068198,13.867502983310445,20.99999999999998,0.0,0.0,0.0
147.92918824417376,13.877447479824776,20.99999999999998,0.0,0.0,0.0
147.92808948730172,13.887391971433312,20.99999999999998,0.0,0.0,0.0
147.9269906361254,13.897336458131955,20.999999999999975,0.0,0.0,0.0
147.92589169056652,13.907280939916632,20.999999999999975,0.0,0.0,0.0
147.92479265054666,13.917225416783275,20.999999999999975,0.0,0.0,0.0
147.92369351598757,13.927169888727786,20.999999999999975,0.0,0.0,0.0
147.92259428681083,13.937114355746088,20.99999999999998,0.0,0.0,0.0
147.921494962938,13.947058817834092,20.999999999999975,0.0,0.0,0.0
147.92039554429067,13.957003274987722,20.99999999999998,0.0,0.0,0.0
147.9192960307904,13.96694772720288,20.99999999999997,0.0,0.0,0.0
147.9181964223587,13.976892174475484,20.99999999999998,0.0,0.0,0.0
147.91709671891707,13.986836616801439,20.99999999999998,0.0,0.0,0.0
147.91599692038696,13.996781054176662,20.99999999999998,0.0,0.0,0.0
147.9148970266898,14.006725486597048,20.999999999999975,0.0,0.0,0.0
147.91379703774706,14.016669914058513,20.999999999999975,0.0,0.0,0.0
147.91269695348007,14.026614336556964,20.999999999999975,0.0,0.0,0.0
147.91159677381026,14.036558754088292,20.99999999999998,0.0,0.0,0.0
147.91049649865894,14.04650316664842,20.999999999999975,0.0,0.0,0.0
147.90939612794745,14.056447574233227,20.99999999999998,0.0,0.0,0.0
147.90829566159707,14.066391976838629,20.99999999999998,0.0,0.0,0.0
147.90719509952908,14.076336374460508,20.99999999999998,0.0,0.0,0.0
147.90609444166472,14.086280767094784,20.999999999999975,0.0,0.0,0.0
147.90499368792518,14.096225154737331,20.99999999999997,0.0,0.0,0.0
147.90389283823168,14.106169537384053,20.99999999999998,0.0,0.0,0.0
147.9027918925054,14.116113915030839,20.999999999999975,0.0,0.0,0.0
147.90169085066748,14.126058287673585,20.999999999999975,0.0,0.0,0.0
147.90058971263903,14.136002655308188,20.99999999999998,0.0,0.0,0.0
147.8994884783411,14.145947017930526,20.99999999999998,0.0,0.0,0.0
147.89838714769485,14.15589137553649,20.99999999999998,0.0,0.0,0.0
147.89728572062126,14.165835728121966,20.99999999999998,0.0,0.0,0.0
147.89618419704138,14.175780075682844,20.99999999999998,0.0,0.0,0.0
147.89508257687618,14.185724418214999,20.999999999999975,0.0,0.0,0.0
147.89398086004658,14.195668755714326,20.99999999999998,0.0,0.0,0.0
147.89287904647364,14.20561308817669,20.99999999999998,0.0,0.0,0.0
147.89177713607813,14.21555741559798,20.99999999999998,0.0,0.0,0.0
147.89067512878108,14.225501737974088,20.99999999999997,0.0,0.0,0.0
147.88957302450328,14.235446055300867,20.99999999999998,0.0,0.0,0.0
147.88847082316556,14.245390367574212,20.999999999999975,0.0,0.0,0.0
147.88736852468875,14.255334674789976,20.99999999999998,0.0,0.0,0.0
147.8862661289937,14.26527897694406,20.999999999999975,0.0,0.0,0.0
147.88516363600107,14.275223274032314,20.99999999999998,0.0,0.0,0.0
147.88406104563165,14.28516756605062,20.99999999999998,0.0,0.0,0.0
147.88295835780616,14.295111852994838,20.99999999999998,0.0,0.0,0.0
147.8818555724453,14.30505613486085,20.999999999999975,0.0,0.0,0.0
147.88075268946966,14.315000411644508,20.999999999999975,0.0,0.0,0.0
147.87964970879992,14.32494468334168,20.999999999999975,0.0,0.0,0.0
147.8785466303567,14.334888949948242,20.99999999999998,0.0,0.0,0.0
147.8774434540606,14.344833211460042,20.999999999999975,0.0,0.0,0.0
147.8763401798321,14.35477746787295,20.99999999999998,0.0,0.0,0.0
147.87523680759182,14.364721719182818,20.99999999999998,0.0,0.0,0.0
147.87413333726022,14.37466596538552,20.999999999999975,0.0,0.0,0.0
147.8730297687578,14.38461020647689,20.99999999999998,0.0,0.0,0.0
147.87192610200498,14.394554442452808,20.999999999999975,0.0,0.0,0.0
147.87082233692223,14.404498673309101,20.99999999999998,0.0,0.0,0.0
147.8697184734299,14.414442899041653,20.999999999999975,0.0,0.0,0.0
147.86861451144844,14.42438711964629,20.99999999999998,0.0,0.0,0.0
147.86751045089818,14.434331335118873,20.999999999999975,0.0,0.0,0.0
147.86640629169938,14.444275545455259,20.999999999999975,0.0,0.0,0.0
147.86530203377245,14.45421975065128,20.999999999999975,0.0,0.0,0.0
147.86419767703754,14.464163950702801,20.999999999999975,0.0,0.0,0.0
147.86309322141497,14.474108145605644,20.99999999999998,0.0,0.0,0.0
