galstreams/tracks/track.st.NGC5466.ibata2021.ecsv
# %ECSV 0.9
# ---
# datatype:
# - {name: ra, unit: deg, datatype: float64}
# - {name: dec, unit: deg, datatype: float64}
# - {name: distance, unit: kpc, datatype: float64}
# - {name: pm_ra_cosdec, unit: mas / yr, datatype: float64}
# - {name: pm_dec, unit: mas / yr, datatype: float64}
# - {name: radial_velocity, unit: km / s, datatype: float64}
# delimiter: ','
# meta: !!omap
# - __serialized_columns__:
#     dec:
#       __class__: astropy.coordinates.angles.Latitude
#       unit: &id001 !astropy.units.Unit {unit: deg}
#       value: !astropy.table.SerializedColumn {name: dec}
#     distance:
#       __class__: astropy.coordinates.distances.Distance
#       unit: !astropy.units.Unit {unit: kpc}
#       value: !astropy.table.SerializedColumn {name: distance}
#     pm_dec:
#       __class__: astropy.units.quantity.Quantity
#       unit: !astropy.units.Unit {unit: mas / yr}
#       value: !astropy.table.SerializedColumn {name: pm_dec}
#     pm_ra_cosdec:
#       __class__: astropy.units.quantity.Quantity
#       unit: !astropy.units.Unit {unit: mas / yr}
#       value: !astropy.table.SerializedColumn {name: pm_ra_cosdec}
#     ra:
#       __class__: astropy.coordinates.angles.Longitude
#       unit: *id001
#       value: !astropy.table.SerializedColumn {name: ra}
#       wrap_angle: !astropy.coordinates.Angle
#         unit: *id001
#         value: 360.0
#     radial_velocity:
#       __class__: astropy.units.quantity.Quantity
#       unit: !astropy.units.Unit {unit: km / s}
#       value: !astropy.table.SerializedColumn {name: radial_velocity}
# schema: astropy-2.0
ra,dec,distance,pm_ra_cosdec,pm_dec,radial_velocity
[from data line 136]
210.1254657583936,28.993102574071074,15.264844458690868,-5.440002139969172,-0.8122565264442848,1.7262572616238293e-13
210.13546000879154,28.988245241498415,15.262436029853975,-5.440076463265129,-0.8125504617788419,1.7262572616238293e-13
210.14545267639835,28.983386185666173,15.26003100212481,-5.44015437856612,-0.8128419837829646,2.1051917824680845e-13
210.15544376270302,28.978525409303387,15.257629373085123,-5.440235880184091,-0.8131310949076969,2.1472956181174462e-13
210.1654332691955,28.97366291513851,15.255231140316669,-5.440320962432419,-0.8134177976064444,1.8104649329225526e-13
210.17542119736657,28.96879870589954,15.25283630140121,-5.440409619625895,-0.8137020943349695,1.515738083377021e-13
210.1854075487083,28.96393278431383,15.250444853920495,-5.440501846080739,-0.8139839875513879,9.262843842859572e-14
210.19539232471337,28.9590651531083,15.248056795456284,-5.440597636114589,-0.8142634797161762,1.1368035625327657e-13
210.20537552687554,28.954195815009328,15.24567212359033,-5.440696984046512,-0.8145405732921586,1.4736342477276593e-13
210.21535715668946,28.949324772742788,15.24329083590439,-5.440799884196979,-0.8148152707445179,2.063087946818723e-13
210.22533721565094,28.94445202903395,15.24091292998022,-5.4409063308879,-0.8150875745407705,8.841805486365955e-14
210.23531570525645,28.939577586607626,15.23853840339958,-5.441016318442594,-0.8153574871507931,1.642049590325106e-13
210.24529262700352,28.934701448188132,15.236167253744222,-5.4411298411858,-0.8156250110468044,1.7262572616238293e-13
210.25526798239076,28.929823616499142,15.233799478595902,-5.441246893443672,-0.8158901487033536,1.3052189051302125e-13
210.2652417729175,28.924944094263928,15.231435075536375,-5.441367469543788,-0.8161529025973443,2.1472956181174462e-13
210.27521400008416,28.920062884205173,15.229074042147401,-5.4414915638151395,-0.8164132752080089,1.6841534259744677e-13
210.28518466539194,28.915179989045082,15.226716376010728,-5.441619170588132,-0.8166712690169204,8.420767129872338e-14
210.29515377034323,28.910295411505256,15.22436207470812,-5.441750284194588,-0.8169268865079796,1.1789073981821273e-13
210.30512131644116,28.905409154306852,15.222011135821326,-5.441884898967741,-0.817180130167424,1.0525958912340423e-13
210.3150873051898,28.90052122017047,15.219663556932112,-5.4420230092422415,-0.8174310024838187,2.73674931720851e-13
210.32505173809423,28.895631611816228,15.21731933562222,-5.4421646093541565,-0.8176795059480556,1.6841534259744677e-13
210.33501461666046,28.890740331963606,15.214978469473424,-5.442309693640956,-0.817925643053349,1.4736342477276593e-13
210.34497594239542,28.885847383331683,15.212640956067464,-5.442458256441531,-0.8181694162952385,6.73661370389787e-14
210.35493571680684,28.88095276863899,15.210306792986097,-5.44261029209618,-0.8184108281715917,1.3052189051302125e-13
210.36489394140366,28.87605649060346,15.20797597781109,-5.4427657949466095,-0.8186498811825783,1.0525958912340423e-13
210.37485061769547,28.871158551942585,15.205648508124192,-5.442924759335939,-0.818886577830699,1.221011233831489e-13
210.38480574719293,28.866258955373308,15.203324381507157,-5.443087179608694,-0.8191209206207642,2.2315032894161697e-13
210.39475933140756,28.86135770361208,15.201003595541742,-5.443253050110814,-0.8193529120598959,1.3894265764289357e-13
210.40471137185193,28.856454799374735,15.198686147809706,-5.443422365189637,-0.8195825546575264,1.0946997268834039e-13
210.41466187003934,28.851550245376668,15.196372035892805,-5.443595119193917,-0.8198098509253972,2.48412630331234e-13
210.42461082748417,28.846644044332752,15.194061257372788,-5.44377130647381,-0.8200348033775545,5.894536990910637e-14
210.43455824570157,28.841736198957328,15.191753809831422,-5.4439509213808766,-0.8202574145303559,1.768361097273191e-13
210.4445041262078,28.836826711964143,15.189449690850456,-5.444133958268083,-0.8204776869024459,2.2736071250655313e-13
210.4544484705199,28.83191558606654,15.187148898011644,-5.4443204114898025,-0.82069562301478,5.4734986344170195e-14
210.46439128015584,28.827002823977253,15.184851428896744,-5.444510275401809,-0.820911225390613,7.578690416885104e-14
210.4743325566345,28.822088428408552,15.182557281087513,-5.444703544361278,-0.8211244965554902,1.1368035625327657e-13
210.48427230147576,28.817172402072124,15.180266452165712,-5.4449002127267905,-0.8213354390372474,1.894672604221276e-13
210.4942105162003,28.812254747679187,15.177978939713087,-5.445100274858328,-0.8215440553660202,3.031476166754042e-13
210.50414720232982,28.807335467940423,15.1756947413114,-5.445303725117273,-0.8217503480742268,2.442022467662978e-13
210.51408236138676,28.80241456556601,15.173413854542405,-5.445510557866404,-0.821954319696579,8.841805486365955e-14
210.52401599489465,28.79749204326553,15.171136276987855,-5.445720767469905,-0.8221559727700687,1.5999457546757442e-13
210.53394810437786,28.792567903748132,15.168862006229512,-5.445934348293356,-0.8223553098339709,2.315710960714893e-13
210.54387869136158,28.787642149722434,15.166591039849132,-5.446151294703735,-0.8225523334298455,1.3894265764289357e-13
210.5538077573721,28.782714783896463,15.164323375428467,-5.4463716010694165,-0.8227470461015287,1.5578419190263825e-13
210.56373530393643,28.77778580897778,15.162059010549273,-5.446595261760174,-0.8229394503951336,1.3894265764289357e-13
210.5736613325825,28.772855227673443,15.159797942793306,-5.446822271147171,-0.8231295488590509,1.1368035625327657e-13
210.5835858448392,28.767923042689986,15.157540169742322,-5.447052623602977,-0.8233173440439442,1.3894265764289357e-13
210.59350884223636,28.76298925673334,15.155285688978081,-5.447286313501547,-0.8235028385027406,2.1051917824680845e-13
210.60343032630465,28.75805387250902,15.153034498082334,-5.447523335218233,-0.8236860347906434,1.347322740779574e-13
210.61335029857557,28.753116892721973,15.15078659463684,-5.44776368312978,-0.8238669354651202,5.894536990910637e-14
210.62326876058157,28.74817832007665,15.148541976223347,-5.448007351614327,-0.8240455430859093,1.515738083377021e-13
210.6331857138561,28.74323815727693,15.146300640423625,-5.448254335051401,-0.8242218602149964,7.999728773378721e-14
210.64310115993334,28.73829640702623,15.144062584819421,-5.448504627821923,-0.8243958894166432,1.3894265764289357e-13
210.65301510034843,28.733353072027455,15.141827806992492,-5.448758224308207,-0.8245676332573628,1.0104920555846805e-13
210.6629275366374,28.728408154982898,15.139596304524597,-5.449015118893949,-0.8247370943059242,1.9367764398706378e-13
210.6728384703372,28.723461658594427,15.137368074997488,-5.449275305964244,-0.8249042751333523,2.020984111169361e-13
210.68274790298565,28.71851358556338,15.13514311599292,-5.449538779905567,-0.8250691783129253,1.347322740779574e-13
210.6926558361213,28.713563938590568,15.132921425092652,-5.44980553510579,-0.825231806420173,2.48412630331234e-13
210.7025622712839,28.708612720376223,15.130702999878439,-5.450075565954156,-0.8253921620328653,7.157652060391487e-14
210.7124672100138,28.703659933620134,15.128487837932036,-5.450348866841315,-0.8255502477310287,1.6841534259744677e-13
210.7223706538524,28.698705581021557,15.126275936835201,-5.450625432159285,-0.8257060660969258,1.0104920555846805e-13
210.73227260434183,28.693749665279242,15.124067294169691,-5.450905256301478,-0.8258596197150704,1.515738083377021e-13
210.74217306302526,28.688792189091334,15.121861907517257,-5.451188333662692,-0.8260109111722046,2.1051917824680845e-13
210.7520720314467,28.68383315515557,15.119659774459661,-5.4514746586391,-0.8261599430573164,2.9051646598059566e-13
210.76196951115097,28.678872566169105,15.11746089257865,-5.451764225628267,-0.8263067179616285,1.894672604221276e-13
210.7718655036837,28.67391042482864,15.11526525945599,-5.452057029029135,-0.8264512384786,2.020984111169361e-13
210.78176001059165,28.668946733830264,15.113072872673431,-5.452353063242027,-0.8265935072039143,1.9367764398706378e-13
210.79165303342225,28.663981495869603,15.110883729812727,-5.452652322668654,-0.8267335267354917,1.7262572616238293e-13
210.8015445737238,28.65901471364181,15.108697828455643,-5.452954801712094,-0.8268712996734807,9.683882199353189e-14
210.81143463304556,28.654046389841408,15.10651516618393,-5.453260494776817,-0.827006828620249,1.768361097273191e-13
210.82132321293764,28.649076527162496,15.104335740579339,-5.4535693962686675,-0.827140116180396,1.894672604221276e-13
210.831210314951,28.644105128298644,15.102159549223632,-5.453881500594868,-0.8272711649607362,1.768361097273191e-13
210.84109594063736,28.6391321959429,15.099986589698561,-5.454196802164015,-0.8273999775703119,1.3894265764289357e-13
210.85098009154956,28.634157732787724,15.097816859585889,-5.454515295386086,-0.8275265566203749,1.3052189051302125e-13
210.8608627692411,28.629181741525166,15.095650356467363,-5.454836974672434,-0.8276509047243961,1.5578419190263825e-13
210.87074397526638,28.62420422484671,15.093487077924744,-5.455161834435785,-0.8277730244980634,2.1893994537668078e-13
210.88062371118065,28.619225185443355,15.091327021539787,-5.455489869090244,-0.8278929185592746,1.8104649329225526e-13
210.8905019785402,28.6142446260055,15.089170184894247,-5.455821073051288,-0.8280105895281316,1.0525958912340423e-13
210.90037877890185,28.609262549223118,15.087016565569881,-5.456155440735763,-0.8281260400269503,5.894536990910637e-14
210.91025411382358,28.60427895778563,15.084866161148446,-5.4564929665618935,-0.8282392726802545,1.3052189051302125e-13
210.920127984864,28.59929385438198,15.082718969211692,-5.456833644949271,-0.8283502901147698,1.5999457546757442e-13
210.93000039358284,28.594307241700502,15.080574987341382,-5.4571774703188645,-0.8284590949594139,9.262843842859572e-14
210.93987134154042,28.589319122429103,15.078434213119271,-5.457524437093007,-0.828565689845318,1.1368035625327657e-13
210.94974083029797,28.58432949925518,15.076296644127112,-5.457874539695406,-0.8286700774058082,2.063087946818723e-13
210.95960886141776,28.579338374865515,15.074162277946664,-5.458227772551133,-0.8287722602763969,2.1472956181174462e-13
210.96947543646274,28.57434575194648,15.07203111215968,-5.458584130086634,-0.8288722410948035,1.1368035625327657e-13
210.9793405569967,28.569351633183903,15.069903144347913,-5.45894360672972,-0.8289700225009303,9.683882199353189e-14
210.98920422458428,28.564356021263105,15.067778372093128,-5.459306196909569,-0.8290656071368747,1.515738083377021e-13
210.99906644079115,28.559358918868817,15.065656792977077,-5.459671895056719,-0.8291589976469185,2.1051917824680845e-13
211.00892720718358,28.554360328685355,15.063538404581513,-5.460040695603092,-0.8292501966775263,2.063087946818723e-13
211.01878652532884,28.54936025339648,15.061423204488193,-5.460412592981953,-0.8293392068773557,1.7262572616238293e-13
211.02864439679493,28.544358695685464,15.059311190278875,-5.4607875816279465,-0.829426030897242,8.841805486365955e-14
211.0385008231508,28.539355658234992,15.057202359535308,-5.461165655977076,-0.8295106713901952,2.610437810260425e-13
211.04835580596625,28.534351143727303,15.055096709839264,-5.461546810466701,-0.8295931310114107,1.347322740779574e-13
211.0582093468118,28.52934515484412,15.052994238772483,-5.461931039535557,-0.8296734124182573,1.9367764398706378e-13
211.06806144725886,28.52433769426665,15.050894943916724,-5.4623183376237305,-0.8297515182702792,2.020984111169361e-13
211.07791210887976,28.519328764675524,15.048798822853751,-5.46270869917267,-0.8298274512291869,1.8525687685719145e-13
211.08776133324758,28.51431836875095,15.046705873165308,-5.463102118625195,-0.8299012139588663,2.442022467662978e-13
211.09760912193622,28.509306509172585,15.044616092433163,-5.4634985904254645,-0.8299728091253733,7.157652060391487e-14
211.1074554765205,28.504293188619542,15.042529478239059,-5.463898109019014,-0.8300422393969241,1.1789073981821273e-13
211.11730039857602,28.499278409770458,15.040446028164766,-5.4643006688527285,-0.8301095074439023,7.157652060391487e-14
211.1271438896792,28.494262175303465,15.038365739792035,-5.464706264374852,-0.8301746159388564,2.1051917824680845e-13
211.13698595140724,28.489244487896194,15.036288610702611,-5.465114890034992,-0.830237567556489,2.1051917824680846e-14
211.14682658533835,28.48422535022567,15.034214638478266,-5.465526540284095,-0.8302983649736674,1.642049590325106e-13
211.1566657930514,28.47920476496851,15.032143820700744,-5.465941209574485,-0.8303570108694073,1.6841534259744677e-13
211.1665035761261,28.474182734800774,15.030076154951812,-5.466358892359821,-0.8304135079248873,1.3052189051302125e-13
211.17633993614305,28.469159262398062,15.028011638813211,-5.46677958309513,-0.8304678588234382,9.262843842859572e-14
211.1861748746837,28.464134350435348,15.02595026986671,-5.467203276236784,-0.8305200662505307,7.999728773378721e-14
211.19600839333026,28.4591080015872,15.023892045694064,-5.4676299662425105,-0.8305701328937954,8.841805486365955e-14
211.2058404936657,28.45408021852764,15.021836963877027,-5.468059647571389,-0.8306180614430058,1.0104920555846805e-13
211.2156711772739,28.4490510039302,15.019785021997347,-5.468492314683847,-0.8306638545900843,2.020984111169361e-13
211.2255004457396,28.44402036046784,15.017736217636786,-5.468927962041669,-0.8307075150290832,1.4315304120782974e-13
211.23532830064832,28.438988290813054,15.015690548377105,-5.469366584107984,-0.8307490454562093,1.894672604221276e-13
211.24515474358626,28.433954797637867,15.01364801180005,-5.469808175347276,-0.8307884485698036,1.2631150694808508e-13
211.25497977614066,28.428919883613666,15.011608605487387,-5.470252730225368,-0.8308257270703417,1.2631150694808508e-13
211.26480339989945,28.423883551411468,15.009572327020864,-5.470700243209438,-0.8308608836604362,1.8525687685719145e-13
211.27462561645143,28.418845803701696,15.007539173982241,-5.471150708768011,-0.8308939210448338,7.999728773378721e-14
211.28444642738603,28.413806643154313,15.005509143953276,-5.471604121370951,-0.8309248419304146,1.0946997268834039e-13
211.2942658342938,28.408766072438706,15.003482234515719,-5.47206047548948,-0.8309536490261793,1.642049590325106e-13
211.30408383876588,28.403724094223808,15.001458443251327,-5.472519765596156,-0.830980345043263,1.642049590325106e-13
211.31390044239427,28.39868071117802,14.999437767741858,-5.472981986164883,-0.8310049326949269,1.3894265764289357e-13
211.32371564677177,28.393635925969274,14.997420205569071,-5.473447131670909,-0.8310274146965517,8.420767129872338e-14
211.33352945349202,28.3885897412649,14.995405754314715,-5.473915196590825,-0.8310477937656418,1.6841534259744677e-13
211.3433418641495,28.383542159731803,14.99339441156055,-5.474386175402571,-0.8310660726218192,7.157652060391487e-14
211.35315288033934,28.378493184036344,14.991386174888333,-5.474860062585412,-0.831082253986828,1.9788802755199994e-13
211.36296250365763,28.37344281684442,14.989381041879819,-5.47533685261997,-0.8310963405845262,1.3894265764289357e-13
211.3727707357012,28.368391060821317,14.987379010116761,-5.475816539988202,-0.8311083351408802,1.7262572616238293e-13
211.3825775780677,28.36333791863191,14.985380077180919,-5.476299119173399,-0.8311182403839764,2.48412630331234e-13
211.3923830323555,28.35828339294056,14.983384240654045,-5.476784584660202,-0.8311260590440089,1.9788802755199994e-13
211.40218710016393,28.353227486411033,14.9813914981179,-5.477272930934578,-0.831131793853277,2.315710960714893e-13
211.411989783093,28.34817020170667,14.979401847154238,-5.477764152483839,-0.8311354475461885,2.1472956181174462e-13
211.4217910827435,28.343111541490277,14.977415285344808,-5.4782582437966365,-0.8311370228592565,2.1051917824680845e-13
211.43159100071705,28.338051508424194,14.975431810271374,-5.478755199362946,-0.8311365225310975,7.999728773378721e-14
211.4413895386161,28.33299010517015,14.973451419515692,-5.479255013674092,-0.8311339493024236,1.9788802755199994e-13
211.4511866980439,28.327927334389443,14.971474110659516,-5.479757681222724,-0.8311293059160498,1.4736342477276593e-13
211.46098248060437,28.322863198742873,14.969499881284598,-5.480263196502832,-0.8311225951168859,1.8104649329225526e-13
