galstreams/tracks/track.st.Hyllus.grillmair2014.ecsv
# %ECSV 1.0
# ---
# datatype:
# - {name: ra, unit: deg, datatype: float64}
# - {name: dec, unit: deg, datatype: float64}
# - {name: distance, unit: kpc, datatype: float64}
# - {name: pm_ra_cosdec, unit: mas / yr, datatype: float64}
# - {name: pm_dec, unit: mas / yr, datatype: float64}
# - {name: radial_velocity, unit: km / s, datatype: float64}
# delimiter: ','
# meta: !!omap
# - __serialized_columns__:
#     dec:
#       __class__: astropy.coordinates.angles.Latitude
#       unit: &id001 !astropy.units.Unit {unit: deg}
#       value: !astropy.table.SerializedColumn {name: dec}
#     distance:
#       __class__: astropy.coordinates.distances.Distance
#       unit: !astropy.units.Unit {unit: kpc}
#       value: !astropy.table.SerializedColumn {name: distance}
#     pm_dec:
#       __class__: astropy.units.quantity.Quantity
#       unit: !astropy.units.Unit {unit: mas / yr}
#       value: !astropy.table.SerializedColumn {name: pm_dec}
#     pm_ra_cosdec:
#       __class__: astropy.units.quantity.Quantity
#       unit: !astropy.units.Unit {unit: mas / yr}
#       value: !astropy.table.SerializedColumn {name: pm_ra_cosdec}
#     ra:
#       __class__: astropy.coordinates.angles.Longitude
#       unit: *id001
#       value: !astropy.table.SerializedColumn {name: ra}
#       wrap_angle: !astropy.coordinates.Angle
#         unit: *id001
#         value: 360.0
#     radial_velocity:
#       __class__: astropy.units.quantity.Quantity
#       unit: !astropy.units.Unit {unit: km / s}
#       value: !astropy.table.SerializedColumn {name: radial_velocity}
# schema: astropy-2.0
ra,dec,distance,pm_ra_cosdec,pm_dec,radial_velocity
[from data line 707]
246.6932638347131,17.909005997916186,21.648321950382346,0.0,0.0,0.0
246.6909672970205,17.91886035445819,21.64639340523281,0.0,0.0,0.0
246.6886736863695,17.928714951697167,21.644464811569577,0.0,0.0,0.0
246.68638300270473,17.938569789674457,21.64253616939369,0.0,0.0,0.0
246.68409524597124,17.9484248684314,21.640607478706197,0.0,0.0,0.0
246.68181041611453,17.958280188009542,21.638678739508173,0.0,0.0,0.0
246.6795285130808,17.968135748450276,21.636749951800645,0.0,0.0,0.0
246.6772495368168,17.97799154979505,21.634821115584682,0.0,0.0,0.0
246.67497348726948,17.987847592085497,21.632892230861327,0.0,0.0,0.0
246.6727003643868,17.997703875363136,21.63096329763163,0.0,0.0,0.0
246.67043016811684,18.00756039966956,21.62903431589665,0.0,0.0,0.0
246.66816289840847,18.017417165046343,21.62710528565744,0.0,0.0,0.0
246.66589855521096,18.027274171535268,21.62517620691505,0.0,0.0,0.0
246.66363713847412,18.037131419177967,21.623247079670534,0.0,0.0,0.0
246.66137864814831,18.04698890801618,21.621317903924943,0.0,0.0,0.0
246.65912308418453,18.056846638091596,21.619388679679325,0.0,0.0,0.0
246.65687044653416,18.066704609446138,21.61745940693473,0.0,0.0,0.0
246.65462073514917,18.076562822121563,21.615530085692225,0.0,0.0,0.0
246.65237394998198,18.086421276159736,21.613600715952852,0.0,0.0,0.0
246.65013009098578,18.09627997160246,21.611671297717667,0.0,0.0,0.0
246.6478891581139,18.106138908491793,21.60974183098772,0.0,0.0,0.0
246.6456511513206,18.115998086869602,21.607812315764054,0.0,0.0,0.0
246.64341607056048,18.12585750677788,21.605882752047737,0.0,0.0,0.0
246.6411839157887,18.135717168258545,21.60395313983982,0.0,0.0,0.0
246.6389546869609,18.145577071353763,21.60202347914134,0.0,0.0,0.0
246.63672838403332,18.155437216105533,21.60009376995336,0.0,0.0,0.0
246.63450500696268,18.16529760255594,21.598164012276943,0.0,0.0,0.0
246.63228455570632,18.175158230747037,21.596234206113124,0.0,0.0,0.0
246.63006703022205,18.185019100721085,21.594304351462956,0.0,0.0,0.0
246.6278524304682,18.194880212520186,21.592374448327504,0.0,0.0,0.0
246.62564075640373,18.204741566186545,21.59044449670781,0.0,0.0,0.0
246.62343200798793,18.214603161762312,21.588514496604926,0.0,0.0,0.0
246.6212261851809,18.22446499928986,21.586584448019913,0.0,0.0,0.0
246.619023287943,18.23432707881139,21.584654350953816,0.0,0.0,0.0
246.61682331623533,18.2441894003692,21.582724205407683,0.0,0.0,0.0
246.61462627001941,18.25405196400556,21.58079401138258,0.0,0.0,0.0
246.61243214925742,18.263914769762913,21.578863768879547,0.0,0.0,0.0
246.61024095391187,18.273777817683577,21.576933477899637,0.0,0.0,0.0
246.60805268394594,18.28364110780994,21.57500313844392,0.0,0.0,0.0
246.6058673393234,18.293504640184363,21.573072750513425,0.0,0.0,0.0
246.60368492000842,18.30336841484939,21.57114231410921,0.0,0.0,0.0
246.6015054259658,18.313232431847425,21.569211829232334,0.0,0.0,0.0
246.59932885716077,18.323096691220933,21.567281295883845,0.0,0.0,0.0
246.5971552135593,18.332961193012377,21.5653507140648,0.0,0.0,0.0
246.59498449512762,18.342825937264383,21.563420083776244,0.0,0.0,0.0
246.59281670183276,18.352690924019427,21.561489405019238,0.0,0.0,0.0
246.59065183364214,18.36255615332003,21.559558677794822,0.0,0.0,0.0
246.5884898905237,18.37242162520888,21.55762790210406,0.0,0.0,0.0
246.58633087244596,18.38228733972852,21.555697077947997,0.0,0.0,0.0
246.5841747793781,18.392153296921578,21.553766205327687,0.0,0.0,0.0
246.5820216112895,18.402019496830622,21.551835284244184,0.0,0.0,0.0
246.57987136815044,18.411885939498436,21.54990431469854,0.0,0.0,0.0
246.5777240499316,18.42175262496763,21.547973296691815,0.0,0.0,0.0
246.57557965660408,18.431619553280907,21.54604223022504,0.0,0.0,0.0
246.57343818813973,18.441486724480907,21.544111115299287,0.0,0.0,0.0
246.57129964451082,18.451354138610487,21.5421799519156,0.0,0.0,0.0
246.56916402569007,18.461221795712312,21.54024874007504,0.0,0.0,0.0
246.56703133165095,18.471089695829168,21.53831747977864,0.0,0.0,0.0
246.5649015623673,18.480957839003754,21.536386171027477,0.0,0.0,0.0
246.5627747178136,18.490826225278976,21.534454813822578,0.0,0.0,0.0
246.56065079796474,18.500694854697596,21.532523408165012,0.0,0.0,0.0
246.55852980279633,18.51056372730241,21.530591954055833,0.0,0.0,0.0
246.55641173228435,18.520432843136227,21.528660451496084,0.0,0.0,0.0
246.55429658640546,18.530302202241984,21.526728900486823,0.0,0.0,0.0
246.5521843651367,18.5401718046625,21.52479730102909,0.0,0.0,0.0
246.5500750684558,18.550041650440644,21.522865653123958,0.0,0.0,0.0
246.54796869634097,18.55991173961924,21.520933956772467,0.0,0.0,0.0
246.54586524877098,18.569782072241313,21.51900221197567,0.0,0.0,0.0
246.54376472572503,18.57965264834972,21.51707041873462,0.0,0.0,0.0
246.541667127183,18.589523467987377,21.515138577050365,0.0,0.0,0.0
246.5395724531253,18.599394531197163,21.513206686923965,0.0,0.0,0.0
246.53748070353282,18.609265838022143,21.51127474835647,0.0,0.0,0.0
246.53539187838697,18.619137388505205,21.509342761348936,0.0,0.0,0.0
246.53330597766978,18.629009182689334,21.5074107259024,0.0,0.0,0.0
246.53122300136377,18.63888122061744,21.505478642017934,0.0,0.0,0.0
246.52914294945205,18.64875350233261,21.503546509696573,0.0,0.0,0.0
246.52706582191823,18.6586260278778,21.50161432893938,0.0,0.0,0.0
246.52499161874644,18.668498797296014,21.499682099747407,0.0,0.0,0.0
246.52292033992137,18.678371810630196,21.497749822121705,0.0,0.0,0.0
246.52085198542832,18.68824506792348,21.495817496063324,0.0,0.0,0.0
246.518786555253,18.698118569218842,21.493885121573317,0.0,0.0,0.0
246.51672404938182,18.707992314559313,21.49195269865274,0.0,0.0,0.0
246.5146644678016,18.717866303987883,21.490020227302626,0.0,0.0,0.0
246.51260781049973,18.7277405375477,21.488087707524066,0.0,0.0,0.0
246.5105540774642,18.737615015281783,21.486155139318075,0.0,0.0,0.0
246.50850326868348,18.747489737233174,21.484222522685727,0.0,0.0,0.0
246.50645538414673,18.757364703444885,21.48228985762806,0.0,0.0,0.0
246.50441042384338,18.767239913960093,21.48035714414614,0.0,0.0,0.0
246.50236838776365,18.777115368821836,21.47842438224101,0.0,0.0,0.0
246.5003292758982,18.786991068073114,21.476491571913723,0.0,0.0,0.0
246.49829308823823,18.796867011757133,21.47455871316534,0.0,0.0,0.0
246.4962598247755,18.80674319991692,21.472625805996902,0.0,0.0,0.0
246.49422948550236,18.816619632595568,21.470692850409463,0.0,0.0,0.0
246.49220207041162,18.82649630983611,21.46875984640408,0.0,0.0,0.0
246.49017757949665,18.83637323168175,21.466826793981806,0.0,0.0,0.0
246.48815601275146,18.846250398175524,21.464893693143686,0.0,0.0,0.0
246.48613737017052,18.856127809360544,21.462960543890777,0.0,0.0,0.0
246.4841216517488,18.866005465279844,21.46102734622413,0.0,0.0,0.0
246.482108857482,18.875883365976637,21.459094100144803,0.0,0.0,0.0
246.48009898736612,18.885761511493964,21.457160805653846,0.0,0.0,0.0
246.47809204139787,18.895639901874937,21.4552274627523,0.0,0.0,0.0
246.4760880195745,18.90551853716259,21.45329407144123,0.0,0.0,0.0
246.47408692189376,18.915397417400133,21.451360631721688,0.0,0.0,0.0
246.47208874835394,18.925276542630613,21.449427143594722,0.0,0.0,0.0
246.47009349895384,18.93515591289713,21.447493607061375,0.0,0.0,0.0
246.468101173693,18.94503552824273,21.44556002212272,0.0,0.0,0.0
246.46611177257125,18.954915388710607,21.443626388779798,0.0,0.0,0.0
246.46412529558913,18.964795494343797,21.44169270703366,0.0,0.0,0.0
246.4621417427477,18.97467584518539,21.43975897688536,0.0,0.0,0.0
246.46016111404853,18.984556441278425,21.43782519833595,0.0,0.0,0.0
246.45818340949373,18.994437282666095,21.43589137138649,0.0,0.0,0.0
246.45620862908603,19.004318369391413,21.43395749603801,0.0,0.0,0.0
246.45423677282866,19.014199701497457,21.43202357229158,0.0,0.0,0.0
246.45226784072545,19.024081279027232,21.430089600148257,0.0,0.0,0.0
246.45030183278064,19.033963102023925,21.428155579609083,0.0,0.0,0.0
246.4483387489992,19.04384517053055,21.426221510675113,0.0,0.0,0.0
246.44637858938646,19.053727484590134,21.424287393347395,0.0,0.0,0.0
246.4444213539485,19.063610044245685,21.422353227626992,0.0,0.0,0.0
246.44246704269173,19.073492849540347,21.42041901351495,0.0,0.0,0.0
246.4405156556234,19.083375900517108,21.41848475101232,0.0,0.0,0.0
246.43856719275098,19.093259197218988,21.41655044012015,0.0,0.0,0.0
246.43662165408273,19.10314273968896,21.414616080839508,0.0,0.0,0.0
246.43467903962735,19.11302652797013,21.41268167317142,0.0,0.0,0.0
246.43273934939415,19.122910562105453,21.410747217116967,0.0,0.0,0.0
246.4308025833929,19.132794842137926,21.408812712677186,0.0,0.0,0.0
246.4288687416341,19.142679368110475,21.406878159853132,0.0,0.0,0.0
246.4269378241285,19.152564140066197,21.404943558645854,0.0,0.0,0.0
246.42500983088777,19.16244915804799,21.403008909056407,0.0,0.0,0.0
246.42308476192383,19.17233442209881,21.40107421108585,0.0,0.0,0.0
246.42116261724922,19.18221993226156,21.39913946473522,0.0,0.0,0.0
246.41924339687722,19.192105688579275,21.39720467000559,0.0,0.0,0.0
246.41732710082144,19.20199169109483,21.395269826897987,0.0,0.0,0.0
246.4154137290961,19.211877939851075,21.39333493541349,0.0,0.0,0.0
246.41350328171606,19.221764434891018,21.391399995553126,0.0,0.0,0.0
246.4115957586966,19.231651176257497,21.38946500731796,0.0,0.0,0.0
246.40969116005368,19.241538163993386,21.387529970709053,0.0,0.0,0.0
246.4077894858037,19.2514253981415,21.385594885727443,0.0,0.0,0.0
246.40589073596362,19.261312878744786,21.383659752374186,0.0,0.0,0.0
246.40399491055115,19.27120060584603,21.381724570650334,0.0,0.0,0.0
246.40210200958427,19.281088579488053,21.379789340556936,0.0,0.0,0.0
246.40021203308171,19.290976799713597,21.37785406209506,0.0,0.0,0.0
246.3983249810626,19.300865266565573,21.37591873526574,0.0,0.0,0.0
246.3964408535468,19.31075398008669,21.37398336007004,0.0,0.0,0.0
246.39455965055464,19.32064294031973,21.372047936509002,0.0,0.0,0.0
246.39268137210698,19.330532147307373,21.37011246458368,0.0,0.0,0.0
246.39080601822522,19.340421601092437,21.36817694429514,0.0,0.0,0.0
246.38893358893142,19.350311301717603,21.366241375644424,0.0,0.0,0.0
246.38706408424804,19.36020124922557,21.364305758632582,0.0,0.0,0.0
246.3851975041983,19.370091443658932,21.36237009326067,0.0,0.0,0.0
246.38333384880573,19.379981885060484,21.36043437952974,0.0,0.0,0.0
246.38147311809465,19.3898725734728,21.358498617440837,0.0,0.0,0.0
246.37961531208973,19.399763508938502,21.356562806995022,0.0,0.0,0.0
246.3777604308164,19.409654691500144,21.35462694819335,0.0,0.0,0.0
246.37590847430045,19.41954612120042,21.352691041036866,0.0,0.0,0.0
246.37405944256832,19.429437798081832,21.35075508552662,0.0,0.0,0.0
246.3722133356471,19.439329722186933,21.34881908166368,0.0,0.0,0.0
246.3703701535643,19.449221893558192,21.346883029449078,0.0,0.0,0.0
246.36852989634795,19.459114312238228,21.34494692888388,0.0,0.0,0.0
246.36669256402678,19.46900697826945,21.34301077996913,0.0,0.0,0.0
246.36485815663002,19.47889989169434,21.341074582705886,0.0,0.0,0.0
246.36302667418747,19.488793052555266,21.3391383370952,0.0,0.0,0.0
246.36119811672935,19.498686460894763,21.33720204313812,0.0,0.0,0.0
246.35937248428672,19.508580116755187,21.335265700835706,0.0,0.0,0.0
246.35754977689092,19.51847402017888,21.333329310189,0.0,0.0,0.0
246.3557299945741,19.52836817120815,21.331392871199053,0.0,0.0,0.0
246.35391313736864,19.538262569885436,21.329456383866933,0.0,0.0,0.0
246.35209920530778,19.54815721625298,21.32751984819368,0.0,0.0,0.0
246.35028819842526,19.558052110353056,21.325583264180356,0.0,0.0,0.0
246.3484801167552,19.56794725222787,21.323646631828005,0.0,0.0,0.0
246.34667496033254,19.577842641919755,21.32170995113767,0.0,0.0,0.0
246.34487272919256,19.58773827947086,21.31977322211042,0.0,0.0,0.0
246.34307342337124,19.597634164923296,21.317836444747304,0.0,0.0,0.0
246.341277042905,19.60753029831933,21.315899619049368,0.0,0.0,0.0
246.33948358783098,19.617426679701037,21.313962745017665,0.0,0.0,0.0
246.33769305818674,19.627323309110505,21.312025822653258,0.0,0.0,0.0
246.33590545401051,19.637220186589744,21.310088851957186,0.0,0.0,0.0
246.33412077534092,19.64711731218092,21.308151832930502,0.0,0.0,0.0
246.33233902221738,19.65701468592598,21.306214765574275,0.0,0.0,0.0
246.33056019467963,19.666912307866916,21.304277649889542,0.0,0.0,0.0
246.32878429276815,19.676810178045624,21.302340485877355,0.0,0.0,0.0
246.32701131652396,19.686708296504143,21.300403273538766,0.0,0.0,0.0
246.32524126598855,19.696606663284317,21.298466012874837,0.0,0.0,0.0
246.323474141204,19.706505278428022,21.29652870388661,0.0,0.0,0.0
246.32170994221303,19.716404141977034,21.294591346575142,0.0,0.0,0.0
246.31994866905887,19.726303253973274,21.292653940941488,0.0,0.0,0.0
246.3181903217853,19.73620261445846,21.2907164869867,0.0,0.0,0.0
246.3164349004366,19.746102223474338,21.288778984711826,0.0,0.0,0.0
246.31468240505777,19.75600208106258,21.286841434117914,0.0,0.0,0.0
246.31293283569428,19.765902187264956,21.284903835206027,0.0,0.0,0.0
246.31118619239223,19.775802542123078,21.282966187977213,0.0,0.0,0.0
246.3094424751981,19.785703145678564,21.28102849243252,0.0,0.0,0.0
246.30770168415918,19.79560399797294,21.279090748573005,0.0,0.0,0.0
246.30596381932313,19.805505099047867,21.277152956399718,0.0,0.0,0.0
246.30422888073832,19.815406448944806,21.27521511591371,0.0,0.0,0.0
246.3024968684536,19.825308047705242,21.273277227116044,0.0,0.0,0.0
246.3007677825184,19.83520989537056,21.271339290007756,0.0,0.0,0.0
246.2990416229827,19.8451119919823,21.26940130458991,0.0,0.0,0.0
246.29731838989704,19.855014337581775,21.267463270863548,0.0,0.0,0.0
246.29559808331265,19.864916932210345,21.265525188829734,0.0,0.0,0.0
246.29388070328116,19.874819775909234,21.26358705848952,0.0,0.0,0.0
246.29216624985483,19.884722868719848,21.261648879843946,0.0,0.0,0.0
246.29045472308644,19.89462621068336,21.25971065289407,0.0,0.0,0.0
246.28874612302954,19.904529801840965,21.257772377640947,0.0,0.0,0.0
246.2870404497379,19.914433642233764,21.255834054085632,0.0,0.0,0.0
246.28533770326618,19.924337731902998,21.25389568222917,0.0,0.0,0.0
246.28363788366948,19.93424207088969,21.251957262072626,0.0,0.0,0.0
246.2819409910034,19.944146659234903,21.25001879361703,0.0,0.0,0.0
246.28024702532426,19.954051496979567,21.24808027686345,0.0,0.0,0.0
246.27855598668873,19.96395658416477,21.24614171181294,0.0,0.0,0.0
246.27686787515427,19.97386192083139,21.244203098466542,0.0,0.0,0.0
246.2751826907788,19.98376750702026,21.242264436825316,0.0,0.0,0.0
246.27350043362085,19.993673342772322,21.24032572689032,0.0,0.0,0.0
246.27182110373943,20.00357942812836,21.238386968662592,0.0,0.0,0.0
246.2701447011942,20.013485763129125,21.236448162143187,0.0,0.0,0.0
246.26847122604542,20.023392347815342,21.234509307333163,0.0,0.0,0.0
246.26680067835386,20.033299182227637,21.23257040423358,0.0,0.0,0.0
246.26513305818085,20.04320626640677,21.230631452845465,0.0,0.0,0.0
246.26346836558835,20.05311360039329,21.22869245316989,0.0,0.0,0.0
246.26180660063875,20.06302118422769,21.22675340520791,0.0,0.0,0.0
246.26014776339525,20.072929017950603,21.224814308960568,0.0,0.0,0.0
246.25849185392138,20.082837101602433,21.222875164428913,0.0,0.0,0.0
246.25683887228143,20.092745435223616,21.22093597161401,0.0,0.0,0.0
246.2551888185401,20.10265401885448,21.218996730516903,0.0,0.0,0.0
246.25354169276275,20.112562852535465,21.217057441138646,0.0,0.0,0.0
246.25189749501536,20.122471936306827,21.215118103480282,0.0,0.0,0.0
246.25025622536432,20.1323812702088,21.21317871754288,0.0,0.0,0.0
246.24861788387682,20.14229085428154,21.211239283327487,0.0,0.0,0.0
246.24698247062034,20.152200688565305,21.209299800835147,0.0,0.0,0.0
246.2453499856632,20.16211077310016,21.20736027006692,0.0,0.0,0.0
246.2437204290742,20.17202110792617,21.205420691023857,0.0,0.0,0.0
246.24209380092256,20.18193169308328,21.20348106370701,0.0,0.0,0.0
246.24047010127836,20.191842528611588,21.201541388117427,0.0,0.0,0.0
246.23884933021196,20.201753614550956,21.199601664256168,0.0,0.0,0.0
246.2372314877945,20.211664950941252,21.197661892124277,0.0,0.0,0.0
246.23561657409766,20.22157653782226,21.195722071722816,0.0,0.0,0.0
