galstreams/tracks/track.st.Kshir.ibata2021.ecsv
# %ECSV 0.9
# ---
# datatype:
# - {name: ra, unit: deg, datatype: float64}
# - {name: dec, unit: deg, datatype: float64}
# - {name: distance, unit: kpc, datatype: float64}
# - {name: pm_ra_cosdec, unit: mas / yr, datatype: float64}
# - {name: pm_dec, unit: mas / yr, datatype: float64}
# - {name: radial_velocity, unit: km / s, datatype: float64}
# delimiter: ','
# meta: !!omap
# - __serialized_columns__:
#     dec:
#       __class__: astropy.coordinates.angles.Latitude
#       unit: &id001 !astropy.units.Unit {unit: deg}
#       value: !astropy.table.SerializedColumn {name: dec}
#     distance:
#       __class__: astropy.coordinates.distances.Distance
#       unit: !astropy.units.Unit {unit: kpc}
#       value: !astropy.table.SerializedColumn {name: distance}
#     pm_dec:
#       __class__: astropy.units.quantity.Quantity
#       unit: !astropy.units.Unit {unit: mas / yr}
#       value: !astropy.table.SerializedColumn {name: pm_dec}
#     pm_ra_cosdec:
#       __class__: astropy.units.quantity.Quantity
#       unit: !astropy.units.Unit {unit: mas / yr}
#       value: !astropy.table.SerializedColumn {name: pm_ra_cosdec}
#     ra:
#       __class__: astropy.coordinates.angles.Longitude
#       unit: *id001
#       value: !astropy.table.SerializedColumn {name: ra}
#       wrap_angle: !astropy.coordinates.Angle
#         unit: *id001
#         value: 360.0
#     radial_velocity:
#       __class__: astropy.units.quantity.Quantity
#       unit: !astropy.units.Unit {unit: km / s}
#       value: !astropy.table.SerializedColumn {name: radial_velocity}
# schema: astropy-2.0
ra,dec,distance,pm_ra_cosdec,pm_dec,radial_velocity
[from data line 970]
217.42804936388572,68.2390172854649,10.879864942608378,-7.53571132533534,-2.3003891810120543,3.368306851948935e-14
217.45490172361022,68.24000071883997,10.881755364424205,-7.535223094911702,-2.296683997902166,6.73661370389787e-14
217.48175652548284,68.24097931525664,10.88364418889258,-7.534733655359831,-2.292978776466039,8.420767129872338e-15
217.50861375878233,68.24195307075094,10.885531403998822,-7.534243004689051,-2.2892735197463336,4.210383564936169e-14
217.53547341276573,68.24292198136138,10.887416997728254,-7.533751140912857,-2.2855682307903544,6.73661370389787e-14
217.56233547666827,68.2438860431289,10.889300958066206,-7.533258062048933,-2.2818629126500403,8.420767129872338e-14
217.58919993970338,68.244845252097,10.891183272998012,-7.532763766119162,-2.278157568381973,2.5262301389617013e-14
217.61606679106276,68.2457996043116,10.89306393050899,-7.5322682511496435,-2.2744522010473642,5.894536990910637e-14
217.64293601991645,68.24674909582117,10.894942918584468,-7.531771515170691,-2.27074681371204,2.5262301389617013e-14
217.6698076154127,68.24769372267669,10.896820225209776,-7.531273556216845,-2.267041409446443,5.894536990910637e-14
217.6966815666781,68.2486334809316,10.898695838370234,-7.530774372326905,-2.263335991325615,1.6841534259744676e-14
217.72355786281756,68.24956836664197,10.900569746051172,-7.530273961543905,-2.2596305624292095,6.73661370389787e-14
217.75043649291436,68.2504983758663,10.902441936237917,-7.529772321915143,-2.255925125841454,5.894536990910637e-14
217.77731744603014,68.2514235046657,10.904312396915795,-7.5292694514921905,-2.252219684651162,5.0524602779234026e-14
217.8042007112049,68.25234374910379,10.906181116070133,-7.5287653483309045,-2.2485142419517334,7.578690416885104e-14
217.83108627745713,68.2532591052468,10.908048081686259,-7.528260010491424,-2.244808800841122,8.420767129872338e-14
217.85797413378364,68.25416956916347,10.909913281749496,-7.527753436038201,-2.2411033644218437,3.368306851948935e-14
217.88486426915975,68.25507513692516,10.91177670424517,-7.527245623039999,-2.237397935800976,9.262843842859572e-14
217.91175667253924,68.25597580460578,10.91363833715861,-7.526736569569895,-2.233692518090127,3.368306851948935e-14
217.93865133285436,68.25687156828188,10.915498168475143,-7.526226273705302,-2.2299871144054504,5.894536990910637e-14
217.96554823901587,68.25776242403253,10.917356186180095,-7.525714733527978,-2.226281727867624,1.1789073981821273e-13
217.99244737991313,68.25864836793951,10.91921237825879,-7.525201947124037,-2.2225763616018437,5.894536990910637e-14
218.0193487444139,68.25952939608716,10.921066732696556,-7.524687912583945,-2.2188710187378278,7.578690416885104e-14
218.04625232136462,68.26040550456243,10.922919237478723,-7.524172628002551,-2.2151657024097897,7.578690416885104e-14
218.0731580995903,68.26127668945493,10.924769880590611,-7.523656091479083,-2.2114604157564415,1.6841534259744676e-14
218.10006606789457,68.26214294685691,10.926618650017549,-7.523138301117162,-2.2077551619209888,1.6841534259744676e-14
218.12697621505964,68.26300427286327,10.928465533744868,-7.522619255024806,-2.204049944051113,5.0524602779234026e-14
218.15388852984643,68.26386066357156,10.930310519757887,-7.522098951314457,-2.2003447652989694,4.210383564936169e-14
218.18080300099447,68.264712115082,10.932153596041939,-7.521577388102971,-2.1966396288211762,3.368306851948935e-14
218.2077196172221,68.2655586234975,10.933994750582347,-7.521054563511646,-2.192934537778816,1.6841534259744676e-14
218.23463836722618,68.26640018492361,10.935833971364435,-7.520530475666211,-2.1892294953374094,4.210383564936169e-14
218.26155923968255,68.2672367954686,10.937671246373533,-7.520005122696861,-2.185524504666923,3.368306851948935e-14
218.2884822232456,68.26806845124347,10.939506563594973,-7.519478502738234,-2.1818195689417537,6.73661370389787e-14
218.31540730654868,68.26889514836186,10.941339911014072,-7.518950613929466,-2.178114691340722,5.0524602779234026e-14
218.34233447820378,68.26971688294019,10.943171276616157,-7.518421454414159,-2.1744098750470604,3.368306851948935e-14
218.36926372680182,68.27053365109752,10.945000648386563,-7.51789102234041,-2.170705123248416,2.5262301389617013e-14
218.39619504091254,68.27134544895573,10.946828014310606,-7.51735931586082,-2.167000439136827,8.420767129872338e-15
218.42312840908454,68.27215227263939,10.948653362373623,-7.516826333132506,-2.16329582590873,0.0
218.45006381984535,68.27295411827582,10.95047668056093,-7.516292072317098,-2.159591286764937,4.210383564936169e-14
218.47700126170136,68.27375098199512,10.952297956857862,-7.515756531580762,-2.1558868249106338,9.262843842859572e-14
218.50394072313796,68.27454285993014,10.954117179249737,-7.515219709094215,-2.15218244355537,4.210383564936169e-14
218.5308821926195,68.2753297482165,10.955934335721889,-7.514681603032712,-2.148478145913058,8.420767129872338e-15
218.5578256585892,68.27611164299257,10.95774941425964,-7.514142211576071,-2.144773935201952,7.578690416885104e-14
218.58477110946944,68.27688854039957,10.95956240284832,-7.513601532908694,-2.1410698146446454,8.420767129872338e-15
218.6117185336616,68.27766043658147,10.961373289473256,-7.513059565219547,-2.1373657874680676,3.368306851948935e-14
218.63866791954604,68.27842732768507,10.96318206211977,-7.5125163067021985,-2.1336618569034638,8.420767129872338e-15
218.66561925548226,68.27918920985992,10.964988708773191,-7.511971755554814,-2.129958026186401,5.0524602779234026e-14
218.6925725298089,68.2799460792585,10.966793217418845,-7.511425909980169,-2.126254298556736,1.6841534259744676e-14
218.7195277308436,68.28069793203602,10.968595576042057,-7.510878768185657,-2.1225506772586358,5.0524602779234026e-14
218.74648484688328,68.2814447643506,10.970395772628159,-7.510330328383301,-2.1188471655405503,6.315575347404254e-14
218.77344386620396,68.28218657236312,10.972193795162468,-7.509780588789767,-2.1151437666552004,6.315575347404254e-14
218.80040477706095,68.28292335223738,10.973989631630321,-7.509229547626363,-2.1114404838595857,2.5262301389617013e-14
218.82736756768867,68.28365510014004,10.975783270017038,-7.508677203119066,-2.107737320414963,1.6841534259744676e-14
218.85433222630084,68.28438181224055,10.977574698307949,-7.508123553498513,-2.1040342795868443,8.420767129872338e-14
218.8812987410905,68.28510348471137,10.979363904488377,-7.507568597000018,-2.100331364644971,5.894536990910637e-14
218.90826710022995,68.28582011372772,10.98115087654365,-7.507012331863593,-2.096628578863332,-4.210383564936169e-15
218.93523729187075,68.28653169546777,10.98293560245909,-7.506454756333928,-2.0929259255201442,6.73661370389787e-14
218.96220930414393,68.2872382261126,10.984718070220033,-7.505895868660437,-2.089223407897822,3.368306851948935e-14
218.9891831251598,68.28793970184614,10.986498267811802,-7.505335667097242,-2.0855210292830018,8.841805486365955e-14
219.01615874300816,68.28863611885531,10.988276183219718,-7.5047741499031915,-2.0818187929665077,4.210383564936169e-14
219.04313614575815,68.28932747332989,10.990051804429113,-7.504211315341872,-2.0781167022433626,5.4734986344170195e-14
219.07011532145842,68.29001376146266,10.991825119425311,-7.503647161681608,-2.0744147604127603,5.4734986344170195e-14
219.09709625813701,68.29069497944927,10.99359611619364,-7.503081687195481,-2.0707129707780685,5.0524602779234026e-14
219.12407894380163,68.29137112348836,10.995364782719426,-7.502514890161337,-2.067011336646811,4.631421921429786e-14
219.1510633664394,68.29204218978151,10.997131106987997,-7.501946768861799,-2.0633098613306666,3.368306851948935e-14
219.1780495140169,68.29270817453327,10.998895076984674,-7.501377321584264,-2.0596085481454622,5.894536990910637e-14
219.20503737448055,68.29336907395118,11.000656680694789,-7.500806546620924,-2.0559074004111415,6.315575347404254e-14
219.23202693575618,68.29402488424573,11.002415906103671,-7.500234442268769,-2.0522064214517846,2.947268495455318e-14
219.2590181857493,68.29467560163037,11.004172741196635,-7.49966100682961,-2.0485056145955856,5.4734986344170195e-14
219.28601111234516,68.29532122232163,11.005927173959021,-7.499086238610065,-2.044804983174837,7.578690416885104e-14
219.3130057034086,68.29596174253899,11.007679192376141,-7.498510135921587,-2.0411045305259283,2.947268495455318e-14
219.34000194678418,68.29659715850495,11.009428784433336,-7.497932697080469,-2.0374042599893416,1.6841534259744676e-14
219.3669998302963,68.29722746644502,11.011175938115926,-7.497353920407846,-2.033704174909621,2.947268495455318e-14
219.39399934174904,68.29785266258774,11.012920641409236,-7.496773804229711,-2.0300042786353925,4.210383564936169e-14
219.42100046892634,68.2984727431647,11.014662882298593,-7.496192346876937,-2.0263045745193304,3.789345208442552e-14
219.4480031995919,68.2990877044105,11.016402648769326,-7.495609546685248,-2.0226050659181567,5.894536990910637e-14
219.47500752148935,68.29969754256284,11.018139928806761,-7.4950254019952665,-2.018905756192634,4.631421921429786e-14
219.50201342234212,68.30030225386244,11.019874710396218,-7.494439911152519,-2.015206648707551,6.315575347404254e-14
219.52902088985363,68.30090183455312,11.021606981523037,-7.493853072507408,-2.0115077468317173,2.5262301389617013e-14
219.5560299117072,68.30149628088171,11.023336730172531,-7.493264884415272,-2.0078090539379465,1.6841534259744676e-14
219.58304047556615,68.30208558909817,11.025063944330036,-7.492675345236361,-2.004110573403059,9.683882199353189e-14
219.61005256907373,68.30266975545557,11.026788611980871,-7.492084453335856,-2.0004123086078525,5.4734986344170195e-14
219.6370661798533,68.30324877621004,11.028510721110365,-7.491492207083882,-1.9967142629371128,8.420767129872338e-15
219.66408129550814,68.30382264762082,11.030230259703847,-7.490898604855501,-1.9930164397796,7.578690416885104e-14
219.6910979036218,68.30439136595025,11.031947215746642,-7.49030364503075,-1.9893188425280144,3.789345208442552e-14
219.71811599175777,68.30495492746385,11.033661577224077,-7.489707325994612,-1.9856214745790284,4.631421921429786e-14
219.7451355474598,68.30551332843021,11.035373332121477,-7.489109646137063,-1.9819243393332386,4.631421921429786e-14
219.77215655825168,68.30606656512106,11.037082468424169,-7.488510603853057,-1.9782274401951798,6.315575347404254e-14
219.79917901163756,68.30661463381132,11.038788974117482,-7.487910197542538,-1.9745307805733,6.73661370389787e-14
219.82620289510174,68.307157530779,11.040492837186738,-7.487308425610459,-1.9708343638799575,2.1051917824680846e-14
219.85322819610872,68.30769525230532,11.042194045617267,-7.486705286466781,-1.9671381935314185,2.5262301389617013e-14
219.88025490210333,68.30822779467462,11.043892587394389,-7.486100778526488,-1.9634422729478287,7.578690416885104e-14
219.90728300051083,68.30875515417448,11.04558845050344,-7.485494900209586,-1.959746605553213,8.420767129872338e-15
219.93431247873662,68.3092773270956,11.047281622929743,-7.484887649941131,-1.956051194775475,3.789345208442552e-14
219.96134332416665,68.3097943097319,11.048972092658623,-7.4842790261512135,-1.9523560440463643,-4.210383564936169e-15
219.9883755241672,68.31030609838048,11.050659847675407,-7.483669027274987,-1.9486611568014927,2.1051917824680846e-14
220.01540906608497,68.3108126893417,11.052344875965417,-7.483057651752668,-1.9449665364803013,1.2631150694808506e-14
220.04244393724719,68.31131407891904,11.05402716551399,-7.482444898029553,-1.9412721865260585,8.420767129872338e-14
220.06948012496161,68.31181026341929,11.055706704306443,-7.4818307645560065,-1.9375781103858525,6.73661370389787e-14
220.0965176165164,68.31230123915242,11.057383480328111,-7.481215249787492,-1.9338843115105777,3.789345208442552e-14
220.1235563991804,68.31278700243163,11.05905748156431,-7.480598352184577,-1.930190793354933,5.894536990910637e-14
220.15059646020293,68.31326754957342,11.060728696000371,-7.479980070212935,-1.9264975593773939,3.789345208442552e-14
220.1776377868141,68.31374287689748,11.062397111621625,-7.479360402343344,-1.9228046130402148,5.4734986344170195e-14
220.20468036622452,68.31421298072678,11.064062716413394,-7.478739347051725,-1.9191119578094182,1.6841534259744676e-14
220.23172418562558,68.31467785738757,11.065725498361003,-7.478116902819124,-1.9154195971547798,5.4734986344170195e-14
220.25876923218934,68.31513750320936,11.067385445449785,-7.477493068131732,-1.9117275345498213,7.157652060391487e-14
220.2858154930686,68.31559191452493,11.06904254566506,-7.476867841480893,-1.9080357734717932,9.683882199353189e-14
220.31286295539707,68.3160410876704,11.070696786992157,-7.476241221363107,-1.9043443174016763,6.315575347404254e-14
220.33991160628906,68.31648501898513,11.072348157416403,-7.475613206280046,-1.9006531698241576,7.157652060391487e-14
220.36696143283996,68.3169237048118,11.07399664492312,-7.47498379473856,-1.8969623342276325,5.4734986344170195e-14
220.39401242212583,68.31735714149643,11.075642237497645,-7.47435298525068,-1.8932718141041813,1.2631150694808506e-14
220.42106456120376,68.31778532538831,11.077284923125292,-7.473720776333636,-1.889581612949574,4.631421921429786e-14
220.44811783711177,68.31820825284014,11.078924689791396,-7.473087166509852,-1.8858917342632413,5.4734986344170195e-14
220.47517223686887,68.31862592020784,11.080561525481281,-7.4724521543069775,-1.8822021815482755,7.999728773378721e-14
220.50222774747508,68.31903832385075,11.082195418180271,-7.471815738257867,-1.8785129583114137,2.5262301389617013e-14
220.52928435591136,68.31944546013155,11.083826355873693,-7.471177916900613,-1.8748240680630461,7.578690416885104e-14
220.55634204913991,68.31984732541628,11.085454326546879,-7.470538688778534,-1.871135514317164,1.6841534259744676e-14
220.58340081410392,68.32024391607432,11.08707931818515,-7.469898052440203,-1.8674473005914,8.841805486365955e-14
220.61046063772778,68.32063522847844,11.088701318773833,-7.469256006439439,-1.8637594304069716,3.368306851948935e-14
220.637521506917,68.32102125900477,11.090320316298257,-7.468612549335326,-1.8600719072887038,6.315575347404254e-14
220.66458340855843,68.32140200403286,11.091936298743745,-7.467967679692212,-1.8563847347649942,8.841805486365955e-14
220.69164632952,68.32177745994566,11.09354925409563,-7.467321396079728,-1.8526979163678172,4.210383564936169e-14
220.718710256651,68.32214762312945,11.095159170339231,-7.466673697072786,-1.8490114556327086,2.1051917824680846e-14
220.74577517678208,68.32251248997402,11.096766035459876,-7.4660245812516,-1.8453253560987535,3.368306851948935e-14
220.7728410767251,68.32287205687247,11.098369837442892,-7.465374047201676,-1.8416396213085737,6.315575347404254e-14
220.79990794327347,68.32322632022142,11.09997056427361,-7.464722093513832,-1.837954254808314,1.2631150694808506e-14
220.82697576320186,68.32357527642087,11.101568203937349,-7.464068718784212,-1.8342692601476471,1.6841534259744676e-14
220.85404452326648,68.32391892187425,11.103162744419443,-7.463413921614274,-1.8305846408797437,4.631421921429786e-14
220.881114210205,68.32425725298847,11.104754173705212,-7.462757700610823,-1.8269004005612641,7.578690416885104e-14
220.90818481073666,68.3245902661739,11.106342479779986,-7.4621000543859966,-1.8232165427523548,2.1051917824680846e-14
220.93525631156217,68.3249179578443,11.107927650629092,-7.461440981557292,-1.8195330710166382,1.2631150694808506e-14
220.96232869936384,68.32524032441701,11.109509674237852,-7.460780480747555,-1.8158499889211952,5.4734986344170195e-14
220.98940196080565,68.32555736231272,11.111088538591599,-7.4601185505850065,-1.8121673000365472,6.73661370389787e-14
221.01647608253327,68.32586906795571,11.112664231675655,-7.459455189703231,-1.8084850079366586,3.789345208442552e-14
221.04355105117398,68.32617543777367,11.114236741475349,-7.458790396741208,-1.8048031161989235,9.683882199353189e-14
221.07062685333682,68.32647646819787,11.115806055976005,-7.458124170343298,-1.8011216284041403,5.0524602779234026e-14
221.0977034756126,68.32677215566298,11.11737216316295,-7.457456509159263,-1.7974405481365217,6.73661370389787e-14
