galstreams/tracks/track.st.Gunnthra.ibata2021.ecsv
# %ECSV 1.0
# ---
# datatype:
# - {name: ra, unit: deg, datatype: float64}
# - {name: dec, unit: deg, datatype: float64}
# - {name: distance, unit: kpc, datatype: float64}
# - {name: pm_ra_cosdec, unit: mas / yr, datatype: float64}
# - {name: pm_dec, unit: mas / yr, datatype: float64}
# - {name: radial_velocity, unit: km / s, datatype: float64}
# delimiter: ','
# meta: !!omap
# - __serialized_columns__:
#     dec:
#       __class__: astropy.coordinates.angles.Latitude
#       unit: &id001 !astropy.units.Unit {unit: deg}
#       value: !astropy.table.SerializedColumn {name: dec}
#     distance:
#       __class__: astropy.coordinates.distances.Distance
#       unit: !astropy.units.Unit {unit: kpc}
#       value: !astropy.table.SerializedColumn {name: distance}
#     pm_dec:
#       __class__: astropy.units.quantity.Quantity
#       unit: !astropy.units.Unit {unit: mas / yr}
#       value: !astropy.table.SerializedColumn {name: pm_dec}
#     pm_ra_cosdec:
#       __class__: astropy.units.quantity.Quantity
#       unit: !astropy.units.Unit {unit: mas / yr}
#       value: !astropy.table.SerializedColumn {name: pm_ra_cosdec}
#     ra:
#       __class__: astropy.coordinates.angles.Longitude
#       unit: *id001
#       value: !astropy.table.SerializedColumn {name: ra}
#       wrap_angle: !astropy.coordinates.Angle
#         unit: *id001
#         value: 360.0
#     radial_velocity:
#       __class__: astropy.units.quantity.Quantity
#       unit: !astropy.units.Unit {unit: km / s}
#       value: !astropy.table.SerializedColumn {name: radial_velocity}
# schema: astropy-2.0
ra,dec,distance,pm_ra_cosdec,pm_dec,radial_velocity
[from data line 423]
282.1877423988436,-74.43664793577277,3.113315607538137,-15.978394700062688,-22.57123274414638,122.73637238503233
282.21653397301606,-74.42982238723917,3.113296160457309,-15.967804921513192,-22.581362362753925,122.50625885562172
282.2452827953833,-74.42298950357034,3.113276428992766,-15.957226318800224,-22.5914797437399,122.27657319897487
282.2739889053595,-74.41614930008917,3.1132564139576906,-15.946658892771222,-22.601584910887375,122.04731505918457
282.30265234247094,-74.40930179209184,3.1132361161652606,-15.936102644190868,-22.61167788795966,121.81848408034361
282.33127314635436,-74.40244699484771,3.1132155364286564,-15.925557573741587,-22.621758698699864,121.59007990654496
282.35985135675645,-74.39558492359947,3.1131946755610573,-15.915023682023893,-22.63182736683069,121.36210218188126
282.3883870135324,-74.38871559356325,3.1131735343756453,-15.90450096955679,-22.641883916054034,121.13455055044571
282.41688015664585,-74.38183901992828,3.1131521136855964,-15.893989436777964,-22.651928370050896,120.9074246563309
282.4453308261676,-74.37495521785723,3.1131304143040945,-15.883489084044236,-22.661960752480944,120.68072414362973
282.473739062275,-74.36806420248608,3.113108437044315,-15.872999911631796,-22.671981086982374,120.45444865643509
282.5021049052505,-74.36116598892418,3.113086182719442,-15.862521919736787,-22.68198939717145,120.22859783883986
282.53042839548164,-74.3542605922542,3.1130636521426536,-15.852055108475355,-22.691985706642466,120.00317133493675
282.55870957345957,-74.3473480275322,3.1130408461271286,-15.84159947788417,-22.701970038967293,119.77816878881885
282.5869484797787,-74.34042830978753,3.113017765486047,-15.831155027920673,-22.71194241769527,119.55358984457871
282.6151451551353,-74.3335014540231,3.1129944110325907,-15.820721758463575,-22.721902866352735,119.32943414630945
282.64329964032714,-74.32656747521507,3.112970783579938,-15.81029966931299,-22.731851408442985,119.10570133810386
282.6714119762526,-74.31962638831307,3.112946883941268,-15.799888760190896,-22.74178806744592,118.88239106405467
282.6994822039097,-74.31267820824011,3.112922712929761,-15.78948903074141,-22.751712866817773,118.65950296825488
282.7275103643951,-74.30572294989277,3.1128982713585986,-15.779100480531348,-22.76162582999078,118.43703669479729
282.75549649890365,-74.29876062814094,3.1128735600409585,-15.768723109050184,-22.771526980373153,118.2149918877748
282.7834406487276,-74.29179125782802,3.1128485797900205,-15.758356915710682,-22.78141634134866,117.99336819128013
282.8113428552555,-74.28481485377085,3.1128233314189657,-15.748001899849086,-22.79129393627636,117.7721652494062
282.83920315997113,-74.27783143075993,3.112797815740973,-15.737658060725664,-22.801159788490455,117.55138270624599
282.8670216044536,-74.27084100355906,3.1127720335692226,-15.7273253975248,-22.811013921299953,117.33102020589209
282.8947982303757,-74.26384358690565,3.1127459857168938,-15.717003909355395,-22.820856357988532,117.11107739243762
282.92253307950364,-74.2568391955106,3.112719672997167,-15.706693595251272,-22.830687121814233,116.89155390997529
282.9502261936956,-74.2498278440585,3.112693096223223,-15.69639445417159,-22.84050623600914,116.67244940259795
282.97787761490173,-74.24280954720737,3.1126662562082386,-15.68610648500093,-22.850313723779355,116.45376351439852
283.0054873851629,-74.23578431958879,3.1126391537653966,-15.675829686549779,-22.860109608304594,116.2354958894698
283.0330555466096,-74.22875217580808,3.112611789707875,-15.665564057555033,-22.869893912737936,116.01764617190481
283.06058214146213,-74.22171313044407,3.112584164848855,-15.655309596679947,-22.879666660205753,115.80021400579602
283.0880672120288,-74.21466719804923,3.112556280001515,-15.645066302514802,-22.889427873807364,115.58319903523666
283.1155108007059,-74.20761439314961,3.1125281359790358,-15.634834173577017,-22.899177576614846,115.36660090431934
283.14291294997605,-74.20055473024516,3.1124997335945963,-15.624613208311779,-22.908915791672683,115.15041925713709
283.1702737024085,-74.19348822380924,3.1124710736613777,-15.61440340509199,-22.9186425419978,114.93465373778265
283.19759310065746,-74.18641488828905,3.112442156992559,-15.604204762218881,-22.92835785057913,114.71930399034906
283.2248711874621,-74.17933473810538,3.112412984401319,-15.594017277922159,-22.93806174037752,114.50436965892878
283.2521080056448,-74.172247787653,3.11238355670084,-15.583840950360598,-22.947754234325327,114.28985038761512
283.27930359811137,-74.16515405130018,3.1123538747043002,-15.573675777622082,-22.95743535532647,114.07574582050056
283.3064580078498,-74.15805354338906,3.1123239392248783,-15.563521757724088,-22.967105126256037,113.86205560167814
283.33357127792965,-74.15094627823551,3.112293751075756,-15.553378888613937,-22.97676356996013,113.64877937524078
283.36064345150083,-74.14383227012934,3.1122633110701123,-15.543247168169303,-22.986410709255566,113.43591678528126
283.3876745717938,-74.13671153333405,3.1122326200211274,-15.533126594198302,-22.996046566929845,113.2234674758923
283.41466468211786,-74.12958408208704,3.112201678741981,-15.52301716443994,-23.0056711657408,113.01143109116697
283.44161382586117,-74.1224499305995,3.1121704880458534,-15.512918876564399,-23.015284528416473,112.79980727519802
283.4685220464891,-74.11530909305664,3.1121390487459233,-15.502831728173543,-23.024886677654827,112.58859567207824
283.4953893875445,-74.10816158361746,3.1121073616553705,-15.492755716800973,-23.034477636123626,112.37779592590047
283.5222158926463,-74.10100741641493,3.1120754275873757,-15.482690839912474,-23.044057426460217,112.16740768075783
283.5490016054892,-74.09384660555585,3.112043247355119,-15.47263709490632,-23.053626071271356,111.95743058074291
283.57574656984224,-74.08667916512123,3.1120108217717792,-15.46259447911377,-23.06318359313289,111.74786426994862
283.60245082954907,-74.07950510916581,3.1119781516505354,-15.452562989799109,-23.07273001458976,111.53870839246784
283.62911442852635,-74.07232445171846,3.1119452378045698,-15.442542624160112,-23.082265358155624,111.32996259239336
283.65573741076366,-74.06513720678198,3.1119120810470613,-15.432533379328355,-23.091789646312872,111.12162651381819
283.68231982032205,-74.05794338833338,3.111878682191188,-15.422535252369702,-23.10130290151213,110.913699800835
283.70886170133423,-74.05074301032359,3.111845042050132,-15.412548240284268,-23.110805146172442,110.70618209753673
283.7353630980031,-74.04353608667768,3.1118111614370716,-15.402572340007008,-23.12029640268081,110.49907304801627
283.76182405460173,-74.03632263129475,3.1117770411651873,-15.392607548407964,-23.12977669339217,110.29237229636637
283.7882446154716,-74.02910265804825,3.1117426820476584,-15.382653862292681,-23.13924604062906,110.08607948668012
283.81462482502315,-74.02187618078553,3.1117080848976655,-15.37271127840231,-23.1487044666816,109.88019426305002
283.8409647277342,-74.01464321332823,3.111673250528388,-15.3627797934141,-23.158151993807266,109.67471626956913
283.8672643681496,-74.00740376947225,3.111638179753006,-15.35285940394168,-23.16758864423062,109.46964515033025
283.8935237908804,-74.0001578629876,3.1116028733846983,-15.342950106535424,-23.17701444014324,109.26498054942634
283.9197430406034,-73.99290550761862,3.111567332236646,-15.333051897682546,-23.186429403703578,109.06072211095008
283.9459221620601,-73.9856467170838,3.1115315571220283,-15.323164773807683,-23.195833557036668,108.85686947899454
283.9720612000563,-73.97838150507609,3.1114955488540246,-15.313288731273172,-23.20522692223402,108.65342229765228
283.99816019946115,-73.97110988526263,3.111459308245815,-15.303423766379186,-23.214609521353463,108.45038021101645
284.02421920520686,-73.96383187128497,3.1114228361105805,-15.293569875364213,-23.22398137641899,108.24774286317975
284.0502382622878,-73.95654747675889,3.1113861332614996,-15.283727054405233,-23.233342509420616,108.04550989823507
284.0762174157594,-73.94925671527479,3.1113492005117522,-15.273895299618296,-23.242692942314044,107.84368096027524
284.10215671073837,-73.94195960039724,3.111312038674517,-15.264074607058525,-23.252032697020734,107.64225569339305
284.1280561924014,-73.93465614566543,3.111274648562978,-15.254264972720513,-23.26136179542766,107.44123374168153
284.15391590598466,-73.92734636459284,3.11123703099031,-15.244466392538767,-23.27068025938711,107.24061474923339
284.17973589678286,-73.92003027066762,3.1111991867696958,-15.234678862387938,-23.27998811071652,107.04039836014147
284.20551621014926,-73.91270787735232,3.111161116714313,-15.224902378083062,-23.28928537119842,106.84058421849876
284.2312568914943,-73.90537919808402,3.1111228216373443,-15.215136935379926,-23.298572062580206,106.64117196839804
284.2569579862856,-73.89804424627435,3.1110843023519674,-15.205382529975362,-23.307848206574032,106.44216125393206
284.28261954004637,-73.89070303530966,3.1110455596713624,-15.195639157507726,-23.317113824856545,106.24355171919385
284.3082415983559,-73.88335557855075,3.1110065944087095,-15.185906813556809,-23.326368939068942,106.04534300827618
284.333824206848,-73.87600188933312,3.1109674073771885,-15.176185493644546,-23.33561357081663,105.84753476527182
284.35936741121117,-73.86864198096693,3.1109279993899785,-15.166475193235044,-23.344847741669245,105.65012663427368
284.3848712571867,-73.86127586673707,3.110888371260261,-15.156775907735163,-23.354071473160296,105.45311825937479
284.4103357905697,-73.85390355990313,3.1108485238012156,-15.147087632494472,-23.363284786787272,105.25650928466781
284.43576105720706,-73.84652507369938,3.110808457826019,-15.13741036280584,-23.372487704011363,105.06029935424561
284.46114710299753,-73.83914042133487,3.110768174147854,-15.12774409390558,-23.381680246257314,104.86448811220106
284.4864939738909,-73.83174961599359,3.1107276735799,-15.118088820973863,-23.390862434913316,104.66907520262713
284.5118017158873,-73.82435267083417,3.1106869569353366,-15.108444539134911,-23.40003429133091,104.4740602696164
284.53707037503676,-73.81694959899022,3.1106460250273438,-15.098811243457384,-23.40919583682478,104.27944295726199
284.56229999743863,-73.80954041357009,3.1106048786691,-15.089188928954542,-23.418347092672732,104.08522290965668
284.58749062924045,-73.80212512765723,3.110563518673787,-15.079577590584794,-23.427488080115356,103.8913997708932
284.6126423166379,-73.79470375430988,3.110521945854583,-15.06997722325174,-23.436618820356156,103.69797318506457
284.63775510587425,-73.78727630656121,3.11048016102467,-15.060387821804547,-23.445739334561274,103.5049427962635
284.6628290432389,-73.77984279741955,3.110438164997225,-15.050809381038414,-23.454849643859305,103.31230824858304
284.6878641750679,-73.7724032398681,3.1103959585854297,-15.041241895694599,-23.46394976934135,103.12006918611584
284.7128605477426,-73.76495764686516,3.1103535426024633,-15.031685360460806,-23.473039732060787,102.92822525295472
284.7378182076892,-73.75750603134402,3.110310917861506,-15.022139769971615,-23.48211955303313,102.73677609319283
284.76273720137834,-73.75004840621328,3.110268085175736,-15.012605118808656,-23.491189253235927,102.54572135092278
284.78761757532425,-73.74258478435648,3.110225045358336,-15.003081401500843,-23.500248853608685,102.35506067023748
284.8124593760843,-73.73511517863238,3.110181799222483,-14.993568612524836,-23.509298375052722,102.1647936952298
284.83726265025854,-73.72763960187487,3.110138347581359,-14.9840667463051,-23.51833783843107,101.97492006999252
284.86202744448866,-73.72015806689323,3.1100946912481424,-14.974575797214527,-23.527367264568255,101.78543943861868
284.88675380545794,-73.7126705864718,3.110050831036013,-14.965095759574375,-23.536386674250366,101.59635144520084
284.9114417798903,-73.70517717337032,3.110006767758152,-14.955626627654734,-23.5453960882248,101.40765573383214
284.93609141455005,-73.6976778403237,3.109962502227738,-14.946168395674786,-23.554395527200253,101.21935194860531
284.9607027562408,-73.69017260004239,3.1099180352579507,-14.936721057803204,-23.56338501184645,101.0314397336131
284.98527585180534,-73.68266146521205,3.109873367661971,-14.927284608158184,-23.572364562794252,100.84391873294857
285.00981074812495,-73.67514444849375,3.1098285002529766,-14.917859040807988,-23.581334200635386,100.65678859070442
285.0343074921189,-73.66762156252399,3.1097834338441492,-14.908444349770988,-23.590293945922454,100.4700489509735
285.05876613074344,-73.66009281991485,3.10973816924867,-14.899040529016295,-23.599243819168645,100.28369945784902
285.0831867109919,-73.65255823325373,3.1096927072797147,-14.889647572463598,-23.60818384084792,100.09773975542319
285.1075692798939,-73.64501781510361,3.1096470487504666,-14.880265473983783,-23.617114031394667,99.91216948778926
285.13191388451423,-73.637471578003,3.1096011944741035,-14.870894227399123,-23.62603441120371,99.72698829904019
285.15622057195316,-73.6299195344661,3.109555145263807,-14.861533826483512,-23.634945000630143,99.54219583326855
285.1804893893453,-73.62236169698255,3.1095089019327546,-14.852184264962812,-23.643845819989323,99.35779173456739
285.20472038385947,-73.61479807801774,3.1094624652941283,-14.842845536515014,-23.652736889556728,99.1737756470294
285.2289136026978,-73.60722869001263,3.109415836161107,-14.833517634770626,-23.661618229567885,98.99014721474752
285.25306909309495,-73.59965354538407,3.10936901534687,-14.824200553313057,-23.67048986021816,98.80690608181466
285.27718690231853,-73.59207265652446,3.1093220036645985,-14.814894285678562,-23.67935180166286,98.62405189232362
285.30126707766755,-73.58448603580204,3.1092748019274707,-14.805598825356835,-23.688204074017023,98.44158429036727
285.3253096664725,-73.57689369556078,3.1092274109486673,-14.796314165791088,-23.69704669735534,98.25950292003846
285.3493147160943,-73.56929564812064,3.1091798315413683,-14.787040300378532,-23.70587969171205,98.07780742542994
285.3732822739244,-73.56169190577728,3.109132064518753,-14.777777222470393,-23.714703077080934,97.8964974506348
285.3972123873839,-73.55408248080226,3.1090841106940013,-14.768524925372304,-23.723516873415186,97.71557263974562
285.4211051039227,-73.5464673854432,3.1090359708802935,-14.759283402344721,-23.732321100627225,97.53503263685539
285.4449604710196,-73.53884663192355,3.1089876458908083,-14.750052646602942,-23.741115778588814,97.35487708605693
285.4687785361815,-73.53122023244275,3.108939136538726,-14.74083265131754,-23.749900927130827,97.17510563144309
285.4925593469428,-73.52358819917627,3.1088904436372276,-14.7316234096145,-23.75867656604322,96.99571791710684
285.5163029508648,-73.51595054427578,3.1088415679994914,-14.722424914575758,-23.767442715074907,96.81671358714101
285.54000939553566,-73.5083072798688,3.108792510438698,-14.713237159239121,-23.776199393933794,96.63809228563824
285.5636787285694,-73.50065841805913,3.1087432717680277,-14.704060136598736,-23.784946622286576,96.45985365669155
285.58731099760564,-73.49300397092661,3.1086938528006582,-14.694893839605296,-23.793684419758787,96.28199734439382
285.6109062503087,-73.48534395052738,3.1086442543497714,-14.685738261166481,-23.8024128059345,96.10452299283786
285.63446453436785,-73.47767836889375,3.108594477228546,-14.67659339414686,-23.81113180035654,95.92743024611654
285.6579858974961,-73.47000723803421,3.1085445222501624,-14.667459231368483,-23.819841422526267,95.75071874832256
285.6814703874302,-73.46233056993358,3.108494390227801,-14.65833576561093,-23.828541691903503,95.57438814354904
285.70491805192944,-73.45464837655308,3.1084440819746395,-14.649222989611864,-23.83723262790639,95.39843807588866
285.7283289387762,-73.44696066983015,3.10839359830386,-14.640120896066879,-23.845914249911537,95.22286818943428
285.75170309577453,-73.43926746167868,3.108342940028641,-14.631029477630078,-23.854586577253762,95.04767812827878
285.7750405707502,-73.4315687639889,3.108292107962163,-14.621948726914187,-23.863249629226107,94.8728675365151
