galstreams/tracks/track.po.Ophiuchus.bernard2014.ecsv
# %ECSV 0.9
# ---
# datatype:
# - {name: ra, unit: deg, datatype: float64}
# - {name: dec, unit: deg, datatype: float64}
# - {name: distance, unit: kpc, datatype: float64}
# - {name: pm_ra_cosdec, unit: mas / yr, datatype: float64}
# - {name: pm_dec, unit: mas / yr, datatype: float64}
# - {name: radial_velocity, unit: km / s, datatype: float64}
# delimiter: ','
# meta: !!omap
# - __serialized_columns__:
#     dec:
#       __class__: astropy.coordinates.angles.Latitude
#       unit: &id001 !astropy.units.Unit {unit: deg}
#       value: !astropy.table.SerializedColumn {name: dec}
#     distance:
#       __class__: astropy.coordinates.distances.Distance
#       unit: !astropy.units.Unit {unit: kpc}
#       value: !astropy.table.SerializedColumn {name: distance}
#     pm_dec:
#       __class__: astropy.units.quantity.Quantity
#       unit: !astropy.units.Unit {unit: mas / yr}
#       value: !astropy.table.SerializedColumn {name: pm_dec}
#     pm_ra_cosdec:
#       __class__: astropy.units.quantity.Quantity
#       unit: !astropy.units.Unit {unit: mas / yr}
#       value: !astropy.table.SerializedColumn {name: pm_ra_cosdec}
#     ra:
#       __class__: astropy.coordinates.angles.Longitude
#       unit: *id001
#       value: !astropy.table.SerializedColumn {name: ra}
#       wrap_angle: !astropy.coordinates.Angle
#         unit: *id001
#         value: 360.0
#     radial_velocity:
#       __class__: astropy.units.quantity.Quantity
#       unit: !astropy.units.Unit {unit: km / s}
#       value: !astropy.table.SerializedColumn {name: radial_velocity}
# schema: astropy-2.0
ra,dec,distance,pm_ra_cosdec,pm_dec,radial_velocity
240.57653623111716,-7.164009145206799,9.50000000000003,0.0,0.0,-0.0
240.588484929614,-7.16179571832826,9.500000000000028,0.0,0.0,-0.0
240.60043351210223,-7.159581983215724,9.500000000000027,0.0,0.0,-0.0
240.6123819786029,-7.1573679399684895,9.500000000000023,0.0,0.0,-0.0
240.6243303291373,-7.1551535886858195,9.500000000000021,0.0,0.0,-0.0
240.63627856372668,-7.1529389294669885,9.50000000000002,0.0,0.0,-0.0
240.64822668239222,-7.150723962411319,9.500000000000016,0.0,0.0,-0.0
240.66017468515543,-7.1485086876180945,9.500000000000014,0.0,0.0,-0.0
240.6721225720374,-7.146293105186652,9.500000000000009,0.0,0.0,-0.0
240.68407034305946,-7.144077215216311,9.500000000000009,0.0,0.0,-0.0
240.69601799824318,-7.141861017806394,9.500000000000007,0.0,0.0,-0.0
240.70796553760974,-7.139644513056274,9.500000000000005,0.0,0.0,-0.0
240.71991296118057,-7.13742770106529,9.500000000000004,0.0,0.0,-0.0
240.7318602689772,-7.135210581932808,9.5,0.0,0.0,-0.0
240.7438074610208,-7.1329931557582205,9.5,0.0,0.0,-0.0
240.75575453733302,-7.130775422640901,9.500000000000002,0.0,0.0,-0.0
240.7677014979353,-7.128557382680249,9.499999999999996,0.0,0.0,-0.0
240.77964834284904,-7.126339035975675,9.5,0.0,0.0,-0.0
240.79159507209584,-7.124120382626596,9.5,0.0,0.0,-0.0
240.80354168569718,-7.121901422732429,9.499999999999998,0.0,0.0,-0.0
240.8154881836746,-7.119682156392627,9.5,0.0,0.0,-0.0
240.82743456604973,-7.11746258370662,9.5,0.0,0.0,-0.0
240.83938083284403,-7.115242704773884,9.500000000000002,0.0,0.0,-0.0
240.85132698407918,-7.113022519693877,9.5,0.0,0.0,-0.0
240.8632730197768,-7.110802028566062,9.500000000000002,0.0,0.0,-0.0
240.87521893995847,-7.108581231489951,9.500000000000002,0.0,0.0,-0.0
240.88716474464593,-7.106360128565027,9.5,0.0,0.0,-0.0
240.8991104338609,-7.1041387198907895,9.500000000000002,0.0,0.0,-0.0
240.91105600762492,-7.101917005566771,9.500000000000004,0.0,0.0,-0.0
240.92300146595977,-7.0996949856924925,9.500000000000004,0.0,0.0,-0.0
240.9349468088873,-7.097472660367476,9.500000000000004,0.0,0.0,-0.0
240.94689203642906,-7.095250029691292,9.500000000000005,0.0,0.0,-0.0
240.958837148607,-7.093027093763487,9.500000000000004,0.0,0.0,-0.0
240.97078214544285,-7.090803852683613,9.500000000000004,0.0,0.0,-0.0
240.98272702695843,-7.088580306551271,9.500000000000005,0.0,0.0,-0.0
240.99467179317557,-7.086356455466023,9.500000000000005,0.0,0.0,-0.0
241.00661644411605,-7.084132299527488,9.500000000000004,0.0,0.0,-0.0
241.01856097980186,-7.081907838835257,9.500000000000005,0.0,0.0,-0.0
241.0305054002549,-7.079683073488943,9.500000000000005,0.0,0.0,-0.0
241.04244970549695,-7.0774580035881876,9.500000000000002,0.0,0.0,-0.0
241.05439389554996,-7.075232629232617,9.500000000000002,0.0,0.0,-0.0
241.06633797043605,-7.073006950521865,9.500000000000002,0.0,0.0,-0.0
241.07828193017696,-7.070780967555606,9.500000000000004,0.0,0.0,-0.0
241.0902257747948,-7.0685546804334995,9.500000000000004,0.0,0.0,-0.0
241.10216950431158,-7.066328089255205,9.5,0.0,0.0,-0.0
241.11411311874926,-7.064101194120433,9.500000000000002,0.0,0.0,-0.0
241.12605661813,-7.061873995128856,9.5,0.0,0.0,-0.0
241.13800000247574,-7.059646492380195,9.500000000000002,0.0,0.0,-0.0
241.14994327180858,-7.0574186859741594,9.500000000000002,0.0,0.0,-0.0
241.16188642615072,-7.05519057601046,9.499999999999998,0.0,0.0,-0.0
241.17382946552416,-7.052962162588855,9.499999999999998,0.0,0.0,-0.0
241.18577238995104,-7.050733445809072,9.5,0.0,0.0,-0.0
241.19771519945365,-7.048504425770858,9.5,0.0,0.0,-0.0
241.20965789405406,-7.046275102573997,9.5,0.0,0.0,-0.0
241.2216004737745,-7.044045476318251,9.5,0.0,0.0,-0.0
241.2335429386372,-7.0418155471033925,9.5,0.0,0.0,-0.0
241.24548528866433,-7.039585315029241,9.499999999999998,0.0,0.0,-0.0
241.25742752387825,-7.037354780195579,9.499999999999998,0.0,0.0,-0.0
241.26936964430118,-7.035123942702214,9.5,0.0,0.0,-0.0
241.28131164995534,-7.0328928026489885,9.5,0.0,0.0,-0.0
241.29325354086316,-7.030661360135715,9.5,0.0,0.0,-0.0
241.30519531704692,-7.028429615262253,9.499999999999998,0.0,0.0,-0.0
241.3171369785289,-7.026197568128446,9.5,0.0,0.0,-0.0
241.32907852533162,-7.023965218834146,9.499999999999998,0.0,0.0,-0.0
241.34101995747736,-7.021732567479241,9.499999999999996,0.0,0.0,-0.0
241.35296127498856,-7.019499614163607,9.5,0.0,0.0,-0.0
241.36490247788765,-7.0172663589871185,9.499999999999998,0.0,0.0,-0.0
241.37684356619707,-7.015032802049698,9.499999999999998,0.0,0.0,-0.0
241.38878453993922,-7.012798943451251,9.499999999999998,0.0,0.0,-0.0
241.40072539913675,-7.01056478329168,9.5,0.0,0.0,-0.0
241.41266614381198,-7.008330321670939,9.5,0.0,0.0,-0.0
241.4246067739875,-7.006095558688955,9.499999999999998,0.0,0.0,-0.0
241.436547289686,-7.003860494445669,9.5,0.0,0.0,-0.0
241.44848769092974,-7.00162512904106,9.499999999999998,0.0,0.0,-0.0
241.46042797774157,-6.999389462575072,9.5,0.0,0.0,-0.0
241.47236815014395,-6.9971534951477095,9.5,0.0,0.0,-0.0
241.4843082081595,-6.994917226858949,9.5,0.0,0.0,-0.0
241.49624815181093,-6.9926806578087755,9.499999999999998,0.0,0.0,-0.0
241.50818798112078,-6.990443788097217,9.5,0.0,0.0,-0.0
241.52012769611184,-6.988206617824282,9.499999999999998,0.0,0.0,-0.0
241.53206729680676,-6.985969147089986,9.499999999999998,0.0,0.0,-0.0
241.54400678322818,-6.983731375994388,9.5,0.0,0.0,-0.0
241.555946155399,-6.981493304637521,9.5,0.0,0.0,-0.0
241.56788541334183,-6.9792549331194325,9.499999999999998,0.0,0.0,-0.0
241.57982455707943,-6.977016261540207,9.5,0.0,0.0,-0.0
241.59176358663476,-6.974777289999901,9.499999999999995,0.0,0.0,-0.0
241.60370250203042,-6.972538018598618,9.499999999999996,0.0,0.0,-0.0
241.61564130328932,-6.970298447436444,9.499999999999996,0.0,0.0,-0.0
241.62757999043436,-6.968058576613469,9.499999999999996,0.0,0.0,-0.0
241.63951856348825,-6.965818406229835,9.499999999999996,0.0,0.0,-0.0
241.65145702247406,-6.963577936385647,9.499999999999996,0.0,0.0,-0.0
241.66339536741458,-6.9613371671810285,9.499999999999996,0.0,0.0,-0.0
241.67533359833274,-6.9590960987161505,9.499999999999996,0.0,0.0,-0.0
241.68727171525148,-6.9568547310911475,9.499999999999995,0.0,0.0,-0.0
241.6992097181939,-6.954613064406173,9.499999999999996,0.0,0.0,-0.0
241.7111476071827,-6.952371098761422,9.499999999999995,0.0,0.0,-0.0
241.7230853822411,-6.95012883425706,9.499999999999993,0.0,0.0,-0.0
241.73502304339215,-6.947886270993273,9.499999999999995,0.0,0.0,-0.0
241.74696059065863,-6.945643409070278,9.499999999999995,0.0,0.0,-0.0
241.75889802406383,-6.943400248588267,9.499999999999995,0.0,0.0,-0.0
241.7708353436307,-6.94115678964748,9.499999999999993,0.0,0.0,-0.0
241.78277254938234,-6.938913032348128,9.499999999999995,0.0,0.0,-0.0
241.79470964134194,-6.936668976790458,9.499999999999995,0.0,0.0,-0.0
241.80664661953256,-6.934424623074717,9.499999999999995,0.0,0.0,-0.0
241.81858348397742,-6.932179971301165,9.499999999999993,0.0,0.0,-0.0
241.83052023469958,-6.929935021570067,9.499999999999995,0.0,0.0,-0.0
241.8424568717223,-6.9276897739817,9.499999999999993,0.0,0.0,-0.0
241.85439339506877,-6.925444228636352,9.499999999999993,0.0,0.0,-0.0
241.86632980476224,-6.923198385634317,9.499999999999995,0.0,0.0,-0.0
241.87826610082584,-6.9209522450759025,9.499999999999995,0.0,0.0,-0.0
241.890202283283,-6.918705807061427,9.499999999999995,0.0,0.0,-0.0
241.9021383521569,-6.916459071691207,9.499999999999993,0.0,0.0,-0.0
241.91407430747083,-6.914212039065584,9.499999999999993,0.0,0.0,-0.0
241.92601014924813,-6.9119647092848995,9.499999999999995,0.0,0.0,-0.0
241.9379458775122,-6.90971708244951,9.499999999999993,0.0,0.0,-0.0
241.94988149228624,-6.907469158659771,9.499999999999995,0.0,0.0,-0.0
241.9618169935938,-6.905220938016063,9.499999999999995,0.0,0.0,-0.0
241.97375238145816,-6.902972420618765,9.499999999999996,0.0,0.0,-0.0
241.98568765590278,-6.900723606568267,9.499999999999995,0.0,0.0,-0.0
241.9976228169511,-6.8984744959649715,9.499999999999996,0.0,0.0,-0.0
242.00955786462652,-6.896225088909289,9.499999999999995,0.0,0.0,-0.0
242.0214927989525,-6.893975385501639,9.499999999999996,0.0,0.0,-0.0
242.0334276199526,-6.891725385842452,9.499999999999995,0.0,0.0,-0.0
242.04536232765034,-6.889475090032166,9.499999999999996,0.0,0.0,-0.0
242.05729692206916,-6.887224498171232,9.499999999999996,0.0,0.0,-0.0
242.0692314032326,-6.884973610360105,9.499999999999998,0.0,0.0,-0.0
242.0811657711643,-6.882722426699253,9.499999999999996,0.0,0.0,-0.0
242.09310002588782,-6.880470947289156,9.499999999999995,0.0,0.0,-0.0
242.10503416742674,-6.878219172230297,9.499999999999996,0.0,0.0,-0.0
242.11696819580465,-6.87596710162317,9.499999999999998,0.0,0.0,-0.0
242.12890211104525,-6.873714735568286,9.499999999999998,0.0,0.0,-0.0
242.14083591317222,-6.871462074166158,9.499999999999996,0.0,0.0,-0.0
242.1527696022091,-6.869209117517308,9.499999999999995,0.0,0.0,-0.0
242.16470317817976,-6.866955865722269,9.499999999999998,0.0,0.0,-0.0
242.17663664110773,-6.864702318881591,9.499999999999996,0.0,0.0,-0.0
242.1885699910169,-6.862448477095819,9.499999999999996,0.0,0.0,-0.0
242.20050322793094,-6.860194340465519,9.499999999999996,0.0,0.0,-0.0
242.21243635187358,-6.8579399090912565,9.5,0.0,0.0,-0.0
242.22436936286877,-6.855685183073624,9.499999999999998,0.0,0.0,-0.0
242.2363022609401,-6.853430162513201,9.499999999999998,0.0,0.0,-0.0
242.24823504611155,-6.851174847510591,9.499999999999998,0.0,0.0,-0.0
242.26016771840696,-6.848919238166404,9.499999999999996,0.0,0.0,-0.0
242.27210027785011,-6.846663334581258,9.499999999999996,0.0,0.0,-0.0
242.2840327244649,-6.844407136855781,9.499999999999996,0.0,0.0,-0.0
242.29596505827527,-6.842150645090606,9.499999999999998,0.0,0.0,-0.0
242.30789727930517,-6.839893859386386,9.499999999999998,0.0,0.0,-0.0
242.31982938757844,-6.837636779843776,9.499999999999998,0.0,0.0,-0.0
242.3317613831191,-6.835379406563438,9.499999999999998,0.0,0.0,-0.0
242.34369326595117,-6.833121739646048,9.5,0.0,0.0,-0.0
242.3556250360985,-6.830863779192293,9.499999999999998,0.0,0.0,-0.0
242.36755669358524,-6.828605525302861,9.499999999999996,0.0,0.0,-0.0
242.37948823843536,-6.826346978078463,9.499999999999998,0.0,0.0,-0.0
242.39141967067292,-6.824088137619804,9.499999999999996,0.0,0.0,-0.0
242.403350990322,-6.821829004027609,9.499999999999996,0.0,0.0,-0.0
242.4152821974066,-6.819569577402607,9.499999999999995,0.0,0.0,-0.0
242.42721329195098,-6.817309857845538,9.499999999999996,0.0,0.0,-0.0
242.43914427397914,-6.815049845457155,9.499999999999996,0.0,0.0,-0.0
242.45107514351525,-6.812789540338213,9.499999999999996,0.0,0.0,-0.0
242.46300590058357,-6.8105289425894835,9.499999999999995,0.0,0.0,-0.0
242.47493654520815,-6.808268052311745,9.499999999999995,0.0,0.0,-0.0
242.48686707741322,-6.80600686960578,9.499999999999995,0.0,0.0,-0.0
242.49879749722302,-6.803745394572388,9.499999999999995,0.0,0.0,-0.0
242.5107278046618,-6.801483627312372,9.499999999999993,0.0,0.0,-0.0
242.52265799975382,-6.7992215679265495,9.499999999999993,0.0,0.0,-0.0
242.53458808252327,-6.796959216515742,9.499999999999995,0.0,0.0,-0.0
242.54651805299451,-6.794696573180787,9.499999999999995,0.0,0.0,-0.0
242.55844791119188,-6.792433638022523,9.499999999999991,0.0,0.0,-0.0
242.57037765713966,-6.790170411141806,9.499999999999991,0.0,0.0,-0.0
242.58230729086225,-6.7879068926394925,9.499999999999991,0.0,0.0,-0.0
242.59423681238388,-6.785643082616456,9.49999999999999,0.0,0.0,-0.0
242.60616622172913,-6.783378981173577,9.499999999999991,0.0,0.0,-0.0
242.6180955189222,-6.781114588411745,9.49999999999999,0.0,0.0,-0.0
242.63002470398766,-6.778849904431854,9.49999999999999,0.0,0.0,-0.0
242.6419537769499,-6.776584929334819,9.499999999999986,0.0,0.0,-0.0
242.6538827378334,-6.774319663221548,9.499999999999988,0.0,0.0,-0.0
242.66581158666258,-6.772054106192974,9.499999999999986,0.0,0.0,-0.0
242.6777403234621,-6.7697882583500295,9.499999999999984,0.0,0.0,-0.0
242.6896689482562,-6.767522119793661,9.499999999999984,0.0,0.0,-0.0
242.70159746106964,-6.765255690624824,9.499999999999984,0.0,0.0,-0.0
242.71352586192688,-6.762988970944475,9.49999999999998,0.0,0.0,-0.0
242.72545415085256,-6.7607219608535924,9.499999999999979,0.0,0.0,-0.0
242.73738232787116,-6.758454660453156,9.499999999999979,0.0,0.0,-0.0
242.74931039300733,-6.756187069844155,9.499999999999977,0.0,0.0,-0.0
242.76123834628575,-6.753919189127594,9.499999999999975,0.0,0.0,-0.0
242.77316618773096,-6.751651018404477,9.499999999999975,0.0,0.0,-0.0
242.78509391736776,-6.749382557775828,9.499999999999975,0.0,0.0,-0.0
242.7970215352207,-6.747113807342667,9.499999999999972,0.0,0.0,-0.0
242.80894904131455,-6.744844767206036,9.499999999999973,0.0,0.0,-0.0
242.82087643567408,-6.7425754374669795,9.499999999999973,0.0,0.0,-0.0
242.83280371832387,-6.740305818226553,9.499999999999973,0.0,0.0,-0.0
242.84473088928877,-6.7380359095858235,9.499999999999972,0.0,0.0,-0.0
242.8566579485936,-6.735765711645862,9.499999999999972,0.0,0.0,-0.0
242.86858489626312,-6.733495224507752,9.499999999999972,0.0,0.0,-0.0
242.88051173232202,-6.7312244482725845,9.499999999999968,0.0,0.0,-0.0
242.8924384567953,-6.728953383041459,9.499999999999972,0.0,0.0,-0.0
242.90436506970778,-6.726682028915488,9.49999999999997,0.0,0.0,-0.0
242.91629157108417,-6.724410385995788,9.499999999999972,0.0,0.0,-0.0
242.92821796094952,-6.722138454383492,9.49999999999997,0.0,0.0,-0.0
242.94014423932876,-6.719866234179734,9.499999999999968,0.0,0.0,-0.0
242.9520704062466,-6.717593725485661,9.499999999999966,0.0,0.0,-0.0
