galstreams/tracks/track.st.Monoceros.ramos2021.ecsv
# %ECSV 1.0
# ---
# datatype:
# - {name: ra, unit: deg, datatype: float64}
# - {name: dec, unit: deg, datatype: float64}
# - {name: distance, unit: kpc, datatype: float64}
# - {name: pm_ra_cosdec, unit: mas / yr, datatype: float64}
# - {name: pm_dec, unit: mas / yr, datatype: float64}
# - {name: radial_velocity, unit: km / s, datatype: float64}
# delimiter: ','
# meta: !!omap
# - __serialized_columns__:
#     dec:
#       __class__: astropy.coordinates.angles.Latitude
#       unit: &id001 !astropy.units.Unit {unit: deg}
#       value: !astropy.table.SerializedColumn {name: dec}
#     distance:
#       __class__: astropy.coordinates.distances.Distance
#       unit: !astropy.units.Unit {unit: kpc}
#       value: !astropy.table.SerializedColumn {name: distance}
#     pm_dec:
#       __class__: astropy.units.quantity.Quantity
#       unit: !astropy.units.Unit {unit: mas / yr}
#       value: !astropy.table.SerializedColumn {name: pm_dec}
#     pm_ra_cosdec:
#       __class__: astropy.units.quantity.Quantity
#       unit: !astropy.units.Unit {unit: mas / yr}
#       value: !astropy.table.SerializedColumn {name: pm_ra_cosdec}
#     ra:
#       __class__: astropy.coordinates.angles.Longitude
#       unit: *id001
#       value: !astropy.table.SerializedColumn {name: ra}
#       wrap_angle: !astropy.coordinates.Angle
#         unit: *id001
#         value: 360.0
#     radial_velocity:
#       __class__: astropy.units.quantity.Quantity
#       unit: !astropy.units.Unit {unit: km / s}
#       value: !astropy.table.SerializedColumn {name: radial_velocity}
# schema: astropy-2.0
ra,dec,distance,pm_ra_cosdec,pm_dec,radial_velocity
[from data line 684]
91.86504885296971,66.7565696686859,10.600000000000001,0.33821147417731845,-0.07266807099475407,2.6314897280851057e-16
91.87993036305234,66.7484780892888,10.600000000000001,0.33810031251101785,-0.07333025336546005,0.0
91.89477487983537,66.74037693852762,10.600000000000001,0.3379889351585704,-0.07399443415897666,1.3157448640425529e-15
91.90958245795427,66.732266235443,10.600000000000001,0.3378773394936523,-0.07466059314209485,1.842042809659574e-15
91.9243531528906,66.72414599927933,10.600000000000001,0.33776552295811574,-0.0753287100906502,1.3157448640425529e-15
91.93908702096704,66.7160162494832,10.6,0.3376534830618599,-0.07599876479078024,-1.5788938368510633e-15
91.95378411934121,66.70787700570195,10.599999999999998,0.3375412173827214,-0.0766707370401393,2.6314897280851057e-16
91.9684445060009,66.69972828778188,10.599999999999996,0.33742872356635256,-0.07734460664914602,5.262979456170211e-16
91.983068239758,66.69157011576688,10.6,0.3373159993260953,-0.07802035344220595,7.8944691842553165e-16
91.99765538024303,66.68340250989677,10.6,0.33720304244284766,-0.07869795725889796,1.842042809659574e-15
92.01220598789985,66.67522549060577,10.599999999999998,0.3370898507649155,-0.07937739795518506,2.1051917824680845e-15
92.02672012397939,66.66703907852103,10.599999999999998,0.33697642220787793,-0.08005865540460842,1.3157448640425529e-15
92.04119785053493,66.65884329446094,10.599999999999996,0.3368627547544344,-0.08074170949945259,5.262979456170211e-16
92.0556392304158,66.65063815943363,10.599999999999998,0.3367488464542377,-0.08142654015191808,5.262979456170211e-16
92.07004432726208,66.64242369463538,10.599999999999996,0.33663469542374075,-0.08211312729527899,1.842042809659574e-15
92.08441320549863,66.6341999214493,10.599999999999998,0.3365202998460434,-0.0828014508850365,7.8944691842553165e-16
92.09874593032986,66.62596686144339,10.6,0.33640565797070016,-0.08349149090004693,-1.5788938368510633e-15
92.11304256773379,66.61772453636928,10.599999999999998,0.3362907681135425,-0.08418322734365863,1.0525958912340423e-15
92.12730318445641,66.60947296816063,10.599999999999998,0.3361756286565121,-0.08487664024481766,1.0525958912340423e-15
92.14152784800602,66.60121217893146,10.6,0.33606023804745927,-0.08557170965919152,1.0525958912340423e-15
92.15571662664735,66.59294219097491,10.600000000000001,0.33594459479997085,-0.08626841567026176,1.5788938368510633e-15
92.16986958939619,66.58466302676132,10.6,0.33582869749314676,-0.0869667383904048,1.0525958912340423e-15
92.18398680601338,66.57637470893692,10.6,0.33571254477141116,-0.08766665796197333,1.0525958912340423e-15
92.19806834699926,66.56807726032218,10.599999999999998,0.3355961353443098,-0.08836815455836886,2.6314897280851057e-16
92.21211428358758,66.55977070391057,10.599999999999998,0.33547946798628503,-0.08907120838509705,7.8944691842553165e-16
92.22612468774025,66.55145506286652,10.599999999999998,0.3353625415364841,-0.08977579968081731,1.842042809659574e-15
92.24009963214125,66.54313036052436,10.599999999999998,0.335245354898511,-0.09048190871837454,0.0
92.254039190191,66.5347966203864,10.6,0.33512790704021295,-0.09118951580583796,5.262979456170211e-16
92.2679434360003,66.5264538661219,10.599999999999998,0.3350101969934597,-0.09189860128751866,1.0525958912340423e-15
92.28181244438501,66.51810212156498,10.599999999999996,0.33489222385388934,-0.09260914554495453,0.0
92.29564629085992,66.50974141071349,10.599999999999998,0.3347739867807013,-0.09332112899796388,-2.6314897280851057e-16
92.3094450516332,66.50137175772728,10.599999999999998,0.33465548499636544,-0.0940345321055534,2.8946387008936164e-15
92.32320880360007,66.49299318692694,10.6,0.33453671778643174,-0.09474933536698471,2.368340755276595e-15
92.33693762433771,66.48460572279191,10.599999999999996,0.3344176844992364,-0.0954655193226738,1.5788938368510633e-15
92.35063159209902,66.47620938995931,10.599999999999996,0.3342983845456699,-0.09618306455519958,2.6314897280851057e-16
92.36429078580683,66.46780421322217,10.599999999999998,0.3341788173989037,-0.09690195169020949,1.842042809659574e-15
92.3779152850483,66.4593902175281,10.599999999999996,0.33405898259413913,-0.0976221613974058,1.842042809659574e-15
92.39150517006856,66.45096742797783,10.599999999999998,0.3339388797283403,-0.09834367439143504,-5.262979456170211e-16
92.40506052176555,66.4425358698234,10.599999999999998,0.33381850845995215,-0.0990664714328343,7.8944691842553165e-16
92.41858142168383,66.43409556846697,10.599999999999996,0.3336978685086344,-0.09979053332893287,-2.6314897280851057e-16
92.43206795200874,66.42564654945916,10.599999999999996,0.3335769596549854,-0.10051584093474014,2.6314897280851057e-16
92.44552019556045,66.41718883849767,10.599999999999998,0.3334557817402569,-0.10124237515387226,5.262979456170211e-16
92.45893823578848,66.40872246142568,10.599999999999996,0.333334334666066,-0.10197011693938955,-5.262979456170211e-16
92.47232215676553,66.40024744423035,10.599999999999996,0.33321261839411903,-0.10269904729471066,0.0
92.48567204318176,66.39176381304144,10.599999999999998,0.33309063294590013,-0.10342914727443783,-7.8944691842553165e-16
92.49898798033898,66.38327159412965,10.599999999999998,0.3329683784023889,-0.1041603979852338,2.1051917824680845e-15
92.51227005414448,66.37477081390549,10.599999999999996,0.3328458549037635,-0.10489278058665578,1.3157448640425529e-15
92.52551835110565,66.36626149891728,10.599999999999996,0.3327230626490872,-0.10562627629198885,-2.6314897280851057e-16
92.53873295832388,66.35774367585013,10.599999999999998,0.33260000189601635,-0.1063608663690753,0.0
92.55191396348873,66.34921737152413,10.599999999999996,0.3324766729604732,-0.10709653214112097,-5.262979456170211e-16
92.56506145487187,66.34068261289322,10.599999999999998,0.33235307621635507,-0.1078332549874997,1.3157448640425529e-15
92.57817552132164,66.33213942704339,10.599999999999996,0.33222921209520884,-0.10857101634456809,-1.0525958912340423e-15
92.59125625225697,66.3235878411914,10.599999999999998,0.3321050810859096,-0.10930979770641881,7.8944691842553165e-16
92.60430373766148,66.31502788268318,10.599999999999998,0.33198068373434475,-0.11004958062568805,2.1051917824680845e-15
92.61731806807758,66.30645957899269,10.599999999999998,0.3318560206430976,-0.11079034671430166,0.0
92.63029933460089,66.29788295771996,10.599999999999996,0.3317310924711021,-0.11153207764424154,1.5788938368510633e-15
92.6432476288742,66.28929804659012,10.599999999999996,0.3316058999333318,-0.11227475514829596,-1.3157448640425529e-15
92.6561630430817,66.28070487345153,10.599999999999996,0.331480443800458,-0.11301836102079627,2.6314897280851057e-16
92.66904566994282,66.27210346627476,10.599999999999998,0.33135472489852014,-0.11376287711833946,-5.262979456170211e-16
92.68189560270697,66.26349385315075,10.6,0.3312287441085785,-0.11450828536051999,-1.0525958912340423e-15
92.69471293514724,66.25487606228961,10.599999999999996,0.331102502366387,-0.1152545677306393,-2.6314897280851057e-16
92.70749776155476,66.24625012201906,10.599999999999996,0.33097600066205046,-0.11600170627639855,0.0
92.72025017673289,66.23761606078304,10.599999999999994,0.3308492400396596,-0.11674968311059748,-7.8944691842553165e-16
92.73297027599114,66.22897390714037,10.599999999999996,0.33072222159696907,-0.1174984804118247,7.8944691842553165e-16
92.74565815513967,66.22032368976315,10.599999999999996,0.3305949464850325,-0.11824808042511638,-1.842042809659574e-15
92.75831391048335,66.21166543743537,10.599999999999996,0.33046741590785933,-0.11899846546264313,-2.6314897280851057e-16
92.77093763881605,66.20299917905156,10.599999999999996,0.33033963112204323,-0.11974961790433239,2.6314897280851057e-16
92.78352943741436,66.19432494361541,10.599999999999996,0.33021159343643197,-0.12050152019856017,-5.262979456170211e-16
92.79608940403253,66.18564276023817,10.599999999999994,0.33008330421175036,-0.12125415486275742,2.6314897280851057e-16
92.80861763689614,66.17695265813737,10.599999999999993,0.32995476486023645,-0.12200750448403991,3.947234592127659e-15
92.8211142346965,66.16825466663545,10.599999999999996,0.32982597684528686,-0.12276155171985248,-7.8944691842553165e-16
92.83357929658484,66.1595488151581,10.599999999999996,0.32969694168109503,-0.12351627929854972,1.5788938368510633e-15
92.84601292216644,66.15083513323331,10.599999999999994,0.32956766093227935,-0.12427167002002333,-2.6314897280851057e-16
92.85841521149509,66.14211365048949,10.599999999999996,0.32943813621350315,-0.12502770675627944,2.6314897280851057e-16
92.87078626506711,66.13338439665438,10.599999999999994,0.3293083691891265,-0.12578437245203117,-2.6314897280851057e-16
92.88312618381579,66.12464740155343,10.599999999999996,0.3291783615728176,-0.12654165012527904,1.0525958912340423e-15
92.89543506910526,66.11590269510879,10.599999999999994,0.3290481151271744,-0.1272995228678635,-1.5788938368510633e-15
92.90771302272526,66.10715030733742,10.599999999999994,0.32891763166336413,-0.128057973846032,0.0
92.91996014688515,66.09839026835009,10.599999999999993,0.32878691304073293,-0.12881698630099608,5.262979456170211e-16
92.93217654420822,66.08962260834979,10.599999999999996,0.32865596116643087,-0.1295765435494624,-2.1051917824680845e-15
92.94436231772576,66.08084735763053,10.599999999999996,0.32852477799502483,-0.13033662898416185,1.5788938368510633e-15
92.9565175708718,66.0720645465758,10.599999999999994,0.32839336552813087,-0.1310972260743917,0.0
92.96864240747706,66.06327420565732,10.599999999999996,0.32826172581400215,-0.1318583183665027,5.262979456170211e-16
92.98073693176346,66.05447636543352,10.599999999999998,0.32812986094717844,-0.13261988948443545,5.262979456170211e-16
92.99280124833841,66.04567105654839,10.599999999999996,0.3279977730680606,-0.1333819231301953,5.262979456170211e-16
93.00483546218882,66.03685830973002,10.599999999999994,0.32786546436255837,-0.13414440308436015,-1.5788938368510633e-15
93.01683967867605,66.02803815578918,10.599999999999994,0.3277329370616706,-0.13490731320654784,-5.262979456170211e-16
93.02881400352982,66.01921062561803,10.599999999999994,0.3276001934411104,-0.13567063743589505,-1.0525958912340423e-15
93.0407585428428,66.01037575018876,10.599999999999994,0.3274672358209049,-0.1364343597915298,0.0
93.05267340306459,66.00153356055239,10.599999999999996,0.32733406656500763,-0.13719846437300537,-1.0525958912340423e-15
93.0645586909968,65.99268408783716,10.599999999999994,0.32720068808089514,-0.13796293536077425,2.1051917824680845e-15
93.07641451378683,65.98382736324739,10.599999999999993,0.3270671028191776,-0.13872775701661424,-5.262979456170211e-16
93.08824097892266,65.97496341806199,10.599999999999994,0.32693331327319103,-0.13949291368405492,-5.262979456170211e-16
93.1000381942269,65.96609228363344,10.599999999999996,0.32679932197861944,-0.14025838978881922,1.0525958912340423e-15
93.11180626785168,65.95721399138611,10.599999999999994,0.3266651315130636,-0.1410241698392184,1.0525958912340423e-15
93.12354530827277,65.9483285728151,10.599999999999994,0.3265307444956746,-0.14179023842657615,0.0
93.13525542428422,65.93943605948492,10.599999999999996,0.3263961635867248,-0.1425565802256128,1.5788938368510633e-15
93.14693672499277,65.93053648302816,10.599999999999993,0.32626139148721695,-0.14332317999484911,1.0525958912340423e-15
93.15858931981215,65.92162987514428,10.599999999999994,0.3261264309384821,-0.1440900225769825,1.0525958912340423e-15
93.17021331845795,65.91271626759807,10.599999999999996,0.32599128472176836,-0.14485709289926257,1.5788938368510633e-15
93.18180883094193,65.90379569221862,10.599999999999993,0.3258559556578459,-0.14562437597386468,-2.1051917824680845e-15
93.19337596756662,65.89486818089773,10.599999999999996,0.3257204466065834,-0.14639185689823103,1.0525958912340423e-15
93.20491483891956,65.88593376558903,10.599999999999993,0.3255847604665672,-0.1471595208554524,5.262979456170211e-16
93.21642555586835,65.8769924783062,10.599999999999994,0.32544890017466455,-0.14792735311457983,1.5788938368510633e-15
93.22790822955493,65.8680443511221,10.599999999999993,0.32531286870563886,-0.14869533903098728,-1.0525958912340423e-15
93.23936297139028,65.85908941616711,10.599999999999993,0.3251766690717256,-0.14946346404668095,0.0
93.2507898930487,65.85012770562832,10.599999999999994,0.32504030432223296,-0.15023171369062813,0.0
93.26218910646296,65.84115925174784,10.599999999999993,0.32490377754312566,-0.15100007357907533,-5.262979456170211e-16
93.27356072381855,65.83218408682166,10.599999999999994,0.324767091856615,-0.15176852941584107,0.0
93.28490485754844,65.8232022431985,10.599999999999994,0.32463025042074856,-0.1525370669926161,-1.5788938368510633e-15
93.29622162032784,65.81421375327831,10.599999999999993,0.32449325642900617,-0.15330567218927157,-1.0525958912340423e-15
93.30751112506849,65.80521864951137,10.599999999999993,0.3243561131098683,-0.15407433097411413,1.5788938368510633e-15
93.31877348491388,65.79621696439672,10.599999999999993,0.32421882372642363,-0.15484302940418232,-2.1051917824680845e-15
93.33000881323369,65.78720873048096,10.599999999999993,0.32408139157595045,-0.1556117536255091,0.0
93.34121722361857,65.7781939803571,10.599999999999993,0.32394381998949084,-0.15638048987337166,1.0525958912340423e-15
93.35239882987464,65.76917274666337,10.599999999999993,0.32380611233146167,-0.1571492244725679,0.0
93.36355374601871,65.76014506208179,10.599999999999993,0.323668271999212,-0.1579179438376308,-5.262979456170211e-16
93.37468208627271,65.75111095933708,10.599999999999993,0.3235303024226328,-0.1586866344730999,1.0525958912340423e-15
93.38578396505872,65.74207047119535,10.599999999999993,0.3233922070637324,-0.15945528297373107,-1.5788938368510633e-15
93.39685949699334,65.73302363046302,10.599999999999994,0.32325398941622274,-0.1602238760247262,-2.6314897280851058e-15
93.4079087968831,65.7239704699854,10.599999999999993,0.3231156530051028,-0.1609924004019558,-5.262979456170211e-16
93.41893197971896,65.71491102264567,10.59999999999999,0.3229772013862432,-0.16176084297216026,-2.1051917824680845e-15
93.42992916067125,65.70584532136343,10.59999999999999,0.3228386381459845,-0.1625291906931633,-5.262979456170211e-16
93.44090045508462,65.69677339909373,10.599999999999993,0.32269996690069663,-0.16329743061405727,0.0
93.45184597847258,65.68769528882582,10.599999999999994,0.3225611912963943,-0.16406554987540325,5.262979456170211e-16
93.46276584651304,65.67861102358182,10.599999999999993,0.3224223150082941,-0.16483353570940487,-5.262979456170211e-16
93.47366017504272,65.66952063641563,10.599999999999993,0.32228334174041795,-0.1656013754400887,1.5788938368510633e-15
93.48452908005251,65.66042416041167,10.599999999999994,0.322144275225171,-0.1663690564834706,-1.5788938368510633e-15
93.49537267768183,65.65132162868386,10.599999999999994,0.3220051192229225,-0.16713656634770996,5.262979456170211e-16
93.50619108421438,65.64221307437424,10.599999999999993,0.3218658775216043,-0.16790389263328725,0.0
93.5169844160727,65.63309853065186,10.599999999999994,0.3217265539362776,-0.168671023033127,1.5788938368510633e-15
93.5277527898132,65.62397803071164,10.599999999999996,0.3215871523087346,-0.1694379453327512,1.0525958912340423e-15
93.5384963221215,65.61485160777316,10.599999999999993,0.32144767650707956,-0.17020464741042043,5.262979456170211e-16
93.54921512980698,65.60571929507962,10.599999999999993,0.3213081304253028,-0.17097111723725023,-1.0525958912340423e-15
93.55990932979844,65.59658112589642,10.59999999999999,0.32116851798288454,-0.17173734287733658,0.0
93.57057903913892,65.58743713351029,10.599999999999994,0.3210288431243664,-0.17250331248787165,-2.1051917824680845e-15
93.58122437498088,65.57828735122787,10.599999999999993,0.32088910981895236,-0.17326901431926367,5.262979456170211e-16
93.5918454545811,65.56913181237486,10.599999999999993,0.32074932206007584,-0.1740344367152156,0.0
93.60244239529639,65.55997055029465,10.59999999999999,0.32060948386500654,-0.17479956811284833,1.5788938368510633e-15
