galstreams/tracks/track.po.PS1-E.bernard2016.ecsv
# %ECSV 1.0
# ---
# datatype:
# - {name: ra, unit: deg, datatype: float64}
# - {name: dec, unit: deg, datatype: float64}
# - {name: distance, unit: kpc, datatype: float64}
# - {name: pm_ra_cosdec, unit: mas / yr, datatype: float64}
# - {name: pm_dec, unit: mas / yr, datatype: float64}
# - {name: radial_velocity, unit: km / s, datatype: float64}
# delimiter: ','
# meta: !!omap
# - __serialized_columns__:
#     dec:
#       __class__: astropy.coordinates.angles.Latitude
#       unit: &id001 !astropy.units.Unit {unit: deg}
#       value: !astropy.table.SerializedColumn {name: dec}
#     distance:
#       __class__: astropy.coordinates.distances.Distance
#       unit: !astropy.units.Unit {unit: kpc}
#       value: !astropy.table.SerializedColumn {name: distance}
#     pm_dec:
#       __class__: astropy.units.quantity.Quantity
#       unit: !astropy.units.Unit {unit: mas / yr}
#       value: !astropy.table.SerializedColumn {name: pm_dec}
#     pm_ra_cosdec:
#       __class__: astropy.units.quantity.Quantity
#       unit: !astropy.units.Unit {unit: mas / yr}
#       value: !astropy.table.SerializedColumn {name: pm_ra_cosdec}
#     ra:
#       __class__: astropy.coordinates.angles.Longitude
#       unit: *id001
#       value: !astropy.table.SerializedColumn {name: ra}
#       wrap_angle: !astropy.coordinates.Angle
#         unit: *id001
#         value: 360.0
#     radial_velocity:
#       __class__: astropy.units.quantity.Quantity
#       unit: !astropy.units.Unit {unit: km / s}
#       value: !astropy.table.SerializedColumn {name: radial_velocity}
# schema: astropy-2.0
ra,dec,distance,pm_ra_cosdec,pm_dec,radial_velocity
[from data line 1425]
175.44005632827907,56.836072414778684,12.59999999999999,0.0,0.0,0.0
175.45364921548472,56.84276562711795,12.599999999999989,0.0,0.0,0.0
175.46724696407523,56.849457362357896,12.59999999999999,0.0,0.0,0.0
175.480849575956,56.85614761959327,12.59999999999999,0.0,0.0,0.0
175.49445705303216,56.8628363979183,12.59999999999999,0.0,0.0,0.0
175.5080693972087,56.86952369642668,12.599999999999993,0.0,0.0,0.0
175.52168661039016,56.87620951421158,12.59999999999999,0.0,0.0,0.0
175.53530869448105,56.88289385036562,12.59999999999999,0.0,0.0,0.0
175.54893565138553,56.889576703980914,12.599999999999989,0.0,0.0,0.0
175.56256748300757,56.89625807414906,12.59999999999999,0.0,0.0,0.0
175.5762041912508,56.90293795996107,12.599999999999989,0.0,0.0,0.0
175.58984577801868,56.90961636050749,12.59999999999999,0.0,0.0,0.0
175.60349224521437,56.91629327487832,12.59999999999999,0.0,0.0,0.0
175.61714359474078,56.922968702163,12.599999999999993,0.0,0.0,0.0
175.63079982850059,56.92964264145047,12.599999999999993,0.0,0.0,0.0
175.64446094839622,56.93631509182914,12.599999999999993,0.0,0.0,0.0
175.65812695632974,56.94298605238687,12.59999999999999,0.0,0.0,0.0
175.67179785420302,56.94965552221102,12.59999999999999,0.0,0.0,0.0
175.68547364391767,56.95632350038838,12.599999999999989,0.0,0.0,0.0
175.69915432737503,56.962989986005255,12.59999999999999,0.0,0.0,0.0
175.71283990647615,56.96965497814739,12.59999999999999,0.0,0.0,0.0
175.72653038312177,56.976318475900015,12.59999999999999,0.0,0.0,0.0
175.7402257592124,56.98298047834781,12.59999999999999,0.0,0.0,0.0
175.75392603664824,56.98964098457494,12.59999999999999,0.0,0.0,0.0
175.76763121732927,56.99629999366504,12.59999999999999,0.0,0.0,0.0
175.78134130315507,57.00295750470121,12.59999999999999,0.0,0.0,0.0
175.79505629602502,57.009613516766,12.599999999999993,0.0,0.0,0.0
175.80877619783817,57.01626802894148,12.59999999999999,0.0,0.0,0.0
175.8225010104933,57.022921040309136,12.59999999999999,0.0,0.0,0.0
175.83623073588888,57.02957254994995,12.599999999999993,0.0,0.0,0.0
175.84996537592312,57.03622255694436,12.59999999999999,0.0,0.0,0.0
175.86370493249385,57.042871060372285,12.599999999999993,0.0,0.0,0.0
175.87744940749863,57.0495180593131,12.599999999999993,0.0,0.0,0.0
175.89119880283477,57.05616355284566,12.599999999999993,0.0,0.0,0.0
175.90495312039923,57.06280754004828,12.599999999999993,0.0,0.0,0.0
175.91871236208863,57.06945001999874,12.599999999999993,0.0,0.0,0.0
175.93247652979932,57.0760909917743,12.599999999999994,0.0,0.0,0.0
175.9462456254273,57.08273045445168,12.599999999999993,0.0,0.0,0.0
175.9600196508683,57.089368407107074,12.599999999999993,0.0,0.0,0.0
175.9737986080177,57.096004848816115,12.59999999999999,0.0,0.0,0.0
175.98758249877054,57.102639778653945,12.59999999999999,0.0,0.0,0.0
176.00137132502155,57.109273195695145,12.599999999999993,0.0,0.0,0.0
176.01516508866519,57.11590509901379,12.599999999999993,0.0,0.0,0.0
176.02896379159546,57.12253548768337,12.59999999999999,0.0,0.0,0.0
176.0427674357062,57.12916436077692,12.599999999999993,0.0,0.0,0.0
176.0565760228907,57.135791717366864,12.599999999999993,0.0,0.0,0.0
176.07038955504214,57.14241755652514,12.599999999999993,0.0,0.0,0.0
176.0842080340532,57.14904187732316,12.59999999999999,0.0,0.0,0.0
176.09803146181628,57.15566467883174,12.599999999999993,0.0,0.0,0.0
176.1118598402234,57.16228596012123,12.599999999999993,0.0,0.0,0.0
176.1256931711663,57.16890572026143,12.599999999999993,0.0,0.0,0.0
176.13953145653628,57.17552395832157,12.599999999999993,0.0,0.0,0.0
176.15337469822433,57.1821406733704,12.599999999999993,0.0,0.0,0.0
176.16722289812117,57.18875586447609,12.599999999999993,0.0,0.0,0.0
176.181076058117,57.1953695307063,12.59999999999999,0.0,0.0,0.0
176.19493418010174,57.201981671128166,12.599999999999993,0.0,0.0,0.0
176.208797265965,57.20859228480825,12.59999999999999,0.0,0.0,0.0
176.22266531759593,57.215201370812615,12.599999999999993,0.0,0.0,0.0
176.23653833688337,57.221808928206784,12.599999999999993,0.0,0.0,0.0
176.25041632571578,57.22841495605574,12.599999999999993,0.0,0.0,0.0
176.2642992859812,57.23501945342392,12.599999999999993,0.0,0.0,0.0
176.2781872195674,57.24162241937524,12.599999999999994,0.0,0.0,0.0
176.29208012836165,57.248223852973084,12.599999999999993,0.0,0.0,0.0
176.3059780142509,57.254823753280284,12.599999999999993,0.0,0.0,0.0
176.3198808791218,57.26142211935917,12.599999999999993,0.0,0.0,0.0
176.3337887248604,57.26801895027149,12.599999999999993,0.0,0.0,0.0
176.34770155335255,57.274614245078496,12.599999999999993,0.0,0.0,0.0
176.36161936648367,57.28120800284089,12.599999999999994,0.0,0.0,0.0
176.37554216613873,57.28780022261883,12.599999999999993,0.0,0.0,0.0
176.38946995420233,57.29439090347194,12.599999999999993,0.0,0.0,0.0
176.40340273255867,57.30098004445932,12.599999999999993,0.0,0.0,0.0
176.41734050309162,57.30756764463955,12.599999999999993,0.0,0.0,0.0
176.4312832676845,57.31415370307065,12.59999999999999,0.0,0.0,0.0
176.44523102822038,57.32073821881008,12.599999999999993,0.0,0.0,0.0
176.4591837865818,57.327321190914795,12.599999999999993,0.0,0.0,0.0
176.47314154465096,57.333902618441215,12.599999999999993,0.0,0.0,0.0
176.48710430430958,57.34048250044523,12.599999999999993,0.0,0.0,0.0
176.50107206743905,57.34706083598217,12.599999999999993,0.0,0.0,0.0
176.5150448359203,57.353637624106845,12.599999999999993,0.0,0.0,0.0
176.52902261163374,57.36021286387353,12.599999999999993,0.0,0.0,0.0
176.54300539645953,57.36678655433593,12.599999999999993,0.0,0.0,0.0
176.5569931922773,57.37335869454727,12.599999999999993,0.0,0.0,0.0
176.57098600096626,57.37992928356018,12.599999999999993,0.0,0.0,0.0
176.5849838244052,57.38649832042681,12.599999999999993,0.0,0.0,0.0
176.59898666447245,57.39306580419872,12.599999999999993,0.0,0.0,0.0
176.61299452304596,57.399631733926974,12.599999999999993,0.0,0.0,0.0
176.6270074020031,57.40619610866207,12.59999999999999,0.0,0.0,0.0
176.64102530322103,57.412758927453986,12.599999999999994,0.0,0.0,0.0
176.6550482285762,57.419320189352156,12.59999999999999,0.0,0.0,0.0
176.66907617994482,57.42587989340547,12.599999999999993,0.0,0.0,0.0
176.68310915920253,57.4324380386623,12.599999999999993,0.0,0.0,0.0
176.6971471682246,57.438994624170455,12.599999999999993,0.0,0.0,0.0
176.71119020888574,57.44554964897722,12.599999999999993,0.0,0.0,0.0
176.72523828306024,57.45210311212936,12.599999999999993,0.0,0.0,0.0
176.739291392622,57.45865501267305,12.59999999999999,0.0,0.0,0.0
176.75334953944432,57.46520534965397,12.599999999999994,0.0,0.0,0.0
176.7674127254002,57.471754122117275,12.59999999999999,0.0,0.0,0.0
176.78148095236202,57.47830132910754,12.599999999999993,0.0,0.0,0.0
176.7955542222017,57.48484696966881,12.599999999999993,0.0,0.0,0.0
176.80963253679082,57.49139104284463,12.599999999999994,0.0,0.0,0.0
176.82371589800033,57.497933547677945,12.599999999999989,0.0,0.0,0.0
176.83780430770076,57.50447448321123,12.599999999999993,0.0,0.0,0.0
176.85189776776215,57.511013848486364,12.59999999999999,0.0,0.0,0.0
176.86599628005405,57.51755164254471,12.599999999999994,0.0,0.0,0.0
176.88009984644555,57.524087864427095,12.599999999999994,0.0,0.0,0.0
176.89420846880518,57.530622513173796,12.599999999999993,0.0,0.0,0.0
176.908322149001,57.53715558782458,12.599999999999994,0.0,0.0,0.0
176.92244088890067,57.54368708741862,12.599999999999993,0.0,0.0,0.0
176.9365646903712,57.55021701099462,12.599999999999994,0.0,0.0,0.0
176.95069355527912,57.55674535759069,12.599999999999994,0.0,0.0,0.0
176.96482748549053,57.563272126244414,12.599999999999994,0.0,0.0,0.0
176.97896648287104,57.56979731599286,12.599999999999994,0.0,0.0,0.0
176.9931105492856,57.576320925872515,12.599999999999994,0.0,0.0,0.0
177.00725968659876,57.582842954919364,12.599999999999993,0.0,0.0,0.0
177.02141389667457,57.58936340216884,12.599999999999994,0.0,0.0,0.0
177.03557318137646,57.59588226665583,12.599999999999994,0.0,0.0,0.0
177.0497375425674,57.60239954741468,12.599999999999994,0.0,0.0,0.0
177.06390698210987,57.60891524347921,12.599999999999993,0.0,0.0,0.0
177.07808150186574,57.615429353882696,12.599999999999993,0.0,0.0,0.0
177.09226110369636,57.62194187765786,12.599999999999994,0.0,0.0,0.0
177.10644578946258,57.6284528138369,12.599999999999994,0.0,0.0,0.0
177.12063556102473,57.634962161451476,12.599999999999993,0.0,0.0,0.0
177.13483042024254,57.64146991953268,12.599999999999993,0.0,0.0,0.0
177.14903036897525,57.647976087111104,12.599999999999994,0.0,0.0,0.0
177.1632354090815,57.65448066321677,12.599999999999994,0.0,0.0,0.0
177.1774455424194,57.66098364687917,12.599999999999994,0.0,0.0,0.0
177.19166077084657,57.66748503712726,12.599999999999993,0.0,0.0,0.0
177.20588109621997,57.67398483298944,12.599999999999994,0.0,0.0,0.0
177.2201065203961,57.680483033493594,12.599999999999993,0.0,0.0,0.0
177.23433704523077,57.686979637667044,12.599999999999994,0.0,0.0,0.0
177.2485726725794,57.693474644536565,12.599999999999993,0.0,0.0,0.0
177.2628134042967,57.69996805312843,12.599999999999994,0.0,0.0,0.0
177.27705924223687,57.706459862468336,12.599999999999993,0.0,0.0,0.0
177.29131018825356,57.71295007158143,12.599999999999994,0.0,0.0,0.0
177.3055662441998,57.71943867949237,12.599999999999993,0.0,0.0,0.0
177.31982741192803,57.72592568522523,12.599999999999994,0.0,0.0,0.0
177.33409369329013,57.73241108780354,12.599999999999994,0.0,0.0,0.0
177.34836509013743,57.738894886250314,12.599999999999993,0.0,0.0,0.0
177.36264160432066,57.74537707958801,12.599999999999994,0.0,0.0,0.0
177.3769232376899,57.75185766683854,12.599999999999993,0.0,0.0,0.0
177.3912099920947,57.7583366470233,12.599999999999993,0.0,0.0,0.0
177.405501869384,57.76481401916312,12.599999999999994,0.0,0.0,0.0
177.41979887140613,57.77128978227829,12.599999999999993,0.0,0.0,0.0
177.43410100000884,57.77776393538856,12.599999999999994,0.0,0.0,0.0
177.4484082570392,57.784236477513176,12.599999999999994,0.0,0.0,0.0
177.46272064434382,57.79070740767078,12.599999999999994,0.0,0.0,0.0
177.47703816376853,57.79717672487949,12.599999999999994,0.0,0.0,0.0
177.4913608171587,57.80364442815692,12.599999999999994,0.0,0.0,0.0
177.50568860635894,57.810110516520105,12.599999999999994,0.0,0.0,0.0
177.52002153321337,57.81657498898556,12.599999999999993,0.0,0.0,0.0
177.5343595995654,57.823037844569235,12.599999999999994,0.0,0.0,0.0
177.54870280725783,57.82949908228655,12.599999999999994,0.0,0.0,0.0
177.56305115813282,57.8359587011524,12.599999999999994,0.0,0.0,0.0
177.57740465403202,57.84241670018111,12.599999999999994,0.0,0.0,0.0
177.59176329679627,57.84887307838649,12.599999999999994,0.0,0.0,0.0
177.60612708826588,57.85532783478176,12.599999999999994,0.0,0.0,0.0
177.6204960302805,57.861780968379655,12.599999999999994,0.0,0.0,0.0
177.63487012467905,57.86823247819236,12.599999999999994,0.0,0.0,0.0
177.64924937329997,57.87468236323146,12.599999999999994,0.0,0.0,0.0
177.66363377798092,57.881130622508074,12.599999999999994,0.0,0.0,0.0
177.67802334055895,57.887577255032724,12.599999999999994,0.0,0.0,0.0
177.69241806287047,57.89402225981543,12.599999999999993,0.0,0.0,0.0
177.7068179467512,57.90046563586562,12.599999999999994,0.0,0.0,0.0
177.72122299403617,57.90690738219224,12.599999999999994,0.0,0.0,0.0
177.73563320655984,57.91334749780364,12.599999999999994,0.0,0.0,0.0
177.75004858615594,57.919785981707655,12.599999999999993,0.0,0.0,0.0
177.76446913465753,57.92622283291159,12.599999999999994,0.0,0.0,0.0
177.77889485389701,57.93265805042217,12.599999999999993,0.0,0.0,0.0
177.79332574570608,57.9390916332456,12.599999999999993,0.0,0.0,0.0
177.80776181191578,57.945523580387544,12.599999999999994,0.0,0.0,0.0
177.82220305435646,57.95195389085312,12.599999999999993,0.0,0.0,0.0
177.8366494748578,57.95838256364689,12.599999999999993,0.0,0.0,0.0
177.85110107524875,57.9648095977729,12.599999999999994,0.0,0.0,0.0
177.86555785735763,57.97123499223464,12.599999999999994,0.0,0.0,0.0
177.880019823012,57.97765874603503,12.599999999999994,0.0,0.0,0.0
177.89448697403876,57.984080858176505,12.599999999999994,0.0,0.0,0.0
177.90895931226407,57.99050132766092,12.599999999999994,0.0,0.0,0.0
177.92343683951347,57.99692015348956,12.599999999999994,0.0,0.0,0.0
177.93791955761168,58.00333733466325,12.599999999999994,0.0,0.0,0.0
177.95240746838277,58.00975287018217,12.599999999999993,0.0,0.0,0.0
177.96690057365015,58.01616675904605,12.599999999999994,0.0,0.0,0.0
177.98139887523635,58.022579000254,12.599999999999993,0.0,0.0,0.0
177.99590237496335,58.028989592804635,12.599999999999994,0.0,0.0,0.0
178.01041107465232,58.035398535696025,12.599999999999994,0.0,0.0,0.0
178.02492497612374,58.04180582792568,12.599999999999996,0.0,0.0,0.0
178.03944408119727,58.04821146849056,12.599999999999994,0.0,0.0,0.0
178.053968391692,58.0546154563871,12.599999999999996,0.0,0.0,0.0
178.0684979094261,58.06101779061119,12.599999999999996,0.0,0.0,0.0
178.08303263621713,58.06741847015816,12.599999999999996,0.0,0.0,0.0
178.09757257388188,58.073817494022826,12.599999999999994,0.0,0.0,0.0
178.11211772423638,58.08021486119946,12.599999999999994,0.0,0.0,0.0
178.1266680890959,58.086610570681714,12.599999999999996,0.0,0.0,0.0
178.14122367027494,58.09300462146281,12.599999999999994,0.0,0.0,0.0
178.1557844695873,58.09939701253538,12.599999999999996,0.0,0.0,0.0
178.17035048884603,58.10578774289145,12.599999999999996,0.0,0.0,0.0
178.1849217298633,58.1121768115226,12.599999999999998,0.0,0.0,0.0
178.1994981944507,58.118564217419824,12.599999999999998,0.0,0.0,0.0
178.21407988441885,58.12494995957358,12.599999999999996,0.0,0.0,0.0
178.22866680157776,58.13133403697375,12.599999999999998,0.0,0.0,0.0
178.2432589477366,58.137716448609716,12.599999999999994,0.0,0.0,0.0
178.25785632470368,58.144097193470294,12.599999999999994,0.0,0.0,0.0
178.27245893428673,58.15047627054376,12.599999999999998,0.0,0.0,0.0
178.2870667782925,58.15685367881787,12.599999999999994,0.0,0.0,0.0
178.30167985852714,58.16322941727978,12.599999999999996,0.0,0.0,0.0
178.31629817679573,58.16960348491616,12.599999999999994,0.0,0.0,0.0
178.33092173490283,58.1759758807131,12.599999999999996,0.0,0.0,0.0
178.3455505346521,58.182346603656185,12.599999999999998,0.0,0.0,0.0
178.36018457784635,58.1887156527304,12.599999999999994,0.0,0.0,0.0
178.37482386628767,58.195083026920244,12.599999999999994,0.0,0.0,0.0
178.3894684017773,58.20144872520963,12.599999999999996,0.0,0.0,0.0
178.40411818611565,58.207812746581936,12.599999999999996,0.0,0.0,0.0
178.41877322110236,58.21417509002003,12.599999999999994,0.0,0.0,0.0
178.4334335085362,58.22053575450617,12.599999999999998,0.0,0.0,0.0
178.4480990502152,58.22689473902215,12.599999999999996,0.0,0.0,0.0
178.4627698479365,58.233252042549154,12.599999999999994,0.0,0.0,0.0
178.47744590349643,58.23960766406786,12.599999999999996,0.0,0.0,0.0
178.49212721869046,58.245961602558395,12.599999999999994,0.0,0.0,0.0
178.50681379531332,58.252313857000345,12.599999999999996,0.0,0.0,0.0
178.5215056351588,58.25866442637273,12.599999999999994,0.0,0.0,0.0
178.53620274001983,58.26501330965404,12.599999999999996,0.0,0.0,0.0
178.5509051116887,58.27136050582224,12.599999999999994,0.0,0.0,0.0
178.56561275195656,58.27770601385471,12.599999999999994,0.0,0.0,0.0
178.58032566261394,58.28404983272833,12.599999999999998,0.0,0.0,0.0
178.59504384545042,58.29039196141941,12.599999999999994,0.0,0.0,0.0
178.6097673022547,58.29673239890372,12.599999999999996,0.0,0.0,0.0
178.6244960348147,58.30307114415651,12.599999999999996,0.0,0.0,0.0
178.6392300449174,58.309408196152454,12.599999999999996,0.0,0.0,0.0
178.65396933434897,58.31574355386567,12.599999999999996,0.0,0.0,0.0
178.66871390489464,58.32207721626978,12.599999999999994,0.0,0.0,0.0
178.6834637583389,58.32840918233786,12.599999999999996,0.0,0.0,0.0
178.69821889646514,58.33473945104238,12.599999999999998,0.0,0.0,0.0
178.7129793210561,58.34106802135533,12.599999999999996,0.0,0.0,0.0
178.7277450338935,58.347394892248126,12.599999999999994,0.0,0.0,0.0
178.74251603675822,58.35372006269166,12.599999999999994,0.0,0.0,0.0
178.75729233143025,58.36004353165625,12.599999999999996,0.0,0.0,0.0
