galstreams/tracks/track.st.Gaia-11.ibata2021.ecsv
# %ECSV 0.9
# ---
# datatype:
# - {name: ra, unit: deg, datatype: float64}
# - {name: dec, unit: deg, datatype: float64}
# - {name: distance, unit: kpc, datatype: float64}
# - {name: pm_ra_cosdec, unit: mas / yr, datatype: float64}
# - {name: pm_dec, unit: mas / yr, datatype: float64}
# - {name: radial_velocity, unit: km / s, datatype: float64}
# delimiter: ','
# meta: !!omap
# - __serialized_columns__:
#     dec:
#       __class__: astropy.coordinates.angles.Latitude
#       unit: &id001 !astropy.units.Unit {unit: deg}
#       value: !astropy.table.SerializedColumn {name: dec}
#     distance:
#       __class__: astropy.coordinates.distances.Distance
#       unit: !astropy.units.Unit {unit: kpc}
#       value: !astropy.table.SerializedColumn {name: distance}
#     pm_dec:
#       __class__: astropy.units.quantity.Quantity
#       unit: !astropy.units.Unit {unit: mas / yr}
#       value: !astropy.table.SerializedColumn {name: pm_dec}
#     pm_ra_cosdec:
#       __class__: astropy.units.quantity.Quantity
#       unit: !astropy.units.Unit {unit: mas / yr}
#       value: !astropy.table.SerializedColumn {name: pm_ra_cosdec}
#     ra:
#       __class__: astropy.coordinates.angles.Longitude
#       unit: *id001
#       value: !astropy.table.SerializedColumn {name: ra}
#       wrap_angle: !astropy.coordinates.Angle
#         unit: *id001
#         value: 360.0
#     radial_velocity:
#       __class__: astropy.units.quantity.Quantity
#       unit: !astropy.units.Unit {unit: km / s}
#       value: !astropy.table.SerializedColumn {name: radial_velocity}
# schema: astropy-2.0
ra,dec,distance,pm_ra_cosdec,pm_dec,radial_velocity
[from data line 1674]
275.2992595648169,32.9311223851847,12.939582737047868,-3.6172859409580775,4.585009476265528,1.1789073981821273e-13
275.30333881637546,32.9217189022477,12.940749962903695,-3.6165912791603088,4.585424068462016,6.73661370389787e-14
275.3074175499845,32.91231538571076,12.941919238203806,-3.615896868982987,4.585839687785633,0.0
275.3114957656552,32.90291183551011,12.943090566008877,-3.6152027109578726,4.586256334275139,0.0
275.31557346339855,32.89350825158202,12.944263949379591,-3.614508805616824,4.586674007969377,0.0
275.3196506432255,32.88410463386279,12.945439391376645,-3.6138151534917853,4.587092708907244,1.0104920555846805e-13
275.32372730514703,32.87470098228875,12.946616895060714,-3.6131217551147996,4.587512437127727,3.368306851948935e-14
275.32780344917404,32.865297296796264,12.947796463492487,-3.612428611018,4.587933192669873,8.420767129872338e-14
275.3318790753173,32.855893577321716,12.948978099732646,-3.611735721733614,4.588354975572798,1.515738083377021e-13
275.3359541835877,32.84648982380155,12.950161806841885,-3.6110430877939566,4.588777785875692,-3.368306851948935e-14
275.34002877399587,32.83708603617222,12.951347587880875,-3.6103507097314536,4.589201623617819,-8.420767129872338e-14
275.34410284655235,32.82768221437023,12.952535445910312,-3.609658588078601,4.589626488838501,8.420767129872338e-14
275.34817640126795,32.81827835833208,12.953725383990875,-3.608966723368001,4.590052381577149,-1.6841534259744676e-14
275.3522494381531,32.80887446799432,12.954917405183254,-3.6082751161323485,4.590479301873225,3.368306851948935e-14
275.3563219572183,32.79947054329359,12.956111512548128,-3.6075837669044244,4.590907249766279,6.73661370389787e-14
275.360393958474,32.79006658416645,12.957307709146187,-3.6068926762171105,4.591336225295917,5.0524602779234026e-14
275.3644654419306,32.78066259054958,12.958505998038115,-3.6062018446033783,4.591766228501819,1.1789073981821273e-13
275.3685364075984,32.77125856237966,12.959706382284596,-3.60551127259629,4.592197259423743,8.420767129872338e-14
275.3726068554877,32.7618544995934,12.960908864946314,-3.6048209607290014,4.592629318101503,6.73661370389787e-14
275.37667678560865,32.752450402127536,12.962113449083954,-3.6041309095347667,4.593062404574996,-3.368306851948935e-14
275.3807461979714,32.74304626991887,12.963320137758204,-3.603441119546928,4.5934965188841765,8.420767129872338e-14
275.3848150925862,32.73364210290419,12.964528934029747,-3.6027515912989165,4.593931661069078,8.420767129872338e-14
275.388883469463,32.72423790102036,12.965739840959268,-3.6020623253242636,4.5943678311698,-5.0524602779234026e-14
275.3929513286118,32.71483366420423,12.966952861607451,-3.601373322156596,4.594805029226511,-3.368306851948935e-14
275.3970186700424,32.70542939239272,12.968167999034986,-3.600684582329619,4.595243255279448,5.0524602779234026e-14
275.4010854937649,32.696025085522756,12.96938525630255,-3.5999961063771466,4.595682509368923,1.347322740779574e-13
275.4051517997891,32.686620743531314,12.970604636470831,-3.5993078948330752,4.596122791535309,1.515738083377021e-13
275.4092175881247,32.67721636635539,12.971826142600518,-3.598619948231397,4.596564101819055,1.0104920555846805e-13
275.41328285878143,32.66781195393202,12.973049777752292,-3.5979322671062,4.597006440260671,1.6841534259744677e-13
275.417347611769,32.65840750619826,12.97427554498684,-3.5972448519916593,4.59744980690075,1.347322740779574e-13
275.421411847097,32.6490030230912,12.975503447364844,-3.596557703422046,4.597894201779939,-5.0524602779234026e-14
275.4254755647749,32.639598504547976,12.976733487946996,-3.5958708219317255,4.598339624938953,1.6841534259744677e-13
275.42953876481226,32.630193950505735,12.977965669793972,-3.5951842080551537,4.598786076418598,1.0104920555846805e-13
275.43360144721856,32.620789360901675,12.979199995966463,-3.5944978623268775,4.59923355625972,1.347322740779574e-13
275.43766361200323,32.611384735673006,12.980436469525149,-3.59381178528154,4.599682064503252,5.0524602779234026e-14
275.4417252591754,32.601980074756995,12.981675093530724,-3.5931259774538757,4.60013160119019,5.0524602779234026e-14
275.44578638874464,32.592575378090906,12.982915871043861,-3.592440439378709,4.6005821663615984,3.368306851948935e-14
275.4498470007199,32.58317064561206,12.98415880512525,-3.5917551715909624,4.601033760058607,1.0104920555846805e-13
275.45390709511054,32.5737658772578,12.985403898835584,-3.5910701746256426,4.601486382322423,5.0524602779234026e-14
275.45796667192565,32.5643610729655,12.986651155235537,-3.590385449017858,4.601940033194308,1.6841534259744676e-14
275.46202573117415,32.55495623267257,12.9879005773858,-3.589700995302805,4.602394712715603,-3.368306851948935e-14
275.4660842728652,32.545551356316466,12.989152168347054,-3.589016814015773,4.602850420927713,1.0104920555846805e-13
275.47014229700767,32.53614644383463,12.990405931179984,-3.5883329056921442,4.603307157872112,6.73661370389787e-14
275.4741998036105,32.52674149516457,12.991661868945283,-3.587649270867392,4.60376492359034,8.420767129872338e-14
275.47825679268243,32.51733651024384,12.992919984703626,-3.5869659100770823,4.604223718124005,1.347322740779574e-13
275.48231326423246,32.50793148900996,12.994180281515703,-3.586282823856877,4.604683541514786,-3.368306851948935e-14
275.48636921826915,32.498526431400556,12.9954427624422,-3.5856000127425247,4.605144393804419,-5.0524602779234026e-14
275.49042465480113,32.48912133735327,12.996707430543795,-3.5849174772698764,4.605606275034726,1.6841534259744677e-13
275.4944795738372,32.479716206805705,12.997974288881183,-3.584235217974861,4.606069185247582,3.368306851948935e-14
275.4985339753859,32.470311039695595,12.999243340515042,-3.5835532353935107,4.606533124484929,6.73661370389787e-14
275.5025878594556,32.46090583596064,13.000514588506057,-3.582871530061947,4.606998092788786,0.0
275.5066412260549,32.45150059553859,13.001788035914917,-3.5821901025163854,4.607464090201227,1.0104920555846805e-13
275.51069407519213,32.442095318367215,13.003063685802303,-3.581508953293127,4.607931116764409,5.0524602779234026e-14
275.5147464068757,32.43269000438434,13.004341541228907,-3.580828082928573,4.608399172520535,5.0524602779234026e-14
275.51879822111385,32.42328465352781,13.005621605255401,-3.580147491959217,4.6088682575119,1.0104920555846805e-13
275.52284951791484,32.41387926573548,13.006903880942488,-3.579467180921638,4.609338371780841,1.1789073981821273e-13
275.5269002972869,32.40447384094527,13.008188371350837,-3.578787150352511,4.60980951536978,0.0
275.5309505592381,32.39506837909511,13.00947507954114,-3.578107400788606,4.610281688321195,6.73661370389787e-14
275.5350003037765,32.385662880122965,13.010764008574084,-3.5774279327667817,4.610754890677636,6.73661370389787e-14
275.53904953091023,32.37625734396681,13.012055161510347,-3.5767487468239887,4.611229122481719,-5.0524602779234026e-14
275.54309824064717,32.36685177056472,13.013348541410616,-3.576069843497276,4.6117043837761225,1.347322740779574e-13
275.5471464329953,32.357446159854696,13.014644151335581,-3.5753912233237757,4.6121806746036,1.347322740779574e-13
275.5511941079625,32.34804051177486,13.015941994345924,-3.5747128868407123,4.612657995006962,-6.73661370389787e-14
275.5552412655564,32.33863482626334,13.017242073502329,-3.574034834585418,4.613136345029087,1.0104920555846805e-13
275.55928790578497,32.32922910325824,13.018544391865484,-3.573357067095295,4.6136157247129255,3.368306851948935e-14
275.56333402865585,32.31982334269778,13.019848952496073,-3.572679584907853,4.614096134101488,3.368306851948935e-14
275.5673796341766,32.310417544520156,13.021155758454773,-3.5720023885606884,4.614577573237851,1.1789073981821273e-13
275.5714247223549,32.30101170866361,13.022464812802285,-3.5713254785914894,4.615060042165162,6.73661370389787e-14
275.57546929319824,32.291605835066406,13.023776118599278,-3.5706488555380407,4.615543540926631,1.0104920555846805e-13
275.5795133467141,32.282199923666866,13.025089678906447,-3.5699725199382084,4.616028069565534,3.368306851948935e-14
275.58355688291,32.2727939744033,13.026405496784474,-3.5692964723299645,4.616513628125212,6.73661370389787e-14
275.5875999017932,32.26338798721408,13.02772357529404,-3.568620713251363,4.617000216649071,6.73661370389787e-14
275.59164240337105,32.25398196203761,13.029043917495837,-3.567945243240555,4.617487835180582,1.1789073981821273e-13
275.59568438765086,32.24457589881228,13.030366526450548,-3.56727006283578,4.617976483763289,6.73661370389787e-14
275.5997258546398,32.23516979747658,13.03169140521886,-3.5665951725753704,4.618466162440787,5.0524602779234026e-14
275.6037668043451,32.225763657968976,13.033018556861448,-3.5659205729977534,4.618956871256754,1.6841534259744676e-14
275.60780723677374,32.21635748022797,13.034347984439007,-3.565246264641449,4.619448610254916,1.347322740779574e-13
275.6118471519329,32.20695126419214,13.035679691012218,-3.564572248045059,4.6199413794790765,-1.6841534259744676e-14
275.6158865498295,32.19754500980004,13.037013679641769,-3.5638985237472895,4.620435178973096,1.6841534259744676e-14
275.61992543047046,32.18813871699028,13.038349953388341,-3.5632250922869337,4.620930008780905,6.73661370389787e-14
275.62396379386274,32.178732385701494,13.039688515312625,-3.5625519542028723,4.6214258689464955,5.0524602779234026e-14
275.62800164001317,32.16932601587234,13.041029368475295,-3.561879110034086,4.621922759513929,3.368306851948935e-14
275.6320389689285,32.15991960744152,13.042372515937046,-3.5612065603196386,4.622420680527324,5.0524602779234026e-14
275.63607578061544,32.150513160347764,13.043717960758558,-3.5605343055986958,4.6229196320308725,8.420767129872338e-14
275.6401120750807,32.14110667452982,13.045065706000521,-3.559862346410502,4.623419614068819,-1.6841534259744676e-14
275.6441478523309,32.13170014992649,13.046415754723617,-3.559190683294411,4.6239206266854875,1.0104920555846805e-13
275.6481831123726,32.122293586476566,13.047768109988528,-3.5585193167898503,4.6244226699252575,6.73661370389787e-14
275.65221785521226,32.112886984118894,13.049122774855945,-3.5578482474363504,4.624925743832572,1.347322740779574e-13
275.65625208085646,32.10348034279239,13.050479752386547,-3.55717747577353,4.625429848451942,1.1789073981821273e-13
275.6602857893115,32.094073662435896,13.051839045641021,-3.556507002341098,4.62593498382794,1.6841534259744676e-14
275.6643189805838,32.0846669429884,13.053200657680057,-3.5558368276788577,4.626441150005202,-5.0524602779234026e-14
275.6683516546796,32.07526018438885,13.054564591564334,-3.5551669523267067,4.626948347028429,5.0524602779234026e-14
275.6723838116052,32.06585338657625,13.055930850354539,-3.5544973768246253,4.6274565749423875,5.0524602779234026e-14
275.6764154513667,32.05644654948961,13.057299437111354,-3.553828101712696,4.627965833791911,3.368306851948935e-14
275.68044657397036,32.04703967306799,13.05867035489547,-3.5531591275310825,4.628476123621882,6.73661370389787e-14
275.6844771794222,32.037632757250485,13.060043606767572,-3.552490454820048,4.628987444477262,3.368306851948935e-14
275.68850726772826,32.0282258019762,13.061419195788332,-3.5518220841199453,4.629499796403076,5.0524602779234026e-14
275.69253683889445,32.018818807184275,13.062797125018454,-3.551154015971219,4.630013179444396,1.6841534259744676e-14
275.6965658929268,32.0094117728139,13.064177397518609,-3.5504862509144006,4.630527593646378,-5.0524602779234026e-14
275.7005944298311,32.00000469880427,13.065560016349487,-3.5498187894901228,4.631043039054228,6.73661370389787e-14
275.7046224496132,31.99059758509462,13.066944984571775,-3.5491516322391,4.631559515713218,1.6841534259744676e-14
275.7086499522789,31.981190431624203,13.068332305246155,-3.548484779702141,4.632077023668686,5.0524602779234026e-14
275.71267693783386,31.97178323833234,13.069721981433315,-3.547818232420151,4.632595562966031,1.1789073981821273e-13
275.7167034062838,31.96237600515831,13.071114016193933,-3.54715199093412,4.6331151336507155,5.0524602779234026e-14
275.7207293576342,31.952968732041512,13.072508412588702,-3.5464860557851323,4.633635735768266,6.73661370389787e-14
275.7247547918907,31.943561418921316,13.0739051736783,-3.5458204275143683,4.634157369364266,8.420767129872338e-14
275.7287797090588,31.934154065737097,13.07530430252342,-3.5451551066630893,4.6346800344843695,5.0524602779234026e-14
275.7328041091439,31.92474667242834,13.07670580218474,-3.544490093772657,4.635203731174289,6.73661370389787e-14
275.73682799215146,31.915339238934486,13.078109675722953,-3.54382538938452,4.6357284594797985,0.0
275.7408513580867,31.905931765195064,13.07951592619873,-3.5431609940402238,4.636254219446737,8.420767129872338e-14
275.744874206955,31.89652425114957,13.080924556672771,-3.5424969082813957,4.636781011121009,3.368306851948935e-14
275.7488965387615,31.887116696737586,13.082335570205755,-3.5418331326497614,4.637308834548573,-1.6841534259744676e-14
275.7529183535115,31.877709101898695,13.083748969858364,-3.5411696676871394,4.637837689775457,8.420767129872338e-14
275.7569396512101,31.8683014665725,13.085164758691286,-3.540506513935435,4.638367576847747,1.6841534259744676e-14
275.7609604318622,31.858893790698676,13.08658293976521,-3.5398436719366435,4.638898495811592,1.515738083377021e-13
275.76498069547307,31.84948607421687,13.088003516140809,-3.539181142232857,4.639430446713205,-3.368306851948935e-14
275.76900044204746,31.8400783170668,13.089426490878784,-3.538518925366257,4.639963429598856,1.347322740779574e-13
275.7730196715904,31.830670519188207,13.090851867039806,-3.5378570218791103,4.640497444514883,1.515738083377021e-13
275.7770383841068,31.821262680520846,13.092279647684563,-3.537195432313785,4.641032491507688,1.6841534259744676e-14
275.7810565796012,31.8118548010045,13.09370983587375,-3.5365341572127362,4.64156857062372,1.1789073981821273e-13
275.78507425807874,31.80244688057902,13.095142434668043,-3.535873197118501,4.6421056819095,5.0524602779234026e-14
275.78909141954375,31.793038919184223,13.09657744712813,-3.5352125525737277,4.642643825411616,1.1789073981821273e-13
275.7931080640011,31.783630916760014,13.09801487631469,-3.5345522241211356,4.643183001176709,8.420767129872338e-14
275.7971241914554,31.7742228732463,13.099454725288414,-3.5338922123035466,4.643723209251483,0.0
275.80113980191095,31.764814788583006,13.10089699710999,-3.5332325176638726,4.6442644496827015,1.6841534259744677e-13
275.80515489537254,31.755406662710097,13.102341694840094,-3.532573140745111,4.644806722517195,-3.368306851948935e-14
275.80916947184437,31.745998495567594,13.103788821539418,-3.5319140820903545,4.645350027801849,-1.6841534259744676e-14
275.81318353133094,31.736590287095492,13.105238380268641,-3.5312553422427917,4.645894365583613,3.368306851948935e-14
275.81719707383655,31.727182037233877,13.106690374088453,-3.530596921745692,4.646439735909498,5.0524602779234026e-14
275.82121009936543,31.717773745922802,13.10814480605954,-3.529938821142419,4.6469861388265725,1.6841534259744676e-14
275.8252226079219,31.708365413102406,13.109601679242585,-3.529281040976435,4.647533574381972,6.73661370389787e-14
275.8292345995101,31.69895703871282,13.111060996698269,-3.528623581791283,4.648082042622885,6.73661370389787e-14
275.833246074134,31.689548622694193,13.112522761487282,-3.5279664441306053,4.648631543596566,6.73661370389787e-14
275.8372570317979,31.68014016498674,13.11398697667031,-3.5273096285381245,4.649182077350328,-5.0524602779234026e-14
275.84126747250565,31.67073166553071,13.115453645308033,-3.526653135557668,4.649733643931547,-6.73661370389787e-14
275.8452773962612,31.66132312426633,13.116922770461143,-3.5259969657331456,4.650286243387652,5.0524602779234026e-14
275.84928680306854,31.651914541133888,13.118394355190315,-3.5253411196085582,4.650839875766144,0.0
275.8532956929315,31.642505916073713,13.119868402556241,-3.5246855977280003,4.6513945411145725,1.6841534259744676e-14
275.85730406585384,31.633097249026147,13.121344915619606,-3.524030400635654,4.651950239480555,1.1789073981821273e-13
