galstreams/tracks/track.st.AAU-ATLAS.li2021.ecsv
# %ECSV 0.9
# ---
# datatype:
# - {name: ra, unit: deg, datatype: float64}
# - {name: dec, unit: deg, datatype: float64}
# - {name: distance, unit: kpc, datatype: float64}
# - {name: pm_ra_cosdec, unit: mas / yr, datatype: float64}
# - {name: pm_dec, unit: mas / yr, datatype: float64}
# - {name: radial_velocity, unit: km / s, datatype: float64}
# delimiter: ','
# meta: !!omap
# - __serialized_columns__:
#     dec:
#       __class__: astropy.coordinates.angles.Latitude
#       unit: &id001 !astropy.units.Unit {unit: deg}
#       value: !astropy.table.SerializedColumn {name: dec}
#     distance:
#       __class__: astropy.coordinates.distances.Distance
#       unit: !astropy.units.Unit {unit: kpc}
#       value: !astropy.table.SerializedColumn {name: distance}
#     pm_dec:
#       __class__: astropy.units.quantity.Quantity
#       unit: !astropy.units.Unit {unit: mas / yr}
#       value: !astropy.table.SerializedColumn {name: pm_dec}
#     pm_ra_cosdec:
#       __class__: astropy.units.quantity.Quantity
#       unit: !astropy.units.Unit {unit: mas / yr}
#       value: !astropy.table.SerializedColumn {name: pm_ra_cosdec}
#     ra:
#       __class__: astropy.coordinates.angles.Longitude
#       unit: *id001
#       value: !astropy.table.SerializedColumn {name: ra}
#       wrap_angle: !astropy.coordinates.Angle
#         unit: *id001
#         value: 360.0
#     radial_velocity:
#       __class__: astropy.units.quantity.Quantity
#       unit: !astropy.units.Unit {unit: km / s}
#       value: !astropy.table.SerializedColumn {name: radial_velocity}
# schema: astropy-2.0
ra,dec,distance,pm_ra_cosdec,pm_dec,radial_velocity
[from data line 2058]
27.911800995991854,-31.833008687447737,24.36776955958668,0.12592961105316858,-0.8479466879243512,-69.65669205376948
27.92143906117272,-31.838872537761027,24.371676392738156,0.12610768073858636,-0.8477635942716628,-69.60573895238139
27.931077782330238,-31.844736535071455,24.375584484956306,0.12628554315404916,-0.8475803898832552,-69.55477380095058
27.940717159885494,-31.85060067927671,24.379493836241135,0.12646319826670316,-0.8473970748046529,-69.50379659947724
27.950357194259713,-31.856464970274466,24.383404446592635,0.12664064604369296,-0.8472136490814065,-69.45280734796118
27.959997885874234,-31.862329407962346,24.387316316010825,0.1268178864521617,-0.8470301127590889,-69.4018060464025
27.969639235150503,-31.868193992237945,24.391229444495686,0.1269949194592509,-0.8468464658832996,-69.35079269480114
27.979281242510094,-31.874058722998797,24.395143832047232,0.1271717450321017,-0.8466627084996605,-69.2997672931572
27.988923908374694,-31.879923600142416,24.399059478665446,0.12734836313785347,-0.8464788406538204,-69.24872984147059
27.998567233166096,-31.885788623566263,24.40297638435035,0.12752477374364318,-0.8462948623914497,-69.19768033974135
28.008211217306236,-31.891653793167766,24.406894549101928,0.1277009768166083,-0.8461107737582463,-69.14661878796949
28.017855861217125,-31.89751910884431,24.41081397292018,0.1278769723238834,-0.8459265747999303,-69.09554518615496
28.02750116532093,-31.90338457049326,24.414734655805116,0.1280527602326027,-0.8457422655622473,-69.04445953429777
28.037147130039923,-31.9092501780119,24.418656597756723,0.12822834050989873,-0.8455578460909678,-68.99336183239801
28.046793755796482,-31.9151159312975,24.42257979877502,0.1284037131229031,-0.8453733164318855,-68.94225208045559
28.056441043013095,-31.920981830247296,24.426504258859985,0.12857887803874474,-0.8451886766308201,-68.8911302784705
28.0660889921124,-31.926847874758476,24.43042997801164,0.12875383522455358,-0.8450039267336145,-68.83999642644275
28.07573760351713,-31.93271406472816,24.434356956229966,0.12892858464745638,-0.8448190667861379,-68.78885052437242
28.085386877650127,-31.9385804000535,24.438285193514965,0.12910312627457937,-0.8446340968342824,-68.73769257225945
28.09503681493437,-31.94444688063153,24.44221468986665,0.1292774600730474,-0.8444490169239647,-68.68652257010378
28.10468741579293,-31.95031350635928,24.446145445285012,0.12945158600998408,-0.8442638271011278,-68.63534051790548
28.11433868064902,-31.956180277133733,24.450077459770046,0.1296255040525114,-0.8440785274117371,-68.5841464156646
28.123990609925954,-31.962047192851852,24.454010733321766,0.1297992141677507,-0.8438931179017839,-68.53294026338102
28.133643204047182,-31.967914253410527,24.457945265940168,0.12997271632282176,-0.8437075986172837,-68.48172206105482
28.143296463436236,-31.973781458706622,24.461881057625238,0.1301460104848428,-0.8435219696042768,-68.43049180868601
28.152950388516803,-31.979648808636966,24.465818108376993,0.13031909662093139,-0.8433362309088274,-68.37924950627449
28.16260497971267,-31.985516303098343,24.469756418195416,0.13049197469820312,-0.8431503825770251,-68.32799515382038
28.172260237447738,-31.991383941987493,24.473695987080536,0.13066464468377337,-0.8429644246549838,-68.2767287513236
28.18191616214602,-31.997251725201117,24.477636815032323,0.13083710654475517,-0.8427783571888423,-68.22545029878427
28.191572754231665,-32.00311965263588,24.48157890205079,0.13100936024826088,-0.8425921802247632,-68.17415979620222
28.201230014128928,-32.00898772418841,24.485522248135936,0.13118140576140191,-0.8424058938089347,-68.12285724357753
28.210887942262197,-32.014855939755286,24.489466853287755,0.13135324305128776,-0.8422194979875696,-68.0715426409102
28.220546539055942,-32.02072429923304,24.49341271750626,0.13152487208502722,-0.8420329928069039,-68.02021598820025
28.230205804934783,-32.026592802518174,24.49735984079144,0.131696292829728,-0.8418463783131998,-67.96887728544768
28.239865740323445,-32.03246144950714,24.501308223143297,0.1318675052524959,-0.8416596545527442,-67.91752653265242
28.249526345646782,-32.03833024009637,24.505257864561838,0.13203850932043643,-0.8414728215718474,-67.86616372981457
28.259187621329733,-32.04419917418224,24.509208765047052,0.13220930500065298,-0.8412858794168451,-67.81478887693405
28.268849567797403,-32.050068251661074,24.513160924598946,0.13237989226024865,-0.8410988281340979,-67.7634019740109
28.278512185474977,-32.05593747242918,24.517114343217514,0.13255027106632483,-0.8409116677699908,-67.71200302104509
28.288175474787774,-32.0618068363828,24.52106902090277,0.13272044138598177,-0.8407243983709332,-67.66059201803667
28.297839436161212,-32.06767634341816,24.525024957654697,0.13289040318631828,-0.84053701998336,-67.60916896498559
28.30750407002086,-32.07354599343142,24.528982153473308,0.13306015643443286,-0.8403495326537297,-67.55773386189188
28.31716937679239,-32.079415786318734,24.532940608358587,0.13322970109742216,-0.8401619364285269,-67.5062867087555
28.326835356901576,-32.08528572197616,24.536900322310554,0.13339903714238172,-0.8399742313542591,-67.45482750557652
28.336502010774325,-32.09115580029977,24.540861295329194,0.13356816453640646,-0.8397864174774603,-67.40335625235491
28.346169338836667,-32.09702602118556,24.544823527414522,0.13373708324658895,-0.8395984948446878,-67.35187294909065
28.355837341514732,-32.102896384529515,24.548787018566518,0.13390579324002266,-0.8394104635025249,-67.30037759578373
28.365506019234786,-32.108766890227535,24.5527517687852,0.13407429448379748,-0.8392223234975785,-67.24887019243415
28.375175372423207,-32.114637538175536,24.556717778070556,0.13424258694500407,-0.8390340748764815,-67.197350739042
28.38484540150649,-32.12050832826932,24.560685046422588,0.13441067059073136,-0.8388457176858898,-67.14581923560715
28.394516106911237,-32.12637926040472,24.5646535738413,0.13457854538806657,-0.8386572519724858,-67.09427568212966
28.4041874890642,-32.13225033447749,24.568623360326686,0.13474621130409692,-0.8384686777829755,-67.04272007860956
28.413859548392217,-32.13812155038334,24.57259440587876,0.13491366830590734,-0.83827999516409,-66.9911524250468
28.42353228532226,-32.14399290801795,24.576566710497513,0.13508091636058261,-0.8380912041625856,-66.93957272144144
28.433205700281416,-32.14986440727697,24.580540274182937,0.13524795543520624,-0.8379023048252434,-66.88798096779341
28.44287979369689,-32.155736048055985,24.58451509693504,0.13541478549685998,-0.8377132971988681,-66.83637716410271
28.452554565996003,-32.161607830250546,24.588491178753827,0.13558140651262524,-0.83752418133029,-66.78476131036942
28.462230017606203,-32.16747975375617,24.592468519639286,0.13574781844958206,-0.8373349572663652,-66.73313340659348
28.471906148955053,-32.17335181846831,24.596447119591424,0.13591402127480934,-0.8371456250539726,-66.68149345277486
28.48158296047022,-32.17922402428241,24.600426978610244,0.1360800149553854,-0.8369561847400175,-66.62984144891364
28.49126045257952,-32.185096371093856,24.604408096695746,0.13624579945838672,-0.836766636371429,-66.5781773950098
28.50093862571086,-32.190968858797994,24.60839047384792,0.13641137475088894,-0.8365769799951623,-66.52650129106328
28.510617480292282,-32.19684148729012,24.612374110066774,0.1365767407999674,-0.836387215658196,-66.47481313707414
28.52029701675194,-32.2027142564655,24.616359005352304,0.13674189757269517,-0.8361973434075344,-66.42311293304236
28.529977235518103,-32.20858716621935,24.620345159704517,0.13690684503614525,-0.8360073632902063,-66.37140067896787
28.539658137019174,-32.214460216446845,24.6243325731234,0.13707158315738954,-0.8358172753532656,-66.31967637485084
28.549339721683648,-32.220333407043114,24.628321245608976,0.13723611190349783,-0.8356270796437901,-66.26794002069117
28.559021989940174,-32.226206737903276,24.632311177161217,0.1374004312415405,-0.8354367762088847,-66.2161916164888
28.5687049422175,-32.23208020892236,24.636302367780143,0.13756454113858535,-0.8352463650956767,-66.16443116224379
28.57838857894448,-32.237953819995376,24.640294817465744,0.13772844156170072,-0.8350558463513205,-66.11265865795619
28.588072900550124,-32.2438275710173,24.644288526218027,0.13789213247795262,-0.8348652200229927,-66.06087410362593
28.597757907463528,-32.24970146188306,24.64828349403698,0.1380556138544065,-0.8346744861578979,-66.00907749925301
28.607443600113918,-32.25557549248753,24.652279720922625,0.13821888565812707,-0.8344836448032623,-65.95726884483749
28.617129978930638,-32.26144966272556,24.656277206874936,0.13838194785617774,-0.8342926960063404,-65.90544814037926
28.626817044343166,-32.26732397249194,24.660275951893937,0.13854480041562106,-0.834101639814409,-65.85361538587843
28.63650479678108,-32.27319842168142,24.66427595597961,0.13870744330351864,-0.8339104762747709,-65.80177058133499
28.64619323667408,-32.27907301018874,24.66827721913196,0.13886987648693094,-0.833719205434754,-65.7499137267489
28.655882364451994,-32.28494773790854,24.67227974135099,0.13903209993291765,-0.8335278273417104,-65.69804482212018
28.665572180544768,-32.29082260473548,24.676283522636695,0.13919411360853717,-0.8333363420430182,-65.64616386744875
28.675262685382464,-32.29669761056413,24.68028856298908,0.13935591748084764,-0.8331447495860796,-65.59427086273472
28.68495387939527,-32.30257275528903,24.684294862408148,0.13951751151690522,-0.8329530500183218,-65.54236580797809
28.69464576301346,-32.308448038804684,24.688302420893894,0.13967889568376546,-0.8327612433871967,-65.4904487031788
28.7043383366675,-32.31432346100557,24.69231123844631,0.13984006994848414,-0.8325693297401826,-65.43851954833683
28.714031600787912,-32.32019902178609,24.69632131506541,0.14000103427811444,-0.8323773091247813,-65.38657834345229
28.723725555805345,-32.326074721040605,24.70033265075119,0.14016178863970935,-0.8321851815885197,-65.33462508852506
28.733420202150604,-32.331950558663486,24.704345245503646,0.1403223330003207,-0.8319929471789507,-65.28265978355515
28.743115540254568,-32.33782653454898,24.708359099322788,0.14048266732700004,-0.8318006059436511,-65.23068242854272
28.752811570548282,-32.34370264859137,24.712374212208594,0.1406427915867972,-0.8316081579302239,-65.17869302348757
28.762508293462865,-32.34957890068484,24.716390584161093,0.1408027057467614,-0.8314156031862949,-65.12669156838977
28.7722057094296,-32.355455290723555,24.72040821518026,0.14096240977394098,-0.831222941759518,-65.07467806324937
28.78190381887984,-32.36133181860162,24.72442710526611,0.14112190363538302,-0.8310301736975697,-65.02265250806629
28.791602622245133,-32.36720848421313,24.728447254418633,0.1412811872981351,-0.8308372990481521,-64.97061490284058
28.801302119957043,-32.3730852874521,24.732468662637842,0.14144026072924143,-0.8306443178589928,-64.91856524757226
28.81100231244735,-32.37896222821255,24.73649132992373,0.14159912389574802,-0.8304512301778445,-64.8665035422613
28.82070320014791,-32.384839306388386,24.74051525627629,0.1417577767646978,-0.8302580360524845,-64.81442978690771
28.830404783490717,-32.39071652187355,24.744540441695534,0.14191621930313436,-0.8300647355307148,-64.76234398151142
28.840107062907844,-32.39659387456187,24.748566886181454,0.14207445147809922,-0.8298713286603637,-64.71024612607253
28.849810038831542,-32.40247136434721,24.75259458973405,0.14223247325663435,-0.8296778154892839,-64.65813622059099
28.85951371169414,-32.40834899112328,24.75662355235333,0.14239028460577946,-0.8294841960653522,-64.60601426506682
28.86921808192812,-32.41422675478386,24.760653774039277,0.14254788549257474,-0.8292904704364723,-64.5538802595
28.87892314996605,-32.42010465522262,24.76468525479191,0.142705275884058,-0.829096638650572,-64.50173420389056
28.88862891624065,-32.42598269233322,24.768717994611222,0.1428624557472678,-0.828902700755604,-64.44957609823842
28.898335381184715,-32.43186086600923,24.772751993497213,0.14301942504924098,-0.8287086567995463,-64.39740594254371
28.908042545231236,-32.43773917614425,24.77678725144988,0.1431761837570134,-0.8285145068304021,-64.34522373680635
28.91775040881324,-32.44361762263176,24.78082376846923,0.14333273183762024,-0.8283202508962005,-64.29302948102632
28.927458972363954,-32.44949620536525,24.784861544555255,0.14348906925809685,-0.8281258890449938,-64.2408231752037
28.937168236316662,-32.45537492423815,24.788900579707956,0.1436451959854762,-0.8279314213248619,-64.1886048193384
28.946878201104795,-32.46125377914384,24.792940873927343,0.14380111198679124,-0.8277368477839072,-64.13637441343046
28.956588867161923,-32.467132769975656,24.7969824272134,0.14395681722907416,-0.8275421684702595,-64.0841319574799
28.966300234921707,-32.47301189662691,24.80102523956614,0.1441123116793563,-0.8273473834320723,-64.03187745148668
28.976012304817928,-32.47889115899084,24.80506931098556,0.14426759530466804,-0.8271524927175253,-63.97961089545084
28.98572507728451,-32.48477055696067,24.80911464147165,0.1444226680720389,-0.8269574963748225,-63.92733228937237
28.9954385527555,-32.49065009042956,24.813161231024427,0.14457752994849804,-0.8267623944521933,-63.87504163325123
29.00515273166504,-32.496529759290645,24.817209079643877,0.14473218090107326,-0.8265671869978928,-63.82273892708745
29.014867614447418,-32.50240956343699,24.82125818733001,0.14488662089679233,-0.8263718740602009,-63.77042417088104
29.024583201537023,-32.50828950276164,24.825308554082817,0.1450408499026814,-0.8261764556874225,-63.71809736463201
29.034299493368383,-32.51416957715758,24.82936017990231,0.14519486788576635,-0.825980931927887,-63.665758508340325
29.044016490376137,-32.52004978651778,24.833413064788473,0.1453486748130724,-0.825785302829952,-63.613407602006
29.053734192995048,-32.52593013073512,24.837467208741316,0.14550227065162363,-0.8255895684419966,-63.56104464562902
29.063452601659993,-32.53181060970247,24.841522611760833,0.1456556553684436,-0.8253937288124275,-63.50866963920944
29.073171716805998,-32.53769122331265,24.845579273847036,0.14580882893055547,-0.8251977839896754,-63.456282582747164
29.08289153886816,-32.543571971458434,24.84963719499992,0.1459617913049805,-0.8250017340221967,-63.40388347624229
29.09261206828176,-32.54945285403255,24.85369637521948,0.1461145424587409,-0.8248055789584733,-63.35147231969478
29.102333305482148,-32.555333870927676,24.85775681450571,0.14626708235885666,-0.8246093188470118,-63.29904911310459
29.112055250904827,-32.56121502203646,24.861818512858626,0.1464194109723479,-0.8244129537363452,-63.24661385647181
29.121777904985404,-32.567096307251504,24.86588147027822,0.14657152826623382,-0.8242164836750301,-63.194166549796364
29.13150126815962,-32.57297772646535,24.869945686764492,0.14672343420753292,-0.8240199087116493,-63.141707193078275
29.14122534086333,-32.578859279570516,24.874011162317444,0.14687512876326264,-0.8238232288948112,-63.08923578631757
29.150950123532517,-32.584740966459464,24.878077896937075,0.14702661190044047,-0.8236264442731488,-63.03675232951419
29.16067561660326,-32.5906227870246,24.882145890623388,0.14717788358608203,-0.8234295548953204,-62.98425682266823
29.17040182051183,-32.59650474115833,24.886215143376365,0.14732894378720407,-0.823232560810011,-62.931749265779544
29.18012873569453,-32.60238682875296,24.890285655196028,0.14747979247082066,-0.8230354620659284,-62.87922965884828
29.189856362587847,-32.608269049700795,24.894357426082372,0.14763042960394646,-0.8228382587118077,-62.826698001874355
29.199584701628364,-32.61415140389407,24.898430456035396,0.14778085515359507,-0.8226409507964088,-62.7741542948578
29.209313753252783,-32.62003389122497,24.902504745055094,0.1479310690867794,-0.822443538368516,-62.72159853779861
29.219043517897948,-32.625916511585665,24.906580293141474,0.14808107137051174,-0.8222460214769416,-62.669030730696804
29.22877399600083,-32.63179926486826,24.910657100294525,0.14823086197180418,-0.8220484001705196,-62.61645087355232
29.238505187998488,-32.63768215096484,24.91473516651425,0.14838044085766722,-0.8218506744981124,-62.56385896636518
