galstreams/tracks/track.st.Sylgr.ibata2020.ecsv
# %ECSV 0.9
# ---
# datatype:
# - {name: ra, unit: deg, datatype: float64}
# - {name: dec, unit: deg, datatype: float64}
# - {name: distance, unit: kpc, datatype: float64}
# - {name: pm_ra_cosdec, unit: mas / yr, datatype: float64}
# - {name: pm_dec, unit: mas / yr, datatype: float64}
# - {name: radial_velocity, unit: km / s, datatype: float64}
# delimiter: ','
# meta: !!omap
# - __serialized_columns__:
#     dec:
#       __class__: astropy.coordinates.angles.Latitude
#       unit: &id001 !astropy.units.Unit {unit: deg}
#       value: !astropy.table.SerializedColumn {name: dec}
#     distance:
#       __class__: astropy.coordinates.distances.Distance
#       unit: !astropy.units.Unit {unit: kpc}
#       value: !astropy.table.SerializedColumn {name: distance}
#     pm_dec:
#       __class__: astropy.units.quantity.Quantity
#       unit: !astropy.units.Unit {unit: mas / yr}
#       value: !astropy.table.SerializedColumn {name: pm_dec}
#     pm_ra_cosdec:
#       __class__: astropy.units.quantity.Quantity
#       unit: !astropy.units.Unit {unit: mas / yr}
#       value: !astropy.table.SerializedColumn {name: pm_ra_cosdec}
#     ra:
#       __class__: astropy.coordinates.angles.Longitude
#       unit: *id001
#       value: !astropy.table.SerializedColumn {name: ra}
#       wrap_angle: !astropy.coordinates.Angle
#         unit: *id001
#         value: 360.0
#     radial_velocity:
#       __class__: astropy.units.quantity.Quantity
#       unit: !astropy.units.Unit {unit: km / s}
#       value: !astropy.table.SerializedColumn {name: radial_velocity}
# schema: astropy-2.0
ra,dec,distance,pm_ra_cosdec,pm_dec,radial_velocity
[from data line 136]
180.2608733934695,-2.0001290298245604,3.8571796521223316,-13.606820799146105,-12.424061492024666,9.052324664612763e-14
180.38230516926475,-1.9547394704620986,3.876705881219594,-13.532879067280165,-12.343984323662323,1.0315439734093615e-13
180.50387477058473,-1.909635799501081,3.8965232694115803,-13.458801075217192,-12.263865480878541,4.631421921429786e-14
180.6255814389659,-1.86481628659337,3.9166353246839356,-13.384580613815942,-12.183702737961749,1.5788938368510635e-14
180.74742441249003,-1.820279203447882,3.937045555022304,-13.310211471024093,-12.103493872874813,7.578690416885104e-14
180.86940292579993,-1.7760228238156344,3.9577574684123316,-13.235687431866507,-12.023236667352798,1.0315439734093615e-13
180.9915162101156,-1.7320454234745595,3.978774572839662,-13.161002278433173,-11.942928907001539,9.999660966723402e-14
181.113763493251,-1.6883452802141115,4.0001003762899385,-13.08614978986658,-11.862568381397008,5.4734986344170195e-14
181.23614399963103,-1.6449206738196622,4.021738386748806,-13.011123742348747,-11.78215288418543,3.5788260301957434e-14
181.35865695030924,-1.60176988605667,4.04369211220191,-12.93591790908775,-11.70168021318415,6.841873293021275e-14
181.48130156298586,-1.558891200654665,4.065965060634894,-12.860526060303942,-11.621148170483238,4.5261623323063815e-14
181.60407705202635,-1.516282903290995,4.088560740033402,-12.78494196321568,-11.5405545625478,1.473634247727659e-14
181.72698262848016,-1.4739432815743945,4.111482658383079,-12.70915938202471,-11.459897200320993,1.473634247727659e-14
181.85001750010028,-1.4318706250283282,4.134734323669572,-12.63317207790113,-11.379173899327705,7.262911649514892e-14
181.97318087136293,-1.3900632250741451,4.158319243878521,-12.556973808968069,-11.298382479778951,1.6841534259744676e-14
182.09647194348787,-1.3485193750140327,4.18224092699557,-12.480558330285882,-11.21752076667684,3.1577876737021266e-15
182.21988991445895,-1.3072373700137676,4.2065028810063705,-12.403919393836079,-11.136586589920242,7.578690416885104e-14
182.34343397904527,-1.266215507085273,4.231108613896559,-12.327050748504922,-11.05557778441106,1.894672604221276e-14
182.4671033288226,-1.2254520850689863,4.256061633651785,-12.249946140066603,-10.974492190161081,6.368205141965955e-14
182.59089715219517,-1.1849454046160364,4.28136544825769,-12.172599311166204,-10.89332765239945,8.736545897242551e-14
182.71481463441816,-1.1446937681702252,4.30702356569992,-12.09500400130226,-10.812082021680665,5.841907196348934e-14
182.83885495762013,-1.104695479949824,4.333039493964119,-12.017153946809097,-10.730753153993218,-7.368171238638296e-15
182.96301730082618,-1.064948845929196,4.359416741035932,-11.939042880838793,-10.649338910868686,-5.262979456170211e-16
183.08730083998142,-1.0254521738202236,4.386158814901002,-11.860664533342932,-10.567837159491413,4.47353253774468e-14
183.21170474797475,-0.9862037730535569,4.413269223544974,-11.78201263105404,-10.486245772808683,3.684085619319148e-14
183.33622819466302,-0.9472019547596924,4.440751474953492,-11.703080897466764,-10.404562629641406,2.4736003443999992e-14
183.46087034689555,-0.9084450317498706,4.4686090771122045,-11.623863052818809,-10.32278561479527,8.841805486365955e-14
183.58563036853928,-0.8699313184968008,4.4968455380067525,-11.544352814071608,-10.240912619172382,9.262843842859572e-14
183.7105074205037,-0.8316591311152102,4.5254643656227795,-11.464543894890799,-10.158941539883392,6.47346473108936e-14
183.83550066076677,-0.7936267873422342,4.554469067945932,-11.384430005626403,-10.076870280360009,6.73661370389787e-14
183.96060924440076,-0.7558326065176285,4.583863152961853,-11.304004853292861,-9.994696750467977,1.6841534259744676e-14
184.08583232359865,-0.7182749095638279,4.613650128656186,-11.223262141548805,-9.912418866620474,2.789379111770212e-14
184.2111690477007,-0.6809520189658307,4.643833503014578,-11.142195570676659,-9.830034551891934,6.8418732930212744e-15
184.33661856322163,-0.6438622587509331,4.6744167840226725,-11.060798837562052,-9.747541736132197,4.73668151055319e-15
184.46218001387768,-0.6070039544683039,4.7054034796661135,-10.97906563567302,-9.664938356081109,9.841771583038295e-14
184.5878525406146,-0.5703754331683958,4.7367970979305465,-10.896989655039093,-9.582222355483461,3.4998813383531905e-14
184.71363528163528,-0.5339750233822216,4.768601146801615,-10.814564582230137,-9.499391685204266,2.1051917824680846e-14
184.83952737242836,-0.4978010551004509,4.800819134264963,-10.73178410033511,-9.416444303344392,8.052358567940423e-14
184.9655279457967,-0.46185185975239273,4.833454568306234,-10.64864188894068,-9.333378175356554,-4.9998304833617005e-15
185.09163613188622,-0.4261257701848064,4.866510956911077,-10.565131624109585,-9.25019127416153,-1.0262809939531913e-14
185.21785105821525,-0.3906211206405764,4.899991808065133,-10.48124697835907,-9.166881580264826,5.789277401787233e-14
185.34417184970403,-0.3553362467372528,4.933900629754047,-10.396981620639014,-9.083447081873478,5.1840347643276585e-14
185.4705976287045,-0.320269485445436,4.968240929963463,-10.31232921631003,-8.999885775013247,2.960425944095744e-14
185.59712751503034,-0.28541917506704756,5.0030162166790255,-10.227283427121497,-8.916195663646038,7.605005314165955e-14
185.72376062598755,-0.25078365521344265,5.038229997886379,-10.141837911189402,-8.832374759787564,7.236596752234041e-14
185.8504960764049,-0.21636126678341258,5.073885781571169,-10.055986322974194,-8.748421083625296,7.539218070963827e-14
185.9773329786651,-0.1821503519410408,5.1099870757190375,-9.969722313258512,-8.664332663636618,2.289396063434042e-14
186.1042704427358,-0.1481492540934378,5.146537388315631,-9.88303952912484,-8.580107536707187,2.0986130581478717e-14
186.23130757620132,-0.11435631786835562,5.183540227346595,-9.795931613933112,-8.495743748249568,3.328834506027659e-14
186.35844348429424,-0.08076988909167356,5.220999100797573,-9.708392207298294,-8.411239352321985,7.94709897881702e-14
186.48567726992755,-0.047388314764766404,5.258917516654208,-9.620414945067886,-8.326592411747361,1.1848282500703187e-13
186.61300803372683,-0.014209943041753732,5.297298982902143,-9.53199345929939,-8.241800998232424,1.141326435502912e-13
186.74043487406286,0.018766876793360723,5.336147007527029,-9.443121378237766,-8.156863192487075,1.0720853620326726e-13
186.86795688708435,0.05154379434967097,5.3754650985145025,-9.35379232629289,-8.071777084343864,1.0904235560752657e-13
186.99557316675103,0.08412245815245964,5.415256763850213,-9.263999924016934,-7.986540772877635,6.21031575828085e-14
187.1232828048669,0.11650451566638469,5.455525511519804,-9.173737788081823,-7.901152366525284,6.420834936527658e-14
187.25108489111372,0.14869161331879138,5.496274849508921,-9.082999531256654,-7.815609983205669,1.0683848296025529e-13
187.37897851308486,0.18068539652310928,5.537508285803204,-8.991778762385117,-7.72991175043963,4.684051715991488e-14
187.50696275631913,0.2124875097023607,5.579229328388303,-8.900069086362986,-7.644055805470091,3.263047262825531e-14
187.63503670433502,0.24409959631276532,5.62144148524986,-8.807864104115579,-7.5580402953822885,1.0420699323217018e-13
187.76319943866534,0.2755232988674444,5.664148264373517,-8.715157412575303,-7.471863377224076,4.802468753755318e-14
187.8914500388915,0.306760258960198,5.707353173744921,-8.62194260465922,-7.385523218126296,1.394689555885106e-13
188.01978758267873,0.3378121172894133,5.751059721349718,-8.528213269246658,-7.299017995423221,8.328664989389359e-14
188.14821114581096,0.368680513682012,5.795271415173551,-8.433962991156935,-7.212345896773075,9.789141788476593e-14
