galstreams/tracks/track.po.PS1-E.bernard2016.ecsv
# %ECSV 1.0
# ---
# datatype:
# - {name: ra, unit: deg, datatype: float64}
# - {name: dec, unit: deg, datatype: float64}
# - {name: distance, unit: kpc, datatype: float64}
# - {name: pm_ra_cosdec, unit: mas / yr, datatype: float64}
# - {name: pm_dec, unit: mas / yr, datatype: float64}
# - {name: radial_velocity, unit: km / s, datatype: float64}
# delimiter: ','
# meta: !!omap
# - __serialized_columns__:
#     dec:
#       __class__: astropy.coordinates.angles.Latitude
#       unit: &id001 !astropy.units.Unit {unit: deg}
#       value: !astropy.table.SerializedColumn {name: dec}
#     distance:
#       __class__: astropy.coordinates.distances.Distance
#       unit: !astropy.units.Unit {unit: kpc}
#       value: !astropy.table.SerializedColumn {name: distance}
#     pm_dec:
#       __class__: astropy.units.quantity.Quantity
#       unit: !astropy.units.Unit {unit: mas / yr}
#       value: !astropy.table.SerializedColumn {name: pm_dec}
#     pm_ra_cosdec:
#       __class__: astropy.units.quantity.Quantity
#       unit: !astropy.units.Unit {unit: mas / yr}
#       value: !astropy.table.SerializedColumn {name: pm_ra_cosdec}
#     ra:
#       __class__: astropy.coordinates.angles.Longitude
#       unit: *id001
#       value: !astropy.table.SerializedColumn {name: ra}
#       wrap_angle: !astropy.coordinates.Angle
#         unit: *id001
#         value: 360.0
#     radial_velocity:
#       __class__: astropy.units.quantity.Quantity
#       unit: !astropy.units.Unit {unit: km / s}
#       value: !astropy.table.SerializedColumn {name: radial_velocity}
# schema: astropy-2.0
ra,dec,distance,pm_ra_cosdec,pm_dec,radial_velocity
[from data line 716]
166.91293672878447,51.76745452980135,12.599999999999994,0.0,0.0,0.0
166.92355763500925,51.774996805373455,12.599999999999993,0.0,0.0,0.0
166.93418209177483,51.782538123627965,12.599999999999994,0.0,0.0,0.0
166.94481010077905,51.79007848398546,12.599999999999994,0.0,0.0,0.0
166.95544166372042,51.79761788586619,12.599999999999993,0.0,0.0,0.0
166.9660767822978,51.805156328689925,12.599999999999993,0.0,0.0,0.0
166.9767154582108,51.81269381187617,12.599999999999994,0.0,0.0,0.0
166.98735769315962,51.82023033484398,12.599999999999994,0.0,0.0,0.0
166.99800348884506,51.82776589701205,12.599999999999994,0.0,0.0,0.0
167.00865284696843,51.835300497798706,12.599999999999994,0.0,0.0,0.0
167.01930576923178,51.8428341366219,12.599999999999994,0.0,0.0,0.0
167.02996225733747,51.85036681289912,12.599999999999994,0.0,0.0,0.0
167.04062231298875,51.85789852604756,12.599999999999993,0.0,0.0,0.0
167.0512859378893,51.86542927548401,12.599999999999994,0.0,0.0,0.0
167.06195313374343,51.87295906062486,12.599999999999993,0.0,0.0,0.0
167.07262390225605,51.880487880886186,12.599999999999993,0.0,0.0,0.0
167.08329824513254,51.888015735683545,12.599999999999993,0.0,0.0,0.0
167.093976164079,51.89554262443221,12.599999999999993,0.0,0.0,0.0
167.10465766080213,51.90306854654706,12.599999999999993,0.0,0.0,0.0
167.1153427370091,51.910593501442584,12.599999999999993,0.0,0.0,0.0
167.12603139440773,51.918117488532886,12.599999999999994,0.0,0.0,0.0
167.13672363470653,51.92564050723172,12.599999999999994,0.0,0.0,0.0
167.1474194596143,51.933162556952325,12.599999999999993,0.0,0.0,0.0
167.1581188708407,51.94068363710771,12.599999999999993,0.0,0.0,0.0
167.1688218700959,51.948203747110426,12.599999999999993,0.0,0.0,0.0
167.17952845909062,51.95572288637265,12.599999999999993,0.0,0.0,0.0
167.19023863953618,51.96324105430619,12.599999999999994,0.0,0.0,0.0
167.20095241314448,51.970758250322476,12.599999999999994,0.0,0.0,0.0
167.211669781628,51.978274473832464,12.599999999999993,0.0,0.0,0.0
167.22239074669977,51.985789724246814,12.599999999999994,0.0,0.0,0.0
167.2331153100735,51.99330400097578,12.599999999999993,0.0,0.0,0.0
167.24384347346333,52.000817303429244,12.599999999999993,0.0,0.0,0.0
167.25457523858415,52.00832963101665,12.599999999999994,0.0,0.0,0.0
167.26531060715138,52.01584098314715,12.599999999999994,0.0,0.0,0.0
167.27604958088085,52.02335135922936,12.599999999999993,0.0,0.0,0.0
167.28679216148922,52.03086075867163,12.599999999999993,0.0,0.0,0.0
167.29753835069354,52.0383691808819,12.599999999999993,0.0,0.0,0.0
167.30828815021155,52.04587662526768,12.599999999999993,0.0,0.0,0.0
167.31904156176154,52.05338309123615,12.599999999999993,0.0,0.0,0.0
167.3297985870624,52.0608885781941,12.599999999999994,0.0,0.0,0.0
167.3405592278335,52.06839308554783,12.599999999999993,0.0,0.0,0.0
167.35132348579486,52.07589661270335,12.599999999999993,0.0,0.0,0.0
167.3620913626671,52.083399159066275,12.599999999999994,0.0,0.0,0.0
167.37286286017135,52.0909007240418,12.599999999999994,0.0,0.0,0.0
167.3836379800294,52.09840130703475,12.599999999999993,0.0,0.0,0.0
167.39441672396362,52.10590090744958,12.599999999999994,0.0,0.0,0.0
167.40519909369675,52.11339952469025,12.599999999999994,0.0,0.0,0.0
167.41598509095232,52.120897158160474,12.599999999999993,0.0,0.0,0.0
167.42677471745438,52.128393807263464,12.599999999999993,0.0,0.0,0.0
167.43756797492753,52.135889471402116,12.599999999999993,0.0,0.0,0.0
167.44836486509703,52.143384149978935,12.599999999999993,0.0,0.0,0.0
167.45916538968854,52.15087784239593,12.599999999999993,0.0,0.0,0.0
167.4699695504284,52.158370548054826,12.599999999999993,0.0,0.0,0.0
167.48077734904356,52.165862266356925,12.599999999999993,0.0,0.0,0.0
167.49158878726146,52.173352996703144,12.599999999999994,0.0,0.0,0.0
167.50240386681017,52.180842738494,12.599999999999994,0.0,0.0,0.0
167.51322258941838,52.18833149112966,12.599999999999994,0.0,0.0,0.0
167.5240449568151,52.19581925400974,12.599999999999993,0.0,0.0,0.0
167.53487097073017,52.20330602653368,12.599999999999994,0.0,0.0,0.0
167.54570063289395,52.210791808100375,12.599999999999994,0.0,0.0,0.0
167.55653394503727,52.21827659810841,12.599999999999994,0.0,0.0,0.0
167.56737090889166,52.22576039595592,12.599999999999993,0.0,0.0,0.0
167.57821152618916,52.23324320104074,12.599999999999994,0.0,0.0,0.0
167.58905579866226,52.24072501276014,12.599999999999993,0.0,0.0,0.0
167.59990372804418,52.248205830511125,12.599999999999993,0.0,0.0,0.0
167.61075531606866,52.25568565369032,12.599999999999994,0.0,0.0,0.0
167.62161056447,52.26316448169388,12.599999999999994,0.0,0.0,0.0
167.63246947498305,52.27064231391761,12.599999999999994,0.0,0.0,0.0
167.6433320493433,52.27811914975695,12.599999999999994,0.0,0.0,0.0
167.6541982892866,52.28559498860681,12.599999999999994,0.0,0.0,0.0
167.66506819654958,52.293069829861864,12.599999999999993,0.0,0.0,0.0
167.6759417728694,52.300543672916305,12.599999999999994,0.0,0.0,0.0
167.6868190199837,52.30801651716394,12.599999999999993,0.0,0.0,0.0
167.69769993963072,52.31548836199822,12.599999999999994,0.0,0.0,0.0
167.70858453354936,52.32295920681218,12.599999999999994,0.0,0.0,0.0
167.71947280347885,52.330429050998376,12.599999999999993,0.0,0.0,0.0
167.7303647511592,52.33789789394908,12.599999999999994,0.0,0.0,0.0
167.74126037833088,52.34536573505612,12.599999999999993,0.0,0.0,0.0
167.75215968673493,52.352832573710934,12.599999999999993,0.0,0.0,0.0
167.763062678113,52.36029840930457,12.599999999999993,0.0,0.0,0.0
167.7739693542073,52.36776324122768,12.59999999999999,0.0,0.0,0.0
167.78487971676043,52.37522706887044,12.599999999999993,0.0,0.0,0.0
167.7957937675158,52.38268989162273,12.599999999999993,0.0,0.0,0.0
167.80671150821715,52.390151708874,12.599999999999993,0.0,0.0,0.0
167.81763294060903,52.3976125200133,12.599999999999993,0.0,0.0,0.0
167.82855806643633,52.405072324429305,12.599999999999993,0.0,0.0,0.0
167.8394868874445,52.412531121510185,12.599999999999989,0.0,0.0,0.0
167.85041940537974,52.41998891064382,12.59999999999999,0.0,0.0,0.0
167.86135562198857,52.42744569121767,12.59999999999999,0.0,0.0,0.0
167.87229553901824,52.43490146261878,12.599999999999993,0.0,0.0,0.0
167.88323915821653,52.4423562242338,12.599999999999993,0.0,0.0,0.0
167.8941864813317,52.44980997544901,12.59999999999999,0.0,0.0,0.0
167.90513751011252,52.457262715650174,12.599999999999993,0.0,0.0,0.0
167.91609224630844,52.46471444422278,12.59999999999999,0.0,0.0,0.0
167.92705069166948,52.472165160551874,12.599999999999993,0.0,0.0,0.0
167.93801284794608,52.47961486402209,12.59999999999999,0.0,0.0,0.0
167.94897871688934,52.48706355401769,12.59999999999999,0.0,0.0,0.0
167.95994830025091,52.49451122992253,12.599999999999993,0.0,0.0,0.0
167.97092159978283,52.50195789111998,12.599999999999993,0.0,0.0,0.0
167.98189861723787,52.509403536993105,12.599999999999993,0.0,0.0,0.0
167.9928793543693,52.51684816692455,12.59999999999999,0.0,0.0,0.0
168.00386381293092,52.52429178029654,12.599999999999993,0.0,0.0,0.0
168.01485199467712,52.53173437649089,12.599999999999993,0.0,0.0,0.0
168.0258439013628,52.53917595488908,12.599999999999993,0.0,0.0,0.0
168.03683953474336,52.546616514872035,12.59999999999999,0.0,0.0,0.0
168.0478388965749,52.554056055820425,12.599999999999993,0.0,0.0,0.0
168.05884198861384,52.561494577114445,12.59999999999999,0.0,0.0,0.0
168.06984881261735,52.56893207813391,12.599999999999993,0.0,0.0,0.0
168.0808593703431,52.576368558258224,12.599999999999993,0.0,0.0,0.0
168.09187366354928,52.58380401686643,12.59999999999999,0.0,0.0,0.0
168.1028916939945,52.591238453337034,12.599999999999993,0.0,0.0,0.0
168.11391346343814,52.59867186704825,12.599999999999993,0.0,0.0,0.0
168.12493897364,52.6061042573779,12.599999999999993,0.0,0.0,0.0
168.1359682263604,52.61353562370333,12.59999999999999,0.0,0.0,0.0
168.14700122336038,52.62096596540156,12.599999999999993,0.0,0.0,0.0
168.1580379664012,52.62839528184907,12.599999999999993,0.0,0.0,0.0
168.16907845724492,52.63582357242207,12.599999999999993,0.0,0.0,0.0
168.18012269765407,52.64325083649631,12.599999999999993,0.0,0.0,0.0
168.19117068939173,52.65067707344712,12.599999999999993,0.0,0.0,0.0
168.20222243422148,52.65810228264946,12.599999999999994,0.0,0.0,0.0
168.21327793390753,52.66552646347789,12.599999999999993,0.0,0.0,0.0
168.22433719021453,52.67294961530645,12.599999999999993,0.0,0.0,0.0
168.23540020490762,52.68037173750891,12.599999999999993,0.0,0.0,0.0
168.24646697975263,52.68779282945856,12.599999999999993,0.0,0.0,0.0
168.25753751651587,52.69521289052831,12.599999999999993,0.0,0.0,0.0
168.26861181696415,52.70263192009065,12.59999999999999,0.0,0.0,0.0
168.27968988286491,52.71004991751772,12.59999999999999,0.0,0.0,0.0
168.29077171598595,52.71746688218109,12.599999999999993,0.0,0.0,0.0
168.30185731809573,52.72488281345207,12.599999999999993,0.0,0.0,0.0
168.31294669096323,52.732297710701516,12.599999999999993,0.0,0.0,0.0
168.32403983635797,52.739711573299886,12.599999999999989,0.0,0.0,0.0
168.33513675605002,52.7471244006172,12.599999999999993,0.0,0.0,0.0
168.34623745180997,52.75453619202313,12.59999999999999,0.0,0.0,0.0
168.3573419254088,52.76194694688681,12.59999999999999,0.0,0.0,0.0
168.36845017861825,52.76935666457709,12.59999999999999,0.0,0.0,0.0
168.37956221321042,52.77676534446236,12.59999999999999,0.0,0.0,0.0
168.3906780309581,52.784172985910615,12.599999999999993,0.0,0.0,0.0
168.40179763363443,52.791579588289395,12.59999999999999,0.0,0.0,0.0
168.41292102301324,52.79898515096595,12.59999999999999,0.0,0.0,0.0
168.4240482008687,52.80638967330691,12.599999999999993,0.0,0.0,0.0
168.4351791689757,52.813793154678656,12.599999999999993,0.0,0.0,0.0
168.4463139291096,52.821195594447126,12.59999999999999,0.0,0.0,0.0
168.4574524830462,52.82859699197783,12.59999999999999,0.0,0.0,0.0
168.46859483256193,52.83599734663588,12.599999999999994,0.0,0.0,0.0
168.47974097943376,52.84339665778597,12.599999999999993,0.0,0.0,0.0
168.49089092543903,52.85079492479232,12.59999999999999,0.0,0.0,0.0
168.50204467235574,52.85819214701881,12.599999999999993,0.0,0.0,0.0
168.5132022219624,52.86558832382891,12.599999999999993,0.0,0.0,0.0
168.52436357603798,52.872983454585636,12.59999999999999,0.0,0.0,0.0
168.53552873636207,52.88037753865162,12.59999999999999,0.0,0.0,0.0
168.54669770471477,52.887770575389105,12.599999999999993,0.0,0.0,0.0
168.55787048287652,52.8951625641598,12.59999999999999,0.0,0.0,0.0
168.5690470726285,52.902553504325105,12.599999999999993,0.0,0.0,0.0
168.58022747575234,52.909943395245996,12.599999999999993,0.0,0.0,0.0
168.59141169403014,52.91733223628302,12.599999999999993,0.0,0.0,0.0
168.60259972924464,52.924720026796344,12.599999999999993,0.0,0.0,0.0
168.6137915831789,52.932106766145594,12.59999999999999,0.0,0.0,0.0
168.62498725761665,52.93949245369012,12.59999999999999,0.0,0.0,0.0
168.63618675434216,52.946877088788796,12.599999999999993,0.0,0.0,0.0
168.64739007514007,52.9542606708001,12.59999999999999,0.0,0.0,0.0
168.65859722179573,52.96164319908206,12.59999999999999,0.0,0.0,0.0
168.66980819609486,52.969024672992376,12.599999999999993,0.0,0.0,0.0
168.68102299982363,52.97640509188817,12.59999999999999,0.0,0.0,0.0
168.69224163476898,52.983784455126255,12.599999999999993,0.0,0.0,0.0
168.70346410271807,52.991162762063055,12.59999999999999,0.0,0.0,0.0
168.7146904054588,52.998540012054505,12.599999999999993,0.0,0.0,0.0
168.72592054477948,53.005916204456156,12.599999999999993,0.0,0.0,0.0
168.73715452246904,53.01329133862319,12.59999999999999,0.0,0.0,0.0
168.74839234031666,53.0206654139102,12.599999999999993,0.0,0.0,0.0
168.75963400011221,53.028038429671554,12.599999999999993,0.0,0.0,0.0
168.77087950364617,53.035410385261095,12.59999999999999,0.0,0.0,0.0
168.78212885270935,53.04278128003228,12.599999999999993,0.0,0.0,0.0
168.79338204909314,53.050151113338146,12.59999999999999,0.0,0.0,0.0
168.8046390945895,53.057519884531345,12.599999999999993,0.0,0.0,0.0
168.8158999909907,53.06488759296399,12.599999999999993,0.0,0.0,0.0
168.8271647400897,53.07225423798788,12.59999999999999,0.0,0.0,0.0
168.83843334367995,53.079619818954384,12.59999999999999,0.0,0.0,0.0
168.84970580355528,53.08698433521443,12.599999999999993,0.0,0.0,0.0
168.8609821215102,53.09434778611851,12.59999999999999,0.0,0.0,0.0
168.87226229933967,53.10171017101678,12.599999999999993,0.0,0.0,0.0
168.88354633883895,53.10907148925881,12.599999999999993,0.0,0.0,0.0
168.89483424180406,53.11643174019389,12.599999999999993,0.0,0.0,0.0
168.90612601003147,53.12379092317084,12.59999999999999,0.0,0.0,0.0
168.91742164531803,53.13114903753808,12.599999999999993,0.0,0.0,0.0
168.92872114946132,53.138506082643616,12.599999999999993,0.0,0.0,0.0
168.94002452425906,53.14586205783492,12.599999999999993,0.0,0.0,0.0
168.9513317715098,53.15321696245918,12.599999999999993,0.0,0.0,0.0
168.96264289301246,53.16057079586311,12.599999999999993,0.0,0.0,0.0
168.97395789056645,53.16792355739298,12.599999999999993,0.0,0.0,0.0
168.98527676597172,53.17527524639468,12.59999999999999,0.0,0.0,0.0
168.9965995210287,53.18262586221368,12.599999999999993,0.0,0.0,0.0
169.00792615753824,53.18997540419493,12.599999999999993,0.0,0.0,0.0
169.01925667730177,53.19732387168304,12.599999999999989,0.0,0.0,0.0
169.03059108212122,53.2046712640222,12.59999999999999,0.0,0.0,0.0
169.04192937379898,53.21201758055614,12.59999999999999,0.0,0.0,0.0
169.05327155413792,53.219362820628206,12.599999999999993,0.0,0.0,0.0
169.06461762494152,53.22670698358131,12.599999999999993,0.0,0.0,0.0
169.0759675880135,53.23405006875784,12.59999999999999,0.0,0.0,0.0
169.0873214451583,53.2413920754999,12.599999999999993,0.0,0.0,0.0
169.09867919818078,53.2487330031491,12.59999999999999,0.0,0.0,0.0
169.11004084888629,53.25607285104663,12.599999999999993,0.0,0.0,0.0
169.1214063990806,53.263411618533254,12.599999999999993,0.0,0.0,0.0
169.1327758505702,53.270749304949376,12.599999999999993,0.0,0.0,0.0
169.14414920516165,53.2780859096348,12.599999999999993,0.0,0.0,0.0
169.15552646466242,53.28542143192906,12.599999999999993,0.0,0.0,0.0
169.16690763088025,53.29275587117122,12.599999999999993,0.0,0.0,0.0
169.1782927056234,53.30008922669992,12.599999999999993,0.0,0.0,0.0
169.18968169070058,53.307421497853355,12.599999999999993,0.0,0.0,0.0
169.20107458792114,53.314752683969346,12.599999999999993,0.0,0.0,0.0
169.21247139909465,53.32208278438516,12.59999999999999,0.0,0.0,0.0
169.22387212603138,53.32941179843777,12.599999999999993,0.0,0.0,0.0
169.23527677054201,53.33673972546364,12.599999999999993,0.0,0.0,0.0
169.24668533443773,53.34406656479885,12.599999999999994,0.0,0.0,0.0
169.25809781953015,53.351392315779094,12.599999999999989,0.0,0.0,0.0
169.26951422763136,53.35871697773946,12.59999999999999,0.0,0.0,0.0
169.28093456055396,53.36604055001479,12.599999999999994,0.0,0.0,0.0
169.29235882011108,53.37336303193943,12.59999999999999,0.0,0.0,0.0
169.30378700811625,53.380684422847274,12.599999999999993,0.0,0.0,0.0
169.31521912638345,53.38800472207183,12.599999999999993,0.0,0.0,0.0
169.32665517672734,53.39532392894619,12.599999999999993,0.0,0.0,0.0
169.33809516096272,53.402642042802896,12.599999999999993,0.0,0.0,0.0
169.34953908090512,53.40995906297417,12.59999999999999,0.0,0.0,0.0
169.36098693837044,53.417274988791796,12.599999999999989,0.0,0.0,0.0
169.37243873517514,53.42458981958709,12.599999999999993,0.0,0.0,0.0
169.38389447313602,53.43190355469097,12.599999999999993,0.0,0.0,0.0
169.39535415407056,53.439216193433936,12.59999999999999,0.0,0.0,0.0
169.40681777979643,53.44652773514593,12.599999999999989,0.0,0.0,0.0
169.4182853521319,53.45383817915661,12.599999999999989,0.0,0.0,0.0
169.42975687289584,53.46114752479515,12.59999999999999,0.0,0.0,0.0
169.4412323439074,53.46845577139029,12.59999999999999,0.0,0.0,0.0
169.45271176698625,53.475762918270334,12.59999999999999,0.0,0.0,0.0
169.46419514395265,53.483068964763184,12.599999999999989,0.0,0.0,0.0
169.4756824766271,53.490373910196205,12.59999999999999,0.0,0.0,0.0
169.48717376683072,53.49767775389646,12.599999999999989,0.0,0.0,0.0
169.49866901638507,53.5049804951905,12.599999999999989,0.0,0.0,0.0
169.51016822711216,53.51228213340448,12.599999999999989,0.0,0.0,0.0
