galstreams/tracks/track.st.Orphan-Chenab.koposov2019.ecsv
# %ECSV 0.9
# ---
# datatype:
# - {name: ra, unit: deg, datatype: float64}
# - {name: dec, unit: deg, datatype: float64}
# - {name: distance, unit: kpc, datatype: float64}
# - {name: pm_ra_cosdec, unit: mas / yr, datatype: float64}
# - {name: pm_dec, unit: mas / yr, datatype: float64}
# - {name: radial_velocity, unit: km / s, datatype: float64}
# delimiter: ','
# meta: !!omap
# - __serialized_columns__:
#     dec:
#       __class__: astropy.coordinates.angles.Latitude
#       unit: &id001 !astropy.units.Unit {unit: deg}
#       value: !astropy.table.SerializedColumn {name: dec}
#     distance:
#       __class__: astropy.coordinates.distances.Distance
#       unit: !astropy.units.Unit {unit: kpc}
#       value: !astropy.table.SerializedColumn {name: distance}
#     pm_dec:
#       __class__: astropy.units.quantity.Quantity
#       unit: !astropy.units.Unit {unit: mas / yr}
#       value: !astropy.table.SerializedColumn {name: pm_dec}
#     pm_ra_cosdec:
#       __class__: astropy.units.quantity.Quantity
#       unit: !astropy.units.Unit {unit: mas / yr}
#       value: !astropy.table.SerializedColumn {name: pm_ra_cosdec}
#     ra:
#       __class__: astropy.coordinates.angles.Longitude
#       unit: *id001
#       value: !astropy.table.SerializedColumn {name: ra}
#       wrap_angle: !astropy.coordinates.Angle
#         unit: *id001
#         value: 360.0
#     radial_velocity:
#       __class__: astropy.units.quantity.Quantity
#       unit: !astropy.units.Unit {unit: km / s}
#       value: !astropy.table.SerializedColumn {name: radial_velocity}
# schema: astropy-2.0
ra,dec,distance,pm_ra_cosdec,pm_dec,radial_velocity
[from data line 406]
340.0207337334486,-17.593623180869944,94.21917767908172,-0.23716732236812285,0.40875962589772463,-5.008239714040605e-07
340.0182372910659,-17.603327685162782,94.20475522127929,-0.23681877980841812,0.40809066125649485,-4.999934479835754e-07
340.0157406535871,-17.613032175001464,94.1903327634768,-0.23647024201596484,0.4074216943435577,-4.991630761368988e-07
340.0132438208386,-17.622736650366736,94.17591030567436,-0.23612170900614696,0.40675272515102867,-4.983326874486878e-07
340.0107467926469,-17.632441111239125,94.16148784787191,-0.235773180794353,0.406083753671022,-4.975024755965866e-07
340.0082495688382,-17.642145557599353,94.14706539006944,-0.2354246573959743,0.4054147798956492,-4.966721963783482e-07
340.0057521492389,-17.651849989428115,94.13264293226696,-0.23507613882640802,0.4047458038170234,-4.958420687339183e-07
340.00325453367526,-17.661554406705964,94.11822047446451,-0.2347276251010537,0.4040768254272521,-4.95012050559461e-07
340.0007567219733,-17.67125880941357,94.10379801666204,-0.23437911623531513,0.4034078447184437,-4.941819481773325e-07
339.99825810502205,-17.680963053468613,94.08936209015233,-0.23403116530768392,0.40273898875754055,-4.93353993090822e-07
339.9957566677706,-17.690666662195326,94.07486813357418,-0.2336856021526704,0.4020706779820234,-4.925341472030577e-07
339.9932550335194,-17.7003702562563,94.06037417699602,-0.23334004391025903,0.4014023648923059,-4.917145034137044e-07
339.99075320209425,-17.710073835632024,94.04588022041786,-0.23299449059589225,0.4007340494805399,-4.908949438320225e-07
339.9882511733206,-17.719777400303077,94.03138626383966,-0.23264894222501628,0.40006573173887555,-4.900754010918748e-07
339.9857489470239,-17.729480950250018,94.01689230726153,-0.23230339881308115,0.39939741165946135,-4.892559341386313e-07
339.98324652302983,-17.739184485453293,94.00239835068335,-0.23195786037554134,0.3987290892344445,-4.884364671853878e-07
339.98074390116363,-17.748888005893455,93.98790439410519,-0.23161232692785497,0.39806076445597005,-4.876171265436511e-07
339.9782410812507,-17.758591511551096,93.97341043752702,-0.23126679848548418,0.39739243731618185,-4.867978616888187e-07
339.9757380631164,-17.7682950024066,93.95891648094883,-0.23092127506389495,0.396724107807221,-4.859787231454932e-07
339.9732348465859,-17.77799847844055,93.94442252437068,-0.230575756678558,0.3960557759212299,-4.851596182852363e-07
339.97073143148424,-17.787701939633475,93.9299285677925,-0.23023024334494704,0.3953874416503467,-4.843404881626781e-07
339.96822781763683,-17.797405385965774,93.91543461121435,-0.2298847350785405,0.3947191049867081,-4.835215854008321e-07
339.96572400486855,-17.807108817417998,93.90094065463616,-0.22953923189482045,0.39405076592245003,-4.827026742182192e-07
339.96321999300443,-17.816812233970623,93.88644669805802,-0.22919373380927294,0.3933824244497062,-4.81883872505579e-07
339.9607157818694,-17.826515635604128,93.87195274147986,-0.22884824083738833,0.3927140805606092,-4.810650876344729e-07
339.95821137128837,-17.836219022299048,93.8574587849017,-0.22850275299466075,0.3920457342472897,-4.802463617087368e-07
339.9557067610862,-17.845922394035732,93.8429648283235,-0.22815727029658855,0.3913773855018766,-4.794277536737406e-07
339.95320195108764,-17.85562575079472,93.82847087174537,-0.22781179275867375,0.39070903431649723,-4.786092045841142e-07
339.9506969411174,-17.86532909255649,93.81397691516719,-0.2274663203964229,0.3900406806832774,-4.777906807567892e-07
339.9481917310002,-17.875032419301412,93.79948295858901,-0.22712085322534603,0.3893723245943405,-4.769723421863411e-07
339.9456863205605,-17.884735731009968,93.78498900201083,-0.2267753912609582,0.38870396604181073,-4.7615402045742724e-07
339.943180709623,-17.89443902766268,93.77049504543265,-0.22642993451877744,0.388035605017808,-4.7533578293618467e-07
339.94067489801205,-17.904142309239862,93.7560010888545,-0.22608448301432618,0.38736724151445145,-4.7451753699417496e-07
339.93816888555216,-17.913845575721982,93.74150713227633,-0.22573903676313137,0.38669887552385857,-4.736994257844394e-07
339.93566267206774,-17.923548827089483,93.72701317569818,-0.2253935957807235,0.38603050703814534,-4.728814156239093e-07
339.93315625738296,-17.93325206332279,93.71251921912001,-0.22504816008263706,0.3853621360494261,-4.720634223049135e-07
339.93064964132213,-17.94295528440236,93.69802526254183,-0.22470272968441105,0.38469376254981336,-4.7124553003512325e-07
339.9281428237095,-17.952658490308483,93.6835313059637,-0.22435730460158818,0.3840253865314178,-4.704276630276344e-07
339.92563580436916,-17.962361681021633,93.66903734938552,-0.22401188484971576,0.38335700798634903,-4.696099307524196e-07
339.9231285831251,-17.97206485652226,93.65454339280734,-0.22366647044434457,0.38268862690671457,-4.687921563733692e-07
339.9206211598015,-17.981768016790657,93.64004943622919,-0.22332106140102986,0.3820202432846203,-4.6797455883042855e-07
339.9181135342223,-17.991471161807233,93.62555547965101,-0.2229756577353305,0.38135185711216935,-4.671570875989948e-07
339.91560570621124,-18.00117429155246,93.61106152307282,-0.22263025946281062,0.3806834683814667,-4.6633955742219114e-07
339.9130976755923,-18.010877406006568,93.59656756649467,-0.22228486659903737,0.3800150770846122,-4.6552213671536016e-07
339.9105894421893,-18.020580505150022,93.5820736099165,-0.22193947915958234,0.379346683213705,-4.647048591615704e-07
339.90808100582586,-18.03028358896315,93.56757965333834,-0.22159409716002126,0.37867828676084275,-4.6388760687008204e-07
339.9055723663256,-18.039986657426333,93.55308569676018,-0.22124872061593387,0.3780098877181216,-4.630703714201279e-07
339.9030635235123,-18.04968971051997,93.53859174018201,-0.22090334954290422,0.3773414860776356,-4.622532454401465e-07
339.9005544772093,-18.05939274822431,93.52409778360384,-0.22055798395652054,0.3766730818314774,-4.6143616156400073e-07
339.8980452272403,-18.06909577051974,93.50960382702569,-0.22021262387237506,0.3760046749717381,-4.6061921242012903e-07
339.8955357734286,-18.078798777386652,93.49510987044752,-0.2198672693060643,0.37533626549050664,-4.5980233064239435e-07
339.89302611559765,-18.088501768805262,93.48061591386934,-0.21952192027318856,0.3746678533798711,-4.5898551623079673e-07
339.8905162535706,-18.098204744755968,93.4661219572912,-0.21917657678935265,0.37399943863191676,-4.5816871023996625e-07
339.88800618717084,-18.107907705219137,93.45162800071299,-0.21883123887016517,0.37333102123872747,-4.5735200529834133e-07
339.8854959162216,-18.117610650174978,93.43713404413484,-0.21848590653124006,0.37266260119238714,-4.565354182474562e-07
339.8829851066314,-18.1273135007076,93.42263228653239,-0.21814086983901168,0.3719942348496913,-4.557198501093938e-07
339.8804710253751,-18.137015611113384,93.40805888687008,-0.21779850249549026,0.37132638348968,-4.549135363944072e-07
339.8779567386719,-18.146717705911037,93.39348548720783,-0.21745614078859885,0.3706585294829038,-4.5410721425865336e-07
339.8754422463446,-18.15641978508081,93.37891208754556,-0.2171137847339943,0.3699906728214898,-4.533010689590093e-07
339.87292754821567,-18.166121848602803,93.36433868788326,-0.21677143434733756,0.3693228134975634,-4.524949320801324e-07
339.8704126441077,-18.17582389645728,93.349765288221,-0.21642908964429391,0.3686549515032478,-4.5168891309199526e-07
339.867897533843,-18.185525928624504,93.3351918885587,-0.21608675064053268,0.3679870868306654,-4.5088296146999515e-07
339.865382217244,-18.19522794508454,93.32061848889643,-0.21574441735172745,0.3673192194719359,-4.500770266895293e-07
339.8628666941331,-18.20492994581763,93.30604508923416,-0.21540208979355627,0.3666513494191782,-4.4927120979980333e-07
339.86035096433244,-18.21463193080401,93.29147168957184,-0.2150597679817004,0.36598347666450826,-4.484654097516116e-07
339.85783502766435,-18.224333900023744,93.27689828990958,-0.21471745193184733,0.36531560120004275,-4.4765969391109116e-07
339.85531888395093,-18.23403585345707,93.26232489024729,-0.21437514165968719,0.3646477230178944,-4.468541212236119e-07
339.8528025330142,-18.243737791084126,93.24775149058502,-0.2140328371809143,0.3639798421101751,-4.4604854853613265e-07
339.85028597467624,-18.253439712885083,93.23317809092273,-0.21369053851122807,0.3633119584689949,-4.452430684770919e-07
339.847769208759,-18.26314161884015,93.21860469126047,-0.21334824566633173,0.36264407208646215,-4.44437647363421e-07
339.84525223508444,-18.27284350892937,93.20403129159818,-0.21300595866193262,0.3619761829546837,-4.4363233571972274e-07
339.84273505347437,-18.282545383132906,93.1894578919359,-0.2126636775137428,0.3613082910657645,-4.4282710828369584e-07
339.8402176637505,-18.29224724143099,93.17488449227362,-0.2123214022374778,0.36064039641180795,-4.420218892684361e-07
339.8377000657346,-18.301949083803596,93.16031109261137,-0.21197913284885841,0.3599724989849154,-4.412168218269846e-07
339.83518225924837,-18.31165091023095,93.14573769294908,-0.21163686936360893,0.3593045987771873,-4.404117122816975e-07
339.8326642441134,-18.321352720693127,93.1311642932868,-0.2112946117974585,0.35863669578072144,-4.396068216763558e-07
339.8301460201512,-18.33105451517026,93.11659089362452,-0.2109523601661399,0.35796878998761456,-4.388019058087127e-07
339.8276275871832,-18.340756293642507,93.10201749396224,-0.2106101144853903,0.3573008813899605,-4.379970488864395e-07
339.82510894503093,-18.35045805608987,93.08744409429991,-0.21026787477095263,0.35663296997985444,-4.3719232669644037e-07
339.8225900935157,-18.36015980249247,93.07287069463766,-0.20992564103857195,0.35596505574938647,-4.363876297687426e-07
339.8200710324588,-18.369861532830477,93.05829729497536,-0.20958341330399888,0.35529713869064666,-4.355830423110176e-07
339.8175517616815,-18.379563247083837,93.0437238953131,-0.20924119158298796,0.35462921879572273,-4.34778480115594e-07
339.815032281005,-18.38926494523271,93.02915049565082,-0.20889897589129833,0.3539612960567012,-4.3397404423167724e-07
339.81251259025026,-18.3989666272572,93.01457709598854,-0.20855676624469305,0.35329337046566656,-4.3316963361006193e-07
339.8099926892385,-18.408668293137286,93.00000369632626,-0.20821456265893992,0.3526254420147017,-4.323653071961179e-07
339.8074725777907,-18.41836994285306,92.985430296664,-0.20787236514981092,0.35195751069588743,-4.315610649898452e-07
339.80495225572764,-18.428071576384596,92.97085689700171,-0.20753017373308202,0.35128957650130377,-4.307568901497095e-07
339.80243172287044,-18.43777319371192,92.95628349733944,-0.2071879884245343,0.35062163942302793,-4.299528416210808e-07
339.7999109790396,-18.44747479481515,92.94171009767712,-0.206845809239952,0.3499536994531353,-4.291488267755206e-07
339.79739002405614,-18.45717637967419,92.92713669801483,-0.2065036361951253,0.34928575658370176,-4.283447950884261e-07
339.79486885774065,-18.466877948269154,92.91256329835258,-0.2061614693058476,0.3486178108067988,-4.2754094865820847e-07
339.79234747991364,-18.476579500580094,92.8979898986903,-0.20581930858791686,0.3479498621144975,-4.2673710222799087e-07
339.7898258903959,-18.486281036586938,92.88341649902804,-0.20547715405713565,0.3472819104988668,-4.259333821092802e-07
339.7873040890078,-18.495982556269745,92.86884309936576,-0.20513500572931065,0.346613955951974,-4.251297630397751e-07
339.78478207556975,-18.505684059608583,92.85426969970345,-0.204792863620253,0.3459459984658849,-4.2432611028720146e-07
339.78225984990223,-18.515385546583342,92.83969630004121,-0.20445072774577824,0.34527803803266305,-4.235226343707376e-07
339.7797374118254,-18.525087017174073,92.82512290037891,-0.20410859812170648,0.344610074644371,-4.227191416127394e-07
339.7772147611597,-18.53478847136076,92.81054950071665,-0.20376647476386192,0.3439421082930687,-4.219157751662482e-07
339.77469189772523,-18.544489909123406,92.79597610105434,-0.20342435768807332,0.34327413897081527,-4.2111244240282553e-07
339.7721688213421,-18.554191330442006,92.78140270139207,-0.20308224691017387,0.3426061666696672,-4.203092106886084e-07
339.7696455318305,-18.563892735296466,92.76682930172979,-0.20274014244600114,0.3419381913816799,-4.1950608844436394e-07
339.76712200039765,-18.573594116914908,92.75225520156735,-0.20239806814108477,0.34127021686147524,-4.1870306724932507e-07
339.7645947144626,-18.58329464646255,92.73759441451254,-0.202058949111826,0.3406027049725186,-4.1791024360328047e-07
339.7620672144645,-18.5929951594395,92.72293362745773,-0.20171983645642352,0.33993519010468803,-4.1711751258567425e-07
339.7595395002228,-18.602695655825713,92.70827284040293,-0.20138073019076394,0.3392676722500837,-4.16324840513438e-07
339.7570115715569,-18.61239613560107,92.69361205334813,-0.2010416303307385,0.3386001514008034,-4.15532252648873e-07
339.7544834282862,-18.622096598745326,92.67895126629334,-0.20070253689224285,0.33793262754894376,-4.147396900466094e-07
339.75195507022994,-18.63179704523839,92.66429047923852,-0.20036344989117746,0.3372651006865994,-4.139472537558528e-07
339.74942649720737,-18.641497475060103,92.64962969218374,-0.20002436934344653,0.33659757080586317,-4.1315486798969896e-07
339.7468977090376,-18.651197888190296,92.63496890512891,-0.1996852952649593,0.3359300378988265,-4.12362541168915e-07
339.7443687055397,-18.660898284608855,92.62030811807412,-0.19934622767162952,0.33526250195757856,-4.115702817142681e-07
339.7418394865329,-18.670598664295486,92.6056473310193,-0.199007166579375,0.33459496297420704,-4.1077813172959387e-07
339.739310051836,-18.680299027230085,92.59098654396449,-0.1986681120041179,0.33392742094079697,-4.099860827941252e-07
339.73678040126794,-18.6899993733925,92.57632575690967,-0.19832906396178598,0.3332598758494346,-4.0919404227942365e-07
339.7342505346475,-18.69969970276242,92.56166496985487,-0.19799002246831032,0.33259232769220143,-4.0840211123469484e-07
339.7317204517936,-18.70940001531972,92.54700418280007,-0.1976509875396269,0.3319247764611781,-4.0761022229380163e-07
339.72919015252484,-18.719100311044233,92.53234339574526,-0.1973119591916762,0.33125722214844355,-4.0681839229827834e-07
339.72665963666,-18.728800589915664,92.51768260869044,-0.19697293744040317,0.3305896647460752,-4.060266970350291e-07
339.7241289040175,-18.738500851913813,92.50302182163568,-0.19663392230175727,0.3299221042461481,-4.0523506071714984e-07
339.72159795441604,-18.74820109701847,92.48836103458086,-0.19629491379169248,0.3292545406407363,-4.044434328200377e-07
339.719066787674,-18.757901325209424,92.47370024752604,-0.19595591192616751,0.3285869739219117,-4.0365199017980234e-07
339.71653540360984,-18.767601536466465,92.45903946047123,-0.19561691672114515,0.3279194040817444,-4.0286054753956705e-07
339.7140038020418,-18.777301730769256,92.44437867341644,-0.19527792819259293,0.3272518311123028,-4.020691470031674e-07
339.71147198278834,-18.787001908097597,92.42971788636164,-0.19493894635648323,0.32658425500565363,-4.012779064613432e-07
339.70893994566745,-18.796702068431305,92.41505709930682,-0.19459997122879247,0.32591667575386196,-4.004866911818204e-07
339.70640769049743,-18.806402211749997,92.40039631225198,-0.19426100282550146,0.3252490933489897,-3.996955348476675e-07
339.7038752170963,-18.816102338033456,92.38573552519718,-0.19392204116259687,0.32458150778310024,-3.989044374588845e-07
339.7013425252821,-18.825802447261474,92.3710747381424,-0.1935830862560686,0.32391391904825223,-3.981134242777728e-07
339.69880961487286,-18.835502539413653,92.35641395108762,-0.1932441381219115,0.32324632713650336,-3.973225374081681e-07
339.6962764856864,-18.845202614469777,92.3417531640328,-0.19290519677612503,0.32257873203990994,-3.9653169264239896e-07
339.6937431375406,-18.854902672409562,92.32709237697797,-0.19256626223471313,0.32191113375052616,-3.957409741881368e-07
339.69120957025314,-18.86460271321268,92.31243158992318,-0.19222733451368437,0.3212435322604044,-3.949502052092719e-07
339.68867578364177,-18.87430273685891,92.29777080286837,-0.191888413629052,0.32057592756159553,-3.9415957096268106e-07
