galstreams/tracks/track.st.C-5.ibata2020.ecsv
# %ECSV 0.9
# ---
# datatype:
# - {name: ra, unit: deg, datatype: float64}
# - {name: dec, unit: deg, datatype: float64}
# - {name: distance, unit: kpc, datatype: float64}
# - {name: pm_ra_cosdec, unit: mas / yr, datatype: float64}
# - {name: pm_dec, unit: mas / yr, datatype: float64}
# - {name: radial_velocity, unit: km / s, datatype: float64}
# delimiter: ','
# meta: !!omap
# - __serialized_columns__:
#     dec:
#       __class__: astropy.coordinates.angles.Latitude
#       unit: &id001 !astropy.units.Unit {unit: deg}
#       value: !astropy.table.SerializedColumn {name: dec}
#     distance:
#       __class__: astropy.coordinates.distances.Distance
#       unit: !astropy.units.Unit {unit: kpc}
#       value: !astropy.table.SerializedColumn {name: distance}
#     pm_dec:
#       __class__: astropy.units.quantity.Quantity
#       unit: !astropy.units.Unit {unit: mas / yr}
#       value: !astropy.table.SerializedColumn {name: pm_dec}
#     pm_ra_cosdec:
#       __class__: astropy.units.quantity.Quantity
#       unit: !astropy.units.Unit {unit: mas / yr}
#       value: !astropy.table.SerializedColumn {name: pm_ra_cosdec}
#     ra:
#       __class__: astropy.coordinates.angles.Longitude
#       unit: *id001
#       value: !astropy.table.SerializedColumn {name: ra}
#       wrap_angle: !astropy.coordinates.Angle
#         unit: *id001
#         value: 360.0
#     radial_velocity:
#       __class__: astropy.units.quantity.Quantity
#       unit: !astropy.units.Unit {unit: km / s}
#       value: !astropy.table.SerializedColumn {name: radial_velocity}
# schema: astropy-2.0
ra,dec,distance,pm_ra_cosdec,pm_dec,radial_velocity
113.35053109462349,36.67835341937528,3.3518629495384316,-1.1381989110832607,-12.720866096054435,-1.6841534259744676e-14
113.38283311519453,36.661471129641605,3.3651307689388457,-1.133497562307169,-12.669335759248884,-3.368306851948935e-14
113.41517008792543,36.644662908114356,3.378266531987367,-1.128820301687026,-12.618526819161952,0.0
113.4475415524219,36.62792781578819,3.3912719652588055,-1.124167323662203,-12.56843270635231,-3.368306851948935e-14
113.47994704730911,36.611264914175216,3.404148795327969,-1.119538816064811,-12.519046851324543,-3.368306851948935e-14
113.51238611022528,36.59467326530707,3.416898748769667,-1.1149349600629093,-12.470362684537303,-1.6841534259744676e-14
113.54485827781508,36.57815193173698,3.4295235521587073,-1.1103559301044434,-12.422373636411503,-1.6841534259744676e-14
113.57736308572332,36.561699976541746,3.4420249320698977,-1.1058018938620024,-12.375073137338525,-6.73661370389787e-14
113.60990006858843,36.54531646332389,3.454404615078049,-1.1012730121782583,-12.328454617688537,-5.0524602779234026e-14
113.64246876003646,36.52900045621371,3.466664327757969,-1.0967694390122655,-12.282511507818786,-1.6841534259744676e-14
113.67506869267524,36.51275101987109,3.4788057966844663,-1.0922913213865217,-12.237237238082004,0.0
113.70769939808815,36.496567219487694,3.4908307484323475,-1.0878387993347005,-12.192625238834797,1.6841534259744676e-14
113.74036040682863,36.48044812078886,3.502740909576425,-1.083412005850263,-12.148668940446107,-3.368306851948935e-14
113.77305124841442,36.4643927900355,3.5145380066915037,-1.0790110668357504,-12.105361773305743,-6.73661370389787e-14
113.8057714513223,36.44840029402602,3.526223766352395,-1.0746361010529004,-12.062697167832859,-3.368306851948935e-14
113.83852054298245,36.43246970009836,3.537799915133907,-1.0702872200734292,-12.020668554484589,0.0
113.87129804977337,36.416600076131786,3.549268179610847,-1.065964528230657,-11.979269363764628,-5.0524602779234026e-14
113.90410349701692,36.400790490548694,3.560630286358024,-1.0616681225718567,-11.938493026231889,-3.368306851948935e-14
113.93693640897307,36.3850400123166,3.571887961950248,-1.0573980928113145,-11.898332972509177,-3.368306851948935e-14
113.96979630883521,36.36934771094996,3.583042932962327,-1.0531545212841933,-11.858782633291927,-3.368306851948935e-14
114.00268271872565,36.3537126565118,3.5940969259690685,-1.048937482901142,-11.81983543935694,-6.73661370389787e-14
114.03559515969067,36.33813391961576,3.605051667545283,-1.0447470451035925,-11.781484821571148,0.0
114.06853315169629,36.3226105714277,3.615908884265777,-1.0405832678198716,-11.74372421090046,-3.368306851948935e-14
114.10149621362388,36.30714168366755,3.6266703027053615,-1.0364462034220083,-11.706547038418552,1.6841534259744676e-14
114.13448386326623,36.291726328610906,3.6373376494388423,-1.0323358966833445,-11.669946735315769,-3.368306851948935e-14
114.16749561732301,36.2763635790909,3.647912651041031,-1.0282523847367842,-11.633916732907977,-3.368306851948935e-14
114.20053099139716,36.261052508499816,3.6583970340867347,-1.0241956970338821,-11.59845046264552,-3.368306851948935e-14
114.23358949999117,36.24579219079071,3.6687925251507614,-1.020165855304647,-11.563541356122107,-8.420767129872338e-14
114.26667065650308,36.23058170047917,3.679100850807921,-1.0161628735180308,-11.529182845083785,-1.6841534259744676e-14
114.29977397322314,36.21542011264491,3.6893237376330217,-1.0121867578432242,-11.495368361437936,-3.368306851948935e-14
114.33289896133029,36.20030650293333,3.6994629122008713,-1.0082375066116427,-11.462091337262224,-3.368306851948935e-14
114.36604513088906,36.185239947557086,3.709520101086281,-1.0043151102796954,-11.429345204813636,-1.6841534259744676e-14
114.39921199084611,36.17021952329779,3.7194970308640563,-1.000419551392223,-11.397123396537513,-3.368306851948935e-14
114.43239904902725,36.15524430750746,3.7293954281090076,-0.9965508045467217,-11.365419345076559,-6.73661370389787e-14
114.46560581213484,36.14031337810995,3.739217019395943,-0.9927088363583088,-11.334226483279902,-5.0524602779234026e-14
114.49883178574446,36.12542581360268,3.7489635312996707,-0.9888936054253616,-11.303538244212175,-1.6841534259744676e-14
114.5320764743026,36.11058069305793,3.758636690395001,-0.9851050622959505,-11.273348061162563,-6.73661370389787e-14
114.56533938112398,36.09577709612439,3.768238223256741,-0.9813431494349724,-11.243649367653884,-5.0524602779234026e-14
114.59862000838932,36.08101410302847,3.7777698564596998,-0.9776078011920579,-11.214435597451688,-5.0524602779234026e-14
114.63191785714268,36.066290794575934,3.787233316578685,-0.9738989437701262,-11.185700184573339,-3.368306851948935e-14
114.66523242728955,36.05160625215313,3.796630330188507,-0.970216495194756,-11.15743656329709,-1.6841534259744676e-14
114.69856321759488,36.036959557728295,3.805962623863974,-0.9665603652842822,-11.129638168171216,-1.6841534259744676e-14
114.73190972568081,36.0223497938531,3.8152319241798938,-0.9629304556205371,-11.102298434023073,0.0
114.76527144802509,36.0077760436639,3.824439957711075,-0.9593266595204326,-11.07541079596822,-5.0524602779234026e-14
114.79864787995953,35.993237390882875,3.833588451032328,-0.9557488620082246,-11.04896868941948,-1.6841534259744676e-14
114.83203851566819,35.97873291981955,3.8426791307184596,-0.9521969397884875,-11.022965550096053,-3.368306851948935e-14
114.86544284818599,35.9642617153719,3.8517137233442784,-0.9486707612198544,-10.997394814032589,-5.0524602779234026e-14
114.89886036939751,35.94982286302764,3.8606939554845936,-0.9451701862894872,-10.972249917588249,-3.368306851948935e-14
114.93229057003583,35.93541544886534,3.869621553714215,-0.9416950665882668,-10.947524297455777,-3.368306851948935e-14
114.96573293968126,35.92103855955576,3.8784982446079486,-0.9382452452867045,-10.923211390670566,-3.368306851948935e-14
114.99918696676052,35.9066912823629,3.8873257547406066,-0.9348205571116008,-10.89930463461967,0.0
115.0326521385461,35.89237270514514,3.896105810686994,-0.9314208283234661,-10.875797467050866,-3.368306851948935e-14
115.06612794115526,35.87808191635638,3.9048401390219216,-0.9280458766946043,-10.852683326081618,-1.6841534259744676e-14
115.09961385954955,35.86381800504715,3.9135304663201964,-0.9246955114879711,-10.829955650208124,-3.368306851948935e-14
115.13310937753438,35.849580060865634,3.922178519156629,-0.9213695334367769,-10.80760787831425,-8.420767129872338e-14
115.16661397775893,35.83536717405865,3.930786024106027,-0.9180677347248232,-10.785633449680496,-6.73661370389787e-14
115.20012714171544,35.821178435472824,3.939354707743199,-0.9147898989675121,-10.764025803992933,-3.368306851948935e-14
115.2336483497395,35.80701293655545,3.9478862966429538,-0.9115358011936663,-10.742778381352114,-1.6841534259744676e-14
115.26717708101009,35.79286976935546,3.9563825173801,-0.9083052078280676,-10.721884622281932,-1.6841534259744676e-14
115.3007128135495,35.7787480265244,3.9648450965294457,-0.9050978766746781,-10.70133796773851,-3.368306851948935e-14
115.33425502422375,35.76464680131735,3.9732757606658016,-0.9019135569006642,-10.681131859118995,-6.73661370389787e-14
115.36780318874298,35.75056518759381,3.9816762363639735,-0.8987519890211124,-10.661259738270374,-5.0524602779234026e-14
115.40135678166214,35.736502279818424,3.9900482501987713,-0.8956129048845303,-10.641715047498229,-1.6841534259744676e-14
115.43491527638123,35.7224571730621,3.998393528745004,-0.892496027659002,-10.622491229575461,-5.0524602779234026e-14
115.46847814514632,35.70842896300254,4.00671379857748,-0.8894010718191608,-10.603581727750994,-1.6841534259744676e-14
115.50204485905066,35.69441674592515,4.015010786271007,-0.8863277431338974,-10.584979985758423,-1.6841534259744676e-14
115.53561488803514,35.680419618723825,4.023286218400394,-0.8832757386547304,-10.566679447824622,-6.73661370389787e-14
115.56918770088986,35.66643667890158,4.031541821540452,-0.8802447467049966,-10.548673558678344,-5.0524602779234026e-14
115.60276276525508,35.65246702457139,4.039779322265987,-0.8772344468697434,-10.53095576355873,0.0
115.63633954762298,35.63850975445669,4.048000447151808,-0.8742445099864,-10.513519508223808,-1.6841534259744676e-14
115.66991751333866,35.62456396789218,4.056206922772723,-0.8712745981361215,-10.496358238958933,-1.6841534259744676e-14
115.70349612660205,35.6106287648244,4.064400475703543,-0.8683243646359293,-10.479465402585175,-3.368306851948935e-14
115.73707485046964,35.596703245812236,4.072582832519075,-0.8653934540316134,-10.462834446467676,-6.73661370389787e-14
115.77065314685618,35.58278651202766,4.080755719794127,-0.862481502091301,-10.44645881852393,-1.6841534259744676e-14
115.80423047653662,35.56887766525617,4.0889208641035095,-0.8595881357998216,-10.430331967232032,-5.0524602779234026e-14
115.83780629914854,35.55497580789721,4.097079992022029,-0.8567129733538674,-10.414447341638867,-5.0524602779234026e-14
115.87138007319388,35.541080042964865,4.105234830124497,-0.8538556241577557,-10.398798391368206,-8.420767129872338e-14
115.90495125604154,35.52718947408817,4.113387104985719,-0.8510156888200898,-10.383378566628831,-3.368306851948935e-14
115.9385193039298,35.51330320551159,4.121538543180505,-0.848192759151075,-10.368181318222508,-3.368306851948935e-14
115.97208367196887,35.49942034209536,4.129690871283665,-0.8453864181606278,-10.353200097551921,-6.73661370389787e-14
116.00564381414351,35.485539989315946,4.137845815870005,-0.8425962400571899,-10.338428356628588,0.0
116.03919918331579,35.47166125326639,4.146005103514335,-0.8398217902473339,-10.323859548080685,-5.0524602779234026e-14
116.07274923122831,35.45778324065646,4.154170460791464,-0.8370626253361131,-10.309487125160745,-1.6841534259744676e-14
116.10629340850683,35.44390505881318,4.1623436142762005,-0.8343182931281267,-10.2953045417534,-1.6841534259744676e-14
116.13983116466362,35.43002581568089,4.170526290543352,-0.831588332629373,-10.28130525238296,0.0
116.17336194810069,35.416144619821644,4.1787202161677275,-0.8288722740498389,-10.267482712220954,-3.368306851948935e-14
116.2068852061134,35.40226058041515,4.186927117724137,-0.8261696388068669,-10.253830377093601,-3.368306851948935e-14
116.24040038489358,35.388372807259245,4.195148721787387,-0.8234799395292132,-10.240341703489197,-5.0524602779234026e-14
116.27390692953335,35.37448041076987,4.203386754932288,-0.8208026800619297,-10.227010148565421,-6.73661370389787e-14
116.30740428402909,35.360582501981106,4.21164294373365,-0.8181373554719771,-10.213829170156565,-5.0524602779234026e-14
116.34089189128485,35.346678192545454,4.219919014766277,-0.8154834520545597,-10.200792226780699,-1.6841534259744676e-14
116.3743691931166,35.33276659473375,4.22821669460498,-0.8128404473402575,-10.187892777646706,-1.6841534259744676e-14
116.40783563025624,35.318846821435216,4.236537709824569,-0.8102078101029004,-10.1751242826613,0.0
116.44129064235612,35.304917986157385,4.244883786999852,-0.807585000368217,-10.162480202435885,-5.0524602779234026e-14
116.47473366799274,35.290979203026204,4.253256652705637,-0.8049714694231787,-10.149953998293384,-5.0524602779234026e-14
116.5081641446717,35.27702958678585,4.261658033516731,-0.8023666598261767,-10.137539132274947,1.6841534259744676e-14
116.54158150883224,35.26306825279864,4.270089656007947,-0.7997700054179375,-10.12522906714657,-1.6841534259744676e-14
116.5749851958516,35.249094317044914,4.278553246754089,-0.7971809313331508,-10.113017266405642,-3.368306851948935e-14
116.60837464005013,35.23510689612288,4.287050532329969,-0.7945988540129121,-10.100897194287349,0.0
116.64174927469593,35.221105107248455,4.295583239310394,-0.7920231812178893,-10.088862315771038,-3.368306851948935e-14
116.67510853201023,35.207088068254876,4.3041530942701725,-0.7894533120422966,-10.076906096586455,0.0
116.70845184317214,35.193054897592674,4.312761823784114,-0.7868886369285568,-10.065022003219854,-5.0524602779234026e-14
116.74177863832415,35.17900471432918,4.321411154427025,-0.7843285376827756,-10.053203502920061,0.0
116.77508834657742,35.164936638148376,4.330102812773718,-0.7817723874909739,-10.041444063704398,-6.73661370389787e-14
116.80838039601721,35.15084978935037,4.338838525398998,-0.7792195509360524,-10.029737154364502,1.6841534259744676e-14
116.84165421370871,35.13674328885116,4.347620018877677,-0.7766693840155636,-10.018076244472049,-3.368306851948935e-14
116.87490922570234,35.12261625818212,4.356449019784559,-0.7741212341601778,-10.006454804384363,-5.0524602779234026e-14
116.90814485704001,35.1084678194896,4.365327254694456,-0.7715744402529883,-9.9948663052499,-3.368306851948935e-14
116.9413605317608,35.09429709553443,4.374256450182178,-0.7690283326495135,-9.983304219013649,-5.0524602779234026e-14
116.974555672907,35.08010320969141,4.38323833282253,-0.7664822331985015,-9.971762018422403,-3.368306851948935e-14
117.00772970253045,35.06588528594875,4.3922746291903225,-0.7639354552634676,-9.960233177029913,-6.73661370389787e-14
117.04088204169868,35.051642448907494,4.401367065860363,-0.7613873037450243,-9.94871116920191,-3.368306851948935e-14
117.07401211050129,35.03737382378095,4.410517369407462,-0.7588370751039428,-9.937189470121044,-1.6841534259744676e-14
117.10711932805656,35.023078536394,4.419727266406426,-0.7562840573849912,-9.925661555791672,-5.0524602779234026e-14
117.14020311251798,35.0087557131824,4.428998483432067,-0.7537275302415352,-9.914120903044537,-5.0524602779234026e-14
117.17326288108099,34.99440448119216,4.438332747059189,-0.7511667649608946,-9.902560989541321,0.0
117.20629804998975,34.980023968078726,4.447731783862605,-0.7486010244904469,-9.890975293779062,-3.368306851948935e-14
117.23930803454431,34.96561330210621,4.457197320417119,-0.7460295634645442,-9.879357295094472,-1.6841534259744676e-14
117.27229224910734,34.951171612146624,4.466731083297546,-0.7434516282321035,-9.867700473668078,-5.0524602779234026e-14
117.30525010711156,34.93669802767898,4.476334799078689,-0.7408664568850372,-9.855998310528298,-3.368306851948935e-14
117.33818102106696,34.92219167878847,4.486010194335358,-0.7382732792874069,-9.844244287555323,0.0
117.37108440256803,34.90765169616552,4.495758995642362,-0.7356713171053222,-9.832431887484905,-1.6841534259744676e-14
117.40395966230146,34.893077211104874,4.505582929574511,-0.7330597838376345,-9.820554593911988,0.0
117.43680621005366,34.87846735550457,4.5154837227066125,-0.7304378848473547,-9.808605891294228,-1.6841534259744676e-14
117.46962345471844,34.86382126186497,4.525463101613474,-0.727804817393852,-9.796579264955342,-3.368306851948935e-14
117.50241080430483,34.84913806328773,4.535522792869906,-0.7251597706657802,-9.784468201088352,-5.0524602779234026e-14
117.5351676659451,34.83441689347466,4.545664523050716,-0.7225019258147973,-9.772266186758657,-1.6841534259744676e-14
117.56789344590266,34.819656886726705,4.555890018730713,-0.7198304559899991,-9.759966709906994,-3.368306851948935e-14
117.60058754958033,34.80485717794267,4.566201006484706,-0.717144526373144,-9.74756325935222,0.0
117.63324938152851,34.7900169026182,4.576599212887501,-0.7144432942145904,-9.735049324793993,-1.6841534259744676e-14
117.66587834545352,34.775135196844396,4.587086364513912,-0.7117259088700241,-9.722418396815264,-1.6841534259744676e-14
117.69847384422607,34.76021119730669,4.597664187938744,-0.7089915118379,-9.709663966884646,-3.368306851948935e-14
117.73103527988991,34.74524404128353,4.608334409736804,-0.7062392367976673,-9.696779527358643,-3.368306851948935e-14
117.76356205367036,34.73023286664504,4.619098756482904,-0.7034682096487144,-9.683758571483676,-3.368306851948935e-14
117.7960535659831,34.71517681185167,4.629958954751853,-0.7006775485500694,-9.670594593398047,1.6841534259744676e-14
117.82850921644324,34.700075015952855,4.640916731118456,-0.6978663639608553,-9.657281088133656,-1.6841534259744676e-14
117.86092840387396,34.68492661858554,4.651973812157523,-0.695033758681463,-9.643811551617642,-5.0524602779234026e-14
117.89331052631587,34.66973075997275,4.6631319244438645,-0.6921788278954992,-9.6301794806738,0.0
