galstreams/tracks/track.st.Gaia-8.ibata2024.ecsv
# %ECSV 1.0
# ---
# datatype:
# - {name: ra, unit: deg, datatype: float64}
# - {name: dec, unit: deg, datatype: float64}
# - {name: distance, unit: kpc, datatype: float64}
# - {name: pm_ra_cosdec, unit: mas / yr, datatype: float64}
# - {name: pm_dec, unit: mas / yr, datatype: float64}
# - {name: radial_velocity, unit: km / s, datatype: float64}
# delimiter: ','
# meta: !!omap
# - __serialized_columns__:
#     dec:
#       __class__: astropy.coordinates.angles.Latitude
#       unit: &id001 !astropy.units.Unit {unit: deg}
#       value: !astropy.table.SerializedColumn {name: dec}
#     distance:
#       __class__: astropy.coordinates.distances.Distance
#       unit: !astropy.units.Unit {unit: kpc}
#       value: !astropy.table.SerializedColumn {name: distance}
#     pm_dec:
#       __class__: astropy.units.quantity.Quantity
#       unit: !astropy.units.Unit {unit: mas / yr}
#       value: !astropy.table.SerializedColumn {name: pm_dec}
#     pm_ra_cosdec:
#       __class__: astropy.units.quantity.Quantity
#       unit: !astropy.units.Unit {unit: mas / yr}
#       value: !astropy.table.SerializedColumn {name: pm_ra_cosdec}
#     ra:
#       __class__: astropy.coordinates.angles.Longitude
#       unit: *id001
#       value: !astropy.table.SerializedColumn {name: ra}
#       wrap_angle: !astropy.coordinates.Angle
#         unit: *id001
#         value: 360.0
#     radial_velocity:
#       __class__: astropy.units.quantity.Quantity
#       unit: !astropy.units.Unit {unit: km / s}
#       value: !astropy.table.SerializedColumn {name: radial_velocity}
# schema: astropy-2.0
ra,dec,distance,pm_ra_cosdec,pm_dec,radial_velocity
[from data line 2554]
190.52167035604117,-20.312839689675545,0.9999999999999996,-9.456552956469778,-8.470406640327578,137.86737428877518
190.53010702336888,-20.306715376863576,0.9999999999999997,-9.456988566041419,-8.470791265521365,137.8110590202669
190.53854379000123,-20.300591545834244,0.9999999999999997,-9.45742387967655,-8.471175552409719,137.754742010443
190.54698065675223,-20.29446819725809,0.9999999999999996,-9.457858897114075,-8.471559500962387,137.69842324517774
190.55541762443585,-20.288345331805605,0.9999999999999997,-9.458293618092911,-8.471943111149052,137.6421027103458
190.56385469386606,-20.282222950147172,0.9999999999999996,-9.458728042351979,-8.472326382939343,137.58578039182137
190.57229186585684,-20.276101052953113,0.9999999999999997,-9.459162169630215,-8.472709316302799,137.52945627547916
190.5807291412221,-20.26997964089367,0.9999999999999996,-9.459595999666583,-8.473091911208913,137.47313034719335
190.5891665207757,-20.263858714639024,0.9999999999999998,-9.460029532200034,-8.473474167627097,137.41680259283868
190.59760400533168,-20.257738274859268,0.9999999999999996,-9.460462766969567,-8.4738560855267,137.3604729982893
190.6060415957038,-20.25161832222443,0.9999999999999997,-9.460895703714154,-8.474237664876991,137.30414154941994
190.614479292706,-20.24549885740445,0.9999999999999997,-9.461328342172823,-8.474618905647205,137.2478082321049
190.6229170971521,-20.239379881069205,0.9999999999999997,-9.461760682084584,-8.474999807806464,137.1914730322186
190.63135500985598,-20.233261393888494,0.9999999999999997,-9.462192723188462,-8.475380371323855,137.1351359356356
190.6397930316314,-20.227143396532043,0.9999999999999997,-9.462624465223518,-8.475760596168382,137.07879692823022
190.64823116329222,-20.2210258896695,0.9999999999999997,-9.463055907928812,-8.476140482309,137.022455995877
190.6566694056522,-20.21490887397044,0.9999999999999997,-9.46348705104341,-8.476520029714573,136.96611312445043
190.6651077595251,-20.208792350104364,0.9999999999999996,-9.463917894306404,-8.476899238353903,136.90976829982486
190.67354622572472,-20.202676318740707,0.9999999999999999,-9.464348437456884,-8.477278108195737,136.85342150787483
190.6819848050648,-20.19656078054882,0.9999999999999994,-9.464778680233989,-8.477656639208744,136.79707273447474
190.690423498359,-20.19044573619798,0.9999999999999997,-9.465208622376828,-8.478034831361525,136.74072196549903
190.69886230642106,-20.1843311863574,0.9999999999999996,-9.465638263624557,-8.478412684622626,136.68436918682218
190.70730123006473,-20.178217131696204,0.9999999999999996,-9.466067603716319,-8.478790198960503,136.62801438431862
190.7157402701036,-20.17210357288346,0.9999999999999997,-9.466496642391286,-8.47916737434357,136.57165754386278
190.72417942735137,-20.16599051058816,0.9999999999999997,-9.466925379388652,-8.479544210740157,136.5152986513292
190.73261870262166,-20.159877945479195,0.9999999999999997,-9.467353814447602,-8.479920708118525,136.45893769259226
190.74105809672812,-20.153765878225435,0.9999999999999996,-9.467781947307351,-8.480296866446881,136.40257465352636
190.74949761048435,-20.14765430949562,0.9999999999999997,-9.468209777707116,-8.48067268569336,136.34620952000606
190.75793724470392,-20.14154323995845,0.9999999999999997,-9.468637305386132,-8.48104816582602,136.28984227790576
190.76637700020044,-20.135432670282565,0.9999999999999997,-9.469064530083678,-8.481423306812864,136.2334729130999
190.77481687778746,-20.129322601136483,0.9999999999999997,-9.469491451538978,-8.481798108621824,136.17710141146293
190.78325687827848,-20.1232130331887,1.0,-9.469918069491342,-8.482172571220753,136.12072775886938
190.7916970024871,-20.11710396710761,0.9999999999999997,-9.470344383680054,-8.48254669457746,136.0643519411935
190.80013725122677,-20.110995403561546,0.9999999999999999,-9.47077039384441,-8.482920478659672,136.00797394431004
190.80857762531102,-20.104887343218767,0.9999999999999997,-9.471196099723745,-8.48329392343505,135.95159375409318
190.81701812555326,-20.098779786747446,0.9999999999999998,-9.471621501057374,-8.483667028871183,135.89521135641752
190.82545875276702,-20.09267273481571,0.9999999999999996,-9.472046597584661,-8.484039794935612,135.83882673715746
190.83389950776578,-20.086566188091584,0.9999999999999997,-9.47247138904497,-8.484412221595793,135.7824398821874
190.84234039136282,-20.080460147243056,0.9999999999999997,-9.472895875177652,-8.484784308819117,135.72605077738191
190.8507814043717,-20.074354612938002,0.9999999999999998,-9.473320055722128,-8.485156056572913,135.6696594086154
190.85922254760573,-20.068249585844256,0.9999999999999997,-9.473743930417772,-8.485527464824443,135.61326576176225
190.86766382187832,-20.06214506662957,0.9999999999999998,-9.474167499004025,-8.485898533540901,135.55686982269697
190.87610522800279,-20.056041055961618,0.9999999999999999,-9.474590761220297,-8.486269262689413,135.50047157729398
190.8845467667925,-20.04993755450802,0.9999999999999998,-9.475013716806037,-8.486639652237036,135.44407101142775
190.89298843906082,-20.0438345629363,0.9999999999999998,-9.475436365500704,-8.487009702150772,135.38766811097275
190.901430245621,-20.037732081913934,0.9999999999999998,-9.475858707043777,-8.487379412397535,135.33126286180342
190.90987218728637,-20.031630112108314,0.9999999999999997,-9.47628074117474,-8.487748782944195,135.27485524979414
190.91831426487016,-20.025528654186754,0.9999999999999998,-9.476702467633078,-8.488117813757539,135.21844526081952
190.9267564791857,-20.01942770881652,0.9999999999999996,-9.477123886158335,-8.488486504804298,135.16203288075383
190.93519883104616,-20.01332727666478,0.9999999999999997,-9.47754499649,-8.488854856051118,135.10561809547164
190.94364132126483,-20.007227358398644,0.9999999999999998,-9.477965798367645,-8.489222867464616,135.04920089084732
190.95208395065484,-20.00112795468516,0.9999999999999998,-9.478386291530802,-8.489590539011298,134.99278125275544
190.96052672002946,-19.995029066191293,0.9999999999999996,-9.478806475719066,-8.489957870657625,134.93635916707032
190.96896963020183,-19.988930693583928,0.9999999999999997,-9.479226350671997,-8.490324862370004,134.87993461966644
190.97741268198507,-19.9828328375299,0.9999999999999999,-9.479645916129195,-8.49069151411475,134.82350759641835
190.98585587619237,-19.976735498695973,0.9999999999999998,-9.48006517183029,-8.491057825858125,134.7670780832004
190.99429921363688,-19.970638677748816,0.9999999999999997,-9.480484117514894,-8.491423797566322,134.71064606588703
191.00274269513162,-19.96454237535505,0.9999999999999997,-9.48090275292264,-8.491789429205474,134.65421153035277
191.01118632148976,-19.958446592181215,0.9999999999999997,-9.481321077793195,-8.49215472074164,134.597774462472
191.0196300935243,-19.952351328893794,0.9999999999999997,-9.481739091866213,-8.492519672140807,134.54133484811916
191.0280740120484,-19.946256586159187,0.9999999999999997,-9.482156794881387,-8.492884283368907,134.4848926731688
191.036518077875,-19.940162364643722,0.9999999999999998,-9.482574186578404,-8.493248554391805,134.42844792349533
191.04496229181714,-19.934068665013676,0.9999999999999997,-9.482991266696978,-8.493612485175287,134.3720005849731
191.05340665468788,-19.927975487935225,0.9999999999999997,-9.483408034976836,-8.4939760756851,134.3155506434767
191.06185116730015,-19.921882834074502,0.9999999999999999,-9.483824491157703,-8.494339325886886,134.2590980848805
191.0702958304669,-19.915790704097567,0.9999999999999998,-9.48424063497934,-8.494702235746267,134.20264289505894
191.07874064500118,-19.909699098670394,0.9999999999999997,-9.48465646618151,-8.495064805228749,134.14618505988653
191.08718561171582,-19.90360801845891,0.9999999999999997,-9.485071984504,-8.495427034299803,134.08972456523773
191.09563073142382,-19.89751746412895,0.9999999999999997,-9.48548718968659,-8.49578892292483,134.03326139698686
191.10407600493807,-19.891427436346294,0.9999999999999999,-9.485902081469103,-8.49615047106916,133.97679554100858
191.11252143307138,-19.885337935776658,0.9999999999999997,-9.486316659591347,-8.496511678698063,133.92032698317712
191.12096701663668,-19.87924896308567,0.9999999999999999,-9.486730923793164,-8.49687254577674,133.8638557093671
191.12941275644684,-19.873160518938896,0.9999999999999998,-9.487144873814415,-8.497233072270312,133.80738170545285
191.13785865331465,-19.867072604001844,0.9999999999999997,-9.487558509394947,-8.497593258143871,133.75090495730893
191.14630470805295,-19.86098521893995,0.9999999999999997,-9.487971830274656,-8.49795310336239,133.69442545080972
191.15475092147452,-19.85489836441857,0.9999999999999997,-9.488384836193418,-8.498312607890822,133.63794317182965
191.16319729439215,-19.848812041102985,0.9999999999999997,-9.488797526891151,-8.498671771694038,133.58145810624325
191.17164382761862,-19.842726249658444,0.9999999999999998,-9.489209902107781,-8.499030594736839,133.5249702399249
191.18009052196663,-19.836640990750098,0.9999999999999999,-9.489621961583225,-8.499389076983958,133.46847955874907
191.188537378249,-19.830556265043022,0.9999999999999998,-9.490033705057463,-8.499747218400078,133.41198604859022
191.19698439727833,-19.824472073202248,0.9999999999999999,-9.49044513227042,-8.500105018949796,133.35548969532283
191.2054315798674,-19.818388415892723,0.9999999999999998,-9.490856242962113,-8.500462478597665,133.2989904848213
191.21387892682884,-19.812305293779332,0.9999999999999999,-9.491267036872507,-8.500819597308148,133.2424884029601
191.22232643897533,-19.8062227075269,0.9999999999999996,-9.491677513741624,-8.501176375045656,133.18598343561368
191.23077411711952,-19.800140657800156,0.9999999999999998,-9.49208767330948,-8.501532811774545,133.12947556865646
191.23922196207403,-19.794059145263798,0.9999999999999998,-9.492497515316114,-8.501888907459074,133.07296478796295
191.24766997465142,-19.787978170582427,0.9999999999999998,-9.492907039501565,-8.502244662063472,133.01645107940757
191.25611815566435,-19.781897734420593,0.9999999999999997,-9.49331624560591,-8.502600075551879,132.95993442886478
191.2645665059254,-19.775817837442776,0.9999999999999997,-9.493725133369225,-8.502955147888375,132.90341482220904
191.27301502624707,-19.769738480313364,0.9999999999999999,-9.494133702531592,-8.503309879036983,132.8468922453147
191.2814637174419,-19.763659663696732,0.9999999999999997,-9.494541952833135,-8.503664268961654,132.79036668405638
191.28991258032244,-19.757581388257137,0.9999999999999998,-9.494949884013955,-8.504018317626262,132.73383812430848
191.2983616157012,-19.75150365465878,0.9999999999999998,-9.495357495814206,-8.504372024994634,132.67730655194526
191.30681082439065,-19.745426463565817,0.9999999999999999,-9.495764787974029,-8.504725391030526,132.62077195284144
191.3152602072033,-19.739349815642314,0.9999999999999999,-9.4961717602336,-8.505078415697621,132.5642343128713
191.32370976495147,-19.73327371155228,0.9999999999999997,-9.496578412333077,-8.505431098959548,132.50769361790938
191.33215949844777,-19.727198151959655,0.9999999999999997,-9.496984744012678,-8.505783440779865,132.45114985383006
191.3406094085045,-19.721123137528295,0.9999999999999998,-9.497390755012582,-8.506135441122058,132.39460300650788
191.34905949593406,-19.715048668922037,0.9999999999999998,-9.497796445073039,-8.506487099949569,132.33805306181725
191.3575097615489,-19.7089747468046,0.9999999999999997,-9.498201813934262,-8.506838417225737,132.28150000563255
191.36596020616133,-19.702901371839666,0.9999999999999997,-9.498606861336526,-8.50718939291388,132.2249438238283
191.37441083058368,-19.696828544690838,0.9999999999999997,-9.499011587020068,-8.507540026977226,132.16838450227897
191.38286163562833,-19.690756266021655,0.9999999999999998,-9.499415990725193,-8.507890319378939,132.11182202685896
191.39131262210756,-19.684684536495595,0.9999999999999999,-9.499820072192186,-8.50824027008212,132.05525638344267
191.39976379083365,-19.67861335677607,0.9999999999999999,-9.50022383116135,-8.508589879049802,131.99868755790476
191.4082151426189,-19.672542727526412,0.9999999999999998,-9.500627267373012,-8.508939146244968,131.94211553611945
191.41666667827556,-19.66647264940991,0.9999999999999998,-9.501030380567514,-8.509288071630516,131.88554030396128
191.4251183986159,-19.66040312308977,0.9999999999999996,-9.50143317048521,-8.509636655169295,131.82896184730473
191.43357030445205,-19.654334149229125,0.9999999999999998,-9.50183563686644,-8.509984896824065,131.77238015202423
191.44202239659631,-19.648265728491076,0.9999999999999998,-9.502237779451628,-8.510332796557563,131.7157952039942
191.45047467586082,-19.64219786153862,0.9999999999999999,-9.50263959798113,-8.51068035433241,131.6592069890891
191.45892714305776,-19.636130549034714,0.9999999999999999,-9.503041092195394,-8.51102757011121,131.60261549318344
191.46737979899927,-19.63006379164224,0.9999999999999997,-9.503442261834806,-8.511374443856468,131.54602070215157
191.47583264449747,-19.623997590024015,0.9999999999999998,-9.503843106639827,-8.51172097553064,131.48942260186803
191.4842856803645,-19.617931944842788,0.9999999999999999,-9.504243626350902,-8.512067165096113,131.43282117820726
191.4927389074125,-19.611866856761253,0.9999999999999998,-9.50464382070852,-8.512413012515204,131.37621641704362
191.50119232645343,-19.60580232644203,0.9999999999999998,-9.505043689453132,-8.512758517750182,131.31960830425166
191.50964593829946,-19.599738354547675,0.9999999999999999,-9.50544323232525,-8.513103680763235,131.26299682570584
191.51809974376258,-19.59367494174069,0.9999999999999997,-9.50584244906539,-8.51344850151649,131.2063819672805
191.52655374365483,-19.58761208868349,0.9999999999999999,-9.506241339414078,-8.513792979972013,131.1497637148502
191.53500793878823,-19.58154979603844,0.9999999999999996,-9.506639903111854,-8.514137116091806,131.09314205428925
191.54346232997474,-19.575488064467855,0.9999999999999999,-9.507038139899265,-8.514480909837797,131.0365169714723
191.55191691802634,-19.569426894633956,0.9999999999999998,-9.507436049516887,-8.514824361171868,130.97988845227368
191.56037170375498,-19.563366287198914,0.9999999999999996,-9.507833631705306,-8.515167470055813,130.92325648256787
191.5688266879726,-19.55730624282484,0.9999999999999996,-9.508230886205112,-8.515510236451384,130.86662104822932
191.57728187149118,-19.55124676217377,0.9999999999999998,-9.508627812756941,-8.515852660320249,130.80998213513243
191.5857372551225,-19.545187845907694,0.9999999999999998,-9.509024411101397,-8.51619474162403,130.75333972915175
191.59419283967853,-19.53912949468851,0.9999999999999998,-9.50942068097914,-8.516536480324266,130.69669381616163
191.6026486259711,-19.533071709178078,0.9999999999999998,-9.509816622130817,-8.516877876382445,130.64004438203656
191.61110461481206,-19.527014490038187,0.9999999999999999,-9.510212234297107,-8.517218929759988,130.583391412651
191.61956080701327,-19.520957837930556,0.9999999999999998,-9.510607517218698,-8.517559640418252,130.52673489387936
191.6280172033865,-19.51490175351685,0.9999999999999999,-9.51100247063629,-8.517900008318524,130.47007481159616
191.6364738047435,-19.508846237458652,0.9999999999999998,-9.511397094290592,-8.518240033422034,130.41341115167586
191.64493061189614,-19.502791290417502,0.9999999999999997,-9.51179138792235,-8.518579715689938,130.35674389999275
191.6533876256561,-19.496736913054868,0.9999999999999998,-9.512185351272294,-8.518919055083348,130.30007304242147
191.66184484683518,-19.490683106032165,0.9999999999999998,-9.512578984081195,-8.519258051563282,130.24339856483638
191.67030227624502,-19.48462987001072,0.9999999999999997,-9.512972286089816,-8.519596705090727,130.18672045311197
191.6787599146974,-19.47857720565183,0.9999999999999997,-9.513365257038968,-8.519935015626572,130.13003869312266
191.68721776300396,-19.472525113616694,0.9999999999999998,-9.51375789666944,-8.520272983131672,130.07335327074284
191.69567582197635,-19.46647359456648,0.9999999999999999,-9.514150204722055,-8.5206106075668,130.01666417184717
