galstreams/tracks/track.st.C-5.ibata2021.ecsv
# %ECSV 0.9
# ---
# datatype:
# - {name: ra, unit: deg, datatype: float64}
# - {name: dec, unit: deg, datatype: float64}
# - {name: distance, unit: kpc, datatype: float64}
# - {name: pm_ra_cosdec, unit: mas / yr, datatype: float64}
# - {name: pm_dec, unit: mas / yr, datatype: float64}
# - {name: radial_velocity, unit: km / s, datatype: float64}
# delimiter: ','
# meta: !!omap
# - __serialized_columns__:
#     dec:
#       __class__: astropy.coordinates.angles.Latitude
#       unit: &id001 !astropy.units.Unit {unit: deg}
#       value: !astropy.table.SerializedColumn {name: dec}
#     distance:
#       __class__: astropy.coordinates.distances.Distance
#       unit: !astropy.units.Unit {unit: kpc}
#       value: !astropy.table.SerializedColumn {name: distance}
#     pm_dec:
#       __class__: astropy.units.quantity.Quantity
#       unit: !astropy.units.Unit {unit: mas / yr}
#       value: !astropy.table.SerializedColumn {name: pm_dec}
#     pm_ra_cosdec:
#       __class__: astropy.units.quantity.Quantity
#       unit: !astropy.units.Unit {unit: mas / yr}
#       value: !astropy.table.SerializedColumn {name: pm_ra_cosdec}
#     ra:
#       __class__: astropy.coordinates.angles.Longitude
#       unit: *id001
#       value: !astropy.table.SerializedColumn {name: ra}
#       wrap_angle: !astropy.coordinates.Angle
#         unit: *id001
#         value: 360.0
#     radial_velocity:
#       __class__: astropy.units.quantity.Quantity
#       unit: !astropy.units.Unit {unit: km / s}
#       value: !astropy.table.SerializedColumn {name: radial_velocity}
# schema: astropy-2.0
ra,dec,distance,pm_ra_cosdec,pm_dec,radial_velocity
[from data line 274]
116.32036133182505,35.355203937626186,4.214842380760352,-0.817109273268762,-10.208768644836786,-3.368306851948935e-14
116.33128582048235,35.350667840371635,4.217542597465788,-0.8162436798592323,-10.204517982066436,-1.6841534259744676e-14
116.34220922944063,35.346130994539095,4.220245061187649,-0.8153792624685194,-10.200282151906023,-3.368306851948935e-14
116.35313153930602,35.34159336931541,4.222949831871237,-0.814516002842461,-10.196060927273567,-3.368306851948935e-14
116.36405273067231,35.33705493389439,4.225656969461845,-0.8136538826276991,-10.191854081094995,-5.0524602779234026e-14
116.37497278412113,35.33251565747689,4.228366533904773,-0.8127928833717408,-10.187661386304157,-3.368306851948935e-14
116.38589168022175,35.32797550927075,4.231078585145321,-0.8119329865229663,-10.183482615842877,-3.368306851948935e-14
116.39680939953126,35.3234344584908,4.233793183128783,-0.8110741734306768,-10.179317542660952,0.0
116.40772592259451,35.31889247435895,4.236510387800462,-0.8102164253451107,-10.17516593971618,-5.0524602779234026e-14
116.41864122994428,35.314349526103975,4.239230259105652,-0.8093597234175176,-10.171027579974412,-3.368306851948935e-14
116.429555302101,35.30980558296175,4.241952856989653,-0.8085040487001365,-10.166902236409543,-1.6841534259744676e-14
116.44046811957301,35.30526061417517,4.244678241397764,-0.80764938214628,-10.162789682003552,-1.6841534259744676e-14
116.4513796628565,35.30071458899406,4.247406472275281,-0.8067957046103522,-10.158689689746545,-1.6841534259744676e-14
116.46228991243552,35.29616747667532,4.2501376095675045,-0.8059429968478871,-10.15460203263673,-1.6841534259744676e-14
116.47319884878196,35.291619246482796,4.25287171321973,-0.8050912395155838,-10.150526483680505,0.0
116.48410645235575,35.28706986768737,4.255608843177257,-0.8042404131713679,-10.146462815892423,-3.368306851948935e-14
116.49501270360454,35.282519309566915,4.258349059385384,-0.8033904982744018,-10.142410802295263,-5.0524602779234026e-14
116.50591758296412,35.27796754140629,4.261092421789409,-0.8025414751851585,-10.138370215920025,-6.73661370389787e-14
116.51682107085803,35.273414532497384,4.263838990334629,-0.8016933241654312,-10.134340829805968,-3.368306851948935e-14
116.52772314769794,35.26886025213907,4.266588824966343,-0.8008460253784111,-10.130322417000627,-6.73661370389787e-14
116.53862379388345,35.264304669637205,4.269341985629848,-0.7999995588887012,-10.126314750559848,-1.6841534259744676e-14
116.54952298980213,35.25974775430468,4.272098532270444,-0.7991539046623868,-10.122317603547794,-3.368306851948935e-14
116.56042071582961,35.255189475461364,4.274858524833428,-0.7983090425670694,-10.118330749036982,-1.6841534259744676e-14
116.57131695232961,35.25062980243413,4.277622023264098,-0.7974649523719135,-10.114353960108303,-6.73661370389787e-14
116.58221167965378,35.24606870455683,4.280389087507752,-0.7966216137477009,-10.110387009851054,-3.368306851948935e-14
116.59310487814197,35.24150615117034,4.283159777509689,-0.7957790062668726,-10.106429671362935,-3.368306851948935e-14
116.60399652812207,35.23694211162251,4.285934153215206,-0.7949371094035922,-10.10248171775011,-6.73661370389787e-14
116.61488660991007,35.23237655526818,4.288712274569603,-0.7940959025337782,-10.09854292212719,0.0
116.62577510381013,35.22780945146923,4.2914942015181765,-0.7932553649351761,-10.094613057617293,-5.0524602779234026e-14
116.63666199011456,35.22324076959447,4.294279994006224,-0.7924154757873958,-10.090691897352045,-5.0524602779234026e-14
116.64754724910378,35.218670479019735,4.297069711979045,-0.7915762141719695,-10.086779214471612,-3.368306851948935e-14
116.6584308610465,35.21409854912785,4.299863415381938,-0.7907375590724186,-10.082874782124698,-1.6841534259744676e-14
116.66931280619951,35.20952494930864,4.302661164160198,-0.7898994893742832,-10.078978373468615,-1.6841534259744676e-14
116.680193064808,35.20494964895887,4.305463018259127,-0.7890619838652124,-10.075089761669263,-3.368306851948935e-14
116.69107161710522,35.20037261748237,4.3082690376240205,-0.7882250212349897,-10.071208719901168,-1.6841534259744676e-14
116.70194844331282,35.195793824289886,4.311079282200179,-0.7873885800756213,-10.067335021347512,-1.6841534259744676e-14
116.71282352364071,35.19121323879919,4.313893811932898,-0.7865526388813642,-10.063468439200136,-5.0524602779234026e-14
116.72369683828701,35.186630830435014,4.316712686767477,-0.7857171760488109,-10.05960874665958,0.0
116.73456836743836,35.18204656862911,4.319535966649215,-0.7848821698769455,-10.055755716935094,-5.0524602779234026e-14
116.74543809126955,35.177460422820175,4.322363711523409,-0.7840475985671966,-10.05190912324466,-3.368306851948935e-14
116.75630598994384,35.172872362453894,4.325195981335354,-0.7832134402235098,-10.048068738815028,-6.73661370389787e-14
116.76717204361283,35.16828235698292,4.328032836030355,-0.7823796728524071,-10.044234336881708,-1.6841534259744676e-14
116.77803623241662,35.163690375866935,4.330874335553704,-0.7815462743630572,-10.040405690689028,-3.368306851948935e-14
116.7888985364836,35.15909638857254,4.333720539850702,-0.7807132225673279,-10.036582573490112,-1.6841534259744676e-14
116.79975893593075,35.15450036457334,4.336571508866647,-0.7798804951798772,-10.032764758546953,-1.6841534259744676e-14
116.81061741086343,35.14990227334991,4.339427302546836,-0.7790480698181939,-10.028952019130385,-3.368306851948935e-14
116.82147394137549,35.14530208438977,4.342287980836568,-0.7782159240026809,-10.025144128520132,0.0
116.83232850754936,35.14069976718745,4.3451536036811405,-0.7773840351567256,-10.02134086000482,-3.368306851948935e-14
116.84318108945594,35.136095291244445,4.348024231025854,-0.7765523806067653,-10.017541986881994,-1.6841534259744676e-14
116.85403166715471,35.13148862606918,4.350899922816003,-0.775720937582361,-10.013747282458159,-5.0524602779234026e-14
116.86488022069375,35.12687974117707,4.353780738996886,-0.7748896832162651,-10.009956520048759,-1.6841534259744676e-14
116.87572673010969,35.1222686060905,4.356666739513805,-0.7740585945445031,-10.00616947297824,-1.6841534259744676e-14
116.88657117542786,35.117655190338816,4.359557984312053,-0.7732276485064464,-10.00238591458005,-5.0524602779234026e-14
116.8974135366621,35.11303946345829,4.3624545333369324,-0.7723968219448689,-9.998605618196649,-1.6841534259744676e-14
116.90825379381506,35.108421394992206,4.365356446533738,-0.7715660916060583,-9.994828357179557,-3.368306851948935e-14
116.91909192687804,35.10380095449077,4.368263783847771,-0.7707354341398553,-9.991053904889341,-3.368306851948935e-14
116.92992791583097,35.09917811151113,4.371176605224328,-0.7699048260997607,-9.98728203469566,-5.0524602779234026e-14
116.94076174064257,35.09455283561741,4.374094970608705,-0.7690742439429885,-9.983512519977268,0.0
116.95159338127038,35.08992509638069,4.377018939946202,-0.7682436640305814,-9.979745134122048,1.6841534259744676e-14
116.9624228176606,35.08529486337898,4.379948573182119,-0.7674130626274431,-9.975979650527009,0.0
116.97325002974834,35.08066210619725,4.382883930261753,-0.7665824159024661,-9.972215842598326,-8.420767129872338e-14
116.98407499745743,35.07602679442739,4.385825071130398,-0.7657516999285792,-9.96845348375135,-1.6841534259744676e-14
116.99489770070062,35.07138889766826,4.388772055733359,-0.7649208906828562,-9.964692347410631,-3.368306851948935e-14
117.00571811937954,35.066748385525635,4.3917249440159285,-0.7640899640465837,-9.960932207009924,-1.6841534259744676e-14
117.01653623338468,35.06210522761225,4.394683795923408,-0.7632588958053566,-9.957172835992214,-5.0524602779234026e-14
117.02735202259547,35.05745939354777,4.397648671401094,-0.7624276616491465,-9.953414007809748,-5.0524602779234026e-14
117.03816546688023,35.05281085295877,4.400619630394285,-0.7615962371724145,-9.949655495924027,-3.368306851948935e-14
117.04897654609633,35.04815957547878,4.403596732848278,-0.7607645978741822,-9.945897073805849,-3.368306851948935e-14
117.05978524009008,35.043505530748234,4.406580038708373,-0.7599327191581233,-9.942138514935307,0.0
117.07059152869682,35.03884868841454,4.4095696079198685,-0.759100576332653,-9.938379592801812,-5.0524602779234026e-14
117.08139539174094,35.034189018131976,4.41256550042806,-0.7582681446110242,-9.934620080904125,-1.6841534259744676e-14
117.09219680903588,35.02952648956175,4.415567776178247,-0.75743539911141,-9.930859752750347,-1.6841534259744676e-14
117.10299576038416,35.024861072372026,4.418576495115729,-0.7566023148570016,-9.927098381857963,-5.0524602779234026e-14
117.11379222557746,35.020192736237824,4.421591717185802,-0.7557688667761053,-9.923335741753839,1.6841534259744676e-14
117.1245861843965,35.015521450841135,4.424613502333763,-0.7549350297022244,-9.919571605974244,-5.0524602779234026e-14
117.1353776166113,35.0108471858708,4.427641910504914,-0.7541007783741711,-9.91580574806488,-5.0524602779234026e-14
117.14616650198093,35.006169911022624,4.4306770016445505,-0.753266087436151,-9.91203794158088,1.6841534259744676e-14
117.1569528202538,35.00148959599929,4.433718835697971,-0.7524309314378563,-9.908267960086828,0.0
117.16773655116748,34.99680621051038,4.436767472610476,-0.7515952848345813,-9.904495577156787,0.0
117.17851767444884,34.99211972427237,4.439822972327358,-0.7507591219873058,-9.900720566374309,0.0
117.18929616981399,34.98743010700864,4.442885394793921,-0.7499224171627961,-9.896942701332431,-1.6841534259744676e-14
117.20007201696848,34.98273732844949,4.445954799955459,-0.749085144533717,-9.893161755633733,-3.368306851948935e-14
117.21084519560704,34.97804135833206,4.449031247757272,-0.7482472781787188,-9.889377502890309,-1.6841534259744676e-14
117.2216156854139,34.97334216640039,4.452114798144659,-0.7474087920825505,-9.885589716723802,-3.368306851948935e-14
117.2323834660626,34.96863972240543,4.455205511062917,-0.7465696601361571,-9.881798170765434,-1.6841534259744676e-14
117.24314851721617,34.96393399610499,4.458303446457342,-0.7457298561367898,-9.878002638656003,-3.368306851948935e-14
117.25391081852702,34.95922495726377,4.461408664273236,-0.7448893537880994,-9.874202894045885,-1.6841534259744676e-14
117.2646703496371,34.954512575653325,4.464521224455894,-0.7440481267002625,-9.870398710595083,-1.6841534259744676e-14
117.27542709017786,34.9497968210521,4.467641186950619,-0.7432061483900732,-9.86658986197321,-1.6841534259744676e-14
117.2861810197702,34.94507766324539,4.470768611702701,-0.7423633922810511,-9.86277612185954,0.0
117.29693211802464,34.94035507202537,4.473903558657444,-0.7415198317035547,-9.858957263942965,-1.6841534259744676e-14
117.3076803645413,34.935629017191076,4.477046087760146,-0.7406754398948971,-9.85513306192206,1.6841534259744676e-14
117.31842573890987,34.930899468548404,4.480196258956103,-0.7398301899994413,-9.851303289505093,-1.6841534259744676e-14
117.32916822070968,34.92616639591009,4.483354132190614,-0.7389840550687277,-9.847467720410007,-5.0524602779234026e-14
117.33990778950974,34.92142976909571,4.486519767408977,-0.7381370080615781,-9.843626128364457,0.0
117.35064442486878,34.91668955793173,4.489693224556489,-0.7372890218442119,-9.839778287105823,-1.6841534259744676e-14
117.36137810633518,34.91194573225143,4.492874563578451,-0.7364400691903561,-9.835923970381211,-3.368306851948935e-14
117.37210881344713,34.90719826189494,4.496063844420158,-0.7355901227813664,-9.832062951947488,-3.368306851948935e-14
117.38283652573259,34.90244711670921,4.4992611270269105,-0.7347391552063436,-9.828195005571262,1.6841534259744676e-14
117.39356122270927,34.89769226654806,4.502466471344007,-0.7338871389622461,-9.82431990502893,-3.368306851948935e-14
117.40428288388478,34.892933681272105,4.505679937316742,-0.7330340464540097,-9.820437424106666,0.0
117.4150014887566,34.8881713307488,4.508901584890417,-0.7321798499946712,-9.816547336600449,0.0
117.42571701681204,34.88340518485241,4.512131474010328,-0.7313245218054789,-9.81264941631606,-3.368306851948935e-14
117.43642944752837,34.87863521346403,4.515369664621775,-0.730468034016023,-9.808743437069102,-1.6841534259744676e-14
117.44713876037277,34.87386138647158,4.518616216670053,-0.7296103586643519,-9.804829172685025,-3.368306851948935e-14
117.45784493480247,34.869083673769765,4.521871190100465,-0.728751467697093,-9.800906396999107,-3.368306851948935e-14
117.46854795026465,34.864302045260125,4.525134644858305,-0.7278913329695889,-9.796974883856493,-1.6841534259744676e-14
117.47924778619655,34.859516470850956,4.528406640888874,-0.7270299262460018,-9.793034407112195,0.0
117.48994442202542,34.854726920457416,4.531687238137465,-0.7261672191994484,-9.789084740631116,0.0
117.5006378371687,34.84993336400141,4.534976496549382,-0.7253031834121451,-9.785125658288027,0.0
117.51132801103388,34.84513577141165,4.5382744760699225,-0.7244377903754926,-9.781156933967623,-3.368306851948935e-14
117.52201492301865,34.840334112623616,4.541581236644381,-0.7235710114902445,-9.777178341564497,-1.6841534259744676e-14
117.53269855251082,34.835528357579605,4.544896838218057,-0.7227028180666164,-9.773189654983176,0.0
117.54337887888852,34.830718476228675,4.5482213407362515,-0.7218331813244236,-9.769190648138114,0.0
117.55405588152001,34.82590443852665,4.551554804144258,-0.7209620723931975,-9.76518109495371,-3.368306851948935e-14
117.5647295397639,34.821086214436114,4.554897288387378,-0.7200894623123404,-9.761160769364322,-1.6841534259744676e-14
117.57539983296911,34.81626377392646,4.558248853410907,-0.7192153220312381,-9.757129445314266,-1.6841534259744676e-14
117.58606674047483,34.811437086973775,4.561609559160147,-0.7183396224094019,-9.753086896757832,0.0
117.59673024161067,34.806606123560975,4.564979465580393,-0.7174623342166051,-9.749032897659298,-3.368306851948935e-14
117.60739031569663,34.80177085367766,4.568358632616942,-0.7165834281330148,-9.744967221992933,-3.368306851948935e-14
117.61804694204314,34.796931247320224,4.571747120215095,-0.715702874749327,-9.740889643743,-1.6841534259744676e-14
117.62870009995105,34.79208727449179,4.575144988320151,-0.7148206445669056,-9.736799936903783,0.0
117.63934976871178,34.78723890520222,4.578552296877404,-0.7139367079979242,-9.732697875479579,-1.6841534259744676e-14
117.64999592760718,34.7823861094681,4.5819691058321546,-0.7130510353654929,-9.728583233484716,-1.6841534259744676e-14
117.66063855590973,34.77752885731274,4.5853954751297,-0.7121635969038151,-9.724455784943556,-3.368306851948935e-14
117.67127763288246,34.7726671187662,4.58883146471534,-0.7112743627583205,-9.720315303890509,-6.73661370389787e-14
117.68191313777899,34.76780086386523,4.592277134534371,-0.7103833029857929,-9.716161564370037,-1.6841534259744676e-14
117.69254504984366,34.762930062653325,4.595732544532092,-0.7094903875545411,-9.711994340436656,-1.6841534259744676e-14
117.70317334831144,34.75805468518065,4.5991977546538,-0.7085955863445179,-9.707813406154965,-3.368306851948935e-14
117.71379801240799,34.75317470150412,4.6026728248447935,-0.7076988691474784,-9.703618535599626,-1.6841534259744676e-14
117.72441902134976,34.74829008168731,4.6061578150503735,-0.7068002056671148,-9.69940950285538,0.0
117.73503635434402,34.743400795800504,4.609652785215834,-0.7058995655192197,-9.69518608201708,3.368306851948935e-14
117.74564999058872,34.738506813920694,4.613157795286476,-0.7049969182318065,-9.690948047189655,-1.6841534259744676e-14
117.75625990927277,34.733608106131534,4.616672905207594,-0.7040922332452866,-9.686695172488157,0.0
117.7668660895759,34.728704642523354,4.62019817492449,-0.7031854799125925,-9.682427232037726,1.6841534259744676e-14
117.77746851066875,34.72379639319317,4.623733664382461,-0.7022766274993479,-9.678143999973642,1.6841534259744676e-14
117.78806715171291,34.71888332824467,4.6272794335268035,-0.7013656451840031,-9.673845250441294,0.0
117.79866199186098,34.713965417788216,4.630835542302817,-0.7004525020580039,-9.66953075759621,-3.368306851948935e-14
117.8092530102565,34.70904263194079,4.634402050655799,-0.6995371671259194,-9.665200295604045,-5.0524602779234026e-14
