galstreams/tracks/track.st.New-27.ibata2024.ecsv
# %ECSV 1.0
# ---
# datatype:
# - {name: ra, unit: deg, datatype: float64}
# - {name: dec, unit: deg, datatype: float64}
# - {name: distance, unit: kpc, datatype: float64}
# - {name: pm_ra_cosdec, unit: mas / yr, datatype: float64}
# - {name: pm_dec, unit: mas / yr, datatype: float64}
# - {name: radial_velocity, unit: km / s, datatype: float64}
# delimiter: ','
# meta: !!omap
# - __serialized_columns__:
#     dec:
#       __class__: astropy.coordinates.angles.Latitude
#       unit: &id001 !astropy.units.Unit {unit: deg}
#       value: !astropy.table.SerializedColumn {name: dec}
#     distance:
#       __class__: astropy.coordinates.distances.Distance
#       unit: !astropy.units.Unit {unit: kpc}
#       value: !astropy.table.SerializedColumn {name: distance}
#     pm_dec:
#       __class__: astropy.units.quantity.Quantity
#       unit: !astropy.units.Unit {unit: mas / yr}
#       value: !astropy.table.SerializedColumn {name: pm_dec}
#     pm_ra_cosdec:
#       __class__: astropy.units.quantity.Quantity
#       unit: !astropy.units.Unit {unit: mas / yr}
#       value: !astropy.table.SerializedColumn {name: pm_ra_cosdec}
#     ra:
#       __class__: astropy.coordinates.angles.Longitude
#       unit: *id001
#       value: !astropy.table.SerializedColumn {name: ra}
#       wrap_angle: !astropy.coordinates.Angle
#         unit: *id001
#         value: 360.0
#     radial_velocity:
#       __class__: astropy.units.quantity.Quantity
#       unit: !astropy.units.Unit {unit: km / s}
#       value: !astropy.table.SerializedColumn {name: radial_velocity}
# schema: astropy-2.0
ra,dec,distance,pm_ra_cosdec,pm_dec,radial_velocity
[from data line 426]
342.69696780504773,-50.49495669426378,0.9999999999999956,1.4503367072240874,-7.812285627788851,-182.28491869394233
342.6986818219466,-50.476529460254255,0.9999999999999954,1.4523026633959688,-7.805853504643359,-183.04053711361138
342.70040406684967,-50.458103803567184,0.9999999999999956,1.4542753610391124,-7.799398209453749,-183.79048580141796
342.7021347355372,-50.43967975785159,0.9999999999999951,1.456254869049797,-7.792919646209514,-184.5347119975966
342.70387402349695,-50.42125735674073,0.9999999999999953,1.4582412561785763,-7.786417718879772,-185.27316294238187
342.70562212592614,-50.402836633851905,0.9999999999999953,1.4602345910301882,-7.7798923314130555,-186.00578587600816
342.70737923773174,-50.38441762278624,0.9999999999999951,1.4622349420629739,-7.77334338773716,-186.73252803871026
342.7091455535315,-50.36600035712862,0.9999999999999952,1.464242377588599,-7.766770791758912,-187.45333667072256
342.7109212676551,-50.34758487044742,0.9999999999999952,1.4662569657717501,-7.760174447363944,-188.1681590122796
342.7127065741446,-50.32917119629441,0.9999999999999951,1.468278774629514,-7.753554258416546,-188.87694230361598
342.71450166675567,-50.31075936820451,0.999999999999995,1.470307872031265,-7.746910128759449,-189.5796337849662
342.71630673895845,-50.29234941969565,0.9999999999999951,1.4723443256980904,-7.740241962213599,-190.27618069656495
342.7181219839385,-50.273941384268575,0.999999999999995,1.4743882032025137,-7.733549662577936,-190.96653027864656
342.71994759459744,-50.25553529540671,0.9999999999999949,1.476439571968001,-7.7268331336292455,-191.6506297714457
342.7217837635542,-50.237131186575866,0.999999999999995,1.4784984992686745,-7.720092279121857,-192.3284264151969
342.7236306831456,-50.21872909122415,0.999999999999995,1.4805650522287905,-7.713327002787537,-192.99986745013462
342.72548854542754,-50.2003290427817,0.9999999999999948,1.4826392978224625,-7.706537208335124,-193.66490011649356
342.7273575421758,-50.181931074660575,0.9999999999999948,1.4847213028731883,-7.69972279945048,-194.3234716545081
342.7292378648868,-50.16353522025444,0.9999999999999949,1.4868111340534345,-7.692883679796129,-194.9755293044129
342.7311297047786,-50.145141512938466,0.9999999999999949,1.4889088578842387,-7.686019753011077,-195.62102030644252
342.733033252792,-50.12674998606905,0.9999999999999948,1.4910145407347883,-7.679130922710662,-196.25989190083146
342.73494869959114,-50.10836067298368,0.9999999999999949,1.4931282488221154,-7.6722170924861715,-196.89209132781423
342.73687623556447,-50.08997360700063,0.9999999999999947,1.495250048210444,-7.665278165904741,-197.51756582762548
342.73881605082585,-50.07158882141885,0.9999999999999947,1.4973800048109798,-7.658314046509087,-198.13626264049958
342.7407683352152,-50.05320634951768,0.9999999999999948,1.4995181843814134,-7.651324637817236,-198.74812900667118
342.74273327829957,-50.03482622455663,0.9999999999999947,1.5016646525254735,-7.6443098433223255,-199.35311216637487
342.7447110693738,-50.016448479775214,0.9999999999999947,1.5038194746924702,-7.637269566492346,-199.95115935984518
342.746701897462,-49.99807314839268,0.9999999999999947,1.5059827161770087,-7.6302037107699086,-200.54221782731665
342.7487059513176,-49.979700263607796,0.9999999999999948,1.5081544421183573,-7.623112179572026,-201.12623480902366
342.750723419425,-49.961329858598575,0.9999999999999946,1.5103347175001396,-7.615994876289779,-201.703157545201
342.75275449000003,-49.942961966522155,0.9999999999999947,1.512523607149845,-7.6088517042882025,-202.2729332760831
342.75479935099094,-49.924596620514414,0.9999999999999944,1.5147211757383836,-7.601682566905922,-202.83550924190456
342.7568581900795,-49.90623385368988,0.9999999999999946,1.5169274877797303,-7.594487367454946,-203.3908326828997
342.7589311946816,-49.88787369914138,0.9999999999999944,1.5191426076302594,-7.5872660092204285,-203.93885083930346
342.7610185519485,-49.869516189939844,0.9999999999999946,1.5213665994885748,-7.580018395460389,-204.47951095135005
342.76312044876715,-49.851161359134075,0.9999999999999946,1.523599527394767,-7.5727444294054855,-205.01276025927422
342.76523707176176,-49.83280923975044,0.9999999999999943,1.525841455230232,-7.565444014258716,-205.5385460033104
342.76736860729443,-49.814459864792674,0.9999999999999946,1.5280924467170216,-7.558117053195183,-206.0568154236931
342.76951524146574,-49.79611326724161,0.9999999999999944,1.5303525654174077,-7.550763449361813,-206.56751576065702
342.77167716011604,-49.77776948005492,0.9999999999999943,1.532621874733481,-7.543383105877137,-207.07059425443666
342.7738545488263,-49.759428536166865,0.9999999999999944,1.5349004379066624,-7.535975925830979,-207.5659981452664
342.77604759291887,-49.74109046848801,0.9999999999999943,1.5371883180172006,-7.528541812284189,-208.05367467338087
342.7782564774584,-49.72275530990497,0.9999999999999943,1.5394855779837204,-7.521080668268404,-208.53357107901482
342.7804813872527,-49.70442309328017,0.9999999999999943,1.5417922805627136,-7.513592396785764,-209.0056346024025
342.78272250685376,-49.686093851451545,0.9999999999999943,1.544108488348133,-7.506076900808633,-209.46981248377867
342.78498002055875,-49.667767617232286,0.9999999999999943,1.546434263770898,-7.498534083279335,-209.92605196337777
342.78725411241044,-49.649444423410536,0.9999999999999942,1.5487696690983164,-7.4909638471098425,-210.37430028143436
342.7895449661986,-49.631124302749164,0.9999999999999943,1.5511147664336953,-7.483366095181577,-210.81450467818294
342.7918527654605,-49.61280728798542,0.9999999999999943,1.5534696177157734,-7.47574073034502,-211.24661239385813
342.7941776934822,-49.59449341183072,0.9999999999999943,1.5558342847183955,-7.468087655419524,-211.67057066869444
342.79651993329907,-49.57618270697035,0.9999999999999942,1.5582088290497786,-7.460406773193043,-212.08632674292642
342.7988796676969,-49.557875206063116,0.9999999999999944,1.5605933121521858,-7.4526979864217395,-212.49382785678864
342.80125707921263,-49.53957094174113,0.9999999999999943,1.5629877953013782,-7.444961197829766,-212.89302125051566
342.8036523501355,-49.521269946609486,0.9999999999999943,1.5653923396061504,-7.437196310109023,-213.2838541643419
342.80606566250765,-49.502972253245964,0.9999999999999944,1.5678070060077314,-7.429403225918758,-213.66627383850206
342.8084971981251,-49.484677894200765,0.9999999999999943,1.5702318552793635,-7.421581847885399,-214.0402275132306
342.8109471385388,-49.466386901996145,0.9999999999999944,1.5726669480257556,-7.413732078602177,-214.4056624287621
342.8134156650552,-49.448099309126206,0.9999999999999941,1.5751123446825925,-7.405853820628849,-214.76252582533112
342.81590295873747,-49.42981514805652,0.9999999999999942,1.5775681055160469,-7.3979469764914505,-215.11076494317214
342.8184092004061,-49.411534451223844,0.9999999999999941,1.5800342906221232,-7.390011448681932,-215.45032702251973
342.82093457064,-49.39325725103584,0.9999999999999941,1.582510959926399,-7.38204713965786,-215.78115930360843
342.82347924977734,-49.374983579870715,0.9999999999999942,1.584998173183191,-7.374053951842235,-216.1032090266729
342.82604341791625,-49.35671347007696,0.9999999999999942,1.5874959899752792,-7.366031787623033,-216.41642343194744
342.8286272549159,-49.33844695397299,0.9999999999999942,1.5900044697132696,-7.357980549353009,-216.72074975966683
342.8312309403974,-49.320184063846874,0.9999999999999942,1.5925236716351066,-7.349900139349362,-217.01613525006556
342.83385465374454,-49.301924831955965,0.9999999999999944,1.5950536548054401,-7.341790459893414,-217.30252714337811
342.83649857410467,-49.283669290526625,0.9999999999999944,1.5975944781152798,-7.333651413230349,-217.57987267983904
342.8391628803897,-49.26541747175386,0.9999999999999942,1.6001462002812676,-7.3254829015688365,-217.84811909968298
342.84184775127704,-49.24716940780103,0.9999999999999943,1.6027088798452436,-7.3172848270807975,-218.10721364314432
342.8445533652102,-49.22892513079952,0.9999999999999942,1.6052825751737423,-7.309057091901057,-218.3571035504576
342.84727990039977,-49.21068467284836,0.9999999999999942,1.6078673444572793,-7.3007995981270355,-218.59773606185757
342.85002753482456,-49.19244806601394,0.9999999999999942,1.6104632457100152,-7.2925122478184115,-218.82905841757866
342.85279644623216,-49.17421534232969,0.9999999999999943,1.6130703367690806,-7.284194942996891,-219.0510178578554
342.85558681213985,-49.15598653379568,0.9999999999999943,1.6156886752940114,-7.275847585645799,-219.26356162292248
342.85839880983565,-49.13776167237833,0.9999999999999944,1.6183183187663008,-7.267470077709806,-219.46663695301422
342.86123261637914,-49.1195407900101,0.9999999999999941,1.6209593244887675,-7.2590623210946355,-219.66019108836525
342.86408840860213,-49.10132391858903,0.9999999999999944,1.6236117495850166,-7.250624217666672,-219.84417126921008
342.86696636310967,-49.08311108997852,0.9999999999999943,1.62627565099878,-7.2421556692527425,-220.0185247357834
342.8698666562812,-49.06490233600691,0.9999999999999946,1.6289510854936449,-7.233656577639685,-220.1831987283196
342.87278946427085,-49.04669768846714,0.9999999999999946,1.6316381096520995,-7.225126844574124,-220.33814048705335
342.8757349630087,-49.02849717911645,0.9999999999999944,1.6343367798752535,-7.216566371762106,-220.48329725221902
342.8787033282017,-49.01030083967594,0.9999999999999944,1.6370471523822143,-7.207975060868765,-220.61861626405138
342.8816947353342,-48.99210870183031,0.9999999999999944,1.639769283209361,-7.199352813518054,-220.74404476278482
342.8847093596691,-48.97392079722739,0.9999999999999944,1.6425032282100034,-7.1906995312922675,-220.8595299886539
342.8877473762487,-48.95573715747791,0.9999999999999946,1.6452490430536546,-7.182015115731964,-220.96501918189318
342.8908089598953,-48.93755781415501,0.9999999999999946,1.6480067832254122,-7.173299468335408,-221.0604595827373
342.89389428521247,-48.91938279879397,0.9999999999999944,1.6507765040255649,-7.164552490558343,-221.14579843142062
342.8970035265856,-48.901212142891794,0.9999999999999944,1.6535582605688237,-7.155774083813689,-221.2209829681779
342.90013685818286,-48.88304587790686,0.9999999999999947,1.6563521077838548,-7.146964149471128,-221.28596043324345
342.90329445395594,-48.864884035258584,0.9999999999999947,1.6591581004125562,-7.138122588856842,-221.34067806685198
342.9064764876413,-48.84672664632695,0.9999999999999948,1.6619762930097028,-7.129249303253182,-221.38508310923802
342.9096831327606,-48.828573742452235,0.9999999999999946,1.6648067399420903,-7.120344193898259,-221.4191228006361
342.9129145626217,-48.810425354934594,0.9999999999999947,1.6676494953881065,-7.111407161985689,-221.44274438128068
342.91617095031955,-48.792281515033665,0.9999999999999947,1.6705046133370818,-7.102438108664213,-221.45589509140643
342.91945246873706,-48.774142253968236,0.9999999999999948,1.673372147588676,-7.093436935037417,-221.45852217124775
342.92275929054597,-48.756007602915815,0.9999999999999948,1.6762521517523705,-7.084403542163329,-221.4505728610394
342.92609158820756,-48.73787759301226,0.9999999999999947,1.6791446792466882,-7.0753378310540675,-221.4319944010157
342.9294495339735,-48.71975225535141,0.9999999999999948,1.68204978329873,-7.066239702675631,-221.40273403141143
342.9328332998872,-48.70163162098469,0.9999999999999948,1.6849675169435887,-7.057109057947404,-221.36273899246095
342.9362430577838,-48.68351572092071,0.999999999999995,1.6878979330235975,-7.04794579774191,-221.31195652439882
342.9396789792918,-48.66540458612489,0.999999999999995,1.6908410841878148,-7.0387498228844585,-221.25033386745963
342.9431412358335,-48.64729824751905,0.999999999999995,1.693797022891438,-7.029521034152758,-221.1778182618779
342.9466299986258,-48.62919673598101,0.9999999999999951,1.696765801395081,-7.0202593322766305,-221.0943569478882
342.95014543868143,-48.61110008234423,0.9999999999999952,1.6997474717642547,-7.010964617937638,-220.99989716572512
342.9536877268093,-48.59300831739737,0.999999999999995,1.7027420858686515,-7.0016367917687425,-220.8943861556231
342.95725703361586,-48.57492147188393,0.9999999999999952,1.7057496953816873,-6.992275754353972,-220.7777711578168
342.96085352950547,-48.55683957650177,0.9999999999999952,1.7087703517796307,-6.982881406228067,-220.64999941254064
342.9644773846816,-48.53876266190282,0.9999999999999952,1.7118041063412157,-6.973453647876131,-220.51101816002924
342.96812876914737,-48.520690758692574,0.9999999999999952,1.7148510101468464,-6.963992379733295,-220.3607746405171
342.97180785270666,-48.50262389742974,0.9999999999999952,1.7179111140780599,-6.9544975021843705,-220.19921609423884
342.97551480496475,-48.4845621086258,0.9999999999999954,1.720984468816816,-6.9449689155634715,-220.02628976142898
342.9792497953293,-48.46650542274459,0.9999999999999954,1.7240711248448868,-6.935406520153727,-219.84194288232206
342.9830129930111,-48.448453870201945,0.9999999999999953,1.727171132443301,-6.9258102161869,-219.64612269715255
342.986804567025,-48.430407481365215,0.9999999999999956,1.7302845416916242,-6.916179903842966,-219.43877644615512
342.9906246861905,-48.41236628655289,0.9999999999999957,1.7334114024672367,-6.906515483249926,-219.21985136956425
342.9944735191329,-48.39433031603415,0.9999999999999956,1.7365517644448776,-6.896816854483298,-218.98929470761462
342.998351234284,-48.3762996000285,0.9999999999999957,1.7397056770958166,-6.887083917565871,-218.7470537005404
343.00225799988283,-48.35827416870525,0.9999999999999957,1.7428731896873462,-6.8773165724672864,-218.49307558857654
343.0061939839766,-48.34025405218323,0.9999999999999958,1.7460543512820301,-6.867514719103728,-218.22730761195734
343.01015935442143,-48.322239280530205,0.9999999999999959,1.7492492107370854,-6.857678257337568,-217.94969701091748
343.01415427888355,-48.30422988376257,0.9999999999999959,1.7524578167037888,-6.847807086976971,-217.66019102569143
343.01817892483933,-48.28622589184489,0.9999999999999961,1.7556802176266668,-6.837901107775615,-217.35873689651382
343.022233459577,-48.268227334689435,0.999999999999996,1.7589164617429578,-6.8279602194322315,-217.04528186361907
343.0263180501969,-48.25023424215575,0.9999999999999961,1.762166597081956,-6.817984321590384,-216.71977316724175
343.0304328636124,-48.23224664405031,0.999999999999996,1.7654306714642871,-6.807973313838016,-216.38215804761657
343.034578066551,-48.21426457012596,0.9999999999999962,1.7687087325012332,-6.797927095707109,-216.0323837449779
343.03875382555464,-48.19628805008153,0.9999999999999963,1.7720008275941073,-6.78784556667339,-215.67039749956038
343.0429603069811,-48.17831711356141,0.9999999999999962,1.7753070039336443,-6.7777286261558665,-215.29614655159833
343.0471976770044,-48.16035179015513,0.9999999999999966,1.7786273084991038,-6.767576173516595,-214.9095781413267
343.05146610161574,-48.14239210939686,0.9999999999999964,1.7819617880578935,-6.757388108060237,-214.51063950897972
343.05576574662433,-48.124438100764955,0.9999999999999966,1.785310489164626,-6.747164329033723,-214.0992778947921
343.06009677765826,-48.10648979368162,0.9999999999999968,1.7886734581606571,-6.736904735625949,-213.67544053899826
343.06445936016513,-48.08854721751233,0.9999999999999966,1.792050741173238,-6.726609226967309,-213.23907468183273
343.0688536594131,-48.07061040156544,0.9999999999999968,1.7954423841149314,-6.716277702129425,-212.79012756353018
343.07327984049147,-48.052679375091806,0.9999999999999969,1.798848432682826,-6.705910060124825,-212.3285464243251
343.0777380683116,-48.034754167284156,0.9999999999999969,1.8022689323580128,-6.695506199906436,-211.85427850445208
343.08222850760774,-48.01683480727683,0.999999999999997,1.8057039284047125,-6.685066020367405,-211.36727104414553
343.08675132293786,-47.99892132414516,0.9999999999999971,1.8091534658697288,-6.674589420340574,-210.86747128364013
343.09130667868436,-47.98101374690518,0.999999999999997,1.8126175895816807,-6.664076298598296,-210.35482646317038
