galstreams/tracks/track.st.NGC3201.palau2020.ecsv
# %ECSV 0.9
# ---
# datatype:
# - {name: ra, unit: deg, datatype: float64}
# - {name: dec, unit: deg, datatype: float64}
# - {name: distance, unit: kpc, datatype: float64}
# - {name: pm_ra_cosdec, unit: mas / yr, datatype: float64}
# - {name: pm_dec, unit: mas / yr, datatype: float64}
# - {name: radial_velocity, unit: km / s, datatype: float64}
# delimiter: ','
# meta: !!omap
# - __serialized_columns__:
#     dec:
#       __class__: astropy.coordinates.angles.Latitude
#       unit: &id001 !astropy.units.Unit {unit: deg}
#       value: !astropy.table.SerializedColumn {name: dec}
#     distance:
#       __class__: astropy.coordinates.distances.Distance
#       unit: !astropy.units.Unit {unit: kpc}
#       value: !astropy.table.SerializedColumn {name: distance}
#     pm_dec:
#       __class__: astropy.units.quantity.Quantity
#       unit: !astropy.units.Unit {unit: mas / yr}
#       value: !astropy.table.SerializedColumn {name: pm_dec}
#     pm_ra_cosdec:
#       __class__: astropy.units.quantity.Quantity
#       unit: !astropy.units.Unit {unit: mas / yr}
#       value: !astropy.table.SerializedColumn {name: pm_ra_cosdec}
#     ra:
#       __class__: astropy.coordinates.angles.Longitude
#       unit: *id001
#       value: !astropy.table.SerializedColumn {name: ra}
#       wrap_angle: !astropy.coordinates.Angle
#         unit: *id001
#         value: 360.0
#     radial_velocity:
#       __class__: astropy.units.quantity.Quantity
#       unit: !astropy.units.Unit {unit: km / s}
#       value: !astropy.table.SerializedColumn {name: radial_velocity}
# schema: astropy-2.0
ra,dec,distance,pm_ra_cosdec,pm_dec,radial_velocity
[from data line 137]
120.61277133673796,-37.81303303879864,5.46577683771735,19.033025288805007,-11.242563838986566,-1.347322740779574e-13
121.38800117388328,-38.12502006536238,5.4835069637438085,18.80644181881482,-10.933289788876571,-1.347322740779574e-13
122.1692047500184,-38.43295638408577,5.500343889614091,18.5745942660414,-10.624684871361241,-1.0104920555846805e-13
122.95641164402693,-38.736779182930256,5.516257380051906,18.337569775907923,-10.317019984016426,-1.1789073981821273e-13
123.7496481655968,-39.03642563107142,5.531217110915633,18.095463799515606,-10.010566723583892,-8.420767129872338e-14
124.54893721353781,-39.33183292640272,5.545192669198307,17.848380365807174,-9.705596967849349,-8.420767129872338e-14
125.35429813397755,-39.62293834557369,5.558153553027638,17.59643234735505,-9.402382434971788,-1.8525687685719145e-13
126.16574657892166,-39.90967929657808,5.5700691716659865,17.339741718384296,-9.101194220079625,-2.3578147963642546e-13
126.983294365702,-40.19199337389961,5.580908845510387,17.07843980357249,-8.802302309043059,-2.3578147963642546e-13
127.80694933786734,-40.46981841621295,5.590641806092528,16.812667516106355,-8.505975069436936,-6.73661370389787e-14
128.6367152281066,-40.74309256662781,5.59923719607877,16.54257558341591,-8.212478718821147,-8.420767129872338e-14
129.472591523827,-41.01175433545353,5.606664069270131,16.268324758955163,-7.922076770588277,-8.420767129872338e-14
130.31457333603808,-41.27574266544939,5.6128913906022975,15.990086018352285,-7.63502945775987,-5.0524602779234026e-14
131.16265127222678,-41.534996999515,5.617888036145612,15.708040738214931,-7.351593135251827,-8.420767129872338e-14
132.01681131392874,-41.78945735076065,5.6216227931050895,15.422380855847969,-7.072019661279162,-2.1893994537668078e-13
132.8770346997318,-42.03906437488574,5.6240643598204,15.133309008122701,-6.7965557587248835,-8.420767129872338e-14
133.74329781446463,-42.28375944477846,5.625181345765883,14.841038647729548,-6.525442357461554,-5.0524602779234026e-14
134.6155720853422,-42.52348472723595,5.6249422715505375,14.545794135052192,-6.258913918782504,-5.0524602779234026e-14
135.49382388585417,-42.75818326168917,5.623315568918029,14.247810803920238,-5.997197743273806,-1.0104920555846805e-13
136.37801444818885,-42.98779904080145,5.620269580746682,13.947334999530634,-5.740513263635799,-1.6841534259744677e-13
137.26809978499256,-43.21227709279482,5.61577256104949,13.644624086878137,-5.489071324142848,-6.73661370389787e-14
138.16403062125977,-43.431563565341946,5.609792674974106,13.339946428099685,-5.243073448611512,-1.515738083377021e-13
139.06575233714466,-43.64560581084675,5.6022979988028485,13.033581327220329,-5.002711098927184,-1.6841534259744676e-14
139.97320492246934,-43.854352472920944,5.593256519952696,12.725818940888503,-4.768164926357343,-1.0104920555846805e-13
140.88632294368503,-44.05775357384836,5.582636136975295,12.416960153805897,-4.5396040180526605,-9.262843842859572e-14
141.80503552401663,-44.25576060281542,5.570404659556952,12.107316417693642,-4.317185141303641,-7.578690416885104e-14
142.72926633748432,-44.44832660466992,5.556529808518639,11.797209552790525,-4.10105198827906,-8.420767129872338e-14
143.65893361745842,-44.63540626895901,5.540979215815993,11.486971511051053,-3.891334424118692,-4.210383564936169e-14
144.5939501803525,-44.81695601898291,5.523720424539305,11.176944100400657,-3.688147741387292,-2.5262301389617013e-14
145.53422346500545,-44.99293410059035,5.504720888913541,10.867478669611506,-3.4915919240148794,-2.5262301389617013e-14
146.47965558823964,-45.16330067043103,5.483947974298325,10.558935753584066,-3.301750923949177,-5.0524602779234026e-14
147.4301434170117,-45.328017883371274,5.461368957187946,10.25168467905552,-3.1186919538270876,-1.6841534259744676e-14
148.38557865749715,-45.48704997877177,5.436951025211354,9.946103131005078,-2.9424647990308177,-5.0524602779234026e-14
149.3458479613647,-45.640363365320376,5.4106612771321645,9.6425766802858,-2.7731011525298124,-5.894536990910637e-14
150.3108330494075,-45.78792670410875,5.382466722848656,9.3414982732807,-2.6106139759191107,-1.2631150694808506e-14
151.28041085260435,-45.92971098963987,5.352334283393769,9.04326768465611,-2.454996890047515,-1.6841534259744676e-14
152.25445367058214,-46.06568962845308,5.32023079093511,8.74829093456337,-2.3062235985835375,-6.315575347404254e-14
153.23282934735184,-46.19583851505553,5.286122988774947,8.456979671919767,-2.164247347791898,-4.210383564936169e-14
154.2154014640765,-46.32013610485312,5.249977531350211,8.169750525677012,-2.0290004256896985,-4.631421921429786e-14
155.20202954852883,-46.43856348378102,5.2117609842325,7.88702442625832,-1.9003937036161527,-2.947268495455318e-14
156.19256930078026,-46.55110443434195,5.17143982412807,7.60922589960909,-1.7783162230861778,-4.210383564936169e-14
157.18687283455634,-46.65774549777259,5.128980438877843,7.336782336559674,-1.6626348306045902,0.0
158.18478893358298,-46.75847603207114,5.084349127457406,7.070123240436542,-1.553193862896185,-1.894672604221276e-14
159.18616332214322,-46.85328826563552,5.037512099977006,6.809679456079309,-1.4498148847587466,-4.4209027431829774e-14
160.19083894895877,-46.94217734627918,4.9884354776815565,6.555882383620939,-1.3522964814730085,-2.947268495455318e-14
161.19865628341412,-47.025141385411786,4.937085292950635,6.309163180565404,-1.260414107407811,-8.420767129872338e-15
162.2094536230465,-47.10218149719407,4.883427489298477,6.069951955847504,-1.1739199921429733,-2.7367493172085098e-14
163.22306741114048,-47.17330183249975,4.827427921373985,5.838676959682601,-1.0925431050997392,4.210383564936169e-15
164.23933256318577,-47.23850960754321,4.769052354960729,5.61576377310622,-1.0159891793221845,-1.2631150694808506e-14
165.2580828008904,-47.29781512705796,4.708266466976936,5.401634501164371,-0.9439407946962177,-1.0525958912340423e-14
166.27915099237845,-47.351231801939775,4.645035845475495,5.1967069737437885,-0.8760575205299181,-6.315575347404253e-15
167.30236949715487,-47.398776161296595,4.579325989643967,5.001393958025699,-0.811976117053127,-2.1051917824680846e-14
168.3275705143812,-47.44046785887765,4.5111023098045715,4.816102386507898,-0.7513107950301179,1.3683746586042549e-14
169.35458643297812,-47.476329673884315,4.440330127414186,4.641232604467365,-0.6936535323203981,-1.473634247727659e-14
170.3832501820583,-47.50638750619539,4.3669746750643625,4.477177640630697,-0.6385744458732585,9.47336302110638e-15
171.41339558018788,-47.53067036607031,4.291001096481311,4.324322504682578,-0.5856222173055792,5.2629794561702115e-15
172.44485768198766,-47.549210358423046,4.212374446525898,4.183043515076006,-0.5343245698929839,-2.1051917824680845e-15
173.4774731206027,-47.5620426617894,4.1310596911936655,4.053707660413389,-0.484188794505536,5.789277401787233e-15
174.51108044460594,-47.569205502138395,4.047021707614813,3.9366719974469815,-0.4347023217433464,1.5262640422893612e-14
175.54552044794355,-47.57074012170586,3.9602252840542,3.832283088504396,-0.3853333372780462,1.473634247727659e-14
176.58063649158584,-47.56669074305411,3.870635119911356,3.7408764808816737,-0.33553143718506495,5.2629794561702115e-15
177.61627481561302,-47.557104528585874,3.7782158257204737,3.6627762304666653,-0.28472831986107383,-4.210383564936169e-15
178.65228484053875,-47.542031535763,3.682931923150401,3.5982944715626792,-0.23233851096242597,1.0262809939531913e-14
