galstreams/tracks/track.st.Phoenix.shipp2019.ecsv
# %ECSV 1.0
# ---
# datatype:
# - {name: ra, unit: deg, datatype: float64}
# - {name: dec, unit: deg, datatype: float64}
# - {name: distance, unit: kpc, datatype: float64}
# - {name: pm_ra_cosdec, unit: mas / yr, datatype: float64}
# - {name: pm_dec, unit: mas / yr, datatype: float64}
# - {name: radial_velocity, unit: km / s, datatype: float64}
# delimiter: ','
# meta: !!omap
# - __serialized_columns__:
#     dec:
#       __class__: astropy.coordinates.angles.Latitude
#       unit: &id001 !astropy.units.Unit {unit: deg}
#       value: !astropy.table.SerializedColumn {name: dec}
#     distance:
#       __class__: astropy.coordinates.distances.Distance
#       unit: !astropy.units.Unit {unit: kpc}
#       value: !astropy.table.SerializedColumn {name: distance}
#     pm_dec:
#       __class__: astropy.units.quantity.Quantity
#       unit: !astropy.units.Unit {unit: mas / yr}
#       value: !astropy.table.SerializedColumn {name: pm_dec}
#     pm_ra_cosdec:
#       __class__: astropy.units.quantity.Quantity
#       unit: !astropy.units.Unit {unit: mas / yr}
#       value: !astropy.table.SerializedColumn {name: pm_ra_cosdec}
#     ra:
#       __class__: astropy.coordinates.angles.Longitude
#       unit: *id001
#       value: !astropy.table.SerializedColumn {name: ra}
#       wrap_angle: !astropy.coordinates.Angle
#         unit: *id001
#         value: 360.0
#     radial_velocity:
#       __class__: astropy.units.quantity.Quantity
#       unit: !astropy.units.Unit {unit: km / s}
#       value: !astropy.table.SerializedColumn {name: radial_velocity}
# schema: astropy-2.0
ra,dec,distance,pm_ra_cosdec,pm_dec,radial_velocity
[from data line 1128]
26.84824124052732,-44.781574519706076,17.499999999999996,2.695545065967465,-0.156916479845919,28.33547736540619
26.852149347064902,-44.77193293399523,17.499999999999996,2.695621674830034,-0.1572005770740791,28.29771677803804
26.856054121802448,-44.76229069333915,17.499999999999996,2.6956985820915182,-0.15748499985868242,28.259948891770073
26.85995556647654,-44.75264779802992,17.499999999999996,2.6957757877469213,-0.15776974806638883,28.222173706602288
26.863853682822427,-44.74300424835922,17.499999999999996,2.695853291791207,-0.15805482156398842,28.184391222534664
26.867748472574,-44.73336004461839,17.5,2.695931094219304,-0.15834022021840272,28.14660143956721
26.871639937463797,-44.72371518709843,17.5,2.696009195026099,-0.15862594389668233,28.108804357699924
26.87552807922301,-44.71406967608992,17.499999999999996,2.6960875942064435,-0.1589119924660113,28.070999976932796
26.87941289958146,-44.70442351188314,17.499999999999996,2.6961662917551505,-0.1591983657937014,28.033188297265838
26.883294400267673,-44.69477669476802,17.499999999999996,2.6962452876669967,-0.1594850637471958,27.995369318699094
26.88717258300876,-44.685129225034046,17.499999999999996,2.6963245819367176,-0.1597720861940686,27.957543041232473
26.891047449530532,-44.675481102970444,17.5,2.696404174559017,-0.16005943300202288,27.919709464866003
26.894919001557454,-44.66583232886605,17.499999999999996,2.6964840655285576,-0.16034710403889074,27.881868589599783
26.898787240812606,-44.656182903009324,17.5,2.696564254839964,-0.1606350991726368,27.844020415433675
26.902652169017763,-44.64653282568837,17.499999999999996,2.6966447424878295,-0.16092341827135317,27.806164942367726
26.906513787893353,-44.63688209719096,17.499999999999996,2.696725528466702,-0.16121206120326123,27.76830217040199
26.910372099158447,-44.627230717804515,17.5,2.696806612771101,-0.16150102783671288,27.730432099536415
26.914227104530784,-44.617578687816064,17.499999999999996,2.696887995395505,-0.16179031804018815,27.69255472977101
26.91807880572676,-44.6079260075123,17.499999999999996,2.6969696763343554,-0.1620799316822976,27.654670061105765
26.92192720446143,-44.59827267717958,17.5,2.697051655582058,-0.1623698686317778,27.61677809354068
26.925772302448507,-44.588618697103875,17.5,2.6971339331329824,-0.16266012875749725,27.57887882707574
26.929614101400396,-44.57896406757084,17.5,2.697216508981464,-0.16295071192845068,27.540972261711048
26.933452603028126,-44.56930878886575,17.499999999999996,2.6972993831217993,-0.1632416180137627,27.503058397446484
26.9372878090414,-44.55965286127351,17.5,2.6973825555482476,-0.16353284688268585,27.465137234282086
26.9411197211486,-44.54999628507873,17.499999999999996,2.6974660262550367,-0.16382439840460053,27.42720877221782
26.944948341056772,-44.540339060565614,17.499999999999996,2.6975497952363554,-0.1641162724490144,27.38927301125381
26.948773670471617,-44.53068118801804,17.499999999999996,2.6976338624863567,-0.16440846888556523,27.351329951389907
26.9525957110975,-44.521022667719535,17.499999999999996,2.697718227999159,-0.16470098758401594,27.313379592626184
26.956414464637497,-44.511363499953276,17.5,2.6978028917688457,-0.16499382841425908,27.275421934962665
26.96022993279329,-44.50170368500207,17.499999999999996,2.6978878537894646,-0.16528699124631357,27.237456978399294
26.964042117265276,-44.49204322314839,17.499999999999996,2.697973114055025,-0.1655804759503256,27.199484722936063
26.967851019752512,-44.48238211467437,17.499999999999996,2.6980586725595077,-0.16587428239656882,27.161505168573036
26.971656641952716,-44.47272035986179,17.5,2.6981445292968504,-0.16616841045544398,27.123518315310168
26.97545898556231,-44.46305795899206,17.499999999999996,2.698230684260963,-0.1664628599974783,27.085524163147475
26.979258052276343,-44.453394912346255,17.5,2.698317137445717,-0.16675763089332618,27.04752271208496
26.9830538437886,-44.44373122020513,17.5,2.6984038888449486,-0.16705272301376786,27.00951396212263
26.986846361791475,-44.43406688284904,17.5,2.6984909384524607,-0.16734813622971137,26.971497913260425
26.990635607976085,-44.42440190055803,17.499999999999996,2.698578286262022,-0.16764387041218975,26.93347456549843
26.994421584032214,-44.414736273611794,17.499999999999996,2.698665932267365,-0.16793992543236286,26.895443918836598
26.99820429164831,-44.40507000228967,17.499999999999996,2.69875387646219,-0.16823630116151625,26.85740597327491
27.00198373251153,-44.39540308687067,17.499999999999996,2.698842118840161,-0.1685329974710615,26.8193607288134
27.00575990830768,-44.38573552763342,17.5,2.698930659394909,-0.16883001423253546,26.78130818545204
27.009532820721265,-44.376067324856265,17.499999999999996,2.699019498120033,-0.16912735131760145,26.743248343190878
27.01330247143548,-44.36639847881713,17.5,2.699108635009093,-0.16942500859804735,26.70518120202991
27.017068862132174,-44.356728989793666,17.5,2.6991980700556204,-0.16972298594578725,26.667106761969098
27.020831994491903,-44.347058858063114,17.499999999999996,2.699287803253111,-0.1700212832328602,26.629025023008438
27.0245918701939,-44.33738808390245,17.499999999999996,2.6993778345950252,-0.17031990033142894,26.59093598514796
