galstreams/tracks/track.ep.Ravi.shipp2018.ecsv
# %ECSV 0.9
# ---
# datatype:
# - {name: ra, unit: deg, datatype: float64}
# - {name: dec, unit: deg, datatype: float64}
# - {name: distance, unit: kpc, datatype: float64}
# - {name: pm_ra_cosdec, unit: mas / yr, datatype: float64}
# - {name: pm_dec, unit: mas / yr, datatype: float64}
# - {name: radial_velocity, unit: km / s, datatype: float64}
# delimiter: ','
# meta: !!omap
# - __serialized_columns__:
#     dec:
#       __class__: astropy.coordinates.angles.Latitude
#       unit: &id001 !astropy.units.Unit {unit: deg}
#       value: !astropy.table.SerializedColumn {name: dec}
#     distance:
#       __class__: astropy.coordinates.distances.Distance
#       unit: !astropy.units.Unit {unit: kpc}
#       value: !astropy.table.SerializedColumn {name: distance}
#     pm_dec:
#       __class__: astropy.units.quantity.Quantity
#       unit: !astropy.units.Unit {unit: mas / yr}
#       value: !astropy.table.SerializedColumn {name: pm_dec}
#     pm_ra_cosdec:
#       __class__: astropy.units.quantity.Quantity
#       unit: !astropy.units.Unit {unit: mas / yr}
#       value: !astropy.table.SerializedColumn {name: pm_ra_cosdec}
#     ra:
#       __class__: astropy.coordinates.angles.Longitude
#       unit: *id001
#       value: !astropy.table.SerializedColumn {name: ra}
#       wrap_angle: !astropy.coordinates.Angle
#         unit: *id001
#         value: 360.0
#     radial_velocity:
#       __class__: astropy.units.quantity.Quantity
#       unit: !astropy.units.Unit {unit: km / s}
#       value: !astropy.table.SerializedColumn {name: radial_velocity}
# schema: astropy-2.0
ra,dec,distance,pm_ra_cosdec,pm_dec,radial_velocity
334.7999999745596,-44.10000000538953,22.900000000000002,0.2,-1.6,0.0
334.83284008031353,-44.17983011115302,22.9,0.2,-1.6,0.0
334.8657692304114,-44.2596507838161,22.9,0.2,-1.6,0.0
334.89878790522084,-44.33946197136607,22.900000000000002,0.19999999999999998,-1.6,0.0
334.93189658824497,-44.419263621439434,22.900000000000002,0.2,-1.6,0.0
334.96509576614795,-44.49905568131877,22.900000000000002,0.2,-1.6,0.0
334.9983859287809,-44.578838097929996,22.900000000000002,0.20000000000000004,-1.6,0.0
335.0317675692083,-44.658610817839104,22.900000000000002,0.19999999999999998,-1.6,0.0
335.06524118373363,-44.738373787249174,22.900000000000002,0.2,-1.6,0.0
335.09880727192683,-44.81812695199722,22.9,0.2,-1.6,0.0
335.1324663366507,-44.897870257551084,22.9,0.2,-1.6,0.0
335.1662188840879,-44.97760364900628,22.900000000000002,0.19999999999999998,-1.6,0.0
335.2000654237688,-45.05732707108271,22.900000000000002,0.2,-1.6,0.0
335.23400646859864,-45.13704046812161,22.9,0.2,-1.6,0.0
335.2680425348857,-45.21674378408194,22.900000000000002,0.2,-1.6,0.0
335.3021741423693,-45.29643696253752,22.9,0.19999999999999998,-1.6,0.0
335.3364018142485,-45.37611994667337,22.9,0.2,-1.6,0.0
335.37072607721046,-45.45579267928253,22.9,0.2,-1.6,0.0
335.4051474614596,-45.53545510276251,22.900000000000002,0.19999999999999998,-1.6,0.0
335.4396665007469,-45.61510715911199,22.900000000000002,0.2,-1.6,0.0
335.4742837323993,-45.694748789927274,22.900000000000002,0.2,-1.6,0.0
335.5089996973495,-45.77437993639877,22.9,0.19999999999999998,-1.6,0.0
335.54381494016644,-45.854000539307606,22.900000000000002,0.2,-1.6,0.0
335.57873000908506,-45.9336105390217,22.9,0.2,-1.6,0.0
335.6137454560374,-46.01320987549255,22.9,0.2,-1.6,0.0
335.6488618366837,-46.09279848825142,22.9,0.2,-1.6,0.0
335.6840797104431,-46.172376316405554,22.9,0.2,-1.6,0.0
335.7193996405259,-46.2519432986346,22.9,0.2,-1.6,0.0
335.754822193965,-46.33149937318676,22.900000000000002,0.2,-1.6,0.0
335.79034794164835,-46.41104447787502,22.900000000000002,0.2,-1.6,0.0
335.8259774583511,-46.4905785500733,22.900000000000002,0.2,-1.6,0.0
335.86171132276877,-46.57010152671265,22.9,0.20000000000000004,-1.6,0.0
335.89755011755034,-46.64961334427707,22.900000000000002,0.2,-1.6,0.0
335.9334944293314,-46.729113938799905,22.9,0.2,-1.6,0.0
335.96954484876846,-46.80860324585961,22.9,0.19999999999999998,-1.6,0.0
336.0057019705725,-46.888081200575776,22.9,0.19999999999999998,-1.6,0.0
336.0419663935438,-46.96754773760505,22.900000000000002,0.2,-1.6,0.0
336.0783387206066,-47.04700279113697,22.900000000000002,0.2,-1.6,0.0
336.1148195588442,-47.12644629488981,22.9,0.19999999999999998,-1.6,0.0
336.1514095195345,-47.20587818210641,22.900000000000002,0.20000000000000004,-1.6,0.0
336.1881092181856,-47.2852983855499,22.9,0.2,-1.6,0.0
336.22491927457224,-47.36470683749923,22.900000000000002,0.2,-1.6,0.0
336.2618403127721,-47.44410346974511,22.900000000000002,0.2,-1.6,0.0
336.29887296120296,-47.52348821358543,22.900000000000002,0.20000000000000004,-1.6,0.0
336.3360178526595,-47.6028609998209,22.9,0.2,-1.6,0.0
336.37327562435115,-47.68222175875046,22.900000000000002,0.2,-1.6,0.0
336.41064691794037,-47.76157042016685,22.9,0.2,-1.6,0.0
336.4481323795802,-47.840906913352015,22.9,0.2,-1.6,0.0
336.48573265995395,-47.9202311670724,22.900000000000002,0.20000000000000004,-1.6,0.0
336.5234484143135,-47.999543109574404,22.900000000000002,0.2,-1.6,0.0
336.5612803025193,-48.07884266857941,22.900000000000002,0.19999999999999998,-1.6,0.0
336.59922898908,-48.15812977127931,22.9,0.19999999999999998,-1.6,0.0
336.63729514319283,-48.23740434433151,22.9,0.20000000000000004,-1.6,0.0
336.6754794387843,-48.31666631385402,22.9,0.2,-1.6,0.0
336.71378255455124,-48.39591560542062,22.900000000000006,0.2,-1.6,0.0
336.75220517400226,-48.475152144055784,22.900000000000002,0.2,-1.6,0.0
336.7907479854999,-48.554375854229704,22.900000000000002,0.2,-1.6,0.0
336.82941168230246,-48.63358665985318,22.9,0.2,-1.6,0.0
336.8681969626073,-48.712784484272525,22.900000000000002,0.2,-1.6,0.0
336.9071045295938,-48.79196925026411,22.900000000000002,0.2,-1.6,0.0
336.9461350914667,-48.87114088002949,22.900000000000002,0.2,-1.6,0.0
336.9852893615006,-48.95029929518986,22.9,0.2,-1.6,0.0
337.0245680580841,-49.02944441678067,22.900000000000002,0.2,-1.6,0.0
337.063971904765,-49.1085761652463,22.9,0.2,-1.6,0.0
337.1035016302954,-49.18769446043451,22.9,0.2,-1.6,0.0
337.14315796867766,-49.26679922159086,22.900000000000002,0.2,-1.6,0.0
337.18294165921094,-49.345890367353185,22.900000000000002,0.2,-1.6,0.0
337.22285344653744,-49.42496781574591,22.9,0.2,-1.6,0.0
337.2628940806902,-49.50403148417413,22.9,0.2,-1.6,0.0
337.30306431714035,-49.58308128941816,22.900000000000002,0.2,-1.6,0.0
337.34336491684576,-49.66211714762741,22.9,0.2,-1.6,0.0
337.38379664629923,-49.74113897431457,22.9,0.2,-1.6,0.0
337.424360277578,-49.8201466843496,22.900000000000002,0.2,-1.6,0.0
337.46505658839334,-49.89914019195368,22.9,0.20000000000000004,-1.6,0.0
337.5058863621407,-49.97811941069309,22.900000000000002,0.2,-1.6,0.0
337.5468503879504,-50.05708425347302,22.9,0.2,-1.6,0.0
337.58794946073897,-50.13603463253143,22.900000000000002,0.2,-1.6,0.0
337.62918438126053,-50.21497045943241,22.900000000000002,0.20000000000000004,-1.6,0.0
337.6705559561594,-50.29389164506019,22.900000000000002,0.2,-1.6,0.0
337.7120649980227,-50.37279809961245,22.900000000000002,0.19999999999999998,-1.6,0.0
337.7537123254337,-50.45168973259381,22.900000000000002,0.2,-1.6,0.0
337.7954987630257,-50.53056645280928,22.900000000000002,0.2,-1.6,0.0
337.8374251415364,-50.6094281683575,22.9,0.2,-1.6,0.0
337.87949229786307,-50.68827478662407,22.9,0.2,-1.6,0.0
337.92170107511754,-50.767106214274676,22.9,0.19999999999999998,-1.6,0.0
337.9640523226831,-50.84592235724825,22.9,0.2,-1.6,0.0
338.0065468962704,-50.924723120749746,22.900000000000002,0.2,-1.6,0.0
338.0491856579752,-51.003508409243466,22.900000000000002,0.2,-1.6,0.0
338.0919694763361,-51.082278126445686,22.900000000000002,0.2,-1.6,0.0
338.134899226393,-51.1610321753174,22.900000000000002,0.2,-1.6,0.0
338.17797578974586,-51.239770458057194,22.9,0.2,-1.6,0.0
338.22120005461494,-51.3184928760937,22.900000000000002,0.19999999999999998,-1.6,0.0
338.2645729159004,-51.39719933007823,22.9,0.2,-1.6,0.0
338.30809527524355,-51.47588971987718,22.900000000000002,0.2,-1.6,0.0
338.3517680410886,-51.55456394456449,22.900000000000002,0.2,-1.6,0.0
338.39559212874406,-51.63322190241366,22.9,0.2,-1.6,0.0
338.4395684604464,-51.711863490890316,22.900000000000002,0.2,-1.6,0.0
338.48369796542283,-51.79048860664408,22.900000000000002,0.2,-1.6,0.0
338.5279815799558,-51.8690971455006,22.9,0.2,-1.6,0.0
338.5724202474477,-51.947689002453544,22.9,0.2,-1.6,0.0
338.617014918486,-52.02626407165639,22.900000000000002,0.19999999999999998,-1.6,0.0
338.6617665509098,-52.10482224641414,22.900000000000002,0.19999999999999998,-1.6,0.0
338.7066761098763,-52.18336341917503,22.900000000000002,0.2,-1.6,0.0
338.7517445679286,-52.26188748152204,22.9,0.19999999999999998,-1.6,0.0
338.7969729050634,-52.340394324164336,22.9,0.2,-1.6,0.0
338.8423621088007,-52.418883836928636,22.900000000000006,0.2,-1.6,0.0
338.8879131742527,-52.49735590875051,22.9,0.2,-1.6,0.0
338.9336271041944,-52.575810427665424,22.900000000000006,0.2,-1.6,0.0
338.97950490913485,-52.654247280799936,22.9,0.2,-1.6,0.0
339.02554760738883,-52.732666354362536,22.9,0.2,-1.6,0.0
339.07175622514956,-52.811067533634514,22.900000000000002,0.20000000000000004,-1.6,0.0
339.1181317965618,-52.88945070296072,22.9,0.2,-1.6,0.0
339.1646753637961,-52.967815745740225,22.900000000000002,0.2,-1.6,0.0
339.211387977124,-53.046162544416745,22.900000000000002,0.2,-1.6,0.0
339.2582706949931,-53.12449098046915,22.900000000000002,0.2,-1.6,0.0
339.3053245841039,-53.20280093440174,22.900000000000002,0.2,-1.6,0.0
339.35255071948734,-53.281092285734424,22.900000000000002,0.2,-1.6,0.0
339.39995018458205,-53.35936491299278,22.9,0.19999999999999998,-1.6,0.0
339.4475240713142,-53.43761869369805,22.900000000000002,0.2,-1.6,0.0
339.49527348017665,-53.51585350435695,22.900000000000002,0.20000000000000004,-1.6,0.0
339.54319952030966,-53.59406922045141,22.9,0.2,-1.6,0.0
339.59130330958226,-53.672265716428186,22.900000000000002,0.2,-1.6,0.0
339.63958597467484,-53.7504428656883,22.9,0.2,-1.6,0.0
339.68804865116186,-53.828600540576424,22.9,0.2,-1.6,0.0
339.7366924835962,-53.906738612370134,22.9,0.2,-1.6,0.0
339.7855186255939,-53.98485695126896,22.900000000000002,0.2,-1.6,0.0
339.8345282399201,-54.062955426383404,22.900000000000002,0.2,-1.6,0.0
339.88372249857554,-54.141033905723766,22.9,0.2,-1.6,0.0
339.93310258288443,-54.219092256188866,22.9,0.2,-1.6,0.0
339.982669683583,-54.29713034355462,22.900000000000002,0.2,-1.6,0.0
340.03242500090886,-54.375148032462455,22.9,0.2,-1.6,0.0
340.08236974469133,-54.45314518640769,22.900000000000002,0.2,-1.6,0.0
340.13250513444336,-54.531121667727604,22.9,0.19999999999999998,-1.6,0.0
340.18283239945333,-54.60907733758957,22.9,0.2,-1.6,0.0
340.2333527788786,-54.68701205597881,22.900000000000002,0.2,-1.6,0.0
340.28406752184014,-54.76492568168628,22.9,0.19999999999999998,-1.6,0.0
340.3349778875174,-54.84281807229615,22.900000000000002,0.19999999999999998,-1.6,0.0
340.386085145245,-54.92068908417325,22.9,0.2,-1.6,0.0
340.4373905746098,-54.99853857245046,22.900000000000002,0.2,-1.6,0.0
340.48889546554994,-55.07636639101573,22.9,0.20000000000000004,-1.6,0.0
340.5406011184534,-55.15417239249916,22.9,0.2,-1.6,0.0
340.5925088442593,-55.23195642825975,22.900000000000002,0.2,-1.6,0.0
340.64461996455924,-55.30971834837215,22.900000000000006,0.19999999999999998,-1.6,0.0
340.6969358116995,-55.387458001613055,22.900000000000002,0.2,-1.6,0.0
340.7494577288857,-55.4651752354477,22.900000000000002,0.19999999999999998,-1.6,0.0
340.80218707028683,-55.54286989601589,22.900000000000002,0.2,-1.6,0.0
340.85512520114173,-55.620541828118114,22.900000000000002,0.2,-1.6,0.0
340.90827349786605,-55.69819087520135,22.9,0.20000000000000004,-1.6,0.0
340.9616333481603,-55.77581687934471,22.900000000000002,0.2,-1.6,0.0
341.01520615111986,-55.85341968124499,22.9,0.2,-1.6,0.0
341.0689933173446,-55.93099912020195,22.900000000000002,0.2,-1.6,0.0
341.12299626905167,-56.00855503410346,22.900000000000006,0.2,-1.6,0.0
341.1772164401875,-56.08608725941045,22.9,0.2,-1.6,0.0
341.2316552765427,-56.16359563114172,22.9,0.2,-1.6,0.0
341.2863142358669,-56.24107998285845,22.900000000000002,0.2,-1.6,0.0
341.34119478798556,-56.31854014664873,22.900000000000006,0.2,-1.6,0.0
341.3962984149178,-56.39597595311158,22.900000000000006,0.2,-1.6,0.0
341.4516266109955,-56.473387231341114,22.900000000000002,0.2,-1.6,0.0
341.5071808829835,-56.55077380891033,22.900000000000006,0.19999999999999998,-1.6,0.0
341.5629627502013,-56.628135511854644,22.9,0.2,-1.6,0.0
341.6189737446462,-56.7054721646554,22.900000000000002,0.2,-1.6,0.0
341.6752154111174,-56.78278359022299,22.900000000000002,0.2,-1.6,0.0
341.7316893073413,-56.86006960987995,22.900000000000002,0.2,-1.6,0.0
341.78839700409895,-56.937330043343664,22.9,0.2,-1.6,0.0
341.8453400853539,-57.01456470870895,22.9,0.2,-1.6,0.0
341.9025201483819,-57.09177342243048,22.9,0.2,-1.6,0.0
341.95993880390193,-57.16895599930486,22.9,0.2,-1.6,0.0
342.0175976762088,-57.24611225245256,22.9,0.2,-1.6,0.0
342.0754984033066,-57.323241993299604,22.900000000000002,0.2,-1.6,0.0
342.1336426370442,-57.40034503155906,22.9,0.2,-1.6,0.0
342.1920320432517,-57.47742117521222,22.900000000000002,0.20000000000000004,-1.6,0.0
342.25066830187893,-57.55447023048963,22.9,0.2,-1.6,0.0
342.30955310713455,-57.63149200185187,22.900000000000002,0.2,-1.6,0.0
342.3686881676274,-57.70848629196996,22.9,0.2,-1.6,0.0
342.4280752065093,-57.78545290170581,22.9,0.20000000000000004,-1.6,0.0
342.48771596161856,-57.86239163009207,22.900000000000006,0.2,-1.6,0.0
342.547612185626,-57.93930227431201,22.900000000000002,0.2,-1.6,0.0
342.60776564618214,-58.01618462967897,22.9,0.2,-1.6,0.0
342.6681781260657,-58.09303848961567,22.9,0.2,-1.6,0.0
342.72885142333405,-58.169863645633185,22.900000000000002,0.2,-1.6,0.0
342.78978735147484,-58.24665988730967,22.900000000000002,0.2,-1.6,0.0
342.85098773955986,-58.323427002268815,22.900000000000002,0.2,-1.6,0.0
342.91245443240007,-58.40016477615804,22.900000000000006,0.2,-1.6,0.0
342.9741892907018,-58.47687299262641,22.9,0.2,-1.6,0.0
343.0361941912261,-58.553551433302246,22.9,0.2,-1.6,0.0
343.09847102694795,-58.63019987777053,22.900000000000002,0.2,-1.6,0.0
343.16102170721854,-58.70681810354984,22.900000000000002,0.2,-1.6,0.0
343.2238481579284,-58.78340588606926,22.9,0.2,-1.6,0.0
343.28695232167286,-58.859962998644775,22.900000000000002,0.2,-1.6,0.0
343.3503361579186,-58.93648921245536,22.900000000000002,0.2,-1.6,0.0
343.41400164317287,-59.012984296519,22.9,0.2,-1.6,0.0
343.47795077115313,-59.089448017668154,22.9,0.2,-1.6,0.0
343.54218555295995,-59.165880140524976,22.9,0.2,-1.6,0.0
343.6067080172507,-59.24228042747628,22.9,0.2,-1.6,0.0
343.67152021041534,-59.31864863864813,22.9,0.2,-1.6,0.0
343.73662419675424,-59.39498453188011,22.9,0.2,-1.6,0.0
343.8020220586574,-59.47128786269924,22.900000000000002,0.2,-1.6,0.0
343.8677158967862,-59.54755838429366,22.9,0.2,-1.6,0.0
343.93370783025625,-59.62379584748578,22.900000000000006,0.2,-1.6,0.0
343.99999999682285,-59.70000000070531,22.9,0.2,-1.6,0.0
