galstreams/tracks/track.st.Gaia-1.ibata2020.ecsv
# %ECSV 0.9
# ---
# datatype:
# - {name: ra, unit: deg, datatype: float64}
# - {name: dec, unit: deg, datatype: float64}
# - {name: distance, unit: kpc, datatype: float64}
# - {name: pm_ra_cosdec, unit: mas / yr, datatype: float64}
# - {name: pm_dec, unit: mas / yr, datatype: float64}
# - {name: radial_velocity, unit: km / s, datatype: float64}
# delimiter: ','
# meta: !!omap
# - __serialized_columns__:
#     dec:
#       __class__: astropy.coordinates.angles.Latitude
#       unit: &id001 !astropy.units.Unit {unit: deg}
#       value: !astropy.table.SerializedColumn {name: dec}
#     distance:
#       __class__: astropy.coordinates.distances.Distance
#       unit: !astropy.units.Unit {unit: kpc}
#       value: !astropy.table.SerializedColumn {name: distance}
#     pm_dec:
#       __class__: astropy.units.quantity.Quantity
#       unit: !astropy.units.Unit {unit: mas / yr}
#       value: !astropy.table.SerializedColumn {name: pm_dec}
#     pm_ra_cosdec:
#       __class__: astropy.units.quantity.Quantity
#       unit: !astropy.units.Unit {unit: mas / yr}
#       value: !astropy.table.SerializedColumn {name: pm_ra_cosdec}
#     ra:
#       __class__: astropy.coordinates.angles.Longitude
#       unit: *id001
#       value: !astropy.table.SerializedColumn {name: ra}
#       wrap_angle: !astropy.coordinates.Angle
#         unit: *id001
#         value: 360.0
#     radial_velocity:
#       __class__: astropy.units.quantity.Quantity
#       unit: !astropy.units.Unit {unit: km / s}
#       value: !astropy.table.SerializedColumn {name: radial_velocity}
# schema: astropy-2.0
ra,dec,distance,pm_ra_cosdec,pm_dec,radial_velocity
183.09027104668317,-20.80116214711277,4.988265960487712,-12.179857204551787,-15.823284832809135,3.536722194546382e-13
183.18968452592313,-20.6536035814177,4.988275724147387,-12.207592845554805,-15.885311805544982,2.5262301389617017e-13
183.2891218485662,-20.506143557533107,4.9883588540963295,-12.23527722351267,-15.947000352357975,2.694645481559148e-13
183.3885829626516,-20.358781223246933,4.9885138400668705,-12.262910835037834,-16.00834993508361,3.705137537143829e-13
183.48806781580066,-20.211515730489996,4.988739171791349,-12.29049417319029,-16.069360014953936,2.1893994537668078e-13
183.58757635521528,-20.064346235329822,4.989033339002094,-12.318027727386065,-16.130030052622054,2.1893994537668078e-13
183.68710852767757,-19.917271897963936,4.9893948314314445,-12.345511983305904,-16.190359508186585,2.1893994537668078e-13
183.78666427954894,-19.770291882713106,4.989822138811735,-12.372947422804357,-16.2503478412162,3.1998915093514883e-13
183.88624355677,-19.62340535801373,4.9903137508752975,-12.400334523819021,-16.30999451077409,3.031476166754042e-13
183.98584630486016,-19.47661149641034,4.990868157354468,-12.427673760280127,-16.36929897544247,2.694645481559148e-13
184.08547246891777,-19.329909474547446,4.991483847981582,-12.454965602020417,-16.428260693347088,3.031476166754042e-13
184.18512199362056,-19.183298473161162,4.992159312488973,-12.482210514685281,-16.486879122181737,3.3683068519489354e-13
184.28479482322584,-19.036777677070347,4.992893040608974,-12.509408959643169,-16.54515371923278,3.1998915093514883e-13
184.3844909015713,-18.8903462751675,4.993683522073922,-12.536561393896353,-16.6030839414037,2.3578147963642546e-13
184.48421017207588,-18.7440034604092,4.994529246616152,-12.563668269991906,-16.660669245239667,2.3578147963642546e-13
184.58395257774075,-18.597748429806277,4.995428703967995,-12.590730035933063,-16.717909086952154,3.3683068519489354e-13
184.6837180611506,-18.45158038441351,4.99638038386179,-12.61774713509076,-16.774802922443513,2.020984111169361e-13
184.78350656447495,-18.305498529319053,4.997382776029867,-12.644720006115648,-16.831350207331642,3.031476166754042e-13
184.88331802946962,-18.159502073633593,4.998434370204565,-12.671649082850221,-16.88755039697469,2.5262301389617017e-13
184.98315239747865,-18.013590230478865,4.999533656118215,-12.698534794241397,-16.943402946495745,2.3578147963642546e-13
185.08300960943603,-17.86776221697609,5.000679123503154,-12.725377564253344,-16.99890731080764,2.8630608241565947e-13
185.18288960586779,-17.722017254233936,5.001869262091715,-12.75217781178061,-17.0540629446377,2.3578147963642546e-13
185.28279232689408,-17.5763545673362,5.003102561616234,-12.77893595056162,-17.10886930255264,2.3578147963642546e-13
185.38271771223157,-17.430773385329058,5.004377511809043,-12.805652389092456,-17.16332583898349,3.3683068519489354e-13
185.48266570119583,-17.285272941207996,5.00569260240248,-12.83232753054095,-17.217432008250476,2.8630608241565947e-13
185.58263623270403,-17.13985247190445,5.007046323128876,-12.858961772661138,-17.271187264588136,2.8630608241565947e-13
185.68262924527744,-16.994511218272024,5.0084371637205685,-12.88555550770802,-17.324591062170317,3.031476166754042e-13
185.78264467704452,-16.849248425072396,5.009863613909891,-12.912109122352648,-17.377642855135374,3.031476166754042e-13
185.8826824657437,-16.70406334096084,5.011324163429177,-12.938622997597582,-17.430342097611373,1.8525687685719145e-13
185.98274254872638,-16.55895521847166,5.012817302010762,-12.965097508692635,-17.482688243741336,3.031476166754042e-13
186.08282486296045,-16.413923314002762,5.014341519386981,-12.991533025050995,-17.53468074770866,2.020984111169361e-13
186.18292934503327,-16.26896688780042,5.015895305290168,-13.017929910165694,-17.586319063762524,2.694645481559148e-13
186.28305593115516,-16.12408520394343,5.0174771494526595,-13.044288521526404,-17.637602646243394,2.020984111169361e-13
186.38320455716294,-15.979277530327003,5.019085541606784,-13.070609210536606,-17.688530949608687,1.8525687685719145e-13
186.48337515852347,-15.834543138646294,5.020718971484883,-13.096892322431085,-17.73910342845836,3.031476166754042e-13
186.58356767033746,-15.689881304379647,5.022375928819289,-13.123138196193842,-17.78931953756084,2.1893994537668078e-13
186.683782027343,-15.545291306771473,5.024054903342333,-13.149347164476307,-17.839178731878782,3.031476166754042e-13
186.7840181639198,-15.400772428814813,5.025754384786355,-13.175519553515917,-17.8886804665951,2.694645481559148e-13
186.8842760140928,-15.256323957233606,5.027472862883686,-13.201655683055158,-17.93782419713905,2.3578147963642546e-13
186.98455551153634,-15.111945182464556,5.029208827366661,-13.227755866260843,-17.98660937921243,2.8630608241565947e-13
187.08485658957838,-14.967635398638736,5.030960767967615,-13.253820409643868,-18.035035468815863,3.1998915093514883e-13
187.18517918120446,-14.823393903563023,5.032727174418882,-13.279849612979312,-18.083101922275176,3.031476166754042e-13
187.28552321906213,-14.679219998700779,5.034506536452799,-13.305843769226925,-18.130808196267992,2.5262301389617017e-13
187.38588863546528,-14.5351129891527,5.036297343801698,-13.331803164452007,-18.178153747850352,2.5262301389617017e-13
187.4862753623984,-14.391072183637084,5.038098086197913,-13.357728077746652,-18.22513803448344,2.8630608241565947e-13
187.5866833315212,-14.24709689446987,5.039907253373782,-13.383618781151434,-18.27176051406053,2.1893994537668078e-13
187.68711247417295,-14.103186437544325,5.041723335061636,-13.409475539577468,-18.318020644933988,2.694645481559148e-13
187.78756272137727,-13.959340132310466,5.043544820993812,-13.43529861072885,-18.363917885942413,2.5262301389617017e-13
187.88803400384654,-13.81555730175417,5.045370200902642,-13.46108824502555,-18.409451696437973,2.3578147963642546e-13
187.98852625198677,-13.67183727237593,5.047197964520462,-13.486844685526687,-18.454621536313773,2.1893994537668078e-13
188.0890393959022,-13.52817937416934,5.049026601579607,-13.512568167854196,-18.49942686603146,2.5262301389617017e-13
188.18957336540018,-13.384582940599458,5.050854601812412,-13.538258920116974,-18.543867146648928,2.020984111169361e-13
188.2901280899959,-13.241047308580434,5.052680454951209,-13.5639171628354,-18.58794183984821,2.5262301389617017e-13
188.3907034989174,-13.097571818453277,5.054502650728335,-13.589543108866279,-18.631650407963445,2.3578147963642546e-13
188.4912995211104,-12.954155813963155,5.056319678876122,-13.615136963328233,-18.674992314009096,1.8525687685719145e-13
188.5919160852432,-12.81079864223637,5.058130029126909,-13.640698923527543,-18.71796702170824,2.694645481559148e-13
188.6925531197119,-12.667499653757133,5.059932191213027,-13.66622917888437,-18.760573995521103,2.3578147963642546e-13
188.79321055264506,-12.524258202343976,5.0617246548668104,-13.691727910859475,-18.802812700673638,2.8630608241565947e-13
188.89388831190922,-12.381073645125918,5.063505909820595,-13.717195292881346,-18.844682603186435,2.3578147963642546e-13
188.99458632511354,-12.237945342518337,5.0652744458067165,-13.742631490273792,-18.886183169903628,3.1998915093514883e-13
189.09530451961535,-12.094872658198607,5.067028752557506,-13.768036660184,-18.927313868522134,1.8525687685719145e-13
189.19604282252496,-11.951854959081365,5.068767319805302,-13.793410951510985,-18.96807416762091,1.8525687685719145e-13
189.2968011607111,-11.808891615293552,5.070488637282435,-13.818754504834626,-19.00846353669057,2.1893994537668078e-13
189.39757946080596,-11.665982000149336,5.072191194721245,-13.844067452345,-19.048481446162956,2.1893994537668078e-13
189.4983776492105,-11.52312549012438,5.07387348185406,-13.869349917772343,-19.088127367441164,2.5262301389617017e-13
189.5991956520998,-11.380321464830205,5.07553398841322,-13.894602016317357,-19.12740077292949,1.515738083377021e-13
189.7000333954281,-11.237569306988181,5.077171204131057,-13.919823854582102,-19.16630113606377,2.8630608241565947e-13
189.8008908049344,-11.094868402403169,5.078783618739904,-13.945015530501259,-19.204827931341807,1.347322740779574e-13
189.90176780614752,-10.952218139937013,5.080369721972098,-13.97017713327398,-19.242980634354037,2.020984111169361e-13
190.00266432439162,-10.809617911481693,5.081928003559974,-13.995308743296135,-19.28075872181433,2.694645481559148e-13
190.10358028479143,-10.66706711193227,5.083456953235864,-14.020410432093128,-19.318161671591106,2.020984111169361e-13
190.20451561227776,-10.524565139159565,5.084955060732107,-14.045482262253136,-19.35518896273853,1.1789073981821273e-13
190.30547023159275,-10.382111393982541,5.086420815781033,-14.070524287360941,-19.39184007552804,1.515738083377021e-13
190.40644406729527,-10.239705280140644,5.087852708114978,-14.095536551932163,-19.428114491479924,2.1893994537668078e-13
190.5074370437665,-10.097346204265467,5.0892492274662775,-14.120519091348061,-19.46401169339529,1.8525687685719145e-13
190.60844908521514,-9.95503357585264,5.090608863567264,-14.145471931790839,-19.499531165388085,2.1893994537668078e-13
190.70948011568305,-9.812766807233203,5.091930106150277,-14.170395090179452,-19.534672392917468,2.1893994537668078e-13
190.81053005905054,-9.670545313544828,5.093211444947643,-14.195288574105978,-19.569434862820323,1.515738083377021e-13
190.91159883904177,-9.52836851270277,5.094451369691702,-14.220152381772412,-19.603818063343947,2.5262301389617017e-13
191.0126863792305,-9.386235825370644,5.095648370114787,-14.24498650192812,-19.637821484179135,2.020984111169361e-13
191.11379260304523,-9.244146674930882,5.096800935949236,-14.26979091380772,-19.67144461649327,1.1789073981821273e-13
191.21491743377484,-9.102100487455058,5.097907556927379,-14.294565587069549,-19.704686952963826,2.442022467662978e-13
191.31606079457416,-8.960096691673895,5.098966722781552,-14.319310481734677,-19.737547987812018,1.6841534259744677e-13
191.4172226084692,-8.818134718947142,5.09997692324409,-14.34402554812639,-19.770027216836617,2.3578147963642546e-13
191.51840279836287,-8.676214003233095,5.100936648047326,-14.368710726810372,-19.8021241374482,2.020984111169361e-13
191.61960128704035,-8.5343339810582,5.101844386923598,-14.393365948535244,-19.833838248703362,2.2736071250655313e-13
191.72081799717475,-8.392494091485942,5.102698629605235,-14.417991134173835,-19.865169051339468,1.347322740779574e-13
191.8220528513324,-8.250693776085988,5.103497865824578,-14.44258619466489,-19.896116047809354,1.4315304120782974e-13
191.92330577197845,-8.108932478902913,5.104240585313956,-14.467151030955442,-19.926678742316508,7.578690416885104e-14
192.02457668148247,-7.9672096464247355,5.104925277805709,-14.491685533943649,-19.95685664085035,1.6841534259744677e-13
192.12586550212393,-7.825524727551248,5.1055504330321675,-14.516189584422282,-19.986649251221785,1.9367764398706378e-13
192.2271721560976,-7.683877173562194,5.106114540725667,-14.540663053022776,-20.016056083099095,2.1893994537668078e-13
192.32849656551917,-7.542266438085169,5.106616090618542,-14.565105800159806,-20.0450766480439,2.1051917824680845e-13
192.4298386524308,-7.400691977063402,5.107053572443126,-14.589517675976541,-20.07371045954756,1.1789073981821273e-13
192.53119833880652,-7.259153248723244,5.107425475931756,-14.61389852029039,-20.101957033067713,2.020984111169361e-13
192.6325755465579,-7.117649713541722,5.107730290816765,-14.638248162539409,-20.129815886065103,1.5999457546757442e-13
192.7339701975395,-6.976180834213435,5.107966506830489,-14.662566421729284,-20.157286538040648,2.2736071250655313e-13
192.83538221355442,-6.834746075617735,5.10813261370526,-14.686853106380894,-20.18436851057278,9.262843842859572e-14
192.93681151635982,-6.693344904785485,5.108227101173415,-14.711108014478517,-20.211061327355075,1.1789073981821273e-13
193.03825802767244,-6.551976790865695,5.108248458967286,-14.735330933418606,-20.23736451423405,1.4315304120782974e-13
193.13972166917418,-6.410641205091958,5.108195176819211,-14.75952163995919,-20.263277599247278,2.020984111169361e-13
193.24120236251764,-6.269337620748761,5.108065744461521,-14.783679900169922,-20.288800112661825,1.5999457546757442e-13
193.34270002933158,-6.128065513137566,5.107858651626555,-14.8078054693827,-20.31393158701281,1.2631150694808508e-13
193.4442145912265,-5.986824359542768,5.10757238804664,-14.831898092142946,-20.338671557142384,1.515738083377021e-13
193.54574596980027,-5.84561363919747,5.107205443454118,-14.855957502161479,-20.36301956023879,1.8525687685719145e-13
193.64729408664354,-5.704432833249085,5.106756307581321,-14.87998342226707,-20.386975135875925,6.73661370389787e-14
193.74885886334536,-5.563281424724818,5.106223470160582,-14.903975564359593,-20.410537826052895,1.9367764398706378e-13
193.85044022149876,-5.42215889849693,5.10560542092424,-14.927933629363821,-20.4337071752341,1.768361097273191e-13
193.95203808270622,-5.281064741247935,5.104900649604623,-14.951857307183904,-20.45648273038942,1.6841534259744677e-13
194.05365236858532,-5.139998441435539,5.104107645934072,-14.975746276658432,-20.478864041034676,5.0524602779234026e-14
194.15528300077423,-4.998959489257537,5.103224899644917,-14.999600205516195,-20.500850659272476,1.0104920555846805e-13
194.25692990093734,-4.857947376616496,5.102250900469496,-15.023418750332581,-20.522442139833153,2.1051917824680845e-13
194.35859299077077,-4.716961597084312,5.101184138140139,-15.047201556486678,-20.543638040116207,1.4315304120782974e-13
194.46027219200803,-4.5760016458666595,5.100023102389185,-15.070948258118934,-20.564437920231736,1.0946997268834039e-13
194.56196742642547,-4.435067019767259,5.098766282948965,-15.094658478089631,-20.584841343042417,1.515738083377021e-13
194.66367861584803,-4.294157217152051,5.097412169551818,-15.118331827937878,-20.604847874205518,1.9367764398706378e-13
194.76540568215472,-4.153271737913205,5.095959251930075,-15.141967907841419,-20.624457082215386,1.7262572616238293e-13
194.8671485472843,-4.012410083433045,5.094406019816069,-15.165566306576993,-20.643668538445997,4.210383564936169e-14
194.9689071332408,-3.8715717565478034,5.092750962942141,-15.189126601481496,-20.662481817193992,1.4315304120782974e-13
195.07068136209924,-3.7307562615113037,5.090992571040618,-15.21264835841374,-20.680896495721836,1.894672604221276e-13
195.1724711560112,-3.5899631039584725,5.0891293338438395,-15.236131131716945,-20.698912154301283,4.210383564936169e-15
195.27427643721043,-3.4491917908687904,5.087159741084139,-15.259574464181902,-20.716528376257113,4.631421921429786e-14
195.37609712801856,-3.3084418305295995,5.08508228249385,-15.282977887010894,-20.733744748011205,1.642049590325106e-13
195.47793315085084,-3.167712732499297,5.08289544780531,-15.306340919782208,-20.75056085912673,1.221011233831489e-13
195.5797844282216,-3.0270040075704547,5.080597726750848,-15.329663070415487,-20.766976302352823,1.221011233831489e-13
195.68165088275003,-2.8863151677328065,5.0781876090628035,-15.352943835137648,-20.782990673669254,1.5578419190263825e-13
195.78353243716597,-2.745645726136158,5.075663584473508,-15.37618269844968,-20.79860357233167,7.157652060391487e-14
195.8854290143155,-2.6049951970531744,5.0730241427153,-15.39937913309398,-20.813814600916835,1.347322740779574e-13
195.98734053716672,-2.464363095842108,5.070267773520509,-15.42253260002255,-20.828623365368347,9.262843842859572e-14
196.08926692881548,-2.323748938909412,5.067392966621475,-15.445642548365864,-20.843029475042453,8.420767129872338e-14
196.19120811249107,-2.1831522436722683,5.064398211750527,-15.468708415402444,-20.857032542754247,1.5999457546757442e-13
196.29316401156223,-2.0425725285210543,5.061281998640004,-15.491729626529196,-20.870632184824082,1.5999457546757442e-13
196.3951345495426,-1.9020093127816935,5.058042817022239,-15.514705595232487,-20.883828021124252,1.3052189051302125e-13
196.49711965009675,-1.7614621166779663,5.054679156629564,-15.537635723059955,-20.896619675125947,1.5367900012017016e-13
196.599119237046,-1.6209304612937128,5.051189507194317,-15.560519399593005,-20.90900677394643,1.620997672500425e-13
