galstreams/tracks/track.st.NGC1851.ibata2021.ecsv
# %ECSV 0.9
# ---
# datatype:
# - {name: ra, unit: deg, datatype: float64}
# - {name: dec, unit: deg, datatype: float64}
# - {name: distance, unit: kpc, datatype: float64}
# - {name: pm_ra_cosdec, unit: mas / yr, datatype: float64}
# - {name: pm_dec, unit: mas / yr, datatype: float64}
# - {name: radial_velocity, unit: km / s, datatype: float64}
# delimiter: ','
# meta: !!omap
# - __serialized_columns__:
#     dec:
#       __class__: astropy.coordinates.angles.Latitude
#       unit: &id001 !astropy.units.Unit {unit: deg}
#       value: !astropy.table.SerializedColumn {name: dec}
#     distance:
#       __class__: astropy.coordinates.distances.Distance
#       unit: !astropy.units.Unit {unit: kpc}
#       value: !astropy.table.SerializedColumn {name: distance}
#     pm_dec:
#       __class__: astropy.units.quantity.Quantity
#       unit: !astropy.units.Unit {unit: mas / yr}
#       value: !astropy.table.SerializedColumn {name: pm_dec}
#     pm_ra_cosdec:
#       __class__: astropy.units.quantity.Quantity
#       unit: !astropy.units.Unit {unit: mas / yr}
#       value: !astropy.table.SerializedColumn {name: pm_ra_cosdec}
#     ra:
#       __class__: astropy.coordinates.angles.Longitude
#       unit: *id001
#       value: !astropy.table.SerializedColumn {name: ra}
#       wrap_angle: !astropy.coordinates.Angle
#         unit: *id001
#         value: 360.0
#     radial_velocity:
#       __class__: astropy.units.quantity.Quantity
#       unit: !astropy.units.Unit {unit: km / s}
#       value: !astropy.table.SerializedColumn {name: radial_velocity}
# schema: astropy-2.0
ra,dec,distance,pm_ra_cosdec,pm_dec,radial_velocity
[from data line 689]
78.0636493417132,-43.96671860582934,13.590952496511395,2.354823800910562,-0.5848591710038467,-6.315575347404253e-15
78.06470652747998,-43.95716906321189,13.591240359712014,2.354786844399204,-0.5848019269841777,1.0525958912340423e-14
78.06577583590871,-43.947620025676166,13.591530651782382,2.3547495541437584,-0.5847438372723834,2.1051917824680845e-15
78.06685720692109,-43.938071490628914,13.591823359413432,2.3547119318332337,-0.5846849055767431,8.420767129872338e-15
78.06795058047977,-43.928523455475315,13.592118469296112,2.354673979156918,-0.5846251356033129,0.0
78.06905589658851,-43.91897591761905,13.592415968121355,2.3546356978043863,-0.5845645310559204,1.2631150694808506e-14
78.07017309529188,-43.90942887446235,13.592715842580112,2.354597089465504,-0.584503095636165,1.2631150694808506e-14
78.07130211667537,-43.89988232340601,13.59301807936332,2.3545581558304436,-0.5844408330434109,2.7367493172085098e-14
78.07244290086524,-43.89033626184954,13.59332266516192,2.3545188985896885,-0.584377746974788,-2.1051917824680845e-15
78.07359538802855,-43.88079068719119,13.593629586666856,2.35447931943404,-0.5843138411251843,6.315575347404253e-15
78.07475951837299,-43.87124559682796,13.593938830569067,2.3544394200546264,-0.5842491191872474,1.6841534259744676e-14
78.0759352321469,-43.861700988155754,13.594250383559494,2.3543992021429143,-0.5841835848513781,-4.210383564936169e-15
78.07712246963922,-43.85215685856933,13.594564232329082,2.3543586673907155,-0.584117241805729,1.894672604221276e-14
78.07832117117934,-43.84261320546247,13.594880363568766,2.3543178174901884,-0.5840500937362015,1.0525958912340423e-14
78.07953127713714,-43.83307002622796,13.595198763969496,2.354276654133854,-0.5839821443264414,1.473634247727659e-14
78.08075272792287,-43.82352731825766,13.59551942022221,2.3542351790146023,-0.5839133972578384,1.894672604221276e-14
78.08198546398715,-43.813985078942615,13.595842319017846,2.354193393825698,-0.5838438562095212,1.473634247727659e-14
78.08322942582083,-43.80444330567305,13.59616744704735,2.3541513002607903,-0.5837735248583562,-2.1051917824680845e-15
78.08448455395505,-43.79490199583843,13.596494791001666,2.3541089000139155,-0.583702406878942,1.0525958912340423e-14
78.08575078896101,-43.78536114682759,13.596824337571725,2.3540661947795156,-0.5836305059436111,4.210383564936169e-15
78.08702807145009,-43.7758207560287,13.597156073448474,2.3540231862524323,-0.5835578257224217,1.0525958912340423e-14
78.08831634207371,-43.766280820829394,13.597489985322861,2.353979876127924,-0.5834843698831597,1.2631150694808506e-14
78.08961554152323,-43.756741338616735,13.597826059885817,2.353936266101674,-0.583410142091334,0.0
78.09092561053001,-43.747202306777396,13.598164283828293,2.3538923578697895,-0.5833351460101721,1.6841534259744676e-14
78.0922464898652,-43.7376637226976,13.598504643841222,2.3538481531288165,-0.583259385300622,-6.315575347404253e-15
78.09357812033987,-43.72812558376326,13.598847126615551,2.3538036535757456,-0.5831828636213445,2.1051917824680845e-15
78.09492044280475,-43.71858788735996,13.599191718842219,2.35375886090802,-0.5831055846287136,1.0525958912340423e-14
78.09627339815033,-43.709050630873065,13.599538407212174,2.3537137768235343,-0.5830275519768136,0.0
78.09763692730674,-43.69951381168776,13.599887178416342,2.353668403020661,-0.5829487693174363,6.315575347404253e-15
78.09901097124369,-43.68997742718908,13.600238019145683,2.353622741198233,-0.5828692403000777,2.1051917824680845e-15
78.10039547097041,-43.68044147476199,13.600590916091125,2.3535767930555713,-0.5827889685719371,1.0525958912340423e-14
78.10179036753566,-43.670905951791426,13.60094585594362,2.35353056029248,-0.582707957777913,1.0525958912340423e-14
78.10319560202754,-43.66137085566236,13.601302825394097,2.3534840446092606,-0.5826262115606023,-1.0525958912340423e-14
78.10461111557362,-43.651836183759826,13.601661811133505,2.3534372477067147,-0.5825437335602961,2.7367493172085098e-14
78.10603684934065,-43.642301933469014,13.602022799852788,2.3533901712861476,-0.5824605274149797,2.947268495455318e-14
78.10747274453475,-43.63276810217523,13.602385778242883,2.353342817049387,-0.5823765967603276,8.420767129872338e-15
78.10891874240119,-43.62323468726411,13.602750732994735,2.353295186698775,-0.5822919452297028,1.894672604221276e-14
78.11037478422438,-43.61370168612148,13.603117650799282,2.3532472819371884,-0.5822065764541553,4.210383564936169e-15
78.11184081132781,-43.60416909613357,13.603486518347468,2.353199104468036,-0.582120494062417,2.5262301389617013e-14
78.11331676507402,-43.59463691468692,13.60385732233023,2.3531506559952664,-0.582033701680903,-2.1051917824680845e-15
78.11480258686453,-43.58510513916857,13.604230049438515,2.3531019382233813,-0.5819462029337055,0.0
78.11629821813979,-43.575573766966,13.604604686363261,2.353052952857435,-0.5818580014425958,1.894672604221276e-14
78.11780360037906,-43.56604279546722,13.604981219795414,2.3530037016030416,-0.5817691008270198,2.1051917824680845e-15
78.11931867510049,-43.556512222060846,13.60535963642591,2.3529541861663863,-0.5816795047040956,1.473634247727659e-14
78.12084338386094,-43.546982044136065,13.605739922945697,2.352904408254226,-0.5815892166886119,6.315575347404253e-15
78.122377668256,-43.5374522590828,13.60612206604571,2.352854369573902,-0.5814982403930267,2.1051917824680846e-14
78.12392146991986,-43.52792286429164,13.60650605241689,2.3528040718333396,-0.5814065794274652,-2.1051917824680845e-15
78.12547473052538,-43.518393857153974,13.606891868750182,2.352753516741057,-0.5813142373997157,-2.1051917824680845e-15
78.12703739178392,-43.508865235062025,13.607279501736528,2.3527027060061734,-0.5812212179152305,-2.1051917824680845e-15
78.12860939544532,-43.49933699540881,13.607668938066869,2.3526516413384133,-0.5811275245771219,1.0525958912340423e-14
78.13019068329787,-43.489809135588295,13.608060164432146,2.3526003244481126,-0.5810331609861613,8.420767129872338e-15
78.13178119716821,-43.480281652995394,13.608453167523303,2.352548757046228,-0.5809381307407777,-2.1051917824680845e-15
78.13338087892139,-43.47075454502604,13.608847934031273,2.3524969408443352,-0.5808424374370542,2.5262301389617013e-14
78.1349896704606,-43.46122780907715,13.60924445064701,2.352444877554643,-0.5807460846687278,2.1051917824680845e-15
78.13660751372738,-43.45170144254678,13.609642704061446,2.352392568889995,-0.5806490760271863,1.2631150694808506e-14
78.13823435070137,-43.44217544283408,13.610042680965526,2.3523400165638777,-0.5805514151014683,1.0525958912340423e-14
78.13987012340033,-43.4326498073394,13.610444368050187,2.352287222290422,-0.5804531054782589,1.6841534259744676e-14
78.14151477388006,-43.42312453346432,13.610847752006382,2.3522341877844153,-0.5803541507418906,2.1051917824680845e-15
78.14316824423445,-43.41359961861163,13.611252819525037,2.3521809147613033,-0.5802545544743396,6.315575347404253e-15
78.14483047659526,-43.404075060185455,13.611659557297104,2.3521274049371943,-0.5801543202552246,1.473634247727659e-14
78.14650141313217,-43.394550855591284,13.612067952013525,2.352073660028869,-0.5800534516618068,1.6841534259744676e-14
78.14818099605274,-43.38502700223595,13.612477990365234,2.3520196817537844,-0.5799519522689862,1.2631150694808506e-14
78.14986916760232,-43.37550349752779,13.61288965904318,2.3519654718300753,-0.5798498256493003,1.6841534259744676e-14
78.15156587006398,-43.36598033887651,13.6133029447383,2.351911031976568,-0.5797470753729238,1.473634247727659e-14
78.15327104575852,-43.3564575236934,13.613717834141541,2.3518563639127787,-0.5796437050076654,6.315575347404253e-15
78.15498463704434,-43.34693504939131,13.614134313943838,2.351801469358921,-0.5795397181189684,-2.1051917824680845e-15
78.15670658631748,-43.33741291338465,13.614552370836133,2.3517463500359135,-0.579435118269906,1.2631150694808506e-14
78.15843683601149,-43.32789111308946,13.614971991509371,2.3516910076653796,-0.5793299090211836,6.315575347404253e-15
78.1601753285974,-43.3183696459235,13.615393162654492,2.3516354439696614,-0.5792240939311348,6.315575347404253e-15
78.1619220065837,-43.30884850930621,13.61581587096244,2.351579660671816,-0.5791176765557214,6.315575347404253e-15
78.16367681251626,-43.29932770065876,13.616240103124147,2.351523659495625,-0.5790106604485294,1.0525958912340423e-14
78.16543968897825,-43.28980721740417,13.616665845830568,2.3514674421656,-0.5789030491607725,6.315575347404253e-15
78.16721057859017,-43.28028705696724,13.617093085772636,2.3514110104069874,-0.5787948462412853,6.315575347404253e-15
78.16898942400971,-43.270767216774686,13.617521809641293,2.3513543659457703,-0.5786860552365265,2.1051917824680845e-15
78.1707761679318,-43.26124769425507,13.617952004127481,2.351297510508679,-0.578576679690574,-2.1051917824680845e-15
78.17257075308842,-43.25172848683897,13.61838365592215,2.351240445823189,-0.5784667231451268,4.210383564936169e-15
78.1743731222487,-43.242209591958876,13.618816751716224,2.3511831736175366,-0.5783561891395019,1.473634247727659e-14
78.17618321821875,-43.23269100704934,13.619251278200661,2.351125695620708,-0.578245081210633,1.2631150694808506e-14
78.1780009838417,-43.22317272954696,13.619687222066394,2.3510680135624598,-0.5781334028930702,1.2631150694808506e-14
78.17982636199756,-43.213654756890406,13.620124570004368,2.351010129173315,-0.5780211577189793,1.6841534259744676e-14
78.18165929560328,-43.20413708652048,13.620563308705524,2.3509520441845675,-0.577908349218138,1.2631150694808506e-14
78.18349972761257,-43.19461971588019,13.621003424860797,2.350893760328294,-0.5777949809179395,8.420767129872338e-15
78.18534760101599,-43.18510264241467,13.62144490516114,2.3508352793373466,-0.5776810563433852,2.7367493172085098e-14
78.18720285884075,-43.175585863571364,13.621887736297479,2.350776602945372,-0.5775665790170907,0.0
78.18906544415084,-43.16606937679989,13.622331904960776,2.350717732886799,-0.5774515524592775,8.420767129872338e-15
78.19093530004677,-43.15655317955224,13.622777397841956,2.350658670896864,-0.5773359801877792,-2.1051917824680845e-15
78.19281236966573,-43.14703726928274,13.623224201631968,2.3505994187115915,-0.5772198657180343,1.2631150694808506e-14
78.19469659618136,-43.13752164344804,13.623672303021747,2.350539978067821,-0.57710321256309,2.1051917824680845e-15
78.19658792280381,-43.128006299507234,13.624121688702248,2.3504803507031933,-0.5769860242335972,8.420767129872338e-15
78.19848629277972,-43.11849123492181,13.624572345364397,2.3504205383561683,-0.576868304237814,1.0525958912340423e-14
78.20039164939202,-43.10897644715578,13.625024259699142,2.3503605427660204,-0.5767500560816006,2.1051917824680846e-14
78.20230393596003,-43.09946193367559,13.625477418397429,2.3503003656728443,-0.5766312832684211,2.315710960714893e-14
78.20422309583937,-43.08994769195028,13.62593180815019,2.3502400088175666,-0.5765119892993427,2.1051917824680846e-14
78.20614907242184,-43.080433719451406,13.626387415648374,2.3501794739419366,-0.5763921776730329,1.0525958912340423e-14
78.20808180913549,-43.07092001365314,13.62684422758292,2.3501187627885445,-0.5762718518857601,8.420767129872338e-15
78.21002124944448,-43.0614065720323,13.62730223064477,2.350057877100813,-0.5761510154313944,4.210383564936169e-15
78.21196733684909,-43.05189339206832,13.627761411524862,2.349996818623013,-0.5760296718014029,1.473634247727659e-14
78.21392001488559,-43.04238047124335,13.62822175691414,2.349935589100255,-0.5759078244848534,4.210383564936169e-15
78.21587922712632,-43.03286780704224,13.628683253503551,2.349874190278504,-0.5757854769684104,-2.1051917824680845e-15
78.21784491717952,-43.023355396952596,13.629145887984029,2.349812623904578,-0.5756626327363363,1.2631150694808506e-14
78.21981702868933,-43.01384323846484,13.629609647046518,2.3497508917261514,-0.5755392952704912,6.315575347404253e-15
78.22179550533579,-43.00433132907211,13.630074517381955,2.3496889954917632,-0.5754154680503294,1.894672604221276e-14
78.2237802908347,-42.99481966627047,13.630540485681294,2.3496269369508136,-0.5752911545529016,2.1051917824680846e-14
78.22577132893763,-42.985308247558784,13.631007538635462,2.3495647178535757,-0.5751663582528551,2.1051917824680846e-14
78.22776856343187,-42.975797070438844,13.631475662935411,2.3495023399511914,-0.5750410826224293,1.473634247727659e-14
78.22977193814036,-42.96628613241536,13.631944845272082,2.3494398049956797,-0.5749153311314597,8.420767129872338e-15
78.23178139692169,-42.95677543099598,13.632415072336407,2.3493771147399443,-0.5747891072473743,4.210383564936169e-15
78.23379688366998,-42.94726496369132,13.632886330819337,2.3493142709377652,-0.5746624144351946,-2.1051917824680845e-15
78.23581834231493,-42.93775472801501,13.633358607411807,2.3492512753438124,-0.574535256157535,8.420767129872338e-15
78.23784571682164,-42.92824472148371,13.633831888804762,2.349188129713648,-0.5744076358746022,8.420767129872338e-15
78.2398789511907,-42.918734941617124,13.634306161689146,2.3491248358037224,-0.5742795570441945,1.473634247727659e-14
78.24191798945806,-42.90922538593806,13.634781412755896,2.3490613953713897,-0.5741510231217034,0.0
78.24396277569502,-42.8997160519724,13.635257628695953,2.3489978101748976,-0.574022037560109,1.473634247727659e-14
78.24601325400815,-42.8902069372492,13.635734796200264,2.3489340819734013,-0.5738926038099859,0.0
78.24806936853929,-42.88069803930063,13.636212901959764,2.3488702125269634,-0.5737627253194963,8.420767129872338e-15
78.25013106346545,-42.87118935566206,13.636691932665398,2.3488062035965527,-0.5736324055343952,1.473634247727659e-14
78.25219828299882,-42.86168088387211,13.637171875008107,2.348742056944055,-0.5735016478980275,6.315575347404253e-15
78.25427097138669,-42.852172621472555,13.637652715678836,2.3486777743322693,-0.573370455851327,1.0525958912340423e-14
78.2563490729114,-42.84266456600847,13.63813444136852,2.3486133575249184,-0.5732388328328193,6.315575347404253e-15
78.25843253189032,-42.83315671502822,13.638617038768105,2.3485488082866395,-0.5731067822786188,1.2631150694808506e-14
78.26052129267578,-42.82364906608345,13.639100494568527,2.348484128383004,-0.5729743076224296,1.2631150694808506e-14
78.26261529965504,-42.81414161672914,13.63958479546074,2.3484193195805037,-0.5728414122955459,1.473634247727659e-14
78.26471449725021,-42.80463436452362,13.64006992813567,2.3483543836465692,-0.5727080997268517,1.0525958912340423e-14
78.2668188299183,-42.79512730702859,13.640555879284268,2.348289322349559,-0.5725743733428195,0.0
78.26892824215103,-42.78562044180915,13.64104263559747,2.3482241374587693,-0.5724402365675125,0.0
78.27104267847494,-42.7761137664338,13.641530183766227,2.3481588307444397,-0.5723056928225819,1.473634247727659e-14
78.27316208345121,-42.76660727847449,13.642018510481469,2.3480934039777477,-0.57217074552727,1.0525958912340423e-14
78.2752864016757,-42.757100975506624,13.642507602434144,2.3480278589308186,-0.5720353980984083,1.2631150694808506e-14
78.27741557777887,-42.74759485510908,13.642997446315192,2.3479621973767233,-0.5718996539504173,-2.1051917824680845e-15
78.27954955642574,-42.738088914864264,13.643488028815556,2.347896421089485,-0.5717635164953077,1.0525958912340423e-14
78.28168828231587,-42.72858315235808,13.643979336626172,2.34783053184408,-0.5716269891426801,4.210383564936169e-15
78.28383170018327,-42.71907756517996,13.64447135643799,2.347764531416437,-0.571490075299725,-4.210383564936169e-15
78.28597975479641,-42.709572150922924,13.644964074941944,2.347698421583447,-0.5713527783712227,2.1051917824680845e-15
78.28813239095814,-42.70006690718359,13.645457478828979,2.3476322041229576,-0.5712151017595453,1.0525958912340423e-14
78.29028955350562,-42.6905618315621,13.645951554790038,2.3475658808137805,-0.5710770488646535,2.1051917824680845e-15
78.29245118731035,-42.68105692166228,13.646446289516057,2.347499453435694,-0.5709386230841007,-6.315575347404253e-15
78.29461723727806,-42.67155217509159,13.646941669697984,2.347432923769443,-0.5707998278130297,2.1051917824680845e-15
