galstreams/tracks/track.st.Murrumbidgee.grillmair2017b.ecsv
# %ECSV 0.9
# ---
# datatype:
# - {name: ra, unit: deg, datatype: float64}
# - {name: dec, unit: deg, datatype: float64}
# - {name: distance, unit: kpc, datatype: float64}
# - {name: pm_ra_cosdec, unit: mas / yr, datatype: float64}
# - {name: pm_dec, unit: mas / yr, datatype: float64}
# - {name: radial_velocity, unit: km / s, datatype: float64}
# delimiter: ','
# meta: !!omap
# - __serialized_columns__:
#     dec:
#       __class__: astropy.coordinates.angles.Latitude
#       unit: &id001 !astropy.units.Unit {unit: deg}
#       value: !astropy.table.SerializedColumn {name: dec}
#     distance:
#       __class__: astropy.coordinates.distances.Distance
#       unit: !astropy.units.Unit {unit: kpc}
#       value: !astropy.table.SerializedColumn {name: distance}
#     pm_dec:
#       __class__: astropy.units.quantity.Quantity
#       unit: !astropy.units.Unit {unit: mas / yr}
#       value: !astropy.table.SerializedColumn {name: pm_dec}
#     pm_ra_cosdec:
#       __class__: astropy.units.quantity.Quantity
#       unit: !astropy.units.Unit {unit: mas / yr}
#       value: !astropy.table.SerializedColumn {name: pm_ra_cosdec}
#     ra:
#       __class__: astropy.coordinates.angles.Longitude
#       unit: *id001
#       value: !astropy.table.SerializedColumn {name: ra}
#       wrap_angle: !astropy.coordinates.Angle
#         unit: *id001
#         value: 360.0
#     radial_velocity:
#       __class__: astropy.units.quantity.Quantity
#       unit: !astropy.units.Unit {unit: km / s}
#       value: !astropy.table.SerializedColumn {name: radial_velocity}
# schema: astropy-2.0
ra,dec,distance,pm_ra_cosdec,pm_dec,radial_velocity
[from data line 10378]
6.230585005685224,3.3161152459925978,20.00000000000003,0.0,0.0,0.0
6.225857247476836,3.3246939593372953,20.00000000000003,0.0,0.0,0.0
6.221128838545857,3.333272408677637,20.000000000000032,0.0,0.0,0.0
6.216399780847532,3.341850595097575,20.00000000000003,0.0,0.0,0.0
6.211670076336349,3.3504285196803685,20.00000000000003,0.0,0.0,0.0
6.206939726965996,3.3590061835084803,20.00000000000003,0.0,0.0,0.0
6.202208734689418,3.3675835876636726,20.00000000000003,0.0,0.0,0.0
6.197477101458748,3.376160733226905,20.00000000000003,0.0,0.0,0.0
6.192744829225303,3.384737621278453,20.00000000000003,0.0,0.0,0.0
6.188011919939621,3.3933142528977602,20.00000000000003,0.0,0.0,0.0
6.183278375551396,3.401890629163564,20.00000000000003,0.0,0.0,0.0
6.178544198009511,3.410466751153814,20.000000000000032,0.0,0.0,0.0
6.173809389262044,3.419042619945655,20.00000000000003,0.0,0.0,0.0
6.1690739512561725,3.427618236615504,20.00000000000003,0.0,0.0,0.0
6.1643378859382585,3.436193602238986,20.000000000000032,0.0,0.0,0.0
6.159601195253808,3.4447687178909514,20.00000000000003,0.0,0.0,0.0
6.154863881147439,3.4533435846454417,20.000000000000032,0.0,0.0,0.0
6.150125945562917,3.4619182035757396,20.000000000000032,0.0,0.0,0.0
6.14538739044311,3.4704925757543026,20.00000000000002,0.0,0.0,0.0
6.140648217729987,3.479066702252809,20.00000000000003,0.0,0.0,0.0
6.135908429364642,3.4876405841421336,20.000000000000032,0.0,0.0,0.0
6.131168027287233,3.496214222492359,20.00000000000003,0.0,0.0,0.0
6.126427013436988,3.504787618372735,20.00000000000003,0.0,0.0,0.0
6.121685389752244,3.5133607728517147,20.00000000000003,0.0,0.0,0.0
6.116943158170383,3.5219336869969293,20.000000000000025,0.0,0.0,0.0
6.112200320627844,3.530506361875192,20.00000000000003,0.0,0.0,0.0
6.107456879060105,3.5390787985524965,20.00000000000003,0.0,0.0,0.0
6.1027128354016975,3.5476509980939896,20.00000000000003,0.0,0.0,0.0
6.097968191586173,3.5562229615640106,20.00000000000003,0.0,0.0,0.0
6.093222949546115,3.564794690026047,20.000000000000032,0.0,0.0,0.0
6.088477111213086,3.573366184542795,20.00000000000003,0.0,0.0,0.0
6.083730678517703,3.581937446175985,20.00000000000003,0.0,0.0,0.0
6.078983653389541,3.590508475986641,20.00000000000003,0.0,0.0,0.0
6.074236037757168,3.5990792750348692,20.00000000000003,0.0,0.0,0.0
6.069487833548132,3.607649844379899,20.000000000000032,0.0,0.0,0.0
6.064739042688949,3.616220185080155,20.00000000000003,0.0,0.0,0.0
6.059989667105089,3.6247902981931848,20.00000000000003,0.0,0.0,0.0
6.055239708721007,3.6333601847756207,20.000000000000025,0.0,0.0,0.0
6.050489169460047,3.641929845883287,20.00000000000003,0.0,0.0,0.0
6.045738051244523,3.6504992825710962,20.00000000000003,0.0,0.0,0.0
6.04098635599567,3.6590684958931075,20.00000000000003,0.0,0.0,0.0
6.0362340856336125,3.667637486902474,20.00000000000003,0.0,0.0,0.0
6.0314812420774,3.676206256651499,20.000000000000036,0.0,0.0,0.0
6.026727827245024,3.6847748061915397,20.000000000000032,0.0,0.0,0.0
6.021973843053288,3.6933431365731098,20.00000000000003,0.0,0.0,0.0
6.017219291417914,3.7019112488457866,20.000000000000025,0.0,0.0,0.0
6.012464174253503,3.710479144058286,20.000000000000032,0.0,0.0,0.0
6.007708493473494,3.7190468232583958,20.00000000000003,0.0,0.0,0.0
6.002952250990205,3.727614287492997,20.00000000000003,0.0,0.0,0.0
5.998195448714783,3.736181537808028,20.000000000000036,0.0,0.0,0.0
5.993438088557238,3.744748575248564,20.00000000000003,0.0,0.0,0.0
5.98868017242635,3.753315400858731,20.000000000000036,0.0,0.0,0.0
5.983921702229783,3.761882015681726,20.00000000000003,0.0,0.0,0.0
5.979162679873964,3.7704484207598146,20.00000000000003,0.0,0.0,0.0
5.974403107264114,3.779014617134366,20.000000000000032,0.0,0.0,0.0
5.969642986304314,3.7875806058457333,20.00000000000003,0.0,0.0,0.0
5.964882318897348,3.7961463879334083,20.00000000000003,0.0,0.0,0.0
5.9601211069448174,3.8047119644358918,20.00000000000003,0.0,0.0,0.0
5.955359352347063,3.8132773363907804,20.000000000000036,0.0,0.0,0.0
5.950597057003201,3.8218425048346503,20.000000000000032,0.0,0.0,0.0
5.945834222811073,3.8304074708031894,20.00000000000003,0.0,0.0,0.0
5.941070851667289,3.8389722353310503,20.000000000000032,0.0,0.0,0.0
5.936306945467152,3.8475367994520044,20.000000000000036,0.0,0.0,0.0
5.93154250610471,3.8561011641987806,20.000000000000032,0.0,0.0,0.0
5.92677753547269,3.864665330603193,20.00000000000003,0.0,0.0,0.0
5.922012035462547,3.8732292996960305,20.00000000000003,0.0,0.0,0.0
5.917246007964412,3.881793072507154,20.000000000000032,0.0,0.0,0.0
5.91247945486714,3.8903566500653577,20.000000000000032,0.0,0.0,0.0
5.907712378058178,3.898920033398527,20.000000000000032,0.0,0.0,0.0
5.9029447794237,3.9074832235335286,20.00000000000003,0.0,0.0,0.0
5.898176660848523,3.916046221496201,20.00000000000003,0.0,0.0,0.0
5.893408024216098,3.924609028311441,20.000000000000032,0.0,0.0,0.0
5.888638871408505,3.933171645003081,20.00000000000003,0.0,0.0,0.0
5.883869204306489,3.9417340725939702,20.00000000000003,0.0,0.0,0.0
5.879099024789363,3.9502963121059453,20.00000000000003,0.0,0.0,0.0
5.874328334735071,3.9588583645598336,20.000000000000032,0.0,0.0,0.0
5.869557136020175,3.9674202309754265,20.00000000000003,0.0,0.0,0.0
5.864785430519792,3.9759819123714824,20.00000000000003,0.0,0.0,0.0
5.860013220107639,3.9845434097657715,20.000000000000025,0.0,0.0,0.0
5.855240506656012,3.9931047241749567,20.00000000000003,0.0,0.0,0.0
5.850467292035756,4.001665856614746,20.00000000000003,0.0,0.0,0.0
5.845693578116251,4.010226808099755,20.00000000000003,0.0,0.0,0.0
5.84091936676546,4.018787579643548,20.00000000000003,0.0,0.0,0.0
5.836144659849859,4.027348172258685,20.00000000000003,0.0,0.0,0.0
5.831369459234425,4.035908586956645,20.00000000000003,0.0,0.0,0.0
5.826593766782708,4.044468824747812,20.000000000000032,0.0,0.0,0.0
5.8218175843567215,4.053028886641569,20.00000000000003,0.0,0.0,0.0
5.817040913816958,4.061588773646192,20.000000000000032,0.0,0.0,0.0
5.812263757022445,4.070148486768923,20.00000000000003,0.0,0.0,0.0
5.80748611583067,4.078708027015892,20.00000000000003,0.0,0.0,0.0
5.802707992097546,4.087267395392188,20.000000000000025,0.0,0.0,0.0
5.797929387677519,4.09582659290176,20.000000000000036,0.0,0.0,0.0
5.7931503044234285,4.104385620547523,20.00000000000003,0.0,0.0,0.0
5.788370744186594,4.112944479331279,20.00000000000003,0.0,0.0,0.0
5.7835907088167104,4.121503170253774,20.00000000000003,0.0,0.0,0.0
5.778810200161933,4.130061694314569,20.00000000000003,0.0,0.0,0.0
5.774029220068814,4.138620052512212,20.000000000000032,0.0,0.0,0.0
5.769247770382329,4.147178245844087,20.000000000000032,0.0,0.0,0.0
5.764465852945826,4.155736275306464,20.000000000000032,0.0,0.0,0.0
5.7596834696010335,4.164294141894561,20.00000000000003,0.0,0.0,0.0
5.754900622188047,4.172851846602394,20.000000000000032,0.0,0.0,0.0
5.750117312545352,4.18140939042292,20.000000000000025,0.0,0.0,0.0
5.745333542509739,4.189966774347915,20.000000000000036,0.0,0.0,0.0
5.740549313916409,4.198523999368082,20.00000000000003,0.0,0.0,0.0
5.735764628598841,4.207081066472918,20.00000000000003,0.0,0.0,0.0
5.730979488388874,4.21563797665084,20.000000000000036,0.0,0.0,0.0
5.726193895116633,4.224194730889071,20.000000000000032,0.0,0.0,0.0
5.721407850610562,4.2327513301737225,20.00000000000003,0.0,0.0,0.0
5.716621356697395,4.24130777548975,20.00000000000003,0.0,0.0,0.0
5.711834415202165,4.249864067820922,20.00000000000003,0.0,0.0,0.0
5.707047027948175,4.258420208149876,20.00000000000003,0.0,0.0,0.0
5.702259196756983,4.266976197458053,20.00000000000003,0.0,0.0,0.0
5.697470923448408,4.275532036725751,20.00000000000003,0.0,0.0,0.0
5.69268220984054,4.284087726932099,20.000000000000032,0.0,0.0,0.0
5.6878930577496645,4.292643269055007,20.000000000000032,0.0,0.0,0.0
5.6831034689903115,4.30119866407126,20.000000000000032,0.0,0.0,0.0
5.678313445375247,4.309753912956391,20.000000000000032,0.0,0.0,0.0
5.673522988715424,4.318309016684783,20.00000000000003,0.0,0.0,0.0
5.668732100820002,4.326863976229628,20.00000000000003,0.0,0.0,0.0
5.66394078349632,4.335418792562888,20.00000000000003,0.0,0.0,0.0
5.6591490385498835,4.3439734666553536,20.00000000000003,0.0,0.0,0.0
5.654356867784394,4.3525279994766,20.000000000000032,0.0,0.0,0.0
5.64956427300172,4.361082391994952,20.00000000000003,0.0,0.0,0.0
5.644771256001819,4.36963664517757,20.000000000000036,0.0,0.0,0.0
5.639977818582862,4.378190759990362,20.000000000000032,0.0,0.0,0.0
5.6351839625410785,4.386744737398028,20.000000000000036,0.0,0.0,0.0
5.63038968967087,4.395298578364019,20.000000000000032,0.0,0.0,0.0
5.625595001764706,4.403852283850588,20.00000000000003,0.0,0.0,0.0
5.620799900613197,4.412405854818699,20.00000000000003,0.0,0.0,0.0
5.616004388005003,4.420959292228103,20.000000000000032,0.0,0.0,0.0
5.611208465726893,4.429512597037314,20.000000000000032,0.0,0.0,0.0
5.606412135563677,4.4380657702035755,20.000000000000032,0.0,0.0,0.0
5.601615399298241,4.446618812682883,20.00000000000003,0.0,0.0,0.0
5.5968182587115045,4.455171725429985,20.000000000000032,0.0,0.0,0.0
5.592020715582455,4.463724509398331,20.00000000000003,0.0,0.0,0.0
5.587222771688083,4.472277165540149,20.00000000000002,0.0,0.0,0.0
5.582424428803401,4.480829694806343,20.00000000000003,0.0,0.0,0.0
5.57762568870144,4.4893820981466,20.000000000000025,0.0,0.0,0.0
5.572826553153197,4.497934376509266,20.000000000000032,0.0,0.0,0.0
5.568027023927702,4.506486530841461,20.00000000000003,0.0,0.0,0.0
5.563227102791937,4.51503856208895,20.00000000000003,0.0,0.0,0.0
5.558426791510871,4.523590471196259,20.000000000000025,0.0,0.0,0.0
5.553626091847384,4.532142259106587,20.000000000000032,0.0,0.0,0.0
5.548825005562368,4.540693926761833,20.00000000000003,0.0,0.0,0.0
5.5440235344146025,4.54924547510261,20.00000000000003,0.0,0.0,0.0
5.539221680160792,4.55779690506819,20.000000000000036,0.0,0.0,0.0
5.534419444555636,4.566348217596547,20.00000000000003,0.0,0.0,0.0
5.529616829351617,4.5748994136243235,20.00000000000003,0.0,0.0,0.0
5.524813836299208,4.583450494086849,20.00000000000003,0.0,0.0,0.0
5.520010467146743,4.592001459918133,20.00000000000003,0.0,0.0,0.0
5.515206723640409,4.60055231205082,20.000000000000025,0.0,0.0,0.0
5.510402607524285,4.60910305141625,20.00000000000003,0.0,0.0,0.0
5.505598120540296,4.617653678944387,20.000000000000036,0.0,0.0,0.0
5.5007932644282045,4.626204195563889,20.000000000000025,0.0,0.0,0.0
5.4959880409256225,4.634754602202019,20.00000000000003,0.0,0.0,0.0
5.491182451767979,4.643304899784725,20.000000000000032,0.0,0.0,0.0
5.486376498688509,4.651855089236575,20.00000000000003,0.0,0.0,0.0
5.481570183418265,4.660405171480785,20.000000000000025,0.0,0.0,0.0
5.476763507686077,4.668955147439166,20.000000000000032,0.0,0.0,0.0
5.47195647321858,4.6775050180322095,20.000000000000032,0.0,0.0,0.0
5.467149081740151,4.686054784178996,20.000000000000025,0.0,0.0,0.0
5.462341334972943,4.6946044467972285,20.00000000000003,0.0,0.0,0.0
5.457533234636877,4.703154006803226,20.000000000000032,0.0,0.0,0.0
5.452724782449587,4.711703465111954,20.000000000000025,0.0,0.0,0.0
5.447915980126465,4.7202528226368985,20.00000000000003,0.0,0.0,0.0
5.443106829380595,4.728802080290201,20.00000000000003,0.0,0.0,0.0
5.438297331922788,4.7373512389826296,20.000000000000025,0.0,0.0,0.0
5.4334874894615375,4.745900299623471,20.00000000000003,0.0,0.0,0.0
5.428677303703051,4.75444926312066,20.000000000000032,0.0,0.0,0.0
5.423866776351194,4.76299813038069,20.00000000000003,0.0,0.0,0.0
5.419055909107509,4.771546902308626,20.000000000000032,0.0,0.0,0.0
5.4142447036712005,4.780095579808093,20.00000000000003,0.0,0.0,0.0
5.409433161739095,4.788644163781343,20.000000000000025,0.0,0.0,0.0
5.404621285005661,4.797192655129123,20.000000000000025,0.0,0.0,0.0
5.399809075163012,4.805741054750796,20.000000000000032,0.0,0.0,0.0
5.3949965339008665,4.814289363544266,20.00000000000003,0.0,0.0,0.0
5.39018366290655,4.822837582405954,20.00000000000003,0.0,0.0,0.0
5.385370463864953,4.831385712230855,20.000000000000032,0.0,0.0,0.0
5.380556938458597,4.839933753912534,20.00000000000003,0.0,0.0,0.0
5.375743088367528,4.848481708343037,20.000000000000025,0.0,0.0,0.0
5.370928915269381,4.85702957641299,20.00000000000003,0.0,0.0,0.0
5.366114420839333,4.86557735901152,20.00000000000003,0.0,0.0,0.0
5.361299606750086,4.874125057026309,20.000000000000032,0.0,0.0,0.0
5.356484474671916,4.882672671343512,20.000000000000032,0.0,0.0,0.0
5.351669026272572,4.891220202847833,20.00000000000003,0.0,0.0,0.0
5.3468532632173105,4.899767652422469,20.00000000000003,0.0,0.0,0.0
5.342037187168913,4.908315020949158,20.000000000000032,0.0,0.0,0.0
5.337220799787636,4.916862309308088,20.00000000000003,0.0,0.0,0.0
5.332404102731186,4.925409518378005,20.00000000000003,0.0,0.0,0.0
5.327587097654778,4.933956649036082,20.000000000000032,0.0,0.0,0.0
5.322769786211043,4.942503702158015,20.00000000000003,0.0,0.0,0.0
5.3179521700500745,4.951050678617996,20.00000000000003,0.0,0.0,0.0
5.313134250819393,4.959597579288657,20.000000000000032,0.0,0.0,0.0
5.30831603016394,4.9681444050411585,20.00000000000003,0.0,0.0,0.0
5.303497509726039,4.976691156745072,20.00000000000003,0.0,0.0,0.0
5.298678691145457,4.98523783526847,20.00000000000003,0.0,0.0,0.0
5.293859576059339,4.99378444147788,20.000000000000025,0.0,0.0,0.0
5.289040166102172,5.002330976238266,20.00000000000003,0.0,0.0,0.0
5.284220462905852,5.010877440413065,20.00000000000003,0.0,0.0,0.0
5.279400468099593,5.0194238348641695,20.00000000000003,0.0,0.0,0.0
5.274580183309994,5.0279701604519085,20.000000000000025,0.0,0.0,0.0
5.269759610160952,5.036516418034992,20.00000000000003,0.0,0.0,0.0
5.264938750273693,5.045062608470657,20.00000000000003,0.0,0.0,0.0
5.260117605266771,5.053608732614489,20.00000000000003,0.0,0.0,0.0
5.255296176756019,5.062154791320554,20.00000000000003,0.0,0.0,0.0
5.250474466354576,5.070700785441304,20.00000000000003,0.0,0.0,0.0
5.245652475672835,5.079246715827617,20.000000000000032,0.0,0.0,0.0
5.240830206318478,5.087792583328775,20.000000000000036,0.0,0.0,0.0
5.236007659896446,5.09633838879246,20.00000000000003,0.0,0.0,0.0
5.231184838008898,5.104884133064771,20.000000000000032,0.0,0.0,0.0
5.226361742255261,5.113429816990198,20.000000000000032,0.0,0.0,0.0
5.221538374232147,5.121975441411617,20.00000000000003,0.0,0.0,0.0
5.216714735533402,5.130521007170294,20.000000000000036,0.0,0.0,0.0
5.211890827750067,5.139066515105853,20.00000000000003,0.0,0.0,0.0
5.207066652470367,5.14761196605634,20.000000000000032,0.0,0.0,0.0
5.202242211279725,5.156157360858128,20.00000000000003,0.0,0.0,0.0
5.19741750576069,5.164702700346006,20.000000000000025,0.0,0.0,0.0
5.192592537493006,5.1732479853530915,20.000000000000036,0.0,0.0,0.0
5.1877673080535365,5.181793216710867,20.00000000000003,0.0,0.0,0.0
5.182941819016297,5.190338395249152,20.000000000000032,0.0,0.0,0.0
5.178116071952396,5.198883521796139,20.00000000000003,0.0,0.0,0.0
5.1732900684300756,5.207428597178362,20.00000000000003,0.0,0.0,0.0
5.168463810014679,5.215973622220711,20.00000000000003,0.0,0.0,0.0
5.16363729826861,5.224518597746362,20.00000000000003,0.0,0.0,0.0
5.158810534751361,5.233063524576873,20.000000000000036,0.0,0.0,0.0
5.153983521019529,5.241608403532082,20.00000000000003,0.0,0.0,0.0
5.149156258626672,5.250153235430172,20.00000000000003,0.0,0.0,0.0
5.144328749123499,5.258698021087653,20.00000000000002,0.0,0.0,0.0
5.139500994057666,5.267242761319324,20.00000000000003,0.0,0.0,0.0
5.13467299497388,5.275787456938289,20.000000000000032,0.0,0.0,0.0
5.129844753413854,5.284332108755989,20.00000000000003,0.0,0.0,0.0
5.125016270916304,5.292876717582101,20.000000000000032,0.0,0.0,0.0
5.120187549016916,5.301421284224652,20.00000000000003,0.0,0.0,0.0
5.1153585892483555,5.30996580948992,20.00000000000003,0.0,0.0,0.0
5.110529393140262,5.318510294182496,20.00000000000003,0.0,0.0,0.0
5.105699962219196,5.327054739105215,20.000000000000032,0.0,0.0,0.0
5.100870298008673,5.335599145059216,20.000000000000032,0.0,0.0,0.0
5.096040402029157,5.344143512843885,20.000000000000032,0.0,0.0,0.0
5.091210275797998,5.352687843256848,20.00000000000003,0.0,0.0,0.0
