galstreams/tracks/track.st.M5.ibata2021.ecsv
# %ECSV 1.0
# ---
# datatype:
# - {name: ra, unit: deg, datatype: float64}
# - {name: dec, unit: deg, datatype: float64}
# - {name: distance, unit: kpc, datatype: float64}
# - {name: pm_ra_cosdec, unit: mas / yr, datatype: float64}
# - {name: pm_dec, unit: mas / yr, datatype: float64}
# - {name: radial_velocity, unit: km / s, datatype: float64}
# delimiter: ','
# meta: !!omap
# - __serialized_columns__:
#     dec:
#       __class__: astropy.coordinates.angles.Latitude
#       unit: &id001 !astropy.units.Unit {unit: deg}
#       value: !astropy.table.SerializedColumn {name: dec}
#     distance:
#       __class__: astropy.coordinates.distances.Distance
#       unit: !astropy.units.Unit {unit: kpc}
#       value: !astropy.table.SerializedColumn {name: distance}
#     pm_dec:
#       __class__: astropy.units.quantity.Quantity
#       unit: !astropy.units.Unit {unit: mas / yr}
#       value: !astropy.table.SerializedColumn {name: pm_dec}
#     pm_ra_cosdec:
#       __class__: astropy.units.quantity.Quantity
#       unit: !astropy.units.Unit {unit: mas / yr}
#       value: !astropy.table.SerializedColumn {name: pm_ra_cosdec}
#     ra:
#       __class__: astropy.coordinates.angles.Longitude
#       unit: *id001
#       value: !astropy.table.SerializedColumn {name: ra}
#       wrap_angle: !astropy.coordinates.Angle
#         unit: *id001
#         value: 360.0
#     radial_velocity:
#       __class__: astropy.units.quantity.Quantity
#       unit: !astropy.units.Unit {unit: km / s}
#       value: !astropy.table.SerializedColumn {name: radial_velocity}
# schema: astropy-2.0
ra,dec,distance,pm_ra_cosdec,pm_dec,radial_velocity
195.78361184100748,17.386078529126465,7.4646790219423345,3.366633317443345,-7.653920372393326,-641.1160104443508
195.79440344858494,17.385038206494794,7.460460748951087,3.3629134212094622,-7.660082593158619,-637.0787021271626
195.80519149730378,17.383987747640774,7.4562666586103195,3.3592165944136823,-7.666220805066604,-633.0654993722596
195.81597599255875,17.382927173036443,7.452096700650407,3.355542774927414,-7.672335055684481,-629.076331902955
195.82675693975145,17.381856503152036,7.447950824801733,3.3518919006063834,-7.678425392560424,-625.1111294425631
195.8375343442897,17.380775758456117,7.443828980794681,3.3482639092906012,-7.684491863223597,-621.1698217143966
195.848308211588,17.379684959415478,7.439731118359629,3.34465873880445,-7.69053451518422,-617.2523384417702
195.85907854706727,17.378584126495195,7.435657187226955,3.3410763269566495,-7.696553395933543,-613.3586093479962
195.86984535615503,17.377473280158544,7.431607137127045,3.3375166115403108,-7.70254855294389,-609.4885641563892
195.88060864428522,17.37635244086713,7.427580917790279,3.333979530332951,-7.708520033668684,-605.6421325902625
195.8913684168982,17.375221629080798,7.423578478947037,3.330465021096514,-7.714467885542447,-601.81924437293
195.90212467944085,17.374080865257667,7.4195997703277,3.3269730215774067,-7.720392155980846,-598.0198292277048
195.91287743736666,17.37293016985409,7.415644741662645,3.323503469506501,-7.72629289238071,-594.2438168779001
195.9236266961353,17.37176956332471,7.411713342682264,3.320056302599162,-7.7321701421200215,-590.4911370468304
195.93437246121306,17.370599066122434,7.4078055231169255,3.316631458555298,-7.73802395255799,-586.7617194578094
195.9451147380725,17.36941869869846,7.403921232697018,3.3132288750593406,-7.743854371035022,-583.0554938341497
195.9558535321929,17.368228481502186,7.4000604211529195,3.3098484897802987,-7.749661444872784,-579.3723898991657
195.9665888490596,17.36702843498134,7.3962230382150125,3.306490240371767,-7.755445221374194,-575.7123373761705
195.97732069416455,17.365818579581905,7.392409033613678,3.3031540644719537,-7.761205747823457,-572.0752659884781
195.98804907300604,17.364598935748138,7.388618357079295,3.2998398997037195,-7.766943071486081,-568.4611054594018
195.99877399108863,17.36336952392256,7.384850958342246,3.2965476836745533,-7.77265723960891,-564.8697855122555
196.00949545392353,17.36213036454596,7.38110678713291,3.2932773539766558,-7.778348299420125,-561.3012358703523
196.02021346702807,17.360881478057394,7.377385793181672,3.290028848186912,-7.784016298129286,-557.7553862570063
196.03092803592597,17.359622884894222,7.373687926218908,3.2868021038669406,-7.7896612829273355,-554.232166395531
196.0416391661473,17.35835460549206,7.370013135975003,3.2835970585631142,-7.795283300986633,-550.7315060092395
196.05234686322854,17.357076660284786,7.366361372180336,3.280413649806577,-7.800882399460981,-547.2533348214463
196.06305113271242,17.355789069704578,7.362732584565288,3.2772518151132672,-7.806458625485612,-543.7975825554641
196.07375198014805,17.35449185418188,7.35912672286024,3.274111491983946,-7.812012026177259,-540.364178934607
196.08444941109067,17.353185034145433,7.355543736795576,3.270992617904213,-7.81754264863414,-536.9530536821884
196.09514343110206,17.351868630022214,7.351983576101671,3.267895130344532,-7.823050539936002,-533.564136521522
196.10583404575016,17.350542662237515,7.34844619050891,3.264818966760252,-7.828535747144119,-530.1973571759213
196.11652126060915,17.349207151214912,7.344931529747673,3.261764064591647,-7.833998317301333,-526.8526453687
196.12720508125952,17.34786211737624,7.341439543548341,3.258730361263901,-7.839438297432069,-523.5299308231714
196.13788551328793,17.34650758114166,7.337970181641294,3.2557177941871696,-7.844855734542353,-520.2291432626497
196.14856256228754,17.34514356292953,7.334523393756915,3.252726300756579,-7.850250675619842,-516.9502124104475
196.1592362338575,17.34377008315657,7.331099129625584,3.249755818352266,-7.855623167633836,-513.6930679898796
196.16990653360324,17.342387162237774,7.327697338977682,3.246806284339375,-7.860973257535293,-510.45763972425885
196.18057346713638,17.340994820586413,7.32431797154359,3.2438776360681154,-7.866300992256875,-507.2438573368991
196.19123704007492,17.33959307861402,7.320960977053688,3.240969810873757,-7.871606418712946,-504.05165055111365
196.20189725804292,17.338181956730438,7.317626305238357,3.2380827460766564,-7.876889583799599,-500.88094909021646
196.21255412667057,17.336761475343803,7.314313905827981,3.235216378982286,-7.8821505343946825,-497.73168267752084
196.2232076515943,17.33533165486056,7.311023728552938,3.232370646881269,-7.887389317357816,-494.6037810363406
196.23385783845688,17.333892515685378,7.307755723143608,3.2295454870493767,-7.892605979530422,-491.49717388998914
196.244504692907,17.332444078221275,7.3045098393303745,3.2267408367475627,-7.897800567735723,-488.4117909617801
196.25514822059958,17.330986362869545,7.301286026843616,3.223956633221984,-7.902973128778788,-485.34756197502696
196.26578842719567,17.3295193900298,7.298084235413715,3.2211928137040307,-7.908123709446543,-482.30441665304375
196.27642531836256,17.328043180099872,7.294904414771054,3.2184493154103446,-7.913252356507787,-479.2822847191438
196.28705889977354,17.326557753475953,7.291746514646014,3.2157260755428347,-7.918359116713225,-476.2810958966404
196.29768917710805,17.325063130552525,7.288610484768971,3.213023031288704,-7.923444036795482,-473.30077990884763
196.30831615605166,17.323559331722347,7.285496274870309,3.2103401198204797,-7.928507163469124,-470.34126647907897
196.31893984229595,17.32204637737649,7.2824038346804105,3.2076772782960288,-7.933548543430675,-467.40248533064783
196.32956024153876,17.3205242879043,7.279333113929656,3.205034443858571,-7.938568223358645,-464.4843661868679
196.3401773594838,17.318993083693435,7.276284062348424,3.2024115536367184,-7.943566249913559,-461.5868387710528
196.350791201841,17.317452785129866,7.273256629667096,3.199808544744504,-7.9485426697379475,-458.709832806516
196.3614017743262,17.315903412597873,7.270250765616056,3.1972253542813625,-7.9534975294564045,-455.8532780165712
196.37200908266152,17.31434498647997,7.267266419925682,3.194661919332203,-7.958430875675591,-453.01710412453207
196.38261313257493,17.312777527157056,7.264303542326357,3.1921181769674054,-7.963342754984236,-450.2012408537121
196.39321392980045,17.311201055008276,7.26136208254846,3.1895940642428435,-7.9682332139532095,-447.40561792742477
196.4038114800781,17.30961559041114,7.258441990322373,3.1870895181999117,-7.973102299135478,-444.6301650689842
196.41440578915413,17.30802115374138,7.255543215378478,3.1846044758655494,-7.977950057066193,-441.87481200170316
196.42499686278046,17.3064177653731,7.252665707447151,3.1821388742522507,-7.982776534262649,-439.1394884488957
196.43558470671525,17.304805445678678,7.24980941625878,3.1796926503581155,-7.987581777224355,-436.42412413387547
196.4461693267225,17.303184215028832,7.246974291543739,3.177265741166832,-7.9923658324330145,-433.7286487799562
196.45675072857222,17.301554093792557,7.244160283032416,3.174858083647736,-7.997128746352572,-431.0529921104508
196.46732891804052,17.29991510233716,7.241367340455188,3.172469614755809,-8.001870565429234,-428.3970838486737
196.4779039009093,17.298267261028265,7.238595413542434,3.170100271431709,-8.006591336091482,-425.7608537179379
196.48847568296642,17.29661059022981,7.235844452024541,3.167749990601787,-8.01129110475008,-423.14423144155757
196.4990442700057,17.294945110304067,7.233114405631885,3.1654187091781347,-8.015969917798122,-420.5471467428456
196.50960966782702,17.29327084161156,7.230405224094847,3.163106364058561,-8.02062782161104,-417.96952934511614
196.52017188223596,17.291587804511177,7.227716857143809,3.1608128921266516,-8.025264862546617,-415.4113089716823
196.53073091904415,17.289896019360107,7.225049254509154,3.1585382302517884,-8.029881086945023,-412.8724153458579
196.541286784069,17.28819550651388,7.222402365921261,3.1562823152891464,-8.03447654112882,-410.35277819095694
196.551839483134,17.286486286326273,7.2197761411105095,3.1540450840797316,-8.039051271403002,-407.8523272302926
196.56238902206837,17.284768379149437,7.217170529807283,3.151826473450421,-8.043605324054987,-405.3709921871784
196.57293540670727,17.283041805333845,7.214585481741961,3.1496264202139534,-8.048138745354663,-402.9087027849281
196.58347864289163,17.281306585228283,7.212020946644925,3.147444861168967,-8.05265158155441,-400.46538874685535
196.59401873646837,17.27956273917981,7.209476874246556,3.145281733100018,-8.057143878889095,-398.0409797962735
196.60455569329017,17.277810287533846,7.2069532142772355,3.143136972777605,-8.06161568357612,-395.6354056564964
196.61508951921556,17.276049250634152,7.204449916467343,3.1410105169581994,-8.066067041815415,-393.2485960508374
196.6256202201089,17.274279648822777,7.20196693054726,3.1389023023842504,-8.070497999789495,-390.8804807026103
196.6361478018403,17.272501502440118,7.1995042062473695,3.1368122657842115,-8.074908603663443,-388.5309893351287
196.6466722702859,17.270714831824858,7.197061693298052,3.134740343872567,-8.079298899584956,-386.2000516717061
196.6571936313274,17.26891965731404,7.1946393414296805,3.132686473349865,-8.083668933684354,-383.88759743565606
196.6677118908524,17.267115999243032,7.1922371003726475,3.1306505909027087,-8.088018752074596,-381.5935563502923
196.67822705475413,17.265303877945527,7.1898549198573285,3.128632633203809,-8.092348400851314,-379.3178581389284
196.68873912893193,17.263483313753515,7.187492749614105,3.1266325369119894,-8.096657926092831,-377.06043252487757
196.6992481192906,17.261654326997338,7.185150539373356,3.12465023867221,-8.100947373860166,-374.8212092314538
196.70975403174077,17.259816938005695,7.182828238865466,3.1226856751156014,-8.105216790197066,-372.6001179819708
196.72025687219877,17.257971167105588,7.180525797820815,3.120738782859463,-8.109466221130035,-370.3970884997418
196.73075664658688,17.256117034622317,7.178243165969782,3.1188094985073094,-8.113695712668331,-368.2120505080808
196.7412533608329,17.254254560879577,7.175980293042749,3.1168977586488786,-8.117905310804021,-366.04493373030107
196.7517470208704,17.25238376619936,7.173737128770098,3.1150034998601543,-8.122095061511953,-363.89566788971615
196.76223763263863,17.250504670902018,7.171513622882208,3.113126658703397,-8.126265010749819,-361.76418270963984
196.77272520208263,17.248617295306193,7.1693097251094615,3.111267171727141,-8.130415204458155,-359.6504079133858
196.78320973515306,17.246721659728898,7.167125385182239,3.10942497546625,-8.134545688560369,-357.5542732242674
196.79369123780629,17.244817784485473,7.164960552830922,3.1076000064419214,-8.138656508962749,-355.4757083655983
196.80416971600434,17.242905689889607,7.162815177785891,3.1057922011617016,-8.142747711554502,-353.414643060692
196.81464517571487,17.24098539625333,7.1606892097775265,3.104001496119521,-8.146819342207758,-351.37100703286234
196.82511762291134,17.23905692388696,7.158582598536211,3.1022278277956996,-8.150871446777593,-349.34473000542283
196.83558706357266,17.237120293099224,7.156495293792323,3.1004711326569914,-8.154904071102052,-347.33574170168697
196.84605350368352,17.235175524197153,7.154427245276243,3.0987313471565803,-8.158917261002177,-345.3439718449685
196.8565169492341,17.233222637486143,7.152378402718357,3.097008407734131,-8.162911062282008,-343.36935015858086
196.86697740622046,17.231261653269886,7.15034871584904,3.0953022508157737,-8.166885520728618,-341.41180636583766
196.87743488064393,17.229292591850466,7.148338134398678,3.0936128128141505,-8.170840682112123,-339.4712701900526
196.88788937851172,17.227315473528293,7.146346608097648,3.091940030128446,-8.174776592185715,-337.5476713545391
196.89834090583648,17.22533031860215,7.144374086676333,3.0902838391443885,-8.178693296685669,-335.64093958261094
196.9087894686365,17.2233371473691,7.142420519865114,3.0886441762342574,-8.182590841331367,-333.7510045975817
196.9192350729357,17.221335980124614,7.14048585739437,3.0870209777569535,-8.186469271825327,-331.87779612276495
196.92967772476342,17.2193268371625,7.138570048994484,3.085414180057973,-8.190328633853197,-330.021243881474
196.94011743015466,17.217309738774894,7.136673044395836,3.0838237194694478,-8.194168973083807,-328.18127759702287
196.95055419514995,17.215284705252323,7.134794793328808,3.082249532310185,-8.197990335169166,-326.35782699272505
196.96098802579547,17.213251756883594,7.132935245523779,3.080691554885645,-8.201792765744496,-324.55082179189384
196.97141892814273,17.211210913955938,7.131094350711131,3.0791497234879963,-8.205576310428237,-322.760191717843
196.98184690824888,17.209162196754903,7.129272058621247,3.077623974396131,-8.209341014822076,-320.9858664938864
196.99227197217652,17.207105625564413,7.127468318984505,3.0761142438756846,-8.213086924510979,-319.2277758433373
197.00269412599394,17.205041220666704,7.125683081531287,3.0746204681790434,-8.216814085063167,-317.4858494895094
197.0131133757747,17.20296900234241,7.123916295991973,3.0731425835453905,-8.22052254203019,-315.7600171557164
197.02352972759797,17.2008889908705,7.1221679120969466,3.0716805262007014,-8.224212340946924,-314.0502085652717
197.03394318754832,17.198801206528334,7.120437879576584,3.070234232357788,-8.227883527331564,-312.3563534414889
197.04435376171588,17.196705669591555,7.118726148161272,3.068803638216296,-8.231536146685688,-310.6783815076818
197.05476145619627,17.19460240033424,7.117032667581389,3.067388679962755,-8.235170244494256,-309.0162224871637
197.06516627709044,17.192491419028798,7.115357387567315,3.0659892937705724,-8.238785866225612,-307.36980610324855
197.07556823050479,17.190372745946004,7.113700257849431,3.0646054158000737,-8.242383057331542,-305.73906207924966
197.08596732255134,17.188246401354974,7.11206122815812,3.0632369821985,-8.24596186324726,-304.1239201384808
197.09636355934737,17.186112405523208,7.110440248223759,3.0618839291000604,-8.249522329391436,-302.52431000425537
197.10675694701558,17.183970778716564,7.1088372677767335,3.060546192625927,-8.253064501166227,-300.9401613998871
197.11714749168416,17.181821541199266,7.107252236547423,3.059223708884268,-8.25658842395729,-299.37140404868956
197.12753519948663,17.179664713233926,7.105685104266207,3.0579164139702746,-8.260094143133784,-297.8179676739764
197.13792007656204,17.177500315081453,7.104135820663466,3.0566242439661493,-8.263581704048427,-296.2797819990611
197.14830212905463,17.175328367001185,7.102604335469584,3.055347134941173,-8.267051152037467,-294.75677674725745
197.1586813631142,17.173148889250815,7.101090598414941,3.054085022951697,-8.270502532420744,-293.24888164187877
197.16905778489573,17.17096190208641,7.099594559229917,3.0528378440411696,-8.273935890501686,-291.75602640623873
197.17943140055982,17.168767425762383,7.098116167644891,3.0516055342401573,-8.277351271567337,-290.2781407636511
197.1898022162721,17.166565480531524,7.096655373390248,3.050388029566349,-8.280748720888369,-288.81515443742927
197.2001702382039,17.16435608664501,7.095212126196367,3.0491852660246264,-8.284128283719099,-287.366997150887
197.2105354725315,17.162139264352405,7.093786375793628,3.047997179607026,-8.287490005297524,-285.93359862733774
197.22089792543687,17.159915033901584,7.092378071912413,3.0468237062927863,-8.290833930845324,-284.5148885900951
197.23125760310705,17.157683415538855,7.090987164283105,3.0456647820483767,-8.29416010556789,-283.1107967624728
197.24161451173455,17.155444429508883,7.08961360263608,3.0445203428275036,-8.297468574654335,-281.72125286778413
197.251968657517,17.153198096054698,7.088257336701724,3.043390324571131,-8.30075938327752,-280.3461866293432
197.26232004665746,17.150944435417742,7.086918316210416,3.0422746632075217,-8.304032576594066,-278.9855277704632
197.27266868536432,17.148683467837778,7.085596490892534,3.041173294652212,-8.307288199744384,-277.63920601445795
