galstreams/tracks/track.st.NGC1851.ibata2021.ecsv
# %ECSV 0.9
# ---
# datatype:
# - {name: ra, unit: deg, datatype: float64}
# - {name: dec, unit: deg, datatype: float64}
# - {name: distance, unit: kpc, datatype: float64}
# - {name: pm_ra_cosdec, unit: mas / yr, datatype: float64}
# - {name: pm_dec, unit: mas / yr, datatype: float64}
# - {name: radial_velocity, unit: km / s, datatype: float64}
# delimiter: ','
# meta: !!omap
# - __serialized_columns__:
#     dec:
#       __class__: astropy.coordinates.angles.Latitude
#       unit: &id001 !astropy.units.Unit {unit: deg}
#       value: !astropy.table.SerializedColumn {name: dec}
#     distance:
#       __class__: astropy.coordinates.distances.Distance
#       unit: !astropy.units.Unit {unit: kpc}
#       value: !astropy.table.SerializedColumn {name: distance}
#     pm_dec:
#       __class__: astropy.units.quantity.Quantity
#       unit: !astropy.units.Unit {unit: mas / yr}
#       value: !astropy.table.SerializedColumn {name: pm_dec}
#     pm_ra_cosdec:
#       __class__: astropy.units.quantity.Quantity
#       unit: !astropy.units.Unit {unit: mas / yr}
#       value: !astropy.table.SerializedColumn {name: pm_ra_cosdec}
#     ra:
#       __class__: astropy.coordinates.angles.Longitude
#       unit: *id001
#       value: !astropy.table.SerializedColumn {name: ra}
#       wrap_angle: !astropy.coordinates.Angle
#         unit: *id001
#         value: 360.0
#     radial_velocity:
#       __class__: astropy.units.quantity.Quantity
#       unit: !astropy.units.Unit {unit: km / s}
#       value: !astropy.table.SerializedColumn {name: radial_velocity}
# schema: astropy-2.0
ra,dec,distance,pm_ra_cosdec,pm_dec,radial_velocity
83.98543446205393,-50.64112417882558,14.698658619561401,2.1896137586593114,-0.21039211809942113,1.473634247727659e-14
83.9609818976728,-50.63191835641489,14.69410936175821,2.190365456102873,-0.21182347936808976,6.315575347404253e-15
83.93659579134004,-50.62270626234833,14.689571702766067,2.1911145734492052,-0.21325164601511204,1.0525958912340423e-15
83.9122760475176,-50.6134879393916,14.685045629275917,2.1918611182461705,-0.21467661847871222,4.210383564936169e-15
83.88802257064943,-50.60426343012635,14.680531127978696,2.1926050980194387,-0.2160983972220819,1.3683746586042549e-14
83.86383526516236,-50.59503277695069,14.67602818556535,2.1933465202725033,-0.21751698273324882,-1.0525958912340423e-15
83.83971403546713,-50.5857960220796,14.671536788726826,2.19408539248672,-0.21893237552494105,0.0
83.81565878595893,-50.57655320754555,14.667056924154048,2.1948217221213433,-0.22034457613446068,1.473634247727659e-14
83.79166942101855,-50.56730437519886,14.662588578537973,2.1955555166135485,-0.22175358512354976,-1.0525958912340423e-15
83.76774584501317,-50.55804956670835,14.65813173856954,2.1962867833784707,-0.22315940307826018,6.315575347404253e-15
83.7438879622971,-50.548788823561736,14.653686390939685,2.197015529809236,-0.22456203060882476,1.894672604221276e-14
83.72009567721267,-50.53952218706616,14.649252522339353,2.1977417632769947,-0.22596146834952802,1.2631150694808506e-14
83.69636889409117,-50.5302496983487,14.64483011945948,2.198465491130957,-0.22735771695857543,8.420767129872338e-15
83.67270751725353,-50.52097139835683,14.64041916899102,2.1991867206984197,-0.22875077711796726,0.0
83.64911145101121,-50.51168732785896,14.636019657624903,2.1999054592848117,-0.23014064953336888,2.1051917824680845e-15
83.62558059966705,-50.50239752744495,14.631631572052076,2.200621714173717,-0.2315273349339848,9.47336302110638e-15
83.60211486751595,-50.49310203752652,14.627254898963479,2.2013354926269137,-0.23291083407243135,8.420767129872338e-15
83.57871415884587,-50.48380089833784,14.622889625050052,2.2020468018844164,-0.23429114772460946,1.1578554803574466e-14
83.55537837793842,-50.474494149936,14.618535737002743,2.202755649164495,-0.23566827668958018,-1.0525958912340423e-15
83.53210742906985,-50.46518183220143,14.614193221512481,2.2034620416637276,-0.23704222178943743,0.0
83.50890121651169,-50.45586398483857,14.609862065270221,2.2041659865570242,-0.2384129838691848,1.2631150694808506e-14
83.48575964453151,-50.44654064737617,14.605542254966897,2.2048674909976684,-0.23978056379661083,1.473634247727659e-14
83.46268261739388,-50.4372118591679,14.601233777293455,2.2055665621173532,-0.241144962462164,6.315575347404253e-15
83.43967003936093,-50.42787765939283,14.59693661894083,2.2062632070262156,-0.24250618077883013,1.473634247727659e-14
83.41672181469326,-50.418538087055914,14.592650766599968,2.2069574328128763,-0.2438642196820096,6.315575347404253e-15
83.39383784765057,-50.409193180988446,14.588376206961806,2.207649246544473,-0.24521908012939442,-2.1051917824680845e-15
83.37101804249257,-50.39984297984866,14.584112926717294,2.208338655266702,-0.24657076310084586,1.7894130150978717e-14
83.34826230347952,-50.390487522122086,14.57986091255737,2.2090256660038556,-0.24791926959827493,1.0525958912340423e-14
83.32557053487314,-50.38112684612216,14.575620151172966,2.2097102857588546,-0.24926460064551859,4.210383564936169e-15
83.3029426409373,-50.37176098999058,14.57139062925504,2.2103925215132936,-0.25060675728822124,1.1578554803574466e-14
83.28037852593869,-50.36238999169808,14.56717233349452,2.2110723802274768,-0.251945740593714,5.2629794561702115e-15
83.2578780941476,-50.35301388904455,14.562965250582359,2.211749868840452,-0.2532815516508952,1.5788938368510635e-14
83.23544124983862,-50.34363271965975,14.558769367209488,2.212424994270059,-0.25461419157011145,7.368171238638296e-15
83.21306789729132,-50.33424652100376,14.554584670066848,2.2130977634129634,-0.25594366148303926,1.0525958912340423e-15
83.19075794079103,-50.324855330367505,14.550411145845393,2.2137681831446887,-0.2572699625425659,1.0525958912340423e-14
83.16851128462945,-50.31545918487315,14.546248781236049,2.2144362603196717,-0.2585930959226739,-3.1577876737021266e-15
83.1463278331054,-50.30605812147467,14.54209756292977,2.21510200177129,-0.25991306281832105,1.2631150694808506e-14
83.1242074905255,-50.29665217695832,14.537957477617493,2.2157654143119077,-0.2612298644453271,9.47336302110638e-15
83.10215016120483,-50.287241387943126,14.533828511990157,2.2164265047329144,-0.26254350204025423,1.5788938368510635e-14
83.08015574946764,-50.27782579088134,14.529710652738709,2.2170852798047624,-0.2638539768602939,1.0525958912340423e-15
83.05822415964799,-50.26840542205897,14.525603886554082,2.217741746277014,-0.2651612901831503,3.1577876737021266e-15
83.03635529609046,-50.258980317596254,14.521508200127226,2.2183959108783795,-0.2664654433069261,1.7894130150978717e-14
83.01454906315072,-50.24955051344813,14.51742358014908,2.219047780316753,-0.2677664375500088,4.210383564936169e-15
82.99280536519633,-50.240116045404754,14.513350013310582,2.219697361279265,-0.26906427425095514,2.1051917824680845e-15
82.97112410660728,-50.230676949091944,14.509287486302675,2.2203446604323127,-0.2703589547683792,1.894672604221276e-14
82.94950519177661,-50.221233259971704,14.505235985816304,2.220989684421609,-0.2716504804808405,5.2629794561702115e-15
82.92794852511116,-50.21178501334266,14.50119549854241,2.2216324398722227,-0.2729388527867286,1.1578554803574466e-14
82.90645401103215,-50.202332244340646,14.49716601117193,2.2222729333886186,-0.27422407310415453,-7.368171238638296e-15
82.88502155397582,-50.19287498793904,14.49314751039581,2.222911171554703,-0.27550614287083636,1.1578554803574466e-14
82.86365105839396,-50.183413278949374,14.489139982904986,2.223547160933865,-0.27678506354399157,8.420767129872338e-15
82.8423424287547,-50.173947152021725,14.485143415390407,2.224180908069016,-0.2780608366002233,1.0525958912340423e-14
82.82109556954303,-50.164476641645294,14.481157794543012,2.224812419482639,-0.27933346353541233,1.6841534259744676e-14
82.79991038526133,-50.15500178214879,14.477183107053737,2.2254417016768278,-0.280602945864608,-6.315575347404253e-15
82.77878678043018,-50.14552260770095,14.473219339613532,2.2260687611333285,-0.2818692851219152,1.2631150694808506e-14
82.75772465958873,-50.136039152311064,14.46926647891333,2.2266936043135894,-0.2831324828603922,2.1051917824680845e-15
82.73672392729549,-50.12655144982936,14.465324511644077,2.2273162376587976,-0.28439254065193625,1.0525958912340423e-14
82.71578448812876,-50.117059533947575,14.461393424496714,2.227936667589928,-0.28564946008717973,1.473634247727659e-14
82.69490624668732,-50.10756343819936,14.457473204162184,2.22855490050778,-0.28690324277538204,1.0525958912340423e-14
82.67408910759099,-50.09806319596083,14.453563837331426,2.2291709427930337,-0.2881538903443213,1.894672604221276e-14
82.65333297548112,-50.08855884045097,14.449665310695385,2.229784800806283,-0.2894014044401909,-4.210383564936169e-15
82.6326377550213,-50.079050404732165,14.445777610945,2.230396480888086,-0.2906457867274898,6.315575347404253e-15
82.61200335089785,-50.069537921710634,14.44190072477121,2.231005989359008,-0.29188703888892137,1.473634247727659e-14
82.5914296678203,-50.06002142413696,14.438034638864961,2.2316133325196637,-0.29312516262528554,2.1051917824680845e-15
82.57091661052212,-50.05050094460651,14.434179339917192,2.232218516650769,-0.29436015965537465,4.210383564936169e-15
82.55046408376111,-50.04097651555994,14.430334814618847,2.232821548013176,-0.29559203171587034,-2.1051917824680845e-15
82.53007199232007,-50.03144816928363,14.426501049660864,2.2334224328479313,-0.29682078056123895,1.2631150694808506e-14
82.50974024100722,-50.02191593791024,14.422678031734186,2.2340211773763072,-0.2980464079636303,8.420767129872338e-15
82.48946873465685,-50.0123798534191,14.418865747529756,2.2346177877998588,-0.2992689157127719,8.420767129872338e-15
82.46925737812975,-50.00283994763668,14.41506418373851,2.235212270300463,-0.30048830561586937,-2.1051917824680845e-15
82.44910607631385,-49.99329625223718,14.411273327051397,2.235804631040366,-0.30170457949750273,8.420767129872338e-15
82.42901473412459,-49.9837487987428,14.407493164159355,2.2363948761622305,-0.3029177391995269,0.0
82.40898325650562,-49.974197618524435,14.403723681753327,2.2369830117891785,-0.3041277865809695,2.1051917824680845e-15
82.38901154842915,-49.96464274280196,14.399964866524252,2.2375690440248426,-0.3053347235179299,1.894672604221276e-14
82.36909951489653,-49.95508420264479,14.396216705163074,2.238152978953407,-0.306538551903482,-4.210383564936169e-15
82.3492470609388,-49.94552202897232,14.39247918436073,2.2387348226396586,-0.3077392736475699,0.0
82.3294540916171,-49.935956252554426,14.388752290808167,2.239314581129031,-0.30893689067691293,8.420767129872338e-15
82.30972051202319,-49.92638690401189,14.385036011196323,2.2398922604476477,-0.3101314049349062,1.6841534259744676e-14
82.29004622728,-49.91681401381689,14.381330332216143,2.2404678666023776,-0.31132281838152037,1.473634247727659e-14
82.27043114254202,-49.90723761229343,14.377635240558563,2.2410414055808743,-0.31251113299320504,1.894672604221276e-14
82.25087516299588,-49.897657729617855,14.373950722914532,2.241612883351625,-0.3136963507627921,4.210383564936169e-15
82.23137819386075,-49.888074395819324,14.370276765974982,2.2421823058640036,-0.31487847369939725,-2.1051917824680845e-15
82.21194014038886,-49.8784876407802,14.366613356430863,2.2427496790483064,-0.31605750382832415,4.210383564936169e-15
82.19256090786592,-49.86889749423655,14.362960480973113,2.243315008815807,-0.31723344319096897,1.0525958912340423e-14
82.17324040161165,-49.85930398577866,14.359318126292674,2.243878301058807,-0.31840629384472413,6.315575347404253e-15
82.15397852698017,-49.84970714485138,14.355686279080484,2.244439561650675,-0.3195760578628821,0.0
82.13477518936055,-49.840107000754706,14.35206492602749,2.244998796445899,-0.3207427373345415,1.0525958912340423e-14
82.11563029417714,-49.83050358264411,14.348454053824629,2.2455560112801343,-0.32190633436451405,6.315575347404253e-15
82.0965437468901,-49.82089691953127,14.344853649162852,2.24611121197025,-0.3230668510732274,1.473634247727659e-14
82.07751545299585,-49.81128704028411,14.341263698733089,2.246664404314378,-0.32422428959663463,1.2631150694808506e-14
82.05854531802744,-49.8016739736276,14.33768418922628,2.247215594091962,-0.3253786520861196,0.0
82.03963324755506,-49.79205774814404,14.33411510733338,2.2477647870637987,-0.3265299407084036,4.210383564936169e-15
82.02077914718645,-49.78243839227361,14.33055643974532,2.248311988972098,-0.32767815764545494,8.420767129872338e-15
82.00198292256725,-49.772815934314785,14.327008173153043,2.2488572055405216,-0.32882330509439595,2.1051917824680845e-15
81.98324447938158,-49.76319040242476,14.323470294247496,2.2494004424742347,-0.32996538526741104,1.0525958912340423e-14
81.9645637233523,-49.75356182461997,14.31994278971961,2.2499417054599538,-0.3311044003916569,1.473634247727659e-14
81.9459405602415,-49.743930228776506,14.316425646260338,2.2504810001659963,-0.3322403527091713,2.1051917824680845e-15
81.92737489585093,-49.73429564263054,14.312918850560617,2.2510183322423294,-0.3333732444767819,4.210383564936169e-15
81.9088666360224,-49.72465809377886,14.309422389311383,2.251553707320616,-0.3345030779660182,8.420767129872338e-15
81.89041568663808,-49.71501760967921,14.305936249203585,2.2520871310142674,-0.33562985546302093,1.2631150694808506e-14
81.87202195362106,-49.705374217650856,14.30246041692816,2.2526186089184876,-0.3367535792684534,2.1051917824680846e-14
81.8536853429356,-49.69572794487493,14.298994879176051,2.253148146610328,-0.3378742516974138,-8.420767129872338e-15
81.83540576058772,-49.68607881839499,14.295539622638202,2.2536757496487274,-0.33899187507934414,-2.1051917824680845e-15
81.81718311262529,-49.67642686511735,14.292094634005553,2.254201423574573,-0.3401064517579463,0.0
81.79901730513869,-49.66677211181161,14.28865989996904,2.2547251739107397,-0.34121798409109216,1.0525958912340423e-14
81.78090824426104,-49.657114585111074,14.285235407219613,2.2552470061621435,-0.34232647445073766,1.0525958912340423e-14
81.76285583616863,-49.64745431151322,14.281821142448205,2.255766925815789,-0.34343192522283594,-2.1051917824680845e-15
81.74485998708127,-49.637791317380085,14.27841709234577,2.25628493834082,-0.34453433880724993,1.473634247727659e-14
81.72692060326268,-49.62812562893878,14.275023243603234,2.2568010491885695,-0.34563371761766953,1.473634247727659e-14
81.70903759102083,-49.618457272281915,14.271639582911552,2.2573152637926044,-0.34673006408152385,1.473634247727659e-14
81.69121085670831,-49.608786273367976,14.26826609696166,2.257827587568783,-0.3478233806398967,-2.1051917824680845e-15
81.67344030672274,-49.5991126580219,14.264902772444497,2.258338025915298,-0.3489136697474418,1.0525958912340423e-14
81.65572584750701,-49.58943645193539,14.261549596051005,2.258846584212727,-0.35000093387230014,1.473634247727659e-14
81.63806738554975,-49.57975768066741,14.25820655447213,2.259353267824084,-0.35108517549601437,2.1051917824680845e-15
81.62046482738558,-49.5700763696446,14.254873634398809,2.259858082094868,-0.35216639711344533,8.420767129872338e-15
81.60291807959553,-49.560392544161814,14.251550822521988,2.260361032353111,-0.3532446012326914,8.420767129872338e-15
81.58542704880735,-49.55070622938237,14.248238105532604,2.2608621239094333,-0.35431979037500283,1.0525958912340423e-14
81.56799164169583,-49.5410174503387,14.2449354701216,2.2613613620570856,-0.3553919670747018,1.6841534259744676e-14
81.55061176498312,-49.5313262319326,14.241642902979917,2.2618587520720026,-0.35646113387909933,-2.1051917824680845e-15
81.53328732543916,-49.52163259893581,14.2383603907985,2.2623542992128574,-0.3575272933484137,1.2631150694808506e-14
81.51601822988187,-49.51193657599037,14.235087920268287,2.262848008721099,-0.3585904480556908,6.315575347404253e-15
81.49880438517755,-49.50223818760906,14.23182547808022,2.263339885821017,-0.35965060058672116,-6.315575347404253e-15
81.4816456982412,-49.492537458175875,14.228573050925236,2.263829935719782,-0.3607077535399619,1.2631150694808506e-14
81.4645420760368,-49.482834411946406,14.225330625494287,2.2643181636074945,-0.3617619095264555,1.0525958912340423e-14
81.44749342557765,-49.47312907304832,14.22209818847831,2.264804574657242,-0.36281307116975015,2.1051917824680845e-15
81.43049965392669,-49.46342146548178,14.218875726568243,2.2652891740251464,-0.3638612411058211,1.0525958912340423e-14
81.41356066819675,-49.45371161311981,14.215663226455026,2.26577196685041,-0.3649064219829917,6.315575347404253e-15
81.39667637555091,-49.44399953970881,14.212460674829607,2.266252958255368,-0.3659486164618544,-6.315575347404253e-15
81.37984668320281,-49.434285268869,14.209268058382925,2.2667321533455427,-0.3669878272151933,2.1051917824680845e-15
81.36307149841687,-49.424568824094735,14.206085363805924,2.2672095572096866,-0.36802405692790646,8.420767129872338e-15
81.34635072850864,-49.414850228755036,14.20291257778954,2.267685174919836,-0.36905730829692784,1.6841534259744676e-14
81.32968428084509,-49.40512950609396,14.19974968702472,2.268159011531365,-0.37008758403115194,8.420767129872338e-15
81.31307206284485,-49.39540667923109,14.196596678202399,2.2686310720830267,-0.3711148868513544,1.473634247727659e-14
81.29651398197858,-49.38568177116184,14.193453538013527,2.269101361597011,-0.37213921949011836,6.315575347404253e-15
81.28000994576917,-49.37595480475807,14.190320253149032,2.2695698850789907,-0.37316058469175795,-4.210383564936169e-15
81.26355986179203,-49.36622580276828,14.187196810299874,2.2700366475181744,-0.37417898521224097,-6.315575347404253e-15
81.2471636376754,-49.35649478781823,14.18408319615698,2.2705016538873535,-0.3751944238191164,1.0525958912340423e-14
81.23082118110058,-49.34676178241123,14.180979397411296,2.2709649091429567,-0.3762069032914385,4.210383564936169e-15
