galstreams/tracks/track.st.Jhelum-b.shipp2019.ecsv
# %ECSV 0.9
# ---
# datatype:
# - {name: ra, unit: deg, datatype: float64}
# - {name: dec, unit: deg, datatype: float64}
# - {name: distance, unit: kpc, datatype: float64}
# - {name: pm_ra_cosdec, unit: mas / yr, datatype: float64}
# - {name: pm_dec, unit: mas / yr, datatype: float64}
# - {name: radial_velocity, unit: km / s, datatype: float64}
# delimiter: ','
# meta: !!omap
# - __serialized_columns__:
#     dec:
#       __class__: astropy.coordinates.angles.Latitude
#       unit: &id001 !astropy.units.Unit {unit: deg}
#       value: !astropy.table.SerializedColumn {name: dec}
#     distance:
#       __class__: astropy.coordinates.distances.Distance
#       unit: !astropy.units.Unit {unit: kpc}
#       value: !astropy.table.SerializedColumn {name: distance}
#     pm_dec:
#       __class__: astropy.units.quantity.Quantity
#       unit: !astropy.units.Unit {unit: mas / yr}
#       value: !astropy.table.SerializedColumn {name: pm_dec}
#     pm_ra_cosdec:
#       __class__: astropy.units.quantity.Quantity
#       unit: !astropy.units.Unit {unit: mas / yr}
#       value: !astropy.table.SerializedColumn {name: pm_ra_cosdec}
#     ra:
#       __class__: astropy.coordinates.angles.Longitude
#       unit: *id001
#       value: !astropy.table.SerializedColumn {name: ra}
#       wrap_angle: !astropy.coordinates.Angle
#         unit: *id001
#         value: 360.0
#     radial_velocity:
#       __class__: astropy.units.quantity.Quantity
#       unit: !astropy.units.Unit {unit: km / s}
#       value: !astropy.table.SerializedColumn {name: radial_velocity}
# schema: astropy-2.0
ra,dec,distance,pm_ra_cosdec,pm_dec,radial_velocity
[from data line 1103]
359.5488261590588,-50.93889116745562,13.199999999980998,7.871493174287164,-3.88955341046006,2.9018081420279896e-08
359.5646951587905,-50.937797590436276,13.199999999980973,7.872032539771659,-3.88763802644091,2.9051090827428994e-08
359.58056340217746,-50.93670183571555,13.19999999998095,7.872571403813446,-3.8857226740796165,2.9084133917646613e-08
359.5964308877784,-50.93560390345108,13.199999999980923,7.873109766375373,-3.8838073537070517,2.9117042275590155e-08
359.61229761415274,-50.93450379380084,13.1999999999809,7.87364762742055,-3.8818920656540277,2.9149900108930916e-08
359.62816357986014,-50.93340150692318,13.199999999980877,7.874184986912341,-3.879976810251322,2.9182960040682795e-08
359.64402878346095,-50.932297042976785,13.199999999980852,7.874721844814369,-3.8780615878296736,2.9215767349420778e-08
359.65989322351584,-50.93119040212073,13.199999999980829,7.875258201090516,-3.8761463987197677,2.924867570736432e-08
359.675756898586,-50.93008158451441,13.1999999999808,7.8757940557049215,-3.8742312432522503,2.928170195604768e-08
359.691619807233,-50.92897059031758,13.199999999980779,7.876329408621971,-3.8723161217577227,2.931461031399122e-08
359.7074819480191,-50.92785741969039,13.199999999980756,7.876864259806319,-3.8704010345667417,2.934753551346902e-08
359.7233433195068,-50.92674207279332,13.19999999998073,7.877398609222875,-3.8684859820098207,2.9380427029878303e-08
359.73920392025923,-50.92562454978717,13.199999999980708,7.877932456836803,-3.866570964417418,2.9413352229356104e-08
359.75506374884,-50.92450485083318,13.199999999980681,7.878465802613522,-3.864655982119959,2.9446311111902424e-08
359.770922803813,-50.92338297609285,13.199999999980658,7.878998646518706,-3.8627410354478227,2.9479067896037625e-08
359.7867810837429,-50.92225892572811,13.199999999980633,7.879530988518299,-3.860826124731325,2.9512127827789504e-08
359.8026385871945,-50.921132699901214,13.199999999980609,7.880062828578488,-3.8589112503007588,2.9545019344198787e-08
359.81849531273343,-50.92000429877477,13.199999999980584,7.880594166665716,-3.8569964124863576,2.957779296986825e-08
359.8343512589256,-50.91887372251175,13.199999999980562,7.881125002746694,-3.855081611618301,2.961080237701735e-08
359.8502064243375,-50.91774097127547,13.199999999980536,7.8816553367883815,-3.8531668480267385,2.964382862570071e-08
359.8660608075359,-50.916606045229614,13.199999999980513,7.88218516875799,-3.851252122041762,2.967666961750721e-08
359.8819144070883,-50.915468944538205,13.19999999998049,7.882714498622998,-3.8493374339934165,2.9709443243176675e-08
359.89776722156256,-50.914329669365635,13.199999999980463,7.883243326351135,-3.8474227842117004,2.9742267393448917e-08
359.913619249527,-50.91318821987665,13.199999999980438,7.883771651910392,-3.845508173026559,2.9775142068323937e-08
359.9294704895506,-50.91204459623634,13.199999999980411,7.884299475269003,-3.8435936007678926,2.980815147547304e-08
359.94532094020263,-50.91089879861015,13.199999999980388,7.884826796395468,-3.841679067765556,2.984105983341658e-08
359.96117060005287,-50.90975082716389,13.199999999980367,7.885353615258546,-3.839764574349352,2.987386714215456e-08
359.9770194676717,-50.908600682063714,13.19999999998034,7.885879931827247,-3.837850120849028,2.99069439154407e-08
359.9928675416299,-50.907448363476114,13.199999999980319,7.886405746070839,-3.8359357075942966,2.9939700699575905e-08
0.008714820498794523,-50.906293871567975,13.19999999998029,7.886931057958843,-3.8340213349148016,2.997267642365648e-08
0.024561302850150644,-50.90513720650652,13.199999999980268,7.887455867461041,-3.832107003140152,3.0005601623134286e-08
0.04040698725626079,-50.9039783684593,13.199999999980243,7.8879801745474625,-3.830192712599898,3.003844261494079e-08
0.056251872289895546,-50.90281735759425,13.199999999980216,7.888503979188407,-3.8282784636235423,3.0071384655952844e-08
0.07209595652432818,-50.90165417407964,13.199999999980193,7.8890272813544104,-3.8263642565405336,3.010424248929361e-08
0.08793923853332927,-50.90048881808409,13.19999999998017,7.889550081016285,-3.8244500916802697,3.013711716416863e-08
0.10378171689114637,-50.899321289776594,13.199999999980145,7.8900723781450885,-3.822535969372102,3.016997499750939e-08
0.1196233901725444,-50.89815158932649,13.199999999980122,7.890594172712128,-3.8206218899453224,3.020284967238441e-08
0.13546425695277908,-50.89697971690345,13.199999999980095,7.89111546468898,-3.818707853729176,3.023575803032796e-08
0.1513043158075977,-50.89580567267751,13.199999999980072,7.891636254047472,-3.816793861052854,3.026861586366872e-08
0.16714356531327393,-50.894629456819075,13.199999999980047,7.892156540759672,-3.814879912245491,3.030145685547522e-08
0.1829820040465256,-50.89345106949887,13.199999999980024,7.892676324797931,-3.8129660076361755,3.033438205495302e-08
0.19881963058462607,-50.89227051088801,13.199999999979996,7.893195606134829,-3.8110521475539407,3.036717252215674e-08
0.21465644350534077,-50.89108778115792,13.199999999979969,7.893714384743225,-3.809138332327761,3.040006403856603e-08
0.23049244138691552,-50.889902880480406,13.199999999979946,7.894232660596209,-3.8072245622865593,3.0432955554975306e-08
0.2463276228081114,-50.8887158090276,13.199999999979925,7.894750433667149,-3.8053108377592113,3.046581338831607e-08
0.2621619863481965,-50.88752656697202,13.199999999979896,7.895267703929649,-3.803397159074528,3.049863753858831e-08
0.2779955305869523,-50.88633515448651,13.199999999979873,7.895784471357583,-3.8014835265612734,3.053152905499759e-08
0.29382825410464763,-50.88514157174427,13.199999999979852,7.896300735925073,-3.799569940548154,3.0564420571406874e-08
0.3096601554820789,-50.88394581891884,13.199999999979823,7.8968164976064985,-3.7976564013638177,3.0597278404747635e-08
0.3254912333005253,-50.88274789618413,13.199999999979797,7.897331756376491,-3.795742909336864,3.063010255501988e-08
0.3413214861418013,-50.88154780371439,13.199999999979774,7.897846512209935,-3.793829464795829,3.066290986375786e-08
0.35715091258821546,-50.88034554168423,13.199999999979749,7.898360765081983,-3.7919160680691997,3.06958182217014e-08
0.3729795112225975,-50.879141110268584,13.199999999979724,7.898874514968024,-3.7900027194854005,3.072867605504216e-08
0.3888072806282699,-50.877934509642756,13.199999999979699,7.899387761843713,-3.788089419372806,3.076144968071162e-08
0.40463421938908467,-50.87672573998243,13.199999999979676,7.899900505684955,-3.7861761680597272,3.079432435558665e-08
0.4204603260894059,-50.87551480146356,13.199999999979648,7.900412746467924,-3.784262965874423,3.082709798125611e-08
0.43628559931411387,-50.87430169426253,13.199999999979624,7.900924484169019,-3.7823498131450908,3.086002318073391e-08
0.4521100376485816,-50.87308641855602,13.1999999999796,7.901435718764924,-3.7804367101998757,3.089286417254041e-08
0.4679336396787271,-50.871868974521085,13.199999999979571,7.901946450232562,-3.778523657366859,3.0925688322812655e-08
0.48375640399096564,-50.870649362335115,13.199999999979548,7.9024566785491075,-3.7766106549740686,3.095852931461916e-08
0.4995783291722322,-50.869427582175874,13.199999999979521,7.902966403692003,-3.7746977033494713,3.099131978182288e-08
0.5153994138100001,-50.86820363422145,13.199999999979498,7.903475625638926,-3.772784802820975,3.102416077362938e-08
0.5312196564922306,-50.86697751865027,13.199999999979473,7.903984344367829,-3.7708719537164304,3.1056984923901624e-08
0.5470390558074281,-50.865749235641154,13.19999999997945,7.904492559856909,-3.768959156363627,3.1089859598776644e-08
0.5628576103446076,-50.86451878537322,13.199999999979422,7.9050002720846155,-3.767046411090298,3.112273427365167e-08
0.5786753186933103,-50.86328616802596,13.199999999979397,7.905507481029649,-3.765133718224112,3.1155524740855394e-08
0.5944921794435937,-50.86205138377921,13.199999999979372,7.906014186670974,-3.7632210780926822,3.1188365732661895e-08
0.6103081911860494,-50.860814432813164,13.199999999979346,7.906520388987803,-3.7613084910235584,3.1221105675262834e-08
0.6261233525117856,-50.85957531530833,13.19999999997932,7.9070260879596015,-3.759395957344229,3.1253929825535076e-08
0.641937662012432,-50.8583340314456,13.199999999979298,7.907531283566092,-3.757483477382125,3.1286787658875843e-08
0.6577511182801579,-50.85709058140622,13.199999999979273,7.908035975787248,-3.7555710514646137,3.1319628650682345e-08
0.6735637199076397,-50.85584496537172,13.19999999997925,7.908540164603298,-3.7536586799190044,3.1352368593283284e-08
0.6893754654881118,-50.85459718352406,13.19999999997922,7.9090438499947275,-3.75174636307254,3.138529379276109e-08
0.7051863536152947,-50.853347236045465,13.199999999979196,7.909547031942265,-3.7498341012524015,3.1418016893827774e-08
0.7209963828834807,-50.85209512311858,13.199999999979173,7.910049710426905,-3.747921894785712,3.1450841044100016e-08
0.7368055518874604,-50.85084084492636,13.199999999979145,7.910551885429891,-3.746009743999533,3.148366519437226e-08
0.7526138592225812,-50.849584401652095,13.199999999979118,7.9110535569327105,-3.7440976492208535,3.151642197850746e-08
0.768421303484694,-50.84832579347947,13.199999999979095,7.911554724917126,-3.742185610776611,3.1549279811848224e-08
0.7842278832702171,-50.847065020592446,13.19999999997907,7.912055389365129,-3.740273628993672,3.1582103962120466e-08
0.8000335971760651,-50.84580208317537,13.199999999979044,7.91255555025898,-3.7383617041988444,3.1614827063187146e-08
0.8158384437997162,-50.84453698141296,13.19999999997902,7.913055207581185,-3.736449836718867,3.164770173806217e-08
0.8316424217391722,-50.84326971549021,13.199999999978992,7.913554361314508,-3.734538026880422,3.168045852219737e-08
0.8474455295929647,-50.84200028559254,13.199999999978969,7.914053011441963,-3.7326262750101202,3.1713232147866835e-08
0.8632477659601691,-50.84072869190565,13.199999999978944,7.914551157946813,-3.7307145814345093,3.174603945660482e-08
0.8790491294404135,-50.839454934615624,13.199999999978917,7.915048800812591,-3.728802946480075,3.177882992380854e-08
0.8948496186338366,-50.838179013908864,13.199999999978894,7.9155459400230574,-3.7268913704732363,3.1811603549478005e-08
0.9106492321411297,-50.83690092997213,13.199999999978868,7.916042575562246,-3.724979853740346,3.184442769975025e-08
0.9264479685635332,-50.835620682992534,13.199999999978845,7.9165387074144276,-3.7230683966076894,3.187716764235119e-08
0.9422458265028197,-50.83433827315754,13.199999999978816,7.917034335564141,-3.721156999401493,3.1910025475691953e-08
0.9580428045612907,-50.83305370065491,13.199999999978793,7.91752945999617,-3.719245662447908,3.19427654182929e-08
0.9738389013418123,-50.83176696567279,13.199999999978766,7.91802408069555,-3.717334386073027,3.19755222024281e-08
0.9896341154477856,-50.83047806839968,13.19999999997874,7.918518197647563,-3.71542317060287,3.20083631942346e-08
1.0054284454831577,-50.82918700902437,13.199999999978711,7.91901181083776,-3.713512016363392,3.2041103136835544e-08
1.021221890052419,-50.82789378773606,13.19999999997869,7.91950492025192,-3.711600923680481,3.207391044557353e-08
1.0370144477605965,-50.82659840472425,13.199999999978662,7.919997525876102,-3.7096898928799593,3.210666722970873e-08
1.0528061172132852,-50.8253008601788,13.199999999978635,7.920489627696599,-3.7077789242875783,3.2139457696912455e-08
1.0685968970166122,-50.82400115428988,13.19999999997861,7.920981225699958,-3.7058680182290216,3.21721976395134e-08
1.084386785777265,-50.822699287248064,13.199999999978584,7.921472319872983,-3.7039571750299065,3.22049544236486e-08
1.1001757821024571,-50.82139525924422,13.199999999978559,7.921962910202728,-3.7020463950157794,3.2237711207783804e-08
1.115963884599981,-50.82008907046958,13.199999999978534,7.9224529966764905,-3.700135678512119,3.2270518516521787e-08
1.1317510918781628,-50.81878072111571,13.199999999978507,7.922942579281836,-3.698225025844338,3.230324161758847e-08
1.1475374025458864,-50.81747021137451,13.199999999978482,7.923431658006572,-3.696314437337774,3.233598156018941e-08
1.1633228152125807,-50.81615754143826,13.199999999978457,7.923920232838751,-3.6944039133176965,3.2368755185858876e-08
1.1791073284882454,-50.81484271149954,13.19999999997843,7.924408303766694,-3.692493454109309,3.24015456530626e-08
1.1948909409834154,-50.813525721751276,13.199999999978406,7.924895870778958,-3.690583060037738,3.243435296180058e-08
1.210673651309184,-50.81220657238674,13.199999999978381,7.925382933864358,-3.688672731428049,3.246700869673023e-08
1.2264554580772167,-50.81088526359958,13.199999999978353,7.925869493011967,-3.686762468605227,3.249978232239969e-08
1.2422363598997175,-50.80956179558374,13.19999999997833,7.926355548211087,-3.684852271894192,3.2532522265000634e-08
1.2580163553894597,-50.80823616853353,13.199999999978301,7.9268410994512974,-3.6829421416197885,3.256532957373862e-08
1.273795443159756,-50.806908382643584,13.199999999978278,7.927326146722412,-3.6810320781067967,3.2598035833271044e-08
1.2895736218245062,-50.80557843810889,13.19999999997825,7.927810690014505,-3.6791220816799166,3.263079261740625e-08
1.305350889998151,-50.804246335124766,13.199999999978223,7.928294729317899,-3.677212152663783,3.266354940154145e-08
1.3211272462956998,-50.80291207388688,13.199999999978198,7.928778264623154,-3.675302291382951,3.269632302721091e-08
1.336902689332713,-50.80157565459125,13.19999999997817,7.9292612959211075,-3.6733924981619115,3.2729079811346116e-08
1.352677217725325,-50.800237077434176,13.19999999997815,7.929743823202819,-3.671482773325078,3.276175238781002e-08
1.3684508300902318,-50.798896342612395,13.19999999997812,7.930225846459627,-3.6695731171967916,3.2794408122739667e-08
1.3842235250446908,-50.79755345032292,13.199999999978095,7.9307073656830935,-3.6676635301013185,3.282724911454617e-08
1.3999953012065156,-50.796208400763106,13.199999999978067,7.931188380865053,-3.6657540123628567,3.2859972215612854e-08
1.4157661571941054,-50.794861194130654,13.199999999978045,7.931668891997566,-3.6638445643055206,3.2892627950542497e-08
1.4315360916264115,-50.793511830623615,13.19999999997802,7.932148899072974,-3.6619351862533613,3.292540157621196e-08
1.447305103122958,-50.79216031044036,13.199999999977994,7.932628402083848,-3.660025878530349,3.295809099421012e-08
1.4630731903038285,-50.790806633779624,13.199999999977965,7.933107401023011,-3.658116641460383,3.2990864619879586e-08
1.4788403517896926,-50.78945080084046,13.199999999977939,7.933585895883542,-3.656207475367282,3.302363824554905e-08
1.4946065862017592,-50.78809281182227,13.199999999977912,7.934063886658763,-3.654298380574797,3.305632766354721e-08
1.5103718921618423,-50.78673266692477,13.199999999977885,7.934541373342254,-3.652389357406597,3.308901708154538e-08
1.5261362682923134,-50.78537036634806,13.199999999977862,7.935018355927835,-3.6504804061862792,3.3121773865680584e-08
1.5418997132161116,-50.784005910292564,13.199999999977832,7.9354948344095915,-3.6485715272373653,3.315454749135005e-08
1.5576622255567492,-50.78263929895899,13.199999999977807,7.935970808781837,-3.6466627208832962,3.318718638474543e-08
1.5734238039383055,-50.78127053254846,13.199999999977782,7.936446279039153,-3.6447539874474417,3.3219960010414895e-08
1.589184446985459,-50.77989961126239,13.199999999977758,7.936921245176366,-3.642845327253095,3.3252632586878797e-08
1.6049441533234512,-50.778526535302525,13.199999999977733,7.937395707188543,-3.6409367406234647,3.3285338846411224e-08
1.6207029215780844,-50.77715130487101,13.199999999977704,7.937869665071013,-3.6390282278816923,3.33180619474779e-08
1.6364607503757473,-50.775773920170245,13.199999999977676,7.938343118819346,-3.6371197893508374,3.335076820701033e-08
1.6522176383434228,-50.774394381403035,13.199999999977651,7.93881606842936,-3.635211425353876,3.3383491308077016e-08
1.667973584108642,-50.773012688772454,13.199999999977624,7.939288513897129,-3.6333031362137174,3.341614704300666e-08
1.6837285862995472,-50.77162884248197,13.199999999977598,7.939760455218971,-3.6313949222531843,3.344881961947057e-08
