galstreams/tracks/track.po.PS1-D.bernard2016.ecsv
# %ECSV 0.9
# ---
# datatype:
# - {name: ra, unit: deg, datatype: float64}
# - {name: dec, unit: deg, datatype: float64}
# - {name: distance, unit: kpc, datatype: float64}
# - {name: pm_ra_cosdec, unit: mas / yr, datatype: float64}
# - {name: pm_dec, unit: mas / yr, datatype: float64}
# - {name: radial_velocity, unit: km / s, datatype: float64}
# delimiter: ','
# meta: !!omap
# - __serialized_columns__:
#     dec:
#       __class__: astropy.coordinates.angles.Latitude
#       unit: &id001 !astropy.units.Unit {unit: deg}
#       value: !astropy.table.SerializedColumn {name: dec}
#     distance:
#       __class__: astropy.coordinates.distances.Distance
#       unit: !astropy.units.Unit {unit: kpc}
#       value: !astropy.table.SerializedColumn {name: distance}
#     pm_dec:
#       __class__: astropy.units.quantity.Quantity
#       unit: !astropy.units.Unit {unit: mas / yr}
#       value: !astropy.table.SerializedColumn {name: pm_dec}
#     pm_ra_cosdec:
#       __class__: astropy.units.quantity.Quantity
#       unit: !astropy.units.Unit {unit: mas / yr}
#       value: !astropy.table.SerializedColumn {name: pm_ra_cosdec}
#     ra:
#       __class__: astropy.coordinates.angles.Longitude
#       unit: *id001
#       value: !astropy.table.SerializedColumn {name: ra}
#       wrap_angle: !astropy.coordinates.Angle
#         unit: *id001
#         value: 360.0
#     radial_velocity:
#       __class__: astropy.units.quantity.Quantity
#       unit: !astropy.units.Unit {unit: km / s}
#       value: !astropy.table.SerializedColumn {name: radial_velocity}
# schema: astropy-2.0
ra,dec,distance,pm_ra_cosdec,pm_dec,radial_velocity
[from data line 2573]
139.8174550448905,4.111745287343459,22.899999999999995,0.0,0.0,0.0
139.81788781079806,4.1217381966891935,22.9,0.0,0.0,0.0
139.81832058758405,4.131731105800592,22.899999999999995,0.0,0.0,0.0
139.81875337527518,4.141724014677065,22.89999999999999,0.0,0.0,0.0
139.81918617389823,4.151716923318046,22.9,0.0,0.0,0.0
139.81961898347993,4.161709831722953,22.899999999999995,0.0,0.0,0.0
139.82005180404698,4.17170273989121,22.9,0.0,0.0,0.0
139.8204846356262,4.181695647822249,22.9,0.0,0.0,0.0
139.8209174782443,4.191688555515482,22.9,0.0,0.0,0.0
139.82135033192804,4.201681462970343,22.9,0.0,0.0,0.0
139.82178319670425,4.2116743701862465,22.9,0.0,0.0,0.0
139.82221607259956,4.221667277162619,22.900000000000002,0.0,0.0,0.0
139.82264895964084,4.23166018389889,22.9,0.0,0.0,0.0
139.82308185785485,4.241653090394474,22.9,0.0,0.0,0.0
139.82351476726828,4.2516459966488025,22.9,0.0,0.0,0.0
139.82394768790797,4.261638902661291,22.9,0.0,0.0,0.0
139.82438061980068,4.271631808431366,22.9,0.0,0.0,0.0
139.8248135629732,4.281624713958454,22.9,0.0,0.0,0.0
139.82524651745226,4.291617619241972,22.9,0.0,0.0,0.0
139.8256794832647,4.301610524281349,22.9,0.0,0.0,0.0
139.8261124604373,4.311603429076002,22.9,0.0,0.0,0.0
139.82654544899682,4.321596333625355,22.9,0.0,0.0,0.0
139.8269784489701,4.33158923792884,22.9,0.0,0.0,0.0
139.82741146038387,4.341582141985866,22.900000000000002,0.0,0.0,0.0
139.82784448326495,4.351575045795866,22.900000000000002,0.0,0.0,0.0
139.82827751764017,4.361567949358257,22.900000000000002,0.0,0.0,0.0
139.8287105635363,4.371560852672463,22.9,0.0,0.0,0.0
139.82914362098018,4.38155375573791,22.900000000000002,0.0,0.0,0.0
139.82957668999856,4.391546658554015,22.9,0.0,0.0,0.0
139.83000977061832,4.4015395611202015,22.9,0.0,0.0,0.0
139.83044286286625,4.411532463435899,22.9,0.0,0.0,0.0
139.83087596676913,4.421525365500519,22.900000000000002,0.0,0.0,0.0
139.8313090823538,4.431518267313491,22.900000000000006,0.0,0.0,0.0
139.83174220964713,4.441511168874235,22.9,0.0,0.0,0.0
139.83217534867586,4.451504070182169,22.900000000000002,0.0,0.0,0.0
139.83260849946691,4.461496971236726,22.9,0.0,0.0,0.0
139.83304166204707,4.471489872037316,22.900000000000006,0.0,0.0,0.0
139.83347483644314,4.481482772583372,22.900000000000002,0.0,0.0,0.0
139.833908022682,4.491475672874304,22.900000000000006,0.0,0.0,0.0
139.83434122079052,4.501468572909543,22.9,0.0,0.0,0.0
139.83477443079545,4.511461472688507,22.9,0.0,0.0,0.0
139.8352076527237,4.521454372210616,22.9,0.0,0.0,0.0
139.83564088660214,4.531447271475297,22.900000000000002,0.0,0.0,0.0
139.83607413245755,4.541440170481965,22.9,0.0,0.0,0.0
139.83650739031685,4.551433069230045,22.9,0.0,0.0,0.0
139.83694066020686,4.561425967718963,22.9,0.0,0.0,0.0
139.83737394215447,4.57141886594813,22.900000000000002,0.0,0.0,0.0
139.83780723618653,4.581411763916978,22.900000000000002,0.0,0.0,0.0
139.83824054232986,4.59140466162492,22.9,0.0,0.0,0.0
139.8386738606114,4.601397559071379,22.900000000000002,0.0,0.0,0.0
139.83910719105802,4.611390456255782,22.9,0.0,0.0,0.0
139.83954053369652,4.62138335317754,22.9,0.0,0.0,0.0
139.83997388855389,4.631376249836084,22.900000000000002,0.0,0.0,0.0
139.8404072556569,4.641369146230826,22.900000000000006,0.0,0.0,0.0
139.84084063503252,4.651362042361193,22.900000000000002,0.0,0.0,0.0
139.84127402670757,4.661354938226607,22.900000000000002,0.0,0.0,0.0
139.84170743070902,4.671347833826481,22.900000000000006,0.0,0.0,0.0
139.8421408470637,4.681340729160242,22.9,0.0,0.0,0.0
139.8425742757985,4.69133362422731,22.900000000000006,0.0,0.0,0.0
139.8430077169404,4.701326519027103,22.900000000000002,0.0,0.0,0.0
139.8434411705162,4.711319413559044,22.900000000000006,0.0,0.0,0.0
139.84387463655287,4.721312307822551,22.900000000000006,0.0,0.0,0.0
139.8443081150773,4.731305201817045,22.900000000000006,0.0,0.0,0.0
139.8447416061164,4.74129809554195,22.900000000000002,0.0,0.0,0.0
139.8451751096971,4.751290988996679,22.900000000000002,0.0,0.0,0.0
139.8456086258463,4.761283882180662,22.900000000000006,0.0,0.0,0.0
139.8460421545909,4.771276775093306,22.900000000000002,0.0,0.0,0.0
139.84647569595788,4.7812696677340405,22.900000000000006,0.0,0.0,0.0
139.84690924997415,4.791262560102286,22.900000000000002,0.0,0.0,0.0
139.8473428166666,4.801255452197457,22.900000000000002,0.0,0.0,0.0
139.84777639606222,4.811248344018979,22.900000000000002,0.0,0.0,0.0
139.84820998818793,4.821241235566262,22.900000000000002,0.0,0.0,0.0
139.84864359307062,4.831234126838734,22.900000000000006,0.0,0.0,0.0
139.8490772107373,4.841227017835815,22.900000000000006,0.0,0.0,0.0
139.8495108412149,4.8512199085569225,22.900000000000006,0.0,0.0,0.0
139.84994448453037,4.861212799001476,22.900000000000002,0.0,0.0,0.0
139.8503781407106,4.8712056891688915,22.900000000000002,0.0,0.0,0.0
139.85081180978267,4.881198579058591,22.90000000000001,0.0,0.0,0.0
139.8512454917734,4.891191468669996,22.900000000000006,0.0,0.0,0.0
139.85167918670984,4.901184358002524,22.900000000000006,0.0,0.0,0.0
139.85211289461893,4.911177247055597,22.900000000000006,0.0,0.0,0.0
139.85254661552764,4.921170135828625,22.900000000000006,0.0,0.0,0.0
139.85298034946297,4.931163024321033,22.900000000000006,0.0,0.0,0.0
139.85341409645184,4.941155912532246,22.900000000000002,0.0,0.0,0.0
139.85384785652127,4.951148800461671,22.900000000000006,0.0,0.0,0.0
139.85428162969822,4.9611416881087305,22.900000000000006,0.0,0.0,0.0
139.85471541600967,4.971134575472851,22.900000000000006,0.0,0.0,0.0
139.85514921548264,4.981127462553442,22.900000000000006,0.0,0.0,0.0
139.85558302814408,4.991120349349927,22.900000000000006,0.0,0.0,0.0
139.85601685402102,5.0011132358617205,22.900000000000006,0.0,0.0,0.0
139.85645069314043,5.0111061220882425,22.900000000000006,0.0,0.0,0.0
139.85688454552934,5.021099008028916,22.900000000000002,0.0,0.0,0.0
139.85731841121472,5.0310918936831515,22.900000000000006,0.0,0.0,0.0
139.8577522902236,5.041084779050373,22.900000000000006,0.0,0.0,0.0
139.85818618258295,5.051077664129996,22.9,0.0,0.0,0.0
139.85862008831984,5.061070548921437,22.900000000000006,0.0,0.0,0.0
139.85905400746128,5.071063433424119,22.900000000000006,0.0,0.0,0.0
139.85948794003426,5.081056317637455,22.900000000000002,0.0,0.0,0.0
139.85992188606582,5.091049201560869,22.900000000000002,0.0,0.0,0.0
139.86035584558297,5.10104208519377,22.900000000000006,0.0,0.0,0.0
139.86078981861277,5.111034968535579,22.900000000000002,0.0,0.0,0.0
139.86122380518225,5.121027851585721,22.900000000000002,0.0,0.0,0.0
139.86165780531843,5.131020734343602,22.900000000000006,0.0,0.0,0.0
139.86209181904835,5.14101361680865,22.900000000000006,0.0,0.0,0.0
139.86252584639905,5.151006498980275,22.900000000000002,0.0,0.0,0.0
139.86295988739758,5.160999380857893,22.900000000000006,0.0,0.0,0.0
139.86339394207099,5.17099226244093,22.900000000000002,0.0,0.0,0.0
139.86382801044635,5.180985143728797,22.900000000000006,0.0,0.0,0.0
139.86426209255072,5.1909780247209145,22.9,0.0,0.0,0.0
139.86469618841113,5.2009709054166935,22.900000000000002,0.0,0.0,0.0
139.86513029805468,5.210963785815556,22.900000000000002,0.0,0.0,0.0
139.8655644215084,5.220956665916921,22.900000000000006,0.0,0.0,0.0
139.86599855879936,5.230949545720197,22.9,0.0,0.0,0.0
139.86643270995467,5.240942425224808,22.900000000000006,0.0,0.0,0.0
139.86686687500142,5.25093530443017,22.900000000000006,0.0,0.0,0.0
139.86730105396663,5.260928183335697,22.900000000000006,0.0,0.0,0.0
139.8677352468774,5.27092106194081,22.900000000000006,0.0,0.0,0.0
139.86816945376086,5.280913940244918,22.900000000000006,0.0,0.0,0.0
139.86860367464405,5.290906818247442,22.900000000000006,0.0,0.0,0.0
139.8690379095541,5.3008996959478,22.900000000000006,0.0,0.0,0.0
139.86947215851808,5.310892573345405,22.900000000000006,0.0,0.0,0.0
139.86990642156314,5.320885450439676,22.900000000000006,0.0,0.0,0.0
139.87034069871635,5.330878327230024,22.900000000000006,0.0,0.0,0.0
139.87077499000478,5.340871203715869,22.900000000000006,0.0,0.0,0.0
139.87120929545563,5.3508640798966285,22.900000000000006,0.0,0.0,0.0
139.87164361509593,5.360856955771715,22.900000000000006,0.0,0.0,0.0
139.87207794895284,5.370849831340549,22.900000000000006,0.0,0.0,0.0
139.87251229705348,5.3808427066025395,22.900000000000006,0.0,0.0,0.0
139.872946659425,5.390835581557102,22.900000000000006,0.0,0.0,0.0
139.8733810360945,5.400828456203664,22.900000000000006,0.0,0.0,0.0
139.87381542708906,5.410821330541626,22.900000000000006,0.0,0.0,0.0
139.87424983243594,5.420814204570414,22.900000000000006,0.0,0.0,0.0
139.87468425216215,5.430807078289435,22.900000000000006,0.0,0.0,0.0
139.87511868629497,5.44079995169811,22.900000000000006,0.0,0.0,0.0
139.87555313486143,5.450792824795855,22.900000000000006,0.0,0.0,0.0
139.87598759788872,5.460785697582079,22.900000000000006,0.0,0.0,0.0
139.876422075404,5.470778570056201,22.90000000000001,0.0,0.0,0.0
139.87685656743446,5.480771442217641,22.900000000000006,0.0,0.0,0.0
139.8772910740072,5.490764314065803,22.900000000000006,0.0,0.0,0.0
139.8777255951494,5.500757185600113,22.900000000000006,0.0,0.0,0.0
139.87816013088826,5.510750056819975,22.900000000000006,0.0,0.0,0.0
139.87859468125095,5.52074292772481,22.900000000000006,0.0,0.0,0.0
139.87902924626457,5.530735798314034,22.900000000000002,0.0,0.0,0.0
139.8794638259564,5.540728668587056,22.90000000000001,0.0,0.0,0.0
139.87989842035358,5.550721538543296,22.900000000000006,0.0,0.0,0.0
139.8803330294833,5.560714408182163,22.900000000000006,0.0,0.0,0.0
139.88076765337271,5.5707072775030735,22.900000000000006,0.0,0.0,0.0
139.88120229204912,5.580700146505445,22.900000000000006,0.0,0.0,0.0
139.88163694553958,5.590693015188686,22.900000000000006,0.0,0.0,0.0
139.88207161387137,5.600685883552217,22.900000000000006,0.0,0.0,0.0
139.8825062970717,5.610678751595445,22.900000000000006,0.0,0.0,0.0
139.8829409951678,5.6206716193177835,22.900000000000006,0.0,0.0,0.0
139.88337570818678,5.630664486718658,22.900000000000006,0.0,0.0,0.0
139.88381043615593,5.640657353797467,22.900000000000006,0.0,0.0,0.0
139.88424517910246,5.6506502205536355,22.900000000000006,0.0,0.0,0.0
139.88467993705362,5.660643086986569,22.900000000000006,0.0,0.0,0.0
139.88511471003662,5.670635953095686,22.900000000000006,0.0,0.0,0.0
139.88554949807866,5.680628818880401,22.900000000000006,0.0,0.0,0.0
139.885984301207,5.690621684340122,22.900000000000006,0.0,0.0,0.0
139.88641911944887,5.700614549474268,22.900000000000006,0.0,0.0,0.0
139.8868539528315,5.7106074142822445,22.900000000000006,0.0,0.0,0.0
139.8872888013822,5.720600278763469,22.900000000000006,0.0,0.0,0.0
139.8877236651281,5.730593142917361,22.900000000000002,0.0,0.0,0.0
139.8881585440966,5.740586006743322,22.90000000000001,0.0,0.0,0.0
139.8885934383148,5.750578870240769,22.900000000000006,0.0,0.0,0.0
139.88902834781013,5.760571733409118,22.900000000000013,0.0,0.0,0.0
139.88946327260967,5.770564596247782,22.900000000000002,0.0,0.0,0.0
139.88989821274083,5.780557458756167,22.900000000000013,0.0,0.0,0.0
139.89033316823085,5.790550320933691,22.900000000000013,0.0,0.0,0.0
139.890768139107,5.800543182779762,22.90000000000001,0.0,0.0,0.0
139.8912031253965,5.8105360442938,22.900000000000013,0.0,0.0,0.0
139.8916381271267,5.820528905475208,22.900000000000013,0.0,0.0,0.0
139.89207314432488,5.830521766323407,22.90000000000001,0.0,0.0,0.0
139.89250817701833,5.840514626837799,22.900000000000013,0.0,0.0,0.0
139.8929432252343,5.850507487017803,22.900000000000013,0.0,0.0,0.0
139.89337828900017,5.860500346862835,22.90000000000001,0.0,0.0,0.0
139.89381336834316,5.870493206372297,22.900000000000013,0.0,0.0,0.0
139.8942484632906,5.880486065545607,22.900000000000013,0.0,0.0,0.0
139.89468357386986,5.8904789243821725,22.90000000000001,0.0,0.0,0.0
139.89511870010818,5.9004717828814055,22.900000000000013,0.0,0.0,0.0
139.8955538420329,5.910464641042725,22.900000000000013,0.0,0.0,0.0
139.89598899967135,5.920457498865533,22.900000000000013,0.0,0.0,0.0
139.89642417305086,5.930450356349248,22.900000000000013,0.0,0.0,0.0
139.89685936219874,5.940443213493273,22.900000000000013,0.0,0.0,0.0
139.89729456714235,5.950436070297028,22.90000000000001,0.0,0.0,0.0
139.89772978790901,5.960428926759921,22.90000000000001,0.0,0.0,0.0
139.89816502452607,5.970421782881357,22.900000000000013,0.0,0.0,0.0
139.89860027702085,5.980414638660759,22.900000000000006,0.0,0.0,0.0
139.8990355454207,5.990407494097526,22.900000000000006,0.0,0.0,0.0
139.89947082975303,6.0004003491910725,22.90000000000001,0.0,0.0,0.0
139.89990613004514,6.010393203940816,22.900000000000013,0.0,0.0,0.0
139.90034144632438,6.020386058346155,22.900000000000013,0.0,0.0,0.0
139.90077677861817,6.0303789124065075,22.900000000000013,0.0,0.0,0.0
139.90121212695385,6.040371766121288,22.900000000000006,0.0,0.0,0.0
139.9016474913588,6.050364619489898,22.900000000000006,0.0,0.0,0.0
139.9020828718604,6.060357472511751,22.900000000000013,0.0,0.0,0.0
139.902518268486,6.070350325186257,22.900000000000013,0.0,0.0,0.0
139.902953681263,6.080343177512827,22.900000000000006,0.0,0.0,0.0
139.9033891102188,6.090336029490873,22.900000000000013,0.0,0.0,0.0
139.9038245553808,6.1003288811198,22.90000000000001,0.0,0.0,0.0
139.90426001677636,6.110321732399023,22.900000000000013,0.0,0.0,0.0
139.9046954944329,6.1203145833279455,22.900000000000013,0.0,0.0,0.0
139.90513098837786,6.13030743390598,22.900000000000013,0.0,0.0,0.0
139.90556649863862,6.140300284132542,22.900000000000006,0.0,0.0,0.0
139.90600202524254,6.15029313400703,22.900000000000013,0.0,0.0,0.0
139.90643756821714,6.160285983528865,22.900000000000013,0.0,0.0,0.0
139.90687312758976,6.170278832697445,22.90000000000001,0.0,0.0,0.0
139.90730870338786,6.180271681512183,22.900000000000013,0.0,0.0,0.0
139.90774429563885,6.190264529972495,22.900000000000013,0.0,0.0,0.0
139.9081799043702,6.200257378077782,22.90000000000001,0.0,0.0,0.0
139.9086155296093,6.2102502258274574,22.90000000000001,0.0,0.0,0.0
139.90905117138362,6.220243073220925,22.90000000000001,0.0,0.0,0.0
139.9094868297206,6.230235920257597,22.900000000000013,0.0,0.0,0.0
139.90992250464768,6.240228766936885,22.900000000000013,0.0,0.0,0.0
139.91035819619233,6.25022161325819,22.900000000000013,0.0,0.0,0.0
139.910793904382,6.26021445922093,22.90000000000001,0.0,0.0,0.0
139.9112296292441,6.270207304824502,22.900000000000013,0.0,0.0,0.0
139.91166537080622,6.280200150068325,22.900000000000013,0.0,0.0,0.0
139.91210112909573,6.290192994951804,22.900000000000013,0.0,0.0,0.0
139.91253690414013,6.3001858394743415,22.90000000000001,0.0,0.0,0.0
139.9129726959669,6.310178683635351,22.900000000000013,0.0,0.0,0.0
139.91340850460352,6.320171527434242,22.900000000000013,0.0,0.0,0.0
139.91384433007747,6.330164370870417,22.900000000000016,0.0,0.0,0.0
139.91428017241623,6.34015721394329,22.900000000000016,0.0,0.0,0.0
139.91471603164732,6.350150056652263,22.900000000000013,0.0,0.0,0.0
139.91515190779825,6.360142898996745,22.900000000000016,0.0,0.0,0.0
139.9155878008965,6.3701357409761465,22.900000000000013,0.0,0.0,0.0
139.91602371096957,6.380128582589871,22.900000000000013,0.0,0.0,0.0
139.91645963804498,6.390121423837329,22.900000000000013,0.0,0.0,0.0
139.91689558215026,6.400114264717924,22.900000000000013,0.0,0.0,0.0
139.91733154331294,6.4101071052310665,22.900000000000013,0.0,0.0,0.0
139.9177675215605,6.420099945376165,22.900000000000013,0.0,0.0,0.0
139.9182035169205,6.430092785152621,22.900000000000016,0.0,0.0,0.0
139.91863952942046,6.440085624559847,22.900000000000013,0.0,0.0,0.0
139.91907555908793,6.4500784635972455,22.900000000000013,0.0,0.0,0.0
139.91951160595045,6.460071302264223,22.900000000000013,0.0,0.0,0.0
139.91994767003553,6.470064140560193,22.900000000000013,0.0,0.0,0.0
139.9203837513708,6.480056978484551,22.900000000000013,0.0,0.0,0.0
139.92081984998373,6.490049816036713,22.900000000000013,0.0,0.0,0.0
139.9212559659019,6.50004265321608,22.900000000000013,0.0,0.0,0.0
139.92169209915292,6.51003549002206,22.900000000000016,0.0,0.0,0.0
139.92212824976428,6.520028326454064,22.900000000000013,0.0,0.0,0.0
139.92256441776362,6.530021162511486,22.900000000000013,0.0,0.0,0.0
139.92300060317848,6.540013998193743,22.900000000000013,0.0,0.0,0.0
