galstreams/tracks/track.st.Fimbulthul.ibata2020.ecsv
# %ECSV 0.9
# ---
# datatype:
# - {name: ra, unit: deg, datatype: float64}
# - {name: dec, unit: deg, datatype: float64}
# - {name: distance, unit: kpc, datatype: float64}
# - {name: pm_ra_cosdec, unit: mas / yr, datatype: float64}
# - {name: pm_dec, unit: mas / yr, datatype: float64}
# - {name: radial_velocity, unit: km / s, datatype: float64}
# delimiter: ','
# meta: !!omap
# - __serialized_columns__:
#     dec:
#       __class__: astropy.coordinates.angles.Latitude
#       unit: &id001 !astropy.units.Unit {unit: deg}
#       value: !astropy.table.SerializedColumn {name: dec}
#     distance:
#       __class__: astropy.coordinates.distances.Distance
#       unit: !astropy.units.Unit {unit: kpc}
#       value: !astropy.table.SerializedColumn {name: distance}
#     pm_dec:
#       __class__: astropy.units.quantity.Quantity
#       unit: !astropy.units.Unit {unit: mas / yr}
#       value: !astropy.table.SerializedColumn {name: pm_dec}
#     pm_ra_cosdec:
#       __class__: astropy.units.quantity.Quantity
#       unit: !astropy.units.Unit {unit: mas / yr}
#       value: !astropy.table.SerializedColumn {name: pm_ra_cosdec}
#     ra:
#       __class__: astropy.coordinates.angles.Longitude
#       unit: *id001
#       value: !astropy.table.SerializedColumn {name: ra}
#       wrap_angle: !astropy.coordinates.Angle
#         unit: *id001
#         value: 360.0
#     radial_velocity:
#       __class__: astropy.units.quantity.Quantity
#       unit: !astropy.units.Unit {unit: km / s}
#       value: !astropy.table.SerializedColumn {name: radial_velocity}
# schema: astropy-2.0
ra,dec,distance,pm_ra_cosdec,pm_dec,radial_velocity
[from data line 137]
207.75589132830058,-23.20595710871838,3.334083342420795,-15.545189032626437,-11.025064572894706,3.368306851948935e-14
207.94604752755734,-23.163279070153852,3.3181612021494566,-15.668173576973093,-11.068648257789512,1.0104920555846805e-13
208.13783423819382,-23.122527327926406,3.302612339195353,-15.790964678518034,-11.112136413418861,9.262843842859572e-14
208.33127379320396,-23.08371607020587,3.2874456686036293,-15.913541984479357,-11.155521816361896,5.0524602779234026e-14
208.5263886602382,-23.04685940099423,3.272670105419432,-16.035885156307394,-11.198797221129235,7.578690416885104e-14
208.72320144391324,-23.01197133934868,3.2582945646879065,-16.157973868874034,-11.241955362362303,5.894536990910637e-14
208.92173488819412,-22.979065818571918,3.2443279614541978,-16.279787809640528,-11.284988957100852,9.262843842859572e-14
209.12201187885364,-22.948156685368016,3.2307792107634534,-16.40130667780415,-11.32789070711868,1.2631150694808508e-13
209.32405544601153,-22.919257698961808,3.217657227660817,-16.522510183424014,-11.370653301327417,1.0104920555846805e-13
209.52788876675882,-22.89238253017981,3.204970927191435,-16.64337804652626,-11.413269418247996,1.1789073981821273e-13
209.7335351678711,-22.867544760490766,3.192729224400454,-16.763889996189107,-11.455731728549713,1.0104920555846805e-13
209.9410181286149,-22.84475788100335,3.180941034333018,-16.884025769608225,-11.49803289765636,1.6841534259744676e-14
210.15036128365176,-22.824035291419094,3.1696152720342767,-17.003765111142666,-11.54016558841902,1.0946997268834039e-13
210.36158842604505,-22.805390298938036,3.158760852549371,-17.123087771342043,-11.582122463855132,6.73661370389787e-14
210.5747235103734,-22.78883611711461,3.1483866909234495,-17.241973505955404,-11.623896189953008,1.0104920555846805e-13
210.7897906559566,-22.774385864661514,3.1385017022016575,-17.360402074922295,-11.665479438541393,1.6841534259744676e-14
211.0068141501982,-22.76205256419864,3.129114801429141,-17.47835324134678,-11.706864890223217,8.420767129872338e-14
211.22581845205053,-22.75184914094456,3.1202349036510437,-17.59580677045489,-11.748045237372745,7.578690416885104e-14
211.44682819560703,-22.74378842134771,3.111870923912514,-17.712742428536217,-11.789013187195232,1.6841534259744676e-14
211.6698681938278,-22.737883131654293,3.1040317772586974,-17.829139981870483,-11.829761464848225,1.0104920555846805e-13
211.89496344240368,-22.73414589640996,3.096726378734738,-17.94497919563975,-11.870282816623417,9.262843842859572e-14
212.1221391237647,-22.732589236892075,3.089963643385783,-18.06023983282697,-11.91057001318788,1.0104920555846805e-13
212.35142061123872,-22.73322556946929,3.083752486256977,-18.17490165310203,-11.950615852883665,4.210383564936169e-14
212.58283347336697,-22.736067203885224,3.0781018223934673,-18.28894441169578,-11.990413165084377,1.0104920555846805e-13
212.81640347838177,-22.74112634146238,3.0730205668403983,-18.40234785826334,-12.029954813607432,6.73661370389787e-14
213.05215659885377,-22.748415073223182,3.068517634642915,-18.515091735737368,-12.069233700180604,6.73661370389787e-14
213.2901190165149,-22.757945377923903,3.0646019408461656,-18.62715577917241,-12.108242767961247,1.515738083377021e-13
213.5303171272639,-22.76972911999787,3.0612824004952945,-18.738519714581507,-12.146975005106858,5.894536990910637e-14
213.77277754636148,-22.783778047403796,3.058567928635448,-18.849163257765923,-12.18542344839501,1.0104920555846805e-13
214.01752711382227,-22.800103789375164,3.0564674403117706,-18.95906611313928,-12.22358118689117,6.73661370389787e-14
214.26459290001088,-22.818717854066165,3.05498985056941,-19.06820797254725,-12.261441365662403,2.5262301389617013e-14
214.51400221144976,-22.839631626089787,3.0541440744535104,-19.17656851408405,-12.2989971895351,1.0946997268834039e-13
214.76578259684666,-22.862856363943497,3.0539390270092173,-19.28412740090697,-12.336241926894832,9.262843842859572e-14
215.01996185334937,-22.888403197317523,3.0543836232816783,-19.390864280050277,-12.37316891352603,5.894536990910637e-14
215.27656803303643,-22.916283124280813,3.055486778316038,-19.496758781239812,-12.40977155648945,3.368306851948935e-14
215.53562944965182,-22.94650700833954,3.057257407157442,-19.60179051570983,-12.446043338035178,2.5262301389617013e-14
215.7971746855926,-22.97908557536272,3.0597044248510357,-19.70593907502328,-12.481977819548671,-5.894536990910637e-14
216.061232599158,-23.014029410369407,3.0628367464419664,-19.80918402989727,-12.517568645527493,4.210383564936169e-14
216.32783233206942,-23.051348954171736,3.0666632869753783,-19.91150492903517,-12.552809547586183,1.1789073981821273e-13
216.59700331727072,-23.091054499867756,3.071192961496419,-20.01288129796682,-12.587694348486448,3.368306851948935e-14
216.86877528701768,-23.133156189178045,3.0764346850502307,-20.1132926378988,-12.622216966190187,4.210383564936169e-14
217.14317828126784,-23.177664008619374,3.0823973726819633,-20.21271842457601,-12.656371417932178,1.2631150694808508e-13
217.42024265637912,-23.22458778550923,3.0890899394367604,-20.31113810715682,-12.69015182430976,5.0524602779234026e-14
217.6999990941291,-23.273937183793787,3.096521300359768,-20.40853110710305,-12.723552413386122,1.0946997268834039e-13
217.9824786110648,-23.325721699692696,3.104700370496132,-20.504876817087094,-12.756567524804296,1.515738083377021e-13
218.2677125681937,-23.379950657152825,3.1136360648909975,-20.600154599917765,-12.789191613908365,1.768361097273191e-13
218.5557326810278,-23.4366332031036,3.1233372985895125,-20.694343787486968,-12.82141925586846,1.1789073981821273e-13
218.84657102999162,-23.495778302505855,3.13381298663682,-20.78742367973924,-12.85324514980611,4.210383564936169e-14
219.14026007120634,-23.557394733185937,3.1450720440780677,-20.87937354366607,-12.884664122916112,1.9367764398706378e-13
219.43683264766167,-23.621491080446454,3.1571233859583994,-20.970172612327367,-12.915671134581263,1.0104920555846805e-13
219.73632200078782,-23.68807573144491,3.169975927322963,-21.059800083902047,-12.94626128047581,1.0104920555846805e-13
220.03876178244067,-23.757156869330867,3.1836385832169034,-21.14823512077027,-12.976429796653719,7.578690416885104e-14
220.3441860673125,-23.828742467132198,3.1981202686853654,-21.235456848629386,-13.00617206361736,1.0104920555846805e-13
220.65262936578188,-23.90284028138035,3.2134298987734975,-21.321444355646193,-13.035483610362238,4.210383564936169e-14
220.9641266372158,-23.979457845464488,3.2295763885264424,-21.40617669164804,-13.064360118393282,1.4315304120782974e-13
221.2787133037387,-24.058602462703718,3.246568652989347,-21.489632867355176,-13.092797425707825,1.2631150694808508e-13
221.59642526448152,-24.14028119912627,3.2644156072073565,-21.571791853657174,-13.120791530740384,1.1789073981821273e-13
221.91729891032622,-24.22450087594426,3.2831261662256184,-21.652632580936167,-13.148338596264267,2.3578147963642546e-13
222.2413711391599,-24.31126806171187,3.3027092450892765,-21.73213393843969,-13.175434953244432,8.420767129872338e-14
222.56867937165384,-24.4005890641547,3.323173758843478,-21.81027477370615,-13.202077104636302,1.347322740779574e-13
222.89926156758315,-24.4924699216573,3.344528622533369,-21.887033892046084,-13.228261729124744,5.0524602779234026e-14
223.23315624270208,-24.586916394395434,3.366782751204093,-21.962390056082278,-13.253985684797147,8.420767129872338e-14
223.57040248619197,-24.683933955099278,3.3899450599007968,-22.036321985352146,-13.279246012744501,1.1789073981821273e-13
