galstreams/tracks/track.st.Gaia-2.ibata2021.ecsv
# %ECSV 1.0
# ---
# datatype:
# - {name: ra, unit: deg, datatype: float64}
# - {name: dec, unit: deg, datatype: float64}
# - {name: distance, unit: kpc, datatype: float64}
# - {name: pm_ra_cosdec, unit: mas / yr, datatype: float64}
# - {name: pm_dec, unit: mas / yr, datatype: float64}
# - {name: radial_velocity, unit: km / s, datatype: float64}
# delimiter: ','
# meta: !!omap
# - __serialized_columns__:
#     dec:
#       __class__: astropy.coordinates.angles.Latitude
#       unit: &id001 !astropy.units.Unit {unit: deg}
#       value: !astropy.table.SerializedColumn {name: dec}
#     distance:
#       __class__: astropy.coordinates.distances.Distance
#       unit: !astropy.units.Unit {unit: kpc}
#       value: !astropy.table.SerializedColumn {name: distance}
#     pm_dec:
#       __class__: astropy.units.quantity.Quantity
#       unit: !astropy.units.Unit {unit: mas / yr}
#       value: !astropy.table.SerializedColumn {name: pm_dec}
#     pm_ra_cosdec:
#       __class__: astropy.units.quantity.Quantity
#       unit: !astropy.units.Unit {unit: mas / yr}
#       value: !astropy.table.SerializedColumn {name: pm_ra_cosdec}
#     ra:
#       __class__: astropy.coordinates.angles.Longitude
#       unit: *id001
#       value: !astropy.table.SerializedColumn {name: ra}
#       wrap_angle: !astropy.coordinates.Angle
#         unit: *id001
#         value: 360.0
#     radial_velocity:
#       __class__: astropy.units.quantity.Quantity
#       unit: !astropy.units.Unit {unit: km / s}
#       value: !astropy.table.SerializedColumn {name: radial_velocity}
# schema: astropy-2.0
ra,dec,distance,pm_ra_cosdec,pm_dec,radial_velocity
[from data line 1390]
8.924440232053437,-20.628695638808626,7.05612075080253,-0.056161454006200984,0.10731480241543068,-107387.75923657248
8.929051625158806,-20.63787119089113,7.055609558144304,-0.05821315321594511,0.10580387142636027,-107859.22385321048
8.933659592751736,-20.647049083381425,7.055096017247675,-0.060273781389412306,0.10428351081850451,-108332.02933751687
8.93826412857903,-20.65622932026024,7.054580124723043,-0.062343351677611736,0.10275370345061674,-108806.17755218226
8.94286522638567,-20.66541190550886,7.054061877180806,-0.06442187723257575,0.10121443218213244,-109281.67035989702
8.947462879914802,-20.674596843109114,7.053541271231361,-0.06650937120429035,0.09966567987453345,-109758.50962335173
8.952057082907757,-20.6837841370434,7.053018303485106,-0.06860584674222991,0.0981074293842994,-110236.69720523698
8.956647829104012,-20.69297379129465,7.052492970552435,-0.07071131699598254,0.09653966357018362,-110716.2349682433
8.961235112241223,-20.702165809846345,7.051965269043749,-0.07282579511416998,0.09496236529207636,-111197.12477506111
8.965818926055192,-20.711360196682524,7.051435195569441,-0.07494929424416341,0.09337551740827621,-111679.368488381
8.970399264279877,-20.72055695578776,7.050902746739913,-0.07708182753339088,0.0917791027761723,-112162.96797089351
8.974976120647373,-20.729756091147163,7.050367919165562,-0.07922340812854145,0.09017310425565483,-112647.92508528919
8.979549488887937,-20.73895760674641,7.049830709456782,-0.08137404917601998,0.0885575047036582,-113134.24169425844
8.984119362729944,-20.748161506571684,7.049291114223974,-0.08353376382081024,0.08693228697870836,-113621.91966049193
8.988685735899923,-20.757367794609753,7.048749130077531,-0.08570256520761177,0.08529743393842182,-114110.96084668011
8.993248602122513,-20.76657647484788,7.048204753627855,-0.08788046648163572,0.0836529284408698,-114601.36711551361
8.997807955120493,-20.775787551273886,7.047657981485341,-0.09006748078599003,0.08199875334435092,-115093.14032968284
9.002363788614758,-20.785001027876135,7.047108810260385,-0.09226362126389631,0.0803348915060269,-115586.2823518783
9.006916096324316,-20.7942169086435,7.0465572365633875,-0.09446890105812145,0.07866132578328688,-116080.79504479066
9.011464871966293,-20.80343519756541,7.0460032570047435,-0.09668333331092072,0.0769780390348842,-116576.68027111047
9.016010109255914,-20.81265589863182,7.04544686819485,-0.09890693116392413,0.07528501411752586,-117073.93989352796
9.020551801906512,-20.821879015833197,7.0448880667441065,-0.10113970775785219,0.07358223388860097,-117572.57577473394
9.02508994362952,-20.83110455316057,7.04432684926291,-0.10338167623382333,0.07186968120572601,-118072.58977741885
9.029624528134455,-20.840332514605457,7.0437632123616565,-0.10563284973227383,0.07014733892856384,-118573.98376427317
9.034155549128934,-20.849562904159942,7.043197152650745,-0.10789324139216205,0.06841518991109297,-119076.75959798753
9.038683000318658,-20.858795725816602,7.042628666740569,-0.11016286435267375,0.06667321701365836,-119580.91914125238
9.0432068754074,-20.868030983568545,7.04205775124153,-0.11244173175271044,0.06492140309183014,-120086.4642567583
9.04772716809701,-20.877268681409408,7.0414844027640235,-0.11472985673083258,0.06315973100481642,-120593.39680719566
9.052243872087415,-20.886508823333347,7.040908617918448,-0.11702725242469114,0.061388183609778935,-121101.71865525522
9.0567569810766,-20.895751413335024,7.040330393315199,-0.11933393197159603,0.05960674376365205,-121611.4316636274
9.061266488760614,-20.904996455409627,7.039749725564677,-0.12164990850862978,0.05781539432518912,-122122.53769500271
9.065772388833572,-20.914243953552877,7.039166611277277,-0.12397519517230648,0.056014118151097136,-122635.03861207164
9.070274674987628,-20.923493911760968,7.038581047063393,-0.1263098050987992,0.05420289810058421,-123148.93627752484
9.074773340912987,-20.93274633403064,7.037993029533427,-0.12865375142393987,0.05238171703035732,-123664.23255405277
9.079268380297894,-20.942001224359128,7.037402555297779,-0.1310070472834468,0.050550557800306706,-124180.9293043459
9.083759786828645,-20.9512585867442,7.03680962096684,-0.13336970581178775,0.048709403265547735,-124699.02839109486
9.088247554189557,-20.9605184251841,7.036214223151012,-0.13574174014411255,0.046858236287334876,-125218.53167699007
9.092731676062982,-20.969780743677607,7.035616358460685,-0.13812316341432052,0.04499703972192037,-125739.44102472215
9.097212146129285,-20.97904554622398,7.035016023506267,-0.14051398875687937,0.04312579642987657,-126261.75829698164
9.101688958066866,-20.988312836822995,7.034413214898146,-0.14291422930557474,0.04124448926791047,-126785.48535645894
9.10616210555213,-20.99758261947494,7.033807929246726,-0.14532389819328273,0.03935310109545753,-127310.62406584465
9.110631582259494,-21.006854898180585,7.033200163162401,-0.14774300855322053,0.03745161477286274,-127837.17628782938
9.115097381861377,-21.016129676941212,7.032589913255569,-0.15017157351815058,0.035540013157515205,-128365.1438851035
9.1195594980282,-21.025406959758588,7.031977176136627,-0.1526096062208353,0.03361827910953252,-128894.52872035767
9.124017924428383,-21.034686750634997,7.031361948415972,-0.1550571197934687,0.0316863954881228,-129425.33265628232
9.128472654728334,-21.043969053573196,7.030744226704003,-0.15751412736744896,0.029744345153631002,-129957.5575555681
