galstreams/tracks/track.st.Orphan-Chenab.ibata2021.ecsv
# %ECSV 0.9
# ---
# datatype:
# - {name: ra, unit: deg, datatype: float64}
# - {name: dec, unit: deg, datatype: float64}
# - {name: distance, unit: kpc, datatype: float64}
# - {name: pm_ra_cosdec, unit: mas / yr, datatype: float64}
# - {name: pm_dec, unit: mas / yr, datatype: float64}
# - {name: radial_velocity, unit: km / s, datatype: float64}
# delimiter: ','
# meta: !!omap
# - __serialized_columns__:
#     dec:
#       __class__: astropy.coordinates.angles.Latitude
#       unit: &id001 !astropy.units.Unit {unit: deg}
#       value: !astropy.table.SerializedColumn {name: dec}
#     distance:
#       __class__: astropy.coordinates.distances.Distance
#       unit: !astropy.units.Unit {unit: kpc}
#       value: !astropy.table.SerializedColumn {name: distance}
#     pm_dec:
#       __class__: astropy.units.quantity.Quantity
#       unit: !astropy.units.Unit {unit: mas / yr}
#       value: !astropy.table.SerializedColumn {name: pm_dec}
#     pm_ra_cosdec:
#       __class__: astropy.units.quantity.Quantity
#       unit: !astropy.units.Unit {unit: mas / yr}
#       value: !astropy.table.SerializedColumn {name: pm_ra_cosdec}
#     ra:
#       __class__: astropy.coordinates.angles.Longitude
#       unit: *id001
#       value: !astropy.table.SerializedColumn {name: ra}
#       wrap_angle: !astropy.coordinates.Angle
#         unit: *id001
#         value: 360.0
#     radial_velocity:
#       __class__: astropy.units.quantity.Quantity
#       unit: !astropy.units.Unit {unit: km / s}
#       value: !astropy.table.SerializedColumn {name: radial_velocity}
# schema: astropy-2.0
ra,dec,distance,pm_ra_cosdec,pm_dec,radial_velocity
[from data line 4614]
162.49128352761608,-3.367034372159208,17.289552988878945,-1.9234862398642834,0.9384385081434968,-3.841975003004254e-14
162.49477574875655,-3.3764008381953277,17.287440193747265,-1.9238579792751007,0.9389992572112432,-2.1051917824680845e-15
162.49826796730568,-3.385767317830141,17.285327921756995,-1.924229726601061,0.9395600372085424,-1.0525958912340423e-15
162.5017601833103,-3.3951338110815703,17.283216173042913,-1.924601481838967,0.9401208480731981,3.73671541388085e-14
162.5052523968174,-3.4045003179675306,17.281104947739752,-1.9249732449856265,0.9406816897430172,2.315710960714893e-14
162.50874460787392,-3.4138668385059496,17.2789942459823,-1.9253450160378456,0.9412425621558062,-4.4209027431829774e-14
162.51223681652672,-3.42323337271476,17.276884067905296,-1.9257167949924323,0.9418034652493739,-4.73668151055319e-15
162.51572902282268,-3.4325999206118936,17.274774413643513,-1.926088581846193,0.9423643989615299,1.6841534259744676e-14
162.5192212268088,-3.4419664822152862,17.272665283331715,-1.9264603765959363,0.9429253632300831,4.4209027431829774e-14
162.522713428532,-3.451333057542885,17.270556677104665,-1.926832179238473,0.9434863579928469,-2.6841195226468077e-14
162.5262056280391,-3.460699646612621,17.268448595097116,-1.9272039897706115,0.944047383187633,1.3157448640425528e-14
162.52969782537707,-3.4700662494424486,17.26634103744383,-1.927575808189165,0.9446084387522558,-8.420767129872338e-15
162.53319002059283,-3.479432866050315,17.26423400427958,-1.9279476344909423,0.9451695246245283,1.6841534259744676e-14
162.5366822137333,-3.4887994964541797,17.262127495739115,-1.9283194686727578,0.9457306407422682,2.315710960714893e-14
162.54017440484535,-3.4981661406719984,17.26002151195721,-1.928691310731423,0.9462917870432914,-1.473634247727659e-14
162.54366659397587,-3.507532798721732,17.25791605306861,-1.9290631606637516,0.9468529634654166,2.4209705498382972e-14
162.54715878117187,-3.516899470621354,17.255811119208083,-1.92943501846656,0.9474141699464631,-9.47336302110638e-15
162.55065096648016,-3.5262661563888194,17.253706710510393,-1.9298068841366611,0.9479754064242509,1.0525958912340423e-15
162.55414314994766,-3.535632856042106,17.251602827110304,-1.93017875767087,0.9485366728366015,2.2104513715914887e-14
162.55763533162136,-3.5449995695991907,17.249499469142574,-1.930550639066004,0.9490979691213367,-3.263047262825531e-14
162.56112751154805,-3.5543662970780545,17.247396636741964,-1.9309225283188802,0.9496592952162806,2.1051917824680845e-15
162.5646196897747,-3.5637330384966797,17.245294330043237,-1.9312944254263158,0.9502206510592576,2.4209705498382972e-14
162.56811186634818,-3.5730997938730518,17.243192549181153,-1.931666330385129,0.9507820365880941,2.947268495455318e-14
162.57160404131545,-3.5824665632251715,17.241091294290477,-1.9320382431921386,0.9513434517406172,-1.0525958912340423e-14
162.57509621472335,-3.5918333465710166,17.23899056550597,-1.9324101638441646,0.9519048964546536,3.1577876737021266e-15
162.5785883866188,-3.6012001439285926,17.236890362962388,-1.932782092338026,0.9524663706680336,-1.0525958912340423e-15
162.58208055704873,-3.6105669553159023,17.2347906867945,-1.9331540286705442,0.9530278743185869,1.9999321933446802e-14
162.58557272606,-3.6199337807509497,17.232691537137068,-1.9335259728385399,0.953589407344145,-2.5262301389617013e-14
162.58906489369954,-3.6293006202517453,17.230592914124838,-1.933897924838836,0.9541509696825401,-9.47336302110638e-15
162.5925570600142,-3.6386674738363074,17.22849481789259,-1.9342698846682542,0.9547125612716063,-3.157787673702127e-14
162.59604922505093,-3.648034341522637,17.226397248575083,-1.934641852323617,0.9552741820491785,2.1051917824680846e-14
162.5995413888566,-3.6574012233287645,17.224300206307074,-1.935013827801749,0.9558358319530916,4.210383564936169e-15
162.60303355147812,-3.6667681192727106,17.222203691223317,-1.9353858110994757,0.9563975109211834,-3.0525280845787224e-14
162.60652571296237,-3.676135029372505,17.220107703458595,-1.9357578022136188,0.9569592188912912,1.7894130150978717e-14
162.61001787335624,-3.685501953646176,17.21801224314765,-1.936129801141005,0.9575209558012548,-1.3683746586042549e-14
162.61351003270667,-3.694868892111765,17.215917310425247,-1.936501807878461,0.9580827215889147,-3.263047262825531e-14
162.61700219106046,-3.70423584478731,17.213822905426152,-1.9368738224228128,0.9586445161921124,2.1051917824680846e-14
162.6204943484646,-3.7136028116908433,17.211729028285127,-1.9372458447708871,0.9592063395486901,9.47336302110638e-15
162.62398650496593,-3.7229697928404173,17.209635679136934,-1.9376178749195105,0.9597681915964913,1.6841534259744676e-14
162.62747866061136,-3.7323367882540834,17.20754285811633,-1.9379899128655123,0.9603300722733619,1.0525958912340423e-14
162.63097081544777,-3.7417037979498917,17.20545056535808,-1.9383619586057215,0.9608919815171469,-1.7894130150978717e-14
162.63446296952205,-3.751070821945903,17.203358800996945,-1.9387340121369652,0.9614539192656943,-3.263047262825531e-14
162.63795512288104,-3.760437860260177,17.201267565167683,-1.939106073456075,0.9620158854568521,3.9998643866893604e-14
162.64144727557175,-3.769804912910786,17.199176858005067,-1.9394781425598795,0.9625778800284697,1.5788938368510635e-14
162.64493942764094,-3.779171979915785,17.19708667964385,-1.9398502194452092,0.9631399029183972,1.6841534259744676e-14
162.64843157913558,-3.788539061293251,17.194997030218786,-1.9402223041088966,0.9637019540644872,-1.6841534259744676e-14
162.6519237301025,-3.7979061570612656,17.192907909864648,-1.940594396547772,0.9642640334045927,1.0525958912340423e-14
162.65541588058863,-3.8072732672379055,17.190819318716194,-1.9409664967586688,0.9648261408765668,1.1578554803574466e-14
162.65890803064084,-3.8166403918412537,17.188731256908188,-1.941338604738417,0.9653882764182654,1.6841534259744676e-14
162.662400180306,-3.8260075308894077,17.186643724575386,-1.9417107204838517,0.9659504399675455,1.2631150694808506e-14
162.66589232963102,-3.8353746844004424,17.184556721852555,-1.9420828439918045,0.9665126314622627,3.684085619319148e-14
162.66938447866275,-3.844741852392463,17.18247024887446,-1.942454975259111,0.9670748508402769,-1.2631150694808506e-14
162.6728766274481,-3.8541090348835656,17.180384305775846,-1.9428271142826044,0.9676370980394484,5.2629794561702115e-15
162.6763687760339,-3.863476231891854,17.1782988926915,-1.9431992610591193,0.9681993729976367,-2.1051917824680846e-14
162.67986092446708,-3.8728434434354404,17.176214009756162,-1.9435714155854906,0.9687616756527053,4.105123975812765e-14
162.68335307279455,-3.8822106695324283,17.1741296571046,-1.943943577858555,0.9693240059425176,4.210383564936169e-15
162.6868452210631,-3.8915779102009425,17.17204583487158,-1.9443157478751485,0.969886363804938,-1.0525958912340423e-14
162.69033736931968,-3.900945165459089,17.169962543191854,-1.9446879256321055,0.9704487491778309,1.894672604221276e-14
162.69382951761114,-3.910312435324996,17.167879782200195,-1.9450601111262649,0.971011161999064,-1.5788938368510635e-14
162.69732166598433,-3.9196797198167865,17.165797552031368,-1.945432304354461,0.9715736022065053,3.0525280845787224e-14
162.7008138144862,-3.9290470189525952,17.16371585282011,-1.945804505313535,0.9721360697380245,-1.473634247727659e-14
162.70430596316356,-3.9384143327505554,17.161634684701205,-1.9461767140003228,0.9726985645314911,6.315575347404253e-15
162.70779811206333,-3.947781661228809,17.159554047809415,-1.9465489304116623,0.9732610865247772,-2.7367493172085098e-14
162.71129026123236,-3.9571490044054864,17.15747394227949,-1.9469211545443932,0.9738236356557541,-3.684085619319148e-14
162.7147824107175,-3.966516362298743,17.155394368246196,-1.947293386395354,0.9743862118622983,7.368171238638296e-15
162.71827456056567,-3.9758837349267235,17.153315325844293,-1.947665625961385,0.974948815082283,-3.368306851948935e-14
162.72176671082374,-3.9852511223075835,17.151236815208545,-1.948037873239324,0.9755114452535844,-4.210383564936169e-15
162.72525886153855,-3.9946185244594794,17.149158836473724,-1.9484101282260113,0.9760741023140801,-1.0525958912340423e-14
162.72875101275702,-4.003985941400575,17.147081389774574,-1.9487823909182893,0.9766367862016494,-1.5788938368510635e-14
162.73224316452593,-4.013353373149042,17.14500447524586,-1.9491546613129982,0.9771994968541727,2.4209705498382972e-14
162.73573531689226,-4.022720819723035,17.142928093022345,-1.9495269394069783,0.9777622342095292,3.0525280845787224e-14
162.73922746990283,-4.0320882811407355,17.1408522432388,-1.9498992251970697,0.9783249982056019,-1.2631150694808506e-14
162.7427196236045,-4.041455757420319,17.13877692602998,-1.9502715186801154,0.978887788780274,4.210383564936169e-15
162.74621177804417,-4.050823248579967,17.136702141530648,-1.9506438198529572,0.9794506058714301,1.5788938368510635e-14
162.74970393326868,-4.060190754637867,17.134627889875553,-1.951016128712439,0.9800134494169568,-3.0525280845787224e-14
162.75319608932492,-4.069558275612207,17.132554171199473,-1.9513884452554011,0.9805763193547398,-8.420767129872338e-15
162.75668824625973,-4.078925811521186,17.130480985637167,-1.9517607694786867,0.9811392156226688,-1.894672604221276e-14
162.76018040411998,-4.088293362382989,17.12840833332339,-1.9521331013791405,0.9817021381586317,2.2104513715914887e-14
162.76367256295256,-4.097660928215823,17.1263362143929,-1.952505440953604,0.9822650869005198,-3.1577876737021266e-15
162.76716472280435,-4.107028509037893,17.12426462898048,-1.9528777881989203,0.9828280617862244,2.947268495455318e-14
162.77065688372218,-4.11639610486741,17.12219357722087,-1.9532501431119358,0.9833910627536389,-2.4209705498382972e-14
162.77414904575292,-4.125763715722584,17.120123059248836,-1.9536225056894927,0.9839540897406579,2.5262301389617013e-14
162.77764120894344,-4.135131341621644,17.118053075199146,-1.9539948759284367,0.9845171426851764,-1.7894130150978717e-14
162.78113337334062,-4.144498982582793,17.11598362520656,-1.9543672538256116,0.9850802215250904,4.210383564936169e-15
162.7846255389913,-4.153866638624267,17.113914709405833,-1.9547396393778618,0.9856433261982984,1.0525958912340423e-15
162.78811770594234,-4.163234309764291,17.111846327931733,-1.9551120325820335,0.9862064566427001,2.4209705498382972e-14
162.7916098742406,-4.172601996021103,17.109778480919022,-1.9554844334349706,0.9867696127961949,3.368306851948935e-14
162.795102043933,-4.181969697412936,17.10771116850246,-1.95585684193352,0.9873327945966841,-3.4735664410723393e-14
162.79859421506634,-4.191337413958038,17.105644390816803,-1.9562292580745275,0.9878960019820708,2.6314897280851057e-14
162.8020863876875,-4.200705145674653,17.10357814799682,-1.9566016818548375,0.9884592348902597,4.105123975812765e-14
162.8055785618434,-4.2100728925810245,17.101512440177274,-1.9569741132712974,0.989022493259154,-3.5788260301957434e-14
162.80907073758075,-4.21944065469541,17.099447267492916,-1.957346552320752,0.9895857770266621,5.2629794561702115e-15
162.81256291494654,-4.228808432036066,17.097382630078517,-1.95771899900005,0.9901490861306913,-4.210383564936169e-15
162.8160550939876,-4.238176224621257,17.09531852806884,-1.958091453306036,0.9907124205091484,-1.1578554803574466e-14
162.81954727475073,-4.247544032469249,17.093254961598642,-1.958463915235558,0.9912757800999463,1.3683746586042549e-14
162.82303945728287,-4.256911855598311,17.09119193080268,-1.9588363847854626,0.9918391648409951,-3.684085619319148e-14
162.82653164163085,-4.266279694026726,17.089129435815725,-1.9592088619525962,0.9924025746702069,-9.47336302110638e-15
162.8300238278415,-4.275647547772753,17.087067476772532,-1.9595813467338068,0.992966009525496,3.263047262825531e-14
162.83351601596175,-4.285015416854687,17.085006053807867,-1.959953839125941,0.9935294693447768,-1.7894130150978717e-14
162.83700820603838,-4.294383301290818,17.08294516705649,-1.960326339125848,0.9940929540659668,-3.4735664410723393e-14
162.84050039811825,-4.30375120109943,17.08088481665316,-1.9606988467303739,0.9946564636269828,-1.0525958912340423e-15
162.84399259224824,-4.313119116298816,17.078825002732643,-1.9610713619363667,0.9952199979657429,1.473634247727659e-14
162.84748478847524,-4.322487046907291,17.0767657254297,-1.961443884740674,0.9957835570201683,5.2629794561702115e-15
162.85097698684604,-4.33185499294314,17.07470698487909,-1.9618164151401445,0.9963471407281791,3.368306851948935e-14
162.85446918740752,-4.3412229544246745,17.072648781215573,-1.9621889531316263,0.9969107490276984,3.157787673702127e-14
162.85796139020658,-4.350590931370213,17.070591114573915,-1.9625614987119664,0.9974743818566497,-3.789345208442552e-14
162.86145359529,-4.359958923798064,17.068533985088877,-1.9629340518780147,0.9980380391529591,3.789345208442552e-14
162.86494580270468,-4.369326931726551,17.06647739289522,-1.9633066126266177,0.9986017208545508,-2.6314897280851057e-14
162.86843801249745,-4.378694955174,17.0644213381277,-1.9636791809546257,0.999165426899354,4.210383564936169e-15
162.87193022471516,-4.388062994158742,17.062365820921087,-1.9640517568588858,0.999729157225297,4.315643154059573e-14
162.8754224394047,-4.397431048699099,17.06031084141014,-1.964424340336247,1.0002929117703092,5.2629794561702115e-15
162.8789146566129,-4.406799118813414,17.058256399729622,-1.9647969313835565,1.0008566904723222,1.6841534259744676e-14
162.8824068763866,-4.416167204520029,17.056202496014286,-1.965169529997665,1.0014204932692692,8.420767129872338e-15
162.88589909877265,-4.425535305837286,17.054149130398905,-1.9655421361754206,1.0019843200990832,3.368306851948935e-14
162.88939132381793,-4.434903422783543,17.05209630301823,-1.9659147499136722,1.0025481708996997,1.2631150694808506e-14
162.89288355156927,-4.444271555377147,17.050044014007035,-1.9662873712092668,1.0031120456090548,-5.2629794561702115e-15
162.89637578207353,-4.453639703636452,17.047992263500078,-1.966660000059054,1.003675944165086,-1.894672604221276e-14
162.89986801537754,-4.463007867579825,17.045941051632113,-1.9670326364598836,1.0042398665057322,-1.3683746586042549e-14
162.90336025152817,-4.472376047225633,17.0438903785379,-1.9674052804086037,1.0048038125689336,-1.3683746586042549e-14
162.90685249057222,-4.481744242592246,17.04184024435221,-1.967777931902063,1.0053677822926321,3.0525280845787224e-14
162.91034473255664,-4.491112453698038,17.039790649209806,-1.9681505909371093,1.0059317756147692,1.2631150694808506e-14
162.91383697752818,-4.500480680561391,17.037741593245443,-1.9685232575105929,1.0064957924732907,2.5262301389617013e-14
162.91732922553376,-4.5098489232006935,17.035693076593883,-1.968895931619362,1.0070598328061404,1.2631150694808506e-14
162.9208214766202,-4.519217181634319,17.033645099389894,-1.9692686132602644,1.0076238965512645,-1.7894130150978717e-14
162.9243137308343,-4.528585455880668,17.031597661768224,-1.9696413024301493,1.0081879836466117,1.0525958912340423e-15
162.927805988223,-4.537953745958135,17.029550763863647,-1.9700139991258663,1.008752094030131,-7.368171238638296e-15
162.93129824883306,-4.547322051885124,17.02750440581092,-1.9703867033442626,1.009316227639773,4.105123975812765e-14
162.93479051271143,-4.556690373680037,17.02545858774481,-1.9707594150821863,1.0098803844134885,-7.368171238638296e-15
162.93828277990485,-4.566058711361286,17.023413309800073,-1.9711321343364876,1.010444564289231,-5.2629794561702115e-15
162.9417750504602,-4.575427064947291,17.021368572111466,-1.971504861104014,1.0110087672049555,4.4209027431829774e-14
162.94526732442438,-4.584795434456453,17.019324374813763,-1.9718775953816134,1.0115729930986161,1.473634247727659e-14
162.94875960184413,-4.594163819907205,17.017280718041714,-1.9722503371661353,1.0121372419081707,4.631421921429786e-14
162.95225188276643,-4.603532221317973,17.015237601930092,-1.9726230864544256,1.0127015135715767,8.420767129872338e-15
162.95574416723804,-4.612900638707187,17.01319502661365,-1.9729958432433339,1.0132658080267936,-1.473634247727659e-14
