galstreams/tracks/track.st.Sagittarius.antoja2020.ecsv
# %ECSV 0.9
# ---
# datatype:
# - {name: ra, unit: deg, datatype: float64}
# - {name: dec, unit: deg, datatype: float64}
# - {name: distance, unit: kpc, datatype: float64}
# - {name: pm_ra_cosdec, unit: mas / yr, datatype: float64}
# - {name: pm_dec, unit: mas / yr, datatype: float64}
# - {name: radial_velocity, unit: km / s, datatype: float64}
# delimiter: ','
# meta: !!omap
# - __serialized_columns__:
#     dec:
#       __class__: astropy.coordinates.angles.Latitude
#       unit: &id001 !astropy.units.Unit {unit: deg}
#       value: !astropy.table.SerializedColumn {name: dec}
#     distance:
#       __class__: astropy.coordinates.distances.Distance
#       unit: !astropy.units.Unit {unit: kpc}
#       value: !astropy.table.SerializedColumn {name: distance}
#     pm_dec:
#       __class__: astropy.units.quantity.Quantity
#       unit: !astropy.units.Unit {unit: mas / yr}
#       value: !astropy.table.SerializedColumn {name: pm_dec}
#     pm_ra_cosdec:
#       __class__: astropy.units.quantity.Quantity
#       unit: !astropy.units.Unit {unit: mas / yr}
#       value: !astropy.table.SerializedColumn {name: pm_ra_cosdec}
#     ra:
#       __class__: astropy.coordinates.angles.Longitude
#       unit: *id001
#       value: !astropy.table.SerializedColumn {name: ra}
#       wrap_angle: !astropy.coordinates.Angle
#         unit: *id001
#         value: 360.0
#     radial_velocity:
#       __class__: astropy.units.quantity.Quantity
#       unit: !astropy.units.Unit {unit: km / s}
#       value: !astropy.table.SerializedColumn {name: radial_velocity}
# schema: astropy-2.0
ra,dec,distance,pm_ra_cosdec,pm_dec,radial_velocity
[from data line 5128]
17.694774157617115,-9.188232352203206,23.55964240906819,-0.5311564973390539,-2.6846309310566117,-8.420767129872338e-14
17.685930009720003,-9.193109196009154,23.558454204953005,-0.5315010169442795,-2.684791278436191,-9.262843842859572e-14
17.677085618160913,-9.197985824506363,23.557266324365585,-0.5318456240459494,-2.6849515476977794,-7.578690416885104e-14
17.668240982812375,-9.202862237572706,23.556078767103156,-0.5321903185688797,-2.68511173886346,-7.578690416885104e-14
17.659396103546943,-9.207738435086034,23.55489153296341,-0.5325351004378659,-2.685271851955325,-8.420767129872338e-14
17.65055098023719,-9.212614416924199,23.553704621744227,-0.5328799695776822,-2.6854318869954654,-7.578690416885104e-14
17.641705612755693,-9.217490182965042,23.55251803324377,-0.5332249259130837,-2.6855918440059847,-7.578690416885104e-14
17.63286000097503,-9.222365733086393,23.55133176726047,-0.533569969368807,-2.685751723008993,-8.420767129872338e-14
17.624014144767802,-9.227241067166084,23.55014582359304,-0.5339150998695656,-2.6859115240266025,-6.73661370389787e-14
17.615168044006612,-9.232116185081926,23.548960202040465,-0.5342603173400521,-2.6860712470809354,-8.420767129872338e-14
17.606321698564045,-9.236991086711765,23.54777490240198,-0.5346056217049444,-2.6862308921941227,-8.420767129872338e-14
17.597475108312786,-9.241865771933352,23.546589924477143,-0.5349510128889001,-2.6863904593882912,-6.73661370389787e-14
17.58862827312545,-9.246740240624495,23.545405268065714,-0.5352964908165501,-2.6865499486855886,-7.578690416885104e-14
17.579781192874684,-9.251614492662995,23.544220932967818,-0.5356420554125152,-2.6867093601081535,-8.420767129872338e-14
17.57093386743308,-9.256488527926651,23.543036918983763,-0.5359877066013898,-2.686868693678146,-8.420767129872338e-14
17.562086296673407,-9.261362346293188,23.54185322591416,-0.5363334443077523,-2.687027949417721,-6.73661370389787e-14
17.553238480468288,-9.266235947640396,23.540669853559933,-0.5366792684561603,-2.6871871273490453,-7.578690416885104e-14
17.544390418690412,-9.271109331846034,23.539486801722248,-0.5370251789711549,-2.6873462274942868,-6.73661370389787e-14
17.535542111212465,-9.27598249878785,23.53830407020253,-0.5373711757772553,-2.6875052498756253,-6.73661370389787e-14
17.526693557907155,-9.280855448343587,23.537121658802487,-0.537717258798964,-2.6876641945152446,-6.73661370389787e-14
17.5178447586472,-9.285728180390977,23.535939567324114,-0.5380634279607582,-2.687823061435333,-7.578690416885104e-14
17.508995713305303,-9.290600694807758,23.534757795569696,-0.5384096831871108,-2.687981850658083,-8.420767129872338e-14
17.50014642175423,-9.295472991471632,23.533576343341753,-0.5387560244024568,-2.688140562205698,-8.420767129872338e-14
17.49129688386666,-9.300345070260345,23.532395210443102,-0.5391024515312292,-2.6882991961003855,-9.262843842859572e-14
17.48244709951544,-9.305216931051552,23.531214396676837,-0.5394489644978342,-2.688457752364356,-8.420767129872338e-14
17.473597068573294,-9.310088573722972,23.530033901846302,-0.5397955632266579,-2.688616231019826,-7.578690416885104e-14
17.464746790912987,-9.314959998152297,23.52885372575515,-0.5401422476420736,-2.6887746320890256,-7.578690416885104e-14
17.455896266407304,-9.319831204217204,23.52767386820729,-0.5404890176684349,-2.688932955594178,-6.73661370389787e-14
17.447045494928982,-9.3247021917954,23.526494329006947,-0.5408358732300783,-2.689091201557522,-8.420767129872338e-14
17.438194476350944,-9.329572960764487,23.525315107958516,-0.5411828142513135,-2.6892493700012996,-8.420767129872338e-14
17.429343210545934,-9.334443511002156,23.52413620486679,-0.5415298406564452,-2.689407460947753,-7.578690416885104e-14
17.420491697386787,-9.339313842386057,23.52295761953677,-0.5418769523697514,-2.6895654744191386,-6.73661370389787e-14
17.411639936746326,-9.344183954793834,23.52177935177374,-0.5422241493154951,-2.689723410437712,-6.73661370389787e-14
17.4027879284974,-9.34905384810312,23.5206014013833,-0.5425714314179225,-2.6898812690257348,-6.73661370389787e-14
17.39393567251286,-9.353923522191542,23.519423768171258,-0.5429187986012599,-2.690039050205477,-7.578690416885104e-14
17.38508316866557,-9.358792976936721,23.518246451943728,-0.5432662507897175,-2.6901967539992127,-7.578690416885104e-14
17.376230416828403,-9.363662212216273,23.51706945250715,-0.5436137879074885,-2.6903543804292194,-6.73661370389787e-14
17.36737741687418,-9.368531227907825,23.515892769668195,-0.5439614098787492,-2.69051192951778,-6.73661370389787e-14
17.35852416867592,-9.373400023888921,23.51471640323376,-0.5443091166276542,-2.690669401287191,-5.894536990910637e-14
17.349670672106463,-9.378268600037176,23.513540353011145,-0.5446569080783434,-2.69082679575974,-5.0524602779234026e-14
17.340816927038713,-9.38313695623017,23.512364618807815,-0.5450047841549466,-2.690984112957727,-5.894536990910637e-14
17.331962933345558,-9.388005092345505,23.511189200431527,-0.545352744781567,-2.6911413529034616,-6.73661370389787e-14
17.323108690900025,-9.392873008260693,23.510014097690426,-0.545700789882292,-2.6912985156192506,-8.420767129872338e-14
17.314254199574986,-9.39774070385333,23.508839310392762,-0.5460489193811972,-2.6914556011274096,-7.578690416885104e-14
17.305399459243432,-9.40260817900095,23.50766483834721,-0.5463971332023402,-2.6916126094502593,-9.262843842859572e-14
17.296544469778308,-9.407475433581103,23.506490681362635,-0.5467454312697579,-2.6917695406101254,-5.0524602779234026e-14
17.28768923105259,-9.412342467471321,23.505316839248255,-0.5470938135074733,-2.691926394629334,-8.420767129872338e-14
17.278833742939266,-9.417209280549137,23.504143311813436,-0.5474422798394952,-2.692083171530224,-5.894536990910637e-14
17.269978005311316,-9.42207587269207,23.502970098867987,-0.5477908301898137,-2.692239871335136,-6.73661370389787e-14
17.261122018041753,-9.426942243777628,23.501797200221866,-0.5481394644824004,-2.692396494066409,-6.73661370389787e-14
17.252265781003597,-9.431808393683315,23.500624615685393,-0.5484881826412121,-2.692553039746396,-6.73661370389787e-14
17.243409294069814,-9.43667432228666,23.499452345069113,-0.5488369845901947,-2.692709508397453,-5.894536990910637e-14
17.234552557113542,-9.441540029465093,23.498280388183876,-0.5491858702532738,-2.6928659000419324,-6.73661370389787e-14
17.22569557000777,-9.446405515096124,23.497108744840776,-0.5495348395543558,-2.693022214702204,-6.73661370389787e-14
17.216838332625542,-9.451270779057234,23.49593741485128,-0.549883892417333,-2.6931784524006335,-7.578690416885104e-14
17.207980844839902,-9.456135821225901,23.494766398027032,-0.5502330287660895,-2.6933346131595908,-7.578690416885104e-14
17.199123106524013,-9.461000641479538,23.493595694179962,-0.5505822485244841,-2.6934906970014554,-6.73661370389787e-14
17.190265117550904,-9.46586523969562,23.492425303122353,-0.5509315516163624,-2.6936467039486107,-6.73661370389787e-14
17.181406877793673,-9.470729615751589,23.49125522466673,-0.5512809379655573,-2.693802634023437,-6.73661370389787e-14
17.172548387125424,-9.475593769524881,23.490085458625877,-0.5516304074958873,-2.693958487248329,-5.894536990910637e-14
17.163689645419275,-9.480457700892924,23.488916004812875,-0.5519799601311481,-2.6941142636456803,-6.73661370389787e-14
17.154830652548362,-9.485321409733134,23.487746863041053,-0.5523295957951313,-2.694269963237889,-7.578690416885104e-14
17.145971408385805,-9.490184895922923,23.486578033124093,-0.5526793144116022,-2.6944255860473603,-6.73661370389787e-14
17.137111912804755,-9.495048159339698,23.485409514875947,-0.553029115904318,-2.6945811320964985,-8.420767129872338e-14
17.12825216567836,-9.49991119986086,23.484241308110736,-0.553379000197018,-2.694736601407718,-7.578690416885104e-14
17.119392166879773,-9.504774017363808,23.48307341264299,-0.5537289672134291,-2.694891994003433,-5.894536990910637e-14
17.110531916282238,-9.509636611725876,23.481905828287463,-0.5540790168772609,-2.695047309906066,-7.578690416885104e-14
17.101671413758897,-9.514498982824469,23.480738554859194,-0.55442914911221,-2.695202549138039,-6.73661370389787e-14
17.09281065918295,-9.519361130536943,23.47957159217352,-0.5547793638419581,-2.6953577117217806,-7.578690416885104e-14
17.083949652427556,-9.524223054740697,23.478404940046033,-0.5551296609901718,-2.6955127976797213,-6.73661370389787e-14
17.07508839336604,-9.52908475531301,23.477238598292633,-0.5554800404805027,-2.695667807034302,-6.73661370389787e-14
17.06622688187158,-9.533946232131255,23.476072566729485,-0.5558305022365905,-2.695822739807955,-7.578690416885104e-14
17.057365117817405,-9.538807485072768,23.474906845173066,-0.5561810461820581,-2.695977596023134,-5.894536990910637e-14
17.04850310107677,-9.543668514014874,23.473741433440065,-0.5565316722405137,-2.6961323757022777,-6.73661370389787e-14
17.039640831522938,-9.54852931883489,23.47257633134752,-0.5568823803355567,-2.6962870788678437,-7.578690416885104e-14
17.030778309029174,-9.55338989941013,23.471411538712687,-0.5572331703907647,-2.6964417055422834,-8.420767129872338e-14
17.02191553346876,-9.558250255617894,23.470247055353216,-0.5575840423297083,-2.6965962557480583,-6.73661370389787e-14
17.013052504714995,-9.56311038733548,23.469082881086887,-0.5579349960759399,-2.6967507295076336,-7.578690416885104e-14
17.00418922264111,-9.5679702944402,23.467919015731933,-0.5582860315530017,-2.6969051268434696,-5.894536990910637e-14
16.995325687120534,-9.57282997680927,23.466755459106704,-0.5586371486844172,-2.6970594477780403,-5.0524602779234026e-14
16.98646189802654,-9.57768943432,23.46559221102997,-0.5589883473936997,-2.697213692333817,-8.420767129872338e-14
16.977597855232453,-9.582548666849652,23.464429271320675,-0.559339627604353,-2.697367860533282,-7.578690416885104e-14
16.968733558611618,-9.587407674275475,23.463266639798103,-0.5596909892398583,-2.6975219523989082,-7.578690416885104e-14
16.95986900803734,-9.592266456474748,23.462104316281813,-0.5600424322236914,-2.697675967953188,-7.578690416885104e-14
16.951004203383082,-9.597125013324662,23.460942300591654,-0.560393956479308,-2.6978299072186043,-7.578690416885104e-14
16.942139144522162,-9.60198334470247,23.459780592547755,-0.5607455619301587,-2.697983770217645,-5.894536990910637e-14
16.933273831327963,-9.606841450485403,23.45861919197051,-0.5610972484996759,-2.698137556972811,-7.578690416885104e-14
16.9244082636739,-9.611699330550671,23.457458098680597,-0.5614490161112808,-2.6982912675065953,-7.578690416885104e-14
16.915542441433356,-9.61655698477548,23.45629731249902,-0.5618008646883785,-2.698444901841503,-5.894536990910637e-14
16.90667636447976,-9.621414413037035,23.45513683324699,-0.5621527941543674,-2.698598460000032,-6.73661370389787e-14
16.89781003268654,-9.626271615212532,23.45397666074611,-0.562504804432626,-2.698751942004697,-6.73661370389787e-14
16.888943445927126,-9.631128591179152,23.452816794818172,-0.5628568954465257,-2.698905347878002,-6.73661370389787e-14
16.880076604074915,-9.635985340814099,23.4516572352853,-0.5632090671194246,-2.6990586776424625,-5.894536990910637e-14
16.871209507003467,-9.640841863994488,23.45049798196986,-0.5635613193746649,-2.699211931320598,-7.578690416885104e-14
16.8623421545862,-9.645698160597515,23.449339034694557,-0.5639136521355812,-2.6993651089349253,-7.578690416885104e-14
16.853474546696592,-9.65055423050033,23.448180393282332,-0.5642660653254926,-2.699518210507966,-4.210383564936169e-14
16.84460668320808,-9.655410073580107,23.44702205755646,-0.5646185588677087,-2.699671236062249,-5.894536990910637e-14
16.835738563994273,-9.66026568971392,23.44586402734047,-0.5649711326855222,-2.699824185620299,-8.420767129872338e-14
16.826870188928627,-9.665121078778938,23.44470630245815,-0.565323786702217,-2.6999770592046506,-7.578690416885104e-14
16.81800155788466,-9.669976240652277,23.443548882733644,-0.5656765208410672,-2.7001298568378362,-8.420767129872338e-14
16.809132670735913,-9.67483117521106,23.44239176799127,-0.5660293350253329,-2.700282578542395,-6.73661370389787e-14
16.800263527355916,-9.67968588233238,23.441234958055787,-0.56638222917826,-2.7004352243408642,-7.578690416885104e-14
16.79139412761823,-9.684540361893346,23.440078452752115,-0.5667352032230865,-2.7005877942557883,-5.894536990910637e-14
16.782524471396417,-9.689394613771046,23.438922251905478,-0.5670882570830376,-2.700740288309711,-5.0524602779234026e-14
16.77365455856405,-9.694248637842561,23.437766355341427,-0.567441390681328,-2.70089270652518,-6.73661370389787e-14
16.764784388994716,-9.699102433984972,23.436610762885778,-0.5677946039411588,-2.7010450489247466,-8.420767129872338e-14
16.755913962561948,-9.70395600207537,23.435455474364623,-0.5681478967857199,-2.7011973155309645,-7.578690416885104e-14
16.747043279139472,-9.708809341990758,23.43430048960435,-0.5685012691381923,-2.7013495063663875,-6.73661370389787e-14
16.738172338600844,-9.713662453608213,23.43314580843165,-0.5688547209217429,-2.701501621453576,-6.73661370389787e-14
16.72930114081969,-9.718515336804785,23.43199143067343,-0.5692082520595313,-2.7016536608150914,-5.894536990910637e-14
16.7204296856696,-9.723367991457538,23.43083735615699,-0.569561862474703,-2.7018056244734896,-6.73661370389787e-14
16.711557973024323,-9.728220417443433,23.42968358470983,-0.5699155520903939,-2.7019575124513433,-7.578690416885104e-14
16.702686002757474,-9.733072614639527,23.428530116159795,-0.570269320829727,-2.702109324771217,-5.0524602779234026e-14
16.69381377474271,-9.737924582922824,23.42737695033496,-0.5706231686158194,-2.7022610614556815,-7.578690416885104e-14
16.68494128885372,-9.742776322170341,23.42622408706372,-0.5709770953717718,-2.7024127225273107,-6.73661370389787e-14
16.6760685449642,-9.747627832259065,23.425071526174765,-0.5713311010206795,-2.7025643080086748,-5.894536990910637e-14
16.66719554294784,-9.752479113065984,23.423919267497055,-0.5716851854856222,-2.702715817922355,-7.578690416885104e-14
16.658322282678363,-9.757330164468078,23.422767310859864,-0.5720393486896729,-2.7028672522909267,-7.578690416885104e-14
16.649448764029486,-9.762180986342326,23.421615656092694,-0.5723935905558961,-2.7030186111369727,-7.578690416885104e-14
16.640574986874945,-9.767031578565689,23.420464303025376,-0.5727479110073396,-2.7031698944830733,-7.578690416885104e-14
16.631700951088433,-9.771881941015149,23.419313251488045,-0.5731023099670485,-2.7033211023518167,-5.0524602779234026e-14
16.622826656543815,-9.776732073567599,23.418162501311098,-0.5734567873580501,-2.703472234765789,-5.894536990910637e-14
16.613952103114798,-9.781581976100009,23.417012052325223,-0.5738113431033689,-2.7036232917475806,-5.894536990910637e-14
16.605077290675162,-9.786431648489309,23.415861904361364,-0.574165977126014,-2.70377427331978,-7.578690416885104e-14
16.59620221909865,-9.79128109061245,23.414712057250835,-0.5745206893489883,-2.7039251795049806,-6.73661370389787e-14
16.587326888259156,-9.796130302346306,23.41356251082515,-0.5748754796952842,-2.7040760103257773,-7.578690416885104e-14
16.578451298030433,-9.800979283567798,23.412413264916196,-0.5752303480878856,-2.7042267658047665,-7.578690416885104e-14
16.569575448286308,-9.805828034153835,23.41126431935605,-0.5755852944497618,-2.704377445964547,-7.578690416885104e-14
16.56069933890062,-9.81067655398131,23.41011567397714,-0.5759403187038782,-2.704528050827719,-5.894536990910637e-14
16.55182296974719,-9.815524842927111,23.40896732861221,-0.5762954207731891,-2.704678580416882,-7.578690416885104e-14
16.542946340699892,-9.820372900868106,23.407819283094174,-0.5766506005806409,-2.7048290347546424,-7.578690416885104e-14
16.53406945163259,-9.825220727681168,23.40667153725642,-0.577005858049167,-2.7049794138636014,-7.578690416885104e-14
16.525192302419143,-9.830068323243157,23.405524090932445,-0.5773611931016928,-2.7051297177663693,-7.578690416885104e-14
16.516314892933405,-9.834915687430954,23.40437694395611,-0.5777166056611397,-2.705279946485553,-7.578690416885104e-14
