galstreams/tracks/track.st.Orinoco.grillmair2017.ecsv
# %ECSV 0.9
# ---
# datatype:
# - {name: ra, unit: deg, datatype: float64}
# - {name: dec, unit: deg, datatype: float64}
# - {name: distance, unit: kpc, datatype: float64}
# - {name: pm_ra_cosdec, unit: mas / yr, datatype: float64}
# - {name: pm_dec, unit: mas / yr, datatype: float64}
# - {name: radial_velocity, unit: km / s, datatype: float64}
# delimiter: ','
# meta: !!omap
# - __serialized_columns__:
#     dec:
#       __class__: astropy.coordinates.angles.Latitude
#       unit: &id001 !astropy.units.Unit {unit: deg}
#       value: !astropy.table.SerializedColumn {name: dec}
#     distance:
#       __class__: astropy.coordinates.distances.Distance
#       unit: !astropy.units.Unit {unit: kpc}
#       value: !astropy.table.SerializedColumn {name: distance}
#     pm_dec:
#       __class__: astropy.units.quantity.Quantity
#       unit: !astropy.units.Unit {unit: mas / yr}
#       value: !astropy.table.SerializedColumn {name: pm_dec}
#     pm_ra_cosdec:
#       __class__: astropy.units.quantity.Quantity
#       unit: !astropy.units.Unit {unit: mas / yr}
#       value: !astropy.table.SerializedColumn {name: pm_ra_cosdec}
#     ra:
#       __class__: astropy.coordinates.angles.Longitude
#       unit: *id001
#       value: !astropy.table.SerializedColumn {name: ra}
#       wrap_angle: !astropy.coordinates.Angle
#         unit: *id001
#         value: 360.0
#     radial_velocity:
#       __class__: astropy.units.quantity.Quantity
#       unit: !astropy.units.Unit {unit: km / s}
#       value: !astropy.table.SerializedColumn {name: radial_velocity}
# schema: astropy-2.0
ra,dec,distance,pm_ra_cosdec,pm_dec,radial_velocity
[from data line 1435]
15.990261679629365,-25.32749953458489,20.599999999999994,0.0,0.0,0.0
16.001190515484904,-25.330413633552627,20.599999999999998,0.0,0.0,0.0
16.012119531366555,-25.333333965139314,20.59999999999999,0.0,0.0,0.0
16.02304872882665,-25.336260533521333,20.59999999999999,0.0,0.0,0.0
16.03397810941926,-25.33919334287487,20.599999999999998,0.0,0.0,0.0
16.044907674700134,-25.342132397375956,20.599999999999994,0.0,0.0,0.0
16.055837426226773,-25.345077701200427,20.59999999999999,0.0,0.0,0.0
16.066767365558377,-25.348029258523965,20.599999999999994,0.0,0.0,0.0
16.077697494255872,-25.350987073522045,20.599999999999994,0.0,0.0,0.0
16.088627813881892,-25.353951150369994,20.599999999999994,0.0,0.0,0.0
16.099558326000807,-25.35692149324294,20.599999999999994,0.0,0.0,0.0
16.110489032178698,-25.35989810631584,20.599999999999998,0.0,0.0,0.0
16.12141993398337,-25.362880993763476,20.599999999999998,0.0,0.0,0.0
16.132351032984346,-25.365870159760462,20.599999999999994,0.0,0.0,0.0
16.143282330752886,-25.3688656084812,20.59999999999999,0.0,0.0,0.0
16.154213828861955,-25.37186734409995,20.599999999999998,0.0,0.0,0.0
16.16514552888628,-25.374875370790775,20.599999999999994,0.0,0.0,0.0
16.17607743240227,-25.377889692727546,20.599999999999998,0.0,0.0,0.0
16.18700954098809,-25.380910314083998,20.599999999999994,0.0,0.0,0.0
16.197941856223633,-25.383937239033628,20.599999999999994,0.0,0.0,0.0
16.20887437969051,-25.386970471749777,20.599999999999994,0.0,0.0,0.0
16.21980711297207,-25.39001001640563,20.599999999999994,0.0,0.0,0.0
16.2307400576534,-25.39305587717416,20.59999999999999,0.0,0.0,0.0
16.241673215321303,-25.396108058228158,20.599999999999998,0.0,0.0,0.0
16.252606587564337,-25.39916656374025,20.599999999999998,0.0,0.0,0.0
16.263540175972786,-25.402231397882883,20.599999999999994,0.0,0.0,0.0
16.274473982138662,-25.405302564828297,20.599999999999998,0.0,0.0,0.0
16.285408007655725,-25.40838006874856,20.599999999999998,0.0,0.0,0.0
16.29634225411947,-25.41146391381558,20.59999999999999,0.0,0.0,0.0
16.307276723127128,-25.414554104201052,20.599999999999994,0.0,0.0,0.0
16.31821141627768,-25.417650644076495,20.59999999999999,0.0,0.0,0.0
16.32914633517183,-25.420753537613237,20.599999999999994,0.0,0.0,0.0
16.34008148141205,-25.42386278898245,20.599999999999994,0.0,0.0,0.0
16.35101685660252,-25.426978402355086,20.599999999999994,0.0,0.0,0.0
16.36195246234921,-25.43010038190194,20.599999999999998,0.0,0.0,0.0
16.37288830025979,-25.43322873179361,20.599999999999994,0.0,0.0,0.0
16.38382437194371,-25.436363456200514,20.599999999999994,0.0,0.0,0.0
16.394760679012144,-25.439504559292864,20.599999999999994,0.0,0.0,0.0
16.405697223078032,-25.442652045240713,20.59999999999999,0.0,0.0,0.0
16.416634005756052,-25.4458059182139,20.599999999999998,0.0,0.0,0.0
16.427571028662644,-25.44896618238212,20.599999999999994,0.0,0.0,0.0
16.438508293415982,-25.452132841914835,20.599999999999994,0.0,0.0,0.0
16.44944580163601,-25.45530590098134,20.599999999999998,0.0,0.0,0.0
16.460383554944425,-25.45848536375075,20.599999999999998,0.0,0.0,0.0
16.471321554964668,-25.46167123439198,20.599999999999998,0.0,0.0,0.0
16.482259803321938,-25.464863517073752,20.599999999999994,0.0,0.0,0.0
16.4931983016432,-25.46806221596462,20.599999999999994,0.0,0.0,0.0
16.504137051557166,-25.47126733523293,20.599999999999994,0.0,0.0,0.0
16.515076054694315,-25.47447887904684,20.599999999999998,0.0,0.0,0.0
16.526015312686887,-25.477696851574336,20.59999999999999,0.0,0.0,0.0
16.53695482716887,-25.480921256983176,20.599999999999998,0.0,0.0,0.0
16.54789459977604,-25.484152099441005,20.599999999999998,0.0,0.0,0.0
16.55883463214591,-25.487389383115175,20.599999999999998,0.0,0.0,0.0
16.569774925917766,-25.490633112172933,20.599999999999994,0.0,0.0,0.0
16.580715482732682,-25.493883290781273,20.599999999999998,0.0,0.0,0.0
16.59165630423345,-25.49713992310705,20.599999999999998,0.0,0.0,0.0
16.602597392064688,-25.50040301331689,20.59999999999999,0.0,0.0,0.0
16.613538747872738,-25.503672565577254,20.59999999999999,0.0,0.0,0.0
16.624480373305726,-25.50694858405437,20.599999999999994,0.0,0.0,0.0
16.63542227001357,-25.510231072914326,20.599999999999994,0.0,0.0,0.0
16.646364439647922,-25.51352003632298,20.599999999999994,0.0,0.0,0.0
16.65730688386224,-25.516815478446006,20.599999999999998,0.0,0.0,0.0
16.66824960431174,-25.520117403448907,20.599999999999998,0.0,0.0,0.0
16.679192602653416,-25.523425815496942,20.599999999999994,0.0,0.0,0.0
16.690135880546045,-25.52674071875522,20.599999999999998,0.0,0.0,0.0
16.701079439650183,-25.530062117388642,20.6,0.0,0.0,0.0
16.712023281628145,-25.53339001556191,20.599999999999998,0.0,0.0,0.0
16.722967408144054,-25.536724417439537,20.6,0.0,0.0,0.0
16.733911820863803,-25.540065327185847,20.6,0.0,0.0,0.0
16.744856521455052,-25.543412748964936,20.599999999999998,0.0,0.0,0.0
16.755801511587272,-25.546766686940746,20.6,0.0,0.0,0.0
16.766746792931713,-25.550127145277003,20.599999999999998,0.0,0.0,0.0
16.77769236716138,-25.55349412813723,20.599999999999998,0.0,0.0,0.0
16.788638235951115,-25.556867639684775,20.599999999999994,0.0,0.0,0.0
16.7995844009775,-25.56024768408275,20.599999999999998,0.0,0.0,0.0
16.810530863918945,-25.56363426549411,20.6,0.0,0.0,0.0
16.82147762645563,-25.5670273880816,20.599999999999998,0.0,0.0,0.0
16.83242469026953,-25.57042705600774,20.599999999999998,0.0,0.0,0.0
16.843372057044416,-25.573833273434907,20.599999999999998,0.0,0.0,0.0
16.854319728465853,-25.577246044525225,20.599999999999998,0.0,0.0,0.0
16.865267706221196,-25.580665373440645,20.6,0.0,0.0,0.0
16.876215991999608,-25.584091264342913,20.6,0.0,0.0,0.0
16.88716458749203,-25.587523721393577,20.6,0.0,0.0,0.0
16.89811349439123,-25.59096274875398,20.599999999999998,0.0,0.0,0.0
16.909062714391744,-25.594408350585276,20.6,0.0,0.0,0.0
16.920012249189934,-25.597860531048394,20.6,0.0,0.0,0.0
16.930962100483963,-25.601319294304112,20.599999999999998,0.0,0.0,0.0
16.94191226997378,-25.604784644512936,20.599999999999998,0.0,0.0,0.0
16.95286275936115,-25.608256585835225,20.6,0.0,0.0,0.0
16.963813570349657,-25.611735122431128,20.6,0.0,0.0,0.0
16.974764704644667,-25.61522025846057,20.599999999999998,0.0,0.0,0.0
16.98571616395337,-25.618711998083295,20.599999999999998,0.0,0.0,0.0
16.996667949984758,-25.622210345458818,20.599999999999998,0.0,0.0,0.0
17.007620064449647,-25.625715304746482,20.599999999999998,0.0,0.0,0.0
17.01857250906065,-25.629226880105413,20.599999999999998,0.0,0.0,0.0
17.029525285532202,-25.632745075694523,20.6,0.0,0.0,0.0
17.040478395580553,-25.63626989567254,20.599999999999998,0.0,0.0,0.0
17.051431840923765,-25.639801344197966,20.599999999999998,0.0,0.0,0.0
17.06238562328172,-25.64333942542912,20.6,0.0,0.0,0.0
17.07333974437612,-25.646884143524094,20.599999999999994,0.0,0.0,0.0
17.084294205930473,-25.650435502640796,20.599999999999998,0.0,0.0,0.0
17.095249009670127,-25.653993506936906,20.599999999999998,0.0,0.0,0.0
17.106204157322246,-25.657558160569916,20.599999999999998,0.0,0.0,0.0
17.117159650615804,-25.6611294676971,20.599999999999998,0.0,0.0,0.0
17.128115491281626,-25.66470743247555,20.599999999999998,0.0,0.0,0.0
17.139071681052336,-25.668292059062104,20.6,0.0,0.0,0.0
17.1500282216624,-25.67188335161343,20.599999999999998,0.0,0.0,0.0
17.160985114848113,-25.675481314285992,20.599999999999998,0.0,0.0,0.0
17.171942362347593,-25.679085951236015,20.599999999999994,0.0,0.0,0.0
17.18289996590079,-25.68269726661953,20.599999999999998,0.0,0.0,0.0
17.19385792724949,-25.68631526459237,20.599999999999998,0.0,0.0,0.0
17.20481624813731,-25.689939949310155,20.6,0.0,0.0,0.0
17.215774930309706,-25.69357132492829,20.599999999999998,0.0,0.0,0.0
17.226733975513962,-25.697209395601973,20.599999999999998,0.0,0.0,0.0
17.237693385499206,-25.700854165486184,20.599999999999998,0.0,0.0,0.0
17.2486531620164,-25.704505638735707,20.6,0.0,0.0,0.0
17.259613306818352,-25.708163819505106,20.599999999999998,0.0,0.0,0.0
17.270573821659713,-25.71182871194874,20.599999999999994,0.0,0.0,0.0
17.28153470829696,-25.715500320220755,20.6,0.0,0.0,0.0
17.292495968488428,-25.71917864847507,20.599999999999998,0.0,0.0,0.0
17.303457603994296,-25.722863700865418,20.599999999999994,0.0,0.0,0.0
17.314419616576593,-25.7265554815453,20.599999999999998,0.0,0.0,0.0
17.32538200799919,-25.73025399466803,20.599999999999998,0.0,0.0,0.0
17.3363447800278,-25.733959244386668,20.599999999999994,0.0,0.0,0.0
17.347307934430006,-25.737671234854105,20.6,0.0,0.0,0.0
17.358271472975222,-25.741389970222986,20.6,0.0,0.0,0.0
17.36923539743473,-25.74511545464575,20.6,0.0,0.0,0.0
17.38019970958166,-25.748847692274644,20.6,0.0,0.0,0.0
17.391164411191003,-25.75258668726167,20.599999999999994,0.0,0.0,0.0
17.402129504039593,-25.756332443758627,20.599999999999998,0.0,0.0,0.0
17.41309498990614,-25.760084965917095,20.599999999999994,0.0,0.0,0.0
17.424060870571203,-25.763844257888454,20.599999999999998,0.0,0.0,0.0
17.435027147817213,-25.767610323823863,20.599999999999998,0.0,0.0,0.0
17.44599382342845,-25.771383167874234,20.599999999999994,0.0,0.0,0.0
17.45696089919106,-25.77516279419031,20.6,0.0,0.0,0.0
17.467928376893077,-25.778949206922594,20.599999999999994,0.0,0.0,0.0
17.47889625832437,-25.782742410221367,20.599999999999998,0.0,0.0,0.0
17.489864545276678,-25.78654240823671,20.6,0.0,0.0,0.0
17.50083323954365,-25.79034920511845,20.599999999999994,0.0,0.0,0.0
17.51180234292075,-25.794162805016235,20.6,0.0,0.0,0.0
17.522771857205356,-25.797983212079494,20.6,0.0,0.0,0.0
17.533741784196703,-25.80181043045741,20.599999999999998,0.0,0.0,0.0
17.5447121256959,-25.80564446429896,20.6,0.0,0.0,0.0
17.555682883505934,-25.80948531775292,20.599999999999998,0.0,0.0,0.0
17.566654059431674,-25.813332994967805,20.599999999999998,0.0,0.0,0.0
17.577625655279864,-25.81718750009194,20.600000000000005,0.0,0.0,0.0
17.58859767285913,-25.82104883727344,20.599999999999998,0.0,0.0,0.0
17.599570113979983,-25.824917010660176,20.599999999999998,0.0,0.0,0.0
17.610542980454802,-25.82879202439978,20.6,0.0,0.0,0.0
17.621516274097885,-25.832673882639728,20.599999999999998,0.0,0.0,0.0
17.63248999672537,-25.83656258952721,20.599999999999998,0.0,0.0,0.0
17.643464150155317,-25.840458149209226,20.599999999999998,0.0,0.0,0.0
17.654438736207673,-25.844360565832535,20.6,0.0,0.0,0.0
17.66541375670426,-25.84826984354371,20.6,0.0,0.0,0.0
17.676389213468806,-25.85218598648905,20.59999999999999,0.0,0.0,0.0
17.687365108326915,-25.856108998814662,20.599999999999998,0.0,0.0,0.0
17.698341443106102,-25.860038884666427,20.599999999999998,0.0,0.0,0.0
17.70931821963578,-25.863975648190006,20.599999999999998,0.0,0.0,0.0
17.72029543974724,-25.867919293530804,20.599999999999998,0.0,0.0,0.0
17.73127310527369,-25.871869824834047,20.6,0.0,0.0,0.0
17.742251218050253,-25.87582724624472,20.599999999999994,0.0,0.0,0.0
17.75322977991391,-25.879791561907567,20.599999999999998,0.0,0.0,0.0
17.76420879270358,-25.883762775967114,20.599999999999998,0.0,0.0,0.0
17.775188258260084,-25.88774089256766,20.599999999999998,0.0,0.0,0.0
17.786168178426138,-25.891725915853293,20.599999999999994,0.0,0.0,0.0
17.797148555046366,-25.895717849967863,20.599999999999998,0.0,0.0,0.0
17.80812938996732,-25.899716699054988,20.599999999999998,0.0,0.0,0.0
17.819110685037444,-25.903722467258067,20.599999999999998,0.0,0.0,0.0
17.830092442107095,-25.907735158720257,20.6,0.0,0.0,0.0
17.84107466302856,-25.911754777584516,20.6,0.0,0.0,0.0
17.85205734965603,-25.915781327993543,20.599999999999998,0.0,0.0,0.0
17.863040503845607,-25.919814814089833,20.599999999999998,0.0,0.0,0.0
17.874024127455336,-25.923855240015634,20.599999999999998,0.0,0.0,0.0
17.885008222345135,-25.927902609912977,20.599999999999998,0.0,0.0,0.0
17.895992790376905,-25.931956927923643,20.6,0.0,0.0,0.0
17.90697783341442,-25.936018198189213,20.599999999999998,0.0,0.0,0.0
17.917963353323405,-25.940086424851014,20.599999999999994,0.0,0.0,0.0
17.928949351971504,-25.94416161205015,20.599999999999998,0.0,0.0,0.0
17.939935831228283,-25.9482437639275,20.599999999999998,0.0,0.0,0.0
17.95092279296524,-25.9523328846237,20.599999999999998,0.0,0.0,0.0
17.96191023905582,-25.956428978279174,20.599999999999998,0.0,0.0,0.0
17.972898171375366,-25.9605320490341,20.599999999999998,0.0,0.0,0.0
17.9838865918012,-25.964642101028407,20.599999999999998,0.0,0.0,0.0
17.99487550221253,-25.968759138401815,20.6,0.0,0.0,0.0
18.005864904490544,-25.97288316529382,20.599999999999998,0.0,0.0,0.0
18.01685480051833,-25.977014185843654,20.6,0.0,0.0,0.0
18.027845192180965,-25.981152204190348,20.6,0.0,0.0,0.0
18.038836081365417,-25.985297224472667,20.599999999999998,0.0,0.0,0.0
18.04982746996062,-25.989449250829157,20.6,0.0,0.0,0.0
18.06081935985746,-25.993608287398136,20.6,0.0,0.0,0.0
18.07181175294876,-25.99777433831768,20.599999999999998,0.0,0.0,0.0
18.08280465112929,-26.001947407725627,20.6,0.0,0.0,0.0
18.093798056295768,-26.006127499759582,20.599999999999998,0.0,0.0,0.0
18.104791970346874,-26.010314618556922,20.599999999999994,0.0,0.0,0.0
18.115786395183218,-26.014508768254757,20.6,0.0,0.0,0.0
18.12678133270741,-26.01870995299002,20.599999999999994,0.0,0.0,0.0
18.137776784823952,-26.022918176899342,20.599999999999998,0.0,0.0,0.0
18.148772753439353,-26.02713344411914,20.6,0.0,0.0,0.0
18.159769240462072,-26.031355758785626,20.6,0.0,0.0,0.0
18.17076624780252,-26.03558512503473,20.599999999999994,0.0,0.0,0.0
18.18176377737306,-26.039821547002155,20.599999999999998,0.0,0.0,0.0
18.19276183108804,-26.04406502882337,20.599999999999998,0.0,0.0,0.0
18.203760410863765,-26.048315574633623,20.599999999999998,0.0,0.0,0.0
18.214759518618507,-26.052573188567877,20.6,0.0,0.0,0.0
18.225759156272503,-26.056837874760895,20.6,0.0,0.0,0.0
18.23675932574798,-26.061109637347197,20.6,0.0,0.0,0.0
18.24776002896911,-26.06538848046103,20.6,0.0,0.0,0.0
18.25876126786206,-26.06967440823646,20.6,0.0,0.0,0.0
18.269763044354953,-26.073967424807247,20.6,0.0,0.0,0.0
18.2807653603779,-26.07826753430692,20.6,0.0,0.0,0.0
18.291768217863,-26.08257474086883,20.6,0.0,0.0,0.0
18.302771618744316,-26.086889048626,20.600000000000005,0.0,0.0,0.0
18.313775564957904,-26.09121046171127,20.6,0.0,0.0,0.0
18.324780058441807,-26.09553898425722,20.6,0.0,0.0,0.0
18.335785101136036,-26.09987462039616,20.6,0.0,0.0,0.0
18.346790694982605,-26.104217374260205,20.6,0.0,0.0,0.0
18.357796841925513,-26.108567249981196,20.6,0.0,0.0,0.0
18.36880354391075,-26.11292425169073,20.6,0.0,0.0,0.0
18.379810802886297,-26.11728838352016,20.599999999999998,0.0,0.0,0.0
18.390818620802126,-26.12165964960061,20.6,0.0,0.0,0.0
18.40182699961021,-26.126038054062935,20.6,0.0,0.0,0.0
18.412835941264518,-26.130423601037766,20.600000000000005,0.0,0.0,0.0
18.423845447721018,-26.13481629465547,20.6,0.0,0.0,0.0
18.43485552093768,-26.13921613904618,20.6,0.0,0.0,0.0
18.44586616287447,-26.143623138339777,20.600000000000005,0.0,0.0,0.0
18.456877375493374,-26.14803729666591,20.6,0.0,0.0,0.0
18.46788916075837,-26.152458618153947,20.6,0.0,0.0,0.0
18.47890152063544,-26.15688710693303,20.6,0.0,0.0,0.0
18.489914457092592,-26.16132276713207,20.599999999999998,0.0,0.0,0.0
18.500927972099827,-26.165765602879677,20.6,0.0,0.0,0.0
18.51194206762919,-26.17021561830429,20.6,0.0,0.0,0.0
18.522956745654696,-26.17467281753401,20.6,0.0,0.0,0.0
18.53397200815241,-26.179137204696758,20.6,0.0,0.0,0.0
18.544987857100413,-26.183608783920185,20.6,0.0,0.0,0.0
18.556004294478782,-26.188087559331674,20.6,0.0,0.0,0.0
18.56702132226965,-26.192573535058372,20.60000000000001,0.0,0.0,0.0
18.578038942457155,-26.197066715227173,20.6,0.0,0.0,0.0
18.589057157027455,-26.201567103964727,20.6,0.0,0.0,0.0
18.60007596796875,-26.206074705397434,20.6,0.0,0.0,0.0
18.61109537727124,-26.210589523651393,20.6,0.0,0.0,0.0
18.622115386927213,-26.21511156285254,20.599999999999998,0.0,0.0,0.0
18.633135998930918,-26.219640827126476,20.60000000000001,0.0,0.0,0.0
18.644157215278707,-26.224177320598606,20.599999999999998,0.0,0.0,0.0
18.655179037968917,-26.228721047394036,20.6,0.0,0.0,0.0
18.666201469001948,-26.233272011637656,20.6,0.0,0.0,0.0
18.67722451038023,-26.23783021745409,20.6,0.0,0.0,0.0
18.68824816410825,-26.24239566896768,20.6,0.0,0.0,0.0
