galstreams/tracks/track.st.Gjoll.ibata2020.ecsv
# %ECSV 0.9
# ---
# datatype:
# - {name: ra, unit: deg, datatype: float64}
# - {name: dec, unit: deg, datatype: float64}
# - {name: distance, unit: kpc, datatype: float64}
# - {name: pm_ra_cosdec, unit: mas / yr, datatype: float64}
# - {name: pm_dec, unit: mas / yr, datatype: float64}
# - {name: radial_velocity, unit: km / s, datatype: float64}
# delimiter: ','
# meta: !!omap
# - __serialized_columns__:
#     dec:
#       __class__: astropy.coordinates.angles.Latitude
#       unit: &id001 !astropy.units.Unit {unit: deg}
#       value: !astropy.table.SerializedColumn {name: dec}
#     distance:
#       __class__: astropy.coordinates.distances.Distance
#       unit: !astropy.units.Unit {unit: kpc}
#       value: !astropy.table.SerializedColumn {name: distance}
#     pm_dec:
#       __class__: astropy.units.quantity.Quantity
#       unit: !astropy.units.Unit {unit: mas / yr}
#       value: !astropy.table.SerializedColumn {name: pm_dec}
#     pm_ra_cosdec:
#       __class__: astropy.units.quantity.Quantity
#       unit: !astropy.units.Unit {unit: mas / yr}
#       value: !astropy.table.SerializedColumn {name: pm_ra_cosdec}
#     ra:
#       __class__: astropy.coordinates.angles.Longitude
#       unit: *id001
#       value: !astropy.table.SerializedColumn {name: ra}
#       wrap_angle: !astropy.coordinates.Angle
#         unit: *id001
#         value: 360.0
#     radial_velocity:
#       __class__: astropy.units.quantity.Quantity
#       unit: !astropy.units.Unit {unit: km / s}
#       value: !astropy.table.SerializedColumn {name: radial_velocity}
# schema: astropy-2.0
ra,dec,distance,pm_ra_cosdec,pm_dec,radial_velocity
[from data line 138]
95.39326248633468,-24.286733678940628,3.276182894107382,23.56644078135401,-20.92493593103818,6.73661370389787e-14
95.64563455985535,-24.461485126305185,3.2759622620578708,23.543765135430313,-20.841182833905677,6.73661370389787e-14
95.89867355886634,-24.635856959988153,3.275779655753679,23.520365701804394,-20.75646845334643,3.368306851948935e-14
96.15238444836599,-24.809846054088272,3.2756344705031584,23.496245354885154,-20.670805586239858,1.6841534259744676e-14
96.40677219687629,-24.98344926207675,3.275526101614662,23.471406950053463,-20.584207068199788,6.73661370389787e-14
96.66184177602722,-25.156663416713787,3.27545394439654,23.44585332498312,-20.496685773168515,8.420767129872338e-14
96.91759816012775,-25.329485329966776,3.275417394157148,23.419587300972015,-20.408254613003336,5.0524602779234026e-14
97.17404632572291,-25.501911792930443,3.2754158462048344,23.392611684283654,-20.318926537055308,8.420767129872338e-14
97.43119125113704,-25.67393957574891,3.275448695847954,23.3649292674989,-20.228714531739687,8.420767129872338e-14
97.68903791600276,-25.845565427539807,3.2755153383948583,23.336542830878106,-20.137631620097746,3.368306851948935e-14
97.94759130077558,-26.0167860763205,3.275615169153899,23.30745514373367,-20.045690861349673,8.420767129872338e-14
98.20685638623382,-26.18759822893654,3.2757475834334278,23.277668965812925,-19.952905350437966,1.0104920555846805e-13
98.46683815296363,-26.35799857099237,3.275911976541799,23.24718704869158,-19.85928821756114,1.6841534259744676e-14
98.72754158082904,-26.5279837667845,3.276107743787363,23.21601213717763,-19.764852627697202,1.347322740779574e-13
98.98897164842637,-26.69755045923709,3.2763342804784723,23.184146970725624,-19.66961178011647,1.1789073981821273e-13
99.25113333252332,-26.866695269840115,3.27659098192348,23.15159428486164,-19.57357890788344,8.420767129872338e-14
99.51403160748225,-27.035414798590267,3.276877243430737,23.11835681261869,-19.47676727734722,6.73661370389787e-14
99.77767144466713,-27.203705623934567,3.277192460308597,23.084437285982567,-19.379190187619955,1.347322740779574e-13
100.04205781183451,-27.371564302716852,3.27753602786541,23.049838437348356,-19.280860970043094,5.0524602779234026e-14
100.30719567250786,-27.53898737012732,3.2779073414095294,23.014563000987437,-19.18179298764074,8.420767129872338e-14
100.57308998533514,-27.705971339655072,3.2783057962493083,22.978613714524837,-19.081999634559885,1.347322740779574e-13
100.83974570342936,-27.8725127030439,3.2787307876930982,22.941993320427308,-18.981494335496905,1.0104920555846805e-13
101.1071677736921,-28.03860793025135,3.27918171104925,22.904704567501653,-18.880290545109897,1.347322740779574e-13
101.37536113611932,-28.20425346941124,3.279657961626118,22.86675021240356,-18.77840174741644,1.0104920555846805e-13
101.64433072308985,-28.369445746799702,3.2801589347320528,22.828133021156848,-18.675841455176126,1.1789073981821273e-13
101.91408145863564,-28.53418116680488,3.2806840256754066,22.788855770682993,-18.572623209257678,1.8525687685719145e-13
102.18461825769401,-28.698456111900338,3.2812326297645344,22.748921250340846,-18.46876057798973,1.0104920555846805e-13
102.45594602534183,-28.86226694262251,3.281804142307784,22.708332263476816,-18.364267156495224,8.420767129872338e-14
102.72806965601066,-29.025609997552014,3.28239795861351,22.667091628984878,-18.25915656600852,5.0524602779234026e-14
103.00099403268342,-29.188481593299183,3.2830134739900654,22.62520218287683,-18.15344245317499,5.0524602779234026e-14
103.27472402607215,-29.350878024493948,3.283650083745801,22.582666779862443,-18.047138489332372,1.515738083377021e-13
103.54926449377623,-29.51279556377994,3.2843071831890693,22.53948829493948,-17.940258369773485,1.1789073981821273e-13
103.82462027942152,-29.674230461813373,3.2849841676282217,22.495669624993422,-17.832815812989676,1.0104920555846805e-13
104.10079621177975,-29.835178947266407,3.285680432371612,22.45121369040684,-17.7248245598945,1.347322740779574e-13
104.37779710386802,-29.995637226835466,3.286395372727591,22.406123436678264,-17.6162983730271,1.515738083377021e-13
104.65562775202854,-30.155601485254415,3.287128384004512,22.360401836050347,-17.507251035734658,1.1789073981821273e-13
104.93429293498788,-30.31506788531294,3.287878861510727,22.31405188914722,-17.397696351333405,5.0524602779234026e-14
105.21379741289611,-30.4740325678801,3.2886462005545867,22.267076626620927,-17.28764814224767,1.0104920555846805e-13
105.49414592634524,-30.632491651933325,3.2894297964444457,22.219479110806514,-17.177120249126215,1.6841534259744676e-14
105.77534319536694,-30.79044123459296,3.2902290444886537,22.171262437385984,-17.066126529935524,8.420767129872338e-14
106.05739391840939,-30.94787739116246,3.2910433399955648,22.122429737060422,-16.954680859029217,1.515738083377021e-13
106.34030277129317,-31.10479617517453,3.2918720782735305,22.072984177230552,-16.842797126193194,6.73661370389787e-14
106.62407440614582,-31.261193618443222,3.2927146546309025,22.022928963685047,-16.730489235665722,5.0524602779234026e-14
106.90871345031519,-31.417065731122186,3.2935704643760344,21.97226734229675,-16.617771105132125,8.420767129872338e-14
107.19422450526113,-31.57240850176933,3.294438902817277,21.921002600726133,-16.504656664693147,5.0524602779234026e-14
107.48061214542585,-31.727217897417948,3.2953193652629826,21.86913807013206,-16.3911598558066,5.0524602779234026e-14
107.76788091708228,-31.88148986365442,3.296211247021504,21.816677126889353,-16.277294630201716,6.73661370389787e-14
108.05603533716088,-32.035220324702934,3.297113943401193,21.76362319431292,-16.163074948765356,3.368306851948935e-14
108.3450798920543,-32.188405183517034,3.2980268497104026,21.70997974438802,-16.048514780399692,-3.368306851948935e-14
108.63501903640022,-32.34104032187844,3.2989493612574834,21.65575029950653,-15.93362810085063,1.1789073981821273e-13
108.92585719184201,-32.49312160050318,3.2998808733507885,21.60093843420853,-15.81842889150632,2.020984111169361e-13
109.21759874576722,-32.64464485915523,3.300820781298671,21.54554777692911,-15.702931138165242,6.73661370389787e-14
109.5102480500241,-32.79560591676791,3.3017684804094825,21.489582011749853,-15.587148829773104,5.0524602779234026e-14
109.80380941961565,-32.94600057157312,3.3027233659915733,21.433044880154533,-15.47109595712804,5.0524602779234026e-14
110.09828713137145,-33.09582460123855,3.3036848333532984,21.37594018278866,-15.35478651155341,8.420767129872338e-14
110.39368542259747,-33.24507376301332,3.304652277803008,21.318271781222464,-15.238234483537589,0.0
110.69000848970337,-33.39374379388189,3.305625094649056,21.26004359971656,-15.121453861340122,1.1789073981821273e-13
110.98726048680766,-33.54183041072656,3.306602679199793,21.2012596269902,-15.004458629563667,1.0104920555846805e-13
111.28544552432069,-33.68932931049892,3.307584426763572,21.141923917991164,-14.887262767690993,6.73661370389787e-14
111.5845676675056,-33.83623617040007,3.308569732648744,21.082040595667046,-14.769880248586498,1.6841534259744676e-14
111.88463093501687,-33.98254664807019,3.309557992163663,21.021613852737165,-14.65232503696165,1.8525687685719145e-13
112.18563929741734,-34.12825638178733,3.3105486006166807,20.96064795346466,-14.534611087803675,1.347322740779574e-13
