galstreams/tracks/track.st.Gaia-2.ibata2021.ecsv
# %ECSV 0.9
# ---
# datatype:
# - {name: ra, unit: deg, datatype: float64}
# - {name: dec, unit: deg, datatype: float64}
# - {name: distance, unit: kpc, datatype: float64}
# - {name: pm_ra_cosdec, unit: mas / yr, datatype: float64}
# - {name: pm_dec, unit: mas / yr, datatype: float64}
# - {name: radial_velocity, unit: km / s, datatype: float64}
# delimiter: ','
# meta: !!omap
# - __serialized_columns__:
#     dec:
#       __class__: astropy.coordinates.angles.Latitude
#       unit: &id001 !astropy.units.Unit {unit: deg}
#       value: !astropy.table.SerializedColumn {name: dec}
#     distance:
#       __class__: astropy.coordinates.distances.Distance
#       unit: !astropy.units.Unit {unit: kpc}
#       value: !astropy.table.SerializedColumn {name: distance}
#     pm_dec:
#       __class__: astropy.units.quantity.Quantity
#       unit: !astropy.units.Unit {unit: mas / yr}
#       value: !astropy.table.SerializedColumn {name: pm_dec}
#     pm_ra_cosdec:
#       __class__: astropy.units.quantity.Quantity
#       unit: !astropy.units.Unit {unit: mas / yr}
#       value: !astropy.table.SerializedColumn {name: pm_ra_cosdec}
#     ra:
#       __class__: astropy.coordinates.angles.Longitude
#       unit: *id001
#       value: !astropy.table.SerializedColumn {name: ra}
#       wrap_angle: !astropy.coordinates.Angle
#         unit: *id001
#         value: 360.0
#     radial_velocity:
#       __class__: astropy.units.quantity.Quantity
#       unit: !astropy.units.Unit {unit: km / s}
#       value: !astropy.table.SerializedColumn {name: radial_velocity}
# schema: astropy-2.0
ra,dec,distance,pm_ra_cosdec,pm_dec,radial_velocity
1.8375177435966064,-8.453090649276444,7.017003795725461,0.3172546843410095,0.5849062025660288,2.1051917824680845e-15
1.8412874268880408,-8.462579957033338,7.016479773016181,0.31418102067088227,0.5805042953484655,5.262979456170211e-16
1.8450615678853401,-8.472066625608528,7.015958113616204,0.3111181310857712,0.5761155996507397,0.0
1.8488401611574823,-8.481550658386162,7.015438814135925,0.3080660009729229,0.5717400996367276,1.5788938368510633e-15
1.8526232012736117,-8.491032058750509,7.014921871185746,0.3050246157194133,0.5673777794704312,1.5788938368510633e-15
1.8564106828029385,-8.500510830085792,7.01440728137606,0.3019939607121456,0.5630286233159807,1.0525958912340423e-15
1.8602026003146552,-8.509986975776068,7.013895041317268,0.29897402133784834,0.5586926153376335,0.0
1.8639989483781432,-8.519460499205534,7.013385147619766,0.29596478298307466,0.5543697396997778,5.262979456170211e-16
1.8677997215627273,-8.528931403758184,7.012877596893949,0.29296623103419833,0.5500599805669322,1.0525958912340423e-15
1.8716049144378895,-8.538399692818112,7.012372385750217,0.2899783508774131,0.5457633221037467,1.0525958912340423e-15
1.8754145215731768,-8.547865369769378,7.0118695107989675,0.28700112789872917,0.5414797484750052,5.262979456170211e-16
1.8792285375381,-8.55732843799586,7.011368968650595,0.28403454748397433,0.5372092438456255,5.262979456170211e-16
1.8830469569023591,-8.566788900881612,7.010870755915501,0.2810785950187881,0.5329517923806605,5.262979456170211e-16
1.8868697742355887,-8.576246761810447,7.010374869204078,0.2781332558886234,0.5287073782452999,5.262979456170211e-16
1.8906969841075718,-8.585702024166292,7.00988130512673,0.2751985154787418,0.5244759856048694,2.1051917824680845e-15
1.8945285810881447,-8.595154691333057,7.009390060293847,0.27227435917421433,0.5202575986248351,5.262979456170211e-16
1.8983645597471086,-8.604604766694454,7.00890113131583,0.26936077235991707,0.5160522014708009,1.0525958912340423e-15
1.9022049146544096,-8.61405225363432,7.008414514803076,0.26645774042053144,0.5118597783085117,5.262979456170211e-16
1.9060496403800429,-8.62349715553646,7.007930207365984,0.26356524874054077,0.5076803133038532,1.5788938368510633e-15
1.9098987314939657,-8.632939475784502,7.007448205614947,0.26068328270423063,0.5035137906228542,1.0525958912340423e-15
1.9137521825662676,-8.64237921776218,7.0069685061603675,0.25781182769568417,0.4993601944316859,0.0
1.9176099881670898,-8.651816384853207,7.006491105612639,0.25495086909878373,0.4952195088966645,0.0
1.921472142866528,-8.661250980441114,7.006016000582163,0.25210039229720616,0.4910917181842501,1.0525958912340423e-15
1.925338641234841,-8.670683007909602,7.005543187679329,0.24926038267442302,0.48697680646104924,0.0
1.929209477842209,-8.680112470642136,7.005072663514542,0.2464308256136989,0.4828747578938159,-5.262979456170211e-16
1.9330846472589438,-8.689539372022306,7.004604424698195,0.24361170649808828,0.47878555664944994,5.262979456170211e-16
1.9369641440553962,-8.698963715433665,7.00413846784069,0.240803010710436,0.47470918689500097,7.8944691842553165e-16
1.9408479628018644,-8.708385504259597,7.003674789552421,0.23800472363337374,0.47064563279766713,7.8944691842553165e-16
1.9447360980688029,-8.717804741883647,7.0032133864437816,0.23521683064932025,0.4665948785247972,7.8944691842553165e-16
1.9486285444265812,-8.727221431689133,7.0027542551251765,0.23243931714047775,0.462556908243889,2.6314897280851057e-16
1.9525252964456923,-8.736635577059497,7.002297392207,0.22967216848883307,0.4585317061225938,2.6314897280851057e-16
1.9564263486966604,-8.746047181378145,7.001842794299648,0.22691537007615317,0.45451925632871365,7.8944691842553165e-16
1.960331695749951,-8.755456248028311,7.00139045801352,0.22416890728398675,0.450519543030204,5.262979456170211e-16
1.9642413321761494,-8.764862780393353,7.000940379959012,0.22143276549366017,0.446532550395174,2.6314897280851057e-16
1.9681552525458659,-8.774266781856584,7.000492556746521,0.21870693008627784,0.4425582625918865,2.6314897280851057e-16
1.9720734514296503,-8.783668255801159,7.0000469849864455,0.21599138644271945,0.4385966637887597,0.0
1.9759959233981939,-8.79306720561039,6.999603661289182,0.2132861199436395,0.43464773815436686,2.6314897280851057e-16
1.9799226630220919,-8.802463634667372,6.999162582265128,0.21059111596946603,0.4307114698574376,0.0
1.9838536648720506,-8.811857546355315,6.998723744524683,0.20790635990039832,0.4267878430668578,5.262979456170211e-16
1.987788923518803,-8.821248944057412,6.998287144678238,0.20523183711640722,0.4228768419516719,0.0
1.9917284335330034,-8.830637831156668,6.9978527793362,0.2025675329972314,0.41897845068108025,2.6314897280851057e-16
1.995672189485416,-8.840024211036214,6.997420645108957,0.19991343292237918,0.4150926534244433,2.6314897280851057e-16
1.999620185946823,-8.849408087079155,6.996990738606915,0.19726952227112407,0.41121943435127895,0.0
2.0035724174879297,-8.858789462668422,6.996563056440463,0.19463578642250637,0.4073587776312659,5.262979456170211e-16
2.007528878679575,-8.868168341187125,6.996137595220001,0.19201221075533004,0.40351066743424174,-5.262979456170211e-16
2.0114895640924906,-8.877544726018135,6.995714351555931,0.1893987806481622,0.39967508793020434,2.6314897280851057e-16
2.015454468297508,-8.886918620544462,6.995293322058644,0.186795481479332,0.39585202328931335,-2.6314897280851057e-16
2.0194235858654674,-8.896290028149076,6.99487450333854,0.1842022986269296,0.39204145768188864,0.0
2.023396911367129,-8.905658952214788,6.994457892006017,0.18161921746880463,0.38824337527841213,2.6314897280851057e-16
2.0273744393733457,-8.915025396124525,6.994043484671473,0.1790462233825658,0.38445776024952766,-2.6314897280851057e-16
2.0313561644549805,-8.924389363261186,6.993631277945302,0.17648330174557844,0.3806845967660421,1.0525958912340423e-15
2.0353420811828062,-8.933750857007515,6.993221268437904,0.17393043793496535,0.3769238689989241,-2.6314897280851057e-16
2.039332184127719,-8.943109880746409,6.992813452759676,0.17138761732760416,0.37317556111930633,-2.6314897280851057e-16
2.043326467860497,-8.952466437860556,6.992407827521017,0.1688548253001268,0.36943965729848377,5.262979456170211e-16
2.0473249269520064,-8.961820531732771,6.992004389332319,0.16633204722891962,0.36571614170791716,-5.262979456170211e-16
2.0513275559731112,-8.971172165745832,6.991603134803985,0.16381926849012007,0.3620049985192292,2.6314897280851057e-16
2.055334349494585,-8.980521343282364,6.991204060546408,0.161316474459618,0.35830621190420847,5.262979456170211e-16
2.0593453020872845,-8.98986806772511,6.990807163169989,0.15882365051305344,0.35461976603480705,-5.262979456170211e-16
2.0633604083220614,-8.999212342456786,6.990412439285126,0.1563407820258163,0.35094564508314247,2.6314897280851057e-16
2.0673796627696714,-9.008554170859956,6.9900198855022095,0.15386785437304518,0.34728383322149736,0.0
2.0714030600009776,-9.01789355631734,6.989629498431643,0.1514048529296263,0.3436343146223195,-5.262979456170211e-16
2.07543059458672,-9.027230502211449,6.989241274683825,0.14895176307019334,0.33999707345822205,-2.6314897280851057e-16
2.0794622610977114,-9.03656501192492,6.988855210869146,0.14650857016912575,0.3363720939019837,0.0
2.083498054104755,-9.045897088840372,6.98847130359801,0.14407525960054865,0.33275936012654944,2.6314897280851057e-16
2.087537968178548,-9.055226736340261,6.98808954948081,0.14165181673833221,0.3291588563050304,-2.6314897280851057e-16
2.0915819978898673,-9.064553957807158,6.987709945127948,0.13923822695608928,0.3255705666107024,-2.6314897280851057e-16
2.0956301378094677,-9.073878756623627,6.987332487149815,0.13683447562717657,0.3219944752170087,-2.6314897280851057e-16
2.0996823825079978,-9.083201136172061,6.986957172156813,0.13444054812469322,0.3184305662975586,-5.262979456170211e-16
2.10373872655621,-9.092521099835027,6.9865839967593395,0.1320564298214793,0.3148788240261273,-7.8944691842553165e-16
2.107799164524714,-9.101838650994882,6.986212957567789,0.12968210609011696,0.311339232576657,-5.262979456170211e-16
2.111863690984186,-9.111153793034115,6.9858440511925615,0.12731756230292748,0.3078117761232559,2.6314897280851057e-16
2.1159323005052832,-9.120466529335198,6.985477274244051,0.1249627838319723,0.30429643884019897,-2.6314897280851057e-16
2.1200049876585454,-9.129776863280433,6.985112623332657,0.12261775604905205,0.3007932049019273,-5.262979456170211e-16
2.124081747014579,-9.139084798252252,6.9847500950687795,0.12028246432570545,0.2973020584830487,-5.262979456170211e-16
2.1281625731439626,-9.148390337633078,6.984389686062811,0.11795689403320861,0.29382298375833715,-7.8944691842553165e-16
2.1322474606171564,-9.157693484805165,6.98403139292515,0.11564103054257614,0.29035596490273363,0.0
2.136336404004711,-9.16699424315095,6.9836752122661965,0.1133348592245579,0.2869009860913448,-7.8944691842553165e-16
2.140429397877024,-9.176292616052656,6.983321140696346,0.11103836544964053,0.2834580314994436,-2.6314897280851057e-16
2.1445264368045596,-9.185588606892647,6.982969174825996,0.10875153458804648,0.2800270853024697,-1.3157448640425529e-15
2.148627515357739,-9.194882219053257,6.982619311265544,0.10647435200973279,0.2766081316760285,0.0
2.152732628106864,-9.204173455916678,6.982271546625387,0.10420680308439165,0.27320115479589097,-7.8944691842553165e-16
2.1568417696222886,-9.213462320865215,6.981925877515921,0.10194887318144927,0.2698061388379949,-7.8944691842553165e-16
2.160954934474332,-9.222748817281175,6.981582300547546,0.09970054767006574,0.26642306797844256,0.0
2.165072117233182,-9.232032948546705,6.981240812330658,0.09746181191913396,0.2630519263935024,-5.262979456170211e-16
2.169193312469109,-9.241314718044121,6.9809014094756545,0.09523265129728063,0.2596926982596079,-2.6314897280851057e-16
2.1733185147522223,-9.25059412915555,6.980564088592932,0.09301305117286426,0.25634536775335764,-2.6314897280851057e-16
2.1774477186526804,-9.259871185263242,6.98022884629289,0.09080299691397625,0.2530099190515155,-5.262979456170211e-16
2.181580918740594,-9.269145889749433,6.9798956791859235,0.08860247388843925,0.24968633633100915,0.0
2.1857181095859453,-9.278418245996212,6.97956458388243,0.08641146746380798,0.24637460376893158,-2.6314897280851057e-16
2.189859285758757,-9.287688257385804,6.97923555699281,0.08422996300736794,0.24307470554253902,-1.0525958912340423e-15
2.194004441829007,-9.296955927300411,6.978908595127459,0.0820579458861361,0.23978662582925253,-5.262979456170211e-16
2.1981535723665293,-9.306221259122088,6.978583694896772,0.0798954014668595,0.23651034880665545,-7.8944691842553165e-16
2.2023066719412383,-9.315484256233077,6.978260852911148,0.0777423151160167,0.2332458586524956,-5.262979456170211e-16
2.20646373512287,-9.324744922015416,6.977940065780983,0.07559867219981538,0.2299931395446829,-7.8944691842553165e-16
2.210624756481201,-9.334003259851276,6.977621330116679,0.07346445808419373,0.22675217566129008,-5.262979456170211e-16
2.2147897305859536,-9.343259273122824,6.977304642528628,0.07133965813481981,0.2235229511805522,-6.578724320212764e-16
2.2189586520067097,-9.352512965212075,6.97698999962723,0.06922425771709144,0.22030545028086584,-9.21021404829787e-16
2.2231315153130797,-9.361764339501176,6.976677398022883,0.06711824219613569,0.21709965714078927,-1.0525958912340423e-15
2.2273083150746227,-9.371013399372275,6.976366834325981,0.06502159693680919,0.21390555593904173,-7.8944691842553165e-16
2.2314890458607475,-9.380260148207363,6.976058305146924,0.0629343073036978,0.21072313085450295,-3.9472345921276583e-16
2.2356737022409243,-9.389504589388624,6.975751807096111,0.06085635866111649,0.20755236606621308,-1.0525958912340423e-15
2.239862278784441,-9.398746726298032,6.975447336783937,0.05878773637310956,0.20439324575337153,-2.6314897280851057e-16
2.244054770060616,-9.407986562317722,6.975144890820796,0.05672842580345006,0.2012457540953375,-9.21021404829787e-16
2.2482511706387074,-9.417224100829804,6.974844465817092,0.05467841231564031,0.1981098752716288,-7.8944691842553165e-16
2.252451475087814,-9.42645934521624,6.974546058383217,0.05263768127291138,0.19498559346192118,-7.8944691842553165e-16
2.256655677977065,-9.435692298859157,6.9742496651295705,0.05060621803822358,0.19187289284604883,-7.8944691842553165e-16
2.2608637738755184,-9.444922965140652,6.9739552826665525,0.04858400797426569,0.18877175760400236,-7.8944691842553165e-16
2.2650757573520783,-9.454151347442682,6.973662907604557,0.046571036443456296,0.18568217191592987,-7.8944691842553165e-16
2.269291622975699,-9.463377449147407,6.97337253655398,0.04456728880794219,0.18260411996213502,-7.8944691842553165e-16
2.2735113653151453,-9.472601273636775,6.973084166125223,0.04257275042960014,0.17953758592307742,-7.8944691842553165e-16
2.277734978939202,-9.48182282429289,6.972797792928679,0.04058740667003531,0.1764825539793715,-1.0525958912340423e-15
2.281962458416579,-9.491042104497845,6.97251341357475,0.03861124289058279,0.17343900831178585,-9.21021404829787e-16
2.2861937983158267,-9.500259117633606,6.972231024673832,0.03664424445230691,0.1704069331012434,-9.21021404829787e-16
2.290428993205508,-9.509473867082258,6.9719506228363155,0.03468639671600152,0.16738631252881972,-9.21021404829787e-16
2.2946680376541133,-9.518686356225905,6.9716722046726085,0.03273768504219034,0.16437713077574345,-5.262979456170211e-16
2.2989109262299627,-9.527896588446511,6.9713957667931,0.030798094791127113,0.16137937202339447,-9.21021404829787e-16
2.303157653501424,-9.537104567126221,6.971121305808195,0.028867611322795236,0.15839302045330417,-1.1841703776382976e-15
2.3074082140366587,-9.546310295646988,6.970848818328283,0.026946219996909025,0.15541806024715416,-6.578724320212764e-16
2.311662602403844,-9.555513777390928,6.9705783009637665,0.025033906172912797,0.15245447558677613,-5.262979456170211e-16
2.3159208131710742,-9.564715015740152,6.97030975032504,0.023130655209981806,0.14950225065415074,-1.0525958912340423e-15
2.320182840906271,-9.573914014076625,6.970043163022503,0.02123645246702274,0.14656136963140706,-1.1841703776382976e-15
2.3244486801773627,-9.583110775782462,6.969778535666551,0.019351283302673217,0.14363181670082148,-1.1841703776382976e-15
2.328718325552194,-9.592305304239792,6.969515864867583,0.01747513307530257,0.14071357604481752,-9.21021404829787e-16
2.33299177159843,-9.6014976028306,6.969255147235996,0.015607987143011967,0.13780663184596453,-1.1841703776382976e-15
2.3372690128837745,-9.61068767493706,6.968996379382186,0.013749830863635206,0.13491096828697752,-1.1841703776382976e-15
2.341550043975719,-9.61987552394117,6.968739557916551,0.011900649594738261,0.13202656955071546,-1.3157448640425529e-15
2.345834859441761,-9.629061153225079,6.968484679449488,0.010060428693620593,0.1291534198201814,-1.1841703776382976e-15
2.3501234538493008,-9.638244566170941,6.968231740591398,0.008229153517314474,0.1262915032785209,-1.0525958912340423e-15
2.3544158217655644,-9.647425766160765,6.967980737952673,0.006406809422586446,0.12344080410902167,-1.0525958912340423e-15
2.3587119577577687,-9.656604756576733,6.967731668143712,0.004593381765937059,0.12060130649511284,-1.1841703776382976e-15
2.3630118563930447,-9.665781540801014,6.967484527774912,0.0027888559036011898,0.11777299462036322,-1.0525958912340423e-15
2.367315512238331,-9.674956122215656,6.967239313456673,0.0009932171915492932,0.11495585266848127,-1.3157448640425529e-15
2.371622919860596,-9.684128504202898,6.9669960217993925,-0.0007935490145129529,0.11214986482331399,-1.3157448640425529e-15
2.3759340738265906,-9.693298690144811,6.966754649413463,-0.0025714573591437318,0.10935501526884596,-1.3157448640425529e-15
2.380248968703056,-9.702466683423607,6.966515192909285,-0.004340522487164659,0.10657128818919817,-1.0525958912340423e-15
2.3845675990566355,-9.71163248742152,6.966277648897256,-0.0061007590436603495,0.10379866776862748,-1.1183831344361698e-15
2.3888899594537825,-9.720796105520646,6.966042013987774,-0.007852181673978038,0.10103713819152567,-1.1841703776382976e-15
2.393216044460937,-9.72995754110324,6.965808284791235,-0.00959480502372642,0.09828668364241776,-1.1183831344361698e-15
