galstreams/tracks/track.st.Cetus-Palca.yuan2021.ecsv
# %ECSV 0.9
# ---
# datatype:
# - {name: ra, unit: deg, datatype: float64}
# - {name: dec, unit: deg, datatype: float64}
# - {name: distance, unit: kpc, datatype: float64}
# - {name: pm_ra_cosdec, unit: mas / yr, datatype: float64}
# - {name: pm_dec, unit: mas / yr, datatype: float64}
# - {name: radial_velocity, unit: km / s, datatype: float64}
# delimiter: ','
# meta: !!omap
# - __serialized_columns__:
#     dec:
#       __class__: astropy.coordinates.angles.Latitude
#       unit: &id001 !astropy.units.Unit {unit: deg}
#       value: !astropy.table.SerializedColumn {name: dec}
#     distance:
#       __class__: astropy.coordinates.distances.Distance
#       unit: !astropy.units.Unit {unit: kpc}
#       value: !astropy.table.SerializedColumn {name: distance}
#     pm_dec:
#       __class__: astropy.units.quantity.Quantity
#       unit: !astropy.units.Unit {unit: mas / yr}
#       value: !astropy.table.SerializedColumn {name: pm_dec}
#     pm_ra_cosdec:
#       __class__: astropy.units.quantity.Quantity
#       unit: !astropy.units.Unit {unit: mas / yr}
#       value: !astropy.table.SerializedColumn {name: pm_ra_cosdec}
#     ra:
#       __class__: astropy.coordinates.angles.Longitude
#       unit: *id001
#       value: !astropy.table.SerializedColumn {name: ra}
#       wrap_angle: !astropy.coordinates.Angle
#         unit: *id001
#         value: 360.0
#     radial_velocity:
#       __class__: astropy.units.quantity.Quantity
#       unit: !astropy.units.Unit {unit: km / s}
#       value: !astropy.table.SerializedColumn {name: radial_velocity}
# schema: astropy-2.0
ra,dec,distance,pm_ra_cosdec,pm_dec,radial_velocity
[from data line 9923]
31.744143496944513,-63.132276861357575,28.827564056332292,1.3136206277058362,0.5972970440738241,-4.210383564936169e-15
31.747215514151986,-63.14377718136625,28.82380586874183,1.313694978612137,0.5977277890824878,0.0
31.750291805843084,-63.15527705891344,28.82005050567962,1.3137691109151048,0.5981584666204167,-4.210383564936169e-15
31.753372380921284,-63.16677649318597,28.81629797182372,1.313843024299967,0.5985890766268076,-2.1051917824680846e-14
31.756457248307076,-63.17827548336962,28.8125482718547,1.313916718451516,0.5990196190410862,-1.6841534259744676e-14
31.759546416937948,-63.18977402864916,28.808801410455587,1.313990193054108,0.5994500938029079,0.0
31.762639895768473,-63.20127212820835,28.805057392311944,1.3140634477916635,0.5998805008521555,-1.6841534259744676e-14
31.765737693770294,-63.21276978122987,28.801316222111815,1.3141364823476667,0.6003108401289425,-4.210383564936169e-14
31.768839819932225,-63.22426698689538,28.79757790454574,1.3142092964051626,0.6007411115736129,-2.5262301389617013e-14
31.771946283260224,-63.235763744385544,28.79384244430674,1.3142818896467596,0.6011713151267419,-1.6841534259744676e-14
31.775057092777466,-63.247260052879945,28.790109846090363,1.314354261754626,0.6016014507291348,-1.2631150694808506e-14
31.778172257524336,-63.258755911557124,28.78638011459465,1.3144264124104892,0.6020315183218274,-1.6841534259744676e-14
31.781291786558505,-63.2702513195946,28.782653254520117,1.3144983412956381,0.6024615178460901,0.0
31.784415688954958,-63.28174627616885,28.778929270569797,1.314570048090919,0.6028914492434239,-1.6841534259744676e-14
31.78754397380603,-63.29324078045529,28.775208167449225,1.3146415324767355,0.6033213124555632,-3.368306851948935e-14
31.790676650221425,-63.304734831628245,28.77148994986644,1.3147127941330492,0.6037511074244747,-4.210383564936169e-15
31.793813727328235,-63.31622842886107,28.76777462253196,1.3147838327393784,0.6041808340923601,-1.6841534259744676e-14
31.796955214271065,-63.32772157132603,28.764062190158825,1.3148546479747951,0.6046104924016552,-1.6841534259744676e-14
31.800101120211906,-63.33921425819426,28.76035265746258,1.3149252395179285,0.605040082295028,-2.947268495455318e-14
31.80325145433038,-63.35070648863598,28.756646029161246,1.31499560704696,0.6054696037153855,-2.1051917824680846e-14
31.806406225823576,-63.36219826182021,28.752942309975374,1.3150657502396257,0.6058990566058665,-2.1051917824680846e-14
31.80956544390621,-63.373689576914984,28.749241504628014,1.315135668773214,0.6063284409098475,-2.5262301389617013e-14
31.812729117810633,-63.385180433087235,28.745543617844714,1.315205362324564,0.60675775657094,-2.947268495455318e-14
31.815897256786855,-63.396670829502874,28.741848654353515,1.3152748305700672,0.6071870035329946,-4.210383564936169e-14
31.819069870102584,-63.408160765326656,28.738156618884997,1.3153440731856643,0.6076161817400966,-1.6841534259744676e-14
31.82224696704324,-63.41965023972234,28.7344675161722,1.3154130898468475,0.6080452911365701,0.0
31.825428556912033,-63.43113925185255,28.730781350950718,1.3154818802286554,0.6084743316669762,0.0
31.828614649029962,-63.4426278008789,28.727098127958616,1.3155504440056753,0.608903303276116,-1.6841534259744676e-14
31.831805252735926,-63.45411588596185,28.723417851936482,1.3156187808520425,0.6093322059090281,-2.1051917824680846e-14
31.83500037738664,-63.46560350626081,28.719740527627422,1.3156868904414374,0.609761039510991,-3.368306851948935e-14
31.83820003235678,-63.4770906609341,28.716066159777018,1.315754772447088,0.6101898040275244,-1.2631150694808506e-14
31.84140422703893,-63.48857734913896,28.712394753133392,1.3158224265417662,0.6106184994043853,-2.5262301389617013e-14
31.844612970843716,-63.500063570031514,28.708726312447155,1.3158898523977876,0.611047125587574,-8.420767129872338e-15
31.847826273199733,-63.51154932276681,28.705060842471454,1.3159570496870108,0.611475682523329,-8.420767129872338e-15
31.851044143553704,-63.523034606498804,28.70139834796191,1.3160240180808387,0.6119041701581341,-8.420767129872338e-15
31.854266591370394,-63.53451942038036,28.697738833676688,1.316090757250215,0.6123325884387121,-2.5262301389617013e-14
31.85749362613273,-63.54600376356318,28.69408230437644,1.3161572668656243,0.6127609373120293,-2.1051917824680846e-14
31.86072525734184,-63.55748763519793,28.690428764824365,1.3162235465970908,0.6131892167252939,0.0
31.863961494516996,-63.568971034434156,28.686778219786127,1.31628959611418,0.6136174266259591,-2.947268495455318e-14
31.867202347195793,-63.58045396042028,28.683130674029933,1.3163554150859955,0.6140455669617212,-1.2631150694808506e-14
31.87044782493405,-63.59193641230358,28.679486132326502,1.3164210031811767,0.6144736376805184,-1.2631150694808506e-14
31.87369793730597,-63.60341838923032,28.675844599449064,1.3164863600679027,0.6149016387305378,-4.210383564936169e-15
31.87695269390404,-63.61489989034554,28.672206080173353,1.316551485413889,0.6153295700602075,-8.420767129872338e-15
31.88021210433923,-63.62638091479321,28.668570579277638,1.3166163788863834,0.6157574316182031,4.210383564936169e-15
31.88347617824088,-63.63786146171618,28.664938101542706,1.3166810401521716,0.6161852233534449,-2.1051917824680846e-14
31.886744925256842,-63.64934153025616,28.661308651751828,1.3167454688775722,0.6166129452151017,-1.6841534259744676e-14
31.890018355053463,-63.660821119553745,28.657682234690803,1.3168096647284377,0.6170405971525874,-8.420767129872338e-15
31.893296477315644,-63.67230022874838,28.654058855147998,1.316873627370151,0.6174681791155623,-1.2631150694808506e-14
31.896579301746872,-63.68377885697841,28.650438517914218,1.3169373564676286,0.6178956910539367,-1.2631150694808506e-14
31.899866838069254,-63.69525700338104,28.646821227782844,1.3170008516853162,0.6183231329178671,-1.6841534259744676e-14
31.90315909602358,-63.70673466709228,28.643206989549746,1.3170641126871914,0.6187505046577596,-1.6841534259744676e-14
31.9064560853693,-63.71821184724706,28.639595808013347,1.3171271391367578,0.6191778062242677,-2.947268495455318e-14
31.909757815884678,-63.729688542979176,28.635987687974545,1.31718993069705,0.6196050375682969,-2.5262301389617013e-14
31.913064297366688,-63.74116475342123,28.632382634236787,1.3172524870306301,0.620032198641001,-1.6841534259744676e-14
31.916375539631122,-63.752640477704695,28.62878065160604,1.317314807799586,0.6204592893937831,-1.6841534259744676e-14
31.91969155251269,-63.76411571495988,28.62518174489079,1.3173768926655303,0.6208863097782987,-4.210383564936169e-15
31.923012345864947,-63.775590464316004,28.621585918902046,1.317438741289603,0.6213132597464545,4.210383564936169e-15
31.92633792956038,-63.787064724901064,28.617993178453315,1.3175003533324678,0.6217401392504077,0.0
31.929668313490453,-63.798538495841896,28.614403528360693,1.3175617284543102,0.6221669482425672,-3.789345208442552e-14
31.93300350756569,-63.81001177626421,28.61081697344271,1.3176228663148415,0.6225936866755978,-1.6841534259744676e-14
31.936343521715575,-63.82148456529253,28.607233518520495,1.3176837665732912,0.6230203545024121,-2.947268495455318e-14
31.939688365888756,-63.832956862050224,28.603653168417676,1.3177444288884117,0.6234469516761802,-1.2631150694808506e-14
31.943038050052987,-63.844428665659464,28.600075927960386,1.3178048529184772,0.6238734781503239,-1.2631150694808506e-14
31.946392584195166,-63.855899975241286,28.596501801977315,1.3178650383212773,0.6242999338785198,-1.2631150694808506e-14
31.94975197832143,-63.867370789915526,28.59293079529966,1.3179249847541241,0.6247263188146998,-1.2631150694808506e-14
31.953116242457153,-63.87884110880084,28.589362912761164,1.3179846918738447,0.6251526329130492,4.210383564936169e-15
31.956485386647003,-63.89031093101477,28.58579815919807,1.3180441593367849,0.6255788761280121,-1.2631150694808506e-14
31.959859420954935,-63.901780255673515,28.582236539449177,1.3181033867988043,0.6260050484142847,0.0
31.96323835546432,-63.913249081892275,28.578678058355784,1.3181623739152808,0.6264311497268225,-1.6841534259744676e-14
31.96662220027791,-63.92471740878492,28.575122720761755,1.3182211203411047,0.6268571800208365,4.210383564936169e-15
31.97001096551791,-63.93618523546422,28.571570531513448,1.3182796257306792,0.6272831392517957,-2.947268495455318e-14
31.973404661326,-63.947652561041686,28.568021495459774,1.318337889737922,0.6277090273754271,-1.6841534259744676e-14
31.976803297863388,-63.95911938462765,28.56447561745217,1.3183959120162627,0.6281348443477147,-1.2631150694808506e-14
31.980206885310857,-63.97058570533126,28.560932902344593,1.3184536922186398,0.6285605901249022,-2.947268495455318e-14
31.983615433868803,-63.982051522260456,28.557393354993554,1.3185112299975046,0.6289862646634928,-1.6841534259744676e-14
31.98702895375725,-63.99351683452196,28.55385698025806,1.318568525004816,0.6294118679202486,-1.6841534259744676e-14
31.990447455215897,-64.00498164122128,28.55032378299971,1.3186255768920414,0.6298373998521903,-8.420767129872338e-15
31.993870948504213,-64.01644594146272,28.546793768082562,1.318682385310158,0.6302628604166022,8.420767129872338e-15
31.997299443901394,-64.02790973434941,28.543266940373268,1.3187389499096476,0.630688249571027,-2.947268495455318e-14
32.00073295170648,-64.03937301898317,28.539743304740988,1.3187952703404981,0.63111356727327,-1.2631150694808506e-14
32.00417148223832,-64.05083579446465,28.53622286605742,1.3188513462522045,0.6315388134813963,-4.210383564936169e-15
32.00761504583569,-64.06229805989332,28.53270562919681,1.318907177293763,0.6319639881537358,-4.210383564936169e-14
32.0110636528573,-64.07375981436735,28.529191599035908,1.3189627631136762,0.6323890912488803,-2.5262301389617013e-14
32.01451731368179,-64.0852210569837,28.52568078045403,1.319018103359948,0.6328141227256828,-1.2631150694808506e-14
32.017976038707864,-64.09668178683815,28.52217317833304,1.319073197680083,0.6332390825432628,-8.420767129872338e-15
32.02143983835424,-64.10814200302516,28.5186687975573,1.3191280457210888,0.6336639706610014,-2.1051917824680846e-14
32.02490872305977,-64.11960170463801,28.515167643013733,1.3191826471294712,0.6340887870385452,-4.210383564936169e-15
32.0283827032834,-64.13106089076871,28.511669719591804,1.3192370015512362,0.634513531635805,0.0
32.03186178950431,-64.14251956050808,28.508175032183498,1.3192911086318875,0.6349382044129579,-2.947268495455318e-14
32.03534599222187,-64.15397771294559,28.504683585683374,1.3193449680164262,0.6353628053304465,-1.6841534259744676e-14
32.0388353219557,-64.16543534716955,28.501195384988492,1.3193985793493503,0.6357873343489783,-1.6841534259744676e-14
32.04232978924576,-64.17689246226696,28.497710434998492,1.319451942274653,0.6362117914295284,-8.420767129872338e-15
32.045829404652345,-64.18834905732363,28.494228740615508,1.3195050564358226,0.6366361765333403,-4.210383564936169e-15
32.04933417875611,-64.19980513142406,28.490750306744264,1.3195579214758415,0.6370604896219222,-1.6841534259744676e-14
32.05284412215818,-64.21126068365143,28.487275138292,1.319610537037185,0.637484730657052,-8.420767129872338e-15
32.056359245480145,-64.22271571308781,28.4838032401685,1.3196629027618196,0.6379088996007759,-2.1051917824680846e-14
32.0598795593641,-64.23417021881389,28.480334617286093,1.319715018291205,0.6383329964154095,-1.6841534259744676e-14
32.063405074472705,-64.24562419990907,28.47686927455966,1.3197668832662894,0.6387570210635357,-2.947268495455318e-14
32.06693580148922,-64.25707765545152,28.47340721690663,1.319818497327512,0.6391809735080085,-1.2631150694808506e-14
32.07047175111756,-64.26853058451816,28.46994844924695,1.319869860114799,0.6396048537119525,0.0
32.0740129340823,-64.27998298618459,28.46649297650314,1.3199209712675672,0.6400286616387619,-8.420767129872338e-15
32.07755936112876,-64.2914348595251,28.46304080360026,1.3199718304247166,0.6404523972521022,4.210383564936169e-15
32.08111104302307,-64.30288620361277,28.45959193546591,1.3200224372246354,0.6408760605159116,4.210383564936169e-15
32.08466799055208,-64.3143370175193,28.456146377030233,1.3200727913051975,0.6412996513943977,-2.1051917824680846e-14
32.08823021452361,-64.32578730031517,28.452704133225932,1.3201228923037598,0.6417231698520435,-8.420767129872338e-15
32.09179772576629,-64.33723705106951,28.449265208988272,1.3201727398571614,0.6421466158536012,-2.5262301389617013e-14
32.09537053512976,-64.34868626885017,28.445829609255025,1.320222333601726,0.6425699893641006,-2.5262301389617013e-14
32.09894865348462,-64.36013495272371,28.442397338966533,1.3202716731732582,0.642993290348842,8.420767129872338e-15
32.102532091722495,-64.3715831017554,28.438968403065715,1.3203207582070418,0.6434165187734001,-4.210383564936169e-15
32.1061208607561,-64.38303071500913,28.435542806498002,1.320369588337843,0.6438396746036256,8.420767129872338e-15
32.10971497151925,-64.39447779154753,28.432120554211377,1.3204181631999046,0.6442627578056435,-1.2631150694808506e-14
32.11331443496697,-64.40592433043192,28.428701651156416,1.3204664824269468,0.644685768345854,-8.420767129872338e-15
32.11691926207543,-64.41737033072225,28.425286102286197,1.3205145456521696,0.6451087061909331,-4.210383564936169e-15
32.12052946384209,-64.42881579147722,28.421873912556386,1.320562352508246,0.645531571307834,-8.420767129872338e-15
32.12414505128571,-64.44026071175418,28.418465086925167,1.320609902627327,0.645954363663787,-3.368306851948935e-14
32.12776603544638,-64.4517050906091,28.41505963035332,1.3206571956410351,0.6463770832262985,-8.420767129872338e-15
32.13139242738554,-64.46314892709664,28.411657547804154,1.3207042311804678,0.6467997299631514,8.420767129872338e-15
32.13502423818611,-64.47459222027021,28.408258844243523,1.3207510088761956,0.64722230384241,-1.2631150694808506e-14
32.13866147895248,-64.48603496918176,28.404863524639868,1.320797528358258,0.6476448048324148,-2.947268495455318e-14
32.142304160810504,-64.49747717288193,28.40147159396416,1.3208437892561686,0.6480672329017856,-8.420767129872338e-15
32.14595229490766,-64.50891883042009,28.398083057189922,1.3208897911989075,0.648489588019423,-1.2631150694808506e-14
32.14960589241298,-64.52035994084416,28.39469791929325,1.3209355338149251,0.6489118701545052,-2.1051917824680846e-14
32.15326496451722,-64.53180050320078,28.39131618525281,1.3209810167321392,0.6493340792764937,-4.210383564936169e-15
32.15692952243275,-64.5432405165352,28.387937860049792,1.3210262395779346,0.6497562153551271,-1.6841534259744676e-14
32.16059957739373,-64.5546799798913,28.384562948667963,1.3210712019791626,0.6501782783604283,-2.1051917824680846e-14
32.164275140656095,-64.56611889231165,28.381191456093646,1.3211159035621387,0.6506002682627006,0.0
32.167956223497626,-64.5775572528374,28.377823387315722,1.321160343952643,0.6510221850325293,-8.420767129872338e-15
32.17164283721796,-64.58899506050832,28.374458747325644,1.3212045227759182,0.6514440286407823,0.0
32.175334993138705,-64.60043231436292,28.37109754111741,1.3212484396566695,0.6518657990586115,-1.2631150694808506e-14
32.179032702603365,-64.61186901343818,28.36773977368758,1.321292094219064,0.6522874962574507,-8.420767129872338e-15
32.18273597697751,-64.6233051567698,28.36438545003529,1.3213354860867288,0.6527091202090176,-1.2631150694808506e-14
32.186444827648764,-64.63474074339207,28.36103457516221,1.32137861488275,0.6531306708853163,-1.2631150694808506e-14
32.19015926602685,-64.64617577233793,28.357687154072615,1.3214214802296722,0.6535521482586331,-2.1051917824680846e-14
32.193879303543646,-64.65761024263882,28.354343191773296,1.3214640817494983,0.6539735523015404,-2.1051917824680846e-14
32.19760495165325,-64.66904415332492,28.351002693273653,1.321506419063686,0.6543948829868966,-1.2631150694808506e-14
32.20133622183197,-64.68047750342497,28.347665663585605,1.3215484917931517,0.6548161402878466,-2.5262301389617013e-14
32.20507312557844,-64.69191029196624,28.34433210772367,1.3215902995582631,0.65523732417782,-4.210383564936169e-15
