galstreams/tracks/track.st.NGC6362.sollima2020.ecsv
# %ECSV 0.9
# ---
# datatype:
# - {name: ra, unit: deg, datatype: float64}
# - {name: dec, unit: deg, datatype: float64}
# - {name: distance, unit: kpc, datatype: float64}
# - {name: pm_ra_cosdec, unit: mas / yr, datatype: float64}
# - {name: pm_dec, unit: mas / yr, datatype: float64}
# - {name: radial_velocity, unit: km / s, datatype: float64}
# delimiter: ','
# meta: !!omap
# - __serialized_columns__:
#     dec:
#       __class__: astropy.coordinates.angles.Latitude
#       unit: &id001 !astropy.units.Unit {unit: deg}
#       value: !astropy.table.SerializedColumn {name: dec}
#     distance:
#       __class__: astropy.coordinates.distances.Distance
#       unit: !astropy.units.Unit {unit: kpc}
#       value: !astropy.table.SerializedColumn {name: distance}
#     pm_dec:
#       __class__: astropy.units.quantity.Quantity
#       unit: !astropy.units.Unit {unit: mas / yr}
#       value: !astropy.table.SerializedColumn {name: pm_dec}
#     pm_ra_cosdec:
#       __class__: astropy.units.quantity.Quantity
#       unit: !astropy.units.Unit {unit: mas / yr}
#       value: !astropy.table.SerializedColumn {name: pm_ra_cosdec}
#     ra:
#       __class__: astropy.coordinates.angles.Longitude
#       unit: *id001
#       value: !astropy.table.SerializedColumn {name: ra}
#       wrap_angle: !astropy.coordinates.Angle
#         unit: *id001
#         value: 360.0
#     radial_velocity:
#       __class__: astropy.units.quantity.Quantity
#       unit: !astropy.units.Unit {unit: km / s}
#       value: !astropy.table.SerializedColumn {name: radial_velocity}
# schema: astropy-2.0
ra,dec,distance,pm_ra_cosdec,pm_dec,radial_velocity
[from data line 235]
262.1050541851667,-66.43554472295742,7.500000000000006,0.0,0.0,-0.0
262.1255056012505,-66.44074858359377,7.500000000000007,0.0,0.0,-0.0
262.14585181175164,-66.44600573853697,7.500000000000007,0.0,0.0,-0.0
262.16608673337845,-66.4513192583448,7.500000000000008,0.0,0.0,-0.0
262.18620427506227,-66.45669222193595,7.500000000000008,0.0,0.0,-0.0
262.2061983416441,-66.46212771460505,7.500000000000006,0.0,0.0,-0.0
262.22606283760615,-66.46762882599849,7.500000000000007,0.0,0.0,-0.0
262.24579167085255,-66.47319864805169,7.500000000000008,0.0,0.0,-0.0
262.26537875653713,-66.47884027288764,7.500000000000007,0.0,0.0,-0.0
262.28481802093916,-66.48455679067662,7.500000000000008,0.0,0.0,-0.0
262.30410340538765,-66.49035128745726,7.500000000000006,0.0,0.0,-0.0
262.32322887023435,-66.49622684291903,7.500000000000008,0.0,0.0,-0.0
262.3421883988767,-66.50218652814611,7.500000000000008,0.0,0.0,-0.0
262.3609760018303,-66.50823340332262,7.500000000000007,0.0,0.0,-0.0
262.37958572085216,-66.51437051539968,7.500000000000005,0.0,0.0,-0.0
262.3980116331154,-66.52060089572373,7.500000000000006,0.0,0.0,-0.0
262.4162478554368,-66.52692755762708,7.500000000000008,0.0,0.0,-0.0
262.4342885485564,-66.5333534939799,7.500000000000007,0.0,0.0,-0.0
262.4521279214723,-66.53988167470442,7.500000000000008,0.0,0.0,-0.0
262.46976023582977,-66.54651504425111,7.500000000000009,0.0,0.0,-0.0
262.4871798103672,-66.55325651903716,7.500000000000009,0.0,0.0,-0.0
262.50438102541926,-66.56010898484753,7.500000000000008,0.0,0.0,-0.0
262.52135832747894,-66.56707529419813,7.500000000000008,0.0,0.0,-0.0
262.53810623381935,-66.57415826366228,7.500000000000009,0.0,0.0,-0.0
262.55461933717737,-66.58136067115966,7.500000000000008,0.0,0.0,-0.0
262.57089231050014,-66.58868525320865,7.500000000000008,0.0,0.0,-0.0
262.5869199117558,-66.59613470214177,7.500000000000006,0.0,0.0,-0.0
262.60269698881086,-66.60371166328495,7.500000000000006,0.0,0.0,-0.0
262.61821848437575,-66.61141873210033,7.500000000000008,0.0,0.0,-0.0
262.6334794410191,-66.61925845129313,7.500000000000008,0.0,0.0,-0.0
262.6484750062545,-66.62723330788278,7.500000000000008,0.0,0.0,-0.0
262.6632004377003,-66.63534573023858,7.500000000000007,0.0,0.0,-0.0
262.6776511083155,-66.64359808508014,7.500000000000008,0.0,0.0,-0.0
262.6918225117127,-66.65199267444284,7.500000000000007,0.0,0.0,-0.0
262.7057102675512,-66.66053173260852,7.500000000000008,0.0,0.0,-0.0
262.71931012701197,-66.6692174230021,7.500000000000007,0.0,0.0,-0.0
262.73261797835755,-66.67805183505378,7.500000000000008,0.0,0.0,-0.0
262.74562985257705,-66.68703698102756,7.500000000000009,0.0,0.0,-0.0
262.75834192912276,-66.69617479281656,7.500000000000008,0.0,0.0,-0.0
262.77075054173577,-66.70546711870497,7.50000000000001,0.0,0.0,-0.0
262.7828521843675,-66.7149157200971,7.500000000000006,0.0,0.0,-0.0
262.7946435171973,-66.72452226821432,7.500000000000008,0.0,0.0,-0.0
262.8061213727491,-66.73428834075958,7.500000000000007,0.0,0.0,-0.0
262.8172827621109,-66.74421541855028,7.500000000000008,0.0,0.0,-0.0
262.8281248812582,-66.75430488211971,7.500000000000008,0.0,0.0,-0.0
262.8386451174854,-66.7645580082874,7.500000000000008,0.0,0.0,-0.0
262.84884105594773,-66.77497596669873,7.500000000000009,0.0,0.0,-0.0
262.8587104863157,-66.78555981633428,7.500000000000009,0.0,0.0,-0.0
262.8682514095462,-66.7963105019891,7.500000000000006,0.0,0.0,-0.0
262.87746204477173,-66.80722885072232,7.500000000000009,0.0,0.0,-0.0
262.8863408363126,-66.81831556827758,7.500000000000008,0.0,0.0,-0.0
262.8948864608122,-66.82957123547459,7.500000000000009,0.0,0.0,-0.0
262.903097834501,-66.84099630457182,7.500000000000008,0.0,0.0,-0.0
262.9109741205904,-66.85259109560143,7.500000000000008,0.0,0.0,-0.0
262.91851473679986,-66.86435579267598,7.500000000000008,0.0,0.0,-0.0
262.92571936302005,-66.87629044026777,7.500000000000008,0.0,0.0,-0.0
262.93258794911475,-66.88839493946098,7.500000000000008,0.0,0.0,-0.0
262.9391207228645,-66.90066904417692,7.500000000000008,0.0,0.0,-0.0
262.9453181980547,-66.91311235737273,7.500000000000009,0.0,0.0,-0.0
262.95118118270943,-66.9257243272138,7.500000000000009,0.0,0.0,-0.0
262.95671078747625,-66.93850424322034,7.500000000000008,0.0,0.0,-0.0
262.9619084341616,-66.95145123238804,7.500000000000009,0.0,0.0,-0.0
262.9667758644209,-66.96456425528349,7.500000000000008,0.0,0.0,-0.0
262.9713151486047,-66.97784210211425,7.500000000000009,0.0,0.0,-0.0
262.9755286947635,-66.99128338877401,7.500000000000008,0.0,0.0,-0.0
262.9794192578132,-67.0048865528628,7.500000000000008,0.0,0.0,-0.0
262.98298994886204,-67.01864984968275,7.500000000000008,0.0,0.0,-0.0
262.9862442447017,-67.03257134820907,7.500000000000008,0.0,0.0,-0.0
262.98918599746344,-67.04664892703687,7.500000000000007,0.0,0.0,-0.0
262.99181944444064,-67.06088027030337,7.500000000000008,0.0,0.0,-0.0
262.99414921807846,-67.0752628635859,7.500000000000006,0.0,0.0,-0.0
262.99618035613105,-67.08979398977564,7.500000000000008,0.0,0.0,-0.0
262.99791831198786,-67.10447072492677,7.500000000000006,0.0,0.0,-0.0
262.9993689651673,-67.11928993408117,7.500000000000008,0.0,0.0,-0.0
263.00053863197945,-67.13424826706861,7.500000000000006,0.0,0.0,-0.0
263.00143407635534,-67.14934215428188,7.500000000000007,0.0,0.0,-0.0
263.0020625208439,-67.1645678024269,7.500000000000006,0.0,0.0,-0.0
263.0024316577728,-67.1799211902474,7.500000000000006,0.0,0.0,-0.0
263.00254966057355,-67.19539806422368,7.500000000000007,0.0,0.0,-0.0
263.0024251952674,-67.21099393424512,7.500000000000008,0.0,0.0,-0.0
263.0020674321093,-67.22670406925589,7.500000000000006,0.0,0.0,-0.0
263.001486057387,-67.24252349287316,7.500000000000005,0.0,0.0,-0.0
263.0006912853712,-67.2584469789772,7.500000000000006,0.0,0.0,-0.0
262.999693870412,-67.27446904727256,7.500000000000007,0.0,0.0,-0.0
262.99850511917765,-67.29058395881951,7.500000000000006,0.0,0.0,-0.0
262.99713690302815,-67.30678571153457,7.500000000000008,0.0,0.0,-0.0
262.99560167051834,-67.32306803565938,7.500000000000008,0.0,0.0,-0.0
262.99391246002364,-67.3394243891964,7.500000000000006,0.0,0.0,-0.0
262.9920829124786,-67.35584795331029,7.500000000000007,0.0,0.0,-0.0
262.99012728422167,-67.37233162769363,7.500000000000006,0.0,0.0,-0.0
262.9880604599348,-67.38886802589522,7.500000000000006,0.0,0.0,-0.0
262.9858979656675,-67.40544947060947,7.500000000000006,0.0,0.0,-0.0
262.98365598193504,-67.42206798892491,7.500000000000007,0.0,0.0,-0.0
262.9813513568758,-67.43871530752996,7.500000000000005,0.0,0.0,-0.0
262.9790016194562,-67.45538284787374,7.500000000000005,0.0,0.0,-0.0
262.9766249927073,-67.47206172127986,7.500000000000006,0.0,0.0,-0.0
262.97424040697706,-67.48874272401038,7.500000000000004,0.0,0.0,-0.0
262.97186751318196,-67.50541633227758,7.500000000000006,0.0,0.0,-0.0
262.96952669603775,-67.52207269720077,7.500000000000006,0.0,0.0,-0.0
262.9672390872516,-67.53870163970501,7.500000000000006,0.0,0.0,-0.0
262.96502657865284,-67.55529264535859,7.500000000000006,0.0,0.0,-0.0
262.96291183524033,-67.571834859146,7.500000000000005,0.0,0.0,-0.0
262.9609183081227,-67.5883170801726,7.500000000000005,0.0,0.0,-0.0
262.9590702473246,-67.60472775629758,7.500000000000006,0.0,0.0,-0.0
262.95739271443324,-67.62105497869064,7.500000000000004,0.0,0.0,-0.0
262.9559115950551,-67.63728647630857,7.500000000000007,0.0,0.0,-0.0
262.954653611053,-67.65340961028733,7.500000000000006,0.0,0.0,-0.0
262.9536463325304,-67.66941136824427,7.500000000000005,0.0,0.0,-0.0
262.9529181895294,-67.6852783584864,7.500000000000005,0.0,0.0,-0.0
262.9524984834064,-67.70099680411894,7.500000000000005,0.0,0.0,-0.0
262.95241739784683,-67.71655253704873,7.500000000000005,0.0,0.0,-0.0
262.95270600947964,-67.73193099187692,7.500000000000005,0.0,0.0,-0.0
262.95339629804937,-67.74711719967522,7.500000000000004,0.0,0.0,-0.0
262.95452115610226,-67.76209578163866,7.500000000000005,0.0,0.0,-0.0
262.95611439813905,-67.7768509426093,7.5000000000000036,0.0,0.0,-0.0
262.95821076918867,-67.7913664644635,7.500000000000004,0.0,0.0,-0.0
262.96084595274993,-67.80562569935577,7.500000000000005,0.0,0.0,-0.0
262.9640565780505,-67.81961156281231,7.500000000000005,0.0,0.0,-0.0
262.96788022656744,-67.83330652666596,7.500000000000005,0.0,0.0,-0.0
262.9723554377536,-67.84669261182535,7.500000000000005,0.0,0.0,-0.0
262.97752171390914,-67.85975138086978,7.500000000000004,0.0,0.0,-0.0
262.9834195241385,-67.87246393046155,7.500000000000006,0.0,0.0,-0.0
262.9900903073279,-67.88481088356716,7.5000000000000036,0.0,0.0,-0.0
262.9975764740783,-67.89677238147851,7.500000000000004,0.0,0.0,-0.0
263.0059214075268,-67.90832807562495,7.500000000000004,0.0,0.0,-0.0
263.01516946298347,-67.91945711916702,7.500000000000005,0.0,0.0,-0.0
263.0253659663158,-67.9301381583621,7.500000000000004,0.0,0.0,-0.0
263.0365572110025,-67.94034932369274,7.500000000000005,0.0,0.0,-0.0
263.04879045378317,-67.9500682207471,7.5000000000000036,0.0,0.0,-0.0
263.06211390882464,-67.95927192084228,7.500000000000004,0.0,0.0,-0.0
263.07657674032504,-67.96793695137976,7.5000000000000036,0.0,0.0,-0.0
263.09222905347303,-67.97603928592291,7.500000000000004,0.0,0.0,-0.0
263.10912188368053,-67.98355433398645,7.5000000000000036,0.0,0.0,-0.0
263.1273071840038,-67.99045693052715,7.5000000000000036,0.0,0.0,-0.0
263.1468378106681,-67.99672132512565,7.500000000000005,0.0,0.0,-0.0
263.16776750660813,-68.00232117084889,7.500000000000005,0.0,0.0,-0.0
263.19015088293935,-68.00722951278306,7.5000000000000036,0.0,0.0,-0.0
263.2140433982697,-68.01141877622672,7.500000000000004,0.0,0.0,-0.0
263.23950133576585,-68.01486075453424,7.5000000000000036,0.0,0.0,-0.0
263.26658177788465,-68.0175265965998,7.500000000000005,0.0,0.0,-0.0
263.2953425786823,-68.01938679397203,7.500000000000004,0.0,0.0,-0.0
263.325842333615,-68.02041116759098,7.500000000000005,0.0,0.0,-0.0
263.35814034674354,-68.02056885413761,7.5000000000000036,0.0,0.0,-0.0
263.3922965952589,-68.01982829198808,7.500000000000005,0.0,0.0,-0.0
263.4283716912449,-68.0181572067649,7.5000000000000036,0.0,0.0,-0.0
263.4664268405977,-68.01552259647764,7.500000000000005,0.0,0.0,-0.0
263.50652379902584,-68.01189071624653,7.500000000000004,0.0,0.0,-0.0
263.5487248250539,-68.00722706260339,7.500000000000004,0.0,0.0,-0.0
263.5930926299625,-68.00149635736467,7.500000000000004,0.0,0.0,-0.0
263.6396903245961,-67.99466253107275,7.500000000000004,0.0,0.0,-0.0
263.68858136297985,-67.98668870600198,7.5000000000000036,0.0,0.0,-0.0
263.7398294826886,-67.9775371787283,7.500000000000005,0.0,0.0,-0.0
263.79349864192073,-67.96716940226057,7.500000000000005,0.0,0.0,-0.0
263.8496529532349,-67.95554596773508,7.500000000000004,0.0,0.0,-0.0
263.9083566139156,-67.94262658567445,7.500000000000004,0.0,0.0,-0.0
263.96967383294304,-67.92837006681457,7.500000000000004,0.0,0.0,-0.0
264.0336687545514,-67.9127343025042,7.500000000000005,0.0,0.0,-0.0
264.10040537837074,-67.89567624468413,7.500000000000006,0.0,0.0,-0.0
264.16994747615684,-67.87715188545374,7.500000000000004,0.0,0.0,-0.0
