galstreams/tracks/track.st.Tri-Pis.bonaca2012.ecsv
# %ECSV 1.0
# ---
# datatype:
# - {name: ra, unit: deg, datatype: float64}
# - {name: dec, unit: deg, datatype: float64}
# - {name: distance, unit: kpc, datatype: float64}
# - {name: pm_ra_cosdec, unit: mas / yr, datatype: float64}
# - {name: pm_dec, unit: mas / yr, datatype: float64}
# - {name: radial_velocity, unit: km / s, datatype: float64}
# delimiter: ','
# meta: !!omap
# - __serialized_columns__:
#     dec:
#       __class__: astropy.coordinates.angles.Latitude
#       unit: &id001 !astropy.units.Unit {unit: deg}
#       value: !astropy.table.SerializedColumn {name: dec}
#     distance:
#       __class__: astropy.coordinates.distances.Distance
#       unit: !astropy.units.Unit {unit: kpc}
#       value: !astropy.table.SerializedColumn {name: distance}
#     pm_dec:
#       __class__: astropy.units.quantity.Quantity
#       unit: !astropy.units.Unit {unit: mas / yr}
#       value: !astropy.table.SerializedColumn {name: pm_dec}
#     pm_ra_cosdec:
#       __class__: astropy.units.quantity.Quantity
#       unit: !astropy.units.Unit {unit: mas / yr}
#       value: !astropy.table.SerializedColumn {name: pm_ra_cosdec}
#     ra:
#       __class__: astropy.coordinates.angles.Longitude
#       unit: *id001
#       value: !astropy.table.SerializedColumn {name: ra}
#       wrap_angle: !astropy.coordinates.Angle
#         unit: *id001
#         value: 360.0
#     radial_velocity:
#       __class__: astropy.units.quantity.Quantity
#       unit: !astropy.units.Unit {unit: km / s}
#       value: !astropy.table.SerializedColumn {name: radial_velocity}
# schema: astropy-2.0
ra,dec,distance,pm_ra_cosdec,pm_dec,radial_velocity
[from data line 710]
22.586657937131633,29.11870256601552,25.999999999999986,0.0,0.0,0.0
22.588889983599486,29.108884243268367,25.999999999999993,0.0,0.0,0.0
22.59112160416535,29.09906588356979,25.999999999999993,0.0,0.0,0.0
22.59335279908106,29.08924748694182,25.999999999999986,0.0,0.0,0.0
22.595583568598286,29.07942905340647,25.99999999999999,0.0,0.0,0.0
22.597813912968586,29.069610582985757,25.999999999999986,0.0,0.0,0.0
22.600043832443326,29.059792075701665,25.999999999999986,0.0,0.0,0.0
22.602273327273785,29.04997353157619,25.99999999999999,0.0,0.0,0.0
22.60450239771107,29.04015495063128,25.999999999999986,0.0,0.0,0.0
22.606732770592277,29.030336630129444,25.999999999999986,0.0,0.0,0.0
22.608966649274848,29.02051894936273,25.999999999999986,0.0,0.0,0.0
22.611200103283636,29.010701231655624,25.99999999999999,0.0,0.0,0.0
22.61343313286996,29.000883477030204,25.999999999999986,0.0,0.0,0.0
22.615665738284942,28.991065685508485,25.999999999999982,0.0,0.0,0.0
22.6178979197796,28.981247857112514,25.999999999999986,0.0,0.0,0.0
22.62012967760482,28.971429991864337,25.999999999999986,0.0,0.0,0.0
22.622361012011293,28.961612089785927,25.999999999999993,0.0,0.0,0.0
22.624591923249625,28.951794150899286,25.999999999999993,0.0,0.0,0.0
22.626822411570252,28.941976175226415,25.999999999999993,0.0,0.0,0.0
22.629052477223475,28.93215816278927,25.999999999999986,0.0,0.0,0.0
22.63128212045945,28.922340113609806,25.999999999999993,0.0,0.0,0.0
22.633511341528195,28.912522027709972,25.999999999999986,0.0,0.0,0.0
22.635740140679584,28.9027039051117,25.999999999999993,0.0,0.0,0.0
22.637972594402044,28.892886447535666,25.999999999999993,0.0,0.0,0.0
22.640206175241147,28.88306921986744,25.999999999999993,0.0,0.0,0.0
22.642439333890273,28.87325195538135,25.999999999999986,0.0,0.0,0.0
22.64467207059946,28.863434654099404,25.999999999999993,0.0,0.0,0.0
22.646904385618623,28.85361731604363,25.999999999999993,0.0,0.0,0.0
22.64913627919755,28.843799941236014,25.999999999999986,0.0,0.0,0.0
22.651367751585862,28.83398252969854,25.999999999999986,0.0,0.0,0.0
22.65359880303305,28.824165081453184,25.99999999999999,0.0,0.0,0.0
22.655829433788472,28.814347596521905,25.999999999999986,0.0,0.0,0.0
22.658059644101336,28.80453007492663,25.999999999999982,0.0,0.0,0.0
22.660289434220715,28.794712516689316,25.999999999999986,0.0,0.0,0.0
22.66251880439554,28.784894921831878,25.999999999999986,0.0,0.0,0.0
22.664747754874597,28.775077290376217,25.999999999999993,0.0,0.0,0.0
22.66697708763982,28.765259760348698,25.999999999999986,0.0,0.0,0.0
22.66921079381166,28.75544301872495,25.99999999999999,0.0,0.0,0.0
22.671444080022688,28.745626240384993,25.99999999999998,0.0,0.0,0.0
22.673676946521862,28.735809425350798,25.99999999999999,0.0,0.0,0.0
22.675909393558015,28.725992573644376,25.999999999999993,0.0,0.0,0.0
22.67814142137985,28.7161756852877,25.999999999999986,0.0,0.0,0.0
22.680373030235902,28.706358760302706,25.999999999999993,0.0,0.0,0.0
22.68260422037458,28.69654179871137,25.99999999999999,0.0,0.0,0.0
22.684834992044163,28.686724800535597,25.99999999999999,0.0,0.0,0.0
22.687065345492762,28.676907765797328,25.999999999999986,0.0,0.0,0.0
22.689295280968395,28.667090694518475,25.999999999999986,0.0,0.0,0.0
22.691524798718895,28.657273586720923,25.999999999999986,0.0,0.0,0.0
22.693753898991993,28.64745644242656,25.99999999999999,0.0,0.0,0.0
22.695982582035242,28.637639261657256,25.99999999999999,0.0,0.0,0.0
22.698213971399085,28.627822582018467,25.99999999999999,0.0,0.0,0.0
22.70044738366586,28.618006285851624,25.99999999999999,0.0,0.0,0.0
22.702680378445596,28.608189953093383,25.999999999999986,0.0,0.0,0.0
22.704912955986032,28.598373583765692,25.999999999999986,0.0,0.0,0.0
22.707145116534786,28.588557177890504,25.999999999999986,0.0,0.0,0.0
22.70937686033933,28.578740735489752,25.999999999999986,0.0,0.0,0.0
22.711608187647002,28.568924256585365,25.999999999999986,0.0,0.0,0.0
22.71383909870498,28.55910774119925,25.999999999999993,0.0,0.0,0.0
22.716069593760356,28.5492911893533,25.999999999999993,0.0,0.0,0.0
22.71829967306003,28.539474601069408,25.99999999999999,0.0,0.0,0.0
22.720529336850788,28.529657976369442,25.999999999999986,0.0,0.0,0.0
22.72275858537928,28.519841315275276,25.999999999999986,0.0,0.0,0.0
22.724987418892002,28.51002461780874,25.999999999999993,0.0,0.0,0.0
22.72721583763534,28.50020788399168,25.99999999999999,0.0,0.0,0.0
22.72944925716514,28.49039204586011,25.999999999999993,0.0,0.0,0.0
22.731682378710744,28.480576191426213,25.999999999999986,0.0,0.0,0.0
22.733915085237523,28.470760300526848,25.999999999999993,0.0,0.0,0.0
22.73614737699203,28.460944373183953,25.999999999999986,0.0,0.0,0.0
22.73837925422066,28.45112840941942,25.999999999999986,0.0,0.0,0.0
22.74061071716969,28.441312409255165,25.999999999999986,0.0,0.0,0.0
22.74284176608524,28.431496372713056,25.999999999999993,0.0,0.0,0.0
22.74507240121332,28.421680299814977,25.999999999999993,0.0,0.0,0.0
22.747302622799776,28.411864190582794,25.999999999999993,0.0,0.0,0.0
22.74953243109033,28.402048045038356,25.99999999999999,0.0,0.0,0.0
22.75176182633056,28.3922318632035,25.99999999999999,0.0,0.0,0.0
22.753990808765938,28.38241564510004,25.999999999999986,0.0,0.0,0.0
22.756219378641752,28.3725993907498,25.999999999999993,0.0,0.0,0.0
22.75844971281235,28.3627834747577,25.99999999999999,0.0,0.0,0.0
22.76068295960391,28.35296809471682,25.999999999999986,0.0,0.0,0.0
22.76291579359389,28.34315267831564,25.999999999999993,0.0,0.0,0.0
22.765148215027793,28.33333722557607,25.999999999999986,0.0,0.0,0.0
22.76738022415094,28.32352173651999,25.999999999999993,0.0,0.0,0.0
22.76961182120856,28.313706211169286,25.999999999999993,0.0,0.0,0.0
22.771843006445717,28.303890649545806,25.99999999999999,0.0,0.0,0.0
22.77407378010735,28.294075051671406,25.999999999999996,0.0,0.0,0.0
22.776304142438264,28.284259417567938,25.999999999999996,0.0,0.0,0.0
22.77853409368312,28.274443747257205,25.999999999999996,0.0,0.0,0.0
22.780763634086462,28.26462804076104,25.99999999999999,0.0,0.0,0.0
22.782992763892665,28.254812298101225,25.999999999999996,0.0,0.0,0.0
22.785221483346003,28.244996519299573,26.0,0.0,0.0,0.0
22.787449792690616,28.23518070437785,25.999999999999996,0.0,0.0,0.0
22.789682133358102,28.22536561760127,26.0,0.0,0.0,0.0
22.79191509328294,28.215550671788414,25.999999999999993,0.0,0.0,0.0
22.794147642864683,28.2057356897435,25.999999999999996,0.0,0.0,0.0
22.796379782347632,28.19592067148838,25.999999999999996,0.0,0.0,0.0
22.79861151197594,28.18610561704493,25.999999999999993,0.0,0.0,0.0
22.80084283199362,28.17629052643497,25.999999999999986,0.0,0.0,0.0
22.803073742644578,28.16647539968033,25.999999999999993,0.0,0.0,0.0
22.805304244172568,28.156660236802832,25.99999999999999,0.0,0.0,0.0
22.807534336821202,28.14684503782428,25.999999999999982,0.0,0.0,0.0
22.809764020833963,28.137029802766456,25.999999999999986,0.0,0.0,0.0
22.81199329645423,28.12721453165115,25.999999999999986,0.0,0.0,0.0
22.81422216392519,28.117399224500115,25.999999999999986,0.0,0.0,0.0
22.816450623489935,28.107583881335113,25.999999999999982,0.0,0.0,0.0
22.818679912152728,28.097768714984316,25.999999999999986,0.0,0.0,0.0
22.820912996478846,28.0879542358702,25.999999999999986,0.0,0.0,0.0
22.823145672671693,28.078139720631544,25.999999999999982,0.0,0.0,0.0
22.82537794097453,28.0683251692902,25.999999999999986,0.0,0.0,0.0
22.827609801630466,28.058510581868,25.999999999999986,0.0,0.0,0.0
22.829841254882496,28.048695958386745,25.999999999999986,0.0,0.0,0.0
22.83207230097345,28.03888129886825,25.999999999999986,0.0,0.0,0.0
22.834302940146056,28.029066603334307,25.99999999999999,0.0,0.0,0.0
22.836533172642902,28.019251871806688,25.999999999999986,0.0,0.0,0.0
22.838762998706414,28.00943710430717,25.999999999999986,0.0,0.0,0.0
22.840992418578924,27.99962230085749,25.999999999999993,0.0,0.0,0.0
22.843221432502624,27.989807461479412,25.999999999999993,0.0,0.0,0.0
22.84545004071954,27.979992586194662,25.999999999999993,0.0,0.0,0.0
22.847678243471613,27.970177675024956,25.999999999999986,0.0,0.0,0.0
22.849909515301963,27.960363325754738,25.999999999999993,0.0,0.0,0.0
22.852142316563988,27.950549273454286,25.999999999999993,0.0,0.0,0.0
22.85437471214165,27.940735185159834,25.999999999999993,0.0,0.0,0.0
22.85660670227703,27.930921060893194,25.99999999999999,0.0,0.0,0.0
22.858838287212087,27.921106900676154,25.999999999999993,0.0,0.0,0.0
22.86106946718862,27.911292704530492,25.999999999999993,0.0,0.0,0.0
22.86330024244832,27.901478472477983,25.999999999999993,0.0,0.0,0.0
22.865530613232746,27.89166420454038,25.999999999999982,0.0,0.0,0.0
22.867760579783308,27.88184990073943,25.999999999999982,0.0,0.0,0.0
22.86999014234129,27.87203556109685,25.999999999999993,0.0,0.0,0.0
22.872219301147865,27.862221185634382,25.99999999999999,0.0,0.0,0.0
22.87444805644404,27.852406774373723,25.999999999999986,0.0,0.0,0.0
22.876676408470708,27.84259232733658,25.999999999999986,0.0,0.0,0.0
22.878904661818822,27.832777896904545,25.999999999999993,0.0,0.0,0.0
22.881137586602893,27.822964303694558,25.999999999999982,0.0,0.0,0.0
22.88337010790514,27.813150674600458,25.99999999999999,0.0,0.0,0.0
22.885602225966633,27.80333700964403,25.999999999999986,0.0,0.0,0.0
22.88783394102828,27.79352330884703,25.99999999999999,0.0,0.0,0.0
22.89006525333087,27.783709572231242,25.999999999999986,0.0,0.0,0.0
22.892296163115088,27.773895799818384,25.999999999999982,0.0,0.0,0.0
22.894526670621428,27.764081991630203,25.999999999999986,0.0,0.0,0.0
22.89675677609031,27.75426814768841,25.999999999999986,0.0,0.0,0.0
22.89898647976199,27.744454268014735,25.999999999999986,0.0,0.0,0.0
22.90121578187661,27.73464035263086,25.99999999999999,0.0,0.0,0.0
22.903444682674174,27.72482640155847,25.999999999999986,0.0,0.0,0.0
22.90567318239455,27.715012414819245,25.999999999999993,0.0,0.0,0.0
22.907901281277496,27.705198392434845,25.999999999999993,0.0,0.0,0.0
22.91013149479581,27.69538476710402,25.999999999999993,0.0,0.0,0.0
22.91236414026724,27.685571593384072,25.999999999999986,0.0,0.0,0.0
22.91459638469635,27.67575838391285,25.999999999999986,0.0,0.0,0.0
22.91682822832303,27.66594513871209,25.999999999999982,0.0,0.0,0.0
22.91905967138708,27.656131857803533,25.999999999999986,0.0,0.0,0.0
22.921290714128116,27.6463185412089,25.99999999999999,0.0,0.0,0.0
22.923521356785667,27.636505188949904,25.999999999999986,0.0,0.0,0.0
22.92575159959912,27.62669180104823,25.99999999999999,0.0,0.0,0.0
22.927981442807717,27.616878377525595,25.99999999999999,0.0,0.0,0.0
22.930210886650578,27.60706491840363,25.999999999999993,0.0,0.0,0.0
22.932439931366705,27.597251423704034,25.99999999999999,0.0,0.0,0.0
22.934668577194962,27.587437893448453,25.999999999999993,0.0,0.0,0.0
22.936896824374088,27.577624327658523,25.999999999999986,0.0,0.0,0.0
22.93912467314268,27.56781072635586,25.999999999999993,0.0,0.0,0.0
22.941356821176118,27.557997897551495,25.999999999999993,0.0,0.0,0.0
22.94358919040922,27.548185139760832,25.999999999999993,0.0,0.0,0.0
22.94582116103427,27.53837234635286,25.999999999999993,0.0,0.0,0.0
22.94805273329005,27.528559517349283,25.999999999999993,0.0,0.0,0.0
22.95028390741519,27.5187466527718,25.999999999999993,0.0,0.0,0.0
22.952514683648175,27.50893375264211,25.999999999999993,0.0,0.0,0.0
22.954745062227417,27.49912081698187,25.999999999999986,0.0,0.0,0.0
22.956975043391136,27.48930784581276,25.999999999999986,0.0,0.0,0.0
22.959204627377463,27.479494839156427,25.999999999999986,0.0,0.0,0.0
22.961433814424378,27.46968179703451,25.99999999999999,0.0,0.0,0.0
22.96366260476976,27.459868719468638,25.999999999999986,0.0,0.0,0.0
22.965890998651325,27.45005560648043,25.999999999999993,0.0,0.0,0.0
22.968118996306693,27.440242458091486,25.99999999999999,0.0,0.0,0.0
22.970348162525923,27.430429543412373,25.999999999999986,0.0,0.0,0.0
22.972580654994225,27.420617233518005,25.999999999999996,0.0,0.0,0.0
22.97481275104584,27.410804888119735,25.999999999999986,0.0,0.0,0.0
22.97704445091853,27.40099250723925,25.999999999999986,0.0,0.0,0.0
22.979275754849937,27.39118009089822,25.999999999999986,0.0,0.0,0.0
22.981506663077553,27.38136763911833,25.999999999999986,0.0,0.0,0.0
22.98373717583877,27.371555151921207,25.99999999999999,0.0,0.0,0.0
22.985967293370827,27.361742629328507,25.999999999999993,0.0,0.0,0.0
22.988197015910842,27.35193007136186,25.999999999999993,0.0,0.0,0.0
22.99042634369582,27.342117478042876,25.999999999999993,0.0,0.0,0.0
22.992655276962626,27.332304849393168,25.999999999999993,0.0,0.0,0.0
22.994883815947997,27.322492185434335,25.99999999999999,0.0,0.0,0.0
22.997111960888542,27.312679486187953,25.999999999999986,0.0,0.0,0.0
22.999339712020756,27.302866751675598,25.999999999999986,0.0,0.0,0.0
23.001570790286134,27.293054621783135,25.999999999999993,0.0,0.0,0.0
23.003803010187386,27.283242720631883,25.999999999999993,0.0,0.0,0.0
23.00603483609709,27.273430784112993,25.999999999999986,0.0,0.0,0.0
23.00826626825186,27.26361881224812,25.999999999999993,0.0,0.0,0.0
23.010497306888237,27.253806805058897,25.99999999999999,0.0,0.0,0.0
23.012727952242585,27.243994762566956,25.999999999999993,0.0,0.0,0.0
23.014958204551185,27.23418268479393,25.999999999999993,0.0,0.0,0.0
23.017188064050146,27.224370571761412,25.999999999999993,0.0,0.0,0.0
23.019417530975495,27.214558423491017,25.999999999999986,0.0,0.0,0.0
23.0216466055631,27.204746240004297,25.99999999999999,0.0,0.0,0.0
23.02387528804871,27.194934021322858,25.999999999999993,0.0,0.0,0.0
23.026103578667957,27.185121767468242,25.999999999999996,0.0,0.0,0.0
23.02833147765635,27.175309478462,25.999999999999993,0.0,0.0,0.0
23.030559608065527,27.16549726142375,25.999999999999993,0.0,0.0,0.0
23.032791950234362,27.15568580077722,25.99999999999999,0.0,0.0,0.0
23.03502390059605,27.145874304878813,25.99999999999999,0.0,0.0,0.0
23.037255459386227,27.13606277375017,25.999999999999993,0.0,0.0,0.0
23.039486626840432,27.1262512074129,25.999999999999993,0.0,0.0,0.0
23.041717403194067,27.11643960588861,25.999999999999993,0.0,0.0,0.0
23.043947788682395,27.106627969198907,25.999999999999993,0.0,0.0,0.0
23.04617778354058,27.09681629736537,25.99999999999999,0.0,0.0,0.0
23.048407388003632,27.08700459040957,25.999999999999986,0.0,0.0,0.0
23.05063660230647,27.077192848353075,25.99999999999999,0.0,0.0,0.0
23.05286542668386,27.06738107121745,25.999999999999982,0.0,0.0,0.0
23.055093861370445,27.057569259024202,25.99999999999999,0.0,0.0,0.0
23.057321906600748,27.04775741179488,25.999999999999986,0.0,0.0,0.0
23.059549562609185,27.037945529550992,25.999999999999986,0.0,0.0,0.0
23.061779582907945,27.028134085712313,25.999999999999986,0.0,0.0,0.0
23.0640116561315,27.018323026713688,25.999999999999993,0.0,0.0,0.0
23.066243339964032,27.008511932601756,25.999999999999982,0.0,0.0,0.0
23.068474634640086,26.998700803398105,25.99999999999999,0.0,0.0,0.0
23.0707055403941,26.988889639124338,25.999999999999986,0.0,0.0,0.0
23.072936057460357,26.979078439802013,25.999999999999986,0.0,0.0,0.0
23.07516618607304,26.969267205452695,25.999999999999986,0.0,0.0,0.0
23.077395926466192,26.959455936097946,25.999999999999986,0.0,0.0,0.0
23.079625278873753,26.949644631759288,25.999999999999993,0.0,0.0,0.0
23.081854243529534,26.93983329245827,25.999999999999993,0.0,0.0,0.0
23.084082820667188,26.930021918216394,25.99999999999999,0.0,0.0,0.0
23.086311010520284,26.920210509055178,25.999999999999993,0.0,0.0,0.0
23.088538813322252,26.910399064996103,25.999999999999993,0.0,0.0,0.0
23.0907662293064,26.90058758606067,25.999999999999996,0.0,0.0,0.0
23.092998114365137,26.890776907063167,25.999999999999993,0.0,0.0,0.0
23.095229921641895,26.88096624626884,25.999999999999986,0.0,0.0,0.0
23.097461341938775,26.8711555505009,25.99999999999999,0.0,0.0,0.0
23.099692375489234,26.861344819780903,25.999999999999996,0.0,0.0,0.0
23.1019230225266,26.851534054130415,25.99999999999999,0.0,0.0,0.0
23.104153283284077,26.84172325357096,25.999999999999993,0.0,0.0,0.0
23.106383157994767,26.831912418124087,25.999999999999986,0.0,0.0,0.0
23.10861264689162,26.822101547811293,25.999999999999986,0.0,0.0,0.0
