galstreams/tracks/track.st.Pal5.pricewhelan2019.ecsv
# %ECSV 0.9
# ---
# datatype:
# - {name: ra, unit: deg, datatype: float64}
# - {name: dec, unit: deg, datatype: float64}
# - {name: distance, unit: kpc, datatype: float64}
# - {name: pm_ra_cosdec, unit: mas / yr, datatype: float64}
# - {name: pm_dec, unit: mas / yr, datatype: float64}
# - {name: radial_velocity, unit: km / s, datatype: float64}
# delimiter: ','
# meta: !!omap
# - __serialized_columns__:
#     dec:
#       __class__: astropy.coordinates.angles.Latitude
#       unit: &id001 !astropy.units.Unit {unit: deg}
#       value: !astropy.table.SerializedColumn {name: dec}
#     distance:
#       __class__: astropy.coordinates.distances.Distance
#       unit: !astropy.units.Unit {unit: kpc}
#       value: !astropy.table.SerializedColumn {name: distance}
#     pm_dec:
#       __class__: astropy.units.quantity.Quantity
#       unit: !astropy.units.Unit {unit: mas / yr}
#       value: !astropy.table.SerializedColumn {name: pm_dec}
#     pm_ra_cosdec:
#       __class__: astropy.units.quantity.Quantity
#       unit: !astropy.units.Unit {unit: mas / yr}
#       value: !astropy.table.SerializedColumn {name: pm_ra_cosdec}
#     ra:
#       __class__: astropy.coordinates.angles.Longitude
#       unit: *id001
#       value: !astropy.table.SerializedColumn {name: ra}
#       wrap_angle: !astropy.coordinates.Angle
#         unit: *id001
#         value: 360.0
#     radial_velocity:
#       __class__: astropy.units.quantity.Quantity
#       unit: !astropy.units.Unit {unit: km / s}
#       value: !astropy.table.SerializedColumn {name: radial_velocity}
# schema: astropy-2.0
ra,dec,distance,pm_ra_cosdec,pm_dec,radial_velocity
[from data line 998]
232.83531183619726,2.753821277697207,21.31958170060956,-2.645796206113905,-2.4892708563509913,999.0000223209261
232.82661404757795,2.748824992072968,21.318244007039283,-2.646124895295071,-2.489596693976408,999.0000223204327
232.8179183391436,2.7438256084777506,21.31690504728981,-2.646453202812972,-2.4899228934633317,999.0000223199403
232.80922471628696,2.7388231187612155,21.31556482136113,-2.64678112866469,-2.49024945479953,999.0000223194477
232.80053318525424,2.733817513481502,21.31422332925325,-2.6471086728490083,-2.4905763779710437,999.0000223189552
232.7918437531289,2.728808781929831,21.31288057096617,-2.6474358353663416,-2.4909036629622308,999.0000223184636
232.78315642781538,2.7237969121555934,21.311536546499884,-2.647762616218749,-2.491231309755829,999.0000223179718
232.77447121802211,2.7187818909920414,21.310191255854402,-2.6480890154098273,-2.491559318332999,999.0000223174803
232.76578813324403,2.713763704082309,21.30884469902972,-2.6484150329446767,-2.4918876886733834,999.0000223169892
232.75710718374518,2.7087423359061695,21.30749687602583,-2.648740668829859,-2.4922164207551623,999.0000223164992
232.74842838054087,2.703717769807358,21.306147786842747,-2.6490659230733415,-2.492545514555094,999.0000223160083
232.7397517353791,2.698689988020977,21.304797431480456,-2.6493907956844462,-2.4928749700485886,999.0000223155182
232.73107726072212,2.693658971701924,21.303445809938967,-2.649715286673794,-2.49320478720975,999.0000223150287
232.72240496972768,2.6886247009533144,21.302092922218282,-2.650039396053269,-2.49353496601143,999.0000223145387
232.71373487622967,2.6835871548557675,21.300738768318386,-2.650363123835939,-2.4938655064252964,999.0000223140497
232.70506699471863,2.678546311496676,21.299383348239296,-2.6506864700360255,-2.49419640842187,999.0000223135605
232.69640134032207,2.673502148000247,21.298026661981,-2.6510094346688517,-2.494527671970597,999.000022313072
232.68773792878457,2.668454640557896,21.29666870954351,-2.651332017750782,-2.494859297039894,999.000022312584
232.67907677644706,2.663403764458778,21.29530949092681,-2.6516542192991466,-2.495191283597209,999.0000223120954
232.67041790022697,2.658349494121005,21.293949006130923,-2.651976039332255,-2.4955236316090743,999.0000223116083
232.66176131759676,2.653291803123006,21.292587255155826,-2.652297477869273,-2.4958563410411694,999.0000223111207
232.6531070465635,2.648230664235436,21.29122423800153,-2.652618534930207,-2.4961894118583663,999.0000223106332
232.6444551056473,2.643166049453074,21.289859954668035,-2.6529392105358354,-2.4965228440247933,999.0000223101466
232.63580551386005,2.638097930027348,21.28849440515534,-2.6532595047076697,-2.496856637503893,999.0000223096602
232.6271582906838,2.6330262764990966,21.28712758946344,-2.6535794174678804,-2.4971907922584697,999.0000223091738
232.6185134560492,2.6279510587313752,21.28575950759235,-2.6538989488392994,-2.497525308250754,999.0000223086879
232.6098710303129,2.622872245942824,21.284390159542056,-2.6542180988452744,-2.4978601854424545,999.0000223082027
232.6012310342361,2.6177898067410426,21.283019545312563,-2.654536867509705,-2.498195423794816,999.0000223077174
232.59259348896208,2.61270370915646,21.281647664903865,-2.6548552548569346,-2.498531023268672,999.0000223072327
232.58395841599366,2.607613920676024,21.28027451831597,-2.6551732609117398,-2.4988669838245023,999.000022306748
232.57532583717065,2.6025204082774347,21.278900105548882,-2.6554908856992303,-2.4992033054224887,999.0000223062639
232.56669577464737,2.597423138463469,21.277524426602586,-2.6558081292448246,-2.499539988022567,999.0000223057799
232.55806825086992,2.592322077296276,21.27614748147709,-2.656124991574244,-2.4998770315844876,999.000022305296
232.5494432885529,2.5872171904320607,21.274769270172403,-2.656441472713341,-2.5002144360678615,999.0000223048132
232.54082091065695,2.582108443155736,21.27338979268851,-2.656757572688183,-2.5005522014322237,999.0000223043302
232.53220114036563,2.576995800415877,21.272009049025424,-2.6570732915249162,-2.50089032763708,999.0000223038475
232.52358400106195,2.5718792268594046,21.270627039183136,-2.657388629249724,-2.501228814641965,999.0000223033658
232.5149695163059,2.5667586868667143,21.269243763161647,-2.6577035858888385,-2.501567662406489,999.0000223028837
232.50635770981077,2.5616341445867588,21.267859220960965,-2.658018161468407,-2.501906870890396,999.0000223024022
232.49774860542,2.556505563971989,21.266473412581085,-2.658332356014492,-2.502246440053616,999.0000223019213
232.4891422270842,2.5513729088135806,21.265086338022005,-2.6586461695530197,-2.5025863698563127,999.0000223014401
232.48053859883765,2.5462361427764373,21.263697997283725,-2.6589596021097206,-2.502926660258937,999.0000223009602
232.47193774477552,2.5410952294345,21.262308390366254,-2.6592726537100835,-2.5032673112222743,999.0000223004799
232.46333968903005,2.5359501323055653,21.260917517269572,-2.65958532437932,-2.503608322707505,999.0000223
232.4547444557478,2.5308008148864727,21.259525377993704,-2.659897614142292,-2.503949694676234,999.0000222995212
232.44615206906658,2.525647240688151,21.25813197253863,-2.660209523023512,-2.5042914270905627,999.0000222990421
232.43756255309202,2.5204893732703133,21.256737300904362,-2.6605210510470467,-2.504633519913119,999.0000222985636
232.4289759318748,2.515327176276427,21.255341363090896,-2.6608321982365064,-2.504975973107112,999.0000222980857
232.42039222938743,2.5101606134683174,21.25394415909824,-2.661142964614977,-2.505318786636379,999.0000222976079
232.41181146950188,2.504989648760876,21.252545688926382,-2.6614533502049977,-2.5056619604654324,999.0000222971302
232.40323367596633,2.49981424625628,21.25114595257532,-2.661763355028508,-2.506005494559501,999.0000222966532
232.39465887238254,2.494634370278384,21.249744950045077,-2.6620729791068056,-2.5063493888845763,999.000022296177
232.38608708218368,2.489449985406882,21.24834268133562,-2.6623822224605167,-2.50669364340746,999.0000222957009
232.37751832861144,2.484261056511,21.24693914644698,-2.662691085109538,-2.5070382580957995,999.0000222952251
232.36895263469407,2.4790675487833678,21.245534345379138,-2.6629995670730104,-2.5073832329181367,999.0000222947493
232.3603900232238,2.473869427773336,21.244128278132102,-2.663307668369259,-2.5077285678439454,999.0000222942745
232.3518305167355,2.4686666594203928,21.24272094470587,-2.663615389015782,-2.5080742628436763,999.0000222938003
232.3432741374844,2.4634592100869086,21.24131234510044,-2.663922729029208,-2.508420317888789,999.0000222933257
232.33472090742444,2.4582470465909076,21.239902479315813,-2.664229688425255,-2.5087667329517975,999.0000222928522
232.32617084818708,2.4530301362386013,21.238491347351992,-2.664536267218666,-2.5091135080063056,999.0000222923788
232.31762398105985,2.447808446856274,21.23707894920897,-2.6648424654232254,-2.5094606430270447,999.0000222919058
232.3090803269654,2.4425819468221412,21.235665284886757,-2.6651482830517033,-2.5098081379899053,999.0000222914337
232.3005399064407,2.437350605097917,21.23425035438535,-2.665453720115805,-2.510155992871977,999.0000222909615
232.29200273961644,2.4321143912596974,21.232834157704747,-2.665758776626165,-2.5105042076515836,999.0000222904895
232.28346884619657,2.426873275528817,21.23141669484495,-2.666063452592297,-2.510852782308308,999.0000222900188
232.27493824543845,2.421627228802122,21.229997965805957,-2.6663677480225934,-2.5112017168230327,999.0000222895477
232.26641095613272,2.416376222682068,21.228577970587764,-2.6666716629242244,-2.511551011177968,999.0000222890773
232.25788699658406,2.411120229506056,21.227156709190382,-2.666975197303219,-2.511900665356677,999.0000222886074
232.2493663845916,2.4058592223756654,21.225734181613806,-2.667278351164334,-2.512250679344112,999.0000222881376
232.24084913743016,2.4005931751852905,21.22431038785803,-2.667581124511106,-2.5126010531266405,999.0000222876689
232.23233527183152,2.39532206265048,21.222885327923063,-2.667883517345754,-2.512951786692064,999.0000222872005
232.223824803966,2.390045860335498,21.2214590018089,-2.668185529669248,-2.513302880029656,999.0000222867321
232.21531774942412,2.38476454468072,21.220031409515542,-2.668487161481158,-2.5136543331301753,999.0000222862648
232.20681412319945,2.3794780930294936,21.218602551042995,-2.668788412779766,-2.514006145985897,999.0000222857973
232.19831393967073,2.3741864836542264,21.217172426391244,-2.6690892835619624,-2.514358318590631,999.0000222853303
232.18981721258484,2.368889695782249,21.215741035560303,-2.669389773823231,-2.514710850939745,999.0000222848641
232.18132395504048,2.3635877096211386,21.214308378550168,-2.669689883557678,-2.515063743030182,999.0000222843984
232.17283417947135,2.358280506383186,21.21287445536084,-2.6699896127579645,-2.5154169948604794,999.000022283933
232.16434789763022,2.3529680683096723,21.211439265992315,-2.670288961415294,-2.5157706064307925,999.0000222834684
232.15586512057374,2.347650378694345,21.210002810444603,-2.670587929519439,-2.5161245777428993,999.0000222830037
232.14738585864674,2.3423274219065084,21.20856508871769,-2.6708865170586673,-2.51647890880023,999.0000222825399
232.1389101214678,2.336999183413215,21.207126100811585,-2.671184724019798,-2.5168335996078683,999.0000222820759
232.13043791791424,2.331665649801147,21.205685846726286,-2.6714825503880926,-2.5171886501725727,999.0000222816129
232.121969256109,2.3263268087978326,21.204244326461794,-2.671779996147366,-2.517544060502782,999.0000222811503
232.113504143406,2.3209826492920174,21.202801540018108,-2.672077061279842,-2.517899830608633,999.0000222806882
232.1050425863778,2.315633161353656,21.201357487395224,-2.6723737457662726,-2.518255960501965,999.0000222802264
232.09658459080237,2.310278336253104,21.19991216859315,-2.672670049585838,-2.5186124501963283,999.000022279765
232.088130161651,2.304918166479816,21.198465583611892,-2.6729659727161805,-2.5189692997069906,999.0000222793043
232.07967930307623,2.299552645760075,21.197017732451425,-2.673261515133385,-2.519326509050948,999.0000222788443
232.07123201840056,2.2941817690743194,21.195568615111764,-2.6735566768119905,-2.5196840782469208,999.000022278384
232.06278831010556,2.288805532673783,21.19411823159292,-2.6738514577249703,-2.5200420073153635,999.0000222779246
232.05434817982095,2.2834239340961555,21.192666581894876,-2.6741458578437087,-2.5204002962784653,999.0000222774656
232.04591162831517,2.27803697218086,21.191213666017635,-2.6744398771380906,-2.520758945160153,999.000022277007
232.03747865548516,2.272644647083398,21.189759483961208,-2.674733515576361,-2.521117953986083,999.0000222765489
232.0290492603479,2.267246960289211,21.188304035725583,-2.675026773125253,-2.521477322783651,999.0000222760917
232.02062344103126,2.261843914626445,21.18684732131076,-2.6753196497499236,-2.5218370515819792,999.0000222756349
232.01220119476608,2.2564355142782957,21.185389340716753,-2.6756121454139694,-2.522197140411919,999.0000222751784
232.00378251787873,2.251021764794585,21.18393009394355,-2.6759042600794336,-2.522557589306044,999.000022274722
231.99536740578375,2.2456026731023204,21.18246958099115,-2.676195993706828,-2.522918398298644,999.0000222742661
231.9869558529771,2.2401782475158,21.181007801859558,-2.6764873462550907,-2.5232795674257162,999.000022273811
231.97854785303028,2.234748497745758,21.17954475654877,-2.676778317681637,-2.523641096724959,999.0000222733564
231.97014339858478,2.229313434907938,21.17808044505879,-2.67706890794238,-2.52400298623576,999.0000222729017
231.96174248134676,2.2238730715305697,21.17661486738961,-2.677359116991697,-2.524365235999187,999.0000222724482
231.95334509208254,2.218427421561339,21.175148023541244,-2.677648944782467,-2.5247278460579747,999.0000222719945
231.94495122061454,2.212976500373576,21.17367991351368,-2.677938391266059,-2.5250908164565113,999.0000222715419
231.9365608558179,2.2075203247713766,21.172210537306924,-2.6782274563923947,-2.5254541472408287,999.0000222710894
231.92817398561726,2.202058912994216,21.170739894920967,-2.6785161401099167,-2.52581783845858,999.0000222706373
231.91979059698417,2.19659228472058,21.169267986355823,-2.678804442365591,-2.5261818901590236,999.0000222701857
231.9114106759358,2.191120461071011,21.167794811611476,-2.6790923631049974,-2.526546302393017,999.0000222697341
231.90303420753273,2.1856434646099703,21.166320370687945,-2.6793799022722626,-2.526911075212982,999.0000222692836
231.89466117587847,2.1801613193472305,21.16484466358521,-2.6796670598101184,-2.527276208672897,999.0000222688335
231.88629156411935,2.1746740507384,21.163367690303286,-2.6799538356599344,-2.527641702828269,999.0000222683836
231.87792535444427,2.169181685684399,21.161889450842164,-2.6802402297617025,-2.5280075577361147,999.0000222679342
231.86956252808574,2.1636842525303734,21.16040994520185,-2.6805262420540865,-2.5283737734549407,999.0000222674851
231.86120306532115,2.158181781063645,21.15892917338234,-2.680811872474436,-2.528740350044713,999.0000222670367
231.85284694547462,2.1526743025110027,21.15744713538363,-2.6810971209587926,-2.52910728756684,999.0000222665882
231.84449414691937,2.1471618495348554,21.15596383120573,-2.681381987441944,-2.5294745860841337,999.0000222661406
231.8361446470806,2.141644456228849,21.154479260848635,-2.6816664718574224,-2.5298422456607987,999.000022265693
231.82779842243912,2.136122158112652,21.152993424312346,-2.6819505741375407,-2.5302102663623987,999.0000222652462
231.8194554485353,2.130594992125642,21.15150632159685,-2.6822342942134303,-2.5305786482558204,999.0000222648001
231.81111569997373,2.125062996620049,21.150017952702164,-2.6825176320150583,-2.530947391409251,999.0000222643539
231.80277915042808,2.119526211353131,21.148528317628283,-2.682800587471234,-2.531316495892149,999.000022263908
231.7944457726473,2.113984677478677,21.14703741637521,-2.6830831605096805,-2.531685961775212,999.000022263463
231.7861155384613,2.108438437537384,21.145545248942927,-2.6833653510570357,-2.5320557891303355,999.000022263018
231.777788418788,2.1028875354466936,21.14405181533146,-2.683647159038885,-2.5324259780305933,999.0000222625731
231.7694643836407,2.097332016489814,21.142557115540793,-2.6839285843798035,-2.5327965285501954,999.000022262129
231.7611434021357,2.0917719273036304,21.141061149570927,-2.6842096270033866,-2.5331674407644558,999.0000222616856
231.752825442501,2.086207315866126,21.139563917421864,-2.684490286832294,-2.5335387147497572,999.000022261242
231.74451047208464,2.0806382314827836,21.138065419093603,-2.6847705637882133,-2.533910350583513,999.0000222607993
231.7361984573652,2.075064724772395,21.13656565458615,-2.6850504577920247,-2.5342823483441324,999.0000222603563
231.7278893639607,2.069486847651721,21.135064623899492,-2.6853299687637016,-2.534654708110983,999.0000222599141
231.71958315663977,2.063904653319652,21.133562327033637,-2.685609096622442,-2.5350274299643503,999.0000222594717
231.7112797993326,2.0583181962405614,21.13205876398858,-2.6858878412866467,-2.5354005139853983,999.0000222590304
231.7029792551425,2.0527275321265934,21.13055393476433,-2.6861662026740007,-2.5357739602561358,999.0000222585888
231.69468148635787,2.047132717919429,21.129047839360883,-2.686444180701472,-2.536147768859368,999.000022258148
231.68638645446504,2.0415338117712905,21.127540477778236,-2.6867217752853594,-2.5365219398786625,999.0000222577072
231.6780941201613,2.0359308730248697,21.126031850016386,-2.686998986341355,-2.5368964733983055,999.0000222572671
231.66980444336858,2.0303239621928117,21.124521956075338,-2.6872758137845656,-2.5372713695032556,999.0000222568269
231.6615173832476,2.0247131409362327,21.123010795955096,-2.687552257529541,-2.5376466282791097,999.0000222563873
231.6532328982125,2.0190984720426877,21.121498369655644,-2.6878283174903337,-2.5380222498120553,999.0000222559481
231.6449509459461,2.013480019403046,21.119984677176994,-2.688103993580529,-2.5383982341888247,999.000022255509
