galstreams/tracks/track.st.Cetus-Palca.thomas2021.ecsv
# %ECSV 0.9
# ---
# datatype:
# - {name: ra, unit: deg, datatype: float64}
# - {name: dec, unit: deg, datatype: float64}
# - {name: distance, unit: kpc, datatype: float64}
# - {name: pm_ra_cosdec, unit: mas / yr, datatype: float64}
# - {name: pm_dec, unit: mas / yr, datatype: float64}
# - {name: radial_velocity, unit: km / s, datatype: float64}
# delimiter: ','
# meta: !!omap
# - __serialized_columns__:
#     dec:
#       __class__: astropy.coordinates.angles.Latitude
#       unit: &id001 !astropy.units.Unit {unit: deg}
#       value: !astropy.table.SerializedColumn {name: dec}
#     distance:
#       __class__: astropy.coordinates.distances.Distance
#       unit: !astropy.units.Unit {unit: kpc}
#       value: !astropy.table.SerializedColumn {name: distance}
#     pm_dec:
#       __class__: astropy.units.quantity.Quantity
#       unit: !astropy.units.Unit {unit: mas / yr}
#       value: !astropy.table.SerializedColumn {name: pm_dec}
#     pm_ra_cosdec:
#       __class__: astropy.units.quantity.Quantity
#       unit: !astropy.units.Unit {unit: mas / yr}
#       value: !astropy.table.SerializedColumn {name: pm_ra_cosdec}
#     ra:
#       __class__: astropy.coordinates.angles.Longitude
#       unit: *id001
#       value: !astropy.table.SerializedColumn {name: ra}
#       wrap_angle: !astropy.coordinates.Angle
#         unit: *id001
#         value: 360.0
#     radial_velocity:
#       __class__: astropy.units.quantity.Quantity
#       unit: !astropy.units.Unit {unit: km / s}
#       value: !astropy.table.SerializedColumn {name: radial_velocity}
# schema: astropy-2.0
ra,dec,distance,pm_ra_cosdec,pm_dec,radial_velocity
[from data line 2606]
32.089080547274506,-42.371639951357075,34.81257205382194,0.9607995460435796,-0.3000571597947357,2.5262301389617013e-14
32.085524562212775,-42.36199891926922,34.8125266422098,0.9607165179620555,-0.3002434295079216,4.210383564936169e-14
32.081969419377,-42.35235783282619,34.81248114618358,0.960633486071585,-0.3004296379647601,1.6841534259744676e-14
32.078415118251236,-42.342716692060925,34.81243556566072,0.9605504503875142,-0.3006157851671853,5.0524602779234026e-14
32.07486165831987,-42.33307549700627,34.81238990055863,0.9604674109251814,-0.30080187111712464,2.947268495455318e-14
32.071309039067785,-42.323434247695204,34.81234415079473,0.9603843676999175,-0.3009878958164972,2.947268495455318e-14
32.06775725998016,-42.31379294416052,34.812298316286466,0.9603013207270453,-0.3011738592672148,5.4734986344170195e-14
32.06420632054259,-42.30415158643505,34.81225239695124,0.9602182700218808,-0.3013597614711826,0.0
32.06065622024107,-42.2945101745516,34.81220639270647,0.9601352155997318,-0.30154560243029704,5.4734986344170195e-14
32.05710695856197,-42.2848687085429,34.81216030346961,0.9600521574758978,-0.3017313821464485,2.947268495455318e-14
32.05355853499205,-42.27522718844173,34.81211412915805,0.9599690956656726,-0.3019171006215181,5.0524602779234026e-14
32.050010949018464,-42.26558561428081,34.81206786968922,0.9598860301843407,-0.3021027578573816,4.210383564936169e-14
32.04646420012874,-42.255943986092795,34.81202152498058,0.9598029610471793,-0.3022883538559056,4.210383564936169e-14
32.042918287810785,-42.24630230391037,34.81197509494951,0.959719888269459,-0.3024738886189502,5.0524602779234026e-14
32.039373211552935,-42.23666056776618,34.81192857951345,0.9596368118664418,-0.30265936214836775,3.789345208442552e-14
32.03582897084384,-42.22701877769275,34.811881978589824,0.9595537318533821,-0.30284477444600316,4.210383564936169e-14
32.03228556517262,-42.21737693372278,34.81183529209605,0.9594706482455277,-0.3030301255136939,8.420767129872338e-15
32.02874299402873,-42.20773503588881,34.81178851994955,0.9593875610581185,-0.3032154153532701,6.315575347404254e-14
32.025201256902,-42.198093084223295,34.811741662067746,0.959304470306386,-0.30340064396655475,2.1051917824680846e-14
32.02166035328267,-42.18845107875881,34.81169471836809,0.959221376005555,-0.303585811355363,5.0524602779234026e-14
32.01812028266134,-42.17880901952778,34.81164768876798,0.9591382781708425,-0.30377091752150276,5.0524602779234026e-14
32.01458104452902,-42.169166906562666,34.811600573184826,0.9590551768174588,-0.3039559624667748,3.368306851948935e-14
32.01104263837708,-42.1595247398959,34.811553371536085,0.9589720719606045,-0.30414094619297216,4.631421921429786e-14
32.00750506369727,-42.149882519559874,34.81150608373916,0.958888963615475,-0.3043258687018808,4.210383564936169e-14
32.003968319981766,-42.14024024558696,34.811458709711474,0.9588058517972582,-0.30451072999527923,3.368306851948935e-14
32.000432406723064,-42.1305979180095,34.81141124937046,0.9587227365211323,-0.3046955300749381,3.789345208442552e-14
31.996897323414068,-42.12095553685974,34.811363702633535,0.9586396178022697,-0.3048802689426221,4.210383564936169e-14
31.99336306954811,-42.11131310217015,34.811316069418126,0.9585564956558354,-0.30506494660008654,5.0524602779234026e-14
31.989829644618773,-42.101670613972765,34.81126834964165,0.9584733700969865,-0.3052495630490819,2.5262301389617013e-14
31.986297048120193,-42.0920280723,34.81122054322155,0.9583902411408725,-0.30543411829134864,3.789345208442552e-14
31.982765279546754,-42.082385477184005,34.811172650075214,0.9583071088026357,-0.3056186123286216,6.315575347404254e-14
31.97923433839326,-42.07274282865695,34.811124670120094,0.9582239730974111,-0.30580304516262824,4.631421921429786e-14
31.97570422415491,-42.06310012675101,34.81107660327361,0.9581408340403258,-0.3059874167950879,3.368306851948935e-14
31.972174936327256,-42.05345737149831,34.81102844945318,0.9580576916464993,-0.30617172722771346,3.789345208442552e-14
31.96864647440626,-42.043814562930976,34.810980208576225,0.9579745459310455,-0.30635597646220974,4.210383564936169e-14
31.96511883788822,-42.03417170108105,34.810931880560176,0.9578913969090683,-0.30654016450027555,1.6841534259744676e-14
31.96159202626984,-42.024528785980614,34.81088346532244,0.9578082445956659,-0.3067242913436006,4.631421921429786e-14
31.958066039048173,-42.01488581766162,34.81083496278047,0.9577250890059279,-0.306908356993869,1.6841534259744676e-14
31.95454087572075,-42.00524279615625,34.810786372851666,0.9576419301549385,-0.30709236145275565,2.947268495455318e-14
31.951016535785296,-41.99559972149626,34.81073769545346,0.9575587680577721,-0.307276304721931,2.947268495455318e-14
31.947493018740083,-41.985956593713766,34.810688930503275,0.957475602729497,-0.3074601868030555,4.210383564936169e-14
31.943970324083672,-41.97631341284061,34.81064007791853,0.9573924341851747,-0.3076440076977841,3.789345208442552e-14
31.94044845131501,-41.96667017890872,34.81059113761666,0.9573092624398576,-0.3078277674077632,3.368306851948935e-14
31.936927399933438,-41.95702689194996,34.81054210951507,0.9572260875085927,-0.3080114659346337,2.947268495455318e-14
31.933407169438652,-41.94738355199617,34.8104929935312,0.9571429094064182,-0.30819510328002736,2.1051917824680846e-14
31.929887759330743,-41.937740159079155,34.81044378958246,0.9570597281483656,-0.30837867944557024,3.368306851948935e-14
31.92636916911015,-41.92809671323074,34.81039449758628,0.9569765437494592,-0.3085621944328798,3.789345208442552e-14
31.922851398277704,-41.91845321448266,34.81034511746009,0.9568933562247153,-0.30874564824356754,2.1051917824680846e-14
31.919334446334577,-41.90880966286663,34.810295649121315,0.9568101655891428,-0.30892904087923734,2.947268495455318e-14
31.915818312782424,-41.89916605841453,34.810246092487354,0.9567269718577454,-0.30911237234148503,3.789345208442552e-14
31.91230299712307,-41.88952240115779,34.810196447475654,0.9566437750455167,-0.30929564263190146,8.420767129872338e-15
31.908788498858936,-41.8798786911283,34.81014671400364,0.956560575167444,-0.30947885175206746,5.894536990910637e-14
31.90527481749266,-41.87023492835759,34.810096891988714,0.9564773722385088,-0.3096619997035584,5.4734986344170195e-14
31.9017619525273,-41.8605911128773,34.81004698134833,0.9563941662736826,-0.30984508648794273,4.210383564936169e-14
31.898249903466304,-41.850947244719016,34.80999698199989,0.9563109572879318,-0.3100281121067803,6.315575347404254e-14
31.894738669813457,-41.841303323914296,34.80994689386081,0.9562277452962147,-0.3102110765616256,5.0524602779234026e-14
31.89122825107293,-41.831659350494675,34.80989671684854,0.9561445303134819,-0.3103939798540242,3.368306851948935e-14
31.887718646749274,-41.822015324491666,34.80984645088049,0.9560613123546777,-0.3105768219855159,4.210383564936169e-14
31.884209856347386,-41.81237124593675,34.80979609587407,0.9559780914347391,-0.3107596029576325,4.210383564936169e-14
31.880701879372552,-41.80272711486139,34.809745651746724,0.9558948675685951,-0.31094232277189937,4.210383564936169e-15
31.877194715330425,-41.79308293129703,34.80969511841587,0.9558116407711678,-0.3111249814298338,2.1051917824680846e-14
31.87368836372699,-41.78343869527502,34.80964449579892,0.9557284110573717,-0.31130757893294714,5.4734986344170195e-14
31.87018282406869,-41.77379440682683,34.80959378381331,0.9556451784421154,-0.3114901152827424,3.789345208442552e-14
31.866678095862227,-41.7641500659838,34.80954298237647,0.9555619429402988,-0.3116725904807164,2.5262301389617013e-14
31.863174178614745,-41.75450567277721,34.80949209140581,0.9554787045668158,-0.3118550045283589,1.2631150694808506e-14
31.859671071833716,-41.74486122723843,34.80944111081876,0.9553954633365513,-0.31203735742715166,5.0524602779234026e-14
31.85616877502699,-41.7352167293987,34.809390040532726,0.9553122192643859,-0.3122196491785705,3.368306851948935e-14
31.852667287702793,-41.72557217928928,34.80933888046516,0.9552289723651899,-0.312401879784083,2.1051917824680846e-14
31.849166609369718,-41.71592757694141,34.80928763053347,0.9551457226538284,-0.3125840492451506,3.368306851948935e-14
31.845666739536714,-41.70628292238631,34.809236290655065,0.9550624701451593,-0.3127661575632272,3.368306851948935e-14
31.842167677713068,-41.69663821565514,34.80918486074741,0.9549792148540318,-0.31294820473976004,4.631421921429786e-14
31.838669423408486,-41.68699345677905,34.80913334072789,0.9548959567952896,-0.31313019077618864,4.210383564936169e-14
31.835171976132983,-41.67734864578914,34.809081730513945,0.9548126959837682,-0.3133121156739463,5.0524602779234026e-14
31.831675335397016,-41.66770378271659,34.809030030023,0.9547294324342971,-0.3134939794344584,4.210383564936169e-14
31.828179500711325,-41.658058867592466,34.80897823917247,0.9546461661616974,-0.31367578205914387,2.1051917824680846e-14
31.824684471587055,-41.64841390044779,34.80892635787977,0.9545628971807842,-0.31385752354941454,2.1051917824680846e-14
31.82119024753571,-41.63876888131363,34.80887438606234,0.9544796255063639,-0.3140392039066753,5.894536990910637e-14
31.817696828069128,-41.62912381022094,34.808822323637614,0.9543963511532375,-0.3142208231323236,2.947268495455318e-14
31.814204212699558,-41.61947868720074,34.80877017052299,0.9543130741361985,-0.3144023812277499,3.368306851948935e-14
31.81071240093957,-41.60983351228396,34.808717926635914,0.954229794470032,-0.3145838781943384,3.368306851948935e-14
31.80722139230211,-41.600188285501545,34.808665591893785,0.9541465121695181,-0.3147653140334662,2.5262301389617013e-14
31.803731186300503,-41.590543006884396,34.808613166214045,0.9540632272494276,-0.31494668874650167,6.73661370389787e-14
31.80024178244839,-41.58089767646339,34.80856064951411,0.9539799397245267,-0.3151280023348089,2.947268495455318e-14
31.796753180259813,-41.571252294269335,34.8085080417114,0.9538966496095721,-0.31530925479974325,4.631421921429786e-14
31.7932653792492,-41.561606860333214,34.80845534272335,0.953813356919315,-0.31549044614265265,5.0524602779234026e-14
31.78977837893122,-41.551961374685625,34.80840255246738,0.9537300616684987,-0.3156715763648803,4.631421921429786e-14
31.786292178821054,-41.5423158373575,34.808349670860906,0.9536467638718604,-0.31585264546776004,4.210383564936169e-14
31.782806778434132,-41.53267024837955,34.808296697821355,0.953563463544129,-0.3160336534526204,2.947268495455318e-14
31.779322177286318,-41.52302460778251,34.80824363326616,0.9534801607000275,-0.3162146003207816,5.0524602779234026e-14
31.775838374893755,-41.51337891559707,34.80819047711273,0.9533968553542712,-0.3163954860735582,2.947268495455318e-14
31.77235537077301,-41.503733171853945,34.80813722927851,0.9533135475215684,-0.31657631071225745,4.210383564936169e-15
31.768873164440986,-41.49408737658375,34.80808388968088,0.9532302372166211,-0.316757074238179,6.315575347404254e-14
31.76539175541493,-41.48444152981715,34.80803045823731,0.9531469244541235,-0.31693777665261613,3.368306851948935e-14
31.761911143212465,-41.474795631584726,34.8079769348652,0.9530636092487625,-0.31711841795685564,2.947268495455318e-14
31.75843132735153,-41.46514968191702,34.80792331948198,0.9529802916152197,-0.31729899815217694,1.6841534259744676e-14
31.754952307350553,-41.45550368084477,34.807869612005085,0.9528969715681677,-0.31747951723985124,5.4734986344170195e-14
31.751474082728084,-41.44585762839825,34.807815812351905,0.9528136491222732,-0.3176599752211462,2.947268495455318e-14
31.747996653003263,-41.43621152460818,34.8077619204399,0.9527303242921955,-0.31784037209731886,4.631421921429786e-14
31.74452001769545,-41.42656536950498,34.807707936186475,0.9526469970925879,-0.3180207078696219,4.631421921429786e-14
31.7410441763244,-41.41691916311908,34.807653859509045,0.9525636675380954,-0.3182009825393,4.210383564936169e-14
31.73756912841022,-41.407272905480966,34.807599690325056,0.952480335643357,-0.31838119610759097,4.631421921429786e-14
31.734094873473364,-41.39762659662098,34.80754542855192,0.9523970014230038,-0.31856134857572693,3.368306851948935e-14
31.730621411034658,-41.387980236569575,34.807491074107055,0.9523136648916611,-0.31874143994493087,3.368306851948935e-14
31.72714874061525,-41.37833382535709,34.807436626907894,0.9522303260639462,-0.31892147021642153,3.789345208442552e-14
31.723676861736667,-41.368687363013855,34.80738208687186,0.9521469849544707,-0.31910143939140895,4.631421921429786e-14
31.720205773920764,-41.359040849570135,34.80732745391637,0.9520636415778382,-0.3192813474710974,1.6841534259744676e-14
31.716735476689852,-41.3493942850564,34.80727272795885,0.9519802959486457,-0.3194611944566829,2.1051917824680846e-14
31.713265969566386,-41.339747669502685,34.807217908916726,0.9518969480814832,-0.31964098034935673,2.5262301389617013e-14
31.709797252073383,-41.33010100293939,34.80716299670741,0.9518135979909343,-0.3198207051503015,5.894536990910637e-14
31.7063293237341,-41.32045428539668,34.807107991248365,0.951730245691575,-0.3200003688606934,3.368306851948935e-14
31.702862184072174,-41.31080751690476,34.80705289245696,0.9516468911979757,-0.32017997148170313,4.210383564936169e-14
31.69939583261157,-41.301160697493785,34.80699770025064,0.9515635345246981,-0.32035951301449295,5.894536990910637e-14
31.695930268876644,-41.29151382719391,34.80694241454685,0.9514801756862977,-0.3205389934602192,2.947268495455318e-14
31.692465492392067,-41.28186690603524,34.80688703526299,0.9513968146973242,-0.3207184128200307,2.5262301389617013e-14
31.689001502682878,-41.2722199340479,34.80683156231648,0.951313451572319,-0.32089777109507056,4.631421921429786e-14
31.685538299274462,-41.26257291126193,34.80677599562476,0.9512300863258176,-0.32107706828647414,2.947268495455318e-14
31.682075881692555,-41.252925837707394,34.80672033510525,0.9511467189723479,-0.32125630439537045,5.4734986344170195e-14
31.678614249463216,-41.24327871341433,34.80666458067537,0.9510633495264313,-0.32143547942288175,3.789345208442552e-14
31.675153402112887,-41.23363153841266,34.80660873225253,0.9509799780025835,-0.32161459337012394,1.6841534259744676e-14
31.671693339168375,-41.2239843127325,34.80655278975417,0.9508966044153112,-0.3217936462382048,5.894536990910637e-14
31.66823406015678,-41.21433703640371,34.80649675309771,0.9508132287791153,-0.3219726380282263,3.789345208442552e-14
31.66477556460558,-41.20468970945625,34.80644062220058,0.950729851108491,-0.32215156874128437,2.947268495455318e-14
31.661317852042597,-41.19504233192001,34.8063843969802,0.9506464714179246,-0.32233043837846664,4.631421921429786e-14
31.657860921995994,-41.18539490382488,34.80632807735398,0.9505630897218973,-0.32250924694085525,4.210383564936169e-14
31.654404773994287,-41.175747425200704,34.80627166323936,0.9504797060348824,-0.3226879944295252,3.368306851948935e-14
31.650949407566337,-41.166099896077334,34.80621515455376,0.950396320371347,-0.3228666808455446,3.789345208442552e-14
31.64749482224136,-41.15645231648456,34.806158551214594,0.9503129327457518,-0.32304530618997496,2.947268495455318e-14
31.644041017548886,-41.146804686452185,34.8061018531393,0.9502295431725494,-0.32322387046387135,4.631421921429786e-14
31.64058799301883,-41.13715700600996,34.80604506024529,0.950146151666187,-0.3234023736682816,1.2631150694808506e-14
31.6371357481814,-41.127509275187585,34.805988172449986,0.9500627582411044,-0.3235808158042478,8.420767129872338e-15
31.633684282567238,-41.11786149401486,34.80593118967082,0.9499793629117348,-0.32375919687280363,5.894536990910637e-14
31.63023359570724,-41.10821366252145,34.80587411182522,0.9498959656925042,-0.3239375168749775,4.210383564936169e-14
31.626783687132683,-41.09856578073699,34.805816938830596,0.9498125665978329,-0.3241157758117913,3.789345208442552e-14
31.623334556375188,-41.08891784869115,34.80575967060438,0.949729165642133,-0.3242939736842593,3.368306851948935e-14
31.619886202966722,-41.079269866413554,34.805702307063996,0.9496457628398113,-0.3244721104933897,6.315575347404254e-14
