galstreams/tracks/track.st.Orphan-Chenab.shipp2019.ecsv
# %ECSV 0.9
# ---
# datatype:
# - {name: ra, unit: deg, datatype: float64}
# - {name: dec, unit: deg, datatype: float64}
# - {name: distance, unit: kpc, datatype: float64}
# - {name: pm_ra_cosdec, unit: mas / yr, datatype: float64}
# - {name: pm_dec, unit: mas / yr, datatype: float64}
# - {name: radial_velocity, unit: km / s, datatype: float64}
# delimiter: ','
# meta: !!omap
# - __serialized_columns__:
#     dec:
#       __class__: astropy.coordinates.angles.Latitude
#       unit: &id001 !astropy.units.Unit {unit: deg}
#       value: !astropy.table.SerializedColumn {name: dec}
#     distance:
#       __class__: astropy.coordinates.distances.Distance
#       unit: !astropy.units.Unit {unit: kpc}
#       value: !astropy.table.SerializedColumn {name: distance}
#     pm_dec:
#       __class__: astropy.units.quantity.Quantity
#       unit: !astropy.units.Unit {unit: mas / yr}
#       value: !astropy.table.SerializedColumn {name: pm_dec}
#     pm_ra_cosdec:
#       __class__: astropy.units.quantity.Quantity
#       unit: !astropy.units.Unit {unit: mas / yr}
#       value: !astropy.table.SerializedColumn {name: pm_ra_cosdec}
#     ra:
#       __class__: astropy.coordinates.angles.Longitude
#       unit: *id001
#       value: !astropy.table.SerializedColumn {name: ra}
#       wrap_angle: !astropy.coordinates.Angle
#         unit: *id001
#         value: 360.0
#     radial_velocity:
#       __class__: astropy.units.quantity.Quantity
#       unit: !astropy.units.Unit {unit: km / s}
#       value: !astropy.table.SerializedColumn {name: radial_velocity}
# schema: astropy-2.0
ra,dec,distance,pm_ra_cosdec,pm_dec,radial_velocity
[from data line 410]
324.42549406949496,-55.01774999952962,39.8000000000006,0.26815584448738183,-2.6162933976010256,1.6955719862025744e-09
324.4316931183384,-55.00836281335265,39.800000000000594,0.26845192391767103,-2.6157517915493673,1.6883638095394039e-09
324.43789512257615,-54.99897690051372,39.80000000000058,0.2687478459194521,-2.615209852697635,1.681222999013272e-09
324.44410008106007,-54.98959226037575,39.80000000000059,0.2690436102557523,-2.61466758107856,1.6739811392815818e-09
324.4503079926438,-54.980208892301576,39.80000000000058,0.2693392166897056,-2.6141249767249723,1.6669413779610087e-09
324.45651885618304,-54.97082679565376,39.800000000000566,0.26963466498456223,-2.613582039669789,1.6597668843663573e-09
324.4627326705353,-54.96144596979483,39.80000000000056,0.2699299549036721,-2.61303876994602,1.6526934399772646e-09
324.46894943456016,-54.952066414087014,39.80000000000056,0.2702250862105029,-2.61249516758677,1.6456199955881718e-09
324.4751691471191,-54.942688127892325,39.80000000000055,0.27052005866862505,-2.611951232625233,1.638613917336118e-09
324.48139180707557,-54.93331111057276,39.800000000000544,0.27081487204172217,-2.6114069650947,1.6315741560155447e-09
324.4876174132948,-54.923935361489995,39.80000000000053,0.27110952609358263,-2.6108623650285483,1.6247364931060884e-09
324.4938459646442,-54.91456088000549,39.80000000000052,0.2714040205881103,-2.610317432460252,1.617831464059593e-09
324.5000774599928,-54.90518766548072,39.80000000000052,0.27169835528930497,-2.6097721674233747,1.6108590688760588e-09
324.5063118982117,-54.8958157172768,39.80000000000051,0.2719925299612871,-2.6092265699515726,1.604055089035122e-09
324.5125492781741,-54.886445034754665,39.8000000000005,0.2722865443682835,-2.6086806400785956,1.5972847922627045e-09
324.5187895987548,-54.87707561727523,39.800000000000495,0.27258039827462277,-2.6081343778382835,1.5905144954902873e-09
324.52503285883057,-54.86770746419909,39.80000000000049,0.27287409144474617,-2.6075877832645675,1.5836768325808308e-09
324.5312790572803,-54.858340574886704,39.80000000000049,0.27316762364320235,-2.607040856391473,1.5770412680824916e-09
324.5375281929845,-54.848974948698284,39.80000000000049,0.273460994634649,-2.606493597253115,1.5702709713100742e-09
324.5437802648258,-54.83961058499405,39.80000000000047,0.2737542041838471,-2.6059460058837036,1.5637027729487738e-09
324.55003527168867,-54.83024748313385,39.800000000000466,0.2740472520556728,-2.6053980823175356,1.5571008915189538e-09
324.5562932124593,-54.8208856424774,39.80000000000046,0.2743401380151017,-2.6048498265890028,1.5504990100891338e-09
324.562554086026,-54.811525062384376,39.80000000000046,0.27463286182722146,-2.604301238732587,1.5439308117278334e-09
324.5688178912788,-54.8021657422141,39.800000000000445,0.27492542325722535,-2.6037523187828637,1.5373962964350525e-09
324.5750846271098,-54.79280768132575,39.80000000000044,0.2752178220704181,-2.6032030667744963,1.5308280980737521e-09
324.58135429241264,-54.783450879078465,39.800000000000445,0.27551005803220274,-2.602653482742243,1.5244283150550492e-09
324.5876268860831,-54.77409533483106,39.80000000000043,0.27580213090809547,-2.6021035667209524,1.5179948489678266e-09
324.59390240701896,-54.76474104794223,39.800000000000416,0.2760940404637219,-2.6015533187455624,1.511628749017643e-09
324.60018085411957,-54.75538801777043,39.800000000000416,0.2763857864648104,-2.6010027388511046,1.5051952829304207e-09
324.6064622262861,-54.74603624367413,39.80000000000041,0.2766773686771927,-2.6004518270727,1.4988965491172763e-09
324.61274652242184,-54.73668572501143,39.8000000000004,0.2769687868668136,-2.599900583445563,1.4925978153041316e-09
324.61903374143196,-54.72733646114027,39.800000000000395,0.277260040799724,-2.599349008004997,1.4863327645595067e-09
324.6253238822231,-54.7179884514186,39.800000000000395,0.2775511302420728,-2.598797100786396,1.4801013968834011e-09
324.6316169437041,-54.70864169520398,39.80000000000038,0.2778420549601264,-2.598244861825246,1.4738363461387761e-09
324.63791292478555,-54.699296191853875,39.80000000000039,0.2781328147202501,-2.597692291157126,1.4676723445997095e-09
324.6442118243798,-54.68995194072566,39.800000000000374,0.2784234092889173,-2.597139388817702,1.461575709197682e-09
324.65051364140123,-54.68060894117646,39.80000000000036,0.27871383843270936,-2.596586154842732,1.4555464399326934e-09
324.65681837476575,-54.6712671925632,39.80000000000036,0.27900410191830816,-2.596032589268066,1.4494498045306658e-09
324.66312602339144,-54.66192669424264,39.80000000000035,0.27929419951250745,-2.5954786921296433,1.4434205352656771e-09
324.66943658619795,-54.652587445571484,39.800000000000345,0.2795841309822036,-2.594924463463496,1.4373238998636496e-09
324.67575006210694,-54.643249445906164,39.80000000000035,0.2798738960943967,-2.5943699033057435,1.4313956798042196e-09
324.68206645004165,-54.633912694602905,39.80000000000033,0.2801634946161967,-2.593815011692598,1.4255011428133089e-09
324.68838574892743,-54.62457719101789,39.80000000000033,0.2804529263148149,-2.5932597886603617,1.4195392396853593e-09
324.6947079576912,-54.61524293450705,39.800000000000324,0.2807421909575707,-2.592704234245427,1.4136447026944486e-09
324.7010330752619,-54.6059099244261,39.80000000000032,0.2810312883118884,-2.5921483484842756,1.4078512149090966e-09
324.7073611005701,-54.59657816013073,39.80000000000031,0.2813202181452952,-2.591592131413482,1.4019903609867053e-09
324.7136920325482,-54.58724764097635,39.80000000000031,0.28160898022542213,-2.5910355830697087,1.3961295070643142e-09
324.7200258701305,-54.57791836631822,39.80000000000031,0.28189757432001095,-2.590478703489709,1.39047075155304e-09
324.72636261225296,-54.56859033551141,39.800000000000296,0.2821860001969023,-2.58992149271033,1.3847109468362072e-09
324.7327022578536,-54.55926354791094,39.80000000000029,0.28247425762404565,-2.5893639507684996,1.379052191324933e-09
324.7390448058718,-54.549938002871535,39.80000000000029,0.28276234636949027,-2.588806077701246,1.3733597527451393e-09
324.74539025524916,-54.54061369974775,39.80000000000028,0.28305026620139917,-2.58824787354568,1.3678020464394236e-09
324.7517386049288,-54.53129063789413,39.800000000000274,0.28333801688802585,-2.5876893383390076,1.36210960785963e-09
324.7580898538556,-54.521968816664916,39.80000000000026,0.283625598197739,-2.587130472118522,1.356619267690953e-09
324.76444400097654,-54.51264823541413,39.80000000000027,0.28391300989901014,-2.5865712749216048,1.351162610590796e-09
324.7708010452399,-54.50332889349585,39.80000000000026,0.2842002517604081,-2.5860117467857298,1.3456385873535997e-09
324.777160985596,-54.49401079026377,39.80000000000026,0.28448732355061235,-2.5854518877484605,1.3401145641164034e-09
324.7835238209971,-54.484693925071554,39.80000000000025,0.2847742250384052,-2.584891697847449,1.3347252731532851e-09
324.7898895503969,-54.47537829727256,39.80000000000023,0.28506095599267234,-2.584331177120439,1.3293022991216474e-09
324.7962581727509,-54.46606390622022,39.800000000000246,0.2853475161824016,-2.5837703256052573,1.3240140573640874e-09
324.80262968701646,-54.45675075126756,39.80000000000023,0.28563390537668354,-2.5832091433398294,1.3185574002639302e-09
324.80900409215286,-54.447438831767556,39.800000000000225,0.2859201233447184,-2.582647630362164,1.3133365246434093e-09
324.8153813871207,-54.43812814707305,39.80000000000022,0.2862061698558015,-2.58208578671036,1.3080145998173301e-09
324.8217615708827,-54.428818696536695,39.80000000000022,0.28649204467933764,-2.5815236124226093,1.3027937241968092e-09
324.82814464240323,-54.41951047951087,39.80000000000021,0.28677774758483354,-2.5809611075371874,1.2976738977818469e-09
324.8345306006482,-54.41020349534801,39.8000000000002,0.28706327834189505,-2.580398272092463,1.2924193390928065e-09
324.8409194445856,-54.40089774340023,39.8000000000002,0.2873486367202387,-2.579835106126893,1.2873331957463636e-09
324.84731117318483,-54.39159322301953,39.8000000000002,0.2876338224896744,-2.5792716096790227,1.2822133693314013e-09
324.85370578541733,-54.38228993355767,39.800000000000196,0.2879188354201263,-2.5787077827874882,1.2771272259849583e-09
324.86010328025594,-54.372987874366466,39.80000000000019,0.2882036752816094,-2.5781436254910126,1.2720410826385154e-09
324.8665036566755,-54.363687044797366,39.80000000000019,0.28848834184425076,-2.5775791378284083,1.267055988497631e-09
324.8729069136524,-54.354387444201684,39.800000000000175,0.288772834878275,-2.5770143198385784,1.2620708943567466e-09
324.87931305016485,-54.345089071930715,39.80000000000017,0.28905715415401234,-2.5764491715605113,1.2571531663529011e-09
324.8857220651926,-54.33579192733547,39.80000000000017,0.28934129944189013,-2.5758836930332887,1.2521343891434973e-09
324.8921339577175,-54.32649600976677,39.80000000000015,0.28962527051244513,-2.575317884296077,1.2472166611396518e-09
324.89854872672265,-54.31720131857546,39.80000000000016,0.2899090671363115,-2.5747517453881317,1.2425010315469233e-09
324.90496637119304,-54.30790785311204,39.80000000000015,0.290192689084225,-2.5741852763488025,1.2375833035430778e-09
324.9113868901156,-54.298615612726934,39.80000000000015,0.2904761361270296,-2.5736184772175186,1.2327666247447908e-09
324.91781028247846,-54.28932459677037,39.80000000000014,0.2907594080356648,-2.573051348033805,1.2281183612891013e-09
324.9242365472719,-54.280034804592525,39.80000000000014,0.2910425045811712,-2.572483888837273,1.2233690486278534e-09
324.93066568348763,-54.27074623554331,39.80000000000014,0.2913254255346972,-2.5719160996676207,1.2186534190351247e-09
324.93709769011923,-54.26145888897244,39.800000000000125,0.29160817066749267,-2.5713479805646355,1.2139377894423962e-09
324.9435325661618,-54.25217276422969,39.80000000000012,0.2918907397509014,-2.570779531568194,1.2093568921237457e-09
324.94997031061223,-54.24288786066449,39.800000000000125,0.2921731325563759,-2.5702107527182596,1.2048096778736147e-09
324.95641092246905,-54.2336041776261,39.80000000000011,0.29245534885546776,-2.5696416440548853,1.2002624636234836e-09
324.9628544007324,-54.22432171446379,39.80000000000011,0.2927373884198294,-2.5690722056182107,1.1957152493733526e-09
324.9693007444043,-54.21504047052655,39.80000000000011,0.2930192510212145,-2.568502437448465,1.191201718191741e-09
324.9757499524881,-54.20576044516324,39.800000000000104,0.2933009364314778,-2.5679323395859663,1.1867218700786488e-09
324.9822020239893,-54.19648163772252,39.8000000000001,0.2935824444225831,-2.567361912071116,1.1822757050340763e-09
324.9886569579146,-54.187204047553074,39.8000000000001,0.293863774766579,-2.5667911549444087,1.1778295399895038e-09
324.99511475327256,-54.17792767400324,39.8000000000001,0.29414492723562835,-2.5662200682464222,1.1735517902875285e-09
325.00157540907344,-54.16865251642124,39.80000000000009,0.29442590160199056,-2.5656486520178285,1.1691393083114754e-09
325.0080389243291,-54.159378574155284,39.80000000000008,0.29470669763802504,-2.5650769062993812,1.1649289247465393e-09
325.01450529805305,-54.15010584655327,39.800000000000075,0.29498731511619386,-2.5645048311319245,1.1606174919760446e-09
325.02097452926046,-54.14083433296295,39.800000000000075,0.295267753809059,-2.5639324265563874,1.1564071084111084e-09
325.02744661696806,-54.13156403273211,39.80000000000007,0.29554801348927917,-2.5633596926137923,1.1521967248461723e-09
325.0339215601944,-54.12229494520817,39.80000000000007,0.29582809392961923,-2.5627866293452417,1.1479189751441972e-09
325.04039935795953,-54.1130270697385,39.80000000000006,0.29610799490294215,-2.5622132367919335,1.1437422746477804e-09
325.04688000928525,-54.10376040567028,39.800000000000054,0.2963877161822132,-2.5616395149951456,1.1397003064254418e-09
325.0533635131948,-54.09449495235066,39.800000000000054,0.2966672575404925,-2.5610654639962482,1.1356246551345835e-09
325.0598498687133,-54.08523070912648,39.800000000000054,0.2969466187509434,-2.5604910838366974,1.1316163699807644e-09
325.0663390748673,-54.075967675344465,39.80000000000005,0.2972257995868337,-2.5599163745580356,1.127540718689906e-09
325.07283113068496,-54.06670585035134,39.80000000000004,0.2975047998215211,-2.5593413362018937,1.1235661166046064e-09
325.07932603519635,-54.05744523349352,39.80000000000003,0.29778361922847285,-2.55876596880999,1.119625197587826e-09
325.08582378743284,-54.04818582411726,39.80000000000004,0.2980622575812526,-2.5581902724241283,1.1156842785710458e-09
325.09232438642755,-54.03892762156885,39.800000000000026,0.2983407146535205,-2.557614247086201,1.1117770426227851e-09
325.0988278312151,-54.02967062519428,39.800000000000026,0.29861899021903954,-2.557037892838186,1.1079371728115633e-09
325.10533412083197,-54.0204148343394,39.800000000000026,0.2988970840516729,-2.556461209722149,1.1040299368633025e-09
325.1118432543161,-54.011160248349924,39.800000000000026,0.2991749959253861,-2.5558841977802436,1.1003584823946781e-09
325.11835523070687,-54.00190686657153,39.80000000000002,0.29945272561423275,-2.555306857054709,1.0965859787204954e-09
325.1248700490455,-53.99265468834962,39.80000000000001,0.2997302728923783,-2.554729187587872,1.092847158114832e-09
325.1313877083748,-53.98340371302943,39.80000000000001,0.3000076375340812,-2.554151189422143,1.0891083375091687e-09
325.137908207739,-53.97415393995625,39.8,0.3002848193136991,-2.553572862600026,1.085403199972025e-09
325.14443154618397,-53.96490536847502,39.800000000000004,0.30056181800568993,-2.552994207164103,1.0818327947089591e-09
325.15095772275737,-53.95565799793058,39.8,0.3008386333846134,-2.5524152231570487,1.0781950233088542e-09
325.1574867365082,-53.94641182766774,39.79999999999999,0.3011152652251222,-2.5518359106216244,1.0746919841828272e-09
325.16401858648715,-53.93716685703103,39.8,0.30139171330197284,-2.551256269600672,1.071087895851242e-09
325.1705532717464,-53.927923085364924,39.8,0.30166797739001666,-2.550676300137127,1.067652222862254e-09
325.17709079134005,-53.91868051201364,39.79999999999999,0.30194405726420964,-2.5500960022740085,1.0641491837362271e-09
325.1836311443233,-53.90943913632145,39.79999999999998,0.30221995269960134,-2.5495153760544174,1.0607135107472393e-09
325.19017432975306,-53.90019895763233,39.79999999999998,0.3024956634713384,-2.5489344215215484,1.0572778377582512e-09
325.1967203466881,-53.89095997529008,39.79999999999997,0.3027711893546742,-2.5483531387186784,1.0538084817007439e-09
325.20326919418835,-53.88172218863857,39.79999999999997,0.30304653012494975,-2.54777152768917,1.0504738579173143e-09
325.2098208713155,-53.872485597021324,39.799999999999976,0.30332168555761074,-2.5471895884764737,1.047139234133885e-09
325.216375377133,-53.86325019978177,39.799999999999955,0.3035966554282047,-2.546607321124126,1.0439393426245334e-09
325.22293271070544,-53.85401599626331,39.79999999999997,0.30387143951236883,-2.5460247256757453,1.0407057680466626e-09
325.22949287109924,-53.84478298580905,39.79999999999996,0.3041460375858433,-2.5454418021750422,1.0374048273317525e-09
325.2360558573822,-53.83555116776206,39.79999999999996,0.304420449424464,-2.54485855066581,1.0341712527538817e-09
325.242621668624,-53.826320541465186,39.799999999999955,0.3046946748041723,-2.5442749711919257,1.0310724104500886e-09
325.24919030389543,-53.81709110626129,39.79999999999995,0.30496871350099564,-2.5436910637973567,1.028007251214815e-09
325.255761762269,-53.80786286149293,39.799999999999955,0.30524256529106464,-2.5431068285261538,1.024841042773983e-09
325.262336042819,-53.79863580650255,39.79999999999995,0.3055162299506136,-2.5425222654224524,1.0217085174016706e-09
325.26891314462085,-53.78940994063262,39.79999999999993,0.30578970725596444,-2.5419373745304763,1.018710724303436e-09
325.2754930667518,-53.78018526322529,39.79999999999995,0.3060629969835429,-2.54135215589453,1.0158139804107599e-09
325.2820758082905,-53.77096177362258,39.79999999999994,0.30633609890987135,-2.5407666095590096,1.0128498703810448e-09
325.2886613683171,-53.76173947116653,39.799999999999926,0.3066090128115687,-2.5401807355683927,1.0098183942142908e-09
