galstreams/tracks/track.st.Pal5.ibata2024.ecsv
# %ECSV 1.0
# ---
# datatype:
# - {name: ra, unit: deg, datatype: float64}
# - {name: dec, unit: deg, datatype: float64}
# - {name: distance, unit: kpc, datatype: float64}
# - {name: pm_ra_cosdec, unit: mas / yr, datatype: float64}
# - {name: pm_dec, unit: mas / yr, datatype: float64}
# - {name: radial_velocity, unit: km / s, datatype: float64}
# delimiter: ','
# meta: !!omap
# - __serialized_columns__:
#     dec:
#       __class__: astropy.coordinates.angles.Latitude
#       unit: &id001 !astropy.units.Unit {unit: deg}
#       value: !astropy.table.SerializedColumn {name: dec}
#     distance:
#       __class__: astropy.coordinates.distances.Distance
#       unit: !astropy.units.Unit {unit: kpc}
#       value: !astropy.table.SerializedColumn {name: distance}
#     pm_dec:
#       __class__: astropy.units.quantity.Quantity
#       unit: !astropy.units.Unit {unit: mas / yr}
#       value: !astropy.table.SerializedColumn {name: pm_dec}
#     pm_ra_cosdec:
#       __class__: astropy.units.quantity.Quantity
#       unit: !astropy.units.Unit {unit: mas / yr}
#       value: !astropy.table.SerializedColumn {name: pm_ra_cosdec}
#     ra:
#       __class__: astropy.coordinates.angles.Longitude
#       unit: *id001
#       value: !astropy.table.SerializedColumn {name: ra}
#       wrap_angle: !astropy.coordinates.Angle
#         unit: *id001
#         value: 360.0
#     radial_velocity:
#       __class__: astropy.units.quantity.Quantity
#       unit: !astropy.units.Unit {unit: km / s}
#       value: !astropy.table.SerializedColumn {name: radial_velocity}
# schema: astropy-2.0
ra,dec,distance,pm_ra_cosdec,pm_dec,radial_velocity
[from data line 2681]
241.46473620561358,7.06193610279442,0.9999999999999997,-2.6433711857760693,-2.2426298146950963,-57.53625399890065
241.4738226849265,7.066404917360519,0.9999999999999996,-2.6431319264287216,-2.2427584556607085,-57.5424182088261
241.48290923042933,7.070873713223747,0.9999999999999997,-2.6428921682296855,-2.2428878722920196,-57.548585530003535
241.49199584100614,7.075342492155502,0.9999999999999994,-2.642651910701708,-2.2430180649102724,-57.554755953580546
241.50108251554119,7.079811255927278,0.9999999999999996,-2.642411153367608,-2.2431490338368207,-57.56092947070479
241.51016925291876,7.084280006310709,0.9999999999999997,-2.6421698957503006,-2.2432807793931255,-57.56710607252388
241.51925605202345,7.088748745077527,0.9999999999999998,-2.641928137372752,-2.243413301900755,-57.573285750185484
241.52834291173963,7.093217473999587,0.9999999999999996,-2.6416858777580834,-2.2435466016813876,-57.579468494837165
241.53742983095225,7.0976861948488565,0.9999999999999999,-2.641443116429416,-2.2436806790568076,-57.58565429762667
241.54651680854602,7.1021549093974246,0.9999999999999996,-2.6411998529100247,-2.243815534348909,-57.5918431497015
241.55560384340598,7.106623619417492,0.9999999999999997,-2.640956086723218,-2.243951167879692,-57.5980350422094
241.56469093441714,7.1110923266813755,0.9999999999999997,-2.6407118173924373,-2.244087579971268,-57.60422996629792
241.5737780804648,7.115561032961514,0.9999999999999998,-2.6404670444411793,-2.2442247709458556,-57.61042791311474
241.58286528043428,7.120029740030457,0.9999999999999997,-2.6402217673930224,-2.244362741125779,-57.6166288738075
241.59195253321096,7.124498449660879,0.9999999999999996,-2.6399759857716703,-2.2445014908334766,-57.62283283952376
241.60103983768053,7.128967163625562,0.9999999999999997,-2.6397296991008528,-2.2446410203914886,-57.62903980141123
241.61012719272878,7.133435883697417,0.9999999999999997,-2.6394829069044117,-2.244781330122465,-57.635249750617554
241.61921459724144,7.137904611649463,0.9999999999999996,-2.6392356087063025,-2.2449224203491727,-57.6414626782903
241.6283020501044,7.142373349254842,0.9999999999999999,-2.638987804030547,-2.245064291394475,-57.647678575577125
241.63738955020398,7.146842098286813,0.9999999999999997,-2.6387394924012177,-2.2452069435813526,-57.65389743362567
241.6464770964263,7.151310860518749,0.9999999999999997,-2.638490673342513,-2.2453503772328913,-57.66011924358361
241.6555646876577,7.155779637724152,0.9999999999999997,-2.6382413463787096,-2.2454945926722836,-57.66634399659849
241.66465232278463,7.160248431676631,0.9999999999999997,-2.63799151103418,-2.245639590222837,-57.672571683818
241.67374000069378,7.164717244149923,0.9999999999999996,-2.6377411668333477,-2.2457853702079618,-57.67880229638973
241.68282772027186,7.169186076917877,0.9999999999999997,-2.637490313300748,-2.24593193295118,-57.68503582546139
241.69191548040567,7.173654931754463,0.9999999999999994,-2.637238949961013,-2.246079278776125,-57.69127226218053
241.7010032799824,7.178123810433777,0.9999999999999996,-2.6369870763388064,-2.2462274080065288,-57.697511597694856
241.7100911178889,7.182592714730021,0.9999999999999998,-2.6367346919589587,-2.246376320966246,-57.70375382315193
241.7191789930126,7.187061646417532,0.9999999999999998,-2.6364817963463243,-2.2465260179792326,-57.70999892969943
241.72826690424085,7.191530607270764,0.9999999999999994,-2.636228389025863,-2.2466764993695536,-57.716246908484976
241.73735485046117,7.195999599064272,0.9999999999999996,-2.6359744695226066,-2.2468277654613877,-57.72249775065622
241.7464428305612,7.200468623572759,0.9999999999999997,-2.635720037361699,-2.2469798165790147,-57.72875144736076
241.7555308434286,7.204937682571028,0.9999999999999996,-2.6354650920683724,-2.247132653046834,-57.73500798974625
241.76461888795146,7.209406777834015,0.9999999999999997,-2.6352096331678965,-2.247286275189344,-57.741267368960315
241.77370696301762,7.2138759111367685,0.9999999999999998,-2.634953660185685,-2.2474406833311598,-57.74752957615061
241.78279506751534,7.218345084254468,0.9999999999999997,-2.6346971726472046,-2.247595877797004,-57.75379460246472
241.79188320033293,7.2228142989624,0.9999999999999998,-2.6344401700780127,-2.2477518589117063,-57.76006243905034
241.8009713603588,7.2272835570359835,0.9999999999999998,-2.6341826520037475,-2.247908627000208,-57.76633307705504
241.8100595464814,7.231752860250757,0.9999999999999996,-2.633924617950171,-2.248066182387559,-57.77260650762649
241.81914775758958,7.236222210382376,0.9999999999999998,-2.6336660674430608,-2.2482245253989186,-57.77888272191233
241.82823599257208,7.240691609206623,0.9999999999999997,-2.6334070000083454,-2.2483836563595583,-57.78516171106019
241.8373242503178,7.2451610584993995,0.9999999999999997,-2.6331474151720133,-2.248543575594855,-57.79144346621767
241.84641252971588,7.249630560036735,0.9999999999999998,-2.6328873124601477,-2.248704283430297,-57.797727978532436
241.8555008296555,7.25410011559477,0.9999999999999997,-2.632626691398895,-2.248865780191484,-57.80401523915212
241.86458914902605,7.258569726949781,0.9999999999999996,-2.632365551514513,-2.249028066204124,-57.81030523922433
241.873677486717,7.263039395878153,0.9999999999999997,-2.6321038923333298,-2.2491911417940336,-57.816597969896726
241.88276584161787,7.267509124156411,0.9999999999999998,-2.6318417133817875,-2.24935500728714,-57.822893422316916
241.8918542126185,7.271978913561187,0.9999999999999997,-2.6315790141863666,-2.249519663009484,-57.82919158763258
241.90094259860882,7.276448765869248,0.9999999999999997,-2.631315794273669,-2.249685109287209,-57.83549245699129
241.91003099847867,7.280918682857479,0.9999999999999996,-2.6310520531703863,-2.249851346446574,-57.84179602154069
241.91911941111832,7.285388666302886,0.9999999999999996,-2.630787790403282,-2.250018374813948,-57.84810227242846
241.92820783541805,7.289858717982604,0.9999999999999997,-2.6305230054991897,-2.2501861947158064,-57.85441120080219
241.93729627026818,7.29432883967389,0.9999999999999996,-2.6302576979850802,-2.250354806478738,-57.86072279780952
241.9463847145594,7.298799033154123,0.9999999999999997,-2.6299918673879374,-2.2505242104294387,-57.8670370545981
241.95547316718228,7.3032693002008156,0.9999999999999996,-2.6297255132349147,-2.250694406894719,-57.873353962315555
241.96456162702765,7.307739642591594,0.9999999999999996,-2.629458635053192,-2.2508653962014953,-57.879673512109505
241.97365009298647,7.312210062104214,0.9999999999999998,-2.62919123237005,-2.251037178676795,-57.8859956951276
241.9827385639499,7.3166805605165575,0.9999999999999996,-2.628923304712867,-2.251209754647759,-57.89232050251745
241.9918270388091,7.321151139606623,0.9999999999999998,-2.628654851609091,-2.251383124441634,-57.89864792542673
242.00091551645545,7.32562180115255,0.9999999999999997,-2.6283858725862745,-2.251557288385782,-57.90497795500301
242.01000399578047,7.330092546932588,0.9999999999999997,-2.6281163671720433,-2.25173224680767,-57.91131058239402
242.0190924756757,7.334563378725122,0.9999999999999998,-2.627846334894127,-2.2519080000348812,-57.91764579874726
242.02818095503304,7.339034298308662,0.9999999999999997,-2.6275757752803104,-2.2520845483951035,-57.923983595210466
242.0372694327443,7.343505307461833,0.9999999999999997,-2.6273046878584925,-2.2522618922161395,-57.93032396293123
242.04635790770158,7.347976407963401,0.9999999999999996,-2.627033072156652,-2.252440031825902,-57.93666689305721
242.055446378797,7.352447601592249,0.9999999999999997,-2.62676092770286,-2.2526189675524133,-57.94301237673601
242.06453484492297,7.356918890127392,0.9999999999999998,-2.6264882540252468,-2.2527986997238054,-57.9493604051153
242.0736233049719,7.361390275347966,0.9999999999999997,-2.6262150506520623,-2.2529792286683223,-57.95571096934267
242.08271175783636,7.3658617590332405,0.9999999999999996,-2.625941317111627,-2.25316055471432,-57.96206406056578
242.09180020240913,7.370333342962606,0.9999999999999997,-2.6256670529323562,-2.2533426781902657,-57.96841966993225
242.1008886375831,7.374805028915583,0.9999999999999998,-2.625392257642727,-2.2535255994247305,-57.974777788589726
242.10997706225118,7.379276818671821,0.9999999999999997,-2.6251169307713558,-2.253709318746406,-57.98113840768583
242.11906547530663,7.383748714011092,0.9999999999999997,-2.6248410718468906,-2.2538938364840893,-57.987501518368184
242.12815387564268,7.388220716713298,0.9999999999999997,-2.624564680398091,-2.2540791529666904,-57.99386711178445
242.13724226215277,7.392692828558476,0.9999999999999998,-2.6242877559538105,-2.2542652685232287,-58.000235179082246
242.1463306337305,7.397165051326781,0.9999999999999997,-2.6240102980429647,-2.2544521834828353,-58.0066057114092
242.15541898926955,7.401637386798501,0.9999999999999996,-2.6237323061945843,-2.2546398981747515,-58.01297869991296
242.16450732766373,7.406109836754049,0.9999999999999997,-2.6234537799377775,-2.254828412928333,-58.01935413574113
242.17359564780713,7.410582402973972,0.9999999999999997,-2.6231747188017187,-2.2550177280730437,-58.025732010041374
242.18268394859382,7.415055087238946,0.9999999999999997,-2.622895122315697,-2.2552078439384586,-58.03211231396133
242.19177222891804,7.419527891329764,0.9999999999999997,-2.622614990009082,-2.2553987608542667,-58.038495038648584
242.20086048767425,7.424000817027366,0.9999999999999998,-2.622334321411324,-2.2555904791502646,-58.044880175250825
242.20994872375698,7.428473866112815,0.9999999999999996,-2.622053116051954,-2.2557829991563634,-58.05126771491565
242.219036936061,7.432947040367291,0.9999999999999997,-2.6217713734605956,-2.255976321202582,-58.0576576487907
242.22812512348096,7.437420341572118,0.9999999999999997,-2.621489093166995,-2.2561704456190554,-58.064049968023596
242.2372132849121,7.44189377150875,0.9999999999999998,-2.6212062747009064,-2.256365372736025,-58.070444663762025
242.2463014192493,7.446367331958761,0.9999999999999997,-2.6209229175922517,-2.256561102883851,-58.076841727153536
242.25538952538798,7.450841024703861,0.9999999999999997,-2.620639021370987,-2.2567576363929964,-58.08324114934583
242.26447760222348,7.455314851525895,0.9999999999999997,-2.620354585567187,-2.2569549735940404,-58.08964292148651
242.27356564865136,7.4597888142068305,0.9999999999999998,-2.6200696097109932,-2.2571531148176742,-58.096047034723206
242.2826536635673,7.464262914528769,0.9999999999999997,-2.619784093332645,-2.257352060394699,-58.10245348020357
242.29174164586712,7.468737154273946,0.9999999999999998,-2.6194980359624647,-2.2575518106560297,-58.10886224907522
242.30082959444687,7.473211535224716,0.9999999999999997,-2.6192114371308572,-2.2577523659326912,-58.1152733324858
242.3099175082026,7.477686059163587,0.9999999999999997,-2.6189242963683292,-2.2579537265558187,-58.121686721582925
242.31900538603063,7.482160727873176,0.9999999999999996,-2.6186366132054575,-2.2581558928566627,-58.12810240751423
242.32809322682735,7.486635543136245,0.9999999999999996,-2.618348387172922,-2.258358865166584,-58.134520381427386
242.3371810294893,7.491110506735682,0.9999999999999997,-2.6180596178014737,-2.2585626438170543,-58.140940634469985
242.34626879291318,7.495585620454507,0.9999999999999996,-2.617770304621968,-2.2587672291396608,-58.14736315778966
242.35535651599582,7.500060886075874,0.9999999999999997,-2.617480447165338,-2.2589726214660963,-58.15378794253409
242.36444419763433,7.504536305383074,0.9999999999999997,-2.6171900449625887,-2.259178821128173,-58.160214979850835
242.37353183672565,7.509011880159519,0.9999999999999996,-2.6168990975448585,-2.2593858284578094,-58.16664426088758
242.38261943216725,7.5134876121887615,0.9999999999999997,-2.6166076044433098,-2.2595936437870376,-58.173075776791954
242.39170698285645,7.517963503254489,0.9999999999999997,-2.6163155651892485,-2.259802267448005,-58.179509518711576
242.4007944876908,7.522439555140515,0.9999999999999998,-2.6160229793140433,-2.2600116997729662,-58.185945477794085
242.40988194556806,7.526915769630792,0.9999999999999997,-2.6157298463491543,-2.2602219410942923,-58.192383645187086
242.41896935538617,7.531392148509401,0.9999999999999996,-2.615436165826105,-2.2604329917444623,-58.19882401203828
242.428056716043,7.535868693560556,0.9999999999999997,-2.615141937276565,-2.2606448520560734,-58.205266569495215
242.43714402643687,7.540345406568615,0.9999999999999998,-2.6148471602322116,-2.260857522361829,-58.21171130870562
242.44623128546596,7.54482228931806,0.9999999999999996,-2.614551834224885,-2.261071002994547,-58.21815822081704
242.4553184920287,7.549299343593504,0.9999999999999998,-2.61425595878648,-2.261285294287161,-58.22460729697716
242.4644056450238,7.553776571179706,0.9999999999999998,-2.613959533448967,-2.261500396572712,-58.231058528333584
242.47349274334996,7.558253973861553,0.9999999999999998,-2.613662557744414,-2.2617163101843545,-58.23751190603397
242.48257978590613,7.562731553424063,0.9999999999999999,-2.6133650312049834,-2.2619330354553604,-58.243967421225946
242.4916667715912,7.567209311652394,0.9999999999999996,-2.6130669533629414,-2.2621505727191082,-58.25042506505709
242.50075369930462,7.571687250331835,0.9999999999999996,-2.6127683237505783,-2.2623689223090917,-58.25688482867512
242.5098405679455,7.576165371247816,0.9999999999999997,-2.612469141900354,-2.2625880845589164,-58.263346703227626
242.51892737641344,7.580643676185897,0.9999999999999997,-2.6121694073447603,-2.2628080598023015,-58.26981067986224
242.52801412360802,7.5851221669317725,0.9999999999999997,-2.6118691196164017,-2.263028848373078,-58.276276749726605
242.53710080842913,7.589600845271275,0.9999999999999997,-2.6115682782479457,-2.2632504506051907,-58.28274490396837
242.54618742977664,7.594079712990377,0.9999999999999997,-2.611266882772173,-2.263472866832693,-58.289215133735105
242.55527398655065,7.5985587718751795,0.9999999999999997,-2.610964932721947,-2.263696097389759,-58.29568743017452
242.56436047765143,7.603038023711923,0.9999999999999997,-2.6106624276302037,-2.2639201426106674,-58.30216178443422
242.5734469019793,7.607517470286988,0.9999999999999997,-2.6103593670299947,-2.2641450028298173,-58.308638187661806
242.58253325843486,7.611997113386877,0.9999999999999998,-2.6100557504544337,-2.264370678381714,-58.31511663100494
242.5916195459188,7.616476954798252,0.9999999999999997,-2.6097515774367284,-2.2645971696009806,-58.32159710561127
242.600705763332,7.620956996307889,0.9999999999999997,-2.6094468475101653,-2.264824476822348,-58.32807960262839
242.60979190957536,7.625437239702715,0.9999999999999997,-2.6091415602081494,-2.2650526003806672,-58.334564113203975
242.61887798355002,7.6299176867697955,0.9999999999999998,-2.6088357150641595,-2.265281540610897,-58.341050628485604
242.6279639841575,7.634398339296322,0.9999999999999997,-2.608529311611717,-2.26551129784811,-58.34753913962098
242.63704991029894,7.638879199069629,0.9999999999999997,-2.6082223493845182,-2.265741872427494,-58.35402963775768
242.64613576087615,7.643360267877192,0.9999999999999997,-2.6079148279162783,-2.265973264684348,-58.360522114043356
242.65522153479077,7.647841547506619,0.9999999999999998,-2.607606746740826,-2.2662054749540843,-58.36701655962564
242.66430723094484,7.6523230397456645,0.9999999999999996,-2.6072981053920556,-2.266438503572229,-58.37351296565216
242.6733928482403,7.656804746382205,0.9999999999999997,-2.60698890340399,-2.2666723508744226,-58.38001132327058
242.68247838557934,7.6612866692042765,0.9999999999999996,-2.6066791403107206,-2.2669070171964165,-58.38651162362847
242.69156384186445,7.665768810000034,0.9999999999999997,-2.606368815646409,-2.2671425028740773,-58.39301385787351
242.70064921599808,7.670251170557784,0.9999999999999997,-2.6060579289453183,-2.267378808243386,-58.39951801715333
242.70973450688294,7.674733752665965,0.9999999999999997,-2.605746479741808,-2.2676159336404327,-58.40602409261556
242.71881971342177,7.679216558113158,0.9999999999999996,-2.605434467570327,-2.267853879401426,-58.41253207540783
