galstreams/tracks/track.st.Svol.ibata2021.ecsv
# %ECSV 0.9
# ---
# datatype:
# - {name: ra, unit: deg, datatype: float64}
# - {name: dec, unit: deg, datatype: float64}
# - {name: distance, unit: kpc, datatype: float64}
# - {name: pm_ra_cosdec, unit: mas / yr, datatype: float64}
# - {name: pm_dec, unit: mas / yr, datatype: float64}
# - {name: radial_velocity, unit: km / s, datatype: float64}
# delimiter: ','
# meta: !!omap
# - __serialized_columns__:
#     dec:
#       __class__: astropy.coordinates.angles.Latitude
#       unit: &id001 !astropy.units.Unit {unit: deg}
#       value: !astropy.table.SerializedColumn {name: dec}
#     distance:
#       __class__: astropy.coordinates.distances.Distance
#       unit: !astropy.units.Unit {unit: kpc}
#       value: !astropy.table.SerializedColumn {name: distance}
#     pm_dec:
#       __class__: astropy.units.quantity.Quantity
#       unit: !astropy.units.Unit {unit: mas / yr}
#       value: !astropy.table.SerializedColumn {name: pm_dec}
#     pm_ra_cosdec:
#       __class__: astropy.units.quantity.Quantity
#       unit: !astropy.units.Unit {unit: mas / yr}
#       value: !astropy.table.SerializedColumn {name: pm_ra_cosdec}
#     ra:
#       __class__: astropy.coordinates.angles.Longitude
#       unit: *id001
#       value: !astropy.table.SerializedColumn {name: ra}
#       wrap_angle: !astropy.coordinates.Angle
#         unit: *id001
#         value: 360.0
#     radial_velocity:
#       __class__: astropy.units.quantity.Quantity
#       unit: !astropy.units.Unit {unit: km / s}
#       value: !astropy.table.SerializedColumn {name: radial_velocity}
# schema: astropy-2.0
ra,dec,distance,pm_ra_cosdec,pm_dec,radial_velocity
[from data line 1684]
239.57620983746378,26.759905085030294,7.114881431161001,2.6866968452274262,-5.551316531100669,5.0524602779234026e-14
239.5868369139513,26.757085508657433,7.114111814326364,2.6880785985447475,-5.5527928613295545,1.6841534259744676e-14
239.59746325242034,26.754264522816836,7.113342537395383,2.6894604598284233,-5.554269640469602,-1.6841534259744676e-14
239.60808885332702,26.751442129657228,7.1125736003429445,2.6908424283897165,-5.555746867586137,-1.6841534259744676e-14
239.6187137171283,26.74861833132718,7.111805003143931,2.692224503540191,-5.557224541744279,-1.6841534259744676e-14
239.62933784428196,26.745793129975084,7.111036745773232,2.6936066845916917,-5.558702662008941,3.368306851948935e-14
239.63996123524663,26.742966527749168,7.110268828205734,2.6949889708563535,-5.560181227444832,-2.5262301389617013e-14
239.6505838904818,26.74013852679747,7.109501250416321,2.6963713616466047,-5.56166023711646,3.368306851948935e-14
239.66120581044768,26.73730912926789,7.1087340123798795,2.697753856275172,-5.563139690088118,-7.578690416885104e-14
239.67182699560567,26.73447833730809,7.1079671140712986,2.6991364540550467,-5.564619585423904,-2.5262301389617013e-14
239.68244744641765,26.731646153065626,7.107200555465462,2.7005191542995295,-5.566099922187712,-1.6841534259744676e-14
239.6930671633464,26.728812578687844,7.106434336537253,2.7019019563222155,-5.567580699443225,-5.894536990910637e-14
239.70368614685574,26.725977616321938,7.105668457261563,2.7032848594369683,-5.569061916253927,-2.5262301389617013e-14
239.71430439741013,26.72314126811492,7.104902917613276,2.7046678629579577,-5.5705435716831,-8.420767129872338e-15
239.72492191547494,26.720303536213613,7.10413771756728,2.7060509661996366,-5.572025664793814,2.5262301389617013e-14
239.73553870151633,26.71746442276471,7.103372857098457,2.707434168476751,-5.573508194648948,8.420767129872338e-15
239.74615475600143,26.71462392991468,7.102608336181698,2.7088174691043285,-5.574991160311164,-8.420767129872338e-15
239.75677007939805,26.71178205980985,7.101844154791883,2.7102008673976927,-5.576474560842936,-8.420767129872338e-15
239.7673846721749,26.708938814596383,7.101080312903908,2.7115843626724545,-5.577958395306516,4.210383564936169e-14
239.77799853480158,26.706094196420207,7.10031681049265,2.712967954244509,-5.579442662763974,-2.5262301389617013e-14
239.7886116677485,26.703248207427155,7.099553647532999,2.7143516414300453,-5.580927362277167,-8.420767129872338e-15
239.7992240714869,26.700400849762836,7.098790823999841,2.715735423545541,-5.58241249290775,-4.210383564936169e-14
239.80983574648877,26.697552125572706,7.098028339868062,2.717119299907758,-5.583898053717175,-2.5262301389617013e-14
239.8204466932271,26.69470203700204,7.097266195112548,2.71850326983375,-5.585384043766695,5.0524602779234026e-14
239.83105691217548,26.691850586195944,7.096504389708186,2.7198873326408637,-5.58687046211736,-3.368306851948935e-14
239.84166640380857,26.688997775299338,7.095742923629861,2.721271487646725,-5.588357307830018,-5.0524602779234026e-14
239.8522751686018,26.686143606456987,7.094981796852459,2.7226557341692486,-5.589844579965316,-3.368306851948935e-14
239.8628832070314,26.68328808181346,7.094221009350869,2.724040071526645,-5.591332277583701,-1.6841534259744676e-14
239.87349051957423,26.680431203513184,7.093460561099973,2.72542449903741,-5.592820399745416,-5.894536990910637e-14
239.8840971067085,26.677572973700354,7.092700452074661,2.726809016020319,-5.594308945510507,1.6841534259744676e-14
239.8947029689127,26.674713394519042,7.091940682249818,2.7281936217944502,-5.595797913938815,-7.578690416885104e-14
239.9053081066665,26.67185246811314,7.091181251600327,2.7295783156791535,-5.597287304089988,-8.420767129872338e-14
239.9159125204503,26.668990196626343,7.09042216010108,2.730963096994077,-5.5987771150234655,-8.420767129872338e-15
239.92651621074523,26.66612658220218,7.089663407726958,2.732347965059157,-5.60026734579849,-8.420767129872338e-15
239.93711917803338,26.663261626984017,7.088904994452851,2.7337329191946136,-5.601757995474101,-1.6841534259744676e-14
239.9477214227976,26.66039533311503,7.088146920253643,2.7351179587209526,-5.603249063109146,-5.0524602779234026e-14
239.95832294552167,26.657527702738232,7.087389185104222,2.7365030829589667,-5.604740547762265,-8.420767129872338e-15
239.96892374668994,26.654658737996463,7.086631788979471,2.7378882912297495,-5.606232448491901,-5.0524602779234026e-14
239.97952382678798,26.651788441032345,7.085874731854279,2.7392735828546577,-5.607724764356303,-3.368306851948935e-14
239.99012318630193,26.648916813988386,7.08511801370353,2.740658957155354,-5.609217494413515,0.0
240.00072182571867,26.646043859006877,7.084361634502115,2.742044413453782,-5.610710637721378,-8.420767129872338e-15
240.01131974552612,26.643169578229962,7.083605594224914,2.743429951072175,-5.612204193337545,-6.73661370389787e-14
240.02191694621297,26.640293973799576,7.0828498928468155,2.7448155693330483,-5.613698160319465,-6.73661370389787e-14
240.0325134282687,26.637417047857507,7.08209453034271,2.7462012675592025,-5.615192537724389,0.0
240.0431091921835,26.634538802545354,7.0813395066874785,2.7475870450737343,-5.6166873246093685,0.0
240.05370423844866,26.631659240004552,7.0805848218560055,2.7489729012000206,-5.618182520031261,0.0
240.06429856755597,26.62877836237636,7.079830475823181,2.7503588352617268,-5.619678123046719,1.6841534259744676e-14
240.0748921799983,26.625896171801802,7.079076468563893,2.751744846582797,-5.621174132712202,1.6841534259744676e-14
240.0854850762693,26.623012670421826,7.078322800053026,2.7531309344874755,-5.622670548083977,-8.420767129872338e-15
240.09607725686334,26.620127860377124,7.077569470265463,2.7545170983002807,-5.624167368218107,-8.420767129872338e-15
240.1066687222756,26.617241743808258,7.076816479176092,2.7559033373460253,-5.625664592170455,-6.73661370389787e-14
240.11725947300226,26.614354322855576,7.0760638267598015,2.7572896509497986,-5.627162218996696,-8.420767129872338e-15
240.1278495095401,26.61146559965929,7.075311512991475,2.758676038436989,-5.628660247752302,0.0
240.1384388323869,26.608575576359403,7.0745595378460004,2.760062499133258,-5.630158677492551,-8.420767129872338e-15
240.1490274420411,26.605684255095756,7.073807901298262,2.761449032364562,-5.631657507272523,0.0
240.15961533900204,26.602791638008004,7.073056603323151,2.7628356374571394,-5.633156736147099,-1.6841534259744676e-14
240.1702025237699,26.599897727235657,7.072305643895546,2.764222313737516,-5.634656363170975,-1.6841534259744676e-14
240.18078899684568,26.597002524917983,7.071555022990338,2.7656090605324968,-5.636156387398637,-7.578690416885104e-14
240.1913747587312,26.594106033194123,7.070804740582412,2.7669958771691774,-5.63765680788439,-1.6841534259744676e-14
240.20195980992898,26.591208254203032,7.070054796646655,2.7683827629749422,-5.639157623682324,-8.420767129872338e-15
240.21254415094245,26.588309190083503,7.0693051911579525,2.7697697172774545,-5.640658833846353,-8.420767129872338e-15
240.2231277822759,26.585408842974104,7.068555924091189,2.7711567394046708,-5.642160437430187,-3.368306851948935e-14
240.23371070443437,26.582507215013273,7.067806995421255,2.7725438286848187,-5.643662433487339,3.368306851948935e-14
240.24429291792364,26.579604308339245,7.067058405123033,2.7739309844464257,-5.645164821071129,-8.420767129872338e-15
240.2548744232505,26.57670012509009,7.066310153171411,2.7753182060182957,-5.6466675992346875,-1.6841534259744676e-14
240.26545522092238,26.573794667403686,7.065562239541274,2.7767054927295214,-5.648170767030942,-4.210383564936169e-14
240.27603531144763,26.570887937417748,7.06481466420751,2.7780928439094748,-5.649674323512634,-1.6841534259744676e-14
240.28661469533537,26.567979937269804,7.064067427145003,2.77948025888782,-5.651178267732305,1.6841534259744676e-14
240.29719337309544,26.56507066909721,7.06332052832864,2.780867736994502,-5.652682598742301,-2.5262301389617013e-14
240.30777134523865,26.562160135037136,7.062573967733307,2.7822552775597496,-5.654187315594785,-8.420767129872338e-15
240.31834861227657,26.559248337226588,7.0618277453338925,2.783642879914077,-5.655692417341711,0.0
240.32892517472152,26.556335277802365,7.061081861105279,2.785030543388282,-5.65719790303485,-8.420767129872338e-15
240.33950103308666,26.55342095890113,7.060336315022355,2.7864182673134477,-5.658703771725781,-1.6841534259744676e-14
240.35007618788606,26.550505382659328,7.059591107060006,2.7878060510209415,-5.660210022465882,0.0
240.36065063963437,26.54758855121324,7.058846237193121,2.789193893842414,-5.661716654306341,-3.368306851948935e-14
240.3712243888473,26.544670466698975,7.058101705396581,2.790581795109798,-5.663223666298158,1.6841534259744676e-14
240.38179743604118,26.54175113125247,7.057357511645274,2.7919697541553172,-5.664731057492134,-8.420767129872338e-15
240.39236978173327,26.538830547009454,7.056613655914089,2.793357770311472,-5.666238826938883,-6.73661370389787e-14
240.4029414264416,26.535908716105496,7.05587013817791,2.7947458429110434,-5.667746973688822,-8.420767129872338e-15
240.41351237068494,26.53298564067599,7.055126958411624,2.7961339712871105,-5.669255496792176,-5.0524602779234026e-14
240.424082614983,26.530061322856145,7.054384116590114,2.7975221547730205,-5.670764395298984,1.6841534259744676e-14
240.43465215985614,26.527135764780986,7.053641612688271,2.7989103927024144,-5.672273668259089,4.210383564936169e-14
240.44522100582557,26.52420896858537,7.052899446680978,2.800298684409211,-5.67378331472214,-8.420767129872338e-15
240.45578915341338,26.52128093640396,7.052157618543124,2.801687029227617,-5.6752933337375975,-8.420767129872338e-14
240.4663566031425,26.518351670371256,7.051416128249592,2.803075426492115,-5.676803724354732,-4.210383564936169e-14
240.47692335553648,26.515421172621565,7.0506749757752685,2.8044638755374764,-5.678314485622625,-1.6841534259744676e-14
240.48748941111978,26.51248944528902,7.049934161095041,2.805852375698756,-5.679825616590158,-8.420767129872338e-15
240.49805477041767,26.509556490507578,7.049193684183798,2.807240926311291,-5.681337116306027,-2.5262301389617013e-14
240.50861943395623,26.506622310411007,7.0484535450164225,2.808629526710698,-5.682848983818744,-2.5262301389617013e-14
240.51918340226226,26.503686907132902,7.0477137435678,2.810018176232881,-5.684361218176621,-8.420767129872338e-14
240.5297466758635,26.500750282806678,7.04697427981282,2.8114068742140224,-5.685873818427781,0.0
240.54030925528838,26.49781243956556,7.046235153726365,2.8127956199905904,-5.687386783620164,6.73661370389787e-14
240.55087114106607,26.494873379542618,7.045496365283324,2.8141844128993423,-5.688900112801512,-5.0524602779234026e-14
240.56143233372677,26.49193310487071,7.044757914458582,2.8155732522772965,-5.690413805019384,-3.368306851948935e-14
240.57199283380123,26.48899161768254,7.0440198012270265,2.816962137461779,-5.691927859321143,-3.368306851948935e-14
240.5825526418212,26.4860489201106,7.043282025563542,2.8183510677903816,-5.693442274753967,3.368306851948935e-14
240.593111758319,26.483105014287247,7.042544587443014,2.819740042600988,-5.694957050364846,3.368306851948935e-14
240.60367018382792,26.480159902344614,7.041807486840331,2.821129061231756,-5.696472185200574,-5.0524602779234026e-14
240.61422791888208,26.477213586414678,7.041070723730379,2.8225181230211316,-5.697987678307764,-3.368306851948935e-14
240.62478496401627,26.47426606862923,7.040334298088042,2.8239072273078376,-5.699503528732839,0.0
240.63534131976613,26.471317351119882,7.03959820988821,2.8252963734308842,-5.701019735522025,-6.73661370389787e-14
240.6458969866681,26.468367436018053,7.038862459105763,2.8266855607295565,-5.702536297721376,-3.368306851948935e-14
240.6564519652594,26.465416325454996,7.038127045715593,2.8280747885434296,-5.7040532143767395,-3.368306851948935e-14
240.66700625607808,26.462464021561782,7.037391969692585,2.8294640562123536,-5.705570484533788,-3.368306851948935e-14
240.67755985966284,26.45951052646928,7.036657231011623,2.8308533630764656,-5.707088107237999,-3.368306851948935e-14
240.68811277655345,26.456555842308212,7.035922829647595,2.8322427084761763,-5.708606081534668,-5.0524602779234026e-14
240.6986650072902,26.453599971209087,7.035188765575389,2.833632091752187,-5.710124406468896,1.6841534259744676e-14
240.7092165524143,26.450642915302254,7.034455038769887,2.835021512245474,-5.711643081085607,0.0
240.71976741246777,26.44768467671787,7.033721649205978,2.8364109692972947,-5.713162104429527,1.6841534259744676e-14
240.7303175879933,26.44472525758591,7.032988596858546,2.837800462249196,-5.714681475545198,-1.6841534259744676e-14
240.74086707953455,26.441764660036174,7.032255881702481,2.839189990442992,-5.716201193476982,-3.368306851948935e-14
240.75141588763583,26.43880288619828,7.031523503712664,2.84057955322079,-5.717721257269046,0.0
240.76196401284227,26.435839938201653,7.030791462863986,2.8419691499249726,-5.719241665965374,-1.6841534259744676e-14
240.77251145569983,26.43287581817555,7.030059759131331,2.8433587798982023,-5.72076241860976,-6.73661370389787e-14
240.78305821675528,26.429910528249035,7.029328392489586,2.8447484424834215,-5.72228351424582,3.368306851948935e-14
240.79360429655597,26.426944070551,7.0285973629136365,2.846138137023864,-5.723804951916977,0.0
240.80414969565032,26.42397644721015,7.027866670378368,2.8475278628630303,-5.7253267306664695,-3.368306851948935e-14
240.81469441458742,26.421007660355006,7.0271363148586685,2.848917619344707,-5.726848849537351,-6.73661370389787e-14
240.82523845391714,26.418037712113904,7.026406296329421,2.850307405812959,-5.728371307572491,1.6841534259744676e-14
240.83578181419006,26.415066604615014,7.0256766147655165,2.851697221612139,-5.72989410381457,-3.368306851948935e-14
240.84632449595767,26.412094339986297,7.024947270141838,2.8530870660868715,-5.731417237306089,-3.368306851948935e-14
240.85686649977222,26.40912092035556,7.024218262433272,2.8544769385820614,-5.732940707089353,-3.368306851948935e-14
240.86740782618668,26.406146347850402,7.023489591614706,2.8558668384429002,-5.734464512206498,-5.0524602779234026e-14
240.87794847575492,26.40317062459826,7.022761257661022,2.8572567650148515,-5.735988651699465,1.6841534259744676e-14
240.88848844903137,26.400193752726377,7.022033260547113,2.8586467176436665,-5.7375131246100075,0.0
240.89902774657153,26.397215734361808,7.02130560024786,2.8600366956753707,-5.739037929979704,-3.368306851948935e-14
240.9095663689315,26.39423657163144,7.020578276738152,2.8614266984562695,-5.740563066849942,0.0
240.92010431666822,26.39125626666197,7.0198512899928724,2.86281672533295,-5.742088534261928,1.6841534259744676e-14
240.93064159033935,26.388274821579902,7.019124639986912,2.8642067756522787,-5.7436143312566825,0.0
240.94117819050342,26.385292238511582,7.018398326695151,2.8655968487614,-5.7451404568750455,0.0
240.95171411771963,26.382308519583145,7.01767235009248,2.866986944007744,-5.746666910157673,-8.420767129872338e-14
240.96224937254817,26.379323666920552,7.016946710153785,2.8683770607390047,-5.748193690145031,-3.368306851948935e-14
240.97278395554983,26.37633768264959,7.0162214068539495,2.86976719830317,-5.749720795877414,1.6841534259744676e-14
240.9833178672861,26.373350568895862,7.01549644016786,2.8711573560485055,-5.751248226394921,0.0
240.99385110831943,26.37036232778477,7.014771810070405,2.8725475333235524,-5.752775980737478,-8.420767129872338e-14
241.00438367921302,26.36737296144155,7.01404751653647,2.873937729477123,-5.754304057944825,-6.73661370389787e-14
241.01491558053087,26.364382471991245,7.013323559540941,2.8753279438583235,-5.755832457056515,0.0
241.0254468128375,26.361390861558707,7.012599939058704,2.876718175816532,-5.757361177111923,-6.73661370389787e-14
241.0359773766986,26.358398132268633,7.011876655064646,2.878108424701401,-5.758890217150245,-3.368306851948935e-14
241.04650727268037,26.355404286245513,7.011153707533651,2.8794986898628676,-5.760419576210488,1.6841534259744676e-14
