galstreams/tracks/track.Gaia-4.malhan2018.ecsv
# %ECSV 0.9
# ---
# datatype:
# - {name: sc.ra, unit: deg, datatype: float64}
# - {name: sc.dec, unit: deg, datatype: float64}
# - {name: sc.distance, unit: kpc, datatype: float64}
# - {name: width, datatype: float64}
# meta: !!omap
# - __serialized_columns__:
#     sc:
#       __class__: astropy.coordinates.sky_coordinate.SkyCoord
#       dec: !astropy.table.SerializedColumn
#         __class__: astropy.coordinates.angles.Latitude
#         unit: &id001 !astropy.units.Unit {unit: deg}
#         value: !astropy.table.SerializedColumn {name: sc.dec}
#       distance: !astropy.table.SerializedColumn
#         __class__: astropy.coordinates.distances.Distance
#         unit: !astropy.units.Unit {unit: kpc}
#         value: !astropy.table.SerializedColumn {name: sc.distance}
#       frame: icrs
#       ra: !astropy.table.SerializedColumn
#         __class__: astropy.coordinates.angles.Longitude
#         unit: *id001
#         value: !astropy.table.SerializedColumn {name: sc.ra}
#         wrap_angle: !astropy.coordinates.Angle
#           unit: *id001
#           value: 360.0
#       representation_type: spherical
# schema: astropy-2.0
sc.ra sc.dec sc.distance width
[from data line 264]
164.19879303130847 -8.63716761954038 10.939758606261693 0.0
164.2033000390297 -8.628215271634888 10.94066000780594 0.0
164.20780683304216 -8.619262871146327 10.94156136660843 0.0
164.2123134135798 -8.610310418132567 10.942462682715961 0.0
164.21681978087662 -8.601357912651515 10.943363956175324 0.0
164.22132593516656 -8.592405354760993 10.944265187033311 0.0
164.22583187668343 -8.583452744518853 10.945166375336685 0.0
164.23033760566108 -8.574500081982967 10.946067521132216 0.0
164.23484312233333 -8.565547367211124 10.946968624466665 0.0
164.2393484269339 -8.556594600261167 10.94786968538678 0.0
164.24385351969653 -8.547641781190913 10.948770703939305 0.0
164.24835840085493 -8.538688910058127 10.949671680170985 0.0
164.25286307064272 -8.529735986920636 10.950572614128543 0.0
164.25736752929353 -8.52078301183618 10.951473505858706 0.0
164.26187177704094 -8.51182998486256 10.952374355408187 0.0
164.26637581411845 -8.502876906057526 10.953275162823688 0.0
164.27087964075957 -8.493923775478805 10.954175928151914 0.0
164.2753832571978 -8.484970593184158 10.95507665143956 0.0
164.27988666366656 -8.476017359231308 10.955977332733312 0.0
164.28438986039922 -8.467064073677966 10.956877972079843 0.0
164.2888928476291 -8.458110736581832 10.957778569525823 0.0
164.29339562558957 -8.449157348000645 10.958679125117913 0.0
164.29789819451386 -8.440203907992043 10.959579638902772 0.0
164.30240055463528 -8.431250416613711 10.960480110927056 0.0
164.30690270618695 -8.422296873923356 10.96138054123739 0.0
164.3114046494021 -8.41334327997858 10.962280929880421 0.0
164.31590638451385 -8.404389634837077 10.96318127690277 0.0
164.32040791175524 -8.395435938556455 10.964081582351048 0.0
164.3249092313594 -8.386482191194343 10.964981846271883 0.0
164.32941034355935 -8.377528392808385 10.965882068711869 0.0
164.33391124858804 -8.368574543456146 10.966782249717607 0.0
164.3384119466784 -8.35962064319526 10.96768238933568 0.0
164.34291243806342 -8.35066669208331 10.968582487612684 0.0
164.3474127229759 -8.341712690177845 10.969482544595177 0.0
164.35191280164867 -8.33275863753646 10.970382560329734 0.0
164.3564126743146 -8.323804534216704 10.971282534862922 0.0
164.36091234120642 -8.314850380276127 10.972182468241282 0.0
164.36541180255688 -8.305896175772274 10.973082360511375 0.0
164.36991105859866 -8.296941920762643 10.973982211719731 0.0
164.3744101095644 -8.287987615304784 10.974882021912878 0.0
164.37890895568674 -8.279033259456197 10.975781791137347 0.0
164.38340759719827 -8.270078853274374 10.976681519439653 0.0
164.38790603433156 -8.261124396816797 10.977581206866313 0.0
164.39240426731908 -8.252169890140978 10.978480853463816 0.0
164.3969022963933 -8.243215333304354 10.97938045927866 0.0
164.40140012178676 -8.234260726364381 10.980280024357352 0.0
164.40589774373174 -8.225306069378545 10.981179548746349 0.0
164.4103951624607 -8.216351362404236 10.98207903249214 0.0
164.41489237820593 -8.207396605498923 10.982978475641186 0.0
164.4193893911998 -8.198441798720022 10.983877878239957 0.0
164.42388620167443 -8.189486942124915 10.984777240334887 0.0
164.42838280986217 -8.18053203577104 10.985676561972435 0.0
164.43287921599523 -8.171577079715751 10.986575843199045 0.0
164.43737542030564 -8.162622074016463 10.987475084061128 0.0
164.44187142302565 -8.15366701873054 10.988374284605129 0.0
164.44636722438727 -8.144711913915314 10.989273444877455 0.0
164.45086282462256 -8.13575675962817 10.990172564924512 0.0
164.45535822396357 -8.126801555926445 10.991071644792713 0.0
164.45985342264225 -8.117846302867465 10.99197068452845 0.0
164.4643484208906 -8.108891000508546 10.992869684178117 0.0
164.4688432189404 -8.099935648907033 10.993768643788082 0.0
164.47333781702366 -8.090980248120202 10.994667563404732 0.0
164.47783221537216 -8.082024798205351 10.995566443074432 0.0
164.4823264142177 -8.073069299219773 10.996465282843541 0.0
164.4868204137921 -8.064113751220727 10.997364082758418 0.0
164.49131421432702 -8.055158154265513 10.998262842865403 0.0
164.4958078160542 -8.046202508411355 10.999161563210839 0.0
164.50030121920528 -8.037246813715496 11.000060243841057 0.0
164.50479442401192 -8.028291070235214 11.000958884802383 0.0
164.50928743070574 -8.019335278027688 11.001857486141148 0.0
164.5137802395182 -8.010379437150169 11.002756047903642 0.0
164.51827285068094 -8.001423547659869 11.003654570136188 0.0
164.52276526442535 -7.992467609613949 11.004553052885068 0.0
164.52725748098297 -7.983511623069637 11.005451496196594 0.0
164.5317495005851 -7.974555588084098 11.006349900117021 0.0
164.5362413234633 -7.965599504714508 11.007248264692658 0.0
164.54073294984877 -7.956643373018036 11.008146589969755 0.0
164.54522437997292 -7.9476871930518005 11.009044875994585 0.0
164.549715614067 -7.938730964872983 11.009943122813398 0.0
164.55420665236224 -7.929774688538698 11.010841330472447 0.0
164.5586974950899 -7.9208183641060765 11.011739499017978 0.0
164.56318814248107 -7.911861991632214 11.012637628496213 0.0
164.567678594767 -7.902905571174259 11.013535718953397 0.0
164.57216885217872 -7.893949102789266 11.014433770435744 0.0
164.57665891494736 -7.884992586534323 11.015331782989472 0.0
164.58114878330395 -7.876036022466542 11.016229756660788 0.0
164.5856384574795 -7.8670794106429485 11.017127691495897 0.0
164.59012793770492 -7.858122751120645 11.018025587540984 0.0
164.59461722421128 -7.849166043956643 11.018923444842255 0.0
164.59910631722934 -7.840209289207985 11.019821263445868 0.0
164.6035952169901 -7.8312524869317395 11.020719043398019 0.0
164.60808392372434 -7.822295637184876 11.021616784744866 0.0
164.61257243766283 -7.813338740024444 11.022514487532566 0.0
164.61706075903638 -7.804381795507452 11.023412151807275 0.0
164.62154888807575 -7.795424803690851 11.02430977761515 0.0
164.62603682501162 -7.786467764631661 11.025207365002325 0.0
164.63052457007464 -7.777510678386853 11.026104914014928 0.0
164.63501212349544 -7.768553545013383 11.027002424699088 0.0
164.63949948550467 -7.759596364568207 11.027899897100934 0.0
164.64398665633286 -7.7506391371083 11.02879733126657 0.0
164.64847363621055 -7.741681862690571 11.029694727242111 0.0
164.65296042536826 -7.732724541371956 11.030592085073652 0.0
164.6574470240364 -7.723767173209382 11.03148940480728 0.0
164.6619334324455 -7.714809758259746 11.0323866864891 0.0
164.66641965082587 -7.705852296579981 11.033283930165174 0.0
164.67090567940792 -7.696894788226952 11.034181135881584 0.0
164.67539151842203 -7.687937233257537 11.035078303684406 0.0
164.6798771680984 -7.678979631728651 11.035975433619678 0.0
164.68436262866734 -7.670021983697112 11.036872525733468 0.0
164.6888479003591 -7.66106428921981 11.037769580071819 0.0
164.69333298340388 -7.652106548353594 11.038666596680775 0.0
164.69781787803183 -7.64314876115527 11.039563575606365 0.0
164.7023025844731 -7.634190927681711 11.04046051689462 0.0
164.7067871029578 -7.625233047989696 11.041357420591561 0.0
164.71127143371598 -7.616275122136067 11.042254286743196 0.0
164.71575557697767 -7.607317150177628 11.043151115395533 0.0
164.7202395329729 -7.598359132171139 11.04404790659458 0.0
164.72472330193165 -7.58940106817342 11.04494466038633 0.0
164.7292068840838 -7.580442958241238 11.045841376816758 0.0
164.7336902796593 -7.571484802431352 11.04673805593186 0.0
164.738173488888 -7.562526600800516 11.047634697777601 0.0
164.7426565119998 -7.553568353405514 11.04853130239996 0.0
164.7471393492244 -7.54461006030305 11.049427869844878 0.0
164.75162200079166 -7.535651721549855 11.050324400158331 0.0
164.75610446693128 -7.526693337202685 11.051220893386255 0.0
164.760586747873 -7.517734907318211 11.052117349574598 0.0
164.76506884384645 -7.508776431953177 11.05301376876929 0.0
164.7695507550813 -7.499817911164256 11.05391015101626 0.0
164.7740324818072 -7.490859345008124 11.054806496361442 0.0
164.77851402425367 -7.481900733541503 11.055702804850734 0.0
164.78299538265028 -7.4729420768210115 11.056599076530057 0.0
164.78747655722657 -7.463983374903346 11.057495311445313 0.0
164.79195754821197 -7.455024627845158 11.058391509642393 0.0
164.79643835583596 -7.446065835703057 11.059287671167192 0.0
164.800918980328 -7.437106998533712 11.060183796065598 0.0
164.8053994219174 -7.428148116393738 11.06107988438348 0.0
164.80987968083355 -7.419189189339749 11.061975936166709 0.0
164.81435975730577 -7.410230217428368 11.062871951461153 0.0
164.81883965156334 -7.401271200716164 11.063767930312666 0.0
164.82331936383554 -7.392312139259751 11.064663872767108 0.0
164.8277988943516 -7.38335303311571 11.065559778870318 0.0
164.83227824334065 -7.374393882340608 11.06645564866813 0.0
164.83675741103193 -7.3654346869910166 11.067351482206385 0.0
164.84123639765454 -7.356475447123486 11.068247279530908 0.0
164.84571520343758 -7.347516162794567 11.069143040687516 0.0
164.85019382861014 -7.338556834060784 11.070038765722028 0.0
164.8546722734012 -7.329597460978704 11.070934454680241 0.0
164.8591505380398 -7.320638043604805 11.071830107607962 0.0
164.86362862275496 -7.311678581995631 11.072725724550992 0.0
164.86810652777552 -7.302719076207688 11.073621305555104 0.0
164.87258425333047 -7.293759526297437 11.074516850666095 0.0
164.87706179964866 -7.2847999323214125 11.07541235992973 0.0
164.88153916695893 -7.275840294336044 11.076307833391786 0.0
164.88601635549009 -7.266880612397842 11.077203271098016 0.0
164.89049336547092 -7.257920886563262 11.078098673094184 0.0
164.8949701971302 -7.248961116888729 11.078994039426037 0.0
164.89944685069665 -7.240001303430715 11.079889370139329 0.0
164.90392332639894 -7.231041446245653 11.080784665279788 0.0
164.90839962446574 -7.22208154538996 11.081679924893148 0.0
164.9128757451257 -7.213121600920068 11.082575149025137 0.0
164.91735168860737 -7.204161612892377 11.083470337721474 0.0
164.92182745513932 -7.195201581363295 11.084365491027864 0.0
164.92630304495012 -7.186241506389217 11.085260608990023 0.0
164.93077845826826 -7.177281388026521 11.086155691653653 0.0
164.93525369532222 -7.168321226331593 11.087050739064443 0.0
164.93972875634043 -7.159361021360798 11.087945751268085 0.0
164.94420364155133 -7.150400773170495 11.088840728310265 0.0
164.94867835118328 -7.141440481817025 11.089735670236655 0.0
164.95315288546456 -7.132480147356768 11.090630577092911 0.0
164.9576272446236 -7.123519769846012 11.091525448924722 0.0
164.96210142888862 -7.114559349341115 11.092420285777722 0.0
164.96657543848792 -7.105598885898401 11.093315087697585 0.0
164.9710492736497 -7.096638379574141 11.09420985472994 0.0
164.97552293460217 -7.087677830424675 11.095104586920433 0.0
164.97999642157347 -7.078717238506281 11.095999284314695 0.0
164.98446973479176 -7.069756603875249 11.096893946958351 0.0
164.98894287448516 -7.060795926587863 11.097788574897033 0.0
164.9934158408817 -7.0518352067003605 11.098683168176342 0.0
164.9978886342095 -7.042874444269035 11.099577726841897 0.0
165.0023612546965 -7.033913639350127 11.1004722509393 0.0
165.00683370257067 -7.02495279199988 11.101366740514134 0.0
165.01130597806005 -7.015991902274529 11.10226119561201 0.0
165.01577808139248 -7.007030970230304 11.103155616278496 0.0
165.02025001279594 -6.998069995923423 11.104050002559188 0.0
165.02472177249822 -6.989108979410085 11.104944354499645 0.0
165.02919336072716 -6.980147920746528 11.105838672145433 0.0
165.0336647777106 -6.971186819988913 11.106732955542123 0.0
165.03813602367626 -6.962225677193435 11.107627204735252 0.0
165.04260709885196 -6.9532644924162765 11.108521419770392 0.0
165.04707800346537 -6.944303265713593 11.109415600693074 0.0
165.05154873774413 -6.935341997141584 11.110309747548825 0.0
165.05601930191597 -6.9263806867563655 11.111203860383194 0.0
165.0604896962085 -6.917419334614086 11.112097939241698 0.0
165.06495992084925 -6.908457940770919 11.112991984169849 0.0
165.06942997606586 -6.8994965052829444 11.113885995213172 0.0
165.07389986208585 -6.890535028206322 11.11477997241717 0.0
165.07836957913668 -6.881573509597152 11.115673915827335 0.0
165.08283912744585 -6.872611949511542 11.11656782548917 0.0
165.08730850724086 -6.863650348005586 11.117461701448173 0.0
165.09177771874906 -6.854688705135376 11.11835554374981 0.0
165.09624676219784 -6.845727020956993 11.119249352439567 0.0
165.1007156378146 -6.836765295526511 11.12014312756292 0.0
165.10518434582664 -6.827803528899994 11.121036869165328 0.0
165.10965288646125 -6.818841721133503 11.121930577292249 0.0
165.11412125994573 -6.809879872283084 11.122824251989146 0.0
165.11858946650733 -6.80091798240478 11.123717893301466 0.0
165.1230575063732 -6.791956051554611 11.124611501274638 0.0
165.12752537977056 -6.782994079788642 11.125505075954111 0.0
165.1319930869266 -6.774032067162853 11.12639861738532 0.0
165.1364606280684 -6.765070013733254 11.127292125613678 0.0
165.140928003423 -6.756107919555883 11.1281856006846 0.0
165.1453952132176 -6.747145784686687 11.12907904264352 0.0
165.14986225767913 -6.7381836091816965 11.129972451535826 0.0
165.15432913703467 -6.72922139309686 11.130865827406932 0.0
165.15879585151112 -6.720259136488144 11.131759170302223 0.0
165.16326240133552 -6.711296839411548 11.132652480267103 0.0
165.16772878673473 -6.70233450192298 11.133545757346946 0.0
165.17219500793567 -6.693372124078419 11.134439001587134 0.0
165.17666106516518 -6.684409705933808 11.135332213033035 0.0
165.1811269586501 -6.6754472475450415 11.136225391730022 0.0
165.18559268861728 -6.666484748968081 11.137118537723454 0.0
165.19005825529348 -6.6575222102588265 11.138011651058696 0.0
165.1945236589054 -6.648559631473191 11.138904731781082 0.0
165.19898889967982 -6.639597012667055 11.139797779935963 0.0
165.20345397784342 -6.630634353896354 11.140690795568684 0.0
165.20791889362283 -6.621671655216937 11.141583778724566 0.0
165.2123836472447 -6.612708916684688 11.14247672944894 0.0
165.2168482389357 -6.60374613835548 11.143369647787141 0.0
165.22131266892234 -6.594783320285163 11.144262533784467 0.0
165.2257769374312 -6.585820462529624 11.145155387486238 0.0
165.2302410446888 -6.576857565144677 11.146048208937758 0.0
165.2347049909216 -6.56789462818616 11.146940998184322 0.0
165.23916877635614 -6.558931651709936 11.147833755271227 0.0
165.24363240121878 -6.549968635771786 11.148726480243754 0.0
165.24809586573602 -6.541005580427559 11.149619173147203 0.0
165.2525591701341 -6.532042485733062 11.15051183402682 0.0
165.25702231463956 -6.523079351744063 11.15140446292791 0.0
165.26148529947858 -6.5141161785163995 11.152297059895716 0.0
165.26594812487753 -6.5051529661058085 11.153189624975505 0.0
165.27041079106266 -6.496189714568108 11.154082158212532 0.0
165.27487329826022 -6.487226423959063 11.154974659652042 0.0
165.27933564669638 -6.478263094334405 11.155867129339276 0.0
165.28379783659742 -6.469299725749922 11.156759567319483 0.0
165.28825986818944 -6.46033631826135 11.157651973637888 0.0
165.29272174169856 -6.45137287192443 11.158544348339712 0.0
165.2971834573509 -6.44240938679488 11.159436691470182 0.0
165.30164501537257 -6.433445862928463 11.160329003074514 0.0
165.30610641598957 -6.424482300380861 11.161221283197914 0.0
165.31056765942796 -6.415518699207785 11.162113531885591 0.0
165.3150287459137 -6.40655505946497 11.16300574918274 0.0
165.31948967567283 -6.3975913812080645 11.163897935134566 0.0
165.32395044893116 -6.388627664492805 11.164790089786232 0.0
165.32841106591474 -6.379663909374837 11.165682213182947 0.0
165.33287152684937 -6.370700115909831 11.166574305369874 0.0
165.3373318319609 -6.361736284153489 11.167466366392182 0.0
165.34179198147527 -6.352772414161422 11.168358396295053 0.0
165.34625197561815 -6.343808505989316 11.169250395123628 0.0
165.35071181461538 -6.334844559692814 11.170142362923075 0.0
165.3551714986927 -6.325880575327516 11.171034299738539 0.0
165.35963102807585 -6.3169165529490865 11.17192620561517 0.0
165.3640904029905 -6.307952492613135 11.172818080598102 0.0
165.36854962366235 -6.298988394375274 11.173709924732469 0.0
165.373008690317 -6.2900242582911225 11.174601738063398 0.0
