galstreams/tracks/track.st.M68.ibata2021.ecsv
# %ECSV 1.0
# ---
# datatype:
# - {name: ra, unit: deg, datatype: float64}
# - {name: dec, unit: deg, datatype: float64}
# - {name: distance, unit: kpc, datatype: float64}
# - {name: pm_ra_cosdec, unit: mas / yr, datatype: float64}
# - {name: pm_dec, unit: mas / yr, datatype: float64}
# - {name: radial_velocity, unit: km / s, datatype: float64}
# delimiter: ','
# meta: !!omap
# - __serialized_columns__:
#     dec:
#       __class__: astropy.coordinates.angles.Latitude
#       unit: &id001 !astropy.units.Unit {unit: deg}
#       value: !astropy.table.SerializedColumn {name: dec}
#     distance:
#       __class__: astropy.coordinates.distances.Distance
#       unit: !astropy.units.Unit {unit: kpc}
#       value: !astropy.table.SerializedColumn {name: distance}
#     pm_dec:
#       __class__: astropy.units.quantity.Quantity
#       unit: !astropy.units.Unit {unit: mas / yr}
#       value: !astropy.table.SerializedColumn {name: pm_dec}
#     pm_ra_cosdec:
#       __class__: astropy.units.quantity.Quantity
#       unit: !astropy.units.Unit {unit: mas / yr}
#       value: !astropy.table.SerializedColumn {name: pm_ra_cosdec}
#     ra:
#       __class__: astropy.coordinates.angles.Longitude
#       unit: *id001
#       value: !astropy.table.SerializedColumn {name: ra}
#       wrap_angle: !astropy.coordinates.Angle
#         unit: *id001
#         value: 360.0
#     radial_velocity:
#       __class__: astropy.units.quantity.Quantity
#       unit: !astropy.units.Unit {unit: km / s}
#       value: !astropy.table.SerializedColumn {name: radial_velocity}
# schema: astropy-2.0
ra,dec,distance,pm_ra_cosdec,pm_dec,radial_velocity
[from data line 1433]
190.50774501319785,-29.914342063082394,4.176052494164147,-4.169088432170609,6.474104806801519,345.9276516381296
190.51273395186016,-29.904936055979483,4.175439317195282,-4.170720448005521,6.472598577385922,346.5715396294073
190.5177297642309,-29.89553091000079,4.174822935766827,-4.172359613256788,6.471103085827227,347.21658935924705
190.52273245774342,-29.886126625656768,4.174203345144881,-4.17400593849359,6.469618352625858,347.86280101593786
190.52774203982983,-29.876723203456354,4.173580540595545,-4.175659434290482,6.4681443982792475,348.5101747877677
190.53275851792102,-29.86732064390693,4.172954517384923,-4.177320111227398,6.466681243281853,349.158710863026
190.5377818994465,-29.8579189475143,4.172325270779113,-4.178987979889655,6.465228908125152,349.80840943000095
190.5428121918346,-29.848518114782777,4.171692796044219,-4.180663050867985,6.463787413297622,350.4592706769813
190.54784940251247,-29.83911814621507,4.1710570884463385,-4.1823453347585255,6.462356779284748,351.11129479225565
190.55289353890595,-29.82971904231239,4.170418143251575,-4.184034842162832,6.460937026569029,351.7644819641126
190.55794460843964,-29.820320803574344,4.169775955726029,-4.185731583687893,6.4595281756299325,352.41883238084085
190.5630026185369,-29.810923430499038,4.169130521135801,-4.1874355699461345,6.458130246943939,353.07434623072925
190.5680675766199,-29.80152692358298,4.168481834746994,-4.189146811555434,6.456743260984511,353.73102370206595
190.5731394901095,-29.792131283321165,4.167829891825708,-4.190865319139124,6.455367238222085,354.3888649831399
190.57821836642543,-29.78273651020701,4.167174687638042,-4.192591103326019,6.4540021991240915,355.0478702622398
190.5833042129861,-29.77334260473238,4.166516217450099,-4.1943241747503945,6.452648164154915,355.7080397276542
190.58839703720872,-29.763949567387588,4.165854476527981,-4.196064544052022,6.451305153775925,356.3693735676717
190.59349684650937,-29.75455739866139,4.165189460137787,-4.197812221876187,6.449973188445439,357.0318719705809
190.5986036483028,-29.745166099040972,4.164521163545619,-4.1995672188736535,6.448652288618748,357.6955351246707
190.6037174500026,-29.735775669011993,4.16384958201758,-4.201329545700727,6.447342474748083,358.36036321822957
190.6088382590211,-29.726386109058517,4.163174710819767,-4.203099213019229,6.446043767282642,359.0263564395459
190.6139660827695,-29.716997419663063,4.162496545218282,-4.204876231496522,6.444756186668558,359.6935149769086
190.6191009286578,-29.707609601306586,4.16181508047923,-4.206660611805508,6.443479753348905,360.36183901860653
190.62424280409462,-29.698222654468495,4.161130311868709,-4.2084523646246454,6.4422144877636995,361.03132875292795
190.62939171648762,-29.688836579626603,4.16044223465282,-4.210251500637976,6.440960410349885,361.7019843681617
190.63454767324308,-29.67945137725719,4.1597508440976645,-4.212058030535087,6.4397175415413335,362.3738060525962
190.63971068176625,-29.67006704783494,4.159056135469343,-4.213871965011182,6.438485901768837,363.0467939945202
190.64488074946104,-29.66068359183302,4.1583581040339554,-4.215693314767033,6.437265511460122,363.72094838222233
190.65005788373023,-29.651301009722967,4.157656745057607,-4.217522090509023,6.4360563910398,364.39626940399165
190.65524209197542,-29.641919301974806,4.156952053806395,-4.219358302949159,6.434858560929419,365.0727572481161
190.66043338159702,-29.632538469056964,4.156244025546423,-4.221201962805047,6.433672041547418,365.7504121028846
190.6656317599943,-29.623158511436305,4.155532655543791,-4.223053080799958,6.432496853309139,366.42923415658606
190.67083723456528,-29.613779429578123,4.154817939064597,-4.224911667662769,6.431333016626828,367.10922359750873
190.67604981270682,-29.60440122394615,4.154099871374947,-4.226777734128037,6.43018055190961,367.79038061394164
190.68126950181468,-29.59502389500252,4.15337844774094,-4.228651290935958,6.429039479563496,368.47270539417286
190.68649630928337,-29.58564744320784,4.152653663428677,-4.230532348832408,6.427909819991399,369.15619812649163
190.69173024250628,-29.576271869021085,4.151925513704259,-4.232420918568952,6.426791593593094,369.84085899918625
190.69697130887565,-29.56689717289971,4.151193993833788,-4.234317010902825,6.42568482076523,370.5266882005455
190.70221951578247,-29.55752335529957,4.1504590990833625,-4.236220636596966,6.42458952190133,371.2136859188578
190.7074748706167,-29.548150416674932,4.149720824719087,-4.238131806420024,6.423505717391781,371.9018523424121
190.71273738076704,-29.538778357478517,4.148979166007059,-4.240050531146362,6.422433427623828,372.59118765949705
190.71800705362108,-29.529407178161446,4.1482341182133835,-4.2419768215560705,6.421372672981571,373.2816920584006
190.72328389656528,-29.520036879173254,4.147485676604157,-4.243910688434982,6.4203234738459685,373.9733657274123
190.72856791698493,-29.510667460961944,4.1467338364454855,-4.245852142574655,6.419285850594825,374.6662088548204
190.73385912226416,-29.501298923973877,4.145978593003466,-4.247801194772414,6.418259823602786,375.3602216289135
190.73915751978603,-29.491931268653858,4.145219941544203,-4.249757855831355,6.417245413241317,376.05540423798027
190.74446311693237,-29.48256449544514,4.144457877333794,-4.251722136560323,6.4162426398787495,376.75175687030946
190.74977592108394,-29.473198604789346,4.143692395638341,-4.253694047773979,6.4152515238802295,377.4492797141896
190.7550959396203,-29.463833597126555,4.142923491723948,-4.2556736002927265,6.4142720856077196,378.1479729579094
190.76042317992002,-29.454469472895237,4.142151160856714,-4.257660804942821,6.413304345420009,378.8478367897572
190.76575764936038,-29.44510623253228,4.141375398302738,-4.25965567255629,6.412348323672716,379.548871398022
190.77109935531757,-29.43574387647299,4.140596199328123,-4.261658213970989,6.411404040718249,380.2510769709925
190.7764483051668,-29.426382405151116,4.1398135591989735,-4.263668440030616,6.4104715169058455,380.95445369695705
190.781804506282,-29.417021818998755,4.139027473181384,-4.265686361584684,6.409550772581528,381.65900176420433
190.787167966036,-29.407662118446492,4.1382379365414605,-4.267711989488564,6.408641828088125,382.36472136102316
190.79253869180064,-29.39830330392327,4.137444944545302,-4.2697453346034795,6.407744703765271,383.0716126757019
190.79791669094655,-29.388945375856437,4.136648492459009,-4.271786407796526,6.406859419949362,383.7796758965295
190.80330197084322,-29.3795883346718,4.135848575548684,-4.273835219940647,6.405985996973605,384.48891121179463
190.80869453885907,-29.370232180793543,4.135045189080426,-4.275891781914686,6.405124455167986,385.1993188097854
190.81409440236155,-29.360876914644244,4.134238328320339,-4.277956104603391,6.404274814859251,385.91089887879104
190.81950156871676,-29.351522536644936,4.133427988534522,-4.2800281988973845,6.403437096370936,386.62365160710016
190.8249160452899,-29.34216904721503,4.132614164989077,-4.282108075693208,6.402611320023354,387.337577183001
190.83033783944506,-29.332816446772316,4.131796852950105,-4.284195745893335,6.401797506133537,388.0526757947822
190.83576695854512,-29.32346473573305,4.130976047683706,-4.286291220406143,6.4009956750153325,388.768947630733
190.84120340995196,-29.31411391451184,4.130151744455983,-4.2883945101459515,6.400205846979313,389.4863928791413
190.84664720102637,-29.304763983521728,4.129323938533036,-4.290505626033037,6.399428042332799,390.2050117282963
190.85209833912802,-29.29541494317415,4.128492625180966,-4.292624578993626,6.398662281379871,390.92480436648646
190.85755683161557,-29.286066793878945,4.127657799665872,-4.294751379959905,6.397908584421352,391.64577098200016
190.86302268584652,-29.276719536044347,4.126819457253858,-4.296886039870022,6.397166971754796,392.3679117631264
190.86849590917734,-29.26737317007702,4.125977593211025,-4.299028569668125,6.396437463674494,393.09122689815365
190.87397650896344,-29.25802769638198,4.125132202803473,-4.301178980304343,6.395720080471463,393.8157165753705
190.8794644925591,-29.248683115362685,4.124283281297303,-4.3033372827348,6.395014842433457,394.54138098306584
190.8849598673176,-29.239339427420973,4.123430823958617,-4.305503487921639,6.394321769844936,395.2682203095282
190.89046264059115,-29.229996632957096,4.122574826053514,-4.307677606833,6.393640882987089,395.99623474304605
190.89597281973084,-29.22065473236969,4.121715282848099,-4.309859650443063,6.392972202137814,396.72542447190807
190.90149041208673,-29.211313726055778,4.120852189608468,-4.31204962973204,6.392315747571711,397.455789684403
190.90701542500784,-29.20197361441081,4.119985541600726,-4.314247555686175,6.3916715395600985,398.1873305688196
190.91254786584219,-29.192634397828595,4.119115334090972,-4.3164534392977885,6.391039598370975,398.92004731344616
190.9180877419366,-29.183296076701374,4.1182415623453075,-4.318667291565234,6.390419944269057,399.6539401065715
190.92363506063694,-29.173958651419753,4.117364221629835,-4.320889123492939,6.389812597515738,400.3890091364844
190.92918982928808,-29.164622122372762,4.116483307210652,-4.323118946091428,6.389217578369104,401.1252545914734
190.93475205523376,-29.155286489947787,4.115598814353864,-4.325356770377288,6.38863490708392,401.86267665982695
190.9403217458167,-29.145951754530635,4.11471073832557,-4.327602607373208,6.3880646039116336,402.60127552983414
190.9458989083786,-29.13661791650549,4.113819074391869,-4.329856468107998,6.3875066891003724,403.3410513897831
190.9514835502601,-29.12728497625495,4.112923817818866,-4.3321183636165435,6.386961182894926,404.0820044279627
190.95707567880086,-29.117952934159966,4.112024963872661,-4.334388304939898,6.386428105536746,404.82413483266185
190.96267530133943,-29.108621790599912,4.111122507819352,-4.336666303125195,6.385907477263964,405.5674427921686
190.96828242521343,-29.09929154595254,4.110216444925044,-4.3389523692257495,6.385399318311361,406.31192849477225
190.97389705775936,-29.089962200593984,4.1093067704558335,-4.3412465143009955,6.384903648910365,407.05759212876075
190.97951920631272,-29.080633754898777,4.108393479677827,-4.343548749416525,6.384420489289053,407.80443388242315
190.98514887820807,-29.07130620923983,4.107476567857123,-4.345859085644111,6.383949859672163,408.5524539440483
190.99078608077886,-29.061979563988455,4.106556030259823,-4.348177534061685,6.383491780281064,409.301652501924
190.99643082135756,-29.05265381951434,4.105631862152025,-4.350504105753358,6.383046271333768,410.05202974433996
191.00208310727564,-29.04332897618555,4.104704058799834,-4.3528388118094385,6.38261335304491,410.80358585958413
191.00774294586353,-29.034005034368544,4.103772615469351,-4.355181663326414,6.382193045625757,411.5563210359455
191.01341034445068,-29.02468199442818,4.102837527426674,-4.3575326714070135,6.381785369284214,412.31023546171235
191.01908531036554,-29.015359856727677,4.101898789937907,-4.359891847160146,6.381390344224793,413.06532932517354
191.02476785093552,-29.006038621628655,4.100956398269148,-4.362259201700953,6.381007990648627,413.82160281461785
191.03045797348707,-28.996718289491106,4.100010347686502,-4.364634746150829,6.380638328753466,414.5790561183334
