galstreams/tracks/track.st.Hyllus.grillmair2014.ecsv
# %ECSV 0.9
# ---
# datatype:
# - {name: ra, unit: deg, datatype: float64}
# - {name: dec, unit: deg, datatype: float64}
# - {name: distance, unit: kpc, datatype: float64}
# - {name: pm_ra_cosdec, unit: mas / yr, datatype: float64}
# - {name: pm_dec, unit: mas / yr, datatype: float64}
# - {name: radial_velocity, unit: km / s, datatype: float64}
# delimiter: ','
# meta: !!omap
# - __serialized_columns__:
#     dec:
#       __class__: astropy.coordinates.angles.Latitude
#       unit: &id001 !astropy.units.Unit {unit: deg}
#       value: !astropy.table.SerializedColumn {name: dec}
#     distance:
#       __class__: astropy.coordinates.distances.Distance
#       unit: !astropy.units.Unit {unit: kpc}
#       value: !astropy.table.SerializedColumn {name: distance}
#     pm_dec:
#       __class__: astropy.units.quantity.Quantity
#       unit: !astropy.units.Unit {unit: mas / yr}
#       value: !astropy.table.SerializedColumn {name: pm_dec}
#     pm_ra_cosdec:
#       __class__: astropy.units.quantity.Quantity
#       unit: !astropy.units.Unit {unit: mas / yr}
#       value: !astropy.table.SerializedColumn {name: pm_ra_cosdec}
#     ra:
#       __class__: astropy.coordinates.angles.Longitude
#       unit: *id001
#       value: !astropy.table.SerializedColumn {name: ra}
#       wrap_angle: !astropy.coordinates.Angle
#         unit: *id001
#         value: 360.0
#     radial_velocity:
#       __class__: astropy.units.quantity.Quantity
#       unit: !astropy.units.Unit {unit: km / s}
#       value: !astropy.table.SerializedColumn {name: radial_velocity}
# schema: astropy-2.0
ra,dec,distance,pm_ra_cosdec,pm_dec,radial_velocity
[from data line 2119]
246.43861885061,32.07167577177738,18.877381170123197,0.0,0.0,0.0
246.44068945747404,32.08186882005615,18.875385171863968,0.0,0.0,0.0
246.44276357085212,32.09206203584835,18.873389126576853,0.0,0.0,0.0
246.44484119176008,32.10225541888986,18.871393034262898,0.0,0.0,0.0
246.446922321215,32.112448968916,18.86939689492315,0.0,0.0,0.0
246.44900696023487,32.12264268566167,18.867400708558666,0.0,0.0,0.0
246.4510951098391,32.13283656886128,18.865404475170497,0.0,0.0,0.0
246.45318677104785,32.14303061824872,18.863408194759696,0.0,0.0,0.0
246.45528194488278,32.153224833557445,18.86141186732732,0.0,0.0,0.0
246.45738063236644,32.163419214520395,18.85941549287441,0.0,0.0,0.0
246.45948283452267,32.17361376087004,18.85741907140203,0.0,0.0,0.0
246.46158855237636,32.183808472338356,18.85542260291123,0.0,0.0,0.0
246.46369778695353,32.19400334865687,18.853426087403058,0.0,0.0,0.0
246.46581053928134,32.204198389556545,18.85142952487856,0.0,0.0,0.0
246.46792681038812,32.21439359476795,18.849432915338802,0.0,0.0,0.0
246.47004660130327,32.2245889640211,18.847436258784832,0.0,0.0,0.0
246.47216991305746,32.234784497045574,18.8454395552177,0.0,0.0,0.0
246.4742967466823,32.24498019357043,18.843442804638457,0.0,0.0,0.0
246.47642710321077,32.25517605332424,18.841446007048155,0.0,0.0,0.0
246.47856098367674,32.26537207603511,18.839449162447853,0.0,0.0,0.0
246.48069838911547,32.27556826143065,18.837452270838604,0.0,0.0,0.0
246.4828393205631,32.285764609237965,18.835455332221443,0.0,0.0,0.0
246.4849837790572,32.29596111918369,18.833458346597443,0.0,0.0,0.0
246.48713176563626,32.30615779099398,18.831461313967644,0.0,0.0,0.0
246.48928328134,32.31635462439444,18.829464234333102,0.0,0.0,0.0
246.49143832720927,32.32655161911028,18.82746710769487,0.0,0.0,0.0
246.493596904286,32.336748774866145,18.825469934053995,0.0,0.0,0.0
246.49575901361348,32.346946091386215,18.823472713411537,0.0,0.0,0.0
246.49792465623582,32.35714356839416,18.821475445768545,0.0,0.0,0.0
246.50009383319863,32.36734120561321,18.819478131126072,0.0,0.0,0.0
246.50226654554837,32.377539002766035,18.817480769485172,0.0,0.0,0.0
246.5044427943328,32.38773695957485,18.81548336084689,0.0,0.0,0.0
246.5066225806008,32.39793507576139,18.813485905212286,0.0,0.0,0.0
246.50880590540243,32.40813335104685,18.811488402582413,0.0,0.0,0.0
246.51099276978883,32.41833178515198,18.809490852958312,0.0,0.0,0.0
246.51318317481238,32.42853037779699,18.807493256341044,0.0,0.0,0.0
246.5153771215265,32.43872912870163,18.80549561273166,0.0,0.0,0.0
246.5175746109859,32.44892803758515,18.803497922131218,0.0,0.0,0.0
246.51977564424632,32.45912710416629,18.80150018454076,0.0,0.0,0.0
246.5219802223647,32.469326328163284,18.799502399961344,0.0,0.0,0.0
246.5241883463992,32.47952570929391,18.79750456839402,0.0,0.0,0.0
246.5264000174091,32.48972524727541,18.79550668983984,0.0,0.0,0.0
246.52861523645467,32.49992494182453,18.79350876429986,0.0,0.0,0.0
246.53083400459764,32.51012479265755,18.79151079177514,0.0,0.0,0.0
246.53305632290065,32.52032479949022,18.789512772266708,0.0,0.0,0.0
246.53528219242764,32.53052496203781,18.78751470577564,0.0,0.0,0.0
246.5375116142436,32.54072528001506,18.78551659230297,0.0,0.0,0.0
246.53974458941482,32.550925753136255,18.783518431849767,0.0,0.0,0.0
246.54198111900868,32.561126381115145,18.781520224417076,0.0,0.0,0.0
246.54422120409362,32.571327163664996,18.77952197000594,0.0,0.0,0.0
246.5464648457394,32.58152810049857,18.77752366861742,0.0,0.0,0.0
246.54871204501688,32.59172919132812,18.77552532025258,0.0,0.0,0.0
246.55096280299807,32.60193043586539,18.773526924912453,0.0,0.0,0.0
246.5532171207562,32.61213183382164,18.771528482598097,0.0,0.0,0.0
246.5554749993656,32.622333384907634,18.76952999331057,0.0,0.0,0.0
246.5577364399018,32.6325350888336,18.767531457050918,0.0,0.0,0.0
246.5600014434415,32.64273694530928,18.765532873820195,0.0,0.0,0.0
246.5622700110626,32.65293895404391,18.763534243619457,0.0,0.0,0.0
246.56454214384405,32.66314111474624,18.76153556644975,0.0,0.0,0.0
246.5668178428661,32.673343427124465,18.75953684231213,0.0,0.0,0.0
246.5690971092101,32.683545890886336,18.757538071207655,0.0,0.0,0.0
246.57137994395868,32.69374850573905,18.75553925313736,0.0,0.0,0.0
246.5736663481954,32.703951271389315,18.753540388102316,0.0,0.0,0.0
246.5759563230053,32.714154187543336,18.751541476103565,0.0,0.0,0.0
246.5782498694744,32.7243572539068,18.749542517142164,0.0,0.0,0.0
246.58054698868983,32.7345604701849,18.747543511219156,0.0,0.0,0.0
246.58284768174016,32.74476383608231,18.74554445833561,0.0,0.0,0.0
246.5851519497149,32.7549673513032,18.743545358492565,0.0,0.0,0.0
246.58745979370485,32.7651710155512,18.74154621169107,0.0,0.0,0.0
246.58977121480194,32.7753748285295,18.7395470179322,0.0,0.0,0.0
246.5920862140993,32.7855787899407,18.737547777216978,0.0,0.0,0.0
246.59440479269122,32.795782899486944,18.73554848954647,0.0,0.0,0.0
246.59672695167316,32.80598715686985,18.733549154921732,0.0,0.0,0.0
246.59905269214187,32.81619156179049,18.73154977334382,0.0,0.0,0.0
246.6013820151951,32.82639611394951,18.729550344813763,0.0,0.0,0.0
246.60371492193192,32.836600813046935,18.72755086933264,0.0,0.0,0.0
246.60605141345252,32.84680565878236,18.725551346901483,0.0,0.0,0.0
246.60839149085837,32.85701065085483,18.72355177752136,0.0,0.0,0.0
246.610735155252,32.867215788962866,18.721552161193312,0.0,0.0,0.0
246.61308240773712,32.8774210728045,18.719552497918404,0.0,0.0,0.0
246.61543324941874,32.88762650207727,18.717552787697677,0.0,0.0,0.0
246.61778768140306,32.89783207647812,18.715553030532178,0.0,0.0,0.0
246.62014570479735,32.908037795703535,18.71355322642298,0.0,0.0,0.0
246.62250732071,32.91824365944951,18.711553375371114,0.0,0.0,0.0
246.624872530251,32.928449667411456,18.709553477377643,0.0,0.0,0.0
246.627241334531,32.93865581928431,18.707553532443622,0.0,0.0,0.0
246.62961373466217,32.94886211476248,18.705553540570094,0.0,0.0,0.0
246.63198973175778,32.95906855353985,18.70355350175812,0.0,0.0,0.0
246.63436932693236,32.96927513530979,18.701553416008746,0.0,0.0,0.0
246.63675252130153,32.97948185976517,18.69955328332303,0.0,0.0,0.0
246.63913931598216,32.9896887265983,18.697553103702013,0.0,0.0,0.0
246.64152971209225,32.999895735501006,18.69555287714676,0.0,0.0,0.0
246.64392371075118,33.01010288616458,18.69355260365832,0.0,0.0,0.0
246.6463213130792,33.02031017827979,18.691552283237737,0.0,0.0,0.0
246.64872252019816,33.03051761153689,18.68955191588608,0.0,0.0,0.0
246.65112733323082,33.04072518562558,18.68755150160439,0.0,0.0,0.0
246.65353575330118,33.05093290023511,18.685551040393715,0.0,0.0,0.0
246.65594778153456,33.06114075505413,18.68355053225511,0.0,0.0,0.0
246.6583634190573,33.07134874977082,18.68154997718964,0.0,0.0,0.0
246.66078266699714,33.0815568840728,18.679549375198338,0.0,0.0,0.0
246.66320552648293,33.091765157647195,18.677548726282275,0.0,0.0,0.0
246.66563199864464,33.10197357018058,18.675548030442485,0.0,0.0,0.0
246.66806208461358,33.11218212135902,18.673547287680034,0.0,0.0,0.0
246.67049578552223,33.122390810868055,18.671546497995966,0.0,0.0,0.0
246.67293310250417,33.132599638392705,18.66954566139134,0.0,0.0,0.0
246.6753740366944,33.142808603617425,18.667544777867203,0.0,0.0,0.0
246.67781858922885,33.15301770622619,18.665543847424615,0.0,0.0,0.0
246.68026676124487,33.16322694590244,18.663542870064617,0.0,0.0,0.0
246.68271855388096,33.17343632232905,18.661541845788264,0.0,0.0,0.0
246.6851739682768,33.18364583518843,18.65954077459662,0.0,0.0,0.0
246.68763300557336,33.19385548416238,18.657539656490723,0.0,0.0,0.0
246.69009566691273,33.204065268932254,18.65553849147163,0.0,0.0,0.0
246.69256195343817,33.21427518917881,18.653537279540394,0.0,0.0,0.0
246.69503186629433,33.22448524458231,18.651536020698074,0.0,0.0,0.0
246.69750540662696,33.23469543482249,18.649534714945705,0.0,0.0,0.0
246.699982575583,33.24490575957852,18.647533362284353,0.0,0.0,0.0
246.70246337431058,33.25511621852909,18.64553196271507,0.0,0.0,0.0
246.70494780395924,33.26532681135232,18.643530516238904,0.0,0.0,0.0
246.70743586567954,33.27553753772579,18.641529022856908,0.0,0.0,0.0
246.7099275606233,33.28574839732658,18.639527482570134,0.0,0.0,0.0
246.7124228899436,33.29595938983122,18.63752589537964,0.0,0.0,0.0
246.7149218547947,33.30617051491569,18.63552426128647,0.0,0.0,0.0
246.71742445633217,33.31638177225548,18.633522580291675,0.0,0.0,0.0
246.7199306957126,33.3265931615255,18.631520852396314,0.0,0.0,0.0
246.72244057409398,33.336804682400135,18.62951907760144,0.0,0.0,0.0
246.72495409263553,33.34701633455325,18.627517255908106,0.0,0.0,0.0
246.72747125249754,33.35722811765817,18.625515387317353,0.0,0.0,0.0
246.72999205484172,33.367440031387666,18.623513471830243,0.0,0.0,0.0
246.73251650083085,33.377652075413984,18.621511509447828,0.0,0.0,0.0
246.73504459162893,33.38786424940884,18.61950950017116,0.0,0.0,0.0
246.73757632840133,33.3980765530434,18.61750744400129,0.0,0.0,0.0
246.74011171231456,33.4082889859883,18.61550534093926,0.0,0.0,0.0
246.74265074453626,33.418501547913614,18.613503190986144,0.0,0.0,0.0
246.74519342623552,33.42871423848891,18.61150099414298,0.0,0.0,0.0
246.74773975858244,33.438927057383204,18.609498750410822,0.0,0.0,0.0
246.75028974274855,33.44914000426495,18.607496459790724,0.0,0.0,0.0
246.7528433799064,33.45935307880209,18.605494122283737,0.0,0.0,0.0
246.75540067122995,33.469566280662,18.603491737890913,0.0,0.0,0.0
246.75796161789427,33.47977960951154,18.601489306613303,0.0,0.0,0.0
246.7605262210758,33.48999306501701,18.599486828451965,0.0,0.0,0.0
246.76309448195204,33.500206646844184,18.597484303407946,0.0,0.0,0.0
246.7656664017018,33.51042035465825,18.5954817314823,0.0,0.0,0.0
246.76824198150524,33.52063418812391,18.593479112676086,0.0,0.0,0.0
246.7708212225436,33.53084814690529,18.591476446990338,0.0,0.0,0.0
246.77340412599946,33.541062230665965,18.589473734426118,0.0,0.0,0.0
246.77599069305654,33.55127643906896,18.58747097498449,0.0,0.0,0.0
246.77858092489987,33.56149077177682,18.585468168666495,0.0,0.0,0.0
246.78117482271568,33.57170522845142,18.583465315473187,0.0,0.0,0.0
246.78377238769153,33.581919808754215,18.581462415405607,0.0,0.0,0.0
246.78637362101608,33.59213451234605,18.57945946846483,0.0,0.0,0.0
246.7889785238794,33.60234933888721,18.577456474651893,0.0,0.0,0.0
246.79158709747261,33.61256428803747,18.575453433967848,0.0,0.0,0.0
246.79419934298818,33.62277935945604,18.573450346413754,0.0,0.0,0.0
246.79681526161994,33.63299455280158,18.57144721199066,0.0,0.0,0.0
246.7994348545627,33.643209867732175,18.569444030699618,0.0,0.0,0.0
246.80205812301278,33.65342530390541,18.56744080254168,0.0,0.0,0.0
246.80468506816757,33.66364086097829,18.565437527517904,0.0,0.0,0.0
246.8073156912258,33.673856538607275,18.563434205629328,0.0,0.0,0.0
246.8099499933873,33.68407233644827,18.561430836877022,0.0,0.0,0.0
246.81258797585346,33.69428825415662,18.559427421262022,0.0,0.0,0.0
246.81522963982658,33.70450429138713,18.557423958785392,0.0,0.0,0.0
246.81787498651042,33.71472044779407,18.555420449448178,0.0,0.0,0.0
246.8205240171099,33.72493672303112,18.55341689325144,0.0,0.0,0.0
246.8231767328313,33.735153116751405,18.551413290196223,0.0,0.0,0.0
246.82583313488198,33.74536962860755,18.549409640283578,0.0,0.0,0.0
246.82849322447072,33.755586258251554,18.54740594351456,0.0,0.0,0.0
246.83115700280743,33.76580300533491,18.545402199890226,0.0,0.0,0.0
246.83382447110338,33.776019869508524,18.543398409411623,0.0,0.0,0.0
246.83649563057105,33.78623685042278,18.541394572079803,0.0,0.0,0.0
246.83917048242418,33.796453947727485,18.539390687895818,0.0,0.0,0.0
246.84184902787777,33.80667116107187,18.537386756860723,0.0,0.0,0.0
246.84453126814802,33.816888490104645,18.53538277897557,0.0,0.0,0.0
246.84721720445253,33.827105934473934,18.53337875424141,0.0,0.0,0.0
246.84990683801004,33.83732349382733,18.531374682659298,0.0,0.0,0.0
246.85260017004066,33.847541167811826,18.529370564230277,0.0,0.0,0.0
246.85529720176555,33.85775895607391,18.52736639895541,0.0,0.0,0.0
246.85799793440742,33.86797685825944,18.525362186835746,0.0,0.0,0.0
246.86070236919008,33.878194874013765,18.523357927872333,0.0,0.0,0.0
246.86341050733859,33.88841300298168,18.521353622066236,0.0,0.0,0.0
246.86612235007928,33.898631244807376,18.51934926941849,0.0,0.0,0.0
246.8688378986399,33.9088495991345,18.517344869930163,0.0,0.0,0.0
246.87155715424925,33.91906806560615,18.515340423602293,0.0,0.0,0.0
246.87428011813753,33.92928664386486,18.513335930435936,0.0,0.0,0.0
246.8770067915362,33.93950533355257,18.511331390432154,0.0,0.0,0.0
246.87973717567792,33.94972413431069,18.509326803591986,0.0,0.0,0.0
246.88247127179676,33.95994304578005,18.507322169916502,0.0,0.0,0.0
246.88520908112793,33.97016206760091,18.505317489406735,0.0,0.0,0.0
246.8879506049079,33.98038119941298,18.503312762063743,0.0,0.0,0.0
246.89069584437456,33.9906004408554,18.501307987888584,0.0,0.0,0.0
246.89344480076693,34.00081979156673,18.499303166882306,0.0,0.0,0.0
