galstreams/tracks/track.po.20.0-1.mateu2018.ecsv
# %ECSV 0.9
# ---
# datatype:
# - {name: ra, unit: deg, datatype: float64}
# - {name: dec, unit: deg, datatype: float64}
# - {name: distance, unit: kpc, datatype: float64}
# - {name: pm_ra_cosdec, unit: mas / yr, datatype: float64}
# - {name: pm_dec, unit: mas / yr, datatype: float64}
# - {name: radial_velocity, unit: km / s, datatype: float64}
# delimiter: ','
# meta: !!omap
# - __serialized_columns__:
#     dec:
#       __class__: astropy.coordinates.angles.Latitude
#       unit: &id001 !astropy.units.Unit {unit: deg}
#       value: !astropy.table.SerializedColumn {name: dec}
#     distance:
#       __class__: astropy.coordinates.distances.Distance
#       unit: !astropy.units.Unit {unit: kpc}
#       value: !astropy.table.SerializedColumn {name: distance}
#     pm_dec:
#       __class__: astropy.units.quantity.Quantity
#       unit: !astropy.units.Unit {unit: mas / yr}
#       value: !astropy.table.SerializedColumn {name: pm_dec}
#     pm_ra_cosdec:
#       __class__: astropy.units.quantity.Quantity
#       unit: !astropy.units.Unit {unit: mas / yr}
#       value: !astropy.table.SerializedColumn {name: pm_ra_cosdec}
#     ra:
#       __class__: astropy.coordinates.angles.Longitude
#       unit: *id001
#       value: !astropy.table.SerializedColumn {name: ra}
#       wrap_angle: !astropy.coordinates.Angle
#         unit: *id001
#         value: 360.0
#     radial_velocity:
#       __class__: astropy.units.quantity.Quantity
#       unit: !astropy.units.Unit {unit: km / s}
#       value: !astropy.table.SerializedColumn {name: radial_velocity}
# schema: astropy-2.0
ra,dec,distance,pm_ra_cosdec,pm_dec,radial_velocity
[from data line 2342]
302.28781572508916,-26.28271272583372,26.44079481927688,0.0,0.0,0.0
302.295506308652,-26.275463656492175,26.439949400889518,0.0,0.0,0.0
302.30319570811525,-26.2682139814642,26.43910373032308,0.0,0.0,0.0
302.31088392384595,-26.260963700960883,26.43825780762088,0.0,0.0,0.0
302.3185709562115,-26.25371281519321,26.437411632826205,0.0,0.0,0.0
302.32625680557885,-26.246461324372078,26.436565205982383,0.0,0.0,0.0
302.33394147231525,-26.239209228708322,26.43571852713275,0.0,0.0,0.0
302.34162495678754,-26.231956528412688,26.43487159632066,0.0,0.0,0.0
302.3493072593628,-26.224703223695844,26.43402441358946,0.0,0.0,0.0
302.356988380408,-26.21744931476838,26.433176978982523,0.0,0.0,0.0
302.36466832029,-26.210194801840807,26.432329292543237,0.0,0.0,0.0
302.3723470793756,-26.20293968512355,26.431481354314993,0.0,0.0,0.0
302.3800246580316,-26.195683964826966,26.430633164341188,0.0,0.0,0.0
302.38770105662473,-26.18842764116133,26.429784722665257,0.0,0.0,0.0
302.39537627552176,-26.181170714336822,26.42893602933063,0.0,0.0,0.0
302.4030503150892,-26.17391318456357,26.42808708438074,0.0,0.0,0.0
302.4107231756938,-26.166655052051606,26.427237887859047,0.0,0.0,0.0
302.41839485770197,-26.159396317010874,26.42638843980902,0.0,0.0,0.0
302.42606536148025,-26.152136979651264,26.425538740274142,0.0,0.0,0.0
302.43373468739514,-26.144877040182564,26.424688789297896,0.0,0.0,0.0
302.44140283581294,-26.137616498814495,26.423838586923793,0.0,0.0,0.0
302.4490698071001,-26.130355355756688,26.422988133195343,0.0,0.0,0.0
302.45673560162277,-26.12309361121872,26.42213742815608,0.0,0.0,0.0
302.4644002197474,-26.115831265410062,26.421286471849537,0.0,0.0,0.0
302.47206366184,-26.108568318540115,26.42043526431928,0.0,0.0,0.0
302.4797259282668,-26.101304770818192,26.419583805608866,0.0,0.0,0.0
302.48738701939396,-26.094040622453555,26.418732095761857,0.0,0.0,0.0
302.4950469355875,-26.086775873655373,26.417880134821868,0.0,0.0,0.0
302.5027056772133,-26.07951052463271,26.417027922832474,0.0,0.0,0.0
302.51036324463746,-26.07224457559459,26.416175459837305,0.0,0.0,0.0
302.5180196382259,-26.064978026749923,26.41532274587999,0.0,0.0,0.0
302.5256748583443,-26.05771087830759,26.414469781004147,0.0,0.0,0.0
302.53332890535864,-26.050443130476342,26.413616565253434,0.0,0.0,0.0
302.54098177963454,-26.043174783464856,26.41276309867152,0.0,0.0,0.0
302.5486334815378,-26.035905837481778,26.411909381302078,0.0,0.0,0.0
302.5562840114341,-26.028636292735627,26.41105541318877,0.0,0.0,0.0
302.5639333696889,-26.021366149434854,26.410201194375322,0.0,0.0,0.0
302.5715815566679,-26.014095407787867,26.40934672490543,0.0,0.0,0.0
302.5792285727366,-26.006824068002913,26.40849200482281,0.0,0.0,0.0
302.5868744182603,-25.999552130288254,26.40763703417121,0.0,0.0,0.0
302.5945190936046,-25.99227959485202,26.406781812994375,0.0,0.0,0.0
302.6021625991348,-25.985006461902277,26.405926341336045,0.0,0.0,0.0
302.6098049352161,-25.977732731647006,26.405070619240007,0.0,0.0,0.0
302.6174461022139,-25.970458404294114,26.40421464675004,0.0,0.0,0.0
302.6250861004933,-25.963183480051427,26.403358423909932,0.0,0.0,0.0
302.63272493041956,-25.955907959126698,26.402501950763494,0.0,0.0,0.0
302.64036259235763,-25.948631841727607,26.401645227354543,0.0,0.0,0.0
302.64799908667277,-25.941355128061737,26.400788253726905,0.0,0.0,0.0
302.6556344137298,-25.934077818336604,26.399931029924428,0.0,0.0,0.0
302.6632685738938,-25.926799912759655,26.399073555990963,0.0,0.0,0.0
302.67090156752965,-25.919521411538227,26.39821583197039,0.0,0.0,0.0
302.67853339500215,-25.912242314879624,26.397357857906563,0.0,0.0,0.0
302.6861640566762,-25.904962622991036,26.39649963384338,0.0,0.0,0.0
302.6937935529165,-25.89768233607959,26.395641159824756,0.0,0.0,0.0
302.70142188408767,-25.890401454352325,26.394782435894594,0.0,0.0,0.0
302.70904905055454,-25.883119978016218,26.393923462096826,0.0,0.0,0.0
302.7166750526816,-25.87583790727815,26.393064238475386,0.0,0.0,0.0
302.72429989083344,-25.86855524234495,26.39220476507423,0.0,0.0,0.0
302.73192356537453,-25.86127198342333,26.391345041937313,0.0,0.0,0.0
302.73954607666934,-25.85398813071995,26.39048506910862,0.0,0.0,0.0
302.7471674250823,-25.846703684441408,26.389624846632124,0.0,0.0,0.0
302.75478761097776,-25.83941864479417,26.388764374551837,0.0,0.0,0.0
302.76240663472,-25.832133011984688,26.387903652911763,0.0,0.0,0.0
302.7700244966732,-25.824846786219293,26.387042681755922,0.0,0.0,0.0
302.7776411972017,-25.817559967704256,26.386181461128356,0.0,0.0,0.0
302.78525673666957,-25.810272556645753,26.385319991073104,0.0,0.0,0.0
302.7928711154409,-25.80298455324991,26.38445827163423,0.0,0.0,0.0
302.8004843338798,-25.795695957722764,26.3835963028558,0.0,0.0,0.0
302.8080963923502,-25.788406770270235,26.382734084781912,0.0,0.0,0.0
302.81570729121603,-25.781116991098237,26.381871617456632,0.0,0.0,0.0
302.8233170308413,-25.773826620412564,26.381008900924094,0.0,0.0,0.0
302.83092561158975,-25.76653565841892,26.380145935228402,0.0,0.0,0.0
302.8385330338252,-25.759244105322967,26.3792827204137,0.0,0.0,0.0
302.8461392979114,-25.751951961330263,26.378419256524115,0.0,0.0,0.0
302.853744404212,-25.744659226646302,26.3775555436038,0.0,0.0,0.0
302.8613483530907,-25.737365901476494,26.376691581696942,0.0,0.0,0.0
302.868951144911,-25.730071986026175,26.375827370847702,0.0,0.0,0.0
302.8765527800366,-25.722777480500596,26.374962911100283,0.0,0.0,0.0
302.8841532588309,-25.715482385104938,26.37409820249887,0.0,0.0,0.0
302.8917525816573,-25.70818670004432,26.3732332450877,0.0,0.0,0.0
302.89935074887916,-25.70089042552374,26.37236803891098,0.0,0.0,0.0
302.9069477608599,-25.693593561748152,26.371502584012962,0.0,0.0,0.0
302.91454361796275,-25.686296108922438,26.37063688043789,0.0,0.0,0.0
302.922138320551,-25.678998067251374,26.36977092823002,0.0,0.0,0.0
302.9297318689877,-25.671699436939697,26.368904727433645,0.0,0.0,0.0
302.9373242636361,-25.664400218192032,26.368038278093035,0.0,0.0,0.0
302.9449155048593,-25.657100411212927,26.367171580252492,0.0,0.0,0.0
302.9525055930202,-25.649800016206886,26.366304633956332,0.0,0.0,0.0
302.9600945284819,-25.642499033378307,26.365437439248872,0.0,0.0,0.0
302.9676823116072,-25.635197462931522,26.36456999617445,0.0,0.0,0.0
302.975268942759,-25.627895305070773,26.363702304777405,0.0,0.0,0.0
302.9828544223002,-25.620592560000258,26.3628343651021,0.0,0.0,0.0
302.9904387505935,-25.613289227924053,26.36196617719291,0.0,0.0,0.0
302.99802192800166,-25.605985309046176,26.361097741094216,0.0,0.0,0.0
303.00560395488725,-25.598680803570595,26.360229056850404,0.0,0.0,0.0
303.013184831613,-25.591375711701158,26.359360124505884,0.0,0.0,0.0
303.0207645585414,-25.58407003364166,26.358490944105064,0.0,0.0,0.0
303.028343136035,-25.57676376959581,26.35762151569239,0.0,0.0,0.0
303.03592056445615,-25.56945691976726,26.356751839312302,0.0,0.0,0.0
303.0434968441674,-25.56214948435954,26.355881915009245,0.0,0.0,0.0
303.05107197553104,-25.554841463576167,26.355011742827692,0.0,0.0,0.0
303.0586459589094,-25.547532857620517,26.35414132281211,0.0,0.0,0.0
303.0662187946646,-25.54022366669594,26.353270655007,0.0,0.0,0.0
303.07379048315903,-25.53291389100568,26.35239973945686,0.0,0.0,0.0
303.08136102475476,-25.525603530752914,26.351528576206206,0.0,0.0,0.0
303.0889304198138,-25.51829258614074,26.350657165299552,0.0,0.0,0.0
303.09649866869825,-25.510981057372174,26.349785506781444,0.0,0.0,0.0
303.1040657717702,-25.503668944650165,26.34891360069643,0.0,0.0,0.0
303.1116317293914,-25.49635624817759,26.348041447089066,0.0,0.0,0.0
303.1191965419239,-25.489042968157246,26.347169046003934,0.0,0.0,0.0
303.1267602097294,-25.48172910479182,26.346296397485613,0.0,0.0,0.0
303.13432273316977,-25.474414658283976,26.3454235015787,0.0,0.0,0.0
303.14188411260676,-25.467099628836273,26.344550358327798,0.0,0.0,0.0
303.1494443484019,-25.459784016651195,26.343676967777547,0.0,0.0,0.0
303.1570034409169,-25.452467821931155,26.34280332997255,0.0,0.0,0.0
303.1645613905135,-25.445151044878475,26.341929444957472,0.0,0.0,0.0
303.17211819755295,-25.43783368569543,26.34105531277697,0.0,0.0,0.0
303.1796738623968,-25.430515744584177,26.3401809334757,0.0,0.0,0.0
303.1872283854065,-25.423197221746847,26.339306307098344,0.0,0.0,0.0
303.19478176694344,-25.415878117385454,26.3384314336896,0.0,0.0,0.0
303.20233400736896,-25.40855843170194,26.33755631329417,0.0,0.0,0.0
303.20988510704416,-25.40123816489821,26.336680945956772,0.0,0.0,0.0
303.2174350663303,-25.39391731717603,26.33580533172212,0.0,0.0,0.0
303.22498388558864,-25.386595888737137,26.334929470634968,0.0,0.0,0.0
303.2325315651802,-25.37927387978319,26.334053362740065,0.0,0.0,0.0
303.240078105466,-25.37195129051575,26.333177008082167,0.0,0.0,0.0
303.24762350680703,-25.364628121136306,26.332300406706047,0.0,0.0,0.0
303.2551677695643,-25.357304371846283,26.331423558656503,0.0,0.0,0.0
303.2627108940987,-25.349980042847033,26.33054646397833,0.0,0.0,0.0
303.270252880771,-25.342655134339797,26.329669122716332,0.0,0.0,0.0
303.277793729942,-25.335329646525793,26.328791534915336,0.0,0.0,0.0
303.28533344197245,-25.328003579606115,26.32791370062018,0.0,0.0,0.0
303.29287201722303,-25.320676933781822,26.327035619875694,0.0,0.0,0.0
303.3004094560543,-25.31334970925386,26.32615729272675,0.0,0.0,0.0
303.307945758827,-25.306021906223123,26.325278719218222,0.0,0.0,0.0
303.3154809259014,-25.298693524890414,26.324399899394983,0.0,0.0,0.0
303.3230149576382,-25.29136456545649,26.323520833301927,0.0,0.0,0.0
303.33054785439765,-25.284035028121984,26.32264152098396,0.0,0.0,0.0
303.33807961654014,-25.276704913087496,26.321761962485994,0.0,0.0,0.0
303.3456102444261,-25.269374220553537,26.32088215785296,0.0,0.0,0.0
303.3531397384156,-25.262042950720527,26.320002107129817,0.0,0.0,0.0
303.360668098869,-25.254711103788825,26.319121810361484,0.0,0.0,0.0
303.3681953261463,-25.247378679958725,26.318241267592953,0.0,0.0,0.0
303.3757214206077,-25.24004567943042,26.317360478869183,0.0,0.0,0.0
303.3832463826132,-25.23271210240404,26.316479444235174,0.0,0.0,0.0
303.39077021252285,-25.225377949079643,26.315598163735924,0.0,0.0,0.0
303.3982929106965,-25.21804321965721,26.314716637416435,0.0,0.0,0.0
303.40581447749406,-25.21070791433664,26.313834865321734,0.0,0.0,0.0
303.4133349132754,-25.203372033317766,26.31295284749686,0.0,0.0,0.0
303.42085421840017,-25.19603557680033,26.312070583986866,0.0,0.0,0.0
303.4283723932282,-25.18869854498402,26.311188074836796,0.0,0.0,0.0
303.43588943811915,-25.18136093806844,26.310305320091736,0.0,0.0,0.0
303.4434053534326,-25.1740227562531,26.309422319796752,0.0,0.0,0.0
303.45092013952814,-25.16668399973746,26.30853907399695,0.0,0.0,0.0
303.4584337967653,-25.159344668720895,26.307655582737436,0.0,0.0,0.0
303.4659463255034,-25.152004763402704,26.306771846063324,0.0,0.0,0.0
303.473457726102,-25.144664283982124,26.30588786401974,0.0,0.0,0.0
303.4809679989204,-25.13732323065829,26.30500363665183,0.0,0.0,0.0
303.48847714431787,-25.129981603630288,26.30411916400475,0.0,0.0,0.0
303.4959851626536,-25.1226394030971,26.303234446123657,0.0,0.0,0.0
303.5034920542868,-25.115296629257664,26.302349483053742,0.0,0.0,0.0
303.5109978195768,-25.107953282310827,26.30146427484017,0.0,0.0,0.0
303.5185024588824,-25.10060936245536,26.30057882152817,0.0,0.0,0.0
303.52600597256276,-25.093264869889968,26.299693123162925,0.0,0.0,0.0
303.5335083609768,-25.085919804813276,26.298807179789677,0.0,0.0,0.0
303.5410096244834,-25.07857416742382,26.29792099145366,0.0,0.0,0.0
303.5485097634416,-25.071227957920087,26.297034558200117,0.0,0.0,0.0
303.55600877821007,-25.063881176500463,26.29614788007431,0.0,0.0,0.0
303.56350666914756,-25.05653382336329,26.29526095712151,0.0,0.0,0.0
303.57100343661284,-25.049185898706806,26.294373789387,0.0,0.0,0.0
303.57849908096443,-25.041837402729183,26.293486376916068,0.0,0.0,0.0
303.58599360256113,-25.034488335628524,26.292598719754032,0.0,0.0,0.0
303.5934870017613,-25.027138697602865,26.291710817946193,0.0,0.0,0.0
303.6009792789235,-25.019788488850136,26.290822671537896,0.0,0.0,0.0
303.6084704344061,-25.01243770956822,26.28993428057448,0.0,0.0,0.0
303.6159604685676,-25.005086359954923,26.289045645101293,0.0,0.0,0.0
303.6234493817662,-24.99773444020797,26.2881567651637,0.0,0.0,0.0
303.63093717436027,-24.990381950525006,26.28726764080708,0.0,0.0,0.0
303.63842384670795,-24.98302889110361,26.28637827207682,0.0,0.0,0.0
303.6459093991674,-24.97567526214129,26.285488659018323,0.0,0.0,0.0
303.6533938320968,-24.96832106383546,26.284598801677,0.0,0.0,0.0
303.66087714585416,-24.96096629638349,26.283708700098266,0.0,0.0,0.0
303.66835934079745,-24.95361095998264,26.28281835432757,0.0,0.0,0.0
303.6758404172846,-24.946255054830125,26.281927764410355,0.0,0.0,0.0
303.6833203756736,-24.938898581123073,26.281036930392073,0.0,0.0,0.0
303.69079921632215,-24.93154153905854,26.2801458523182,0.0,0.0,0.0
303.69827693958814,-24.924183928833507,26.279254530234216,0.0,0.0,0.0
303.7057535458292,-24.916825750644872,26.278362964185618,0.0,0.0,0.0
303.7132290354032,-24.90946700468948,26.277471154217903,0.0,0.0,0.0
303.7207034086676,-24.902107691164066,26.276579100376594,0.0,0.0,0.0
303.7281766659799,-24.89474781026534,26.275686802707234,0.0,0.0,0.0
303.7356488076977,-24.88738736218989,26.27479426125534,0.0,0.0,0.0
303.7431198341785,-24.88002634713427,26.273901476066474,0.0,0.0,0.0
303.7505897457796,-24.87266476529492,26.273008447186204,0.0,0.0,0.0
303.75805854285846,-24.865302616868245,26.2721151746601,0.0,0.0,0.0
303.7655262257722,-24.85793990205054,26.271221658533754,0.0,0.0,0.0
303.77299279487823,-24.850576621038055,26.270327898852763,0.0,0.0,0.0
303.7804582505337,-24.84321277402694,26.269433895662743,0.0,0.0,0.0
303.78792259309563,-24.83584836121331,26.268539649009302,0.0,0.0,0.0
303.79538582292116,-24.82848338279316,26.267645158938087,0.0,0.0,0.0
303.80284794036737,-24.821117838962426,26.26675042549475,0.0,0.0,0.0
303.81030894579106,-24.813751729916994,26.265855448724928,0.0,0.0,0.0
303.81776883954933,-24.806385055852658,26.2649602286743,0.0,0.0,0.0
303.8252276219989,-24.799017816965122,26.264064765388554,0.0,0.0,0.0
303.83268529349664,-24.79165001345004,26.263169058913377,0.0,0.0,0.0
303.84014185439923,-24.784281645502986,26.262273109294473,0.0,0.0,0.0
303.8475973050634,-24.776912713319454,26.261376916577557,0.0,0.0,0.0
303.8550516458458,-24.769543217094864,26.260480480808365,0.0,0.0,0.0
303.86250487710294,-24.76217315702458,26.259583802032623,0.0,0.0,0.0
303.86995699919146,-24.754802533303874,26.25868688029609,0.0,0.0,0.0
303.87740801246775,-24.747431346127936,26.257789715644524,0.0,0.0,0.0
303.8848579172882,-24.74005959569192,26.256892308123707,0.0,0.0,0.0
303.8923067140092,-24.732687282190863,26.255994657779414,0.0,0.0,0.0
303.899754402987,-24.725314405819752,26.255096764657452,0.0,0.0,0.0
303.907200984578,-24.71794096677349,26.254198628803625,0.0,0.0,0.0
303.9146464591382,-24.710566965246915,26.253300250263756,0.0,0.0,0.0
303.92209082702396,-24.703192401434794,26.252401629083682,0.0,0.0,0.0
303.92953408859114,-24.695817275531816,26.251502765309237,0.0,0.0,0.0
303.93697624419593,-24.688441587732587,26.250603658986282,0.0,0.0,0.0
303.94441729419424,-24.681065338231644,26.249704310160688,0.0,0.0,0.0
303.95185723894195,-24.673688527223472,26.248804718878326,0.0,0.0,0.0
303.959296078795,-24.666311154902445,26.24790488518509,0.0,0.0,0.0
303.96673381410915,-24.6589332214629,26.24700480912689,0.0,0.0,0.0
303.97417044524013,-24.65155472709907,26.246104490749627,0.0,0.0,0.0
303.9816059725437,-24.644175672005137,26.245203930099237,0.0,0.0,0.0
303.98904039637546,-24.6367960563752,26.244303127221652,0.0,0.0,0.0
303.9964737170911,-24.629415880403286,26.243402082162817,0.0,0.0,0.0
304.00390593504596,-24.622035144283345,26.2425007949687,0.0,0.0,0.0
304.01133705059567,-24.61465384820926,26.241599265685274,0.0,0.0,0.0
304.0187670640955,-24.607271992374848,26.24069749435851,0.0,0.0,0.0
304.02619597590103,-24.599889576973823,26.23979548103442,0.0,0.0,0.0
304.03362378636734,-24.59250660219986,26.238893225758996,0.0,0.0,0.0
304.04105049584984,-24.585123068246553,26.237990728578264,0.0,0.0,0.0
