galstreams/tracks/track.st.Gaia-9.ibata2021.ecsv
# %ECSV 1.0
# ---
# datatype:
# - {name: ra, unit: deg, datatype: float64}
# - {name: dec, unit: deg, datatype: float64}
# - {name: distance, unit: kpc, datatype: float64}
# - {name: pm_ra_cosdec, unit: mas / yr, datatype: float64}
# - {name: pm_dec, unit: mas / yr, datatype: float64}
# - {name: radial_velocity, unit: km / s, datatype: float64}
# delimiter: ','
# meta: !!omap
# - __serialized_columns__:
#     dec:
#       __class__: astropy.coordinates.angles.Latitude
#       unit: &id001 !astropy.units.Unit {unit: deg}
#       value: !astropy.table.SerializedColumn {name: dec}
#     distance:
#       __class__: astropy.coordinates.distances.Distance
#       unit: !astropy.units.Unit {unit: kpc}
#       value: !astropy.table.SerializedColumn {name: distance}
#     pm_dec:
#       __class__: astropy.units.quantity.Quantity
#       unit: !astropy.units.Unit {unit: mas / yr}
#       value: !astropy.table.SerializedColumn {name: pm_dec}
#     pm_ra_cosdec:
#       __class__: astropy.units.quantity.Quantity
#       unit: !astropy.units.Unit {unit: mas / yr}
#       value: !astropy.table.SerializedColumn {name: pm_ra_cosdec}
#     ra:
#       __class__: astropy.coordinates.angles.Longitude
#       unit: *id001
#       value: !astropy.table.SerializedColumn {name: ra}
#       wrap_angle: !astropy.coordinates.Angle
#         unit: *id001
#         value: 360.0
#     radial_velocity:
#       __class__: astropy.units.quantity.Quantity
#       unit: !astropy.units.Unit {unit: km / s}
#       value: !astropy.table.SerializedColumn {name: radial_velocity}
# schema: astropy-2.0
ra,dec,distance,pm_ra_cosdec,pm_dec,radial_velocity
[from data line 1567]
240.9033385628798,57.555557243632556,4.4574837572409685,-10.19416530280009,6.776359142480713,-213.64704451078578
240.91106611343616,57.546276712823676,4.4583686527138635,-10.190893140053252,6.77434174282403,-213.75618210440672
240.91878643309568,57.5369948168045,4.459254863767042,-10.187624078983207,6.772323103125766,-213.86571336238973
240.92649952166872,57.527711555139206,4.460142391816228,-10.184358122218347,6.77030322649068,-213.97563896923404
240.93420537896603,57.51842692739191,4.46103123827714,-10.181095272385937,6.768282116023257,-214.08595960943933
240.9419040047985,57.50914093312664,4.461921404565506,-10.177835532112157,6.766259774827639,-214.1966759675049
240.94959539897704,57.49985357190744,4.462812892097044,-10.174578904022146,6.764236206007657,-214.30778872792993
240.95727956131307,57.49056484329825,4.463705702287474,-10.171325390739923,6.762211412666835,-214.41929857521407
240.964956491618,57.481274746863015,4.464599836552525,-10.168074994888437,6.760185397908366,-214.53120619385652
240.97262618970342,57.47198328216552,4.465495296307912,-10.164827719089606,6.758158164835093,-214.64351226835677
240.98028865538132,57.462690448769614,4.466392082969363,-10.161583565964202,6.756129716549583,-214.75621748321439
240.98794388846363,57.453396246238995,4.467290197952598,-10.158342538132004,6.754100056154002,-214.86932252292826
240.99559188876276,57.444100674137374,4.468189642673337,-10.155104638211663,6.752069186750249,-214.98282807199826
241.00323265609106,57.43480373202832,4.4690904185473075,-10.15186986882082,6.7500371114398,-215.09673481492354
241.0108661902611,57.42550541947542,4.469992526990228,-10.148638232576046,6.748003833323856,-215.21104343620334
241.018492491086,57.416205736042116,4.470895969417821,-10.145409732092808,6.74596935550325,-215.32575462033742
241.02611155837863,57.40690468129186,4.471800747245811,-10.14218436998558,6.743933681078434,-215.44086905182488
241.03372339195238,57.39760225478799,4.472706861889916,-10.13896214886774,6.7418968131495625,-215.55638741516535
241.04132799162062,57.388298456093786,4.473614314765864,-10.13574307135165,6.739858754816369,-215.67231039485787
241.04892535719708,57.378993284772456,4.474523107289371,-10.132527140048607,6.737819509178272,-215.78863867540198
241.05651548849565,57.36968674038714,4.475433240876163,-10.129314357568859,6.735779079334304,-215.90537294129726
241.0640983853304,57.36037882250089,4.476344716941962,-10.126104726521632,6.733737468383133,-216.02251387704288
241.0716740475156,57.3510695306767,4.477257536902491,-10.122898249515105,6.731694679423045,-216.14006216713818
241.07924247486574,57.3417588644775,4.4781717021734675,-10.119694929156417,6.729650715551982,-216.2580184960827
241.0868036671955,57.332446823466086,4.4790872141706215,-10.116494768051684,6.727605579867458,-216.37638354837577
241.09435762431985,57.32313340720524,4.480004074309669,-10.113297768805984,6.725559275466651,-216.49515800851668
241.10190434605389,57.31381861525761,4.4809222840063345,-10.110103934023359,6.723511805446338,-216.61434256100515
241.10944383221283,57.30450244718581,4.481841844676341,-10.106913266306856,6.721463172902879,-216.73393789033997
241.1169760826123,57.29518490255233,4.482762757735409,-10.103725768258466,6.7194133809322985,-216.85394468102115
241.1245010970679,57.28586598091958,4.483685024599262,-10.1005414424792,6.717362432630158,-216.97436361754768
241.13201887539566,57.27654568184989,4.484608646683623,-10.097360291569002,6.715310331091671,-217.095195384419
241.13952941741172,57.26722400490552,4.485533625404211,-10.094182318126844,6.713257079411639,-217.21644066613467
241.14703272293232,57.257900949648594,4.486459962176751,-10.091007524750683,6.71120268068443,-217.3381001471938
241.1545287917741,57.248576515641204,4.4873876584169645,-10.087835914037443,6.709147138004042,-217.460174512096
241.16201762375383,57.23925070244528,4.488316715540574,-10.084667488583058,6.707090454464028,-217.5826644453407
241.16949921868837,57.22992350962272,4.4892471349633025,-10.081502250982464,6.705032633157531,-217.70557063142712
241.17697357639494,57.22059493673528,4.490178918100871,-10.078340203829585,6.70297367717729,-217.82889375485462
241.1844406966909,57.21126498334465,4.491112066369001,-10.07518134971738,6.700913589615599,-217.95263450012268
241.1919005793939,57.201933649012396,4.492046581183418,-10.072025691237748,6.69885237356435,-218.07679355173073
241.19935322432164,57.1926009333,4.492982463959841,-10.06887323098167,6.696790032114984,-218.20137159417797
241.20679863129217,57.18326683576883,4.493919716113993,-10.065723971539082,6.6947265683585195,-218.326369311964
241.2142368001237,57.173931355980166,4.494858339061597,-10.062577915498972,6.692661985385529,-218.45178738958796
241.2216677306347,57.16459449349515,4.495798334218376,-10.05943506544931,6.6905962862861665,-218.5776265115496
241.2290914226437,57.15525624787486,4.49673970300005,-10.056295423977115,6.688529474150117,-218.70388736234804
241.23650787596955,57.145916618680225,4.497682446822341,-10.053158993668431,6.686461552066623,-218.83057062648263
241.24391709043132,57.13657560547211,4.498626567100976,-10.050025777108287,6.684392523124483,-218.95767698845276
241.25131906584826,57.12723320781122,4.499572065251672,-10.046895776880767,6.6823223904120574,-219.08520713275797
241.2587138020399,57.11788942525817,4.500518942690154,-10.043768995568986,6.6802511570172225,-219.2131617438977
241.26610129882582,57.10854425737348,4.501467200832142,-10.040645435755094,6.678178826027408,-219.3415415063711
241.27348155602596,57.09919770371751,4.502416841093361,-10.037525100020257,6.67610540052958,-219.47034710467756
241.28085457346035,57.089849763850545,4.503367864889531,-10.034407990944715,6.674030883610235,-219.59957922331654
241.28822035094942,57.08050043733271,4.5043202736363765,-10.031294111107687,6.671955278355404,-219.7292385467875
241.29557888831357,57.071149723724055,4.505274068749617,-10.028183463087512,6.669878587850636,-219.85932575958986
241.3029301853736,57.06179762258448,4.506229251644977,-10.025076049461518,6.66780081518101,-219.98984154622283
241.3102742419504,57.052444133473756,4.507185823738178,-10.021971872806112,6.665721963431113,-220.12078659118583
241.31761105786518,57.04308925595155,4.5081437864449425,-10.018870935696736,6.663642035685076,-220.25216157897833
241.32494063293927,57.033732989577395,4.509103141180993,-10.015773240707887,6.66156103502651,-220.3839671940997
241.3322629669942,57.0243753339107,4.510063889362049,-10.012678790413158,6.659478964538555,-220.51620412104916
241.3395780598519,57.015016288510715,4.511026032403836,-10.009587587385122,6.657395827303856,-220.6488730443264
241.34688591133423,57.005655852936606,4.511989571722076,-10.006499634195494,6.655311626404558,-220.78197464843055
241.35418652126347,56.99629402674737,4.51295450873249,-10.003414933415018,6.653226364922308,-220.9155096178611
241.36147988946203,56.9869308095019,4.513920844850801,-10.000333487613503,6.651140045938239,-221.04947863711752
241.3687660157525,56.97756620075893,4.51488858149273,-9.997255299359857,6.649052672532987,-221.18388239069887
241.37604489995783,56.96820020007706,4.515857720074001,-9.994180371222019,6.646964247786682,-221.31872156310476
241.383316541901,56.95883280701476,4.5168282620103355,-9.99110870576704,6.644874774778934,-221.4539968388347
241.39058094140535,56.94946402113037,4.517800208717456,-9.988040305561029,6.64278425658884,-221.58970890238788
241.3978380982943,56.940093841982055,4.518773561611084,-9.984975173169202,6.640692696294956,-221.7258584382637
241.40508801239164,56.930722269127884,4.519748322106944,-9.98191331115582,6.638600096975365,-221.86244613096173
241.41233068352125,56.92134930212573,4.5207244916207525,-9.978854722084279,6.63650646170757,-221.99947266498106
241.4195661115073,56.91197494053338,4.52170207156824,-9.975799408517007,6.634411793568569,-222.13693872482142
241.42679429617405,56.90259918390842,4.522681063365123,-9.972747373015595,6.632316095634821,-222.27484499498192
241.43401523734607,56.893222031808314,4.523661468427124,-9.969698618140686,6.630219370982255,-222.41319215996188
241.44122893484823,56.88384348379037,4.524643288169969,-9.96665314645201,6.628121622686249,-222.55198090426094
241.44843538850546,56.874463539411735,4.5256265240093745,-9.963610960508444,6.626022853821661,-222.69121191237844
241.45563459814298,56.86508219822946,4.526611177361069,-9.960572062867906,6.62392306746277,-222.8308858688136
241.46282656358622,56.85569945980034,4.5275972496407695,-9.957536456087478,6.621822266683331,-222.97100345806598
241.47001128466073,56.84631532368109,4.5285847422642025,-9.954504142723344,6.6197204545565285,-223.1115653646348
241.47718876119245,56.836929789428254,4.529573656647088,-9.951475125330763,6.617617634155003,-223.25257227301964
241.48435899300748,56.827542856598214,4.530563994205148,-9.94844940646413,6.61551380855084,-223.39402486771974
241.49152197993192,56.81815452474717,4.531555756354105,-9.945426988676985,6.613408980815542,-223.53592383323436
241.49867772179252,56.808764793431195,4.532548944509682,-9.942407874521919,6.6113031540200655,-223.6782698540633
241.5058262184158,56.799373662206186,4.533543560087603,-9.939392066550733,6.60919633123479,-223.82106361470557
241.51296746962873,56.789981130627865,4.534539604503585,-9.936379567314287,6.6070885155295205,-223.9643057996606
241.52010147525854,56.7805871982518,4.535537079173353,-9.933370379362595,6.604979709973499,-224.107997093428
241.52722823513247,56.77119186463338,4.536535985512631,-9.930364505244803,6.602869917635362,-224.25213818050693
241.53434774907814,56.76179512932784,4.53753632493714,-9.927361947509196,6.600759141583185,-224.39672974539678
241.54146001692342,56.75239699189023,4.538538098862601,-9.924362708703166,6.598647384884469,-224.54177247259716
241.5485650384962,56.74299745187544,4.539541308704739,-9.921366791373282,6.596534650606087,-224.6872670466072
241.5556628136247,56.73359650883816,4.540545955879273,-9.918374198065255,6.59442094181435,-224.83321415192634
241.5627533421375,56.72419416233297,4.5415520418019275,-9.915384931323887,6.59230626157499,-224.97961447305406
241.56983662386315,56.714790411914194,4.542559567888425,-9.912398993693197,6.5901906129530925,-225.12646869448977
241.57691265863053,56.70538525713602,4.543568535554486,-9.909416387716316,6.588073999013172,-225.27377750073254
241.58398144626875,56.695978697552476,4.544578946215832,-9.906437115935537,6.585956422819146,-225.42154157628212
241.59104298660714,56.68657073271735,4.54559080128819,-9.903461180892297,6.5838378874342975,-225.5697616056378
241.5980972794752,56.6771613621843,4.5466041021872785,-9.900488585127206,6.581718395921325,-225.71843827329883
241.6051443247027,56.667750585506795,4.547618850328819,-9.897519331180046,6.579597951342299,-225.86757226376486
241.61218412211963,56.65833840223808,4.548635047128534,-9.894553421589723,6.577476556758676,-226.01716426153519
241.61921667155605,56.64892481193126,4.54965269400215,-9.89159085889437,6.57535421523127,-226.1672149511089
241.62624197284242,56.63950981413923,4.550671792365384,-9.888631645631236,6.5732309298203075,-226.31772501698555
241.63326002580936,56.630093408414695,4.551692343633961,-9.885675784336769,6.5711067035853645,-226.46869514366466
241.64027083028776,56.62067559431018,4.552714349223602,-9.882723277546575,6.568981539585409,-226.62012601564552
241.64727438610853,56.61125637137801,4.55373781055003,-9.879774127795464,6.56685544087874,-226.7720183174275
241.65427069310303,56.6018357391703,4.554762729028969,-9.876828337617402,6.564728410523041,-226.92437273350995
241.66125975110273,56.592413697239,4.555789106076138,-9.873885909545555,6.5626004515753635,-227.0771899483923
241.66824155993936,56.58299024513585,4.55681694310726,-9.870946846112254,6.5604715670921046,-227.2304706465741
241.67521611944483,56.5735653824124,4.557846241538059,-9.868011149849039,6.558341760129008,-227.38421551255448
241.68218342945124,56.56413910861998,4.558877002784256,-9.865078823286641,6.556211033741192,-227.53842523083298
241.68914348979095,56.55471142330975,4.559909228261573,-9.862149868954987,6.554079390983091,-227.6931004859087
241.69609630029657,56.54528232603262,4.560942919385734,-9.859224289383175,6.551946834908513,-227.84824196228163
241.7030418608009,56.535851816339346,4.561978077572457,-9.856302087099529,6.5498133685705895,-228.00385034445043
241.70998017113683,56.52641989378046,4.56301470423747,-9.853383264631587,6.547678995021771,-228.15992631691483
241.71691123113783,56.51698655790628,4.564052800796492,-9.85046782450604,6.545543717313912,-228.31647056417458
241.7238350406371,56.50755180826693,4.565092368665245,-9.847555769248853,6.543407538498116,-228.4734837707283
241.73075159946848,56.4981156444123,4.566133409259452,-9.84464710138515,6.541270461624864,-228.63096662107588
241.7376609074657,56.4886780658921,4.567175923994834,-9.841741823439307,6.539132489743942,-228.78891979971664
241.74456296446306,56.47923907225582,4.568219914287115,-9.838839937934877,6.53699362590448,-228.9473439911499
241.75145777029473,56.469798663052714,4.569265381552019,-9.835941447394664,6.534853873154901,-229.10623987987512
241.75834532479536,56.46035683783183,4.570312327205265,-9.833046354340677,6.532713234542967,-229.2656081503917
241.76522562779957,56.45091359614204,4.5713607526625735,-9.830154661294186,6.530571713115726,-229.4254494871987
241.77209867914243,56.44146893753192,4.572410659339673,-9.827266370775618,6.52842931191955,-229.58576457479597
241.7789644786592,56.432022861549896,4.573462048652281,-9.824381485304693,6.52628603400014,-229.74655409768258
241.78582302618514,56.422575367744145,4.57451492201612,-9.821500007400338,6.524141882402458,-229.90781874035795
241.79267432155604,56.41312645566262,4.575569280846914,-9.818621939580716,6.521996860170789,-230.0695591873216
241.79951836460765,56.40367612485305,4.576625126560384,-9.815747284363233,6.519850970348719,-230.23177612307285
241.8063551551761,56.39422437486296,4.5776824605722535,-9.812876044264538,6.5177042159791245,-230.39447023211113
241.81318469309767,56.38477120523961,4.578741284298244,-9.810008221800516,6.515556600104164,-230.55764219893564
241.82000697820885,56.37531661553006,4.579801599154077,-9.807143819486306,6.513408125765286,-230.72129270804604
241.82682201034643,56.365860605281135,4.580863406555475,-9.804282839836286,6.51125879600324,-230.88542244394154
241.83362978934736,56.35640317403943,4.5819267079181625,-9.801425285364099,6.509108613858045,-231.05003209112158
241.84043031504868,56.34694432135131,4.582991504657859,-9.79857115858265,6.506957582368967,-231.21512233408538
241.84722358728794,56.33748404676288,4.584057798190287,-9.795720462004073,6.50480570457462,-231.38069385733255
241.85400960590272,56.32802234982005,4.585125589931171,-9.792873198139777,6.502652983512823,-231.5467473453625
241.86078837073072,56.31855923006848,4.586194881296231,-9.79002936950045,6.50049942222069,-231.71328348267429
241.86755988161013,56.309094687053566,4.58726567370119,-9.78718897859602,6.498345023734611,-231.88030295376763
241.87432413837914,56.2996287203205,4.588337968561771,-9.784352027935704,6.496189791090224,-232.04780644314172
241.88108114087626,56.29016132941421,4.589411767293695,-9.781518520027971,6.49403372732243,-232.21579463529602
241.8878308889403,56.280692513879394,4.590487071312684,-9.778688457380568,6.491876835465398,-232.38426821473007
241.89457338240996,56.271222273260506,4.591563882034462,-9.775861842500557,6.489719118552521,-232.5532278659429
241.90130862112457,56.26175060710175,4.59264220087475,-9.773038677894213,6.487560579616479,-232.72267427343417
241.9080366049234,56.252277514947075,4.593722029249272,-9.770218966067144,6.485401221689177,-232.89260812170318
241.91475733364612,56.24280299634021,4.5948033685737455,-9.76740270952423,6.483241047801778,-233.0630300952494
241.92147080713244,56.233327050824606,4.595886220263899,-9.764589910769626,6.481080060984667,-233.23394087857196
