galstreams/tracks/track.st.C-12.ibata2024.ecsv
# %ECSV 1.0
# ---
# datatype:
# - {name: ra, unit: deg, datatype: float64}
# - {name: dec, unit: deg, datatype: float64}
# - {name: distance, unit: kpc, datatype: float64}
# - {name: pm_ra_cosdec, unit: mas / yr, datatype: float64}
# - {name: pm_dec, unit: mas / yr, datatype: float64}
# - {name: radial_velocity, unit: km / s, datatype: float64}
# delimiter: ','
# meta: !!omap
# - __serialized_columns__:
#     dec:
#       __class__: astropy.coordinates.angles.Latitude
#       unit: &id001 !astropy.units.Unit {unit: deg}
#       value: !astropy.table.SerializedColumn {name: dec}
#     distance:
#       __class__: astropy.coordinates.distances.Distance
#       unit: !astropy.units.Unit {unit: kpc}
#       value: !astropy.table.SerializedColumn {name: distance}
#     pm_dec:
#       __class__: astropy.units.quantity.Quantity
#       unit: !astropy.units.Unit {unit: mas / yr}
#       value: !astropy.table.SerializedColumn {name: pm_dec}
#     pm_ra_cosdec:
#       __class__: astropy.units.quantity.Quantity
#       unit: !astropy.units.Unit {unit: mas / yr}
#       value: !astropy.table.SerializedColumn {name: pm_ra_cosdec}
#     ra:
#       __class__: astropy.coordinates.angles.Longitude
#       unit: *id001
#       value: !astropy.table.SerializedColumn {name: ra}
#       wrap_angle: !astropy.coordinates.Angle
#         unit: *id001
#         value: 360.0
#     radial_velocity:
#       __class__: astropy.units.quantity.Quantity
#       unit: !astropy.units.Unit {unit: km / s}
#       value: !astropy.table.SerializedColumn {name: radial_velocity}
# schema: astropy-2.0
ra,dec,distance,pm_ra_cosdec,pm_dec,radial_velocity
[from data line 1894]
102.52737232536587,-30.46686217406586,1.0,-1.2164670721939004,-1.2781448006383869,292.46703514041457
102.5390082178738,-30.468473447244765,1.0,-1.2171639588930834,-1.277692744759797,292.50586883060197
102.5506442976056,-30.470086683013395,1.0000000000000002,-1.2178594465965809,-1.2772402500702462,292.5447824028203
102.56228056515192,-30.471701885133733,1.0,-1.2185535328222894,-1.2767873155918075,292.5837759743867
102.57391702110525,-30.473319057367718,1.0000000000000002,-1.219246215088404,-1.276333940345502,292.6228496626189
102.58555366605995,-30.47493820347721,1.0000000000000002,-1.219937490913443,-1.2758801233513672,292.6620035848343
102.59719050061226,-30.476559327224074,1.0,-1.2206273578162161,-1.2754258636282998,292.7012378583502
102.60882752536027,-30.47818243237012,1.0,-1.221315813315842,-1.2749711601942089,292.7405526004843
102.62046474090394,-30.479807522677103,1.0,-1.2220028549317625,-1.2745160120659236,292.779947928554
102.63210214784512,-30.48143460190677,1.0000000000000002,-1.2226884801836917,-1.2740604182592392,292.8194239598768
102.64373974678747,-30.4830636738208,1.0000000000000004,-1.2233726865916932,-1.2736043777889101,292.8589808117701
102.65537753833657,-30.484694742180835,1.0000000000000004,-1.2240554716760936,-1.2731478896686141,292.89861860155133
102.66701552309983,-30.486327810748488,1.0000000000000004,-1.2247368329575803,-1.272690952911006,292.938337446538
102.67865370168656,-30.487962883285306,1.0000000000000004,-1.225416767957089,-1.2722335665276852,292.9781374640476
102.6902920747079,-30.48959996355281,1.0000000000000004,-1.2260952741959148,-1.2717757295292031,293.0180187713977
102.70193064277689,-30.49123905531248,1.0000000000000004,-1.2267723491956328,-1.2713174409250563,293.0579814859055
102.71356940650843,-30.49288016232573,1.0000000000000004,-1.2274479904781508,-1.270858699723707,293.09802572488877
102.72520836651927,-30.494523288353967,1.0000000000000004,-1.2281221955656676,-1.2703995049325378,293.13815160566475
102.73684752342803,-30.496168437158524,1.0000000000000002,-1.228794961980677,-1.269939855557915,293.17835924555095
102.74848687785523,-30.497815612500684,1.0000000000000004,-1.2294662872460247,-1.2694797506051607,293.218648761865
102.76012643042324,-30.499464818141718,1.0000000000000004,-1.2301361688848473,-1.2690191890785165,293.25902027192416
102.77176618175629,-30.501116057842818,1.0000000000000002,-1.230804604420575,-1.268558169981194,293.2994738930459
102.7834061324805,-30.50276933536514,1.0000000000000004,-1.2314715913769856,-1.2680966923153605,293.34000974254786
102.79504628322384,-30.504424654469823,1.0000000000000002,-1.2321371272781363,-1.2676347550821063,293.38062793774736
102.80668663461614,-30.506082018917883,1.0000000000000004,-1.232801209648402,-1.2671723572815559,293.42132859596205
102.81832718728917,-30.50774143247038,1.0000000000000004,-1.2334638360124952,-1.266709497912661,293.46211183450924
102.8299679418765,-30.50940289888827,1.0000000000000004,-1.2341250038954268,-1.2662461759734214,293.50297777070637
102.8416088990136,-30.51106642193247,1.0000000000000004,-1.234784710822499,-1.2657823904607497,293.54392652187096
102.85325005933778,-30.512732005363844,1.0000000000000002,-1.2354429543193568,-1.2653181403705354,293.58495820532056
102.86489142348827,-30.51439965294324,1.0000000000000002,-1.2360997319119456,-1.2648534246975771,293.6260729383725
102.87653299210616,-30.51606936843141,1.0000000000000002,-1.2367550411265302,-1.2643882424356612,293.6672708383443
102.88817476583439,-30.517741155589093,1.0000000000000004,-1.2374088794896831,-1.2639225925775222,293.7085520225535
102.89981674531779,-30.519415018176954,1.0000000000000004,-1.2380612445282946,-1.2634564741148289,293.7499166083173
102.91145893120309,-30.52109095995561,1.0000000000000004,-1.2387121337695977,-1.2629898860382127,293.7913647129536
102.92310132413884,-30.52276898468564,1.0000000000000004,-1.2393615447410973,-1.2625228273372784,293.83289645377954
102.93474392477549,-30.524449096127572,1.0000000000000002,-1.2400094749706199,-1.2620552970005186,293.8745119481128
102.94638673376538,-30.526131298041857,1.0000000000000002,-1.2406559219863436,-1.2615872940154595,293.91621131327065
102.95802975176271,-30.52781559418891,1.0000000000000004,-1.2413008833167378,-1.2611188173685157,293.95799466657064
102.96967297942356,-30.529501988329113,1.0000000000000002,-1.241944356490599,-1.2606498660450995,293.99986212533014
102.98131641740588,-30.531190484222765,1.0000000000000004,-1.242586339037004,-1.2601804390295364,294.0418138068669
102.9929600663695,-30.53288108563012,1.0000000000000004,-1.2432268284854135,-1.2597105353051248,294.08384982849805
103.00460392697612,-30.534573796311378,1.0000000000000002,-1.2438658223655477,-1.2592401538541083,294.12597030754137
103.01624799988936,-30.53626862002669,1.0000000000000004,-1.2445033182074905,-1.2587692936576929,294.16817536131407
103.02789228577463,-30.537965560536136,1.0000000000000004,-1.245139313541591,-1.2582979536960366,294.2104651071336
103.0395367852993,-30.539664621599773,1.0000000000000002,-1.2457738058985708,-1.2578261329482245,294.2528396623176
103.05118149913261,-30.541365806977566,1.0000000000000002,-1.2464067928094575,-1.2573538303923293,294.2952991441837
103.06282642794561,-30.543069120429458,1.0000000000000004,-1.2470382718055717,-1.2568810450053256,294.33784367004904
103.07447157241131,-30.544774565715297,1.0000000000000004,-1.2476682404185908,-1.2564077757632077,294.3804733572312
103.08611693320456,-30.546482146594904,1.0000000000000002,-1.2482966961804767,-1.2559340216408792,294.42318832304755
103.09776251100209,-30.548191866828034,1.0000000000000002,-1.248923636623541,-1.2554597816121813,294.4659886848156
103.10940830648252,-30.54990373017438,1.0000000000000004,-1.2495490592804028,-1.2549850546499712,294.50887455985304
103.12105432032635,-30.551617740393592,1.0000000000000004,-1.2501729616840205,-1.254509839725948,294.55184606547704
103.13270055321595,-30.553333901245225,1.0000000000000004,-1.2507953413676383,-1.2540341358109153,294.5949033190053
103.14434700583558,-30.55505221648882,1.0000000000000002,-1.2514161958648664,-1.253557941874469,294.63804643775507
103.1559936788714,-30.55677268988383,1.0000000000000004,-1.2520355227095958,-1.2530812568852951,294.68127553904407
103.16764057301141,-30.55849532518966,1.0000000000000004,-1.2526533194360763,-1.2526040798109186,294.7245907401897
103.17928768894551,-30.56022012616565,1.0000000000000004,-1.253269583578847,-1.252126409617894,294.76799215850906
103.19093502736551,-30.56194709657107,1.0000000000000004,-1.2538843126728114,-1.2516482452717135,294.81147991132013
103.20258258896507,-30.563676240165172,1.0000000000000004,-1.254497504253175,-1.2511695857367542,294.8550541159401
103.21423037443975,-30.565407560707072,1.0000000000000004,-1.2551091558554486,-1.2506904299764763,294.89871488968646
103.22587838448699,-30.567141061955887,1.0000000000000004,-1.255719265015495,-1.250210776953157,294.9424623498767
103.23752661980612,-30.568876747670657,1.0000000000000002,-1.2563278292695177,-1.2497306256281,294.98629661382836
103.24917508109833,-30.570614621610336,1.0000000000000002,-1.2569348461539924,-1.2492499749615718,295.03021779885887
103.26082376906672,-30.572354687533842,1.0000000000000002,-1.2575403132057588,-1.2487688239127372,295.0742260222856
103.27247268441627,-30.57409694920002,1.0000000000000002,-1.258144227961978,-1.2482871714397525,295.11832140142604
103.28412182785385,-30.575841410367637,1.0000000000000004,-1.258746587960129,-1.247805016499715,295.1625040535978
103.29577120008823,-30.57758807479542,1.0000000000000002,-1.259347390738041,-1.247322358048681,295.20677409611835
103.30742080182999,-30.579336946242016,1.0000000000000002,-1.2599466338338345,-1.246839195041641,295.25113164630494
103.31907063379172,-30.581088028466016,1.0000000000000004,-1.2605443147859852,-1.2463555264325414,295.2955768214752
103.3307206966878,-30.58284132522594,1.0000000000000004,-1.2611404311332812,-1.2458713511743085,295.34010973894664
103.34237099123455,-30.584596840280238,1.0000000000000004,-1.2617349804148557,-1.2453866682187886,295.3847305160366
103.35402151815012,-30.58635457738729,1.0000000000000004,-1.2623279601701434,-1.2449014765168087,295.4294392700625
103.36567227815463,-30.58811454030542,1.0000000000000004,-1.2629193679389434,-1.2444157750181155,295.47423611834205
103.37732327197003,-30.589876732792902,1.0000000000000004,-1.2635092012613587,-1.2439295626714184,295.51912117819245
103.38897450032016,-30.59164115860789,1.0000000000000002,-1.264097457677824,-1.2434428384244143,295.5640945669313
103.4006259639308,-30.59340782150853,1.0000000000000004,-1.2646841347291193,-1.242955601223688,295.6091564018762
103.41227766352958,-30.595176725252852,1.0000000000000004,-1.265269229956349,-1.2424678500148332,295.6543068003444
103.423929599846,-30.596947873598833,1.0000000000000004,-1.2658527409009235,-1.2419795837423813,295.69954587965333
103.4355817736115,-30.5987212703044,1.0000000000000004,-1.266434665104624,-1.2414908013497872,295.7448737571207
103.4472341855594,-30.60049691912738,1.0000000000000002,-1.2670150001095433,-1.2410015017794933,295.79029055006373
103.45888683642488,-30.602274823825546,1.0000000000000004,-1.2675937434581073,-1.2405116839728798,295.83579637580016
103.47053972694505,-30.60405498815661,1.0000000000000004,-1.268170892693071,-1.2400213468702717,295.88139135164715
103.48219285785886,-30.60583741587819,1.0000000000000004,-1.2687464453575235,-1.23953048941096,295.9270755949224
103.49384622990725,-30.60762211074784,1.0000000000000004,-1.269320398994898,-1.239039110533195,295.97284922294335
103.50549984383295,-30.609409076523054,1.0000000000000002,-1.2698927511489444,-1.2385472091741434,296.01871235302735
103.51715370038065,-30.611198316961246,1.0000000000000004,-1.2704634993637534,-1.2380547842699627,296.0646651024919
103.52880780029689,-30.612989835819743,1.0000000000000004,-1.2710326411837638,-1.2375618347557413,296.1107075886546
103.54046214433015,-30.614783636855833,1.0000000000000004,-1.2716001741537273,-1.2370683595655194,296.15683992883277
103.55211673323078,-30.616579723826696,1.0000000000000004,-1.2721660958187346,-1.2365743576323176,296.2030622403438
103.563771567751,-30.618378100489444,1.0000000000000004,-1.2727304037242337,-1.236079827888073,296.2493746405054
103.57542664864498,-30.62017877060115,1.0000000000000002,-1.2732930954159674,-1.2355847692636814,296.2957772466348
103.58708197666876,-30.621981737918748,1.0000000000000004,-1.2738541684400513,-1.2350891806890303,296.3422701760498
103.59873755258025,-30.623787006199176,1.0000000000000002,-1.274413620342914,-1.2345930610928697,296.38885354606754
103.6103933771393,-30.625594579199216,1.0000000000000002,-1.2749714486713444,-1.2340964094030156,296.43552747400565
103.62204945110767,-30.627404460675642,1.0000000000000004,-1.2755276509724514,-1.233599224546154,296.48229207718146
103.63370577524894,-30.6292166543851,1.0000000000000002,-1.2760822247936705,-1.2331015054479408,296.5291474729126
103.64536235032867,-30.631031164084195,1.0000000000000002,-1.276635167682798,-1.2326032510330052,296.57609377851645
103.65701917711428,-30.63284799352942,1.0000000000000004,-1.277186477187966,-1.2321044602249422,296.62313111131044
103.6686762563751,-30.63466714647724,1.0000000000000004,-1.2777361508576206,-1.231605131946214,296.6702595886121
103.68033358888233,-30.63648862668399,1.0000000000000002,-1.278284186240585,-1.231105265118348,296.717479327739
103.69199117540914,-30.638312437905956,1.0000000000000002,-1.2788305808859857,-1.2306048586617315,296.7647904460085
103.70364901673052,-30.640138583899347,1.0000000000000004,-1.279375332343296,-1.2301039114957604,296.81219306073785
103.71530711362342,-30.64196706842028,1.0000000000000002,-1.2799184381623672,-1.2296024225387399,296.85968728924485
103.72696546686666,-30.643797895224775,1.0000000000000004,-1.280459895893335,-1.229100390707984,296.907273248847
103.73862407724097,-30.645631068068823,1.0000000000000002,-1.2809997030867013,-1.2285978149197128,296.9549510568614
103.750282945529,-30.647466590708298,1.0000000000000004,-1.2815378572933298,-1.2280946940890978,297.0027208306059
103.76194207251524,-30.649304466898975,1.0000000000000002,-1.2820743560643777,-1.2275910271302983,297.05058268739754
103.77360145898618,-30.651144700396603,1.0000000000000004,-1.2826091969513858,-1.2270868129563866,297.09853674455434
103.78526110573014,-30.65298729495679,1.0000000000000004,-1.2831423775062305,-1.226582050479415,297.1465831193933
103.79692101353737,-30.654832254335123,1.0000000000000004,-1.283673895281101,-1.2260767386103666,297.1947219292321
103.80858118320005,-30.656679582287037,1.0000000000000002,-1.284203747828581,-1.2255708762591873,297.2429532913882
103.82024161551217,-30.658529282567944,1.0000000000000004,-1.2847319327015345,-1.2250644623347853,297.2912773231791
103.83190231126976,-30.660381358933147,1.0000000000000002,-1.2852584474532183,-1.2245574957449925,297.33969414192205
103.84356327127065,-30.662235815137855,1.0000000000000002,-1.2857832896372106,-1.2240499753966247,297.3882038649347
103.85522449631463,-30.664092654937217,1.0000000000000004,-1.286306456807452,-1.2235419001954249,297.4368066095346
103.86688598720336,-30.665951882086272,1.0000000000000004,-1.2868279465182013,-1.223033269046109,297.485502493039
103.87854774474046,-30.667813500339996,1.0000000000000002,-1.2873477563240954,-1.2225240808523097,297.53429163276553
103.89020976973138,-30.669677513453255,1.0000000000000004,-1.2878658837800607,-1.2220143345166719,297.58317414603164
103.90187206298357,-30.67154392518086,1.0000000000000004,-1.2883823264414485,-1.221504028940732,297.63215015015476
103.9135346253063,-30.673412739277513,1.0000000000000004,-1.2888970818638814,-1.2209931630250033,297.6812197624522
103.92519745751082,-30.675283959497836,1.0000000000000004,-1.2894101476033821,-1.220481735668944,297.73038310024174
103.93686056041027,-30.67715758959636,1.0000000000000002,-1.2899215212163089,-1.2199697457709675,297.7796402808407
103.94852393481963,-30.679033633327524,1.0000000000000002,-1.2904312002593237,-1.2194571922284645,297.82899142156646
103.96018758155593,-30.680912094445706,1.0000000000000002,-1.2909391822895024,-1.2189440739377346,297.87843663973655
103.97185150143795,-30.682792976705148,1.0000000000000004,-1.2914454648642142,-1.218430389794058,297.92797605266855
103.98351569528653,-30.684676283860057,1.0000000000000004,-1.2919500455412187,-1.217916138691649,297.97760977767985
103.99518016392432,-30.686562019664517,1.0000000000000004,-1.2924529218785903,-1.2174013195236846,298.02733793208785
104.0068449081759,-30.68845018787251,1.0000000000000004,-1.2929540914347744,-1.21688593118229,298.07716063321
104.01850992886781,-30.690340792237976,1.0000000000000007,-1.2934535517685486,-1.2163699725585388,298.12707799836386
104.03017522682846,-30.69223383651471,1.0000000000000007,-1.2939513004390726,-1.2158534425424676,298.177090144867
104.04184080288819,-30.69412932445646,1.0000000000000007,-1.2944473350058114,-1.2153363400230504,298.2271971900366
104.05350665787921,-30.696027259816855,1.0000000000000007,-1.294941653028605,-1.214818663888213,298.2773992511904
104.06517279263572,-30.697927646349434,1.0000000000000007,-1.2954342520676523,-1.2143004130248585,298.3276964456457
104.0768392079938,-30.699830487807677,1.0000000000000007,-1.2959251296834982,-1.2137815863187882,298.37808889071994
104.0885059047914,-30.701735787944912,1.0000000000000007,-1.29641428343702,-1.2132621826548196,298.42857670373087
104.10017288386847,-30.703643550514418,1.0000000000000007,-1.2969017108894647,-1.2127422009166935,298.4791600019957
104.11184014606683,-30.70555377926938,1.0000000000000007,-1.2973874096024396,-1.2122216399870602,298.52983890283184
104.12350769223018,-30.707466477962864,1.0000000000000004,-1.2978713771378878,-1.211700498747593,298.58061352355696
