galstreams/tracks/track.ep.Turbio.shipp2018.ecsv
# %ECSV 1.0
# ---
# datatype:
# - {name: ra, unit: deg, datatype: float64}
# - {name: dec, unit: deg, datatype: float64}
# - {name: distance, unit: kpc, datatype: float64}
# - {name: pm_ra_cosdec, unit: mas / yr, datatype: float64}
# - {name: pm_dec, unit: mas / yr, datatype: float64}
# - {name: radial_velocity, unit: km / s, datatype: float64}
# delimiter: ','
# meta: !!omap
# - __serialized_columns__:
#     dec:
#       __class__: astropy.coordinates.angles.Latitude
#       unit: &id001 !astropy.units.Unit {unit: deg}
#       value: !astropy.table.SerializedColumn {name: dec}
#     distance:
#       __class__: astropy.coordinates.distances.Distance
#       unit: !astropy.units.Unit {unit: kpc}
#       value: !astropy.table.SerializedColumn {name: distance}
#     pm_dec:
#       __class__: astropy.units.quantity.Quantity
#       unit: !astropy.units.Unit {unit: mas / yr}
#       value: !astropy.table.SerializedColumn {name: pm_dec}
#     pm_ra_cosdec:
#       __class__: astropy.units.quantity.Quantity
#       unit: !astropy.units.Unit {unit: mas / yr}
#       value: !astropy.table.SerializedColumn {name: pm_ra_cosdec}
#     ra:
#       __class__: astropy.coordinates.angles.Longitude
#       unit: *id001
#       value: !astropy.table.SerializedColumn {name: ra}
#       wrap_angle: !astropy.coordinates.Angle
#         unit: *id001
#         value: 360.0
#     radial_velocity:
#       __class__: astropy.units.quantity.Quantity
#       unit: !astropy.units.Unit {unit: km / s}
#       value: !astropy.table.SerializedColumn {name: radial_velocity}
# schema: astropy-2.0
ra,dec,distance,pm_ra_cosdec,pm_dec,radial_velocity
27.999999310816563,-61.000000001565176,16.6,2.3,2.0,0.0
27.99927272145878,-60.92462337158457,16.600000000000005,2.3,2.0,0.0
27.998549562216496,-60.849246737708974,16.6,2.3,2.0,0.0
27.997829806371982,-60.77387009996881,16.600000000000005,2.3,2.0,0.0
27.997113427481857,-60.69849345839405,16.6,2.3,2.0,0.0
27.996400399373567,-60.62311681301437,16.6,2.3,2.0,0.0
27.995690696141885,-60.54774016385928,16.6,2.3,2.0,0.0
27.994984292145563,-60.47236351095786,16.600000000000005,2.3,2.0,0.0
27.994281162003894,-60.396986854338856,16.6,2.3,2.0,0.0
27.99358128059346,-60.32161019403092,16.6,2.3,2.0,0.0
27.992884623044837,-60.246233530062234,16.6,2.3,2.0,0.0
27.99219116473942,-60.17085686246073,16.6,2.3,2.0,0.0
27.991500881306226,-60.095480191254076,16.600000000000005,2.3,2.0,0.0
27.990813748618802,-60.02010351646974,16.6,2.3,2.0,0.0
27.99012974279214,-59.94472683813479,16.600000000000005,2.3,2.0,0.0
27.989448840179673,-59.86935015627605,16.600000000000005,2.3,2.0,0.0
27.988771017370304,-59.793973470920186,16.6,2.3,2.0,0.0
27.988096251185425,-59.71859678209347,16.6,2.3,2.0,0.0
27.987424518676114,-59.64322008982191,16.6,2.3,2.0,0.0
27.98675579712023,-59.567843394131415,16.600000000000005,2.3,2.0,0.0
27.986090064019596,-59.49246669504749,16.6,2.3,2.0,0.0
27.985427297097292,-59.4170899925954,16.6,2.3,2.0,0.0
27.9847674742949,-59.34171328680017,16.599999999999998,2.3,2.0,0.0
27.984110573769843,-59.266336577686694,16.6,2.3,2.0,0.0
27.983456573892706,-59.19095986527949,16.6,2.3,2.0,0.0
27.982805453244687,-59.11558314960281,16.6,2.3,2.0,0.0
27.98215719061498,-59.04020643068086,16.600000000000005,2.3,2.0,0.0
27.981511764998302,-58.964829708537444,16.6,2.3,2.0,0.0
27.980869155592348,-58.889452983196165,16.6,2.3,2.0,0.0
27.980229341795365,-58.814076254680366,16.6,2.3,2.0,0.0
27.979592303203738,-58.73869952301333,16.6,2.3,2.0,0.0
27.97895801960961,-58.663322788217954,16.600000000000005,2.3,2.0,0.0
27.978326470998496,-58.58794605031691,16.600000000000005,2.3,2.0,0.0
27.977697637547006,-58.512569309332804,16.6,2.3,2.0,0.0
27.977071499620553,-58.437192565287894,16.6,2.3,2.0,0.0
27.976448037771085,-58.36181581820419,16.6,2.3,2.0,0.0
27.97582723273489,-58.2864390681037,16.6,2.3,2.0,0.0
27.975209065430384,-58.21106231500801,16.6,2.3,2.0,0.0
27.974593516956016,-58.135685558938604,16.600000000000005,2.3,2.0,0.0
27.973980568588054,-58.060308799916676,16.6,2.3,2.0,0.0
27.973370201778536,-57.9849320379634,16.600000000000005,2.3,2.0,0.0
27.97276239815323,-57.909555273099585,16.6,2.3,2.0,0.0
27.972157139509566,-57.83417850534585,16.600000000000005,2.3,2.0,0.0
27.97155440781461,-57.75880173472279,16.6,2.3,2.0,0.0
27.97095418520314,-57.68342496125062,16.6,2.3,2.0,0.0
27.970356453975633,-57.608048184949375,16.6,2.3,2.0,0.0
27.969761196596405,-57.5326714058391,16.6,2.3,2.0,0.0
27.96916839569163,-57.45729462393946,16.6,2.3,2.0,0.0
27.96857803404756,-57.38191783927002,16.600000000000005,2.3,2.0,0.0
27.967990094608613,-57.30654105185005,16.600000000000005,2.3,2.0,0.0
27.96740456047558,-57.23116426169888,16.6,2.3,2.0,0.0
27.96682141490381,-57.15578746883546,16.600000000000005,2.3,2.0,0.0
27.966240641301475,-57.08041067327857,16.600000000000005,2.3,2.0,0.0
27.965662223227785,-57.005033875047005,16.6,2.3,2.0,0.0
27.96508614439131,-56.9296570741592,16.6,2.3,2.0,0.0
27.964512388648213,-56.85428027063349,16.600000000000005,2.3,2.0,0.0
27.963940940000636,-56.77890346448796,16.600000000000005,2.3,2.0,0.0
27.96337178259503,-56.70352665574077,16.6,2.3,2.0,0.0
27.96280490072051,-56.62814984440967,16.6,2.3,2.0,0.0
27.962240278807272,-56.55277303051229,16.600000000000005,2.3,2.0,0.0
27.96167790142497,-56.47739621406628,16.6,2.3,2.0,0.0
27.961117753281172,-56.40201939508892,16.599999999999998,2.3,2.0,0.0
27.96055981921982,-56.32664257359739,16.6,2.3,2.0,0.0
27.96000408421971,-56.25126574960885,16.600000000000005,2.3,2.0,0.0
27.959450533392964,-56.175888923140135,16.6,2.3,2.0,0.0
27.958899151983577,-56.10051209420802,16.599999999999998,2.3,2.0,0.0
27.958349925365898,-56.02513526282906,16.600000000000005,2.3,2.0,0.0
27.95780283904327,-55.94975842901981,16.6,2.3,2.0,0.0
27.95725787864654,-55.874381592796546,16.6,2.3,2.0,0.0
27.956715029932678,-55.799004754175364,16.6,2.3,2.0,0.0
27.956174278783376,-55.723627913172436,16.600000000000005,2.3,2.0,0.0
27.955635611203686,-55.64825106980358,16.6,2.3,2.0,0.0
27.955099013320677,-55.57287422408451,16.6,2.3,2.0,0.0
27.95456447138208,-55.497497376030914,16.6,2.3,2.0,0.0
27.954031971754997,-55.42212052565826,16.6,2.3,2.0,0.0
27.953501500924585,-55.34674367298187,16.6,2.3,2.0,0.0
27.95297304549278,-55.271366818016915,16.600000000000005,2.3,2.0,0.0
27.95244659217702,-55.19598996077858,16.6,2.3,2.0,0.0
27.951922127809016,-55.12061310128177,16.599999999999998,2.3,2.0,0.0
27.9513996393335,-55.04523623954125,16.6,2.3,2.0,0.0
27.95087911380702,-54.96985937557182,16.6,2.3,2.0,0.0
27.950360538396726,-54.894482509388006,16.6,2.3,2.0,0.0
27.949843900379214,-54.81910564100427,16.6,2.3,2.0,0.0
27.949329187139305,-54.74372877043484,16.6,2.3,2.0,0.0
27.948816386168936,-54.66835189769407,16.600000000000005,2.3,2.0,0.0
27.948305485066005,-54.59297502279598,16.599999999999998,2.3,2.0,0.0
27.94779647153322,-54.51759814575447,16.6,2.3,2.0,0.0
27.947289333377014,-54.44222126658349,16.6,2.3,2.0,0.0
27.946784058506456,-54.36684438529672,16.6,2.3,2.0,0.0
27.946280634932144,-54.29146750190774,16.6,2.3,2.0,0.0
27.945779050765122,-54.21609061643013,16.6,2.3,2.0,0.0
27.94527929421585,-54.14071372887723,16.6,2.3,2.0,0.0
27.944781353593168,-54.06533683926232,16.600000000000005,2.3,2.0,0.0
27.944285217303243,-53.98995994759852,16.6,2.3,2.0,0.0
27.943790873848556,-53.91458305389898,16.6,2.3,2.0,0.0
27.943298311826883,-53.8392061581766,16.6,2.3,2.0,0.0
27.942807519930337,-53.763829260444155,16.6,2.3,2.0,0.0
27.942318486944373,-53.6884523607145,16.6,2.3,2.0,0.0
27.94183120174681,-53.61307545900021,16.6,2.3,2.0,0.0
27.94134565330688,-53.53769855531375,16.600000000000005,2.3,2.0,0.0
27.940861830684284,-53.462321649667665,16.6,2.3,2.0,0.0
27.940379723028265,-53.38694474207419,16.6,2.3,2.0,0.0
27.939899319576693,-53.31156783254556,16.6,2.3,2.0,0.0
27.939420609655123,-53.236190921093915,16.599999999999998,2.3,2.0,0.0
27.93894358267594,-53.160814007731254,16.600000000000005,2.3,2.0,0.0
27.93846822813744,-53.08543709246952,16.6,2.3,2.0,0.0
27.937994535622977,-53.01006017532053,16.6,2.3,2.0,0.0
27.93752249480006,-52.93468325629603,16.6,2.3,2.0,0.0
27.937052095419556,-52.859306335407645,16.600000000000005,2.3,2.0,0.0
27.936583327314782,-52.78392941266692,16.6,2.3,2.0,0.0
27.936116180400706,-52.70855248808532,16.6,2.3,2.0,0.0
27.93565064467314,-52.63317556167418,16.599999999999998,2.3,2.0,0.0
27.935186710207862,-52.557798633444804,16.6,2.3,2.0,0.0
27.934724367159884,-52.482421703408335,16.6,2.3,2.0,0.0
27.934263605762606,-52.4070447715759,16.6,2.3,2.0,0.0
27.93380441632705,-52.33166783795846,16.6,2.3,2.0,0.0
27.93334678924109,-52.25629090256697,16.6,2.3,2.0,0.0
27.932890714968654,-52.18091396541222,16.6,2.3,2.0,0.0
27.932436184049013,-52.10553702650498,16.600000000000005,2.3,2.0,0.0
27.931983187096012,-52.03016008585591,16.6,2.3,2.0,0.0
27.93153171479729,-51.95478314347556,16.599999999999998,2.3,2.0,0.0
27.931081757913624,-51.87940619937445,16.6,2.3,2.0,0.0
27.930633307278153,-51.804029253562966,16.599999999999998,2.3,2.0,0.0
27.930186353795676,-51.728652306051444,16.6,2.3,2.0,0.0
27.929740888441938,-51.65327535685014,16.6,2.3,2.0,0.0
27.929296902262987,-51.57789840596921,16.6,2.3,2.0,0.0
27.928854386374372,-51.502521453418744,16.600000000000005,2.3,2.0,0.0
27.9284133319606,-51.42714449920876,16.6,2.3,2.0,0.0
27.92797373027436,-51.35176754334916,16.6,2.3,2.0,0.0
27.9275355726359,-51.27639058584985,16.6,2.3,2.0,0.0
27.92709885043237,-51.20101362672059,16.6,2.3,2.0,0.0
27.92666355511714,-51.125636665971065,16.6,2.3,2.0,0.0
27.92622967820922,-51.05025970361093,16.6,2.3,2.0,0.0
27.925797211292554,-50.97488273964972,16.6,2.3,2.0,0.0
27.925366146015445,-50.89950577409693,16.6,2.3,2.0,0.0
27.924936474089918,-50.82412880696198,16.6,2.3,2.0,0.0
27.9245081872911,-50.7487518382542,16.6,2.3,2.0,0.0
27.924081277456608,-50.67337486798286,16.6,2.3,2.0,0.0
27.923655736485983,-50.59799789615715,16.6,2.3,2.0,0.0
27.92323155634006,-50.52262092278622,16.6,2.3,2.0,0.0
27.9228087290404,-50.44724394787909,16.600000000000005,2.3,2.0,0.0
27.922387246668734,-50.371866971444796,16.599999999999998,2.3,2.0,0.0
27.921967101366327,-50.296489993492244,16.6,2.3,2.0,0.0
27.921548285333483,-50.22111301403028,16.6,2.3,2.0,0.0
27.92113079082894,-50.14573603306771,16.6,2.3,2.0,0.0
27.920714610169338,-50.07035905061325,16.6,2.3,2.0,0.0
27.920299735728673,-49.994982066675554,16.599999999999998,2.3,2.0,0.0
27.919886159937732,-49.91960508126324,16.6,2.3,2.0,0.0
27.91947387528359,-49.844228094384825,16.600000000000005,2.3,2.0,0.0
27.919062874309073,-49.768851106048764,16.599999999999998,2.3,2.0,0.0
27.91865314961221,-49.693474116263474,16.6,2.3,2.0,0.0
27.918244693845764,-49.6180971250373,16.6,2.3,2.0,0.0
27.91783749971667,-49.54272013237853,16.6,2.3,2.0,0.0
27.917431559985573,-49.46734313829536,16.599999999999998,2.3,2.0,0.0
27.917026867466294,-49.39196614279598,16.6,2.3,2.0,0.0
27.916623415025363,-49.316589145888464,16.599999999999998,2.3,2.0,0.0
27.91622119558151,-49.24121214758087,16.6,2.3,2.0,0.0
27.915820202105202,-49.16583514788117,16.6,2.3,2.0,0.0
27.915420427618148,-49.09045814679729,16.6,2.3,2.0,0.0
27.91502186519283,-49.01508114433711,16.6,2.3,2.0,0.0
27.914624507952038,-48.93970414050842,16.600000000000005,2.3,2.0,0.0
27.914228349068413,-48.86432713531898,16.600000000000005,2.3,2.0,0.0
27.913833381763993,-48.78895012877649,16.6,2.3,2.0,0.0
27.913439599309733,-48.7135731208886,16.599999999999998,2.3,2.0,0.0
27.913046995025084,-48.638196111662864,16.6,2.3,2.0,0.0
27.912655562277568,-48.56281910110684,16.6,2.3,2.0,0.0
27.912265294482275,-48.487442089228,16.6,2.3,2.0,0.0
27.911876185101512,-48.41206507603377,16.6,2.3,2.0,0.0
27.91148822764431,-48.33668806153151,16.6,2.3,2.0,0.0
27.911101415666035,-48.26131104572854,16.6,2.3,2.0,0.0
27.910715742767962,-48.18593402863215,16.6,2.3,2.0,0.0
27.91033120259685,-48.110557010249515,16.6,2.3,2.0,0.0
27.909947788844562,-48.03517999058782,16.6,2.3,2.0,0.0
27.909565495247616,-47.959802969654184,16.599999999999998,2.3,2.0,0.0
27.909184315586803,-47.884425947455654,16.6,2.3,2.0,0.0
27.908804243686824,-47.80904892399925,16.6,2.3,2.0,0.0
27.908425273415833,-47.733671899291934,16.6,2.3,2.0,0.0
27.908047398685106,-47.658294873340616,16.6,2.3,2.0,0.0
27.907670613448623,-47.582917846152164,16.6,2.3,2.0,0.0
27.907294911702706,-47.5075408177334,16.6,2.3,2.0,0.0
27.906920287485626,-47.43216378809109,16.600000000000005,2.3,2.0,0.0
27.906546734877235,-47.356786757231944,16.6,2.3,2.0,0.0
27.90617424799863,-47.28140972516265,16.6,2.3,2.0,0.0
27.905802821011722,-47.20603269188985,16.6,2.3,2.0,0.0
27.905432448118958,-47.1306556574201,16.6,2.3,2.0,0.0
27.90506312356289,-47.05527862175996,16.6,2.3,2.0,0.0
27.904694841625865,-46.97990158491591,16.6,2.3,2.0,0.0
27.90432759662967,-46.90452454689441,16.599999999999998,2.3,2.0,0.0
27.90396138293516,-46.82914750770184,16.6,2.3,2.0,0.0
27.90359619494196,-46.75377046734458,16.6,2.3,2.0,0.0
27.903232027088098,-46.67839342582894,16.599999999999998,2.3,2.0,0.0
27.902868873849663,-46.6030163831612,16.6,2.3,2.0,0.0
27.902506729740495,-46.52763933934757,16.600000000000005,2.3,2.0,0.0
27.902145589311864,-46.45226229439425,16.6,2.3,2.0,0.0
27.90178544715209,-46.376885248307396,16.6,2.3,2.0,0.0
27.90142629788631,-46.30150820109309,16.6,2.3,2.0,0.0
27.90106813617606,-46.2261311527574,16.6,2.3,2.0,0.0
27.900710956719063,-46.150754103306355,16.6,2.3,2.0,0.0
27.900354754248827,-46.07537705274592,16.6,2.3,2.0,0.0
27.899999523534397,-46.000000001082064,16.6,2.3,2.0,0.0
