galstreams/tracks/track.st.NGC3201-Gjoll.ibata2024.ecsv
# %ECSV 1.0
# ---
# datatype:
# - {name: ra, unit: deg, datatype: float64}
# - {name: dec, unit: deg, datatype: float64}
# - {name: distance, unit: kpc, datatype: float64}
# - {name: pm_ra_cosdec, unit: mas / yr, datatype: float64}
# - {name: pm_dec, unit: mas / yr, datatype: float64}
# - {name: radial_velocity, unit: km / s, datatype: float64}
# delimiter: ','
# meta: !!omap
# - __serialized_columns__:
#     dec:
#       __class__: astropy.coordinates.angles.Latitude
#       unit: &id001 !astropy.units.Unit {unit: deg}
#       value: !astropy.table.SerializedColumn {name: dec}
#     distance:
#       __class__: astropy.coordinates.distances.Distance
#       unit: !astropy.units.Unit {unit: kpc}
#       value: !astropy.table.SerializedColumn {name: distance}
#     pm_dec:
#       __class__: astropy.units.quantity.Quantity
#       unit: !astropy.units.Unit {unit: mas / yr}
#       value: !astropy.table.SerializedColumn {name: pm_dec}
#     pm_ra_cosdec:
#       __class__: astropy.units.quantity.Quantity
#       unit: !astropy.units.Unit {unit: mas / yr}
#       value: !astropy.table.SerializedColumn {name: pm_ra_cosdec}
#     ra:
#       __class__: astropy.coordinates.angles.Longitude
#       unit: *id001
#       value: !astropy.table.SerializedColumn {name: ra}
#       wrap_angle: !astropy.coordinates.Angle
#         unit: *id001
#         value: 360.0
#     radial_velocity:
#       __class__: astropy.units.quantity.Quantity
#       unit: !astropy.units.Unit {unit: km / s}
#       value: !astropy.table.SerializedColumn {name: radial_velocity}
# schema: astropy-2.0
ra,dec,distance,pm_ra_cosdec,pm_dec,radial_velocity
[from data line 9502]
140.2241389340884,-43.86301035188058,0.9999999999999998,13.125211357827634,-4.912811141593416,459.3923599641391
140.23738982961783,-43.866100609409884,0.9999999999999998,13.120926551773007,-4.90938241052087,459.4353722761183
140.25064194093,-43.86918983459671,0.9999999999999999,13.11664101482095,-4.90595465044877,459.47837410888326
140.2638952678881,-43.872278027289276,0.9999999999999999,13.112354747264536,-4.902527861916354,459.52136546111467
140.2771498103552,-43.875365187335866,0.9999999999999998,13.108067749397016,-4.899102045462641,459.564346331494
140.29040556819405,-43.87845131458483,0.9999999999999997,13.103780021511842,-4.895677201626455,459.6073167187016
140.30366254126722,-43.88153640888452,0.9999999999999997,13.099491563902824,-4.892253330946502,459.6502766214192
140.31692072943707,-43.88462047008334,0.9999999999999998,13.095202376863853,-4.888830433961282,459.6932260383272
140.33018013256572,-43.88770349802969,0.9999999999999997,13.090912460689232,-4.885408511209292,459.7361649681069
140.34344075051519,-43.890785492572086,0.9999999999999998,13.0866218156733,-4.881987563228712,459.7790934094393
140.35670258314718,-43.89386645355902,0.9999999999999997,13.082330442110802,-4.878567590557658,459.8220113610054
140.3699656303231,-43.896946380839026,0.9999999999999999,13.078038340296676,-4.875148593734103,459.86491882148624
140.3832298919043,-43.90002527426071,0.9999999999999999,13.073745510526074,-4.871730573295807,459.90781578956285
140.39649536775195,-43.903103133672694,0.9999999999999998,13.069451953094333,-4.868313529780444,459.9507022639161
140.40976205772677,-43.906179958923595,0.9999999999999999,13.065157668297172,-4.864897463725505,459.9935782432273
140.42302996168948,-43.90925574986215,0.9999999999999997,13.060862656430444,-4.861482375668338,460.03644372617697
140.4362990795005,-43.91233050633707,0.9999999999999998,13.056566917790207,-4.858068266146134,460.07929871144665
140.44956941102,-43.915404228197126,0.9999999999999999,13.05227045267291,-4.85465513569595,460.122143197717
140.46284095610812,-43.91847691529114,0.9999999999999998,13.047973261375052,-4.851242984854636,460.16497718366924
140.47611371462452,-43.92154856746792,0.9999999999999998,13.043675344193524,-4.847831814158987,460.20780066798426
140.48938768642884,-43.92461918457638,0.9999999999999999,13.03937670142533,-4.844421624145568,460.25061364934317
140.5026628713804,-43.92768876646543,0.9999999999999996,13.035077333367855,-4.8410124153507965,460.2934161264268
140.51593926933842,-43.93075731298402,0.9999999999999998,13.030777240318574,-4.837604188310934,460.3362080979164
140.52921688016173,-43.933824823981155,0.9999999999999998,13.026476422575271,-4.834196943562169,460.37898956249285
140.54249570370916,-43.93689129930585,0.9999999999999997,13.02217488043598,-4.830790681640416,460.42176051883723
140.5557757398391,-43.939956738807176,0.9999999999999998,13.017872614198971,-4.827385403081564,460.46452096563064
140.5690569884099,-43.94302114233426,0.9999999999999998,13.013569624162702,-4.823981108421194,460.5072709015538
140.58233944927963,-43.94608450973623,0.9999999999999998,13.00926591062597,-4.820577798194876,460.5500103252879
140.59562312230614,-43.94914684086226,0.9999999999999998,13.004961473887672,-4.8171754729379614,460.592739235514
140.60890800734708,-43.952208135561584,0.9999999999999998,13.00065631424706,-4.813774133185639,460.6354576309129
140.62219410425985,-43.95526839368347,0.9999999999999997,12.996350432003563,-4.810373779472982,460.67816551016614
140.6354814129017,-43.95832761507719,0.9999999999999997,12.99204382745691,-4.806974412334867,460.7208628719542
140.6487699331296,-43.96138579959209,0.9999999999999997,12.987736500906923,-4.803576032306026,460.7635497149582
140.66205966480038,-43.96444294707753,0.9999999999999998,12.983428452653847,-4.800178639921086,460.80622603785923
140.67535060777055,-43.96749905738294,0.9999999999999999,12.979119682998078,-4.79678223571441,460.8488918393385
140.6886427618965,-43.97055413035774,0.9999999999999997,12.974810192240252,-4.793386820220356,460.89154711807646
140.70193612703432,-43.97360816585145,0.9999999999999999,12.970499980681193,-4.789992393972945,460.9341918727547
140.71523070303996,-43.97666116371357,0.9999999999999998,12.966189048622095,-4.786598957506229,460.97682610205396
140.72852648976917,-43.97971312379367,0.9999999999999997,12.961877396364251,-4.78320651135396,461.0194498046555
140.74182348707737,-43.982764045941366,0.9999999999999998,12.957565024209273,-4.779815056049792,461.0620629792399
140.7551216948199,-43.98581393000627,0.9999999999999998,12.953251932458997,-4.776424592127235,461.10466562448846
140.7684211128517,-43.98886277583807,0.9999999999999999,12.94893812141552,-4.773035120119616,461.1472577390822
140.78172174102778,-43.99191058328652,0.9999999999999998,12.944623591381095,-4.769646640560097,461.18983932170215
140.79502357920268,-43.994957352201304,0.9999999999999998,12.940308342658255,-4.766259153981736,461.23241037102923
140.8083266272308,-43.998003082432255,0.9999999999999999,12.93599237554987,-4.762872660917388,461.2749708857444
140.82163088496637,-44.00104777382923,0.9999999999999997,12.931675690358855,-4.759487161899685,461.3175208645288
140.83493635226338,-44.00409142624205,0.9999999999999999,12.927358287388554,-4.756102657461277,461.3600603060635
140.84824302897556,-44.007134039520636,0.9999999999999998,12.923040166942418,-4.752719148134524,461.4025892090293
140.8615509149565,-44.01017561351496,0.9999999999999998,12.918721329324217,-4.749336634451645,461.4451075721075
140.8748600100595,-44.01321614807501,0.9999999999999999,12.914401774837884,-4.745955116944678,461.4876153939787
140.88817031413768,-44.01625564305077,0.9999999999999999,12.910081503787698,-4.74257459614558,461.53011267332425
140.90148182704397,-44.01929409829234,0.9999999999999997,12.905760516478068,-4.739195072586128,461.57259940882506
140.91479454863108,-44.022331513649824,0.9999999999999999,12.901438813213634,-4.735816546797842,461.6150755991622
140.92810847875143,-44.025367888973356,0.9999999999999998,12.897116394299431,-4.732439019312203,461.6575412430167
140.94142361725727,-44.02840322411311,0.9999999999999999,12.892793260040563,-4.72906249066051,461.69999633906946
140.9547399640007,-44.03143751891933,0.9999999999999999,12.888469410742452,-4.725686961373832,461.7424408860016
140.96805751883346,-44.03447077324225,0.9999999999999998,12.884144846710758,-4.722312431983163,461.78487488249397
140.98137628160723,-44.03750298693218,0.9999999999999999,12.879819568251342,-4.718938903019236,461.82729832722777
140.99469625217338,-44.04053415983947,0.9999999999999998,12.875493575670298,-4.715566375012749,461.869711218884
141.00801743038306,-44.04356429181446,0.9999999999999998,12.871166869274038,-4.712194848494185,461.9121135561436
141.02133981608728,-44.04659338270761,0.9999999999999998,12.866839449369142,-4.708824323993802,461.9545053376874
141.03466340913675,-44.04962143236937,0.9999999999999998,12.862511316262449,-4.705454802041757,461.9968865621969
141.04798820938197,-44.05264844065021,0.9999999999999998,12.858182470261053,-4.7020862831680645,462.0392572283527
141.0613142166733,-44.055674407400694,0.9999999999999997,12.853852911672238,-4.6987187679025695,462.0816173348359
141.07464143086085,-44.05869933247137,0.9999999999999998,12.849522640803535,-4.695352256774889,462.1239668803277
141.08796985179438,-44.06172321571286,0.9999999999999997,12.845191657962829,-4.691986750314584,462.1663058635088
141.10129947932367,-44.064746056975835,0.9999999999999999,12.840859963458048,-4.688622249050994,462.20863428306063
141.11463031329816,-44.067767856110976,0.9999999999999999,12.836527557597492,-4.685258753513196,462.2509521376636
141.127962353567,-44.07078861296902,0.9999999999999997,12.832194440689683,-4.681896264230296,462.2932594259993
141.1412955999793,-44.073808327400734,0.9999999999999998,12.827860613043377,-4.678534781731152,462.3355561467486
141.15463005238374,-44.07682699925694,0.9999999999999997,12.823526074967528,-4.67517430654442,462.3778422985923
141.16796571062898,-44.079844628388464,0.9999999999999999,12.819190826771411,-4.67181483919866,462.42011788021165
141.18130257456338,-44.08286121464624,0.9999999999999998,12.814854868764424,-4.66845638022221,462.46238289028753
141.19464064403505,-44.08587675788119,0.9999999999999999,12.810518201256304,-4.665098930143266,462.504637327501
141.2079799188919,-44.08889125794427,0.9999999999999998,12.806180824556996,-4.661742489489853,462.54688119053293
141.22132039898173,-44.091904714686486,0.9999999999999998,12.801842738976632,-4.658387058789884,462.5891144780647
141.23466208415195,-44.094917127958915,0.9999999999999998,12.797503944825696,-4.6550326385710505,462.63133718877697
141.24800497424988,-44.09792849761263,0.9999999999999999,12.79316444241477,-4.65167922936088,462.67354932135095
141.2613490691226,-44.10093882349878,0.9999999999999998,12.7888242320548,-4.648326831686759,462.71575087446763
141.2746943686169,-44.10394810546853,0.9999999999999998,12.784483314056885,-4.644975446075861,462.75794184680785
141.28804087257942,-44.10695634337309,0.9999999999999998,12.780141688732432,-4.641625073055316,462.8001222370528
141.30138858085658,-44.10996353706374,0.9999999999999999,12.775799356393009,-4.6382757131518915,462.8422920438834
141.31473749329461,-44.112969686391736,0.9999999999999998,12.771456317350495,-4.634927366892427,462.8844512659808
141.3280876097394,-44.11597479120844,0.9999999999999998,12.767112571917,-4.6315800348033775,462.92659990202577
141.34143893003682,-44.118978851365206,0.9999999999999997,12.762768120404786,-4.628233717411163,462.96873795069956
141.3547914540323,-44.12198186671348,0.9999999999999998,12.758422963126467,-4.624888415241962,463.01086541068315
141.36814518157124,-44.124983837104686,0.9999999999999998,12.754077100394799,-4.621544128821867,463.05298228065755
141.3815001124987,-44.12798476239034,0.9999999999999998,12.749730532522879,-4.618200858676772,463.0950885593035
141.39485624665966,-44.13098464242197,0.9999999999999998,12.745383259823928,-4.614858605332351,463.1371842453026
141.40821358389866,-44.13398347705116,0.9999999999999998,12.741035282611517,-4.611517369314164,463.17926933733526
141.42157212406025,-44.136981266129524,0.9999999999999998,12.736686601199388,-4.608177151147608,463.22134383408275
141.43493186698865,-44.13997800950874,0.9999999999999999,12.732337215901534,-4.604837951357879,463.2634077342261
141.44829281252785,-44.14297370704048,1.0,12.727987127032176,-4.601499770470014,463.3054610364464
141.46165496052168,-44.14596835857652,0.9999999999999999,12.723636334905816,-4.598162609008902,463.34750373942455
141.47501831081374,-44.1489619639686,0.9999999999999998,12.719284839837144,-4.594826467499253,463.38953584184134
141.48838286324735,-44.15195452306858,0.9999999999999998,12.714932642141143,-4.591491346465588,463.43155734237826
141.50174861766578,-44.15494603572832,0.9999999999999999,12.710579742132918,-4.588157246432289,463.47356823971614
141.51511557391177,-44.157936501799696,0.9999999999999999,12.70622614012802,-4.5848241679235855,463.5155685325358
141.5284837318282,-44.16092592113469,0.9999999999999997,12.701871836442006,-4.58149211146344,463.5575582195184
141.54185309125748,-44.163914293585286,0.9999999999999999,12.697516831390857,-4.578161077575764,463.59953729934495
141.55522365204195,-44.16690161900349,0.9999999999999997,12.693161125290711,-4.574831066784249,463.6415057706965
141.56859541402363,-44.16988789724139,0.9999999999999998,12.688804718457888,-4.571502079612422,463.6834636322541
141.58196837704443,-44.172873128151096,0.9999999999999997,12.684447611209045,-4.568174116583613,463.7254108826985
141.59534254094584,-44.175857311584764,0.9999999999999998,12.680089803861105,-4.564847178220994,463.76734752071104
141.6087179055694,-44.178840447394585,0.9999999999999997,12.675731296731072,-4.561521265047617,463.80927354497254
141.62209447075628,-44.18182253543281,0.9999999999999998,12.671372090136355,-4.55819637758627,463.85118895416423
141.6354722363474,-44.18480357555167,0.9999999999999997,12.667012184394494,-4.554872516359694,463.89309374696677
141.64885120218358,-44.187783567603546,0.9999999999999997,12.662651579823294,-4.551549681890307,463.93498792206145
141.6622313681053,-44.19076251144076,0.9999999999999999,12.658290276740864,-4.548227874700508,463.9768714781292
141.6756127339529,-44.19374040691572,0.9999999999999998,12.653928275465432,-4.544907095312389,464.01874441385104
141.68899529956653,-44.1967172538809,0.9999999999999998,12.649565576315556,-4.541587344247965,464.0606067279081
141.702379064786,-44.199693052188756,0.9999999999999999,12.645202179610038,-4.538268622029015,464.10245841898126
141.715764029451,-44.20266780169181,0.9999999999999998,12.640838085667834,-4.534950929177242,464.14429948575116
141.72915019340104,-44.205641502242656,0.9999999999999998,12.636473294808226,-4.531634266214063,464.18612992689975
141.74253755647527,-44.20861415369391,0.9999999999999999,12.632107807350714,-4.528318633660746,464.2279497411072
141.75592611851272,-44.21158575589819,0.9999999999999999,12.62774162361498,-4.525004032038495,464.2697589270548
141.76931587935223,-44.21455630870822,0.9999999999999998,12.623374743921016,-4.521690461868161,464.3115574834237
141.78270683883233,-44.21752581197674,0.9999999999999997,12.619007168589047,-4.518377923670556,464.35334540889477
141.79609899679133,-44.22049426555651,0.9999999999999998,12.614638897939471,-4.51506641796631,464.3951227021491
141.80949235306747,-44.22346166930038,1.0,12.610269932292972,-4.511755945275823,464.4368893618677
141.82288690749863,-44.226428023061196,0.9999999999999997,12.605900271970523,-4.5084465061192915,464.47864538673133
141.8362826599225,-44.22939332669188,0.9999999999999997,12.60152991729321,-4.505138101016861,464.52039077542145
141.8496796101766,-44.23235758004535,0.9999999999999998,12.59715886858243,-4.501830730488429,464.5621255266186
141.86307775809811,-44.23532078297463,0.9999999999999998,12.592787126159912,-4.498524395053714,464.6038496390044
141.87647710352414,-44.23828293533274,0.9999999999999998,12.588414690347474,-4.495219095232251,464.64556311125926
141.88987764629155,-44.241244036972766,0.9999999999999997,12.584041561467181,-4.4919148315434185,464.68726594206436
141.9032793862369,-44.244204087747804,0.9999999999999998,12.579667739841451,-4.4886116045064455,464.7289581301009
141.9166823231966,-44.24716308751105,0.9999999999999999,12.575293225792837,-4.4853094146403265,464.77063967405
141.93008645700678,-44.25012103611569,0.9999999999999998,12.570918019644228,-4.482008262463893,464.8123105725921
141.94349178750346,-44.25307793341496,0.9999999999999998,12.566542121718616,-4.47870814849589,464.8539708244088
141.95689831452233,-44.25603377926216,0.9999999999999999,12.562165532339357,-4.47540907325476,464.8956204281808
141.97030603789892,-44.25898857351063,0.9999999999999997,12.557788251829962,-4.472111037258834,464.93725938258905
141.98371495746855,-44.261942316013744,0.9999999999999998,12.55341028051421,-4.468814041026228,464.97888768631486
141.99712507306626,-44.2648950066249,0.9999999999999999,12.549031618716214,-4.465518085074976,465.0205053380391
142.01053638452692,-44.267846645197594,0.9999999999999999,12.544652266760103,-4.462223169922794,465.0621123364429
142.0239488916852,-44.27079723158529,0.9999999999999998,12.540272224970458,-4.458929296087341,465.10370868020686
142.03736259437548,-44.273746765641555,0.9999999999999998,12.535891493672011,-4.455636464086048,465.1452943680125
142.05077749243202,-44.27669524721999,0.9999999999999998,12.531510073189743,-4.452344674436127,465.18686939854064
142.06419358568874,-44.27964267617422,0.9999999999999999,12.52712796384884,-4.4490539276547025,465.2284337704723
142.07761087397944,-44.282589052357906,0.9999999999999998,12.522745165974765,-4.445764224258653,465.2699874824884
