galstreams/tracks/track.st.M92.ibata2021.ecsv
# %ECSV 1.0
# ---
# datatype:
# - {name: ra, unit: deg, datatype: float64}
# - {name: dec, unit: deg, datatype: float64}
# - {name: distance, unit: kpc, datatype: float64}
# - {name: pm_ra_cosdec, unit: mas / yr, datatype: float64}
# - {name: pm_dec, unit: mas / yr, datatype: float64}
# - {name: radial_velocity, unit: km / s, datatype: float64}
# delimiter: ','
# meta: !!omap
# - __serialized_columns__:
#     dec:
#       __class__: astropy.coordinates.angles.Latitude
#       unit: &id001 !astropy.units.Unit {unit: deg}
#       value: !astropy.table.SerializedColumn {name: dec}
#     distance:
#       __class__: astropy.coordinates.distances.Distance
#       unit: !astropy.units.Unit {unit: kpc}
#       value: !astropy.table.SerializedColumn {name: distance}
#     pm_dec:
#       __class__: astropy.units.quantity.Quantity
#       unit: !astropy.units.Unit {unit: mas / yr}
#       value: !astropy.table.SerializedColumn {name: pm_dec}
#     pm_ra_cosdec:
#       __class__: astropy.units.quantity.Quantity
#       unit: !astropy.units.Unit {unit: mas / yr}
#       value: !astropy.table.SerializedColumn {name: pm_ra_cosdec}
#     ra:
#       __class__: astropy.coordinates.angles.Longitude
#       unit: *id001
#       value: !astropy.table.SerializedColumn {name: ra}
#       wrap_angle: !astropy.coordinates.Angle
#         unit: *id001
#         value: 360.0
#     radial_velocity:
#       __class__: astropy.units.quantity.Quantity
#       unit: !astropy.units.Unit {unit: km / s}
#       value: !astropy.table.SerializedColumn {name: radial_velocity}
# schema: astropy-2.0
ra,dec,distance,pm_ra_cosdec,pm_dec,radial_velocity
[from data line 142]
249.56965904446864,43.83311080608532,9.014485575304882,-5.323713593602014,-2.417250599287618,-180.08915962423976
249.58758341154376,43.837207656973234,9.013876445359601,-5.3241888108537525,-2.412956979370395,-179.73449160700858
249.6054982565066,43.841284639800776,9.013272475680834,-5.324659049711375,-2.4086692459128276,-179.38112065954
249.62340357208447,43.845341777757525,9.012673656896753,-5.325124320531377,-2.4043873963542604,-179.0290449262759
249.64129935104867,43.84937909402779,9.012079979635518,-5.325584633665561,-2.400111428120386,-178.6782625516583
249.65918558621425,43.85339661179059,9.011491434525295,-5.326039999460994,-2.395841338623283,-178.32877168012908
249.67706227044056,43.85739435421961,9.010908012194253,-5.326490428260014,-2.3915771252613705,-177.9805704561308
249.69492939663064,43.86137234448316,9.010329703270564,-5.326935930400191,-2.3873187854194704,-177.6336570241054
249.71278695773165,43.86533060574418,9.009756498382385,-5.327376516214321,-2.383066316468782,-177.2880295284946
249.7306349467346,43.8692691611603,9.009188388157888,-5.327812196030387,-2.3788197157668978,-176.9436861137408
249.7484733566747,43.87318803388365,9.00862536322524,-5.328242980171549,-2.3745789806578017,-176.60062492428614
249.76630218063104,43.87708724706097,9.008067414212604,-5.328668878956128,-2.370344108471895,-176.2588441045725
249.7841214117266,43.88096682383365,9.00751453174815,-5.329089902697564,-2.366115096525996,-175.91834179904205
249.80193104312855,43.8848267873375,9.006966706460044,-5.329506061704431,-2.3618919421233344,-175.57911615213683
249.81973106804782,43.88866716070297,9.006423928976451,-5.32991736628037,-2.357674642553583,-175.24116530829903
249.83752147973954,43.89248796705495,9.005886189925539,-5.330323826724113,-2.353463195092848,-174.9044874119706
249.85530227150286,43.89628922951283,9.005353479935472,-5.330725453329436,-2.3492575970036746,-174.56908060759372
249.87307343668073,43.900070971190566,9.004825789634419,-5.331122256385142,-2.3450578455350763,-174.23494303961047
249.89083496866033,43.90383321519646,9.00430310965055,-5.33151424617505,-2.340863937922519,-173.90207285246288
249.90858686087262,43.90757598463337,9.003785430612023,-5.331901432977966,-2.3366758713879507,-173.5704681905931
249.92632910679274,43.91129930259849,9.003272743147013,-5.332283827067661,-2.332493643139788,-173.2401271984431
249.94406169993982,43.91500319218348,9.002765037883682,-5.332661438712868,-2.3283172503729355,-172.91104802045496
249.96178463387687,43.918687676474406,9.002262305450198,-5.333034278177232,-2.3241466902688046,-172.583228801071
249.97949790221105,43.92235277855165,9.001764536474726,-5.3334023557193255,-2.319981959995304,-172.25666768473295
249.9972014985934,43.92599852149006,9.001271721585434,-5.333765681592594,-2.315823056706862,-171.93136281588312
250.0148954167191,43.92962492835872,9.00078385141049,-5.3341242660453645,-2.311669977544418,-171.60731233896354
250.03257965032716,43.93323202222116,9.000300916578057,-5.334478119320803,-2.307522719635461,-171.28451439841632
250.05025419320074,43.936819826135135,8.999822907716306,-5.334827251656915,-2.3033812800940066,-170.96296713868364
250.06791903916692,43.94038836315269,8.9993498154534,-5.335171673286514,-2.2992456560206245,-170.6426687042071
250.08557418209685,43.94393765632025,8.998881630417506,-5.335511394437196,-2.295115844502442,-170.32361723942947
250.1032196159056,43.947467728678404,8.99841834323679,-5.335846425331345,-2.2909918426131606,-170.0058108887924
250.12085533455218,43.950978603262065,8.997959944539424,-5.336176776186074,-2.2868736474130555,-169.68924779673807
250.1384813320397,43.954470303100315,8.997506424953565,-5.336502457213253,-2.2827612559489894,-169.3739261077085
250.1560976024152,43.957942851216515,8.99705777510739,-5.33682347861944,-2.2786546652544226,-169.05984396614593
250.1737041397697,43.96139627062819,8.996613985629056,-5.337139850605912,-2.2745538723494207,-168.74699951649234
250.19130093823824,43.96483058434704,8.996175047146737,-5.337451583368604,-2.270458874240659,-168.43539090318987
250.2088879919997,43.968245815379,8.995740950288598,-5.337758687098109,-2.2663696679214596,-168.12501627068042
250.2264652952771,43.97164198672406,8.995311685682802,-5.338061171979663,-2.2622862503717567,-167.8158737634063
250.24403284233722,43.975019121376455,8.994887243957521,-5.338359048193111,-2.2582086185581494,-167.5079615258094
250.26159062749096,43.978377242324456,8.994467615740914,-5.338652325912907,-2.254136769433881,-167.20127770233196
250.27913864509324,43.98171637255047,8.994052791661154,-5.3389410153080785,-2.2500706999388522,-166.89582043741612
250.29667688954257,43.98503653503105,8.993642762346408,-5.339225126542217,-2.2460104069996722,-166.59158787550365
250.31420535528176,43.988337752736705,8.993237518424838,-5.339504669773456,-2.2419558875296044,-166.2885781610369
250.33172403679734,43.99162004863215,8.992837050524614,-5.339779655154452,-2.2379071384286275,-165.98678943845786
250.34923292861984,43.99488344567603,8.9924413492739,-5.340050092832367,-2.233864156583423,-165.68621985220867
250.36673202532378,43.99812796682106,8.992050405300864,-5.340315992948862,-2.229826938867386,-165.38686754673134
250.38422132152738,44.00135363501398,8.991664209233676,-5.340577365640048,-2.2257954821406507,-165.08873066646797
250.40170081189297,44.004560473195504,8.991282751700494,-5.340834221036506,-2.221769783250084,-164.79180735586058
250.4191704911266,44.00774850430039,8.990906023329494,-5.341086569263232,-2.217749839029307,-164.49609575935153
250.43663035397833,44.01091775125726,8.990534014748835,-5.3413344204396545,-2.2137356462986952,-164.20159402138253
250.45408039524202,44.0140682369888,8.99016671658669,-5.341577784679582,-2.2097272018654097,-163.90830028639596
250.47152060975537,44.017199984411576,8.989804119471222,-5.341816672091217,-2.20572450252339,-163.61621269883364
250.48895099240013,44.02031301643603,8.989446214030599,-5.342051092777114,-2.201727545053359,-163.32532940313786
250.50637153810158,44.02340735596666,8.989092990892983,-5.342281056834171,-2.1977363262228655,-163.03564854375057
250.5237822418291,44.026483025901676,8.988744440686547,-5.342506574353619,-2.193750842786258,-162.7471682651139
250.54118309859572,44.02954004913334,8.988400554039456,-5.3427276554209815,-2.1897710914847295,-162.45988671166998
250.55857410345845,44.03257844854763,8.988061321579874,-5.342944310116096,-2.1857970690462993,-162.17380202786086
250.57595525151785,44.03559824702452,8.987726733935967,-5.343156548513049,-2.181828772185856,-161.88891235812858
250.59332653791856,44.03859946743765,8.987396781735905,-5.343364380680195,-2.177866197605135,-161.60521584691517
250.61068795784897,44.041582132654604,8.987071455607856,-5.343567816680127,-2.173909341992746,-161.32271063866307
250.62803950654083,44.04454626553675,8.986750746179982,-5.3437668665696565,-2.1699582020242145,-161.04139487781384
250.64538117927026,44.0474918889392,8.986434644080449,-5.343961540399801,-2.1660127743619246,-160.76126670880993
250.66271297135657,44.05041902571094,8.986123139937428,-5.344151848215759,-2.16207305565521,-160.48232427609318
250.6800348781632,44.053327698694595,8.985816224379084,-5.344337800056904,-2.1581390425403,-160.20456572410592
250.69734689509716,44.0562179307266,8.98551388803358,-5.344519405956765,-2.1542107316403656,-159.92798919729
250.71464901760905,44.05908974463717,8.985216121529094,-5.344696675942991,-2.1502881195655394,-159.6525928400877
250.73194124119343,44.06194316325012,8.984922915493778,-5.34486962003738,-2.1463712029128956,-159.3783747969411
250.74922356138813,44.06477820938313,8.984634260555804,-5.3450382482558005,-2.1424599782664977,-159.105333212292
250.76649597377505,44.06759490584742,8.98435014734334,-5.345202570608227,-2.1385544421973837,-158.83346623058273
250.78375847397962,44.07039327544795,8.984070566484554,-5.345362597098698,-2.1346545912635855,-158.56277199625535
250.8010110576707,44.073173340983374,8.98379550860761,-5.345518337725302,-2.1307604220101575,-158.29324865375182
250.81825372056107,44.075935125245934,8.983524964340676,-5.345669802480168,-2.126871930969164,-158.02489434751425
250.8354864584069,44.07867865102157,8.983258924311915,-5.34581700134944,-2.122989114659716,-157.7577072219851
250.85270926700804,44.08140394108978,8.9829973791495,-5.345959944313275,-2.1191119695879648,-157.49168542160587
250.86992214220786,44.08411101822374,8.982740319481591,-5.346098641345808,-2.1152404922471293,-157.22682709081897
250.88712507989328,44.08679990519016,8.98248773593636,-5.346233102415149,-2.1113746791174997,-156.96313037406648
250.9043180759949,44.089470624749325,8.98223961914197,-5.34636333748337,-2.107514526666446,-156.7005934157903
250.92150112648662,44.09212319965516,8.98199595972659,-5.346489356506471,-2.1036600313484515,-156.43921436043277
250.93867422738606,44.094757652655076,8.981756748318382,-5.346611169434388,-2.099811189605103,-156.17899135243573
250.95583737475408,44.09737400649004,8.981521975545519,-5.346728786210952,-2.0959679978651273,-155.91992253624127
250.9729905646954,44.09997228389455,8.981291632036164,-5.3468422167739,-2.0921304525443674,-155.66200605629194
250.99013379335767,44.10255250759664,8.981065708418484,-5.346951471054837,-2.0882985500458533,-155.4052400570291
251.00726705693236,44.10511470031783,8.980844195320646,-5.347056558979232,-2.084472286759755,-155.14962268289534
251.0243903516543,44.107658884773045,8.980627083370814,-5.3471574904664045,-2.0806516590634323,-154.89515207833236
251.0415036738016,44.11018508367082,8.980414363197157,-5.347254275429491,-2.0768366633214432,-154.64182638778254
251.05860701969596,44.11269331971306,8.980206025427844,-5.347346923775458,-2.073027295885538,-154.3896437556881
251.07570038570205,44.11518361559517,8.98000206069104,-5.347435445405061,-2.069223553094718,-154.13860232649074
251.09278376822826,44.11765599400592,8.979802459614909,-5.347519850212849,-2.0654254312751963,-153.88870024463276
251.10985716372622,44.12011047762757,8.979607212827617,-5.347600148087137,-2.061632926740434,-153.63993565455618
251.12692056869065,44.12254708913575,8.979416310957333,-5.347676348909993,-2.057846035791179,-153.39230670070302
251.14397397965985,44.12496585119948,8.979229744632226,-5.347748462557226,-2.05406475471543,-153.14581152751555
251.16101739321516,44.127366786481204,8.979047504480457,-5.347816498898369,-2.050289079788496,-152.90044827943575
251.17805080598117,44.12974991763671,8.978869581130196,-5.347880467796667,-2.0465190072729853,-152.65621510090568
251.19507421462583,44.13211526731509,8.978695965209612,-5.347940379109064,-2.0427545334188255,-152.41311013636724
251.21208761586016,44.13446285815889,8.978526647346866,-5.347996242686173,-2.0389956544632803,-152.17113153026284
251.22909100643844,44.13679271280388,8.97836161817013,-5.34804806837229,-2.03524236663096,-151.93027742703444
251.246084383158,44.139104853879246,8.978200868307566,-5.348095866005346,-2.0314946661338444,-151.6905459711242
251.2630677428594,44.14139930400738,8.97804438838734,-5.348139645416925,-2.0277525491712844,-151.45193530697395
251.2800410824262,44.14367608580407,8.977892169037627,-5.348179416432221,-2.0240160119300272,-151.21444357902604
251.29700439878513,44.1459352218783,8.977744200886582,-5.348215188870046,-2.0202850505842314,-150.97806893172233
251.31395768890604,44.14817673483233,8.97760047456238,-5.348246972542804,-2.016559661295462,-150.74280950950512
251.33090094980165,44.150400647261776,8.977460980693182,-5.348274777256479,-2.012839840212739,-150.50866345681632
251.34783417852782,44.15260698175537,8.97732570990716,-5.348298612810625,-2.009125583472522,-150.2756289180981
251.3647573721833,44.154795760895176,8.977194652832479,-5.3483184889983395,-2.0054168871987432,-150.04370403779265
251.38167052790996,44.156967007256384,8.977067800097302,-5.3483344156062795,-2.0017137475028157,-149.81288696034167
251.39857364289244,44.159120743407506,8.9769451423298,-5.348346402414603,-1.998016160483647,-149.58317583018763
251.41546671435844,44.16125699191016,8.976826670158134,-5.348354459196996,-1.9943241222276558,-149.35456879177252
251.43234973957854,44.16337577531914,8.976712374210477,-5.34835859572064,-1.990637628808785,-149.12706398953821
251.44922271586603,44.16547711618251,8.976602245114993,-5.348358821746193,-1.9869566762885316,-148.9006595679271
251.4660856405773,44.16756103704139,8.976496273499848,-5.348355147027795,-1.98328126071593,-148.6753536713812
251.4829385111112,44.169627560430136,8.97639444999321,-5.348347581313037,-1.979611378127613,-148.45114444434233
251.49978132490975,44.17167670887618,8.976296765223243,-5.348336134342958,-1.975947024547779,-148.22803003125276
251.51661407945767,44.173708504900056,8.976203209818117,-5.348320815852028,-1.9722881959882312,-148.0060085765547
251.53343677228207,44.17572297101553,8.976113774405995,-5.3483016355681325,-1.9686348884484128,-147.78507822469
251.55024940095325,44.17772012972933,8.976028449615045,-5.348278603212567,-1.9649870979153734,-147.5652371201009
251.5670519630838,44.1797000035414,8.975947226073437,-5.348251728500014,-1.9613448203638413,-147.34648340722944
251.58384445632925,44.18166261494467,8.975870094409332,-5.348221021138537,-1.9577080517561882,-147.12881523051766
251.60062687838763,44.18360798642514,8.975797045250898,-5.348186490829574,-1.9540767880424794,-146.91223073440753
251.6173992269996,44.18553614046197,8.975728069226305,-5.348148147267905,-1.9504510251604728,-146.69672806334142
251.63416149994845,44.18744709952724,8.975663156963718,-5.348106000141655,-1.9468307590356373,-146.48230536176123
251.65091369505984,44.18934088608614,8.975602299091298,-5.3480600591322816,-1.943215985581186,-146.26896077410905
251.6676558102022,44.191217522596865,8.975545486237221,-5.348010333914555,-1.9396067006980562,-146.05669244482704
251.68438784328626,44.193077031510626,8.975492709029648,-5.347956834156548,-1.9360029002749652,-145.84549851835712
251.70110979226527,44.19491943527162,8.975443958096749,-5.347899569519629,-1.9324045801883993,-145.6353771391416
251.71782165513505,44.19674475631702,8.975399224066685,-5.347838549658445,-1.928811736302633,-145.4263264516224
251.73452342993355,44.198553017077046,8.975358497567626,-5.3477737842209025,-1.9252243644697673,-145.21834460024166
251.75121511474134,44.20034423997479,8.975321769227738,-5.347705282848176,-1.9216424605297133,-145.01142972944137
251.7678967076812,44.20211844742641,8.97528902967519,-5.347633055174671,-1.9180660203102364,-144.80557998366382
251.7845682069183,44.203875661840904,8.975260269538145,-5.3475571108280295,-1.9144950396269502,-144.6007935073508
251.80122961066,44.20561590562029,8.975235479444773,-5.347477459429111,-1.910929514283357,-144.3970684449446
251.81788091715603,44.20733920115948,8.975214650023236,-5.347394110591981,-1.9073694400708443,-144.19440294088722
251.83452212469837,44.20904557084625,8.975197771901705,-5.347307073923904,-1.9038148127686925,-143.9927951396209
251.85115323162097,44.210735037061404,8.975184835708344,-5.347216359025325,-1.9002656281441437,-143.79224318558752
251.86777423630025,44.21240762217848,8.975175832071324,-5.3471219754898645,-1.8967218819523457,-143.59274522322923
251.88438513715448,44.21406334856406,8.975170751618803,-5.347023932904299,-1.893183569936431,-143.39429939698817
251.90098593264418,44.21570223857751,8.975169584978953,-5.346922240848558,-1.8896506878274917,-143.19690385130633
251.91757662127202,44.217324314571,8.97517232277994,-5.346816908895712,-1.8861232313446123,-143.00055673062587
251.93415720158242,44.21892959888972,8.975178955649936,-5.346707946611947,-1.8826011961949025,-142.80525617938875
251.95072767216215,44.220518113871535,8.975189474217098,-5.346595363556581,-1.879084578073476,-142.61100034203716
251.96728803163967,44.22208988184727,8.975203869109599,-5.346479169282017,-1.8755733726635095,-142.41778736301322
251.9838382786855,44.22364492514048,8.975222130955602,-5.346359373333769,-1.8720675756362277,-142.22561538675888
