galstreams/tracks/track.st.Gaia-12.ibata2021.ecsv
# %ECSV 0.9
# ---
# datatype:
# - {name: ra, unit: deg, datatype: float64}
# - {name: dec, unit: deg, datatype: float64}
# - {name: distance, unit: kpc, datatype: float64}
# - {name: pm_ra_cosdec, unit: mas / yr, datatype: float64}
# - {name: pm_dec, unit: mas / yr, datatype: float64}
# - {name: radial_velocity, unit: km / s, datatype: float64}
# delimiter: ','
# meta: !!omap
# - __serialized_columns__:
#     dec:
#       __class__: astropy.coordinates.angles.Latitude
#       unit: &id001 !astropy.units.Unit {unit: deg}
#       value: !astropy.table.SerializedColumn {name: dec}
#     distance:
#       __class__: astropy.coordinates.distances.Distance
#       unit: !astropy.units.Unit {unit: kpc}
#       value: !astropy.table.SerializedColumn {name: distance}
#     pm_dec:
#       __class__: astropy.units.quantity.Quantity
#       unit: !astropy.units.Unit {unit: mas / yr}
#       value: !astropy.table.SerializedColumn {name: pm_dec}
#     pm_ra_cosdec:
#       __class__: astropy.units.quantity.Quantity
#       unit: !astropy.units.Unit {unit: mas / yr}
#       value: !astropy.table.SerializedColumn {name: pm_ra_cosdec}
#     ra:
#       __class__: astropy.coordinates.angles.Longitude
#       unit: *id001
#       value: !astropy.table.SerializedColumn {name: ra}
#       wrap_angle: !astropy.coordinates.Angle
#         unit: *id001
#         value: 360.0
#     radial_velocity:
#       __class__: astropy.units.quantity.Quantity
#       unit: !astropy.units.Unit {unit: km / s}
#       value: !astropy.table.SerializedColumn {name: radial_velocity}
# schema: astropy-2.0
ra,dec,distance,pm_ra_cosdec,pm_dec,radial_velocity
[from data line 832]
42.70112206972358,14.935359440189261,10.932050110330907,5.955520713384967,-6.0287219326773815,-3.368306851948935e-14
42.708904808856545,14.92875444546665,10.929406489168704,5.9565905971829896,-6.030135787432769,0.0
42.71668660484819,14.92214866906235,10.926768730248885,5.957663538635653,-6.031550219973341,-1.6841534259744676e-14
42.724467456127535,14.915542109165036,10.924136852917101,5.958739549345462,-6.032965230175538,-3.368306851948935e-14
42.73224736112355,14.908934763963565,10.92151087651901,5.959818640914962,-6.034380817917138,-5.0524602779234026e-14
42.74002631826514,14.90232663164694,10.918890820400266,5.960900824946743,-6.035796983077255,-5.0524602779234026e-14
42.74780432598117,14.895717710404355,10.91627670390652,5.961986113043427,-6.037213725536336,0.0
42.755581382700456,14.889107998425171,10.913668546383436,5.963074516807667,-6.03863104517614,1.6841534259744676e-14
42.76335748685175,14.88249749389891,10.911066367176662,5.964166047842167,-6.040048941879773,0.0
42.771132636863754,14.875886195015283,10.908470185631854,5.965260717749655,-6.041467415531644,-1.6841534259744676e-14
42.77890683116513,14.869274099964146,10.905880021094669,5.966358538132904,-6.042886466017495,-3.368306851948935e-14
42.78668006818448,14.862661206935543,10.903295892910757,5.967459520594719,-6.044306093224391,-6.73661370389787e-14
42.79445234635036,14.856047514119677,10.900717820425779,5.96856367673794,-6.0457262970406935,-1.6841534259744676e-14
42.80222366409127,14.849433019706925,10.898145822985388,5.969671018165443,-6.047147077356099,-3.368306851948935e-14
42.80999401983567,14.842817721887833,10.895579919935237,5.970781556480143,-6.048568434061609,1.6841534259744676e-14
42.81776341201194,14.836201618853114,10.893020130620986,5.971895303284986,-6.049990367049532,1.6841534259744676e-14
42.82553183904846,14.82958470879364,10.890466474388283,5.973012270182956,-6.0514128762134884,0.0
42.83329929937352,14.822966989900468,10.887918970582787,5.9741324687770705,-6.0528359614484035,-6.73661370389787e-14
42.84106579141538,14.816348460364804,10.885377638550155,5.975255910670376,-6.054259622650502,-3.368306851948935e-14
42.84883131360224,14.809729118378037,10.882842497636036,5.976382607465965,-6.055683859717316,-1.6841534259744676e-14
42.85659586436226,14.803108962131713,10.880313567186093,5.9775125707669465,-6.0571086725476695,-3.368306851948935e-14
42.86435944212354,14.796487989817544,10.877790866545974,5.978645812176483,-6.058534061041692,-5.0524602779234026e-14
42.87212204531415,14.789866199627417,10.875274415061334,5.979782343297757,-6.0599600251008,-1.6841534259744676e-14
42.879883672362084,14.78324358975337,10.872764232077836,5.980922175733982,-6.061386564627703,-1.6841534259744676e-14
42.88764432169531,14.776620158387626,10.870260336941127,5.982065321088413,-6.062813679526403,-5.0524602779234026e-14
42.89540399174175,14.769995903722553,10.867762748996864,5.983211790964336,-6.064241369702194,3.368306851948935e-14
42.90316268092924,14.763370823950698,10.865271487590702,5.984361596965064,-6.065669635061646,-3.368306851948935e-14
42.91092038768565,14.756744917264774,10.862786572068298,5.985514750693946,-6.067098475512623,-5.0524602779234026e-14
42.9186771104387,14.750118181857642,10.860308021775305,5.9866712637543635,-6.068527890964257,-3.368306851948935e-14
42.926432847616134,14.743490615922338,10.857835856057381,5.987831147749722,-6.069957881326973,0.0
42.93418759764562,14.73686221765207,10.855370094260179,5.988994414283466,-6.071388446512462,-3.368306851948935e-14
42.9419413589548,14.730232985240201,10.852910755729347,5.990161074959071,-6.072819586433701,-3.368306851948935e-14
42.949694129971256,14.723602916880246,10.850457859810554,5.991331141380035,-6.074251301004925,3.368306851948935e-14
42.9574459091225,14.716972010765906,10.848011425849444,5.992504625149898,-6.075683590141654,-1.6841534259744676e-14
42.96519669483604,14.710340265091023,10.845571473191674,5.993681537872222,-6.077116453760666,-3.368306851948935e-14
42.972946485539325,14.703707678049621,10.843138021182904,5.994861891150597,-6.078549891780004,-1.6841534259744676e-14
42.98069527965974,14.697074247835863,10.840711089168787,5.996045696588647,-6.079983904118984,3.368306851948935e-14
42.98844307562464,14.690439972644102,10.838290696494973,5.997232965790029,-6.081418490698178,3.368306851948935e-14
42.99618987186133,14.683804850668826,10.83587686250712,5.998423710358422,-6.082853651439414,0.0
43.00393566679708,14.677168880104702,10.833469606550883,5.999617941897533,-6.08428938626578,-1.6841534259744676e-14
43.0116804588591,14.67053205914655,10.83106894797192,6.000815672011103,-6.085725695101621,0.0
43.01942424647455,14.663894385989346,10.828674906115886,6.002016912302901,-6.08716257787253,3.368306851948935e-14
43.02716702807057,14.657255858828236,10.826287500328428,6.003221674376718,-6.088600034505352,1.6841534259744676e-14
43.03490880207424,14.650616475858527,10.823906749955212,6.004429969836378,-6.090038064928181,-3.368306851948935e-14
43.042649566912594,14.643976235275673,10.821532674341883,6.005641810285734,-6.091476669070359,-5.0524602779234026e-14
43.05038932101263,14.637335135275306,10.819165292834102,6.006857207328663,-6.092915846862473,0.0
43.05812806280129,14.63069317405319,10.816804624777525,6.008076172569062,-6.094355598236337,-3.368306851948935e-14
43.06586579070548,14.624050349805279,10.814450689517804,6.009298717610871,-6.095795923125023,0.0
43.073602503152074,14.617406660727667,10.812103506400591,6.010524854058046,-6.097236821462833,1.6841534259744676e-14
43.08133819856788,14.61076210501661,10.809763094771549,6.0117545935145635,-6.098678293185297,-6.73661370389787e-14
43.08907287537968,14.604116680868515,10.807429473976326,6.012987947584441,-6.100120338229191,5.0524602779234026e-14
43.09680653201419,14.59747038647996,10.805102663360577,6.014224927871709,-6.101562956532511,3.368306851948935e-14
43.10453916689812,14.590823220047676,10.802782682269964,6.015465545980429,-6.103006148034483,-5.0524602779234026e-14
43.11227077845811,14.584175179768549,10.800469550050137,6.0167098135146855,-6.1044499126755625,3.368306851948935e-14
43.12000136512078,14.577526263839612,10.79816328604675,6.01795774207859,-6.105894250397426,1.6841534259744676e-14
43.12773092531265,14.570876470458082,10.79586390960546,6.0192093432762785,-6.107339161142974,-6.73661370389787e-14
43.13545945746029,14.564225797821296,10.793571440071924,6.020464628711908,-6.108784644856325,3.368306851948935e-14
43.14318695999015,14.557574244126776,10.791285896791793,6.021723609989664,-6.110230701482813,1.6841534259744676e-14
43.150913431328675,14.550921807572188,10.789007299110724,6.0229862987137555,-6.111677330968991,1.6841534259744676e-14
43.15863886990226,14.544268486355355,10.786735666374371,6.024252706488406,-6.113124533262621,-3.368306851948935e-14
43.16636327413726,14.537614278674251,10.784471017928384,6.025522844917882,-6.114572308312682,-5.0524602779234026e-14
43.17408664245999,14.530959182727008,10.782213373118433,6.026796725606447,-6.11602065606935,-1.6841534259744676e-14
43.18180897329673,14.524303196711914,10.779962751290158,6.028074360158412,-6.117469576484019,3.368306851948935e-14
43.1895302650737,14.517646318827417,10.777719171789222,6.029355760178093,-6.118919069509276,0.0
43.1972505162171,14.510988547272097,10.775482653961278,6.030640937269834,-6.120369135098919,1.6841534259744676e-14
43.20496972515308,14.504329880244716,10.773253217151977,6.0319299030380105,-6.121819773207944,-1.6841534259744676e-14
43.212687890307755,14.497670315944164,10.771030880706979,6.033222669087005,-6.123270983792544,5.0524602779234026e-14
43.22040501010719,14.491009852569507,10.76881566397194,6.034519247021224,-6.124722766810098,5.894536990910637e-14
43.22812108297741,14.484348488319947,10.76660758629251,6.035819648445108,-6.126175122219195,0.0
43.23583610734443,14.47768622139484,10.76440666701435,6.037123884963103,-6.127628049979599,1.6841534259744676e-14
43.24355008163419,14.4710230499937,10.762212925483109,6.038431968179687,-6.1290815500522715,0.0
43.25126300427261,14.464358972316193,10.760026381044442,6.039743909699352,-6.1305356223993615,4.210383564936169e-14
43.258974873685546,14.457693986562129,10.757847053044008,6.04105972112661,-6.131990266984193,-8.420767129872338e-15
43.266685688298864,14.451028090931478,10.755674960827465,6.042379414065996,-6.133445483771279,3.368306851948935e-14
43.27439544653835,14.444361283624358,10.75351012374046,6.043703000122065,-6.134901272726312,8.420767129872338e-14
43.28210414682976,14.437693562841034,10.751352561128652,6.045030490899389,-6.1363576338161625,-4.210383564936169e-14
43.289811787598815,14.431024926781923,10.749202292337694,6.04636189800256,-6.137814567008872,6.73661370389787e-14
43.2975183672712,14.424355373647602,10.747059336713246,6.047697233036192,-6.139272072273658,4.210383564936169e-14
43.30522388427257,14.417684901638777,10.744923713600956,6.0490365076049155,-6.14073014958091,-1.6841534259744676e-14
43.31292833702853,14.411013508956321,10.742795442346486,6.050379733313376,-6.1421887989021835,3.368306851948935e-14
43.32063172396464,14.404341193801248,10.740674542295485,6.051726921766241,-6.143648020210207,2.5262301389617013e-14
43.328334043506445,14.397667954374734,10.738561032793609,6.0530780845682,-6.145107813478864,-6.73661370389787e-14
43.336035294079444,14.390993788878076,10.736454933186518,6.054433233323949,-6.1465681786832045,8.420767129872338e-15
43.34373547410909,14.384318695512746,10.734356262819865,6.055792379638209,-6.148029115799438,0.0
43.35143458202081,14.377642672480357,10.732265041039302,6.05715553511572,-6.149490624804935,-1.6841534259744676e-14
43.35913261623999,14.370965717982662,10.730181287190483,6.058522711361237,-6.1509527056782165,4.210383564936169e-14
43.36682957519198,14.364287830221567,10.728105020619063,6.059893919979534,-6.152415358398968,-3.368306851948935e-14
43.37452545730209,14.357609007399127,10.726036260670709,6.061269172575386,-6.1538785829480025,-5.0524602779234026e-14
43.382220260995624,14.350929247717534,10.723975026691061,6.062648480753607,-6.1553423793073065,5.894536990910637e-14
43.38991398469779,14.344248549379145,10.721921338025778,6.064031856119012,-6.156806747460001,5.0524602779234026e-14
43.39760662683383,14.337566910586446,10.719875214020519,6.065419310276441,-6.158271687390356,1.0946997268834039e-13
43.40529818582888,14.330884329542078,10.717836674020935,6.06681085483074,-6.159737199083779,2.5262301389617013e-14
43.4129886601081,14.32420080444882,10.715805737372685,6.068206501386772,-6.16120328252682,2.5262301389617013e-14
43.42067804809659,14.317516333509603,10.71378242342142,6.069606261549427,-6.1626699377071725,-3.368306851948935e-14
43.42836634821942,14.310830914927504,10.711766751512794,6.071010146923596,-6.164137164613662,-4.210383564936169e-14
43.43605355890162,14.304144546905736,10.709758740992468,6.072418169114185,-6.1656049632362375,3.368306851948935e-14
43.443739678568186,14.297457227647671,10.707758411206095,6.073830339726121,-6.167073333565994,1.6841534259744676e-14
43.451424705644094,14.29076895535681,10.705765781499323,6.0752466703643435,-6.16854227559515,-8.420767129872338e-15
43.45910863855426,14.284079728236806,10.703780871217816,6.076667172633805,-6.1700117893170505,8.420767129872338e-15
43.46679147572358,14.277389544491456,10.701803699707227,6.078091858139465,-6.171481874726165,2.5262301389617013e-14
43.47447321557693,14.2706984023247,10.699834286313207,6.0795207384863055,-6.1729525318180904,-5.0524602779234026e-14
43.482153856539135,14.264006299940613,10.697872650381415,6.080953825279317,-6.1744237605895345,2.5262301389617013e-14
43.489833397034985,14.257313235543421,10.695918811257503,6.082391130123503,-6.175895561038332,-1.6841534259744676e-14
43.497511835489256,14.250619207337497,10.693972788287127,6.083832664623882,-6.177367933163431,4.210383564936169e-14
43.50518917032666,14.243924213527343,10.692034600815946,6.085278440385478,-6.1788408769648875,1.6841534259744676e-14
43.512865399971915,14.23722825231761,10.69010426818961,6.086728469013334,-6.180314392443878,1.6841534259744676e-14
43.52054052284967,14.230531321913096,10.688181809753777,6.088182762112506,-6.181788479602694,0.0
43.52821453738457,14.223833420518732,10.686267244854097,6.089641331288047,-6.183263138444709,-1.6841534259744676e-14
43.53588744200121,14.217134546339583,10.684360592836232,6.091104188145046,-6.184738368974431,5.0524602779234026e-14
43.54355923512416,14.210434697580878,10.682461873045831,6.092571344288574,-6.186214171197449,-1.6841534259744676e-14
43.55122991517795,14.203733872447964,10.680571104828553,6.094042811323739,-6.187690545120468,4.210383564936169e-14
43.558899480587094,14.197032069146346,10.678688307530049,6.095518600855642,-6.18916749075128,-8.420767129872338e-15
43.56656792977606,14.19032928588164,10.67681350049598,6.096998724489394,-6.190645008098778,-1.6841534259744676e-14
43.57423526116931,14.183625520859643,10.674946703071994,6.0984831938301385,-6.192123097172959,1.6841534259744676e-14
43.58190147319122,14.176920772286252,10.673087934603753,6.099972020482996,-6.193601757984888,1.6841534259744676e-14
43.5895665642662,14.17021503836753,10.671237214436905,6.1014652160531195,-6.195080990546745,1.6841534259744676e-14
43.59723053281859,14.163508317309667,10.66939456191711,6.102962792145663,-6.196560794871782,4.210383564936169e-14
43.60489337727271,14.156800607318987,10.667559996390025,6.104464760365793,-6.198041170974341,-2.5262301389617013e-14
43.61255509605285,14.150091906601967,10.665733537201296,6.105971132318677,-6.199522118869851,2.5262301389617013e-14
43.620215687583254,14.143382213365205,10.663915203696588,6.1074819196095,-6.201003638574813,-1.6841534259744676e-14
43.627875150288176,14.136671525815446,10.662105015221549,6.108997133843454,-6.202485730106818,-3.368306851948935e-14
43.6355334825918,14.12995984215957,10.660302991121839,6.110516786625727,-6.203968393484521,-1.6841534259744676e-14
43.64319068291831,14.1232471606046,10.658509150743111,6.112040889561536,-6.205451628727664,2.5262301389617013e-14
43.65084674969183,14.11653347935768,10.656723513431015,6.113569454256087,-6.206935435857055,8.420767129872338e-14
43.658501681336475,14.109818796626106,10.65494609853121,6.115102492314602,-6.208419814894572,6.73661370389787e-14
43.66615547627632,14.103103110617301,10.653176925389353,6.116640015342306,-6.20990476586316,8.420767129872338e-15
43.67380813293543,14.096386419538831,10.651416013351103,6.1181820349444305,-6.211390288786832,-1.6841534259744676e-14
43.68145964973783,14.089668721598386,10.649663381762103,6.11972856272622,-6.212876383690667,5.894536990910637e-14
43.68911002510751,14.082950015003805,10.647919049968017,6.12127961029292,-6.214363050600799,7.578690416885104e-14
43.696759257468436,14.07623029796305,10.6461830373145,6.1228351892497805,-6.215850289544426,4.210383564936169e-14
43.70440734524454,14.069509568684227,10.6444553631472,6.124395311202061,-6.217338100549803,2.5262301389617013e-14
43.71205428685975,14.06278782537557,10.642736046811779,6.1259599877550235,-6.218826483646236,0.0
43.719700080737944,14.056065066245445,10.641025107653888,6.1275292305139395,-6.220315438864087,8.420767129872338e-15
43.72734472530297,14.049341289502351,10.639322565019185,6.129103051084082,-6.22180496623477,5.0524602779234026e-14
43.73498821897865,14.042616493354938,10.637628438253325,6.130681461070725,-6.223295065790742,-8.420767129872338e-15
43.742630560188815,14.035890676011968,10.635942746701959,6.132264472079158,-6.224785737565514,1.6841534259744676e-14
43.750271747357196,14.029163835682345,10.634265509710744,6.133852095714664,-6.226276981593629,-5.0524602779234026e-14
43.757911778907584,14.022435970575097,10.632596746625339,6.135444343582536,-6.227768797910687,1.0946997268834039e-13
43.76555065326366,14.0157070788994,10.63093647679139,6.137041227288071,-6.229261186553317,5.0524602779234026e-14
43.77318836884914,14.008977158864548,10.629284719554564,6.138642758436562,-6.230754147559186,8.420767129872338e-15
