galstreams/tracks/track.st.New-13.ibata2024.ecsv
# %ECSV 1.0
# ---
# datatype:
# - {name: ra, unit: deg, datatype: float64}
# - {name: dec, unit: deg, datatype: float64}
# - {name: distance, unit: kpc, datatype: float64}
# - {name: pm_ra_cosdec, unit: mas / yr, datatype: float64}
# - {name: pm_dec, unit: mas / yr, datatype: float64}
# - {name: radial_velocity, unit: km / s, datatype: float64}
# delimiter: ','
# meta: !!omap
# - __serialized_columns__:
#     dec:
#       __class__: astropy.coordinates.angles.Latitude
#       unit: &id001 !astropy.units.Unit {unit: deg}
#       value: !astropy.table.SerializedColumn {name: dec}
#     distance:
#       __class__: astropy.coordinates.distances.Distance
#       unit: !astropy.units.Unit {unit: kpc}
#       value: !astropy.table.SerializedColumn {name: distance}
#     pm_dec:
#       __class__: astropy.units.quantity.Quantity
#       unit: !astropy.units.Unit {unit: mas / yr}
#       value: !astropy.table.SerializedColumn {name: pm_dec}
#     pm_ra_cosdec:
#       __class__: astropy.units.quantity.Quantity
#       unit: !astropy.units.Unit {unit: mas / yr}
#       value: !astropy.table.SerializedColumn {name: pm_ra_cosdec}
#     ra:
#       __class__: astropy.coordinates.angles.Longitude
#       unit: *id001
#       value: !astropy.table.SerializedColumn {name: ra}
#       wrap_angle: !astropy.coordinates.Angle
#         unit: *id001
#         value: 360.0
#     radial_velocity:
#       __class__: astropy.units.quantity.Quantity
#       unit: !astropy.units.Unit {unit: km / s}
#       value: !astropy.table.SerializedColumn {name: radial_velocity}
# schema: astropy-2.0
ra,dec,distance,pm_ra_cosdec,pm_dec,radial_velocity
[from data line 1411]
163.68856537457074,-35.56355756815707,0.9999999999999993,-6.28079594917557,-11.393394383385257,968.2779161999689
163.6932875184554,-35.55441887841291,0.9999999999999996,-6.282577474798295,-11.397767719274881,968.2271260826187
163.69800927258737,-35.54528024064334,0.9999999999999994,-6.284359804472814,-11.402140814304474,968.1763736474262
163.70273063301127,-35.53614165337747,0.9999999999999996,-6.286142942918545,-11.406513670446614,968.1256590655195
163.7074515957734,-35.52700311514505,0.9999999999999994,-6.2879268948547775,-11.41088628967448,968.0749825080279
163.71217215692133,-35.5178646244765,0.9999999999999996,-6.289711665000304,-11.415258673962285,968.0243441460799
163.7168923125042,-35.50872617990282,0.9999999999999994,-6.291497258073697,-11.419630825284727,967.9737441508049
163.7216120585725,-35.49958777995581,0.9999999999999994,-6.293283678793152,-11.424002745617344,967.9231826933316
163.72633139117818,-35.49044942316787,0.9999999999999994,-6.295070931876602,-11.428374436936437,967.8726599447891
163.73105030637456,-35.48131110807215,0.9999999999999996,-6.296859022041595,-11.432745901218922,967.8221760763059
163.73576880021653,-35.472172833202286,0.9999999999999994,-6.298647954005347,-11.437117140442595,967.7717312590113
163.74048686876034,-35.46303459709275,0.9999999999999993,-6.300437732484902,-11.441488156586033,967.7213256640339
163.7452045080636,-35.45389639827865,0.9999999999999994,-6.302228362196729,-11.445858951628296,967.670959462503
163.74992171418546,-35.44475823529577,0.9999999999999994,-6.304019847857241,-11.450229527549425,967.6206328255473
163.75463848318637,-35.43562010668045,0.9999999999999994,-6.3058121941822165,-11.454599886330087,967.5703459242956
163.75935481112833,-35.42648201096981,0.9999999999999994,-6.307605405887443,-11.4589700299518,967.520098929877
163.76407069407475,-35.41734394670163,0.9999999999999993,-6.309399487688239,-11.463339960396567,967.4698920134203
163.7687861280903,-35.4082059124143,0.9999999999999996,-6.311194444299389,-11.467709679647427,967.4197253460549
163.77350110924124,-35.39906790664699,0.9999999999999993,-6.312990280435663,-11.472079189687904,967.3695990989088
163.77821563359524,-35.38992992793932,0.9999999999999994,-6.314787000811364,-11.476448492502414,967.3195134431113
163.7829296972213,-35.380791974831745,0.9999999999999992,-6.316584610140531,-11.480817590076128,967.2694685497918
163.78764329618986,-35.37165404586537,0.9999999999999994,-6.318383113136633,-11.485186484394688,967.2194645900787
163.79235642657278,-35.36251613958197,0.9999999999999994,-6.320182514513164,-11.489555177444814,967.169501735101
163.7970690844434,-35.353378254523854,0.9999999999999994,-6.321982818983038,-11.49392367121365,967.1195801559878
163.8017812658764,-35.34424038923411,0.9999999999999993,-6.323784031258953,-11.498291967689354,967.0697000238678
163.80649296694784,-35.335102542256486,0.9999999999999994,-6.325586156053198,-11.502660068860607,967.0198615098701
163.8112041837352,-35.32596471213544,0.9999999999999996,-6.327389198077711,-11.507027976716728,966.9700647851239
163.8159149123175,-35.31682689741586,0.9999999999999994,-6.329193162044248,-11.511395693248204,966.920310020757
163.82062514877498,-35.30768909664355,0.9999999999999994,-6.330998052663986,-11.515763220445749,966.8705973878994
163.8253348891894,-35.29855130836485,0.9999999999999996,-6.332803874648057,-11.52013056030107,966.8209270576798
163.83004412964385,-35.28941353112679,0.9999999999999994,-6.334610632706948,-11.524497714806557,966.7712992012265
163.83475286622286,-35.28027576347712,0.9999999999999996,-6.3364183315511085,-11.528864685955227,966.7217139896692
163.83946109501235,-35.271138003964055,0.9999999999999996,-6.338226975890379,-11.533231475740948,966.6721715941367
163.84416881209967,-35.26200025113666,0.9999999999999996,-6.340036570434435,-11.537598086158283,966.6226721857574
163.84887601357352,-35.252862503544584,0.9999999999999994,-6.341847119892613,-11.54196451920248,966.5732159356608
163.85358269552395,-35.243724759738186,0.9999999999999996,-6.34365862897377,-11.546330776869496,966.5238030149756
163.85828885404254,-35.23458701826834,0.9999999999999993,-6.3454711023865045,-11.55069686115607,966.4744335948303
163.8629944852222,-35.22544927768672,0.9999999999999994,-6.3472845448391695,-11.555062774059564,966.4251078463544
163.86769958515717,-35.2163115365456,0.9999999999999992,-6.349098961039623,-11.559428517578183,966.3758259406767
163.8724041499431,-35.207173793397956,0.9999999999999994,-6.3509143556954015,-11.563794093710754,966.3265880489257
163.8771081756771,-35.19803604679729,0.9999999999999996,-6.352730733513752,-11.568159504456816,966.2773943422311
163.88181165845762,-35.18889829529788,0.9999999999999994,-6.354548099201615,-11.572524751816715,966.2282449917212
163.88651459438447,-35.17976053745462,0.9999999999999994,-6.356366457465519,-11.576889837791413,966.1791401685249
163.89121697955886,-35.170622771823055,0.9999999999999993,-6.358185813011623,-11.581254764382678,966.1300800437716
163.8959188100834,-35.16148499695942,0.9999999999999993,-6.360006170545823,-11.58561953359289,966.0810647885895
163.90062008206206,-35.15234721142051,0.9999999999999994,-6.361827534773489,-11.589984147425241,966.0320945741086
163.90532079160022,-35.14320941376384,0.9999999999999993,-6.363649910399907,-11.594348607883518,965.9831695714564
163.9100209348046,-35.13407160254756,0.9999999999999994,-6.365473302129885,-11.598712916972389,965.9342899517627
163.91472050778327,-35.124933776330465,0.9999999999999994,-6.367297714667721,-11.603077076697048,965.8854558861565
163.9194195066458,-35.11579593367202,0.9999999999999993,-6.3691231527177194,-11.607441089063599,965.8366675457663
163.92411792750298,-35.106658073132294,0.9999999999999996,-6.37094962098346,-11.611804956078572,965.7879251017215
163.92881576646704,-35.09752019327207,0.9999999999999993,-6.372777124168401,-11.61616867974952,965.7392287251503
163.93351301965163,-35.0883822926527,0.9999999999999994,-6.374605666975661,-11.620532262084467,965.6905785871822
163.9382096831717,-35.07924436983626,0.9999999999999994,-6.376435254107889,-11.624895705092328,965.6419748589459
163.94290575314355,-35.07010642338541,0.9999999999999996,-6.378265890267365,-11.629259010782533,965.5934177115709
163.94760122568493,-35.06096845186351,0.9999999999999994,-6.380097580156168,-11.633622181165407,965.5449073161847
163.95229609691495,-35.051830453834526,0.9999999999999993,-6.3819303284759314,-11.637985218251785,965.4964438439179
163.95699036295392,-35.04269242786307,0.9999999999999993,-6.383764139927813,-11.642348124053385,965.4480274658982
163.96168401992372,-35.03355437251443,0.9999999999999996,-6.3855990192128615,-11.646710900582477,965.3996583532551
163.9663770639475,-35.024416286354494,0.9999999999999993,-6.38743497103156,-11.651073549852242,965.3513366771167
163.9710694911498,-35.015278167949845,0.9999999999999994,-6.389272000084247,-11.655436073876274,965.3030626086131
163.97576129765642,-35.00614001586768,0.9999999999999996,-6.391110111070624,-11.65979847466906,965.2548363188728
163.98045247959465,-34.99700182867581,0.9999999999999994,-6.392949308690277,-11.664160754245856,965.2066579790245
163.98514303309307,-34.98786360494276,0.9999999999999993,-6.394789597642273,-11.668522914622343,965.1585277601969
163.98983295428158,-34.978725343237635,0.9999999999999994,-6.396630982625389,-11.672884957815128,965.1104458335197
163.99452223929154,-34.969587042130186,0.9999999999999996,-6.398473468338118,-11.677246885841512,965.062412370121
163.99921088425555,-34.96044870019084,0.9999999999999996,-6.4003170594784535,-11.681608700719323,965.0144275411302
164.00389888530762,-34.95131031599063,0.9999999999999994,-6.4021617607440575,-11.68597040446727,964.9664915176759
164.0085862385831,-34.942171888101235,0.9999999999999993,-6.4040075768323135,-11.6903319991047,964.9186044708873
164.01327294021866,-34.933033415095,0.9999999999999994,-6.405854512440257,-11.69469348665153,964.8707665718929
164.01795898635237,-34.92389489554487,0.9999999999999994,-6.4077025722643555,-11.699054869128531,964.8229779918222
164.02264437312357,-34.91475632802443,0.9999999999999994,-6.409551761000856,-11.703416148557096,964.775238901804
164.02732909667301,-34.90561771110796,0.9999999999999994,-6.411402083345713,-11.707777326959288,964.7275494729672
164.03201315314274,-34.896479043370285,0.9999999999999993,-6.413253543994337,-11.71213840635798,964.6799098764402
164.0366965386762,-34.88734032338694,0.9999999999999996,-6.415106147642021,-11.716499388776526,964.6323202833523
164.0413792494181,-34.87820154973405,0.9999999999999993,-6.416959898983372,-11.72086027623918,964.5847808648323
164.04606128151457,-34.86906272098842,0.9999999999999996,-6.418814802712944,-11.725221070770786,964.5372917920092
164.05074263111302,-34.85992383572743,0.9999999999999993,-6.420670863524705,-11.729581774396763,964.4898532360123
164.05542329436216,-34.850784892529134,0.9999999999999994,-6.422528086112301,-11.733942389143493,964.4424653679696
164.06010326741213,-34.84164588997222,0.9999999999999993,-6.424386475169122,-11.738302917037828,964.3951283590112
164.06478254641434,-34.832506826636006,0.9999999999999994,-6.426246035388033,-11.742663360107258,964.3478423802648
164.06946112752152,-34.82336770110042,0.9999999999999994,-6.428106771461579,-11.747023720380156,964.30060760286
164.07413900688778,-34.81422851194603,0.9999999999999994,-6.42996868808202,-11.751383999885519,964.253424197926
164.07881618066858,-34.805089257754055,0.9999999999999994,-6.431831789941263,-11.755744200652927,964.2062923365909
164.08349264502058,-34.79594993710633,0.9999999999999994,-6.433696081730545,-11.760104324712657,964.1592121899841
164.08816839610185,-34.786810548585315,0.9999999999999994,-6.435561568141026,-11.764464374095752,964.1121839292348
164.09284343007184,-34.7776710907741,0.9999999999999993,-6.4374282538635015,-11.768824350833953,964.065207725471
164.09751774309126,-34.76853156225643,0.9999999999999996,-6.439296143588265,-11.77318425695944,964.0182837498226
164.1021913313221,-34.75939196161663,0.9999999999999996,-6.441165242005212,-11.777544094505416,963.9714121734179
164.10686419092775,-34.75025228743968,0.9999999999999994,-6.443035553803959,-11.781903865505555,963.9245931673863
164.1115363180729,-34.7411125383112,0.9999999999999994,-6.444907083673783,-11.786263571994198,963.8778269028562
164.1162077089235,-34.73197271281741,0.9999999999999993,-6.446779836303392,-11.79062321600638,963.831113550957
164.12087835964687,-34.722832809545174,0.9999999999999996,-6.4486538163813165,-11.794982799577923,963.7844532828171
164.1255482664117,-34.71369282708198,0.9999999999999994,-6.450529028595668,-11.799342324745169,963.7378462695658
164.13021742538788,-34.704552764015915,0.9999999999999993,-6.452405477634059,-11.803701793545187,963.6912926823319
164.13488583274668,-34.695412618935705,0.9999999999999996,-6.4542831681838635,-11.808061208015857,963.6447926922441
164.13955348466067,-34.686272390430744,0.9999999999999994,-6.456162104932062,-11.812420570195329,963.5983464704317
164.1442203773037,-34.67713207709097,0.9999999999999996,-6.458042292565111,-11.816779882122944,963.5519541880232
164.148886506851,-34.667991677507,0.9999999999999993,-6.45992373576933,-11.821139145838373,963.5056160161479
164.15355186947903,-34.658851190270035,0.9999999999999994,-6.461806439230408,-11.825498363381996,963.459332125935
164.1582164613656,-34.64971061397194,0.9999999999999994,-6.463690407633834,-11.829857536794961,963.4131026885127
164.1628802786899,-34.640569947205165,0.9999999999999993,-6.465575645664721,-11.834216668118998,963.36692787501
164.1675433176322,-34.6314291885628,0.9999999999999994,-6.467462158007564,-11.838575759396491,963.3208078565558
164.17220557437432,-34.62228833663854,0.9999999999999996,-6.469349949346714,-11.842934812670578,963.2747428042801
164.17686704509921,-34.6131473900267,0.9999999999999994,-6.471239024366085,-11.847293829985006,963.2287328893104
164.18152772599123,-34.604006347322226,0.9999999999999993,-6.473129387749161,-11.851652813384135,963.1827782827763
164.18618761323594,-34.594865207120655,0.9999999999999994,-6.475021044179073,-11.856011764913106,963.1368791558066
164.19084670302036,-34.5857239680182,0.9999999999999994,-6.476913998338581,-11.860370686617529,963.09103567953
164.19550499153257,-34.57658262861161,0.9999999999999993,-6.4788082549100565,-11.864729580543909,963.0452480250756
164.20016247496218,-34.567441187498304,0.9999999999999994,-6.480703818575442,-11.869088448739234,962.9995163635724
164.2048191494999,-34.5582996432763,0.9999999999999993,-6.482600694016327,-11.87344729325126,962.9538408661496
164.2094750113379,-34.54915799454423,0.9999999999999994,-6.484498885913823,-11.877806116128298,962.9082217039355
164.21413005666952,-34.54001623990135,0.9999999999999997,-6.4863983989489,-11.88216491941931,962.8626590480592
164.21878428168944,-34.53087437794751,0.9999999999999994,-6.48829923780189,-11.886523705174085,962.81715306965
164.22343768259358,-34.521732407283196,0.9999999999999994,-6.490201407152796,-11.890882475442893,962.771703939836
164.22809025557927,-34.512590326509475,0.9999999999999996,-6.492104911681309,-11.895241232276703,962.7263118297471
164.232741996845,-34.503448134228066,0.9999999999999996,-6.49400975606666,-11.899599977727107,962.6809769105117
164.23739290259056,-34.49430582904127,0.9999999999999994,-6.495915944987715,-11.903958713846464,962.6356993532581
164.24204296901712,-34.485163409552,0.9999999999999993,-6.497823483122978,-11.908317442687633,962.5904793291164
164.24669219232703,-34.47602087436379,0.9999999999999994,-6.4997323751504865,-11.912676166304209,962.5453170092154
164.25134056872395,-34.46687822208077,0.9999999999999994,-6.501642625747927,-11.917034886750457,962.500212564683
164.25598809441286,-34.4577354513077,0.9999999999999994,-6.503554239592596,-11.921393606081196,962.455166166649
164.26063476559997,-34.44859256064992,0.9999999999999994,-6.505467221361464,-11.925752326351983,962.4101779862418
164.2652805784928,-34.43944954871341,0.9999999999999994,-6.507381575731003,-11.930111049618901,962.3652481945908
164.26992552930008,-34.43030641410472,0.9999999999999996,-6.509297307377281,-11.934469777938872,962.3203769628246
164.27456961423195,-34.42116315543102,0.9999999999999993,-6.511214420976053,-11.938828513369288,962.2755644620718
164.27921282949964,-34.41201977130011,0.9999999999999994,-6.513132921202633,-11.943187257968162,962.2308108634622
164.28385517131582,-34.402876260320355,0.9999999999999994,-6.515052812731916,-11.947546013794351,962.1861163381242
164.2884966358944,-34.39373262110075,0.9999999999999993,-6.516974100238571,-11.951904782907235,962.1414810571865
164.29313721945044,-34.38458885225089,0.9999999999999994,-6.518896788396553,-11.956263567366648,962.0969051917788
164.2977769182004,-34.37544495238098,0.9999999999999996,-6.520820881879786,-11.960622369233448,962.0523889130287
164.30241572836198,-34.36630092010179,0.9999999999999994,-6.522746385361501,-11.964981190568793,962.0079323920662
164.30705364615406,-34.35715675402475,0.9999999999999993,-6.524673303514618,-11.96934003343469,961.96353580002
164.31169066779694,-34.348012452761836,0.9999999999999996,-6.526601641011794,-11.97369889989362,961.9191993080191
164.31632678951206,-34.33886801492565,0.9999999999999994,-6.528531402525125,-11.978057792008812,961.8749230871917
164.32096200752216,-34.32972343912941,0.9999999999999994,-6.530462592726295,-11.982416711844138,961.8307073086673
164.32559631805125,-34.3205787239869,0.9999999999999996,-6.532395216286716,-11.986775661463994,961.7865521435752
164.33022971732458,-34.31143386811253,0.9999999999999994,-6.534329277877383,-11.991134642933432,961.7424577630435
164.33486220156868,-34.302288870121274,0.9999999999999994,-6.536264782168686,-11.995493658318324,961.6984243382018
164.3394937670114,-34.29314372862875,0.9999999999999993,-6.538201733830988,-11.999852709684902,961.6544520401784
