galstreams/tracks/track.st.C-7.ibata2021.ecsv
# %ECSV 1.0
# ---
# datatype:
# - {name: ra, unit: deg, datatype: float64}
# - {name: dec, unit: deg, datatype: float64}
# - {name: distance, unit: kpc, datatype: float64}
# - {name: pm_ra_cosdec, unit: mas / yr, datatype: float64}
# - {name: pm_dec, unit: mas / yr, datatype: float64}
# - {name: radial_velocity, unit: km / s, datatype: float64}
# delimiter: ','
# meta: !!omap
# - __serialized_columns__:
#     dec:
#       __class__: astropy.coordinates.angles.Latitude
#       unit: &id001 !astropy.units.Unit {unit: deg}
#       value: !astropy.table.SerializedColumn {name: dec}
#     distance:
#       __class__: astropy.coordinates.distances.Distance
#       unit: !astropy.units.Unit {unit: kpc}
#       value: !astropy.table.SerializedColumn {name: distance}
#     pm_dec:
#       __class__: astropy.units.quantity.Quantity
#       unit: !astropy.units.Unit {unit: mas / yr}
#       value: !astropy.table.SerializedColumn {name: pm_dec}
#     pm_ra_cosdec:
#       __class__: astropy.units.quantity.Quantity
#       unit: !astropy.units.Unit {unit: mas / yr}
#       value: !astropy.table.SerializedColumn {name: pm_ra_cosdec}
#     ra:
#       __class__: astropy.coordinates.angles.Longitude
#       unit: *id001
#       value: !astropy.table.SerializedColumn {name: ra}
#       wrap_angle: !astropy.coordinates.Angle
#         unit: *id001
#         value: 360.0
#     radial_velocity:
#       __class__: astropy.units.quantity.Quantity
#       unit: !astropy.units.Unit {unit: km / s}
#       value: !astropy.table.SerializedColumn {name: radial_velocity}
# schema: astropy-2.0
ra,dec,distance,pm_ra_cosdec,pm_dec,radial_velocity
[from data line 1125]
288.2357207680682,-49.87983262736071,5.706713519815043,-13.586779487118294,-12.674276783364174,-23.58056449313585
288.249863486853,-49.8757111313326,5.706848318010699,-13.58427194529375,-12.678214357130315,-23.5518052570882
288.2640035846476,-49.87158762485101,5.706983607272259,-13.581763135813642,-12.682149861231458,-23.522913250971982
288.2781410609226,-49.86746210841652,5.707119386531498,-13.579253059808854,-12.68608329278655,-23.493888756724306
288.29227591515,-49.863334582529745,5.707255654720191,-13.576741718411663,-12.690014648915472,-23.46473205628149
288.3064081468024,-49.859205047691404,5.707392410770112,-13.57422911275584,-12.693943926738948,-23.43544343158008
288.320537755354,-49.85507350440227,5.707529653613034,-13.571715243976502,-12.697871123378647,-23.40602316455689
288.3346647402798,-49.85093995316324,5.707667382180737,-13.569200113210256,-12.7017962359571,-23.376471537148532
288.34878910105607,-49.84680439447518,5.707805595404988,-13.566683721595068,-12.7057192615978,-23.346788831291487
288.36291083716037,-49.8426668288391,5.707944292217567,-13.564166070270359,-12.709640197425102,-23.31697532892267
288.3770299480711,-49.838527256756066,5.708083471550246,-13.56164716037696,-12.713559040564249,-23.287031311978392
288.39114643326786,-49.834385678727266,5.708223132334803,-13.559126993057118,-12.71747578814141,-23.256957062395475
288.40526029223156,-49.830242095253844,5.708363273503008,-13.556605569454469,-12.72139043728368,-23.226752862110455
288.41937152444405,-49.826096506837075,5.708503893986636,-13.554082890714087,-12.725302985119026,-23.19641899306019
288.4334801293884,-49.82194891397834,5.708644992717464,-13.551558957982426,-12.729213428776308,-23.165955737181086
288.4475861065485,-49.81779931717908,5.708786568627268,-13.549033772407395,-12.733121765385295,-23.135363376409593
288.46168945541,-49.81364771694071,5.708928620647817,-13.546507335138253,-12.737027992076712,-23.104642192682757
288.4757901754591,-49.80949411376482,5.709071147710891,-13.543979647325681,-12.740932105982125,-23.07379246793693
288.4898882661834,-49.805338508153014,5.709214148748261,-13.541450710121776,-12.744834104234048,-23.04281448410902
288.5039837270714,-49.80118090060704,5.709357622691702,-13.538920524680034,-12.748733983965847,-23.01170852313531
288.5180765576131,-49.79702129162859,5.709501568472993,-13.53638909215529,-12.752631742311866,-22.980474866952715
288.53216675729925,-49.79285968171951,5.709645985023902,-13.533856413703859,-12.756527376407298,-22.94911379749768
288.5462543256219,-49.7886960713817,5.709790871276207,-13.531322490483412,-12.760420883388269,-22.917625596706923
288.560339262074,-49.78453046111714,5.709936226161682,-13.528787323653017,-12.764312260391776,-22.886010546517017
288.5744215661501,-49.78036285142781,5.710082048612102,-13.526250914373106,-12.768201504555782,-22.854268928864414
288.5885012373455,-49.77619324281583,5.710228337559239,-13.523713263805515,-12.77208861301913,-22.822401025686265
288.60257827515653,-49.77202163578334,5.710375091934872,-13.521174373113482,-12.775973582921534,-22.790407118918875
288.61665267908086,-49.76784803083261,5.710522310670772,-13.51863424346163,-12.779856411403646,-22.7582874904987
288.6307244486173,-49.76367242846588,5.7106699926987154,-13.516092876015929,-12.783737095607062,-22.72604242236268
288.64479358326565,-49.759494829185506,5.710818136950476,-13.513550271943771,-12.787615632674221,-22.693672196447096
288.6588600825269,-49.755315233493945,5.7109667423578285,-13.511006432413883,-12.791492019748516,-22.661177094689073
288.67292394590305,-49.75113364189367,5.711115807852547,-13.508461358596431,-12.795366253974203,-22.628557399025112
288.6869851728974,-49.7469500548872,5.7112653323664055,-13.505915051662898,-12.799238332496497,-22.595813391391264
288.7010437630141,-49.74276447297716,5.711415314831182,-13.503367512786161,-12.803108252461497,-22.562945353724743
288.7150997157588,-49.73857689666623,5.711565754178646,-13.50081874314047,-12.806976011016214,-22.529953567962064
288.7291530306378,-49.734387326457174,5.711716649340577,-13.498268743901464,-12.810841605308553,-22.496838316039877
288.74320370715895,-49.73019576285273,5.711867999248745,-13.49571751624609,-12.814705032487375,-22.463599879894858
288.75725174483097,-49.726002206355815,5.712019802834927,-13.493165061352737,-12.818566289702398,-22.43023854146349
288.7712971431636,-49.72180665746933,5.712172059030898,-13.490611380401116,-12.822425374104265,-22.396754582682316
288.7853399016679,-49.71760911669631,5.7123247667684325,-13.488056474572318,-12.826282282844534,-22.36314828548802
288.7993800198561,-49.71340958453974,5.712477924979304,-13.485500345048745,-12.830137013075703,-22.329419931817483
288.81341749724123,-49.70920806150274,5.712631532595285,-13.482942993014216,-12.833989561951135,-22.29556980360715
288.8274523333378,-49.705004548088525,5.712785588548156,-13.480384419653886,-12.83783992662513,-22.261598182793737
288.841484527661,-49.70079904480031,5.712940091769685,-13.477824626154298,-12.841688104252869,-22.22750535131369
288.85551407972764,-49.69659155214137,5.71309504119165,-13.475263613703268,-12.845534091990494,-22.193291591103794
288.8695409890552,-49.69238207061508,5.713250435745827,-13.472701383490028,-12.849377886995033,-22.158957184100757
288.88356525516247,-49.68817060072484,5.7134062743639875,-13.47013793670515,-12.8532194864244,-22.124502412240926
288.8975868775693,-49.68395714297415,5.713562555977907,-13.467573274540554,-12.857058887437454,-22.089927557461188
288.9116058557967,-49.6797416978665,5.71371927951936,-13.465007398189488,-12.860896087193975,-22.055232901698115
288.9256221893668,-49.675524265905494,5.713876443920121,-13.462440308846553,-12.864731082854627,-22.020418726888128
288.9396358778027,-49.67130484759481,5.714034048111965,-13.459872007707698,-12.868563871581003,-21.985485314968102
288.95364692062867,-49.66708344343816,5.714192091026667,-13.45730249597022,-12.87239445053558,-21.950432947874656
288.9676553173702,-49.662860053939255,5.714350571596,-13.45473177483272,-12.87622281688181,-21.915261907544334
288.9816610675538,-49.65863467960197,5.714509488751742,-13.452159845495165,-12.880048967784006,-21.87997247591385
288.99566417070696,-49.65440732093016,5.714668841425664,-13.449586709158865,-12.883872900407413,-21.84456493491972
289.0096646263584,-49.6501779784278,5.714828628549539,-13.447012367026467,-12.88769461191817,-21.809039566498654
289.0236624340381,-49.645946652598845,5.714988849055146,-13.44443682030188,-12.89151409948337,-21.773396652587273
289.03765759327683,-49.64171334394736,5.715149501874258,-13.441860070190433,-12.895331360270987,-21.73763647512208
289.0516501036066,-49.63747805297746,5.7153105859386475,-13.43928211789873,-12.899146391449932,-21.701759316040036
289.06563996456055,-49.63324078019334,5.715472100180093,-13.43670296463474,-12.90295919018998,-21.665765457277207
289.079627175673,-49.62900152609915,5.715634043530366,-13.434122611607682,-12.906769753661916,-21.62965518077102
289.0936117364791,-49.62476029119922,5.7157964149212415,-13.431541060028186,-12.910578079037343,-21.59342876845728
289.1075936465154,-49.62051707599787,5.715959213284494,-13.428958311108161,-12.914384163488833,-21.557086502273137
289.1215729053192,-49.616271880999506,5.7161224375519,-13.426374366060834,-12.918188004189851,-21.520628664155
289.13554951242946,-49.61202470670852,5.716286086655229,-13.423789226100734,-12.92198959831481,-21.484055536039694
289.1495234673857,-49.60777555362944,5.7164501595262625,-13.421202892443738,-12.925788943039002,-21.44736739986356
289.1634947697287,-49.60352442226679,5.71661465509677,-13.418615366307016,-12.929586035538652,-21.41056453756368
289.17746341900033,-49.59927131312523,5.71677957229853,-13.416026648909073,-12.933380872990877,-21.373647231076298
289.1914294147437,-49.595016226709355,5.7169449100633125,-13.413436741469672,-12.937173452573763,-21.336615762338027
289.20539275650293,-49.590759163523884,5.717110667322893,-13.410845645209937,-12.94096377146628,-21.299470413285785
289.21935344382314,-49.5865001240736,5.71727684300905,-13.408253361352273,-12.944751826848286,-21.262211465855852
289.23331147625055,-49.58223910886333,5.7174434360535535,-13.405659891120406,-12.948537615900605,-21.224839201985276
289.24726685333275,-49.57797611839789,5.717610445388181,-13.403065235739325,-12.952321135804976,-21.1873539036103
289.261219574618,-49.57371115318222,5.7177778699447055,-13.400469396435366,-12.95610238374401,-21.14975585266774
289.275169639656,-49.5694442137213,5.717945708654901,-13.397872374436155,-12.959881356901278,-21.11204533109408
289.2891170479973,-49.56517530052017,5.718113960450546,-13.395274170970588,-12.963658052461245,-21.07422262082623
289.30306179919376,-49.560904414083836,5.71828262426341,-13.39267478726887,-12.967432467609322,-21.03628800380047
289.31700389279814,-49.55663155491748,5.71845169902527,-13.390074224562508,-12.971204599531802,-20.998241761953683
289.33094332836447,-49.55235672352625,5.718621183667899,-13.387472484084292,-12.974974445415942,-20.96008417722265
289.3448801054476,-49.54807992041538,5.7187910771230746,-13.384869567068321,-12.978742002449842,-20.92181553154365
289.3588142236038,-49.54380114609014,5.718961378322568,-13.382265474749941,-12.982507267822607,-20.883436106853328
289.3727456823903,-49.53952040105583,5.719132086198156,-13.379660208365813,-12.986270238724211,-20.844946185088467
289.38667448136516,-49.53523768581787,5.719303199681613,-13.377053769153896,-12.990030912345542,-20.80634604818565
289.400600620088,-49.530953000881624,5.719474717704712,-13.374446158353397,-12.993789285878446,-20.76763597808145
289.4145240981192,-49.526666346752585,5.719646639199228,-13.371837377204807,-12.997545356515666,-20.728816256712793
289.4284449150203,-49.52237772393627,5.7198189630969365,-13.369227426949932,-13.00129912145084,-20.68988716601581
289.44236307035396,-49.51808713293825,5.719991688329612,-13.36661630883182,-13.005050577878563,-20.650848987927635
289.4562785636837,-49.513794574264146,5.720164813829028,-13.364004024094823,-13.008799722994326,-20.611702004384632
289.47019139457467,-49.50950004841959,5.720338338526961,-13.36139057398452,-13.012546553994547,-20.572446497323252
289.48410156259257,-49.5052035559103,5.720512261355183,-13.358775959747806,-13.01629106807659,-20.533082748680545
289.4980090673043,-49.50090509724206,5.720686581245469,-13.356160182632856,-13.02003326243869,-20.49361104039296
289.5119139082781,-49.49660467292062,5.720861297129596,-13.353543243889042,-13.023773134280038,-20.454031654397042
289.52581608508297,-49.492302283451856,5.721036407939335,-13.350925144767075,-13.027510680800734,-20.414344872629467
289.5397155972892,-49.48799792934164,5.721211912606465,-13.348305886518897,-13.031245899201792,-20.37455097702679
289.5536124444681,-49.48369161109595,5.7213878100627555,-13.345685470397722,-13.034978786685164,-20.33465024952585
289.5675066261919,-49.479383329220745,5.721564099239986,-13.343063897658045,-13.038709340453682,-20.294642972063034
289.5813981420343,-49.475073084222046,5.721740779069926,-13.340441169555543,-13.042437557711176,-20.254529426575225
289.5952869915697,-49.470760876605944,5.721917848484353,-13.33781728734725,-13.046163435662326,-20.214309894998895
289.60917317437367,-49.46644670687855,5.722095306415042,-13.33519225229141,-13.049886971512748,-20.17398465927076
289.6230566900231,-49.46213057554603,5.722273151793767,-13.332566065647498,-13.053608162469004,-20.13355400132724
289.6369375380956,-49.457812483114566,5.722451383552301,-13.329938728676282,-13.057327005738554,-20.093018203105075
289.6508157181701,-49.45349243009045,5.722630000622422,-13.327310242639742,-13.061043498529802,-20.052377546541084
289.66469122982653,-49.44917041697994,5.7228090019359,-13.324680608801149,-13.064757638052045,-20.011632313571713
289.67856407264577,-49.44484644428942,5.722988386424512,-13.322049828425003,-13.068469421515506,-19.97078278613354
289.6924342462101,-49.440520512525204,5.723168153020034,-13.319417902777026,-13.072178846131369,-19.929829246163383
289.70630175010257,-49.43619262219375,5.723348300654239,-13.3167848331242,-13.075885909111687,-19.888771975597752
289.72016658390737,-49.43186277380154,5.7235288282589005,-13.314150620734772,-13.079590607669466,-19.84761125637326
289.73402874720995,-49.42753096785504,5.723709734765795,-13.311515266878175,-13.083292939018634,-19.806347370426526
289.7478882395966,-49.42319720486081,5.723891019106694,-13.308878772825135,-13.086992900374037,-19.764980599694262
289.76174506065473,-49.41886148532544,5.724072680213377,-13.306241139847568,-13.090690488951434,-19.723511226113214
289.775599209973,-49.414523809755586,5.7242547170176135,-13.303602369218657,-13.094385701967532,-19.681939531619793
289.7894506871408,-49.41018417865791,5.724437128451182,-13.300962462212837,-13.098078536639893,-19.640265798150686
289.80329949174893,-49.40584259253908,5.724619913445855,-13.298321420105683,-13.101768990187107,-19.598490307642507
289.81714562338914,-49.40149905190589,5.7248030709334055,-13.2956792441741,-13.105457059828613,-19.556613342031827
289.8309890816541,-49.397153557265135,5.724986599845613,-13.293035935696176,-13.109142742784773,-19.514635183255404
289.84482986613796,-49.39280610912361,5.725170499114247,-13.29039149595119,-13.112826036276935,-19.472556113250047
289.85866797643536,-49.38845670798821,5.725354767671083,-13.287745926219726,-13.116506937527285,-19.430376413951798
289.87250341214246,-49.384105354365836,5.7255394044478995,-13.285099227783514,-13.120185443758993,-19.388096367297816
289.8863361728564,-49.379752048763436,5.725724408376466,-13.28245140192554,-13.12386155219614,-19.34571625522474
289.9001662581751,-49.37539679168804,5.72590977838856,-13.279802449930026,-13.127535260063688,-19.303236359668787
289.9139936676979,-49.3710395836466,5.726095513415956,-13.27715237308235,-13.1312065645876,-19.26065696256687
289.9278184010252,-49.366680425146214,5.726281612390426,-13.27450117266916,-13.13487546299471,-19.2179783458558
289.9416404577581,-49.362319316693984,5.726468074243746,-13.271848849978305,-13.138541952512778,-19.17520079147173
289.95545983749923,-49.357956258797046,5.726654897907693,-13.269195406298813,-13.142206030370495,-19.132324581351636
289.96927653985193,-49.35359125196256,5.726842082314039,-13.266540842920968,-13.145867693797499,-19.089349997432137
289.98309056442076,-49.34922429669776,5.727029626394559,-13.263885161136232,-13.149526940024305,-19.046277321649672
289.99690191081135,-49.34485539350989,5.7272175290810265,-13.261228362237272,-13.153183766282407,-19.003106835941196
290.0107105786302,-49.34048454290622,5.727405789305218,-13.258570447517982,-13.156838169804164,-18.95983882224275
290.02451656748525,-49.33611174539407,5.727594405998907,-13.255911418273426,-13.160490147822912,-18.91647356249159
290.0383198769851,-49.33173700148081,5.727783378093867,-13.253251275799903,-13.164139697572885,-18.873011338624053
290.0521205067397,-49.32736031167382,5.727972704521876,-13.250590021394874,-13.167786816289242,-18.829452432576858
290.06591845635984,-49.322981676480545,5.728162384214704,-13.247927656357039,-13.171431501208076,-18.785797126286415
290.07971372545757,-49.31860109640841,5.728352416104129,-13.24526418198624,-13.175073749566398,-18.74204570168971
290.09350631364595,-49.31421857196494,5.728542799121923,-13.242599599583551,-13.178713558602151,-18.698198440723193
290.10729622053884,-49.30983410365765,5.728733532199863,-13.239933910451242,-13.182350925554182,-18.654255625323334
290.12108344575165,-49.305447691994104,5.728924614269722,-13.237267115892744,-13.1859858476623,-18.610217537427225
290.1348679889003,-49.30105933748192,5.729116044263274,-13.234599217212699,-13.189618322167192,-18.56608445897087
290.1486498496022,-49.29666904062869,5.729307821112298,-13.231930215716936,-13.193248346310511,-18.52185667189132
290.1624290274756,-49.2922768019421,5.729499943748562,-13.22926011271242,-13.196875917334827,-18.47753445812536
