galstreams/tracks/track.st.NGC288.ibata2021.ecsv
# %ECSV 1.0
# ---
# datatype:
# - {name: ra, unit: deg, datatype: float64}
# - {name: dec, unit: deg, datatype: float64}
# - {name: distance, unit: kpc, datatype: float64}
# - {name: pm_ra_cosdec, unit: mas / yr, datatype: float64}
# - {name: pm_dec, unit: mas / yr, datatype: float64}
# - {name: radial_velocity, unit: km / s, datatype: float64}
# delimiter: ','
# meta: !!omap
# - __serialized_columns__:
#     dec:
#       __class__: astropy.coordinates.angles.Latitude
#       unit: &id001 !astropy.units.Unit {unit: deg}
#       value: !astropy.table.SerializedColumn {name: dec}
#     distance:
#       __class__: astropy.coordinates.distances.Distance
#       unit: !astropy.units.Unit {unit: kpc}
#       value: !astropy.table.SerializedColumn {name: distance}
#     pm_dec:
#       __class__: astropy.units.quantity.Quantity
#       unit: !astropy.units.Unit {unit: mas / yr}
#       value: !astropy.table.SerializedColumn {name: pm_dec}
#     pm_ra_cosdec:
#       __class__: astropy.units.quantity.Quantity
#       unit: !astropy.units.Unit {unit: mas / yr}
#       value: !astropy.table.SerializedColumn {name: pm_ra_cosdec}
#     ra:
#       __class__: astropy.coordinates.angles.Longitude
#       unit: *id001
#       value: !astropy.table.SerializedColumn {name: ra}
#       wrap_angle: !astropy.coordinates.Angle
#         unit: *id001
#         value: 360.0
#     radial_velocity:
#       __class__: astropy.units.quantity.Quantity
#       unit: !astropy.units.Unit {unit: km / s}
#       value: !astropy.table.SerializedColumn {name: radial_velocity}
# schema: astropy-2.0
ra,dec,distance,pm_ra_cosdec,pm_dec,radial_velocity
[from data line 143]
7.357738710221971,-20.71369640609191,11.323867550108595,4.100707764516461,-5.2610420255172095,0.0
7.367056694451981,-20.719524738505807,11.322822675264318,4.1001088196745545,-5.260859748781459,1.6841534259744676e-14
7.376365351323409,-20.725359837864374,11.321779549205571,4.0995130108567865,-5.260681232460675,0.0
7.385664697809798,-20.731201693456875,11.3207381689843,4.098920332563694,-5.260506468160971,0.0
7.394954750882647,-20.737050294568895,11.319698531652458,4.098330779293571,-5.260335447490361,3.368306851948935e-14
7.404235527511422,-20.742905630482323,11.31866063426199,4.0977443455424885,-5.260168162058767,-1.6841534259744676e-14
7.413507044663564,-20.748767690475386,11.317624473864841,4.0971610258042945,-5.260004603478013,-5.0524602779234026e-14
7.422769319304482,-20.75463646382262,11.31659004751296,4.096580814570617,-5.259844763361821,0.0
7.432022368397586,-20.760511939794867,11.31555735225829,4.096003706330883,-5.2596886333257995,1.6841534259744676e-14
7.441266208904273,-20.766394107659313,11.314526385152783,4.095429695572309,-5.2595362049874455,-1.6841534259744676e-14
7.45050085778395,-20.772282956679472,11.313497143248382,4.094858776779926,-5.2593874699661445,-1.6841534259744676e-14
7.459726331994044,-20.778178476115187,11.312469623597034,4.094290944436562,-5.259242419883144,1.6841534259744676e-14
7.468942648489991,-20.784080655222624,11.311443823250686,4.093726193022878,-5.259101046361584,0.0
7.478149824225276,-20.789989483254317,11.310419739261288,4.093164517017344,-5.258963341026453,0.0
7.487347876151404,-20.795904949459107,11.30939736868078,4.092605910896273,-5.258829295504621,-3.368306851948935e-14
7.496536821217946,-20.801827043082216,11.308376708561118,4.092050369133805,-5.258698901424806,1.6841534259744676e-14
7.505716676372515,-20.807755753365175,11.307357755954241,4.091497886201932,-5.258572150417587,0.0
7.514887458560806,-20.813691069545904,11.3063405079121,4.090948456570489,-5.258449034115388,-1.6841534259744676e-14
7.524049184726573,-20.819632980858646,11.305324961486638,4.090402074707173,-5.258329544152483,1.6841534259744676e-14
7.533201871811657,-20.82558147653401,11.304311113729808,4.089858735077541,-5.258213672164985,1.6841534259744676e-14
7.542345536755994,-20.831536545798986,11.303298961693551,4.089318432145021,-5.258101409790845,1.6841534259744676e-14
7.551480196497614,-20.837498177876896,11.302288502429818,4.088781160370913,-5.257992748669842,1.6841534259744676e-14
7.56060586797266,-20.843466361987453,11.30127973299055,4.088246914214406,-5.25788768044359,-5.0524602779234026e-14
7.56972256811539,-20.849441087346737,11.300272650427695,4.087715688132577,-5.257786196755523,0.0
7.578830313858183,-20.85542234316718,11.299267251793212,4.087187476580388,-5.257688289250887,0.0
7.587929122131558,-20.861410118657627,11.29826353413903,4.08666227401072,-5.257593949576755,0.0
7.59701900986417,-20.86740440302326,11.297261494517105,4.086140074874349,-5.257503169382001,3.368306851948935e-14
7.6060999939828315,-20.87340518546568,11.296261129979387,4.085620873619966,-5.257415940317301,0.0
7.615172091412508,-20.879412455182845,11.295262437577811,4.085104664694194,-5.257332254035143,0.0
7.624235319076335,-20.885426201369125,11.29426541436434,4.08459144254157,-5.257252102189801,-1.6841534259744676e-14
7.633289693895628,-20.891446413215274,11.293270057390908,4.084081201604574,-5.257175476437348,0.0
7.642335232789876,-20.89747307990842,11.292276363709464,4.0835739363236225,-5.25710236843564,-1.6841534259744676e-14
7.651371952676775,-20.903506190632122,11.29128433037196,4.083069641137079,-5.257032769844316,0.0
7.660399870472218,-20.90954573456633,11.290293954430336,4.082568310481261,-5.256966672324797,1.6841534259744676e-14
7.669419003090297,-20.915591700887383,11.289305232936544,4.0820699387904416,-5.256904067540275,-1.6841534259744676e-14
7.67842936744334,-20.921644078768043,11.288318162942529,4.081574520496864,-5.256844947155711,0.0
7.687430980441891,-20.927702857377476,11.287332741500235,4.0810820500307425,-5.256789302837836,0.0
7.696423858994735,-20.93376802588126,11.286348965661617,4.0805925218202646,-5.256737126255133,-1.6841534259744676e-14
7.7054080200089,-20.93983957344139,11.285366832478614,4.08010593029161,-5.256688409077851,-1.6841534259744676e-14
7.714383480389661,-20.945917489216296,11.284386339003174,4.079622269868944,-5.256643142977989,-1.6841534259744676e-14
7.723350257040563,-20.952001762360794,11.283407482287245,4.079141534974429,-5.256601319629285,0.0
7.732308366863415,-20.958092382026162,11.282430259382778,4.078663720028234,-5.256562930707231,0.0
7.741257826758305,-20.9641893373601,11.281454667341709,4.078188819448538,-5.256527967889055,-1.6841534259744676e-14
7.75019865362361,-20.970292617506715,11.280480703215998,4.077716827651527,-5.256496422853713,0.0
7.759130864356001,-20.97640221160658,11.279508364057579,4.077247739051425,-5.256468287281901,1.6841534259744676e-14
7.7680544758504455,-20.98251810879668,11.27853764691841,4.076781548060467,-5.256443552856031,-6.73661370389787e-14
7.77696950500024,-20.98864029821047,11.277568548850427,4.076318249088936,-5.2564222112602454,1.6841534259744676e-14
7.78587596869698,-20.994768768977814,11.27660106690559,4.075857836545146,-5.256404254180396,-1.6841534259744676e-14
7.794773883830604,-21.000903510225047,11.275635198135832,4.075400304835467,-5.256389673304053,0.0
7.803663267289387,-21.007044511074948,11.274670939593111,4.074945648364317,-5.256378460320492,0.0
7.812544135959984,-21.01319176064679,11.273708288329368,4.074493861534175,-5.256370606920688,-1.6841534259744676e-14
7.821416506727293,-21.01934524805618,11.272747241396548,4.074044938745583,-5.256366104797329,1.6841534259744676e-14
7.830280396474683,-21.02550496241529,11.271787795846603,4.073598874397158,-5.2563649456447825,5.0524602779234026e-14
7.8391358220838665,-21.031670892832736,11.270829948731478,4.073155662885593,-5.256367121159119,-1.6841534259744676e-14
7.847982800434923,-21.0378430284136,11.269873697103113,4.072715298605667,-5.256372623038089,-1.6841534259744676e-14
7.856821348406335,-21.044021358259414,11.26891903801347,4.072277775950246,-5.256381442981125,1.6841534259744676e-14
7.865651482874968,-21.050205871468183,11.267965968514481,4.071843089310296,-5.256393572689344,-1.6841534259744676e-14
7.874473220716099,-21.05639655713439,11.267014485658102,4.071411233074886,-5.256409003865529,-1.6841534259744676e-14
7.883286578803422,-21.06259340434902,11.26606458649627,4.070982201631189,-5.256427728214137,1.6841534259744676e-14
7.892091574009044,-21.06879640219949,11.265116268080945,4.070555989364495,-5.25644973744129,-1.6841534259744676e-14
7.900888223203508,-21.075005539769723,11.264169527464066,4.070132590658217,-5.25647502325477,-1.6841534259744676e-14
7.909676543255797,-21.081220806140156,11.263224361697574,4.069711999893894,-5.2565035773640165,1.6841534259744676e-14
7.918456551033334,-21.087442190387655,11.262280767833431,4.069294211451191,-5.256535391480115,-1.6841534259744676e-14
7.9272282634020055,-21.093669681585624,11.261338742923574,4.068879219707924,-5.256570457315809,-1.6841534259744676e-14
7.935991697226163,-21.099903268803953,11.26039828401995,4.068467019040049,-5.256608766585483,0.0
7.944746869368621,-21.106142941109013,11.259459388174506,4.068057603821667,-5.256650311005155,1.6841534259744676e-14
7.953493796690684,-21.11238868756369,11.258522052439188,4.067650968425046,-5.256695082292485,-1.6841534259744676e-14
7.962232496052142,-21.118640497227368,11.257586273865948,4.067247107220611,-5.25674307216676,0.0
7.970962984311282,-21.124898359155942,11.25665204950673,4.066846014576959,-5.256794272348898,0.0
7.979685278324904,-21.13116226240181,11.25571937641348,4.066447684860861,-5.256848674561435,-1.6841534259744676e-14
7.9883993949483125,-21.137432196013886,11.254788251638143,4.066052112437271,-5.256906270528529,-5.0524602779234026e-14
7.997105351035344,-21.143708149037604,11.253858672232665,4.065659291669325,-5.256967051975951,0.0
8.005803163438356,-21.149990110514906,11.252930635249,4.065269216918362,-5.257031010631082,1.6841534259744676e-14
8.01449284900826,-21.15627806948425,11.252004137739089,4.064881882543911,-5.257098138222906,0.0
8.023174424594503,-21.162572014980636,11.25107917675488,4.064497282903707,-5.2571684264820115,0.0
8.031847907045094,-21.16887193603558,11.250155749348322,4.064115412353702,-5.257241867140586,-1.6841534259744676e-14
8.04051331320661,-21.175177821677135,11.249233852571356,4.06373626524806,-5.257318451932404,-1.6841534259744676e-14
8.049170659924194,-21.181489660929866,11.248313483475934,4.063359835939172,-5.257398172592838,-1.6841534259744676e-14
8.05781996404158,-21.187807442814908,11.247394639114,4.0629861187776575,-5.25748102085884,0.0
8.066461242401088,-21.194131156349894,11.246477316537504,4.062615108112364,-5.257566988468939,0.0
8.07509451184363,-21.20046079054903,11.245561512798393,4.062246798290387,-5.257656067163247,-6.73661370389787e-14
8.08371978920874,-21.206796334423053,11.244647224948608,4.061881183657068,-5.257748248683447,1.6841534259744676e-14
8.092337091334551,-21.213137776979245,11.243734450040101,4.0615182585559975,-5.2578435247727855,1.6841534259744676e-14
8.100946435057832,-21.219485107221445,11.242823185124818,4.061158017329029,-5.257941887176077,-3.368306851948935e-14
8.109547837213979,-21.225838314150035,11.241913427254701,4.0608004543162775,-5.258043327639703,0.0
8.11814131463703,-21.23219738676196,11.241005173481708,4.060445563856126,-5.258147837911581,-3.368306851948935e-14
8.126726884159671,-21.23856231405072,11.240098420857775,4.060093340285238,-5.258255409741201,-1.6841534259744676e-14
8.135304562613248,-21.24493308500638,11.239193166434852,4.059743777938558,-5.2583660348795895,0.0
8.143874366827767,-21.25130968861557,11.238289407264887,4.059396871149316,-5.258479705079317,1.6841534259744676e-14
8.15243631363191,-21.25769211386147,11.237387140399825,4.059052614249038,-5.258596412094497,-1.6841534259744676e-14
8.16099041985305,-21.264080349723844,11.236486362891615,4.058711001567547,-5.258716147680776,-6.73661370389787e-14
8.169536702317236,-21.270474385179046,11.235587071792203,4.058372027432972,-5.258838903595329,-3.368306851948935e-14
8.17807517784923,-21.276874209199974,11.234689264153534,4.058035686171754,-5.258964671596865,1.6841534259744676e-14
8.186605863272495,-21.283279810756106,11.233792937027557,4.057701972108653,-5.25909344344561,-6.73661370389787e-14
8.195128775409211,-21.289691178813534,11.232898087466218,4.057370879566744,-5.259225210903306,-5.0524602779234026e-14
8.203643931080276,-21.296108302334904,11.232004712521466,4.057042402867436,-5.25935996573322,-1.6841534259744676e-14
8.212151347105333,-21.302531170279437,11.231112809245241,4.056716536330473,-5.2594976997001215,1.6841534259744676e-14
8.220651040302753,-21.30895977160298,11.230222374689498,4.056393274273933,-5.259638404570286,-1.6841534259744676e-14
8.229143027489672,-21.315394095257947,11.229333405906177,4.056072611014251,-5.259782072111503,0.0
8.237627325481965,-21.32183413019336,11.228445899947232,4.055754540866196,-5.2599286940930385,1.6841534259744676e-14
8.246103951094282,-21.328279865354826,11.227559853864603,4.055439058142909,-5.260078262285676,-1.6841534259744676e-14
8.254572921140054,-21.334731289684562,11.226675264710243,4.055126157155887,-5.260230768461676,-3.368306851948935e-14
8.263034252431487,-21.341188392121392,11.225792129536094,4.054815832214995,-5.2603862043947895,3.368306851948935e-14
8.271487961779574,-21.347651161600723,11.224910445394107,4.054508077628479,-5.26054456186025,-3.368306851948935e-14
8.279934065994112,-21.354119587054605,11.224030209336224,4.054202887702953,-5.260705832634769,-1.6841534259744676e-14
8.288372581883714,-21.360593657411677,11.223151418414389,4.053900256743431,-5.260870008496531,0.0
8.29680352625579,-21.367073361597182,11.222274069680559,4.053600179053302,-5.261037081225191,-3.368306851948935e-14
8.305226915916595,-21.37355868853302,11.221398160186673,4.053302648934365,-5.261207042601873,-1.6841534259744676e-14
8.3136427676712,-21.380049627137666,11.220523686984682,4.053007660686817,-5.261379884409157,-1.6841534259744676e-14
8.322051098323524,-21.386546166326248,11.219650647126532,4.052715208609259,-5.261555598431088,-1.6841534259744676e-14
8.330451924676334,-21.3930482950105,11.218779037664163,4.052425286998712,-5.2617341764531655,0.0
8.338845263531258,-21.399556002098805,11.217908855649535,4.052137890150613,-5.261915610262331,-1.6841534259744676e-14
8.347231131688785,-21.40606927649615,11.217040098134584,4.051853012358823,-5.262099891646982,-5.0524602779234026e-14
8.35560954594828,-21.41258810710418,11.216172762171258,4.051570647915639,-5.2622870123969525,1.6841534259744676e-14
8.363980523107987,-21.419112482821166,11.215306844811511,4.051290791111786,-5.262476964303515,-1.6841534259744676e-14
8.37234407996505,-21.42564239254201,11.214442343107283,4.051013436236437,-5.26266973915938,-1.6841534259744676e-14
8.380700233315498,-21.432177825158274,11.213579254110524,4.050738577577211,-5.262865328758686,-1.6841534259744676e-14
8.389048999954284,-21.43871876955815,11.212717574873174,4.050466209420181,-5.263063724897004,1.6841534259744676e-14
8.397390396675254,-21.44526521462647,11.211857302447191,4.050196326049869,-5.2632649193713075,0.0
8.405724440271207,-21.451817149244743,11.210998433884514,4.0499289217492755,-5.263468903980017,-1.6841534259744676e-14
8.414051147533847,-21.458374562291105,11.210140966237091,4.049663990799862,-5.263675670522949,0.0
8.422370535253831,-21.464937442640355,11.20928489655687,4.049401527481566,-5.263885210801337,0.0
8.430682620220768,-21.471505779163955,11.208430221895798,4.049141526072804,-5.264097516617816,0.0
8.438987419223215,-21.478079560730016,11.207576939305824,4.0488839808504835,-5.264312579776433,-3.368306851948935e-14
8.447284949048695,-21.48465877620333,11.206725045838889,4.048628886090002,-5.264530392082627,-1.6841534259744676e-14
8.455575226483717,-21.49124341444534,11.20587453854694,4.048376236065248,-5.264750945343236,1.6841534259744676e-14
8.463858268313754,-21.497833464314148,11.205025414481932,4.048126025048619,-5.264974231366485,-3.368306851948935e-14
8.472134091323275,-21.504428914664565,11.204177670695803,4.047878247311022,-5.265200241961991,-1.6841534259744676e-14
8.480402712295753,-21.511029754348026,11.203331304240503,4.04763289712187,-5.265428968940754,-5.0524602779234026e-14
8.488664148013667,-21.517635972212695,11.202486312167979,4.047389968749101,-5.26566040411515,1.6841534259744676e-14
8.496918415258502,-21.52424755710336,11.201642691530179,4.047149456459174,-5.26589453929893,6.73661370389787e-14
8.505165530810771,-21.530864497861526,11.200800439379051,4.0469113545170785,-5.266131366307225,0.0
8.513405511450017,-21.537486783325377,11.199959552766536,4.046675657186342,-5.266370876956526,-1.6841534259744676e-14
8.521638373954822,-21.54411440232979,11.199120028744586,4.046442358729029,-5.266613063064692,1.6841534259744676e-14
8.529864135102823,-21.550747343706306,11.198281864365146,4.0462114534057525,-5.266857916450943,-1.6841534259744676e-14
8.538082811670703,-21.557385596283183,11.19744505668016,4.045982935475676,-5.267105428935852,-1.6841534259744676e-14
8.546294420434206,-21.56402914888536,11.196609602741582,4.045756799196514,-5.267355592341346,-1.6841534259744676e-14
8.554498978168168,-21.57067799033449,11.195775499601348,4.045533038824558,-5.267608398490708,-1.6841534259744676e-14
8.56269650164648,-21.577332109448903,11.194942744311417,4.045311648614648,-5.267863839208547,1.6841534259744676e-14
8.570887007642137,-21.583991495043644,11.19411133392373,4.045092622820214,-5.268121906320839,-1.6841534259744676e-14
8.57907051292723,-21.590656135930477,11.193281265490228,4.0448759556932545,-5.268382591654876,3.368306851948935e-14
8.587247034272988,-21.597326020917876,11.19245253606287,4.044661641484353,-5.268645887039293,1.6841534259744676e-14
