galstreams/tracks/track.st.NGC1851.ibata2024.ecsv
# %ECSV 1.0
# ---
# datatype:
# - {name: ra, unit: deg, datatype: float64}
# - {name: dec, unit: deg, datatype: float64}
# - {name: distance, unit: kpc, datatype: float64}
# - {name: pm_ra_cosdec, unit: mas / yr, datatype: float64}
# - {name: pm_dec, unit: mas / yr, datatype: float64}
# - {name: radial_velocity, unit: km / s, datatype: float64}
# delimiter: ','
# meta: !!omap
# - __serialized_columns__:
#     dec:
#       __class__: astropy.coordinates.angles.Latitude
#       unit: &id001 !astropy.units.Unit {unit: deg}
#       value: !astropy.table.SerializedColumn {name: dec}
#     distance:
#       __class__: astropy.coordinates.distances.Distance
#       unit: !astropy.units.Unit {unit: kpc}
#       value: !astropy.table.SerializedColumn {name: distance}
#     pm_dec:
#       __class__: astropy.units.quantity.Quantity
#       unit: !astropy.units.Unit {unit: mas / yr}
#       value: !astropy.table.SerializedColumn {name: pm_dec}
#     pm_ra_cosdec:
#       __class__: astropy.units.quantity.Quantity
#       unit: !astropy.units.Unit {unit: mas / yr}
#       value: !astropy.table.SerializedColumn {name: pm_ra_cosdec}
#     ra:
#       __class__: astropy.coordinates.angles.Longitude
#       unit: *id001
#       value: !astropy.table.SerializedColumn {name: ra}
#       wrap_angle: !astropy.coordinates.Angle
#         unit: *id001
#         value: 360.0
#     radial_velocity:
#       __class__: astropy.units.quantity.Quantity
#       unit: !astropy.units.Unit {unit: km / s}
#       value: !astropy.table.SerializedColumn {name: radial_velocity}
# schema: astropy-2.0
ra,dec,distance,pm_ra_cosdec,pm_dec,radial_velocity
74.25474438626587,-35.832058301919766,1.0000000000000018,2.3271073265708537,-1.0553964111398386,2920.8509100478614
74.27365841934007,-35.8380900715264,1.0000000000000018,2.324852733128438,-1.056813671855707,2906.6003888870155
74.29251472582978,-35.844131393631876,1.0000000000000018,2.322613622394897,-1.0582179620992065,2892.4018012213796
74.31131340362835,-35.85018227244995,1.0000000000000018,2.320389944557718,-1.0596093014979715,2878.255052588655
74.33005455061073,-35.85624271206664,1.0000000000000018,2.3181816498728836,-1.0609877097689377,2864.1600485265476
74.34873826463348,-35.8623127164407,1.0000000000000016,2.3159886886646888,-1.0623532067170913,2850.1166945727573
74.36736464353498,-35.86839228940423,1.0000000000000016,2.3138110113252424,-1.063705812234673,2836.1248962649856
74.38593378513531,-35.874481434662684,1.0000000000000016,2.311648568314496,-1.065045546301178,2822.18455914094
74.40444578723624,-35.88058015579547,1.0000000000000013,2.309501310160371,-1.0663724289831862,2808.2955887383205
74.42290074762141,-35.886688456256174,1.0000000000000016,2.307369187457482,-1.067686480433963,2794.45789059483
74.44129876405628,-35.89280633937323,1.0000000000000016,2.305252150868384,-1.0689877208920961,2780.67137024817
74.45963993428816,-35.898933808349895,1.0000000000000016,2.303150151122523,-1.0702761706825186,2766.935933236045
74.47792435604624,-35.90507086626479,1.0000000000000016,2.3010631390157954,-1.0715518502156556,2753.251485096158
74.49615212704174,-35.91121751607248,1.0000000000000018,2.2989910654108456,-1.0728147799864018,2739.617931366211
74.5143233449677,-35.917373760603425,1.0000000000000016,2.2969338812370665,-1.0740649805750309,2726.035177583905
74.53243810749929,-35.92353960256463,1.0000000000000016,2.2948915374898036,-1.0753024726448643,2712.503129286945
74.55049651229372,-35.92971504454008,1.0000000000000016,2.292863985230312,-1.076527276944148,2699.0216920130338
74.56849865699023,-35.93590008899083,1.0000000000000013,2.290851175586127,-1.0777394143044035,2685.590771299873
74.58644463921024,-35.94209473825549,1.0000000000000016,2.2888530597497407,-1.0789389056399727,2672.210272685167
74.60433455655739,-35.94829899455081,1.0000000000000016,2.286869588979627,-1.0801257719483601,2658.880101706616
74.62216850661743,-35.95451285997171,1.0000000000000016,2.284900714599573,-1.0813000343090948,2645.6001639019255
74.63994658695846,-35.960736336491735,1.0000000000000013,2.2829463879977396,-1.0824617138842427,2632.370364808796
74.65766889513088,-35.96696942596368,1.0000000000000013,2.281006560627702,-1.083610831917042,2619.1906099649323
74.67533552866745,-35.973212130119585,1.0000000000000013,2.279081184007495,-1.0847474097323584,2606.0608049080347
74.69294658508332,-35.979464450571285,1.0000000000000013,2.277170209719415,-1.085871468736002,2592.980855175807
74.71050216187608,-35.98572638881075,1.0000000000000013,2.275273589410318,-1.0869830304141601,2579.950666305953
74.7280023565259,-35.991997946210546,1.0000000000000013,2.2733912747908107,-1.0880821163332826,2566.9701438361735
74.74544726649545,-35.998279124024,1.0000000000000013,2.2715232176354334,-1.0891687481398549,2554.0391933041738
74.76283698923001,-36.00456992338559,1.0000000000000013,2.269669369782349,-1.0902429475601423,2541.1577202476556
74.78017162215755,-36.010870345311595,1.0000000000000013,2.2678296831331153,-1.0913047363989108,2528.32563020432
74.79745126268878,-36.017180390700034,1.0000000000000013,2.266004109652542,-1.0923541365400808,2515.542828711872
74.81467600821709,-36.023500060331266,1.0000000000000013,2.2641926013685065,-1.0933911699460737,2502.809221308012
74.83184595611881,-36.029829354868426,1.0000000000000013,2.2623951103718127,-1.0944158586573849,2490.1247135304457
74.84896120375312,-36.03616827485754,1.0000000000000013,2.2606115888154505,-1.0954282247921867,2477.4892109168736
74.8660218484621,-36.04251682072798,1.0000000000000013,2.258841988915293,-1.0964282905459584,2464.9026190049985
74.8830279875709,-36.04887499279304,1.0000000000000013,2.2570862629493718,-1.0974160781914009,2452.3648433325234
74.89997971838771,-36.05524279124994,1.0000000000000013,2.25534436325745,-1.098391610077499,2439.875789437153
74.91687713820383,-36.061620216180316,1.0000000000000013,2.253616242241563,-1.099354908630346,2427.435362856587
74.93372034429379,-36.068007267550804,1.000000000000001,2.2519018523649237,-1.1003059963513522,2415.0434691285313
74.95050943391534,-36.07440394521302,1.000000000000001,2.2502011461525058,-1.1012448958177004,2402.7000137906857
74.96724450430955,-36.08081024890414,1.000000000000001,2.248514076190233,-1.102171629681834,2390.4049023807534
74.98392565270086,-36.08722617824717,1.000000000000001,2.246840595125235,-1.1030862206715142,2378.15804043644
75.00055297629723,-36.093651732751475,1.000000000000001,2.2451806556654077,-1.1039886915885688,2365.9593334954443
75.01712657229002,-36.10008691181285,1.0000000000000009,2.24353421057927,-1.1048790653094898,2353.8086870954708
75.03364653785425,-36.106531714713995,1.000000000000001,2.2419012126957654,-1.1057573647844663,2341.7060067742245
75.0501129701486,-36.11298614062508,1.0000000000000009,2.2402816149040063,-1.1066236130373,2329.6511980694036
75.06652596631544,-36.11945018860373,1.0000000000000009,2.238675370153018,-1.1074778331649213,2317.6441665187144
75.08288562348088,-36.12592385759552,1.000000000000001,2.2370824314520092,-1.108320048337589,2305.684817659858
75.099192038755,-36.13240714643455,1.000000000000001,2.2355027518694044,-1.109150281797696,2293.773057030539
75.11544530923176,-36.13890005384344,1.000000000000001,2.233936284533314,-1.1099685568595135,2281.9087901684575
75.13164553198911,-36.14540257843383,1.0000000000000009,2.2323829826307673,-1.1107748969101294,2270.091922611318
75.14779280408912,-36.151914718706905,1.000000000000001,2.230842799408137,-1.1115693254074301,2258.322359896822
75.16388722257804,-36.1584364730534,1.000000000000001,2.2293156881702316,-1.1123518658806404,2246.600007562674
75.17992888448624,-36.16496783975412,1.000000000000001,2.2278016022809197,-1.1131225419301813,2234.9247711465737
75.19591788682855,-36.17150881698049,1.000000000000001,2.22630049516205,-1.113881377226619,2223.2965561862284
75.2118543266041,-36.178059402794524,1.000000000000001,2.224812320293978,-1.1146283955107208,2211.7152682193373
75.22773830079649,-36.18461959514937,1.000000000000001,2.2233370312148537,-1.1153636205935982,2200.1808127836043
75.24356990637389,-36.19118939188965,1.0000000000000009,2.2218745815206944,-1.1160870763550292,2188.6930954167324
75.25934924028911,-36.19776879075188,1.0000000000000009,2.2204249248652133,-1.1167987867450506,2177.2520216564235
75.27507639947963,-36.204357789364614,1.0000000000000009,2.21898801495945,-1.117498775781712,2165.8574970403815
75.29075148086775,-36.21095638524889,1.0000000000000007,2.2175638055715012,-1.1181870675519576,2154.509427106307
75.30637458136064,-36.217564575818734,1.0000000000000007,2.2161522505267897,-1.1188636862110002,2143.207717391905
75.32194579785043,-36.22418235838118,1.0000000000000009,2.2147533037071696,-1.1195286559820659,2131.9522734348784
75.33746522721424,-36.2308097301368,1.0000000000000009,2.2133669190513956,-1.120182001155456,2120.743000772928
75.35293296631443,-36.23744668818021,1.0000000000000009,2.2119930505543834,-1.1208237460890018,2109.579804943757
75.36834911199847,-36.24409322950003,1.0000000000000007,2.2106316522674376,-1.1214539152075815,2098.46259148507
75.38371376109916,-36.250749350979454,1.0000000000000009,2.2092826782976687,-1.1220725330026085,2087.3912659345674
75.39902701043472,-36.2574150493967,1.0000000000000009,2.207946082808107,-1.1226796240316617,2076.3657338299536
75.41428895680883,-36.26409032142506,1.0000000000000009,2.206621820017361,-1.1232752129182018,2065.385900708931
75.4294996970107,-36.270775163633424,1.0000000000000009,2.205309844199377,-1.123859324351372,2054.451672109201
75.44465932781529,-36.27746957248669,1.0000000000000007,2.2040101096832814,-1.1244319830859126,2043.5629535684677
75.45976794598319,-36.284173544345876,1.0000000000000009,2.2027225708532683,-1.1249932139411953,2032.719650624434
75.4748256482609,-36.29088707546862,1.0000000000000009,2.201447182148385,-1.1255430418011656,2021.9216688148024
75.48983253138087,-36.29761016200942,1.0000000000000009,2.2001838980619652,-1.1260814916146842,2011.1689136772745
75.50478869206154,-36.30434280002017,1.0000000000000009,2.198932673142039,-1.1266085883941912,2000.461290749555
75.51969422700748,-36.31108498545023,1.0000000000000009,2.197693461990653,-1.127124357215962,1989.7987055693454
75.53454923290947,-36.31783671414687,1.0000000000000009,2.196466219263897,-1.1276288232195952,1979.1810636743487
75.54935380644463,-36.32459798185576,1.0000000000000009,2.195250899671663,-1.1281220116078146,1968.608270602267
75.56410804427648,-36.33136878422101,1.0000000000000007,2.194047457977362,-1.1286039476463543,1958.0802318908045
75.57881204305498,-36.33814911678568,1.0000000000000004,2.1928558489979935,-1.1290746566632208,1947.5968530776634
75.59346589941683,-36.3449389749922,1.0000000000000007,2.191676027603336,-1.1295341640485503,1937.1580397005457
75.6080697099853,-36.35173835418251,1.0000000000000007,2.1905079487165438,-1.1299824952543247,1926.7636972971538
75.62262357137054,-36.358547249598374,1.0000000000000004,2.1893515673132953,-1.1304196757942577,1916.4137314051923
75.63712758016958,-36.36536565638206,1.0000000000000004,2.1882068384221327,-1.130845731242971,1906.1080475623626
75.65158183296646,-36.3721935695762,1.0000000000000007,2.1870737171236954,-1.1312606872363915,1895.846551306368
75.6659864263323,-36.37903098412445,1.0000000000000007,2.1859521585510038,-1.1316645694707006,1885.629148174911
75.68034145682545,-36.38587789487161,1.0000000000000004,2.184842117888934,-1.132057403702504,1875.4557437056937
75.69464702099161,-36.392734296564264,1.0000000000000004,2.1837435503741602,-1.1324392157487182,1865.3262434364194
75.70890321536386,-36.3996001838507,1.0000000000000007,2.1826564112949995,-1.132810031485434,1855.2405529047915
75.72311013646275,-36.406475551281474,1.0000000000000007,2.1815806559911692,-1.133169876848541,1845.1985776485121
75.73726788079655,-36.41336039330984,1.0000000000000004,2.180516239853631,-1.133518777832876,1835.2002232052844
75.75137654486122,-36.42025470429179,1.0000000000000007,2.179463118324051,-1.1338567604918808,1825.2453951128102
75.76543622514052,-36.427158478486525,1.0000000000000004,2.178421246895198,-1.1341838509380864,1815.3339989087926
75.77944701810627,-36.43407171005698,1.0000000000000004,2.177390581110245,-1.1345000753414354,1805.4659401309343
75.79340902021822,-36.44099439306976,1.0000000000000007,2.1763710765628304,-1.1348054599302202,1795.6411243169393
75.80732232792434,-36.44792652149566,1.0000000000000007,2.1753626888968256,-1.1351000309903156,1785.8594570045088
75.8211870376609,-36.45486808921019,1.0000000000000007,2.1743653738059407,-1.1353838148649231,1776.1208437313467
75.8350032458525,-36.46181908999349,1.0000000000000007,2.173379087033865,-1.1356568379539738,1766.4251900351544
75.84877104891227,-36.46877951753095,1.0000000000000007,2.172403784373685,-1.1359191267142705,1756.7724014536357
75.86249054324193,-36.47574936541351,1.0000000000000007,2.1714394216681683,-1.1361707076591472,1747.1623835244932
75.87616182523196,-36.48272862713782,1.0000000000000007,2.170485954808967,-1.1364116073578714,1737.5950417854297
75.88978499126162,-36.48971729610669,1.0000000000000004,2.1695433397368475,-1.1366418524355595,1728.0702817741474
75.90336013769912,-36.49671536562936,1.0000000000000004,2.1686115324414033,-1.1368614695728638,1718.5880090283486
75.9168873609018,-36.503722828921994,1.0000000000000004,2.1676904889609148,-1.1370704855058023,1709.1481290857375
75.93036675721608,-36.51073967910766,1.0000000000000004,2.1667801653819225,-1.1372689270251044,1699.7505474840164
75.9437984229777,-36.51776590921687,1.0000000000000004,2.165880517839284,-1.137456820976496,1690.3951697608873
75.95718245451188,-36.52480151218804,1.0000000000000004,2.1649915025156616,-1.13763419425959,1681.0819014540534
75.97051894813328,-36.53184648086747,1.0000000000000004,2.1641130756418505,-1.137801073828399,1671.8106481012173
75.98380800014621,-36.53890080800981,1.0000000000000004,2.163245193495996,-1.1379574866908513,1662.581315240083
75.9970497068448,-36.545964486278585,1.0000000000000004,2.1623878124037645,-1.1381034599080238,1653.393808408351
76.01024416451301,-36.55303750824616,1.0000000000000004,2.1615408887381022,-1.1382390205943693,1644.2480331437262
76.02339146942477,-36.56011986639423,1.0000000000000004,2.1607043789188367,-1.1383641959173758,1635.143894983909
76.03649171784423,-36.567211553114255,1.0000000000000004,2.15987823941267,-1.1384790130969975,1626.0812994666046
76.04954500602565,-36.57431256070753,1.0000000000000002,2.1590624267330654,-1.1385834994058541,1617.060152129514
76.06255143021376,-36.58142288138561,1.0000000000000004,2.158256897439749,-1.1386776821680655,1608.0803585103415
76.07551108664374,-36.58854250727079,1.0000000000000004,2.157461608138668,-1.1387615887601896,1599.1418241467886
76.08842407154134,-36.59567143039608,1.0000000000000004,2.1566765154819976,-1.1388352466099718,1590.2444545765584
76.10129048112306,-36.60280964270581,1.0000000000000004,2.155901576167693,-1.1388986831963166,1581.3881553373535
76.11411041159624,-36.60995713605571,1.0000000000000002,2.155136746939128,-1.1389519260493444,1572.5728319668767
76.12688395915926,-36.61711390221358,1.0000000000000004,2.1543819845855054,-1.1389950027496525,1563.7983900028312
76.13961122000154,-36.62427993285913,1.0000000000000002,2.1536372459408994,-1.1390279409284858,1555.0647349829194
76.1522922903037,-36.63145521958461,1.0000000000000004,2.152902487884809,-1.1390507682669124,1546.3717724448436
76.16492726623781,-36.63863975389514,1.0000000000000004,2.15217766734132,-1.139063512495909,1537.7194079263068
76.17751624396733,-36.64583352720881,1.0000000000000004,2.151462741279289,-1.1390662013961048,1529.1075469650125
76.19005931964733,-36.65303653085704,1.0000000000000004,2.150757666712103,-1.1390588627975262,1520.5360950986624
76.20255658942469,-36.66024875608517,1.0000000000000004,2.1500624006973865,-1.1390415245789995,1512.00495786496
76.21500814943809,-36.66747019405235,1.0000000000000002,2.1493769003367973,-1.1390142146680944,1503.5140408016073
76.22741409581822,-36.67470083583205,1.0000000000000002,2.14870112277584,-1.1389769610412372,1495.0632494463077
76.23977452468786,-36.68194067241255,1.0,2.1480350252039884,-1.1389297917224894,1486.6524893367634
76.25208953216212,-36.68918969469688,1.0000000000000002,2.147378564853831,-1.138872734784286,1478.2816660106782
76.26435921434837,-36.6964478935033,1.0,2.146731699001627,-1.1388058183466114,1469.9506850057535
76.27658366734664,-36.70371525956579,1.0000000000000002,2.1460943849664673,-1.1387290705767157,1461.6594518596935
76.2887629872495,-36.710991783534006,1.0000000000000002,2.1454665801104866,-1.1386425196890855,1453.4078721101992
76.30089727014227,-36.71827745597382,1.0000000000000002,2.1448482418386376,-1.138546193945075,1445.1958512949743
76.31298661210329,-36.72557226736752,1.0000000000000002,2.1442393275981715,-1.1384401216525362,1437.023294951722
76.32503110920389,-36.73287620811428,1.0000000000000002,2.143639794878858,-1.1383243311658475,1428.8901086181452
76.33703085750854,-36.740189268530216,1.0000000000000002,2.1430496012125815,-1.1381988508850611,1420.7961978319445
76.34898595307506,-36.747511438848804,1.0000000000000002,2.142468704173126,-1.1380637092564143,1412.7414681308248
76.36089649195472,-36.75484270922132,1.0000000000000002,2.141897061376092,-1.1379189347716476,1404.725825052488
76.37276257019235,-36.76218306971689,1.0000000000000002,2.141334630478582,-1.1377645559673795,1396.7491741346375
76.38458428382647,-36.76953251032291,1.0,2.140781369179244,-1.1376006014255609,1388.811420914975
76.39636172888954,-36.776891020945484,1.0000000000000002,2.1402372352176613,-1.137427099772907,1380.9124709312043
