galstreams/tracks/track.st.Fimbulthul.ibata2021.ecsv
# %ECSV 0.9
# ---
# datatype:
# - {name: ra, unit: deg, datatype: float64}
# - {name: dec, unit: deg, datatype: float64}
# - {name: distance, unit: kpc, datatype: float64}
# - {name: pm_ra_cosdec, unit: mas / yr, datatype: float64}
# - {name: pm_dec, unit: mas / yr, datatype: float64}
# - {name: radial_velocity, unit: km / s, datatype: float64}
# delimiter: ','
# meta: !!omap
# - __serialized_columns__:
#     dec:
#       __class__: astropy.coordinates.angles.Latitude
#       unit: &id001 !astropy.units.Unit {unit: deg}
#       value: !astropy.table.SerializedColumn {name: dec}
#     distance:
#       __class__: astropy.coordinates.distances.Distance
#       unit: !astropy.units.Unit {unit: kpc}
#       value: !astropy.table.SerializedColumn {name: distance}
#     pm_dec:
#       __class__: astropy.units.quantity.Quantity
#       unit: !astropy.units.Unit {unit: mas / yr}
#       value: !astropy.table.SerializedColumn {name: pm_dec}
#     pm_ra_cosdec:
#       __class__: astropy.units.quantity.Quantity
#       unit: !astropy.units.Unit {unit: mas / yr}
#       value: !astropy.table.SerializedColumn {name: pm_ra_cosdec}
#     ra:
#       __class__: astropy.coordinates.angles.Longitude
#       unit: *id001
#       value: !astropy.table.SerializedColumn {name: ra}
#       wrap_angle: !astropy.coordinates.Angle
#         unit: *id001
#         value: 360.0
#     radial_velocity:
#       __class__: astropy.units.quantity.Quantity
#       unit: !astropy.units.Unit {unit: km / s}
#       value: !astropy.table.SerializedColumn {name: radial_velocity}
# schema: astropy-2.0
ra,dec,distance,pm_ra_cosdec,pm_dec,radial_velocity
[from data line 3014]
218.0872970741957,-23.34542620034351,3.107905654404818,-20.54012272424791,-12.76863895003046,4.210383564936169e-14
218.1044441814165,-23.34867449984839,3.1084387043515362,-20.54586271962248,-12.770604529323768,1.0104920555846805e-13
218.12160131165396,-23.351931665199995,3.1089745079351188,-20.551598815883132,-12.772568684181607,5.0524602779234026e-14
218.13876847181535,-23.355197698393184,3.1095130670981495,-20.557331008526592,-12.774531413420704,3.368306851948935e-14
218.15594566881265,-23.35847260142047,3.1100543837832135,-20.563059293049193,-12.776492715859385,0.0
218.1731329095626,-23.361756376271984,3.110598459932899,-20.568783664946846,-12.778452590317574,4.210383564936169e-14
218.19033020098672,-23.365049024935534,3.1111452974897893,-20.57450411971504,-12.780411035616806,4.210383564936169e-14
218.20753755001115,-23.368350549396535,3.1116948983964714,-20.580220652848872,-12.782368050580217,1.515738083377021e-13
218.22475496356688,-23.371660951638017,3.1122472645955312,-20.585933259842985,-12.784323634032555,3.368306851948935e-14
218.2419824485896,-23.374980233640702,3.112802398029553,-20.591641936191653,-12.78627778480019,-8.420767129872338e-15
218.25922001201974,-23.378308397382877,3.113360300641124,-20.597346677388686,-12.78823050171108,3.368306851948935e-14
218.27646766080258,-23.381645444840476,3.113920974372829,-20.60304747892752,-12.790181783594848,8.420767129872338e-15
218.29372540188814,-23.384991377987046,3.1144844211672544,-20.608744336301136,-12.792131629282704,6.73661370389787e-14
218.31099324223118,-23.38834619879372,3.115050642966986,-20.614437245002115,-12.794080037607506,8.420767129872338e-15
218.32827118879135,-23.39170990922929,3.1156196417146083,-20.620126200522634,-12.796027007403733,1.0104920555846805e-13
218.34555924853308,-23.39508251126014,3.116191419352708,-20.6258111983544,-12.797972537507496,-8.420767129872338e-15
218.3628574284255,-23.398464006850197,3.1167659778238717,-20.631492233988737,-12.799916626756538,2.5262301389617013e-14
218.38016573544274,-23.401854397961063,3.1173433190706823,-20.637169302916547,-12.801859273990269,1.1789073981821273e-13
218.39748417656364,-23.405253686551884,3.1179234450357285,-20.642842400628286,-12.803800478049716,2.5262301389617013e-14
218.4148127587719,-23.4086618745794,3.1185063576615955,-20.648511522614015,-12.805740237777549,8.420767129872338e-15
218.43215148905608,-23.412078963997963,3.1190920588908666,-20.65417666436334,-12.807678552018112,7.578690416885104e-14
218.44950037440964,-23.415504956759467,3.1196805506661303,-20.659837821365453,-12.809615419617383,1.0104920555846805e-13
218.46685942183083,-23.41893985481341,3.1202718349299703,-20.665494989109135,-12.811550839422999,8.420767129872338e-15
218.48422863832278,-23.42238366010684,3.120865913624975,-20.67114816308271,-12.813484810284258,1.0104920555846805e-13
218.50160803089352,-23.425836374584392,3.1214627886937274,-20.676797338774097,-12.81541733105213,7.578690416885104e-14
218.518997606556,-23.429298000188265,3.1220624620788135,-20.682442511670786,-12.817348400579236,8.420767129872338e-14
218.53639737232808,-23.432768538858202,3.122664935722821,-20.68808367725981,-12.81927801771987,1.1789073981821273e-13
218.55380733523245,-23.436247992531502,3.1232702115683324,-20.693720831027832,-12.821206181330016,2.5262301389617013e-14
218.57122750229672,-23.439736363143044,3.1238782915579377,-20.69935396846099,-12.823132890267296,1.0104920555846805e-13
218.5886578805535,-23.443233652625214,3.12448917763422,-20.70498308504508,-12.825058143391047,-8.420767129872338e-15
218.6060984770403,-23.44673986290797,3.125102871739764,-20.71060817626542,-12.826981939562279,8.420767129872338e-15
218.62354929879953,-23.450254995918797,3.1257193758171566,-20.7162292376069,-12.828904277643682,-6.73661370389787e-14
218.6410103528786,-23.453779053582714,3.126338691808985,-20.721846264553978,-12.830825156499621,2.5262301389617013e-14
218.65848164632985,-23.45731203782227,3.1269608216578333,-20.727459252590677,-12.832744574996182,7.578690416885104e-14
218.67596318621065,-23.460853950557553,3.1275857673062872,-20.733068197200595,-12.834662532001143,4.210383564936169e-14
218.69345497958324,-23.464404793706162,3.128213530696932,-20.738673093866872,-12.836579026383955,0.0
218.71095703351494,-23.46796456918321,3.128844113772355,-20.744273938072222,-12.838494057015788,6.73661370389787e-14
218.728469355078,-23.471533278901333,3.12947751847514,-20.749870725298923,-12.840407622769517,7.578690416885104e-14
218.74599195134974,-23.475110924770668,3.130113746747875,-20.7554634510288,-12.842319722519711,2.5262301389617013e-14
218.76352482941243,-23.47869750869886,3.1307528005331444,-20.761052110743268,-12.844230355142692,-3.368306851948935e-14
218.78106799635336,-23.482293032591077,3.131394681773533,-20.766636699923268,-12.846139519516429,6.73661370389787e-14
218.79862145926492,-23.485897498349924,3.132039392411628,-20.77221721404932,-12.84804721452068,1.0946997268834039e-13
218.81618522524448,-23.48951090787557,3.132686934390014,-20.77779364860149,-12.849953439036877,2.5262301389617013e-14
218.83375930139442,-23.493133263065626,3.1333373096512784,-20.783365999059416,-12.851858191948192,5.0524602779234026e-14
218.8513436948223,-23.496764565815198,3.133990520138005,-20.78893426090228,-12.853761472139524,0.0
218.86893841264063,-23.500404818016875,3.1346465677927804,-20.79449842960881,-12.855663278497492,3.368306851948935e-14
218.88654346196702,-23.504054021560723,3.135305454558191,-20.800058500657325,-12.857563609910473,1.6841534259744676e-14
218.90415884992424,-23.507712178334273,3.1359671823768207,-20.80561446952566,-12.859462465268575,0.0
218.92178458364,-23.51137929022251,3.1366317531912573,-20.811166331691226,-12.861359843463623,8.420767129872338e-14
218.93942067024727,-23.51505535910792,3.137299168944085,-20.816714082630966,-12.863255743389203,1.768361097273191e-13
218.95706711688408,-23.51874038687038,3.1379694315778908,-20.82225771782139,-12.86515016394066,8.420767129872338e-15
218.9747239306935,-23.522434375387302,3.1386425430352585,-20.82779723273857,-12.867043104015071,6.73661370389787e-14
218.9923911188238,-23.52613732653349,3.1393185052587755,-20.8333326228581,-12.868934562511267,1.347322740779574e-13
219.01006868842842,-23.529849242181193,3.1399973201910263,-20.83886388365515,-12.870824538329856,3.368306851948935e-14
219.02775664666586,-23.533570124200132,3.140678989774598,-20.844391010604422,-12.87271303037318,8.420767129872338e-15
219.04545500069986,-23.537299974457444,3.1413635159520767,-20.849913999180153,-12.874600037545347,-8.420767129872338e-15
219.06316375769924,-23.541038794817695,3.142050900666045,-20.855432844856185,-12.87648555875227,5.0524602779234026e-14
219.08088292483805,-23.544786587142884,3.1427411458590915,-20.86094754310584,-12.878369592901581,3.368306851948935e-14
219.09861250929558,-23.548543353292413,3.1434342534738007,-20.866458089402006,-12.880252138902708,-8.420767129872338e-15
219.11635251825612,-23.552309095123146,3.1441302254527597,-20.871964479217134,-12.88213319566685,6.73661370389787e-14
219.13410295890938,-23.55608381448931,3.1448290637385528,-20.877466708023206,-12.884012762107002,7.578690416885104e-14
219.1518638384502,-23.559867513242565,3.145530770273766,-20.882964771291753,-12.885890837137914,5.894536990910637e-14
219.16963516407856,-23.563660193231975,3.1462353470009856,-20.888458664493836,-12.887767419676152,-3.368306851948935e-14
219.18741694299976,-23.567461856304014,3.1469427958627962,-20.89394838310009,-12.889642508640053,7.578690416885104e-14
219.20520918242437,-23.57127250430251,3.1476531188017844,-20.899433922580638,-12.891516102949748,2.5262301389617013e-14
219.22301188956808,-23.575092139068722,3.1483663177605354,-20.90491527840519,-12.893388201527163,-9.262843842859572e-14
219.24082507165195,-23.578920762441296,3.1490823946816358,-20.910392446042984,-12.895258803296018,7.578690416885104e-14
219.25864873590226,-23.582758376256216,3.14980135150767,-20.91586542096279,-12.897127907181861,3.368306851948935e-14
219.27648288955058,-23.5866049823469,3.1505231901812256,-20.92133419863291,-12.898995512112016,8.420767129872338e-14
219.29432753983377,-23.59046058254408,3.1512479126448865,-20.926798774521206,-12.900861617015627,6.73661370389787e-14
219.31218269399398,-23.594325178675906,3.1519755208412388,-20.932259144095056,-12.902726220823649,7.578690416885104e-14
219.33004835927863,-23.59819877256787,3.1527060167128695,-20.93771530282139,-12.904589322468851,8.420767129872338e-15
219.34792454294055,-23.602081366042807,3.1534394022023617,-20.943167246166666,-12.906450920885831,-8.420767129872338e-15
219.36581125223773,-23.60597296092093,3.154175679252304,-20.948614969596868,-12.908311015010984,5.894536990910637e-14
219.38370849443365,-23.609873559019796,3.1549148498052806,-20.95405846857753,-12.910169603782556,8.420767129872338e-14
219.4016162767971,-23.613783162154288,3.155656915803877,-20.959497738573713,-12.912026686140614,6.73661370389787e-14
219.41953460660218,-23.61770177213665,3.15640187919068,-20.964932775050006,-12.913882261027046,-8.420767129872338e-15
219.43746349112834,-23.621629390776455,3.1571497419082744,-20.97036357347053,-12.915736327385568,8.420767129872338e-14
219.45540293766047,-23.625566019880598,3.1579005058992466,-20.97579012929896,-12.917588884161772,0.0
219.47335295348876,-23.629511661253304,3.158654173106181,-20.98121243799847,-12.919439930303039,5.894536990910637e-14
219.49131354590884,-23.633466316696122,3.159410745471665,-20.986630495031772,-12.921289464758637,1.1789073981821273e-13
219.5092847222218,-23.637429988007916,3.160170224938284,-20.992044295861106,-12.923137486479654,1.6841534259744676e-14
219.52726648973396,-23.64140267698486,3.160932613448623,-20.99745383594827,-12.924983994419051,7.578690416885104e-14
219.54525885575728,-23.645384385420435,3.161697912945268,-21.002859110754542,-12.926828987531627,-8.420767129872338e-15
219.56326182760898,-23.64937511510542,3.1624661253708037,-21.008260115740764,-12.928672464774031,-6.73661370389787e-14
219.58127541261177,-23.653374867827896,3.1632372526678174,-21.013656846367297,-12.930514425104793,9.262843842859572e-14
219.59929961809385,-23.657383645373226,3.1640112967788947,-21.019049298094004,-12.93235486748429,0.0
219.61733445138884,-23.661401449524085,3.1647882596466204,-21.02443746638029,-12.93419379087477,1.0104920555846805e-13
219.63537991983588,-23.6654282820604,3.165568143213581,-21.029821346685107,-12.936031194240371,8.420767129872338e-15
219.65343603077946,-23.669464144759385,3.1663509494223616,-21.03520093446688,-12.937867076547057,5.894536990910637e-14
219.67150279156968,-23.673509039395544,3.167136680215549,-21.040576225183607,-12.939701436762716,4.210383564936169e-14
219.68958020956214,-23.677562967740617,3.1679253375357272,-21.04594721429277,-12.941534273857089,-5.894536990910637e-14
219.70766829211783,-23.681625931563644,3.168716923325483,-21.051313897251394,-12.943365586801805,5.894536990910637e-14
219.7257670466034,-23.685697932630898,3.169511439527403,-21.056676269516025,-12.945195374570382,9.262843842859572e-14
219.74387648039095,-23.68977897270591,3.1703088880840706,-21.06203432654271,-12.947023636138235,-8.420767129872338e-15
219.7619966008581,-23.69386905354946,3.171109270938074,-21.067388063787043,-12.948850370482635,1.347322740779574e-13
219.7801274153881,-23.697968176919577,3.1719125900319964,-21.07273747670411,-12.950675576582807,8.420767129872338e-15
219.79826893136965,-23.70207634457152,3.172718847308426,-21.078082560748534,-12.95249925341982,1.1789073981821273e-13
219.81642115619715,-23.706193558257784,3.1735280447099474,-21.08342331137444,-12.954321399976681,0.0
219.8345840972704,-23.710319819728095,3.1743401841791448,-21.088759724035484,-12.956142015238285,8.420767129872338e-15
219.852757761995,-23.714455130729412,3.175155267658607,-21.094091794184838,-12.957961098191431,4.210383564936169e-14
219.87094215778194,-23.718599493005875,3.175973297090917,-21.099419517275166,-12.959778647824837,-1.6841534259744676e-14
219.88913729204796,-23.72275290829889,3.1767942744186626,-21.104742888758672,-12.961594663129143,6.73661370389787e-14
219.90734317221538,-23.726915378347048,3.1776182015844276,-21.110061904087072,-12.963409143096902,1.0104920555846805e-13
219.9255598057121,-23.731086904886116,3.1784450805307993,-21.11537655871158,-12.965222086722582,0.0
219.94378719997175,-23.735267489649104,3.1792749132003633,-21.120686848082926,-12.967033493002571,1.0946997268834039e-13
219.9620253624335,-23.73945713436619,3.1801077015357047,-21.125992767651375,-12.968843360935203,6.73661370389787e-14
219.9802743005423,-23.743655840764745,3.1809434474794074,-21.13129431286667,-12.970651689520732,-5.894536990910637e-14
219.99853402174867,-23.74786361056934,3.1817821529740606,-21.13659147917809,-12.972458477761334,7.578690416885104e-14
220.01680453350883,-23.752080445501683,3.1826238199622483,-21.14188426203441,-12.974263724661146,0.0
220.0350858432847,-23.756306347280702,3.183468450386557,-21.147172656883907,-12.976067429226218,5.894536990910637e-14
220.0533779585439,-23.76054131762247,3.1843160461895708,-21.152456659174387,-12.977869590464566,6.73661370389787e-14
220.07168088675982,-23.764785358240218,3.185166609313877,-21.157736264353165,-12.979670207386153,5.0524602779234026e-14
220.08999463541144,-23.769038470844347,3.18602014170206,-21.163011467867037,-12.981469279002866,5.894536990910637e-14
220.10831921198357,-23.7733006571424,3.186876645296706,-21.16828226516232,-12.983266804328572,-1.6841534259744676e-14
220.12665462396674,-23.777571918839083,3.1877361220404032,-21.173548651684843,-12.985062782379075,1.6841534259744676e-14
220.1450008788572,-23.78185225763623,3.188598573875732,-21.17881062287995,-12.98685721217217,0.0
220.163357984157,-23.78614167523281,3.189464002745284,-21.184068174192458,-12.98865009272756,1.1789073981821273e-13
220.18172594737393,-23.79044017332493,3.1903324105916404,-21.18932130106672,-12.990441423066972,8.420767129872338e-14
220.2001047760216,-23.794747753605836,3.1912037993573894,-21.19456999894655,-12.992231202214054,5.894536990910637e-14
220.2184944776194,-23.799064417765873,3.1920781709851154,-21.199814263275325,-12.99401942919446,6.73661370389787e-14
220.2368950596925,-23.803390167492516,3.192955527417405,-21.20505408949587,-12.995806103035795,2.5262301389617013e-14
220.2553065297719,-23.80772500447035,3.193835870596843,-21.210289473050544,-12.997591222767662,5.0524602779234026e-14
220.2737288953944,-23.81206893038105,3.194719202466017,-21.21552040938119,-12.999374787421633,-1.6841534259744676e-14
220.29216216410268,-23.816421946903418,3.1956055249675095,-21.22074689392917,-13.001156796031268,1.347322740779574e-13
220.3106063434453,-23.820784055713332,3.19649484004391,-21.22596892213532,-13.002937247632117,8.420767129872338e-15
220.32906144097652,-23.82515525848377,3.1973871496378004,-21.231186489440002,-13.00471614126172,3.368306851948935e-14
220.34752746425661,-23.829535556884778,3.198282455691771,-21.236399591283032,-13.006493475959587,1.5999457546757442e-13
220.3660044208517,-23.833924952583505,3.199180760148403,-21.24160822310378,-13.008269250767285,0.0
220.38449231833377,-23.838323447244164,3.2000820649502835,-21.246812380341083,-13.01004346472832,1.347322740779574e-13
220.4029911642807,-23.842731042528015,3.2009863720399996,-21.252012058433287,-13.011816116888241,-8.420767129872338e-15
220.4215009662763,-23.847147740093416,3.2018936833601366,-21.25720725281819,-13.01358720629456,8.420767129872338e-15
220.4400217319103,-23.851573541595766,3.202804000853279,-21.262397958933168,-13.01535673199686,1.6841534259744676e-14
220.45855346877832,-23.856008448687508,3.203717326462014,-21.267584172215013,-13.017124693046684,-2.5262301389617013e-14
220.47709618448198,-23.860452463018145,3.2046336621289258,-21.27276588810005,-13.018891088497622,8.420767129872338e-15
220.49564988662883,-23.864905586234222,3.2055530097966014,-21.277943102024093,-13.02065591740526,9.262843842859572e-14
