galstreams/tracks/track.st.Orphan-Chenab.ibata2021.ecsv
# %ECSV 1.0
# ---
# datatype:
# - {name: ra, unit: deg, datatype: float64}
# - {name: dec, unit: deg, datatype: float64}
# - {name: distance, unit: kpc, datatype: float64}
# - {name: pm_ra_cosdec, unit: mas / yr, datatype: float64}
# - {name: pm_dec, unit: mas / yr, datatype: float64}
# - {name: radial_velocity, unit: km / s, datatype: float64}
# delimiter: ','
# meta: !!omap
# - __serialized_columns__:
#     dec:
#       __class__: astropy.coordinates.angles.Latitude
#       unit: &id001 !astropy.units.Unit {unit: deg}
#       value: !astropy.table.SerializedColumn {name: dec}
#     distance:
#       __class__: astropy.coordinates.distances.Distance
#       unit: !astropy.units.Unit {unit: kpc}
#       value: !astropy.table.SerializedColumn {name: distance}
#     pm_dec:
#       __class__: astropy.units.quantity.Quantity
#       unit: !astropy.units.Unit {unit: mas / yr}
#       value: !astropy.table.SerializedColumn {name: pm_dec}
#     pm_ra_cosdec:
#       __class__: astropy.units.quantity.Quantity
#       unit: !astropy.units.Unit {unit: mas / yr}
#       value: !astropy.table.SerializedColumn {name: pm_ra_cosdec}
#     ra:
#       __class__: astropy.coordinates.angles.Longitude
#       unit: *id001
#       value: !astropy.table.SerializedColumn {name: ra}
#       wrap_angle: !astropy.coordinates.Angle
#         unit: *id001
#         value: 360.0
#     radial_velocity:
#       __class__: astropy.units.quantity.Quantity
#       unit: !astropy.units.Unit {unit: km / s}
#       value: !astropy.table.SerializedColumn {name: radial_velocity}
# schema: astropy-2.0
ra,dec,distance,pm_ra_cosdec,pm_dec,radial_velocity
[from data line 4194]
161.02373631176948,0.5658980298134837,18.221501935350176,-1.7680969301476013,0.7064330837661167,208.80660208390222
161.02723378706565,0.5565357263785657,18.21918133509852,-1.7684650446376902,0.7069753326377664,208.82389218492276
161.03073123992357,0.5471734166395382,18.216861201388408,-1.768833168533848,0.7075176386345703,208.84117223218425
161.0342286703909,0.5378111005794974,18.21454153435459,-1.7692013018319808,0.7080600016940348,208.85844222139025
161.03772607851536,0.5284487781813781,18.212222334131837,-1.769569444527992,0.7086024217536668,208.87570214824476
161.04122346434477,0.5190864494281137,18.209903600854915,-1.7699375966177935,0.7091448987509732,208.89295200845126
161.04472082792674,0.5097241143027978,18.20758533465857,-1.7703057580972983,0.709687432623461,208.91019179771394
161.04821816930914,0.5003617727883086,18.205267535677585,-1.7706739289624234,0.7102300233086374,208.92742151173627
161.05171548853954,0.4909994248677387,18.202950204046704,-1.7710421092090889,0.7107726707440116,208.9446411462223
161.05521278566573,0.48163707052401833,18.20063333990068,-1.7714102988332194,0.7113153748670914,208.9618506968756
161.05871006073545,0.4722747097400766,18.198316943374305,-1.7717784978307423,0.7118581356153856,208.97905015940012
161.0622073137964,0.4629123424990033,18.196001014602327,-1.7721467061975882,0.7124009529264027,208.99623952949943
161.06570454489622,0.4535499687836734,18.19368555371949,-1.7725149239296931,0.7129438267376537,209.0134188028775
161.0692017540827,0.44418758857717416,18.191370560860573,-1.7728831510229939,0.7134867569866464,209.03058797523815
161.07269894140347,0.43482520186243084,18.18905603616034,-1.77325138747343,0.7140297436108921,209.04774704228515
161.0761961069063,0.42546280862236996,18.18674197975355,-1.773619633276949,0.7145727865479005,209.06489599972218
161.07969325063885,0.4161004088400764,18.184428391774958,-1.7739878884294984,0.7151158857351834,209.08203484325315
161.08319037264883,0.4067380024984204,18.182115272359336,-1.77435615292703,0.7156590411102515,209.0991635685817
161.0866874729839,0.39737558958048497,18.179802621641432,-1.7747244267654994,0.7162022526106169,209.11628217141185
161.09018455169175,0.38801317006919145,18.17749043975601,-1.7750927099408669,0.7167455201737911,209.1333906474471
161.0936816088201,0.3786507439474621,18.175178726837853,-1.7754610024490893,0.717288843737286,209.1504889923916
161.09717864441663,0.3692883111983767,18.17286748302169,-1.7758293042861382,0.717832223238615,209.16757720194886
161.10067565852898,0.359925871804801,18.1705567084423,-1.7761976154479786,0.7183756586152908,209.1846552718227
161.10417265120486,0.35056342574981386,18.168246403234452,-1.776565935930585,0.7189191498048275,209.20172319771703
161.10766962249193,0.34120097301633234,18.165936567532896,-1.7769342657299307,0.719462696744738,209.21878097533548
161.11116657243787,0.3318385135872729,18.163627201472398,-1.7773026048419975,0.7200062993725371,209.23582860038206
161.11466350109032,0.3224760474457118,18.161318305187713,-1.777670953262767,0.7205499576257391,209.25286606856034
161.118160408497,0.31311357457450983,18.159009878813606,-1.7780393109882255,0.7210936714418593,209.26989337557416
161.1216572947055,0.3037510949567412,18.156701922484846,-1.7784076780143612,0.7216374407584124,209.2869105171275
161.12515415976355,0.2943886085753175,18.15439443633619,-1.7787760543371676,0.7221812655129147,209.30391748892387
161.12865100371877,0.2850261154131519,18.1520874205024,-1.7791444399526397,0.7227251456428819,209.32091428666732
161.1321478266188,0.2756636154533152,18.14978087511823,-1.7795128348567792,0.7232690810858313,209.3379009060614
161.13564462851133,0.2663011086786631,18.147474800318445,-1.779881239045587,0.7238130717792794,209.3548773428101
161.13914140944397,0.25693859507226474,18.14516919623782,-1.7802496525150686,0.7243571176607427,209.3718435926171
161.14263816946436,0.24757607461702844,18.142864063011093,-1.7806180752612357,0.7249012186677399,209.3887996511862
161.14613490862018,0.23821354729586033,18.14055940077305,-1.7809865072800983,0.7254453747377883,209.40574551422122
161.14963162695904,0.2288510130918268,18.138255209658436,-1.7813549485676754,0.7259895858084073,209.42268117742591
161.15312832452858,0.21948847198783314,18.135951489802014,-1.7817233991199832,0.726533851817115,209.4396066365041
161.15662500137648,0.2101259239667822,18.13364824133855,-1.782091858933048,0.7270781727014313,209.45652188715965
161.16012165755032,0.20076336901173744,18.131345464402816,-1.7824603280028928,0.7276225483988749,209.47342692509616
161.16361829309773,0.19140080710554722,18.12904315912955,-1.7828288063255482,0.7281669788469666,209.4903217460176
161.1671149080663,0.18203823823127244,18.126741325653533,-1.7831972938970462,0.7287114639832268,209.5072063456276
161.17061150250373,0.17267566237181287,18.12443996410952,-1.7835657907134226,0.7292560037451763,209.52408071963012
161.17410807645763,0.16331307951006666,18.12213907463227,-1.7839342967707186,0.7298005980703367,209.54094486372887
161.17760462997555,0.15395048962909239,18.11983865735654,-1.7843028120649738,0.7303452468962294,209.55779877362755
161.18110116310515,0.14458789271173217,18.117538712417108,-1.784671336592236,0.7308899501603769,209.57464244503018
161.18459767589403,0.13522528874104217,18.115239239948732,-1.785039870348551,0.7314347078003011,209.59147587364038
161.1880941683898,0.1258626776999169,18.112940240086147,-1.785408413329976,0.731979519753526,209.6082990551619
161.19159064064013,0.11650005957124927,18.110641712964153,-1.7857769655325626,0.7325243859575737,209.62511198529856
161.1950870926925,0.10713743433809185,18.10834365871749,-1.7861455269523696,0.7330693063499688,209.64191465975432
161.19858352459457,0.09777480198333564,18.106046077480926,-1.7865140975854603,0.7336142808682359,209.65870707423278
161.20207993639397,0.08841216248987095,18.103748969389205,-1.7868826774279003,0.7341593094498993,209.67548922443777
161.20557632813825,0.07904951584074643,18.101452334577115,-1.787251266475757,0.7347043920324835,209.69226110607315
161.209072699875,0.0696868620187968,18.099156173179413,-1.7876198647251007,0.7352495285535143,209.70902271484258
161.21256905165183,0.0603242010070685,18.096860485330847,-1.787988472172007,0.7357947189505181,209.72577404645014
161.2160653835163,0.050961532788447506,18.094565271166186,-1.7883570888125546,0.7363399631610208,209.74251509659925
161.21956169551606,0.04159885734581808,18.09227053082019,-1.7887257146428246,0.7368852611225495,209.75924586099381
161.2230579876986,0.032236174662223276,18.08997626442762,-1.7890943496589018,0.7374306127726313,209.77596633533776
161.22655426011158,0.022873484720492446,18.08768247212324,-1.7894629938568722,0.7379760180487945,209.79267651533488
161.2300505128025,0.013510787503666136,18.085389154041817,-1.7898316472328266,0.7385214768885663,209.80937639668878
161.23354674581898,0.004148082994624423,18.0830963103181,-1.7902003097828603,0.7390669892294756,209.8260659751033
161.2370429592086,-0.005214628823753869,18.08080394108686,-1.7905689815030694,0.7396125550090513,209.84274524628236
161.24053915301883,-0.014577347968431801,18.07851204648286,-1.790937662389552,0.7401581741648232,209.85941420592965
161.24403532729738,-0.023940074456585577,18.076220626640854,-1.7913063524384158,0.7407038466343203,209.87607284974888
161.24753148209174,-0.03330280830518066,18.073929681695603,-1.7916750516457642,0.7412495723550747,209.892721173444
161.2510276174494,-0.04266554953134274,18.071639211781875,-1.7920437600077064,0.7417953512646163,209.90935917271884
161.2545237334181,-0.052028298152199046,18.069349217034432,-1.792412477520358,0.7423411833004752,209.925986843277
161.25801983004519,-0.061391054184718435,18.06705969758803,-1.792781204179831,0.7428870684001839,209.94260418082231
161.26151590737834,-0.07075381764608352,18.06477065357743,-1.7931499399822477,0.743433006501276,209.95921118105872
161.26501196546505,-0.08011658855326537,18.062482085137404,-1.793518684923727,0.7439789975412815,209.97580783968985
161.2685080043529,-0.089479366923396,18.0601939924027,-1.7938874390003978,0.7445250414577357,209.9923941524195
161.27200402408943,-0.09884215277360886,18.057906375508086,-1.794256202208385,0.7450711381881715,210.00897011495164
161.27550002472213,-0.10820494612087837,18.055619234588328,-1.7946249745438214,0.7456172876701221,210.02553572298984
161.2789960062986,-0.1175677469823938,18.053332569778185,-1.7949937560028402,0.7461634898411226,210.04209097223807
161.28249196886634,-0.12693055537513206,18.05104638121241,-1.7953625465815795,0.7467097446387081,210.05863585839992
161.2859879124729,-0.13629337131623182,18.04876066902578,-1.7957313462761801,0.7472560520004132,210.07517037717935
161.2894838371658,-0.14565619482283226,18.046475433353038,-1.7961001550827866,0.7478024118637749,210.09169452428014
161.29297974299254,-0.15501902591191472,18.044190674328966,-1.7964689729975425,0.7483488241663282,210.10820829540603
161.29647563000074,-0.16438186460067425,18.041906392088315,-1.796837800016601,0.7488952888456113,210.12471168626067
161.2999714982378,-0.1737447109060943,18.039622586765834,-1.7972066361361128,0.7494418058391605,210.1412046925481
161.3034673477513,-0.1831075648453202,18.037339258496313,-1.7975754813522338,0.7499883750845137,210.1576873099719
161.30696317858877,-0.19247042643549708,18.035056407414487,-1.797944335661124,0.7505349965192101,210.17415953423605
161.31045899079768,-0.20183329569361286,18.032774033655137,-1.7983131990589425,0.751081670080787,210.1906213610443
161.3139547844256,-0.2111961726368694,18.03049213735301,-1.7986820715418563,0.751628395706784,210.2070727861004
161.31745055951995,-0.22055905728225647,18.028210718642878,-1.7990509531060326,0.7521751733347417,210.22351380510813
161.32094631612833,-0.2299219496469256,18.025929777659496,-1.7994198437476423,0.7527220029021997,210.2399444137713
161.3244420542982,-0.2392848497480292,18.023649314537632,-1.799788743462858,0.7532688843466983,210.2563646077936
161.32793777407707,-0.24864775760256141,18.02136932941204,-1.8001576522478595,0.7538158176057781,210.27277438287894
161.33143347551243,-0.2580106732277306,18.019089822417484,-1.8005265700988233,0.7543628026169822,210.2891737347311
161.33492915865176,-0.2673735966405336,18.01681079368873,-1.8008954970119333,0.7549098393178525,210.30556265905378
161.33842482354257,-0.27673652785812847,18.014532243360538,-1.801264432983376,0.7554569276459306,210.3219411515509
161.3419204702324,-0.2860994668976741,18.01225417156767,-1.8016333780093392,0.7560040675387605,210.33830920792622
161.34541609876865,-0.2954624137761718,18.009976578444878,-1.802002332086015,0.7565512589338859,210.3546668238835
161.34891170919886,-0.3048253685108366,18.007699464126937,-1.8023712952095963,0.7570985017688496,210.37101399512642
161.35240730157048,-0.3141883311186724,18.005422828748603,-1.8027402673762816,0.7576457959811977,210.387350717359
161.35590287593104,-0.32355130161684365,18.00314667244464,-1.8031092485822722,0.7581931415084746,210.40367698628486
161.359398432328,-0.33291428002251683,18.000870995349796,-1.803478238823772,0.7587405382882267,210.41999279760782
161.3628939708088,-0.34227726635269945,17.998595797598856,-1.803847238096985,0.759287986257999,210.43629814703164
161.36638949142096,-0.35164026062461423,17.996321079326563,-1.8042162463981208,0.7598354853553394,210.45259303026026
161.3698849942119,-0.36100326285527146,17.99404684066769,-1.8045852637233932,0.7603830355177942,210.4688774429974
161.37338047922913,-0.37036627306184283,17.991773081756985,-1.8049542900690163,0.760930636682911,210.48515138094666
161.3768759465201,-0.3797292912615023,17.989499802729227,-1.8053233254312056,0.7614782887882383,210.50141483981224
161.38037139613226,-0.389092317471264,17.987227003719163,-1.8056923698061857,0.7620259917713248,210.5176678152975
161.3838668281131,-0.39845535170830454,17.984954684861567,-1.8060614231901782,0.7625737455697191,210.53391030310652
161.38736224251005,-0.40781839398980163,17.98268284629119,-1.8064304855794089,0.7631215501209724,210.5501422989429
161.3908576393706,-0.417181444332774,17.980411488142796,-1.8067995569701103,0.763669405362634,210.56636379851042
161.39435301874218,-0.42654450275445593,17.97814061055115,-1.8071686373585105,0.7642173112322543,210.5825747975132
161.39784838067226,-0.43590756927186947,17.97587021365101,-1.8075377267408475,0.7647652676673846,210.5987752916546
161.4013437252082,-0.44527064390219806,17.973600297577143,-1.8079068251133572,0.7653132746055782,210.61496527663874
161.4048390523976,-0.4546337266626266,17.971330862464303,-1.808275932472283,0.765861331984386,210.6311447481692
161.40833436228777,-0.4639968175701819,17.969061908447255,-1.8086450488138661,0.7664094397413613,210.64731370194986
161.4118296549262,-0.4733599166421049,17.96679343566076,-1.809014174134353,0.7669575978140579,210.66347213368456
161.41532493036033,-0.48272302389542515,17.96452544423959,-1.8093833084299948,0.767505806140029,210.679620039077
161.41882018863757,-0.4920861393473343,17.962257934318487,-1.8097524516970427,0.7680540646568306,210.69575741383096
161.42231542980542,-0.5014492630150238,17.959990906032235,-1.8101216039317505,0.768602373302015,210.7118842536503
161.42581065391127,-0.5108123949155282,17.957724359515577,-1.8104907651303768,0.7691507320131399,210.72800055423872
161.42930586100252,-0.5201755350660433,17.955458294903284,-1.8108599352891825,0.7696991407277612,210.74410631130013
161.43280105112663,-0.529538683483766,17.953192712330107,-1.81122911440443,0.7702475993834353,210.76020152053826
161.43629622433102,-0.538901840185735,17.950927611930815,-1.8115983024723854,0.7707961079177198,210.77628617765686
161.4397913806631,-0.5482650051892032,17.94866299384018,-1.811967499489318,0.7713446662681714,210.79236027835975
161.4432865201703,-0.5576281785112134,17.946398858192946,-1.8123367054514998,0.7718932743723496,210.80842381835075
161.44678164290002,-0.5669913601689682,17.94413520512389,-1.8127059203552034,0.7724419321678118,210.8244767933337
161.4502767488997,-0.5763545501796726,17.94187203476775,-1.8130751441967081,0.7729906395921193,210.84051919901222
161.45377183821674,-0.585717748560373,17.939609347259324,-1.8134443769722908,0.7735393965828302,210.85655103109025
161.45726691089857,-0.5950809553283307,17.93734714273334,-1.8138136186782368,0.7740882030775063,210.87257228527153
161.46076196699252,-0.6044441705005952,17.935085421324583,-1.8141828693108297,0.7746370590137079,210.88858295725984
161.4642570065461,-0.6138073940943782,17.932824183167792,-1.8145521288663595,0.7751859643289971,210.904583042759
161.46775202960663,-0.6231706261268921,17.930563428397747,-1.8149213973411153,0.7757349189609358,210.92057253747285
161.47124703622154,-0.6325338666151912,17.9283031571492,-1.8152906747313906,0.7762839228470868,210.93655143710498
161.47474202643826,-0.6418971155765449,17.926043369556922,-1.8156599610334818,0.7768329759250132,210.9525197373593
161.4782370003041,-0.651260373028011,17.923784065755665,-1.8160292562436873,0.7773820781322794,210.96847743393974
161.48173195786651,-0.6606236389868086,17.92152524588019,-1.8163985603583104,0.7779312294064499,210.98442452254997
161.48522689917291,-0.6699869134701586,17.91926691006527,-1.8167678733736539,0.7784804296850888,211.00036099889363
161.48872182427064,-0.6793501964951235,17.91700905844565,-1.8171371952860262,0.7790296789057625,211.01628685867473
161.49221673320713,-0.6887134880789806,17.914751691156113,-1.8175065260917334,0.7795789770060363,211.03220209759698
161.4957116260297,-0.698076788238796,17.912494808331406,-1.817875865787091,0.7801283239234776,211.0481067113642
161.49920650278574,-0.7074400969918175,17.910238410106288,-1.818245214368413,0.7806777195956539,211.06400069568014
161.50270136352268,-0.7168034143552,17.907982496615535,-1.8186145718320157,0.781227163960133,211.0798840462487
