galstreams/tracks/track.st.NGC6101.ibata2021.ecsv
# %ECSV 0.9
# ---
# datatype:
# - {name: ra, unit: deg, datatype: float64}
# - {name: dec, unit: deg, datatype: float64}
# - {name: distance, unit: kpc, datatype: float64}
# - {name: pm_ra_cosdec, unit: mas / yr, datatype: float64}
# - {name: pm_dec, unit: mas / yr, datatype: float64}
# - {name: radial_velocity, unit: km / s, datatype: float64}
# delimiter: ','
# meta: !!omap
# - __serialized_columns__:
#     dec:
#       __class__: astropy.coordinates.angles.Latitude
#       unit: &id001 !astropy.units.Unit {unit: deg}
#       value: !astropy.table.SerializedColumn {name: dec}
#     distance:
#       __class__: astropy.coordinates.distances.Distance
#       unit: !astropy.units.Unit {unit: kpc}
#       value: !astropy.table.SerializedColumn {name: distance}
#     pm_dec:
#       __class__: astropy.units.quantity.Quantity
#       unit: !astropy.units.Unit {unit: mas / yr}
#       value: !astropy.table.SerializedColumn {name: pm_dec}
#     pm_ra_cosdec:
#       __class__: astropy.units.quantity.Quantity
#       unit: !astropy.units.Unit {unit: mas / yr}
#       value: !astropy.table.SerializedColumn {name: pm_ra_cosdec}
#     ra:
#       __class__: astropy.coordinates.angles.Longitude
#       unit: *id001
#       value: !astropy.table.SerializedColumn {name: ra}
#       wrap_angle: !astropy.coordinates.Angle
#         unit: *id001
#         value: 360.0
#     radial_velocity:
#       __class__: astropy.units.quantity.Quantity
#       unit: !astropy.units.Unit {unit: km / s}
#       value: !astropy.table.SerializedColumn {name: radial_velocity}
# schema: astropy-2.0
ra,dec,distance,pm_ra_cosdec,pm_dec,radial_velocity
[from data line 947]
268.1189414555405,-68.22805771398527,15.143814301400452,1.6819207639518443,0.42737820630824774,-1.473634247727659e-14
268.14155938870164,-68.22251855821139,15.15020915124817,1.6825415160504869,0.42729357293337894,-1.6841534259744676e-14
268.16416967402085,-68.21697784561617,15.156639812940297,1.6831661342909352,0.42719983777824355,-1.6841534259744676e-14
268.1867723134334,-68.21143557608828,15.163106359755108,1.6837946355117066,0.42709697934864216,6.315575347404253e-15
268.20936730887166,-68.20589174951654,15.169608864970892,1.6844270365778604,0.42698497616458914,0.0
268.2319546622659,-68.20034636579015,15.176147401865938,1.6850633543809563,0.42686380676032853,-3.157787673702127e-14
268.2545343755435,-68.19479942479848,15.182722043718528,1.685703605839013,0.4267334496843437,6.315575347404253e-15
268.2771064506294,-68.1892509264312,15.189332863806948,1.6863478078964669,0.42659388349935623,-1.894672604221276e-14
268.2996708894459,-68.18370087057824,15.19597993540948,1.686995977524134,0.42644508678235016,-1.6841534259744676e-14
268.32222769391285,-68.17814925712977,15.202663331804416,1.687648131719161,0.4262870381245696,-4.210383564936169e-15
268.34477686594744,-68.17259608597631,15.209383126270037,1.688304287504993,0.42611971613153315,6.315575347404253e-15
268.3673184074643,-68.16704135700853,15.216139392084623,1.688964461931325,0.4259430994230387,-2.7367493172085098e-14
268.3898523203759,-68.16148507011745,15.22293220252647,1.6896286720740616,0.4257571666331812,-4.210383564936169e-15
268.4123786065915,-68.15592722519432,15.229761630873856,1.690296935035281,0.4255618964103487,-2.5262301389617013e-14
268.43489726801846,-68.1503678221307,15.236627750405068,1.6909692679431885,0.42535726741724333,-1.473634247727659e-14
268.4574083065613,-68.14480686081836,15.243530634398391,1.6916456879520756,0.42514325833088207,1.2631150694808506e-14
268.4799117241221,-68.13924434114939,15.250470356132114,1.6923262122422806,0.4249198478426068,6.315575347404253e-15
268.5024075226004,-68.13368026301617,15.257446988884514,1.6930108580201486,0.4246870146580963,-2.5262301389617013e-14
268.52489570389326,-68.12811462631127,15.264460605933882,1.6936996425179855,0.42444473749737444,-1.2631150694808506e-14
268.5473762698953,-68.12254743092761,15.271511280558498,1.6943925829940194,0.4241929950948128,-8.420767129872338e-15
268.56984922249853,-68.11697867675838,15.278599086036657,1.6950896967323612,0.42393176619914485,-1.2631150694808506e-14
268.5923145635926,-68.11140836369701,15.285724095646636,1.6957910010429624,0.42366102957347296,-2.947268495455318e-14
268.61477229506454,-68.10583649163723,15.292886382666719,1.6964965132615708,0.42338076399527724,4.210383564936169e-15
268.637222418799,-68.10026306047304,15.300086020375199,1.697206250749694,0.4230909482564189,-2.1051917824680846e-14
268.6596649366781,-68.09468807009874,15.307323082050353,1.697920230894555,0.4227915611631575,-1.0525958912340423e-14
268.68209985058155,-68.08911152040889,15.314597640970472,1.6986384711090536,0.4224825815361504,-2.7367493172085098e-14
268.70452716238657,-68.08353341129835,15.321909770413837,1.6993609888317218,0.4221639882104671,8.420767129872338e-15
268.7269468739679,-68.07795374266222,15.329259543658738,1.7000878015266878,0.42183576003558876,-8.420767129872338e-15
268.74935898719787,-68.07237251439592,15.336647033983454,1.7008189266836298,0.4214978758754298,1.473634247727659e-14
268.7717635039462,-68.06678972639519,15.344072314666276,1.701554381817737,0.4211503146083295,-1.473634247727659e-14
268.7941604260805,-68.06120537855597,15.351535458985488,1.7022941844696715,0.420793055127075,-1.6841534259744676e-14
268.81654975546576,-68.05561947077453,15.35903654021937,1.703038352205521,0.4204260763388985,1.6841534259744676e-14
268.8389314939643,-68.05003200294743,15.366575631646215,1.703786902616765,0.4200493571654852,-2.315710960714893e-14
268.8613056434365,-68.04444297497155,15.374152806544302,1.7045398533202263,0.41966287654299195,6.315575347404253e-15
268.8836722057399,-68.03885238674397,15.38176813819192,1.705297221958039,0.41926661342203836,-1.473634247727659e-14
268.90603118272986,-68.03326023816214,15.389421699867352,1.7060590261975974,0.41886054676772916,-1.2631150694808506e-14
268.92838257625925,-68.02766652912378,15.397113564848878,1.7068252837315236,0.4184446555596516,-2.1051917824680846e-14
268.95072638817857,-68.02207125952688,15.404843806414794,1.7075960122776217,0.41801891879188785,-4.210383564936169e-15
268.9730626203357,-68.01647442926973,15.412612497843377,1.7083712295788411,0.41758331547301775,-3.368306851948935e-14
268.9953912745767,-68.01087603825097,15.420419712412919,1.7091509534032283,0.41713782462613597,1.2631150694808506e-14
269.0177123527445,-68.00527608636942,15.428265523401702,1.7099352015438951,0.4166824252888418,-1.894672604221276e-14
269.0400258566802,-67.99967457352432,15.436150004088006,1.7107239918189725,0.416217096513267,-6.315575347404253e-15
269.0623317882222,-67.99407149961509,15.444073227750124,1.7115173420715688,0.41574181736606425,-2.7367493172085098e-14
269.08463014920676,-67.98846686454155,15.452035267666338,1.7123152701697342,0.41525656692842955,1.0525958912340423e-14
269.1069209414676,-67.98286066820377,15.46003619711493,1.7131177940064146,0.4147613242960931,-2.1051917824680846e-14
269.12920416683613,-67.9772529105021,15.46807608937419,1.713924931499412,0.41425606857934333,-2.1051917824680846e-14
269.15147982714143,-67.97164359133721,15.476155017722403,1.7147367005913472,0.4137407789030191,-2.5262301389617013e-14
269.17374792421026,-67.96603271061012,15.484273055437853,1.715553119249616,0.4132154344065268,-8.420767129872338e-15
269.19600845986685,-67.96042026822204,15.492430275798819,1.7163742054663484,0.4126800142438376,-2.7367493172085098e-14
269.2182614359333,-67.95480626407459,15.500626752083598,1.7171999772583688,0.41213449758350507,-6.315575347404253e-15
269.24050685422924,-67.94919069806963,15.508862557570469,1.7180304526671557,0.41157886360866,-4.210383564936169e-15
269.26274471657206,-67.94357357010935,15.517137765537711,1.7188656497588002,0.4110130915170251,-1.473634247727659e-14
269.2849750247767,-67.93795488009624,15.52545244926362,1.719705586623967,0.41043716052092,-1.473634247727659e-14
269.307197780656,-67.9323346279331,15.533806682026475,1.7205502813778502,0.40985104984726417,1.6841534259744676e-14
269.3294129860201,-67.92671281352303,15.542200537104565,1.7213997521601372,0.40925473873758483,0.0
269.35162064267723,-67.92108943676944,15.550634087776173,1.722254017134964,0.40864820644802585,-6.315575347404253e-15
269.37382075243306,-67.91546449757604,15.559107407319578,1.7231130944908801,0.40803143224935096,-2.1051917824680845e-15
269.39601331709105,-67.90983799584687,15.567620569013076,1.7239770024408017,0.4074043954269493,-2.5262301389617013e-14
269.4181983384524,-67.90420993148625,15.576173646134952,1.7248457592219733,0.4067670752808445,-1.6841534259744676e-14
269.4403758183159,-67.89858030439886,15.584766711963479,1.7257193830959308,0.40611945112569775,-2.5262301389617013e-14
269.46254575847814,-67.89294911448965,15.593399839776954,1.7265978923484573,0.405461502290815,-3.368306851948935e-14
269.4847081607334,-67.88731636166389,15.602073102853655,1.727481305289541,0.4047932081201521,-1.894672604221276e-14
269.5068630268737,-67.88168204582716,15.61078657447187,1.7283696402533428,0.404114547972322,-2.1051917824680845e-15
269.52901035868877,-67.87604616688537,15.61954032790989,1.729262915598144,0.4034255012205977,1.0525958912340423e-14
269.5511501579661,-67.87040872474476,15.628334436445988,1.7301611497063172,0.40272604725292066,2.1051917824680845e-15
269.5732824264908,-67.86476971931185,15.637168973358461,1.7310643609842782,0.4020161654719046,-1.894672604221276e-14
269.5954071660459,-67.85912915049347,15.646044011925587,1.7319725678624505,0.40129583529484497,-1.894672604221276e-14
269.61752437841204,-67.85348701819682,15.654959625425649,1.732885788795221,0.4005650361537176,-2.1051917824680845e-15
269.6396340653677,-67.84784332232937,15.66391588713694,1.733804042260904,0.39982374749518734,-2.5262301389617013e-14
269.66173622868916,-67.84219806279896,15.67291287033774,1.734727346761696,0.39907194878061847,1.473634247727659e-14
269.68383087015025,-67.83655123951367,15.681950648306337,1.7356557208236396,0.39830961948606813,6.315575347404253e-15
269.7059179915227,-67.83090285238198,15.691029294321014,1.7365891829965818,0.3975367391023052,0.0
269.7279975945761,-67.82525290131268,15.700148881660054,1.7375277518541323,0.39675328713480423,-3.368306851948935e-14
269.7500696810777,-67.81960138621483,15.70930948360175,1.7384714459936246,0.39595924310376,-8.420767129872338e-15
269.77213425279257,-67.81394830699787,15.718511173424377,1.7394202840360784,0.39515458654408336,-4.210383564936169e-15
269.79419131148353,-67.80829366357153,15.727754024406227,1.7403742846261536,0.39433929700541226,8.420767129872338e-15
269.8162408589112,-67.80263745584588,15.737038109825582,1.7413334664321147,0.3935133540521149,-2.1051917824680845e-15
269.83828289683413,-67.79697968373134,15.746363502960735,1.7422978481457883,0.39267673726329483,4.210383564936169e-15
269.8603174270084,-67.79132034713861,15.755730277089958,1.7432674484825266,0.39182942623279554,-4.210383564936169e-15
269.88234445118815,-67.78565944597874,15.76513850549155,1.744242286181161,0.3909714005692051,-1.894672604221276e-14
269.90436397112524,-67.77999698016312,15.774588261443784,1.7452223800039695,0.3901026398958624,-1.0525958912340423e-14
269.9263759885693,-67.77433294960345,15.784079618224947,1.7462077487366294,0.38922312385085756,-2.947268495455318e-14
269.9483805052679,-67.76866735421177,15.793612649113335,1.7471984111881818,0.3883328320870424,-8.420767129872338e-15
269.97037752296626,-67.76300019390044,15.80318742738722,1.7481943861909919,0.38743174427202776,-2.1051917824680846e-14
269.9923670434076,-67.75733146858218,15.812804026324896,1.7491956926007064,0.3865198400881964,-2.5262301389617013e-14
270.01434906833293,-67.75166117817001,15.822462519204642,1.7502023492962144,0.3855970992327012,-8.420767129872338e-15
270.036323599481,-67.7459893225773,15.83216297930475,1.7512143751796079,0.38466350141746886,-2.5262301389617013e-14
270.0582906385886,-67.74031590171775,15.8419054799035,1.7522317891761414,0.3837190263692108,-8.420767129872338e-15
270.08025018739005,-67.73464091550538,15.851690094279178,1.753254610234194,0.3827636538294185,-1.894672604221276e-14
270.1022022476179,-67.7289643638546,15.86151689571007,1.7542828573252245,0.3817973635543769,-2.1051917824680846e-14
270.12414682100245,-67.72328624668009,15.871385957474466,1.7553165494437377,0.3808201353151604,-8.420767129872338e-15
270.1460839092716,-67.71760656389691,15.881297352850636,1.7563557056072419,0.3798319488976409,-4.210383564936169e-15
270.1680135141515,-67.71192531542042,15.89125115511688,1.7574003448562048,0.37883278410249055,-3.368306851948935e-14
270.1899356373659,-67.70624250116636,15.901247437551483,1.7584504862540216,0.37782262074519013,2.1051917824680845e-15
270.2118502806366,-67.7005581210508,15.91128627343272,1.7595061488869697,0.37680143865602295,-4.210383564936169e-15
270.2337574456831,-67.69487217499011,15.921367736038883,1.7605673518641705,0.37576921768008775,-1.2631150694808506e-14
270.25565713422304,-67.68918466290106,15.931491898648252,1.7616341143175493,0.3747259376773,-3.157787673702127e-14
270.2775493479718,-67.68349558470074,15.941658834539124,1.762706455401797,0.37367157852239424,-2.5262301389617013e-14
270.2994340886426,-67.67780494030653,15.951868616989772,1.7637843942943277,0.37260612010492733,-3.157787673702127e-14
270.3213113579467,-67.67211272963625,15.962121319278483,1.764867950195242,0.37152954232928387,-2.7367493172085098e-14
270.34318115759316,-67.66641895260801,15.972417014683549,1.7659571423272842,0.37044182511467927,-2.1051917824680846e-14
270.3650434892891,-67.66072360914023,15.982755776483248,1.7670519899358055,0.3693429483951611,-1.0525958912340423e-14
