galstreams/tracks/track.st.Phlegethon.ibata2021.ecsv
# %ECSV 1.0
# ---
# datatype:
# - {name: ra, unit: deg, datatype: float64}
# - {name: dec, unit: deg, datatype: float64}
# - {name: distance, unit: kpc, datatype: float64}
# - {name: pm_ra_cosdec, unit: mas / yr, datatype: float64}
# - {name: pm_dec, unit: mas / yr, datatype: float64}
# - {name: radial_velocity, unit: km / s, datatype: float64}
# delimiter: ','
# meta: !!omap
# - __serialized_columns__:
#     dec:
#       __class__: astropy.coordinates.angles.Latitude
#       unit: &id001 !astropy.units.Unit {unit: deg}
#       value: !astropy.table.SerializedColumn {name: dec}
#     distance:
#       __class__: astropy.coordinates.distances.Distance
#       unit: !astropy.units.Unit {unit: kpc}
#       value: !astropy.table.SerializedColumn {name: distance}
#     pm_dec:
#       __class__: astropy.units.quantity.Quantity
#       unit: !astropy.units.Unit {unit: mas / yr}
#       value: !astropy.table.SerializedColumn {name: pm_dec}
#     pm_ra_cosdec:
#       __class__: astropy.units.quantity.Quantity
#       unit: !astropy.units.Unit {unit: mas / yr}
#       value: !astropy.table.SerializedColumn {name: pm_ra_cosdec}
#     ra:
#       __class__: astropy.coordinates.angles.Longitude
#       unit: *id001
#       value: !astropy.table.SerializedColumn {name: ra}
#       wrap_angle: !astropy.coordinates.Angle
#         unit: *id001
#         value: 360.0
#     radial_velocity:
#       __class__: astropy.units.quantity.Quantity
#       unit: !astropy.units.Unit {unit: km / s}
#       value: !astropy.table.SerializedColumn {name: radial_velocity}
# schema: astropy-2.0
ra,dec,distance,pm_ra_cosdec,pm_dec,radial_velocity
[from data line 1985]
321.196379217253,-29.121501742828197,3.2798431499932,-3.549942914598784,-37.80196817933877,1.917454539393116
321.19849799899134,-29.111537746619096,3.2797629135704343,-3.5483985298051106,-37.8022263785362,1.8375099359018296
321.2006157207544,-29.101573642127846,3.279682732731515,-3.5468543235726155,-37.80248194368763,1.7575705420093422
321.20273238316327,-29.091609429430267,3.279602607526847,-3.54531029583684,-37.80273487531893,1.677636342443413
321.20484798683833,-29.08164510860195,3.2795225380068334,-3.543766446533371,-37.802985173955875,1.5977073219320719
321.20696253239987,-29.071680679718668,3.2794425242218788,-3.542222775597695,-37.80323284012416,1.5177834652031459
321.2090760204676,-29.061716142855865,3.279362566222386,-3.540679282965389,-37.80347787434945,1.4378647569847653
321.21118845166086,-29.051751498089107,3.2792826640587593,-3.5391359685719355,-37.803720277157325,1.3579511820048253
321.21329982659864,-29.041786745493877,3.2792028177814028,-3.5375928323528854,-37.80396004907328,1.278042724991119
321.2154101458995,-29.031821885145437,3.27912302744072,-3.5360498742437123,-37.8041971906228,1.198139370671878
321.21751941018164,-29.02185691711918,3.2790432930871147,-3.5345070941799275,-37.80443170233123,1.118241103774761
321.21962762006285,-29.01189184149023,3.278963614770991,-3.532964492097002,-37.80466358472391,1.0383479090279997
321.22173477616064,-29.001926658333776,3.2788839925427524,-3.5314220679304027,-37.80489283832609,0.9584597711592528
321.2238408790919,-28.991961367724986,3.2788044264528033,-3.529879821615637,-37.80511946366297,0.8785766748968193
321.22594592947326,-28.981995969738737,3.2787249165515457,-3.528337753088124,-37.80534346125965,0.7986986049682906
321.2280499279211,-28.972030464450107,3.278645462889385,-3.526795862283338,-37.805564831641206,0.7188255461018307
321.2301528750512,-28.962064851933846,3.2785660655167255,-3.5252541491366998,-37.805783575332626,0.6389574830251995
321.232254771479,-28.95209913226484,3.2784867244839693,-3.5237126135836894,-37.80599969285884,0.5590944004667634
321.23435561781963,-28.94213330551786,3.2784074398415206,-3.5221712555597016,-37.806213184744706,0.47923628315408
321.2364554146878,-28.93216737176748,3.278328211639785,-3.5206300750001525,-37.80642405151502,0.39938311581531355
321.2385541626977,-28.922201331088402,3.2782490399291633,-3.5190890718404946,-37.80663229369451,0.3195348831781902
321.2406518624634,-28.912235183555055,3.2781699247600615,-3.517548246016098,-37.80683791180786,0.23969156997094135
321.24274851459836,-28.902268929241952,3.278090866182883,-3.516007597462389,-37.807040906379655,0.15985316092125962
321.2448441197158,-28.89230256822354,3.2780118642480316,-3.5144671261147415,-37.80724127793444,0.08001964075727543
321.2469386784284,-28.882336100574047,3.277932919005911,-3.512926831908569,-37.80743902699668,0.00019099420688338517
321.2490321913486,-28.872369526367837,3.2778540305069237,-3.5113867147792464,-37.8076341540908,-0.0796327940019545
321.25112465908836,-28.862402845678986,3.2777751988014754,-3.5098467746621402,-37.80782665974112,-0.15945173914137728
321.25321608225926,-28.85243605858167,3.2776964239399695,-3.508307011492639,-37.80801654447194,-0.23926585648318718
321.2553064614727,-28.842469165149996,3.2776177059728093,-3.506767425206087,-37.80820380880744,-0.3190751612997927
321.25739579733926,-28.83250216545784,3.277539044950399,-3.5052280157378624,-37.80838845327178,-0.3988796688629624
321.2594840904696,-28.82253505957923,3.277460440923141,-3.503688783023324,-37.80857047838907,-0.47867939444486896
321.2615713414737,-28.812567847587907,3.277381893941441,-3.5021497269978124,-37.808749884683316,-0.5584743533174493
321.2636575509613,-28.802600529557694,3.2773034040557025,-3.5006108475966835,-37.80892667267844,-0.63826456075291
321.26574271954166,-28.792633105562377,3.277224971316329,-3.499072144755269,-37.80910084289836,-0.7180500320231542
321.26782684782376,-28.782665575675473,3.277146595773723,-3.497533618408913,-37.80927239586691,-0.7978307824003547
321.26990993641607,-28.772697939970687,3.2770682774782895,-3.4959952684929423,-37.80944133210784,-0.8776068271563809
321.27199198592683,-28.7627301985214,3.276990016480434,-3.4944570949427085,-37.80960765214481,-0.9573781815635068
321.2740729969638,-28.75276235140112,3.2769118128305568,-3.4929190976935036,-37.809771356501514,-1.0371448608936356
321.27615297013443,-28.742794398683273,3.2768336665790643,-3.4913812766806647,-37.80993244570147,-1.11690688041894
321.2782319060456,-28.73282634044106,3.2767555777763584,-3.489843631839535,-37.81009092026821,-1.196664255411121
321.28030980530406,-28.722858176747824,3.2766775464728446,-3.488306163105392,-37.810246780725144,-1.2764170011427223
321.28238666851604,-28.71288990767663,3.2765995727189257,-3.4867688704135738,-37.81040002759566,-1.356165132885411
321.28446249628746,-28.70292153330069,3.2765216565650066,-3.4852317536993693,-37.81055066140308,-1.435908665911461
321.2865372892237,-28.692953053692936,3.2764437980614893,-3.4836948128981096,-37.81069868267062,-1.5156476154928094
321.28861104793,-28.682984468926385,3.2763659972587793,-3.482158047945086,-37.81084409192149,-1.5953819969015948
321.290683773011,-28.673015779074007,3.276288254207279,-3.480621458775607,-37.81098688967878,-1.6751118254097883
321.29275546507114,-28.66304698420852,3.276210568957394,-3.4790850453249753,-37.81112707646556,-1.7548371162894276
321.29482612471435,-28.65307808440275,3.276132941559526,-3.4775488075284873,-37.81126465280481,-1.8345578848126183
321.2968957525443,-28.64310907972946,3.27605537206408,-3.4760127453214205,-37.81139961921946,-1.9142741462513984
321.2989643491641,-28.633139970261176,3.2759778605214596,-3.4744768586391066,-37.81153197623236,-1.9939859158777045
321.30103191517674,-28.623170756070575,3.275900406982069,-3.472941147416824,-37.81166172436632,-2.073693208963676
321.30309845118455,-28.613201437230046,3.275823011496311,-3.4714056115898497,-37.81178886414404,-2.1533960407813844
321.3051639577897,-28.603232013812143,3.275745674114589,-3.4698702510935036,-37.81191339608823,-2.2330944266029014
321.30722843559397,-28.593262485889113,3.27566839488731,-3.4683350658630587,-37.81203532072146,-2.3127883817001305
321.30929188519855,-28.583292853533322,3.275591173864874,-3.4668000558338203,-37.8121546385663,-2.3924779213453116
321.31135430720445,-28.573323116817075,3.2755140110976866,-3.465265220941073,-37.81227135014521,-2.472163060810348
321.31341570221235,-28.56335327581241,3.2754369066361515,-3.463730561120096,-37.81238545598059,-2.551843815367412
321.3154760708224,-28.553383330591505,3.2753598605306724,-3.4621960763061823,-37.81249695659481,-2.6315202002884415
321.31753541363435,-28.54341328122644,3.2752828728316534,-3.4606617664346517,-37.81260585251013,-2.7111922308456085
321.3195937312478,-28.53344312778909,3.2752059435894965,-3.4591276314407606,-37.812712144248806,-2.7908599223107156
321.32165102426177,-28.52347287035147,3.2751290728546083,-3.457593671259807,-37.81281583233296,-2.8705232899560023
321.323707293275,-28.513502508985304,3.275052260677391,-3.4560598858270906,-37.8129169172847,-2.950182349053575
321.3257625388858,-28.503532043762483,3.2749755071082483,-3.4545262750779067,-37.81301539962607,-3.029837114875268
321.3278167616921,-28.49356147475461,3.2748988121975846,-3.4529928389475675,-37.81311127987901,-3.109487602693323
321.3298699622916,-28.48359080203337,3.274822175995803,-3.4514595773713106,-37.813204558565445,-3.189133827779777
321.3319221412814,-28.47362002567041,3.274745598553308,-3.4499264902845006,-37.813295236207196,-3.268775805406534
321.3339732992584,-28.463649145737122,3.2746690799205025,-3.448393577622401,-37.81338331332606,-3.3484135508457666
321.33602343681906,-28.453678162305074,3.274592620147792,-3.4468608393203057,-37.81346879044372,-3.428047079369445
321.33807255455946,-28.443707075445523,3.2745162192855792,-3.4453282753135372,-37.81355166808185,-3.5076764062498094
321.34012065307536,-28.433735885229854,3.274439877384267,-3.443795885537382,-37.81363194676203,-3.587301546758662
321.3421677329621,-28.423764591729384,3.2743635944942606,-3.44226366992718,-37.81370962700578,-3.666922516168041
321.3442137948147,-28.413793195015167,3.2742873706659625,-3.4407316284181837,-37.81378470933456,-3.7465393297502874
321.3462588392277,-28.403821695158445,3.274211205949778,-3.43919976094577,-37.81385719426976,-3.826152002777035
321.34830286679534,-28.393850092230164,3.2741351003961094,-3.437668067445217,-37.81392708233271,-3.9057605505206254
321.3503458781116,-28.383878386301355,3.2740590540553627,-3.4361365478518335,-37.8139943740447,-3.9853649882532642
321.35238787376994,-28.373906577443034,3.273983066977939,-3.4346052021009656,-37.81405906992692,-4.064965331246586
321.35442885436333,-28.363934665725917,3.273907139214244,-3.4330740301279405,-37.8141211705005,-4.144561594772763
321.3564688204848,-28.35396265122093,3.273831270814681,-3.4315430318680615,-37.81418067628654,-4.2241537941041365
321.35850777272645,-28.343990533998692,3.2737554618296527,-3.4300122072566888,-37.814237587806055,-4.303741944512306
321.3605457116806,-28.334018314129917,3.2736797123095647,-3.428481556229136,-37.81429190557999,-4.383326061269716
321.3625826379386,-28.324045991685278,3.2736040223048195,-3.4269510787207675,-37.81434363012924,-4.462906159648165
321.364618552092,-28.3140735667352,3.2735283918658205,-3.4254207746668985,-37.81439276197466,-4.542482254919695
321.3666534547316,-28.304101039350265,3.273452821042974,-3.423890644002884,-37.81443930163695,-4.622054362356509
321.3686873464478,-28.294128409600766,3.2733773098866807,-3.4223606866641187,-37.814483249636865,-4.701622497230512
321.3707202278311,-28.284155677557113,3.2733018584473466,-3.420830902585908,-37.81452460649503,-4.781186674813944
321.3727520994711,-28.27418284328964,3.273226466775375,-3.41930129170364,-37.81456337273201,-4.860746910378708
321.3747829619572,-28.26420990686846,3.2731511349211693,-3.417771853952698,-37.81459954886833,-4.940303219196808
321.3768128158786,-28.254236868363822,3.2730758629351326,-3.416242589268421,-37.81463313542444,-5.019855616540519
321.37884166182397,-28.24426372784572,3.2730006508676706,-3.4147134975862343,-37.814664132920726,-5.099404117681508
321.38086950038166,-28.234290485384236,3.272925498769185,-3.4131845788414763,-37.81469254187752,-5.178948737892182
321.38289633213964,-28.224317141049376,3.2728504066900808,-3.4116558329695756,-37.81471836281507,-5.258489492444379
321.38492215768554,-28.214343694910927,3.272775374680762,-3.410127259905913,-37.81474159625358,-5.338026396610338
321.38694697760656,-28.20437014703885,3.2727004027916315,-3.408598859585892,-37.814762242713215,-5.417559465661827
321.3889707924897,-28.19439649750279,3.272625491073094,-3.4070706319449133,-37.814780302714006,-5.497088714871154
321.39099360292136,-28.18442274637252,3.2725506395755524,-3.405542576918422,-37.81479577677598,-5.5766141595102905
321.39301540948765,-28.17444889371773,3.272475848349411,-3.4040146944418455,-37.81480866541911,-5.656135814851274
321.3950362127745,-28.164474939607896,3.272401117445074,-3.4024869844505687,-37.814818969163255,-5.735653696166074
321.3970560133673,-28.154500884112647,3.272326446912945,-3.4009594468800737,-37.81482668852826,-5.815167818726866
321.39907481185105,-28.14452672730132,3.272251836803427,-3.399432081665794,-37.81483182403386,-5.894678197805685
321.4010926088105,-28.13455246924336,3.2721772871669246,-3.39790488874317,-37.81483437619978,-5.974184848674469
321.40310940482993,-28.12457811000817,3.272102798053842,-3.3963778680476757,-37.81483434554564,-6.053687786605323
321.40512520049333,-28.114603649664883,3.27202836951458,-3.3948510195147756,-37.81483173259105,-6.13318702687032
321.4071399963844,-28.104629088282817,3.2719540015995467,-3.393324343079943,-37.81482653785549,-6.2126825847415645
321.40915379308626,-28.094654425931,3.2718796943591437,-3.391797838678669,-37.81481876185842,-6.29217447549096
321.4111665911818,-28.08467966267857,3.2718054478437746,-3.390271506246446,-37.81480840511924,-6.371662714390577
321.41317839125367,-28.074704798594585,3.271731262103845,-3.3887453457187773,-37.81479546815723,-6.451147316712657
321.4151891938839,-28.06472983374789,3.271657137189755,-3.3872193570311673,-37.81477995149173,-6.530628297728935
321.4171989996544,-28.054754768207488,3.2715830731519118,-3.3856935401191386,-37.8147618556419,-6.610105672711751
321.4192078091464,-28.044779602042084,3.271509070040719,-3.38416789491822,-37.81474118112687,-6.689579456932941
321.42121562294125,-28.034804335320498,3.2714351279065785,-3.3826424213639505,-37.81471792846574,-6.769049665664848
321.42322244161954,-28.024828968111503,3.2713612467998954,-3.381117119391863,-37.814692098177524,-6.8485163141790695
321.4252282657616,-28.014853500483607,3.2712874267710728,-3.3795919889375483,-37.81466369078116,-6.927979417748015
321.42723309594743,-28.004877932505494,3.2712136678705157,-3.378067029936526,-37.814632706795564,-7.00743899164369
321.42923693275674,-27.99490226424558,3.2711399701486252,-3.3765422423244145,-37.81459914673956,-7.086895051137963
321.43123977676873,-27.984926495772367,3.2710663336558095,-3.3750176260367724,-37.81456301113191,-7.166347611503109
321.43324162856237,-27.974950627154303,3.270992758442468,-3.3734931810092235,-37.81452430049133,-7.245796688010894
321.4352424887162,-27.964974658459592,3.2709192445590074,-3.3719689071773393,-37.81448301533645,-7.325242295933695
321.43724235780843,-27.954998589756624,3.27084579205583,-3.370444804476776,-37.81443915618587,-7.404684450543346
321.43924123641693,-27.945022421113485,3.27077240098334,-3.368920872843126,-37.8143927235581,-7.484123167111921
321.4412391251191,-27.93504615259837,3.2706990713919417,-3.3673971122120445,-37.81434371797162,-7.56355846091149
321.44323602449225,-27.925069784279433,3.2706258033320377,-3.3658735225191894,-37.81429213994481,-7.642990347214059
321.44523193511293,-27.91509331622455,3.270552596854033,-3.3643501037002137,-37.814237989996,-7.7224188412918995
321.4472268575577,-27.905116748501815,3.2704794520083316,-3.3628268556907894,-37.81418126864348,-7.801843958416714
321.4492207924026,-27.895140081178994,3.270406368845336,-3.361303778426608,-37.814121976405474,-7.881265713860843
321.4512137402233,-27.88516331432399,3.270333347415451,-3.359780871843359,-37.81406011380012,-7.960684122895989
321.45320570159515,-27.875186448004616,3.2702603877690795,-3.3582581358767545,-37.81399568134552,-8.040099200794694
321.45519667709317,-27.865209482288492,3.270187489956626,-3.3567355704625257,-37.81392867955968,-8.119510962828558
321.4571866672919,-27.855232417243357,3.270114654028495,-3.35521317553639,-37.81385910896059,-8.198919424269857
321.45917567276587,-27.84525525293671,3.2700418800350874,-3.3536909510340784,-37.81378697006617,-8.278324600390626
321.46116369408867,-27.83527798943617,3.269969168026811,-3.3521688968913947,-37.81371226339422,-8.357726506462837
321.46315073183405,-27.825300626809103,3.269896518054066,-3.3506470130440826,-37.81363498946258,-8.437125157758596
321.46513678657533,-27.815323165122965,3.2698239301672594,-3.3491252994279064,-37.813555148788915,-8.516520569549906
321.4671218588851,-27.805345604445158,3.269751404416793,-3.347603755978697,-37.81347274189094,-8.595912757108874
321.4691059493361,-27.79536794484285,3.2696789408530695,-3.346082382632252,-37.81338776928622,-8.675301735707501
321.4710890585004,-27.785390186383328,3.269606539526496,-3.344561179324387,-37.81330023149232,-8.754687520617829
321.47307118694977,-27.775412329133804,3.2695342004874735,-3.343040145990946,-37.81321012902669,-8.834070127111994
321.4750523352556,-27.765434373161263,3.269461923786407,-3.3415192825677993,-37.81311746240677,-8.913449570461902
321.47703250398916,-27.755456318532868,3.2693897094736997,-3.3399985889907846,-37.81302223214991,-8.99282586593969
321.47901169372113,-27.745478165315486,3.269317557599756,-3.3384780651957806,-37.81292443877341,-9.07219902881733
