galstreams/tracks/track.st.Leiptr.ibata2021.ecsv
# %ECSV 0.9
# ---
# datatype:
# - {name: ra, unit: deg, datatype: float64}
# - {name: dec, unit: deg, datatype: float64}
# - {name: distance, unit: kpc, datatype: float64}
# - {name: pm_ra_cosdec, unit: mas / yr, datatype: float64}
# - {name: pm_dec, unit: mas / yr, datatype: float64}
# - {name: radial_velocity, unit: km / s, datatype: float64}
# delimiter: ','
# meta: !!omap
# - __serialized_columns__:
#     dec:
#       __class__: astropy.coordinates.angles.Latitude
#       unit: &id001 !astropy.units.Unit {unit: deg}
#       value: !astropy.table.SerializedColumn {name: dec}
#     distance:
#       __class__: astropy.coordinates.distances.Distance
#       unit: !astropy.units.Unit {unit: kpc}
#       value: !astropy.table.SerializedColumn {name: distance}
#     pm_dec:
#       __class__: astropy.units.quantity.Quantity
#       unit: !astropy.units.Unit {unit: mas / yr}
#       value: !astropy.table.SerializedColumn {name: pm_dec}
#     pm_ra_cosdec:
#       __class__: astropy.units.quantity.Quantity
#       unit: !astropy.units.Unit {unit: mas / yr}
#       value: !astropy.table.SerializedColumn {name: pm_ra_cosdec}
#     ra:
#       __class__: astropy.coordinates.angles.Longitude
#       unit: *id001
#       value: !astropy.table.SerializedColumn {name: ra}
#       wrap_angle: !astropy.coordinates.Angle
#         unit: *id001
#         value: 360.0
#     radial_velocity:
#       __class__: astropy.units.quantity.Quantity
#       unit: !astropy.units.Unit {unit: km / s}
#       value: !astropy.table.SerializedColumn {name: radial_velocity}
# schema: astropy-2.0
ra,dec,distance,pm_ra_cosdec,pm_dec,radial_velocity
[from data line 3987]
86.22360115198883,-25.483521886596094,7.030355348682986,10.320569324392878,-10.153424557363211,-1.0104920555846805e-13
86.23152760058909,-25.490512450501445,7.030264433294209,10.320621073945754,-10.152454649538612,-8.420767129872338e-14
86.23945483551215,-25.497502715982936,7.0301735098772555,10.320672510466522,-10.151484095388966,-5.0524602779234026e-14
86.24738285708946,-25.504492682889136,7.030082578283274,10.320723633885887,-10.150512894954383,0.0
86.25531166565257,-25.511482351068572,7.029991638363424,10.320774444134486,-10.149541048275008,-3.368306851948935e-14
86.26324126153307,-25.51847172036974,7.029900689968861,10.320824941142902,-10.148568555391023,-6.73661370389787e-14
86.27117164506267,-25.52546079064108,7.029809732950737,10.320875124841658,-10.147595416342647,-3.368306851948935e-14
86.27910281657306,-25.532449561730996,7.029718767160211,10.320924995161231,-10.146621631170147,-8.420767129872338e-14
86.28703477639604,-25.539438033487862,7.0296277924484345,10.320974552032025,-10.145647199913817,-5.0524602779234026e-14
86.29496752486344,-25.546426205759996,7.029536808666563,10.321023795384392,-10.144672122614004,-5.0524602779234026e-14
86.30290106230723,-25.553414078395676,7.029445815665753,10.321072725148623,-10.143696399311072,-1.6841534259744676e-14
86.31083538905935,-25.56040165124314,7.029354813297158,10.321121341254957,-10.142720030045433,-3.368306851948935e-14
86.31877050545184,-25.56738892415059,7.029263801411936,10.321169643633572,-10.141743014857544,-6.73661370389787e-14
86.32670641181683,-25.574375896966174,7.029172779861239,10.321217632214589,-10.140765353787899,-6.73661370389787e-14
86.33464310848645,-25.581362569538,7.029081748496223,10.321265306928064,-10.13978704687702,-6.73661370389787e-14
86.34258059579295,-25.588348941714166,7.0289907071680435,10.321312667704007,-10.138808094165467,-5.0524602779234026e-14
86.35051887406861,-25.595335013342677,7.028899655727854,10.32135971447236,-10.137828495693862,-3.368306851948935e-14
86.35845794364579,-25.602320784271534,7.028808594026811,10.321406447163021,-10.136848251502837,-5.0524602779234026e-14
86.36639780485692,-25.609306254348677,7.028717521916069,10.321452865705798,-10.13586736163307,-6.73661370389787e-14
86.37433845803446,-25.616291423422005,7.028626439246784,10.32149897003048,-10.134885826125283,-1.6841534259744676e-14
86.38227990351095,-25.6232762913394,7.028535345870109,10.321544760066775,-10.133903645020236,-3.368306851948935e-14
86.39022214161898,-25.630260857948663,7.0284442416371995,10.321590235744342,-10.132920818358738,-1.0104920555846805e-13
86.39816517269125,-25.637245123097586,7.028353126399213,10.321635396992763,-10.131937346181596,-5.0524602779234026e-14
86.40610899706047,-25.6442290866339,7.028262000007303,10.321680243741591,-10.130953228529707,0.0
86.41405361505942,-25.651212748405296,7.0281708623126224,10.321724775920305,-10.129968465443977,-8.420767129872338e-14
86.42199902702099,-25.658196108259432,7.02807971316633,10.321768993458324,-10.128983056965353,0.0
86.42994523327805,-25.665179166043924,7.027988552419577,10.321812896285017,-10.127997003134832,0.0
86.4378922341636,-25.672161921606328,7.027897379923523,10.321856484329683,-10.127010303993433,-8.420767129872338e-14
86.44584003001069,-25.679144374794184,7.027806195529316,10.321899757521582,-10.12602295958223,-6.73661370389787e-14
86.45378862115241,-25.686126525454963,7.027714999088121,10.32194271578989,-10.125034969942325,-5.0524602779234026e-14
86.46173800792194,-25.69310837343613,7.027623790451083,10.32198535906374,-10.124046335114858,-8.420767129872338e-14
86.46968819065249,-25.70008991858506,7.027532569469364,10.322027687272207,-10.12305705514102,-1.0104920555846805e-13
86.47763916967737,-25.707071160749123,7.027441335994116,10.322069700344311,-10.122067130062025,-3.368306851948935e-14
86.48559094532995,-25.714052099775635,7.027350089876495,10.322111398209003,-10.121076559919135,-1.1789073981821273e-13
86.4935435179436,-25.721032735511873,7.0272588309676545,10.322152780795188,-10.120085344753655,1.6841534259744676e-14
86.50149688785183,-25.728013067805062,7.027167559118751,10.322193848031697,-10.119093484606916,-8.420767129872338e-14
86.50945105538818,-25.734993096502393,7.027076274180939,10.322234599847315,-10.118100979520293,-5.0524602779234026e-14
86.51740602088626,-25.741972821451025,7.026984976005374,10.322275036170765,-10.117107829535207,-3.368306851948935e-14
86.52536178467972,-25.74895224249805,7.02689366444321,10.322315156930715,-10.116114034693112,-5.0524602779234026e-14
86.53331834710231,-25.75593135949053,7.026802339345604,10.322354962055764,-10.115119595035498,-8.420767129872338e-14
86.54127570848782,-25.76291017227549,7.026711000563709,10.322394451474473,-10.114124510603899,-6.73661370389787e-14
86.5492338691701,-25.76988868069991,7.026619647948681,10.32243362511532,-10.113128781439887,-6.73661370389787e-14
86.55719282948306,-25.776866884610737,7.026528281351673,10.32247248290674,-10.112132407585072,-3.368306851948935e-14
86.56515258976071,-25.783844783854835,7.026436900623844,10.322511024777107,-10.1111353890811,-3.368306851948935e-14
86.57311315033708,-25.79082237827907,7.026345505616349,10.322549250654728,-10.11013772596966,-3.368306851948935e-14
86.58107451154626,-25.797799667730263,7.026254096180336,10.322587160467874,-10.109139418292486,-1.0104920555846805e-13
86.58903667372245,-25.804776652055168,7.026162672166968,10.322624754144728,-10.108140466091331,-3.368306851948935e-14
86.59699963719986,-25.81175333110051,7.026071233427396,10.322662031613442,-10.107140869408015,-5.0524602779234026e-14
86.6049634023128,-25.81872970471297,7.025979779812775,10.322698992802085,-10.106140628284376,-1.6841534259744676e-14
86.61292796939561,-25.825705772739177,7.025888311174264,10.32273563763868,-10.10513974276229,-6.73661370389787e-14
86.62089333878275,-25.832681535025753,7.0257968273630125,10.322771966051201,-10.104138212883694,-1.6841534259744676e-14
86.62885951080865,-25.83965699141922,7.02570532823018,10.322807977967544,-10.10313603869054,-1.0104920555846805e-13
86.6368264858079,-25.84663214176611,7.025613813626919,10.322843673315555,-10.102133220224836,-6.73661370389787e-14
86.6447942641151,-25.85360698591289,7.025522283404385,10.322879052023028,-10.10112975752862,-5.0524602779234026e-14
86.65276284606492,-25.860581523705978,7.025430737413733,10.322914114017692,-10.100125650643971,-8.420767129872338e-14
86.6607322319921,-25.867555754991763,7.025339175506119,10.32294885922721,-10.09912089961301,-5.0524602779234026e-14
86.66870242223142,-25.87452967961658,7.0252475975326965,10.322983287579204,-10.098115504477894,-6.73661370389787e-14
86.67667341711775,-25.881503297426743,7.02515600334462,10.323017399001222,-10.097109465280827,-3.368306851948935e-14
86.68464521698604,-25.88847660826849,7.025064392793047,10.32305119342076,-10.096102782064039,-1.6841534259744676e-14
86.69261782217123,-25.895449611988028,7.024972765729131,10.323084670765255,-10.095095454869805,-1.1789073981821273e-13
86.70059123300841,-25.902422308431543,7.024881122004029,10.323117830962083,-10.094087483740449,-1.347322740779574e-13
86.70856544983268,-25.90939469744516,7.0247894614688935,10.323150673938569,-10.093078868718326,-5.0524602779234026e-14
86.71654047297922,-25.916366778874952,7.024697783974879,10.323183199621967,-10.092069609845824,-1.347322740779574e-13
86.72451630278326,-25.923338552566978,7.024606089373143,10.323215407939479,-10.091059707165385,-6.73661370389787e-14
86.73249293958011,-25.93031001836721,7.0245143775148415,10.323247298818249,-10.09004916071948,-6.73661370389787e-14
86.74047038370512,-25.937281176121626,7.024422648251125,10.32327887218537,-10.089037970550626,-8.420767129872338e-14
86.74844863549373,-25.944252025676132,7.024330901433151,10.32331012796785,-10.088026136701371,-5.0524602779234026e-14
86.75642769528145,-25.9512225668766,7.024239136912077,10.323341066092668,-10.087013659214314,-5.0524602779234026e-14
86.7644075634038,-25.958192799568845,7.024147354539053,10.323371686486734,-10.086000538132083,-5.0524602779234026e-14
86.7723882401964,-25.96516272359867,7.024055554165239,10.323401989076896,-10.084986773497356,-6.73661370389787e-14
86.78036972599496,-25.972132338811807,7.023963735641785,10.323431973789935,-10.083972365352842,-6.73661370389787e-14
86.78835202113518,-25.979101645053948,7.023871898819849,10.323461640552594,-10.082957313741296,-6.73661370389787e-14
86.79633512595291,-25.986070642170755,7.023780043550587,10.323490989291546,-10.081941618705509,-6.73661370389787e-14
86.80431904078398,-25.993039330007836,7.023688169685153,10.323520019933394,-10.080925280288302,-6.73661370389787e-14
86.81230376596436,-26.00000770841077,7.0235962770747005,10.323548732404706,-10.079908298532565,-3.368306851948935e-14
86.82028930183003,-26.006975777225062,7.023504365570387,10.323577126631966,-10.078890673481189,-6.73661370389787e-14
86.82827564871702,-26.01394353629621,7.023412435023367,10.323605202541623,-10.07787240517714,-6.73661370389787e-14
86.83626280696149,-26.020910985469655,7.023320485284794,10.323632960060062,-10.076853493663405,-3.368306851948935e-14
86.8442507768996,-26.027878124590785,7.0232285162058234,10.323660399113583,-10.075833938983017,-3.368306851948935e-14
86.8522395588676,-26.034844953504958,7.02313652763761,10.323687519628457,-10.074813741179042,-1.347322740779574e-13
86.86022915320181,-26.04181147205749,7.023044519431311,10.323714321530892,-10.073792900294594,-6.73661370389787e-14
86.86821956023861,-26.048777680093636,7.022952491438079,10.323740804747015,-10.072771416372822,0.0
86.87621078031441,-26.055743577458625,7.022860443509072,10.32376696920293,-10.071749289456918,-5.0524602779234026e-14
86.88420281376573,-26.06270916399764,7.022768375495444,10.323792814824644,-10.070726519590107,-3.368306851948935e-14
86.89219566092915,-26.0696744395558,7.022676287248345,10.323818341538141,-10.069703106815673,-3.368306851948935e-14
86.90018932214124,-26.07663940397823,7.022584178618936,10.32384354926932,-10.068679051176918,-6.73661370389787e-14
86.90818379773874,-26.08360405710996,7.022492049458373,10.323868437944022,-10.067654352717192,-3.368306851948935e-14
86.91617908805839,-26.090568398795998,7.022399899617804,10.323893007488053,-10.066629011479893,-8.420767129872338e-14
86.92417519343698,-26.097532428881312,7.022307728948388,10.32391725782713,-10.06560302750845,-6.73661370389787e-14
86.93217211421143,-26.104496147210824,7.022215537301283,10.323941188886932,-10.064576400846335,-5.0524602779234026e-14
86.94016985071865,-26.111459553629405,7.022123324527642,10.323964800593064,-10.063549131537052,-6.73661370389787e-14
86.94816840329567,-26.118422647981898,7.022031090478615,10.323988092871089,-10.06252121962417,-5.0524602779234026e-14
86.95616777227953,-26.12538543011308,7.021938835005364,10.324011065646493,-10.061492665151263,-8.420767129872338e-14
86.96416795800737,-26.13234789986771,7.021846557959043,10.324033718844714,-10.060463468161977,-1.6841534259744676e-14
86.97216896081639,-26.139310057090476,7.0217542591908035,10.324056052391125,-10.059433628699981,-8.420767129872338e-14
86.98017078104385,-26.146271901626054,7.021661938551802,10.324078066211053,-10.058403146808988,-8.420767129872338e-14
86.98817341902709,-26.153233433319055,7.021569595893194,10.324099760229748,-10.057372022532757,0.0
86.99617687510346,-26.160194652014045,7.021477231066137,10.324121134372408,-10.056340255915073,0.0
87.00418114961039,-26.167155557555553,7.021384843921781,10.324142188564174,-10.055307846999778,-8.420767129872338e-14
87.01218624288545,-26.174116149788077,7.021292434311284,10.32416292273013,-10.054274795830748,-3.368306851948935e-14
87.02019215526619,-26.181076428556043,7.0212000020858,10.324183336795295,-10.053241102451896,-1.6841534259744676e-14
87.02819888709021,-26.18803639370386,7.021107547096485,10.32420343068463,-10.052206766907178,0.0
87.03620643869526,-26.19499604507587,7.021015069194495,10.324223204323033,-10.051171789240591,-8.420767129872338e-14
87.04421481041909,-26.201955382516392,7.020922568230984,10.324242657635356,-10.050136169496174,-8.420767129872338e-14
87.05222400259952,-26.208914405869706,7.020830044057105,10.324261790546384,-10.049099907718006,-1.6841534259744676e-14
87.06023401557442,-26.215873114980017,7.020737496524014,10.324280602980838,-10.048063003950205,-6.73661370389787e-14
87.06824484968178,-26.222831509691503,7.02064492548287,10.324299094863383,-10.047025458236932,-6.73661370389787e-14
87.07625650525961,-26.22978958984831,7.020552330784823,10.324317266118626,-10.045987270622383,-8.420767129872338e-14
87.08426898264598,-26.23674735529452,7.0204597122810295,10.32433511667112,-10.044948441150808,-3.368306851948935e-14
87.09228228217903,-26.243704805874188,7.020367069822645,10.324352646445352,-10.043908969866477,-3.368306851948935e-14
87.10029640419698,-26.250661941431318,7.020274403260823,10.324369855365747,-10.042868856813723,-8.420767129872338e-14
87.10831134903808,-26.25761876180987,7.020181712446721,10.32438674335667,-10.041828102036899,-3.368306851948935e-14
87.1163271170407,-26.264575266853754,7.020088997231495,10.324403310342435,-10.040786705580413,-6.73661370389787e-14
87.12434370854318,-26.27153145640685,7.019996257466296,10.324419556247305,-10.039744667488714,-5.0524602779234026e-14
87.13236112388402,-26.278487330312984,7.019903493002281,10.324435480995449,-10.03870198780629,-6.73661370389787e-14
87.14037936340176,-26.285442888415943,7.019810703690606,10.324451084511022,-10.037658666577661,-3.368306851948935e-14
87.14839842743494,-26.29239813055946,7.019717889382423,10.324466366718086,-10.036614703847398,-5.0524602779234026e-14
87.15641831632225,-26.29935305658723,7.0196250499288935,10.324481327540644,-10.0355700996601,-1.0104920555846805e-13
87.16443903040238,-26.306307666342914,7.0195321851811645,10.324495966902667,-10.034524854060436,-8.420767129872338e-14
87.17246057001412,-26.313261959670125,7.019439294990395,10.324510284728046,-10.033478967093082,-5.0524602779234026e-14
87.18048293549631,-26.32021593641242,7.019346379207739,10.324524280940613,-10.032432438802777,-3.368306851948935e-14
87.18850612718784,-26.327169596413306,7.0192534376843545,10.32453795546414,-10.031385269234287,-6.73661370389787e-14
87.1965301454277,-26.334122939516288,7.019160470271394,10.324551308222347,-10.030337458432435,-5.0524602779234026e-14
87.20455499055488,-26.341075965564777,7.019067476820012,10.324564339138892,-10.029289006442069,0.0
87.21258066290852,-26.348028674402165,7.018974457181364,10.324577048137364,-10.028239913308084,-1.6841534259744676e-14
87.22060716282778,-26.35498106587179,7.018881411206604,10.324589435141316,-10.027190179075424,-8.420767129872338e-14
87.22863449065183,-26.361933139816966,7.018788338746892,10.324601500074216,-10.026139803789068,-1.6841534259744676e-14
87.23666264671999,-26.368884896080942,7.018695239653376,10.32461324285948,-10.025088787494026,-5.0524602779234026e-14
87.24469163137161,-26.37583633450692,7.018602113777216,10.32462466342048,-10.024037130235376,-5.0524602779234026e-14
87.2527214449461,-26.38278745493807,7.018508960969566,10.324635761680499,-10.0229848320582,-5.0524602779234026e-14
87.26075208778293,-26.389738257217537,7.018415781081579,10.324646537562788,-10.021931893007658,-1.6841534259744676e-14
87.26878356022164,-26.396688741188356,7.018322573964413,10.324656990990524,-10.020878313128929,0.0
87.27681586260182,-26.403638906693597,7.018229339469221,10.324667121886824,-10.019824092467237,-6.73661370389787e-14
87.28484899526315,-26.41058875357624,7.018136077447158,10.324676930174762,-10.018769231067857,-3.368306851948935e-14
87.29288295854533,-26.417538281679224,7.01804278774938,10.324686415777323,-10.017713728976094,-6.73661370389787e-14
87.30091775278821,-26.42448749084545,7.017949470227043,10.324695578617456,-10.016657586237297,-1.0104920555846805e-13
87.30895337833161,-26.431436380917784,7.017856124731297,10.324704418618051,-10.015600802896865,-6.73661370389787e-14
