galstreams/tracks/track.st.M92.thomas2020.ecsv
# %ECSV 1.0
# ---
# datatype:
# - {name: ra, unit: deg, datatype: float64}
# - {name: dec, unit: deg, datatype: float64}
# - {name: distance, unit: kpc, datatype: float64}
# - {name: pm_ra_cosdec, unit: mas / yr, datatype: float64}
# - {name: pm_dec, unit: mas / yr, datatype: float64}
# - {name: radial_velocity, unit: km / s, datatype: float64}
# delimiter: ','
# meta: !!omap
# - __serialized_columns__:
#     dec:
#       __class__: astropy.coordinates.angles.Latitude
#       unit: &id001 !astropy.units.Unit {unit: deg}
#       value: !astropy.table.SerializedColumn {name: dec}
#     distance:
#       __class__: astropy.coordinates.distances.Distance
#       unit: !astropy.units.Unit {unit: kpc}
#       value: !astropy.table.SerializedColumn {name: distance}
#     pm_dec:
#       __class__: astropy.units.quantity.Quantity
#       unit: !astropy.units.Unit {unit: mas / yr}
#       value: !astropy.table.SerializedColumn {name: pm_dec}
#     pm_ra_cosdec:
#       __class__: astropy.units.quantity.Quantity
#       unit: !astropy.units.Unit {unit: mas / yr}
#       value: !astropy.table.SerializedColumn {name: pm_ra_cosdec}
#     ra:
#       __class__: astropy.coordinates.angles.Longitude
#       unit: *id001
#       value: !astropy.table.SerializedColumn {name: ra}
#       wrap_angle: !astropy.coordinates.Angle
#         unit: *id001
#         value: 360.0
#     radial_velocity:
#       __class__: astropy.units.quantity.Quantity
#       unit: !astropy.units.Unit {unit: km / s}
#       value: !astropy.table.SerializedColumn {name: radial_velocity}
# schema: astropy-2.0
ra,dec,distance,pm_ra_cosdec,pm_dec,radial_velocity
[from data line 1050]
264.50903170344213,42.25992750395231,8.299999999999999,0.0,0.0,0.0
264.521824022714,42.25595460526984,8.299999999999997,0.0,0.0,0.0
264.5346129029575,42.251972248923835,8.299999999999997,0.0,0.0,0.0
264.5473983410051,42.24798044295138,8.299999999999997,0.0,0.0,0.0
264.56018033369764,42.24397919538464,8.299999999999997,0.0,0.0,0.0
264.5729588778858,42.239968514250705,8.299999999999997,0.0,0.0,0.0
264.5857339704291,42.23594840757177,8.299999999999995,0.0,0.0,0.0
264.59850560819615,42.231918883365,8.299999999999997,0.0,0.0,0.0
264.611273788065,42.22787994964264,8.299999999999999,0.0,0.0,0.0
264.62403850692255,42.22383161441203,8.299999999999997,0.0,0.0,0.0
264.636799761665,42.21977388567548,8.299999999999997,0.0,0.0,0.0
264.64955754919754,42.21570677143049,8.299999999999997,0.0,0.0,0.0
264.66231186643483,42.2116302796696,8.299999999999999,0.0,0.0,0.0
264.6750627103002,42.20754441838045,8.299999999999997,0.0,0.0,0.0
264.6878100777263,42.203449195545836,8.299999999999997,0.0,0.0,0.0
264.70055396565505,42.19934461914363,8.299999999999997,0.0,0.0,0.0
264.71329437103714,42.195230697146854,8.299999999999997,0.0,0.0,0.0
264.72603129083257,42.191107437523755,8.299999999999997,0.0,0.0,0.0
264.7387647220105,42.18697484823762,8.299999999999997,0.0,0.0,0.0
264.751494661549,42.18283293724702,8.299999999999997,0.0,0.0,0.0
264.7642211064352,42.17868171250563,8.299999999999997,0.0,0.0,0.0
264.77694405366555,42.174521181962376,8.299999999999997,0.0,0.0,0.0
264.78966350024524,42.17035135356136,8.299999999999995,0.0,0.0,0.0
264.80237944318884,42.16617223524192,8.299999999999997,0.0,0.0,0.0
264.8150918795198,42.16198383493862,8.299999999999997,0.0,0.0,0.0
264.8278008062706,42.157786160581246,8.299999999999997,0.0,0.0,0.0
264.8405062204828,42.15357922009488,8.299999999999999,0.0,0.0,0.0
264.853208119207,42.14936302139984,8.299999999999997,0.0,0.0,0.0
264.86590649950296,42.145137572411734,8.299999999999997,0.0,0.0,0.0
264.87860135843925,42.14090288104144,8.299999999999997,0.0,0.0,0.0
264.8912926930936,42.13665895519514,8.299999999999999,0.0,0.0,0.0
264.9039805005527,42.13240580277434,8.299999999999997,0.0,0.0,0.0
264.91666477791216,42.128143431675866,8.299999999999997,0.0,0.0,0.0
264.92934552227695,42.123871849791875,8.299999999999997,0.0,0.0,0.0
264.9420227307606,42.119591065009836,8.299999999999997,0.0,0.0,0.0
264.9546964004858,42.11530108521266,8.299999999999997,0.0,0.0,0.0
264.96736652858436,42.11100191827853,8.299999999999997,0.0,0.0,0.0
264.98003311219685,42.10669357208106,8.299999999999997,0.0,0.0,0.0
264.992696148473,42.10237605448926,8.299999999999997,0.0,0.0,0.0
265.0053556345714,42.09804937336751,8.299999999999997,0.0,0.0,0.0
265.0180115676595,42.09371353657564,8.299999999999999,0.0,0.0,0.0
265.03066394491407,42.08936855196888,8.299999999999997,0.0,0.0,0.0
265.04331276352036,42.08501442739791,8.299999999999997,0.0,0.0,0.0
265.05595802067296,42.08065117070884,8.299999999999999,0.0,0.0,0.0
265.0685997135751,42.07627878974328,8.299999999999997,0.0,0.0,0.0
265.08123783943915,42.07189729233826,8.299999999999995,0.0,0.0,0.0
265.09387239548624,42.06750668632634,8.299999999999997,0.0,0.0,0.0
265.1065033789466,42.063106979535526,8.299999999999997,0.0,0.0,0.0
265.1191307870593,42.05869817978939,8.299999999999995,0.0,0.0,0.0
265.13175461707226,42.054280294906974,8.299999999999997,0.0,0.0,0.0
265.1443748662423,42.04985333270286,8.299999999999997,0.0,0.0,0.0
265.15699153183516,42.04541730098718,8.299999999999997,0.0,0.0,0.0
265.1696046111255,42.04097220756562,8.299999999999999,0.0,0.0,0.0
265.18221410139694,42.036518060239416,8.299999999999997,0.0,0.0,0.0
265.1948199999418,42.03205486680537,8.299999999999997,0.0,0.0,0.0
265.20742230406137,42.0275826350559,8.299999999999999,0.0,0.0,0.0
265.22002101106574,42.023101372779024,8.299999999999997,0.0,0.0,0.0
265.232616118274,42.01861108775832,8.299999999999997,0.0,0.0,0.0
265.2452076230139,42.014111787773054,8.299999999999999,0.0,0.0,0.0
265.25779552262225,42.00960348059807,8.299999999999997,0.0,0.0,0.0
265.2703798144445,42.00508617400389,8.299999999999999,0.0,0.0,0.0
265.282960495835,42.00055987575667,8.299999999999999,0.0,0.0,0.0
265.2955375641571,41.996024593618245,8.299999999999997,0.0,0.0,0.0
265.3081110167827,41.99148033534614,8.299999999999997,0.0,0.0,0.0
265.3206808510926,41.986927108693536,8.299999999999997,0.0,0.0,0.0
265.3332470644766,41.98236492140935,8.299999999999997,0.0,0.0,0.0
265.345809654333,41.9777937812382,8.299999999999997,0.0,0.0,0.0
265.35836861806916,41.973213695920414,8.299999999999999,0.0,0.0,0.0
265.3709239531011,41.968624673192096,8.299999999999995,0.0,0.0,0.0
265.3834756568536,41.96402672078505,8.299999999999997,0.0,0.0,0.0
265.3960237267603,41.959419846426876,8.299999999999997,0.0,0.0,0.0
265.4085681602636,41.954804057840924,8.299999999999997,0.0,0.0,0.0
265.42110895481466,41.95017936274633,8.299999999999997,0.0,0.0,0.0
265.43364610787336,41.945545768858054,8.299999999999997,0.0,0.0,0.0
265.44617961690835,41.940903283886804,8.299999999999999,0.0,0.0,0.0
265.45870947939704,41.93625191553916,8.299999999999999,0.0,0.0,0.0
265.47123569282564,41.931591671517495,8.299999999999999,0.0,0.0,0.0
265.48375825468895,41.92692255952005,8.299999999999997,0.0,0.0,0.0
265.49627716249074,41.92224458724089,8.299999999999999,0.0,0.0,0.0
265.5087924137432,41.91755776236998,8.299999999999997,0.0,0.0,0.0
265.5213040059675,41.91286209259312,8.299999999999999,0.0,0.0,0.0
265.5338119366934,41.908157585592015,8.299999999999995,0.0,0.0,0.0
265.54631620345936,41.90344424904427,8.299999999999999,0.0,0.0,0.0
265.55881680381253,41.89872209062341,8.299999999999997,0.0,0.0,0.0
265.5713137353089,41.89399111799886,8.299999999999997,0.0,0.0,0.0
265.5838069955129,41.88925133883599,8.299999999999995,0.0,0.0,0.0
265.5962965819977,41.88450276079613,8.299999999999997,0.0,0.0,0.0
265.6087824923455,41.87974539153652,8.299999999999999,0.0,0.0,0.0
265.6212647241466,41.874979238710395,8.299999999999995,0.0,0.0,0.0
265.6337432750005,41.87020430996702,8.299999999999997,0.0,0.0,0.0
265.6462181425149,41.86542061295156,8.299999999999997,0.0,0.0,0.0
265.6586893243064,41.860628155305236,8.299999999999995,0.0,0.0,0.0
265.67115681800027,41.85582694466527,8.299999999999999,0.0,0.0,0.0
265.68362062123026,41.85101698866494,8.299999999999999,0.0,0.0,0.0
265.6960807316388,41.84619829493349,8.299999999999997,0.0,0.0,0.0
265.7085371468771,41.84137087109629,8.299999999999995,0.0,0.0,0.0
265.7209898646048,41.83653472477474,8.299999999999997,0.0,0.0,0.0
265.7334388824902,41.831689863586284,8.299999999999997,0.0,0.0,0.0
265.7458841982103,41.826836295144496,8.299999999999997,0.0,0.0,0.0
265.7583258094505,41.82197402705903,8.299999999999997,0.0,0.0,0.0
265.77076371390507,41.81710306693564,8.299999999999997,0.0,0.0,0.0
265.78319790927657,41.812223422376206,8.299999999999999,0.0,0.0,0.0
265.79562839327644,41.80733510097872,8.299999999999995,0.0,0.0,0.0
265.8080551636244,41.80243811033735,8.299999999999997,0.0,0.0,0.0
265.8204782180489,41.79753245804238,8.299999999999997,0.0,0.0,0.0
265.83289755428694,41.7926181516803,8.299999999999999,0.0,0.0,0.0
265.8453131700842,41.787695198833745,8.299999999999995,0.0,0.0,0.0
265.8577250631946,41.78276360708155,8.299999999999997,0.0,0.0,0.0
265.8701332313808,41.77782338399876,8.299999999999997,0.0,0.0,0.0
265.8825376724141,41.77287453715658,8.299999999999999,0.0,0.0,0.0
265.8949383840741,41.76791707412253,8.299999999999995,0.0,0.0,0.0
265.90733536414916,41.762951002460284,8.299999999999997,0.0,0.0,0.0
265.91972861043587,41.75797632972982,8.299999999999997,0.0,0.0,0.0
265.9321181207395,41.752993063487324,8.299999999999999,0.0,0.0,0.0
265.94450389287397,41.74800121128528,8.299999999999997,0.0,0.0,0.0
265.95688592466144,41.743000780672475,8.299999999999997,0.0,0.0,0.0
265.9692642139327,41.73799177919394,8.299999999999997,0.0,0.0,0.0
265.98163875852697,41.732974214391035,8.299999999999995,0.0,0.0,0.0
265.99400955629204,41.72794809380146,8.299999999999997,0.0,0.0,0.0
266.00637660508403,41.722913424959195,8.299999999999997,0.0,0.0,0.0
266.0187399027677,41.717870215394605,8.299999999999997,0.0,0.0,0.0
266.0310994472162,41.71281847263438,8.299999999999999,0.0,0.0,0.0
266.043455236311,41.70775820420158,8.299999999999997,0.0,0.0,0.0
266.0558072679422,41.70268941761567,8.299999999999997,0.0,0.0,0.0
266.0681555400083,41.697612120392435,8.299999999999997,0.0,0.0,0.0
266.0805000504162,41.6925263200441,8.299999999999997,0.0,0.0,0.0
266.0928407970813,41.68743202407933,8.299999999999999,0.0,0.0,0.0
266.1051777779273,41.682329240003156,8.299999999999997,0.0,0.0,0.0
266.1175109908864,41.67721797531706,8.299999999999995,0.0,0.0,0.0
266.12984043389923,41.67209823751901,8.299999999999999,0.0,0.0,0.0
266.14216610491474,41.66697003410335,8.299999999999997,0.0,0.0,0.0
266.15448800189046,41.66183337256096,8.299999999999999,0.0,0.0,0.0
266.16680612279214,41.656688260379184,8.299999999999999,0.0,0.0,0.0
266.1791204655938,41.65153470504185,8.299999999999999,0.0,0.0,0.0
266.1914310282783,41.6463727140293,8.299999999999999,0.0,0.0,0.0
266.20373780883637,41.64120229481837,8.299999999999999,0.0,0.0,0.0
266.2160408052673,41.63602345488244,8.299999999999999,0.0,0.0,0.0
266.22834001557896,41.630836201691444,8.299999999999997,0.0,0.0,0.0
266.24063543778715,41.625640542711814,8.299999999999999,0.0,0.0,0.0
266.2529270699163,41.62043648540661,8.299999999999999,0.0,0.0,0.0
266.2652149099992,41.615224037235414,8.299999999999999,0.0,0.0,0.0
266.2774989560769,41.610003205654436,8.299999999999999,0.0,0.0,0.0
266.28977920619866,41.60477399811645,8.299999999999999,0.0,0.0,0.0
266.30205565842226,41.59953642207085,8.299999999999999,0.0,0.0,0.0
266.3143283108137,41.59429048496365,8.299999999999999,0.0,0.0,0.0
266.32659716144735,41.58903619423751,8.299999999999999,0.0,0.0,0.0
266.33886220840577,41.583773557331696,8.299999999999999,0.0,0.0,0.0
266.35112344977995,41.5785025816822,8.299999999999999,0.0,0.0,0.0
266.3633808836691,41.57322327472161,8.299999999999999,0.0,0.0,0.0
266.37563450818067,41.56793564387922,8.299999999999999,0.0,0.0,0.0
266.3878843214306,41.56263969658103,8.299999999999999,0.0,0.0,0.0
266.4001303215427,41.55733544024971,8.299999999999999,0.0,0.0,0.0
266.41237250664955,41.55202288230469,8.299999999999999,0.0,0.0,0.0
266.4246108748916,41.54670203016208,8.299999999999999,0.0,0.0,0.0
266.4368454244177,41.54137289123476,8.299999999999999,0.0,0.0,0.0
266.44907615338496,41.53603547293234,8.299999999999999,0.0,0.0,0.0
266.4613030599587,41.53068978266121,8.299999999999997,0.0,0.0,0.0
266.4735261423125,41.525335827824534,8.299999999999999,0.0,0.0,0.0
266.48574539862807,41.519973615822224,8.299999999999999,0.0,0.0,0.0
266.49796082709554,41.51460315405103,8.3,0.0,0.0,0.0
266.5101724259131,41.50922444990452,8.299999999999997,0.0,0.0,0.0
266.5223801932872,41.50383751077301,8.299999999999999,0.0,0.0,0.0
266.5345841274324,41.49844234404373,8.299999999999997,0.0,0.0,0.0
266.5467842265716,41.49303895710072,8.299999999999999,0.0,0.0,0.0
266.5589804889359,41.48762735732487,8.3,0.0,0.0,0.0
266.57117291276444,41.48220755209394,8.299999999999997,0.0,0.0,0.0
266.5833614963046,41.47677954878258,8.299999999999999,0.0,0.0,0.0
266.59554623781196,41.47134335476232,8.299999999999997,0.0,0.0,0.0
266.60772713555025,41.4658989774016,8.299999999999999,0.0,0.0,0.0
266.6199041877914,41.460446424065786,8.299999999999999,0.0,0.0,0.0
266.6320773928154,41.45498570211712,8.299999999999999,0.0,0.0,0.0
266.64424674891046,41.449516818914866,8.299999999999999,0.0,0.0,0.0
266.65641225437287,41.444039781815135,8.299999999999999,0.0,0.0,0.0
266.6685739075072,41.43855459817111,8.299999999999999,0.0,0.0,0.0
266.680731706626,41.43306127533285,8.299999999999999,0.0,0.0,0.0
266.6928856500499,41.42755982064745,8.3,0.0,0.0,0.0
266.7050357361078,41.422050241459004,8.299999999999999,0.0,0.0,0.0
266.7171819631366,41.416532545108595,8.299999999999999,0.0,0.0,0.0
266.72932432948136,41.411006738934354,8.299999999999999,0.0,0.0,0.0
266.7414628334953,41.4054728302714,8.299999999999999,0.0,0.0,0.0
266.7535974735395,41.399930826451936,8.3,0.0,0.0,0.0
266.7657282479833,41.3943807348052,8.3,0.0,0.0,0.0
266.7778551552042,41.38882256265752,8.3,0.0,0.0,0.0
266.7899781935875,41.38325631733227,8.299999999999999,0.0,0.0,0.0
266.8020973615269,41.37768200614994,8.299999999999999,0.0,0.0,0.0
266.8142126574238,41.37209963642812,8.299999999999999,0.0,0.0,0.0
266.826324079688,41.3665092154815,8.299999999999999,0.0,0.0,0.0
266.838431626737,41.360910750621926,8.3,0.0,0.0,0.0
266.85053529699667,41.35530424915836,8.299999999999999,0.0,0.0,0.0
266.86263508890073,41.34968971839692,8.299999999999997,0.0,0.0,0.0
266.8747310008909,41.34406716564087,8.299999999999999,0.0,0.0,0.0
266.88682303141707,41.3384365981907,8.299999999999999,0.0,0.0,0.0
266.898911178937,41.332798023344,8.3,0.0,0.0,0.0
266.91099544191655,41.32715144839563,8.3,0.0,0.0,0.0
266.9230758188295,41.321496880637675,8.3,0.0,0.0,0.0
266.9351523081577,41.31583432735935,8.299999999999999,0.0,0.0,0.0
266.9472249083909,41.310163795847174,8.299999999999999,0.0,0.0,0.0
266.95929361802706,41.30448529338491,8.299999999999999,0.0,0.0,0.0
266.97135843557186,41.298798827253535,8.3,0.0,0.0,0.0
266.98341935953897,41.29310440473134,8.299999999999999,0.0,0.0,0.0
266.9954763884502,41.28740203309386,8.299999999999997,0.0,0.0,0.0
267.00752952083513,41.281691719613974,8.299999999999999,0.0,0.0,0.0
267.0195787552315,41.27597347156179,8.299999999999999,0.0,0.0,0.0
267.0316240901847,41.2702472962048,8.299999999999999,0.0,0.0,0.0
267.04366552424847,41.26451320080779,8.3,0.0,0.0,0.0
267.0557030559841,41.25877119263289,8.299999999999999,0.0,0.0,0.0
267.06773668396096,41.25302127893959,8.299999999999999,0.0,0.0,0.0
267.07976640675633,41.24726346698474,8.299999999999999,0.0,0.0,0.0
267.09179222295546,41.241497764022554,8.299999999999999,0.0,0.0,0.0
267.10381413115147,41.235724177304654,8.3,0.0,0.0,0.0
267.11583212994526,41.22994271408004,8.299999999999997,0.0,0.0,0.0
267.1278462179459,41.22415338159513,8.3,0.0,0.0,0.0
267.1398563937701,41.218356187093775,8.299999999999999,0.0,0.0,0.0
267.15186265604257,41.21255113781725,8.3,0.0,0.0,0.0
267.16386500339587,41.206738241004274,8.299999999999999,0.0,0.0,0.0
267.1758634344704,41.20091750389104,8.299999999999999,0.0,0.0,0.0
267.1878579479145,41.19508893371119,8.299999999999999,0.0,0.0,0.0
267.1998485423842,41.189252537695864,8.299999999999999,0.0,0.0,0.0
267.21183521654376,41.18340832307369,8.299999999999999,0.0,0.0,0.0
267.2238179690648,41.17755629707081,8.299999999999999,0.0,0.0,0.0
267.23579679862706,41.171696466910866,8.299999999999999,0.0,0.0,0.0
267.2477717039182,41.16582883981503,8.299999999999999,0.0,0.0,0.0
267.2597426836335,41.15995342300205,8.3,0.0,0.0,0.0
267.2717097364761,41.15407022368819,8.299999999999999,0.0,0.0,0.0
267.283672861157,41.14817924908728,8.299999999999999,0.0,0.0,0.0
267.2956320563951,41.142280506410756,8.299999999999999,0.0,0.0,0.0
267.3075873209169,41.13637400286761,8.3,0.0,0.0,0.0
267.3195386534569,41.13045974566448,8.299999999999999,0.0,0.0,0.0
267.33148605275727,41.12453774200554,8.3,0.0,0.0,0.0
267.34342951756787,41.11860799909269,8.299999999999999,0.0,0.0,0.0
267.3553690466466,41.11267052412537,8.299999999999999,0.0,0.0,0.0
267.367304638759,41.106725324300726,8.299999999999999,0.0,0.0,0.0
267.37923629267823,41.10077240681355,8.299999999999999,0.0,0.0,0.0
267.3911640071855,41.09481177885631,8.3,0.0,0.0,0.0
267.4030877810696,41.08884344761913,8.299999999999999,0.0,0.0,0.0
267.415007613127,41.082867420289894,8.3,0.0,0.0,0.0
267.4269235021621,41.07688370405412,8.299999999999999,0.0,0.0,0.0
267.43883544698684,41.07089230609509,8.299999999999999,0.0,0.0,0.0
267.45074344642114,41.0648932335938,8.299999999999997,0.0,0.0,0.0
267.46264749929236,41.05888649372902,8.299999999999997,0.0,0.0,0.0
267.47454760443577,41.05287209367722,8.299999999999999,0.0,0.0,0.0
267.4864437606942,41.04685004061269,8.3,0.0,0.0,0.0
267.49833596691843,41.04082034170748,8.299999999999999,0.0,0.0,0.0
267.5102242219667,41.03478300413143,8.3,0.0,0.0,0.0
