galstreams/tracks/track.st.M5.grillmair2019.ecsv
# %ECSV 0.9
# ---
# datatype:
# - {name: ra, unit: deg, datatype: float64}
# - {name: dec, unit: deg, datatype: float64}
# - {name: distance, unit: kpc, datatype: float64}
# - {name: pm_ra_cosdec, unit: mas / yr, datatype: float64}
# - {name: pm_dec, unit: mas / yr, datatype: float64}
# - {name: radial_velocity, unit: km / s, datatype: float64}
# delimiter: ','
# meta: !!omap
# - __serialized_columns__:
#     dec:
#       __class__: astropy.coordinates.angles.Latitude
#       unit: &id001 !astropy.units.Unit {unit: deg}
#       value: !astropy.table.SerializedColumn {name: dec}
#     distance:
#       __class__: astropy.coordinates.distances.Distance
#       unit: !astropy.units.Unit {unit: kpc}
#       value: !astropy.table.SerializedColumn {name: distance}
#     pm_dec:
#       __class__: astropy.units.quantity.Quantity
#       unit: !astropy.units.Unit {unit: mas / yr}
#       value: !astropy.table.SerializedColumn {name: pm_dec}
#     pm_ra_cosdec:
#       __class__: astropy.units.quantity.Quantity
#       unit: !astropy.units.Unit {unit: mas / yr}
#       value: !astropy.table.SerializedColumn {name: pm_ra_cosdec}
#     ra:
#       __class__: astropy.coordinates.angles.Longitude
#       unit: *id001
#       value: !astropy.table.SerializedColumn {name: ra}
#       wrap_angle: !astropy.coordinates.Angle
#         unit: *id001
#         value: 360.0
#     radial_velocity:
#       __class__: astropy.units.quantity.Quantity
#       unit: !astropy.units.Unit {unit: km / s}
#       value: !astropy.table.SerializedColumn {name: radial_velocity}
# schema: astropy-2.0
ra,dec,distance,pm_ra_cosdec,pm_dec,radial_velocity
226.7977645592585,3.773088974364606,15.90897761671397,4.024569735478724,-10.172386453082638,-8.420767129872338e-14
226.6117987238164,3.86699482729824,15.891723050222673,4.022495176664698,-10.157808267933742,-1.1789073981821273e-13
226.42577519049374,3.960828243826455,15.874463183276069,4.020289976206399,-10.143218797744906,-7.578690416885104e-14
226.239693488694,4.05458919778699,15.857197973695499,4.017955297667241,-10.128617682298025,-5.894536990910637e-14
226.0535531488597,4.148277662451498,15.839927379302294,4.015492303598757,-10.114004565589676,-1.0104920555846805e-13
225.86735370245688,4.2418936105440235,15.822651357917794,4.0129021555216955,-10.099379095763755,-2.1893994537668078e-13
225.68109468195988,4.33543701425951,15.805369867363328,4.010186013907331,-10.084740925043992,-1.347322740779574e-13
225.49477562083572,4.428907845282372,15.788082865460238,4.0073450381589355,-10.070089709666382,-5.0524602779234026e-14
225.30839605352875,4.522306074805101,15.77079031002986,4.004380386593393,-10.055425109811443,-5.0524602779234026e-14
225.12195551544545,4.615631673546918,15.753492158893524,4.001293216422974,-10.040746789536433,-1.1789073981821273e-13
224.93545354293886,4.708884611772455,15.736188369872565,3.9980846837372774,-10.026054416707401,-1.768361097273191e-13
224.74888967329346,4.802064859310489,15.718878900788326,3.9947559434853193,-10.011347662931163,-1.1789073981821273e-13
224.56226344470954,4.895172385572704,15.701563709462134,3.9913081494577596,-9.996626203487192,-1.515738083377021e-13
224.37557439628827,4.988207159572484,15.684242753715331,3.98774245426927,-9.981889717259376,-1.6841534259744676e-14
224.188822068016,5.081169149943748,15.666915991369248,3.9840600093410616,-9.967137886667702,-4.210383564936169e-14
224.00200600074925,5.174058324959811,15.64958338024522,3.980261964883521,-9.952370397599847,0.0
223.8151257361992,5.266874652552262,15.632244878164585,3.9763494698789987,-9.937586939342683,-6.73661370389787e-14
223.6281808169166,5.359618100329888,15.614900442948676,3.9723236720647144,-9.922787204513677,-1.6841534259744676e-14
223.44117078627627,5.452288635597611,15.597550032418834,3.9681857179158024,-9.907970888992248,5.894536990910637e-14
223.25409518846197,5.54488622537545,15.580193604396387,3.9639367526284532,-9.893137691851011,-1.515738083377021e-13
223.06695356845105,5.637410836417503,15.562831116702677,3.959577920103186,-9.878287315286954,-1.1789073981821273e-13
222.87974547199912,5.729862435230951,15.545462527159032,3.9551103629282496,-9.863419464552567,-6.73661370389787e-14
222.6924704456248,5.822240988095068,15.528087793586796,3.9505352223631007,-9.84853384788685,-3.368306851948935e-14
222.50512803659439,5.914546461080269,15.510706873807296,3.945853638322015,-9.833630176446317,-5.0524602779234026e-14
222.31771779290668,6.006778820067144,15.49331972564187,3.9410667493577938,-9.818708164235895,-5.894536990910637e-14
222.13023926327745,6.098938030765521,15.475926306911859,3.936175692645554,-9.803767528039774,-1.1789073981821273e-13
221.94269199712429,6.191024058733531,15.458526575438588,3.9311816039666363,-9.788807987352223,-1.6841534259744676e-14
221.7550755445512,6.283036869396683,15.441120489043403,3.92608561769259,-9.77382926430831,-8.420767129872338e-14
221.5673894563333,6.374976428066944,15.423708005547633,3.920888866769246,-9.758831083614616,1.6841534259744676e-14
221.37963328390143,6.466842699961823,15.406289082772616,3.9155924827008795,-9.743813172479882,-6.73661370389787e-14
221.19180657932682,6.558635650223454,15.388863678539684,3.9101975955344495,-9.728775260545614,-1.6841534259744677e-13
221.00390889530567,6.650355243937671,15.37143175067018,3.9047053338438977,-9.713717079816652,-8.420767129872338e-14
220.81593978514377,6.74200144615311,15.35399325698543,3.899116824714559,-9.698638364591707,-1.347322740779574e-13
220.6278988027411,6.833574221900267,15.336548155306772,3.8934331937275966,-9.683538851393855,-1.0104920555846805e-13
220.43978550257637,6.925073536210573,15.319096403455543,3.8876555649445295,-9.66841827890102,-1.8525687685719145e-13
220.25159943969155,7.016499354135461,15.301637959253084,3.8817850608918025,-9.653276387876412,-1.0104920555846805e-13
220.06334016967637,7.107851640765417,15.284172780520723,3.8758228025454406,-9.63811292109895,-1.0104920555846805e-13
219.87500724865293,7.199130361249017,15.266700825079795,3.869769909315715,-9.622927623293673,-5.0524602779234026e-14
219.68660023326007,7.290335480811951,15.249222050751637,3.863627499031896,-9.607720241062129,0.0
219.49811868063776,7.381466964776039,15.231736415357588,3.857396687927035,-9.592490522812746,-1.0104920555846805e-13
219.3095621484117,7.472524778578218,15.214243876718978,3.8510785906227767,-9.577238218691214,-5.0524602779234026e-14
219.12093019467758,7.563508887789513,15.196744392657145,3.844674320114244,-9.561963080510845,-1.347322740779574e-13
218.93222237798543,7.654419258133996,15.17923792099342,3.838184987754911,-9.546664861682924,-1.1789073981821273e-13
218.743438257324,7.7452558555076845,15.16172441954915,3.83161170324154,-9.531343317147092,-1.1789073981821273e-13
218.55457739210507,7.836018645997485,15.14420384614566,3.8249555745991324,-9.515998203301713,-1.0104920555846805e-13
218.36563934214763,7.926707595900022,15.126676158604289,3.818217708165905,-9.50062927793424,-1.347322740779574e-13
218.17662366766223,8.017322671740509,15.10914131474637,3.811399208578279,-9.485236300151627,-1.6841534259744676e-14
217.987529929235,8.10786384029154,15.09159927239324,3.804501178755887,-9.469819030310717,-1.1789073981821273e-13
217.79835768781206,8.198331068591886,15.074049989366234,3.797524719886596,-9.454377229948689,-5.0524602779234026e-14
217.6091065046833,8.288724323965207,15.05649342348669,3.790470931411523,-9.43891066171349,-8.420767129872338e-14
217.41977594146678,8.379043574038798,15.038929532575938,3.783340911010077,-9.42341908929433,-5.0524602779234026e-14
217.23036556009254,8.469288786762206,15.021358274455318,3.7761357545849767,-9.40790227735216,-1.515738083377021e-13
217.0408749227867,8.559459930425888,15.003779606946162,3.768856556247269,-9.39235999145026,-1.1789073981821273e-13
216.85130359205542,8.649556973679763,14.986193487869812,3.7615044083013602,-9.376791997984768,-6.73661370389787e-14
216.66165113066862,8.73957988555178,14.968599875047598,3.7540804012300053,-9.361198064115323,-8.420767129872338e-14
216.4719171016441,8.829528635466367,14.950998726300856,3.746585623679299,-9.345577957695737,-6.73661370389787e-14
216.2821010682312,8.919403193262891,14.933389999450918,3.7390211624436387,-9.329931447204677,-2.020984111169361e-13
216.09220259389463,9.009203529214034,14.915773652319125,3.731388102450677,-9.314258301676462,-1.347322740779574e-13
215.90222124229803,9.098929614044133,14.898149642726807,3.7236875267462306,-9.29855829063185,-1.0104920555846805e-13
215.71215657728783,9.188581418947456,14.880517928495305,3.715920516479167,-9.282831184008936,-6.73661370389787e-14
215.5220081628767,9.278158915606411,14.862878467445956,3.7080881508862555,-9.267076752094075,-1.0104920555846805e-13
215.3317755632273,9.367662076209722,14.845231217400089,3.7001915072769815,-9.251294765452911,-3.368306851948935e-14
215.14145834263553,9.45709087347053,14.82757613617904,3.6922316610183086,-9.235484994861421,-5.0524602779234026e-14
214.95105606551414,9.546445280644413,14.809913181604145,3.684209685519416,-9.219647211237096,-5.0524602779234026e-14
214.7605682963762,9.635725271547386,14.792242311496741,3.6761266522163525,-9.203781185570126,-1.347322740779574e-13
214.56999459981813,9.724930820573775,14.774563483678165,3.667983630556676,-9.187886688854753,-3.368306851948935e-14
214.3793345405033,9.814061902714089,14.756876655969748,3.6597816879840077,-9.171963492020621,-6.73661370389787e-14
214.1885876831451,9.903118493572759,14.73918178619283,3.651521889922533,-9.156011365864284,-1.515738083377021e-13
213.9977535924901,9.992100569385855,14.721478832168744,3.643205299761435,-9.14003008098075,-1.347322740779574e-13
213.80683183330112,10.081008107038683,14.703767751718821,3.6348329788392824,-9.124019407695176,-1.0104920555846805e-13
213.61582197034036,10.169841084083362,14.686048502664406,3.6264059864283036,-9.107979115994596,1.6841534259744676e-14
213.42472356835225,10.258599478756251,14.66832104282683,3.6179253797186206,-9.091908975459823,-8.420767129872338e-14
213.23353619204644,10.347283269995366,14.650585330027424,3.6093922138023906,-9.075808755197407,-3.368306851948935e-14
213.0422594060806,10.435892437457673,14.632841322087529,3.600807541657868,-9.059678223771714,-8.420767129872338e-14
212.8508927750432,10.524426961536303,14.615088976828478,3.5921724141333673,-9.043517149137138,-1.347322740779574e-13
212.65943586343627,10.612886823377702,14.597328252071604,3.583487879931156,-9.0273252985704,6.73661370389787e-14
212.46788823565788,10.701272004898666,14.57955910563825,3.574754985591237,-9.011102438602995,-3.368306851948935e-14
212.2762494559849,10.789582488803294,14.561781495349742,3.5659747754750515,-8.994848334953762,-5.0524602779234026e-14
212.08451908855528,10.877818258599879,14.543995379027423,3.557148291749057,-8.978562752461547,-1.347322740779574e-13
211.89269669735083,10.96597929861765,14.526200714492624,3.5482765743682254,-8.962245455018063,-1.515738083377021e-13
211.70078184617915,11.054065594023477,14.508397459566682,3.5393606610594146,-8.945896205500826,-5.0524602779234026e-14
211.50877409865618,11.142077130838432,14.490585572070934,3.5304015873046346,-8.929514765706248,-6.73661370389787e-14
211.31667301818834,11.230013895954297,14.472765009826707,3.5214003863242183,-8.913100896282904,-1.6841534259744677e-13
211.12447816795466,11.317875877149914,14.45493573065535,3.512358089059833,-8.896654356664907,-3.368306851948935e-14
210.9321891108888,11.405663063107497,14.437097692378188,3.503275724157404,-8.880174905005454,-8.420767129872338e-14
210.7398054096612,11.49337544342878,14.419250852816562,3.494154317949912,-8.863662298110528,-1.0104920555846805e-13
210.54732662666066,11.581013008651112,14.4013951697918,3.484994894440035,-8.84711629137274,-5.0524602779234026e-14
210.35475232397656,11.668575750263406,14.38353060112525,3.475798475282689,-8.830536638705366,-1.0104920555846805e-13
210.1620820633803,11.756063660721992,14.365657104638231,3.4665660797674143,-8.81392309247653,-5.0524602779234026e-14
209.9693154063071,11.843476733466357,14.347774638152092,3.45729872480063,-8.797275403443535,-1.347322740779574e-13
209.77645191383763,11.930814962934782,14.329883159488164,3.4479974248877494,-8.780593320687432,-5.0524602779234026e-14
209.58349114667936,12.018078344579846,14.31198262646778,3.438663192115143,-8.763876591547685,-8.420767129872338e-14
209.39043266514827,12.105266874883833,14.294072996912279,3.4292970361319544,-8.747124961557093,-1.0104920555846805e-13
209.1972760291498,12.192380551373994,14.276154228642996,3.4198999641317775,-8.730338174376854,-1.1789073981821273e-13
209.00402079816055,12.27941937263772,14.258226279481262,3.410472980834147,-8.713515971731816,-5.0524602779234026e-14
208.81066653120905,12.36638333833758,14.240289107248415,3.40101708846592,-8.696658093345944,-1.6841534259744677e-13
208.6172127868572,12.453272449226196,14.222342669765794,3.3915332867424404,-8.679764276877975,-3.368306851948935e-14
208.42365912318104,12.540086707161105,14.204386924854727,3.382022572848581,-8.66283425785726,-3.368306851948935e-14
208.23000509775184,12.626826115119332,14.186421830336554,3.372485941419601,-8.645867769619828,-3.368306851948935e-14
208.03625026761682,12.71349067721199,14.168447344032613,3.362924384521831,-8.628864543244648,-8.420767129872338e-14
207.84239418928,12.800080398698638,14.150463423764238,3.3533388916331863,-8.611824307490107,-1.6841534259744677e-13
207.64843641868276,12.886595286001567,14.132470027352758,3.343730449623511,-8.59474678873071,-3.368306851948935e-14
207.45437651118453,12.97303534671994,14.114467112619515,3.334100042734737,-8.577631710893979,-6.73661370389787e-14
207.2602140215433,13.059400589643767,14.096454637385845,3.3244486525608394,-8.560478795397588,-1.6841534259744676e-14
207.06594850389587,13.145691024767787,14.078432559473079,3.3147772580276547,-8.54328776108673,-1.0104920555846805e-13
206.87157951173828,13.231906663305196,14.060400836702554,3.3050868353724536,-8.526058324171721,-6.73661370389787e-14
206.67710659790606,13.31804751770121,14.042359426895604,3.2953783581233638,-8.508790198165798,-1.347322740779574e-13
206.48252931455428,13.404113601646507,14.02430828787357,3.2856527970785807,-8.491483093823211,-1.1789073981821273e-13
206.28784721313772,13.490104930090531,14.00624737745778,3.275911120285375,-8.47413671907751,-8.420767129872338e-14
206.09305984439064,13.576021519254663,13.988176653469573,3.2661542930189205,-8.456750778980123,-3.368306851948935e-14
205.89816675830684,13.661863386645168,13.970096073730288,3.256383277760886,-8.439324975639117,-6.73661370389787e-14
205.70316750411934,13.747630551066123,13.952005596061255,3.246599034177868,-8.421859008158313,-5.0524602779234026e-14
205.50806163028003,13.833323032632055,13.93390517828381,3.236802519099554,-8.40435257257654,-1.1789073981821273e-13
205.3128486844394,13.918940852780546,13.915794778219286,3.226994686496735,-8.386805361807243,-8.420767129872338e-14
205.11752821342583,14.004484034284607,13.897674353689027,3.217176487459064,-8.369217065578313,-1.515738083377021e-13
204.92209976322525,14.089952601264926,13.87954386251436,3.207348870172603,-8.351587370372195,-1.8525687685719145e-13
204.72656287896027,14.175346579201966,13.861403262516625,3.1975127798971683,-8.333915959366262,-3.368306851948935e-14
204.53091710486936,14.260665994947898,13.843252511517155,3.18766915894344,-8.31620251237348,-1.347322740779574e-13
204.33516198428623,14.345910876738364,13.825091567337285,3.1778189466498366,-8.298446705783329,-1.347322740779574e-13
204.13929705961866,14.431081254204095,13.806920387798353,3.1679630793591973,-8.280648212503039,-1.0104920555846805e-13
203.9433218723274,14.516177158382359,13.788738930721694,3.1581024903951804,-8.262806701899068,-1.347322740779574e-13
203.74723596290528,14.601198621728255,13.770547153928645,3.1482381100384873,-8.244921839738938,-1.0104920555846805e-13
203.55103887085568,14.686145678125836,13.752345015240534,3.1383708655028144,-8.226993288133281,-1.515738083377021e-13
203.35473013467137,14.77101836289903,13.734132472478707,3.1285016809105715,-8.20902070547826,-1.515738083377021e-13
203.158309291813,14.855816712822493,13.715909483464488,3.118631477268379,-8.191003746398252,-1.1789073981821273e-13
202.96177587868763,14.940540766132152,13.697676006019218,3.1087611724423043,-8.172942061688836,-5.0524602779234026e-14
202.76512943062704,15.02519056253572,13.679431997964235,3.0988916811328595,-8.154835298260103,-5.0524602779234026e-14
202.56836948186606,15.109766143222924,13.661177417120872,3.089023914849758,-8.136683099080283,-1.6841534259744677e-13
202.37149556552083,15.194267550875628,13.64291222131046,3.0791587818864112,-8.118485103119674,-6.73661370389787e-14
202.17450721356676,15.27869482967776,13.624636368354343,3.069297187294195,-8.100240945294892,-1.8525687685719145e-13
201.9774039568166,15.363048025325059,13.606349816073852,3.059440032856431,-8.081950256413469,-1.1789073981821273e-13
201.78018532489847,15.447327185034656,13.588052522290317,3.0495882170621416,-8.06361266311875,-1.0104920555846805e-13
201.58285084623344,15.531532357554456,13.569744444825087,3.0397426350795396,-8.045227787835122,-1.6841534259744676e-14
201.38540004801348,15.615663593172382,13.551425541499482,3.0299041787292365,-8.026795248713618,-1.0104920555846805e-13
201.18783245617894,15.699720943725378,13.533095770134848,3.0200737364572325,-8.008314659577795,-1.0104920555846805e-13
200.99014759539617,15.783704462608288,13.514755088552517,3.010252193307595,-7.989785629870026,-1.0104920555846805e-13
200.79234498903494,15.867614204782502,13.496403454573821,3.000440430894912,-7.971207764598067,-1.0104920555846805e-13
