galstreams/tracks/track.st.Gaia-11.ibata2020.ecsv
# %ECSV 0.9
# ---
# datatype:
# - {name: ra, unit: deg, datatype: float64}
# - {name: dec, unit: deg, datatype: float64}
# - {name: distance, unit: kpc, datatype: float64}
# - {name: pm_ra_cosdec, unit: mas / yr, datatype: float64}
# - {name: pm_dec, unit: mas / yr, datatype: float64}
# - {name: radial_velocity, unit: km / s, datatype: float64}
# delimiter: ','
# meta: !!omap
# - __serialized_columns__:
#     dec:
#       __class__: astropy.coordinates.angles.Latitude
#       unit: &id001 !astropy.units.Unit {unit: deg}
#       value: !astropy.table.SerializedColumn {name: dec}
#     distance:
#       __class__: astropy.coordinates.distances.Distance
#       unit: !astropy.units.Unit {unit: kpc}
#       value: !astropy.table.SerializedColumn {name: distance}
#     pm_dec:
#       __class__: astropy.units.quantity.Quantity
#       unit: !astropy.units.Unit {unit: mas / yr}
#       value: !astropy.table.SerializedColumn {name: pm_dec}
#     pm_ra_cosdec:
#       __class__: astropy.units.quantity.Quantity
#       unit: !astropy.units.Unit {unit: mas / yr}
#       value: !astropy.table.SerializedColumn {name: pm_ra_cosdec}
#     ra:
#       __class__: astropy.coordinates.angles.Longitude
#       unit: *id001
#       value: !astropy.table.SerializedColumn {name: ra}
#       wrap_angle: !astropy.coordinates.Angle
#         unit: *id001
#         value: 360.0
#     radial_velocity:
#       __class__: astropy.units.quantity.Quantity
#       unit: !astropy.units.Unit {unit: km / s}
#       value: !astropy.table.SerializedColumn {name: radial_velocity}
# schema: astropy-2.0
ra,dec,distance,pm_ra_cosdec,pm_dec,radial_velocity
267.71301129151755,48.68846727804634,11.461675480778188,-4.749252275989606,5.332353094214843,2.3578147963642546e-13
267.7677444236006,48.585170671887376,11.483628472821307,-4.744311990427032,5.3178956154883785,2.694645481559148e-13
267.82239973342695,48.481889948349924,11.505219195694439,-4.739313875506976,5.303571119429448,3.1998915093514883e-13
267.87697747515676,48.3786249204641,11.526451623498367,-4.734258370097084,5.289379378966869,2.3578147963642546e-13
267.93147789972267,48.275375402077565,11.547329730333853,-4.7291459153471544,5.2753201694685465,3.1998915093514883e-13
267.98590125487135,48.172141207855084,11.567857490301684,-4.723976954673589,5.261393268736796,2.1893994537668078e-13
268.0402477852038,48.06892215327876,11.588038877502632,-4.718751933744204,5.247598457003505,2.1893994537668078e-13
268.09451773221576,47.9657180546477,11.60787786603746,-4.713471300463188,5.233935516925294,3.1998915093514883e-13
268.14871133433746,47.86252872907761,11.627378430006953,-4.7081355049563465,5.2204042335785275,1.347322740779574e-13
268.2028288269714,47.759353994500984,11.646544543511881,-4.702744999556617,5.207004394454257,2.020984111169361e-13
268.25687044253203,47.65619366966636,11.665380180653017,-4.697300238789719,5.193735789453136,2.5262301389617017e-13
268.31083641048207,47.55304757413834,11.683889315531143,-4.6918016793601325,5.180598210880161,3.536722194546382e-13
268.36472695737035,47.449915528297055,11.70207592224702,-4.6862497801372465,5.167591453439433,1.8525687685719145e-13
268.4185423068677,47.34679735333766,11.71994397490143,-4.680645002141732,5.154715314228745,2.1893994537668078e-13
268.47228267980336,47.24369287127013,11.737497447595143,-4.674987808532142,5.141969592734156,2.8630608241565947e-13
268.5259482941999,47.14060190491847,11.754740314428936,-4.669278664591703,5.129354090824455,3.705137537143829e-13
268.579539365308,47.037524277920475,11.771676549503582,-4.663518037715349,5.116868612745556,2.020984111169361e-13
268.6330561056409,46.934459814726864,11.788310126919853,-4.6577063973969155,5.104512965114806,1.8525687685719145e-13
268.6864987250077,46.83140834060092,11.804645020778528,-4.651844215216575,5.09228695691521,2.694645481559148e-13
268.739867430547,46.72836968161774,11.820685205180375,-4.645931964828436,5.080190399489606,1.8525687685719145e-13
268.79316242675907,46.62534366466337,11.836434654226174,-4.639970121948345,5.068223106534721,1.347322740779574e-13
268.8463839155381,46.52233011743443,11.85189734201669,-4.633959164341906,5.056384894095183,2.5262301389617017e-13
268.8995320962043,46.41932886843695,11.867077242652703,-4.627899571812614,5.044675580557443,2.5262301389617017e-13
268.9526071655344,46.316339746985896,11.88197833023499,-4.621791826190268,5.033094986643606,3.1998915093514883e-13
269.0056093177925,46.21336258320421,11.896604578864322,-4.615636411319478,5.021642935405212,3.031476166754042e-13
269.0585387447606,46.11039720802176,11.910959962641467,-4.6094338130484,5.010319252216934,2.020984111169361e-13
269.1113956357678,46.007443453174716,11.925048455667211,-4.603184519217625,4.999123764770166,1.8525687685719145e-13
269.16418017772014,45.904501151204315,11.938874032042316,-4.596889019649226,4.988056303066604,1.6841534259744677e-13
269.2168925551289,45.80157013545607,11.952440665867561,-4.590547806136008,4.977116699411672,1.6841534259744677e-13
269.26953295013936,45.69865024007874,11.965752331243722,-4.584161372430887,4.966304788407941,3.705137537143829e-13
269.32210154255864,45.595741300022944,11.978813002271568,-4.577730214236427,4.9556204069484355,1.6841534259744677e-13
269.37459850988307,45.49284315104062,11.99162665305188,-4.571254829194593,4.945063394209872,1.8525687685719145e-13
269.4270240273255,45.38995562968329,12.004197257685423,-4.5647357168765765,4.934633591645838,2.3578147963642546e-13
269.479378267842,45.287078573301336,12.01652879027298,-4.558173378772832,4.92433084297987,2.8630608241565947e-13
269.5316614021578,45.18421182004265,12.028625224915316,-4.5515683182832465,4.914154994198506,2.3578147963642546e-13
269.5838735987938,45.0813552088512,12.040490535713214,-4.544921040707452,4.904105893544205,2.8630608241565947e-13
269.63601502409136,44.97850857946612,12.052128696767442,-4.538232053235288,4.894183391508242,2.5262301389617017e-13
269.6880858422381,44.87567177242,12.063543682178775,-4.53150186493741,4.884387340823517,2.8630608241565947e-13
269.74008621529197,44.77284462903788,12.074739466047989,-4.524730986756021,4.874717596457279,2.020984111169361e-13
269.792016303206,44.67002699143575,12.085720022475854,-4.517919931495774,4.865174015603795,1.6841534259744677e-13
269.84387626385245,44.56721870251893,12.096489325563144,-4.511069213814759,4.85575645767695,1.515738083377021e-13
269.8956662530459,44.464419605981035,12.10705134941064,-4.504179350215681,4.846464784302759,2.694645481559148e-13
269.947386424567,44.361629546302055,12.117410068119108,-4.497250859037108,4.837298859311846,1.515738083377021e-13
269.99903693018507,44.258848368747216,12.127569455789326,-4.490284260444921,4.8282585487317835,2.5262301389617017e-13
270.05061791968103,44.156075919365236,12.137533486522065,-4.483280076423804,4.819343720779464,1.6841534259744677e-13
270.1021295408692,44.05331204498668,12.1473061344181,-4.476238830768931,4.810554245853298,3.031476166754042e-13
270.1535719396196,43.950556593222615,12.15689137357821,-4.469161049077729,4.801889996525423,2.1893994537668078e-13
270.2049452598793,43.847809412462595,12.166293178103162,-4.4620472587417845,4.793350847533803,1.515738083377021e-13
270.25624964369376,43.74507035187343,12.175515522093733,-4.454897988938864,4.784936675774276,2.020984111169361e-13
270.30748523122776,43.642339261397034,12.184562379650693,-4.4477137706250325,4.776647360292534,2.3578147963642546e-13
270.358652160786,43.539615991749,12.193437724874824,-4.440495136526911,4.76848278227602,1.0104920555846805e-13
270.40975056883326,43.436900394416796,12.202145531866893,-4.433242621134037,4.7604428250457875,2.1893994537668078e-13
270.4607805900149,43.334192321657696,12.21068977472768,-4.425956760691314,4.752527374048277,2.694645481559148e-13
270.51174235717605,43.23149162649737,12.219074427557954,-4.4186380931916025,4.744736316847019,2.1893994537668078e-13
270.56263600138124,43.128798162727605,12.227303464458489,-4.411287158368397,4.737069543114295,2.5262301389617017e-13
270.6134616519336,43.02611178490473,12.235380859530057,-4.403904497688614,4.729526944622712,5.0524602779234026e-14
270.6642194363935,42.92343234834763,12.243310586873438,-4.396490654345482,4.722108415236718,2.1893994537668078e-13
270.7149094805976,42.82075970913555,12.2510966205894,-4.389046173251508,4.714813850904084,1.515738083377021e-13
270.76553190867617,42.71809372410653,12.258742934778722,-4.381571601031606,4.707643149647255,3.031476166754042e-13
270.8160868430724,42.615434250854925,12.266253503542178,-4.374067486016239,4.700596211554732,2.3578147963642546e-13
270.86657440455906,42.512781147729825,12.273632300980537,-4.36653437823474,4.693672938772286,2.694645481559148e-13
270.9169947122565,42.41013427383271,12.28088330119458,-4.358972829408659,4.686873235494202,2.8630608241565947e-13
270.96734788364984,42.307493489015286,12.28801047828507,-4.351383392945237,4.680197007954414,1.8525687685719145e-13
271.01763403460586,42.20485865387773,12.29501780635279,-4.343766623930978,4.673644164417575,1.8525687685719145e-13
271.06785327938974,42.102229629766036,12.301909259498515,-4.336123079125273,4.6672146151700975,1.515738083377021e-13
271.1180057306816,41.99960627877025,12.30868881182301,-4.328453316954165,4.660908272511104,8.420767129872338e-14
271.1680914995925,41.89698846372215,12.315360437427053,-4.320757897504149,4.654725050743332,1.8525687685719145e-13
271.2181106956808,41.794376048192724,12.321928110411424,-4.3130373825160815,4.648664866163987,6.73661370389787e-14
271.2680634269676,41.691768896490444,12.32839580487689,-4.305292335379189,4.642727637055508,1.0104920555846805e-13
271.3179497999523,41.58916687365838,12.334767494924229,-4.297523321125114,4.636913283676311,2.1893994537668078e-13
271.3677699196282,41.48656984547236,12.34104715465421,-4.289730906422087,4.631221728251453,6.73661370389787e-14
271.41752388949686,41.38397767843845,12.347238758167613,-4.281915659569166,4.625652894963228,1.8525687685719145e-13
271.4672118115839,41.28139023979036,12.353346279565208,-4.274078150490514,4.620206709941744,3.368306851948935e-14
271.5168337864527,41.178807397487546,12.359373692947766,-4.266218950729827,4.6148831012554,1.515738083377021e-13
271.5663899132193,41.07622902021218,12.36532497241607,-4.258338633444762,4.609681998901336,1.6841534259744677e-13
271.61588028956663,40.97365497736728,12.371204092070887,-4.250437773401496,4.604603334795815,1.1789073981821273e-13
271.66530501175816,40.87108513907374,12.377015026012993,-4.2425169469693245,4.599647042764552,1.6841534259744677e-13
271.7146641746519,40.76851937616819,12.38276174834316,-4.23457673211534,4.594813058532992,2.020984111169361e-13
271.76395787171384,40.665957560200326,12.38844823316216,-4.226617708399194,4.5901013197165215,1.1789073981821273e-13
271.81318619503145,40.56339956343023,12.394078454570776,-4.218640456967896,4.585511765810643,1.8525687685719145e-13
271.8623492353268,40.46084525882608,12.399656386669774,-4.210645560550723,4.581044338181089,1.6841534259744677e-13
271.91144708196936,40.358294520061214,12.40518600355993,-4.202633603454156,4.5766989800538775,1.347322740779574e-13
271.9604798229889,40.25574722151181,12.410671279342017,-4.194605171556907,4.572475636505315,1.1789073981821273e-13
272.00944754508816,40.15320323825409,12.416116188116812,-4.186560852304999,4.568374254451955,6.73661370389787e-14
272.0583503336551,40.05066244606151,12.421524703985089,-4.178501234706915,4.56439478264051,1.1789073981821273e-13
272.10718827277503,39.948124721402394,12.426900801047616,-4.1704269093288,4.560537171637696,1.347322740779574e-13
272.1559614452431,39.84558994143682,12.432248453405172,-4.162338468289736,4.556801373820037,1.6841534259744677e-13
272.2046699325755,39.743057984014214,12.437571635158532,-4.154236505257062,4.55318734336361,1.0104920555846805e-13
272.25331381502144,39.640528727670436,12.442874320408462,-4.1461216154417775,4.549695036233758,1.1789073981821273e-13
272.3018931715749,39.53800205162483,12.448160483255748,-4.137994395593961,4.546324410174734,6.73661370389787e-14
272.35040807998524,39.435477835777746,12.453434097801152,-4.1298554439982995,4.543075424699312,1.8525687685719145e-13
272.39885861676925,39.332955960707324,12.458699138145462,-4.12170536046962,4.53994804107834,1.1789073981821273e-13
272.44724485722145,39.23043630766699,12.463959578389433,-4.113544746348518,4.536942222330252,1.0104920555846805e-13
272.4955668754251,39.127918758582375,12.469219392633855,-4.105374204497017,4.534057933210516,8.420767129872338e-14
272.54382474426296,39.025403196048295,12.474482554979495,-4.097194339294277,4.53129514020107,1.1789073981821273e-13
272.5920185354277,38.92288950332615,12.479753039527129,-4.089005756632375,4.5286538114996695,1.1789073981821273e-13
272.6401483194322,38.820377564340596,12.48503482037753,-4.0808090639121115,4.526133917009228,1.0104920555846805e-13
272.6882141656198,38.71786726367691,12.490331871631469,-4.072604870038892,4.523735428327076,1.0104920555846805e-13
272.7362161421742,38.61535848657784,12.495648167389726,-4.064393785418633,4.521458318734205,1.6841534259744677e-13
272.7841543161297,38.512851118940446,12.50098768175307,-4.056176421953724,4.519302563184461,6.73661370389787e-14
272.83202875338003,38.41034504731341,12.506354388822277,-4.047953393039058,4.517268138293675,6.73661370389787e-14
272.87983951868915,38.30784015889366,12.511752262698126,-4.039725313558057,4.5153550223287695,8.420767129872338e-14
272.9275866756997,38.20533634152342,12.51718527748138,-4.031492799878803,4.5135631951968165,1.1789073981821273e-13
272.9752702869427,38.10283348368718,12.522657407272819,-4.02325646985016,4.511892638434066,5.0524602779234026e-14
273.0228904138466,38.00033147450844,12.528172626173218,-4.015016942797983,4.510343335194898,1.347322740779574e-13
273.07044711674627,37.89783020374666,12.533734908283348,-4.006774839521331,4.508915270240778,3.368306851948935e-14
273.1179404548919,37.795329561794084,12.539348227703986,-3.9985307822887455,4.507608429929127,5.0524602779234026e-14
273.16537048645756,37.692829439672536,12.545016558535904,-3.9902853948345687,4.5064228022021995,5.0524602779234026e-14
273.2127372685501,37.59032972903028,12.550743874879876,-3.9820393023552847,4.505358376575876,8.420767129872338e-14
273.2600408572172,37.48783032213874,12.556534150836674,-3.973793131505911,4.504415144128449,8.420767129872338e-14
273.30728130745604,37.38533111188931,12.562391360507082,-3.9655475103964366,4.503593097489343,1.0104920555846805e-13
273.35445867322125,37.28283199179004,12.568319477991857,-3.9573030685882817,4.502892230827839,1.347322740779574e-13
273.4015730074331,37.18033285596246,12.574322477391785,-3.9490604370907914,4.502312539841701,2.020984111169361e-13
273.4486243619854,37.07783359913822,12.580404332807637,-3.940820248357779,4.50185402174582,1.515738083377021e-13
273.4956127877533,36.97533411665575,12.586569018340187,-3.932583136284104,4.501516675260797,8.420767129872338e-14
273.54253833460086,36.87283430445703,12.592820508090206,-3.9243497362022715,4.50130050060149,1.347322740779574e-13
273.58940105138885,36.77033405908416,12.599162776158476,-3.9161206848790564,4.501205499465521,1.515738083377021e-13
273.636200985982,36.667833277676024,12.605599796645764,-3.907896620512205,4.501231675021771,5.0524602779234026e-14
273.68293818525643,36.565331857964935,12.61213554365284,-3.899678182727109,4.50137903189882,-1.6841534259744676e-14
273.72961269510665,36.46282969827317,12.61877399128049,-3.89146601257355,4.5016475761733385,1.1789073981821273e-13
273.77622456045304,36.36032669750962,12.62551911362948,-3.8832607525224563,4.502037315358514,-1.6841534259744676e-14
273.82277382524853,36.25782275516635,12.632374884800583,-3.8750630464627047,4.502548258392338,3.368306851948935e-14
273.86926053248527,36.15531777131509,12.639345278894579,-3.866873539697935,4.5031804156259545,1.347322740779574e-13
273.91568472420204,36.05281164660386,12.646434270012236,-3.858692878943381,4.503933798811946,1.6841534259744676e-14
273.96204644149003,35.950304282253384,12.653645832254329,-3.8505217123227835,4.504808421092555,1.1789073981821273e-13
274.00834572450026,35.84779558005369,12.660983939721632,-3.842360689365252,4.505804296987932,1.6841534259744676e-14
274.0545826124492,35.74528544236053,12.668452566514924,-3.834210461002212,4.506921442384308,6.73661370389787e-14
274.10075714362574,35.642773772091886,12.676055686734971,-3.826071679564348,4.508159874522166,6.73661370389787e-14
274.1468693553967,35.540260472724356,12.683797274482554,-3.8179449987785876,4.50951961198436,1.515738083377021e-13
274.1929192842139,35.43774544828974,12.691681303858442,-3.8098310737650842,4.51100067468424,8.420767129872338e-14
274.238906965619,35.33522860337126,12.699711748963411,-3.8017305610342564,4.512603083853696,1.347322740779574e-13
274.2848324342505,35.23270984310016,12.707892583898232,-3.7936441184838117,4.51432686203124,6.73661370389787e-14
274.3306957238488,35.13018907315197,12.716227782763685,-3.785572405395824,4.516172033049997,3.368306851948935e-14
274.37649686726223,35.02766619974293,12.724721319660539,-3.777516082433818,4.518138622025722,5.0524602779234026e-14
274.4222358964525,34.92514112962637,12.73337716868957,-3.7694758116398615,4.5202266553447625,8.420767129872338e-14
274.4679128425004,34.82261377008902,12.742199303951553,-3.7614522564317006,4.522436160652003,1.8525687685719145e-13
274.5135277356111,34.72008402894737,12.751191699547256,-3.753446081599893,4.524767166838789,1.347322740779574e-13
274.55908060511945,34.617551814544015,12.76035832957746,-3.7454579533049746,4.527219704030816,1.6841534259744676e-14
