galstreams/tracks/track.st.Fimbulthul.ibata2021.ecsv
# %ECSV 1.0
# ---
# datatype:
# - {name: ra, unit: deg, datatype: float64}
# - {name: dec, unit: deg, datatype: float64}
# - {name: distance, unit: kpc, datatype: float64}
# - {name: pm_ra_cosdec, unit: mas / yr, datatype: float64}
# - {name: pm_dec, unit: mas / yr, datatype: float64}
# - {name: radial_velocity, unit: km / s, datatype: float64}
# delimiter: ','
# meta: !!omap
# - __serialized_columns__:
#     dec:
#       __class__: astropy.coordinates.angles.Latitude
#       unit: &id001 !astropy.units.Unit {unit: deg}
#       value: !astropy.table.SerializedColumn {name: dec}
#     distance:
#       __class__: astropy.coordinates.distances.Distance
#       unit: !astropy.units.Unit {unit: kpc}
#       value: !astropy.table.SerializedColumn {name: distance}
#     pm_dec:
#       __class__: astropy.units.quantity.Quantity
#       unit: !astropy.units.Unit {unit: mas / yr}
#       value: !astropy.table.SerializedColumn {name: pm_dec}
#     pm_ra_cosdec:
#       __class__: astropy.units.quantity.Quantity
#       unit: !astropy.units.Unit {unit: mas / yr}
#       value: !astropy.table.SerializedColumn {name: pm_ra_cosdec}
#     ra:
#       __class__: astropy.coordinates.angles.Longitude
#       unit: *id001
#       value: !astropy.table.SerializedColumn {name: ra}
#       wrap_angle: !astropy.coordinates.Angle
#         unit: *id001
#         value: 360.0
#     radial_velocity:
#       __class__: astropy.units.quantity.Quantity
#       unit: !astropy.units.Unit {unit: km / s}
#       value: !astropy.table.SerializedColumn {name: radial_velocity}
# schema: astropy-2.0
ra,dec,distance,pm_ra_cosdec,pm_dec,radial_velocity
[from data line 285]
191.04106429541935,-37.44385227956717,5.3233014305123065,-5.6117580235932945,-6.792676634978012,204.4975456652178
191.04902034156837,-37.43482759085088,5.323556102376412,-5.6111678870528765,-6.79375351858025,204.34471092752517
191.05697432881522,-37.425801878701925,5.323808226560962,-5.610586650896096,-6.79483165297604,204.1921643299514
191.0649262609926,-37.41677514787736,5.324057805008536,-5.610014309963112,-6.795911038698139,204.03990560903748
191.07287614193297,-37.40774740313341,5.324304839661723,-5.609450859094487,-6.7969916762763924,203.88793450132414
191.08082397546846,-37.398718649225586,5.324549332463106,-5.608896293131178,-6.7980735662377185,203.7362507433521
191.0887697654311,-37.389688890908474,5.324791285355274,-5.608350606914532,-6.799156709106148,203.58485407166253
191.09671351565262,-37.38065813293589,5.325030700280811,-5.607813795286292,-6.8002411054028045,203.43374422279618
191.1046552299646,-37.37162638006083,5.325267579182303,-5.607285853088594,-6.801326755645918,203.28292093329395
191.1125949121984,-37.36259363703545,5.325501924002337,-5.60676677516397,-6.802413660350831,203.13238393969655
191.12053256618498,-37.35355990861114,5.325733736683495,-5.606256556355343,-6.803501820030002,202.9821329785451
191.1284681957553,-37.344525199538396,5.325963019168368,-5.605755191506034,-6.804591235193015,202.83216778638015
191.13640180473985,-37.33548951456702,5.326189773399537,-5.60526267545977,-6.805681906346577,202.68248809974273
191.14433339696905,-37.32645285844591,5.32641400131959,-5.604779003060652,-6.806773833994528,202.53309365517373
191.15226297627302,-37.31741523592316,5.326635704871113,-5.604304169153186,-6.807867018637848,202.3839841892139
191.1601905464817,-37.30837665174607,5.32685488599669,-5.603838168582271,-6.808961460774661,202.23515943840422
191.1681161114247,-37.29933711066112,5.327071546638909,-5.603380996193206,-6.81005716090024,202.08661913928543
191.17603967493147,-37.29029661741399,5.3272856887403535,-5.60293264683168,-6.811154119507014,201.9383630283985
191.18396124083125,-37.28125517674952,5.32749731424361,-5.602493115343771,-6.812252337084562,201.79039084228424
191.19188081295286,-37.27221279341179,5.327706425091265,-5.602062396575969,-6.8133518141196365,201.64270231748347
191.19979839512501,-37.263169472144035,5.327913023225903,-5.601640485375144,-6.8144525510961556,201.49529719053712
191.20771399117623,-37.254125217688674,5.328117110590112,-5.6012273765885725,-6.8155545484952205,201.3481751979861
191.21562760493467,-37.24508003478732,5.328318689126474,-5.600823065063912,-6.8166578067950985,201.201336076371
191.2235392402283,-37.23603392818082,5.3285177607775775,-5.600427545649227,-6.817762326471258,201.05477956223302
191.23144890088489,-37.22698690260909,5.328714327486007,-5.600040813192966,-6.818868107996357,200.9085053921129
191.23935659073177,-37.21793896281143,5.328908391194352,-5.59966286254399,-6.819975151840225,200.7625133025514
191.2472623135962,-37.20889011352619,5.3290999538451915,-5.599293688551547,-6.821083458469929,200.61680303008947
191.25516607330522,-37.19984035949095,5.329289017381115,-5.598933286065275,-6.822193028349721,200.471374311268
191.26306787368546,-37.19078970544247,5.329475583744709,-5.598581649935206,-6.82330386194107,200.3262268826277
191.2709677185634,-37.18173815611675,5.329659654878557,-5.598238775011777,-6.824415959702657,200.1813604807097
191.2788656117653,-37.17268571624891,5.329841232725247,-5.5979046561458174,-6.8255293220904045,200.0367748420545
191.28676155711707,-37.16363239057332,5.330020319227363,-5.597579288188543,-6.826643949557434,199.89246970320335
191.29465555844436,-37.15457818382357,5.330196916327492,-5.597262665991586,-6.82775984255412,199.74844480069683
191.3025476195726,-37.14552310073236,5.330371025968216,-5.596954784406952,-6.828877001528069,199.6046998710759
191.31043774432703,-37.136467146031684,5.330542650092126,-5.596655638287053,-6.829995426924127,199.46123465088144
191.31832593653255,-37.127410324452654,5.3307117906418044,-5.596365222484697,-6.831115119184395,199.31804887665416
191.3262122000138,-37.1183526407256,5.330878449559842,-5.596083531853082,-6.832236078748224,199.1751422849351
191.33409653859525,-37.109294099580055,5.331042628788815,-5.5958105612458064,-6.833358306052229,199.03251461226526
191.34197895610092,-37.10023470574478,5.331204330271316,-5.595546305516864,-6.8344818015302735,198.89016559518498
191.34985945635472,-37.0911744639477,5.331363555949931,-5.5952907595206405,-6.835606565613503,198.74809497023563
191.35773804318026,-37.08211337891595,5.331520307767242,-5.5950439181119265,-6.836732598730333,198.6063024739578
191.36561472040094,-37.07305145537585,5.331674587665838,-5.5948057761458925,-6.837859901306459,198.46478784289246
191.3734894918398,-37.063988698052924,5.331826397588304,-5.594576328478119,-6.838988473764861,198.32355081358048
191.3813623613196,-37.054925111671906,5.331975739477223,-5.594355569964579,-6.8401183165258095,198.18259112256263
191.389233332663,-37.04586070095672,5.332122615275184,-5.594143495461633,-6.841249430006863,198.04190850637988
191.39710240969214,-37.03679547063052,5.332267026924772,-5.593940099826048,-6.8423818146228825,197.90150270157304
191.40496959622908,-37.02772942541564,5.332408976368572,-5.593745377914987,-6.843515470786034,197.761373444683
191.41283489609557,-37.0186625700336,5.33254846554917,-5.593559324585996,-6.844650398905797,197.6215204722504
191.42069831311306,-37.00959490920512,5.332685496409151,-5.593381934697036,-6.845786599388961,197.48194352081637
191.42855985110273,-37.000526447650174,5.3328200708911035,-5.5932132031064405,-6.8469240726396325,197.34264232692178
191.43641951388548,-36.9914571900879,5.332952190937608,-5.593053124672963,-6.848062819059251,197.2036166271073
191.44427730528204,-36.98238714123659,5.333081858491256,-5.592901694255729,-6.849202839046576,197.06486615791397
191.45213322911266,-36.97331630581388,5.333209075494629,-5.592758906714282,-6.8503441329977095,196.9263906558825
191.45998728919747,-36.96424468853648,5.333333843890315,-5.592624756908551,-6.851486701306085,196.78818985755382
191.4678394893563,-36.95517229412035,5.333456165620897,-5.592499239698858,-6.852630544362494,196.65026349946888
191.47568983340867,-36.94609912728066,5.333576042628968,-5.592382349945924,-6.853775662555059,196.51261131816838
191.4835383251738,-36.937025192731795,5.333693476857104,-5.5922740825108725,-6.854922056269276,196.3752330501932
191.4913849684708,-36.927950495187275,5.333808470247896,-5.592174432255205,-6.856069725887992,196.2381284320843
191.4992297671182,-36.91887503935997,5.333921024743928,-5.592083394040841,-6.857218671791415,196.10129720038253
191.50707272493452,-36.90979882996181,5.334031142287789,-5.592000962730086,-6.858368894357124,195.9647390916287
191.51491384573782,-36.900721871704015,5.334138824822061,-5.5919271331856315,-6.85952039396008,195.82845384236367
191.522753133346,-36.891644169296974,5.334244074289331,-5.591861900270586,-6.860673170972619,195.6924411891282
191.53059059157655,-36.88256572745031,5.334346892632185,-5.591805258848431,-6.861827225764455,195.5567008684634
191.5384262242469,-36.87348655087287,5.334447281793208,-5.591757203783059,-6.862982558702704,195.42123261691
191.54626003517396,-36.86440664427262,5.334545243714988,-5.591717729938754,-6.8641391701518675,195.28603617100876
191.55409202817438,-36.85532601235686,5.334640780340107,-5.591686832180203,-6.865297060473846,195.15111126730065
191.56192220706464,-36.84624465983203,5.334733893611155,-5.591664505372476,-6.8664562300279455,195.0164576423266
191.5697505756609,-36.837162591403796,5.334824585470712,-5.591650744381047,-6.867616679170886,194.8820750326273
191.57757713777892,-36.828079811777,5.334912857861367,-5.591645544071784,-6.868778408256796,194.74796317474372
191.58540189723433,-36.81899632565576,5.334998712725708,-5.59164889931095,-6.869941417637218,194.6141218052167
191.59322485784242,-36.8099121377433,5.335082152006318,-5.591660804965198,-6.871105707661136,194.48055066058706
191.60104602341804,-36.800827252742216,5.335163177645783,-5.591681255901602,-6.872271278674942,194.34724947739574
191.608865397776,-36.79174167535419,5.3352417915866885,-5.591710246987596,-6.873438131022475,194.21421799218356
191.6166829847306,-36.78265541028014,5.335317995771622,-5.591747773091037,-6.874606265045001,194.08145594149136
191.62449878809596,-36.773568462220226,5.3353917921431675,-5.591793829080162,-6.875775681081238,193.94896306186
191.63231281168595,-36.76448083587381,5.335463182643909,-5.591848409823617,-6.876946379467352,193.81673908983038
191.640125059314,-36.75539253593943,5.335532169216436,-5.591911510190432,-6.878118360536959,193.6847837619434
191.6479355347934,-36.74630356711487,5.335598753803334,-5.591983125050031,-6.87929162462113,193.55309681473977
191.65574424193693,-36.73721393409719,5.335662938347185,-5.592063249272255,-6.880466172048402,193.42167798476046
191.66355118455735,-36.72812364158257,5.335724724790576,-5.59215187772732,-6.881642003144782,193.2905270085463
191.67135636646688,-36.71903269426643,5.3357841150760965,-5.592249005285839,-6.882819118233735,193.1596436226382
191.6791597914776,-36.70994109684344,5.335841111146328,-5.592354626818831,-6.883997517636223,193.02902756357705
191.68696146340122,-36.70084885400743,5.335895714943858,-5.592468737197705,-6.8851772016706745,192.8986785679035
191.69476138604918,-36.69175597045151,5.335947928411272,-5.592591331294263,-6.886358170653008,192.76859637215858
191.70255956323265,-36.68266245086794,5.335997753491155,-5.592722403980703,-6.887540424896645,192.63878071288312
191.7103559987623,-36.673568299948286,5.336045192126091,-5.592861950129634,-6.888723964712476,192.509231326618
191.7181506964488,-36.66447352238324,5.336090246258672,-5.593009964614036,-6.889908790408915,192.37994794990416
191.72594366010227,-36.65537812286277,5.336132917831478,-5.593166442307303,-6.8910949022918775,192.25093031928225
191.73373489353267,-36.646282106076036,5.3361732087870966,-5.593331378083212,-6.892282300664782,192.12217817129329
191.74152440054965,-36.63718547671143,5.3362111210681125,-5.593504766815949,-6.893470985828568,191.9936912424781
191.74931218496246,-36.628088239456545,5.336246656617114,-5.593686603380082,-6.894660958081693,191.86546926937746
191.75709825058019,-36.61899039899821,5.336279817376683,-5.593876882650581,-6.895852217720133,191.73751198853233
191.7648826012114,-36.609891960022495,5.336310605289409,-5.594075599502816,-6.897044765037401,191.60981913648365
191.77266524066457,-36.600792927214655,5.336339022297874,-5.594282748812549,-6.8982386003245395,191.48239044977205
191.78044617274776,-36.59169330525918,5.336365070344669,-5.594498325455929,-6.899433723870122,191.3552256649386
191.78822540126876,-36.58259309883977,5.336388751372373,-5.594722324309513,-6.900630135960291,191.22832451852403
191.79600293003506,-36.57349231263936,5.336410067323577,-5.594954740250246,-6.9018278368787,191.10168674706927
191.80377876285382,-36.56439095134007,5.336429020140865,-5.59519556815547,-6.903026826906586,190.9753120871151
191.81155290353183,-36.55528901962336,5.336445611766821,-5.595444802902923,-6.90422710632272,190.84920027520252
191.81932535587566,-36.546186522169755,5.3364598441440325,-5.595702439370741,-6.905428675403451,190.72335104787234
191.82709612369155,-36.5370834636591,5.336471719215085,-5.595968472437448,-6.906631534422681,190.59776414166527
191.83486521078544,-36.52797984877045,5.336481238922567,-5.596242896981967,-6.907835683651894,190.47243929312233
191.8426326209629,-36.518875682182056,5.3364884052090575,-5.5965257078836235,-6.909041123360145,190.34737623878442
191.85039835802925,-36.50977096857141,5.336493220017148,-5.596816900022127,-6.910247853814067,190.22257471519225
191.85816242578954,-36.50066571261521,5.336495685289422,-5.597116468277579,-6.91145587527788,190.0980344588867
191.86592482804832,-36.49155991898946,5.336495802968466,-5.597424407530496,-6.912665188013387,189.97375520640884
191.87368556861,-36.48245359236928,5.336493574996866,-5.597740712661772,-6.913875792279994,189.8497366942992
191.8814446512786,-36.47334673742908,5.336489003317206,-5.5980653785527,-6.915087688334703,189.72597865909893
191.8892020798579,-36.464239358842484,5.336482089872075,-5.598398400084971,-6.9163008764321114,189.60248083734874
191.89695785815127,-36.45513146128232,5.336472836604054,-5.59873977214067,-6.91751535682444,189.47924296558952
191.9047119899619,-36.44602304942065,5.336461245455733,-5.5990894896022665,-6.9187311297614995,189.35626478036218
191.91246447909242,-36.43691412792882,5.336447318369693,-5.59944754735265,-6.919948195490736,189.2335460182074
191.92021532934538,-36.42780470147732,5.336431057288525,-5.599813940275084,-6.921166554257214,189.1110864156663
191.9279645445229,-36.418694774735926,5.336412464154812,-5.600188663253225,-6.922386206303603,188.9888857092796
191.93571212842684,-36.40958435237363,5.33639154091114,-5.6005717111711375,-6.923607151870234,188.86694363558811
191.9434580848587,-36.40047343905861,5.336368289500093,-5.600963078913275,-6.924829391195056,188.74525993113286
191.95120241761964,-36.39136203945833,5.336342711864261,-5.601362761364479,-6.926052924513648,188.62383433245458
191.95894513051064,-36.38225015823943,5.336314809946226,-5.601770753409996,-6.927277752059258,188.5026665760941
191.96668622733213,-36.373137800067866,5.336284585688574,-5.602187049935466,-6.928503874062757,188.38175639859242
191.97442571188438,-36.36402496960873,5.336252041033893,-5.60261164582692,-6.929731290752683,188.26110353649022
191.9821635879673,-36.354911671526395,5.336217177924768,-5.603044535970779,-6.930960002355224,188.14070772632854
191.9898998593805,-36.34579791048444,5.336179998303782,-5.6034857152538695,-6.932190009094237,188.0205687046481
191.99763452992326,-36.33668369114572,5.336140504113525,-5.6039351785634,-6.933421311191233,187.9006862079899
192.0053676033945,-36.32756901817225,5.3360986972965785,-5.604392920786983,-6.934653908865411,187.78105997289464
192.01309908359292,-36.31845389622531,5.336054579795532,-5.604858936812622,-6.9358878023336334,187.66168973590325
192.02082897431671,-36.309338329965456,5.336008153552969,-5.605333221528714,-6.937122991810432,187.54257523355668
192.02855727936387,-36.300222324052434,5.335959420511475,-5.605815769824054,-6.938359477508042,187.4237162023956
192.0362840025321,-36.29110588314521,5.335908382613637,-5.6063065765878255,-6.939597259636379,187.30511237896113
192.04400914761874,-36.281989011902006,5.335855041802039,-5.606805636709612,-6.940836338403051,187.18676349979387
192.05173271842077,-36.27287171498028,5.335799400019268,-5.6073129450793875,-6.942076714013359,187.06866930143485
192.05945471873494,-36.26375399703667,5.335741459207911,-5.60782849658751,-6.94331838667031,186.9508295204248
192.0671751523575,-36.25463586272716,5.33568122131055,-5.608352286124761,-6.944561356574618,186.83324389330468
192.07489402308448,-36.24551731670689,5.335618688269776,-5.608884308582279,-6.945805623924695,186.71591215661547
192.0826113347117,-36.23639836363022,5.335553862028169,-5.609424558851628,-6.947051188916689,186.59883404689774
192.09032709103445,-36.227279008150774,5.3354867445283185,-5.609973031824746,-6.948298051744452,186.48200930069245
192.09804129584782,-36.21815925492143,5.335417337712809,-5.610529722393968,-6.949546212599554,186.36543765454059
192.10575395294651,-36.209039108594276,5.335345643524225,-5.611094625452034,-6.950795671671308,186.24911884498297
192.11346506612503,-36.1999185738206,5.335271663905155,-5.611667735892055,-6.952046429146753,186.1330526085604
192.12117463917727,-36.19079765525103,5.335195400798184,-5.612249048607568,-6.953298485210654,186.0172386818136
192.12888267589707,-36.18167635753536,5.335116856145897,-5.612838558492475,-6.95455184004553,185.90167680128377
192.13658918007783,-36.17255468532262,5.335036031890877,-5.613436260441084,-6.9558064938316395,185.78636670351165
