galstreams/tracks/track.po.20.0-1.mateu2018.ecsv
# %ECSV 0.9
# ---
# datatype:
# - {name: ra, unit: deg, datatype: float64}
# - {name: dec, unit: deg, datatype: float64}
# - {name: distance, unit: kpc, datatype: float64}
# - {name: pm_ra_cosdec, unit: mas / yr, datatype: float64}
# - {name: pm_dec, unit: mas / yr, datatype: float64}
# - {name: radial_velocity, unit: km / s, datatype: float64}
# delimiter: ','
# meta: !!omap
# - __serialized_columns__:
#     dec:
#       __class__: astropy.coordinates.angles.Latitude
#       unit: &id001 !astropy.units.Unit {unit: deg}
#       value: !astropy.table.SerializedColumn {name: dec}
#     distance:
#       __class__: astropy.coordinates.distances.Distance
#       unit: !astropy.units.Unit {unit: kpc}
#       value: !astropy.table.SerializedColumn {name: distance}
#     pm_dec:
#       __class__: astropy.units.quantity.Quantity
#       unit: !astropy.units.Unit {unit: mas / yr}
#       value: !astropy.table.SerializedColumn {name: pm_dec}
#     pm_ra_cosdec:
#       __class__: astropy.units.quantity.Quantity
#       unit: !astropy.units.Unit {unit: mas / yr}
#       value: !astropy.table.SerializedColumn {name: pm_ra_cosdec}
#     ra:
#       __class__: astropy.coordinates.angles.Longitude
#       unit: *id001
#       value: !astropy.table.SerializedColumn {name: ra}
#       wrap_angle: !astropy.coordinates.Angle
#         unit: *id001
#         value: 360.0
#     radial_velocity:
#       __class__: astropy.units.quantity.Quantity
#       unit: !astropy.units.Unit {unit: km / s}
#       value: !astropy.table.SerializedColumn {name: radial_velocity}
# schema: astropy-2.0
ra,dec,distance,pm_ra_cosdec,pm_dec,radial_velocity
[from data line 2109]
300.46283996067433,-27.954773357589673,26.630811735405075,0.0,0.0,0.0
300.47081654866093,-27.947671340415614,26.630026228830914,0.0,0.0,0.0
300.47879186575415,-27.94056866614893,26.629240460325597,0.0,0.0,0.0
300.48676591233135,-27.93346533502001,26.628454429929523,0.0,0.0,0.0
300.4947386887697,-27.926361347259096,26.62766813768312,0.0,0.0,0.0
300.5027101954465,-27.91925670309639,26.62688158362681,0.0,0.0,0.0
300.510680432739,-27.912151402761985,26.62609476780103,0.0,0.0,0.0
300.51864940102416,-27.905045446485907,26.62530769024625,0.0,0.0,0.0
300.5266171006793,-27.897938834498074,26.62452035100291,0.0,0.0,0.0
300.5345835320814,-27.890831567028318,26.62373275011151,0.0,0.0,0.0
300.5425486956076,-27.883723644306414,26.622944887612544,0.0,0.0,0.0
300.55051259163474,-27.87661506656202,26.622156763546506,0.0,0.0,0.0
300.55847522053995,-27.86950583402472,26.621368377953914,0.0,0.0,0.0
300.5664365827001,-27.862395946924025,26.620579730875306,0.0,0.0,0.0
300.57439667849206,-27.85528540548933,26.619790822351217,0.0,0.0,0.0
300.5823555082927,-27.84817420994998,26.6190016524222,0.0,0.0,0.0
300.5903130724789,-27.841062360535204,26.618212221128832,0.0,0.0,0.0
300.5982693714274,-27.83394985747416,26.61742252851169,0.0,0.0,0.0
300.60622440551487,-27.826836700995923,26.616632574611362,0.0,0.0,0.0
300.61417817511807,-27.819722891329477,26.61584235946847,0.0,0.0,0.0
300.62213068061374,-27.812608428703715,26.615051883123606,0.0,0.0,0.0
300.63008192237845,-27.80549331334746,26.614261145617423,0.0,0.0,0.0
300.63803190078863,-27.79837754548943,26.61347014699056,0.0,0.0,0.0
300.6459806162211,-27.791261125358275,26.612678887283668,0.0,0.0,0.0
300.6539280690522,-27.784144053182544,26.61188736653742,0.0,0.0,0.0
300.6618742596585,-27.777026329190722,26.611095584792498,0.0,0.0,0.0
300.6698191884163,-27.769907953611177,26.610303542089603,0.0,0.0,0.0
300.6777628557021,-27.762788926672233,26.609511238469427,0.0,0.0,0.0
300.6857052618923,-27.755669248602082,26.608718673972692,0.0,0.0,0.0
300.6936464073631,-27.74854891962887,26.607925848640143,0.0,0.0,0.0
300.7015862924908,-27.74142793998063,26.60713276251252,0.0,0.0,0.0
300.7095249176517,-27.73430630988534,26.606339415630575,0.0,0.0,0.0
300.717462283222,-27.727184029570868,26.605545808035078,0.0,0.0,0.0
300.72539838957783,-27.72006109926498,26.604751939766828,0.0,0.0,0.0
300.73333323709534,-27.71293751919541,26.603957810866593,0.0,0.0,0.0
300.74126682615054,-27.705813289589766,26.6031634213752,0.0,0.0,0.0
300.74919915711956,-27.69868841067558,26.602368771333467,0.0,0.0,0.0
300.75713023037844,-27.6915628826803,26.601573860782224,0.0,0.0,0.0
300.765060046303,-27.684436705831303,26.60077868976232,0.0,0.0,0.0
300.7729886052693,-27.67730988035584,26.5999832583146,0.0,0.0,0.0
300.78091590765314,-27.670182406481132,26.599187566479962,0.0,0.0,0.0
300.78884195383046,-27.663054284434267,26.598391614299267,0.0,0.0,0.0
300.796766744177,-27.655925514442284,26.597595401813415,0.0,0.0,0.0
300.8046902790685,-27.648796096732124,26.596798929063326,0.0,0.0,0.0
300.8126125588808,-27.64166603153062,26.596002196089902,0.0,0.0,0.0
300.8205335839895,-27.63453531906456,26.595205202934096,0.0,0.0,0.0
300.8284533547703,-27.627403959560624,26.59440794963685,0.0,0.0,0.0
300.8363718715988,-27.620271953245403,26.593610436239114,0.0,0.0,0.0
300.84428913485056,-27.613139300345424,26.592812662781864,0.0,0.0,0.0
300.8522051449012,-27.6060060010871,26.592014629306092,0.0,0.0,0.0
300.86011990212603,-27.598872055696802,26.59121633585279,0.0,0.0,0.0
300.8680334069006,-27.591737464400754,26.590417782462968,0.0,0.0,0.0
300.87594565960035,-27.58460222742517,26.58961896917764,0.0,0.0,0.0
300.8838566606006,-27.577466344996115,26.588819896037847,0.0,0.0,0.0
300.8917664102768,-27.570329817339594,26.588020563084648,0.0,0.0,0.0
300.899674909004,-27.563192644681553,26.58722097035907,0.0,0.0,0.0
300.90758215715766,-27.55605482724781,26.586421117902223,0.0,0.0,0.0
300.915488155113,-27.54891636526412,26.585621005755176,0.0,0.0,0.0
300.92339290324503,-27.54177725895615,26.584820633959023,0.0,0.0,0.0
300.931296401929,-27.534637508549487,26.58402000255487,0.0,0.0,0.0
300.93919865154,-27.52749711426962,26.583219111583848,0.0,0.0,0.0
300.947099652453,-27.52035607634199,26.582417961087106,0.0,0.0,0.0
300.95499940504305,-27.5132143949919,26.58161655110576,0.0,0.0,0.0
300.9628979096852,-27.506072070444606,26.58081488168099,0.0,0.0,0.0
300.97079516675427,-27.498929102925267,26.58001295285397,0.0,0.0,0.0
300.9786911766252,-27.49178549265897,26.579210764665877,0.0,0.0,0.0
300.9865859396728,-27.48464123987069,26.578408317157912,0.0,0.0,0.0
300.99447945627185,-27.477496344785354,26.577605610371286,0.0,0.0,0.0
301.00237172679726,-27.470350807627774,26.57680264434723,0.0,0.0,0.0
301.0102627516236,-27.463204628622695,26.575999419126955,0.0,0.0,0.0
301.01815253112557,-27.45605780799477,26.57519593475174,0.0,0.0,0.0
301.0260410656779,-27.448910345968574,26.57439219126283,0.0,0.0,0.0
301.0339283556551,-27.441762242768586,26.57358818870149,0.0,0.0,0.0
301.0418144014318,-27.43461349861923,26.572783927109022,0.0,0.0,0.0
301.0496992033825,-27.427464113744804,26.571979406526708,0.0,0.0,0.0
301.0575827618816,-27.420314088369555,26.571174626995877,0.0,0.0,0.0
301.0654650773036,-27.413163422717624,26.570369588557842,0.0,0.0,0.0
301.0733461500229,-27.40601211701309,26.56956429125394,0.0,0.0,0.0
301.0812259804139,-27.398860171479935,26.568758735125506,0.0,0.0,0.0
301.0891045688508,-27.391707586342054,26.567952920213934,0.0,0.0,0.0
301.096981915708,-27.384554361823255,26.567146846560558,0.0,0.0,0.0
301.10485802135963,-27.377400498147285,26.566340514206797,0.0,0.0,0.0
301.11273288617986,-27.37024599553779,26.56553392319403,0.0,0.0,0.0
301.12060651054287,-27.363090854218328,26.564727073563663,0.0,0.0,0.0
301.12847889482276,-27.35593507441237,26.563919965357144,0.0,0.0,0.0
301.1363500393937,-27.348778656343335,26.563112598615888,0.0,0.0,0.0
301.1442199446295,-27.341621600234518,26.56230497338134,0.0,0.0,0.0
301.15208861090434,-27.33446390630915,26.56149708969498,0.0,0.0,0.0
301.15995603859204,-27.327305574790387,26.560688947598265,0.0,0.0,0.0
301.16782222806654,-27.32014660590128,26.559880547132696,0.0,0.0,0.0
301.17568717970164,-27.3129869998648,26.55907188833976,0.0,0.0,0.0
301.18355089387126,-27.305826756903866,26.558262971260966,0.0,0.0,0.0
301.191413370949,-27.29866587724127,26.557453795937832,0.0,0.0,0.0
301.19927461130874,-27.29150436109974,26.556644362411916,0.0,0.0,0.0
301.2071346153241,-27.284342208701922,26.55583467072475,0.0,0.0,0.0
301.2149933833688,-27.277179420270382,26.555024720917896,0.0,0.0,0.0
301.22285091581625,-27.270015996027592,26.554214513032928,0.0,0.0,0.0
301.2307072130402,-27.26285193619594,26.55340404711143,0.0,0.0,0.0
301.238562275414,-27.25568724099774,26.55259332319502,0.0,0.0,0.0
301.2464161033113,-27.248521910655228,26.551782341325268,0.0,0.0,0.0
301.25426869710543,-27.24135594539053,26.550971101543837,0.0,0.0,0.0
301.2621200571698,-27.234189345425722,26.550159603892336,0.0,0.0,0.0
301.2699701838777,-27.227022110982762,26.54934784841242,0.0,0.0,0.0
301.27781907760254,-27.219854242283567,26.54853583514576,0.0,0.0,0.0
301.28566673871745,-27.21268573954993,26.54772356413402,0.0,0.0,0.0
301.29351316759573,-27.205516603003577,26.54691103541889,0.0,0.0,0.0
301.30135836461056,-27.19834683286616,26.546098249042057,0.0,0.0,0.0
301.30920233013507,-27.19117642935924,26.54528520504524,0.0,0.0,0.0
301.31704506454236,-27.184005392704282,26.544471903470168,0.0,0.0,0.0
301.32488656820533,-27.17683372312269,26.54365834435856,0.0,0.0,0.0
301.33272684149716,-27.169661420835773,26.542844527752177,0.0,0.0,0.0
301.34056588479075,-27.16248848606476,26.542030453692767,0.0,0.0,0.0
301.34840369845904,-27.155314919030793,26.541216122222117,0.0,0.0,0.0
301.35624028287486,-27.14814071995494,26.540401533382,0.0,0.0,0.0
301.364075638411,-27.14096588905817,26.539586687214225,0.0,0.0,0.0
301.37190976544036,-27.133790426561394,26.538771583760585,0.0,0.0,0.0
301.37974266433554,-27.126614332685406,26.537956223062917,0.0,0.0,0.0
301.3875743354694,-27.119437607650955,26.53714060516305,0.0,0.0,0.0
301.3954047792146,-27.11226025167868,26.53632473010283,0.0,0.0,0.0
301.4032339959436,-27.105082264989136,26.53550859792412,0.0,0.0,0.0
301.41106198602904,-27.097903647802823,26.53469220866879,0.0,0.0,0.0
301.41888874984346,-27.09072440034013,26.53387556237873,0.0,0.0,0.0
301.4267142877593,-27.083544522821363,26.533058659095826,0.0,0.0,0.0
301.4345386001491,-27.07636401546678,26.532241498861993,0.0,0.0,0.0
301.4423616873852,-27.06918287849652,26.53142408171915,0.0,0.0,0.0
301.45018354983983,-27.06200111213064,26.53060640770924,0.0,0.0,0.0
301.4580041878856,-27.054818716589143,26.529788476874195,0.0,0.0,0.0
301.46582360189444,-27.047635692091923,26.52897028925598,0.0,0.0,0.0
301.47364179223877,-27.040452038858803,26.528151844896573,0.0,0.0,0.0
301.4814587592907,-27.033267757109513,26.527333143837957,0.0,0.0,0.0
301.4892745034224,-27.026082847063726,26.526514186122114,0.0,0.0,0.0
301.4970890250059,-27.018897308940996,26.525694971791072,0.0,0.0,0.0
301.50490232441337,-27.011711142960817,26.524875500886832,0.0,0.0,0.0
301.5127144020166,-27.004524349342606,26.52405577345145,0.0,0.0,0.0
301.5205252581878,-26.997336928305685,26.52323578952694,0.0,0.0,0.0
301.5283348932986,-26.990148880069295,26.52241554915539,0.0,0.0,0.0
301.53614330772115,-26.982960204852596,26.52159505237886,0.0,0.0,0.0
301.54395050182706,-26.975770902874668,26.52077429923943,0.0,0.0,0.0
301.55175647598827,-26.968580974354495,26.519953289779206,0.0,0.0,0.0
301.55956123057643,-26.961390419511016,26.519132024040275,0.0,0.0,0.0
301.5673647659632,-26.95419923856305,26.518310502064764,0.0,0.0,0.0
301.5751670825203,-26.947007431729336,26.517488723894825,0.0,0.0,0.0
301.5829681806193,-26.939814999228552,26.516666689572574,0.0,0.0,0.0
301.5907680606318,-26.932621941279287,26.515844399140196,0.0,0.0,0.0
301.59856672292915,-26.925428258100037,26.51502185263983,0.0,0.0,0.0
301.606364167883,-26.918233949909222,26.51419905011368,0.0,0.0,0.0
301.61416039586476,-26.911039016925177,26.513375991603947,0.0,0.0,0.0
301.6219554072457,-26.903843459366172,26.512552677152815,0.0,0.0,0.0
301.62974920239725,-26.89664727745037,26.51172910680251,0.0,0.0,0.0
301.6375417816907,-26.88945047139586,26.510905280595267,0.0,0.0,0.0
301.64533314549715,-26.882253041420682,26.510081198573328,0.0,0.0,0.0
301.653123294188,-26.875054987742722,26.509256860778954,0.0,0.0,0.0
301.6609122281343,-26.867856310579853,26.5084322672544,0.0,0.0,0.0
301.6686999477072,-26.860657010149836,26.507607418041964,0.0,0.0,0.0
301.6764864532777,-26.853457086670357,26.50678231318392,0.0,0.0,0.0
301.6842717452168,-26.846256540359004,26.505956952722592,0.0,0.0,0.0
301.69205582389566,-26.8390553714333,26.50513133670029,0.0,0.0,0.0
301.699838689685,-26.831853580110696,26.504305465159344,0.0,0.0,0.0
301.7076203429558,-26.824651166608533,26.50347933814209,0.0,0.0,0.0
301.7154007840789,-26.8174481311441,26.50265295569089,0.0,0.0,0.0
301.7231800134251,-26.810244473934585,26.501826317848113,0.0,0.0,0.0
301.7309580313651,-26.80304019519708,26.500999424656136,0.0,0.0,0.0
301.73873483826964,-26.795835295148635,26.500172276157343,0.0,0.0,0.0
301.7465104345094,-26.788629774006203,26.499344872394147,0.0,0.0,0.0
301.75428482045487,-26.78142363198662,26.498517213408963,0.0,0.0,0.0
301.76205799647676,-26.774216869306702,26.49768929924422,0.0,0.0,0.0
301.76982996294555,-26.767009486183138,26.496861129942356,0.0,0.0,0.0
301.7776007202317,-26.759801482832547,26.496032705545826,0.0,0.0,0.0
301.78537026870566,-26.752592859471466,26.495204026097095,0.0,0.0,0.0
301.79313860873776,-26.745383616316374,26.494375091638638,0.0,0.0,0.0
301.80090574069834,-26.738173753583627,26.49354590221295,0.0,0.0,0.0
301.8086716649578,-26.730963271489532,26.492716457862528,0.0,0.0,0.0
301.81643638188626,-26.723752170250293,26.491886758629903,0.0,0.0,0.0
301.82419989185405,-26.71654045008205,26.491056804557576,0.0,0.0,0.0
301.8319621952312,-26.709328111200858,26.490226595688117,0.0,0.0,0.0
301.8397232923878,-26.70211515382269,26.489396132064048,0.0,0.0,0.0
301.84748318369407,-26.69490157816341,26.48856541372795,0.0,0.0,0.0
301.85524186951994,-26.68768738443886,26.487734440722402,0.0,0.0,0.0
301.8629993502353,-26.68047257286475,26.486903213089978,0.0,0.0,0.0
301.87075562621027,-26.67325714365673,26.486071730873288,0.0,0.0,0.0
301.87851069781453,-26.66604109703036,26.48523999411495,0.0,0.0,0.0
301.886264565418,-26.658824433201115,26.484408002857577,0.0,0.0,0.0
301.89401722939044,-26.65160715238443,26.483575757143814,0.0,0.0,0.0
301.9017686901016,-26.64438925479558,26.482743257016317,0.0,0.0,0.0
301.90951894792124,-26.637170740649854,26.481910502517728,0.0,0.0,0.0
301.9172680032189,-26.629951610162372,26.481077493690744,0.0,0.0,0.0
301.92501585636427,-26.622731863548225,26.48024423057806,0.0,0.0,0.0
301.9327625077268,-26.61551150102242,26.479410713222332,0.0,0.0,0.0
301.9405079576761,-26.608290522799866,26.478576941666315,0.0,0.0,0.0
301.9482522065816,-26.601068929095405,26.477742915952707,0.0,0.0,0.0
301.95599525481265,-26.593846720123782,26.476908636124254,0.0,0.0,0.0
301.9637371027388,-26.586623896099677,26.47607410222371,0.0,0.0,0.0
301.9714777507291,-26.57940045723768,26.47523931429382,0.0,0.0,0.0
301.979217199153,-26.5721764037523,26.474404272377374,0.0,0.0,0.0
301.9869554483797,-26.56495173585798,26.473568976517132,0.0,0.0,0.0
301.9946924987784,-26.55772645376906,26.47273342675592,0.0,0.0,0.0
302.0024283507182,-26.550500557699824,26.47189762313653,0.0,0.0,0.0
302.0101630045682,-26.543274047864443,26.47106156570179,0.0,0.0,0.0
302.0178964606974,-26.53604692447704,26.470225254494537,0.0,0.0,0.0
302.02562871947487,-26.52881918775164,26.469388689557608,0.0,0.0,0.0
302.0333597812695,-26.52159083790219,26.46855187093386,0.0,0.0,0.0
302.0410896464502,-26.514361875142555,26.46771479866618,0.0,0.0,0.0
302.0488183153858,-26.50713229968653,26.466877472797435,0.0,0.0,0.0
302.05654578844513,-26.499902111747808,26.46603989337052,0.0,0.0,0.0
302.064272065997,-26.49267131154003,26.46520206042836,0.0,0.0,0.0
302.07199714841,-26.485439899276738,26.464363974013857,0.0,0.0,0.0
302.0797210360529,-26.47820787517138,26.463525634169947,0.0,0.0,0.0
302.08744372929425,-26.470975239437365,26.462687040939585,0.0,0.0,0.0
302.0951652285027,-26.46374199228798,26.461848194365714,0.0,0.0,0.0
302.10288553404666,-26.456508133936456,26.461009094491295,0.0,0.0,0.0
302.11060464629463,-26.449273664595943,26.460169741359326,0.0,0.0,0.0
302.11832256561513,-26.442038584479484,26.459330135012806,0.0,0.0,0.0
302.1260392923764,-26.43480289380008,26.458490275494714,0.0,0.0,0.0
302.13375482694687,-26.42756659277064,26.45765016284809,0.0,0.0,0.0
302.1414691696948,-26.42032968160397,26.456809797115955,0.0,0.0,0.0
302.1491823209885,-26.41309216051282,26.45596917834135,0.0,0.0,0.0
302.15689428119595,-26.405854029709857,26.45512830656732,0.0,0.0,0.0
302.16460505068545,-26.39861528940765,26.454287181836953,0.0,0.0,0.0
302.1723146298251,-26.39137593981871,26.453445804193315,0.0,0.0,0.0
302.18002301898287,-26.384135981155467,26.4526041736795,0.0,0.0,0.0
302.18773021852684,-26.37689541363026,26.451762290338603,0.0,0.0,0.0
302.19543622882486,-26.369654237455332,26.45092015421374,0.0,0.0,0.0
302.20314105024494,-26.36241245284289,26.45007776534805,0.0,0.0,0.0
302.2108446831548,-26.355170060005026,26.449235123784657,0.0,0.0,0.0
302.21854712792236,-26.34792705915377,26.44839222956672,0.0,0.0,0.0
302.2262483849154,-26.340683450501047,26.44754908273741,0.0,0.0,0.0
302.23394845450144,-26.333439234258737,26.446705683339893,0.0,0.0,0.0
302.2416473370484,-26.326194410638617,26.44586203141736,0.0,0.0,0.0
302.24934503292366,-26.31894897985239,26.445018127013014,0.0,0.0,0.0
302.2570415424949,-26.31170294211169,26.444173970170056,0.0,0.0,0.0
302.2647368661296,-26.304456297628043,26.443329560931723,0.0,0.0,0.0
302.2724310041953,-26.29720904661292,26.442484899341245,0.0,0.0,0.0
