galstreams/tracks/track.st.M3-Svol.yang2023.ecsv
# %ECSV 1.0
# ---
# datatype:
# - {name: ra, unit: deg, datatype: float64}
# - {name: dec, unit: deg, datatype: float64}
# - {name: distance, unit: kpc, datatype: float64}
# - {name: pm_ra_cosdec, unit: mas / yr, datatype: float64}
# - {name: pm_dec, unit: mas / yr, datatype: float64}
# - {name: radial_velocity, unit: km / s, datatype: float64}
# delimiter: ','
# meta: !!omap
# - __serialized_columns__:
#     dec:
#       __class__: astropy.coordinates.angles.Latitude
#       unit: &id001 !astropy.units.Unit {unit: deg}
#       value: !astropy.table.SerializedColumn {name: dec}
#     distance:
#       __class__: astropy.coordinates.distances.Distance
#       unit: !astropy.units.Unit {unit: kpc}
#       value: !astropy.table.SerializedColumn {name: distance}
#     pm_dec:
#       __class__: astropy.units.quantity.Quantity
#       unit: !astropy.units.Unit {unit: mas / yr}
#       value: !astropy.table.SerializedColumn {name: pm_dec}
#     pm_ra_cosdec:
#       __class__: astropy.units.quantity.Quantity
#       unit: !astropy.units.Unit {unit: mas / yr}
#       value: !astropy.table.SerializedColumn {name: pm_ra_cosdec}
#     ra:
#       __class__: astropy.coordinates.angles.Longitude
#       unit: *id001
#       value: !astropy.table.SerializedColumn {name: ra}
#       wrap_angle: !astropy.coordinates.Angle
#         unit: *id001
#         value: 360.0
#     radial_velocity:
#       __class__: astropy.units.quantity.Quantity
#       unit: !astropy.units.Unit {unit: km / s}
#       value: !astropy.table.SerializedColumn {name: radial_velocity}
# schema: astropy-2.0
ra,dec,distance,pm_ra_cosdec,pm_dec,radial_velocity
[from data line 2933]
222.1692336796509,28.522809362234835,8.8318808580256,1.1849221923265334,-4.008366821976562,-190.53696236263323
222.18087608817584,28.52251994091448,8.830789580654615,1.1858103248499132,-4.00938618048132,-190.55439007010202
222.19251843209418,28.522229234593418,8.829698655739149,1.186698534281146,-4.0104057932949315,-190.57179678123057
222.20416071108997,28.521937243280306,8.828608083279201,1.187586820599424,-4.011425660458798,-190.58918249601908
222.21580292484734,28.5216439669839,8.827517863274773,1.1884751837839491,-4.0124457820143,-190.60654721446733
222.22744507305046,28.521349405712996,8.826427995725869,1.189363623813939,-4.013466158002786,-190.62389093657544
222.2390871553834,28.521053559476517,8.82533848063248,1.1902521406686195,-4.014486788465588,-190.64121366234338
222.25072917153034,28.52075642828342,8.82424931799461,1.19114073432723,-4.015507673443996,-190.65851539177118
222.26237112117545,28.520458012142775,8.823160507812265,1.1920294047690203,-4.016528812979278,-190.67579612485886
222.2740130040029,28.520158311063682,8.822072050085438,1.192918151973255,-4.017550207112684,-190.69305586160627
222.28565481969687,28.519857325055362,8.820983944814131,1.1938069759192058,-4.0185718558854235,-190.71029460201353
222.2972965679416,28.519555054127093,8.819896191998343,1.194695876586161,-4.019593759338687,-190.7275123460807
222.30893824842127,28.519251498288224,8.818808791638077,1.1955848539534175,-4.020615917513634,-190.7447090938077
222.3205798608202,28.51894665754819,8.817721743733328,1.1964739080002884,-4.021638330451401,-190.7618848451945
222.33222140482255,28.518640531916496,8.816635048284098,1.1973630387060914,-4.022660998193092,-190.7790396002411
222.34386288011262,28.518333121402737,8.815548705290391,1.198252246050163,-4.023683920779787,-190.79617335894758
222.3555042863747,28.518024426016567,8.814462714752203,1.1991415300118473,-4.024707098252536,-190.81328612131395
222.36714562329308,28.517714445767712,8.813377076669537,1.2000308905705044,-4.025730530652366,-190.8303778873401
222.37878689055208,28.517403180665994,8.812291791042387,1.2009203277055005,-4.026754218020274,-190.84744865702606
222.390428087836,28.517090630721313,8.81120685787076,1.2018098413962188,-4.027778160397232,-190.8644984303719
222.40206921482923,28.516776795943617,8.81012227715465,1.2026994316220514,-4.028802357824181,-190.88152720737753
222.41371027121608,28.516461676342956,8.809038048894063,1.2035890983624054,-4.029826810342037,-190.89853498804302
222.4253512566809,28.51614527192945,8.807954173088994,1.2044788415966965,-4.030851517991688,-190.91552177236832
222.43699217090816,28.515827582713285,8.806870649739444,1.205368661304354,-4.031876480814001,-190.93248756035348
222.4486330135822,28.51550860870475,8.805787478845417,1.2062585574648188,-4.032901698849801,-190.94943235199852
222.46027378438748,28.51518834991417,8.804704660406909,1.207148530057545,-4.033927172139899,-190.96635614730332
222.47191448300842,28.514866806351982,8.803622194423921,1.2080385790619959,-4.034952900725078,-190.983258946268
222.4835551091294,28.51454397802868,8.802540080896451,1.2089287044576513,-4.0359788846460845,-191.00014074889253
222.495195662435,28.51421986495484,8.801458319824501,1.2098189062239966,-4.037005123943646,-191.01700155517693
222.50683614260964,28.513894467141117,8.800376911208073,1.2107091843405349,-4.038031618658462,-191.03384136512105
222.51847654933783,28.513567784598237,8.799295855047163,1.2115995387867793,-4.039058368831201,-191.050660178725
222.53011688230407,28.513239817337002,8.798215151341775,1.2124899695422537,-4.040085374502507,-191.06745799598895
222.54175714119287,28.512910565368305,8.797134800091904,1.213380476586496,-4.041112635712996,-191.08423481691258
222.55339732568888,28.512580028703084,8.796054801297558,1.2142710598990547,-4.042140152503255,-191.10099064149614
222.5650374354765,28.512248207352386,8.794975154958726,1.2151617194594921,-4.0431679249138455,-191.11772546973947
222.57667747024044,28.51191510132732,8.793895861075416,1.2160524552473797,-4.044195952985305,-191.13443930164274
222.58831742966527,28.511580710639063,8.792816919647628,1.2169432672423026,-4.045224236758138,-191.15113213720568
222.59995731343554,28.511245035298877,8.79173833067536,1.2178341554238596,-4.046252776272823,-191.16780397642862
222.61159712123595,28.51090807531811,8.79066009415861,1.2187251197716598,-4.047281571569814,-191.18445481931124
222.62323685275112,28.510569830708167,8.789582210097377,1.2196161602653253,-4.048310622689536,-191.20108466585387
222.6348765076657,28.510230301480536,8.78850467849167,1.2205072768844865,-4.049339929672385,-191.21769351605622
222.6465160856644,28.509889487646802,8.78742749934148,1.2213984696087925,-4.0503694925587315,-191.2342813699184
222.65815558643183,28.509547389218586,8.786350672646812,1.2222897384178988,-4.051399311388918,-191.25084822744049
222.66979500965283,28.50920400620762,8.78527419840766,1.223181083291477,-4.052429386203264,-191.26739408862227
222.68143435501202,28.508859338625694,8.784198076624028,1.2240725042092084,-4.053459717042055,-191.28391895346414
222.69307362219422,28.508513386484672,8.783122307295919,1.2249640011507859,-4.054490303945551,-191.3004228219656
222.70471281088416,28.508166149796516,8.782046890423329,1.2258555740959178,-4.0555211469539865,-191.31690569412697
222.7163519207666,28.507817628573235,8.780971826006258,1.2267472230243228,-4.05655224610757,-191.33336756994825
222.7279909515264,28.507467822826943,8.77989711404471,1.2276389479157288,-4.057583601446478,-191.34980844942928
222.73962990284835,28.50711673256981,8.778822754538679,1.22853074874988,-4.0586152130108655,-191.36622833257022
222.75126877441727,28.50676435781408,8.777748747488166,1.2294226255065317,-4.059647080840852,-191.38262721937096
222.762907565918,28.506410698572097,8.776675092893173,1.230314578165451,-4.060679204976539,-191.3990051098315
222.77454627703545,28.50605575485624,8.775601790753706,1.2312066067064182,-4.061711585457994,-191.4153620039519
222.78618490745453,28.505699526679024,8.774528841069754,1.2320987111092245,-4.062744222325261,-191.4316979017322
222.79782345686007,28.50534201405298,8.773456243841323,1.232990891353671,-4.063777115618355,-191.44801280317225
222.809461924937,28.50498321699075,8.772383999068412,1.2338831474195762,-4.064810265377262,-191.46430670827212
222.82110031137032,28.50462313550504,8.771312106751022,1.2347754792867678,-4.065843671641941,-191.48057961703196
222.83273861584496,28.504261769608632,8.77024056688915,1.2356678869350874,-4.066877334452329,-191.49683152945155
222.84437683804592,28.5038991193144,8.769169379482799,1.2365603703443866,-4.067911253848332,-191.51306244553098
222.85601497765813,28.503535184635265,8.768098544531968,1.2374529294945278,-4.068945429869823,-191.52927236527023
222.8676530343667,28.503169965584245,8.767028062036657,1.2383455643653931,-4.069979862556659,-191.5454612886693
222.87929100785658,28.50280346217443,8.765957931996866,1.2392382749368693,-4.071014551948662,-191.56162921572826
222.8909288978129,28.50243567441899,8.764888154412594,1.2401310611888596,-4.072049498085624,-191.577776146447
222.90256670392066,28.502066602331155,8.763818729283843,1.2410239231012774,-4.07308470100732,-191.59390208082553
222.914204425865,28.501696245924265,8.762749656610609,1.2419168606540483,-4.0741201607534885,-191.61000701886408
222.92584206333098,28.501324605211682,8.7616809363929,1.242809873827111,-4.075155877363845,-191.62609096056232
222.93747961600377,28.500951680206896,8.760612568630707,1.2437029626004183,-4.0761918508780735,-191.64215390592045
222.9491170835685,28.50057747092346,8.759544553324035,1.244596126953931,-4.077228081335835,-191.6581958549384
222.96075446571035,28.50020197737498,8.758476890472883,1.245489366867627,-4.078264568776762,-191.67421680761618
222.9723917621145,28.499825199575156,8.757409580077251,1.2463826823214943,-4.079301313240459,-191.6902167639538
222.98402897246618,28.49944713753777,8.756342622137137,1.2472760732955317,-4.080338314766505,-191.7061957239513
222.99566609645055,28.499067791276666,8.755276016652546,1.2481695397697532,-4.081375573394445,-191.7221536876086
223.0073031337529,28.498687160805765,8.754209763623475,1.249063081724183,-4.082413089163806,-191.73809065492566
223.01894008405847,28.498305246139086,8.75314386304992,1.2499566991388589,-4.083450862114081,-191.75400662590266
223.03057694705257,28.497922047290693,8.752078314931891,1.2508503919938316,-4.084488892284739,-191.7699016005395
223.04221372242048,28.497537564274733,8.751013119269377,1.251744160269162,-4.0855271797152195,-191.78577557883605
223.05385040984754,28.49715179710546,8.749948276062382,1.252638003944927,-4.086565724444936,-191.80162856079252
223.06548700901908,28.49676474579715,8.748883785310912,1.2535319230012092,-4.087604526513273,-191.81746054640882
223.07712351962047,28.49637641036422,8.747819647014959,1.254425917418115,-4.088643585959588,-191.83327153568501
223.08875994133706,28.4959867908211,8.746755861174526,1.2553199871757508,-4.089682902823216,-191.84906152862104
223.1003962738543,28.49559588718234,8.745692427789614,1.2562141322542424,-4.090722477143453,-191.8648305252168
223.1120325168576,28.495203699462536,8.744629346860222,1.2571083526337274,-4.091762308959583,-191.88057852547252
223.12366867003237,28.49481022767639,8.743566618386348,1.2580026482943532,-4.092802398310848,-191.89630552938797
223.13530473306415,28.494415471838643,8.742504242367994,1.2588970192162847,-4.093842745236475,-191.91201153696323
223.1469407056383,28.494019431964162,8.741442218805162,1.2597914653796922,-4.094883349775651,-191.92769654819847
223.15857658744045,28.49362210806784,8.740380547697848,1.260685986764766,-4.095924211967548,-191.94336056309342
223.17021237815604,28.49322350016467,8.739319229046053,1.261580583351703,-4.096965331851301,-191.95900358164826
223.18184807747065,28.492823608269727,8.738258262849781,1.2624752551207161,-4.098006709466022,-191.97462560386293
223.19348368506985,28.49242243239814,8.737197649109028,1.2633700020520284,-4.099048344850796,-191.99022662973746
223.20511920063922,28.49201997256514,8.736137387823794,1.2642648241258774,-4.100090238044677,-192.0058066592718
223.21675462386435,28.491616228786008,8.735077478994082,1.2651597213225125,-4.101132389086699,-192.02136569246596
223.2283899544309,28.491211201076126,8.734017922619886,1.2660546936221948,-4.1021747980158585,-192.03690372932
223.2400251920245,28.490804889450928,8.73295871870121,1.2669497410051975,-4.103217464871137,-192.05242076983382
223.25166033633081,28.490397293925948,8.731899867238061,1.267844863451809,-4.104260389691471,-192.06791681400756
223.2632953870356,28.489988414516773,8.730841368230426,1.2687400609423305,-4.105303572515786,-192.083391861841
223.27493034382448,28.489578251239077,8.729783221678309,1.2696353334570691,-4.106347013382976,-192.0988459133344
223.28656520638324,28.489166804108628,8.728725427581718,1.270530680976353,-4.107390712331899,-192.1142789684876
223.29819997439765,28.488754073141223,8.727667985940643,1.271426103480518,-4.108434669401395,-192.12969102730062
223.3098346475534,28.48834005835278,8.726610896755087,1.2723216009499136,-4.109478884630276,-192.14508208977355
223.32146922553642,28.48792475975928,8.725554160025053,1.273217173364904,-4.11052335805732,-192.16045215590626
223.33310370803244,28.487508177376757,8.724497775750539,1.2741128207058603,-4.1115680897212865,-192.17580122569876
223.34473809472735,28.48709031122136,8.723441743931545,1.275008542953175,-4.112613079660898,-192.1911292991511
223.35637238530703,28.48667116130929,8.72238606456807,1.2759043400872438,-4.113658327914855,-192.20643637626327
223.36800657945727,28.486250727656813,8.721330737660116,1.2768002120884798,-4.114703834521832,-192.22172245703536
223.37964067686408,28.485829010280305,8.720275763207681,1.2776961589373121,-4.1157495995204725,-192.23698754146727
223.39127467721337,28.485406009196186,8.719221141210767,1.278592180614175,-4.116795622949392,-192.25223162955896
223.40290858019108,28.484981724420965,8.718166871669371,1.2794882770995208,-4.117841904847186,-192.26745472131051
223.4145423854832,28.48455615597123,8.717112954583495,1.2803844483738136,-4.118888445252411,-192.2826568167219
223.4261760927757,28.48412930386364,8.716059389953141,1.2812806944175268,-4.119935244203601,-192.2978379157932
223.43780970175465,28.483701168114937,8.715006177778307,1.2821770152111518,-4.120982301739269,-192.31299801852424
223.44944321210605,28.48327174874192,8.71395331805899,1.2830734107351882,-4.122029617897893,-192.3281371249151
223.461076623516,28.48284104576148,8.712900810795194,1.2839698809701505,-4.123077192717925,-192.34325523496582
223.47270993567054,28.48240905919059,8.71184865598692,1.2848664258965656,-4.1241250262377855,-192.35835234867645
223.48434314825585,28.481975789046277,8.710796853634164,1.2857630454949736,-4.125173118495882,-192.37342846604682
223.495976260958,28.481541235345663,8.709745403736928,1.2866597397459263,-4.126221469530574,-192.3884835870771
223.50760927346323,28.48110539810593,8.708694306295214,1.2875565086299876,-4.127270079380212,-192.40351771176714
223.51924218545764,28.480668277344364,8.707643561309018,1.2884533521277377,-4.1283189480831055,-192.41853084011706
223.53087499662752,28.480229873078283,8.706593168778342,1.2893502702197652,-4.1293680756775455,-192.43352297212684
223.54250770665897,28.479790185325125,8.705543128703187,1.290247262886672,-4.130417462201789,-192.44849410779636
223.55414031523839,28.479349214102374,8.704493441083551,1.2911443301090773,-4.131467107694073,-192.46344424712584
223.56577282205194,28.478906959427594,8.703444105919436,1.2920414718676068,-4.1325170121926,-192.47837339011508
223.577405226786,28.478463421318445,8.702395123210838,1.2929386881429048,-4.133567175735546,-192.49328153676421
223.58903752912684,28.47801859979264,8.701346492957763,1.2938359789156242,-4.134617598361063,-192.50816868707312
223.6006697287608,28.477572494867967,8.700298215160206,1.2947333441664308,-4.135668280107275,-192.5230348410419
223.6123018253743,28.477125106562326,8.699250289818169,1.295630783876006,-4.136719221012274,-192.53787999867052
223.62393381865368,28.476676434893637,8.698202716931654,1.2965282980250423,-4.137770421114128,-192.55270415995895
223.6355657082854,28.476226479879927,8.697155496500656,1.2974258865942456,-4.138821880450879,-192.5675073249072
223.6471974939559,28.47577524153932,8.69610862852518,1.2983235495643346,-4.139873599060538,-192.58228949351525
223.65882917535163,28.475322719889967,8.695062113005223,1.299221286916039,-4.140925576981088,-192.5970506657833
223.67046075215907,28.47486891495013,8.694015949940786,1.3001190986301037,-4.141977814250491,-192.61179084171098
223.68209222406475,28.474413826738115,8.692970139331871,1.3010169846872852,-4.143030310906674,-192.6265100212986
223.69372359075518,28.473957455272366,8.691924681178474,1.301914945068354,-4.144083066987543,-192.64120820454613
223.70535485191695,28.473499800571336,8.690879575480599,1.3028129797540924,-4.145136082530965,-192.6558853914534
223.71698600723664,28.473040862653573,8.689834822238238,1.303711088725295,-4.1461893575748,-192.6705415820205
223.72861705640088,28.47258064153772,8.688790421451403,1.3046092719627718,-4.1472428921568545,-192.6851767762475
223.74024799909628,28.472119137242476,8.687746373120083,1.3055075294473433,-4.148296686314929,-192.69979097413426
223.7518788350095,28.471656349786624,8.686702677244288,1.3064058611598428,-4.149350740086786,-192.7143841756809
223.76350956382726,28.47119227918903,8.68565933382401,1.3073042670811197,-4.150405053510164,-192.72895638088744
223.77514018523627,28.470726925468604,8.684616342859256,1.3082027471920314,-4.151459626622769,-192.7435075897537
223.7867706989232,28.47026028864438,8.683573704350016,1.3091013014734523,-4.152514459462289,-192.75803780227992
223.79840110457488,28.469792368735423,8.682531418296296,1.3099999299062686,-4.153569552066376,-192.77254701846584
