galstreams/tracks/track.st.Fimbulthul.ibata2021.ecsv
# %ECSV 0.9
# ---
# datatype:
# - {name: ra, unit: deg, datatype: float64}
# - {name: dec, unit: deg, datatype: float64}
# - {name: distance, unit: kpc, datatype: float64}
# - {name: pm_ra_cosdec, unit: mas / yr, datatype: float64}
# - {name: pm_dec, unit: mas / yr, datatype: float64}
# - {name: radial_velocity, unit: km / s, datatype: float64}
# delimiter: ','
# meta: !!omap
# - __serialized_columns__:
#     dec:
#       __class__: astropy.coordinates.angles.Latitude
#       unit: &id001 !astropy.units.Unit {unit: deg}
#       value: !astropy.table.SerializedColumn {name: dec}
#     distance:
#       __class__: astropy.coordinates.distances.Distance
#       unit: !astropy.units.Unit {unit: kpc}
#       value: !astropy.table.SerializedColumn {name: distance}
#     pm_dec:
#       __class__: astropy.units.quantity.Quantity
#       unit: !astropy.units.Unit {unit: mas / yr}
#       value: !astropy.table.SerializedColumn {name: pm_dec}
#     pm_ra_cosdec:
#       __class__: astropy.units.quantity.Quantity
#       unit: !astropy.units.Unit {unit: mas / yr}
#       value: !astropy.table.SerializedColumn {name: pm_ra_cosdec}
#     ra:
#       __class__: astropy.coordinates.angles.Longitude
#       unit: *id001
#       value: !astropy.table.SerializedColumn {name: ra}
#       wrap_angle: !astropy.coordinates.Angle
#         unit: *id001
#         value: 360.0
#     radial_velocity:
#       __class__: astropy.units.quantity.Quantity
#       unit: !astropy.units.Unit {unit: km / s}
#       value: !astropy.table.SerializedColumn {name: radial_velocity}
# schema: astropy-2.0
ra,dec,distance,pm_ra_cosdec,pm_dec,radial_velocity
[from data line 1650]
201.5709748809734,-26.076520583200715,4.120838736729382,-10.964748803901017,-9.377974827318301,1.1789073981821273e-13
201.579607159353,-26.07021233608261,4.119424237316778,-10.971665415836751,-9.38051536165215,6.73661370389787e-14
201.5882425211535,-26.063908866045452,4.11800984185412,-10.978584237218971,-9.38305644263001,8.420767129872338e-14
201.5968809703915,-26.05761017680958,4.116595552283992,-10.985505263403333,-9.385598069093069,1.0104920555846805e-13
201.6055225110847,-26.05131627209446,4.115181370548981,-10.992428489745905,-9.388140239881741,8.420767129872338e-14
201.61416714725152,-26.045027155618673,4.11376729859167,-10.999353911603118,-9.390682953835636,9.262843842859572e-14
201.62281488291134,-26.038742831099988,4.112353338354647,-11.006281524331815,-9.393226209793557,9.262843842859572e-14
201.6314657220845,-26.032463302255252,4.110939491780498,-11.013211323289205,-9.395770006593533,4.210383564936169e-14
201.6401196687923,-26.026188572800457,4.109525760811807,-11.020143303832903,-9.398314343072803,8.420767129872338e-14
201.6487767270569,-26.01991864645073,4.108112147391163,-11.02707746132089,-9.40085921806779,1.0946997268834039e-13
201.6574369009015,-26.013653526920326,4.106698653461147,-11.034013791111553,-9.403404630414144,6.73661370389787e-14
201.66610019435012,-26.007393217922612,4.105285280964347,-11.04095228856365,-9.405950578946715,1.0104920555846805e-13
201.6747666114277,-26.00113772317015,4.10387203184335,-11.047892949036349,-9.408497062499553,1.1789073981821273e-13
201.6834361561602,-25.99488704637457,4.10245890804074,-11.054835767889186,-9.411044079905922,1.0104920555846805e-13
201.69210883257452,-25.988641191246654,4.101045911499105,-11.061780740482078,-9.413591629998292,9.262843842859572e-14
201.70078464469842,-25.9824001614963,4.099633044161028,-11.068727862175354,-9.416139711608341,1.1789073981821273e-13
201.7094635965606,-25.97616396083255,4.098220307969094,-11.07567712832971,-9.41868832356696,5.894536990910637e-14
201.71814569219075,-25.96993259296358,4.096807704865893,-11.082628534306235,-9.421237464704221,1.0946997268834039e-13
201.72683093561955,-25.963706061596646,4.0953952367940065,-11.089582075466405,-9.423787133849444,7.578690416885104e-14
201.73551933087845,-25.957484370438234,4.093982905696023,-11.096537747172087,-9.426337329831119,1.0104920555846805e-13
201.74421088199992,-25.95126752319387,4.092570713514526,-11.103495544785531,-9.428888051476958,1.0946997268834039e-13
201.7529055930175,-25.945055523568236,4.091158662192103,-11.11045546366937,-9.431439297613892,1.347322740779574e-13
201.7616034679655,-25.938848375265145,4.0897467536713386,-11.117417499186624,-9.433991067068039,9.262843842859572e-14
201.77030451087924,-25.932646081987524,4.088334989894819,-11.124381646700707,-9.436543358664741,1.2631150694808508e-13
201.77900872579508,-25.926448647437418,4.08692337280513,-11.13134790157541,-9.43909617122854,5.0524602779234026e-14
201.7877161167501,-25.920256075316072,4.085511904344857,-11.138316259174928,-9.441649503583179,1.2631150694808508e-13
201.7964266877825,-25.91406836932378,4.084100586456585,-11.145286714863827,-9.444203354551627,1.0104920555846805e-13
201.80514044293145,-25.907885533159977,4.082689421082903,-11.152259264007057,-9.44675772295604,9.262843842859572e-14
201.813857386237,-25.901707570523246,4.081278410166393,-11.15923390196996,-9.449312607617797,6.73661370389787e-14
201.8225775217401,-25.895534485111288,4.079867555649641,-11.166210624118271,-9.451868007357485,1.347322740779574e-13
201.83130085348282,-25.88936628062091,4.078456859475234,-11.17318942581811,-9.454423920994897,8.420767129872338e-14
201.84002738550802,-25.88320296074803,4.07704632358576,-11.180170302435956,-9.45698034734902,1.2631150694808508e-13
201.8487571218596,-25.877044529187792,4.0756359499238,-11.18715324933872,-9.459537285238069,3.368306851948935e-14
201.85749006658236,-25.870890989634376,4.074225740431943,-11.19413826189367,-9.462094733479454,9.262843842859572e-14
201.86622622372212,-25.864742345781085,4.072815697052773,-11.201125335468463,-9.464652690889809,5.894536990910637e-14
201.87496559732563,-25.858598601320377,4.0714058217288756,-11.208114465431152,-9.46721115628496,7.578690416885104e-14
201.8837081914406,-25.852459759943816,4.069996116402838,-11.215105647150155,-9.469770128479952,6.73661370389787e-14
201.8924540101157,-25.846325825342106,4.068586583017246,-11.222098875994305,-9.472329606289037,7.578690416885104e-14
201.90120305740066,-25.840196801205032,4.067177223514683,-11.22909414733279,-9.474889588525677,8.420767129872338e-14
201.9099553373459,-25.834072691221607,4.065768039837737,-11.23609145653522,-9.477450074002533,1.0946997268834039e-13
201.9187108540031,-25.827953499079854,4.064359033928994,-11.243090798971553,-9.480011061531489,6.73661370389787e-14
201.92746961142475,-25.821839228466974,4.0629502077310375,-11.25009217001216,-9.482572549923628,1.0104920555846805e-13
201.93623161366435,-25.815729883069263,4.061541563186453,-11.257095565027793,-9.485134537989254,1.2631150694808508e-13
201.94499686477639,-25.809625466572168,4.060133102237829,-11.264100979389568,-9.487697024537868,1.1789073981821273e-13
201.95376536881633,-25.80352598266021,4.05872482682775,-11.271108408469017,-9.490260008378192,1.0104920555846805e-13
201.9625371298405,-25.797431435017124,4.057316738898802,-11.278117847638034,-9.492823488318143,5.894536990910637e-14
201.9713121519063,-25.79134182732569,4.0559088403935695,-11.285129292268921,-9.49538746316486,7.578690416885104e-14
201.98009043907206,-25.785257163267826,4.054501133254638,-11.292142737734345,-9.49795193172469,8.420767129872338e-14
201.98887199539712,-25.779177446524553,4.053093619424597,-11.29915817940736,-9.500516892803187,1.515738083377021e-13
201.99765682494183,-25.77310268077606,4.0516863008460255,-11.306175612661427,-9.503082345205122,9.262843842859572e-14
202.00644493176736,-25.76703286970162,4.050279179461516,-11.31319503287036,-9.505648287734466,9.262843842859572e-14
202.0152363199361,-25.760968016979593,4.04887225721365,-11.320216435408376,-9.508214719194408,1.0946997268834039e-13
202.02403099351113,-25.75490812628757,4.0474655360450145,-11.327239815650087,-9.510781638387343,5.0524602779234026e-14
202.0328289565567,-25.748853201302175,4.046059017898196,-11.334265168970466,-9.513349044114872,5.894536990910637e-14
202.041630213138,-25.742803245699154,4.04465270471578,-11.341292490744896,-9.515916935177826,5.0524602779234026e-14
202.05043476732124,-25.736758263153398,4.0432465984403505,-11.348321776349122,-9.518485310376231,7.578690416885104e-14
202.05924262317353,-25.730718257338896,4.041840701014495,-11.355353021159297,-9.521054168509327,7.578690416885104e-14
202.06805378476307,-25.724683231928744,4.040435014380798,-11.362386220551926,-9.523623508375566,1.2631150694808508e-13
202.07686825615892,-25.71865319059524,4.039029540481846,-11.369421369903934,-9.526193328772608,1.1789073981821273e-13
202.08568604143116,-25.712628137009695,4.037624281260224,-11.37645846459261,-9.52876362849733,4.210383564936169e-14
202.09450714465095,-25.706608074842595,4.0362192386585205,-11.383497499995634,-9.531334406345817,2.5262301389617013e-14
202.10333156989032,-25.700593007763526,4.0348144146193174,-11.39053847149107,-9.533905661113364,6.73661370389787e-14
202.1121593212224,-25.694582939441187,4.033409811085203,-11.397581374457355,-9.536477391594483,5.0524602779234026e-14
202.12099040272122,-25.688577873543412,4.03200542999876,-11.404626204273336,-9.539049596582903,5.894536990910637e-14
202.12982481846186,-25.682577813737105,4.030601273302577,-11.411672956318226,-9.54162227487155,1.2631150694808508e-13
202.13866257252036,-25.676582763688376,4.0291973429392405,-11.418721625971614,-9.544195425252566,5.894536990910637e-14
202.1475036689737,-25.67059272706239,4.027793640851333,-11.425772208613495,-9.546769046517316,7.578690416885104e-14
202.1563481119,-25.664607707523412,4.026390168981442,-11.432824699624234,-9.549343137456365,9.262843842859572e-14
202.16519590537828,-25.658627708734862,4.024986929272154,-11.439879094384587,-9.551917696859501,1.1789073981821273e-13
202.17404705348855,-25.65265273435925,4.023583923666052,-11.44693538827569,-9.554492723515725,1.347322740779574e-13
202.18290156031188,-25.646682788058214,4.022181154105724,-11.453993576679048,-9.557068216213235,1.0946997268834039e-13
202.1917594299303,-25.640717873492466,4.020778622533756,-11.46105365497658,-9.559644173739464,9.262843842859572e-14
202.2006206664268,-25.634757994321944,4.019376330892733,-11.468115618550579,-9.562220594881037,7.578690416885104e-14
202.2094852738854,-25.62880315420559,4.017974281125238,-11.475179462783702,-9.564797478423813,9.262843842859572e-14
202.2183532563912,-25.622853356801492,4.016572475173863,-11.482245183059002,-9.567374823152841,1.0946997268834039e-13
202.22722461803022,-25.616908605766856,4.015170914981188,-11.489312774759927,-9.569952627852414,6.73661370389787e-14
202.2360993628895,-25.61096890475801,4.013769602489801,-11.496382233270293,-9.572530891306004,1.2631150694808508e-13
202.2449774950571,-25.60503425743037,4.0123685396422895,-11.503453553974307,-9.575109612296329,1.0946997268834039e-13
202.25385901862217,-25.599104667438464,4.0109677283812335,-11.51052673225656,-9.577688789605318,1.0104920555846805e-13
202.2627439376746,-25.593180138436004,4.009567170649224,-11.517601763502011,-9.580268422014075,7.578690416885104e-14
202.27163225630562,-25.587260674075743,4.008166868388846,-11.524678643096019,-9.582848508302964,7.578690416885104e-14
202.28052397860725,-25.58134627800955,4.006766823542684,-11.531757366424332,-9.585429047251546,5.0524602779234026e-14
202.28941910867263,-25.575436953888417,4.005367038053323,-11.538837928873056,-9.588010037638597,6.73661370389787e-14
202.2983176505959,-25.569532705362462,4.00396751386335,-11.545920325828694,-9.590591478242104,4.210383564936169e-14
202.30721960847217,-25.563633536080857,4.002568252915352,-11.553004552678134,-9.593173367839283,1.0104920555846805e-13
202.3161249863976,-25.557739449692,4.001169257151911,-11.56009060480865,-9.595755705206551,6.73661370389787e-14
202.3250337884693,-25.551850449843297,3.999770528515617,-11.567178477607875,-9.59833848911954,2.5262301389617013e-14
202.33394601878553,-25.5459665401813,3.998372068949052,-11.574268166463861,-9.600921718353112,1.2631150694808508e-13
202.34286168144547,-25.54008772435166,3.9969738803948043,-11.581359666765014,-9.603505391681331,6.73661370389787e-14
202.35178078054935,-25.534214005999157,3.9955759647954587,-11.588452973900125,-9.606089507877487,1.0104920555846805e-13
202.36070332019847,-25.52834538876763,3.9941783240936006,-11.595548083258377,-9.608674065714084,7.578690416885104e-14
202.36962930449496,-25.522481876300134,3.9927809602318156,-11.602644990229336,-9.61125906396283,1.0946997268834039e-13
202.37855873754225,-25.516623472238727,3.9913838751526907,-11.609743690202945,-9.613844501394665,1.0104920555846805e-13
202.3874916234446,-25.51077018022463,3.989987070798809,-11.616844178569531,-9.616430376779743,4.210383564936169e-14
202.39642796630733,-25.50492200389814,3.988590549112761,-11.623946450719787,-9.619016688887424,7.578690416885104e-14
202.40536777023684,-25.499078946898695,3.987194312037127,-11.63105050204482,-9.621603436486298,1.347322740779574e-13
202.41431103934056,-25.49324101286481,3.9857983615144956,-11.638156327936082,-9.624190618344173,1.0946997268834039e-13
202.42325777772695,-25.487408205434107,3.9844026994874526,-11.645263923785436,-9.626778233228066,1.1789073981821273e-13
202.43220798950537,-25.481580528243388,3.9830073278985823,-11.652373284985114,-9.629366279904211,5.0524602779234026e-14
202.44116167878636,-25.475757984928478,3.981612248690472,-11.659484406927731,-9.631954757138066,2.5262301389617013e-14
202.45011884968142,-25.469940579124334,3.980217463805706,-11.666597285006285,-9.634543663694304,5.0524602779234026e-14
202.45907950630317,-25.464128314465018,3.9788229751868713,-11.673711914614142,-9.637132998336819,5.0524602779234026e-14
202.46804365276515,-25.458321194583718,3.977428784776552,-11.680828291145076,-9.639722759828718,5.894536990910637e-14
202.477011293182,-25.4525192231127,3.9760348945173365,-11.687946409993206,-9.642312946932332,6.73661370389787e-14
202.48598243166944,-25.446722403683317,3.9746413063518076,-11.695066266553065,-9.64490355840922,5.0524602779234026e-14
202.49495707234408,-25.440930739926134,3.973248022222552,-11.702187856219558,-9.64749459302013,1.0946997268834039e-13
202.50393521932375,-25.435144235470702,3.9718550440721567,-11.709311174387953,-9.65008604952506,5.894536990910637e-14
202.5129168767272,-25.429362893945736,3.970462373843205,-11.716436216453923,-9.652677926683214,7.578690416885104e-14
202.52190204867426,-25.423586718979028,3.9690700134782855,-11.723562977813504,-9.655270223253014,1.0104920555846805e-13
202.5308907392858,-25.41781571419749,3.967677964919982,-11.730691453863114,-9.657862937992114,5.0524602779234026e-14
202.53988295268377,-25.412049883227144,3.96628623011088,-11.737821639999565,-9.66045606965737,7.578690416885104e-14
202.54887869299114,-25.406289229693073,3.9648948109935667,-11.744953531620029,-9.663049617004878,6.73661370389787e-14
202.55787796433182,-25.400533757219563,3.963503709510626,-11.752087124122088,-9.665643578789938,7.578690416885104e-14
202.56688077083095,-25.394783469429907,3.9621129276046454,-11.759222412903664,-9.668237953767074,1.0946997268834039e-13
202.5758871166146,-25.389038369946526,3.96072246721821,-11.766359393363091,-9.67083274069004,1.0104920555846805e-13
202.58489700580998,-25.38329846239096,3.9593323302939045,-11.773498060899065,-9.673427938311805,1.0104920555846805e-13
202.59391044254525,-25.377563750383842,3.957942518774316,-11.780638410910672,-9.67602354538456,6.73661370389787e-14
202.60292743094968,-25.37183423754487,3.9565530346020292,-11.78778043879737,-9.678619560659717,9.262843842859572e-14
202.61194797515353,-25.36610992749295,3.955163879719631,-11.794924139959003,-9.681215982887903,1.515738083377021e-13
202.6209720792882,-25.36039082384599,3.953775056069705,-11.802069509795798,-9.683812810818992,9.262843842859572e-14
202.62999974748615,-25.35467693022103,3.9523865655948396,-11.809216543708343,-9.686410043202047,9.262843842859572e-14
202.63903098388082,-25.34896825023421,3.9509984102376188,-11.816365237097617,-9.689007678785373,4.210383564936169e-14
202.64806579260673,-25.34326478750078,3.9496105919406284,-11.823515585364984,-9.691605716316491,1.515738083377021e-13
202.65710417779954,-25.33756654563506,3.9482231126464553,-11.830667583912172,-9.694204154542161,6.73661370389787e-14
202.6661461435958,-25.33187352825052,3.9468359742976844,-11.837821228141307,-9.696802992208342,1.0104920555846805e-13
202.6751916941333,-25.326185738959698,3.9454491788369004,-11.84497651345487,-9.699402228060231,6.73661370389787e-14
202.68424083355083,-25.320503181374235,3.9440627282066907,-11.852133435255741,-9.702001860842246,5.894536990910637e-14
202.69329356598817,-25.314825859104882,3.9426766243496396,-11.85929198894717,-9.704601889298026,7.578690416885104e-14
202.70234989558625,-25.309153775761473,3.941290869208334,-11.866452169932781,-9.70720231217044,5.0524602779234026e-14
202.71140982648703,-25.30348693495295,3.939905464725359,-11.873613973616587,-9.709803128201578,1.0104920555846805e-13
202.7204733628336,-25.297825340287353,3.938520412843302,-11.880777395402971,-9.712404336132748,1.0104920555846805e-13
202.72954050877,-25.29216899537182,3.937135715504745,-11.887942430696693,-9.7150059347045,7.578690416885104e-14
202.73861126844142,-25.2865179038126,3.9357513746522774,-11.895109074902894,-9.717607922656594,1.1789073981821273e-13
202.74768564599412,-25.280872069215015,3.934367392228483,-11.902277323427093,-9.720210298728018,1.1789073981821273e-13
202.75676364557546,-25.2752314951835,3.932983770175947,-11.90944717167519,-9.722813061656996,3.368306851948935e-14
