galstreams/tracks/track.st.300S.fu2018.ecsv
# %ECSV 0.9
# ---
# datatype:
# - {name: ra, unit: deg, datatype: float64}
# - {name: dec, unit: deg, datatype: float64}
# - {name: distance, unit: kpc, datatype: float64}
# - {name: pm_ra_cosdec, unit: mas / yr, datatype: float64}
# - {name: pm_dec, unit: mas / yr, datatype: float64}
# - {name: radial_velocity, unit: km / s, datatype: float64}
# delimiter: ','
# meta: !!omap
# - __serialized_columns__:
#     dec:
#       __class__: astropy.coordinates.angles.Latitude
#       unit: &id001 !astropy.units.Unit {unit: deg}
#       value: !astropy.table.SerializedColumn {name: dec}
#     distance:
#       __class__: astropy.coordinates.distances.Distance
#       unit: !astropy.units.Unit {unit: kpc}
#       value: !astropy.table.SerializedColumn {name: distance}
#     pm_dec:
#       __class__: astropy.units.quantity.Quantity
#       unit: !astropy.units.Unit {unit: mas / yr}
#       value: !astropy.table.SerializedColumn {name: pm_dec}
#     pm_ra_cosdec:
#       __class__: astropy.units.quantity.Quantity
#       unit: !astropy.units.Unit {unit: mas / yr}
#       value: !astropy.table.SerializedColumn {name: pm_ra_cosdec}
#     ra:
#       __class__: astropy.coordinates.angles.Longitude
#       unit: *id001
#       value: !astropy.table.SerializedColumn {name: ra}
#       wrap_angle: !astropy.coordinates.Angle
#         unit: *id001
#         value: 360.0
#     radial_velocity:
#       __class__: astropy.units.quantity.Quantity
#       unit: !astropy.units.Unit {unit: km / s}
#       value: !astropy.table.SerializedColumn {name: radial_velocity}
# schema: astropy-2.0
ra,dec,distance,pm_ra_cosdec,pm_dec,radial_velocity
[from data line 556]
157.53610196214348,15.34024662959309,15.92124380983636,6.661338147750939e-16,-4.440892098500626e-16,296.241950809506
157.54636995130028,15.338764763152733,15.917980519975309,8.881784197001252e-16,-2.220446049250313e-16,296.2326401906102
157.5566377707557,15.337282272682572,15.91471871415467,2.2204460492503128e-16,-2.220446049250313e-16,296.2233119286431
157.5669054205601,15.33579915889677,15.911458392447289,4.440892098500626e-16,0.0,296.2139660292901
157.57717290076394,15.334315422509517,15.908199554926002,6.661338147750939e-16,-2.220446049250313e-16,296.20460249823594
157.5874402114179,15.332831064234968,15.904942201663639,-6.661338147750939e-16,0.0,296.1952213411659
157.59770735257274,15.331346084787308,15.901686332733039,6.661338147750939e-16,-2.220446049250313e-16,296.1858225637649
157.60797432427947,15.329860484880689,15.898431948207035,6.661338147750939e-16,-2.220446049250313e-16,296.17640617171804
157.61824112658914,15.328374265229282,15.895179048158464,0.0,-4.440892098500626e-16,296.16697217071027
157.628507759553,15.32688742654724,15.89192763266016,1.3322676295501878e-15,-4.440892098500626e-16,296.1575205664266
157.63877422322253,15.325399969548723,15.88867770178496,6.661338147750939e-16,-2.220446049250313e-16,296.1480513645522
157.64904051764924,15.32391189494788,15.885429255605697,2.220446049250313e-16,0.0,296.1385645707721
157.65930664288481,15.322423203458879,15.882182294195205,0.0,-2.220446049250313e-16,296.12906019077127
157.6695725989812,15.320933895795841,15.878936817626323,0.0,0.0,296.11953823023475
157.67983838599034,15.31944397267294,15.875692825971887,0.0,-2.220446049250313e-16,296.1099986948476
157.69010400396445,15.317953434804288,15.872450319304729,8.881784197001252e-16,2.220446049250313e-16,296.10044159029485
157.70036945295584,15.316462282904045,15.869209297697685,0.0,0.0,296.0908669222616
157.710634733017,15.314970517686335,15.865969761223592,-2.220446049250313e-16,4.440892098500626e-16,296.08127469643273
157.72089984420052,15.3134781398653,15.86273170995528,2.220446049250313e-16,4.440892098500626e-16,296.07166491849347
157.73116478655922,15.311985150155065,15.859495143965589,-2.220446049250313e-16,-4.440892098500626e-16,296.0620375941287
157.74142956014603,15.310491549269749,15.856260063327355,0.0,2.220446049250313e-16,296.05239272902344
157.75169416501402,15.308997337923483,15.853026468113407,-2.220446049250313e-16,-2.220446049250313e-16,296.042730328863
157.76195860121643,15.307502516830384,15.849794358396588,4.440892098500626e-16,-2.220446049250313e-16,296.0330503993322
157.77222286880664,15.306007086704568,15.846563734249731,6.661338147750939e-16,0.0,296.0233529461159
157.78248696783822,15.30451104826015,15.84333459574567,4.440892098500626e-16,2.220446049250313e-16,296.0136379748995
157.79275089836486,15.30301440221124,15.840106942957236,2.220446049250313e-16,-2.220446049250313e-16,296.0039054913678
157.8030146604404,15.301517149271938,15.836880775957274,0.0,2.220446049250313e-16,295.9941555012061
157.8132782541188,15.30001929015636,15.83365609481861,4.4408920985006257e-16,-2.220446049250313e-16,295.9843880100991
157.82354167945428,15.298520825578597,15.830432899614086,-6.661338147750939e-16,2.220446049250313e-16,295.9746030237321
157.83380493650108,15.297021756252756,15.827211190416532,-6.661338147750939e-16,-4.440892098500626e-16,295.96480054778993
157.84406802531367,15.29552208289292,15.823990967298787,8.881784197001252e-16,-2.220446049250313e-16,295.95498058795783
157.85433094594669,15.29402180621318,15.820772230333684,-2.220446049250313e-16,0.0,295.9451431499206
157.86459369845485,15.292520926927631,15.817554979594057,0.0,0.0,295.9352882393635
157.8748562828931,15.291019445750358,15.814339215152746,-6.661338147750939e-16,-2.220446049250313e-16,295.9254158619716
157.88511869931642,15.289517363395422,15.811124937082585,4.440892098500626e-16,6.661338147750939e-16,295.9155260234296
157.89538094778013,15.288014680576932,15.807912145456406,4.440892098500626e-16,-2.220446049250313e-16,295.90561872942305
157.90564302833954,15.286511398008932,15.804700840347044,8.881784197001251e-16,-2.220446049250313e-16,295.89569398563646
157.91590494105017,15.285007516405512,15.801491021827339,4.440892098500626e-16,0.0,295.8857517977552
157.92616668596767,15.283503036480727,15.798282689970124,-4.440892098500626e-16,0.0,295.8757921714641
157.9364282631479,15.28199795894865,15.795075844848231,0.0,0.0,295.8658151124484
157.94668967264678,15.280492284523337,15.7918704865345,-6.661338147750939e-16,-2.220446049250313e-16,295.8558206263931
157.95695091452046,15.278986013918841,15.788666615101764,6.661338147750939e-16,0.0,295.84580871898316
157.9672119888252,15.277479147849224,15.785464230622857,6.661338147750939e-16,-2.220446049250313e-16,295.8357793959036
157.97747289561747,15.27597168702853,15.782263333170619,-4.440892098500626e-16,0.0,295.82573266283964
157.98773363495377,15.274463632170804,15.779063922817882,-4.440892098500626e-16,-2.220446049250313e-16,295.81566852547604
157.99799420689084,15.27295498399009,15.775865999637476,8.881784197001252e-16,-2.220446049250313e-16,295.805586989498
158.0082546114856,15.271445743200427,15.772669563702243,8.881784197001251e-16,0.0,295.79548806059046
158.01851484879506,15.269935910515853,15.769474615085022,8.881784197001252e-16,0.0,295.78537174443875
158.0287749188764,15.2684254866504,15.766281153858639,-2.220446049250313e-16,0.0,295.7752380467275
158.0390348217869,15.266914472318097,15.76308918009593,4.440892098500626e-16,2.220446049250313e-16,295.76508697314205
158.04929455758415,15.26540286823297,15.759898693869738,2.220446049250313e-16,-4.440892098500626e-16,295.75491852936733
158.0595541263257,15.263890675109032,15.756709695252896,0.0,-2.220446049250313e-16,295.74473272108844
158.06981352806937,15.262377893660313,15.753522184318227,-2.220446049250313e-16,-2.220446049250313e-16,295.7345295539902
158.08007276287304,15.260864524600816,15.750336161138586,-4.4408920985006257e-16,0.0,295.72430903375783
158.09033183079484,15.25935056864456,15.747151625786794,6.661338147750939e-16,-2.220446049250313e-16,295.71407116607645
158.10059073189305,15.257836026505545,15.743968578335693,-8.881784197001252e-16,0.0,295.70381595663093
158.11084946622594,15.25632089889778,15.740787018858116,6.661338147750939e-16,0.0,295.6935434111063
158.12110803385212,15.254805186535258,15.737606947426896,6.661338147750939e-16,2.220446049250313e-16,295.6832535351879
158.1313664348303,15.253288890131989,15.73442836411487,4.440892098500626e-16,-2.220446049250313e-16,295.6729463345603
158.1416246692193,15.251772010401952,15.731251268994871,-6.661338147750939e-16,-4.440892098500626e-16,295.66262181490885
158.15188273707807,15.250254548059136,15.728075662139743,6.661338147750939e-16,-4.440892098500626e-16,295.65227998191847
158.16214063846581,15.248736503817527,15.724901543622309,-4.4408920985006257e-16,-4.440892098500626e-16,295.64192084127427
158.17239837344175,15.247217878391108,15.721728913515413,8.881784197001252e-16,-2.220446049250313e-16,295.6315443986613
158.1826559420654,15.245698672493857,15.718557771891895,0.0,-4.440892098500626e-16,295.62115065976457
158.19291334439626,15.244178886839743,15.715388118824572,1.1102230246251565e-15,0.0,295.61073963026894
158.20317058049415,15.242658522142735,15.712219954386294,1.1102230246251565e-15,4.440892098500626e-16,295.6003113158597
158.21342765041894,15.241137579116813,15.709053278649895,2.2204460492503128e-16,0.0,295.58986572222193
158.2236845542307,15.239616058475915,15.705888091688207,2.220446049250313e-16,0.0,295.5794028550404
158.23394129198954,15.238093960934021,15.702724393574059,4.440892098500626e-16,-2.220446049250313e-16,295.5689227200003
158.24419786375586,15.236571287205074,15.6995621843803,8.881784197001252e-16,0.0,295.5584253227866
158.25445426959018,15.235048038003026,15.696401464179756,0.0,-2.220446049250313e-16,295.5479106690845
158.2647105095531,15.23352421404182,15.693242233045266,0.0,0.0,295.5373787645788
158.2749665837054,15.231999816035405,15.690084491049657,8.881784197001252e-16,0.0,295.52682961495475
158.28522249210812,15.230474844697715,15.686928238265777,-4.440892098500626e-16,0.0,295.51626322589726
158.2954782348222,15.22894930074268,15.68377347476646,-2.2204460492503128e-16,0.0,295.50567960309155
158.30573381190902,15.227423184884248,15.68062020062453,-2.220446049250313e-16,-2.220446049250313e-16,295.4950787522224
158.31598922342988,15.225896497836331,15.677468415912829,4.440892098500626e-16,-4.440892098500626e-16,295.484460678975
158.32624446944638,15.224369240312855,15.674318120704191,6.661338147750939e-16,-6.661338147750939e-16,295.4738253890344
158.33649955002022,15.222841413027732,15.671169315071456,6.661338147750939e-16,0.0,295.46317288808547
158.3467544652132,15.22131301669489,15.668021999087452,2.220446049250313e-16,0.0,295.4525031818134
158.35700921508732,15.219784052028231,15.664876172825018,8.881784197001252e-16,2.220446049250313e-16,295.4418162759032
158.36726379970477,15.218254519741668,15.661731836356989,8.881784197001252e-16,0.0,295.43111217604
158.37751821912778,15.216724420549097,15.658588989756206,1.1102230246251565e-15,0.0,295.4203908879087
158.38777247341883,15.215193755164417,15.655447633095493,0.0,0.0,295.40965241719437
158.3980265626405,15.213662524301522,15.652307766447692,4.4408920985006257e-16,2.220446049250313e-16,295.39889676958205
158.40828048685555,15.212130728674316,15.649169389885637,6.661338147750939e-16,0.0,295.3881239507567
158.41853424612685,15.210598368996667,15.64603250348216,-4.440892098500626e-16,0.0,295.37733396640357
158.4287878405174,15.209065445982468,15.642897107310102,6.661338147750939e-16,-4.440892098500626e-16,295.3665268222076
158.43904127009048,15.207531960345586,15.639763201442296,-4.440892098500626e-16,0.0,295.3557025238538
158.44929453490934,15.20599791279991,15.636630785951573,1.1102230246251565e-15,-2.220446049250313e-16,295.3448610770271
158.45954763503758,15.204463304059294,15.633499860910778,-4.440892098500626e-16,2.220446049250313e-16,295.33400248741276
158.4698005705387,15.20292813483762,15.630370426392735,8.881784197001252e-16,-4.440892098500626e-16,295.32312676069563
158.48005334147658,15.201392405848733,15.627242482470288,8.881784197001251e-16,2.220446049250313e-16,295.3122339025609
158.49030594791515,15.199856117806505,15.62411602921627,1.1102230246251565e-15,-2.220446049250313e-16,295.3013239186934
158.50055838991847,15.198319271424774,15.620991066703514,6.661338147750939e-16,2.220446049250313e-16,295.29039681477855
158.51081066755077,15.196781867417402,15.617867595004856,-6.661338147750939e-16,0.0,295.2794525965009
158.52106278087643,15.195243906498229,15.61474561419313,8.881784197001252e-16,-4.440892098500626e-16,295.2684912695458
158.53131472996003,15.193705389381085,15.611625124341176,2.220446049250313e-16,0.0,295.2575128395983
158.54156651486622,15.19216631677982,15.608506125521822,0.0,0.0,295.24651731234314
158.55181813565983,15.190626689408262,15.605388617807911,8.881784197001252e-16,0.0,295.23550469346577
158.56206959240583,15.189086507980239,15.60227260127227,2.220446049250313e-16,0.0,295.22447498865097
158.57232088516938,15.18754577320957,15.599158075987747,-4.440892098500626e-16,-2.220446049250313e-16,295.2134282035838
158.5825720140157,15.18600448581007,15.59604504202716,6.661338147750939e-16,-4.440892098500626e-16,295.20236434394945
158.5928229790103,15.184462646495563,15.592933499463358,0.0,-2.220446049250313e-16,295.19128341543274
158.6030737802187,15.182920255979852,15.589823448369168,-2.220446049250313e-16,0.0,295.1801854237188
158.6133244177066,15.181377314976745,15.586714888817433,6.661338147750939e-16,-2.220446049250313e-16,295.16907037449266
158.62357489153993,15.17983382420004,15.583607820880982,2.220446049250313e-16,0.0,295.1579382734394
158.63382520178467,15.178289784363539,15.580502244632655,0.0,0.0,295.1467891262441
158.64407534850702,15.176745196181033,15.57739816014528,8.881784197001252e-16,-2.220446049250313e-16,295.1356229385916
158.65432533177332,15.1752000603663,15.574295567491703,-2.220446049250313e-16,2.220446049250313e-16,295.1244397161672
158.66457515164996,15.173654377633143,15.571194466744746,-8.881784197001251e-16,2.220446049250313e-16,295.1132394646558
158.6748248082036,15.172108148695324,15.568094857977254,6.661338147750939e-16,2.220446049250313e-16,295.1020221897424
158.68507430150103,15.170561374266622,15.56499674126206,-6.661338147750939e-16,2.220446049250313e-16,295.0907878971122
158.6953236316091,15.169014055060813,15.561900116671998,-6.661338147750939e-16,0.0,295.0795365924499
158.70557279859491,15.167466191791663,15.558804984279904,2.220446049250313e-16,-4.440892098500626e-16,295.0682682814408
158.71582180252568,15.165917785172912,15.555711344158613,-2.220446049250313e-16,-2.220446049250313e-16,295.0569829697701
158.72607064346877,15.164368835918342,15.552619196380963,-6.661338147750939e-16,-2.220446049250313e-16,295.0456806631224
158.7363193214916,15.16281934474169,15.549528541019784,6.661338147750939e-16,2.220446049250313e-16,295.0343613671832
158.74656783666197,15.16126931235671,15.546439378147916,-6.661338147750939e-16,0.0,295.02302508763717
158.75681618904756,15.159718739477144,15.543351707838186,6.661338147750939e-16,4.440892098500626e-16,295.0116718301694
158.76706437871636,15.158167626816725,15.54026553016344,1.1102230246251565e-15,2.220446049250313e-16,295.0003016004652
158.77731240573647,15.156615975089197,15.53718084519651,4.4408920985006257e-16,0.0,294.9889144042093
158.78756027017616,15.155063785008275,15.534097653010225,0.0,0.0,294.977510247087
158.79780797210375,15.153511057287698,15.531015953677429,4.440892098500626e-16,-2.220446049250313e-16,294.96608913478315
158.8080555115879,15.151957792641177,15.527935747270954,4.4408920985006257e-16,0.0,294.95465107298287
158.8183028886972,15.150403991782422,15.524857033863634,6.661338147750939e-16,0.0,294.943196067371
158.8285501035005,15.148849655425156,15.521779813528303,6.661338147750939e-16,-6.661338147750939e-16,294.9317241236329
158.83879715606685,15.147294784283067,15.518704086337802,-1.1102230246251565e-15,2.220446049250313e-16,294.9202352474534
158.84904404646528,15.145739379069877,15.515629852364958,2.220446049250313e-16,-2.220446049250313e-16,294.9087294445176
158.85929077476516,15.144183440499267,15.512557111682613,2.220446049250313e-16,2.220446049250313e-16,294.89720672051055
158.8695373410359,15.142626969284935,15.5094858643636,-6.661338147750939e-16,0.0,294.8856670811172
158.87978374534705,15.141069966140567,15.506416110480753,-4.440892098500626e-16,4.440892098500626e-16,294.87411053202266
158.89002998776834,15.13951243177984,15.503347850106907,-2.220446049250313e-16,0.0,294.86253707891206
158.90027606836966,15.137954366916441,15.500281083314901,8.881784197001252e-16,-2.220446049250313e-16,294.8509467274702
158.91052198722102,15.136395772264029,15.497215810177567,2.220446049250313e-16,4.440892098500626e-16,294.8393394833824
158.9207677443926,15.134836648536291,15.49415203076774,0.0,-2.220446049250313e-16,294.8277153523335
158.93101333995472,15.133276996446869,15.491089745158257,-8.881784197001252e-16,0.0,294.8160743400086
158.94125877397775,15.131716816709432,15.488028953421953,4.440892098500626e-16,0.0,294.8044164520927
158.95150404653242,15.130156110037632,15.484969655631664,4.440892098500626e-16,0.0,294.79274169427094
158.9617491576894,15.128594877145114,15.481911851860222,0.0,0.0,294.7810500722282
158.97199410751966,15.127033118745524,15.478855542180465,8.881784197001252e-16,-2.220446049250313e-16,294.76934159164966
158.9822388960942,15.125470835552505,15.475800726665225,-2.220446049250313e-16,0.0,294.75761625822025
158.99248352348425,15.123908028279677,15.472747405387343,6.661338147750939e-16,4.440892098500626e-16,294.7458740776251
159.00272798976113,15.122344697640683,15.46969557841965,-4.440892098500626e-16,0.0,294.7341150555492
159.01297229499636,15.120780844349143,15.46664524583498,2.220446049250313e-16,-4.440892098500626e-16,294.7223391976777
