galstreams/tracks/track.st.Hyllus.grillmair2014.ecsv
# %ECSV 0.9
# ---
# datatype:
# - {name: ra, unit: deg, datatype: float64}
# - {name: dec, unit: deg, datatype: float64}
# - {name: distance, unit: kpc, datatype: float64}
# - {name: pm_ra_cosdec, unit: mas / yr, datatype: float64}
# - {name: pm_dec, unit: mas / yr, datatype: float64}
# - {name: radial_velocity, unit: km / s, datatype: float64}
# delimiter: ','
# meta: !!omap
# - __serialized_columns__:
#     dec:
#       __class__: astropy.coordinates.angles.Latitude
#       unit: &id001 !astropy.units.Unit {unit: deg}
#       value: !astropy.table.SerializedColumn {name: dec}
#     distance:
#       __class__: astropy.coordinates.distances.Distance
#       unit: !astropy.units.Unit {unit: kpc}
#       value: !astropy.table.SerializedColumn {name: distance}
#     pm_dec:
#       __class__: astropy.units.quantity.Quantity
#       unit: !astropy.units.Unit {unit: mas / yr}
#       value: !astropy.table.SerializedColumn {name: pm_dec}
#     pm_ra_cosdec:
#       __class__: astropy.units.quantity.Quantity
#       unit: !astropy.units.Unit {unit: mas / yr}
#       value: !astropy.table.SerializedColumn {name: pm_ra_cosdec}
#     ra:
#       __class__: astropy.coordinates.angles.Longitude
#       unit: *id001
#       value: !astropy.table.SerializedColumn {name: ra}
#       wrap_angle: !astropy.coordinates.Angle
#         unit: *id001
#         value: 360.0
#     radial_velocity:
#       __class__: astropy.units.quantity.Quantity
#       unit: !astropy.units.Unit {unit: km / s}
#       value: !astropy.table.SerializedColumn {name: radial_velocity}
# schema: astropy-2.0
ra,dec,distance,pm_ra_cosdec,pm_dec,radial_velocity
[from data line 1650]
245.83856358867035,27.313268426051557,19.80830296618001,0.0,0.0,0.0
245.83908350876666,27.323361269498452,19.806329139978953,0.0,0.0,0.0
245.83960657138638,27.333454358461093,19.80435526625649,0.0,0.0,0.0
245.8401327770901,27.343547692856326,19.80238134501367,0.0,0.0,0.0
245.8406621264389,27.353641272600658,19.800407376251542,0.0,0.0,0.0
245.84119461999484,27.363735097610313,19.798433359971167,0.0,0.0,0.0
245.84173025832084,27.373829167801233,19.79645929617359,0.0,0.0,0.0
245.84226904198053,27.38392348308904,19.794485184859866,0.0,0.0,0.0
245.84281097153848,27.394018043389067,19.792511026031036,0.0,0.0,0.0
245.84335604756015,27.404112848616343,19.79053681968818,0.0,0.0,0.0
245.84390427061172,27.414207898685618,19.788562565832326,0.0,0.0,0.0
245.8444556412602,27.424303193511307,19.78658826446453,0.0,0.0,0.0
245.84501016007349,27.43439873300754,19.78461391558585,0.0,0.0,0.0
245.84556782762036,27.44449451708817,19.78263951919734,0.0,0.0,0.0
245.84612864447033,27.454590545666722,19.780665075300035,0.0,0.0,0.0
245.84669261119384,27.464686818656418,19.77869058389501,0.0,0.0,0.0
245.84725972836208,27.474783335970194,19.77671604498331,0.0,0.0,0.0
245.84782999654723,27.484880097520684,19.774741458565977,0.0,0.0,0.0
245.84840341632213,27.494977103220197,19.772766824644073,0.0,0.0,0.0
245.84897998826062,27.505074352980785,19.770792143218646,0.0,0.0,0.0
245.8495597129372,27.51517184671413,19.76881741429076,0.0,0.0,0.0
245.8501425909274,27.525269584331674,19.766842637861455,0.0,0.0,0.0
245.85072862280748,27.53536756574453,19.76486781393178,0.0,0.0,0.0
245.8513178091546,27.545465790863496,19.762892942502802,0.0,0.0,0.0
245.8519101505467,27.55556425959908,19.76091802357556,0.0,0.0,0.0
245.8525056475626,27.565662971861485,19.75894305715111,0.0,0.0,0.0
245.85310430078204,27.575761927560606,19.75696804323051,0.0,0.0,0.0
245.8537061107854,27.585861126606027,19.7549929818148,0.0,0.0,0.0
245.85431107815415,27.595960568907035,19.753017872905044,0.0,0.0,0.0
245.85491920347047,27.606060254372615,19.751042716502287,0.0,0.0,0.0
245.85553048731737,27.616160182911422,19.74906751260759,0.0,0.0,0.0
245.85614493027876,27.626260354431835,19.747092261221997,0.0,0.0,0.0
245.8567625329394,27.636360768841897,19.745116962346568,0.0,0.0,0.0
245.8573832958848,27.64646142604936,19.743141615982342,0.0,0.0,0.0
245.85800721970153,27.65656232596167,19.741166222130385,0.0,0.0,0.0
245.8586343049768,27.666663468485954,19.739190780791738,0.0,0.0,0.0
245.8592645522987,27.676764853529036,19.737215291967463,0.0,0.0,0.0
245.85989796225635,27.686866480997427,19.735239755658608,0.0,0.0,0.0
245.8605345354395,27.69696835079735,19.733264171866225,0.0,0.0,0.0
245.86117427243886,27.70707046283468,19.73128854059137,0.0,0.0,0.0
245.86181717384596,27.717172817015005,19.729312861835083,0.0,0.0,0.0
245.86246324025316,27.727275413243603,19.727337135598436,0.0,0.0,0.0
245.86311247225382,27.737378251425444,19.72536136188247,0.0,0.0,0.0
245.86376487044194,27.747481331465174,19.723385540688227,0.0,0.0,0.0
245.86442043541248,27.75758465326713,19.72140967201678,0.0,0.0,0.0
245.8650791677613,27.76768821673534,19.71943375586917,0.0,0.0,0.0
245.8657410680851,27.777792021773525,19.717457792246453,0.0,0.0,0.0
245.86640613698125,27.78789606828509,19.71548178114967,0.0,0.0,0.0
245.86707437504828,27.79800035617312,19.713505722579892,0.0,0.0,0.0
245.86774578288527,27.80810488534039,19.711529616538158,0.0,0.0,0.0
245.8684203610925,27.818209655689376,19.70955346302552,0.0,0.0,0.0
245.86909811027073,27.828314667122214,19.70757726204304,0.0,0.0,0.0
245.86977903102184,27.838419919540737,19.705601013591764,0.0,0.0,0.0
245.87046312394855,27.84852541284648,19.703624717672735,0.0,0.0,0.0
245.87115038965433,27.858631146940624,19.70164837428703,0.0,0.0,0.0
245.87184082874356,27.86873712172408,19.699671983435678,0.0,0.0,0.0
245.8725344418215,27.878843337097404,19.69769554511974,0.0,0.0,0.0
245.87323122949422,27.888949792960865,19.695719059340266,0.0,0.0,0.0
245.87393119236873,27.89905648921439,19.693742526098312,0.0,0.0,0.0
245.87463433105282,27.909163425757605,19.691765945394927,0.0,0.0,0.0
245.87534064615525,27.91927060248981,19.68978931723117,0.0,0.0,0.0
245.87605013828545,27.92937801931001,19.687812641608083,0.0,0.0,0.0
245.87676280805397,27.939485676116853,19.68583591852672,0.0,0.0,0.0
245.87747865607201,27.949593572808702,19.683859147988144,0.0,0.0,0.0
245.87819768295174,27.959701709283586,19.681882329993396,0.0,0.0,0.0
245.87891988930613,27.96981008543921,19.67990546454353,0.0,0.0,0.0
245.87964527574917,27.979918701172974,19.67792855163961,0.0,0.0,0.0
245.8803738428955,27.990027556381936,19.67595159128267,0.0,0.0,0.0
245.88110559136072,28.000136650962872,19.673974583473765,0.0,0.0,0.0
245.8818405217614,28.010245984812187,19.671997528213964,0.0,0.0,0.0
245.88257863471478,28.020355557826008,19.670020425504305,0.0,0.0,0.0
245.88331993083918,28.03046536990012,19.66804327534584,0.0,0.0,0.0
245.88406441075358,28.040575420929994,19.666066077739625,0.0,0.0,0.0
245.88481207507806,28.05068571081076,19.664088832686712,0.0,0.0,0.0
245.8855629244333,28.060796239437252,19.66211154018816,0.0,0.0,0.0
245.88631695944105,28.07090700670397,19.66013420024501,0.0,0.0,0.0
245.8870741807239,28.08101801250507,19.658156812858323,0.0,0.0,0.0
245.8878345889053,28.09112925673443,19.65617937802914,0.0,0.0,0.0
245.88859818460955,28.10124073928556,19.654201895758522,0.0,0.0,0.0
245.88936496846176,28.111352460051666,19.652224366047527,0.0,0.0,0.0
245.89013494108806,28.12146441892563,19.650246788897196,0.0,0.0,0.0
245.89090810311535,28.131576615800007,19.648269164308584,0.0,0.0,0.0
245.89168445517143,28.141689050567024,19.646291492282742,0.0,0.0,0.0
245.892463997885,28.151801723118584,19.644313772820727,0.0,0.0,0.0
245.89324673188563,28.161914633346253,19.642336005923596,0.0,0.0,0.0
245.89403265780368,28.172027781141296,19.640358191592384,0.0,0.0,0.0
245.89482177627053,28.182141166394608,19.63838032982816,0.0,0.0,0.0
245.89561408791835,28.192254788996824,19.636402420631967,0.0,0.0,0.0
245.89640959338016,28.20236864883817,19.634424464004862,0.0,0.0,0.0
245.89720829328996,28.21248274580861,19.632446459947896,0.0,0.0,0.0
245.89801018828257,28.22259707979775,19.630468408462118,0.0,0.0,0.0
245.89881527899362,28.23271165069487,19.628490309548585,0.0,0.0,0.0
245.89962356605974,28.242826458388915,19.626512163208346,0.0,0.0,0.0
245.9004350501184,28.252941502768525,19.624533969442453,0.0,0.0,0.0
245.90124973180792,28.263056783721968,19.622555728251967,0.0,0.0,0.0
245.90206761176756,28.273172301137233,19.620577439637927,0.0,0.0,0.0
245.90288869063733,28.283288054901927,19.618599103601394,0.0,0.0,0.0
245.90371296905832,28.293404044903372,19.616620720143413,0.0,0.0,0.0
245.9045404476724,28.303520271028525,19.61464228926505,0.0,0.0,0.0
245.90537112712227,28.313636733164024,19.612663810967344,0.0,0.0,0.0
245.9062050080516,28.32375343119618,19.610685285251346,0.0,0.0,0.0
245.90704209110487,28.33387036501097,19.60870671211812,0.0,0.0,0.0
245.90788237692757,28.343987534494026,19.60672809156871,0.0,0.0,0.0
245.90872586616595,28.354104939530647,19.604749423604172,0.0,0.0,0.0
245.90957255946722,28.36422258000583,19.60277070822555,0.0,0.0,0.0
245.91042245747946,28.374340455804184,19.60079194543391,0.0,0.0,0.0
245.91127556085152,28.384458566810036,19.598813135230298,0.0,0.0,0.0
245.91213187023342,28.394576912907354,19.596834277615763,0.0,0.0,0.0
245.9129913862758,28.404695493979755,19.594855372591358,0.0,0.0,0.0
245.9138541096303,28.414814309910554,19.59287642015814,0.0,0.0,0.0
245.91472004094942,28.424933360582727,19.59089742031715,0.0,0.0,0.0
245.9155891808866,28.43505264587888,19.58891837306946,0.0,0.0,0.0
245.91646153009611,28.445172165681303,19.586939278416107,0.0,0.0,0.0
245.91733708923323,28.455291919871964,19.58496013635815,0.0,0.0,0.0
245.9182158589539,28.46541190833247,19.58298094689663,0.0,0.0,0.0
245.91909783991522,28.4755321309441,19.58100171003261,0.0,0.0,0.0
245.91998303277495,28.48565258758781,19.57902242576714,0.0,0.0,0.0
245.92087143819197,28.495773278144174,19.577043094101278,0.0,0.0,0.0
245.92176305682588,28.50589420249347,19.575063715036062,0.0,0.0,0.0
245.9226578893372,28.516015360515624,19.573084288572563,0.0,0.0,0.0
245.92355593638746,28.526136752090224,19.571104814711813,0.0,0.0,0.0
245.92445719863898,28.536258377096512,19.569125293454878,0.0,0.0,0.0
245.92536167675493,28.546380235413395,19.567145724802803,0.0,0.0,0.0
245.92626937139957,28.55650232691942,19.565166108756653,0.0,0.0,0.0
245.92718028323787,28.566624651492827,19.56318644531746,0.0,0.0,0.0
245.92809441293582,28.576747209011497,19.561206734486298,0.0,0.0,0.0
245.92901176116018,28.58686999935296,19.559226976264203,0.0,0.0,0.0
245.92993232857867,28.596993022394425,19.55724717065223,0.0,0.0,0.0
245.93085611586008,28.607116278012725,19.555267317651445,0.0,0.0,0.0
245.93178312367382,28.617239766084396,19.553287417262876,0.0,0.0,0.0
245.93271335269037,28.627363486485603,19.5513074694876,0.0,0.0,0.0
245.93364680358107,28.637487439092162,19.54932747432665,0.0,0.0,0.0
245.9345834770182,28.647611623779554,19.547347431781088,0.0,0.0,0.0
245.9355233736748,28.657736040422918,19.545367341851968,0.0,0.0,0.0
245.9364664942251,28.667860688897054,19.54338720454033,0.0,0.0,0.0
245.93741283934392,28.67798556907639,19.541407019847245,0.0,0.0,0.0
245.9383624097071,28.68811068083505,19.539426787773753,0.0,0.0,0.0
245.93931520599153,28.698236024046775,19.537446508320908,0.0,0.0,0.0
245.9402712288748,28.70836159858497,19.535466181489756,0.0,0.0,0.0
245.9412304790355,28.718487404322694,19.53348580728137,0.0,0.0,0.0
245.94219295715317,28.72861344113268,19.53150538569678,0.0,0.0,0.0
245.94315866390815,28.738739708887287,19.529524916737046,0.0,0.0,0.0
245.94412759998178,28.748866207458544,19.527544400403222,0.0,0.0,0.0
245.94509976605625,28.758992936718112,19.52556383669636,0.0,0.0,0.0
245.94607516281468,28.769119896537312,19.52358322561751,0.0,0.0,0.0
245.94705379094108,28.77924708678712,19.52160256716773,0.0,0.0,0.0
245.9480356511205,28.789374507338167,19.519621861348064,0.0,0.0,0.0
245.94902074403873,28.799502158060736,19.517641108159566,0.0,0.0,0.0
245.9500090703825,28.80963003882472,19.515660307603298,0.0,0.0,0.0
245.95100063083956,28.819758149499734,19.5136794596803,0.0,0.0,0.0
245.95199542609845,28.829886489954973,19.511698564391633,0.0,0.0,0.0
245.95299345684867,28.840015060059333,19.509717621738343,0.0,0.0,0.0
245.95399472378074,28.85014385968132,19.507736631721478,0.0,0.0,0.0
245.95499922758592,28.8602728886891,19.505755594342112,0.0,0.0,0.0
245.95600696895644,28.87040214695051,19.50377450960127,0.0,0.0,0.0
245.9570179485856,28.880531634332996,19.50179337750002,0.0,0.0,0.0
245.9580321671673,28.890661350703684,19.499812198039407,0.0,0.0,0.0
245.95904962539663,28.90079129592933,19.497830971220495,0.0,0.0,0.0
245.96007032396955,28.910921469876325,19.495849697044324,0.0,0.0,0.0
245.96109426358285,28.921051872410725,19.49386837551195,0.0,0.0,0.0
245.96212144493435,28.931182503398244,19.491887006624424,0.0,0.0,0.0
245.9631518687226,28.941313362704197,19.489905590382808,0.0,0.0,0.0
245.96418553564735,28.951444450193588,19.48792412678814,0.0,0.0,0.0
245.96522244640903,28.961575765731038,19.485942615841477,0.0,0.0,0.0
245.96626260170908,28.971707309180836,19.483961057543883,0.0,0.0,0.0
245.9673060022499,28.981839080406864,19.48197945189639,0.0,0.0,0.0
245.96835264873476,28.991971079272723,19.479997798900065,0.0,0.0,0.0
245.96940254186788,29.0021033056416,19.478016098555955,0.0,0.0,0.0
245.97045568235438,29.01223575937633,19.47603435086511,0.0,0.0,0.0
245.97151207090036,29.02236844033942,19.474052555828592,0.0,0.0,0.0
245.9725717082127,29.032501348392998,19.472070713447444,0.0,0.0,0.0
245.97363459499942,29.042634483398817,19.47008882372272,0.0,0.0,0.0
245.97470073196928,29.052767845218316,19.46810688665547,0.0,0.0,0.0
245.97577011983205,29.062901433712515,19.466124902246758,0.0,0.0,0.0
245.97684275929845,29.073035248742144,19.46414287049762,0.0,0.0,0.0
245.97791865108007,29.083169290167508,19.46216079140912,0.0,0.0,0.0
245.97899779588948,29.09330355784859,19.460178664982305,0.0,0.0,0.0
245.98008019444015,29.103438051644996,19.458196491218224,0.0,0.0,0.0
245.98116584744645,29.11357277141598,19.45621427011794,0.0,0.0,0.0
245.98225475562373,29.123707717020427,19.454232001682495,0.0,0.0,0.0
245.98334691968824,29.133842888316863,19.45224968591295,0.0,0.0,0.0
245.98444234035725,29.143978285163456,19.450267322810348,0.0,0.0,0.0
245.9855410183488,29.154113907418004,19.448284912375748,0.0,0.0,0.0
245.98664295438198,29.16424975493794,19.4463024546102,0.0,0.0,0.0
245.98774814917684,29.17438582758035,19.444319949514757,0.0,0.0,0.0
245.98885660345425,29.184522125201926,19.44233739709047,0.0,0.0,0.0
245.98996831793607,29.19465864765903,19.440354797338394,0.0,0.0,0.0
245.9910832933451,29.20479539480763,19.43837215025957,0.0,0.0,0.0
245.9922015304051,29.214932366503344,19.43638945585507,0.0,0.0,0.0
245.99332302984072,29.22506956260143,19.434406714125938,0.0,0.0,0.0
245.99444779237757,29.23520698295677,19.432423925073216,0.0,0.0,0.0
245.99557581874225,29.24534462742387,19.430441088697968,0.0,0.0,0.0
245.99670710966217,29.255482495856896,19.428458205001238,0.0,0.0,0.0
245.9978416658657,29.265620588109613,19.426475273984096,0.0,0.0,0.0
245.9989794880824,29.275758904035456,19.424492295647564,0.0,0.0,0.0
246.00012057704242,29.285897443487467,19.422509269992723,0.0,0.0,0.0
246.001264933477,29.296036206318337,19.420526197020607,0.0,0.0,0.0
246.00241255811838,29.306175192380366,19.418543076732277,0.0,0.0,0.0
246.00356345169965,29.31631440152549,19.41655990912879,0.0,0.0,0.0
246.00471761495493,29.3264538336053,19.414576694211185,0.0,0.0,0.0
246.00587504861915,29.33659348847098,19.412593431980522,0.0,0.0,0.0
246.00703575342834,29.34673336597339,19.410610122437856,0.0,0.0,0.0
246.00819973011932,29.356873465962966,19.40862676558423,0.0,0.0,0.0
246.00936697943004,29.367013788289825,19.4066433614207,0.0,0.0,0.0
246.01053750209923,29.377154332803666,19.404659909948325,0.0,0.0,0.0
246.01171129886657,29.387295099353857,19.402676411168155,0.0,0.0,0.0
246.01288837047287,29.397436087789362,19.40069286508123,0.0,0.0,0.0
246.01406871765965,29.40757729795879,19.398709271688617,0.0,0.0,0.0
246.01525234116951,29.41771872971039,19.396725630991362,0.0,0.0,0.0
246.01643924174604,29.427860382891996,19.394741942990514,0.0,0.0,0.0
246.0176294201336,29.438002257351105,19.392758207687137,0.0,0.0,0.0
246.01882287707772,29.448144352934833,19.390774425082274,0.0,0.0,0.0
246.0200196133248,29.4582866694899,19.38879059517698,0.0,0.0,0.0
246.021219629622,29.46842920686268,19.38680671797231,0.0,0.0,0.0
246.02242292671778,29.47857196489918,19.3848227934693,0.0,0.0,0.0
246.02362950536127,29.48871494344498,19.382838821669022,0.0,0.0,0.0
246.0248393663027,29.498858142345334,19.38085480257252,0.0,0.0,0.0
246.02605251029317,29.509001561445096,19.378870736180854,0.0,0.0,0.0
246.0272689380848,29.519145200588753,19.37688662249506,0.0,0.0,0.0
246.0284886504306,29.52928905962041,19.374902461516207,0.0,0.0,0.0
246.0297116480846,29.53943313838378,19.372918253245338,0.0,0.0,0.0
246.03093793180173,29.549577436722245,19.370933997683508,0.0,0.0,0.0
246.03216750233798,29.559721954478757,19.36894969483177,0.0,0.0,0.0
246.03340036045014,29.56986669149591,19.366965344691167,0.0,0.0,0.0
246.03463650689608,29.580011647615937,19.36498094726277,0.0,0.0,0.0
246.03587594243456,29.590156822680655,19.362996502547617,0.0,0.0,0.0
246.0371186678253,29.60030221653152,19.361012010546766,0.0,0.0,0.0
246.03836468382914,29.610447829009626,19.359027471261268,0.0,0.0,0.0
246.03961399120757,29.620593659955663,19.357042884692166,0.0,0.0,0.0
246.04086659072334,29.630739709209916,19.355058250840525,0.0,0.0,0.0
246.04212248314,29.640885976612363,19.353073569707394,0.0,0.0,0.0
246.0433816692221,29.65103246200253,19.351088841293823,0.0,0.0,0.0
246.04464414973512,29.661179165219593,19.349104065600866,0.0,0.0,0.0
246.04590992544564,29.671326086102336,19.34711924262958,0.0,0.0,0.0
