galstreams/tracks/track.st.Orphan-Chenab.shipp2019.ecsv
# %ECSV 0.9
# ---
# datatype:
# - {name: ra, unit: deg, datatype: float64}
# - {name: dec, unit: deg, datatype: float64}
# - {name: distance, unit: kpc, datatype: float64}
# - {name: pm_ra_cosdec, unit: mas / yr, datatype: float64}
# - {name: pm_dec, unit: mas / yr, datatype: float64}
# - {name: radial_velocity, unit: km / s, datatype: float64}
# delimiter: ','
# meta: !!omap
# - __serialized_columns__:
#     dec:
#       __class__: astropy.coordinates.angles.Latitude
#       unit: &id001 !astropy.units.Unit {unit: deg}
#       value: !astropy.table.SerializedColumn {name: dec}
#     distance:
#       __class__: astropy.coordinates.distances.Distance
#       unit: !astropy.units.Unit {unit: kpc}
#       value: !astropy.table.SerializedColumn {name: distance}
#     pm_dec:
#       __class__: astropy.units.quantity.Quantity
#       unit: !astropy.units.Unit {unit: mas / yr}
#       value: !astropy.table.SerializedColumn {name: pm_dec}
#     pm_ra_cosdec:
#       __class__: astropy.units.quantity.Quantity
#       unit: !astropy.units.Unit {unit: mas / yr}
#       value: !astropy.table.SerializedColumn {name: pm_ra_cosdec}
#     ra:
#       __class__: astropy.coordinates.angles.Longitude
#       unit: *id001
#       value: !astropy.table.SerializedColumn {name: ra}
#       wrap_angle: !astropy.coordinates.Angle
#         unit: *id001
#         value: 360.0
#     radial_velocity:
#       __class__: astropy.units.quantity.Quantity
#       unit: !astropy.units.Unit {unit: km / s}
#       value: !astropy.table.SerializedColumn {name: radial_velocity}
# schema: astropy-2.0
ra,dec,distance,pm_ra_cosdec,pm_dec,radial_velocity
[from data line 822]
327.218434897225,-51.250484868511116,39.800000000000196,0.3741903951913961,-2.365457872312942,1.3905044346215594e-09
327.2257732135128,-51.241566669085266,39.8000000000002,0.3744027140481614,-2.364782930869245,1.3961631901328336e-09
327.23311414232364,-51.232649469168635,39.80000000000021,0.3746147861736595,-2.3641076773223504,1.4017882625755884e-09
327.2404576830726,-51.223733268078725,39.800000000000225,0.374826611369959,-2.3634321117385544,1.4073796519498236e-09
327.2478038351755,-51.214818065132995,39.800000000000225,0.37503818943921235,-2.3627562341842245,1.4130384074610978e-09
327.25515259804934,-51.205903859648885,39.800000000000225,0.37524952018366015,-2.3620800447258015,1.4187308460408915e-09
327.2625039711119,-51.19699065094376,39.80000000000023,0.37546060340563203,-2.3614035434297893,1.4243896015521657e-09
327.26985795378204,-51.18807843833498,39.800000000000246,0.3756714389075415,-2.3607267303627673,1.4301494062689985e-09
327.2772145454792,-51.17916722113985,39.800000000000246,0.3758820264918911,-2.3600496055913855,1.4360102601913895e-09
327.284573745624,-51.17025699867563,39.80000000000025,0.3760923659612697,-2.3593721691823597,1.4417700649082223e-09
327.29193555363804,-51.16134777025957,39.80000000000026,0.3763024571183544,-2.358694421202477,1.447731968036172e-09
327.29929996894344,-51.152439535208856,39.80000000000026,0.3765122997659052,-2.3580163617185983,1.453458089684485e-09
327.30666699096366,-51.14353229284067,39.80000000000027,0.37672189370677345,-2.3573379907976495,1.4594199928124346e-09
327.31403661912276,-51.134626042472114,39.800000000000274,0.37693123874389756,-2.356659308506628,1.4653145298033454e-09
327.32140885284593,-51.12572078342028,39.800000000000274,0.37714033468029884,-2.3559803149126006,1.4712427498627755e-09
327.328783691559,-51.11681651500224,39.80000000000028,0.37734918131908823,-2.355301010082705,1.477272019127764e-09
327.33616113468895,-51.107913236535,39.80000000000029,0.37755777846346616,-2.3546213940841456,1.483267605324233e-09
327.3435411816636,-51.099010947335536,39.800000000000296,0.377766125916717,-2.353941466984201,1.4893642407262606e-09
327.3509238319116,-51.09010964672082,39.800000000000296,0.37797422348221,-2.353261228850215,1.4953935099912493e-09
327.3583090848624,-51.08120933400775,39.80000000000032,0.37818207096340517,-2.3525806797496007,1.5015238284617963e-09
327.36569693994664,-51.07231000851321,39.80000000000032,0.37838966816384817,-2.351899819749845,1.507620463863824e-09
327.3730873965955,-51.063411669554064,39.80000000000032,0.37859701488716996,-2.3512186489185014,1.513750782334371e-09
327.3804804542414,-51.05451431644712,39.800000000000324,0.3788041109370929,-2.3505371673231883,1.5199147838734376e-09
327.3878761123174,-51.04561794850914,39.80000000000033,0.3790109561174204,-2.349855375031603,1.5261461515495431e-09
327.3952743702575,-51.036722565056905,39.80000000000033,0.37921755023204673,-2.349173272111503,1.5324112022941681e-09
327.40267522749656,-51.027828165407136,39.800000000000345,0.3794238930849518,-2.3484908586307185,1.5387099361073125e-09
327.41007868347043,-51.0189347488765,39.800000000000345,0.37962998448020363,-2.347808134657151,1.5450086699204572e-09
327.41748473761584,-51.01004231478166,39.80000000000036,0.37983582422195394,-2.3471251002587645,1.551341086802121e-09
327.4248933893703,-51.00115086243924,39.80000000000036,0.38004141211444575,-2.3464417555035997,1.5577408698208242e-09
327.4323046381722,-50.992260391165836,39.80000000000037,0.3802467479620044,-2.345758100459759,1.5640396036339686e-09
327.43971848346087,-50.98337090027801,39.800000000000374,0.38045183156904383,-2.34507413519542,1.5705741189267495e-09
327.4471349246765,-50.97448238909231,39.80000000000038,0.3806566627400682,-2.3443898597788255,1.5769065358084136e-09
327.45455396126016,-50.96559485692522,39.80000000000039,0.38086124127966225,-2.343705274278285,1.5834410511011945e-09
327.4619755926538,-50.95670830309324,39.800000000000395,0.3810655669925034,-2.343020378762181,1.5899755663939754e-09
327.4693998183002,-50.9478227269128,39.800000000000395,0.3812696396833516,-2.342335173298962,1.5965100816867564e-09
327.4768266376431,-50.93893812770031,39.8000000000004,0.3814734591570575,-2.3416496579571473,1.6030445969795373e-09
327.48425605012693,-50.93005450477217,39.80000000000041,0.3816770252185533,-2.3409638328053197,1.6095791122723182e-09
327.49168805519724,-50.921171857444754,39.80000000000042,0.38188033767286356,-2.3402776979121365,1.6162146767706576e-09
327.4991226523002,-50.91229018503439,39.80000000000042,0.38208339632509675,-2.3395912533463195,1.6229512904745554e-09
327.50655984088297,-50.90340948685736,39.80000000000043,0.3822862009804486,-2.33890449917666,1.6295531719043754e-09
327.5139996203936,-50.894529762229986,39.80000000000044,0.3824887514442017,-2.338217435472016,1.6361887364027149e-09
327.5214419902809,-50.8856510104685,39.800000000000445,0.3826910475217228,-2.3375300623013167,1.6430600823806906e-09
327.5288869499946,-50.87677323088913,39.80000000000044,0.3828930890184714,-2.3368423797335587,1.6497966960845886e-09
327.5363344989853,-50.86789642280807,39.80000000000045,0.3830948757399889,-2.336154387837802,1.6566343589940449e-09
327.54378463670446,-50.859020585541515,39.80000000000046,0.3832964074919061,-2.335466086683181,1.6634046557664623e-09
327.55123736260435,-50.85014571840561,39.80000000000046,0.383497684079937,-2.3347774763388953,1.6703096848129574e-09
327.55869267613815,-50.841271820716464,39.80000000000048,0.3836987053098869,-2.3340885568742094,1.6771136646538943e-09
327.56615057675975,-50.832398891790206,39.80000000000049,0.3838994709876451,-2.333399328358462,1.6840523767689091e-09
327.5736110639242,-50.8235269309429,39.80000000000049,0.38409998091918873,-2.3327097908610557,1.6910247719524434e-09
327.581074137087,-50.81465593749059,39.8000000000005,0.38430023491058085,-2.3320199444514587,1.6979298009989388e-09
327.5885397957047,-50.805785910749336,39.8000000000005,0.3845002327679703,-2.3313297891992124,1.704902196182473e-09
327.5960080392349,-50.796916850035124,39.800000000000516,0.3846999742975967,-2.33063932517392,1.7119756405715658e-09
327.6034788671356,-50.78804875466394,39.800000000000516,0.38489945930578057,-2.329948552445258,1.7190490849606586e-09
327.61095227886597,-50.77918162395175,39.80000000000052,0.38509868759893473,-2.3292574710829648,1.7260214801441929e-09
327.61842827388597,-50.77031545721449,39.80000000000053,0.3852976589835564,-2.3285660811568496,1.7332296568073636e-09
327.62590685165634,-50.761450253768096,39.800000000000544,0.3854963732662286,-2.327874382736788,1.7403367842649758e-09
327.6333880116386,-50.75258601292844,39.80000000000055,0.3856948302536202,-2.3271823758927246,1.7475449609281466e-09
327.6408717532953,-50.74372273401141,39.80000000000056,0.3858930297524927,-2.3264900606946677,1.754719454522798e-09
327.64835807608955,-50.73486041633287,39.800000000000566,0.38609097156968497,-2.325797437212697,1.7618602650489296e-09
327.65584697948566,-50.72599905920865,39.800000000000566,0.386288655512133,-2.325104505516954,1.7692031739861783e-09
327.6633384629484,-50.71713866195455,39.80000000000057,0.38648608138685026,-2.3244112656776528,1.7765123998549074e-09
327.67083252594364,-50.708279223886386,39.80000000000059,0.3866832490009434,-2.323717717765071,1.7838216257236367e-09
327.67832916793793,-50.699420744319916,39.800000000000594,0.38688015816160165,-2.323023861849556,1.7910634854553269e-09
327.68582838839865,-50.69056322257092,39.80000000000061,0.3870768086761027,-2.3223296980015187,1.7984737605296145e-09
327.6933301867942,-50.68170665795511,39.8000000000006,0.387273200351813,-2.3216352262914386,1.8058503525353826e-09
327.7008345625935,-50.67285104978823,39.80000000000062,0.38746933299618236,-2.320940446789862,1.8133279937467093e-09
327.70834151526657,-50.66399639738597,39.80000000000062,0.3876652064167473,-2.3202453595674037,1.8207719518895164e-09
327.715851044284,-50.65514270006402,39.80000000000062,0.38786082042113373,-2.3195499646947404,1.828249593100843e-09
327.7233631491175,-50.64628995713803,39.80000000000064,0.38805617481705246,-2.31885426224262,1.8357272343121698e-09
327.7308778292393,-50.63743816792367,39.80000000000065,0.3882512694123015,-2.3181582522818553,1.8433396077975742e-09
327.7383950841226,-50.62858733173657,39.80000000000066,0.3884461040147641,-2.3174619348833247,1.8508509320774204e-09
327.7459149132415,-50.61973744789234,39.80000000000065,0.38864067843241357,-2.316765310117976,1.858463305562825e-09
327.75343731607074,-50.6108885157066,39.800000000000665,0.388834992473307,-2.3160683780568183,1.866244094390827e-09
327.76096229208594,-50.6020405344949,39.80000000000068,0.38902904594558707,-2.3153711387709324,1.873755418670673e-09
327.76848984076355,-50.593193503572856,39.80000000000069,0.3892228386574884,-2.314673592331461,1.8814688413616364e-09
327.7760199615808,-50.58434742225598,39.80000000000069,0.38941637041732713,-2.3139757388096176,1.8891822640525994e-09
327.7835526540158,-50.57550228985984,39.8000000000007,0.38960964103350926,-2.3132775782766775,1.8968956867435624e-09
327.7910879175474,-50.56665810569996,39.800000000000715,0.3898026503145233,-2.3125791108039833,1.9046091094345253e-09
327.7986257516552,-50.55781486909184,39.80000000000073,0.3899953980689507,-2.3118803364629454,1.9124572643995665e-09
327.8061661558198,-50.54897257935101,39.80000000000072,0.39018788410545585,-2.311181255325039,1.920271736296088e-09
327.81370912952246,-50.54013123579291,39.80000000000073,0.3903801082327883,-2.3104818674618044,1.9280862081926095e-09
327.82125467224523,-50.53129083773307,39.80000000000074,0.3905720702597876,-2.3097821729448476,1.9360017292946895e-09
327.82880278347096,-50.5224513844869,39.80000000000076,0.3907637699953772,-2.309082171845845,1.9438498842597307e-09
327.83635346268346,-50.513612875369866,39.800000000000765,0.39095520724857147,-2.308381864236531,1.95179908843033e-09
327.84390670936716,-50.504775309697415,39.800000000000765,0.39114638182846784,-2.3076812501887125,1.959849341806488e-09
327.8514625230072,-50.49593868678497,39.80000000000078,0.3913372935442492,-2.3069803297742575,1.9677985459770875e-09
327.8590209030899,-50.48710300594794,39.800000000000786,0.39152794220518927,-2.3062791030651018,1.975882482421765e-09
327.866581849102,-50.478268266501715,39.80000000000079,0.3917183276206456,-2.305577570133247,1.9838316865923646e-09
327.8741453605312,-50.46943446776171,39.8000000000008,0.3919084496000643,-2.3048757310507577,1.991915623037042e-09
327.8817114368659,-50.4606016090433,39.80000000000081,0.3920983079529759,-2.3041735858897683,2.0001006086872778e-09
327.8892800775954,-50.451769689661866,39.80000000000083,0.3922879024889996,-2.303471134722473,2.0081508620634356e-09
327.89685128220975,-50.44293870893276,39.80000000000083,0.3924772330178409,-2.302768377621137,2.016302164645152e-09
327.90442505019973,-50.434108666171355,39.800000000000836,0.39266629934929065,-2.3020653146580847,2.0245208333639075e-09
327.912001381057,-50.42527956069297,39.80000000000084,0.3928551012932302,-2.3013619459057106,2.0327731851511824e-09
327.9195802742738,-50.41645139181295,39.800000000000864,0.39304363865961967,-2.3006582714364723,2.0409581708014183e-09
327.92716172934354,-50.40762415884664,39.80000000000087,0.39323191125851686,-2.299954291322892,2.0492442056572126e-09
327.93474574576,-50.39879786110936,39.800000000000885,0.3934199189000567,-2.2992500056375587,2.0575976066500462e-09
327.942332323018,-50.38997249791641,39.80000000000087,0.3936076613944661,-2.298545414453126,2.0659510076428794e-09
327.949921460613,-50.381148068583094,39.80000000000089,0.3937951385520578,-2.297840517842307,2.0742370424986737e-09
327.95751315804137,-50.372324572424745,39.80000000000091,0.3939823501832308,-2.2971353158778878,2.082725175765585e-09
327.96510741480006,-50.363502008756626,39.800000000000914,0.3941692960984683,-2.2964298086327153,2.091112259826938e-09
327.9727042303871,-50.35468037689403,39.800000000000914,0.3943559761083455,-2.295723996179701,2.0994993438882907e-09
327.9803036043009,-50.345859676152244,39.80000000000093,0.39454239002352043,-2.2950178785918207,2.1079537940866826e-09
327.98790553604107,-50.33703990584656,39.80000000000094,0.3947285376547398,-2.2943114559421147,2.116509293490633e-09
327.9955100251076,-50.32822106529221,39.80000000000095,0.3949144188128346,-2.2936047283036918,2.124997426757544e-09
328.00311707100144,-50.319403153804515,39.800000000000956,0.395100033308725,-2.292897695749719,2.1335529261614944e-09
328.0107266732243,-50.3105861706987,39.80000000000096,0.39528538095341714,-2.292190358353432,2.1421421086339645e-09
328.0183388312787,-50.30177011529003,39.80000000000098,0.39547046155800325,-2.291482716188129,2.150731291106434e-09
328.0259535446679,-50.29295498689378,39.800000000000985,0.39565527493366504,-2.2907747693271725,2.1594215227844625e-09
328.0335708128958,-50.28414078482518,39.800000000001,0.3958398208916665,-2.2900665178439916,2.168078071393971e-09
328.0411906354672,-50.2753275083995,39.800000000001006,0.39602409924336135,-2.2893579618120756,2.176801986140519e-09
328.0488130118876,-50.26651515693198,39.80000000000101,0.39620810980018906,-2.2886491013049812,2.1855259008870668e-09
328.0564379416634,-50.25770372973784,39.80000000000103,0.3963918523736788,-2.287939936396327,2.1942161325650948e-09
328.06406542430136,-50.24889322613236,39.80000000000103,0.3965753267754395,-2.2872304671597985,2.202973730380162e-09
328.0716954593096,-50.240083645430765,39.80000000000105,0.39675853281717444,-2.28652069366914,2.2118323774007876e-09
328.07932804619645,-50.231274986948286,39.80000000000104,0.39694147031067084,-2.2858106159981655,2.220589975215855e-09
328.08696318447136,-50.22246725000018,39.800000000001056,0.39712413906780136,-2.285100234220748,2.22951598837352e-09
328.0946008736443,-50.21366043390168,39.80000000000107,0.39730653890052736,-2.2843895484108274,2.2384420015311843e-09
328.1022411132261,-50.204854537968025,39.800000000001084,0.39748866962089435,-2.283678558642407,2.24730064855181e-09
328.1098839027283,-50.19604956151445,39.80000000000109,0.39767053104103645,-2.2829672649895523,2.2563613939835526e-09
328.11752924166336,-50.1872455038562,39.80000000000111,0.3978521229731782,-2.282255667526392,2.2653547732782563e-09
328.12517712954417,-50.17844236430849,39.80000000000111,0.39803344522962425,-2.281543766327121,2.2742807864359212e-09
328.1328275658846,-50.169640142186594,39.800000000001134,0.3982144976227687,-2.2808315614659946,2.2832741657306246e-09
328.14048055019924,-50.160838836805745,39.800000000001134,0.3983952799650949,-2.280119053017333,2.2924022772994066e-09
328.1481360820033,-50.15203844748118,39.80000000000115,0.39857579206916827,-2.279406241055521,2.3013619735255905e-09
328.15579416081295,-50.14323897352816,39.800000000001155,0.3987560337476485,-2.2786931256550034,2.3105574512314113e-09
328.1634547861449,-50.134440414261924,39.80000000000117,0.39893600481327224,-2.2779797068902914,2.3197192458687123e-09
328.1711179575167,-50.12564276899772,39.80000000000118,0.39911570507887173,-2.2772659848359575,2.328779991300455e-09
328.17878367444655,-50.11684603705083,39.80000000000119,0.39929513435735964,-2.2765519595666373,2.338076518211834e-09
328.1864519364535,-50.10805021773647,39.800000000001205,0.39947429246174254,-2.2758376311570303,2.3472719959176545e-09
328.1941227430574,-50.09925531036994,39.80000000000121,0.3996531792051059,-2.2751229996818987,2.356501156691995e-09
328.20179609377857,-50.09046131426648,39.80000000000122,0.3998317944006277,-2.2744080652160688,2.365831366671893e-09
328.20947198813826,-50.08166822874139,39.80000000000123,0.40001013786157014,-2.273692827834425,2.375127893583272e-09
328.21715042565836,-50.07287605310993,39.80000000000125,0.4001882094012823,-2.2729772876119214,2.38449178663169e-09
328.2248314058617,-50.064084786687374,39.80000000000125,0.4003660088332034,-2.2722614446235703,2.393855679680108e-09
