galstreams/tracks/track.st.Aquarius.williams2011.ecsv
# %ECSV 0.9
# ---
# datatype:
# - {name: ra, unit: deg, datatype: float64}
# - {name: dec, unit: deg, datatype: float64}
# - {name: distance, unit: kpc, datatype: float64}
# - {name: pm_ra_cosdec, unit: mas / yr, datatype: float64}
# - {name: pm_dec, unit: mas / yr, datatype: float64}
# - {name: radial_velocity, unit: km / s, datatype: float64}
# delimiter: ','
# meta: !!omap
# - __serialized_columns__:
#     dec:
#       __class__: astropy.coordinates.angles.Latitude
#       unit: &id001 !astropy.units.Unit {unit: deg}
#       value: !astropy.table.SerializedColumn {name: dec}
#     distance:
#       __class__: astropy.coordinates.distances.Distance
#       unit: !astropy.units.Unit {unit: kpc}
#       value: !astropy.table.SerializedColumn {name: distance}
#     pm_dec:
#       __class__: astropy.units.quantity.Quantity
#       unit: !astropy.units.Unit {unit: mas / yr}
#       value: !astropy.table.SerializedColumn {name: pm_dec}
#     pm_ra_cosdec:
#       __class__: astropy.units.quantity.Quantity
#       unit: !astropy.units.Unit {unit: mas / yr}
#       value: !astropy.table.SerializedColumn {name: pm_ra_cosdec}
#     ra:
#       __class__: astropy.coordinates.angles.Longitude
#       unit: *id001
#       value: !astropy.table.SerializedColumn {name: ra}
#       wrap_angle: !astropy.coordinates.Angle
#         unit: *id001
#         value: 360.0
#     radial_velocity:
#       __class__: astropy.units.quantity.Quantity
#       unit: !astropy.units.Unit {unit: km / s}
#       value: !astropy.table.SerializedColumn {name: radial_velocity}
# schema: astropy-2.0
ra,dec,distance,pm_ra_cosdec,pm_dec,radial_velocity
[from data line 853]
347.44931050070875,-9.267917155057788,3.779967214648899,7.640073852283125,-30.12581339228293,-207.68657372597892
347.4595163769411,-9.26982629307441,3.7787300909317953,7.64517670739637,-30.132452204636092,-207.6954231396661
347.46972236539216,-9.271735128620191,3.7774929672146924,7.650280249539794,-30.139090666452397,-207.70427255335338
347.47992846607127,-9.273643661598316,3.776255843497589,7.655384478863313,-30.145728777576412,-207.71312196704062
347.4901346789881,-9.275551891911983,3.775018719780486,7.660489395516824,-30.1523665378527,-207.7219713807278
347.500341004152,-9.277459819464394,3.7737815960633823,7.665594999650152,-30.159003947125804,-207.73082079441505
347.51054744157227,-9.27936744415876,3.7725444723462793,7.670701291413057,-30.165641005240264,-207.73967020810232
347.5207539912585,-9.2812747658983,3.771307348629176,7.675808270955283,-30.172277712040607,-207.7485196217896
347.53096065321995,-9.283181784586235,3.770070224912072,7.680915938426509,-30.17891406737136,-207.75736903547673
347.541167427466,-9.285088500125791,3.7688331011949687,7.686024293976338,-30.185550071076992,-207.76621844916406
347.551374314006,-9.286994912420218,3.767595977477865,7.691133337754373,-30.19218572300203,-207.7750678628513
347.56158131284934,-9.288901021372755,3.7663588537607615,7.6962430699101265,-30.198821022990938,-207.78391727653843
347.57178842400526,-9.290806826886653,3.7651217300436586,7.701353490593064,-30.205455970888202,-207.7927666902257
347.581995647483,-9.292712328865175,3.763884606326555,7.706464599952623,-30.21209056653826,-207.80161610391295
347.59220298329194,-9.29461752721159,3.762647482609451,7.7115763981381695,-30.21872480978559,-207.81046551760008
347.6024104314412,-9.296522421829167,3.761410358892348,7.716688885299008,-30.225358700474608,-207.81931493128735
347.61261799194017,-9.298427012621188,3.7601732351752446,7.721802061584436,-30.231992238449752,-207.82816434497468
347.62282566479803,-9.300331299490942,3.7589361114581417,7.72691592714367,-30.238625423555423,-207.83701375866187
347.63303345002385,-9.302235282341725,3.757698987741037,7.732030482125865,-30.245258255636053,-207.84586317234908
347.64324134762694,-9.304138961076836,3.7564618640239344,7.737145726680156,-30.251890734536005,-207.85471258603627
347.6534493576164,-9.306042335599596,3.7552247403068315,7.7422616609555845,-30.25852286009968,-207.86356199972366
347.6636574800014,-9.307945405813307,3.7539876165897272,7.7473782851012025,-30.265154632171466,-207.87241141341076
347.673865714791,-9.3098481716213,3.7527504928726243,7.752495599265944,-30.271786050595697,-207.8812608270981
347.68407406199447,-9.311750632926907,3.751513369155521,7.757613603598756,-30.278417115216744,-207.8901102407852
347.6942825216207,-9.313652789633469,3.750276245438417,7.7627322982484745,-30.28504782587892,-207.8989596544724
347.7044910936789,-9.315554641644326,3.7490391217213137,7.767851683363908,-30.291678182426597,-207.90780906815974
347.714699778178,-9.317456188862831,3.7478019980042108,7.772971759093856,-30.298308184704055,-207.91665848184692
347.7249085751271,-9.319357431192348,3.7465648742871074,7.77809252558699,-30.30493783255561,-207.92550789553434
347.73511748453524,-9.321258368536242,3.7453277505700036,7.783213982991996,-30.311567125825583,-207.9343573092215
347.74532650641135,-9.323159000797885,3.7440906268529006,7.788336131457479,-30.318196064358226,-207.94320672290868
347.7555356407645,-9.325059327880664,3.7428535031357972,7.793458971131997,-30.32482464799784,-207.95205613659584
347.7657448876035,-9.326959349687964,3.741616379418694,7.798582502164043,-30.33145287658868,-207.96090555028306
347.77595424693743,-9.32885906612318,3.7403792557015905,7.8037067247020815,-30.338080749974992,-207.96975496397042
347.78616371877513,-9.33075847708972,3.7391421319844866,7.808831638894532,-30.344708268001025,-207.97860437765752
347.7963733031255,-9.33265758249099,3.7379050082673833,7.813957244889718,-30.351335430511018,-207.98745379134482
347.80658299999754,-9.334556382230407,3.73666788455028,7.819083542835985,-30.357962237349177,-207.996303205032
347.81679280939994,-9.336454876211397,3.735430760833176,7.824210532881541,-30.36458868835973,-208.00515261871928
347.8270027313417,-9.338353064337396,3.734193637116072,7.829338215174609,-30.371214783386865,-208.01400203240647
347.8372127658315,-9.340250946511834,3.73295651339897,7.834466589863341,-30.377840522274763,-208.0228514460938
347.84742291287836,-9.342148522638169,3.7317193896818663,7.839595657095838,-30.384465904867625,-208.03170085978087
347.85763317249086,-9.344045792619845,3.730482265964763,7.844725417020133,-30.391090931009593,-208.04055027346817
347.86784354467784,-9.34594275636033,3.729245142247659,7.8498558697842284,-30.397715600544846,-208.04939968715536
347.8780540294481,-9.347839413763086,3.728008018530556,7.8549870155360555,-30.404339913317514,-208.0582491008427
347.8882646268103,-9.349735764731594,3.7267708948134524,7.860118854423523,-30.410963869171745,-208.06709851452996
347.8984753367733,-9.351631809169335,3.725533771096349,7.865251386594485,-30.41758746795165,-208.07594792821715
347.9086861593457,-9.353527546979798,3.7242966473792456,7.870384612196712,-30.424210709501345,-208.08479734190442
347.9188970945361,-9.35542297806648,3.7230595236621427,7.875518531377939,-30.430833593664936,-208.09364675559164
347.9291081423533,-9.357318102332885,3.7218223999450393,7.8806531442858825,-30.437456120286534,-208.10249616927894
347.93931930280587,-9.359212919682529,3.7205852762279354,7.885788451068148,-30.444078289210182,-208.11134558296607
347.9495305759025,-9.361107430018926,3.7193481525108316,7.8909244518723405,-30.45070010027998,-208.12019499665325
347.95974196165173,-9.363001633245604,3.7181110287937282,7.896061146845988,-30.457321553339984,-208.12904441034053
347.96995346006213,-9.364895529266095,3.716873905076625,7.90119853613657,-30.46394264823423,-208.13789382402783
347.9801650711423,-9.366789117983947,3.7156367813595215,7.9063366198915235,-30.470563384806777,-208.14674323771501
347.99037679490084,-9.368682399302696,3.714399657642419,7.911475398258208,-30.477183762901625,-208.1555926514023
348.00058863134626,-9.370575373125911,3.7131625339253147,7.916614871383996,-30.483803782362827,-208.16444206508945
348.0108005804871,-9.372468039357145,3.7119254102082113,7.921755039416138,-30.49042344303437,-208.17329147877666
348.02101264233175,-9.374360397899974,3.7106882864911075,7.926895902501848,-30.49704274476024,-208.18214089246388
348.03122481688877,-9.376252448657969,3.709451162774004,7.932037460788312,-30.503661687384444,-208.1909903061511
348.04143710416656,-9.378144191534716,3.708214039056901,7.937179714422639,-30.510280270750947,-208.1998397198384
348.0516495041736,-9.380035626433814,3.7069769153397982,7.942322663551921,-30.516898494703714,-208.20868913352572
348.0618620169184,-9.381926753258858,3.705739791622694,7.947466308323182,-30.523516359086702,-208.21753854721277
348.0720746424091,-9.383817571913452,3.7045026679055906,7.952610648883349,-30.53013386374386,-208.22638796090015
348.0822873806544,-9.385708082301212,3.7032655441884876,7.957755685379388,-30.536751008519094,-208.23523737458729
348.0925002316625,-9.38759828432576,3.7020284204713843,7.962901417958121,-30.543367793256362,-208.24408678827456
348.1027131954417,-9.389488177890726,3.700791296754281,7.968047846766387,-30.54998421779955,-208.25293620196186
348.1129262720005,-9.391377762899744,3.699554173037177,7.973194971950944,-30.55660028199258,-208.26178561564905
348.123139461347,-9.393267039256456,3.6983170493200737,7.978342793658496,-30.56321598567932,-208.27063502933623
348.13335276348965,-9.395156006864516,3.6970799256029703,7.983491312035694,-30.569831328703664,-208.27948444302353
348.1435661784367,-9.397044665627579,3.695842801885867,7.988640527229152,-30.57644631090948,-208.28833385671078
348.1537797061963,-9.398933015449309,3.694605678168763,7.993790439385429,-30.58306093214063,-208.29718327039797
348.1639933467768,-9.400821056233383,3.69336855445166,7.998941048651018,-30.589675192240946,-208.30603268408524
348.1742071001864,-9.40270878788348,3.6921314307345567,8.004092355172379,-30.596289091054285,-208.3148820977724
348.1844209664332,-9.404596210303284,3.690894307017453,8.009244359095899,-30.60290262842447,-208.3237315114597
348.1946349455255,-9.406483323396497,3.68965718330035,8.014397060567932,-30.609515804195308,-208.3325809251469
348.2048490374714,-9.408370127066814,3.6884200595832466,8.019550459734766,-30.616128618210627,-208.34143033883407
348.21506324227903,-9.410256621217949,3.687182935866143,8.024704556742659,-30.6227410703142,-208.35027975252135
348.22527755995657,-9.412142805753616,3.6859458121490403,8.029859351737798,-30.62935316034982,-208.3591291662086
348.23549199051206,-9.41402868057754,3.684708688431936,8.035014844866302,-30.635964888161265,-208.36797857989592
348.2457065339537,-9.415914245593454,3.683471564714832,8.040171036274295,-30.6425762535923,-208.37682799358305
348.2559211902894,-9.417799500705096,3.682234440997729,8.045327926107785,-30.64918725648668,-208.38567740727026
348.26613595952733,-9.419684445816214,3.680997317280625,8.050485514512758,-30.655797896688146,-208.39452682095748
348.2763508416754,-9.42156908083056,3.6797601935635216,8.055643801635144,-30.662408174040433,-208.40337623464475
348.2865658367418,-9.423453405651895,3.6785230698464195,8.06080278762085,-30.66901808838724,-208.41222564833197
348.29678094473434,-9.42533742018399,3.6772859461293153,8.065962472615675,-30.675627639572337,-208.4210750620192
348.3069961656611,-9.427221124330618,3.6760488224122123,8.071122856765392,-30.682236827439375,-208.42992447570654
348.31721149953006,-9.42910451799557,3.674811698695108,8.076283940215763,-30.68884565183208,-208.43877388939367
348.327426946349,-9.430987601082625,3.6735745749780055,8.081445723112411,-30.695454112594085,-208.447623303081
348.33764250612603,-9.432870373495593,3.6723374512609017,8.086608205600992,-30.702062209569117,-208.45647271676813
348.34785817886893,-9.434752835138273,3.671100327543798,8.091771387827052,-30.7086699426008,-208.46532213045538
348.3580739645856,-9.43663498591448,3.6698632038266954,8.096935269936116,-30.71527731153279,-208.47417154414254
348.36828986328396,-9.438516825728037,3.668626080109592,8.102099852073632,-30.721884316208754,-208.48302095782998
348.3785058749718,-9.440398354482767,3.667388956392488,8.107265134385042,-30.72849095647229,-208.49187037151717
348.3887219996569,-9.442279572082509,3.6661518326753844,8.11243111701569,-30.73509723216702,-208.50071978520435
348.39893823734724,-9.444160478431108,3.664914708958281,8.117597800110872,-30.741703143136576,-208.5095691988916
348.4091545880504,-9.44604107343241,3.6636775852411776,8.122765183815847,-30.74830868922453,-208.5184186125788
348.41937105177425,-9.447921356990276,3.662440461524074,8.127933268275822,-30.754913870274486,-208.52726802626606
348.4295876285265,-9.449801329008569,3.6612033378069713,8.133102053635955,-30.761518686130017,-208.5361174399532
348.43980431831494,-9.451680989391164,3.6599662140898674,8.13827154004133,-30.768123136634703,-208.54496685364055
348.4500211211473,-9.45356033804194,3.658729090372764,8.143441727636997,-30.774727221632073,-208.5538162673277
348.46023803703116,-9.45543937486479,3.657491966655661,8.148612616567952,-30.781330940965688,-208.56266568101492
348.47045506597425,-9.4573180997636,3.6562548429385573,8.153784206979138,-30.7879342944791,-208.57151509470216
348.4806722079843,-9.459196512642281,3.6550177192214535,8.15895649901543,-30.794537282015828,-208.5803645083894
348.49088946306887,-9.461074613404739,3.653780595504351,8.164129492821681,-30.801139903419354,-208.58921392207662
348.5011068312355,-9.462952401954897,3.6525434717872476,8.169303188542658,-30.807742158533255,-208.59806333576387
348.511324312492,-9.464829878196669,3.6513063480701433,8.174477586323121,-30.81434404720097,-208.60691274945108
348.52154190684575,-9.466707042033999,3.6500692243530404,8.179652686307717,-30.82094556926599,-208.6157621631383
348.5317596143044,-9.468583893370825,3.6488321006359365,8.184828488641084,-30.827546724571818,-208.62461157682557
348.5419774348755,-9.470460432111087,3.647594976918833,8.1900049934678,-30.83414751296189,-208.6334609905129
348.55219536856663,-9.472336658158751,3.6463578532017302,8.19518220093241,-30.840747934279676,-208.6423104042
348.56241341538515,-9.474212571417773,3.645120729484627,8.200360111179327,-30.847347988368618,-208.65115981788728
348.5726315753387,-9.476088171792128,3.643883605767524,8.205538724353008,-30.853947675072153,-208.6600092315745
348.58284984843465,-9.477963459185787,3.64264648205042,8.210718040597817,-30.860546994233705,-208.66885864526176
348.5930682346804,-9.479838433502746,3.6414093583333154,8.21589806005806,-30.8671459456967,-208.677708058949
348.60328673408355,-9.481713094646986,3.6401722346162133,8.221078782877978,-30.873744529304496,-208.68655747263622
348.6135053466514,-9.483587442522515,3.6389351108991095,8.226260209201811,-30.880342744900542,-208.69540688632338
348.6237240723913,-9.485461477033342,3.637697987182006,8.231442339173682,-30.8869405923282,-208.70425630001066
348.6339429113107,-9.487335198083473,3.6364608634649023,8.236625172937718,-30.893538071430836,-208.71310571369798
348.644161863417,-9.489208605576945,3.6352237397477993,8.241808710637944,-30.900135182051823,-208.7219551273852
348.6543809287175,-9.491081699417778,3.6339866160306955,8.24699295241838,-30.90673192403452,-208.7308045410724
348.6646001072195,-9.492954479510013,3.632749492313593,8.252177898422955,-30.91332829722225,-208.7396539547596
348.6748193989302,-9.494826945757698,3.631512368596489,8.25736354879555,-30.919924301458373,-208.74850336844685
348.6850388038571,-9.496699098064884,3.630275244879386,8.262549903680041,-30.92651993658619,-208.757352782134
348.6952583220072,-9.49857093633563,3.6290381211622824,8.267736963220166,-30.933115202449017,-208.76620219582136
348.705477953388,-9.500442460474007,3.627800997445178,8.272924727559698,-30.939710098890174,-208.77505160950847
348.7156976980066,-9.502313670384094,3.626563873728075,8.278113196842288,-30.94630462575293,-208.78390102319574
348.7259175558701,-9.504184565969972,3.6253267500109714,8.283302371211573,-30.952898782880595,-208.792750436883
348.7361375269859,-9.506055147135728,3.6240896262938684,8.288492250811135,-30.959492570116414,-208.80159985057026
348.746357611361,-9.507925413785468,3.6228525025767655,8.29368283578448,-30.966085987303668,-208.81044926425753
348.7565778090027,-9.509795365823294,3.6216153788596617,8.298874126275093,-30.972679034285605,-208.81929867794466
348.766798119918,-9.51166500315332,3.620378255142558,8.304066122426388,-30.97927171090547,-208.8281480916319
348.777018544114,-9.51353432567967,3.619141131425455,8.309258824381702,-30.985864017006488,-208.8369975053192
348.78723908159793,-9.515403333306471,3.617904007708351,8.314452232284387,-30.992455952431886,-208.84584691900636
348.79745973237675,-9.517272025937862,3.6166668839912477,8.319646346277661,-30.99904751702488,-208.8546963326937
348.8076804964576,-9.519140403477982,3.615429760274144,8.32484116650477,-31.005638710628673,-208.86354574638082
348.8179013738474,-9.521008465830992,3.6141926365570405,8.330036693108827,-31.01222953308645,-208.872395160068
348.82812236455317,-9.522876212901043,3.612955512839937,8.33523292623293,-31.0188199842414,-208.88124457375534
348.8383434685821,-9.524743644592304,3.611718389122834,8.340429866020166,-31.025410063936686,-208.89009398744253
348.8485646859409,-9.526610760808957,3.6104812654057303,8.345627512613486,-31.03199977201549,-208.8989434011298
348.85878601663677,-9.528477561455176,3.609244141688627,8.350825866155859,-31.038589108320945,-208.9077928148169
348.86900746067647,-9.530344046435154,3.6080070179715236,8.356024926790136,-31.04517807269621,-208.91664222850423
