galstreams/tracks/track.ep.TucanaIII.shipp2018,drlicawagner2015.ecsv
# %ECSV 0.9
# ---
# datatype:
# - {name: ra, unit: deg, datatype: float64}
# - {name: dec, unit: deg, datatype: float64}
# - {name: distance, unit: kpc, datatype: float64}
# - {name: pm_ra_cosdec, unit: mas / yr, datatype: float64}
# - {name: pm_dec, unit: mas / yr, datatype: float64}
# - {name: radial_velocity, unit: km / s, datatype: float64}
# delimiter: ','
# meta: !!omap
# - __serialized_columns__:
#     dec:
#       __class__: astropy.coordinates.angles.Latitude
#       unit: &id001 !astropy.units.Unit {unit: deg}
#       value: !astropy.table.SerializedColumn {name: dec}
#     distance:
#       __class__: astropy.coordinates.distances.Distance
#       unit: !astropy.units.Unit {unit: kpc}
#       value: !astropy.table.SerializedColumn {name: distance}
#     pm_dec:
#       __class__: astropy.units.quantity.Quantity
#       unit: !astropy.units.Unit {unit: mas / yr}
#       value: !astropy.table.SerializedColumn {name: pm_dec}
#     pm_ra_cosdec:
#       __class__: astropy.units.quantity.Quantity
#       unit: !astropy.units.Unit {unit: mas / yr}
#       value: !astropy.table.SerializedColumn {name: pm_ra_cosdec}
#     ra:
#       __class__: astropy.coordinates.angles.Longitude
#       unit: *id001
#       value: !astropy.table.SerializedColumn {name: ra}
#       wrap_angle: !astropy.coordinates.Angle
#         unit: *id001
#         value: 360.0
#     radial_velocity:
#       __class__: astropy.units.quantity.Quantity
#       unit: !astropy.units.Unit {unit: km / s}
#       value: !astropy.table.SerializedColumn {name: radial_velocity}
# schema: astropy-2.0
ra,dec,distance,pm_ra_cosdec,pm_dec,radial_velocity
353.6999999999999,-59.69999999999999,22.999999999999996,0.0,0.0,0.0
353.7480023098864,-59.70021941757643,23.02010050251256,0.0,0.0,0.0
353.79600522383186,-59.70042131652548,23.040201005025125,0.0,0.0,0.0
353.8440086916126,-59.700605696494165,23.060301507537687,0.0,0.0,0.0
353.89201266300097,-59.70077255716009,23.08040201005025,0.0,0.0,0.0
353.94001708776597,-59.70092189823149,23.100502512562812,0.0,0.0,0.0
353.98802191567324,-59.70105371944726,23.12060301507538,0.0,0.0,0.0
354.0360270964858,-59.70116802057688,23.14070351758794,0.0,0.0,0.0
354.084032579964,-59.70126480142047,23.160804020100507,0.0,0.0,0.0
354.1320383158661,-59.70134406180881,23.180904522613066,0.0,0.0,0.0
354.1800442539487,-59.70140580160331,23.20100502512563,0.0,0.0,0.0
354.22805034396697,-59.701450020695994,23.221105527638183,0.0,0.0,0.0
354.27605653567497,-59.701476719009534,23.241206030150753,0.0,0.0,0.0
354.32406277882603,-59.70148589649725,23.261306532663315,0.0,0.0,0.0
354.3720690231732,-59.7014775531431,23.281407035175878,0.0,0.0,0.0
354.42007521846944,-59.701451688961654,23.301507537688444,0.0,0.0,0.0
354.4680813144681,-59.701408303998164,23.321608040201003,0.0,0.0,0.0
354.5160872609232,-59.70134739832848,23.341708542713565,0.0,0.0,0.0
354.5640930075898,-59.701268972059104,23.36180904522613,0.0,0.0,0.0
354.6120985042244,-59.7011730253272,23.381909547738694,0.0,0.0,0.0
354.6601037005852,-59.701059558300514,23.402010050251256,0.0,0.0,0.0
354.7081085464325,-59.70092857117748,23.42211055276382,0.0,0.0,0.0
354.7561129915294,-59.70078006418712,23.442211055276378,0.0,0.0,0.0
354.804116985641,-59.70061403758912,23.46231155778894,0.0,0.0,0.0
354.8521204785362,-59.70043049167378,23.482412060301506,0.0,0.0,0.0
354.9001234199873,-59.70022942676202,23.50251256281407,0.0,0.0,0.0
354.9481257597704,-59.700010843205376,23.52261306532663,0.0,0.0,0.0
354.99612744766574,-59.69977474138606,23.542713567839197,0.0,0.0,0.0
355.04412843345824,-59.699521121716806,23.562814070351756,0.0,0.0,0.0
355.0921286669377,-59.699249984641035,23.582914572864322,0.0,0.0,0.0
355.14012809789904,-59.69896133063275,23.603015075376884,0.0,0.0,0.0
355.18812667614293,-59.698655160196566,23.62311557788945,0.0,0.0,0.0
355.236124351476,-59.69833147386768,23.643216080402013,0.0,0.0,0.0
355.2841210737111,-59.69799027221191,23.66331658291457,0.0,0.0,0.0
355.332116792668,-59.69763155582566,23.683417085427134,0.0,0.0,0.0
355.38011145817313,-59.697255325335895,23.7035175879397,0.0,0.0,0.0
355.42810502006046,-59.696861581400185,23.723618090452263,0.0,0.0,0.0
355.4760974281716,-59.69645032470668,23.74371859296482,0.0,0.0,0.0
355.52408863235644,-59.69602155597407,23.763819095477384,0.0,0.0,0.0
355.57207858247295,-59.69557527595164,23.783919597989954,0.0,0.0,0.0
355.6200672283881,-59.69511148541919,23.804020100502512,0.0,0.0,0.0
355.66805451997794,-59.69463018518712,23.82412060301507,0.0,0.0,0.0
355.71604040712805,-59.694131376096344,23.844221105527637,0.0,0.0,0.0
355.7640248397335,-59.69361505901829,23.8643216080402,0.0,0.0,0.0
355.8120077676998,-59.69308123485495,23.884422110552762,0.0,0.0,0.0
355.859989140943,-59.69252990453884,23.904522613065325,0.0,0.0,0.0
355.90796890938987,-59.69196106903294,23.924623115577894,0.0,0.0,0.0
355.95594702297836,-59.69137472933078,23.944723618090453,0.0,0.0,0.0
356.0039234316581,-59.690770886456356,23.964824120603016,0.0,0.0,0.0
356.0518980853907,-59.69014954146416,23.98492462311558,0.0,0.0,0.0
356.0998709341496,-59.68951069543917,24.005025125628144,0.0,0.0,0.0
356.1478419279213,-59.68885434949683,24.025125628140707,0.0,0.0,0.0
356.195811016705,-59.68818050478299,24.045226130653266,0.0,0.0,0.0
356.2437781505133,-59.68748916247405,24.065326633165828,0.0,0.0,0.0
356.2917432793724,-59.686780323776745,24.08542713567839,0.0,0.0,0.0
356.3397063533224,-59.6860539899283,24.105527638190953,0.0,0.0,0.0
356.38766732241805,-59.68531016219632,24.12562814070352,0.0,0.0,0.0
356.4356261367283,-59.684548841878865,24.14572864321608,0.0,0.0,0.0
356.4835827463373,-59.68377003030431,24.165829145728644,0.0,0.0,0.0
356.53153710134484,-59.6829737288315,24.185929648241206,0.0,0.0,0.0
356.57948915186614,-59.68215993884958,24.20603015075377,0.0,0.0,0.0
356.62743884803257,-59.6813286617781,24.22613065326633,0.0,0.0,0.0
356.67538613999193,-59.680479899066924,24.246231155778894,0.0,0.0,0.0
356.72333097790874,-59.67961365219629,24.26633165829146,0.0,0.0,0.0
356.77127331196453,-59.6787299226767,24.28643216080402,0.0,0.0,0.0
356.8192130923584,-59.677828712049035,24.30653266331658,0.0,0.0,0.0
356.8671502693071,-59.6769100218844,24.326633165829147,0.0,0.0,0.0
356.9150847930457,-59.67597385378424,24.346733668341706,0.0,0.0,0.0
356.9630166138276,-59.675020209380236,24.366834170854272,0.0,0.0,0.0
357.010945681925,-59.67404909033433,24.38693467336683,0.0,0.0,0.0
357.0588719476295,-59.67306049833868,24.407035175879397,0.0,0.0,0.0
357.1067953612516,-59.67205443511571,24.427135678391956,0.0,0.0,0.0
357.15471587312226,-59.671030902418046,24.44723618090452,0.0,0.0,0.0
357.20263343359244,-59.669989902028476,24.467336683417084,0.0,0.0,0.0
357.25054799303336,-59.66893143576001,24.487437185929647,0.0,0.0,0.0
357.2984595018375,-59.66785550545578,24.507537688442206,0.0,0.0,0.0
357.3463679104182,-59.666762112989105,24.527638190954775,0.0,0.0,0.0
357.3942731692108,-59.665651260263395,24.547738693467338,0.0,0.0,0.0
357.4421752286718,-59.66452294921223,24.567839195979897,0.0,0.0,0.0
357.4900740392805,-59.66337718179922,24.58793969849246,0.0,0.0,0.0
357.53796955153865,-59.662213960018114,24.608040201005025,0.0,0.0,0.0
357.58586171597074,-59.6610332858927,24.62814070351759,0.0,0.0,0.0
357.6337504831247,-59.65983516147683,24.648241206030146,0.0,0.0,0.0
357.68163580357185,-59.65861958885434,24.668341708542712,0.0,0.0,0.0
357.7295176279077,-59.65738657013916,24.688442211055275,0.0,0.0,0.0
357.7773959067515,-59.656136107475135,24.708542713567837,0.0,0.0,0.0
357.82527059074755,-59.65486820303611,24.728643216080403,0.0,0.0,0.0
357.8731416305649,-59.65358285902592,24.74874371859297,0.0,0.0,0.0
357.92100897689784,-59.65228007767828,24.768844221105528,0.0,0.0,0.0
357.9688725804664,-59.65095986125687,24.78894472361809,0.0,0.0,0.0
358.0167323920163,-59.64962221205525,24.80904522613065,0.0,0.0,0.0
358.0645883623198,-59.648267132396846,24.829145728643216,0.0,0.0,0.0
358.1124404421754,-59.64689462463499,24.849246231155778,0.0,0.0,0.0
358.1602885824088,-59.64550469115279,24.86934673366834,0.0,0.0,0.0
358.2081327338729,-59.644097334363224,24.889447236180903,0.0,0.0,0.0
358.25597284744816,-59.64267255670905,24.909547738693465,0.0,0.0,0.0
358.30380887404306,-59.64123036066279,24.92964824120603,0.0,0.0,0.0
358.3516407645941,-59.63977074872675,24.94974874371859,0.0,0.0,0.0
358.3994684700669,-59.63829372343292,24.969849246231153,0.0,0.0,0.0
358.44729194145515,-59.63679928734309,24.98994974874372,0.0,0.0,0.0
358.49511112978246,-59.635287443048654,25.010050251256278,0.0,0.0,0.0
358.5429259861019,-59.63375819317073,25.030150753768844,0.0,0.0,0.0
358.59073646149636,-59.63221154036004,25.05025125628141,0.0,0.0,0.0
358.6385425070789,-59.63064748729696,25.07035175879397,0.0,0.0,0.0
358.68634407399327,-59.629066036691476,25.090452261306528,0.0,0.0,0.0
358.7341411134142,-59.62746719128313,25.110552763819097,0.0,0.0,0.0
358.78193357654726,-59.625850953841,25.130653266331656,0.0,0.0,0.0
358.82972141462994,-59.62421732716376,25.150753768844222,0.0,0.0,0.0
358.87750457893145,-59.62256631407952,25.170854271356784,0.0,0.0,0.0
358.9252830207533,-59.62089791744591,25.190954773869343,0.0,0.0,0.0
358.9730566914293,-59.619212140150005,25.211055276381906,0.0,0.0,0.0
359.02082554232635,-59.617508985108344,25.231155778894472,0.0,0.0,0.0
359.0685895248444,-59.61578845526683,25.251256281407034,0.0,0.0,0.0
359.1163485904169,-59.61405055360078,25.271356783919593,0.0,0.0,0.0
359.1641026905111,-59.61229528311485,25.291457286432156,0.0,0.0,0.0
359.21185177662846,-59.61052264684305,25.311557788944725,0.0,0.0,0.0
359.2595958003048,-59.608732647848704,25.331658291457288,0.0,0.0,0.0
359.30733471311083,-59.606925289224385,25.35175879396985,0.0,0.0,0.0
359.35506846665226,-59.60510057409192,25.371859296482413,0.0,0.0,0.0
359.40279701257026,-59.60325850560241,25.391959798994975,0.0,0.0,0.0
359.4505203025417,-59.60139908693612,25.412060301507534,0.0,0.0,0.0
359.49823828827965,-59.59952232130249,25.4321608040201,0.0,0.0,0.0
359.5459509215334,-59.59762821194013,25.452261306532655,0.0,0.0,0.0
359.5936581540889,-59.59571676211675,25.47236180904523,0.0,0.0,0.0
359.6413599377694,-59.59378797512918,25.492462311557784,0.0,0.0,0.0
359.68905622443503,-59.591841854303254,25.51256281407035,0.0,0.0,0.0
359.736746965984,-59.58987840299393,25.53266331658292,0.0,0.0,0.0
359.78443211435217,-59.58789762458509,25.55276381909548,0.0,0.0,0.0
359.83211162151383,-59.58589952248964,25.57286432160804,0.0,0.0,0.0
359.87978543948174,-59.58388410014944,25.592964824120603,0.0,0.0,0.0
359.9274535203076,-59.58185136103525,25.61306532663317,0.0,0.0,0.0
359.9751158160824,-59.579801308646736,25.633165829145728,0.0,0.0,0.0
0.022772278936530502,-59.57773394651242,25.65326633165829,0.0,0.0,0.0
0.0704228610402953,-59.57564927818965,25.67336683417085,0.0,0.0,0.0
0.11806751460409244,-59.5735473072646,25.693467336683412,0.0,0.0,0.0
0.16570619187878607,-59.5714280373522,25.71356783919598,0.0,0.0,0.0
0.21333884515599602,-59.56929147209611,25.733668341708544,0.0,0.0,0.0
0.26096542676841167,-59.56713761516874,25.753768844221106,0.0,0.0,0.0
0.30858588909009366,-59.56496647027113,25.773869346733665,0.0,0.0,0.0
0.35620018453678826,-59.56277804113301,25.793969849246228,0.0,0.0,0.0
0.40380826556622523,-59.560572331512695,25.814070351758794,0.0,0.0,0.0
0.45141008467843,-59.55834934519712,25.834170854271356,0.0,0.0,0.0
0.4990055944160243,-59.55610908600176,25.854271356783915,0.0,0.0,0.0
0.5465947473645298,-59.5538515577706,25.87437185929648,0.0,0.0,0.0
0.5941774961526761,-59.55157676437614,25.894472361809044,0.0,0.0,0.0
0.6417537934526971,-59.549284709719295,25.914572864321606,0.0,0.0,0.0
0.6893235919806378,-59.546975397729454,25.934673366834172,0.0,0.0,0.0
0.7368868444966504,-59.54464883236436,25.954773869346734,0.0,0.0,0.0
0.7844435038053025,-59.54230501761015,25.974874371859293,0.0,0.0,0.0
0.8319935227558646,-59.53994395748124,25.994974874371863,0.0,0.0,0.0
0.8795368542426244,-59.537565656020405,26.015075376884425,0.0,0.0,0.0
0.9270734512051689,-59.5351701172986,26.035175879396988,0.0,0.0,0.0
0.9746032666286955,-59.53275734541507,26.055276381909547,0.0,0.0,0.0
1.0221262535442974,-59.53032734449718,26.07537688442211,0.0,0.0,0.0
1.0696423650292701,-59.52788011870054,26.09547738693467,0.0,0.0,0.0
1.1171515542073958,-59.525415672208794,26.115577889447234,0.0,0.0,0.0
1.1646537742492453,-59.52293400923372,26.1356783919598,0.0,0.0,0.0
1.2121489783724695,-59.52043513401513,26.155778894472363,0.0,0.0,0.0
1.259637119842091,-59.51791905082088,26.17587939698493,0.0,0.0,0.0
1.3071181519707982,-59.51538576394674,26.195979899497488,0.0,0.0,0.0
1.3545920281192327,-59.51283527771648,26.21608040201005,0.0,0.0,0.0
1.4020587016962853,-59.51026759648178,26.236180904522612,0.0,0.0,0.0
1.4495181261593781,-59.50768272462216,26.25628140703518,0.0,0.0,0.0
1.496970255014764,-59.50508066654499,26.276381909547737,0.0,0.0,0.0
1.544415041817802,-59.502461426685414,26.2964824120603,0.0,0.0,0.0
1.5918524401732554,-59.499825009506395,26.316582914572866,0.0,0.0,0.0
1.639282403735572,-59.49717141949857,26.33668341708543,0.0,0.0,0.0
1.6867048862091685,-59.49450066118028,26.35678391959799,0.0,0.0,0.0
1.7341198413487235,-59.491812739097504,26.37688442211055,0.0,0.0,0.0
1.7815272229594534,-59.489107657823865,26.396984924623116,0.0,0.0,0.0
1.8289269848973957,-59.48638542196052,26.417085427135675,0.0,0.0,0.0
1.8763190810696972,-59.48364603613619,26.437185929648237,0.0,0.0,0.0
1.9237034654348897,-59.48088950500708,26.4572864321608,0.0,0.0,0.0
1.9710800920031768,-59.47811583325686,26.477386934673365,0.0,0.0,0.0
2.0184489148367017,-59.475325025596625,26.49748743718593,0.0,0.0,0.0
2.065809888049841,-59.47251708676485,26.517587939698494,0.0,0.0,0.0
2.1131629658094764,-59.46969202152734,26.537688442211053,0.0,0.0,0.0
2.1605081023352652,-59.4668498346772,26.557788944723622,0.0,0.0,0.0
2.2078452518999283,-59.46399053103484,26.57788944723618,0.0,0.0,0.0
2.2551743688295165,-59.46111411544787,26.597989949748747,0.0,0.0,0.0
2.302495407503693,-59.458220592791044,26.61809045226131,0.0,0.0,0.0
2.3498083223559987,-59.45530996796633,26.638190954773872,0.0,0.0,0.0
2.39711306787413,-59.45238224590275,26.65829145728643,0.0,0.0,0.0
2.4444095986002137,-59.44943743155642,26.67839195979899,0.0,0.0,0.0
2.4916978691310727,-59.446475529910444,26.69849246231156,0.0,0.0,0.0
2.5389778341184956,-59.44349654597496,26.71859296482412,0.0,0.0,0.0
2.5862494482695104,-59.440500484787,26.738693467336685,0.0,0.0,0.0
2.633512666346654,-59.437487351410496,26.758793969849247,0.0,0.0,0.0
2.6807674431682322,-59.43445715093628,26.778894472361813,0.0,0.0,0.0
2.7280137336085946,-59.43140988848197,26.798994974874372,0.0,0.0,0.0
2.775251492598392,-59.428345569191954,26.819095477386934,0.0,0.0,0.0
2.8224806751248512,-59.42526419823738,26.8391959798995,0.0,0.0,0.0
2.869701236232036,-59.42216578081604,26.85929648241206,0.0,0.0,0.0
2.9169131310210994,-59.41905032215242,26.87939698492462,0.0,0.0,0.0
2.964116314650561,-59.4159178274976,26.89949748743718,0.0,0.0,0.0
3.01131074233656,-59.41276830212922,26.91959798994975,0.0,0.0,0.0
3.058496369353116,-59.40960175135141,26.93969849246231,0.0,0.0,0.0
3.1056731510323905,-59.406418180494825,26.959798994974875,0.0,0.0,0.0
3.1528410427649463,-59.40321759491654,26.979899497487434,0.0,0.0,0.0
3.1999999999999984,-59.399999999999984,26.999999999999996,0.0,0.0,0.0
