galstreams/tracks/track.Gaia-4.malhan2018.ecsv
# %ECSV 0.9
# ---
# datatype:
# - {name: sc.ra, unit: deg, datatype: float64}
# - {name: sc.dec, unit: deg, datatype: float64}
# - {name: sc.distance, unit: kpc, datatype: float64}
# - {name: width, datatype: float64}
# meta: !!omap
# - __serialized_columns__:
#     sc:
#       __class__: astropy.coordinates.sky_coordinate.SkyCoord
#       dec: !astropy.table.SerializedColumn
#         __class__: astropy.coordinates.angles.Latitude
#         unit: &id001 !astropy.units.Unit {unit: deg}
#         value: !astropy.table.SerializedColumn {name: sc.dec}
#       distance: !astropy.table.SerializedColumn
#         __class__: astropy.coordinates.distances.Distance
#         unit: !astropy.units.Unit {unit: kpc}
#         value: !astropy.table.SerializedColumn {name: sc.distance}
#       frame: icrs
#       ra: !astropy.table.SerializedColumn
#         __class__: astropy.coordinates.angles.Longitude
#         unit: *id001
#         value: !astropy.table.SerializedColumn {name: sc.ra}
#         wrap_angle: !astropy.coordinates.Angle
#           unit: *id001
#           value: 360.0
#       representation_type: spherical
# schema: astropy-2.0
sc.ra sc.dec sc.distance width
163.00073347373447 -10.998566330520992 10.700146694746893 0.0
163.00530521101248 -10.989629923570089 10.701061042202497 0.0
163.0098766713589 -10.980693448358643 10.701975334271781 0.0
163.0144478550192 -10.971756904947675 10.702889571003839 0.0
163.01901876223872 -10.962820293398218 10.703803752447742 0.0
163.02358939326288 -10.95388361377123 10.704717878652575 0.0
163.02815974833698 -10.944946866127697 10.705631949667394 0.0
163.0327298277062 -10.936010050528619 10.706545965541238 0.0
163.03729963161578 -10.927073167034905 10.707459926323155 0.0
163.04186916031085 -10.91813621570752 10.70837383206217 0.0
163.04643841403657 -10.909199196607384 10.709287682807314 0.0
163.05100739303796 -10.900262109795413 10.710201478607592 0.0
163.05557609756 -10.891324955332502 10.711115219511997 0.0
163.06014452784768 -10.88238773327954 10.712028905569536 0.0
163.0647126841459 -10.873450443697397 10.712942536829177 0.0
163.06928056669955 -10.864513086646932 10.713856113339908 0.0
163.07384817575337 -10.855575662188993 10.714769635150674 0.0
163.07841551155215 -10.846638170384411 10.715683102310429 0.0
163.0829825743406 -10.837700611293998 10.71659651486812 0.0
163.08754936436344 -10.828762984978571 10.717509872872688 0.0
163.09211588186523 -10.819825291498901 10.718423176373044 0.0
163.0966821270905 -10.810887530915812 10.7193364254181 0.0
163.10124810028384 -10.801949703290022 10.720249620056768 0.0
163.10581380168972 -10.793011808682293 10.721162760337943 0.0
163.11037923155249 -10.784073847153394 10.722075846310496 0.0
163.1149443901166 -10.775135818764005 10.722988878023317 0.0
163.11950927762632 -10.766197723574884 10.723901855525263 0.0
163.12407389432596 -10.757259561646697 10.724814778865191 0.0
163.12863824045974 -10.748321333040126 10.725727648091947 0.0
163.1332023162718 -10.739383037815886 10.726640463254357 0.0
163.13776612200635 -10.730444676034582 10.72755322440127 0.0
163.14232965790742 -10.721506247756896 10.728465931581484 0.0
163.14689292421906 -10.712567753043466 10.729378584843811 0.0
163.15145592118526 -10.703629191954871 10.730291184237052 0.0
163.15601864904994 -10.694690564551756 10.731203729809987 0.0
163.16058110805702 -10.685751870894702 10.732116221611403 0.0
163.16514329845032 -10.676813111044288 10.733028659690063 0.0
163.16970522047365 -10.667874285061075 10.733941044094728 0.0
163.17426687437074 -10.658935393005644 10.734853374874149 0.0
163.1788282603853 -10.649996434938503 10.73576565207706 0.0
163.183389378761 -10.641057410920196 10.7366778757522 0.0
163.18795022974146 -10.632118321011232 10.737590045948291 0.0
163.19251081357015 -10.62317916527211 10.73850216271403 0.0
163.19707113049068 -10.61423994376334 10.739414226098136 0.0
163.2016311807465 -10.605300656545374 10.740326236149297 0.0
163.20619096458094 -10.596361303678671 10.741238192916187 0.0
163.21075048223747 -10.587421885223712 10.742150096447494 0.0
163.21530973395934 -10.578482401240896 10.743061946791869 0.0
163.21986871998985 -10.569542851790668 10.74397374399797 0.0
163.22442744057224 -10.560603236933453 10.744885488114448 0.0
163.22898589594968 -10.551663556729602 10.745797179189935 0.0
163.23354408636527 -10.542723811239556 10.746708817273053 0.0
163.23810201206214 -10.533784000523632 10.747620402412428 0.0
163.2426596732833 -10.524844124642227 10.74853193465666 0.0
163.24721707027174 -10.515904183655689 10.749443414054348 0.0
163.25177420327043 -10.506964177624313 10.750354840654085 0.0
163.25633107252224 -10.498024106608456 10.751266214504447 0.0
163.26088767827002 -10.489083970668412 10.752177535654004 0.0
163.2654440207566 -10.480143769864478 10.75308880415132 0.0
163.27000010022468 -10.47120350425692 10.754000020044934 0.0
163.27455591691702 -10.462263173906043 10.754911183383404 0.0
163.27911147107628 -10.453322778872073 10.755822294215255 0.0
163.28366676294502 -10.444382319215245 10.756733352589002 0.0
163.28822179276588 -10.43544179499583 10.757644358553176 0.0
163.29277656078136 -10.426501206273997 10.758555312156272 0.0
163.29733106723393 -10.417560553109997 10.759466213446785 0.0
163.30188531236598 -10.408619835563988 10.760377062473196 0.0
163.30643929641997 -10.399679053696152 10.761287859283993 0.0
163.31099301963818 -10.390738207566681 10.762198603927635 0.0
163.3155464822629 -10.381797297235694 10.76310929645258 0.0
163.32009968453642 -10.372856322763358 10.764019936907282 0.0
163.3246526267009 -10.363915284209808 10.764930525340178 0.0
163.32920530899847 -10.354974181635118 10.765841061799692 0.0
163.33375773167128 -10.346033015099433 10.766751546334255 0.0
163.33830989496138 -10.337091784662826 10.767661978992276 0.0
163.34286179911078 -10.328150490385378 10.768572359822155 0.0
163.34741344436145 -10.319209132327165 10.769482688872289 0.0
163.35196483095527 -10.310267710548207 10.770392966191054 0.0
163.35651595913419 -10.301326225108573 10.771303191826837 0.0
163.36106682914 -10.29238467606828 10.772213365827996 0.0
163.36561744121443 -10.283443063487352 10.773123488242884 0.0
163.37016779559931 -10.274501387425767 10.774033559119863 0.0
163.37471789253624 -10.265559647943558 10.774943578507248 0.0
163.37926773226695 -10.25661784510066 10.77585354645339 0.0
163.383817315033 -10.247675978957046 10.776763463006603 0.0
163.38836664107595 -10.238734049572697 10.777673328215188 0.0
163.3929157106373 -10.229792057007508 10.778583142127461 0.0
163.39746452395852 -10.22085000132144 10.779492904791702 0.0
163.40201308128107 -10.211907882574407 10.780402616256213 0.0
163.40656138284623 -10.20296570082628 10.781312276569246 0.0
163.4111094288954 -10.194023456136987 10.78222188577908 0.0
163.41565721966987 -10.185081148566372 10.783131443933973 0.0
163.4202047554108 -10.176138778174323 10.784040951082158 0.0
163.42475203635942 -10.167196345020695 10.784950407271884 0.0
163.42929906275694 -10.158253849165295 10.785859812551386 0.0
163.43384583484436 -10.149311290667987 10.786769166968872 0.0
163.4383923528628 -10.14036866958857 10.787678470572558 0.0
163.44293861705322 -10.13142598598685 10.788587723410643 0.0
163.44748462765665 -10.122483239922602 10.78949692553133 0.0
163.45203038491394 -10.113540431455643 10.790406076982787 0.0
163.45657588906602 -10.104597560645706 10.791315177813203 0.0
163.4611211403537 -10.095654627552552 10.792224228070738 0.0
163.46566613901777 -10.086711632235923 10.793133227803553 0.0
163.47021088529894 -10.077768574755538 10.794042177059787 0.0
163.47475537943797 -10.068825455171146 10.794951075887592 0.0
163.47929962167544 -10.059882273542414 10.795859924335087 0.0
163.48384361225203 -10.050939029929044 10.796768722450405 0.0
163.48838735140822 -10.041995724390741 10.797677470281643 0.0
163.4929308393846 -10.033052356987131 10.79858616787692 0.0
163.4974740764216 -10.024108927777903 10.799494815284321 0.0
163.50201706275965 -10.015165436822697 10.80040341255193 0.0
163.5065597986392 -10.006221884181118 10.801311959727837 0.0
163.51110228430048 -9.997278269912812 10.802220456860095 0.0
163.51564451998382 -9.988334594077376 10.803128903996765 0.0
163.52018650592953 -9.979390856734403 10.804037301185906 0.0
163.52472824237776 -9.97044705794349 10.804945648475552 0.0
163.5292697295687 -9.961503197764173 10.805853945913741 0.0
163.53381096774245 -9.952559276256041 10.80676219354849 0.0
163.53835195713907 -9.943615293478636 10.807670391427813 0.0
163.5428926979986 -9.934671249491485 10.808578539599722 0.0
163.5474331905611 -9.925727144354099 10.809486638112219 0.0
163.55197343506637 -9.916782978126022 10.810394687013273 0.0
163.5565134317544 -9.907838750866722 10.811302686350881 0.0
163.56105318086506 -9.89889446263568 10.812210636173011 0.0
163.56559268263808 -9.889950113492407 10.813118536527616 0.0
163.57013193731328 -9.881005703496319 10.814026387462654 0.0
163.57467094513038 -9.872061232706908 10.814934189026076 0.0
163.5792097063291 -9.863116701183584 10.815841941265818 0.0
163.58374822114897 -9.854172108985768 10.816749644229793 0.0
163.58828648982964 -9.845227456172905 10.817657297965928 0.0
163.5928245126107 -9.836282742804359 10.818564902522137 0.0
163.59736228973154 -9.827337968939549 10.819472457946306 0.0
163.60189982143172 -9.818393134637855 10.820379964286342 0.0
163.60643710795063 -9.809448239958607 10.821287421590124 0.0
163.61097414952764 -9.800503284961195 10.822194829905527 0.0
163.61551094640203 -9.791558269704947 10.823102189280405 0.0
163.6200474988132 -9.7826131942492 10.824009499762639 0.0
163.6245838070003 -9.773668058653255 10.824916761400061 0.0
163.62911987120256 -9.764722862976456 10.825823974240512 0.0
163.63365569165913 -9.755777607278063 10.826731138331825 0.0
163.63819126860912 -9.746832291617368 10.827638253721823 0.0
163.6427266022916 -9.737886916053645 10.828545320458318 0.0
163.64726169294565 -9.728941480646142 10.829452338589128 0.0
163.65179654081015 -9.719995985454142 10.83035930816203 0.0
163.65633114612413 -9.711050430536844 10.831266229224825 0.0
163.66086550912647 -9.70210481595347 10.832173101825292 0.0
163.66539963005596 -9.693159141763271 10.833079926011191 0.0
163.66993350915152 -9.684213408025403 10.833986701830304 0.0
163.67446714665186 -9.675267614799088 10.834893429330371 0.0
163.6790005427957 -9.666321762143497 10.835800108559141 0.0
163.68353369782173 -9.657375850117768 10.836706739564345 0.0
163.68806661196862 -9.648429878781098 10.837613322393723 0.0
163.69259928547493 -9.639483848192587 10.838519857094985 0.0
163.69713171857924 -9.630537758411391 10.839426343715848 0.0
163.70166391152006 -9.621591609496638 10.84033278230401 0.0
163.70619586453583 -9.612645401507399 10.841239172907166 0.0
163.71072757786504 -9.603699134502799 10.842145515573009 0.0
163.71525905174602 -9.594752808541914 10.843051810349202 0.0
163.71979028641715 -9.58580642368382 10.84395805728343 0.0
163.7243212821167 -9.576859979987555 10.84486425642334 0.0
163.72885203908297 -9.567913477512215 10.845770407816593 0.0
163.7333825575541 -9.558966916316797 10.846676511510822 0.0
163.7379128377684 -9.550020296460328 10.847582567553678 0.0
163.74244287996387 -9.541073618001857 10.848488575992775 0.0
163.74697268437865 -9.532126881000341 10.849394536875728 0.0
163.75150225125083 -9.523180085514813 10.850300450250165 0.0
163.7560315808183 -9.514233231604228 10.85120631616366 0.0
163.76056067331916 -9.505286319327544 10.852112134663832 0.0
163.76508952899127 -9.496339348743762 10.853017905798254 0.0
163.7696181480725 -9.487392319911773 10.853923629614501 0.0
163.7741465308007 -9.478445232890552 10.854829306160138 0.0
163.77867467741365 -9.469498087739023 10.85573493548273 0.0
163.78320258814918 -9.46055088451605 10.856640517629835 0.0
163.78773026324492 -9.45160362328058 10.857546052648985 0.0
163.79225770293854 -9.442656304091487 10.858451540587708 0.0
163.79678490746772 -9.433708927007643 10.859356981493544 0.0
163.80131187707002 -9.42476149208793 10.860262375414003 0.0
163.805838611983 -9.415813999391167 10.861167722396601 0.0
163.81036511244417 -9.406866448976231 10.862073022488834 0.0
163.81489137869096 -9.397918840901943 10.862978275738191 0.0
163.81941741096082 -9.38897117522712 10.863883482192165 0.0
163.82394320949112 -9.38002345201057 10.864788641898222 0.0
163.82846877451925 -9.371075671311095 10.86569375490385 0.0
163.83299410628243 -9.36212783318748 10.866598821256485 0.0
163.83751920501794 -9.353179937698492 10.867503841003588 0.0
163.842044070963 -9.344231984902919 10.868408814192598 0.0
163.84656870435487 -9.335283974859472 10.869313740870972 0.0
163.85109310543052 -9.32633590762693 10.870218621086103 0.0
163.85561727442717 -9.31738778326402 10.871123454885435 0.0
163.86014121158183 -9.308439601829429 10.872028242316366 0.0
163.8646649171315 -9.299491363381907 10.8729329834263 0.0
163.86918839131317 -9.290543067980105 10.873837678262634 0.0
163.87371163436373 -9.281594715682745 10.874742326872745 0.0
163.87823464652016 -9.272646306548497 10.87564692930403 0.0
163.8827574280192 -9.263697840635995 10.87655148560384 0.0
163.8872799790977 -9.254749318003919 10.877455995819542 0.0
163.89180229999243 -9.2458007387109 10.878360459998486 0.0
163.89632439094015 -9.236852102815567 10.87926487818803 0.0
163.9008462521775 -9.227903410376541 10.8801692504355 0.0
163.9053678839411 -9.218954661452427 10.881073576788218 0.0
163.9098892864676 -9.21000585610182 10.88197785729352 0.0
163.91441045999355 -9.201056994383308 10.88288209199871 0.0
163.91893140475545 -9.192108076355458 10.88378628095109 0.0
163.92345212098982 -9.183159102076845 10.884690424197963 0.0
163.9279726089331 -9.17421007160601 10.885594521786617 0.0
163.93249286882164 -9.165260985001497 10.886498573764328 0.0
163.9370129008919 -9.156311842321823 10.887402580178376 0.0
163.94153270538007 -9.147362643625547 10.888306541076012 0.0
163.94605228252252 -9.138413388971133 10.889210456504502 0.0
163.95057163255547 -9.12946407841709 10.890114326511092 0.0
163.95509075571508 -9.120514712021922 10.891018151143015 0.0
163.95960965223762 -9.111565289844071 10.891921930447523 0.0
163.96412832235907 -9.102615811942036 10.892825664471815 0.0
163.9686467663156 -9.09366627837425 10.893729353263119 0.0
163.97316498434324 -9.084716689199157 10.894632996868648 0.0
163.97768297667795 -9.075767044475207 10.89553659533559 0.0
163.98220074355578 -9.066817344260775 10.896440148711156 0.0
163.98671828521256 -9.057867588614313 10.897343657042512 0.0
163.99123560188417 -9.048917777594205 10.898247120376833 0.0
163.9957526938065 -9.039967911258838 10.899150538761301 0.0
164.00026956121536 -9.031017989666587 10.900053912243072 0.0
164.00478620434646 -9.022068012875826 10.90095724086929 0.0
164.00930262343556 -9.013117980944902 10.90186052468711 0.0
164.0138188187183 -9.004167893932147 10.90276376374366 0.0
164.0183347904304 -8.995217751895934 10.90366695808608 0.0
164.0228505388074 -8.986267554894551 10.90457010776148 0.0
164.02736606408484 -8.977317302986323 10.905473212816968 0.0
164.03188136649837 -8.968366996229546 10.906376273299673 0.0
164.03639644628333 -8.959416634682501 10.907279289256666 0.0
164.04091130367527 -8.950466218403502 10.908182260735053 0.0
164.04542593890955 -8.941515747450783 10.909085187781908 0.0
164.04994035222154 -8.932565221882607 10.909988070444307 0.0
164.05445454384656 -8.92361464175725 10.91089090876931 0.0
164.0589685140199 -8.914664007132906 10.911793702803982 0.0
164.06348226297686 -8.905713318067834 10.912696452595371 0.0
164.0679957909526 -8.896762574620237 10.913599158190522 0.0
164.0725090981823 -8.887811776848324 10.914501819636461 0.0
164.07702218490115 -8.878860924810283 10.91540443698023 0.0
164.08153505134413 -8.869910018564305 10.916307010268826 0.0
164.0860476977464 -8.860959058168559 10.917209539549281 0.0
164.09056012434294 -8.852008043681211 10.918112024868588 0.0
164.0950723313687 -8.843056975160406 10.919014466273739 0.0
164.0995843190587 -8.834105852664289 10.919916863811737 0.0
164.10409608764775 -8.825154676250989 10.92081921752955 0.0
164.10860763737077 -8.81620344597863 10.921721527474153 0.0
164.11311896846254 -8.807252161905307 10.922623793692509 0.0
164.1176300811579 -8.798300824089152 10.923526016231579 0.0
164.12214097569154 -8.789349432588223 10.924428195138306 0.0
164.12665165229822 -8.780397987460596 10.925330330459644 0.0
164.13116211121257 -8.77144648876437 10.926232422242515 0.0
164.13567235266925 -8.762494936557559 10.927134470533849 0.0
164.14018237690283 -8.753543330898257 10.928036475380566 0.0
164.14469218414789 -8.744591671844463 10.928938436829577 0.0
164.1492017746389 -8.735639959454204 10.929840354927778 0.0
164.15371114861037 -8.72668819378553 10.930742229722073 0.0
164.15822030629678 -8.717736374896395 10.931644061259357 0.0
164.16272924793245 -8.708784502844834 10.93254584958649 0.0
164.1672379737518 -8.699832577688827 10.933447594750362 0.0
164.17174648398915 -8.690880599486315 10.93434929679783 0.0
164.17625477887876 -8.681928568295294 10.935250955775752 0.0
164.1807628586549 -8.672976484173708 10.93615257173098 0.0
164.1852707235518 -8.664024347179495 10.93705414471036 0.0
164.18977837380362 -8.65507215737058 10.937955674760724 0.0
