galstreams/tracks/track.Gaia-5.malhan2018.ecsv
# %ECSV 0.9
# ---
# datatype:
# - {name: sc.ra, unit: deg, datatype: float64}
# - {name: sc.dec, unit: deg, datatype: float64}
# - {name: sc.distance, unit: kpc, datatype: float64}
# - {name: width, datatype: float64}
# meta: !!omap
# - __serialized_columns__:
#     sc:
#       __class__: astropy.coordinates.sky_coordinate.SkyCoord
#       dec: !astropy.table.SerializedColumn
#         __class__: astropy.coordinates.angles.Latitude
#         unit: &id001 !astropy.units.Unit {unit: deg}
#         value: !astropy.table.SerializedColumn {name: sc.dec}
#       distance: !astropy.table.SerializedColumn
#         __class__: astropy.coordinates.distances.Distance
#         unit: !astropy.units.Unit {unit: kpc}
#         value: !astropy.table.SerializedColumn {name: sc.distance}
#       frame: icrs
#       ra: !astropy.table.SerializedColumn
#         __class__: astropy.coordinates.angles.Longitude
#         unit: *id001
#         value: !astropy.table.SerializedColumn {name: sc.ra}
#         wrap_angle: !astropy.coordinates.Angle
#           unit: *id001
#           value: 360.0
#       representation_type: spherical
# schema: astropy-2.0
sc.ra sc.dec sc.distance width
[from data line 802]
141.98425408049278 29.6749126974242 19.08638283299915 0.0
141.99084472138503 29.683111022439885 19.087158202515887 0.0
141.99743643740803 29.691309021247296 19.08793369851859 0.0
142.00402922905198 29.699506693684633 19.08870932106494 0.0
142.0106230968073 29.70770403959015 19.089485070212625 0.0
142.01721804116468 29.715901058801965 19.090260946019374 0.0
142.02381406261483 29.72409775115803 19.09103694854292 0.0
142.03041116164871 29.732294116496437 19.091813077841024 0.0
142.03700933875749 29.740490154654996 19.092589333971468 0.0
142.04360859443247 29.748685865471533 19.093365716992054 0.0
142.05020892916517 29.756881248783866 19.094142226960606 0.0
142.05681034344718 29.765076304429577 19.094918863934964 0.0
142.0634128377705 29.773271032246353 19.095695627973 0.0
142.070016412627 29.781465432071677 19.09647251913259 0.0
142.07662106850896 29.78965950374298 19.09724953747164 0.0
142.08322680590877 29.797853247097727 19.09802668304809 0.0
142.08983362531896 29.80604666197315 19.098803955919877 0.0
142.09644152723232 29.81423974820651 19.099581356144977 0.0
142.1030505121417 29.822432505634964 19.100358883781375 0.0
142.10966058054026 29.830624934095603 19.10113653888709 0.0
142.1162717329212 29.838817033425446 19.10191432152014 0.0
142.1228839697781 29.84700880346142 19.102692231738597 0.0
142.12949729160445 29.855200244040393 19.103470269600525 0.0
142.13611169889413 29.863391354999163 19.104248435164013 0.0
142.1427271921411 29.871582136174446 19.10502672848719 0.0
142.1493437718396 29.87977258740288 19.10580514962819 0.0
142.15596143848384 29.887962708521044 19.106583698645156 0.0
142.16258019256847 29.89615249936542 19.107362375596292 0.0
142.1692000345882 29.90434195977244 19.108141180539786 0.0
142.1758209650378 29.91253108957845 19.108920113533856 0.0
142.1824429844124 29.92071988861973 19.109699174636752 0.0
142.18906609320726 29.92890835673246 19.110478363906736 0.0
142.19569029191777 29.937096493752783 19.11125768140209 0.0
142.20231558103953 29.945284299516725 19.11203712718112 0.0
142.20894196106835 29.953471773860294 19.112816701302158 0.0
142.21556943250013 29.961658916619367 19.113596403823546 0.0
142.22219799583107 29.969845727629778 19.114376234803654 0.0
142.22882765155745 29.978032206727278 19.115156194300877 0.0
142.23545840017582 29.98621835374755 19.115936282373625 0.0
142.24209024218277 29.994404168526188 19.116716499080326 0.0
142.24872317807524 30.00258965089874 19.11749684447944 0.0
142.2553572083502 30.01077480070063 19.118277318629435 0.0
142.26199233350494 30.018959617767248 19.119057921588816 0.0
142.2686285540368 30.027144101933903 19.119838653416096 0.0
142.2752658704434 30.035328253035843 19.120619514169814 0.0
142.28190428322245 30.04351207090817 19.12140050390852 0.0
142.28854379287193 30.051695555386026 19.122181622690817 0.0
142.2951843998899 30.059878706304342 19.122962870575282 0.0
142.30182610477473 30.068061523498116 19.123744247620557 0.0
142.3084689080249 30.076244006802185 19.124525753885283 0.0
142.315112810139 30.084426156051283 19.125307389428116 0.0
142.32175781161598 30.092607971080174 19.126089154307763 0.0
142.32840391295474 30.100789451723458 19.12687104858291 0.0
142.3350511146545 30.108970597815674 19.127653072312295 0.0
142.34169941721476 30.11715140919135 19.12843522555468 0.0
142.34834882113498 30.125331885684826 19.12921750836882 0.0
142.3549993269149 30.13351202713047 19.129999920813518 0.0
142.3616509350545 30.141691833362522 19.13078246294759 0.0
142.36830364605387 30.14987130421515 19.131565134829867 0.0
142.3749574604133 30.158050439522473 19.13234793651921 0.0
142.38161237863326 30.166229239118508 19.133130868074502 0.0
142.3882684012144 30.174407702837208 19.133913929554634 0.0
142.39492552865752 30.182585830512423 19.134697121018533 0.0
142.4015837614637 30.19076362197799 19.135480442525143 0.0
142.40824310013414 30.198941077067598 19.136263894133428 0.0
142.41490354517012 30.207118195614907 19.137047475902367 0.0
142.4215650970733 30.215294977453492 19.137831187890978 0.0
142.4282277563454 30.22347142241684 19.13861503015828 0.0
142.4348915234883 30.231647530338392 19.139399002763327 0.0
142.44155639900416 30.239823301051448 19.140183105765196 0.0
142.44822238339523 30.24799873438931 19.140967339222968 0.0
142.45488947716402 30.25617383018516 19.141751703195766 0.0
142.46155768081317 30.264348588272096 19.142536197742725 0.0
142.46822699484548 30.27252300848319 19.143320822923 0.0
142.47489741976403 30.28069709065138 19.14410557879577 0.0
142.48156895607198 30.28887083460956 19.144890465420232 0.0
142.4882416042727 30.297044240190523 19.145675482855612 0.0
142.4949153648698 30.305217307227025 19.14646063116115 0.0
142.501590238367 30.313390035551716 19.147245910396116 0.0
142.50826622526822 30.32156242499717 19.14803132061979 0.0
142.5149433260776 30.3297344753959 19.148816861891483 0.0
142.52162154129942 30.337906186580316 19.14960253427052 0.0
142.5283008714382 30.346077558382802 19.15038833781626 0.0
142.53498131699857 30.354248590635617 19.151174272588065 0.0
142.54166287848534 30.36241928317091 19.151960338645335 0.0
142.54834555640363 30.370589635820878 19.152746536047488 0.0
142.55502935125855 30.37875964841751 19.153532864853947 0.0
142.56171426355556 30.386929320792813 19.154319325124185 0.0
142.56840029380027 30.39509865277868 19.155105916917677 0.0
142.57508744249836 30.403267644206863 19.155892640293924 0.0
142.58177571015582 30.411436294909148 19.15667949531245 0.0
142.58846509727883 30.41960460471721 19.157466482032802 0.0
142.5951556043736 30.42777257346258 19.15825360051454 0.0
142.60184723194675 30.435940200976813 19.159040850817263 0.0
142.60853998050484 30.4441074870913 19.15982823300057 0.0
142.61523385055477 30.4522744316374 19.16061574712409 0.0
142.6219288426037 30.460441034446415 19.161403393247493 0.0
142.6286249571587 30.468607295349468 19.162191171430436 0.0
142.63532219472734 30.47677321417779 19.16297908173263 0.0
142.6420205558171 30.484938790762342 19.163767124213777 0.0
142.64872004093584 30.493104024934105 19.164555298933628 0.0
142.6554206505915 30.501268916523966 19.165343605951943 0.0
142.66212238529226 30.50943346536275 19.166132045328503 0.0
142.66882524554646 30.517597671281152 19.16692061712311 0.0
142.6755292318626 30.52576153410987 19.167709321395602 0.0
142.68223434474947 30.53392505367945 19.16849815820582 0.0
142.68894058471582 30.54208822982042 19.169287127613625 0.0
142.69564795227086 30.550251062363166 19.170076229678926 0.0
142.70235644792382 30.558413551138052 19.170865464461627 0.0
142.70906607218413 30.56657569597534 19.171654832021662 0.0
142.71577682556142 30.574737496705218 19.17244433241899 0.0
142.72248870856558 30.5828989531578 19.173233965713596 0.0
142.72920172170652 30.591060065163106 19.174023731965473 0.0
142.7359158654945 30.599220832551094 19.174813631234645 0.0
142.74263114043987 30.607381255151644 19.17560366358116 0.0
142.74934754705322 30.615541332794564 19.176393829065084 0.0
142.75606508584528 30.623701065309547 19.177184127746504 0.0
142.76278375732696 30.631860452526244 19.177974559685524 0.0
142.7695035620094 30.640019494274235 19.17876512494228 0.0
142.7762245004039 30.648178190382975 19.17955582357693 0.0
142.78294657302197 30.65633654068191 19.180346655649643 0.0
142.78966978037528 30.66449454500032 19.18113762122062 0.0
142.79639412297573 30.672652203167488 19.181928720350086 0.0
142.80311960133528 30.68080951501257 19.182719953098267 0.0
142.80984621596625 30.68896648036467 19.18351131952544 0.0
142.816573967381 30.697123099052792 19.184302819691883 0.0
142.8233028560922 30.705279370905863 19.185094453657907 0.0
142.8300328826126 30.713435295752788 19.185886221483837 0.0
142.8367640474552 30.721590873422254 19.186678123230024 0.0
142.84349635113315 30.729746103743036 19.18747015895684 0.0
142.85022979415984 30.737900986543746 19.188262328724687 0.0
142.85696437704877 30.74605552165287 19.189054632593972 0.0
142.8637001003137 30.754209708898962 19.18984707062514 0.0
142.87043696446855 30.76236354811032 19.190639642878654 0.0
142.8771749700274 30.770517039115266 19.19143234941499 0.0
142.88391411750456 30.77867018174208 19.192225190294653 0.0
142.89065440741444 30.786822975818822 19.19301816557817 0.0
142.89739584027183 30.794975421173657 19.193811275326098 0.0
142.90413841659145 30.8031275176345 19.194604519598993 0.0
142.9108821368884 30.811279265029253 19.195397898457458 0.0
142.91762700167794 30.81943066318581 19.19619141196211 0.0
142.92437301147544 30.82758171193188 19.19698506017358 0.0
142.9311201667965 30.835732411095123 19.197778843152527 0.0
142.93786846815692 30.843882760503146 19.19857276095964 0.0
142.94461791607264 30.852032759983462 19.199366813655605 0.0
142.95136851105988 30.86018240936349 19.20016100130116 0.0
142.95812025363495 30.868331708470595 19.200955323957054 0.0
142.96487314431442 30.87648065713205 19.20174978168405 0.0
142.971627183615 30.884629255175046 19.202544374542942 0.0
142.97838237205363 30.892777502426696 19.203339102594544 0.0
142.98513871014737 30.900925398714023 19.20413396589969 0.0
142.99189619841354 30.909072943863997 19.20492896451924 0.0
142.99865483736963 30.917220137703485 19.205724098514075 0.0
143.00541462753324 30.925366980059273 19.206519367945088 0.0
143.01217556942234 30.93351347075809 19.207314772873218 0.0
143.0189376635549 30.94165960962657 19.208110313359402 0.0
143.0257009104492 30.949805396491243 19.20890598946461 0.0
143.03246531062362 30.95795083117861 19.20970180124984 0.0
143.03923086459676 30.96609591351505 19.21049774877609 0.0
143.0459975728875 30.97424064332688 19.211293832104413 0.0
143.05276543601474 30.98238502044034 19.212090051295853 0.0
143.0595344544977 30.990529044681583 19.212886406411496 0.0
143.06630462885576 30.998672715876666 19.21368289751244 0.0
143.07307595960847 31.00681603385158 19.214479524659822 0.0
143.07984844727557 31.01495899843226 19.215276287914772 0.0
143.08662209237698 31.023101609444517 19.21607318733847 0.0
143.09339689543285 31.031243866714135 19.2168702229921 0.0
143.1001728569635 31.039385770066716 19.217667394936882 0.0
143.10694997748936 31.04752731932791 19.218464703234044 0.0
143.11372825753125 31.055668514323227 19.219262147944853 0.0
143.12050769760992 31.063809354878032 19.22005972913058 0.0
143.12728829824658 31.07194984081777 19.220857446852538 0.0
143.13407005996237 31.08008997196759 19.221655301172042 0.0
143.1408529832788 31.088229748152774 19.222453292150448 0.0
143.14763706871753 31.096369169198415 19.22325141984912 0.0
143.15442231680035 31.10450823492947 19.224049684329454 0.0
143.16120872804927 31.112646945170972 19.224848085652855 0.0
143.1679963029866 31.120785299747702 19.225646623880777 0.0
143.17478504213463 31.128923298484466 19.226445299074662 0.0
143.18157494601604 31.137060941206013 19.227244111296006 0.0
143.18836601515355 31.1451982277369 19.2280430606063 0.0
143.19515825007014 31.15333515790168 19.228842147067073 0.0
143.201951651289 31.161471731524813 19.22964137073988 0.0
143.2087462193335 31.16960794843068 19.230440731686294 0.0
143.21554195472714 31.177743808443555 19.2312402299679 0.0
143.2223388579937 31.185879311387666 19.232039865646318 0.0
143.2291369296571 31.19401445708714 19.23283963878319 0.0
143.23593617024144 31.202149245366012 19.23363954944017 0.0
143.24273658027104 31.210283676048263 19.234439597678946 0.0
143.24953816027042 31.218417748957783 19.235239783561227 0.0
143.2563409107642 31.226551463918355 19.23604010714873 0.0
143.26314483227736 31.23468482075372 19.23684056850322 0.0
143.26994992533494 31.2428178192875 19.237641167686462 0.0
143.27675619046218 31.25095045934327 19.238441904760258 0.0
143.28356362818457 31.259082740744486 19.23924277978642 0.0
143.29037223902773 31.267214663314565 19.240043792826793 0.0
143.29718202351754 31.275346226876803 19.24084494394324 0.0
143.30399298217998 31.283477431254425 19.241646233197645 0.0
143.3108051155413 31.291608276270598 19.24244766065192 0.0
143.31761842412797 31.29973876174838 19.243249226367997 0.0
143.3244329084665 31.30786888751074 19.244050930407823 0.0
143.33124856908375 31.315998653380603 19.244852772833383 0.0
143.33806540650673 31.32412805918077 19.245654753706674 0.0
143.34488342126258 31.33225710473399 19.246456873089716 0.0
143.35170261387864 31.340385789862903 19.247259131044547 0.0
143.35852298488263 31.348514114390117 19.24806152763325 0.0
143.36534453480212 31.35664207813804 19.248864062917896 0.0
143.3721672641652 31.36476968092916 19.249666736960613 0.0
143.37899117349997 31.372896922585795 19.250469549823524 0.0
143.38581626333476 31.38102380293012 19.251272501568796 0.0
143.39264253419813 31.38915032178438 19.252075592258603 0.0
143.39946998661878 31.397276478970568 19.25287882195515 0.0
143.40629862112561 31.405402274310735 19.25368219072066 0.0
143.4131284382478 31.4135277076268 19.25448569861739 0.0
143.41995943851458 31.421652778740523 19.2552893457076 0.0
143.42679162245548 31.429777487473725 19.256093132053586 0.0
143.43362499060018 31.437901833648024 19.25689705771767 0.0
143.44045954347854 31.44602581708498 19.25770112276218 0.0
143.4472952816207 31.45414943760616 19.258505327249495 0.0
143.45413220555685 31.462272695032915 19.259309671241983 0.0
143.46097031581752 31.470395589186587 19.26011415480206 0.0
143.46780961293334 31.478518119888424 19.260918777992156 0.0
143.47465009743513 31.48664028695958 19.261723540874723 0.0
143.481491769854 31.494762090221197 19.262528443512235 0.0
143.4883346307211 31.502883529494188 19.26333348596719 0.0
143.49517868056796 31.511004604599496 19.264138668302113 0.0
143.50202391992613 31.51912531535795 19.264943990579546 0.0
143.50887034932742 31.527245661590303 19.26574945286205 0.0
143.51571796930392 31.535365643117217 19.266555055212226 0.0
143.52256678038776 31.543485259759258 19.267360797692678 0.0
143.5294167831114 31.55160451133694 19.268166680366047 0.0
143.53626797800737 31.559723397670638 19.268972703294985 0.0
143.54312036560853 31.56784191858071 19.26977886654218 0.0
143.5499739464478 31.575960073887416 19.27058517017033 0.0
143.55682872105842 31.58407786341086 19.271391614242166 0.0
143.56368468997368 31.592195286971172 19.272198198820433 0.0
143.57054185372724 31.600312344388318 19.27300492396791 0.0
143.57740021285278 31.608429035482207 19.273811789747384 0.0
143.5842597678843 31.616545360072664 19.274618796221684 0.0
143.591120519356 31.62466131797942 19.275425943453648 0.0
143.59798246780215 31.63277690902215 19.276233231506136 0.0
143.6048456137573 31.6408921330204 19.277040660442037 0.0
143.6117099577562 31.649006989793683 19.27784823032426 0.0
143.6185755003338 31.657121479161393 19.278655941215742 0.0
143.6254422420252 31.665235600942832 19.279463793179435 0.0
143.63231018336575 31.673349354957256 19.280271786278323 0.0
143.6391793248909 31.681462741023797 19.2810799205754 0.0
143.64604966713648 31.689575758961528 19.281888196133703 0.0
143.6529212106383 31.69768840858943 19.28269661301627 0.0
143.6597939559325 31.705800689726413 19.28350517128618 0.0
143.66666790355538 31.713912602191225 19.284313871006514 0.0
143.67354305404342 31.722024145802663 19.2851227122404 0.0
143.68041940793336 31.730135320379365 19.285931695050984 0.0
143.68729696576202 31.738246125739813 19.286740819501414 0.0
143.69417572806654 31.746356561702573 19.287550085654885 0.0
143.70105569538416 31.75446662808598 19.288359493574607 0.0
143.70793686825232 31.762576324708313 19.289169043323803 0.0
143.7148192472088 31.770685651387858 19.28997873496574 0.0
143.7217028327914 31.7787946079427 19.290788568563695 0.0
143.72858762553815 31.78690319419089 19.29159854418096 0.0
143.7354736259874 31.795011409950394 19.29240866188087 0.0
143.74236083467753 31.80311925503906 19.29321892172677 0.0
143.74924925214728 31.81122672927475 19.294029323782034 0.0
143.75613887893542 31.819333832475095 19.29483986811005 0.0
143.76302971558096 31.827440564457763 19.29565055477423 0.0
143.76992176262326 31.835546925040244 19.29646138383803 0.0
