galstreams/tracks/track.st.NGC6397.ibata2021.ecsv
# %ECSV 0.9
# ---
# datatype:
# - {name: ra, unit: deg, datatype: float64}
# - {name: dec, unit: deg, datatype: float64}
# - {name: distance, unit: kpc, datatype: float64}
# - {name: pm_ra_cosdec, unit: mas / yr, datatype: float64}
# - {name: pm_dec, unit: mas / yr, datatype: float64}
# - {name: radial_velocity, unit: km / s, datatype: float64}
# delimiter: ','
# meta: !!omap
# - __serialized_columns__:
#     dec:
#       __class__: astropy.coordinates.angles.Latitude
#       unit: &id001 !astropy.units.Unit {unit: deg}
#       value: !astropy.table.SerializedColumn {name: dec}
#     distance:
#       __class__: astropy.coordinates.distances.Distance
#       unit: !astropy.units.Unit {unit: kpc}
#       value: !astropy.table.SerializedColumn {name: distance}
#     pm_dec:
#       __class__: astropy.units.quantity.Quantity
#       unit: !astropy.units.Unit {unit: mas / yr}
#       value: !astropy.table.SerializedColumn {name: pm_dec}
#     pm_ra_cosdec:
#       __class__: astropy.units.quantity.Quantity
#       unit: !astropy.units.Unit {unit: mas / yr}
#       value: !astropy.table.SerializedColumn {name: pm_ra_cosdec}
#     ra:
#       __class__: astropy.coordinates.angles.Longitude
#       unit: *id001
#       value: !astropy.table.SerializedColumn {name: ra}
#       wrap_angle: !astropy.coordinates.Angle
#         unit: *id001
#         value: 360.0
#     radial_velocity:
#       __class__: astropy.units.quantity.Quantity
#       unit: !astropy.units.Unit {unit: km / s}
#       value: !astropy.table.SerializedColumn {name: radial_velocity}
# schema: astropy-2.0
ra,dec,distance,pm_ra_cosdec,pm_dec,radial_velocity
[from data line 1681]
286.5706027742027,-53.505910143401515,2.58555956524166,6.378994695857074,-14.433302437129184,-8.420767129872338e-14
286.58683319477865,-53.502793449350364,2.585636906668357,6.382097519836999,-14.4314737822309,-3.368306851948935e-14
286.60305995429786,-53.49966691260758,2.5857142785780782,6.385202637772539,-14.429646942713738,0.0
286.61928304104345,-53.496530521759986,2.5857916811086277,6.388310052422466,-14.42782192015641,-3.368306851948935e-14
286.63550244328906,-53.49338426539794,2.58586911439781,6.391419766545917,-14.4259987161373,-5.0524602779234026e-14
286.6517181492988,-53.49022813211538,2.5859465785834286,6.394531782902371,-14.424177332234482,0.0
286.66793014732735,-53.48706211050976,2.586024073803288,6.397646104251649,-14.422357770025695,-1.6841534259744676e-14
286.6841384256198,-53.483886189182165,2.5861016001951938,6.400762733353918,-14.420540031088393,-6.73661370389787e-14
286.70034297241205,-53.48070035673719,2.5861791578969484,6.4038816729697485,-14.418724116999684,-1.6841534259744676e-14
286.7165437759304,-53.477504601783025,2.5862567470463578,6.407002925860031,-14.416910029336389,0.0
286.73274082439207,-53.474298912931424,2.5863343677812236,6.410126494786062,-14.415097769675036,-1.6841534259744676e-14
286.7489341060048,-53.47108327879772,2.5864120202393526,6.413252382509514,-14.413287339591804,-5.0524602779234026e-14
286.7651236089674,-53.46785768800083,2.5864897045585487,6.416380591792464,-14.411478740662597,-3.368306851948935e-14
286.7813093214691,-53.464622129163224,2.586567420876616,6.4195111253973645,-14.409671974463022,-3.368306851948935e-14
286.79749123169046,-53.461376590910966,2.5866451693313572,6.422643986087104,-14.407867042568373,-3.368306851948935e-14
286.8136693278026,-53.45812106187371,2.5867229500605795,6.425779176624932,-14.406063946553648,-6.73661370389787e-14
286.8298435979677,-53.45485553068468,2.5868007632020844,6.428916699774576,-14.404262687993576,-5.0524602779234026e-14
286.846014030339,-53.451579985980715,2.586878608893678,6.432056558300163,-14.40246326846255,0.0
286.86218061306073,-53.44829441640219,2.586956487273164,6.435198754966233,-14.40066568953472,0.0
286.8783433342683,-53.444998810593106,2.5870343984783455,6.438343292537807,-14.39886995278391,-3.368306851948935e-14
286.89450218208816,-53.441693157201065,2.587112342647028,6.441490173780328,-14.397076059783675,-5.0524602779234026e-14
286.9106571446379,-53.438377444877254,2.587190319917018,6.444639401459675,-14.395284012107288,-5.0524602779234026e-14
286.9268082100266,-53.43505166227643,2.587268330426115,6.447790978342248,-14.393493811327737,-3.368306851948935e-14
286.9429553663543,-53.43171579805699,2.587346374312126,6.450944907194859,-14.391705459017743,-1.6841534259744676e-14
286.9590986017124,-53.428369840880904,2.5874244517128555,6.454101190784801,-14.389918956749723,-6.73661370389787e-14
286.9752379041839,-53.42501377941377,2.5875025627661072,6.45725983187989,-14.388134306095845,-3.368306851948935e-14
286.991373261843,-53.42164760232475,2.587580707609685,6.460420833248372,-14.386351508627993,-6.73661370389787e-14
287.0075046627555,-53.418271298286655,2.5876588863813934,6.46358419765905,-14.384570565917775,-1.6841534259744676e-14
287.02363209497844,-53.41488485597586,2.587737099219037,6.466749927881173,-14.382791479536548,-6.73661370389787e-14
287.03975554656074,-53.41148826407243,2.5878153462604203,6.469918026684549,-14.381014251055385,-5.0524602779234026e-14
287.05587500554265,-53.40808151125995,2.587893627643347,6.473088496839459,-14.379238882045108,-5.0524602779234026e-14
287.07199045995617,-53.40466458622566,2.5879719435056217,6.476261341116756,-14.377465374076259,-3.368306851948935e-14
287.08810189782497,-53.40123747766041,2.5880502939850483,6.479436562287776,-14.375693728719147,-5.0524602779234026e-14
287.1042093071645,-53.397800174258684,2.5881286792194316,6.482614163124433,-14.373923947543801,-5.0524602779234026e-14
287.12031267598195,-53.394352664718554,2.5882070993465756,6.485794146399167,-14.37215603212,-1.6841534259744676e-14
287.1364119922761,-53.390894937741756,2.5882855545042847,6.488976514884963,-14.370389984017276,-1.6841534259744676e-14
287.1525072440381,-53.387426982033595,2.5883640448303624,6.492161271355386,-14.368625804804902,-1.6841534259744676e-14
287.1685984192505,-53.38394878630305,2.5884425704626133,6.495348418584561,-14.366863496051913,-1.6841534259744676e-14
287.18468550588807,-53.3804603392627,2.588521131538843,6.498537959347161,-14.365103059327065,-3.368306851948935e-14
287.2007684919176,-53.37696162962874,2.5885997281968534,6.501729896418492,-14.363344496198916,-3.368306851948935e-14
287.21684736529784,-53.373452646121024,2.5886783605744514,6.504924232574404,-14.36158780823574,-3.368306851948935e-14
287.2329221139796,-53.36993337746303,2.5887570288094395,6.5081209705913565,-14.359832997005594,0.0
287.248992725906,-53.36640381238185,2.5888357330396228,6.511320113246409,-14.358080064076287,-5.0524602779234026e-14
287.2650591890122,-53.362863939608225,2.588914473402804,6.514521663317234,-14.35632901101539,-5.0524602779234026e-14
287.2811214912256,-53.359313747876534,2.5889932500367907,6.517725623582116,-14.354579839390233,-5.0524602779234026e-14
287.29717962046595,-53.355753225924786,2.5890720630793824,6.52093199681997,-14.352832550767946,-1.6841534259744676e-14
287.3132335646454,-53.35218236249463,2.5891509126683885,6.524140785810333,-14.351087146715368,-3.368306851948935e-14
287.3292833116682,-53.348601146331355,2.5892297989416093,6.527351993333382,-14.349343628799176,-5.0524602779234026e-14
287.3453288494312,-53.34500956618389,2.5893087220368516,6.530565622169933,-14.34760199858577,-8.420767129872338e-14
287.3613701658239,-53.34140761080482,2.5893876820919175,6.533781675101481,-14.345862257641347,-1.6841534259744676e-14
287.377407248728,-53.33779526895036,2.5894666792446137,6.537000154910131,-14.344124407531883,-3.368306851948935e-14
287.3934400860179,-53.33417252938037,2.5895457136327424,6.5402210643787075,-14.342388449823119,-5.0524602779234026e-14
287.40946866556067,-53.33053938085836,2.5896247853941086,6.543444406290673,-14.340654386080598,-3.368306851948935e-14
287.42549297521583,-53.32689581215151,2.5897038946665174,6.546670183430181,-14.33892221786962,0.0
287.4415130028358,-53.32324181203061,2.5897830415877716,6.549898398582068,-14.3371919467553,-3.368306851948935e-14
287.4575287362658,-53.319577369270135,2.589862226295676,6.55312905453188,-14.33546357430251,-3.368306851948935e-14
287.4735401633435,-53.315902472648204,2.589941448928036,6.556362154065837,-14.333737102075942,-1.6841534259744676e-14
287.4895472718998,-53.31221711094658,2.590020709622655,6.5595976999709,-14.332012531640048,-5.0524602779234026e-14
287.50555004975837,-53.30852127295069,2.590100008517336,6.562835695034732,-14.330289864559093,-3.368306851948935e-14
287.52154848473566,-53.30481494744961,2.5901793457498856,6.566076142045697,-14.328569102397134,-5.0524602779234026e-14
287.5375425646413,-53.30109812323607,2.590258721458106,6.5693190437929285,-14.326850246718026,-8.420767129872338e-14
287.5535322772779,-53.2973707891065,2.590338135779803,6.572564403066281,-14.325133299085413,-5.0524602779234026e-14
287.56951761044115,-53.293632933860934,2.5904175888527803,6.575812222656354,-14.323418261062747,-5.0524602779234026e-14
287.5854985519197,-53.289884546303085,2.5904970808148424,6.579062505354483,-14.321705134213282,-5.0524602779234026e-14
287.60147508949575,-53.286125615240366,2.590576611803793,6.58231525395278,-14.31999392010009,-1.6841534259744676e-14
287.61744721094436,-53.28235612948379,2.5906561819574363,6.585570471244133,-14.318284620286034,-1.6841534259744676e-14
287.63341490403394,-53.27857607784808,2.5907357914135782,6.588828160022168,-14.316577236333783,-1.6841534259744676e-14
287.6493781565264,-53.2747854491516,2.590815440310021,6.592088323081336,-14.314871769805823,-5.0524602779234026e-14
287.6653369561768,-53.27098423221641,2.5908951287845694,6.59535096321684,-14.313168222264459,-3.368306851948935e-14
287.6812912907338,-53.2671724158682,2.5909748569750284,6.598616083224696,-14.311466595271794,-3.368306851948935e-14
287.69724114793934,-53.263349988936376,2.591054625019203,6.601883685901713,-14.30976689038976,0.0
287.71318651552895,-53.259516940253945,2.591134433054894,6.605153774045515,-14.308069109180117,-5.0524602779234026e-14
287.72912738123176,-53.25567325865765,2.5912142812199095,6.608426350454551,-14.306373253204413,0.0
287.7450637327704,-53.25181893298789,2.5912941696520524,6.611701417928062,-14.304679324024058,-6.73661370389787e-14
287.76099555786135,-53.247953952088714,2.5913740984891267,6.614978979266177,-14.302987323200234,0.0
287.7769228442145,-53.24407830480785,2.591454067868936,6.618259037269786,-14.301297252294027,-5.0524602779234026e-14
287.7928455795337,-53.24019197999672,2.591534077929286,6.621541594740691,-14.299609112866268,-1.0104920555846805e-13
287.8087637515166,-53.2362949665104,2.591614128807981,6.6248266544815255,-14.297922906477645,-5.0524602779234026e-14
287.82467734785456,-53.232387253207655,2.591694220642824,6.628114219295767,-14.29623863468872,-6.73661370389787e-14
287.84058635623296,-53.22846882895094,2.59177435357162,6.631404291987771,-14.294556299059826,-5.0524602779234026e-14
287.856490764331,-53.22453968260634,2.5918545277321736,6.634696875362777,-14.292875901151165,-5.0524602779234026e-14
287.87239055982207,-53.22059980304366,2.591934743262288,6.6379919722268905,-14.291197442522787,-5.0524602779234026e-14
287.8882857303733,-53.216649179136375,2.592015000299769,6.641289585387108,-14.289520924734532,-5.0524602779234026e-14
287.9041762636462,-53.21268779976164,2.5920952989824197,6.6445897176513355,-14.287846349346136,-1.6841534259744676e-14
287.92006214729616,-53.208715653800276,2.5921756394480435,6.647892371828359,-14.286173717917151,-6.73661370389787e-14
287.935943368973,-53.204732730136804,2.5922560218344484,6.651197550727893,-14.284503032006956,-6.73661370389787e-14
287.9518199163207,-53.20073901765942,2.5923364462794334,6.654505257160585,-14.282834293174812,-3.368306851948935e-14
287.9676917769773,-53.19673450526,2.5924169129208066,6.657815493937946,-14.281167502979809,-5.0524602779234026e-14
287.98355893857547,-53.1927191818341,2.5924974218963714,6.661128263872483,-14.279502662980875,-6.73661370389787e-14
287.99942138874206,-53.188693036280974,2.592577973343932,6.664443569777618,-14.277839774736812,-5.0524602779234026e-14
288.01527911509845,-53.184656057503545,2.5926585674012927,6.667761414467707,-14.27617883980627,-3.368306851948935e-14
288.0311321052605,-53.18060823440841,2.5927392042062567,6.6710818007580865,-14.274519859747741,-5.0524602779234026e-14
288.04698034683844,-53.1765495559059,2.592819883896629,6.674404731465026,-14.272862836119588,-6.73661370389787e-14
288.06282382743734,-53.172480010909986,2.592900606610215,6.677730209405793,-14.27120777048001,0.0
288.0786625346566,-53.16839958833832,2.592981372484818,6.681058237398594,-14.269554664387105,-6.73661370389787e-14
288.09449645609044,-53.16430827711229,2.5930621816582424,6.6843888182626365,-14.267903519398793,-5.0524602779234026e-14
288.1103255793279,-53.16020606615691,2.593143034268292,6.687721954818138,-14.26625433707288,-6.73661370389787e-14
288.1261498919526,-53.15609294440093,2.593223930452771,6.6910576498862815,-14.264607118967032,-3.368306851948935e-14
288.141969381543,-53.15196890077675,2.593304870349485,6.694395906289265,-14.26296186663878,-6.73661370389787e-14
288.15778403567265,-53.147833924220514,2.5933858540962365,6.6977367268503025,-14.261318581645526,-6.73661370389787e-14
288.1735938419096,-53.14368800367199,2.5934668818308317,6.70108011439362,-14.259677265544543,-3.368306851948935e-14
288.1893987878173,-53.13953112807466,2.5935479536910733,6.704426071744471,-14.258037919892981,-8.420767129872338e-14
288.20519886095406,-53.135363286375714,2.593629069814766,6.707774601729153,-14.256400546247843,-3.368306851948935e-14
288.220994048873,-53.131184467526005,2.593710230339714,6.711125707174979,-14.254765146166037,-6.73661370389787e-14
288.2367843391227,-53.1269946604801,2.593791435403722,6.714479390910336,-14.253131721204321,-5.0524602779234026e-14
288.2525697192468,-53.12279385419624,2.5938726851445937,6.717835655764651,-14.251500272919364,-5.0524602779234026e-14
288.26835017678405,-53.118582037636344,2.593953979700134,6.721194504568416,-14.249870802867676,-1.0104920555846805e-13
288.2841256992686,-53.11435919976606,2.5940353192081465,6.724555940153204,-14.248243312605672,-5.0524602779234026e-14
288.29989627422975,-53.110125329554684,2.5941167038064363,6.727919965351638,-14.24661780368966,-6.73661370389787e-14
288.3156618891923,-53.10588041597524,2.5941981336328075,6.731286582997451,-14.244994277675804,-1.6841534259744676e-14
