galstreams/tracks/track.st.NGC3201.ibata2021.ecsv
# %ECSV 1.0
# ---
# datatype:
# - {name: ra, unit: deg, datatype: float64}
# - {name: dec, unit: deg, datatype: float64}
# - {name: distance, unit: kpc, datatype: float64}
# - {name: pm_ra_cosdec, unit: mas / yr, datatype: float64}
# - {name: pm_dec, unit: mas / yr, datatype: float64}
# - {name: radial_velocity, unit: km / s, datatype: float64}
# delimiter: ','
# meta: !!omap
# - __serialized_columns__:
#     dec:
#       __class__: astropy.coordinates.angles.Latitude
#       unit: &id001 !astropy.units.Unit {unit: deg}
#       value: !astropy.table.SerializedColumn {name: dec}
#     distance:
#       __class__: astropy.coordinates.distances.Distance
#       unit: !astropy.units.Unit {unit: kpc}
#       value: !astropy.table.SerializedColumn {name: distance}
#     pm_dec:
#       __class__: astropy.units.quantity.Quantity
#       unit: !astropy.units.Unit {unit: mas / yr}
#       value: !astropy.table.SerializedColumn {name: pm_dec}
#     pm_ra_cosdec:
#       __class__: astropy.units.quantity.Quantity
#       unit: !astropy.units.Unit {unit: mas / yr}
#       value: !astropy.table.SerializedColumn {name: pm_ra_cosdec}
#     ra:
#       __class__: astropy.coordinates.angles.Longitude
#       unit: *id001
#       value: !astropy.table.SerializedColumn {name: ra}
#       wrap_angle: !astropy.coordinates.Angle
#         unit: *id001
#         value: 360.0
#     radial_velocity:
#       __class__: astropy.units.quantity.Quantity
#       unit: !astropy.units.Unit {unit: km / s}
#       value: !astropy.table.SerializedColumn {name: radial_velocity}
# schema: astropy-2.0
ra,dec,distance,pm_ra_cosdec,pm_dec,radial_velocity
146.94511359938616,-45.47173289826987,5.387274708440805,5.070937892516637,-3.509555330538955,-641.8150566647591
146.95980346075282,-45.47255179391008,5.383894087161128,5.09153990166083,-3.505223496113828,-636.5013804276914
146.974490151798,-45.473376342278634,5.380522180440615,5.112069357887495,-3.5008959318383948,-631.2024330153678
146.98917368288565,-45.47420653273787,5.37715898064702,5.132526363260434,-3.49657265613709,-625.918196509151
147.00385406436735,-45.475042354645865,5.373804480148094,5.152911019838389,-3.4922536873405043,-620.6486529904045
147.01853130658262,-45.47588379735659,5.370458671311591,5.173223429675046,-3.487939043685465,-615.3937845404917
147.03320541985838,-45.47673085021971,5.367121546505264,5.193463694818932,-3.4836287433152524,-610.153573240775
147.04787641450943,-45.47758350258078,5.363793098096863,5.213631917313475,-3.4793228042796738,-604.9280011726172
147.06254430083834,-45.47844174378113,5.360473318454142,5.233728199196909,-3.4750212445352204,-599.7170504173823
147.07720908913532,-45.4793055631579,5.357162199944854,5.253752642502306,-3.4707240819451783,-594.5207030564321
147.0918707896783,-45.480174950044066,5.353859734936751,5.273705349257461,-3.4664313342798057,-589.3389411711312
147.10652941273324,-45.481049893768464,5.350565915797587,5.293586421484965,-3.4621430192163913,-584.1717468428411
147.12118496855356,-45.48193038365574,5.34728073489511,5.313395961202113,-3.4578591543394896,-579.0191021529254
147.13583746738067,-45.48281640902636,5.344004184597077,5.333134070420877,-3.453579757140947,-573.8809891827475
147.15048691944367,-45.483707959196686,5.34073625727124,5.352800851147929,-3.449304845020107,-568.7573900136696
147.1651333349595,-45.48460502347889,5.337476945285348,5.372396405384535,-3.4450344352839046,-563.6482867270554
147.17977672413286,-45.485507591181005,5.334226241007158,5.391920835126606,-3.440768545147014,-558.5536614042684
147.1944170971565,-45.48641565160698,5.330984136804418,5.411374242364605,-3.4365071917319483,-553.4734961266697
147.20905446421074,-45.487329194056585,5.327750625044884,5.430756729083578,-3.432250392069246,-548.4077729756247
147.22368883546386,-45.48824820782546,5.324525698096308,5.450068397263073,-3.427998163097529,-543.3564740324948
147.23832022107197,-45.48917268220516,5.321309348326442,5.469309348877146,-3.4237505216637008,-538.3195813786432
147.25294863117915,-45.49010260648309,5.318101568103038,5.488479685894337,-3.4195074845230202,-533.2970770954346
147.26757407591708,-45.491037969942575,5.314902349793849,5.507579510277592,-3.4152690683392564,-528.2889432642293
147.28219656540577,-45.491978761862825,5.3117116857666264,5.52660892398432,-3.4110352896848077,-523.2951619663925
147.29681610975274,-45.49292497151896,5.308529568389124,5.545568028966298,-3.4068061650408303,-518.3157152832861
147.3114327190536,-45.493876588182,5.305355990029095,5.564456927169661,-3.402581710797376,-513.3505852962734
147.3260464033918,-45.49483360111888,5.30219094305429,5.583275720534887,-3.3983619432534944,-508.39975408671796
147.34065717283883,-45.49579599959244,5.299034419832463,5.602024510996759,-3.3941468786173736,-503.4632037359818
147.35526503745388,-45.49676377286145,5.295886412731365,5.620703400484349,-3.3899365330064786,-498.54091632542867
147.3698700072844,-45.497736910180656,5.292746914118749,5.639312490920962,-3.3857309224476424,-493.6328739364216
147.38447209236563,-45.49871540080068,5.289615916362369,5.6578518842241605,-3.381530062877207,-488.7390586503236
147.39907130272073,-45.4996992339681,5.286493411829975,5.676321682305687,-3.37733397014118,-483.859452548497
147.41366764836093,-45.500688398925455,5.28337939288932,5.694721987071466,-3.373142659995292,-478.99403771230584
147.42826113928535,-45.50168288491121,5.2802738519081585,5.713052900421547,-3.3689561481051866,-474.1427962231128
147.44285178548114,-45.50268268115979,5.2771767812542425,5.731314524250132,-3.364774450046493,-469.3057101622802
147.45743959692362,-45.503687776901636,5.274088173295324,5.749506960445506,-3.3605975813049804,-464.4827616111722
147.4720245835759,-45.50469816136308,5.271008020399153,5.767630310890017,-3.356425557276653,-459.6739326511512
147.48660675538912,-45.50571382376647,5.267936314933485,5.785684677460041,-3.3522583932679018,-454.8792053635799
147.5011861223026,-45.50673475333012,5.264873049266074,5.803670162025993,-3.348096104495605,-450.09856182982213
147.51576269424365,-45.50776093926832,5.2618182157646665,5.821586866452253,-3.343938706087263,-445.3319841312402
147.5303364811274,-45.508792370791355,5.258771806797021,5.839434892597179,-3.339786213081106,-440.57945434919753
147.5449074928575,-45.50982903710552,5.255733814730888,5.8572143423130525,-3.335638640426202,-435.8409545650573
147.55947573932528,-45.51087092741309,5.252704231934017,5.874925317446068,-3.3314960029826217,-431.11646686018196
147.57404123041027,-45.51191803091234,5.249683050774165,5.8925679198362975,-3.3273583155215087,-426.40597331593557
147.58860397598013,-45.512970336797565,5.246670263619083,5.910142251317676,-3.323225592725235,-421.7094560136794
147.60316398589052,-45.51402783425909,5.243665862836524,5.927648413717964,-3.3190978491874983,-417.02689703477876
147.6177212699852,-45.515090512483184,5.240669840794237,5.945086508858718,-3.3149750994134477,-412.35827846059465
147.63227583809626,-45.51615836065227,5.237682189859979,5.962456638555282,-3.310857357819785,-407.70358237249087
147.64682770004367,-45.517231367944696,5.234702902401501,5.97975890461676,-3.306744638734913,-403.0627908518309
147.6613768656356,-45.518309523534874,5.231731970786552,5.996993408845949,-3.3026369563990423,-398.4358859799772
147.67592334466835,-45.51939281659329,5.228769387382892,6.014160253039377,-3.2985343249642796,-393.8228498382929
147.69046714692644,-45.520481236286415,5.225815144558267,6.031259538987235,-3.29443675849479,-389.22366450814087
147.70500828218232,-45.52157477177681,5.222869234680432,6.048291368473343,-3.290344270966883,-384.6383120708848
147.71954676019703,-45.52267341222311,5.219931650117138,6.065255843275186,-3.2862568762691122,-380.0667746078874
147.73408259071942,-45.52377714677998,5.217002383236139,6.082153065163808,-3.282174588202447,-375.50903420051065
147.74861578348657,-45.524885964598134,5.214081426405187,6.098983135903821,-3.278097420480332,-370.9650729301194
147.76314634822384,-45.52599985482442,5.2111687719920345,6.115746157253407,-3.2740253867288303,-366.4348728780755
147.77767429464475,-45.527118806601706,5.208264412364434,6.1324422309642515,-3.269958500486724,-361.9184161257419
147.79219963245097,-45.528242809068935,5.205368339890138,6.149071458781524,-3.2658967752056434,-357.41568475448236
147.8067223713326,-45.52937185136121,5.202480546936899,6.1656339424438915,-3.261840224250152,-352.92666084565906
147.8212425209677,-45.53050592260968,5.199601025872471,6.182129783683429,-3.257788860897892,-348.451326480636
147.83576009102268,-45.531645011941556,5.196729769064604,6.198559084225648,-3.2537426983396873,-343.98966374077526
147.85027509115216,-45.532789108480216,5.19386676888105,6.214921945789435,-3.2497017496796348,-339.5416547074405
147.86478753099905,-45.53393820134509,5.191012017689565,6.231218470087071,-3.2456660279352416,-335.10728146199494
147.8792974201944,-45.53509227965174,5.1881655078578985,6.247448758824147,-3.2416355460375303,-330.68652608580044
147.89380476835777,-45.53625133251189,5.185327231753804,6.2636129136995855,-3.2376103168311294,-326.27937066022145
147.90830958509673,-45.537415349033324,5.182497181745034,6.279711036405589,-3.2335903530744226,-321.88579726661993
147.9228118800073,-45.53858431831997,5.179675350199341,6.295743228627632,-3.2295756674396205,-317.5057879863594
147.93731166267358,-45.53975822947192,5.176861729484478,6.311709592044425,-3.2255662725129035,-313.1393249008031
147.95180894266824,-45.540937071585354,5.174056311968196,6.3276102283278854,-3.221562180794497,-308.786390091313
147.96630372955192,-45.54212083375261,5.171259090018248,6.343445239143124,-3.217563404698825,-304.4469656392535
147.980796032874,-45.54330950506223,5.168470056002388,6.359214726148432,-3.2135699565545552,-300.12103362598714
147.9952858621718,-45.544503074598836,5.165689202288368,6.374918790995208,-3.2095818486047714,-295.8085761328763
148.00977322697113,-45.545701531443214,5.162916521243938,6.390557535327991,-3.205599093007053,-291.5095752412851
148.02425813678613,-45.546904864672356,5.160152005236854,6.406131060784386,-3.201621701833581,-287.22401303257567
148.03874060111926,-45.548113063359395,5.157395646634866,6.4216394689950835,-3.1976496870712463,-282.95187158811143
148.0532206294612,-45.5493261165736,5.154647437805727,6.437082861583793,-3.1936830606217628,-278.6931329892552
148.06769823129127,-45.550544013380524,5.151907371117192,6.452461340167249,-3.1897218343017704,-274.44777931737036
148.08217341607696,-45.551766742841785,5.149175438937008,6.467775006355174,-3.1857660198429363,-270.2157926538197
148.0966461932741,-45.55299429401525,5.146451633632934,6.483023961750247,-3.18181562889207,-265.99715507996615
148.111116572327,-45.55422665595496,5.143735947572717,6.498208307948092,-3.1778706730112334,-261.7918486771729
148.1255845626683,-45.55546381771117,5.141028373124113,6.513328146537246,-3.1739311636778225,-257.5998555268026
148.14005017371898,-45.55670576833029,5.138328902654872,6.52838357909913,-3.169997112284698,-253.42115771021915
148.15451341488864,-45.557952496855016,5.13563752853275,6.543374707208045,-3.166068530140268,-249.2557373087849
148.168974295575,-45.559203992324186,5.132954243125495,6.558301632431122,-3.1621454284686106,-245.1035764038627
148.18343282516437,-45.56046024377289,5.130279038800862,6.573164456328295,-3.1582278184095705,-240.96465707681645
148.19788901303147,-45.56172124023242,5.127611907926605,6.587963280452316,-3.1543157110188558,-236.838961409008
148.2123428685393,-45.56298697073031,5.124952842870475,6.602698206348676,-3.150409117268157,-232.72647148180135
148.2267944010394,-45.56425742429028,5.122301836000223,6.617369335555624,-3.1465080480452348,-228.62716937655918
148.2412436198719,-45.56553258993239,5.119658879683601,6.631976769604132,-3.142612514154017,-224.5410371746442
148.25569053436513,-45.566812456672835,5.117023966288366,6.646520610017839,-3.138722526314725,-220.46805695742046
148.270135153836,-45.568097013524095,5.114397088182265,6.661000958313081,-3.1348380951639547,-216.40821080624937
148.28457748758987,-45.56938624949491,5.1117782377330565,6.675417915998818,-3.1309592312547814,-212.3614808024953
148.29901754492053,-45.57068015359027,5.1091674073084885,6.689771584576636,-3.127085945056873,-208.32784902752095
148.3134553351102,-45.57197871481138,5.1065645892763145,6.70406206554072,-3.12321824695658,-204.30729756268892
148.3278908674298,-45.5732819221558,5.103969776004287,6.718289460377822,-3.1193561472570184,-200.29980848936287
148.34232415113848,-45.574589764617286,5.101382959860158,6.732453870567241,-3.1154996561782107,-196.30536388890536
148.35675519548406,-45.57590223118589,5.098804133211683,6.746555397580788,-3.11164878385715,-192.32394584267934
148.37118400970277,-45.57721931084796,5.0962332884266095,6.760594142882793,-3.1078035403479203,-188.35553643204878
148.3856106030194,-45.57854099258609,5.093670417872693,6.774570207930044,-3.103963935621776,-184.4001177383752
148.40003498464705,-45.57986726537918,5.091115513917688,6.788483694171773,-3.1001299795672677,-180.45767184302258
148.41445716378777,-45.58119811820245,5.088568568929342,6.8023347030496595,-3.096301681990297,-176.5281808273538
148.42887714963177,-45.582533540027384,5.086029575275411,6.816123335997762,-3.092479052614266,-172.6116267727319
148.44329495135793,-45.583873519821786,5.083498525323646,6.829849694442527,-3.0886621010801445,-168.7079917605202
148.4577105781336,-45.58521804654977,5.0809754114418,6.843513879802751,-3.0848508369465675,-164.81725787208097
148.47212403911473,-45.58656710917173,5.0784602259976275,6.857115993489558,-3.0810452696899393,-160.93940718877775
148.48653534344584,-45.58792069664439,5.075952961358877,6.870656136906382,-3.077245408704531,-157.07442179197352
148.50094450025998,-45.58927879792084,5.073453609893305,6.884134411448924,-3.0734512633025606,-153.22228376303153
148.51535151867876,-45.59064140195046,5.0709621639686615,6.897550918505163,-3.0696628427143153,-149.3829751833141
148.52975640781239,-45.59200849767895,5.068478615952698,6.910905759455293,-3.065880156088231,-145.5564781341851
148.5441591767596,-45.59338007404834,5.06600295821317,6.924199035671723,-3.0621032124909817,-141.742774697007
148.55855983460773,-45.594756119997044,5.063535183117828,6.93743084851905,-3.058332020907594,-137.94184695314274
148.57295839043263,-45.596136624459774,5.061075283034426,6.95060129935402,-3.0545665902415235,-134.15367698395613
148.587354853299,-45.59752157636763,5.058623250330715,6.963710489525524,-3.0508069293147457,-130.37824687080916
148.60174923225986,-45.598910964648056,5.056179077374448,6.976758520374576,-3.0470530468678714,-126.61553869506552
148.616141536357,-45.60030477822482,5.053742756533376,6.989745493234269,-3.0433049515602253,-122.86553453808814
148.6305317746207,-45.60170300601809,5.051314280175255,7.002671509429754,-3.039562651969935,-119.12821648123982
148.6449199560699,-45.60310563694439,5.048893640667835,7.01553667027823,-3.0358261565940405,-115.40356660588395
148.65930608971215,-45.6045126599166,5.046480830378868,7.028341077088919,-3.0320954738485755,-111.6915669933834
148.6736901845438,-45.60592406384404,5.044075841676109,7.041084831163037,-3.028370612068642,-107.99219972510072
148.68807224954963,-45.60733983763234,5.041678666927306,7.053768033793768,-3.0246515795085416,-104.30544688239988
148.70245229370306,-45.60875997018355,5.039289298500218,7.066390786266232,-3.0209383843418385,-100.63129054664306
148.7168303259663,-45.61018445039608,5.036907728762593,7.07895318985749,-3.0172310346614557,-96.96971279919387
148.73120635529006,-45.611613267164785,5.034533950082183,7.091455345836489,-3.0135295384797693,-93.32069572141529
148.74558039061372,-45.61304640938086,5.032167954826743,7.103897355464059,-3.0098339037287056,-89.68422139466949
148.7599524408655,-45.61448386593198,5.029809735364023,7.116279319992878,-3.0061441382598053,-86.06027190032069
148.77432251496217,-45.61592562570217,5.02745928406178,7.12860134066746,-3.002460249844341,-82.44882931973083
148.78869062180902,-45.61737167757189,5.025116593287761,7.14086351872411,-2.9987822461734037,-78.84987573426407
148.80305677030026,-45.618822010418,5.022781655409721,7.15306595539093,-2.9951101348579727,-75.26339322528258
148.81742096931865,-45.620276613113795,5.0204544627954135,7.16520875188776,-2.991443923429025,-71.68936387414954
148.83178322773557,-45.62173547452898,5.018135007812589,7.177292009426194,-2.987783619337622,-68.12776976222825
148.84614355441138,-45.62319858352977,5.0158232828289995,7.189315829209537,-2.9841292299549655,-64.57859297088157
148.86050195819485,-45.62466592897871,5.0135192802124005,7.201280312432756,-2.980480762572537,-61.04181558147286
148.87485844792354,-45.62613749973484,5.011222992330544,7.213185560282508,-2.9768382244021474,-57.51741967536461
148.88921303242373,-45.62761328465363,5.00893441155118,7.225031673937078,-2.973201622576046,-54.00538733391979
148.9035657205104,-45.62909327258701,5.006653530242062,7.236818754566373,-2.9695709641469854,-50.50570063850193
148.91791652098718,-45.630577452383335,5.004380340770943,7.24854690333189,-2.9659462560883387,-47.018341670473674
148.93226544264667,-45.6320658128875,5.002114835505576,7.260216221386699,-2.9623275052941374,-43.54329251119828
148.94661249426994,-45.63355834294075,4.999857006813712,7.271826809875414,-2.9587147185792158,-40.08053524203852
148.96095768462686,-45.635055031380894,4.997606847063104,7.283378769934166,-2.9551079026792566,-36.63005194435797
148.97530102247606,-45.63655586704213,4.9953643486215045,7.294872202690597,-2.9515070642508894,-33.19182469951919
