galstreams/tracks/track.st.SGP-S.yang2022.ecsv
# %ECSV 1.0
# ---
# datatype:
# - {name: ra, unit: deg, datatype: float64}
# - {name: dec, unit: deg, datatype: float64}
# - {name: distance, unit: kpc, datatype: float64}
# - {name: pm_ra_cosdec, unit: mas / yr, datatype: float64}
# - {name: pm_dec, unit: mas / yr, datatype: float64}
# - {name: radial_velocity, unit: km / s, datatype: float64}
# delimiter: ','
# meta: !!omap
# - __serialized_columns__:
#     dec:
#       __class__: astropy.coordinates.angles.Latitude
#       unit: &id001 !astropy.units.Unit {unit: deg}
#       value: !astropy.table.SerializedColumn {name: dec}
#     distance:
#       __class__: astropy.coordinates.distances.Distance
#       unit: !astropy.units.Unit {unit: kpc}
#       value: !astropy.table.SerializedColumn {name: distance}
#     pm_dec:
#       __class__: astropy.units.quantity.Quantity
#       unit: !astropy.units.Unit {unit: mas / yr}
#       value: !astropy.table.SerializedColumn {name: pm_dec}
#     pm_ra_cosdec:
#       __class__: astropy.units.quantity.Quantity
#       unit: !astropy.units.Unit {unit: mas / yr}
#       value: !astropy.table.SerializedColumn {name: pm_ra_cosdec}
#     ra:
#       __class__: astropy.coordinates.angles.Longitude
#       unit: *id001
#       value: !astropy.table.SerializedColumn {name: ra}
#       wrap_angle: !astropy.coordinates.Angle
#         unit: *id001
#         value: 360.0
#     radial_velocity:
#       __class__: astropy.units.quantity.Quantity
#       unit: !astropy.units.Unit {unit: km / s}
#       value: !astropy.table.SerializedColumn {name: radial_velocity}
# schema: astropy-2.0
ra,dec,distance,pm_ra_cosdec,pm_dec,radial_velocity
[from data line 1479]
8.391116396612647,-46.2787147421463,9.500000000000002,2.0000000000000004,2.500000000000001,-3.368306851948935e-14
8.389675415059957,-46.26876120768115,9.500000000000004,2.0,2.500000000000001,-1.6841534259744676e-14
8.38823478222524,-46.258807668632436,9.500000000000004,2.000000000000001,2.500000000000001,-8.420767129872338e-15
8.386794497963848,-46.248854124996434,9.500000000000002,2.000000000000001,2.500000000000001,-1.6841534259744676e-14
8.385354562131113,-46.23890057676923,9.500000000000002,2.000000000000001,2.5000000000000004,-8.420767129872338e-15
8.383914974582387,-46.22894702394716,9.500000000000004,1.9999999999999996,2.500000000000001,-2.5262301389617013e-14
8.382475735173006,-46.21899346652628,9.500000000000002,2.0000000000000004,2.5000000000000013,-8.420767129872338e-15
8.38103684375833,-46.20903990450296,9.500000000000005,2.0,2.5000000000000004,8.420767129872338e-15
8.379598300193697,-46.199086337873325,9.500000000000004,2.0000000000000004,2.5,2.5262301389617013e-14
8.378160104334468,-46.18913276663375,9.500000000000005,2.0,2.5,0.0
8.376722256035979,-46.17917919078037,9.500000000000004,2.000000000000001,2.5,-8.420767129872338e-15
8.375284755153606,-46.16922561030955,9.500000000000004,2.0000000000000004,2.500000000000001,-1.6841534259744676e-14
8.373847601542682,-46.15927202521748,9.500000000000004,1.9999999999999998,2.500000000000001,-1.6841534259744676e-14
8.372410795058586,-46.149318435500575,9.500000000000004,2.0000000000000004,2.500000000000001,0.0
8.370974335556665,-46.13936484115503,9.500000000000002,2.000000000000001,2.5000000000000004,0.0
8.36953822289229,-46.129411242177255,9.500000000000004,1.9999999999999998,2.500000000000001,-1.6841534259744676e-14
8.368102456920816,-46.119457638563546,9.500000000000002,2.0000000000000004,2.500000000000001,-1.6841534259744676e-14
8.366667037497601,-46.109504030310156,9.500000000000004,2.0000000000000004,2.500000000000001,-1.6841534259744676e-14
8.365231964478031,-46.09955041741359,9.500000000000004,2.0,2.500000000000001,-8.420767129872338e-15
8.363797237717453,-46.08959679987008,9.500000000000004,2.0,2.500000000000001,-8.420767129872338e-15
8.362362857071256,-46.07964317767611,9.500000000000002,2.0000000000000004,2.500000000000001,-4.210383564936169e-14
8.360928822394797,-46.069689550827945,9.500000000000002,2.0,2.500000000000001,-8.420767129872338e-15
8.359495133543463,-46.0597359193221,9.500000000000004,2.0,2.500000000000001,8.420767129872338e-15
8.358061790372615,-46.04978228315489,9.500000000000004,2.0000000000000004,2.5,-8.420767129872338e-15
8.356628792737647,-46.03982864232284,9.500000000000002,2.0000000000000004,2.500000000000001,-8.420767129872338e-15
8.355196140493916,-46.02987499682225,9.500000000000004,2.0,2.500000000000001,0.0
8.353763833496824,-46.01992134664969,9.500000000000004,2.0000000000000004,2.500000000000001,-8.420767129872338e-15
8.352331871601736,-46.00996769180149,9.500000000000002,2.000000000000001,2.500000000000001,8.420767129872338e-15
8.35090025466405,-46.00001403227425,9.500000000000004,1.9999999999999998,2.5,-8.420767129872338e-15
8.349468982539138,-45.99006036806431,9.500000000000004,2.000000000000001,2.500000000000001,-1.6841534259744676e-14
8.348038055082402,-45.980106699168275,9.500000000000004,1.9999999999999996,2.5000000000000004,-8.420767129872338e-15
8.346607472149211,-45.97015302558254,9.500000000000002,2.0000000000000013,2.500000000000001,-8.420767129872338e-15
8.34517723359498,-45.96019934730372,9.500000000000002,2.0000000000000004,2.500000000000001,-1.6841534259744676e-14
8.343747339275088,-45.950245664328285,9.5,2.000000000000001,2.5000000000000018,-1.6841534259744676e-14
8.342317789044914,-45.94029197665269,9.500000000000002,2.0000000000000004,2.500000000000001,-8.420767129872338e-15
8.340888582759886,-45.93033828427362,9.500000000000002,2.0,2.5000000000000013,-8.420767129872338e-15
8.339459720275368,-45.9203845871875,9.500000000000002,2.0000000000000004,2.5000000000000018,-1.6841534259744676e-14
8.338031201446785,-45.910430885390994,9.500000000000004,2.0,2.5,0.0
8.336603026129522,-45.9004771788806,9.500000000000004,2.0000000000000004,2.5000000000000004,0.0
8.335175194178996,-45.89052346765299,9.500000000000004,2.000000000000001,2.500000000000001,8.420767129872338e-15
8.33374770545059,-45.88056975170467,9.500000000000002,2.0000000000000004,2.500000000000001,8.420767129872338e-15
8.332320559799731,-45.87061603103236,9.500000000000002,2.0000000000000004,2.500000000000001,-2.5262301389617013e-14
8.330893757081808,-45.860662305632545,9.500000000000002,2.000000000000001,2.500000000000001,0.0
8.329467297152243,-45.85070857550198,9.500000000000004,2.0000000000000004,2.5000000000000004,0.0
8.328041179866437,-45.84075484063722,9.500000000000004,2.0000000000000004,2.500000000000001,0.0
8.326615405079815,-45.830801101035014,9.500000000000002,2.000000000000001,2.500000000000001,0.0
8.325189972647772,-45.82084735669191,9.500000000000004,2.000000000000001,2.5000000000000004,-2.5262301389617013e-14
8.323764882425746,-45.81089360760469,9.500000000000004,2.0,2.5,0.0
8.322340134269137,-45.800939853770004,9.500000000000004,2.000000000000001,2.5000000000000004,-8.420767129872338e-15
8.320915728033361,-45.790986095184486,9.500000000000004,2.0000000000000004,2.500000000000001,-8.420767129872338e-15
8.319491663573855,-45.78103233184496,9.500000000000002,1.9999999999999998,2.5000000000000004,-3.368306851948935e-14
8.318067940746023,-45.77107856374803,9.500000000000004,2.0000000000000004,2.500000000000001,-1.6841534259744676e-14
8.316644559405306,-45.761124790890534,9.500000000000004,2.0,2.500000000000001,0.0
8.315221519407109,-45.751171013269115,9.500000000000002,2.0000000000000004,2.5000000000000004,0.0
8.313798820606879,-45.74121723088063,9.500000000000002,2.0,2.500000000000001,0.0
8.312376462860026,-45.73126344372174,9.500000000000004,2.0,2.500000000000001,8.420767129872338e-15
8.310954446021997,-45.72130965178932,9.500000000000002,2.000000000000001,2.500000000000001,0.0
8.309532769948209,-45.71135585508006,9.500000000000002,2.000000000000001,2.500000000000001,-1.6841534259744676e-14
8.308111434494107,-45.70140205359085,9.500000000000004,2.0,2.5000000000000004,-8.420767129872338e-15
8.306690439515112,-45.69144824731839,9.500000000000004,2.0000000000000004,2.5,-8.420767129872338e-15
8.305269784866677,-45.681494436259634,9.500000000000002,2.0000000000000013,2.500000000000001,8.420767129872338e-15
8.303849470404224,-45.67154062041128,9.500000000000002,2.0000000000000004,2.500000000000001,8.420767129872338e-15
8.302429495983205,-45.66158679977028,9.500000000000004,2.0,2.5000000000000004,-8.420767129872338e-15
8.301009861459047,-45.65163297433338,9.500000000000004,2.0,2.5,-8.420767129872338e-15
8.299590566687208,-45.64167914409755,9.500000000000004,2.000000000000001,2.5,-8.420767129872338e-15
8.298171611523127,-45.63172530905961,9.500000000000002,2.0000000000000004,2.500000000000001,8.420767129872338e-15
8.296752995822239,-45.62177146921641,9.500000000000004,2.000000000000001,2.500000000000001,-2.5262301389617013e-14
8.295334719440005,-45.611817624564914,9.500000000000004,2.0000000000000004,2.5,-8.420767129872338e-15
8.293916782231857,-45.60186377510195,9.500000000000004,2.0,2.5,8.420767129872338e-15
8.292499184053272,-45.59190992082453,9.500000000000002,2.0000000000000004,2.500000000000001,0.0
8.291081924759673,-45.58195606172948,9.500000000000004,2.0,2.5000000000000004,-8.420767129872338e-15
8.289665004206539,-45.572002197813845,9.500000000000002,2.000000000000001,2.500000000000001,-2.5262301389617013e-14
8.2882484222493,-45.562048329074464,9.500000000000002,2.000000000000001,2.500000000000001,-2.5262301389617013e-14
8.286832178743436,-45.55209445550841,9.500000000000002,2.0000000000000004,2.500000000000001,-8.420767129872338e-15
8.285416273544385,-45.54214057711255,9.500000000000004,2.0000000000000004,2.5000000000000004,-8.420767129872338e-15
8.284000706507621,-45.53218669388396,9.500000000000004,2.0000000000000004,2.5000000000000004,-8.420767129872338e-15
8.282585477488594,-45.522232805819534,9.500000000000004,2.0000000000000004,2.5,-8.420767129872338e-15
8.28117058634278,-45.5122789129164,9.500000000000002,2.000000000000001,2.5000000000000013,-2.5262301389617013e-14
8.279756032925624,-45.50232501517143,9.500000000000002,2.000000000000001,2.5000000000000004,-2.5262301389617013e-14
8.278341817092613,-45.49237111258178,9.500000000000004,1.9999999999999993,2.5,0.0
8.276927938699197,-45.48241720514437,9.500000000000002,2.0000000000000013,2.500000000000001,0.0
8.27551439760086,-45.47246329285637,9.500000000000002,2.0000000000000004,2.500000000000001,-1.6841534259744676e-14
8.27410119365306,-45.46250937571477,9.5,2.000000000000001,2.500000000000001,-1.6841534259744676e-14
8.272688326711263,-45.45255545371656,9.500000000000004,2.0000000000000004,2.5,0.0
8.271275796630961,-45.44260152685898,9.500000000000002,2.0,2.500000000000001,-2.5262301389617013e-14
8.269863603267611,-45.432647595138974,9.500000000000002,2.0000000000000004,2.5000000000000013,-3.368306851948935e-14
8.268451746476703,-45.422693658553754,9.500000000000004,2.0,2.500000000000001,-8.420767129872338e-15
8.267040226113703,-45.41273971710034,9.500000000000004,2.0000000000000004,2.500000000000001,0.0
8.265629042034103,-45.40278577077596,9.500000000000002,2.000000000000001,2.500000000000001,-3.368306851948935e-14
8.264218194093365,-45.3928318195776,9.500000000000002,2.0000000000000004,2.5000000000000004,-8.420767129872338e-15
8.262807682146992,-45.38287786350257,9.500000000000002,2.000000000000001,2.5000000000000004,-1.6841534259744676e-14
8.261397506050448,-45.37292390254787,9.500000000000002,2.0,2.500000000000001,-1.6841534259744676e-14
8.259987665659237,-45.36296993671079,9.500000000000004,2.0,2.5000000000000004,-8.420767129872338e-15
8.258578160828826,-45.35301596598839,9.500000000000004,2.000000000000001,2.5,-8.420767129872338e-15
8.257168991414721,-45.34306199037798,9.500000000000002,2.0,2.500000000000001,-8.420767129872338e-15
8.255760157272393,-45.33310800987664,9.500000000000002,2.000000000000001,2.5000000000000004,0.0
8.254351658257352,-45.32315402448169,9.500000000000002,2.0,2.500000000000001,-3.368306851948935e-14
8.25294349422508,-45.31320003419027,9.500000000000004,2.0,2.5,0.0
8.251535665031067,-45.303246038999575,9.500000000000002,2.0,2.500000000000001,-1.6841534259744676e-14
8.250128170530816,-45.29329203890695,9.500000000000002,2.0000000000000004,2.5000000000000018,-1.6841534259744676e-14
8.248721010579814,-45.283338033909516,9.500000000000002,2.000000000000001,2.5000000000000004,2.5262301389617013e-14
8.247314185033575,-45.273384024004685,9.500000000000002,2.0000000000000004,2.500000000000001,-2.5262301389617013e-14
8.24590769374758,-45.263430009189584,9.500000000000002,2.0000000000000004,2.5,-8.420767129872338e-15
8.24450153657734,-45.2534759894616,9.500000000000004,2.0000000000000004,2.5,-1.6841534259744676e-14
8.243095713378354,-45.24352196481794,9.500000000000005,1.9999999999999996,2.4999999999999996,-2.5262301389617013e-14
8.241690224006135,-45.233567935256005,9.500000000000004,2.0,2.5000000000000004,-3.368306851948935e-14
8.24028506831617,-45.223613900772975,9.500000000000005,2.0000000000000004,2.5,-2.5262301389617013e-14
8.238880246163987,-45.21365986136632,9.500000000000004,2.0,2.500000000000001,-2.5262301389617013e-14
8.237475757405074,-45.20370581703323,9.500000000000004,2.0000000000000004,2.5,0.0
8.236071601894956,-45.19375176777119,9.500000000000002,2.0000000000000004,2.500000000000001,-1.6841534259744676e-14
8.234667779489131,-45.18379771357743,9.500000000000002,2.000000000000001,2.5,0.0
8.233264290043124,-45.17384365444942,9.500000000000002,2.000000000000001,2.5000000000000004,-8.420767129872338e-15
8.23186113341244,-45.163889590384485,9.500000000000004,2.0,2.5,-8.420767129872338e-15
8.23045830945259,-45.153935521379964,9.500000000000004,2.000000000000001,2.4999999999999996,-1.6841534259744676e-14
8.229055818019107,-45.14398144743337,9.500000000000004,1.9999999999999998,2.5,-2.5262301389617013e-14
8.227653658967487,-45.13402736854195,9.500000000000004,2.0,2.5,-8.420767129872338e-15
8.226251832153267,-45.1240732847033,9.500000000000004,2.0000000000000004,2.5,-8.420767129872338e-15
8.224850337431953,-45.11411919591469,9.500000000000002,2.0,2.500000000000001,-1.6841534259744676e-14
8.223449174659084,-45.10416510217368,9.500000000000004,2.0,2.5,-8.420767129872338e-15
8.222048343690169,-45.09421100347764,9.500000000000004,2.0,2.500000000000001,-2.5262301389617013e-14
8.220647844380741,-45.08425689982409,9.500000000000005,1.9999999999999998,2.5,-8.420767129872338e-15
8.219247676586317,-45.07430279121042,9.500000000000004,2.0,2.5000000000000004,-4.210383564936169e-14
8.217847840162438,-45.0643486776342,9.500000000000004,2.0000000000000004,2.4999999999999996,8.420767129872338e-15
8.216448334964616,-45.05439455909283,9.500000000000004,2.0,2.5,-8.420767129872338e-15
8.215049160848396,-45.04444043558392,9.500000000000004,2.0000000000000004,2.4999999999999996,-3.368306851948935e-14
8.2136503176693,-45.03448630710485,9.500000000000004,2.0000000000000004,2.5,8.420767129872338e-15
8.212251805282868,-45.02453217365327,9.500000000000002,2.0000000000000004,2.5,8.420767129872338e-15
8.210853623544622,-45.0145780352266,9.500000000000005,2.0000000000000004,2.4999999999999996,-1.6841534259744676e-14
8.209455772310116,-45.00462389182249,9.500000000000005,1.9999999999999998,2.5,-1.6841534259744676e-14
8.208058251434872,-44.994669743438386,9.500000000000002,2.0000000000000013,2.500000000000001,-3.368306851948935e-14
8.206661060774438,-44.98471559007194,9.500000000000004,2.0000000000000004,2.500000000000001,-2.5262301389617013e-14
8.205264200184349,-44.9747614317207,9.500000000000002,2.0,2.500000000000001,-3.368306851948935e-14
8.203867669520136,-44.96480726838218,9.500000000000002,2.0000000000000004,2.500000000000001,-4.210383564936169e-14
8.202471468637361,-44.95485310005407,9.500000000000002,2.000000000000001,2.5000000000000004,-1.6841534259744676e-14
8.201075597391545,-44.94489892673389,9.500000000000004,2.0000000000000004,2.5,-2.5262301389617013e-14
8.19968005563826,-44.934944748419355,9.500000000000002,2.0000000000000004,2.5000000000000004,-4.210383564936169e-14
8.198284843233026,-44.92499056510796,9.500000000000004,2.0000000000000004,2.5,-2.5262301389617013e-14
8.196889960031406,-44.91503637679748,9.500000000000005,2.0000000000000004,2.5,-2.5262301389617013e-14
8.195495405888943,-44.90508218348543,9.500000000000002,2.000000000000001,2.500000000000001,-2.5262301389617013e-14
8.19410118066119,-44.89512798516959,9.500000000000004,2.0,2.4999999999999996,-8.420767129872338e-15
8.192707284203694,-44.885173781847506,9.500000000000002,2.0000000000000004,2.5000000000000004,-2.5262301389617013e-14
8.191313716372019,-44.87521957351696,9.500000000000004,1.9999999999999996,2.5,-8.420767129872338e-15
8.189920477021703,-44.86526536017554,9.500000000000002,2.0000000000000004,2.500000000000001,-1.6841534259744676e-14
8.188527566008316,-44.85531114182104,9.500000000000002,2.0,2.5,-3.368306851948935e-14
8.1871349831874,-44.84535691845107,9.500000000000004,1.9999999999999993,2.5,-2.5262301389617013e-14
8.185742728414533,-44.83540269006343,9.5,2.0000000000000004,2.500000000000001,-1.6841534259744676e-14
8.184350801545257,-44.82544845665582,9.500000000000004,2.0000000000000004,2.5,-8.420767129872338e-15
8.182959202435134,-44.815494218225915,9.500000000000002,2.0000000000000004,2.5000000000000004,-1.6841534259744676e-14
8.181567930939734,-44.80553997477157,9.500000000000002,2.0,2.5000000000000004,-3.368306851948935e-14
8.180176986914608,-44.795585726290426,9.500000000000004,2.0,2.5,-2.5262301389617013e-14
8.178786370215338,-44.785631472780366,9.500000000000002,2.0000000000000004,2.500000000000001,-1.6841534259744676e-14
8.17739608069747,-44.77567721423905,9.500000000000002,2.0,2.5,0.0
8.17600611821659,-44.7657229506644,9.500000000000004,1.9999999999999998,2.5,-3.368306851948935e-14
