galstreams/tracks/track.st.Leiptr.ibata2024.ecsv
# %ECSV 1.0
# ---
# datatype:
# - {name: ra, unit: deg, datatype: float64}
# - {name: dec, unit: deg, datatype: float64}
# - {name: distance, unit: kpc, datatype: float64}
# - {name: pm_ra_cosdec, unit: mas / yr, datatype: float64}
# - {name: pm_dec, unit: mas / yr, datatype: float64}
# - {name: radial_velocity, unit: km / s, datatype: float64}
# delimiter: ','
# meta: !!omap
# - __serialized_columns__:
#     dec:
#       __class__: astropy.coordinates.angles.Latitude
#       unit: &id001 !astropy.units.Unit {unit: deg}
#       value: !astropy.table.SerializedColumn {name: dec}
#     distance:
#       __class__: astropy.coordinates.distances.Distance
#       unit: !astropy.units.Unit {unit: kpc}
#       value: !astropy.table.SerializedColumn {name: distance}
#     pm_dec:
#       __class__: astropy.units.quantity.Quantity
#       unit: !astropy.units.Unit {unit: mas / yr}
#       value: !astropy.table.SerializedColumn {name: pm_dec}
#     pm_ra_cosdec:
#       __class__: astropy.units.quantity.Quantity
#       unit: !astropy.units.Unit {unit: mas / yr}
#       value: !astropy.table.SerializedColumn {name: pm_ra_cosdec}
#     ra:
#       __class__: astropy.coordinates.angles.Longitude
#       unit: *id001
#       value: !astropy.table.SerializedColumn {name: ra}
#       wrap_angle: !astropy.coordinates.Angle
#         unit: *id001
#         value: 360.0
#     radial_velocity:
#       __class__: astropy.units.quantity.Quantity
#       unit: !astropy.units.Unit {unit: km / s}
#       value: !astropy.table.SerializedColumn {name: radial_velocity}
# schema: astropy-2.0
ra,dec,distance,pm_ra_cosdec,pm_dec,radial_velocity
[from data line 6696]
114.03671788940083,-44.01083276372434,1.0,8.898719735905598,-5.092497081961291,365.57663240523146
114.04859753403035,-44.016058836473356,1.0,8.897694589742223,-5.090338356626333,365.6310938796488
114.06047919925095,-44.021283769177856,1.0,8.896669050792024,-5.088179610685891,365.6855437907257
114.07236288537851,-44.02650756138423,1.0,8.895643119028538,-5.08602084444275,365.73998213610287
114.08424859272863,-44.03173021263871,1.0,8.894616794425321,-5.083862058199813,365.7944089134209
114.09613632161653,-44.036951722487515,1.0000000000000002,8.893590076956002,-5.081703252259999,365.84882412032067
114.10802607235703,-44.04217209047669,1.0,8.892562966594298,-5.079544426926397,365.90322775444275
114.11991784526475,-44.047391316152215,1.0000000000000002,8.891535463313915,-5.077385582502117,365.9576198134279
114.13181164065382,-44.05260939905995,1.0000000000000002,8.890507567088662,-5.075226719290413,366.0120002949169
114.1437074588382,-44.057826338745684,1.0,8.889479277892313,-5.073067837594579,366.06636919655045
114.15560530013133,-44.06304213475506,1.0,8.888450595698789,-5.070908937717995,366.12072651596924
114.16750516484642,-44.06825678663363,1.0,8.88742152048199,-5.06875001996422,366.1750722508142
114.17940705329636,-44.0734702939269,1.0,8.886392052215871,-5.066591084636748,366.22940639872604
114.19131096579358,-44.07868265618019,1.0000000000000002,8.885362190874496,-5.064432132039315,366.2837289573452
114.20321690265028,-44.08389387293877,1.0,8.884331936431899,-5.062273162475627,366.33803992431257
114.21512486417828,-44.0891039437478,1.0,8.883301288862206,-5.060114176249542,366.39233929726885
114.22703485068905,-44.09431286815233,1.0,8.882270248139601,-5.057955173664986,366.44662707385487
114.23894686249373,-44.09952064569733,1.0,8.881238814238273,-5.055796155025959,366.50090325171124
114.25086089990312,-44.10472727592765,1.0,8.880206987132485,-5.053637120636587,366.55516782847883
114.26277696322764,-44.10993275838802,1.0,8.879174766796567,-5.051478070801046,366.6094208017983
114.27469505277737,-44.1151370926231,1.0,8.878142153204898,-5.049319005823634,366.66366216931027
114.28661516886216,-44.12034027817745,1.0,8.877109146331833,-5.047159926008689,366.71789192865566
114.29853731179132,-44.12554231459552,1.0000000000000002,8.876075746151884,-5.045000831660687,366.77211007747513
114.31046148187397,-44.13074320142166,1.0,8.875041952639567,-5.042841723084123,366.8263166134093
114.32238767941881,-44.135942938200095,1.0,8.874007765769417,-5.040682600583686,366.88051153409884
114.33431590473425,-44.14114152447498,1.0,8.872973185516042,-5.038523464464092,366.9346948371851
114.34624615812825,-44.14633895979038,1.0,8.871938211854122,-5.036364315030113,366.98886652030797
114.35817843990854,-44.15153524369021,1.0,8.870902844758362,-5.034205152586637,367.04302658110856
114.37011275038245,-44.156730375718325,1.0,8.869867084203516,-5.032045977438663,367.0971750172276
114.38204908985693,-44.16192435541848,1.0,8.868830930164407,-5.029886789891279,367.15131182630597
114.39398745863865,-44.16711718233429,1.0,8.867794382615884,-5.027727590249604,367.20543700598404
114.40592785703387,-44.17230885600932,1.0,8.866757441532858,-5.025568378818896,367.2595505539028
114.41787028534853,-44.177499375987,1.0,8.865720106890297,-5.023409155904488,367.3136524677029
114.42981474388822,-44.182688741810665,1.0000000000000002,8.864682378663218,-5.021249921811794,367.36774274502534
114.44176123295816,-44.18787695302357,0.9999999999999999,8.863644256826682,-5.019090676846318,367.42182138351023
114.45370975286326,-44.19306400916885,1.0,8.862605741355775,-5.016931421313679,367.4758883807988
114.46566030390802,-44.19824990978952,0.9999999999999999,8.861566832225726,-5.014772155519552,367.5299437345317
114.47761288639664,-44.203434654428555,1.0,8.860527529411698,-5.0126128797696765,367.5839874423495
114.48956750063296,-44.20861824262878,1.0,8.85948783288897,-5.010453594369935,367.63801950189315
114.50152414692043,-44.21380067393293,0.9999999999999999,8.858447742632855,-5.008294299626286,367.69203991080315
114.51348282556215,-44.218981947883634,0.9999999999999999,8.857407258618757,-5.0061349958447465,367.7460486667205
114.52544353686095,-44.22416206402345,1.0,8.856366380822045,-5.003975683331426,367.80004576728567
114.53740628111919,-44.229341021894804,1.0,8.855325109218228,-5.001816362392546,367.85403121013957
114.54937105863894,-44.23451882104003,1.0,8.854283443782819,-4.9996570333344295,367.9080049929228
114.56133786972194,-44.239695461001375,1.0,8.853241384491373,-4.9974976964634195,367.9619671132761
114.5733067146695,-44.24487094132098,1.0,8.852198931319563,-4.995338352086016,368.01591756884034
114.5852775937826,-44.25004526154087,0.9999999999999999,8.851156084243012,-4.993179000508775,368.069856357256
114.59725050736192,-44.25521842120299,0.9999999999999998,8.850112843237511,-4.991019642038346,368.1237834761641
114.6092254557077,-44.26039041984919,1.0,8.849069208278802,-4.9888602769814625,368.17769892320524
114.62120243911988,-44.2655612570212,1.0,8.84802517934273,-4.986700905644945,368.23160269602005
114.63318145789805,-44.270730932260655,1.0,8.846980756405152,-4.984541528335697,368.28549479224944
114.64516251234137,-44.27589944510911,1.0,8.845935939442072,-4.982382145360752,368.33937520953407
114.65714560274873,-44.281066795107996,1.0,8.844890728429423,-4.98022275702715,368.3932439455147
114.66913072941855,-44.28623298179865,1.0,8.843845123343296,-4.978063363642121,368.4471009978318
114.68111789264901,-44.29139800472232,0.9999999999999999,8.842799124159754,-4.975903965512906,368.5009463641265
114.69310709273789,-44.29656186342015,1.0000000000000002,8.84175273085495,-4.973744562946834,368.5547800420393
114.70509832998258,-44.301724557433175,1.0000000000000002,8.840705943405101,-4.971585156251379,368.60860202921094
114.71709160468009,-44.306886086302356,1.0,8.839658761786474,-4.969425745734036,368.6624123232821
114.7290869171272,-44.312046449568534,1.0,8.838611185975331,-4.967266331702454,368.7162109218937
114.74108426762014,-44.317205646772436,1.0,8.837563215948073,-4.965106914464322,368.7699978226865
114.7530836564549,-44.32236367745473,1.0,8.836514851681116,-4.962947494327409,368.8237730233008
114.76508508392709,-44.32752054115596,1.0,8.835466093150892,-4.960788071599623,368.87753652137786
114.77708855033195,-44.33267623741658,1.0000000000000002,8.834416940333945,-4.958628646588913,368.9312883145581
114.78909405596437,-44.33783076577693,1.0,8.833367393206863,-4.956469219603363,368.98502840048224
114.80110160111882,-44.34298412577726,1.0,8.832317451746267,-4.954309790951079,369.0387567767913
114.81311118608944,-44.34813631695773,1.0,8.831267115928839,-4.9521503609403155,369.0924734411256
114.82512281117002,-44.3532873388584,1.0000000000000002,8.830216385731308,-4.94999092987937,369.14617839112606
114.83713647665401,-44.35843719101921,1.0,8.829165261130438,-4.947831498076653,369.1998716244334
114.8491521828344,-44.36358587298003,1.0,8.828113742103138,-4.945672065840689,369.2535531386886
114.86116993000391,-44.36873338428062,1.0,8.827061828626249,-4.943512633480026,369.307222931532
114.87318971845485,-44.37387972446063,1.0,8.826009520676742,-4.94135320130335,369.3608810006046
114.88521154847918,-44.37902489305963,1.0,8.824956818231634,-4.939193769619408,369.41452734354704
114.89723542036843,-44.38416888961709,1.0,8.823903721267975,-4.93703433873705,369.4681619579998
114.90926133441383,-44.38931171367234,1.0,8.822850229762874,-4.934874908965227,369.521784841604
114.92128929090623,-44.39445336476469,1.0,8.821796343693542,-4.932715480612934,369.57539599200015
114.93331929013614,-44.3995938424333,1.0,8.820742063037155,-4.930556053989285,369.62899540682906
114.94535133239363,-44.40473314621721,0.9999999999999999,8.819687387770983,-4.928396629403494,369.68258308373146
114.95738541796844,-44.40987127565544,1.0000000000000002,8.818632317872417,-4.9262372071648315,369.73615902034817
114.9694215471499,-44.41500823028682,1.0,8.817576853318815,-4.924077787582668,369.78972321431957
114.98145972022705,-44.420144009650166,1.0,8.816520994087611,-4.921918370966466,369.8432756632868
114.99349993748851,-44.425278613284114,1.0,8.815464740156319,-4.919758957625817,369.8968163648904
115.00554219922249,-44.43041204072729,0.9999999999999999,8.8144080915025,-4.917599547870296,369.9503453167712
115.01758650571692,-44.43554429151815,1.0000000000000002,8.813351048103737,-4.915440142009643,370.0038625165698
115.02963285725924,-44.44067536519509,1.0,8.812293609937733,-4.91328074035367,370.0573679619268
115.04168125413668,-44.4458052612964,1.0,8.81123577698217,-4.911121343212315,370.1108616504833
115.0537316966359,-44.45093397936025,0.9999999999999999,8.810177549214867,-4.908961950895538,370.1643435798797
115.06578418504331,-44.45606151892476,1.0000000000000002,8.809118926613642,-4.9068025637133985,370.217813747757
115.07783871964494,-44.46118787952792,1.0,8.808059909156356,-4.904643181976077,370.2712721517557
115.08989530072641,-44.466313060707606,1.0,8.807000496821004,-4.90248380599386,370.3247187895167
115.101953928573,-44.471437062001655,1.0,8.805940689585551,-4.900324436077007,370.3781536586806
115.11401460346957,-44.47655988294774,1.0,8.804880487428047,-4.898165072536031,370.43157675688826
115.12607732570065,-44.48168152308348,1.0,8.803819890326622,-4.89600571568139,370.48498808178044
115.13814209555035,-44.48680198194639,1.0,8.80275889825947,-4.893846365823698,370.53838763099765
115.15020891330244,-44.49192125907387,1.0,8.801697511204779,-4.8916870232736684,370.59177540218064
115.16227777924026,-44.49703935400325,1.0,8.800635729140843,-4.889527688342056,370.64515139297026
115.17434869364682,-44.50215626627173,1.0,8.79957355204602,-4.887368361339753,370.69851560100733
115.18642165680478,-44.50727199541645,1.0000000000000002,8.798510979898673,-4.885209042577678,370.7518680239325
115.19849666899634,-44.512386540974425,1.0,8.7974480126773,-4.883049732366928,370.8052086593864
115.21057373050334,-44.517499902482584,1.0,8.796384650360377,-4.8808904310186065,370.85853750500974
115.22265284160733,-44.52261207947776,1.0,8.795320892926483,-4.878731138843889,370.9118545584434
115.23473400258932,-44.52772307149669,1.0,8.794256740354239,-4.876571856154136,370.9651598173281
115.24681721373008,-44.532832878076,1.0,8.793192192622335,-4.874412583260742,371.0184532793045
115.25890247530997,-44.53794149875224,0.9999999999999999,8.792127249709505,-4.872253320475167,371.0717349420133
115.2709897876089,-44.54304893306185,1.0,8.791061911594547,-4.870094068109005,371.12500480309524
115.28307915090647,-44.54815518054119,1.0,8.789996178256299,-4.867934826473878,371.1782628601913
115.29517056548183,-44.553260240726495,1.0000000000000002,8.788930049673723,-4.86577559588158,371.2315091109418
115.30726403161383,-44.558364113153935,0.9999999999999999,8.787863525825745,-4.863616376643911,371.28474355298766
115.31935954958085,-44.563466797359574,1.0,8.78679660669139,-4.861457169072764,371.3379661839698
115.33145711966095,-44.568568292879355,1.0,8.785729292249798,-4.859297973480231,371.3911770015286
115.34355674213181,-44.57366859924917,1.0000000000000002,8.784661582480052,-4.85713879017834,371.44437600330497
115.35565841727066,-44.578767716004776,1.0,8.783593477361404,-4.854979619479288,371.4975631869396
115.3677621453544,-44.58386564268185,1.0,8.78252497687308,-4.85282046169538,371.5507385500734
115.37986792665954,-44.58896237881597,0.9999999999999999,8.7814560809944,-4.850661317138957,371.60390209034676
115.39197576146213,-44.59405792394262,1.0,8.780386789704771,-4.848502186122445,371.6570538054009
115.404085650038,-44.599152277597184,1.0,8.779317102983601,-4.84634306895844,371.7101936928758
115.41619759266237,-44.60424543931498,1.0,8.778247020810408,-4.844183965959495,371.763321750413
115.42831158961025,-44.60933740863117,1.0,8.777176543164753,-4.8420248774383765,371.8164379756526
115.44042764115622,-44.61442818508089,1.0,8.776105670026212,-4.839865803707831,371.86954236623575
115.45254574757439,-44.61951776819911,1.0,8.775034401374487,-4.8377067450808084,371.92263491980304
115.46466590913857,-44.624606157520745,1.0,8.7739627371893,-4.835547701870276,371.9757156339952
115.47678812612216,-44.62969335258064,1.0,8.772890677450452,-4.833388674389255,372.02878450645284
115.48891239879813,-44.63477935291348,1.0,8.771818222137789,-4.831229662950918,372.08184153481676
115.50103872743914,-44.63986415805391,1.0,8.770745371231232,-4.829070667868535,372.1348867167279
115.51316711231739,-44.644947767536465,1.0,8.769672124710741,-4.826911689455379,372.1879200498268
115.52529755370469,-44.650030180895556,1.0,8.768598482556335,-4.824752728024897,372.240941531754
115.53743005187249,-44.65511139766553,1.0,8.767524444748098,-4.822593783890582,372.2939511601507
115.54956460709182,-44.660191417380645,1.0,8.766450011266205,-4.820434857366017,372.3469489326571
115.56170121963335,-44.66527023957503,1.0,8.765375182090871,-4.818275948764928,372.39993484691433
115.57383988976733,-44.67034786378274,1.0,8.764299957202311,-4.816117058401019,372.452908900563
115.58598061776361,-44.67542428953775,1.0,8.763224336580933,-4.8139581865881595,372.5058710912438
115.59812340389166,-44.68049951637392,1.0000000000000002,8.76214832020709,-4.811799333640337,372.5588214165976
115.61026824842055,-44.685573543825015,1.0,8.761071908061215,-4.809640499871513,372.6117598742647
115.622415151619,-44.690646371424705,1.0000000000000002,8.759995100123824,-4.807481685595846,372.6646864618865
115.63456411375522,-44.695717998706584,1.0,8.758917896375518,-4.805322891127524,372.71760117710323
115.64671513509715,-44.700788425204124,1.0,8.757840296796893,-4.803164116780849,372.77050401755565
115.65886821591226,-44.70585765045073,1.0,8.756762301368699,-4.801005362870214,372.82339498088476
115.67102335646764,-44.71092567397967,0.9999999999999999,8.755683910071614,-4.798846629710077,372.8762740647311
115.68318055703001,-44.71599249532421,0.9999999999999999,8.754605122886517,-4.796687917614975,372.9291412667354
115.69533981786564,-44.72105811401739,1.0,8.75352593979424,-4.79452922689957,372.9819965845384
115.7075011392404,-44.72612252959226,1.0000000000000002,8.752446360775753,-4.792370557878591,373.034840015781
115.71966452141983,-44.731185741581726,1.0,8.751366385812045,-4.790211910866873,373.08767155810347
115.73182996466902,-44.73624774951863,1.0,8.750286014884178,-4.7880532861792915,373.14049120914717
115.74399746925266,-44.74130855293569,0.9999999999999999,8.749205247973244,-4.7858946841308665,373.19329896655245
115.75616703543506,-44.74636815136557,1.0,8.748124085060486,-4.783736105036638,373.24609482796006
115.76833866348008,-44.75142654434079,1.0000000000000002,8.747042526127107,-4.781577549211825,373.2988787910108
115.78051235365126,-44.7564837313938,1.0000000000000002,8.745960571154423,-4.77941901697168,373.35165085334535
115.79268810621166,-44.761539712056965,1.0,8.744878220123834,-4.777260508631528,373.4044110126043
115.804865921424,-44.766594485862555,1.0,8.743795473016714,-4.775102024506822,373.4571592664286
115.81704579955053,-44.771648052342734,1.0,8.742712329814616,-4.772943564913049,373.50989561245905
115.82922774085316,-44.77670041102958,1.0,8.741628790499071,-4.770785130165848,373.5626200483362
115.84141174559339,-44.78175156145509,1.0,8.740544855051684,-4.768626720580897,373.61533257170095
115.85359781403226,-44.786801503151125,1.0,8.73946052345416,-4.766468336473999,373.66803318019373
115.86578594643045,-44.791850235649505,1.0,8.73837579568821,-4.764309978161009,373.7207218714556
115.8779761430482,-44.79689775848192,1.0,8.737290671735707,-4.762151645957907,373.773398643127
115.89016840414541,-44.80194407117999,1.0,8.736205151578456,-4.759993340180728,373.82606349284896
115.90236272998153,-44.806989173275234,1.0,8.735119235198425,-4.7578350611455775,373.87871641826183
115.91455912081564,-44.81203306429908,0.9999999999999999,8.734032922577597,-4.755676809168712,373.9313574170068
115.9267575769063,-44.81707574378285,1.0,8.732946213698014,-4.7535185845664145,373.98398648672435
