galstreams/tracks/track.st.Svol.ibata2021.ecsv
# %ECSV 0.9
# ---
# datatype:
# - {name: ra, unit: deg, datatype: float64}
# - {name: dec, unit: deg, datatype: float64}
# - {name: distance, unit: kpc, datatype: float64}
# - {name: pm_ra_cosdec, unit: mas / yr, datatype: float64}
# - {name: pm_dec, unit: mas / yr, datatype: float64}
# - {name: radial_velocity, unit: km / s, datatype: float64}
# delimiter: ','
# meta: !!omap
# - __serialized_columns__:
#     dec:
#       __class__: astropy.coordinates.angles.Latitude
#       unit: &id001 !astropy.units.Unit {unit: deg}
#       value: !astropy.table.SerializedColumn {name: dec}
#     distance:
#       __class__: astropy.coordinates.distances.Distance
#       unit: !astropy.units.Unit {unit: kpc}
#       value: !astropy.table.SerializedColumn {name: distance}
#     pm_dec:
#       __class__: astropy.units.quantity.Quantity
#       unit: !astropy.units.Unit {unit: mas / yr}
#       value: !astropy.table.SerializedColumn {name: pm_dec}
#     pm_ra_cosdec:
#       __class__: astropy.units.quantity.Quantity
#       unit: !astropy.units.Unit {unit: mas / yr}
#       value: !astropy.table.SerializedColumn {name: pm_ra_cosdec}
#     ra:
#       __class__: astropy.coordinates.angles.Longitude
#       unit: *id001
#       value: !astropy.table.SerializedColumn {name: ra}
#       wrap_angle: !astropy.coordinates.Angle
#         unit: *id001
#         value: 360.0
#     radial_velocity:
#       __class__: astropy.units.quantity.Quantity
#       unit: !astropy.units.Unit {unit: km / s}
#       value: !astropy.table.SerializedColumn {name: radial_velocity}
# schema: astropy-2.0
ra,dec,distance,pm_ra_cosdec,pm_dec,radial_velocity
[from data line 2108]
244.02272600945173,25.464876110131314,6.818728297325481,3.2739299796477175,-6.205493238098037,1.6841534259744676e-14
244.03309105221587,25.461649325319616,6.818100547535481,3.275299295444782,-6.207073723552954,-1.6841534259744676e-14
244.04345561978124,25.458422025633418,6.817473127000886,3.276668452147346,-6.208654245300053,-1.6841534259744676e-14
244.0538197129179,25.455194213141557,6.816846035696581,3.278037449182328,-6.210234802332023,1.0104920555846805e-13
244.06418333239642,25.45196588991267,6.816219273597451,3.279406285976905,-6.2118153936413965,-5.0524602779234026e-14
244.07454647898822,25.448737058015176,6.815592840678384,3.280774961958497,-6.213396018220576,-3.368306851948935e-14
244.0849091534652,25.445507719517305,6.814966736914266,3.282143476554796,-6.214976675061811,-5.0524602779234026e-14
244.09527135660002,25.442277876487083,6.814340962279984,3.2835118291937446,-6.216557363157224,1.6841534259744676e-14
244.1056330891658,25.439047530992344,6.813715516750422,3.2848800193035395,-6.2181380814987826,-6.73661370389787e-14
244.11599435193654,25.435816685100708,6.81309040030047,3.286248046312637,-6.219718829078319,-3.368306851948935e-14
244.1263551456867,25.4325853408796,6.812465612905009,3.287615909649748,-6.221299604887527,-5.0524602779234026e-14
244.13671547119148,25.429353500396232,6.811841154538929,3.2889836087438393,-6.222880407917959,1.6841534259744676e-14
244.14707532922662,25.426121165717642,6.811217025177116,3.2903511430241377,-6.224461237161018,-1.6841534259744676e-14
244.1574347205686,25.42288833891064,6.810593224794453,3.2917185119201253,-6.226042091607974,0.0
244.1677936459945,25.41965502204184,6.80996975336583,3.293085714861534,-6.227622970249962,3.368306851948935e-14
244.17815210628203,25.41642121717768,6.80934661086613,3.294452751278359,-6.229203872077962,5.0524602779234026e-14
244.18851010220948,25.41318692638436,6.808723797270243,3.295819620600848,-6.230784796082819,6.73661370389787e-14
244.19886763455588,25.409952151727897,6.808101312553052,3.297186322259507,-6.232365741255245,0.0
244.20922470410088,25.406716895274112,6.8074791566894435,3.2985528556850943,-6.233946706585808,-1.6841534259744676e-14
244.21958131162472,25.403481159088603,6.806857329654306,3.2999192203086247,-6.235527691064931,3.368306851948935e-14
244.22993745790828,25.400244945236793,6.806235831422522,3.3012854155613733,-6.237108693682901,0.0
244.2402931437331,25.397008255783884,6.805614661968982,3.302651440874864,-6.238689713429865,1.6841534259744676e-14
244.2506483698814,25.393771092794882,6.804993821268569,3.3040172956808807,-6.240270749295831,3.368306851948935e-14
244.2610031371359,25.39053345833459,6.804373309296171,3.305382979411464,-6.241851800270667,0.0
244.2713574462801,25.387295354467632,6.803753126026673,3.3067484914989036,-6.2434328653441025,5.0524602779234026e-14
244.281711298098,25.384056783258387,6.803133271434962,3.308113831375749,-6.245013943505722,6.73661370389787e-14
244.29206469337436,25.380817746771058,6.802513745495924,3.309478998474812,-6.246595033744979,3.368306851948935e-14
244.3024176328945,25.377578247069664,6.8018945481844435,3.3108439922291435,-6.2481761350511835,5.0524602779234026e-14
244.31277011744433,25.374338286217977,6.801275679475411,3.3122088120720616,-6.249757246413503,3.368306851948935e-14
244.32312214781055,25.371097866279605,6.8006571393437065,3.3135734574371374,-6.2513383668209785,1.6841534259744676e-14
244.3334737247803,25.367856989317936,6.800038927764222,3.314937927758195,-6.252919495262498,1.6841534259744676e-14
244.3438248491415,25.36461565739617,6.79942104471184,3.3163022224693113,-6.254500630726816,0.0
244.3541755216827,25.361373872577275,6.79880349016145,3.317666341004823,-6.2560817722025535,3.368306851948935e-14
244.36452574319284,25.358131636924057,6.798186264087933,3.319030282799323,-6.257662918678184,0.0
244.37487551446182,25.354888952499095,6.797569366466182,3.320394047287653,-6.25924406914205,3.368306851948935e-14
244.38522483628,25.351645821364773,6.796952797271076,3.3217576339049133,-6.2608252225823575,0.0
244.39557370943834,25.34840224558327,6.796336556477508,3.3231210420864574,-6.262406377987163,1.6841534259744676e-14
244.4059221347285,25.34515822721657,6.79572064406036,3.32448427126789,-6.2639875343443965,-1.6841534259744676e-14
244.41627011294284,25.341913768326435,6.795105059994518,3.325847320885076,-6.265568690641842,0.0
244.42661764487414,25.338668870974452,6.794489804254872,3.327210190374138,-6.2671498458671575,1.6841534259744676e-14
244.43696473131595,25.335423537221992,6.793874876816303,3.328572879171444,-6.268730999007848,-1.6841534259744676e-14
244.44731137306246,25.332177769130208,6.793260277653703,3.329935386713615,-6.270312149051288,1.6841534259744676e-14
244.45765757090837,25.328931568760083,6.792646006741953,3.33129771243754,-6.271893294984724,-5.0524602779234026e-14
244.4680033256492,25.32568493817238,6.792032064055941,3.3326598557803493,-6.273474435795247,0.0
244.4783486380809,25.322437879427664,6.791418449570554,3.3340218161794315,-6.275055570469828,1.6841534259744676e-14
244.4886935090001,25.319190394586286,6.7908051632606785,3.335383593072429,-6.276636697995284,-3.368306851948935e-14
244.49903793920416,25.315942485708405,6.7901922051011985,3.3367451858972386,-6.278217817358316,-1.6841534259744676e-14
244.50938192949093,25.312694154853972,6.789579575067002,3.3381065940920127,-6.279798927545467,1.6841534259744676e-14
244.51972548065893,25.309445404082748,6.788967273132976,3.339467817095157,-6.281380027543151,-1.6841534259744676e-14
244.53006859350734,25.306196235454276,6.788355299274002,3.3408288543453253,-6.282961116337658,-1.6841534259744676e-14
244.54041126883598,25.302946651027906,6.787743653464974,3.342189705281429,-6.284542192915119,0.0
244.55075350744514,25.29969665286277,6.787132335680771,3.343550369342643,-6.286123256261548,0.0
244.56109531013593,25.29644624301783,6.786521345896283,3.344910845968377,-6.287704305362812,-1.6841534259744676e-14
244.57143667770993,25.293195423551808,6.785910684086394,3.346271134598311,-6.289285339204645,-1.6841534259744676e-14
244.58177761096948,25.289944196523244,6.7853003502259925,3.3476312346723627,-6.2908663567726455,-1.6841534259744676e-14
244.59211811071737,25.286692563990464,6.784690344289965,3.3489911456307198,-6.2924473570522705,1.6841534259744676e-14
244.60245817775723,25.28344052801161,6.784080666253195,3.350350866913812,-6.294028339028851,3.368306851948935e-14
244.6127978128931,25.280188090644607,6.78347131609057,3.3517103979623277,-6.295609301687575,1.6841534259744676e-14
244.62313701692972,25.27693525394717,6.782862293776977,3.3530697382172034,-6.2971902440135,6.73661370389787e-14
244.6334757906725,25.27368201997682,6.782253599287301,3.354428887119637,-6.298771164991539,5.0524602779234026e-14
244.64381413492734,25.27042839079089,6.7816452325964285,3.355787844111073,-6.30035206360648,-3.368306851948935e-14
244.65415205050098,25.26717436844647,6.7810371936792455,3.3571466086332062,-6.301932938842972,0.0
244.66448953820054,25.263919955000492,6.780429482510638,3.3585051801279935,-6.3035137896855264,-1.6841534259744676e-14
244.6748265988339,25.260665152509645,6.779822099065496,3.3598635580376373,-6.30509461511852,-3.368306851948935e-14
244.6851632332096,25.257409963030465,6.7792150433187,3.361221741804595,-6.3066754141261985,0.0
244.69549944213657,25.254154388619227,6.778608315245139,3.3625797308715804,-6.308256185692672,0.0
244.7058352264246,25.250898431332036,6.778001914819698,3.363937524681555,-6.309836928801907,1.6841534259744676e-14
244.7161705868839,25.247642093224794,6.777395842017264,3.365295122677735,-6.311417642437751,-5.0524602779234026e-14
244.72650552432557,25.24438537635318,6.776790096812725,3.3666525243035847,-6.312998325583901,5.0524602779234026e-14
244.73684003956097,25.241128282772703,6.776184679180964,3.368009729002833,-6.314578977223932,3.368306851948935e-14
244.74717413340235,25.237870814538624,6.77557958909687,3.369366736219449,-6.316159596341274,0.0
244.75750780666243,25.234612973706042,6.774974826535327,3.3707235453976603,-6.317740181919236,-3.368306851948935e-14
244.7678410601547,25.231354762329836,6.774370391471224,3.3720801559819424,-6.319320732940982,-1.6841534259744676e-14
244.77817389469305,25.22809618246467,6.773766283879443,3.3734365674170315,-6.320901248389545,-1.6841534259744676e-14
244.78850631109216,25.224837236165026,6.773162503734872,3.374792779147903,-6.322481727247825,3.368306851948935e-14
244.7988383101672,25.221577925485164,6.772559051012398,3.3761487906198004,-6.324062168498588,1.6841534259744676e-14
244.8091698927341,25.218318252479154,6.771955925686909,3.3775046012782006,-6.325642571124466,5.0524602779234026e-14
244.81950105960917,25.215058219200852,6.771353127733285,3.3788602105688543,-6.327222934107959,-3.368306851948935e-14
244.82983181160964,25.211797827703915,6.77075065712642,3.3802156179377443,-6.328803256431428,1.6841534259744676e-14
244.84016214955307,25.208537080041804,6.770148513841196,3.381570822831117,-6.330383537077113,5.0524602779234026e-14
244.85049207425774,25.20527597826776,6.7695466978524985,3.3829258246954685,-6.331963775027104,5.0524602779234026e-14
244.86082158654264,25.20201452443483,6.768945209135216,3.384280622977542,-6.333543969263372,3.368306851948935e-14
244.87115068722719,25.19875272059586,6.768344047664233,3.3856352171243382,-6.335124118767748,1.6841534259744676e-14
244.88147937713154,25.195490568803486,6.767743213414437,3.3869896065831067,-6.336704222521932,1.6841534259744676e-14
244.8918076570764,25.192228071110147,6.767142706360713,3.3883437908013505,-6.338284279507488,-3.368306851948935e-14
244.9021355278832,25.188965229568062,6.766542526477945,3.3896977692268244,-6.339864288705858,-3.368306851948935e-14
244.9124629903738,25.185702046229263,6.765942673741026,3.391051541307524,-6.341444249098333,3.368306851948935e-14
244.9227900453707,25.182438523145578,6.765343148124836,3.3924051064917187,-6.343024159666091,-1.6841534259744676e-14
244.93311669369717,25.179174662368617,6.764743949604262,3.393758464227906,-6.344604019390168,-1.6841534259744676e-14
244.94344293617692,25.1759104659498,6.764145078154194,3.3951116139648505,-6.346183827251462,-3.368306851948935e-14
244.95376877363444,25.172645935940345,6.763546533749516,3.3964645551515558,-6.347763582230755,1.6841534259744676e-14
244.96409420689452,25.16938107439124,6.762948316365113,3.397817287237291,-6.349343283308679,-5.0524602779234026e-14
244.97441923678286,25.166115883353296,6.762350425975873,3.399169809671564,-6.350922929465747,-1.6841534259744676e-14
244.98474386412565,25.162850364877112,6.761752862556679,3.40052212190414,-6.352502519682334,-5.0524602779234026e-14
244.99506808974974,25.159584521013084,6.761155626082422,3.4018742233850294,-6.354082052938686,0.0
245.00539191448243,25.156318353811397,6.760558716527982,3.4032261135645037,-6.355661528214917,6.73661370389787e-14
245.01571533915182,25.153051865322038,6.759962133868251,3.404577791893074,-6.357240944491007,6.73661370389787e-14
245.02603836458647,25.149785057594794,6.759365878078115,3.4059292578215103,-6.358820300746805,1.6841534259744676e-14
245.03636099161562,25.14651793267923,6.758769949132456,3.407280510800831,-6.360399595962036,1.6841534259744676e-14
245.04668322106906,25.143250492624734,6.758174347006163,3.408631550282304,-6.361978829116282,-1.6841534259744676e-14
245.0570050537773,25.139982739480455,6.7575790716741215,3.4099823757174446,-6.363557999189002,-5.0524602779234026e-14
245.06732649057133,25.13671467529537,6.756984123111219,3.4113329865580253,-6.3651371051595245,-1.6841534259744676e-14
245.07764753228278,25.133446302118234,6.75638950129234,3.4126833822560663,-6.36671614600704,0.0
245.08796817974385,25.130177621997603,6.755795206192372,3.414033562263838,-6.3682951207106155,5.0524602779234026e-14
245.09828843378742,25.12690863698182,6.755201237786198,3.415383526033863,-6.369874028249184,3.368306851948935e-14
245.10860829524694,25.12363934911905,6.75460759604871,3.416733273018908,-6.3714528676015485,6.73661370389787e-14
245.11892776495634,25.12036976045721,6.754014280954788,3.4180828026720027,-6.37303163774638,0.0
245.12924684375042,25.117099873044047,6.753421292479323,3.4194321144464097,-6.374610337662222,-1.6841534259744676e-14
245.13956553246436,25.1138296889271,6.752828630597197,3.420781207795656,-6.37618896632749,5.0524602779234026e-14
245.14988383193392,25.11055921015369,6.7522362952833,3.4221300821735126,-6.37776752272046,5.0524602779234026e-14
245.16020174299555,25.107288438770933,6.751644286512517,3.423478737034003,-6.379346005819285,-6.73661370389787e-14
245.17051926648642,25.104017376825748,6.751052604259734,3.424827171831395,-6.380924414601989,-3.368306851948935e-14
245.18083640324406,25.100746026364863,6.750461248499836,3.426175386020213,-6.382502748046464,-1.6841534259744676e-14
245.19115315410676,25.097474389434765,6.749870219207712,3.4275233790552284,-6.384081005130469,1.6841534259744676e-14
245.20146951991327,25.09420246808178,6.7492795163582455,3.428871150391463,-6.385659184831638,1.6841534259744676e-14
245.21178550150307,25.090930264351993,6.748689139926322,3.430218699484191,-6.387237286127477,1.6841534259744676e-14
245.22210109971618,25.087657780291288,6.748099089886832,3.4315660257889276,-6.388815307995355,5.0524602779234026e-14
245.2324163153932,25.084385017945376,6.747509366214659,3.432913128761447,-6.3903932494125195,-3.368306851948935e-14
245.24273114937543,25.08111197935972,6.746919968884689,3.4342600078577656,-6.391971109356084,3.368306851948935e-14
245.2530456025046,25.077838666579613,6.746330897871807,3.435606662534159,-6.393548886803039,1.6841534259744676e-14
245.26335967562312,25.074565081650125,6.745742153150902,3.4369530922471405,-6.395126580730235,1.6841534259744676e-14
245.27367336957406,25.071291226616125,6.74515373469686,3.4382992964534806,-6.3967041901144,-3.368306851948935e-14
245.28398668520097,25.068017103522273,6.744565642484564,3.4396452746101933,-6.398281713932141,1.6841534259744676e-14
245.29429962334808,25.064742714413036,6.743977876488903,3.4409910261745513,-6.399859151159924,6.73661370389787e-14
245.30461218486008,25.061468061332658,6.743390436684762,3.4423365506040713,-6.401436500774087,-3.368306851948935e-14
245.3149243705825,25.05819314632518,6.742803323047028,3.44368184735651,-6.403013761750849,1.6841534259744676e-14
245.3252361813612,25.054917971434474,6.742216535550588,3.4450269158898905,-6.4045909330662925,-5.0524602779234026e-14
245.33554761804277,25.051642538704158,6.741630074170326,3.4463717556624696,-6.406168013696375,-6.73661370389787e-14
245.34585868147443,25.048366850177658,6.7410439388811305,3.447716366132762,-6.407745002616922,-6.73661370389787e-14
245.35616937250393,25.045090907898217,6.740458129657885,3.4490607467595282,-6.409321898803644,1.6841534259744676e-14
245.3664796919795,25.04181471390885,6.739872646475479,3.45040489700178,-6.4108987012320995,3.368306851948935e-14
245.37678964075013,25.038538270252378,6.739287489308795,3.4517488163187755,-6.412475408877744,-5.0524602779234026e-14
245.3870992196654,25.035261578971397,6.73870265813272,3.453092504170021,-6.41405202071589,1.6841534259744676e-14
245.39740842957536,25.03198464210833,6.738118152922144,3.4544359600152728,-6.415628535721724,0.0
245.4077172713308,25.028707461705377,6.73753397365195,3.4557791833145317,-6.4172049528703115,1.6841534259744676e-14
245.41802574578287,25.02543003980453,6.736950120297024,3.45712217352806,-6.418781271136586,0.0
245.4283338537836,25.02215237844758,6.736366592832254,3.45846493011635,-6.420357489495354,1.6841534259744676e-14
245.4386415961854,25.018874479676096,6.735783391232524,3.4598074525401556,-6.421933606921294,1.6841534259744676e-14
245.44894897384134,25.015596345531485,6.73520051547272,3.4611497402604794,-6.423509622388957,-1.6841534259744676e-14
245.45925598760505,25.0123179780549,6.7346179655277325,3.462491792738559,-6.425085534872771,0.0
