galstreams/tracks/track.po.PS1-C.bernard2016.ecsv
# %ECSV 1.0
# ---
# datatype:
# - {name: ra, unit: deg, datatype: float64}
# - {name: dec, unit: deg, datatype: float64}
# - {name: distance, unit: kpc, datatype: float64}
# - {name: pm_ra_cosdec, unit: mas / yr, datatype: float64}
# - {name: pm_dec, unit: mas / yr, datatype: float64}
# - {name: radial_velocity, unit: km / s, datatype: float64}
# delimiter: ','
# meta: !!omap
# - __serialized_columns__:
#     dec:
#       __class__: astropy.coordinates.angles.Latitude
#       unit: &id001 !astropy.units.Unit {unit: deg}
#       value: !astropy.table.SerializedColumn {name: dec}
#     distance:
#       __class__: astropy.coordinates.distances.Distance
#       unit: !astropy.units.Unit {unit: kpc}
#       value: !astropy.table.SerializedColumn {name: distance}
#     pm_dec:
#       __class__: astropy.units.quantity.Quantity
#       unit: !astropy.units.Unit {unit: mas / yr}
#       value: !astropy.table.SerializedColumn {name: pm_dec}
#     pm_ra_cosdec:
#       __class__: astropy.units.quantity.Quantity
#       unit: !astropy.units.Unit {unit: mas / yr}
#       value: !astropy.table.SerializedColumn {name: pm_ra_cosdec}
#     ra:
#       __class__: astropy.coordinates.angles.Longitude
#       unit: *id001
#       value: !astropy.table.SerializedColumn {name: ra}
#       wrap_angle: !astropy.coordinates.Angle
#         unit: *id001
#         value: 360.0
#     radial_velocity:
#       __class__: astropy.units.quantity.Quantity
#       unit: !astropy.units.Unit {unit: km / s}
#       value: !astropy.table.SerializedColumn {name: radial_velocity}
# schema: astropy-2.0
ra,dec,distance,pm_ra_cosdec,pm_dec,radial_velocity
[from data line 711]
334.4542875166685,17.532112640717973,17.400000000000095,0.0,0.0,0.0
334.4604197657252,17.540240564509745,17.400000000000098,0.0,0.0,0.0
334.46655256471007,17.548368299681787,17.400000000000098,0.0,0.0,0.0
334.4726859139313,17.55649584612406,17.400000000000098,0.0,0.0,0.0
334.47881981369693,17.564623203726498,17.4000000000001,0.0,0.0,0.0
334.48495426431515,17.57275037237898,17.400000000000098,0.0,0.0,0.0
334.49108926609426,17.58087735197136,17.400000000000105,0.0,0.0,0.0
334.4972248193427,17.58900414239348,17.400000000000105,0.0,0.0,0.0
334.5033609243688,17.597130743535136,17.400000000000105,0.0,0.0,0.0
334.509497581481,17.60525715528608,17.40000000000011,0.0,0.0,0.0
334.51563479098803,17.613383377536042,17.400000000000112,0.0,0.0,0.0
334.52177255319833,17.62150941017473,17.40000000000011,0.0,0.0,0.0
334.5279108684208,17.629635253091802,17.400000000000116,0.0,0.0,0.0
334.5340497369641,17.63776090617689,17.400000000000116,0.0,0.0,0.0
334.5401891591372,17.64588636931959,17.40000000000012,0.0,0.0,0.0
334.54632913524887,17.654011642409483,17.40000000000012,0.0,0.0,0.0
334.55246966560816,17.662136725336087,17.400000000000123,0.0,0.0,0.0
334.5586107505242,17.670261617988913,17.400000000000123,0.0,0.0,0.0
334.56475239030624,17.678386320257427,17.400000000000126,0.0,0.0,0.0
334.57089458526326,17.68651083203107,17.400000000000126,0.0,0.0,0.0
334.5770373357047,17.694635153199236,17.40000000000013,0.0,0.0,0.0
334.5831806419399,17.702759283651314,17.400000000000126,0.0,0.0,0.0
334.5893245042783,17.710883223276618,17.40000000000013,0.0,0.0,0.0
334.5954689230294,17.71900697196447,17.400000000000134,0.0,0.0,0.0
334.6016138985027,17.727130529604135,17.400000000000137,0.0,0.0,0.0
334.60775943100805,17.735253896084856,17.400000000000137,0.0,0.0,0.0
334.613905520855,17.743377071295846,17.40000000000014,0.0,0.0,0.0
334.6200521683534,17.75150005512627,17.40000000000014,0.0,0.0,0.0
334.6261993738132,17.759622847465273,17.400000000000144,0.0,0.0,0.0
334.63234713754423,17.767745448201957,17.400000000000144,0.0,0.0,0.0
334.63849545985664,17.77586785722541,17.400000000000148,0.0,0.0,0.0
334.64464434106037,17.783990074424665,17.40000000000015,0.0,0.0,0.0
334.6507937814657,17.79211209968873,17.400000000000155,0.0,0.0,0.0
334.6569437813829,17.80023393290658,17.400000000000155,0.0,0.0,0.0
334.6630943411222,17.808355573967177,17.40000000000016,0.0,0.0,0.0
334.66924546099403,17.81647702275941,17.400000000000162,0.0,0.0,0.0
334.6753971413088,17.824598279172168,17.40000000000016,0.0,0.0,0.0
334.68154938237706,17.832719343094286,17.40000000000017,0.0,0.0,0.0
334.6877021845094,17.840840214414584,17.400000000000166,0.0,0.0,0.0
334.69385554801664,17.84896089302183,17.400000000000166,0.0,0.0,0.0
334.7000094732094,17.85708137880478,17.400000000000173,0.0,0.0,0.0
334.7061639603985,17.865201671652134,17.400000000000176,0.0,0.0,0.0
334.7123190098949,17.873321771452588,17.400000000000176,0.0,0.0,0.0
334.7184746220095,17.881441678094774,17.40000000000018,0.0,0.0,0.0
334.72463079705346,17.889561391467296,17.400000000000187,0.0,0.0,0.0
334.7307875353378,17.897680911458753,17.40000000000019,0.0,0.0,0.0
334.7369448371738,17.905800237957674,17.400000000000187,0.0,0.0,0.0
334.74310270287265,17.91391937085259,17.40000000000019,0.0,0.0,0.0
334.7492611327457,17.922038310031958,17.400000000000194,0.0,0.0,0.0
334.7554201271044,17.93015705538424,17.400000000000198,0.0,0.0,0.0
334.7615796862603,17.938275606797838,17.400000000000194,0.0,0.0,0.0
334.76773981052486,17.946393964161132,17.4000000000002,0.0,0.0,0.0
334.7739005002098,17.95451212736247,17.400000000000205,0.0,0.0,0.0
334.7800617556267,17.96263009629017,17.40000000000021,0.0,0.0,0.0
334.7862235770875,17.9707478708325,17.40000000000021,0.0,0.0,0.0
334.792385964904,17.978865450877716,17.400000000000215,0.0,0.0,0.0
334.7985489193881,17.986982836314017,17.40000000000022,0.0,0.0,0.0
334.8047124408519,17.995100027029597,17.400000000000222,0.0,0.0,0.0
334.81087652960736,18.003217022912583,17.400000000000226,0.0,0.0,0.0
334.81704118596673,18.011333823851096,17.400000000000233,0.0,0.0,0.0
334.8232064102422,18.019450429733208,17.40000000000023,0.0,0.0,0.0
334.82937220274613,18.027566840446973,17.400000000000237,0.0,0.0,0.0
334.8355385637908,18.035683055880394,17.400000000000237,0.0,0.0,0.0
334.8417054936888,18.043799075921445,17.400000000000244,0.0,0.0,0.0
334.8478729927525,18.05191490045808,17.400000000000247,0.0,0.0,0.0
334.85404106129465,18.060030529378196,17.40000000000025,0.0,0.0,0.0
334.86020969962783,18.068145962569673,17.400000000000258,0.0,0.0,0.0
334.86637890806486,18.076261199920356,17.40000000000026,0.0,0.0,0.0
334.87254868691855,18.084376241318054,17.40000000000026,0.0,0.0,0.0
334.87871903650176,18.092491086650533,17.40000000000027,0.0,0.0,0.0
334.8848899571275,18.100605735805537,17.400000000000272,0.0,0.0,0.0
334.8910614491088,18.10872018867078,17.400000000000276,0.0,0.0,0.0
334.8972335127588,18.11683444513393,17.40000000000028,0.0,0.0,0.0
334.90340614839073,18.124948505082624,17.400000000000286,0.0,0.0,0.0
334.9095793563178,18.133062368404467,17.400000000000297,0.0,0.0,0.0
334.9157531368534,18.141176034987033,17.400000000000297,0.0,0.0,0.0
334.921927490311,18.149289504717864,17.400000000000304,0.0,0.0,0.0
334.928102417004,18.157402777484453,17.400000000000308,0.0,0.0,0.0
334.9342779172461,18.165515853174274,17.40000000000032,0.0,0.0,0.0
