galstreams/tracks/track.po.Scamander.grillmair2017.ecsv
# %ECSV 0.9
# ---
# datatype:
# - {name: ra, unit: deg, datatype: float64}
# - {name: dec, unit: deg, datatype: float64}
# - {name: distance, unit: kpc, datatype: float64}
# - {name: pm_ra_cosdec, unit: mas / yr, datatype: float64}
# - {name: pm_dec, unit: mas / yr, datatype: float64}
# - {name: radial_velocity, unit: km / s, datatype: float64}
# delimiter: ','
# meta: !!omap
# - __serialized_columns__:
#     dec:
#       __class__: astropy.coordinates.angles.Latitude
#       unit: &id001 !astropy.units.Unit {unit: deg}
#       value: !astropy.table.SerializedColumn {name: dec}
#     distance:
#       __class__: astropy.coordinates.distances.Distance
#       unit: !astropy.units.Unit {unit: kpc}
#       value: !astropy.table.SerializedColumn {name: distance}
#     pm_dec:
#       __class__: astropy.units.quantity.Quantity
#       unit: !astropy.units.Unit {unit: mas / yr}
#       value: !astropy.table.SerializedColumn {name: pm_dec}
#     pm_ra_cosdec:
#       __class__: astropy.units.quantity.Quantity
#       unit: !astropy.units.Unit {unit: mas / yr}
#       value: !astropy.table.SerializedColumn {name: pm_ra_cosdec}
#     ra:
#       __class__: astropy.coordinates.angles.Longitude
#       unit: *id001
#       value: !astropy.table.SerializedColumn {name: ra}
#       wrap_angle: !astropy.coordinates.Angle
#         unit: *id001
#         value: 360.0
#     radial_velocity:
#       __class__: astropy.units.quantity.Quantity
#       unit: !astropy.units.Unit {unit: km / s}
#       value: !astropy.table.SerializedColumn {name: radial_velocity}
# schema: astropy-2.0
ra,dec,distance,pm_ra_cosdec,pm_dec,radial_velocity
[from data line 4332]
146.91622023860256,22.62620144858505,21.00000000000001,0.0,0.0,0.0
146.9150047581779,22.636139861209614,21.000000000000014,0.0,0.0,0.0
146.9137891019043,22.646078264673115,21.00000000000001,0.0,0.0,0.0
146.91257326967067,22.656016658969776,21.00000000000001,0.0,0.0,0.0
146.9113572613657,22.66595504409379,21.00000000000001,0.0,0.0,0.0
146.91014107687815,22.67589342003933,21.00000000000001,0.0,0.0,0.0
146.9089247160967,22.685831786800623,21.00000000000001,0.0,0.0,0.0
146.9077081789099,22.695770144371828,21.00000000000001,0.0,0.0,0.0
146.9064914652064,22.705708492747142,21.000000000000018,0.0,0.0,0.0
146.90527457487465,22.715646831920747,21.00000000000001,0.0,0.0,0.0
146.90405750780317,22.72558516188684,21.000000000000014,0.0,0.0,0.0
146.9028402638803,22.73552348263957,21.00000000000001,0.0,0.0,0.0
146.9016228429944,22.745461794173135,21.00000000000001,0.0,0.0,0.0
146.90040524503385,22.75540009648169,21.000000000000014,0.0,0.0,0.0
146.89918746988675,22.765338389559414,21.00000000000001,0.0,0.0,0.0
146.89796951744145,22.775276673400473,21.00000000000001,0.0,0.0,0.0
146.896751387586,22.785214947999027,21.000000000000014,0.0,0.0,0.0
146.89553308020845,22.795153213349245,21.000000000000014,0.0,0.0,0.0
146.8943145951969,22.80509146944528,21.00000000000001,0.0,0.0,0.0
146.89309593243928,22.815029716281284,21.00000000000001,0.0,0.0,0.0
146.89187709182357,22.824967953851406,21.00000000000001,0.0,0.0,0.0
146.89065807323757,22.834906182149815,21.00000000000001,0.0,0.0,0.0
146.88943887656916,22.844844401170636,21.000000000000014,0.0,0.0,0.0
146.888219501706,22.85478261090802,21.00000000000001,0.0,0.0,0.0
146.88699994853596,22.864720811356126,21.000000000000007,0.0,0.0,0.0
146.88578021694656,22.874659002509055,21.00000000000001,0.0,0.0,0.0
146.88456030682542,22.884597184360985,21.000000000000007,0.0,0.0,0.0
146.8833402180601,22.894535356906015,21.00000000000001,0.0,0.0,0.0
146.88211995053817,22.90447352013829,21.000000000000007,0.0,0.0,0.0
146.88089950414692,22.914411674051934,21.000000000000007,0.0,0.0,0.0
146.87967887877386,22.924349818641076,21.000000000000007,0.0,0.0,0.0
146.87845807430622,22.934287953899826,21.00000000000001,0.0,0.0,0.0
146.87723709063135,22.94422607982232,21.000000000000007,0.0,0.0,0.0
146.87601592763642,22.954164196402655,21.000000000000007,0.0,0.0,0.0
146.87479458520866,22.964102303634952,21.00000000000001,0.0,0.0,0.0
146.8735730632351,22.974040401513328,21.00000000000001,0.0,0.0,0.0
146.87235136160288,22.983978490031873,21.000000000000007,0.0,0.0,0.0
146.87112948019893,22.99391656918472,21.000000000000007,0.0,0.0,0.0
146.86990741891023,23.00385463896594,21.000000000000007,0.0,0.0,0.0
146.8686851776237,23.013792699369645,21.000000000000007,0.0,0.0,0.0
146.86746275622613,23.023730750389927,21.000000000000007,0.0,0.0,0.0
146.86624015460433,23.033668792020887,21.00000000000001,0.0,0.0,0.0
146.865017372645,23.043606824256607,21.000000000000004,0.0,0.0,0.0
146.8637944102349,23.05354484709117,21.000000000000007,0.0,0.0,0.0
146.86257126726056,23.063482860518675,21.000000000000007,0.0,0.0,0.0
146.8613479436086,23.073420864533194,21.000000000000007,0.0,0.0,0.0
146.8601244391655,23.08335885912881,21.000000000000007,0.0,0.0,0.0
146.85890075381772,23.09329684429958,21.000000000000007,0.0,0.0,0.0
146.85767688745167,23.103234820039617,21.000000000000007,0.0,0.0,0.0
146.8564528399537,23.113172786342947,21.000000000000007,0.0,0.0,0.0
146.85522861121007,23.12311074320366,21.00000000000001,0.0,0.0,0.0
146.85400420110705,23.133048690615812,21.000000000000007,0.0,0.0,0.0
146.8527796095308,23.14298662857347,21.00000000000001,0.0,0.0,0.0
146.85155483636748,23.152924557070698,21.000000000000007,0.0,0.0,0.0
146.8503298815031,23.162862476101537,21.000000000000007,0.0,0.0,0.0
146.8491047448237,23.172800385660047,21.00000000000001,0.0,0.0,0.0
146.8478794262153,23.18273828574027,21.000000000000007,0.0,0.0,0.0
146.8466539255637,23.19267617633627,21.000000000000007,0.0,0.0,0.0
146.84542824275482,23.20261405744207,21.000000000000007,0.0,0.0,0.0
146.84420237767443,23.212551929051738,21.000000000000004,0.0,0.0,0.0
146.84297633020827,23.22248979115927,21.000000000000007,0.0,0.0,0.0
146.84175010024205,23.232427643758744,21.000000000000007,0.0,0.0,0.0
146.84052368766135,23.242365486844175,21.000000000000007,0.0,0.0,0.0
146.83929709235176,23.25230332040958,21.000000000000007,0.0,0.0,0.0
146.83807031419877,23.262241144448996,21.00000000000001,0.0,0.0,0.0
146.8368433530879,23.272178958956452,21.000000000000007,0.0,0.0,0.0
146.8356162089045,23.28211676392597,21.00000000000001,0.0,0.0,0.0
146.83438888153395,23.292054559351552,21.000000000000007,0.0,0.0,0.0
146.83316137086152,23.30199234522723,21.000000000000007,0.0,0.0,0.0
146.83193367677242,23.311930121546997,21.00000000000001,0.0,0.0,0.0
146.8307057991519,23.32186788830489,21.00000000000001,0.0,0.0,0.0
146.82947773788504,23.331805645494875,21.00000000000001,0.0,0.0,0.0
146.82824949285688,23.341743393110995,21.000000000000004,0.0,0.0,0.0
146.82702106395251,23.35168113114722,21.0,0.0,0.0,0.0
146.82579245105683,23.36161885959756,21.000000000000004,0.0,0.0,0.0
146.82456365405477,23.371556578456012,21.000000000000004,0.0,0.0,0.0
146.8233346728311,23.381494287716556,21.000000000000007,0.0,0.0,0.0
146.8221055072707,23.391431987373196,21.000000000000007,0.0,0.0,0.0
146.82087615725825,23.401369677419897,21.000000000000007,0.0,0.0,0.0
146.81964662267842,23.411307357850667,21.0,0.0,0.0,0.0
146.81841690341585,23.421245028659452,21.000000000000004,0.0,0.0,0.0
146.81718699935507,23.43118268984026,21.000000000000007,0.0,0.0,0.0
146.81595691038066,23.44112034138704,21.000000000000007,0.0,0.0,0.0
146.81472663637697,23.451057983293783,21.000000000000004,0.0,0.0,0.0
146.81349617722844,23.46099561555445,21.000000000000007,0.0,0.0,0.0
146.81226553281942,23.470933238162992,21.000000000000004,0.0,0.0,0.0
146.81103470303415,23.480870851113398,21.0,0.0,0.0,0.0
146.80980368775687,23.490808454399588,21.000000000000004,0.0,0.0,0.0
146.80857248687173,23.50074604801555,21.000000000000004,0.0,0.0,0.0
146.80734110026287,23.51068363195522,21.0,0.0,0.0,0.0
146.8061095278143,23.520621206212564,21.000000000000007,0.0,0.0,0.0
146.80487776941004,23.530558770781504,21.000000000000004,0.0,0.0,0.0
146.80364582493405,23.540496325656008,21.000000000000007,0.0,0.0,0.0
146.80241369427014,23.550433870829995,21.000000000000004,0.0,0.0,0.0
146.80118137730216,23.560371406297413,21.000000000000004,0.0,0.0,0.0
146.79994887391393,23.570308932052207,21.000000000000007,0.0,0.0,0.0
146.7987161839891,23.580246448088293,21.000000000000007,0.0,0.0,0.0
146.79748330741128,23.59018395439961,21.000000000000004,0.0,0.0,0.0
146.79625024406417,23.60012145098007,21.000000000000004,0.0,0.0,0.0
146.79501699383124,23.610058937823606,21.000000000000007,0.0,0.0,0.0
146.793783556596,23.619996414924138,21.0,0.0,0.0,0.0
146.79254993224183,23.62993388227558,21.000000000000007,0.0,0.0,0.0
146.7913161206521,23.639871339871846,21.000000000000007,0.0,0.0,0.0
146.79008212171018,23.649808787706842,21.000000000000004,0.0,0.0,0.0
146.78884793529923,23.659746225774484,21.000000000000007,0.0,0.0,0.0
146.7876135613025,23.66968365406867,21.000000000000004,0.0,0.0,0.0
146.78637899960307,23.679621072583313,21.000000000000004,0.0,0.0,0.0
146.7851442500841,23.689558481312286,21.000000000000004,0.0,0.0,0.0
146.78390931262854,23.699495880249515,21.000000000000007,0.0,0.0,0.0
146.78267418711934,23.70943326938887,21.000000000000004,0.0,0.0,0.0
146.78143887343947,23.719370648724258,21.000000000000004,0.0,0.0,0.0
146.7802033714717,23.72930801824954,21.0,0.0,0.0,0.0
146.77896768109886,23.739245377958614,21.000000000000004,0.0,0.0,0.0
146.77773180220368,23.749182727845383,21.0,0.0,0.0,0.0
146.77649573466877,23.759120067903684,21.000000000000004,0.0,0.0,0.0
146.77525947837682,23.769057398127416,21.0,0.0,0.0,0.0
146.77402303321037,23.77899471851044,21.000000000000004,0.0,0.0,0.0
146.77278639905188,23.788932029046638,21.000000000000004,0.0,0.0,0.0
146.7715495757838,23.798869329729843,21.000000000000007,0.0,0.0,0.0
146.7703125632885,23.80880662055396,21.0,0.0,0.0,0.0
146.76907536144836,23.81874390151281,21.000000000000004,0.0,0.0,0.0
146.76783797014556,23.82868117260028,21.0,0.0,0.0,0.0
146.76660038926235,23.838618433810204,21.0,0.0,0.0,0.0
146.76536261868088,23.84855568513643,21.0,0.0,0.0,0.0
146.76412465828318,23.858492926572815,21.0,0.0,0.0,0.0
146.76288650795135,23.868430158113192,21.0,0.0,0.0,0.0
146.76164816756733,23.878367379751417,21.0,0.0,0.0,0.0
146.76040963701303,23.8883045914813,21.0,0.0,0.0,0.0
146.7591709161703,23.898241793296716,21.0,0.0,0.0,0.0
146.7579320049209,23.90817898519146,21.000000000000004,0.0,0.0,0.0
146.75669290314661,23.91811616715938,21.000000000000004,0.0,0.0,0.0
146.75545361072912,23.928053339194285,21.0,0.0,0.0,0.0
146.75421412755003,23.937990501290002,21.0,0.0,0.0,0.0
146.75297445349085,23.947927653440374,21.0,0.0,0.0,0.0
146.75173458843315,23.957864795639185,21.0,0.0,0.0,0.0
146.75049453225833,23.967801927880267,21.0,0.0,0.0,0.0
146.74925428484775,23.97773905015741,20.999999999999996,0.0,0.0,0.0
146.74801384608278,23.98767616246444,21.0,0.0,0.0,0.0
146.74677321584466,23.997613264795152,21.0,0.0,0.0,0.0
146.7455323940146,24.00755035714336,21.0,0.0,0.0,0.0
146.7442913804737,24.01748743950283,21.0,0.0,0.0,0.0
146.7430501751031,24.02742451186738,21.0,0.0,0.0,0.0
146.7418087777838,24.037361574230793,21.000000000000004,0.0,0.0,0.0
146.7405671883968,24.04729862658687,21.000000000000004,0.0,0.0,0.0
146.73932540682293,24.057235668929376,21.0,0.0,0.0,0.0
146.73808343294306,24.067172701252105,21.000000000000004,0.0,0.0,0.0
146.73684126663804,24.07710972354884,21.000000000000004,0.0,0.0,0.0
146.73559890778856,24.08704673581333,21.0,0.0,0.0,0.0
146.73435635627524,24.09698373803938,21.000000000000004,0.0,0.0,0.0
146.73311361197875,24.10692073022074,21.000000000000007,0.0,0.0,0.0
146.73187067477957,24.116857712351187,21.0,0.0,0.0,0.0
146.73062754455827,24.12679468442447,21.000000000000004,0.0,0.0,0.0
146.72938422119526,24.136731646434356,21.000000000000004,0.0,0.0,0.0
146.72814070457085,24.146668598374603,21.000000000000007,0.0,0.0,0.0
146.72689699456538,24.15660554023896,21.000000000000007,0.0,0.0,0.0
146.72565309105912,24.1665424720212,21.0,0.0,0.0,0.0
146.7244089939322,24.176479393715024,21.000000000000007,0.0,0.0,0.0
146.7231647030648,24.18641630531422,21.000000000000004,0.0,0.0,0.0
146.72192021833698,24.196353206812503,21.0,0.0,0.0,0.0
146.72067553962873,24.206290098203617,21.000000000000004,0.0,0.0,0.0
146.71943066682002,24.216226979481295,21.000000000000004,0.0,0.0,0.0
146.7181855997907,24.22616385063928,21.000000000000007,0.0,0.0,0.0
146.71694033842064,24.236100711671288,21.000000000000004,0.0,0.0,0.0
146.71569488258953,24.24603756257104,21.0,0.0,0.0,0.0
146.71444923217715,24.255974403332274,21.000000000000007,0.0,0.0,0.0
146.71320338706312,24.265911233948703,21.000000000000004,0.0,0.0,0.0
146.71195734712703,24.275848054414023,21.000000000000004,0.0,0.0,0.0
146.71071111224836,24.285784864721972,21.0,0.0,0.0,0.0
146.70946468230662,24.29572166486626,20.999999999999993,0.0,0.0,0.0
146.7082180571812,24.305658454840568,21.0,0.0,0.0,0.0
146.70697123675143,24.31559523463862,20.999999999999996,0.0,0.0,0.0
146.7057242208966,24.3255320042541,20.999999999999996,0.0,0.0,0.0
146.70447700949592,24.33546876368071,21.0,0.0,0.0,0.0
146.70322960242854,24.34540551291215,20.999999999999996,0.0,0.0,0.0
146.70198199957358,24.3553422519421,21.0,0.0,0.0,0.0
146.70073420081005,24.365278980764266,20.999999999999996,0.0,0.0,0.0
146.69948620601693,24.3752156993723,21.0,0.0,0.0,0.0
146.69823801507317,24.385152407759918,20.999999999999996,0.0,0.0,0.0
146.69698962785756,24.39508910592077,20.999999999999996,0.0,0.0,0.0
146.69574104424893,24.405025793848534,20.999999999999996,0.0,0.0,0.0
146.694492264126,24.41496247153689,20.999999999999996,0.0,0.0,0.0
146.69324328736744,24.4248991389795,20.999999999999996,0.0,0.0,0.0
146.69199411385188,24.434835796170027,20.999999999999996,0.0,0.0,0.0
146.6907447434578,24.444772443102128,20.999999999999996,0.0,0.0,0.0
146.68949517606373,24.45470907976948,20.999999999999993,0.0,0.0,0.0
146.68824541154808,24.464645706165705,21.0,0.0,0.0,0.0
146.68699544978924,24.474582322284494,20.999999999999993,0.0,0.0,0.0
146.68574529066547,24.48451892811946,20.999999999999996,0.0,0.0,0.0
146.684494934055,24.49445552366427,20.999999999999996,0.0,0.0,0.0
146.68324437983603,24.50439210891255,20.999999999999996,0.0,0.0,0.0
146.6819936278867,24.514328683857958,20.999999999999996,0.0,0.0,0.0
146.68074267808495,24.524265248494107,20.999999999999996,0.0,0.0,0.0
146.67949153030892,24.534201802814636,20.999999999999996,0.0,0.0,0.0
146.67824018443645,24.544138346813178,21.0,0.0,0.0,0.0
146.67698864034537,24.554074880483356,20.999999999999996,0.0,0.0,0.0
146.6757368979136,24.564011403818807,20.999999999999993,0.0,0.0,0.0
146.6744849570188,24.57394791681312,20.999999999999996,0.0,0.0,0.0
146.67323281753863,24.58388441945993,20.999999999999996,0.0,0.0,0.0
146.6719804793507,24.593820911752843,20.999999999999996,0.0,0.0,0.0
146.6707279423327,24.60375739368548,20.999999999999993,0.0,0.0,0.0
146.66947520636194,24.613693865251417,21.0,0.0,0.0,0.0
146.66822227131598,24.623630326444296,20.999999999999996,0.0,0.0,0.0
146.66696913707213,24.633566777257684,20.999999999999996,0.0,0.0,0.0
146.66571580350765,24.6435032176852,20.999999999999996,0.0,0.0,0.0
146.66446227049988,24.65343964772042,20.999999999999996,0.0,0.0,0.0
146.66320853792595,24.663376067356932,21.0,0.0,0.0,0.0
146.661954605663,24.673312476588354,21.0,0.0,0.0,0.0
146.66070047358807,24.683248875408218,21.0,0.0,0.0,0.0
146.65944614157812,24.693185263810136,21.0,0.0,0.0,0.0
146.65819160951008,24.703121641787686,20.999999999999996,0.0,0.0,0.0
146.65693687726085,24.713058009334432,20.999999999999996,0.0,0.0,0.0
146.65568194470723,24.722994366443938,21.0,0.0,0.0,0.0
146.65442681172595,24.73293071310978,21.0,0.0,0.0,0.0
146.65317147819368,24.742867049325522,21.0,0.0,0.0,0.0
146.65191594398704,24.752803375084707,20.999999999999996,0.0,0.0,0.0
146.65066020898257,24.76273969038093,21.0,0.0,0.0,0.0
146.6494042730568,24.772675995207692,21.0,0.0,0.0,0.0
146.6481481360861,24.78261228955859,20.999999999999996,0.0,0.0,0.0
146.64689179794684,24.792548573427123,20.999999999999993,0.0,0.0,0.0
146.6456352585153,24.802484846806877,20.999999999999993,0.0,0.0,0.0
146.64437851766777,24.81242110969138,20.999999999999993,0.0,0.0,0.0
146.64312157528036,24.82235736207415,20.999999999999993,0.0,0.0,0.0
146.64186443122927,24.83229360394874,20.999999999999996,0.0,0.0,0.0
146.6406070853904,24.84222983530867,20.999999999999993,0.0,0.0,0.0
146.63934953763984,24.852166056147475,20.999999999999993,0.0,0.0,0.0
146.63809178785348,24.862102266458667,20.999999999999996,0.0,0.0,0.0
146.63683383590717,24.872038466235782,20.999999999999993,0.0,0.0,0.0
146.6355756816767,24.88197465547231,20.999999999999993,0.0,0.0,0.0
146.63431732503778,24.8919108341618,20.999999999999993,0.0,0.0,0.0
146.63305876586605,24.90184700229773,20.999999999999993,0.0,0.0,0.0
146.63180000403716,24.911783159873618,20.999999999999993,0.0,0.0,0.0
146.63054103942662,24.92171930688297,20.999999999999993,0.0,0.0,0.0
146.6292818719099,24.931655443319272,20.999999999999996,0.0,0.0,0.0
146.62802250136238,24.941591569176047,20.999999999999993,0.0,0.0,0.0
146.62676292765946,24.951527684446773,20.999999999999993,0.0,0.0,0.0
146.62550315067634,24.961463789124934,20.999999999999993,0.0,0.0,0.0
146.62424317028828,24.971399883204015,20.999999999999996,0.0,0.0,0.0
146.62298298637037,24.981335966677513,20.999999999999996,0.0,0.0,0.0
146.6217225987978,24.991272039538895,20.999999999999993,0.0,0.0,0.0
146.6204620074455,25.001208101781646,20.999999999999993,0.0,0.0,0.0
146.61920121218844,25.01114415339923,20.999999999999993,0.0,0.0,0.0
146.61794021290154,25.02108019438512,20.999999999999993,0.0,0.0,0.0
146.61667900945963,25.031016224732785,20.999999999999993,0.0,0.0,0.0
146.6154176017374,25.040952244435676,20.999999999999993,0.0,0.0,0.0
