galstreams/tracks/track.st.NGC2298.sollima2020.ecsv
# %ECSV 0.9
# ---
# datatype:
# - {name: ra, unit: deg, datatype: float64}
# - {name: dec, unit: deg, datatype: float64}
# - {name: distance, unit: kpc, datatype: float64}
# - {name: pm_ra_cosdec, unit: mas / yr, datatype: float64}
# - {name: pm_dec, unit: mas / yr, datatype: float64}
# - {name: radial_velocity, unit: km / s, datatype: float64}
# delimiter: ','
# meta: !!omap
# - __serialized_columns__:
#     dec:
#       __class__: astropy.coordinates.angles.Latitude
#       unit: &id001 !astropy.units.Unit {unit: deg}
#       value: !astropy.table.SerializedColumn {name: dec}
#     distance:
#       __class__: astropy.coordinates.distances.Distance
#       unit: !astropy.units.Unit {unit: kpc}
#       value: !astropy.table.SerializedColumn {name: distance}
#     pm_dec:
#       __class__: astropy.units.quantity.Quantity
#       unit: !astropy.units.Unit {unit: mas / yr}
#       value: !astropy.table.SerializedColumn {name: pm_dec}
#     pm_ra_cosdec:
#       __class__: astropy.units.quantity.Quantity
#       unit: !astropy.units.Unit {unit: mas / yr}
#       value: !astropy.table.SerializedColumn {name: pm_ra_cosdec}
#     ra:
#       __class__: astropy.coordinates.angles.Longitude
#       unit: *id001
#       value: !astropy.table.SerializedColumn {name: ra}
#       wrap_angle: !astropy.coordinates.Angle
#         unit: *id001
#         value: 360.0
#     radial_velocity:
#       __class__: astropy.units.quantity.Quantity
#       unit: !astropy.units.Unit {unit: km / s}
#       value: !astropy.table.SerializedColumn {name: radial_velocity}
# schema: astropy-2.0
ra,dec,distance,pm_ra_cosdec,pm_dec,radial_velocity
[from data line 238]
102.37288360605903,-36.07088633001514,9.827999999999998,0.0,0.0,0.0
102.36239372934779,-36.06643334478253,9.827999999999998,0.0,0.0,0.0
102.35193731680192,-36.06192972256178,9.828,0.0,0.0,0.0
102.34151488591505,-36.057374696765976,9.828,0.0,0.0,0.0
102.33112693924673,-36.05276752418864,9.828,0.0,0.0,0.0
102.32077396428708,-36.048107485176665,9.828,0.0,0.0,0.0
102.31045643332625,-36.04339388379706,9.828,0.0,0.0,0.0
102.30017480332738,-36.03862604799705,9.827999999999998,0.0,0.0,0.0
102.28992951580457,-36.03380332975797,9.828,0.0,0.0,0.0
102.27972099670498,-36.02892510524268,9.827999999999998,0.0,0.0,0.0
102.2695496562951,-36.02399077493656,9.828,0.0,0.0,0.0
102.2594158890518,-36.018999763782205,9.828,0.0,0.0,0.0
102.24932007355709,-36.01395152130759,9.828,0.0,0.0,0.0
102.2392625723981,-36.00884552174799,9.827999999999998,0.0,0.0,0.0
102.2292437320707,-36.00368126416143,9.827999999999998,0.0,0.0,0.0
102.21926388288834,-35.99845827253789,9.828,0.0,0.0,0.0
102.20932333889444,-35.993176095901916,9.827999999999998,0.0,0.0,0.0
102.19942239777994,-35.987834308409155,9.828,0.0,0.0,0.0
102.18956134080506,-35.98243250943628,9.827999999999998,0.0,0.0,0.0
102.17974043272551,-35.976970323664716,9.827999999999998,0.0,0.0,0.0
102.16995992172315,-35.97144740115798,9.827999999999998,0.0,0.0,0.0
102.16022003934138,-35.96586341743263,9.828,0.0,0.0,0.0
102.15052100042473,-35.960218073522924,9.828,0.0,0.0,0.0
102.1408630030632,-35.95451109603913,9.828,0.0,0.0,0.0
102.13124622854106,-35.94874223721949,9.827999999999998,0.0,0.0,0.0
102.12167084129013,-35.942911274975884,9.827999999999998,0.0,0.0,0.0
102.1121369888477,-35.9370180129331,9.827999999999998,0.0,0.0,0.0
102.10264480181891,-35.93106228046187,9.827999999999996,0.0,0.0,0.0
102.09319439384382,-35.92504393270552,9.827999999999998,0.0,0.0,0.0
102.08378586156887,-35.91896285060034,9.828,0.0,0.0,0.0
102.07441928462306,-35.9128189408896,9.827999999999998,0.0,0.0,0.0
102.06509472559863,-35.90661213613133,9.828,0.0,0.0,0.0
102.0558122300364,-35.90034239469969,9.827999999999998,0.0,0.0,0.0
102.04657182641553,-35.89400970078012,9.827999999999998,0.0,0.0,0.0
102.03737352614809,-35.88761406435816,9.827999999999998,0.0,0.0,0.0
102.02821732357808,-35.881155521201926,9.827999999999998,0.0,0.0,0.0
102.01910319598501,-35.87463413283839,9.827999999999998,0.0,0.0,0.0
102.01003110359221,-35.868049986523246,9.828,0.0,0.0,0.0
102.0010009895797,-35.86140319520456,9.828,0.0,0.0,0.0
101.99201278010145,-35.85469389748012,9.827999999999998,0.0,0.0,0.0
101.9830663843076,-35.847922257548426,9.827999999999998,0.0,0.0,0.0
101.974161694371,-35.84108846515354,9.828,0.0,0.0,0.0
101.96529858551841,-35.83419273552343,9.828,0.0,0.0,0.0
101.95647691606631,-35.82723530930229,9.828,0.0,0.0,0.0
101.9476965274613,-35.82021645247633,9.828,0.0,0.0,0.0
101.93895724432515,-35.813136456293435,9.828000000000001,0.0,0.0,0.0
101.93025887450426,-35.805995637176515,9.828,0.0,0.0,0.0
101.92160120912382,-35.79879433663051,9.828,0.0,0.0,0.0
101.91298402264663,-35.791532921143194,9.828,0.0,0.0,0.0
101.90440707293621,-35.78421178207966,9.828,0.0,0.0,0.0
101.89587010132477,-35.77683133557053,9.828000000000001,0.0,0.0,0.0
101.88737283268561,-35.76939202239386,9.828,0.0,0.0,0.0
101.87891497551,-35.76189430785084,9.828,0.0,0.0,0.0
101.87049622198872,-35.75433868163513,9.828,0.0,0.0,0.0
101.86211624809802,-35.74672565769597,9.828,0.0,0.0,0.0
101.85377471369029,-35.739055774094986,9.828,0.0,0.0,0.0
101.84547126258899,-35.73132959285674,9.828,0.0,0.0,0.0
101.83720552268835,-35.723547699813004,9.828,0.0,0.0,0.0
101.82897710605732,-35.71571070444067,9.828,0.0,0.0,0.0
101.82078560904823,-35.70781923969355,9.828,0.0,0.0,0.0
101.81263061240976,-35.69987396182772,9.828,0.0,0.0,0.0
101.80451168140446,-35.69187555022069,9.828,0.0,0.0,0.0
101.79642836593077,-35.68382470718427,9.828,0.0,0.0,0.0
101.78838020064934,-35.675722157771105,9.828,0.0,0.0,0.0
101.78036670511389,-35.66756864957502,9.828,0.0,0.0,0.0
101.77238738390656,-35.659364952524996,9.828,0.0,0.0,0.0
101.76444172677742,-35.65111185867289,9.828,0.0,0.0,0.0
101.75652920878863,-35.64281018197493,9.828,0.0,0.0,0.0
101.74864929046292,-35.634460758066794,9.828,0.0,0.0,0.0
101.7408014179363,-35.6260644440325,9.828,0.0,0.0,0.0
101.73298502311533,-35.617622118167006,9.828,0.0,0.0,0.0
101.72519952383858,-35.60913467973248,9.828000000000001,0.0,0.0,0.0
101.71744432404249,-35.60060304870826,9.828,0.0,0.0,0.0
101.70971881393153,-35.592028165534614,9.828,0.0,0.0,0.0
101.70202237015266,-35.58341099085008,9.828,0.0,0.0,0.0
101.69435435597411,-35.57475250522268,9.828000000000001,0.0,0.0,0.0
101.68671412146834,-35.56605370887458,9.828000000000001,0.0,0.0,0.0
101.67910100369936,-35.55731562140073,9.828,0.0,0.0,0.0
101.67151432691425,-35.548539281481034,9.828,0.0,0.0,0.0
101.66395340273894,-35.53972574658626,9.828,0.0,0.0,0.0
101.65641753037814,-35.530876092677644,9.828,0.0,0.0,0.0
101.64890599681948,-35.52199141390024,9.828000000000001,0.0,0.0,0.0
101.64141807704203,-35.513072822269805,9.828,0.0,0.0,0.0
101.63395303422861,-35.504121447353654,9.828000000000001,0.0,0.0,0.0
101.62651011998264,-35.49513843594489,9.828,0.0,0.0,0.0
101.61908857454893,-35.48612495173055,9.828000000000001,0.0,0.0,0.0
101.6116876270386,-35.47708217495339,9.828,0.0,0.0,0.0
101.60430649565825,-35.468011302067254,9.828,0.0,0.0,0.0
101.59694438794303,-35.45891354538622,9.828,0.0,0.0,0.0
101.58960050099402,-35.44979013272746,9.828,0.0,0.0,0.0
101.58227402171953,-35.440642307047725,9.828,0.0,0.0,0.0
101.57496412708049,-35.43147132607348,9.828,0.0,0.0,0.0
101.56766998433993,-35.42227846192479,9.828000000000001,0.0,0.0,0.0
101.5603907513165,-35.41306500073285,9.828000000000003,0.0,0.0,0.0
101.55312557664195,-35.40383224225119,9.828000000000001,0.0,0.0,0.0
101.5458736000227,-35.39458149946058,9.828000000000001,0.0,0.0,0.0
101.53863395250535,-35.385314098167576,9.828000000000001,0.0,0.0,0.0
101.53140575674621,-35.37603137659676,9.828000000000001,0.0,0.0,0.0
101.52418812728483,-35.366734684976656,9.828000000000003,0.0,0.0,0.0
101.51698017082143,-35.35742538511929,9.828000000000001,0.0,0.0,0.0
101.50978098649836,-35.348104849993526,9.828000000000001,0.0,0.0,0.0
101.50258966618544,-35.33877446329184,9.828000000000001,0.0,0.0,0.0
101.49540529476938,-35.32943561899109,9.828,0.0,0.0,0.0
101.48822695044691,-35.32008972090666,9.828000000000003,0.0,0.0,0.0
101.481053705022,-35.310738182240414,9.828000000000003,0.0,0.0,0.0
101.47388462420695,-35.30138242512238,9.828000000000003,0.0,0.0,0.0
101.46671876792736,-35.29202388014592,9.828000000000003,0.0,0.0,0.0
101.4595551906311,-35.28266398589676,9.828000000000001,0.0,0.0,0.0
101.45239294160095,-35.27330418847556,9.828000000000001,0.0,0.0,0.0
101.44523106527144,-35.26394594101419,9.828000000000003,0.0,0.0,0.0
101.43806860154932,-35.25459070318574,9.828000000000001,0.0,0.0,0.0
101.43090458613798,-35.24523994070808,9.828000000000001,0.0,0.0,0.0
101.42373805086588,-35.23589512484121,9.828,0.0,0.0,0.0
101.41656802401863,-35.2265577318782,9.828000000000001,0.0,0.0,0.0
101.40939353067508,-35.21722924262985,9.828000000000001,0.0,0.0,0.0
101.40221359304726,-35.20791114190299,9.828000000000001,0.0,0.0,0.0
101.39502723082425,-35.198604917972474,9.828000000000001,0.0,0.0,0.0
101.38783346151975,-35.189312062046895,9.828000000000001,0.0,0.0,0.0
101.3806313008236,-35.18003406772785,9.828,0.0,0.0,0.0
101.37341976295734,-35.170772430463074,9.828,0.0,0.0,0.0
101.36619786103337,-35.16152864699307,9.828,0.0,0.0,0.0
101.3589646074181,-35.152304214791506,9.828000000000003,0.0,0.0,0.0
101.35171901409906,-35.143100631499365,9.828000000000005,0.0,0.0,0.0
101.34446009305577,-35.13391939435264,9.828000000000003,0.0,0.0,0.0
101.3371868566346,-35.12476199960387,9.828000000000003,0.0,0.0,0.0
101.32989831792737,-35.115629941937215,9.828000000000003,0.0,0.0,0.0
101.32259349115412,-35.10652471387739,9.828000000000003,0.0,0.0,0.0
101.31527139204943,-35.09744780519216,9.828000000000003,0.0,0.0,0.0
101.30793103825302,-35.08840070228865,9.828000000000003,0.0,0.0,0.0
101.30057144970404,-35.07938488760326,9.828000000000003,0.0,0.0,0.0
101.29319164903934,-35.07040183898539,9.828000000000005,0.0,0.0,0.0
101.2857906619958,-35.0614530290748,9.828000000000003,0.0,0.0,0.0
101.27836751781648,-35.05253992467271,9.828000000000003,0.0,0.0,0.0
101.27092124966077,-35.04366398610671,9.828000000000005,0.0,0.0,0.0
101.26345089501865,-35.03482666658923,9.828000000000005,0.0,0.0,0.0
101.25595549612878,-35.02602941156991,9.828000000000005,0.0,0.0,0.0
101.24843410040076,-35.01727365808153,9.828000000000005,0.0,0.0,0.0
101.24088576084127,-35.00856083407993,9.828000000000005,0.0,0.0,0.0
101.2333095364844,-34.99989235777745,9.828000000000005,0.0,0.0,0.0
101.22570449282598,-34.991269636970145,9.828000000000003,0.0,0.0,0.0
101.21806970226201,-34.982694068358974,9.828000000000003,0.0,0.0,0.0
101.21040424453118,-34.97416703686448,9.828000000000005,0.0,0.0,0.0
101.20270720716154,-34.965689914935396,9.828000000000005,0.0,0.0,0.0
101.19497768592136,-34.957264061851006,9.828000000000007,0.0,0.0,0.0
101.18721478527402,-34.94889082301728,9.828000000000005,0.0,0.0,0.0
101.17941761883729,-34.940571529256765,9.828000000000005,0.0,0.0,0.0
101.17158530984668,-34.93230749609234,9.828000000000007,0.0,0.0,0.0
101.16371699162306,-34.92410002302475,9.828000000000007,0.0,0.0,0.0
101.15581180804467,-34.91595039280391,9.828000000000007,0.0,0.0,0.0
101.14786891402326,-34.90785987069405,9.828000000000007,0.0,0.0,0.0
101.13988747598457,-34.89982970373279,9.828000000000005,0.0,0.0,0.0
101.13186667235335,-34.89186111998383,9.828000000000005,0.0,0.0,0.0
101.12380569404256,-34.88395532778371,9.828000000000007,0.0,0.0,0.0
101.11570374494696,-34.87611351498229,9.828000000000007,0.0,0.0,0.0
101.10756004244142,-34.868336848177115,9.828000000000005,0.0,0.0,0.0
101.09937381788333,-34.86062647194165,9.828000000000005,0.0,0.0,0.0
101.09114431711978,-34.852983508047416,9.828000000000005,0.0,0.0,0.0
101.08287080099916,-34.84540905467998,9.828000000000007,0.0,0.0,0.0
101.07455254588731,-34.83790418564888,9.828000000000005,0.0,0.0,0.0
101.06618884418842,-34.83046994959135,9.828000000000005,0.0,0.0,0.0
101.05777900487038,-34.823107369170124,9.828000000000005,0.0,0.0,0.0
101.04932235399485,-34.815817440264986,9.828000000000007,0.0,0.0,0.0
101.04081823525217,-34.80860113115844,9.828000000000007,0.0,0.0,0.0
101.03226601050079,-34.801459381715105,9.828000000000007,0.0,0.0,0.0
101.02366506031167,-34.79439310255527,9.828000000000008,0.0,0.0,0.0
101.0150147845174,-34.78740317422225,9.828000000000007,0.0,0.0,0.0
101.00631460276615,-34.780490446343826,9.828000000000007,0.0,0.0,0.0
100.99756395508055,-34.77365573678759,9.828000000000005,0.0,0.0,0.0
100.98876230242156,-34.76689983081033,9.828000000000005,0.0,0.0,0.0
100.9799091272571,-34.760223480201404,9.828000000000007,0.0,0.0,0.0
100.97100393413596,-34.75362740242009,9.828000000000007,0.0,0.0,0.0
100.96204625026647,-34.747112279727055,9.828000000000008,0.0,0.0,0.0
100.95303562610044,-34.74067875830971,9.828000000000007,0.0,0.0,0.0
100.9439716359222,-34.7343274474018,9.828000000000007,0.0,0.0,0.0
100.93485387844261,-34.728058918396805,9.828000000000008,0.0,0.0,0.0
100.92568197739857,-34.72187370395569,9.828000000000007,0.0,0.0,0.0
100.91645558215744,-34.71577229710848,9.828000000000005,0.0,0.0,0.0
100.90717436832699,-34.70975515035007,9.828000000000007,0.0,0.0,0.0
100.89783803837047,-34.70382267473008,9.828000000000008,0.0,0.0,0.0
100.88844632222717,-34.697975238936834,9.828000000000007,0.0,0.0,0.0
100.87899897793822,-34.692213168375424,9.828000000000007,0.0,0.0,0.0
100.86949579227795,-34.68653674423996,9.828000000000007,0.0,0.0,0.0
100.8599365813906,-34.680946202579875,9.828000000000007,0.0,0.0,0.0
100.85032119143253,-34.6754417333605,9.828000000000007,0.0,0.0,0.0
100.84064949922006,-34.67002347951764,9.828000000000008,0.0,0.0,0.0
100.83092141288272,-34.66469153600648,9.828000000000007,0.0,0.0,0.0
100.82113687252217,-34.659445948844564,9.828000000000007,0.0,0.0,0.0
100.81129585087685,-34.65428671414895,9.828000000000008,0.0,0.0,0.0
100.80139835399194,-34.64921377716768,9.828000000000007,0.0,0.0,0.0
100.79144442189556,-34.64422703130529,9.828000000000008,0.0,0.0,0.0
100.78143412928016,-34.63932631714273,9.828000000000007,0.0,0.0,0.0
100.77136758618988,-34.63451142145129,9.828000000000008,0.0,0.0,0.0
100.76124493871379,-34.62978207620095,9.828000000000007,0.0,0.0,0.0
100.75106636968475,-34.62513795756284,9.828000000000007,0.0,0.0,0.0
100.74083209938412,-34.62057868490601,9.828000000000007,0.0,0.0,0.0
100.73054238625241,-34.61610381978844,9.828000000000008,0.0,0.0,0.0
100.7201975276057,-34.61171286494233,9.828000000000007,0.0,0.0,0.0
100.70979786035802,-34.6074052632536,9.828000000000007,0.0,0.0,0.0
100.69934376174952,-34.603180396735745,9.828000000000008,0.0,0.0,0.0
100.68883565008065,-34.59903758549786,9.828000000000007,0.0,0.0,0.0
100.67827398545225,-34.59497608670712,9.828000000000007,0.0,0.0,0.0
100.6676592705115,-34.59099509354536,9.828000000000007,0.0,0.0,0.0
100.65699205120399,-34.58709373416002,9.828000000000008,0.0,0.0,0.0
100.64627291753142,-34.58327107060951,9.828000000000007,0.0,0.0,0.0
100.6355025043156,-34.579526097802635,9.828000000000003,0.0,0.0,0.0
100.62468149196815,-34.575857742432504,9.828000000000005,0.0,0.0,0.0
100.61381060726622,-34.5722648619047,9.828000000000005,0.0,0.0,0.0
100.60289062413418,-34.56874624325969,9.828000000000005,0.0,0.0,0.0
100.59192236443111,-34.56530060208963,9.828000000000007,0.0,0.0,0.0
100.58090669874434,-34.56192658144938,9.828000000000007,0.0,0.0,0.0
100.56984454718872,-34.558622750761884,9.828000000000005,0.0,0.0,0.0
100.55873688021188,-34.55538760471783,9.828000000000005,0.0,0.0,0.0
