galstreams/tracks/track.st.Perpendicular.weiss2018.ecsv
# %ECSV 0.9
# ---
# datatype:
# - {name: ra, unit: deg, datatype: float64}
# - {name: dec, unit: deg, datatype: float64}
# - {name: distance, unit: kpc, datatype: float64}
# - {name: pm_ra_cosdec, unit: mas / yr, datatype: float64}
# - {name: pm_dec, unit: mas / yr, datatype: float64}
# - {name: radial_velocity, unit: km / s, datatype: float64}
# delimiter: ','
# meta: !!omap
# - __serialized_columns__:
#     dec:
#       __class__: astropy.coordinates.angles.Latitude
#       unit: &id001 !astropy.units.Unit {unit: deg}
#       value: !astropy.table.SerializedColumn {name: dec}
#     distance:
#       __class__: astropy.coordinates.distances.Distance
#       unit: !astropy.units.Unit {unit: kpc}
#       value: !astropy.table.SerializedColumn {name: distance}
#     pm_dec:
#       __class__: astropy.units.quantity.Quantity
#       unit: !astropy.units.Unit {unit: mas / yr}
#       value: !astropy.table.SerializedColumn {name: pm_dec}
#     pm_ra_cosdec:
#       __class__: astropy.units.quantity.Quantity
#       unit: !astropy.units.Unit {unit: mas / yr}
#       value: !astropy.table.SerializedColumn {name: pm_ra_cosdec}
#     ra:
#       __class__: astropy.coordinates.angles.Longitude
#       unit: *id001
#       value: !astropy.table.SerializedColumn {name: ra}
#       wrap_angle: !astropy.coordinates.Angle
#         unit: *id001
#         value: 360.0
#     radial_velocity:
#       __class__: astropy.units.quantity.Quantity
#       unit: !astropy.units.Unit {unit: km / s}
#       value: !astropy.table.SerializedColumn {name: radial_velocity}
# schema: astropy-2.0
ra,dec,distance,pm_ra_cosdec,pm_dec,radial_velocity
[from data line 473]
185.55657603047018,12.160209694760596,14.44185672273668,0.0,0.0,0.0
185.55558869548673,12.170119112630411,14.44046529931752,0.0,0.0,0.0
185.55460128330864,12.180028527640667,14.439073875898355,0.0,0.0,0.0
185.55361379398244,12.189937939767322,14.437682452479198,0.0,0.0,0.0
185.55262622755484,12.19984734898614,14.436291029060035,0.0,0.0,0.0
185.55163858407232,12.209756755273073,14.434899605640874,0.0,0.0,0.0
185.55065086358155,12.219666158603902,14.433508182221713,0.0,0.0,0.0
185.54966306612903,12.22957555895458,14.43211675880255,0.0,0.0,0.0
185.54867519176142,12.239484956300878,14.43072533538339,0.0,0.0,0.0
185.5476872405252,12.249394350618758,14.429333911964227,0.0,0.0,0.0
185.54669921246705,12.259303741883986,14.427942488545067,0.0,0.0,0.0
185.54571110763348,12.269213130072542,14.426551065125906,0.0,0.0,0.0
185.54472292607113,12.279122515160175,14.425159641706747,0.0,0.0,0.0
185.54373466782647,12.289031897122868,14.423768218287583,0.0,0.0,0.0
185.5427463329462,12.298941275936391,14.42237679486842,0.0,0.0,0.0
185.54175792147674,12.308850651576709,14.420985371449259,0.0,0.0,0.0
185.5407694334648,12.318760024019593,14.4195939480301,0.0,0.0,0.0
185.53978086895683,12.32866939324102,14.418202524610939,0.0,0.0,0.0
185.5387922279995,12.338578759216764,14.416811101191776,0.0,0.0,0.0
185.53780351063926,12.348488121922793,14.415419677772615,0.0,0.0,0.0
185.53681471692275,12.358397481334887,14.414028254353452,0.0,0.0,0.0
185.5358258468965,12.368306837429015,14.412636830934293,0.0,0.0,0.0
185.53483690060705,12.378216190180963,14.411245407515132,0.0,0.0,0.0
185.53384787810097,12.388125539566698,14.409853984095967,0.0,0.0,0.0
185.53285877942486,12.398034885562005,14.408462560676808,0.0,0.0,0.0
185.53186960462517,12.407944228142854,14.407071137257644,0.0,0.0,0.0
185.53088035374856,12.417853567285032,14.405679713838486,0.0,0.0,0.0
185.52989102684148,12.427762902964519,14.404288290419325,0.0,0.0,0.0
185.52890162395056,12.437672235157091,14.402896867000162,0.0,0.0,0.0
185.5279121451223,12.447581563838728,14.401505443581,0.0,0.0,0.0
185.52692259040322,12.457490888985218,14.400114020161839,0.0,0.0,0.0
185.52302257333616,12.466026987134114,14.40163513421822,0.0,0.0,0.0
185.5188625148276,12.47444045100589,14.40341621942499,0.0,0.0,0.0
185.5147021858695,12.482853851095543,14.405197304631765,0.0,0.0,0.0
185.5105415862583,12.4912671873545,14.406978389838534,0.0,0.0,0.0
185.50638071579021,12.499680459734385,14.408759475045306,0.0,0.0,0.0
185.50221957426157,12.508093668186602,14.41054056025208,0.0,0.0,0.0
185.49805816146852,12.516506812662765,14.412321645458848,0.0,0.0,0.0
185.4938964772073,12.524919893114236,14.41410273066562,0.0,0.0,0.0
185.48973452127396,12.533332909492602,14.415883815872391,0.0,0.0,0.0
185.48557229346466,12.541745861749224,14.417664901079165,0.0,0.0,0.0
185.48140979357538,12.550158749835658,14.419445986285934,0.0,0.0,0.0
185.47724702140215,12.558571573703237,14.421227071492705,0.0,0.0,0.0
185.4730839767409,12.566984333303493,14.423008156699478,0.0,0.0,0.0
185.4689206593876,12.575397028587739,14.42478924190625,0.0,0.0,0.0
185.46475706913802,12.583809659507487,14.426570327113023,0.0,0.0,0.0
185.46059320578803,12.592222226014025,14.428351412319795,0.0,0.0,0.0
185.4564290691334,12.600634728058836,14.430132497526568,0.0,0.0,0.0
185.45226465896988,12.609047165593195,14.431913582733339,0.0,0.0,0.0
185.4480999750931,12.617459538568555,14.433694667940111,0.0,0.0,0.0
185.44393501729877,12.625871846936166,14.43547575314688,0.0,0.0,0.0
185.4397697853824,12.634284090647466,14.437256838353656,0.0,0.0,0.0
185.43560427913965,12.642696269653676,14.439037923560425,0.0,0.0,0.0
185.43143849836594,12.65110838390621,14.440819008767196,0.0,0.0,0.0
185.42727244285678,12.65952043335627,14.442600093973969,0.0,0.0,0.0
185.42310611240754,12.667932417955244,14.44438117918074,0.0,0.0,0.0
185.41893950681367,12.67634433765431,14.44616226438751,0.0,0.0,0.0
185.41477262587043,12.684756192404835,14.447943349594285,0.0,0.0,0.0
185.41060546937314,12.693167982157973,14.449724434801055,0.0,0.0,0.0
185.40643803711703,12.70157970686507,14.451505520007826,0.0,0.0,0.0
185.40227032889732,12.709991366477244,14.453286605214595,0.0,0.0,0.0
185.3981023445091,12.718402960945829,14.455067690421371,0.0,0.0,0.0
185.39393408374755,12.726814490221926,14.45684877562814,0.0,0.0,0.0
185.38976554640766,12.735225954256837,14.458629860834913,0.0,0.0,0.0
185.38559673228454,12.743637353001636,14.460410946041685,0.0,0.0,0.0
185.38142764117305,12.752048686407605,14.462192031248456,0.0,0.0,0.0
185.3772582728682,12.760459954425798,14.463973116455232,0.0,0.0,0.0
185.3730886271648,12.768871157007473,14.465754201662001,0.0,0.0,0.0
185.3689187038578,12.777282294103657,14.467535286868772,0.0,0.0,0.0
185.36474850274186,12.78569336566558,14.469316372075543,0.0,0.0,0.0
185.3605780236118,12.794104371644258,14.471097457282315,0.0,0.0,0.0
185.3564072662623,12.802515311990888,14.472878542489086,0.0,0.0,0.0
185.35223623048802,12.810926186656461,14.47465962769586,0.0,0.0,0.0
185.34806491608356,12.81933699559216,14.476440712902628,0.0,0.0,0.0
185.3438933228435,12.827747738748949,14.478221798109402,0.0,0.0,0.0
185.33972145056237,12.836158416077984,14.480002883316176,0.0,0.0,0.0
185.33554929903465,12.844569027530202,14.481783968522945,0.0,0.0,0.0
185.33137686805475,12.852979573056741,14.483565053729718,0.0,0.0,0.0
185.32720415741704,12.861390052608513,14.48534613893649,0.0,0.0,0.0
185.32303116691585,12.869800466136631,14.487127224143261,0.0,0.0,0.0
185.31885789634552,12.878210813591993,14.488908309350032,0.0,0.0,0.0
185.31468434550027,12.886621094925674,14.490689394556805,0.0,0.0,0.0
185.3105105141743,12.895031310088552,14.492470479763575,0.0,0.0,0.0
185.30633640216178,12.903441459031686,14.494251564970348,0.0,0.0,0.0
185.30216200925682,12.911851541705923,14.49603265017712,0.0,0.0,0.0
185.29798733525345,12.920261558062293,14.49781373538389,0.0,0.0,0.0
185.29381237994573,12.928671508051625,14.499594820590666,0.0,0.0,0.0
185.28963714312763,12.937081391624941,14.501375905797431,0.0,0.0,0.0
185.28546162459307,12.94549120873302,14.503156991004207,0.0,0.0,0.0
185.28128582413592,12.953900959326868,14.504938076210982,0.0,0.0,0.0
185.27710974155005,12.96231064335725,14.50671916141775,0.0,0.0,0.0
185.2729333766292,12.970720260775142,14.508500246624521,0.0,0.0,0.0
185.26875672916717,12.979129811531283,14.510281331831294,0.0,0.0,0.0
185.26457979895758,12.987539295576623,14.512062417038067,0.0,0.0,0.0
185.2604025857942,12.995948712861882,14.513843502244837,0.0,0.0,0.0
185.25622508947055,13.004358063337982,14.51562458745161,0.0,0.0,0.0
185.2520473097802,13.012767346955627,14.51740567265838,0.0,0.0,0.0
185.24786924651667,13.021176563665703,14.519186757865153,0.0,0.0,0.0
185.24369089947345,13.029585713418896,14.520967843071924,0.0,0.0,0.0
185.23951226844395,13.037994796166075,14.522748928278697,0.0,0.0,0.0
185.2353333532215,13.046403811857889,14.52453001348547,0.0,0.0,0.0
185.2311541535995,13.054812760445186,14.52631109869224,0.0,0.0,0.0
185.22697466937123,13.063221641878599,14.52809218389901,0.0,0.0,0.0
185.2227949003299,13.071630456108945,14.529873269105783,0.0,0.0,0.0
185.21861484626868,13.08003920308683,14.531654354312554,0.0,0.0,0.0
185.21443450698072,13.088447882763058,14.533435439519328,0.0,0.0,0.0
185.2102538822592,13.0968564950882,14.535216524726097,0.0,0.0,0.0
185.20607297189704,13.105265040013034,14.536997609932866,0.0,0.0,0.0
185.20189177568736,13.113673517488118,14.538778695139637,0.0,0.0,0.0
185.19771029342306,13.122081927464205,14.540559780346413,0.0,0.0,0.0
185.19352852489706,13.130490269891814,14.542340865553182,0.0,0.0,0.0
185.1893464699022,13.13889854472168,14.544121950759957,0.0,0.0,0.0
185.1851641282314,13.14730675190431,14.545903035966727,0.0,0.0,0.0
185.18098149967733,13.155714891390401,14.547684121173498,0.0,0.0,0.0
185.17679858403272,13.164122963130437,14.549465206380274,0.0,0.0,0.0
185.1726153810903,13.172530967075097,14.551246291587045,0.0,0.0,0.0
185.1684318906427,13.18093890317484,14.553027376793816,0.0,0.0,0.0
185.16424811248245,13.189346771380315,14.554808462000585,0.0,0.0,0.0
185.16006404640214,13.197754571641957,14.556589547207357,0.0,0.0,0.0
185.15587969219422,13.206162303910395,14.55837063241413,0.0,0.0,0.0
185.1516950496512,13.214569968136036,14.5601517176209,0.0,0.0,0.0
185.14751011856538,13.222977564269483,14.561932802827672,0.0,0.0,0.0
185.14332489872922,13.23138509226112,14.563713888034446,0.0,0.0,0.0
185.1391393899349,13.239792552061527,14.565494973241217,0.0,0.0,0.0
185.13495359197483,13.248199943621065,14.56727605844799,0.0,0.0,0.0
185.13076750464108,13.256607266890288,14.56905714365476,0.0,0.0,0.0
185.12658112772593,13.265014521819534,14.570838228861533,0.0,0.0,0.0
185.12239446102137,13.27342170835932,14.5726193140683,0.0,0.0,0.0
185.11820750431957,13.281828826459972,14.574400399275076,0.0,0.0,0.0
185.11402025741248,13.290235876071987,14.576181484481845,0.0,0.0,0.0
185.10983272009213,13.298642857145657,14.577962569688617,0.0,0.0,0.0
185.1056448921504,13.307049769631448,14.57974365489539,0.0,0.0,0.0
185.10145677337917,13.31545661347969,14.581524740102163,0.0,0.0,0.0
185.09726836357035,13.323863388640671,14.58330582530893,0.0,0.0,0.0
185.09307966251563,13.332270095064786,14.585086910515708,0.0,0.0,0.0
185.0888906700068,13.340676732702416,14.586867995722475,0.0,0.0,0.0
185.0847013858355,13.349083301503818,14.588649080929248,0.0,0.0,0.0
185.08051180979345,13.357489801419252,14.59043016613602,0.0,0.0,0.0
185.07632194167215,13.3658962323991,14.592211251342793,0.0,0.0,0.0
185.07213178126324,13.374302594393548,14.593992336549563,0.0,0.0,0.0
185.0679413283581,13.382708887352953,14.595773421756336,0.0,0.0,0.0
185.0637505827483,13.391115111227473,14.597554506963109,0.0,0.0,0.0
185.0595595442252,13.399521265967444,14.599335592169878,0.0,0.0,0.0
185.05536821258013,13.407927351522996,14.601116677376648,0.0,0.0,0.0
185.0511765876044,13.416333367844441,14.602897762583423,0.0,0.0,0.0
185.04698466908934,13.424739314881881,14.604678847790193,0.0,0.0,0.0
185.04279245682608,13.433145192585618,14.606459932996966,0.0,0.0,0.0
185.0385999506058,13.441551000905712,14.608241018203737,0.0,0.0,0.0
185.03440715021964,13.449956739792437,14.610022103410508,0.0,0.0,0.0
185.03021405545866,13.458362409195843,14.611803188617282,0.0,0.0,0.0
185.02602066611388,13.466768009066172,14.613584273824051,0.0,0.0,0.0
185.02182698197626,13.475173539353442,14.615365359030823,0.0,0.0,0.0
185.01763300283676,13.483579000007879,14.617146444237598,0.0,0.0,0.0
185.0134387284862,13.491984390979487,14.618927529444367,0.0,0.0,0.0
185.0092441587154,13.500389712218443,14.620708614651138,0.0,0.0,0.0
185.00504929331524,13.508794963674728,14.622489699857912,0.0,0.0,0.0
185.00085413207634,13.517200145298512,14.624270785064681,0.0,0.0,0.0
184.99665867478947,13.525605257039738,14.626051870271455,0.0,0.0,0.0
184.9924629212452,13.534010298848546,14.627832955478228,0.0,0.0,0.0
184.98826687123412,13.54241527067487,14.629614040685,0.0,0.0,0.0
184.98407052454678,13.55082017246882,14.631395125891771,0.0,0.0,0.0
184.9798738809737,13.55922500418029,14.633176211098542,0.0,0.0,0.0
184.97567694030528,13.567629765759378,14.634957296305313,0.0,0.0,0.0
184.97147970233195,13.57603445715595,14.636738381512085,0.0,0.0,0.0
184.96728216684403,13.584439078320072,14.638519466718856,0.0,0.0,0.0
184.96308433363183,13.592843629201596,14.640300551925627,0.0,0.0,0.0
184.95888620248553,13.601248109750559,14.642081637132401,0.0,0.0,0.0
184.95468777319545,13.609652519916791,14.64386272233917,0.0,0.0,0.0
184.9504890455516,13.618056859650284,14.645643807545943,0.0,0.0,0.0
184.9462900193442,13.62646112890086,14.647424892752714,0.0,0.0,0.0
184.94209069436323,13.634865327618492,14.649205977959488,0.0,0.0,0.0
184.93789107039873,13.643269455752957,14.650987063166259,0.0,0.0,0.0
184.9336911472406,13.651673513254217,14.652768148373031,0.0,0.0,0.0
184.92949092467884,13.660077500072015,14.6545492335798,0.0,0.0,0.0
184.9252904025032,13.668481416156293,14.656330318786573,0.0,0.0,0.0
184.9210895805036,13.676885261456766,14.658111403993344,0.0,0.0,0.0
184.91688845846969,13.685289035923345,14.659892489200116,0.0,0.0,0.0
184.91268703619124,13.693692739505732,14.661673574406889,0.0,0.0,0.0
184.90848531345787,13.702096372153807,14.66345465961366,0.0,0.0,0.0
184.90428329005925,13.710499933817243,14.665235744820434,0.0,0.0,0.0
184.90008096578487,13.718903424445893,14.667016830027206,0.0,0.0,0.0
184.89587834042433,13.727306843989403,14.668797915233977,0.0,0.0,0.0
184.891675413767,13.73571019239761,14.670579000440746,0.0,0.0,0.0
184.88747218560238,13.744113469620126,14.67236008564752,0.0,0.0,0.0
184.88326865571975,13.752516675606763,14.674141170854293,0.0,0.0,0.0
184.8790648239085,13.760919810307117,14.67592225606106,0.0,0.0,0.0
184.87486068995784,13.769322873670957,14.677703341267833,0.0,0.0,0.0
184.87065625365702,13.777725865647861,14.679484426474607,0.0,0.0,0.0
184.86645151479522,13.786128786187586,14.681265511681378,0.0,0.0,0.0
184.86224647316152,13.794531635239663,14.683046596888152,0.0,0.0,0.0
184.858041128545,13.802934412753826,14.684827682094923,0.0,0.0,0.0
184.85383548073472,13.81133711867959,14.686608767301692,0.0,0.0,0.0
184.84962952951958,13.819739752966658,14.688389852508465,0.0,0.0,0.0
184.84542327468853,13.828142315564522,14.690170937715237,0.0,0.0,0.0
184.84121671603043,13.836544806422856,14.69195202292201,0.0,0.0,0.0
184.83700985333417,13.844947225491126,14.693733108128777,0.0,0.0,0.0
184.83280268638842,13.853349572718976,14.695514193335551,0.0,0.0,0.0
184.828595214982,13.861751848055853,14.697295278542322,0.0,0.0,0.0
184.82438743890344,13.870154051451372,14.699076363749095,0.0,0.0,0.0
184.8201793579415,13.87855618285495,14.700857448955869,0.0,0.0,0.0
184.8159709718847,13.886958242216188,14.702638534162638,0.0,0.0,0.0
184.81176228052158,13.895360229484469,14.70441961936941,0.0,0.0,0.0
184.80755328364052,13.903762144609361,14.706200704576183,0.0,0.0,0.0
184.80334398103008,13.912163987540227,14.707981789782952,0.0,0.0,0.0
184.7991343724785,13.920565758226614,14.709762874989723,0.0,0.0,0.0
184.79492445777421,13.92896745661785,14.711543960196495,0.0,0.0,0.0
184.79071423670544,13.93736908266346,14.71332504540327,0.0,0.0,0.0
184.78650370906038,13.945770636312751,14.71510613061004,0.0,0.0,0.0
184.78229287462725,13.95417211751521,14.716887215816813,0.0,0.0,0.0
184.77808173319414,13.962573526220115,14.718668301023586,0.0,0.0,0.0
184.77387028454913,13.970974862376954,14.720449386230356,0.0,0.0,0.0
184.76965852848022,13.979376125934955,14.722230471437129,0.0,0.0,0.0
184.7654464647754,13.987777316843571,14.724011556643898,0.0,0.0,0.0
184.7612340932226,13.99617843505203,14.725792641850672,0.0,0.0,0.0
184.7570214136097,14.004579480509744,14.727573727057443,0.0,0.0,0.0
184.75280842572445,14.012980453165914,14.729354812264214,0.0,0.0,0.0
184.7485951293547,14.021381352969927,14.731135897470985,0.0,0.0,0.0
184.74438152428812,14.029782179870962,14.732916982677757,0.0,0.0,0.0
184.74016761031234,14.038182933818373,14.734698067884528,0.0,0.0,0.0
184.73595338721506,14.046583614761316,14.736479153091297,0.0,0.0,0.0
184.73173885478377,14.054984222649122,14.738260238298071,0.0,0.0,0.0
184.72752401280607,14.063384757430905,14.740041323504846,0.0,0.0,0.0
184.72330886106934,14.07178521905599,14.741822408711617,0.0,0.0,0.0
184.71909339936107,14.080185607473453,14.743603493918384,0.0,0.0,0.0
184.71487762746852,14.088585922632587,14.745384579125162,0.0,0.0,0.0
184.7106615451791,14.096986164482463,14.74716566433193,0.0,0.0,0.0
184.70644515228003,14.105386332972323,14.748946749538703,0.0,0.0,0.0
184.70222844855854,14.11378642805122,14.750727834745476,0.0,0.0,0.0
184.69801143380175,14.122186449668382,14.752508919952247,0.0,0.0,0.0
184.69379410779678,14.130586397772811,14.754290005159017,0.0,0.0,0.0
184.6895764703307,14.138986272313725,14.75607109036579,0.0,0.0,0.0
184.68535852119052,14.1473860732401,14.757852175572562,0.0,0.0,0.0
184.68114026016318,14.15578580050111,14.759633260779331,0.0,0.0,0.0
