galstreams/tracks/track.st.Ylgr.ibata2021.ecsv
# %ECSV 0.9
# ---
# datatype:
# - {name: ra, unit: deg, datatype: float64}
# - {name: dec, unit: deg, datatype: float64}
# - {name: distance, unit: kpc, datatype: float64}
# - {name: pm_ra_cosdec, unit: mas / yr, datatype: float64}
# - {name: pm_dec, unit: mas / yr, datatype: float64}
# - {name: radial_velocity, unit: km / s, datatype: float64}
# delimiter: ','
# meta: !!omap
# - __serialized_columns__:
#     dec:
#       __class__: astropy.coordinates.angles.Latitude
#       unit: &id001 !astropy.units.Unit {unit: deg}
#       value: !astropy.table.SerializedColumn {name: dec}
#     distance:
#       __class__: astropy.coordinates.distances.Distance
#       unit: !astropy.units.Unit {unit: kpc}
#       value: !astropy.table.SerializedColumn {name: distance}
#     pm_dec:
#       __class__: astropy.units.quantity.Quantity
#       unit: !astropy.units.Unit {unit: mas / yr}
#       value: !astropy.table.SerializedColumn {name: pm_dec}
#     pm_ra_cosdec:
#       __class__: astropy.units.quantity.Quantity
#       unit: !astropy.units.Unit {unit: mas / yr}
#       value: !astropy.table.SerializedColumn {name: pm_ra_cosdec}
#     ra:
#       __class__: astropy.coordinates.angles.Longitude
#       unit: *id001
#       value: !astropy.table.SerializedColumn {name: ra}
#       wrap_angle: !astropy.coordinates.Angle
#         unit: *id001
#         value: 360.0
#     radial_velocity:
#       __class__: astropy.units.quantity.Quantity
#       unit: !astropy.units.Unit {unit: km / s}
#       value: !astropy.table.SerializedColumn {name: radial_velocity}
# schema: astropy-2.0
ra,dec,distance,pm_ra_cosdec,pm_dec,radial_velocity
[from data line 1212]
168.4572552352198,-8.85068853810645,7.62209321904868,-0.3419114665533103,-10.25845326725289,-6.73661370389787e-14
168.4611215761162,-8.85993519700027,7.6225850290960055,-0.3417416659533557,-10.25653393397366,-2.5262301389617013e-14
168.46498838432836,-8.869181714263288,7.6230802397698865,-0.34157216550870545,-10.254613659389534,-2.020984111169361e-13
168.4688556588422,-8.878428090310937,7.623578850957712,-0.34140296543709364,-10.252692446083838,-1.5999457546757442e-13
168.47272339864386,-8.88767432555871,7.624080862536185,-0.3412340659550106,-10.250770296637688,-1.6841534259744676e-14
168.47659160271988,-8.896920420421836,7.62458627437135,-0.34106546727771686,-10.248847213629954,-6.73661370389787e-14
168.48046027005682,-8.906166375315479,7.625095086318569,-0.34089716961923333,-10.24692319963737,-2.2736071250655313e-13
168.4843293996417,-8.915412190654859,7.625607298222566,-0.3407291731923433,-10.244998257234405,-5.0524602779234026e-14
168.48819899046154,-8.924657866855009,7.6261229099174175,-0.3405614782086015,-10.243072388993342,-2.2736071250655313e-13
168.49206904150387,-8.933903404330797,7.626641921226585,-0.34039408487832123,-10.241145597484248,-1.768361097273191e-13
168.4959395517563,-8.943148803497225,7.627164331962907,-0.3402269934105898,-10.239217885274995,-9.262843842859572e-14
168.49981052020667,-8.952394064768951,7.627690141928615,-0.3400602040132585,-10.237289254931238,-8.420767129872338e-14
168.50368194584323,-8.961639188560808,7.628219350915351,-0.33989371689295234,-10.23535970901643,-9.262843842859572e-14
168.50755382765428,-8.970884175287365,7.628751958704171,-0.3397275322550649,-10.233429250091831,-1.6841534259744676e-14
168.51142616462846,-8.980129025363082,7.629287965065573,-0.33956165030376334,-10.23149788071647,8.420767129872338e-15
168.51529895575473,-8.989373739202517,7.629827369759478,-0.3393960712419865,-10.229565603447213,-4.210383564936169e-14
168.51917220002218,-8.99861831721997,7.630370172535284,-0.33923079527144695,-10.227632420838663,-1.8525687685719145e-13
168.5230458964202,-9.007862759829676,7.630916373131824,-0.33906582259263335,-10.225698335443298,-1.0104920555846805e-13
168.5269200439385,-9.017107067445899,7.631465971277439,-0.3389011534048078,-10.2237633498113,-5.0524602779234026e-14
168.53079464156696,-9.026351240482693,7.6320189666899285,-0.33873678790601447,-10.221827466490753,-2.1893994537668078e-13
168.53466968829562,-9.035595279354022,7.632575359076608,-0.3385727262930787,-10.219890688027464,8.420767129872338e-15
168.53854518311508,-9.044839184473902,7.633135148134306,-0.338408968761588,-10.21795301696504,-1.347322740779574e-13
168.54242112501592,-9.054082956256101,7.633698333549357,-0.33824551550593,-10.216014455844954,-6.73661370389787e-14
168.54629751298899,-9.06332659511434,7.634264914997648,-0.33808236671926245,-10.21407500720639,-2.1051917824680845e-13
168.5501743460256,-9.072570101462336,7.6348348921445925,-0.3379195225935311,-10.212134673586403,-1.768361097273191e-13
168.55405162311718,-9.081813475713634,7.6354082646451795,-0.3377569833194658,-10.210193457519807,-1.768361097273191e-13
168.55792934325535,-9.091056718281624,7.635985032143943,-0.3375947490865727,-10.208251361539286,0.0
168.56180750543214,-9.100299829579823,7.636565194275023,-0.3374328200831539,-10.206308388175202,-1.4315304120782974e-13
168.56568610863974,-9.109542810021473,7.637148750662137,-0.3372711964962935,-10.204364539955819,-1.347322740779574e-13
168.5695651518707,-9.118785660019698,7.637735700918599,-0.3371098785118629,-10.20241981940718,-2.3578147963642546e-13
168.57344463411778,-9.128028379987725,7.638326044647338,-0.3369488663145251,-10.20047422905314,-1.515738083377021e-13
168.57732455437394,-9.137270970338534,7.638919781440933,-0.3367881600877284,-10.198527771415321,-9.262843842859572e-14
168.58120491163245,-9.146513431484992,7.639516910881567,-0.3366277600137211,-10.196580449013178,-6.73661370389787e-14
168.58508570488698,-9.155755763840038,7.640117432541083,-0.3364676662735339,-10.194632264363998,5.0524602779234026e-14
168.58896693313125,-9.164997967816383,7.640721345980997,-0.3363078790469948,-10.192683219982808,-9.262843842859572e-14
168.59284859535933,-9.174240043826602,7.641328650752474,-0.33614839851273076,-10.190733318382502,-6.73661370389787e-14
168.59673069056572,-9.18348199228338,7.641939346396387,-0.3359892248481527,-10.188782562073715,-6.73661370389787e-14
168.6006132177449,-9.192723813599136,7.642553432443284,-0.33583035822948104,-10.18683095356497,-1.0946997268834039e-13
168.60449617589182,-9.201965508186174,7.643170908413426,-0.33567179883172277,-10.184878495362533,-1.347322740779574e-13
168.60837956400172,-9.211207076456887,7.643791773816786,-0.3355135468286907,-10.182925189970529,-3.368306851948935e-14
168.61226338106997,-9.220448518823419,7.644416028153086,-0.3353556023929968,-10.180971039890808,-1.8525687685719145e-13
168.61614762609233,-9.2296898356978,7.645043670911753,-0.3351979656960461,-10.179016047623147,-3.368306851948935e-14
168.62003229806473,-9.23893102749214,7.645674701572007,-0.33504063690805985,-10.17706021566501,1.6841534259744676e-14
168.62391739598354,-9.248172094618287,7.646309119602803,-0.334883616198044,-10.175103546511771,-2.1893994537668078e-13
168.62780291884522,-9.257413037488005,7.646946924462869,-0.33472690373382497,-10.173146042656576,-1.0104920555846805e-13
168.63168886564668,-9.266653856513107,7.64758811560075,-0.3345704996820223,-10.171187706590336,-7.578690416885104e-14
168.635575235385,-9.275894552105154,7.648232692454748,-0.33441440420806634,-10.169228540801873,-1.1789073981821273e-13
168.6394620270575,-9.285135124675643,7.648880654453009,-0.33425861747619895,-10.167268547777727,2.5262301389617013e-14
168.64334923966192,-9.294375574636074,7.649532001013484,-0.33410313964946525,-10.165307730002294,4.210383564936169e-14
168.6472368721962,-9.303615902397738,7.650186731543952,-0.33394797088971645,-10.163346089957777,2.5262301389617013e-14
168.65112492365853,-9.31285610837183,7.650844845442051,-0.3337931113576204,-10.161383630124195,-1.0104920555846805e-13
168.65501339304748,-9.322096192969568,7.6515063420952645,-0.3336385612126562,-10.159420352979371,-9.262843842859572e-14
168.65890227936177,-9.331336156601964,7.652171220880941,-0.3334843206131066,-10.15745626099896,-2.8630608241565947e-13
168.66279158160054,-9.34057599967988,7.652839481166312,-0.3333303897160819,-10.155491356656414,-1.4315304120782974e-13
168.66668129876314,-9.349815722614299,7.653511122308497,-0.3331767686774941,-10.153525642423013,3.368306851948935e-14
168.67057142984925,-9.359055325815879,7.65418614365452,-0.333023457652081,-10.15155912076784,-1.8525687685719145e-13
168.67446197385877,-9.368294809695254,7.65486454454132,-0.3328704567933904,-10.14959179415779,-1.1789073981821273e-13
168.67835292979197,-9.377534174663053,7.655546324295754,-0.3327177662537911,-10.147623665057592,-2.442022467662978e-13
168.68224429664932,-9.386773421129632,7.656231482234616,-0.3325653861844687,-10.145654735929792,-1.8525687685719145e-13
168.68613607343173,-9.396012549505432,7.656920017664642,-0.3324133167354296,-10.143685009234765,-1.768361097273191e-13
168.6900282591402,-9.405251560200686,7.657611929882549,-0.33226155805550406,-10.141714487430644,-2.5262301389617013e-14
168.6939208527762,-9.414490453625454,7.658307218174997,-0.33211011029234033,-10.139743172973448,0.0
168.6978138533414,-9.423729230189913,7.65900588181865,-0.3319589735924151,-10.13777106831697,-1.6841534259744676e-14
168.70170725983775,-9.432967890303964,7.6597079200801526,-0.33180814810102205,-10.135798175912853,-1.1789073981821273e-13
168.70560107126755,-9.442206434377399,7.660413332216151,-0.33165763396228803,-10.133824498210572,-1.9367764398706378e-13
168.7094952866334,-9.45144486282009,7.661122117473319,-0.3315074313191573,-10.131850037657376,8.420767129872338e-15
168.71338990493817,-9.460683176041604,7.66183427508836,-0.33135754031341236,-10.129874796698363,1.6841534259744676e-14
168.717284925185,-9.469921374451445,7.662549804288004,-0.3312079610856577,-10.127898777776432,-1.515738083377021e-13
168.72118034637737,-9.47915945845919,7.66326870428904,-0.3310586937753246,-10.12592198333234,-1.768361097273191e-13
168.72507616751906,-9.488397428474098,7.663990974298318,-0.3309097385206835,-10.123944415804646,-1.347322740779574e-13
168.72897238761414,-9.49763528490536,7.664716613512765,-0.3307610954588342,-10.121966077629718,-2.5262301389617017e-13
168.732869005667,-9.506873028162246,7.665445621119382,-0.33061276472570056,-10.11998697124179,8.420767129872338e-15
168.73676602068227,-9.516110658653714,7.666177996295291,-0.33046474645605334,-10.118007099072846,-3.368306851948935e-14
168.74066343166498,-9.525348176788635,7.6669137382076915,-0.33031704078349217,-10.116026463552778,-1.8525687685719145e-13
168.7445612376204,-9.534585582975957,7.667652846013924,-0.33016964784044833,-10.114045067109268,-1.1789073981821273e-13
168.7484594375541,-9.543822877624356,7.66839531886146,-0.3300225677582,-10.112062912167787,-6.73661370389787e-14
168.75235803047195,-9.5530600611424,7.669141155887906,-0.32987580066685573,-10.110080001151683,-1.8525687685719145e-13
168.7562570153802,-9.5622971339387,7.669890356221017,-0.32972934669536946,-10.108096336482117,-1.6841534259744677e-13
168.76015639128536,-9.571534096421617,7.670642918978737,-0.32958320597153123,-10.106111920578055,-2.1893994537668078e-13
168.7640561571942,-9.580770948999406,7.671398843269158,-0.32943737862197225,-10.104126755856344,-1.0946997268834039e-13
168.76795631211397,-9.590007692080357,7.672158128190598,-0.3292918647721678,-10.102140844731556,-2.3578147963642546e-13
168.77185685505196,-9.599244326072542,7.672920772831526,-0.3291466645464401,-10.100154189616234,2.5262301389617013e-14
168.775757785016,-9.60848085138387,7.673686776270673,-0.32900177806795394,-10.098166792920612,-6.73661370389787e-14
168.77965910101418,-9.617717268422343,7.67445613757696,-0.3288572054587136,-10.096178657052846,-2.3578147963642546e-13
168.78356080205484,-9.626953577595682,7.675228855809549,-0.32871294683957925,-10.094189784418882,-1.768361097273191e-13
168.78746288714666,-9.636189779311497,7.676004930017869,-0.32856900233025743,-10.092200177422493,-8.420767129872338e-15
168.7913653552987,-9.645425873977464,7.676784359241581,-0.32842537204929567,-10.090209838465313,1.6841534259744676e-14
168.79526820552027,-9.654661862000976,7.677567142510626,-0.3282820561141022,-10.088218769946764,-8.420767129872338e-15
168.79917143682096,-9.663897743789335,7.678353278845223,-0.3281390546409353,-10.08622697426414,2.5262301389617013e-14
168.80307504821081,-9.673133519749872,7.679142767255897,-0.3279963677448974,-10.084234453812536,-1.0104920555846805e-13
168.80697903870006,-9.682369190289695,7.679935606743447,-0.3278539955399469,-10.082241210984913,5.0524602779234026e-14
168.81088340729931,-9.691604755815732,7.680731796299032,-0.32771193813890637,-10.080247248172014,-5.894536990910637e-14
168.81478815301955,-9.700840216735022,7.68153133490409,-0.32757019565344003,-10.078252567762476,8.420767129872338e-15
168.8186932748719,-9.710075573454333,7.6823342215304296,-0.32742876819408256,-10.076257172142721,-2.2736071250655313e-13
168.82259877186803,-9.719310826380276,7.683140455140195,-0.3272876558702094,-10.074261063697037,-2.1893994537668078e-13
168.82650464301977,-9.728545975919557,7.683950034685899,-0.3271468587900742,-10.07226424480753,-2.5262301389617013e-14
168.83041088733944,-9.737781022478591,7.684762959110427,-0.32700637706077273,-10.070266717854135,-1.6841534259744677e-13
168.83431750383946,-9.747015966463696,7.6855792273470325,-0.3268662107882754,-10.068268485214672,-6.73661370389787e-14
168.83822449153274,-9.756250808281239,7.686398838319398,-0.3267263600774088,-10.066269549264698,8.420767129872338e-15
168.84213184943255,-9.765485548337285,7.687221790941581,-0.32658682503186137,-10.064269912377718,-6.73661370389787e-14
168.8460395765523,-9.774720187037834,7.688048084118081,-0.32644760575418624,-10.06226957692499,-1.1789073981821273e-13
168.84994767190597,-9.783954724788899,7.688877716743798,-0.3263087023458022,-10.060268545275688,-5.894536990910637e-14
168.85385613450765,-9.793189161996239,7.689710687704121,-0.3261701149069969,-10.058266819796723,-5.0524602779234026e-14
168.85776496337186,-9.802423499065496,7.690546995874847,-0.3260318435369238,-10.056264402852934,1.6841534259744676e-14
168.86167415751353,-9.811657736402358,7.691386640122254,-0.3258938883336048,-10.054261296806976,4.210383564936169e-14
168.86558371594776,-9.820891874412261,7.6922296193031166,-0.32575624939392867,-10.052257504019293,-1.515738083377021e-13
168.86949363769014,-9.83012591350048,7.693075932264657,-0.32561892681366345,-10.050253026848257,-1.347322740779574e-13
168.87340392175648,-9.839359854072375,7.6939255778446345,-0.32548192068743326,-10.04824786765,-6.73661370389787e-14
168.87731456716295,-9.848593696533031,7.694778554871293,-0.3253452311087535,-10.04624202877856,-1.0104920555846805e-13
168.88122557292616,-9.857827441287409,7.69563486216342,-0.3252088581699996,-10.044235512585752,-1.0946997268834039e-13
168.88513693806286,-9.867061088740517,7.6964944985303125,-0.3250728019624314,-10.042228321421302,-8.420767129872338e-14
168.88904866159035,-9.87629463929709,7.697357462771844,-0.32493706257617805,-10.040220457632689,-1.1789073981821273e-13
168.89296074252613,-9.88552809336174,7.698223753678412,-0.3248016401002497,-10.038211923565338,1.6841534259744676e-14
168.89687317988808,-9.894761451339145,7.699093370030999,-0.3246665346225333,-10.036202721562459,-1.1789073981821273e-13
168.90078597269445,-9.903994713633688,7.69996631060118,-0.3245317462297939,-10.034192853965099,0.0
168.90469911996382,-9.913227880649627,7.700842574151089,-0.3243972750076837,-10.032182323112181,-5.0524602779234026e-14
168.90861262071502,-9.922460952791317,7.701722159433498,-0.32426312104072524,-10.030171131340435,6.73661370389787e-14
168.91252647396743,-9.93169393046271,7.702605065191774,-0.32412928441233557,-10.028159280984465,-1.0946997268834039e-13
168.91644067874054,-9.940926814067913,7.703491290159897,-0.32399576520480616,-10.026146774376732,0.0
168.92035523405437,-9.950159604010723,7.704380833062522,-0.323862563499317,-10.024133613847496,-2.1893994537668078e-13
168.9242701389292,-9.959392300694825,7.7052736926149095,-0.3237296793759368,-10.022119801724935,-8.420767129872338e-14
168.92818539238564,-9.968624904523974,7.70616986752303,-0.32359711291361065,-10.020105340334968,-1.6841534259744677e-13
168.93210099344475,-9.977857415901607,7.707069356483466,-0.32346486419019277,-10.018090232001493,-1.4315304120782974e-13
168.93601694112783,-9.987089835231046,7.707972158183528,-0.3233329332823984,-10.016074479046154,-1.0946997268834039e-13
168.93993323445656,-9.996322162915718,7.708878271301207,-0.32320132026586,-10.014058083788491,-5.0524602779234026e-14
168.94384987245303,-10.005554399358687,7.709787694505211,-0.32307002521508255,-10.01204104854585,-9.262843842859572e-14
168.9477668541396,-10.014786544962938,7.710700426454949,-0.32293904820347197,-10.010023375633486,-1.0104920555846805e-13
168.95168417853907,-10.024018600131496,7.711616465800564,-0.32280838930332534,-10.00800506736446,-8.420767129872338e-15
168.9556018446745,-10.033250565267105,7.712535811182945,-0.3226780485858333,-10.005986126049716,-2.3578147963642546e-13
168.95951985156938,-10.042482440772396,7.713458461233739,-0.32254802612108846,-10.003966553997993,-1.515738083377021e-13
168.96343819824753,-10.051714227050011,7.714384414575323,-0.3224183219780728,-10.001946353515981,-3.368306851948935e-14
168.96735688373312,-10.060945924502354,7.715313669820915,-0.3222889362246684,-9.99992552690808,-2.020984111169361e-13
168.9712759070507,-10.070177533531671,7.7162462255744435,-0.32215986892765547,-9.997904076476697,-1.347322740779574e-13
168.9751952672252,-10.07940905454026,7.717182080430685,-0.3220311201527214,-9.995882004521981,-1.0104920555846805e-13
