galstreams/tracks/track.st.Eridanus.myeong2017.ecsv
# %ECSV 1.0
# ---
# datatype:
# - {name: ra, unit: deg, datatype: float64}
# - {name: dec, unit: deg, datatype: float64}
# - {name: distance, unit: kpc, datatype: float64}
# - {name: pm_ra_cosdec, unit: mas / yr, datatype: float64}
# - {name: pm_dec, unit: mas / yr, datatype: float64}
# - {name: radial_velocity, unit: km / s, datatype: float64}
# delimiter: ','
# meta: !!omap
# - __serialized_columns__:
#     dec:
#       __class__: astropy.coordinates.angles.Latitude
#       unit: &id001 !astropy.units.Unit {unit: deg}
#       value: !astropy.table.SerializedColumn {name: dec}
#     distance:
#       __class__: astropy.coordinates.distances.Distance
#       unit: !astropy.units.Unit {unit: kpc}
#       value: !astropy.table.SerializedColumn {name: distance}
#     pm_dec:
#       __class__: astropy.units.quantity.Quantity
#       unit: !astropy.units.Unit {unit: mas / yr}
#       value: !astropy.table.SerializedColumn {name: pm_dec}
#     pm_ra_cosdec:
#       __class__: astropy.units.quantity.Quantity
#       unit: !astropy.units.Unit {unit: mas / yr}
#       value: !astropy.table.SerializedColumn {name: pm_ra_cosdec}
#     ra:
#       __class__: astropy.coordinates.angles.Longitude
#       unit: *id001
#       value: !astropy.table.SerializedColumn {name: ra}
#       wrap_angle: !astropy.coordinates.Angle
#         unit: *id001
#         value: 360.0
#     radial_velocity:
#       __class__: astropy.units.quantity.Quantity
#       unit: !astropy.units.Unit {unit: km / s}
#       value: !astropy.table.SerializedColumn {name: radial_velocity}
# schema: astropy-2.0
ra,dec,distance,pm_ra_cosdec,pm_dec,radial_velocity
65.97858431221825,-21.416713332935693,95.0000000000001,0.0,0.0,0.0
65.98559952923922,-21.408918151552125,95.00000000000011,0.0,0.0,0.0
65.99261458442356,-21.401123137681655,95.00000000000009,0.0,0.0,0.0
65.99962947809452,-21.39332829139854,95.00000000000009,0.0,0.0,0.0
66.0066442105751,-21.385533612777248,95.00000000000007,0.0,0.0,0.0
66.01365878218843,-21.377739101892075,95.00000000000007,0.0,0.0,0.0
66.02067319325738,-21.36994475881749,95.00000000000007,0.0,0.0,0.0
66.0276874441049,-21.362150583627805,95.00000000000006,0.0,0.0,0.0
66.03470153505377,-21.354356576397468,95.00000000000006,0.0,0.0,0.0
66.04171546642672,-21.346562737200937,95.00000000000007,0.0,0.0,0.0
66.04872923854644,-21.338769066112526,95.00000000000007,0.0,0.0,0.0
66.0557428517355,-21.330975563206767,95.00000000000006,0.0,0.0,0.0
66.06275630631649,-21.323182228557993,95.00000000000004,0.0,0.0,0.0
66.0697696026118,-21.315389062240726,95.00000000000004,0.0,0.0,0.0
66.07678274094387,-21.307596064329335,95.00000000000004,0.0,0.0,0.0
66.083795721635,-21.29980323489831,95.00000000000004,0.0,0.0,0.0
66.09080854500738,-21.292010574022164,95.00000000000001,0.0,0.0,0.0
66.09782121138329,-21.284218081775272,95.00000000000003,0.0,0.0,0.0
66.10483372108474,-21.276425758232197,95.00000000000004,0.0,0.0,0.0
66.11184607443386,-21.268633603467336,95.00000000000001,0.0,0.0,0.0
66.1188582717525,-21.260841617555265,95.00000000000001,0.0,0.0,0.0
66.12587031336268,-21.253049800570402,95.00000000000001,0.0,0.0,0.0
66.13288219958613,-21.245258152587287,95.00000000000001,0.0,0.0,0.0
66.13989393074462,-21.237466673680494,95.00000000000001,0.0,0.0,0.0
66.14690550715989,-21.229675363924436,95.00000000000001,0.0,0.0,0.0
66.15391692915347,-21.221884223393733,95.00000000000003,0.0,0.0,0.0
66.16092819704697,-21.21409325216285,95.00000000000001,0.0,0.0,0.0
66.16793931116182,-21.206302450306403,95.00000000000001,0.0,0.0,0.0
66.17495027181947,-21.198511817898865,95.00000000000001,0.0,0.0,0.0
66.1819610793412,-21.19072135501487,95.00000000000001,0.0,0.0,0.0
66.18897173404835,-21.182931061728908,95.00000000000001,0.0,0.0,0.0
66.19598223626203,-21.175140938115625,95.0,0.0,0.0,0.0
66.20299258630342,-21.167350984249577,95.00000000000001,0.0,0.0,0.0
66.21000278449357,-21.15956120020534,95.00000000000001,0.0,0.0,0.0
66.21701283115344,-21.15177158605753,95.0,0.0,0.0,0.0
66.22402272660396,-21.143982141880752,95.00000000000001,0.0,0.0,0.0
66.23103247116599,-21.136192867749617,95.00000000000001,0.0,0.0,0.0
66.23804206516029,-21.128403763738742,95.00000000000001,0.0,0.0,0.0
66.24505150890758,-21.12061482992277,95.00000000000001,0.0,0.0,0.0
66.25206080272851,-21.112826066376325,95.00000000000003,0.0,0.0,0.0
66.25906994694361,-21.105037473174065,95.00000000000003,0.0,0.0,0.0
66.26607894187342,-21.097249050390637,95.00000000000001,0.0,0.0,0.0
66.27308778783836,-21.089460798100706,95.00000000000003,0.0,0.0,0.0
66.2800964851588,-21.08167271637895,95.00000000000003,0.0,0.0,0.0
66.287105034155,-21.073884805300025,95.00000000000003,0.0,0.0,0.0
66.29411343514722,-21.066097064938642,95.00000000000004,0.0,0.0,0.0
66.30112168845561,-21.058309495369485,95.00000000000004,0.0,0.0,0.0
66.30812979440026,-21.050522096667258,95.00000000000006,0.0,0.0,0.0
66.31513775330117,-21.042734868906674,95.00000000000004,0.0,0.0,0.0
66.32214556547831,-21.034947812162446,95.00000000000006,0.0,0.0,0.0
66.32915323125155,-21.027160926509314,95.00000000000007,0.0,0.0,0.0
66.3361607509407,-21.019374212021997,95.00000000000004,0.0,0.0,0.0
66.34316812486551,-21.011587668775267,95.00000000000007,0.0,0.0,0.0
66.35017535334566,-21.003801296843843,95.00000000000007,0.0,0.0,0.0
66.35718243670077,-20.996015096302507,95.00000000000007,0.0,0.0,0.0
66.36418937525033,-20.988229067226026,95.0000000000001,0.0,0.0,0.0
66.37119616931385,-20.980443209689174,95.0000000000001,0.0,0.0,0.0
66.37820281921073,-20.972657523766745,95.00000000000009,0.0,0.0,0.0
66.38520932526029,-20.964872009533526,95.0000000000001,0.0,0.0,0.0
66.39221568778181,-20.95708666706432,95.0000000000001,0.0,0.0,0.0
