galstreams/tracks/track.po.20.0-1.mateu2018.ecsv
# %ECSV 1.0
# ---
# datatype:
# - {name: ra, unit: deg, datatype: float64}
# - {name: dec, unit: deg, datatype: float64}
# - {name: distance, unit: kpc, datatype: float64}
# - {name: pm_ra_cosdec, unit: mas / yr, datatype: float64}
# - {name: pm_dec, unit: mas / yr, datatype: float64}
# - {name: radial_velocity, unit: km / s, datatype: float64}
# delimiter: ','
# meta: !!omap
# - __serialized_columns__:
#     dec:
#       __class__: astropy.coordinates.angles.Latitude
#       unit: &id001 !astropy.units.Unit {unit: deg}
#       value: !astropy.table.SerializedColumn {name: dec}
#     distance:
#       __class__: astropy.coordinates.distances.Distance
#       unit: !astropy.units.Unit {unit: kpc}
#       value: !astropy.table.SerializedColumn {name: distance}
#     pm_dec:
#       __class__: astropy.units.quantity.Quantity
#       unit: !astropy.units.Unit {unit: mas / yr}
#       value: !astropy.table.SerializedColumn {name: pm_dec}
#     pm_ra_cosdec:
#       __class__: astropy.units.quantity.Quantity
#       unit: !astropy.units.Unit {unit: mas / yr}
#       value: !astropy.table.SerializedColumn {name: pm_ra_cosdec}
#     ra:
#       __class__: astropy.coordinates.angles.Longitude
#       unit: *id001
#       value: !astropy.table.SerializedColumn {name: ra}
#       wrap_angle: !astropy.coordinates.Angle
#         unit: *id001
#         value: 360.0
#     radial_velocity:
#       __class__: astropy.units.quantity.Quantity
#       unit: !astropy.units.Unit {unit: km / s}
#       value: !astropy.table.SerializedColumn {name: radial_velocity}
# schema: astropy-2.0
ra,dec,distance,pm_ra_cosdec,pm_dec,radial_velocity
[from data line 2342]
302.2878157250891,-26.282712725833736,26.44079481927681,0.0,0.0,0.0
302.29550630865197,-26.27546365649219,26.439949400889457,0.0,0.0,0.0
302.3031957081152,-26.268213981464225,26.439103730323016,0.0,0.0,0.0
302.31088392384595,-26.260963700960904,26.438257807620815,0.0,0.0,0.0
302.31857095621143,-26.25371281519323,26.437411632826137,0.0,0.0,0.0
302.32625680557885,-26.2464613243721,26.43656520598232,0.0,0.0,0.0
302.3339414723152,-26.239209228708344,26.435718527132682,0.0,0.0,0.0
302.3416249567875,-26.231956528412713,26.43487159632059,0.0,0.0,0.0
302.3493072593628,-26.224703223695865,26.43402441358939,0.0,0.0,0.0
302.3569883804079,-26.217449314768395,26.433176978982456,0.0,0.0,0.0
302.3646683202899,-26.210194801840824,26.432329292543166,0.0,0.0,0.0
302.3723470793755,-26.202939685123567,26.43148135431492,0.0,0.0,0.0
302.3800246580315,-26.195683964826983,26.43063316434112,0.0,0.0,0.0
302.3877010566247,-26.188427641161343,26.429784722665193,0.0,0.0,0.0
302.3953762755217,-26.181170714336844,26.42893602933056,0.0,0.0,0.0
302.40305031508916,-26.17391318456359,26.428087084380675,0.0,0.0,0.0
302.41072317569376,-26.16665505205162,26.427237887858983,0.0,0.0,0.0
302.4183948577019,-26.159396317010895,26.42638843980896,0.0,0.0,0.0
302.4260653614802,-26.15213697965128,26.425538740274074,0.0,0.0,0.0
302.4337346873951,-26.14487704018258,26.42468878929783,0.0,0.0,0.0
302.4414028358129,-26.13761649881451,26.42383858692373,0.0,0.0,0.0
302.44906980710005,-26.13035535575671,26.42298813319528,0.0,0.0,0.0
302.4567356016227,-26.12309361121873,26.422137428156013,0.0,0.0,0.0
302.46440021974735,-26.115831265410083,26.421286471849474,0.0,0.0,0.0
302.47206366183997,-26.108568318540122,26.42043526431922,0.0,0.0,0.0
302.47972592826676,-26.101304770818214,26.419583805608795,0.0,0.0,0.0
302.48738701939396,-26.094040622453576,26.418732095761797,0.0,0.0,0.0
302.4950469355874,-26.08677587365539,26.417880134821797,0.0,0.0,0.0
302.50270567721327,-26.07951052463273,26.41702792283241,0.0,0.0,0.0
302.5103632446374,-26.072244575594606,26.416175459837238,0.0,0.0,0.0
302.51801963822584,-26.064978026749944,26.415322745879916,0.0,0.0,0.0
302.52567485834425,-26.057710878307603,26.41446978100408,0.0,0.0,0.0
302.5333289053586,-26.050443130476353,26.413616565253374,0.0,0.0,0.0
302.5409817796345,-26.043174783464877,26.412763098671455,0.0,0.0,0.0
302.54863348153776,-26.035905837481803,26.411909381302006,0.0,0.0,0.0
302.556284011434,-26.028636292735644,26.41105541318871,0.0,0.0,0.0
302.56393336968887,-26.02136614943488,26.410201194375258,0.0,0.0,0.0
302.57158155666787,-26.014095407787877,26.40934672490536,0.0,0.0,0.0
302.5792285727365,-26.00682406800294,26.40849200482275,0.0,0.0,0.0
302.5868744182603,-25.999552130288272,26.407637034171145,0.0,0.0,0.0
302.59451909360456,-25.992279594852043,26.4067818129943,0.0,0.0,0.0
302.6021625991347,-25.98500646190229,26.40592634133598,0.0,0.0,0.0
302.6098049352161,-25.977732731647016,26.40507061923994,0.0,0.0,0.0
302.6174461022139,-25.970458404294128,26.404214646749974,0.0,0.0,0.0
302.6250861004932,-25.963183480051445,26.403358423909864,0.0,0.0,0.0
302.63272493041944,-25.955907959126723,26.402501950763426,0.0,0.0,0.0
302.64036259235763,-25.94863184172763,26.40164522735448,0.0,0.0,0.0
302.6479990866727,-25.941355128061762,26.400788253726837,0.0,0.0,0.0
302.6556344137298,-25.93407781833663,26.39993102992436,0.0,0.0,0.0
302.6632685738938,-25.92679991275967,26.399073555990903,0.0,0.0,0.0
302.6709015675296,-25.919521411538256,26.39821583197032,0.0,0.0,0.0
302.67853339500215,-25.912242314879645,26.397357857906492,0.0,0.0,0.0
302.68616405667615,-25.904962622991057,26.396499633843312,0.0,0.0,0.0
302.6937935529164,-25.897682336079612,26.395641159824688,0.0,0.0,0.0
302.7014218840876,-25.890401454352347,26.39478243589453,0.0,0.0,0.0
302.70904905055454,-25.88311997801624,26.39392346209676,0.0,0.0,0.0
302.7166750526815,-25.875837907278175,26.393064238475326,0.0,0.0,0.0
302.7242998908334,-25.868555242344968,26.39220476507416,0.0,0.0,0.0
302.7319235653745,-25.861271983423347,26.39134504193725,0.0,0.0,0.0
302.73954607666934,-25.853988130719973,26.39048506910855,0.0,0.0,0.0
302.7471674250823,-25.84670368444142,26.389624846632056,0.0,0.0,0.0
302.7547876109777,-25.839418644794197,26.388764374551766,0.0,0.0,0.0
302.7624066347199,-25.83213301198471,26.387903652911696,0.0,0.0,0.0
302.77002449667316,-25.824846786219318,26.387042681755855,0.0,0.0,0.0
302.77764119720166,-25.817559967704277,26.386181461128285,0.0,0.0,0.0
302.7852567366695,-25.810272556645778,26.385319991073036,0.0,0.0,0.0
302.7928711154409,-25.80298455324993,26.384458271634163,0.0,0.0,0.0
302.80048433387975,-25.795695957722767,26.383596302855732,0.0,0.0,0.0
302.80809639235014,-25.78840677027026,26.38273408478184,0.0,0.0,0.0
302.81570729121603,-25.78111699109826,26.381871617456568,0.0,0.0,0.0
302.8233170308413,-25.773826620412578,26.381008900924034,0.0,0.0,0.0
302.8309256115897,-25.766535658418935,26.38014593522834,0.0,0.0,0.0
302.8385330338251,-25.759244105322985,26.37928272041363,0.0,0.0,0.0
302.84613929791135,-25.751951961330285,26.37841925652405,0.0,0.0,0.0
302.85374440421197,-25.744659226646323,26.377555543603737,0.0,0.0,0.0
302.86134835309065,-25.73736590147651,26.37669158169688,0.0,0.0,0.0
302.868951144911,-25.7300719860262,26.37582737084764,0.0,0.0,0.0
302.8765527800366,-25.722777480500618,26.374962911100216,0.0,0.0,0.0
302.88415325883085,-25.71548238510496,26.37409820249881,0.0,0.0,0.0
302.8917525816572,-25.708186700044337,26.373233245087636,0.0,0.0,0.0
302.8993507488791,-25.700890425523756,26.372368038910917,0.0,0.0,0.0
302.90694776085985,-25.69359356174817,26.371502584012894,0.0,0.0,0.0
302.9145436179627,-25.686296108922456,26.37063688043782,0.0,0.0,0.0
302.92213832055097,-25.6789980672514,26.369770928229958,0.0,0.0,0.0
302.9297318689877,-25.671699436939715,26.36890472743358,0.0,0.0,0.0
302.9373242636361,-25.664400218192043,26.36803827809297,0.0,0.0,0.0
302.9449155048593,-25.657100411212948,26.36717158025243,0.0,0.0,0.0
302.95250559302013,-25.649800016206903,26.36630463395627,0.0,0.0,0.0
302.9600945284818,-25.642499033378325,26.3654374392488,0.0,0.0,0.0
302.9676823116071,-25.635197462931536,26.36456999617439,0.0,0.0,0.0
302.97526894275893,-25.627895305070798,26.363702304777338,0.0,0.0,0.0
302.98285442230014,-25.620592560000276,26.36283436510204,0.0,0.0,0.0
302.99043875059346,-25.61328922792407,26.361966177192844,0.0,0.0,0.0
302.99802192800155,-25.605985309046194,26.36109774109415,0.0,0.0,0.0
303.0056039548872,-25.598680803570613,26.36022905685034,0.0,0.0,0.0
303.01318483161293,-25.591375711701176,26.359360124505816,0.0,0.0,0.0
303.0207645585413,-25.584070033641677,26.358490944104997,0.0,0.0,0.0
303.02834313603495,-25.576763769595836,26.35762151569233,0.0,0.0,0.0
303.03592056445615,-25.56945691976727,26.356751839312242,0.0,0.0,0.0
303.04349684416735,-25.562149484359562,26.355881915009178,0.0,0.0,0.0
303.051071975531,-25.55484146357618,26.355011742827628,0.0,0.0,0.0
303.0586459589093,-25.54753285762054,26.35414132281205,0.0,0.0,0.0
303.06621879466456,-25.54022366669596,26.353270655006938,0.0,0.0,0.0
303.073790483159,-25.5329138910057,26.3523997394568,0.0,0.0,0.0
303.0813610247547,-25.52560353075293,26.351528576206146,0.0,0.0,0.0
303.0889304198137,-25.518292586140753,26.350657165299488,0.0,0.0,0.0
303.09649866869825,-25.510981057372195,26.34978550678138,0.0,0.0,0.0
303.10406577177014,-25.503668944650194,26.348913600696367,0.0,0.0,0.0
303.1116317293914,-25.496356248177616,26.348041447089003,0.0,0.0,0.0
303.1191965419238,-25.48904296815726,26.347169046003874,0.0,0.0,0.0
303.12676020972935,-25.481729104791842,26.346296397485556,0.0,0.0,0.0
303.1343227331697,-25.474414658283997,26.345423501578637,0.0,0.0,0.0
303.1418841126067,-25.467099628836294,26.34455035832774,0.0,0.0,0.0
303.14944434840186,-25.459784016651216,26.34367696777748,0.0,0.0,0.0
303.1570034409169,-25.452467821931172,26.342803329972487,0.0,0.0,0.0
303.1645613905134,-25.445151044878493,26.34192944495741,0.0,0.0,0.0
303.17211819755283,-25.437833685695445,26.341055312776906,0.0,0.0,0.0
303.1796738623967,-25.430515744584202,26.340180933475636,0.0,0.0,0.0
303.1872283854065,-25.423197221746864,26.339306307098283,0.0,0.0,0.0
303.19478176694344,-25.415878117385468,26.33843143368954,0.0,0.0,0.0
303.2023340073689,-25.408558431701955,26.337556313294105,0.0,0.0,0.0
303.2098851070441,-25.401238164898217,26.33668094595671,0.0,0.0,0.0
303.21743506633027,-25.393917317176047,26.33580533172206,0.0,0.0,0.0
303.2249838855886,-25.386595888737155,26.334929470634915,0.0,0.0,0.0
303.2325315651801,-25.379273879783206,26.334053362740008,0.0,0.0,0.0
303.24007810546595,-25.371951290515764,26.333177008082103,0.0,0.0,0.0
303.247623506807,-25.364628121136327,26.332300406705986,0.0,0.0,0.0
303.25516776956425,-25.3573043718463,26.331423558656443,0.0,0.0,0.0
303.26271089409863,-25.349980042847047,26.330546463978266,0.0,0.0,0.0
303.27025288077095,-25.342655134339818,26.32966912271627,0.0,0.0,0.0
303.27779372994195,-25.335329646525803,26.328791534915275,0.0,0.0,0.0
303.2853334419724,-25.32800357960613,26.32791370062012,0.0,0.0,0.0
303.29287201722303,-25.32067693378184,26.327035619875634,0.0,0.0,0.0
303.30040945605424,-25.313349709253878,26.32615729272669,0.0,0.0,0.0
303.3079457588269,-25.306021906223137,26.32527871921816,0.0,0.0,0.0
303.31548092590134,-25.298693524890435,26.324399899394923,0.0,0.0,0.0
303.3230149576381,-25.291364565456504,26.323520833301863,0.0,0.0,0.0
303.3305478543976,-25.284035028122005,26.322641520983893,0.0,0.0,0.0
303.33807961654014,-25.27670491308752,26.321761962485933,0.0,0.0,0.0
303.34561024442604,-25.26937422055355,26.320882157852907,0.0,0.0,0.0
303.35313973841556,-25.262042950720545,26.320002107129746,0.0,0.0,0.0
303.36066809886887,-25.254711103788846,26.319121810361427,0.0,0.0,0.0
303.36819532614624,-25.247378679958743,26.318241267592896,0.0,0.0,0.0
303.37572142060765,-25.240045679430438,26.317360478869126,0.0,0.0,0.0
303.38324638261315,-25.232712102404054,26.316479444235114,0.0,0.0,0.0
303.3907702125228,-25.225377949079665,26.31559816373586,0.0,0.0,0.0
303.39829291069645,-25.218043219657226,26.31471663741637,0.0,0.0,0.0
303.40581447749395,-25.210707914336663,26.313834865321674,0.0,0.0,0.0
303.41333491327526,-25.203372033317788,26.312952847496806,0.0,0.0,0.0
303.4208542184001,-25.19603557680035,26.312070583986802,0.0,0.0,0.0
303.42837239322813,-25.18869854498404,26.31118807483674,0.0,0.0,0.0
303.4358894381191,-25.18136093806845,26.310305320091675,0.0,0.0,0.0
303.4434053534326,-25.174022756253112,26.309422319796695,0.0,0.0,0.0
303.4509201395281,-25.166683999737472,26.308539073996897,0.0,0.0,0.0
303.45843379676523,-25.159344668720912,26.30765558273737,0.0,0.0,0.0
303.46594632550335,-25.152004763402726,26.30677184606326,0.0,0.0,0.0
303.47345772610197,-25.144664283982145,26.305887864019684,0.0,0.0,0.0
303.48096799892033,-25.137323230658314,26.30500363665177,0.0,0.0,0.0
303.4884771443178,-25.129981603630302,26.304119164004693,0.0,0.0,0.0
303.49598516265354,-25.122639403097118,26.3032344461236,0.0,0.0,0.0
303.5034920542868,-25.115296629257685,26.302349483053675,0.0,0.0,0.0
303.51099781957674,-25.107953282310845,26.30146427484011,0.0,0.0,0.0
303.5185024588823,-25.100609362455383,26.300578821528106,0.0,0.0,0.0
303.5260059725627,-25.09326486988999,26.299693123162868,0.0,0.0,0.0
303.5335083609767,-25.08591980481329,26.29880717978962,0.0,0.0,0.0
303.54100962448337,-25.07857416742384,26.2979209914536,0.0,0.0,0.0
303.54850976344153,-25.0712279579201,26.297034558200057,0.0,0.0,0.0
303.55600877821,-25.063881176500487,26.296147880074255,0.0,0.0,0.0
303.5635066691475,-25.056533823363313,26.29526095712145,0.0,0.0,0.0
303.5710034366128,-25.04918589870682,26.294373789386942,0.0,0.0,0.0
303.57849908096443,-25.041837402729204,26.293486376916007,0.0,0.0,0.0
303.5859936025611,-25.03448833562855,26.29259871975397,0.0,0.0,0.0
303.5934870017612,-25.02713869760288,26.29171081794614,0.0,0.0,0.0
303.60097927892343,-25.01978848885015,26.290822671537843,0.0,0.0,0.0
303.60847043440606,-25.012437709568246,26.28993428057442,0.0,0.0,0.0
303.61596046856755,-25.005086359954944,26.28904564510124,0.0,0.0,0.0
303.6234493817662,-24.997734440207985,26.28815676516364,0.0,0.0,0.0
303.6309371743602,-24.990381950525027,26.28726764080702,0.0,0.0,0.0
303.6384238467079,-24.983028891103633,26.286378272076764,0.0,0.0,0.0
303.64590939916735,-24.975675262141305,26.285488659018263,0.0,0.0,0.0
303.65339383209675,-24.968321063835482,26.284598801676943,0.0,0.0,0.0
303.66087714585404,-24.960966296383504,26.283708700098213,0.0,0.0,0.0
303.66835934079734,-24.953610959982658,26.282818354327514,0.0,0.0,0.0
303.6758404172845,-24.946255054830146,26.281927764410298,0.0,0.0,0.0
303.68332037567353,-24.938898581123095,26.281036930392016,0.0,0.0,0.0
303.6907992163221,-24.931541539058564,26.280145852318142,0.0,0.0,0.0
303.6982769395881,-24.924183928833518,26.279254530234166,0.0,0.0,0.0
303.7057535458292,-24.916825750644886,26.278362964185558,0.0,0.0,0.0
303.7132290354031,-24.90946700468949,26.277471154217846,0.0,0.0,0.0
303.7207034086675,-24.902107691164087,26.276579100376544,0.0,0.0,0.0
303.72817666597984,-24.89474781026535,26.275686802707174,0.0,0.0,0.0
303.73564880769766,-24.887387362189905,26.274794261255284,0.0,0.0,0.0
303.74311983417846,-24.880026347134283,26.27390147606642,0.0,0.0,0.0
303.75058974577956,-24.872664765294942,26.273008447186147,0.0,0.0,0.0
303.7580585428584,-24.865302616868256,26.272115174660048,0.0,0.0,0.0
303.76552622577213,-24.85793990205056,26.271221658533705,0.0,0.0,0.0
303.77299279487823,-24.850576621038073,26.270327898852706,0.0,0.0,0.0
303.7804582505336,-24.843212774026963,26.26943389566268,0.0,0.0,0.0
303.7879225930956,-24.835848361213333,26.268539649009252,0.0,0.0,0.0
303.7953858229211,-24.82848338279317,26.26764515893804,0.0,0.0,0.0
303.8028479403673,-24.82111783896245,26.26675042549469,0.0,0.0,0.0
303.81030894579106,-24.813751729917023,26.265855448724867,0.0,0.0,0.0
303.8177688395493,-24.80638505585267,26.264960228674248,0.0,0.0,0.0
303.82522762199886,-24.799017816965133,26.264064765388504,0.0,0.0,0.0
303.8326852934966,-24.79165001345006,26.263169058913324,0.0,0.0,0.0
303.8401418543992,-24.784281645503,26.26227310929442,0.0,0.0,0.0
303.84759730506335,-24.776912713319465,26.261376916577508,0.0,0.0,0.0
303.8550516458458,-24.76954321709489,26.260480480808305,0.0,0.0,0.0
303.8625048771029,-24.762173157024602,26.259583802032566,0.0,0.0,0.0
303.8699569991914,-24.754802533303888,26.258686880296032,0.0,0.0,0.0
303.8774080124677,-24.747431346127957,26.257789715644467,0.0,0.0,0.0
303.8848579172881,-24.740059595691935,26.25689230812365,0.0,0.0,0.0
303.8923067140091,-24.732687282190877,26.255994657779357,0.0,0.0,0.0
303.899754402987,-24.725314405819763,26.255096764657402,0.0,0.0,0.0
303.90720098457797,-24.717940966773504,26.254198628803568,0.0,0.0,0.0
303.91464645913817,-24.710566965246944,26.253300250263703,0.0,0.0,0.0
303.9220908270239,-24.703192401434816,26.25240162908362,0.0,0.0,0.0
303.92953408859114,-24.695817275531834,26.251502765309187,0.0,0.0,0.0
303.9369762441959,-24.688441587732605,26.25060365898623,0.0,0.0,0.0
303.9444172941942,-24.681065338231672,26.24970431016063,0.0,0.0,0.0
303.9518572389419,-24.673688527223494,26.24880471887827,0.0,0.0,0.0
303.9592960787949,-24.666311154902463,26.24790488518504,0.0,0.0,0.0
303.9667338141091,-24.658933221462917,26.24700480912683,0.0,0.0,0.0
303.97417044524013,-24.651554727099086,26.24610449074957,0.0,0.0,0.0
303.98160597254366,-24.64417567200516,26.245203930099184,0.0,0.0,0.0
303.9890403963754,-24.63679605637522,26.244303127221592,0.0,0.0,0.0
303.996473717091,-24.629415880403304,26.243402082162763,0.0,0.0,0.0
304.0039059350459,-24.622035144283362,26.242500794968645,0.0,0.0,0.0
304.01133705059556,-24.614653848209276,26.24159926568522,0.0,0.0,0.0
304.01876706409547,-24.60727199237486,26.240697494358464,0.0,0.0,0.0
304.026195975901,-24.59988957697384,26.23979548103437,0.0,0.0,0.0
304.03362378636734,-24.592506602199883,26.238893225758943,0.0,0.0,0.0
