galstreams/tracks/track.st.M92.sollima2020.ecsv
# %ECSV 0.9
# ---
# datatype:
# - {name: ra, unit: deg, datatype: float64}
# - {name: dec, unit: deg, datatype: float64}
# - {name: distance, unit: kpc, datatype: float64}
# - {name: pm_ra_cosdec, unit: mas / yr, datatype: float64}
# - {name: pm_dec, unit: mas / yr, datatype: float64}
# - {name: radial_velocity, unit: km / s, datatype: float64}
# delimiter: ','
# meta: !!omap
# - __serialized_columns__:
#     dec:
#       __class__: astropy.coordinates.angles.Latitude
#       unit: &id001 !astropy.units.Unit {unit: deg}
#       value: !astropy.table.SerializedColumn {name: dec}
#     distance:
#       __class__: astropy.coordinates.distances.Distance
#       unit: !astropy.units.Unit {unit: kpc}
#       value: !astropy.table.SerializedColumn {name: distance}
#     pm_dec:
#       __class__: astropy.units.quantity.Quantity
#       unit: !astropy.units.Unit {unit: mas / yr}
#       value: !astropy.table.SerializedColumn {name: pm_dec}
#     pm_ra_cosdec:
#       __class__: astropy.units.quantity.Quantity
#       unit: !astropy.units.Unit {unit: mas / yr}
#       value: !astropy.table.SerializedColumn {name: pm_ra_cosdec}
#     ra:
#       __class__: astropy.coordinates.angles.Longitude
#       unit: *id001
#       value: !astropy.table.SerializedColumn {name: ra}
#       wrap_angle: !astropy.coordinates.Angle
#         unit: *id001
#         value: 360.0
#     radial_velocity:
#       __class__: astropy.units.quantity.Quantity
#       unit: !astropy.units.Unit {unit: km / s}
#       value: !astropy.table.SerializedColumn {name: radial_velocity}
# schema: astropy-2.0
ra,dec,distance,pm_ra_cosdec,pm_dec,radial_velocity
[from data line 245]
258.27603710004917,43.0276262830054,8.500999999999996,0.0,0.0,0.0
258.2916372946399,43.032491413966646,8.500999999999996,0.0,0.0,0.0
258.30721560749276,43.03727352359282,8.500999999999994,0.0,0.0,0.0
258.3227720673559,43.04197294325422,8.500999999999996,0.0,0.0,0.0
258.3383067056932,43.04659001154012,8.500999999999998,0.0,0.0,0.0
258.3538195566402,43.051125074083956,8.500999999999996,0.0,0.0,0.0
258.3693106569612,43.055578483389525,8.500999999999998,0.0,0.0,0.0
258.3847800460047,43.059950598658546,8.500999999999998,0.0,0.0,0.0
258.40022776566065,43.064241785619345,8.501,0.0,0.0,0.0
258.41565386031544,43.06845241635684,8.500999999999996,0.0,0.0,0.0
258.43105837680946,43.072582869143666,8.500999999999996,0.0,0.0,0.0
258.4464413643923,43.07663352827256,8.500999999999998,0.0,0.0,0.0
258.46180287467985,43.080604783889925,8.500999999999998,0.0,0.0,0.0
258.4771429616103,43.084497031830715,8.500999999999996,0.0,0.0,0.0
258.4924616814,43.08831067345435,8.500999999999998,0.0,0.0,0.0
258.50775909250086,43.092046115482,8.501,0.0,0.0,0.0
258.52303525555544,43.095703769835,8.500999999999996,0.0,0.0,0.0
258.5382902333544,43.099284053474555,8.500999999999996,0.0,0.0,0.0
258.5535240907923,43.102787388242604,8.500999999999998,0.0,0.0,0.0
258.5687368948244,43.10621420070386,8.500999999999996,0.0,0.0,0.0
258.58392871442305,43.10956492198911,8.500999999999998,0.0,0.0,0.0
258.59909962053456,43.11283998763978,8.500999999999998,0.0,0.0,0.0
258.6142496860354,43.11603983745361,8.500999999999998,0.0,0.0,0.0
258.6293789856893,43.11916491533152,8.501,0.0,0.0,0.0
258.64448759610383,43.12221566912592,8.500999999999998,0.0,0.0,0.0
258.65957559568744,43.12519255048985,8.501,0.0,0.0,0.0
258.67464306460613,43.12809601472768,8.500999999999998,0.0,0.0,0.0
258.68969008474085,43.13092652064687,8.500999999999996,0.0,0.0,0.0
258.70471673964437,43.13368453041082,8.500999999999998,0.0,0.0,0.0
258.71972311449844,43.1363705093932,8.500999999999996,0.0,0.0,0.0
258.73470929607146,43.13898492603326,8.500999999999998,0.0,0.0,0.0
258.7496753726756,43.14152825169243,8.500999999999998,0.0,0.0,0.0
258.76462143412425,43.14400096051214,8.500999999999998,0.0,0.0,0.0
258.77954757168993,43.14640352927281,8.500999999999998,0.0,0.0,0.0
258.794453878062,43.148736437254115,8.500999999999998,0.0,0.0,0.0
258.8093404473044,43.151000166096324,8.500999999999998,0.0,0.0,0.0
258.82420737481385,43.15319519966301,8.500999999999998,0.0,0.0,0.0
258.83905475727784,43.155322023904795,8.500999999999996,0.0,0.0,0.0
258.8538826926331,43.15738112672441,8.500999999999996,0.0,0.0,0.0
258.8686912800237,43.15937299784303,8.500999999999998,0.0,0.0,0.0
258.8834806197601,43.16129812866752,8.500999999999998,0.0,0.0,0.0
258.8982508132775,43.16315701215927,8.500999999999998,0.0,0.0,0.0
258.9130019630949,43.164950142703916,8.500999999999996,0.0,0.0,0.0
258.9277341727739,43.16667801598244,8.500999999999996,0.0,0.0,0.0
258.94244754687827,43.1683411288434,8.500999999999996,0.0,0.0,0.0
258.95714219093315,43.16993997917638,8.500999999999996,0.0,0.0,0.0
258.97181821138446,43.17147506578665,8.500999999999996,0.0,0.0,0.0
258.98647571555875,43.172946888270985,8.500999999999998,0.0,0.0,0.0
259.00111481162315,43.17435594689478,8.500999999999996,0.0,0.0,0.0
259.01573560854536,43.17570274247022,8.500999999999998,0.0,0.0,0.0
259.030338216054,43.17698777623579,8.500999999999998,0.0,0.0,0.0
259.0449227445988,43.17821154973688,8.500999999999998,0.0,0.0,0.0
259.05948930531184,43.17937456470766,8.500999999999996,0.0,0.0,0.0
259.07403800996775,43.18047732295408,8.500999999999998,0.0,0.0,0.0
259.08856897094523,43.18152032623817,8.500999999999998,0.0,0.0,0.0
259.103082301188,43.182504076163426,8.500999999999998,0.0,0.0,0.0
259.11757811416675,43.18342907406147,8.500999999999996,0.0,0.0,0.0
259.1320565238401,43.18429582087987,8.500999999999996,0.0,0.0,0.0
259.14651764461735,43.18510481707114,8.500999999999998,0.0,0.0,0.0
259.16096159131985,43.185856562483046,8.500999999999998,0.0,0.0,0.0
259.17538847914403,43.18655155624989,8.500999999999996,0.0,0.0,0.0
259.1897984236235,43.187190296685216,8.500999999999998,0.0,0.0,0.0
259.20419154059215,43.187773281175616,8.500999999999998,0.0,0.0,0.0
259.21856794614695,43.18830100607566,8.500999999999996,0.0,0.0,0.0
259.2329277566115,43.18877396660415,8.500999999999998,0.0,0.0,0.0
259.24727108849964,43.18919265674148,8.500999999999996,0.0,0.0,0.0
259.26159805847885,43.18955756912821,8.500999999999998,0.0,0.0,0.0
259.27590878333456,43.189869194964835,8.500999999999998,0.0,0.0,0.0
259.2902033799345,43.19012802391272,8.500999999999996,0.0,0.0,0.0
259.30448196519296,43.19033454399635,8.500999999999998,0.0,0.0,0.0
259.31874465603596,43.19048924150652,8.500999999999998,0.0,0.0,0.0
259.33299156936596,43.190592600905035,8.500999999999996,0.0,0.0,0.0
259.3472228220275,43.19064510473031,8.500999999999996,0.0,0.0,0.0
259.36143853077243,43.1906472335043,8.500999999999998,0.0,0.0,0.0
259.3756388122262,43.1905994656407,8.500999999999998,0.0,0.0,0.0
259.38982378285374,43.19050227735412,8.500999999999996,0.0,0.0,0.0
259.4039935589258,43.19035614257061,8.500999999999996,0.0,0.0,0.0
259.41814825648584,43.190161532839376,8.500999999999998,0.0,0.0,0.0
259.432287991317,43.18991891724559,8.500999999999998,0.0,0.0,0.0
259.44641287890937,43.18962876232441,8.500999999999998,0.0,0.0,0.0
259.4605230344271,43.18929153197631,8.500999999999998,0.0,0.0,0.0
259.4746185726771,43.188907687383406,8.500999999999998,0.0,0.0,0.0
259.48869960807633,43.1884776869271,8.500999999999994,0.0,0.0,0.0
259.50276625462067,43.188001986106904,8.500999999999998,0.0,0.0,0.0
259.51681862585343,43.18748103746035,8.500999999999996,0.0,0.0,0.0
259.53085683483476,43.186915290484244,8.500999999999998,0.0,0.0,0.0
259.5448809941105,43.18630519155696,8.500999999999998,0.0,0.0,0.0
259.55889121568197,43.18565118386199,8.500999999999996,0.0,0.0,0.0
259.5728876109762,43.18495370731265,8.500999999999996,0.0,0.0,0.0
259.5868702908156,43.184213198478034,8.500999999999998,0.0,0.0,0.0
259.6008393653893,43.18343009051006,8.500999999999998,0.0,0.0,0.0
259.614794944223,43.18260481307175,8.500999999999998,0.0,0.0,0.0
259.6287371361512,43.181737792266695,8.500999999999998,0.0,0.0,0.0
259.6426660492881,43.18082945056973,8.500999999999996,0.0,0.0,0.0
259.6565817909996,43.179880206758675,8.500999999999996,0.0,0.0,0.0
259.67048446787544,43.17889047584743,8.500999999999998,0.0,0.0,0.0
259.68437418570164,43.17786066902009,8.500999999999998,0.0,0.0,0.0
259.6982510494333,43.176791193566366,8.500999999999998,0.0,0.0,0.0
259.71211516316805,43.17568245281811,8.500999999999998,0.0,0.0,0.0
259.725966630119,43.17453484608705,8.500999999999996,0.0,0.0,0.0
259.7398055525888,43.17334876860372,8.500999999999998,0.0,0.0,0.0
259.75363203194394,43.17212461145752,8.500999999999998,0.0,0.0,0.0
259.76744616858906,43.17086276153803,8.500999999999996,0.0,0.0,0.0
259.7812480619416,43.16956360147744,8.500999999999998,0.0,0.0,0.0
259.7950378104074,43.16822750959417,8.500999999999998,0.0,0.0,0.0
259.80881551135565,43.1668548598377,8.500999999999996,0.0,0.0,0.0
259.82258126109525,43.16544602173456,8.500999999999996,0.0,0.0,0.0
259.8363351548508,43.16400136033554,8.500999999999998,0.0,0.0,0.0
259.850077286739,43.162521236163926,8.500999999999998,0.0,0.0,0.0
259.8638077497458,43.161006005165135,8.500999999999998,0.0,0.0,0.0
259.87752663570336,43.15945601865737,8.500999999999996,0.0,0.0,0.0
259.8912340352681,43.15787162328353,8.500999999999994,0.0,0.0,0.0
259.90493003789817,43.15625316096423,8.500999999999996,0.0,0.0,0.0
259.91861473183206,43.154600968852044,8.501,0.0,0.0,0.0
259.9322882040672,43.152915379286945,8.501,0.0,0.0,0.0
259.94595054033914,43.15119671975286,8.501,0.0,0.0,0.0
259.95960182510055,43.14944531283544,8.501,0.0,0.0,0.0
259.9732421415016,43.14766147618102,8.501,0.0,0.0,0.0
259.9868715713695,43.14584552245671,8.501,0.0,0.0,0.0
260.0004901951894,43.14399775931169,8.501,0.0,0.0,0.0
260.01409809208513,43.14211848933963,8.500999999999998,0.0,0.0,0.0
260.0276953398004,43.14020801004246,8.501,0.0,0.0,0.0
260.0412820146807,43.138266613795,8.500999999999998,0.0,0.0,0.0
260.05485819165466,43.136294587811065,8.501,0.0,0.0,0.0
260.0684239442173,43.13429221411064,8.501,0.0,0.0,0.0
260.08197934441193,43.132259769488066,8.500999999999998,0.0,0.0,0.0
260.095524462814,43.13019752548173,8.501000000000001,0.0,0.0,0.0
260.1090593685141,43.128105748344595,8.500999999999998,0.0,0.0,0.0
260.12258412910205,43.125984699016165,8.500999999999998,0.0,0.0,0.0
260.1360988106513,43.12383463309538,8.500999999999998,0.0,0.0,0.0
260.1496034777033,43.12165580081491,8.501,0.0,0.0,0.0
260.1630981932528,43.11944844701649,8.501,0.0,0.0,0.0
260.17658301873325,43.117212811127416,8.500999999999998,0.0,0.0,0.0
260.1900580140026,43.11494912713832,8.501,0.0,0.0,0.0
260.20352323732953,43.11265762358193,8.501,0.0,0.0,0.0
260.21697874538006,43.1103385235133,8.501,0.0,0.0,0.0
260.23042459320453,43.107992044490814,8.501,0.0,0.0,0.0
260.2438608342251,43.10561839855871,8.501,0.0,0.0,0.0
260.25728752022354,43.103217792230595,8.501,0.0,0.0,0.0
260.2707047013294,43.100790426474155,8.501,0.0,0.0,0.0
260.2841124260087,43.09833649669706,8.500999999999998,0.0,0.0,0.0
260.29751074105263,43.09585619273401,8.501,0.0,0.0,0.0
260.3108996915675,43.09334969883495,8.500999999999998,0.0,0.0,0.0
260.32427932096425,43.09081719365454,8.501,0.0,0.0,0.0
260.3376496709486,43.08825885024259,8.501,0.0,0.0,0.0
260.3510107815119,43.08567483603588,8.500999999999998,0.0,0.0,0.0
260.364362690922,43.08306531285104,8.501,0.0,0.0,0.0
260.37770543571486,43.0804304368786,8.501,0.0,0.0,0.0
260.39103905068635,43.077770358678194,8.501,0.0,0.0,0.0
260.40436356888443,43.075085223174995,8.500999999999998,0.0,0.0,0.0
260.41767902160217,43.07237516965726,8.500999999999998,0.0,0.0,0.0
260.43098543837056,43.06964033177504,8.501,0.0,0.0,0.0
260.44428284695204,43.066880837540054,8.501,0.0,0.0,0.0
260.4575712733348,43.06409680932678,8.500999999999998,0.0,0.0,0.0
260.4708507417268,43.06128836387466,8.501,0.0,0.0,0.0
260.48412127455083,43.05845561229146,8.501,0.0,0.0,0.0
260.4973828924395,43.05559866005783,8.501,0.0,0.0,0.0
260.510635614231,43.05271760703301,8.501,0.0,0.0,0.0
260.52387945696535,43.0498125474617,8.501000000000001,0.0,0.0,0.0
260.5371144358807,43.04688356998206,8.501,0.0,0.0,0.0
260.55034056441025,43.04393075763498,8.500999999999998,0.0,0.0,0.0
260.5635578541799,43.040954187874355,8.501,0.0,0.0,0.0
260.57676631500567,43.03795393257866,8.500999999999998,0.0,0.0,0.0
260.5899659548923,43.03493005806358,8.501,0.0,0.0,0.0
260.6031567800316,43.031882625095896,8.501,0.0,0.0,0.0
260.61633879480206,43.02881168890846,8.500999999999998,0.0,0.0,0.0
260.62951200176764,43.025717299216375,8.501000000000001,0.0,0.0,0.0
260.64267640167856,43.02259950023427,8.500999999999998,0.0,0.0,0.0
260.65583199347134,43.01945833069486,8.501,0.0,0.0,0.0
260.66897877426953,43.01629382386851,8.501,0.0,0.0,0.0
260.68211673938555,43.01310600758405,8.500999999999998,0.0,0.0,0.0
260.6952458823219,43.009894904250764,8.501,0.0,0.0,0.0
260.70836619477376,43.0066605308815,8.500999999999998,0.0,0.0,0.0
260.7214776666316,43.0034028991169,8.501,0.0,0.0,0.0
260.734580285984,43.00012201525089,8.500999999999998,0.0,0.0,0.0
260.7476740391219,42.99681788025724,8.501,0.0,0.0,0.0
260.76075891054165,42.99349048981728,8.501,0.0,0.0,0.0
260.77383488295067,42.99013983434886,8.501,0.0,0.0,0.0
260.78690193727124,42.986765899036385,8.501,0.0,0.0,0.0
260.7999600526467,42.983368663862,8.501,0.0,0.0,0.0
260.8130092064471,42.97994810363803,8.501,0.0,0.0,0.0
260.82604937427516,42.976504188040394,8.501,0.0,0.0,0.0
260.83908052997367,42.973036881643445,8.500999999999998,0.0,0.0,0.0
260.8521026456324,42.96954614395565,8.500999999999996,0.0,0.0,0.0
260.8651156915955,42.96603192945664,8.500999999999998,0.0,0.0,0.0
260.8781196364706,42.962494187635414,8.500999999999996,0.0,0.0,0.0
260.89111444713643,42.95893286302952,8.501,0.0,0.0,0.0
260.90410008875256,42.9553478952656,8.500999999999996,0.0,0.0,0.0
260.91707652476885,42.95173921910094,8.500999999999998,0.0,0.0,0.0
260.9300437169354,42.94810676446628,8.500999999999998,0.0,0.0,0.0
260.9430016253133,42.94445045650964,8.500999999999998,0.0,0.0,0.0
260.95595020828546,42.94077021564147,8.500999999999998,0.0,0.0,0.0
260.96888942256834,42.9370659575808,8.500999999999998,0.0,0.0,0.0
260.98181922322345,42.93333759340261,8.500999999999998,0.0,0.0,0.0
260.99473956367046,42.92958502958638,8.500999999999998,0.0,0.0,0.0
261.00765039569956,42.92580816806572,8.500999999999998,0.0,0.0,0.0
261.02055166948514,42.922006906279215,8.500999999999998,0.0,0.0,0.0
261.03344333359973,42.918181137222355,8.500999999999996,0.0,0.0,0.0
261.0463253350282,42.91433074950067,8.500999999999996,0.0,0.0,0.0
261.059197619183,42.91045562738398,8.500999999999998,0.0,0.0,0.0
261.07206012991895,42.90655565086183,8.500999999999996,0.0,0.0,0.0
261.0849128095496,42.90263069570004,8.500999999999998,0.0,0.0,0.0
261.0977555988634,42.898680633498394,8.500999999999996,0.0,0.0,0.0
261.11058843714045,42.894705331749535,8.501,0.0,0.0,0.0
261.12341126217,42.89070465389894,8.500999999999998,0.0,0.0,0.0
261.1362240102683,42.886678459406085,8.500999999999998,0.0,0.0,0.0
261.14902661629645,42.88262660380673,8.500999999999996,0.0,0.0,0.0
261.1618190136799,42.87854893877638,8.500999999999998,0.0,0.0,0.0
261.17460113442746,42.874445312194865,8.500999999999996,0.0,0.0,0.0
261.1873729091511,42.87031556821209,8.500999999999998,0.0,0.0,0.0
261.2001342670861,42.8661595473149,8.501,0.0,0.0,0.0
261.21288513611245,42.861977086395115,8.500999999999996,0.0,0.0,0.0
261.2256254427755,42.8577680188187,8.500999999999996,0.0,0.0,0.0
261.23835511230817,42.8535321744961,8.500999999999998,0.0,0.0,0.0
261.25107406865345,42.84926937995367,8.501,0.0,0.0,0.0
261.2637822344868,42.84497945840628,8.500999999999998,0.0,0.0,0.0
261.27647953124006,42.84066222983111,8.500999999999998,0.0,0.0,0.0
261.28916587912465,42.836317511042466,8.500999999999998,0.0,0.0,0.0
261.3018411971566,42.83194511576792,8.500999999999998,0.0,0.0,0.0
261.314505403181,42.827544854725346,8.500999999999998,0.0,0.0,0.0
261.3271584138979,42.82311653570138,8.500999999999996,0.0,0.0,0.0
261.3398001448876,42.81865996363074,8.500999999999996,0.0,0.0,0.0
261.35243051063765,42.81417494067698,8.500999999999998,0.0,0.0,0.0
261.36504942456946,42.809661266314095,8.500999999999998,0.0,0.0,0.0
261.37765679906596,42.805118737409494,8.500999999999998,0.0,0.0,0.0
261.39025254549966,42.800547148307984,8.500999999999998,0.0,0.0,0.0
261.40283657426096,42.795946290916945,8.500999999999998,0.0,0.0,0.0
261.4154087947872,42.791315954792616,8.500999999999998,0.0,0.0,0.0
261.4279691155926,42.7866559272276,8.500999999999998,0.0,0.0,0.0
261.44051744429777,42.78196599333933,8.500999999999994,0.0,0.0,0.0
261.4530536876609,42.77724593615991,8.500999999999996,0.0,0.0,0.0
261.4655777516083,42.77249553672693,8.500999999999996,0.0,0.0,0.0
261.4780895412666,42.76771457417542,8.500999999999996,0.0,0.0,0.0
261.49058896099484,42.76290282583107,8.500999999999998,0.0,0.0,0.0
261.5030759144167,42.758060067304456,8.500999999999998,0.0,0.0,0.0
261.5155503044545,42.7531860725864,8.501,0.0,0.0,0.0
261.5280120333622,42.74828061414467,8.500999999999998,0.0,0.0,0.0
261.5404610027604,42.74334346302145,8.500999999999998,0.0,0.0,0.0
261.55289711367084,42.738374388932414,8.500999999999996,0.0,0.0,0.0
261.56532026655157,42.733373160366426,8.500999999999998,0.0,0.0,0.0
261.57773036133324,42.728339544686854,8.500999999999996,0.0,0.0,0.0
261.59012729745535,42.72327330823364,8.500999999999998,0.0,0.0,0.0
261.6025109739032,42.718174216426746,8.500999999999998,0.0,0.0,0.0
261.6148812892452,42.71304203387066,8.500999999999994,0.0,0.0,0.0
261.6272381416715,42.70787652445996,8.500999999999996,0.0,0.0,0.0
261.63958142903186,42.70267745148617,8.500999999999996,0.0,0.0,0.0
261.65191104887504,42.69744457774558,8.500999999999994,0.0,0.0,0.0
261.6642268984887,42.69217766564835,8.500999999999994,0.0,0.0,0.0
261.676528874939,42.686876477328646,8.500999999999994,0.0,0.0,0.0
