galstreams/tracks/track.st.Hrid.ibata2021.ecsv
# %ECSV 1.0
# ---
# datatype:
# - {name: ra, unit: deg, datatype: float64}
# - {name: dec, unit: deg, datatype: float64}
# - {name: distance, unit: kpc, datatype: float64}
# - {name: pm_ra_cosdec, unit: mas / yr, datatype: float64}
# - {name: pm_dec, unit: mas / yr, datatype: float64}
# - {name: radial_velocity, unit: km / s, datatype: float64}
# delimiter: ','
# meta: !!omap
# - __serialized_columns__:
#     dec:
#       __class__: astropy.coordinates.angles.Latitude
#       unit: &id001 !astropy.units.Unit {unit: deg}
#       value: !astropy.table.SerializedColumn {name: dec}
#     distance:
#       __class__: astropy.coordinates.distances.Distance
#       unit: !astropy.units.Unit {unit: kpc}
#       value: !astropy.table.SerializedColumn {name: distance}
#     pm_dec:
#       __class__: astropy.units.quantity.Quantity
#       unit: !astropy.units.Unit {unit: mas / yr}
#       value: !astropy.table.SerializedColumn {name: pm_dec}
#     pm_ra_cosdec:
#       __class__: astropy.units.quantity.Quantity
#       unit: !astropy.units.Unit {unit: mas / yr}
#       value: !astropy.table.SerializedColumn {name: pm_ra_cosdec}
#     ra:
#       __class__: astropy.coordinates.angles.Longitude
#       unit: *id001
#       value: !astropy.table.SerializedColumn {name: ra}
#       wrap_angle: !astropy.coordinates.Angle
#         unit: *id001
#         value: 360.0
#     radial_velocity:
#       __class__: astropy.units.quantity.Quantity
#       unit: !astropy.units.Unit {unit: km / s}
#       value: !astropy.table.SerializedColumn {name: radial_velocity}
# schema: astropy-2.0
ra,dec,distance,pm_ra_cosdec,pm_dec,radial_velocity
[from data line 3842]
281.6371676657175,53.54817124057104,3.2144971208774864,-5.10547946996892,23.093212555618713,-149.08797299930978
281.6382320810474,53.55815731721281,3.2146408480537056,-5.104727562479932,23.09331334816308,-149.02085036982203
281.63929703128105,53.568143383161804,3.2147846871637973,-5.103975325962245,23.09341268664827,-148.95373336663863
281.64036251700946,53.578129438403565,3.2149286382370215,-5.10322276027461,23.093510570941252,-148.88662200216424
281.64142853882424,53.588115482923655,3.215072701302638,-5.102469865275548,23.09360700090896,-148.8195162888031
281.64249509731764,53.59810151670757,3.215216876389909,-5.101716640823512,23.09370197641838,-148.75241623896008
281.64356219308263,53.60808753974085,3.215361163528093,-5.1009630867766385,23.093795497336522,-148.68532186503936
281.64462982671273,53.618073552008966,3.2155055627464533,-5.10020920299297,23.09388756353038,-148.6182331794458
281.6456979988019,53.62805955349739,3.215650074074248,-5.099454989330417,23.093978174867008,-148.55115019458378
281.64676670994504,53.63804554419161,3.215794697540742,-5.098700445646595,23.094067331213463,-148.48407292285793
281.64783596073755,53.648031524077055,3.2159394331751923,-5.097945571799048,23.0941550324368,-148.41700137667252
281.64890575177543,53.65801749313916,3.216084281006861,-5.097190367645063,23.09424127840414,-148.3499355684324
281.6499760836553,53.66800345136337,3.216229241065008,-5.096434833041799,23.094326068982596,-148.28287551054197
281.6510469569744,53.67798939873505,3.2163743133788962,-5.095678967846242,23.094409404039272,-148.21582121540567
281.65211837233085,53.68797533523963,3.216519497977784,-5.094922771915147,23.094491283441386,-148.148772695428
281.653190330323,53.697961260862435,3.216664794890934,-5.09416624510515,23.09457170705606,-148.0817299630138
281.65426283155017,53.70794717558886,3.2168102041476065,-5.0934093872726685,23.094650674750497,-148.01469303056726
281.65533587661207,53.71793307940423,3.2169557257770616,-5.092652198273971,23.09472818639193,-147.94766191049314
281.6564094661092,53.72791897229388,3.2171013598085603,-5.091894677965103,23.094804241847594,-147.8806366151959
281.6574836006427,53.73790485424311,3.2172471062713632,-5.091136826201992,23.094878840984755,-147.81361715708005
281.6585582808142,53.74789072523725,3.217392965194732,-5.090378642840351,23.094951983670654,-147.74660354855
281.6596335072262,53.75787658526153,3.2175389366079266,-5.08962012773569,23.095023669772612,-147.6795958020106
281.66070928048157,53.76786243430126,3.2176850205402077,-5.088861280743398,23.09509389915795,-147.61259392986602
281.6617856011841,53.777848272341664,3.2178312170208367,-5.088102101718635,23.09516267169398,-147.54559794452112
281.6628624699379,53.787834099368,3.217977526079075,-5.087342590516411,23.095229987248075,-147.4786078583802
281.6639398873481,53.79781991536549,3.2181239477441816,-5.086582746991513,23.095295845687627,-147.4116236838478
281.66501785402016,53.8078057203193,3.2182704820454173,-5.085822570998617,23.095360246880006,-147.34464543332862
281.6660963705603,53.817791514214655,3.2184171290120447,-5.085062062392168,23.095423190692635,-147.27767311922702
281.6671754375754,53.82777729703672,3.2185638886733234,-5.084301221026431,23.09548467699295,-147.21070675394762
281.668255055673,53.837763068770656,3.2187107610585146,-5.083540046755495,23.095544705648404,-147.1437463498948
281.6693352254613,53.84774882940159,3.2188577461968784,-5.082778539433266,23.0956032765265,-147.0767919194735
281.670415947549,53.857734578914666,3.219004844117676,-5.082016698913511,23.095660389494693,-147.00984347508776
281.67149722254555,53.86772031729499,3.2191520548501686,-5.081254525049758,23.095716044420527,-146.9429010291424
281.6725790510612,53.87770604452768,3.219299378423617,-5.080492017695376,23.095770241171543,-146.87596459404185
281.67366143370646,53.887691760597775,3.2194468148672803,-5.07972917670356,23.095822979615274,-146.8090341821906
281.67474437109297,53.897677465490375,3.2195943642104217,-5.078966001927287,23.09587425961932,-146.74210980599332
281.6758278638327,53.907663159190506,3.2197420264823,-5.078202493219404,23.095924081051265,-146.67519147785444
281.67691191253834,53.91764884168322,3.2198898017121764,-5.0774386504325335,23.095972443778727,-146.6082792101785
281.6779965178233,53.92763451295353,3.220037689929313,-5.076674473419125,23.096019347669365,-146.54137301537008
281.6790816803015,53.93762017298642,3.220185691162968,-5.0759099620314965,23.096064792590813,-146.47447290583364
281.6801674005877,53.9476058217669,3.220333805442406,-5.075145116121682,23.096108778410745,-146.40757889397383
281.6812536792973,53.957591459279946,3.2204820327968844,-5.07437993554159,23.096151304996887,-146.340690992195
281.6823405170461,53.967577085510484,3.2206303732556645,-5.0736144201429925,23.096192372216937,-146.27380921290185
281.68342791445093,53.97756270044347,3.220778826848009,-5.072848569777373,23.096231979938622,-146.20693356849884
281.68451587212894,53.987548304063836,3.2209273936031764,-5.07208238429612,23.096270128029733,-146.14006407139044
281.6856043906983,53.99753389635647,3.2210760735504285,-5.0713158635503675,23.096306816358023,-146.0732007339814
281.68669347077736,54.00751947730629,3.221224866719026,-5.070549007391154,23.096342044791314,-146.006343568676
281.68778311298564,54.01750504689815,3.2213737731382297,-5.069781815669225,23.096375813197408,-145.9394925878788
281.68887331794303,54.02749060511692,3.2215227928373,-5.069014288235233,23.096408121444153,-145.87264780399443
281.68996408627015,54.03747615194744,3.221671925845499,-5.0682464249395665,23.096438969399408,-145.80580922942747
281.6910554185883,54.047461687374536,3.221821172192086,-5.067478225632516,23.096468356931048,-145.7389768765823
281.6921473155194,54.05744721138302,3.2219705319063223,-5.066709690164108,23.096496283906987,-145.67215075786353
281.693239777686,54.0674327239577,3.2221200050174694,-5.065940818384235,23.09652275019513,-145.60533088567567
281.6943328057115,54.077418225083335,3.2222695915547868,-5.06517161014258,23.096547755663433,-145.53851727242338
281.69542640021984,54.08740371474472,3.2224192915475345,-5.064402065288631,23.096571300179846,-145.47170993051088
281.69652056183565,54.09738919292656,3.222569105024976,-5.063632183671702,23.096593383612365,-145.40490887234316
281.69761529118415,54.10737465961363,3.2227190320163706,-5.062861965140935,23.096614005828982,-145.33811411032434
281.69871058889134,54.11736011479063,3.2228690725509783,-5.062091409545283,23.096633166697718,-145.2713256568591
281.6998064555838,54.127345558442244,3.2230192266580615,-5.061320516733472,23.09665086608663,-145.20454352435186
281.70090289188903,54.13733099055318,3.2231694943668794,-5.060549286554079,23.096667103863766,-145.13776772520734
281.7019998984349,54.147316411108086,3.223319875706694,-5.059777718855462,23.09668187989723,-145.07099827183012
281.70309747585003,54.15730182009162,3.223470370706766,-5.05900581348585,23.096695194055116,-145.0042351766246
281.7041956247638,54.16728721748843,3.223620979396355,-5.058233570293229,23.096707046205537,-144.93747845199516
281.7052943458063,54.17727260328312,3.223771701804723,-5.057460989125408,23.09671743621665,-144.87072811034648
281.7063936396081,54.18725797746028,3.2239225379611294,-5.0566880698300185,23.09672636395662,-144.80398416408326
281.70749350680063,54.197243340004526,3.224073487894837,-5.055914812254507,23.096733829293637,-144.73724662560969
281.708593948016,54.20722869090041,3.224224551635105,-5.055141216246089,23.096739832095913,-144.67051550733066
281.7096949638869,54.217214030132475,3.2243757292111948,-5.054367281651868,23.096744372231658,-144.60379082165042
281.71079655504667,54.227199357685286,3.2245270206523666,-5.053593008318711,23.09674744956913,-144.5370725809736
281.71189872212955,54.23718467354335,3.2246784259878827,-5.052818396093273,23.09674906397659,-144.4703607977047
281.7130014657702,54.24716997769115,3.2248299452470013,-5.052043444822063,23.096749215322347,-144.40365548424836
281.71410478660425,54.2571552701132,3.2249815784589857,-5.051268154351371,23.096747903474686,-144.33695665300908
281.7152086852677,54.26714055079398,3.225133325653095,-5.050492524527312,23.096745128301954,-144.2702643163913
281.71631316239746,54.27712581971792,3.225285186858591,-5.049716555195832,23.096740889672496,-144.2035784867995
281.71741821863105,54.28711107686946,3.225437162104734,-5.048940246202647,23.09673518745468,-144.13689917663845
281.71852385460676,54.29709632223303,3.2255892514207845,-5.048163597393279,23.096728021516906,-144.07022639831243
281.71963007096343,54.30708155579305,3.2257414548360046,-5.04738660861311,23.09671939172756,-144.00356016422606
281.7207368683407,54.31706677753387,3.225893772379653,-5.046609279707261,23.0967092979551,-143.93690048678403
281.7218442473788,54.32705198743989,3.2260462040809914,-5.045831610520729,23.096697740067995,-143.8702473783907
281.7229522087187,54.337037185495454,3.226198749969281,-5.045053600898303,23.09668471793469,-143.80360085145062
281.7240607530023,54.34702237168491,3.2263514100737827,-5.04427525068452,23.096670231423673,-143.7369609183683
281.72516988087176,54.35700754599257,3.2265041844237565,-5.043496559723793,23.096654280403488,-143.67032759154839
281.7262795929702,54.366992708402755,3.2266570730484645,-5.042717527860338,23.096636864742635,-143.60370088339516
281.7273898899414,54.37697785889974,3.2268100759771645,-5.041938154938153,23.09661798430972,-143.53708080631344
281.72850077242987,54.38696299746779,3.2269631932391207,-5.041158440801036,23.096597638973275,-143.47046737270765
281.7296122410807,54.39694812409118,3.227116424863592,-5.040378385292622,23.09657582860192,-143.4038605949823
281.73072429653985,54.406933238754114,3.22726977087984,-5.039597988256344,23.09655255306426,-143.33726048554203
281.7318369394538,54.41691834144087,3.227423231317125,-5.0388172495354455,23.096527812228942,-143.270667056791
281.7329501704699,54.42690343213559,3.2275768062047083,-5.03803616897292,23.09650160596463,-143.20408032113423
281.734063990236,54.43688851082249,3.22773049557185,-5.037254746411673,23.096473934139993,-143.13750029097605
281.7351783994009,54.446873577485746,3.22788429944781,-5.036472981694329,23.096444796623743,-143.07092697872085
281.73629339861407,54.45685863210951,3.228038217861851,-5.035690874663322,23.096414193284602,-143.00436039677336
281.73740898852526,54.4668436746779,3.2281922508432337,-5.034908425160996,23.096382123991305,-142.93780055753808
281.7385251697856,54.47682870517505,3.2283463984212175,-5.034125633029343,23.09634858861261,-142.87124747341946
281.73964194304637,54.48681372358506,3.2285006606250644,-5.033342498110272,23.096313587017313,-142.80470115682212
281.74075930896,54.496798729892014,3.2286550374840335,-5.032559020245454,23.09627711907421,-142.73816162015052
281.74187726817917,54.506783724079995,3.2288095290273877,-5.031775199276373,23.096239184652145,-142.67162887580915
281.7429958213577,54.516768706133035,3.2289641352843854,-5.03099103504433,23.09619978361994,-142.60510293620266
281.74411496914985,54.52675367603517,3.2291188562842894,-5.030206527390403,23.09615891584648,-142.53858381373547
281.7452347122106,54.536738633770426,3.22927369205636,-5.029421676155513,23.09611658120065,-142.4720715208123
281.7463550511959,54.5467235793228,3.229428642629858,-5.028636481180329,23.09607277955134,-142.40556606983742
281.74747598676214,54.55670851267626,3.2295837080340433,-5.027850942305384,23.096027510767506,-142.33906747321555
281.7485975195665,54.5666934338148,3.2297388882981775,-5.027065059370975,23.09598077471808,-142.27257574335107
281.74971965026697,54.57667834272233,3.2298941834515214,-5.026278832217201,23.095932571272037,-142.2060908926488
281.7508423795221,54.58666323938282,3.230049593523336,-5.025492260683994,23.095882900298374,-142.13961293351292
281.7519657079913,54.59664812378017,3.230205118542881,-5.024705344611063,23.095831761666098,-142.07314187834805
281.7530896363347,54.60663299589825,3.2303607585394176,-5.023918083837905,23.095779155244248,-142.00667773955897
281.754214165213,54.61661785572099,3.230516513542207,-5.023130478203884,23.095725080901886,-141.94022052954986
281.75533929528774,54.6266027032322,3.23067238358051,-5.022342527548091,23.09566953850806,-141.87377026072556
281.75646502722117,54.63658753841575,3.2308283686835866,-5.021554231709452,23.095612527931905,-141.80732694549042
281.7575913616763,54.646572361255465,3.2309844688806986,-5.020765590526716,23.0955540490425,-141.74089059624907
281.7587182993168,54.65655717173516,3.2311406842011055,-5.019976603838369,23.095494101709022,-141.67446122540585
281.7598458408071,54.66654196983861,3.23129701467407,-5.019187271482783,23.0954326858006,-141.60803884536543
281.76097398681225,54.6765267555496,3.2314534603288516,-5.01839759329806,23.095369801186415,-141.5416234685324
281.76210273799825,54.686511528851895,3.2316100211947107,-5.017607569122144,23.095305447735686,-141.47521510731124
281.76323209503164,54.69649628972922,3.231766697300908,-5.016817198792754,23.09523962531763,-141.40881377410633
281.76436205857976,54.70648103816528,3.2319234886767054,-5.016026482147425,23.095172333801482,-141.3424194813226
281.7654926293107,54.71646577414382,3.2320803953513635,-5.015235419023488,23.095103573056505,-141.27603224136402
281.76662380789327,54.7264504976485,3.232237417354142,-5.014444009258061,23.095033342951986,-141.2096520666356
281.76775559499697,54.73643520866298,3.2323945547143023,-5.013652252688088,23.094961643357248,-141.1432789695417
281.7688879912921,54.74641990717094,3.232551807461105,-5.012860149150278,23.094888474141595,-141.0769129624868
281.77002099744965,54.75640459315599,3.2327091756238118,-5.012067698481166,23.094813835174385,-141.01055405787545
281.7711546141413,54.766389266601756,3.232866659231683,-5.0112749005170905,23.094737726324993,-140.94420226811226
281.7722888420396,54.77637392749183,3.2330242583139794,-5.0104817550941645,23.094660147462786,-140.87785760560166
281.77342368181775,54.78635857580981,3.23318197289996,-5.009688262048311,23.094581098457205,-140.81152008274822
281.77455913414974,54.79634321153923,3.2333398030188882,-5.008894421215216,23.094500579177673,-140.74518971195644
281.7756951997102,54.80632783466365,3.233497748700024,-5.008100232430457,23.094418589493632,-140.67886650563108
281.7768318791746,54.81631244516659,3.233655809972627,-5.007305695529319,23.094335129274562,-140.61255047617624
281.77796917321916,54.82629704303155,3.233813986865959,-5.006510810346904,23.094250198389965,-140.5462416359969
281.7791070825208,54.83628162824205,3.233972279409281,-5.005715576718139,23.09416379670935,-140.4799399974973
281.7802456077571,54.846266200781535,3.2341306876318523,-5.004919994477731,23.094075924102253,-140.4136455730819
281.78138474960656,54.85625076063348,3.234289211562935,-5.004124063460167,23.093986580438255,-140.3473583751555
281.7825245087484,54.866235307781295,3.2344478512317907,-5.003327783499744,23.093895765586904,-140.28107841612268
281.7836648858624,54.87621984220842,3.234606606667678,-5.002531154430602,23.09380347941781,-140.2148057083876
281.7848058816293,54.88620436389825,3.2347654778998596,-5.001734176086551,23.093709721800614,-140.148540264355
281.78594749673056,54.89618887283416,3.234924464957595,-5.00093684830135,23.093614492604928,-140.08228209642948
281.78708973184825,54.906173368999525,3.2350835678701446,-5.00013917090844,23.093517791700453,-140.01603121701552
281.7882325876654,54.91615785237769,3.235242786666771,-4.999341143741116,23.093419618956855,-139.94978763851756
281.78937606486556,54.92614232295198,3.2354021213767346,-4.998542766632457,23.093319974243826,-139.88355137334025
281.7905201641333,54.9361267807057,3.2355615720292943,-4.997744039415304,23.093218857431125,-139.81732243388805
281.7916648861537,54.94611122562215,3.235721138653712,-4.9969449619223285,23.09311626838848,-139.7511008325655
281.7928102316127,54.95609565768459,3.2358808212792485,-4.996145533986002,23.09301220698567,-139.68488658177714
