galstreams/tracks/track.st.C-7.ibata2021.ecsv
# %ECSV 0.9
# ---
# datatype:
# - {name: ra, unit: deg, datatype: float64}
# - {name: dec, unit: deg, datatype: float64}
# - {name: distance, unit: kpc, datatype: float64}
# - {name: pm_ra_cosdec, unit: mas / yr, datatype: float64}
# - {name: pm_dec, unit: mas / yr, datatype: float64}
# - {name: radial_velocity, unit: km / s, datatype: float64}
# delimiter: ','
# meta: !!omap
# - __serialized_columns__:
#     dec:
#       __class__: astropy.coordinates.angles.Latitude
#       unit: &id001 !astropy.units.Unit {unit: deg}
#       value: !astropy.table.SerializedColumn {name: dec}
#     distance:
#       __class__: astropy.coordinates.distances.Distance
#       unit: !astropy.units.Unit {unit: kpc}
#       value: !astropy.table.SerializedColumn {name: distance}
#     pm_dec:
#       __class__: astropy.units.quantity.Quantity
#       unit: !astropy.units.Unit {unit: mas / yr}
#       value: !astropy.table.SerializedColumn {name: pm_dec}
#     pm_ra_cosdec:
#       __class__: astropy.units.quantity.Quantity
#       unit: !astropy.units.Unit {unit: mas / yr}
#       value: !astropy.table.SerializedColumn {name: pm_ra_cosdec}
#     ra:
#       __class__: astropy.coordinates.angles.Longitude
#       unit: *id001
#       value: !astropy.table.SerializedColumn {name: ra}
#       wrap_angle: !astropy.coordinates.Angle
#         unit: *id001
#         value: 360.0
#     radial_velocity:
#       __class__: astropy.units.quantity.Quantity
#       unit: !astropy.units.Unit {unit: km / s}
#       value: !astropy.table.SerializedColumn {name: radial_velocity}
# schema: astropy-2.0
ra,dec,distance,pm_ra_cosdec,pm_dec,radial_velocity
[from data line 1238]
289.81714562338914,-49.40149905190589,5.724803070933405,-13.295679244174098,-13.105457059828609,3.368306851948935e-14
289.8309890816542,-49.39715355726512,5.724986599845611,-13.293035935696158,-13.109142742784787,0.0
289.84482986613796,-49.39280610912362,5.725170499114246,-13.29039149595119,-13.112826036276925,-1.0104920555846805e-13
289.85866797643536,-49.38845670798822,5.725354767671082,-13.28774592621972,-13.116506937527284,6.73661370389787e-14
289.87250341214246,-49.384105354365836,5.725539404447898,-13.285099227783514,-13.12018544375899,3.368306851948935e-14
289.8863361728564,-49.37975204876344,5.725724408376464,-13.28245140192554,-13.123861552196137,0.0
289.9001662581751,-49.37539679168805,5.725909778388559,-13.279802449930024,-13.127535260063684,3.368306851948935e-14
289.9139936676979,-49.37103958364659,5.726095513415954,-13.27715237308235,-13.131206564587593,0.0
289.9278184010252,-49.366680425146214,5.726281612390425,-13.274501172669154,-13.134875462994703,0.0
289.9416404577581,-49.362319316693984,5.726468074243745,-13.271848849978303,-13.138541952512771,0.0
289.95545983749923,-49.35795625879704,5.726654897907691,-13.26919540629881,-13.142206030370494,6.73661370389787e-14
289.96927653985193,-49.35359125196256,5.726842082314037,-13.266540842920968,-13.145867693797495,0.0
289.98309056442076,-49.34922429669776,5.727029626394557,-13.263885161136232,-13.149526940024302,3.368306851948935e-14
289.9969019108113,-49.34485539350989,5.7272175290810265,-13.261228362237274,-13.153183766282392,3.368306851948935e-14
290.0107105786302,-49.340484542906225,5.727405789305216,-13.258570447517984,-13.15683816980416,6.73661370389787e-14
290.02451656748525,-49.33611174539407,5.7275944059989055,-13.255911418273426,-13.160490147822909,-6.73661370389787e-14
290.0383198769851,-49.33173700148081,5.727783378093865,-13.253251275799899,-13.164139697572882,0.0
290.0521205067397,-49.32736031167382,5.727972704521873,-13.250590021394874,-13.16778681628924,0.0
290.06591845635984,-49.322981676480545,5.728162384214702,-13.247927656357037,-13.171431501208072,6.73661370389787e-14
290.07971372545757,-49.318601096408415,5.728352416104127,-13.245264181986236,-13.175073749566394,1.347322740779574e-13
290.09350631364595,-49.31421857196494,5.7285427991219215,-13.242599599583546,-13.178713558602148,-3.368306851948935e-14
290.10729622053884,-49.30983410365765,5.728733532199861,-13.239933910451247,-13.182350925554179,1.347322740779574e-13
290.12108344575165,-49.305447691994104,5.7289246142697205,-13.237267115892747,-13.185985847662296,-1.0104920555846805e-13
290.1348679889003,-49.30105933748192,5.729116044263273,-13.234599217212699,-13.189618322167188,0.0
290.1486498496022,-49.29666904062869,5.729307821112297,-13.231930215716929,-13.193248346310506,6.73661370389787e-14
290.1624290274756,-49.29227680194211,5.72949994374856,-13.229260112712428,-13.196875917334825,-6.73661370389787e-14
290.1762055221398,-49.28788262192987,5.729692411103843,-13.226588909507381,-13.2005010324836,3.368306851948935e-14
290.18997933321526,-49.28348650109969,5.72988522210992,-13.223916607411168,-13.20412368900127,3.368306851948935e-14
290.2037504603234,-49.279088439959324,5.730078375698561,-13.221243207734334,-13.207743884133167,1.0104920555846805e-13
290.2175189030869,-49.27468843901658,5.730271870801544,-13.21856871178859,-13.211361615125554,-3.368306851948935e-14
290.23128466112905,-49.27028649877927,5.730465706350642,-13.215893120886854,-13.214976879225619,-3.368306851948935e-14
290.24504773407455,-49.26588261975527,5.7306598812776315,-13.213216436343188,-13.218589673681462,1.6841534259744677e-13
290.25880812154924,-49.26147680245245,5.730854394514284,-13.210538659472833,-13.222199995742159,-3.368306851948935e-14
290.2725658231796,-49.257069047378735,5.731049244992378,-13.20785979159222,-13.225807842657643,0.0
290.28632083859355,-49.25265935504206,5.7312444316436855,-13.20517983401892,-13.229413211678818,0.0
290.30007316741984,-49.24824772595043,5.731439953399981,-13.202498788071704,-13.233016100057501,3.368306851948935e-14
290.31382280928835,-49.24383416061184,5.731635809193041,-13.199816655070457,-13.236616505046424,2.020984111169361e-13
290.32756976383,-49.239418659534316,5.7318319979546395,-13.197133436336275,-13.240214423899273,6.73661370389787e-14
290.3413140306767,-49.23500122322593,5.732028518616548,-13.194449133191412,-13.24380985387063,1.0104920555846805e-13
290.35505560946154,-49.23058185219479,5.732225370110543,-13.191763746959252,-13.247402792216029,-3.368306851948935e-14
290.3687944998184,-49.22616054694902,5.732422551368401,-13.18907727896436,-13.250993236191889,6.73661370389787e-14
290.3825307013826,-49.22173730799678,5.732620061321893,-13.18638973053245,-13.254581183055606,1.347322740779574e-13
290.39626421379023,-49.217312135846235,5.732817898902798,-13.183701102990389,-13.258166630065476,-3.368306851948935e-14
290.4099950366783,-49.212885031005605,5.733016063042886,-13.181011397666209,-13.261749574480712,-3.368306851948935e-14
290.4237231696852,-49.20845599398314,5.733214552673935,-13.178320615889072,-13.265330013561469,-1.347322740779574e-13
290.43744861245017,-49.20402502528708,5.733413366727716,-13.175628758989305,-13.26890794456883,-1.0104920555846805e-13
290.45117136461346,-49.19959212542574,5.7336125041360075,-13.1729358282984,-13.272483364764778,6.73661370389787e-14
290.4648914258166,-49.195157294907425,5.733811963830583,-13.170241825148931,-13.276056271412264,-3.368306851948935e-14
290.47860879570175,-49.190720534240505,5.734011744743214,-13.167546750874687,-13.27962666177514,-3.368306851948935e-14
290.49232347391245,-49.18628184393332,5.734211845805678,-13.164850606810566,-13.283194533118163,3.368306851948935e-14
290.50603546009324,-49.181841224494306,5.73441226594975,-13.16215339429261,-13.286759882707074,0.0
290.5197447538896,-49.17739867643187,5.734613004107201,-13.159455114657995,-13.290322707808492,-6.73661370389787e-14
290.53345135494806,-49.17295420025445,5.73481405920981,-13.156755769245057,-13.293883005689967,0.0
290.5471552629162,-49.16850779647055,5.735015430189348,-13.154055359393228,-13.29744077362,-1.0104920555846805e-13
290.56085647744266,-49.16405946558866,5.735217115977592,-13.15135388644311,-13.300996008867983,1.6841534259744677e-13
290.5745549981771,-49.159609208117274,5.735419115506315,-13.14865135173642,-13.304548708704278,6.73661370389787e-14
290.5882508247703,-49.155157024564986,5.735621427707293,-13.14594775661601,-13.30809887040014,1.347322740779574e-13
290.6019439568739,-49.150702915440355,5.7358240515122985,-13.143243102425856,-13.311646491227766,1.0104920555846805e-13
290.6156343941408,-49.14624688125199,5.736026985853107,-13.140537390511053,-13.315191568460275,-3.368306851948935e-14
290.6293221362246,-49.14178892250848,5.736230229661497,-13.137830622217841,-13.318734099371685,0.0
290.64300718278025,-49.13732903971851,5.736433781869234,-13.135122798893585,-13.322274081237005,6.73661370389787e-14
290.6566895334637,-49.13286723339072,5.736637641408099,-13.132413921886732,-13.325811511332105,1.347322740779574e-13
290.6703691879318,-49.12840350403382,5.736841807209868,-13.12970399254689,-13.329346386933825,0.0
290.68404614584244,-49.12393785215651,5.737046278206311,-13.126993012224775,-13.332878705319903,6.73661370389787e-14
290.6977204068546,-49.119470278267535,5.737251053329205,-13.124280982272214,-13.336408463769022,1.347322740779574e-13
290.71139197062837,-49.11500078287565,5.737456131510323,-13.121567904042143,-13.339935659560789,3.368306851948935e-14
290.7250608368247,-49.11052936648963,5.737661511681443,-13.118853778888612,-13.343460289975727,-1.0104920555846805e-13
290.7387270051056,-49.10605602961828,5.737867192774336,-13.116138608166807,-13.346982352295282,1.0104920555846805e-13
290.7523904751343,-49.101580772770426,5.738073173720777,-13.113422393232987,-13.350501843801862,3.368306851948935e-14
290.76605124657476,-49.09710359645491,5.7382794534525425,-13.110705135444539,-13.35401876177876,0.0
290.77970931909226,-49.092624501180595,5.738486030901406,-13.107986836159952,-13.357533103510205,0.0
290.79336469235284,-49.08814348745635,5.738692904999139,-13.105267496738831,-13.361044866281372,3.368306851948935e-14
290.8070173660238,-49.083660555791106,5.738900074677522,-13.102547118541857,-13.364554047378336,1.0104920555846805e-13
290.82066733977337,-49.079175706693775,5.739107538868325,-13.099825702930813,-13.368060644088132,0.0
290.8343146132707,-49.07468894067329,5.7393152965033245,-13.097103251268628,-13.371564653698677,-3.368306851948935e-14
290.8479591861861,-49.07020025823863,5.739523346514293,-13.094379764919275,-13.375066073498857,-1.0104920555846805e-13
290.86160105819084,-49.06570965989878,5.73973168783301,-13.091655245247834,-13.378564900778446,0.0
290.8752402289573,-49.06121714616272,5.739940319391244,-13.088929693620504,-13.38206113282818,6.73661370389787e-14
290.88887669815875,-49.05672271753948,5.740149240120771,-13.086203111404556,-13.385554766939709,1.347322740779574e-13
290.9025104654696,-49.05222637453811,5.740358448953369,-13.083475499968324,-13.389045800405597,-3.368306851948935e-14
290.9161415305652,-49.047728117667646,5.7405679448208105,-13.080746860681304,-13.392534230519338,3.368306851948935e-14
290.929769893122,-49.04322794743716,5.74077772665487,-13.078017194914008,-13.396020054575363,6.73661370389787e-14
290.9433955528174,-49.03872586435576,5.74098779338732,-13.07528650403806,-13.39950326986903,6.73661370389787e-14
290.9570185093297,-49.034221868932555,5.741198143949939,-13.072554789426183,-13.4029838736966,1.6841534259744677e-13
290.97063876233864,-49.02971596167664,5.741408777274498,-13.069822052452151,-13.406461863355302,-6.73661370389787e-14
290.98425631152446,-49.025208143097174,5.7416196922927725,-13.06708829449085,-13.40993723614324,1.0104920555846805e-13
290.99787115656875,-49.02069841370333,5.74183088793654,-13.064353516918207,-13.413409989359488,-6.73661370389787e-14
291.0114832971539,-49.016186774004254,5.7420423631375686,-13.061617721111277,-13.416880120304018,2.020984111169361e-13
291.0250927329637,-49.01167322450914,5.742254116827639,-13.05888090844812,-13.420347626277742,1.0104920555846805e-13
291.0386994636824,-49.007157765727214,5.742466147938525,-13.056143080307924,-13.4238125045825,6.73661370389787e-14
291.0523034889958,-49.00264039816768,5.742678455401998,-13.053404238070945,-13.427274752521054,-3.368306851948935e-14
291.06590480859023,-48.99812112233976,5.742891038149835,-13.050664383118486,-13.430734367397074,-3.368306851948935e-14
291.07950342215344,-48.99359993875272,5.743103895113812,-13.047923516832917,-13.434191346515185,-1.0104920555846805e-13
291.09309932937396,-48.98907684791584,5.743317025225699,-13.045181640597713,-13.437645687180915,6.73661370389787e-14
291.1066925299414,-48.984551850338356,5.743530427417272,-13.042438755797365,-13.441097386700754,-6.73661370389787e-14
291.1202830235464,-48.98002494652959,5.743744100620308,-13.039694863817461,-13.444546442382059,6.73661370389787e-14
291.1338708098806,-48.975496136998835,5.743958043766581,-13.036949966044618,-13.447992851533161,0.0
291.1474558886366,-48.970965422255425,5.744172255787863,-13.034204063866556,-13.451436611463313,0.0
291.16103825950813,-48.96643280280869,5.74438673561593,-13.031457158672008,-13.454877719482663,6.73661370389787e-14
291.1746179221897,-48.96189827916795,5.744601482182557,-13.028709251850795,-13.45831617290232,0.0
291.18819487637717,-48.95736185184258,5.744816494419519,-13.025960344793774,-13.46175196903429,-1.0104920555846805e-13
291.20176912176703,-48.952823521341955,5.74503177125859,-13.023210438892868,-13.465185105191516,-3.368306851948935e-14
291.215340658057,-48.94828328817545,5.745247311631544,-13.020459535541045,-13.468615578687874,0.0
291.2289094849458,-48.94374115285245,5.745463114470154,-13.01770763613232,-13.472043386838154,3.368306851948935e-14
291.2424756021332,-48.93919711588239,5.745679178706199,-13.014954742061747,-13.475468526958082,6.73661370389787e-14
291.25603900931975,-48.93465117777466,5.74589550327145,-13.012200854725448,-13.478890996364306,3.368306851948935e-14
291.26959970620726,-48.930103339038695,5.746112087097683,-13.00944597552058,-13.482310792374388,0.0
291.2831576924984,-48.92555360018393,5.746328929116672,-13.006690105845326,-13.485727912306828,6.73661370389787e-14
291.29671296789684,-48.92100196171982,5.746546028260192,-13.00393324709893,-13.489142353481046,-3.368306851948935e-14
291.31026553210734,-48.91644842415581,5.746763383460016,-13.001175400681676,-13.492554113217393,-1.0104920555846805e-13
291.32381538483554,-48.91189298800138,5.746980993647919,-12.998416567994878,-13.495963188837125,6.73661370389787e-14
291.33736252578825,-48.90733565376601,5.74719885775568,-12.995656750440865,-13.49936957766245,3.368306851948935e-14
291.3509069546732,-48.90277642195919,5.747416974715066,-12.992895949423046,-13.502773277016498,0.0
291.36444867119894,-48.89821529309041,5.747635343457858,-12.990134166345825,-13.506174284223297,-3.368306851948935e-14
291.3779876750753,-48.893652267669175,5.747853962915826,-12.98737140261464,-13.509572596607821,-3.368306851948935e-14
291.391523966013,-48.88908734620501,5.748072832020748,-12.984607659635989,-13.512968211495966,1.347322740779574e-13
291.4050575437237,-48.88452052920742,5.748291949704397,-12.981842938817357,-13.516361126214559,-3.368306851948935e-14
291.4185884079201,-48.879951817185955,5.748511314898546,-12.979077241567282,-13.519751338091343,-3.368306851948935e-14
291.43211655831595,-48.87538121065015,5.748730926534972,-12.976310569295304,-13.523138844454984,-1.0104920555846805e-13
291.4456419946259,-48.870808710109536,5.748950783545449,-12.973542923412007,-13.526523642635059,-3.368306851948935e-14
291.4591647165656,-48.86623431607367,5.74917088486175,-12.970774305328991,-13.529905729962103,3.368306851948935e-14
291.47268472385184,-48.86165802905214,5.749391229415652,-12.968004716458864,-13.533285103767554,1.6841534259744677e-13
291.48620201620236,-48.857079849554495,5.749611816138929,-12.965234158215237,-13.53666176138378,6.73661370389787e-14
291.4997165933357,-48.852499778090305,5.749832643963354,-12.962462632012771,-13.540035700144069,-6.73661370389787e-14
291.51322845497145,-48.84791781516915,5.750053711820703,-12.959690139267147,-13.543406917382619,-1.0104920555846805e-13
291.5267376008304,-48.843333961300615,5.750275018642748,-12.956916681395008,-13.546775410434588,-1.0104920555846805e-13
291.5402440306342,-48.838748216994304,5.750496563361267,-12.95414225981406,-13.550141176636032,-3.368306851948935e-14
291.55374774410546,-48.83416058275982,5.750718344908035,-12.951366875942963,-13.553504213323928,-6.73661370389787e-14
291.5672487409678,-48.82957105910675,5.750940362214822,-12.948590531201454,-13.556864517836184,1.0104920555846805e-13
291.58074702094586,-48.82497964654471,5.751162614213405,-12.945813227010206,-13.56022208751164,1.0104920555846805e-13
291.59424258376526,-48.82038634558331,5.751385099835559,-12.943034964790925,-13.563576919690053,-3.368306851948935e-14
291.60773542915257,-48.81579115673217,5.75160781801306,-12.940255745966342,-13.566929011712084,3.368306851948935e-14
291.6212255568353,-48.811194080500904,5.751830767677679,-12.937475571960151,-13.570278360919353,0.0
291.6347129665422,-48.80659511739915,5.752053947761193,-12.93469444419706,-13.573624964654377,-1.0104920555846805e-13
291.64819765800263,-48.80199426793653,5.752277357195377,-12.931912364102796,-13.576968820260593,1.347322740779574e-13
291.6616796309473,-48.79739153262267,5.752500994912003,-12.929129333104022,-13.580309925082393,-6.73661370389787e-14
291.6751588851076,-48.79278691196722,5.7527248598428455,-12.92634535262847,-13.58364827646506,-1.0104920555846805e-13
291.68863542021603,-48.7881804064798,5.7529489509196825,-12.9235604241048,-13.586983871754803,-1.6841534259744677e-13
291.70210923600615,-48.78357201667008,5.7531732670742874,-12.9207745489627,-13.590316708298754,3.368306851948935e-14
