galstreams/tracks/track.st.NGC1261b.ibata2024.ecsv
# %ECSV 1.0
# ---
# datatype:
# - {name: ra, unit: deg, datatype: float64}
# - {name: dec, unit: deg, datatype: float64}
# - {name: distance, unit: kpc, datatype: float64}
# - {name: pm_ra_cosdec, unit: mas / yr, datatype: float64}
# - {name: pm_dec, unit: mas / yr, datatype: float64}
# - {name: radial_velocity, unit: km / s, datatype: float64}
# delimiter: ','
# meta: !!omap
# - __serialized_columns__:
#     dec:
#       __class__: astropy.coordinates.angles.Latitude
#       unit: &id001 !astropy.units.Unit {unit: deg}
#       value: !astropy.table.SerializedColumn {name: dec}
#     distance:
#       __class__: astropy.coordinates.distances.Distance
#       unit: !astropy.units.Unit {unit: kpc}
#       value: !astropy.table.SerializedColumn {name: distance}
#     pm_dec:
#       __class__: astropy.units.quantity.Quantity
#       unit: !astropy.units.Unit {unit: mas / yr}
#       value: !astropy.table.SerializedColumn {name: pm_dec}
#     pm_ra_cosdec:
#       __class__: astropy.units.quantity.Quantity
#       unit: !astropy.units.Unit {unit: mas / yr}
#       value: !astropy.table.SerializedColumn {name: pm_ra_cosdec}
#     ra:
#       __class__: astropy.coordinates.angles.Longitude
#       unit: *id001
#       value: !astropy.table.SerializedColumn {name: ra}
#       wrap_angle: !astropy.coordinates.Angle
#         unit: *id001
#         value: 360.0
#     radial_velocity:
#       __class__: astropy.units.quantity.Quantity
#       unit: !astropy.units.Unit {unit: km / s}
#       value: !astropy.table.SerializedColumn {name: radial_velocity}
# schema: astropy-2.0
ra,dec,distance,pm_ra_cosdec,pm_dec,radial_velocity
[from data line 141]
44.24364865908477,-50.41446116939411,1.0000000000000016,1.9740033785346895,-1.4936222229152918,-19088735.795967318
44.25762622496965,-50.419005988680894,1.0000000000000016,1.9723120941780508,-1.4947540811263025,-19007898.27746247
44.27159034956888,-50.42356160172852,1.0000000000000016,1.9706344725564122,-1.4958819206804037,-18927289.29530376
44.28554109206269,-50.428127972794066,1.0000000000000016,1.9689704792108387,-1.4970057443715632,-18846908.52599622
44.29947851159225,-50.43270506610338,1.0000000000000016,1.9673200759571046,-1.4981255501043051,-18766755.64604486
44.313402667259965,-50.43729284585122,1.0000000000000018,1.9656832290347666,-1.4992413367144763,-18686830.331954718
44.32731361812959,-50.44189127620131,1.0000000000000016,1.9640599011909217,-1.5003531037364155,-18607132.260230776
44.34121142322643,-50.4465003212864,1.0000000000000016,1.962450057035312,-1.5014608497731388,-18527661.107378077
44.355096141537615,-50.45111994520842,1.0000000000000016,1.960853660479188,-1.5025645745918155,-18448416.549901627
44.36896783201195,-50.45575011203833,1.0000000000000016,1.9592706756666303,-1.5036642774939537,-18369398.264306456
44.382826553560555,-50.4603907858165,1.0000000000000016,1.9577010672073811,-1.5047599563840777,-18290605.92709756
44.39667236505673,-50.465041930552594,1.0000000000000016,1.9561447978485376,-1.5058516128920019,-18212039.214779984
44.41050532533623,-50.469703510225614,1.0000000000000016,1.9546018331311643,-1.5069392451550812,-18133697.803858712
44.42432549319746,-50.474375488784105,1.0000000000000016,1.9530721365008503,-1.508022852241993,-18055581.370838795
44.438132927401576,-50.479057830146125,1.0000000000000016,1.9515556721016765,-1.5091024350840598,-17977689.592225224
44.45192768667274,-50.48375049819935,1.0000000000000016,1.9500524050090462,-1.5101779925171286,-17900022.14452302
44.465709829698255,-50.4884534568011,1.0000000000000016,1.9485622979700565,-1.5112495236098766,-17822578.704237215
44.47947941512874,-50.493166669778525,1.0000000000000016,1.947085316060111,-1.5123170285951346,-17745358.947872814
44.49323650157833,-50.49789010092853,1.0000000000000016,1.9456214231904596,-1.51338050654158,-17668362.551934842
44.506981147624806,-50.50262371401793,1.0000000000000016,1.944170583738014,-1.514439957914874,-17591589.19292831
44.520713411809865,-50.50736747278355,1.0000000000000016,1.9427327623125166,-1.5154953820165247,-17515038.547358233
44.534433352639006,-50.512121340932104,1.0000000000000016,1.9413079218938947,-1.5165467783808708,-17438710.291729633
44.54814102858214,-50.51688528214056,1.0000000000000016,1.9398960282560438,-1.5175941474735737,-17362604.102547526
44.561836498073404,-50.52165926005596,1.0000000000000016,1.938497044146061,-1.518637489527464,-17286719.656316936
44.57551981951152,-50.52644323829561,1.0000000000000016,1.9371109348721802,-1.519676803611219,-17211056.62954287
44.589191051259874,-50.53123718044709,1.0000000000000016,1.9357376643456519,-1.5207120892591774,-17135614.69873035
44.60285025164669,-50.53604105006838,1.0000000000000016,1.9343771969433874,-1.5217433476354927,-17060393.540384386
44.61649747896524,-50.540854810687854,1.0000000000000013,1.9330294968094677,-1.522770578507334,-16985392.831010003
44.63013279147397,-50.545678425804404,1.0000000000000016,1.9316945285536349,-1.523793782107532,-16910612.247112215
44.643756247396674,-50.55051185888747,1.0000000000000016,1.9303722558543086,-1.5248129572719336,-16836051.46519606
44.65736790492269,-50.55535507337714,1.0000000000000016,1.9290626437868923,-1.5258281060960144,-16761710.161766505
44.67096782220701,-50.56020803268418,1.0000000000000013,1.9277656562626362,-1.5268392271827906,-16687588.013328614
44.68455605737056,-50.56507070019017,1.0000000000000016,1.9264812571927905,-1.5278463223949075,-16613684.696387388
44.69813266850007,-50.56994303924737,1.0000000000000016,1.92520941211842,-1.528849390335381,-16539999.88744784
44.71169771364862,-50.574825013179066,1.0000000000000016,1.9239500840194523,-1.5298484328668565,-16466533.263014989
44.725251250835576,-50.57971658527943,1.0000000000000016,1.9227032382041216,-1.5308434481266886,-16393284.499593861
44.7387933380468,-50.584617718813696,1.0000000000000013,1.9214688395150006,-1.5318344393745065,-16320253.273689464
44.75232403323477,-50.58952837701811,1.0000000000000013,1.920246850932017,-1.5328214052133262,-16247439.26180682
44.76584339431881,-50.59444852310012,1.0000000000000013,1.9190372377634048,-1.5338043470401317,-16174842.140450941
44.779351479185195,-50.59937812023833,1.0000000000000013,1.9178399643860757,-1.5347832653205842,-16102461.586126845
44.79284834568732,-50.60431713158263,1.0000000000000013,1.916654994012788,-1.535758159123361,-16030297.275339557
44.806334051645884,-50.60926552025425,1.0000000000000013,1.9154822931159288,-1.5367290314752609,-15958348.884594087
44.819808654849005,-50.61422324934577,1.0000000000000013,1.9143218249082565,-1.5376958816777915,-15886616.090395454
44.833272213052375,-50.61919028192125,1.0000000000000013,1.9131735539995134,-1.5386587101966143,-15815098.56924867
44.84672478397954,-50.62416658101628,1.0000000000000013,1.9120374447666109,-1.539617518428713,-15743795.997658761
44.860166425321715,-50.62915210963793,1.0000000000000013,1.9109134613536298,-1.540572306374088,-15672708.052130744
44.873597194738394,-50.63414683076499,1.0000000000000013,1.9098015695344657,-1.541523075895384,-15601834.40916963
44.887017149857186,-50.63915070734793,1.0000000000000013,1.9087017331039533,-1.5424698279239237,-15531174.745280432
44.90042634827407,-50.644163702308916,1.0000000000000013,1.907613915973343,-1.5434125617612153,-15460728.736968182
44.91382484755353,-50.64918577854201,1.0000000000000013,1.9065380827523768,-1.5443512802012265,-15390496.060737886
44.92721270522871,-50.654216898913056,1.0000000000000013,1.9054741990985349,-1.5452859825454652,-15320476.393094562
44.94058997880156,-50.65925702625989,1.0000000000000013,1.9044222282245755,-1.54621667182073,-15250669.410543231
44.95395672574299,-50.66430612339228,1.0000000000000013,1.9033821355551481,-1.547143345931545,-15181074.789588911
44.967313003493,-50.66936415309209,1.000000000000001,1.9023538848850876,-1.5480660093016922,-15111692.206736615
44.980658869460854,-50.67443107811326,1.0000000000000013,1.9013374417554587,-1.54898466123268,-15042521.338491362
44.99399438102522,-50.67950686118188,1.000000000000001,1.9003327697282657,-1.5498993031214923,-14973561.861358173
45.007319595534355,-50.684591464996316,1.0000000000000013,1.8993398337624967,-1.5508099372964352,-14904813.45184205
45.02063457030603,-50.68968485222709,1.0000000000000013,1.8983585989335552,-1.5517165632918477,-14836275.78644803
45.033939362628004,-50.69478698551715,1.0000000000000013,1.8973890288034454,-1.5526191839016974,-14767948.541681118
45.047234029758,-50.6998978274818,1.0000000000000013,1.8964310887968168,-1.5535177991259843,-14699831.394046336
45.06051862892383,-50.705017340708785,1.0000000000000013,1.895484744105488,-1.554412409896031,-14631924.020048702
45.07379321732357,-50.71014548775838,1.0000000000000013,1.8945499578258023,-1.555303019238636,-14564226.09619323
45.087057852125675,-50.715282231163364,1.0000000000000013,1.8936266953824088,-1.5561896287836134,-14496737.298984934
45.10031259046918,-50.720427533429145,1.0000000000000013,1.8927149210358039,-1.5570722380653024,-14429457.30492884
45.11355748946379,-50.725581357033796,1.0000000000000013,1.8918146002106369,-1.5579508503433317,-14362385.790529955
45.12679260619002,-50.73074366442812,1.0000000000000013,1.8909256972838193,-1.5588254663161933,-14295522.43229331
45.14001799769936,-50.73591441803565,1.000000000000001,1.8900481768650934,-1.5596960871480405,-14228866.90672391
45.15323372101436,-50.74109358025278,1.0000000000000013,1.8891820032149553,-1.5605627154000103,-14162418.890326776
45.16643983312892,-50.74628111344883,1.0000000000000016,1.8883271418744698,-1.5614253520034254,-14096178.059606927
45.179636391008074,-50.75147697996587,1.0000000000000013,1.8874835566384718,-1.5622839981224388,-14030144.091069378
45.192823451588566,-50.75668114211917,1.0000000000000013,1.88665121269878,-1.5631386565510184,-13964316.661219144
45.206001071778736,-50.761893562196924,1.0000000000000013,1.8858300750143826,-1.5639893296174705,-13898695.446561245
45.21916930845865,-50.767114202460434,1.0000000000000013,1.8850201076129451,-1.5648360173217952,-13833280.123600697
45.23232821848034,-50.77234302514414,1.0000000000000013,1.884221276268363,-1.5656787224579602,-13768070.36884252
45.245477858667826,-50.777579992455706,1.0000000000000013,1.8834335445426404,-1.56651744665578,-13703065.858791731
45.258618285817306,-50.782825066575995,1.0000000000000013,1.882656877860427,-1.567352192942053,-13638266.26995335
45.2717495566973,-50.7880782096592,1.0000000000000013,1.8818912411807105,-1.5681829610839486,-13573671.278832383
45.28487172804876,-50.79333938383282,1.0000000000000013,1.8811365992296487,-1.5690097536426038,-13509280.56193385
45.29798485658516,-50.79860855119782,1.0000000000000013,1.880392916384153,-1.5698325738776475,-13445093.795762777
45.311088998992766,-50.80388567382859,1.0000000000000013,1.879660157370381,-1.5706514231860638,-13381110.656824177
45.32418421193043,-50.80917071377291,1.0000000000000013,1.8789382873801515,-1.571466303197667,-13317330.821623066
45.33727055203018,-50.81446363305223,1.0000000000000013,1.878227270906791,-1.5722772155422717,-13253753.966664461
45.35034807589704,-50.81976439366158,1.0000000000000013,1.87752707360778,-1.573084163479507,-13190379.768453382
45.363416840109196,-50.82507295756961,1.0000000000000013,1.8768376591615379,-1.5738871486391872,-13127207.903494835
45.376476901218176,-50.83038928671868,1.0000000000000013,1.87615899334196,-1.5746861742809415,-13064238.048293853
45.38952831574897,-50.83571334302484,1.0000000000000013,1.8754910407587886,-1.5754812406376004,-13001469.879355453
45.402571140200095,-50.84104508837802,1.0000000000000013,1.8748337655561045,-1.576272350968793,-12938903.073184634
45.41560543104379,-50.8463844846419,1.0000000000000013,1.8741871333913878,-1.577059508068487,-12876537.306286428
45.4286312447261,-50.85173149365413,1.0000000000000013,1.8735511094564572,-1.577842713566497,-12814372.25516585
45.441648637666994,-50.85708607722621,1.0000000000000013,1.8729256574297324,-1.5786219700239599,-12752407.59632792
45.45465766626048,-50.86244819714366,1.0000000000000013,1.8723107433179393,-1.5793972795363516,-12690643.006277645
45.46765838687484,-50.86781781516609,1.0000000000000013,1.8717063317308202,-1.580168645363301,-12629078.161520047
45.48065085585239,-50.873194893027026,1.000000000000001,1.8711123872781172,-1.5809360686689615,-12567712.738560155
45.49363512951012,-50.878579392434254,1.000000000000001,1.8705288750352338,-1.5816995536442846,-12506546.413902966
45.50661126413943,-50.88397127506967,1.000000000000001,1.869955760310404,-1.5824591009877622,-12445578.864053506
45.51957931600639,-50.8893705025894,1.000000000000001,1.869393007364124,-1.5832147146575153,-12384809.765516803
45.53253934135181,-50.8947770366238,1.000000000000001,1.8688405817374587,-1.5839663962833583,-12324238.794797858
45.54549139639138,-50.900190838777554,1.000000000000001,1.8682984481565654,-1.584714149357751,-12263865.628401687
45.55843553731576,-50.90561187062968,1.000000000000001,1.867766571813263,-1.5854579755105078,-12203689.942833323
45.57137182029073,-50.91104009373357,1.000000000000001,1.867244917433709,-1.5861978780012578,-12143711.414597776
45.58430030145728,-50.9164754696171,1.0000000000000013,1.8667334497440606,-1.5869338605552912,-12083929.720200058
45.59722103693171,-50.92191795978255,1.0000000000000009,1.8662321347510442,-1.5876659236382693,-12024344.536145192
45.61013408280577,-50.927367525706785,1.000000000000001,1.8657409363659099,-1.5883940716739744,-11964955.53893819
45.62303949514679,-50.932824128841254,1.000000000000001,1.865259820013307,-1.5891183069907129,-11905762.405084075
45.6359373299976,-50.938287730611904,1.000000000000001,1.8647887510014698,-1.5898386328481138,-11846764.81108786
45.648827643376976,-50.94375829241941,1.000000000000001,1.8643276935908943,-1.5905550515744835,-11787962.433454568
45.66171049127946,-50.94923577563916,1.000000000000001,1.8638766136718914,-1.5912675661966205,-11729354.94868921
45.67458592967563,-50.95472014162124,1.000000000000001,1.863435476203449,-1.5919761795084924,-11670942.033296805
45.68745401451209,-50.96021135169052,1.000000000000001,1.8630042457953095,-1.5926808952353895,-11612723.36378237
45.7003148017117,-50.965709367146694,1.000000000000001,1.862582887755707,-1.5933817154727876,-11554698.616650922
45.71316834717355,-50.97121414926432,1.000000000000001,1.862171366927214,-1.5940786437131464,-11496867.468407476
45.726014706773164,-50.97672565929285,1.000000000000001,1.8617696487344801,-1.594771682517603,-11439229.595557056
45.73885393636256,-50.98224385845667,1.000000000000001,1.8613776984857395,-1.595460835378617,-11381784.674604673
45.75168609177036,-50.98776870795517,1.000000000000001,1.8609954805579036,-1.5961461060214788,-11324532.382055346
45.76451122880189,-50.99330016896274,1.000000000000001,1.8606229608412832,-1.5968274967744946,-11267472.394414097
45.777329403239335,-50.998838202628896,1.000000000000001,1.8602601040620357,-1.5975050108972937,-11210604.388185931
45.7901406708416,-51.004382770078124,1.000000000000001,1.8599068750627339,-1.598178650951013,-11153928.039875878
45.8029450873448,-51.00993383241015,1.0000000000000009,1.859563239500858,-1.5988484220579267,-11097443.025988948
45.81574270846209,-51.0154913506999,1.000000000000001,1.8592291624518111,-1.599514325382188,-11041149.023030166
45.8285335898838,-51.02105528599745,1.0000000000000009,1.8589046088745818,-1.600176366046071,-10985045.707504531
45.84131778727756,-51.02662559932818,1.0000000000000009,1.8585895438445732,-1.600834545912221,-10929132.755917078
45.85409535628843,-51.03220225169275,1.000000000000001,1.8582839329028502,-1.601488868938759,-10873409.844772821
45.866866352538935,-51.03778520406718,1.000000000000001,1.857987741008401,-1.6021393390838057,-10817876.650576774
45.87963083162918,-51.043374417402795,1.000000000000001,1.8577009332366288,-1.6027859579771757,-10762532.849833956
45.89238884913695,-51.048969852626435,1.000000000000001,1.8574234752450138,-1.6034287319052964,-10707378.11904938
45.9051404606178,-51.05457147064027,1.0000000000000009,1.8571553317597136,-1.6040676615666598,-10652412.134728068
45.91788572160515,-51.06017923232204,1.000000000000001,1.8568964680889621,-1.6047027516178787,-10597634.573375035
45.930624687610454,-51.06579309852502,1.000000000000001,1.856646849657409,-1.605334006017074,-10543045.1114953
45.943357414122964,-51.071413030077906,1.000000000000001,1.8564064415404573,-1.6059614277910441,-10488643.425593877
45.95608395661032,-51.07703898778513,1.000000000000001,1.8561752090463415,-1.606585020199418,-10434429.192175785
45.96880437051829,-51.082670932426694,1.000000000000001,1.8559531174832955,-1.607204787665978,-10380402.087746045
45.981518711270944,-51.08830882475829,1.000000000000001,1.8557401319267228,-1.6078207334503531,-10326561.788809665
45.99422703427077,-51.09395262551128,1.0000000000000009,1.8555362178012729,-1.6084328612778336,-10272907.971871668
46.006929394898734,-51.09960229539277,1.000000000000001,1.8553413402987644,-1.6090411744080484,-10219440.313437074
46.01962584851435,-51.105257795085656,1.000000000000001,1.8551554646110162,-1.6096456774976104,-10166158.490010891
46.03231645045582,-51.11091908524861,1.000000000000001,1.8549785563955083,-1.6102463735733181,-10113062.17809815
46.04500125604007,-51.11658612651614,1.0000000000000009,1.8548105807276443,-1.610843266127631,-10060151.054203855
46.057680320562824,-51.12225887949868,1.000000000000001,1.8546515027992427,-1.6114363599335775,-10007424.794833032
46.07035369929875,-51.1279373047825,1.0000000000000009,1.8545012879185379,-1.6120256583672017,-9954883.076490691
