galstreams/tracks/track.ep.Wambelong.shipp2018.ecsv
# %ECSV 0.9
# ---
# datatype:
# - {name: ra, unit: deg, datatype: float64}
# - {name: dec, unit: deg, datatype: float64}
# - {name: distance, unit: kpc, datatype: float64}
# - {name: pm_ra_cosdec, unit: mas / yr, datatype: float64}
# - {name: pm_dec, unit: mas / yr, datatype: float64}
# - {name: radial_velocity, unit: km / s, datatype: float64}
# delimiter: ','
# meta: !!omap
# - __serialized_columns__:
#     dec:
#       __class__: astropy.coordinates.angles.Latitude
#       unit: &id001 !astropy.units.Unit {unit: deg}
#       value: !astropy.table.SerializedColumn {name: dec}
#     distance:
#       __class__: astropy.coordinates.distances.Distance
#       unit: !astropy.units.Unit {unit: kpc}
#       value: !astropy.table.SerializedColumn {name: distance}
#     pm_dec:
#       __class__: astropy.units.quantity.Quantity
#       unit: !astropy.units.Unit {unit: mas / yr}
#       value: !astropy.table.SerializedColumn {name: pm_dec}
#     pm_ra_cosdec:
#       __class__: astropy.units.quantity.Quantity
#       unit: !astropy.units.Unit {unit: mas / yr}
#       value: !astropy.table.SerializedColumn {name: pm_ra_cosdec}
#     ra:
#       __class__: astropy.coordinates.angles.Longitude
#       unit: *id001
#       value: !astropy.table.SerializedColumn {name: ra}
#       wrap_angle: !astropy.coordinates.Angle
#         unit: *id001
#         value: 360.0
#     radial_velocity:
#       __class__: astropy.units.quantity.Quantity
#       unit: !astropy.units.Unit {unit: km / s}
#       value: !astropy.table.SerializedColumn {name: radial_velocity}
# schema: astropy-2.0
ra,dec,distance,pm_ra_cosdec,pm_dec,radial_velocity
90.50000009658731,-45.599999941293305,15.100000000000001,2.0,-0.1,0.0
90.43335718942191,-45.54625504649637,15.100000000000001,2.0,-0.1,0.0
90.36684163877935,-45.49247147533524,15.100000000000001,1.9999999999999998,-0.1,0.0
90.30045305405807,-45.43864937409513,15.100000000000001,2.0,-0.1,0.0
90.23419104556446,-45.38478888847186,15.100000000000001,2.0,-0.1,0.0
90.16805522451487,-45.33089016357452,15.100000000000001,2.0,-0.1,0.0
90.10204520303725,-45.276953343927545,15.1,2.0,-0.1,0.0
90.03616059417273,-45.22297857347318,15.100000000000003,2.0,-0.1,0.0
89.97040101187714,-45.168965995573586,15.100000000000001,2.0,-0.1,0.0
89.90476607102279,-45.114915753013406,15.100000000000001,2.0,-0.1,0.0
89.83925538739967,-45.06082798800189,15.100000000000001,1.9999999999999998,-0.1,0.0
89.77386857771702,-45.00670284217527,15.100000000000003,1.9999999999999998,-0.1,0.0
89.70860525960461,-44.95254045659907,15.100000000000001,1.9999999999999998,-0.1,0.0
89.64346505161382,-44.89834097177017,15.100000000000001,1.9999999999999998,-0.1,0.0
89.5784475732193,-44.84410452761949,15.100000000000003,2.0,-0.1,0.0
89.5135524448197,-44.78983126351394,15.100000000000001,2.0,-0.1,0.0
89.44877928773904,-44.73552131825881,15.100000000000001,2.0,-0.1,0.0
89.38412772422772,-44.68117483010009,15.100000000000001,2.0,-0.1,0.0
89.31959737746331,-44.62679193672655,15.100000000000001,2.0,-0.1,0.0
89.25518787155174,-44.572372775272214,15.100000000000001,1.9999999999999998,-0.1,0.0
89.19089883152809,-44.517917482318516,15.100000000000003,1.9999999999999998,-0.1,0.0
89.12672988335743,-44.46342619389655,15.100000000000001,2.0,-0.1,0.0
89.0626806539355,-44.40889904548922,15.1,2.0,-0.1,0.0
88.9987507710896,-44.35433617203368,15.1,1.9999999999999998,-0.1,0.0
88.93493986357915,-44.2997377079234,15.100000000000001,2.0,-0.1,0.0
88.87124756109634,-44.24510378701043,15.100000000000001,2.0,-0.1,0.0
88.8076734942668,-44.190434542607704,15.100000000000001,2.0,-0.1,0.0
88.7442172946498,-44.135730107491035,15.100000000000001,2.0,-0.1,0.0
88.68087859473918,-44.0809906139016,15.100000000000001,2.0,-0.1,0.0
88.61765702796349,-44.02621619354795,15.100000000000001,2.0,-0.1,0.0
88.55455222868638,-43.97140697760831,15.1,2.0,-0.1,0.0
88.49156383220708,-43.91656309673273,15.100000000000001,2.0,-0.1,0.0
88.42869147476043,-43.861684681045155,15.100000000000001,2.0,-0.1,0.0
88.36593479351741,-43.80677186014584,15.100000000000001,2.0,-0.1,0.0
88.30329342658517,-43.75182476311335,15.100000000000001,2.0,-0.1,0.0
88.24076701300723,-43.696843518506796,15.100000000000001,2.0,-0.1,0.0
88.17835519276362,-43.64182825436802,15.100000000000003,2.0,-0.1,0.0
88.11605760677071,-43.58677909822357,15.100000000000001,2.0,-0.1,0.0
88.05387389688163,-43.53169617708709,15.100000000000001,2.0,-0.1,0.0
87.99180370588594,-43.476579617461375,15.1,2.0,-0.1,0.0
87.92984667750977,-43.4214295453405,15.100000000000001,2.0,-0.1,0.0
87.86800245641545,-43.3662460862118,15.100000000000001,2.0,-0.1,0.0
87.80627068820168,-43.31102936505831,15.100000000000001,2.0,-0.1,0.0
87.74465101940316,-43.25577950636064,15.100000000000001,2.0,-0.1,0.0
87.68314309749044,-43.200496634099174,15.1,2.0,-0.1,0.0
87.62174657086966,-43.14518087175621,15.1,1.9999999999999998,-0.1,0.0
87.56046108888211,-43.089832342317884,15.100000000000003,2.0,-0.1,0.0
87.49928630180416,-43.03445116827649,15.100000000000003,2.0,-0.1,0.0
87.43822186084672,-42.97903747163247,15.100000000000003,2.0,-0.1,0.0
87.37726741815484,-42.923591373896485,15.100000000000003,2.0,-0.1,0.0
87.31642262680734,-42.86811299609154,15.100000000000001,2.0,-0.1,0.0
87.25568714081619,-42.81260245875487,15.100000000000001,2.0,-0.1,0.0
87.19506061512618,-42.75705988194028,15.100000000000001,2.0,-0.1,0.0
87.13454270561427,-42.70148538522004,15.100000000000001,2.0,-0.1,0.0
87.07413306908907,-42.64587908768697,15.100000000000001,2.0,-0.1,0.0
87.0138313632901,-42.59024110795639,15.100000000000001,2.0,-0.1,0.0
86.95363724688727,-42.53457156416831,15.100000000000001,2.0,-0.1,0.0
86.89355037948022,-42.47887057398939,15.1,2.0,-0.1,0.0
86.8335704215975,-42.42313825461494,15.100000000000001,2.0,-0.1,0.0
86.77369703469596,-42.367374722771025,15.100000000000001,2.0,-0.1,0.0
86.71392988115976,-42.311580094716206,15.100000000000001,2.0,-0.1,0.0
86.65426862429989,-42.25575448624399,15.100000000000001,2.0,-0.1,0.0
86.59471292835308,-42.19989801268442,15.100000000000001,2.0,-0.1,0.0
86.53526245848104,-42.14401078890631,15.100000000000001,2.0,-0.1,0.0
86.47591688076962,-42.08809292931917,15.100000000000001,2.0,-0.1,0.0
86.4166758622277,-42.032144547875,15.100000000000003,2.0,-0.1,0.0
86.3575390707865,-41.97616575807058,15.100000000000001,2.0,-0.1,0.0
86.29850617529847,-41.92015667294923,15.100000000000001,2.0,-0.1,0.0
86.23957684553628,-41.8641174051028,15.100000000000001,1.9999999999999998,-0.1,0.0
86.1807507521919,-41.808048066673685,15.100000000000001,2.0,-0.1,0.0
86.12202756687533,-41.75194876935657,15.100000000000001,1.9999999999999998,-0.1,0.0
86.06340696211379,-41.69581962440066,15.1,2.0,-0.1,0.0
86.0048886113505,-41.63966074261142,15.100000000000001,2.0,-0.1,0.0
85.9464721889435,-41.58347223435258,15.100000000000001,2.0,-0.1,0.0
85.8881573701645,-41.527254209547884,15.100000000000001,2.0,-0.1,0.0
85.82994383119787,-41.47100677768326,15.100000000000001,2.0,-0.1,0.0
85.77183124913923,-41.414730047808575,15.100000000000001,2.0,-0.1,0.0
85.71381930199438,-41.35842412853953,15.100000000000001,2.0,-0.1,0.0
85.655907668678,-41.302089128059635,15.100000000000001,2.0,-0.1,0.0
85.59809602901224,-41.245725154121885,15.100000000000003,2.0,-0.1,0.0
85.54038406372575,-41.18933231405094,15.100000000000001,2.0,-0.1,0.0
85.48277145445208,-41.13291071474477,15.1,2.0,-0.1,0.0
85.42525788372846,-41.0764604626766,15.100000000000001,2.0,-0.1,0.0
85.36784303499455,-41.0199816638968,15.100000000000001,2.0,-0.1,0.0
85.31052659259073,-40.96347442403458,15.1,2.0,-0.1,0.0
85.25330824175713,-40.90693884830003,15.100000000000003,1.9999999999999998,-0.1,0.0
85.1961876686319,-40.85037504148589,15.100000000000003,2.0,-0.1,0.0
85.13916456024995,-40.793783107969304,15.100000000000001,2.0,-0.1,0.0
85.08223860454147,-40.73716315171379,15.100000000000001,2.0,-0.1,0.0
85.02540949033026,-40.6805152762708,15.100000000000003,2.0,-0.1,0.0
84.96867690733256,-40.6238395847819,15.100000000000003,2.0,-0.1,0.0
84.91204054615534,-40.567136179980224,15.100000000000001,1.9999999999999998,-0.1,0.0
84.85550009829484,-40.510405164192555,15.100000000000001,2.0,-0.1,0.0
84.79905525613489,-40.45364663934082,15.1,2.0,-0.1,0.0
84.74270571294558,-40.396860706944146,15.100000000000001,2.0,-0.1,0.0
84.68645116288154,-40.34004746812051,15.100000000000001,2.0,-0.1,0.0
84.63029130098032,-40.28320702358851,15.100000000000003,2.0,-0.1,0.0
84.57422582316089,-40.22633947366918,15.100000000000001,2.0,-0.1,0.0
84.51825442622186,-40.169444918287574,15.100000000000001,2.0,-0.1,0.0
84.46237680784,-40.112523456974806,15.1,2.0,-0.1,0.0
84.4065926665685,-40.055575188869604,15.100000000000001,2.0,-0.1,0.0
84.35090170183526,-39.99860021272002,15.100000000000001,1.9999999999999998,-0.1,0.0
84.29530361394129,-39.94159862688529,15.100000000000001,2.0,-0.1,0.0
84.23979810405893,-39.884570529337445,15.1,2.0,-0.1,0.0
84.18438487423019,-39.82751601766307,15.1,1.9999999999999998,-0.1,0.0
84.12906362736497,-39.77043518906506,15.100000000000003,1.9999999999999998,-0.1,0.0
84.07383406723939,-39.71332814036423,15.100000000000001,2.0,-0.1,0.0
84.01869589849393,-39.65619496800112,15.100000000000001,1.9999999999999998,-0.1,0.0
83.96364882663174,-39.59903576803755,15.100000000000001,2.0,-0.1,0.0
83.90869255801684,-39.541850636158436,15.100000000000001,2.0,-0.1,0.0
83.85382679987228,-39.484639667673406,15.100000000000003,2.0,-0.1,0.0
83.7990512602784,-39.427402957518474,15.100000000000001,2.0,-0.1,0.0
83.744365648171,-39.37014060025769,15.100000000000001,2.0,-0.1,0.0
83.6897696733394,-39.312852690084846,15.100000000000003,2.0,-0.1,0.0
83.6352630464248,-39.255539320825065,15.100000000000001,2.0,-0.1,0.0
83.58084547891819,-39.1982005859365,15.100000000000001,1.9999999999999998,-0.1,0.0
83.5265166831587,-39.14083657851191,15.100000000000001,2.0,-0.1,0.0
83.47227637233158,-39.083447391280394,15.100000000000001,2.0,-0.1,0.0
83.41812426046634,-39.0260331166089,15.100000000000001,2.0,-0.1,0.0
83.36406006243494,-38.96859384650392,15.1,2.0,-0.1,0.0
83.31008349394976,-38.911129672613065,15.1,2.0,-0.1,0.0
83.2561942715618,-38.85364068622668,15.100000000000001,2.0,-0.1,0.0
83.20239211265859,-38.79612697827947,15.100000000000003,2.0,-0.1,0.0
83.14867673546247,-38.73858863935204,15.100000000000001,1.9999999999999998,-0.1,0.0
83.0950478590285,-38.681025759672536,15.100000000000001,2.0,-0.1,0.0
83.04150520324252,-38.623438429118174,15.100000000000001,1.9999999999999998,-0.1,0.0
82.98804848881923,-38.565826737216845,15.100000000000001,2.0,-0.1,0.0
82.9346774373002,-38.508190773148705,15.100000000000003,1.9999999999999998,-0.1,0.0
82.88139177105187,-38.45053062574767,15.1,2.0,-0.1,0.0
82.82819121326362,-38.39284638350301,15.100000000000001,2.0,-0.1,0.0
82.77507548794571,-38.335138134560914,15.100000000000001,2.0,-0.1,0.0
82.72204431992733,-38.27740596672601,15.100000000000001,2.0,-0.1,0.0
82.66909743485458,-38.21964996746288,15.100000000000001,2.0,-0.1,0.0
82.61623455918837,-38.16187022389763,15.100000000000001,2.0,-0.1,0.0
82.56345542020257,-38.10406682281938,15.100000000000001,2.0,-0.1,0.0
82.5107597459818,-38.0462398506818,15.100000000000003,2.0,-0.1,0.0
82.45814726541953,-37.988389393604635,15.100000000000001,1.9999999999999998,-0.1,0.0
82.40561770821591,-37.93051553737514,15.1,2.0,-0.1,0.0
82.35317080487586,-37.87261836744968,15.100000000000003,1.9999999999999998,-0.1,0.0
82.30080628670687,-37.81469796895514,15.100000000000001,2.0,-0.1,0.0
82.24852388581711,-37.75675442669042,15.100000000000003,2.0,-0.1,0.0
82.19632333511315,-37.69878782512797,15.100000000000003,2.0,-0.1,0.0
82.14420436829806,-37.64079824841521,15.100000000000001,2.0,-0.1,0.0
82.09216671986928,-37.58278578037601,15.1,1.9999999999999998,-0.1,0.0
82.04021012511653,-37.52475050451214,15.100000000000003,2.0,-0.1,0.0
81.98833432011968,-37.46669250400479,15.100000000000003,2.0,-0.1,0.0
81.93653904174673,-37.40861186171589,15.100000000000001,2.0,-0.1,0.0
81.88482402765165,-37.35050866018968,15.100000000000001,2.0,-0.1,0.0
81.83318901627237,-37.29238298165407,15.100000000000001,2.0,-0.1,0.0
81.78163374682853,-37.23423490802214,15.100000000000003,2.0,-0.1,0.0
81.7301579593195,-37.17606452089347,15.100000000000001,2.0,-0.1,0.0
81.67876139452221,-37.1178719015556,15.100000000000001,2.0,-0.1,0.0
81.62744379398904,-37.05965713098551,15.100000000000001,1.9999999999999998,-0.1,0.0
81.57620490004565,-37.00142028985092,15.100000000000001,2.0,-0.1,0.0
81.52504445578894,-36.94316145851175,15.100000000000001,2.0,-0.1,0.0
81.47396220508487,-36.8848807170215,15.100000000000001,2.0,-0.1,0.0
81.42295789256633,-36.82657814512865,15.100000000000001,2.0,-0.1,0.0
81.37203126363097,-36.76825382227802,15.100000000000003,2.0,-0.1,0.0
81.3211820644392,-36.70990782761216,15.100000000000001,1.9999999999999998,-0.1,0.0
81.27041004191182,-36.65154023997273,15.100000000000001,2.0,-0.1,0.0
81.21971494372809,-36.593151137901856,15.100000000000001,2.0,-0.1,0.0
81.16909651832347,-36.53474059964347,15.100000000000003,2.0,-0.1,0.0
81.1185545148875,-36.47630870314469,15.100000000000001,2.0,-0.1,0.0
81.06808868336164,-36.417855526057174,15.100000000000001,2.0,-0.1,0.0
81.01769877443712,-36.35938114573843,15.1,2.0,-0.1,0.0
80.96738453955277,-36.30088563925319,15.100000000000003,2.0,-0.1,0.0
80.91714573089291,-36.24236908337468,15.100000000000003,2.0,-0.1,0.0
80.86698210138513,-36.18383155458605,15.100000000000003,2.0,-0.1,0.0
80.81689340469816,-36.12527312908153,15.1,2.0,-0.1,0.0
80.7668793952397,-36.06669388276792,15.100000000000003,1.9999999999999998,-0.1,0.0
80.71693982815424,-36.00809389126581,15.100000000000001,2.0,-0.1,0.0
80.66707445932096,-35.94947322991085,15.100000000000001,2.0,-0.1,0.0
80.61728304535144,-35.8908319737551,15.100000000000003,2.0,-0.1,0.0
80.56756534358765,-35.83217019756834,15.100000000000001,2.0,-0.1,0.0
80.51792111209961,-35.77348797583927,15.100000000000003,1.9999999999999998,-0.1,0.0
80.46835010968339,-35.71478538277686,15.100000000000001,2.0,-0.1,0.0
80.41885209585878,-35.65606249231163,15.100000000000003,2.0,-0.1,0.0
80.36942683086724,-35.597319378096834,15.1,2.0,-0.1,0.0
80.32007407566967,-35.53855611350984,15.100000000000003,2.0,-0.1,0.0
80.27079359194423,-35.479772771653295,15.100000000000001,2.0,-0.1,0.0
80.22158514208421,-35.420969425356425,15.100000000000001,2.0,-0.1,0.0
80.17244848919584,-35.362146147176254,15.100000000000003,2.0,-0.1,0.0
80.12338339709609,-35.30330300939887,15.100000000000001,2.0,-0.1,0.0
80.07438963031052,-35.24444008404061,15.1,2.0,-0.1,0.0
80.0254669540711,-35.185557442849394,15.100000000000003,2.0,-0.1,0.0
79.97661513431406,-35.12665515730584,15.100000000000003,2.0,-0.1,0.0
79.92783393767768,-35.067733298624525,15.1,1.9999999999999998,-0.1,0.0
79.87912313150014,-35.0087919377552,15.1,2.0,-0.1,0.0
79.83048248381733,-34.94983114538402,15.100000000000001,1.9999999999999998,-0.1,0.0
79.78191176336074,-34.89085099193472,15.100000000000001,2.0,-0.1,0.0
79.73341073955517,-34.8318515475698,15.100000000000001,2.0,-0.1,0.0
79.68497918251668,-34.77283288219174,15.100000000000001,2.0,-0.1,0.0
79.63661686305038,-34.713795065444245,15.100000000000001,1.9999999999999998,-0.1,0.0
79.5883235526482,-34.65473816671326,15.1,2.0,-0.1,0.0
79.54009902348685,-34.595662255128346,15.100000000000003,2.0,-0.1,0.0
79.49194304842547,-34.536567399563715,15.100000000000001,2.0,-0.1,0.0
79.44385540100369,-34.47745366863945,15.1,1.9999999999999998,-0.1,0.0
79.39583585543929,-34.41832113072265,15.100000000000001,2.0,-0.1,0.0
79.34788418662609,-34.359169853928634,15.100000000000001,2.0,-0.1,0.0
79.30000017013182,-34.299999906122004,15.1,1.9999999999999998,-0.1,0.0
