galstreams/tracks/track.st.Kwando.grillmair2017.ecsv
# %ECSV 0.9
# ---
# datatype:
# - {name: ra, unit: deg, datatype: float64}
# - {name: dec, unit: deg, datatype: float64}
# - {name: distance, unit: kpc, datatype: float64}
# - {name: pm_ra_cosdec, unit: mas / yr, datatype: float64}
# - {name: pm_dec, unit: mas / yr, datatype: float64}
# - {name: radial_velocity, unit: km / s, datatype: float64}
# delimiter: ','
# meta: !!omap
# - __serialized_columns__:
#     dec:
#       __class__: astropy.coordinates.angles.Latitude
#       unit: &id001 !astropy.units.Unit {unit: deg}
#       value: !astropy.table.SerializedColumn {name: dec}
#     distance:
#       __class__: astropy.coordinates.distances.Distance
#       unit: !astropy.units.Unit {unit: kpc}
#       value: !astropy.table.SerializedColumn {name: distance}
#     pm_dec:
#       __class__: astropy.units.quantity.Quantity
#       unit: !astropy.units.Unit {unit: mas / yr}
#       value: !astropy.table.SerializedColumn {name: pm_dec}
#     pm_ra_cosdec:
#       __class__: astropy.units.quantity.Quantity
#       unit: !astropy.units.Unit {unit: mas / yr}
#       value: !astropy.table.SerializedColumn {name: pm_ra_cosdec}
#     ra:
#       __class__: astropy.coordinates.angles.Longitude
#       unit: *id001
#       value: !astropy.table.SerializedColumn {name: ra}
#       wrap_angle: !astropy.coordinates.Angle
#         unit: *id001
#         value: 360.0
#     radial_velocity:
#       __class__: astropy.units.quantity.Quantity
#       unit: !astropy.units.Unit {unit: km / s}
#       value: !astropy.table.SerializedColumn {name: radial_velocity}
# schema: astropy-2.0
ra,dec,distance,pm_ra_cosdec,pm_dec,radial_velocity
[from data line 1162]
30.676049228612786,-28.996564037040997,19.99999999999999,0.0,0.0,0.0
30.68415804085397,-29.005465493670453,19.999999999999993,0.0,0.0,0.0
30.692263296800085,-29.014376572619945,19.99999999999999,0.0,0.0,0.0
30.70036499583121,-29.023297278630544,19.999999999999993,0.0,0.0,0.0
30.708463137326085,-29.03222761644326,19.99999999999999,0.0,0.0,0.0
30.71655772066209,-29.04116759079906,19.999999999999993,0.0,0.0,0.0
30.72464874521522,-29.05011720643892,19.999999999999993,0.0,0.0,0.0
30.732736210360127,-29.059076468103722,19.99999999999999,0.0,0.0,0.0
30.740820115470065,-29.068045380534333,19.99999999999999,0.0,0.0,0.0
30.748900459916932,-29.077023948471602,19.99999999999999,0.0,0.0,0.0
30.75697724307121,-29.086012176656318,19.99999999999999,0.0,0.0,0.0
30.765050464302025,-29.095010069829236,19.999999999999993,0.0,0.0,0.0
30.77312012297706,-29.104017632731058,19.999999999999993,0.0,0.0,0.0
30.78118621846264,-29.113034870102474,19.999999999999993,0.0,0.0,0.0
30.789248750123633,-29.122061786684096,19.99999999999999,0.0,0.0,0.0
30.797307717323516,-29.131098387216525,19.99999999999999,0.0,0.0,0.0
30.805363119424335,-29.14014467644028,19.99999999999999,0.0,0.0,0.0
30.813414955786705,-29.149200659095882,19.999999999999993,0.0,0.0,0.0
30.82146322576979,-29.15826633992376,19.999999999999986,0.0,0.0,0.0
30.82950792873135,-29.167341723664343,19.999999999999993,0.0,0.0,0.0
30.83754906402763,-29.17642681505796,19.999999999999993,0.0,0.0,0.0
30.84558663101349,-29.185521618844948,19.99999999999999,0.0,0.0,0.0
30.85362062904228,-29.19462613976555,19.999999999999993,0.0,0.0,0.0
30.861651057465888,-29.203740382559975,19.999999999999993,0.0,0.0,0.0
30.869677915634743,-29.212864351968392,19.999999999999996,0.0,0.0,0.0
30.877701202897793,-29.22199805273089,19.99999999999999,0.0,0.0,0.0
30.885720918602452,-29.231141489587543,19.999999999999993,0.0,0.0,0.0
30.89373706209472,-29.240294667278356,19.999999999999993,0.0,0.0,0.0
30.90174963271902,-29.249457590543265,19.999999999999993,0.0,0.0,0.0
30.9097586298183,-29.258630264122157,19.999999999999993,0.0,0.0,0.0
30.917764052734004,-29.267812692754877,19.999999999999993,0.0,0.0,0.0
30.92576590080603,-29.277004881181213,19.999999999999993,0.0,0.0,0.0
30.933764173372776,-29.286206834140874,19.999999999999996,0.0,0.0,0.0
30.941758869771082,-29.29541855637354,19.999999999999996,0.0,0.0,0.0
30.949749989336247,-29.3046400526188,20.0,0.0,0.0,0.0
30.957737531402056,-29.313871327616226,19.999999999999996,0.0,0.0,0.0
30.965721495300702,-29.32311238610528,19.999999999999996,0.0,0.0,0.0
30.973701880362846,-29.332363232825386,19.999999999999993,0.0,0.0,0.0
30.98167868591755,-29.34162387251591,19.999999999999996,0.0,0.0,0.0
30.98965191129234,-29.350894309916168,19.999999999999996,0.0,0.0,0.0
