galstreams/tracks/track.st.Cetus-Palca.thomas2021.ecsv
# %ECSV 0.9
# ---
# datatype:
# - {name: ra, unit: deg, datatype: float64}
# - {name: dec, unit: deg, datatype: float64}
# - {name: distance, unit: kpc, datatype: float64}
# - {name: pm_ra_cosdec, unit: mas / yr, datatype: float64}
# - {name: pm_dec, unit: mas / yr, datatype: float64}
# - {name: radial_velocity, unit: km / s, datatype: float64}
# delimiter: ','
# meta: !!omap
# - __serialized_columns__:
#     dec:
#       __class__: astropy.coordinates.angles.Latitude
#       unit: &id001 !astropy.units.Unit {unit: deg}
#       value: !astropy.table.SerializedColumn {name: dec}
#     distance:
#       __class__: astropy.coordinates.distances.Distance
#       unit: !astropy.units.Unit {unit: kpc}
#       value: !astropy.table.SerializedColumn {name: distance}
#     pm_dec:
#       __class__: astropy.units.quantity.Quantity
#       unit: !astropy.units.Unit {unit: mas / yr}
#       value: !astropy.table.SerializedColumn {name: pm_dec}
#     pm_ra_cosdec:
#       __class__: astropy.units.quantity.Quantity
#       unit: !astropy.units.Unit {unit: mas / yr}
#       value: !astropy.table.SerializedColumn {name: pm_ra_cosdec}
#     ra:
#       __class__: astropy.coordinates.angles.Longitude
#       unit: *id001
#       value: !astropy.table.SerializedColumn {name: ra}
#       wrap_angle: !astropy.coordinates.Angle
#         unit: *id001
#         value: 360.0
#     radial_velocity:
#       __class__: astropy.units.quantity.Quantity
#       unit: !astropy.units.Unit {unit: km / s}
#       value: !astropy.table.SerializedColumn {name: radial_velocity}
# schema: astropy-2.0
ra,dec,distance,pm_ra_cosdec,pm_dec,radial_velocity
[from data line 4103]
27.48357965824069,-27.892271888275335,34.60398905101634,0.839565420406734,-0.5101607650161746,4.210383564936169e-14
27.48086475803785,-27.8825756854099,34.6037248060094,0.8394907303415784,-0.5102543820143624,2.947268495455318e-14
27.478150215340754,-27.87287945823127,34.60346035297137,0.8394160536492645,-0.5103479349222184,6.315575347404254e-14
27.47543602994968,-27.86318320675161,34.60319569181968,0.8393413903385498,-0.5104414237352354,4.210383564936169e-14
27.472722201665047,-27.853486930983124,34.60293082247174,0.839266740418189,-0.5105348484489017,2.5262301389617013e-14
27.470008730287347,-27.843790630937967,34.60266574484499,0.8391921038969352,-0.5106282090587044,1.6841534259744676e-14
27.467295615617196,-27.834094306628327,34.60240045885685,0.8391174807835371,-0.5107215055601281,3.789345208442552e-14
27.464582857455284,-27.82439795806631,34.602134964424735,0.8390428710867419,-0.5108147379486543,1.6841534259744676e-14
27.461870455602458,-27.81470158526418,34.60186926146606,0.8389682748152943,-0.5109079062197632,3.789345208442552e-14
27.459158409859608,-27.80500518823402,34.60160334989829,0.8388936919779344,-0.5110010103689311,4.210383564936169e-14
27.456446720027763,-27.795308766987997,34.601337229638794,0.8388191225834016,-0.5110940503916332,2.947268495455318e-14
27.45373538590805,-27.78561232153823,34.60107090060503,0.8387445666404321,-0.511187026283342,2.1051917824680846e-14
27.451024407301684,-27.77591585189688,34.60080436271441,0.8386700241577588,-0.5112799380395272,4.210383564936169e-14
27.448313784009994,-27.76621935807604,34.60053761588438,0.8385954951441119,-0.5113727856556566,3.789345208442552e-14
27.445603515834417,-27.756522840087865,34.60027066003232,0.8385209796082196,-0.511465569127195,3.789345208442552e-14
27.442893602576476,-27.746826297944438,34.60000349507569,0.838446477558807,-0.5115582884496055,5.0524602779234026e-14
27.44018404403782,-27.737129731657888,34.5997361209319,0.838371989004596,-0.511650943618348,4.210383564936169e-14
27.437474840020176,-27.72743314124031,34.59946853751837,0.8382975139543065,-0.5117435346288811,2.1051917824680846e-14
27.43476599032537,-27.717736526703757,34.59920074475254,0.8382230524166555,-0.5118360614766594,5.0524602779234026e-14
27.432057494755405,-27.708039888060473,34.5989327425518,0.8381486044003574,-0.5119285241571372,2.1051917824680846e-14
27.429349353112244,-27.698343225322333,34.5986645308336,0.8380741699141232,-0.5120209226657646,6.315575347404254e-14
27.42664156519809,-27.688646538501576,34.59839610951537,0.8379997489666619,-0.5121132569979896,2.947268495455318e-14
27.423934130815177,-27.678949827610204,34.59812747851452,0.8379253415666794,-0.512205527149259,3.368306851948935e-14
27.421227049765854,-27.669253092660323,34.59785863774847,0.8378509477228795,-0.512297733115016,5.0524602779234026e-14
27.418520321852572,-27.659556333663964,34.59758958713466,0.8377765674439622,-0.512389874890702,2.1051917824680846e-14
27.415813946877893,-27.649859550633185,34.597320326590484,0.8377022007386262,-0.5124819524717555,4.210383564936169e-14
27.413107924644468,-27.64016274358004,34.59705085603341,0.8376278476155659,-0.5125739658536131,2.1051917824680846e-14
27.410402254955056,-27.63046591251658,34.59678117538081,0.8375535080834746,-0.5126659150317088,5.4734986344170195e-14
27.407696937612513,-27.620769057454833,34.59651128455014,0.8374791821510418,-0.512757800001475,5.4734986344170195e-14
27.404991972419804,-27.611072178406836,34.59624118345884,0.8374048698269545,-0.5128496207583394,2.947268495455318e-14
27.40228735917999,-27.601375275384616,34.59597087202428,0.8373305711198971,-0.5129413772977304,5.894536990910637e-14
27.39958309769622,-27.59167834840012,34.59570035016393,0.8372562860385513,-0.5130330696150722,2.5262301389617013e-14
27.396879187771784,-27.581981397465498,34.59542961779518,0.8371820145915969,-0.5131246977057867,4.210383564936169e-14
27.394175629210043,-27.572284422592688,34.59515867483549,0.8371077567877092,-0.5132162615652938,4.210383564936169e-14
27.39147242181445,-27.562587423793683,34.59488752120225,0.8370335126355621,-0.513307761189011,2.5262301389617013e-14
27.388769565388582,-27.552890401080493,34.59461615681291,0.8369592821438264,-0.5133991965723528,2.5262301389617013e-14
27.38606705973611,-27.543193354465117,34.59434458158487,0.836885065321171,-0.5134905677107329,4.631421921429786e-14
27.383364904660795,-27.53349628395952,34.59407279543557,0.8368108621762606,-0.5135818745995607,6.73661370389787e-14
27.380663099966505,-27.523799189575683,34.59380079828243,0.8367366727177583,-0.5136731172342448,3.789345208442552e-14
27.37796164545722,-27.514102071325585,34.593528590042865,0.8366624969543246,-0.5137642956101904,2.5262301389617013e-14
27.375260540937013,-27.504404929221195,34.59325617063431,0.8365883348946161,-0.5138554097228007,5.4734986344170195e-14
27.372559786210047,-27.49470776327447,34.592983539974185,0.836514186547288,-0.5139464595674764,5.4734986344170195e-14
27.369859381080577,-27.485010573497306,34.59271069797991,0.8364400519209927,-0.5140374451396167,2.947268495455318e-14
27.367159325353015,-27.47531335990177,34.59243764456892,0.8363659310243792,-0.514128366434617,2.947268495455318e-14
27.36445961883182,-27.465616122499743,34.59216437965861,0.8362918238660939,-0.5142192234478711,4.631421921429786e-14
27.36176026132155,-27.455918861303157,34.59189090316644,0.8362177304547813,-0.5143100161747705,2.5262301389617013e-14
27.359061252626894,-27.44622157632396,34.591617215009805,0.8361436507990823,-0.5144007446107044,2.5262301389617013e-14
27.356362592552614,-27.43652426757407,34.591343315106144,0.8360695849076357,-0.5144914087510595,2.5262301389617013e-14
27.353664280903587,-27.426826935065407,34.59106920337288,0.8359955327890771,-0.51458200859122,6.315575347404254e-14
27.350966317484783,-27.417129578809874,34.590794879727426,0.8359214944520402,-0.5146725441265679,3.368306851948935e-14
27.34826870210128,-27.407432198819404,34.59052034408722,0.8358474699051552,-0.514763015352483,4.631421921429786e-14
27.345571434558234,-27.397734795105873,34.59024559636967,0.83577345915705,-0.5148534222643424,0.0
27.342874514660938,-27.388037367681182,34.58997063649221,0.8356994622163498,-0.5149437648575208,1.6841534259744676e-14
27.340177942214737,-27.378339916557188,34.58969546437226,0.8356254790916773,-0.5150340431273912,2.947268495455318e-14
27.337481717025128,-27.368642441745862,34.589420079927244,0.8355515097916516,-0.5151242570693235,4.210383564936169e-14
27.334785838897673,-27.358944943259043,34.58914448307459,0.8354775543248907,-0.5152144066786857,4.210383564936169e-14
27.332090307638033,-27.3492474211086,34.58886867373172,0.8354036127000086,-0.5153044919508434,3.368306851948935e-14
27.329395123051984,-27.339549875306396,34.58859265181605,0.835329684925617,-0.5153945128811596,2.947268495455318e-14
27.3267002849454,-27.329852305864303,34.588316417245,0.8352557710103252,-0.5154844694649957,4.210383564936169e-14
27.324005793124222,-27.320154712794164,34.588039969936005,0.8351818709627397,-0.5155743616977095,3.789345208442552e-14
27.321311647394534,-27.31045709610784,34.58776330980649,0.8351079847914635,-0.5156641895746576,3.789345208442552e-14
27.318617847562496,-27.30075945581716,34.58748643677389,0.8350341125050984,-0.5157539530911935,5.0524602779234026e-14
27.31592439343437,-27.29106179193398,34.58720935075558,0.8349602541122425,-0.5158436522426694,2.5262301389617013e-14
27.31323128481651,-27.281364104470125,34.58693205166904,0.8348864096214916,-0.5159332870244338,4.210383564936169e-15
27.31053852151538,-27.27166639343738,34.58665453943165,0.8348125790414389,-0.516022857431834,4.631421921429786e-14
27.307846103337546,-27.261968658847653,34.58637681396087,0.8347387623806741,-0.5161123634602137,2.947268495455318e-14
27.305154030089668,-27.25227090071272,34.586098875174095,0.8346649596477858,-0.5162018051049158,4.210383564936169e-14
27.302462301578498,-27.242573119044398,34.58582072298876,0.8345911708513579,-0.5162911823612798,2.947268495455318e-14
27.299770917610882,-27.232875313854468,34.585542357322296,0.8345173959999737,-0.5163804952246434,2.1051917824680846e-14
27.297079877993774,-27.22317748515475,34.58526377809212,0.8344436351022122,-0.5164697436903417,2.947268495455318e-14
27.294389182534225,-27.213479632957036,34.58498498521564,0.8343698881666514,-0.5165589277537074,5.0524602779234026e-14
27.291698831039387,-27.2037817572731,34.58470597861031,0.8342961552018646,-0.5166480474100712,4.210383564936169e-14
27.2890088233165,-27.194083858114723,34.58442675819352,0.8342224362164239,-0.5167371026547617,4.210383564936169e-14
27.286319159172916,-27.184385935493697,34.58414732388273,0.8341487312188982,-0.5168260934831037,7.157652060391487e-14
27.283629838416058,-27.17468798942178,34.583867675595336,0.8340750402178538,-0.5169150198904215,1.6841534259744676e-14
27.28094086085347,-27.164990019910682,34.58358781324877,0.8340013632218547,-0.5170038818720366,4.631421921429786e-14
27.278252226292828,-27.15529202697233,34.58330773676045,0.8339277002394616,-0.5170926794232673,4.631421921429786e-14
27.27556393454181,-27.145594010618254,34.583027446047815,0.833854051279233,-0.5171814125394304,2.947268495455318e-14
27.272875985408284,-27.13589597086038,34.58274694102827,0.8337804163497242,-0.5172700812158405,3.789345208442552e-14
27.270188378700173,-27.126197907710374,34.58246622161925,0.8337067954594889,-0.5173586854478089,4.210383564936169e-14
27.267501114225503,-27.116499821179982,34.58218528773818,0.8336331886170769,-0.5174472252306461,5.4734986344170195e-14
27.26481419179239,-27.10680171128093,34.581904139302466,0.8335595958310362,-0.5175357005596587,4.210383564936169e-14
27.262127611209063,-27.097103578024953,34.58162277622956,0.8334860171099119,-0.5176241114301522,2.5262301389617013e-14
27.25944137228384,-27.087405421423764,34.58134119843686,0.8334124524622462,-0.5177124578374288,2.5262301389617013e-14
27.25675547482513,-27.077707241489076,34.5810594058418,0.8333389018965787,-0.5178007397767896,2.1051917824680846e-14
27.254069918641463,-27.068009038232596,34.5807773983618,0.833265365421447,-0.5178889572435323,2.947268495455318e-14
27.25138470354143,-27.058310811666033,34.58049517591429,0.8331918430453851,-0.5179771102329526,2.5262301389617013e-14
27.24869982933374,-27.04861256180107,34.580212738416705,0.8331183347769245,-0.518065198740344,2.5262301389617013e-14
27.246015295827185,-27.03891428864936,34.57993008578644,0.8330448406245949,-0.5181532227609983,2.5262301389617013e-14
27.243331102830698,-27.02921599222269,34.57964721794092,0.8329713605969229,-0.5182411822902038,3.789345208442552e-14
27.240647250153255,-27.019517672532675,34.57936413479759,0.8328978947024318,-0.5183290773232472,5.4734986344170195e-14
27.23796373760395,-27.009819329591004,34.57908083627387,0.8328244429496429,-0.5184169078554125,5.0524602779234026e-14
27.235280564991964,-27.000120963409334,34.57879732228717,0.8327510053470746,-0.5185046738819822,2.5262301389617013e-14
27.232597732126592,-26.990422573999346,34.57851359275492,0.8326775819032433,-0.5185923753982355,2.947268495455318e-14
27.229915238817217,-26.980724161372684,34.57822964759455,0.8326041726266616,-0.5186800123994505,5.0524602779234026e-14
27.227233084873305,-26.971025725540994,34.57794548672348,0.8325307775258401,-0.5187675848809012,4.210383564936169e-15
27.22455127010445,-26.961327266515934,34.57766111005913,0.8324573966092874,-0.5188550928378615,3.789345208442552e-14
27.2218697943203,-26.951628784309143,34.577376517518914,0.8323840298855081,-0.5189425362656014,6.315575347404254e-14
27.21918865733063,-26.941930278932247,34.57709170902027,0.8323106773630049,-0.5190299151593893,4.210383564936169e-14
27.21650785894529,-26.932231750396838,34.57680668448063,0.832237339050278,-0.5191172295144908,4.631421921429786e-14
27.21382739897426,-26.922533198714632,34.57652144381739,0.8321640149558247,-0.5192044793261698,1.2631150694808506e-14
27.211147277227585,-26.912834623897204,34.576235986948,0.8320907050881396,-0.5192916645896875,3.789345208442552e-14
27.208467493515414,-26.903136025956165,34.57595031378987,0.8320174094557148,-0.5193787853003029,2.947268495455318e-14
27.205788047647985,-26.89343740490312,34.575664424260424,0.8319441280670399,-0.5194658414532732,6.73661370389787e-14
27.203108939435637,-26.883738760749672,34.57537831827709,0.8318708609306011,-0.5195528330438528,3.789345208442552e-14
27.20043016868882,-26.87404009350741,34.57509199575729,0.8317976080548832,-0.519639760067293,4.631421921429786e-14
27.197751735218038,-26.86434140318794,34.57480545661844,0.8317243694483676,-0.5197266225188452,8.420767129872338e-15
27.195073638833946,-26.854642689802837,34.57451870077797,0.831651145119533,-0.5198134203937559,4.631421921429786e-14
27.19239587934724,-26.844943953363682,34.57423172815331,0.8315779350768553,-0.5199001536872709,1.6841534259744676e-14
27.189718456568755,-26.83524519388206,34.57394453866188,0.8315047393288085,-0.5199868223946331,3.789345208442552e-14
27.18704137030938,-26.82554641136946,34.57365713222108,0.8314315578838636,-0.5200734265110842,7.578690416885104e-14
27.18436462038015,-26.81584760583758,34.57336950874838,0.8313583907504885,-0.5201599660318614,6.315575347404254e-14
27.181688206592145,-26.80614877729791,34.57308166816117,0.8312852379371491,-0.5202464409522014,3.789345208442552e-14
27.179012128756572,-26.79644992576201,34.57279361037687,0.8312120994523091,-0.5203328512673391,2.947268495455318e-14
27.176336386684714,-26.786751051241414,34.57250533531292,0.8311389753044278,-0.520419196972505,8.420767129872338e-15
27.173660980187964,-26.777052153747686,34.57221684288674,0.8310658655019639,-0.5205054780629292,8.420767129872338e-15
27.170985909077796,-26.767353233292344,34.57192813301576,0.8309927700533717,-0.5205916945338386,3.368306851948935e-14
27.16831117316578,-26.757654289886922,34.57163920561737,0.8309196889671047,-0.5206778463804581,2.947268495455318e-14
27.16563677226359,-26.747955323542946,34.57135006060904,0.830846622251612,-0.5207639335980109,3.368306851948935e-14
27.162962706182984,-26.738256334271934,34.571060697908166,0.8307735699153411,-0.5208499561817168,3.368306851948935e-14
27.160288974735824,-26.7285573220854,34.57077111743217,0.830700531966737,-0.5209359141267943,3.789345208442552e-14
27.157615577734042,-26.7188582869948,34.570481319098505,0.8306275084142408,-0.5210218074284589,3.368306851948935e-14
27.15494251498972,-26.709159229011757,34.570191302824554,0.8305544992662929,-0.5211076360819241,3.789345208442552e-14
27.15226978631497,-26.69946014814769,34.56990106852776,0.8304815045313294,-0.5211934000824017,2.5262301389617013e-14
27.149597391522043,-26.68976104441412,34.56961061612555,0.8304085242177848,-0.5212790994251004,3.368306851948935e-14
27.146925330423255,-26.680061917822503,34.56931994553535,0.8303355583340903,-0.521364734105227,3.789345208442552e-14
27.14425360283103,-26.670362768384344,34.56902905667456,0.8302626068886754,-0.5214503041179862,4.210383564936169e-14
27.141582208557878,-26.66066359611112,34.568737949460626,0.8301896698899658,-0.5215358094585805,3.789345208442552e-14
27.138911147416408,-26.65096440101427,34.56844662381098,0.8301167473463849,-0.5216212501222095,2.5262301389617013e-14
27.136240419219327,-26.641265183105308,34.568155079643006,0.8300438392663545,-0.5217066261040714,3.789345208442552e-14
27.13357002377943,-26.631565942395664,34.56786331687417,0.8299709456582924,-0.5217919373993616,5.0524602779234026e-14
27.130899960909606,-26.621866678896794,34.567571335421874,0.829898066530615,-0.5218771840032732,2.5262301389617013e-14
27.12823023042282,-26.61216739262009,34.56727913520354,0.8298252018917343,-0.5219623659109973,3.789345208442552e-14
27.125560832132173,-26.60246808357712,34.566986716136604,0.8297523517500621,-0.5220474831177229,3.789345208442552e-14
27.12289176585082,-26.59276875177925,34.56669407813848,0.8296795161140058,-0.5221325356186362,2.5262301389617013e-14
