galstreams/tracks/track.st.300S.fu2018.ecsv
# %ECSV 1.0
# ---
# datatype:
# - {name: ra, unit: deg, datatype: float64}
# - {name: dec, unit: deg, datatype: float64}
# - {name: distance, unit: kpc, datatype: float64}
# - {name: pm_ra_cosdec, unit: mas / yr, datatype: float64}
# - {name: pm_dec, unit: mas / yr, datatype: float64}
# - {name: radial_velocity, unit: km / s, datatype: float64}
# delimiter: ','
# meta: !!omap
# - __serialized_columns__:
#     dec:
#       __class__: astropy.coordinates.angles.Latitude
#       unit: &id001 !astropy.units.Unit {unit: deg}
#       value: !astropy.table.SerializedColumn {name: dec}
#     distance:
#       __class__: astropy.coordinates.distances.Distance
#       unit: !astropy.units.Unit {unit: kpc}
#       value: !astropy.table.SerializedColumn {name: distance}
#     pm_dec:
#       __class__: astropy.units.quantity.Quantity
#       unit: !astropy.units.Unit {unit: mas / yr}
#       value: !astropy.table.SerializedColumn {name: pm_dec}
#     pm_ra_cosdec:
#       __class__: astropy.units.quantity.Quantity
#       unit: !astropy.units.Unit {unit: mas / yr}
#       value: !astropy.table.SerializedColumn {name: pm_ra_cosdec}
#     ra:
#       __class__: astropy.coordinates.angles.Longitude
#       unit: *id001
#       value: !astropy.table.SerializedColumn {name: ra}
#       wrap_angle: !astropy.coordinates.Angle
#         unit: *id001
#         value: 360.0
#     radial_velocity:
#       __class__: astropy.units.quantity.Quantity
#       unit: !astropy.units.Unit {unit: km / s}
#       value: !astropy.table.SerializedColumn {name: radial_velocity}
# schema: astropy-2.0
ra,dec,distance,pm_ra_cosdec,pm_dec,radial_velocity
[from data line 559]
157.56690542056006,15.335799158896045,15.911458392447328,1.3322676295501878e-15,2.220446049250313e-16,296.2139660292935
157.57717290076394,15.33431542250879,15.908199554926039,-4.440892098500626e-16,0.0,296.2046024982394
157.58744021141788,15.332831064234243,15.904942201663678,-2.220446049250313e-16,0.0,296.1952213411693
157.59770735257274,15.33134608478658,15.901686332733078,-4.440892098500626e-16,2.220446049250313e-16,296.18582256376834
157.60797432427947,15.329860484879964,15.898431948207074,-2.220446049250313e-16,-2.220446049250313e-16,296.17640617172134
157.6182411265891,15.328374265228554,15.895179048158504,6.661338147750939e-16,-2.220446049250313e-16,296.16697217071373
157.628507759553,15.326887426546515,15.891927632660199,-4.440892098500626e-16,-2.220446049250313e-16,296.15752056643004
157.6387742232225,15.325399969547997,15.888677701784998,1.5543122344752192e-15,0.0,296.1480513645556
157.6490405176492,15.323911894947159,15.885429255605734,6.661338147750939e-16,-2.220446049250313e-16,296.13856457077554
157.6593066428848,15.322423203458149,15.882182294195244,1.1102230246251565e-15,2.220446049250313e-16,296.12906019077474
157.66957259898118,15.32093389579512,15.87893681762636,6.661338147750939e-16,-2.220446049250313e-16,296.11953823023816
157.6798383859903,15.319443972672207,15.875692825971925,4.440892098500626e-16,-2.220446049250313e-16,296.1099986948511
157.69010400396442,15.317953434803563,15.872450319304766,1.1102230246251565e-15,0.0,296.10044159029826
157.7003694529558,15.31646228290332,15.869209297697724,2.220446049250313e-16,2.220446049250313e-16,296.090866922265
157.71063473301697,15.31497051768561,15.86596976122363,-2.220446049250313e-16,0.0,296.0812746964361
157.7208998442005,15.313478139864571,15.86273170995532,8.881784197001252e-16,0.0,296.0716649184969
157.7311647865592,15.311985150154337,15.859495143965626,4.440892098500626e-16,-2.220446049250313e-16,296.06203759413205
157.741429560146,15.310491549269024,15.856260063327392,6.661338147750939e-16,-2.220446049250313e-16,296.05239272902696
157.751694165014,15.308997337922758,15.853026468113445,4.440892098500626e-16,0.0,296.04273032886636
157.7619586012164,15.307502516829652,15.849794358396629,4.440892098500626e-16,0.0,296.0330503993355
157.7722228688066,15.306007086703843,15.846563734249766,6.661338147750939e-16,-4.440892098500626e-16,296.02335294611936
157.7824869678382,15.304511048259418,15.843334595745706,1.1102230246251565e-15,2.220446049250313e-16,296.01363797490296
157.79275089836483,15.303014402210504,15.840106942957274,4.440892098500626e-16,0.0,296.0039054913713
157.80301466044037,15.301517149271207,15.836880775957313,2.220446049250313e-16,2.220446049250313e-16,295.99415550120955
157.81327825411879,15.300019290155634,15.833656094818645,4.440892098500626e-16,-4.440892098500626e-16,295.9843880101026
157.82354167945425,15.298520825577869,15.830432899614125,0.0,2.220446049250313e-16,295.9746030237355
157.83380493650105,15.297021756252024,15.82721119041657,-4.440892098500626e-16,2.220446049250313e-16,295.96480054779335
157.84406802531367,15.295522082892187,15.823990967298824,-4.440892098500626e-16,2.220446049250313e-16,295.95498058796113
157.85433094594666,15.294021806212452,15.820772230333722,4.440892098500626e-16,2.220446049250313e-16,295.945143149924
157.86459369845483,15.292520926926906,15.817554979594094,6.661338147750939e-16,-2.220446049250313e-16,295.9352882393669
157.87485628289306,15.291019445749624,15.814339215152785,2.220446049250313e-16,0.0,295.92541586197507
157.8851186993164,15.289517363394697,15.811124937082623,8.881784197001252e-16,0.0,295.91552602343313
157.8953809477801,15.288014680576204,15.80791214545644,8.881784197001252e-16,-4.440892098500626e-16,295.90561872942635
157.90564302833954,15.286511398008205,15.804700840347083,-6.661338147750939e-16,-2.220446049250313e-16,295.8956939856398
157.91590494105014,15.28500751640478,15.801491021827381,6.661338147750939e-16,2.220446049250313e-16,295.88575179775864
157.92616668596767,15.283503036480003,15.79828268997016,0.0,-4.440892098500626e-16,295.8757921714676
157.93642826314786,15.281997958947919,15.79507584484827,2.220446049250313e-16,2.220446049250313e-16,295.86581511245186
157.94668967264676,15.280492284522609,15.791870486534538,-2.220446049250313e-16,0.0,295.85582062639645
157.95695091452043,15.278986013918113,15.788666615101803,6.661338147750939e-16,-2.220446049250313e-16,295.8458087189866
157.9672119888252,15.277479147848492,15.785464230622896,-6.661338147750939e-16,0.0,295.8357793959071
157.97747289561744,15.275971687027795,15.782263333170656,-2.220446049250313e-16,2.220446049250313e-16,295.82573266284294
157.98773363495374,15.274463632170068,15.779063922817915,-2.220446049250313e-16,0.0,295.8156685254794
157.9979942068908,15.272954983989358,15.775865999637512,1.3322676295501878e-15,0.0,295.8055869895015
158.0082546114856,15.271445743199697,15.772669563702284,-2.220446049250313e-16,-2.220446049250313e-16,295.7954880605939
158.01851484879504,15.269935910515125,15.769474615085059,8.881784197001252e-16,-4.440892098500626e-16,295.7853717444421
158.02877491887637,15.268425486649672,15.766281153858676,4.440892098500626e-16,-4.440892098500626e-16,295.77523804673103
158.0390348217869,15.266914472317367,15.76308918009597,-6.661338147750939e-16,0.0,295.76508697314557
158.04929455758412,15.265402868232236,15.75989869386978,6.661338147750939e-16,-2.220446049250313e-16,295.7549185293708
158.05955412632568,15.263890675108303,15.75670969525293,0.0,-2.220446049250313e-16,295.74473272109185
158.06981352806935,15.262377893659579,15.753522184318268,0.0,-2.220446049250313e-16,295.73452955399364
158.08007276287304,15.260864524600084,15.750336161138625,-2.220446049250313e-16,-2.220446049250313e-16,295.72430903376136
158.09033183079484,15.259350568643825,15.747151625786834,-6.661338147750939e-16,0.0,295.7140711660799
158.10059073189302,15.257836026504814,15.743968578335732,0.0,-2.220446049250313e-16,295.7038159566344
158.11084946622591,15.25632089889705,15.740787018858152,4.440892098500626e-16,0.0,295.6935434111098
158.12110803385212,15.254805186534533,15.737606947426935,-4.440892098500626e-16,-2.220446049250313e-16,295.6832535351912
158.13136643483028,15.253288890131255,15.734428364114907,4.440892098500626e-16,-2.220446049250313e-16,295.67294633456373
158.14162466921928,15.251772010401215,15.731251268994914,2.220446049250313e-16,-2.220446049250313e-16,295.6626218149123
158.15188273707804,15.2502545480584,15.728075662139782,1.3322676295501878e-15,0.0,295.6522799819219
158.1621406384658,15.24873650381679,15.724901543622348,0.0,2.220446049250313e-16,295.6419208412777
158.17239837344175,15.247217878390376,15.721728913515458,-2.220446049250313e-16,-2.220446049250313e-16,295.63154439866474
158.18265594206537,15.245698672493122,15.718557771891934,6.661338147750939e-16,0.0,295.62115065976803
158.19291334439626,15.244178886839014,15.71538811882461,-4.440892098500626e-16,-6.661338147750939e-16,295.6107396302724
158.20317058049415,15.242658522142003,15.712219954386335,-2.220446049250313e-16,2.220446049250313e-16,295.60031131586317
158.21342765041894,15.241137579116078,15.709053278649932,8.881784197001252e-16,-2.220446049250313e-16,295.58986572222534
158.22368455423066,15.239616058475184,15.705888091688246,8.881784197001252e-16,0.0,295.57940285504384
158.2339412919895,15.238093960933293,15.702724393574098,6.661338147750939e-16,-4.440892098500626e-16,295.56892272000374
158.24419786375586,15.23657128720434,15.699562184380339,0.0,2.220446049250313e-16,295.5584253227901
158.25445426959016,15.23504803800229,15.696401464179795,4.440892098500626e-16,0.0,295.54791066908786
158.26471050955308,15.23352421404109,15.693242233045304,4.440892098500626e-16,0.0,295.5373787645823
158.27496658370538,15.231999816034667,15.690084491049697,1.1102230246251565e-15,2.220446049250313e-16,295.52682961495816
158.2852224921081,15.230474844696978,15.686928238265816,-2.220446049250313e-16,0.0,295.5162632259008
158.29547823482218,15.228949300741952,15.683773474766499,0.0,-4.440892098500626e-16,295.50567960309496
158.305733811909,15.227423184883511,15.680620200624569,4.440892098500626e-16,4.440892098500626e-16,295.49507875222577
158.31598922342988,15.225896497835594,15.67746841591287,-8.881784197001252e-16,-2.220446049250313e-16,295.4844606789785
158.32624446944638,15.224369240312113,15.674318120704232,-4.440892098500626e-16,0.0,295.47382538903776
158.33649955002022,15.222841413027,15.671169315071491,-2.220446049250313e-16,-2.220446049250313e-16,295.4631728880889
158.3467544652132,15.221313016694157,15.668021999087491,2.220446049250313e-16,-2.220446049250313e-16,295.45250318181684
158.35700921508732,15.219784052027498,15.664876172825057,-4.440892098500626e-16,0.0,295.4418162759066
158.36726379970474,15.218254519740928,15.661731836357031,1.1102230246251565e-15,2.220446049250313e-16,295.43111217604337
158.37751821912778,15.216724420548358,15.658588989756247,-2.220446049250313e-16,0.0,295.42039088791216
158.3877724734188,15.215193755163678,15.65544763309553,8.881784197001252e-16,2.220446049250313e-16,295.40965241719783
158.39802656264047,15.213662524300789,15.65230776644773,8.881784197001252e-16,2.220446049250313e-16,295.39889676958546
158.40828048685555,15.212130728673577,15.649169389885675,-4.440892098500626e-16,0.0,295.3881239507602
158.41853424612682,15.210598368995932,15.6460325034822,0.0,-2.220446049250313e-16,295.3773339664071
158.42878784051737,15.209065445981729,15.642897107310143,1.1102230246251565e-15,2.220446049250313e-16,295.36652682221103
158.43904127009046,15.207531960344856,15.639763201442335,4.440892098500626e-16,-4.440892098500626e-16,295.35570252385725
158.44929453490934,15.205997912799173,15.636630785951612,-2.220446049250313e-16,0.0,295.3448610770306
158.45954763503755,15.20446330405856,15.633499860910817,2.220446049250313e-16,0.0,295.3340024874162
158.4698005705387,15.20292813483688,15.630370426392776,-4.440892098500626e-16,0.0,295.3231267606991
158.48005334147655,15.201392405847999,15.62724248247033,1.1102230246251565e-15,-2.220446049250313e-16,295.31223390256434
158.49030594791515,15.199856117805766,15.62411602921631,0.0,0.0,295.30132391869694
158.50055838991847,15.198319271424038,15.620991066703555,-6.661338147750939e-16,0.0,295.29039681478196
158.51081066755074,15.19678186741667,15.617867595004894,-2.220446049250313e-16,-4.440892098500626e-16,295.27945259650437
158.52106278087643,15.195243906497485,15.614745614193172,-8.881784197001252e-16,2.220446049250313e-16,295.26849126954926
158.53131472996,15.193705389380348,15.611625124341215,1.1102230246251565e-15,0.0,295.25751283960165
158.5415665148662,15.192166316779089,15.608506125521862,4.440892098500626e-16,0.0,295.24651731234667
158.55181813565983,15.190626689407527,15.60538861780795,0.0,-2.220446049250313e-16,295.23550469346924
158.5620695924058,15.1890865079795,15.602272601272311,0.0,-4.440892098500626e-16,295.22447498865444
158.57232088516935,15.187545773208832,15.599158075987786,-2.220446049250313e-16,-2.220446049250313e-16,295.2134282035873
158.58257201401568,15.186004485809335,15.596045042027203,8.881784197001252e-16,-2.220446049250313e-16,295.20236434395287
158.59282297901026,15.184462646494824,15.592933499463399,2.220446049250313e-16,0.0,295.1912834154362
158.60307378021866,15.182920255979115,15.589823448369208,6.661338147750939e-16,-4.440892098500626e-16,295.18018542372226
158.6133244177066,15.181377314976,15.586714888817474,-2.220446049250313e-16,0.0,295.16907037449613
158.6235748915399,15.179833824199301,15.583607820881022,1.1102230246251565e-15,0.0,295.1579382734429
158.63382520178465,15.178289784362798,15.580502244632694,6.661338147750939e-16,0.0,295.14678912624754
158.64407534850702,15.176745196180294,15.577398160145322,-2.220446049250313e-16,-2.220446049250313e-16,295.13562293859513
158.6543253317733,15.175200060365567,15.574295567491738,4.440892098500626e-16,0.0,295.1244397161707
158.66457515164996,15.173654377632406,15.571194466744785,0.0,-4.440892098500626e-16,295.1132394646592
158.6748248082036,15.172108148694589,15.568094857977293,-4.440892098500626e-16,-4.440892098500626e-16,295.10202218974587
158.685074301501,15.170561374265883,15.5649967412621,-2.220446049250313e-16,2.220446049250313e-16,295.0907878971156
158.69532363160909,15.169014055060082,15.561900116672035,0.0,-4.440892098500626e-16,295.07953659245334
158.7055727985949,15.167466191790918,15.558804984279941,1.1102230246251565e-15,2.220446049250313e-16,295.06826828144426
158.71582180252565,15.165917785172178,15.555711344158652,2.220446049250313e-16,2.220446049250313e-16,295.0569829697735
158.72607064346874,15.164368835917607,15.552619196380999,-2.220446049250313e-16,-4.440892098500626e-16,295.04568066312595
158.7363193214916,15.162819344740955,15.549528541019821,-4.440892098500626e-16,-4.440892098500626e-16,295.03436136718665
158.74656783666194,15.161269312355975,15.546439378147953,2.220446049250313e-16,2.220446049250313e-16,295.02302508764063
158.75681618904756,15.159718739476409,15.543351707838225,-6.661338147750939e-16,-2.220446049250313e-16,295.01167183017293
158.76706437871636,15.15816762681599,15.54026553016348,-6.661338147750939e-16,2.220446049250313e-16,295.0003016004687
158.77731240573644,15.15661597508846,15.537180845196547,1.1102230246251565e-15,-2.220446049250313e-16,294.9889144042129
158.78756027017613,15.155063785007542,15.534097653010265,2.220446049250313e-16,0.0,294.97751024709055
158.79780797210375,15.15351105728696,15.53101595367747,-4.440892098500626e-16,0.0,294.9660891347866
158.8080555115879,15.151957792640433,15.527935747270993,-1.1102230246251565e-15,-2.220446049250313e-16,294.9546510729863
158.8183028886972,15.150403991781685,15.524857033863668,-2.220446049250313e-16,0.0,294.94319606737446
158.82855010350048,15.148849655424412,15.521779813528342,4.440892098500626e-16,0.0,294.93172412363634
158.83879715606682,15.14729478428233,15.518704086337841,0.0,2.220446049250313e-16,294.92023524745684
158.84904404646525,15.145739379069134,15.515629852364993,4.440892098500626e-16,4.440892098500626e-16,294.90872944452104
158.85929077476513,15.144183440498528,15.512557111682652,8.881784197001252e-16,-2.220446049250313e-16,294.89720672051396
158.86953734103588,15.142626969284196,15.509485864363638,-2.220446049250313e-16,0.0,294.8856670811206
158.87978374534703,15.141069966139824,15.506416110480792,2.220446049250313e-16,2.220446049250313e-16,294.8741105320261
158.89002998776834,15.139512431779103,15.503347850106946,8.881784197001252e-16,0.0,294.8625370789156
158.90027606836964,15.137954366915697,15.500281083314938,8.881784197001252e-16,2.220446049250313e-16,294.8509467274737
158.91052198722102,15.136395772263295,15.497215810177604,1.1102230246251565e-15,-2.220446049250313e-16,294.83933948338586
158.92076774439258,15.13483664853555,15.49415203076778,2.220446049250313e-16,-2.220446049250313e-16,294.8277153523369
158.9310133399547,15.133276996446128,15.491089745158295,-2.220446049250313e-16,0.0,294.816074340012
158.94125877397772,15.131716816708694,15.488028953421994,8.881784197001252e-16,-2.220446049250313e-16,294.8044164520961
158.9515040465324,15.130156110036891,15.484969655631703,4.440892098500626e-16,-2.220446049250313e-16,294.7927416942744
158.96174915768938,15.128594877144375,15.48191185186026,2.220446049250313e-16,0.0,294.78105007223166
158.97199410751966,15.127033118744784,15.478855542180503,-4.440892098500626e-16,-4.440892098500626e-16,294.76934159165313
158.98223889609417,15.125470835551761,15.47580072666526,2.220446049250313e-16,2.220446049250313e-16,294.75761625822383
158.99248352348425,15.123908028278937,15.472747405387382,-6.661338147750939e-16,-2.220446049250313e-16,294.7458740776286
159.00272798976113,15.122344697639948,15.469695578419685,4.440892098500626e-16,-4.440892098500626e-16,294.73411505555276
159.01297229499633,15.120780844348403,15.46664524583502,8.881784197001252e-16,-2.220446049250313e-16,294.72233919768115
