galstreams/tracks/track.st.Hrid.ibata2021.ecsv
# %ECSV 0.9
# ---
# datatype:
# - {name: ra, unit: deg, datatype: float64}
# - {name: dec, unit: deg, datatype: float64}
# - {name: distance, unit: kpc, datatype: float64}
# - {name: pm_ra_cosdec, unit: mas / yr, datatype: float64}
# - {name: pm_dec, unit: mas / yr, datatype: float64}
# - {name: radial_velocity, unit: km / s, datatype: float64}
# delimiter: ','
# meta: !!omap
# - __serialized_columns__:
#     dec:
#       __class__: astropy.coordinates.angles.Latitude
#       unit: &id001 !astropy.units.Unit {unit: deg}
#       value: !astropy.table.SerializedColumn {name: dec}
#     distance:
#       __class__: astropy.coordinates.distances.Distance
#       unit: !astropy.units.Unit {unit: kpc}
#       value: !astropy.table.SerializedColumn {name: distance}
#     pm_dec:
#       __class__: astropy.units.quantity.Quantity
#       unit: !astropy.units.Unit {unit: mas / yr}
#       value: !astropy.table.SerializedColumn {name: pm_dec}
#     pm_ra_cosdec:
#       __class__: astropy.units.quantity.Quantity
#       unit: !astropy.units.Unit {unit: mas / yr}
#       value: !astropy.table.SerializedColumn {name: pm_ra_cosdec}
#     ra:
#       __class__: astropy.coordinates.angles.Longitude
#       unit: *id001
#       value: !astropy.table.SerializedColumn {name: ra}
#       wrap_angle: !astropy.coordinates.Angle
#         unit: *id001
#         value: 360.0
#     radial_velocity:
#       __class__: astropy.units.quantity.Quantity
#       unit: !astropy.units.Unit {unit: km / s}
#       value: !astropy.table.SerializedColumn {name: radial_velocity}
# schema: astropy-2.0
ra,dec,distance,pm_ra_cosdec,pm_dec,radial_velocity
[from data line 2910]
280.81332074036555,44.238082186818836,3.1252490132359303,-5.677687723787279,22.385665496718342,-6.73661370389787e-14
280.8140802337135,44.248073456415455,3.1253011399845003,-5.677200077488949,22.387061220996387,-3.368306851948935e-14
280.81483989744714,44.2580647243483,3.1253533513959018,-5.6767121767449495,22.388455622662995,-1.0104920555846805e-13
280.81559973182306,44.268055990610804,3.125405647499395,-5.676224021520856,22.389848701570262,-1.347322740779574e-13
280.81635973709797,44.27804725519655,3.12545802832424,-5.675735611782187,22.391240457570305,0.0
280.8171199135291,44.28803851809908,3.125510493899698,-5.675246947494335,22.392630890515214,-6.73661370389787e-14
280.81788026137343,44.29802977931182,3.1255630442550304,-5.674758028622696,22.394020000257136,-3.368306851948935e-14
280.8186407808885,44.30802103882837,3.1256156794194965,-5.674268855132544,22.395407786648214,-6.73661370389787e-14
280.8194014723317,44.31801229664216,3.1256683994223584,-5.673779426989093,22.39679424954061,-3.368306851948935e-14
280.820162335961,44.32800355274671,3.125721204292877,-5.673289744157456,22.39817938878648,-6.73661370389787e-14
280.8209233720342,44.33799480713557,3.125774094060311,-5.672799806602731,22.399563204238007,-1.0104920555846805e-13
280.8216845808096,44.347986059802146,3.125827068753924,-5.672309614289887,22.40094569574738,-3.368306851948935e-14
280.8224459625453,44.357977310739955,3.1258801284029754,-5.671819167183863,22.402326863166827,-3.368306851948935e-14
280.82320751750007,44.36796855994253,3.1259332730367255,-5.671328465249487,22.40370670634855,-6.73661370389787e-14
280.8239692459326,44.37795980740325,3.125986502684435,-5.670837508451525,22.4050852251448,-1.0104920555846805e-13
280.82473114810165,44.38795105311569,3.126039817375366,-5.670346296754705,22.406462419407788,-3.368306851948935e-14
280.82549322426644,44.397942297073214,3.126093217138779,-5.669854830123615,22.407838288989808,-6.73661370389787e-14
280.8262554746863,44.40793353926932,3.1261467020039335,-5.669363108522823,22.409212833743123,-6.73661370389787e-14
280.8270178996206,44.41792477969754,3.126200272000091,-5.668871131916813,22.410586053520003,-3.368306851948935e-14
280.82778049932915,44.427916018351205,3.126253927156513,-5.6683789002699845,22.411957948172752,-3.368306851948935e-14
280.82854327407176,44.43790725522382,3.1263076675024593,-5.667886413546649,22.413328517553687,0.0
280.82930622410856,44.44789849030888,3.126361493067191,-5.667393671711075,22.414697761515132,-3.368306851948935e-14
280.8300693496997,44.45788972359971,3.1264154038799683,-5.666900674727442,22.416065679909423,-6.73661370389787e-14
280.83083265110577,44.46788095508988,3.1264693999700532,-5.666407422559862,22.41743227258889,0.0
280.83159612858736,44.47787218477267,3.1265234813667058,-5.665913915172355,22.418797539405915,-3.368306851948935e-14
280.8323597824053,44.487863412641566,3.126577648099187,-5.665420152528892,22.420161480212858,-6.73661370389787e-14
280.83312361282077,44.49785463869008,3.1266319001967564,-5.664926134593336,22.42152409486212,-6.73661370389787e-14
280.8338876200948,44.507845862911466,3.1266862376886775,-5.664431861329534,22.422885383206097,-6.73661370389787e-14
280.83465180448894,44.51783708529927,3.1267406606042085,-5.663937332701195,22.424245345097205,-6.73661370389787e-14
280.8354161662648,44.527828305846796,3.1267951689726114,-5.663442548671989,22.42560398038786,-3.368306851948935e-14
280.83618070568417,44.537819524547466,3.1268497628231464,-5.662947509205497,22.426961288930514,-3.368306851948935e-14
280.8369454230091,44.547810741394755,3.1269044421850745,-5.662452214265228,22.428317270577622,-6.73661370389787e-14
280.83771031850193,44.55780195638195,3.126959207087656,-5.661956663814621,22.42967192518163,-3.368306851948935e-14
280.83847539242487,44.56779316950251,3.127014057560153,-5.661460857817042,22.431025252595028,-1.347322740779574e-13
280.8392406450406,44.57778438074975,3.1270689936318252,-5.6609647962357865,22.432377252670307,-1.0104920555846805e-13
280.8400060766119,44.58777559011709,3.1271240153319333,-5.660468479034057,22.433727925259973,0.0
280.8407716874019,44.59776679759793,3.12717912268974,-5.659971906174992,22.43507727021653,-3.368306851948935e-14
280.8415374776736,44.60775800318555,3.127234315734502,-5.659475077621661,22.43642528739253,-3.368306851948935e-14
280.8423034476906,44.617749206873356,3.1272895944954837,-5.658977993337047,22.43777197664052,-3.368306851948935e-14
280.8430695977164,44.627740408654766,3.127344959001944,-5.6584806532840455,22.439117337813023,-6.73661370389787e-14
280.84383592801476,44.63773160852303,3.127400409283146,-5.657983057425534,22.44046137076262,-3.368306851948935e-14
280.84460243884973,44.6477228064716,3.127455945368348,-5.657485205724239,22.44180407534191,-3.368306851948935e-14
280.84536913048544,44.65771400249369,3.1275115672868106,-5.656987098142876,22.44314545140348,-3.368306851948935e-14
280.8461360031863,44.66770519658271,3.1275672750677974,-5.656488734644037,22.444485498799928,-3.368306851948935e-14
280.846903057217,44.67769638873205,3.1276230687405673,-5.655990115190255,22.445824217383887,0.0
280.84767029284217,44.687687578934906,3.12767894833438,-5.655491239744009,22.44716160700798,-1.0104920555846805e-13
280.84843771032683,44.69767876718476,3.1277349138784976,-5.654992108267674,22.448497667524872,0.0
280.84920530993634,44.70766995347477,3.127790965402181,-5.654492720723539,22.449832398787215,-3.368306851948935e-14
280.8499730919358,44.717661137798316,3.1278471029346906,-5.653993077073888,22.451165800647676,-6.73661370389787e-14
280.850741056591,44.7276523201488,3.1279033265052867,-5.653493177280835,22.452497872958947,-3.368306851948935e-14
280.8515092041676,44.737643500519354,3.1279596361432316,-5.652993021306497,22.45382861557371,-3.368306851948935e-14
280.8522775349318,44.74763467890336,3.128016031877784,-5.652492609112845,22.455158028344712,-3.368306851948935e-14
280.85304604914944,44.757625855294165,3.128072513738207,-5.651991940661839,22.45648611112465,-6.73661370389787e-14
280.8538147470872,44.76761702968497,3.1281290817537597,-5.651491015915319,22.457812863766275,-3.368306851948935e-14
280.85458362901164,44.77760820206915,3.128185735953703,-5.65098983483505,22.459138286122332,-6.73661370389787e-14
280.8553526951894,44.78759937243987,3.1282424763672987,-5.650488397382762,22.460462378045595,-3.368306851948935e-14
280.8561219458876,44.79759054079046,3.1282993030238053,-5.649986703520085,22.461785139388827,0.0
280.8568913813734,44.807581707114245,3.1283562159524867,-5.649484753208539,22.463106570004832,0.0
280.85766100191415,44.81757287140439,3.128413215182601,-5.648982546409612,22.464426669746423,-3.368306851948935e-14
280.8584308077775,44.827564033654255,3.128470300743411,-5.648480083084707,22.4657454384664,-3.368306851948935e-14
280.8592007992313,44.83755519385699,3.1285274726641763,-5.647977363195137,22.467062876017586,0.0
280.8599709765435,44.84754635200589,3.1285847309741577,-5.647474386702141,22.46837898225285,-3.368306851948935e-14
280.86074133998227,44.857537508094275,3.1286420757026168,-5.6469711535669065,22.469693757025016,-6.73661370389787e-14
280.86151188981603,44.86752866211524,3.1286995068788133,-5.646467663750513,22.471007200186968,-3.368306851948935e-14
280.8622826263135,44.87751981406217,3.128757024532008,-5.645963917213962,22.47231931159162,-1.0104920555846805e-13
280.86305354974337,44.887510963928165,3.1288146286914627,-5.645459913918217,22.473630091091827,0.0
280.86382466037475,44.897502111706494,3.128872319386437,-5.644955653824124,22.47493953854051,-6.73661370389787e-14
280.86459595847685,44.90749325739045,3.128930096646193,-5.644451136892459,22.4762476537906,-6.73661370389787e-14
280.86536744431913,44.91748440097313,3.128987960499991,-5.643946363083933,22.47755443669501,-1.347322740779574e-13
280.8661391181711,44.927475542447816,3.1290459109770894,-5.643441332359204,22.478859887106715,0.0
280.86691098030275,44.93746668180773,3.1291039481067537,-5.642936044678784,22.48016400487866,-1.347322740779574e-13
280.8676830309841,44.947457819046,3.129162071918241,-5.642430500003163,22.481466789863823,-3.368306851948935e-14
280.86845527048536,44.957448954155915,3.1292202824408126,-5.641924698292746,22.482768241915196,-6.73661370389787e-14
280.86922769907704,44.96744008713057,3.129278579703731,-5.641418639507847,22.484068360885765,0.0
280.87000031702974,44.977431217963165,3.1293369637362543,-5.640912323608717,22.48536714662858,-6.73661370389787e-14
280.8707731246144,44.987422346646966,3.129395434567645,-5.6404057505555105,22.486664598996633,-2.020984111169361e-13
280.871546122102,44.997413473175065,3.1294539922271656,-5.639898920308325,22.487960717842974,0.0
280.872319309764,45.00740459754063,3.129512636744073,-5.639391832827169,22.489255503020658,-6.73661370389787e-14
280.87309268787175,45.01739571973691,3.12957136814763,-5.6388844880719855,22.490548954382753,-6.73661370389787e-14
280.873866256697,45.02738683975695,3.129630186467098,-5.6383768860026,22.491841071782346,-1.0104920555846805e-13
280.8746400165117,45.03737795759403,3.1296890917317373,-5.637869026578812,22.49313185507252,-3.368306851948935e-14
280.8754139675879,45.04736907324117,3.1297480839708074,-5.637360909760324,22.49442130410639,-6.73661370389787e-14
280.876188110198,45.05736018669157,3.1298071632135698,-5.636852535506762,22.495709418737064,-1.0104920555846805e-13
280.8769624446144,45.06735129793843,3.1298663294892863,-5.636343903777648,22.496996198817698,-1.0104920555846805e-13
280.8777369711099,45.0773424069748,3.1299255828272163,-5.635835014532477,22.498281644201406,-6.73661370389787e-14
280.87851168995763,45.08733351379389,3.1299849232566213,-5.635325867730593,22.499565754741383,-1.347322740779574e-13
280.87928660143046,45.09732461838871,3.1300443508067635,-5.634816463331366,22.50084853029076,-6.73661370389787e-14
280.880061705802,45.107315720752446,3.1301038655069,-5.634306801293972,22.50212997070276,-1.347322740779574e-13
280.88083700334573,45.11730682087829,3.130163467386294,-5.633796881577586,22.50341007583058,-3.368306851948935e-14
280.88161249433546,45.12729791875919,3.130223156474208,-5.633286704141289,22.504688845527404,-1.347322740779574e-13
280.88238817904517,45.137289014388415,3.130282932799898,-5.632776268944073,22.505966279646486,-6.73661370389787e-14
280.883164057749,45.14728010775892,3.130342796392629,-5.63226557594485,22.507242378041052,-1.0104920555846805e-13
280.8839401307215,45.15727119886385,3.13040274728166,-5.631754625102475,22.508517140564354,-3.368306851948935e-14
280.88471639823723,45.16726228769638,3.130462785496252,-5.631243416375687,22.509790567069665,-3.368306851948935e-14
280.88549286057116,45.17725337424946,3.1305229110656665,-5.630731949723167,22.511062657410257,-6.73661370389787e-14
280.88626951799813,45.18724445851623,3.130583124019163,-5.630220225103546,22.51233341143942,-1.0104920555846805e-13
280.88704637079354,45.197235540489814,3.1306434243860033,-5.629708242475326,22.51360282901048,-6.73661370389787e-14
280.88782341923286,45.20722662016319,3.130703812195447,-5.6291960017969505,22.51487090997672,0.0
280.88860066359183,45.2172176975295,3.1307642874767567,-5.628683503026784,22.516137654191517,0.0
280.88937810414626,45.227208772581704,3.1308248502591915,-5.628170746123137,22.517403061508183,-6.73661370389787e-14
280.8901557411723,45.23719984531294,3.1308855005720124,-5.627657731044186,22.51866713178009,-6.73661370389787e-14
280.89093357494625,45.24719091571627,3.1309462384444813,-5.627144457748089,22.5199298648606,-1.0104920555846805e-13
280.8917116057448,45.25718198378465,3.131007063905858,-5.626630926192856,22.52119126060311,-1.347322740779574e-13
280.8924898338445,45.26717304951115,3.131067976985403,-5.626117136336513,22.522451318861012,-1.0104920555846805e-13
280.8932682595225,45.27716411288889,3.131128977712378,-5.625603088136895,22.523710039487728,-6.73661370389787e-14
280.89404688305575,45.287155173910776,3.131190066116044,-5.625088781551855,22.524967422336665,-6.73661370389787e-14
280.89482570472194,45.29714623256992,3.1312512422256593,-5.624574216539102,22.526223467261286,-6.73661370389787e-14
280.8956047247985,45.30713728885926,3.131312506070488,-5.624059393056287,22.527478174115025,-1.0104920555846805e-13
280.8963839435633,45.31712834277183,3.131373857679789,-5.623544311060995,22.528731542751355,-1.0104920555846805e-13
280.89716336129436,45.327119394300716,3.1314352970828234,-5.623028970510724,22.529983573023742,-3.368306851948935e-14
280.89794297827,45.3371104434388,3.131496824308852,-5.62251337136286,22.531234264785702,-1.0104920555846805e-13
280.89872279476873,45.347101490179185,3.131558439387136,-5.621997513574743,22.532483617890733,-2.020984111169361e-13
280.89950281106906,45.35709253451478,3.1316201423469354,-5.621481397103656,22.533731632192342,-6.73661370389787e-14
280.9002830274501,45.367083576438574,3.131681933217511,-5.62096502190674,22.534978307544073,-1.347322740779574e-13
280.90106344419087,45.37707461594365,3.1317438120281245,-5.62044838794109,22.536223643799474,-1.347322740779574e-13
280.90184406157067,45.387065653022844,3.131805778808036,-5.619931495163746,22.53746764081209,-6.73661370389787e-14
280.9026248798691,45.39705668766926,3.131867833586506,-5.619414343531609,22.538710298435504,-3.368306851948935e-14
280.903405899366,45.407047719875735,3.131929976392795,-5.618896933001537,22.539951616523314,-3.368306851948935e-14
280.9041871203413,45.417038749635275,3.131992207256166,-5.618379263530322,22.54119159492909,-1.0104920555846805e-13
280.90496854307526,45.42702977694092,3.1320545262058768,-5.617861335074627,22.54243023350648,-3.368306851948935e-14
280.9057501678482,45.43702080178547,3.13211693327119,-5.617343147591089,22.543667532109076,-3.368306851948935e-14
280.9065319949409,45.44701182416195,3.132179428481366,-5.616824701036217,22.54490349059055,-1.6841534259744677e-13
280.9073140246341,45.457002844063354,3.132242011865666,-5.61630599536648,22.546138108804534,0.0
280.90809625720897,45.46699386148251,3.13230468345335,-5.615787030538225,22.547371386604702,-1.0104920555846805e-13
280.9088786929467,45.47698487641244,3.1323674432736786,-5.615267806507771,22.54860332384473,0.0
280.90966133212896,45.48697588884595,3.1324302913559134,-5.614748323231287,22.54983392037832,-6.73661370389787e-14
280.9104441750374,45.496966898776016,3.1324932277293143,-5.614228580664927,22.551063176059177,-1.347322740779574e-13
280.91122722195405,45.50695790619564,3.1325562524231434,-5.61370857876473,22.552291090741015,-6.73661370389787e-14
280.91201047316105,45.51694891109758,3.1326193654666596,-5.613188317486648,22.553517664277578,-1.347322740779574e-13
280.9127939289407,45.526939913474806,3.1326825668891254,-5.612667796786594,22.554742896522605,-3.368306851948935e-14
280.91357758957577,45.53693091332026,3.1327458567198003,-5.6121470166203435,22.555966787329865,-1.0104920555846805e-13
280.9143614553491,45.54692191062674,3.1328092349879464,-5.6116259769436105,22.557189336553126,-6.73661370389787e-14
280.91514552654365,45.556912905387236,3.1328727017228233,-5.611104677712048,22.55841054404619,-6.73661370389787e-14
280.91592980344274,45.5669038975945,3.132936256953692,-5.610583118881232,22.55963040966283,-1.347322740779574e-13
280.9167142863299,45.57689488724147,3.132999900709814,-5.610061300406615,22.56084893325688,-6.73661370389787e-14
280.91749897548897,45.5868858743211,3.1330636330204498,-5.609539222243585,22.56206611468219,-3.368306851948935e-14
280.9182838712037,45.5968768588261,3.1331274539148595,-5.609016884347479,22.563281953792572,-1.347322740779574e-13
280.9190689737583,45.60686784074948,3.1331913634223043,-5.608494286673518,22.56449645044188,3.368306851948935e-14
280.9198542834373,45.616858820083934,3.133255361572044,-5.607971429176848,22.565709604484013,-1.347322740779574e-13
280.92063980052524,45.6268497968224,3.1333194483933418,-5.607448311812534,22.56692141577282,-1.347322740779574e-13
