galstreams/tracks/track.st.Phlegethon.ibata2021.ecsv
# %ECSV 0.9
# ---
# datatype:
# - {name: ra, unit: deg, datatype: float64}
# - {name: dec, unit: deg, datatype: float64}
# - {name: distance, unit: kpc, datatype: float64}
# - {name: pm_ra_cosdec, unit: mas / yr, datatype: float64}
# - {name: pm_dec, unit: mas / yr, datatype: float64}
# - {name: radial_velocity, unit: km / s, datatype: float64}
# delimiter: ','
# meta: !!omap
# - __serialized_columns__:
#     dec:
#       __class__: astropy.coordinates.angles.Latitude
#       unit: &id001 !astropy.units.Unit {unit: deg}
#       value: !astropy.table.SerializedColumn {name: dec}
#     distance:
#       __class__: astropy.coordinates.distances.Distance
#       unit: !astropy.units.Unit {unit: kpc}
#       value: !astropy.table.SerializedColumn {name: distance}
#     pm_dec:
#       __class__: astropy.units.quantity.Quantity
#       unit: !astropy.units.Unit {unit: mas / yr}
#       value: !astropy.table.SerializedColumn {name: pm_dec}
#     pm_ra_cosdec:
#       __class__: astropy.units.quantity.Quantity
#       unit: !astropy.units.Unit {unit: mas / yr}
#       value: !astropy.table.SerializedColumn {name: pm_ra_cosdec}
#     ra:
#       __class__: astropy.coordinates.angles.Longitude
#       unit: *id001
#       value: !astropy.table.SerializedColumn {name: ra}
#       wrap_angle: !astropy.coordinates.Angle
#         unit: *id001
#         value: 360.0
#     radial_velocity:
#       __class__: astropy.units.quantity.Quantity
#       unit: !astropy.units.Unit {unit: km / s}
#       value: !astropy.table.SerializedColumn {name: radial_velocity}
# schema: astropy-2.0
ra,dec,distance,pm_ra_cosdec,pm_dec,radial_velocity
[from data line 3854]
323.8282917663319,-10.367421434096906,3.2816683538735245,-0.9259760988237247,-34.23037334088437,0.0
323.8292065051025,-10.357338784050937,3.2817799908451786,-0.9247067775095199,-34.226570680352545,0.0
323.8301208994711,-10.347256099687632,3.281891777605376,-0.9234376217166114,-34.22276628607615,5.0524602779234026e-14
323.8310349496729,-10.337173381028942,3.282003714204516,-0.9221686315292583,-34.2189601585068,3.368306851948935e-14
323.831948655943,-10.32709062809683,3.2821158006930067,-0.920899807031831,-34.21515229809601,-1.6841534259744676e-14
323.83286201851604,-10.317007840913242,3.282228037121248,-0.9196311483088193,-34.21134270529535,0.0
323.8337750376271,-10.306925019500126,3.282340423539647,-0.9183626554448061,-34.20753138055631,-1.6841534259744676e-14
323.83468771351073,-10.296842163879422,3.2824529599986048,-0.9170943285245041,-34.20371832433043,3.368306851948935e-14
323.8356000464016,-10.286759274073043,3.282565646548526,-0.9158261676327122,-34.19990353706915,5.0524602779234026e-14
323.83651203653443,-10.27667635010292,3.282678483239817,-0.9145581728543464,-34.19608701922393,1.6841534259744676e-14
323.8374236841435,-10.26659339199097,3.282791470122877,-0.9132903442744333,-34.19226877124624,3.368306851948935e-14
323.83833498946325,-10.256510399759096,3.2829046072481134,-0.9120226819781059,-34.18844879358746,0.0
323.83924595272805,-10.246427373429212,3.283017894665929,-0.9107551860506082,-34.18462708669903,5.0524602779234026e-14
323.8401565741719,-10.236344313023189,3.2831313324267266,-0.9094878565772944,-34.1808036510323,0.0
323.8410668540291,-10.226261218562934,3.2832449205809104,-0.9082206936436128,-34.17697848703863,5.0524602779234026e-14
323.8419767925336,-10.216178090070315,3.2833586591788855,-0.90695369733514,-34.17315159516938,0.0
323.84288638991933,-10.206094927567229,3.283472548271055,-0.9056868677375505,-34.16932297587587,5.0524602779234026e-14
323.84379564642006,-10.196011731075512,3.2835865879078217,-0.9044202049366294,-34.165492629609375,3.368306851948935e-14
323.8447045622697,-10.18592850061704,3.2837007781395897,-0.903153709018262,-34.161660556821225,-1.6841534259744676e-14
323.8456131377019,-10.175845236213668,3.283815119016764,-0.9018873800684548,-34.15782675796262,0.0
323.84652137295006,-10.16576193788724,3.2839296105897477,-0.9006212181733186,-34.15399123348484,1.6841534259744676e-14
323.8474292682478,-10.155678605659608,3.2840442529089438,-0.8993552234190751,-34.15015398383911,-1.6841534259744676e-14
323.8483368238286,-10.145595239552582,3.2841590460247576,-0.8980893958920375,-34.146315009476616,5.0524602779234026e-14
323.8492440399256,-10.135511839588006,3.284273989987592,-0.8968237356786521,-34.14247431084856,5.0524602779234026e-14
323.8501509167721,-10.12542840578769,3.284389084847851,-0.8955582428654587,-34.1386318884061,3.368306851948935e-14
323.8510574546013,-10.115344938173465,3.2845043306559383,-0.8942929175391079,-34.13478774260038,0.0
323.8519636536462,-10.105261436767117,3.2846197274622577,-0.8930277597863561,-34.13094187388252,5.0524602779234026e-14
323.85286951413974,-10.09517790159045,3.284735275317213,-0.8917627696940751,-34.127094282703645,-1.6841534259744676e-14
323.85377503631486,-10.085094332665266,3.2848509742712073,-0.8904979473492376,-34.12324496951481,0.0
323.85468022040425,-10.075010730013348,3.2849668243746453,-0.8892332928389366,-34.11939393476711,3.368306851948935e-14
323.8555850666407,-10.064927093656479,3.285082825677932,-0.8879688062503535,-34.115541178911585,0.0
323.8564895752567,-10.054843423616424,3.2851989782314686,-0.8867044876707992,-34.11168670239926,1.6841534259744676e-14
323.857393746485,-10.044759719914955,3.28531528208566,-0.8854403371876729,-34.107830505681136,1.6841534259744676e-14
323.85829758055786,-10.03467598257382,3.2854317372909096,-0.8841763548884951,-34.10397258920823,-1.6841534259744676e-14
323.85920107770767,-10.024592211614793,3.2855483438976227,-0.8829125408608958,-34.1001129534315,5.0524602779234026e-14
323.8601042381667,-10.014508407059617,3.2856651019562015,-0.8816488951926078,-34.096251598801885,1.6841534259744676e-14
323.8610070621671,-10.00442456893002,3.2857820115170506,-0.8803854179714654,-34.09238852577033,3.368306851948935e-14
323.861909549941,-9.994340697247742,3.2858990726305737,-0.8791221092854298,-34.088523734787735,-1.6841534259744676e-14
323.8628117017204,-9.98425679203451,3.2860162853471744,-0.8778589692225531,-34.08465722630501,1.6841534259744676e-14
323.86371351773715,-9.97417285331205,3.2861336497172564,-0.8765959978710054,-34.080789000773024,1.6841534259744676e-14
323.8646149982232,-9.964088881102061,3.2862511657912234,-0.8753331953190577,-34.07691905864262,0.0
323.86551614341016,-9.954004875426262,3.2863688336194796,-0.8740705616550914,-34.07304740036466,0.0
323.86641695352984,-9.943920836306354,3.2864866532524286,-0.8728080969675984,-34.069174026389916,1.6841534259744676e-14
323.86731742881364,-9.933836763764022,3.286604624740474,-0.8715458013451833,-34.06529893716926,1.6841534259744676e-14
323.8682175694932,-9.923752657820975,3.2867227481340207,-0.8702836748765446,-34.06142213315338,0.0
323.86911737579976,-9.91366851849887,3.2868410234834715,-0.8690217176505044,-34.05754361479309,-1.6841534259744676e-14
323.87001684796473,-9.90358434581939,3.28695945083923,-0.8677599297559828,-34.05366338253912,-1.6841534259744676e-14
323.87091598621936,-9.893500139804209,3.2870780302516995,-0.8664983112820122,-34.049781436842196,3.368306851948935e-14
323.8718147907947,-9.883415900474988,3.287196761771285,-0.865236862317734,-34.045897778153034,0.0
323.8727132619219,-9.873331627853373,3.2873156454483907,-0.8639755829523845,-34.04201240692227,-1.6841534259744676e-14
323.8736113998318,-9.863247321961017,3.287434681333419,-0.8627144732753305,-34.038125323600596,1.6841534259744676e-14
323.8745092047554,-9.853162982819565,3.287553869476774,-0.8614535333760327,-34.03423652863866,3.368306851948935e-14
323.8754066769235,-9.843078610450654,3.287673209928861,-0.86019276334406,-34.03034602248707,0.0
323.8763038165667,-9.832994204875918,3.2877927027400817,-0.858932163269094,-34.02645380559647,1.6841534259744676e-14
323.87720062391566,-9.822909766116968,3.28791234796084,-0.8576717332409212,-34.02255987841742,3.368306851948935e-14
323.87809709920094,-9.812825294195424,3.2880321456415422,-0.8564114733494375,-34.01866424140047,1.6841534259744676e-14
323.87899324265305,-9.8027407891329,3.288152095832589,-0.8551513836846407,-34.01476689499622,1.6841534259744676e-14
323.87988905450226,-9.792656250951005,3.2882721985843864,-0.8538914643366482,-34.010867839655155,3.368306851948935e-14
323.88078453497883,-9.782571679671321,3.288392453947338,-0.8526317153956828,-34.00696707582781,0.0
323.8816796843131,-9.772487075315453,3.288512861971845,-0.8513721369520582,-34.00306460396469,3.368306851948935e-14
323.882574502735,-9.762402437904976,3.2886334227083145,-0.8501127290962205,-33.99916042451622,3.368306851948935e-14
323.88346899047474,-9.752317767461479,3.2887541362071486,-0.8488534919187067,-33.9952545379329,5.0524602779234026e-14
323.88436314776214,-9.742233064006529,3.2888750025187523,-0.8475944255101697,-33.99134694466516,-1.6841534259744676e-14
323.8852569748271,-9.73214832756169,3.288996021693526,-0.8463355299613635,-33.98743764516342,0.0
323.8861504718993,-9.72206355814852,3.2891171937818786,-0.8450768053631599,-33.98352663987804,0.0
323.8870436392086,-9.711978755788573,3.289238518834211,-0.84381825180653,-33.97961392925945,-1.6841534259744676e-14
323.8879364769845,-9.701893920503407,3.289359996900926,-0.8425598693825544,-33.97569951375798,1.6841534259744676e-14
323.8888289854565,-9.691809052314548,3.289481628032429,-0.8413016581824286,-33.97178339382401,1.6841534259744676e-14
323.88972116485405,-9.68172415124353,3.289603412279125,-0.8400436182974413,-33.9678655699078,-1.6841534259744676e-14
323.8906130154065,-9.671639217311892,3.289725349691415,-0.838785749819007,-33.963946042459725,3.368306851948935e-14
323.89150453734305,-9.661554250541146,3.2898474403197047,-0.8375280528386311,-33.960024811930026,0.0
323.89239573089304,-9.651469250952818,3.2899696842143973,-0.8362705274479332,-33.956101878768976,0.0
323.89328659628535,-9.641384218568401,3.2900920814258963,-0.8350131737386506,-33.952177243426846,1.6841534259744676e-14
323.8941771337493,-9.631299153409413,3.2902146320046066,-0.8337559918026032,-33.948250906353834,1.6841534259744676e-14
323.8950673435134,-9.621214055497342,3.2903373360009294,-0.8324989817317552,-33.944322868000185,1.6841534259744676e-14
323.89595722580685,-9.611128924853679,3.2904601934652713,-0.8312421436181405,-33.94039312881606,5.0524602779234026e-14
323.89684678085825,-9.601043761499913,3.2905832044480348,-0.8299854775539264,-33.93646168925167,-1.6841534259744676e-14
323.89773600889623,-9.59095856545752,3.290706368999624,-0.8287289836313798,-33.93252854975712,-1.6841534259744676e-14
323.8986249101495,-9.580873336747969,3.2908296871704437,-0.8274726619428701,-33.928593710782586,1.6841534259744676e-14
323.89951348484647,-9.570788075392729,3.290953159010896,-0.8262165125808889,-33.92465717277818,1.6841534259744676e-14
323.90040173321563,-9.56070278141326,3.2910767845713855,-0.8249605356380174,-33.920718936194014,1.6841534259744676e-14
323.90128965548536,-9.550617454831011,3.2912005639023154,-0.8237047312069508,-33.91677900148014,1.6841534259744676e-14
323.90217725188376,-9.540532095667428,3.291324497054091,-0.8224490993804996,-33.912837369086624,1.6841534259744676e-14
323.90306452263906,-9.530446703943953,3.2914485840771137,-0.8211936402515749,-33.908894039463526,3.368306851948935e-14
323.9039514679795,-9.520361279682032,3.2915728250217895,-0.819938353913193,-33.90494901306088,3.368306851948935e-14
323.90483808813286,-9.510275822903086,3.2916972199385213,-0.8186832404584865,-33.901002290328655,-1.6841534259744676e-14
323.9057243833272,-9.500190333628524,3.291821768877712,-0.8174282999806839,-33.897053871716885,-1.6841534259744676e-14
323.9066103537903,-9.490104811879782,3.2919464718897675,-0.8161735325731359,-33.89310375767552,1.6841534259744676e-14
323.90749599975,-9.480019257678265,3.29207132902509,-0.8149189383292881,-33.889151948654515,1.6841534259744676e-14
323.90838132143386,-9.469933671045375,3.2921963403340833,-0.8136645173426906,-33.885198445103796,1.6841534259744676e-14
323.90926631906956,-9.459848052002506,3.292321505867152,-0.8124102697070206,-33.88124324747328,1.6841534259744676e-14
323.91015099288455,-9.449762400571057,3.2924468256746997,-0.8111561955160447,-33.87728635621287,1.6841534259744676e-14
323.9110353431062,-9.439676716772409,3.2925722998071296,-0.8099022948636421,-33.873327771772445,0.0
323.911919369962,-9.429591000627944,3.2926979283148463,-0.808648567843802,-33.86936749460186,0.0
323.9128030736792,-9.419505252159043,3.2928237112482526,-0.807395014550611,-33.86540552515096,0.0
323.9136864544848,-9.40941947138706,3.2929496486577534,-0.8061416350782822,-33.861441863869565,0.0
323.914569512606,-9.399333658333363,3.293075740593752,-0.8048884295211218,-33.85747651120748,1.6841534259744676e-14
323.91545224826984,-9.389247813019317,3.2932019871066527,-0.8036353979735424,-33.853509467614494,5.0524602779234026e-14
323.9163346617033,-9.379161935466252,3.293328388246858,-0.8023825405300671,-33.84954073354038,-1.6841534259744676e-14
323.9172167531331,-9.36907602569554,3.293454944064773,-0.8011298572853307,-33.84557030943488,1.6841534259744676e-14
323.918098522786,-9.358990083728488,3.2935816546108003,-0.7998773483340784,-33.84159819574776,3.368306851948935e-14
323.9189799708888,-9.34890410958644,3.293708519935345,-0.7986250137711437,-33.837624392928674,0.0
323.919861097668,-9.338818103290732,3.29383554008881,-0.7973728536914866,-33.833648901427345,0.0
323.92074190335023,-9.328732064862676,3.2939627151215998,-0.7961208681901661,-33.82967172169347,-3.368306851948935e-14
323.9216223881618,-9.318645994323584,3.2940900450841175,-0.7948690573623485,-33.82569285417671,5.0524602779234026e-14
323.9225025523291,-9.308559891694761,3.294217530026767,-0.7936174213033116,-33.82171229932667,-1.6841534259744676e-14
323.9233823960784,-9.298473756997511,3.2943451699999518,-0.792365960108437,-33.81773005759298,0.0
323.92426191963597,-9.288387590253135,3.2944729650540765,-0.7911146738732109,-33.81374612942529,0.0
323.92514112322783,-9.278301391482929,3.294600915239544,-0.7898635626932418,-33.80976051527314,0.0
323.92602000708007,-9.268215160708158,3.2947290206067597,-0.7886126266642144,-33.80577321558611,0.0
323.9268985714186,-9.258128897950114,3.294857281206126,-0.7873618658819543,-33.80178423081376,0.0
323.92777681646925,-9.248042603230065,3.294985697088047,-0.7861112804423698,-33.79779356140562,1.6841534259744676e-14
323.92865474245787,-9.23795627656929,3.295114268302927,-0.7848608704414981,-33.7938012078112,1.6841534259744676e-14
323.9295323496101,-9.227869917989024,3.295242994901168,-0.7836106359754633,-33.789807170479996,1.6841534259744676e-14
323.9304096381517,-9.21778352751054,3.2953718769331766,-0.7823605771405044,-33.785811449861505,0.0
323.931286608308,-9.207697105155088,3.2955009144493537,-0.7811106940329697,-33.78181404640516,3.368306851948935e-14
323.9321632603046,-9.197610650943895,3.2956301075001053,-0.7798609867493145,-33.777814960560434,0.0
323.9330395943669,-9.187524164898223,3.2957594561358334,-0.7786114553860966,-33.77381419277673,1.6841534259744676e-14
323.9339156107201,-9.177437647039284,3.2958889604069443,-0.7773621000399866,-33.76981174350345,-1.6841534259744676e-14
323.93479130958946,-9.167351097388307,3.2960186203638404,-0.7761129208077531,-33.76580761319001,-1.6841534259744676e-14
323.93566669120014,-9.157264515966519,3.296148436056924,-0.7748639177862873,-33.76180180228576,1.6841534259744676e-14
323.9365417557771,-9.147177902795127,3.296278407536601,-0.7736150910725756,-33.757794311240055,-1.6841534259744676e-14
323.9374165035455,-9.137091257895344,3.2964085348532746,-0.7723664407637099,-33.753785140502245,0.0
323.93829093473005,-9.127004581288363,3.2965388180573485,-0.7711179669568904,-33.74977429052161,1.6841534259744676e-14
323.9391650495557,-9.116917872995387,3.2966692571992264,-0.7698696697494278,-33.745761761747495,1.6841534259744676e-14
323.94003884824707,-9.10683113303761,3.296799852329311,-0.7686215492387514,-33.74174755462918,3.368306851948935e-14
323.94091233102887,-9.09674436143622,3.296930603498009,-0.767373605522371,-33.7377316696159,5.0524602779234026e-14
323.94178549812574,-9.086657558212382,3.297061510755722,-0.7661258386979171,-33.7337141071569,0.0
323.94265834976204,-9.076570723387274,3.2971925741528536,-0.764878248863134,-33.72969486770145,0.0
323.9435308861622,-9.066483856982074,3.2973237937398086,-0.7636308361158646,-33.725673951698724,1.6841534259744676e-14
323.9444031075506,-9.056396959017942,3.29745516956699,-0.7623836005540587,-33.721651359597914,0.0
323.9452750141516,-9.046310029516022,3.297586701684802,-0.7611365422757661,-33.717627091848236,0.0
323.9461466061892,-9.036223068497472,3.2977183901436495,-0.759889661379165,-33.71360114889879,1.6841534259744676e-14
323.94701788388755,-9.026136075983436,3.297850234993935,-0.7586429579625191,-33.709573531198764,0.0
323.94788884747067,-9.016049051995058,3.2979822362860625,-0.757396432124207,-33.705544239197245,1.6841534259744676e-14
323.9487594971625,-9.00596199655347,3.298114394070435,-0.7561500839627171,-33.70151327334338,1.6841534259744676e-14
323.9496298331869,-8.995874909679797,3.2982467083974574,-0.7549039135766367,-33.69748063408622,3.368306851948935e-14
323.95049985576765,-8.985787791395156,3.2983791793175334,-0.7536579210646632,-33.69344632187483,0.0
323.9513695651284,-8.975700641720671,3.2985118068810664,-0.7524121065256111,-33.68941033715829,-1.6841534259744676e-14
323.9522389614928,-8.965613460677455,3.2986445911384608,-0.7511664700583802,-33.68537268038561,1.6841534259744676e-14
323.95310804508443,-8.95552624828661,3.2987775321401207,-0.7499210117620003,-33.68133335200584,0.0
