galstreams/tracks/track.st.Hermus.grillmair2014.ecsv
# %ECSV 0.9
# ---
# datatype:
# - {name: ra, unit: deg, datatype: float64}
# - {name: dec, unit: deg, datatype: float64}
# - {name: distance, unit: kpc, datatype: float64}
# - {name: pm_ra_cosdec, unit: mas / yr, datatype: float64}
# - {name: pm_dec, unit: mas / yr, datatype: float64}
# - {name: radial_velocity, unit: km / s, datatype: float64}
# delimiter: ','
# meta: !!omap
# - __serialized_columns__:
#     dec:
#       __class__: astropy.coordinates.angles.Latitude
#       unit: &id001 !astropy.units.Unit {unit: deg}
#       value: !astropy.table.SerializedColumn {name: dec}
#     distance:
#       __class__: astropy.coordinates.distances.Distance
#       unit: !astropy.units.Unit {unit: kpc}
#       value: !astropy.table.SerializedColumn {name: distance}
#     pm_dec:
#       __class__: astropy.units.quantity.Quantity
#       unit: !astropy.units.Unit {unit: mas / yr}
#       value: !astropy.table.SerializedColumn {name: pm_dec}
#     pm_ra_cosdec:
#       __class__: astropy.units.quantity.Quantity
#       unit: !astropy.units.Unit {unit: mas / yr}
#       value: !astropy.table.SerializedColumn {name: pm_ra_cosdec}
#     ra:
#       __class__: astropy.coordinates.angles.Longitude
#       unit: *id001
#       value: !astropy.table.SerializedColumn {name: ra}
#       wrap_angle: !astropy.coordinates.Angle
#         unit: *id001
#         value: 360.0
#     radial_velocity:
#       __class__: astropy.units.quantity.Quantity
#       unit: !astropy.units.Unit {unit: km / s}
#       value: !astropy.table.SerializedColumn {name: radial_velocity}
# schema: astropy-2.0
ra,dec,distance,pm_ra_cosdec,pm_dec,radial_velocity
[from data line 946]
244.09486467012223,14.52256240705311,19.287151338207018,0.0,0.0,0.0
244.09155007996688,14.532701179868136,19.287357014768226,0.0,0.0,0.0
244.0882352411401,14.542839964704063,19.287562114522558,0.0,0.0,0.0
244.08492016242465,14.552978761161786,19.287766641131526,0.0,0.0,0.0
244.0816048525906,14.563117568842829,19.287970598271187,0.0,0.0,0.0
244.07828932039467,14.573256387349426,19.28817398963198,0.0,0.0,0.0
244.07497357458072,14.583395216284393,19.28837681891855,0.0,0.0,0.0
244.07165762387945,14.593534055251391,19.28857908984962,0.0,0.0,0.0
244.06834147700857,14.603672903854562,19.288780806157817,0.0,0.0,0.0
244.06502514267274,14.61381176169881,19.28898197158954,0.0,0.0,0.0
244.0617086295637,14.62395062838969,19.289182589904765,0.0,0.0,0.0
244.0583919463599,14.634089503533415,19.289382664876957,0.0,0.0,0.0
244.05507510172714,14.64422838673689,19.289582200292834,0.0,0.0,0.0
244.051758104318,14.654367277607694,19.28978119995225,0.0,0.0,0.0
244.0484409627721,14.66450617575407,19.289979667668078,0.0,0.0,0.0
244.0451236857161,14.674645080784948,19.290177607265985,0.0,0.0,0.0
244.04180628176366,14.684783992309931,19.290375022584314,0.0,0.0,0.0
244.0384887595155,14.694922909939319,19.29057191747394,0.0,0.0,0.0
244.03517112755932,14.705061833283983,19.290768295798095,0.0,0.0,0.0
244.03185339447,14.715200761955705,19.29096416143222,0.0,0.0,0.0
244.02853556880925,14.72533969556675,19.29115951826381,0.0,0.0,0.0
244.02521765912596,14.735478633730143,19.291354370192266,0.0,0.0,0.0
244.02189967395617,14.74561757605955,19.291548721128734,0.0,0.0,0.0
244.01858162182288,14.755756522169373,19.291742574995954,0.0,0.0,0.0
244.0152635112361,14.765895471674671,19.291935935728095,0.0,0.0,0.0
244.0119453506931,14.776034424191193,19.292128807270633,0.0,0.0,0.0
244.00862714867807,14.786173379335391,19.29232119358016,0.0,0.0,0.0
244.00530891366253,14.796312336724414,19.29251309862426,0.0,0.0,0.0
244.0019906541049,14.806451295976059,19.292704526381325,0.0,0.0,0.0
243.99867237845072,14.81659025670886,19.29289548084044,0.0,0.0,0.0
243.99535409513277,14.826729218541969,19.293085966001193,0.0,0.0,0.0
243.99203581257092,14.836868181095396,19.293275985873557,0.0,0.0,0.0
243.9887175391721,14.847007143989693,19.2934655444777,0.0,0.0,0.0
243.9853992833305,14.857146106846146,19.293654645843883,0.0,0.0,0.0
243.98208105342746,14.867285069286751,19.293843294012238,0.0,0.0,0.0
243.9787628578313,14.877424030934217,19.294031493032676,0.0,0.0,0.0
243.9754447048977,14.887562991411905,19.29421924696473,0.0,0.0,0.0
243.9721266029695,14.89770195034392,19.29440655987735,0.0,0.0,0.0
243.96880856037666,14.907840907355059,19.294593435848803,0.0,0.0,0.0
243.96549058543627,14.917979862070812,19.29477987896653,0.0,0.0,0.0
243.96217268645273,14.928118814117365,19.29496589332695,0.0,0.0,0.0
243.95885487171756,14.938257763121578,19.295151483035333,0.0,0.0,0.0
243.95553714950967,14.948396708711163,19.295336652205638,0.0,0.0,0.0
243.9522195280949,14.958535650514374,19.295521404960397,0.0,0.0,0.0
243.94890201572656,14.968674588160235,19.295705745430517,0.0,0.0,0.0
243.9455846206451,14.978813521278465,19.295889677755152,0.0,0.0,0.0
243.94226735107816,14.988952449499507,19.296073206081562,0.0,0.0,0.0
243.93895021524077,14.999091372454506,19.29625633456495,0.0,0.0,0.0
243.93563322133505,15.009230289775315,19.296439067368315,0.0,0.0,0.0
243.9323163775505,15.019369201094497,19.29662140866229,0.0,0.0,0.0
243.92899969206394,15.02950810604534,19.296803362625027,0.0,0.0,0.0
243.92568317303926,15.039647004261825,19.29698493344202,0.0,0.0,0.0
243.92236682862787,15.049785895378667,19.297166125305942,0.0,0.0,0.0
243.9190506669684,15.059924779031295,19.29734694241655,0.0,0.0,0.0
243.91573469618666,15.070063654855776,19.297527388980477,0.0,0.0,0.0
243.9124189243959,15.080202522489076,19.297707469211133,0.0,0.0,0.0
243.90910335969664,15.09034138156872,19.297887187328488,0.0,0.0,0.0
243.90578801017685,15.100480231732995,19.29806654755904,0.0,0.0,0.0
243.90247288391157,15.110619072620905,19.29824555413554,0.0,0.0,0.0
243.89915798896345,15.120757903872192,19.298424211296926,0.0,0.0,0.0
243.89584333338235,15.13089672512729,19.29860252328815,0.0,0.0,0.0
243.8925289252055,15.141035536027369,19.298780494360024,0.0,0.0,0.0
243.8892147724576,15.15117433621434,19.298958128769105,0.0,0.0,0.0
243.8859008831505,15.161313125330809,19.2991354307775,0.0,0.0,0.0
243.88258726528363,15.171451903020118,19.299312404652763,0.0,0.0,0.0
243.8792739268437,15.18159066892627,19.299489054667717,0.0,0.0,0.0
243.87596087580496,15.19172942269417,19.299665385100344,0.0,0.0,0.0
243.87264812012882,15.201868163969289,19.29984140023361,0.0,0.0,0.0
243.86933566776437,15.212006892397868,19.30001710435532,0.0,0.0,0.0
243.86602352664787,15.222145607626866,19.300192501757994,0.0,0.0,0.0
243.8627117047033,15.232284309303996,19.300367596738717,0.0,0.0,0.0
243.85940020984165,15.242422997077682,19.300542393598953,0.0,0.0,0.0
243.85608904996187,15.252561670597082,19.30071689664449,0.0,0.0,0.0
243.85277823294996,15.262700329512091,19.30089111018521,0.0,0.0,0.0
243.84946776667957,15.272838973473323,19.30106503853496,0.0,0.0,0.0
243.84615765901174,15.282977602132142,19.30123868601148,0.0,0.0,0.0
243.84284791779493,15.293116215140625,19.301412056936158,0.0,0.0,0.0
243.8395385508653,15.303254812151534,19.301585155633962,0.0,0.0,0.0
243.83622956604628,15.313393392818536,19.301757986433266,0.0,0.0,0.0
243.83292097114892,15.32353195679587,19.301930553665713,0.0,0.0,0.0
243.8296127739717,15.33367050373855,19.302102861666068,0.0,0.0,0.0
243.8263049823007,15.343809033302335,19.302274914772095,0.0,0.0,0.0
243.82299760390939,15.353947545143726,19.3024467173244,0.0,0.0,0.0
243.81969064655897,15.364086038919952,19.302618273666283,0.0,0.0,0.0
243.816384117998,15.374224514288995,19.302789588143625,0.0,0.0,0.0
243.81307802596265,15.384362970909553,19.302960665104713,0.0,0.0,0.0
243.80977237817666,15.39450140844108,19.30313150890013,0.0,0.0,0.0
243.80646718235127,15.404639826543763,19.303302123882606,0.0,0.0,0.0
243.80316244618544,15.414778224878528,19.303472514406856,0.0,0.0,0.0
243.79985817736545,15.424916603106995,19.30364268482948,0.0,0.0,0.0
243.7965543835655,15.435054960891689,19.3038126395088,0.0,0.0,0.0
243.79325107244713,15.445193297895697,19.303982382804723,0.0,0.0,0.0
243.78994825165947,15.455331613782924,19.3041519190786,0.0,0.0,0.0
243.7866459288395,15.465469908218015,19.304321252693107,0.0,0.0,0.0
243.78334411161165,15.475608180866342,19.304490388012088,0.0,0.0,0.0
243.78004280758793,15.48574643139404,19.30465932940044,0.0,0.0,0.0
243.77674202436813,15.495884659467983,19.30482808122393,0.0,0.0,0.0
243.77344176953952,15.506022864755785,19.304996647849112,0.0,0.0,0.0
243.77014205067724,15.516161046925815,19.305165033643167,0.0,0.0,0.0
243.76684287534385,15.526299205647174,19.305333242973763,0.0,0.0,0.0
243.76354425108974,15.536437340589739,19.305501280208922,0.0,0.0,0.0
243.7602461854529,15.546575451424038,19.3056691497169,0.0,0.0,0.0
243.7569486859591,15.556713537821553,19.305836855866033,0.0,0.0,0.0
243.75365176012158,15.566851599454333,19.306004403024602,0.0,0.0,0.0
243.75035541544162,15.57698963599521,19.306171795560715,0.0,0.0,0.0
243.7470596594079,15.587127647117804,19.306339037842168,0.0,0.0,0.0
243.74376449949702,15.597265632496445,19.3065061342363,0.0,0.0,0.0
243.74046994317322,15.607403591806255,19.30667308910988,0.0,0.0,0.0
243.73717599788844,15.617541524723073,19.306839906828948,0.0,0.0,0.0
243.73388267108245,15.627679430923516,19.307006591758697,0.0,0.0,0.0
243.7305899701828,15.637817310084925,19.30717314826336,0.0,0.0,0.0
243.7272979026045,15.647955161885424,19.307339580706042,0.0,0.0,0.0
243.7240064757508,15.658092986003787,19.30750589344861,0.0,0.0,0.0
243.7207156970123,15.668230782119776,19.307672090851568,0.0,0.0,0.0
243.71742557376766,15.67836854991368,19.3078381772739,0.0,0.0,0.0
243.7141361133833,15.688506289066623,19.308004157072975,0.0,0.0,0.0
243.71084732321324,15.698643999260483,19.30817003460438,0.0,0.0,0.0
243.70755921059947,15.708781680177887,19.30833581422182,0.0,0.0,0.0
243.70427178287187,15.718919331502219,19.308501500276982,0.0,0.0,0.0
243.70098504734798,15.72905695291763,19.3086670971194,0.0,0.0,0.0
243.69769901133324,15.739194544109003,19.308832609096314,0.0,0.0,0.0
243.69441368212102,15.749332104761994,19.308998040552588,0.0,0.0,0.0
243.69112906699237,15.759469634563017,19.309163395830524,0.0,0.0,0.0
243.68784517321632,15.769607133199235,19.30932867926977,0.0,0.0,0.0
243.6845620080498,15.779744600358512,19.309493895207197,0.0,0.0,0.0
243.6812795787374,15.789882035729653,19.30965904797675,0.0,0.0,0.0
243.67799789251194,15.800019439002025,19.309824141909342,0.0,0.0,0.0
243.67471695659384,15.810156809865827,19.30998918133271,0.0,0.0,0.0
243.6714367781915,15.820294148012023,19.310154170571302,0.0,0.0,0.0
243.66815736450135,15.830431453132334,19.310319113946157,0.0,0.0,0.0
243.66487872270764,15.840568724919212,19.310484015774772,0.0,0.0,0.0
243.66160085998243,15.850705963065906,19.310648880370977,0.0,0.0,0.0
243.65832378348594,15.860843167266413,19.3108137120448,0.0,0.0,0.0
243.65504750036624,15.870980337215476,19.31097851510239,0.0,0.0,0.0
243.6517720177593,15.881117472608613,19.311143293845838,0.0,0.0,0.0
243.6484973427892,15.891254573142096,19.31130805257307,0.0,0.0,0.0
243.64522348256773,15.901391638512914,19.311472795577757,0.0,0.0,0.0
243.64195044419492,15.911528668418967,19.311637527149152,0.0,0.0,0.0
243.6386782347587,15.921665662558764,19.311802251571997,0.0,0.0,0.0
243.63540686133493,15.931802620631602,19.31196697312639,0.0,0.0,0.0
243.6321363309876,15.941939542337593,19.31213169608767,0.0,0.0,0.0
243.62886665076857,15.95207642737756,19.312296424726274,0.0,0.0,0.0
243.6255978277178,15.962213275453122,19.312461163307653,0.0,0.0,0.0
243.6223298688633,15.972350086266642,19.312625916092134,0.0,0.0,0.0
243.6190627812211,15.982486859521245,19.31279068733482,0.0,0.0,0.0
243.61579657179522,15.992623594920842,19.31295548128542,0.0,0.0,0.0
243.61253124757786,16.002760292170084,19.313120302188192,0.0,0.0,0.0
243.60926681554915,16.01289695097438,19.313285154281797,0.0,0.0,0.0
243.6060032826774,16.02303357103987,19.313450041799175,0.0,0.0,0.0
243.60274065591886,16.033170152073623,19.313614968967457,0.0,0.0,0.0
243.59947894221813,16.043306693783283,19.313779940007816,0.0,0.0,0.0
243.5962181485076,16.053443195877325,19.31394495913537,0.0,0.0,0.0
243.59295828170798,16.063579658065,19.314110030559057,0.0,0.0,0.0
243.58969934872803,16.073716080056307,19.314275158481536,0.0,0.0,0.0
243.58644135646466,16.08385246156202,19.314440347099048,0.0,0.0,0.0
243.58318431180294,16.093988802293673,19.31460560060134,0.0,0.0,0.0
243.5799282216159,16.10412510196356,19.31477092317151,0.0,0.0,0.0
243.57667309276488,16.11426136028475,19.314936318985886,0.0,0.0,0.0
243.57341893209946,16.12439757697108,19.315101792214,0.0,0.0,0.0
243.57016574645723,16.13453375173713,19.315267347018366,0.0,0.0,0.0
243.56691354266405,16.144669884298214,19.31543298755443,0.0,0.0,0.0
243.56366232753393,16.15480597437057,19.315598717970452,0.0,0.0,0.0
243.56041210786907,16.164942021671035,19.31576454240739,0.0,0.0,0.0
243.5571628904599,16.17507802591726,19.315930464998754,0.0,0.0,0.0
243.55391468208498,16.185213986827662,19.31609648987059,0.0,0.0,0.0
243.55066748951123,16.19534990412144,19.31626262114125,0.0,0.0,0.0
243.5474213194937,16.20548577751856,19.316428862921377,0.0,0.0,0.0
243.5441761787758,16.215621606739717,19.31659521931376,0.0,0.0,0.0
243.540932074089,16.22575739150641,19.316761694413223,0.0,0.0,0.0
243.53768901215318,16.235893131540887,19.316928292306518,0.0,0.0,0.0
243.53444699967642,16.246028826566178,19.317095017072226,0.0,0.0,0.0
243.5312060433551,16.25616447630605,19.317261872780648,0.0,0.0,0.0
243.52796614987386,16.266300080485017,19.317428863493696,0.0,0.0,0.0
243.5247273259057,16.27643563882849,19.31759599326479,0.0,0.0,0.0
243.52148957811178,16.286571151062518,19.31776326613873,0.0,0.0,0.0
243.51825291314177,16.296706616913923,19.317930686151644,0.0,0.0,0.0
243.51501733763348,16.30684203611034,19.318098257330835,0.0,0.0,0.0
243.51178285821314,16.316977408380144,19.31826598369468,0.0,0.0,0.0
243.50854948149532,16.327112733452484,19.318433869252562,0.0,0.0,0.0
243.50531721408288,16.337248011057284,19.31860191800473,0.0,0.0,0.0
243.50208606256714,16.34738324092521,19.318770133942213,0.0,0.0,0.0
243.4988560335276,16.35751842278771,19.3189385210467,0.0,0.0,0.0
243.49562713353237,16.367653556377007,19.319107083290486,0.0,0.0,0.0
243.49239936913767,16.377788641426022,19.319275824636314,0.0,0.0,0.0
243.48917274688844,16.387923677668603,19.319444749037295,0.0,0.0,0.0
243.48594727331772,16.398058664839215,19.319613860436817,0.0,0.0,0.0
243.48272295494718,16.40819360267313,19.319783162768445,0.0,0.0,0.0
243.4794997982867,16.418328490906394,19.319952659955803,0.0,0.0,0.0
243.4762778098348,16.428463329275818,19.320122355912492,0.0,0.0,0.0
243.4730569960782,16.43859811751897,19.320292254541986,0.0,0.0,0.0
243.4698373634924,16.44873285537421,19.32046235973754,0.0,0.0,0.0
243.46661891854097,16.458867542580617,19.32063267538208,0.0,0.0,0.0
243.4634016676762,16.46900217887808,19.320803205348106,0.0,0.0,0.0
243.46018561733877,16.479136764007233,19.320973953497624,0.0,0.0,0.0
243.45697077395792,16.489271297709475,19.321144923682002,0.0,0.0,0.0
243.45375714395118,16.499405779726924,19.32131611974193,0.0,0.0,0.0
243.45054473372485,16.50954020980263,19.32148754550726,0.0,0.0,0.0
243.44733354967346,16.51967458768022,19.321659204796976,0.0,0.0,0.0
243.4441235981803,16.52980891310418,19.321831101419058,0.0,0.0,0.0
243.44091488561708,16.539943185819713,19.322003239170407,0.0,0.0,0.0
243.437707418344,16.550077405572836,19.32217562183673,0.0,0.0,0.0
243.43450120270987,16.560211572110283,19.322348253192477,0.0,0.0,0.0
243.43129624505207,16.570345685179586,19.322521137000738,0.0,0.0,0.0
243.4280925516965,16.58047974452904,19.322694277013138,0.0,0.0,0.0
243.42489012895757,16.59061374990769,19.32286767696976,0.0,0.0,0.0
243.42168898313844,16.600747701065345,19.323041340599044,0.0,0.0,0.0
243.41848912053072,16.610881597752588,19.323215271617716,0.0,0.0,0.0
243.41529054741477,16.6210154397207,19.32338947373066,0.0,0.0,0.0
243.4120932700593,16.6311492267219,19.32356395063089,0.0,0.0,0.0
243.4088972947218,16.641282958509006,19.32373870599939,0.0,0.0,0.0
243.40570262764854,16.651416634835645,19.32391374350508,0.0,0.0,0.0
243.40250927507412,16.661550255456206,19.324089066804696,0.0,0.0,0.0
243.39931724322196,16.671683820125853,19.324264679542736,0.0,0.0,0.0
243.39612653830412,16.681817328600506,19.324440585351315,0.0,0.0,0.0
243.39293716652128,16.691950780636844,19.324616787850154,0.0,0.0,0.0
243.38974913406295,16.7020841759923,19.324793290646436,0.0,0.0,0.0
243.38656244710702,16.712217514425102,19.324970097334756,0.0,0.0,0.0
243.38337711182032,16.722350795694197,19.325147211496997,0.0,0.0,0.0
243.38019313435834,16.73248401955933,19.325324636702284,0.0,0.0,0.0
243.3770105208652,16.74261718578092,19.325502376506886,0.0,0.0,0.0
243.37382927747376,16.752750294120332,19.325680434454128,0.0,0.0,0.0
243.3706494103058,16.762883344339517,19.325858814074326,0.0,0.0,0.0
243.3674709254714,16.77301633620126,19.326037518884668,0.0,0.0,0.0
243.36429382906982,16.78314926946908,19.326216552389166,0.0,0.0,0.0
243.36111812718892,16.79328214390728,19.32639591807856,0.0,0.0,0.0
243.35794382590532,16.80341495928089,19.326575619430262,0.0,0.0,0.0
243.35477093128438,16.813547715355742,19.32675565990822,0.0,0.0,0.0
243.35159944938022,16.82368041189839,19.326936042962902,0.0,0.0,0.0
243.34842938623592,16.833813048676173,19.327116772031157,0.0,0.0,0.0
243.34526074788323,16.843945625457174,19.327297850536212,0.0,0.0,0.0
243.34209354034263,16.854078142010216,19.327479281887502,0.0,0.0,0.0
243.33892776962364,16.864210598104876,19.327661069480655,0.0,0.0,0.0
243.33576344172448,16.874342993511608,19.32784321669741,0.0,0.0,0.0
243.33260056263217,16.884475328001475,19.328025726905516,0.0,0.0,0.0
243.32943913832264,16.894607601346355,19.328208603458656,0.0,0.0,0.0
