galstreams/tracks/track.st.Pal5.pricewhelan2019.ecsv
# %ECSV 0.9
# ---
# datatype:
# - {name: ra, unit: deg, datatype: float64}
# - {name: dec, unit: deg, datatype: float64}
# - {name: distance, unit: kpc, datatype: float64}
# - {name: pm_ra_cosdec, unit: mas / yr, datatype: float64}
# - {name: pm_dec, unit: mas / yr, datatype: float64}
# - {name: radial_velocity, unit: km / s, datatype: float64}
# delimiter: ','
# meta: !!omap
# - __serialized_columns__:
#     dec:
#       __class__: astropy.coordinates.angles.Latitude
#       unit: &id001 !astropy.units.Unit {unit: deg}
#       value: !astropy.table.SerializedColumn {name: dec}
#     distance:
#       __class__: astropy.coordinates.distances.Distance
#       unit: !astropy.units.Unit {unit: kpc}
#       value: !astropy.table.SerializedColumn {name: distance}
#     pm_dec:
#       __class__: astropy.units.quantity.Quantity
#       unit: !astropy.units.Unit {unit: mas / yr}
#       value: !astropy.table.SerializedColumn {name: pm_dec}
#     pm_ra_cosdec:
#       __class__: astropy.units.quantity.Quantity
#       unit: !astropy.units.Unit {unit: mas / yr}
#       value: !astropy.table.SerializedColumn {name: pm_ra_cosdec}
#     ra:
#       __class__: astropy.coordinates.angles.Longitude
#       unit: *id001
#       value: !astropy.table.SerializedColumn {name: ra}
#       wrap_angle: !astropy.coordinates.Angle
#         unit: *id001
#         value: 360.0
#     radial_velocity:
#       __class__: astropy.units.quantity.Quantity
#       unit: !astropy.units.Unit {unit: km / s}
#       value: !astropy.table.SerializedColumn {name: radial_velocity}
# schema: astropy-2.0
ra,dec,distance,pm_ra_cosdec,pm_dec,radial_velocity
[from data line 1703]
227.36213194233406,-1.756783530887542,20.062292703412197,-2.7818215849865147,-2.8096387411306107,999.0000220489255
227.35442155210822,-1.7632632335372633,20.06006235350056,-2.7818775889306293,-2.8102235326357885,999.0000220484774
227.3467202745096,-1.76975674525145,20.05783073740976,-2.781933195288309,-2.810808706677642,999.0000220480304
227.33902825378263,-1.7762642841988119,20.055597855139794,-2.7819884037029343,-2.8113942636265095,999.0000220475845
227.3313456289373,-1.7827860606436297,20.05336370669067,-2.78204321382204,-2.811980203848375,999.0000220471396
227.32367253367283,-1.7893222768297852,20.05112829206238,-2.7820976252975713,-2.812566527704633,999.0000220466962
227.31600909630336,-1.7958731268687547,20.04889161125493,-2.782151637786114,-2.8131532355518263,999.0000220462533
227.30835543968678,-1.8024387966317075,20.04665366426832,-2.782205250949163,-2.813740327741421,999.0000220458115
227.30071168115595,-1.8090194636457413,20.04441445110255,-2.7822584644533643,-2.8143278046195523,999.0000220453715
227.29307793245314,-1.815615296994391,20.04217397175762,-2.7823112779707606,-2.8149156665267916,999.0000220449323
227.28545429966695,-1.8222264572224833,20.039932226233535,-2.782363691179036,-2.815503913797898,999.0000220444944
227.27784088317236,-1.8288530962453993,20.037689214530293,-2.7824157037617674,-2.8160925467615883,999.0000220440573
227.27023777757398,-1.835495357262878,20.035444936647885,-2.7824673154086805,-2.8166815657402955,999.0000220436216
227.26264507165175,-1.8421533746773937,20.033199392586322,-2.7825185258158656,-2.8172709710499366,999.0000220431872
227.2550628483104,-1.8488272740172267,20.03095258234561,-2.7825693346860274,-2.817860762999677,999.0000220427538
227.24749118453167,-1.8555171718642975,20.028704505925734,-2.782619741728756,-2.818450941891703,999.0000220423218
227.2399301513298,-1.8622231757868133,20.026455163326705,-2.782669746660707,-2.819041508020992,999.0000220418908
227.2323798137103,-1.8689453842768597,20.024204554548522,-2.782719349205893,-2.8196324616750843,999.0000220414614
227.22484023063214,-1.8756838866929488,20.021952679591188,-2.7827685490958745,-2.820223803133865,999.0000220410327
227.21731145497296,-1.8824387632076438,20.019699538454695,-2.782817346070013,-2.820815532669341,999.0000220406055
227.20979353349804,-1.8892100847603177,20.01744513113905,-2.7828657398756977,-2.8214076505454218,999.0000220401796
227.20228650683256,-1.8959979130150808,20.015189457644247,-2.7829137302685476,-2.8220001570177065,999.0000220397549
227.19479040943722,-1.9028023003240038,20.012932517970288,-2.782961317012661,-2.8225930523332776,999.0000220393313
227.1873052695876,-1.909623289695638,20.010674312117178,-2.7830084998808204,-2.823186336730486,999.0000220389094
227.17983110935694,-1.9164609147689362,20.00841484008491,-2.7830552786546963,-2.8237800104387545,999.0000220384879
227.17236794460266,-1.9233151997926239,20.006154101873495,-2.7831016531250907,-2.824374073678373,999.0000220380681
227.16491578495615,-1.9301861596100418,20.003892097482918,-2.783147623092088,-2.82496852666031,999.0000220376493
227.15747463381695,-1.9370737996495815,20.001628826913198,-2.7831931883653214,-2.825563369586013,999.0000220372319
227.15004448834978,-1.9439781159206886,19.99936429016432,-2.7832383487641277,-2.8261586026472325,999.0000220368161
227.14262533948605,-1.9508990950155374,19.99709848723628,-2.7832831041177566,-2.82675422602583,999.0000220364012
227.1352171719285,-1.9578367141164073,19.99483141812909,-2.7833274542655437,-2.8273502398936117,999.0000220359872
227.12781996416032,-1.964790941008773,19.992563082842747,-2.7833713990571196,-2.8279466444121484,999.0000220355747
227.12043368845744,-1.9717617341002116,19.99029348137725,-2.7834149383525744,-2.828543439732615,999.0000220351635
227.1130583109051,-1.9787490424450838,19.988022613732596,-2.7834580720226167,-2.829140625995629,999.0000220347532
227.1056937914181,-1.985752805775091,19.985750479908788,-2.7835007999487686,-2.829738203331095,999.0000220343445
227.09834008376498,-1.9927729545357182,19.983477079905825,-2.7835431220235005,-2.830336171858059,999.0000220339368
227.0909971355962,-1.999809409928542,19.981202413723704,-2.7835850381504175,-2.830934531684564,999.0000220335302
227.08366488847605,-2.006862083959524,19.978926481362425,-2.78362654824437,-2.8315332829075115,999.0000220331247
227.07634327791862,-2.013930879493213,19.976649282822,-2.783667652231621,-2.832132425612537,999.0000220327205
227.06903223342783,-2.02101569031293,19.97437081810241,-2.7837083500499764,-2.832731959873889,999.0000220323171
227.06173167854115,-2.028116401186952,19.97209108720366,-2.7837486416489154,-2.8333318857543097,999.0000220319153
227.0544415308774,-2.0352328879406536,19.96981009012576,-2.7837885269897042,-2.833932203304928,999.0000220315144
227.04716170218876,-2.042365017534692,19.967527826868693,-2.7838280060455194,-2.834532912565158,999.0000220311144
227.03989209841635,-2.049512648149153,19.96524429743247,-2.783867078801542,-2.8351340135626115,999.0000220307153
227.03263261974996,-2.056675629273736,19.96295950181709,-2.783905745255066,-2.83573550631301,999.0000220303174
227.02538316069192,-2.063853801803923,19.960673440022546,-2.7839440054155844,-2.8363373908201055,999.0000220299207
227.0181436101246,-2.0710469981431396,19.958386112048842,-2.7839818593048746,-2.836939667075616,999.0000220295246
227.01091385138224,-2.0782550423109054,19.956097517895977,-2.784019306957062,-2.837542335059165,999.0000220291297
227.00369376232626,-2.085477750056943,19.953807657563946,-2.7840563484186927,-2.8381453947382322,999.0000220287362
226.996483215425,-2.09271492898124,19.951516531052757,-2.784092983748787,-2.8387488460681043,999.0000220283431
226.98928207783712,-2.0999663786600458,19.949224138362396,-2.7841292130188906,-2.839352688991853,999.0000220279513
226.9820902114988,-2.1072318907777374,19.94693047949288,-2.784165036313092,-2.839956923440297,999.0000220275605
226.97490747321507,-2.1145112492645968,19.94463555444419,-2.7842004537280727,-2.840561549332007,999.00002202717
226.96773371475496,-2.1218042304403735,19.942339363216337,-2.7842354653731234,-2.8411665665732837,999.0000220267806
226.96056878295016,-2.129110603163681,19.940041905809323,-2.7842700713701225,-2.8417719750581716,999.0000220263922
226.95341251979798,-2.1364301289871315,19.937743182223127,-2.784304271853571,-2.8423777746684737,999.0000220260043
226.94626476256772,-2.1437625623181593,19.935443192457765,-2.7843380669705513,-2.8429839652737736,999.0000220256177
226.93912534391092,-2.151107650585528,19.93314193651324,-2.784371456880725,-2.843590546731476,999.0000220252314
226.93199409197527,-2.1584651344114074,19.93083941438954,-2.784404441756283,-2.8441975188868502,999.0000220248459
226.9248708305222,-2.165834747789002,19.928535626086656,-2.7844370217818963,-2.8448048815730895,999.0000220244608
226.91775537904817,-2.1732162182656642,19.92623057160461,-2.784469197154682,-2.8454126346113764,999.0000220240769
226.91064755290932,-2.1806092671313824,19.92392425094339,-2.7845009680841115,-2.846020777810962,999.0000220236933
226.90354716344996,-2.188013609612646,19.92161666410299,-2.7845323347919466,-2.846629310969258,999.0000220233106
226.8964540181342,-2.19542895507152,19.919307811083414,-2.784563297512146,-2.8472382338719373,999.000022022928
226.88936792068128,-2.2028550072099256,19.916997691884657,-2.7845938564907544,-2.8478475462930417,999.0000220225465
226.88228867120407,-2.210291464279014,19.914686306506724,-2.784624011985797,-2.848457247995112,999.0000220221655
226.87521606635104,-2.2177380192935137,19.912373654949608,-2.78465376426716,-2.8490673387293217,999.0000220217843
226.86814989945145,-2.2251943602510065,19.910059737213317,-2.7846831136164405,-2.84967781823562,999.0000220214042
226.86108996066338,-2.2326601703559907,19.907744553297828,-2.7847120603267927,-2.8502886862428967,999.0000220210242
226.85403603712555,-2.240135128248662,19.905428103203167,-2.7847406047027863,-2.8508999424691424,999.0000220206449
226.84698791311152,-2.2476189082382927,19.903110386929313,-2.784768747060215,-2.8515115866216454,999.0000220202655
226.8399453701872,-2.2551111805410637,19.90079140447628,-2.7847964877259135,-2.8521236183971705,999.0000220198868
226.8329081873712,-2.262611611522302,19.898471155844053,-2.7848238270375747,-2.8527360374821735,999.0000220195086
226.82587614129787,-2.270119863942932,19.896149641032636,-2.7848507653435024,-2.853348843553017,999.0000220191301
226.8188490063833,-2.277635597210057,19.893826860042033,-2.7848773030024288,-2.8539620362762,999.0000220187524
226.81182655499362,-2.285158467631546,19.891502812872236,-2.7849034403832467,-2.8545756153085966,999.000022018374
226.80480855761624,-2.2926881286744285,19.889177499523246,-2.784929177864776,-2.855189580297713,999.0000220179967
226.79779478303323,-2.3002242312270704,19.886850919995055,-2.7849545158355045,-2.8558039308819527,999.0000220176191
226.7907849984972,-2.307766423864854,19.884523074287674,-2.7849794546933078,-2.856418666690889,999.0000220172418
226.78377896990946,-2.3153143531193345,19.882193962401093,-2.7850039948451695,-2.857033787345558,999.0000220168645
226.77677646200033,-2.3228676637506527,19.87986358433531,-2.7850281367068734,-2.8576492924587584,999.0000220164867
226.76977723851135,-2.330425999023042,19.877531940090332,-2.785051880702695,-2.8582651816353626,999.0000220161091
226.76278106237984,-2.3379890009833346,19.87519902966615,-2.78507522726509,-2.8588814544726406,999.0000220157319
226.7557876959249,-2.3455563107422135,19.87286485306277,-2.785098176834356,-2.859498110560597,999.0000220153541
226.7487969010353,-2.353127568758117,19.870529410280177,-2.785120729858272,-2.860115149482316,999.0000220149766
226.74180843935903,-2.360702415123585,19.86819270131838,-2.7851428867917503,-2.860732570814317,999.0000220145988
226.73482207249438,-2.368280489853865,19.86585472617738,-2.78516464809647,-2.8613503741269284,999.000022014221
226.7278375621822,-2.375861433177624,19.863515484857164,-2.7851860142404856,-2.861968558984661,999.0000220138428
226.72085467049962,-2.3834448858295487,19.861174977357745,-2.7852069856978305,-2.8625871249466064,999.0000220134642
226.71387316005493,-2.3910304893446703,19.858833203679115,-2.785227562948128,-2.863206071566828,999.0000220130855
226.70689279418332,-2.3986178863542196,19.856490163821267,-2.7852477464761702,-2.863825398394784,999.0000220127064
226.69991333714347,-2.406206720882774,19.854145857784207,-2.7852675367714648,-2.8644451049757382,999.0000220123271
226.6929345543151,-2.413796638646571,19.85180028556793,-2.785286934327843,-2.8650651908511935,999.0000220119473
226.6859562123969,-2.4213872873526974,19.849453447172433,-2.78530593964297,-2.8656856555593397,999.0000220115669
226.67897807960512,-2.428978316999017,19.847105342597725,-2.785324553217906,-2.866306498635498,999.0000220111863
226.6719999258723,-2.436569380174591,19.8447559718438,-2.7853427755566416,-2.866927719612575,999.0000220108051
226.66502152304636,-2.44416013236036,19.842405334910644,-2.785360607165604,-2.867549318021549,999.000022010423
226.65804264508964,-2.4517502322299274,19.84005343179827,-2.7853780485531976,-2.86817129339192,999.0000220100411
226.65106306827772,-2.459339341950136,19.837700262506672,-2.7853951002292594,-2.868793645252217,999.0000220096582
226.64408257139834,-2.4669271274813016,19.83534582703585,-2.785411762704617,-2.8694163731304827,999.000022009275
226.6371009359495,-2.474513258876814,19.832990125385805,-2.7854280364905186,-2.870039476554769,999.0000220088907
226.63011794633726,-2.482097410581887,19.83063315755653,-2.7854439220981453,-2.87066295505365,999.0000220085061
226.62313339007275,-2.4896792617312515,19.828274923548026,-2.7854594200380673,-2.871286808156734,999.0000220081204
226.61614705796828,-2.497258496445506,19.825915423360296,-2.7854745308197257,-2.8719110353951787,999.0000220077346
226.60915874433252,-2.5048348041259194,19.823554656993327,-2.785489254950865,-2.8725356363022287,999.0000220073475
226.60216824716434,-2.5124078797474545,19.821192624447136,-2.7855035929370047,-2.8731606104137293,999.0000220069597
226.59517536834537,-2.5199774241497126,19.81882932572171,-2.7855175452808694,-2.873785957268683,999.0000220065717
226.58817991383108,-2.527543144325612,19.816464760817045,-2.785531112481842,-2.8744116764097702,999.0000220061819
226.58118169384022,-2.5351047537075098,19.81409892973315,-2.785544295035398,-2.8750377673839114,999.0000220057915
226.57418052304212,-2.5426619724505426,19.811731832470013,-2.7855570934325167,-2.8756642297428,999.0000220054003
226.5671762207424,-2.550214527712924,19.80936346902764,-2.7855695081591323,-2.8762910630434684,999.0000220050083
226.56016861106625,-2.5577621539329103,19.806993839406033,-2.7855815396955492,-2.8769182668488287,999.0000220046155
226.5531575231392,-2.5653045931022618,19.80462294360518,-2.7855931885158514,-2.8775458407282377,999.0000220042216
226.54614279126574,-2.572841595035825,19.80225078162509,-2.7856044550873373,-2.8781737842580526,999.0000220038266
226.539124255105,-2.580372917637089,19.799877353465764,-2.78561533986992,-2.878802097022185,999.000022003431
226.5321017598436,-2.587898327159394,19.797502659127186,-2.7856258433155605,-2.8794307786126687,999.0000220030337
226.5250751563655,-2.595417598462506,19.795126698609373,-2.7856359658676686,-2.8800598286302037,999.0000220026358
226.51804430141834,-2.602930515264404,19.792749471912312,-2.7856457079605175,-2.8806892466847316,999.0000220022368
226.5110090577771,-2.610436870387857,19.79037097903601,-2.7856550700186595,-2.8813190323959796,999.0000220018368
226.50396929440333,-2.617936466001685,19.787991219980466,-2.785664052456361,-2.881949185394021,999.0000220014357
226.49692488660128,-2.6254291138563417,19.78561019474567,-2.785672655676992,-2.882579705319825,999.0000220010331
226.4898757161697,-2.632914635513574,19.78322790333163,-2.785680880072458,-2.8832105918258044,999.0000220006298
226.48282167154989,-2.6403928625699393,19.78084434573834,-2.785688726022637,-2.8838418445763665,999.0000220002255
226.47576264796925,-2.647863636873843,19.778459521965804,-2.785696193894789,-2.8844734632484483,999.0000219998196
226.4686985475805,-2.655326810735893,19.77607343201402,-2.785703284042996,-2.885105447532052,999.0000219994125
226.46162927959602,-2.6627822471323186,19.77368607588299,-2.7857099968075905,-2.8857377971307834,999.0000219990047
226.45455476041818,-2.670229819901112,19.77129745357271,-2.785716332514624,-2.8863705117623613,999.0000219985955
226.44747491376356,-2.67766941393073,19.768907565083175,-2.785722291475278,-2.8870035911591527,999.0000219981852
226.44038967078305,-2.6851009253410387,19.766516410414397,-2.7857278739853477,-2.8876370350686607,999.0000219977733
226.43329897017617,-2.692524261656264,19.764123989566368,-2.785733080324706,-2.8882708432540456,999.0000219973606
226.4262027583,-2.69993934196971,19.761730302539082,-2.785737910756766,-2.888905015494603,999.0000219969464
226.41910098927255,-2.707346097099935,19.75933534933255,-2.785742365527963,-2.8895395515862563,999.0000219965312
226.41199362507012,-2.7147444697382297,19.756939129946765,-2.785746444867241,-2.8901744513420167,999.0000219961149
226.4048806356192,-2.722134414587051,19.754541644381735,-2.785750148985588,-2.8908097145924576,999.0000219956975
226.39776199888166,-2.729515898489249,19.752142892637448,-2.7857534780755064,-2.891445341186156,999.0000219952782
226.39063770093395,-2.736888900547801,19.749742874713906,-2.7857564323105697,-2.8920813309901323,999.000021994858
226.38350773603992,-2.7442534122358166,19.747341590611125,-2.785759011844937,-2.8927176838902726,999.0000219944366
226.37637210671696,-2.751609437496618,19.744939040329083,-2.785761216812936,-2.893354399791745,999.0000219940141
226.36923082379542,-2.758956992833612,19.74253522386779,-2.785763047328597,-2.8939914786193928,999.0000219935903
226.36208390647104,-2.7662961073897687,19.740130141227247,-2.785764503485257,-2.8946289203181106,999.0000219931652
