galstreams/tracks/track.st.Yangtze.yang2023.ecsv
# %ECSV 1.0
# ---
# datatype:
# - {name: ra, unit: deg, datatype: float64}
# - {name: dec, unit: deg, datatype: float64}
# - {name: distance, unit: kpc, datatype: float64}
# - {name: pm_ra_cosdec, unit: mas / yr, datatype: float64}
# - {name: pm_dec, unit: mas / yr, datatype: float64}
# - {name: radial_velocity, unit: km / s, datatype: float64}
# delimiter: ','
# meta: !!omap
# - __serialized_columns__:
#     dec:
#       __class__: astropy.coordinates.angles.Latitude
#       unit: &id001 !astropy.units.Unit {unit: deg}
#       value: !astropy.table.SerializedColumn {name: dec}
#     distance:
#       __class__: astropy.coordinates.distances.Distance
#       unit: !astropy.units.Unit {unit: kpc}
#       value: !astropy.table.SerializedColumn {name: distance}
#     pm_dec:
#       __class__: astropy.units.quantity.Quantity
#       unit: !astropy.units.Unit {unit: mas / yr}
#       value: !astropy.table.SerializedColumn {name: pm_dec}
#     pm_ra_cosdec:
#       __class__: astropy.units.quantity.Quantity
#       unit: !astropy.units.Unit {unit: mas / yr}
#       value: !astropy.table.SerializedColumn {name: pm_ra_cosdec}
#     ra:
#       __class__: astropy.coordinates.angles.Longitude
#       unit: *id001
#       value: !astropy.table.SerializedColumn {name: ra}
#       wrap_angle: !astropy.coordinates.Angle
#         unit: *id001
#         value: 360.0
#     radial_velocity:
#       __class__: astropy.units.quantity.Quantity
#       unit: !astropy.units.Unit {unit: km / s}
#       value: !astropy.table.SerializedColumn {name: radial_velocity}
# schema: astropy-2.0
ra,dec,distance,pm_ra_cosdec,pm_dec,radial_velocity
[from data line 550]
146.08100232353803,-7.474612877460213,9.120108393559125,-0.7000000000000017,1.1000000000000025,-7.368171238638296e-15
146.08069386968893,-7.464579955007964,9.120108393559127,-0.7000000000000016,1.1000000000000023,-1.7894130150978717e-14
146.08038646307068,-7.454547084197682,9.120108393559129,-0.7000000000000015,1.1000000000000019,-1.9999321933446802e-14
146.0800801036675,-7.44451426504303,9.120108393559125,-0.7000000000000017,1.1000000000000028,-1.894672604221276e-14
146.07977479146373,-7.434481497557582,9.120108393559125,-0.7000000000000016,1.1000000000000025,-7.368171238638296e-15
146.0794705264436,-7.424448781754924,9.120108393559125,-0.7000000000000017,1.1000000000000025,-1.5788938368510635e-14
146.0791673085913,-7.414416117648436,9.120108393559127,-0.7000000000000016,1.100000000000002,-8.420767129872338e-15
146.07886513789117,-7.404383505251631,9.120108393559129,-0.7000000000000013,1.1000000000000019,-1.0525958912340423e-14
146.0785640143274,-7.394350944577933,9.120108393559123,-0.7000000000000017,1.100000000000002,-1.9999321933446802e-14
146.07826393788417,-7.384318435640714,9.120108393559123,-0.7000000000000016,1.1000000000000025,-1.2631150694808506e-14
146.07796490854577,-7.374285978453374,9.120108393559123,-0.7000000000000017,1.1000000000000025,-5.2629794561702115e-15
146.0776669262964,-7.364253573029107,9.120108393559123,-0.7000000000000016,1.1000000000000025,-1.5788938368510635e-14
146.07736999112024,-7.354221219381223,9.120108393559125,-0.7000000000000015,1.1000000000000023,-1.0525958912340423e-14
146.0770741030015,-7.344188917522963,9.120108393559125,-0.7000000000000016,1.100000000000002,-1.9999321933446802e-14
146.0767792619244,-7.334156667467507,9.120108393559123,-0.7000000000000016,1.1000000000000025,-1.5788938368510635e-14
146.07648546787308,-7.324124469228069,9.120108393559125,-0.7000000000000016,1.1000000000000025,-1.9999321933446802e-14
146.07619272083178,-7.314092322817646,9.120108393559125,-0.7000000000000015,1.1000000000000023,-1.2631150694808506e-14
146.07590102078467,-7.304060228249368,9.120108393559123,-0.7000000000000017,1.100000000000002,-1.9999321933446802e-14
146.07561036771588,-7.294028185536281,9.120108393559123,-0.7000000000000017,1.1000000000000025,-2.5262301389617013e-14
146.07532076160956,-7.283996194691432,9.120108393559125,-0.7000000000000015,1.100000000000002,-1.473634247727659e-14
146.07503220244993,-7.273964255727677,9.120108393559123,-0.7000000000000017,1.100000000000002,-1.5788938368510635e-14
146.0747446902211,-7.263932368657992,9.120108393559123,-0.7000000000000016,1.1000000000000023,-1.5788938368510635e-14
146.0744582249072,-7.253900533495266,9.120108393559123,-0.7000000000000014,1.1000000000000023,-1.2631150694808506e-14
146.07417280649244,-7.243868750252354,9.120108393559121,-0.7000000000000017,1.1000000000000023,-1.5788938368510635e-14
146.07388843496088,-7.233837018942117,9.120108393559121,-0.7000000000000016,1.1000000000000025,-2.4209705498382972e-14
146.07360511029665,-7.223805339577221,9.120108393559123,-0.7000000000000016,1.1000000000000023,-2.1051917824680846e-14
146.07332283248388,-7.213773712170458,9.120108393559123,-0.7000000000000015,1.1000000000000019,-1.6841534259744676e-14
146.0730416015067,-7.203742136734533,9.120108393559123,-0.7000000000000017,1.1000000000000023,-1.9999321933446802e-14
146.07276141734917,-7.193710613282102,9.120108393559123,-0.7000000000000015,1.1000000000000019,-1.5788938368510635e-14
146.07248227999543,-7.183679141825849,9.120108393559121,-0.7000000000000017,1.1000000000000025,-1.9999321933446802e-14
146.07220418942958,-7.17364772237825,9.120108393559123,-0.7000000000000015,1.100000000000002,-1.5788938368510635e-14
146.07192714563567,-7.163616354951913,9.120108393559121,-0.7000000000000015,1.1000000000000023,-2.1051917824680846e-14
146.07165114859782,-7.153585039559345,9.120108393559123,-0.7000000000000015,1.100000000000002,-1.5788938368510635e-14
146.07137619830004,-7.143553776213094,9.12010839355912,-0.7000000000000016,1.1000000000000023,-1.1578554803574466e-14
146.07110229472647,-7.133522564925465,9.120108393559123,-0.7000000000000016,1.1000000000000019,-9.47336302110638e-15
146.0708294378612,-7.123491405708938,9.120108393559123,-0.7000000000000014,1.1000000000000019,-1.9999321933446802e-14
146.07055762768815,-7.113460298575866,9.120108393559121,-0.7000000000000016,1.1000000000000023,-1.5788938368510635e-14
146.0702868641915,-7.103429243538584,9.120108393559121,-0.7000000000000015,1.1000000000000023,-1.5788938368510635e-14
146.0700171473552,-7.093398240609438,9.120108393559121,-0.7000000000000014,1.1000000000000023,-1.1578554803574466e-14
146.0697484771634,-7.083367289800571,9.12010839355912,-0.7000000000000016,1.1000000000000028,-2.1051917824680846e-14
146.06948085360003,-7.0733363911242515,9.120108393559121,-0.7000000000000014,1.100000000000002,-1.473634247727659e-14
146.06921427664918,-7.063305544592672,9.12010839355912,-0.7000000000000016,1.100000000000002,-2.315710960714893e-14
146.0689487462948,-7.053274750217967,9.120108393559121,-0.7000000000000014,1.1000000000000023,-1.7894130150978717e-14
146.06868426252095,-7.043244008012307,9.120108393559121,-0.7000000000000015,1.1000000000000023,-1.473634247727659e-14
146.06842082531165,-7.033213317987652,9.12010839355912,-0.7000000000000017,1.1000000000000023,-9.47336302110638e-15
146.06815843465094,-7.023182680156087,9.12010839355912,-0.7000000000000016,1.1000000000000025,-2.2104513715914887e-14
146.0678970905227,-7.013152094529613,9.120108393559121,-0.7000000000000013,1.100000000000002,-2.315710960714893e-14
146.067636792911,-7.0031215611202535,9.12010839355912,-0.7000000000000015,1.1000000000000028,-1.3683746586042549e-14
146.06737754179983,-6.993091079939812,9.120108393559121,-0.7000000000000014,1.100000000000002,-1.9999321933446802e-14
146.06711933717315,-6.983060651000242,9.120108393559121,-0.7000000000000015,1.100000000000002,-1.9999321933446802e-14
146.06686217901492,-6.9730302743133965,9.120108393559121,-0.7000000000000016,1.100000000000002,-1.9999321933446802e-14
146.06660606730915,-6.962999949891086,9.120108393559121,-0.7000000000000015,1.1000000000000023,-2.5262301389617013e-14
146.06635100203974,-6.952969677745148,9.120108393559121,-0.7000000000000015,1.100000000000002,-2.7367493172085098e-14
146.0660969831907,-6.9429394578872206,9.120108393559118,-0.7000000000000014,1.1000000000000023,-2.2104513715914887e-14
146.06584401074596,-6.9329092903290634,9.120108393559118,-0.7000000000000016,1.1000000000000023,-1.5788938368510635e-14
146.06559208468946,-6.922879175082348,9.120108393559118,-0.7000000000000017,1.100000000000002,-2.7367493172085098e-14
146.06534120500515,-6.9128491121587095,9.120108393559118,-0.7000000000000016,1.1000000000000023,-1.6841534259744676e-14
146.06509137167694,-6.902819101569805,9.12010839355912,-0.7000000000000015,1.100000000000002,-2.4209705498382972e-14
146.0648425846888,-6.892789143327089,9.12010839355912,-0.7000000000000014,1.1000000000000019,-1.3683746586042549e-14
146.0645948440246,-6.882759237442144,9.120108393559118,-0.7000000000000016,1.100000000000002,-2.5262301389617013e-14
146.0643481496683,-6.8727293839264565,9.12010839355912,-0.7000000000000014,1.100000000000002,-1.2631150694808506e-14
146.0641025016038,-6.8626995827915485,9.12010839355912,-0.7000000000000013,1.1000000000000019,-1.2631150694808506e-14
146.063857899815,-6.852669834048719,9.120108393559118,-0.7000000000000015,1.1000000000000025,-1.5788938368510635e-14
146.0636143442858,-6.842640137709413,9.120108393559118,-0.7000000000000017,1.1000000000000019,-1.9999321933446802e-14
146.06337183500008,-6.8326104937849825,9.12010839355912,-0.7000000000000015,1.100000000000002,-1.9999321933446802e-14
146.06313037194172,-6.822580902286736,9.120108393559118,-0.7000000000000015,1.1000000000000023,-1.473634247727659e-14
146.06288995509468,-6.812551363226011,9.12010839355912,-0.7000000000000015,1.100000000000002,-1.473634247727659e-14
146.06265058444276,-6.802521876613932,9.120108393559118,-0.7000000000000015,1.1000000000000025,-2.4209705498382972e-14
146.06241225996985,-6.792492442461766,9.12010839355912,-0.7000000000000015,1.1000000000000019,-1.7894130150978717e-14
146.06217498165987,-6.782463060780687,9.12010839355912,-0.7000000000000015,1.1000000000000019,-2.8420089063319142e-14
146.06193874949656,-6.772433731581829,9.12010839355912,-0.7000000000000014,1.100000000000002,-2.6314897280851057e-14
146.0617035634639,-6.762404454876342,9.120108393559118,-0.7000000000000015,1.100000000000002,-2.6314897280851057e-14
146.06146942354567,-6.752375230675183,9.120108393559116,-0.7000000000000015,1.1000000000000025,-1.7894130150978717e-14
146.06123632972577,-6.742346058989443,9.120108393559116,-0.7000000000000015,1.1000000000000019,-2.4209705498382972e-14
146.06100428198798,-6.732316939830108,9.120108393559116,-0.7000000000000015,1.1000000000000025,-2.8420089063319142e-14
146.06077328031614,-6.722287873208146,9.120108393559118,-0.7000000000000015,1.100000000000002,-1.473634247727659e-14
146.06054332469412,-6.712258859134529,9.120108393559118,-0.7000000000000013,1.1000000000000023,-1.1578554803574466e-14
146.06031441510575,-6.702229897620043,9.120108393559116,-0.7000000000000015,1.100000000000002,-1.894672604221276e-14
146.06008655153482,-6.692200988675588,9.120108393559118,-0.7000000000000014,1.100000000000002,-2.2104513715914887e-14
146.05985973396514,-6.682172132311993,9.120108393559114,-0.7000000000000016,1.1000000000000025,-2.2104513715914887e-14
146.05963396238056,-6.672143328540091,9.120108393559116,-0.7000000000000016,1.1000000000000025,-2.8420089063319142e-14
146.0594092367648,-6.662114577370522,9.120108393559116,-0.7000000000000015,1.100000000000002,-1.1578554803574466e-14
146.05918555710173,-6.652085878814055,9.120108393559118,-0.7000000000000013,1.100000000000002,-1.894672604221276e-14
146.05896292337513,-6.642057232881372,9.120108393559114,-0.7000000000000015,1.1000000000000025,-2.4209705498382972e-14
146.05874133556878,-6.632028639583117,9.120108393559118,-0.7000000000000013,1.1000000000000023,-1.9999321933446802e-14
146.05852079366645,-6.622000098929956,9.120108393559116,-0.7000000000000015,1.1000000000000023,-1.7894130150978717e-14
146.05830129765195,-6.6119716109323505,9.120108393559118,-0.7000000000000013,1.1000000000000019,-2.6314897280851057e-14
146.058082847509,-6.601943175600899,9.120108393559118,-0.7000000000000013,1.1000000000000023,-1.894672604221276e-14
146.05786544322143,-6.591914792946105,9.120108393559118,-0.7000000000000014,1.1000000000000019,-1.1578554803574466e-14
146.057649084773,-6.581886462978443,9.120108393559118,-0.7000000000000013,1.100000000000002,-1.9999321933446802e-14
146.05743377214742,-6.5718581857084075,9.120108393559118,-0.7000000000000013,1.1000000000000019,-1.894672604221276e-14
146.05721950532842,-6.561829961146285,9.120108393559118,-0.7000000000000013,1.1000000000000019,-1.473634247727659e-14
146.05700628429986,-6.551801789302499,9.120108393559116,-0.7000000000000014,1.100000000000002,-1.0525958912340423e-14
146.0567941090454,-6.541773670187389,9.120108393559116,-0.7000000000000013,1.1000000000000019,-1.894672604221276e-14
146.05658297954878,-6.531745603811303,9.120108393559116,-0.7000000000000013,1.1000000000000023,-2.4209705498382972e-14
146.05637289579374,-6.521717590184404,9.120108393559114,-0.7000000000000015,1.1000000000000023,-2.315710960714893e-14
146.056163857764,-6.511689629316972,9.120108393559114,-0.7000000000000014,1.1000000000000019,-2.315710960714893e-14
146.0559558654433,-6.501661721219208,9.120108393559114,-0.7000000000000015,1.1000000000000025,-1.5788938368510635e-14
146.0557489188154,-6.4916338659012665,9.120108393559114,-0.7000000000000015,1.1000000000000023,-6.315575347404253e-15
146.05554301786393,-6.481606063373341,9.120108393559116,-0.7000000000000013,1.100000000000002,-1.9999321933446802e-14
146.05533816257264,-6.471578313645414,9.120108393559114,-0.7000000000000014,1.1000000000000025,-1.473634247727659e-14
146.05513435292525,-6.461550616727594,9.120108393559114,-0.7000000000000015,1.1000000000000023,-2.2104513715914887e-14
146.05493158890542,-6.451522972629913,9.120108393559114,-0.7000000000000016,1.1000000000000023,-2.1051917824680846e-14
146.05472987049689,-6.441495381362366,9.120108393559114,-0.7000000000000015,1.100000000000002,-1.473634247727659e-14
146.05452919768328,-6.431467842934966,9.120108393559114,-0.7000000000000013,1.1000000000000023,-1.5788938368510635e-14
146.05432957044832,-6.421440357357524,9.120108393559114,-0.7000000000000015,1.100000000000002,-6.315575347404253e-15
146.0541309887757,-6.411412924639991,9.120108393559114,-0.7000000000000015,1.1000000000000023,-1.0525958912340423e-14
146.05393345264912,-6.4013855447922205,9.120108393559114,-0.7000000000000014,1.1000000000000023,-1.894672604221276e-14
146.05373696205217,-6.391358217824097,9.120108393559116,-0.7000000000000014,1.1000000000000023,-2.315710960714893e-14
146.05354151696855,-6.3813309437452945,9.120108393559116,-0.7000000000000014,1.100000000000002,-9.47336302110638e-15
146.05334711738197,-6.37130372256563,9.120108393559114,-0.7000000000000015,1.100000000000002,-2.2104513715914887e-14
146.05315376327604,-6.361276554294821,9.120108393559114,-0.7000000000000015,1.100000000000002,-2.315710960714893e-14
146.05296145463439,-6.351249438942563,9.120108393559114,-0.7000000000000013,1.1000000000000023,-1.3683746586042549e-14
146.05277019144071,-6.341222376518565,9.120108393559116,-0.7000000000000015,1.100000000000002,-1.894672604221276e-14
146.05257997367863,-6.331195367032342,9.120108393559116,-0.7000000000000013,1.100000000000002,-1.9999321933446802e-14
146.0523908013318,-6.321168410493536,9.120108393559116,-0.7000000000000014,1.100000000000002,-1.894672604221276e-14
146.05220267438386,-6.311141506911703,9.120108393559116,-0.7000000000000013,1.1000000000000016,-2.4209705498382972e-14
146.05201559281838,-6.301114656296372,9.120108393559114,-0.7000000000000015,1.1000000000000023,-2.1051917824680846e-14
146.05182955661903,-6.291087858657078,9.120108393559114,-0.7000000000000015,1.1000000000000023,-1.7894130150978717e-14
146.0516445657694,-6.281061114003177,9.120108393559114,-0.7000000000000013,1.1000000000000019,-1.0525958912340423e-14
146.0514606202532,-6.271034422344141,9.120108393559116,-0.7000000000000013,1.100000000000002,-2.315710960714893e-14
146.05127772005392,-6.261007783689363,9.120108393559114,-0.7000000000000015,1.100000000000002,-1.9999321933446802e-14
146.05109586515525,-6.250981198048261,9.120108393559114,-0.7000000000000014,1.1000000000000025,-2.4209705498382972e-14
146.05091505554074,-6.240954665430038,9.120108393559116,-0.7000000000000013,1.100000000000002,-1.5788938368510635e-14
146.050735291194,-6.23092818584405,9.120108393559113,-0.7000000000000014,1.1000000000000023,-1.3683746586042549e-14
146.05055657209866,-6.2209017592995535,9.120108393559113,-0.7000000000000014,1.1000000000000025,-9.47336302110638e-15
146.0503788982383,-6.210875385805774,9.120108393559114,-0.7000000000000012,1.100000000000002,-2.1051917824680846e-14
146.05020226959647,-6.200849065371961,9.120108393559113,-0.7000000000000015,1.1000000000000023,-1.7894130150978717e-14
146.05002668615677,-6.190822798007162,9.120108393559113,-0.7000000000000013,1.1000000000000023,-1.7894130150978717e-14
146.04985214790275,-6.180796583720561,9.120108393559113,-0.7000000000000014,1.1000000000000023,-1.2631150694808506e-14
146.04967865481805,-6.170770422521255,9.120108393559113,-0.7000000000000014,1.1000000000000025,-1.1578554803574466e-14
146.04950620688618,-6.160744314418303,9.120108393559114,-0.7000000000000013,1.100000000000002,-1.6841534259744676e-14
146.04933480409073,-6.150718259420799,9.120108393559114,-0.7000000000000014,1.1000000000000023,-2.4209705498382972e-14
146.04916444641523,-6.140692257537618,9.120108393559114,-0.7000000000000013,1.100000000000002,-1.7894130150978717e-14
146.04899513384325,-6.130666308777788,9.120108393559113,-0.7000000000000014,1.1000000000000025,-1.473634247727659e-14
