galstreams/tracks/track.st.Gaia-10.ibata2021.ecsv
# %ECSV 0.9
# ---
# datatype:
# - {name: ra, unit: deg, datatype: float64}
# - {name: dec, unit: deg, datatype: float64}
# - {name: distance, unit: kpc, datatype: float64}
# - {name: pm_ra_cosdec, unit: mas / yr, datatype: float64}
# - {name: pm_dec, unit: mas / yr, datatype: float64}
# - {name: radial_velocity, unit: km / s, datatype: float64}
# delimiter: ','
# meta: !!omap
# - __serialized_columns__:
#     dec:
#       __class__: astropy.coordinates.angles.Latitude
#       unit: &id001 !astropy.units.Unit {unit: deg}
#       value: !astropy.table.SerializedColumn {name: dec}
#     distance:
#       __class__: astropy.coordinates.distances.Distance
#       unit: !astropy.units.Unit {unit: kpc}
#       value: !astropy.table.SerializedColumn {name: distance}
#     pm_dec:
#       __class__: astropy.units.quantity.Quantity
#       unit: !astropy.units.Unit {unit: mas / yr}
#       value: !astropy.table.SerializedColumn {name: pm_dec}
#     pm_ra_cosdec:
#       __class__: astropy.units.quantity.Quantity
#       unit: !astropy.units.Unit {unit: mas / yr}
#       value: !astropy.table.SerializedColumn {name: pm_ra_cosdec}
#     ra:
#       __class__: astropy.coordinates.angles.Longitude
#       unit: *id001
#       value: !astropy.table.SerializedColumn {name: ra}
#       wrap_angle: !astropy.coordinates.Angle
#         unit: *id001
#         value: 360.0
#     radial_velocity:
#       __class__: astropy.units.quantity.Quantity
#       unit: !astropy.units.Unit {unit: km / s}
#       value: !astropy.table.SerializedColumn {name: radial_velocity}
# schema: astropy-2.0
ra,dec,distance,pm_ra_cosdec,pm_dec,radial_velocity
[from data line 683]
157.78057634116774,15.18996268504931,14.269771944376846,-4.083845454540882,-3.098323158590407,5.894536990910637e-14
157.7908867528338,15.188917032107549,14.26655169607264,-4.084504033429816,-3.098631056630587,-4.210383564936169e-14
157.80119712879923,15.187871589986338,14.263334658767352,-4.08516205590327,-3.098937548353696,4.210383564936169e-14
157.81150746903756,15.18682635781993,14.260120829409825,-4.085819526649846,-3.0992426379504563,8.420767129872338e-15
157.82181777352216,15.185781334742602,14.256910204948886,-4.086476450358959,-3.09954632961068,8.420767129872338e-14
157.8321280422262,15.184736519888643,14.253702782333377,-4.087132831720814,-3.0998486275232784,1.6841534259744676e-14
157.84243827512267,15.18369191239239,14.250498558512128,-4.087788675426429,-3.100149535876252,1.6841534259744676e-14
157.85274847218435,15.182647511388184,14.247297530433983,-4.08844398616761,-3.100449058856698,8.420767129872338e-15
157.86305863338387,15.181603316010406,14.244099695047764,-4.0890987686369735,-3.1007472006508037,8.420767129872338e-15
157.8733687586937,15.180559325393446,14.240905049302313,-4.089753027527932,-3.1010439654438526,1.2631150694808508e-13
157.8836788480862,15.179515538671732,14.237713590146468,-4.0904067675347004,-3.101339357420219,8.420767129872338e-15
157.8939889015334,15.178471954979699,14.234525314529058,-4.091059993352292,-3.101633380763373,6.73661370389787e-14
157.90429891900726,15.177428573451825,14.231340219398918,-4.091712709676523,-3.1019260396558774,9.262843842859572e-14
157.91460890047958,15.1763853932226,14.22815830170489,-4.092364921204003,-3.102217338279385,8.420767129872338e-15
157.92491884592187,15.175342413426538,14.224979558395798,-4.093016632632147,-3.10250728081465,2.5262301389617013e-14
157.93522875530567,15.174299633198187,14.221803986420488,-4.093667848659167,-3.1027958714415114,7.578690416885104e-14
157.94553862860218,15.173257051672106,14.21863158272779,-4.094318573984075,-3.103083114338909,9.262843842859572e-14
157.95584846578245,15.172214667982896,14.215462344266536,-4.09496881330668,-3.1033690136848726,-8.420767129872338e-15
157.96615826681736,15.171172481265152,14.212296267985568,-4.09561857132759,-3.1036535736565245,1.2631150694808508e-13
157.97646803167768,15.170130490653529,14.209133350833717,-4.096267852748211,-3.1039367984300834,5.894536990910637e-14
157.98677776033392,15.169088695282683,14.205973589759816,-4.0969166622707505,-3.104218692180863,3.368306851948935e-14
157.9970874527565,15.168047094287306,14.202816981712703,-4.097565004598211,-3.10449925908327,8.420767129872338e-15
158.00739710891554,15.167005686802112,14.199663523641211,-4.0982128844343935,-3.1047785033108024,4.210383564936169e-14
158.01770672878112,15.165964471961818,14.19651321249418,-4.098860306483893,-3.105056429036053,7.578690416885104e-14
158.02801631232302,15.16492344890121,14.193366045220442,-4.099507275452106,-3.105333040430711,0.0
158.03832585951105,15.163882616755055,14.190222018768823,-4.1001537960452294,-3.105608341665559,0.0
158.04863537031463,15.162841974658166,14.187081130088172,-4.100799872970248,-3.105882336910471,2.5262301389617013e-14
158.05894484470306,15.16180152174538,14.183943376127313,-4.101445510934952,-3.1061550303344188,3.368306851948935e-14
158.06925428264557,15.160761257151547,14.180808753835093,-4.102090714647918,-3.1064264261054646,1.6841534259744676e-14
158.07956368411112,15.159721180011553,14.177677260160339,-4.10273548881853,-3.106696528390768,-3.368306851948935e-14
158.08987304906847,15.15868128946031,14.174548892051883,-4.103379838156961,-3.1069653413565845,8.420767129872338e-15
158.10018237748628,15.157641584632739,14.171423646458566,-4.104023767374183,-3.1072328691682585,4.210383564936169e-14
158.11049166933304,15.156602064663804,14.168301520329221,-4.104667281181959,-3.10749911599023,-2.5262301389617013e-14
158.120800924577,15.155562728688478,14.165182510612683,-4.105310384292854,-3.10776408598604,3.368306851948935e-14
158.1311101431862,15.15452357584178,14.162066614257785,-4.105953081420221,-3.1080277833183168,0.0
158.14141932512874,15.153484605258718,14.158953828213367,-4.106595377278218,-3.1082902121487836,-1.6841534259744676e-14
158.1517284703723,15.152445816074358,14.15584414942826,-4.1072372765817855,-3.1085513766382604,5.894536990910637e-14
158.16203757888445,15.151407207423775,14.152737574851297,-4.107878784046669,-3.1088112809466653,-1.6841534259744676e-14
158.17234665063265,15.150368778442079,14.149634101431317,-4.108519904389401,-3.109069929233003,-3.368306851948935e-14
158.1826556855841,15.149330528264382,14.146533726117159,-4.109160642327309,-3.109327325655378,6.73661370389787e-14
158.19296468370592,15.148292456025851,14.143436445857647,-4.109801002578521,-3.1095834743709916,5.0524602779234026e-14
158.20327364496495,15.147254560861658,14.140342257601624,-4.110440989861952,-3.1098383795361344,6.73661370389787e-14
158.213582569328,15.146216841907002,14.137251158297923,-4.111080608897312,-3.1100920453061947,0.0
158.2238914567615,15.14517929829711,14.13416314489538,-4.111719864405106,-3.1103444758356558,6.73661370389787e-14
158.23420030723184,15.14414192916724,14.131078214342827,-4.112358761106629,-3.1105956752780983,5.894536990910637e-14
158.24450912070532,15.143104733652658,14.1279963635891,-4.112997303723973,-3.110845647786192,8.420767129872338e-15
158.25481789714794,15.142067710888666,14.124917589583038,-4.113635496980017,-3.111094397511705,0.0
158.2651266365255,15.141030860010588,14.12184188927347,-4.114273345598438,-3.1113419286055035,5.0524602779234026e-14
158.27543533880373,15.139994180153778,14.118769259609234,-4.114910854303703,-3.1115882452175434,3.368306851948935e-14
158.2857440039481,15.138957670453609,14.115699697539165,-4.1155480278210685,-3.1118333514968795,1.6841534259744676e-14
158.296052631924,15.13792133004548,14.112633200012096,-4.116184870876588,-3.1120772515916597,-2.5262301389617013e-14
158.30636122269652,15.136885158064816,14.109569763976868,-4.1168213881971,-3.1123199496491294,1.6841534259744676e-14
158.3166697762307,15.135849153647067,14.106509386382308,-4.11745758451024,-3.1125614498156287,5.894536990910637e-14
158.32697829249136,15.134813315927707,14.103452064177254,-4.118093464544433,-3.112801756236591,-5.0524602779234026e-14
158.33728677144302,15.133777644042233,14.100397794310544,-4.118729033028891,-3.113040873056548,7.578690416885104e-14
158.3475952130503,15.13274213712617,14.097346573731011,-4.119364294693625,-3.113278804419124,5.894536990910637e-14
158.3579036172775,15.131706794315063,14.094298399387487,-4.119999254269428,-3.1135155544670425,9.262843842859572e-14
158.36821198408867,15.130671614744486,14.091253268228812,-4.120633916487885,-3.1137511273421206,3.368306851948935e-14
158.37852031344778,15.129636597550043,14.08821117720382,-4.121268286081376,-3.1139855271852697,0.0
158.3888286053186,15.128601741867357,14.085172123261339,-4.121902367783068,-3.1142187581365013,0.0
158.39913685966474,15.12756704683207,14.082136103350212,-4.122536166326914,-3.1144508243349165,5.894536990910637e-14
158.40944507644963,15.12653251157986,14.079103114419272,-4.123169686447662,-3.114681729918716,8.420767129872338e-15
158.4197532556365,15.125498135246426,14.076073153417353,-4.123802932880844,-3.1149114790251997,1.0946997268834039e-13
158.43006139718852,15.124463916967498,14.07304621729329,-4.124435910362787,-3.115140075790756,-3.368306851948935e-14
158.44036950106843,15.123429855878811,14.07002230299592,-4.125068623630599,-3.1153675243508747,3.368306851948935e-14
158.45067756723915,15.122395951116147,14.067001407474079,-4.1257010774221845,-3.1155938288401375,3.368306851948935e-14
158.46098559566317,15.121362201815305,14.063983527676596,-4.126333276476231,-3.115818993392227,5.894536990910637e-14
158.4712935863029,15.120328607112102,14.060968660552309,-4.126965225532215,-3.116043022139918,6.73661370389787e-14
158.48160153912056,15.119295166142395,14.057956803050056,-4.127596929330404,-3.116265919215083,-2.5262301389617013e-14
158.49190945407818,15.118261878042059,14.054947952118669,-4.128228392611847,-3.116487688748694,-3.368306851948935e-14
158.50221733113762,15.117228741946985,14.051942104706978,-4.128859620118389,-3.116708334870813,8.420767129872338e-15
158.5125251702606,15.116195756993108,14.048939257763829,-4.129490616592652,-3.116927861710603,9.262843842859572e-14
158.5228329714087,15.115162922316367,14.045939408238048,-4.130121386778054,-3.11714627339632,0.0
158.5331407345432,15.114130237052745,14.042942553078475,-4.130751935418796,-3.1173635740553203,2.5262301389617013e-14
158.54344845962524,15.113097700338242,14.039948689233947,-4.131382267259862,-3.1175797678140547,2.5262301389617013e-14
158.55375614661597,15.11206531130888,14.036957813653286,-4.13201238704703,-3.1177948587980717,6.73661370389787e-14
158.56406379547616,15.111033069100708,14.033969923285346,-4.132642299526858,-3.1180088511320116,9.262843842859572e-14
158.57437140616648,15.11000097284981,14.030985015078947,-4.133272009446694,-3.1182217489396176,3.368306851948935e-14
158.58467897864745,15.108969021692282,14.02800308598293,-4.1339015215546695,-3.1184335563437293,0.0
158.59498651287933,15.10793721476425,14.025024132946127,-4.134530840599699,-3.118644277466278,2.5262301389617013e-14
158.6052940088223,15.106905551201866,14.022048152917382,-4.135159971331487,-3.1188539164282965,8.420767129872338e-15
158.61560146643637,15.105874030141312,14.019075142845516,-4.135788918500521,-3.1190624773499134,8.420767129872338e-15
158.6259088856813,15.104842650718789,14.016105099679372,-4.136417686858074,-3.119269964350352,-2.5262301389617013e-14
158.63621626651675,15.103811412070518,14.01313802036779,-4.1370462811562,-3.1194763815479365,-4.210383564936169e-14
158.64652360890213,15.102780313332763,14.010173901859593,-4.137674706147745,-3.119681733060087,5.0524602779234026e-14
158.65683091279672,15.101749353641804,14.007212741103626,-4.1383029665863305,-3.1198860230033176,5.0524602779234026e-14
158.66713817815975,15.100718532133932,14.004254535048718,-4.138931067226368,-3.120089255493242,0.0
158.67744540495005,15.099687847945495,14.001299280643705,-4.139559012823049,-3.120291434644573,3.368306851948935e-14
158.68775259312648,15.09865730021283,13.998346974837423,-4.140186808132354,-3.120492564571118,-1.6841534259744676e-14
158.69805974264756,15.097626888072329,13.99539761457871,-4.140814457911039,-3.1206926493857816,4.210383564936169e-14
158.70836685347172,15.096596610660399,13.992451196816399,-4.141441966916646,-3.1208916932005675,2.5262301389617013e-14
158.71867392555725,15.095566467113466,13.989507718499317,-4.142069339907509,-3.1210897001265785,1.0104920555846805e-13
158.72898095886225,15.094536456567992,13.986567176576314,-4.142696581642727,-3.1212866742740077,0.0
158.73928795334461,15.093506578160456,13.983629567996216,-4.143323696882196,-3.1214826197521552,-8.420767129872338e-15
158.74959490896202,15.092476831027373,13.980694889707856,-4.143950690386588,-3.1216775406694137,-1.6841534259744676e-14
158.75990182567205,15.091447214305278,13.977763138660071,-4.14457756691736,-3.121871441133275,8.420767129872338e-15
158.77020870343213,15.090417727130728,13.974834311801697,-4.145204331236748,-3.1220643252503253,3.368306851948935e-14
158.78051554219954,15.089388368640302,13.971908406081573,-4.145830988107769,-3.1222561971262524,5.0524602779234026e-14
158.79082234193123,15.088359137970617,13.968985418448524,-4.146457542294226,-3.1224470608658415,9.262843842859572e-14
158.80112910258416,15.087330034258313,13.966065345851396,-4.1470839985606975,-3.122636920572975,1.6841534259744676e-14
158.81143582411497,15.086301056640044,13.96314818523902,-4.147710361672544,-3.122825780350633,8.420767129872338e-14
158.82174250648023,15.085272204252512,13.960233933560225,-4.148336636395915,-3.123013644300896,-1.6841534259744676e-14
158.8320491496363,15.08424347623242,13.957322587763857,-4.148962827497725,-3.1232005165249395,-1.6841534259744676e-14
158.84235575353932,15.083214871716509,13.954414144798735,-4.149588939745683,-3.1233864011230392,1.0104920555846805e-13
158.8526623181454,15.08218638984155,13.951508601613712,-4.150214977908271,-3.123571302194567,8.420767129872338e-15
158.86296884341024,15.081158029744337,13.948605955157612,-4.150840946754749,-3.123755223837997,5.894536990910637e-14
158.8732753292897,15.080129790561672,13.94570620237927,-4.151466851055164,-3.1239381701509,4.210383564936169e-14
158.88358177573923,15.079101671430413,13.94280934022753,-4.152092695580335,-3.1241201452299383,-2.5262301389617013e-14
158.89388818271408,15.078073671487417,13.939915365651213,-4.152718485101866,-3.1243011531708857,1.6841534259744676e-14
158.90419455016948,15.077045789869583,13.937024275599171,-4.153344224392134,-3.1244811980686045,8.420767129872338e-14
158.91450087806044,15.076018025713843,13.934136067020223,-4.153969918224302,-3.1246602840170596,-5.0524602779234026e-14
158.9248071663417,15.074990378157121,13.931250736863216,-4.154595571372301,-3.1248384151093145,2.5262301389617013e-14
158.93511341496796,15.073962846336418,13.928368282076972,-4.155221188610853,-3.1250155954375307,-4.210383564936169e-14
158.94541962389368,15.072935429388705,13.925488699610339,-4.155846774715448,-3.12519182909297,6.73661370389787e-14
158.95572579307319,15.071908126451017,13.922611986412143,-4.156472334462356,-3.125367120165989,-3.368306851948935e-14
158.9660319224605,15.070880936660416,13.919738139431226,-4.157097872628631,-3.1255414727460487,7.578690416885104e-14
158.9763380120098,15.06985385915396,13.916867155616421,-4.157723393992094,-3.1257148909217043,4.210383564936169e-14
158.9866440616747,15.068826893068756,13.91399903191656,-4.158348903331351,-3.1258873787806136,4.210383564936169e-14
158.9969500714089,15.067800037541936,13.911133765280475,-4.158974405425783,-3.1260589404095325,5.0524602779234026e-14
159.0072560411658,15.06677329171065,13.90827135265701,-4.159599905055548,-3.1262295798943147,2.5262301389617013e-14
159.01756197089867,15.065746654712079,13.905411790994997,-4.160225407001578,-3.126399301319916,9.262843842859572e-14
159.0278678605607,15.064720125683436,13.902555077243267,-4.160850916045581,-3.1265681087703863,-8.420767129872338e-15
159.03817371010473,15.063693703761947,13.899701208350658,-4.161476436970046,-3.1267360063288825,3.368306851948935e-14
159.04847951948355,15.06266738808487,13.896850181266002,-4.162101974558235,-3.1269029980776555,-2.5262301389617013e-14
159.05878528864977,15.061641177789484,13.894001992938145,-4.1627275335941825,-3.1270690880980543,-2.5262301389617013e-14
159.0690910175557,15.060615072013121,13.891156640315904,-4.163353118862703,-3.127234280470538,1.0946997268834039e-13
159.0793967061538,15.059589069893095,13.888314120348127,-4.163978735149385,-3.127398579274649,6.73661370389787e-14
159.08970235439602,15.058563170566774,13.885474429983647,-4.164604387240591,-3.127561988589041,1.0946997268834039e-13
159.10000796223432,15.057537373171556,13.882637566171294,-4.165230079923461,-3.127724512491465,1.6841534259744676e-14
159.11031352962036,15.056511676844847,13.879803525859908,-4.165855817985903,-3.127886155058773,-5.0524602779234026e-14
159.12061905650575,15.055486080724089,13.876972305998322,-4.166481606216604,-3.1280469203669137,8.420767129872338e-15
159.13092454284188,15.054460583946758,13.874143903535373,-4.1671074494050275,-3.1282068124909364,1.6841534259744676e-14
159.14122998857997,15.053435185650342,13.87131831541989,-4.167733352341408,-3.128365835504992,8.420767129872338e-15
159.1515353936711,15.052409884972361,13.868495538600719,-4.168359319816747,-3.128523993482333,-3.368306851948935e-14
159.16184075806612,15.051384681050362,13.865675570026685,-4.168985356622833,-3.128681290495307,1.6841534259744676e-14
159.17214608171574,15.050359573021915,13.862858406646625,-4.169611467552216,-3.128837730615368,5.0524602779234026e-14
159.18245136457045,15.049334560024631,13.860044045409374,-4.170237657398227,-3.1289933179130665,8.420767129872338e-14
