galstreams/tracks/track.st.Gaia-1.ibata2021.ecsv
# %ECSV 0.9
# ---
# datatype:
# - {name: ra, unit: deg, datatype: float64}
# - {name: dec, unit: deg, datatype: float64}
# - {name: distance, unit: kpc, datatype: float64}
# - {name: pm_ra_cosdec, unit: mas / yr, datatype: float64}
# - {name: pm_dec, unit: mas / yr, datatype: float64}
# - {name: radial_velocity, unit: km / s, datatype: float64}
# delimiter: ','
# meta: !!omap
# - __serialized_columns__:
#     dec:
#       __class__: astropy.coordinates.angles.Latitude
#       unit: &id001 !astropy.units.Unit {unit: deg}
#       value: !astropy.table.SerializedColumn {name: dec}
#     distance:
#       __class__: astropy.coordinates.distances.Distance
#       unit: !astropy.units.Unit {unit: kpc}
#       value: !astropy.table.SerializedColumn {name: distance}
#     pm_dec:
#       __class__: astropy.units.quantity.Quantity
#       unit: !astropy.units.Unit {unit: mas / yr}
#       value: !astropy.table.SerializedColumn {name: pm_dec}
#     pm_ra_cosdec:
#       __class__: astropy.units.quantity.Quantity
#       unit: !astropy.units.Unit {unit: mas / yr}
#       value: !astropy.table.SerializedColumn {name: pm_ra_cosdec}
#     ra:
#       __class__: astropy.coordinates.angles.Longitude
#       unit: *id001
#       value: !astropy.table.SerializedColumn {name: ra}
#       wrap_angle: !astropy.coordinates.Angle
#         unit: *id001
#         value: 360.0
#     radial_velocity:
#       __class__: astropy.units.quantity.Quantity
#       unit: !astropy.units.Unit {unit: km / s}
#       value: !astropy.table.SerializedColumn {name: radial_velocity}
# schema: astropy-2.0
ra,dec,distance,pm_ra_cosdec,pm_dec,radial_velocity
183.09027104668317,-20.801162147112763,4.988265960487709,-12.179857204551762,-15.823284832809101,3.031476166754042e-13
183.09599804248504,-20.792657964569738,4.988264504759466,-12.18145657619789,-15.826867655113379,2.1893994537668078e-13
183.10172511759438,-20.784154111805204,4.988263297288715,-12.183055776117655,-15.830449355723484,3.705137537143829e-13
183.10745227200147,-20.775650588654944,4.988262337786631,-12.184654804406952,-15.834029934536666,2.1893994537668078e-13
183.11317950569642,-20.767147394955014,4.988261625964376,-12.186253661161654,-15.837609391450165,2.1893994537668078e-13
183.11890681866942,-20.75864453054129,4.988261161533121,-12.187852346477598,-15.84118772636122,2.3578147963642546e-13
183.12463421091064,-20.75014199524987,4.988260944204031,-12.189450860450576,-15.844764939167053,2.020984111169361e-13
183.13036168241015,-20.74163978891687,4.988260973688273,-12.191049203176346,-15.848341029764883,3.1998915093514883e-13
183.13608923315823,-20.733137911378314,4.9882612496970165,-12.192647374750635,-15.851915998051927,2.694645481559148e-13
183.14181686314492,-20.724636362470477,4.988261771941428,-12.194245375269123,-15.85548984392539,2.8630608241565947e-13
183.1475445723605,-20.716135142029483,4.988262540132675,-12.195843204827455,-15.859062567282479,2.3578147963642546e-13
183.15327236079497,-20.707634249891637,4.988263553981925,-12.197440863521235,-15.862634168020373,2.1893994537668078e-13
183.1590002284385,-20.69913368589329,4.988264813200344,-12.199038351446047,-15.866204646036271,2.8630608241565947e-13
183.16472817528123,-20.69063344987071,4.988266317499103,-12.200635668697412,-15.869774001227329,2.8630608241565947e-13
183.1704562013133,-20.682133541660388,4.9882680665893675,-12.202232815370822,-15.873342233490735,2.8630608241565947e-13
183.17618430652485,-20.67363396109867,4.988270060182303,-12.203829791561747,-15.876909342723659,2.020984111169361e-13
183.18191249090592,-20.6651347080221,4.988272297989078,-12.205426597365593,-15.880475328823238,3.3683068519489354e-13
183.1876407544467,-20.656635782267255,4.988274779720863,-12.20702323287775,-15.88404019168663,2.3578147963642546e-13
183.19336909713726,-20.648137183670627,4.9882775050888215,-12.208619698193555,-15.887603931210986,2.020984111169361e-13
183.19909751896768,-20.63963891206894,4.988280473804122,-12.210215993408323,-15.89116654729343,2.5262301389617017e-13
183.2048260199281,-20.63114096729877,4.988283685577935,-12.211812118617303,-15.8947280398311,2.694645481559148e-13
183.2105546000086,-20.622643349196892,4.988287140121423,-12.213408073915744,-15.89828840872112,3.1998915093514883e-13
183.21628325919926,-20.614146057600106,4.988290837145755,-12.215003859398829,-15.9018476538606,2.5262301389617017e-13
183.22201199749017,-20.605649092345132,4.988294776362101,-12.2165994751617,-15.905405775146649,3.1998915093514883e-13
183.22774081487145,-20.59715245326888,4.988298957481623,-12.218194921299485,-15.908962772476375,2.694645481559148e-13
183.23346971133307,-20.58865614020829,4.988303380215498,-12.219790197907246,-15.912518645746855,2.020984111169361e-13
183.2391986868652,-20.580160153000225,4.988308044274884,-12.221385305080021,-15.91607339485519,2.020984111169361e-13
183.24492774145781,-20.57166449148177,4.988312949370951,-12.222980242912824,-15.919627019698469,1.8525687685719145e-13
183.25065687510107,-20.563169155489867,4.9883180952148685,-12.224575011500603,-15.923179520173758,2.3578147963642546e-13
183.25638608778496,-20.5546741448617,4.988323481517804,-12.226169610938273,-15.92673089617812,2.5262301389617017e-13
183.26211537949956,-20.546179459434303,4.988329107990922,-12.227764041320729,-15.930281147608625,3.1998915093514883e-13
183.2678447502349,-20.53768509904489,4.988334974345394,-12.229358302742796,-15.933830274362313,2.694645481559148e-13
183.27357419998106,-20.529191063530742,4.988341080292383,-12.230952395299296,-15.937378276336249,2.020984111169361e-13
183.27930372872802,-20.52069735272903,4.988347425543057,-12.232546319084989,-15.94092515342747,3.031476166754042e-13
183.2850333364659,-20.51220396647711,4.988354009808589,-12.234140074194594,-15.94447090553301,1.8525687685719145e-13
183.2907630231846,-20.5037109046124,4.988360832800138,-12.235733660722808,-15.948015532549883,2.5262301389617017e-13
183.29649278887425,-20.4952181669722,4.988367894228879,-12.237327078764276,-15.951559034375121,3.3683068519489354e-13
183.30222263352482,-20.48672575339405,4.988375193805976,-12.2389203284136,-15.955101410905733,2.3578147963642546e-13
183.30795255712636,-20.47823366371536,4.988382731242597,-12.24051340976536,-15.958642662038736,2.8630608241565947e-13
183.31368255966888,-20.46974189777372,4.988390506249908,-12.242106322914081,-15.962182787671125,2.020984111169361e-13
183.3194126411423,-20.461250455406763,4.988398518539077,-12.243699067954264,-15.9657217876999,2.694645481559148e-13
183.32514280153674,-20.45275933645202,4.9884067678212745,-12.245291644980334,-15.969259662022028,2.1893994537668078e-13
183.3308730408421,-20.44426854074727,4.988415253807663,-12.24688405408674,-15.97279641053452,2.694645481559148e-13
183.33660335904847,-20.435778068130144,4.988423976209415,-12.248476295367823,-15.976332033134325,2.1893994537668078e-13
183.34233375614573,-20.427287918438463,4.98843293473769,-12.25006836891794,-15.979866529718436,3.536722194546382e-13
183.34806423212393,-20.41879809151007,4.9884421291036665,-12.251660274831368,-15.983399900183786,2.8630608241565947e-13
183.35379478697305,-20.41030858718275,4.988451559018505,-12.253252013202367,-15.986932144427355,2.5262301389617017e-13
183.359525420683,-20.401819405294507,4.988461224193372,-12.254843584125158,-15.990463262346074,2.694645481559148e-13
183.36525613324383,-20.393330545683188,4.988471124339439,-12.256434987693902,-15.993993253836893,2.8630608241565947e-13
183.37098692464545,-20.38484200818683,4.988481259167872,-12.258026224002741,-15.997522118796748,3.3683068519489354e-13
183.37671779487783,-20.376353792643542,4.988491628389836,-12.259617293145771,-16.001049857122563,3.1998915093514883e-13
183.38244874393095,-20.3678658988913,4.988502231716502,-12.261208195217044,-16.004576468711264,2.1893994537668078e-13
183.3881797717947,-20.359378326768354,4.988513068859037,-12.262798930310574,-16.008101953459775,2.694645481559148e-13
183.3939108784591,-20.35089107611278,4.988524139528605,-12.264389498520341,-16.011626311264997,2.694645481559148e-13
183.3996420639141,-20.342404146762846,4.988535443436375,-12.265979899940264,-16.015149542023835,1.6841534259744677e-13
183.4053733281495,-20.33391753855688,4.988546980293516,-12.267570134664261,-16.018671645633184,2.8630608241565947e-13
183.41110467115536,-20.325431251333097,4.988558749811196,-12.26916020278617,-16.02219262198994,3.536722194546382e-13
183.41683609292156,-20.31694528492995,4.98857075170058,-12.270750104399802,-16.025712470990978,3.031476166754042e-13
183.42256759343806,-20.308459639185756,4.988582985672836,-12.272339839598942,-16.029231192533196,2.694645481559148e-13
183.42829917269475,-20.29997431393903,4.988595451439133,-12.27392940847731,-16.03274878651344,2.5262301389617017e-13
183.4340308306815,-20.291489309028293,4.988608148710639,-12.275518811128615,-16.036265252828592,2.3578147963642546e-13
183.43976256738833,-20.283004624292015,4.988621077198516,-12.27710804764649,-16.039780591375514,2.020984111169361e-13
183.445494382805,-20.27452025956887,4.988634236613938,-12.278697118124558,-16.043294802051044,2.1893994537668078e-13
183.45122627692155,-20.2660362146974,4.988647626668068,-12.280286022656385,-16.04680788475204,2.1893994537668078e-13
183.45695824972776,-20.25755248951635,4.988661247072075,-12.281874761335509,-16.05031983937535,3.1998915093514883e-13
183.46269030121357,-20.249069083864473,4.9886750975371275,-12.283463334255405,-16.053830665817788,2.5262301389617017e-13
183.4684224313689,-20.240585997580453,4.988689177774391,-12.285051741509532,-16.0573403639762,2.8630608241565947e-13
183.4741546401836,-20.23210323050316,4.988703487495034,-12.286639983191291,-16.0608489337474,2.3578147963642546e-13
183.4798869276475,-20.2236207824715,4.988718026410224,-12.288228059394049,-16.0643563750282,2.5262301389617017e-13
183.48561929375052,-20.215138653324285,4.98873279423113,-12.28981597021113,-16.067862687715408,2.694645481559148e-13
183.4913517384825,-20.206656842900564,4.988747790668917,-12.29140371573583,-16.071367871705846,1.8525687685719145e-13
183.49708426183338,-20.19817535103925,4.988763015434752,-12.292991296061377,-16.074871926896297,3.031476166754042e-13
183.5028168637929,-20.18969417757948,4.988778468239805,-12.294578711280979,-16.078374853183547,2.5262301389617017e-13
183.508549544351,-20.18121332236025,4.988794148795239,-12.296165961487798,-16.081876650464405,2.8630608241565947e-13
183.51428230349754,-20.172732785220745,4.988810056812228,-12.29775304677495,-16.085377318635626,2.694645481559148e-13
183.52001514122225,-20.164252566000183,4.988826192001934,-12.299339967235518,-16.088876857593984,2.694645481559148e-13
183.52574805751507,-20.15577266453772,4.988842554075526,-12.300926722962531,-16.092375267236264,3.031476166754042e-13
183.53148105236585,-20.14729308067265,4.988859142744172,-12.30251331404899,-16.09587254745922,2.5262301389617017e-13
183.5372141257643,-20.138813814244354,4.988875957719039,-12.304099740587844,-16.09936869815959,2.1893994537668078e-13
183.54294727770036,-20.1303348650921,4.9888929987112975,-12.305686002672005,-16.10286371923414,2.5262301389617017e-13
183.54868050816378,-20.121856233055382,4.988910265432111,-12.30727210039435,-16.10635761057961,2.8630608241565947e-13
183.55441381714448,-20.113377917973573,4.988927757592647,-12.308858033847695,-16.10985037209274,2.3578147963642546e-13
183.56014720463216,-20.104899919686215,4.988945474904073,-12.310443803124846,-16.11334200367027,3.031476166754042e-13
183.56588067061665,-20.096422238032904,4.988963417077558,-12.312029408318532,-16.116832505208905,2.5262301389617017e-13
183.57161421508778,-20.087944872853132,4.988981583824271,-12.313614849521452,-16.120321876605356,2.694645481559148e-13
183.5773478380353,-20.079467823986626,4.988999974855376,-12.315200126826282,-16.123810117756367,2.3578147963642546e-13
183.5830815394491,-20.070991091272987,4.98901858988204,-12.31678524032564,-16.12729722855864,3.031476166754042e-13
183.5888153193189,-20.06251467455198,4.989037428615433,-12.31837019011209,-16.130783208908863,1.347322740779574e-13
183.59454917763443,-20.054038573663437,4.989056490766722,-12.319954976278181,-16.134268058703732,2.8630608241565947e-13
183.6002831143856,-20.045562788447057,4.989075776047074,-12.321539598916397,-16.137751777839952,2.3578147963642546e-13
183.60601712956205,-20.037087318742824,4.989095284167657,-12.323124058119191,-16.141234366214185,3.1998915093514883e-13
183.61175122315365,-20.028612164390537,4.989115014839636,-12.324708353978968,-16.144715823723132,2.694645481559148e-13
183.61748539515014,-20.0201373252302,4.989134967774184,-12.32629248658809,-16.148196150263452,2.020984111169361e-13
183.6232196455412,-20.01166280110187,4.989155142682461,-12.327876456038902,-16.15167534573182,2.1893994537668078e-13
183.62895397431672,-20.003188591845486,4.9891755392756405,-12.329460262423662,-16.155153410024887,3.031476166754042e-13
183.63468838146633,-19.994714697301244,4.989196157264886,-12.33104390583462,-16.15863034303932,2.8630608241565947e-13
183.64042286697986,-19.986241117309167,4.9892169963613675,-12.33262738636397,-16.16210614467176,2.3578147963642546e-13
183.64615743084704,-19.977767851709512,4.989238056276252,-12.334210704103853,-16.165580814818853,1.515738083377021e-13
183.65189207305755,-19.96929490034253,4.989259336720706,-12.335793859146404,-16.169054353377234,1.8525687685719145e-13
183.65762679360117,-19.960822263048414,4.989280837405898,-12.33737685158367,-16.172526760243542,2.8630608241565947e-13
183.6633615924676,-19.952349939667563,4.9893025580429935,-12.338959681507692,-16.175998035314404,2.020984111169361e-13
183.66909646964663,-19.94387793004026,4.989324498343163,-12.340542349010432,-16.179468178486438,2.694645481559148e-13
183.6748314251279,-19.93540623400695,4.98934665801757,-12.342124854183849,-16.18293718965627,2.1893994537668078e-13
183.68056645890113,-19.926934851408127,4.9893690367773855,-12.343707197119828,-16.186405068720475,2.5262301389617017e-13
183.68630157095612,-19.918463782084217,4.989391634333775,-12.345289377910227,-16.189871815575707,2.694645481559148e-13
183.69203676128242,-19.909993025875846,4.989414450397906,-12.346871396646858,-16.193337430118532,2.5262301389617017e-13
183.6977720298699,-19.9015225826235,4.989437484680949,-12.348453253421471,-16.19680191224554,1.1789073981821273e-13
183.70350737670816,-19.893052452167897,4.989460736894065,-12.350034948325817,-16.20026526185335,2.8630608241565947e-13
183.70924280178684,-19.88458263434972,4.989484206748428,-12.351616481451561,-16.203727478838513,2.694645481559148e-13
183.71497830509574,-19.87611312900962,4.989507893955204,-12.35319785289033,-16.207188563097606,3.1998915093514883e-13
183.7207138866245,-19.867643935988422,4.989531798225557,-12.35477906273374,-16.210648514527225,1.1789073981821273e-13
183.72644954636274,-19.859175055126986,4.989555919270657,-12.356360111073332,-16.214107333023918,2.5262301389617017e-13
183.73218528430021,-19.85070648626608,4.989580256801671,-12.357940998000611,-16.217565018484247,2.694645481559148e-13
183.73792110042655,-19.8422382292467,4.989604810529767,-12.359521723607045,-16.221021570804773,2.694645481559148e-13
183.74365699473142,-19.833770283909715,4.9896295801661115,-12.36110228798404,-16.22447698988204,2.5262301389617017e-13
183.74939296720447,-19.825302650096205,4.989654565421871,-12.362682691222997,-16.227931275612594,2.5262301389617017e-13
183.75512901783537,-19.81683532764712,4.9896797660082175,-12.364262933415214,-16.23138442789295,2.020984111169361e-13
183.76086514661378,-19.8083683164036,4.989705181636313,-12.365843014652011,-16.23483644661969,2.020984111169361e-13
183.76660135352927,-19.799901616206828,4.989730812017329,-12.367422935024614,-16.238287331689286,1.515738083377021e-13
183.7723376385716,-19.791435226897892,4.989756656862428,-12.369002694624239,-16.241737082998316,3.031476166754042e-13
183.77807400173032,-19.782969148318045,4.989782715882785,-12.370582293542027,-16.24518570044325,2.020984111169361e-13
183.78381044299502,-19.77450338030863,4.989808988789559,-12.372161731869106,-16.248633183920628,2.694645481559148e-13
183.78954696235544,-19.766037922710844,4.989835475293924,-12.37374100969653,-16.25207953332694,2.694645481559148e-13
183.79528355980113,-19.757572775366153,4.989862175107043,-12.375320127115335,-16.2555247485587,2.8630608241565947e-13
183.80102023532174,-19.749107938115873,4.989889087940085,-12.376899084216493,-16.25896882951239,2.694645481559148e-13
183.80675698890687,-19.740643410801486,4.9899162135042205,-12.378477881090939,-16.262411776084505,2.020984111169361e-13
183.81249382054608,-19.73217919326455,4.989943551510613,-12.380056517829582,-16.26585358817153,2.3578147963642546e-13
183.81823073022906,-19.72371528534651,4.989971101670429,-12.381634994523253,-16.269294265669966,3.031476166754042e-13
183.82396771794535,-19.715251686889033,4.989998863694841,-12.383213311262761,-16.272733808476254,1.6841534259744677e-13
183.82970478368455,-19.70678839773367,4.990026837295012,-12.38479146813886,-16.276172216486877,2.1893994537668078e-13
183.83544192743625,-19.698325417722153,4.990055022182113,-12.386369465242266,-16.2796094895983,2.5262301389617017e-13
183.84117914919003,-19.68986274669623,4.990083418067306,-12.387947302663658,-16.28304562770699,3.536722194546382e-13
183.8469164489355,-19.68140038449759,4.990112024661763,-12.389524980493649,-16.286480630709388,3.1998915093514883e-13
183.8526538266622,-19.67293833096812,4.990140841676651,-12.391102498822823,-16.289914498501943,2.1893994537668078e-13
183.85839128235972,-19.664476585949608,4.990169868823138,-12.39267985774171,-16.293347230981105,3.031476166754042e-13
