galstreams/tracks/track.st.Jhelum-b.bonaca2019.ecsv
# %ECSV 0.9
# ---
# datatype:
# - {name: ra, unit: deg, datatype: float64}
# - {name: dec, unit: deg, datatype: float64}
# - {name: distance, unit: kpc, datatype: float64}
# - {name: pm_ra_cosdec, unit: mas / yr, datatype: float64}
# - {name: pm_dec, unit: mas / yr, datatype: float64}
# - {name: radial_velocity, unit: km / s, datatype: float64}
# delimiter: ','
# meta: !!omap
# - __serialized_columns__:
#     dec:
#       __class__: astropy.coordinates.angles.Latitude
#       unit: &id001 !astropy.units.Unit {unit: deg}
#       value: !astropy.table.SerializedColumn {name: dec}
#     distance:
#       __class__: astropy.coordinates.distances.Distance
#       unit: !astropy.units.Unit {unit: kpc}
#       value: !astropy.table.SerializedColumn {name: distance}
#     pm_dec:
#       __class__: astropy.units.quantity.Quantity
#       unit: !astropy.units.Unit {unit: mas / yr}
#       value: !astropy.table.SerializedColumn {name: pm_dec}
#     pm_ra_cosdec:
#       __class__: astropy.units.quantity.Quantity
#       unit: !astropy.units.Unit {unit: mas / yr}
#       value: !astropy.table.SerializedColumn {name: pm_ra_cosdec}
#     ra:
#       __class__: astropy.coordinates.angles.Longitude
#       unit: *id001
#       value: !astropy.table.SerializedColumn {name: ra}
#       wrap_angle: !astropy.coordinates.Angle
#         unit: *id001
#         value: 360.0
#     radial_velocity:
#       __class__: astropy.units.quantity.Quantity
#       unit: !astropy.units.Unit {unit: km / s}
#       value: !astropy.table.SerializedColumn {name: radial_velocity}
# schema: astropy-2.0
ra,dec,distance,pm_ra_cosdec,pm_dec,radial_velocity
[from data line 969]
351.6056558444024,-51.31668836279277,12.999999999999988,7.05978074903429,-4.227385555404253,1.0104920555846805e-13
351.589730815177,-51.3156861198387,12.99999999999999,7.059045233683959,-4.228708939389014,-3.368306851948935e-14
351.5738064672989,-51.31468181663497,12.999999999999988,7.0583092906538125,-4.2300320803334435,-6.73661370389787e-14
351.5578828021091,-51.31367545334841,12.99999999999999,7.057572920152527,-4.231354977856529,6.73661370389787e-14
351.5419598209482,-51.312667030146194,12.99999999999999,7.056836122388983,-4.232677631577425,6.73661370389787e-14
351.5260375251563,-51.31165654719576,12.999999999999988,7.056098897572234,-4.2340000411154906,0.0
351.51011591607335,-51.31064400466492,12.99999999999999,7.055361245911541,-4.235322206090247,-1.1789073981821273e-13
351.4941949950387,-51.30962940272181,12.99999999999999,7.0546231676163496,-4.2366441261214085,-5.0524602779234026e-14
351.47827476339097,-51.308612741534866,12.99999999999999,7.053884662896279,-4.237965800828893,5.0524602779234026e-14
351.4623552224687,-51.30759402127287,12.99999999999999,7.053145731961159,-4.239287229832781,1.0104920555846805e-13
351.4464363736097,-51.30657324210491,12.99999999999999,7.052406375020979,-4.240608412753373,0.0
351.43051821815163,-51.3055504042004,12.999999999999991,7.051666592285946,-4.241929349211118,5.0524602779234026e-14
351.4146007574315,-51.30452550772913,12.99999999999999,7.050926383966438,-4.243250038826671,1.6841534259744676e-14
351.3986839927859,-51.30349855286113,12.999999999999991,7.050185750273019,-4.244570481220881,1.0104920555846805e-13
351.382767925551,-51.30246953976681,12.99999999999999,7.049444691416451,-4.245890676014772,-3.368306851948935e-14
351.3668525570624,-51.301438468616865,12.999999999999988,7.048703207607668,-4.2472106228295665,1.1789073981821273e-13
351.3509378886554,-51.300405339582376,12.99999999999999,7.047961299057804,-4.248530321286672,1.0104920555846805e-13
351.3350239216648,-51.299370152834676,12.999999999999991,7.047218965978184,-4.249849771007669,6.73661370389787e-14
351.3191106574249,-51.29833290854547,12.99999999999999,7.046476208580292,-4.2511689716143595,1.1789073981821273e-13
351.3031980972696,-51.297293606886775,12.99999999999999,7.04573302707583,-4.252487922728699,8.420767129872338e-14
351.2872862425322,-51.29625224803091,12.99999999999999,7.044989421676664,-4.2538066239728645,8.420767129872338e-14
351.27137509454576,-51.295208832150536,12.99999999999999,7.044245392594853,-4.2551250749692,-6.73661370389787e-14
351.2554646546429,-51.29416335941865,12.999999999999991,7.043500940042655,-4.25644327534023,5.0524602779234026e-14
351.23955492415536,-51.293115830008524,12.999999999999988,7.042756064232485,-4.257761224708709,-8.420767129872338e-14
351.223645904415,-51.29206624409382,12.99999999999999,7.042010765376972,-4.259078922697531,-6.73661370389787e-14
351.2077375967526,-51.29101460184846,12.99999999999999,7.0412650436889,-4.26039636892983,-8.420767129872338e-14
351.1918300024991,-51.28996090344672,12.99999999999999,7.04051889938126,-4.261713563028893,-1.6841534259744677e-13
351.17592312298467,-51.288905149063226,12.999999999999991,7.039772332667235,-4.263030504618197,1.0104920555846805e-13
351.16001695953884,-51.28784733887283,12.99999999999999,7.039025343760159,-4.264347193321452,-6.73661370389787e-14
351.1441115134911,-51.286787473050815,12.99999999999999,7.038277932873587,-4.2656636287625,8.420767129872338e-14
351.12820678617004,-51.285725551772735,12.999999999999988,7.037530100221223,-4.266979810565429,1.347322740779574e-13
351.11230277890405,-51.28466157521444,12.99999999999999,7.036781846016978,-4.26829573835448,3.368306851948935e-14
351.09639949302107,-51.283595543552174,12.99999999999999,7.036033170474946,-4.269611411754092,-5.0524602779234026e-14
351.0804969298484,-51.28252745696243,12.99999999999999,7.035284073809389,-4.270926830388918,-6.73661370389787e-14
351.06459509071306,-51.28145731562206,12.99999999999999,7.034534556234773,-4.272241993883765,1.515738083377021e-13
351.0486939769413,-51.28038511970823,12.99999999999999,7.033784617965721,-4.273556901863683,3.368306851948935e-14
351.0327935898593,-51.27931086939841,12.999999999999988,7.0330342592170565,-4.274871553953867,-3.368306851948935e-14
351.0168939307926,-51.278234564870445,12.999999999999988,7.032283480203789,-4.276185949779714,1.515738083377021e-13
351.00099500106603,-51.277156206302415,12.999999999999991,7.03153228114109,-4.277500088966844,1.6841534259744676e-14
350.98509680200436,-51.276075793872806,12.999999999999991,7.0307806622443385,-4.278813971141034,-1.0104920555846805e-13
350.9691993349315,-51.27499332776038,12.999999999999988,7.03002862372907,-4.280127595928278,-1.6841534259744676e-14
350.95330260117134,-51.273908808144206,12.99999999999999,7.029276165811017,-4.2814409629547345,1.0104920555846805e-13
350.93740660204674,-51.2728222352037,12.99999999999999,7.028523288706085,-4.282754071846799,1.0104920555846805e-13
350.9215113388804,-51.27173360911859,12.999999999999991,7.027769992630366,-4.284066922231029,-1.6841534259744676e-14
350.90561681299477,-51.27064293006893,12.999999999999991,7.027016277800142,-4.285379513734167,0.0
350.8897230257113,-51.26955019823509,12.99999999999999,7.026262144431846,-4.286691845983188,-6.73661370389787e-14
350.8738299783514,-51.26845541379775,12.99999999999999,7.025507592742127,-4.288003918605222,-6.73661370389787e-14
350.8579376722357,-51.26735857693792,12.999999999999988,7.024752622947788,-4.289315731227621,8.420767129872338e-14
350.8420461086845,-51.26625968783691,12.999999999999988,7.023997235265822,-4.290627283477919,3.368306851948935e-14
350.8261552890177,-51.265158746676384,12.999999999999988,7.023241429913407,-4.2919385749838375,-1.0104920555846805e-13
350.81026521455453,-51.26405575363831,12.999999999999988,7.022485207107885,-4.293249605373314,1.347322740779574e-13
350.7943758866139,-51.26295070890496,12.99999999999999,7.021728567066795,-4.294560374274457,1.8525687685719145e-13
350.77848730651397,-51.261843612658915,12.99999999999999,7.0209715100078345,-4.295870881315607,-3.368306851948935e-14
350.7625994755728,-51.26073446508313,12.99999999999999,7.020214036148903,-4.297181126125254,-3.368306851948935e-14
350.7467123951078,-51.25962326636082,12.999999999999988,7.0194561457080695,-4.298491108332104,1.6841534259744676e-14
350.7308260664358,-51.25851001667556,12.999999999999988,7.018697838903568,-4.299800827565076,8.420767129872338e-14
350.7149404908732,-51.257394716211216,12.99999999999999,7.017939115953832,-4.301110283453255,1.347322740779574e-13
350.69905566973586,-51.25627736515196,12.99999999999999,7.017179977077454,-4.302419475625957,3.368306851948935e-14
350.6831716043393,-51.25515796368233,12.999999999999986,7.016420422493218,-4.303728403712662,1.0104920555846805e-13
350.66728829599856,-51.25403651198715,12.99999999999999,7.015660452420085,-4.305037067343054,-6.73661370389787e-14
350.65140574602793,-51.25291301025157,12.99999999999999,7.0149000670771775,-4.306345466147035,-8.420767129872338e-14
350.6355239557416,-51.25178745866101,12.99999999999999,7.014139266683818,-4.30765359975467,-5.0524602779234026e-14
350.6196429264528,-51.25065985740131,12.999999999999988,7.01337805145949,-4.30896146779626,6.73661370389787e-14
350.6037626594747,-51.24953020665853,12.999999999999988,7.0126164216238545,-4.3102690699022785,0.0
350.5878831561198,-51.24839850661909,12.99999999999999,7.01185437739676,-4.311576405703384,1.0104920555846805e-13
350.5720044177,-51.24726475746972,12.999999999999991,7.0110919189982095,-4.312883474830481,-8.420767129872338e-14
350.55612644552696,-51.24612895939748,12.999999999999988,7.010329046648415,-4.314190276914616,-5.0524602779234026e-14
350.5402492409115,-51.24499111258972,12.999999999999991,7.009565760567729,-4.315496811587076,-5.0524602779234026e-14
350.5243728051643,-51.24385121723413,12.99999999999999,7.0088020609767,-4.316803078479329,-8.420767129872338e-14
350.5084971395955,-51.24270927351871,12.999999999999991,7.008037948096061,-4.318109077223026,5.0524602779234026e-14
350.4926222455143,-51.24156528163176,12.99999999999999,7.007273422146688,-4.319414807450061,-3.368306851948935e-14
350.47674812423014,-51.240419241761906,12.99999999999999,7.006508483349663,-4.32072026879247,1.515738083377021e-13
350.4608747770512,-51.239271154098105,12.99999999999999,7.0057431319262164,-4.322025460882546,6.73661370389787e-14
350.4450022052856,-51.2381210188296,12.999999999999991,7.004977368097779,-4.323330383352742,1.6841534259744676e-14
350.4291304102411,-51.23696883614599,12.999999999999991,7.004211192085945,-4.324635035835715,-6.73661370389787e-14
350.41325939322456,-51.23581460623715,12.999999999999991,7.003444604112474,-4.32593941796434,5.0524602779234026e-14
350.39738915554256,-51.234658329293296,12.99999999999999,7.002677604399312,-4.327243529371674,-8.420767129872338e-14
350.3815196985011,-51.23350000550493,12.99999999999999,7.001910193168569,-4.3285473696909875,-1.6841534259744676e-14
350.36565102340586,-51.23233963506292,12.99999999999999,7.001142370642539,-4.329850938555733,0.0
350.3497831315616,-51.23117721815838,12.99999999999999,7.000374137043671,-4.3311542355995964,-8.420767129872338e-14
350.3339160242731,-51.23001275498279,12.999999999999988,6.999605492594606,-4.332457260456426,5.0524602779234026e-14
350.3180497028443,-51.228846245727944,12.99999999999999,6.998836437518156,-4.3337600127602895,-3.368306851948935e-14
350.30218416857866,-51.22767769058592,12.99999999999999,6.998066972037288,-4.335062492145465,1.1789073981821273e-13
350.28631942277934,-51.22650708974914,12.999999999999988,6.997297096375162,-4.33636469824641,8.420767129872338e-14
350.2704554667487,-51.22533444341028,12.99999999999999,6.996526810755092,-4.3376666306978064,3.368306851948935e-14
350.2545923017887,-51.224159751762464,12.999999999999991,6.995756115400579,-4.338968289134523,6.73661370389787e-14
350.23872992920104,-51.22298301499897,12.999999999999991,6.994985010535293,-4.340269673191624,1.6841534259744676e-14
350.22286835028655,-51.22180423331347,12.999999999999993,6.994213496383059,-4.3415707825044,-3.368306851948935e-14
350.2070075663458,-51.220623406899975,12.99999999999999,6.993441573167904,-4.342871616708314,1.0104920555846805e-13
350.19114757867857,-51.219440535952735,12.99999999999999,6.992669241113988,-4.344172175439066,-1.6841534259744676e-14
350.17528838858436,-51.21825562066638,12.999999999999991,6.991896500445674,-4.34547245833253,-1.6841534259744676e-14
350.15942999736234,-51.217068661235814,12.999999999999988,6.991123351387484,-4.346772465024779,1.6841534259744676e-14
350.1435724063106,-51.21587965785628,12.99999999999999,6.990349794164094,-4.348072195152127,-6.73661370389787e-14
350.1277156167274,-51.21468861072329,12.999999999999988,6.989575829000386,-4.349371648351038,-1.6841534259744676e-14
350.1118596299098,-51.213495520032744,12.999999999999988,6.988801456121375,-4.350670824258233,1.347322740779574e-13
350.0960044471548,-51.212300385980754,12.99999999999999,6.988026675752261,-4.351969722510604,0.0
350.08015006975893,-51.211103208763845,12.99999999999999,6.987251488118424,-4.35326834274524,-3.368306851948935e-14
350.06429649901776,-51.209903988578795,12.99999999999999,6.986475893445396,-4.3545666845994635,1.515738083377021e-13
350.04844373622683,-51.2087027256227,12.999999999999988,6.985699891958889,-4.3558647477107755,-1.6841534259744676e-14
350.0325917826808,-51.20749942009297,12.999999999999991,6.98492348388477,-4.3571625317169,-5.0524602779234026e-14
350.01674063967414,-51.20629407218733,12.99999999999999,6.984146669449097,-4.358460036255745,1.1789073981821273e-13
350.0008903085005,-51.20508668210383,12.999999999999988,6.983369448878076,-4.359757260965437,-3.368306851948935e-14
349.98504079045307,-51.20387725004082,12.99999999999999,6.982591822398082,-4.361054205484314,-6.73661370389787e-14
349.96919208682476,-51.20266577619696,12.999999999999988,6.981813790235675,-4.362350869450892,-6.73661370389787e-14
349.95334419890764,-51.2014522607712,12.99999999999999,6.981035352617563,-4.363647252503926,-5.0524602779234026e-14
349.9374971279935,-51.20023670396284,12.999999999999988,6.980256509770632,-4.364943354282354,-6.73661370389787e-14
349.9216508753735,-51.19901910597148,12.99999999999999,6.979477261921938,-4.3662391744253135,-1.0104920555846805e-13
349.9058054423381,-51.19779946699701,12.999999999999991,6.978697609298686,-4.367534712572176,-1.6841534259744676e-14
349.8899608301777,-51.19657778723965,12.99999999999999,6.977917552128278,-4.368829968362488,8.420767129872338e-14
349.87411704018166,-51.19535406689991,12.999999999999991,6.977137090638245,-4.370124941436032,8.420767129872338e-14
349.85827407363905,-51.19412830617864,12.99999999999999,6.976356225056315,-4.371419631432774,1.6841534259744676e-14
349.84243193183863,-51.19290050527699,12.999999999999991,6.975574955610374,-4.372714037992879,-3.368306851948935e-14
349.82659061606824,-51.191670664396376,12.99999999999999,6.974793282528463,-4.374008160756752,6.73661370389787e-14
349.8107501276154,-51.190438783738614,12.99999999999999,6.974011206038798,-4.3753019993649716,1.6841534259744676e-14
349.79491046776695,-51.18920486350574,12.99999999999999,6.973228726369757,-4.3765955534583485,-1.6841534259744676e-14
349.7790716378096,-51.18796890390014,12.999999999999988,6.972445843749892,-4.377888822677873,8.420767129872338e-14
349.7632336390289,-51.18673090512452,12.99999999999999,6.971662558407898,-4.379181806664777,1.1789073981821273e-13
349.74739647271036,-51.18549086738188,12.999999999999991,6.970878870572657,-4.380474505060473,1.6841534259744676e-14
349.7315601401389,-51.18424879087551,12.99999999999999,6.970094780473214,-4.381766917506582,-1.1789073981821273e-13
349.7157246425988,-51.18300467580904,12.999999999999988,6.969310288338762,-4.3830590436449475,0.0
349.6998899813737,-51.181758522386396,12.999999999999988,6.968525394398669,-4.384350883117608,-8.420767129872338e-14
349.6840561577469,-51.18051033081181,12.99999999999999,6.967740098882465,-4.3856424355668215,1.0104920555846805e-13
349.668223173001,-51.17926010128983,12.999999999999988,6.966954402019839,-4.386933700635053,-1.1789073981821273e-13
349.65239102841844,-51.1780078340253,12.999999999999988,6.966168304040664,-4.388224677964947,5.0524602779234026e-14
349.6365597252805,-51.17675352922338,12.99999999999999,6.965381805174939,-4.38951536719941,1.6841534259744676e-14
349.62072926486854,-51.175497187089555,12.99999999999999,6.964594905652863,-4.390805767981504,1.515738083377021e-13
349.6048996484629,-51.17423880782957,12.999999999999988,6.963807605704767,-4.392095879954543,1.6841534259744676e-14
349.58907087734366,-51.172978391649515,12.999999999999988,6.963019905561168,-4.393385702762022,1.1789073981821273e-13
349.5732429527904,-51.1717159387558,12.999999999999991,6.962231805452735,-4.394675236047647,5.0524602779234026e-14
349.55741587608185,-51.17045144935509,12.99999999999999,6.961443305610291,-4.3959644794553565,-6.73661370389787e-14
349.54158964849665,-51.169184923654406,12.999999999999988,6.960654406264846,-4.397253432629266,-1.1789073981821273e-13
349.5257642713124,-51.16791636186107,12.99999999999999,6.959865107647533,-4.398542095213731,-6.73661370389787e-14
349.5099397458066,-51.166645764182654,12.999999999999988,6.959075409989683,-4.399830466853296,3.368306851948935e-14
349.494116073256,-51.16537313082715,12.99999999999999,6.9582853135227705,-4.401118547192718,5.0524602779234026e-14
349.4782932549366,-51.16409846200272,12.999999999999991,6.957494818478424,-4.4024063358769885,-6.73661370389787e-14
349.4624712921244,-51.16282175791794,12.99999999999999,6.9567039250884575,-4.403693832551265,-5.0524602779234026e-14
349.4466501860943,-51.16154301878163,12.999999999999988,6.9559126335848145,-4.40498103686096,-5.0524602779234026e-14
349.43082993812095,-51.16026224480295,12.999999999999988,6.955120944199617,-4.4062679484516725,5.0524602779234026e-14
