galstreams/tracks/track.st.New-12.ibata2024.ecsv
# %ECSV 1.0
# ---
# datatype:
# - {name: ra, unit: deg, datatype: float64}
# - {name: dec, unit: deg, datatype: float64}
# - {name: distance, unit: kpc, datatype: float64}
# - {name: pm_ra_cosdec, unit: mas / yr, datatype: float64}
# - {name: pm_dec, unit: mas / yr, datatype: float64}
# - {name: radial_velocity, unit: km / s, datatype: float64}
# delimiter: ','
# meta: !!omap
# - __serialized_columns__:
#     dec:
#       __class__: astropy.coordinates.angles.Latitude
#       unit: &id001 !astropy.units.Unit {unit: deg}
#       value: !astropy.table.SerializedColumn {name: dec}
#     distance:
#       __class__: astropy.coordinates.distances.Distance
#       unit: !astropy.units.Unit {unit: kpc}
#       value: !astropy.table.SerializedColumn {name: distance}
#     pm_dec:
#       __class__: astropy.units.quantity.Quantity
#       unit: !astropy.units.Unit {unit: mas / yr}
#       value: !astropy.table.SerializedColumn {name: pm_dec}
#     pm_ra_cosdec:
#       __class__: astropy.units.quantity.Quantity
#       unit: !astropy.units.Unit {unit: mas / yr}
#       value: !astropy.table.SerializedColumn {name: pm_ra_cosdec}
#     ra:
#       __class__: astropy.coordinates.angles.Longitude
#       unit: *id001
#       value: !astropy.table.SerializedColumn {name: ra}
#       wrap_angle: !astropy.coordinates.Angle
#         unit: *id001
#         value: 360.0
#     radial_velocity:
#       __class__: astropy.units.quantity.Quantity
#       unit: !astropy.units.Unit {unit: km / s}
#       value: !astropy.table.SerializedColumn {name: radial_velocity}
# schema: astropy-2.0
ra,dec,distance,pm_ra_cosdec,pm_dec,radial_velocity
[from data line 999]
163.60000239802676,-36.50030591506308,1.0000000000000004,0.9904735592540739,5.671858071618484,121.94120448619789
163.60459368379145,-36.48986285992412,1.0000000000000002,0.989208324506853,5.6688108812813365,121.98359913407306
163.60917985750916,-36.47941848427938,1.0000000000000004,0.9879403113196918,5.665764602444554,122.02776568381991
163.6137609072655,-36.46897278453117,1.0000000000000002,0.9866695121093381,5.662719239923309,122.07370822127017
163.61833682115133,-36.458525757083066,1.0000000000000002,0.9853959192897674,5.659674798533125,122.12143083225564
163.62290758726272,-36.44807739833988,1.0000000000000002,0.984119525272253,5.656631283089947,122.17093760260796
163.6274731937009,-36.437627704707644,1.0000000000000002,0.9828403224653304,5.65358869841009,122.22223261815897
163.63203362857234,-36.42717667259365,1.0000000000000004,0.9815583032748263,5.650547049310301,122.27531996474029
163.63658887998866,-36.41672429840636,1.0000000000000004,0.9802734601038576,5.647506340607702,122.33020372818368
163.64113893606665,-36.40627057855549,1.0000000000000002,0.9789857853528767,5.644466577119848,122.38688799432087
163.64568378492837,-36.39581550945195,1.0000000000000002,0.9776952714195879,5.641427763664712,122.44537684898363
163.650223414701,-36.38535908750784,1.0000000000000004,0.9764019106990496,5.6383899050606985,122.5056743780036
163.65475781351697,-36.37490130913646,1.0000000000000002,0.9751056955836166,5.635353006126634,122.5677846672126
163.65928696951372,-36.36444217075231,1.0000000000000002,0.9738066184630183,5.632317071681779,122.63171180244238
163.66381087083403,-36.35398166877108,1.0000000000000002,0.9725046717242813,5.629282106545867,122.69745986952458
163.66832950562585,-36.343519799609574,1.0000000000000004,0.9711998477517723,5.626248115539044,122.76503295429094
163.6728428620422,-36.33305655968587,1.0000000000000004,0.9698921389272233,5.623215103481963,122.83443514257321
163.67735092824128,-36.322591945419134,1.0000000000000002,0.968581537629742,5.6201830751956905,122.90567052020315
163.6818536923865,-36.312125953229696,1.0000000000000002,0.9672680362357706,5.617152035501794,122.97874317301243
163.6863511426465,-36.30165857953907,1.0000000000000002,0.9659516271191437,5.614121989222307,123.05365718683282
163.69084326719485,-36.29118982076989,1.0000000000000002,0.9646323026510588,5.6110929411797485,123.13041664749606
163.69533005421053,-36.28071967334594,1.0000000000000004,0.9633100552001137,5.608064896197119,123.20902564083384
163.69981149187748,-36.270248133692135,1.0000000000000002,0.9619848771322994,5.605037859097932,123.28948825267798
163.7042875683849,-36.25977519823451,1.0000000000000002,0.9606567608110019,5.60201183470619,123.37180856886005
163.70875827192705,-36.24930086340024,1.0000000000000002,0.9593256985970227,5.5989868278464066,123.45599067521191
163.71322359070348,-36.23882512561757,1.0000000000000002,0.9579916828485544,5.595962843343594,123.54203865756521
163.71768351291865,-36.22834798131592,1.0000000000000002,0.9566547059212578,5.592939886023306,123.62995660175176
163.72213802678232,-36.21786942692578,1.0000000000000002,0.9553147601681964,5.589917960711629,123.71974859360321
163.7265871205094,-36.20738945887871,1.0000000000000002,0.953971837939843,5.586897072235146,123.81141871895137
163.73103078231983,-36.196908073607396,1.0000000000000004,0.9526259315841772,5.583877225421029,123.9049710636279
163.73546900043874,-36.1864252675456,1.0000000000000004,0.9512770334465754,5.580858425096945,124.00040971346453
163.73990176309633,-36.17594103712814,1.0000000000000002,0.9499251358698961,5.577840676091146,124.097738754293
163.74432905852797,-36.165455378790945,1.0000000000000002,0.9485702311944673,5.574823983232449,124.19696227194508
163.74875087497415,-36.15496828897096,1.0000000000000004,0.9472123117580775,5.571808351350191,124.29808435225253
163.75316720068045,-36.14447976410625,1.0000000000000004,0.9458513698959967,5.568793785274332,124.40110908104694
163.75757802389754,-36.13398980063587,1.0000000000000004,0.9444873979410069,5.565780289835386,124.50604054416017
163.7619833328813,-36.12349839499995,1.0000000000000004,0.943120388223341,5.562767869864439,124.61288282742389
163.7663831158926,-36.11300554363966,1.0000000000000002,0.9417503330707611,5.559756530193189,124.72164001666978
163.7707773611975,-36.10251124299721,1.0000000000000002,0.940377224808536,5.5567462756539125,124.83231619772965
163.77516605706705,-36.092015489515816,1.0000000000000002,0.9390010557594577,5.553737111079503,124.94491545643521
163.77954919177753,-36.08151827963974,1.0000000000000004,0.9376218182438194,5.550729041303455,125.05944187861824
163.78392675361027,-36.07101960981425,1.0000000000000002,0.9362395045794587,5.547722071159885,125.17589955011039
163.78829873085164,-36.0605194764856,1.0000000000000002,0.9348541070817573,5.544716205483519,125.2942925567434
163.7926651117931,-36.0500178761011,1.0000000000000002,0.9334656180636349,5.541711449109732,125.414624984349
163.7970258847313,-36.03951480510899,1.0000000000000002,0.9320740298355581,5.538707806874507,125.53690091875896
163.80138103796793,-36.029010259958554,1.0000000000000002,0.9306793347055473,5.5357052836144955,125.66112444580494
163.80573055980966,-36.01850423710003,1.0000000000000002,0.9292815249792321,5.532703884166981,125.78729965131876
163.81007443856836,-36.007996732984644,1.0000000000000004,0.9278805929597533,5.529703613369895,125.91543062113207
163.81441266256095,-35.9974877440646,1.0000000000000002,0.9264765309478697,5.526704476061848,126.04552144107662
163.81874522010935,-35.986977266793026,1.0000000000000002,0.9250693312419305,5.523706477082094,126.17757619698422
163.82307209954064,-35.976465297624074,1.0000000000000004,0.923658986137875,5.520709621270591,126.31159897468646
163.82739328918694,-35.965951833012795,1.0000000000000004,0.9222454879292368,5.517713913467944,126.44759386001517
163.83170877738536,-35.9554368694152,1.0000000000000002,0.9208288289071733,5.514719358515469,126.58556493880204
163.83601855247824,-35.94492040328827,1.0000000000000004,0.919409001360437,5.511725961255152,126.7255162968788
163.8403226028128,-35.93440243108988,1.0000000000000002,0.9179859975754399,5.508733726529705,126.86745202007717
163.84462091674135,-35.92388294927884,1.0000000000000002,0.9165598098361976,5.50574265918252,127.01137619422889
163.8489134826214,-35.91336195431489,1.0000000000000002,0.9151304304243686,5.502752764057723,127.15729290516573
163.85320028881532,-35.90283944265866,1.0000000000000002,0.9136978516192755,5.499764046000127,127.30520623871934
163.85748132369065,-35.892315410771744,1.0000000000000002,0.9122620656978695,5.496776509855305,127.45512028072154
163.8617565756199,-35.88178985511658,1.0000000000000004,0.9108230649347862,5.493790160469542,127.60703911700398
163.86602603298067,-35.87126277215651,1.0000000000000004,0.9093808416023164,5.490805002689864,127.76096683339843
163.87028968415555,-35.86073415835582,1.0000000000000002,0.9079353879704319,5.487821041364047,127.91690751573658
163.87454751753228,-35.850204010179596,1.0000000000000002,0.9064866963067759,5.484838281340602,128.07486524985023
163.87879952150345,-35.83967232409386,1.0000000000000002,0.9050347588767034,5.48185672746882,128.23484412157111
163.88304568446685,-35.82913909656548,1.0000000000000002,0.9035795679432441,5.478876384598726,128.39684821673083
163.88728599482522,-35.81860432406218,1.0000000000000004,0.90212111576714,5.47589725758114,128.5608816211612
163.8915204409863,-35.808068003052576,1.0000000000000004,0.9006593946068602,5.472919351267649,128.72694842069396
163.8957490113629,-35.7975301300061,1.0000000000000004,0.8991943967185767,5.469942670510637,128.89505270116086
163.89997169437288,-35.786990701393044,1.0000000000000002,0.8977261143561925,5.4669672201632515,129.06519854839357
163.90418847843898,-35.776449713684535,1.0000000000000004,0.8962545397713395,5.4639930050794465,129.2373900482239
163.90839935198912,-35.765907163352516,1.0000000000000004,0.8947796652133988,5.461020030113987,129.41163128648344
163.91260430345613,-35.7553630468698,1.0000000000000002,0.8933014829294947,5.458048300122449,129.58792634900402
163.91680332127788,-35.74481736070997,1.0000000000000004,0.891819985164509,5.4550778199612076,129.76627932161736
163.9209963938972,-35.734270101347455,1.0000000000000002,0.8903351641611028,5.452108594487472,129.94669429015514
163.925183509762,-35.72372126525747,1.0000000000000002,0.8888470121596823,5.44914062855927,130.12917534044922
163.9293646573252,-35.71317084891602,1.0000000000000002,0.8873555213984243,5.446173927035481,130.31372655833118
163.93353982504456,-35.70261884879995,1.0000000000000004,0.8858606841133341,5.443208494775808,130.5003520296328
163.93770900138298,-35.69206526138686,1.0000000000000004,0.8843624925381857,5.440244336640822,130.68905584018586
163.94187217480837,-35.68151008315512,1.0000000000000004,0.8828609389045203,5.4372814574919275,130.87984207582198
163.94602933379352,-35.6709533105839,1.0000000000000004,0.8813560154417468,5.434319862191412,131.07271482237303
163.95018046681625,-35.66039494015311,1.0000000000000004,0.8798477143770507,5.431359555602402,131.26767816567065
163.95432556235943,-35.649834968343455,1.0000000000000002,0.87833602793543,5.428400542588934,131.46473619154656
163.9584646089108,-35.63927339163637,1.0000000000000002,0.876820948339752,5.4254428280158855,131.66389298583258
163.96259759496314,-35.628710206514064,1.0000000000000002,0.8753024678106867,5.422486416749061,131.86515263436036
163.96672450901423,-35.61814540945946,1.0000000000000002,0.8737805785667669,5.419531313655137,132.06851922296158
163.97084533956678,-35.60757899695623,1.0000000000000002,0.8722552728243445,5.416577523601685,132.27399683746802
163.97496007512842,-35.59701096548877,1.0000000000000002,0.8707265427976907,5.413625051457204,132.48158956371148
163.9790687042119,-35.5864413115422,1.0000000000000004,0.8691943806988718,5.41067390209108,132.69130148752365
163.9831712153348,-35.57587003160239,1.0000000000000002,0.8676587787378658,5.407724080373653,132.9031366947362
163.98726759701967,-35.565297122155876,1.0000000000000002,0.866119729122552,5.4047755911761595,133.11709927118085
163.9913578377941,-35.55472257968991,1.0000000000000004,0.8645772240586451,5.401828439370785,133.33319330268947
163.99544192619058,-35.54414640069245,1.0000000000000004,0.863031255749787,5.398882629830647,133.55142287509364
163.9995198507466,-35.53356858165213,1.0000000000000004,0.8614818163975198,5.39593816742982,133.77179207422515
164.00359160000446,-35.5229891190583,1.0000000000000002,0.8599288982012938,5.392995057043329,133.99430498591573
164.0076571625116,-35.512408009400964,1.0000000000000004,0.858372493358476,5.390053303547139,134.2189656959971
164.0117165268203,-35.5018252491708,1.0000000000000002,0.8568125940643565,5.387112911818216,134.445778290301
164.0157696814878,-35.49124083485916,1.0000000000000004,0.8552491925121553,5.384173886734455,134.67474685465916
164.01981661507628,-35.480654762958025,1.0000000000000004,0.8536822808930271,5.381236233174771,134.90587547490333
164.02385731615286,-35.4700670299601,1.0000000000000004,0.8521118513961037,5.378299956019054,135.1391682368652
164.02789177328958,-35.45947763235864,1.0000000000000004,0.8505378962084169,5.375365060148168,135.37462922637653
164.03191997506343,-35.44888656664763,1.0000000000000004,0.848960407515027,5.372431550444,135.61226252926895
164.03594191005638,-35.43829382932164,1.0000000000000004,0.8473793774988998,5.3694994317894285,135.85207223137434
164.0399575668552,-35.42769941687586,1.0000000000000004,0.8457947983410063,5.366568709068346,136.09406241852432
164.0439669340517,-35.41710332580613,1.0000000000000002,0.8442066622203166,5.363639387165666,136.3382371765507
164.04797000024257,-35.40650555260889,1.0000000000000002,0.8426149613137479,5.360711470967331,136.58460059128512
164.0519667540294,-35.3959060937812,1.0000000000000004,0.8410196877962717,5.357784965360306,136.83315674855942
164.05595718401872,-35.38530494582068,1.0000000000000002,0.8394208338408236,5.354859875232602,137.08390973420518
164.059941278822,-35.3747021052256,1.0000000000000002,0.8378183916183488,5.351936205473281,137.3368636340543
164.06391902705553,-35.3640975684948,1.0000000000000002,0.8362123532978636,5.349013960972442,137.59202253393838
164.06789041734064,-35.35349133212768,1.0000000000000002,0.8346027110463377,5.346093146621257,137.8493905196892
164.07185543830343,-35.342883392624245,1.0000000000000004,0.832989457028841,5.3431737673119475,138.10897167713847
164.07581407857504,-35.33227374648504,1.0000000000000002,0.831372583408454,5.340255827937824,138.37077009211797
164.07976632679137,-35.321662390211216,1.0000000000000002,0.8297520823463032,5.337339333393265,138.63478985045938
164.0837121715933,-35.31104932030443,1.0000000000000004,0.8281279460016089,5.334424288573734,138.9010350379944
164.08765160162665,-35.30043453326693,1.0000000000000002,0.8265001665315994,5.3315106983757925,139.16950974055484
164.091584605542,-35.28981802560146,1.0000000000000004,0.8248687360916227,5.32859856769708,139.44021804397244
164.09551117199493,-35.279199793811365,1.0000000000000004,0.8232336468350931,5.325687901436378,139.7131640340788
164.0994312896459,-35.26857983440048,1.0000000000000004,0.8215948909134934,5.322778704493537,139.98835179670573
164.1033449471602,-35.257958143873154,1.0000000000000004,0.8199524604764212,5.319870981769565,140.26578541768498
164.107252133208,-35.24733471873429,1.0000000000000004,0.818306347671582,5.316964738166556,140.54546898284826
164.1111528364644,-35.23670955548928,1.0000000000000002,0.8166565446447622,5.31405997858778,140.82740657802728
164.11504704560937,-35.226082650644,1.0000000000000002,0.8150030435398978,5.311156707937593,141.1116022890538
164.11893474932774,-35.215454000704895,1.0000000000000002,0.8133458364990087,5.308254931121541,141.39806020175953
164.1228159363092,-35.20482360217881,1.0000000000000002,0.811684915662295,5.305354653046294,141.68678440197624
164.12669059524833,-35.19419145157315,1.0000000000000002,0.8100202731680541,5.302455878619682,141.97777897553559
164.13055871484457,-35.183557545395765,1.0000000000000004,0.8083519011527454,5.299558612750715,142.27104800826933
164.1344202838022,-35.17292188015498,1.0000000000000002,0.8066797917509865,5.2966628603495725,142.56659558600916
164.13827529083042,-35.16228445235958,1.0,0.8050039370955524,5.293768626327585,142.86442579458688
164.14212372464323,-35.151645258518826,1.0000000000000004,0.8033243293173822,5.290875915597294,143.1645427198343
164.1459655739595,-35.14100429514242,1.0000000000000004,0.8016409605455905,5.28798473307242,143.4669504475829
164.14980082750296,-35.13036155874054,1.0000000000000004,0.7999538229074945,5.285095083667889,143.77165306366464
164.15362947400223,-35.119717045823734,1.0000000000000004,0.7982629085285655,5.282206972299809,144.0786546539111
164.1574515021907,-35.10907075290307,1.0000000000000004,0.796568209532512,5.279320403885546,144.38795930415407
164.16126690080662,-35.09842267648999,1.0000000000000002,0.7948697180412241,5.276435383343625,144.69957110022528
164.16507565859322,-35.087772813096365,1.0000000000000002,0.793167426174791,5.273551915593838,145.01349412795642
164.16887776429837,-35.077121159234494,1.0000000000000004,0.7914613260515599,5.270670005557191,145.32973247317938
164.17267320667486,-35.06646771141706,1.0000000000000002,0.7897514097880887,5.267789658155916,145.64829022172563
164.17646197448036,-35.055812466157185,1.0000000000000002,0.7880376694991629,5.2649108783135254,145.96917145942712
164.18024405647733,-35.04515541996835,1.0000000000000004,0.7863200972978222,5.262033670954725,146.29238027211545
164.1840194414331,-35.03449656936445,1.0000000000000002,0.7845986852953271,5.25915804100554,146.61792074562243
164.18778811811973,-35.023835910859724,1.0000000000000004,0.7828734256012444,5.256283993393209,146.94579696577972
164.19155007531418,-35.013173440968856,1.0000000000000004,0.7811443103233753,5.253411533046286,147.2760130184191
