galstreams/tracks/track.st.NGC1261b.ibata2024.ecsv
# %ECSV 1.0
# ---
# datatype:
# - {name: ra, unit: deg, datatype: float64}
# - {name: dec, unit: deg, datatype: float64}
# - {name: distance, unit: kpc, datatype: float64}
# - {name: pm_ra_cosdec, unit: mas / yr, datatype: float64}
# - {name: pm_dec, unit: mas / yr, datatype: float64}
# - {name: radial_velocity, unit: km / s, datatype: float64}
# delimiter: ','
# meta: !!omap
# - __serialized_columns__:
#     dec:
#       __class__: astropy.coordinates.angles.Latitude
#       unit: &id001 !astropy.units.Unit {unit: deg}
#       value: !astropy.table.SerializedColumn {name: dec}
#     distance:
#       __class__: astropy.coordinates.distances.Distance
#       unit: !astropy.units.Unit {unit: kpc}
#       value: !astropy.table.SerializedColumn {name: distance}
#     pm_dec:
#       __class__: astropy.units.quantity.Quantity
#       unit: !astropy.units.Unit {unit: mas / yr}
#       value: !astropy.table.SerializedColumn {name: pm_dec}
#     pm_ra_cosdec:
#       __class__: astropy.units.quantity.Quantity
#       unit: !astropy.units.Unit {unit: mas / yr}
#       value: !astropy.table.SerializedColumn {name: pm_ra_cosdec}
#     ra:
#       __class__: astropy.coordinates.angles.Longitude
#       unit: *id001
#       value: !astropy.table.SerializedColumn {name: ra}
#       wrap_angle: !astropy.coordinates.Angle
#         unit: *id001
#         value: 360.0
#     radial_velocity:
#       __class__: astropy.units.quantity.Quantity
#       unit: !astropy.units.Unit {unit: km / s}
#       value: !astropy.table.SerializedColumn {name: radial_velocity}
# schema: astropy-2.0
ra,dec,distance,pm_ra_cosdec,pm_dec,radial_velocity
[from data line 561]
49.621106569985635,-52.800560034295486,1.0000000000000007,2.036768562742509,-1.6477630899025826,-1279862.0419107853
49.634320093618015,-52.80617317325025,1.0000000000000007,2.0377601358341053,-1.647522462240886,-1266545.4652500763
49.647542841854346,-52.811779878307604,1.0000000000000007,2.0387510000000475,-1.6472800517221913,-1253321.5570427303
49.66077486367375,-52.817380103629134,1.0000000000000009,2.0397411224694224,-1.6470358685037354,-1240189.9937937655
49.67401620801783,-52.822973803352525,1.0000000000000007,2.0407304703403497,-1.6467899226263398,-1227150.452008199
49.68726692379046,-52.82856093159159,1.0000000000000007,2.0417190107691567,-1.6465422242763452,-1214202.608191046
49.70052705985748,-52.83414144243623,1.0000000000000007,2.0427067109703785,-1.6462927837128518,-1201346.1388473262
49.71379666504654,-52.839715289952366,1.0000000000000004,2.0436935381003423,-1.646041610991233,-1188580.7204820556
49.727075788146884,-52.84528242818199,1.0000000000000007,2.0446794593153754,-1.6457887165161083,-1175906.0296002508
49.74036447790908,-52.85084281114306,1.0000000000000004,2.0456644418882206,-1.6455341104447143,-1163321.7427069305
49.75366278304484,-52.85639639282951,1.0000000000000007,2.0466484529315494,-1.6452778030361515,-1150827.5363071102
49.76697075222671,-52.86194312721125,1.0000000000000007,2.047631459616241,-1.6450198046368314,-1138423.0869058087
49.780288434087986,-52.86748296823406,1.0000000000000007,2.048613429258694,-1.6447601255495101,-1126108.0710080424
49.793615877222315,-52.87301586981963,1.0000000000000007,2.0495943290297873,-1.6444987761060474,-1113882.1651188273
49.806953130183594,-52.87854178586557,1.0000000000000007,2.050574126144056,-1.6442357667692704,-1101745.0457431828
49.82030024148567,-52.88406067024525,1.0000000000000007,2.0515527877869317,-1.6439711078710388,-1089696.3893861247
49.83365725960213,-52.88957247680787,1.0000000000000007,2.0525302812602604,-1.6437048098014202,-1077735.87255267
49.84702423296605,-52.895077159378445,1.0000000000000007,2.0535065737640252,-1.6434368830232415,-1065863.171747837
49.86040120996979,-52.9005746717577,1.0000000000000007,2.054481632527313,-1.6431673380138818,-1054077.9634766413
49.87378823896471,-52.90606496772212,1.0000000000000007,2.055455424844695,-1.642896185265272,-1042379.9242441021
49.887185368260965,-52.911548001023895,1.0000000000000007,2.056427917930705,-1.6426234353275504,-1030768.7305552355
49.90059264612727,-52.91702372539084,1.0000000000000007,2.0573990790726384,-1.6423490987363039,-1019244.0589150572
49.91401012079063,-52.922492094526454,1.0000000000000007,2.0583688755432377,-1.642073185998015,-1007805.5858285872
49.9274378404361,-52.92795306210983,1.0000000000000007,2.0593372746079694,-1.64179570779379,-996452.9878008405
49.94087585320657,-52.93340658179564,1.0000000000000007,2.0603042435104726,-1.6415166746010073,-985185.9413368359
49.9543242072025,-52.938852607214145,1.0000000000000007,2.0612697495889734,-1.6412360971444286,-974004.1229415894
49.96778295048167,-52.94429109197112,1.0000000000000004,2.062233760167146,-1.6409539862070233,-962907.2091201177
49.98125213105894,-52.9497219896478,1.0000000000000007,2.063196242437698,-1.640670352280722,-951894.87637744
49.99473179690598,-52.95514525380096,1.0000000000000007,2.064157163782511,-1.6403852062212536,-940966.8012185721
50.008221995951075,-52.960560837962745,1.0000000000000007,2.0651164915107074,-1.6400985586224124,-930122.6601485306
50.0217227760788,-52.96596869564078,1.0000000000000007,2.066074192916858,-1.6398104204563424,-919362.129672334
50.03523418512983,-52.971368780318016,1.0000000000000007,2.067030235346465,-1.6395208022731822,-908684.8862949985
50.04875627090064,-52.976761045452804,1.0000000000000004,2.0679845861159265,-1.6392297150596278,-898090.6065215421
50.06228908114327,-52.982145444478775,1.0000000000000007,2.068937212548917,-1.638937169642304,-887578.966856982
50.07583266356507,-52.98752193080488,1.0000000000000007,2.0698880820491468,-1.6386431768187322,-877149.6438063335
50.089387065828454,-52.99289045781534,1.0000000000000004,2.070837161896634,-1.6383477475319523,-866802.3138746162
50.10295233555062,-52.99825097886959,1.0000000000000004,2.0717844194805366,-1.6380508926667972,-856536.6535668457
50.116528520303255,-53.0036034473023,1.0000000000000007,2.072729822168185,-1.637752623151755,-846352.3393880407
50.13011566761237,-53.00894781642328,1.0000000000000007,2.073673337297805,-1.6374529500462813,-836249.0478432169
50.143713824957956,-53.0142840395175,1.0000000000000007,2.074614932265831,-1.637151884206105,-826226.4554373913
50.15732303977375,-53.01961206984507,1.0000000000000007,2.075554574490525,-1.636849436777993,-816284.238675583
50.17094335944695,-53.02493186064113,1.0000000000000007,2.0764922313028364,-1.6365456187195377,-806422.0740628077
50.184574831317974,-53.03024336511593,1.0000000000000007,2.0774278701355797,-1.6362404412066098,-796639.6381040821
50.19821750268017,-53.03554653645471,1.0000000000000007,2.078361458348809,-1.6359339151968015,-786936.6073044246
50.21187142077958,-53.04084132781771,1.0000000000000007,2.0792929633898893,-1.6356260518950876,-777312.6581688513
50.22553663281462,-53.04612769234014,1.0000000000000007,2.0802223526479793,-1.635316862462787,-767767.4672023806
50.23921318593585,-53.05140558313212,1.0000000000000007,2.0811495935777202,-1.6350063580175629,-758300.7109100294
50.252901127245686,-53.0566749532787,1.0000000000000004,2.0820746535537182,-1.634694549778942,-748912.0657968135
50.26660050379811,-53.061935755839805,1.0000000000000007,2.0829975000524428,-1.6343814490828663,-739601.208367752
50.280311362598425,-53.06718794385013,1.0000000000000007,2.0839181004921556,-1.6340670670033433,-730367.81512786
50.29403375060296,-53.072431470319266,1.0000000000000007,2.0848364223420504,-1.6337514149345225,-721211.5625821571
50.30776771471881,-53.07766628823153,1.0000000000000004,2.0857524330494925,-1.633434504197794,-712132.1272356589
50.3215133018035,-53.08289235054601,1.0000000000000007,2.08666610004002,-1.6331163461290998,-703129.1855933825
50.33527055866478,-53.088109610196454,1.0000000000000007,2.087577390826482,-1.6327969519770704,-694202.4141603458
50.34903953206032,-53.09331802009136,1.0000000000000007,2.0884862728780718,-1.6324763332959265,-685351.4894415657
50.36282026869737,-53.09851753311383,1.0000000000000007,2.0893927136203274,-1.6321545013342984,-676576.0879420585
50.376612815232576,-53.1037081021216,1.0000000000000007,2.0902966806243057,-1.631831467646407,-667875.8861668431
50.39041721827161,-53.10888967994701,1.0000000000000007,2.0911981413300964,-1.6315072436700575,-659250.560620935
50.404233524368905,-53.114062219396935,1.0000000000000007,2.0920970632359968,-1.6311818409303669,-650699.7878093527
50.41806178002741,-53.11922567325275,1.0000000000000007,2.092993413876684,-1.6308552708942443,-642223.2442371128
50.43190203169824,-53.12437999427038,1.0000000000000007,2.0938871607359033,-1.63052754518867,-633820.6064092322
50.44575432578043,-53.129525135180145,1.0000000000000007,2.094778271362884,-1.630198675346037,-625491.5508307288
50.4596187086206,-53.134661048686844,1.0000000000000007,2.095666713285027,-1.6298686729714973,-617235.7540066192
50.47349522651273,-53.13978768746963,1.0000000000000007,2.096552454007906,-1.6295375496993074,-609052.8924419202
50.48738392569777,-53.14490500418206,1.0000000000000004,2.0974354611098533,-1.6292053172292071,-600942.6426416502
50.501284852363455,-53.15001295145197,1.0000000000000007,2.0983157021182706,-1.6288719872318325,-592904.6811108248
50.515198052643896,-53.155111481881534,1.0000000000000004,2.0991931445678347,-1.6285375714141992,-584938.6843544631
50.52912357261939,-53.16020054804717,1.0000000000000007,2.1000677560805343,-1.6282020815269789,-577044.3288775807
50.543061458316025,-53.16528010249954,1.0000000000000007,2.100939504154667,-1.6278655293644988,-569221.2911851951
50.557011755705446,-53.17035009776349,1.0000000000000007,2.1018083564122207,-1.6275279266774305,-561469.247782324
50.57097451070453,-53.17541048633806,1.0000000000000007,2.102674280424253,-1.6271892853837926,-553787.8751739839
50.5849497691751,-53.18046122069637,1.0000000000000007,2.1035372437909245,-1.6268496172924642,-546176.8498651928
50.59893757692354,-53.1855022532857,1.0000000000000007,2.104397214090568,-1.6265089342632564,-538635.8483609674
50.61293797970064,-53.19053353652737,1.0000000000000007,2.105254158952448,-1.6261672482651193,-531164.547166324
50.62695102320116,-53.19555502281674,1.0000000000000007,2.1061080459803634,-1.6258245712524513,-523762.6227862813
50.64097675306355,-53.200566664523144,1.0000000000000004,2.1069588427744748,-1.625480915128719,-516429.7517258565
50.65501521486969,-53.205568413989944,1.0000000000000007,2.1078065169785987,-1.6251362919429084,-509165.61049006454
50.66906645414454,-53.21056022353437,1.0000000000000007,2.1086510362147237,-1.624790713765833,-501969.87558392534
50.68313051635582,-53.21554204544763,1.0000000000000007,2.1094923681157525,-1.624444192602823,-494842.22351245413
50.697207446913744,-53.22051383199471,1.0000000000000007,2.110330480387347,-1.6240967405828997,-487782.33078066946
50.71129729117063,-53.225475535414475,1.0000000000000007,2.1111653406078403,-1.6237483697477728,-480789.873893588
50.72540009442068,-53.23042710791963,1.0000000000000007,2.1119969164756185,-1.623399092357431,-473864.52935622615
50.73951590189957,-53.235368501696584,1.0000000000000007,2.112825175663602,-1.6230489205336198,-467005.97367360204
50.753644758784226,-53.240299668905514,1.0000000000000007,2.1136500858374347,-1.62269786647812,-460213.8833507322
50.76778671019239,-53.2452205616803,1.0000000000000009,2.1144716146845894,-1.622345942458196,-453487.9348926351
50.78194180118245,-53.25013113212846,1.0000000000000007,2.115289729918004,-1.6219931607120088,-446827.80480432656
50.79611007675295,-53.25503133233118,1.0000000000000004,2.116104399192409,-1.6216395335577545,-440233.16959082347
50.810291581842414,-53.25992111434322,1.0000000000000007,2.116915590246208,-1.6212850733209052,-433703.70575714466
50.82448636132892,-53.26480043019292,1.0000000000000007,2.1177232707705116,-1.6209297923487611,-427239.0898083059
50.83869446002986,-53.26966923188215,1.0000000000000007,2.1185274085364654,-1.620573703032278,-420838.99824932474
50.85291592270154,-53.27452747138627,1.0000000000000007,2.1193279712206277,-1.6202168178060674,-414503.1075852186
50.86715079403889,-53.27937510065413,1.0000000000000007,2.1201249265759543,-1.619859149112017,-408231.0943210041
50.881399118675134,-53.284212071607946,1.0000000000000007,2.120918242351763,-1.6195007094283937,-402022.6349616994
50.89566094118145,-53.289038336143406,1.0000000000000007,2.121707886293734,-1.6191415112552932,-395877.4060123208
50.90993630606663,-53.293853846129515,1.0000000000000004,2.122493826165737,-1.618781567136466,-389795.0839778855
50.92422525777683,-53.298658553408615,1.0000000000000007,2.1232760297316418,-1.618420889659319,-383775.3453634118
50.93852784069509,-53.30345240979635,1.0000000000000007,2.1240544647771458,-1.618059491411259,-377817.866673915
50.95284409914112,-53.3082353670816,1.0000000000000007,2.124829099062481,-1.6176973850087961,-371922.3244144142
50.96717407737092,-53.313007377026494,1.0000000000000007,2.125599900409725,-1.6173345831557526,-366088.3950899252
50.98151781957646,-53.317768391366336,1.0000000000000007,2.126366836593661,-1.6169710985195707,-360315.75520546525
50.99587536988529,-53.322518361809585,1.0000000000000007,2.127129875418177,-1.6166069438113482,-354604.08126605285
51.010246772360304,-53.32725724003786,1.0000000000000007,2.1278889846980746,-1.6162421318585984,-348953.04977670335
51.024632070999296,-53.331984977705794,1.0000000000000007,2.128644132280897,-1.6158766753578675,-343362.33724243497
51.03903130973465,-53.336701526441146,1.0000000000000007,2.1293952859596175,-1.6155105872094282,-337831.620168265
51.053444532433055,-53.34140683784463,1.0000000000000007,2.1301424135926936,-1.615143880218966,-332360.5750592099
51.06787178289508,-53.34610086349001,1.0000000000000007,2.1308854830313066,-1.6147765672867536,-326948.878420288
51.08231310485487,-53.35078355492393,1.0000000000000007,2.131624462112086,-1.6144086613421678,-321596.2067565154
51.0967685419798,-53.355454863666004,1.0000000000000004,2.1323593187116785,-1.6140401753073093,-316302.23657290917
51.111238137870124,-53.360114741208704,1.0000000000000004,2.1330900206885417,-1.6136711221734004,-311066.64437448763
51.1257219360586,-53.36476313901733,1.0000000000000007,2.1338165359265986,-1.6133015149571293,-305889.10666626727
51.140219980010215,-53.369400008530036,1.0000000000000007,2.1345388323061343,-1.612931366711564,-300769.2999532646
51.15473231312173,-53.3740253011577,1.0000000000000004,2.1352568777292618,-1.6125606904788583,-295706.9007404979
51.16925897872143,-53.378638968283994,1.0000000000000007,2.135970640083542,-1.6121894994212198,-290701.5855329837
51.183800020068695,-53.38324096126526,1.0000000000000004,2.136680087311106,-1.611817806642648,-285753.03083574
51.19835548035368,-53.387831231430525,1.0000000000000007,2.1373851872922387,-1.6114456253490061,-280860.913153783
51.21292540269697,-53.39240973008144,1.0000000000000007,2.138085907976347,-1.6110729687097773,-276024.90899212984
51.22750983014921,-53.39697640849229,1.0000000000000004,2.138782217298285,-1.6106998500035843,-271244.6948557987
51.24210880569073,-53.401531217909906,1.0000000000000007,2.1394740831965464,-1.6103262825017737,-266519.94724980573
51.2567223722312,-53.406074109553636,1.0000000000000007,2.1401614736187184,-1.6099522794793302,-261850.34267916883
51.271350572609315,-53.410605034615365,1.0000000000000004,2.1408443565414927,-1.6095778543094639,-257235.55764890506
51.285993449592354,-53.41512394425942,1.0000000000000007,2.141522699917914,-1.609203020358109,-252675.2686640308
51.30065104587587,-53.41963078962256,1.0000000000000007,2.1421964717392257,-1.6088277910239412,-248169.15222956426
51.315323404083315,-53.42412552181393,1.0000000000000009,2.1428656399821193,-1.6084521797674824,-243716.8848505223
51.33001056676569,-53.42860809191505,1.0000000000000007,2.1435301726414764,-1.608076200063806,-239318.14303192144
51.344712576401136,-53.43307845097975,1.0000000000000007,2.1441900377267302,-1.6076998653879855,-234972.6032787799
51.35942947539463,-53.43753655003415,1.0000000000000007,2.1448452032436762,-1.6073231893242337,-230679.9420961139
51.37416130607757,-53.44198234007665,1.0000000000000007,2.1454956372235756,-1.6069461854385736,-226439.8359889413
51.38890811070742,-53.44641577207784,1.0000000000000007,2.1461413076885947,-1.606568867337046,-222251.9614622793
51.40366993146735,-53.45083679698052,1.0000000000000004,2.1467821826736326,-1.6061912486620713,-218115.99502114434
51.418446810465845,-53.45524536569961,1.0000000000000007,2.1474182302317786,-1.6058133431142778,-214031.6131705544
51.433238789736386,-53.45964142912217,1.0000000000000007,2.1480494184179406,-1.6054351643979317,-209998.4924155262
51.44804591123698,-53.46402493810736,1.0000000000000007,2.1486757152997598,-1.6050567262645927,-206016.30926107705
51.462868216849884,-53.46839584348632,1.0000000000000007,2.149297088944877,-1.6046780424840108,-202084.74021222463
51.47770574838118,-53.47275409606228,1.0000000000000009,2.1499135074409423,-1.6042991269023332,-198203.4617739848
51.49255854756041,-53.477099646610384,1.0000000000000007,2.1505249388737866,-1.6039199933475174,-194372.1504513761
51.507426656040195,-53.48143244587777,1.0000000000000007,2.1511313513601635,-1.6035406557348324,-190590.4827494151
51.52231011539587,-53.48575244458345,1.0000000000000007,2.15173271299318,-1.603161127983185,-186858.13517311867
51.53720896712507,-53.490059593418295,1.0000000000000007,2.1523289918986848,-1.602781424036948,-183174.78422750483
51.55212325264741,-53.494353843045076,1.0000000000000007,2.1529201562043454,-1.6024015579059778,-179540.10641758982
