galstreams/tracks/track.st.Phlegethon.ibata2024.ecsv
# %ECSV 1.0
# ---
# datatype:
# - {name: ra, unit: deg, datatype: float64}
# - {name: dec, unit: deg, datatype: float64}
# - {name: distance, unit: kpc, datatype: float64}
# - {name: pm_ra_cosdec, unit: mas / yr, datatype: float64}
# - {name: pm_dec, unit: mas / yr, datatype: float64}
# - {name: radial_velocity, unit: km / s, datatype: float64}
# delimiter: ','
# meta: !!omap
# - __serialized_columns__:
#     dec:
#       __class__: astropy.coordinates.angles.Latitude
#       unit: &id001 !astropy.units.Unit {unit: deg}
#       value: !astropy.table.SerializedColumn {name: dec}
#     distance:
#       __class__: astropy.coordinates.distances.Distance
#       unit: !astropy.units.Unit {unit: kpc}
#       value: !astropy.table.SerializedColumn {name: distance}
#     pm_dec:
#       __class__: astropy.units.quantity.Quantity
#       unit: !astropy.units.Unit {unit: mas / yr}
#       value: !astropy.table.SerializedColumn {name: pm_dec}
#     pm_ra_cosdec:
#       __class__: astropy.units.quantity.Quantity
#       unit: !astropy.units.Unit {unit: mas / yr}
#       value: !astropy.table.SerializedColumn {name: pm_ra_cosdec}
#     ra:
#       __class__: astropy.coordinates.angles.Longitude
#       unit: *id001
#       value: !astropy.table.SerializedColumn {name: ra}
#       wrap_angle: !astropy.coordinates.Angle
#         unit: *id001
#         value: 360.0
#     radial_velocity:
#       __class__: astropy.units.quantity.Quantity
#       unit: !astropy.units.Unit {unit: km / s}
#       value: !astropy.table.SerializedColumn {name: radial_velocity}
# schema: astropy-2.0
ra,dec,distance,pm_ra_cosdec,pm_dec,radial_velocity
[from data line 1565]
316.51460736017543,-42.715880994851105,1.0000000000000009,-6.232618073514958,-34.991172069811796,131.96555530898365
316.51882532154673,-42.706326489083246,1.0000000000000007,-6.230487358454514,-34.994817752077594,131.8485483426577
316.5230415549887,-42.69677175004288,1.0000000000000009,-6.22835687327222,-34.9984607975181,131.73155403802417
316.5272560614256,-42.687216777872486,1.0000000000000009,-6.226226618215307,-35.00210120649245,131.61457239220758
316.53146884178057,-42.677661572714435,1.0000000000000009,-6.2240965935306445,-35.005738979359606,131.49760340233277
316.5356798969765,-42.668106134710875,1.000000000000001,-6.221966799464739,-35.00937411647854,131.3806470655245
316.5398892279352,-42.65855046400409,1.0000000000000009,-6.219837236263782,-35.013006618208074,131.2637033789075
316.544096835578,-42.64899456073596,1.0000000000000009,-6.21770790417357,-35.01663648490698,131.14677233960646
316.54830272082535,-42.63943842504838,1.0000000000000009,-6.2155788034395645,-35.02026371693389,131.02985394474612
316.55250688459716,-42.629882057083094,1.0000000000000009,-6.213449934306869,-35.02388831464736,130.91294819145125
316.5567093278126,-42.620325456981796,1.0000000000000009,-6.211321297020249,-35.027510278405884,130.79605507684647
316.5609100513899,-42.61076862488599,1.0000000000000009,-6.209192891824117,-35.031129608567824,130.67917459805676
316.56510905624697,-42.60121156093707,1.0000000000000009,-6.207064718962515,-35.03474630549148,130.56230675220652
316.56930634330075,-42.59165426527629,1.0000000000000009,-6.204936778679157,-35.03836036953507,130.44545153642073
316.5735019134675,-42.58209673804481,1.0000000000000009,-6.202809071217384,-35.04197180105669,130.32860894782402
316.5776957676629,-42.57253897938376,1.0000000000000009,-6.200681596820216,-35.04558060041434,130.21177898354114
316.5818879068018,-42.56298098943402,1.0000000000000009,-6.1985543557303,-35.04918676796597,130.09496164069682
316.5860783317983,-42.55342276833637,1.0000000000000009,-6.196427348189948,-35.0527903040694,129.97815691641577
316.59026704356614,-42.5438643162315,1.0000000000000009,-6.194300574441107,-35.05639120908239,129.8613648078228
316.5944540430179,-42.534305633260054,1.0000000000000009,-6.192174034725396,-35.05998948336258,129.74458531204257
316.5986393310658,-42.52474671956244,1.0000000000000009,-6.190047729284074,-35.06358512726755,129.62781842619987
316.6028229086211,-42.515187575278986,1.0000000000000007,-6.187921658358055,-35.067178141154784,129.51106414741926
316.6070047765945,-42.50562820054994,1.0000000000000007,-6.185795822187902,-35.070768525381595,129.39432247282568
316.6111849358962,-42.49606859551535,1.0000000000000009,-6.183670221013826,-35.07435628030535,129.2775933995439
316.6153633874353,-42.486508760315274,1.0000000000000009,-6.18154485507571,-35.077941406283216,129.1608769246984
316.6195401321204,-42.476948695089554,1.0000000000000009,-6.179419724613077,-35.081523903672284,129.044173045414
316.62371517085944,-42.467388399977935,1.0000000000000009,-6.17729482986511,-35.08510377282962,128.92748175881556
316.6278885045597,-42.45782787512003,1.0000000000000009,-6.175170171070633,-35.088681014112105,128.81080306202776
316.6320601341275,-42.448267120655316,1.0000000000000007,-6.1730457484681365,-35.09225562787662,128.69413695217526
316.6362300604689,-42.43870613672332,1.0000000000000009,-6.1709215622957645,-35.09582761447982,128.57748342638274
316.6403982844888,-42.429144923463234,1.0000000000000009,-6.168797612791322,-35.09939697427848,128.4608424817752
316.64456480709174,-42.41958348101425,1.0000000000000009,-6.166673900192254,-35.102963707629065,128.34421411547717
316.6487296291814,-42.41002180951539,1.0000000000000009,-6.164550424735682,-35.106527814888125,128.22759832461335
316.6528927516609,-42.40045990910557,1.0000000000000009,-6.162427186658347,-35.11008929641197,128.11099510630848
316.65705417543245,-42.39089777992367,1.0000000000000009,-6.160304186196696,-35.11364815255694,127.99440445768741
316.66121390139773,-42.38133542210836,1.0000000000000007,-6.158181423586807,-35.11720438367921,127.87782637587479
316.66537193045775,-42.37177283579821,1.0000000000000009,-6.156058899064405,-35.12075799013489,127.76126085799538
316.6695282635128,-42.36221002113163,1.0000000000000009,-6.153936612864886,-35.12430897228,127.64470790117385
316.6736829014624,-42.352646978247094,1.0000000000000009,-6.151814565223312,-35.12785733047048,127.528167502535
316.6778358452055,-42.34308370728276,1.000000000000001,-6.149692756374387,-35.13140306506216,127.41163965920357
316.68198709564024,-42.333520208376775,1.0000000000000009,-6.14757118655249,-35.1349461764108,127.29512436830429
316.68613665366416,-42.32395648166711,1.0000000000000009,-6.145449855991632,-35.13848666487202,127.1786216269618
316.69028452017415,-42.314392527291616,1.0000000000000009,-6.143328764925505,-35.1420245308014,127.0621314323009
316.6944306960662,-42.30482834538816,1.0000000000000009,-6.141207913587463,-35.145559774554435,126.94565378144634
316.69857518223586,-42.29526393609436,1.0000000000000009,-6.139087302210521,-35.14909239648648,126.8291886715229
316.70271797957787,-42.285699299547716,1.0000000000000009,-6.136966931027322,-35.152622396952836,126.71273609965506
316.7068590889864,-42.276134435885645,1.0000000000000009,-6.134846800270208,-35.156149776308716,126.59629606296782
316.7109985113547,-42.266569345245536,1.0000000000000009,-6.132726910171172,-35.159674534909215,126.47986855858578
316.7151362475756,-42.25700402776454,1.0000000000000009,-6.130607260961861,-35.16319667310937,126.36345358363381
316.71927229854094,-42.24743848357972,1.0000000000000009,-6.128487852873587,-35.1667161912641,126.2470511352365
316.72340666514225,-42.23787271282806,1.0000000000000007,-6.126368686137316,-35.170233089728235,126.13066121051862
316.72753934827017,-42.22830671564635,1.0000000000000009,-6.1242497609836795,-35.17374736885653,126.01428380660498
316.73167034881465,-42.21874049217141,1.0000000000000009,-6.122131077642992,-35.17725902900366,125.8979189206201
316.735799667665,-42.20917404253983,1.0000000000000009,-6.120012636345207,-35.18076807052416,125.78156654968892
316.7399273057098,-42.199607366888124,1.0000000000000009,-6.117894437319949,-35.18427449377254,125.66522669093618
316.744053263837,-42.19004046535265,1.0000000000000009,-6.115776480796507,-35.187778299103165,125.54889934148643
316.7481775429339,-42.180473338069646,1.0000000000000009,-6.11365876700382,-35.191279486870336,125.43258449846456
316.752300143887,-42.170905985175374,1.0000000000000009,-6.1115412961705236,-35.19477805742826,125.31628215899522
316.75642106758227,-42.16133840680585,1.0000000000000009,-6.109424068524893,-35.19827401113105,125.19999232020318
316.76054031490486,-42.151770603096985,1.000000000000001,-6.107307084294861,-35.20176734833272,125.0837149792132
316.7646578867394,-42.1422025741846,1.0000000000000009,-6.105190343708053,-35.20525806938722,124.9674501331499
316.7687737839697,-42.13263432020436,1.0000000000000009,-6.103073846991732,-35.2087461746484,124.85119777913815
316.77288800747897,-42.12306584129195,1.0000000000000009,-6.100957594372851,-35.21223166446997,124.7349579143026
316.7770005581497,-42.113497137582804,1.0000000000000007,-6.098841586078011,-35.21571453920563,124.61873053576798
316.7811114368638,-42.103928209212285,1.0000000000000009,-6.096725822333486,-35.219194799208935,124.50251564065908
316.7852206445024,-42.094359056315575,1.0000000000000009,-6.094610303365213,-35.222672444833385,124.38631322610055
316.7893281819459,-42.08478967902794,1.0000000000000009,-6.092495029398813,-35.22614747643234,124.27012328921715
316.79343405007427,-42.075220077484346,1.0000000000000009,-6.09038000065955,-35.22961989435913,124.15394582713371
316.7975382497666,-42.065650251819704,1.0000000000000009,-6.088265217372367,-35.23308969896694,124.03778083697479
316.80164078190126,-42.0560802021688,1.0000000000000009,-6.086150679761884,-35.23655689060892,123.92162831586535
316.80574164735623,-42.04650992866628,1.0000000000000009,-6.084036388052369,-35.24002146963807,123.80548826092979
316.8098408470085,-42.036939431446804,1.0000000000000009,-6.081922342467781,-35.24348343640734,123.68936066929311
316.8139383817346,-42.027368710644815,1.0000000000000007,-6.0798085432317315,-35.246942791269575,123.57324553807992
316.8180342524103,-42.01779776639462,1.0000000000000009,-6.077694990567508,-35.25039953457753,123.45714286441506
316.8221284599107,-42.00822659883042,1.0000000000000009,-6.075581684698062,-35.253853666683895,123.34105264542322
316.8262210051103,-41.99865520808644,1.0000000000000009,-6.073468625846029,-35.25730518794121,123.22497487822909
316.8303118888828,-41.98908359429663,1.0000000000000009,-6.071355814233703,-35.26075409870199,123.10890955995734
316.83440111210143,-41.9795117575949,1.0000000000000009,-6.069243250083045,-35.26420039931861,122.99285668773283
316.8384886756386,-41.96993969811503,1.0000000000000007,-6.067130933615705,-35.26764409014343,122.8768162586803
316.84257458036603,-41.960367415990625,1.0000000000000009,-6.065018865052967,-35.271085171528576,122.76078826992438
316.8466588271549,-41.95079491135535,1.0000000000000009,-6.062907044615838,-35.27452364382624,122.64477271858986
316.8507414168756,-41.941222184342635,1.0000000000000009,-6.060795472524967,-35.277959507388445,122.52876960180137
316.85482235039797,-41.93164923508578,1.0000000000000009,-6.058684149000672,-35.281392762567144,122.41277891668388
316.8589016285911,-41.92207606371803,1.0000000000000009,-6.056573074262949,-35.28482340971417,122.29680066036188
316.86297925232356,-41.91250267037243,1.0000000000000009,-6.0544622485314585,-35.288251449181296,122.18083482996015
316.86705522246297,-41.902929055182106,1.0000000000000009,-6.052351672025571,-35.29167688132021,122.0648814226035
316.8711295398765,-41.89335521827988,1.0000000000000009,-6.050241344964288,-35.29509970648248,121.94894043541672
316.8752022054307,-41.883781159798545,1.0000000000000009,-6.048131267566301,-35.298519925019605,121.83301186552437
316.8792732199914,-41.874206879870705,1.0000000000000009,-6.046021440049961,-35.30193753728299,121.71709571005125
316.8833425844236,-41.86463237862901,1.000000000000001,-6.043911862633329,-35.305352543623954,121.60119196612207
316.88741029959186,-41.855057656205894,1.0000000000000007,-6.041802535534118,-35.30876494439373,121.48530063086169
316.89147636636,-41.845482712733634,1.0000000000000009,-6.039693458969701,-35.31217473994342,121.36942170139473
316.89554078559127,-41.8359075483445,1.0000000000000009,-6.037584633157151,-35.315581930624106,121.25355517484587
316.8996035581481,-41.82633216317054,1.0000000000000009,-6.0354760583132,-35.3189865167867,121.13770104833999
316.9036646848923,-41.816756557343844,1.0000000000000009,-6.033367734654276,-35.32238849878212,121.02185931900165
316.90772416668517,-41.80718073099626,1.0000000000000009,-6.031259662396463,-35.3257878769611,120.90602998395565
316.91178200438713,-41.79760468425958,1.0000000000000009,-6.029151841755539,-35.32918465167433,120.79021304032685
316.9158381988582,-41.78802841726547,1.0000000000000009,-6.0270442729469345,-35.33257882327241,120.67440848523981
316.91989275095744,-41.778451930145415,1.0000000000000009,-6.024936956185777,-35.335970392105835,120.55861631581925
316.9239456615434,-41.76887522303102,1.0000000000000009,-6.022829891686879,-35.33935935852504,120.44283652919015
316.92799693147424,-41.759298296053515,1.0000000000000009,-6.020723079664708,-35.34274572288033,120.32706912247697
316.932046561607,-41.749721149344154,1.0000000000000009,-6.018616520333418,-35.34612948552194,120.21131409280449
316.93609455279835,-41.74014378303402,1.0000000000000009,-6.016510213906844,-35.34951064680005,120.09557143729762
316.9401409059043,-41.730566197254205,1.0000000000000009,-6.014404160598504,-35.352889207064656,119.97984115308084
316.94418562178,-41.720988392135574,1.0000000000000009,-6.012298360621593,-35.35626516666575,119.86412323727909
316.9482287012802,-41.7114103678089,1.0000000000000009,-6.010192814188978,-35.35963852595322,119.74841768701702
316.95227014525886,-41.70183212440487,1.000000000000001,-6.008087521513208,-35.36300928527683,119.63272449941933
316.9563099545694,-41.692253662054014,1.0000000000000009,-6.005982482806511,-35.366377444986284,119.51704367161078
316.9603481300644,-41.68267498088689,1.0000000000000009,-6.003877698280813,-35.36974300543119,119.4013752007161
316.96438467259594,-41.67309608103378,1.0000000000000009,-6.001773168147701,-35.37310596696105,119.28571908386002
316.9684195830154,-41.66351696262495,1.0000000000000009,-5.999668892618444,-35.376466329925314,119.17007531816722
316.9724528621736,-41.65393762579048,1.0000000000000009,-5.997564871903988,-35.37982409467329,119.05444390076258
316.97648451092056,-41.64435807066051,1.000000000000001,-5.995461106214991,-35.38317926155423,118.93882482877075
316.9805145301058,-41.634778297364875,1.000000000000001,-5.993357595761752,-35.38653183091731,118.8232180993164
316.98454292057795,-41.62519830603341,1.0000000000000007,-5.991254340754289,-35.38988180311159,118.70762370952431
316.9885696831854,-41.61561809679579,1.0000000000000009,-5.989151341402263,-35.39322917848603,118.59204165651921
316.99259481877544,-41.606037669781564,1.0000000000000009,-5.987048597915049,-35.396573957389535,118.47647193742588
316.9966183281951,-41.59645702512033,1.0000000000000009,-5.9849461105016974,-35.39991614017089,118.360914549369
317.0006402122905,-41.58687616294139,1.0000000000000009,-5.982843879370943,-35.4032557271788,118.24536948947322
317.00466047190724,-41.57729508337402,1.0000000000000007,-5.980741904731193,-35.406592718761914,118.12983675486338
317.00867910789026,-41.56771378654737,1.000000000000001,-5.978640186790549,-35.409927115268715,118.0143163426643
317.0126961210838,-41.55813227259044,1.0000000000000009,-5.9765387257567895,-35.41325891704769,117.89880825000057
317.01671151233154,-41.54855054163227,1.0000000000000009,-5.974437521837395,-35.41658812444714,117.78331247399684
317.02072528247646,-41.538968593801656,1.0000000000000009,-5.972336575239512,-35.419914737815354,117.66782901177808
317.024737432361,-41.5293864292273,1.0000000000000007,-5.970235886169972,-35.42323875750051,117.5523578604688
317.02874796282674,-41.51980404803782,1.0000000000000009,-5.968135454835307,-35.42656018385067,117.4368990171939
317.03275687471483,-41.510221450361676,1.0000000000000007,-5.966035281441719,-35.429879017213835,117.321452479078
317.0367641688657,-41.5006386363274,1.0000000000000007,-5.963935366195112,-35.433195257937896,117.20601824324595
317.04076984611913,-41.491055606063185,1.0000000000000009,-5.961835709301064,-35.43650890637066,117.09059630682232
317.04477390731427,-41.48147235969726,1.000000000000001,-5.959736310964838,-35.43981996285986,116.97518666693195
317.0487763532897,-41.47188889735764,1.0000000000000007,-5.95763717139139,-35.44312842775316,116.85978932069956
317.0527771848832,-41.46230521917237,1.0000000000000009,-5.955538290785376,-35.44643430139803,116.74440426524988
317.0567764029321,-41.4527213252693,1.0000000000000009,-5.953439669351112,-35.449737584142014,116.6290314977076
317.0607740082729,-41.44313721577619,1.0000000000000009,-5.951341307292621,-35.45303827633241,116.51367101519752
317.06477000174175,-41.43355289082064,1.0000000000000009,-5.949243204813607,-35.45633637831653,116.3983228148443
317.0687643841738,-41.423968350530195,1.0000000000000009,-5.94714536211746,-35.45963189044152,116.28298689377274
317.0727571564038,-41.41438359503237,1.0000000000000007,-5.945047779407282,-35.46292481305454,116.16766324910745
317.07674831926573,-41.40479862445445,1.0000000000000009,-5.942950456885829,-35.46621514650253,116.0523518779734
317.0807378735932,-41.395213438923655,1.0000000000000009,-5.940853394755566,-35.469502891132436,115.93705277749503
317.084725820219,-41.38562803856704,1.0000000000000007,-5.9387565932186375,-35.47278804729112,115.82176594479725
