galstreams/tracks/track.st.LMS-1.malhan2021.ecsv
# %ECSV 1.0
# ---
# datatype:
# - {name: ra, unit: deg, datatype: float64}
# - {name: dec, unit: deg, datatype: float64}
# - {name: distance, unit: kpc, datatype: float64}
# - {name: pm_ra_cosdec, unit: mas / yr, datatype: float64}
# - {name: pm_dec, unit: mas / yr, datatype: float64}
# - {name: radial_velocity, unit: km / s, datatype: float64}
# delimiter: ','
# meta: !!omap
# - __serialized_columns__:
#     dec:
#       __class__: astropy.coordinates.angles.Latitude
#       unit: &id001 !astropy.units.Unit {unit: deg}
#       value: !astropy.table.SerializedColumn {name: dec}
#     distance:
#       __class__: astropy.coordinates.distances.Distance
#       unit: !astropy.units.Unit {unit: kpc}
#       value: !astropy.table.SerializedColumn {name: distance}
#     pm_dec:
#       __class__: astropy.units.quantity.Quantity
#       unit: !astropy.units.Unit {unit: mas / yr}
#       value: !astropy.table.SerializedColumn {name: pm_dec}
#     pm_ra_cosdec:
#       __class__: astropy.units.quantity.Quantity
#       unit: !astropy.units.Unit {unit: mas / yr}
#       value: !astropy.table.SerializedColumn {name: pm_ra_cosdec}
#     ra:
#       __class__: astropy.coordinates.angles.Longitude
#       unit: *id001
#       value: !astropy.table.SerializedColumn {name: ra}
#       wrap_angle: !astropy.coordinates.Angle
#         unit: *id001
#         value: 360.0
#     radial_velocity:
#       __class__: astropy.units.quantity.Quantity
#       unit: !astropy.units.Unit {unit: km / s}
#       value: !astropy.table.SerializedColumn {name: radial_velocity}
# schema: astropy-2.0
ra,dec,distance,pm_ra_cosdec,pm_dec,radial_velocity
[from data line 2278]
215.9576327984682,25.961619123261805,18.999999999999996,-0.0799454295580373,-1.2963238518603535,-81.13984854264802
215.96784412282256,25.965901018883862,18.999999999999996,-0.07967327393639367,-1.2964351990927998,-81.18266592040746
215.97805675294714,25.970181052392558,18.999999999999996,-0.07940115289067776,-1.2965464980778891,-81.22543649136207
215.98827068965974,25.97445922147548,18.999999999999996,-0.07912906643652368,-1.2966577491194542,-81.26816026695558
215.99848593377706,25.978735523820603,19.0,-0.07885701458953408,-1.2967689525217965,-81.31083725869597
216.0087024861145,25.983009957116266,18.999999999999996,-0.07858499736528118,-1.2968801085896877,-81.35346747815528
216.01892034748624,25.987282519051202,18.999999999999996,-0.07831301477930731,-1.2969912176283664,-81.39605093696987
216.02913951870534,25.991553207314524,18.999999999999996,-0.07804106684712397,-1.2971022799435374,-81.43858764684025
216.03936000058368,25.995822019595792,18.999999999999996,-0.07776915358421631,-1.2972132958413687,-81.48107761953106
216.04958179393185,26.00008895358492,18.999999999999996,-0.07749727500603772,-1.2973242656284931,-81.52352086687107
216.05980489955925,26.00435400697225,18.999999999999996,-0.07722543112801505,-1.297435189612003,-81.56591740075307
216.070029318274,26.008617177448553,19.0,-0.07695362196554728,-1.2975460680994504,-81.60826723313414
216.08025505088312,26.012878462705007,18.999999999999996,-0.0766818475340057,-1.2976569013988466,-81.65057037603513
216.09048209819233,26.017137860433227,19.0,-0.0764101078487352,-1.2977676898186574,-81.69282684154116
216.1007104610061,26.021395368325294,19.0,-0.07613840292505471,-1.297878433667805,-81.73503664180132
216.11094014012767,26.02565098407367,18.999999999999996,-0.07586673277825724,-1.297989133255666,-81.77719978902853
216.12117113635918,26.029904705371344,19.0,-0.07559509742360923,-1.298099788892065,-81.81931629549987
216.13140345050132,26.03415652991169,18.999999999999996,-0.07532349687635491,-1.298210400887281,-81.86138617355624
216.14163708335366,26.038406455388586,18.999999999999996,-0.07505193115171185,-1.29832096955204,-81.90340943560248
216.15187203571452,26.042654479496374,18.999999999999996,-0.07478040026487486,-1.2984314951975136,-81.94538609410742
216.16210830838094,26.046900599929867,19.0,-0.07450890423101489,-1.2985419781353218,-81.98731616160363
216.1723459021487,26.051144814384347,19.0,-0.0742374430652804,-1.2986524186775272,-82.02919965068764
216.18258481781234,26.0553871205556,18.999999999999996,-0.07396601678279713,-1.298762817136635,-82.07103657401967
216.19282505616513,26.0596275161399,19.0,-0.0736946253986693,-1.2988731738255905,-82.11282694432396
216.20306661799907,26.063865998834032,18.999999999999996,-0.07342326892797897,-1.2989834890577796,-82.15457077438833
216.21330950410493,26.06810256633526,19.0,-0.0731519473857876,-1.299093763147025,-82.19626807706443
216.22355371527215,26.072337216341396,18.999999999999996,-0.07288066078713633,-1.2992039964075863,-82.23791886526777
216.23379925228892,26.07656994655073,19.0,-0.07260940914704556,-1.2993141891541566,-82.27952315197736
216.24404611594213,26.080800754662114,18.999999999999996,-0.0723381924805169,-1.2994243417018645,-82.321080950236
216.25429430701743,26.085029638374923,18.999999999999996,-0.07206701080253232,-1.2995344543662675,-82.3625922731503
216.26454382629916,26.089256595389045,18.999999999999996,-0.0717958641280551,-1.299644527463354,-82.40405713389025
216.27479467457033,26.09348162340494,18.999999999999996,-0.07152475247203109,-1.2997545613095405,-82.4454755456896
216.28504685261277,26.097704720123627,18.999999999999996,-0.07125367584938708,-1.2998645562216715,-82.48684752184585
216.2953003612068,26.101925883246636,19.0,-0.07098263427503414,-1.299974512517015,-82.52817307571979
216.3055552011317,26.106145110476113,18.999999999999996,-0.07071162776386587,-1.3000844305132646,-82.56945222073595
216.31581137316527,26.110362399514738,18.999999999999996,-0.0704406563307592,-1.3001943105285334,-82.61068497038244
216.32606887808404,26.114577748065777,18.999999999999996,-0.07016971999057568,-1.3003041528813586,-82.65187133821064
216.33632771666325,26.118791153833087,18.999999999999996,-0.06989881875816144,-1.3004139578906926,-82.69301133783574
216.3465878896768,26.123002614521095,18.999999999999996,-0.06962795264834808,-1.300523725875908,-82.73410498293612
216.3568493978973,26.127212127834834,18.999999999999996,-0.06935712167595193,-1.300633457156792,-82.77515228725369
216.367112242096,26.13141969147994,18.999999999999996,-0.06908632585577593,-1.3007431520535473,-82.81615326459391
216.37737642304285,26.13562530316265,18.999999999999996,-0.06881556520260959,-1.300852810886787,-82.85710792882549
216.38764194150644,26.139828960589824,19.0,-0.06854483973122882,-1.3009624339775374,-82.89801629388049
216.39790879825406,26.14403066146893,18.999999999999996,-0.06827414945639786,-1.3010720216472347,-82.93887837375453
216.40817699405167,26.148230403508066,18.999999999999996,-0.06800349439286818,-1.3011815742177208,-82.9796941825063
216.41844652966384,26.152428184415964,19.0,-0.06773287455537944,-1.301291092011246,-83.02046373425794
216.42871740585386,26.156624001901996,19.0,-0.06746228995866056,-1.3014005753504652,-83.06118704319493
216.4389896233836,26.160817853676182,18.999999999999996,-0.06719174061742983,-1.3015100245584368,-83.10186412356582
216.44926318301364,26.165009737449182,18.999999999999996,-0.06692122654639471,-1.3016194399586196,-83.14249498968259
216.45953808550317,26.169199650932324,18.999999999999996,-0.06665074776025355,-1.3017288218748746,-83.18307965592037
216.46981433161002,26.173387591837596,18.999999999999996,-0.06638030427369511,-1.301838170631459,-83.22361813671742
216.4800919220907,26.177573557877665,19.0,-0.06610989610139854,-1.3019474865530292,-83.26411044657527
216.49037085770027,26.181757546765834,18.999999999999996,-0.06583952325803515,-1.3020567699646366,-83.3045566000585
216.50065113919254,26.185939556216166,18.999999999999996,-0.06556918575826937,-1.302166021191726,-83.34495661179494
216.5109327673199,26.190119583943346,19.0,-0.06529888361675602,-1.3022752405601343,-83.38531049647538
216.52121574283328,26.19429762766281,18.999999999999996,-0.06502861684814489,-1.3023844283960904,-83.42561826885384
216.53150006648235,26.19847368509062,19.0,-0.06475838546707743,-1.3024935850262114,-83.46587994374727
216.5417857390153,26.202647753943623,19.0,-0.06448818948818988,-1.3026027107775016,-83.50609553603573
216.55207276117898,26.206819831939324,19.0,-0.06421802892611302,-1.302711805977353,-83.5462650606622
216.5623611337189,26.21098991679599,18.999999999999996,-0.06394790379547115,-1.3028208709535412,-83.5863885326328
216.57265085737907,26.215158006232596,19.0,-0.06367781411088536,-1.302929906034224,-83.62646596701646
216.58294193290217,26.219324097968855,19.0,-0.06340775988697177,-1.303038911547941,-83.66649737894522
216.59323436102946,26.22348818972522,18.999999999999996,-0.0631377411383424,-1.3031478878236131,-83.70648278361391
216.60352814250086,26.22765027922288,18.999999999999996,-0.06286775787960563,-1.3032568351905374,-83.74642219628022
216.61382327805472,26.231810364183794,18.999999999999996,-0.06259781012536764,-1.3033657539783878,-83.78631563226492
216.62411976842816,26.23596844233068,18.999999999999996,-0.062327897890231715,-1.3034746445172143,-83.82616310695146
216.63441761435675,26.240124511387,18.999999999999996,-0.062058021188798884,-1.3035835071374404,-83.86596463578613
216.64471681657477,26.244278569077014,18.999999999999996,-0.06178818003566887,-1.3036923421698607,-83.90572023427812
216.65501737581496,26.248430613125734,19.0,-0.06151837444543984,-1.3038011499456403,-83.94542991799933
216.66531929280868,26.25258064125899,18.999999999999996,-0.0612486044327097,-1.303909930796314,-83.98509370258444
216.67562256828586,26.256728651203357,19.0,-0.06097887001207594,-1.3040186850537816,-84.02471160373086
216.68592720297505,26.26087464068626,18.999999999999996,-0.06070917119813568,-1.3041274130503118,-84.06428363719877
216.69623319760325,26.26501860743589,18.999999999999996,-0.06043950800548764,-1.3042361151185349,-84.10380981881097
216.70654055289614,26.26916054918127,18.999999999999996,-0.0601698804487306,-1.3043447915914437,-84.14329016445303
216.71684926957786,26.273300463652212,18.999999999999996,-0.05990028854246576,-1.3044534428023928,-84.18272469007306
216.7271593483712,26.277438348579388,19.0,-0.05963073230129547,-1.3045620690850968,-84.22211341168187
216.7374707899974,26.281574201694255,18.999999999999996,-0.05936121173982527,-1.3046706707736269,-84.26145634535281
216.7477835951763,26.285708020729146,19.0,-0.05909172687266254,-1.3047792482024099,-84.30075350722183
216.75809776462629,26.289839803417212,18.999999999999996,-0.058822277714418766,-1.304887801706229,-84.34000491348758
216.76841329906432,26.293969547492466,19.0,-0.05855286427970939,-1.304996331620219,-84.37921058041098
216.7787301992058,26.29809725068977,19.0,-0.058283486583152924,-1.305104838279867,-84.41837052431572
216.7890484657647,26.302222910744838,18.999999999999996,-0.05801414463937293,-1.30521332202101,-84.4574847615878
216.7993680994536,26.30634652539426,18.999999999999993,-0.05774483846299917,-1.305321783179832,-84.49655330867574
216.8096891009835,26.31046809237551,18.999999999999996,-0.0574755680686649,-1.305430222092866,-84.53557618209062
216.820011471064,26.31458760942692,18.999999999999993,-0.05720633347101098,-1.3055386390969872,-84.57455339840575
216.83033521040312,26.31870507428772,18.999999999999996,-0.05693713468468384,-1.305647034529417,-84.61348497425699
216.84066031970752,26.322820484698042,18.999999999999996,-0.0566679717243361,-1.3057554087277181,-84.65237092634248
216.85098679968232,26.326933838398908,18.999999999999996,-0.05639884460462993,-1.3058637620297928,-84.69121127142279
216.86131465103114,26.33104513313223,18.999999999999996,-0.05612975334023197,-1.305972094773884,-84.73000602632075
216.87164387445603,26.335154366640854,18.999999999999996,-0.055860697945819826,-1.306080407298569,-84.76875520792153
216.88197447065772,26.339261536668545,18.999999999999996,-0.05559167843607814,-1.3061886999427634,-84.80745883317265
216.89230644033532,26.34336664095999,19.0,-0.05532269482570036,-1.3062969730457157,-84.84611691908378
216.9026397841864,26.347469677260765,18.999999999999993,-0.05505374712938975,-1.3064052269470081,-84.88472948272691
216.9129745029071,26.35157064331747,18.999999999999996,-0.05478483536186056,-1.306513461986552,-84.92329654123618
216.9233105971921,26.35566953687759,18.999999999999996,-0.054515959537835695,-1.3066216785045888,-84.96181811180807
216.93364806773442,26.359766355689565,18.999999999999993,-0.05424711967204937,-1.3067298768416895,-85.00029421170103
216.94398691522565,26.363861097502777,19.0,-0.05397831577924714,-1.306838057338748,-85.03872485823581
216.95432714035582,26.367953760067625,18.999999999999996,-0.05370954787418582,-1.306946220336986,-85.07711006879525
216.96466874381346,26.372044341135425,18.999999999999993,-0.05344081597163432,-1.3070543661779466,-85.11544986082421
216.9750117262856,26.376132838458485,19.0,-0.05317212008637412,-1.3071624952034937,-85.15374425182982
216.98535608845768,26.380219249790105,18.999999999999996,-0.052903460233199626,-1.3072706077558138,-85.19199325938104
216.9957018310136,26.384303572884576,18.999999999999993,-0.0526348364269182,-1.307378704177409,-85.2301969011091
217.00604895463582,26.388385805497165,18.999999999999996,-0.05236624868235111,-1.3074867848110985,-85.26835519470704
217.01639746000512,26.392465945384156,18.999999999999996,-0.05209769701433435,-1.3075948500000192,-85.30646815793004
217.02674734780084,26.39654399030283,18.999999999999993,-0.051829181437717364,-1.3077029000876181,-85.34453580859511
217.0370986187007,26.400619938011495,18.999999999999996,-0.05156070196736527,-1.3078109354176568,-85.38255816458134
217.04745127338094,26.40469378626947,19.0,-0.05129225861815896,-1.307918956334205,-85.42053524382969
217.0578053125162,26.4087655328371,18.999999999999996,-0.051023851404994464,-1.3080269631816446,-85.45846706434297
217.06816073677956,26.412835175475784,19.0,-0.05075548034278479,-1.3081349563046607,-85.49635364418597
217.0785175468425,26.416902711947934,19.0,-0.05048714544645881,-1.308242936048247,-85.53419500148524
217.08887574337504,26.420968140017013,18.999999999999996,-0.05021884673096336,-1.3083509027577012,-85.57199115442923
217.0992353270456,26.425031457447552,18.999999999999996,-0.04995058421126235,-1.3084588567786213,-85.60974212126813
217.10959629852087,26.429092662005136,19.0,-0.04968235790233781,-1.3085667984569074,-85.647447920314
217.1199586584662,26.43315175145641,19.0,-0.04941416781918999,-1.3086747281387603,-85.68510856994062
217.1303224075452,26.437208723569096,18.999999999999996,-0.04914601397683875,-1.3087826461706773,-85.72272408858349
217.14068754641997,26.44126357611199,18.999999999999996,-0.0488778963903216,-1.3088905528994512,-85.76029449473988
217.151054075751,26.445316306854973,19.0,-0.048609815074697596,-1.3089984486721702,-85.7978198069687
217.1614219961972,26.449366913569033,18.999999999999996,-0.04834177004504461,-1.3091063338362163,-85.83530004389065
217.1717913084159,26.45341539402622,18.999999999999996,-0.04807376131646081,-1.309214208739261,-85.87273522418786
217.18216201306274,26.457461745999737,19.0,-0.04780578890406678,-1.3093220737292672,-85.91012536660432
217.19253411079188,26.46150596726385,18.999999999999996,-0.04753785282300288,-1.3094299291544862,-85.94747048994554
217.20290760225583,26.46554805559398,19.0,-0.047269953088431835,-1.309537775363454,-85.98477061307852
217.21328248810553,26.46958800876666,18.999999999999996,-0.047002089715538375,-1.3096456127049942,-86.02202575493192
217.22365876899022,26.473625824559523,18.999999999999996,-0.04673426271953071,-1.3097534415282122,-86.059235934496
217.23403644555762,26.477661500751395,18.999999999999996,-0.046466472115638466,-1.309861262182495,-86.09640117082238
217.2444155184538,26.481695035122197,18.999999999999996,-0.046198717919115645,-1.3099690750175121,-86.13352148302431
217.25479598832317,26.485726425453024,18.999999999999993,-0.04593100014523997,-1.3100768803832101,-86.1705968902764
217.2651778558086,26.489755669526115,18.99999999999999,-0.04566331880931378,-1.3101846786298121,-86.2076274118147
217.27556112155128,26.49378276512488,18.999999999999996,-0.045395673926662564,-1.3102924701078178,-86.24461306693688
217.28594578619078,26.497807710033896,18.999999999999996,-0.04512806551263909,-1.3104002551680016,-86.28155387500173
217.29633185036502,26.50183050203891,18.999999999999993,-0.04486049358261966,-1.310508034161409,-86.31844985542965
217.30671931471034,26.505851138926847,18.999999999999996,-0.044592958152007145,-1.3106158074393566,-86.35530102770224
217.31710817986135,26.509869618485844,18.999999999999996,-0.04432545923623124,-1.31072357535343,-86.39210741136252
217.32749844645113,26.51388593850521,19.0,-0.04405799685074749,-1.3108313382554828,-86.42886902601488
217.337890115111,26.517900096775453,18.999999999999996,-0.043790571011038934,-1.3109390964976357,-86.46558589132478
217.34828318647072,26.521912091088293,19.0,-0.04352318173261652,-1.3110468504322716,-86.50225802701915
217.35867766115837,26.525921919236687,18.999999999999996,-0.043255829031018,-1.311154600412038,-86.5388854528861
217.36907353980035,26.529929579014773,18.999999999999996,-0.042988512921810385,-1.3112623467898428,-86.57546818877495
217.37947082302136,26.533935068217918,19.0,-0.042721233420588756,-1.3113700899188536,-86.61200625459617
217.38986951144463,26.5379383846428,18.999999999999996,-0.04245399054297884,-1.311477830152497,-86.64849967032153
217.4002696056915,26.541939526087226,18.999999999999993,-0.042186784304634364,-1.311585567844455,-86.68494845598384
217.41067110638178,26.545938490350327,18.999999999999996,-0.04191961472123833,-1.3116933033486649,-86.72135263167708
