galstreams/tracks/track.st.Gaia-6.ibata2021.ecsv
# %ECSV 0.9
# ---
# datatype:
# - {name: ra, unit: deg, datatype: float64}
# - {name: dec, unit: deg, datatype: float64}
# - {name: distance, unit: kpc, datatype: float64}
# - {name: pm_ra_cosdec, unit: mas / yr, datatype: float64}
# - {name: pm_dec, unit: mas / yr, datatype: float64}
# - {name: radial_velocity, unit: km / s, datatype: float64}
# delimiter: ','
# meta: !!omap
# - __serialized_columns__:
#     dec:
#       __class__: astropy.coordinates.angles.Latitude
#       unit: &id001 !astropy.units.Unit {unit: deg}
#       value: !astropy.table.SerializedColumn {name: dec}
#     distance:
#       __class__: astropy.coordinates.distances.Distance
#       unit: !astropy.units.Unit {unit: kpc}
#       value: !astropy.table.SerializedColumn {name: distance}
#     pm_dec:
#       __class__: astropy.units.quantity.Quantity
#       unit: !astropy.units.Unit {unit: mas / yr}
#       value: !astropy.table.SerializedColumn {name: pm_dec}
#     pm_ra_cosdec:
#       __class__: astropy.units.quantity.Quantity
#       unit: !astropy.units.Unit {unit: mas / yr}
#       value: !astropy.table.SerializedColumn {name: pm_ra_cosdec}
#     ra:
#       __class__: astropy.coordinates.angles.Longitude
#       unit: *id001
#       value: !astropy.table.SerializedColumn {name: ra}
#       wrap_angle: !astropy.coordinates.Angle
#         unit: *id001
#         value: 360.0
#     radial_velocity:
#       __class__: astropy.units.quantity.Quantity
#       unit: !astropy.units.Unit {unit: km / s}
#       value: !astropy.table.SerializedColumn {name: radial_velocity}
# schema: astropy-2.0
ra,dec,distance,pm_ra_cosdec,pm_dec,radial_velocity
[from data line 971]
213.15117049753934,31.934746458284195,8.121556959169594,-8.386140976789463,-8.182421328335536,1.0104920555846805e-13
213.16009114224502,31.94127879129302,8.122147511474127,-8.385818467339801,-8.179834778423087,6.73661370389787e-14
213.1690129964835,31.947810558344646,8.122739952412756,-8.385495541393247,-8.177247503164974,2.1893994537668078e-13
213.1779360618559,31.954341758008848,8.123334281400147,-8.385172195149437,-8.174659502978038,1.1789073981821273e-13
213.18686033996332,31.96087238885497,8.12393049785098,-8.384848424807949,-8.17207077828034,8.420767129872338e-14
213.19578583240656,31.96740244945185,8.124528601179925,-8.38452422656832,-8.169481329491228,1.347322740779574e-13
213.20471254078655,31.973931938368036,8.125128590801653,-8.384199596630047,-8.16689115703127,2.020984111169361e-13
213.21364046670402,31.980460854171604,8.125730466130843,-8.383874531192568,-8.164300261322285,1.347322740779574e-13
213.22256961175964,31.986989195430237,8.126334226582166,-8.383549026455281,-8.161708642787351,1.1789073981821273e-13
213.231499977554,31.99351696071117,8.126939871570292,-8.383223078617545,-8.159116301850794,1.1789073981821273e-13
213.24043156568763,32.00004414858131,8.127547400509897,-8.382896683878663,-8.156523238938185,1.0104920555846805e-13
213.24936437776074,32.006570757606994,8.128156812815655,-8.382569838437883,-8.153929454476366,2.694645481559148e-13
213.25829841537376,32.01309678635428,8.12876810790224,-8.382242538494427,-8.15133494889341,2.020984111169361e-13
213.26723368012685,32.019622233388745,8.129381285184325,-8.38191478024746,-8.148739722618664,1.1789073981821273e-13
213.2761701736201,32.026147097275576,8.129996344076579,-8.381586559896101,-8.146143776082729,2.694645481559148e-13
213.28510789745357,32.032671376579565,8.130613283993679,-8.381257873639429,-8.143547109717455,1.347322740779574e-13
213.29404685322714,32.03919506986506,8.131232104350298,-8.380928717676474,-8.140949723955957,1.515738083377021e-13
213.30298704254054,32.04571817569594,8.13185280456111,-8.380599088206207,-8.138351619232623,2.020984111169361e-13
213.3119284669936,32.052240692635756,8.132475384040786,-8.38026898142758,-8.135752795983077,1.1789073981821273e-13
213.3208711281859,32.05876261924759,8.133099842203999,-8.379938393539478,-8.133153254644224,1.6841534259744677e-13
213.32981502771693,32.065283954094134,8.133726178465428,-8.37960732074075,-8.13055299565423,2.1893994537668078e-13
213.33876016718617,32.07180469573766,8.134354392239741,-8.379275759230197,-8.127952019452518,1.8525687685719145e-13
213.34770654819295,32.078324842740045,8.134984482941613,-8.378943705206579,-8.125350326479783,2.020984111169361e-13
213.35665417233642,32.084844393662635,8.135616449985712,-8.378611154868608,-8.122747917177998,2.020984111169361e-13
213.3656030412158,32.09136334706649,8.136250292786722,-8.378278104414944,-8.12014479199038,1.8525687685719145e-13
213.37455315643004,32.097881701512215,8.136886010759309,-8.377944550044212,-8.117540951361441,1.1789073981821273e-13
213.38350451957808,32.10439945555995,8.137523603318147,-8.37761048795499,-8.114936395736944,1.515738083377021e-13
213.39245713225876,32.11091660776948,8.138163069877908,-8.377275914345816,-8.112331125563937,1.8525687685719145e-13
213.4014109960709,32.117433156700166,8.138804409853273,-8.376940825415172,-8.109725141290728,2.1893994537668078e-13
213.41036611261293,32.12394910091087,8.139447622658903,-8.3766052173615,-8.10711844336692,1.515738083377021e-13
213.41932248348348,32.130464438960104,8.140092707709481,-8.376269086383205,-8.104511032243373,1.6841534259744677e-13
213.42828011028098,32.13697916940596,8.14073966441968,-8.375932428678638,-8.101902908372224,1.6841534259744677e-13
213.4372389946037,32.1434932908061,8.141388492204166,-8.375595240446117,-8.099294072206906,1.1789073981821273e-13
213.4461991380499,32.150006801717794,8.14203919047762,-8.3752575178839,-8.0966845242021,3.368306851948935e-14
213.4551605422176,32.15651970069781,8.142691758654712,-8.374919257190216,-8.094074264813802,1.515738083377021e-13
213.46412320870485,32.163031986302556,8.143346196150118,-8.374580454563239,-8.09146329449927,2.020984111169361e-13
213.47308713910954,32.16954365708803,8.144002502378505,-8.374241106201119,-8.088851613717043,6.73661370389787e-14
213.48205233502944,32.17605471160978,8.144660676754551,-8.37390120830193,-8.086239222926954,2.5262301389617017e-13
213.49101879806224,32.18256514842296,8.145320718692927,-8.37356075706374,-8.083626122590111,1.8525687685719145e-13
213.4999865298055,32.18907496608228,8.14598262760831,-8.373219748684537,-8.081012313168909,2.020984111169361e-13
213.50895553185683,32.19558416314207,8.14664640291537,-8.372878179362306,-8.078397795127028,1.347322740779574e-13
213.51792580581335,32.20209273815614,8.147312044028782,-8.372536045294945,-8.075782568929462,2.1893994537668078e-13
213.52689735327243,32.20860068967797,8.147979550363218,-8.37219334268034,-8.073166635042455,1.6841534259744677e-13
213.53587017583118,32.215108016260594,8.148648921333354,-8.37185006771632,-8.070549993933572,1.8525687685719145e-13
213.54484427508666,32.22161471645662,8.149320156353857,-8.371506216600686,-8.067932646071652,1.347322740779574e-13
213.5538196526358,32.22812078881828,8.149993254839409,-8.371161785531188,-8.065314591926837,1.347322740779574e-13
213.56279631007536,32.234626231897245,8.15066821620468,-8.370816770705513,-8.062695831970554,1.6841534259744677e-13
213.57177424900206,32.24113104424491,8.151345039864335,-8.370471168321348,-8.060076366675553,2.1893994537668078e-13
213.58075347101249,32.2476352244122,8.152023725233061,-8.370124974576298,-8.057456196515835,1.347322740779574e-13
213.5897339777031,32.25413877094958,8.152704271725524,-8.369778185667949,-8.054835321966735,1.8525687685719145e-13
213.59871577067028,32.26064168240716,8.153386678756394,-8.369430797793845,-8.052213743504879,1.0104920555846805e-13
213.60769885151032,32.26714395733459,8.154070945740354,-8.369082807151472,-8.049591461608177,2.1893994537668078e-13
213.61668322181924,32.27364559428104,8.154757072092066,-8.36873420993829,-8.046968476755872,2.1893994537668078e-13
213.62566888319316,32.280146591795344,8.155445057226213,-8.368385002351708,-8.044344789428475,1.347322740779574e-13
213.63465583722788,32.28664694842588,8.156134900557461,-8.368035180589096,-8.04172040010783,1.347322740779574e-13
213.64364408551933,32.29314666272059,8.15682660150049,-8.367684740847789,-8.03909530927706,1.0104920555846805e-13
213.65263362966303,32.29964573322701,8.15752015946997,-8.367333679325066,-8.03646951742062,1.8525687685719145e-13
213.6616244712547,32.30614415849227,8.15821557388057,-8.36698199221819,-8.033843025024254,1.8525687685719145e-13
213.67061661188964,32.31264193706298,8.158912844146972,-8.36662967572435,-8.031215832575022,5.0524602779234026e-14
213.6796100531632,32.31913906748542,8.159611969683844,-8.366276726040716,-8.028587940561298,1.515738083377021e-13
213.68860479667063,32.32563554830543,8.160312949905858,-8.365923139364421,-8.025959349472757,2.020984111169361e-13
213.69760084400698,32.332131378068404,8.161015784227693,-8.36556891189254,-8.023330059800386,3.368306851948935e-14
213.70659819676723,32.3386265553193,8.161720472064017,-8.365214039822117,-8.020700072036504,1.1789073981821273e-13
213.71559685654628,32.34512107860272,8.162427012829502,-8.364858519350168,-8.018069386674721,1.0104920555846805e-13
213.72459682493874,32.3516149464627,8.163135405938828,-8.364502346673639,-8.015438004209981,1.0104920555846805e-13
213.7335981035393,32.358108157442985,8.163845650806664,-8.364145517989456,-8.012805925138538,1.6841534259744677e-13
213.7426006939424,32.36460071008683,8.164557746847683,-8.36378802949451,-8.010173149957964,6.73661370389787e-14
213.75160459774239,32.3710926029371,8.165271693476559,-8.363429877385634,-8.00753967916715,1.6841534259744676e-14
213.7606098165336,32.37758383453617,8.165987490107966,-8.36307105785964,-8.004905513266307,1.515738083377021e-13
213.7696163519101,32.384074403426084,8.16670513615658,-8.362711567113285,-8.002270652756971,1.515738083377021e-13
213.7786242054658,32.39056430814834,8.167424631037068,-8.362351401343295,-7.999635098142005,-1.6841534259744676e-14
213.78763337879465,32.39705354724407,8.168145974164105,-8.361990556746361,-7.9969988499256,1.1789073981821273e-13
213.7966438734904,32.403542119254,8.168869164952369,-8.361629029519115,-7.994361908613243,1.515738083377021e-13
213.80565569114668,32.4100300227184,8.16959420281653,-8.361266815858174,-7.991724274711787,1.515738083377021e-13
213.81466883335693,32.41651725617712,8.170321087171258,-8.360903911960108,-7.989085948729397,1.1789073981821273e-13
213.8236833017146,32.42300381816962,8.171049817431234,-8.36054031402144,-7.986446931175558,1.347322740779574e-13
213.83269909781282,32.42948970723477,8.171780393011126,-8.360176018238658,-7.983807222561099,1.6841534259744677e-13
213.84171622324476,32.43597492191122,8.172512813325609,-8.35981102080822,-7.981166823398182,2.1893994537668078e-13
213.85073467960342,32.44245946073706,8.173247077789352,-8.35944531792654,-7.978525734200293,1.347322740779574e-13
213.85975446848167,32.44894332225002,8.173983185817036,-8.359078905789987,-7.975883955482255,1.0104920555846805e-13
213.86877559147223,32.45542650498737,8.174721136823324,-8.35871178059491,-7.973241487760228,1.6841534259744677e-13
213.87779805016763,32.4619090074859,8.1754609302229,-8.358343938537589,-7.970598331551711,2.1893994537668078e-13
213.88682184616042,32.46839082828206,8.176202565430437,-8.357975375814297,-7.967954487375538,1.515738083377021e-13
213.89584698104292,32.47487196591182,8.176946041860596,-8.357606088621258,-7.965309955751885,6.73661370389787e-14
213.9048734564073,32.481352418910724,8.177691358928064,-8.35723607315466,-7.962664737202267,1.8525687685719145e-13
213.91390127384568,32.48783218581389,8.178438516047507,-8.356865325610642,-7.960018832249542,1.6841534259744677e-13
213.92293043495002,32.49431126515602,8.179187512633598,-8.356493842185332,-7.957372241417909,6.73661370389787e-14
213.93196094131207,32.50078965547134,8.179938348101015,-8.356121619074791,-7.954724965232916,1.6841534259744677e-13
213.94099279452357,32.507267355293685,8.180691021864426,-8.355748652475063,-7.95207700422145,8.420767129872338e-14
213.95002599617598,32.51374436315644,8.18144553333851,-8.355374938582141,-7.9494283589117485,1.0104920555846805e-13
213.9590605478608,32.520220677592576,8.182201881937937,-8.355000473591994,-7.946779029833394,6.73661370389787e-14
213.96809645116923,32.52669629713461,8.18296006707738,-8.354625253700554,-7.944129017517331,1.1789073981821273e-13
213.97713370769245,32.533171220314635,8.183720088171512,-8.354249275103706,-7.941478322495839,1.347322740779574e-13
213.98617231902148,32.53964544566433,8.184481944635007,-8.35387253399731,-7.938826945302552,1.0104920555846805e-13
213.9952122867471,32.5461189717149,8.18524563588254,-8.353495026577178,-7.936174886472473,1.8525687685719145e-13
214.00425361246016,32.55259179699714,8.18601116132878,-8.353116749039103,-7.933522146541934,6.73661370389787e-14
214.01329629775114,32.55906392004143,8.186778520388406,-8.35273769757882,-7.930868726048638,5.0524602779234026e-14
214.02234034421056,32.56553533937768,8.187547712476087,-8.352357868392057,-7.928214625531654,8.420767129872338e-14
214.03138575342868,32.57200605353542,8.1883187370065,-8.351977257674474,-7.925559845531383,1.515738083377021e-13
214.0404325269957,32.578476061043666,8.189091593394314,-8.351595861621718,-7.922904386589614,1.347322740779574e-13
214.04948066650167,32.58494536043107,8.189866281054204,-8.351213676429397,-7.920248249249472,5.0524602779234026e-14
214.05853017353644,32.591413950225814,8.190642799400843,-8.350830698293082,-7.917591434055467,1.1789073981821273e-13
214.0675810496898,32.597881828955664,8.191421147848908,-8.350446923408306,-7.914933941553448,5.0524602779234026e-14
214.0766332965513,32.60434899514793,8.192201325813068,-8.35006234797057,-7.912275772290654,1.1789073981821273e-13
214.0856869157105,32.61081544732952,8.192983332707996,-8.349676968175345,-7.909616926815668,1.1789073981821273e-13
214.09474190875662,32.617281184026865,8.193767167948367,-8.349290780218059,-7.906957405678456,2.1893994537668078e-13
214.10379827727888,32.62374620376599,8.194552830948856,-8.348903780294114,-7.904297209430343,2.020984111169361e-13
214.11285602286637,32.63021050507249,8.195340321124132,-8.348515964598871,-7.901636338624025,5.0524602779234026e-14
214.12191514710787,32.63667408647149,8.196129637888873,-8.348127329327658,-7.898974793813569,3.368306851948935e-14
214.1309756515922,32.6431369464877,8.196920780657749,-8.347737870675774,-7.896312575554423,5.0524602779234026e-14
214.14003753790794,32.64959908364541,8.197713748845434,-8.347347584838486,-7.893649684403396,1.347322740779574e-13
214.14910080764352,32.65606049646844,8.198508541866602,-8.346956468011019,-7.890986120918679,1.347322740779574e-13
214.15816546238725,32.66252118348021,8.199305159135925,-8.346564516388568,-7.888321885659837,1.515738083377021e-13
214.1672315037273,32.66898114320365,8.20010360006808,-8.346171726166297,-7.88565697918781,1.0104920555846805e-13
214.17629893325167,32.67544037416131,8.200903864077736,-8.345778093539337,-7.882991402064924,2.1893994537668078e-13
214.18536775254822,32.68189887487529,8.201705950579566,-8.34538361470279,-7.880325154854878,5.0524602779234026e-14
214.19443796320465,32.688356643867195,8.202509858988247,-8.34498828585171,-7.877658238122753,2.020984111169361e-13
214.20350956680852,32.69481367965828,8.20331558871845,-8.344592103181135,-7.874990652435014,8.420767129872338e-14
214.21258256494724,32.701269980769304,8.20412313918485,-8.344195062886069,-7.872322398359514,2.3578147963642546e-13
214.22165695920805,32.707725545720606,8.204932509802118,-8.343797161161472,-7.869653476465483,1.8525687685719145e-13
214.2307327511781,32.71418037303208,8.20574369998493,-8.343398394202287,-7.866983887323546,1.8525687685719145e-13
214.23980994244428,32.72063446122318,8.206556709147954,-8.342998758203416,-7.8643136315057065,1.6841534259744677e-13
214.24888853459345,32.72708780881293,8.207371536705871,-8.342598249359725,-7.861642709585359,1.0104920555846805e-13
214.25796852921218,32.733540414319926,8.208188182073348,-8.342196863866068,-7.858971122137305,1.347322740779574e-13
214.267049927887,32.739992276262285,8.209006644665063,-8.341794597917241,-7.856298869737708,1.0104920555846805e-13
214.27613273220425,32.746443393157726,8.209826923895683,-8.341391447708036,-7.853625952964155,1.6841534259744677e-13
214.2852169437501,32.7528937635235,8.21064901917989,-8.340987409433188,-7.850952372395596,1.515738083377021e-13
214.29430256411055,32.75934338587644,8.211472929932349,-8.340582479287423,-7.84827812861241,2.5262301389617017e-13
214.3033895948715,32.76579225873292,8.212298655567736,-8.340176653465425,-7.845603222196345,1.0104920555846805e-13
214.31247803761866,32.772240380608885,8.21312619550073,-8.33976992816185,-7.84292765373056,1.0104920555846805e-13
214.32156789393753,32.77868775001985,8.213955549145993,-8.33936229957132,-7.840251423799613,6.73661370389787e-14
214.33065916541355,32.785134365480836,8.21478671591821,-8.338953763888435,-7.8375745329894615,1.0104920555846805e-13
214.3397518536319,32.791580225506486,8.215619695232046,-8.338544317307766,-7.834896981887466,2.020984111169361e-13
214.34884596017773,32.798025328611,8.21645448650218,-8.338133956023835,-7.832218771082387,1.0104920555846805e-13
214.35794148663587,32.80446967330807,8.217291089143279,-8.337722676231163,-7.829539901164396,6.73661370389787e-14
214.36703843459108,32.810913258111015,8.218129502570024,-8.337310474124218,-7.826860372725062,1.347322740779574e-13
214.376136805628,32.81735608153268,8.21896972619708,-8.336897345897455,-7.824180186357371,2.020984111169361e-13
214.38523660133103,32.82379814208548,8.219811759439128,-8.336483287745287,-7.821499342655709,1.515738083377021e-13
