galstreams/tracks/track.st.NGC1261.ibata2024.ecsv
# %ECSV 1.0
# ---
# datatype:
# - {name: ra, unit: deg, datatype: float64}
# - {name: dec, unit: deg, datatype: float64}
# - {name: distance, unit: kpc, datatype: float64}
# - {name: pm_ra_cosdec, unit: mas / yr, datatype: float64}
# - {name: pm_dec, unit: mas / yr, datatype: float64}
# - {name: radial_velocity, unit: km / s, datatype: float64}
# delimiter: ','
# meta: !!omap
# - __serialized_columns__:
#     dec:
#       __class__: astropy.coordinates.angles.Latitude
#       unit: &id001 !astropy.units.Unit {unit: deg}
#       value: !astropy.table.SerializedColumn {name: dec}
#     distance:
#       __class__: astropy.coordinates.distances.Distance
#       unit: !astropy.units.Unit {unit: kpc}
#       value: !astropy.table.SerializedColumn {name: distance}
#     pm_dec:
#       __class__: astropy.units.quantity.Quantity
#       unit: !astropy.units.Unit {unit: mas / yr}
#       value: !astropy.table.SerializedColumn {name: pm_dec}
#     pm_ra_cosdec:
#       __class__: astropy.units.quantity.Quantity
#       unit: !astropy.units.Unit {unit: mas / yr}
#       value: !astropy.table.SerializedColumn {name: pm_ra_cosdec}
#     ra:
#       __class__: astropy.coordinates.angles.Longitude
#       unit: *id001
#       value: !astropy.table.SerializedColumn {name: ra}
#       wrap_angle: !astropy.coordinates.Angle
#         unit: *id001
#         value: 360.0
#     radial_velocity:
#       __class__: astropy.units.quantity.Quantity
#       unit: !astropy.units.Unit {unit: km / s}
#       value: !astropy.table.SerializedColumn {name: radial_velocity}
# schema: astropy-2.0
ra,dec,distance,pm_ra_cosdec,pm_dec,radial_velocity
[from data line 1679]
40.14682891954361,-56.225438002328296,0.9999999999999997,1.6181985286541876,-2.5452309866808065,106.7200141946498
40.16415877583535,-56.222240917197134,0.9999999999999997,1.6186317160740513,-2.5437093239927453,106.91190995787558
40.18148933578729,-56.21904568789668,0.9999999999999998,1.6190643340062865,-2.542188330825171,107.10195016356558
40.198820603279785,-56.21585231405192,0.9999999999999997,1.6194963839412964,-2.5406680069057614,107.29013944758395
40.21615258219164,-56.21266079528664,0.9999999999999997,1.6199278673687925,-2.5391483519610425,107.47648244579499
40.23348527640015,-56.209471131223395,0.9999999999999994,1.6203587857778006,-2.537629365716425,107.66098379406304
40.250818689781056,-56.20628332148358,0.9999999999999997,1.6207891406566493,-2.536111047896153,107.8436481282523
40.268152826208535,-56.20309736568738,0.9999999999999996,1.6212189334929912,-2.5345933982233664,108.02448008422702
40.285487689555254,-56.199913263453766,0.9999999999999997,1.6216481657737818,-2.533076416420041,108.20348429785157
40.302823283692355,-56.196731014400534,0.9999999999999997,1.6220768389852847,-2.5315601022070258,108.38066540499014
40.320159612489384,-56.19355061814428,0.9999999999999997,1.6225049546130865,-2.5300444553040364,108.556028041507
40.33749667981445,-56.19037207430039,0.9999999999999997,1.6229325141420734,-2.5285294754296466,108.72957684326646
40.35483448953404,-56.18719538248305,0.9999999999999996,1.62335951905645,-2.5270151623013017,108.90131644613277
40.37217304551316,-56.18402054230528,0.9999999999999997,1.6237859708397275,-2.5255015156353053,109.07125148597014
40.38951235161526,-56.18084755337886,0.9999999999999996,1.6242118709747269,-2.5239885351468416,109.23938659864295
40.406852411702275,-56.17767641531441,0.9999999999999998,1.6246372209435886,-2.522476220549944,109.40572642001548
40.4241932296346,-56.17450712772133,0.9999999999999997,1.6250620222277554,-2.5209645715575224,109.5702755859518
40.441534809271126,-56.17133969020784,0.9999999999999997,1.6254862763079823,-2.51945358788136,109.73303873231644
40.45887715446919,-56.16817410238095,0.9999999999999996,1.625909984664335,-2.517943269232088,109.8940204949735
40.47622026908462,-56.1650103638465,0.9999999999999997,1.626333148776193,-2.5164336153192384,110.0532255097873
40.49356415697171,-56.161848474209094,0.9999999999999997,1.6267557701222497,-2.5149246258511777,110.21065841262214
40.510908821983236,-56.15868843307217,0.9999999999999997,1.6271778501804963,-2.513416300535166,110.36632383934223
40.52825426797045,-56.15553024003798,0.9999999999999997,1.6275993904282426,-2.5119086390773244,110.52022642581181
40.5456004987831,-56.15237389470754,0.9999999999999997,1.6280203923421155,-2.5104016411826553,110.67237080789529
40.5629475182694,-56.14921939668071,0.9999999999999997,1.6284408573980373,-2.5088953065550132,110.82276162145683
40.58029533027602,-56.146066745556126,0.9999999999999997,1.6288607870712513,-2.507389634897148,110.97140350236072
40.59764393864816,-56.14291594093126,0.9999999999999998,1.6292801828363137,-2.5058846259106673,111.11830108647128
40.614993347229486,-56.13976698240238,0.9999999999999997,1.6296990461670777,-2.504380279296049,111.26345900965269
40.63234355986212,-56.13661986956454,0.9999999999999997,1.630117378536716,-2.5028765947526512,111.40688190776928
40.64969458038673,-56.133474602011624,0.9999999999999996,1.630535181417712,-2.5013735719787107,111.5485744166853
40.667046412642414,-56.1303311793363,0.9999999999999998,1.630952456281861,-2.499871210671335,111.68854117226503
40.68439906046677,-56.12718960113006,0.9999999999999996,1.6313692046002553,-2.4983695105265014,111.82678681037272
40.701752527695916,-56.12404986698322,0.9999999999999999,1.6317854278433126,-2.4968684712390594,111.96331596687274
40.71910681816443,-56.12091197648485,0.9999999999999998,1.6322011274807533,-2.4953680925027584,112.09813327762923
40.73646193570538,-56.11777592922287,0.9999999999999997,1.632616304981605,-2.493868374010198,112.23124337850648
40.75381788415032,-56.11464172478401,0.9999999999999997,1.6330309618142183,-2.492369315452869,112.36265090536884
40.77117466732937,-56.11150936275375,0.9999999999999997,1.63344509944623,-2.4908709165211373,112.49236049408051
40.788532289071036,-56.10837884271646,0.9999999999999997,1.6338587193446088,-2.4893731769042375,112.62037678050571
40.80589075320239,-56.10525016425527,0.9999999999999997,1.634271822975622,-2.4878760962902984,112.74670440050888
40.82325006354897,-56.10212332695211,0.9999999999999997,1.6346844118048516,-2.4863796743663222,112.87134798995415
40.840610223934824,-56.098998330387744,0.9999999999999996,1.635096487297182,-2.484883910818189,112.99431218470582
40.85797123818252,-56.095875174141746,0.9999999999999997,1.63550805091681,-2.48338880533065,113.11560162062818
40.87533311011308,-56.09275385779246,0.9999999999999997,1.635919104127245,-2.4818943575873575,113.23522093358548
40.89269584354604,-56.089634380917076,0.9999999999999997,1.6363296483913077,-2.480400567270836,113.35317475944197
40.91005944229947,-56.086516743091586,0.9999999999999997,1.636739685171114,-2.478907434062478,113.469467734062
40.92742391018991,-56.08340094389078,0.9999999999999997,1.6371492159281065,-2.4774149576425835,113.58410449330981
40.944789251032404,-56.080286982888275,0.9999999999999997,1.6375582421230241,-2.4759231376903124,113.69708967304959
40.96215546864052,-56.07717485965646,0.9999999999999998,1.6379667652159222,-2.474431973883723,113.80842790914568
40.97952256682631,-56.074064573766584,0.9999999999999997,1.6383747866661569,-2.4729414658997513,113.91812383746237
40.99689054940036,-56.070956124788665,0.9999999999999997,1.6387823079324004,-2.471451613414212,114.02618209386382
41.01425942017173,-56.06784951229157,0.9999999999999996,1.639189330472635,-2.469962416101808,114.1326073142144
41.03162918294802,-56.06474473584292,0.9999999999999997,1.6395958557441457,-2.4684738736361442,114.2374041343784
41.048999841535334,-56.061641795009194,0.9999999999999997,1.6400018852035236,-2.466985985689691,114.34057719022005
41.066371399738244,-56.05854068935567,0.9999999999999997,1.6404074203066807,-2.465498751933808,114.44213111760362
41.083743861359906,-56.05544141844642,0.9999999999999996,1.6408124625088254,-2.4640121720387427,114.54207055239333
41.101117230201936,-56.05234398184435,0.9999999999999998,1.6412170132644768,-2.4625262456736277,114.64040013045356
41.11849151006447,-56.04924837911116,0.9999999999999998,1.6416210740274684,-2.4610409725064972,114.73712448764847
41.13586670474619,-56.04615460980736,0.9999999999999996,1.6420246462509356,-2.459556352204263,114.8322482598424
41.15324281804426,-56.0430626734923,0.9999999999999999,1.642427731387322,-2.458072384432711,114.92577608289965
41.17061985375438,-56.039972569724085,0.9999999999999997,1.6428303308883807,-2.45658906885655,115.01771259268429
41.18799781567075,-56.036884298059704,0.9999999999999996,1.643232446205177,-2.455106405139338,115.10806242506084
41.20537670758611,-56.03379785805488,0.9999999999999997,1.6436340787880788,-2.4536243929435617,115.19683021589346
41.22275653329171,-56.03071324926422,0.9999999999999997,1.6440352300867582,-2.452143031930575,115.28402060104645
41.24013729657731,-56.02763047124108,0.9999999999999997,1.644435901550204,-2.450662321760621,115.36963821638402
41.257519001231216,-56.02454952353768,0.9999999999999996,1.6448360946267089,-2.4491822620928545,115.4536876977705
41.27490165104024,-56.02147040570502,0.9999999999999997,1.6452358107638672,-2.4477028525852997,115.5361736810701
41.292285249789714,-56.01839311729292,0.9999999999999997,1.6456350514085898,-2.4462240928948855,115.61710080214715
41.3096698012635,-56.01531765785003,0.9999999999999998,1.6460338180070933,-2.4447459826774356,115.69647369686594
41.327055309244,-56.012244026923774,0.9999999999999997,1.6464321120048924,-2.44326852158766,115.77429700109063
41.34444177751214,-56.00917222406042,0.9999999999999998,1.6468299348468216,-2.4417917092791637,115.85057535068563
41.361829209847336,-56.006102248805064,0.9999999999999996,1.647227287977012,-2.4403155454044434,115.92531338151508
41.379217610027574,-56.003034100701555,0.9999999999999997,1.6476241728389116,-2.438840029614905,115.9985157294433
41.396606981829365,-55.999967779292625,0.9999999999999996,1.6480205908752668,-2.437365161560832,116.0701870303346
41.41399732902772,-55.99690328411978,0.9999999999999997,1.648416543528131,-2.4358909408914062,116.14033192005324
41.43138865539623,-55.99384061472334,0.9999999999999997,1.6488120322388715,-2.4344173672547225,116.20895503446343
41.44878096470699,-55.99077977064245,0.9999999999999996,1.6492070584481544,-2.4329444402977494,116.2760610094295
41.466174260730604,-55.98772075141506,0.9999999999999997,1.6496016235959585,-2.4314721596663738,116.34165448081565
41.48356854723625,-55.98466355657795,0.9999999999999997,1.6499957291215672,-2.4300005250053616,116.40574008448624
41.50096382799165,-55.9816081856667,0.9999999999999997,1.650389376463563,-2.4285295359583863,116.46832245630551
41.51836010676302,-55.97855463821571,0.9999999999999996,1.6507825670598493,-2.4270591921680147,116.52940623213769
41.53575738731514,-55.975502913758184,0.9999999999999996,1.651175302347621,-2.4255894932757265,116.58899604784706
41.55315567341131,-55.972453011826175,0.9999999999999998,1.651567583763386,-2.424120438921875,116.64709653929798
41.570554968813404,-55.96940493195049,0.9999999999999996,1.651959412742963,-2.4226520287457465,116.70371234235459
41.5879552772818,-55.966358673660814,0.9999999999999997,1.652350790721461,-2.421184262385502,116.75884809288121
41.605356602575434,-55.963314236485616,0.9999999999999996,1.6527417191333154,-2.4197171394782018,116.81250842674211
41.62275894845178,-55.96027161995217,0.9999999999999998,1.653132199412246,-2.418250659659833,116.86469797980166
41.64016231866685,-55.9572308235866,0.9999999999999997,1.6535222329912989,-2.416784822565255,116.91542138792393
41.65756671697522,-55.95419184691382,0.9999999999999997,1.653911821302807,-2.4153196278282483,116.96468328697334
41.67497214713,-55.95115468945756,0.9999999999999997,1.6543009657784227,-2.413855075081491,117.01248831281413
41.69237861288281,-55.94811935074038,0.9999999999999998,1.6546896678490928,-2.4123911639565616,117.05884110131056
41.70978611798389,-55.945085830283645,0.9999999999999998,1.6550779289450768,-2.410927894083944,117.10374628832689
41.72719466618195,-55.94205412760754,0.9999999999999997,1.6554657504959414,-2.4094652650930275,117.1472085097274
41.7446042612243,-55.93902424223106,0.9999999999999997,1.6558531339305453,-2.4080032766121047,117.18923240137634
41.762014906856805,-55.93599617367205,0.9999999999999997,1.6562400806770645,-2.406541928268364,117.22982259913796
41.77942660682384,-55.93296992144711,0.9999999999999997,1.656626592162974,-2.405081219687915,117.26898373887661
41.79683936486833,-55.92994548507172,0.9999999999999997,1.6570126698150602,-2.40362115049577,117.30672045645656
41.81425318473181,-55.92692286406013,0.9999999999999998,1.657398315059396,-2.402161720315833,117.343037387742
41.831668070154315,-55.92390205792544,0.9999999999999998,1.657783529321386,-2.400702928770931,117.37793916859722
41.84908402487444,-55.92088306617954,0.9999999999999996,1.6581683140257173,-2.399244775482785,117.41143043488655
41.86650105262936,-55.91786588833317,0.9999999999999997,1.6585526705963884,-2.397787260072036,117.44351582247417
41.883919157154786,-55.91485052389586,0.9999999999999997,1.6589366004567045,-2.3963303821582222,117.47419996722444
41.901338342184985,-55.91183697237596,0.9999999999999997,1.6593201050292707,-2.394874141359802,117.50348750500154
41.918758611452795,-55.90882523328066,0.9999999999999998,1.6597031857359932,-2.3934185372941243,117.53138307166984
41.93617996868961,-55.90581530611595,0.9999999999999997,1.6600858439980932,-2.3919635695774684,117.55789130309356
41.95360241762535,-55.902807190386625,0.9999999999999997,1.660468081236087,-2.390509237825013,117.58301683513686
41.971025961988545,-55.899800885596335,0.9999999999999997,1.66084989886979,-2.3890555416508423,117.60676430366424
41.988450605506245,-55.89679639124753,0.9999999999999998,1.6612312983183353,-2.387602480667958,117.6291383445398
42.005876351904114,-55.893793706841464,0.9999999999999997,1.661612281000143,-2.3861500544882635,117.65014359362787
42.02330320490632,-55.89079283187824,0.9999999999999997,1.6619928483329467,-2.384698262722587,117.6697846867927
42.04073116823562,-55.88779376585674,0.9999999999999996,1.6623730017337852,-2.383247104980663,117.68806625989852
42.05816024561334,-55.884796508274725,0.9999999999999997,1.6627527426189888,-2.3817965808711374,117.70499294880975
42.07559044075937,-55.88180105862871,0.9999999999999997,1.6631320724042,-2.380346690001561,117.72056938939045
42.09302175739215,-55.87880741641407,0.9999999999999996,1.6635109925043645,-2.3788974319784195,117.73480021750508
42.11045419922873,-55.875815581124996,0.9999999999999997,1.6638895043337225,-2.3774488064070827,117.74769006901779
42.12788776998465,-55.87282555225448,0.9999999999999997,1.6642676093058268,-2.3760008128918546,117.75924357979292
42.14532247337412,-55.869837329294356,0.9999999999999996,1.6646453088335198,-2.3745534510359523,117.76946538569467
42.16275831310983,-55.86685091173525,0.9999999999999996,1.6650226043289678,-2.3731067204415037,117.77836012258733
42.180195292903086,-55.86386629906666,0.9999999999999998,1.6653994972036106,-2.3716606207095428,117.78593242633525
42.19763341646377,-55.86088349077683,0.9999999999999997,1.6657759888682078,-2.3702151514400445,117.79218693280261
42.21507268750032,-55.85790248635289,0.9999999999999997,1.6661520807328252,-2.368770312231863,117.79712827785369
42.23251310971973,-55.854923285280776,0.9999999999999998,1.6665277742068128,-2.36732610268281,117.80076109735278
42.249954686827614,-55.851945887045204,0.9999999999999996,1.6669030706988366,-2.3658825223895796,117.80309002716416
42.267397422528134,-55.84897029112976,0.9999999999999997,1.6672779716168593,-2.3644395709478054,117.80411970315207
42.284841320524,-55.84599649701684,0.9999999999999997,1.6676524783681481,-2.362997247952025,117.80385476118082
42.30228638451656,-55.84302450418764,0.9999999999999996,1.6680265923592632,-2.3615555529957053,117.80229983711466
42.31973261820569,-55.8400543121222,0.9999999999999996,1.6684003149960782,-2.3601144856712164,117.79945956681783
42.337180025289854,-55.837085920299366,0.9999999999999996,1.6687736476837545,-2.358674045569865,117.79533858615461
42.354628609466126,-55.83411932819682,0.9999999999999998,1.6691465918267632,-2.3572342322818685,117.78994153098932
42.372078374430124,-55.83115453529106,0.9999999999999997,1.6695191488288712,-2.3557950453963663,117.7832730371862
42.38952932387604,-55.828191541057414,0.9999999999999997,1.6698913200931509,-2.354356484501409,117.77533774060956
42.4069814614967,-55.82523034496998,0.9999999999999997,1.6702631070219756,-2.3529185491839897,117.76614027712358
42.42443479098346,-55.822270946501774,0.9999999999999997,1.670634511017007,-2.3514812390299866,117.75568528259258
42.44188931602628,-55.819313345124556,0.9999999999999997,1.6710055334792226,-2.3500445536242385,117.74397739288082
42.45934504031369,-55.81635754030894,0.9999999999999998,1.6713761758088914,-2.3486084925504738,117.73102124385258
42.476801967532836,-55.813403531524344,0.9999999999999997,1.6717464394055845,-2.3471730553913766,117.7168214713721
42.494260101369406,-55.810451318239046,0.9999999999999997,1.672116325668176,-2.3457382417285224,117.70138271130371
42.51171944550772,-55.80750089992011,0.9999999999999996,1.6724858359948316,-2.3443040511424176,117.68470959951163
42.529180003630664,-55.80455227603343,0.9999999999999997,1.6728549717830168,-2.3428704832125025,117.66680677186017
42.54664177941968,-55.80160544604374,0.9999999999999997,1.673223734429512,-2.341437537517134,117.6476788642136
42.56410477655487,-55.798660409414566,0.9999999999999997,1.6735921253303765,-2.3400052136335976,117.62733051243605
