galstreams/tracks/track.st.NGC1261.ibata2021.ecsv
# %ECSV 0.9
# ---
# datatype:
# - {name: ra, unit: deg, datatype: float64}
# - {name: dec, unit: deg, datatype: float64}
# - {name: distance, unit: kpc, datatype: float64}
# - {name: pm_ra_cosdec, unit: mas / yr, datatype: float64}
# - {name: pm_dec, unit: mas / yr, datatype: float64}
# - {name: radial_velocity, unit: km / s, datatype: float64}
# delimiter: ','
# meta: !!omap
# - __serialized_columns__:
#     dec:
#       __class__: astropy.coordinates.angles.Latitude
#       unit: &id001 !astropy.units.Unit {unit: deg}
#       value: !astropy.table.SerializedColumn {name: dec}
#     distance:
#       __class__: astropy.coordinates.distances.Distance
#       unit: !astropy.units.Unit {unit: kpc}
#       value: !astropy.table.SerializedColumn {name: distance}
#     pm_dec:
#       __class__: astropy.units.quantity.Quantity
#       unit: !astropy.units.Unit {unit: mas / yr}
#       value: !astropy.table.SerializedColumn {name: pm_dec}
#     pm_ra_cosdec:
#       __class__: astropy.units.quantity.Quantity
#       unit: !astropy.units.Unit {unit: mas / yr}
#       value: !astropy.table.SerializedColumn {name: pm_ra_cosdec}
#     ra:
#       __class__: astropy.coordinates.angles.Longitude
#       unit: *id001
#       value: !astropy.table.SerializedColumn {name: ra}
#       wrap_angle: !astropy.coordinates.Angle
#         unit: *id001
#         value: 360.0
#     radial_velocity:
#       __class__: astropy.units.quantity.Quantity
#       unit: !astropy.units.Unit {unit: km / s}
#       value: !astropy.table.SerializedColumn {name: radial_velocity}
# schema: astropy-2.0
ra,dec,distance,pm_ra_cosdec,pm_dec,radial_velocity
[from data line 714]
47.65562525481476,-56.15994274238718,19.526656229420542,1.6764622092791084,-2.19993233503122,-3.368306851948935e-14
47.66256350033818,-56.15075982057385,19.52966768259295,1.6766773183056836,-2.199405460199123,0.0
47.66950185242424,-56.14157718843854,19.532677245420253,1.6768925728066761,-2.1988786954990536,0.0
47.67644032543219,-56.13239484847391,19.535684924835216,1.6771079730827514,-2.1983520396406764,-3.368306851948935e-14
47.68337893370957,-56.123212803169544,19.53869072777064,1.677323519433202,-2.197825491333993,-3.368306851948935e-14
47.690317691592256,-56.11403105501195,19.541694661159298,1.677539212155956,-2.1972990492893447,0.0
47.69725661340434,-56.104849606484656,19.54469673193397,1.677755051547575,-2.1967727122174163,-3.368306851948935e-14
47.70419571345837,-56.095668460068055,19.547696947027454,1.6779710379032566,-2.1962464788292264,0.0
47.71113500605519,-56.08648761823945,19.550695313372515,1.6781871715168377,-2.195720347836135,-3.368306851948935e-14
47.71807450548403,-56.07730708347314,19.553691837901944,1.6784034526807943,-2.195194317949839,0.0
47.72501422602251,-56.06812685824033,19.556686527548525,1.6786198816862397,-2.1946683878823734,-5.0524602779234026e-14
47.731954181936665,-56.05894694500921,19.559679389245037,1.6788364588229365,-2.1941425563461103,-3.368306851948935e-14
47.738894387480954,-56.0497673462448,19.56267042992426,1.6790531843792884,-2.1936168220537584,0.0
47.7458348568982,-56.04058806440925,19.565659656518978,1.6792700586423406,-2.193091183718365,-1.6841534259744676e-14
47.752775604419796,-56.03140910196149,19.56864707596198,1.679487081897794,-2.1925656400533082,3.368306851948935e-14
47.75971664426553,-56.022230461357445,19.571632695186032,1.6797042544299932,-2.1920401897723067,0.0
47.76665799064371,-56.01305214504999,19.574616521123936,1.6799215765219329,-2.191514831589413,-1.6841534259744676e-14
47.77359965775115,-56.003874155488916,19.57759856070846,1.6801390484552625,-2.190989564219013,-1.6841534259744676e-14
47.780541659773185,-55.99469649512098,19.580578820872393,1.6803566705102866,-2.190464386375828,0.0
47.787484010883695,-55.98551916638983,19.58355730854852,1.6805744429659621,-2.189939296774911,1.6841534259744676e-14
47.79442672524506,-55.97634217173621,19.58653403066961,1.6807923660999013,-2.1894142941316552,-3.368306851948935e-14
47.80136981700831,-55.96716551359766,19.589508994168465,1.6810104401883796,-2.1888893771617766,0.0
47.80831330031301,-55.95798919440869,19.592482205977852,1.681228665506329,-2.188364544581333,-3.368306851948935e-14
47.81525718928739,-55.94881321660079,19.595453673030562,1.681447042327345,-2.187839795106707,-3.368306851948935e-14
47.82220149804823,-55.939637582602366,19.598423402259375,1.6816655709236852,-2.1873151274546205,-1.6841534259744676e-14
47.829146240701036,-55.93046229483875,19.60139140059707,1.6818842515662737,-2.18679054034212,0.0
47.836091431339845,-55.921287355732346,19.60435767497643,1.682103084524696,-2.186266032486589,-1.6841534259744676e-14
47.843037084047474,-55.912112767702375,19.607322232330237,1.6823220700672108,-2.1857416026057357,0.0
47.8499832128954,-55.90293853316503,19.610285079591282,1.6825412084607414,-2.185217249417602,0.0
47.85692983194377,-55.89376465453347,19.613246223692336,1.682760499970885,-2.184692971640559,0.0
47.86387695524153,-55.88459113421778,19.61620567156619,1.682979944861909,-2.184168767993307,-1.6841534259744676e-14
47.870824596826274,-55.875417974625044,19.61916343014562,1.6831995433967564,-2.183644637194875,-1.6841534259744676e-14
47.877772770724455,-55.86624517815917,19.62211950636341,1.6834192958370442,-2.1831205779646186,-1.6841534259744676e-14
47.88472149095116,-55.857072747221224,19.625073907152345,1.683639202443065,-2.182596589022227,-3.368306851948935e-14
47.89167077151037,-55.84790068420906,19.62802663944521,1.683859263473791,-2.18207266908771,-1.6841534259744676e-14
47.89862062639484,-55.83872899151749,19.630977710174776,1.684079479186873,-2.181548816881411,0.0
47.905571069586145,-55.82955767153834,19.633927126273832,1.6842998498386432,-2.181025031123995,0.0
47.91252211505471,-55.82038672666032,19.63687489467517,1.6845203756841174,-2.1805013105364566,-3.368306851948935e-14
47.91947377675979,-55.81121615926914,19.63982102231156,1.6847410569769938,-2.1799776538401154,-1.6841534259744676e-14
47.92642606864957,-55.802045971747376,19.64276551611578,1.684961893969658,-2.1794540597566163,0.0
47.93337900466099,-55.79287616647473,19.645708383020626,1.6851828869131782,-2.1789305270079313,-1.6841534259744676e-14
47.940332598720026,-55.78370674582767,19.648649629958875,1.6854040360573144,-2.178407054316354,-1.6841534259744676e-14
47.947286864741535,-55.77453771217971,19.651589263863308,1.685625341650516,-2.177883640404505,0.0
47.95424181662928,-55.765369067901254,19.654527291666707,1.685846803939923,-2.1773602839953283,-1.6841534259744676e-14
47.96119746827599,-55.75620081535973,19.65746372030186,1.6860684231713674,-2.1768369838120902,-1.6841534259744676e-14
47.96815383356344,-55.74703295691939,19.660398556701534,1.6862901995893784,-2.176313738578381,-1.6841534259744676e-14
47.97511092636223,-55.737865494941644,19.66333180779853,1.686512133437174,-2.1757905470181136,-1.6841534259744676e-14
47.98206876053208,-55.728698431784686,19.666263480525625,1.686734224956674,-2.175267407855524,0.0
47.98902734992172,-55.71953176980367,19.6691935818156,1.686956474388495,-2.174744319815169,-1.6841534259744676e-14
47.99598670836886,-55.710365511350766,19.672122118601227,1.6871788819719546,-2.174221281621928,-1.6841534259744676e-14
48.002946849700336,-55.70119965877507,19.675049097815307,1.687401447945069,-2.1736982920009997,-1.6841534259744676e-14
48.009907787731976,-55.69203421442258,19.67797452639061,1.687624172544556,-2.1731753496779054,-1.6841534259744676e-14
48.0168695362688,-55.682869180636246,19.68089841125992,1.6878470560058425,-2.1726524533784843,-3.368306851948935e-14
48.023832109104724,-55.67370455975614,19.683820759356024,1.688070098563052,-2.1721296018288996,1.6841534259744676e-14
48.03079552002298,-55.66454035411907,19.686741577611695,1.6882933004490226,-2.1716067937556307,-1.6841534259744676e-14
48.03775978279586,-55.65537656605888,19.689660872959724,1.688516661895295,-2.1710840278854766,0.0
48.044724911184794,-55.64621319790636,19.69257865233289,1.6887401831321194,-2.1705613029455537,-1.6841534259744676e-14
48.05169091894038,-55.63705025198926,19.695494922663983,1.688963864388459,-2.1700386176633,-1.6841534259744676e-14
48.05865781980242,-55.62788773063224,19.698409690885775,1.6891877058919869,-2.1695159707664677,-5.0524602779234026e-14
48.0656256274999,-55.61872563615693,19.70132296393106,1.6894117078690902,-2.168993360983129,0.0
48.07259435575097,-55.609563970881965,19.704234748732603,1.6896358705448689,-2.1684707870416737,-3.368306851948935e-14
48.07956401826309,-55.60040273712287,19.707145052223197,1.6898601941431404,-2.167948247670806,-5.0524602779234026e-14
48.08653462873291,-55.59124193719213,19.710053881335625,1.6900846788864379,-2.1674257415995473,-1.6841534259744676e-14
48.09350620084637,-55.58208157339915,19.712961243002663,1.6903093249960133,-2.1669032675572337,-3.368306851948935e-14
48.10047874827868,-55.57292164805034,19.7158671441571,1.6905341326918402,-2.1663808242735194,0.0
48.10745228469438,-55.56376216344896,19.718771591731727,1.6907591021926094,-2.165858410478369,-1.6841534259744676e-14
48.114426823747195,-55.55460312189541,19.72167459265931,1.6909842337157364,-2.1653360249020692,-1.6841534259744676e-14
48.1214023790803,-55.54544452568686,19.72457615387263,1.69120952747736,-2.1648136662752147,0.0
48.12837896432618,-55.53628637711748,19.727476282304476,1.6914349836923441,-2.1642913333287157,-6.73661370389787e-14
48.13535659310668,-55.527128678478405,19.730374984887636,1.6916606025742766,-2.163769024793795,0.0
48.14233527903298,-55.5179714320577,19.733272268554888,1.6918863843354754,-2.163246739401991,-3.368306851948935e-14
48.14931503570572,-55.50881464014037,19.736168140239016,1.6921123291869866,-2.1627244758851525,0.0
48.156295876714914,-55.49965830500835,19.739062606872803,1.6923384373385855,-2.1622022329754405,-1.6841534259744676e-14
48.16327781563994,-55.49050242894063,19.74195567538902,1.692564708998777,-2.1616800094053303,-3.368306851948935e-14
48.17026086604968,-55.48134701421304,19.74484735272046,1.6927911443748014,-2.1611578039076065,-3.368306851948935e-14
48.17724504150248,-55.472192063098376,19.747737645799898,1.6930177436726326,-2.1606356152153654,-3.368306851948935e-14
48.18423035554612,-55.46303757786639,19.750626561560132,1.6932445070969737,-2.1601134420620123,0.0
48.19121682171788,-55.45388356078375,19.75351410693393,1.6934714348512734,-2.1595912831812654,-5.0524602779234026e-14
48.19820445354457,-55.44473001411407,19.756400288854078,1.693698527137709,-2.159069137307151,1.6841534259744676e-14
48.205193264542416,-55.435576940118025,19.759285114253355,1.6939257841572035,-2.1585470031740086,-1.6841534259744676e-14
48.21218326821731,-55.4264243410531,19.762168590064555,1.694153206109412,-2.1580248795164794,0.0
48.2191744780646,-55.417272219173746,19.765050723220444,1.694380793192737,-2.157502765069521,-3.368306851948935e-14
48.22616690756926,-55.408120576731406,19.767931520653825,1.6946085456043194,-2.1569806585683926,1.6841534259744676e-14
48.23316057020581,-55.398969415974406,19.77081098929746,1.6948364635400477,-2.1564585587486684,-1.6841534259744676e-14
48.24015547943837,-55.389818739148055,19.773689136084133,1.6950645471945511,-2.1559364643462255,-3.368306851948935e-14
48.247151648720724,-55.38066854849456,19.776565967946645,1.6952927967612055,-2.155414374097247,-1.6841534259744676e-14
48.25414909149618,-55.371518846253174,19.779441491817757,1.6955212124321346,-2.1548922867382276,-1.6841534259744676e-14
48.26114782119776,-55.362369634660006,19.782315714630265,1.695749794398208,-2.154370201005964,0.0
48.26814785124817,-55.353220915948086,19.785188643316946,1.6959785428490481,-2.1538481156375613,-5.0524602779234026e-14
48.27514919505976,-55.34407269234743,19.788060284810587,1.6962074579730249,-2.1533260293704286,0.0
48.28215186603456,-55.33492496608498,19.790930646043968,1.6964365399572623,-2.1528039409422814,-1.6841534259744676e-14
48.28915587756433,-55.32577773938462,19.79379973394986,1.6966657889876344,-2.15228184909114,-1.6841534259744676e-14
48.29616124303058,-55.316631014467106,19.796667555461056,1.6968952052487731,-2.1517597525553294,-1.6841534259744676e-14
48.30316797580447,-55.30748479355034,19.799534117510355,1.6971247889240588,-2.151237650073476,1.6841534259744676e-14
48.31017608924699,-55.2983390788489,19.802399427030505,1.6973545401956365,-2.1507155403845153,-1.6841534259744676e-14
48.31718559670889,-55.28919387257446,19.805263490954314,1.697584459244402,-2.1501934222276793,-3.368306851948935e-14
48.324196511530694,-55.28004917693558,19.808126316214558,1.6978145462500116,-2.1496712943425083,0.0
48.33120884704275,-55.27090499413775,19.810987909744014,1.6980448013908842,-2.1491491554688436,-3.368306851948935e-14
48.33822261656525,-55.26176132638339,19.813848278475472,1.6982752248441948,-2.1486270043468254,0.0
48.345237833408085,-55.25261817587193,19.816707429341697,1.698505816785883,-2.148104839716903,-5.0524602779234026e-14
48.35225451087114,-55.243475544799665,19.819565369275495,1.6987365773906498,-2.1475826603198187,1.6841534259744676e-14
48.359272662244116,-55.2343334353598,19.822422105209636,1.6989675068319625,-2.1470604648966227,-1.6841534259744676e-14
48.366292300806585,-55.22519184974253,19.82527764407691,1.6991986052820502,-2.1465382521886602,-3.368306851948935e-14
48.373313439828046,-55.21605079013494,19.828131992810093,1.6994298729119128,-2.146016020937581,0.0
48.38033609256785,-55.20691025872107,19.830985158341957,1.6996613098913145,-2.1454937698853334,-1.6841534259744676e-14
48.387360272275394,-55.197770257681825,19.833837147605305,1.6998929163887884,-2.1449714977741627,-5.0524602779234026e-14
48.39438599218985,-55.18863078919521,19.836687967532907,1.7001246925716362,-2.1444492033466194,-3.368306851948935e-14
48.401413265540455,-55.179491855436,19.83953762505755,1.7003566386059326,-2.143926885345546,1.6841534259744676e-14
48.40844210554642,-55.17035345857593,19.842386127112018,1.7005887546565213,-2.143404542514087,-3.368306851948935e-14
48.415472525416945,-55.16121560078368,19.84523348062908,1.7008210408870224,-2.1428821735956847,-3.368306851948935e-14
48.422504538351184,-55.15207828422485,19.848079692541532,1.7010534974598246,-2.1423597773340792,-5.0524602779234026e-14
48.4295381575384,-55.14294151106193,19.850924769782157,1.7012861245360977,-2.1418373524733045,-3.368306851948935e-14
48.43657339615778,-55.133805283454464,19.853768719283728,1.7015189222757818,-2.141314897757697,0.0
48.44361026737864,-55.124669603558786,19.856611547979043,1.7017518908375955,-2.140792411931886,1.6841534259744676e-14
48.45064878436035,-55.115534473528186,19.859453262800862,1.7019850303790374,-2.1402698937407996,0.0
48.45768896025234,-55.10639989551291,19.862293870681984,1.7022183410563831,-2.1397473419296578,0.0
48.46473080819418,-55.09726587166007,19.865133378555186,1.7024518230246894,-2.1392247552439785,-5.0524602779234026e-14
48.47177434131553,-55.08813240411375,19.867971793353252,1.7026854764377939,-2.1387021324295747,-3.368306851948935e-14
48.478819572736185,-55.07899949501491,19.870809122008964,1.7029193014483162,-2.138179472232553,-3.368306851948935e-14
48.48586651556605,-55.06986714650151,19.8736453714551,1.7031532982076576,-2.1376567733993177,-5.0524602779234026e-14
48.492915182905215,-55.060735360708364,19.876480548624457,1.703387466866005,-2.1371340346765617,0.0
48.49996558784396,-55.051604139767186,19.87931466044979,1.7036218075723317,-2.136611254811277,-1.6841534259744676e-14
48.50701774346273,-55.042473485806646,19.882147713863915,1.703856320474392,-2.1360884325507428,-1.6841534259744676e-14
48.5140716628322,-55.0333434009523,19.88497971579958,1.7040910057187348,-2.135565566642539,-3.368306851948935e-14
48.521127359013256,-55.02421388732665,19.887810673189595,1.7043258634506928,-2.135042655834529,-6.73661370389787e-14
48.52818484505705,-55.01508494704906,19.890640592966736,1.7045608938143861,-2.1345196988748745,-1.6841534259744676e-14
48.53524413400487,-55.005956582235925,19.89346948206377,1.7047960969527278,-2.1339966945120294,-1.6841534259744676e-14
48.54230523888841,-54.99682879500042,19.8962973474135,1.7050314730074203,-2.133473641494734,0.0
48.549368172729544,-54.987701587452705,19.899124195948698,1.7052670221189579,-2.132950538572026,0.0
48.55643294854056,-54.97857496169979,19.90195003460214,1.7055027444266326,-2.132427384493229,0.0
48.563499579323924,-54.969448919845654,19.904774870306625,1.7057386400685228,-2.1319041780079586,-1.6841534259744676e-14
48.570568078072554,-54.9603234639911,19.90759870999492,1.7059747091815072,-2.13138091786612,-5.0524602779234026e-14
48.57763845776959,-54.95119859623401,19.910421560599822,1.706210951901257,-2.130857602817909,-1.6841534259744676e-14
48.5847107313886,-54.94207431866901,19.9132434290541,1.7064473683622423,-2.1303342316138107,-1.6841534259744676e-14
48.59178491189352,-54.93295063338767,19.916064322290545,1.7066839586977303,-2.129810803004599,-1.6841534259744676e-14
48.598861012238665,-54.923827542478485,19.918884247241927,1.7069207230397865,-2.129287315741335,-1.6841534259744676e-14
48.60593904536877,-54.91470504802683,19.92170321084104,1.7071576615192767,-2.1287637685753698,-1.6841534259744676e-14
48.613019024218964,-54.905583152115014,19.924521220020672,1.7073947742658666,-2.128240160258341,3.368306851948935e-14
48.62010096171486,-54.896461856822135,19.927338281713585,1.7076320614080245,-2.1277164895421765,-5.0524602779234026e-14
48.62718487077242,-54.88734116422443,19.930154402852587,1.707869523073017,-2.1271927551790872,-1.6841534259744676e-14
48.634270764298144,-54.87822107639481,19.932969590370433,1.708107159386919,-2.1266689559215752,-5.0524602779234026e-14
