galstreams/tracks/track.st.NGC3201.ibata2021.ecsv
# %ECSV 1.0
# ---
# datatype:
# - {name: ra, unit: deg, datatype: float64}
# - {name: dec, unit: deg, datatype: float64}
# - {name: distance, unit: kpc, datatype: float64}
# - {name: pm_ra_cosdec, unit: mas / yr, datatype: float64}
# - {name: pm_dec, unit: mas / yr, datatype: float64}
# - {name: radial_velocity, unit: km / s, datatype: float64}
# delimiter: ','
# meta: !!omap
# - __serialized_columns__:
#     dec:
#       __class__: astropy.coordinates.angles.Latitude
#       unit: &id001 !astropy.units.Unit {unit: deg}
#       value: !astropy.table.SerializedColumn {name: dec}
#     distance:
#       __class__: astropy.coordinates.distances.Distance
#       unit: !astropy.units.Unit {unit: kpc}
#       value: !astropy.table.SerializedColumn {name: distance}
#     pm_dec:
#       __class__: astropy.units.quantity.Quantity
#       unit: !astropy.units.Unit {unit: mas / yr}
#       value: !astropy.table.SerializedColumn {name: pm_dec}
#     pm_ra_cosdec:
#       __class__: astropy.units.quantity.Quantity
#       unit: !astropy.units.Unit {unit: mas / yr}
#       value: !astropy.table.SerializedColumn {name: pm_ra_cosdec}
#     ra:
#       __class__: astropy.coordinates.angles.Longitude
#       unit: *id001
#       value: !astropy.table.SerializedColumn {name: ra}
#       wrap_angle: !astropy.coordinates.Angle
#         unit: *id001
#         value: 360.0
#     radial_velocity:
#       __class__: astropy.units.quantity.Quantity
#       unit: !astropy.units.Unit {unit: km / s}
#       value: !astropy.table.SerializedColumn {name: radial_velocity}
# schema: astropy-2.0
ra,dec,distance,pm_ra_cosdec,pm_dec,radial_velocity
[from data line 716]
157.1581097312045,-46.81849029115286,4.732452499674323,7.3749090917831275,-1.7493947271898431,484.2586337467232
157.1724851285701,-46.820426763944525,4.7333578763618895,7.369110128176188,-1.7480651874531592,483.6131049729974
157.1868618432805,-46.82236046326926,4.7342665029194055,7.36330887155959,-1.7467338223606106,482.96567711860047
157.20123987730804,-46.82429137654453,4.735178371714622,7.357505413812623,-1.7454005993976054,482.316368102169
157.21561923261157,-46.82621949118629,4.736093475115292,7.351699846789504,-1.7440654859838052,481.6651958423401
157.22999991113647,-46.82814479460916,4.7370118054891694,7.345892262319319,-1.7427284494731587,481.0121782577507
157.24438191481457,-46.83006727422633,4.737933355204004,7.340082752206027,-1.7413894571538169,480.35733326703786
157.25876524556418,-46.831986917449576,4.73885811662755,7.334271408228378,-1.7400484762481998,479.7006787888386
157.27314990529013,-46.833903711689274,4.7397860821275595,7.328458322139904,-1.7387054739129333,479.0422327417898
157.28753589588362,-46.83581764435444,4.740717244071785,7.322643585668881,-1.737360417238845,478.38201304452843
157.30192321922237,-46.83772870285268,4.741651594827978,7.316827290518263,-1.7360132732509523,477.7200376156916
157.31631187717053,-46.83963687459021,4.742589126763893,7.31100952836568,-1.7346640089084602,477.056324373916
157.3307018715787,-46.84154214697188,4.743529832247281,7.305190390863373,-1.733312591104724,476.3908912378389
157.34509320428387,-46.84344450740116,4.744473703645895,7.299369969638166,-1.7319589866672729,475.723756126097
157.35948587710945,-46.84534394328013,4.745420733327486,7.293548356291431,-1.7306031623577578,475.05493695732764
157.3738798918653,-46.847240442009515,4.74637091365981,7.287725642399046,-1.7292450848719696,474.3844516501672
157.38827525034765,-46.84913399098869,4.747324237010616,7.281901919511351,-1.7278847208397998,473.71231812325345
157.40267195433916,-46.85102457761564,4.748280695747659,7.27607727915312,-1.726522036825239,473.0385542952227
157.41707000560882,-46.852912189287,4.74924028223869,7.270251812823516,-1.725156999326373,472.3631780847123
157.43146940591203,-46.85479681339806,4.750202988851462,7.26442561199606,-1.7237895747753562,471.6862074103591
157.44587015699054,-46.856678437342744,4.751168807953724,7.258598768118589,-1.722419729538414,471.00766019079975
157.4602722605725,-46.85855704851365,4.752137731913235,7.252771372613198,-1.721047429915794,470.3275543446719
157.47467571837237,-46.86043263430204,4.753109753097744,7.246943516876242,-1.7196726421417896,469.6459077906119
157.48908053209098,-46.86230518209779,4.754084863875004,7.241115292278256,-1.7182953323847254,468.9627384472571
157.50348670341546,-46.864174679289505,4.755063056612767,7.2352867901639515,-1.7169154667469115,468.2780642332443
157.5178942340193,-46.866041113264416,4.756044323678785,7.22945810185216,-1.7155330112646574,467.59190306721047
157.5323031255623,-46.867904471408444,4.757028657440812,7.223629318635791,-1.7141479319082666,466.9042728677928
157.54671337969054,-46.869764741106174,4.758016050266599,7.217800531781796,-1.7127601945819801,466.215191553628
157.5611249980365,-46.87162190974091,4.759006494523901,7.211971832531132,-1.7113697651240098,465.5246770433533
157.57553798221878,-46.87347596469458,4.759999982580468,7.206143312098748,-1.7099766093065192,464.8327472556054
157.58995233384243,-46.87532689334786,4.7609965068040525,7.200315061673494,-1.7085806928355627,464.1394201090214
157.60436805449868,-46.877174683080085,4.761996059562408,7.194487172418128,-1.7071819813511375,463.44471352223843
157.61878514576506,-46.879019321269304,4.762998633223287,7.188659735469248,-1.7057804404271106,462.7486454138929
157.63320360920534,-46.88086079529226,4.764004220154442,7.182832841937277,-1.7043760355712632,462.0512337026224
157.64762344636958,-46.8826990925244,4.765012812723623,7.17700658290641,-1.70296873222523,461.3524963070636
157.66204465879406,-46.884534200339886,4.766024403298587,7.171181049434567,-1.7015584957645036,460.6524511458538
157.6764672480013,-46.88636610611157,4.767038984247083,7.165356332553385,-1.7001452914984299,459.95111613762947
157.69089121550005,-46.88819479721107,4.768056547936865,7.159532523268135,-1.6987290846701715,459.24850920102796
157.70531656278516,-46.89002026100868,4.769077086735685,7.153709712557751,-1.6973098404567164,458.5446482546861
157.71974329133792,-46.891842484873436,4.770100593011297,7.147887991374692,-1.6958875239688496,457.83955121724085
157.73417140262566,-46.893661456173106,4.771127059131452,7.142067450645002,-1.69446210025116,457.13323600732934
157.74860089810196,-46.895477162274176,4.7721564774639,7.136248181268212,-1.6930335342819944,456.4257205435884
157.7630317792065,-46.89728959054189,4.773188840376399,7.130430274117319,-1.691601790973472,455.71702274465497
157.77746404736524,-46.89909872834021,4.774224140236698,7.12461382003875,-1.6901668351714534,455.0071605291662
157.79189770399026,-46.90090456303187,4.775262369412548,7.118798909852316,-1.6887286316555468,454.29615181575866
157.80633275047978,-46.90270708197833,4.776303520271705,7.112985634351183,-1.68728714513907,453.58401452306987
157.82076918821826,-46.9045062725398,4.777347585181921,7.107174084301804,-1.6858423402690477,452.8707665697365
157.8352070185762,-46.906302122075274,4.778394556510945,7.101364350443941,-1.6843941816262014,452.1564258743956
157.8496462429103,-46.90809461794249,4.779444426626534,7.095556523490542,-1.6829426337249291,451.44101035568406
157.8640868625633,-46.909883747497936,4.780497187896439,7.089750694127791,-1.6814876610133105,450.724537932239
157.8785288788642,-46.91166949809689,4.781552832688412,7.083946953014992,-1.680029227873062,450.007026522697
157.89297229312797,-46.91345185709341,4.782611353370206,7.078145390784586,-1.6785672986195337,449.2884940456956
157.90741710665574,-46.91523081184031,4.78367274230957,7.072346098042076,-1.6771018375017235,448.5689584198713
157.92186332073481,-46.91700634968919,4.784736991874262,7.066549165366004,-1.6756328087022219,447.8484375638615
157.9363109366384,-46.91877845799044,4.785804094432033,7.060754683307915,-1.6741601763372262,447.1269493963026
157.95075995562595,-46.920547124093225,4.7868740423506315,7.054962742392315,-1.6726839044565125,446.40451183583235
157.9652103789429,-46.92231233534554,4.787946827997815,7.049173433116609,-1.6712039570434332,445.68114280108716
157.97966220782075,-46.924074079094126,4.789022443741333,7.043386845951111,-1.6697202980148873,444.9568602107041
157.99411544347714,-46.925832342684565,4.7901008819489395,7.037603071338946,-1.6682328912213293,444.2316819833202
158.00857008711557,-46.92758711346123,4.791182134988387,7.03182219969607,-1.6667417004467424,443.5056260375722
158.0230261399258,-46.92933837876729,4.792266195227426,7.026044321411176,-1.6652466894086064,442.7787102920975
158.03748360308347,-46.93108612594476,4.79335305503381,7.0202695268457065,-1.6637478217579318,442.05095266553286
158.05194247775023,-46.932830342334434,4.794442706775294,7.014497906333765,-1.6622450610791901,441.3223710765152
158.0664027650739,-46.93457101527596,4.795535142819628,7.008729550182108,-1.6607383708903498,440.59298344368165
158.08086446618807,-46.93630813210778,4.796630355534565,7.002964548670108,-1.6592277146428316,439.86280768566894
158.09532758221252,-46.9380416801672,4.7977283372878565,6.99720299204969,-1.6577130557214925,439.1318617211142
158.10979211425297,-46.939771646790334,4.798829080447257,6.991444970545311,-1.6561943574446385,438.4001634686545
158.12425806340102,-46.941498019312135,4.799932577380516,6.985690574353928,-1.6546715830639904,437.66773084692653
158.1387254307344,-46.943220785066416,4.801038820455391,6.979939893644922,-1.6531446957646718,436.9345817745676
158.1531942173167,-46.944939931385825,4.802147802039628,6.974193018560116,-1.651613658665207,436.2007341702144
158.16766442419743,-46.946655445601834,4.803259514500985,6.968450039213673,-1.6500784348174946,435.4662059525039
158.18213605241218,-46.94836731504483,4.804373950207211,6.9627110456921075,-1.6485389872067984,434.73101504007354
158.19660910298234,-46.950075527043985,4.805491101526061,6.956976128054213,-1.6469952787517244,433.99517935155967
158.21108357691537,-46.9517800689274,4.806610960825285,6.951245376331041,-1.645447272304235,433.25871680559965
158.22555947520453,-46.95348092802198,4.807733520472637,6.945518880525865,-1.6438949306495978,432.5216453208304
158.24003679882907,-46.95517809165355,4.808858772835871,6.939796730614109,-1.642338216506424,431.7839828158887
158.25451554875409,-46.956871547146804,4.809986710282735,6.934079016543359,-1.6407770925265819,431.0457472094117
158.26899572593067,-46.95856128182526,4.811117325180987,6.928365828233275,-1.6392115212952358,430.3069564200364
158.28347733129567,-46.9602472830114,4.812250609898376,6.9226572555755865,-1.6376414653308409,429.56762836639945
158.29796036577196,-46.96192953802653,4.813386556802655,6.916953388434022,-1.6360668870850912,428.8277809671384
158.31244483026816,-46.96360803419087,4.814525158261577,6.911254316644312,-1.6344877489429255,428.08743214088986
158.3269307256789,-46.965282758823555,4.815666406642894,6.9055601300141,-1.6329040132225074,427.34659980629067
158.3414180528845,-46.96695369924258,4.816810294314359,6.8998709183229385,-1.6313156421752186,426.60530188197805
158.3559068127513,-46.968620842764835,4.8179568136437245,6.894186771322241,-1.6297225979856762,425.863556286589
158.37039700613136,-46.97028417670619,4.819105956998742,6.888507778735233,-1.6281248427716264,425.1213809387603
158.38488863386263,-46.97194368838136,4.820257716747165,6.882834030256927,-1.6265223385840368,424.3787937571289
158.39938169676887,-46.97359936510397,4.821412085256747,6.87716561555407,-1.6249150474070255,423.63581266033225
158.4138761956597,-46.97525119418664,4.822569054895237,6.871502624265103,-1.6233029311578413,422.89245556700666
158.4283721313305,-46.97689916294081,4.82372861803039,6.865845146000154,-1.6216859516869135,422.1487403957893
158.4428695045625,-46.97854325867694,4.8248907670299594,6.8601932703409325,-1.620064070777735,421.4046850653175
158.45736831612265,-46.98018346870437,4.826055494261696,6.854547086840773,-1.6184372501469628,420.66030749422805
158.47186856676382,-46.98181978033137,4.8272227920933535,6.8489066850245095,-1.616805451444307,419.9156256011577
158.48637025722454,-46.9834521808652,4.828392652892682,6.84327215438852,-1.615168636252582,419.17065730474343
158.50087338822914,-46.98508065761201,4.829565069027438,6.8376435844006185,-1.6135267660876682,418.42542052362273
158.5153779604878,-46.986705197876944,4.830740032865369,6.83202106450005,-1.6118798023984962,417.6799331764319
158.52988397469633,-46.98832578896406,4.831917536774231,6.826404684097447,-1.6102277065670396,416.9342131818083
158.54439143153638,-46.98994241817639,4.833097573121775,6.820794532574784,-1.6085704399083145,416.1882784583888
158.55890033167532,-46.99155507281594,4.834280134275755,6.8151906992853455,-1.6069079636703396,415.4421469248106
158.57341067576624,-46.993163740183654,4.835465212603923,6.8095932735536655,-1.6052402390341332,414.6958364997102
158.587922464448,-46.994768407579485,4.836652800474032,6.804002344675519,-1.6035672271137145,413.94936510172494
158.6024356983451,-46.99636906230231,4.837842890253831,6.798418001917883,-1.6018888889560756,413.20275064949175
158.61695037806783,-46.99796569165001,4.839035474311077,6.792840334518838,-1.6002051855411654,412.4560110616476
158.63146650421217,-46.99955828291946,4.84023054501352,6.787269431687603,-1.5985160777818983,411.7091642568291
158.64598407735974,-47.0011468234065,4.841428094728912,6.7817053826044615,-1.5968215265241081,410.9622281536739
158.6605030980779,-47.00273130040597,4.842628115825008,6.776148276420722,-1.5951214925465713,410.2152206708184
158.67502356691972,-47.004311701211726,4.843830600669558,6.770598202258676,-1.5934159365609535,409.46815972689984
158.68954548442386,-47.00588801311656,4.845035541630317,6.7650552492115725,-1.5917048192118521,408.72106324055517
158.70406885111473,-47.00746022341233,4.846242931075034,6.759519506343553,-1.5899881010767078,407.97394913042126
158.71859366750235,-47.00902831938988,4.847452761371466,6.753991062689657,-1.5882657426658726,407.2268353151353
158.7331199340824,-47.01059228833906,4.848665024887361,6.748470007255726,-1.5865377044225273,406.4797397133338
158.7476476513362,-47.012152117548744,4.849879713990473,6.742956429018412,-1.5848039467227313,405.73268024365444
158.76217681973068,-47.01370779430682,4.851096821048557,6.737450416925098,-1.583064429875356,404.98567482473345
158.77670743971856,-47.0152593059002,4.852316338429363,6.731952059893891,-1.5813191141220946,404.2387413752085
158.79123951173793,-47.01680663961484,4.8535382585006435,6.726461446813571,-1.5795679596374557,403.4918978137159
158.80577303621266,-47.01834978273571,4.8547625736301505,6.72097866654355,-1.5778109265287483,402.7451620588931
158.8203080135522,-47.01988872254681,4.855989276185639,6.715503807913811,-1.5760479748360545,401.99855202937687
158.83484444415154,-47.021423446331205,4.857218358534859,6.710036959724913,-1.5742790645322398,401.2520856438041
158.84938232839136,-47.02295394137099,4.8584498130455644,6.704578210747925,-1.5725041555229184,400.50578082081216
158.86392166663785,-47.02448019494732,4.859683632085507,6.699127649724378,-1.5707232076464521,399.75965547903763
158.8784624592428,-47.02600219434039,4.860919808022441,6.6936853653662425,-1.5689361806739308,399.0137275371175
158.8930047065436,-47.02751992682947,4.862158333224115,6.688251446355878,-1.5671430343091863,398.26801491368917
158.90754840886308,-47.02903337969288,4.863399200058285,6.682825981346012,-1.565343728188731,397.52253552738875
158.9220935665098,-47.03054254020802,4.864642400892702,6.677409058959672,-1.5635382218817897,396.7773072968541
158.93664017977775,-47.03204739565133,4.86588792809512,6.672000767790163,-1.561726474890273,396.03234814072175
158.95118824894655,-47.033547933298365,4.867135774033288,6.6666011964010226,-1.55990844664875,395.2876759776289
158.96573777428122,-47.03504414042372,4.868385931074963,6.661210433325996,-1.5580840965244676,394.5433087262124
158.98028875603242,-47.03653600430113,4.869638391587895,6.655828567068968,-1.5562533838173032,393.7992643051092
158.99484119443628,-47.03802351220336,4.870893147939836,6.6504556861039585,-1.5544162677597715,393.0555606329563
159.0093950897145,-47.039506651402284,4.872150192498541,6.645091878875035,-1.552572707517018,392.3122156283906
159.0239504420742,-47.040985409168904,4.8734095176317584,6.639737233796332,-1.550722662186792,391.569247210049
159.03850725170804,-47.04245977277328,4.874671115707245,6.634391839251965,-1.5488660907994491,390.82667329656874
159.05306551879417,-47.043929729484596,4.87593497909275,6.629055783596007,-1.5470029523179214,390.0845118065867
159.06762524349625,-47.045395266571155,4.877201100156029,6.62372915515245,-1.545133205637721,389.3427806587396
159.08218642596336,-47.04685637130034,4.8784694712648315,6.618412042215171,-1.5432568095869224,388.60149777166487
159.0967490663301,-47.04831303093872,4.879740084786911,6.613104533047878,-1.541373722926151,387.8606810639993
159.11131316471648,-47.04976523275191,4.881012933090021,6.607806715884077,-1.5394839043485753,387.12034845437967
159.12587872122802,-47.05121296400469,4.882288008541914,6.602518678927039,-1.5375873124798822,386.3805178614431
159.14044573595564,-47.05265621196097,4.88356530351034,6.597240510349756,-1.535683905878284,385.64120720382675
159.15501420897573,-47.0540949638838,4.884844810363054,6.591972298294883,-1.5337736430344888,384.90243440016707
159.1695841403501,-47.05552920703534,4.886126521467809,6.586714130874736,-1.5318564823717002,384.16421736910155
159.18415553012608,-47.056958928676934,4.8874104291923555,6.581466096171223,-1.529932382245609,383.4265740292669
159.19872837833623,-47.05838411606905,4.888696525904444,6.576228282235817,-1.528001300944366,382.6895222993003
