galstreams/tracks/track.st.GD-1.ibata2021.ecsv
# %ECSV 0.9
# ---
# datatype:
# - {name: ra, unit: deg, datatype: float64}
# - {name: dec, unit: deg, datatype: float64}
# - {name: distance, unit: kpc, datatype: float64}
# - {name: pm_ra_cosdec, unit: mas / yr, datatype: float64}
# - {name: pm_dec, unit: mas / yr, datatype: float64}
# - {name: radial_velocity, unit: km / s, datatype: float64}
# delimiter: ','
# meta: !!omap
# - __serialized_columns__:
#     dec:
#       __class__: astropy.coordinates.angles.Latitude
#       unit: &id001 !astropy.units.Unit {unit: deg}
#       value: !astropy.table.SerializedColumn {name: dec}
#     distance:
#       __class__: astropy.coordinates.distances.Distance
#       unit: !astropy.units.Unit {unit: kpc}
#       value: !astropy.table.SerializedColumn {name: distance}
#     pm_dec:
#       __class__: astropy.units.quantity.Quantity
#       unit: !astropy.units.Unit {unit: mas / yr}
#       value: !astropy.table.SerializedColumn {name: pm_dec}
#     pm_ra_cosdec:
#       __class__: astropy.units.quantity.Quantity
#       unit: !astropy.units.Unit {unit: mas / yr}
#       value: !astropy.table.SerializedColumn {name: pm_ra_cosdec}
#     ra:
#       __class__: astropy.coordinates.angles.Longitude
#       unit: *id001
#       value: !astropy.table.SerializedColumn {name: ra}
#       wrap_angle: !astropy.coordinates.Angle
#         unit: *id001
#         value: 360.0
#     radial_velocity:
#       __class__: astropy.units.quantity.Quantity
#       unit: !astropy.units.Unit {unit: km / s}
#       value: !astropy.table.SerializedColumn {name: radial_velocity}
# schema: astropy-2.0
ra,dec,distance,pm_ra_cosdec,pm_dec,radial_velocity
[from data line 2478]
133.16026763481497,12.851273258190194,8.090294227520843,-3.0114166683585686,-12.24090319729229,0.0
133.16480884929317,12.860287872764786,8.089930364313986,-3.0122264012308184,-12.241946439051267,-1.6841534259744676e-14
133.1693506739133,12.869302252663484,8.089566604279279,-3.0130361568850774,-12.242988976800234,3.368306851948935e-14
133.17389310891812,12.878316397823683,8.089202947459926,-3.0138459353655795,-12.2440308105662,1.6841534259744676e-14
133.17843615455055,12.887330308182676,8.088839393899137,-3.014655736716553,-12.245071940376176,1.6841534259744676e-14
133.18297981105366,12.896343983677903,8.088475943640114,-3.0154655609822196,-12.246112366257154,0.0
133.1875240786705,12.905357424246576,8.088112596726067,-3.016275408206787,-12.24715208823611,5.0524602779234026e-14
133.19206895764424,12.914370629825962,8.0877493532002,-3.017085278434462,-12.248191106340014,1.6841534259744676e-14
133.19661444821818,12.92338360035329,8.08738621310572,-3.017895171709443,-12.249229420595814,-6.73661370389787e-14
133.20116055063562,12.932396335765734,8.087023176485832,-3.0187050880759103,-12.250267031030454,1.6841534259744676e-14
133.20570726514003,12.941408836000468,8.086660243383745,-3.019515027578049,-12.251303937670864,-1.6841534259744676e-14
133.21025459197494,12.9504211009946,8.08629741384266,-3.020324990260029,-12.25234014054396,0.0
133.21480253138392,12.959433130685191,8.08593468790579,-3.021134976166017,-12.253375639676644,1.6841534259744676e-14
133.2193510836108,12.96844492500939,8.085572065616335,-3.0219449853401636,-12.254410435095807,1.6841534259744676e-14
133.22390024889927,12.977456483904165,8.085209547017506,-3.0227550178266207,-12.255444526828319,0.0
133.22845002749327,12.98646780730652,8.084847132152502,-3.023565073669526,-12.256477914901055,-3.368306851948935e-14
133.23300041963674,12.995478895153406,8.084484821064539,-3.0243751529130147,-12.257510599340867,-3.368306851948935e-14
133.23755142557374,13.004489747381752,8.084122613796817,-3.0251852556012038,-12.258542580174582,3.368306851948935e-14
133.24210304554848,13.01350036392847,8.083760510392542,-3.0259953817782153,-12.259573857429038,5.0524602779234026e-14
133.24665527980508,13.022510744730356,8.083398510894924,-3.026805531488154,-12.26060443113105,6.73661370389787e-14
133.251208128588,13.031520889724337,8.083036615347165,-3.0276157047751187,-12.261634301307407,1.0104920555846805e-13
133.2557615921416,13.040530798847177,8.082674823792473,-3.028425901683201,-12.262663467984906,0.0
133.26031567071036,13.049540472035616,8.082313136274054,-3.0292361222564854,-12.263691931190317,-3.368306851948935e-14
133.26487036453892,13.058549909226398,8.081951552835116,-3.030046366539049,-12.26471969095041,0.0
133.26942567387192,13.067559110356209,8.081590073518864,-3.0308566345749526,-12.265746747291928,-1.6841534259744676e-14
133.27398159895418,13.076568075361731,8.0812286983685,-3.0316669264082634,-12.266773100241611,-1.6841534259744676e-14
133.27853814003055,13.085576804179581,8.080867427427236,-3.0324772420830257,-12.26779874982618,3.368306851948935e-14
133.2830952973459,13.094585296746313,8.080506260738277,-3.033287581643286,-12.268823696072355,1.6841534259744676e-14
133.28765307114537,13.10359355299859,8.080145198344828,-3.0340979451330763,-12.269847939006823,8.420767129872338e-14
133.29221146167407,13.1126015728729,8.079784240290095,-3.034908332596427,-12.270871478656275,0.0
133.2967704691772,13.121609356305735,8.079423386617286,-3.0357187440773528,-12.271894315047374,1.6841534259744676e-14
133.30133009390008,13.13061690323356,8.079062637369603,-3.0365291796198655,-12.272916448206802,8.420767129872338e-14
133.30589033608808,13.139624213592823,8.078701992590256,-3.0373396392679686,-12.273937878161187,-5.0524602779234026e-14
133.31045119598667,13.148631287319894,8.07834145232245,-3.0381501230656545,-12.27495860493717,1.0104920555846805e-13
133.31501267384147,13.157638124351118,8.07798101660939,-3.0389606310569066,-12.275978628561365,3.368306851948935e-14
133.31957476989814,13.166644724622916,8.077620685494288,-3.0397711632857076,-12.27699794906039,6.73661370389787e-14
133.32413748440243,13.175651088071547,8.07726045902034,-3.0405817197960268,-12.278016566460842,1.0104920555846805e-13
133.32870081760015,13.18465721463327,8.076900337230759,-3.0413923006318218,-12.279034480789296,0.0
133.3332647697373,13.193663104244315,8.076540320168755,-3.042202905837048,-12.280051692072322,1.6841534259744676e-14
133.33782934105983,13.202668756840893,8.076180407877525,-3.043013535455651,-12.281068200336476,3.368306851948935e-14
133.34239453181385,13.211674172359173,8.075820600400279,-3.043824189531565,-12.28208400560831,5.0524602779234026e-14
133.3469603422456,13.22067935073522,8.075460897780227,-3.0446348681087203,-12.283099107914346,3.368306851948935e-14
133.3515267726014,13.229684291905256,8.075101300060568,-3.045445571231037,-12.284113507281111,1.6841534259744676e-14
133.35609382312757,13.23868899580529,8.074741807284514,-3.0462562989424287,-12.2851272037351,5.0524602779234026e-14
133.36066149407063,13.247693462371357,8.074382419495269,-3.0470670512867972,-12.286140197302805,-1.6841534259744676e-14
133.36522978567706,13.256697691539461,8.074023136736038,-3.0478778283080414,-12.287152488010722,0.0
133.3697986981936,13.265701683245563,8.073663959050029,-3.048688630050043,-12.288164075885298,3.368306851948935e-14
133.37436823186692,13.274705437425599,8.073304886480448,-3.0494994565566853,-12.289174960952996,0.0
133.3789383869439,13.283708954015427,8.0729459190705,-3.0503103078718348,-12.29018514324025,-3.368306851948935e-14
133.38350916367142,13.292712232950999,8.072587056863393,-3.051121184039363,-12.291194622773496,3.368306851948935e-14
133.38808056229652,13.301715274168119,8.072228299902331,-3.051932085103119,-12.292203399579144,0.0
133.3926525830663,13.310718077602575,8.071869648230523,-3.0527430111069433,-12.293211473683593,1.6841534259744676e-14
133.39722522622793,13.319720643190129,8.071511101891174,-3.053553962094682,-12.294218845113232,1.6841534259744676e-14
133.40179849202872,13.32872297086653,8.071152660927487,-3.0543649381101665,-12.295225513894446,-1.6841534259744676e-14
133.406372380716,13.337725060567468,8.070794325382671,-3.0551759391972104,-12.296231480053589,5.0524602779234026e-14
133.41094689253723,13.346726912228608,8.070436095299934,-3.0559869653996268,-12.297236743617002,5.0524602779234026e-14
133.41552202773997,13.355728525785535,8.07007797072248,-3.056798016761226,-12.298241304611041,8.420767129872338e-14
133.4200977865719,13.364729901173957,8.069719951693516,-3.0576090933257998,-12.299245163062013,0.0
133.42467416928068,13.373731038329376,8.069362038256244,-3.058420195137137,-12.300248318996237,3.368306851948935e-14
133.4292511761142,13.382731937187332,8.069004230453878,-3.0592313222390217,-12.301250772440012,6.73661370389787e-14
133.43382880732034,13.39173259768333,8.068646528329618,-3.0600424746752197,-12.302252523419613,1.6841534259744676e-14
133.43840706314708,13.400733019752813,8.068288931926674,-3.060853652489495,-12.303253571961315,3.368306851948935e-14
133.44298594384256,13.409733203331232,8.067931441288245,-3.0616648557256063,-12.304253918091387,6.73661370389787e-14
133.4475654496549,13.418733148353933,8.067574056457548,-3.0624760844272867,-12.305253561836054,8.420767129872338e-14
133.45214558083245,13.427732854756378,8.06721677747778,-3.0632873386382906,-12.306252503221566,3.368306851948935e-14
133.4567263376235,13.436732322473835,8.066859604392153,-3.064098618402341,-12.307250742274137,6.73661370389787e-14
133.4613077202766,13.445731551441627,8.06650253724387,-3.0649099237631585,-12.308248279019967,-1.6841534259744676e-14
133.4658897290402,13.454730541594982,8.06614557607614,-3.065721254764454,-12.309245113485256,6.73661370389787e-14
133.47047236416302,13.46372929286916,8.065788720932163,-3.0665326114499347,-12.310241245696181,-5.0524602779234026e-14
133.47505562589367,13.472727805199336,8.065431971855155,-3.0673439938632954,-12.311236675678908,-1.6841534259744676e-14
133.47963951448108,13.481726078520676,8.065075328888312,-3.068155402048221,-12.312231403459592,1.6841534259744676e-14
133.4842240301741,13.490724112768271,8.064718792074851,-3.0689668360483937,-12.313225429064369,0.0
133.48880917322174,13.499721907877294,8.064362361457967,-3.0697782959074837,-12.314218752519373,6.73661370389787e-14
133.4933949438731,13.508719463782773,8.064006037080873,-3.0705897816691534,-12.315211373850715,5.0524602779234026e-14
133.4979813423774,13.517716780419725,8.063649818986775,-3.071401293377054,-12.316203293084497,-1.6841534259744676e-14
133.50256836898384,13.526713857723141,8.063293707218874,-3.0722128310748396,-12.317194510246814,3.368306851948935e-14
133.50715602394183,13.535710695627976,8.062937701820383,-3.073024394806133,-12.318185025363723,1.6841534259744676e-14
133.5117443075008,13.544707294069177,8.062581802834504,-3.0738359846145706,-12.319174838461299,0.0
133.5163332199103,13.553703652981547,8.062226010304444,-3.0746476005437713,-12.32016394956559,-3.368306851948935e-14
133.52092276142,13.562699772300071,8.061870324273407,-3.075459242637351,-12.321152358702635,5.0524602779234026e-14
133.5255129322796,13.57169565195952,8.061514744784603,-3.0762709109389044,-12.322140065898445,-6.73661370389787e-14
133.53010373273892,13.58069129189465,8.06115927188124,-3.077082605492029,-12.323127071179032,5.0524602779234026e-14
133.5346951630479,13.589686692040265,8.060803905606516,-3.077894326340316,-12.324113374570398,5.0524602779234026e-14
133.53928722345654,13.598681852331051,8.060448646003643,-3.0787060735273344,-12.325098976098525,-1.6841534259744676e-14
133.54387991421484,13.607676772701698,8.060093493115827,-3.079517847096658,-12.326083875789376,1.0104920555846805e-13
133.5484732355731,13.616671453086822,8.059738446986277,-3.080329647091845,-12.32706807366891,3.368306851948935e-14
133.55306718778158,13.62566589342113,8.05938350765819,-3.081141473556452,-12.328051569763078,3.368306851948935e-14
133.5576617710906,13.634660093639155,8.05902867517478,-3.0819533265340135,-12.329034364097796,5.0524602779234026e-14
133.56225698575065,13.643654053675451,8.058673949579253,-3.082765206068072,-12.330016456698988,3.368306851948935e-14
133.5668528320123,13.652647773464537,8.05831933091481,-3.083577112202153,-12.330997847592563,1.6841534259744676e-14
133.57144931012618,13.661641252940885,8.057964819224662,-3.084389044979771,-12.331978536804401,5.0524602779234026e-14
133.576046420343,13.670634492038952,8.05761041455201,-3.085201004444436,-12.332958524360384,3.368306851948935e-14
133.5806441629136,13.679627490693097,8.057256116940069,-3.086012990639648,-12.333937810286377,-6.73661370389787e-14
133.58524253808892,13.688620248837797,8.056901926432039,-3.086825003608901,-12.334916394608225,-1.6841534259744676e-14
133.58984154611997,13.697612766407348,8.056547843071124,-3.087637043395679,-12.335894277351773,-1.6841534259744676e-14
133.59444118725784,13.706605043336054,8.056193866900532,-3.088449110043456,-12.336871458542849,-1.6841534259744676e-14
133.59904146175373,13.715597079558194,8.055839997963474,-3.089261203595696,-12.33784793820724,-5.0524602779234026e-14
133.6036423698589,13.724588875008017,8.055486236303153,-3.090073324095857,-12.338823716370765,0.0
133.6082439118248,13.733580429619726,8.05513258196277,-3.0908854715873892,-12.339798793059204,1.6841534259744676e-14
133.61284608790282,13.742571743327492,8.054779034985541,-3.0916976461137318,-12.340773168298325,0.0
133.61744889834455,13.751562816065407,8.054425595414665,-3.092509847718318,-12.341746842113889,8.420767129872338e-14
133.62205234340166,13.76055364776768,8.054072263293351,-3.0933220764445672,-12.342719814531632,-8.420767129872338e-14
133.62665642332593,13.769544238368313,8.053719038664806,-3.0941343323358987,-12.343692085577292,-5.0524602779234026e-14
133.6312611383691,13.77853458780135,8.053365921572233,-3.0949466154357177,-12.344663655276587,1.0104920555846805e-13
133.63586648878322,13.787524696000805,8.053012912058838,-3.09575892578742,-12.345634523655221,1.6841534259744676e-14
133.64047247482023,13.796514562900624,8.052660010167827,-3.0965712634343943,-12.346604690738888,5.0524602779234026e-14
133.6450790967323,13.805504188434758,8.052307215942413,-3.097383628420017,-12.347574156553254,3.368306851948935e-14
133.6496863547716,13.814493572537039,8.051954529425798,-3.0981960207876633,-12.348542921123991,1.6841534259744676e-14
133.65429424919046,13.82348271514144,8.051601950661183,-3.099008440580694,-12.349510984476751,8.420767129872338e-14
133.65890278024125,13.832471616181733,8.051249479691782,-3.099820887842462,-12.350478346637171,1.6841534259744676e-14
133.6635119481765,13.841460275591714,8.0508971165608,-3.100633362616315,-12.35144500763087,5.0524602779234026e-14
133.66812175324873,13.850448693305148,8.050544861311435,-3.101445864945587,-12.35241096748347,1.6841534259744676e-14
133.67273219571067,13.859436869255749,8.050192713986903,-3.1022583948736075,-12.35337622622056,8.420767129872338e-14
133.67734327581508,13.868424803377218,8.049840674630405,-3.1030709524436935,-12.35434078386772,-1.6841534259744676e-14
133.68195499381474,13.877412495603204,8.04948874328515,-3.103883537699154,-12.355304640450534,3.368306851948935e-14
133.68656734996264,13.886399945867275,8.049136919994341,-3.1046961506832895,-12.356267795994546,0.0
133.6911803445119,13.895387154103123,8.048785204801185,-3.1055087914394,-12.357230250525308,6.73661370389787e-14
133.6957939777156,13.904374120244245,8.048433597748891,-3.1063214600107614,-12.358192004068346,1.6841534259744676e-14
133.70040824982695,13.913360844224163,8.048082098880665,-3.1071341564406527,-12.359153056649179,1.1789073981821273e-13
133.7050231610993,13.922347325976357,8.04773070823971,-3.1079468807723383,-12.36011340829331,1.0104920555846805e-13
133.70963871178606,13.931333565434276,8.047379425869233,-3.108759633049077,-12.36107305902623,6.73661370389787e-14
133.71425490214074,13.940319562531332,8.04702825181244,-3.109572413314118,-12.362032008873417,-1.6841534259744676e-14
133.7188717324169,13.949305317200844,8.04667718611254,-3.1103852216106977,-12.362990257860336,5.0524602779234026e-14
133.72348920286825,13.958290829376269,8.046326228812735,-3.1111980579820533,-12.363947806012433,5.0524602779234026e-14
133.72810731374867,13.967276098990856,8.045975379956236,-3.1120109224714017,-12.36490465335514,-1.6841534259744676e-14
133.7327260653119,13.976261125977874,8.045624639586245,-3.1128238151219576,-12.36586079991389,6.73661370389787e-14
133.73734545781207,13.985245910270578,8.04527400774597,-3.11363673597693,-12.366816245714086,3.368306851948935e-14
133.74196549150312,13.99423045180215,8.044923484478616,-3.1144496850795074,-12.367770990781125,5.0524602779234026e-14
133.74658616663925,14.003214750505776,8.044573069827392,-3.1152626624728827,-12.36872503514039,3.368306851948935e-14
133.7512074834747,14.01219880631459,8.044222763835503,-3.116075668200232,-12.369678378817252,1.6841534259744676e-14
133.75582944226386,14.02118261916163,8.04387256654615,-3.116888702304725,-12.37063102183707,-3.368306851948935e-14
133.76045204326113,14.030166188980056,8.043522478002547,-3.11770176482952,-12.371582964225173,5.0524602779234026e-14
133.76507528672107,14.039149515702862,8.043172498247895,-3.1185148558177715,-12.3725342060069,0.0
133.76969917289833,14.04813259926304,8.042822627325405,-3.1193279753126206,-12.373484747207561,-3.368306851948935e-14
133.77432370204758,14.057115439593538,8.042472865278276,-3.1201411233572047,-12.37443458785247,3.368306851948935e-14
133.77894887442366,14.066098036627281,8.042123212149722,-3.120954299994642,-12.375383727966893,6.73661370389787e-14
133.78357469028145,14.075080390297172,8.041773667982943,-3.121767505268056,-12.376332167576127,1.6841534259744676e-14
133.78820114987602,14.084062500536,8.041424232821148,-3.1225807392205476,-12.377279906705416,6.73661370389787e-14
133.79282825346243,14.093044367276688,8.041074906707545,-3.12339400189522,-12.378226945380018,0.0
