galstreams/tracks/track.st.C-5.ibata2021.ecsv
# %ECSV 1.0
# ---
# datatype:
# - {name: ra, unit: deg, datatype: float64}
# - {name: dec, unit: deg, datatype: float64}
# - {name: distance, unit: kpc, datatype: float64}
# - {name: pm_ra_cosdec, unit: mas / yr, datatype: float64}
# - {name: pm_dec, unit: mas / yr, datatype: float64}
# - {name: radial_velocity, unit: km / s, datatype: float64}
# delimiter: ','
# meta: !!omap
# - __serialized_columns__:
#     dec:
#       __class__: astropy.coordinates.angles.Latitude
#       unit: &id001 !astropy.units.Unit {unit: deg}
#       value: !astropy.table.SerializedColumn {name: dec}
#     distance:
#       __class__: astropy.coordinates.distances.Distance
#       unit: !astropy.units.Unit {unit: kpc}
#       value: !astropy.table.SerializedColumn {name: distance}
#     pm_dec:
#       __class__: astropy.units.quantity.Quantity
#       unit: !astropy.units.Unit {unit: mas / yr}
#       value: !astropy.table.SerializedColumn {name: pm_dec}
#     pm_ra_cosdec:
#       __class__: astropy.units.quantity.Quantity
#       unit: !astropy.units.Unit {unit: mas / yr}
#       value: !astropy.table.SerializedColumn {name: pm_ra_cosdec}
#     ra:
#       __class__: astropy.coordinates.angles.Longitude
#       unit: *id001
#       value: !astropy.table.SerializedColumn {name: ra}
#       wrap_angle: !astropy.coordinates.Angle
#         unit: *id001
#         value: 360.0
#     radial_velocity:
#       __class__: astropy.units.quantity.Quantity
#       unit: !astropy.units.Unit {unit: km / s}
#       value: !astropy.table.SerializedColumn {name: radial_velocity}
# schema: astropy-2.0
ra,dec,distance,pm_ra_cosdec,pm_dec,radial_velocity
[from data line 284]
116.42955530210105,35.309805582961744,4.241952856989647,-0.8085040487001489,-10.166902236409559,65.4499150716622
116.44046811957305,35.305260614175154,4.244678241397757,-0.8076493821462938,-10.162789682003574,65.49291444435117
116.45137966285654,35.300714588994055,4.247406472275275,-0.8067957046103631,-10.15868968974656,65.5369657199118
116.46228991243554,35.29616747667531,4.250137609567497,-0.8059429968478953,-10.154602032636745,65.58207876283898
116.47319884878202,35.29161924648279,4.252871713219723,-0.805091239515594,-10.150526483680519,65.6282634376277
116.48410645235572,35.28706986768739,4.25560884317725,-0.8042404131713723,-10.146462815892441,65.67552960877285
116.49501270360454,35.28251930956692,4.258349059385377,-0.8033904982744087,-10.14241080229528,65.72388714076934
116.50591758296409,35.277967541406305,4.261092421789401,-0.8025414751851612,-10.138370215920041,65.77334589811207
116.516821070858,35.2734145324974,4.263838990334622,-0.8016933241654338,-10.134340829805979,65.82391574529603
116.52772314769791,35.26886025213907,4.266588824966336,-0.8008460253784131,-10.130322417000645,65.87560654681613
116.53862379388342,35.26430466963722,4.26934198562984,-0.7999995588887052,-10.126314750559867,65.92842816716724
116.5495229898021,35.2597477543047,4.272098532270437,-0.7991539046623881,-10.12231760354781,65.98239047084434
116.56042071582961,35.255189475461385,4.274858524833421,-0.7983090425670758,-10.118330749036998,66.03750332234236
116.57131695232958,35.25062980243415,4.277622023264091,-0.7974649523719171,-10.114353960108321,66.09377658615612
116.58221167965377,35.24606870455685,4.2803890875077455,-0.7966216137477029,-10.11038700985107,66.15122012678069
116.59310487814194,35.241506151170356,4.283159777509683,-0.7957790062668746,-10.106429671362951,66.20984380871089
116.60399652812204,35.236942111622525,4.2859341532152,-0.7949371094035946,-10.10248171775012,66.2696574964417
116.61488660991004,35.23237655526821,4.288712274569595,-0.7940959025337802,-10.098542922127208,66.33067105446798
116.62577510381011,35.22780945146925,4.291494201518169,-0.7932553649351806,-10.094613057617309,66.39289434728471
116.63666199011453,35.223240769594476,4.294279994006217,-0.7924154757874002,-10.090691897352064,66.45633723938687
116.64754724910375,35.21867047901974,4.297069711979038,-0.7915762141719718,-10.086779214471626,66.52100959526923
116.65843086104648,35.21409854912786,4.29986341538193,-0.7907375590724222,-10.082874782124712,66.58692127942683
116.66931280619951,35.209524949308644,4.302661164160192,-0.7898994893742897,-10.078978373468631,66.65408215635455
116.68019306480797,35.204949648958895,4.30546301825912,-0.7890619838652144,-10.075089761669275,66.72250209054731
116.69107161710522,35.20037261748238,4.308269037624014,-0.7882250212349962,-10.071208719901186,66.79219094650004
116.70194844331282,35.19579382428989,4.311079282200172,-0.7873885800756253,-10.067335021347526,66.86315858870769
116.71282352364071,35.1912132387992,4.313893811932892,-0.7865526388813695,-10.06346843920015,66.93541488166512
116.72369683828701,35.18663083043503,4.31671268676747,-0.7857171760488155,-10.059608746659595,67.00896968986739
116.73456836743836,35.18204656862912,4.319535966649208,-0.7848821698769513,-10.055755716935106,67.08383287780926
116.74543809126955,35.17746042282019,4.322363711523401,-0.7840475985672022,-10.051909123244677,67.16001430998564
116.75630598994381,35.17287236245389,4.325195981335348,-0.7832134402235122,-10.048068738815044,67.23752385089172
116.76717204361283,35.168282356982935,4.328032836030348,-0.7823796728524113,-10.044234336881722,67.3163713650221
116.7780362324166,35.16369037586695,4.3308743355536965,-0.7815462743630595,-10.040405690689045,67.39656671687185
116.7888985364836,35.15909638857254,4.333720539850695,-0.7807132225673339,-10.03658257349013,67.47811977093602
116.79975893593075,35.154500364573344,4.33657150886664,-0.7798804951798819,-10.032764758546968,67.56104039170923
116.81061741086343,35.14990227334991,4.339427302546829,-0.7790480698181992,-10.0289520191304,67.64533844368663
116.82147394137549,35.145302084389776,4.342287980836563,-0.7782159240026871,-10.025144128520143,67.73102379136311
116.83232850754936,35.14069976718747,4.345153603681135,-0.7773840351567323,-10.021340860004834,67.81810629923353
116.84318108945591,35.13609529124445,4.348024231025847,-0.7765523806067649,-10.017541986882012,67.90659583179294
116.8540316671547,35.131488626069185,4.350899922815996,-0.775720937582363,-10.013747282458173,67.99650225353614
116.86488022069375,35.126879741177085,4.353780738996879,-0.7748896832162702,-10.009956520048775,68.08783542895802
116.87572673010969,35.122268606090515,4.356666739513799,-0.7740585945445084,-10.006169472978254,68.18060522255361
116.88657117542783,35.117655190338816,4.3595579843120476,-0.773227648506448,-10.002385914580064,68.27482149881784
116.8974135366621,35.1130394634583,4.362454533336926,-0.7723968219448749,-9.998605618196665,68.37049412224553
116.90825379381506,35.10842139499221,4.365356446533731,-0.7715660916060614,-9.994828357179571,68.46763295733172
116.91909192687804,35.10380095449077,4.368263783847764,-0.7707354341398611,-9.991053904889355,68.56624786857128
116.92992791583097,35.099178111511144,4.371176605224321,-0.7699048260997645,-9.987282034695676,68.66634872045904
116.94076174064257,35.09455283561742,4.374094970608699,-0.7690742439429941,-9.983512519977285,68.76794537749015
116.95159338127038,35.0899250963807,4.377018939946196,-0.7682436640305861,-9.979745134122062,68.87104770415931
116.9624228176606,35.08529486337899,4.379948573182113,-0.7674130626274458,-9.975979650527023,68.97566556496159
116.97325002974831,35.08066210619725,4.3828839302617455,-0.7665824159024672,-9.972215842598338,69.08180882439177
116.98407499745743,35.0760267944274,4.385825071130393,-0.7657516999285843,-9.968453483751368,69.18948734694487
116.99489770070062,35.071388897668264,4.388772055733352,-0.7649208906828608,-9.964692347410647,69.29871099711585
117.00571811937954,35.06674838552565,4.391724944015921,-0.7640899640465872,-9.960932207009936,69.40948963939954
117.01653623338467,35.06210522761226,4.3946837959234015,-0.763258895805357,-9.957172835992228,69.52183313829102
117.02735202259547,35.057459393547774,4.397648671401088,-0.7624276616491512,-9.953414007809759,69.63575135828494
117.03816546688023,35.05281085295878,4.400619630394279,-0.761596237172419,-9.949655495924041,69.7512541638765
117.04897654609633,35.048159575478785,4.403596732848272,-0.7607645978741848,-9.945897073805863,69.86835141956047
117.05978524009008,35.04350553074825,4.406580038708366,-0.7599327191581273,-9.94213851493532,69.98705298983181
117.07059152869682,35.038848688414554,4.409569607919861,-0.7591005763326586,-9.938379592801828,70.10736873918546
117.08139539174094,35.03418901813199,4.4125655004280535,-0.7582681446110273,-9.93462008090414,70.22930853211629
117.09219680903588,35.02952648956176,4.415567776178242,-0.7574353991114138,-9.930859752750361,70.35288223311935
117.10299576038416,35.02486107237203,4.418576495115722,-0.7566023148570045,-9.927098381857975,70.47809970668939
117.11379222557746,35.02019273623784,4.421591717185795,-0.7557688667761093,-9.92333574175385,70.60497081732146
117.12458618439648,35.015521450841135,4.424613502333758,-0.7549350297022239,-9.919571605974255,70.73350542951047
117.1353776166113,35.01084718587081,4.427641910504907,-0.7541007783741756,-9.91580574806489,70.86371340775123
117.14616650198093,35.00616991102263,4.430677001644545,-0.7532660874361539,-9.912037941580891,70.99560461653884
117.15695282025378,35.001489595999296,4.433718835697966,-0.752430931437857,-9.908267960086842,71.1291889203681
117.16773655116748,34.99680621051039,4.4367674726104696,-0.7515952848345848,-9.904495577156801,71.26447618373395
117.17851767444884,34.99211972427237,4.439822972327352,-0.7507591219873087,-9.900720566374318,71.40147627113137
117.18929616981399,34.98743010700865,4.442885394793914,-0.749922417162797,-9.896942701332442,71.5401990470552
117.20007201696848,34.9827373284495,4.445954799955453,-0.7490851445337219,-9.893161755633743,71.68065437600036
117.21084519560704,34.97804135833207,4.449031247757266,-0.7482472781787206,-9.88937750289032,71.82285212246191
117.2216156854139,34.9733421664004,4.452114798144654,-0.7474087920825538,-9.88558971672381,71.96680215093467
117.2323834660626,34.968639722405435,4.4552055110629105,-0.7465696601361591,-9.881798170765446,72.11251432591358
117.24314851721614,34.963933996105006,4.458303446457337,-0.7457298561367876,-9.87800263865601,72.25999851189354
117.25391081852702,34.95922495726378,4.46140866427323,-0.7448893537880998,-9.874202894045895,72.40926457336951
117.2646703496371,34.95451257565334,4.46452122445589,-0.7440481267002643,-9.870398710595094,72.56032237483639
117.27542709017786,34.94979682105211,4.467641186950613,-0.7432061483900751,-9.866589861973225,72.7131817807891
117.2861810197702,34.9450776632454,4.470768611702696,-0.742363392281054,-9.862776121859547,72.86785265572263
117.29693211802464,34.94035507202538,4.473903558657438,-0.7415198317035583,-9.858957263942973,73.02434486413178
117.3076803645413,34.93562901719109,4.47704608776014,-0.7406754398948996,-9.855133061922075,73.18266827051163
117.31842573890987,34.93089946854841,4.480196258956097,-0.7398301899994424,-9.851303289505108,73.34283273935694
117.32916822070968,34.92616639591009,4.483354132190609,-0.7389840550687312,-9.847467720410016,73.50484813516273
117.33990778950974,34.92142976909572,4.4865197674089705,-0.7381370080615803,-9.843626128364468,73.66872432242391
117.35064442486878,34.91668955793173,4.4896932245564845,-0.7372890218442127,-9.839778287105831,73.8344711656354
117.36137810633518,34.91194573225143,4.492874563578446,-0.7364400691903579,-9.83592397038122,74.0020985292921
117.37210881344713,34.90719826189495,4.496063844420152,-0.7355901227813688,-9.8320629519475,74.17161627788892
117.38283652573259,34.902447116709226,4.499261127026904,-0.7347391552063471,-9.828195005571274,74.3430342759209
117.39356122270927,34.89769226654807,4.502466471344,-0.7338871389622472,-9.82431990502894,74.51636238788284
117.40428288388478,34.89293368127212,4.505679937316736,-0.7330340464540113,-9.820437424106679,74.6916104782697
117.4150014887566,34.888171330748804,4.508901584890411,-0.7321798499946723,-9.816547336600458,74.86878841157639
117.42571701681204,34.883405184852414,4.512131474010322,-0.7313245218054796,-9.81264941631607,75.04790605229785
117.43642944752837,34.878635213464044,4.51536966462177,-0.7304680340160252,-9.808743437069115,75.22897326492908
117.44713876037277,34.87386138647159,4.518616216670048,-0.7296103586643521,-9.804829172685036,75.4119999139648
117.45784493480247,34.86908367376978,4.521871190100459,-0.7287514676970939,-9.800906396999114,75.59699586390016
117.46854795026465,34.864302045260125,4.5251346448583,-0.7278913329695906,-9.796974883856503,75.78397097922998
117.47924778619652,34.85951647085098,4.528406640888869,-0.7270299262459994,-9.793034407112206,75.9729351244491
117.48994442202542,34.85472692045742,4.53168723813746,-0.7261672191994517,-9.789084740631129,76.16389816405267
117.5006378371687,34.84993336400142,4.534976496549378,-0.7253031834121471,-9.785125658288038,76.35686996253534
117.51132801103388,34.84513577141165,4.538274476069917,-0.7244377903754939,-9.781156933967631,76.55186038439226
117.52201492301865,34.84033411262362,4.541581236644377,-0.7235710114902458,-9.777178341564504,76.74887929411824
117.53269855251082,34.83552835757962,4.544896838218053,-0.7227028180666193,-9.773189654983186,76.94793655620825
117.54337887888852,34.83071847622869,4.548221340736246,-0.7218331813244259,-9.76919064813812,77.14904203515707
117.55405588152001,34.82590443852665,4.551554804144253,-0.7209620723931995,-9.765181094953721,77.35220559545982
117.5647295397639,34.82108621443613,4.554897288387373,-0.7200894623123406,-9.761160769364334,77.55743710161137
117.57539983296911,34.81626377392646,4.558248853410903,-0.7192153220312396,-9.757129445314273,77.76474641810664
117.58606674047483,34.81143708697378,4.561609559160142,-0.7183396224094039,-9.75308689675784,77.97414340944046
117.59673024161067,34.806606123560975,4.564979465580387,-0.7174623342166071,-9.749032897659308,78.1856379401079
117.60739031569663,34.80177085367766,4.5683586326169365,-0.7165834281330157,-9.744967221992944,78.39923987460374
117.61804694204314,34.79693124732024,4.5717471202150906,-0.7157028747493288,-9.740889643743007,78.61495907742298
117.62870009995105,34.7920872744918,4.575144988320144,-0.7148206445669074,-9.736799936903795,78.83280541306063
117.63934976871178,34.78723890520223,4.578552296877399,-0.7139367079979229,-9.732697875479584,79.0527887460114
117.64999592760718,34.7823861094681,4.58196910583215,-0.7130510353654933,-9.72858323348472,79.2749189407704
117.66063855590973,34.77752885731274,4.585395475129696,-0.7121635969038169,-9.724455784943565,79.49920586183246
117.67127763288246,34.7726671187662,4.588831464715335,-0.7112743627583207,-9.720315303890516,79.72565937369254
117.68191313777899,34.76780086386524,4.592277134534366,-0.7103833029857936,-9.716161564370044,79.95428934084553
117.69254504984366,34.76293006265333,4.595732544532087,-0.7094903875545411,-9.711994340436668,80.18510562778641
117.70317334831144,34.75805468518065,4.599197754653795,-0.708595586344519,-9.707813406154973,80.4181180990101
117.71379801240799,34.75317470150413,4.60267282484479,-0.7076988691474786,-9.70361853559963,80.65333661901136
117.72441902134976,34.748290081687315,4.606157815050369,-0.7068002056671148,-9.699409502855385,80.89077105228542
117.73503635434402,34.74340079580052,4.609652785215829,-0.70589956551922,-9.695186082017088,81.13043126332691
117.74564999058872,34.73850681392071,4.613157795286471,-0.7049969182318074,-9.690948047189664,81.37232711663093
117.75625990927277,34.73360810613154,4.616672905207588,-0.7040922332452864,-9.686695172488166,81.61646847669233
117.7668660895759,34.72870464252337,4.620198174924486,-0.7031854799125932,-9.682427232037735,81.86286520800603
117.77746851066875,34.72379639319318,4.623733664382455,-0.7022766274993479,-9.678143999973651,82.11152717506702
117.78806715171294,34.71888332824469,4.627279433526798,-0.7013656451840085,-9.673845250441303,82.36246424237015
117.79866199186097,34.71396541778822,4.630835542302813,-0.7004525020580026,-9.669530757596217,82.61568627441035
117.80925301025647,34.70904263194079,4.634402050655795,-0.6995371671259174,-9.665200295604052,82.87120313568263
117.81984018603406,34.70411494082607,4.637979018531044,-0.6986196093056183,-9.660853638640607,83.12902469068179
117.83042349831938,34.69918231457434,4.64156650587386,-0.6976997974284127,-9.656490560891829,83.38916080390283
117.84100292622924,34.694244723322555,4.645164572629537,-0.6967777002392137,-9.652110836553826,83.65162133984064
117.85157844887158,34.689302137214305,4.648773278743377,-0.6958532863966891,-9.64771423983284,83.91641616299026
117.86215004534553,34.68435452639982,4.6523926841606755,-0.6949265244734204,-9.643300544945303,84.1835551378464
117.87271769474135,34.67940186103594,4.656022848826733,-0.6939973829560584,-9.638869526117794,84.45304812890414
117.88328137614066,34.67444411128613,4.659663832686844,-0.6930658302454811,-9.634420957587075,84.72490500065834
117.89384106861624,34.66948124732047,4.66331569568631,-0.6921318346569576,-9.62995461360008,84.99913561760395
117.90439675123228,34.66451323931564,4.666978497770428,-0.6911953644203086,-9.625470268413917,85.27574984423589
117.91494840304426,34.659540057454954,4.670652298884496,-0.6902563876800651,-9.62096769629589,85.55475754504909
117.92549600309907,34.65456167192829,4.6743371589738105,-0.6893148724956322,-9.616446671523487,85.83616858453841
117.93603953043498,34.649578052932135,4.678033137983674,-0.6883707868414386,-9.611906968384373,86.11999282719893
117.94657896408174,34.644589170669576,4.68174029585938,-0.6874240986071354,-9.607348361176435,86.4062401375253
