galstreams/tracks/track.st.AAU-ATLAS.ibata2021.ecsv
# %ECSV 1.0
# ---
# datatype:
# - {name: ra, unit: deg, datatype: float64}
# - {name: dec, unit: deg, datatype: float64}
# - {name: distance, unit: kpc, datatype: float64}
# - {name: pm_ra_cosdec, unit: mas / yr, datatype: float64}
# - {name: pm_dec, unit: mas / yr, datatype: float64}
# - {name: radial_velocity, unit: km / s, datatype: float64}
# delimiter: ','
# meta: !!omap
# - __serialized_columns__:
#     dec:
#       __class__: astropy.coordinates.angles.Latitude
#       unit: &id001 !astropy.units.Unit {unit: deg}
#       value: !astropy.table.SerializedColumn {name: dec}
#     distance:
#       __class__: astropy.coordinates.distances.Distance
#       unit: !astropy.units.Unit {unit: kpc}
#       value: !astropy.table.SerializedColumn {name: distance}
#     pm_dec:
#       __class__: astropy.units.quantity.Quantity
#       unit: !astropy.units.Unit {unit: mas / yr}
#       value: !astropy.table.SerializedColumn {name: pm_dec}
#     pm_ra_cosdec:
#       __class__: astropy.units.quantity.Quantity
#       unit: !astropy.units.Unit {unit: mas / yr}
#       value: !astropy.table.SerializedColumn {name: pm_ra_cosdec}
#     ra:
#       __class__: astropy.coordinates.angles.Longitude
#       unit: *id001
#       value: !astropy.table.SerializedColumn {name: ra}
#       wrap_angle: !astropy.coordinates.Angle
#         unit: *id001
#         value: 360.0
#     radial_velocity:
#       __class__: astropy.units.quantity.Quantity
#       unit: !astropy.units.Unit {unit: km / s}
#       value: !astropy.table.SerializedColumn {name: radial_velocity}
# schema: astropy-2.0
ra,dec,distance,pm_ra_cosdec,pm_dec,radial_velocity
[from data line 548]
22.50673444140879,-28.254767730173267,23.5381756563808,-0.13748345108001297,-0.7750136930129448,-97.61649652845236
22.515977446353215,-28.26056765267516,23.540446840598452,-0.1373151701596278,-0.7747340642262435,-97.59041613636036
22.525220430313507,-28.266368147781737,23.54272749548852,-0.1371469400071682,-0.7744550183302155,-97.56431236055425
22.53446339643776,-28.272169212270637,23.5450175804096,-0.13697875982709373,-0.7741765550825346,-97.53818506717133
22.543706347873496,-28.27797084291865,23.547317054720267,-0.136810628823898,-0.773898674240646,-97.5120341223486
22.55294928776791,-28.28377303650186,23.549625877779103,-0.13664254620210953,-0.7736213755617666,-97.4858593922232
22.56219221926791,-28.28957578979572,23.551944008944684,-0.13647451116628923,-0.7733446588028854,-97.4596607429323
22.571435145519864,-28.295379099574824,23.554271407575598,-0.13630652292103373,-0.7730685237207617,-97.43343804061301
22.580678069669926,-28.30118296261315,23.55660803303042,-0.13613858067097284,-0.7727929700719262,-97.40719115140249
22.589920994863682,-28.30698737568384,23.558953844667744,-0.13597068362077047,-0.7725179976126794,-97.3809199414378
22.599163924246515,-28.3127923355594,23.561308801846142,-0.1358028309751244,-0.7722436060990947,-97.35462427685614
22.608406860963306,-28.31859783901157,23.56367286392419,-0.13563502193876648,-0.771969795287015,-97.32830402379457
22.617649808158518,-28.324403882811293,23.566045990260488,-0.13546725571646245,-0.7716965649320537,-97.30195904839029
22.6268927689764,-28.33021046372892,23.568428140213598,-0.135299531513012,-0.7714239147895958,-97.27558921678038
22.6361357465606,-28.33601757853394,23.570819273142114,-0.13513184853324844,-0.7711518446147952,-97.24919439510197
22.645378744054586,-28.341825223995226,23.573219348404606,-0.1349642059820389,-0.7708803541625777,-97.22277444949218
22.65462176460123,-28.347633396880784,23.57562832535967,-0.13479660306428531,-0.770609443187638,-97.19632924608815
22.663864811343256,-28.353442093958055,23.578046163365872,-0.13462903898492112,-0.7703391114444423,-97.16985865102708
22.67310788742279,-28.35925131199361,23.580472821781797,-0.13446151294891612,-0.7700693586872253,-97.14336253044597
22.682350995981604,-28.365061047753308,23.58290825996604,-0.1342940241612725,-0.7698001846699918,-97.11684075048208
22.691594140161236,-28.370871298002378,23.58535243727717,-0.13412657182702575,-0.7695315891465173,-97.09029317727246
22.700837323102633,-28.376682059505182,23.587805313073765,-0.1339591551512464,-0.7692635718703467,-97.06371967695422
22.71008054794654,-28.382493329025472,23.590266846714417,-0.13379177333903686,-0.7689961325947936,-97.03712011566452
22.719323817833114,-28.38830510332614,23.592736997557697,-0.13362442559553506,-0.7687292710729419,-97.01049435954053
22.728567135902328,-28.39411737916949,23.595215724962195,-0.1334571111259108,-0.768462987057644,-96.9838422747193
22.73781050529362,-28.399930153316973,23.59770298828649,-0.13328982913536863,-0.7681972803015228,-96.95716372733803
22.747053929146034,-28.40574342252932,23.600198746889163,-0.13312257882914652,-0.7679321505569686,-96.9304585835338
22.756297410598368,-28.411557183566632,23.6027029601288,-0.13295535941251502,-0.767667597576142,-96.90372670944372
22.765540952788818,-28.417371433188126,23.60521558736396,-0.1327881700907797,-0.767403621110972,-96.87696797120495
22.774784558855423,-28.423186168152434,23.607736587953262,-0.13262101006927757,-0.7671402209131556,-96.85018223495467
22.784028231935586,-28.42900138521732,23.610265921255255,-0.1324538785533818,-0.7668773967341602,-96.82336936682997
22.793271975166558,-28.434817081139922,23.612803546628534,-0.13228677474849626,-0.7666151483252199,-96.79652923296793
22.80251579168501,-28.44063325267659,23.61534942343168,-0.13211969786005995,-0.7663534754373384,-96.7696616995057
22.811759684627255,-28.446449896582887,23.61790351102328,-0.1319526470935446,-0.7660923778212863,-96.74276663258047
22.821003657129324,-28.452267009613784,23.620465768761903,-0.13178562165445562,-0.7658318552276043,-96.7158438983293
22.830247712326695,-28.45808458852336,23.623036156006133,-0.13161862074833092,-0.7655719074065996,-96.68889336288932
22.839491853354616,-28.463902630065093,23.625614632114562,-0.13145164358074268,-0.7653125341083478,-96.66191489239772
22.848736083347752,-28.46972113099159,23.628201156445755,-0.1312846893572963,-0.7650537350826925,-96.63490835299162
22.857980405440586,-28.47554008805487,23.630795688358305,-0.13111775728362923,-0.7647955100792445,-96.60787361080804
22.86722482276704,-28.481359498006107,23.63339818721079,-0.13095084656541373,-0.7645378588473828,-96.58081053198424
22.87646933846063,-28.487179357595725,23.636008612361792,-0.13078395640835455,-0.7642807811362533,-96.5537189826573
22.885713955654644,-28.492999663573546,23.63862692316989,-0.13061708601818967,-0.76402427669477,-96.52659882896428
22.89495867748177,-28.49882041268847,23.641253078993675,-0.13045023460068966,-0.7637683452716124,-96.49944993704246
22.904203507074506,-28.504641601688842,23.643887039191718,-0.13028340136165872,-0.7635129866152297,-96.47227217302884
22.913448447564715,-28.510463227322106,23.6465287631226,-0.13011658550693478,-0.7632582004738356,-96.44506540306055
22.922693502084105,-28.516285286335123,23.649178210144907,-0.1299497862423874,-0.7630039865954121,-96.41782949327481
22.931938673763803,-28.522107775473884,23.651835339617218,-0.12978300277392074,-0.7627503447277075,-96.39056430980871
22.941183965734556,-28.52793069148367,23.654500110898127,-0.12961623430747127,-0.7624972746182364,-96.36326971879933
22.950429381126863,-28.53375403110914,23.657172483346187,-0.12944948004900753,-0.762244776014281,-96.33594558638383
22.95967492307061,-28.539577791094015,23.659852416320003,-0.12928273920453304,-0.7619928486628884,-96.30859177869941
22.968920594695476,-28.545401968181476,23.662539869178154,-0.12911601098008235,-0.7617414923108726,-96.28120816188306
22.978166399130565,-28.5512265591138,23.66523480127921,-0.1289492945817246,-0.7614907067048147,-96.25379460207202
22.987412339504754,-28.557051560632665,23.667937171981766,-0.12878258921556018,-0.7612404915910598,-96.22635096540333
22.996658418946378,-28.562876969478904,23.670646940644392,-0.128615894087724,-0.7609908467157205,-96.19887711801421
23.005904640583374,-28.568702782392617,23.673364066625673,-0.12844920840438262,-0.760741771824675,-96.17137292604177
23.015151007543416,-28.574528996113266,23.676088509284202,-0.1282825313717359,-0.7604932666635656,-96.1438382556231
23.024397522953578,-28.580355607379424,23.678820227978537,-0.1281158621960165,-0.7602453309778021,-96.1162729728953
23.03364418994074,-28.58618261292907,23.681559182067275,-0.12794920008348987,-0.7599979645125587,-96.0886769439956
23.042891011631156,-28.592010009499308,23.684305330908995,-0.12778254424045438,-0.7597511670127751,-96.06105003506106
23.052137991150904,-28.597837793826624,23.687058633862282,-0.1276158938732404,-0.7595049382231557,-96.03339211222875
23.06138513162548,-28.603665962646684,23.68981905028571,-0.12744924818821213,-0.7592592778881708,-96.00570304163594
23.070632436179974,-28.609494512694376,23.692586539537867,-0.12728260639176614,-0.7590141857520543,-95.97798268941968
23.07987990793924,-28.615323440703975,23.69536106097733,-0.12711596769033107,-0.7587696615588062,-95.95023092171714
23.08912755002753,-28.621152743408885,23.698142573962684,-0.12694933129036867,-0.7585257050521901,-95.92244760466532
23.09837536556885,-28.626982417541868,23.700931037852506,-0.12678269639837314,-0.7582823159757348,-95.89463260440154
23.107623357686634,-28.63281245983485,23.703726412005373,-0.12661606222087168,-0.7580394940727335,-95.86678578706277
23.116871529504092,-28.638642867019115,23.706528655779877,-0.1264494279644236,-0.757797239086243,-95.83890701878623
23.12611988414389,-28.64447363582511,23.709337728534596,-0.12628279283562105,-0.7575555507590841,-95.81099616570894
23.135368424728256,-28.650304762982568,23.712153589628112,-0.126116156041089,-0.7573144288338435,-95.78305309396822
23.144617154379187,-28.65613624522053,23.71497619841901,-0.1259495167874839,-0.7570738730528687,-95.75507766970108
23.153866076218062,-28.661968079267204,23.717805514265855,-0.12578287428149598,-0.7568338831582736,-95.72706975904455
23.16311519336604,-28.66780026185015,23.720641496527243,-0.12561622772984665,-0.7565944588919346,-95.69902922813597
23.17236450894368,-28.673632789696075,23.723484104561752,-0.12544957633929127,-0.7563555999954916,-95.6709559431123
23.18161402607132,-28.679465659531058,23.726333297727965,-0.12528291931661617,-0.7561173062103477,-95.64284977011079
23.19086374786874,-28.685298868080366,23.72918903538446,-0.125116255868641,-0.7558795772776702,-95.61471057526845
23.200113677455303,-28.69113241206846,23.732051276889823,-0.12494958520221777,-0.7556424129383875,-95.5865382247225
23.209363817950138,-28.696966288219215,23.734919981602633,-0.1247829065242298,-0.7554058129331932,-95.55833258461003
23.218614172471707,-28.702800493255616,23.737795108881468,-0.12461621904159415,-0.7551697770025426,-95.53009352106818
23.22786474413831,-28.708635023899983,23.740676618084912,-0.12444952196125925,-0.7549343048866535,-95.50182090023407
23.23711553606759,-28.71446987687385,23.74356446857155,-0.12428281449020673,-0.7546993963255071,-95.47351458824478
23.246366551376997,-28.72030504889803,23.74645861969995,-0.12411609583544952,-0.7544650510588466,-95.44517445123759
23.255617793183376,-28.726140536692533,23.749359030828714,-0.12394936520403349,-0.7542312688261766,-95.41680035534947
23.264869264603337,-28.731976336976736,23.752265661316418,-0.12378262180303529,-0.7539980493667651,-95.38839216671767
23.274120968752918,-28.737812446469167,23.755178470521617,-0.12361586483956644,-0.7537653924196424,-95.35994975147914
23.28337290874776,-28.743648861887575,23.75809741780293,-0.12344909352076855,-0.7535332977235993,-95.33147297577125
23.292625087703225,-28.749485579949127,23.76102246251892,-0.1232823070538156,-0.7533017650171892,-95.3029617057309
23.30187750873406,-28.75532259737005,23.763953564028164,-0.12311550464591509,-0.7530707940387278,-95.27441580749537
23.311130174954787,-28.76115991086597,23.76689068168926,-0.1229486855043046,-0.7528403845262904,-95.24583514720179
23.320383089479318,-28.766997517151676,23.76983377486077,-0.12278184883625537,-0.752610536217716,-95.21721959098717
23.329636255421338,-28.772835412941262,23.77278280290129,-0.1226149938490701,-0.7523812488506029,-95.18856900498874
23.338889675893967,-28.77867359494803,23.775737725169392,-0.1224481197500833,-0.7521525221623114,-95.15988325534359
23.348143354009895,-28.78451205988451,23.778698501023666,-0.12228122574666278,-0.7519243558899622,-95.13116220818888
23.357397292881558,-28.790350804462605,23.78166508982268,-0.12211431104620646,-0.7516967497704384,-95.10240572966167
23.366651495620747,-28.796189825393313,23.784637450925032,-0.12194737485614626,-0.7514697035403816,-95.07361368589913
23.375905965339047,-28.802029119387008,23.78761554368929,-0.12178041638394388,-0.7512432169361951,-95.04478594303842
23.38516070514742,-28.80786868315321,23.79059932747404,-0.1216134348370953,-0.7510172896940429,-95.01592236721666
23.39441571815659,-28.813708513400798,23.793588761637874,-0.12144642942312639,-0.7507919215498486,-94.98702282457093
23.40367100747674,-28.819548606837806,23.796583805539356,-0.12127939934959597,-0.7505671122392961,-94.95808718123843
23.41292657621758,-28.825388960171516,23.799584418537073,-0.12111234382409519,-0.7503428614978296,-94.9291153033562
23.422182427488575,-28.83122957010857,23.802590559989607,-0.12094526205424605,-0.7501191690606527,-94.90010705706145
23.431438564398565,-28.837070433354697,23.80560218925555,-0.12077815324770319,-0.749896034662729,-94.87106230849123
23.440694990056166,-28.84291154661505,23.808619265693466,-0.12061101661215207,-0.749673458038782,-94.84198092378276
23.449951707569333,-28.848752906593838,23.81164174866194,-0.12044385135531166,-0.7494514389232942,-94.8128627690731
23.459208720045854,-28.85459450999472,23.81466959751957,-0.12027665668493026,-0.749229977050507,-94.78370771049937
23.46846603059288,-28.860436353520452,23.817702771624916,-0.12010943180879086,-0.7490090721544221,-94.75451561419881
23.477723642317162,-28.86627843387304,23.820741230336576,-0.11994217593470613,-0.7487887239687987,-94.72528634630838
23.486981558325184,-28.872120747753865,23.823784933013112,-0.11977488827052074,-0.7485689322271571,-94.69601977296534
23.496239781722757,-28.8779632918634,23.826833839013126,-0.11960756802411204,-0.7483496966627737,-94.66671576030674
23.505498315615515,-28.883806062901503,23.829887907695195,-0.11944021440338759,-0.7481310170086855,-94.63737417446981
23.514757163108428,-28.889649057567134,23.832947098417886,-0.11927282661628785,-0.747912892997687,-94.60799488159152
23.52401632730623,-28.895492272558645,23.836011370539797,-0.11910540387078511,-0.7476953243623311,-94.57857774780916
23.533275811313107,-28.901335704573548,23.839080683419496,-0.11893794537488167,-0.7474783108349297,-94.54912263925979
23.54253561823278,-28.90717935030855,23.842154996415573,-0.11877045033661332,-0.7472618521475515,-94.51962942208053
23.551795751168694,-28.913023206459755,23.845234268886614,-0.1186029179640462,-0.7470459480320231,-94.49009796240851
23.56105621322366,-28.918867269722348,23.848318460191194,-0.11843534746527906,-0.7468305982199299,-94.46052812638084
23.570317007500282,-28.924711536790927,23.851407529687883,-0.11826773804844054,-0.746615802442615,-94.43091978013467
23.579578137100484,-28.930556004359147,23.854501436735283,-0.1181000889216931,-0.7464015604311776,-94.40127278980717
23.58883960512598,-28.936400669120065,23.85760014069196,-0.11793239929322863,-0.7461878719164745,-94.37158702153542
23.5981014146779,-28.94224552776591,23.860703600916512,-0.11776466837127147,-0.7459747366291208,-94.34186234145658
23.607363568856936,-28.948090576988104,23.8638117767675,-0.11759689536407786,-0.7457621542994877,-94.31209861570773
23.61662607076348,-28.95393581347746,23.866924627603517,-0.11742907947993464,-0.7455501246577034,-94.28229571042606
23.625888923497293,-28.959781233923852,23.870042112783143,-0.11726121992716093,-0.7453386474336524,-94.2524534917486
23.63515213015791,-28.965626835016586,23.873164191664955,-0.11709331591410593,-0.7451277223569772,-94.22257182581258
23.64441569384421,-28.971472613444025,23.876290823607544,-0.11692536664915198,-0.7449173491570751,-94.1926505787551
23.653679617654838,-28.977318565893917,23.87942196796948,-0.11675737134071151,-0.7447075275631,-94.16268961671327
23.662943904687864,-28.983164689053197,23.882557584109357,-0.11658932919722892,-0.744498257303963,-94.13268880582424
23.67220855804088,-28.98901097960798,23.885697631385746,-0.11642123942718013,-0.74428953810833,-94.10264801222517
23.681473580811222,-28.994857434243748,23.888842069157235,-0.11625310123907134,-0.7440813697046231,-94.07256710205307
23.690738976095577,-29.00070404964512,23.8919908567824,-0.11608491384144187,-0.7438737518210206,-94.04244594144518
23.700004746990377,-29.006550822496038,23.895143953619822,-0.11591667644286052,-0.7436666841854557,-94.01228439653858
23.709270896591413,-29.012397749479565,23.89830131902809,-0.1157483882519284,-0.7434601665256168,-93.98208233347044
23.718537427994253,-29.018244827278167,23.901462912365776,-0.11558004847727754,-0.7432541985689484,-93.95183961837783
23.727804344293837,-29.024092052573423,23.904628692991466,-0.11541165632757144,-0.7430487800426497,-93.92155611739797
23.737071648584685,-29.02993942204614,23.907798620263744,-0.1152432110115052,-0.742843910673674,-93.89123169666789
23.746339343961015,-29.03578693237651,23.91097265354119,-0.11507471173780365,-0.7426395901887306,-93.86086622232473
23.755607433516392,-29.041634580243784,23.914150752182373,-0.11490615771522483,-0.7424358183142832,-93.8304595605057
