galstreams/tracks/track.st.Eridanus.myeong2017.ecsv
# %ECSV 0.9
# ---
# datatype:
# - {name: ra, unit: deg, datatype: float64}
# - {name: dec, unit: deg, datatype: float64}
# - {name: distance, unit: kpc, datatype: float64}
# - {name: pm_ra_cosdec, unit: mas / yr, datatype: float64}
# - {name: pm_dec, unit: mas / yr, datatype: float64}
# - {name: radial_velocity, unit: km / s, datatype: float64}
# delimiter: ','
# meta: !!omap
# - __serialized_columns__:
#     dec:
#       __class__: astropy.coordinates.angles.Latitude
#       unit: &id001 !astropy.units.Unit {unit: deg}
#       value: !astropy.table.SerializedColumn {name: dec}
#     distance:
#       __class__: astropy.coordinates.distances.Distance
#       unit: !astropy.units.Unit {unit: kpc}
#       value: !astropy.table.SerializedColumn {name: distance}
#     pm_dec:
#       __class__: astropy.units.quantity.Quantity
#       unit: !astropy.units.Unit {unit: mas / yr}
#       value: !astropy.table.SerializedColumn {name: pm_dec}
#     pm_ra_cosdec:
#       __class__: astropy.units.quantity.Quantity
#       unit: !astropy.units.Unit {unit: mas / yr}
#       value: !astropy.table.SerializedColumn {name: pm_ra_cosdec}
#     ra:
#       __class__: astropy.coordinates.angles.Longitude
#       unit: *id001
#       value: !astropy.table.SerializedColumn {name: ra}
#       wrap_angle: !astropy.coordinates.Angle
#         unit: *id001
#         value: 360.0
#     radial_velocity:
#       __class__: astropy.units.quantity.Quantity
#       unit: !astropy.units.Unit {unit: km / s}
#       value: !astropy.table.SerializedColumn {name: radial_velocity}
# schema: astropy-2.0
ra,dec,distance,pm_ra_cosdec,pm_dec,radial_velocity
65.97858431221823,-21.41671333293569,95.00000000000001,0.0,0.0,0.0
65.98066421757883,-21.414402181291084,94.99999999999999,0.0,0.0,0.0
65.98274410869372,-21.412091044366573,95.0,0.0,0.0,0.0
65.98482398557137,-21.409779922164056,95.00000000000001,0.0,0.0,0.0
65.98690384822011,-21.407468814685576,94.99999999999999,0.0,0.0,0.0
65.98898369664839,-21.405157721933,94.99999999999999,0.0,0.0,0.0
65.99106353086464,-21.40284664390828,94.99999999999999,0.0,0.0,0.0
65.99314335087733,-21.40053558061331,95.0,0.0,0.0,0.0
65.9952231566948,-21.39822453205011,94.99999999999999,0.0,0.0,0.0
65.99730294832551,-21.39591349822059,94.99999999999999,0.0,0.0,0.0
65.99938272577789,-21.393602479126674,94.99999999999999,0.0,0.0,0.0
66.00146248906034,-21.3912914747703,95.0,0.0,0.0,0.0
66.00354223818131,-21.388980485153372,94.99999999999999,0.0,0.0,0.0
66.00562197314916,-21.386669510277898,94.99999999999999,0.0,0.0,0.0
66.00770169397238,-21.384358550145794,95.0,0.0,0.0,0.0
66.0097814006593,-21.382047604758988,94.99999999999999,0.0,0.0,0.0
66.01186109321844,-21.37973667411942,94.99999999999999,0.0,0.0,0.0
66.01394077165817,-21.377425758228988,94.99999999999999,0.0,0.0,0.0
66.01602043598687,-21.375114857089706,94.99999999999997,0.0,0.0,0.0
66.018100086213,-21.37280397070349,94.99999999999997,0.0,0.0,0.0
66.02017972234495,-21.37049309907226,94.99999999999999,0.0,0.0,0.0
66.02225934439117,-21.368182242197918,94.99999999999999,0.0,0.0,0.0
66.02433895236004,-21.36587140008249,95.0,0.0,0.0,0.0
66.02641854625998,-21.36356057272788,94.99999999999999,0.0,0.0,0.0
66.02849812609938,-21.361249760136012,94.99999999999999,0.0,0.0,0.0
66.03057769188669,-21.358938962308834,95.0,0.0,0.0,0.0
66.03265724363035,-21.35662817924824,95.0,0.0,0.0,0.0
66.0347367813387,-21.35431741095626,94.99999999999999,0.0,0.0,0.0
66.03681630502017,-21.35200665743478,95.0,0.0,0.0,0.0
66.03889581468317,-21.34969591868575,95.0,0.0,0.0,0.0
66.04097531033614,-21.347385194711105,95.0,0.0,0.0,0.0
66.0430547919875,-21.345074485512736,95.00000000000001,0.0,0.0,0.0
66.04513425964558,-21.342763791092672,95.00000000000001,0.0,0.0,0.0
66.04721371331884,-21.340453111452824,94.99999999999999,0.0,0.0,0.0
66.04929315301568,-21.338142446595107,95.0,0.0,0.0,0.0
66.05137257874455,-21.335831796521433,95.0,0.0,0.0,0.0
66.05345199051378,-21.333521161233826,95.0,0.0,0.0,0.0
66.0555313883318,-21.331210540734176,95.00000000000001,0.0,0.0,0.0
66.05761077220701,-21.328899935024435,95.00000000000001,0.0,0.0,0.0
66.05969014214786,-21.32658934410653,95.0,0.0,0.0,0.0
66.06176949816275,-21.32427876798237,95.0,0.0,0.0,0.0
66.06384884026001,-21.321968206653974,95.0,0.0,0.0,0.0
66.06592816844808,-21.319657660123227,95.00000000000001,0.0,0.0,0.0
66.06800748273538,-21.3173471283921,94.99999999999999,0.0,0.0,0.0
66.07008678313032,-21.31503661146251,95.0,0.0,0.0,0.0
66.0721660696413,-21.312726109336353,95.0,0.0,0.0,0.0
66.07424534227667,-21.31041562201566,95.00000000000001,0.0,0.0,0.0
66.07632460104487,-21.30810514950234,95.00000000000001,0.0,0.0,0.0
66.07840384595428,-21.305794691798326,95.0,0.0,0.0,0.0
66.08048307701337,-21.3034842489055,95.00000000000001,0.0,0.0,0.0
66.08256229423043,-21.30117382082591,95.00000000000001,0.0,0.0,0.0
66.08464149761392,-21.298863407561445,95.0,0.0,0.0,0.0
66.08672068717222,-21.296553009114042,95.0,0.0,0.0,0.0
66.08879986291373,-21.294242625485648,95.00000000000001,0.0,0.0,0.0
66.09087902484688,-21.291932256678162,94.99999999999999,0.0,0.0,0.0
66.09295817298002,-21.289621902693597,94.99999999999999,0.0,0.0,0.0
66.09503730732155,-21.28731156353387,95.0,0.0,0.0,0.0
66.09711642787987,-21.28500123920091,95.00000000000001,0.0,0.0,0.0
66.09919553466341,-21.282690929696617,94.99999999999999,0.0,0.0,0.0
66.10127462768051,-21.280380635023025,95.00000000000001,0.0,0.0,0.0
66.10335370693957,-21.27807035518202,95.0,0.0,0.0,0.0
66.105432772449,-21.275760090175545,94.99999999999999,0.0,0.0,0.0
66.10751182421718,-21.273449840005554,95.0,0.0,0.0,0.0
66.10959086225257,-21.27113960467393,95.0,0.0,0.0,0.0
66.11166988656346,-21.268829384182713,95.0,0.0,0.0,0.0
66.11374889715827,-21.26651917853379,95.0,0.0,0.0,0.0
66.11582789404542,-21.264208987729113,94.99999999999999,0.0,0.0,0.0
66.11790687723327,-21.26189881177062,95.0,0.0,0.0,0.0
66.11998584673026,-21.2595886506602,94.99999999999999,0.0,0.0,0.0
66.1220648025447,-21.257278504399892,95.0,0.0,0.0,0.0
66.124143744685,-21.2549683729916,95.00000000000001,0.0,0.0,0.0
66.12622267315957,-21.252658256437247,95.00000000000001,0.0,0.0,0.0
66.12830158797684,-21.250348154738745,95.00000000000004,0.0,0.0,0.0
66.13038048914508,-21.24803806789811,95.00000000000001,0.0,0.0,0.0
66.13245937667276,-21.245727995917264,95.00000000000001,0.0,0.0,0.0
66.13453825056823,-21.243417938798135,95.00000000000001,0.0,0.0,0.0
66.13661711083991,-21.241107896542648,95.00000000000004,0.0,0.0,0.0
66.13869595749618,-21.23879786915273,95.00000000000003,0.0,0.0,0.0
66.14077479054536,-21.236487856630397,95.00000000000001,0.0,0.0,0.0
66.1428536099959,-21.234177858977546,95.00000000000001,0.0,0.0,0.0
66.14493241585615,-21.23186787619613,95.00000000000003,0.0,0.0,0.0
66.1470112081345,-21.229557908288083,95.0,0.0,0.0,0.0
66.14908998683939,-21.227247955255294,95.00000000000001,0.0,0.0,0.0
66.15116875197907,-21.224938017099817,95.00000000000001,0.0,0.0,0.0
66.15324750356201,-21.222628093823527,95.00000000000001,0.0,0.0,0.0
66.15532624159658,-21.22031818542838,95.00000000000001,0.0,0.0,0.0
66.15740496609118,-21.21800829191627,95.00000000000001,0.0,0.0,0.0
66.15948367705414,-21.215698413289225,95.00000000000001,0.0,0.0,0.0
66.16156237449384,-21.21338854954916,95.00000000000001,0.0,0.0,0.0
66.16364105841866,-21.211078700698,95.00000000000001,0.0,0.0,0.0
66.16571972883702,-21.208768866737692,95.00000000000003,0.0,0.0,0.0
66.1677983857573,-21.206459047670133,95.00000000000001,0.0,0.0,0.0
66.16987702918779,-21.204149243497362,95.00000000000001,0.0,0.0,0.0
66.17195565913693,-21.201839454221272,95.00000000000001,0.0,0.0,0.0
66.17403427561308,-21.199529679843803,95.00000000000001,0.0,0.0,0.0
66.17611287862462,-21.19721992036691,95.00000000000003,0.0,0.0,0.0
66.17819146817996,-21.19491017579248,95.00000000000003,0.0,0.0,0.0
66.18027004428738,-21.19260044612255,95.00000000000001,0.0,0.0,0.0
66.18234860695533,-21.190290731359024,95.00000000000001,0.0,0.0,0.0
66.18442715619213,-21.18798103150384,95.00000000000001,0.0,0.0,0.0
66.18650569200621,-21.185671346558905,95.00000000000001,0.0,0.0,0.0
66.18858421440592,-21.183361676526218,95.00000000000003,0.0,0.0,0.0
66.1906627233996,-21.18105202140771,95.00000000000001,0.0,0.0,0.0
66.19274121899564,-21.178742381205318,95.00000000000001,0.0,0.0,0.0
66.1948197012024,-21.176432755920974,95.00000000000001,0.0,0.0,0.0
66.19689817002828,-21.17412314555665,95.00000000000001,0.0,0.0,0.0
66.1989766254816,-21.171813550114262,95.00000000000001,0.0,0.0,0.0
66.20105506757076,-21.16950396959577,95.00000000000001,0.0,0.0,0.0
66.20313349630412,-21.167194404003116,95.00000000000001,0.0,0.0,0.0
66.20521191169006,-21.164884853338233,95.00000000000003,0.0,0.0,0.0
66.2072903137369,-21.162575317603082,95.0,0.0,0.0,0.0
66.20936870245308,-21.16026579679959,95.00000000000003,0.0,0.0,0.0
66.2114470778469,-21.157956290929718,95.00000000000001,0.0,0.0,0.0
66.21352543992676,-21.1556467999954,95.00000000000001,0.0,0.0,0.0
66.21560378870099,-21.153337323998574,95.00000000000001,0.0,0.0,0.0
66.21768212417798,-21.151027862941195,95.00000000000001,0.0,0.0,0.0
66.21976044636608,-21.14871841682521,95.00000000000001,0.0,0.0,0.0
66.22183875527368,-21.146408985652563,95.0,0.0,0.0,0.0
66.22391705090911,-21.144099569425187,95.0,0.0,0.0,0.0
66.22599533328074,-21.141790168145036,95.00000000000001,0.0,0.0,0.0
66.22807360239693,-21.139480781814047,95.00000000000001,0.0,0.0,0.0
66.23015185826605,-21.137171410434178,95.00000000000001,0.0,0.0,0.0
66.23223010089644,-21.13486205400736,95.00000000000001,0.0,0.0,0.0
66.23430833029649,-21.132552712535546,95.00000000000003,0.0,0.0,0.0
66.23638654647452,-21.13024338602068,95.00000000000001,0.0,0.0,0.0
66.2384647494389,-21.127934074464704,95.0,0.0,0.0,0.0
66.24054293919802,-21.12562477786957,95.00000000000001,0.0,0.0,0.0
66.24262111576019,-21.12331549623721,95.00000000000001,0.0,0.0,0.0
66.24469927913381,-21.12100622956958,95.00000000000001,0.0,0.0,0.0
66.2467774293272,-21.118696977868623,95.00000000000001,0.0,0.0,0.0
66.24885556634871,-21.116387741136286,95.00000000000001,0.0,0.0,0.0
66.25093369020674,-21.11407851937451,95.00000000000001,0.0,0.0,0.0
66.25301180090959,-21.111769312585235,95.00000000000001,0.0,0.0,0.0
66.25508989846567,-21.10946012077042,95.00000000000001,0.0,0.0,0.0
66.25716798288329,-21.10715094393201,95.00000000000001,0.0,0.0,0.0
66.2592460541708,-21.10484178207194,95.00000000000001,0.0,0.0,0.0
66.2613241123366,-21.10253263519216,95.00000000000001,0.0,0.0,0.0
66.26340215738901,-21.100223503294615,95.00000000000004,0.0,0.0,0.0
66.26548018933634,-21.09791438638125,95.00000000000003,0.0,0.0,0.0
66.26755820818701,-21.09560528445402,95.00000000000003,0.0,0.0,0.0
66.26963621394934,-21.093296197514864,95.00000000000001,0.0,0.0,0.0
66.27171420663169,-21.09098712556572,95.0,0.0,0.0,0.0
66.27379218624239,-21.088678068608548,95.00000000000001,0.0,0.0,0.0
66.27587015278978,-21.086369026645283,95.00000000000001,0.0,0.0,0.0
66.27794810628224,-21.084059999677883,95.00000000000003,0.0,0.0,0.0
66.28002604672811,-21.081750987708283,95.00000000000003,0.0,0.0,0.0
66.28210397413571,-21.079441990738445,95.00000000000001,0.0,0.0,0.0
66.28418188851343,-21.077133008770286,95.00000000000001,0.0,0.0,0.0
66.28625978986956,-21.07482404180578,95.00000000000001,0.0,0.0,0.0
66.2883376782125,-21.072515089846867,95.0,0.0,0.0,0.0
66.29041555355057,-21.07020615289548,95.00000000000001,0.0,0.0,0.0
66.29249341589211,-21.06789723095358,95.00000000000004,0.0,0.0,0.0
66.29457126524545,-21.065588324023118,95.00000000000001,0.0,0.0,0.0
66.29664910161897,-21.063279432106025,95.00000000000001,0.0,0.0,0.0
66.298726925021,-21.06097055520426,95.00000000000003,0.0,0.0,0.0
66.30080473545986,-21.058661693319763,95.00000000000003,0.0,0.0,0.0
66.30288253294391,-21.056352846454484,95.00000000000004,0.0,0.0,0.0
66.30496031748149,-21.05404401461037,95.00000000000004,0.0,0.0,0.0
66.30703808908093,-21.051735197789366,95.00000000000001,0.0,0.0,0.0
66.30911584775059,-21.049426395993418,95.00000000000004,0.0,0.0,0.0
66.31119359349879,-21.04711760922448,95.00000000000004,0.0,0.0,0.0
66.31327132633388,-21.044808837484496,95.00000000000004,0.0,0.0,0.0
66.31534904626417,-21.042500080775405,95.00000000000004,0.0,0.0,0.0
66.31742675329805,-21.040191339099167,95.00000000000003,0.0,0.0,0.0
66.3195044474438,-21.03788261245772,95.00000000000001,0.0,0.0,0.0
66.32158212870982,-21.035573900853016,95.00000000000004,0.0,0.0,0.0
66.32365979710438,-21.033265204287005,95.00000000000001,0.0,0.0,0.0
66.32573745263588,-21.03095652276163,95.00000000000006,0.0,0.0,0.0
66.32781509531259,-21.028647856278845,95.00000000000004,0.0,0.0,0.0
66.3298927251429,-21.026339204840585,95.00000000000004,0.0,0.0,0.0
66.3319703421351,-21.024030568448808,95.00000000000003,0.0,0.0,0.0
66.33404794629755,-21.021721947105462,95.00000000000003,0.0,0.0,0.0
66.33612553763857,-21.0194133408125,95.00000000000003,0.0,0.0,0.0
66.33820311616651,-21.01710474957185,95.00000000000004,0.0,0.0,0.0
66.34028068188967,-21.014796173385474,95.00000000000001,0.0,0.0,0.0
66.34235823481643,-21.012487612255327,95.00000000000001,0.0,0.0,0.0
66.34443577495507,-21.010179066183344,95.00000000000004,0.0,0.0,0.0
66.34651330231395,-21.007870535171477,95.00000000000003,0.0,0.0,0.0
66.34859081690139,-21.005562019221678,95.00000000000004,0.0,0.0,0.0
66.35066831872572,-21.003253518335892,95.00000000000001,0.0,0.0,0.0
66.35274580779527,-21.000945032516075,95.00000000000001,0.0,0.0,0.0
66.35482328411837,-20.99863656176416,95.00000000000001,0.0,0.0,0.0
66.35690074770336,-20.996328106082114,95.00000000000003,0.0,0.0,0.0
66.35897819855853,-20.994019665471868,95.00000000000003,0.0,0.0,0.0
66.36105563669224,-20.991711239935384,95.00000000000004,0.0,0.0,0.0
66.36313306211281,-20.9894028294746,95.00000000000004,0.0,0.0,0.0
66.36521047482856,-20.987094434091482,95.00000000000001,0.0,0.0,0.0
66.3672878748478,-20.984786053787957,95.00000000000004,0.0,0.0,0.0
66.36936526217889,-20.982477688565996,95.00000000000003,0.0,0.0,0.0
66.37144263683012,-20.980169338427523,95.00000000000004,0.0,0.0,0.0
66.37351999880983,-20.97786100337451,95.00000000000004,0.0,0.0,0.0
66.37559734812633,-20.9755526834089,95.00000000000003,0.0,0.0,0.0
66.37767468478798,-20.97324437853263,95.00000000000004,0.0,0.0,0.0
66.37975200880304,-20.97093608874766,95.00000000000003,0.0,0.0,0.0
66.38182932017989,-20.968627814055946,95.00000000000003,0.0,0.0,0.0
66.38390661892683,-20.96631955445942,95.00000000000004,0.0,0.0,0.0
66.38598390505216,-20.96401130996005,95.00000000000004,0.0,0.0,0.0
66.38806117856421,-20.96170308055978,95.00000000000001,0.0,0.0,0.0
66.39013843947133,-20.95939486626054,95.00000000000004,0.0,0.0,0.0
66.3922156877818,-20.957086667064306,95.00000000000003,0.0,0.0,0.0
