galstreams/tracks/track.po.PS1-C.bernard2016.ecsv
# %ECSV 1.0
# ---
# datatype:
# - {name: ra, unit: deg, datatype: float64}
# - {name: dec, unit: deg, datatype: float64}
# - {name: distance, unit: kpc, datatype: float64}
# - {name: pm_ra_cosdec, unit: mas / yr, datatype: float64}
# - {name: pm_dec, unit: mas / yr, datatype: float64}
# - {name: radial_velocity, unit: km / s, datatype: float64}
# delimiter: ','
# meta: !!omap
# - __serialized_columns__:
#     dec:
#       __class__: astropy.coordinates.angles.Latitude
#       unit: &id001 !astropy.units.Unit {unit: deg}
#       value: !astropy.table.SerializedColumn {name: dec}
#     distance:
#       __class__: astropy.coordinates.distances.Distance
#       unit: !astropy.units.Unit {unit: kpc}
#       value: !astropy.table.SerializedColumn {name: distance}
#     pm_dec:
#       __class__: astropy.units.quantity.Quantity
#       unit: !astropy.units.Unit {unit: mas / yr}
#       value: !astropy.table.SerializedColumn {name: pm_dec}
#     pm_ra_cosdec:
#       __class__: astropy.units.quantity.Quantity
#       unit: !astropy.units.Unit {unit: mas / yr}
#       value: !astropy.table.SerializedColumn {name: pm_ra_cosdec}
#     ra:
#       __class__: astropy.coordinates.angles.Longitude
#       unit: *id001
#       value: !astropy.table.SerializedColumn {name: ra}
#       wrap_angle: !astropy.coordinates.Angle
#         unit: *id001
#         value: 360.0
#     radial_velocity:
#       __class__: astropy.units.quantity.Quantity
#       unit: !astropy.units.Unit {unit: km / s}
#       value: !astropy.table.SerializedColumn {name: radial_velocity}
# schema: astropy-2.0
ra,dec,distance,pm_ra_cosdec,pm_dec,radial_velocity
330.2156364472797,11.71171899023193,17.399999999999608,0.0,0.0,0.0
330.22145175083284,11.719954904412004,17.399999999999615,0.0,0.0,0.0
330.2272674012201,11.728190701191961,17.399999999999622,0.0,0.0,0.0
330.2330833987077,11.736426380479845,17.39999999999963,0.0,0.0,0.0
330.2388997435624,11.744661942183876,17.399999999999633,0.0,0.0,0.0
330.24471643605057,11.75289738621211,17.399999999999636,0.0,0.0,0.0
330.2505334764387,11.761132712472588,17.399999999999647,0.0,0.0,0.0
330.2563508649935,11.76936792087346,17.399999999999654,0.0,0.0,0.0
330.2621686019816,11.777603011322682,17.399999999999658,0.0,0.0,0.0
330.2679866876697,11.785837983728378,17.399999999999665,0.0,0.0,0.0
330.2738051223246,11.794072837998497,17.399999999999668,0.0,0.0,0.0
330.2796239062129,11.802307574040992,17.39999999999968,0.0,0.0,0.0
330.2854430396017,11.810542191763908,17.399999999999682,0.0,0.0,0.0
330.29126252275773,11.818776691075156,17.39999999999969,0.0,0.0,0.0
330.29708235594785,11.827011071882618,17.399999999999697,0.0,0.0,0.0
330.3029025394392,11.835245334094289,17.3999999999997,0.0,0.0,0.0
330.30872307349864,11.843479477617974,17.399999999999707,0.0,0.0,0.0
330.3145439583934,11.851713502361626,17.39999999999971,0.0,0.0,0.0
330.32036519439055,11.859947408233058,17.399999999999718,0.0,0.0,0.0
330.3261867817571,11.868181195140044,17.399999999999718,0.0,0.0,0.0
330.3320087207604,11.876414862990497,17.39999999999973,0.0,0.0,0.0
330.33783101166773,11.884648411692108,17.399999999999732,0.0,0.0,0.0
330.3436536547463,11.892881841152745,17.399999999999736,0.0,0.0,0.0
330.34947665026345,11.901115151280113,17.399999999999743,0.0,0.0,0.0
330.35529999848654,11.909348341981897,17.39999999999975,0.0,0.0,0.0
330.3611236996832,11.917581413165903,17.399999999999753,0.0,0.0,0.0
330.3669477541207,11.925814364739729,17.399999999999757,0.0,0.0,0.0
330.37277216206667,11.93404719661114,17.39999999999976,0.0,0.0,0.0
330.3785969237887,11.942279908687745,17.399999999999768,0.0,0.0,0.0
330.3844220395543,11.950512500877124,17.39999999999977,0.0,0.0,0.0
330.39024750963125,11.958744973086995,17.39999999999977,0.0,0.0,0.0
330.3960733342872,11.966977325224855,17.39999999999978,0.0,0.0,0.0
330.40189951378994,11.975209557198367,17.39999999999978,0.0,0.0,0.0
330.4077260484074,11.983441668915038,17.39999999999979,0.0,0.0,0.0
330.4135529384072,11.991673660282364,17.399999999999793,0.0,0.0,0.0
330.4193801840574,11.999905531207943,17.399999999999796,0.0,0.0,0.0
330.42520778562584,12.008137281599183,17.3999999999998,0.0,0.0,0.0
330.4310357433806,12.016368911363646,17.399999999999807,0.0,0.0,0.0
330.43686405758973,12.024600420408744,17.399999999999807,0.0,0.0,0.0
330.44269272852125,12.032831808641866,17.399999999999814,0.0,0.0,0.0
330.4485217564434,12.041063075970513,17.399999999999814,0.0,0.0,0.0
330.4543511416242,12.049294222301997,17.399999999999817,0.0,0.0,0.0
330.4601808843321,12.057525247543781,17.399999999999817,0.0,0.0,0.0
330.4660109848352,12.065756151603171,17.39999999999982,0.0,0.0,0.0
330.47184144340184,12.073986934387456,17.399999999999824,0.0,0.0,0.0
330.4776722603005,12.082217595804046,17.399999999999828,0.0,0.0,0.0
330.4835034357994,12.090448135760145,17.39999999999983,0.0,0.0,0.0
330.4893349701672,12.098678554163115,17.399999999999835,0.0,0.0,0.0
330.49516686367235,12.106908850920169,17.39999999999984,0.0,0.0,0.0
330.5009991165834,12.115139025938493,17.399999999999842,0.0,0.0,0.0
330.50683172916894,12.123369079125391,17.399999999999842,0.0,0.0,0.0
330.51266470169764,12.13159901038802,17.399999999999846,0.0,0.0,0.0
330.5184980344382,12.139828819633495,17.39999999999985,0.0,0.0,0.0
330.5243317276594,12.148058506769074,17.399999999999853,0.0,0.0,0.0
330.53016578162993,12.156288071701791,17.399999999999853,0.0,0.0,0.0
330.5360001966188,12.164517514338858,17.39999999999986,0.0,0.0,0.0
330.5418349728948,12.17274683458732,17.399999999999856,0.0,0.0,0.0
330.54767011072676,12.180976032354199,17.39999999999986,0.0,0.0,0.0
330.55350561038387,12.189205107546648,17.399999999999864,0.0,0.0,0.0
330.559341472135,12.1974340600716,17.399999999999864,0.0,0.0,0.0
330.56517769624935,12.205662889836166,17.399999999999867,0.0,0.0,0.0
330.57101428299603,12.21389159674729,17.399999999999867,0.0,0.0,0.0
330.5768512326441,12.222120180711899,17.39999999999987,0.0,0.0,0.0
330.58268854546293,12.230348641637034,17.39999999999987,0.0,0.0,0.0
330.5885262217217,12.238576979429533,17.39999999999987,0.0,0.0,0.0
330.5943642616898,12.246805193996405,17.399999999999874,0.0,0.0,0.0
330.6002026656365,12.255033285244487,17.399999999999878,0.0,0.0,0.0
330.6060414338313,12.263261253080607,17.39999999999988,0.0,0.0,0.0
330.6118805665436,12.271489097411706,17.39999999999988,0.0,0.0,0.0
330.617720064043,12.279716818144522,17.399999999999885,0.0,0.0,0.0
330.62355992659894,12.287944415185954,17.39999999999988,0.0,0.0,0.0
330.6294001544811,12.296171888442746,17.39999999999989,0.0,0.0,0.0
330.6352407479591,12.304399237821615,17.399999999999892,0.0,0.0,0.0
330.6410817073027,12.312626463229416,17.399999999999885,0.0,0.0,0.0
330.64692303278156,12.320853564572767,17.399999999999892,0.0,0.0,0.0
330.6527647246656,12.329080541758467,17.399999999999892,0.0,0.0,0.0
330.65860678322457,12.337307394693164,17.399999999999892,0.0,0.0,0.0
330.6644492087283,12.345534123283475,17.399999999999896,0.0,0.0,0.0
330.6702920014469,12.353760727436134,17.399999999999896,0.0,0.0,0.0
330.6761351616502,12.361987207057677,17.399999999999896,0.0,0.0,0.0
330.68197868960846,12.370213562054797,17.3999999999999,0.0,0.0,0.0
330.68782258559156,12.378439792334033,17.3999999999999,0.0,0.0,0.0
330.69366684986966,12.386665897801894,17.399999999999903,0.0,0.0,0.0
330.699511482713,12.394891878365025,17.399999999999906,0.0,0.0,0.0
330.7053564843918,12.40311773392984,17.399999999999906,0.0,0.0,0.0
330.71120185517645,12.411343464402949,17.399999999999906,0.0,0.0,0.0
330.717047595337,12.419569069690775,17.39999999999991,0.0,0.0,0.0
330.7228937051441,12.427794549699732,17.39999999999991,0.0,0.0,0.0
330.72874018486806,12.436019904336348,17.39999999999991,0.0,0.0,0.0
330.7345870347794,12.444245133507003,17.399999999999913,0.0,0.0,0.0
330.74043425514856,12.452470237118035,17.399999999999913,0.0,0.0,0.0
330.7462818462462,12.460695215075924,17.399999999999913,0.0,0.0,0.0
330.75212980834283,12.468920067286925,17.399999999999917,0.0,0.0,0.0
330.7579781417093,12.477144793657468,17.39999999999992,0.0,0.0,0.0
330.7638268466162,12.485369394093818,17.399999999999917,0.0,0.0,0.0
330.7696759233343,12.493593868502222,17.399999999999917,0.0,0.0,0.0
330.77552537213444,12.501818216789047,17.399999999999917,0.0,0.0,0.0
330.7813751932875,12.510042438860445,17.39999999999992,0.0,0.0,0.0
330.7872253870644,12.518266534622743,17.39999999999992,0.0,0.0,0.0
330.79307595373604,12.526490503982103,17.399999999999924,0.0,0.0,0.0
330.7989268935735,12.534714346844668,17.39999999999992,0.0,0.0,0.0
330.8047782068478,12.542938063116695,17.399999999999928,0.0,0.0,0.0
330.81062989383014,12.551161652704234,17.399999999999928,0.0,0.0,0.0
330.8164819547915,12.559385115513512,17.399999999999928,0.0,0.0,0.0
330.8223343900033,12.567608451450583,17.39999999999993,0.0,0.0,0.0
330.8281871997366,12.575831660421482,17.39999999999993,0.0,0.0,0.0
330.83404038426283,12.584054742332361,17.39999999999993,0.0,0.0,0.0
330.8398939438533,12.592277697089175,17.399999999999928,0.0,0.0,0.0
330.84574787877943,12.600500524598033,17.399999999999935,0.0,0.0,0.0
330.8516021893127,12.608723224764887,17.399999999999935,0.0,0.0,0.0
330.8574568757246,12.616945797495669,17.399999999999935,0.0,0.0,0.0
330.8633119382867,12.62516824269643,17.399999999999938,0.0,0.0,0.0
330.8691673772705,12.63339056027301,17.399999999999938,0.0,0.0,0.0
330.87502319294776,12.641612750131422,17.399999999999938,0.0,0.0,0.0
330.88087938559016,12.649834812177506,17.399999999999935,0.0,0.0,0.0
330.8867359554694,12.658056746317088,17.39999999999994,0.0,0.0,0.0
330.8925929028574,12.666278552456115,17.39999999999994,0.0,0.0,0.0
330.89845022802587,12.674500230500323,17.399999999999938,0.0,0.0,0.0
330.9043079312468,12.68272178035561,17.39999999999994,0.0,0.0,0.0
330.91016601279216,12.690943201927722,17.39999999999995,0.0,0.0,0.0
330.9160244729338,12.699164495122378,17.399999999999945,0.0,0.0,0.0
330.92188331194393,12.707385659845405,17.39999999999995,0.0,0.0,0.0
330.9277425300946,12.715606696002451,17.39999999999995,0.0,0.0,0.0
330.93360212765793,12.723827603499297,17.399999999999952,0.0,0.0,0.0
330.9394621049061,12.73204838224158,17.399999999999952,0.0,0.0,0.0
330.9453224621115,12.740269032134918,17.39999999999995,0.0,0.0,0.0
330.9511831995463,12.748489553085035,17.399999999999952,0.0,0.0,0.0
330.9570443174828,12.756709944997505,17.399999999999952,0.0,0.0,0.0
330.9629058161935,12.764930207777876,17.39999999999995,0.0,0.0,0.0
330.9687676959509,12.773150341331817,17.399999999999952,0.0,0.0,0.0
330.9746299570273,12.781370345564785,17.399999999999956,0.0,0.0,0.0
330.9804925996954,12.789590220382404,17.399999999999952,0.0,0.0,0.0
330.9863556242278,12.797809965690131,17.399999999999956,0.0,0.0,0.0
330.9922190308971,12.80602958139342,17.399999999999952,0.0,0.0,0.0
330.99808281997605,12.814249067397819,17.399999999999952,0.0,0.0,0.0
331.0039469917373,12.822468423608687,17.39999999999996,0.0,0.0,0.0
331.0098115464538,12.830687649931535,17.399999999999956,0.0,0.0,0.0
331.0156764843982,12.838906746271723,17.399999999999956,0.0,0.0,0.0
331.02154180584364,12.847125712534577,17.39999999999996,0.0,0.0,0.0
331.0274075110629,12.85534454862556,17.399999999999963,0.0,0.0,0.0
331.033273600329,12.863563254449907,17.399999999999967,0.0,0.0,0.0
331.03914007391506,12.871781829913031,17.399999999999963,0.0,0.0,0.0
331.0450069320941,12.880000274920176,17.39999999999996,0.0,0.0,0.0
331.0508741751393,12.888218589376573,17.39999999999996,0.0,0.0,0.0
331.056741803324,12.896436773187558,17.399999999999963,0.0,0.0,0.0
331.06260981692117,12.90465482625827,17.399999999999967,0.0,0.0,0.0
331.06847821620437,12.912872748494017,17.399999999999967,0.0,0.0,0.0
331.0743470014468,12.921090539799925,17.399999999999963,0.0,0.0,0.0
331.080216172922,12.929308200081115,17.39999999999997,0.0,0.0,0.0
331.08608573090333,12.937525729242823,17.39999999999997,0.0,0.0,0.0
331.0919556756643,12.945743127190081,17.399999999999974,0.0,0.0,0.0
331.0978260074785,12.953960393828073,17.39999999999997,0.0,0.0,0.0
331.10369672661955,12.962177529061833,17.39999999999997,0.0,0.0,0.0
331.10956783336104,12.97039453279637,17.399999999999974,0.0,0.0,0.0
331.1154393279768,12.978611404936807,17.399999999999974,0.0,0.0,0.0
331.1213112107405,12.986828145388062,17.399999999999974,0.0,0.0,0.0
331.12718348192595,12.995044754055215,17.399999999999974,0.0,0.0,0.0
331.133056141807,13.00326123084319,17.399999999999974,0.0,0.0,0.0
331.1389291906577,13.011477575656889,17.39999999999997,0.0,0.0,0.0
331.14480262875185,13.019693788401327,17.399999999999977,0.0,0.0,0.0
331.15067645636356,13.027909868981306,17.399999999999974,0.0,0.0,0.0
331.1565506737669,13.036125817301803,17.399999999999977,0.0,0.0,0.0
331.1624252812359,13.044341633267631,17.399999999999977,0.0,0.0,0.0
331.16830027904484,13.052557316783574,17.399999999999977,0.0,0.0,0.0
331.1741756674679,13.060772867754544,17.399999999999977,0.0,0.0,0.0
331.1800514467793,13.068988286085283,17.39999999999998,0.0,0.0,0.0
331.18592761725347,13.077203571680512,17.39999999999998,0.0,0.0,0.0
331.19180417916476,13.085418724445073,17.39999999999998,0.0,0.0,0.0
331.1976811327875,13.093633744283604,17.39999999999998,0.0,0.0,0.0
331.20355847839625,13.101848631100895,17.399999999999977,0.0,0.0,0.0
331.2094362162656,13.110063384801581,17.399999999999977,0.0,0.0,0.0
331.21531434666997,13.118278005290277,17.39999999999998,0.0,0.0,0.0
331.2211928698842,13.126492492471709,17.399999999999984,0.0,0.0,0.0
331.2270717861828,13.134706846250406,17.399999999999984,0.0,0.0,0.0
331.2329510958405,13.142921066531041,17.399999999999984,0.0,0.0,0.0
331.2388307991323,13.15113515321815,17.399999999999988,0.0,0.0,0.0
331.2447108963328,13.15934910621623,17.399999999999984,0.0,0.0,0.0
331.250591387717,13.1675629254299,17.399999999999984,0.0,0.0,0.0
331.25647227355984,13.175776610763574,17.399999999999984,0.0,0.0,0.0
331.2623535541364,13.183990162121818,17.399999999999984,0.0,0.0,0.0
331.26823522972154,13.192203579409052,17.399999999999988,0.0,0.0,0.0
331.2741173005905,13.200416862529663,17.399999999999988,0.0,0.0,0.0
331.2799997670183,13.208630011388157,17.39999999999999,0.0,0.0,0.0
331.2858826292803,13.216843025888842,17.399999999999988,0.0,0.0,0.0
331.2917658876517,13.225055905936172,17.39999999999999,0.0,0.0,0.0
331.29764954240784,13.233268651434452,17.399999999999988,0.0,0.0,0.0
331.30353359382394,13.241481262287953,17.399999999999988,0.0,0.0,0.0
331.3094180421756,13.249693738401085,17.399999999999988,0.0,0.0,0.0
331.3153028877381,13.257906079678023,17.39999999999999,0.0,0.0,0.0
331.3211881307871,13.266118286023126,17.399999999999988,0.0,0.0,0.0
331.3270737715982,13.27433035734057,17.39999999999999,0.0,0.0,0.0
331.3329598104468,13.282542293534538,17.39999999999999,0.0,0.0,0.0
331.3388462476088,13.290754094509301,17.39999999999999,0.0,0.0,0.0
331.34473308335976,13.298965760168944,17.399999999999988,0.0,0.0,0.0
331.3506203179756,13.307177290417695,17.399999999999988,0.0,0.0,0.0
331.3565079517321,13.31538868515964,17.39999999999999,0.0,0.0,0.0
331.36239598490505,13.32359994429882,17.39999999999999,0.0,0.0,0.0
331.3682844177705,13.331811067739425,17.39999999999999,0.0,0.0,0.0
331.3741732506044,13.340022055385399,17.39999999999999,0.0,0.0,0.0
331.38006248368276,13.348232907140874,17.39999999999999,0.0,0.0,0.0
331.38595211728176,13.35644362290982,17.39999999999999,0.0,0.0,0.0
331.39184215167745,13.36465420259617,17.39999999999999,0.0,0.0,0.0
331.3977325871461,13.372864646103988,17.399999999999988,0.0,0.0,0.0
331.4036234239639,13.381074953337153,17.39999999999999,0.0,0.0,0.0
331.40951466240716,13.38928512419956,17.39999999999999,0.0,0.0,0.0
331.4154063027523,13.397495158595188,17.39999999999999,0.0,0.0,0.0
331.4212983452756,13.405705056427815,17.39999999999999,0.0,0.0,0.0
331.4271907902537,13.413914817601391,17.399999999999995,0.0,0.0,0.0
331.43308363796297,13.422124442019692,17.399999999999995,0.0,0.0,0.0
331.4389768886801,13.430333929586483,17.399999999999995,0.0,0.0,0.0
331.4448705426816,13.438543280205637,17.399999999999995,0.0,0.0,0.0
331.4507646002441,13.446752493780822,17.399999999999995,0.0,0.0,0.0
331.4566590616445,13.454961570215868,17.399999999999995,0.0,0.0,0.0
331.46255392715943,13.463170509414446,17.39999999999999,0.0,0.0,0.0
331.4684491970658,13.471379311280192,17.39999999999999,0.0,0.0,0.0
331.47434487164054,13.479587975716873,17.399999999999995,0.0,0.0,0.0
331.48024095116045,13.487796502628042,17.39999999999999,0.0,0.0,0.0
331.4861374359027,13.49600489191742,17.39999999999999,0.0,0.0,0.0
331.4920343261442,13.504213143488546,17.39999999999999,0.0,0.0,0.0
331.497931622162,13.512421257244966,17.399999999999995,0.0,0.0,0.0
331.50382932423344,13.520629233090316,17.39999999999999,0.0,0.0,0.0
331.50972743263554,13.528837070928038,17.399999999999995,0.0,0.0,0.0
331.5156259476457,13.537044770661735,17.39999999999999,0.0,0.0,0.0
331.52152486954117,13.545252332194842,17.39999999999999,0.0,0.0,0.0
331.52742419859925,13.553459755430776,17.399999999999995,0.0,0.0,0.0
331.5333239350975,13.561667040273063,17.39999999999999,0.0,0.0,0.0
331.53922407931327,13.56987418662504,17.39999999999999,0.0,0.0,0.0
331.5451246315242,13.57808119439018,17.39999999999999,0.0,0.0,0.0
331.55102559200776,13.586288063471807,17.399999999999995,0.0,0.0,0.0
331.55692696104165,13.594494793773226,17.399999999999995,0.0,0.0,0.0
331.56282873890353,13.602701385197856,17.399999999999995,0.0,0.0,0.0
331.56873092587114,13.610907837648895,17.399999999999995,0.0,0.0,0.0
331.5746335222223,13.619114151029722,17.399999999999995,0.0,0.0,0.0
331.58053652823486,13.62732032524353,17.399999999999995,0.0,0.0,0.0
331.5864399441867,13.635526360193523,17.399999999999995,0.0,0.0,0.0
331.59234377035574,13.643732255782986,17.399999999999995,0.0,0.0,0.0
