galstreams/tracks/track.ep.Chenab.shipp2018.ecsv
# %ECSV 0.9
# ---
# datatype:
# - {name: ra, unit: deg, datatype: float64}
# - {name: dec, unit: deg, datatype: float64}
# - {name: distance, unit: kpc, datatype: float64}
# - {name: pm_ra_cosdec, unit: mas / yr, datatype: float64}
# - {name: pm_dec, unit: mas / yr, datatype: float64}
# - {name: radial_velocity, unit: km / s, datatype: float64}
# delimiter: ','
# meta: !!omap
# - __serialized_columns__:
#     dec:
#       __class__: astropy.coordinates.angles.Latitude
#       unit: &id001 !astropy.units.Unit {unit: deg}
#       value: !astropy.table.SerializedColumn {name: dec}
#     distance:
#       __class__: astropy.coordinates.distances.Distance
#       unit: !astropy.units.Unit {unit: kpc}
#       value: !astropy.table.SerializedColumn {name: distance}
#     pm_dec:
#       __class__: astropy.units.quantity.Quantity
#       unit: !astropy.units.Unit {unit: mas / yr}
#       value: !astropy.table.SerializedColumn {name: pm_dec}
#     pm_ra_cosdec:
#       __class__: astropy.units.quantity.Quantity
#       unit: !astropy.units.Unit {unit: mas / yr}
#       value: !astropy.table.SerializedColumn {name: pm_ra_cosdec}
#     ra:
#       __class__: astropy.coordinates.angles.Longitude
#       unit: *id001
#       value: !astropy.table.SerializedColumn {name: ra}
#       wrap_angle: !astropy.coordinates.Angle
#         unit: *id001
#         value: 360.0
#     radial_velocity:
#       __class__: astropy.units.quantity.Quantity
#       unit: !astropy.units.Unit {unit: km / s}
#       value: !astropy.table.SerializedColumn {name: radial_velocity}
# schema: astropy-2.0
ra,dec,distance,pm_ra_cosdec,pm_dec,radial_velocity
319.3,-59.89999999999999,39.800000000000004,0.0,0.0,0.0
319.39152650756023,-59.81912010688628,39.8,0.0,0.0,0.0
319.48260959903376,-59.738176982108605,39.8,0.0,0.0,0.0
319.57325250863306,-59.657171135688635,39.8,0.0,0.0,0.0
319.66345844358034,-59.57610307262281,39.8,0.0,0.0,0.0
319.75323058432923,-59.494973292938774,39.8,0.0,0.0,0.0
319.84257208478516,-59.4137822917512,39.8,0.0,0.0,0.0
319.9314860725254,-59.332530559316766,39.8,0.0,0.0,0.0
320.01997564901677,-59.25121858108865,39.8,0.0,0.0,0.0
320.108043889834,-59.169846837770365,39.79999999999999,0.0,0.0,0.0
320.1956938448752,-59.088415805368946,39.8,0.0,0.0,0.0
320.282928538578,-59.00692595524735,39.8,0.0,0.0,0.0
320.36975097013294,-58.92537775417656,39.8,0.0,0.0,0.0
320.45616411369673,-58.84377166438676,39.8,0.0,0.0,0.0
320.54217091860414,-58.7621081436182,39.800000000000004,0.0,0.0,0.0
320.6277743095785,-58.680387645171066,39.8,0.0,0.0,0.0
320.7129771869413,-58.59861061795518,39.8,0.0,0.0,0.0
320.7977824268201,-58.516777506538794,39.8,0.0,0.0,0.0
320.88219288135565,-58.434888751197064,39.8,0.0,0.0,0.0
320.9662113789076,-58.35294478795967,39.8,0.0,0.0,0.0
321.0498407242588,-58.27094604865816,39.79999999999999,0.0,0.0,0.0
321.1330836988186,-58.18889296097249,39.8,0.0,0.0,0.0
321.21594306082477,-58.1067859484771,39.8,0.0,0.0,0.0
321.2984215455438,-58.024625430686555,39.79999999999999,0.0,0.0,0.0
321.3805218654705,-57.94241182310044,39.8,0.0,0.0,0.0
321.46224671052533,-57.86014553724789,39.79999999999999,0.0,0.0,0.0
321.543598748252,-57.77782698073146,39.8,0.0,0.0,0.0
321.62458062401174,-57.69545655727058,39.8,0.0,0.0,0.0
321.70519496117777,-57.61303466674439,39.8,0.0,0.0,0.0
321.7854443613276,-57.53056170523428,39.8,0.0,0.0,0.0
321.8653314044347,-57.44803806506555,39.8,0.0,0.0,0.0
321.9448586490578,-57.3654641348489,39.8,0.0,0.0,0.0
322.0240286325297,-57.282840299521354,39.8,0.0,0.0,0.0
322.1028438711442,-57.20016694038654,39.79999999999999,0.0,0.0,0.0
322.1813068603424,-57.11744443515471,39.8,0.0,0.0,0.0
322.2594200748962,-57.034673157982155,39.8,0.0,0.0,0.0
322.337185969092,-56.95185347951017,39.8,0.0,0.0,0.0
322.41460697691224,-56.868985766903506,39.8,0.0,0.0,0.0
322.4916855122153,-56.78607038388854,39.8,0.0,0.0,0.0
322.5684239689147,-56.70310769079076,39.79999999999999,0.0,0.0,0.0
322.6448247211566,-56.62009804457193,39.8,0.0,0.0,0.0
322.7208901234956,-56.537041798866866,39.79999999999999,0.0,0.0,0.0
322.7966225110699,-56.45393930401961,39.8,0.0,0.0,0.0
322.8720241997745,-56.37079090711933,39.79999999999999,0.0,0.0,0.0
322.94709748643294,-56.28759695203568,39.8,0.0,0.0,0.0
323.02184464896834,-56.20435777945378,39.79999999999999,0.0,0.0,0.0
323.0962679465723,-56.121073726908996,39.79999999999999,0.0,0.0,0.0
323.1703696198731,-56.0377451288207,39.8,0.0,0.0,0.0
323.24415189110204,-55.95437231652637,39.8,0.0,0.0,0.0
323.31761696425843,-55.87095561831476,39.8,0.0,0.0,0.0
323.39076702527376,-55.78749535945895,39.8,0.0,0.0,0.0
323.4636042421738,-55.70399186224885,39.8,0.0,0.0,0.0
323.5361307652401,-55.62044544602342,39.8,0.0,0.0,0.0
323.6083487271692,-55.5368564272024,39.79999999999999,0.0,0.0,0.0
323.6802602432316,-55.45322511931782,39.8,0.0,0.0,0.0
323.75186741142846,-55.36955183304499,39.79999999999999,0.0,0.0,0.0
323.8231723126474,-55.28583687623313,39.8,0.0,0.0,0.0
323.8941770108171,-55.202080553935794,39.8,0.0,0.0,0.0
323.96488355306036,-55.11828316844071,39.8,0.0,0.0,0.0
324.03529396984567,-55.03444501929949,39.8,0.0,0.0,0.0
324.1054102751379,-54.950566403356774,39.8,0.0,0.0,0.0
324.1752344665475,-54.866647614779204,39.8,0.0,0.0,0.0
324.24476852547843,-54.78268894508388,39.8,0.0,0.0,0.0
324.31401441727434,-54.698690683166845,39.79999999999999,0.0,0.0,0.0
324.3829740913645,-54.61465311533063,39.8,0.0,0.0,0.0
324.45164948140746,-54.53057652531202,39.8,0.0,0.0,0.0
324.520042505434,-54.446461194309215,39.8,0.0,0.0,0.0
324.58815506598836,-54.362307401008856,39.8,0.0,0.0,0.0
324.6559890502691,-54.278115421612426,39.8,0.0,0.0,0.0
324.7235463302674,-54.19388552986274,39.8,0.0,0.0,0.0
324.79082876290533,-54.109617997069776,39.8,0.0,0.0,0.0
324.85783819017223,-54.0253130921364,39.79999999999999,0.0,0.0,0.0
324.9245764392601,-53.94097108158374,39.79999999999999,0.0,0.0,0.0
324.9910453226976,-53.856592229576215,39.8,0.0,0.0,0.0
325.05724663848304,-53.77217679794635,39.79999999999999,0.0,0.0,0.0
325.1231821702162,-53.687725046219235,39.8,0.0,0.0,0.0
325.18885368722846,-53.60323723163672,39.8,0.0,0.0,0.0
325.25426294471254,-53.51871360918137,39.8,0.0,0.0,0.0
325.3194116838505,-53.434154431599985,39.8,0.0,0.0,0.0
325.3843016319406,-53.34955994942721,39.8,0.0,0.0,0.0
325.44893450252323,-53.26493041100828,39.8,0.0,0.0,0.0
325.51331199550566,-53.18026606252205,39.8,0.0,0.0,0.0
325.57743579728555,-53.09556714800352,39.8,0.0,0.0,0.0
325.641307580873,-53.01083390936607,39.8,0.0,0.0,0.0
325.7049290060123,-52.92606658642351,39.8,0.0,0.0,0.0
325.7683017193019,-52.841265416911874,39.8,0.0,0.0,0.0
325.8314273543133,-52.75643063651088,39.8,0.0,0.0,0.0
325.89430753170905,-52.67156247886527,39.8,0.0,0.0,0.0
325.95694385935974,-52.58666117560572,39.8,0.0,0.0,0.0
326.0193379324597,-52.501726956369744,39.79999999999999,0.0,0.0,0.0
326.08149133364145,-52.416760048822155,39.8,0.0,0.0,0.0
326.14340563308957,-52.33176067867533,39.8,0.0,0.0,0.0
326.2050823886533,-52.24672906970935,39.8,0.0,0.0,0.0
326.2665231459577,-52.161665443791804,39.8,0.0,0.0,0.0
326.32772943851444,-52.076570020897286,39.8,0.0,0.0,0.0
326.388702787831,-51.99144301912706,39.8,0.0,0.0,0.0
326.44944470351925,-51.9062846547278,39.79999999999999,0.0,0.0,0.0
326.5099566834027,-51.821095142110856,39.8,0.0,0.0,0.0
326.5702402136229,-51.73587469387079,39.8,0.0,0.0,0.0
326.63029676874487,-51.65062352080394,39.8,0.0,0.0,0.0
326.6901278118613,-51.56534183192672,39.8,0.0,0.0,0.0
326.74973479469617,-51.48002983449361,39.8,0.0,0.0,0.0
326.8091191577071,-51.39468773401511,39.8,0.0,0.0,0.0
326.86828233018633,-51.30931573427538,39.79999999999999,0.0,0.0,0.0
326.92722573036235,-51.2239140373497,39.8,0.0,0.0,0.0
326.98595076549805,-51.138482843621674,39.8,0.0,0.0,0.0
327.04445883199026,-51.053022351800415,39.8,0.0,0.0,0.0
327.1027513154672,-50.967532758937296,39.8,0.0,0.0,0.0
327.1608295908849,-50.88201426044268,39.8,0.0,0.0,0.0
327.2186950226234,-50.79646705010243,39.8,0.0,0.0,0.0
327.27634896458153,-50.71089132009413,39.79999999999999,0.0,0.0,0.0
327.3337927602708,-50.6252872610033,39.8,0.0,0.0,0.0
327.39102774290853,-50.53965506183927,39.8,0.0,0.0,0.0
327.44805523551025,-50.453994910050895,39.8,0.0,0.0,0.0
327.5048765509808,-50.36830699154224,39.8,0.0,0.0,0.0
327.561492992205,-50.28259149068785,39.8,0.0,0.0,0.0
327.61790585213714,-50.19684859034806,39.8,0.0,0.0,0.0
327.67411641388975,-50.111078471884,39.8,0.0,0.0,0.0
327.73012595082156,-50.025281315172506,39.8,0.0,0.0,0.0
327.7859357266245,-49.939457298620795,39.8,0.0,0.0,0.0
327.84154699540994,-49.85360659918106,39.8,0.0,0.0,0.0
327.8969610017941,-49.76772939236481,39.8,0.0,0.0,0.0
327.9521789809828,-49.68182585225712,39.8,0.0,0.0,0.0
328.0072021588551,-49.59589615153067,39.8,0.0,0.0,0.0
328.062031752046,-49.509940461459706,39.8,0.0,0.0,0.0
328.11666896802933,-49.42395895193368,39.8,0.0,0.0,0.0
328.17111500519854,-49.33795179147098,39.8,0.0,0.0,0.0
328.2253710529476,-49.25191914723226,39.8,0.0,0.0,0.0
328.2794382917507,-49.16586118503379,39.8,0.0,0.0,0.0
328.3333178932416,-49.07977806936062,39.8,0.0,0.0,0.0
328.38701102029154,-48.993669963379524,39.8,0.0,0.0,0.0
328.4405188270873,-48.90753702895188,39.8,0.0,0.0,0.0
328.4938424592077,-48.8213794266464,39.8,0.0,0.0,0.0
328.54698305369993,-48.735197315751684,39.8,0.0,0.0,0.0
328.5999417391546,-48.64899085428864,39.8,0.0,0.0,0.0
328.6527196357808,-48.5627601990228,39.8,0.0,0.0,0.0
328.7053178554796,-48.47650550547646,39.8,0.0,0.0,0.0
328.7577375019178,-48.39022692794073,39.79999999999999,0.0,0.0,0.0
328.80997967059994,-48.30392461948739,39.8,0.0,0.0,0.0
328.8620454489405,-48.217598731980665,39.8,0.0,0.0,0.0
328.91393591633476,-48.13124941608888,39.8,0.0,0.0,0.0
328.96565214422947,-48.04487682129592,39.8,0.0,0.0,0.0
329.01719519619263,-47.95848109591265,39.8,0.0,0.0,0.0
329.0685661279824,-47.87206238708812,39.8,0.0,0.0,0.0
329.1197659876159,-47.785620840820734,39.8,0.0,0.0,0.0
329.17079581543675,-47.69915660196924,39.79999999999999,0.0,0.0,0.0
329.2216566441822,-47.61266981426362,39.79999999999999,0.0,0.0,0.0
329.27234949904977,-47.52616062031585,39.8,0.0,0.0,0.0
329.32287539776314,-47.43962916163055,39.8,0.0,0.0,0.0
329.3732353506373,-47.353075578615545,39.8,0.0,0.0,0.0
329.42343036064324,-47.26650001059225,39.8,0.0,0.0,0.0
329.4734614234719,-47.179902595806,39.8,0.0,0.0,0.0
329.5233295275976,-47.093283471436216,39.8,0.0,0.0,0.0
329.5730356543408,-47.006642773606536,39.8,0.0,0.0,0.0
329.6225807779303,-46.919980637394765,39.8,0.0,0.0,0.0
329.6719658655647,-46.833297196842715,39.8,0.0,0.0,0.0
329.7211918774738,-46.74659258496602,39.8,0.0,0.0,0.0
329.7702597669786,-46.659866933763745,39.8,0.0,0.0,0.0
329.8191704805511,-46.573120374227955,39.8,0.0,0.0,0.0
329.86792495787415,-46.4863530363532,39.8,0.0,0.0,0.0
329.91652413189945,-46.39956504914581,39.79999999999999,0.0,0.0,0.0
329.96496892890633,-46.31275654063312,39.8,0.0,0.0,0.0
330.01326026855867,-46.225927637872715,39.8,0.0,0.0,0.0
330.0613990639626,-46.13907846696143,39.79999999999999,0.0,0.0,0.0
330.10938622172273,-46.052209153044245,39.800000000000004,0.0,0.0,0.0
330.15722264199786,-45.96531982032323,39.8,0.0,0.0,0.0
330.2049092185569,-45.87841059206628,39.8,0.0,0.0,0.0
330.2524468388335,-45.79148159061576,39.8,0.0,0.0,0.0
330.29983638398045,-45.70453293739712,39.79999999999999,0.0,0.0,0.0
330.3470787289235,-45.617564752927336,39.8,0.0,0.0,0.0
330.3941747424149,-45.53057715682337,39.79999999999999,0.0,0.0,0.0
330.44112528708615,-45.443570267810436,39.8,0.0,0.0,0.0
330.4879312195002,-45.35654420373021,39.8,0.0,0.0,0.0
330.53459339020367,-45.269499081548986,39.79999999999999,0.0,0.0,0.0
330.58111264377783,-45.18243501736573,39.8,0.0,0.0,0.0
330.6274898188897,-45.09535212642,39.800000000000004,0.0,0.0,0.0
330.67372574834246,-45.00825052309991,39.8,0.0,0.0,0.0
330.7198212591252,-44.92113032094979,39.8,0.0,0.0,0.0
330.7657771724624,-44.83399163267804,39.8,0.0,0.0,0.0
330.8115943038632,-44.7468345701647,39.8,0.0,0.0,0.0
330.8572734631695,-44.659659244468976,39.79999999999999,0.0,0.0,0.0
330.90281545460437,-44.57246576583676,39.8,0.0,0.0,0.0
330.9482210768193,-44.48525424370799,39.79999999999999,0.0,0.0,0.0
330.9934911229418,-44.39802478672402,39.8,0.0,0.0,0.0
331.03862638062174,-44.31077750273482,39.8,0.0,0.0,0.0
331.08362763207776,-44.22351249880614,39.79999999999999,0.0,0.0,0.0
331.1284956541432,-44.13622988122662,39.8,0.0,0.0,0.0
331.1732312183113,-44.048929755514806,39.79999999999999,0.0,0.0,0.0
331.21783509078045,-43.96161222642611,39.8,0.0,0.0,0.0
331.2623080324986,-43.874277397959645,39.8,0.0,0.0,0.0
331.30665079920726,-43.786925373365065,39.8,0.0,0.0,0.0
331.35086414148554,-43.69955625514928,39.8,0.0,0.0,0.0
331.3949488047933,-43.61217014508312,39.8,0.0,0.0,0.0
331.43890552951393,-43.524767144207964,39.8,0.0,0.0,0.0
331.48273505099723,-43.4373473528422,39.8,0.0,0.0,0.0
331.5264380996012,-43.349910870587735,39.79999999999999,0.0,0.0,0.0
331.5700154007338,-43.26245779633638,39.8,0.0,0.0,0.0
331.6134676748945,-43.17498822827616,39.8,0.0,0.0,0.0
331.65679563771505,-43.08750226389764,39.79999999999999,0.0,0.0,0.0
331.7,-43.0,39.8,0.0,0.0,0.0
