galstreams/tracks/track.st.Parallel.weiss2018.ecsv
# %ECSV 0.9
# ---
# datatype:
# - {name: ra, unit: deg, datatype: float64}
# - {name: dec, unit: deg, datatype: float64}
# - {name: distance, unit: kpc, datatype: float64}
# - {name: pm_ra_cosdec, unit: mas / yr, datatype: float64}
# - {name: pm_dec, unit: mas / yr, datatype: float64}
# - {name: radial_velocity, unit: km / s, datatype: float64}
# delimiter: ','
# meta: !!omap
# - __serialized_columns__:
#     dec:
#       __class__: astropy.coordinates.angles.Latitude
#       unit: &id001 !astropy.units.Unit {unit: deg}
#       value: !astropy.table.SerializedColumn {name: dec}
#     distance:
#       __class__: astropy.coordinates.distances.Distance
#       unit: !astropy.units.Unit {unit: kpc}
#       value: !astropy.table.SerializedColumn {name: distance}
#     pm_dec:
#       __class__: astropy.units.quantity.Quantity
#       unit: !astropy.units.Unit {unit: mas / yr}
#       value: !astropy.table.SerializedColumn {name: pm_dec}
#     pm_ra_cosdec:
#       __class__: astropy.units.quantity.Quantity
#       unit: !astropy.units.Unit {unit: mas / yr}
#       value: !astropy.table.SerializedColumn {name: pm_ra_cosdec}
#     ra:
#       __class__: astropy.coordinates.angles.Longitude
#       unit: *id001
#       value: !astropy.table.SerializedColumn {name: ra}
#       wrap_angle: !astropy.coordinates.Angle
#         unit: *id001
#         value: 360.0
#     radial_velocity:
#       __class__: astropy.units.quantity.Quantity
#       unit: !astropy.units.Unit {unit: km / s}
#       value: !astropy.table.SerializedColumn {name: radial_velocity}
# schema: astropy-2.0
ra,dec,distance,pm_ra_cosdec,pm_dec,radial_velocity
[from data line 703]
186.09527166039655,2.527410471786668,14.878247023226791,0.0,0.0,0.0
186.0854137932335,2.5288437344395587,14.877727522126092,0.0,0.0,0.0
186.07555590428342,2.530276922292613,14.877208021025394,0.0,0.0,0.0
186.0656979935351,2.5317100353032007,14.8766885199247,0.0,0.0,0.0
186.0558400609772,2.533143073428726,14.876169018824006,0.0,0.0,0.0
186.04598210659853,2.5345760366265666,14.875649517723312,0.0,0.0,0.0
186.03612413038778,2.536008924854108,14.875130016622615,0.0,0.0,0.0
186.02626613233366,2.5374417380687557,14.87461051552192,0.0,0.0,0.0
186.016408112425,2.5388744762278894,14.874091014421225,0.0,0.0,0.0
186.00655007065043,2.540307139288921,14.873571513320526,0.0,0.0,0.0
185.99669200699879,2.541739727209232,14.873052012219832,0.0,0.0,0.0
185.9868339214587,2.543172239946239,14.872532511119136,0.0,0.0,0.0
185.976975814019,2.544604677457335,14.872013010018444,0.0,0.0,0.0
185.9671176846685,2.5460370396999155,14.871493508917746,0.0,0.0,0.0
185.9572595333958,2.547469326631403,14.870974007817052,0.0,0.0,0.0
185.94740136018982,2.5489015382091864,14.870454506716355,0.0,0.0,0.0
185.93754316503916,2.5503336743906924,14.869935005615663,0.0,0.0,0.0
185.92768494793265,2.5517657351333245,14.869415504514963,0.0,0.0,0.0
185.9178267088591,2.553197720394486,14.86889600341427,0.0,0.0,0.0
185.90796844780724,2.5546296301316076,14.868376502313572,0.0,0.0,0.0
185.89811016476585,2.5560614643020902,14.867857001212878,0.0,0.0,0.0
185.88825185972362,2.557493222863369,14.867337500112182,0.0,0.0,0.0
185.87839353266943,2.558924905772847,14.866817999011484,0.0,0.0,0.0
185.868535183592,2.560356512987964,14.86629849791079,0.0,0.0,0.0
185.8586768124801,2.5617880444661343,14.865778996810096,0.0,0.0,0.0
185.8488184193226,2.563219500164776,14.865259495709399,0.0,0.0,0.0
185.83896000410815,2.5646508800413335,14.864739994608705,0.0,0.0,0.0
185.82910156682567,2.56608218405322,14.864220493508011,0.0,0.0,0.0
185.8192431074638,2.5675134121578833,14.863700992407315,0.0,0.0,0.0
185.8093846260114,2.5689445643127495,14.86318149130662,0.0,0.0,0.0
185.79952612245737,2.570375640475244,14.86266199020592,0.0,0.0,0.0
185.78966759679034,2.5718066406028197,14.862142489105228,0.0,0.0,0.0
185.7798090489992,2.5732375646529033,14.861622988004529,0.0,0.0,0.0
185.76995047907272,2.5746684125829473,14.861103486903835,0.0,0.0,0.0
185.76009188699973,2.5760991843503813,14.86058398580314,0.0,0.0,0.0
185.75023327276898,2.5775298799126642,14.860064484702443,0.0,0.0,0.0
185.74037463636932,2.5789604992272364,14.859544983601749,0.0,0.0,0.0
185.73051597778962,2.5803910422515366,14.859025482501051,0.0,0.0,0.0
185.72065729701856,2.581821508943032,14.858505981400356,0.0,0.0,0.0
185.7107985940451,2.583251899259158,14.85798648029966,0.0,0.0,0.0
185.70093986885792,2.584682213157385,14.857466979198964,0.0,0.0,0.0
185.69108112144596,2.5861124505951536,14.856947478098268,0.0,0.0,0.0
185.68122235179797,2.5875426115299374,14.856427976997573,0.0,0.0,0.0
185.67136355990274,2.588972695919189,14.855908475896879,0.0,0.0,0.0
185.66150474574928,2.5904027037203594,14.855388974796185,0.0,0.0,0.0
185.6516459093262,2.5918326348909297,14.854869473695489,0.0,0.0,0.0
185.6417870506225,2.59326248938835,14.854349972594791,0.0,0.0,0.0
185.6319281696269,2.5946922671701027,14.853830471494096,0.0,0.0,0.0
185.62206926632828,2.59612196819365,14.853310970393398,0.0,0.0,0.0
185.6122103407155,2.597551592416454,14.852791469292704,0.0,0.0,0.0
185.6023513927774,2.5989811397960043,14.85227196819201,0.0,0.0,0.0
185.59249242250286,2.6004106102897593,14.851752467091316,0.0,0.0,0.0
185.58263342988062,2.6018400038552123,14.851232965990619,0.0,0.0,0.0
185.57277441489964,2.6032693204498267,14.850713464889925,0.0,0.0,0.0
185.5629153775487,2.604698560031097,14.850193963789229,0.0,0.0,0.0
185.5530563178167,2.6061277225564994,14.849674462688535,0.0,0.0,0.0
185.54319723569253,2.6075568079835105,14.849154961587839,0.0,0.0,0.0
185.53333813116498,2.6089858162696316,14.848635460487142,0.0,0.0,0.0
185.523479004223,2.6104147473723356,14.848115959386446,0.0,0.0,0.0
185.51361985485534,2.61184360124913,14.847596458285746,0.0,0.0,0.0
185.50376068305093,2.6132723778574958,14.847076957185052,0.0,0.0,0.0
185.49390148879868,2.614701077154921,14.846557456084359,0.0,0.0,0.0
185.4840422720874,2.6161296990989173,14.846037954983663,0.0,0.0,0.0
185.47418303290607,2.6175582436469664,14.845518453882969,0.0,0.0,0.0
185.46432377124341,2.618986710756584,14.844998952782273,0.0,0.0,0.0
185.45446448708844,2.620415100385255,14.844479451681575,0.0,0.0,0.0
185.44460518042996,2.6218434124905015,14.84395995058088,0.0,0.0,0.0
185.43474585125688,2.6232716470298167,14.843440449480187,0.0,0.0,0.0
185.42488649955817,2.6246998039607057,14.842920948379492,0.0,0.0,0.0
185.41502712532258,2.626127883240688,14.842401447278794,0.0,0.0,0.0
185.40516772853914,2.627555884827263,14.841881946178098,0.0,0.0,0.0
185.39530830919665,2.6289838086779573,14.841362445077404,0.0,0.0,0.0
185.38544886728408,2.6304116547502727,14.840842943976709,0.0,0.0,0.0
185.3755894027903,2.6318394230017383,14.840323442876015,0.0,0.0,0.0
185.36572991570415,2.6332671133898686,14.839803941775317,0.0,0.0,0.0
185.35587040601467,2.634694725872176,14.83928444067462,0.0,0.0,0.0
185.3460108737107,2.636122260406198,14.838764939573924,0.0,0.0,0.0
185.33615131878113,2.6375497169494437,14.83824543847323,0.0,0.0,0.0
185.32629174121493,2.6389770954594556,14.837725937372536,0.0,0.0,0.0
185.31643214100094,2.640404395893755,14.837206436271837,0.0,0.0,0.0
185.3065725181282,2.641831618209863,14.836686935171143,0.0,0.0,0.0
185.29671287258554,2.6432587623653307,14.836167434070449,0.0,0.0,0.0
185.28685320436193,2.6446858283176744,14.835647932969753,0.0,0.0,0.0
185.27699351344623,2.6461128160244467,14.835128431869057,0.0,0.0,0.0
185.26713379982752,2.6475397254431705,14.834608930768361,0.0,0.0,0.0
185.25727406349452,2.6489665565314016,14.834089429667667,0.0,0.0,0.0
185.24741430443632,2.650393309246673,14.83356992856697,0.0,0.0,0.0
185.2375545226419,2.651819983546522,14.833050427466274,0.0,0.0,0.0
185.2276947181,2.6532465793885125,14.832530926365578,0.0,0.0,0.0
185.2178348907998,2.6546730967301726,14.832011425264879,0.0,0.0,0.0
185.20797504073005,2.656099535529072,14.831491924164188,0.0,0.0,0.0
185.1981151678798,2.6575258957427508,14.830972423063493,0.0,0.0,0.0
185.18825527223802,2.658952177328758,14.830452921962795,0.0,0.0,0.0
185.1783953537936,2.660378380244663,14.829933420862098,0.0,0.0,0.0
185.1685354125356,2.6618045044480096,14.829413919761404,0.0,0.0,0.0
185.1586754484528,2.6632305498963733,14.828894418660708,0.0,0.0,0.0
185.14881546153435,2.6646565165472964,14.828374917560014,0.0,0.0,0.0
185.13895545176908,2.666082404358362,14.827855416459318,0.0,0.0,0.0
185.12909541914604,2.6675082132871273,14.82733591535862,0.0,0.0,0.0
185.1192353636542,2.6689339432911505,14.826816414257928,0.0,0.0,0.0
185.10937528528245,2.670359594328017,14.826296913157234,0.0,0.0,0.0
185.0995151840199,2.6717851663552836,14.82577741205654,0.0,0.0,0.0
185.08965505985537,2.6732106593305383,14.825257910955843,0.0,0.0,0.0
185.079794912778,2.674636073211341,14.824738409855145,0.0,0.0,0.0
185.0699347427766,2.676061407955285,14.824218908754448,0.0,0.0,0.0
185.06007454984027,2.6774866635199404,14.82369940765375,0.0,0.0,0.0
185.05021433395805,2.6789118398628826,14.823179906553058,0.0,0.0,0.0
185.04035409511877,2.6803369369417083,14.822660405452362,0.0,0.0,0.0
185.03049383331162,2.6817619547139873,14.822140904351667,0.0,0.0,0.0
185.02063354852538,2.683186893137324,14.82162140325097,0.0,0.0,0.0
185.01077324074924,2.6846117521692894,14.821101902150277,0.0,0.0,0.0
185.00091290997207,2.6860365317674937,14.820582401049581,0.0,0.0,0.0
184.99105255618292,2.687461231889518,14.820062899948882,0.0,0.0,0.0
184.98119217937085,2.6888858524929518,14.819543398848186,0.0,0.0,0.0
184.97133177952475,2.6903103935354067,14.819023897747492,0.0,0.0,0.0
184.9614713566338,2.6917348549744666,14.8185043966468,0.0,0.0,0.0
184.95161091068684,2.693159236767747,14.817984895546102,0.0,0.0,0.0
184.94175044167295,2.694583538872844,14.817465394445406,0.0,0.0,0.0
184.93188994958126,2.696007761247354,14.816945893344712,0.0,0.0,0.0
184.92202943440063,2.6974319038489,14.816426392244017,0.0,0.0,0.0
184.9121688961202,2.6988559666350738,14.815906891143321,0.0,0.0,0.0
184.90230833472887,2.7002799495635035,14.815387390042625,0.0,0.0,0.0
184.89244775021584,2.701703852591786,14.814867888941926,0.0,0.0,0.0
184.88258714257,2.7031276756775497,14.81434838784123,0.0,0.0,0.0
184.8727265117804,2.704551418778405,14.813828886740536,0.0,0.0,0.0
184.86286585783623,2.7059750818519634,14.813309385639842,0.0,0.0,0.0
184.8530051807263,2.70739866485586,14.812789884539146,0.0,0.0,0.0
184.8431444804399,2.7088221677477002,14.812270383438449,0.0,0.0,0.0
184.83328375696587,2.7102455904851284,14.811750882337755,0.0,0.0,0.0
184.8234230102933,2.7116689330257615,14.811231381237059,0.0,0.0,0.0
184.81356224041141,2.713092195327217,14.810711880136363,0.0,0.0,0.0
184.803701447309,2.714515377347147,14.81019237903567,0.0,0.0,0.0
184.79384063097535,2.715938479043164,14.809672877934972,0.0,0.0,0.0
184.78397979139936,2.7173615003729203,14.809153376834278,0.0,0.0,0.0
184.77411892857023,2.7187844412940354,14.80863387573358,0.0,0.0,0.0
184.76425804247685,2.720207301764165,14.808114374632884,0.0,0.0,0.0
184.75439713310843,2.72163008174094,14.80759487353219,0.0,0.0,0.0
184.74453620045404,2.723052781181997,14.807075372431498,0.0,0.0,0.0
184.73467524450265,2.7244754000449958,14.806555871330803,0.0,0.0,0.0
184.72481426524345,2.7258979382875657,14.806036370230101,0.0,0.0,0.0
184.7149532626654,2.7273203958673733,14.80551686912941,0.0,0.0,0.0
184.7050922367577,2.728742772742052,14.804997368028712,0.0,0.0,0.0
184.69523118750934,2.7301650688692702,14.804477866928016,0.0,0.0,0.0
184.68537011490943,2.7315872842066753,14.80395836582732,0.0,0.0,0.0
184.67550901894714,2.733009418711915,14.803438864726624,0.0,0.0,0.0
184.66564789961146,2.734431472342664,14.80291936362593,0.0,0.0,0.0
184.65578675689156,2.735853445056567,14.802399862525235,0.0,0.0,0.0
184.64592559077641,2.7372753368113023,14.801880361424539,0.0,0.0,0.0
184.63606440125525,2.738697147564526,14.801360860323847,0.0,0.0,0.0
184.62620318831713,2.7401188772738982,14.800841359223147,0.0,0.0,0.0
184.61634195195114,2.7415405258971033,14.800321858122453,0.0,0.0,0.0
184.60648069214645,2.742962093391794,14.799802357021758,0.0,0.0,0.0
184.59661940889205,2.7443835797156626,14.79928285592106,0.0,0.0,0.0
184.58675810217719,2.745804984826363,14.798763354820366,0.0,0.0,0.0
184.57689677199085,2.747226308681592,14.798243853719672,0.0,0.0,0.0
184.56703541832226,2.7486475512390176,14.797724352618975,0.0,0.0,0.0
184.55717404116052,2.7500687124563146,14.79720485151828,0.0,0.0,0.0
184.54731264049468,2.751489792291179,14.796685350417585,0.0,0.0,0.0
184.53745121631397,2.752910790701283,14.796165849316887,0.0,0.0,0.0
184.52758976860744,2.754331707644325,14.795646348216195,0.0,0.0,0.0
184.51772829736421,2.755752543077989,14.795126847115496,0.0,0.0,0.0
184.50786680257355,2.7571732969599583,14.794607346014802,0.0,0.0,0.0
184.4980052842244,2.7585939692479395,14.794087844914106,0.0,0.0,0.0
184.4881437423061,2.7600145598996124,14.793568343813412,0.0,0.0,0.0
184.47828217680765,2.76143506887269,14.793048842712714,0.0,0.0,0.0
184.46842058771824,2.762855496124855,14.79252934161202,0.0,0.0,0.0
184.458558975027,2.7642758416138253,14.792009840511325,0.0,0.0,0.0
184.44869733872312,2.7656961052972937,14.791490339410629,0.0,0.0,0.0
184.43883567879573,2.7671162871329593,14.790970838309935,0.0,0.0,0.0
184.42897399523397,2.768536387078544,14.790451337209236,0.0,0.0,0.0
184.41911228802707,2.7699564050917402,14.78993183610854,0.0,0.0,0.0
184.40925055716406,2.7713763411302765,14.789412335007844,0.0,0.0,0.0
184.39938880263423,2.7727961951518494,14.788892833907148,0.0,0.0,0.0
184.38952702442668,2.774215967114191,14.788373332806454,0.0,0.0,0.0
184.37966522253058,2.775635656975009,14.787853831705757,0.0,0.0,0.0
184.36980339693514,2.7770552646920152,14.787334330605065,0.0,0.0,0.0
184.35994154762952,2.778474790222947,14.786814829504367,0.0,0.0,0.0
184.3500796746029,2.7798942335255115,14.78629532840367,0.0,0.0,0.0
184.34021777784443,2.78131359455745,14.78577582730298,0.0,0.0,0.0
184.33035585734328,2.7827328732764833,14.78525632620228,0.0,0.0,0.0
184.32049391308874,2.78415206964033,14.784736825101588,0.0,0.0,0.0
184.3106319450699,2.7855711836067405,14.784217324000888,0.0,0.0,0.0
184.30076995327602,2.78699021513343,14.783697822900193,0.0,0.0,0.0
184.2909079376962,2.7884091641781525,14.783178321799497,0.0,0.0,0.0
184.28104589831972,2.7898280306986285,14.782658820698803,0.0,0.0,0.0
184.27118383513573,2.7912468146526126,14.782139319598109,0.0,0.0,0.0
184.26132174813344,2.7926655159978404,14.78161981849741,0.0,0.0,0.0
184.25145963730213,2.7940841346920444,14.781100317396717,0.0,0.0,0.0
184.24159750263087,2.7955026706929913,14.78058081629602,0.0,0.0,0.0
184.231735344109,2.7969211239584095,14.780061315195324,0.0,0.0,0.0
184.22187316172565,2.7983394944460676,14.77954181409463,0.0,0.0,0.0
184.2120109554701,2.799757782113698,14.779022312993934,0.0,0.0,0.0
184.20214872533145,2.8011759869190733,14.778502811893238,0.0,0.0,0.0
184.19228647129904,2.802594108819941,14.777983310792541,0.0,0.0,0.0
184.18242419336212,2.804012147774053,14.777463809691849,0.0,0.0,0.0
184.1725618915098,2.8054301037391824,14.77694430859115,0.0,0.0,0.0
184.16269956573137,2.8068479766730783,14.776424807490455,0.0,0.0,0.0
184.15283721601602,2.808265766533518,14.77590530638976,0.0,0.0,0.0
184.14297484235303,2.809683473278264,14.775385805289062,0.0,0.0,0.0
184.1331124447317,2.8111010968650736,14.774866304188366,0.0,0.0,0.0
184.12325002314108,2.8125186372517335,14.774346803087674,0.0,0.0,0.0
184.11338757757062,2.813936094396002,14.773827301986978,0.0,0.0,0.0
184.10352510800945,2.81535346825567,14.773307800886283,0.0,0.0,0.0
184.09366261444686,2.816770758788496,14.772788299785587,0.0,0.0,0.0
184.083800096872,2.8181879659522764,14.772268798684891,0.0,0.0,0.0
184.07393755527428,2.819605089704786,14.771749297584197,0.0,0.0,0.0
184.0640749896429,2.8210221300037954,14.7712297964835,0.0,0.0,0.0
184.05421239996704,2.8224390868071096,14.770710295382806,0.0,0.0,0.0
184.04434978623613,2.823855960072497,14.77019079428211,0.0,0.0,0.0
184.03448714843924,2.8252727497577643,14.769671293181414,0.0,0.0,0.0
184.0246244865658,2.8266894558206865,14.769151792080716,0.0,0.0,0.0
184.01476180060496,2.8281060782190743,14.768632290980023,0.0,0.0,0.0
184.004899090546,2.829522616910712,14.768112789879329,0.0,0.0,0.0
183.99503635637834,2.8309390718533916,14.767593288778631,0.0,0.0,0.0
183.98517359809108,2.832355443004929,14.767073787677935,0.0,0.0,0.0
183.97531081567365,2.8337717303231083,14.76655428657724,0.0,0.0,0.0
183.9654480091152,2.83518793376575,14.766034785476542,0.0,0.0,0.0
183.95558517840504,2.8366040532906522,14.76551528437585,0.0,0.0,0.0
183.94572232353264,2.8380200888556164,14.764995783275152,0.0,0.0,0.0
183.93585944448702,2.8394360404184646,14.764476282174458,0.0,0.0,0.0
183.9259965412577,2.840851907936997,14.763956781073764,0.0,0.0,0.0
183.9161336138338,2.8422676913690412,14.763437279973067,0.0,0.0,0.0
183.9062706622048,2.8436833906724006,14.762917778872371,0.0,0.0,0.0
183.89640768635982,2.8450990058049053,14.762398277771677,0.0,0.0,0.0
183.8865446862883,2.846514536724371,14.76187877667098,0.0,0.0,0.0
183.87668166197952,2.847929983388611,14.761359275570285,0.0,0.0,0.0
183.86681861342274,2.849345345755467,14.76083977446959,0.0,0.0,0.0
183.85695554060737,2.8507606237827487,14.760320273368894,0.0,0.0,0.0
183.8470924435226,2.852175817428301,14.759800772268198,0.0,0.0,0.0
183.8372293221578,2.8535909266499493,14.7592812711675,0.0,0.0,0.0
183.8273661765024,2.855005951405515,14.758761770066807,0.0,0.0,0.0
183.81750300654556,2.8564208916528533,14.758242268966109,0.0,0.0,0.0
183.8076398122768,2.8578357473497817,14.757722767865417,0.0,0.0,0.0
183.79777659368523,2.8592505184541586,14.75720326676472,0.0,0.0,0.0
183.78791335076033,2.8606652049238077,14.756683765664024,0.0,0.0,0.0
