galstreams/tracks/track.st.NGC1851.ibata2021.ecsv
# %ECSV 1.0
# ---
# datatype:
# - {name: ra, unit: deg, datatype: float64}
# - {name: dec, unit: deg, datatype: float64}
# - {name: distance, unit: kpc, datatype: float64}
# - {name: pm_ra_cosdec, unit: mas / yr, datatype: float64}
# - {name: pm_dec, unit: mas / yr, datatype: float64}
# - {name: radial_velocity, unit: km / s, datatype: float64}
# delimiter: ','
# meta: !!omap
# - __serialized_columns__:
#     dec:
#       __class__: astropy.coordinates.angles.Latitude
#       unit: &id001 !astropy.units.Unit {unit: deg}
#       value: !astropy.table.SerializedColumn {name: dec}
#     distance:
#       __class__: astropy.coordinates.distances.Distance
#       unit: !astropy.units.Unit {unit: kpc}
#       value: !astropy.table.SerializedColumn {name: distance}
#     pm_dec:
#       __class__: astropy.units.quantity.Quantity
#       unit: !astropy.units.Unit {unit: mas / yr}
#       value: !astropy.table.SerializedColumn {name: pm_dec}
#     pm_ra_cosdec:
#       __class__: astropy.units.quantity.Quantity
#       unit: !astropy.units.Unit {unit: mas / yr}
#       value: !astropy.table.SerializedColumn {name: pm_ra_cosdec}
#     ra:
#       __class__: astropy.coordinates.angles.Longitude
#       unit: *id001
#       value: !astropy.table.SerializedColumn {name: ra}
#       wrap_angle: !astropy.coordinates.Angle
#         unit: *id001
#         value: 360.0
#     radial_velocity:
#       __class__: astropy.units.quantity.Quantity
#       unit: !astropy.units.Unit {unit: km / s}
#       value: !astropy.table.SerializedColumn {name: radial_velocity}
# schema: astropy-2.0
ra,dec,distance,pm_ra_cosdec,pm_dec,radial_velocity
[from data line 544]
78.07066006206755,-45.358022172188804,13.581824861483076,2.355773458467609,-0.5822441659494506,-2.1051917824680846e-14
78.0693010207118,-45.348374180663264,13.581619662186636,2.3558028243394586,-0.5823498727166323,-1.473634247727659e-14
78.06796328141685,-45.33872701361809,13.581418821573426,2.3558316089895643,-0.5824541748476204,-1.0525958912340423e-14
78.0666467774504,-45.32908066955771,13.581222326334377,2.3558598141871516,-0.5825570763217289,-2.315710960714893e-14
78.06535144213125,-45.31943514697161,13.581030163160444,2.3558874416998443,-0.5826585811168834,-2.1051917824680845e-15
78.0640772088292,-45.30979044433436,13.580842318742556,2.355914493293689,-0.5827586932096146,-1.2631150694808506e-14
78.06282401096513,-45.300146560105766,13.58065877977166,2.3559409707331618,-0.5828574165750466,-6.315575347404253e-15
78.06159178201068,-45.29050349273105,13.5804795329387,2.355966875781199,-0.5829547551868905,-1.2631150694808506e-14
78.0603804554884,-45.280861240640874,13.580304564934615,2.355992210199205,-0.5830507130174346,-1.894672604221276e-14
78.05918996497151,-45.27121980225154,13.580133862450346,2.3560169757470732,-0.5831452940375363,-1.2631150694808506e-14
78.05802024408392,-45.26157917596508,13.579967412176837,2.356041174183206,-0.5832385022166146,-6.315575347404253e-15
78.05687122650009,-45.251939360169416,13.579805200805023,2.356064807264531,-0.5833303415226392,-4.210383564936169e-15
78.055742845945,-45.24230035323841,13.579647215025853,2.3560878767465128,-0.5834208159221246,-2.1051917824680846e-14
78.05463503619406,-45.232662153532075,13.579493441530266,2.356110384383176,-0.5835099293801198,-1.894672604221276e-14
78.05354773107298,-45.22302475939661,13.579343867009204,2.356132331927125,-0.5835976858602014,-1.0525958912340423e-14
78.05248086445779,-45.213388169164595,13.579198478153607,2.356153721129553,-0.5836840893244655,-1.0525958912340423e-14
78.05143437027468,-45.203752381155056,13.579057261654414,2.356174553740264,-0.5837691437335175,-2.947268495455318e-14
78.05040818249998,-45.194117393673615,13.578920204202573,2.3561948315076924,-0.583852853046466,-2.5262301389617013e-14
78.04940223516002,-45.184483205012604,13.578787292489022,2.356214556178913,-0.5839352212209137,-1.6841534259744676e-14
78.0484164623311,-45.174849813451196,13.578658513204704,2.3562337294996634,-0.58401625221295,-2.315710960714893e-14
78.04745079813944,-45.16521721725545,13.578533853040554,2.3562523532143596,-0.5840959499771423,-1.894672604221276e-14
78.046505176761,-45.155585414678555,13.578413298687524,2.3562704290661087,-0.5841743184665279,-2.315710960714893e-14
78.04557953242156,-45.14595440396085,13.578296836836543,2.356287958796734,-0.5842513616326075,-1.0525958912340423e-14
78.04467379939643,-45.136324183329904,13.578184454178565,2.35630494414678,-0.5843270834253347,-1.0525958912340423e-14
78.04378791201063,-45.12669475100087,13.578076137404528,2.3563213868555404,-0.5844014877931114,-1.894672604221276e-14
78.04292180463857,-45.1170661051763,13.577971873205367,2.3563372886610687,-0.5844745786827775,-2.315710960714893e-14
78.04207541170418,-45.107438244046385,13.577871648272032,2.356352651300192,-0.5845463600396035,-1.894672604221276e-14
78.04124866768063,-45.0978111657891,13.577775449295459,2.356367476508533,-0.5846168358072847,-2.315710960714893e-14
78.04044150709048,-45.08818486857032,13.57768326296659,2.3563817660205255,-0.5846860099279303,-1.473634247727659e-14
78.03965386450541,-45.07855935054385,13.577595075976367,2.356395521569422,-0.5847538863420596,-3.368306851948935e-14
78.03888567454624,-45.06893460985163,13.577510875015735,2.3564087448873243,-0.5848204689885907,-2.947268495455318e-14
78.03813687188284,-45.059310644623835,13.577430646775634,2.356421437705185,-0.5848857618048359,-2.7367493172085098e-14
78.03740739123404,-45.04968745297891,13.577354377946994,2.356433601752838,-0.5849497687264928,-3.368306851948935e-14
78.0366971673676,-45.04006503302377,13.57728205522078,2.3564452387589943,-0.5850124936876362,-3.368306851948935e-14
78.03600613510007,-45.03044338285388,13.577213665287912,2.3564563504512805,-0.585073940620713,-1.6841534259744676e-14
78.03533422929672,-45.02082250055335,13.577149194839341,2.3564669385562387,-0.5851341134565331,-2.1051917824680846e-14
78.03468138487156,-45.01120238419507,13.57708863056601,2.3564770047993493,-0.5851930161242616,-2.1051917824680846e-14
78.03404753678711,-45.00158303184082,13.577031959158854,2.356486550905042,-0.5852506525514141,-2.315710960714893e-14
78.03343262005451,-44.99196444154135,13.57697916730882,2.3564955785967143,-0.5853070266638454,-4.210383564936169e-15
78.03283656973325,-44.982346611336496,13.576930241706846,2.356504089596749,-0.5853621423857469,-2.7367493172085098e-14
78.03225932093125,-44.97272953925536,13.576885169043878,2.356512085626521,-0.5854160036396361,-1.6841534259744676e-14
78.03170080880469,-44.963113223316306,13.576843936010853,2.3565195684064233,-0.5854686143463518,-2.315710960714893e-14
78.03116096855803,-44.95349766152711,13.576806529298711,2.356526539655878,-0.5855199784250444,-2.315710960714893e-14
78.03063973544381,-44.94388285188516,13.576772935598404,2.3565330010933447,-0.5855700997931713,-1.894672604221276e-14
78.03013704476271,-44.93426879237737,13.576743141600863,2.356538954436346,-0.585618982366489,-4.210383564936169e-15
78.02965283186334,-44.92465548098049,13.576717133997029,2.356544401401479,-0.5856666300590472,-6.315575347404253e-15
78.0291870321423,-44.915042915661076,13.576694899477852,2.3565493437044243,-0.5857130467831795,-2.1051917824680846e-14
78.02873958104402,-44.90543109437565,13.576676424734266,2.3565537830599705,-0.5857582364494982,-4.210383564936169e-15
78.02831041406071,-44.89582001507078,13.576661696457215,2.356557721182021,-0.5858022029668887,-1.894672604221276e-14
78.02789946673226,-44.88620967568323,13.576650701337641,2.3565611597836122,-0.5858449502425,-1.6841534259744676e-14
78.02750667464628,-44.876600074139986,13.576643426066491,2.3565641005769296,-0.5858864821817398,-8.420767129872338e-15
78.02713197343782,-44.86699120835845,13.576639857334689,2.3565665452733207,-0.5859268026882678,-1.473634247727659e-14
78.02677529878949,-44.85738307624647,13.576639981833196,2.3565684955833044,-0.5859659156639887,-2.1051917824680846e-14
78.02643658643132,-44.847775675702486,13.576643786252944,2.3565699532165976,-0.5860038250090449,-3.157787673702127e-14
78.02611577214067,-44.83816900461562,13.576651257284878,2.3565709198821168,-0.5860405346218107,-1.473634247727659e-14
78.02581279174213,-44.82856306086577,13.576662381619935,2.3565713972880005,-0.5860760483988872,-3.157787673702127e-14
78.02552758110755,-44.81895784232369,13.576677145949061,2.3565713871416194,-0.586110370235092,-1.6841534259744676e-14
78.02526007615587,-44.80935334685118,13.576695536963195,2.3565708911495933,-0.5861435040234577,-1.2631150694808506e-14
78.02501021285309,-44.79974957230107,13.576717541353277,2.356569911017803,-0.5861754536552208,4.210383564936169e-15
78.02477792721217,-44.790146516517375,13.576743145810257,2.3565684484514047,-0.5862062230198191,-1.6841534259744676e-14
78.02456315529301,-44.78054417733542,13.576772337025064,2.356566505154847,-0.5862358160048828,-2.315710960714893e-14
78.02436583320232,-44.77094255258191,13.576805101688649,2.356564082831877,-0.5862642364962292,-1.2631150694808506e-14
78.0241858970936,-44.76134164007502,13.576841426491947,2.356561183185565,-0.5862914883778576,-1.473634247727659e-14
78.02402328316703,-44.75174143762449,13.576881298125906,2.35655780791831,-0.5863175755319407,-1.6841534259744676e-14
78.02387792766937,-44.74214194303176,13.57692470328146,2.3565539587318556,-0.5863425018388211,-1.6841534259744676e-14
78.02374976689403,-44.732543154090024,13.576971628649561,2.3565496373273027,-0.5863662711770019,-1.6841534259744676e-14
78.0236387371808,-44.72294506858439,13.577022060921138,2.356544845405129,-0.5863888874231453,-1.0525958912340423e-14
78.02354477491593,-44.713347684291854,13.57707598678714,2.3565395846651915,-0.5864103544520611,-6.315575347404253e-15
78.02346781653199,-44.70375099898154,13.577133392938508,2.3565338568067515,-0.5864306761367053,-1.6841534259744676e-14
78.02340779850782,-44.69415501041472,13.577194266066185,2.3565276635284786,-0.5864498563481716,-1.2631150694808506e-14
78.02336465736845,-44.6845597163449,13.577258592861106,2.356521006528472,-0.5864678989556866,-1.6841534259744676e-14
78.02333832968503,-44.67496511451793,13.577326360014224,2.356513887504265,-0.5864848078266027,-1.2631150694808506e-14
78.02332875207482,-44.665371202672105,13.577397554216464,2.356506308152847,-0.5865005868263939,-1.2631150694808506e-14
78.02333586120098,-44.655777978538296,13.577472162158784,2.3564982701706696,-0.5865152398186486,-8.420767129872338e-15
78.02335959377262,-44.64618543983994,13.577550170532115,2.3564897752536638,-0.586528770665065,-2.7367493172085098e-14
78.02339988654472,-44.636593584293244,13.577631566027401,2.3564808250972527,-0.5865411832254438,-8.420767129872338e-15
78.02345667631799,-44.62700240960718,13.577716335335586,2.356471421396361,-0.5865524813576847,-1.473634247727659e-14
78.02352989993888,-44.61741191348367,13.577804465147612,2.3564615658454304,-0.5865626689177781,-2.1051917824680845e-15
78.02361949429945,-44.60782209361759,13.577895942154413,2.3564512601384338,-0.5865717497598025,-2.5262301389617013e-14
78.02372539633734,-44.59823294769697,13.577990753046937,2.3564405059688847,-0.5865797277359155,-1.6841534259744676e-14
78.02384754303569,-44.58864447340296,13.578088884516127,2.35642930502985,-0.5865866066963517,-4.210383564936169e-15
78.02398587142302,-44.57905666840997,13.578190323252917,2.3564176590139696,-0.5865923904894157,-3.5788260301957434e-14
78.02414031857329,-44.56946953038581,13.578295055948258,2.3564055696134556,-0.5865970829614742,-1.6841534259744676e-14
78.02431082160568,-44.55988305699173,13.578403069293087,2.3563930385201166,-0.5866006879569552,-1.6841534259744676e-14
78.02449731768463,-44.55029724588248,13.578514349978338,2.356380067425368,-0.5866032093183398,-6.315575347404253e-15
78.0246997440197,-44.54071209470647,13.578628884694966,2.3563666580202383,-0.5866046508861567,-1.894672604221276e-14
78.02491803786556,-44.53112760110578,13.578746660133907,2.356352811995384,-0.5866050164989776,-1.473634247727659e-14
78.02515213652187,-44.521543762716384,13.578867662986099,2.3563385310411076,-0.5866043099934125,-1.6841534259744676e-14
78.02540197733326,-44.51196057716806,13.578991879942487,2.356323816847362,-0.5866025352041033,0.0
78.02566749768921,-44.50237804208456,13.579119297694012,2.356308671103766,-0.5865996959637193,-2.5262301389617013e-14
78.02594863502405,-44.492796155083745,13.579249902931611,2.356293095499617,-0.586595796102951,-8.420767129872338e-15
78.0262453268168,-44.483214913777566,13.579383682346236,2.3562770917239004,-0.5865908394505068,-1.473634247727659e-14
78.02655751059122,-44.47363431577223,13.579520622628822,2.356260661465303,-0.5865848298331058,-6.315575347404253e-15
78.0268851239156,-44.464054358668285,13.579660710470307,2.3562438064122264,-0.5865777710754752,-2.1051917824680846e-14
78.02722810440282,-44.45447504006063,13.57980393256164,2.356226528252795,-0.5865696670003422,-3.157787673702127e-14
78.02758638971025,-44.4448963575387,13.579950275593756,2.3562088286748706,-0.5865605214284312,-6.315575347404253e-15
78.02795991753959,-44.43531830868646,13.5800997262576,2.3561907093660626,-0.5865503381784591,-1.2631150694808506e-14
78.02834862563697,-44.42574089108254,13.580252271244111,2.3561721720137405,-0.5865391210671286,-1.894672604221276e-14
78.0287524517927,-44.41616410230031,13.580407897244237,2.3561532183050455,-0.5865268739091243,-2.5262301389617013e-14
78.02917133384136,-44.40658793990797,13.580566590948914,2.3561338499268984,-0.5865136005171081,-2.315710960714893e-14
78.02960520966165,-44.39701240146858,13.580728339049077,2.3561140685660207,-0.5864993047017141,-2.947268495455318e-14
78.03005401717634,-44.38743748454021,13.580893128235685,2.356093875908929,-0.5864839902715432,-1.6841534259744676e-14
78.03051769435218,-44.37786318667599,13.581060945199662,2.356073273641966,-0.5864676610331593,-4.210383564936169e-15
78.0309961791999,-44.36828950542419,13.58123177663196,2.356052263451296,-0.5864503207910845,-1.0525958912340423e-14
78.03148940977408,-44.35871643832829,13.581405609223516,2.3560308470229234,-0.5864319733477936,-1.2631150694808506e-14
78.0319973241731,-44.349143982927096,13.581582429665271,2.3560090260427047,-0.5864126225037106,-2.7367493172085098e-14
78.03251986053911,-44.33957213675479,13.581762224648173,2.3559868021963557,-0.5863922720572018,-2.1051917824680846e-14
78.0330569570579,-44.33000089734101,13.581944980863154,2.3559641771694615,-0.5863709258045748,-4.210383564936169e-15
78.03360855195888,-44.32043026221093,13.582130685001161,2.355941152647494,-0.5863485875400716,-3.5788260301957434e-14
78.03417458351501,-44.31086022888537,13.582319323753135,2.3559177303158148,-0.5863252610558631,-2.947268495455318e-14
78.03475499004276,-44.3012907948808,13.582510883810022,2.3558939118596904,-0.5863009501420466,-1.894672604221276e-14
78.03534970990194,-44.29172195770953,13.582705351862753,2.3558696989643075,-0.5862756585866425,-1.0525958912340423e-14
78.03595868149577,-44.28215371487964,13.582902714602278,2.3558450933147697,-0.5862493901755856,-1.2631150694808506e-14
78.03658184327074,-44.27258606389521,13.583102958719538,2.355820096596121,-0.5862221486927249,-1.6841534259744676e-14
78.03721913371653,-44.26301900225629,13.583306070905467,2.355794710493355,-0.5861939379198173,-2.5262301389617013e-14
78.03787049136605,-44.25345252745902,13.583512037851014,2.355768936691416,-0.5861647616365221,-1.6841534259744676e-14
78.03853585479519,-44.24388663699569,13.58372084624712,2.355742776875218,-0.5861346236204006,-2.315710960714893e-14
78.03921516262297,-44.23432132835484,13.583932482784721,2.3557162327296566,-0.5861035276469077,-1.2631150694808506e-14
78.03990835351128,-44.224756599021276,13.584146934154766,2.3556893059396105,-0.5860714774893905,-3.157787673702127e-14
78.04061536616501,-44.21519244647623,13.584364187048193,2.355661998189958,-0.5860384769190814,-1.2631150694808506e-14
78.04133613933182,-44.20562886819735,13.58458422815594,2.3556343111655877,-0.586004529705098,-4.210383564936169e-15
78.0420706118021,-44.19606586165883,13.584807044168954,2.3556062465514045,-0.5859696396144349,-2.947268495455318e-14
78.04281872240907,-44.186503424331484,13.585032621778176,2.355577806032342,-0.5859338104119611,-1.473634247727659e-14
78.04358041002847,-44.176941553682745,13.585260947674541,2.355548991293373,-0.5858970458604174,-1.473634247727659e-14
78.04435561357869,-44.16738024717686,13.585492008548998,2.3555198040195178,-0.5858593497204102,-1.473634247727659e-14
78.04514427202062,-44.15781950227482,13.585725791092488,2.355490245895856,-0.5858207257504084,-8.420767129872338e-15
78.04594632435759,-44.14825931643456,13.585962281995949,2.3554603186075362,-0.5857811777067403,-4.210383564936169e-15
78.04676170963535,-44.13869968711096,13.586201467950321,2.3554300238397827,-0.5857407093435879,-1.0525958912340423e-14
78.04759036694193,-44.129140611755915,13.58644333564655,2.3553993632779076,-0.5856993244129847,-2.947268495455318e-14
78.0484322354077,-44.11958208781844,13.586687871775581,2.355368338607321,-0.5856570266648098,-3.157787673702127e-14
78.04928725420517,-44.11002411274472,13.58693506302834,2.3553369515135407,-0.585613819846787,-3.157787673702127e-14
78.05015536254902,-44.100466683978155,13.587184896095785,2.355305203682197,-0.5855697077044782,-1.473634247727659e-14
78.05103649969598,-44.09090979895948,13.587437357668852,2.3552730967990505,-0.5855246939812817,-2.315710960714893e-14
78.05193060494484,-44.081353455126816,13.58769243443848,2.355240632549994,-0.5854787824184271,-3.789345208442552e-14
78.05283761763631,-44.071797649915695,13.58795011309561,2.3552078126210643,-0.585431976754971,-1.473634247727659e-14
