galstreams/tracks/track.st.Orinoco.grillmair2017.ecsv
# %ECSV 1.0
# ---
# datatype:
# - {name: ra, unit: deg, datatype: float64}
# - {name: dec, unit: deg, datatype: float64}
# - {name: distance, unit: kpc, datatype: float64}
# - {name: pm_ra_cosdec, unit: mas / yr, datatype: float64}
# - {name: pm_dec, unit: mas / yr, datatype: float64}
# - {name: radial_velocity, unit: km / s, datatype: float64}
# delimiter: ','
# meta: !!omap
# - __serialized_columns__:
#     dec:
#       __class__: astropy.coordinates.angles.Latitude
#       unit: &id001 !astropy.units.Unit {unit: deg}
#       value: !astropy.table.SerializedColumn {name: dec}
#     distance:
#       __class__: astropy.coordinates.distances.Distance
#       unit: !astropy.units.Unit {unit: kpc}
#       value: !astropy.table.SerializedColumn {name: distance}
#     pm_dec:
#       __class__: astropy.units.quantity.Quantity
#       unit: !astropy.units.Unit {unit: mas / yr}
#       value: !astropy.table.SerializedColumn {name: pm_dec}
#     pm_ra_cosdec:
#       __class__: astropy.units.quantity.Quantity
#       unit: !astropy.units.Unit {unit: mas / yr}
#       value: !astropy.table.SerializedColumn {name: pm_ra_cosdec}
#     ra:
#       __class__: astropy.coordinates.angles.Longitude
#       unit: *id001
#       value: !astropy.table.SerializedColumn {name: ra}
#       wrap_angle: !astropy.coordinates.Angle
#         unit: *id001
#         value: 360.0
#     radial_velocity:
#       __class__: astropy.units.quantity.Quantity
#       unit: !astropy.units.Unit {unit: km / s}
#       value: !astropy.table.SerializedColumn {name: radial_velocity}
# schema: astropy-2.0
ra,dec,distance,pm_ra_cosdec,pm_dec,radial_velocity
0.00441667606820177,-25.48961733302363,20.6,0.0,0.0,0.0
0.015922170996707462,-25.48792712445397,20.6,0.0,0.0,0.0
0.02742719577711438,-25.486237113541314,20.599999999999998,0.0,0.0,0.0
0.03893174978631868,-25.48454730442488,20.6,0.0,0.0,0.0
0.05043583240268079,-25.48285770124407,20.6,0.0,0.0,0.0
0.06193944300629338,-25.481168308138542,20.6,0.0,0.0,0.0
0.07344258097858565,-25.479479129248165,20.6,0.0,0.0,0.0
0.08494524570252307,-25.477790168713035,20.6,0.0,0.0,0.0
0.09644743656279976,-25.476101430673484,20.600000000000005,0.0,0.0,0.0
0.10794915294545375,-25.47441291927004,20.600000000000005,0.0,0.0,0.0
0.11945039423810556,-25.47272463864348,20.6,0.0,0.0,0.0
0.13095115982992794,-25.471036592934784,20.6,0.0,0.0,0.0
0.14245144911156085,-25.469348786285178,20.599999999999998,0.0,0.0,0.0
0.1539512614753577,-25.4676612228361,20.6,0.0,0.0,0.0
0.16545059631502781,-25.46597390672921,20.6,0.0,0.0,0.0
0.1769494530258645,-25.46428684210639,20.6,0.0,0.0,0.0
0.1884478310046509,-25.462600033109737,20.6,0.0,0.0,0.0
0.19994572964987142,-25.460913483881605,20.6,0.0,0.0,0.0
0.21144314836137376,-25.45922719856452,20.60000000000001,0.0,0.0,0.0
0.2229400865405834,-25.45754118130127,20.6,0.0,0.0,0.0
0.2344365435904159,-25.455855436234824,20.6,0.0,0.0,0.0
0.245932518915497,-25.454169967508424,20.6,0.0,0.0,0.0
0.25742801192179793,-25.452484779265493,20.6,0.0,0.0,0.0
0.2689230220168869,-25.450799875649682,20.599999999999998,0.0,0.0,0.0
0.28041754860981283,-25.449115260804856,20.600000000000005,0.0,0.0,0.0
0.29191159111133175,-25.447430938875137,20.6,0.0,0.0,0.0
0.3034051489335485,-25.445746914004822,20.6,0.0,0.0,0.0
0.31489822149017044,-25.444063190338444,20.600000000000005,0.0,0.0,0.0
0.3263908081963706,-25.442379772020747,20.6,0.0,0.0,0.0
0.33788290846904034,-25.440696663196725,20.6,0.0,0.0,0.0
0.349374521726422,-25.43901386801157,20.6,0.0,0.0,0.0
0.3608656473883491,-25.437331390610666,20.6,0.0,0.0,0.0
0.3723562848761356,-25.43564923513965,20.6,0.0,0.0,0.0
0.3838464336128,-25.43396740574437,20.6,0.0,0.0,0.0
0.3953360930227139,-25.432285906570883,20.600000000000005,0.0,0.0,0.0
0.4068252625318465,-25.430604741765467,20.6,0.0,0.0,0.0
0.41831394156764046,-25.428923915474627,20.599999999999998,0.0,0.0,0.0
0.4298021295592453,-25.42724343184505,20.600000000000005,0.0,0.0,0.0
0.441289825937169,-25.425563295023696,20.600000000000005,0.0,0.0,0.0
0.4527770301335113,-25.423883509157694,20.600000000000005,0.0,0.0,0.0
0.46426374158183614,-25.422204078394397,20.6,0.0,0.0,0.0
0.475749959717438,-25.42052500688139,20.600000000000005,0.0,0.0,0.0
0.48723568397693856,-25.41884629876646,20.6,0.0,0.0,0.0
0.49872091379858174,-25.417167958197624,20.6,0.0,0.0,0.0
0.5102056486220603,-25.41548998932308,20.600000000000005,0.0,0.0,0.0
0.5216898878887845,-25.41381239629129,20.6,0.0,0.0,0.0
0.5331736310415236,-25.412135183250882,20.599999999999998,0.0,0.0,0.0
0.5446568775246382,-25.410458354350727,20.600000000000005,0.0,0.0,0.0
0.5561396267839528,-25.408781913739897,20.6,0.0,0.0,0.0
0.5676218782670133,-25.40710586556769,20.6,0.0,0.0,0.0
0.5791036314227127,-25.405430213983603,20.6,0.0,0.0,0.0
0.5905848857015338,-25.40375496313735,20.600000000000005,0.0,0.0,0.0
0.6020656405554369,-25.402080117178848,20.6,0.0,0.0,0.0
0.6135458954380926,-25.40040568025827,20.6,0.0,0.0,0.0
0.6250256498045228,-25.398731656525943,20.600000000000005,0.0,0.0,0.0
0.6365049031113407,-25.397058050132443,20.6,0.0,0.0,0.0
0.647983654816629,-25.395384865228518,20.600000000000005,0.0,0.0,0.0
0.659461904380186,-25.393712105965186,20.6,0.0,0.0,0.0
0.670939651263164,-25.39203977649365,20.599999999999998,0.0,0.0,0.0
0.6824168949282932,-25.390367880965286,20.599999999999998,0.0,0.0,0.0
0.69389363483979,-25.388696423531723,20.599999999999998,0.0,0.0,0.0
0.7053698704635808,-25.387025408344805,20.599999999999998,0.0,0.0,0.0
0.7168456012669353,-25.385354839556552,20.599999999999998,0.0,0.0,0.0
0.7283208267187246,-25.383684721319227,20.599999999999998,0.0,0.0,0.0
0.7397955462892729,-25.382015057785267,20.599999999999998,0.0,0.0,0.0
0.7512697594506383,-25.38034585310735,20.599999999999998,0.0,0.0,0.0
0.7627434656762189,-25.378677111438353,20.6,0.0,0.0,0.0
0.7742166644409979,-25.37700883693136,20.599999999999998,0.0,0.0,0.0
0.785689355221436,-25.375341033739634,20.599999999999998,0.0,0.0,0.0
0.7971615374957127,-25.373673706016714,20.599999999999994,0.0,0.0,0.0
0.8086332107433458,-25.372006857916283,20.599999999999998,0.0,0.0,0.0
0.8201043744454437,-25.370340493592252,20.599999999999998,0.0,0.0,0.0
0.8315750280845942,-25.368674617198746,20.599999999999998,0.0,0.0,0.0
0.8430451711450938,-25.367009232890105,20.6,0.0,0.0,0.0
0.854514803112581,-25.365344344820848,20.599999999999998,0.0,0.0,0.0
0.8659839234742954,-25.36367995714572,20.599999999999998,0.0,0.0,0.0
0.8774525317189362,-25.362016074019643,20.599999999999998,0.0,0.0,0.0
0.8889206273369277,-25.360352699597815,20.599999999999998,0.0,0.0,0.0
0.9003882098200321,-25.35868983803555,20.6,0.0,0.0,0.0
0.9118552786616042,-25.357027493488438,20.599999999999998,0.0,0.0,0.0
0.923321833356471,-25.355365670112224,20.599999999999998,0.0,0.0,0.0
0.9347878734011658,-25.353704372062897,20.599999999999994,0.0,0.0,0.0
0.9462533982935806,-25.352043603496625,20.599999999999994,0.0,0.0,0.0
0.9577184075331858,-25.350383368569776,20.599999999999998,0.0,0.0,0.0
0.9691829006209285,-25.34872367143895,20.599999999999994,0.0,0.0,0.0
0.9806468770594655,-25.34706451626092,20.599999999999994,0.0,0.0,0.0
0.992110336352806,-25.345405907192692,20.599999999999994,0.0,0.0,0.0
1.0035732780065358,-25.343747848391445,20.6,0.0,0.0,0.0
1.0150357015277207,-25.342090344014558,20.599999999999998,0.0,0.0,0.0
1.0264976064251379,-25.340433398219666,20.6,0.0,0.0,0.0
1.0379589922089096,-25.338777015164546,20.599999999999994,0.0,0.0,0.0
1.0494198583907492,-25.3371211990072,20.599999999999998,0.0,0.0,0.0
1.0608802044838297,-25.33546595390582,20.6,0.0,0.0,0.0
1.072340030003051,-25.33381128401884,20.6,0.0,0.0,0.0
1.0837993344646495,-25.332157193504845,20.599999999999994,0.0,0.0,0.0
1.0952581173864524,-25.330503686522626,20.6,0.0,0.0,0.0
1.1067163782877518,-25.32885076723121,20.599999999999998,0.0,0.0,0.0
1.1181741166895636,-25.327198439789804,20.599999999999998,0.0,0.0,0.0
1.1296313321142406,-25.32554670835781,20.6,0.0,0.0,0.0
1.1410880240857204,-25.323895577094827,20.599999999999994,0.0,0.0,0.0
1.1525441921294106,-25.322245050160642,20.599999999999998,0.0,0.0,0.0
1.163999835772445,-25.320595131715294,20.599999999999998,0.0,0.0,0.0
1.17545495454328,-25.31894582591897,20.599999999999998,0.0,0.0,0.0
1.186909547971983,-25.31729713693207,20.6,0.0,0.0,0.0
1.1983636155900697,-25.31564906891518,20.6,0.0,0.0,0.0
1.2098171569307807,-25.314001626029125,20.599999999999998,0.0,0.0,0.0
1.2212701715286924,-25.312354812434872,20.6,0.0,0.0,0.0
1.2327226589199742,-25.31070863229363,20.6,0.0,0.0,0.0
1.244174618642258,-25.309063089766777,20.6,0.0,0.0,0.0
1.2556260502349037,-25.307418189015902,20.599999999999998,0.0,0.0,0.0
1.2670769532385886,-25.30577393420279,20.6,0.0,0.0,0.0
1.2785273271956,-25.304130329489418,20.6,0.0,0.0,0.0
1.289977171649747,-25.302487379037963,20.599999999999998,0.0,0.0,0.0
1.301426486146297,-25.300845087010785,20.599999999999998,0.0,0.0,0.0
1.3128752702322382,-25.299203457570446,20.599999999999998,0.0,0.0,0.0
1.3243235234558983,-25.297562494879717,20.599999999999998,0.0,0.0,0.0
1.3357712453671347,-25.29592220310155,20.6,0.0,0.0,0.0
1.3472184355175136,-25.294282586399103,20.6,0.0,0.0,0.0
1.3586650934599387,-25.292643648935705,20.6,0.0,0.0,0.0
1.370111218748918,-25.291005394874908,20.6,0.0,0.0,0.0
1.3815568109404672,-25.289367828380435,20.6,0.0,0.0,0.0
1.3930018695920745,-25.2877309536162,20.599999999999998,0.0,0.0,0.0
1.4044463942629517,-25.28609477474635,20.6,0.0,0.0,0.0
1.4158903845136306,-25.284459295935168,20.599999999999998,0.0,0.0,0.0
1.4273338399061892,-25.282824521347173,20.6,0.0,0.0,0.0
1.438776760004403,-25.281190455147065,20.599999999999998,0.0,0.0,0.0
1.4502191443733972,-25.279557101499716,20.6,0.0,0.0,0.0
1.4616609925798756,-25.27792446457021,20.6,0.0,0.0,0.0
1.4731023041920812,-25.276292548523838,20.599999999999998,0.0,0.0,0.0
1.4845430787797105,-25.27466135752604,20.6,0.0,0.0,0.0
1.4959833159141693,-25.273030895742476,20.599999999999998,0.0,0.0,0.0
1.50742301516822,-25.271401167338986,20.6,0.0,0.0,0.0
1.5188621761161927,-25.26977217648163,20.599999999999994,0.0,0.0,0.0
1.530300798333897,-25.268143927336588,20.599999999999998,0.0,0.0,0.0
1.5417388813988406,-25.266516424070314,20.6,0.0,0.0,0.0
1.5531764248898818,-25.2648896708494,20.599999999999998,0.0,0.0,0.0
1.5646134283874615,-25.263263671840644,20.599999999999994,0.0,0.0,0.0
1.5760498914734817,-25.261638431210994,20.599999999999998,0.0,0.0,0.0
1.5874858137315582,-25.26001395312767,20.599999999999994,0.0,0.0,0.0
1.5989211947466482,-25.258390241758008,20.6,0.0,0.0,0.0
1.610356034105291,-25.25676730126956,20.6,0.0,0.0,0.0
1.6217903313954887,-25.255145135830052,20.599999999999998,0.0,0.0,0.0
1.6332240862069596,-25.253523749607428,20.6,0.0,0.0,0.0
1.6446572981307546,-25.251903146769774,20.599999999999998,0.0,0.0,0.0
1.656089966759516,-25.250283331485416,20.599999999999994,0.0,0.0,0.0
1.6675220916873499,-25.24866430792279,20.6,0.0,0.0,0.0
1.6789536725100604,-25.247046080250627,20.6,0.0,0.0,0.0
1.6903847088248078,-25.245428652637752,20.599999999999998,0.0,0.0,0.0
1.7018152002303226,-25.24381202925321,20.599999999999998,0.0,0.0,0.0
1.7132451463268068,-25.24219621426623,20.6,0.0,0.0,0.0
1.724674546716169,-25.240581211846226,20.6,0.0,0.0,0.0
1.7361034010016603,-25.238967026162815,20.599999999999998,0.0,0.0,0.0
1.747531708788112,-25.237353661385754,20.599999999999998,0.0,0.0,0.0
1.7589594696818147,-25.23574112168502,20.6,0.0,0.0,0.0
1.7703866832907744,-25.23412941123077,20.6,0.0,0.0,0.0
1.7818133492243353,-25.232518534193346,20.599999999999998,0.0,0.0,0.0
1.7932394670934229,-25.230908494743257,20.6,0.0,0.0,0.0
1.8046650365104264,-25.22929929705121,20.6,0.0,0.0,0.0
1.8160900570894405,-25.2276909452881,20.6,0.0,0.0,0.0
1.827514528445902,-25.22608344362499,20.599999999999998,0.0,0.0,0.0
1.8389384501968304,-25.22447679623314,20.6,0.0,0.0,0.0
1.850361821960703,-25.222871007283967,20.599999999999998,0.0,0.0,0.0
1.8617846433577134,-25.221266080949114,20.599999999999998,0.0,0.0,0.0
1.8732069140093832,-25.219662021400357,20.599999999999998,0.0,0.0,0.0
1.8846286335388212,-25.21805883280969,20.599999999999994,0.0,0.0,0.0
1.8960498015706073,-25.216456519349254,20.6,0.0,0.0,0.0
1.9074704177310093,-25.214855085191417,20.599999999999998,0.0,0.0,0.0
1.9188904816476442,-25.213254534508696,20.599999999999998,0.0,0.0,0.0
1.9303099929497165,-25.211654871473794,20.6,0.0,0.0,0.0
1.9417289512678824,-25.21005610025956,20.6,0.0,0.0,0.0
1.9531473562345052,-25.208458225039116,20.599999999999998,0.0,0.0,0.0
1.9645652074832927,-25.20686124998566,20.6,0.0,0.0,0.0
1.9759825046495298,-25.205265179272644,20.599999999999994,0.0,0.0,0.0
1.987399247369961,-25.20367001707363,20.599999999999998,0.0,0.0,0.0
1.9988154352830414,-25.202075767562437,20.599999999999998,0.0,0.0,0.0
2.01023106802856,-25.200482434913013,20.599999999999998,0.0,0.0,0.0
2.0216461452478875,-25.19889002329948,20.6,0.0,0.0,0.0
2.0330606665838555,-25.197298536896156,20.599999999999994,0.0,0.0,0.0
2.0444746316810005,-25.195707979877543,20.6,0.0,0.0,0.0
2.055888040185197,-25.194118356418304,20.6,0.0,0.0,0.0
2.067300891743897,-25.192529670693286,20.599999999999998,0.0,0.0,0.0
2.0787131860060266,-25.190941926877493,20.599999999999998,0.0,0.0,0.0
2.0901249226221963,-25.189355129146158,20.599999999999998,0.0,0.0,0.0
2.1015361012443634,-25.18776928167463,20.599999999999994,0.0,0.0,0.0
2.1129467215260704,-25.186184388638466,20.599999999999998,0.0,0.0,0.0
2.1243567831223076,-25.184600454213385,20.6,0.0,0.0,0.0
2.1357662856897774,-25.183017482575316,20.599999999999998,0.0,0.0,0.0
2.1471752288865193,-25.18143547790031,20.599999999999994,0.0,0.0,0.0
2.158583612372153,-25.17985444436463,20.59999999999999,0.0,0.0,0.0
2.169991435807754,-25.17827438614468,20.599999999999994,0.0,0.0,0.0
2.1813986988561016,-25.17669530741709,20.599999999999994,0.0,0.0,0.0
2.192805401181312,-25.175117212358625,20.599999999999998,0.0,0.0,0.0
2.204211542449081,-25.17354010514623,20.599999999999994,0.0,0.0,0.0
2.215617122326566,-25.171963989957018,20.599999999999994,0.0,0.0,0.0
2.2270221404826236,-25.1703888709683,20.599999999999994,0.0,0.0,0.0
2.238426596587447,-25.16881475235753,20.599999999999998,0.0,0.0,0.0
2.24983049031281,-25.167241638302354,20.599999999999994,0.0,0.0,0.0
2.261233821331945,-25.16566953298058,20.599999999999994,0.0,0.0,0.0
2.272636589319784,-25.164098440570193,20.599999999999994,0.0,0.0,0.0
2.2840387939525977,-25.162528365249347,20.599999999999998,0.0,0.0,0.0
2.295440434908233,-25.160959311196372,20.599999999999994,0.0,0.0,0.0
2.3068415118659953,-25.159391282589755,20.599999999999998,0.0,0.0,0.0
2.3182420245068935,-25.157824283608182,20.599999999999994,0.0,0.0,0.0
2.329641972513269,-25.156258318430485,20.599999999999994,0.0,0.0,0.0
2.3410413555690464,-25.154693391235675,20.59999999999999,0.0,0.0,0.0
2.3524401733595965,-25.153129506202912,20.599999999999994,0.0,0.0,0.0
2.3638384255720104,-25.15156666751158,20.599999999999998,0.0,0.0,0.0
2.3752361118946923,-25.150004879341175,20.599999999999998,0.0,0.0,0.0
2.3866332320176413,-25.14844414587139,20.599999999999998,0.0,0.0,0.0
2.398029785632303,-25.146884471282075,20.599999999999994,0.0,0.0,0.0
2.409425772431826,-25.145325859753257,20.599999999999994,0.0,0.0,0.0
2.4208211921107,-25.143768315465145,20.599999999999994,0.0,0.0,0.0
2.432216044364984,-25.142211842598087,20.599999999999994,0.0,0.0,0.0
2.4436103288921966,-25.140656445332613,20.59999999999999,0.0,0.0,0.0
2.455004045391558,-25.139102127849416,20.599999999999998,0.0,0.0,0.0
2.4663971935636146,-25.13754889432938,20.599999999999994,0.0,0.0,0.0
2.477789773110502,-25.13599674895351,20.599999999999994,0.0,0.0,0.0
2.4891817837358,-25.134445695903004,20.599999999999998,0.0,0.0,0.0
2.5005732251448025,-25.13289573935925,20.599999999999998,0.0,0.0,0.0
2.511964097044119,-25.131346883503763,20.59999999999999,0.0,0.0,0.0
2.5233543991419465,-25.129799132518244,20.599999999999994,0.0,0.0,0.0
2.534744131147939,-25.128252490584536,20.599999999999998,0.0,0.0,0.0
2.546133292773446,-25.126706961884686,20.599999999999998,0.0,0.0,0.0
2.5575218837311433,-25.125162550600887,20.599999999999994,0.0,0.0,0.0
2.568909903735297,-25.12361926091548,20.599999999999998,0.0,0.0,0.0
2.580297352501618,-25.122077097010983,20.599999999999998,0.0,0.0,0.0
2.5916842297475178,-25.1205360630701,20.599999999999994,0.0,0.0,0.0
2.603070535191744,-25.118996163275664,20.599999999999994,0.0,0.0,0.0
2.6144562685546155,-25.117457401810693,20.599999999999994,0.0,0.0,0.0
2.6258414295579047,-25.115919782858356,20.599999999999998,0.0,0.0,0.0
2.637226017925088,-25.114383310602005,20.59999999999999,0.0,0.0,0.0
2.6486100333809715,-25.112847989225124,20.599999999999994,0.0,0.0,0.0
2.6599934756519352,-25.111313822911384,20.599999999999998,0.0,0.0,0.0
2.6713763444658105,-25.109780815844605,20.599999999999998,0.0,0.0,0.0
2.6827586395521323,-25.108248972208777,20.599999999999998,0.0,0.0,0.0
2.6941403606417653,-25.10671829618806,20.599999999999998,0.0,0.0,0.0
2.7055215074671444,-25.10518879196675,20.599999999999998,0.0,0.0,0.0
2.7169020797622223,-25.10366046372932,20.599999999999994,0.0,0.0,0.0
2.728282077262406,-25.102133315660396,20.59999999999999,0.0,0.0,0.0
2.7396614997048023,-25.100607351944785,20.599999999999998,0.0,0.0,0.0
2.7510403468278466,-25.099082576767426,20.599999999999998,0.0,0.0,0.0
2.762418618371472,-25.097558994313438,20.59999999999999,0.0,0.0,0.0
2.773796314077335,-25.096036608768095,20.59999999999999,0.0,0.0,0.0
2.785173433688411,-25.094515424316818,20.599999999999998,0.0,0.0,0.0
2.796549976949243,-25.09299544514521,20.599999999999998,0.0,0.0,0.0
2.8079259436058916,-25.091476675439008,20.599999999999998,0.0,0.0,0.0
2.8193013334058765,-25.089959119384115,20.599999999999994,0.0,0.0,0.0
2.830676146098403,-25.088442781166613,20.59999999999999,0.0,0.0,0.0
