galstreams/tracks/track.st.C-7.ibata2021.ecsv
# %ECSV 0.9
# ---
# datatype:
# - {name: ra, unit: deg, datatype: float64}
# - {name: dec, unit: deg, datatype: float64}
# - {name: distance, unit: kpc, datatype: float64}
# - {name: pm_ra_cosdec, unit: mas / yr, datatype: float64}
# - {name: pm_dec, unit: mas / yr, datatype: float64}
# - {name: radial_velocity, unit: km / s, datatype: float64}
# delimiter: ','
# meta: !!omap
# - __serialized_columns__:
#     dec:
#       __class__: astropy.coordinates.angles.Latitude
#       unit: &id001 !astropy.units.Unit {unit: deg}
#       value: !astropy.table.SerializedColumn {name: dec}
#     distance:
#       __class__: astropy.coordinates.distances.Distance
#       unit: !astropy.units.Unit {unit: kpc}
#       value: !astropy.table.SerializedColumn {name: distance}
#     pm_dec:
#       __class__: astropy.units.quantity.Quantity
#       unit: !astropy.units.Unit {unit: mas / yr}
#       value: !astropy.table.SerializedColumn {name: pm_dec}
#     pm_ra_cosdec:
#       __class__: astropy.units.quantity.Quantity
#       unit: !astropy.units.Unit {unit: mas / yr}
#       value: !astropy.table.SerializedColumn {name: pm_ra_cosdec}
#     ra:
#       __class__: astropy.coordinates.angles.Longitude
#       unit: *id001
#       value: !astropy.table.SerializedColumn {name: ra}
#       wrap_angle: !astropy.coordinates.Angle
#         unit: *id001
#         value: 360.0
#     radial_velocity:
#       __class__: astropy.units.quantity.Quantity
#       unit: !astropy.units.Unit {unit: km / s}
#       value: !astropy.table.SerializedColumn {name: radial_velocity}
# schema: astropy-2.0
ra,dec,distance,pm_ra_cosdec,pm_dec,radial_velocity
[from data line 548]
279.6608525395928,-51.90709315792604,5.7452007248357395,-14.793519214472381,-10.15382970444165,8.420767129872338e-14
279.67638106979433,-51.90421128790203,5.744874048205834,-14.791877075311783,-10.15845457323919,2.1893994537668078e-13
279.6919074845737,-51.9013271414443,5.7445484790079195,-14.790233313712754,-10.163079165603211,1.0104920555846805e-13
279.7074317826989,-51.89844071895497,5.744224016173769,-14.788587929675368,-10.16770347825076,1.515738083377021e-13
279.72295396293947,-51.89555202083642,5.743900658635157,-14.786940923202147,-10.172327507899286,1.347322740779574e-13
279.7384740240659,-51.892661047491266,5.743578405323858,-14.785292294298104,-10.176951251266587,1.347322740779574e-13
279.7539919648503,-51.8897677993224,5.743257255171649,-14.78364204297066,-10.181574705070888,6.73661370389787e-14
279.7695077840657,-51.88687227673302,5.742937207110303,-14.781990169229736,-10.186197866030719,1.515738083377021e-13
279.7850214804864,-51.883974480126575,5.742618260071591,-14.780336673087698,-10.190820730865038,5.0524602779234026e-14
279.800533052888,-51.881074409906795,5.742300412987292,-14.778681554559364,-10.195443296293117,1.1789073981821273e-13
279.8160425000474,-51.87817206647768,5.741983664789181,-14.777024813661994,-10.200065559034691,2.1893994537668078e-13
279.8315498207426,-51.87526745024347,5.741668014409028,-14.775366450415302,-10.20468751580983,1.0104920555846805e-13
279.8470550137529,-51.87236056160873,5.741353460778613,-14.773706464841485,-10.209309163338961,1.8525687685719145e-13
279.8625580778587,-51.869451400978285,5.741040002829706,-14.772044856965161,-10.213930498342915,6.73661370389787e-14
279.87805901184186,-51.86653996875717,5.740727639494084,-14.770381626813386,-10.218551517542945,1.8525687685719145e-13
279.89355781448535,-51.86362626535075,5.740416369703521,-14.768716774415672,-10.223172217660633,2.5262301389617017e-13
279.90905448457335,-51.860710291164644,5.740106192389792,-14.767050299803989,-10.227792595417984,5.0524602779234026e-14
279.92454902089116,-51.85779204660477,5.73979710648467,-14.765382203012754,-10.232412647537345,3.031476166754042e-13
279.94004142222576,-51.85487153207723,5.739489110919933,-14.763712484078757,-10.237032370741552,1.0104920555846805e-13
279.9555316873647,-51.85194874798847,5.73918220462735,-14.762041143041335,-10.241651761753717,2.020984111169361e-13
279.97101981509746,-51.84902369474519,5.738876386538701,-14.76036817994215,-10.246270817297429,1.347322740779574e-13
279.98650580421406,-51.84609637275436,5.738571655585758,-14.758693594825418,-10.2508895340966,2.1893994537668078e-13
280.0019896535064,-51.84316678242317,5.738268010700295,-14.757017387737685,-10.255507908875638,2.3578147963642546e-13
280.01747136176726,-51.840234924159134,5.737965450814087,-14.755339558727979,-10.26012593835927,1.515738083377021e-13
280.03295092779064,-51.83730079837001,5.737663974858912,-14.753660107847754,-10.264743619272632,6.73661370389787e-14
280.04842835037175,-51.834364405463845,5.737363581766538,-14.75197903515092,-10.26936094834127,1.347322740779574e-13
280.06390362830734,-51.83142574584889,5.737064270468744,-14.750296340693753,-10.273977922291163,2.3578147963642546e-13
280.0793767603952,-51.82848481993371,5.736766039897304,-14.748612024535001,-10.278594537848667,1.0104920555846805e-13
280.0948477454341,-51.825541628127155,5.736468888983993,-14.74692608673584,-10.283210791740528,1.1789073981821273e-13
280.1103165822244,-51.82259617083831,5.736172816660583,-14.745238527359863,-10.287826680693911,1.8525687685719145e-13
280.1257832695677,-51.81964844847648,5.735877821858851,-14.743549346473047,-10.292442201436426,2.3578147963642546e-13
280.1412478062667,-51.8166984614513,5.735583903510571,-14.741858544143836,-10.297057350696061,3.368306851948935e-14
280.1567101911252,-51.81374621017269,5.735291060547519,-14.740166120443085,-10.301672125201195,1.1789073981821273e-13
280.17217042294845,-51.810791695050746,5.734999291901464,-14.738472075444077,-10.306286521680647,1.347322740779574e-13
280.187628500543,-51.80783491649588,5.734708596504187,-14.736776409222461,-10.31090053686368,1.0104920555846805e-13
280.20308442271636,-51.804875874918764,5.73441897328746,-14.735079121856336,-10.315514167479918,1.1789073981821273e-13
280.2185381882776,-51.80191457073031,5.734130421183057,-14.733380213426218,-10.320127410259436,3.368306851948935e-14
280.23398979603655,-51.79895100434175,5.733842939122752,-14.731679684015056,-10.324740261932687,2.8630608241565947e-13
280.249439244805,-51.79598517616448,5.7335565260383206,-14.729977533708126,-10.329352719230647,1.0104920555846805e-13
280.26488653339527,-51.793017086610256,5.733271180861539,-14.728273762593183,-10.33396477888459,2.1893994537668078e-13
280.28033166062136,-51.79004673609103,5.732986902524179,-14.726568370760374,-10.3385764376263,1.0104920555846805e-13
280.2957746252982,-51.787074125019046,5.732703689958017,-14.724861358302254,-10.34318769218792,5.0524602779234026e-14
280.3112154262422,-51.784099253806794,5.732421542094826,-14.72315272531376,-10.347798539302097,1.347322740779574e-13
280.3266540622711,-51.78112212286701,5.732140457866383,-14.721442471892239,-10.352408975701852,1.6841534259744677e-13
280.34209053220343,-51.778142732612714,5.731860436204459,-14.71973059813745,-10.357018998120651,1.1789073981821273e-13
280.35752483485925,-51.775161083457206,5.731581476040832,-14.718017104151562,-10.361628603292367,1.8525687685719145e-13
280.37295696906006,-51.77217717581398,5.7313035763072735,-14.716301990039074,-10.366237787951365,2.8630608241565947e-13
280.3883869336283,-51.769191010096826,5.731026735935561,-14.714585255906947,-10.370846548832404,2.8630608241565947e-13
280.4038147273876,-51.766202586719785,5.7307509538574655,-14.712866901864535,-10.375454882670676,3.031476166754042e-13
280.41924034916303,-51.7632119060972,5.730476229004767,-14.711146928023538,-10.38006278620181,1.347322740779574e-13
280.4346637977809,-51.76021896864357,5.730202560309234,-14.709425334498086,-10.384670256161897,3.031476166754042e-13
280.45008507206865,-51.757223774773756,5.7299299467026445,-14.707702121404663,-10.389277289287463,1.8525687685719145e-13
280.46550417085496,-51.7542263249028,5.72965838711677,-14.705977288862188,-10.393883882315457,1.0104920555846805e-13
280.4809210929697,-51.751226619446065,5.729387880483393,-14.704250836991918,-10.398490031983247,1.515738083377021e-13
280.49633583724426,-51.74822465881908,5.729118425734278,-14.70252276591752,-10.403095735028735,2.694645481559148e-13
280.51174840251105,-51.74522044343774,5.728850021801205,-14.70079307576502,-10.4077009881902,2.1893994537668078e-13
280.5271587876037,-51.74221397371811,5.728582667615948,-14.699061766662858,-10.412305788206375,2.020984111169361e-13
280.542566991357,-51.73920525007653,5.728316362110279,-14.697328838741841,-10.416910131816437,1.347322740779574e-13
280.55797301260725,-51.736194272929616,5.728051104215978,-14.695594292135134,-10.421514015760046,2.8630608241565947e-13
280.57337685019195,-51.7331810426942,5.727786892864814,-14.693858126978277,-10.426117436777307,1.1789073981821273e-13
280.58877850294954,-51.73016555978741,5.727523726988563,-14.692120343409227,-10.430720391608745,2.3578147963642546e-13
280.60417796971996,-51.72714782462663,5.727261605519002,-14.690380941568266,-10.43532287699535,1.8525687685719145e-13
280.61957524934445,-51.724127837629425,5.727000527387903,-14.688639921598067,-10.439924889678617,2.3578147963642546e-13
280.63497034066535,-51.72110559921368,5.726740491527042,-14.686897283643672,-10.444526426400456,1.6841534259744676e-14
280.6503632425261,-51.71808110979753,5.7264814968681925,-14.685153027852488,-10.449127483903213,2.1893994537668078e-13
280.6657539537717,-51.71505436979933,5.72622354234313,-14.683407154374294,-10.453728058929734,2.020984111169361e-13
280.68114247324826,-51.71202537963769,5.7259666268836265,-14.681659663361216,-10.458328148223352,8.420767129872338e-14
280.696528799803,-51.70899413973149,5.725710749421459,-14.679910554967757,-10.462927748527786,2.5262301389617017e-13
280.7119129322847,-51.70596065049985,5.725455908888402,-14.678159829350774,-10.467526856587302,1.1789073981821273e-13
280.7272948695428,-51.70292491236216,5.725202104216231,-14.67640748666951,-10.472125469146533,2.5262301389617017e-13
280.7426746104288,-51.699886925738,5.724949334336718,-14.67465352708551,-10.476723582950719,1.8525687685719145e-13
280.75805215379484,-51.69684669104728,5.724697598181638,-14.672897950762714,-10.481321194745446,1.347322740779574e-13
280.7734274984944,-51.69380420871008,5.7244468946827665,-14.671140757867427,-10.48591830127682,2.020984111169361e-13
280.7888006433823,-51.69075947914681,5.724197222771879,-14.669381948568288,-10.4905148992914,2.5262301389617017e-13
280.80417158731467,-51.68771250277807,5.723948581380749,-14.667621523036262,-10.495110985536286,1.1789073981821273e-13
280.8195403291487,-51.6846632800247,5.72370096944115,-14.665859481444713,-10.499706556758946,2.3578147963642546e-13
280.8349068677429,-51.68161181130783,5.723454385884857,-14.664095823969326,-10.504301609707415,2.1893994537668078e-13
280.85027120195707,-51.67855809704886,5.723208829643647,-14.662330550788143,-10.508896141130133,1.8525687685719145e-13
280.8656333306523,-51.67550213766931,5.72296429964929,-14.66056366208152,-10.5134901477761,2.694645481559148e-13
280.88099325269076,-51.67244393359107,5.722720794833566,-14.658795158032197,-10.51808362639473,1.515738083377021e-13
280.8963509669359,-51.669383485236246,5.722478314128243,-14.657025038825235,-10.52267657373595,2.020984111169361e-13
280.9117064722526,-51.6663207930272,5.722236856465102,-14.655253304648035,-10.527268986550142,8.420767129872338e-14
280.92705976750676,-51.66325585738647,5.721996420775914,-14.653479955690333,-10.531860861588221,1.0104920555846805e-13
280.9424108515656,-51.660188678736915,5.721757005992455,-14.651704992144214,-10.536452195601555,2.3578147963642546e-13
280.95775972329767,-51.65711925750161,5.7215186110464975,-14.64992841420409,-10.541042985341992,3.1998915093514883e-13
280.9731063815726,-51.654047594103886,5.721281234869817,-14.648150222066695,-10.545633227561893,6.73661370389787e-14
280.98845082526145,-51.65097368896729,5.72104487639419,-14.646370415931102,-10.550222919014102,8.420767129872338e-14
281.0037930532364,-51.647897542515636,5.720809534551391,-14.644588995998726,-10.554812056451944,2.1893994537668078e-13
281.019133064371,-51.644819155172975,5.72057520827319,-14.642805962473291,-10.55940063662926,8.420767129872338e-14
281.0344708575396,-51.641738527363636,5.720341896491367,-14.641021315560893,-10.56398865630034,1.6841534259744677e-13
281.0498064316186,-51.63865565951209,5.720109598137691,-14.639235055469861,-10.568576112220043,8.420767129872338e-14
281.065139785485,-51.63557055204316,5.719878312143941,-14.637447182410927,-10.57316300114366,1.1789073981821273e-13
281.08047091801717,-51.63248320538185,5.719648037441893,-14.635657696597104,-10.577749319827007,1.6841534259744676e-14
281.0957998280948,-51.62939361995345,5.719418772963315,-14.633866598243786,-10.582335065026378,1.6841534259744677e-13
281.111126514599,-51.62630179618341,5.719190517639987,-14.632073887568575,-10.586920233498624,1.1789073981821273e-13
281.1264509764118,-51.62320773449752,5.718963270403684,-14.630279564791477,-10.591504822001045,1.8525687685719145e-13
281.14177321241664,-51.620111435321725,5.718737030186174,-14.628483630134806,-10.596088827291473,1.515738083377021e-13
281.15709322149814,-51.6170128990823,5.718511795919239,-14.626686083823168,-10.600672246128202,1.8525687685719145e-13
281.1724110025424,-51.61391212620564,5.718287566534651,-14.624886926083454,-10.605255075270104,3.1998915093514883e-13
281.18772655443644,-51.610809117118485,5.718064340964182,-14.623086157144915,-10.609837311476525,2.3578147963642546e-13
281.20303987606866,-51.60770387224776,5.71784211813961,-14.621283777239084,-10.614418951507304,1.0104920555846805e-13
281.21835096632867,-51.604596392020696,5.717620896992708,-14.619479786599818,-10.618999992122784,2.020984111169361e-13
281.2336598241076,-51.60148667686463,5.717400676455251,-14.617674185463228,-10.623580430083873,2.694645481559148e-13
281.2489664482974,-51.59837472720724,5.717181455459012,-14.6158669740678,-10.628160262151965,1.0104920555846805e-13
281.26427083779146,-51.59526054347644,5.716963232935767,-14.614058152654279,-10.632739485088939,1.515738083377021e-13
281.2795729914845,-51.59214412610035,5.7167460078172905,-14.612247721465714,-10.63731809565722,1.6841534259744676e-14
281.29487290827234,-51.58902547550732,5.7165297790353575,-14.610435680747448,-10.641896090619763,1.6841534259744677e-13
281.31017058705226,-51.58590459212596,5.716314545521743,-14.60862203074712,-10.646473466740025,1.8525687685719145e-13
281.3254660267225,-51.58278147638509,5.716100306208219,-14.606806771714679,-10.651050220781984,8.420767129872338e-14
281.3407592261827,-51.579656128713815,5.715887060026563,-14.60498990390237,-10.65562634951012,8.420767129872338e-14
281.35605018433375,-51.576528549541415,5.715674805908547,-14.6031714275647,-10.660201849689493,1.1789073981821273e-13
281.37133890007783,-51.57339873929742,5.715463542785947,-14.601351342958475,-10.664776718085628,2.020984111169361e-13
281.3866253723183,-51.57026669841161,5.715253269590536,-14.599529650342808,-10.669350951464608,2.020984111169361e-13
281.40190959995965,-51.567132427314036,5.715043985254092,-14.59770634997909,-10.673924546593021,1.8525687685719145e-13
281.417191581908,-51.563995926434885,5.714835688708386,-14.59588144213096,-10.678497500238027,1.6841534259744677e-13
281.4324713170703,-51.560857196204665,5.714628378885194,-14.594054927064407,-10.683069809167279,1.1789073981821273e-13
281.4477488043549,-51.557716237054066,5.71442205471629,-14.592226805047645,-10.68764147014895,1.6841534259744677e-13
281.4630240426714,-51.55457304941405,5.71421671513345,-14.590397076351204,-10.69221247995176,1.0104920555846805e-13
281.4782970309307,-51.55142763371577,5.714012359068446,-14.588565741247846,-10.696782835344987,1.8525687685719145e-13
281.493567768045,-51.54827999039063,5.713808985453056,-14.586732800012653,-10.701352533098428,2.3578147963642546e-13
281.50883625292755,-51.54513011987028,5.713606593219052,-14.584898252922954,-10.705921569982397,2.020984111169361e-13
281.5241024844929,-51.54197802258659,5.713405181298208,-14.583062100258385,-10.710489942767754,1.0104920555846805e-13
281.53936646165704,-51.53882369897164,5.7132047486223,-14.581224342300807,-10.715057648225933,1.6841534259744677e-13
281.55462818333694,-51.53566714945775,5.7130052941231035,-14.579384979334375,-10.71962468312886,2.1893994537668078e-13
281.56988764845113,-51.53250837447751,5.712806816732391,-14.577544011645504,-10.724191044249038,2.020984111169361e-13
281.5851448559189,-51.5293473744637,5.712609315381938,-14.5757014395229,-10.728756728359457,2.020984111169361e-13
281.60039980466144,-51.52618414984931,5.712412789003518,-14.573857263257475,-10.733321732233762,2.020984111169361e-13
281.61565249360063,-51.52301870106759,5.712217236528907,-14.572011483142461,-10.737886052646022,1.6841534259744677e-13
281.63090292165987,-51.51985102855204,5.71202265688988,-14.570164099473322,-10.742449686370922,1.8525687685719145e-13
281.64615108776366,-51.516681132736345,5.71182904901821,-14.568315112547793,-10.74701263018366,-5.0524602779234026e-14
281.66139699083794,-51.51350901405444,5.711636411845672,-14.56646452266587,-10.751574880860023,3.3683068519489354e-13
281.6766406298099,-51.510334672940466,5.711444744304041,-14.56461233012975,-10.756136435176337,8.420767129872338e-14
281.6918820036077,-51.507158109828815,5.7112540453250915,-14.562758535243965,-10.760697289909448,0.0
281.70712111116086,-51.50397932515413,5.711064313840596,-14.560903138315275,-10.765257441836761,2.1893994537668078e-13
281.72235795140045,-51.500798319351176,5.710875548782332,-14.559046139652626,-10.769816887736294,1.6841534259744677e-13
