galstreams/tracks/track.st.Elqui.shipp2019.ecsv
# %ECSV 0.9
# ---
# datatype:
# - {name: ra, unit: deg, datatype: float64}
# - {name: dec, unit: deg, datatype: float64}
# - {name: distance, unit: kpc, datatype: float64}
# - {name: pm_ra_cosdec, unit: mas / yr, datatype: float64}
# - {name: pm_dec, unit: mas / yr, datatype: float64}
# - {name: radial_velocity, unit: km / s, datatype: float64}
# delimiter: ','
# meta: !!omap
# - __serialized_columns__:
#     dec:
#       __class__: astropy.coordinates.angles.Latitude
#       unit: &id001 !astropy.units.Unit {unit: deg}
#       value: !astropy.table.SerializedColumn {name: dec}
#     distance:
#       __class__: astropy.coordinates.distances.Distance
#       unit: !astropy.units.Unit {unit: kpc}
#       value: !astropy.table.SerializedColumn {name: distance}
#     pm_dec:
#       __class__: astropy.units.quantity.Quantity
#       unit: !astropy.units.Unit {unit: mas / yr}
#       value: !astropy.table.SerializedColumn {name: pm_dec}
#     pm_ra_cosdec:
#       __class__: astropy.units.quantity.Quantity
#       unit: !astropy.units.Unit {unit: mas / yr}
#       value: !astropy.table.SerializedColumn {name: pm_ra_cosdec}
#     ra:
#       __class__: astropy.coordinates.angles.Longitude
#       unit: *id001
#       value: !astropy.table.SerializedColumn {name: ra}
#       wrap_angle: !astropy.coordinates.Angle
#         unit: *id001
#         value: 360.0
#     radial_velocity:
#       __class__: astropy.units.quantity.Quantity
#       unit: !astropy.units.Unit {unit: km / s}
#       value: !astropy.table.SerializedColumn {name: radial_velocity}
# schema: astropy-2.0
ra,dec,distance,pm_ra_cosdec,pm_dec,radial_velocity
10.818410685250521,-37.15286585974225,50.09999999999762,0.17908188090580662,-0.7174113701434477,-5.8381515342090115e-09
10.828570803096348,-37.15876318788492,50.09999999999764,0.17916483258731153,-0.7175811124228743,-5.815095473807421e-09
10.8387319373367,-37.164660212637365,50.099999999997635,0.17924760857621916,-0.7177493119081345,-5.7920899380086096e-09
10.848894088428192,-37.17055693381145,50.09999999999765,0.1793302083982356,-0.717915968660362,-5.769101243744058e-09
10.859057256827695,-37.176453351219116,50.09999999999766,0.17941263157884108,-0.7180810827408242,-5.746129391013767e-09
10.86922144299211,-37.18234946467222,50.09999999999765,0.17949487764328653,-0.7182446542109204,-5.723208062886254e-09
10.879386647378476,-37.188245273982595,50.099999999997664,0.17957694611659492,-0.7184066831321837,-5.700286734758742e-09
10.889552870443763,-37.194140778961945,50.09999999999767,0.1796588365235599,-0.7185671695662808,-5.677382248165489e-09
10.899720112645173,-37.20003597942197,50.09999999999767,0.1797405483887481,-0.7187261135750108,-5.654561969243535e-09
10.909888374440023,-37.20593087517439,50.09999999999767,0.17982208123649762,-0.7188835152203068,-5.631724848787321e-09
10.920057656285518,-37.21182546603071,50.099999999997685,0.17990343459091682,-0.7190393745642356,-5.608887728331107e-09
10.930227958639144,-37.21771975180253,50.099999999997685,0.1799846079758874,-0.7191936916689978,-5.586134815546192e-09
10.940399281958392,-37.22361373230133,50.09999999999769,0.18006560091506166,-0.7193464665969278,-5.563381902761277e-09
10.950571626700915,-37.22950740733859,50.09999999999769,0.1801464129318643,-0.7194976994104937,-5.540645831510622e-09
10.960744993324283,-37.235400776725655,50.099999999997706,0.1802270435494901,-0.7196473901722984,-5.5179097602599665e-09
10.970919382286308,-37.24129384027388,50.0999999999977,0.1803074922909069,-0.7197955389450785,-5.49524105514635e-09
10.981094794044902,-37.24718659779462,50.099999999997706,0.18038775867885384,-0.7199421457917056,-5.4725555084984745e-09
10.991271229057876,-37.25307904909899,50.09999999999771,0.18046784223584,-0.720087210775185,-5.449971011056156e-09
11.001448687783316,-37.25897119399826,50.09999999999772,0.18054774248414796,-0.720230733958658,-5.427386513613839e-09
11.01162717067933,-37.26486303230356,50.09999999999772,0.1806274589458309,-0.7203727154053996,-5.404768333103002e-09
11.02180667820417,-37.270754563825996,50.09999999999772,0.18070699114271374,-0.7205131551788202,-5.3822175187292034e-09
11.031987210815991,-37.27664578837654,50.09999999999773,0.1807863385963917,-0.720652053342465,-5.359683545889666e-09
11.042168768973232,-37.28253670576621,50.099999999997735,0.1808655008282327,-0.720789409960015,-5.3371832561186465e-09
11.05235135313439,-37.28842731580595,50.09999999999774,0.18094447735937608,-0.720925225095286,-5.314716649416147e-09
11.062534963757894,-37.294317618306586,50.099999999997735,0.18102326771073127,-0.7210594988122299,-5.292283725782167e-09
11.072719601302431,-37.30020761307898,50.09999999999774,0.18110187140298017,-0.7211922311749335,-5.2698844852167065e-09
11.082905266226705,-37.30609729993391,50.09999999999775,0.18118028795657576,-0.7213234222476197,-5.247451561582727e-09
11.093091958989566,-37.3119866786821,50.09999999999776,0.18125851689174272,-0.7214530720946475,-5.225102845620046e-09
11.103279680049795,-37.3178757491342,50.09999999999775,0.18133655772847562,-0.7215811807805121,-5.202770971191624e-09
11.11346842986641,-37.32376451110083,50.09999999999776,0.18141440998654174,-0.721707748369844,-5.180472779831722e-09
11.123658208898526,-37.32965296439261,50.09999999999776,0.18149207318547964,-0.7218327749274108,-5.15817458847182e-09
11.13384901760517,-37.33554110881997,50.09999999999777,0.18156954684459764,-0.7219562605181165,-5.135910080180438e-09
11.144040856445626,-37.34142894419342,50.09999999999777,0.1816468304829767,-0.7220782052070007,-5.113662413423315e-09
11.154233725879205,-37.34731647032335,50.09999999999777,0.1817239236194687,-0.7221986090592417,-5.091482112803231e-09
11.164427626365368,-37.35320368702016,50.09999999999777,0.18180082577269666,-0.722317472140152,-5.069284970648888e-09
11.174622558363485,-37.359090594094106,50.09999999999777,0.18187753646105415,-0.7224347945151834,-5.047138353097324e-09
11.184818522333183,-37.36497719135545,50.099999999997785,0.18195405520270655,-0.7225505762499236,-5.0250085770800194e-09
11.195015518734122,-37.37086347861441,50.099999999997785,0.1820303815155902,-0.722664817410098,-5.002929325665494e-09
11.205213548026101,-37.376749455681164,50.099999999997785,0.18210651491741292,-0.722777518061569,-4.980883757319488e-09
11.21541261066884,-37.38263512236574,50.099999999997785,0.1821824549256527,-0.722888678270337,-4.958821347439223e-09
11.225612707122309,-37.38852047847821,50.099999999997785,0.1822582010575592,-0.7229982981025395,-4.9368094621617366e-09
11.235813837846562,-37.39440552382861,50.099999999997785,0.18233375283015368,-0.723106377624452,-4.914848101487029e-09
11.246016003301582,-37.40029025822682,50.0999999999978,0.18240910976022673,-0.7232129169024883,-4.892869899278063e-09
11.256219203947595,-37.406174681482725,50.0999999999978,0.1824842713643421,-0.7233179160032003,-4.870959063206134e-09
11.266423440244859,-37.412058793406196,50.099999999997806,0.18255923715883268,-0.7234213749932767,-4.8490650686684665e-09
11.276628712653784,-37.417942593807034,50.09999999999779,0.18263400665980423,-0.7235232939395468,-4.827171074130798e-09
11.286835021634678,-37.4238260824949,50.099999999997806,0.1827085793831309,-0.723623672908976,-4.805327604195909e-09
11.297042367648125,-37.4297092592795,50.0999999999978,0.18278295484446033,-0.7237225119686703,-4.78351781732954e-09
11.307250751154777,-37.435592123970494,50.099999999997806,0.18285713255920988,-0.7238198111858728,-4.7617080304631705e-09
11.317460172615217,-37.44147467637739,50.09999999999781,0.18293111204256757,-0.7239155706279674,-4.739948768199581e-09
11.327670632490275,-37.44735691630974,50.09999999999781,0.18300489280949295,-0.7240097903624747,-4.71822318900451e-09
11.33788213124081,-37.453238843577,50.09999999999781,0.18307847437471597,-0.7241024704570561,-4.6965312928779585e-09
11.348094669327828,-37.45912045798861,50.09999999999782,0.18315185625273822,-0.7241936109795115,-4.674889921354187e-09
11.358308247212253,-37.4650017593539,50.09999999999781,0.18322503795783068,-0.7242832119977811,-4.653198025227636e-09
11.368522865355256,-37.47088274748216,50.09999999999781,0.18329801900403647,-0.7243712735799437,-4.631624019840903e-09
11.378738524218097,-37.476763422182714,50.099999999997806,0.18337079890516939,-0.7244577957942182,-4.609982648317131e-09
11.388955224261958,-37.48264378326467,50.09999999999781,0.18344337717481274,-0.724542778708963,-4.588459167533177e-09
11.399172965948276,-37.48852383053723,50.09999999999781,0.1835157533263222,-0.7246262223926772,-4.5668851621464444e-09
11.4093917497385,-37.49440356380948,50.09999999999783,0.18358792687282294,-0.724708126913999,-4.545378522896751e-09
11.419611576094246,-37.500282982890475,50.099999999997834,0.18365989732721216,-0.7247884923417076,-4.523939249784095e-09
11.429832445477036,-37.50616208758916,50.09999999999783,0.1837316642021563,-0.7248673187447225,-4.5024999766714405e-09
11.440054358348641,-37.5120408777145,50.09999999999783,0.18380322701009316,-0.7249446061921037,-4.481094386627305e-09
11.450277315170927,-37.5179193530754,50.099999999997834,0.18387458526323192,-0.7250203547530509,-4.459705638117429e-09
11.460501316405672,-37.52379751348063,50.09999999999783,0.18394573847355092,-0.7250945644969063,-4.438350572676073e-09
11.470726362514911,-37.52967535873899,50.09999999999783,0.18401668615280017,-0.7251672354931518,-4.416978665700457e-09
11.480952453960704,-37.535552888659204,50.099999999997834,0.1840874278125002,-0.7252383678114105,-4.3957246494646595e-09
11.491179591205258,-37.54143010304998,50.09999999999783,0.18415796296394207,-0.7253079615214465,-4.374436950160342e-09
11.501407774710696,-37.54730700171986,50.09999999999782,0.18422829111818695,-0.7253760166931666,-4.353199775458804e-09
11.511637004939397,-37.55318358447743,50.099999999997834,0.18429841178606676,-0.7254425333966171,-4.331962600757266e-09
11.521867282353815,-37.55905985113123,50.099999999997834,0.184368324478185,-0.7255075117019874,-4.310826475261287e-09
11.53209860741634,-37.56493580148966,50.09999999999783,0.18443802870491377,-0.7255709516796081,-4.289690349765307e-09
11.542330980589606,-37.57081143536116,50.09999999999783,0.1845075239763972,-0.7256328533999512,-4.268520541200808e-09
11.552564402336264,-37.576686752554046,50.099999999997834,0.1845768098025491,-0.7256932169336314,-4.247468623376127e-09
11.56279887311913,-37.582561752876664,50.09999999999783,0.1846458856930553,-0.7257520423514061,-4.226383022482927e-09
11.57303439340093,-37.58843643613719,50.09999999999783,0.18471475115736896,-0.7258093297241736,-4.205347946192505e-09
11.583270963644624,-37.594310802143816,50.099999999997834,0.18478340570471646,-0.7258650791229753,-4.184346552970604e-09
11.593508584313291,-37.60018485070474,50.09999999999783,0.18485184884409428,-0.7259192906189952,-4.163362001282962e-09
11.603747255869903,-37.60605858162795,50.099999999997834,0.18492008008426764,-0.7259719642835603,-4.142444815732359e-09
11.613986978777698,-37.611931994721516,50.099999999997834,0.18498809893377338,-0.72602310018814,-4.121527630181756e-09
11.624227753499934,-37.61780508979339,50.099999999997834,0.18505590490091883,-0.7260726984043466,-4.100610444631153e-09
11.63446958050002,-37.62367786665153,50.099999999997834,0.18512349749378165,-0.726120759003936,-4.079777466751849e-09
11.64471246024127,-37.62955032510373,50.099999999997834,0.1851908762202084,-0.7261672820588072,-4.058995013475324e-09
11.654956393187275,-37.635422464957834,50.09999999999783,0.18525804058781775,-0.7262122676410023,-4.03816203559602e-09
11.665201379801683,-37.641294286021626,50.09999999999783,0.18532499010399825,-0.7262557158227074,-4.0174301069222745e-09
11.675447420548078,-37.647165788102726,50.09999999999783,0.1853917242759076,-0.726297626676252,-3.996731861317048e-09
11.68569451589029,-37.65303697100883,50.099999999997834,0.18545824261047478,-0.7263380002741091,-3.976016774177562e-09
11.69594266629219,-37.65890783454752,50.09999999999782,0.18552454461439893,-0.7263768366888969,-3.955335370106596e-09
11.706191872217769,-37.664778378526364,50.09999999999783,0.1855906297941498,-0.7264141359933758,-3.934721332172668e-09
11.716442134130954,-37.67064860275278,50.09999999999783,0.18565649765596554,-0.7264498982604521,-3.914090452704481e-09
11.726693452495928,-37.676518507034224,50.09999999999782,0.18572214770585638,-0.726484123563176,-3.893526939373333e-09
11.736945827776939,-37.682388091178105,50.09999999999781,0.18578757944960245,-0.7265168119747418,-3.872963426042184e-09
11.747199260438169,-37.68825735499168,50.09999999999783,0.1858527923927525,-0.7265479635684883,-3.8524504373138155e-09
11.757453750944045,-37.69412629828222,50.09999999999783,0.1859177860406272,-0.7265775784179002,-3.8320048147224855e-09
11.76770929975904,-37.69999492085697,50.09999999999781,0.18598255989831666,-0.7266056565966066,-3.811508667528376e-09
11.77796590734774,-37.70586322252311,50.09999999999781,0.18604711347068126,-0.7266321981783804,-3.7911135695398255e-09
11.788223574174683,-37.71173120308765,50.09999999999782,0.1861114462623505,-0.7266572032371419,-3.770684788482755e-09
11.798482300704624,-37.71759886235768,50.09999999999781,0.18617555777772501,-0.7266806718469558,-3.750373898165503e-09
11.808742087402432,-37.723466200140244,50.09999999999781,0.18623944752097543,-0.7267026040820315,-3.730029324779732e-09
11.819002934732875,-37.729333216242175,50.09999999999781,0.1863031149960413,-0.7267230000167249,-3.7097689590652586e-09
11.829264843160992,-37.73519991047043,50.099999999997806,0.1863665597066334,-0.7267418597255377,-3.6894412272137467e-09
11.839527813151838,-37.74106628263179,50.09999999999781,0.18642978115623227,-0.7267591832831175,-3.669248227636313e-09
11.849791845170605,-37.74693233253309,50.099999999997806,0.18649277884808813,-0.7267749707642573,-3.6490383865246194e-09
11.860056939682423,-37.75279805998098,50.0999999999978,0.18655555228522055,-0.7267892222438971,-3.6288622284814453e-09
11.870323097152651,-37.75866346478214,50.099999999997806,0.1866181009704201,-0.7268019377971228,-3.60875343657531e-09
11.880590318046698,-37.764528546743186,50.0999999999978,0.1866804244062466,-0.7268131174991669,-3.588644644669175e-09
11.890858602830104,-37.770393305670694,50.09999999999779,0.18674252209503076,-0.7268227614254086,-3.568569535831559e-09
11.901127951968324,-37.776257741371104,50.099999999997806,0.1868043935388712,-0.7268308696513734,-3.5485449515967226e-09
11.911398365927074,-37.78212185365089,50.0999999999978,0.18686603823963838,-0.7268374422527348,-3.5285035258276267e-09
11.921669845172143,-37.787985642316464,50.09999999999779,0.18692745569897162,-0.7268424793053119,-3.5085126246613096e-09
11.931942390169253,-37.793849107174104,50.099999999997785,0.18698864541827975,-0.726845980885072,-3.488572248097772e-09
11.942216001384368,-37.7997122480301,50.0999999999978,0.18704960689874206,-0.726847947068129,-3.468665554602754e-09
11.952490679283487,-37.80557506469068,50.099999999997785,0.187110339641308,-0.7268483779307455,-3.4487757026419955e-09
11.962766424332749,-37.81143755696205,50.099999999997785,0.1871708431466959,-0.7268472735493299,-3.4289700583525357e-09
11.973043236998206,-37.81729972465025,50.099999999997785,0.1872311169153938,-0.7268446340004402,-3.4091307309945564e-09
11.983321117746172,-37.823161567561364,50.09999999999777,0.18729116044765992,-0.7268404593607809,-3.389308245170837e-09
11.993600067043031,-37.829023085501426,50.09999999999777,0.18735097324352287,-0.726834749707205,-3.369569967018416e-09
12.003880085355103,-37.834884278276306,50.099999999997785,0.18741055480277874,-0.7268275051167135,-3.349865371934515e-09
12.014161173148949,-37.84074514569194,50.09999999999777,0.18746990462499608,-0.7268187256664569,-3.330177618384873e-09
12.024443330891163,-37.84660568755415,50.09999999999776,0.18752902220951095,-0.7268084114337321,-3.310523547903751e-09
12.03472655904848,-37.85246590366876,50.09999999999775,0.18758790705543055,-0.7267965624959862,-3.2909031604911487e-09
12.045010858087547,-37.858325793841416,50.09999999999775,0.18764655866163044,-0.7267831789308141,-3.2712827730785462e-09
12.055296228475267,-37.864185357877794,50.09999999999776,0.1877049765267561,-0.7267682608159602,-3.2517465933372424e-09
12.065582670678637,-37.87004459558357,50.09999999999775,0.18776316014922415,-0.7267518082293182,-3.2322272551301982e-09
12.075870185164563,-37.87590350676422,50.09999999999775,0.1878211090272181,-0.7267338212489296,-3.2127584415259332e-09
12.086158772400202,-37.881762091225276,50.099999999997735,0.18787882265869296,-0.7267142999529865,-3.193272786387409e-09
12.096448432852743,-37.88762034877218,50.09999999999775,0.1879363005413725,-0.72669324441983,-3.173854497385923e-09
12.106739166989513,-37.893478279210356,50.09999999999775,0.18799354217275116,-0.7266706547279507,-3.1544530499186974e-09
12.117030975277762,-37.899335882345056,50.099999999997735,0.18805054705009067,-0.7266465309559891,-3.135102127054251e-09
12.127323858184994,-37.905193157981614,50.099999999997735,0.1881073146704243,-0.7266208731827357,-3.115751204189804e-09
12.137617816178787,-37.91105010592525,50.099999999997735,0.18816384453055413,-0.7265936814871303,-3.0964676474623962e-09
12.147912849726644,-37.91690672598108,50.09999999999772,0.18822013612705105,-0.7265649559482643,-3.0772177738035084e-09
12.158208959296323,-37.92276301795424,50.09999999999771,0.18827618895625584,-0.7265346966453774,-3.0579679001446202e-09
12.1685061453556,-37.92861898164977,50.09999999999772,0.18833200251427915,-0.7265029036578615,-3.038768551088511e-09
12.178804408372411,-37.93447461687271,50.09999999999771,0.1883875762970011,-0.7264695770652583,-3.0196028851009215e-09
