galstreams/tracks/track.st.Ylgr.ibata2021.ecsv
# %ECSV 0.9
# ---
# datatype:
# - {name: ra, unit: deg, datatype: float64}
# - {name: dec, unit: deg, datatype: float64}
# - {name: distance, unit: kpc, datatype: float64}
# - {name: pm_ra_cosdec, unit: mas / yr, datatype: float64}
# - {name: pm_dec, unit: mas / yr, datatype: float64}
# - {name: radial_velocity, unit: km / s, datatype: float64}
# delimiter: ','
# meta: !!omap
# - __serialized_columns__:
#     dec:
#       __class__: astropy.coordinates.angles.Latitude
#       unit: &id001 !astropy.units.Unit {unit: deg}
#       value: !astropy.table.SerializedColumn {name: dec}
#     distance:
#       __class__: astropy.coordinates.distances.Distance
#       unit: !astropy.units.Unit {unit: kpc}
#       value: !astropy.table.SerializedColumn {name: distance}
#     pm_dec:
#       __class__: astropy.units.quantity.Quantity
#       unit: !astropy.units.Unit {unit: mas / yr}
#       value: !astropy.table.SerializedColumn {name: pm_dec}
#     pm_ra_cosdec:
#       __class__: astropy.units.quantity.Quantity
#       unit: !astropy.units.Unit {unit: mas / yr}
#       value: !astropy.table.SerializedColumn {name: pm_ra_cosdec}
#     ra:
#       __class__: astropy.coordinates.angles.Longitude
#       unit: *id001
#       value: !astropy.table.SerializedColumn {name: ra}
#       wrap_angle: !astropy.coordinates.Angle
#         unit: *id001
#         value: 360.0
#     radial_velocity:
#       __class__: astropy.units.quantity.Quantity
#       unit: !astropy.units.Unit {unit: km / s}
#       value: !astropy.table.SerializedColumn {name: radial_velocity}
# schema: astropy-2.0
ra,dec,distance,pm_ra_cosdec,pm_dec,radial_velocity
[from data line 4365]
181.64337402927578,-38.05905171969573,11.328779770630952,-0.5495333279970833,-5.192022017219048,-8.420767129872338e-14
181.65001260543664,-38.067628441499515,11.33092402992043,-0.5501493220990101,-5.1905288343320075,1.6841534259744676e-14
181.6566568798413,-38.07620320199846,11.333078249225311,-0.5507670239467686,-5.189034774095369,3.368306851948935e-14
181.66330686048178,-38.084775997926286,11.335242451875033,-0.551386436852714,-5.187539835564614,3.368306851948935e-14
181.6699625553568,-38.09334682601244,11.337416661224637,-0.552007564133404,-5.1860440177971245,1.6841534259744676e-14
181.67662397247193,-38.101915682982124,11.33960090065469,-0.5526304091095736,-5.184547319852261,-1.6841534259744676e-14
181.68329111983962,-38.110482565556296,11.341795193571347,-0.5532549751061706,-5.183049740791317,5.0524602779234026e-14
181.68996400547903,-38.11904747045155,11.343999563406385,-0.5538812654523421,-5.181551279677534,6.73661370389787e-14
181.69664263741632,-38.12761039438021,11.346214033617144,-0.5545092834814325,-5.180051935576144,-3.368306851948935e-14
181.7033270236843,-38.136171334050395,11.348438627686596,-0.555139032531008,-5.17855170755433,0.0
181.7100171723226,-38.14473028616584,11.35067336912334,-0.5557705159428485,-5.177050594681258,0.0
181.71671309137787,-38.15328724742595,11.352918281461585,-0.5564037370629462,-5.175548596028095,-1.6841534259744676e-14
181.72341478890337,-38.161842214525876,11.355173388261235,-0.5570386992415202,-5.174045710667979,3.368306851948935e-14
181.73012227295928,-38.170395184156426,11.357438713107797,-0.5576754058330117,-5.172541937676076,5.0524602779234026e-14
181.73683555161256,-38.17894615300406,11.359714279612508,-0.5583138601961035,-5.171037276129533,-1.6841534259744676e-14
181.743554632937,-38.18749511775098,11.362000111412224,-0.5589540656937002,-5.169531725107542,-1.6841534259744676e-14
181.75027952501324,-38.19604207507492,11.364296232169535,-0.5595960256929559,-5.168025283691295,3.368306851948935e-14
181.75701023592868,-38.20458702164939,11.36660266557274,-0.5602397435652653,-5.166517950964028,0.0
181.7637467737776,-38.21312995414345,11.368919435335835,-0.5608852226862647,-5.165009726011009,0.0
181.77048914666105,-38.22167086922188,11.371246565198538,-0.5615324664358494,-5.16350060791956,-3.368306851948935e-14
181.77723736268692,-38.23020976354505,11.373584078926333,-0.5621814781981676,-5.161990595779036,-6.73661370389787e-14
181.7839914299699,-38.23874663376897,11.375932000310437,-0.5628322613616269,-5.160479688680879,0.0
181.79075135663152,-38.24728147654525,11.378290353167827,-0.5634848193188985,-5.158967885718584,0.0
181.79751715080008,-38.25581428852115,11.380659161341272,-0.5641391554669205,-5.157455185987723,1.6841534259744676e-14
181.8042888206107,-38.26434506633952,11.383038448699292,-0.5647952732069067,-5.155941588585955,-1.6841534259744676e-14
181.81106637420544,-38.272873806638785,11.385428239136242,-0.5654531759443431,-5.154427092613025,-1.6841534259744676e-14
181.81784981973297,-38.281400506053004,11.387828556572249,-0.5661128670889974,-5.152911697170788,0.0
181.82463916534897,-38.2899251612118,11.3902394249533,-0.5667743500549235,-5.151395401363176,-1.6841534259744676e-14
181.8314344192157,-38.29844776874041,11.39266086825118,-0.5674376282604593,-5.1498782042962725,-6.73661370389787e-14
181.83823558950243,-38.3069683252596,11.395092910463523,-0.5681027051282436,-5.148360105078253,-3.368306851948935e-14
181.84504268438525,-38.315486827385705,11.39753557561383,-0.5687695840852014,-5.146841102819435,-5.0524602779234026e-14
181.85185571204687,-38.32400327173069,11.399988887751448,-0.5694382685625679,-5.145321196632268,1.6841534259744676e-14
181.85867468067698,-38.33251765490197,11.402452870951624,-0.5701087619958777,-5.143800385631344,-3.368306851948935e-14
181.865499598472,-38.34102997350262,11.404927549315472,-0.5707810678249802,-5.142278668933413,1.6841534259744676e-14
181.8723304736352,-38.34954022413115,11.407412946970016,-0.571455189494032,-5.140756045657375,0.0
181.87916731437662,-38.35804840338169,11.409909088068193,-0.5721311304515135,-5.139232514924301,3.368306851948935e-14
181.88601012891314,-38.366554507843816,11.41241599678885,-0.5728088941502198,-5.137708075857443,1.6841534259744676e-14
181.89285892546832,-38.37505853410271,11.414933697336794,-0.5734884840472813,-5.136182727582217,-3.368306851948935e-14
181.89971371227278,-38.38356047873904,11.417462213942745,-0.5741699036041487,-5.134656469226255,-6.73661370389787e-14
181.90657449756367,-38.39206033832895,11.420001570863393,-0.5748531562866155,-5.133129299919367,-6.73661370389787e-14
181.91344128958514,-38.4005581094441,11.422551792381412,-0.5755382455648033,-5.131601218793577,0.0
181.920314096588,-38.40905378865167,11.425112902805438,-0.5762251749131932,-5.130072224983112,5.0524602779234026e-14
181.92719292682995,-38.41754737251428,11.427684926470102,-0.576913947810596,-5.128542317624438,0.0
181.93407778857545,-38.42603885759008,11.430267887736052,-0.5776045677401842,-5.127011495856227,5.0524602779234026e-14
181.9409686900958,-38.43452824043264,11.432861810989918,-0.5782970381894799,-5.125479758819418,0.0
181.947865639669,-38.44301551759108,11.435466720644383,-0.5789913626503705,-5.123947105657168,5.0524602779234026e-14
181.95476864557997,-38.451500685609886,11.438082641138168,-0.5796875446190988,-5.122413535514898,0.0
181.96167771612036,-38.459983741029056,11.440709596936024,-0.580385587596283,-5.120879047540287,0.0
181.9685928595885,-38.46846468038403,11.443347612528786,-0.5810854950869166,-5.1193436408832795,5.0524602779234026e-14
181.9755140842898,-38.47694350020566,11.44599671243333,-0.581787270600356,-5.117807314696108,5.0524602779234026e-14
181.98244139853622,-38.485420197020225,11.448656921192644,-0.5824909176503459,-5.116270068133279,-3.368306851948935e-14
181.98937481064652,-38.4938947673495,11.451328263375805,-0.5831964397550232,-5.114731900351593,-1.1789073981821273e-13
181.99631432894637,-38.50236720771062,11.454010763577976,-0.5839038404369002,-5.113192810510155,0.0
182.00325996176815,-38.510837514616114,11.456704446420458,-0.5846131232228912,-5.111652797770371,1.6841534259744676e-14
182.01021171745106,-38.51930568457394,11.459409336550667,-0.5853242916443036,-5.110111861295977,-1.6841534259744676e-14
182.017169604341,-38.527771714087514,11.462125458642184,-0.5860373492368529,-5.10857000025301,-1.6841534259744676e-14
182.02413363079083,-38.53623559965555,11.464852837394714,-0.5867522995406513,-5.107027213809866,0.0
182.03110380515997,-38.54469733777216,11.467591497534135,-0.5874691461002288,-5.105483501137267,1.6841534259744676e-14
182.0380801358148,-38.55315692492689,11.470341463812504,-0.5881878924645267,-5.103938861408285,0.0
182.04506263112836,-38.56161435760462,11.473102761008068,-0.5889085421869051,-5.10239329379835,1.6841534259744676e-14
182.05205129948055,-38.57006963228562,11.475875413925253,-0.58963109882515,-5.100846797485256,-8.420767129872338e-14
182.05904614925805,-38.57852274544543,11.478659447394724,-0.5903555659414672,-5.099299371649172,-1.6841534259744676e-14
182.0660471888542,-38.58697369355506,11.481454886273323,-0.5910819471025056,-5.097751015472653,5.0524602779234026e-14
182.07305442666927,-38.59542247308079,11.484261755444159,-0.5918102458793357,-5.096201728140642,-1.6841534259744676e-14
182.08006787111017,-38.60386908048424,11.487080079816595,-0.5925404658474811,-5.09465150884046,0.0
182.0870875305907,-38.61231351222236,11.489909884326206,-0.5932726105868991,-5.093100356761866,1.6841534259744676e-14
182.09411341353126,-38.62075576474746,11.492751193934875,-0.594006683682007,-5.0915482710970075,-1.6841534259744676e-14
182.10114552835924,-38.6291958345071,11.495604033630727,-0.5947426887216625,-5.089995251040477,-3.368306851948935e-14
182.10818388350864,-38.63763371794421,11.498468428428206,-0.5954806292991877,-5.088441295789274,1.6841534259744676e-14
182.11522848742024,-38.646069411496946,11.501344403368048,-0.5962205090123665,-5.086886404542853,-5.0524602779234026e-14
182.1222793485416,-38.65450291159886,11.504231983517288,-0.5969623314634469,-5.085330576503118,0.0
182.1293364753271,-38.662934214678685,11.507131193969304,-0.5977061002591435,-5.083773810874419,-1.6841534259744676e-14
182.13639987623782,-38.67136331716048,11.510042059843787,-0.5984518190106519,-5.082216106863576,-3.368306851948935e-14
182.1434695597416,-38.67979021546358,11.512964606286815,-0.5991994913336403,-5.080657463679872,6.73661370389787e-14
182.150545534313,-38.68821490600259,11.515898858470779,-0.5999491208482618,-5.079097880535086,5.0524602779234026e-14
182.1576278084334,-38.69663738518735,11.518844841594456,-0.6007007111791589,-5.077537356643483,1.6841534259744676e-14
182.16471639059094,-38.70505764942295,11.521802580883012,-0.6014542659554625,-5.075975891221819,-5.0524602779234026e-14
182.17181128928047,-38.71347569510972,11.524772101587997,-0.6022097888108002,-5.074413483489359,-6.73661370389787e-14
182.17891251300355,-38.72189151864327,11.527753428987374,-0.6029672833832987,-5.072850132667884,-3.368306851948935e-14
182.1860200702686,-38.73030511641437,11.530746588385508,-0.6037267533155953,-5.071285837981702,-3.368306851948935e-14
182.19313396959066,-38.73871648480905,11.533751605113197,-0.6044882022548236,-5.069720598657648,0.0
182.20025421949163,-38.74712562020858,11.536768504527684,-0.6052516338526459,-5.068154413925097,-5.0524602779234026e-14
182.20738082850008,-38.75553251898934,11.539797312012658,-0.6060170517652248,-5.066587283015977,-1.1789073981821273e-13
182.21451380515134,-38.76393717752303,11.542838052978256,-0.6067844596532548,-5.065019205164768,-1.6841534259744676e-14
182.22165315798745,-38.77233959217648,11.545890752861123,-0.6075538611819671,-5.06345017960852,0.0
182.22879889555725,-38.78073975931166,11.548955437124334,-0.6083252600210924,-5.061880205586868,-1.6841534259744676e-14
182.23595102641622,-38.78913767528582,11.552032131257508,-0.6090986598449292,-5.060309282342009,0.0
182.24310955912665,-38.7975333364513,11.555120860776757,-0.6098740643322953,-5.058737409118744,3.368306851948935e-14
182.25027450225758,-38.805926739155616,11.5582216512247,-0.6106514771665565,-5.0571645851644815,-3.368306851948935e-14
182.25744586438464,-38.81431787974147,11.561334528170498,-0.6114309020356291,-5.055590809729225,3.368306851948935e-14
182.26462365409034,-38.822706754546694,11.564459517209846,-0.6122123426319795,-5.054016082065604,-1.6841534259744676e-14
182.27180787996386,-38.831093359904244,11.567596643965,-0.6129958026526284,-5.05244040142888,0.0
182.27899855060105,-38.839477692142225,11.570745934084774,-0.6137812857991614,-5.050863767076936,-1.6841534259744676e-14
182.28619567460456,-38.84785974758386,11.57390741324455,-0.6145687957777244,-5.049286178270324,3.368306851948935e-14
182.29339926058367,-38.8562395225475,11.577081107146332,-0.6153583362990396,-5.047707634272211,-8.420767129872338e-14
182.30060931715445,-38.86461701334661,11.580267041518669,-0.6161499110783937,-5.046128134348469,-3.368306851948935e-14
182.30782585293966,-38.87299221628975,11.583465242116773,-0.6169435238356644,-5.044547677767605,-3.368306851948935e-14
182.31504887656874,-38.88136512768055,11.586675734722439,-0.6177391782952981,-5.0429662638008335,-6.73661370389787e-14
182.32227839667786,-38.88973574381779,11.589898545144118,-0.6185368781863374,-5.041383891722041,-1.6841534259744676e-14
182.32951442190998,-38.89810406099526,11.593133699216896,-0.6193366272424108,-5.039800560807816,0.0
182.33675696091456,-38.90647007550187,11.596381222802515,-0.6201384292017498,-5.038216270337454,-1.6841534259744676e-14
182.3440060223479,-38.91483378362158,11.599641141789382,-0.6209422878071802,-5.0366310195929636,-6.73661370389787e-14
182.3512616148731,-38.92319518163341,11.602913482092603,-0.621748206806128,-5.0350448078590855,1.6841534259744676e-14
182.35852374715967,-38.931554265811435,11.606198269653941,-0.6225561899506404,-5.033457634423286,6.73661370389787e-14
182.36579242788406,-38.93991103242475,11.6094955304419,-0.6233662409973693,-5.03186949857577,0.0
182.37306766572934,-38.948265477737536,11.61280529045165,-0.6241783637075853,-5.030280399609509,-5.0524602779234026e-14
182.3803494693852,-38.95661759800893,11.616127575705137,-0.6249925618471798,-5.028690336820219,-1.1789073981821273e-13
182.3876378475481,-38.964967389493175,11.619462412251002,-0.6258088391866772,-5.027099309506396,0.0
182.39493280892114,-38.97331484843943,11.622809826164659,-0.6266271995012254,-5.025507316969309,-3.368306851948935e-14
182.40223436221416,-38.98165997109195,11.62616984354828,-0.6274476465706125,-5.0239143585130135,1.6841534259744676e-14
