galstreams/tracks/track.st.Pal5.ibata2021.ecsv
# %ECSV 0.9
# ---
# datatype:
# - {name: ra, unit: deg, datatype: float64}
# - {name: dec, unit: deg, datatype: float64}
# - {name: distance, unit: kpc, datatype: float64}
# - {name: pm_ra_cosdec, unit: mas / yr, datatype: float64}
# - {name: pm_dec, unit: mas / yr, datatype: float64}
# - {name: radial_velocity, unit: km / s, datatype: float64}
# delimiter: ','
# meta: !!omap
# - __serialized_columns__:
#     dec:
#       __class__: astropy.coordinates.angles.Latitude
#       unit: &id001 !astropy.units.Unit {unit: deg}
#       value: !astropy.table.SerializedColumn {name: dec}
#     distance:
#       __class__: astropy.coordinates.distances.Distance
#       unit: !astropy.units.Unit {unit: kpc}
#       value: !astropy.table.SerializedColumn {name: distance}
#     pm_dec:
#       __class__: astropy.units.quantity.Quantity
#       unit: !astropy.units.Unit {unit: mas / yr}
#       value: !astropy.table.SerializedColumn {name: pm_dec}
#     pm_ra_cosdec:
#       __class__: astropy.units.quantity.Quantity
#       unit: !astropy.units.Unit {unit: mas / yr}
#       value: !astropy.table.SerializedColumn {name: pm_ra_cosdec}
#     ra:
#       __class__: astropy.coordinates.angles.Longitude
#       unit: *id001
#       value: !astropy.table.SerializedColumn {name: ra}
#       wrap_angle: !astropy.coordinates.Angle
#         unit: *id001
#         value: 360.0
#     radial_velocity:
#       __class__: astropy.units.quantity.Quantity
#       unit: !astropy.units.Unit {unit: km / s}
#       value: !astropy.table.SerializedColumn {name: radial_velocity}
# schema: astropy-2.0
ra,dec,distance,pm_ra_cosdec,pm_dec,radial_velocity
[from data line 1218]
231.53362654951084,1.7607612011787548,22.220696356637823,-2.7981005187038424,-2.526940070026845,2.3262369196272335e-13
231.54212860604378,1.766055453329065,22.219335869143183,-2.7982409329458138,-2.5265830226146515,1.0525958912340423e-15
231.5506324340875,1.7713471645239922,22.21797112329646,-2.798382449768572,-2.526227057284717,1.6315236314127656e-13
231.5591380316275,1.7766363377269825,22.216602128713994,-2.7985250709037244,-2.525872174323038,1.9473023987829782e-13
231.56764539664897,1.7819229759013575,22.21522889501211,-2.7986687980829332,-2.5255183740155185,-4.210383564936169e-14
231.57615452713694,1.7872070820103212,22.213851431807132,-2.7988136330379216,-2.5251656566479754,3.24199534500085e-13
231.58466542107658,1.7924886590169484,22.212469748715403,-2.7989595775004688,-2.5248140225061295,1.0946997268834039e-13
231.5931780764526,1.797767709884201,22.21108385535324,-2.7991066332024097,-2.524463471875612,2.1051917824680845e-13
231.60169249124982,1.8030442375749114,22.209693761336982,-2.7992548018756396,-2.5241140050419615,1.2104852749191487e-13
231.61020866345282,1.8083182450517987,22.208299476282956,-2.7994040852521103,-2.523765622290624,2.7788531528578715e-13
231.61872659104623,1.813589735277453,22.2069010098075,-2.7995544850638314,-2.523418323906949,3.8946047975659563e-14
231.6272462720143,1.81885871121435,22.205498371526932,-2.799706003042873,-2.523072110176198,3.0525280845787224e-14
231.63576770434133,1.8241251758248438,22.20409157105759,-2.7998586409213635,-2.5227269813835353,2.715697399383829e-13
231.64429088601162,1.8293891320711655,22.2026806180158,-2.800012400431489,-2.5223829378140317,1.0525958912340423e-15
231.652815815009,1.8346505829154305,22.201265522017895,-2.8001672833054956,-2.522039979752662,-4.5261623323063815e-14
231.6613424893174,1.8399095313196328,22.19984629268021,-2.800323291275686,-2.521698107484307,2.7578012350331905e-13
231.6698709069208,1.8451659802456477,22.198422939619064,-2.8004804260744276,-2.521357321293752,-2.8420089063319142e-14
231.6784010658027,1.8504199326552295,22.1969954724508,-2.8006386894341424,-2.5210176214656865,7.052392471268083e-14
231.68693296394665,1.8556713915100185,22.19556390079174,-2.8007980830873147,-2.5206790082847035,1.0525958912340423e-13
231.69546659933616,1.860920359771533,22.194128234258223,-2.8009586087664875,-2.5203414820352976,2.063087946818723e-13
231.70400196995453,1.8661668404011718,22.192688482466572,-2.8011202682042673,-2.5200050430018717,2.3578147963642546e-13
231.71253907378497,1.8714108363602218,22.191244655033117,-2.8012830631333157,-2.5196696914687244,1.4736342477276593e-13
231.7210779088105,1.8766523506098454,22.18979676157419,-2.8014469952863603,-2.5193354277200632,1.6946793848868082e-13
231.72961847301417,1.8818913861110942,22.18834481170612,-2.8016120663961837,-2.519002252039991,4.4209027431829774e-14
231.73816076437873,1.8871279458248973,22.186888815045247,-2.801778278195635,-2.518670164712516,1.315744864042553e-13
231.74670478088692,1.8923620327120718,22.185428781207882,-2.8019456324176226,-2.5183391660215477,2.599911851348084e-13
231.75525052052143,1.8975936497333141,22.18396471981038,-2.8021141307951147,-2.518009256250895,1.273641028393191e-13
231.76379798126464,1.9028227998492093,22.18249664046905,-2.802283775061142,-2.517680435684267,1.5052121244646804e-13
231.77234716109893,1.9080494860202208,22.181024552800235,-2.8024545669487964,-2.5173527046052717,2.642015686997446e-13
231.78089805800667,1.9132737112067022,22.17954846642025,-2.8026265081912354,-2.5170260632974215,1.2841669873055315e-13
231.78945066996985,1.9184954783688881,22.178068390945448,-2.8027996005216718,-2.51670051204412,2.936742536542978e-13
231.7980049949706,1.9237147904668979,22.176584335992146,-2.8029738456733866,-2.5163760511286775,9.262843842859572e-14
231.8065610309907,1.9289316504607397,22.175096311176677,-2.8031492453797204,-2.5160526808342967,2.4736003443999996e-13
231.8151187760121,1.934146061310303,22.173604326115374,-2.8033258013740783,-2.5157304014440824,-3.1577876737021266e-15
231.82367822801632,1.9393580259753675,22.172108390424558,-2.803503515389927,-2.5154092132410346,-5.157719867046807e-14
231.83223938498492,1.9445675474155943,22.170608513720573,-2.8036823891607936,-2.5150891165080496,8.841805486365955e-14
231.8408022448994,1.9497746285905355,22.169104705619734,-2.8038624244202754,-2.514770111527925,1.49468616555234e-13
231.84936680574103,1.954979272459626,22.167596975738384,-2.8040436229020274,-2.5144521985833514,2.315710960714893e-13
231.8579330654911,1.9601814819821892,22.166085333692845,-2.8042259863397705,-2.5141353779569147,-3.4735664410723393e-14
231.8665010221305,1.9653812601174372,22.164569789099456,-2.8044095164672855,-2.513819649931097,3.063054043491063e-13
231.87507067364044,1.9705786098244662,22.163050351574544,-2.8045942150184233,-2.513505014788278,1.5788938368510635e-13
231.8836420180016,1.9757735340622644,22.161527030734437,-2.8047800837270964,-2.513191472810732,1.4631082888153188e-13
231.8922150531948,1.980966035789705,22.159999836195464,-2.804967124327279,-2.5128790242806245,8.631286308119147e-14
231.9007897772006,1.98615611796555,22.158468777573958,-2.805155338553015,-2.512567669480019,2.2315032894161697e-13
231.9093661879996,1.9913437835484518,22.156933864486252,-2.8053447281384085,-2.51225740869087,1.7052053437991484e-13
231.9179442835721,1.99652903549695,22.155395106548674,-2.805535294817629,-2.5119482421950265,1.568367877938723e-13
231.9265240618984,2.0017118767694737,22.153852513377558,-2.805727040324914,-2.5116401702742306,1.347322740779574e-13
231.93510552095864,2.0068923103243423,22.15230609458922,-2.8059199663945646,-2.5113331932101173,2.2736071250655313e-13
231.94368865873298,2.012070339119766,22.150755859800007,-2.8061140747609454,-2.5110273112842134,9.578622610229784e-14
231.95227347320122,2.01724596611384,22.149201818626246,-2.806309367158489,-2.5107225247779366,1.1683814392697868e-13
231.96085996234322,2.0224191942645566,22.14764398068426,-2.806505845321695,-2.510418833972598,2.3051850018025525e-13
231.96944812413875,2.027590026529794,22.146082355590387,-2.806703510985126,-2.510116239149398,-5.894536990910637e-14
231.97803795656725,2.0327584658673246,22.144516952960956,-2.8069023658834116,-2.509814740589431,1.4736342477276593e-13
231.9866294576084,2.037924515234809,22.142947782412293,-2.8071024117512486,-2.509514338573676,-4.210383564936169e-15
231.99522262524138,2.0430881775898024,22.141374853560734,-2.8073036503234,-2.509215033383008,-6.105056169157445e-14
232.0038174574455,2.0482494558897475,22.139798176022612,-2.8075060833346948,-2.508916825298186,-1.1578554803574466e-14
232.01241395219992,2.053408353091985,22.138217759414246,-2.807709712520029,-2.5086197145998628,1.3894265764289357e-13
232.02101210748367,2.058564872153744,22.136633613351965,-2.80791453961437,-2.5083237015685795,9.683882199353189e-14
232.02961192127557,2.0637190160321466,22.13504574745212,-2.808120566352744,-2.508028786484762,3.4314626054229777e-13
232.03821339155462,2.068870787684209,22.13345417133102,-2.8083277944702516,-2.507734969628727,-2.947268495455318e-14
232.0468165162993,2.0740201900668382,22.131858894605013,-2.8085362257020563,-2.5074422512806778,1.2631150694808508e-13
232.05542129348825,2.079167226136839,22.130259926890417,-2.8087458617833954,-2.507150631720707,-2.315710960714893e-14
232.06402772109993,2.084311898850907,22.128657277803562,-2.8089567044495682,-2.506860111228792,1.0736478090587231e-13
232.07263579711267,2.0894542111656333,22.127050956960787,-2.8091687554359464,-2.5065706900847986,1.1789073981821273e-13
232.08124551950476,2.094594166037501,22.125440973978417,-2.809382016477964,-2.506282368568476,1.9999321933446803e-13
232.0898568862543,2.0997317664228916,22.123827338472783,-2.809596489311132,-2.505995146959461,1.3894265764289357e-13
232.09846989533926,2.1048670152780784,22.122210060060212,-2.809812175671024,-2.5057090255372754,1.8104649329225526e-13
232.1070845447376,2.1099999155592326,22.120589148357038,-2.810029077293283,-2.5054240045813265,1.4104784942536167e-13
232.1157008324271,2.11513047022242,22.11896461297959,-2.8102471959136244,-2.5051400843709053,8.21024795162553e-14
232.1243187563854,2.120258682223599,22.117336463544206,-2.810466533267828,-2.5048572651851875,2.1051917824680845e-15
232.13293831459006,2.1253845545186314,22.115704709667206,-2.810687091091748,-2.504575547303234,2.8209569885072334e-13
232.14155950501865,2.1305080900632682,22.114069360964926,-2.8109088711213035,-2.5042949310039857,2.947268495455318e-14
232.15018232564842,2.1356292918131623,22.1124304270537,-2.811131875092486,-2.5040154165662685,-1.473634247727659e-14
232.15880677445654,2.140748162723861,22.110787917549843,-2.8113561047413587,-2.5037370042687948,2.8420089063319143e-13
232.1674328494203,2.14586470575081,22.109141842069704,-2.8115815618040485,-2.503459694390152,1.9157245220459568e-13
232.17606054851663,2.150978923849351,22.1074922102296,-2.81180824801676,-2.5031834872088146,1.4315304120782974e-13
232.18468986972243,2.156090819974727,22.105839031645868,-2.8120361651157646,-2.5029083830031387,2.1262437002927655e-13
232.19332081101453,2.161200397082076,22.104182315934843,-2.8122653148374015,-2.502634382051357,1.5367900012017016e-13
232.2019533703696,2.1663076581264367,22.102522072712834,-2.812495698918089,-2.5023614846315896,6.105056169157445e-14
232.2105875457642,2.171412606062745,22.1008583115962,-2.8127273190943045,-2.5020896910218307,1.5367900012017016e-13
232.21922333517486,2.176515243845836,22.09919104220125,-2.812960177102608,-2.501819001499959,2.3367628785395737e-13
232.22786073657792,2.181615574430448,22.09752027414433,-2.8131942746796246,-2.5015494163437313,-3.789345208442552e-14
232.23649974794955,2.1867136007712116,22.095846017041765,-2.813429613562051,-2.501280935830783,2.6525416459097863e-13
232.245140367266,2.1918093258226654,22.094168280509876,-2.8136661954866575,-2.5010135602386314,2.8209569885072334e-13
232.25378259250334,2.1969027525392435,22.092487074165003,-2.813904022190285,-2.5007472898446674,-5.2629794561702114e-14
232.26242642163731,2.201993883875283,22.090802407623475,-2.8141430954098468,-2.500482124926165,2.9051646598059566e-13
232.27107185264396,2.2070827227850183,22.089114290501623,-2.8143834168823285,-2.500218065760271,2.947268495455318e-14
232.27971888349882,2.21216927222259,22.087422732415778,-2.814624988344786,-2.499955112624015,2.6735935637344673e-13
232.28836751217764,2.2172535351420377,22.085727742982257,-2.814867811534354,-2.4996932657943014,3.9998643866893604e-14
232.2970177366558,2.2223355144973005,22.084029331817415,-2.815111888188228,-2.499432525547907,1.4315304120782974e-13
232.30566955490877,2.2274152132422254,22.082327508537563,-2.8153572200436905,-2.4991728921614937,-2.1051917824680845e-15
232.31432296491178,2.2324926343305562,22.08062228275904,-2.8156038088380866,-2.498914365911591,1.0736478090587231e-13
232.3229779646401,2.2375677807159438,22.07891366409817,-2.8158516563088387,-2.49865694707461,6.105056169157445e-14
232.33163455206866,2.2426406553519365,22.07720166217129,-2.8161007641934392,-2.49840063592683,1.8104649329225526e-13
232.34029272517256,2.247711261191995,22.075486286594728,-2.8163511342294614,-2.4981454327444137,2.063087946818723e-13
232.34895248192663,2.2527796011894727,22.073767546984815,-2.816602768154545,-2.4978913378033916,5.894536990910637e-14
232.35761382030557,2.257845678297636,22.072045452957887,-2.8168556677064034,-2.4976383513796687,2.3999186320136165e-13
232.36627673828409,2.2629094954696516,22.07032001413026,-2.8171098346228303,-2.4973864737490286,1.894672604221276e-13
232.37494123383675,2.267971055658589,22.068591240118273,-2.817365270641689,-2.4971357051871244,-9.683882199353189e-14
232.38360730493787,2.273030361817427,22.066859140538256,-2.8176219775009175,-2.496886045969481,-2.315710960714893e-14
232.3922749495619,2.2780874168990453,22.06512372500654,-2.817879956938529,-2.496637496371499,-6.105056169157445e-14
232.40094416568306,2.2831422238562324,22.06338500313946,-2.818139210692609,-2.4963900566684467,-2.7367493172085098e-14
232.40961495127536,2.288194785641681,22.06164298455333,-2.818399740501322,-2.4961437271354696,2.3788667141889356e-13
232.418287304313,2.2932451052079896,22.059897678864502,-2.818661548102904,-2.495898508047581,1.1368035625327657e-13
232.4269612227698,2.2982931855076627,22.05814909568929,-2.8189246352356694,-2.495654399679666,7.999728773378721e-14
232.43563670461953,2.303339029493114,22.056397244644035,-2.819189003638004,-2.4954114023064804,2.589385892435744e-13
232.44431374783596,2.308382640116662,22.054642135345063,-2.8194546550483697,-2.4951695162026493,2.9472684954553185e-13
232.45299235039278,2.313424020330532,22.0528837774087,-2.8197215912053095,-2.4949287416426715,-3.789345208442552e-14
232.4616725102633,2.3184631730868586,22.051122180451276,-2.8199898138474353,-2.494689078900911,2.020984111169361e-13
232.4703542254211,2.323500101337682,22.049357354089135,-2.820259324713438,-2.4944505282516003,-6.315575347404253e-15
232.47903749383931,2.328534808034954,22.0475893079386,-2.8205301255420836,-2.494213089968844,2.8630608241565947e-13
232.48772231349128,2.3335672961305316,22.045818051615996,-2.8208022180722168,-2.4939767643266157,1.768361097273191e-13
232.49640868235002,2.3385975685761835,22.04404359473766,-2.8210756040427554,-2.4937415515987524,1.7473091794485103e-13
232.50509659838858,2.3436256283235837,22.042265946919915,-2.8213502851926955,-2.493507452058963,1.1157516447080849e-13
232.5137860595798,2.348651478324321,22.040485117779102,-2.8216262632611118,-2.493274465980821,6.526094525651062e-14
232.52247706389642,2.353675121529888,22.03870111693154,-2.8219035399871517,-2.4930425936377683,6.73661370389787e-14
232.53116960931118,2.358696560891693,22.03691395399356,-2.8221821171100436,-2.492811835303113,2.610437810260425e-13
232.53986369379672,2.3637157993610503,22.035123638581503,-2.822461996369091,-2.4925821912500297,2.042036028994042e-13
232.54855931532543,2.368732839889186,22.0333301803117,-2.822743179503673,-2.4923536617515554,2.042036028994042e-13
232.55725647186978,2.373747685427239,22.031533588800468,-2.8230256682532517,-2.492126247080598,2.694645481559148e-13
232.565955161402,2.3787603389262557,22.02973387366415,-2.8233094643573633,-2.4918999475099266,1.0946997268834039e-13
232.57465538189427,2.3837708033372,22.027931044519065,-2.823594569555621,-2.491674763312176,2.1051917824680846e-14
232.58335713131865,2.388779081610942,22.02612511098155,-2.8238809855877194,-2.4914506947598465,3.136735755877446e-13
232.5920604076472,2.393785176698266,22.024316082667937,-2.8241687141934264,-2.491227742125298,1.3262708229548932e-13
232.60076520885175,2.3987890915498697,22.02250396919456,-2.8244577571125937,-2.491005905680759,2.1051917824680845e-13
232.60947153290408,2.403790829116363,22.020688780177736,-2.824748116085148,-2.490785185698319,1.789413015097872e-13
232.61817937777593,2.40879039234827,22.018870525233805,-2.825039792851096,-2.49056558244993,-3.5788260301957434e-14
232.6268887414388,2.4137877841960242,22.017049213979096,-2.8253327891505213,-2.4903470962074064,5.2629794561702114e-14
232.6355996218642,2.4187830076099788,22.015224856029935,-2.8256271067235907,-2.490129727242426,1.5578419190263825e-13
232.6443120170236,2.4237760655403955,22.013397461002654,-2.8259227473105453,-2.489913475826525,4.4209027431829774e-14
232.65302592488817,2.428766960937456,22.011567038513597,-2.8262197126517092,-2.4896983422311045,1.9578283576953187e-13
232.66174134342918,2.4337556967512506,22.009733598179075,-2.826518004487482,-2.4894843267274247,1.347322740779574e-13
232.67045827061773,2.43874227593179,22.00789714961543,-2.826817624558348,-2.4892714295866063,1.1157516447080849e-13
232.67917670442475,2.4437267014289956,22.006057702438987,-2.8271185746048655,-2.4890596510796303,3.115683838052765e-13
232.68789664282124,2.4487089761927097,22.004215266266076,-2.8274208563676795,-2.4888489914773393,8.841805486365955e-14
