galstreams/tracks/track.st.C-11.ibata2024.ecsv
# %ECSV 1.0
# ---
# datatype:
# - {name: ra, unit: deg, datatype: float64}
# - {name: dec, unit: deg, datatype: float64}
# - {name: distance, unit: kpc, datatype: float64}
# - {name: pm_ra_cosdec, unit: mas / yr, datatype: float64}
# - {name: pm_dec, unit: mas / yr, datatype: float64}
# - {name: radial_velocity, unit: km / s, datatype: float64}
# delimiter: ','
# meta: !!omap
# - __serialized_columns__:
#     dec:
#       __class__: astropy.coordinates.angles.Latitude
#       unit: &id001 !astropy.units.Unit {unit: deg}
#       value: !astropy.table.SerializedColumn {name: dec}
#     distance:
#       __class__: astropy.coordinates.distances.Distance
#       unit: !astropy.units.Unit {unit: kpc}
#       value: !astropy.table.SerializedColumn {name: distance}
#     pm_dec:
#       __class__: astropy.units.quantity.Quantity
#       unit: !astropy.units.Unit {unit: mas / yr}
#       value: !astropy.table.SerializedColumn {name: pm_dec}
#     pm_ra_cosdec:
#       __class__: astropy.units.quantity.Quantity
#       unit: !astropy.units.Unit {unit: mas / yr}
#       value: !astropy.table.SerializedColumn {name: pm_ra_cosdec}
#     ra:
#       __class__: astropy.coordinates.angles.Longitude
#       unit: *id001
#       value: !astropy.table.SerializedColumn {name: ra}
#       wrap_angle: !astropy.coordinates.Angle
#         unit: *id001
#         value: 360.0
#     radial_velocity:
#       __class__: astropy.units.quantity.Quantity
#       unit: !astropy.units.Unit {unit: km / s}
#       value: !astropy.table.SerializedColumn {name: radial_velocity}
# schema: astropy-2.0
ra,dec,distance,pm_ra_cosdec,pm_dec,radial_velocity
[from data line 2927]
127.48978487303742,56.75961691098882,1.0000000000000002,6.995326235200551,-3.0103104937930056,-61.70418531131716
127.50754505429829,56.76426373579701,1.0000000000000002,6.996228077543565,-3.0125236860318436,-62.09815484470692
127.52530726046997,56.768909874632826,1.0000000000000002,6.997129107609063,-3.014738065661609,-62.493537308536006
127.54307148763675,56.7735553315563,1.0000000000000002,6.998029324110382,-3.0169536320855666,-62.890334627022426
127.56083773188907,56.77820011063028,1.0000000000000002,6.998928725761048,-3.019170384706068,-63.28854872438447
127.57860598932348,56.78284421592033,1.0000000000000002,6.999827311274782,-3.0213883229246017,-63.68818152483992
127.59637625604272,56.78748765149476,1.0000000000000002,7.000725079365495,-3.023607446141784,-64.08923495260706
127.61414852815568,56.79213042142467,1.0000000000000002,7.001622028747288,-3.0258277537573317,-64.49171093190368
127.63192280177736,56.79677252978387,1.0000000000000004,7.002518158134456,-3.0280492451700995,-64.89561138694803
127.6496990730291,56.80141398064895,1.0000000000000002,7.003413466241493,-3.0302719197780643,-65.30093824195804
127.66747733803828,56.80605477809922,1.0000000000000002,7.004307951783066,-3.0324957769783403,-65.70769342115182
127.68525759293857,56.81069492621671,1.0000000000000002,7.005201613474058,-3.0347208161671553,-66.11587884874749
127.70303983386981,56.815334429086256,1.0000000000000002,7.006094450029525,-3.0369470367398703,-66.52549644896294
127.72082405697816,56.81997329079537,1.0000000000000002,7.006986460164724,-3.0391744380909973,-66.93654814601638
127.73861025841593,56.82461151543433,1.0000000000000002,7.007877642595105,-3.0414030196141626,-67.34903586412565
127.75639843434176,56.82924910709614,1.0000000000000002,7.008767996036302,-3.0436327807021364,-67.76296152750896
127.77418858092051,56.83388606987654,1.0,7.009657519204159,-3.045863720746829,-68.17832706038446
127.79198069432331,56.83852240787401,1.0000000000000002,7.010546210814684,-3.04809583913928,-68.59513438697002
127.80977477072764,56.84315812518974,1.0000000000000002,7.011434069584105,-3.0503291352696866,-69.01338543148367
127.82757080631717,56.84779322592764,1.0000000000000002,7.012321094228819,-3.0525636085273726,-69.43308211814346
127.84536879728202,56.85242771419437,1.0,7.013207283465439,-3.0547992583008217,-69.85422637116756
127.86316873981852,56.85706159409931,1.0,7.014092636010745,-3.0570360839776427,-70.27682011477405
127.88097063012938,56.86169486975452,1.0,7.014977150581727,-3.0592740849446223,-70.7008652731809
127.8987744644237,56.866327545274835,1.0,7.015860825895557,-3.0615132605876694,-71.126363770606
127.9165802389168,56.870959624777775,1.0000000000000002,7.016743660669602,-3.06375361029185,-71.55331753126761
127.93438794983055,56.87559111238356,1.0,7.017625653621427,-3.065995133441411,-71.9817284793837
127.95219759339305,56.88022201221515,1.0000000000000002,7.018506803468776,-3.0682378294197123,-72.41159853917246
127.97000916583889,56.88485232839821,1.0000000000000002,7.019387108929596,-3.0704816976093,-72.84292963485184
127.98782266340899,56.8894820650611,1.0000000000000002,7.0202665687220165,-3.072726737391868,-73.27572369063971
128.00563808235074,56.894111226334914,1.0000000000000002,7.02114518156437,-3.0749729481482664,-73.70998263075437
128.0234554189179,56.89873981635339,1.0000000000000002,7.022022946175171,-3.0772203292585143,-74.1457083794136
128.04127466937072,56.903367839253036,1.0,7.022899861273123,-3.079468880101797,-74.58290286083583
128.05909582997586,56.90799529917301,1.0000000000000002,7.0237759255771275,-3.081718600056452,-75.02156799923888
128.07691889700646,56.912622200255214,1.0000000000000002,7.024651137806283,-3.083969488500003,-75.46170571884075
128.09474386674216,56.91724854664419,1.0000000000000002,7.025525496679869,-3.0862215448091295,-75.90331794385968
128.11257073546898,56.92187434248722,1.0000000000000002,7.026399000917351,-3.0884747683596734,-76.34640659851331
128.13039949947955,56.926499591934245,1.0000000000000002,7.027271649238406,-3.090729158526674,-76.79097360702026
128.14823015507292,56.93112429913792,1.0,7.028143440362884,-3.0929847146843263,-77.23702089359827
128.1660626985547,56.935748468253564,1.0000000000000002,7.029014373010827,-3.095241436206,-77.68455038246532
128.18389712623704,56.9403721034392,1.0000000000000002,7.029884445902484,-3.09749932246425,-78.13356399783972
128.20173343443855,56.94499520885553,1.0,7.030753657758273,-3.0997583728308076,-78.58406366393906
128.2195716194845,56.94961778866592,1.0000000000000002,7.031622007298811,-3.102018586676593,-79.03605130498192
128.2374116777066,56.95423984703642,1.0,7.032489493244918,-3.1042799633716953,-79.48952884518614
128.2552536054433,56.95886138813578,1.0000000000000002,7.033356114317584,-3.1065425022853974,-79.94449820876966
128.27309739903944,56.96348241613539,1.0000000000000002,7.034221869238,-3.1088062027861607,-80.40096131995067
128.29094305484657,56.968102935209345,1.0000000000000002,7.035086756727545,-3.1110710642416457,-80.85892010294698
128.3087905692228,56.97272294953437,1.0000000000000002,7.035950775507794,-3.113337086018693,-81.31837648197703
128.3266399385329,56.9773424632899,1.0000000000000002,7.0368139243005,-3.1156042674833477,-81.77933238125863
128.34449115914828,56.98196148065801,1.0000000000000002,7.0376762018276136,-3.117872608000833,-82.2417897250098
128.3623442274469,56.98658000582343,1.0000000000000002,7.0385376068112775,-3.1201421069355693,-82.70575043744874
128.38019913981344,56.99119804297357,1.0000000000000002,7.039398137973814,-3.1224127636511865,-83.17121644279344
128.3980558926393,56.995815596298485,1.0,7.040257794037747,-3.124684577510509,-83.63818966526163
128.41591448232236,57.000432669990914,1.0,7.041116573725773,-3.1269575478755485,-84.1066720290719
128.43377490526743,57.00504926824621,1.0,7.041974475760799,-3.129231674107528,-84.57666545844195
128.4516371578858,57.00966539526241,1.0,7.042831498865904,-3.1315069555668806,-85.04817187759002
128.46950123659565,57.01428105524017,1.0000000000000002,7.043687641764355,-3.133783391613239,-85.5211932107341
128.48736713782174,57.01889625238283,1.0000000000000002,7.044542903179622,-3.1360609816054454,-85.99573138209193
128.50523485799565,57.02351099089635,1.0000000000000002,7.045397281835354,-3.1383397249015452,-86.47178831588207
128.5231043935556,57.028125274989335,1.0000000000000002,7.046250776455383,-3.1406196208588035,-86.94936593632224
128.54097574094672,57.032739108873045,1.0,7.047103385763744,-3.142900668833695,-87.4284661676307
128.55884889662076,57.03735249676137,1.0000000000000002,7.047955108484643,-3.145182868181906,-87.90909093402536
128.57672385703626,57.041965442870826,1.0000000000000002,7.048805943342483,-3.1474662182583435,-88.39124215972407
128.59460061865866,57.04657795142057,1.0000000000000002,7.049655889061853,-3.1497507184171303,-88.87492176894531
128.6124791779601,57.051190026632405,1.0,7.050504944367529,-3.152036368011622,-89.36013168590682
128.63035953141951,57.05580167273075,1.0000000000000002,7.051353107984476,-3.154323166394364,-89.84687383482691
128.64824167552277,57.06041289394265,1.0000000000000002,7.052200378637843,-3.1566111129171652,-90.33515013992337
128.66612560676245,57.06502369449778,1.0000000000000002,7.053046755052965,-3.158900206931028,-90.82496252541432
128.68401132163802,57.069634078628425,1.0000000000000002,7.053892235955368,-3.161190447786206,-91.31631291551774
128.70189881665578,57.07424405056951,1.0,7.05473682007076,-3.1634818348321607,-91.80920323445186
128.719788088329,57.07885361455857,1.0000000000000002,7.055580506125033,-3.1657743674176038,-92.30363540643474
128.73767913317766,57.08346277483576,1.0000000000000002,7.0564232928442685,-3.1680680448904557,-92.79961135568428
128.75557194772875,57.08807153564383,1.0000000000000002,7.05726517895474,-3.1703628665979,-93.29713300641858
128.77346652851614,57.092679901228145,1.0000000000000002,7.0581061631828925,-3.172658831886344,-93.79620228285552
128.79136287208058,57.09728787583672,1.0000000000000002,7.058946244255365,-3.1749559401014213,-94.29682110921345
128.80926097496976,57.10189546372012,1.0,7.0597854208989785,-3.1772541905880276,-94.79899140971038
128.82716083373828,57.10650266913154,1.0,7.0606236918407435,-3.179553582690283,-95.30271510856429
128.8450624449477,57.111109496326776,1.0000000000000002,7.061461055807841,-3.181854115751549,-95.80799412999292
128.8629658051666,57.11571594956424,1.0000000000000002,7.062297511527654,-3.1841557891144543,-96.314830398215
128.88087091097043,57.12032203310489,1.0000000000000002,7.063133057727746,-3.1864586021208545,-96.8232258374479
128.89877775894166,57.12492775121235,1.0000000000000002,7.063967693135851,-3.18876255411186,-97.33318237191014
128.91668634566975,57.12953310815277,1.0000000000000002,7.0648014164799,-3.1910676444278323,-97.84470192581942
128.93459666775112,57.13413810819493,1.0000000000000002,7.065634226487991,-3.1933738724083893,-98.35778642339399
