galstreams/tracks/track.st.SGP-S.yang2022.ecsv
# %ECSV 1.0
# ---
# datatype:
# - {name: ra, unit: deg, datatype: float64}
# - {name: dec, unit: deg, datatype: float64}
# - {name: distance, unit: kpc, datatype: float64}
# - {name: pm_ra_cosdec, unit: mas / yr, datatype: float64}
# - {name: pm_dec, unit: mas / yr, datatype: float64}
# - {name: radial_velocity, unit: km / s, datatype: float64}
# delimiter: ','
# meta: !!omap
# - __serialized_columns__:
#     dec:
#       __class__: astropy.coordinates.angles.Latitude
#       unit: &id001 !astropy.units.Unit {unit: deg}
#       value: !astropy.table.SerializedColumn {name: dec}
#     distance:
#       __class__: astropy.coordinates.distances.Distance
#       unit: !astropy.units.Unit {unit: kpc}
#       value: !astropy.table.SerializedColumn {name: distance}
#     pm_dec:
#       __class__: astropy.units.quantity.Quantity
#       unit: !astropy.units.Unit {unit: mas / yr}
#       value: !astropy.table.SerializedColumn {name: pm_dec}
#     pm_ra_cosdec:
#       __class__: astropy.units.quantity.Quantity
#       unit: !astropy.units.Unit {unit: mas / yr}
#       value: !astropy.table.SerializedColumn {name: pm_ra_cosdec}
#     ra:
#       __class__: astropy.coordinates.angles.Longitude
#       unit: *id001
#       value: !astropy.table.SerializedColumn {name: ra}
#       wrap_angle: !astropy.coordinates.Angle
#         unit: *id001
#         value: 360.0
#     radial_velocity:
#       __class__: astropy.units.quantity.Quantity
#       unit: !astropy.units.Unit {unit: km / s}
#       value: !astropy.table.SerializedColumn {name: radial_velocity}
# schema: astropy-2.0
ra,dec,distance,pm_ra_cosdec,pm_dec,radial_velocity
[from data line 1794]
7.953707268624123,-43.143109386057866,9.5,2.0000000000000004,2.499999999999999,-1.0104920555846805e-13
7.95236898688437,-43.13315427440593,9.5,2.000000000000001,2.4999999999999982,-8.420767129872338e-14
7.951031008365257,-43.12319915748821,9.5,2.0000000000000004,2.499999999999999,-6.73661370389787e-14
7.949693332922514,-43.113244035303985,9.499999999999998,2.000000000000001,2.499999999999999,-7.578690416885104e-14
7.948355960411894,-43.10328890785274,9.5,2.0,2.4999999999999982,-6.73661370389787e-14
7.947018890689122,-43.09333377513374,9.500000000000002,2.0,2.499999999999999,-7.578690416885104e-14
7.945682123609955,-43.08337863714649,9.5,2.0,2.4999999999999987,-7.578690416885104e-14
7.944345659030112,-43.07342349389026,9.500000000000002,1.9999999999999996,2.4999999999999982,-8.420767129872338e-14
7.943009496805354,-43.06346834536457,9.499999999999998,2.000000000000001,2.499999999999999,-7.578690416885104e-14
7.941673636791407,-43.05351319156872,9.5,1.9999999999999996,2.499999999999999,-8.420767129872338e-14
7.940338078844028,-43.04355803250224,9.5,2.0,2.499999999999999,-8.420767129872338e-14
7.939002822818946,-43.033602868164444,9.500000000000002,2.0,2.499999999999999,-7.578690416885104e-14
7.937667868571924,-43.02364769855489,9.5,2.0,2.4999999999999987,-5.894536990910637e-14
7.936333215958688,-43.013692523672916,9.500000000000002,2.0000000000000004,2.4999999999999982,-7.578690416885104e-14
7.934998864835001,-43.00373734351809,9.500000000000002,2.0,2.499999999999999,-9.262843842859572e-14
7.933664815056591,-42.99378215808974,9.500000000000002,2.0,2.499999999999999,-8.420767129872338e-14
7.93233106647923,-42.983826967387486,9.500000000000002,1.9999999999999998,2.4999999999999982,-7.578690416885104e-14
7.93099761895865,-42.97387177141073,9.500000000000002,2.0000000000000004,2.4999999999999987,-7.578690416885104e-14
7.929664472350595,-42.96391657015892,9.500000000000002,2.0,2.499999999999999,-9.262843842859572e-14
7.928331626510832,-42.953961363631656,9.500000000000002,2.0,2.4999999999999987,-8.420767129872338e-14
7.926999081295095,-42.94400615182835,9.500000000000002,2.0,2.499999999999999,-8.420767129872338e-14
7.925666836559149,-42.9340509347486,9.500000000000002,1.9999999999999996,2.499999999999999,-8.420767129872338e-14
7.924334892158732,-42.92409571239185,9.500000000000002,2.0,2.499999999999999,-6.73661370389787e-14
7.923003247949615,-42.91414048475773,9.500000000000004,2.0000000000000004,2.4999999999999982,-5.894536990910637e-14
7.921671903787531,-42.90418525184568,9.500000000000002,2.0000000000000004,2.4999999999999982,-9.262843842859572e-14
7.920340859528258,-42.89423001365536,9.500000000000002,2.0,2.4999999999999987,-8.420767129872338e-14
7.91901011502753,-42.884274770186224,9.500000000000002,2.0000000000000004,2.4999999999999982,-1.0104920555846805e-13
7.917679670141118,-42.87431952143793,9.500000000000004,1.9999999999999998,2.4999999999999982,-8.420767129872338e-14
7.916349524724765,-42.86436426740997,9.500000000000004,1.9999999999999996,2.4999999999999982,-6.73661370389787e-14
7.915019678634246,-42.85440900810203,9.500000000000002,1.9999999999999998,2.499999999999999,-1.0104920555846805e-13
7.9136901317253,-42.8444537435136,9.5,2.0000000000000004,2.499999999999999,-8.420767129872338e-14
7.9123608838537,-42.83449847364437,9.500000000000004,1.9999999999999998,2.499999999999999,-1.0104920555846805e-13
7.911031934875197,-42.82454319849387,9.5,2.0000000000000004,2.4999999999999996,-8.420767129872338e-14
7.909703284645563,-42.814587918061825,9.500000000000002,2.0,2.499999999999999,-8.420767129872338e-14
7.90837493302054,-42.804632632347754,9.500000000000004,1.9999999999999998,2.4999999999999982,-8.420767129872338e-14
7.907046879855912,-42.79467734135138,9.500000000000002,2.0,2.499999999999999,-7.578690416885104e-14
7.9057191250074315,-42.784722045072336,9.500000000000002,2.0,2.499999999999999,-9.262843842859572e-14
7.904391668330853,-42.77476674351018,9.500000000000004,1.9999999999999996,2.4999999999999982,-5.894536990910637e-14
7.903064509681958,-42.76481143666472,9.500000000000002,1.9999999999999996,2.4999999999999982,-8.420767129872338e-14
7.901737648916492,-42.7548561245355,9.500000000000002,2.0000000000000004,2.4999999999999982,-7.578690416885104e-14
7.90041108589024,-42.74490080712232,9.500000000000002,2.0,2.4999999999999987,-7.578690416885104e-14
7.899084820458951,-42.73494548442474,9.500000000000002,2.0,2.499999999999999,-7.578690416885104e-14
7.8977588524784075,-42.72499015644259,9.5,2.0000000000000004,2.4999999999999996,-5.894536990910637e-14
7.896433181804362,-42.71503482317546,9.5,2.000000000000001,2.499999999999999,-9.262843842859572e-14
7.8951078082925985,-42.70507948462317,9.500000000000002,1.9999999999999993,2.4999999999999982,-8.420767129872338e-14
7.893782731798871,-42.69512414078533,9.500000000000002,2.0,2.4999999999999987,-1.0104920555846805e-13
7.892457952178963,-42.68516879166178,9.500000000000004,1.9999999999999991,2.4999999999999982,-7.578690416885104e-14
7.891133469288632,-42.67521343725217,9.500000000000002,2.0000000000000004,2.499999999999999,-9.262843842859572e-14
7.889809282983663,-42.66525807755634,9.5,2.0000000000000004,2.499999999999999,-8.420767129872338e-14
7.888485393119813,-42.65530271257394,9.499999999999998,2.0000000000000004,2.4999999999999996,-8.420767129872338e-14
7.887161799552867,-42.645347342304845,9.500000000000004,2.0,2.499999999999998,-7.578690416885104e-14
7.885838502138598,-42.635391966748784,9.500000000000002,2.0,2.4999999999999987,-8.420767129872338e-14
7.884515500732763,-42.62543658590548,9.500000000000002,2.0,2.4999999999999987,-8.420767129872338e-14
7.883192795191161,-42.615481199774834,9.500000000000004,1.9999999999999998,2.4999999999999987,-6.73661370389787e-14
7.8818703853695435,-42.60552580835653,9.500000000000004,2.0000000000000004,2.4999999999999982,-9.262843842859572e-14
7.880548271123711,-42.5955704116505,9.5,2.0000000000000004,2.499999999999999,-9.262843842859572e-14
7.879226452309417,-42.58561500965642,9.500000000000002,2.0,2.4999999999999982,-7.578690416885104e-14
7.877904928782457,-42.57565960237426,9.500000000000002,1.9999999999999996,2.4999999999999982,-6.73661370389787e-14
7.876583700398596,-42.565704189803725,9.5,2.0000000000000004,2.499999999999999,-5.894536990910637e-14
7.8752627670136235,-42.55574877194478,9.500000000000002,2.0,2.499999999999999,-1.0104920555846805e-13
7.873942128483308,-42.54579334879715,9.500000000000004,1.9999999999999998,2.4999999999999982,-8.420767129872338e-14
7.872621784663441,-42.53583792036081,9.500000000000004,1.9999999999999998,2.4999999999999987,-1.0104920555846805e-13
7.871301735409793,-42.52588248663551,9.500000000000002,2.0000000000000004,2.4999999999999982,-7.578690416885104e-14
7.869981980578158,-42.515927047621254,9.500000000000002,2.0,2.499999999999999,-7.578690416885104e-14
7.8686625200243,-42.5059716033178,9.500000000000002,2.0000000000000004,2.4999999999999982,-1.0946997268834039e-13
7.867343353604022,-42.49601615372515,9.500000000000002,1.9999999999999998,2.4999999999999987,-8.420767129872338e-14
7.8660244811730955,-42.48606069884315,9.500000000000002,2.0,2.4999999999999987,-6.73661370389787e-14
7.864705902587302,-42.47610523867168,9.500000000000002,1.9999999999999996,2.499999999999999,-1.0104920555846805e-13
7.863387617702434,-42.46614977321072,9.500000000000004,2.0,2.4999999999999982,-8.420767129872338e-14
7.862069626374269,-42.45619430246012,9.500000000000002,2.0000000000000004,2.499999999999999,-8.420767129872338e-14
7.860751928458606,-42.446238826419915,9.500000000000002,1.9999999999999993,2.499999999999999,-9.262843842859572e-14
7.859434523811214,-42.43628334508994,9.500000000000002,2.0000000000000004,2.499999999999999,-1.0104920555846805e-13
7.858117412287899,-42.42632785847024,9.500000000000002,1.9999999999999993,2.4999999999999982,-6.73661370389787e-14
7.856800593744431,-42.41637236656069,9.500000000000004,2.0,2.4999999999999982,-7.578690416885104e-14
7.855484068036616,-42.40641686936135,9.500000000000002,2.0,2.499999999999999,-7.578690416885104e-14
7.854167835020228,-42.39646136687209,9.5,2.0000000000000004,2.499999999999999,-5.894536990910637e-14
7.85285189455107,-42.386505859093006,9.500000000000002,2.0000000000000004,2.499999999999999,-1.0946997268834039e-13
7.851536246484921,-42.37655034602398,9.500000000000002,2.0000000000000004,2.499999999999999,-9.262843842859572e-14
7.8502208906775826,-42.36659482766511,9.5,2.0000000000000004,2.4999999999999996,-9.262843842859572e-14
7.848905826984835,-42.35663930401631,9.500000000000002,2.0000000000000004,2.4999999999999987,-6.73661370389787e-14
7.847591055262483,-42.3466837750777,9.500000000000002,2.0,2.499999999999999,-7.578690416885104e-14
7.846276575366309,-42.33672824084921,9.500000000000002,2.0000000000000004,2.499999999999999,-9.262843842859572e-14
7.84496238715212,-42.32677270133096,9.500000000000002,1.9999999999999996,2.4999999999999982,-7.578690416885104e-14
7.843648490475692,-42.3168171565229,9.500000000000004,1.9999999999999996,2.4999999999999982,-9.262843842859572e-14
7.842334885192839,-42.30686160642517,9.500000000000002,1.9999999999999996,2.499999999999999,-8.420767129872338e-14
7.841021571159345,-42.29690605103781,9.500000000000002,2.0,2.4999999999999987,-8.420767129872338e-14
7.839708548231004,-42.286950490360795,9.5,2.0,2.499999999999999,-1.0104920555846805e-13
7.838395816263625,-42.27699492439432,9.500000000000002,1.9999999999999996,2.4999999999999987,-5.894536990910637e-14
7.83708337511299,-42.26703935313837,9.500000000000002,2.0000000000000004,2.4999999999999987,-8.420767129872338e-14
7.835771224634911,-42.257083776593134,9.500000000000002,2.0,2.499999999999999,-8.420767129872338e-14
7.834459364685175,-42.247128194758595,9.5,2.0,2.499999999999999,-7.578690416885104e-14
7.833147795119595,-42.237172607634996,9.500000000000002,1.9999999999999998,2.4999999999999987,-7.578690416885104e-14
7.831836515793954,-42.22721701522232,9.500000000000002,2.0,2.4999999999999982,-5.894536990910637e-14
7.830525526564069,-42.21726141752081,9.500000000000002,2.0,2.4999999999999987,-8.420767129872338e-14
7.829214827285726,-42.20730581453048,9.500000000000002,2.0000000000000004,2.4999999999999987,-5.894536990910637e-14
7.827904417814743,-42.197350206251606,9.500000000000002,2.0,2.4999999999999982,-8.420767129872338e-14
7.826594298006904,-42.18739459268419,9.5,2.000000000000001,2.4999999999999987,-8.420767129872338e-14
7.825284467718029,-42.17743897382853,9.500000000000004,1.9999999999999998,2.4999999999999982,-6.73661370389787e-14
7.823974926803908,-42.16748334968465,9.500000000000002,2.0000000000000004,2.4999999999999987,-7.578690416885104e-14
7.822665675120358,-42.15752772025288,9.500000000000002,2.0,2.4999999999999982,-7.578690416885104e-14
7.821356712523175,-42.14757208553329,9.5,2.0,2.499999999999999,-6.73661370389787e-14
7.820048038868158,-42.13761644552605,9.5,2.0,2.4999999999999987,-5.894536990910637e-14
7.818739654011131,-42.12766080023147,9.5,2.0000000000000004,2.4999999999999987,-7.578690416885104e-14
7.817431557807877,-42.117705149649616,9.500000000000002,1.9999999999999998,2.4999999999999987,-8.420767129872338e-14
7.816123750114227,-42.10774949378083,9.500000000000002,1.9999999999999991,2.4999999999999982,-5.894536990910637e-14
7.814816230785969,-42.09779383262523,9.500000000000002,1.9999999999999998,2.4999999999999987,-5.894536990910637e-14
7.813508999678928,-42.087838166183154,9.500000000000004,1.9999999999999998,2.4999999999999982,-8.420767129872338e-14
7.812202056648895,-42.07788249445473,9.500000000000002,1.9999999999999993,2.4999999999999982,-7.578690416885104e-14
7.810895401551698,-42.067926817440295,9.5,2.0,2.4999999999999987,-8.420767129872338e-14
7.80958903424313,-42.05797113514001,9.5,2.0000000000000004,2.4999999999999987,-8.420767129872338e-14
7.808282954579014,-42.04801544755425,9.500000000000002,2.0000000000000004,2.499999999999999,-7.578690416885104e-14
7.80697716241515,-42.038059754683175,9.5,2.0000000000000004,2.4999999999999987,-8.420767129872338e-14
7.805671657607363,-42.028104056527155,9.500000000000002,1.9999999999999993,2.4999999999999982,-5.894536990910637e-14
7.804366440011446,-42.01814835308639,9.500000000000002,1.9999999999999996,2.4999999999999982,-7.578690416885104e-14
7.803061509483236,-42.00819264436127,9.500000000000002,2.0,2.4999999999999982,-5.894536990910637e-14
7.801756865878531,-41.99823693035205,9.500000000000002,1.9999999999999998,2.4999999999999982,-6.73661370389787e-14
7.800452509053139,-41.98828121105898,9.500000000000002,2.0,2.4999999999999982,-8.420767129872338e-14
7.799148438862894,-41.9783254864825,9.500000000000002,1.9999999999999998,2.499999999999999,-8.420767129872338e-14
7.797844655163587,-41.9683697566228,9.500000000000002,2.0,2.4999999999999987,-7.578690416885104e-14
7.796541157811055,-41.95841402148035,9.500000000000002,2.0,2.4999999999999982,-7.578690416885104e-14
7.7952379466610955,-41.94845828105539,9.500000000000002,1.9999999999999998,2.4999999999999982,-8.420767129872338e-14
7.7939350215695455,-41.938502535348334,9.500000000000002,2.0,2.4999999999999982,-5.894536990910637e-14
7.7926323823922,-41.928546784359476,9.500000000000004,1.9999999999999998,2.4999999999999973,-5.894536990910637e-14
7.791330028984899,-41.91859102808928,9.500000000000002,1.9999999999999998,2.4999999999999982,-5.894536990910637e-14
7.790027961203436,-41.908635266538006,9.5,2.0000000000000004,2.499999999999999,-6.73661370389787e-14
7.788726178903654,-41.89867949970615,9.500000000000002,1.9999999999999998,2.4999999999999982,-5.894536990910637e-14
7.787424681941355,-41.888723727594,9.5,1.9999999999999996,2.499999999999999,-1.0104920555846805e-13
7.78612347017237,-41.87876795020204,9.500000000000002,2.0000000000000004,2.4999999999999982,-5.894536990910637e-14
7.784822543452509,-41.8688121675306,9.500000000000002,1.9999999999999998,2.4999999999999982,-6.73661370389787e-14
7.783521901637604,-41.85885637958017,9.500000000000002,1.9999999999999993,2.4999999999999987,-5.894536990910637e-14
7.7822215445834715,-41.848900586351135,9.500000000000002,1.9999999999999996,2.499999999999999,-5.894536990910637e-14
7.780921472145925,-41.83894478784387,9.500000000000004,1.9999999999999996,2.4999999999999982,-7.578690416885104e-14
7.7796216841808015,-41.82898898405893,9.5,2.0,2.499999999999999,-6.73661370389787e-14
7.778322180543909,-41.81903317499663,9.500000000000002,1.9999999999999993,2.499999999999999,-4.210383564936169e-14
7.777022961091086,-41.809077360657554,9.500000000000002,2.0,2.4999999999999987,-6.73661370389787e-14
7.775724025678142,-41.79912154104205,9.500000000000004,1.9999999999999993,2.499999999999998,-5.894536990910637e-14
7.7744253741609155,-41.789165716150684,9.500000000000002,1.9999999999999998,2.4999999999999982,-6.73661370389787e-14
7.773127006395219,-41.779209885983846,9.500000000000002,1.9999999999999998,2.4999999999999982,-6.73661370389787e-14
7.77182892223689,-41.76925405054211,9.500000000000004,1.9999999999999996,2.4999999999999987,-8.420767129872338e-14
7.770531121541741,-41.75929820982587,9.500000000000002,1.9999999999999998,2.4999999999999982,-7.578690416885104e-14
7.769233604165613,-41.74934236383574,9.500000000000002,2.0,2.4999999999999987,-5.0524602779234026e-14
7.7679363699643185,-41.7393865125721,9.500000000000002,2.0,2.4999999999999982,-6.73661370389787e-14
7.766639418793701,-41.72943065603561,9.500000000000002,2.0,2.4999999999999982,-8.420767129872338e-14
7.7653427505095705,-41.71947479422665,9.500000000000004,2.0,2.4999999999999973,-6.73661370389787e-14
7.764046364967776,-41.70951892714589,9.500000000000004,1.9999999999999996,2.4999999999999982,-7.578690416885104e-14
7.762750262024126,-41.69956305479375,9.500000000000002,2.0,2.4999999999999982,-7.578690416885104e-14
7.761454441534468,-41.689607177170885,9.500000000000002,2.0,2.4999999999999987,-8.420767129872338e-14
7.760158903354616,-41.67965129427773,9.500000000000002,1.9999999999999996,2.4999999999999982,-7.578690416885104e-14
