galstreams/tracks/track.st.Gaia-8.ibata2021.ecsv
# %ECSV 1.0
# ---
# datatype:
# - {name: ra, unit: deg, datatype: float64}
# - {name: dec, unit: deg, datatype: float64}
# - {name: distance, unit: kpc, datatype: float64}
# - {name: pm_ra_cosdec, unit: mas / yr, datatype: float64}
# - {name: pm_dec, unit: mas / yr, datatype: float64}
# - {name: radial_velocity, unit: km / s, datatype: float64}
# delimiter: ','
# meta: !!omap
# - __serialized_columns__:
#     dec:
#       __class__: astropy.coordinates.angles.Latitude
#       unit: &id001 !astropy.units.Unit {unit: deg}
#       value: !astropy.table.SerializedColumn {name: dec}
#     distance:
#       __class__: astropy.coordinates.distances.Distance
#       unit: !astropy.units.Unit {unit: kpc}
#       value: !astropy.table.SerializedColumn {name: distance}
#     pm_dec:
#       __class__: astropy.units.quantity.Quantity
#       unit: !astropy.units.Unit {unit: mas / yr}
#       value: !astropy.table.SerializedColumn {name: pm_dec}
#     pm_ra_cosdec:
#       __class__: astropy.units.quantity.Quantity
#       unit: !astropy.units.Unit {unit: mas / yr}
#       value: !astropy.table.SerializedColumn {name: pm_ra_cosdec}
#     ra:
#       __class__: astropy.coordinates.angles.Longitude
#       unit: *id001
#       value: !astropy.table.SerializedColumn {name: ra}
#       wrap_angle: !astropy.coordinates.Angle
#         unit: *id001
#         value: 360.0
#     radial_velocity:
#       __class__: astropy.units.quantity.Quantity
#       unit: !astropy.units.Unit {unit: km / s}
#       value: !astropy.table.SerializedColumn {name: radial_velocity}
# schema: astropy-2.0
ra,dec,distance,pm_ra_cosdec,pm_dec,radial_velocity
[from data line 852]
189.54303120474782,-20.361661172351447,6.990638250232371,-9.568807467036029,-8.62656940423052,252.20921655470482
189.5514500611251,-20.355522422080885,6.99090309155406,-9.56942791264865,-8.626918794790154,252.31658100412196
189.5598677551854,-20.34938268140709,6.991168828852613,-9.570049033432793,-8.627267976900155,252.42284090915038
189.5682842893588,-20.34324195323018,6.991435458480162,-9.570670821472486,-8.627616947435447,252.52799277262065
189.57669966607565,-20.33710024044981,6.991702976788838,-9.571293268852484,-8.627965703269211,252.6320330973642
189.58511388776662,-20.330957545965035,6.991971380130775,-9.57191636765828,-8.62831424127287,252.73495838621224
189.5935269568626,-20.324813872674557,6.992240664858103,-9.572540109976146,-8.628662558316094,252.83676514199576
189.6019388757949,-20.31866922347642,6.992510827322951,-9.573164487893079,-8.629010651266837,252.9374498675458
189.61034964699505,-20.312523601268225,6.992781863877455,-9.573789493496824,-8.629358516991287,253.03700906569347
189.61875927289478,-20.306377008947063,6.9930537708737415,-9.574415118875883,-8.629706152353915,253.13543923927028
189.6271677559263,-20.30022944940949,6.993326544663947,-9.5750413561195,-8.630053554217435,253.23273689110692
189.63557509852197,-20.29408092555159,6.9936001816002005,-9.575668197317661,-8.630400719442829,253.3288985240346
189.64398130311446,-20.287931440268917,6.993874678034633,-9.576295634561104,-8.63074764488935,253.42392064088452
189.6523863721368,-20.281780996456487,6.994150030319379,-9.576923659941304,-8.63109432741452,253.51779974448783
189.66079030802211,-20.275629597008926,6.994426234806566,-9.577552265550498,-8.63144076387411,253.61053233767547
189.66919311320402,-20.269477244820244,6.994703287848327,-9.578181443481652,-8.631786951122198,253.70211492327883
189.6775947901163,-20.26332394278396,6.994981185796795,-9.578811185828485,-8.6321328860111,253.7925440041288
189.6859953411931,-20.257169693793124,6.995259925004102,-9.579441484685454,-8.632478565391422,253.8818160830567
189.69439476886876,-20.25101450074025,6.995539501822375,-9.580072332147763,-8.632823986112047,253.96992766289353
189.702793075578,-20.244858366517377,6.995819912603749,-9.580703720311362,-8.633169145020128,254.05687524647027
189.71119026375578,-20.23870129401598,6.996101153700357,-9.581335641272934,-8.633514038961104,254.14265533661833
189.71958633583722,-20.23254328612714,6.996383221464326,-9.581968087129933,-8.633858664778689,254.2272644361685
189.72798129425792,-20.226384345741337,6.996666112247791,-9.582601049980525,-8.634203019314887,254.31069904795228
189.7363751414536,-20.22022447574859,6.9969498224028825,-9.58323452192363,-8.634547099409975,254.39295567480056
189.7447678798604,-20.214063679038404,6.997234348281733,-9.58386849505891,-8.634890901902521,254.47403081954448
189.75315951191462,-20.20790195849978,6.997519686236472,-9.584502961486773,-8.635234423629393,254.55392098501505
189.7615500400529,-20.20173931702123,6.997805832619232,-9.585137913308358,-8.635577661425728,254.6326226740436
189.76993946671215,-20.19557575749071,6.998092783782145,-9.58577334262555,-8.635920612124966,254.71013238946134
189.77832779432947,-20.18941128279581,6.998380536077342,-9.586409241540984,-8.636263272558832,254.78644663409898
189.78671502534235,-20.183245895823486,6.998669085856955,-9.587045602158026,-8.636605639557354,254.86156191078814
189.7951011621885,-20.17707959946025,6.998958429473114,-9.58768241658078,-8.63694770994885,254.93547472235937
189.80348620730595,-20.170912396592108,6.999248563277953,-9.588319676914098,-8.637289480559932,255.0081815716443
189.8118701631329,-20.164744290104547,6.999539483623602,-9.588957375263572,-8.637630948215527,255.079678961474
189.82025303210796,-20.158575282882584,6.999831186862191,-9.589595503735513,-8.637972109738838,255.14996339467922
189.8286348166699,-20.152405377810727,7.000123669345855,-9.590234054437001,-8.638312961951394,255.21903137409134
189.83701551925787,-20.146234577772944,7.000416927426723,-9.590873019475833,-8.638653501673017,255.28687940254136
189.8453951423111,-20.140062885652835,7.000710957456927,-9.59151239096056,-8.638993725721836,255.3535039828607
189.85377368826929,-20.13389030433336,7.0010057557886,-9.592152161000458,-8.63933363091428,255.41890161788012
189.8621511595723,-20.127716836697047,7.00130131877387,-9.59279232170554,-8.639673214065096,255.483068810431
189.8705275586603,-20.121542485625916,7.0015976427648745,-9.593432865186566,-8.640012471987344,255.5460020633443
189.8789028879737,-20.11536725400149,7.001894724113739,-9.594073783555032,-8.640351401492387,255.60769787945122
189.88727714995326,-20.109191144704806,7.002192559172594,-9.59471506892317,-8.640689999389917,255.66815276158277
189.89565034703995,-20.103014160616368,7.002491144293578,-9.595356713403936,-8.641028262487918,255.72736321257022
189.90402248167484,-20.096836304616257,7.00279047582882,-9.595998709111036,-8.641366187592709,255.78532573524447
189.91239355629955,-20.09065757958402,7.003090550130448,-9.596641048158908,-8.641703771508924,255.84203683243695
189.92076357335577,-20.084477988398696,7.003391363550596,-9.597283722662732,-8.642041011039515,255.89749300697872
189.9291325352856,-20.07829753393884,7.003692912441396,-9.59792672473841,-8.642377902985757,255.95169076170058
189.93750044453122,-20.072116219082517,7.003995193154979,-9.598570046502587,-8.642714444147247,256.00462659943395
189.94586730353527,-20.065934046707305,7.004298202043477,-9.599213680072639,-8.643050631321913,256.05629702300996
189.95423311474048,-20.059751019690268,7.0046019354590205,-9.599857617566684,-8.643386461306005,256.1066985352595
189.96259788059,-20.053567140907983,7.004906389753741,-9.600501851103566,-8.643721930894099,256.15582763901403
189.97096160352706,-20.047382413236594,7.005211561279771,-9.601146372802857,-8.6440570368791,256.20368083710423
189.97932428599532,-20.04119683955168,7.0055174463892405,-9.601791174784879,-8.644391776052256,256.25025463236165
189.98768593043857,-20.03501042272836,7.005824041434283,-9.60243624917068,-8.64472614520314,256.29554552761715
189.99604653930095,-20.02882316564125,7.006131342767029,-9.603081588082036,-8.645060141119652,256.33955002570207
190.00440611502685,-20.02263507116448,7.00643934673961,-9.603727183641455,-8.645393760588044,256.3822646294472
190.0127646600608,-20.016446142171706,7.006748049704156,-9.604373027972185,-8.645727000392894,256.42368584168406
190.02112217684785,-20.010256381536024,7.007057448012802,-9.605019113198193,-8.646059857317129,256.46381016524333
190.02947866783296,-20.00406579213019,7.007367538017677,-9.6056654314442,-8.646392328142005,256.5026341029564
190.03783413546154,-19.99787437682634,7.007678316070914,-9.606311974835634,-8.646724409647131,256.54015415765457
190.04618858217933,-19.991682138496152,7.0079897785246414,-9.606958735498669,-8.647056098610458,256.5763668321685
190.05454201043216,-19.985489080010844,7.008301921730994,-9.6076057055602,-8.647387391808277,256.6112686293295
190.06289442266618,-19.979295204241108,7.008614742042103,-9.608252877147855,-8.647718286015234,256.6448560519689
190.0712458213278,-19.973100514057187,7.008928235810099,-9.60890024239,-8.648048778004318,256.6771256029177
190.07959620886376,-19.96690501232877,7.009242399387113,-9.609547793415713,-8.64837886454688,256.708073785007
190.08794558772087,-19.96070870192519,7.009557229125279,-9.610195522354827,-8.648708542412598,256.73769710106774
190.0962939603463,-19.95451158571517,7.009872721376724,-9.610843421337883,-8.649037808369533,256.7659920539313
190.10464132918744,-19.948313666567003,7.010188872493582,-9.611491482496158,-8.649366659184079,256.7929551464288
190.11298769669204,-19.942114947348472,7.010505678827987,-9.61213969796165,-8.649695091621004,256.818582881391
190.12133306530794,-19.935915430926894,7.010823136732068,-9.6127880598671,-8.65002310244342,256.8428717616496
190.12967743748334,-19.929715120169092,7.011141242557955,-9.613436560345965,-8.650350688412805,256.86581829003535
190.1380208156666,-19.923514017941418,7.011459992657782,-9.614085191532434,-8.650677846289,256.88741896937927
190.1463632023065,-19.917312127109682,7.011779383383681,-9.61473394556142,-8.651004572830205,256.9076703025127
190.15470459985178,-19.911109450539332,7.012099411087782,-9.61538281456857,-8.651330864792985,256.9265687922667
190.16304501075166,-19.904905991095234,7.012420072122215,-9.61603179069025,-8.651656718932276,256.94411094147245
190.17138443745554,-19.898701751641784,7.012741362839114,-9.616680866063556,-8.651982132001377,256.9602932529609
190.17972288241302,-19.892496735042926,7.013063279590612,-9.6173300328263,-8.65230710075195,256.9751122295635
190.18806034807403,-19.886290944162106,7.013385818728837,-9.617979283117036,-8.652631621934034,256.98856437411087
190.19639683688868,-19.880084381862268,7.013708976605921,-9.618628609075046,-8.652955692296052,257.0006461894346
190.20473235130743,-19.87387705100588,7.014032749573998,-9.619278002840305,-8.653279308584782,257.0113541783656
190.2130668937807,-19.867668954455006,7.0143571339851984,-9.619927456553553,-8.653602467545376,257.0206848437349
190.22140046675952,-19.861460095071138,7.014682126191651,-9.620576962356228,-8.653925165921384,257.0286346883738
190.22973307269487,-19.85525047571532,7.015007722545489,-9.621226512390505,-8.654247400454713,257.0352002151135
190.2380647140382,-19.849040099248114,7.015333919398846,-9.621876098799278,-8.654569167885661,257.0403779267847
190.246395393241,-19.842828968529595,7.015660713103855,-9.622525713726159,-8.654890464952892,257.04416432621895
190.25472511275512,-19.836617086419384,7.01598810001264,-9.623175349315492,-8.655211288393481,257.04655591624726
190.26305387503263,-19.830404455776602,7.016316076477339,-9.623824997712344,-8.65553163494286,257.04754919970065
190.27138168252588,-19.824191079459855,7.016644638850082,-9.624474651062494,-8.655851501334858,257.0471406794104
190.2797085376873,-19.817976960327393,7.016973783482998,-9.625124301512463,-8.656170884301696,257.0453268582074
190.28803444296972,-19.811762101236877,7.017303506728221,-9.625773941209477,-8.656489780573974,257.04210423892283
190.29635940082613,-19.805546505045516,7.017633804937883,-9.626423562301488,-8.656808186880681,257.0374693243881
190.3046834137098,-19.79933017461006,7.017964674464113,-9.627073156937165,-8.65712609994921,257.03141861743387
190.3130064840742,-19.793113112786767,7.018296111659048,-9.627722717265911,-8.657443516505333,257.02394862089164
190.32132861437307,-19.786895322431434,7.018628112874814,-9.628372235437837,-8.657760433273232,257.0150558375925
190.32964980706035,-19.780676806399324,7.018960674463541,-9.629021703603792,-8.658076846975476,257.00473677036734
190.33797006459022,-19.77445756754537,7.0192937927773675,-9.629671113915316,-8.658392754333022,256.9929879220473
190.34628938941708,-19.768237608723876,7.01962746416842,-9.630320458524704,-8.658708152065252,256.97980579546385
190.35460778399565,-19.762016932788743,7.01996168498883,-9.63096972958494,-8.659023036889918,256.96518689344754
190.36292525078073,-19.755795542593397,7.020296451590731,-9.631618919249743,-8.659337405523194,256.9491277188302
190.3712417922275,-19.749573440990762,7.0206317603262525,-9.632268019673552,-8.659651254679659,256.9316247744423
190.37955741079134,-19.743350630833323,7.020967607547529,-9.63291702301152,-8.659964581072286,256.91267456311516
190.38787210892775,-19.737127114973028,7.02130398960669,-9.633565921419514,-8.660277381412458,256.8922735876802
190.3961858890926,-19.730902896261487,7.021640902855868,-9.634214707054133,-8.660589652409966,256.8704183509682
190.40449875374188,-19.7246779775497,7.021978343647193,-9.634863372072683,-8.660901390773015,256.84710535581036
190.4128107053319,-19.718452361688257,7.022316308332797,-9.635511908633196,-8.661212593208216,256.8223311050379
190.42112174631913,-19.712226051527264,7.022654793264811,-9.636160308894405,-8.661523256420594,256.79609210148175
190.42943187916032,-19.705999049916365,7.022993794795369,-9.636808565015777,-8.661833377113584,256.7683848479732
190.43774110631242,-19.699771359704723,7.023333309276601,-9.637456669157487,-8.662142951989042,256.73920584734344
190.44604943023262,-19.693542983741043,7.0236733330606365,-9.638104613480435,-8.662451977747242,256.7085516024233
190.45435685337836,-19.687313924873504,7.0240138624996105,-9.63875239014622,-8.662760451086871,256.67641861604426
190.46266337820717,-19.681084185949953,7.0243548939456515,-9.639399991317177,-8.66306836870503,256.64280339103703
190.470969007177,-19.674853769817627,7.024696423750894,-9.64004740915635,-8.663375727297254,256.607702430233
190.47927374274587,-19.668622679323356,7.025038448267468,-9.640694635827485,-8.663682523557497,256.57111223646336
190.4875775873721,-19.662390917313502,7.0253809638475015,-9.641341663495066,-8.66398875417813,256.53302931255917
190.49588054351432,-19.656158486633924,7.025723966843135,-9.641988484324271,-8.66429441584995,256.49345016135135
190.50418261363114,-19.64992539013006,7.0260674536064895,-9.642635090481006,-8.664599505262194,256.4523712856712
190.51248380018163,-19.64369163064686,7.026411420489705,-9.643281474131875,-8.664904019102508,256.40978918834986
190.52078410562504,-19.63745721102876,7.026755863844908,-9.643927627444217,-8.665207954056987,256.3657003722183
190.52908353242063,-19.631222134119852,7.027100780024231,-9.644573542586084,-8.665511306810146,256.32010134010784
190.53738208302815,-19.62498640276366,7.027446165379807,-9.645219211726207,-8.665814074044919,256.2729885948495
190.54567975990744,-19.618750019803258,7.027792016263766,-9.64586462703408,-8.666116252442706,256.2243586392742
190.55397656551858,-19.612512988081267,7.0281383290282395,-9.646509780679864,-8.66641783868332,256.1742079762133
190.5622725023219,-19.60627531043984,7.028485100025362,-9.64715466483446,-8.66671882944501,256.12253310849803
190.57056757277786,-19.600036989720685,7.028832325607261,-9.647799271669474,-8.667019221404477,256.0693305389593
190.5788617793473,-19.59379802876497,7.0291800021260675,-9.648443593357225,-8.667319011236852,256.01459677042834
190.5871551244911,-19.587558430413537,7.029528125933918,-9.64908762207074,-8.667618195615704,255.95832830573613
190.59544761067042,-19.581318197506643,7.029876693382941,-9.649731349983757,-8.667916771213054,255.90052164771396
190.60373924034667,-19.57507733288413,7.030225700825268,-9.650374769270728,-8.668214734699353,255.84117329919283
190.6120300159815,-19.56883583938538,7.030575144613031,-9.651017872106816,-8.668512082743511,255.7802797630039
190.62031994003672,-19.562593719849286,7.0309250210983585,-9.651660650667896,-8.668808812012884,255.7178375419783
190.62860901497433,-19.556350977114295,7.031275326633389,-9.652303097130535,-8.669104919173261,255.65384313894717
190.63689724325664,-19.550107614018376,7.031626057570245,-9.652945203672047,-8.669400400888907,255.58829305674163
190.6451846273461,-19.54386363339911,7.031977210261066,-9.653586962470419,-8.669695253822505,255.52118379819265
190.65347116970534,-19.53761903809352,7.032328781057981,-9.654228365704359,-8.669989474635212,255.4525118661316
190.66175687279733,-19.53137383093823,7.032680766313118,-9.654869405553299,-8.670283059986634,255.38227376338943
190.67004173908515,-19.525128014769372,7.033033162378614,-9.655510074197348,-8.67057600653483,255.31046599279725
190.6783257710321,-19.518881592422627,7.033385965606595,-9.656150363817366,-8.670868310936322,255.23708505718628
190.68660897110172,-19.51263456673322,7.033739172349196,-9.656790266594879,-8.671159969846077,255.16212745938773
190.69489134175777,-19.506386940535922,7.0340927789585495,-9.657429774712142,-8.671450979917529,255.0855897022325
190.70317288546426,-19.500138716664996,7.034446781786785,-9.658068880352118,-8.671741337802574,255.00746828855176
190.71145360468523,-19.493889897954364,7.034801177186034,-9.658707575698475,-8.67203104015157,254.9277597211767
