galstreams/tracks/track.ep.Palca.shipp2018.ecsv
# %ECSV 1.0
# ---
# datatype:
# - {name: ra, unit: deg, datatype: float64}
# - {name: dec, unit: deg, datatype: float64}
# - {name: distance, unit: kpc, datatype: float64}
# - {name: pm_ra_cosdec, unit: mas / yr, datatype: float64}
# - {name: pm_dec, unit: mas / yr, datatype: float64}
# - {name: radial_velocity, unit: km / s, datatype: float64}
# delimiter: ','
# meta: !!omap
# - __serialized_columns__:
#     dec:
#       __class__: astropy.coordinates.angles.Latitude
#       unit: &id001 !astropy.units.Unit {unit: deg}
#       value: !astropy.table.SerializedColumn {name: dec}
#     distance:
#       __class__: astropy.coordinates.distances.Distance
#       unit: !astropy.units.Unit {unit: kpc}
#       value: !astropy.table.SerializedColumn {name: distance}
#     pm_dec:
#       __class__: astropy.units.quantity.Quantity
#       unit: !astropy.units.Unit {unit: mas / yr}
#       value: !astropy.table.SerializedColumn {name: pm_dec}
#     pm_ra_cosdec:
#       __class__: astropy.units.quantity.Quantity
#       unit: !astropy.units.Unit {unit: mas / yr}
#       value: !astropy.table.SerializedColumn {name: pm_ra_cosdec}
#     ra:
#       __class__: astropy.coordinates.angles.Longitude
#       unit: *id001
#       value: !astropy.table.SerializedColumn {name: ra}
#       wrap_angle: !astropy.coordinates.Angle
#         unit: *id001
#         value: 360.0
#     radial_velocity:
#       __class__: astropy.units.quantity.Quantity
#       unit: !astropy.units.Unit {unit: km / s}
#       value: !astropy.table.SerializedColumn {name: radial_velocity}
# schema: astropy-2.0
ra,dec,distance,pm_ra_cosdec,pm_dec,radial_velocity
30.300000000000004,-53.7,36.3,0.0,0.0,0.0
30.160215668135464,-53.424176855986964,36.300000000000004,0.0,0.0,0.0
30.02223396619406,-53.14819261994454,36.3,0.0,0.0,0.0
29.88601497650204,-52.87205094999839,36.300000000000004,0.0,0.0,0.0
29.75151989103905,-52.595755398996765,36.3,0.0,0.0,0.0
29.618710973965673,-52.319309418227235,36.300000000000004,0.0,0.0,0.0
29.48755152560406,-52.04271636098008,36.300000000000004,0.0,0.0,0.0
29.358005847809494,-51.76597948596601,36.300000000000004,0.0,0.0,0.0
29.230039210673247,-51.489101960595505,36.3,0.0,0.0,0.0
29.103617820499252,-51.21208686412519,36.300000000000004,0.0,0.0,0.0
28.978708789000503,-50.93493719067766,36.3,0.0,0.0,0.0
28.855280103663443,-50.657655852141204,36.300000000000004,0.0,0.0,0.0
28.733300599230525,-50.380245680953905,36.3,0.0,0.0,0.0
28.612739930253827,-50.10270943277761,36.300000000000004,0.0,0.0,0.0
28.493568544674982,-49.82504978906751,36.3,0.0,0.0,0.0
28.37575765838792,-49.54726935954065,36.3,0.0,0.0,0.0
28.25927923074378,-49.269370684549,36.300000000000004,0.0,0.0,0.0
28.144105940958532,-48.99135623736049,36.3,0.0,0.0,0.0
28.030211165386326,-48.71322842635297,36.3,0.0,0.0,0.0
27.917568955622297,-48.4349895971239,36.300000000000004,0.0,0.0,0.0
27.806154017401127,-48.156642034519905,36.3,0.0,0.0,0.0
27.69594169025882,-47.87818796459013,36.3,0.0,0.0,0.0
27.586907927926305,-47.599629556465764,36.3,0.0,0.0,0.0
27.47902927942524,-47.32096892416933,36.300000000000004,0.0,0.0,0.0
27.372282870837925,-47.042208128357245,36.300000000000004,0.0,0.0,0.0
27.26664638772374,-46.76334917799753,36.3,0.0,0.0,0.0
27.16209805815632,-46.48439403198582,36.3,0.0,0.0,0.0
27.05861663635701,-46.205344600702865,36.300000000000004,0.0,0.0,0.0
26.956181386900326,-45.92620274751489,36.3,0.0,0.0,0.0
26.85477206946911,-45.646970290219755,36.3,0.0,0.0,0.0
26.754368924137772,-45.367649002441524,36.3,0.0,0.0,0.0
26.654952657162582,-45.08824061497485,36.3,0.0,0.0,0.0
26.55650442725934,-44.80874681708131,36.3,0.0,0.0,0.0
26.459005832349572,-44.52916925774058,36.3,0.0,0.0,0.0
26.36243889675682,-44.24950954685698,36.300000000000004,0.0,0.0,0.0
26.266786058835766,-43.96976925642382,36.3,0.0,0.0,0.0
26.172030159017677,-43.689949921647724,36.3,0.0,0.0,0.0
26.078154428255967,-43.41005304203351,36.3,0.0,0.0,0.0
25.98514247685674,-43.13008008243166,36.3,0.0,0.0,0.0
25.89297828367989,-42.85003247405056,36.3,0.0,0.0,0.0
25.801646185696356,-42.569911615433476,36.300000000000004,0.0,0.0,0.0
25.711130867888386,-42.28971887340273,36.3,0.0,0.0,0.0
25.621417353480012,-42.009455583972255,36.300000000000004,0.0,0.0,0.0
25.532490994485165,-41.729123053229216,36.3,0.0,0.0,0.0
25.444337462561705,-41.44872255818612,36.3,0.0,0.0,0.0
25.35694274016031,-41.16825534760519,36.300000000000004,0.0,0.0,0.0
25.27029311195691,-40.88772264279504,36.3,0.0,0.0,0.0
25.18437515655849,-40.60712563838102,36.3,0.0,0.0,0.0
25.099175738472496,-40.32646550305111,36.3,0.0,0.0,0.0
25.0146820003297,-40.04574338027696,36.300000000000004,0.0,0.0,0.0
24.930881355351797,-39.764960389011506,36.3,0.0,0.0,0.0
24.847761480054842,-39.484117624364835,36.3,0.0,0.0,0.0
24.765310307179817,-39.203216158257774,36.3,0.0,0.0,0.0
24.683516018842305,-38.922257040054724,36.3,0.0,0.0,0.0
24.60236703989376,-38.6412412971769,36.3,0.0,0.0,0.0
24.52185203148629,-38.360169935695765,36.3,0.0,0.0,0.0
24.441959884834286,-38.079043940908086,36.3,0.0,0.0,0.0
24.362679715165598,-37.79786427789281,36.3,0.0,0.0,0.0
24.28400085585593,-37.51663189205113,36.3,0.0,0.0,0.0
24.20591285273976,-37.23534770962944,36.3,0.0,0.0,0.0
24.128405458591786,-36.95401263822614,36.3,0.0,0.0,0.0
24.05146862777309,-36.67262756728359,36.300000000000004,0.0,0.0,0.0
23.975092511036163,-36.391193368564416,36.3,0.0,0.0,0.0
23.899267450483308,-36.10971089661359,36.3,0.0,0.0,0.0
23.82398397467351,-35.828180989206935,36.3,0.0,0.0,0.0
23.749232793872256,-35.54660446778582,36.300000000000004,0.0,0.0,0.0
23.67500479543972,-35.264982137878874,36.29999999999999,0.0,0.0,0.0
23.601291039352688,-34.98331478951161,36.29999999999999,0.0,0.0,0.0
23.52808275385552,-34.701603197603596,36.29999999999999,0.0,0.0,0.0
23.455371331235867,-34.419848122353905,36.3,0.0,0.0,0.0
23.383148323721205,-34.13805030961579,36.300000000000004,0.0,0.0,0.0
23.311405439491818,-33.85621049126001,36.3,0.0,0.0,0.0
23.240134538806586,-33.574329385527676,36.300000000000004,0.0,0.0,0.0
23.169327630237852,-33.292407697373406,36.3,0.0,0.0,0.0
23.098976867011675,-33.01044611879816,36.300000000000004,0.0,0.0,0.0
23.029074543450047,-32.728445329172665,36.300000000000004,0.0,0.0,0.0
22.959613091511883,-32.44640599555213,36.300000000000004,0.0,0.0,0.0
22.89058507742932,-32.164328772981584,36.3,0.0,0.0,0.0
22.82198319843641,-31.88221430479273,36.3,0.0,0.0,0.0
22.753800279587264,-31.600063222892967,36.3,0.0,0.0,0.0
22.686029270660594,-31.317876148045855,36.3,0.0,0.0,0.0
22.618663243147967,-31.03565369014397,36.3,0.0,0.0,0.0
22.551695387323235,-30.753396448474653,36.300000000000004,0.0,0.0,0.0
22.485119009390296,-30.471105011978064,36.300000000000004,0.0,0.0,0.0
22.418927528706842,-30.188779959498184,36.3,0.0,0.0,0.0
22.3531144750818,-29.90642186002759,36.3,0.0,0.0,0.0
22.287673486143934,-29.62403127294513,36.3,0.0,0.0,0.0
22.22259830477943,-29.341608748247214,36.3,0.0,0.0,0.0
22.157882776636495,-29.05915482677351,36.300000000000004,0.0,0.0,0.0
22.093520847694588,-28.77667004042612,36.3,0.0,0.0,0.0
22.02950656189642,-28.494154912383046,36.300000000000004,0.0,0.0,0.0
21.96583405884092,-28.21160995730654,36.3,0.0,0.0,0.0
21.90249757153497,-27.929035681545493,36.300000000000004,0.0,0.0,0.0
21.839491424202325,-27.64643258333272,36.300000000000004,0.0,0.0,0.0
21.776810030147953,-27.363801152977494,36.29999999999999,0.0,0.0,0.0
21.714447889675984,-27.081141873052818,36.3,0.0,0.0,0.0
21.652399588059716,-26.79845521857782,36.3,0.0,0.0,0.0
21.5906597935621,-26.515741657196084,36.3,0.0,0.0,0.0
21.52922325550515,-26.233001649349,36.300000000000004,0.0,0.0,0.0
21.468084802386723,-25.95023564844476,36.300000000000004,0.0,0.0,0.0
21.407239340043436,-25.66744410102367,36.300000000000004,0.0,0.0,0.0
21.346681849858125,-25.384627446918802,36.300000000000004,0.0,0.0,0.0
21.286407387010602,-25.10178611941299,36.3,0.0,0.0,0.0
21.22641107877044,-24.81892054539195,36.3,0.0,0.0,0.0
21.166688122830443,-24.536031145493673,36.300000000000004,0.0,0.0,0.0
21.107233785679735,-24.253118334254232,36.3,0.0,0.0,0.0
21.048043401015082,-23.97018252025004,36.3,0.0,0.0,0.0
20.98911236818951,-23.68722410623679,36.300000000000004,0.0,0.0,0.0
20.930436150697023,-23.404243489285076,36.3,0.0,0.0,0.0
20.872010274692336,-23.121241060912823,36.3,0.0,0.0,0.0
20.813830327544625,-22.838217207214623,36.29999999999999,0.0,0.0,0.0
20.75589195642436,-22.555172308988094,36.300000000000004,0.0,0.0,0.0
20.69819086692205,-22.27210674185731,36.3,0.0,0.0,0.0
20.640722821698212,-21.989020876393404,36.3,0.0,0.0,0.0
20.583483639163457,-21.705915078232408,36.3,0.0,0.0,0.0
20.52646919218791,-21.422789708190564,36.3,0.0,0.0,0.0
20.469675406839098,-21.139645122376812,36.300000000000004,0.0,0.0,0.0
20.413098261147418,-20.856481672303026,36.3,0.0,0.0,0.0
20.356733783898456,-20.57329970499166,36.3,0.0,0.0,0.0
20.300578053451336,-20.290099563081117,36.300000000000004,0.0,0.0,0.0
20.244627196582346,-20.006881584928763,36.3,0.0,0.0,0.0
20.188877387353102,-19.723646104711786,36.300000000000004,0.0,0.0,0.0
20.133324846002527,-19.44039345252585,36.3,0.0,0.0,0.0
20.077965837862035,-19.15712395448171,36.300000000000004,0.0,0.0,0.0
20.02279667229307,-18.873837932799713,36.3,0.0,0.0,0.0
19.967813701646552,-18.590535705902397,36.3,0.0,0.0,0.0
19.913013320243476,-18.30721758850519,36.300000000000004,0.0,0.0,0.0
19.858391963376025,-18.023883891705175,36.3,0.0,0.0,0.0
19.803946106328716,-17.740534923068125,36.3,0.0,0.0,0.0
19.74967226341889,-17.457170986713752,36.3,0.0,0.0,0.0
19.695566987055997,-17.17379238339926,36.3,0.0,0.0,0.0
19.641626866819212,-16.890399410601287,36.3,0.0,0.0,0.0
19.587848528552698,-16.606992362596177,36.300000000000004,0.0,0.0,0.0
19.53422863347819,-16.32357153053882,36.29999999999999,0.0,0.0,0.0
19.480763877324137,-16.040137202539825,36.3,0.0,0.0,0.0
19.42745098947121,-15.756689663741351,36.29999999999999,0.0,0.0,0.0
19.374286732113458,-15.473229196391541,36.3,0.0,0.0,0.0
19.321267899434744,-15.189756079917458,36.300000000000004,0.0,0.0,0.0
19.2683913168,-14.906270590996789,36.3,0.0,0.0,0.0
19.215653839960883,-14.62277300362826,36.29999999999999,0.0,0.0,0.0
19.163052354275315,-14.339263589200682,36.3,0.0,0.0,0.0
19.110583773940608,-14.055742616560966,36.300000000000004,0.0,0.0,0.0
19.058245041239662,-13.77221035208078,36.3,0.0,0.0,0.0
19.006033125799885,-13.488667059722156,36.3,0.0,0.0,0.0
18.95394502386445,-13.205113001102035,36.3,0.0,0.0,0.0
18.901977757575494,-12.921548435555561,36.3,0.0,0.0,0.0
18.850128374268884,-12.637973620198574,36.300000000000004,0.0,0.0,0.0
18.798393945780223,-12.354388809988908,36.300000000000004,0.0,0.0,0.0
18.74677156776167,-12.070794257786767,36.300000000000004,0.0,0.0,0.0
18.695258359009344,-11.787190214414235,36.3,0.0,0.0,0.0
18.64385146080085,-11.50357692871373,36.3,0.0,0.0,0.0
18.592548036242707,-11.219954647605736,36.3,0.0,0.0,0.0
18.541345269627264,-10.936323616145524,36.3,0.0,0.0,0.0
18.49024036579888,-10.652684077579147,36.3,0.0,0.0,0.0
18.43923054952896,-10.369036273398635,36.3,0.0,0.0,0.0
18.388313064899656,-10.085380443396335,36.29999999999999,0.0,0.0,0.0
18.337485174695843,-9.801716825718634,36.3,0.0,0.0,0.0
18.286744159805135,-9.518045656918806,36.3,0.0,0.0,0.0
18.23608731862567,-9.23436717200933,36.300000000000004,0.0,0.0,0.0
18.18551196648131,-8.950681604513408,36.3,0.0,0.0,0.0
18.13501543504408,-8.666989186515934,36.300000000000004,0.0,0.0,0.0
18.08459507176354,-8.383290148713742,36.300000000000004,0.0,0.0,0.0
18.03424823930279,-8.099584720465373,36.3,0.0,0.0,0.0
17.983972314980917,-7.815873129840165,36.3,0.0,0.0,0.0
17.933764690221608,-7.532155603666875,36.3,0.0,0.0,0.0
17.883622770007634,-7.248432367581685,36.3,0.0,0.0,0.0
17.833543972341065,-6.9647036460757805,36.300000000000004,0.0,0.0,0.0
17.783525727708906,-6.680969662542426,36.3,0.0,0.0,0.0
17.733565478553846,-6.397230639323512,36.3,0.0,0.0,0.0
17.683660678750105,-6.113486797755752,36.300000000000004,0.0,0.0,0.0
17.63380879308391,-5.82973835821638,36.29999999999999,0.0,0.0,0.0
17.58400729673854,-5.54598554016849,36.3,0.0,0.0,0.0
17.534253674783645,-5.262228562205981,36.3,0.0,0.0,0.0
17.484545421668628,-4.97846764209811,36.3,0.0,0.0,0.0
17.434880040719918,-4.694702996833772,36.300000000000004,0.0,0.0,0.0
17.385255043641827,-4.4109348426653305,36.3,0.0,0.0,0.0
17.335667950020916,-4.127163395152298,36.3,0.0,0.0,0.0
17.286116286833497,-3.8433888692046043,36.3,0.0,0.0,0.0
17.236597587956243,-3.55961147912563,36.29999999999999,0.0,0.0,0.0
17.187109393679552,-3.2758314386550436,36.300000000000004,0.0,0.0,0.0
17.13764925022354,-2.992048961011297,36.300000000000004,0.0,0.0,0.0
17.08821470925647,-2.7082642589339985,36.29999999999999,0.0,0.0,0.0
17.03880332741535,-2.424477544726093,36.300000000000004,0.0,0.0,0.0
16.989412665828596,-2.1406890302957375,36.3,0.0,0.0,0.0
16.940040289640475,-1.8568989271981864,36.300000000000004,0.0,0.0,0.0
16.89068376753724,-1.5731074466774007,36.3,0.0,0.0,0.0
16.84134067127459,-1.289314799707584,36.3,0.0,0.0,0.0
16.792008575206506,-1.005521197034612,36.3,0.0,0.0,0.0
16.742685055815016,-0.7217268492173309,36.300000000000004,0.0,0.0,0.0
16.693367691240923,-0.4379319666688177,36.29999999999999,0.0,0.0,0.0
16.64405406081512,-0.15413675969758284,36.300000000000004,0.0,0.0,0.0
16.594741744590433,0.12965856145134963,36.29999999999999,0.0,0.0,0.0
16.545428322873775,0.4134537865552258,36.3,0.0,0.0,0.0
16.49611137575831,0.6972487053725426,36.3,0.0,0.0,0.0
16.44678848265566,0.9810431076019203,36.300000000000004,0.0,0.0,0.0
16.39745722182772,1.2648367828408982,36.3,0.0,0.0,0.0
16.3481151699181,1.54862952054484,36.3,0.0,0.0,0.0
16.298759901482814,1.8324211099856171,36.3,0.0,0.0,0.0
16.24938898852026,2.1162113402103557,36.3,0.0,0.0,0.0
16.200000000000003,2.399999999999997,36.3,0.0,0.0,0.0
