galstreams/tracks/track.st.OmegaCen-Fimbulthul.ibata2021.ecsv
# %ECSV 1.0
# ---
# datatype:
# - {name: ra, unit: deg, datatype: float64}
# - {name: dec, unit: deg, datatype: float64}
# - {name: distance, unit: kpc, datatype: float64}
# - {name: pm_ra_cosdec, unit: mas / yr, datatype: float64}
# - {name: pm_dec, unit: mas / yr, datatype: float64}
# - {name: radial_velocity, unit: km / s, datatype: float64}
# delimiter: ','
# meta: !!omap
# - __serialized_columns__:
#     dec:
#       __class__: astropy.coordinates.angles.Latitude
#       unit: &id001 !astropy.units.Unit {unit: deg}
#       value: !astropy.table.SerializedColumn {name: dec}
#     distance:
#       __class__: astropy.coordinates.distances.Distance
#       unit: !astropy.units.Unit {unit: kpc}
#       value: !astropy.table.SerializedColumn {name: distance}
#     pm_dec:
#       __class__: astropy.units.quantity.Quantity
#       unit: !astropy.units.Unit {unit: mas / yr}
#       value: !astropy.table.SerializedColumn {name: pm_dec}
#     pm_ra_cosdec:
#       __class__: astropy.units.quantity.Quantity
#       unit: !astropy.units.Unit {unit: mas / yr}
#       value: !astropy.table.SerializedColumn {name: pm_ra_cosdec}
#     ra:
#       __class__: astropy.coordinates.angles.Longitude
#       unit: *id001
#       value: !astropy.table.SerializedColumn {name: ra}
#       wrap_angle: !astropy.coordinates.Angle
#         unit: *id001
#         value: 360.0
#     radial_velocity:
#       __class__: astropy.units.quantity.Quantity
#       unit: !astropy.units.Unit {unit: km / s}
#       value: !astropy.table.SerializedColumn {name: radial_velocity}
# schema: astropy-2.0
ra,dec,distance,pm_ra_cosdec,pm_dec,radial_velocity
[from data line 3190]
209.58770152853825,-21.4553079950373,3.3719123490796705,-17.08021129405007,-11.979416991361845,5.894536990910637e-14
209.59827720662244,-21.449130724183394,3.370559644486284,-17.089461060057477,-11.98300093319095,6.73661370389787e-14
209.6088520791573,-21.442953076636197,3.369207360345076,-17.098711270952194,-11.986583709099847,6.73661370389787e-14
209.6194261419746,-21.436775050698948,3.367855497528008,-17.107961924003327,-11.99016531532098,1.0104920555846805e-13
209.62999939090656,-21.430596644675646,3.366504056907038,-17.11721301648017,-11.993745748085725,-8.420767129872338e-15
209.6405718217856,-21.424417856871045,3.3651530393541305,-17.126464545652166,-11.997325003624331,1.0946997268834039e-13
209.65114343044468,-21.418238685590655,3.3638024457412423,-17.13571650878897,-12.000903078165974,9.262843842859572e-14
209.6617142127169,-21.412059129140747,3.3624522769403344,-17.144968903160386,-12.00447996793873,3.368306851948935e-14
209.67228416443578,-21.40587918582834,3.361102533823368,-17.154221726036408,-12.008055669169591,1.0946997268834039e-13
209.68285328143526,-21.399698853961198,3.359753217262301,-17.163474974687183,-12.011630178084456,6.73661370389787e-14
209.69342155954953,-21.393518131847845,3.358404328129097,-17.172728646383025,-12.015203490908144,7.578690416885104e-14
209.70398899461318,-21.38733701779758,3.357055867295714,-17.181982738394428,-12.0187756038644,4.210383564936169e-14
209.71455558246112,-21.38115551012039,3.3557078356341123,-17.191237247992028,-12.022346513175885,1.6841534259744676e-14
209.72512131892856,-21.374973607127046,3.354360234016253,-17.20049217244665,-12.02591621506419,1.2631150694808508e-13
209.73568619985116,-21.368791307129055,3.353013063314095,-17.20974750902925,-12.029484705749839,2.5262301389617013e-14
209.74625022106488,-21.362608608438666,3.351666324399601,-17.21900325501094,-12.033051981452278,3.368306851948935e-14
209.75681337840598,-21.356425509368872,3.3503200181447297,-17.228259407663018,-12.036618038389907,2.5262301389617013e-14
209.76737566771115,-21.350242008233387,3.3489741454214395,-17.237515964256914,-12.04018287278005,6.73661370389787e-14
209.77793708481738,-21.344058103346683,3.347628707101694,-17.24677292206418,-12.043746480838962,4.210383564936169e-14
209.78849762556203,-21.33787379302395,3.3462837040574502,-17.25603027835659,-12.047308858781879,1.1789073981821273e-13
209.79905728578277,-21.33168907558114,3.3449391371606705,-17.265288030405983,-12.050870002822952,1.0946997268834039e-13
209.80961606131768,-21.325503949334877,3.343595007283316,-17.274546175484385,-12.054429909175289,3.368306851948935e-14
209.82017394800516,-21.319318412602566,3.342251315297344,-17.283804710863958,-12.057988574050954,9.262843842859572e-14
209.83073094168395,-21.31313246370235,3.340908062074717,-17.293063633817013,-12.061545993660987,3.368306851948935e-14
209.84128703819317,-21.306946100953056,3.3395652484873946,-17.30232294161597,-12.065102164215356,7.578690416885104e-14
209.85184223337225,-21.30075932267425,3.3382228754073355,-17.31158263153342,-12.068657081923016,8.420767129872338e-14
209.86239652306102,-21.294572127186232,3.336880943706503,-17.320842700842057,-12.072210742991867,1.6841534259744677e-13
209.87294990309965,-21.28838451281001,3.3355394542568555,-17.33010314681473,-12.075763143628803,1.347322740779574e-13
209.88350236932865,-21.282196477867334,3.3341984079303537,-17.339363966724395,-12.079314280039673,9.262843842859572e-14
209.8940539175889,-21.276008020680628,3.3328578055989575,-17.34862515784415,-12.082864148429309,1.6841534259744676e-14
209.9046045437216,-21.269819139573084,3.3315176481346276,-17.357886717447233,-12.086412745001516,8.420767129872338e-15
209.91515424356834,-21.263629832868567,3.3301779364093225,-17.367148642806967,-12.089960065959081,7.578690416885104e-14
209.9257030129711,-21.257440098891678,3.328838671295004,-17.376410931196826,-12.093506107503783,5.0524602779234026e-14
209.9362508477721,-21.25124993596772,3.3274998536636327,-17.385673579890387,-12.097050865836371,1.6841534259744677e-13
209.94679774381407,-21.245059342422707,3.326161484387167,-17.39493658616135,-12.100594337156615,5.0524602779234026e-14
209.95734369693994,-21.238868316583343,3.3248235643375708,-17.404199947283526,-12.104136517663239,4.210383564936169e-14
209.9678887029931,-21.232676856777093,3.3234860943867996,-17.41346366053086,-12.107677403553996,1.2631150694808508e-13
209.97843275781733,-21.226484961332055,3.322149075406817,-17.422727723177363,-12.111216991025637,3.368306851948935e-14
209.98897585725663,-21.220292628577067,3.320812508269582,-17.431992132497193,-12.114755276273888,3.368306851948935e-14
209.99951799715552,-21.214099856841667,3.319476393847055,-17.441256885764595,-12.118292255493506,-3.368306851948935e-14
210.01005917335868,-21.207906644456084,3.3181407330111963,-17.45052198025393,-12.121827924878254,7.578690416885104e-14
210.0205993817114,-21.201712989751258,3.316805526633967,-17.459787413239642,-12.12536228062091,5.0524602779234026e-14
210.03113861805917,-21.195518891058782,3.315470775587326,-17.469053181996298,-12.12889531891324,-8.420767129872338e-15
210.0416768782478,-21.189324346711004,3.314136480743233,-17.478319283798555,-12.132427035946064,6.73661370389787e-14
210.05221415812363,-21.183129355040922,3.3128026429736495,-17.48758571592115,-12.135957427909219,1.6841534259744676e-14
210.0627504535332,-21.176933914382225,3.311469263150536,-17.496852475638928,-12.139486490991539,4.210383564936169e-14
210.0732857603235,-21.17073802306932,3.3101363421458525,-17.50611956022682,-12.143014221380906,3.368306851948935e-14
210.08382007434184,-21.164541679437257,3.3088038808315576,-17.51538696695986,-12.146540615264238,6.73661370389787e-14
210.094353391436,-21.158344881821808,3.307471880079614,-17.524654693113135,-12.150065668827466,1.6841534259744676e-14
210.1048857074539,-21.15214762855942,3.30614034076198,-17.53392273596186,-12.153589378255585,1.0946997268834039e-13
210.11541701824407,-21.145949917987206,3.304809263750616,-17.543191092781292,-12.157111739732606,6.73661370389787e-14
210.12594731965524,-21.139751748442972,3.303478649917484,-17.5524597608468,-12.160632749441593,1.6841534259744677e-13
210.13647660753665,-21.13355311826519,3.3021485001345425,-17.561728737433807,-12.164152403564664,2.5262301389617013e-14
210.1470048777377,-21.12735402579302,3.3008188152737525,-17.57099801981783,-12.167670698282965,1.0104920555846805e-13
210.15753212610835,-21.121154469366306,3.299489596207075,-17.580267605274436,-12.171187629776718,5.0524602779234026e-14
210.16805834849885,-21.11495444732554,3.298160843806468,-17.589537491079312,-12.174703194225184,8.420767129872338e-14
210.17858354075977,-21.108753958011885,3.2968325589438945,-17.598807674508155,-12.178217387806688,1.515738083377021e-13
210.18910769874216,-21.1025529997672,3.2955047424913113,-17.60807815283678,-12.181730206698633,-4.210383564936169e-14
210.19963081829735,-21.096351570933983,3.2941773953206814,-17.61734892334102,-12.185241647077456,5.0524602779234026e-14
210.21015289527708,-21.09014966985543,3.292850518303964,-17.626619983296816,-12.188751705118687,-8.420767129872338e-15
210.2206739255334,-21.08394729487535,3.291524112313119,-17.635891329980144,-12.192260376996902,6.73661370389787e-14
210.2311939049188,-21.077744444338276,3.290198178220108,-17.645162960667033,-12.195767658885792,1.6841534259744676e-14
210.24171282928612,-21.071541116589348,3.2888727168968903,-17.65443487263359,-12.199273546958072,2.5262301389617013e-14
210.2522306944886,-21.06533730997439,3.2875477292154263,-17.663707063155968,-12.202778037385595,-1.6841534259744676e-14
210.26274749637972,-21.059133022839895,3.2862232160476754,-17.672979529510357,-12.206281126339245,4.210383564936169e-14
210.27326323081348,-21.05292825353297,3.284899178265599,-17.682252268973034,-12.209782809989033,1.2631150694808508e-13
210.28377789364427,-21.046723000401418,3.283575616741157,-17.691525278820276,-12.213283084504033,2.5262301389617013e-14
210.29429148072666,-21.04051726179368,3.282252532346311,-17.700798556328433,-12.216781946052429,3.368306851948935e-14
210.3048039879158,-21.03431103605883,3.2809299259530182,-17.710072098773914,-12.220279390801494,6.73661370389787e-14
210.31531541106708,-21.028104321546603,3.279607798433241,-17.71934590343313,-12.223775414917595,5.0524602779234026e-14
210.32582574603634,-21.02189711660739,3.278286150658938,-17.728619967582567,-12.227270014566217,2.5262301389617013e-14
210.33633498867977,-21.01568941959221,3.2769649835020727,-17.737894288498723,-12.230763185911934,1.6841534259744676e-14
210.3468431348539,-21.009481228852735,3.2756442978346008,-17.747168863458146,-12.234254925118448,8.420767129872338e-14
210.35735018041575,-21.003272542741275,3.2743240945284855,-17.75644368973741,-12.237745228348542,9.262843842859572e-14
210.36785612122253,-20.99706335961077,3.273004374455687,-17.76571876461312,-12.241234091764147,1.0946997268834039e-13
210.37836095313202,-20.99085367781481,3.271685138488165,-17.774994085361904,-12.244721511526294,1.6841534259744676e-14
210.3888646720022,-20.984643495707623,3.2703663874978792,-17.784269649260438,-12.248207483795147,2.5262301389617013e-14
210.39936727369158,-20.978432811644065,3.2690481223567907,-17.793545453585388,-12.251692004729966,1.0946997268834039e-13
210.40986875405898,-20.972221623979614,3.267730343936859,-17.80282149561347,-12.255175070489193,5.894536990910637e-14
210.4203691089636,-20.9660099310704,3.2664130531100444,-17.81209777262141,-12.258656677230341,4.210383564936169e-14
210.43086833426497,-20.959797731273145,3.265096250748308,-17.821374281885937,-12.262136821110094,1.0946997268834039e-13
210.4413664258231,-20.953585022945255,3.26377993772361,-17.830651020683813,-12.265615498284259,3.368306851948935e-14
210.45186337949835,-20.947371804444707,3.26246411490791,-17.83992798629182,-12.269092704907793,5.894536990910637e-14
210.46235919115136,-20.94115807413013,3.261148783173167,-17.84920517598673,-12.272568437134787,1.4315304120782974e-13
210.47285385664335,-20.93494383036076,3.259833943391343,-17.858482587045334,-12.27604269111849,3.368306851948935e-14
210.4833473718357,-20.928729071496463,3.2585195964343976,-17.867760216744422,-12.279515463011277,2.5262301389617013e-14
210.4938397325903,-20.92251379589773,3.2572057431742922,-17.877038062360796,-12.282986748964705,6.73661370389787e-14
210.5043309347694,-20.916298001925647,3.2558923844829852,-17.886316121171266,-12.286456545129475,5.894536990910637e-14
210.51482097423568,-20.910081687941915,3.2545795212324378,-17.895594390452622,-12.289924847655447,-1.6841534259744676e-14
210.52530984685205,-20.90386485230888,3.25326715429461,-17.90487286748167,-12.293391652691632,2.5262301389617013e-14
210.535797548482,-20.89764749338947,3.251955284541463,-17.91415154953519,-12.296856956386227,3.368306851948935e-14
210.54628407498925,-20.891429609547227,3.2506439128449554,-17.92343043388999,-12.300320754886593,1.0946997268834039e-13
210.55676942223806,-20.885211199146294,3.2493330400770475,-17.93270951782283,-12.303783044339257,-8.420767129872338e-15
210.56725358609285,-20.87899226055143,3.248022667109702,-17.941988798610478,-12.30724382088992,3.368306851948935e-14
210.5777365624186,-20.872772792128004,3.2467127948148775,-17.951268273529685,-12.310703080683462,1.2631150694808508e-13
210.5882183470807,-20.86655279224197,3.2454034240645337,-17.96054793985719,-12.314160819863952,1.4315304120782974e-13
210.5986989359448,-20.860332259259888,3.2440945557306304,-17.969827794869722,-12.31761703457465,5.0524602779234026e-14
210.60917832487706,-20.854111191548924,3.2427861906851287,-17.979107835843962,-12.321071720957972,3.368306851948935e-14
210.61965650974386,-20.847889587476836,3.241478329799989,-17.9883880600566,-12.32452487515556,8.420767129872338e-14
210.63013348641215,-20.841667445411968,3.240170973947171,-17.99766846478428,-12.327976493308238,5.0524602779234026e-14
210.64060925074912,-20.835444763723263,3.2388641239986358,-18.006949047303618,-12.331426571556014,1.768361097273191e-13
210.6510837986225,-20.82922154078026,3.237557780826343,-18.016229804891218,-12.334875106038128,1.0104920555846805e-13
210.6615571259003,-20.82299777495309,3.236251945302253,-18.025510734823634,-12.338322092892986,1.2631150694808508e-13
210.67202922845095,-20.81677346461245,3.234946618298326,-18.0347918343774,-12.341767528258234,5.0524602779234026e-14
210.68250010214325,-20.81054860812966,3.2336418006865224,-18.04407310082901,-12.345211408270718,1.0946997268834039e-13
210.69296974284643,-20.80432320387658,3.232337493338802,-18.05335453145492,-12.348653729066475,4.210383564936169e-14
210.7034381464301,-20.79809725022569,3.2310336971271254,-18.062636123531547,-12.3520944867808,8.420767129872338e-14
210.71390530876423,-20.79187074555003,3.229730412923454,-18.071917874335252,-12.355533677548165,9.262843842859572e-14
210.72437122571924,-20.785643688223214,3.2284276415997444,-18.081199781142367,-12.358971297502311,3.368306851948935e-14
210.73483589316587,-20.77941607661946,3.227125384027961,-18.090481841229174,-12.362407342776157,7.578690416885104e-14
210.7452993069753,-20.77318790911352,3.225823641080061,-18.099764051871905,-12.365841809501896,7.578690416885104e-14
210.75576146301916,-20.766959184080754,3.2245224136280064,-18.109046410346743,-12.369274693810926,8.420767129872338e-15
210.7662223571693,-20.76072989989709,3.2232217025437575,-18.1183289139298,-12.37270599183389,1.2631150694808508e-13
210.77668198529818,-20.754500054938998,3.2219215086992725,-18.127611559897154,-12.37613569970066,9.262843842859572e-14
210.7871403432785,-20.748269647583545,3.2206218329665135,-18.136894345524812,-12.379563813540367,9.262843842859572e-14
210.79759742698343,-20.742038676208367,3.2193226762174407,-18.14617726808872,-12.382990329481384,8.420767129872338e-14
210.80805323228648,-20.73580713919162,3.2180240393240145,-18.155460324864777,-12.38641524365132,7.578690416885104e-14
210.8185077550616,-20.729575034912074,3.216725923158194,-18.164743513128798,-12.38983855217705,3.368306851948935e-14
210.82896099118315,-20.723342361749044,3.2154283285919396,-18.174026830156535,-12.393260251184708,1.1789073981821273e-13
210.83941293652586,-20.71710911808238,3.214131256497212,-18.183310273223675,-12.396680336799662,9.262843842859572e-14
210.84986358696483,-20.71087530229252,3.2128347077459725,-18.192593839605834,-12.400098805146566,1.2631150694808508e-13
210.86031293837564,-20.704640912760436,3.211538683210179,-18.201877526578553,-12.403515652349341,1.4315304120782974e-13
210.8707609866342,-20.698405947867673,3.210243183761793,-18.211161331417284,-12.406930874531158,9.262843842859572e-14
210.88120772761684,-20.692170405996308,3.2089482102727755,-18.220445251397425,-12.410344467814465,4.210383564936169e-14
210.8916531572003,-20.685934285528973,3.207653763615085,-18.229729283794263,-12.413756428320996,7.578690416885104e-14
210.90209727126168,-20.67969758484886,3.206359844660683,-18.239013425883034,-12.417166752171749,1.0946997268834039e-13
210.91254006567857,-20.673460302339688,3.2050664542815297,-18.24829767493886,-12.420575435487013,8.420767129872338e-14
210.92298153632885,-20.66722243638574,3.203773593349584,-18.257582028236804,-12.42398247438637,7.578690416885104e-14
210.93342167909086,-20.66098398537182,3.2024812627368076,-18.266866483051803,-12.427387864988658,7.578690416885104e-14
210.94386048984336,-20.65474494768329,3.2011894633151603,-18.276151036658735,-12.430791603412034,8.420767129872338e-14
210.9542979644655,-20.648505321706054,3.199898195956602,-18.285435686332363,-12.434193685773941,6.73661370389787e-14
210.9647340988368,-20.642265105826528,3.1986074615330944,-18.294720429347365,-12.437594108191124,3.368306851948935e-14
210.97516888883723,-20.636024298431682,3.197317260916596,-18.304005262978308,-12.440992866779633,1.6841534259744676e-14
210.98560233034712,-20.62978289790903,3.1960275949790673,-18.313290184499674,-12.444389957654783,1.2631150694808508e-13
