galstreams/tracks/track.st.NGC288.sollima2020.ecsv
# %ECSV 1.0
# ---
# datatype:
# - {name: ra, unit: deg, datatype: float64}
# - {name: dec, unit: deg, datatype: float64}
# - {name: distance, unit: kpc, datatype: float64}
# - {name: pm_ra_cosdec, unit: mas / yr, datatype: float64}
# - {name: pm_dec, unit: mas / yr, datatype: float64}
# - {name: radial_velocity, unit: km / s, datatype: float64}
# delimiter: ','
# meta: !!omap
# - __serialized_columns__:
#     dec:
#       __class__: astropy.coordinates.angles.Latitude
#       unit: &id001 !astropy.units.Unit {unit: deg}
#       value: !astropy.table.SerializedColumn {name: dec}
#     distance:
#       __class__: astropy.coordinates.distances.Distance
#       unit: !astropy.units.Unit {unit: kpc}
#       value: !astropy.table.SerializedColumn {name: distance}
#     pm_dec:
#       __class__: astropy.units.quantity.Quantity
#       unit: !astropy.units.Unit {unit: mas / yr}
#       value: !astropy.table.SerializedColumn {name: pm_dec}
#     pm_ra_cosdec:
#       __class__: astropy.units.quantity.Quantity
#       unit: !astropy.units.Unit {unit: mas / yr}
#       value: !astropy.table.SerializedColumn {name: pm_ra_cosdec}
#     ra:
#       __class__: astropy.coordinates.angles.Longitude
#       unit: *id001
#       value: !astropy.table.SerializedColumn {name: ra}
#       wrap_angle: !astropy.coordinates.Angle
#         unit: *id001
#         value: 360.0
#     radial_velocity:
#       __class__: astropy.units.quantity.Quantity
#       unit: !astropy.units.Unit {unit: km / s}
#       value: !astropy.table.SerializedColumn {name: radial_velocity}
# schema: astropy-2.0
ra,dec,distance,pm_ra_cosdec,pm_dec,radial_velocity
[from data line 469]
13.486336981411265,-28.14795463096208,8.988000000000007,0.0,0.0,0.0
13.473664940560468,-28.17644431045858,8.988000000000005,0.0,0.0,0.0
13.461073596802445,-28.204819140823655,8.988000000000005,0.0,0.0,0.0
13.448569322825552,-28.233070987372795,8.988000000000007,0.0,0.0,0.0
13.436158457016775,-28.261191775490076,8.988000000000005,0.0,0.0,0.0
13.423847299751628,-28.28917349513384,8.988000000000005,0.0,0.0,0.0
13.411642109654792,-28.317008205352423,8.988000000000007,0.0,0.0,0.0
13.39954909983309,-28.34468803880759,8.988000000000005,0.0,0.0,0.0
13.387574434082577,-28.372205206304468,8.988000000000005,0.0,0.0,0.0
13.375724223071549,-28.399552001325855,8.988000000000005,0.0,0.0,0.0
13.364004520501355,-28.426720804569378,8.988000000000007,0.0,0.0,0.0
13.35242131924693,-28.453704088485523,8.988000000000005,0.0,0.0,0.0
13.340980547479058,-28.480494421814694,8.988000000000007,0.0,0.0,0.0
13.329688064770478,-28.50708447412174,8.988000000000005,0.0,0.0,0.0
13.318549658187923,-28.53346702032557,8.988000000000005,0.0,0.0,0.0
13.307571038372318,-28.559634945222484,8.988000000000005,0.0,0.0,0.0
13.29675783560941,-28.585581248000853,8.988000000000005,0.0,0.0,0.0
13.286115595893165,-28.611299046745533,8.988000000000007,0.0,0.0,0.0
13.27564977698427,-28.636781582929682,8.988000000000005,0.0,0.0,0.0
13.26536574446632,-28.66202222589236,8.988000000000007,0.0,0.0,0.0
13.255268767802074,-28.687014477299527,8.988000000000005,0.0,0.0,0.0
13.245364016392445,-28.711751975586555,8.988000000000005,0.0,0.0,0.0
13.235656555640837,-28.736228500380165,8.988000000000005,0.0,0.0,0.0
13.22615134302551,-28.7604379768975,8.988000000000003,0.0,0.0,0.0
13.216853224182765,-28.78437448032043,8.988000000000005,0.0,0.0,0.0
13.207766929003686,-28.808032240142616,8.988000000000003,0.0,0.0,0.0
13.198897067747389,-28.831405644487337,8.988000000000003,0.0,0.0,0.0
13.190248127173613,-28.854489244393715,8.988000000000007,0.0,0.0,0.0
13.18182446669764,-28.877277758069095,8.988000000000005,0.0,0.0,0.0
13.17363031457058,-28.89976607510514,8.988000000000007,0.0,0.0,0.0
13.165669764088012,-28.921949260655563,8.988000000000007,0.0,0.0,0.0
13.15794676983015,-28.943822559572713,8.988000000000003,0.0,0.0,0.0
13.150465143936625,-28.96538140050088,8.988000000000007,0.0,0.0,0.0
13.143228552419062,-28.98662139992383,8.988000000000007,0.0,0.0,0.0
13.136240511514716,-29.007538366163782,8.988000000000005,0.0,0.0,0.0
13.129504384084317,-29.028128303329677,8.988000000000007,0.0,0.0,0.0
13.123023376057551,-29.04838741521183,8.988000000000003,0.0,0.0,0.0
13.116800532929354,-29.068312109120495,8.988000000000005,0.0,0.0,0.0
13.110838736310388,-29.087898999665587,8.988000000000005,0.0,0.0,0.0
13.105140700535168,-29.107144912474926,8.988000000000005,0.0,0.0,0.0
13.099708969331047,-29.1260468878481,8.988000000000005,0.0,0.0,0.0
13.094545912551599,-29.1446021843433,8.988000000000005,0.0,0.0,0.0
13.089653722977781,-29.1628082822941,8.988000000000007,0.0,0.0,0.0
13.085034413190275,-29.180662887253433,8.988000000000007,0.0,0.0,0.0
13.080689812516503,-29.198163933361638,8.988000000000005,0.0,0.0,0.0
13.07662156405573,-29.2153095866357,8.988000000000005,0.0,0.0,0.0
13.072831121785702,-29.232098248176577,8.988000000000003,0.0,0.0,0.0
13.069319747754374,-29.248528557291472,8.988000000000005,0.0,0.0,0.0
13.066088509360023,-29.264599394527863,8.988000000000003,0.0,0.0,0.0
13.063138276723372,-29.280309884616177,8.988000000000005,0.0,0.0,0.0
13.060469720155035,-29.29565939931768,8.988000000000003,0.0,0.0,0.0
13.058083307721862,-29.310647560174363,8.988000000000005,0.0,0.0,0.0
13.05597930291547,-29.325274241157338,8.988000000000005,0.0,0.0,0.0
13.054157762426508,-29.339539571210352,8.988000000000003,0.0,0.0,0.0
13.052618534027998,-29.353443936684823,8.988000000000003,0.0,0.0,0.0
13.051361254571118,-29.366987983662963,8.988000000000005,0.0,0.0,0.0
13.050385348096878,-29.380172620165173,8.988000000000003,0.0,0.0,0.0
13.04969002406691,-29.392999018238076,8.988000000000005,0.0,0.0,0.0
13.049274275716833,-29.40546861591951,8.988000000000005,0.0,0.0,0.0
13.049136878535373,-29.417583119076493,8.988000000000005,0.0,0.0,0.0
13.049276388872554,-29.429344503112386,8.988000000000007,0.0,0.0,0.0
13.049691142680219,-29.440755014539146,8.988000000000005,0.0,0.0,0.0
13.050379254388039,-29.4518171724109,8.988000000000003,0.0,0.0,0.0
13.051338615918214,-29.46253376961436,8.988000000000003,0.0,0.0,0.0
13.05256689584203,-29.472907874012297,8.988000000000003,0.0,0.0,0.0
13.054061538681323,-29.482942829435522,8.988000000000003,0.0,0.0,0.0
13.055819764357993,-29.492642256519375,8.988000000000001,0.0,0.0,0.0
13.057838567794551,-29.502010053379937,8.988000000000003,0.0,0.0,0.0
13.06011471866874,-29.511050396126027,8.988000000000003,0.0,0.0,0.0
13.062644761325172,-29.519767739202003,8.988000000000003,0.0,0.0,0.0
13.065425014846964,-29.528166815557082,8.988000000000003,0.0,0.0,0.0
13.068451573290174,-29.53625263663639,8.988000000000003,0.0,0.0,0.0
13.071720306084025,-29.54403049218905,8.988000000000003,0.0,0.0,0.0
13.075226858599645,-29.55150594988851,8.988000000000005,0.0,0.0,0.0
13.078966652890186,-29.558684854760273,8.988000000000003,0.0,0.0,0.0
13.082934888605012,-29.565573328411954,8.988000000000003,0.0,0.0,0.0
13.087126544080798,-29.572177768060904,8.988000000000005,0.0,0.0,0.0
13.091536377612163,-29.578504845354093,8.988000000000005,0.0,0.0,0.0
13.09615892890453,-29.58456150497517,8.988000000000003,0.0,0.0,0.0
13.100988520711878,-29.590354963033533,8.988000000000001,0.0,0.0,0.0
13.10601926066206,-29.595892705230142,8.988000000000003,0.0,0.0,0.0
13.11124504327225,-29.601182484794535,8.988000000000005,0.0,0.0,0.0
13.116659552157078,-29.606232320187917,8.988000000000003,0.0,0.0,0.0
13.122256262432211,-29.611050492566555,8.988000000000003,0.0,0.0,0.0
13.128028443315722,-29.6156455430001,8.988000000000003,0.0,0.0,0.0
13.133969160930048,-29.620026269439162,8.988000000000003,0.0,0.0,0.0
13.140071281306918,-29.624201723426417,8.988000000000003,0.0,0.0,0.0
13.146327473597953,-29.628181206545573,8.988000000000003,0.0,0.0,0.0
13.15273021349349,-29.63197426660239,8.988000000000003,0.0,0.0,0.0
13.159271786852168,-29.635590693531736,8.988000000000003,0.0,0.0,0.0
13.16594429354398,-29.639040515024952,8.988000000000003,0.0,0.0,0.0
13.17273965150935,-29.642333991871418,8.988000000000003,0.0,0.0,0.0
13.179649601036944,-29.645481613008297,8.988000000000003,0.0,0.0,0.0
13.186665709262902,-29.648494090272397,8.988000000000003,0.0,0.0,0.0
13.193779374894207,-29.651382352847943,8.988000000000003,0.0,0.0,0.0
13.200981833159052,-29.654157541404082,8.988000000000005,0.0,0.0,0.0
13.208264160986907,-29.656831001915858,8.988000000000005,0.0,0.0,0.0
13.215617282421373,-29.659414279162462,8.988000000000005,0.0,0.0,0.0
13.223031974268569,-29.661919109896058,8.988000000000003,0.0,0.0,0.0
13.230498871984318,-29.664357415675358,8.988000000000003,0.0,0.0,0.0
13.23800847580308,-29.666741295356914,8.988000000000005,0.0,0.0,0.0
13.2455511571119,-29.669083017238034,8.988000000000003,0.0,0.0,0.0
13.253117165072739,-29.671395010844723,8.988000000000003,0.0,0.0,0.0
13.260696633496467,-29.673689858357918,8.988000000000005,0.0,0.0,0.0
13.268279587972199,-29.675980285671702,8.988000000000003,0.0,0.0,0.0
13.275855953255446,-29.678279153076605,8.988000000000005,0.0,0.0,0.0
13.283415560919005,-29.680599445561548,8.988000000000003,0.0,0.0,0.0
13.290948157270417,-29.68295426272753,8.988000000000005,0.0,0.0,0.0
13.298443411540028,-29.68535680830666,8.988000000000003,0.0,0.0,0.0
13.305890924343938,-29.687820379279337,8.988000000000003,0.0,0.0,0.0
13.313280236426122,-29.690358354583292,8.988000000000003,0.0,0.0,0.0
13.320600837684324,-29.692984183407383,8.988000000000003,0.0,0.0,0.0
13.32784217648441,-29.695711373063503,8.988000000000003,0.0,0.0,0.0
13.334993669268092,-29.698553476429694,8.988000000000005,0.0,0.0,0.0
13.34204471045917,-29.701524078957707,8.988000000000003,0.0,0.0,0.0
13.348984682673484,-29.704636785238133,8.988000000000001,0.0,0.0,0.0
13.355802967238287,-29.707905205116262,8.988000000000003,0.0,0.0,0.0
13.362488955026583,-29.71134293935178,8.988000000000001,0.0,0.0,0.0
13.369032057612552,-29.71496356481554,8.988000000000003,0.0,0.0,0.0
13.375421718754213,-29.71878061921635,8.988000000000001,0.0,0.0,0.0
13.381647426209819,-29.722807585351205,8.988000000000001,0.0,0.0,0.0
13.387698723894658,-29.727057874871715,8.988,0.0,0.0,0.0
13.39356522438528,-29.731544811560237,8.988000000000003,0.0,0.0,0.0
13.399236621778412,-29.736281614108613,8.988000000000001,0.0,0.0,0.0
13.404702704912042,-29.741281378392788,8.988000000000001,0.0,0.0,0.0
13.409953370956528,-29.746557059236316,8.988000000000001,0.0,0.0,0.0
13.41497863938381,-29.75212145165611,8.988000000000003,0.0,0.0,0.0
13.419768666323131,-29.757987171583444,8.988000000000003,0.0,0.0,0.0
13.424313759312007,-29.764166636053538,8.988000000000001,0.0,0.0,0.0
13.428604392451355,-29.770672042856834,8.988000000000001,0.0,0.0,0.0
13.432631221974244,-29.777515349645096,8.988000000000001,0.0,0.0,0.0
13.43638510223775,-29.784708252485853,8.988000000000003,0.0,0.0,0.0
13.439857102147974,-29.792262163858066,8.988000000000001,0.0,0.0,0.0
13.443038522028484,-29.800188190082622,8.988000000000001,0.0,0.0,0.0
13.44592091094267,-29.808497108180596,8.988000000000001,0.0,0.0,0.0
13.448496084481086,-29.817199342152897,8.988000000000001,0.0,0.0,0.0
13.450756143024863,-29.826304938674355,8.988000000000001,0.0,0.0,0.0
13.452693490496822,-29.835823542195683,8.988000000000003,0.0,0.0,0.0
13.454300853612098,-29.84576436944664,8.988000000000001,0.0,0.0,0.0
13.4555713016405,-29.856136183333746,8.988,0.0,0.0,0.0
13.45649826669299,-29.86694726622578,8.988000000000003,0.0,0.0,0.0
13.457075564545141,-29.878205392620565,8.988000000000001,0.0,0.0,0.0
13.457297416010489,-29.889917801186392,8.988000000000001,0.0,0.0,0.0
13.4571584688772,-29.902091166171267,8.988000000000003,0.0,0.0,0.0
13.45665382042155,-29.91473156817346,8.988000000000001,0.0,0.0,0.0
13.45577904051201,-29.927844464266727,8.988,0.0,0.0,0.0
13.454530195317982,-29.941434657473454,8.988000000000005,0.0,0.0,0.0
13.452903871637353,-29.955506265578858,8.988000000000005,0.0,0.0,0.0
13.450897201857249,-29.97006268927987,8.988000000000003,0.0,0.0,0.0
13.448507889562478,-29.985106579661533,8.988000000000003,0.0,0.0,0.0
13.445734235806306,-30.000639804994247,8.988000000000003,0.0,0.0,0.0
13.442575166058173,-30.016663416845045,8.988000000000003,0.0,0.0,0.0
13.439030257843095,-30.03317761549567,8.988000000000003,0.0,0.0,0.0
13.4350997690874,-30.050181714660553,8.988000000000003,0.0,0.0,0.0
13.43078466718539,-30.067674105497538,8.988000000000003,0.0,0.0,0.0
13.4260866588014,-30.085652219903906,8.988000000000003,0.0,0.0,0.0
13.421008220421536,-30.10411249309039,8.988000000000005,0.0,0.0,0.0
13.415552629669072,-30.123050325425464,8.988000000000003,0.0,0.0,0.0
13.409723997397219,-30.142460043542286,8.988000000000003,0.0,0.0,0.0
13.4035273005725,-30.16233486070006,8.988000000000003,0.0,0.0,0.0
13.396968415961513,-30.18266683639182,8.988000000000003,0.0,0.0,0.0
13.39005415463318,-30.203446835190032,8.988000000000003,0.0,0.0,0.0
13.382792297287997,-30.22466448482127,8.988000000000003,0.0,0.0,0.0
13.375191630424883,-30.24630813346074,8.988000000000001,0.0,0.0,0.0
13.367261983355295,-30.268364806237482,8.988000000000003,0.0,0.0,0.0
13.359014266073242,-30.290820160940047,8.988000000000005,0.0,0.0,0.0
13.350460507988648,-30.31365844291251,8.988000000000003,0.0,0.0,0.0
13.341613897529943,-30.336862439130048,8.988000000000003,0.0,0.0,0.0
13.332488822620626,-30.36041343144261,8.988000000000003,0.0,0.0,0.0
13.323100912032304,-30.384291148974963,8.988000000000003,0.0,0.0,0.0
13.313467077615378,-30.408473719670326,8.988000000000003,0.0,0.0,0.0
13.303605557405957,-30.432937620964505,8.988000000000003,0.0,0.0,0.0
13.293535959605654,-30.457657629576453,8.988000000000003,0.0,0.0,0.0
13.283279307428145,-30.48260677040027,8.988000000000003,0.0,0.0,0.0
13.272858084803683,-30.50775626448317,8.988000000000003,0.0,0.0,0.0
13.262296282929732,-30.533075476072327,8.988000000000003,0.0,0.0,0.0
13.251619447652605,-30.558531858713113,8.988000000000005,0.0,0.0,0.0
13.240854727661313,-30.584090900379607,8.988000000000003,0.0,0.0,0.0
13.23003092347105,-30.609716067617313,8.988000000000003,0.0,0.0,0.0
13.219178537169535,-30.635368748676544,8.988000000000005,0.0,0.0,0.0
13.208329822894779,-30.66100819561369,8.988000000000003,0.0,0.0,0.0
13.197518838008218,-30.686591465335834,8.988000000000005,0.0,0.0,0.0
13.186781494921608,-30.7120733595628,8.988000000000005,0.0,0.0,0.0
13.176155613530787,-30.737406363678808,8.988000000000005,0.0,0.0,0.0
13.16568097420325,-30.762540584444174,8.988000000000003,0.0,0.0,0.0
13.155399371260058,-30.78742368653559,8.988000000000005,0.0,0.0,0.0
13.145354666886046,-30.81200082788114,8.988000000000005,0.0,0.0,0.0
13.135592845394726,-30.836214593754555,8.988000000000005,0.0,0.0,0.0
13.126162067767044,-30.860004929590275,8.988000000000007,0.0,0.0,0.0
13.11711272637476,-30.883309072478912,8.988000000000003,0.0,0.0,0.0
13.10849749979082,-30.906061481300014,8.988000000000005,0.0,0.0,0.0
13.100371407580239,-30.92819376544612,8.988000000000005,0.0,0.0,0.0
13.092791864955432,-30.949634612089657,8.988000000000007,0.0,0.0,0.0
13.085818737170312,-30.970309711941034,8.988000000000005,0.0,0.0,0.0
13.079514393517021,-30.99014168344321,8.988000000000007,0.0,0.0,0.0
13.073943760778768,-31.00904999534519,8.988000000000005,0.0,0.0,0.0
13.069174375980912,-31.026950887593156,8.988000000000007,0.0,0.0,0.0
13.06527643827125,-31.043757290474925,8.988000000000003,0.0,0.0,0.0
13.062322859748633,-31.059378741949953,8.988000000000005,0.0,0.0,0.0
13.06038931504699,-31.073721303093382,8.988000000000007,0.0,0.0,0.0
13.05955428946957,-31.08668747157925,8.988000000000003,0.0,0.0,0.0
13.059899125455694,-31.09817609312434,8.988000000000001,0.0,0.0,0.0
13.061508067149763,-31.108082270810385,8.988000000000003,0.0,0.0,0.0
13.064468302829512,-31.116297272199013,8.988000000000005,0.0,0.0,0.0
13.068870004937889,-31.122708434149793,8.988000000000003,0.0,0.0,0.0
13.074806367450405,-31.12719906524877,8.988000000000003,0.0,0.0,0.0
13.082373640297558,-31.12964834575093,8.988000000000005,0.0,0.0,0.0
13.091671160549922,-31.129931224937234,8.988000000000005,0.0,0.0,0.0
13.102801380062171,-31.127918315783404,8.988000000000003,0.0,0.0,0.0
13.115869889261454,-31.12347578683499,8.988000000000003,0.0,0.0,0.0
13.130985436755557,-31.116465251180873,8.988000000000005,0.0,0.0,0.0
13.14825994442757,-31.106743652414487,8.988000000000003,0.0,0.0,0.0
13.167808517675747,-31.09416314747123,8.988000000000003,0.0,0.0,0.0
13.189749450451274,-31.078570986228286,8.988000000000001,0.0,0.0,0.0
13.21420422474187,-31.059809387752882,8.988000000000001,0.0,0.0,0.0
