galstreams/tracks/track.st.New-25.ibata2024.ecsv
# %ECSV 1.0
# ---
# datatype:
# - {name: ra, unit: deg, datatype: float64}
# - {name: dec, unit: deg, datatype: float64}
# - {name: distance, unit: kpc, datatype: float64}
# - {name: pm_ra_cosdec, unit: mas / yr, datatype: float64}
# - {name: pm_dec, unit: mas / yr, datatype: float64}
# - {name: radial_velocity, unit: km / s, datatype: float64}
# delimiter: ','
# meta: !!omap
# - __serialized_columns__:
#     dec:
#       __class__: astropy.coordinates.angles.Latitude
#       unit: &id001 !astropy.units.Unit {unit: deg}
#       value: !astropy.table.SerializedColumn {name: dec}
#     distance:
#       __class__: astropy.coordinates.distances.Distance
#       unit: !astropy.units.Unit {unit: kpc}
#       value: !astropy.table.SerializedColumn {name: distance}
#     pm_dec:
#       __class__: astropy.units.quantity.Quantity
#       unit: !astropy.units.Unit {unit: mas / yr}
#       value: !astropy.table.SerializedColumn {name: pm_dec}
#     pm_ra_cosdec:
#       __class__: astropy.units.quantity.Quantity
#       unit: !astropy.units.Unit {unit: mas / yr}
#       value: !astropy.table.SerializedColumn {name: pm_ra_cosdec}
#     ra:
#       __class__: astropy.coordinates.angles.Longitude
#       unit: *id001
#       value: !astropy.table.SerializedColumn {name: ra}
#       wrap_angle: !astropy.coordinates.Angle
#         unit: *id001
#         value: 360.0
#     radial_velocity:
#       __class__: astropy.units.quantity.Quantity
#       unit: !astropy.units.Unit {unit: km / s}
#       value: !astropy.table.SerializedColumn {name: radial_velocity}
# schema: astropy-2.0
ra,dec,distance,pm_ra_cosdec,pm_dec,radial_velocity
[from data line 419]
330.84698404774326,-23.298277309583806,1.0000000000000036,0.6656363447711975,-2.34776142286401,-46.3212930086387
330.85058650589616,-23.30814846364399,1.0000000000000036,0.6663515957543362,-2.3484120879281933,-46.24636827438598
330.85419392281557,-23.318017241602984,1.0000000000000036,0.6670655941444092,-2.349061529879771,-46.172112288729465
330.85780629443065,-23.327883645753793,1.0000000000000036,0.6677783409652163,-2.349709749353776,-46.098523479799695
330.86142361666987,-23.33774767838935,1.0000000000000033,0.6684898372402266,-2.350356746985449,-46.02560027572728
330.8650458854611,-23.34760934180255,1.0000000000000033,0.6692000839925543,-2.351002523410237,-45.95334110464281
330.8686730967315,-23.3574686382862,1.0000000000000036,0.6699090822450326,-2.35164707926379,-45.8817443946769
330.87230524640756,-23.367325570133065,1.0000000000000036,0.6706168330201132,-2.352290415181962,-45.81080857396015
330.87594233041517,-23.377180139635865,1.0000000000000036,0.6713233373399561,-2.3529325318008203,-45.74053207062312
330.87958434467936,-23.38703234908723,1.0000000000000033,0.6720285962263506,-2.35357342975663,-45.6709133127964
330.88323128512474,-23.396882200779714,1.0000000000000036,0.6727326107007907,-2.354213109685864,-45.60195072861062
330.88688314767506,-23.406729697005954,1.0000000000000036,0.6734353817844219,-2.3548515722251984,-45.53364274619635
330.89053992825365,-23.416574840058374,1.0000000000000036,0.674136910498071,-2.3554888180115183,-45.4659877936842
330.89420162278276,-23.426417632229413,1.0000000000000033,0.6748371978622059,-2.3561248476819125,-45.398984299204734
330.89786822718435,-23.436258075811427,1.0000000000000033,0.6755362448970006,-2.3567596618736726,-45.332630690888585
330.90153973737955,-23.446096173096755,1.0000000000000036,0.6762340526222643,-2.3573932612242987,-45.266925396866334
330.9052161492887,-23.45593192637766,1.0000000000000036,0.6769306220574949,-2.3580256463714955,-45.201866845268576
330.90889745883175,-23.465765337946376,1.0000000000000036,0.677625954221849,-2.3586568179531717,-45.13745346422589
330.9125836619278,-23.475596410095054,1.0000000000000036,0.6783200501341788,-2.3592867766074406,-45.07368368186887
330.9162747544951,-23.485425145115826,1.0000000000000033,0.6790129108129488,-2.3599155229726234,-45.010555926328124
330.91997073245165,-23.495251545300775,1.000000000000003,0.6797045372763537,-2.3605430576872433,-44.94806862573426
330.92367159171437,-23.505075612941855,1.0000000000000033,0.6803949305422226,-2.3611693813900265,-44.88622020821784
330.9273773281998,-23.51489735033116,1.0000000000000033,0.6810840916280534,-2.3617944947199097,-44.82500910190949
330.9310879378235,-23.524716759760572,1.0000000000000033,0.6817720215510237,-2.362418398316032,-44.76443373493977
330.93480341650064,-23.534533843521984,1.0000000000000033,0.6824587213279751,-2.3630410928177374,-44.7044925354393
330.9385237601456,-23.544348603907228,1.0000000000000033,0.6831441919754209,-2.36366257886457,-44.64518393153866
330.942248964672,-23.554161043208115,1.0000000000000033,0.6838284345095333,-2.3642828570962893,-44.58650635136848
330.9459790259928,-23.56397116371641,1.0000000000000033,0.6845114499461697,-2.3649019281528485,-44.52845822305928
330.9497139400204,-23.573778967723825,1.0000000000000033,0.6851932393008444,-2.3655197926744105,-44.471037974741755
330.95345370266637,-23.58358445752204,1.000000000000003,0.6858738035887377,-2.366136451301344,-44.41424403454639
330.95719830984166,-23.593387635402685,1.0000000000000033,0.6865531438247041,-2.366751904674217,-44.358074830603854
330.9609477574566,-23.603188503657364,1.0000000000000033,0.6872312610232694,-2.3673661534338066,-44.30252879104471
330.9647020414207,-23.61298706457759,1.0000000000000033,0.6879081561986249,-2.3679791982210947,-44.24760434399956
330.9684611576428,-23.622783320454985,1.0000000000000033,0.6885838303646228,-2.3685910396772636,-44.19329991759901
330.9722251020312,-23.632577273580992,1.0000000000000033,0.6892582845347919,-2.3692016784437016,-44.13961393997365
330.9759938704933,-23.642368926247045,1.0000000000000033,0.6899315197223399,-2.3698111151620025,-44.086544839254074
330.979767458936,-23.652158280744576,1.000000000000003,0.6906035369401202,-2.370419350473963,-44.03409104357085
330.9835458632654,-23.661945339364966,1.0000000000000036,0.6912743372006696,-2.371026385021583,-43.98225098105461
330.98732907938694,-23.671730104399565,1.0000000000000033,0.6919439215161907,-2.371632219447071,-43.93102307983591
330.99111710320534,-23.681512578139685,1.0000000000000033,0.6926122908985581,-2.3722368543928294,-43.88040576804537
330.99490993062454,-23.691292762876618,1.0000000000000033,0.6932794463592971,-2.372840290501475,-43.8303974738136
330.99870755754813,-23.701070660901628,1.0000000000000033,0.6939453889096372,-2.3734425284158256,-43.78099662527116
331.00250997987865,-23.710846274505933,1.0000000000000033,0.6946101195604433,-2.374043568778897,-43.73220165054867
331.006317193518,-23.720619605980684,1.000000000000003,0.6952736393222589,-2.374643412233917,-43.684010977776694
331.01012919436755,-23.73039065761715,1.0000000000000033,0.6959359492053023,-2.375242059424309,-43.63642303508587
331.01394597832785,-23.74015943170643,1.0000000000000033,0.6965970502194567,-2.375839510993706,-43.58943625060674
331.0177675412987,-23.749925930539632,1.0000000000000033,0.6972569433742675,-2.3764357675859404,-43.54304905246993
331.02159387917936,-23.759690156407864,1.0000000000000033,0.6979156296789557,-2.3770308298450535,-43.49725986880602
331.0254249878683,-23.769452111602188,1.0000000000000033,0.6985731101424228,-2.3776246984152802,-43.45206712774564
331.0292608632632,-23.779211798413648,1.0000000000000033,0.6992293857732141,-2.3782173739410686,-43.40746925741935
331.0331015012612,-23.78896921913327,1.0000000000000033,0.6998844575795573,-2.378808857067064,-43.36346468595775
331.0369468977587,-23.798724376052068,1.000000000000003,0.7005383265693461,-2.3793991484381163,-43.32005184149145
331.0407970486513,-23.808477271460998,1.000000000000003,0.7011909937501541,-2.379988248699278,-43.27722915215098
331.044651949834,-23.818227907650996,1.0000000000000033,0.7018424601291975,-2.3805761584958036,-43.234995046067034
331.0485115972011,-23.827976286913092,1.0000000000000033,0.7024927267133991,-2.3811628784731536,-43.19334795137013
331.05237598664615,-23.837722411538167,1.0000000000000033,0.7031417945093184,-2.381748409276987,-43.15228629619091
331.056245114062,-23.847466283817127,1.0000000000000033,0.703789664523196,-2.382332751553167,-43.111808508659934
331.06011897534074,-23.857207906040863,1.0000000000000033,0.7044363377609435,-2.382915905947761,-43.07191301690783
331.0639975663738,-23.866947280500256,1.0000000000000033,0.7050818152281266,-2.3834978731070358,-43.032598249065146
331.06788088305206,-23.876684409486174,1.0000000000000033,0.7057260979300102,-2.384078653677461,-42.99386263326251
331.07176892126535,-23.886419295289453,1.0000000000000033,0.7063691868714961,-2.38465824830571,-42.95570459763051
331.0756616769031,-23.896151940200948,1.000000000000003,0.7070110830571772,-2.3852366576386577,-42.918122570299715
331.079559145854,-23.905882346511472,1.0000000000000033,0.7076517874913053,-2.3858138823233794,-42.8811149794008
331.0834613240057,-23.915610516511844,1.000000000000003,0.7082913011778054,-2.3863899230071564,-42.84468025306426
331.0873682072456,-23.92533645249282,1.0000000000000033,0.7089296251202652,-2.3869647803374647,-42.80881681942074
331.09127979146007,-23.93506015674531,1.000000000000003,0.70956676032195,-2.3875384549619896,-42.773523106600805
331.0951960725349,-23.94478163156003,1.0000000000000033,0.710202707785792,-2.38811094752861,-42.7387975427351
331.09911704635516,-23.95450087922778,1.0000000000000033,0.7108374685143874,-2.3886822586854137,-42.70463855595417
331.10304270880516,-23.964217902039334,1.0000000000000033,0.7114710435100187,-2.3892523890806876,-42.67104457438864
331.1069730557685,-23.973932702285456,1.0000000000000033,0.7121034337746068,-2.389821339362917,-42.6380140261691
331.1109080831281,-23.98364528225693,1.0000000000000033,0.7127346403097761,-2.3903891101807924,-42.605545339426115
331.1148477867661,-23.993355644244506,1.0000000000000033,0.713364664116793,-2.390955702183198,-42.57363694229029
331.1187921625641,-24.00306379053895,1.000000000000003,0.7139935061966209,-2.391521116019229,-42.54228726289226
331.1227412064027,-24.012769723431024,1.0000000000000033,0.7146211675498617,-2.3920853523381744,-42.51149472936257
331.126694914162,-24.0224734452115,1.000000000000003,0.715247649176812,-2.3926484117895277,-42.48125776983184
331.1306532817213,-24.032174958171076,1.0000000000000033,0.7158729520774361,-2.3932102950229774,-42.451574812430664
331.1346163049592,-24.04187426460062,1.0000000000000033,0.7164970772513457,-2.3937710026884194,-42.42244428528962
331.1385839797536,-24.051571366790846,1.0000000000000033,0.7171200256978456,-2.3943305354359437,-42.39386461653933
331.14255630198164,-24.061266267032533,1.0000000000000033,0.7177417984159016,-2.394888893915846,-42.365834234310356
331.14653326751977,-24.07095896761645,1.0000000000000033,0.7183623964041574,-2.395446078778617,-42.33835156673329
331.15051487224366,-24.08064947083338,1.000000000000003,0.7189818206609111,-2.396002090674953,-42.31141504193875
331.1545011120283,-24.090337778974106,1.0000000000000033,0.7196000721841451,-2.3965569302557426,-42.28502308805734
331.158491982748,-24.100023894329414,1.0000000000000033,0.720217151971501,-2.3971105981720817,-42.259174133219645
331.16248748027624,-24.109707819190117,1.0000000000000033,0.7208330610203086,-2.3976630950752598,-42.23386660555622
331.1664876004858,-24.119389555847025,1.0000000000000033,0.7214478003275415,-2.39821442161677,-42.20909893319771
331.1704923392489,-24.129069106590958,1.0000000000000033,0.7220613708898678,-2.3987645784483025,-42.184869544274704
331.17450169243676,-24.138746473712704,1.0000000000000033,0.7226737737036171,-2.399313566221748,-42.16117686691775
331.1785156559201,-24.148421659503203,1.0000000000000033,0.7232850097647874,-2.399861385589194,-42.13801932925748
331.1825342255688,-24.15809466625326,1.000000000000003,0.7238950800690418,-2.4004080372029293,-42.1153953594245
331.1865573972521,-24.16776549625375,1.000000000000003,0.7245039856117397,-2.40095352171544,-42.09330338554937
331.19058516683833,-24.177434151795566,1.0000000000000033,0.7251117273878664,-2.4014978397794104,-42.071741835762715
331.1946175301953,-24.187100635169603,1.0000000000000033,0.7257183063921269,-2.4020409920477253,-42.0507091381951
331.19865448318996,-24.196764948666786,1.0000000000000036,0.7263237236188673,-2.4025829791734665,-42.030203720977156
331.2026960216885,-24.206427094578064,1.0000000000000033,0.7269279800621042,-2.403123801809917,-42.01022401223943
331.20674214155656,-24.216087075194384,1.0000000000000033,0.7275310767155396,-2.4036634606105514,-41.99076844011257
331.2107928386589,-24.225744892806727,1.0000000000000033,0.7281330145725478,-2.4042019562290484,-41.971835432727104
331.2148481088596,-24.235400549706092,1.0000000000000033,0.7287337946261552,-2.4047392893192816,-41.95342341821368
331.2189079480218,-24.245054048183448,1.0000000000000033,0.7293334178690651,-2.4052754605353215,-41.935530824702894
331.22297235200836,-24.254705390529942,1.0000000000000033,0.7299318852936785,-2.4058104705314376,-41.91815608032531
331.22704131668104,-24.26435457903659,1.0000000000000033,0.730529197892039,-2.406344319962095,-41.90129761321153
331.23111483790086,-24.27400161599449,1.0000000000000033,0.7311253566558586,-2.4068770094819634,-41.88495385149218
331.2351929115283,-24.283646503694758,1.0000000000000033,0.7317203625765436,-2.407408539745898,-41.86912322329779
331.23927553342304,-24.293289244428543,1.0000000000000033,0.7323142166451637,-2.4079389114089573,-41.85380415675902
331.24336269944394,-24.30292984048702,1.0000000000000033,0.7329069198524549,-2.4084681251263973,-41.83899508000641
331.24745440544916,-24.312568294161387,1.0000000000000033,0.7334984731888214,-2.408996181553669,-41.82469442117059
331.2515506472961,-24.32220460774288,1.0000000000000033,0.7340888776443508,-2.4095230813464186,-41.81090060838216
331.25565142084145,-24.331838783522773,1.0000000000000033,0.7346781342087936,-2.4100488251604926,-41.79761206977168
331.25975672194124,-24.341470823792346,1.0000000000000033,0.7352662438715791,-2.4105734136519272,-41.78482723346977
331.2638665464507,-24.351100730842894,1.0000000000000033,0.7358532076218194,-2.4110968474769625,-41.772544527607
331.2679808902241,-24.360728506965877,1.000000000000003,0.7364390264482634,-2.4116191272920293,-41.76076238031399
331.27209974911545,-24.370354154452635,1.0000000000000033,0.7370237013393752,-2.4121402537537513,-41.749479219721366
331.27622311897755,-24.379977675594613,1.000000000000003,0.7376072332832524,-2.4126602275189564,-41.738693473959636
331.2803509956627,-24.389599072683282,1.000000000000003,0.7381896232677034,-2.4131790492446594,-41.72840357115945
331.2844833750224,-24.399218348010145,1.0000000000000033,0.7387708722801789,-2.413696719588074,-41.71860793945139
331.2886202529073,-24.408835503866754,1.000000000000003,0.7393509813078176,-2.4142132392066116,-41.709305006966055
331.2927616251676,-24.418450542544715,1.0000000000000033,0.7399299513374298,-2.4147286087578723,-41.70049320183405
331.2969074876524,-24.428063466335637,1.0000000000000033,0.7405077833554836,-2.415242828899655,-41.69217095218595
331.30105783621025,-24.43767427753121,1.000000000000003,0.7410844783481472,-2.415755900289955,-41.68433668615232
331.305212666689,-24.44728297842314,1.000000000000003,0.7416600373012492,-2.4162678235869546,-41.67698883186383
331.3093719749356,-24.456889571303137,1.000000000000003,0.7422344612002827,-2.416778599449036,-41.67012581745103
331.3135357567962,-24.46649405846312,1.0000000000000029,0.7428077510304205,-2.417288228534779,-41.663746071044486
331.31770400811666,-24.476096442194876,1.0000000000000029,0.7433799077765224,-2.4177967115029455,-41.65784802077485
331.32187672474146,-24.485696724790316,1.000000000000003,0.7439509324231013,-2.4183040490125,-41.6524300947727
331.32605390251473,-24.495294908541386,1.000000000000003,0.7445208259543512,-2.418810241722601,-41.6474907211686
331.33023553727975,-24.50489099574008,1.000000000000003,0.7450895893541465,-2.419315290292597,-41.64302832809319
331.334421624879,-24.51448498867845,1.000000000000003,0.7456572236060306,-2.4198191953820287,-41.63904134367701
331.3386121611543,-24.524076889648608,1.0000000000000029,0.746223729693221,-2.420321957650634,-41.6355281960507
331.3428071419466,-24.533666700942675,1.000000000000003,0.7467891085986076,-2.420823577758336,-41.63248731334481
331.3470065630962,-24.543254424852893,1.000000000000003,0.7473533613047554,-2.421324056365261,-41.62991712369
331.35121042044267,-24.552840063671507,1.000000000000003,0.7479164887939143,-2.4218233941317187,-41.62781605521679
331.3554187098247,-24.562423619690783,1.000000000000003,0.7484784920480001,-2.422321591718216,-41.626182536055836
331.3596314270803,-24.572005095203192,1.000000000000003,0.7490393720485926,-2.4228186497854494,-41.62501499433769
331.3638485680467,-24.581584492501143,1.000000000000003,0.7495991297769606,-2.42331456899431,-41.62431185819297
331.3680701285605,-24.59116181387709,1.0000000000000029,0.7501577662140533,-2.4238093500058753,-41.62407155575225
331.3722961044573,-24.6007370616236,1.000000000000003,0.750715282340479,-2.4243029934814175,-41.62429251514616
331.3765264915721,-24.610310238033293,1.0000000000000029,0.751271679136535,-2.424795500082405,-41.624973164505256
331.3807612857392,-24.619881345398827,1.000000000000003,0.7518269575821743,-2.4252868704704875,-41.62611193196015
331.385000482792,-24.62945038601295,1.000000000000003,0.7523811186570541,-2.4257771053075126,-41.62770724564145
331.3892440785632,-24.639017362168463,1.0000000000000029,0.7529341633404898,-2.426266205255517,-41.629757533679694
