galstreams/tracks/track.st.Murrumbidgee.grillmair2017b.ecsv
# %ECSV 0.9
# ---
# datatype:
# - {name: ra, unit: deg, datatype: float64}
# - {name: dec, unit: deg, datatype: float64}
# - {name: distance, unit: kpc, datatype: float64}
# - {name: pm_ra_cosdec, unit: mas / yr, datatype: float64}
# - {name: pm_dec, unit: mas / yr, datatype: float64}
# - {name: radial_velocity, unit: km / s, datatype: float64}
# delimiter: ','
# meta: !!omap
# - __serialized_columns__:
#     dec:
#       __class__: astropy.coordinates.angles.Latitude
#       unit: &id001 !astropy.units.Unit {unit: deg}
#       value: !astropy.table.SerializedColumn {name: dec}
#     distance:
#       __class__: astropy.coordinates.distances.Distance
#       unit: !astropy.units.Unit {unit: kpc}
#       value: !astropy.table.SerializedColumn {name: distance}
#     pm_dec:
#       __class__: astropy.units.quantity.Quantity
#       unit: !astropy.units.Unit {unit: mas / yr}
#       value: !astropy.table.SerializedColumn {name: pm_dec}
#     pm_ra_cosdec:
#       __class__: astropy.units.quantity.Quantity
#       unit: !astropy.units.Unit {unit: mas / yr}
#       value: !astropy.table.SerializedColumn {name: pm_ra_cosdec}
#     ra:
#       __class__: astropy.coordinates.angles.Longitude
#       unit: *id001
#       value: !astropy.table.SerializedColumn {name: ra}
#       wrap_angle: !astropy.coordinates.Angle
#         unit: *id001
#         value: 360.0
#     radial_velocity:
#       __class__: astropy.units.quantity.Quantity
#       unit: !astropy.units.Unit {unit: km / s}
#       value: !astropy.table.SerializedColumn {name: radial_velocity}
# schema: astropy-2.0
ra,dec,distance,pm_ra_cosdec,pm_dec,radial_velocity
[from data line 11577]
0.35929630681216107,13.56328924768985,19.999999999999975,0.0,0.0,0.0
0.3539533731079126,13.571695552616976,19.999999999999975,0.0,0.0,0.0
0.3486078703005612,13.580100845732819,19.999999999999975,0.0,0.0,0.0
0.34325978877240293,13.588505122956018,19.99999999999997,0.0,0.0,0.0
0.3379091188823368,13.596908380195462,19.99999999999997,0.0,0.0,0.0
0.332555850965683,13.605310613350213,19.99999999999997,0.0,0.0,0.0
0.3271999753342098,13.61371181830954,19.999999999999975,0.0,0.0,0.0
0.32184148227615156,13.622111990952876,19.999999999999975,0.0,0.0,0.0
0.3164803620561216,13.630511127149857,19.99999999999997,0.0,0.0,0.0
0.31111660491505466,13.638909222760185,19.999999999999968,0.0,0.0,0.0
0.3057502010702489,13.647306273633772,19.99999999999997,0.0,0.0,0.0
0.3003811407152395,13.65570227561057,19.99999999999997,0.0,0.0,0.0
0.2950094140199207,13.664097224520711,19.999999999999968,0.0,0.0,0.0
0.2896350111302755,13.672491116184352,19.99999999999997,0.0,0.0,0.0
0.28425792216860185,13.680883946411761,19.999999999999968,0.0,0.0,0.0
0.2788781372332668,13.689275711003264,19.999999999999968,0.0,0.0,0.0
0.2734956463988082,13.697666405749203,19.999999999999968,0.0,0.0,0.0
0.2681104397158328,13.70605602642998,19.999999999999968,0.0,0.0,0.0
0.26272250721107127,13.714444568815974,19.999999999999968,0.0,0.0,0.0
0.25733183888717515,13.722832028667613,19.999999999999968,0.0,0.0,0.0
0.2519384247228791,13.731218401735282,19.999999999999968,0.0,0.0,0.0
0.24654225467280844,13.739603683759343,19.99999999999997,0.0,0.0,0.0
0.24114331866756175,13.74798787047011,19.99999999999997,0.0,0.0,0.0
0.2357416066136701,13.75637095758784,19.999999999999964,0.0,0.0,0.0
0.23033710839341354,13.764752940822722,19.999999999999968,0.0,0.0,0.0
0.22492981386499025,13.773133815874846,19.99999999999997,0.0,0.0,0.0
0.21951971286239613,13.781513578434238,19.999999999999968,0.0,0.0,0.0
0.21410679519529313,13.789892224180733,19.999999999999964,0.0,0.0,0.0
0.20869105064917887,13.798269748784119,19.99999999999997,0.0,0.0,0.0
0.20327246898521992,13.80664614790398,19.99999999999997,0.0,0.0,0.0
0.1978510399402045,13.81502141718975,19.999999999999968,0.0,0.0,0.0
0.19242675322658195,13.823395552280688,19.99999999999997,0.0,0.0,0.0
0.18699959853240494,13.831768548805897,19.999999999999968,0.0,0.0,0.0
0.1815695655212428,13.840140402384188,19.99999999999997,0.0,0.0,0.0
0.17613664383223146,13.848511108624242,19.999999999999964,0.0,0.0,0.0
0.17070082308003776,13.856880663124455,19.999999999999968,0.0,0.0,0.0
0.16526209285468682,13.865249061472964,19.999999999999964,0.0,0.0,0.0
0.15982044272173707,13.873616299247677,19.999999999999964,0.0,0.0,0.0
0.15437586222208785,13.88198237201619,19.999999999999964,0.0,0.0,0.0
0.14892834087200812,13.890347275335827,19.999999999999964,0.0,0.0,0.0
0.1434778681630853,13.89871100475358,19.999999999999968,0.0,0.0,0.0
0.13802443356222896,13.907073555806095,19.999999999999964,0.0,0.0,0.0
0.13256802651157118,13.915434924019701,19.999999999999964,0.0,0.0,0.0
0.12710863642852305,13.92379510491041,19.99999999999996,0.0,0.0,0.0
0.12164625270564053,13.932154093983756,19.999999999999964,0.0,0.0,0.0
0.11618086471068638,13.940511886735006,19.999999999999964,0.0,0.0,0.0
0.11071246178648801,13.94886847864893,19.999999999999964,0.0,0.0,0.0
0.10524103325100725,13.957223865199929,19.999999999999964,0.0,0.0,0.0
0.09976656839731524,13.965578041851943,19.999999999999964,0.0,0.0,0.0
0.09428905649337196,13.973931004058484,19.999999999999964,0.0,0.0,0.0
0.08880848678226366,13.982282747262593,19.99999999999996,0.0,0.0,0.0
0.08332484848196513,13.990633266896817,19.999999999999964,0.0,0.0,0.0
0.07783813078538454,13.998982558383233,19.999999999999964,0.0,0.0,0.0
0.0723483228603473,14.00733061713336,19.999999999999964,0.0,0.0,0.0
0.06685541384949516,14.015677438548257,19.999999999999964,0.0,0.0,0.0
0.06135939287034239,14.024023018018381,19.999999999999964,0.0,0.0,0.0
0.055860249015152436,14.032367350923675,19.999999999999964,0.0,0.0,0.0
0.050357971350946995,14.040710432633475,19.999999999999964,0.0,0.0,0.0
0.044852548919473115,14.04905225850655,19.99999999999996,0.0,0.0,0.0
0.03934397073719644,14.057392823891036,19.99999999999996,0.0,0.0,0.0
0.03383222579518843,14.065732124124494,19.999999999999964,0.0,0.0,0.0
0.028317303059206142,14.074070154533802,19.999999999999964,0.0,0.0,0.0
0.022799191469499314,14.082406910435225,19.99999999999996,0.0,0.0,0.0
0.01727787994092307,14.090742387134323,19.999999999999964,0.0,0.0,0.0
0.011753357362881372,14.099076579926024,19.99999999999996,0.0,0.0,0.0
0.006225612599198319,14.107409484094488,19.999999999999968,0.0,0.0,0.0
0.0006946344882111891,14.11574109491321,19.99999999999996,0.0,0.0,0.0
359.9951604118426,14.124071407644934,19.99999999999996,0.0,0.0,0.0
359.9896229334495,14.132400417541662,19.999999999999964,0.0,0.0,0.0
359.98408218807026,14.140728119844663,19.99999999999996,0.0,0.0,0.0
359.9785381644408,14.149054509784373,19.999999999999964,0.0,0.0,0.0
359.97299085127105,14.157379582580443,19.999999999999964,0.0,0.0,0.0
359.96744023724534,14.165703333441742,19.99999999999996,0.0,0.0,0.0
359.96188631102217,14.174025757566303,19.99999999999996,0.0,0.0,0.0
359.95632906123416,14.182346850141288,19.99999999999996,0.0,0.0,0.0
359.9507684764881,14.190666606343065,19.999999999999964,0.0,0.0,0.0
359.9452045453651,14.198985021337059,19.99999999999996,0.0,0.0,0.0
359.93963725642,14.207302090277807,19.99999999999996,0.0,0.0,0.0
359.9340665981818,14.215617808308995,19.99999999999996,0.0,0.0,0.0
359.9284925591537,14.223932170563314,19.999999999999957,0.0,0.0,0.0
359.9229151278126,14.232245172162568,19.999999999999968,0.0,0.0,0.0
359.91733429260944,14.240556808217573,19.99999999999996,0.0,0.0,0.0
359.9117500419691,14.248867073828201,19.999999999999957,0.0,0.0,0.0
359.90616236429037,14.257175964083324,19.999999999999957,0.0,0.0,0.0
359.90057124794566,14.265483474060776,19.99999999999996,0.0,0.0,0.0
359.89497668128143,14.273789598827404,19.999999999999957,0.0,0.0,0.0
359.8893786526177,14.282094333439007,19.999999999999954,0.0,0.0,0.0
359.8837771502485,14.290397672940328,19.99999999999996,0.0,0.0,0.0
359.8781721624412,14.298699612365054,19.999999999999954,0.0,0.0,0.0
359.8725636774371,14.307000146735756,19.999999999999964,0.0,0.0,0.0
359.8669516834509,14.3152992710639,19.999999999999957,0.0,0.0,0.0
359.86133616867113,14.323596980349855,19.999999999999964,0.0,0.0,0.0
359.8557171212598,14.331893269582842,19.999999999999957,0.0,0.0,0.0
359.8500945293523,14.34018813374092,19.999999999999957,0.0,0.0,0.0
359.8444683810577,14.348481567790955,19.99999999999996,0.0,0.0,0.0
359.83883866445836,14.356773566688728,19.999999999999957,0.0,0.0,0.0
359.8332053676103,14.365064125378664,19.999999999999957,0.0,0.0,0.0
359.8275684785426,14.373353238794053,19.999999999999957,0.0,0.0,0.0
359.82192798525796,14.381640901856965,19.999999999999957,0.0,0.0,0.0
359.81628387573227,14.389927109478137,19.999999999999957,0.0,0.0,0.0
359.8106361379146,14.398211856557106,19.99999999999996,0.0,0.0,0.0
359.80498475972763,14.406495137982121,19.999999999999957,0.0,0.0,0.0
359.79932972906676,14.41477694863002,19.999999999999957,0.0,0.0,0.0
359.79367103380093,14.42305728336647,19.999999999999957,0.0,0.0,0.0
359.7880086617722,14.431336137045653,19.99999999999996,0.0,0.0,0.0
359.78234260079546,14.439613504510524,19.999999999999954,0.0,0.0,0.0
359.7766728386589,14.447889380592558,19.999999999999957,0.0,0.0,0.0
359.7709993631237,14.456163760111906,19.999999999999957,0.0,0.0,0.0
359.76532216192413,14.464436637877267,19.999999999999957,0.0,0.0,0.0
359.7596412227672,14.472708008685926,19.999999999999954,0.0,0.0,0.0
359.75395653333317,14.480977867323752,19.999999999999957,0.0,0.0,0.0
359.74826808127483,14.48924620856513,19.99999999999996,0.0,0.0,0.0
359.74257585421805,14.497513027172934,19.99999999999996,0.0,0.0,0.0
359.73687983976157,14.505778317898633,19.99999999999995,0.0,0.0,0.0
359.7311800254769,14.514042075482084,19.999999999999957,0.0,0.0,0.0
359.72547639890803,14.52230429465166,19.999999999999957,0.0,0.0,0.0
359.71976894757205,14.530564970124193,19.999999999999954,0.0,0.0,0.0
359.71405765895855,14.53882409660494,19.999999999999957,0.0,0.0,0.0
359.70834252052987,14.547081668787586,19.99999999999996,0.0,0.0,0.0
359.7026235197208,14.55533768135419,19.999999999999957,0.0,0.0,0.0
359.69690064393893,14.56359212897522,19.999999999999957,0.0,0.0,0.0
359.6911738805642,14.571845006309482,19.999999999999957,0.0,0.0,0.0
359.68544321694907,14.58009630800414,19.999999999999957,0.0,0.0,0.0
359.6797086404187,14.588346028694728,19.99999999999995,0.0,0.0,0.0
359.6739701382705,14.596594163005012,19.999999999999957,0.0,0.0,0.0
359.6682276977742,14.60484070554714,19.99999999999995,0.0,0.0,0.0
359.66248130617214,14.613085650921445,19.99999999999995,0.0,0.0,0.0
359.65673095067893,14.621328993716599,19.99999999999995,0.0,0.0,0.0
359.65097661848137,14.629570728509451,19.99999999999995,0.0,0.0,0.0
359.6452182967385,14.637810849865124,19.99999999999995,0.0,0.0,0.0
359.63945597258186,14.646049352336926,19.99999999999995,0.0,0.0,0.0
359.6336896331149,14.65428623046635,19.99999999999995,0.0,0.0,0.0
359.62791926541325,14.662521478783022,19.99999999999995,0.0,0.0,0.0
359.6221448565249,14.67075509180479,19.99999999999995,0.0,0.0,0.0
359.6163663934698,14.678987064037557,19.99999999999995,0.0,0.0,0.0
359.61058386323975,14.687217389975414,19.99999999999995,0.0,0.0,0.0
359.6047972527989,14.695446064100517,19.999999999999954,0.0,0.0,0.0
359.59900654908313,14.703673080883089,19.99999999999995,0.0,0.0,0.0
359.5932117390004,14.711898434781405,19.999999999999954,0.0,0.0,0.0
359.5874128094307,14.720122120241813,19.999999999999947,0.0,0.0,0.0
359.5816097472255,14.728344131698643,19.99999999999995,0.0,0.0,0.0
359.5758025392085,14.736564463574302,19.99999999999995,0.0,0.0,0.0
359.56999117217504,14.744783110279092,19.999999999999954,0.0,0.0,0.0
359.5641756328923,14.753000066211378,19.99999999999995,0.0,0.0,0.0
359.55835590809903,14.761215325757387,19.99999999999995,0.0,0.0,0.0
359.552531984506,14.7694288832913,19.999999999999954,0.0,0.0,0.0
359.54670384879523,14.77764073317525,19.999999999999947,0.0,0.0,0.0
359.5408714876206,14.785850869759226,19.99999999999995,0.0,0.0,0.0
359.53503488760776,14.794059287381113,19.99999999999995,0.0,0.0,0.0
359.5291940353536,14.80226598036667,19.99999999999995,0.0,0.0,0.0
359.52334891742663,14.810470943029417,19.99999999999995,0.0,0.0,0.0
359.5174995203669,14.818674169670775,19.99999999999995,0.0,0.0,0.0
359.5116458306859,14.82687565457995,19.999999999999947,0.0,0.0,0.0
359.50578783486645,14.83507539203386,19.999999999999947,0.0,0.0,0.0
359.4999255193629,14.843273376297292,19.99999999999995,0.0,0.0,0.0
359.49405887060084,14.851469601622734,19.99999999999995,0.0,0.0,0.0
359.48818787497714,14.859664062250353,19.99999999999995,0.0,0.0,0.0
359.48231251886,14.86785675240807,19.99999999999995,0.0,0.0,0.0
359.47643278858885,14.876047666311491,19.999999999999947,0.0,0.0,0.0
359.4705486704744,14.88423679816387,19.999999999999943,0.0,0.0,0.0
359.46466015079835,14.892424142156152,19.99999999999995,0.0,0.0,0.0
359.4587672158136,14.900609692466853,19.99999999999995,0.0,0.0,0.0
359.4528698517443,14.908793443262146,19.99999999999995,0.0,0.0,0.0
359.4469680447854,14.91697538869578,19.99999999999995,0.0,0.0,0.0
359.4410617811031,14.92515552290905,19.99999999999995,0.0,0.0,0.0
359.43515104683445,14.933333840030837,19.99999999999995,0.0,0.0,0.0
359.42923582808737,14.941510334177563,19.99999999999994,0.0,0.0,0.0
359.42331611094096,14.949684999453162,19.999999999999943,0.0,0.0,0.0
359.4173918814449,14.957857829949022,19.999999999999943,0.0,0.0,0.0
359.4114631256202,14.966028819744041,19.999999999999943,0.0,0.0,0.0
359.4055298294579,14.974197962904558,19.999999999999943,0.0,0.0,0.0
359.3995919789205,14.982365253484376,19.999999999999947,0.0,0.0,0.0
359.39364955994097,14.990530685524671,19.999999999999947,0.0,0.0,0.0
359.387702558423,14.998694253054094,19.999999999999943,0.0,0.0,0.0
359.3817509602408,15.00685595008856,19.99999999999995,0.0,0.0,0.0
359.37579475123965,15.015015770631422,19.99999999999995,0.0,0.0,0.0
359.3698339172348,15.023173708673355,19.999999999999943,0.0,0.0,0.0
359.36386844401255,15.031329758192333,19.999999999999947,0.0,0.0,0.0
359.3578983173296,15.039483913153699,19.999999999999943,0.0,0.0,0.0
359.351923522913,15.047636167509959,19.999999999999947,0.0,0.0,0.0
359.3459440464603,15.05578651520097,19.99999999999995,0.0,0.0,0.0
359.33995987363954,15.063934950153788,19.999999999999943,0.0,0.0,0.0
359.33397099008914,15.0720814662827,19.999999999999943,0.0,0.0,0.0
359.3279773814178,15.08022605748919,19.999999999999947,0.0,0.0,0.0
359.3219790332045,15.088368717661913,19.999999999999943,0.0,0.0,0.0
359.3159759309985,15.096509440676689,19.999999999999943,0.0,0.0,0.0
359.30996806031936,15.104648220396506,19.999999999999943,0.0,0.0,0.0
359.3039554066568,15.112785050671395,19.99999999999994,0.0,0.0,0.0
359.2979379554708,15.120919925338546,19.999999999999943,0.0,0.0,0.0
359.2919156921912,15.129052838222243,19.999999999999943,0.0,0.0,0.0
359.2858886022182,15.137183783133768,19.999999999999943,0.0,0.0,0.0
359.2798566709218,15.145312753871453,19.99999999999994,0.0,0.0,0.0
359.2738198836424,15.153439744220707,19.999999999999943,0.0,0.0,0.0
359.2677782256899,15.161564747953843,19.99999999999994,0.0,0.0,0.0
359.2617316823444,15.16968775883022,19.99999999999994,0.0,0.0,0.0
359.2556802388561,15.177808770596114,19.99999999999994,0.0,0.0,0.0
359.24962388044474,15.185927776984785,19.99999999999994,0.0,0.0,0.0
359.2435625923,15.194044771716339,19.99999999999994,0.0,0.0,0.0
359.2374963595815,15.202159748497813,19.999999999999943,0.0,0.0,0.0
359.23142516741825,15.210272701023108,19.999999999999943,0.0,0.0,0.0
359.22534900090943,15.218383622972992,19.99999999999994,0.0,0.0,0.0
359.21926784512374,15.226492508015026,19.999999999999936,0.0,0.0,0.0
359.21318168509947,15.234599349803624,19.999999999999943,0.0,0.0,0.0
359.2070905058445,15.242704141979965,19.999999999999936,0.0,0.0,0.0
359.2009942923365,15.250806878172027,19.999999999999943,0.0,0.0,0.0
359.19489302952246,15.258907551994469,19.99999999999994,0.0,0.0,0.0
359.18878670231896,15.267006157048717,19.99999999999994,0.0,0.0,0.0
359.18267529561217,15.275102686922912,19.999999999999936,0.0,0.0,0.0
359.1765587942575,15.28319713519188,19.999999999999936,0.0,0.0,0.0
359.1704371830799,15.291289495417075,19.99999999999994,0.0,0.0,0.0
359.1643104468737,15.299379761146628,19.99999999999994,0.0,0.0,0.0
359.15817857040236,15.307467925915276,19.999999999999936,0.0,0.0,0.0
359.1520415383989,15.315553983244317,19.99999999999994,0.0,0.0,0.0
359.1458993355654,15.323637926641686,19.999999999999936,0.0,0.0,0.0
359.1397519465733,15.331719749601865,19.999999999999936,0.0,0.0,0.0
359.13359935606303,15.339799445605813,19.999999999999936,0.0,0.0,0.0
359.12744154864436,15.347877008121086,19.99999999999994,0.0,0.0,0.0
359.12127850889607,15.355952430601654,19.99999999999994,0.0,0.0,0.0
359.1151102213662,15.364025706487993,19.999999999999936,0.0,0.0,0.0
359.1089366705715,15.372096829207033,19.99999999999994,0.0,0.0,0.0
359.1027578409979,15.380165792172118,19.999999999999943,0.0,0.0,0.0
359.09657371710045,15.388232588782978,19.999999999999936,0.0,0.0,0.0
359.09038428330285,15.396297212425763,19.99999999999994,0.0,0.0,0.0
359.0841895239978,15.404359656472968,19.999999999999936,0.0,0.0,0.0
359.07798942354697,15.412419914283381,19.999999999999936,0.0,0.0,0.0
359.07178396628063,15.420477979202177,19.999999999999936,0.0,0.0,0.0
359.065573136498,15.428533844560793,19.999999999999932,0.0,0.0,0.0
359.0593569184671,15.436587503676948,19.999999999999936,0.0,0.0,0.0
359.0531352964245,15.4446389498546,19.999999999999936,0.0,0.0,0.0
359.04690825457544,15.452688176383912,19.999999999999936,0.0,0.0,0.0
359.040675777094,15.460735176541297,19.999999999999936,0.0,0.0,0.0
359.0344378481226,15.468779943589313,19.999999999999932,0.0,0.0,0.0
359.0281944517725,15.476822470776717,19.999999999999936,0.0,0.0,0.0
359.02194557212323,15.484862751338381,19.99999999999993,0.0,0.0,0.0
