galstreams/tracks/track.st.Alpheus.grillmair2013.ecsv
# %ECSV 1.0
# ---
# datatype:
# - {name: ra, unit: deg, datatype: float64}
# - {name: dec, unit: deg, datatype: float64}
# - {name: distance, unit: kpc, datatype: float64}
# - {name: pm_ra_cosdec, unit: mas / yr, datatype: float64}
# - {name: pm_dec, unit: mas / yr, datatype: float64}
# - {name: radial_velocity, unit: km / s, datatype: float64}
# delimiter: ','
# meta: !!omap
# - __serialized_columns__:
#     dec:
#       __class__: astropy.coordinates.angles.Latitude
#       unit: &id001 !astropy.units.Unit {unit: deg}
#       value: !astropy.table.SerializedColumn {name: dec}
#     distance:
#       __class__: astropy.coordinates.distances.Distance
#       unit: !astropy.units.Unit {unit: kpc}
#       value: !astropy.table.SerializedColumn {name: distance}
#     pm_dec:
#       __class__: astropy.units.quantity.Quantity
#       unit: !astropy.units.Unit {unit: mas / yr}
#       value: !astropy.table.SerializedColumn {name: pm_dec}
#     pm_ra_cosdec:
#       __class__: astropy.units.quantity.Quantity
#       unit: !astropy.units.Unit {unit: mas / yr}
#       value: !astropy.table.SerializedColumn {name: pm_ra_cosdec}
#     ra:
#       __class__: astropy.coordinates.angles.Longitude
#       unit: *id001
#       value: !astropy.table.SerializedColumn {name: ra}
#       wrap_angle: !astropy.coordinates.Angle
#         unit: *id001
#         value: 360.0
#     radial_velocity:
#       __class__: astropy.units.quantity.Quantity
#       unit: !astropy.units.Unit {unit: km / s}
#       value: !astropy.table.SerializedColumn {name: radial_velocity}
# schema: astropy-2.0
ra,dec,distance,pm_ra_cosdec,pm_dec,radial_velocity
[from data line 1869]
26.51842392190161,-50.4505216996122,1.9091533799571125,0.0,0.0,0.0
26.52064796721021,-50.44061440850219,1.9093184868854882,0.0,0.0,0.0
26.522871570940914,-50.430707111318824,1.9094835939775292,0.0,0.0,0.0
26.52509473308971,-50.42079980803681,1.9096487012340104,0.0,0.0,0.0
26.52731745365252,-50.41089249863088,1.9098138086557082,0.0,0.0,0.0
26.529539732625263,-50.40098518307576,1.909978916243398,0.0,0.0,0.0
26.531761570003837,-50.39107786134631,1.910144023997856,0.0,0.0,0.0
26.53398296578411,-50.38117053341728,1.910309131919858,0.0,0.0,0.0
26.536203919961903,-50.37126319926354,1.9104742400101795,0.0,0.0,0.0
26.53842443253304,-50.36135585885993,1.9106393482695974,0.0,0.0,0.0
26.540644503493315,-50.35144851218136,1.9108044566988864,0.0,0.0,0.0
26.542864132838474,-50.34154115920274,1.9109695652988232,0.0,0.0,0.0
26.54508332056426,-50.331633799899,1.9111346740701836,0.0,0.0,0.0
26.547302066666383,-50.32172643424513,1.911299783013743,0.0,0.0,0.0
26.549520371140513,-50.31181906221608,1.9114648921302775,0.0,0.0,0.0
26.551738233982324,-50.301911683786905,1.9116300014205638,0.0,0.0,0.0
26.55395565518743,-50.292004298932625,1.9117951108853761,0.0,0.0,0.0
26.556172634751448,-50.28209690762832,1.9119602205254917,0.0,0.0,0.0
26.558389172669955,-50.27218950984907,1.9121253303416859,0.0,0.0,0.0
26.560605268938495,-50.262282105569994,1.9122904403347347,0.0,0.0,0.0
26.562820923552596,-50.252374694766246,1.9124555505054144,0.0,0.0,0.0
26.56503613650777,-50.24246727741299,1.9126206608544996,0.0,0.0,0.0
26.567250907799483,-50.23255985348541,1.9127857713827678,0.0,0.0,0.0
26.56946523742318,-50.22265242295875,1.9129508820909935,0.0,0.0,0.0
26.57167912537429,-50.21274498580824,1.913115992979954,0.0,0.0,0.0
26.57389257164821,-50.20283754200914,1.9132811040504236,0.0,0.0,0.0
26.576105576240305,-50.19293009153676,1.913446215303179,0.0,0.0,0.0
26.578318139145914,-50.18302263436642,1.913611326738997,0.0,0.0,0.0
26.580530260360376,-50.173115170473444,1.9137764383586517,0.0,0.0,0.0
26.58274193987897,-50.16320769983324,1.9139415501629196,0.0,0.0,0.0
26.584953177696963,-50.153300222421166,1.9141066621525773,0.0,0.0,0.0
26.587163973809584,-50.14339273821266,1.9142717743284001,0.0,0.0,0.0
26.589374328212067,-50.13348524718319,1.9144368866911643,0.0,0.0,0.0
26.591584240899596,-50.12357774930819,1.9146019992416452,0.0,0.0,0.0
26.593793711867324,-50.11367024456319,1.9147671119806187,0.0,0.0,0.0
26.596002741110386,-50.103762732923684,1.9149322249088612,0.0,0.0,0.0
26.598211328623908,-50.09385521436523,1.9150973380271477,0.0,0.0,0.0
26.600419474402962,-50.083947688863425,1.9152624513362557,0.0,0.0,0.0
26.602627178442614,-50.07404015639382,1.915427564836959,0.0,0.0,0.0
26.604834440737882,-50.06413261693206,1.9155926785300357,0.0,0.0,0.0
26.607041261283783,-50.05422507045381,1.9157577924162599,0.0,0.0,0.0
26.60924764007529,-50.04431751693471,1.915922906496408,0.0,0.0,0.0
26.611453577107376,-50.03440995635048,1.916088020771256,0.0,0.0,0.0
26.61365907237494,-50.024502388676844,1.91625313524158,0.0,0.0,0.0
26.61586412587291,-50.01459481388953,1.9164182499081555,0.0,0.0,0.0
26.618068737596143,-50.00468723196432,1.9165833647717585,0.0,0.0,0.0
26.620272907539498,-49.99477964287702,1.9167484798331655,0.0,0.0,0.0
26.6224766356978,-49.984872046603435,1.9169135950931508,0.0,0.0,0.0
26.624679922065834,-49.97496444311943,1.917078710552492,0.0,0.0,0.0
26.62688276663838,-49.965056832400876,1.9172438262119642,0.0,0.0,0.0
26.629085169410192,-49.955149214423656,1.9174089420723435,0.0,0.0,0.0
26.63128713037598,-49.94524158916371,1.9175740581344056,0.0,0.0,0.0
26.63348864953043,-49.93533395659696,1.917739174398926,0.0,0.0,0.0
26.63568972686823,-49.925426316699394,1.9179042908666815,0.0,0.0,0.0
26.637890362384002,-49.91551866944701,1.9180694075384472,0.0,0.0,0.0
26.640090556072366,-49.905611014815825,1.9182345244149994,0.0,0.0,0.0
26.642290307927922,-49.89570335278189,1.9183996414971138,0.0,0.0,0.0
26.644489617945215,-49.88579568332127,1.9185647587855659,0.0,0.0,0.0
26.646688486118798,-49.87588800641006,1.9187298762811331,0.0,0.0,0.0
26.648886912443167,-49.86598032202439,1.9188949939845896,0.0,0.0,0.0
26.65108489691282,-49.85607263014039,1.919060111896712,0.0,0.0,0.0
26.653282439522208,-49.84616493073423,1.919225230018276,0.0,0.0,0.0
26.65547954026577,-49.83625722378212,1.9193903483500572,0.0,0.0,0.0
26.657676199137903,-49.82634950926027,1.9195554668928323,0.0,0.0,0.0
26.659872416133002,-49.81644178714493,1.9197205856473767,0.0,0.0,0.0
26.662068191245403,-49.80653405741237,1.919885704614466,0.0,0.0,0.0
26.664263524469444,-49.79662632003887,1.9200508237948768,0.0,0.0,0.0
26.66645841579942,-49.78671857500075,1.9202159431893844,0.0,0.0,0.0
26.668652865229625,-49.77681082227436,1.9203810627987645,0.0,0.0,0.0
26.670846872754286,-49.766903061836075,1.9205461826237944,0.0,0.0,0.0
26.673040438367643,-49.75699529366227,1.920711302665248,0.0,0.0,0.0
26.675233562063884,-49.747087517729355,1.920876422923902,0.0,0.0,0.0
26.677426243837186,-49.73717973401379,1.9210415434005328,0.0,0.0,0.0
26.679618483681697,-49.72727194249203,1.9212066640959158,0.0,0.0,0.0
26.68181028159153,-49.71736414314057,1.9213717850108267,0.0,0.0,0.0
26.68400163756078,-49.70745633593592,1.9215369061460414,0.0,0.0,0.0
26.686192551583517,-49.697548520854625,1.9217020275023373,0.0,0.0,0.0
26.68838302365378,-49.687640697873235,1.921867149080488,0.0,0.0,0.0
26.690573053765576,-49.67773286696836,1.9220322708812705,0.0,0.0,0.0
26.692762641912903,-49.66782502811658,1.9221973929054603,0.0,0.0,0.0
26.69495178808972,-49.65791718129456,1.9223625151538342,0.0,0.0,0.0
26.697140492289975,-49.648009326478956,1.9225276376271674,0.0,0.0,0.0
26.699328754507558,-49.63810146364644,1.9226927603262354,0.0,0.0,0.0
26.701516574736367,-49.62819359277372,1.9228578832518148,0.0,0.0,0.0
26.703703952970255,-49.618285713837544,1.9230230064046803,0.0,0.0,0.0
26.70589088920306,-49.60837782681467,1.9231881297856095,0.0,0.0,0.0
26.70807738342857,-49.59846993168187,1.9233532533953772,0.0,0.0,0.0
26.71026343564059,-49.58856202841596,1.9235183772347604,0.0,0.0,0.0
26.712449045832855,-49.578654116993754,1.9236835013045328,0.0,0.0,0.0
26.714634213999105,-49.56874619739214,1.9238486256054725,0.0,0.0,0.0
26.716818940133024,-49.55883826958796,1.9240137501383545,0.0,0.0,0.0
26.719003224228306,-49.54893033355814,1.9241788749039537,0.0,0.0,0.0
26.721187066278574,-49.539022389279616,1.9243439999030476,0.0,0.0,0.0
26.723370466277483,-49.529114436729316,1.9245091251364115,0.0,0.0,0.0
26.72555342421861,-49.51920647588424,1.924674250604821,0.0,0.0,0.0
26.727735940095535,-49.50929850672137,1.9248393763090523,0.0,0.0,0.0
26.729918013901788,-49.499390529217735,1.9250045022498812,0.0,0.0,0.0
26.732099645630893,-49.489482543350384,1.9251696284280837,0.0,0.0,0.0
26.734280835276348,-49.4795745490964,1.925334754844435,0.0,0.0,0.0
26.73646158283162,-49.469666546432876,1.9254998814997122,0.0,0.0,0.0
26.738641888290136,-49.459758535336924,1.9256650083946898,0.0,0.0,0.0
26.740821751645317,-49.4498505157857,1.925830135530145,0.0,0.0,0.0
26.743001172890544,-49.43994248775637,1.925995262906853,0.0,0.0,0.0
26.745180152019184,-49.43003445122613,1.9261603905255895,0.0,0.0,0.0
26.747358689024576,-49.42012640617219,1.926325518387131,0.0,0.0,0.0
26.74953678390002,-49.41021835257179,1.9264906464922527,0.0,0.0,0.0
26.751714436638796,-49.4003102904022,1.9266557748417308,0.0,0.0,0.0
26.753891647234173,-49.39040221964071,1.9268209034363417,0.0,0.0,0.0
26.756068415679366,-49.380494140264645,1.9269860322768602,0.0,0.0,0.0
26.758244741967594,-49.37058605225132,1.9271511613640628,0.0,0.0,0.0
26.760420626092017,-49.360677955578105,1.9273162906987253,0.0,0.0,0.0
26.762596068045806,-49.350769850222406,1.927481420281624,0.0,0.0,0.0
26.764771067822068,-49.34086173616161,1.927646550113534,0.0,0.0,0.0
26.766945625413907,-49.33095361337313,1.927811680195232,0.0,0.0,0.0
26.769119740814396,-49.32104548183446,1.9279768105274933,0.0,0.0,0.0
26.771293414016586,-49.31113734152308,1.9281419411110936,0.0,0.0,0.0
26.773466645013496,-49.30122919241647,1.9283070719468096,0.0,0.0,0.0
26.775639433798116,-49.29132103449217,1.9284722030354167,0.0,0.0,0.0
26.77781178036341,-49.281412867727724,1.9286373343776906,0.0,0.0,0.0
26.779983684702326,-49.27150469210071,1.9288024659744072,0.0,0.0,0.0
26.782155146807785,-49.26159650758876,1.928967597826343,0.0,0.0,0.0
26.784326166672656,-49.251688314169456,1.9291327299342733,0.0,0.0,0.0
26.78649674428982,-49.24178011182047,1.929297862298974,0.0,0.0,0.0
26.78866687965211,-49.231871900519444,1.9294629949212212,0.0,0.0,0.0
26.790836572752333,-49.2219636802441,1.9296281278017904,0.0,0.0,0.0
26.793005823583275,-49.21205545097215,1.9297932609414583,0.0,0.0,0.0
26.795174632137694,-49.20214721268134,1.9299583943410001,0.0,0.0,0.0
26.797342998408308,-49.19223896534941,1.9301235280011917,0.0,0.0,0.0
26.799510922387842,-49.18233070895419,1.9302886619228095,0.0,0.0,0.0
26.801678404068962,-49.17242244347346,1.9304537961066286,0.0,0.0,0.0
26.803845443444327,-49.16251416888507,1.9306189305534258,0.0,0.0,0.0
26.806012040506566,-49.15260588516687,1.9307840652639756,0.0,0.0,0.0
26.80817819524827,-49.14269759229676,1.9309492002390558,0.0,0.0,0.0
26.810343907662016,-49.132789290252624,1.9311143354794404,0.0,0.0,0.0
26.812509177740356,-49.12288097901243,1.9312794709859067,0.0,0.0,0.0
26.81467400547581,-49.11297265855409,1.9314446067592295,0.0,0.0,0.0
26.81683839086086,-49.10306432885561,1.9316097428001855,0.0,0.0,0.0
26.819002333887997,-49.09315598989498,1.9317748791095504,0.0,0.0,0.0
26.82116583454965,-49.08324764165023,1.9319400156880997,0.0,0.0,0.0
26.823328892838223,-49.07333928409939,1.93210515253661,0.0,0.0,0.0
26.82549150874614,-49.063430917220565,1.932270289655856,0.0,0.0,0.0
26.827653682265726,-49.05352254099182,1.9324354270466153,0.0,0.0,0.0
26.82981541338935,-49.04361415539129,1.9326005647096614,0.0,0.0,0.0
26.831976702109298,-49.03370576039712,1.9327657026457725,0.0,0.0,0.0
26.83413754841787,-49.02379735598745,1.9329308408557235,0.0,0.0,0.0
26.836297952307323,-49.0138889421405,1.9330959793402906,0.0,0.0,0.0
26.838457913769872,-49.00398051883446,1.933261118100249,0.0,0.0,0.0
26.840617432797746,-48.99407208604757,1.9334262571363747,0.0,0.0,0.0
26.842776509383107,-48.984163643758095,1.9335913964494447,0.0,0.0,0.0
26.844935143518114,-48.974255191944316,1.9337565360402333,0.0,0.0,0.0
26.8470933351949,-48.96434673058453,1.9339216759095175,0.0,0.0,0.0
26.849251084405555,-48.954438259657074,1.934086816058073,0.0,0.0,0.0
26.85140839114216,-48.9445297791403,1.9342519564866754,0.0,0.0,0.0
26.853565255396752,-48.93462128901257,1.9344170971961008,0.0,0.0,0.0
26.85572167716137,-48.92471278925229,1.9345822381871247,0.0,0.0,0.0
26.857877656428,-48.91480427983789,1.9347473794605234,0.0,0.0,0.0
26.8600331931886,-48.9048957607478,1.9349125210170726,0.0,0.0,0.0
26.86218828743512,-48.89498723196051,1.9350776628575483,0.0,0.0,0.0
26.864342939159485,-48.885078693454474,1.9352428049827264,0.0,0.0,0.0
26.866497148353574,-48.875170145208244,1.9354079473933823,0.0,0.0,0.0
26.868650915009248,-48.86526158720033,1.9355730900902928,0.0,0.0,0.0
26.870804239118357,-48.855353019409314,1.9357382330742334,0.0,0.0,0.0
26.87295712067269,-48.845444441813754,1.9359033763459794,0.0,0.0,0.0
26.875109559664036,-48.83553585439227,1.9360685199063075,0.0,0.0,0.0
26.87726155608418,-48.82562725712351,1.9362336637559932,0.0,0.0,0.0
26.879413109924823,-48.81571864998609,1.9363988078958119,0.0,0.0,0.0
26.881564221177673,-48.8058100329587,1.9365639523265399,0.0,0.0,0.0
26.88371488983442,-48.795901406020064,1.936729097048954,0.0,0.0,0.0
26.885865115886716,-48.785992769148855,1.9368942420638287,0.0,0.0,0.0
26.88801489932617,-48.77608412232386,1.9370593873719404,0.0,0.0,0.0
26.890164240144394,-48.76617546552382,1.9372245329740652,0.0,0.0,0.0
26.89231313833297,-48.756266798727545,1.9373896788709783,0.0,0.0,0.0
26.894461593883413,-48.74635812191382,1.9375548250634567,0.0,0.0,0.0
26.896609606787283,-48.73644943506152,1.9377199715522755,0.0,0.0,0.0
26.898757177036043,-48.726540738149474,1.9378851183382104,0.0,0.0,0.0
26.90090430462117,-48.71663203115657,1.9380502654220382,0.0,0.0,0.0
26.903050989534105,-48.70672331406172,1.9382154128045341,0.0,0.0,0.0
26.905197231766262,-48.69681458684385,1.938380560486474,0.0,0.0,0.0
26.907343031309036,-48.686905849481896,1.9385457084686337,0.0,0.0,0.0
26.909488388153775,-48.67699710195486,1.9387108567517894,0.0,0.0,0.0
26.911633302291825,-48.667088344241705,1.9388760053367167,0.0,0.0,0.0
26.91377777371448,-48.65717957632146,1.939041154224192,0.0,0.0,0.0
26.915921802413045,-48.64727079817319,1.9392063034149905,0.0,0.0,0.0
26.91806538837875,-48.63736200977593,1.9393714529098882,0.0,0.0,0.0
26.92020853160284,-48.627453211108794,1.9395366027096617,0.0,0.0,0.0
26.92235123207652,-48.61754440215085,1.9397017528150862,0.0,0.0,0.0
26.924493489790954,-48.607635582881265,1.9398669032269378,0.0,0.0,0.0
26.926635304737303,-48.59772675327919,1.9400320539459919,0.0,0.0,0.0
26.928776676906676,-48.587817913323796,1.940197204973025,0.0,0.0,0.0
26.93091760629019,-48.57790906299429,1.9403623563088126,0.0,0.0,0.0
26.933058092878902,-48.568000202269886,1.940527507954131,0.0,0.0,0.0
26.93519813666385,-48.55809133112982,1.940692659909756,0.0,0.0,0.0
26.93733773763607,-48.548182449553394,1.9408578121764635,0.0,0.0,0.0
26.93947689578654,-48.538273557519865,1.9410229647550288,0.0,0.0,0.0
26.941615611106226,-48.52836465500858,1.9411881176462285,0.0,0.0,0.0
26.943753883586062,-48.51845574199883,1.941353270850838,0.0,0.0,0.0
26.945891713216966,-48.508546818470016,1.9415184243696335,0.0,0.0,0.0
26.948029099989817,-48.49863788440149,1.9416835782033903,0.0,0.0,0.0
26.95016604389549,-48.48872893977266,1.941848732352885,0.0,0.0,0.0
26.95230254492479,-48.47881998456297,1.9420138868188936,0.0,0.0,0.0
26.954438603068546,-48.46891101875186,1.9421790416021913,0.0,0.0,0.0
26.95657421831753,-48.459002042318794,1.9423441967035542,0.0,0.0,0.0
26.958709390662477,-48.449093055243274,1.9425093521237589,0.0,0.0,0.0
26.960844120094144,-48.4391840575048,1.9426745078635796,0.0,0.0,0.0
26.962978406603202,-48.42927504908293,1.942839663923794,0.0,0.0,0.0
26.96511225018034,-48.4193660299572,1.943004820305177,0.0,0.0,0.0
26.967245650816196,-48.40945700010721,1.9431699770085045,0.0,0.0,0.0
26.969378608501398,-48.399547959512574,1.9433351340345526,0.0,0.0,0.0
26.971511123226534,-48.3896389081529,1.9435002913840973,0.0,0.0,0.0
26.973643194982174,-48.379729846007855,1.9436654490579144,0.0,0.0,0.0
26.97577482375885,-48.3698207730571,1.9438306070567797,0.0,0.0,0.0
26.97790600954708,-48.359911689280324,1.943995765381469,0.0,0.0,0.0
26.980036752337345,-48.350002594657255,1.9441609240327586,0.0,0.0,0.0
26.982167052120122,-48.34009348916763,1.9443260830114237,0.0,0.0,0.0
26.984296908885835,-48.330184372791194,1.9444912423182406,0.0,0.0,0.0
26.986426322624887,-48.32027524550777,1.9446564019539851,0.0,0.0,0.0
26.98855529332766,-48.310366107297114,1.9448215619194338,0.0,0.0,0.0
26.990683820984504,-48.300456958139094,1.9449867222153612,0.0,0.0,0.0
26.992811905585764,-48.290547798013534,1.9451518828425447,0.0,0.0,0.0
26.99493954712172,-48.28063862690031,1.9453170438017586,0.0,0.0,0.0
26.99706674558266,-48.270729444779334,1.9454822050937794,0.0,0.0,0.0
26.999193500958828,-48.260820251630506,1.9456473667193837,0.0,0.0,0.0
27.00131981324045,-48.250911047433775,1.9458125286793466,0.0,0.0,0.0
27.003445682417706,-48.24100183216909,1.9459776909744446,0.0,0.0,0.0
27.005571108480776,-48.231092605816436,1.9461428536054526,0.0,0.0,0.0
27.007696091419795,-48.22118336835581,1.9463080165731472,0.0,0.0,0.0
27.009820631224883,-48.21127411976727,1.9464731798783041,0.0,0.0,0.0
27.01194472788612,-48.20136486003082,1.946638343521699,0.0,0.0,0.0
27.014068381393578,-48.191455589126576,1.9468035075041088,0.0,0.0,0.0
27.01619159173729,-48.181546307034594,1.946968671826308,0.0,0.0,0.0
27.01831435890725,-48.17163701373501,1.9471338364890733,0.0,0.0,0.0
27.02043668289345,-48.16172770920795,1.9472990014931808,0.0,0.0,0.0
