galstreams/tracks/track.st.Gaia-10.ibata2021.ecsv
# %ECSV 1.0
# ---
# datatype:
# - {name: ra, unit: deg, datatype: float64}
# - {name: dec, unit: deg, datatype: float64}
# - {name: distance, unit: kpc, datatype: float64}
# - {name: pm_ra_cosdec, unit: mas / yr, datatype: float64}
# - {name: pm_dec, unit: mas / yr, datatype: float64}
# - {name: radial_velocity, unit: km / s, datatype: float64}
# delimiter: ','
# meta: !!omap
# - __serialized_columns__:
#     dec:
#       __class__: astropy.coordinates.angles.Latitude
#       unit: &id001 !astropy.units.Unit {unit: deg}
#       value: !astropy.table.SerializedColumn {name: dec}
#     distance:
#       __class__: astropy.coordinates.distances.Distance
#       unit: !astropy.units.Unit {unit: kpc}
#       value: !astropy.table.SerializedColumn {name: distance}
#     pm_dec:
#       __class__: astropy.units.quantity.Quantity
#       unit: !astropy.units.Unit {unit: mas / yr}
#       value: !astropy.table.SerializedColumn {name: pm_dec}
#     pm_ra_cosdec:
#       __class__: astropy.units.quantity.Quantity
#       unit: !astropy.units.Unit {unit: mas / yr}
#       value: !astropy.table.SerializedColumn {name: pm_ra_cosdec}
#     ra:
#       __class__: astropy.coordinates.angles.Longitude
#       unit: *id001
#       value: !astropy.table.SerializedColumn {name: ra}
#       wrap_angle: !astropy.coordinates.Angle
#         unit: *id001
#         value: 360.0
#     radial_velocity:
#       __class__: astropy.units.quantity.Quantity
#       unit: !astropy.units.Unit {unit: km / s}
#       value: !astropy.table.SerializedColumn {name: radial_velocity}
# schema: astropy-2.0
ra,dec,distance,pm_ra_cosdec,pm_dec,radial_velocity
[from data line 411]
154.97486763681977,15.485148752523218,15.275244024914379,-3.8683437544868595,-2.947938463233839,-2.5262301389617013e-14
154.98518737402867,15.484013535951723,15.271037101248538,-3.8693249908105476,-2.948787555258085,-8.420767129872338e-14
154.9955070761684,15.482878766510765,15.2668342184985,-3.8703044258740156,-2.9496340673187516,4.210383564936169e-14
155.005826743261,15.48174444332878,15.262635373613106,-3.871282064140286,-2.950478003854182,-8.420767129872338e-15
155.01614637532816,15.480610565534226,15.25844056354119,-3.8722579100732317,-2.951319369301809,-5.894536990910637e-14
155.02646597239155,15.479477132255575,15.254249785231584,-3.8732319681375933,-2.9521581680981543,-5.0524602779234026e-14
155.03678553447247,15.478344142621316,15.250063035633124,-3.8742042427989523,-2.95299440467883,8.420767129872338e-15
155.0471050615924,15.477211595759945,15.245880311694648,-3.875174738523759,-2.9538280834785273,3.368306851948935e-14
155.05742455377225,15.476079490800009,15.241701610364986,-3.8761434597793105,-2.954659208931037,3.368306851948935e-14
155.06774401103294,15.474947826870036,15.237526928592981,-3.8771104110337604,-2.95548778546923,-1.6841534259744676e-14
155.0780634333952,15.473816603098605,15.233356263327458,-3.878075596756123,-2.95631381752507,1.6841534259744676e-14
155.08838282087947,15.472685818614298,15.229189611517254,-3.8790390214162604,-2.9571373095296054,-5.0524602779234026e-14
155.09870217350615,15.471555472545713,15.225026970111216,-3.8800006894848886,-2.9579582659129735,-5.0524602779234026e-14
155.10902149129538,15.470425564021475,15.220868336058164,-3.880960605433587,-2.958776691104403,8.420767129872338e-15
155.11934077426716,15.469296092170227,15.21671370630694,-3.8819187737347787,-2.959592589532206,-1.6841534259744676e-14
155.12966002244121,15.468167056120633,15.21256307780638,-3.8828751988617474,-2.9604059656237873,-8.420767129872338e-15
155.13997923583725,15.46703845500136,15.208416447505309,-3.8838298852886295,-2.961216823805636,-5.0524602779234026e-14
155.15029841447466,15.465910287941114,15.204273812352573,-3.8847828374904103,-2.96202516850333,-5.894536990910637e-14
155.1606175583727,15.464782554068604,15.200135169297006,-3.885734059942937,-2.9628310041415364,4.210383564936169e-14
155.17093666755048,15.463655252512574,15.196000515287441,-3.8866835571229,-2.963634335144009,-4.210383564936169e-14
155.18125574202682,15.46252838240178,15.191869847272711,-3.887631333507852,-2.964435165933593,-3.368306851948935e-14
155.19157478182044,15.461401942864992,15.187743162201652,-3.8885773935761927,-2.965233500932219,-8.420767129872338e-15
155.20189378694994,15.460275933031,15.1836204570231,-3.8895217418071764,-2.966029344560904,-4.210383564936169e-14
155.21221275743358,15.459150352028622,15.179501728685889,-3.8904643826809093,-2.966822701239757,-4.210383564936169e-14
155.2225316932895,15.458025198986698,15.175386974138853,-3.8914053206783494,-2.967613575387975,-1.6841534259744676e-14
155.23285059453585,15.456900473034054,15.171276190330833,-3.8923445602813076,-2.9684019714238374,-2.5262301389617013e-14
155.2431694611903,15.455776173299578,15.167169374210653,-3.8932821059724483,-2.9691878937647185,5.0524602779234026e-14
155.25348829327055,15.454652298912155,15.16306652272716,-3.8942179622352846,-2.9699713468270774,0.0
155.26380709079396,15.453528849000692,15.158967632829185,-3.895152133554181,-2.9707523350264613,-2.5262301389617013e-14
155.2741258537779,15.452405822694114,15.154872701465553,-3.896084624414357,-2.971530862777507,-4.210383564936169e-14
155.2844445822393,15.451283219121375,15.150781725585116,-3.897015439301878,-2.972306934493938,3.368306851948935e-14
155.2947632761952,15.450161037411437,15.146694702136699,-3.8979445827036647,-2.9730805545885657,2.5262301389617013e-14
155.3050819356622,15.449039276693286,15.142611628069135,-3.8988720591074864,-2.973851727473292,5.894536990910637e-14
155.315400560657,15.447917936095921,15.138532500331262,-3.899797873001963,-2.974620457559104,3.368306851948935e-14
155.32571915119584,15.446797014748372,15.134457315871918,-3.9007220288765643,-2.9753867492560793,3.368306851948935e-14
155.33603770729493,15.445676511779677,15.130386071639936,-3.901644531221613,-2.976150606973379,-4.210383564936169e-14
155.34635622897028,15.444556426318902,15.126318764584145,-3.9025653845282795,-2.9769120351192613,-8.420767129872338e-15
155.35667471623768,15.443436757495132,15.122255391653391,-3.9034845932885807,-2.9776710381010614,8.420767129872338e-15
155.36699316911276,15.442317504437463,15.1181959497965,-3.904402161995392,-2.978427620325213,-8.420767129872338e-15
155.377311587611,15.441198666275016,15.114140435962312,-3.905318095142426,-2.9791817861972296,3.368306851948935e-14
155.38762997174769,15.440080242136933,15.110088847099657,-3.9062323972242554,-2.979933540121719,-5.0524602779234026e-14
155.39794832153783,15.438962231152376,15.106041180157378,-3.9071450727362946,-2.9806828865023727,-1.6841534259744676e-14
155.40826663699644,15.43784463245052,15.101997432084305,-3.9080561261748126,-2.9814298297419723,8.420767129872338e-15
155.41858491813827,15.436727445160564,15.097957599829272,-3.9089655620369235,-2.982174374242388,-3.368306851948935e-14
155.42890316497778,15.435610668411732,15.093921680341113,-3.9098733848205893,-2.982916524404577,-5.894536990910637e-14
155.4392213775294,15.43449430133325,15.089889670568668,-3.910779599024621,-2.983656284628585,-1.6841534259744676e-14
155.44953955580732,15.433378343054382,15.085861567460768,-3.911684209148679,-2.9843936593135467,-6.73661370389787e-14
155.4598576998255,15.432262792704408,15.081837367966248,-3.912587219693269,-2.9851286528576826,1.6841534259744676e-14
155.47017580959786,15.431147649412624,15.077817069033944,-3.9134886351597475,-2.9858612696583062,-5.894536990910637e-14
155.4804938851379,15.430032912308345,15.073800667612694,-3.9143884600503136,-2.9865915141118142,3.368306851948935e-14
155.49081192645926,15.428918580520905,15.069788160651326,-3.9152866988680195,-2.987319390613691,4.210383564936169e-14
155.50112993357519,15.42780465317966,15.065779545098682,-3.9161833561167603,-2.9880449035585133,-4.210383564936169e-14
155.51144790649877,15.426691129413985,15.061774817903592,-3.9170784363012796,-2.9887680573399438,-4.210383564936169e-14
155.5217658452429,15.425578008353279,15.057773976014893,-3.9179719439271654,-2.989488856350735,4.210383564936169e-14
155.53208374982037,15.424465289126946,15.053777016381423,-3.918863883500855,-2.9902073049827225,-8.420767129872338e-15
155.54240162024377,15.423352970864435,15.04978393595201,-3.9197542595296313,-2.9909234076268363,8.420767129872338e-15
155.55271945652544,15.422241052695192,15.045794731675498,-3.9206430765216216,-2.991637168673092,-4.210383564936169e-14
155.56303725867758,15.42112953374869,15.041809400500714,-3.921530338985801,-2.9923485925105937,5.894536990910637e-14
155.57335502671222,15.420018413154429,15.037827939376497,-3.9224160514319912,-2.9930576835275318,-2.5262301389617013e-14
155.58367276064132,15.418907690041909,15.033850345251683,-3.923300218370854,-2.9937644461111867,-5.894536990910637e-14
155.59399046047642,15.417797363540679,15.029876615075098,-3.9241828443139037,-2.994468884647929,-5.0524602779234026e-14
155.60430812622906,15.416687432780282,15.025906745795588,-3.9250639337734947,-2.995171003523213,-8.420767129872338e-15
155.61462575791055,15.415577896890301,15.021940734361985,-3.925943491262826,-2.9958708071215843,5.0524602779234026e-14
155.62494335553203,15.41446875500032,15.017978577723122,-3.9268215212959476,-2.996568299826674,-1.6841534259744676e-14
155.63526091910438,15.413360006239955,15.014020272827835,-3.927698028387745,-2.997263486021206,3.368306851948935e-14
155.64557844863845,15.41225164973884,15.010065816624957,-3.9285730170539552,-2.99795637008699,0.0
155.65589594414476,15.411143684626627,15.006115206063326,-3.9294464918111536,-2.99864695640492,3.368306851948935e-14
155.66621340563373,15.410036110032998,15.002168438091775,-3.930318457176765,-2.9993352493549876,3.368306851948935e-14
155.67653083311563,15.40892892508763,14.998225509659143,-3.931188917669055,-3.000021253316261,0.0
155.68684822660055,15.407822128920245,14.994286417714259,-3.932057877807133,-3.0007049726669064,-7.578690416885104e-14
155.69716558609824,15.406715720660571,14.99035115920596,-3.932925342110952,-3.001386411784174,2.5262301389617013e-14
155.70748291161848,15.405609699438369,14.986419731083082,-3.933791315101308,-3.002065575044401,-2.5262301389617013e-14
155.71780020317073,15.404504064383406,14.982492130294464,-3.934655801299838,-3.0027424668230167,-8.420767129872338e-15
155.7281174607643,15.403398814625477,14.978568353788935,-3.935518805229026,-3.0034170914945353,5.0524602779234026e-14
155.73843468440842,15.402293949294398,14.97464839851533,-3.9363803314121966,-3.0040894534325613,8.420767129872338e-15
155.74875187411195,15.401189467520005,14.970732261422485,-3.9372403843735144,-3.004759557009787,-6.73661370389787e-14
155.75906902988376,15.400085368432142,14.966819939459233,-3.938098968637989,-3.0054274065979927,1.6841534259744676e-14
155.76938615173248,15.39898165116069,14.962911429574415,-3.9389560887314716,-3.006093006568047,4.210383564936169e-14
155.7797032396665,15.397878314835541,14.959006728716863,-3.9398117491806546,-3.0067563612899066,-8.420767129872338e-15
155.79002029369406,15.396775358586607,14.955105833835415,-3.9406659545130696,-3.0074174751326166,3.368306851948935e-14
155.80033731382326,15.395672781543832,14.951208741878899,-3.9415187092570965,-3.0080763524643106,-3.368306851948935e-14
155.81065430006194,15.394570582837165,14.94731544979615,-3.942370017941949,-3.0087329976522144,0.0
155.82097125241788,15.39346876159658,14.943425954536012,-3.9432198850976836,-3.009387415062633,-1.6841534259744676e-14
155.83128817089857,15.392367316952068,14.939540253047312,-3.9440683152552016,-3.0100396090609673,-8.420767129872338e-15
155.8416050555113,15.391266248033665,14.935658342278888,-3.9449153129462395,-3.010689584011707,-3.368306851948935e-14
155.85192190626339,15.390165553971379,14.931780219179577,-3.945760882703376,-3.0113373442784233,4.210383564936169e-14
155.86223872316174,15.389065233895284,14.927905880698207,-3.946605029060035,-3.0119828942237836,-6.73661370389787e-14
155.8725555062132,15.387965286935453,14.92403532378362,-3.947447756550473,-3.0126262382095383,-8.420767129872338e-15
155.88287225542436,15.386865712221985,14.920168545384648,-3.9482890697097885,-3.0132673805965293,8.420767129872338e-14
155.8931889708017,15.385766508885,14.916305542450127,-3.949128973073921,-3.013906325744684,3.368306851948935e-14
155.90350565235153,15.384667676054633,14.91244631192889,-3.9499674711796517,-3.0145430780130225,-8.420767129872338e-15
155.9138223000799,15.38356921286104,14.908590850769773,-3.9508045685645947,-3.015177641759649,1.6841534259744676e-14
155.92413891399275,15.3824711184344,14.904739155921616,-3.9516402697672075,-3.015810021341758,-2.5262301389617013e-14
155.93445549409572,15.381373391904923,14.900891224333247,-3.952474579326785,-3.0164402211156354,8.420767129872338e-15
155.94477204039453,15.38027603240282,14.897047052953504,-3.9533075017834616,-3.0170682454366484,-6.73661370389787e-14
155.9550885528945,15.379179039058336,14.893206638731217,-3.9541390416782116,-3.0176940986592586,-6.73661370389787e-14
155.96540503160077,15.37808241100173,14.889369978615226,-3.9549692035528445,-3.0183177851370155,8.420767129872338e-15
155.97572147651843,15.37698614736328,14.885537069554369,-3.9557979919500084,-3.0189393092225556,-3.368306851948935e-14
155.9860378876523,15.3758902472733,14.881707908497475,-3.9566254114131905,-3.0195586752676027,-6.73661370389787e-14
155.99635426500703,15.3747947098621,14.877882492393383,-3.957451466486713,-3.0201758876229725,-4.210383564936169e-14
156.00667060858711,15.37369953426003,14.874060818190928,-3.9582761617157396,-3.020790950638567,-8.420767129872338e-15
156.01698691839678,15.372604719597465,14.870242882838939,-3.959099501646269,-3.0214038686633784,3.368306851948935e-14
156.0273031944403,15.371510265004769,14.866428683286255,-3.959921490825138,-3.022014646045483,-8.420767129872338e-15
156.03761943672154,15.370416169612364,14.862618216481714,-3.960742133800018,-3.022623287132051,-5.894536990910637e-14
156.04793564524425,15.369322432550671,14.858811479374149,-3.961561435119419,-3.0232297962693404,3.368306851948935e-14
156.0582518200121,15.368229052950138,14.855008468912391,-3.9623793993326863,-3.023834177802695,-4.210383564936169e-14
156.06856796102835,15.36713602994123,14.851209182045281,-3.9631960309900007,-3.024436436076548,0.0
156.07888406829636,15.366043362654441,14.847413615721653,-3.964011334642384,-3.0250365754344237,2.5262301389617013e-14
156.08920014181913,15.364951050220277,14.843621766890335,-3.9648253148416885,-3.025634600218934,4.210383564936169e-14
156.09951618159954,15.363859091769276,14.839833632500165,-3.9656379761406035,-3.0262305147717767,-8.420767129872338e-14
156.10983218764022,15.362767486431986,14.836049209499985,-3.9664493230926556,-3.026824323433742,-2.5262301389617013e-14
156.1201481599438,15.361676233338965,14.832268494838628,-3.9672593602521995,-3.027416030544704,-3.368306851948935e-14
156.13046409851256,15.360585331620825,14.82849148546492,-3.968068092174441,-3.028005640443632,-8.420767129872338e-15
156.14078000334862,15.359494780408179,14.824718178327704,-3.968875523415402,-3.0285931574685807,-2.5262301389617013e-14
156.151095874454,15.358404578831648,14.820948570375815,-3.9696816585319494,-3.02917858595669,2.5262301389617013e-14
156.1614117118305,15.357314726021897,14.81718265855808,-3.9704865020817866,-3.029761930244195,-3.368306851948935e-14
156.17172751547974,15.356225221109604,14.813420439823346,-3.9712900586234423,-3.0303431946664157,-4.210383564936169e-14
156.18204328540313,15.35513606322546,14.809661911120442,-3.9720923327162865,-3.0309223835577614,-2.5262301389617013e-14
156.19235902160193,15.354047251500194,14.8059070693982,-3.972893328920523,-3.03149950125173,-4.210383564936169e-14
156.20267472407718,15.352958785064548,14.80215591160546,-3.973693051797182,-3.0320745520809105,3.368306851948935e-14
156.2129903928299,15.351870663049263,14.798408434691055,-3.974491505908137,-3.032647540376977,3.368306851948935e-14
156.22330602786081,15.350782884585136,14.794664635603818,-3.975288695816091,-3.0332184704706933,-6.73661370389787e-14
156.2336216291704,15.349695448802972,14.790924511292586,-3.9760846260845764,-3.033787346691916,-5.894536990910637e-14
156.243937196759,15.348608354833587,14.787188058706194,-3.9768793012779615,-3.034354173369585,-1.6841534259744676e-14
156.25425273062683,15.347521601807827,14.78345527479348,-3.9776727259614475,-3.0349189548317312,-8.420767129872338e-15
156.26456823077393,15.346435188856566,14.779726156503274,-3.9784649047010685,-3.0354816954054757,4.210383564936169e-14
156.27488369720015,15.345349115110686,14.776000700784415,-3.979255842063689,-3.0360423994170294,0.0
156.28519912990504,15.344263379701095,14.77227890458573,-3.980045542617008,-3.0366010711916878,-3.368306851948935e-14
156.2955145288882,15.343177981758727,14.768560764856066,-3.9808340109295557,-3.037157715053839,-1.6841534259744676e-14
156.30582989414887,15.34209292041453,14.764846278544248,-3.981621251570691,-3.0377123353269577,-5.894536990910637e-14
156.31614522568617,15.341008194799468,14.761135442599114,-3.982407269110607,-3.0382649363336074,-1.6841534259744676e-14
156.32646052349904,15.339923804044552,14.757428253969502,-3.98319206812033,-3.0388155223954456,0.0
156.33677578758625,15.338839747280783,14.753724709604247,-3.9839756531717128,-3.0393640978332117,2.5262301389617013e-14
156.34709101794638,15.337756023639203,14.750024806452178,-3.984758028837444,-3.039910666966739,-5.894536990910637e-14
156.35740621457782,15.336672632250874,14.746328541462134,-3.9855391996910368,-3.040455234114948,8.420767129872338e-15
