galstreams/tracks/track.ep.Elqui.shipp2018.ecsv
# %ECSV 0.9
# ---
# datatype:
# - {name: ra, unit: deg, datatype: float64}
# - {name: dec, unit: deg, datatype: float64}
# - {name: distance, unit: kpc, datatype: float64}
# - {name: pm_ra_cosdec, unit: mas / yr, datatype: float64}
# - {name: pm_dec, unit: mas / yr, datatype: float64}
# - {name: radial_velocity, unit: km / s, datatype: float64}
# delimiter: ','
# meta: !!omap
# - __serialized_columns__:
#     dec:
#       __class__: astropy.coordinates.angles.Latitude
#       unit: &id001 !astropy.units.Unit {unit: deg}
#       value: !astropy.table.SerializedColumn {name: dec}
#     distance:
#       __class__: astropy.coordinates.distances.Distance
#       unit: !astropy.units.Unit {unit: kpc}
#       value: !astropy.table.SerializedColumn {name: distance}
#     pm_dec:
#       __class__: astropy.units.quantity.Quantity
#       unit: !astropy.units.Unit {unit: mas / yr}
#       value: !astropy.table.SerializedColumn {name: pm_dec}
#     pm_ra_cosdec:
#       __class__: astropy.units.quantity.Quantity
#       unit: !astropy.units.Unit {unit: mas / yr}
#       value: !astropy.table.SerializedColumn {name: pm_ra_cosdec}
#     ra:
#       __class__: astropy.coordinates.angles.Longitude
#       unit: *id001
#       value: !astropy.table.SerializedColumn {name: ra}
#       wrap_angle: !astropy.coordinates.Angle
#         unit: *id001
#         value: 360.0
#     radial_velocity:
#       __class__: astropy.units.quantity.Quantity
#       unit: !astropy.units.Unit {unit: km / s}
#       value: !astropy.table.SerializedColumn {name: radial_velocity}
# schema: astropy-2.0
ra,dec,distance,pm_ra_cosdec,pm_dec,radial_velocity
10.70000000000004,-36.90000000000002,50.1,0.0,0.0,0.0
10.745934459753569,-36.9296202775314,50.1,0.0,0.0,0.0
10.791904620321537,-36.959222854123546,50.1,0.0,0.0,0.0
10.837910526506471,-36.98880769695223,50.099999999999994,0.0,0.0,0.0
10.883952223093099,-37.01837477314278,50.099999999999994,0.0,0.0,0.0
10.930029754848283,-37.04792404977033,50.099999999999994,0.0,0.0,0.0
10.97614316652047,-37.077455493859595,50.099999999999994,0.0,0.0,0.0
11.022292502839132,-37.1069690723848,50.10000000000001,0.0,0.0,0.0
11.06847780851475,-37.13646475226986,50.1,0.0,0.0,0.0
11.114699128237966,-37.16594250038804,50.1,0.0,0.0,0.0
11.160956506679588,-37.19540228356222,50.1,0.0,0.0,0.0
11.207249988490002,-37.224844068564714,50.099999999999994,0.0,0.0,0.0
11.253579618298604,-37.25426782211714,50.1,0.0,0.0,0.0
11.299945440713739,-37.28367351089062,50.10000000000001,0.0,0.0,0.0
11.346347500322105,-37.31306110150562,50.1,0.0,0.0,0.0
11.392785841688196,-37.34243056053179,50.10000000000001,0.0,0.0,0.0
11.439260509354193,-37.37178185448819,50.099999999999994,0.0,0.0,0.0
11.485771547839416,-37.40111494984313,50.099999999999994,0.0,0.0,0.0
11.532319001639703,-37.43042981301401,50.099999999999994,0.0,0.0,0.0
11.578902915227406,-37.45972641036761,50.1,0.0,0.0,0.0
11.625523333050518,-37.489004708219674,50.1,0.0,0.0,0.0
11.67218029953262,-37.518264672835194,50.10000000000001,0.0,0.0,0.0
11.71887385907233,-37.547506270428265,50.1,0.0,0.0,0.0
11.765604056042644,-37.57672946716194,50.099999999999994,0.0,0.0,0.0
11.812370934790895,-37.60593422914842,50.099999999999994,0.0,0.0,0.0
11.85917453963813,-37.635120522448894,50.1,0.0,0.0,0.0
11.906014914878503,-37.664288313073456,50.099999999999994,0.0,0.0,0.0
11.952892104779243,-37.69343756698127,50.10000000000001,0.0,0.0,0.0
11.999806153579755,-37.72256825008029,50.10000000000001,0.0,0.0,0.0
12.046757105491567,-37.751680328227486,50.10000000000001,0.0,0.0,0.0
12.093745004697737,-37.78077376722869,50.1,0.0,0.0,0.0
12.140769895352221,-37.809848532838444,50.1,0.0,0.0,0.0
12.187831821579767,-37.83890459076028,50.099999999999994,0.0,0.0,0.0
12.234930827475289,-37.86794190664646,50.099999999999994,0.0,0.0,0.0
12.282066957103261,-37.89696044609793,50.10000000000001,0.0,0.0,0.0
12.329240254497591,-37.92596017466449,50.1,0.0,0.0,0.0
12.37645076366099,-37.954941057844664,50.10000000000001,0.0,0.0,0.0
12.423698528564351,-37.983903061085556,50.10000000000001,0.0,0.0,0.0
12.470983593146682,-38.0128461497831,50.1,0.0,0.0,0.0
12.518306001314182,-38.04177028928169,50.099999999999994,0.0,0.0,0.0
12.565665796940182,-38.07067544487452,50.099999999999994,0.0,0.0,0.0
12.613063023864493,-38.09956158180332,50.10000000000001,0.0,0.0,0.0
12.660497725892785,-38.12842866525836,50.1,0.0,0.0,0.0
12.707969946796437,-38.15727666037854,50.10000000000001,0.0,0.0,0.0
12.755479730311905,-38.186105532251325,50.099999999999994,0.0,0.0,0.0
12.803027120140047,-38.21491524591256,50.1,0.0,0.0,0.0
12.85061215994609,-38.243705766346785,50.099999999999994,0.0,0.0,0.0
12.898234893358639,-38.27247705848681,50.1,0.0,0.0,0.0
12.945895363969633,-38.3012290872141,50.1,0.0,0.0,0.0
12.993593615333669,-38.32996181735849,50.099999999999994,0.0,0.0,0.0
13.041329690967329,-38.358675213698184,50.1,0.0,0.0,0.0
13.089103634349076,-38.387369240959885,50.1,0.0,0.0,0.0
13.136915488918529,-38.41604386381868,50.10000000000001,0.0,0.0,0.0
13.184765298075844,-38.44469904689796,50.099999999999994,0.0,0.0,0.0
13.232653105181546,-38.47333475476956,50.099999999999994,0.0,0.0,0.0
13.280578953555834,-38.50195095195363,50.10000000000001,0.0,0.0,0.0
13.328542886477953,-38.53054760291862,50.099999999999994,0.0,0.0,0.0
13.376544947186035,-38.559124672081374,50.099999999999994,0.0,0.0,0.0
13.424585178876184,-38.58768212380693,50.10000000000001,0.0,0.0,0.0
13.472663624702328,-38.6162199224087,50.1,0.0,0.0,0.0
13.520780327775565,-38.644738032148396,50.099999999999994,0.0,0.0,0.0
13.568935331163456,-38.673236417235856,50.1,0.0,0.0,0.0
13.617128677889854,-38.701715041829324,50.099999999999994,0.0,0.0,0.0
13.665360410934237,-38.730173870035244,50.10000000000001,0.0,0.0,0.0
13.713630573230983,-38.7586128659082,50.1,0.0,0.0,0.0
13.761939207669204,-38.787031993451095,50.099999999999994,0.0,0.0,0.0
13.810286357092057,-38.81543121661505,50.1,0.0,0.0,0.0
13.858672064296028,-38.84381049929931,50.1,0.0,0.0,0.0
13.907096372030813,-38.87216980535139,50.1,0.0,0.0,0.0
13.955559322998313,-38.9005090985669,50.10000000000001,0.0,0.0,0.0
14.004060959852525,-38.928828342689705,50.1,0.0,0.0,0.0
14.052601325198802,-38.95712750141186,50.1,0.0,0.0,0.0
14.101180461593165,-38.985406538373454,50.1,0.0,0.0,0.0
14.149798411542083,-39.01366541716287,50.1,0.0,0.0,0.0
14.19845521750178,-39.041904101316625,50.099999999999994,0.0,0.0,0.0
14.247150921877491,-39.07012255431928,50.099999999999994,0.0,0.0,0.0
14.295885567023339,-39.09832073960368,50.099999999999994,0.0,0.0,0.0
14.344659195241293,-39.12649862055068,50.099999999999994,0.0,0.0,0.0
14.393471848781045,-39.154656160489345,50.1,0.0,0.0,0.0
14.442323569839262,-39.182793322696924,50.099999999999994,0.0,0.0,0.0
14.491214400558858,-39.21091007039865,50.1,0.0,0.0,0.0
14.540144383028784,-39.23900636676801,50.1,0.0,0.0,0.0
14.589113559283277,-39.267082174926614,50.10000000000001,0.0,0.0,0.0
14.638121971301146,-39.29513745794412,50.10000000000001,0.0,0.0,0.0
14.687169661005502,-39.32317217883841,50.099999999999994,0.0,0.0,0.0
14.736256670263069,-39.35118630057546,50.099999999999994,0.0,0.0,0.0
14.785383040883403,-39.37917978606934,50.1,0.0,0.0,0.0
14.834548814618715,-39.40715259818233,50.1,0.0,0.0,0.0
14.883754033162855,-39.435104699724775,50.099999999999994,0.0,0.0,0.0
14.93299873815112,-39.463036053455205,50.1,0.0,0.0,0.0
14.98228297115949,-39.49094662208033,50.099999999999994,0.0,0.0,0.0
15.031606773703881,-39.51883636825491,50.1,0.0,0.0,0.0
15.080970187239897,-39.546705254581944,50.10000000000001,0.0,0.0,0.0
15.130373253162066,-39.57455324361259,50.1,0.0,0.0,0.0
15.179816012803073,-39.60238029784612,50.10000000000001,0.0,0.0,0.0
15.22929850743357,-39.63018637973005,50.10000000000001,0.0,0.0,0.0
15.278820778261109,-39.657971451659996,50.099999999999994,0.0,0.0,0.0
15.328382866429948,-39.68573547597984,50.1,0.0,0.0,0.0
15.377984813020284,-39.71347841498167,50.1,0.0,0.0,0.0
15.427626659047442,-39.741200230905704,50.10000000000001,0.0,0.0,0.0
15.477308445461688,-39.768900885940454,50.1,0.0,0.0,0.0
15.527030213147267,-39.79658034222266,50.1,0.0,0.0,0.0
15.576792002921934,-39.82423856183725,50.1,0.0,0.0,0.0
15.62659385553634,-39.85187550681747,50.099999999999994,0.0,0.0,0.0
15.676435811673365,-39.87949113914482,50.10000000000001,0.0,0.0,0.0
15.726317911947536,-39.90708542074906,50.1,0.0,0.0,0.0
15.77624019690438,-39.93465831350829,50.099999999999994,0.0,0.0,0.0
15.826202707019819,-39.96220977924886,50.1,0.0,0.0,0.0
15.876205482699516,-39.989739779745506,50.1,0.0,0.0,0.0
15.926248564278268,-40.01724827672129,50.099999999999994,0.0,0.0,0.0
15.97633199201935,-40.04473523184764,50.1,0.0,0.0,0.0
16.026455806113898,-40.07220060674435,50.1,0.0,0.0,0.0
16.07662004668026,-40.09964436297963,50.1,0.0,0.0,0.0
16.126824753763355,-40.1270664620701,50.1,0.0,0.0,0.0
16.177069967334024,-40.15446686548083,50.099999999999994,0.0,0.0,0.0
16.227355727288394,-40.181845534625324,50.099999999999994,0.0,0.0,0.0
16.27768207344723,-40.209202430865574,50.1,0.0,0.0,0.0
16.328049045555268,-40.236537515512104,50.10000000000001,0.0,0.0,0.0
16.378456683280582,-40.26385074982393,50.1,0.0,0.0,0.0
16.42890502621391,-40.29114209500862,50.1,0.0,0.0,0.0
16.47939411386799,-40.31841151222234,50.099999999999994,0.0,0.0,0.0
16.52992398567693,-40.34565896256982,50.1,0.0,0.0,0.0
16.580494680995507,-40.37288440710444,50.099999999999994,0.0,0.0,0.0
16.63110623909852,-40.40008780682821,50.1,0.0,0.0,0.0
16.681758699180126,-40.42726912269185,50.1,0.0,0.0,0.0
16.732452100353143,-40.454428315594726,50.1,0.0,0.0,0.0
16.783186481648414,-40.48156534638502,50.1,0.0,0.0,0.0
16.833961882014076,-40.508680175859624,50.1,0.0,0.0,0.0
16.88477834031493,-40.53577276476421,50.099999999999994,0.0,0.0,0.0
16.93563589533175,-40.56284307379332,50.1,0.0,0.0,0.0
16.98653458576057,-40.589891063590336,50.10000000000001,0.0,0.0,0.0
17.037474450212027,-40.616916694747516,50.099999999999994,0.0,0.0,0.0
17.08845552721065,-40.64391992780606,50.1,0.0,0.0,0.0
17.139477855194198,-40.6709007232561,50.099999999999994,0.0,0.0,0.0
17.19054147251292,-40.69785904153682,50.099999999999994,0.0,0.0,0.0
17.241646417428896,-40.72479484303635,50.1,0.0,0.0,0.0
17.29279272811532,-40.751708088091924,50.10000000000001,0.0,0.0,0.0
17.343980442655813,-40.77859873698991,50.099999999999994,0.0,0.0,0.0
17.39520959904367,-40.80546674996575,50.1,0.0,0.0,0.0
17.44648023518124,-40.83231208720413,50.1,0.0,0.0,0.0
17.497792388879116,-40.85913470883889,50.1,0.0,0.0,0.0
17.549146097855495,-40.88593457495318,50.10000000000001,0.0,0.0,0.0
17.60054139973544,-40.91271164557943,50.099999999999994,0.0,0.0,0.0
17.651978332050145,-40.93946588069942,50.1,0.0,0.0,0.0
17.703456932236236,-40.9661972402443,50.1,0.0,0.0,0.0
17.754977237635043,-40.99290568409469,50.099999999999994,0.0,0.0,0.0
17.806539285491873,-41.01959117208061,50.099999999999994,0.0,0.0,0.0
17.85814311295527,-41.04625366398167,50.1,0.0,0.0,0.0
17.909788757076317,-41.07289311952704,50.1,0.0,0.0,0.0
17.96147625480786,-41.09950949839546,50.1,0.0,0.0,0.0
18.01320564300381,-41.12610276021536,50.099999999999994,0.0,0.0,0.0
18.064976958418377,-41.152672864564884,50.099999999999994,0.0,0.0,0.0
18.11679023770534,-41.17921977097192,50.1,0.0,0.0,0.0
18.16864551741732,-41.20574343891419,50.1,0.0,0.0,0.0
18.22054283400499,-41.232243827819254,50.1,0.0,0.0,0.0
18.272482223816382,-41.2587208970646,50.1,0.0,0.0,0.0
18.324463723096084,-41.28517460597769,50.10000000000001,0.0,0.0,0.0
18.37648736798454,-41.311604913836014,50.1,0.0,0.0,0.0
18.42855319451723,-41.338011779867095,50.1,0.0,0.0,0.0
18.48066123862397,-41.36439516324864,50.099999999999994,0.0,0.0,0.0
18.5328115361281,-41.39075502310852,50.099999999999994,0.0,0.0,0.0
18.585004122745776,-41.417091318524875,50.10000000000001,0.0,0.0,0.0
18.637239034085166,-41.44340400852612,50.1,0.0,0.0,0.0
18.68951630564567,-41.46969305209109,50.099999999999994,0.0,0.0,0.0
18.74183597281718,-41.49595840814897,50.099999999999994,0.0,0.0,0.0
18.7941980708793,-41.5222000355795,50.1,0.0,0.0,0.0
18.84660263500054,-41.548417893212935,50.1,0.0,0.0,0.0
18.89904970023759,-41.57461193983017,50.1,0.0,0.0,0.0
18.951539301534474,-41.600782134162735,50.1,0.0,0.0,0.0
19.00407147372183,-41.62692843489296,50.10000000000001,0.0,0.0,0.0
19.05664625151607,-41.65305080065396,50.10000000000001,0.0,0.0,0.0
19.109263669518626,-41.67914919002969,50.1,0.0,0.0,0.0
19.161923762215135,-41.70522356155511,50.099999999999994,0.0,0.0,0.0
19.214626563974665,-41.73127387371614,50.1,0.0,0.0,0.0
19.267372109048907,-41.75730008494982,50.1,0.0,0.0,0.0
19.32016043157138,-41.78330215364432,50.099999999999994,0.0,0.0,0.0
19.3729915655566,-41.80928003813906,50.1,0.0,0.0,0.0
19.42586554489934,-41.83523369672472,50.1,0.0,0.0,0.0
19.478782403373767,-41.86116308764342,50.1,0.0,0.0,0.0
19.53174217463265,-41.88706816908864,50.1,0.0,0.0,0.0
19.584744892206547,-41.912948899205446,50.10000000000001,0.0,0.0,0.0
19.637790589503002,-41.93880523609046,50.1,0.0,0.0,0.0
19.6908792998057,-41.96463713779203,50.1,0.0,0.0,0.0
19.7440110562737,-41.990444562310216,50.099999999999994,0.0,0.0,0.0
19.79718589194054,-42.01622746759692,50.1,0.0,0.0,0.0
19.850403839713486,-42.04198581155599,50.1,0.0,0.0,0.0
19.90366493237265,-42.067719552043236,50.10000000000001,0.0,0.0,0.0
19.956969202570193,-42.093428646866556,50.1,0.0,0.0,0.0
20.010316682829476,-42.119113053786016,50.1,0.0,0.0,0.0
20.06370740554424,-42.14477273051395,50.10000000000001,0.0,0.0,0.0
20.117141402977754,-42.17040763471498,50.1,0.0,0.0,0.0
20.170618707262,-42.19601772400618,50.099999999999994,0.0,0.0,0.0
20.224139350396793,-42.22160295595716,50.10000000000001,0.0,0.0,0.0
20.277703364248985,-42.247163288090064,50.099999999999994,0.0,0.0,0.0
20.331310780551572,-42.27269867787975,50.099999999999994,0.0,0.0,0.0
20.38496163090287,-42.29820908275389,50.1,0.0,0.0,0.0
20.438655946765667,-42.323694460092966,50.1,0.0,0.0,0.0
20.492393759466374,-42.34915476723046,50.099999999999994,0.0,0.0,0.0
20.546175100194134,-42.37458996145292,50.1,0.0,0.0,0.0
20.600000000000005,-42.4,50.1,0.0,0.0,0.0
