galstreams/tracks/track.st.Orphan-Chenab.shipp2019.ecsv
# %ECSV 0.9
# ---
# datatype:
# - {name: ra, unit: deg, datatype: float64}
# - {name: dec, unit: deg, datatype: float64}
# - {name: distance, unit: kpc, datatype: float64}
# - {name: pm_ra_cosdec, unit: mas / yr, datatype: float64}
# - {name: pm_dec, unit: mas / yr, datatype: float64}
# - {name: radial_velocity, unit: km / s, datatype: float64}
# delimiter: ','
# meta: !!omap
# - __serialized_columns__:
#     dec:
#       __class__: astropy.coordinates.angles.Latitude
#       unit: &id001 !astropy.units.Unit {unit: deg}
#       value: !astropy.table.SerializedColumn {name: dec}
#     distance:
#       __class__: astropy.coordinates.distances.Distance
#       unit: !astropy.units.Unit {unit: kpc}
#       value: !astropy.table.SerializedColumn {name: distance}
#     pm_dec:
#       __class__: astropy.units.quantity.Quantity
#       unit: !astropy.units.Unit {unit: mas / yr}
#       value: !astropy.table.SerializedColumn {name: pm_dec}
#     pm_ra_cosdec:
#       __class__: astropy.units.quantity.Quantity
#       unit: !astropy.units.Unit {unit: mas / yr}
#       value: !astropy.table.SerializedColumn {name: pm_ra_cosdec}
#     ra:
#       __class__: astropy.coordinates.angles.Longitude
#       unit: *id001
#       value: !astropy.table.SerializedColumn {name: ra}
#       wrap_angle: !astropy.coordinates.Angle
#         unit: *id001
#         value: 360.0
#     radial_velocity:
#       __class__: astropy.units.quantity.Quantity
#       unit: !astropy.units.Unit {unit: km / s}
#       value: !astropy.table.SerializedColumn {name: radial_velocity}
# schema: astropy-2.0
ra,dec,distance,pm_ra_cosdec,pm_dec,radial_velocity
[from data line 274]
323.61047862043426,-56.306539831145265,39.800000000002,0.22652567016946343,-2.686838829152567,2.9826694004693016e-09
323.616264144129,-56.296973620797445,39.80000000000198,0.22684090348449748,-2.6863427483609876,2.970914009556e-09
323.62205279925723,-56.28740876855075,39.80000000000197,0.22715601267357188,-2.685846331203897,2.9592596678482567e-09
323.62784458436755,-56.27784527379663,39.800000000001965,0.2274709974835908,-2.6853495777009138,2.947740058414591e-09
323.633639498011,-56.26828313592624,39.800000000001944,0.22778585766159343,-2.684852487871756,2.9362204489809256e-09
323.6394375387413,-56.25872235433071,39.80000000000194,0.2281005929547395,-2.684355061736241,2.9246334734102217e-09
323.6452387051144,-56.24916292840076,39.80000000000191,0.22841520311032137,-2.683857299314292,2.913181230113595e-09
323.6510429956891,-56.23960485752691,39.800000000001894,0.22872968787576042,-2.683359200625926,2.9016953037484494e-09
323.6568504090266,-56.23004814109944,39.800000000001894,0.22904404699860637,-2.68286076569126,2.890276743520342e-09
323.6626609436904,-56.22049277850849,39.80000000000187,0.22935828022653457,-2.6823619945305186,2.8787908171551965e-09
323.6684745982468,-56.210938769143866,39.80000000000186,0.22967238730735062,-2.681862887164019,2.867405939995609e-09
323.6742913712644,-56.20138611239513,39.800000000001866,0.22998636798898775,-2.681363443612179,2.8562231612471385e-09
323.6801112613143,-56.1918348076517,39.80000000000184,0.23030022201950118,-2.680863663895523,2.8447372348819928e-09
323.6859342669703,-56.182284854302715,39.80000000000183,0.23061394914708444,-2.6803635480346664,2.833554456133522e-09
323.6917603868085,-56.172736251737014,39.800000000001816,0.2309275491200501,-2.6798630960503305,2.82247272659061e-09
323.6975896194073,-56.16318899934334,39.800000000001795,0.23124102168683758,-2.6793623079633324,2.811020483293984e-09
323.7034219633479,-56.15364309651013,39.800000000001795,0.2315543665960147,-2.678861183794592,2.799871387614033e-09
323.7092574172139,-56.14409854262552,39.80000000000177,0.23186758359628123,-2.6783597235651264,2.7887559750026016e-09
323.7150959795913,-56.13455533707761,39.80000000000177,0.2321806724364569,-2.6778579272960537,2.777775294665248e-09
323.7209376490684,-56.125013479254065,39.800000000001745,0.23249363286548586,-2.677355795008593,2.7665925159167773e-09
323.72678242423626,-56.115472968542434,39.80000000000173,0.23280646463244625,-2.676853326724059,2.7555781525109046e-09
323.73263030368827,-56.10593380432996,39.80000000000172,0.23311916748653994,-2.676350522463866,2.7444964229679922e-09
323.7384812860201,-56.09639598600379,39.80000000000171,0.23343174117708765,-2.6758473822495326,2.733583108767678e-09
323.7443353698301,-56.086859512950724,39.8000000000017,0.23374418545354492,-2.675343906102672,2.7226024284303242e-09
323.75019255371893,-56.077324384557315,39.80000000000169,0.2340565000654894,-2.6748400940449963,2.7117564803670488e-09
323.7560528362897,-56.06779060021004,39.800000000001674,0.234368684762621,-2.674335946098321,2.700876849235254e-09
323.76191621614794,-56.05825815929499,39.80000000000167,0.23468073929476807,-2.6738314622845563,2.690064584240498e-09
323.76778269190163,-56.04872706119806,39.800000000001646,0.2349926634118843,-2.6733266426257143,2.6791175869716636e-09
323.77365226216114,-56.03919730530504,39.80000000000164,0.23530445686404833,-2.6728214871439024,2.6683726881139465e-09
323.77952492553914,-56.02966889100135,39.800000000001624,0.23561611940145855,-2.672315995861333,2.6576277892562293e-09
323.7854006806509,-56.02014181767225,39.80000000000161,0.23592765077444366,-2.6718101688003113,2.6469502565355515e-09
323.79127952611407,-56.010616084702704,39.8000000000016,0.2362390507334575,-2.671304005983243,2.636171674609315e-09
323.7971614605486,-56.00109169147761,39.800000000001596,0.2365503190290724,-2.670797507432635,2.625595191094195e-09
323.80304648257686,-55.99156863738148,39.80000000000158,0.23686145541198977,-2.670290673171089,2.614917658373517e-09
323.80893459082364,-55.98204692179864,39.80000000000157,0.23717245963303235,-2.6697835032213098,2.6044085409954364e-09
323.81482578391604,-55.972526544113286,39.80000000000155,0.23748333144314593,-2.6692759976060962,2.5937646913432776e-09
323.8207200604836,-55.963007503709306,39.80000000000154,0.23779407059340185,-2.6687681563483485,2.5832892570337164e-09
323.8266174191583,-55.9534897999703,39.80000000000154,0.23810467683499548,-2.6682599794710624,2.572813822724155e-09
323.8325178585744,-55.94397343227983,39.800000000001525,0.23841514991924284,-2.667751466997336,2.5623720714831134e-09
323.83842137736843,-55.93445840002109,39.80000000000151,0.23872548959758177,-2.667242618950364,2.5518629541050327e-09
323.8443279741795,-55.924944702577086,39.800000000001496,0.23903569562157975,-2.6667334353534384,2.5414885690010302e-09
323.850237647649,-55.915432339330586,39.80000000000148,0.23934576774292307,-2.666223916229949,2.531215233102586e-09
323.8561503964205,-55.90592130966422,39.80000000000147,0.23965570571341507,-2.665714061603385,2.5208071649300637e-09
323.8620662191402,-55.89641161296032,39.80000000000147,0.23996550928499116,-2.665203871497334,2.510567512100139e-09
323.8679851144565,-55.88690324860096,39.800000000001454,0.24027517820970481,-2.6646933459354805,2.5002941762016944e-09
323.8739070810199,-55.87739621596815,39.800000000001454,0.2405847122397291,-2.664182484941607,2.490121889508809e-09
323.8798321174837,-55.86789051444354,39.80000000000143,0.2408941111273618,-2.663671288539596,2.479949602815923e-09
323.88576022250334,-55.85838614340853,39.800000000001425,0.24120337462502447,-2.663159756753424,2.4697099499859984e-09
323.8916913947364,-55.8488831022445,39.80000000000141,0.24151250248525624,-2.662647889607169,2.4596050294301515e-09
323.897625632843,-55.83938139033242,39.8000000000014,0.24182149446072132,-2.662135687125004,2.4495001088743045e-09
323.90356293548547,-55.82988100705314,39.80000000000138,0.24213035030420016,-2.661623149331202,2.4394288713869774e-09
323.90950330132847,-55.820381951787176,39.80000000000138,0.2424390697686022,-2.6611102762501297,2.42935763389965e-09
323.91544672903905,-55.81088422391503,39.80000000000136,0.2427476526069495,-2.660597067906257,2.419286396412323e-09
323.9213932172864,-55.801387822816835,39.800000000001354,0.2430560985723913,-2.6600835243241465,2.409316208130554e-09
323.92734276474215,-55.79189274787247,39.80000000000135,0.24336440741819654,-2.65956964552846,2.399480752122863e-09
323.9332953700802,-55.782398998461794,39.80000000000133,0.24367257889775196,-2.659055431543957,2.3896116130466525e-09
323.93925103197665,-55.77290657396425,39.800000000001326,0.24398061276456484,-2.6585408823954944,2.379742473970442e-09
323.94520974911006,-55.76341547375911,39.800000000001305,0.24428850877226926,-2.658025998108026,2.3698396518257126e-09
323.951171520161,-55.75392569722559,39.800000000001305,0.24459626667460743,-2.6575107787066012,2.3601389280920993e-09
323.9571363438125,-55.74443724374249,39.80000000000129,0.24490388622545523,-2.656995224216369,2.3503034720844087e-09
323.96310421875,-55.73495011268847,39.800000000001276,0.245211367178799,-2.656479334662574,2.3406364314193153e-09
323.969075143661,-55.72546430344194,39.80000000000127,0.24551870928874886,-2.655963110070559,2.3308009754116243e-09
323.97504911723513,-55.71597981538125,39.80000000000126,0.24582591230953255,-2.6554465504657623,2.3211002516780114e-09
323.9810261381646,-55.70649664788437,39.80000000000125,0.246132975995496,-2.654929655873721,2.311500577149957e-09
323.98700620514376,-55.69701480032906,39.80000000000123,0.24643990010111183,-2.654412426320066,2.301799853416344e-09
323.99298931686906,-55.687534272093025,39.800000000001226,0.24674668438096017,-2.6538948618305285,2.292301228093848e-09
323.99897547203943,-55.678055062553604,39.80000000000121,0.2470533285897496,-2.6533769624309334,2.282869968908391e-09
324.0049646693559,-55.66857717108792,39.800000000001205,0.24735983248230364,-2.652858728147205,2.2732702943803364e-09
324.01095690752175,-55.65910059707304,39.8000000000012,0.24766619581356475,-2.6523401590053615,2.2637716690578406e-09
324.0169521852424,-55.649625339885695,39.80000000000118,0.24797241833859351,-2.65182125503152,2.2544077760094226e-09
324.02295050122586,-55.64015139890242,39.80000000000117,0.24827849981257188,-2.651302016251893,2.2449765168239652e-09
324.02895185418197,-55.63067877349948,39.80000000000117,0.24858443999079793,-2.6507824426927886,2.235612623775547e-09
324.0349562428229,-55.621207463053146,39.80000000000116,0.2488902386286842,-2.6502625343806123,2.2262824137956486e-09
324.0409636658631,-55.61173746693926,39.80000000000114,0.24919589548176702,-2.6497422913418687,2.21695220381575e-09
324.04697412201926,-55.60226878453351,39.800000000001134,0.2495014103057014,-2.6492217136031506,2.2076893599728907e-09
324.0529876100101,-55.592801415211476,39.800000000001134,0.24980678285625066,-2.648700801191157,2.1983928330615115e-09
324.05900412855675,-55.583335358348414,39.80000000000112,0.2501120128893055,-2.6481795541326765,2.1891636722871717e-09
324.06502367638257,-55.57387061331937,39.800000000001106,0.2504171001608735,-2.6476579724545943,2.1800355607183897e-09
324.0710462522127,-55.56440717949932,39.8000000000011,0.2507220444270689,-2.6471360561838937,2.17080639994405e-09
324.077071854775,-55.554945056262895,39.80000000000109,0.2510268454441358,-2.646613805347655,2.1617119714437878e-09
324.08310048279924,-55.54548424298457,39.80000000000108,0.25133150296843165,-2.646091219973049,2.1526849090805646e-09
324.0891321350174,-55.53602473903856,39.80000000000107,0.2516360167564249,-2.6455683000873487,2.143624163648822e-09
324.09516681016356,-55.52656654379902,39.80000000000106,0.25194038656470574,-2.6450450457179198,2.134630784354118e-09
324.1012045069743,-55.517109656639754,39.80000000000104,0.25224461214998417,-2.644521456892223,2.1255026727853366e-09
324.107245224188,-55.50765407693436,39.80000000000104,0.25254869326907936,-2.643997533637815,2.116576659627672e-09
324.1132889605452,-55.498199804056405,39.800000000001035,0.2528526296789283,-2.6434732759823527,2.1076506464700072e-09
324.11933571478903,-55.48874683737906,39.80000000000101,0.2531564211365901,-2.642948683953581,2.0988593655864205e-09
324.12538548566437,-55.47929517627532,39.800000000001,0.25346006739923443,-2.642423757579346,2.089933352428756e-09
324.13143827191834,-55.46984482011815,39.800000000001006,0.25376356822414514,-2.6418984968875847,2.0811420715451693e-09
324.1374940723003,-55.46039576828009,39.80000000000099,0.25406692336872816,-2.641372901906337,2.0722834245245433e-09
324.1435528855617,-55.45094802013359,39.800000000000985,0.25437013259050223,-2.640846972663728,2.0635258267094764e-09
324.1496147104561,-55.44150157505083,39.80000000000098,0.254673195647099,-2.640320709187987,2.0548019119629286e-09
324.15567954573925,-55.43205643240395,39.80000000000096,0.2549761122962656,-2.6397941115074346,2.0461116802849e-09
324.16174739016907,-55.422612591564715,39.800000000000956,0.25527888229587203,-2.639267179650485,2.037488814743911e-09
324.1678182425056,-55.41317005190471,39.80000000000095,0.25558150540389446,-2.6387399136456513,2.028899632271441e-09
324.1738921015107,-55.40372881279546,39.800000000000935,0.25588398137842616,-2.6382123135215387,2.0202430836619324e-09
324.1799689659489,-55.39428887360813,39.80000000000093,0.2561863099776748,-2.63768437930685,2.0115865350524235e-09
324.1860488345865,-55.38485023371372,39.800000000000914,0.2564884909599716,-2.6371561110303805,2.003132084854032e-09
324.19213170619184,-55.37541289248314,39.800000000000914,0.25679052408374603,-2.63662750872102,1.9945765854500813e-09
324.1982175795356,-55.36597684928699,39.80000000000091,0.2570924091075546,-2.6360985724077572,1.9861895013887287e-09
324.2043064533904,-55.356542103495656,39.8000000000009,0.2573941457900656,-2.63556930211967,1.9777013681218174e-09
324.2103983265312,-55.347108654479385,39.800000000000885,0.2576957338900623,-2.635039697885937,1.9693142840604643e-09
324.21649319773474,-55.337676501608264,39.80000000000088,0.2579971731664311,-2.6345097597358262,1.960826150793553e-09
324.22259106578,-55.328245644252114,39.80000000000087,0.2582984633781904,-2.633979487698703,1.9526411651433174e-09
324.22869192944813,-55.318816081780504,39.800000000000864,0.25859960428446005,-2.6334488818040267,1.9443551302875227e-09
324.23479578752216,-55.309387813562985,39.80000000000085,0.25890059564447476,-2.6329179420813515,1.9360690954317284e-09
324.24090263878736,-55.29996083896876,39.80000000000083,0.2592014372175834,-2.6323866685603265,1.9277493775074147e-09
324.2470124820312,-55.29053515736683,39.80000000000084,0.2595021287632573,-2.6318550612706906,1.919665441062737e-09
324.2531253160429,-55.281110768126155,39.80000000000083,0.2598026700410646,-2.6313231202422864,1.9114467723439816e-09
324.2592411396139,-55.27168767061534,39.800000000000814,0.2601030608106989,-2.6307908455050417,1.9032617866937457e-09
324.2653599515378,-55.262265864202874,39.800000000000814,0.2604033008319623,-2.6302582370889813,1.8951104841120295e-09
324.2714817506102,-55.25284534825696,39.8000000000008,0.26070338986477315,-2.629725295024228,1.8871275968729106e-09
324.2776065356286,-55.24342612214579,39.8000000000008,0.2610033276691551,-2.629192019340992,1.8790099773597135e-09
324.28373430539284,-55.2340081852372,39.80000000000077,0.26130311400525363,-2.6286584100695856,1.871060773189114e-09
324.2898650587046,-55.22459153689882,39.80000000000078,0.26160274863332145,-2.628124467240406,1.862943153675917e-09
324.2959987943677,-55.21517617649827,39.80000000000077,0.26190223131372115,-2.627590190883952,1.8549939495053177e-09
324.3021355111879,-55.20576210340281,39.80000000000076,0.26220156180693477,-2.6270555810308123,1.8471457945402765e-09
324.3082752079732,-55.19634931697949,39.80000000000075,0.26250073987355416,-2.6265206377116694,1.8391629073011576e-09
324.3144178835334,-55.18693781659535,39.800000000000736,0.2627997652742763,-2.6259853609573023,1.831415801541675e-09
324.3205635366804,-55.17752760161708,39.80000000000073,0.26309863776992004,-2.625449750798581,1.823635012713673e-09
324.3267121662283,-55.1681186714112,39.80000000000072,0.26339735712140866,-2.624913807266471,1.815854223885671e-09
324.332863770993,-55.158711025344026,39.80000000000072,0.2636959230897846,-2.624377530392028,1.80800606892063e-09
324.33901834979247,-55.14930466278183,39.800000000000715,0.263994335436192,-2.623840920206406,1.8003263292981864e-09
324.34517590144674,-55.139899583090525,39.80000000000071,0.26429259392189197,-2.6233039767408513,1.7926802727442623e-09
324.35133642477797,-55.130495785635844,39.8000000000007,0.26459069830825965,-2.6227667000267,1.7849668500532993e-09
324.35749991861,-55.121093269783486,39.80000000000069,0.2648886483567763,-2.6222290900953857,1.777388159636414e-09
324.363666381769,-55.11169203489881,39.80000000000068,0.2651864438290359,-2.6216911469784336,1.769809469219529e-09
324.369835813083,-55.10229208034698,39.80000000000067,0.26548408448674454,-2.621152870707462,1.762298144939683e-09
324.376008211382,-55.09289340549312,39.800000000000665,0.2657815700917141,-2.620614261314183,1.754719454522798e-09
324.38218357549806,-55.083496009702046,39.80000000000065,0.26607890040587834,-2.620075318830401,1.7472081302429518e-09
324.38836190426514,-55.074099892338396,39.80000000000066,0.26637607519126716,-2.619536043288016,1.7397641721001445e-09
324.39454319651935,-55.06470505276658,39.800000000000644,0.2666730942100356,-2.618996434719017,1.732219164751779e-09
324.40072745109853,-55.05531149035101,39.80000000000064,0.26696995722443373,-2.6184564931554895,1.7248762558145302e-09
324.4069146668428,-55.04591920445571,39.80000000000062,0.26726666399683474,-2.6179162186296105,1.717499663808762e-09
324.41310484259407,-55.03652819444455,39.80000000000062,0.26756321428971697,-2.617375611173648,1.7101567548715133e-09
