galstreams/tracks/track.st.AAU-ATLAS.ibata2021.ecsv
# %ECSV 1.0
# ---
# datatype:
# - {name: ra, unit: deg, datatype: float64}
# - {name: dec, unit: deg, datatype: float64}
# - {name: distance, unit: kpc, datatype: float64}
# - {name: pm_ra_cosdec, unit: mas / yr, datatype: float64}
# - {name: pm_dec, unit: mas / yr, datatype: float64}
# - {name: radial_velocity, unit: km / s, datatype: float64}
# delimiter: ','
# meta: !!omap
# - __serialized_columns__:
#     dec:
#       __class__: astropy.coordinates.angles.Latitude
#       unit: &id001 !astropy.units.Unit {unit: deg}
#       value: !astropy.table.SerializedColumn {name: dec}
#     distance:
#       __class__: astropy.coordinates.distances.Distance
#       unit: !astropy.units.Unit {unit: kpc}
#       value: !astropy.table.SerializedColumn {name: distance}
#     pm_dec:
#       __class__: astropy.units.quantity.Quantity
#       unit: !astropy.units.Unit {unit: mas / yr}
#       value: !astropy.table.SerializedColumn {name: pm_dec}
#     pm_ra_cosdec:
#       __class__: astropy.units.quantity.Quantity
#       unit: !astropy.units.Unit {unit: mas / yr}
#       value: !astropy.table.SerializedColumn {name: pm_ra_cosdec}
#     ra:
#       __class__: astropy.coordinates.angles.Longitude
#       unit: *id001
#       value: !astropy.table.SerializedColumn {name: ra}
#       wrap_angle: !astropy.coordinates.Angle
#         unit: *id001
#         value: 360.0
#     radial_velocity:
#       __class__: astropy.units.quantity.Quantity
#       unit: !astropy.units.Unit {unit: km / s}
#       value: !astropy.table.SerializedColumn {name: radial_velocity}
# schema: astropy-2.0
ra,dec,distance,pm_ra_cosdec,pm_dec,radial_velocity
[from data line 137]
18.668954043087993,-25.956182509589095,23.88026650846508,-0.22026183149990508,-0.9418496159969911,-107.91599574168953
18.67847638591289,-25.96148249270612,23.875204299967265,-0.22000489705323967,-0.941312466140114,-107.88819242219792
18.687997383837487,-25.966784313611523,23.870168265764924,-0.21974834357290535,-0.9407759803200209,-107.8604207366324
18.69751704015429,-25.972087969365322,23.86515836521664,-0.2194921702468079,-0.9402401583825544,-107.83268055113011
18.70703535815524,-25.977393457026714,23.860174557681,-0.21923637626290138,-0.9397050001733508,-107.80497173182818
18.716552341132157,-25.982700773654408,23.85521680251658,-0.21898096080918472,-0.9391705055378379,-107.77729414486373
18.726067992376326,-25.988009916306346,23.850285059081965,-0.21872592307370486,-0.9386366743212362,-107.74964765637388
18.735582315178686,-25.993320882039814,23.845379286735728,-0.21847126224455587,-0.9381035063685585,-107.72203213249578
18.74509531282998,-25.99863366791157,23.840499444836464,-0.2182169775098758,-0.9375710015246095,-107.69444743936653
18.754606988620385,-26.003948270977553,23.83564549274275,-0.21796306805785182,-0.9370391596339869,-107.6668934431233
18.76411734583993,-26.009264688293193,23.830817389813166,-0.21770953307671603,-0.9365079805410795,-107.63937000990322
18.77362638777811,-26.01458291691317,23.82601509540628,-0.21745637175474808,-0.9359774640900704,-107.61187700584335
18.783134117724227,-26.01990295389158,23.821238568880695,-0.21720358328027284,-0.935447610124932,-107.5844142970809
18.792640538967106,-26.02522479628182,23.816487769594982,-0.21695116684166266,-0.9349184184894326,-107.55698174975294
18.802145654795222,-26.030548441136606,23.811762656907725,-0.21669912162733596,-0.9343898890271296,-107.52957922999667
18.81164946849682,-26.035873885508114,23.807063190177498,-0.21644744682575678,-0.9338620215813747,-107.50220660394908
18.821151983359638,-26.041201126447724,23.802389328762896,-0.21619614162543704,-0.933334815995311,-107.47486373774746
18.830653202671208,-26.046530161006302,23.79774103202249,-0.21594520521493243,-0.9328082721118738,-107.44755049752885
18.84015312971856,-26.051860986233915,23.79311825931486,-0.21569463678284795,-0.9322823897737914,-107.42026674943037
18.849651767788533,-26.057193599180135,23.78852096999859,-0.21544443551783177,-0.9317571688235834,-107.39301235958922
18.859149120167423,-26.062527996893714,23.783949123432265,-0.21519460060858064,-0.9312326091035616,-107.36578719414246
18.86864519014139,-26.06786417642291,23.77940267897447,-0.21494513124383596,-0.9307087104558313,-107.33859111922727
18.878139980996075,-26.07320213481522,23.77488159598378,-0.21469602661238568,-0.9301854727222891,-107.31142400098065
18.88763349601678,-26.07854186911746,23.770385833818768,-0.21444728590306494,-0.9296628957446236,-107.28428570553997
18.89712573848858,-26.08388337637593,23.765915351838032,-0.2141989083047527,-0.929140979364316,-107.25717609904216
18.90661671169605,-26.089226653636118,23.761470109400143,-0.2139508930063755,-0.9286197234226397,-107.23009504762436
18.916106418923547,-26.09457169794301,23.75705006586368,-0.21370323919690548,-0.928099127760661,-107.20304241742379
18.925594863454926,-26.099918506340774,23.75265518058724,-0.21345594606536128,-0.9275791922192362,-107.17601807457754
18.935082048573868,-26.105267075873083,23.748285412929388,-0.2132090128008059,-0.9270599166390165,-107.14902188522277
18.94456797756357,-26.11061740358285,23.743940722248713,-0.21296243859234948,-0.9265413008604434,-107.12205371549652
18.954052653706853,-26.11596948651231,23.73962106790379,-0.21271622262914885,-0.9260233447237514,-107.09511343153598
18.96353608028636,-26.12132332170317,23.735326409253208,-0.21247036410040426,-0.9255060480689667,-107.06820089947823
18.97301826058417,-26.126678906196332,23.731056705655543,-0.21222486219536418,-0.9249894107359085,-107.04131598546049
18.982499197882216,-26.13203623703218,23.72681191646938,-0.21197971610332073,-0.9244734325641866,-107.01445855561981
18.99197889546189,-26.137395311250316,23.7225920010533,-0.21173492501361363,-0.9239581133932047,-106.98762847609333
19.00145735660441,-26.1427561258898,23.718396918765887,-0.21149048811562693,-0.9234434530621571,-106.96082561301822
19.010934584590526,-26.14811867798896,23.71422662896571,-0.21124640459879057,-0.9229294514100315,-106.93404983253161
19.020410582700595,-26.153482964585436,23.71008109101136,-0.21100267365258168,-0.9224161082756069,-106.9073010007705
19.029885354214827,-26.15884898271634,23.705960264261428,-0.2107592944665201,-0.9219034234974544,-106.88057898387221
19.039358902412836,-26.164216729417983,23.701864108074474,-0.21051626623017444,-0.921391396913938,-106.85388364797376
19.0488312305741,-26.169586201726137,23.697792581809097,-0.21027358813315628,-0.9208800283632118,-106.82721485921235
19.058302341977562,-26.174957396675826,23.693745644823874,-0.21003125936512418,-0.9203693176832248,-106.80057248372489
19.067772239902,-26.180330311301493,23.68972325647738,-0.20978927911578127,-0.9198592647117159,-106.77395638764882
19.077240927625702,-26.18570494263687,23.685725376128193,-0.2095476465748768,-0.9193498692862169,-106.74736643712107
19.086708408426592,-26.191081287714994,23.68175196313491,-0.20930636093220584,-0.918841131244051,-106.7208024982788
19.096174685582408,-26.19645934356839,23.677802976856103,-0.2090654213776072,-0.9183330504223346,-106.6942644372592
19.105639762370348,-26.201839107228736,23.673878376650354,-0.208824827100967,-0.9178256266579747,-106.66775212019937
19.115103642067435,-26.20722057572724,23.669978121876245,-0.20858457729221475,-0.9173188597876712,-106.64126541323643
19.124566327950163,-26.21260374609427,23.66610217189236,-0.20834467114132715,-0.9168127496479161,-106.61480418250746
19.13402782329487,-26.217988615359705,23.66225048605727,-0.20810510783832442,-0.9163072960749924,-106.58836829414963
19.143488131377385,-26.223375180552644,23.658423023729572,-0.2078658865732737,-0.9158024989049764,-106.5619576143001
19.152947255473215,-26.228763438701527,23.65461974426784,-0.2076270065362858,-0.9152983579737346,-106.53557200909597
19.16240519885765,-26.234153386834272,23.650840607030645,-0.20738846691751744,-0.9147948731169279,-106.50921134467433
19.17186196480543,-26.23954502197793,23.64708557137659,-0.2071502669071712,-0.9142920441700062,-106.48287548717242
19.18131755659115,-26.2449383411591,23.64335459666424,-0.20691240569549285,-0.9137898709682137,-106.45656430272729
19.190771977488865,-26.250333341403547,23.63964764225218,-0.20667488247277493,-0.9132883533465853,-106.43027765747601
19.200225230772478,-26.255730019736532,23.635964667498996,-0.2064376964293541,-0.9127874911399483,-106.40401541755584
19.209677319715386,-26.26112837318253,23.632305631763263,-0.20620084675561262,-0.9122872841829215,-106.37777744910379
19.219128247590636,-26.266528398765374,23.62867049440356,-0.20596433264197755,-0.9117877323099155,-106.3515636182571
19.228578017671097,-26.271930093508352,23.62505921477848,-0.20572815327892024,-0.9112888353551329,-106.32537379115278
19.238026633229076,-26.277333454433904,23.621471752246595,-0.20549230785695843,-0.9107905931525688,-106.29920783392808
19.247474097536735,-26.282738478564024,23.617908066166493,-0.20525679556665233,-0.9102930055360088,-106.27306561272003
19.256920413865682,-26.28814516291983,23.614368115896745,-0.20502161559861043,-0.9097960723390316,-106.24694699366576
19.266365585487385,-26.29355350452196,23.610851860795943,-0.2047867671434827,-0.9092997933950064,-106.2208518429025
19.275809615672824,-26.298963500390297,23.607359260222662,-0.2045522493919651,-0.9088041685370951,-106.19478002656727
19.285252507692615,-26.304375147544018,23.603890273535487,-0.2043180615347998,-0.908309197598251,-106.16873141079728
19.294694264817185,-26.309788443001782,23.600444860093,-0.20408420276277117,-0.9078148804112192,-106.14270586172958
19.30413489031641,-26.31520338378144,23.59702297925378,-0.2038506722667105,-0.9073212168085366,-106.11670324550137
19.313574387460022,-26.320619966900306,23.593624590376407,-0.20361746923749208,-0.9068282066225315,-106.09072342824972
19.323012759517212,-26.326038189374916,23.590249652819463,-0.20338459286603622,-0.9063358496853247,-106.06476627611185
19.332450009757007,-26.331458048221258,23.586898125941538,-0.20315204234330603,-0.9058441458288273,-106.03883165522478
19.34188614144796,-26.336879540454564,23.583569969101198,-0.20291981686031113,-0.9053530948847435,-106.01291943172568
19.351321157858266,-26.342302663089416,23.580265141657037,-0.202687915608105,-0.9048626966845678,-105.98702947175165
19.360755062255915,-26.347727413139825,23.576983602967637,-0.2024563377777845,-0.9043729510595875,-105.96116164143992
19.370187857908373,-26.353153787618993,23.573725312391563,-0.20222508256049282,-0.9038838578408811,-105.93531580692753
19.379619548082935,-26.35858178353962,23.57049022928741,-0.20199414914741615,-0.9033954168593183,-105.9094918343516
19.389050136046357,-26.364011397913586,23.56727831301377,-0.20176353672978642,-0.9029076279455606,-105.88368958984928
19.398479625065274,-26.369442627752257,23.564089522929194,-0.20153324449887772,-0.9024204909300615,-105.85790893955777
19.407908018405795,-26.374875470066215,23.560923818392286,-0.20130327164601086,-0.9019340056430653,-105.83214974961406
19.41733531933368,-26.38030992186541,23.55778115876162,-0.20107361736255014,-0.9014481719146079,-105.8064118861554
19.426761531114522,-26.385745980159204,23.554661503395785,-0.2008442808399034,-0.9009629895745177,-105.78069521531889
19.436186657013348,-26.39118364195615,23.551564811653353,-0.20061526126952378,-0.9004784584524128,-105.75499960324161
19.445610700295042,-26.396622904264323,23.548491042892913,-0.20038655784290804,-0.899994578377705,-105.72932491606072
19.45503366422394,-26.40206376409094,23.545440156473045,-0.20015816975159728,-0.8995113491795947,-105.70367101991336
19.464455552064244,-26.407506218442737,23.542412111752316,-0.19993009618717666,-0.8990287706870772,-105.67803778093656
19.473876367079654,-26.412950264325648,23.53940686808933,-0.19970233634127538,-0.898546842728936,-105.65242506526761
19.483296112533512,-26.418395898744954,23.536424384842658,-0.19947488940556773,-0.8980655651337475,-105.62683273904355
19.492714791688986,-26.423843118705385,23.533464621370875,-0.19924775457177052,-0.89758493772988,-105.6012606684016
19.50213240780869,-26.42929192121085,23.530527537032572,-0.19902093103164592,-0.8971049603454917,-105.57570871947873
19.511548964155097,-26.43474230326476,23.527613091186318,-0.19879441797699832,-0.8966256328085334,-105.55017675841215
19.520964463990122,-26.440194261869685,23.52472124319072,-0.19856821459967872,-0.8961469549467458,-105.52466465133902
19.530378910575543,-26.445647794027696,23.521851952404326,-0.19834232009157943,-0.8956689265876623,-105.49917226439642
19.539792307172654,-26.451102896740093,23.519005178185747,-0.19811673364463828,-0.8951915475586069,-105.47369946372152
19.54920465704238,-26.45655956700749,23.516180879893543,-0.19789145445083706,-0.8947148176866951,-105.44824611545133
19.558615963445476,-26.462017801829955,23.513379016886304,-0.19766648170220003,-0.8942387367988329,-105.42281208572314
19.568026229642143,-26.46747759820675,23.510599548522613,-0.19744181459079646,-0.8937633047217186,-105.39739724067401
19.577435458892424,-26.472938953136598,23.50784243416105,-0.19721745230873877,-0.8932885212818406,-105.3720014464411
19.58684365445585,-26.478401863617453,23.505107633160197,-0.19699339404818372,-0.8928143863054787,-105.34662456916145
19.596250819591774,-26.483866326646694,23.502395104878634,-0.19676963900133115,-0.892340899618705,-105.32126647497229
19.605656957559063,-26.489332339220955,23.499704808674945,-0.19654618636042498,-0.8918680610473808,-105.29592703001074
19.61506207161625,-26.4947998983362,23.497036703907703,-0.1963230353177533,-0.8913958704171602,-105.27060610041384
19.62446616502168,-26.500269000987828,23.494390749935498,-0.1961001850656462,-0.8909243275534868,-105.24530355231877
19.63386924103313,-26.505739644170436,23.491766906116908,-0.19587763479647896,-0.8904534322815966,-105.22001925186265
19.64327130290825,-26.511211824878092,23.489165131810516,-0.1956553837026696,-0.889983184426516,-105.19475306518265
19.652672353904126,-26.516685540104042,23.4865853863749,-0.19543343097668037,-0.8895135838130621,-105.16950485841588
19.66207239727775,-26.52216078684104,23.48402762916865,-0.19521177581101562,-0.8890446302658439,-105.14427449769944
19.67147143628556,-26.52763756208103,23.48149181955034,-0.19499041739822448,-0.8885763236092603,-105.11906184917046
19.68086947418367,-26.53311586281529,23.478977916878552,-0.19476935493089992,-0.8881086636675011,-105.0938667789661
19.690266514228025,-26.53859568603457,23.476485880511863,-0.19454858760167643,-0.8876416502645482,-105.06868915322346
19.699662559674007,-26.54407702872878,23.474015669808864,-0.19432811460323346,-0.8871752832241734,-105.04352883807968
19.70905761377684,-26.549559887887312,23.471567244128128,-0.19410793512829277,-0.8867095623699395,-105.01838569967194
19.718451679791222,-26.55504426049875,23.469140562828244,-0.19388804836962076,-0.8862444875251998,-104.99325960413728
19.727844760971717,-26.560530143551134,23.466735585267784,-0.19366845352002549,-0.8857800585130995,-104.96815041761289
19.737236860572317,-26.56601753403172,23.464352270805342,-0.19344914977235994,-0.8853162751565726,-104.94305800623589
19.7466279818469,-26.571506428927236,23.461990578799494,-0.1932301363195183,-0.8848531372783464,-104.91798223614335
19.756018128048826,-26.576996825223592,23.45965046860881,-0.19301141235443947,-0.8843906447009368,-104.89292297347245
19.76540730243114,-26.5824887199061,23.457331899591892,-0.19279297707010556,-0.8839287972466514,-104.86788008436032
19.774795508246658,-26.58798210995943,23.455034831107298,-0.19257482965954076,-0.8834675947375886,-104.84285343494408
19.784182748747682,-26.59347699236749,23.452759222513627,-0.19235696931581348,-0.883007036995636,-104.81784289136087
19.793569027186354,-26.598973364113665,23.450505033169463,-0.19213939523203372,-0.8825471238424734,-104.79284831974779
19.80295434681433,-26.604471222180525,23.44827222243337,-0.19192210660135633,-0.8820878550995707,-104.767869586242
19.81233871088294,-26.609970563550014,23.44606074966394,-0.1917051026169777,-0.8816292305881888,-104.74290655698061
19.821722122643273,-26.615471385203463,23.443870574219755,-0.19148838247213779,-0.8811712501293776,-104.71795909810076
19.831104585345923,-26.620973684121427,23.441701655459404,-0.19127194536011938,-0.8807139135439785,-104.69302707573964
19.840486102241325,-26.626477457283933,23.439553952741445,-0.1910557904742478,-0.8802572206526245,-104.66811035603418
19.84986667657936,-26.631982701670182,23.43742742542448,-0.19083991700789243,-0.8798011712757368,-104.64320880512174
19.859246311609784,-26.637489414258837,23.435322032867084,-0.1906243241544638,-0.879345765233529,-104.6183222891393
19.868625010581795,-26.642997592027772,23.43323773442783,-0.19040901110741665,-0.8788910023460034,-104.59345067422407
19.87800277674446,-26.648507231954312,23.431174489465324,-0.1901939770602476,-0.8784368824329538,-104.56859382651311
19.887379613346337,-26.654018331015006,23.42913225733812,-0.1899792212064964,-0.8779834053139641,-104.54375161214364
19.89675552363567,-26.659530886185745,23.42711099740481,-0.18976474273974575,-0.8775305708084084,-104.51892389725265
19.90613051086047,-26.66504489444184,23.425110669023976,-0.1895505408536204,-0.8770783787354504,-104.49411054797739
19.91550457826826,-26.670560352757803,23.423131231554205,-0.1893366147417881,-0.8766268289140458,-104.469311430455
19.924877729106356,-26.676077258107593,23.421172644354062,-0.1891229635979591,-0.8761759211629387,-104.44452641082252
19.934249966621586,-26.681595607464374,23.419234866782148,-0.1889095866158867,-0.875725655300664,-104.4197553552171
19.943621294060605,-26.68711539780077,23.41731785819703,-0.1886964829893656,-0.8752760311455472,-104.39499812977593
