galstreams/tracks/track.st.NGC1261.ibata2021.ecsv
# %ECSV 0.9
# ---
# datatype:
# - {name: ra, unit: deg, datatype: float64}
# - {name: dec, unit: deg, datatype: float64}
# - {name: distance, unit: kpc, datatype: float64}
# - {name: pm_ra_cosdec, unit: mas / yr, datatype: float64}
# - {name: pm_dec, unit: mas / yr, datatype: float64}
# - {name: radial_velocity, unit: km / s, datatype: float64}
# delimiter: ','
# meta: !!omap
# - __serialized_columns__:
#     dec:
#       __class__: astropy.coordinates.angles.Latitude
#       unit: &id001 !astropy.units.Unit {unit: deg}
#       value: !astropy.table.SerializedColumn {name: dec}
#     distance:
#       __class__: astropy.coordinates.distances.Distance
#       unit: !astropy.units.Unit {unit: kpc}
#       value: !astropy.table.SerializedColumn {name: distance}
#     pm_dec:
#       __class__: astropy.units.quantity.Quantity
#       unit: !astropy.units.Unit {unit: mas / yr}
#       value: !astropy.table.SerializedColumn {name: pm_dec}
#     pm_ra_cosdec:
#       __class__: astropy.units.quantity.Quantity
#       unit: !astropy.units.Unit {unit: mas / yr}
#       value: !astropy.table.SerializedColumn {name: pm_ra_cosdec}
#     ra:
#       __class__: astropy.coordinates.angles.Longitude
#       unit: *id001
#       value: !astropy.table.SerializedColumn {name: ra}
#       wrap_angle: !astropy.coordinates.Angle
#         unit: *id001
#         value: 360.0
#     radial_velocity:
#       __class__: astropy.units.quantity.Quantity
#       unit: !astropy.units.Unit {unit: km / s}
#       value: !astropy.table.SerializedColumn {name: radial_velocity}
# schema: astropy-2.0
ra,dec,distance,pm_ra_cosdec,pm_dec,radial_velocity
41.69964580164148,-62.60067085967915,16.4716075585904,1.5227816382359876,-2.6870019262426252,-1.6841534259744676e-14
41.711068447214664,-62.592141295278985,16.477738345537215,1.5230827682947954,-2.6860439886314698,0.0
41.72247698908964,-62.58360919850321,16.4838622921323,1.523383295129156,-2.6850871740394666,1.6841534259744676e-14
41.73387145353904,-62.57507457551739,16.48997940530844,1.5236832209237205,-2.684131480992849,1.6841534259744676e-14
41.745251866818734,-62.56653743247736,16.496089691998424,1.5239825478584992,-2.6831769080173578,5.0524602779234026e-14
41.756618255167574,-62.55799777552944,16.50219315913502,1.5242812781088608,-2.6822234536382625,0.0
41.76797064480767,-62.54945561081022,16.508289813651018,1.5245794138455508,-2.6812711163803478,0.0
41.77930906194409,-62.54091094444672,16.5143796624792,1.524876957234684,-2.680319894767933,3.368306851948935e-14
41.790633532765,-62.53236378255635,16.520462712552355,1.525173910437766,-2.6793697873248727,0.0
41.801944083441555,-62.523814131247,16.526538970803248,1.5254702756116938,-2.6784207925745656,3.368306851948935e-14
41.81324074012792,-62.51526199661693,16.532608444164683,1.5257660549087615,-2.6774729090399516,1.6841534259744676e-14
41.824523528961045,-62.50670738475506,16.538671139569423,1.5260612504766662,-2.676526135243535,0.0
41.83579247606097,-62.49815030174065,16.54472706395027,1.5263558644585244,-2.6755804697073673,5.0524602779234026e-14
41.84704760753057,-62.489590753643526,16.55077622423999,1.5266498989928707,-2.6746359109530737,5.0524602779234026e-14
41.85828894945555,-62.48102874652406,16.556818627371374,1.5269433562136678,-2.6736924575018444,1.6841534259744676e-14
41.869516527904466,-62.47246428643318,16.56285428027719,1.5272362382503157,-2.6727501078744496,1.6841534259744676e-14
41.88073036892867,-62.46389737941241,16.568883189890244,1.527528547227652,-2.671808860591235,1.6841534259744676e-14
41.89193049856232,-62.45532803149382,16.5749053631433,1.527820285265972,-2.670868714172136,3.368306851948935e-14
41.90311694282215,-62.44675624870026,16.580920806969154,1.5281114544810162,-2.669929667136687,-1.6841534259744676e-14
41.91428972770783,-62.43818203704506,16.586929528300573,1.5284020569840018,-2.668991718004011,-3.368306851948935e-14
41.92544887920159,-62.42960540253229,16.592931534070352,1.5286920948816083,-2.6680548652928375,0.0
41.93659442326836,-62.42102635115667,16.598926831211262,1.5289815702760006,-2.6671191075215073,3.368306851948935e-14
41.947726385855674,-62.41244488890364,16.6049154266561,1.5292704852648236,-2.66618444320797,1.6841534259744676e-14
41.95884479289369,-62.40386102174941,16.61089732733764,1.5295588419412207,-2.6652508708698024,3.368306851948935e-14
41.96994967029519,-62.3952747556608,16.61687254018866,1.5298466423938346,-2.664318389024198,3.368306851948935e-14
41.98104104395538,-62.38668609659561,16.622841072141952,1.5301338887068103,-2.663386996187987,1.6841534259744676e-14
41.99211893975209,-62.37809505050226,16.628802930130288,1.5304205829598152,-2.662456690877633,1.6841534259744676e-14
42.00318338354564,-62.36950162332003,16.634758121086456,1.5307067272280324,-2.661527471609239,1.6841534259744676e-14
42.0142344011788,-62.36090582097903,16.64070665194324,1.5309923235821798,-2.6605993368985565,3.368306851948935e-14
42.025272018476805,-62.35230764940019,16.646648529633424,1.5312773740885088,-2.659672285260985,1.6841534259744676e-14
42.036296261247365,-62.34370711449528,16.652583761089783,1.5315618808088187,-2.658746315211582,3.368306851948935e-14
42.04730715528043,-62.33510422216711,16.658512353245108,1.5318458458004496,-2.6578214252650674,3.368306851948935e-14
42.058304726348474,-62.326498978309246,16.66443431303217,1.5321292711163126,-2.6568976139358313,3.368306851948935e-14
42.06928900020624,-62.3178913888062,16.670349647383762,1.5324121588048738,-2.655974879737927,1.6841534259744676e-14
42.08026000259086,-62.3092814595335,16.676258363232666,1.5326945109101806,-2.655053221185091,1.6841534259744676e-14
42.091217759221706,-62.30066919635755,16.68216046751166,1.5329763294718546,-2.6541326367907407,1.6841534259744676e-14
42.10216229580046,-62.2920546051358,16.688055967153517,1.5332576165251066,-2.653213125067981,0.0
42.1130936380111,-62.28343769171667,16.69394486909104,1.5335383741007451,-2.6522946845296054,3.368306851948935e-14
42.12401181151967,-62.27481846193968,16.699827180257,1.5338186042251702,-2.6513773136881102,1.6841534259744676e-14
42.13491684197458,-62.26619692163533,16.70570290758418,1.534098308920401,-2.65046101105569,0.0
42.145808755006364,-62.25757307662518,16.711572058005356,1.5343774902040677,-2.6495457751442473,-1.6841534259744676e-14
42.15668757622774,-62.24894693272191,16.717434638453327,1.5346561500894262,-2.648631604465394,5.0524602779234026e-14
42.16755333123352,-62.24031849572926,16.723290655860865,1.5349342905853591,-2.647718497530465,3.368306851948935e-14
42.17840604560073,-62.231687771442104,16.729140117160746,1.535211913696392,-2.646806452850508,5.0524602779234026e-14
42.18924574488831,-62.223054765646545,16.734983029285768,1.53548902142269,-2.645895468936306,3.368306851948935e-14
42.200072454637414,-62.21441948411974,16.740819399168693,1.5357656157600716,-2.64498554429837,-1.6841534259744676e-14
42.21088620037123,-62.20578193263009,16.746649233742325,1.5360416987000165,-2.644076677446943,1.6841534259744676e-14
42.22168700759494,-62.197142116937144,16.75247253993943,1.5363172722296687,-2.6431688668920152,0.0
42.232474901795754,-62.18850004279172,16.758289324692804,1.5365923383318472,-2.6422621111433173,0.0
42.243249908442834,-62.17985571593587,16.764099594935217,1.5368668989850505,-2.6413564087103345,3.368306851948935e-14
42.25401205298743,-62.17120914210283,16.769903357599457,1.537140956163469,-2.6404517581023024,1.6841534259744676e-14
42.26476136086249,-62.162560327017275,16.775700619618306,1.537414511836977,-2.6395481578282225,0.0
42.275497857483096,-62.15390927639506,16.781491387924547,1.5376875679711643,-2.6386456063968557,3.368306851948935e-14
42.286221568246205,-62.14525599594335,16.787275669450963,1.5379601265273233,-2.6377441023167334,3.368306851948935e-14
42.29693251853058,-62.136600491360696,16.79305347113034,1.5382321894624633,-2.6368436440961593,1.6841534259744676e-14
42.30763073369693,-62.12794276833697,16.798824799895442,1.53850375872932,-2.6359442302432194,1.6841534259744676e-14
42.31831623908775,-62.11928283255346,16.80458966267907,1.5387748362763554,-2.6350458592657766,1.6841534259744676e-14
42.328989060027446,-62.11062068968273,16.810348066414008,1.5390454240477764,-2.6341485296714833,1.6841534259744676e-14
42.339649221822064,-62.10195634538898,16.816100018033026,1.5393155239835266,-2.6332522399677862,1.6841534259744676e-14
42.35029674975959,-62.09328980532765,16.821845524468912,1.5395851380193073,-2.6323569886619262,1.6841534259744676e-14
42.36093166910974,-62.08462107514568,16.82758459265445,1.5398542680865794,-2.631462774260945,0.0
42.371554005123954,-62.0759501604815,16.83331722952242,1.5401229161125682,-2.630569595271688,1.6841534259744676e-14
42.38216378303543,-62.067277066965005,16.8390434420056,1.5403910840202755,-2.6296774502008127,3.368306851948935e-14
42.39276102805906,-62.05860180021761,16.844763237036787,1.5406587737284787,-2.6287863375547884,1.6841534259744676e-14
42.403345765391514,-62.04992436585219,16.85047662154875,1.540925987151752,-2.6278962558399046,3.368306851948935e-14
42.41391802021096,-62.04124476947334,16.856183602474275,1.5411927262004537,-2.6270072035622714,1.6841534259744676e-14
42.424477817677364,-62.03256301667707,16.86188418674615,1.541458992780752,-2.626119179227829,3.368306851948935e-14
42.43502518293234,-62.02387911305096,16.86757838129714,1.5417247887946246,-2.625232181342345,1.6841534259744676e-14
42.44556014109908,-62.01519306417426,16.873266193060047,1.5419901161398601,-2.6243462084114264,1.6841534259744676e-14
42.45608271728239,-62.00650487561783,16.878947628967644,1.5422549767100755,-2.623461258940516,-1.6841534259744676e-14
42.46659293656877,-61.99781455294407,16.884622695952718,1.5425193723947197,-2.622577331434901,0.0
42.477090824026085,-61.98912210170723,16.890291400948044,1.5427833050790714,-2.621694424399725,1.6841534259744676e-14
42.487576404703916,-61.98042752745307,16.895953750886406,1.5430467766442617,-2.6208125363399724,0.0
42.49804970363339,-61.971730835719086,16.9016097527006,1.5433097889672711,-2.619931665760489,1.6841534259744676e-14
42.5085107458271,-61.96303203203449,16.907259413323388,1.5435723439209388,-2.619051811165987,1.6841534259744676e-14
42.51895955627923,-61.95433112192023,16.912902739687567,1.5438344433739717,-2.618172971061033,3.368306851948935e-14
42.52939615996534,-61.94562811088899,16.918539738725915,1.5440960891909468,-2.617295143950071,3.368306851948935e-14
42.53982058184264,-61.936923004445156,16.92417041737121,1.5443572832323258,-2.6164183283374123,0.0
42.55023284684961,-61.928215808085085,16.929794782556243,1.544618027354451,-2.6155425227272504,3.368306851948935e-14
42.56063297990632,-61.91950652729677,16.93541284121379,1.5448783234095647,-2.6146677256236583,3.368306851948935e-14
42.57102100591425,-61.910795167560046,16.94102460027663,1.5451381732458085,-2.613793935530592,3.368306851948935e-14
42.5813969497563,-61.90208173434663,16.946630066677557,1.5453975787072336,-2.6129211509518995,3.368306851948935e-14
42.591760836296736,-61.89336623312007,16.95222924734934,1.5456565416338042,-2.6120493703913192,3.368306851948935e-14
42.60211269038134,-61.88464866933574,16.957822149224775,1.545915063861411,-2.6111785923524877,6.73661370389787e-14
42.612452536837075,-61.87592904844104,16.96340877923663,1.5461731472218674,-2.610308815338946,0.0
42.62278040047244,-61.867207375875175,16.968989144317703,1.5464307935429307,-2.6094400378541347,-1.6841534259744676e-14
42.63309630607722,-61.85848365706929,16.97456325140076,1.5466880046482985,-2.608572258401408,-1.6841534259744676e-14
42.643400278422575,-61.849757897446494,16.980131107418597,1.5469447823576175,-2.607705475484028,0.0
42.653692342260925,-61.84103010242185,16.98569271930399,1.547201128486494,-2.6068396876051767,1.6841534259744676e-14
42.66397252232607,-61.8323002774024,16.99124809398972,1.547457044846499,-2.6059748932679563,6.73661370389787e-14
42.67424084333312,-61.82356842778712,16.996797238408575,1.5477125332451758,-2.6051110909753916,0.0
42.68449732997836,-61.814834558967206,17.002340159493333,1.5479675954860417,-2.604248279230439,-1.6841534259744676e-14
42.694742006939464,-61.80609867632569,17.00787686417678,1.5482222333686044,-2.60338645653598,0.0
42.70497489887532,-61.79736078523772,17.01340735939169,1.5484764486883629,-2.6025256213948413,1.6841534259744676e-14
42.71519603042609,-61.78862089107052,17.018931652070854,1.5487302432368146,-2.6016657723097776,0.0
42.725405426213165,-61.779878999183374,17.024449749147053,1.5489836188014636,-2.6008069077834945,0.0
42.73560311083915,-61.77113511492772,17.02996165755307,1.5492365771658296,-2.599949026318641,0.0
42.74578910888793,-61.76238924364702,17.035467384221676,1.5494891201094505,-2.5990921264178177,1.6841534259744676e-14
42.75596344492443,-61.75364139067705,17.040966936085667,1.5497412494078904,-2.5982362065835805,-1.6841534259744676e-14
42.766126143494944,-61.744891561345604,17.046460320077824,1.5499929668327481,-2.597381265318436,1.6841534259744676e-14
42.77627722912686,-61.736139760972655,17.051947543130925,1.5502442741516673,-2.5965273011248615,3.368306851948935e-14
42.786416726328774,-61.727385994870424,17.057428612177755,1.5504951731283367,-2.5956743125052926,0.0
42.79654465959041,-61.718630268343304,17.062903534151094,1.5507456655224998,-2.5948222979621347,3.368306851948935e-14
42.8066610533827,-61.70987258668786,17.06837231598372,1.5509957530899658,-2.5939712559977646,0.0
42.81676593215756,-61.70111295519309,17.07383496460843,1.5512454375826048,-2.593121185114536,3.368306851948935e-14
42.82685932034822,-61.69235137914006,17.079291486957995,1.5514947207483711,-2.5922720838147812,1.6841534259744676e-14
42.83694124236893,-61.68358786380218,17.084741889965198,1.551743604331297,-2.591423950600812,1.6841534259744676e-14
42.84701172261507,-61.67482241444517,17.09018618056282,1.5519920900715078,-2.5905767839749316,1.6841534259744676e-14
42.85707078546312,-61.66605503632703,17.095624365683648,1.5522401797052203,-2.589730582439426,-3.368306851948935e-14
42.86711845527065,-61.65728573469813,17.10105645226047,1.5524878749647597,-2.5888853444965756,3.368306851948935e-14
42.87715475637633,-61.64851451480109,17.10648244722606,1.5527351775785598,-2.5880410686486615,5.0524602779234026e-14
42.8871797130998,-61.63974138187106,17.111902357513195,1.5529820892711692,-2.5871977533979598,0.0
42.89719334974186,-61.630966341135455,17.117316190054666,1.5532286117632625,-2.5863553972467503,3.368306851948935e-14
42.907195690584366,-61.622189397814076,17.122723951783254,1.5534747467716459,-2.585513998697319,0.0
42.917186759890164,-61.61341055711918,17.12812564963174,1.5537204960092619,-2.5846735562519623,3.368306851948935e-14
42.92716658190318,-61.60462982425545,17.133521290532908,1.5539658611851979,-2.5838340684129872,5.0524602779234026e-14
42.93713518084838,-61.595847204419925,17.138910881419537,1.5542108440046938,-2.582995533682719,3.368306851948935e-14
42.9470925809316,-61.58706270280233,17.144294429224416,1.554455446169144,-2.5821579505635026,1.6841534259744676e-14
42.95703880633988,-61.578276324584664,17.14967194088032,1.5546996693761113,-2.5813213175577037,5.0524602779234026e-14
42.96697388124116,-61.569488074941475,17.155043423320038,1.5549435153193298,-2.5804856331677155,1.6841534259744676e-14
42.97689782978439,-61.560697959039864,17.16040888347634,1.5551869856887128,-2.5796508958959596,-1.6841534259744676e-14
42.98681067609953,-61.551905982039415,17.16576832828203,1.5554300821703562,-2.5788171042448873,1.6841534259744676e-14
42.99671244429748,-61.54311214909228,17.17112176466987,1.5556728064465506,-2.5779842567169915,1.6841534259744676e-14
43.00660315847018,-61.53431646534316,17.176469199572654,1.5559151601957872,-2.577152351814798,6.73661370389787e-14
43.01648284269039,-61.5255189359294,17.18181063992316,1.5561571450927554,-2.5763213880408764,5.0524602779234026e-14
43.026351521011975,-61.51671956598087,17.187146092654167,1.5563987628083669,-2.575491363897844,6.73661370389787e-14
43.03620921746969,-61.50791836062006,17.192475564698462,1.5566400150097466,-2.574662277888361,5.0524602779234026e-14
43.046055956079236,-61.49911532496212,17.197799062988828,1.5568809033602466,-2.5738341285151427,6.73661370389787e-14
43.055891760837255,-61.490310464114806,17.20311659445805,1.5571214295194529,-2.5730069142809557,3.368306851948935e-14
43.06571665572134,-61.48150378317856,17.2084281660389,1.5573615951431912,-2.5721806336886264,-1.6841534259744676e-14
43.07553066469001,-61.47269528724647,17.213733784664168,1.557601401883533,-2.5713552852410375,1.6841534259744676e-14
43.085333811682595,-61.46388498140441,17.21903345726664,1.5578408513887996,-2.570530867441141,5.0524602779234026e-14
43.09512612061945,-61.45507287073089,17.224327190779086,1.5580799453035767,-2.569707378791951,6.73661370389787e-14
43.10490761540185,-61.446258960297094,17.2296149921343,1.5583186852687148,-2.5688848177965515,0.0
43.11467831991188,-61.437443255167075,17.234896868265057,1.5585570729213378,-2.568063182958099,-1.6841534259744676e-14
43.124438258012596,-61.42862576039755,17.24017282610415,1.5587951098948483,-2.5672424727798244,5.0524602779234026e-14
43.134187453547945,-61.41980648103797,17.245442872584352,1.5590327978189382,-2.5664226857650383,1.6841534259744676e-14
43.14392593034265,-61.41098542213076,17.250707014638444,1.5592701383195868,-2.565603820417132,1.6841534259744676e-14
43.15365371220243,-61.402162588711,17.255965259199215,1.5595071330190804,-2.56478587523958,5.0524602779234026e-14
43.16337082291383,-61.39333798580659,17.26121761319944,1.5597437835360066,-2.5639688487359438,1.6841534259744676e-14
43.17307728624431,-61.384511618438324,17.266464083571908,1.5599800914852708,-2.563152739409873,0.0
