galstreams/tracks/track.st.AAU-ATLAS.li2021.ecsv
# %ECSV 0.9
# ---
# datatype:
# - {name: ra, unit: deg, datatype: float64}
# - {name: dec, unit: deg, datatype: float64}
# - {name: distance, unit: kpc, datatype: float64}
# - {name: pm_ra_cosdec, unit: mas / yr, datatype: float64}
# - {name: pm_dec, unit: mas / yr, datatype: float64}
# - {name: radial_velocity, unit: km / s, datatype: float64}
# delimiter: ','
# meta: !!omap
# - __serialized_columns__:
#     dec:
#       __class__: astropy.coordinates.angles.Latitude
#       unit: &id001 !astropy.units.Unit {unit: deg}
#       value: !astropy.table.SerializedColumn {name: dec}
#     distance:
#       __class__: astropy.coordinates.distances.Distance
#       unit: !astropy.units.Unit {unit: kpc}
#       value: !astropy.table.SerializedColumn {name: distance}
#     pm_dec:
#       __class__: astropy.units.quantity.Quantity
#       unit: !astropy.units.Unit {unit: mas / yr}
#       value: !astropy.table.SerializedColumn {name: pm_dec}
#     pm_ra_cosdec:
#       __class__: astropy.units.quantity.Quantity
#       unit: !astropy.units.Unit {unit: mas / yr}
#       value: !astropy.table.SerializedColumn {name: pm_ra_cosdec}
#     ra:
#       __class__: astropy.coordinates.angles.Longitude
#       unit: *id001
#       value: !astropy.table.SerializedColumn {name: ra}
#       wrap_angle: !astropy.coordinates.Angle
#         unit: *id001
#         value: 360.0
#     radial_velocity:
#       __class__: astropy.units.quantity.Quantity
#       unit: !astropy.units.Unit {unit: km / s}
#       value: !astropy.table.SerializedColumn {name: radial_velocity}
# schema: astropy-2.0
ra,dec,distance,pm_ra_cosdec,pm_dec,radial_velocity
[from data line 687]
15.1491813733865,-23.971499773444247,20.195661074306273,-0.2994104566878692,-0.9786470258206031,-128.18025665258645
15.15827222670374,-23.977077860488876,20.197841727041737,-0.2989777761446383,-0.9786487089577979,-128.14582415966026
15.167363250625137,-23.982656212148555,20.200023638843888,-0.29854526131588577,-0.9786502401509183,-128.11137961669144
15.176454445448817,-23.98823482834383,20.202206809712713,-0.2981129122277539,-0.978651619415362,-128.0769230236799
15.185545811472986,-23.99381370899531,20.20439123964822,-0.2976807289063929,-0.9786528467665476,-128.0424543806258
15.194637348995762,-23.999392854023476,20.2065769286504,-0.29724871137796266,-0.9786539222199149,-128.00797368752905
15.203729058315478,-24.004972263348918,20.208763876719257,-0.2968168596686304,-0.9786548457909232,-127.97348094438962
15.21282093973054,-24.01055193689222,20.210952083854796,-0.2963851738045724,-0.9786556174950545,-127.93897615120763
15.221912993539261,-24.016131874573887,20.213141550057014,-0.2959536538119738,-0.9786562373478093,-127.9044593079829
15.23100522004024,-24.02171207631456,20.215332275325906,-0.2955222997170272,-0.9786567053647115,-127.86993041471553
15.240097619531934,-24.027292542034758,20.217524259661484,-0.29509111154593504,-0.9786570215613049,-127.83538947140556
15.24919019231301,-24.03287327165508,20.219717503063734,-0.29466008932490745,-0.9786571859531534,-127.8008364780529
15.258282938682227,-24.038454265096146,20.221912005532666,-0.29422923308016274,-0.978657198555843,-127.76627143465765
15.267375858938228,-24.04403552227849,20.22410776706828,-0.2937985428379288,-0.9786570593849797,-127.73169434121978
15.276468953379911,-24.049617043122733,20.226304787670564,-0.293368018624441,-0.9786567684561909,-127.6971051977392
15.285562222306217,-24.055198827549518,20.22850306733952,-0.2929376604659433,-0.9786563257851252,-127.66250400421598
15.294655666016004,-24.060780875479352,20.230702606075173,-0.2925074683886892,-0.9786557313874498,-127.62789076065016
15.303749284808372,-24.06636318683292,20.232903403877494,-0.2920774424189392,-0.9786549852788569,-127.59326546704169
15.312843078982466,-24.07194576153083,20.23510546074649,-0.29164758258296264,-0.9786540874750557,-127.55862812339059
15.321937048837352,-24.07752859949366,20.237308776682173,-0.29121788890703837,-0.9786530379917777,-127.52397872969678
15.331031194672327,-24.08311170064206,20.23951335168453,-0.29078836141745307,-0.9786518368447765,-127.48931728596034
15.340125516786749,-24.088695064896687,20.241719185753563,-0.29035900014050064,-0.9786504840498249,-127.45464379218129
15.34922001547989,-24.0942786921781,20.243926278889276,-0.28992980510248517,-0.9786489796227169,-127.41995824835955
15.358314691051248,-24.09986258240696,20.246134631091675,-0.28950077632971843,-0.9786473235792671,-127.38526065449524
15.367409543800395,-24.105446735503968,20.24834424236074,-0.2890719138485203,-0.9786455159353131,-127.35055101058822
15.376504574026795,-24.111031151389675,20.250555112696492,-0.28864321768521967,-0.97864355670671,-127.31582931663858
15.385599782030157,-24.116615829984777,20.252767242098916,-0.28821468786615423,-0.9786414459093371,-127.28109557264632
15.394695168110253,-24.122200771209965,20.25498063056802,-0.28778632441766816,-0.9786391835590924,-127.24634977861139
15.403790732566758,-24.127785974985805,20.257195278103804,-0.28735812736611693,-0.9786367696718947,-127.21159193453381
15.412886475699592,-24.133371441233006,20.259411184706263,-0.28693009673786213,-0.9786342042636853,-127.17682204041364
15.421982397808721,-24.13895716987227,20.26162835037541,-0.28650223255927343,-0.9786314873504249,-127.14204009625077
15.431078499194038,-24.144543160824206,20.263846775111222,-0.2860745348567319,-0.9786286189480968,-127.10724610204525
15.440174780155656,-24.150129414009495,20.266066458913723,-0.28564700365662354,-0.9786255990727024,-127.07244005779712
15.44927124099376,-24.15571592934885,20.2682874017829,-0.28521963898534414,-0.9786224277402662,-127.03762196350635
15.458367882008444,-24.16130270676294,20.270509603718754,-0.28479244086929884,-0.9786191049668342,-127.00279181917287
15.467464703500019,-24.166889746172412,20.272733064721283,-0.2843654093349002,-0.9786156307684701,-126.96794962479682
15.476561705768884,-24.172477047498024,20.27495778479049,-0.2839385444085679,-0.9786120051612621,-126.93309538037812
15.485658889115332,-24.178064610660396,20.277183763926384,-0.28351184611673264,-0.9786082281613162,-126.89822908591673
15.494756253839894,-24.183652435580267,20.27941100212895,-0.28308531448583146,-0.978604299784762,-126.86335074141275
15.503853800243162,-24.189240522178363,20.281639499398192,-0.28265894954230997,-0.9786002200477484,-126.8284603468661
15.512951528625644,-24.194828870375314,20.283869255734118,-0.2822327513126232,-0.9785959889664444,-126.79355790227686
15.522049439288127,-24.200417480091915,20.286100271136714,-0.281806719823233,-0.9785916065570425,-126.75864340764487
15.531147532531254,-24.2060063512488,20.288332545606,-0.2813808551006113,-0.9785870728357535,-126.72371686297029
15.54024580865589,-24.211595483766718,20.290566079141957,-0.28095515717123687,-0.9785823878188105,-126.68877826825307
15.549344267962976,-24.217184877566428,20.292800871744593,-0.2805296260615971,-0.978577551522467,-126.65382762349319
15.558442910753373,-24.222774532568582,20.29503692341391,-0.28010426179818815,-0.9785725639629972,-126.61886492869071
15.56754173732815,-24.22836444869395,20.297274234149903,-0.27967906440751455,-0.9785674251566971,-126.58389018384554
15.576640747988446,-24.233954625863277,20.299512803952577,-0.27925403391608816,-0.9785621351198825,-126.54890338895777
15.585739943035337,-24.23954506399725,20.30175263282192,-0.2788291703504304,-0.9785566938688909,-126.51390454402731
15.594839322770094,-24.245135763016638,20.30399372075795,-0.27840447373707033,-0.9785511014200801,-126.47889364905423
15.60393888749407,-24.25072672284221,20.306236067760658,-0.27797994410254473,-0.9785453577898287,-126.44387070403847
15.613038637508538,-24.25631794339464,20.308479673830043,-0.2775555814734,-0.9785394629945368,-126.4088357089801
15.622138573114983,-24.26190942459472,20.31072453896611,-0.27713138587618963,-0.9785334170506246,-126.3737886638791
15.631238694614973,-24.267501166363235,20.312970663168848,-0.2767073573374756,-0.9785272199745345,-126.33872956873545
15.640339002309975,-24.27309316862087,20.315218046438268,-0.276283495883829,-0.9785208717827281,-126.30365842354914
15.649439496501685,-24.27868543128842,20.31746668877437,-0.27585980154182843,-0.9785143724916894,-126.26857522832024
15.658540177491886,-24.28427795428668,20.319716590177144,-0.27543627433805995,-0.978507722117922,-126.23347998304858
15.667641045582247,-24.28987073753635,20.321967750646603,-0.27501291429911967,-0.9785009206779514,-126.19837268773442
15.676742101074673,-24.295463780958233,20.324220170182734,-0.27458972145161115,-0.9784939681883233,-126.1632533423775
15.685843344271143,-24.30105708447313,20.326473848785547,-0.2741666958221454,-0.9784868646656046,-126.12812194697801
15.694944775473546,-24.306650648001757,20.32872878645503,-0.27374383743734293,-0.9784796101263834,-126.09297850153578
15.704046394984001,-24.31224447146491,20.33098498319121,-0.27332114632383103,-0.9784722045872669,-126.05782300605111
15.713148203104689,-24.317838554783442,20.333242438994045,-0.2728986225082467,-0.9784646480648873,-126.02265546052358
15.722250200137701,-24.32343289787802,20.335501153863575,-0.27247626601723485,-0.9784569405758918,-125.98747586495348
15.731352386385373,-24.329027500669508,20.33776112779978,-0.27205407687744715,-0.9784490821369538,-125.95228421934077
15.74045476215009,-24.33462236307872,20.34002236080266,-0.2716320551155451,-0.9784410727647654,-125.91708052368539
15.749557327734154,-24.340217485026375,20.34228485287222,-0.2712102007581981,-0.9784329124760389,-125.88186477798732
15.758660083440105,-24.345812866433295,20.344548604008466,-0.2707885138320826,-0.9784246012875077,-125.84663698224674
15.767763029570535,-24.351408507220338,20.346813614211374,-0.2703669943638852,-0.9784161392159283,-125.81139713646336
15.776866166427963,-24.35700440730824,20.349079883480968,-0.26994564238029906,-0.9784075262780753,-125.77614524063745
15.785969494315133,-24.36260056661782,20.35134741181724,-0.26952445790802576,-0.978398762490745,-125.74088129476881
15.795073013534846,-24.368196985069925,20.3536161992202,-0.2691034409737751,-0.9783898478707548,-125.70560529885759
15.804176724389835,-24.37379366258532,20.355886245689824,-0.2686825916042667,-0.9783807824349443,-125.6703172529037
15.813280627183047,-24.379390599084847,20.358157551226128,-0.26826190982622533,-0.9783715662001724,-125.63501715690715
15.822384722217496,-24.384987794489344,20.360430115829114,-0.26784139566638604,-0.9783621991833186,-125.59970501086799
15.83148900979611,-24.390585248719564,20.362703939498786,-0.2674210491514918,-0.9783526814012833,-125.5643808147862
15.840593490222059,-24.396182961696386,20.364979022235126,-0.2670008703082926,-0.9783430128709899,-125.52904456866173
15.849698163798564,-24.40178093334064,20.367255364038147,-0.26658085916354773,-0.97833319360938,-125.49369627249463
15.858803030828765,-24.40737916357312,20.36953296490785,-0.2661610157440245,-0.9783232236334183,-125.45833592628487
15.8679080916161,-24.4129776523147,20.371811824844222,-0.2657413400764971,-0.9783131029600887,-125.42296353003248
15.877013346463823,-24.418576399486167,20.374091943847283,-0.2653218321877499,-0.9783028316063969,-125.38757908373746
15.886118795675463,-24.424175405008377,20.37637332191701,-0.26490249210457406,-0.9782924095893697,-125.35218258739977
15.895224439554584,-24.42977466880221,20.37865595905343,-0.264483319853768,-0.9782818369260534,-125.31677404101946
15.904330278404679,-24.435374190788437,20.380939855256525,-0.26406431546214065,-0.9782711136335162,-125.28135344459648
15.913436312529472,-24.44097397088794,20.383225010526296,-0.2636454789565067,-0.9782602397288479,-125.2459207981309
15.92254254223275,-24.446574009021592,20.385511424862738,-0.2632268103636903,-0.9782492152291581,-125.21047610162263
15.931648967818207,-24.45217430511019,20.387799098265866,-0.26280830971052305,-0.9782380401515776,-125.17501935507178
15.940755589589774,-24.4577748590746,20.390088030735672,-0.26238997702384537,-0.9782267145132574,-125.13955055847825
15.94986240785145,-24.46337567083573,20.392378222272157,-0.2619718123305039,-0.9782152383313711,-125.10406971184203
15.958969422907149,-24.468976740314353,20.394669672875313,-0.2615538156573565,-0.9782036116231119,-125.06857681516324
15.968076635061,-24.47457806743138,20.396962382545155,-0.2611359870312665,-0.9781918344056935,-125.03307186844177
15.977184044617218,-24.48017965210769,20.399256351281668,-0.26071832647910503,-0.9781799066963521,-124.99755487167764
15.986291651879915,-24.48578149426409,20.40155157908487,-0.2603008340277541,-0.9781678285123431,-124.96202582487086
15.995399457153455,-24.491383593821475,20.403848065954744,-0.25988350970410073,-0.978155599870944,-124.92648472802146
16.004507460742243,-24.496985950700733,20.4061458118913,-0.25946635353504116,-0.9781432207894525,-124.89093158112945
16.01361566295062,-24.5025885648227,20.408444816894526,-0.2590493655474803,-0.9781306912851877,-124.85536638419474
16.022724064083143,-24.508191436108255,20.41074508096444,-0.2586325457683302,-0.9781180113754888,-124.81978913721747
16.031832664444437,-24.513794564478317,20.413046604101027,-0.25821589422451097,-0.9781051810777169,-124.78419984019749
16.04094146433905,-24.519397949853698,20.415349386304296,-0.2577994109429514,-0.9780922004092536,-124.74859849313486
16.050050464071752,-24.525001592155302,20.417653427574237,-0.25738309595058767,-0.9780790693875008,-124.71298509602958
16.059159663947373,-24.53060549130404,20.419958727910863,-0.25696694927436403,-0.9780657880298815,-124.67735964888173
16.068269064270687,-24.536209647220765,20.422265287314158,-0.2565509709412332,-0.9780523563538415,-124.64172215169114
16.077378665346654,-24.541814059826333,20.424573105784145,-0.2561351609781555,-0.9780387743768437,-124.60607260445792
16.086488467480347,-24.54741872904172,20.4268821833208,-0.2557195194120985,-0.9780250421163761,-124.57041100718213
16.095598470976718,-24.55302365478771,20.42919251992414,-0.25530404627003983,-0.9780111595899437,-124.53473735986361
16.104708676140962,-24.558628836985257,20.431504115594148,-0.2548887415789628,-0.977997126815076,-124.49905166250255
16.113819083278337,-24.564234275555265,20.433816970330845,-0.2544736053658604,-0.9779829438093206,-124.46335391509882
16.122929692694033,-24.569839970418577,20.436131084134214,-0.25405863765773246,-0.9779686105902476,-124.42764411765239
16.132040504693446,-24.57544592149612,20.438446457004268,-0.2536438384815873,-0.9779541271754466,-124.39192227016335
16.141151519582056,-24.581052128708805,20.440763088940994,-0.2532292078644407,-0.9779394935825301,-124.35618837263164
16.15026273766525,-24.586658591977496,20.443080979944398,-0.2528147458333178,-0.9779247098291299,-124.32044242505731
16.159374159248646,-24.592265311223112,20.44540013001448,-0.2524004524152498,-0.9779097759328991,-124.28468442744034
16.168485784637923,-24.597872286366588,20.447720539151245,-0.2519863276372765,-0.9778946919115115,-124.24891437978067
16.17759761413869,-24.60347951732876,20.450042207354688,-0.25157237152644685,-0.9778794577826619,-124.21313228207843
16.186709648056834,-24.60908700403061,20.452365134624806,-0.25115858410981573,-0.9778640735640669,-124.17733813433355
16.195821886698084,-24.614694746392985,20.454689320961606,-0.2507449654144474,-0.9778485392734629,-124.14153193654597
16.204934330368417,-24.62030274433681,20.457014766365084,-0.250331515467414,-0.9778328549286075,-124.10571368871575
16.21404697937388,-24.625910997783045,20.459341470835234,-0.24991823429579385,-0.9778170205472796,-124.06988339084295
16.22315983402041,-24.631519506652516,20.461669434372066,-0.2495051219266759,-0.9778010361472775,-124.03404104292746
16.232272894614216,-24.6371282708662,20.46399865697558,-0.24909217838715444,-0.9777849017464229,-123.99818664496931
16.24138616146153,-24.642737290345018,20.46632913864577,-0.24867940370433325,-0.9777686173625566,-123.9623201969686
16.250499634868532,-24.648346565009838,20.468660879382636,-0.24826679790532355,-0.97775218301354,-123.92644169892516
16.25961331514161,-24.653956094781606,20.47099387918619,-0.2478543610172445,-0.9777355987172573,-123.89055115083912
16.268727202587247,-24.659565879581276,20.473328138056406,-0.2474420930672226,-0.9777188644916124,-123.85464855271043
16.277841297511802,-24.6651759193297,20.475663655993305,-0.24702999408239334,-0.9777019803545293,-123.81873390453902
16.2869556002219,-24.670786213947835,20.47800043299689,-0.24661806408989922,-0.9776849463239541,-123.78280720632509
16.29607011102421,-24.676396763356635,20.480338469067153,-0.24620630311689035,-0.9776677624178532,-123.74686845806846
16.305184830225336,-24.682007567476965,20.482677764204084,-0.24579471119052537,-0.9776504286542151,-123.71091765976917
16.314299758132098,-24.68761862622978,20.485018318407704,-0.24538328833797063,-0.9776329450510476,-123.67495481142726
16.323414895051382,-24.693229939536042,20.487360131677995,-0.24497203458640038,-0.9776153116263805,-123.63897991304272
16.332530241289994,-24.698841507316597,20.489703204014972,-0.2445609499629965,-0.9775975283982627,-123.60299296461554
16.34164579715499,-24.70445332949244,20.492047535418624,-0.24415003449494826,-0.9775795953847666,-123.56699396614567
16.350761562953455,-24.710065405984516,20.49439312588895,-0.24373928820945354,-0.9775615126039846,-123.53098291763314
16.35987753899242,-24.715677736713687,20.49673997542596,-0.24332871113371837,-0.9775432800740295,-123.49495981907802
16.36899372557914,-24.72129032160092,20.499088084029648,-0.2429183032949553,-0.9775248978130344,-123.45892467048027
