galstreams/tracks/track.st.Pal15.myeong2017.ecsv
# %ECSV 1.0
# ---
# datatype:
# - {name: ra, unit: deg, datatype: float64}
# - {name: dec, unit: deg, datatype: float64}
# - {name: distance, unit: kpc, datatype: float64}
# - {name: pm_ra_cosdec, unit: mas / yr, datatype: float64}
# - {name: pm_dec, unit: mas / yr, datatype: float64}
# - {name: radial_velocity, unit: km / s, datatype: float64}
# delimiter: ','
# meta: !!omap
# - __serialized_columns__:
#     dec:
#       __class__: astropy.coordinates.angles.Latitude
#       unit: &id001 !astropy.units.Unit {unit: deg}
#       value: !astropy.table.SerializedColumn {name: dec}
#     distance:
#       __class__: astropy.coordinates.distances.Distance
#       unit: !astropy.units.Unit {unit: kpc}
#       value: !astropy.table.SerializedColumn {name: distance}
#     pm_dec:
#       __class__: astropy.units.quantity.Quantity
#       unit: !astropy.units.Unit {unit: mas / yr}
#       value: !astropy.table.SerializedColumn {name: pm_dec}
#     pm_ra_cosdec:
#       __class__: astropy.units.quantity.Quantity
#       unit: !astropy.units.Unit {unit: mas / yr}
#       value: !astropy.table.SerializedColumn {name: pm_ra_cosdec}
#     ra:
#       __class__: astropy.coordinates.angles.Longitude
#       unit: *id001
#       value: !astropy.table.SerializedColumn {name: ra}
#       wrap_angle: !astropy.coordinates.Angle
#         unit: *id001
#         value: 360.0
#     radial_velocity:
#       __class__: astropy.units.quantity.Quantity
#       unit: !astropy.units.Unit {unit: km / s}
#       value: !astropy.table.SerializedColumn {name: radial_velocity}
# schema: astropy-2.0
ra,dec,distance,pm_ra_cosdec,pm_dec,radial_velocity
255.34633485050725,-1.465931077106162,38.39999999999997,0.0,0.0,-0.0
255.34395890885807,-1.4559782178721938,38.39999999999997,0.0,0.0,-0.0
255.34156059938388,-1.4460349923592537,38.39999999999998,0.0,0.0,-0.0
255.33913992226383,-1.436101400515912,38.39999999999997,0.0,0.0,-0.0
255.3366968776726,-1.4261774422901905,38.39999999999997,0.0,0.0,-0.0
255.33423146578033,-1.4162631176297964,38.39999999999997,0.0,0.0,-0.0
255.33174368675273,-1.4063584264820397,38.39999999999997,0.0,0.0,-0.0
255.3292335407511,-1.3964633687940635,38.399999999999984,0.0,0.0,-0.0
255.3267010279323,-1.386577944512557,38.399999999999984,0.0,0.0,-0.0
255.32414614844876,-1.376702153583982,38.39999999999998,0.0,0.0,-0.0
255.32156890244858,-1.366835995954496,38.39999999999998,0.0,0.0,-0.0
255.31896929007556,-1.3569794715701788,38.39999999999997,0.0,0.0,-0.0
255.31634731146906,-1.347132580376746,38.39999999999997,0.0,0.0,-0.0
255.31370296676408,-1.337295322319726,38.39999999999998,0.0,0.0,-0.0
255.3110362560915,-1.3274676973446398,38.399999999999984,0.0,0.0,-0.0
255.30834717957782,-1.3176497053967096,38.39999999999999,0.0,0.0,-0.0
255.30563573734517,-1.3078413464210905,38.399999999999984,0.0,0.0,-0.0
255.3029019295116,-1.2980426203627897,38.39999999999999,0.0,0.0,-0.0
255.30014575619094,-1.2882535271668953,38.399999999999984,0.0,0.0,-0.0
255.29736721749268,-1.278474066778288,38.399999999999984,0.0,0.0,-0.0
255.29456631352227,-1.2687042391418692,38.399999999999984,0.0,0.0,-0.0
255.2917430443809,-1.2589440442024833,38.399999999999984,0.0,0.0,-0.0
255.2888974101657,-1.2491934819051447,38.4,0.0,0.0,-0.0
255.28602941096955,-1.2394525521947495,38.39999999999999,0.0,0.0,-0.0
255.28313904688133,-1.229721255016254,38.399999999999984,0.0,0.0,-0.0
255.2802263179859,-1.2199995903148508,38.4,0.0,0.0,-0.0
255.27729122436386,-1.210287558035683,38.39999999999999,0.0,0.0,-0.0
255.27433376609187,-1.2005851581240714,38.39999999999999,0.0,0.0,-0.0
255.27135394324253,-1.1908923905254323,38.4,0.0,0.0,-0.0
255.2683517558846,-1.1812092551855113,38.39999999999999,0.0,0.0,-0.0
255.26532720408252,-1.1715357520500889,38.39999999999999,0.0,0.0,-0.0
255.2622802878971,-1.1618718810652136,38.39999999999999,0.0,0.0,-0.0
255.25921100738495,-1.1522176421771195,38.39999999999999,0.0,0.0,-0.0
255.25611936259887,-1.1425730353324552,38.4,0.0,0.0,-0.0
255.2530053535877,-1.132938060477997,38.400000000000006,0.0,0.0,-0.0
255.24986898039646,-1.1233127175608222,38.400000000000006,0.0,0.0,-0.0
255.24671024306616,-1.1136970065284908,38.4,0.0,0.0,-0.0
255.2435291416341,-1.1040909273287551,38.400000000000006,0.0,0.0,-0.0
255.24032567613364,-1.094494479909788,38.4,0.0,0.0,-0.0
255.2370998465944,-1.0849076642201012,38.4,0.0,0.0,-0.0
255.2338516530421,-1.0753304802087789,38.400000000000006,0.0,0.0,-0.0
255.23058109549876,-1.0657629278251814,38.4,0.0,0.0,-0.0
255.22728817398266,-1.0562050070191804,38.4,0.0,0.0,-0.0
255.2239728885082,-1.0466567177410737,38.40000000000001,0.0,0.0,-0.0
255.22063523908622,-1.037118059941818,38.399999999999984,0.0,0.0,-0.0
255.2172752257238,-1.0275890335727336,38.4,0.0,0.0,-0.0
255.21389284842422,-1.0180696385856884,38.4,0.0,0.0,-0.0
255.21048810718733,-1.0085598749332718,38.400000000000006,0.0,0.0,-0.0
255.2070610020091,-0.9990597425685065,38.39999999999999,0.0,0.0,-0.0
255.203611532882,-0.9895692414450751,38.40000000000001,0.0,0.0,-0.0
255.20013969979482,-0.9800883715172416,38.4,0.0,0.0,-0.0
255.19664550273282,-0.9706171327400791,38.4,0.0,0.0,-0.0
255.19312894167766,-0.9611555250691795,38.400000000000006,0.0,0.0,-0.0
255.18959001660744,-0.9517035484608843,38.400000000000006,0.0,0.0,-0.0
255.1860287274967,-0.9422612028722008,38.4,0.0,0.0,-0.0
255.18244507431658,-0.9328284882610322,38.400000000000006,0.0,0.0,-0.0
255.17883905703448,-0.923405404585888,38.400000000000006,0.0,0.0,-0.0
255.17521067561458,-0.9139919518060599,38.400000000000006,0.0,0.0,-0.0
255.17155993001742,-0.9045881298818024,38.400000000000006,0.0,0.0,-0.0
255.16788682020032,-0.8951939387740373,38.400000000000006,0.0,0.0,-0.0
255.16419134611684,-0.8858093784445893,38.400000000000006,0.0,0.0,-0.0
255.16047350771737,-0.8764344488560978,38.400000000000006,0.0,0.0,-0.0
255.15673330494892,-0.867069149972251,38.400000000000006,0.0,0.0,-0.0
255.152970737755,-0.8577134817574925,38.400000000000006,0.0,0.0,-0.0
255.14918580607588,-0.8483674441772507,38.400000000000006,0.0,0.0,-0.0
255.1453785098484,-0.8390310371978587,38.4,0.0,0.0,-0.0
255.1415488490062,-0.8297042607867795,38.400000000000006,0.0,0.0,-0.0
255.13769682347956,-0.8203871149123073,38.40000000000001,0.0,0.0,-0.0
255.13382243319552,-0.8110795995438328,38.40000000000001,0.0,0.0,-0.0
255.12992567807777,-0.801781714651774,38.400000000000006,0.0,0.0,-0.0
255.12600655804684,-0.7924934602076105,38.400000000000006,0.0,0.0,-0.0
255.12206507302005,-0.7832148361839045,38.400000000000006,0.0,0.0,-0.0
255.1181012229114,-0.7739458425543229,38.400000000000006,0.0,0.0,-0.0
255.11411500763194,-0.7646864792936575,38.400000000000006,0.0,0.0,-0.0
255.11010642708928,-0.7554367463778476,38.400000000000006,0.0,0.0,-0.0
255.10607548118804,-0.7461966437839995,38.400000000000006,0.0,0.0,-0.0
255.10202216982972,-0.7369661714904088,38.400000000000006,0.0,0.0,-0.0
255.09794649291257,-0.7277453294765809,38.40000000000001,0.0,0.0,-0.0
255.09384845033196,-0.7185341177232533,38.400000000000006,0.0,0.0,-0.0
255.08972804197995,-0.7093325362124144,38.400000000000006,0.0,0.0,-0.0
255.0855852677457,-0.7001405849273271,38.4,0.0,0.0,-0.0
255.08142012751534,-0.6909582638525487,38.400000000000006,0.0,0.0,-0.0
255.07723262117185,-0.6817855729739516,38.4,0.0,0.0,-0.0
255.07302274859524,-0.6726225122787444,38.400000000000006,0.0,0.0,-0.0
255.06879050966273,-0.6634690817554939,38.400000000000006,0.0,0.0,-0.0
255.06453590424823,-0.6543252813941447,38.40000000000002,0.0,0.0,-0.0
255.0602589322231,-0.6451911111860416,38.400000000000006,0.0,0.0,-0.0
255.0559595934553,-0.6360665711239484,38.400000000000006,0.0,0.0,-0.0
255.05163788781036,-0.626951661202071,38.400000000000006,0.0,0.0,-0.0
255.04729381515054,-0.6178463814160773,38.400000000000006,0.0,0.0,-0.0
255.0429273753355,-0.608750731763118,38.400000000000006,0.0,0.0,-0.0
255.03853856822175,-0.5996647122418478,38.400000000000006,0.0,0.0,-0.0
255.03412739366323,-0.590588322852445,38.400000000000006,0.0,0.0,-0.0
255.02969385151093,-0.5815215635966343,38.400000000000006,0.0,0.0,-0.0
255.02523794161297,-0.5724644344777068,38.400000000000006,0.0,0.0,-0.0
255.02075966381489,-0.563416935500539,38.400000000000006,0.0,0.0,-0.0
255.0162590179592,-0.5543790666716162,38.400000000000006,0.0,0.0,-0.0
255.0117360038859,-0.5453508279990514,38.400000000000006,0.0,0.0,-0.0
255.00719062143204,-0.5363322194926077,38.400000000000006,0.0,0.0,-0.0
255.00262287043213,-0.527323241163716,38.4,0.0,0.0,-0.0
254.99803275071784,-0.5183238930254989,38.4,0.0,0.0,-0.0
254.99342026211826,-0.5093341750927894,38.400000000000006,0.0,0.0,-0.0
254.9887854044598,-0.5003540873821521,38.400000000000006,0.0,0.0,-0.0
254.9841281775662,-0.4913836299119039,38.400000000000006,0.0,0.0,-0.0
254.9794485812585,-0.48242280270213356,38.400000000000006,0.0,0.0,-0.0
254.97474661535526,-0.47347160577472347,38.400000000000006,0.0,0.0,-0.0
254.97002227967238,-0.4645300391533703,38.4,0.0,0.0,-0.0
254.96527557402322,-0.45559810286360375,38.400000000000006,0.0,0.0,-0.0
254.96050649821856,-0.4466757969328093,38.4,0.0,0.0,-0.0
254.95571505206655,-0.437763121390246,38.39999999999999,0.0,0.0,-0.0
254.950901235373,-0.4288600762670697,38.39999999999999,0.0,0.0,-0.0
254.94606504794103,-0.4199666615963516,38.39999999999999,0.0,0.0,-0.0
254.9412064895715,-0.41108287741309885,38.4,0.0,0.0,-0.0
254.93632556006247,-0.40220872375427674,38.399999999999984,0.0,0.0,-0.0
254.93142225920985,-0.39334420065882514,38.4,0.0,0.0,-0.0
254.926496586807,-0.38448930816768295,38.39999999999999,0.0,0.0,-0.0
254.92154854264484,-0.37564404632380594,38.39999999999999,0.0,0.0,-0.0
254.91657812651195,-0.36680841517218843,38.39999999999999,0.0,0.0,-0.0
254.91158533819439,-0.3579824147598814,38.399999999999984,0.0,0.0,-0.0
254.90657017747603,-0.34916604513601573,38.39999999999998,0.0,0.0,-0.0
254.90153264413829,-0.34035930635181993,38.399999999999984,0.0,0.0,-0.0
254.89647273796024,-0.33156219846064117,38.399999999999984,0.0,0.0,-0.0
254.89139045871875,-0.3227747215179659,38.39999999999999,0.0,0.0,-0.0
254.88628580618828,-0.31399687558143946,38.39999999999998,0.0,0.0,-0.0
254.88115878014102,-0.3052286607108863,38.39999999999998,0.0,0.0,-0.0
254.876009380347,-0.2964700769683299,38.39999999999998,0.0,0.0,-0.0
254.8708376065739,-0.287721124418013,38.399999999999984,0.0,0.0,-0.0
254.86564345858721,-0.27898180312641835,38.39999999999998,0.0,0.0,-0.0
254.8604269361502,-0.2702521131622873,38.39999999999997,0.0,0.0,-0.0
254.85518803902397,-0.26153205459664136,38.39999999999997,0.0,0.0,-0.0
254.84992676696734,-0.2528216275028005,38.39999999999998,0.0,0.0,-0.0
254.84464311973713,-0.24412083195640497,38.39999999999998,0.0,0.0,-0.0
254.83933709708796,-0.2354296680354333,38.39999999999998,0.0,0.0,-0.0
254.8340086987723,-0.22674813582022507,38.399999999999984,0.0,0.0,-0.0
254.82865792454047,-0.21807623539349694,38.399999999999984,0.0,0.0,-0.0
254.82328477414077,-0.20941396684036565,38.39999999999997,0.0,0.0,-0.0
254.81788924731947,-0.20076133024836662,38.39999999999997,0.0,0.0,-0.0
254.81247134382065,-0.1921183257074741,38.39999999999998,0.0,0.0,-0.0
254.80703106338643,-0.18348495331012069,38.39999999999997,0.0,0.0,-0.0
254.8015684057569,-0.17486121315121778,38.39999999999998,0.0,0.0,-0.0
254.79608337067017,-0.1662471053281744,38.399999999999984,0.0,0.0,-0.0
254.7905759578623,-0.15764262994091735,38.39999999999997,0.0,0.0,-0.0
254.78504616706743,-0.14904778709191113,38.39999999999997,0.0,0.0,-0.0
254.77949399801778,-0.14046257688617822,38.39999999999997,0.0,0.0,-0.0
254.77391945044346,-0.1318869994313173,38.39999999999996,0.0,0.0,-0.0
254.7683225240729,-0.12332105483752343,38.399999999999956,0.0,0.0,-0.0
