galstreams/tracks/track.st.NGC1851.ibata2021.ecsv
# %ECSV 0.9
# ---
# datatype:
# - {name: ra, unit: deg, datatype: float64}
# - {name: dec, unit: deg, datatype: float64}
# - {name: distance, unit: kpc, datatype: float64}
# - {name: pm_ra_cosdec, unit: mas / yr, datatype: float64}
# - {name: pm_dec, unit: mas / yr, datatype: float64}
# - {name: radial_velocity, unit: km / s, datatype: float64}
# delimiter: ','
# meta: !!omap
# - __serialized_columns__:
#     dec:
#       __class__: astropy.coordinates.angles.Latitude
#       unit: &id001 !astropy.units.Unit {unit: deg}
#       value: !astropy.table.SerializedColumn {name: dec}
#     distance:
#       __class__: astropy.coordinates.distances.Distance
#       unit: !astropy.units.Unit {unit: kpc}
#       value: !astropy.table.SerializedColumn {name: distance}
#     pm_dec:
#       __class__: astropy.units.quantity.Quantity
#       unit: !astropy.units.Unit {unit: mas / yr}
#       value: !astropy.table.SerializedColumn {name: pm_dec}
#     pm_ra_cosdec:
#       __class__: astropy.units.quantity.Quantity
#       unit: !astropy.units.Unit {unit: mas / yr}
#       value: !astropy.table.SerializedColumn {name: pm_ra_cosdec}
#     ra:
#       __class__: astropy.coordinates.angles.Longitude
#       unit: *id001
#       value: !astropy.table.SerializedColumn {name: ra}
#       wrap_angle: !astropy.coordinates.Angle
#         unit: *id001
#         value: 360.0
#     radial_velocity:
#       __class__: astropy.units.quantity.Quantity
#       unit: !astropy.units.Unit {unit: km / s}
#       value: !astropy.table.SerializedColumn {name: radial_velocity}
# schema: astropy-2.0
ra,dec,distance,pm_ra_cosdec,pm_dec,radial_velocity
[from data line 1380]
78.72039488774803,-37.365819817063446,13.640206984909515,2.3493586097041947,-0.525386015142088,0.0
78.71732874616575,-37.35610883953885,13.639000384102484,2.3495347657358043,-0.525508437418393,2.1051917824680845e-15
78.71424067369708,-37.34639687974375,13.637787015605774,2.349711914454289,-0.5256320948450001,6.315575347404253e-15
78.71113062945986,-37.33668393403694,13.636566866110327,2.3498900577815176,-0.5257569900570338,-6.315575347404253e-15
78.70799857259132,-37.32696999876156,13.635339922307084,2.350069197638049,-0.5258831256899492,0.0
78.70484446224808,-37.31725507024504,13.63410617088699,2.350249335943115,-0.5260105043795393,8.420767129872338e-15
78.7016682576061,-37.30753914479902,13.63286559854098,2.3504304746146194,-0.5261391287619434,8.420767129872338e-15
78.69846991786076,-37.297822218719304,13.631618191959998,2.350612615569131,-0.5262690014736506,-1.0525958912340423e-14
78.69524940222675,-37.288104288285815,13.630363937834993,2.350795760721873,-0.5264001251515089,1.2631150694808506e-14
78.69200666993805,-37.278385349762495,13.62910282285689,2.350979911986717,-0.5265325024327339,-6.315575347404253e-15
78.68874168024807,-37.26866539939725,13.62783483371665,2.3511650712761747,-0.5266661359549101,-8.420767129872338e-15
78.68545439242949,-37.25894443342193,13.626559957105204,2.3513512405013945,-0.5268010283560034,-4.210383564936169e-15
78.68214476577425,-37.24922244805218,13.62527817971349,2.3515384215721507,-0.5269371822743655,0.0
78.67881275959367,-37.23949943948749,13.623989488232455,2.3517266163968373,-0.5270746003487401,2.1051917824680845e-15
78.67545833321829,-37.229775403911006,13.622693869353046,2.351915826882458,-0.5272132852182709,4.210383564936169e-15
78.67208144599793,-37.220050337489575,13.621391309766189,2.3521060549346267,-0.5273532395225086,2.1051917824680845e-15
78.66868205730174,-37.2103242363736,13.62008179616284,2.352297302457549,-0.527494465901416,-4.210383564936169e-15
78.66526012651802,-37.200597096697045,13.618765315233937,2.3524895713540253,-0.5276369669953772,-1.0525958912340423e-14
78.66181561305443,-37.19086891457734,13.617441853670416,2.352682863525439,-0.5277807454452019,1.0525958912340423e-14
78.65834847633775,-37.18113968611529,13.616111398163222,2.3528771808717455,-0.5279258038921355,1.0525958912340423e-14
78.65485867581404,-37.17140940739505,13.6147739354033,2.353072525291472,-0.5280721449778616,-4.210383564936169e-15
78.65134617094861,-37.16167807448405,13.613429452081586,2.3532688986817076,-0.5282197713445124,-8.420767129872338e-15
78.64781092122593,-37.15194568343294,13.612077934889024,2.3534663029380916,-0.5283686856346732,1.0525958912340423e-14
78.64425288614964,-37.14221223027552,13.610719370516554,2.353664739954815,-0.5285188904913916,1.2631150694808506e-14
78.64067202524262,-37.13247771102864,13.609353745655119,2.353864211624603,-0.5286703885581816,-2.1051917824680845e-15
78.63706829804688,-37.12274212169223,13.607981046995663,2.354064719838715,-0.5288231824790313,-6.315575347404253e-15
78.63344166412365,-37.11300545824912,13.606601261229123,2.3542662664869374,-0.5289772748984105,1.0525958912340423e-14
78.62979208305325,-37.103267716665066,13.60521437504644,2.3544688534575697,-0.5291326684612769,1.0525958912340423e-14
78.62611951443519,-37.09352889288863,13.603820375138557,2.3546724826374263,-0.5292893658130824,2.1051917824680845e-15
78.62242391788813,-37.08378898285118,13.602419248196423,2.3548771559118196,-0.5294473695997801,1.6841534259744676e-14
78.61870525304981,-37.07404798246676,13.601010980910965,2.355082875164561,-0.5296066824678317,1.0525958912340423e-14
78.61496347957711,-37.06430588763204,13.599595559973137,2.355289642277948,-0.5297673070642126,1.473634247727659e-14
78.61119855714605,-37.05456269422629,13.598172972073876,2.35549745913276,-0.5299292460364206,1.2631150694808506e-14
78.60741044545173,-37.04481839811128,13.59674320390412,2.35570632760825,-0.5300925020324807,8.420767129872338e-15
78.60359910420831,-37.03507299513126,13.595306242154818,2.355916249582135,-0.5302570777009538,1.6841534259744676e-14
78.59976449314911,-37.0253264811128,13.593862073516906,2.356127226930595,-0.5304229756909411,1.473634247727659e-14
78.59590657202642,-37.01557885186484,13.592410684681324,2.356339261528257,-0.5305901986520931,-2.1051917824680845e-15
78.59202530061172,-37.00583010317856,13.590952062339017,2.356552355248196,-0.5307587492346139,1.473634247727659e-14
78.58812063869546,-36.99608023082735,13.589486193180925,2.3567665099619215,-0.5309286300892699,2.1051917824680845e-15
78.58419254608715,-36.986329230566724,13.588013063897991,2.356981727539371,-0.5310998438673958,2.1051917824680845e-15
78.58024098261538,-36.976577098134236,13.58653266118116,2.3571980098489105,-0.5312723932209,-6.315575347404253e-15
78.57626590812774,-36.966823829249485,13.585044971721365,2.3574153587573132,-0.5314462808022733,0.0
78.57226728249086,-36.95706941961396,13.58354998220955,2.3576337761297657,-0.5316215092645944,-2.1051917824680845e-15
78.56824506559038,-36.94731386491107,13.582047679336661,2.3578532638298504,-0.531798081261536,4.210383564936169e-15
78.56419921733094,-36.937557160806016,13.580538049793638,2.3580738237195455,-0.5319759994473727,1.894672604221276e-14
78.5601296976362,-36.927799302945736,13.57902108027142,2.358295457659214,-0.5321552664769871,-2.1051917824680845e-15
78.55603646644883,-36.91804028695887,13.577496757460947,2.3585181675075964,-0.532335885005875,1.473634247727659e-14
78.55191948373042,-36.90828010845568,13.575965068053167,2.3587419551218027,-0.5325178576901548,-6.315575347404253e-15
78.54777870946161,-36.89851876302797,13.574425998739015,2.358966822357311,-0.5327011871865714,4.210383564936169e-15
78.54361410364197,-36.888756246249024,13.572879536209436,2.3591927710679492,-0.5328858761525044,4.210383564936169e-15
78.53942562629004,-36.878992553673605,13.571325667155373,2.3594198031058973,-0.5330719272459734,6.315575347404253e-15
78.53521323744332,-36.86922768083779,13.569764378267761,2.3596479203216805,-0.5332593431256464,1.2631150694808506e-14
78.53097689715827,-36.85946162325896,13.568195656237549,2.359877124564148,-0.533448126450844,1.2631150694808506e-14
78.52671656551024,-36.84969437643577,13.566619487755673,2.360107417680486,-0.533638279881548,6.315575347404253e-15
78.52243220259359,-36.83992593584803,13.56503585951308,2.3603388015161944,-0.5338298060784066,-2.1051917824680845e-15
78.51812376852158,-36.83015629695664,13.563444758200708,2.360571277915085,-0.5340227077027406,0.0
78.51379122342632,-36.82038545520359,13.561846170509497,2.3608048487192774,-0.5342169874165524,1.2631150694808506e-14
78.50943452745894,-36.8106134060118,13.560240083130388,2.3610395157691855,-0.5344126478825295,-4.210383564936169e-15
78.50505364078943,-36.80084014478512,13.558626482754326,2.3612752809035134,-0.5346096917640519,1.2631150694808506e-14
78.50064852360664,-36.79106566690832,13.557005356072256,2.3615121459592485,-0.5348081217251994,1.894672604221276e-14
78.49621913611838,-36.781289967746865,13.555376689775112,2.361750112771654,-0.5350079404307583,2.1051917824680845e-15
78.4917654385513,-36.771513042647015,13.553740470553837,2.361989183174259,-0.5352091505462258,-1.0525958912340423e-14
78.48728739115096,-36.761734886935656,13.552096685099373,2.3622293589988548,-0.5354117547378177,0.0
78.4827849541818,-36.751955495920306,13.550445320102666,2.362470642075484,-0.5356157556724753,1.2631150694808506e-14
78.47825808792706,-36.742174864888995,13.548786362254651,2.3627130342324354,-0.5358211560178718,1.473634247727659e-14
78.47370675268891,-36.7323929891102,13.547119798246273,2.362956537296238,-0.5360279584424176,6.315575347404253e-15
78.46913090878837,-36.722609863832886,13.545445614768475,2.363201153091648,-0.5362361656152674,1.473634247727659e-14
78.46453051656529,-36.712825484286284,13.543763798512192,2.3634468834416484,-0.5364457802063269,1.6841534259744676e-14
78.45990553637834,-36.70303984567993,13.542074336168366,2.363693730167439,-0.5366568048862588,-8.420767129872338e-15
78.45525592860511,-36.69325294320361,13.540377214427952,2.3639416950884216,-0.5368692423264874,1.2631150694808506e-14
78.45058165364192,-36.68346477202721,13.538672419981879,2.3641907800222097,-0.53708309519921,0.0
78.44588267190397,-36.67367532730075,13.53695993952109,2.364440986784602,-0.5372983661773971,1.473634247727659e-14
78.4411589438253,-36.66388460415425,13.535239759736529,2.3646923171895895,-0.5375150579348034,0.0
78.43641042985871,-36.65409259769769,13.533511867319133,2.3649447730493396,-0.5377331731459712,2.1051917824680845e-15
78.43163709047587,-36.64429930302097,13.531776248959849,2.3651983561741923,-0.5379527144862384,-6.315575347404253e-15
78.42683888616722,-36.634504715193806,13.530032891349611,2.365453068372653,-0.538173684631744,2.1051917824680845e-15
78.42201577744197,-36.62470882926572,13.528281781179373,2.3657089114513816,-0.5383960862594348,0.0
78.4171677248282,-36.61491164026586,13.526522905140066,2.365965887215191,-0.5386199220470712,4.210383564936169e-15
78.41229468887275,-36.60511314320311,13.52475624992264,2.3662239974670363,-0.5388451946732336,2.5262301389617013e-14
78.40739663014118,-36.59531333306588,13.522981802218025,2.3664832440080046,-0.5390719068173299,-2.1051917824680845e-15
78.40247350921794,-36.585512204822116,13.521199548717172,2.3667436286373142,-0.5393000611595989,1.2631150694808506e-14
78.39752528670616,-36.57570975341921,13.519409476111022,2.3670051531523004,-0.5395296603811199,0.0
78.39255192322781,-36.56590597378394,13.517611571090505,2.3672678193484153,-0.5397607071638163,6.315575347404253e-15
78.38755337942358,-36.55610086082245,13.515805820346577,2.3675316290192114,-0.5399932041904631,-6.315575347404253e-15
78.38252961595295,-36.54629440942002,13.513992210570176,2.3677965839563444,-0.5402271541446926,-4.210383564936169e-15
78.37748059349414,-36.536486614441316,13.512170728452237,2.368062685949559,-0.5404625597110008,-6.315575347404253e-15
78.37240627274414,-36.526677470729986,13.510341360683709,2.36832993678668,-0.5406994235747533,1.473634247727659e-14
78.36730661441868,-36.51686697310882,13.508504093955528,2.3685983382536135,-0.5409377484221929,1.2631150694808506e-14
78.36218157925222,-36.5070551163796,13.50665891495864,2.3688678921343302,-0.541177536940443,-2.1051917824680845e-15
78.35703112799798,-36.497241895323036,13.504805810383978,2.369138600210866,-0.5414187918175157,0.0
