galstreams/tracks/track.st.Sagittarius.antoja2020.ecsv
# %ECSV 0.9
# ---
# datatype:
# - {name: ra, unit: deg, datatype: float64}
# - {name: dec, unit: deg, datatype: float64}
# - {name: distance, unit: kpc, datatype: float64}
# - {name: pm_ra_cosdec, unit: mas / yr, datatype: float64}
# - {name: pm_dec, unit: mas / yr, datatype: float64}
# - {name: radial_velocity, unit: km / s, datatype: float64}
# delimiter: ','
# meta: !!omap
# - __serialized_columns__:
#     dec:
#       __class__: astropy.coordinates.angles.Latitude
#       unit: &id001 !astropy.units.Unit {unit: deg}
#       value: !astropy.table.SerializedColumn {name: dec}
#     distance:
#       __class__: astropy.coordinates.distances.Distance
#       unit: !astropy.units.Unit {unit: kpc}
#       value: !astropy.table.SerializedColumn {name: distance}
#     pm_dec:
#       __class__: astropy.units.quantity.Quantity
#       unit: !astropy.units.Unit {unit: mas / yr}
#       value: !astropy.table.SerializedColumn {name: pm_dec}
#     pm_ra_cosdec:
#       __class__: astropy.units.quantity.Quantity
#       unit: !astropy.units.Unit {unit: mas / yr}
#       value: !astropy.table.SerializedColumn {name: pm_ra_cosdec}
#     ra:
#       __class__: astropy.coordinates.angles.Longitude
#       unit: *id001
#       value: !astropy.table.SerializedColumn {name: ra}
#       wrap_angle: !astropy.coordinates.Angle
#         unit: *id001
#         value: 360.0
#     radial_velocity:
#       __class__: astropy.units.quantity.Quantity
#       unit: !astropy.units.Unit {unit: km / s}
#       value: !astropy.table.SerializedColumn {name: radial_velocity}
# schema: astropy-2.0
ra,dec,distance,pm_ra_cosdec,pm_dec,radial_velocity
[from data line 136]
232.46598463743308,-10.749379659805294,49.707758206141136,-1.1750043915978878,-0.590609378024711,-1.6841534259744676e-14
231.21242114222534,-10.071399230674254,50.20953404274437,-1.1573104931504092,-0.5742460215876284,-6.315575347404254e-14
229.96413380761473,-9.38871652415087,50.666220897895464,-1.1414809531195242,-0.5583608357886933,-1.2631150694808506e-14
228.72077083100578,-8.701674115952672,51.07414156479355,-1.1275185428999235,-0.5431026935208874,6.73661370389787e-14
227.48197645587982,-8.01061156670846,51.429834123170274,-1.115417429861986,-0.5286262347804203,1.4525823299029783e-13
226.24739142617653,-7.315865596076109,51.730093518955016,-1.1051627475068417,-0.5150895735528992,6.947132882144679e-14
225.01665340400828,-6.617770269930842,51.97201249446111,-1.096730189518125,-0.502651886539069,1.1999593160068083e-13
223.7893973535401,-5.916657199200043,52.153021374161895,-1.0900856438981488,-0.491470913276405,0.0
222.56525589392996,-5.212855749008547,52.27092618800256,-1.085184884271706,-0.4817004001015203,9.47336302110638e-14
221.34385962427208,-4.506693256881666,52.323944594373636,-1.081973336049135,-0.4734875231811351,6.73661370389787e-14
220.12483742351407,-3.798495258828808,52.31073904884773,-1.0803859354261842,-0.46697032847809633,8.736545897242551e-14
218.90781672834137,-3.088585722199882,52.23044665307435,-1.0803470991265742,-0.4622752289708613,0.0
217.6924237920306,-2.377287284267792,52.082705111387256,-1.0817708223297646,-0.4595146016616268,-1.0525958912340423e-14
216.47828392728067,-1.6649214955441334,51.86767422127846,-1.0845609213386993,-0.45878452883614046,-4.210383564936169e-15
215.26502173602893,-0.9518090668807069,51.58605232854051,-1.0886114361996173,-0.46016272961699634,-2.4472854471191484e-14
214.05226132926032,-0.23827011944634274,51.23908718920167,-1.093807206660851,-0.46370672901550064,2.861745079292553e-14
212.83962653981305,0.47537556330221853,50.828580699046185,-1.1000246325260754,-0.4694523123613549,3.710400516599999e-14
211.62674113118277,1.188808282517105,50.35688697820815,-1.1071326266011217,-0.4774123130936526,9.104954459174465e-14
210.4132290053254,1.901708170573339,49.826903333783285,-1.1149937650393749,-0.48757578134226365,7.631320211446807e-14
209.19871441245786,2.61375493824716,49.24205366836551,-1.123465635954243,-0.49990757941881064,7.368171238638296e-15
207.9828221658576,3.3246276233113545,48.606263957672844,-1.1324023826921659,-0.5143484481657341,1.1894333570944678e-13
206.76517786466337,4.034004341414717,47.9239294867972,-1.1416564331614756,-0.5308155849662947,9.47336302110638e-14
205.54540812768195,4.741562040135737,47.199873612943875,-1.1510804011192977,-0.5492037699747073,5.2629794561702114e-14
204.3231408412088,5.446976257132429,46.43929791370274,-1.1605291393740333,-0.5693870716518377,3.5788260301957434e-14
203.09800542387146,6.149920883349654,45.64772368483268,-1.1698619185260652,-0.59122115584701,8.420767129872338e-14
201.86963311150146,6.850067932294122,44.830924871191044,-1.1789446982256864,-0.6145462143007246,5.0524602779234026e-14
200.6376572650356,7.547087316442972,43.994852649794325,-1.1876524510801505,-0.6391905183986862,2.1051917824680846e-14
199.40171370443292,8.240646631916054,43.14555203606621,-1.195871492422343,-0.6649745921191029,1.6841534259744676e-14
198.16144107157052,8.930410952613443,42.28907105418498,-1.2035017623238207,-0.6917159842113909,7.157652060391487e-14
196.91648122504668,9.616042635097848,41.43136320116423,-1.2104589996895363,-0.7192346035488295,3.789345208442552e-14
195.66647966976763,10.297201135586535,40.57818414303454,-1.2166767422425178,-0.7473585631312907,8.420767129872338e-14
194.41108602412496,10.973542840507603,39.73498381139562,-1.2221080809673341,-0.7759304571977121,7.999728773378721e-14
193.14995452747505,11.644720912170902,38.906795320894204,-1.2267270934486765,-0.8048139721650492,-1.2631150694808506e-14
191.8827445905118,12.310385151202771,38.09812240409516,-1.230529877881732,-0.8339007054709323,1.2631150694808506e-14
190.60912139096826,12.970181877496003,37.312827361036874,-1.233535108761596,-0.8631170367027344,5.4734986344170195e-14
189.32875651689022,13.623753831529168,36.55402184782407,-1.2357840368516828,-0.8924308625036765,-2.5262301389617013e-14
188.04132865949168,14.270740098012196,35.82396318327543,-1.237339860514927,-0.9218579705370468,7.578690416885104e-14
186.7465243573157,14.91077605391579,35.12395923631792,-1.2382864034535355,-0.9514677881722233,-3.368306851948935e-14
185.44403879308848,15.543493343037811,34.45428537095138,-1.238726045990028,-0.981388198477743,5.0524602779234026e-14
184.1335766442563,16.16851987934905,33.814117371686244,-1.2387768739382967,-1.0118090695596438,8.420767129872338e-15
182.81485298773188,16.785479881439926,33.201484751919416,-1.2385690316184905,-1.042984093315224,-1.6841534259744676e-14
181.487594258846,17.393993940456056,32.6132493623286,-1.2382402944755404,-1.0752304763958347,-2.5262301389617013e-14
180.1515392638902,17.993679123960884,32.04511476766107,-1.2379309129223712,-1.1089259697744824,4.210383564936169e-14
178.8064402449539,18.584149118193626,31.491672449925503,-1.2377778233369434,-1.1445026640672658,8.420767129872338e-15
177.45206399498983,19.165014411197024,30.946491525682493,-1.2379083755078595,-1.182436916029732,-5.894536990910637e-14
176.08819302019452,19.73588251926733,30.402259336614595,-1.2384337891671844,-1.2232347079101484,-1.6841534259744676e-14
174.7146267458591,20.29635825912407,29.85098098765023,-1.2394426264744256,-1.267411676174544,-5.894536990910637e-14
173.33118276083323,20.846044068105574,29.284246667460994,-1.2409946532945917,-1.315466980221124,-6.73661370389787e-14
171.93769809466326,21.384540374561478,28.693576394034825,-1.243115560650404,-1.3678501158917835,0.0
170.53403052030774,21.91144602043425,28.070852685213104,-1.2457931295398244,-1.4249197138000982,0.0
169.1200598741281,22.42635873778974,27.408852562514642,-1.248975547982509,-1.4868932997749953,-2.5262301389617013e-14
167.69568938359757,22.928875680771743,26.701891258352937,-1.252572729119847,-1.5537869352106661,-3.368306851948935e-14
166.26084699189593,23.4185940141112,25.94659101390654,-1.2564616336717214,-1.6253436000433454,-3.368306851948935e-14
164.81548666727656,23.895111558916412,25.142789429622802,-1.2604967690426803,-1.7009491317231789,-1.6841534259744676e-14
163.35958968383602,24.358027496003217,24.294602964753736,-1.264527220595021,-1.7795344912189095,-5.0524602779234026e-14
161.89316585910993,24.806943126493962,23.411662378747458,-1.2684217674852498,-1.8594630930617917,1.6841534259744676e-14
160.41625473280095,25.24146268882172,22.510538167957577,-1.2721038450878999,-1.938401911918176,0.0
158.92892666994481,25.661194230623938,21.61637537840163,-1.2755983371494248,-2.013175064252933,-3.368306851948935e-14
157.4312838709859,26.065750533302488,20.764758571555497,-1.2790924118154852,-2.079598561199157,5.0524602779234026e-14
155.92346127059847,26.454750086270366,20.00382918785334,-1.283012854596274,-2.1322949384053653,-3.368306851948935e-14
154.40562730669953,26.827818107108605,19.396679094220296,-1.288122595891229,-2.164486490675639,-1.6841534259744676e-14
152.87798454099521,27.184587603030366,19.02404572009419,-1.2956393783012055,-2.1677658735307084,0.0
151.34077011261843,27.524700468205804,18.98733588364577,-1.3073797568082735,-2.1318428798004168,-1.6841534259744676e-14
149.79425600699756,27.84780861065654,19.412007188945378,-1.3259318700239824,-2.0442662558762494,0.0
