galstreams/tracks/track.st.Turranburra.shipp2019.ecsv
# %ECSV 0.9
# ---
# datatype:
# - {name: ra, unit: deg, datatype: float64}
# - {name: dec, unit: deg, datatype: float64}
# - {name: distance, unit: kpc, datatype: float64}
# - {name: pm_ra_cosdec, unit: mas / yr, datatype: float64}
# - {name: pm_dec, unit: mas / yr, datatype: float64}
# - {name: radial_velocity, unit: km / s, datatype: float64}
# delimiter: ','
# meta: !!omap
# - __serialized_columns__:
#     dec:
#       __class__: astropy.coordinates.angles.Latitude
#       unit: &id001 !astropy.units.Unit {unit: deg}
#       value: !astropy.table.SerializedColumn {name: dec}
#     distance:
#       __class__: astropy.coordinates.distances.Distance
#       unit: !astropy.units.Unit {unit: kpc}
#       value: !astropy.table.SerializedColumn {name: distance}
#     pm_dec:
#       __class__: astropy.units.quantity.Quantity
#       unit: !astropy.units.Unit {unit: mas / yr}
#       value: !astropy.table.SerializedColumn {name: pm_dec}
#     pm_ra_cosdec:
#       __class__: astropy.units.quantity.Quantity
#       unit: !astropy.units.Unit {unit: mas / yr}
#       value: !astropy.table.SerializedColumn {name: pm_ra_cosdec}
#     ra:
#       __class__: astropy.coordinates.angles.Longitude
#       unit: *id001
#       value: !astropy.table.SerializedColumn {name: ra}
#       wrap_angle: !astropy.coordinates.Angle
#         unit: *id001
#         value: 360.0
#     radial_velocity:
#       __class__: astropy.units.quantity.Quantity
#       unit: !astropy.units.Unit {unit: km / s}
#       value: !astropy.table.SerializedColumn {name: radial_velocity}
# schema: astropy-2.0
ra,dec,distance,pm_ra_cosdec,pm_dec,radial_velocity
59.707969851551134,-18.55470175604184,27.500000000005326,0.36193821734670284,-1.088130381017002,4.2936060064806975e-09
59.71762074809065,-18.558957443636437,27.500000000005326,0.3620038492931852,-1.088018124724952,4.2748108542468225e-09
59.727271151724985,-18.563214098477495,27.50000000000533,0.3620693975424761,-1.087905568963599,4.256057805848597e-09
59.73692106272526,-18.567471720526697,27.500000000005333,0.36213486204106143,-1.0877927137459245,4.2373131782175005e-09
59.74657048136279,-18.571730309745888,27.500000000005326,0.36220024273540646,-1.0876795590849229,4.218585392120664e-09
59.756219407908844,-18.575989866096876,27.50000000000533,0.36226553957195673,-1.0875661049936,4.199908130626608e-09
59.765867842634975,-18.580250389541593,27.50000000000533,0.3623307524971387,-1.0874523514849759,4.181239289899681e-09
59.77551578581262,-18.58451188004194,27.500000000005336,0.36239588145735835,-1.087338298572082,4.162570449172754e-09
59.78516323771344,-18.588774337559947,27.500000000005336,0.3624609263990016,-1.0872239462679623,4.143960553815736e-09
59.79481019860921,-18.593037762057694,27.500000000005336,0.36252588726843515,-1.087109294585673,4.125367499992978e-09
59.80445666877164,-18.597302153497225,27.50000000000534,0.36259076401200463,-1.086994343538283,4.10679970847161e-09
59.81410264847271,-18.601567511840752,27.50000000000534,0.36265555657603776,-1.0868790931388739,4.088265600018761e-09
59.82374813798434,-18.605833837050426,27.50000000000534,0.36272026490684073,-1.0867635434005394,4.069739912333041e-09
59.833393137578675,-18.610101129088548,27.50000000000534,0.3627848889507003,-1.0866476943363859,4.051239486948712e-09
59.84303764752781,-18.614369387917385,27.500000000005347,0.36284942865388425,-1.0865315459595317,4.0327727446329014e-09
59.85268166810402,-18.618638613499325,27.500000000005347,0.3629138839626396,-1.0864150982831084,4.014314423084222e-09
59.86232519957974,-18.622908805796804,27.50000000000535,0.362978254823195,-1.0862983513202598,3.995906626138321e-09
59.87196824222729,-18.627179964772214,27.500000000005347,0.36304254118175655,-1.0861813050841425,3.97749040842529e-09
59.881610796319315,-18.631452090388155,27.50000000000535,0.3631067429845141,-1.086063959587924,3.959133136082168e-09
59.89125286212833,-18.6357251826071,27.500000000005354,0.36317086017763467,-1.085946314844786,3.940792705273306e-09
59.90089443992715,-18.63999924139174,27.500000000005354,0.3632348927072678,-1.0858283708679224,3.922443853697314e-09
59.91053552998848,-18.644274266704688,27.500000000005357,0.36329884051954187,-1.0857101276705383,3.9041539474912315e-09
59.92017613258525,-18.648550258508678,27.500000000005357,0.36336270356056627,-1.0855915852658542,3.885872462052279e-09
59.9298162479905,-18.652827216766514,27.500000000005357,0.36342648177643055,-1.0854727436670997,3.867624659681845e-09
59.93945587647722,-18.657105141440955,27.50000000000536,0.363490175113204,-1.0853536028875186,3.849410540379931e-09
59.94909501831865,-18.661384032494933,27.50000000000537,0.36355378351693735,-1.085234162940367,3.831188000310888e-09
59.95873367378797,-18.665663889891302,27.50000000000537,0.363617306933661,-1.0851144238389143,3.8130159848446236e-09
59.968371843158614,-18.669944713593093,27.50000000000537,0.36368074530938505,-1.084994385596441,3.794877652446878e-09
59.978009526703914,-18.674226503563276,27.50000000000538,0.36374409859010104,-1.0848740482262405,3.7767393200491335e-09
59.98764672469745,-18.678509259764947,27.50000000000537,0.36380736672178016,-1.08475341174162,3.758626249952778e-09
59.9972834374129,-18.682792982161267,27.500000000005375,0.36387054965037474,-1.084632476155897,3.740572125226331e-09
60.00691966512385,-18.68707767071534,27.50000000000538,0.3639336473218165,-1.0845112414824032,3.7225180004998854e-09
60.016555408104246,-18.691363325390448,27.50000000000539,0.36399665968201855,-1.0843897077344824,3.7044807173076987e-09
60.026190666627826,-18.695649946149818,27.50000000000538,0.364059586676873,-1.0842678749254915,3.686477117184032e-09
60.03582544096869,-18.699937532956827,27.50000000000539,0.3641224282522538,-1.084145743068798,3.6684987793617543e-09
60.04545973140081,-18.70422608577479,27.500000000005397,0.3641851843540145,-1.084023312177784,3.6505457038408666e-09
60.05509353819841,-18.708515604567157,27.5000000000054,0.36424785492798967,-1.0839005822658434,3.6326094698542382e-09
60.064726861635776,-18.712806089297448,27.5000000000054,0.364310439919994,-1.0837775533463831,3.61469007740187e-09
60.074359701987156,-18.71709753992912,27.5000000000054,0.364372939275822,-1.0836542254328219,3.596821209552281e-09
60.083992059527084,-18.721389956425817,27.5000000000054,0.36443535294124985,-1.0835305985385904,3.5789523417026917e-09
60.093623934529965,-18.725683338751093,27.5000000000054,0.36449768086203327,-1.0834066726771339,3.561125577688752e-09
60.10325532727055,-18.729977686868697,27.500000000005404,0.36455992298390905,-1.0832824478619083,3.543324075976202e-09
60.11288623802343,-18.73427300074228,27.50000000000541,0.36462207925259343,-1.0831579241063831,3.5255394157979114e-09
60.12251666706344,-18.738569280335664,27.50000000000542,0.3646841496137843,-1.08303310142404,3.5077968594552704e-09
60.13214661466551,-18.742866525612698,27.500000000005425,0.3647461340131605,-1.082907979828374,3.4900627238797595e-09
60.141776081104524,-18.747164736537197,27.500000000005425,0.36480803239637916,-1.0827825593328917,3.4723370090713782e-09
60.151405066655684,-18.75146391307316,27.500000000005425,0.3648698447090807,-1.082656839951112,3.4546702396329058e-09
60.161033571594,-18.75576405518448,27.50000000000543,0.36493157089688405,-1.0825308216965683,3.436995049427304e-09
60.170661596194776,-18.76006516283523,27.500000000005432,0.36499321090538883,-1.0824045045828041,3.419361963057351e-09
60.180289140733436,-18.764367235989514,27.500000000005432,0.36505476468017695,-1.0822778886233775,3.401762559755918e-09
60.189916205485275,-18.76867027461139,27.50000000000544,0.3651162321668084,-1.082150973831858,3.384171577221615e-09
60.199542790725936,-18.772974278665103,27.500000000005436,0.3651776133108264,-1.0820237602218286,3.366597436221571e-09
60.209168896730915,-18.777279248114805,27.500000000005446,0.3652389080577521,-1.0818962478068832,3.349065399057177e-09
60.21879452377603,-18.78158518292485,27.50000000000545,0.3653001163530895,-1.0817684366006306,3.331575465728432e-09
60.22841967213695,-18.78589208305948,27.50000000000545,0.3653612381423216,-1.0816403266166905,3.3140939531668172e-09
60.238044342089616,-18.790199948483107,27.500000000005453,0.3654222733709132,-1.081511917868697,3.2966040198380725e-09
60.24766853391008,-18.79450877916018,27.50000000000546,0.3654832219843092,-1.0813832103702936,3.279164611112107e-09
60.257292247874275,-18.798818575055122,27.50000000000546,0.36554408392793497,-1.0812542041351403,3.2617673062217903e-09
60.266915484258455,-18.803129336132503,27.500000000005468,0.36560485914719676,-1.0811248991769067,3.244378422098604e-09
60.27653824333877,-18.807441062356837,27.500000000005475,0.3656655475874811,-1.0809952955092768,3.227031641811067e-09
60.28616052539168,-18.811753753692802,27.500000000005475,0.3657261491941565,-1.0808653931459462,3.20968486152353e-09
60.295782330693484,-18.816067410105006,27.50000000000548,0.3657866639125705,-1.0807351921006243,3.1923717643045124e-09
60.30540365952074,-18.820382031558204,27.50000000000549,0.3658470916880515,-1.0806046923870312,3.1750755086197547e-09
60.315024512150146,-18.82469761801719,27.50000000000549,0.3659074324659109,-1.080473894018902,3.1578213567706464e-09
60.32464488885826,-18.829014169446715,27.50000000000549,0.3659676861914371,-1.0803427970099826,3.140584046455798e-09
60.33426478992199,-18.83333168581171,27.500000000005492,0.36602785280990247,-1.0802114013740323,3.1233635776752086e-09
60.34388421561814,-18.83765016707703,27.5000000000055,0.36608793226655806,-1.0800797071248227,3.106193633497399e-09
60.353503166223724,-18.84196961320769,27.500000000005503,0.3661479245066372,-1.0799477142761391,3.089023689319589e-09
60.363121642015734,-18.846290024168646,27.50000000000551,0.36620782947535235,-1.079815422841778,3.0718790074431693e-09
60.37273964327139,-18.85061139992499,27.500000000005514,0.3662676471178982,-1.0796828328355497,3.0547511671010087e-09
60.38235717026796,-18.854933740441865,27.500000000005517,0.3663273773794498,-1.0795499442712757,3.037657009827368e-09
60.391974223282666,-18.859257045684377,27.500000000005517,0.36638702020516173,-1.0794167571627928,3.0206049563893763e-09
60.40159080259306,-18.86358131561777,27.500000000005524,0.36644657554017146,-1.079283271523947,3.003552902951385e-09
60.411206908476544,-18.867906550207255,27.500000000005535,0.36650604332959585,-1.0791494873686003,2.986542953349043e-09
60.42082254121083,-18.872232749418195,27.50000000000553,0.3665654235185334,-1.079015404710625,2.9695582660480906e-09
60.4304377010735,-18.876559913215882,27.50000000000554,0.36662471605206226,-1.0788810235639077,2.9525904202813976e-09
60.4400523883424,-18.880888041565747,27.500000000005542,0.36668392087524276,-1.078746343942346,2.9356478368160943e-09
60.44966660329544,-18.885217134433276,27.50000000000555,0.3667430379331149,-1.0786113658598513,2.918738936419311e-09
60.45928034621051,-18.88954719178389,27.500000000005553,0.36680206717070046,-1.0784760893303489,2.9018131944882674e-09
60.468893617365765,-18.893878213583218,27.50000000000556,0.3668610085330023,-1.0783405143677736,2.884954818694263e-09
60.47850641703924,-18.898210199796786,27.500000000005564,0.3669198619650025,-1.0782046409860757,2.868130125968778e-09
60.48811874550929,-18.90254315039029,27.500000000005564,0.3669786274116661,-1.0780684691992168,2.8512970124761635e-09
60.49773060305413,-18.90687706532938,27.500000000005574,0.3670373048179373,-1.0779319990211722,2.8345060028191977e-09
60.50734198995223,-18.911211944579808,27.500000000005578,0.36709589412874205,-1.0777952304659286,2.817740255463622e-09
60.51695290648217,-18.915547788107396,27.50000000000558,0.3671543952889881,-1.077658163547487,2.800999770409436e-09
60.52656335292245,-18.919884595877924,27.50000000000559,0.367212808243562,-1.0775207982798594,2.784284547656639e-09
60.53617332955183,-18.92422236785734,27.5000000000056,0.367271132937333,-1.0773831346770715,2.7675861664381024e-09
60.54578283664903,-18.928561104011514,27.500000000005592,0.3673293693151506,-1.0772451727531624,2.750921468288085e-09
60.555391874493004,-18.932900804306477,27.500000000005606,0.3673875173218454,-1.077106912522182,2.7342736116723272e-09
60.56500044336264,-18.937241468708212,27.50000000000561,0.3674455769022289,-1.0769683539981953,2.7176678588922192e-09
60.57460854353701,-18.941583097182814,27.500000000005617,0.3675035480010931,-1.0768294971952777,2.7010621061121108e-09
60.58421617529533,-18.945925689696445,27.50000000000562,0.3675614305632129,-1.0766903421275187,2.684481615633392e-09
60.593823338916735,-18.95026924621522,27.500000000005624,0.3676192245333413,-1.076550888809021,2.6679684912917128e-09
60.60343003468066,-18.954613766705396,27.50000000000563,0.36767692985621475,-1.0764111372538983,2.651446946182903e-09
60.61303626286641,-18.95895925113321,27.500000000005638,0.3677345464765492,-1.0762710874762786,2.6349338218412236e-09
60.622642023753585,-18.963305699465018,27.50000000000564,0.3677920743390428,-1.0761307394903024,2.6184459598009336e-09
60.63224731762172,-18.967653111667136,27.50000000000565,0.36784951338837385,-1.0759900933101219,2.6020170431305524e-09
60.641852144750516,-18.972001487705988,27.500000000005652,0.36790686356920155,-1.0758491489499034,2.5856049679944314e-09
60.65145650541982,-18.97635082754808,27.500000000005656,0.36796412482616736,-1.0757079064238249,2.56920131362544e-09
60.66106039990941,-18.980701131159844,27.500000000005663,0.3680212971038928,-1.0755663657460783,2.5528229215578384e-09
60.670663828499336,-18.985052398507904,27.50000000000567,0.3680783803469806,-1.0754245269308669,2.536486633325886e-09
60.680266791469556,-18.989404629558788,27.500000000005674,0.3681353745000151,-1.0752823899924082,2.5201587658610635e-09
60.689869289100315,-18.993757824279214,27.500000000005677,0.36819227950756106,-1.0751399549449314,2.5038645814647605e-09
60.69947132167176,-18.99811198263582,27.50000000000569,0.368249095314164,-1.0749972218026786,2.4875956593698473e-09
60.70907288946424,-19.002467104595365,27.50000000000569,0.3683058218643526,-1.0748541905799058,2.4713435788091934e-09
60.718673992758234,-19.006823190124674,27.500000000005695,0.36836245910263454,-1.0747108612908796,2.4551251813170593e-09
60.728274631834154,-19.011180239190523,27.500000000005702,0.368419006973499,-1.074567233949882,2.438923625359185e-09
60.73787480697269,-19.015538251759864,27.500000000005706,0.3684754654214175,-1.0744233085712056,2.42275575246983e-09
60.74747451845442,-19.01989722779956,27.500000000005713,0.3685318343908413,-1.074279085169157,2.4065878795804752e-09
60.75707376656025,-19.024257167276655,27.500000000005716,0.36858811382620377,-1.0741345637580555,2.3904789520610296e-09
60.76667255157092,-19.02861807015811,27.500000000005727,0.3686443036719188,-1.0739897443522324,2.374370024541584e-09
60.77627087376746,-19.032979936411024,27.50000000000573,0.368700403872382,-1.0738446269660333,2.358311621624917e-09
60.785868733430966,-19.03734276600255,27.50000000000574,0.3687564143719702,-1.0736992116138149,2.3422532187082505e-09
60.79546613084247,-19.041706558899797,27.50000000000574,0.3688123351150411,-1.073553498309948,2.3262200780929738e-09
60.80506306628331,-19.04607131507004,27.500000000005752,0.3688681660459336,-1.0734074870688155,2.310245882847606e-09
60.81465954003472,-19.050437034480463,27.500000000005755,0.3689239071089681,-1.0732611779048133,2.2942632668351083e-09
60.824255552378204,-19.054803717098444,27.500000000005766,0.3689795582484462,-1.0731145708323506,2.2782890715897404e-09
60.833851103595165,-19.059171362891284,27.500000000005777,0.3690351194086501,-1.0729676658658485,2.2623906632485415e-09
60.84344619396724,-19.063539971826394,27.50000000000577,0.3690905905338446,-1.0728204630197424,2.2464922549073425e-09
60.85304082377617,-19.067909543871263,27.500000000005777,0.3691459715682751,-1.0726729623084785,2.2305938465661436e-09
60.862634993303665,-19.072280078993323,27.500000000005787,0.3692012624561677,-1.0725251637465172,2.2147543835948534e-09
60.87222870283164,-19.076651577160174,27.50000000000579,0.3692564631417302,-1.0723770673483317,2.198940182924953e-09
60.88182195264199,-19.081024038339333,27.5000000000058,0.36931157356915195,-1.0722286731284076,2.183142823789313e-09
60.891414743016796,-19.08539746249847,27.5000000000058,0.36936659368260305,-1.0720799811012438,2.1673538854208023e-09
60.901007074238244,-19.089771849605295,27.500000000005812,0.3694215234262367,-1.0719309912813517,2.151598630120811e-09
60.91059894658849,-19.09414719962747,27.500000000005816,0.36947636274418455,-1.0717817036832555,2.135893899423599e-09
60.92019036034993,-19.098523512532825,27.500000000005823,0.3695311115805619,-1.0716321183214927,2.120180747959257e-09
60.92978131580488,-19.10290078828912,27.500000000005834,0.369585769879464,-1.0714822352106133,2.104501279563435e-09
60.93937181323596,-19.107279026864276,27.500000000005837,0.36964033758496867,-1.07133205436518,2.088863915003262e-09
60.948961852925635,-19.111658228226148,27.500000000005844,0.3696948146411343,-1.0711815757997691,2.0732012881416995e-09
60.95855143515672,-19.11603839234275,27.500000000005855,0.3697492009920004,-1.071030799528969,2.0576228689514356e-09
60.96814056021187,-19.120419519182022,27.50000000000585,0.36980349658158884,-1.0708797255673816,2.042036028994042e-09
60.977729228374,-19.124801608712048,27.50000000000587,0.36985770135390195,-1.0707283539296206,2.0265081344065574e-09
60.987317439926144,-19.129184660900947,27.500000000005876,0.36991181525292466,-1.070576684630314,2.010971819051943e-09
60.9969051951512,-19.1335686757168,27.500000000005876,0.36996583822262163,-1.0704247176841022,1.9954523452315884e-09
