galstreams/tracks/track.st.M5.ibata2021.ecsv
# %ECSV 0.9
# ---
# datatype:
# - {name: ra, unit: deg, datatype: float64}
# - {name: dec, unit: deg, datatype: float64}
# - {name: distance, unit: kpc, datatype: float64}
# - {name: pm_ra_cosdec, unit: mas / yr, datatype: float64}
# - {name: pm_dec, unit: mas / yr, datatype: float64}
# - {name: radial_velocity, unit: km / s, datatype: float64}
# delimiter: ','
# meta: !!omap
# - __serialized_columns__:
#     dec:
#       __class__: astropy.coordinates.angles.Latitude
#       unit: &id001 !astropy.units.Unit {unit: deg}
#       value: !astropy.table.SerializedColumn {name: dec}
#     distance:
#       __class__: astropy.coordinates.distances.Distance
#       unit: !astropy.units.Unit {unit: kpc}
#       value: !astropy.table.SerializedColumn {name: distance}
#     pm_dec:
#       __class__: astropy.units.quantity.Quantity
#       unit: !astropy.units.Unit {unit: mas / yr}
#       value: !astropy.table.SerializedColumn {name: pm_dec}
#     pm_ra_cosdec:
#       __class__: astropy.units.quantity.Quantity
#       unit: !astropy.units.Unit {unit: mas / yr}
#       value: !astropy.table.SerializedColumn {name: pm_ra_cosdec}
#     ra:
#       __class__: astropy.coordinates.angles.Longitude
#       unit: *id001
#       value: !astropy.table.SerializedColumn {name: ra}
#       wrap_angle: !astropy.coordinates.Angle
#         unit: *id001
#         value: 360.0
#     radial_velocity:
#       __class__: astropy.units.quantity.Quantity
#       unit: !astropy.units.Unit {unit: km / s}
#       value: !astropy.table.SerializedColumn {name: radial_velocity}
# schema: astropy-2.0
ra,dec,distance,pm_ra_cosdec,pm_dec,radial_velocity
195.78361184100748,17.386078529126465,7.464679021942321,3.3666333174433274,-7.653920372393293,-8.420767129872338e-14
195.79440344858494,17.38503820649479,7.460460748951077,3.362913421209448,-7.660082593158583,-8.420767129872338e-14
195.80519149730375,17.38398774764077,7.456266658610307,3.3592165944136654,-7.666220805066574,-1.1789073981821273e-13
195.81597599255875,17.38292717303644,7.452096700650397,3.3555427749274,-7.672335055684448,-6.73661370389787e-14
195.82675693975142,17.381856503152036,7.447950824801723,3.351891900606364,-7.6784253925603885,-1.0104920555846805e-13
195.8375343442897,17.380775758456117,7.443828980794669,3.348263909290587,-7.684491863223566,-1.0104920555846805e-13
195.848308211588,17.379684959415474,7.439731118359617,3.344658738804435,-7.690534515184187,-1.0104920555846805e-13
195.85907854706727,17.378584126495188,7.435657187226945,3.3410763269566366,-7.696553395933511,-8.420767129872338e-14
195.86984535615503,17.377473280158537,7.4316071371270365,3.337516611540297,-7.702548552943859,-8.420767129872338e-14
195.88060864428522,17.376352440867123,7.427580917790268,3.333979530332936,-7.708520033668653,-6.73661370389787e-14
195.8913684168982,17.37522162908079,7.423578478947027,3.3304650210965043,-7.714467885542416,-1.0104920555846805e-13
195.90212467944085,17.37408086525767,7.4195997703276895,3.3269730215773956,-7.720392155980816,-1.0104920555846805e-13
195.91287743736666,17.372930169854087,7.4156447416626365,3.3235034695064867,-7.726292892380677,-6.73661370389787e-14
195.9236266961353,17.37176956332471,7.411713342682251,3.32005630259915,-7.732170142119993,-1.1789073981821273e-13
195.93437246121303,17.370599066122434,7.407805523116917,3.3166314585552827,-7.738023952557959,-1.347322740779574e-13
195.9451147380725,17.369418698698457,7.403921232697008,3.313228875059325,-7.743854371034994,-8.420767129872338e-14
195.95585353219286,17.36822848150218,7.400060421152911,3.3098484897802827,-7.749661444872754,-1.0104920555846805e-13
195.9665888490596,17.36702843498134,7.396223038215003,3.30649024037175,-7.755445221374165,-8.420767129872338e-14
195.97732069416455,17.365818579581905,7.392409033613667,3.3031540644719417,-7.761205747823428,-1.0104920555846805e-13
195.988049073006,17.364598935748138,7.3886183570792845,3.2998398997037057,-7.766943071486056,-1.1789073981821273e-13
195.99877399108863,17.363369523922564,7.384850958342235,3.2965476836745418,-7.772657239608882,-1.1789073981821273e-13
196.00949545392353,17.36213036454596,7.3811067871329,3.2932773539766425,-7.778348299420099,-1.347322740779574e-13
196.02021346702804,17.360881478057394,7.377385793181662,3.290028848186896,-7.784016298129257,-1.1789073981821273e-13
196.03092803592594,17.359622884894215,7.3736879262188975,3.2868021038669255,-7.789661282927311,-1.1789073981821273e-13
196.04163916614726,17.358354605492057,7.370013135974993,3.2835970585630996,-7.795283300986606,-1.0104920555846805e-13
196.05234686322854,17.357076660284783,7.366361372180327,3.280413649806564,-7.80088239946095,-8.420767129872338e-14
196.06305113271242,17.35578906970457,7.362732584565279,3.2772518151132535,-7.806458625485584,-6.73661370389787e-14
196.07375198014805,17.354491854181873,7.359126722860231,3.2741114919839327,-7.812012026177233,-1.0104920555846805e-13
196.08444941109067,17.35318503414543,7.355543736795567,3.2709926179042004,-7.817542648634114,-6.73661370389787e-14
196.09514343110206,17.351868630022214,7.351983576101661,3.267895130344519,-7.823050539935974,-8.420767129872338e-14
196.10583404575016,17.35054266223752,7.3484461905089,3.2648189667602425,-7.828535747144093,-1.1789073981821273e-13
196.11652126060912,17.349207151214912,7.344931529747664,3.2617640645916333,-7.833998317301306,-1.1789073981821273e-13
196.12720508125952,17.347862117376245,7.341439543548331,3.2587303612638867,-7.839438297432043,-1.0104920555846805e-13
196.13788551328793,17.346507581141655,7.3379701816412854,3.2557177941871567,-7.844855734542328,-1.1789073981821273e-13
196.14856256228754,17.345143562929522,7.334523393756907,3.2527263007565654,-7.850250675619814,-1.1789073981821273e-13
196.15923623385748,17.343770083156574,7.331099129625576,3.2497558183522504,-7.855623167633806,-1.1789073981821273e-13
196.16990653360324,17.342387162237774,7.327697338977673,3.2468062843393617,-7.860973257535267,-8.420767129872338e-14
196.18057346713638,17.340994820586413,7.324317971543583,3.2438776360681034,-7.866300992256846,-8.420767129872338e-14
196.19123704007492,17.339593078614016,7.320960977053679,3.240969810873741,-7.87160641871292,-8.420767129872338e-14
196.2018972580429,17.338181956730434,7.317626305238348,3.238082746076641,-7.876889583799571,-1.0104920555846805e-13
196.21255412667057,17.336761475343803,7.314313905827973,3.2352163789822734,-7.882150534394658,-8.420767129872338e-14
196.2232076515943,17.335331654860557,7.31102372855293,3.2323706468812583,-7.8873893173577905,-1.0104920555846805e-13
196.23385783845688,17.333892515685374,7.3077557231436,3.2295454870493634,-7.892605979530395,-8.420767129872338e-14
196.244504692907,17.33244407822128,7.304509839330366,3.2267408367475467,-7.897800567735699,-1.0104920555846805e-13
196.25514822059955,17.330986362869545,7.301286026843608,3.22395663322197,-7.902973128778763,-1.0104920555846805e-13
196.26578842719567,17.329519390029795,7.298084235413708,3.221192813704019,-7.9081237094465155,-8.420767129872338e-14
196.27642531836256,17.328043180099872,7.294904414771047,3.2184493154103317,-7.913252356507762,-1.1789073981821273e-13
196.2870588997735,17.32655775347595,7.291746514646005,3.21572607554282,-7.9183591167132015,-1.1789073981821273e-13
196.29768917710805,17.325063130552525,7.288610484768962,3.2130230312886914,-7.923444036795458,-1.1789073981821273e-13
196.30831615605166,17.323559331722347,7.285496274870301,3.2103401198204664,-7.928507163469101,-1.1789073981821273e-13
196.31893984229595,17.32204637737649,7.2824038346804025,3.2076772782960123,-7.93354854343065,-8.420767129872338e-14
196.32956024153873,17.3205242879043,7.279333113929648,3.2050344438585556,-7.938568223358622,-1.1789073981821273e-13
196.3401773594838,17.31899308369343,7.276284062348417,3.2024115536367064,-7.943566249913535,-8.420767129872338e-14
196.35079120184096,17.317452785129866,7.273256629667089,3.199808544744488,-7.948542669737925,-1.1789073981821273e-13
196.3614017743262,17.315903412597873,7.270250765616048,3.1972253542813496,-7.953497529456385,-1.0104920555846805e-13
196.37200908266152,17.31434498647997,7.267266419925675,3.194661919332192,-7.958430875675566,-1.1789073981821273e-13
196.38261313257493,17.312777527157053,7.264303542326351,3.1921181769673925,-7.963342754984212,-1.0104920555846805e-13
196.39321392980045,17.311201055008276,7.2613620825484535,3.1895940642428298,-7.9682332139531855,-1.1789073981821273e-13
196.4038114800781,17.309615590411138,7.258441990322365,3.1870895181998993,-7.973102299135459,-1.1789073981821273e-13
196.41440578915413,17.308021153741382,7.255543215378468,3.1846044758655334,-7.977950057066174,-1.0104920555846805e-13
196.42499686278046,17.306417765373098,7.252665707447145,3.1821388742522383,-7.98277653426263,-1.1789073981821273e-13
196.43558470671525,17.30480544567868,7.249809416258771,3.179692650358101,-7.987581777224333,-8.420767129872338e-14
196.4461693267225,17.30318421502883,7.246974291543732,3.17726574116682,-7.992365832432991,-1.0104920555846805e-13
196.45675072857222,17.30155409379256,7.24416028303241,3.174858083647723,-7.997128746352549,-1.1789073981821273e-13
196.46732891804052,17.299915102337163,7.241367340455179,3.172469614755795,-8.001870565429215,-8.420767129872338e-14
196.4779039009093,17.29826726102826,7.238595413542428,3.1701002714316924,-8.006591336091459,-1.0104920555846805e-13
196.48847568296642,17.29661059022981,7.235844452024534,3.1677499906017736,-8.011291104750056,-1.1789073981821273e-13
196.4990442700057,17.294945110304067,7.233114405631877,3.165418709178121,-8.015969917798103,-6.73661370389787e-14
196.50960966782702,17.29327084161156,7.23040522409484,3.163106364058547,-8.02062782161102,-8.420767129872338e-14
196.52017188223596,17.291587804511177,7.227716857143801,3.160812892126642,-8.025264862546601,-1.0104920555846805e-13
196.53073091904412,17.289896019360103,7.225049254509146,3.1585382302517755,-8.029881086945004,-1.0104920555846805e-13
196.54128678406897,17.288195506513876,7.222402365921253,3.1562823152891317,-8.034476541128804,-1.1789073981821273e-13
196.551839483134,17.286486286326273,7.219776141110502,3.15404508407972,-8.03905127140298,-1.1789073981821273e-13
196.56238902206837,17.28476837914944,7.217170529807275,3.151826473450408,-8.043605324054967,-8.420767129872338e-14
196.57293540670727,17.28304180533385,7.214585481741953,3.1496264202139406,-8.048138745354645,-1.1789073981821273e-13
196.5834786428916,17.281306585228286,7.212020946644918,3.1474448611689545,-8.05265158155439,-1.1789073981821273e-13
196.59401873646834,17.279562739179806,7.209476874246549,3.1452817331000027,-8.057143878889075,-1.1789073981821273e-13
196.60455569329017,17.27781028753385,7.2069532142772275,3.143136972777594,-8.061615683576099,-1.0104920555846805e-13
196.61508951921556,17.276049250634152,7.204449916467336,3.1410105169581883,-8.066067041815396,-1.1789073981821273e-13
196.6256202201089,17.274279648822777,7.201966930547254,3.138902302384237,-8.070497999789477,-1.0104920555846805e-13
196.6361478018403,17.27250150244012,7.199504206247363,3.136812265784199,-8.074908603663426,-1.1789073981821273e-13
196.6466722702859,17.27071483182486,7.197061693298043,3.134740343872558,-8.079298899584938,-1.347322740779574e-13
196.6571936313274,17.268919657314044,7.194639341429674,3.132686473349852,-8.083668933684336,-8.420767129872338e-14
196.66771189085236,17.267115999243032,7.19223710037264,3.130650590902695,-8.088018752074577,-1.347322740779574e-13
196.67822705475413,17.265303877945527,7.189854919857322,3.128632633203797,-8.092348400851296,-1.1789073981821273e-13
196.6887391289319,17.263483313753515,7.187492749614097,3.126632536911976,-8.096657926092812,-1.347322740779574e-13
196.6992481192906,17.26165432699734,7.185150539373349,3.1246502386721975,-8.100947373860146,-1.0104920555846805e-13
196.70975403174074,17.25981693800569,7.1828282388654605,3.122685675115587,-8.105216790197046,-1.1789073981821273e-13
196.72025687219877,17.257971167105588,7.180525797820808,3.1207387828594526,-8.109466221130017,-1.0104920555846805e-13
196.73075664658688,17.256117034622324,7.178243165969774,3.1188094985072974,-8.11369571266832,-1.1789073981821273e-13
196.7412533608329,17.25425456087958,7.175980293042742,3.116897758648869,-8.117905310804005,-1.347322740779574e-13
196.7517470208704,17.252383766199365,7.17373712877009,3.115003499860144,-8.122095061511938,-1.1789073981821273e-13
196.7622376326387,17.250504670902007,7.171513622882201,3.113126658703382,-8.126265010749805,-1.1789073981821273e-13
196.77272520208263,17.248617295306193,7.169309725109454,3.1112671717271283,-8.130415204458139,-8.420767129872338e-14
196.78320973515306,17.246721659728898,7.167125385182232,3.109424975466239,-8.134545688560351,-1.0104920555846805e-13
196.79369123780629,17.244817784485473,7.164960552830917,3.10760000644191,-8.138656508962733,-1.1789073981821273e-13
196.80416971600434,17.242905689889607,7.162815177785885,3.1057922011616896,-8.142747711554486,-1.0104920555846805e-13
196.81464517571487,17.240985396253333,7.160689209777519,3.1040014961195093,-8.146819342207742,-8.420767129872338e-14
196.82511762291134,17.239056923886963,7.158582598536204,3.1022278277956894,-8.150871446777575,-8.420767129872338e-14
196.83558706357266,17.237120293099224,7.156495293792317,3.100471132656978,-8.154904071102038,-1.515738083377021e-13
196.84605350368352,17.235175524197153,7.1544272452762385,3.09873134715657,-8.158917261002163,-1.0104920555846805e-13
196.8565169492341,17.23322263748614,7.152378402718351,3.0970084077341165,-8.162911062281994,-1.0104920555846805e-13
196.86697740622043,17.231261653269883,7.150348715849036,3.0953022508157604,-8.166885520728599,-1.1789073981821273e-13
196.87743488064393,17.229292591850463,7.1483381343986725,3.0936128128141402,-8.170840682112106,-1.0104920555846805e-13
196.88788937851172,17.22731547352829,7.146346608097642,3.0919400301284363,-8.1747765921857,-1.1789073981821273e-13
196.89834090583645,17.225330318602154,7.144374086676327,3.0902838391443757,-8.178693296685653,-1.347322740779574e-13
196.9087894686365,17.2233371473691,7.142420519865107,3.0886441762342463,-8.182590841331354,-1.0104920555846805e-13
196.91923507293566,17.22133598012462,7.1404858573943635,3.08702097775694,-8.186469271825311,-1.515738083377021e-13
196.9296777247634,17.2193268371625,7.138570048994478,3.085414180057957,-8.19032863385318,-1.347322740779574e-13
196.94011743015466,17.2173097387749,7.136673044395831,3.083823719469438,-8.194168973083793,-1.0104920555846805e-13
196.95055419514995,17.215284705252326,7.134794793328801,3.082249532310173,-8.197990335169152,-1.347322740779574e-13
196.96098802579544,17.213251756883597,7.1329352455237744,3.0806915548856315,-8.20179276574448,-1.1789073981821273e-13
196.97141892814273,17.21121091395594,7.131094350711127,3.079149723487986,-8.205576310428222,-1.0104920555846805e-13
196.98184690824888,17.209162196754903,7.1292720586212415,3.07762397439612,-8.209341014822064,-8.420767129872338e-14
196.99227197217652,17.20710562556442,7.127468318984499,3.076114243875676,-8.213086924510963,-1.1789073981821273e-13
197.00269412599394,17.205041220666708,7.125683081531281,3.0746204681790354,-8.216814085063152,-8.420767129872338e-14
197.0131133757747,17.202969002342407,7.123916295991968,3.073142583545379,-8.220522542030178,-8.420767129872338e-14
197.02352972759795,17.200888990870503,7.12216791209694,3.07168052620069,-8.22421234094691,-1.1789073981821273e-13
197.03394318754832,17.198801206528334,7.120437879576579,3.0702342323577736,-8.227883527331551,-1.1789073981821273e-13
197.04435376171588,17.19670566959156,7.118726148161267,3.0688036382162847,-8.231536146685677,-1.347322740779574e-13
197.05476145619627,17.19460240033424,7.117032667581384,3.0673886799627446,-8.23517024449424,-1.1789073981821273e-13
197.06516627709044,17.192491419028798,7.11535738756731,3.065989293770561,-8.238785866225601,-1.1789073981821273e-13
197.07556823050479,17.190372745946004,7.113700257849426,3.064605415800063,-8.242383057331528,-1.0104920555846805e-13
197.08596732255134,17.188246401354974,7.1120612281581135,3.063236982198488,-8.245961863247246,-1.1789073981821273e-13
197.09636355934734,17.186112405523208,7.110440248223755,3.0618839291000493,-8.249522329391421,-1.347322740779574e-13
197.10675694701558,17.18397077871656,7.108837267776729,3.060546192625915,-8.253064501166216,-8.420767129872338e-14
197.11714749168416,17.18182154119927,7.107252236547417,3.0592237088842578,-8.256588423957279,-1.0104920555846805e-13
197.1275351994866,17.179664713233922,7.105685104266203,3.05791641397026,-8.260094143133772,-1.1789073981821273e-13
197.137920076562,17.17750031508145,7.104135820663463,3.056624243966137,-8.263581704048411,-1.0104920555846805e-13
197.14830212905463,17.175328367001182,7.102604335469579,3.055347134941163,-8.267051152037457,-1.1789073981821273e-13
197.1586813631142,17.173148889250818,7.1010905984149355,3.0540850229516883,-8.270502532420732,-1.515738083377021e-13
197.16905778489573,17.170961902086415,7.099594559229911,3.052837844041162,-8.273935890501676,-1.0104920555846805e-13
197.1794314005598,17.16876742576238,7.0981161676448865,3.0516055342401445,-8.277351271567325,-8.420767129872338e-14
197.1898022162721,17.166565480531517,7.096655373390243,3.0503880295663386,-8.280748720888353,-6.73661370389787e-14
197.2001702382039,17.164356086645014,7.095212126196362,3.0491852660246157,-8.284128283719085,-1.0104920555846805e-13
197.2105354725315,17.162139264352408,7.093786375793623,3.047997179607015,-8.287490005297512,-1.1789073981821273e-13
197.22089792543687,17.159915033901587,7.0923780719124085,3.046823706292776,-8.290833930845315,-1.1789073981821273e-13
