galstreams/tracks/track.st.Jhelum.ibata2021.ecsv
# %ECSV 1.0
# ---
# datatype:
# - {name: ra, unit: deg, datatype: float64}
# - {name: dec, unit: deg, datatype: float64}
# - {name: distance, unit: kpc, datatype: float64}
# - {name: pm_ra_cosdec, unit: mas / yr, datatype: float64}
# - {name: pm_dec, unit: mas / yr, datatype: float64}
# - {name: radial_velocity, unit: km / s, datatype: float64}
# delimiter: ','
# meta: !!omap
# - __serialized_columns__:
#     dec:
#       __class__: astropy.coordinates.angles.Latitude
#       unit: &id001 !astropy.units.Unit {unit: deg}
#       value: !astropy.table.SerializedColumn {name: dec}
#     distance:
#       __class__: astropy.coordinates.distances.Distance
#       unit: !astropy.units.Unit {unit: kpc}
#       value: !astropy.table.SerializedColumn {name: distance}
#     pm_dec:
#       __class__: astropy.units.quantity.Quantity
#       unit: !astropy.units.Unit {unit: mas / yr}
#       value: !astropy.table.SerializedColumn {name: pm_dec}
#     pm_ra_cosdec:
#       __class__: astropy.units.quantity.Quantity
#       unit: !astropy.units.Unit {unit: mas / yr}
#       value: !astropy.table.SerializedColumn {name: pm_ra_cosdec}
#     ra:
#       __class__: astropy.coordinates.angles.Longitude
#       unit: *id001
#       value: !astropy.table.SerializedColumn {name: ra}
#       wrap_angle: !astropy.coordinates.Angle
#         unit: *id001
#         value: 360.0
#     radial_velocity:
#       __class__: astropy.units.quantity.Quantity
#       unit: !astropy.units.Unit {unit: km / s}
#       value: !astropy.table.SerializedColumn {name: radial_velocity}
# schema: astropy-2.0
ra,dec,distance,pm_ra_cosdec,pm_dec,radial_velocity
[from data line 1991]
338.9130420630075,-50.91583127934704,10.852813098843006,6.170352242089713,-5.6869606271030015,139.23534512659916
338.8974134851861,-50.913946285712576,10.85353233264528,6.168933820220972,-5.687946320247523,139.3763879976448
338.8817863468174,-50.9120585243689,10.854251196307443,6.16751578821552,-5.6889312371303085,139.51644122388018
338.86616064994496,-50.91016799504921,10.854969688179695,6.166098147673177,-5.689915378023383,139.65550267745198
338.85053639661203,-50.90827469748724,10.85568780661223,6.16468090019351,-5.690898743199983,139.793570230507
338.8349135888617,-50.906378631417255,10.856405549955234,6.163264047375846,-5.691881332934555,139.93064175519166
338.81929222873663,-50.90447979657407,10.857122916558907,6.161847590819265,-5.692863147502743,140.06671512365273
338.8036723182792,-50.90257819269302,10.857839904773442,6.16043153212259,-5.693844187181398,140.2017882080369
338.78805385953143,-50.90067381951002,10.858556512949031,6.159015872884397,-5.694824452248577,140.33585888049063
338.77243685453504,-50.89876667676146,10.859272739435868,6.157600614703011,-5.69580394298354,140.46892501316069
338.75682130533147,-50.89685676418433,10.859988582584144,6.156185759176516,-5.696782659666752,140.60098447819342
338.7412072139619,-50.89494408151613,10.860704040744062,6.1547713079027275,-5.697760602579863,140.7320351477359
338.7255945824669,-50.893028628494896,10.861419112265805,6.153357262479221,-5.698737772005754,140.86207489393453
338.709983412887,-50.891110404859205,10.862133795499574,6.15194362450331,-5.699714168228489,140.9911015889359
338.6943737072624,-50.889189410348195,10.862848088795555,6.150530395572058,-5.700689791533335,141.11911310488676
338.67876546763273,-50.88726564470149,10.86356199050395,6.149117577282266,-5.701664642206765,141.24610731393366
338.66315869603744,-50.88533910765933,10.864275498974946,6.147705171230486,-5.702638720536447,141.37208208822332
338.64755339451574,-50.883409798962404,10.864988612558745,6.146293179013011,-5.703612026811252,141.49703529990245
338.63194956510625,-50.881477718352016,10.865701329605532,6.144881602225871,-5.704584561321255,141.6209648211174
338.6163472098475,-50.87954286556995,10.8664136484655,6.143470442464841,-5.7055563243577225,141.7438685240149
338.60074633077755,-50.87760524035858,10.867125567488852,6.142059701325429,-5.706527316213118,141.8657442807418
338.58514692993407,-50.875664842460765,10.867837085025776,6.140649380402895,-5.707497537181114,141.98658996344435
338.56954900935466,-50.87372167161993,10.868548199426467,6.139239481292226,-5.708466987556563,142.10640344426977
338.55395257107625,-50.87177572758005,10.869258909041113,6.137830005588147,-5.709435667635535,142.22518259536403
338.5383576171355,-50.86982701008561,10.869969212219914,6.136420954885124,-5.710403577715286,142.34292528887417
338.52276414956884,-50.86787551888165,10.870679107313064,6.1350123307773545,-5.711370718094264,142.4596293969466
338.5071721704124,-50.86592125371373,10.871388592670758,6.133604134858777,-5.712337089072118,142.57529279172834
338.49158168170163,-50.86396421432796,10.87209766664318,6.132196368723053,-5.713302690949693,142.68991334536574
338.47599268547197,-50.862004400471,10.872806327580538,6.1307890339635875,-5.714267524029032,142.80348893000533
338.4604051837584,-50.86004181189001,10.873514573833008,6.129382132173511,-5.7152315886133636,142.916017417794
338.4448191785953,-50.85807644833271,10.874222403750801,6.1279756649456765,-5.716194885007118,143.02749668087816
338.42923467201723,-50.85610830954736,10.874929815684098,6.126569633872701,-5.717157413515912,143.13792459140456
338.4136516660579,-50.85413739528275,10.8756368079831,6.1251640405468875,-5.718119174446557,143.2472990215199
338.3980701627508,-50.8521637052882,10.876343378998001,6.1237588865602905,-5.719080168107062,143.3556178433707
338.3824901641291,-50.85018723931357,10.87704952707899,6.122354173504693,-5.720040394806627,143.46287892910348
338.3669116722256,-50.84820799710926,10.87775525057626,6.120949902971603,-5.720999854855634,143.56908015086523
338.35133468907276,-50.84622597842622,10.87846054784001,6.119546076552245,-5.721958548565671,143.67421938080219
338.3357592167027,-50.84424118301588,10.879165417220433,6.118142695837584,-5.7229164762494955,143.7782944910614
338.3201852571468,-50.84225361063027,10.879869857067717,6.116739762418289,-5.723873638221082,143.881303353789
338.30461281243674,-50.840263261021946,10.880573865732064,6.115337277884774,-5.724830034795566,143.98324384113212
338.28904188460325,-50.83827013394396,10.881277441563661,6.113935243827159,-5.725785666289295,144.08411382523713
338.27347247567695,-50.836274229149915,10.881980582912707,6.112533661835298,-5.726740533019796,144.18391117825078
338.25790458768796,-50.834275546393975,10.882683288129389,6.111132533498754,-5.727694635305782,144.2826337723195
338.24233822266615,-50.8322740854308,10.883385555563905,6.109731860406822,-5.7286479734671545,144.38027947959017
338.22677338264094,-50.83026984601561,10.884087383566447,6.108331644148506,-5.729600547825006,144.47684617220915
338.21121006964137,-50.828262827904176,10.88478877048721,6.10693188631253,-5.73055235870161,144.57233172232333
338.19564828569605,-50.82625303085276,10.885489714676389,6.105532588487341,-5.731503406420428,144.66673400207935
338.18008803283334,-50.824240454618185,10.886190214484175,6.104133752261096,-5.732453691306109,144.7600508836237
338.164529313081,-50.82222509895779,10.886890268260764,6.102735379221664,-5.733403213684486,144.85228023910312
338.14897212846665,-50.82020696362948,10.887589874356346,6.101337470956647,-5.734351973882577,144.94341994066397
338.1334164810173,-50.81818604839167,10.888289031121118,6.09994002905334,-5.735299972228583,145.03346786045321
338.11786237275976,-50.81616235300331,10.888987736905271,6.098543055098764,-5.736247209051886,145.12242187061744
338.10230980572027,-50.81413587722387,10.889685990059004,6.0971465506796445,-5.7371936846830565,145.21027984330325
338.08675878192474,-50.812106620813395,10.890383788932503,6.09575051738242,-5.738139399453846,145.29703965065707
338.07120930339875,-50.81007458353244,10.891081131875971,6.094354956793243,-5.73908435369718,145.38269916482574
338.05566137216744,-50.808039765142084,10.891778017239591,6.092959870497976,-5.740028547747182,145.46725625795597
338.0401149902555,-50.806002165403946,10.892474443373567,6.0915652600821835,-5.740971981939138,145.55070880219435
338.0245701596872,-50.803961784080165,10.893170408628082,6.0901711271311445,-5.741914656609534,145.63305466968714
338.0090268824866,-50.801918620933456,10.893865911353341,6.088777473229842,-5.7428565720960085,145.7142917325816
337.99348516067704,-50.79987267572701,10.894560949899528,6.0873842999629675,-5.743797728737414,145.79441786302382
337.9779449962818,-50.797823948224604,10.895255522616841,6.085991608914915,-5.7447381268737505,145.8734309331608
337.96240639132344,-50.7957724381905,10.895949627855476,6.084599401669783,-5.745677766846217,145.95132881513902
337.9468693478243,-50.79371814538952,10.896643263965624,6.083207679811376,-5.746616648997183,146.0281093811051
337.93133386780625,-50.791661069587015,10.897336429297477,6.0818164449231995,-5.747554773670194,146.10377050320577
337.9157999532908,-50.78960121054887,10.898029122201232,6.08042569858846,-5.748492141209972,146.1783100535876
337.9002676062988,-50.78753856804148,10.89872134102708,6.079035442390069,-5.7494287519624265,146.251725904397
337.88473682885115,-50.785473141831794,10.899413084125216,6.077645677910636,-5.750364606274624,146.3240159277811
337.86920762296785,-50.78340493168729,10.900104349845837,6.076256406732468,-5.751299704494816,146.39517799588612
337.8536799906688,-50.78133393737598,10.900795136539127,6.074867630437577,-5.752234046972434,146.46520998085893
337.83815393397333,-50.7792601586664,10.90148544255529,6.073479350607668,-5.753167634058073,146.53410975484613
337.8226294549004,-50.77718359532761,10.902175266244514,6.072091568824138,-5.754100466103515,146.6018751899942
337.8071065554684,-50.77510424712921,10.902864605956994,6.070704286668087,-5.755032543461702,146.66850415844988
337.7915852376956,-50.773022113841336,10.903553460042927,6.069317505720305,-5.755963866486752,146.73399453235987
337.77606550359945,-50.77093719523464,10.904241826852502,6.06793122756129,-5.756894435533966,146.79834418387048
337.7605473551974,-50.76884949108031,10.90492970473591,6.066545453771222,-5.7578242509598,146.86155098512887
337.7450307945061,-50.76675900115008,10.905617092043354,6.0651601859299635,-5.758753313121888,146.92361280828132
337.7295158235419,-50.76466572521619,10.90630398712502,6.063775425617088,-5.75968162237904,146.9845275254744
337.7140024443208,-50.76256966305143,10.906990388331105,6.06239117441186,-5.760609179091226,147.044293008855
337.69849065885825,-50.760470814429105,10.907676294011802,6.0610074338932165,-5.761535983619593,147.10290713056983
337.6829804691693,-50.75836917912307,10.908361702517308,6.059624205639795,-5.762462036326454,147.16036776276525
337.66747187726855,-50.75626475690769,10.909046612197809,6.058241491229922,-5.763387337575292,147.21667277758777
337.6519648851702,-50.75415754755784,10.9097310214035,6.056859292241619,-5.764311887730757,147.27182004718443
337.6364594948879,-50.75204755084898,10.910414928484585,6.055477610252575,-5.765235687158665,147.32580744370162
337.6209557084349,-50.749934766557075,10.911098331791246,6.054096446840177,-5.766158736225998,147.37863283928596
337.6054535278242,-50.74781919445858,10.911781229673684,6.0527158035815045,-5.767081035300906,147.43029410608423
337.589952955068,-50.74570083433052,10.912463620482086,6.051335682053307,-5.768002584752704,147.48078911624302
337.5744539921783,-50.74357968595045,10.913145502566652,6.0499560838320265,-5.768923384951872,147.53011574190893
337.55895664116656,-50.741455749096446,10.913826874277573,6.0485770104937835,-5.769843436270058,147.57827185522856
337.5434609040438,-50.7393290235471,10.914507733965044,6.047198463614379,-5.770762739080071,147.6252553283485
337.52796678282056,-50.73719950908155,10.915188079979254,6.045820444769301,-5.771681293755881,147.67106403341535
337.512474279507,-50.735067205479446,10.915867910670402,6.044442955533718,-5.77259910067262,147.71569584257617
337.49698339611274,-50.73293211252097,10.916547224388678,6.043065997482471,-5.773516160206588,147.75914862797714
337.48149413464694,-50.73079422998685,10.917226019484279,6.041689572190088,-5.774432472735246,147.801420261765
337.4660064971184,-50.72865355765831,10.917904294307398,6.040313681230763,-5.7753480386372065,147.84250861608655
337.4505204855353,-50.72651009531714,10.918582047208224,6.038938326178383,-5.776262858292261,147.88241156308817
337.4350361019055,-50.72436384274561,10.919259276536957,6.037563508606492,-5.777176932081343,147.92112697491663
337.4195533482363,-50.722214799726565,10.919935980643789,6.036189230088328,-5.778090260386556,147.95865272371847
337.4040722265346,-50.72006296604334,10.920612157878915,6.034815492196796,-5.779002843591155,147.99498668164063
337.38859273880666,-50.717908341479806,10.921287806592519,6.033442296504472,-5.779914682079567,148.0301267208293
337.37311488705853,-50.715750925820394,10.92196292513481,6.0320696445836015,-5.7808257762373545,148.06407071343145
337.35763867329564,-50.713590718850014,10.922637511855969,6.030697538006118,-5.781736126451259,148.09681653159365
337.34216409952296,-50.711427720354095,10.923311565106196,6.029325978343611,-5.782645733109165,148.12836204746245
337.3266911677449,-50.70926193011867,10.923985083235685,6.027954967167342,-5.783554596600122,148.15870513318444
337.31121987996556,-50.707093347930204,10.924658064594624,6.026584506048251,-5.78446271731433,148.18784366090628
337.2957502381885,-50.70492197357575,10.925330507533213,6.02521459655694,-5.7853700956431355,148.21577550277485
337.2802822444166,-50.702747806842865,10.926002410401644,6.023845240263682,-5.786276731979061,148.24249853093653
337.2648159006526,-50.700570847519636,10.926673771550108,6.022476438738411,-5.787182626715764,148.26801061753793
337.24935120889853,-50.69839109539467,10.927344589328802,6.021108193550736,-5.788087780248065,148.29230963472583
337.23388817115597,-50.69620855025708,10.928014862087917,6.019740506269928,-5.788992192971934,148.3153934546468
337.2184267894261,-50.694023211896564,10.928684588177648,6.018373378464919,-5.789895865284486,148.33725994944746
337.20296706570946,-50.691835080103274,10.92935376594819,6.017006811704312,-5.790798797583996,148.35790699127455
337.1875090020062,-50.689644154667924,10.930022393749734,6.015640807556371,-5.7917009902698915,148.37733245227457
337.1720526003159,-50.68745043538177,10.930690469932477,6.014275367589014,-5.792602443742746,148.3955342045941
337.15659786263785,-50.68525392203654,10.93135799284661,6.012910493369837,-5.793503158404284,148.4125101203801
337.1411447909705,-50.68305461442452,10.932024960842325,6.011546186466084,-5.794403134657379,148.42825807177869
337.12569338731214,-50.680852512338525,10.932691372269819,6.0101824484446595,-5.79530237290605,148.44277593093702
337.11024365366046,-50.678647615571876,10.933357225479284,6.008819280872135,-5.796200873555465,148.4560615700015
337.09479559201236,-50.67643992391843,10.934022518820914,6.007456685314727,-5.79709863701195,148.4681128611185
337.07934920436475,-50.67422943717256,10.934687250644904,6.006094663338327,-5.797995663682958,148.4789276764352
337.0639044927136,-50.67201615512917,10.935351419301448,6.00473321650847,-5.798891953977101,148.48850388809802
337.04846145905464,-50.669800077583666,10.936015023140737,6.003372346390357,-5.799787508304142,148.49683936825338
337.0330201053829,-50.66758120433201,10.93667806051297,6.002012054548825,-5.800682327074973,148.50393198904808
337.01758043369307,-50.665359535170666,10.93734052976833,6.000652342548392,-5.801576410701646,148.50977962262877
337.00214244597925,-50.663135069896605,10.93800242925702,5.999293211953213,-5.802469759597344,148.51438014114194
336.986706144235,-50.66090780830735,10.938663757329232,5.997934664327096,-5.8033623741764,148.5177314167344
336.97127153045335,-50.658677750200944,10.939324512335158,5.996576701233507,-5.804254254854293,148.51983132155274
336.9558386066269,-50.656444895375934,10.939984692624995,5.995219324235558,-5.805145402047634,148.52067772774348
336.94040737474785,-50.654209243631406,10.940644296548932,5.99386253489602,-5.8060358161741785,148.52026850745355
336.92497783680744,-50.65197079476693,10.941303322457166,5.992506334777298,-5.806925497652834,148.51860153282925
336.9095499947969,-50.64972954858267,10.94196176869989,5.991150725441461,-5.807814446903629,148.51567467601748
336.89412385070665,-50.64748550487923,10.942619633627292,5.98979570845022,-5.8087026643477575,148.51148580916447
336.87869940652655,-50.64523866345779,10.943276915589573,5.9884412853649325,-5.809590150407523,148.50603280441726
336.8632766642462,-50.64298902412003,10.943933612936927,5.987087457746604,-5.810476905506382,148.4993135339224
336.84785562585444,-50.640736586668154,10.944589724019544,5.985734227155887,-5.81136293006893,148.49132586982657
336.8324362933396,-50.6384813509049,10.94524524718762,5.984381595153072,-5.812248224520902,148.48206768427613
336.8170186686895,-50.63622331663349,10.945900180791346,5.983029563298096,-5.813132789289166,148.47153684941793
336.8016027538916,-50.63396248365769,10.946554523180913,5.981678133150556,-5.814016624801717,148.45973123739856
336.7861885509326,-50.6316988517818,10.947208272706526,5.980327306269662,-5.814899731487696,148.44664872036478
336.7707760617987,-50.62943242081061,10.947861427718369,5.978977084214291,-5.815782109777382,148.43228717046298
336.75536528847573,-50.62716319054946,10.948513986566638,5.977627468542947,-5.816663760102173,148.41664445983992
336.7399562329488,-50.624891160804175,10.949165947601525,5.976278460813781,-5.817544682894614,148.39971846064242
336.72454889720257,-50.62261633138113,10.949817309173229,5.974930062584577,-5.818424878588381,148.3815070450168
