galstreams/tracks/track.st.NGC5466.grillmair2006.ecsv
# %ECSV 1.0
# ---
# datatype:
# - {name: ra, unit: deg, datatype: float64}
# - {name: dec, unit: deg, datatype: float64}
# - {name: distance, unit: kpc, datatype: float64}
# - {name: pm_ra_cosdec, unit: mas / yr, datatype: float64}
# - {name: pm_dec, unit: mas / yr, datatype: float64}
# - {name: radial_velocity, unit: km / s, datatype: float64}
# delimiter: ','
# meta: !!omap
# - __serialized_columns__:
#     dec:
#       __class__: astropy.coordinates.angles.Latitude
#       unit: &id001 !astropy.units.Unit {unit: deg}
#       value: !astropy.table.SerializedColumn {name: dec}
#     distance:
#       __class__: astropy.coordinates.distances.Distance
#       unit: !astropy.units.Unit {unit: kpc}
#       value: !astropy.table.SerializedColumn {name: distance}
#     pm_dec:
#       __class__: astropy.units.quantity.Quantity
#       unit: !astropy.units.Unit {unit: mas / yr}
#       value: !astropy.table.SerializedColumn {name: pm_dec}
#     pm_ra_cosdec:
#       __class__: astropy.units.quantity.Quantity
#       unit: !astropy.units.Unit {unit: mas / yr}
#       value: !astropy.table.SerializedColumn {name: pm_ra_cosdec}
#     ra:
#       __class__: astropy.coordinates.angles.Longitude
#       unit: *id001
#       value: !astropy.table.SerializedColumn {name: ra}
#       wrap_angle: !astropy.coordinates.Angle
#         unit: *id001
#         value: 360.0
#     radial_velocity:
#       __class__: astropy.units.quantity.Quantity
#       unit: !astropy.units.Unit {unit: km / s}
#       value: !astropy.table.SerializedColumn {name: radial_velocity}
# schema: astropy-2.0
ra,dec,distance,pm_ra_cosdec,pm_dec,radial_velocity
[from data line 242]
226.18783779941873,21.254579321859367,16.599999999999987,0.0,0.0,0.0
226.17721433904572,21.258226137358033,16.599999999999984,0.0,0.0,0.0
226.16659318602314,21.261875625794524,16.599999999999987,0.0,0.0,0.0
226.15597433745586,21.26552778458887,16.599999999999984,0.0,0.0,0.0
226.14535779045016,21.26918261116228,16.599999999999987,0.0,0.0,0.0
226.13474354211405,21.27284010293688,16.599999999999984,0.0,0.0,0.0
226.12413158955687,21.276500257335982,16.599999999999987,0.0,0.0,0.0
226.1135219298897,21.28016307178378,16.599999999999984,0.0,0.0,0.0
226.10291456022526,21.283828543705628,16.599999999999987,0.0,0.0,0.0
226.09230947767747,21.287496670527926,16.599999999999987,0.0,0.0,0.0
226.08170667936227,21.29116744967803,16.599999999999984,0.0,0.0,0.0
226.07110616239692,21.29484087858435,16.599999999999987,0.0,0.0,0.0
226.0605079239002,21.29851695467639,16.599999999999987,0.0,0.0,0.0
226.04991196099252,21.302195675384727,16.599999999999984,0.0,0.0,0.0
226.03931827079592,21.305877038140846,16.599999999999987,0.0,0.0,0.0
226.02872685043388,21.309561040377403,16.599999999999987,0.0,0.0,0.0
226.01813769703153,21.313247679527983,16.599999999999987,0.0,0.0,0.0
226.00755080771546,21.316936953027337,16.599999999999984,0.0,0.0,0.0
225.996966179614,21.320628858311125,16.599999999999987,0.0,0.0,0.0
225.98638380985673,21.324323392816144,16.599999999999987,0.0,0.0,0.0
225.97580369557517,21.32802055398017,16.599999999999984,0.0,0.0,0.0
225.96522583390202,21.331720339242068,16.599999999999984,0.0,0.0,0.0
225.9546502219718,21.335422746041683,16.599999999999984,0.0,0.0,0.0
225.9440768569205,21.339127771819967,16.599999999999984,0.0,0.0,0.0
225.93350573588566,21.342835414018822,16.599999999999984,0.0,0.0,0.0
225.92293685600632,21.3465456700813,16.59999999999998,0.0,0.0,0.0
225.9123702144232,21.350258537451364,16.599999999999984,0.0,0.0,0.0
225.9018058082784,21.353974013574163,16.59999999999998,0.0,0.0,0.0
225.89124363471578,21.35769209589571,16.599999999999984,0.0,0.0,0.0
225.8806836908805,21.361412781863223,16.599999999999984,0.0,0.0,0.0
225.87012597391953,21.36513606892481,16.599999999999984,0.0,0.0,0.0
225.8595704809812,21.368861954529756,16.599999999999984,0.0,0.0,0.0
225.8490172092155,21.372590436128245,16.599999999999984,0.0,0.0,0.0
225.83846615577386,21.37632151117163,16.599999999999984,0.0,0.0,0.0
225.82791731780938,21.380055177112165,16.599999999999984,0.0,0.0,0.0
225.81737069247654,21.38379143140328,16.599999999999984,0.0,0.0,0.0
225.80682627693162,21.387530271499294,16.59999999999998,0.0,0.0,0.0
225.79628406833226,21.39127169485568,16.599999999999984,0.0,0.0,0.0
225.7857440638375,21.395015698928926,16.599999999999984,0.0,0.0,0.0
225.77520626060837,21.39876228117647,16.599999999999984,0.0,0.0,0.0
225.76467065580695,21.402511439056916,16.599999999999984,0.0,0.0,0.0
225.75413724659722,21.40626317002976,16.599999999999984,0.0,0.0,0.0
225.74360603014452,21.41001747155568,16.59999999999998,0.0,0.0,0.0
225.73307700361585,21.413774341096232,16.599999999999984,0.0,0.0,0.0
225.72255016417952,21.417533776114173,16.599999999999984,0.0,0.0,0.0
225.71202550900574,21.42129577407313,16.59999999999998,0.0,0.0,0.0
225.70150303526592,21.4250603324379,16.599999999999984,0.0,0.0,0.0
225.69098274013322,21.4288274486742,16.599999999999984,0.0,0.0,0.0
225.6804646207822,21.432597120248893,16.599999999999984,0.0,0.0,0.0
225.66994867438913,21.436369344629746,16.599999999999984,0.0,0.0,0.0
225.65943489813156,21.440144119285712,16.59999999999998,0.0,0.0,0.0
225.64892328918884,21.443921441686605,16.599999999999984,0.0,0.0,0.0
225.63841384474173,21.44770130930344,16.59999999999998,0.0,0.0,0.0
225.6279065619725,21.451483719608103,16.599999999999984,0.0,0.0,0.0
225.61740143806497,21.455268670073668,16.599999999999984,0.0,0.0,0.0
225.60689847020464,21.459056158174096,16.599999999999984,0.0,0.0,0.0
225.59639765557822,21.46284618138451,16.599999999999984,0.0,0.0,0.0
225.58589899137428,21.466638737180922,16.59999999999998,0.0,0.0,0.0
225.57540247478275,21.470433823040544,16.59999999999998,0.0,0.0,0.0
225.56490810299513,21.474231436441443,16.599999999999984,0.0,0.0,0.0
225.55441587320445,21.47803157486288,16.59999999999998,0.0,0.0,0.0
225.5439257826053,21.481834235784977,16.599999999999984,0.0,0.0,0.0
225.53343782839374,21.48563941668904,16.599999999999984,0.0,0.0,0.0
225.5229520077673,21.48944711505736,16.599999999999984,0.0,0.0,0.0
225.51246831792525,21.493257328373165,16.599999999999984,0.0,0.0,0.0
225.50198675606816,21.497070054120876,16.599999999999984,0.0,0.0,0.0
225.49150731939835,21.500885289785742,16.59999999999998,0.0,0.0,0.0
225.48103000511938,21.504703032854263,16.599999999999984,0.0,0.0,0.0
225.47055481043662,21.508523280813762,16.59999999999998,0.0,0.0,0.0
225.4600817325568,21.512346031152756,16.599999999999984,0.0,0.0,0.0
225.4496107686882,21.51617128136066,16.599999999999984,0.0,0.0,0.0
225.4391419160406,21.519999028928034,16.599999999999984,0.0,0.0,0.0
225.42867517182543,21.523829271346344,16.599999999999984,0.0,0.0,0.0
225.41821053325546,21.5276620061082,16.599999999999984,0.0,0.0,0.0
225.40774799754516,21.53149723070715,16.59999999999998,0.0,0.0,0.0
225.39728756191028,21.535334942637835,16.599999999999984,0.0,0.0,0.0
225.3868292235684,21.539175139395844,16.599999999999984,0.0,0.0,0.0
225.37637297973836,21.543017818477914,16.59999999999998,0.0,0.0,0.0
225.3659188276407,21.54686297738165,16.599999999999984,0.0,0.0,0.0
225.35546676449732,21.550710613605847,16.599999999999984,0.0,0.0,0.0
225.34501678753176,21.55456072465018,16.599999999999984,0.0,0.0,0.0
225.33456889396896,21.55841330801548,16.599999999999984,0.0,0.0,0.0
225.32412308103557,21.562268361203476,16.59999999999998,0.0,0.0,0.0
225.31367934595946,21.566125881717063,16.599999999999984,0.0,0.0,0.0
225.30323768597032,21.56998586706,16.59999999999998,0.0,0.0,0.0
225.29279809829913,21.573848314737234,16.599999999999984,0.0,0.0,0.0
225.28236058017856,21.577713222254584,16.599999999999984,0.0,0.0,0.0
225.27192512884264,21.581580587119014,16.59999999999998,0.0,0.0,0.0
225.26149174152698,21.585450406838486,16.59999999999998,0.0,0.0,0.0
225.25106041546874,21.58932267892191,16.59999999999998,0.0,0.0,0.0
225.24063114790644,21.593197400879337,16.599999999999977,0.0,0.0,0.0
225.23020393608036,21.597074570221704,16.59999999999998,0.0,0.0,0.0
225.21977877723202,21.60095418446114,16.59999999999998,0.0,0.0,0.0
225.20935566860467,21.604836241110604,16.599999999999977,0.0,0.0,0.0
225.1989346074429,21.60872073768428,16.59999999999998,0.0,0.0,0.0
225.188515590993,21.61260767169718,16.599999999999977,0.0,0.0,0.0
225.17809861650252,21.61649704066551,16.599999999999977,0.0,0.0,0.0
225.1676836812207,21.620388842106347,16.599999999999984,0.0,0.0,0.0
225.1572707823982,21.624283073537942,16.599999999999977,0.0,0.0,0.0
225.1468599172873,21.628179732479406,16.59999999999998,0.0,0.0,0.0
225.13645108314157,21.63207881645104,16.59999999999998,0.0,0.0,0.0
225.1260442772163,21.63598032297398,16.59999999999998,0.0,0.0,0.0
225.11563949676815,21.639884249570596,16.59999999999998,0.0,0.0,0.0
225.10523673905544,21.643790593764063,16.599999999999977,0.0,0.0,0.0
225.09483600133777,21.647699353078767,16.599999999999977,0.0,0.0,0.0
225.0844372808764,21.65161052503995,16.59999999999998,0.0,0.0,0.0
225.07404057493397,21.655524107174017,16.59999999999998,0.0,0.0,0.0
225.0636458807748,21.65944009700827,16.59999999999998,0.0,0.0,0.0
225.05325319566452,21.66335849207115,16.59999999999998,0.0,0.0,0.0
225.04286251687043,21.66727928989199,16.599999999999984,0.0,0.0,0.0
225.03247384166113,21.671202488001285,16.59999999999998,0.0,0.0,0.0
225.02208716730692,21.67512808393038,16.59999999999998,0.0,0.0,0.0
225.0117024910795,21.679056075211797,16.59999999999998,0.0,0.0,0.0
225.00131981025194,21.682986459379034,16.59999999999998,0.0,0.0,0.0
224.99093912209904,21.686919233966545,16.59999999999998,0.0,0.0,0.0
224.98056042389706,21.690854396509806,16.59999999999998,0.0,0.0,0.0
224.97018371292359,21.69479194454538,16.599999999999984,0.0,0.0,0.0
224.9598089864578,21.698731875610857,16.599999999999977,0.0,0.0,0.0
224.9494362417804,21.702674187244742,16.59999999999998,0.0,0.0,0.0
224.93906547617354,21.70661887698667,16.59999999999998,0.0,0.0,0.0
224.9286966869209,21.710565942377176,16.599999999999977,0.0,0.0,0.0
224.91832987130758,21.714515380957955,16.599999999999977,0.0,0.0,0.0
224.90796502662027,21.71846719027156,16.599999999999977,0.0,0.0,0.0
224.89760215014707,21.722421367861724,16.59999999999998,0.0,0.0,0.0
224.88724123917763,21.726377911273033,16.59999999999998,0.0,0.0,0.0
224.876882291003,21.73033681805124,16.599999999999977,0.0,0.0,0.0
224.86652530291582,21.734298085742974,16.59999999999998,0.0,0.0,0.0
224.85617027221014,21.73826171189603,16.59999999999998,0.0,0.0,0.0
224.8458171961816,21.742227694059054,16.59999999999998,0.0,0.0,0.0
224.83546607212716,21.746196029781867,16.59999999999998,0.0,0.0,0.0
224.82511689734545,21.75016671661515,16.59999999999998,0.0,0.0,0.0
224.81476966913644,21.754139752110763,16.599999999999977,0.0,0.0,0.0
224.80442438480165,21.758115133821413,16.59999999999998,0.0,0.0,0.0
224.7940810416441,21.762092859300978,16.599999999999977,0.0,0.0,0.0
224.78373963696825,21.7660729261042,16.59999999999998,0.0,0.0,0.0
224.77340016808006,21.770055331786992,16.599999999999977,0.0,0.0,0.0
224.763062632287,21.774040073906132,16.59999999999998,0.0,0.0,0.0
224.75272702689793,21.778027150019483,16.59999999999998,0.0,0.0,0.0
224.7423933492233,21.78201655768598,16.59999999999998,0.0,0.0,0.0
224.73206159657502,21.786008294465464,16.59999999999998,0.0,0.0,0.0
224.72173176626646,21.790002357918798,16.599999999999977,0.0,0.0,0.0
224.71140385561242,21.793998745607926,16.59999999999998,0.0,0.0,0.0
224.70107786192918,21.7979974550958,16.59999999999998,0.0,0.0,0.0
224.6907537825347,21.801998483946296,16.59999999999998,0.0,0.0,0.0
224.68043161474804,21.80600182972443,16.599999999999977,0.0,0.0,0.0
224.67011135589016,21.810007489996075,16.59999999999998,0.0,0.0,0.0
224.65979300328314,21.81401546232828,16.59999999999998,0.0,0.0,0.0
224.6494765542508,21.81802574428896,16.59999999999998,0.0,0.0,0.0
224.63916200611823,21.822038333447164,16.599999999999977,0.0,0.0,0.0
224.62884935621219,21.82605322737284,16.59999999999998,0.0,0.0,0.0
224.61853860186065,21.830070423637068,16.599999999999977,0.0,0.0,0.0
224.60822974039334,21.834089919811785,16.59999999999998,0.0,0.0,0.0
224.5979227691413,21.838111713470113,16.59999999999998,0.0,0.0,0.0
224.5876176854371,21.842135802186014,16.59999999999998,0.0,0.0,0.0
224.57731448661468,21.846162183534616,16.599999999999977,0.0,0.0,0.0
224.56701317000963,21.850190855091913,16.59999999999998,0.0,0.0,0.0
224.55671373295877,21.85422181443505,16.59999999999998,0.0,0.0,0.0
224.5464161728007,21.858255059142024,16.59999999999998,0.0,0.0,0.0
224.53612048687512,21.86229058679201,16.59999999999998,0.0,0.0,0.0
224.52582667252358,21.866328394965027,16.59999999999998,0.0,0.0,0.0
224.51553472708875,21.870368481242256,16.59999999999998,0.0,0.0,0.0
224.50524464791505,21.874410843205744,16.59999999999998,0.0,0.0,0.0
224.4949564323482,21.87845547843865,16.59999999999998,0.0,0.0,0.0
224.4846700777354,21.88250238452512,16.599999999999977,0.0,0.0,0.0
224.4743855814253,21.88655155905028,16.59999999999998,0.0,0.0,0.0
224.46410294076824,21.89060299960023,16.599999999999977,0.0,0.0,0.0
224.4538221531157,21.894656703762163,16.59999999999998,0.0,0.0,0.0
224.44354321582074,21.898712669124272,16.599999999999977,0.0,0.0,0.0
224.43326612623798,21.902770893275655,16.59999999999998,0.0,0.0,0.0
224.42299088172342,21.90683137380654,16.59999999999998,0.0,0.0,0.0
224.41271747963452,21.910894108308053,16.599999999999977,0.0,0.0,0.0
224.40244591733017,21.91495909437244,16.599999999999984,0.0,0.0,0.0
224.3921761921709,21.919026329592818,16.599999999999977,0.0,0.0,0.0
224.38190830151837,21.923095811563467,16.599999999999977,0.0,0.0,0.0
224.37164224273604,21.927167537879495,16.599999999999977,0.0,0.0,0.0
224.36137801318858,21.931241506137198,16.59999999999998,0.0,0.0,0.0
224.35111561024235,21.935317713933713,16.59999999999998,0.0,0.0,0.0
224.34085503126485,21.93939615886732,16.599999999999977,0.0,0.0,0.0
224.33059627362542,21.943476838537173,16.599999999999977,0.0,0.0,0.0
224.3203393346945,21.947559750543572,16.599999999999977,0.0,0.0,0.0
224.3100842118442,21.95164489248766,16.599999999999977,0.0,0.0,0.0
224.299830902448,21.955732261971754,16.599999999999973,0.0,0.0,0.0
224.289579403881,21.959821856599007,16.599999999999973,0.0,0.0,0.0
224.27932971351942,21.963913673973742,16.599999999999977,0.0,0.0,0.0
224.26908182874126,21.968007711701112,16.599999999999973,0.0,0.0,0.0
224.25883574692577,21.972103967387454,16.599999999999977,0.0,0.0,0.0
224.24859146545379,21.976202438639927,16.599999999999977,0.0,0.0,0.0
224.23834898170745,21.98030312306686,16.599999999999977,0.0,0.0,0.0
224.22810829307056,21.98440601827744,16.599999999999977,0.0,0.0,0.0
224.2178693969281,21.988511121881984,16.599999999999977,0.0,0.0,0.0
224.20763229066674,21.992618431491678,16.599999999999977,0.0,0.0,0.0
224.19739697167452,21.99672794471881,16.599999999999977,0.0,0.0,0.0
224.18716343734079,22.00083965917668,16.599999999999977,0.0,0.0,0.0
224.17693168505662,22.004953572479483,16.599999999999977,0.0,0.0,0.0
224.16670171221426,22.009069682242554,16.599999999999973,0.0,0.0,0.0
224.1564735162076,22.013187986082063,16.599999999999973,0.0,0.0,0.0
224.14624709443183,22.017308481615366,16.599999999999977,0.0,0.0,0.0
224.13602244428375,22.02143116646064,16.599999999999977,0.0,0.0,0.0
224.12579956316142,22.025556038237223,16.599999999999977,0.0,0.0,0.0
224.11557844846453,22.029683094565303,16.599999999999977,0.0,0.0,0.0
224.105359097594,22.033812333066223,16.599999999999977,0.0,0.0,0.0
224.09514150795243,22.037943751362164,16.599999999999973,0.0,0.0,0.0
224.08492567694358,22.04207734707646,16.599999999999973,0.0,0.0,0.0
224.07471160197304,22.046213117833297,16.599999999999977,0.0,0.0,0.0
224.0644992804474,22.050351061258013,16.599999999999977,0.0,0.0,0.0
224.05428870977508,22.054491174976782,16.599999999999977,0.0,0.0,0.0
224.04407988736565,22.05863345661694,16.599999999999977,0.0,0.0,0.0
224.03387281063033,22.06277790380666,16.599999999999973,0.0,0.0,0.0
224.0236674769816,22.06692451417527,16.599999999999973,0.0,0.0,0.0
224.0134638838335,22.07107328535295,16.599999999999977,0.0,0.0,0.0
224.00326202860145,22.07522421497101,16.599999999999977,0.0,0.0,0.0
223.99306190870243,22.079377300661623,16.599999999999977,0.0,0.0,0.0
223.9828635215546,22.0835325400581,16.599999999999977,0.0,0.0,0.0
223.97266686457786,22.087689930794618,16.599999999999977,0.0,0.0,0.0
223.9624719351933,22.09184947050646,16.599999999999977,0.0,0.0,0.0
223.9522787308236,22.09601115682981,16.599999999999977,0.0,0.0,0.0
223.9420872488928,22.10017498740191,16.599999999999977,0.0,0.0,0.0
223.9318974868263,22.104340959861013,16.599999999999977,0.0,0.0,0.0
223.92170944205117,22.108509071846292,16.599999999999973,0.0,0.0,0.0
223.91152311199565,22.112679320998,16.599999999999977,0.0,0.0,0.0
223.90133849408966,22.116851704957295,16.599999999999977,0.0,0.0,0.0
223.8911555857643,22.12102622136644,16.599999999999973,0.0,0.0,0.0
223.88097438445226,22.12520286786857,16.599999999999977,0.0,0.0,0.0
223.8707948875876,22.129381642107933,16.599999999999977,0.0,0.0,0.0
223.8606170926059,22.133562541729667,16.599999999999977,0.0,0.0,0.0
223.850440996944,22.137745564380005,16.599999999999977,0.0,0.0,0.0
223.8402665980404,22.141930707706063,16.599999999999977,0.0,0.0,0.0
223.83009389333472,22.146117969356066,16.599999999999977,0.0,0.0,0.0
223.81992288026836,22.150307346979123,16.599999999999977,0.0,0.0,0.0
223.80975355628382,22.15449883822544,16.599999999999973,0.0,0.0,0.0
223.79958591882533,22.158692440746112,16.599999999999973,0.0,0.0,0.0
223.78941996533825,22.162888152193332,16.599999999999977,0.0,0.0,0.0
223.77925569326962,22.167085970220178,16.599999999999977,0.0,0.0,0.0
223.7690931000677,22.17128589248085,16.599999999999977,0.0,0.0,0.0
223.7589321831823,22.17548791663038,16.599999999999973,0.0,0.0,0.0
