galstreams/tracks/track.st.Leiptr.ibata2021.ecsv
# %ECSV 1.0
# ---
# datatype:
# - {name: ra, unit: deg, datatype: float64}
# - {name: dec, unit: deg, datatype: float64}
# - {name: distance, unit: kpc, datatype: float64}
# - {name: pm_ra_cosdec, unit: mas / yr, datatype: float64}
# - {name: pm_dec, unit: mas / yr, datatype: float64}
# - {name: radial_velocity, unit: km / s, datatype: float64}
# delimiter: ','
# meta: !!omap
# - __serialized_columns__:
#     dec:
#       __class__: astropy.coordinates.angles.Latitude
#       unit: &id001 !astropy.units.Unit {unit: deg}
#       value: !astropy.table.SerializedColumn {name: dec}
#     distance:
#       __class__: astropy.coordinates.distances.Distance
#       unit: !astropy.units.Unit {unit: kpc}
#       value: !astropy.table.SerializedColumn {name: distance}
#     pm_dec:
#       __class__: astropy.units.quantity.Quantity
#       unit: !astropy.units.Unit {unit: mas / yr}
#       value: !astropy.table.SerializedColumn {name: pm_dec}
#     pm_ra_cosdec:
#       __class__: astropy.units.quantity.Quantity
#       unit: !astropy.units.Unit {unit: mas / yr}
#       value: !astropy.table.SerializedColumn {name: pm_ra_cosdec}
#     ra:
#       __class__: astropy.coordinates.angles.Longitude
#       unit: *id001
#       value: !astropy.table.SerializedColumn {name: ra}
#       wrap_angle: !astropy.coordinates.Angle
#         unit: *id001
#         value: 360.0
#     radial_velocity:
#       __class__: astropy.units.quantity.Quantity
#       unit: !astropy.units.Unit {unit: km / s}
#       value: !astropy.table.SerializedColumn {name: radial_velocity}
# schema: astropy-2.0
ra,dec,distance,pm_ra_cosdec,pm_dec,radial_velocity
[from data line 1585]
68.7635853147668,-8.136501855997842,7.569791141805674,9.379683425705721,-10.566727959587416,57.39571308367953
68.7704573418456,-8.14384152667285,7.569289943074988,9.380407015251997,-10.567359884278378,57.44666530902126
68.77732950086988,-8.151181186004951,7.56878909384174,9.381130312514838,-10.567991144485887,57.497593914544964
68.78420179207168,-8.158520833891089,7.568288593957084,9.381853317541175,-10.568621740189787,57.54849891143068
68.79107421568288,-8.165860470228038,7.567788443272177,9.382576030377884,-10.569251671369937,57.599380310858514
68.79794677193553,-8.173200094912717,7.567288641638173,9.383298451071807,-10.569880938006236,57.6502381240082
68.80481946106156,-8.180539707841897,7.566789188906225,9.384020579669741,-10.570509540078605,57.70107236205982
68.81169228329303,-8.187879308912517,7.5662900849274894,9.384742416218424,-10.571137477566987,57.75188303619323
68.81856523886198,-8.195218898021363,7.565791329553123,9.385463960764563,-10.57176475045134,57.80267015758854
68.82543832800039,-8.202558475065247,7.5652929226342795,9.386185213354812,-10.572391358711666,57.8534337374257
68.83231155094042,-8.209898039941084,7.564794864022113,9.386906174035783,-10.57301730232798,57.90417378688458
68.83918490791403,-8.217237592545626,7.56429715356778,9.387626842854038,-10.573642581280318,57.954890317145086
68.84605839915348,-8.224577132775787,7.563799791122435,9.388347219856103,-10.574267195548753,58.005583339387336
68.8529320248908,-8.231916660528368,7.563302776537231,9.389067305088457,-10.57489114511337,58.056252864791205
68.8598057853581,-8.239256175700145,7.562806109663327,9.389787098597521,-10.57551442995429,58.10689890453662
68.86667968078764,-8.246595678188035,7.562309790351876,9.390506600429685,-10.57613705005165,58.15752146980366
68.87355371141149,-8.253935167888766,7.5618138184540316,9.391225810631287,-10.576759005385616,58.20812057177214
68.88042787746193,-8.261274644699256,7.561318193820951,9.391944729248625,-10.57738029593638,58.2586962216221
68.88730217917112,-8.268614108516232,7.560822916303789,9.392663356327947,-10.578000921684152,58.30924843053355
68.89417661677133,-8.275953559236598,7.560327985753699,9.393381691915456,-10.578620882609172,58.359777209686435
68.9010511904948,-8.283292996757119,7.559833402021837,9.394099736057315,-10.579240178691704,58.41028257026046
68.90792590057373,-8.29063242097457,7.55933916495936,9.394817488799635,-10.57985880991204,58.46076452343584
68.91480074724052,-8.297971831785842,7.558845274417419,9.395534950188487,-10.580476776250485,58.511223080392554
68.92167573072737,-8.305311229087655,7.558351730247174,9.396252120269887,-10.581094077687386,58.561658252310494
68.92855085126669,-8.3126506127769,7.557858532299775,9.396968999089825,-10.581710714203098,58.6120700503697
68.93542610909077,-8.319989982750297,7.55736568042638,9.39768558669423,-10.582326685778007,58.66245848575001
68.942301504432,-8.327329338904711,7.5568731744781426,9.39840188312899,-10.58294199239253,58.71282356963135
68.94917703752274,-8.33466868113691,7.556381014306221,9.399117888439942,-10.583556634027103,58.763165313193824
68.95605270859535,-8.342008009343632,7.555889199761764,9.399833602672896,-10.584170610662182,58.8134837276172
68.96292851788233,-8.349347323421775,7.555397730695933,9.400549025873593,-10.584783922278252,58.86377882408171
68.96980446561602,-8.356686623268015,7.55490660695988,9.40126415808775,-10.585396568855828,58.914050613767046
68.97668055202898,-8.364025908779235,7.5544158284047604,9.401978999361024,-10.586008550375436,58.96429910785339
68.98355677735357,-8.37136517985213,7.553925394881729,9.402693549739029,-10.58661986681764,59.014524317520525
68.99043314182238,-8.378704436383565,7.5534353062419415,9.403407809267348,-10.587230518163022,59.064726253948585
68.99730964566784,-8.38604367827027,7.552945562336552,9.4041217779915,-10.587840504392192,59.114904928317294
69.00418628912249,-8.393382905408982,7.552456163016717,9.404835455956967,-10.588449825485784,59.165060351806886
69.01106307241892,-8.400722117696548,7.5519671081335895,9.405548843209186,-10.589058481424445,59.21519253559701
69.01793999578962,-8.408061315029661,7.551478397538326,9.40626193979355,-10.589666472188865,59.265301490867934
69.02481705946725,-8.415400497305162,7.550990031082081,9.406974745755404,-10.590273797759748,59.31538722879942
69.03169426368436,-8.422739664419737,7.55050200861601,9.407687261140056,-10.59088045811783,59.365449760571494
69.0385716086736,-8.430078816270228,7.550014329991269,9.408399485992746,-10.591486453243846,59.4154890973641
69.04544909466762,-8.43741795275335,7.54952699505901,9.409111420358704,-10.5920917831186,59.46550525035733
69.052326721899,-8.44475707376581,7.549040003670392,9.409823064283083,-10.59269644772288,59.51549823073092
69.0592044906005,-8.452096179204451,7.548553355676565,9.410534417811007,-10.593300447037517,59.56546804966491
69.06608240100475,-8.45943526896593,7.548067050928688,9.411245480987553,-10.593903781043373,59.6154147183394
69.07296045334452,-8.46677434294708,7.547581089277914,9.411956253857753,-10.59450644972131,59.66533824793405
69.07983864785253,-8.474113401044605,7.5470954705754005,9.412666736466587,-10.59510845305224,59.71523864962912
69.08671698476147,-8.481452443155193,7.546610194672301,9.413376928858996,-10.595709791017088,59.76511593460435
69.0935954643042,-8.488791469175673,7.5461252614197685,9.414086831079882,-10.596310463596799,59.81497011403987
69.10047408671343,-8.496130479002696,7.545640670668963,9.414796443174083,-10.59691047077235,59.86480119911567
69.10735285222202,-8.503469472533077,7.545156422271035,9.415505765186419,-10.597509812524743,59.91460920101141
69.11423176106277,-8.510808449663454,7.544672516077141,9.416214797161636,-10.598108488834999,59.96439413090741
69.12111081346856,-8.51814741029064,7.544188951938436,9.416923539144454,-10.59870649968417,60.0141559999835
69.12799000967219,-8.525486354311273,7.543705729706074,9.417631991179547,-10.599303845053324,60.06389481941938
69.13486934990661,-8.532825281622152,7.5432228492312134,9.418340153311531,-10.59990052492356,60.11361060039547
69.14174883440471,-8.540164192119965,7.542740310365007,9.419048025584992,-10.600496539275992,60.163303354091376
69.14862846339933,-8.547503085701363,7.542258112958607,9.419755608044458,-10.60109188809178,60.21297309168716
69.15550823712353,-8.55484196226315,7.541776256863173,9.420462900734424,-10.601686571352083,60.26261982436289
69.16238815581018,-8.562180821701956,7.541294741929859,9.421169903699328,-10.602280589038092,60.31224356329841
69.1692682196923,-8.569519663914562,7.540813568009819,9.421876616983576,-10.602873941131037,60.36184431967376
69.1761484290029,-8.57685848879763,7.540332734954208,9.422583040631515,-10.603466627612152,60.411422104668794
69.18302878397492,-8.584197296247803,7.53985224261418,9.423289174687456,-10.604058648462706,60.460976929463456
69.18990928484149,-8.591536086161883,7.539372090840896,9.423995019195665,-10.604650003663991,60.51050880523787
69.19678993183558,-8.598874858436458,7.538892279485501,9.424700574200358,-10.60524069319732,60.56001774317188
69.20367072519035,-8.606213612968313,7.538412808399159,9.425405839745707,-10.605830717044038,60.60950375444545
69.2105516651388,-8.613552349654041,7.537933677433021,9.426110815875845,-10.606420075185511,60.6589668502385
69.21743275191413,-8.62089106839041,7.5374548864382405,9.426815502634849,-10.607008767603118,60.70840704173112
69.22431398574945,-8.628229769074062,7.536976435265976,9.427519900066764,-10.60759679427828,60.757824340103234
69.23119536687783,-8.635568451601632,7.536498323767382,9.428224008215578,-10.608184155192431,60.80721875653473
69.23807689553253,-8.642907115869866,7.5360205517936105,9.428927827125237,-10.608770850327035,60.85659030220553
69.24495857194667,-8.650245761775361,7.535543119195819,9.42963135683965,-10.609356879663574,60.9059389882958
69.25184039635354,-8.657584389214867,7.535066025825162,9.430334597402672,-10.60994224318356,60.95526482598531
69.25872236898628,-8.664922998084954,7.534589271532796,9.431037548858113,-10.610526940868525,61.00456782645403
69.26560449007822,-8.672261588282375,7.534112856169877,9.43174021124974,-10.611110972700025,61.053848000882
69.27248675986257,-8.679600159703735,7.533636779587553,9.432442584621286,-10.611694338659653,61.10310536044912
69.2793691785726,-8.686938712245661,7.533161041636986,9.433144669016421,-10.612277038729006,61.15233991633539
69.28625174644168,-8.694277245804878,7.532685642169328,9.433846464478771,-10.612859072889714,61.20155167972073
69.29313446370305,-8.701615760277948,7.532210581035738,9.434547971051929,-10.613440441123439,61.25074066178523
69.30001733059014,-8.7089542555616,7.531735858087365,9.435249188779446,-10.61402114341186,61.299906873708586
69.30690034733624,-8.716292731552395,7.531261473175366,9.435950117704806,-10.614601179736674,61.349050326671026
69.31378351417477,-8.723631188147047,7.5307874261509,9.436650757871469,-10.615180550079613,61.39817103185233
69.32066683133915,-8.730969625242155,7.530313716865117,9.437351109322842,-10.615759254422429,61.44726900043245
69.32755029906274,-8.7383080427343,7.529840345169174,9.438051172102279,-10.616337292746895,61.4963442435916
69.33443391757903,-8.745646440520208,7.529367310914228,9.438750946253105,-10.616914665034813,61.54539677250951
69.34131768712145,-8.752984818496392,7.528894613951431,9.439450431818582,-10.617491371268006,61.59442659836625
69.3482016079235,-8.76032317655958,7.528422254131938,9.440149628841954,-10.618067411428326,61.643433732341514
69.35508568021865,-8.767661514606298,7.527950231306906,9.44084853736639,-10.618642785497647,61.692418185615665
69.36196990424047,-8.774999832533243,7.5274785453274875,9.44154715743503,-10.619217493457858,61.74137996936843
69.36885428022246,-8.782338130236983,7.527007196044843,9.442245489090967,-10.619791535290883,61.79031909477966
69.37573880839817,-8.789676407614083,7.526536183310119,9.442943532377244,-10.62036491097867,61.839235573029626
69.3826234890012,-8.797014664561228,7.526065506974479,9.443641287336863,-10.620937620503181,61.88812941529806
69.38950832226512,-8.80435290097494,7.525595166889074,9.444338754012783,-10.621509663846416,61.93700063276503
69.39639330842358,-8.811691116751895,7.525125162905058,9.445035932447913,-10.622081040990386,61.98584923661045
69.40327844771022,-8.819029311788645,7.5246554948735875,9.44573282268513,-10.622651751917141,62.034675238014245
69.41016374035863,-8.826367485981738,7.524186162645816,9.44642942476724,-10.623221796608743,62.08347864815631
69.41704918660258,-8.833705639227844,7.5237171660729025,9.447125738737027,-10.623791175047272,62.13225947821688
69.42393478667566,-8.841043771423456,7.523248505005999,9.447821764637219,-10.62435988721485,62.18101773937568
69.4308205408117,-8.848381882465244,7.5227801792962605,9.448517502510509,-10.624927933093614,62.22975344281277
69.43770644924432,-8.855719972249704,7.522312188794841,9.449212952399536,-10.625495312665727,62.278466599708004
69.44459251220735,-8.863058040673476,7.521844533352899,9.44990811434689,-10.626062025913367,62.32715722124131
69.45147872993456,-8.870396087633097,7.521377212821587,9.45060298839513,-10.62662807281875,62.37582531859291
69.4583651026597,-8.877734113025086,7.5209102270520605,9.451297574586757,-10.62719345336411,62.424470902942495
69.46525163061663,-8.885072116746093,7.520443575895476,9.451991872964232,-10.627758167531693,62.47309398547028
69.47213831403914,-8.892410098692592,7.519977259202984,9.45268588356998,-10.628322215303804,62.52169457735593
69.47902515316113,-8.899748058761212,7.519511276825747,9.453379606446363,-10.628885596662723,62.570272689779536
69.48591214821643,-8.907085996848425,7.519045628614911,9.454073041635711,-10.629448311590796,62.618828333921144
69.49279929943899,-8.914423912850868,7.518580314421639,9.454766189180301,-10.63001036007037,62.667361520960625
69.49968660706267,-8.92176180666502,7.518115334097082,9.455459049122373,-10.63057174208382,62.71587226207785
69.5065740713214,-8.929099678187404,7.517650687492396,9.456151621504118,-10.631132457613553,62.764360568453014
69.51346169244918,-8.936437527314624,7.517186374458736,9.456843906367686,-10.631692506641999,62.81282645126583
69.52034947067993,-8.943775353943137,7.516722394847255,9.457535903755165,-10.632251889151592,62.8612699216965
69.52723740624769,-8.95111315796955,7.516258748509111,9.458227613708628,-10.632810605124815,62.909690990924716
69.53412549938643,-8.9584509392903,7.51579543529546,9.45891903627007,-10.633368654544165,62.958089670130676
69.54101375033025,-8.965788697802,7.515332455057453,9.45961017148147,-10.633926037392158,63.006465970494176
69.54790215931315,-8.973126433401122,7.514869807646248,9.46030101938474,-10.634482753651344,63.05481990319542
69.55479072656918,-8.98046414598413,7.514407492912998,9.460991580021764,-10.6350388033043,63.103151479413974
69.5616794523325,-8.987801835447629,7.513945510708858,9.46168185343437,-10.635594186333597,63.151460710330106
69.56856833683716,-8.995139501688032,7.513483860884985,9.462371839664337,-10.636148902721871,63.19974760712364
69.57545738031736,-9.00247714460193,7.513022543292534,9.46306153875342,-10.636702952451756,63.24801218097458
69.58234658300718,-9.009814764085736,7.512561557782658,9.463750950743302,-10.637256335505914,63.296254443062914
69.58923594514086,-9.017152360036018,7.512100904206516,9.464440075675636,-10.63780905186703,63.34447440456857
69.59612546695257,-9.02448993234924,7.511640582415257,9.46512891359204,-10.638361101517832,63.392672076671474
69.60301514867649,-9.031827480921839,7.51118059226004,9.465817464534066,-10.63891248444104,63.440847470551724
69.60990499054692,-9.039165005650386,7.51072093359202,9.466505728543225,-10.639463200619423,63.48900059738911
69.61679499279803,-9.046502506431269,7.51026160626235,9.467193705660998,-10.640013250035759,63.53713146836358
69.62368515566419,-9.05383998316105,7.509802610122186,9.467881395928808,-10.640562632672859,63.58524009465525
69.63057547937967,-9.061177435736157,7.509343945022684,9.468568799388036,-10.641111348513554,63.63332648744401
69.63746596417872,-9.068514864053022,7.508885610815,9.469255916080012,-10.641659397540696,63.68139065790976
69.64435661029576,-9.075852268008179,7.508427607350287,9.469942746046037,-10.642206779737165,63.72943261723255
69.65124741796507,-9.083189647498012,7.507969934479699,9.470629289327348,-10.642753495085872,63.77745237659232
69.6581383874211,-9.090527002419062,7.507512592054394,9.471315545965155,-10.643299543569732,63.825449947169055
69.66502951889817,-9.097864332667687,7.507055579925523,9.472001516000612,-10.643844925171706,63.87342534014244
69.67192081263079,-9.105201638140432,7.506598897944246,9.472687199474827,-10.644389639874758,63.921378566692965
69.6788122688533,-9.112538918733637,7.506142545961715,9.473372596428868,-10.644933687661899,63.96930963800003
69.68570388780027,-9.119876174343847,7.505686523829086,9.474057706903757,-10.645477068516136,64.01721856524405
69.69259566970611,-9.127213404867438,7.505230831397512,9.474742530940471,-10.646019782420526,64.06510535960459
69.69948761480528,-9.134550610200813,7.504775468518152,9.475427068579936,-10.64656182935813,64.112970032262
69.70637972333239,-9.141887790240473,7.504320435042158,9.476111319863048,-10.647103209312045,64.16081259439603
69.71327199552191,-9.149224944882759,7.503865730820685,9.476795284830636,-10.64764392226539,64.20863305718666
69.72016443160845,-9.156562074024174,7.503411355704888,9.477478963523511,-10.64818396820131,64.25643143181377
69.72705703182658,-9.163899177561099,7.502957309545923,9.478162355982418,-10.648723347102957,64.30420772945739
69.73394979641085,-9.171236255389893,7.502503592194946,9.47884546224806,-10.649262058953525,64.3519619612976
69.74084272559598,-9.178573307407047,7.50205020350311,9.479528282361098,-10.649800103736222,64.39969413851412
69.74773581961651,-9.185910333508884,7.501597143321572,9.480210816362158,-10.650337481434288,64.44740427228716
