galstreams/tracks/track.st.Jhelum.ibata2021.ecsv
# %ECSV 0.9
# ---
# datatype:
# - {name: ra, unit: deg, datatype: float64}
# - {name: dec, unit: deg, datatype: float64}
# - {name: distance, unit: kpc, datatype: float64}
# - {name: pm_ra_cosdec, unit: mas / yr, datatype: float64}
# - {name: pm_dec, unit: mas / yr, datatype: float64}
# - {name: radial_velocity, unit: km / s, datatype: float64}
# delimiter: ','
# meta: !!omap
# - __serialized_columns__:
#     dec:
#       __class__: astropy.coordinates.angles.Latitude
#       unit: &id001 !astropy.units.Unit {unit: deg}
#       value: !astropy.table.SerializedColumn {name: dec}
#     distance:
#       __class__: astropy.coordinates.distances.Distance
#       unit: !astropy.units.Unit {unit: kpc}
#       value: !astropy.table.SerializedColumn {name: distance}
#     pm_dec:
#       __class__: astropy.units.quantity.Quantity
#       unit: !astropy.units.Unit {unit: mas / yr}
#       value: !astropy.table.SerializedColumn {name: pm_dec}
#     pm_ra_cosdec:
#       __class__: astropy.units.quantity.Quantity
#       unit: !astropy.units.Unit {unit: mas / yr}
#       value: !astropy.table.SerializedColumn {name: pm_ra_cosdec}
#     ra:
#       __class__: astropy.coordinates.angles.Longitude
#       unit: *id001
#       value: !astropy.table.SerializedColumn {name: ra}
#       wrap_angle: !astropy.coordinates.Angle
#         unit: *id001
#         value: 360.0
#     radial_velocity:
#       __class__: astropy.units.quantity.Quantity
#       unit: !astropy.units.Unit {unit: km / s}
#       value: !astropy.table.SerializedColumn {name: radial_velocity}
# schema: astropy-2.0
ra,dec,distance,pm_ra_cosdec,pm_dec,radial_velocity
[from data line 690]
359.730715502615,-51.186075494904784,10.210495576439952,7.757297438841361,-3.7954688937825614,-3.368306851948935e-14
359.71485198140846,-51.18737319246564,10.210299057406516,7.756705418587049,-3.7972439015091153,-6.73661370389787e-14
359.6989875975703,-51.18866889361768,10.210104314630998,7.756111835300282,-3.7990187915528377,1.0104920555846805e-13
359.6831223522061,-51.18996259751491,10.20991134646359,7.755516690162836,-3.8007935627484453,1.1789073981821273e-13
359.66725624642316,-51.191254303311595,10.209720151254492,7.75491998435723,-3.802568213931351,-5.0524602779234026e-14
359.65138928133007,-51.19254401016218,10.209530727353894,7.754321719066687,-3.8043427439376867,-1.6841534259744676e-14
359.63552145803703,-51.193831717221364,10.20934307311199,7.75372189547518,-3.806117151604285,6.73661370389787e-14
359.61965277765523,-51.19511742364409,10.209157186878976,7.75312051476737,-3.807891435768731,-6.73661370389787e-14
359.60378324129766,-51.196401128585485,10.208973067005042,7.7525175781286535,-3.8096655952693075,1.6841534259744676e-14
359.5879128500786,-51.197682831200936,10.20879071184038,7.751913086745157,-3.8114396289450116,6.73661370389787e-14
359.5720416051136,-51.19896253064605,10.208610119735189,7.751307041803704,-3.8132135356355814,-8.420767129872338e-14
359.55616950751977,-51.20024022607666,10.208431289039662,7.750699444491857,-3.8149873141814545,1.1789073981821273e-13
359.5402965584153,-51.20151591664884,10.20825421810399,7.7500902959978815,-3.816760963423829,-6.73661370389787e-14
359.5244227589204,-51.20278960151887,10.208078905278368,7.749479597510782,-3.818534482204567,-3.368306851948935e-14
359.50854811015614,-51.20406127984329,10.20790534891299,7.74886735022027,-3.8203078693663053,6.73661370389787e-14
359.492672613245,-51.20533095077886,10.207733547358048,7.748253555316765,-3.8220811237523975,-6.73661370389787e-14
359.47679626931136,-51.206598613482534,10.20756349896374,7.747638213991435,-3.823854244206885,1.0104920555846805e-13
359.46091907948033,-51.20786426711157,10.207395202080251,7.7470213274361415,-3.8256272295745877,1.6841534259744676e-14
359.445041044879,-51.20912791082339,10.207228655057786,7.746402896843468,-3.82740007870102,3.368306851948935e-14
359.42916216663536,-51.21038954377571,10.207063856246531,7.745782923406721,-3.829172790432448,8.420767129872338e-14
359.4132824458792,-51.21164916512641,10.206900803996684,7.745161408319922,-3.8309453636158373,-1.6841534259744676e-14
359.39740188374157,-51.21290677403366,10.206739496658429,7.7445383527778215,-3.8327177970988977,5.0524602779234026e-14
359.3815204813547,-51.21416236965585,10.20657993258197,7.743913757975861,-3.8344900897300875,5.0524602779234026e-14
359.3656382398526,-51.215415951151584,10.2064221101175,7.7432876251102245,-3.836262240358561,1.6841534259744676e-14
359.3497551603705,-51.21666751767971,10.206266027615209,7.742659955377796,-3.8380342478342335,-6.73661370389787e-14
359.33387124404493,-51.21791706839933,10.206111683425295,7.742030749976189,-3.839806111007735,1.6841534259744676e-14
359.3179864920138,-51.21916460246977,10.205959075897944,7.741400010103722,-3.841577828730454,-1.6841534259744676e-14
359.30210090541675,-51.22041011905056,10.20580820338336,7.7407677369594365,-3.843349399854475,-3.368306851948935e-14
359.28621448539445,-51.22165361730153,10.205659064231725,7.740133931743093,-3.8451208232326497,8.420767129872338e-14
359.2703272330891,-51.22289509638269,10.20551165679324,7.739498595655149,-3.84689209771856,8.420767129872338e-14
359.2544391496442,-51.22413455545433,10.205365979418099,7.738861729896798,-3.8486632221665253,8.420767129872338e-14
359.2385502362049,-51.22537199367694,10.205222030456493,7.738223335669941,-3.850434195431583,3.368306851948935e-14
359.22266049391754,-51.22660741021127,10.205079808258619,7.7375834141772,-3.852205016369532,1.6841534259744676e-14
359.20676992392976,-51.2278408042183,10.204939311174666,7.736941966621888,-3.8539756838369135,5.0524602779234026e-14
359.1908785273909,-51.22907217485928,10.204800537554831,7.736298994208061,-3.8557461966909754,1.347322740779574e-13
359.1749863054514,-51.23030152129564,10.204663485749307,7.73565449814048,-3.8575165537897504,-5.0524602779234026e-14
359.1590932592633,-51.231528842689094,10.204528154108285,7.735008479624618,-3.85928675399198,5.0524602779234026e-14
359.14319938997977,-51.2327541382016,10.204394540981966,7.734360939866645,-3.861056796157178,0.0
359.1273046987558,-51.23397740699531,10.204262644720535,7.733711880073475,-3.862826679145562,-1.6841534259744676e-14
359.1114091867474,-51.23519864823269,10.20413246367419,7.733061301452718,-3.864596401818126,8.420767129872338e-14
359.0955128551119,-51.236417861076376,10.204003996193125,7.732409205212688,-3.866365963036613,-1.6841534259744676e-14
359.0796157050085,-51.23763504468929,10.203877240627532,7.731755592562439,-3.868135361663474,0.0
359.0637177375974,-51.238850198234594,10.203752195327604,7.7311004647117105,-3.8699045965619403,1.0104920555846805e-13
359.0478189540403,-51.24006332087566,10.203628858643539,7.730443822870967,-3.8716736665959863,6.73661370389787e-14
359.0319193555001,-51.24127441177614,10.20350722892553,7.729785668251372,-3.8734425706303366,5.0524602779234026e-14
359.01601894314155,-51.24248347009992,10.203387304523762,7.729126002064824,-3.8752113075304395,1.6841534259744676e-14
359.0001177181303,-51.243690495011116,10.203269083788442,7.728464825523914,-3.8769798761625216,-1.1789073981821273e-13
358.98421568163377,-51.244895485674114,10.203152565069752,7.727802139841947,-3.878748275393547,-5.0524602779234026e-14
358.9683128348203,-51.24609844125352,10.203037746717891,7.727137946232939,-3.880516504091248,-6.73661370389787e-14
358.95240917886036,-51.247299360914205,10.202924627083055,7.72647224591162,-3.8822845611240675,8.420767129872338e-14
358.93650471492504,-51.248498243821274,10.202813204515431,7.725805040093434,-3.884052445361255,1.0104920555846805e-13
358.9205994441871,-51.24969508914007,10.20270347736522,7.725136329994515,-3.8858201556727883,6.73661370389787e-14
358.90469336782087,-51.25088989603622,10.202595443982611,7.724466116831738,-3.887587690929388,5.0524602779234026e-14
358.88878648700194,-51.25208266367556,10.2024891027178,7.723794401822654,-3.8893550500025444,-5.0524602779234026e-14
358.8728788029073,-51.25327339122419,10.20238445192098,7.723121186185551,-3.891122231764503,6.73661370389787e-14
358.856970316715,-51.25446207784845,10.20228148994234,7.722446471139407,-3.8928892350882824,0.0
358.8410610296051,-51.25564872271494,10.202180215132083,7.721770257903917,-3.894656058847617,1.6841534259744676e-14
358.8251509427586,-51.2568333249905,10.202080625840395,7.7210925476994845,-3.896422701917041,-8.420767129872338e-14
358.809240057358,-51.25801588384224,10.201982720417472,7.720413341747219,-3.898189163171833,5.0524602779234026e-14
358.79332837458713,-51.259196398437496,10.201886497213508,7.719732641268936,-3.899955441488024,-6.73661370389787e-14
358.7774158956314,-51.260374867943845,10.201791954578699,7.719050447487168,-3.901721535742414,0.0
358.7615026216774,-51.261551291529145,10.201699090863235,7.7183667616251395,-3.9034874448125705,-3.368306851948935e-14
358.745588553913,-51.262725668361504,10.20160790441731,7.717681584906786,-3.905253167576823,1.0104920555846805e-13
358.72967369352784,-51.26389799760925,10.201518393591119,7.716994918556762,-3.9070187029142476,5.0524602779234026e-14
358.71375804171265,-51.265068278441,10.201430556734856,7.716306763800419,-3.908784049704704,1.6841534259744676e-14
358.69784159965957,-51.26623651002561,10.201344392198715,7.715617121863812,-3.9105492068288155,1.0104920555846805e-13
358.68192436856225,-51.26740269153215,10.20125989833289,7.714925993973705,-3.912314173167952,8.420767129872338e-14
358.66600634961554,-51.26856682213003,10.20117707348757,7.714233381357573,-3.9140789476042714,1.0104920555846805e-13
358.65008754401583,-51.26972890098884,10.201095916012951,7.713539285243584,-3.915843529020697,-3.368306851948935e-14
358.6341679529607,-51.27088892727844,10.201016424259235,7.712843706860618,-3.917607916300918,-8.420767129872338e-14
358.61824757764947,-51.27204690016898,10.200938596576602,7.712146647438271,-3.919372108329373,6.73661370389787e-14
358.60232641928246,-51.27320281883081,10.200862431315253,7.711448108206815,-3.9211361039913033,-1.6841534259744676e-14
358.58640447906157,-51.27435668243459,10.200787926825381,7.71074809039726,-3.9228999021727007,3.368306851948935e-14
358.5704817581899,-51.2755084901512,10.200715081457181,7.7100465952412875,-3.9246635017603504,-8.420767129872338e-14
358.5545582578722,-51.27665824115179,10.20064389356084,7.709343623971314,-3.9264269016417668,-6.73661370389787e-14
358.53863397931445,-51.277805934607755,10.200574361486563,7.708639177820432,-3.928190100705272,1.0104920555846805e-13
358.5227089237239,-51.278951569690776,10.200506483584535,7.707933258022447,-3.929953097839972,8.420767129872338e-14
358.5067830923093,-51.28009514557276,10.200440258204953,7.707225865811875,-3.931715891935715,-5.0524602779234026e-14
358.49085648628096,-51.28123666142588,10.20037568369801,7.706517002423927,-3.933478481883136,8.420767129872338e-14
358.47492910685014,-51.282376116422576,10.200312758413896,7.705806669094516,-3.935240866573664,0.0
358.4590009552298,-51.28351350973556,10.200251480702812,7.705094867060253,-3.937003044899492,8.420767129872338e-14
358.4430720326341,-51.28464884053778,10.200191848914951,7.704381597558457,-3.9387650157535825,-8.420767129872338e-14
358.42714234027886,-51.28578210800245,10.200133861400499,7.703666861827159,-3.940526778029686,-5.0524602779234026e-14
358.41121187938086,-51.28691331130306,10.200077516509655,7.70295066110506,-3.942288330622347,-3.368306851948935e-14
358.39528065115866,-51.28804244961332,10.200022812592607,7.702232996631595,-3.944049672426854,6.73661370389787e-14
358.37934865683184,-51.28916952210726,10.19996974799956,7.701513869646878,-3.9458108023393077,1.1789073981821273e-13
358.3634158976215,-51.29029452795912,10.199918321080702,7.700793281391722,-3.947571719256594,-5.0524602779234026e-14
358.3474823747502,-51.29141746634345,10.199868530186222,7.70007123310766,-3.949332422076364,3.368306851948935e-14
358.33154808944187,-51.292538336435,10.19982037366632,7.699347726036904,-3.951092909697046,1.0104920555846805e-13
358.31561304292165,-51.29365713740885,10.199773849871187,7.6986227614223814,-3.952853181017881,-3.368306851948935e-14
358.29967723641613,-51.29477386844031,10.199728957151015,7.697896340507698,-3.9546132349388734,-6.73661370389787e-14
358.2837406711533,-51.29588852870495,10.199685693856003,7.697168464537169,-3.9563730703608257,-3.368306851948935e-14
358.2678033483626,-51.29700111737861,10.199644058336338,7.696439134755821,-3.9581326861853126,5.0524602779234026e-14
358.2518652692746,-51.298111633637404,10.199604048942216,7.695708352409362,-3.9598920813147087,6.73661370389787e-14
358.2359264351214,-51.29922007665772,10.199565664023837,7.694976118744189,-3.9616512546521903,6.73661370389787e-14
358.2199868471366,-51.30032644561617,10.199528901931386,7.6942424350074266,-3.9634102051016877,-5.0524602779234026e-14
358.20404650655496,-51.301430739689664,10.199493761015061,7.6935073024468705,-3.965168931567944,-8.420767129872338e-14
358.18810541461266,-51.30253295805538,10.199460239625052,7.692770722311025,-3.9669274329564956,-3.368306851948935e-14
358.1721635725471,-51.30363309989077,10.199428336111563,7.6920326958490755,-3.968685708173677,-1.0104920555846805e-13
358.1562209815975,-51.304731164373514,10.199398048824772,7.6912932243109315,-3.9704437561265786,0.0
358.140277643004,-51.30582715068161,10.199369376114882,7.690552308947171,-3.9722015757231306,-8.420767129872338e-14
358.12433355800823,-51.30692105799329,10.199342316332086,7.689809951009083,-3.973959165872032,1.0104920555846805e-13
358.1083887278533,-51.30801288548707,10.199316867826578,7.689066151748646,-3.9757165254827784,-5.0524602779234026e-14
358.0924431537836,-51.30910263234173,10.199293028948551,7.688320912418533,-3.977473653465662,-1.6841534259744676e-14
358.0764968370449,-51.31019029773629,10.199270798048198,7.68757423427211,-3.9792305487317785,-5.0524602779234026e-14
358.0605497788842,-51.31127588085013,10.199250173475715,7.686826118563441,-3.9809872101930255,-5.0524602779234026e-14
358.04460198055017,-51.3123593808628,10.19923115358129,7.686076566547292,-3.9827436367620717,3.368306851948935e-14
358.02865344329257,-51.31344079695419,10.199213736715125,7.685325579479097,-3.984499827352417,-3.368306851948935e-14
358.0127041683625,-51.314520128304416,10.199197921227405,7.6845731586150094,-3.9862557808783525,-8.420767129872338e-14
357.99675415701284,-51.31559737409388,10.19918370546833,7.68381930521187,-3.9880114962549436,5.0524602779234026e-14
357.9808034104973,-51.31667253350329,10.19917108778809,7.683064020527194,-3.9897669723981,-5.0524602779234026e-14
357.96485193007135,-51.31774560571356,10.19916006653688,7.682307305819214,-3.991522208224498,8.420767129872338e-14
357.9488997169914,-51.31881658990594,10.199150640064893,7.681549162346832,-3.9932772026516505,8.420767129872338e-14
357.93294677251566,-51.319885485261935,10.19914280672233,7.680789591369655,-3.9950319545978403,-5.0524602779234026e-14
357.91699309790357,-51.320952290963284,10.199136564859373,7.6800285941479896,-3.996786462982172,-1.0104920555846805e-13
357.90103869441583,-51.32201700619206,10.199131912826221,7.679266171942815,-3.998540726724552,-3.368306851948935e-14
357.8850835633144,-51.3230796301306,10.199128848973068,7.6785023260158,-4.000294744745713,0.0
357.86912770586304,-51.32414016196147,10.199127371650109,7.677737057629328,-4.002048515967153,8.420767129872338e-14
357.8531711233264,-51.32519860086756,10.199127479207533,7.676970368046445,-4.003802039311217,1.6841534259744676e-14
357.83721381697046,-51.32625494603203,10.199129169995539,7.676202258530893,-4.005555313701051,-8.420767129872338e-14
357.82125578806324,-51.32730919663828,10.199132442364315,7.675432730347124,-4.007308338060577,3.368306851948935e-14
357.8052970378733,-51.328361351870036,10.199137294664059,7.674661784760258,-4.009061111314574,1.6841534259744676e-14
357.789337567671,-51.32941141091126,10.199143725244967,7.673889423036102,-4.010813632388604,1.0104920555846805e-13
357.7733773787278,-51.330459372946244,10.199151732457224,7.673115646441155,-4.012565900209069,6.73661370389787e-14
357.7574164723169,-51.331505237159504,10.199161314651032,7.672340456242616,-4.014317913703141,-8.420767129872338e-14
357.74145484971257,-51.33254900273587,10.199172470176583,7.671563853708364,-4.0160696717988325,-5.0524602779234026e-14
357.72549251219044,-51.3335906688604,10.199185197384068,7.670785840106959,-4.017821173424967,8.420767129872338e-14
357.70952946102744,-51.33463023471854,10.19919949462368,7.670006416707645,-4.019572417511201,1.0104920555846805e-13
357.6935656975021,-51.33566769949588,10.19921536024562,7.66922558478037,-4.021323402987969,-1.1789073981821273e-13
357.6776012228942,-51.33670306237838,10.199232792600073,7.668443345595757,-4.023074128786541,0.0
357.6616360384847,-51.33773632255229,10.199251790037234,7.667659700425115,-4.024824593839025,1.0104920555846805e-13
357.64567014555615,-51.338767479204066,10.1992723509073,7.666874650540438,-4.02657479707831,3.368306851948935e-14
357.62970354539226,-51.339796531520506,10.199294473560466,7.66608819721441,-4.028324737438131,-5.0524602779234026e-14
357.6137362392783,-51.34082347868868,10.19931815634692,7.665300341720397,-4.030074413853031,-5.0524602779234026e-14
357.5977682285005,-51.34184831989594,10.199343397616861,7.664511085332436,-4.031823825258391,3.368306851948935e-14
357.58179951434704,-51.342871054329905,10.19937019572048,7.66372042932528,-4.033572970590383,-8.420767129872338e-14
357.56583009810697,-51.34389168117848,10.199398549007968,7.662928374974342,-4.035321848786026,-6.73661370389787e-14
357.54985998107077,-51.34491019962989,10.199428455829525,7.66213492355571,-4.0370704587831625,1.6841534259744676e-14
