galstreams/tracks/track.st.M68-Fjorm.ibata2021.ecsv
# %ECSV 0.9
# ---
# datatype:
# - {name: ra, unit: deg, datatype: float64}
# - {name: dec, unit: deg, datatype: float64}
# - {name: distance, unit: kpc, datatype: float64}
# - {name: pm_ra_cosdec, unit: mas / yr, datatype: float64}
# - {name: pm_dec, unit: mas / yr, datatype: float64}
# - {name: radial_velocity, unit: km / s, datatype: float64}
# delimiter: ','
# meta: !!omap
# - __serialized_columns__:
#     dec:
#       __class__: astropy.coordinates.angles.Latitude
#       unit: &id001 !astropy.units.Unit {unit: deg}
#       value: !astropy.table.SerializedColumn {name: dec}
#     distance:
#       __class__: astropy.coordinates.distances.Distance
#       unit: !astropy.units.Unit {unit: kpc}
#       value: !astropy.table.SerializedColumn {name: distance}
#     pm_dec:
#       __class__: astropy.units.quantity.Quantity
#       unit: !astropy.units.Unit {unit: mas / yr}
#       value: !astropy.table.SerializedColumn {name: pm_dec}
#     pm_ra_cosdec:
#       __class__: astropy.units.quantity.Quantity
#       unit: !astropy.units.Unit {unit: mas / yr}
#       value: !astropy.table.SerializedColumn {name: pm_ra_cosdec}
#     ra:
#       __class__: astropy.coordinates.angles.Longitude
#       unit: *id001
#       value: !astropy.table.SerializedColumn {name: ra}
#       wrap_angle: !astropy.coordinates.Angle
#         unit: *id001
#         value: 360.0
#     radial_velocity:
#       __class__: astropy.units.quantity.Quantity
#       unit: !astropy.units.Unit {unit: km / s}
#       value: !astropy.table.SerializedColumn {name: radial_velocity}
# schema: astropy-2.0
ra,dec,distance,pm_ra_cosdec,pm_dec,radial_velocity
[from data line 9284]
211.62628199475375,44.82824757376582,5.568531816230704,0.18931394267148294,5.865226590480902,0.0
211.63315189701243,44.83719444958671,5.5684600469518575,0.19035985488577503,5.8652901692437345,-1.6841534259744676e-14
211.64002443816432,44.846140748957524,5.568388357255258,0.191405987677296,5.865353284341932,-1.6841534259744676e-14
211.6468996196478,44.85508647151315,5.5683167472133475,0.19245234106435394,5.8654159355545055,0.0
211.6537774429021,44.8640316168881,5.568245216898566,0.19349891506519798,5.865478122660358,0.0
211.6606579093674,44.872976184716634,5.568173766383359,0.19454570969801055,5.86553984543829,0.0
211.6675410204846,44.88192017463275,5.568102395740167,0.1955927249809155,5.865601103667001,-1.6841534259744676e-14
211.67442677769566,44.89086358627013,5.5680311050414355,0.19663996093196845,5.865661897125085,-3.368306851948935e-14
211.68131518244323,44.89980641926216,5.567959894359608,0.1976874175691652,5.865722225591032,-1.6841534259744676e-14
211.68820623617094,44.90874867324197,5.567888763767125,0.19873509491043317,5.865782088843227,0.0
211.6950999403233,44.9176903478424,5.567817713336429,0.19978299297364832,5.865841486659963,-1.6841534259744676e-14
211.70199629634567,44.926631442696,5.567746743139964,0.2008311117766095,5.865900418819408,-1.6841534259744676e-14
211.70889530568428,44.935571957435016,5.567675853250171,0.20187945133706117,5.86595888509965,0.0
211.71579696978623,44.94451189169141,5.567605043739498,0.20292801167267727,5.866016885278654,0.0
211.72270129009945,44.95345124509688,5.567534314680382,0.2039767928010696,5.866074419134293,-1.6841534259744676e-14
211.72960826807292,44.962390017282836,5.567463666145269,0.2050257947397911,5.8661314864443295,-1.6841534259744676e-14
211.73651790515635,44.971328207880354,5.5673930982066,0.20607501750632615,5.866188086986427,-5.0524602779234026e-14
211.74343020280034,44.9802658165203,5.567322610936818,0.20712446111809535,5.866244220538142,0.0
211.75034516245637,44.98920284283319,5.567252204408369,0.20817412559245208,5.866299886876927,-1.6841534259744676e-14
211.7572627855768,44.998139286449245,5.567181878693691,0.2092240109466876,5.866355085780132,-3.368306851948935e-14
211.764183073615,45.00707514699845,5.567111633865229,0.21027411719803046,5.866409817025001,-1.6841534259744676e-14
211.771106028025,45.016010424110476,5.567041469995428,0.21132444436364264,5.866464080388675,-1.6841534259744676e-14
211.77803165026185,45.02494511741468,5.566971387156727,0.21237499246061953,5.866517875648189,-5.0524602779234026e-14
211.78495994178144,45.03387922654019,5.566901385421571,0.21342576150599266,5.8665712025804755,0.0
211.79189090404054,45.042812751115775,5.566831464862402,0.214476751516727,5.866624060962361,-1.6841534259744676e-14
211.79882453849683,45.051745690769955,5.566761625551664,0.21552796250972617,5.866676450570569,1.6841534259744676e-14
211.80576084660882,45.06067804513094,5.5666918675618,0.2165793945018222,5.866728371181717,-1.6841534259744676e-14
211.812699829836,45.06960981382668,5.5666221909652505,0.21763104750978557,5.866779822572315,-5.0524602779234026e-14
211.8196414896386,45.07854099648481,5.566552595834461,0.21868292155031946,5.866830804518778,-3.368306851948935e-14
211.82658582747789,45.08747159273269,5.566483082241871,0.21973501664006623,5.866881316797405,-5.0524602779234026e-14
211.83353284481586,45.09640160219735,5.566413650259926,0.22078733279558918,5.866931359184399,-3.368306851948935e-14
211.8404825431155,45.10533102450558,5.566344299961069,0.22183987003339833,5.866980931455847,-5.0524602779234026e-14
211.8474349238407,45.114259859283855,5.5662750314177405,0.22289262836993107,5.8670300333877465,-3.368306851948935e-14
211.85438998845612,45.12318810615836,5.566205844702386,0.22394560782156073,5.867078664755976,-1.6841534259744676e-14
211.8613477384274,45.132115764755,5.5661367398874475,0.22499880840459152,5.867126825336313,-3.368306851948935e-14
211.86830817522107,45.14104283469935,5.5660677170453665,0.22605223013526343,5.867174514904434,-3.368306851948935e-14
211.87527130030446,45.14996931561672,5.565998776248586,0.22710587302974775,5.867221733235907,-3.368306851948935e-14
211.88223711514593,45.158895207132154,5.565929917569552,0.22815973710415127,5.867268480106194,-1.6841534259744676e-14
211.88920562121453,45.16782050887034,5.5658611410807035,0.22921382237450794,5.867314755290652,-3.368306851948935e-14
211.89617681998038,45.176745220455736,5.565792446854485,0.23026812885679004,5.867360558564535,-1.6841534259744676e-14
211.90315071291442,45.18566934151249,5.565723834963339,0.23132265656690265,5.867405889702987,-5.0524602779234026e-14
211.91012730148847,45.194592871664405,5.565655305479708,0.23237740552067598,5.86745074848105,0.0
211.9171065871752,45.203515810535045,5.565586858476035,0.23343237573387984,5.867495134673661,-1.6841534259744676e-14
211.92408857144827,45.21243815774767,5.565518494024764,0.2344875672222113,5.867539048055644,-3.368306851948935e-14
211.93107325578217,45.22135991292526,5.565450212198335,0.23554298000130713,5.86758248840173,-3.368306851948935e-14
211.93806064165227,45.230281075690456,5.565382013069194,0.23659861408672755,5.867625455486527,-5.0524602779234026e-14
211.94505073053486,45.23920164566564,5.565313896709783,0.23765446949396726,5.867667949084559,0.0
211.95204352390712,45.24812162247289,5.565245863192543,0.23871054623845334,5.867709968970221,-5.0524602779234026e-14
211.95903902324704,45.257041005733974,5.5651779125899195,0.23976684433554007,5.867751514917819,-5.0524602779234026e-14
211.9660372300337,45.265959795070394,5.565110044974353,0.24082336380052216,5.867792586701543,-1.6841534259744676e-14
211.97303814574684,45.274877990103334,5.565042260418286,0.24188010464861498,5.8678331840954865,-1.6841534259744676e-14
211.98004177186723,45.283795590453714,5.564974558994165,0.24293706689497463,5.867873306873624,0.0
211.98704810987653,45.292712595742074,5.56490694077443,0.2439942505546786,5.867912954809832,-3.368306851948935e-14
211.99405716125727,45.301629005588765,5.564839405831523,0.2450516556427429,5.867952127677881,-1.6841534259744676e-14
212.00106892749284,45.310544819613774,5.564771954237889,0.24610928217410644,5.867990825251429,-5.0524602779234026e-14
212.0080834100676,45.319460037436826,5.564704586065969,0.24716713016364666,5.868029047304038,-3.368306851948935e-14
212.01510061046673,45.328374658677326,5.564637301388206,0.24822519962616973,5.86806679360915,-3.368306851948935e-14
212.02212053017635,45.33728868295437,5.564570100277045,0.24928349057640276,5.868104063940111,-1.6841534259744676e-14
212.02914317068348,45.34620210988678,5.564502982804928,0.2503420030290153,5.868140858070154,0.0
212.03616853347603,45.35511493909308,5.564435949044295,0.25140073699859844,5.868177175772412,-3.368306851948935e-14
212.04319662004278,45.3640271701915,5.564368999067592,0.25245969249967737,5.868213016819903,-1.6841534259744676e-14
212.05022743187342,45.372938802799936,5.564302132947261,0.2535188695467041,5.868248380985544,-1.6841534259744676e-14
212.05726097045863,45.381849836536034,5.564235350755744,0.2545782681540645,5.868283268042141,-3.368306851948935e-14
212.06429723728982,45.39076027101711,5.564168652565484,0.2556378883360668,5.868317677762395,-1.6841534259744676e-14
212.0713362338594,45.39967010586018,5.564102038448925,0.25669773010694885,5.868351609918902,-1.6841534259744676e-14
212.07837796166072,45.408579340681996,5.56403550847851,0.25775779348088945,5.868385064284146,0.0
212.08542242218792,45.417487975098936,5.563969062726679,0.2588180784719807,5.86841804063051,-3.368306851948935e-14
212.09246961693617,45.42639600872719,5.563902701265877,0.25987858509425465,5.8684505387302615,-3.368306851948935e-14
212.09951954740137,45.43530344118251,5.5638364241685485,0.26093931336166065,5.868482558355566,-5.0524602779234026e-14
212.1065722150805,45.44421027208048,5.563770231507132,0.26200026328808956,5.8685140992784826,-1.6841534259744676e-14
212.11362762147135,45.45311650103631,5.563704123354072,0.2630614348873528,5.868545161270963,1.6841534259744676e-14
212.12068576807263,45.462022127664895,5.563638099781813,0.26412282817318955,5.8685757441048425,-3.368306851948935e-14
212.12774665638392,45.47092715158089,5.563572160862798,0.2651844431592687,5.868605847551861,-1.6841534259744676e-14
212.13481028790576,45.47983157239862,5.563506306669468,0.26624627985918936,5.868635471383643,0.0
212.14187666413957,45.488735389732085,5.563440537274266,0.2673083382864716,5.868664615371708,-3.368306851948935e-14
212.14894578658763,45.497638603195,5.563374852749636,0.26837061845457155,5.868693279287467,-1.6841534259744676e-14
212.15601765675325,45.50654121240079,5.563309253168019,0.26943312037686673,5.868721462902222,-1.6841534259744676e-14
212.16309227614047,45.51544321696257,5.563243738601859,0.27049584406666427,5.868749165987174,-5.0524602779234026e-14
212.1701696462544,45.52434461649315,5.5631783091236,0.2715587895371965,5.868776388313401,-5.0524602779234026e-14
212.17724976860094,45.53324541060504,5.563112964805683,0.27262195680162526,5.868803129651889,-1.6841534259744676e-14
212.184332644687,45.54214559891044,5.5630477057205505,0.27368534587303817,5.8688293897735075,-1.6841534259744676e-14
212.19141827602024,45.55104518102123,5.562982531940645,0.2747489567644483,5.868855168449019,-5.0524602779234026e-14
212.19850666410943,45.559944156549044,5.562917443538413,0.27581278948879806,5.868880465449075,-3.368306851948935e-14
212.2055978104641,45.56884252510517,5.562852440586296,0.27687684405895063,5.868905280544222,0.0
212.2126917165947,45.57774028630058,5.562787523156732,0.2779411204877049,5.868929613504902,-1.6841534259744676e-14
212.21978838401265,45.58663743974597,5.562722691322169,0.2790056187877721,5.868953464101441,-3.368306851948935e-14
212.22688781423028,45.595533985051716,5.562657945155049,0.28007033897180644,5.868976832104058,-3.368306851948935e-14
212.23399000876077,45.6044299218279,5.562593284727813,0.2811352810523726,5.868999717282868,-1.6841534259744676e-14
212.24109496911825,45.61332524968429,5.562528710112906,0.28220044504196906,5.869022119407873,-3.368306851948935e-14
212.24820269681774,45.62221996823035,5.5624642213827675,0.2832658309530185,5.869044038248967,-1.6841534259744676e-14
212.25531319337523,45.63111407707524,5.562399818609843,0.2843314387978688,5.869065473575937,0.0
212.2624264603075,45.640007575827795,5.562335501866577,0.2853972685887871,5.869086425158456,-6.73661370389787e-14
212.26954249913237,45.6489004640966,5.562271271225409,0.2864633203379796,5.869106892766095,-1.6841534259744676e-14
212.2766613113685,45.65779274148987,5.562207126758784,0.28752959405756107,5.8691268761683135,-1.6841534259744676e-14
212.28378289853555,45.66668440761554,5.562143068539142,0.28859608975958473,5.869146375134457,-1.6841534259744676e-14
212.29090726215395,45.67557546208128,5.562079096638929,0.2896628074560199,5.869165389433768,-1.6841534259744676e-14
212.2980344037451,45.684465904494346,5.562015211130586,0.29072974715876043,5.869183918835379,-1.6841534259744676e-14
212.30516432483142,45.693355734461775,5.561951412086555,0.2917969088796295,5.869201963108312,-3.368306851948935e-14
212.31229702693614,45.70224495159029,5.561887699579282,0.2928642926303726,5.86921952202148,-1.6841534259744676e-14
212.31943251158341,45.71113355548628,5.5618240736812075,0.29393189842265666,5.869236595343681,0.0
212.3265707802983,45.72002154575583,5.561760534464775,0.2949997262680739,5.869253182843611,-3.368306851948935e-14
212.33371183460682,45.72890892200472,5.561697082002427,0.2960677761781416,5.86926928428986,-1.6841534259744676e-14
212.3408556760359,45.73779568383842,5.561633716366606,0.2971360481642962,5.8692848994508955,-3.368306851948935e-14
212.34800230611333,45.74668183086211,5.561570437629755,0.29820454223790605,5.869300028095086,-1.6841534259744676e-14
212.35515172636792,45.75556736268062,5.561507245864317,0.29927325841025243,5.869314669990684,-6.73661370389787e-14
212.3623039383293,45.764452278898524,5.5614441411427356,0.3003421966925479,5.869328824905837,-1.6841534259744676e-14
212.3694589435281,45.77333657912005,5.561381123537452,0.3014113570959236,5.869342492608579,-3.368306851948935e-14
212.37661674349576,45.78222026294911,5.56131819312091,0.3024807396314353,5.8693556728668375,-1.6841534259744676e-14
212.38377733976472,45.791103329989305,5.561255349965553,0.3035503443100569,5.869368365448425,-6.73661370389787e-14
212.39094073386838,45.79998577984398,5.561192594143821,0.3046201711426928,5.8693805701210495,-3.368306851948935e-14
212.398106927341,45.808867612116096,5.561129925728162,0.3056902201401639,5.869392286652304,-1.6841534259744676e-14
212.40527592171767,45.81774882640836,5.561067344791015,0.3067604913132125,5.869403514809673,-1.6841534259744676e-14
212.41244771853462,45.82662942232313,5.561004851404823,0.3078309846725089,5.869414254360535,-1.6841534259744676e-14
212.41962231932882,45.83550939946247,5.560942445642029,0.3089017002286387,5.869424505072151,-5.0524602779234026e-14
212.42679972563826,45.84438875742813,5.560880127575077,0.3099726379921137,5.869434266711675,-3.368306851948935e-14
212.43397993900174,45.85326749582154,5.56081789727641,0.3110437979733609,5.869443539046151,-1.6841534259744676e-14
212.44116296095916,45.862145614243836,5.560755754818467,0.31211518018274,5.869452321842516,-3.368306851948935e-14
212.44834879305117,45.87102311229583,5.5606937002736965,0.31318678463052185,5.869460614867587,-3.368306851948935e-14
212.4555374368194,45.87989998957801,5.560631733714536,0.3142586113269006,5.869468417888076,-3.368306851948935e-14
212.4627288938065,45.88877624569057,5.5605698552134335,0.31533066028199364,5.869475730670587,0.0
212.46992316555594,45.897651880233376,5.560508064842828,0.31640293150583876,5.86948255298161,-3.368306851948935e-14
212.47712025361207,45.906526892806,5.560446362675162,0.31747542500838866,5.869488884587524,-3.368306851948935e-14
212.48432015952034,45.91540128300768,5.560384748782881,0.3185481407995294,5.8694947252545955,-3.368306851948935e-14
212.49152288482694,45.924275050437345,5.560323223238427,0.31962107888905056,5.869500074748982,-3.368306851948935e-14
212.49872843107912,45.93314819469363,5.560261786114241,0.32069423928667584,5.8695049328367315,-3.368306851948935e-14
212.505936799825,45.94202071537482,5.560200437482768,0.32176762200204356,5.86950929928378,-5.0524602779234026e-14
212.5131479926136,45.9508926120789,5.56013917741645,0.3228412270447061,5.869513173855948,-1.6841534259744676e-14
212.52036201099497,45.95976388440356,5.560078005987731,0.32391505442415003,5.869516556318951,-3.368306851948935e-14
212.52757885651994,45.96863453194616,5.560016923269052,0.3249891041497657,5.8695194464383915,0.0
212.53479853074043,45.977504554303714,5.559955929332856,0.32606337623087334,5.869521843979756,-3.368306851948935e-14
212.54202103520913,45.98637395107297,5.559895024251588,0.3271378706767041,5.869523748708427,-3.368306851948935e-14
212.54924637147982,45.995242721850346,5.559834208097687,0.3282125874964199,5.869525160389671,0.0
212.55647454110712,46.00411086623192,5.5597734809436,0.32928752669909,5.869526078788638,0.0
212.5637055456465,46.01297838381348,5.559712842861767,0.3303626882937054,5.869526503670377,-3.368306851948935e-14
212.57093938665457,46.021845274190476,5.559652293924631,0.33143807228917943,5.869526434799823,0.0
212.5781760656887,46.03071153695805,5.559591834204636,0.33251367869434256,5.869525871941793,-1.6841534259744676e-14
212.5854155843072,46.039577171711045,5.559531463774225,0.3335895075179389,5.869524814860993,0.0
212.59265794406946,46.04844217804395,5.559471182705837,0.33466555876863624,5.869523263322025,-3.368306851948935e-14
212.59990314653564,46.05730655555097,5.559410991071922,0.3357418324550163,5.869521217089367,0.0
212.60715119326693,46.06617030382598,5.559350888944916,0.336818328585585,5.869518675927399,-5.0524602779234026e-14
212.61440208582536,46.07503342246251,5.559290876397266,0.33789504716875607,5.869515639600377,-3.368306851948935e-14
