galstreams/tracks/track.st.C-20.ibata2024.ecsv
# %ECSV 1.0
# ---
# datatype:
# - {name: ra, unit: deg, datatype: float64}
# - {name: dec, unit: deg, datatype: float64}
# - {name: distance, unit: kpc, datatype: float64}
# - {name: pm_ra_cosdec, unit: mas / yr, datatype: float64}
# - {name: pm_dec, unit: mas / yr, datatype: float64}
# - {name: radial_velocity, unit: km / s, datatype: float64}
# delimiter: ','
# meta: !!omap
# - __serialized_columns__:
#     dec:
#       __class__: astropy.coordinates.angles.Latitude
#       unit: &id001 !astropy.units.Unit {unit: deg}
#       value: !astropy.table.SerializedColumn {name: dec}
#     distance:
#       __class__: astropy.coordinates.distances.Distance
#       unit: !astropy.units.Unit {unit: kpc}
#       value: !astropy.table.SerializedColumn {name: distance}
#     pm_dec:
#       __class__: astropy.units.quantity.Quantity
#       unit: !astropy.units.Unit {unit: mas / yr}
#       value: !astropy.table.SerializedColumn {name: pm_dec}
#     pm_ra_cosdec:
#       __class__: astropy.units.quantity.Quantity
#       unit: !astropy.units.Unit {unit: mas / yr}
#       value: !astropy.table.SerializedColumn {name: pm_ra_cosdec}
#     ra:
#       __class__: astropy.coordinates.angles.Longitude
#       unit: *id001
#       value: !astropy.table.SerializedColumn {name: ra}
#       wrap_angle: !astropy.coordinates.Angle
#         unit: *id001
#         value: 360.0
#     radial_velocity:
#       __class__: astropy.units.quantity.Quantity
#       unit: !astropy.units.Unit {unit: km / s}
#       value: !astropy.table.SerializedColumn {name: radial_velocity}
# schema: astropy-2.0
ra,dec,distance,pm_ra_cosdec,pm_dec,radial_velocity
[from data line 1004]
358.7696862478264,10.388705319035093,0.9999999999999997,-0.692139400630028,1.5022357405002227,-117.94106397084234
358.7750793034755,10.38022248655951,0.9999999999999997,-0.691818735525607,1.5018826655374546,-117.92949468391383
358.7804715972041,10.371739271682317,0.9999999999999997,-0.6914985945593596,1.50152981369172,-117.91786844760466
358.78586312768454,10.363255673505332,0.9999999999999997,-0.6911789776155728,1.501177185628904,-117.90618588864261
358.7912538935891,10.354771691130416,0.9999999999999999,-0.6908598845785253,1.500824782014857,-117.89444763375595
358.7966438935901,10.34628732365949,0.9999999999999997,-0.6905413153324658,1.5004726035153757,-117.88265430967245
358.8020331263598,10.337802570194517,0.9999999999999997,-0.6902232697615648,1.5001206507962186,-117.87080654312021
358.8074215905705,10.329317429837513,0.9999999999999997,-0.6899057477499855,1.499768924523091,-117.8589049608272
358.81280928489474,10.320831901690532,0.9999999999999996,-0.689588749181794,1.4994174253616581,-117.8469501895215
358.8181962080048,10.3123459848557,0.9999999999999998,-0.6892722739411121,1.4990661539775423,-117.83494285593105
358.8235823585731,10.303859678435163,0.9999999999999997,-0.6889563219119009,1.4987151110363128,-117.82288358678382
358.8289677352723,10.29537298153114,0.9999999999999997,-0.6886408929781317,1.4983642972034987,-117.81077300880781
358.83435233677454,10.286885893245882,0.9999999999999998,-0.6883259870237903,1.4980137131445836,-117.79861174873108
358.8397361617526,10.278398412681696,0.9999999999999998,-0.6880116039327231,1.4976633595250073,-117.78640043328163
358.845119208879,10.269910538940934,0.9999999999999998,-0.6876977435887653,1.4973132370101623,-117.77413968918742
358.8505014768262,10.261422271125992,0.9999999999999998,-0.6873844058757669,1.4969633462653924,-117.76183014317643
358.85588296426687,10.252933608339324,0.9999999999999998,-0.6870715906774583,1.496613687956002,-117.74947242197675
358.86126366987355,10.244444549683418,0.9999999999999996,-0.6867592978775624,1.496264262747248,-117.73706715231624
358.86664359231895,10.235955094260815,0.9999999999999996,-0.6864475273597708,1.4959150713043434,-117.72461496092302
358.8720227302758,10.227465241174103,0.9999999999999997,-0.6861362790077005,1.4955661142924508,-117.71211647452509
358.87740108241667,10.218974989525917,0.9999999999999997,-0.6858255527049602,1.4952173923766918,-117.6995723198504
358.88277864741434,10.210484338418935,0.9999999999999997,-0.6855153483351073,1.4948689062221447,-117.68698312362689
358.8881554239415,10.201993286955881,0.9999999999999997,-0.6852056657816674,1.4945206564938376,-117.67434951258271
358.893531410671,10.193501834239527,0.9999999999999998,-0.6848965049280934,1.4941726438567557,-117.66167211344573
358.8989066062756,10.185009979372692,0.9999999999999999,-0.6845878656578063,1.4938248689758389,-117.64895155294397
358.9042810094281,10.176517721458238,0.9999999999999998,-0.6842797478542417,1.493477332515984,-117.63618845780557
358.9096546188014,10.168025059599067,0.9999999999999998,-0.6839721514006958,1.4931300351420362,-117.62338345475831
358.91502743306836,10.159531992898131,0.9999999999999998,-0.6836650761805004,1.4927829775188002,-117.61053717053039
358.9203994509018,10.151038520458432,0.9999999999999996,-0.6833585220769346,1.4924361603110348,-117.59765023184966
358.9257706709747,10.142544641383006,0.9999999999999998,-0.6830524889732263,1.4920895841834532,-117.58472326544423
358.93114109196006,10.134050354774939,0.9999999999999998,-0.6827469767525521,1.4917432498007241,-117.57175689804203
358.9365107125307,10.125555659737358,0.9999999999999997,-0.6824419852980581,1.4913971578274663,-117.558751756371
358.9418795313597,10.117060555373438,0.9999999999999997,-0.6821375144928816,1.4910513089282627,-117.54570846715932
358.94724754712007,10.108565040786393,0.9999999999999998,-0.6818335642200443,1.490705703767639,-117.53262765713485
358.9526147584848,10.100069115079485,0.9999999999999997,-0.6815301343626257,1.4903603430100847,-117.51950995302565
358.95798116412703,10.091572777356012,0.9999999999999999,-0.681227224803565,1.490015227320042,-117.50635598155971
358.9633467627198,10.08307602671932,0.9999999999999997,-0.6809248354258391,1.4896703573619035,-117.49316636946494
358.9687115529362,10.0745788622728,0.9999999999999997,-0.6806229661123714,1.4893257338000208,-117.47994174346955
358.97407553344937,10.066081283119878,0.9999999999999997,-0.6803216167460142,1.4889813572986994,-117.46668273030133
358.97943870293244,10.057583288364029,0.9999999999999998,-0.6800207872096107,1.4886372285221983,-117.45338995668837
358.9848010600586,10.049084877108765,0.9999999999999997,-0.6797204773859551,1.4882933481347336,-117.44006404935864
358.990162603501,10.040586048457644,0.9999999999999997,-0.6794206871577876,1.4879497168004718,-117.42670563504021
358.995523331933,10.032086801514259,0.9999999999999998,-0.679121416407821,1.4876063351835351,-117.41331534046097
359.0008832440277,10.02358713538226,0.9999999999999997,-0.6788226650187603,1.4872632039480083,-117.39989379234902
359.0062423384584,10.015087049165315,0.9999999999999998,-0.678524432873238,1.4869203237579174,-117.3864416174323
359.01160061389834,10.006586541967144,0.9999999999999998,-0.6782267198538354,1.4865776952772496,-117.37295944243886
359.01695806902086,9.998085612891519,0.9999999999999997,-0.6779295258431266,1.4862353191699524,-117.35944789409659
359.02231470249933,9.989584261042234,0.9999999999999999,-0.6776328507236351,1.485893196099921,-117.34590759913368
359.027670513007,9.981082485523135,0.9999999999999998,-0.6773366943778549,1.4855513267310028,-117.33233918427794
359.0330254992174,9.972580285438104,0.9999999999999997,-0.6770410566882094,1.4852097117270109,-117.31874327625748
359.0383796598037,9.96407765989106,0.9999999999999998,-0.6767459375371554,1.4848683517516976,-117.30512050180026
359.04373299343945,9.955574607985968,0.9999999999999998,-0.6764513368070364,1.4845272474687845,-117.29147148763433
359.04908549879804,9.94707112882683,0.9999999999999997,-0.676157254380189,1.484186399541942,-117.27779686048756
359.0544371745529,9.938567221517676,0.9999999999999998,-0.6758636901389192,1.4838458086347868,-117.26409724708807
359.0597880193775,9.930062885162597,0.9999999999999999,-0.6755706439654842,1.4835054754109072,-117.25037327416389
359.06513803194537,9.921558118865708,0.9999999999999999,-0.6752781157421122,1.4831654005338328,-117.23662556844295
359.0704872109299,9.913052921731161,0.9999999999999999,-0.6749861053510031,1.4828255846670535,-117.22285475665319
359.0758355550048,9.904547292863157,0.9999999999999997,-0.6746946126742847,1.4824860284740091,-117.20906146552271
359.08118306284354,9.896041231365922,0.9999999999999997,-0.6744036375940783,1.4821467326181033,-117.19524632177949
359.08652973311956,9.887534736343726,0.9999999999999999,-0.674113179992476,1.4818076977626804,-117.18140995215153
359.0918755645066,9.879027806900886,0.9999999999999998,-0.6738232397515215,1.4814689245710566,-117.16755298336679
359.09722055567823,9.870520442141741,0.9999999999999998,-0.6735338167531856,1.4811304137064871,-117.1536760421533
359.102564705308,9.862012641170672,0.9999999999999998,-0.6732449108794767,1.4807921658321912,-117.13977975523908
359.10790801206963,9.853504403092101,0.9999999999999998,-0.672956522012309,1.480454181611337,-117.1258647493521
359.11325047463674,9.84499572701049,0.9999999999999997,-0.6726686500335919,1.4801164617070564,-117.11193165122035
359.11859209168307,9.836486612030326,0.9999999999999998,-0.6723812948251615,1.4797790067824215,-117.09798108757187
359.12393286188217,9.827977057256138,0.9999999999999997,-0.6720944562688924,1.4794418175004709,-117.08401368513464
359.12927278390794,9.819467061792496,0.9999999999999997,-0.6718081342465012,1.4791048945241991,-117.07003007063665
359.1346118564339,9.810956624743994,0.9999999999999997,-0.6715223286398274,1.4787682385165404,-117.0560308708059
359.139950078134,9.802445745215278,0.9999999999999998,-0.6712370393305094,1.4784318501404012,-117.0420167123704
359.14528744768194,9.79393442231102,0.9999999999999996,-0.6709522662002889,1.4780957300586341,-117.02798822205818
359.1506239637514,9.785422655135921,0.9999999999999997,-0.6706680091307925,1.4777598789340436,-117.01394602659718
359.1559596250163,9.776910442794728,0.9999999999999998,-0.6703842680036622,1.4774242974293945,-116.99989075271543
359.1612944301504,9.768397784392219,0.9999999999999997,-0.6701010427004265,1.4770889862074048,-116.9858230271409
359.1666283778276,9.75988467903321,0.9999999999999998,-0.6698183331026721,1.4767539459307502,-116.97174347660165
359.1719614667216,9.75137112582254,0.9999999999999996,-0.6695361390918946,1.4764191772620507,-116.95765272782563
359.1772936955065,9.742857123865099,0.9999999999999998,-0.6692544605495594,1.4760846808638917,-116.9435514075409
359.18262506285595,9.734342672265797,0.9999999999999998,-0.6689732973571292,1.4757504573988078,-116.92944014247539
359.1879555674439,9.725827770129586,0.9999999999999998,-0.6686926493960162,1.4754165075292929,-116.91531955935712
359.19328520794437,9.717312416561445,0.9999999999999997,-0.6684125165475627,1.4750828319177893,-116.90119028491412
359.1986139830313,9.708796610666385,0.9999999999999998,-0.6681328986931263,1.4747494312266975,-116.88705294587432
359.20394189137846,9.700280351549472,0.9999999999999997,-0.667853795714015,1.4744163061183757,-116.87290816896582
359.20926893165995,9.691763638315772,0.9999999999999996,-0.6675752074915124,1.4740834572551305,-116.85875658091653
359.2145951025497,9.683246470070408,0.9999999999999997,-0.6672971339068283,1.4737508852992258,-116.84459880845453
359.2199204027217,9.674728845918521,0.9999999999999996,-0.6670195748411918,1.4734185909128827,-116.83043547830775
359.22524483085,9.666210764965296,0.9999999999999997,-0.666742530175759,1.4730865747582698,-116.81626721720423
359.2305683856086,9.657692226315945,0.9999999999999998,-0.6664659997916611,1.4727548374975243,-116.80209465187197
359.23589106567147,9.649173229075702,0.9999999999999997,-0.6661899835700454,1.4724233797927213,-116.78791840903891
359.24121286971274,9.640653772349852,0.9999999999999997,-0.6659144813919441,1.4720922023059027,-116.77373911543313
359.2465337964065,9.632133855243701,0.9999999999999997,-0.6656394931384085,1.4717613056990615,-116.75955739778256
359.2518538444267,9.623613476862582,0.9999999999999997,-0.6653650186904393,1.4714306906341434,-116.74537388281531
359.25717301244754,9.615092636311864,0.9999999999999997,-0.6650910579290109,1.4711003577730493,-116.73118919725921
359.26249129914305,9.60657133269695,0.9999999999999996,-0.6648176107350945,1.4707703077776384,-116.71700396784244
359.2678087031874,9.598049565123269,0.9999999999999996,-0.6645446769895673,1.470440541309722,-116.70281882129287
359.27312522325474,9.589527332696276,0.9999999999999996,-0.6642722565733246,1.4701110590310624,-116.68863438433861
359.27844085801917,9.581004634521472,0.9999999999999996,-0.6640003493671914,1.4697818616033858,-116.67445128370755
359.2837556061549,9.572481469704368,0.9999999999999997,-0.6637289552519883,1.469452949688364,-116.66027014612771
359.28906946633606,9.563957837350518,0.9999999999999996,-0.6634580741085097,1.4691243239476295,-116.64609159832719
359.2943824372368,9.555433736565504,0.9999999999999997,-0.6631877058175011,1.4687959850427674,-116.63191626703387
359.29969451753135,9.546909166454931,0.9999999999999997,-0.6629178502596609,1.4684679336353175,-116.61774477897579
359.30500570589396,9.538384126124441,0.9999999999999996,-0.6626485073157037,1.468140170386774,-116.60357776088095
359.3103160009988,9.529858614679696,0.9999999999999996,-0.662379676866254,1.467812695958587,-116.58941583947737
359.3156254015201,9.521332631226395,0.9999999999999997,-0.6621113587919744,1.4674855110121596,-116.57525964149306
359.32093390613215,9.512806174870263,0.9999999999999997,-0.6618435529734364,1.467158616208852,-116.56110979365596
359.32624151350916,9.504279244717054,0.9999999999999999,-0.6615762592911856,1.4668320122099807,-116.54696692269415
359.3315482223254,9.495751839872543,0.9999999999999998,-0.6613094776257853,1.4665056996768078,-116.53283165533553
359.3368540312552,9.487223959442543,0.9999999999999997,-0.6610432078577075,1.4661796792705641,-116.51870461830818
359.3421589389728,9.478695602532886,0.9999999999999997,-0.660777449867441,1.4658539516524223,-116.5045864383401
359.34746294415254,9.470166768249443,0.9999999999999996,-0.6605122035354065,1.4655285174835213,-116.49047774215923
359.3527660454687,9.461637455698094,0.9999999999999998,-0.6602474687420189,1.465203377424941,-116.47637915649362
359.35806824159556,9.453107663984767,0.9999999999999997,-0.6599832453676698,1.4648785321377313,-116.46229130807124
359.3633695312075,9.444577392215395,0.9999999999999996,-0.6597195332927024,1.4645539822828906,-116.44821482362012
359.36866991297893,9.436046639495958,0.9999999999999997,-0.6594563323974321,1.4642297285213632,-116.43415032986823
359.37396938558413,9.427515404932448,0.9999999999999998,-0.6591936425621299,1.4639057715140633,-116.42009845354364
359.3792679476975,9.418983687630897,0.9999999999999996,-0.6589314636670618,1.4635821119218537,-116.40605982137426
359.3845655979933,9.410451486697344,0.9999999999999997,-0.6586697955924895,1.463258750405548,-116.39203506008816
359.38986233514606,9.401918801237864,0.9999999999999996,-0.6584086382185625,1.462935687625917,-116.37802479641323
359.3951581578301,9.393385630358566,0.9999999999999997,-0.6581479914254711,1.4626129242436927,-116.36402965707764
359.4004530647198,9.384851973165569,0.9999999999999998,-0.6578878550933787,1.4622904609195535,-116.35005026880921
359.4057470544896,9.376317828765028,0.9999999999999998,-0.6576282291023596,1.4619682983141384,-116.33608725833608
359.41104012581394,9.367783196263117,0.9999999999999996,-0.6573691133325046,1.4616464370880364,-116.32214125238617
359.41633227736725,9.359248074766036,0.9999999999999996,-0.6571105076638812,1.4613248779017938,-116.30821287768751
359.42162350782394,9.350712463380013,0.9999999999999997,-0.6568524119764856,1.4610036214159146,-116.29430276096808
359.4269138158584,9.342176361211294,0.9999999999999994,-0.6565948261503574,1.4606826682908545,-116.28041152895591
359.43220320014524,9.333639767366147,0.9999999999999997,-0.6563377500654213,1.4603620191870226,-116.26653980837901
359.43749165935884,9.325102680950883,0.9999999999999996,-0.6560811836016217,1.4600416747647902,-116.25268822596534
359.44277919217353,9.316565101071811,0.9999999999999997,-0.6558251266388991,1.4597216356844709,-116.23885740844291
359.448065797264,9.308027026835282,0.9999999999999996,-0.6555695790570829,1.4594019026063498,-116.2250479825397
359.4533514733046,9.299488457347659,0.9999999999999996,-0.6553145407360854,1.4590824761906513,-116.2112605749838
359.4586362189699,9.290949391715332,0.9999999999999996,-0.6550600115556856,1.4587633570975638,-116.19749581250304
359.46392003293437,9.282409829044717,0.9999999999999996,-0.6548059913957028,1.4584445459872288,-116.18375432182563
359.46920291387255,9.273869768442252,0.9999999999999997,-0.6545524801358881,1.4581260435197425,-116.17003672967944
359.4744848604588,9.265329209014391,0.9999999999999996,-0.6542994776560116,1.4578078503551568,-116.15634366279247
359.4797658713679,9.25678814986761,0.9999999999999997,-0.654046983835753,1.4574899671534758,-116.14267574789275
359.48504594527407,9.248246590108423,0.9999999999999996,-0.6537949985548324,1.4571723945746617,-116.12903361170828
359.4903250808521,9.239704528843346,0.9999999999999996,-0.6535435216929014,1.456855133278633,-116.11541788096706
359.49560327677636,9.231161965178925,0.9999999999999996,-0.6532925531295668,1.4565381839252574,-116.10182918239708
359.5008805317215,9.222618898221727,0.9999999999999997,-0.6530420927444537,1.4562215471743638,-116.08826814272635
359.50615684436207,9.214075327078344,0.9999999999999997,-0.65279214041714,1.455905223685733,-116.07473538868283
