galstreams/tracks/track.st.OmegaCen-Fimbulthul.ibata2021.ecsv
# %ECSV 1.0
# ---
# datatype:
# - {name: ra, unit: deg, datatype: float64}
# - {name: dec, unit: deg, datatype: float64}
# - {name: distance, unit: kpc, datatype: float64}
# - {name: pm_ra_cosdec, unit: mas / yr, datatype: float64}
# - {name: pm_dec, unit: mas / yr, datatype: float64}
# - {name: radial_velocity, unit: km / s, datatype: float64}
# delimiter: ','
# meta: !!omap
# - __serialized_columns__:
#     dec:
#       __class__: astropy.coordinates.angles.Latitude
#       unit: &id001 !astropy.units.Unit {unit: deg}
#       value: !astropy.table.SerializedColumn {name: dec}
#     distance:
#       __class__: astropy.coordinates.distances.Distance
#       unit: !astropy.units.Unit {unit: kpc}
#       value: !astropy.table.SerializedColumn {name: distance}
#     pm_dec:
#       __class__: astropy.units.quantity.Quantity
#       unit: !astropy.units.Unit {unit: mas / yr}
#       value: !astropy.table.SerializedColumn {name: pm_dec}
#     pm_ra_cosdec:
#       __class__: astropy.units.quantity.Quantity
#       unit: !astropy.units.Unit {unit: mas / yr}
#       value: !astropy.table.SerializedColumn {name: pm_ra_cosdec}
#     ra:
#       __class__: astropy.coordinates.angles.Longitude
#       unit: *id001
#       value: !astropy.table.SerializedColumn {name: ra}
#       wrap_angle: !astropy.coordinates.Angle
#         unit: *id001
#         value: 360.0
#     radial_velocity:
#       __class__: astropy.units.quantity.Quantity
#       unit: !astropy.units.Unit {unit: km / s}
#       value: !astropy.table.SerializedColumn {name: radial_velocity}
# schema: astropy-2.0
ra,dec,distance,pm_ra_cosdec,pm_dec,radial_velocity
[from data line 1260]
192.8486210904067,-35.39722201074544,5.71972259836693,-3.7086421842333634,-6.3155328250870255,1.6841534259744676e-14
192.8525415428243,-35.38715729011158,5.719183244846507,-3.71114171334789,-6.316696054453477,3.368306851948935e-14
192.85647035753618,-35.377097691946695,5.7186426288950125,-3.713648160594878,-6.317861738591209,5.0524602779234026e-14
192.86040752742943,-35.36704321273774,5.718100751384407,-3.716161522460926,-6.319029876740166,3.368306851948935e-14
192.86435304539899,-35.356993848970404,5.7175576131866475,-3.7186817954312508,-6.3202004681425406,5.0524602779234026e-14
192.86830690434743,-35.34694959712934,5.717013215173699,-3.721208975989696,-6.321373512042765,1.6841534259744676e-14
192.872269097185,-35.336910453698,5.716467558217518,-3.723743060618737,-6.322549007687503,6.73661370389787e-14
192.8762396168297,-35.32687641515874,5.715920643190067,-3.7262840457994786,-6.323726954325632,3.368306851948935e-14
192.88021845620716,-35.316847477992624,5.715372470963306,-3.728831928011667,-6.324907351208241,1.6841534259744676e-14
192.8842056082507,-35.306823638679745,5.714823042409194,-3.7313867037336874,-6.326090197588601,1.6841534259744676e-14
192.88820106590111,-35.29680489369904,5.7142723583996915,-3.733948369442586,-6.327275492722174,6.73661370389787e-14
192.892204822107,-35.286791239528185,5.713720419806761,-3.736516921614047,-6.328463235866584,3.368306851948935e-14
192.89621686982443,-35.276782672643904,5.713167227502358,-3.7390923567224266,-6.329653426281618,3.368306851948935e-14
192.90023720201708,-35.26677918952174,5.712612782358447,-3.7416746712407374,-6.3308460632292,1.6841534259744676e-14
192.90426581165607,-35.2567807866362,5.712057085246987,-3.7442638616406616,-6.332041145973386,5.0524602779234026e-14
192.90830269172025,-35.246787460460496,5.711500137039939,-3.746859924392557,-6.33323867378036,3.368306851948935e-14
192.91234783519587,-35.23679920746699,5.710941938609261,-3.7494628559654557,-6.334438645918418,3.368306851948935e-14
192.91640123507662,-35.2268160241268,5.710382490826915,-3.7520726528270765,-6.3356410616579355,3.368306851948935e-14
192.92046288436373,-35.21683790691009,5.709821794564861,-3.754689311443829,-6.336845920271394,1.6841534259744676e-14
192.92453277606597,-35.206864852285776,5.709259850695059,-3.7573128282808024,-6.338053221033332,3.368306851948935e-14
192.9286109031994,-35.19689685672184,5.708696660089469,-3.7599431998018,-6.339262963220362,6.73661370389787e-14
192.9326972587876,-35.186933916685184,5.708132223620051,-3.7625804224693153,-6.340475146111139,1.6841534259744676e-14
192.93679183586144,-35.17697602864168,5.707566542158767,-3.765224492744556,-6.341689768986352,3.368306851948935e-14
192.9408946274594,-35.16702318905601,5.706999616577575,-3.767875407087438,-6.3429068311287296,3.368306851948935e-14
192.94500562662702,-35.15707539439195,5.706431447748437,-3.7705331619565947,-6.344126331823007,0.0
192.9491248264175,-35.14713264111221,5.70586203654331,-3.77319775380938,-6.345348270355917,1.6841534259744676e-14
192.9532522198911,-35.13719492567851,5.70529138383416,-3.775869179101878,-6.346572646016191,3.368306851948935e-14
192.9573878001156,-35.12726224455136,5.704719490492942,-3.7785474342888983,-6.347799458094546,1.6841534259744676e-14
192.96153156016598,-35.11733459419046,5.70414635739162,-3.7812325158239855,-6.349028705883651,3.368306851948935e-14
192.96568349312452,-35.107411971054404,5.70357198540215,-3.7839244201594346,-6.350260388678148,1.6841534259744676e-14
192.96984359208065,-35.09749437160086,5.702996375396495,-3.786623143746275,-6.351494505774607,6.73661370389787e-14
192.97401185013126,-35.08758179228629,5.702419528246615,-3.7893286830342916,-6.352731056471551,5.0524602779234026e-14
192.97818826038034,-35.07767422956635,5.7018414448244705,-3.792041034472015,-6.3539700400694095,0.0
192.982372815939,-35.06777167989567,5.70126212600202,-3.7947601945067486,-6.3552114558705295,1.6841534259744676e-14
192.9865655099256,-35.05787413972791,5.700681572651227,-3.7974861595845515,-6.3564553031791515,3.368306851948935e-14
192.99076633546588,-35.04798160551562,5.700099785644051,-3.800218926150247,-6.357701581301413,1.6841534259744676e-14
192.99497528569242,-35.03809407371053,5.699516765852447,-3.8029584906474425,-6.358950289545323,5.0524602779234026e-14
192.99919235374506,-35.028211540763394,5.698932514148382,-3.8057048495185164,-6.360201427220752,6.73661370389787e-14
193.0034175327708,-35.01833400312385,5.698347031403813,-3.8084579992046277,-6.361454993639425,5.0524602779234026e-14
193.0076508159237,-35.008461457240735,5.697760318490699,-3.8112179361457263,-6.362710988114917,1.6841534259744676e-14
193.01189219636493,-34.9985938995619,5.697172376281005,-3.813984656780551,-6.363969409962623,3.368306851948935e-14
193.01614166726262,-34.988731326534285,5.696583205646687,-3.816758157546643,-6.365230258499764,3.368306851948935e-14
193.0203992217921,-34.97887373460376,5.695992807459706,-3.819538434880334,-6.366493533045367,0.0
193.02466485313568,-34.96902112021541,5.695401182592021,-3.8223254852167687,-6.367759232920262,5.0524602779234026e-14
193.0289385544826,-34.959173479813316,5.694808331915596,-3.825119304989896,-6.369027357447057,1.6841534259744676e-14
193.03322031902917,-34.94933080984072,5.69421425630239,-3.8279198906324883,-6.37029790595013,3.368306851948935e-14
193.0375101399787,-34.939493106739796,5.69361895662436,-3.830727238576127,-6.371570877755648,5.0524602779234026e-14
193.04180801054142,-34.929660366951936,5.69302243375347,-3.833541345251219,-6.372846272191494,1.6841534259744676e-14
193.0461139239345,-34.91983258691761,5.692424688561678,-3.8363622070870043,-6.374124088587325,5.0524602779234026e-14
193.05042787338206,-34.91000976307642,5.691825721920945,-3.8391898205115558,-6.375404326274507,5.0524602779234026e-14
193.05474985211512,-34.90019189186693,5.69122553470323,-3.842024181951775,-6.376686984586136,3.368306851948935e-14
193.05907985337163,-34.89037896972698,5.690624127780497,-3.844865287833409,-6.37797206285701,5.0524602779234026e-14
193.0634178703963,-34.88057099309343,5.690021502024703,-3.8477131345810562,-6.3792595604236295,1.6841534259744676e-14
193.0677638964408,-34.8707679584024,5.689417658307809,-3.850567718618162,-6.380549476624175,1.6841534259744676e-14
193.07211792476372,-34.86096986208895,5.688812597501776,-3.8534290363670167,-6.381841810798508,1.6841534259744676e-14
193.07647994863024,-34.85117670058739,5.688206320478561,-3.8562970842487907,-6.383136562288154,0.0
193.08084996131257,-34.841388470331175,5.687598828110128,-3.8591718586835,-6.3844337304362835,1.6841534259744676e-14
193.08522795608957,-34.83160516775292,5.686990121268436,-3.8620533560900396,-6.385733314587719,0.0
193.089613926247,-34.82182678928429,5.686380200825446,-3.864941572886168,-6.38703531408891,3.368306851948935e-14
193.0940078650773,-34.812053331356196,5.685769067653116,-3.86783650548853,-6.388339728287928,5.0524602779234026e-14
193.0984097658796,-34.802284790398716,5.685156722623409,-3.870738150312646,-6.38964655653445,1.6841534259744676e-14
193.1028196219598,-34.79252116284114,5.684543166608282,-3.873646503772931,-6.3909557981797604,5.0524602779234026e-14
193.10723742663063,-34.78276244511175,5.6839284004797,-3.876561562282674,-6.392267452576723,3.368306851948935e-14
193.11166317321135,-34.77300863363821,5.683312425109616,-3.8794833222540714,-6.393581519079788,5.0524602779234026e-14
193.11609685502793,-34.76325972484733,5.682695241369998,-3.882411780098222,-6.394897997044961,1.6841534259744676e-14
193.12053846541306,-34.753515715164966,5.682076850132803,-3.8853469322251115,-6.396216885829812,0.0
193.124987997706,-34.74377660101637,5.681457252269989,-3.888288775043651,-6.3975381847934525,5.0524602779234026e-14
193.1294454452527,-34.734042378825876,5.680836448653518,-3.8912373049616544,-6.398861893296537,1.6841534259744676e-14
193.1339108014056,-34.72431304501712,5.680214440155351,-3.894192518385857,-6.400188010701227,5.0524602779234026e-14
193.13838405952393,-34.71458859601281,5.67959122764745,-3.897154411721905,-6.401516536371208,5.0524602779234026e-14
193.14286521297333,-34.70486902823499,5.67896681200177,-3.9001229813743787,-6.402847469671675,1.6841534259744676e-14
193.14735425512606,-34.69515433810491,5.678341194090276,-3.90309822374679,-6.404180809969299,1.6841534259744676e-14
193.15185117936082,-34.68544452204308,5.677714374784926,-3.9060801352415804,-6.40551655663224,1.6841534259744676e-14
193.15635597906314,-34.67573957646912,5.677086354957681,-3.9090687122601233,-6.406854709030136,0.0
193.16086864762468,-34.666039497802025,5.676457135480499,-3.9120639512027457,-6.408195266534078,8.420767129872338e-14
193.1653891784439,-34.65634428245998,5.675826717225343,-3.915065848468715,-6.409538228516604,5.0524602779234026e-14
193.16991756492547,-34.64665392686048,5.6751951010641735,-3.9180744004562484,-6.410883594351693,3.368306851948935e-14
193.1744538004808,-34.63696842742016,5.674562287868949,-3.921089603562517,-6.412231363414761,1.6841534259744676e-14
193.17899787852755,-34.627287780555,5.673928278511631,-3.92411145418366,-6.413581535082633,-1.6841534259744676e-14
193.18354979248986,-34.61761198268028,5.673293073864178,-3.9271399487147742,-6.414934108733547,1.6841534259744676e-14
193.1881095357983,-34.60794103021053,5.67265667479855,-3.930175083549921,-6.416289083747136,3.368306851948935e-14
193.19267710188987,-34.59827491955946,5.672019082186711,-3.933216855082139,-6.417646459504423,0.0
193.19725248420792,-34.5886136471402,5.671380296900618,-3.9362652597034384,-6.419006235387808,3.368306851948935e-14
193.20183567620217,-34.57895720936511,5.670740319812232,-3.9393202938048155,-6.420368410781057,3.368306851948935e-14
193.20642667132856,-34.56930560264591,5.670099151793513,-3.942381953776251,-6.4217329850692835,5.0524602779234026e-14
193.2110254630497,-34.55965882339346,5.669456793716421,-3.9454502360067054,-6.423099957638969,1.6841534259744676e-14
193.21563204483422,-34.55001686801809,5.668813246452918,-3.948525136884138,-6.4244693278779055,-1.6841534259744676e-14
193.22024641015713,-34.540379732929395,5.6681685108749615,-3.9516066527955105,-6.425841095175231,1.6841534259744676e-14
193.22486855249974,-34.5307474145363,5.6675225878545135,-3.954694780126778,-6.427215258921382,1.6841534259744676e-14
193.22949846534968,-34.521119909246956,5.666875478263536,-3.9577895152629052,-6.428591818508112,6.73661370389787e-14
193.2341361422008,-34.51149721346894,5.666227182973984,-3.960890854587861,-6.429970773328471,5.0524602779234026e-14
193.23878157655315,-34.50187932360919,5.6655777028578225,-3.963998794484638,-6.43135212277678,1.6841534259744676e-14
193.2434347619131,-34.492266236073846,5.66492703878701,-3.9671133313352365,-6.432735866248649,1.6841534259744676e-14
193.2480956917931,-34.4826579472685,5.6642751916335055,-3.9702344615206853,-6.434122003140946,3.368306851948935e-14
193.25276435971202,-34.473054453598095,5.663622162269272,-3.973362181421032,-6.435510532851794,1.6841534259744676e-14
193.25744075919457,-34.463455751466924,5.662967951566268,-3.9764964874153663,-6.436901454780558,1.6841534259744676e-14
193.26212488377195,-34.453861837278524,5.662312560396454,-3.979637375881797,-6.438294768327847,3.368306851948935e-14
193.26681672698132,-34.44427270743594,5.661655989631791,-3.982784843197484,-6.439690472895478,3.368306851948935e-14
193.27151628236606,-34.43468835834153,5.660998240144239,-3.985938885738619,-6.441088567886501,1.6841534259744676e-14
193.2762235434756,-34.42510878639708,5.660339312805754,-3.9890994998804583,-6.44248905270516,1.6841534259744676e-14
193.28093850386554,-34.41553398800362,5.659679208488303,-3.9922666819972834,-6.443891926756891,5.0524602779234026e-14
193.28566115709754,-34.40596395956166,5.659017928063843,-3.9954404284624445,-6.445297189448321,3.368306851948935e-14
193.29039149673937,-34.39639869747114,5.658355472404334,-3.9986207356483545,-6.446704840187249,3.368306851948935e-14
193.29512951636468,-34.38683819813137,5.6576918423817375,-4.00180759992648,-6.448114878382633,5.0524602779234026e-14
193.2998752095535,-34.377282457940936,5.657027038868012,-4.005001017667354,-6.449527303444598,0.0
193.30462856989155,-34.367731473298,5.656361062735118,-4.00820098524059,-6.450942114784407,1.6841534259744676e-14
193.30938959097074,-34.35818524060005,5.655693914855017,-4.011407499014866,-6.452359311814455,6.73661370389787e-14
193.3141582663889,-34.348643756244044,5.6550255960996685,-4.014620555357944,-6.453778893948263,3.368306851948935e-14
193.31893458974997,-34.33910701662623,5.654356107341034,-4.017840150636664,-6.455200860600471,-1.6841534259744676e-14
193.32371855466374,-34.32957501814246,5.653685449451072,-4.0210662812169575,-6.456625211186832,3.368306851948935e-14
193.3285101547459,-34.32004775718788,5.653013623301742,-4.024298943463844,-6.458051945124177,3.368306851948935e-14
193.33330938361823,-34.31052523015718,5.652340629765007,-4.027538133741442,-6.459481061830433,0.0
193.3381162349084,-34.301007433444376,5.651666469712826,-4.030783848412958,-6.4609125607246085,3.368306851948935e-14
193.34293070224987,-34.29149436344299,5.6509911440171585,-4.034036083840711,-6.4623464412267655,5.0524602779234026e-14
193.34775277928216,-34.281986016546036,5.650314653549963,-4.037294836386122,-6.463782702758041,1.6841534259744676e-14
193.35258245965045,-34.27248238914594,5.649636999183206,-4.040560102409728,-6.465221344740598,3.368306851948935e-14
193.357419737006,-34.262983477634556,5.648958181788841,-4.043831878271169,-6.466662366597655,5.0524602779234026e-14
193.3622646050059,-34.25348927840323,5.648278202238832,-4.0471101603292094,-6.468105767753453,1.6841534259744676e-14
193.36711705731287,-34.24399978784288,5.647597061405137,-4.050394944941746,-6.469551547633246,3.368306851948935e-14
193.3719770875957,-34.2345150023437,5.64691476015972,-4.053686228465779,-6.470999705663306,1.6841534259744676e-14
193.3768446895288,-34.22503491829551,5.646231299374536,-4.056984007257458,-6.4724502412708995,3.368306851948935e-14
193.38171985679247,-34.2155595320876,5.645546679921549,-4.060288277672058,-6.473903153884281,5.0524602779234026e-14
193.38660258307277,-34.20608884010878,5.644860902672718,-4.0635990360639935,-6.475358442932689,1.6841534259744676e-14
193.3914928620615,-34.196622838747196,5.644173968500003,-4.06691627878682,-6.4768161078463375,1.6841534259744676e-14
193.39639068745623,-34.187161524390675,5.6434858782753645,-4.0702400021932394,-6.478276148056389,8.420767129872338e-14
193.40129605296028,-34.17770489342647,5.642796632870763,-4.073570202635098,-6.479738562994966,5.0524602779234026e-14
193.40620895228255,-34.1682529422414,5.6421062331581595,-4.076906876463405,-6.481203352095134,1.6841534259744676e-14
193.41112937913786,-34.158805667221685,5.641414680009511,-4.080250020028317,-6.482670514790896,3.368306851948935e-14
193.4160573272466,-34.149363064753175,5.640721974296782,-4.0835996296791555,-6.484140050517164,5.0524602779234026e-14
193.42099279033482,-34.139925131221204,5.64002811689193,-4.086955701764407,-6.4856119587097805,1.6841534259744676e-14
193.42593576213423,-34.13049186301069,5.639333108666915,-4.090318232631726,-6.487086238805478,1.6841534259744676e-14
193.4308862363823,-34.12106325650596,5.6386369504937015,-4.093687218627938,-6.4885628902419015,3.368306851948935e-14
193.43584420682197,-34.111639308090986,5.637939643244244,-4.097062656099044,-6.490041912457569,5.0524602779234026e-14
193.44080966720193,-34.102220014149275,5.637241187790505,-4.100444541390226,-6.491523304891881,3.368306851948935e-14
193.44578261127637,-34.092805371063896,5.636541585004446,-4.103832870845856,-6.493007066985102,0.0
193.45076303280518,-34.08339537521738,5.635840835758025,-4.10722764080948,-6.494493198178363,3.368306851948935e-14
193.45575092555373,-34.0739900229919,5.635138940923204,-4.110628847623846,-6.495981697913639,3.368306851948935e-14
193.46074628329302,-34.064589310769186,5.634435901371942,-4.114036487630892,-6.497472565633737,1.6841534259744676e-14
