galstreams/tracks/track.st.LMS-1.ibata2024.ecsv
# %ECSV 1.0
# ---
# datatype:
# - {name: ra, unit: deg, datatype: float64}
# - {name: dec, unit: deg, datatype: float64}
# - {name: distance, unit: kpc, datatype: float64}
# - {name: pm_ra_cosdec, unit: mas / yr, datatype: float64}
# - {name: pm_dec, unit: mas / yr, datatype: float64}
# - {name: radial_velocity, unit: km / s, datatype: float64}
# delimiter: ','
# meta: !!omap
# - __serialized_columns__:
#     dec:
#       __class__: astropy.coordinates.angles.Latitude
#       unit: &id001 !astropy.units.Unit {unit: deg}
#       value: !astropy.table.SerializedColumn {name: dec}
#     distance:
#       __class__: astropy.coordinates.distances.Distance
#       unit: !astropy.units.Unit {unit: kpc}
#       value: !astropy.table.SerializedColumn {name: distance}
#     pm_dec:
#       __class__: astropy.units.quantity.Quantity
#       unit: !astropy.units.Unit {unit: mas / yr}
#       value: !astropy.table.SerializedColumn {name: pm_dec}
#     pm_ra_cosdec:
#       __class__: astropy.units.quantity.Quantity
#       unit: !astropy.units.Unit {unit: mas / yr}
#       value: !astropy.table.SerializedColumn {name: pm_ra_cosdec}
#     ra:
#       __class__: astropy.coordinates.angles.Longitude
#       unit: *id001
#       value: !astropy.table.SerializedColumn {name: ra}
#       wrap_angle: !astropy.coordinates.Angle
#         unit: *id001
#         value: 360.0
#     radial_velocity:
#       __class__: astropy.units.quantity.Quantity
#       unit: !astropy.units.Unit {unit: km / s}
#       value: !astropy.table.SerializedColumn {name: radial_velocity}
# schema: astropy-2.0
ra,dec,distance,pm_ra_cosdec,pm_dec,radial_velocity
[from data line 2401]
226.93755799223945,28.686924858551617,1.0000000000000002,0.2449163394547611,-1.5154964818866112,-83.23161260083683
226.94899860519448,28.687536971642718,1.0000000000000002,0.24556443842734765,-1.5158632472756457,-83.29188924068582
226.96043927887496,28.68814655351279,1.0,0.2462127641441043,-1.5162303279080636,-83.35217793964479
226.97188001258255,28.688753604892547,1.0000000000000002,0.24686131637197395,-1.5165977237369663,-83.41247868633445
226.98332080561906,28.68935812651286,1.0,0.24751009487788966,-1.5169654347153392,-83.47279146937544
226.99476165728677,28.689960119104715,1.0000000000000002,0.2481590994288725,-1.5173334607960802,-83.53311627738847
227.00620256688813,28.690559583399246,1.0000000000000002,0.24880832979195144,-1.5177018019319632,-83.59345309899425
227.0176435337261,28.6911565201277,1.0,0.2494577857342355,-1.5180704580756803,-83.65380192281343
227.02908455710372,28.691750930021467,1.0000000000000002,0.2501074670228345,-1.5184394291798027,-83.7141627374667
227.04052563632445,28.692342813812083,1.0000000000000004,0.2507573734249373,-1.518808715196803,-83.77453553157474
227.05196677069202,28.692932172231203,1.0000000000000002,0.25140750470773643,-1.5191783160790564,-83.8349202937583
227.0634079595105,28.693519006010618,1.0000000000000002,0.2520578606384971,-1.5195482317788205,-83.89531701263797
227.07484920208427,28.694103315882245,1.0000000000000002,0.25270844098452194,-1.519918462248265,-83.95572567683449
227.08629049771793,28.69468510257816,1.0000000000000002,0.2533592455131304,-1.5202890074394375,-84.01614627496853
227.09773184571648,28.695264366830543,1.0,0.25401027399171827,-1.5206598673042988,-84.0765787956608
227.10917324538522,28.695841109371713,1.0000000000000002,0.25466152618771165,-1.5210310417946884,-84.13702322753196
227.12061469602972,28.696415330934137,1.0000000000000002,0.2553130018685632,-1.5214025308623604,-84.1974795592027
227.13205619695592,28.6969870322504,1.0000000000000002,0.2559647008018029,-1.5217743344589518,-84.25794777929376
227.14349774746995,28.697556214053222,1.0000000000000002,0.2566166227549562,-1.5221464525360018,-84.31842787642573
227.15493934687834,28.69812287707546,1.0000000000000002,0.2572687674956269,-1.5225188850449367,-84.37891983921936
227.16638099448795,28.698687022050105,1.0000000000000002,0.25792113479144874,-1.5228916319370942,-84.43942365629535
227.17782268960588,28.699248649710274,1.0000000000000002,0.25857372441010007,-1.523264693163691,-84.4999393162743
227.18926443153953,28.699807760789234,1.0,0.25922653611929825,-1.5236380686758455,-84.56046680777692
227.20070621959684,28.70036435602034,1.0,0.25987956968681125,-1.5240117584245834,-84.62100611942404
227.2121480530855,28.70091843613713,1.0000000000000002,0.2605328248804284,-1.5243857623608115,-84.68155723983615
227.22358993131428,28.70147000187325,1.0000000000000002,0.2611863014680136,-1.5247600804353354,-84.74212015763406
227.23503185359166,28.702019053962488,1.0000000000000002,0.2618399992174547,-1.5251347125988657,-84.8026948614384
227.2464738192266,28.70256559313874,1.0000000000000002,0.2624939178966681,-1.5255096588020027,-84.86328133986986
227.2579158275285,28.703109620136065,1.0000000000000002,0.26314805727365087,-1.5258849189952377,-84.92387958154916
227.26935787780693,28.703651135688652,1.0000000000000002,0.2638024171164046,-1.5262604931289587,-84.98448957509693
227.2807999693718,28.704190140530784,1.0,0.26445699719299576,-1.5266363811534678,-85.04511130913393
227.29224210153333,28.704726635396913,1.0000000000000002,0.26511179727152356,-1.5270125830189336,-85.10574477228079
227.3036842736021,28.705260621021626,1.0000000000000002,0.2657668171201335,-1.527389098675445,-85.16638995315819
227.31512648488896,28.705792098139607,1.0000000000000002,0.2664220565070261,-1.5277659280729763,-85.22704684038686
227.3265687347051,28.70632106748571,1.0000000000000002,0.2670775152004179,-1.5281430711613968,-85.28771542258747
227.33801102236197,28.706847529794892,1.0000000000000002,0.26773319296858844,-1.5285205278904765,-85.34839568838068
227.34945334717142,28.70737148580225,1.0000000000000002,0.26838908957986174,-1.528898298209885,-85.4090876263872
227.3608957084455,28.707892936243024,1.0000000000000002,0.2690452048025831,-1.5292763820691713,-85.46979122522772
227.37233810549665,28.70841188185258,1.0000000000000002,0.269701538405168,-1.5296547794177915,-85.5305064735229
227.38378053763762,28.70892832336639,1.0000000000000002,0.2703580901560567,-1.5300334902051071,-85.59123335989348
227.39522300418145,28.7094422615201,1.0000000000000002,0.27101485982374296,-1.5304125143803589,-85.65197187296006
227.40666550444152,28.709953697049453,1.0000000000000002,0.2716718471767452,-1.5307918518926904,-85.71272200134341
227.4181080377315,28.710462630690344,1.0000000000000002,0.2723290519836583,-1.5311715026911408,-85.77348373366418
227.42955060336539,28.71096906317879,1.0000000000000002,0.27298647401308784,-1.5315514667246415,-85.83425705854307
227.44099320065754,28.71147299525093,1.0,0.2736441130337033,-1.5319317439420388,-85.89504196460071
227.45243582892243,28.711974427643053,1.0000000000000002,0.27430196881420343,-1.5323123342920457,-85.95583844045785
227.46387848747523,28.712473361091558,1.0000000000000002,0.2749600411233306,-1.5326932377232874,-86.01664647473517
227.47532117563097,28.71296979633299,1.0000000000000002,0.27561832972988665,-1.5330744541842911,-86.07746605605332
227.4867638927054,28.71346373410402,1.0000000000000002,0.2762768344027071,-1.5334559836234707,-86.13829717303302
227.4982066380143,28.713955175141464,1.0000000000000002,0.27693555491066224,-1.533837825989126,-86.19913981429497
227.50964941087395,28.714444120182225,1.0000000000000004,0.2775944910226773,-1.5342199812294766,-86.2599939684598
227.5210922106008,28.714930569963393,1.0000000000000002,0.27825364250771134,-1.534602449292617,-86.32085962414821
227.53253503651177,28.715414525222148,1.0000000000000002,0.27891300913477934,-1.534985230126555,-86.38173676998092
227.54397788792397,28.715895986695806,1.0000000000000002,0.27957259067293183,-1.5353683236791822,-86.4426253945786
227.55542076415486,28.716374955121832,1.0000000000000002,0.2802323868912584,-1.5357517298982897,-86.50352548656188
227.56686366452223,28.716851431237806,1.0000000000000002,0.28089239755889395,-1.536135448731561,-86.56443703455157
227.57830658834422,28.717325415781435,1.0000000000000002,0.28155262244503465,-1.536519480126585,-86.62536002716824
227.5897495349393,28.717796909490573,1.0,0.28221306131890334,-1.536903824030837,-86.68629445303264
227.6011925036261,28.718265913103178,1.0000000000000002,0.28287371394975125,-1.5372884803916973,-86.74724030076543
227.6126354937238,28.71873242735736,1.0000000000000002,0.2835345801069149,-1.5376734491564328,-86.80819755898732
227.6240785045517,28.719196452991355,1.0000000000000002,0.2841956595597299,-1.5380587302722102,-86.86916621631899
227.6355215354296,28.71965799074352,1.0000000000000002,0.28485695207762074,-1.5384443236860958,-86.93014626138108
227.6469645856774,28.720117041352342,1.0,0.28551845743000204,-1.5388302293450504,-86.99113768279429
227.6584076546156,28.72057360555645,1.0000000000000002,0.28618017538638973,-1.5392164471959227,-87.05214046917938
227.6698507415647,28.721027684094587,1.0000000000000002,0.28684210571629354,-1.5396029771854707,-87.11315460915696
227.6812938458458,28.721479277705644,1.0000000000000002,0.2875042481893031,-1.539989819260339,-87.17418009134775
227.69273696678016,28.721928387128614,1.0000000000000004,0.2881666025750276,-1.5403769733670707,-87.23521690437244
227.70418010368945,28.722375013102653,1.0000000000000002,0.2888291686431419,-1.5407644394521007,-87.29626503685165
227.71562325589554,28.722819156367006,1.0000000000000002,0.28949194616333607,-1.5411522174617778,-87.35732447740615
227.72706642272075,28.723260817661085,1.0000000000000002,0.2901549349053836,-1.54154030734232,-87.41839521465658
227.73850960348759,28.723699997724417,1.0,0.29081813463905526,-1.5419287090398637,-87.47947723722365
227.74995279751914,28.72413669729664,1.0000000000000002,0.29148154513421076,-1.5423174225004264,-87.540570533728
227.76139600413853,28.72457091711754,1.0000000000000002,0.2921451661607266,-1.5427064476699321,-87.60167509279043
227.77283922266932,28.72500265792704,1.0000000000000002,0.2928089974885193,-1.5430957844941968,-87.66279090303148
227.7842824524354,28.725431920465176,1.0,0.29347303888757725,-1.5434854329189314,-87.7239179530719
227.79572569276095,28.725858705472113,1.0000000000000002,0.2941372901278969,-1.5438753928897366,-87.78505623153245
227.80716894297055,28.726283013688143,1.0000000000000002,0.2948017509795591,-1.5442656643521282,-87.84620572703366
227.818612202389,28.7267048458537,1.0000000000000002,0.2954664212126614,-1.5446562472515044,-87.90736642819633
227.83005547034148,28.72712420270934,1.0000000000000002,0.2961313005973416,-1.54504714153315,-87.96853832364116
227.8414987461535,28.727541084995735,1.0000000000000002,0.29679638890380033,-1.5454383471422668,-88.02972140198872
227.85294202915085,28.727955493453702,1.0000000000000004,0.29746168590227384,-1.5458298640239443,-88.0909156518598
227.86438531865974,28.728367428824175,1.0000000000000002,0.2981271913630481,-1.5462216921231642,-88.15212106187506
227.87582861400656,28.728776891848227,1.0000000000000002,0.2987929050564393,-1.546613831384807,-88.21333762065518
227.88727191451815,28.729183883267044,1.0000000000000002,0.2994588267528231,-1.5470062817536459,-88.27456531682085
227.89871521952165,28.72958840382195,1.0000000000000004,0.30012495622262136,-1.5473990431743623,-88.33580413899271
227.91015852834443,28.729990454254413,1.0,0.30079129323627374,-1.5477921155915118,-88.39705407579157
227.9216018403143,28.73039003530598,1.0000000000000002,0.30145783756430333,-1.5481854989495787,-88.45831511583796
227.9330451547594,28.73078714771837,1.0000000000000002,0.3021245889772466,-1.5485791931929045,-88.51958724775268
227.9444884710081,28.731181792233432,1.0000000000000002,0.30279154724570034,-1.548973198265756,-88.58087046015638
227.95593178838917,28.7315739695931,1.0000000000000002,0.30345871214030407,-1.5493675141122916,-88.64216474166973
227.96737510623163,28.731963680539483,1.0000000000000002,0.3041260834317283,-1.5497621406765436,-88.70347008091343
227.978818423865,28.732350925814774,1.0000000000000002,0.30479366089072,-1.550157077902476,-88.76478646650814
227.99026174061888,28.732735706161343,1.0000000000000004,0.30546144428803057,-1.5505523257339213,-88.82611388707461
228.00170505582332,28.733118022321648,1.0000000000000002,0.3061294333944842,-1.550947884114617,-88.88745233123345
228.01314836880888,28.73349787503828,1.0,0.30679762798094856,-1.5513437529882044,-88.94880178760542
228.02459167890615,28.733875265053964,1.0000000000000002,0.3074660278183261,-1.551739932298208,-89.01016224481114
228.03603498544615,28.734250193111556,1.0000000000000002,0.30813463267755825,-1.5521364219880525,-89.07153369147132
228.0474782877603,28.734622659954034,1.0000000000000002,0.3088034423296495,-1.5525332220010633,-89.13291611620667
228.05892158518026,28.7349926663245,1.0,0.3094724565456346,-1.5529303322804644,-89.19430950763783
228.07036487703806,28.73536021296619,1.0000000000000002,0.31014167509659885,-1.553327752769361,-89.25571385438553
228.08180816266608,28.73572530062246,1.0000000000000004,0.31081109775368176,-1.5537254834107728,-89.31712914507044
228.09325144139697,28.736087930036792,1.0000000000000002,0.3114807242880433,-1.554123524147597,-89.37855536831326
228.10469471256377,28.736448101952796,1.0000000000000002,0.3121505544709171,-1.5545218749226475,-89.43999251273465
228.11613797549978,28.73680581711421,1.0000000000000002,0.31282058807355995,-1.5549205356786242,-89.50144056695528
228.12758122953872,28.737161076264908,1.0000000000000002,0.31349082486728896,-1.5553195063581153,-89.5628995195959
228.1390244740146,28.737513880148878,1.0,0.3141612646234542,-1.555718786903614,-89.62436935927711
228.15046770826171,28.737864229510233,1.0000000000000002,0.31483190711346065,-1.5561183772575156,-89.6858500746197
228.16191093161476,28.73821212509321,1.0000000000000002,0.3155027521087561,-1.5565182773621027,-89.74734165424428
228.1733541434087,28.73855756764219,1.0000000000000002,0.316173799380822,-1.5569184871595514,-89.80884408677154
228.18479734297884,28.73890055790165,1.0000000000000002,0.31684504870119756,-1.5573190065919436,-89.87035736082215
228.19624052966088,28.739241096616226,1.0,0.3175164998414681,-1.5577198356012563,-89.93188146501691
228.20768370279083,28.73957918453067,1.0000000000000002,0.31818815257325994,-1.5581209741293467,-89.99341638797638
228.21912686170495,28.73991482238984,1.0000000000000002,0.31886000666824366,-1.5585224221179956,-90.05496211832127
228.23057000573996,28.740248010938743,1.0000000000000002,0.3195320618981352,-1.558924179508855,-90.11651864467231
228.2420131342328,28.74057875092249,1.0000000000000002,0.3202043180347056,-1.559326246243491,-90.17808595565015
228.25345624652078,28.740907043086356,1.0,0.3208767748497543,-1.5597286222633509,-90.23966403987549
228.2648993419415,28.741232888175695,1.0,0.32154943211513576,-1.5601313075097885,-90.30125288596905
228.27634241983307,28.741556286936007,1.0000000000000002,0.32222228960275423,-1.5605343019240543,-90.36285248255145
228.28778547953377,28.741877240112927,1.0000000000000002,0.3228953470845557,-1.5609376054472888,-90.4244628182434
228.29922852038223,28.7421957484522,1.0000000000000002,0.3235686043325199,-1.5613412180205355,-90.48608388166562
228.31067154171743,28.742511812699693,1.0000000000000004,0.3242420611186958,-1.5617451395847333,-90.54771566143876
228.3221145428787,28.742825433601432,1.0000000000000002,0.32491571721515555,-1.5621493700807019,-90.60935814618345
228.33355752320566,28.74313661190352,1.0000000000000002,0.3255895723940334,-1.5625539094491856,-90.6710113245205
228.34500048203836,28.743445348352218,1.0000000000000002,0.32626362642750095,-1.5629587576308026,-90.73267518507053
228.35644341871702,28.743751643693898,1.0000000000000002,0.3269378790877644,-1.5633639145660778,-90.79434971645424
228.3678863325824,28.744055498675056,1.0000000000000002,0.32761233014709745,-1.563769380195426,-90.85603490729228
228.37932922297546,28.74435691404233,1.0000000000000002,0.32828697937782714,-1.5641751544591642,-90.9177307462054
228.3907720892375,28.744655890542457,1.0,0.3289618265522769,-1.5645812372975048,-90.97943722181422
228.40221493071022,28.74495242892232,1.0000000000000002,0.32963687144287235,-1.564987628650547,-91.04115432273946
228.4136577467356,28.745246529928913,1.0000000000000002,0.33031211382205505,-1.5653943284583054,-91.10288203760179
228.42510053665598,28.745538194309354,1.0000000000000002,0.3309875534623128,-1.5658013366606784,-91.16462035502195
228.436543299814,28.745827422810912,1.0000000000000002,0.33166319013619106,-1.566208653197453,-91.22636926362054
228.44798603555273,28.746114216180924,1.0000000000000004,0.33233902361627976,-1.5666162780083353,-91.28812875201831
228.45942874321548,28.746398575166914,1.0000000000000002,0.33301505367519635,-1.567024211032905,-91.34989880883592
228.47087142214593,28.746680500516486,1.0000000000000002,0.33369128008563287,-1.567432452210654,-91.41167942269406
228.4823140716881,28.746959992977402,1.0000000000000002,0.33436770262029736,-1.5678410014809598,-91.47347058221342
228.49375669118635,28.747237053297507,1.0000000000000002,0.33504432105196713,-1.5682498587831057,-91.53527227601468
228.5051992799854,28.747511682224797,1.0000000000000002,0.33572113515346746,-1.5686590240562666,-91.59708449271855
228.5166418374302,28.747783880507395,1.0000000000000002,0.33639814469764584,-1.5690684972395115,-91.65890722094566
228.52808436286617,28.748053648893546,1.0000000000000002,0.33707534945741724,-1.5694782782718093,-91.72074044931676
228.53952685563908,28.748320988131596,1.0000000000000002,0.33775274920573395,-1.569888367092024,-91.78258416645248
