galstreams/tracks/track.st.M92.sollima2020.ecsv
# %ECSV 0.9
# ---
# datatype:
# - {name: ra, unit: deg, datatype: float64}
# - {name: dec, unit: deg, datatype: float64}
# - {name: distance, unit: kpc, datatype: float64}
# - {name: pm_ra_cosdec, unit: mas / yr, datatype: float64}
# - {name: pm_dec, unit: mas / yr, datatype: float64}
# - {name: radial_velocity, unit: km / s, datatype: float64}
# delimiter: ','
# meta: !!omap
# - __serialized_columns__:
#     dec:
#       __class__: astropy.coordinates.angles.Latitude
#       unit: &id001 !astropy.units.Unit {unit: deg}
#       value: !astropy.table.SerializedColumn {name: dec}
#     distance:
#       __class__: astropy.coordinates.distances.Distance
#       unit: !astropy.units.Unit {unit: kpc}
#       value: !astropy.table.SerializedColumn {name: distance}
#     pm_dec:
#       __class__: astropy.units.quantity.Quantity
#       unit: !astropy.units.Unit {unit: mas / yr}
#       value: !astropy.table.SerializedColumn {name: pm_dec}
#     pm_ra_cosdec:
#       __class__: astropy.units.quantity.Quantity
#       unit: !astropy.units.Unit {unit: mas / yr}
#       value: !astropy.table.SerializedColumn {name: pm_ra_cosdec}
#     ra:
#       __class__: astropy.coordinates.angles.Longitude
#       unit: *id001
#       value: !astropy.table.SerializedColumn {name: ra}
#       wrap_angle: !astropy.coordinates.Angle
#         unit: *id001
#         value: 360.0
#     radial_velocity:
#       __class__: astropy.units.quantity.Quantity
#       unit: !astropy.units.Unit {unit: km / s}
#       value: !astropy.table.SerializedColumn {name: radial_velocity}
# schema: astropy-2.0
ra,dec,distance,pm_ra_cosdec,pm_dec,radial_velocity
254.43379333665837,41.35298137707025,8.501000000000014,0.0,0.0,0.0
254.4430683573549,41.3339831067414,8.501000000000012,0.0,0.0,0.0
254.452492482583,41.315659879293825,8.501000000000014,0.0,0.0,0.0
254.4620636813214,41.2980019770071,8.501000000000012,0.0,0.0,0.0
254.47177994757033,41.28099976814084,8.501000000000015,0.0,0.0,0.0
254.48163929984085,41.264643706488506,8.501000000000015,0.0,0.0,0.0
254.49163978065874,41.24892433093169,8.501000000000017,0.0,0.0,0.0
254.50177945608266,41.23383226499494,8.501000000000017,0.0,0.0,0.0
254.5120564152359,41.219358216400884,8.501000000000015,0.0,0.0,0.0
254.522468769851,41.20549297662605,8.501000000000015,0.0,0.0,0.0
254.5330146538281,41.19222742045718,8.501000000000015,0.0,0.0,0.0
254.54369222280462,41.179552505548024,8.501000000000017,0.0,0.0,0.0
254.55449965373776,41.16745927197681,8.501000000000017,0.0,0.0,0.0
254.5654351444988,41.15593884180417,8.501000000000017,0.0,0.0,0.0
254.57649691347763,41.14498241863194,8.501000000000017,0.0,0.0,0.0
254.58768319919994,41.13458128716219,8.501000000000017,0.0,0.0,0.0
254.59899225995352,41.1247268127573,8.501000000000017,0.0,0.0,0.0
254.6104223734263,41.115410441000435,8.501000000000015,0.0,0.0,0.0
254.62197183635308,41.10662369725679,8.501000000000017,0.0,0.0,0.0
254.63363896417317,41.09835818623553,8.501000000000017,0.0,0.0,0.0
254.6454220906971,41.09060559155239,8.501000000000015,0.0,0.0,0.0
254.65731956778197,41.083357675293065,8.501000000000017,0.0,0.0,0.0
254.6693297650167,41.0766062775773,8.501000000000019,0.0,0.0,0.0
254.68145106941506,41.07034331612367,8.501000000000017,0.0,0.0,0.0
254.69368188511788,41.06456078581523,8.501000000000017,0.0,0.0,0.0
254.70602063310272,41.05925075826585,8.501000000000019,0.0,0.0,0.0
254.71846575090197,41.054405381387355,8.501000000000017,0.0,0.0,0.0
254.7310156923285,41.05001687895756,8.501000000000017,0.0,0.0,0.0
254.74366892720892,41.046077550188826,8.501000000000017,0.0,0.0,0.0
254.75642394112356,41.04257976929785,8.501000000000017,0.0,0.0,0.0
254.7692792351543,41.03951598507594,8.501000000000017,0.0,0.0,0.0
254.7822333256388,41.036878720460265,8.501000000000017,0.0,0.0,0.0
254.79528474393163,41.034660572105956,8.501000000000017,0.0,0.0,0.0
254.80843203617155,41.03285420995909,8.501000000000019,0.0,0.0,0.0
254.82167376305526,41.03145237683038,8.501000000000019,0.0,0.0,0.0
254.83500849961774,41.030447887969984,8.501000000000017,0.0,0.0,0.0
254.84843483501768,41.02983363064303,8.501000000000019,0.0,0.0,0.0
254.86195137232934,41.029602563706085,8.501000000000017,0.0,0.0,0.0
254.8755567283398,41.02974771718452,8.501000000000017,0.0,0.0,0.0
254.88924953335166,41.03026219185077,8.501000000000017,0.0,0.0,0.0
254.90302843099136,41.03113915880358,8.501000000000019,0.0,0.0,0.0
254.91689207802202,41.032371859048055,8.501000000000017,0.0,0.0,0.0
254.93083914416212,41.03395360307677,8.501000000000017,0.0,0.0,0.0
254.94486831190864,41.035877770451705,8.501000000000019,0.0,0.0,0.0
254.9589782763646,41.03813780938726,8.501000000000019,0.0,0.0,0.0
254.97316774507215,41.04072723633409,8.501000000000017,0.0,0.0,0.0
254.98743543784911,41.04363963556392,8.501000000000019,0.0,0.0,0.0
255.00178008663102,41.04686865875547,8.501000000000019,0.0,0.0,0.0
255.01620043531622,41.05040802458113,8.501000000000017,0.0,0.0,0.0
255.03069523961585,41.05425151829481,8.501000000000017,0.0,0.0,0.0
255.0452632669083,41.058392991320616,8.501000000000017,0.0,0.0,0.0
255.0599032960961,41.06282636084263,8.501000000000017,0.0,0.0,0.0
255.07461411746806,41.067545609395644,8.501000000000019,0.0,0.0,0.0
255.08939453256428,41.0725447844569,8.501000000000019,0.0,0.0,0.0
255.10424335404554,41.0778179980388,8.501000000000017,0.0,0.0,0.0
255.11915940556506,41.08335942628268,8.501000000000017,0.0,0.0,0.0
255.13414152164478,41.089163309053546,8.501000000000019,0.0,0.0,0.0
255.14918854755427,41.09522394953591,8.501000000000019,0.0,0.0,0.0
255.1642993391934,41.101535713830536,8.501000000000019,0.0,0.0,0.0
255.17947276297755,41.108093030552325,8.501000000000017,0.0,0.0,0.0
255.19470769572627,41.1148903904292,8.501000000000017,0.0,0.0,0.0
255.21000302455468,41.12192234590197,8.501000000000015,0.0,0.0,0.0
255.22535764676837,41.12918351072534,8.501000000000017,0.0,0.0,0.0
255.24077046975998,41.13666855956985,8.501000000000017,0.0,0.0,0.0
255.25624041090964,41.144372227625006,8.501000000000017,0.0,0.0,0.0
255.27176639748757,41.152289310203294,8.501000000000015,0.0,0.0,0.0
255.28734736655903,41.160414662345445,8.501000000000017,0.0,0.0,0.0
255.3029822648921,41.16874319842661,8.501000000000017,0.0,0.0,0.0
255.31867004886806,41.17726989176366,8.501000000000017,0.0,0.0,0.0
255.33440968439373,41.18598977422356,8.501000000000017,0.0,0.0,0.0
255.35020014681635,41.1948979358328,8.501000000000015,0.0,0.0,0.0
255.3660404208408,41.20398952438793,8.501000000000017,0.0,0.0,0.0
255.38192950044834,41.21325974506715,8.501000000000015,0.0,0.0,0.0
255.39786638881895,41.22270386004294,8.501000000000017,0.0,0.0,0.0
255.41385009825385,41.23231718809591,8.501000000000017,0.0,0.0,0.0
255.4298796501014,41.242095104229655,8.501000000000014,0.0,0.0,0.0
255.44595407468427,41.25203303928657,8.501000000000015,0.0,0.0,0.0
255.46207241122897,41.26212647956506,8.501000000000015,0.0,0.0,0.0
255.47823370779656,41.27237096643763,8.501000000000015,0.0,0.0,0.0
255.49443702121582,41.28276209597008,8.501000000000015,0.0,0.0,0.0
255.5106814170179,41.293295518541896,8.501000000000014,0.0,0.0,0.0
255.5269659693722,41.30396693846773,8.501000000000015,0.0,0.0,0.0
255.54328976102462,41.31477211361995,8.501000000000015,0.0,0.0,0.0
255.55965188323688,41.32570685505232,8.501000000000014,0.0,0.0,0.0
255.5760514357274,41.33676702662476,8.501000000000014,0.0,0.0,0.0
255.59248752661412,41.34794854462935,8.501000000000015,0.0,0.0,0.0
255.608959272358,41.3592473774173,8.501000000000015,0.0,0.0,0.0
255.62546579770833,41.370659545027124,8.501000000000015,0.0,0.0,0.0
255.64200623565011,41.382181118813904,8.501000000000012,0.0,0.0,0.0
255.6585797273509,41.393808221079766,8.501000000000015,0.0,0.0,0.0
255.67518542211073,41.40553702470536,8.501000000000014,0.0,0.0,0.0
255.69182247731226,41.41736375278254,8.501000000000014,0.0,0.0,0.0
255.70849005837266,41.42928467824826,8.501000000000014,0.0,0.0,0.0
255.725187338696,41.44129612351937,8.501000000000014,0.0,0.0,0.0
255.74191349962734,41.45339446012887,8.501000000000012,0.0,0.0,0.0
255.7586677304079,41.46557610836298,8.501000000000014,0.0,0.0,0.0
255.77544922813036,41.47783753689967,8.501000000000015,0.0,0.0,0.0
255.79225719769647,41.490175262448,8.501000000000014,0.0,0.0,0.0
255.8090908517745,41.50258584938897,8.501000000000012,0.0,0.0,0.0
255.8259494107585,41.5150659094172,8.501000000000012,0.0,0.0,0.0
255.8428321027277,41.527612101183955,8.50100000000001,0.0,0.0,0.0
255.85973816340723,41.54022112994124,8.501000000000012,0.0,0.0,0.0
255.87666683612957,41.552889747187066,8.501000000000012,0.0,0.0,0.0
255.89361737179686,41.56561475031193,8.501000000000012,0.0,0.0,0.0
255.91058902884367,41.57839298224637,8.501000000000012,0.0,0.0,0.0
255.927581073201,41.59122133110969,8.501000000000014,0.0,0.0,0.0
255.94459277826036,41.60409672985996,8.501000000000012,0.0,0.0,0.0
255.96162342483925,41.617016155944974,8.501000000000012,0.0,0.0,0.0
255.97867230114676,41.629976630954594,8.501000000000012,0.0,0.0,0.0
255.99573870274992,41.642975220274124,8.501000000000012,0.0,0.0,0.0
256.0128219325408,41.65600903273886,8.501000000000008,0.0,0.0,0.0
256.0299213007041,41.66907522028991,8.50100000000001,0.0,0.0,0.0
256.04703612468484,41.68217097763105,8.50100000000001,0.0,0.0,0.0
256.06416572915765,41.69529354188686,8.501000000000008,0.0,0.0,0.0
256.0813094459953,41.70844019226199,8.501000000000008,0.0,0.0,0.0
256.09846661423865,41.721608249701596,8.50100000000001,0.0,0.0,0.0
256.1156365800664,41.734795076553006,8.50100000000001,0.0,0.0,0.0
256.1328186967658,41.74799807622847,8.50100000000001,0.0,0.0,0.0
256.1500123247034,41.761214692869174,8.501000000000012,0.0,0.0,0.0
256.1672168312963,41.77444241101046,8.50100000000001,0.0,0.0,0.0
256.18443159098365,41.78767875524813,8.50100000000001,0.0,0.0,0.0
256.20165598519856,41.80092128990598,8.50100000000001,0.0,0.0,0.0
256.2188894023406,41.81416761870456,8.501000000000007,0.0,0.0,0.0
256.23613123774817,41.8274153844311,8.501000000000008,0.0,0.0,0.0
256.2533808936711,41.84066226861059,8.501000000000007,0.0,0.0,0.0
256.27063777924434,41.853905991178046,8.501000000000007,0.0,0.0,0.0
256.2879013104604,41.867144310152106,8.501000000000008,0.0,0.0,0.0
256.3051709101437,41.88037502130959,8.501000000000008,0.0,0.0,0.0
256.3224460079239,41.89359595786147,8.501000000000008,0.0,0.0,0.0
256.3397260402097,41.9068049901299,8.501000000000008,0.0,0.0,0.0
256.3570104501633,41.920000025226464,8.501000000000008,0.0,0.0,0.0
256.3742986876742,41.933179006731706,8.501000000000008,0.0,0.0,0.0
256.3915902093339,41.94633991437574,8.501000000000007,0.0,0.0,0.0
256.40888447841064,41.95948076372015,8.501000000000007,0.0,0.0,0.0
256.4261809648232,41.972599605841005,8.501000000000007,0.0,0.0,0.0
256.443479145116,41.98569452701324,8.501000000000005,0.0,0.0,0.0
256.4607785024342,41.99876364839599,8.501000000000005,0.0,0.0,0.0
256.47807852649805,42.01180512571938,8.501000000000005,0.0,0.0,0.0
256.4953787135778,42.024817148972325,8.501000000000007,0.0,0.0,0.0
256.51267856646865,42.0377979420917,8.501000000000007,0.0,0.0,0.0
256.529977594466,42.050745762652525,8.501000000000007,0.0,0.0,0.0
256.5472753133398,42.063658901559585,8.501000000000005,0.0,0.0,0.0
256.5645712453099,42.07653568274008,8.501000000000008,0.0,0.0,0.0
256.58186491902046,42.08937446283755,8.501000000000007,0.0,0.0,0.0
256.5991558695155,42.10217363090702,8.501000000000003,0.0,0.0,0.0
256.6164436382132,42.114931608111355,8.501000000000005,0.0,0.0,0.0
256.6337277728806,42.12764684741878,8.501000000000005,0.0,0.0,0.0
256.65100782760885,42.140317833301694,8.501000000000005,0.0,0.0,0.0
256.6682833627876,42.15294308143662,8.501000000000005,0.0,0.0,0.0
256.68555394507905,42.16552113840542,8.501000000000005,0.0,0.0,0.0
256.70281914739314,42.17805058139769,8.501000000000003,0.0,0.0,0.0
256.72007854886164,42.19053001791445,8.501000000000003,0.0,0.0,0.0
256.73733173481213,42.2029580854729,8.501000000000003,0.0,0.0,0.0
256.75457829674264,42.21533345131259,8.501000000000005,0.0,0.0,0.0
256.7718178322952,42.22765481210261,8.501000000000005,0.0,0.0,0.0
256.78904994523,42.23992089365012,8.501000000000005,0.0,0.0,0.0
256.8062742453989,42.25213045061011,8.501000000000003,0.0,0.0,0.0
256.8234903487192,42.2642822661963,8.501000000000001,0.0,0.0,0.0
256.8406978771467,42.27637515189332,8.501000000000001,0.0,0.0,0.0
256.8578964586496,42.28840794717011,8.501000000000003,0.0,0.0,0.0
256.8750857271807,42.30037951919447,8.501000000000003,0.0,0.0,0.0
256.89226532265116,42.31228876254899,8.501000000000003,0.0,0.0,0.0
256.9094348909025,42.32413459894797,8.501000000000001,0.0,0.0,0.0
256.92659408367973,42.335915976955825,8.501000000000003,0.0,0.0,0.0
256.9437425586032,42.3476318717065,8.501000000000003,0.0,0.0,0.0
256.9608799791409,42.35928128462422,8.501000000000003,0.0,0.0,0.0
256.97800601458033,42.37086324314543,8.501000000000003,0.0,0.0,0.0
256.9951203400004,42.38237680044204,8.501000000000003,0.0,0.0,0.0
257.0122226362429,42.39382103514569,8.501000000000001,0.0,0.0,0.0
257.0293125898831,42.40519505107353,8.501000000000001,0.0,0.0,0.0
257.0463898932021,42.416497976954915,8.501000000000003,0.0,0.0,0.0
257.06345424415645,42.427728966159655,8.501,0.0,0.0,0.0
257.0805053463493,42.43888719642718,8.501,0.0,0.0,0.0
257.0975429090007,42.44997186959716,8.501000000000001,0.0,0.0,0.0
257.11456664691764,42.460982211341246,8.501000000000003,0.0,0.0,0.0
257.131576280464,42.47191747089606,8.501000000000001,0.0,0.0,0.0
257.1485715355303,42.482776920797406,8.501,0.0,0.0,0.0
257.1655521435028,42.49355985661576,8.501000000000001,0.0,0.0,0.0
257.1825178412331,42.50426559669291,8.501,0.0,0.0,0.0
257.19946837100645,42.51489348187988,8.501,0.0,0.0,0.0
257.21640348051096,42.52544287527607,8.501000000000001,0.0,0.0,0.0
257.2333229228057,42.53591316196963,8.501000000000001,0.0,0.0,0.0
257.250226456289,42.54630374877905,8.501,0.0,0.0,0.0
257.26711384466626,42.55661406399601,8.501,0.0,0.0,0.0
257.2839848569175,42.56684355712942,8.501000000000001,0.0,0.0,0.0
257.30083926726525,42.57699169865069,8.501000000000001,0.0,0.0,0.0
257.31767685514086,42.58705797974033,8.501000000000001,0.0,0.0,0.0
257.3344974051522,42.597041912035614,8.501,0.0,0.0,0.0
257.35130070704975,42.60694302737965,8.501000000000001,0.0,0.0,0.0
257.3680865556932,42.616760877571494,8.501,0.0,0.0,0.0
257.3848547510175,42.626495034117696,8.501,0.0,0.0,0.0
257.4016050979988,42.636145087984936,8.501,0.0,0.0,0.0
257.41833740661997,42.64571064935394,8.501,0.0,0.0,0.0
257.4350514918361,42.65519134737455,8.501,0.0,0.0,0.0
257.45174717353933,42.66458682992226,8.501,0.0,0.0,0.0
257.4684242765241,42.67389676335567,8.501000000000001,0.0,0.0,0.0
257.48508263045136,42.68312083227538,8.501,0.0,0.0,0.0
257.5017220698133,42.69225873928408,8.500999999999998,0.0,0.0,0.0
257.51834243389715,42.701310204747806,8.501,0.0,0.0,0.0
257.53494356674923,42.71027496655851,8.500999999999998,0.0,0.0,0.0
257.55152531713867,42.71915277989776,8.501,0.0,0.0,0.0
257.5680875385205,42.727943417001825,8.501,0.0,0.0,0.0
257.58463008899923,42.73664666692783,8.500999999999998,0.0,0.0,0.0
257.6011528312912,42.745262335321236,8.501,0.0,0.0,0.0
257.61765563268784,42.753790244184536,8.501,0.0,0.0,0.0
257.6341383650177,42.76223023164716,8.501,0.0,0.0,0.0
257.6506009046091,42.770582151736626,8.501,0.0,0.0,0.0
257.66704313225165,42.77884587415095,8.500999999999998,0.0,0.0,0.0
257.6834649331587,42.78702128403219,8.501,0.0,0.0,0.0
257.69986619692787,42.79510828174138,8.500999999999998,0.0,0.0,0.0
257.7162468175036,42.80310678263452,8.501,0.0,0.0,0.0
257.7326066931373,42.81101671683993,8.500999999999998,0.0,0.0,0.0
257.7489457263492,42.81883802903677,8.500999999999998,0.0,0.0,0.0
257.76526382388795,42.82657067823481,8.500999999999998,0.0,0.0,0.0
257.7815608966922,42.834214637555384,8.500999999999996,0.0,0.0,0.0
257.7978368598507,42.84176989401368,8.500999999999996,0.0,0.0,0.0
257.81409163256177,42.84923644830211,8.500999999999998,0.0,0.0,0.0
257.83032513809394,42.85661431457509,8.500999999999998,0.0,0.0,0.0
257.8465373037457,42.86390352023487,8.500999999999998,0.0,0.0,0.0
257.86272806080467,42.87110410571869,8.500999999999998,0.0,0.0,0.0
257.8788973445072,42.87821612428718,8.500999999999998,0.0,0.0,0.0
257.89504509399796,42.88523964181391,8.500999999999994,0.0,0.0,0.0
257.9111712522882,42.89217473657626,8.500999999999996,0.0,0.0,0.0
257.9272757662157,42.89902149904743,8.500999999999998,0.0,0.0,0.0
257.9433585864025,42.905780031689716,8.500999999999996,0.0,0.0,0.0
257.9594196672141,42.912450448749084,8.500999999999998,0.0,0.0,0.0
257.9754589667179,42.91903287605082,8.500999999999998,0.0,0.0,0.0
257.99147644664095,42.92552745079651,8.500999999999998,0.0,0.0,0.0
258.0074720723289,42.93193432136228,8.500999999999998,0.0,0.0,0.0
258.02344581270324,42.938253647098136,8.500999999999998,0.0,0.0,0.0
258.03939764022,42.944485598128615,8.500999999999996,0.0,0.0,0.0
258.05532753082656,42.95063035515468,8.500999999999998,0.0,0.0,0.0
258.07123546392006,42.95668810925676,8.500999999999998,0.0,0.0,0.0
258.0871214223047,42.96265906169914,8.500999999999998,0.0,0.0,0.0
258.1029853921489,42.9685434237354,8.500999999999998,0.0,0.0,0.0
258.1188273629429,42.97434141641522,8.500999999999996,0.0,0.0,0.0
258.13464732745587,42.98005327039239,8.500999999999996,0.0,0.0,0.0
258.1504452816929,42.98567922573396,8.500999999999998,0.0,0.0,0.0
258.16622122485234,42.99121953173069,8.500999999999996,0.0,0.0,0.0
258.1819751592824,42.996674446708745,8.500999999999998,0.0,0.0,0.0
258.197707090438,43.00204423784248,8.500999999999998,0.0,0.0,0.0
258.2134170268377,43.00732918096865,8.500999999999996,0.0,0.0,0.0
258.2291049800205,43.012529560401575,8.500999999999998,0.0,0.0,0.0
258.2447709645021,43.01764566874985,8.500999999999998,0.0,0.0,0.0
