galstreams/tracks/track.po.Sangarius.grillmair2017.ecsv
# %ECSV 1.0
# ---
# datatype:
# - {name: ra, unit: deg, datatype: float64}
# - {name: dec, unit: deg, datatype: float64}
# - {name: distance, unit: kpc, datatype: float64}
# - {name: pm_ra_cosdec, unit: mas / yr, datatype: float64}
# - {name: pm_dec, unit: mas / yr, datatype: float64}
# - {name: radial_velocity, unit: km / s, datatype: float64}
# delimiter: ','
# meta: !!omap
# - __serialized_columns__:
#     dec:
#       __class__: astropy.coordinates.angles.Latitude
#       unit: &id001 !astropy.units.Unit {unit: deg}
#       value: !astropy.table.SerializedColumn {name: dec}
#     distance:
#       __class__: astropy.coordinates.distances.Distance
#       unit: !astropy.units.Unit {unit: kpc}
#       value: !astropy.table.SerializedColumn {name: distance}
#     pm_dec:
#       __class__: astropy.units.quantity.Quantity
#       unit: !astropy.units.Unit {unit: mas / yr}
#       value: !astropy.table.SerializedColumn {name: pm_dec}
#     pm_ra_cosdec:
#       __class__: astropy.units.quantity.Quantity
#       unit: !astropy.units.Unit {unit: mas / yr}
#       value: !astropy.table.SerializedColumn {name: pm_ra_cosdec}
#     ra:
#       __class__: astropy.coordinates.angles.Longitude
#       unit: *id001
#       value: !astropy.table.SerializedColumn {name: ra}
#       wrap_angle: !astropy.coordinates.Angle
#         unit: *id001
#         value: 360.0
#     radial_velocity:
#       __class__: astropy.units.quantity.Quantity
#       unit: !astropy.units.Unit {unit: km / s}
#       value: !astropy.table.SerializedColumn {name: radial_velocity}
# schema: astropy-2.0
ra,dec,distance,pm_ra_cosdec,pm_dec,radial_velocity
[from data line 4229]
132.00876198774785,24.65111861006395,21.00000000000001,0.0,0.0,0.0
132.00821012363664,24.661108023468536,21.000000000000014,0.0,0.0,0.0
132.00765817116732,24.6710974348572,21.000000000000014,0.0,0.0,0.0
132.00710613028505,24.68108684422871,21.000000000000014,0.0,0.0,0.0
132.00655400093513,24.691076251581787,21.00000000000001,0.0,0.0,0.0
132.00600178306263,24.701065656915212,21.000000000000014,0.0,0.0,0.0
132.0054494766128,24.71105506022772,21.00000000000001,0.0,0.0,0.0
132.0048970815307,24.721044461518044,21.000000000000014,0.0,0.0,0.0
132.00434459776136,24.731033860784965,21.00000000000001,0.0,0.0,0.0
132.00379202525,24.74102325802719,21.00000000000001,0.0,0.0,0.0
132.0032393639415,24.751012653243478,21.000000000000014,0.0,0.0,0.0
132.00268661378098,24.76100204643259,21.000000000000014,0.0,0.0,0.0
132.00213377471331,24.77099143759326,21.000000000000014,0.0,0.0,0.0
132.00158084668354,24.780980826724228,21.00000000000001,0.0,0.0,0.0
132.0010278296365,24.790970213824234,21.000000000000014,0.0,0.0,0.0
132.0004747235172,24.800959598892028,21.00000000000001,0.0,0.0,0.0
131.99992152827036,24.810948981926355,21.00000000000001,0.0,0.0,0.0
131.9993682438409,24.820938362925947,21.00000000000001,0.0,0.0,0.0
131.99881487017362,24.830927741889536,21.00000000000001,0.0,0.0,0.0
131.99826140721328,24.840917118815888,21.00000000000001,0.0,0.0,0.0
131.99770785490463,24.850906493703718,21.00000000000001,0.0,0.0,0.0
131.9971542131924,24.860895866551775,21.000000000000014,0.0,0.0,0.0
131.99660048202128,24.870885237358795,21.00000000000001,0.0,0.0,0.0
131.99604666133592,24.880874606123516,21.00000000000001,0.0,0.0,0.0
131.99549275108097,24.89086397284468,21.000000000000014,0.0,0.0,0.0
131.994938751201,24.900853337521003,21.00000000000001,0.0,0.0,0.0
131.99438466164065,24.91084270015124,21.000000000000014,0.0,0.0,0.0
131.9938304823444,24.920832060734124,21.000000000000014,0.0,0.0,0.0
131.99327621325682,24.930821419268373,21.000000000000018,0.0,0.0,0.0
131.99272185432235,24.940810775752734,21.000000000000018,0.0,0.0,0.0
131.9921674054855,24.95080013018595,21.000000000000014,0.0,0.0,0.0
131.99161286669067,24.960789482566724,21.000000000000018,0.0,0.0,0.0
131.99105823788227,24.9707788328938,21.000000000000014,0.0,0.0,0.0
131.99050351900468,24.980768181165917,21.000000000000018,0.0,0.0,0.0
131.98994871000224,24.99075752738179,21.000000000000018,0.0,0.0,0.0
131.98939381081925,25.00074687154016,21.000000000000018,0.0,0.0,0.0
131.98883882140004,25.010736213639753,21.000000000000018,0.0,0.0,0.0
131.98828374168883,25.02072555367929,21.000000000000018,0.0,0.0,0.0
131.98772857162984,25.030714891657517,21.000000000000018,0.0,0.0,0.0
131.98717331116734,25.040704227573134,21.000000000000014,0.0,0.0,0.0
131.9866179602454,25.050693561424882,21.000000000000018,0.0,0.0,0.0
131.98606251880824,25.060682893211478,21.000000000000018,0.0,0.0,0.0
131.98550698679995,25.070672222931663,21.000000000000018,0.0,0.0,0.0
131.98495136416457,25.080661550584153,21.000000000000018,0.0,0.0,0.0
131.98439565084624,25.090650876167654,21.000000000000018,0.0,0.0,0.0
131.98383984678887,25.100640199680907,21.00000000000002,0.0,0.0,0.0
131.98328395193656,25.110629521122636,21.000000000000018,0.0,0.0,0.0
131.98272796623323,25.12061884049155,21.000000000000018,0.0,0.0,0.0
131.9821718896228,25.13060815778638,21.00000000000002,0.0,0.0,0.0
131.9816157220492,25.140597473005833,21.000000000000018,0.0,0.0,0.0
131.98105946345635,25.150586786148644,21.000000000000014,0.0,0.0,0.0
131.98050311378805,25.160576097213525,21.000000000000018,0.0,0.0,0.0
131.9799466729881,25.170565406199184,21.000000000000018,0.0,0.0,0.0
131.97939014100032,25.18055471310435,21.000000000000014,0.0,0.0,0.0
131.97883351776846,25.19054401792774,21.000000000000014,0.0,0.0,0.0
131.97827680323627,25.200533320668047,21.000000000000018,0.0,0.0,0.0
131.9777199973474,25.21052262132402,21.00000000000002,0.0,0.0,0.0
131.9771631000456,25.220511919894353,21.00000000000002,0.0,0.0,0.0
131.97660611127446,25.230501216377768,21.00000000000002,0.0,0.0,0.0
131.97604903097758,25.240490510772982,21.00000000000002,0.0,0.0,0.0
131.97549185909858,25.25047980307869,21.000000000000018,0.0,0.0,0.0
131.97493459558098,25.260469093293615,21.00000000000002,0.0,0.0,0.0
131.97437724036834,25.27045838141647,21.00000000000002,0.0,0.0,0.0
131.97381979340412,25.280447667445955,21.00000000000002,0.0,0.0,0.0
131.9732622546318,25.290436951380794,21.00000000000002,0.0,0.0,0.0
131.97270462399482,25.300426233219692,21.000000000000018,0.0,0.0,0.0
131.97214690143656,25.310415512961335,21.000000000000025,0.0,0.0,0.0
131.97158908690045,25.320404790604474,21.00000000000002,0.0,0.0,0.0
131.97103118032976,25.33039406614778,21.000000000000018,0.0,0.0,0.0
131.97047318166787,25.340383339589962,21.00000000000002,0.0,0.0,0.0
131.96991509085802,25.350372610929753,21.00000000000002,0.0,0.0,0.0
131.9693569078435,25.36036188016583,21.000000000000018,0.0,0.0,0.0
131.96879863256748,25.370351147296905,21.000000000000018,0.0,0.0,0.0
131.9682402649732,25.380340412321686,21.00000000000002,0.0,0.0,0.0
131.96768180500385,25.390329675238867,21.000000000000018,0.0,0.0,0.0
131.9671232526025,25.400318936047164,21.00000000000002,0.0,0.0,0.0
131.96656460771231,25.41030819474527,21.000000000000018,0.0,0.0,0.0
131.96600587027632,25.420297451331876,21.000000000000018,0.0,0.0,0.0
131.96544704023756,25.430286705805706,21.00000000000002,0.0,0.0,0.0
131.96488811753912,25.44027595816544,21.00000000000002,0.0,0.0,0.0
131.96432910212394,25.450265208409775,21.00000000000002,0.0,0.0,0.0
131.96376999393496,25.460254456537427,21.000000000000025,0.0,0.0,0.0
131.96321079291513,25.470243702547076,21.000000000000025,0.0,0.0,0.0
131.96265149900734,25.480232946437436,21.000000000000025,0.0,0.0,0.0
131.9620921121544,25.490222188207177,21.000000000000025,0.0,0.0,0.0
131.96153263229925,25.500211427855017,21.000000000000025,0.0,0.0,0.0
131.9609730593846,25.510200665379656,21.000000000000025,0.0,0.0,0.0
131.96041339335326,25.520189900779755,21.000000000000025,0.0,0.0,0.0
131.95985363414798,25.53017913405403,21.000000000000025,0.0,0.0,0.0
131.95929378171144,25.540168365201186,21.000000000000025,0.0,0.0,0.0
131.9587338359864,25.55015759421989,21.00000000000003,0.0,0.0,0.0
131.95817379691542,25.560146821108845,21.000000000000025,0.0,0.0,0.0
131.95761366444117,25.570136045866736,21.000000000000025,0.0,0.0,0.0
131.95705343850622,25.580125268492257,21.000000000000025,0.0,0.0,0.0
131.95649311905316,25.590114488984103,21.000000000000025,0.0,0.0,0.0
131.9559327060245,25.600103707340946,21.000000000000025,0.0,0.0,0.0
131.95537219936273,25.610092923561485,21.000000000000025,0.0,0.0,0.0
131.95481159901033,25.62008213764441,21.00000000000002,0.0,0.0,0.0
131.95425090490974,25.63007134958839,21.000000000000025,0.0,0.0,0.0
131.95369011700336,25.640060559392136,21.000000000000025,0.0,0.0,0.0
131.95312923523358,25.65004976705432,21.00000000000002,0.0,0.0,0.0
131.95256825954277,25.66003897257361,21.000000000000025,0.0,0.0,0.0
131.9520071898732,25.670028175948715,21.000000000000025,0.0,0.0,0.0
131.95144602616713,25.680017377178313,21.00000000000002,0.0,0.0,0.0
131.95088476836693,25.690006576261073,21.000000000000025,0.0,0.0,0.0
131.95032341641468,25.699995773195685,21.00000000000003,0.0,0.0,0.0
131.94976197025267,25.70998496798083,21.00000000000003,0.0,0.0,0.0
131.94920042982304,25.719974160615184,21.00000000000003,0.0,0.0,0.0
131.9486387950679,25.729963351097435,21.000000000000025,0.0,0.0,0.0
131.94807706592937,25.73995253942625,21.00000000000003,0.0,0.0,0.0
131.9475152423495,25.749941725600326,21.000000000000025,0.0,0.0,0.0
131.94695332427037,25.759930909618305,21.00000000000003,0.0,0.0,0.0
131.94639131163396,25.769920091478895,21.00000000000003,0.0,0.0,0.0
131.94582920438225,25.77990927118076,21.00000000000003,0.0,0.0,0.0
131.94526700245717,25.789898448722578,21.00000000000003,0.0,0.0,0.0
131.94470470580063,25.79988762410302,21.00000000000003,0.0,0.0,0.0
131.94414231435456,25.80987679732076,21.00000000000003,0.0,0.0,0.0
131.94357982806076,25.819865968374476,21.00000000000003,0.0,0.0,0.0
131.9430172468611,25.82985513726284,21.000000000000025,0.0,0.0,0.0
131.94245457069732,25.839844303984503,21.00000000000003,0.0,0.0,0.0
131.9418917995112,25.84983346853817,21.000000000000025,0.0,0.0,0.0
131.9413289332445,25.85982263092249,21.00000000000003,0.0,0.0,0.0
131.94076597183889,25.869811791136122,21.00000000000003,0.0,0.0,0.0
131.94020291523597,25.879800949177763,21.00000000000003,0.0,0.0,0.0
131.9396397633775,25.889790105046053,21.00000000000003,0.0,0.0,0.0
131.93907651620498,25.899779258739684,21.00000000000003,0.0,0.0,0.0
131.93851317366008,25.90976841025731,21.00000000000003,0.0,0.0,0.0
131.9379497356842,25.91975755959759,21.00000000000003,0.0,0.0,0.0
131.937386202219,25.929746706759197,21.000000000000032,0.0,0.0,0.0
131.93682257320586,25.939735851740807,21.000000000000032,0.0,0.0,0.0
131.93625884858625,25.949724994541057,21.00000000000003,0.0,0.0,0.0
131.93569502830158,25.959714135158624,21.000000000000032,0.0,0.0,0.0
131.93513111229325,25.969703273592177,21.00000000000003,0.0,0.0,0.0
131.93456710050262,25.979692409840364,21.000000000000032,0.0,0.0,0.0
131.93400299287097,25.989681543901863,21.000000000000032,0.0,0.0,0.0
131.9334387893396,25.999670675775317,21.000000000000032,0.0,0.0,0.0
131.9328744898498,26.009659805459385,21.000000000000032,0.0,0.0,0.0
131.93231009434277,26.019648932952737,21.000000000000032,0.0,0.0,0.0
131.9317456027597,26.02963805825403,21.000000000000032,0.0,0.0,0.0
131.93118101504177,26.03962718136191,21.000000000000032,0.0,0.0,0.0
131.93061633113007,26.04961630227505,21.000000000000032,0.0,0.0,0.0
131.93005155096574,26.05960542099208,21.000000000000032,0.0,0.0,0.0
131.92948667448985,26.069594537511687,21.00000000000003,0.0,0.0,0.0
131.92892170164342,26.079583651832504,21.00000000000003,0.0,0.0,0.0
131.9283566323674,26.089572763953186,21.00000000000003,0.0,0.0,0.0
131.92779146660288,26.099561873872382,21.000000000000032,0.0,0.0,0.0
131.9272262042907,26.109550981588765,21.00000000000003,0.0,0.0,0.0
131.9266608453718,26.119540087100958,21.000000000000032,0.0,0.0,0.0
131.92609538978706,26.129529190407638,21.00000000000003,0.0,0.0,0.0
131.92552983747734,26.139518291507436,21.000000000000036,0.0,0.0,0.0
131.9249641883834,26.149507390399016,21.000000000000036,0.0,0.0,0.0
131.92439844244606,26.159496487081007,21.000000000000036,0.0,0.0,0.0
131.92383259960607,26.169485581552074,21.000000000000032,0.0,0.0,0.0
131.92326665980414,26.179474673810855,21.00000000000004,0.0,0.0,0.0
131.92270062298095,26.189463763856,21.000000000000036,0.0,0.0,0.0
131.92213448907714,26.199452851686143,21.000000000000036,0.0,0.0,0.0
131.92156825803335,26.20944193729996,21.000000000000036,0.0,0.0,0.0
131.92100192979015,26.21943102069606,21.000000000000032,0.0,0.0,0.0
131.9204355042881,26.229420101873107,21.000000000000036,0.0,0.0,0.0
131.91986898146774,26.239409180829732,21.000000000000036,0.0,0.0,0.0
131.91930236126953,26.24939825756457,21.000000000000036,0.0,0.0,0.0
131.91873564363397,26.259387332076294,21.000000000000036,0.0,0.0,0.0
131.91816882850145,26.269376404363506,21.000000000000036,0.0,0.0,0.0
131.91760191581236,26.27936547442487,21.000000000000036,0.0,0.0,0.0
131.91703490550708,26.28935454225902,21.000000000000036,0.0,0.0,0.0
131.91646779752597,26.299343607864593,21.000000000000032,0.0,0.0,0.0
131.91590059180928,26.309332671240224,21.000000000000036,0.0,0.0,0.0
131.91533328829726,26.31932173238454,21.000000000000036,0.0,0.0,0.0
131.9147658869302,26.329310791296194,21.000000000000036,0.0,0.0,0.0
131.91419838764827,26.339299847973827,21.000000000000036,0.0,0.0,0.0
131.9136307903916,26.34928890241605,21.000000000000036,0.0,0.0,0.0
131.9130630951004,26.359277954621497,21.00000000000004,0.0,0.0,0.0
131.91249530171476,26.36926700458883,21.00000000000004,0.0,0.0,0.0
131.91192741017468,26.379256052316652,21.000000000000043,0.0,0.0,0.0
131.91135942042024,26.389245097803613,21.00000000000004,0.0,0.0,0.0
131.91079133239145,26.39923414104833,21.00000000000004,0.0,0.0,0.0
131.9102231460283,26.409223182049434,21.000000000000036,0.0,0.0,0.0
131.90965486127067,26.41921222080557,21.00000000000004,0.0,0.0,0.0
131.90908647805853,26.429201257315345,21.00000000000004,0.0,0.0,0.0
131.90851799633168,26.439190291577397,21.00000000000004,0.0,0.0,0.0
131.90794941603002,26.44917932359036,21.00000000000004,0.0,0.0,0.0
131.90738073709338,26.459168353352844,21.00000000000004,0.0,0.0,0.0
131.90681195946146,26.469157380863496,21.000000000000036,0.0,0.0,0.0
131.90624308307403,26.479146406120915,21.00000000000004,0.0,0.0,0.0
131.90567410787085,26.489135429123742,21.00000000000004,0.0,0.0,0.0
131.90510503379153,26.4991244498706,21.000000000000036,0.0,0.0,0.0
131.90453586077572,26.50911346836009,21.00000000000004,0.0,0.0,0.0
131.9039665887631,26.51910248459087,21.00000000000004,0.0,0.0,0.0
131.90339721769314,26.52909149856153,21.00000000000004,0.0,0.0,0.0
131.90282774750546,26.5390805102707,21.00000000000004,0.0,0.0,0.0
131.90225817813953,26.549069519717,21.000000000000043,0.0,0.0,0.0
131.9016885095349,26.55905852689907,21.000000000000046,0.0,0.0,0.0
131.90111874163094,26.569047531815485,21.000000000000043,0.0,0.0,0.0
131.90054887436705,26.5790365344649,21.00000000000004,0.0,0.0,0.0
131.89997890768268,26.589025534845913,21.00000000000004,0.0,0.0,0.0
131.89940884151713,26.599014532957135,21.00000000000004,0.0,0.0,0.0
131.89883867580974,26.60900352879719,21.000000000000043,0.0,0.0,0.0
131.89826841049972,26.618992522364685,21.00000000000004,0.0,0.0,0.0
131.8976980455264,26.62898151365825,21.000000000000043,0.0,0.0,0.0
131.897127580829,26.63897050267649,21.00000000000004,0.0,0.0,0.0
131.89655701634658,26.648959489417994,21.000000000000043,0.0,0.0,0.0
131.8959863520184,26.658948473881402,21.000000000000043,0.0,0.0,0.0
131.89541558778353,26.66893745606532,21.000000000000043,0.0,0.0,0.0
131.8948447235811,26.678926435968343,21.00000000000004,0.0,0.0,0.0
131.89427375935003,26.688915413589097,21.00000000000004,0.0,0.0,0.0
131.89370269502948,26.698904388926174,21.00000000000004,0.0,0.0,0.0
131.89313153055832,26.708893361978184,21.000000000000043,0.0,0.0,0.0
131.89256026587557,26.718882332743757,21.00000000000004,0.0,0.0,0.0
131.8919889009201,26.72887130122146,21.000000000000043,0.0,0.0,0.0
131.89141743563079,26.738860267409933,21.000000000000043,0.0,0.0,0.0
131.89084586994647,26.74884923130776,21.000000000000046,0.0,0.0,0.0
131.89027420380597,26.758838192913533,21.000000000000043,0.0,0.0,0.0
131.88970243714812,26.768827152225896,21.000000000000043,0.0,0.0,0.0
131.88913056991154,26.778816109243408,21.000000000000043,0.0,0.0,0.0
131.88855860203503,26.788805063964688,21.000000000000046,0.0,0.0,0.0
131.88798653345728,26.798794016388342,21.000000000000046,0.0,0.0,0.0
131.8874143641169,26.808782966512965,21.000000000000046,0.0,0.0,0.0
131.88684209395242,26.81877191433715,21.00000000000005,0.0,0.0,0.0
131.88626972290257,26.8287608598595,21.000000000000046,0.0,0.0,0.0
131.88569725090576,26.838749803078613,21.000000000000043,0.0,0.0,0.0
131.88512467790056,26.848738743993085,21.000000000000046,0.0,0.0,0.0
131.88455200382543,26.8587276826015,21.000000000000046,0.0,0.0,0.0
131.88397922861884,26.868716618902468,21.000000000000046,0.0,0.0,0.0
131.8834063522191,26.878705552894584,21.000000000000046,0.0,0.0,0.0
131.88283337456468,26.888694484576433,21.000000000000043,0.0,0.0,0.0
131.88226029559388,26.898683413946614,21.000000000000043,0.0,0.0,0.0
131.88168711524497,26.908672341003705,21.000000000000046,0.0,0.0,0.0
131.88111383345628,26.91866126574631,21.000000000000046,0.0,0.0,0.0
131.880540450166,26.928650188173012,21.000000000000046,0.0,0.0,0.0
131.87996696531235,26.938639108282413,21.00000000000005,0.0,0.0,0.0
131.87939337883347,26.94862802607309,21.00000000000005,0.0,0.0,0.0
131.87881969066754,26.95861694154363,21.00000000000005,0.0,0.0,0.0
131.8782459007526,26.96860585469263,21.00000000000005,0.0,0.0,0.0
131.87767200902675,26.978594765518675,21.000000000000046,0.0,0.0,0.0
131.87709801542803,26.98858367402033,21.00000000000005,0.0,0.0,0.0
