galstreams/tracks/track.st.Slidr.ibata2024.ecsv
# %ECSV 1.0
# ---
# datatype:
# - {name: ra, unit: deg, datatype: float64}
# - {name: dec, unit: deg, datatype: float64}
# - {name: distance, unit: kpc, datatype: float64}
# - {name: pm_ra_cosdec, unit: mas / yr, datatype: float64}
# - {name: pm_dec, unit: mas / yr, datatype: float64}
# - {name: radial_velocity, unit: km / s, datatype: float64}
# delimiter: ','
# meta: !!omap
# - __serialized_columns__:
#     dec:
#       __class__: astropy.coordinates.angles.Latitude
#       unit: &id001 !astropy.units.Unit {unit: deg}
#       value: !astropy.table.SerializedColumn {name: dec}
#     distance:
#       __class__: astropy.coordinates.distances.Distance
#       unit: !astropy.units.Unit {unit: kpc}
#       value: !astropy.table.SerializedColumn {name: distance}
#     pm_dec:
#       __class__: astropy.units.quantity.Quantity
#       unit: !astropy.units.Unit {unit: mas / yr}
#       value: !astropy.table.SerializedColumn {name: pm_dec}
#     pm_ra_cosdec:
#       __class__: astropy.units.quantity.Quantity
#       unit: !astropy.units.Unit {unit: mas / yr}
#       value: !astropy.table.SerializedColumn {name: pm_ra_cosdec}
#     ra:
#       __class__: astropy.coordinates.angles.Longitude
#       unit: *id001
#       value: !astropy.table.SerializedColumn {name: ra}
#       wrap_angle: !astropy.coordinates.Angle
#         unit: *id001
#         value: 360.0
#     radial_velocity:
#       __class__: astropy.units.quantity.Quantity
#       unit: !astropy.units.Unit {unit: km / s}
#       value: !astropy.table.SerializedColumn {name: radial_velocity}
# schema: astropy-2.0
ra,dec,distance,pm_ra_cosdec,pm_dec,radial_velocity
[from data line 2881]
170.99677426013477,5.554227574354735,1.0000000000000004,-19.839722816216284,-5.326606318005966,-134.5148692028192
171.00587980135285,5.550272051181687,1.0000000000000004,-19.83522217194749,-5.325313735473434,-134.57771848659493
171.0149848769529,5.546315619772055,1.0000000000000004,-19.83072130545202,-5.324020796035079,-134.6405986451236
171.02408948632822,5.542358278756124,1.0000000000000004,-19.826220217630933,-5.322727499036257,-134.70350969349667
171.0331936288721,5.538400026764201,1.0000000000000004,-19.821718909385282,-5.321433843822199,-134.7664516468058
171.04229730397796,5.534440862426594,1.0000000000000004,-19.817217381616146,-5.3201398297379985,-134.8294245201427
171.051400511039,5.530480784373642,1.0000000000000004,-19.812715635224617,-5.318845456128608,-134.89242832859892
171.06050324944852,5.52651979123568,1.0000000000000004,-19.808213671111858,-5.317550722338844,-134.955463087266
171.06960551859976,5.522557881643073,1.0000000000000004,-19.803711490179012,-5.316255627713387,-135.01852881123557
171.078707317886,5.518595054226193,1.0000000000000004,-19.79920909332725,-5.314960171596782,-135.0816255155994
171.08780864670047,5.514631307615428,1.0000000000000004,-19.794706481457776,-5.313664353333435,-135.14475321544882
171.09690950443635,5.5106666404411735,1.0000000000000007,-19.790203655471814,-5.312368172267622,-135.2079119258756
171.1060098904869,5.506701051333856,1.0000000000000004,-19.785700616270642,-5.311071627743475,-135.27110166197127
171.11510980424524,5.502734538923897,1.0000000000000004,-19.781197364755492,-5.309774719104989,-135.33432243882754
171.12420924510457,5.498767101841741,1.0000000000000004,-19.7766939018277,-5.30847744569604,-135.39757427153592
171.13330821245805,5.494798738717843,1.0000000000000002,-19.77219022838856,-5.307179806860351,-135.46085717518807
171.1424067056988,5.490829448182677,1.0000000000000004,-19.767686345339445,-5.305881801941512,-135.5241711648755
171.15150472421996,5.48685922886673,1.0000000000000007,-19.763182253581697,-5.304583430282979,-135.58751625569002
171.16060226741462,5.482888079400494,1.0000000000000004,-19.75867795401676,-5.303284691228084,-135.6508924627229
171.16969933467593,5.478915998414484,1.0000000000000004,-19.75417344754602,-5.3019855841200085,-135.7142998010661
171.1787959253969,5.474942984539225,1.0000000000000004,-19.749668735070912,-5.300686108301805,-135.77773828581098
171.18789203897066,5.470969036405254,1.0000000000000004,-19.745163817492937,-5.299386263116396,-135.84120793204923
171.19698767479025,5.466994152643123,1.0000000000000002,-19.74065869571357,-5.298086047906565,-135.9047087548725
171.20608283224868,5.463018331883398,1.0000000000000002,-19.736153370634334,-5.2967854620149515,-135.9682407693723
171.215177510739,5.459041572756651,1.0000000000000004,-19.73164784315678,-5.295484504784085,-136.0318039906403
171.22427170965423,5.455063873893484,1.0000000000000004,-19.727142114182467,-5.294183175556338,-136.09539843376808
171.2333654283874,5.4510852339244895,1.0000000000000004,-19.72263618461299,-5.292881473673956,-136.15902411384735
171.2424586663314,5.447105651480292,1.0000000000000004,-19.718130055349974,-5.291579398479055,-136.22268104596947
171.2515514228793,5.443125125191514,1.0000000000000004,-19.71362372729507,-5.290276949313615,-136.28636924522624
171.260643697424,5.439143653688807,1.0000000000000004,-19.709117201349923,-5.288974125519484,-136.35008872670917
171.26973548935848,5.4351612356028145,1.0000000000000004,-19.704610478416235,-5.287670926438373,-136.41383950550997
171.2788267980757,5.431177869564212,1.0000000000000004,-19.700103559395743,-5.286367351411862,-136.47762159672016
171.2879176229685,5.427193554203677,1.0000000000000004,-19.695596445190176,-5.285063399781392,-136.54143501543143
171.29700796342988,5.423208288151903,1.0000000000000004,-19.691089136701294,-5.283759070888287,-136.60527977673522
171.3060978188527,5.419222070039591,1.0000000000000004,-19.686581634830908,-5.28245436407372,-136.66915589572326
171.31518718862986,5.41523489849746,1.0000000000000004,-19.682073940480826,-5.281149278678738,-136.7330633874871
171.32427607215422,5.411246772156244,1.0000000000000004,-19.677566054552898,-5.2798438140442645,-136.79700226711847
171.33336446881864,5.407257689646678,1.0000000000000007,-19.673057977948975,-5.278537969511075,-136.86097254970886
171.34245237801596,5.403267649599519,1.0000000000000004,-19.668549711571004,-5.277231744419825,-136.92497425034983
171.3515397991391,5.399276650645527,1.0000000000000004,-19.664041256320857,-5.275925138111033,-136.98900738413312
171.36062673158077,5.395284691415484,1.0000000000000004,-19.6595326131005,-5.274618149925084,-137.05307196615018
171.36971317473385,5.39129177054018,1.0000000000000004,-19.65502378281191,-5.273310779202236,-137.11716801149268
171.37879912799116,5.387297886650411,1.0000000000000004,-19.65051476635706,-5.272003025282609,-137.18129553525233
171.38788459074544,5.38330303837699,1.0000000000000007,-19.646005564638006,-5.270694887506204,-137.24545455252058
171.39696956238953,5.379307224350747,1.0000000000000004,-19.641496178556785,-5.269386365212876,-137.30964507838908
171.40605404231619,5.375310443202508,1.0000000000000004,-19.636986609015462,-5.268077457742354,-137.37386712794955
171.41513802991815,5.371312693563128,1.0000000000000004,-19.632476856916146,-5.266768164434241,-137.43812071629338
171.4242215245882,5.367313974063459,1.0000000000000004,-19.627966923160983,-5.265458484628004,-137.5024058585123
171.43330452571905,5.363314283334376,1.0000000000000004,-19.623456808652097,-5.2641484176629785,-137.56672256969802
171.44238703270346,5.359313620006753,1.0000000000000004,-19.61894651429168,-5.262837962878373,-137.63107086494196
171.45146904493416,5.3553119827114894,1.0000000000000004,-19.61443604098193,-5.261527119613261,-137.69545075933578
171.4605505618038,5.351309370079484,1.0000000000000004,-19.609925389625097,-5.260215887206595,-137.7598622679711
171.46963158270518,5.347305780741648,1.0000000000000004,-19.605414561123418,-5.258904264997187,-137.82430540593953
171.4787121070309,5.343301213328913,1.0000000000000004,-19.600903556379198,-5.2575922523237235,-137.88878018833267
171.48779213417367,5.339295666472206,1.0000000000000004,-19.59639237629473,-5.256279848524764,-137.95328663024213
171.49687166352615,5.33528913880248,1.0000000000000004,-19.59188102177237,-5.254967052938733,-138.0178247467595
171.50595069448107,5.331281628950688,1.0000000000000004,-19.58736949371445,-5.253653864903926,-138.0823945529764
171.515029226431,5.327273135547799,1.0000000000000004,-19.58285779302338,-5.252340283758517,-138.14699606398435
171.52410725876865,5.323263657224792,1.0000000000000004,-19.57834592060159,-5.251026308840534,-138.21162929487508
171.53318479088662,5.319253192612654,1.0000000000000004,-19.573833877351497,-5.249711939487897,-138.27629426074014
171.54226182217752,5.3152417403423815,1.0000000000000004,-19.569321664175582,-5.248397175038384,-138.3409909766711
171.55133835203404,5.311229299044989,1.0000000000000004,-19.564809281976338,-5.247082014829641,-138.4057194577597
171.56041437984874,5.307215867351489,1.0000000000000002,-19.560296731656283,-5.245766458199202,-138.4704797190974
171.5694899050142,5.303201443892918,1.0000000000000004,-19.555784014117986,-5.244450504484455,-138.53527177577575
171.57856492692306,5.2991860273003075,1.0000000000000004,-19.551271130264,-5.2431341530226625,-138.60009564288654
171.58763944496792,5.295169616204713,1.0000000000000004,-19.54675808099693,-5.24181740315097,-138.66495133552138
171.59671345854127,5.291152209237193,1.0000000000000007,-19.542244867219434,-5.240500254206385,-138.72983886877165
171.60578696703578,5.287133805028814,1.0000000000000002,-19.537731489834147,-5.239182705525795,-138.79475825772911
171.61485996984396,5.283114402210657,1.0000000000000004,-19.53321794974375,-5.237864756445947,-138.85970951748533
171.62393246635838,5.279093999413807,1.0000000000000007,-19.528704247850953,-5.23654640630347,-138.92469266313196
171.6330044559716,5.2750725952693704,1.0000000000000004,-19.524190385058525,-5.235227654434869,-138.98970770976055
171.6420759380761,5.271050188408446,1.0000000000000007,-19.519676362269195,-5.233908500176508,-139.05475467246274
171.6511469120645,5.267026777462154,1.0000000000000004,-19.51516218038577,-5.232588942864641,-139.1198335663301
171.66021737732927,5.263002361061618,1.0000000000000004,-19.51064784031107,-5.231268981835382,-139.18494440645426
171.66928733326296,5.25897693783798,1.0000000000000004,-19.506133342947944,-5.22994861642472,-139.25008720792687
171.67835677925805,5.2549505064223805,1.0000000000000004,-19.501618689199265,-5.228627845968525,-139.3152619858394
171.68742571470705,5.250923065445972,1.0000000000000004,-19.497103879967952,-5.22730666980253,-139.38046875528352
171.6964941390025,5.246894613539923,1.0000000000000007,-19.492588916156894,-5.225985087262346,-139.445707531351
171.70556205153684,5.242865149335401,1.0000000000000004,-19.488073798669095,-5.224663097683473,-139.5109783291331
171.71462945170262,5.238834671463588,1.0000000000000004,-19.483558528407517,-5.223340700401249,-139.57628116372172
171.7236963388923,5.234803178555675,1.0000000000000004,-19.479043106275153,-5.222017894750923,-139.64161605020834
171.73276271249827,5.230770669242856,1.0000000000000002,-19.474527533175102,-5.220694680067597,-139.70698300368457
171.74182857191312,5.226737142156342,1.0000000000000004,-19.470011810010362,-5.2193710556862545,-139.7723820392421
171.75089391652926,5.222702595927352,1.0000000000000004,-19.46549593768408,-5.218047020941748,-139.8378131719724
171.75995874573914,5.218667029187104,1.0000000000000007,-19.46097991709936,-5.216722575168811,-139.9032764169672
171.76902305893523,5.214630440566836,1.0000000000000004,-19.45646374915936,-5.215397717702056,-139.96877178931797
171.77808685550997,5.210592828697783,1.0000000000000004,-19.45194743476726,-5.21407244787596,-140.0342993041164
171.7871501348558,5.206554192211202,1.0000000000000004,-19.44743097482626,-5.2127467650248756,-140.09985897645407
171.79621289636518,5.202514529738344,1.0000000000000002,-19.442914370239603,-5.211420668483035,-140.16545082142264
171.8052751394305,5.198473839910477,1.0000000000000004,-19.438397621910553,-5.210094157584548,-140.23107485411367
171.81433686344423,5.194432121358875,1.0000000000000004,-19.433880730742388,-5.208767231663391,-140.29673108961873
171.82339806779876,5.190389372714821,1.0000000000000004,-19.429363697638458,-5.207439890053431,-140.36241954302955
171.83245875188652,5.186345592609604,1.0000000000000004,-19.42484652350209,-5.206112132088396,-140.42814022943756
171.84151891509995,5.182300779674523,1.0000000000000004,-19.420329209236662,-5.204783957101898,-140.49389316393444
171.85057855683144,5.178254932540877,1.0000000000000004,-19.415811755745587,-5.2034553644274215,-140.55967836161187
171.85963767647337,5.1742080498399865,1.0000000000000004,-19.411294163932286,-5.202126353398326,-140.62549583756137
171.86869627341818,5.170160130203167,1.0000000000000004,-19.406776434700255,-5.200796923347861,-140.6913456068745
171.87775434705824,5.166111172261748,1.0000000000000007,-19.402258568952934,-5.199467073609126,-140.75722768464303
171.88681189678599,5.16206117464707,1.0000000000000004,-19.397740567593896,-5.1981368035151245,-140.82314208595832
171.89586892199372,5.158010135990467,1.0000000000000004,-19.393222431526656,-5.196806112398724,-140.88908882591218
171.90492542207397,5.1539580549232955,1.0000000000000007,-19.388704161654783,-5.195474999592669,-140.95506791959625
171.913981396419,5.1499049300769135,1.0000000000000007,-19.38418575888192,-5.194143464429578,-141.0210793821019
171.9230368444212,5.145850760082682,1.0000000000000002,-19.379667224111678,-5.192811506241962,-141.0871232285208
171.93209176547302,5.141795543571973,1.0000000000000004,-19.375148558247705,-5.191479124362188,-141.1531994739448
171.94114615896677,5.137739279176168,1.0000000000000007,-19.37062976219373,-5.190146318122521,-141.21930813346523
171.95020002429484,5.13368196552665,1.0000000000000004,-19.366110836853444,-5.188813086855089,-141.28544922217387
171.95925336084963,5.129623601254812,1.0000000000000004,-19.361591783130624,-5.187479429891903,-141.3516227551621
171.96830616802347,5.1255641849920535,1.0000000000000004,-19.357072601929012,-5.1861453465648575,-141.4178287475218
171.97735844520872,5.1215037153697835,1.0000000000000004,-19.352553294152454,-5.184810836205713,-141.48406721434432
171.9864101917978,5.117442191019408,1.0000000000000002,-19.34803386070476,-5.1834758981461215,-141.55033817072155
171.99546140718297,5.113379610572352,1.0000000000000004,-19.34351430248981,-5.182140531717607,-141.61664163174484
172.0045120907567,5.109315972660037,1.0000000000000004,-19.338994620411512,-5.180804736251567,-141.68297761250585
172.01356224191127,5.105251275913897,1.0000000000000004,-19.334474815373767,-5.179468511079288,-141.74934612809625
172.02261186003904,5.1011855189653685,1.0000000000000004,-19.329954888280543,-5.178131855531938,-141.81574719360762
172.0316609445324,5.097118700445898,1.0000000000000004,-19.32543484003581,-5.176794768940544,-141.88218082413158
172.0407094947837,5.093050818986935,1.0000000000000004,-19.320914671543605,-5.175457250636038,-141.94864703475972
172.04975751018523,5.088981873219937,1.0000000000000007,-19.316394383707955,-5.174119299949208,-142.01514584058364
172.0588049901294,5.084911861776367,1.0000000000000004,-19.311873977432946,-5.1727809162107405,-142.0816772566949
172.06785193400853,5.080840783287689,1.0000000000000004,-19.307353453622667,-5.171442098751193,-142.14824129818513
172.07689834121499,5.076768636385386,1.0000000000000004,-19.30283281318126,-5.170102846900998,-142.21483798014594
172.0859442111411,5.072695419700929,1.0000000000000004,-19.298312057012872,-5.168763159990481,-142.281467317669
172.09498954317922,5.068621131865811,1.0000000000000004,-19.2937911860217,-5.167423037349838,-142.34812932584586
172.1040343367217,5.0645457715115185,1.0000000000000004,-19.28927020111197,-5.166082478309146,-142.4148240197681
172.11307859116084,5.060469337269555,1.0000000000000004,-19.284749103187945,-5.164741482198365,-142.48155141452733
172.12212230588904,5.056391827771417,1.0000000000000002,-19.28022789315388,-5.16340004834734,-142.5483115252152
172.1311654802986,5.052313241648612,1.0000000000000004,-19.27570657191411,-5.162058176085784,-142.61510436692322
172.1402081137819,5.048233577532658,1.0000000000000002,-19.27118514037295,-5.160715864743304,-142.68192995474317
172.1492502057313,5.044152834055073,1.0000000000000004,-19.266663599434786,-5.159373113649378,-142.7487883037665
172.15829175553907,5.040071009847377,1.0000000000000004,-19.262141950004025,-5.158029922133374,-142.81567942908484
172.16733276259762,5.035988103541101,1.0000000000000004,-19.257620192985094,-5.156686289524535,-142.8826033457899
172.17637322629926,5.031904113767783,1.0000000000000004,-19.25309832928245,-5.155342215151993,-142.94956006897306
172.18541314603635,5.02781903915895,1.0000000000000004,-19.248576359800584,-5.15399769834475,-143.01654961372617
172.1944525212012,5.02373287834616,1.0000000000000004,-19.24405428544403,-5.152652738431704,-143.08357199514063
172.20349135118622,5.019645629960951,1.0000000000000004,-19.239532107117327,-5.151307334741621,-143.15062722830822
172.21252963538373,5.01555729263488,1.0000000000000004,-19.235009825725065,-5.149961486603159,-143.21771532832042
172.22156737318608,5.011467864999505,1.0000000000000004,-19.23048744217185,-5.148615193344854,-143.28483631026893
172.2306045639856,5.00737734568639,1.0000000000000004,-19.225964957362336,-5.147268454295123,-143.3519901892452
172.23964120717466,5.003285733327093,1.0000000000000007,-19.22144237220119,-5.145921268782271,-143.41917698034104
172.2486773021456,4.9991930265532,1.0000000000000007,-19.216919687593116,-5.144573636134485,-143.48639669864792
172.2577128482908,4.995099223996274,1.0000000000000007,-19.212396904442862,-5.1432255556798285,-143.5536493592575
