galstreams/tracks/track.st.NGC1261a.ibata2024.ecsv
# %ECSV 1.0
# ---
# datatype:
# - {name: ra, unit: deg, datatype: float64}
# - {name: dec, unit: deg, datatype: float64}
# - {name: distance, unit: kpc, datatype: float64}
# - {name: pm_ra_cosdec, unit: mas / yr, datatype: float64}
# - {name: pm_dec, unit: mas / yr, datatype: float64}
# - {name: radial_velocity, unit: km / s, datatype: float64}
# delimiter: ','
# meta: !!omap
# - __serialized_columns__:
#     dec:
#       __class__: astropy.coordinates.angles.Latitude
#       unit: &id001 !astropy.units.Unit {unit: deg}
#       value: !astropy.table.SerializedColumn {name: dec}
#     distance:
#       __class__: astropy.coordinates.distances.Distance
#       unit: !astropy.units.Unit {unit: kpc}
#       value: !astropy.table.SerializedColumn {name: distance}
#     pm_dec:
#       __class__: astropy.units.quantity.Quantity
#       unit: !astropy.units.Unit {unit: mas / yr}
#       value: !astropy.table.SerializedColumn {name: pm_dec}
#     pm_ra_cosdec:
#       __class__: astropy.units.quantity.Quantity
#       unit: !astropy.units.Unit {unit: mas / yr}
#       value: !astropy.table.SerializedColumn {name: pm_ra_cosdec}
#     ra:
#       __class__: astropy.coordinates.angles.Longitude
#       unit: *id001
#       value: !astropy.table.SerializedColumn {name: ra}
#       wrap_angle: !astropy.coordinates.Angle
#         unit: *id001
#         value: 360.0
#     radial_velocity:
#       __class__: astropy.units.quantity.Quantity
#       unit: !astropy.units.Unit {unit: km / s}
#       value: !astropy.table.SerializedColumn {name: radial_velocity}
# schema: astropy-2.0
ra,dec,distance,pm_ra_cosdec,pm_dec,radial_velocity
[from data line 1012]
49.745292287675134,-51.79155714113391,1.0000000000000002,2.1161695846861215,-1.5595075811605428,23.755683491661376
49.74932688629604,-51.781826223762586,1.0000000000000002,2.117308848465023,-1.558489597330515,23.66857663174512
49.75336563675582,-51.772096009663265,1.0000000000000002,2.1184470804977154,-1.5574713902730608,23.58185440619264
49.757408560001195,-51.76236650164996,1.0000000000000002,2.119584272871856,-1.556452967436919,23.495518341273556
49.761455676963074,-51.752637702533114,1.0000000000000002,2.120720417675205,-1.5554343362725833,23.409569963257532
49.76550700855658,-51.7429096151197,1.0000000000000002,2.1218555069956326,-1.5544155042323056,23.32401079841424
49.76956257568111,-51.73318224221322,1.0000000000000002,2.122989532921118,-1.5533964787700962,23.238842373013252
49.773622399220294,-51.723455586613575,1.0000000000000002,2.1241224875397635,-1.5523772673417422,23.154066213324267
49.77768650004213,-51.71372965111719,1.0000000000000002,2.1252543629397973,-1.5513578774048093,23.069683845616925
49.781754898998884,-51.704004438516996,1.0000000000000002,2.1263851512095826,-1.5503383164186508,22.985696796160862
49.78582761692723,-51.69427995160231,1.0000000000000002,2.1275148444376204,-1.5493185918444161,22.90210659122571
49.78990467464821,-51.68455619315896,1.0000000000000002,2.128643434712559,-1.548298711145059,22.81891475708114
49.793986092967295,-51.674833165969225,1.0000000000000002,2.129770914123198,-1.547278681785339,22.73612281999677
49.79807189267437,-51.665110872811795,1.0000000000000002,2.130897274758498,-1.5462585112318417,22.653732306242254
49.80216209454383,-51.655389316461815,1.0000000000000004,2.1320225087075877,-1.5452382069529778,22.571744742087258
49.80625671933455,-51.64566849969087,1.0000000000000002,2.1331466080597643,-1.5442177764189913,22.49016165380139
49.810355787789916,-51.63594842526696,1.0000000000000002,2.1342695649045083,-1.5431972271019694,22.408984567654297
49.814459320637916,-51.6262290959545,1.0000000000000002,2.1353913713314854,-1.542176566475852,22.328215009915667
49.818567338591045,-51.61651051451432,1.0000000000000002,2.136512019430556,-1.5411558020164393,22.2478545068551
49.822679862346476,-51.606792683703645,1.0000000000000004,2.137631501291777,-1.5401349412013932,22.167904584742253
49.82679691258599,-51.5970756062761,1.0000000000000004,2.1387498090054162,-1.5391139915102574,22.088366769846782
49.83091850997601,-51.587359284981716,1.0000000000000002,2.139866934661957,-1.538092960424457,22.009242588438305
49.835044675167694,-51.577643722566904,1.0000000000000002,2.1409828703520994,-1.5370718554273048,21.930533566786494
49.839175428796885,-51.56792892177442,1.0000000000000002,2.1420976081667717,-1.53605068400402,21.85224123116099
49.84331079148418,-51.55821488534342,1.0000000000000002,2.1432111401971423,-1.5350294536417255,21.774367107831416
49.847450783834944,-51.54850161600941,1.0000000000000002,2.1443234585346156,-1.5340081718294618,21.696912723067424
49.85159542643935,-51.53878911650427,1.0000000000000002,2.1454345552708514,-1.5329868460581948,21.61987960313869
49.8557447398724,-51.52907738955619,1.0000000000000002,2.1465444224977626,-1.5319654838208252,21.54326927431481
49.85989874469393,-51.51936643788975,1.0000000000000004,2.1476530523075246,-1.530944092612189,21.467083262865458
49.864057461448674,-51.509656264225825,1.0000000000000002,2.148760436792589,-1.5299226799290797,21.39132309506028
49.86822091066628,-51.49994687128162,1.0000000000000002,2.1498665680456797,-1.528901253270244,21.315990297168906
49.87238911286132,-51.4902382617707,1.0000000000000002,2.150971438159811,-1.527879820136398,21.241086395460975
49.876562088533305,-51.480530438402894,1.0000000000000002,2.1520750392282864,-1.5268583880302307,21.166612916206155
49.880739858166784,-51.47082340388436,1.0000000000000002,2.153177363344716,-1.525836964456416,21.092571385674077
49.884922442231286,-51.46111716091756,1.0000000000000002,2.1542784026030093,-1.5248155569216226,21.01896333013438
49.8891098611814,-51.45141171220122,1.0000000000000002,2.155378149097397,-1.523794172934516,20.945790275856723
49.89330213545677,-51.441707060430396,1.0000000000000002,2.1564765949224323,-1.5227728200057726,20.873053749110742
49.897499285482155,-51.43200320829637,1.0000000000000002,2.157573732172995,-1.5217515056480884,20.800755276166065
49.90170133166742,-51.422300158486735,1.0000000000000002,2.1586695529443087,-1.5207302373761848,20.728896383292373
49.90590829440758,-51.4125979136853,1.0000000000000002,2.159764049331937,-1.51970902270682,20.657478596759283
49.91012019408286,-51.402896476572195,1.0000000000000002,2.1608572134318,-1.5186878691587935,20.586503442836438
49.914337051058645,-51.393195849823734,1.0000000000000002,2.161949037340177,-1.5176667842529603,20.515972447793505
49.91855888568557,-51.38349603611249,1.0000000000000002,2.163039513153719,-1.5166457755122393,20.4458871379001
49.92278571829952,-51.37379703810729,1.0,2.1641286329694496,-1.5156248504616148,20.376249039425886
49.92701756922169,-51.36409885847317,1.0,2.1652163888847777,-1.5146040166281527,20.30705967864051
49.931254458758566,-51.35440149987137,1.0000000000000002,2.166302772997507,-1.5135832815410089,20.238320581813596
49.93549640720196,-51.34470496495937,1.0000000000000004,2.167387777405836,-1.5125626527314346,20.170033275214813
49.93974343482906,-51.33500925639081,1.0000000000000002,2.1684713942083764,-1.5115421377327873,20.102199285113798
49.94399556190245,-51.325314376815584,1.0,2.1695536155041526,-1.510521744080542,20.03482013778017
49.94825280867013,-51.31562032887971,1.0000000000000002,2.170634433392612,-1.5095014793122925,19.967897359483615
49.95251519536553,-51.30592711522543,1.0,2.1717138399736386,-1.5084813509677701,19.90143247649375
49.95678274220756,-51.29623473849113,1.0000000000000002,2.172791827347549,-1.5074613665888479,19.835427015080228
49.96105546940062,-51.28654320131138,1.0000000000000002,2.173868387615115,-1.506441533719548,19.769882501512672
49.96533339713466,-51.2768525063169,1.0,2.174943512877557,-1.5054218599060554,19.704800462060778
49.969616545585126,-51.26716265613455,1.0000000000000002,2.176017195236567,-1.5044023526967214,19.640182422994144
49.973904934913094,-51.25747365338735,1.0000000000000002,2.177089426794303,-1.5033830196420777,19.576029910582424
49.97819858526522,-51.24778550069444,1.0000000000000002,2.178160199653409,-1.5023638682948433,19.512344451095277
49.982497516773776,-51.23809820067107,1.0000000000000002,2.1792295059170135,-1.5013449062099362,19.44912757080233
49.9868017495567,-51.22841175592863,1.0000000000000002,2.1802973376887436,-1.5003261409444755,19.38638079597322
49.99111130371761,-51.218726169074614,1.0000000000000002,2.181363687072733,-1.4993075800578026,19.324105652877634
49.995426199345836,-51.209041442712625,1.0000000000000002,2.1824285461736297,-1.4982892311114768,19.26230366778517
49.99974645651644,-51.199357579442335,1.0000000000000002,2.1834919070966,-1.4972711016692954,19.2009763669655
50.004072095290226,-51.18967458185953,1.0000000000000002,2.184553761947345,-1.4962531992972985,19.140125276688266
50.00840313571382,-51.17999245255606,1.0000000000000002,2.185614102832103,-1.4952355315637769,19.079751923223085
50.0127395978196,-51.17031119411984,1.0,2.186672921857661,-1.4942181060392874,19.019857832839627
50.01708150162585,-51.160630809134844,1.0,2.1877302111313615,-1.4932009302966551,18.960444531807546
50.021428867136684,-51.15095130018113,1.0,2.18878596276111,-1.4921840119109857,18.901513546396462
50.025781714342095,-51.14127266983476,1.0,2.189840168855389,-1.4911673584596776,18.84306640287602
50.03014006321799,-51.13159492066786,0.9999999999999999,2.190892821523261,-1.49015097752243,18.785104627515885
50.03450393372626,-51.121918055248585,1.0,2.1919439128743776,-1.4891348766812462,18.727629746585677
50.03887334581472,-51.112242076141094,0.9999999999999999,2.1929934350189946,-1.4881190635204558,18.670643286355073
50.04324831941719,-51.102566985905554,1.0,2.1940413800679703,-1.4871035456267108,18.614146773093687
50.047628874453515,-51.092892787098194,1.0,2.1950877401327835,-1.486088330589004,18.558141733071174
50.05201503082959,-51.08321948227116,1.0,2.1961325073255367,-1.4850734259986764,18.502629692557164
50.05640680843735,-51.073547073972634,1.0,2.19717567375897,-1.4840588394494274,18.447612177821338
50.06080422715487,-51.06387556474676,1.0,2.1982172315464625,-1.4830445785373216,18.393090715133305
50.065207306846304,-51.05420495713368,1.0000000000000002,2.1992571728020485,-1.4820306508607997,18.339066830762732
50.069616067362006,-51.044535253669444,1.0,2.2002954896404248,-1.4810170640206932,18.28554205097924
50.07403052853844,-51.03486645688613,1.0000000000000002,2.201332174176956,-1.4800038256202246,18.232517902052486
50.078450710198325,-51.025198569311705,1.0,2.2023672185276864,-1.478990943265027,18.17999591025213
50.08287663215057,-51.0155315934701,1.0,2.2034006148093486,-1.4779784245631469,18.127977601847785
50.08730831419035,-51.00586553188116,1.0,2.2044323551393736,-1.4769662771250585,18.07646450310912
50.09174577609913,-50.996200387060675,1.0,2.2054624316358997,-1.4759545085636694,18.025458140305776
50.09618903764463,-50.98653616152032,1.0,2.2064908364177778,-1.4749431264943362,17.974960039707383
50.10063811858094,-50.976872857767695,1.0,2.207517561604586,-1.473932138534866,17.9249717275836
50.10509303864847,-50.96721047830629,0.9999999999999999,2.2085425993166385,-1.472921552305536,17.875494730204064
50.10955381757405,-50.95754902563547,1.0,2.2095659416749864,-1.471911375429097,17.826530573838426
50.11402047507088,-50.94788850225051,1.0000000000000002,2.2105875808014384,-1.470901615530784,17.778080784756312
50.118493030838586,-50.93822891064251,1.0,2.211607508818567,-1.4698922802383296,17.73014688922739
50.122971504563274,-50.92857025329845,1.0,2.2126257178497117,-1.468883377181971,17.682730413521302
50.1274559159175,-50.9189125327012,1.0,2.213642200018992,-1.467874913994459,17.635832883907668
50.13194628456035,-50.90925575132941,1.0,2.2146569474513225,-1.466866898311073,17.589455826656167
50.136442630137424,-50.899599911657624,1.0,2.2156699522724117,-1.4658593377696247,17.543600768036416
50.14094497228087,-50.88994501615616,1.0,2.2166812066087824,-1.4648522400104755,17.498269234318066
50.14545333060944,-50.880291067291196,1.0,2.2176907025877717,-1.4638456126765407,17.453462751770772
50.149967724728484,-50.870638067524695,1.0,2.2186984323375465,-1.4628394634132995,17.409182846664162
50.15448817422994,-50.860986019314424,1.0,2.219704387987113,-1.4618337998688131,17.365431045267893
50.15901469869248,-50.85133492511396,1.0,2.2207085616663194,-1.4608286296937227,17.322208873851615
50.16354731768139,-50.84168478737263,1.0,2.221710945505878,-1.4598239605412702,17.27951785868495
50.168086050748684,-50.832035608535556,1.0,2.2227115316373616,-1.458819800067305,17.237359526037558
50.17263091743312,-50.822387391043634,1.0,2.223710312193222,-1.4578161559302927,17.195735402179082
50.17718193726018,-50.8127401373335,1.0,2.2247072793067972,-1.4568130357913247,17.154647013379165
50.181739129742155,-50.80309384983752,1.0000000000000002,2.225702425112319,-1.4558104473141347,17.11409588590745
50.18630251437813,-50.79344853098384,0.9999999999999999,2.2266957417449293,-1.454808398165101,17.074083546033584
50.19087211065402,-50.78380418319631,1.0,2.2276872213406778,-1.4538068960132613,17.03461152002721
50.1954479380426,-50.774160808894486,0.9999999999999999,2.2286768560365484,-1.452805948530326,16.99568133415796
50.200030016003495,-50.764518410493686,1.0,2.229664637970452,-1.4518055633906806,16.957294514695516
50.20461836398329,-50.75487699040486,1.0,2.2306505592812504,-1.450805748271403,16.919452587909472
50.20921300141546,-50.74523655103472,1.0000000000000002,2.231634612108758,-1.4498065108522706,16.882157080069508
50.213813947720425,-50.735597094785604,1.0,2.232616788593755,-1.4488078588157747,16.845409517445255
50.218421222305615,-50.725958624055565,1.0,2.233597080877996,-1.4478097998471255,16.809211426306362
50.22303484456544,-50.716321141238296,1.0,2.23457548110422,-1.4468123416342653,16.77356433292247
50.22765483388135,-50.70668464872316,1.0,2.2355519814161644,-1.4458154918678803,16.73846976356323
50.232281209621846,-50.69704914889519,1.0,2.2365265739585687,-1.4448192582414088,16.703929244498276
50.23691399114249,-50.68741464413499,1.0,2.2374992508771894,-1.4438236484510556,16.66994430199726
50.24155319778598,-50.677781136818865,1.0,2.2384700043188084,-1.442828670195797,16.63651646232982
50.24619884888209,-50.66814862931871,1.0,2.2394388264312433,-1.4418343311773958,16.6036472517656
50.25085096374778,-50.658517124001996,1.0,2.2404057093633587,-1.4408406391004145,16.57133819657425
50.25550956168719,-50.648886623231874,1.0,2.241370645265074,-1.4398476016722128,16.53959082302542
50.26017466199163,-50.63925712936701,1.0000000000000002,2.242333626287377,-1.4388552266029782,16.508406657388743
50.264846283939654,-50.62962864476171,1.0,2.2432946445823334,-1.4378635216057205,16.47778722593387
50.26952444679706,-50.62000117176579,1.0,2.244253692303092,-1.4368724943962905,16.447734054930443
50.2742091698169,-50.61037471272471,1.0,2.245210761603904,-1.4358821526933858,16.4182486706481
50.27890047223955,-50.60074926997942,1.0,2.2461658446401276,-1.434892504218569,16.38933259935649
50.2835983732927,-50.591124845866446,1.0,2.2471189335682373,-1.4339035566962695,16.36098736732527
50.28830289219137,-50.58150144271783,1.0000000000000002,2.2480700205458413,-1.432915317853802,16.333214500824067
50.293014048137955,-50.57187906286114,1.0000000000000002,2.249019097731684,-1.431927795421374,16.30601552612253
50.297731860322244,-50.56225770861949,1.0,2.2499661572856624,-1.4309409971320983,16.279391969490305
50.30245634792146,-50.552637382311474,1.0,2.250911191368832,-1.429954930721996,16.253345357197038
50.30718753010023,-50.54301808625121,1.0,2.2518541921434223,-1.4289696039300206,16.227877215512372
50.31192542601067,-50.533399822748265,1.0,2.2527951517728417,-1.4279850244980614,16.20298907070595
50.31667005479239,-50.52378259410769,0.9999999999999999,2.253734062421697,-1.4270012001709538,16.178682449047415
50.321421435572496,-50.51416640263005,1.0,2.254670916255793,-1.4260181386964934,16.15495887680642
50.326179587465646,-50.50455125061133,1.0,2.255605705442151,-1.4250358478254443,16.131819880252596
50.33094452957404,-50.494937140342984,1.0,2.2565384221490183,-1.4240543353115507,16.1092669856556
50.33571628098749,-50.485324074111865,1.0,2.257469058545875,-1.423073608911553,16.087301719285062
50.34049486078339,-50.475712054200315,1.0,2.2583976068034533,-1.4220936763851895,16.065925607410644
50.34528028802678,-50.46610108288605,0.9999999999999999,2.2593240590937373,-1.4211145454952172,16.045140176301974
50.35007258177034,-50.45649116244224,1.0000000000000002,2.260248407589982,-1.420136224007412,16.02494695222871
50.35487176105447,-50.44688229513741,1.0,2.2611706444667226,-1.419158719690593,16.00534746146049
50.35967784490722,-50.4372744832355,1.0,2.2620907618997843,-1.418182040316624,15.986343230266955
50.364490852344396,-50.42766772899585,1.0,2.263008752066293,-1.4172061936604259,15.96793578491775
50.36931080236956,-50.41806203467312,1.0,2.2639246071446846,-1.4162311874999929,15.950126651682533
50.37413771397404,-50.408457402517385,1.0,2.264838319314724,-1.4152570296163969,15.93291735683093
50.37897160613696,-50.39885383477406,1.0000000000000002,2.265749880757505,-1.4142837277938036,15.91630942663259
50.38381249782524,-50.38925133368387,1.0,2.2666592836554713,-1.413311289819485,15.900304387357165
50.38866040799371,-50.3796499014829,1.0,2.2675665201924193,-1.4123397234838229,15.884903765274295
50.39351535558501,-50.37004954040256,1.0,2.2684715825535164,-1.4113690365803302,15.870109086653615
50.39837735952968,-50.36045025266959,0.9999999999999999,2.2693744629253074,-1.4103992369056535,15.855921877764787
50.403246438746216,-50.35085204050596,1.0,2.2702751534957275,-1.40943033225959,15.84234366487745
