galstreams/tracks/track.st.NGC1261.ibata2021.ecsv
# %ECSV 1.0
# ---
# datatype:
# - {name: ra, unit: deg, datatype: float64}
# - {name: dec, unit: deg, datatype: float64}
# - {name: distance, unit: kpc, datatype: float64}
# - {name: pm_ra_cosdec, unit: mas / yr, datatype: float64}
# - {name: pm_dec, unit: mas / yr, datatype: float64}
# - {name: radial_velocity, unit: km / s, datatype: float64}
# delimiter: ','
# meta: !!omap
# - __serialized_columns__:
#     dec:
#       __class__: astropy.coordinates.angles.Latitude
#       unit: &id001 !astropy.units.Unit {unit: deg}
#       value: !astropy.table.SerializedColumn {name: dec}
#     distance:
#       __class__: astropy.coordinates.distances.Distance
#       unit: !astropy.units.Unit {unit: kpc}
#       value: !astropy.table.SerializedColumn {name: distance}
#     pm_dec:
#       __class__: astropy.units.quantity.Quantity
#       unit: !astropy.units.Unit {unit: mas / yr}
#       value: !astropy.table.SerializedColumn {name: pm_dec}
#     pm_ra_cosdec:
#       __class__: astropy.units.quantity.Quantity
#       unit: !astropy.units.Unit {unit: mas / yr}
#       value: !astropy.table.SerializedColumn {name: pm_ra_cosdec}
#     ra:
#       __class__: astropy.coordinates.angles.Longitude
#       unit: *id001
#       value: !astropy.table.SerializedColumn {name: ra}
#       wrap_angle: !astropy.coordinates.Angle
#         unit: *id001
#         value: 360.0
#     radial_velocity:
#       __class__: astropy.units.quantity.Quantity
#       unit: !astropy.units.Unit {unit: km / s}
#       value: !astropy.table.SerializedColumn {name: radial_velocity}
# schema: astropy-2.0
ra,dec,distance,pm_ra_cosdec,pm_dec,radial_velocity
[from data line 1523]
54.40108070867647,-48.98784204692388,21.954611501030474,1.9029900861011229,-1.7013484639757888,-1.6841534259744676e-14
54.41202554366666,-48.97941793508415,21.958359547869627,1.9033160922038128,-1.700513718036428,-5.0524602779234026e-14
54.422979489929375,-48.97099499547004,21.96211131298461,1.9036421020898948,-1.6996781285303517,-6.73661370389787e-14
54.433942556492404,-48.96257322744546,21.965866803308213,1.9039681151105474,-1.6988416943955496,-6.73661370389787e-14
54.44491475238015,-48.95415263036896,21.969626025773213,1.9042941306156642,-1.6980044145704114,-3.368306851948935e-14
54.45589608661369,-48.94573320359387,21.973388987312394,1.9046201479538571,-1.697166287993725,-1.6841534259744676e-14
54.466886568210676,-48.937314946468184,21.977155694858535,1.9049461664724516,-1.696327313604678,-1.6841534259744676e-14
54.477886206185474,-48.9288978583346,21.980926155344417,1.9052721855174874,-1.6954874903428587,-3.368306851948935e-14
54.48889500954903,-48.920481938530536,21.984700375702833,1.9055982044337179,-1.6946468171482567,-6.73661370389787e-14
54.49991298730898,-48.912067186388086,21.98847836286656,1.9059242225646105,-1.693805292961263,-5.0524602779234026e-14
54.51094014846961,-48.903653601234026,21.99226012376837,1.9062502392523437,-1.6929629167226756,-1.6841534259744676e-14
54.521976502031805,-48.89524118238983,21.996045665341057,1.9065762538378082,-1.6921196873736917,-3.368306851948935e-14
54.53302205699317,-48.886829929171654,21.999834994517407,1.9069022656606052,-1.691275603855916,-3.368306851948935e-14
54.54407682234797,-48.87841984089031,22.003628118230186,1.9072282740590487,-1.6904306651113576,-3.368306851948935e-14
54.55514080708706,-48.87001091685129,22.007425043412187,1.9075542783701582,-1.6895848700824336,-1.6841534259744676e-14
54.56621402019804,-48.861603156354796,22.0112257769962,1.9078802779296653,-1.688738217711966,-3.368306851948935e-14
54.57729647066513,-48.853196558695615,22.015030325914996,1.9082062720720094,-1.6878907069431883,-3.368306851948935e-14
54.588388167469255,-48.84479112316327,22.01883869710136,1.9085322601303374,-1.6870423367197391,-3.368306851948935e-14
54.59948911958797,-48.83638684904189,22.022650897488067,1.9088582414365018,-1.6861931059856712,-1.6841534259744676e-14
54.61059933599555,-48.827983735610275,22.02646693400792,1.9091842153210625,-1.6853430136854435,0.0
54.62171882566294,-48.81958178214186,22.030286813593676,1.9095101811132886,-1.6844920587639307,-3.368306851948935e-14
54.63284759755772,-48.81118098790476,22.03411054317814,1.9098361381411462,-1.683640240166417,-3.368306851948935e-14
54.64398566064423,-48.802781352161695,22.03793812969408,1.9101620857313135,-1.6827875568386006,-3.368306851948935e-14
54.655133023883444,-48.79438287417004,22.041769580074284,1.9104880232091694,-1.6819340077265954,-1.6841534259744676e-14
54.666289696233044,-48.785985553181774,22.045604901251533,1.9108139498987933,-1.681079591776928,-1.6841534259744676e-14
54.6774556866474,-48.7775893884435,22.04944410015861,1.9111398651229718,-1.680224307936542,-5.0524602779234026e-14
54.68863100407761,-48.76919437919653,22.053287183728294,1.9114657682031893,-1.6793681551527984,-5.0524602779234026e-14
54.699815657471405,-48.76080052467669,22.05713415889337,1.9117916584596324,-1.6785111323734747,0.0
54.71100965577328,-48.75240782411445,22.06098503258662,1.9121175352111892,-1.6776532385467664,-6.73661370389787e-14
54.722213007924395,-48.74401627673493,22.06483981174083,1.9124433977754456,-1.6767944726212898,-3.368306851948935e-14
54.73342572286264,-48.735625881757834,22.06869850328878,1.9127692454686882,-1.675934833546081,-3.368306851948935e-14
54.74464780952261,-48.72723663839745,22.07256111416325,1.9130950776058995,-1.6750743202705962,-3.368306851948935e-14
54.755879276835586,-48.7188485458627,22.076427651297017,1.9134208935007635,-1.6742129317447163,-3.368306851948935e-14
54.7671201337296,-48.710461603357075,22.08029812162289,1.913746692465656,-1.6733506669187406,-1.6841534259744676e-14
54.77837038912939,-48.70207581007866,22.084172532073616,1.9140724738116548,-1.6724875247433963,-5.0524602779234026e-14
54.7896300519564,-48.693691165220145,22.08805088958199,1.9143982368485286,-1.671623504169833,-1.6841534259744676e-14
54.80089913112881,-48.68530766796878,22.091933201080806,1.9147239808847443,-1.670758604149627,-6.73661370389787e-14
54.81217763556152,-48.67692531750641,22.095819473502836,1.9150497052274613,-1.66989282363478,-3.368306851948935e-14
54.82346557416615,-48.66854411300947,22.099709713780864,1.915375409182533,-1.6690261615777215,0.0
54.834762955851055,-48.660164053648906,22.103603928847672,1.9157010920545066,-1.6681586169313103,-8.420767129872338e-14
54.846069789521344,-48.6517851385903,22.107502125636046,1.9160267531466202,-1.6672901886488307,-3.368306851948935e-14
54.85738608407882,-48.643407366993756,22.11140431107877,1.9163523917608045,-1.6664208756840013,-3.368306851948935e-14
54.868711848422066,-48.63503073801397,22.115310492108613,1.9166780071976814,-1.6655506769909698,0.0
54.88004709144635,-48.626655250800134,22.11922067565836,1.9170035987565617,-1.6646795915243158,-6.73661370389787e-14
54.89139182204375,-48.61828090449606,22.123134868660813,1.9173291657354488,-1.6638076182390509,-5.0524602779234026e-14
54.90274604910303,-48.60990769824007,22.12705307804873,1.9176547074310308,-1.6629347560906216,-3.368306851948935e-14
54.91410978150972,-48.60153563116503,22.13097531075491,1.9179802231386873,-1.6620610040349075,-6.73661370389787e-14
54.925483028146125,-48.59316470239835,22.13490157371213,1.9183057121524842,-1.6611863610282243,-3.368306851948935e-14
54.93686579789127,-48.58479491106198,22.138831873853174,1.9186311737651751,-1.6603108260273254,-3.368306851948935e-14
54.94825809962093,-48.57642625627239,22.142766218110825,1.9189566072682,-1.6594343979893993,-1.6841534259744676e-14
54.95965994220766,-48.56805873714057,22.146704613417853,1.9192820119516827,-1.658557075872075,0.0
54.97107133452075,-48.55969235277207,22.15064706670705,1.9196073871044355,-1.6576788586334192,-1.6841534259744676e-14
54.98249228542627,-48.55132710226691,22.154593584911215,1.9199327320139494,-1.656799745231937,-1.6841534259744676e-14
54.993922803787044,-48.542962984719665,22.158544174963097,1.9202580459664065,-1.655919734626579,-5.0524602779234026e-14
55.00536289846268,-48.53459999921939,22.1624988437955,1.9205833282466644,-1.6550388257767328,-5.0524602779234026e-14
55.016812578309505,-48.52623814484966,22.166457598341204,1.9209085781382678,-1.6541570176422322,-1.0104920555846805e-13
55.028271852180666,-48.51787742068856,22.17042044553299,1.9212337949234422,-1.653274309183354,-6.73661370389787e-14
55.03974072892606,-48.50951782580868,22.174387392303633,1.9215589778830922,-1.6523906993608182,-3.368306851948935e-14
55.05121921739235,-48.501159359277075,22.17835844558593,1.9218841262968047,-1.6515061871357926,-5.0524602779234026e-14
55.062707326422995,-48.4928020201553,22.182333612312647,1.922209239442844,-1.6506207714698915,-5.0524602779234026e-14
55.07420506485821,-48.48444580749943,22.18631289941658,1.9225343165981565,-1.6497344513251737,-1.6841534259744676e-14
55.08571244153501,-48.476090720359956,22.19029631383051,1.9228593570383647,-1.6488472256641504,-6.73661370389787e-14
55.09722946528718,-48.46773675778194,22.194283862487204,1.9231843600377694,-1.647959093449781,-3.368306851948935e-14
55.108756144945296,-48.45938391880484,22.19827555231947,1.923509324869347,-1.647070053645473,-1.6841534259744676e-14
55.12029248933671,-48.45103220246259,22.202271390260066,1.9238342508047526,-1.6461801052150888,-6.73661370389787e-14
55.13183850728558,-48.44268160778366,22.206271383241784,1.924159137114315,-1.645289247122941,-3.368306851948935e-14
55.143394207612836,-48.43433213379091,22.210275538197415,1.9244839830670388,-1.6443974783337958,-1.6841534259744676e-14
55.15495959913621,-48.42598377950167,22.21428386205972,1.924808787930603,-1.6435047978128736,-3.368306851948935e-14
55.16653469067025,-48.41763654392777,22.218296361761503,1.9251335509713596,-1.6426112045258492,-1.6841534259744676e-14
55.17811949102624,-48.40929042607544,22.222313044235534,1.9254582714543347,-1.6417166974388566,-1.6841534259744676e-14
55.18971400901231,-48.40094542494538,22.22633391641461,1.925782948643223,-1.6408212755184821,-5.0524602779234026e-14
55.20131825343341,-48.392601539532734,22.230358985231494,1.9261075818003983,-1.6399249377317753,-1.6841534259744676e-14
55.21293223309123,-48.384258768827074,22.234388257618985,1.9264321701868972,-1.6390276830462398,-6.73661370389787e-14
55.22455595678432,-48.37591711181241,22.238421740509843,1.9267567130624326,-1.638129510429844,-3.368306851948935e-14
55.236189433307985,-48.36757656746722,22.24245944083688,1.9270812096853818,-1.6372304188510127,-1.6841534259744676e-14
55.24783267145439,-48.35923713476434,22.24650136553285,1.927405659312798,-1.6363304072786375,-5.0524602779234026e-14
55.25948568001248,-48.35089881267109,22.250547521530553,1.9277300612003958,-1.6354294746820681,0.0
55.27114846776802,-48.34256160014916,22.254597915762766,1.9280544146025609,-1.634527620031122,-3.368306851948935e-14
55.28282104350356,-48.334225496154694,22.25865255516228,1.9283787187723442,-1.6336248422960788,-5.0524602779234026e-14
55.29450341599854,-48.325890499638234,22.26271144666186,1.9287029729614678,-1.6327211404476865,-3.368306851948935e-14
55.30619559402912,-48.31755660954473,22.266774597194303,1.9290271764203122,-1.631816513457158,-3.368306851948935e-14
55.31789758636836,-48.309223824813515,22.270842013692388,1.9293513283979287,-1.630910960296175,-3.368306851948935e-14
55.32960940178607,-48.300892144378366,22.2749137030889,1.9296754281420287,-1.630004479936888,-3.368306851948935e-14
55.341331049048975,-48.29256156716741,22.27898967231661,1.9299994748989926,-1.6290970713519175,-1.6841534259744676e-14
55.35306253692051,-48.28423209210319,22.283069928308304,1.9303234679138581,-1.6281887335143548,-6.73661370389787e-14
55.364803874161026,-48.275903718102626,22.287154477996772,1.9306474064303285,-1.6272794653977631,-5.0524602779234026e-14
55.376555069527676,-48.26757644407705,22.291243328314795,1.9309712896907685,-1.626369265976177,-1.6841534259744676e-14
55.38831613177442,-48.25925026893213,22.29533648619515,1.931295116936203,-1.6254581342241083,-1.6841534259744676e-14
55.40008706965206,-48.250925191567916,22.299433958570628,1.9316188874063187,-1.624546069116541,-1.6841534259744676e-14
55.41186789190824,-48.24260121087887,22.303535752374,1.9319426003394589,-1.6236330696289354,-5.0524602779234026e-14
55.423658607287436,-48.2342783257538,22.307641874538056,1.9322662549726306,-1.6227191347372292,-1.6841534259744676e-14
55.435459224530945,-48.22595653507586,22.311752331995578,1.9325898505414951,-1.6218042634178382,-6.73661370389787e-14
55.447269752376926,-48.21763583772258,22.315867131679344,1.9329133862803753,-1.6208884546476576,-3.368306851948935e-14
55.45909019956036,-48.20931623256585,22.31998628052214,1.9332368614222464,-1.6199717074040598,-5.0524602779234026e-14
55.470920574813064,-48.20099771847189,22.32410978545674,1.9335602751987457,-1.6190540206649024,0.0
55.48276088686371,-48.1926802943013,22.328237653415947,1.933883626840161,-1.6181353934085205,-5.0524602779234026e-14
55.49461114443778,-48.18436395890901,22.332369891332515,1.9342069155754382,-1.6172158246137371,-1.6841534259744676e-14
55.50647135625766,-48.17604871114429,22.33650650613925,1.9345301406321775,-1.616295313259855,-5.0524602779234026e-14
55.51834153104253,-48.16773454985074,22.340647504768935,1.934853301236631,-1.6153738583266641,-3.368306851948935e-14
55.53022167750845,-48.159421473866296,22.34479289415433,1.9351763966137079,-1.614451458794441,-5.0524602779234026e-14
55.542111804368325,-48.15110948202324,22.348942681228234,1.9354994259869662,-1.6135281136439477,0.0
55.55401192033187,-48.14279857314815,22.35309687292343,1.9358223885786168,-1.6126038218564356,-5.0524602779234026e-14
55.565922034105675,-48.13448874606196,22.357255476172693,1.9361452836095214,-1.611678582413645,-3.368306851948935e-14
55.577842154393245,-48.12617999957987,22.361418497908804,1.9364681102991963,-1.610752394297807,-5.0524602779234026e-14
55.589772289894846,-48.117872332511446,22.365585945064563,1.9367908678657988,-1.6098252564916415,-3.368306851948935e-14
55.60171244930764,-48.109565743660546,22.369757824572734,1.937113555526146,-1.6088971679783657,-1.6841534259744676e-14
55.61366264132567,-48.101260231825314,22.3739341433661,1.937436172495697,-1.6079681277416862,-5.0524602779234026e-14
55.62562287463978,-48.09295579579821,22.378114908377444,1.9377587179885598,-1.6070381347658054,-5.0524602779234026e-14
55.63759315793774,-48.084652434366006,22.382300126539565,1.9380811912174911,-1.6061071880354196,-5.0524602779234026e-14
55.64957349990412,-48.07635014630974,22.38648980478523,1.938403591393893,-1.6051752865357245,-5.0524602779234026e-14
55.661563909220405,-48.06804893040477,22.39068395004722,1.9387259177278138,-1.6042424292524124,-1.6841534259744676e-14
55.673564394564906,-48.0597487854207,22.394882569258325,1.9390481694279496,-1.6033086151716724,-5.0524602779234026e-14
55.68557496461282,-48.051449710121474,22.399085669351322,1.939370345701637,-1.6023738432801968,-3.368306851948935e-14
55.697595628036204,-48.04315170326525,22.403293257258994,1.9396924457548597,-1.6014381125651749,-1.6841534259744676e-14
55.70962639350397,-48.0348547636045,22.407505339914128,1.9400144687922432,-1.600501422014301,-3.368306851948935e-14
55.72166726968192,-48.026558889885955,22.41172192424951,1.9403364140170576,-1.5995637706157706,-1.6841534259744676e-14
55.73371826523271,-48.01826408085063,22.4159430171979,1.9406582806312134,-1.5986251573582844,0.0
55.74577938881589,-48.00997033523376,22.420168625692114,1.9409800678352633,-1.5976855812310462,-5.0524602779234026e-14
55.75785064908783,-48.00167765176489,22.4243987566649,1.941301774828401,-1.59674504122377,-6.73661370389787e-14
55.76993205470185,-47.99338602916781,22.42863341704907,1.9416234008084594,-1.5958035363266716,-1.6841534259744676e-14
55.78202361430806,-47.985095466160516,22.432872613777388,1.9419449449719124,-1.5948610655304796,-1.6841534259744676e-14
55.79412533655351,-47.976805961455305,22.437116353782645,1.9422664065138724,-1.5939176278264293,-1.6841534259744676e-14
55.80623723008211,-47.968517513758684,22.441364643997613,1.942587784628089,-1.5929732222062696,-5.0524602779234026e-14
55.818359303534635,-47.960230121771424,22.445617491355076,1.9429090785069514,-1.5920278476622571,-1.6841534259744676e-14
55.830491565548726,-47.95194378418851,22.449874902787833,1.943230287341484,-1.591081503187163,-5.0524602779234026e-14
55.84263402475896,-47.94365849969918,22.454136885228657,1.9435514103213474,-1.590134187774273,0.0
55.85478668979672,-47.93537426698689,22.45840344561032,1.9438724466348394,-1.5891859004173858,-1.6841534259744676e-14
55.86694956929031,-47.92709108472931,22.462674590865618,1.9441933954688915,-1.5882366401108188,-5.0524602779234026e-14
55.87912267186494,-47.918808951598365,22.466950327927332,1.9445142560090714,-1.5872864058494032,0.0
55.89130600614265,-47.91052786626015,22.471230663728235,1.9448350274395791,-1.5863351966284922,-1.6841534259744676e-14
55.90349958074242,-47.902247827375,22.475515605201114,1.9451557089432476,-1.5853830114439533,-1.6841534259744676e-14
55.915703404280045,-47.89396883359747,22.479805159278747,1.9454762997015442,-1.5844298492921796,-1.6841534259744676e-14
55.92791748536828,-47.88569088357629,22.484099332893933,1.9457967988945657,-1.5834757091700808,-3.368306851948935e-14
55.940141832616725,-47.87741397595442,22.488398132979437,1.946117205701041,-1.5825205900750934,-3.368306851948935e-14
55.95237645463187,-47.86913810936899,22.49270156646805,1.9464375192983308,-1.5815644910051754,-1.6841534259744676e-14
55.964621360017105,-47.86086328245136,22.49700964029255,1.9467577388624253,-1.5806074109588102,-3.368306851948935e-14
