galstreams/tracks/track.st.New-24.ibata2024.ecsv
# %ECSV 1.0
# ---
# datatype:
# - {name: ra, unit: deg, datatype: float64}
# - {name: dec, unit: deg, datatype: float64}
# - {name: distance, unit: kpc, datatype: float64}
# - {name: pm_ra_cosdec, unit: mas / yr, datatype: float64}
# - {name: pm_dec, unit: mas / yr, datatype: float64}
# - {name: radial_velocity, unit: km / s, datatype: float64}
# delimiter: ','
# meta: !!omap
# - __serialized_columns__:
#     dec:
#       __class__: astropy.coordinates.angles.Latitude
#       unit: &id001 !astropy.units.Unit {unit: deg}
#       value: !astropy.table.SerializedColumn {name: dec}
#     distance:
#       __class__: astropy.coordinates.distances.Distance
#       unit: !astropy.units.Unit {unit: kpc}
#       value: !astropy.table.SerializedColumn {name: distance}
#     pm_dec:
#       __class__: astropy.units.quantity.Quantity
#       unit: !astropy.units.Unit {unit: mas / yr}
#       value: !astropy.table.SerializedColumn {name: pm_dec}
#     pm_ra_cosdec:
#       __class__: astropy.units.quantity.Quantity
#       unit: !astropy.units.Unit {unit: mas / yr}
#       value: !astropy.table.SerializedColumn {name: pm_ra_cosdec}
#     ra:
#       __class__: astropy.coordinates.angles.Longitude
#       unit: *id001
#       value: !astropy.table.SerializedColumn {name: ra}
#       wrap_angle: !astropy.coordinates.Angle
#         unit: *id001
#         value: 360.0
#     radial_velocity:
#       __class__: astropy.units.quantity.Quantity
#       unit: !astropy.units.Unit {unit: km / s}
#       value: !astropy.table.SerializedColumn {name: radial_velocity}
# schema: astropy-2.0
ra,dec,distance,pm_ra_cosdec,pm_dec,radial_velocity
[from data line 142]
333.5891602573866,-10.92041218954773,0.9999999999999994,1.4842150363783875,-4.73739733185979,5.627577619507294
333.59862170189336,-10.926685228607266,0.9999999999999991,1.4784143537139338,-4.733612952571304,-3.6231651151128994
333.60805958298664,-10.9330507827097,0.9999999999999991,1.4726147342444638,-4.7297965331834515,-12.476400011194833
333.61747395614873,-10.93950866918427,0.999999999999999,1.4668172985434207,-4.725948540810631,-20.938496594438092
333.6268648768,-10.946058705348968,0.9999999999999992,1.4610231672495027,-4.722069442427124,-29.015824390542967
333.636232400299,-10.952700708510527,0.9999999999999993,1.455233461066411,-4.71815970486783,-36.714752925209105
333.64557658194235,-10.95943449596448,0.9999999999999991,1.4494493007625526,-4.714219794829003,-44.04165172413671
333.6548974769656,-10.96625988499517,0.9999999999999991,1.4436718071708343,-4.71025017886898,-51.002890313025475
333.6641951405425,-10.97317669287577,0.9999999999999992,1.4379021011883406,-4.706251323408909,-57.60483821757564
333.6734696277861,-10.980184736868324,0.9999999999999992,1.4321413037761213,-4.702223694733491,-63.85386496348698
333.6827209937482,-10.987283834223767,0.9999999999999993,1.4263905359588982,-4.698167758991708,-69.75634007645937
333.69194929341984,-10.994473802181933,0.9999999999999991,1.420650918824859,-4.694083982197553,-75.31863308219292
333.70115458173143,-11.001754457971593,0.999999999999999,1.414923573525308,-4.689972830230762,-80.54711350638745
333.71033691355285,-11.00912561881049,0.9999999999999992,1.409209621274507,-4.685834768837551,-85.44815087474305
333.7194963436938,-11.016587101905339,0.9999999999999991,1.403510183349371,-4.681670263631348,-90.02811471295948
333.7286329269036,-11.02413872445186,0.9999999999999992,1.397826381089187,-4.677479780093519,-94.2933745467369
333.73774671787174,-11.031780303634811,0.9999999999999991,1.392159335895414,-4.6732637835741135,-98.25029990177508
333.7468377712279,-11.039511656627996,0.9999999999999993,1.3865101692313981,-4.669022739292583,-101.90526030377413
333.75590614154174,-11.047332600594302,0.9999999999999991,1.3808800026220673,-4.664757112338529,-105.26462527843393
333.76495188332393,-11.055242952685704,0.9999999999999992,1.3752699576538223,-4.660467367672429,-108.3347643514543
333.7739750510254,-11.063242530043315,0.9999999999999993,1.3696811559741402,-4.656153970126377,-111.12204704853539
333.7829756990378,-11.07133114979738,0.9999999999999992,1.364114719291317,-4.6518173844048185,-113.63284289537701
333.7919538816941,-11.079508629067309,0.9999999999999994,1.3585717693743753,-4.647458075085275,-115.87352141767923
333.8009096532679,-11.087774784961708,0.9999999999999993,1.3530534280525952,-4.643076506619107,-117.85045214114186
333.80984306797444,-11.09612943457839,0.9999999999999993,1.3475608172154452,-4.638673143332227,-119.57000459146496
333.81875417996997,-11.1045723950044,0.9999999999999992,1.3420950588122036,-4.634248449425847,-121.0385482943484
333.8276430433526,-11.113103483316038,0.9999999999999993,1.3366572748517758,-4.629802888977222,-122.2624527754922
333.8365097121619,-11.121722516578878,0.9999999999999991,1.3312485874024027,-4.625336925940387,-123.24808756059629
333.8453542403793,-11.130429311847784,0.9999999999999992,1.3258701185914745,-4.620851024146891,-124.00182217536054
333.8541766819283,-11.139223686166954,0.9999999999999992,1.3205229906051414,-4.616345647306559,-124.53002614548502
333.86297709067446,-11.14810545656991,0.9999999999999993,1.3152083256882126,-4.611821259008214,-124.83906899666964
333.8717555204254,-11.15707444007954,0.9999999999999993,1.309927246143813,-4.607278322720437,-124.93532025461431
333.8805120249315,-11.166130453708112,0.9999999999999993,1.304680874333199,-4.602717301792301,-124.82514944501898
333.8892466578852,-11.175273314457291,0.9999999999999994,1.2994703326753907,-4.598138659454122,-124.51492609358364
333.8979594729221,-11.184502839318169,0.9999999999999994,1.2942967436470383,-4.593542858818215,-124.01101972600821
333.9066505236203,-11.193818845271279,0.9999999999999994,1.2891612297821649,-4.588930362879635,-123.31979986799264
333.915319863501,-11.203221149286607,0.9999999999999992,1.2840649136717932,-4.584301634516922,-122.44763604523693
333.92396754602817,-11.212709568323632,0.9999999999999996,1.2790089179637842,-4.5796571364928615,-121.40089778344094
333.93259362460947,-11.222283919331328,0.9999999999999993,1.273994365362661,-4.574997331455243,-120.18595460830467
333.9411981525955,-11.231944019248195,0.9999999999999994,1.2690223786291543,-4.570322681937597,-118.809176045528
333.94978118328055,-11.24168968500227,0.9999999999999996,1.2640940805801257,-4.565633650359976,-117.2769316208111
333.9583427699025,-11.251520733511152,0.9999999999999992,1.2592105940882643,-4.560930699029683,-115.59559085985367
333.96688296564287,-11.261436981682017,0.9999999999999992,1.254373042081765,-4.556214290142049,-113.77152328835578
333.9754018236272,-11.27143824641165,0.9999999999999994,1.2495825475441809,-4.551484885781191,-111.81109843201735
333.9838993969248,-11.281524344586444,0.9999999999999993,1.2448402335140738,-4.546742947920781,-109.72068581653822
333.99237573854947,-11.291695093082435,0.9999999999999993,1.2401472230848896,-4.541988938424791,-107.50665496761862
334.0008309014589,-11.301950308765315,0.9999999999999994,1.2355046394045068,-4.537223319048269,-105.17537541095822
334.0092649385555,-11.312289808490453,0.9999999999999994,1.230913605675159,-4.532446551438112,-102.73321667225707
334.01767790268576,-11.322713409102905,0.9999999999999994,1.226375245153097,-4.527659097133831,-100.18654827721515
334.02606984664135,-11.333220927437448,0.9999999999999994,1.221890681148377,-4.522861417568313,-97.5417397515324
334.03444082315826,-11.343812180318588,0.9999999999999996,1.2174610370245285,-4.518053974068604,-94.80516062090884
334.0427908849177,-11.354486984560584,0.9999999999999994,1.2130874361984123,-4.513237227856681,-91.98318041104409
334.0511200845455,-11.365245156967454,0.9999999999999993,1.2087710021398124,-4.508411640050223,-89.08216864763855
334.05942847461296,-11.376086514333009,0.9999999999999997,1.2045128583713245,-4.503577671663395,-86.1084948563919
334.06771610763656,-11.387010873440868,0.9999999999999994,1.200314128468026,-4.498735783607628,-83.06852856300411
334.07598303607807,-11.398018051064467,0.9999999999999996,1.1961759360572346,-4.493886436692389,-79.9686392931752
334.08422931234486,-11.409107863967085,0.9999999999999997,1.192099404818216,-4.489030091625984,-76.8151965726051
334.0924549887898,-11.420280128901862,0.9999999999999996,1.1880856584819792,-4.484167209016329,-73.61456992699377
334.1006601177117,-11.43153466261181,0.9999999999999994,1.184135820830985,-4.479298249371741,-70.37312888204094
334.108844751355,-11.442871281829838,0.9999999999999996,1.1802510156988664,-4.474423673101729,-67.09724296344696
334.1170089419103,-11.45428980327877,0.9999999999999993,1.176432366970234,-4.4695439405177915,-63.793281696911585
334.12515274151417,-11.46579004367136,0.9999999999999996,1.172680998580331,-4.464659511834191,-60.467614608134554
334.1332762022494,-11.4773718197103,0.9999999999999996,1.1689980345148125,-4.459770847168777,-57.12661122281626
334.14137937614527,-11.489034948088259,0.9999999999999996,1.1653845988095197,-4.454878406543763,-53.77664106665625
334.1494623151774,-11.50077924548788,0.9999999999999996,1.1618418155501322,-4.449982649886534,-50.42407366535475
334.15752507126786,-11.51260452858181,0.9999999999999996,1.1583708088719686,-4.445084037030448,-47.07527854461128
334.16556769628556,-11.524510614032716,0.9999999999999997,1.1549727029596886,-4.440183027715642,-43.7366252301264
334.1735902420463,-11.53649731849329,0.9999999999999996,1.1516486220470705,-4.435280081589842,-40.41448324759973
334.1815927603125,-11.548564458606277,0.9999999999999996,1.1483996904166838,-4.4303756582091545,-37.11522212273122
334.1895753027939,-11.560711851004505,0.9999999999999997,1.1452270323996587,-4.425470217038903,-33.845211381220814
334.19753792114716,-11.572939312310869,0.9999999999999996,1.1421317723754205,-4.420564217454422,-30.610820548768498
334.20548066697626,-11.585246659138377,0.9999999999999997,1.1391150347713985,-4.415658118741881,-27.418419151074183
334.2134035918327,-11.597633708090155,0.9999999999999997,1.136177944062784,-4.410752380099099,-24.27437671383766
334.2213067472153,-11.610100275759459,0.9999999999999997,1.1333216247722435,-4.405847460636366,-21.185062762759333
334.22919018457054,-11.622646178729715,0.9999999999999997,1.1305472014696465,-4.400943819377267,-18.156846823538928
334.23705395529254,-11.635271233574498,0.9999999999999997,1.1278557987717985,-4.396041915259501,-15.196098421876323
334.24489811072334,-11.647975256857585,0.9999999999999998,1.1252485413421707,-4.391142207135718,-12.309187083471357
334.2527227021529,-11.660758065132953,0.9999999999999997,1.122726553890622,-4.386245153774336,-9.502482334024252
334.26052778081925,-11.673619474944791,0.9999999999999999,1.12029096117313,-4.3813512138603805,-6.782353699234674
334.26831339790846,-11.686559302827543,0.9999999999999998,1.1179428879915054,-4.376460845996323,-4.155170704802867
334.276079604555,-11.699577365305894,0.9999999999999997,1.1156834591931288,-4.371574508702902,-1.6273028764283
334.28382645184166,-11.7126734788948,0.9999999999999997,1.1135137996706688,-4.366692660419978,0.7948802601884212
334.2915539907997,-11.7258474600995,0.9999999999999997,1.1114350343618,-4.3618157595073646,3.105009179347615
334.2992622724092,-11.739099125415551,0.9999999999999998,1.1094482882489294,-4.3569442642456755,5.296714355349535
334.3069513475986,-11.752428291328815,0.9999999999999997,1.107554686358918,-4.352078632837177,7.363626262494041
334.31462126724546,-11.765834774315504,0.9999999999999998,1.1057553537627975,-4.347219323406618,9.299375375081283
334.32227208217614,-11.779318390842167,0.9999999999999997,1.104051415575486,-4.342366794002104,11.097592167411308
334.32990384316616,-11.792878957365737,0.9999999999999999,1.1024439969555153,-4.337521502595932,12.751907113784075
334.33751660094015,-11.806516290333517,0.9999999999999999,1.1009342231047372,-4.332683907085457,14.255950688499617
334.34511040617184,-11.820230206183233,0.9999999999999998,1.0995232192680473,-4.327854465293946,15.603353365858103
334.3526853094847,-11.834020521343012,0.9999999999999997,1.0982121107330953,-4.323033634971438,16.787745620159473
334.3602413614514,-11.84788705223142,0.9999999999999999,1.0970020228299981,-4.318221873795604,17.80275792570389
334.36777861259424,-11.861829615257477,0.9999999999999999,1.0958940809310638,-4.313419639372629,18.642020756791297
334.37529711338544,-11.875848026820664,0.9999999999999998,1.0948894104504858,-4.308627389238054,19.299164587721847
334.3827969142468,-11.889942103310965,0.9999999999999998,1.093989136844068,-4.303845580857668,19.76781989279547
334.3902780655502,-11.904111661108832,1.0,1.0931943856089301,-4.299074671628369,20.041617146312362
334.39774061761756,-11.918356516585263,0.9999999999999999,1.0925062822832166,-4.294315118879046,20.114186822572425
334.4051846207209,-11.932676486101768,0.9999999999999998,1.0919259524458023,-4.2895673798714515,19.979159395875957
334.4126101250825,-11.947071386010423,0.9999999999999998,1.0914545217160045,-4.284831911801085,19.630165340522677
334.4200171808751,-11.961541032653853,0.9999999999999999,1.0910931157532917,-4.280109171798074,19.060835130812855
334.42740583822183,-11.976085242365274,1.0,1.0908428602569773,-4.275399616928061,18.264799241046294
334.43477614719643,-11.990703831468497,1.0,1.0907048809659312,-4.270703704193089,17.235688145523543
334.44212815782345,-12.00539661627795,1.0,1.0906803036582853,-4.266021890532494,15.967132318544147
334.44946192007814,-12.020163413098684,0.9999999999999999,1.0907702541511282,-4.261354632823794,14.452762234408425
334.4567774838867,-12.035004038226404,1.0,1.090975858300211,-4.256702387883587,12.686208367416286
334.46407489912644,-12.04991830794747,1.0,1.0912982419996475,-4.2520656124684475,10.661101191867791
334.4713542156258,-12.064906038538927,0.9999999999999999,1.0917385311816123,-4.247444763275828,8.371071182063245
334.4786154831644,-12.079967046268512,0.9999999999999999,1.0922978518160351,-4.242840296944954,5.809748812302567
334.48585875147324,-12.095101147394677,1.0000000000000002,1.092977329910304,-4.238252670057737,2.970764556885554
334.493084070235,-12.110308158166596,1.0000000000000002,1.0937780915089554,-4.233682339139681,-0.15225110988775137
334.5002914890837,-12.125587894824191,1.0000000000000002,1.0947012626933714,-4.229129760660786,-3.5656677137167643
334.50748105760516,-12.140940173598146,1.0000000000000002,1.0957479695814734,-4.224595391036466,-7.275854780301565
334.5146528253372,-12.156364810709917,1.0000000000000004,1.0969193383274132,-4.22007968662846,-11.28918183534264
334.5218068417692,-12.171861622371758,1.0000000000000002,1.0982164951212643,-4.2155831037457485,-15.612018404539814
334.52894315634296,-12.187430424786717,1.0000000000000002,1.0996405661887236,-4.211106098645474,-20.25073401359261
334.53606181845214,-12.2030710341487,1.0000000000000002,1.101192677790769,-4.206649127533865,-25.211698188200845
334.54316287744297,-12.218783266642422,1.0000000000000002,1.1028739562233945,-4.202212646567151,-30.50128045406545
334.5502463826137,-12.234566938443471,1.0000000000000002,1.104685527817248,-4.197797111852501,-36.125850336885385
334.5573123832155,-12.250421865718312,1.0,1.1066285189373697,-4.193402979448943,-42.091777362360595
334.56436092845166,-12.266347864624292,1.0000000000000002,1.1087040559828143,-4.189030705368293,-48.40543105619189
334.57139206747866,-12.282344751309681,1.0,1.1109132653863911,-4.1846807455761015,-55.07318094407893
334.57840584940556,-12.298412341913657,1.0000000000000002,1.1132572736143382,-4.180353555992571,-62.101396551721095
334.58540232329443,-12.31455045256635,1.0,1.1157372071659557,-4.176049592493511,-69.4964474048183
334.59238153816034,-12.330758899388837,1.0000000000000002,1.1183541925733493,-4.171769310911261,-77.26470302907128
334.5993435429717,-12.347037498493181,1.0000000000000004,1.1211093564010683,-4.167513167035651,-85.41253295017994
334.6062883866501,-12.363386065982429,1.0000000000000002,1.1240038252458247,-4.163281616614929,-93.94630669384348
334.61321611807045,-12.379804417950632,1.0000000000000004,1.127038725736087,-4.15907511535672,-102.87239378576189
334.6201267860615,-12.396292370482875,1.0000000000000004,1.1302151845318846,-4.154894118928969,-112.19716375163632
334.6270204394053,-12.412849739655273,1.0000000000000002,1.1335343283243766,-4.150739082960895,-121.92698611716547
334.63389712683795,-12.429476341535,1.0000000000000004,1.1369972838355338,-4.146610463043936,-132.06823040804963
334.6407568970492,-12.446171992180316,1.0000000000000002,1.1406051778179211,-4.142508714732729,-142.6272661499884
334.64759979868285,-12.462936507640551,1.0000000000000002,1.1443591370541846,-4.138434293546029,-153.61046286868304
334.6544258803369,-12.479769703956164,1.0000000000000002,1.1482602883569122,-4.13438765496771,-165.0241900898322
334.6612351905636,-12.49667139715872,1.0000000000000002,1.1523097585682134,-4.130369254447684,-176.8748173391356
334.6680277778694,-12.513641403270936,1.0000000000000002,1.1565086745592996,-4.126379547402919,-189.1687141422943
334.6748036907153,-12.530679538306687,1.0000000000000004,1.1608581632303299,-4.122418989218344,-201.91225002500846
334.68156297751693,-12.547785618271023,1.0000000000000004,1.1653593515099843,-4.118488035247877,-215.1117945129766
334.68830568664464,-12.564959459160178,1.0000000000000004,1.1700133663551533,-4.114587140815335,-228.77371713189893
334.6950318664235,-12.582200876961613,1.0000000000000007,1.1748213347505327,-4.110716761215467,-242.90438740747717
334.70174156513366,-12.599509687653986,1.0000000000000007,1.1797843837083768,-4.106877351714876,-257.5101748654091
334.7084348310102,-12.616885707207237,1.0000000000000007,1.1849036402681037,-4.1030693675530365,-272.59744903139574
