galstreams/tracks/track.st.NGC1851.ibata2024.ecsv
# %ECSV 1.0
# ---
# datatype:
# - {name: ra, unit: deg, datatype: float64}
# - {name: dec, unit: deg, datatype: float64}
# - {name: distance, unit: kpc, datatype: float64}
# - {name: pm_ra_cosdec, unit: mas / yr, datatype: float64}
# - {name: pm_dec, unit: mas / yr, datatype: float64}
# - {name: radial_velocity, unit: km / s, datatype: float64}
# delimiter: ','
# meta: !!omap
# - __serialized_columns__:
#     dec:
#       __class__: astropy.coordinates.angles.Latitude
#       unit: &id001 !astropy.units.Unit {unit: deg}
#       value: !astropy.table.SerializedColumn {name: dec}
#     distance:
#       __class__: astropy.coordinates.distances.Distance
#       unit: !astropy.units.Unit {unit: kpc}
#       value: !astropy.table.SerializedColumn {name: distance}
#     pm_dec:
#       __class__: astropy.units.quantity.Quantity
#       unit: !astropy.units.Unit {unit: mas / yr}
#       value: !astropy.table.SerializedColumn {name: pm_dec}
#     pm_ra_cosdec:
#       __class__: astropy.units.quantity.Quantity
#       unit: !astropy.units.Unit {unit: mas / yr}
#       value: !astropy.table.SerializedColumn {name: pm_ra_cosdec}
#     ra:
#       __class__: astropy.coordinates.angles.Longitude
#       unit: *id001
#       value: !astropy.table.SerializedColumn {name: ra}
#       wrap_angle: !astropy.coordinates.Angle
#         unit: *id001
#         value: 360.0
#     radial_velocity:
#       __class__: astropy.units.quantity.Quantity
#       unit: !astropy.units.Unit {unit: km / s}
#       value: !astropy.table.SerializedColumn {name: radial_velocity}
# schema: astropy-2.0
ra,dec,distance,pm_ra_cosdec,pm_dec,radial_velocity
[from data line 288]
77.69794196167697,-37.95032825968596,0.9999999999999996,2.137424866213596,-1.0242928512261074,590.8329001555059
77.70422622318475,-37.958878869066474,0.9999999999999998,2.137784466931741,-1.0230416969582734,587.6352877941168
77.71048054147334,-37.96743629233395,0.9999999999999997,2.1381472554326706,-1.0217856292802026,584.462403786328
77.71670501341185,-37.97600051028163,0.9999999999999998,2.1385131936009145,-1.020524680979662,581.3141536698422
77.72289973588765,-37.984571503660774,0.9999999999999994,2.1388822433363295,-1.019258884857912,578.1904429823624
77.72906480580654,-37.99314925318062,0.9999999999999996,2.1392543665538035,-1.01798827372928,575.0911772615914
77.73520032009294,-38.00173373950871,0.9999999999999997,2.1396295251832385,-1.0167128804213021,572.0162620452312
77.74130637569009,-38.010324943271264,0.9999999999999994,2.1400076811694255,-1.0154327377743968,568.9656028709853
77.74738306956014,-38.01892284505311,0.9999999999999994,2.1403887964717256,-1.0141478786417295,565.9391052765562
77.75343049868444,-38.02752742539808,0.9999999999999996,2.140772833064144,-1.0128583358890424,562.9366747996467
77.75944876006366,-38.03613866480928,0.9999999999999994,2.141159752934996,-1.0115641423946613,559.9582169779593
77.7654379507179,-38.044756543749116,0.9999999999999996,2.1415495180869506,-1.0102653310491405,557.0036373491972
77.771398167687,-38.05338104263959,0.9999999999999996,2.1419420905366806,-1.0089619347551846,554.0728414510628
77.77732950803062,-38.06201214186272,0.9999999999999993,2.1423374323149353,-1.0076539864275489,551.1657348212586
77.78323206882843,-38.07064982176036,0.9999999999999996,2.1427355054662165,-1.0063415189928264,548.2822229974879
77.7891059471803,-38.07929406263473,0.9999999999999996,2.143136272048718,-1.0050245653893768,545.4222115174534
77.79495124020647,-38.08794484474844,0.9999999999999996,2.1435396941342546,-1.0037031585670206,542.5856059188574
77.80076804504775,-38.096602148324955,0.9999999999999997,2.1439457338079784,-1.0023773314870326,539.7723117394032
77.80655645886564,-38.10526595354847,0.9999999999999996,2.1443543531683176,-1.0010471171220416,536.9822345167928
77.81231657884251,-38.113936240564286,0.9999999999999996,2.1447655143268776,-0.9997125484556761,534.21527978873
77.81804850218188,-38.12261298947922,0.9999999999999996,2.1451791794081956,-0.9983736584825778,531.4713530929165
77.82375232610848,-38.13129618036142,0.9999999999999996,2.1455953105496857,-0.9970304802082453,528.7503599670555
77.8294281478684,-38.13998579324077,0.9999999999999996,2.146013869901484,-0.9956830466488427,526.0522059488499
77.83507606472945,-38.14868180810928,0.9999999999999997,2.1464348196262737,-0.994331390831114,523.376796576002
77.84069617398112,-38.15738420492096,0.9999999999999994,2.146858121899216,-0.9929755457921132,520.7240373862151
77.84628857293484,-38.16609296359217,0.9999999999999996,2.147283738907765,-0.991615544579254,518.0938339171917
77.85185335892425,-38.174808064002015,0.9999999999999996,2.1477116328515002,-0.9902514202500257,515.4860917066344
77.8573906293052,-38.18352948599218,0.9999999999999996,2.1481417659421034,-0.9888832058718648,512.900716292246
77.86290048145605,-38.192257209367455,0.9999999999999994,2.1485741004030974,-0.9875109345220636,510.3376132117293
77.86838301277778,-38.20099121389571,0.9999999999999994,2.149008598469786,-0.9861346392875774,507.79668800278716
77.87383832069429,-38.209731479308395,0.9999999999999997,2.149445222389069,-0.9847543532650036,505.27784620312207
77.87926650265234,-38.21847798530038,0.9999999999999994,2.149883934419396,-0.9833701095602905,502.780993350437
77.88466765612192,-38.22723071153039,0.9999999999999994,2.1503246968305554,-0.981981941288609,500.30603498243465
77.89004187859643,-38.23598963762122,0.9999999999999997,2.150767471903526,-0.9805898815744101,497.85287663681765
77.8953892675927,-38.24475474315982,0.9999999999999996,2.1512122219304217,-0.9791939635510616,495.4214238512888
77.90070992065131,-38.25352600769747,0.9999999999999996,2.1516589092143086,-0.9777942203607921,493.01158216355094
77.90600393533668,-38.26230341075027,0.9999999999999997,2.152107496069064,-0.9763906851546338,490.62325711130666
77.91127140923733,-38.27108693179894,0.9999999999999996,2.1525579448193035,-0.974983391092195,488.25635423225884
77.91651243996591,-38.27987655028925,0.9999999999999996,2.153010217800171,-0.9735723713414615,485.91077906411016
77.92172712515958,-38.28867224563233,0.9999999999999994,2.1534642773572834,-0.9721576590788388,483.5864371445634
77.92691556247999,-38.29747399720453,0.9999999999999997,2.1539200858465364,-0.9707392874890033,481.2832340113214
77.93207784961353,-38.306281784347846,0.9999999999999996,2.154377605634025,-0.9693172897645965,479.0010752020867
77.9372140842716,-38.31509558637025,0.9999999999999997,2.1548367990958788,-0.9678916991061968,476.7398662545619
77.94232436419061,-38.32391538254552,0.9999999999999996,2.1552976286181806,-0.9664625487222551,474.4995127064502
77.94740878713223,-38.33274115211373,0.9999999999999994,2.155760056596792,-0.9650298718288894,472.2799200954541
77.95246745088362,-38.34157287428127,0.9999999999999994,2.1562240454372414,-0.9635937016496996,470.0809939592763
77.95750045325758,-38.3504105282213,0.9999999999999996,2.1566895575545573,-0.9621540714158598,467.9026398356197
77.9625078920926,-38.35925409307362,0.9999999999999996,2.157156555373289,-0.9607110143656925,465.7447632621869
77.96748986525323,-38.368103547945,0.9999999999999996,2.157625001327162,-0.959264563744739,463.6072697766808
77.97244647063012,-38.37695887190953,0.9999999999999994,2.158094857859142,-0.9578147528056746,461.4900649168039
77.97737780614025,-38.385820044008554,0.9999999999999996,2.158566087421198,-0.9563616148079319,459.3930542202593
77.98228396972705,-38.394687043250954,0.9999999999999994,2.159038652474214,-0.954905183017857,457.31614322474934
77.98716505936068,-38.403559848613504,0.9999999999999996,2.1595125154878847,-0.9534454907084537,455.2592374679771
77.99202117303803,-38.41243843904082,0.9999999999999996,2.1599876389405708,-0.9519825711592773,453.2222424876451
77.99685240878306,-38.421322793445626,0.9999999999999994,2.1604639853191525,-0.9505164576562208,451.20506382145606
78.00165886464696,-38.43021289070911,0.9999999999999994,2.1609415171189497,-0.9490471834915795,449.207607007113
78.00644063870818,-38.43910870968087,0.9999999999999994,2.1614201968435847,-0.9475747819638372,447.2297775823185
78.01119782907271,-38.44801022917916,0.9999999999999996,2.161899987004867,-0.9460992863774891,445.27148108477525
78.01593053387433,-38.45691742799133,0.9999999999999994,2.1623808501226467,-0.9446207300429847,443.33262305218614
78.0206388512746,-38.46583028487364,0.9999999999999996,2.162862748724704,-0.9431391462766072,441.4131090222537
78.02532287946313,-38.47474877855165,0.9999999999999994,2.1633456453466717,-0.9416545684003452,439.5128445326811
78.02998271665778,-38.48367288772036,0.9999999999999996,2.1638295025318612,-0.9401670297418008,437.6317351211703
78.03461846110481,-38.492602591044545,0.9999999999999996,2.164314282831171,-0.9386765636340044,435.76968632542474
78.03923021107904,-38.501537867158646,0.9999999999999996,2.164799948802937,-0.9371832034154011,433.9266036831469
78.04381806488395,-38.51047869466716,0.9999999999999994,2.165286463012885,-0.935686982429587,432.1023927320398
78.04838212085207,-38.51942505214489,0.9999999999999996,2.165773788033915,-0.9341879340253811,430.29695900980596
78.05292247734488,-38.528376918136885,0.9999999999999996,2.166261886446078,-0.9326860915565263,428.51020805414794
78.05743923275317,-38.53733427115875,0.9999999999999996,2.1667507208363865,-0.9311814883817888,426.7420454027688
78.06193248549714,-38.546297089697006,0.9999999999999994,2.1672402537987843,-0.9296741578645822,424.99237659337115
78.06640233402662,-38.55526535220893,0.9999999999999996,2.167730447933904,-0.9281641333730661,423.2611071636578
78.07084887682115,-38.5642390371229,0.9999999999999996,2.168221265849068,-0.9266514482799764,421.5481426513313
78.07527221239026,-38.57321812283878,0.9999999999999996,2.1687126701581487,-0.9251361359624823,419.85338859409455
78.07967243927357,-38.5822025877277,0.9999999999999996,2.1692046234814146,-0.9236182298020594,418.1767505296503
78.08404965604092,-38.59119241013245,0.9999999999999994,2.1696970884454405,-0.9220977631845173,416.5181339957013
78.08840396129276,-38.60018756836783,0.9999999999999997,2.170190027682988,-0.920574769499666,414.8774445299503
78.09273545365998,-38.60918804072046,0.9999999999999994,2.170683403832939,-0.9190492821414722,413.2545876701001
78.0970442318044,-38.618193805449216,0.9999999999999996,2.1711771795400985,-0.9175213345076543,411.6494689538533
78.10133039441872,-38.62720484078524,0.9999999999999994,2.1716713174551536,-0.9159909599999168,410.06199391891266
78.10559404022683,-38.63622112493241,0.9999999999999997,2.172165780234547,-0.914458192023524,408.49206810298097
78.10983526798391,-38.64524263606715,0.9999999999999994,2.1726605305403623,-0.9129230639873995,406.939597043761
78.11405417647656,-38.654269352338744,0.9999999999999996,2.1731555310401838,-0.9113856093039701,405.4044862789555
78.11825086452313,-38.663301251869726,0.9999999999999996,2.1736507444070554,-0.9098458613889804,403.88664134626714
78.1224254309737,-38.672338312755684,0.9999999999999997,2.1741461333193186,-0.9083038536615504,402.3859677833988
78.12657797471034,-38.68138051306562,0.9999999999999994,2.1746416604605123,-0.9067596195439691,400.902371128053
78.13070859464736,-38.69042783084227,0.9999999999999997,2.17513728851927,-0.905213192461531,399.4357569179328
78.13481738973128,-38.69948024410195,0.9999999999999997,2.1756329801892242,-0.9036646058426356,397.9860306907405
78.13890445894114,-38.70853773083494,0.9999999999999996,2.176128698168915,-0.9021138931184325,396.5530979841794
78.14296990128872,-38.717600269005736,0.9999999999999996,2.1766244051616166,-0.900561087722977,395.13686433595177
78.14701381581855,-38.726667836552906,0.9999999999999994,2.177120063875307,-0.8990062230929823,393.73723528376075
78.15103630160817,-38.73574041138953,0.9999999999999996,2.1776156370225124,-0.8974493326676907,392.3541163653087
78.15503745776832,-38.74481797140338,0.9999999999999994,2.1781110873202643,-0.8958904498889169,390.9874131182986
78.15901738344301,-38.753900494456865,0.9999999999999996,2.178606377489926,-0.8943296082008203,389.63703108043313
78.16297617780984,-38.76298795838737,0.9999999999999996,2.1791014702571108,-0.892766841049891,388.30287578941494
78.16691394007998,-38.77208034100735,0.9999999999999993,2.1795963283516286,-0.8912021818848075,386.98485278294703
78.17083076949855,-38.78117762010466,0.9999999999999996,2.1800909145072964,-0.8896356641563941,385.682867598732
78.1747267653446,-38.79027977344243,0.9999999999999994,2.180585191461917,-0.8880673213174788,384.3968257744724
78.17860202693134,-38.7993867787594,0.9999999999999996,2.1810791219571612,-0.8864971868228224,383.12663284787146
78.18245665360641,-38.80849861377024,0.9999999999999996,2.1815726687383936,-0.8849252941290047,381.8721943566314
78.18629074475186,-38.81761525616536,0.9999999999999997,2.1820657945546866,-0.8833516766943958,380.63341583845533
78.19010439978443,-38.82673668361128,0.9999999999999996,2.1825584621586778,-0.8817763679789863,379.41020283104575
78.19389771815575,-38.83586287375091,0.9999999999999996,2.183050634306408,-0.8801994014443366,378.2024608721057
78.19767079935245,-38.84499380420342,0.9999999999999997,2.183542273757304,-0.8786208105535493,377.0100954993375
78.20142374289624,-38.85412945256456,0.9999999999999996,2.184033343274079,-0.8770406287710415,375.83301225044414
78.2051566483443,-38.863269796406954,0.9999999999999994,2.18452380562257,-0.8754588895625801,374.6711166631285
78.2088696152892,-38.87241481327998,0.9999999999999996,2.185013623571699,-0.873875626395126,373.52431427509316
78.21256274335926,-38.88156448071011,0.9999999999999994,2.1855027598933887,-0.8722908727368122,372.39251062404094
78.21623613221853,-38.89071877620095,0.9999999999999994,2.1859911773624017,-0.8707046620567738,371.27561124767436
78.2198898815672,-38.89987767723366,0.9999999999999997,2.1864788387563117,-0.8691170278251619,370.17352168369655
78.2235240911415,-38.909041161266764,0.9999999999999996,2.186965706855366,-0.8675280035129873,369.08614746980993
78.22713886071404,-38.91820920573647,0.9999999999999994,2.18745174444242,-0.8659376225920425,368.01339414371733
78.23073429009392,-38.927381788056906,0.9999999999999996,2.187936914302835,-0.8643459185348661,366.95516724312154
78.2343104791269,-38.936558885620116,0.9999999999999996,2.188421179224367,-0.8627529248146715,365.91137230572537
78.23786752769553,-38.945740475796335,0.9999999999999994,2.1889045019971256,-0.8611586749051199,364.88191486923137
78.24140553571935,-38.95492653593406,0.9999999999999996,2.1893868454134413,-0.8595632022804693,363.8667004713425
78.24492460315506,-38.96411704336025,0.9999999999999994,2.1898681722677757,-0.8579665404153332,362.86563464976143
78.24842482999665,-38.97331197538047,0.9999999999999996,2.190348445356646,-0.8563687227846231,361.8786229421908
78.25190631627561,-38.98251130927903,0.9999999999999994,2.1908276274785266,-0.854769782863535,360.9055708863333
78.25536916206103,-38.99171502231918,0.9999999999999994,2.1913056814337804,-0.8531697541273857,359.94638401989204
78.25881346745979,-39.00092309174317,0.9999999999999996,2.191782570024559,-0.8515686700516838,359.0009678805696
78.26223933261676,-39.01013549477248,0.9999999999999996,2.1922582560546893,-0.8499665641118455,358.06922800606844
78.26564685771491,-39.01935220860795,0.9999999999999994,2.1927327023296286,-0.8483634697833224,357.15106993409165
78.26903614297548,-39.02857321042991,0.9999999999999994,2.1932058716563674,-0.8467594205413462,356.2463992023417
78.27240728865817,-39.03779847739834,0.9999999999999993,2.1936777268433136,-0.8451544498610772,355.35512134852166
78.27576039506127,-39.04702798665303,0.9999999999999996,2.1941482307002627,-0.843548591217278,354.477141910334
78.27909556252182,-39.05626171531368,0.9999999999999997,2.194617346038264,-0.8419418780844623,353.61236642548164
78.2824128914158,-39.06549964048012,0.9999999999999994,2.195085035669555,-0.8403343439366608,352.7607004316672
78.28571248215827,-39.07474173923236,0.9999999999999994,2.195551262407477,-0.838726022247485,351.9220494665934
78.28899443520355,-39.083987988630824,0.9999999999999993,2.1960159890664137,-0.8371169464899637,351.0963190679631
78.2922588510453,-39.093238365716445,0.9999999999999994,2.1964791784616704,-0.8355071501365288,350.28341477347914
78.2955058302168,-39.10249284751082,0.9999999999999994,2.196940793409441,-0.8338966666588945,349.48324212084407
78.29873547329103,-39.111751411016336,0.9999999999999996,2.1974007967266473,-0.832285529528086,348.6957066477606
78.30194788088083,-39.12101403321634,0.9999999999999994,2.197859151230981,-0.8306737722142614,347.92071389193165
78.30514315363912,-39.13028069107526,0.9999999999999997,2.198315819740696,-0.8290614281867121,347.1581693910599
78.30832139225896,-39.13955136153873,0.9999999999999993,2.1987707650746398,-0.8274485309138271,346.40797868284807
78.3114826974738,-39.14882602153378,0.9999999999999994,2.199223950052069,-0.8258351138629294,345.67004730499895
78.31462717005759,-39.15810464796891,0.9999999999999996,2.1996753374926854,-0.8242212105003119,344.94428079521515
78.31775491082495,-39.167387217734316,0.9999999999999996,2.2001248902164594,-0.822606854291152,344.23058469119957
78.3208660206313,-39.17667370770188,0.9999999999999997,2.2005725710436224,-0.8209920786994047,343.5288645306549
78.32396060037304,-39.1859640947255,0.9999999999999994,2.2010183427945638,-0.819376917187796,342.83902585128396
78.32703875098777,-39.19525835564105,0.9999999999999996,2.2014621682897157,-0.8177614032177516,342.1609741907892
78.33010057345427,-39.204556467266606,0.9999999999999996,2.201904010349608,-0.8161455702493114,341.4946150868738
