galstreams/tracks/track.st.GD-1.ibata2021.ecsv
# %ECSV 1.0
# ---
# datatype:
# - {name: ra, unit: deg, datatype: float64}
# - {name: dec, unit: deg, datatype: float64}
# - {name: distance, unit: kpc, datatype: float64}
# - {name: pm_ra_cosdec, unit: mas / yr, datatype: float64}
# - {name: pm_dec, unit: mas / yr, datatype: float64}
# - {name: radial_velocity, unit: km / s, datatype: float64}
# delimiter: ','
# meta: !!omap
# - __serialized_columns__:
#     dec:
#       __class__: astropy.coordinates.angles.Latitude
#       unit: &id001 !astropy.units.Unit {unit: deg}
#       value: !astropy.table.SerializedColumn {name: dec}
#     distance:
#       __class__: astropy.coordinates.distances.Distance
#       unit: !astropy.units.Unit {unit: kpc}
#       value: !astropy.table.SerializedColumn {name: distance}
#     pm_dec:
#       __class__: astropy.units.quantity.Quantity
#       unit: !astropy.units.Unit {unit: mas / yr}
#       value: !astropy.table.SerializedColumn {name: pm_dec}
#     pm_ra_cosdec:
#       __class__: astropy.units.quantity.Quantity
#       unit: !astropy.units.Unit {unit: mas / yr}
#       value: !astropy.table.SerializedColumn {name: pm_ra_cosdec}
#     ra:
#       __class__: astropy.coordinates.angles.Longitude
#       unit: *id001
#       value: !astropy.table.SerializedColumn {name: ra}
#       wrap_angle: !astropy.coordinates.Angle
#         unit: *id001
#         value: 360.0
#     radial_velocity:
#       __class__: astropy.units.quantity.Quantity
#       unit: !astropy.units.Unit {unit: km / s}
#       value: !astropy.table.SerializedColumn {name: radial_velocity}
# schema: astropy-2.0
ra,dec,distance,pm_ra_cosdec,pm_dec,radial_velocity
[from data line 9228]
201.2274237969273,58.229394738264745,10.197929908047012,-7.795987365746048,-3.7013843369903165,-200.59855641270488
201.2463827293405,58.230582994410526,10.19924660178169,-7.795176313784338,-3.6985079713807885,-200.64634601436452
201.2653430036206,58.231768206724524,10.200563690330224,-7.794364030510355,-3.69563218730358,-200.69413192347488
201.28430461652786,58.23295037484467,10.201881173735817,-7.7935505159186835,-3.6927569859258575,-200.74191413890264
201.30326756482089,58.23412949840969,10.203199052041677,-7.792735770004863,-3.6898823684148168,-200.78969265951415
201.32223184525688,58.23530557705916,10.204517325291011,-7.791919792765441,-3.687008335937659,-200.8374674841763
201.3411974545914,58.23647861043349,10.205835993527023,-7.791102584197928,-3.684134889661618,-200.8852386117559
201.36016438957853,58.23764859817384,10.20715505679292,-7.790284144300819,-3.6812620307539308,-200.93300604111954
201.37913264697073,58.2388155399223,10.208474515131908,-7.789464473073604,-3.6783897603818754,-200.98076977113374
201.39810222351903,58.239979435321665,10.209794368587193,-7.788643570516745,-3.6755180797127216,-201.02852980066535
201.41707311597293,58.24114028401564,10.211114617201982,-7.7878214366316865,-3.6726469899137553,-201.07628612858102
201.43604532108023,58.24229808564873,10.21243526101948,-7.786998071420866,-3.669776492152291,-201.1240387537474
201.45501883558745,58.24345283986623,10.213756300082894,-7.786173474887688,-3.6669065875956313,-201.17178767503108
201.47399365623937,58.2446045463143,10.21507773443543,-7.785347647036557,-3.66403727741111,-201.21953289129888
201.49296977977943,58.245753204639904,10.216399564120294,-7.78452058787286,-3.661168562766049,-201.26727440141724
201.5119472029495,58.246898814490855,10.217721789180692,-7.78369229740296,-3.6583004448277836,-201.3150122042533
201.5309259224899,58.24804137551577,10.219044409659833,-7.782862775634205,-3.6554329247636583,-201.36274629867324
201.54990593513944,58.249180887364076,10.22036742560092,-7.782032022574947,-3.6525660037410144,-201.410476683544
201.56888723763552,58.25031734968607,10.221690837047158,-7.7812000382345055,-3.649699682927191,-201.45820335773226
201.58786982671396,58.25145076213283,10.223014644041756,-7.780366822623188,-3.646833963489542,-201.50592632010455
201.60685369910908,58.25258112435631,10.22433884662792,-7.779532375752297,-3.643968846595402,-201.5536455695278
201.62583885155374,58.25370843600925,10.225663444848857,-7.778696697634109,-3.6411043334121165,-201.6013611048683
201.64482528077932,58.25483269674525,10.22698843874777,-7.777859788281903,-3.6382404251070155,-201.64907292499313
201.6638129835157,58.25595390621869,10.228313828367863,-7.777021647709938,-3.6353771228474296,-201.69678102876873
201.68280195649123,58.25707206408487,10.229639613752349,-7.776182275933458,-3.632514427800682,-201.74448541506177
201.70179219643293,58.258187169999815,10.230965794944433,-7.775341672968697,-3.62965234113408,-201.79218608273908
201.72078370006614,58.25929922362045,10.232292371987318,-7.774499838832877,-3.62679086401493,-201.8398830306672
201.73977646411484,58.260408224604525,10.233619344924211,-7.773656773544219,-3.623929997610519,-201.88757625771277
201.75877048530157,58.26151417261057,10.234946713798319,-7.772812477121915,-3.6210697430881242,-201.9352657627427
201.7777657603474,58.262617067298024,10.23627447865285,-7.771966949586156,-3.6182101016149986,-201.9829515446236
201.79676228597174,58.26371690832708,10.237602639531007,-7.771120190958133,-3.615351074358404,-202.03063360222188
201.81576005889286,58.26481369535883,10.238931196475995,-7.7702722012600045,-3.6124926624855513,-202.0783119344044
201.83475907582746,58.265907428055165,10.240260149531025,-7.769422980514936,-3.609634867163642,-202.12598654003793
201.8537593334906,58.26699810607883,10.2415894987393,-7.768572528747076,-3.606777689559877,-202.1736574179891
201.87276082859614,58.26808572909336,10.242919244144025,-7.767720845981572,-3.6039211308414068,-202.22132456712447
201.89176355785636,58.26917029676317,10.244249385788406,-7.7668679322445575,-3.601065192175374,-202.26898798631078
201.91076751798215,58.27025180875351,10.245579923715658,-7.7660137875631445,-3.5982098747288878,-202.31664767441478
201.92977270568292,58.27133026473042,10.246910857968976,-7.765158411965466,-3.5953551796690393,-202.36430363030308
201.94877911766676,58.272405664360846,10.248242188591572,-7.7643018054806205,-3.592501108162874,-202.4119558528423
201.9677867506401,58.273478007312505,10.249573915626652,-7.763443968138709,-3.589647661377433,-202.45960434089912
201.98679560130822,58.27454729325399,10.250906039117416,-7.762584899970836,-3.586794840479697,-202.50724909334045
202.00580566637475,58.27561352185472,10.252238559107077,-7.761724601009076,-3.583942646636636,-202.55489010903273
202.0248169425421,58.27667669278493,10.253571475638841,-7.760863071286516,-3.581091081015171,-202.60252738684272
202.04382942651102,58.27773680571576,10.25490478875591,-7.760000310837229,-3.578240144782192,-202.65016092563695
202.06284311498106,58.27879386031913,10.256238498501494,-7.7591363196962755,-3.575389839104557,-202.69779072428224
202.08185800465034,58.27984785626778,10.2575726049188,-7.7582710978997245,-3.5725401651490665,-202.7454167816454
202.10087409221538,58.28089879323535,10.258907108051028,-7.757404645484627,-3.5696911240825098,-202.79303909659285
202.11989137437155,58.2819466708963,10.26024200794139,-7.756536962489033,-3.5668427170715984,-202.84065766799142
202.1389098478126,58.282991488925916,10.26157730463309,-7.755668048951991,-3.5639949452830306,-202.88827249470765
202.1579295092311,58.28403324700036,10.262912998169337,-7.754797904913537,-3.5611478098834364,-202.9358835756085
202.176950355318,58.28507194479657,10.26424908859333,-7.753926530414715,-3.558301312039421,-202.98349090956037
202.1959723827631,58.286107581992376,10.265585575948284,-7.753053925497541,-3.5554554529175197,-203.03109449542998
202.21499558825457,58.28714015826645,10.266922460277398,-7.752180090205054,-3.552610233684236,-203.07869433208396
202.2340199684794,58.2881696732983,10.268259741623883,-7.751305024581272,-3.549765655506002,-203.12629041838926
202.2530455201231,58.289196126768275,10.269597420030943,-7.750428728671219,-3.5469217195492155,-203.1738827532122
202.2720722398698,58.29021951835755,10.270935495541783,-7.749551202520905,-3.5440784269802106,-203.22147133541975
202.2911001244023,58.29123984774819,10.272273968199613,-7.74867244617735,-3.5412357789652664,-203.2690561638783
202.31012917040206,58.29225711462308,10.273612838047631,-7.747792459688565,-3.538393776670603,-203.31663723745478
202.32915937454908,58.293271318665916,10.274952105129058,-7.746911243103542,-3.5355524212623846,-203.3642145550159
202.34819073352207,58.294282459561295,10.276291769487084,-7.746028796472311,-3.5327117139067146,-203.41178811542804
202.36722324399838,58.29529053699465,10.27763183116493,-7.745145119845855,-3.529871655769629,-203.45935791755826
202.3862569026539,58.29629555065221,10.278972290205788,-7.7442602132761875,-3.5270322480171123,-203.5069239602729
202.40529170616344,58.29729750022113,10.280313146652873,-7.7433740768163,-3.524193491815063,-203.55448624243888
202.4243276512001,58.29829638538933,10.281654400549385,-7.7424867105201995,-3.521355388329344,-203.60204476292253
202.44336473443596,58.29929220584565,10.28299605193854,-7.741598114442877,-3.5185179387257097,-203.64959952059098
202.4624029525415,58.30028496127974,10.284338100863538,-7.740708288640328,-3.5156811441698794,-203.6971505143106
202.48144230218605,58.3012746513821,10.285680547367583,-7.739817233169555,-3.512845005827489,-203.74469774294815
202.5004827800376,58.302261275844096,10.287023391493886,-7.7389249480885445,-3.5100095248640906,-203.7922412053704
202.51952438276263,58.30324483435791,10.288366633285646,-7.738031433456298,-3.5071747024451847,-203.83978090044374
202.53856710702655,58.304225326616645,10.28971027278608,-7.737136689332804,-3.5043405397361647,-203.8873168270353
202.55761094949324,58.305202752314166,10.291054310038385,-7.7362407157790685,-3.5015070379023823,-203.93484898401144
202.57665590682538,58.306177111145246,10.292398745085771,-7.735343512857073,-3.498674198109082,-203.98237737023885
202.5957019756842,58.307148402805474,10.29374357797144,-7.734445080629831,-3.4958420215214505,-204.02990198458414
202.61474915272987,58.308116626991335,10.29508880873861,-7.733545419161317,-3.4930105093045607,-204.07742282591428
202.63379743462093,58.30908178340015,10.296434437430472,-7.7326445285165475,-3.490179662623444,-204.12493989309561
202.65284681801495,58.310043871730045,10.297780464090243,-7.731742408761513,-3.4873494826430056,-204.17245318499505
202.67189729956792,58.31100289168006,10.29912688876112,-7.73083905996322,-3.4845199705280954,-204.2199627004792
202.69094887593465,58.311958842950084,10.300473711486319,-7.729934482189665,-3.4816911274434554,-204.2674684384147
202.71000154376875,58.312911725240824,10.301820932309038,-7.729028675509855,-3.478862954553741,-204.31497039766822
202.72905529972238,58.31386153825387,10.303168551272492,-7.728121639993793,-3.4760354530235276,-204.36246857710663
202.7481101404465,58.314808281691654,10.30451656841988,-7.727213375712491,-3.4732086240172833,-204.4099629755964
202.7671660625907,58.315751955257454,10.305864983794407,-7.72630388273796,-3.4703824686994036,-204.45745359200427
202.78622306280346,58.31669255865543,10.307213797439287,-7.72539316114321,-3.4675569882341555,-204.5049404251968
202.8052811377318,58.31763009159059,10.30856300939772,-7.724481211002262,-3.4647321837857348,-204.5524234740408
202.82434028402167,58.31856455376877,10.309912619712915,-7.723568032390126,-3.461908056518225,-204.59990273740303
202.8434004983175,58.319495944896715,10.31126262842807,-7.722653625382843,-3.459084607595626,-204.64737821414985
202.8624617772627,58.320424264681975,10.312613035586407,-7.7217379900574175,-3.4562618381818044,-204.6948499031483
202.88152411749923,58.32134951283301,10.31396384123112,-7.720821126491895,-3.4534397494405593,-204.74231780326497
202.90058751566795,58.32227168905908,10.315315045405416,-7.719903034765299,-3.450618342535562,-204.78978191336634
202.91965196840837,58.32319079307033,10.316666648152506,-7.718983714957669,-3.4477976186303803,-204.83724223231923
202.93871747235872,58.32410682457778,10.318018649515592,-7.7180631671500475,-3.4449775788884835,-204.8846987589903
202.95778402415613,58.325019783293314,10.319371049537885,-7.717141391424478,-3.4421582244732156,-204.93215149224628
202.97685162043632,58.325929668929625,10.320723848262586,-7.716218387864016,-3.4393395565478264,-204.97960043095375
202.9959202578339,58.326836481200324,10.322077045732904,-7.715294156552709,-3.4365215762754335,-205.0270455739794
203.01498993298216,58.327740219819844,10.323430641992044,-7.714368697575621,-3.433704284819064,-205.07448692018988
203.03406064251325,58.32864088450349,10.324784637083212,-7.713442011018809,-3.4308876833416018,-205.12192446845214
203.05313238305794,58.32953847496745,10.326139031049616,-7.71251409696935,-3.428071773005842,-205.1693582176325
203.07220515124598,58.330432990928735,10.32749382393446,-7.711584955515312,-3.4252565549744345,-205.21678816659787
203.0912789437057,58.33132443210524,10.328849015780953,-7.710654586745782,-3.4224420304099312,-205.26421431421457
203.1103537570644,58.332212798215735,10.330204606632297,-7.709722990750836,-3.4196282004747443,-205.31163665934983
203.12942958794798,58.33309808897982,10.331560596531702,-7.708790167621577,-3.4168150663311674,-205.3590552008699
203.14850643298132,58.33398030411799,10.332916985522372,-7.707856117450089,-3.414002629141371,-205.40646993764176
203.16758428878794,58.33485944335159,10.334273773647514,-7.706920840329483,-3.4111908900674073,-205.45388086853183
203.1866631519902,58.33573550640283,10.335630960950338,-7.705984336353862,-3.408379850271187,-205.50128799240682
203.2057430192093,58.336608492994785,10.336988547474041,-7.705046605618346,-3.40556951091449,-205.54869130813358
203.22482388706527,58.337478402851396,10.338346533261834,-7.70410764821906,-3.402759873158979,-205.5960908145786
203.24390575217686,58.33834523569745,10.33970491835693,-7.7031674642531165,-3.3999509381661728,-205.64348651060857
203.26298861116172,58.33920899125864,10.341063702802522,-7.702226053818669,-3.397142707097453,-205.6908783950903
203.28207246063621,58.3400696692615,10.342422886641828,-7.701283417014845,-3.394335181114076,-205.7382664668904
203.30115729721567,58.340927269433436,10.343782469918045,-7.700339553941799,-3.3915283613771554,-205.7856507248756
203.32024311751405,58.341781791502704,10.345142452674384,-7.69939446470069,-3.388722249047667,-205.83303116791228
203.3393299181444,58.342633235198456,10.346502834954054,-7.69844814939367,-3.3859168452864363,-205.8804077948675
203.35841769571834,58.343481600250676,10.347863616800256,-7.697500608123919,-3.3831121512541613,-205.92778060460788
203.3775064468465,58.34432688639028,10.349224798256197,-7.69655184099561,-3.3803081681113873,-205.975149596
203.39659616813825,58.345169093348964,10.35058637936508,-7.695601848113929,-3.3775048970185204,-206.02251476791048
203.41568685620183,58.34600822085936,10.351948360170125,-7.694650629585063,-3.374702339135812,-206.069876119206
203.43477850764438,58.34684426865495,10.35331074071452,-7.693698185516221,-3.3719004956233736,-206.11723364875337
203.4538711190719,58.347677236470076,10.354673521041487,-7.692744516015604,-3.3690993676411565,-206.16458735541923
203.47296468708905,58.34850712403996,10.356036701194217,-7.69178962119244,-3.366298956348976,-206.2119372380701
203.49205920829962,58.34933393110071,10.357400281215927,-7.690833501156939,-3.3634992629064726,-206.25928329557303
203.51115467930603,58.35015765738926,10.358764261149817,-7.689876156020338,-3.3607002884731596,-206.30662552679428
203.53025109670978,58.35097830264345,10.360128641039104,-7.6889175858948775,-3.3579020342083634,-206.35396393060063
203.54934845711105,58.351795866602004,10.361493420926983,-7.687957790893806,-3.3551045012712817,-206.40129850585893
203.568446757109,58.35261034900445,10.362858600856661,-7.68699677113139,-3.352307690820934,-206.44862925143576
203.58754599330163,58.353421749591284,10.364224180871352,-7.686034526722879,-3.3495116040161834,-206.49595616619766
203.60664616228584,58.354230068103796,10.365590161014248,-7.685071057784566,-3.346716242015737,-206.54327924901165
203.62574726065742,58.35503530428421,10.366956541328575,-7.684106364433722,-3.343921605978123,-206.59059849874416
203.64484928501096,58.35583745787555,10.368323321857522,-7.68314044678864,-3.3411276970617307,-206.63791391426156
203.66395223194013,58.35663652862178,10.369690502644305,-7.682173304968627,-3.338334516424753,-206.6852254944312
203.68305609803727,58.35743251626772,10.371058083732125,-7.68120493909399,-3.3355420652252357,-206.73253323811923
203.70216087989382,58.358225420559044,10.372426065164188,-7.680235349286053,-3.332750344621035,-206.7798371441927
203.72126657409996,58.35901524124232,10.373794446983704,-7.679264535667137,-3.329959355769863,-206.827137211518
203.74037317724492,58.359801978064986,10.375163229233877,-7.678292498360584,-3.3271690998292267,-206.87443343896183
203.7594806859167,58.36058563077537,10.376532411957912,-7.677319237490739,-3.32437957795648,-206.92172582539112
203.77858909670232,58.361366199122635,10.377901995199018,-7.676344753182965,-3.3215907913088043,-206.96901436967218
203.79769840618772,58.36214368285687,10.379271979000402,-7.67536904556362,-3.318802741043173,-207.01629907067206
203.81680861095768,58.362918081729006,10.380642363405265,-7.674392114760082,-3.3160154283164185,-207.0635799272571
203.835919707596,58.36368939549087,10.382013148456817,-7.6734139609007395,-3.313228854285161,-207.11085693829443
203.85503169268532,58.36445762389513,10.383384334198263,-7.672434584114985,-3.310443020105867,-207.1581301026501
