galstreams/tracks/track.st.C-7.ibata2021.ecsv
# %ECSV 0.9
# ---
# datatype:
# - {name: ra, unit: deg, datatype: float64}
# - {name: dec, unit: deg, datatype: float64}
# - {name: distance, unit: kpc, datatype: float64}
# - {name: pm_ra_cosdec, unit: mas / yr, datatype: float64}
# - {name: pm_dec, unit: mas / yr, datatype: float64}
# - {name: radial_velocity, unit: km / s, datatype: float64}
# delimiter: ','
# meta: !!omap
# - __serialized_columns__:
#     dec:
#       __class__: astropy.coordinates.angles.Latitude
#       unit: &id001 !astropy.units.Unit {unit: deg}
#       value: !astropy.table.SerializedColumn {name: dec}
#     distance:
#       __class__: astropy.coordinates.distances.Distance
#       unit: !astropy.units.Unit {unit: kpc}
#       value: !astropy.table.SerializedColumn {name: distance}
#     pm_dec:
#       __class__: astropy.units.quantity.Quantity
#       unit: !astropy.units.Unit {unit: mas / yr}
#       value: !astropy.table.SerializedColumn {name: pm_dec}
#     pm_ra_cosdec:
#       __class__: astropy.units.quantity.Quantity
#       unit: !astropy.units.Unit {unit: mas / yr}
#       value: !astropy.table.SerializedColumn {name: pm_ra_cosdec}
#     ra:
#       __class__: astropy.coordinates.angles.Longitude
#       unit: *id001
#       value: !astropy.table.SerializedColumn {name: ra}
#       wrap_angle: !astropy.coordinates.Angle
#         unit: *id001
#         value: 360.0
#     radial_velocity:
#       __class__: astropy.units.quantity.Quantity
#       unit: !astropy.units.Unit {unit: km / s}
#       value: !astropy.table.SerializedColumn {name: radial_velocity}
# schema: astropy-2.0
ra,dec,distance,pm_ra_cosdec,pm_dec,radial_velocity
[from data line 2075]
300.44867716760194,-45.13014669577277,5.903968771194022,-10.831342970657667,-15.102299976342799,0.0
300.46023150175273,-45.12434222128762,5.904088552671132,-10.828286762264668,-15.103101091811668,6.73661370389787e-14
300.4717831313945,-45.118536207990196,5.904207810399966,-10.825230767846138,-15.103897798688685,-1.347322740779574e-13
300.48333205677795,-45.11272865634224,5.904326543312302,-10.822174989178693,-15.104690094883228,-1.0104920555846805e-13
300.49487827815443,-45.106919566805374,5.904444750339913,-10.819119428039004,-15.105477978305316,6.73661370389787e-14
300.5064217957756,-45.101108939841055,5.904562430414573,-10.81606408620386,-15.106261446865599,-3.368306851948935e-14
300.51796260989374,-45.09529677591068,5.904679582468058,-10.813008965450145,-15.107040498475309,6.73661370389787e-14
300.5295007207615,-45.089483075475464,5.904796205432139,-10.809954067554832,-15.107815131046344,0.0
300.5410361286323,-45.08366783899656,5.904912298238595,-10.806899394294959,-15.108585342491194,-1.0104920555846805e-13
300.5525688337596,-45.07785106693497,5.905027859819197,-10.80384494744769,-15.109351130722976,-1.0104920555846805e-13
300.56409883639776,-45.07203275975156,5.905142889105722,-10.800790728790274,-15.110112493655418,3.368306851948935e-14
300.5756261368014,-45.0662129179071,5.905257385029943,-10.79773674010002,-15.11086942920289,3.368306851948935e-14
300.5871507352258,-45.060391541862245,5.905371346523638,-10.794682983154333,-15.111621935280358,-6.73661370389787e-14
300.5986726319265,-45.05456863207749,5.905484772518577,-10.791629459730732,-15.112370009803403,-3.368306851948935e-14
300.61019182715967,-45.048744189013235,5.905597661946533,-10.788576171606799,-15.113113650688252,-6.73661370389787e-14
300.62170832118204,-45.04291821312978,5.90571001373929,-10.785523120560194,-15.113852855851707,-1.347322740779574e-13
300.6332221142506,-45.03709070488725,5.905821826828612,-10.782470308368696,-15.114587623211214,0.0
300.64473320662313,-45.03126166474569,5.905933100146281,-10.779417736810101,-15.115317950684824,-1.0104920555846805e-13
300.6562415985576,-45.025431093165,5.906043832624065,-10.776365407662372,-15.116043836191219,-1.0104920555846805e-13
300.66774729031255,-45.019598990604976,5.906154023193745,-10.773313322703487,-15.116765277649643,1.0104920555846805e-13
300.67925028214717,-45.01376535752528,5.906263670787093,-10.77026148371152,-15.11748227298003,3.368306851948935e-14
300.69075057432093,-45.00793019438545,5.90637277433588,-10.767209892464654,-15.118194820102872,-1.0104920555846805e-13
300.70224816709384,-45.00209350164491,5.906481332771885,-10.76415855074112,-15.118902916939266,3.368306851948935e-14
300.7137430607265,-44.99625527976295,5.906589345026882,-10.761107460319225,-15.119606561410976,-6.73661370389787e-14
300.72523525547973,-44.99041552919876,5.906696810032646,-10.758056622977367,-15.120305751440315,-1.347322740779574e-13
300.73672475161516,-44.984574250411384,5.906803726720949,-10.755006040494033,-15.12100048495024,-6.73661370389787e-14
300.7482115493946,-44.978731443859736,5.906910094023568,-10.751955714647755,-15.121690759864311,-6.73661370389787e-14
300.7596956490806,-44.97288711000265,5.907015910872276,-10.748905647217159,-15.122376574106699,-3.368306851948935e-14
300.771177050936,-44.96704124929878,5.907121176198848,-10.745855839980937,-15.123057925602174,0.0
300.78265575522414,-44.9611938622067,5.907225888935057,-10.742806294717855,-15.123734812276123,-1.0104920555846805e-13
300.7941317622089,-44.955344949184834,5.90733004801268,-10.739757013206768,-15.12440723205454,-6.73661370389787e-14
300.8056050721547,-44.949494510691515,5.9074336523634905,-10.73670799722657,-15.12507518286402,-6.73661370389787e-14
300.81707568532624,-44.94364254718492,5.907536700919265,-10.733659248556243,-15.125738662631758,-1.0104920555846805e-13
300.8285436019889,-44.93778905912312,5.907639192611774,-10.730610768974856,-15.12639766928558,-1.0104920555846805e-13
300.8400088224082,-44.93193404696406,5.907741126372795,-10.727562560261523,-15.127052200753877,1.0104920555846805e-13
300.85147134685076,-44.92607751116554,5.907842501134104,-10.724514624195402,-15.12770225496568,-1.0104920555846805e-13
300.8629311755829,-44.92021945218527,5.9079433158274695,-10.721466962555798,-15.128347829850611,0.0
300.8743883088721,-44.91435987048082,5.908043569384673,-10.71841957712199,-15.12898892333889,-1.347322740779574e-13
300.88584274698576,-44.90849876650963,5.908143260737485,-10.715372469673385,-15.129625533361324,6.73661370389787e-14
300.89729449019217,-44.90263614072903,5.908242388817682,-10.712325641989421,-15.130257657849373,-1.347322740779574e-13
300.9087435387598,-44.89677199359623,5.908340952557035,-10.709279095849642,-15.130885294735048,3.368306851948935e-14
300.9201898929578,-44.890906325568274,5.908438950887324,-10.706232833033592,-15.131508441950963,6.73661370389787e-14
300.93163355305563,-44.885039137102126,5.90853638274032,-10.703186855320935,-15.13212709743037,-3.368306851948935e-14
300.9430745193233,-44.87917042865461,5.9086332470477965,-10.700141164491374,-15.132741259107094,3.368306851948935e-14
300.9545127920313,-44.873300200682436,5.908729542741533,-10.69709576232464,-15.133350924915547,3.368306851948935e-14
300.96594837145057,-44.86742845364218,5.908825268753298,-10.694050650600584,-15.133956092790763,6.73661370389787e-14
300.9773812578525,-44.861555187990255,5.908920424014869,-10.691005831099073,-15.13455676066837,-2.020984111169361e-13
300.98881145150887,-44.85568040418304,5.909015007458023,-10.687961305600064,-15.13515292648456,3.368306851948935e-14
301.0002389526921,-44.849804102676714,5.909109018014531,-10.684917075883533,-15.135744588176175,-1.0104920555846805e-13
301.0116637616749,-44.843926283927345,5.9092024546161666,-10.681873143729543,-15.136331743680614,3.368306851948935e-14
301.0230858787306,-44.838046948390904,5.909295316194707,-10.67882951091819,-15.136914390935882,-3.368306851948935e-14
301.0345053041329,-44.832166096523196,5.909387601681929,-10.675786179229656,-15.137492527880578,0.0
301.045922038156,-44.82628372877993,5.909479310009602,-10.67274315044414,-15.138066152453897,6.73661370389787e-14
301.0573360810745,-44.82039984561668,5.909570440109501,-10.66970042634192,-15.138635262595631,-3.368306851948935e-14
301.0687474331635,-44.8145144474889,5.909660990913405,-10.666658008703326,-15.139199856246144,6.73661370389787e-14
301.0801560946986,-44.808627534851915,5.909750961353085,-10.663615899308704,-15.139759931346426,3.368306851948935e-14
301.0915620659558,-44.80273910816091,5.909840350360316,-10.660574099938506,-15.140315485838025,-3.368306851948935e-14
301.10296534721164,-44.79684916787097,5.909929156866873,-10.657532612373199,-15.140866517663103,-3.368306851948935e-14
301.114365938743,-44.79095771443704,5.910017379804531,-10.65449143839331,-15.141413024764397,0.0
301.12576384082735,-44.78506474831394,5.910105018105065,-10.651450579779393,-15.141955005085245,-1.6841534259744677e-13
301.1371590537424,-44.77917026995636,5.910192070700246,-10.648410038312093,-15.142492456569563,0.0
301.1485515777666,-44.773274279818885,5.9102785365218535,-10.645369815772062,-15.143025377161868,1.0104920555846805e-13
301.1599414131788,-44.767376778355924,5.910364414501657,-10.642329913940012,-15.14355376480726,0.0
301.171328560258,-44.761477766021834,5.910449703571436,-10.639290334596708,-15.14407761745142,6.73661370389787e-14
301.18271301928417,-44.755577243270764,5.910534402662962,-10.636251079522927,-15.14459693304062,-2.020984111169361e-13
301.1940947905371,-44.74967521055681,5.910618510708011,-10.633212150499546,-15.145111709521714,-6.73661370389787e-14
301.2054738742977,-44.743771668333885,5.910702026638355,-10.63017354930744,-15.145621944842157,-1.6841534259744677e-13
301.21685027084686,-44.73786661705583,5.910784949385773,-10.627135277727533,-15.14612763694996,-1.0104920555846805e-13
301.2282239804661,-44.73196005717628,5.910867277882035,-10.624097337540805,-15.146628783793746,3.368306851948935e-14
301.2395950034374,-44.72605198914884,5.910949011058918,-10.621059730528263,-15.147125383322717,3.368306851948935e-14
301.25096334004314,-44.720142413426906,5.911030147848198,-10.618022458470941,-15.147617433486644,-6.73661370389787e-14
301.2623289905661,-44.7142313304638,5.911110687181644,-10.614985523149963,-15.148104932235888,-3.368306851948935e-14
301.27369195528973,-44.70831874071267,5.911190627991038,-10.611948926346434,-15.148587877521386,3.368306851948935e-14
301.2850522344977,-44.70240464462661,5.911269969208149,-10.608912669841525,-15.149066267294678,1.6841534259744677e-13
301.2964098284742,-44.69648904265849,5.911348709764753,-10.605876755416416,-15.149540099507862,-1.6841534259744677e-13
301.30776473750393,-44.69057193526113,5.911426848592625,-10.602841184852378,-15.150009372113608,6.73661370389787e-14
301.31911696187194,-44.68465332288721,5.911504384623539,-10.599805959930666,-15.150474083065209,3.368306851948935e-14
301.3304665018638,-44.67873320598924,5.91158131678927,-10.59677108243258,-15.15093423031648,6.73661370389787e-14
301.3418133577655,-44.67281158501964,5.9116576440215916,-10.593736554139465,-15.151389811821863,0.0
301.35315752986344,-44.66688846043069,5.911733365252283,-10.590702376832686,-15.151840825536329,3.368306851948935e-14
301.3644990184446,-44.660963832674554,5.911808479413111,-10.587668552293652,-15.152287269415492,-6.73661370389787e-14
301.37583782379613,-44.655037702203245,5.911882985435855,-10.584635082303802,-15.152729141415467,-6.73661370389787e-14
301.3871739462059,-44.64911006946868,5.91195688225229,-10.581601968644588,-15.153166439492999,0.0
301.3985073859622,-44.64318093492262,5.912030168794187,-10.57856921309751,-15.153599161605397,0.0
301.4098381433536,-44.637250299016706,5.912102843993325,-10.57553681744408,-15.154027305710517,-6.73661370389787e-14
301.4211662186692,-44.63131816220246,5.912174906781474,-10.572504783465867,-15.154450869766837,-3.368306851948935e-14
301.43249161219853,-44.625384524931256,5.912246356090414,-10.569473112944426,-15.154869851733352,3.368306851948935e-14
301.4438143242316,-44.61944938765437,5.912317190851913,-10.566441807661377,-15.155284249569679,1.347322740779574e-13
301.4551343550588,-44.613512750822906,5.912387409997752,-10.563410869398327,-15.155694061235977,3.368306851948935e-14
301.46645170497106,-44.60757461488788,5.912457012459701,-10.560380299936941,-15.156099284692997,-1.0104920555846805e-13
301.47776637425966,-44.60163498030018,5.912525997169536,-10.557350101058905,-15.15649991790205,-1.0104920555846805e-13
301.4890783632162,-44.595693847510525,5.912594363059031,-10.554320274545917,-15.156895958825,0.0
301.500387672133,-44.58975121696953,5.912662109059962,-10.551290822179675,-15.157287405424313,0.0
301.5116943013026,-44.5838070891277,5.912729234104104,-10.548261745741952,-15.157674255663007,3.368306851948935e-14
301.5229982510181,-44.57786146443538,5.912795737123228,-10.5452330470145,-15.158056507504677,-3.368306851948935e-14
301.53429952157296,-44.57191434334278,5.912861617049112,-10.542204727779106,-15.158434158913472,0.0
301.5455981132611,-44.56596572630003,5.912926872813529,-10.539176789817562,-15.158807207854117,-3.368306851948935e-14
301.5568940263768,-44.56001561375707,5.912991503348254,-10.53614923491172,-15.159175652291902,-6.73661370389787e-14
301.56818726121503,-44.55406400616378,5.913055507585061,-10.53312206484338,-15.159539490192689,0.0
301.5794778180708,-44.54811090396982,5.9131188844557245,-10.53009528139444,-15.159898719522895,0.0
301.59076569723993,-44.54215630762481,5.91318163289202,-10.527068886346745,-15.160253338249513,3.368306851948935e-14
301.6020508990184,-44.53620021757818,5.913243751825723,-10.524042881482197,-15.160603344340089,3.368306851948935e-14
301.6133334237028,-44.530242634279254,5.913305240188605,-10.521017268582698,-15.16094873576274,0.0
301.62461327159,-44.52428355817723,5.913366096912443,-10.517992049430168,-15.16128951048615,0.0
301.6358904429775,-44.51832298972116,5.91342632092901,-10.514967225806524,-15.161625666479553,-6.73661370389787e-14
301.6471649381629,-44.51236092936,5.913485911170082,-10.51194279949373,-15.161957201712745,3.368306851948935e-14
301.65843675744463,-44.50639737754253,5.913544866567433,-10.508918772273725,-15.162284114156101,0.0
301.6697059011213,-44.50043233471742,5.913603186052836,-10.505895145928495,-15.162606401780549,0.0
301.68097236949194,-44.49446580133322,5.913660868558068,-10.502871922240004,-15.162924062557554,6.73661370389787e-14
301.6922361628562,-44.48849777783835,5.913717913014902,-10.499849102990222,-15.163237094459188,-6.73661370389787e-14
301.7034972815139,-44.48252826468107,5.913774318355114,-10.496826689961178,-15.163545495458024,6.73661370389787e-14
301.71475572576543,-44.476557262309534,5.913830083510477,-10.493804684934851,-15.163849263527247,0.0
301.7260114959117,-44.47058477117178,5.913885207412766,-10.490783089693249,-15.16414839664056,-3.368306851948935e-14
301.7372645922538,-44.46461079171569,5.913939688993755,-10.487761906018399,-15.164442892772243,3.368306851948935e-14
301.7485150150934,-44.45863532438902,5.91399352718522,-10.484741135692325,-15.164732749897134,-6.73661370389787e-14
301.7597627647326,-44.45265836963941,5.914046720918937,-10.481720780497051,-15.165017965990604,6.73661370389787e-14
301.77100784147393,-44.44667992791433,5.914099269126675,-10.478700842214602,-15.165298539028624,-6.73661370389787e-14
301.7822502456202,-44.44069999966116,5.914151170740213,-10.47568132262703,-15.165574466987666,6.73661370389787e-14
301.7934899774749,-44.434718585327154,5.914202424691324,-10.47266222351635,-15.165845747844793,0.0
301.8047270373417,-44.42873568535939,5.914253029911785,-10.469643546664612,-15.166112379577607,-3.368306851948935e-14
301.81596142552473,-44.42275130020486,5.914302985333365,-10.466625293853866,-15.166374360164266,0.0
301.82719314232867,-44.416765430310384,5.914352289887844,-10.463607466866138,-15.16663168758349,-1.0104920555846805e-13
301.8384221880585,-44.41077807612269,5.914400942506995,-10.460590067483473,-15.166884359814517,-1.347322740779574e-13
301.8496485630196,-44.40478923808836,5.914448942122592,-10.457573097487927,-15.16713237483718,-3.368306851948935e-14
301.86087226751795,-44.39879891665384,5.914496287666409,-10.454556558661515,-15.167375730631832,0.0
301.87209330185976,-44.39280711226545,5.914542978070221,-10.45154045278629,-15.167614425179396,0.0
301.88331166635174,-44.38681382536935,5.914589012265803,-10.448524781644284,-15.167848456461327,-3.368306851948935e-14
301.89452736130096,-44.380819056411625,5.914634389184931,-10.44550954701752,-15.16807782245963,-3.368306851948935e-14
301.90574038701493,-44.37482280583817,5.914679107759376,-10.442494750688022,-15.168302521156871,-6.73661370389787e-14
301.91695074380164,-44.3688250740948,5.914723166920914,-10.439480394437817,-15.168522550536157,-3.368306851948935e-14
301.9281584319694,-44.36282586162716,5.914766565601323,-10.436466480048905,-15.168737908581125,-3.368306851948935e-14
301.9393634518269,-44.35682516888077,5.914809302732372,-10.433453009303314,-15.168948593275996,3.368306851948935e-14
301.95056580368356,-44.35082299630102,5.914851377245838,-10.430439983983025,-15.169154602605502,0.0
301.9617654878487,-44.344819344333196,5.914892788073498,-10.427427405870027,-15.169355934554925,-3.368306851948935e-14
301.9729625046325,-44.33881421342241,5.914933534147121,-10.424415276746316,-15.169552587110122,0.0
301.98415685434526,-44.33280760401365,5.914973614398488,-10.421403598393859,-15.169744558257442,-1.0104920555846805e-13
301.99534853729784,-44.3267995165518,5.915013027759369,-10.41839237259462,-15.169931845983822,1.0104920555846805e-13
302.00653755380154,-44.320789951481586,5.915051773161538,-10.415381601130537,-15.170114448276728,-6.73661370389787e-14
302.0177239041679,-44.31477890924759,5.915089849536773,-10.412371285783573,-15.170292363124151,-6.73661370389787e-14
302.02890758870905,-44.3087663902943,5.915127255816848,-10.409361428335624,-15.170465588514642,0.0
