galstreams/tracks/track.st.Svol.ibata2021.ecsv
# %ECSV 1.0
# ---
# datatype:
# - {name: ra, unit: deg, datatype: float64}
# - {name: dec, unit: deg, datatype: float64}
# - {name: distance, unit: kpc, datatype: float64}
# - {name: pm_ra_cosdec, unit: mas / yr, datatype: float64}
# - {name: pm_dec, unit: mas / yr, datatype: float64}
# - {name: radial_velocity, unit: km / s, datatype: float64}
# delimiter: ','
# meta: !!omap
# - __serialized_columns__:
#     dec:
#       __class__: astropy.coordinates.angles.Latitude
#       unit: &id001 !astropy.units.Unit {unit: deg}
#       value: !astropy.table.SerializedColumn {name: dec}
#     distance:
#       __class__: astropy.coordinates.distances.Distance
#       unit: !astropy.units.Unit {unit: kpc}
#       value: !astropy.table.SerializedColumn {name: distance}
#     pm_dec:
#       __class__: astropy.units.quantity.Quantity
#       unit: !astropy.units.Unit {unit: mas / yr}
#       value: !astropy.table.SerializedColumn {name: pm_dec}
#     pm_ra_cosdec:
#       __class__: astropy.units.quantity.Quantity
#       unit: !astropy.units.Unit {unit: mas / yr}
#       value: !astropy.table.SerializedColumn {name: pm_ra_cosdec}
#     ra:
#       __class__: astropy.coordinates.angles.Longitude
#       unit: *id001
#       value: !astropy.table.SerializedColumn {name: ra}
#       wrap_angle: !astropy.coordinates.Angle
#         unit: *id001
#         value: 360.0
#     radial_velocity:
#       __class__: astropy.units.quantity.Quantity
#       unit: !astropy.units.Unit {unit: km / s}
#       value: !astropy.table.SerializedColumn {name: radial_velocity}
# schema: astropy-2.0
ra,dec,distance,pm_ra_cosdec,pm_dec,radial_velocity
[from data line 288]
223.9699337486558,28.324100987901268,8.532120320985431,1.2254972659925993,-4.310831933629082,-10.790025942303611
223.98157685002616,28.32539902920143,8.530851710031962,1.2259136563544235,-4.310897222835986,-11.118871742174372
223.99321960115142,28.326692566392364,8.529583474041011,1.2263314267242436,-4.310963968447084,-11.447164163908056
224.00486200094244,28.327981601686947,8.528315612987468,1.226750575968349,-4.3110321700197245,-11.77490352952139
224.01650404831128,28.329266137298156,8.527048126846212,1.2271711029533037,-4.311101827110795,-12.102090161031096
224.02814574217098,28.330546175439128,8.52578101559214,1.2275930065459564,-4.3111729392767035,-12.428724380453936
224.0397870814358,28.331821718323123,8.524514279200124,1.22801628561343,-4.311245506073403,-12.754806509806636
224.051428065021,28.33309276816354,8.523247917645064,1.2284409390231275,-4.311319527056374,-13.08033687110598
224.06306869184317,28.334359327173896,8.521981930901838,1.2288669656427298,-4.311395001780629,-13.40531578636885
224.07470896081978,28.33562139756784,8.520716318945334,1.2292943643401972,-4.311471929800718,-13.729743577611838
224.08634887086964,28.33687898155914,8.519451081750441,1.2297231339837673,-4.311550310670727,-14.053620566851736
224.09798842091257,28.338132081361728,8.51818621929204,1.23015327344196,-4.31163014394427,-14.376947076105484
224.1096276098695,28.33938069918964,8.516921731545024,1.2305847815835742,-4.311711429174494,-14.69972342738953
224.12126643666264,28.340624837257018,8.515657618484271,1.231017657277685,-4.311794165914088,-15.021949942720894
224.13290490021515,28.34186449777819,8.51439388008467,1.2314518993936483,-4.311878353715264,-15.343626944116192
224.14454299945143,28.343099682967555,8.513130516321112,1.2318875068011028,-4.311963992129778,-15.66475475359238
224.15618073329688,28.344330395039673,8.511867527168476,1.2323244783699665,-4.31205108070891,-15.985333693165957
224.16781810067823,28.345556636209224,8.510604912601657,1.2327628129704362,-4.3121396190034815,-16.305364084853842
224.1794551005232,28.34677840869102,8.509342672595533,1.2332025094729913,-4.312229606563845,-16.624846250672768
224.19109173176062,28.347995714699994,8.508080807124996,1.233643566748389,-4.312321042939883,-16.94378051263953
224.20272799332054,28.349208556451188,8.506819316164929,1.234085983667672,-4.312413927681016,-17.26216719277076
224.21436388413406,28.350416936159803,8.505558199690215,1.2345297591021611,-4.3125082603362035,-17.580006613083352
224.22599940313341,28.351620856041162,8.504297457675747,1.23497489192346,-4.312604040453927,-17.8972990955941
224.23763454925216,28.35282031831068,8.503037090096408,1.2354213810034498,-4.312701267582211,-18.21404496231961
224.24926932142475,28.354015325183926,8.501777096927084,1.2358692252142975,-4.312799941268613,-18.530244535276758
224.26090371858683,28.355205878876596,8.500517478142662,1.236318423428452,-4.312900061060221,-18.845898136482244
224.27253773967527,28.356391981604503,8.49925823371803,1.236768974518642,-4.313001626503658,-19.16100608795287
224.28417138362795,28.35757363558357,8.497999363628066,1.2372208773578819,-4.313104637145084,-19.475568711705353
224.29580464938394,28.358750843029878,8.496740867847665,1.2376741308194645,-4.31320909253019,-19.789586329756542
224.3074375358835,28.359923606159605,8.495482746351714,1.238128733776968,-4.3133149922042024,-20.103059264123125
224.31907004206795,28.361091927189058,8.49422499911509,1.238584685104254,-4.313422335711885,-20.415987836821845
224.33070216687972,28.36225580833468,8.492967626112687,1.2390419836754663,-4.313531122597528,-20.72837236986955
224.34233390926255,28.363415251813016,8.491710627319387,1.239500628365029,-4.313641352404962,-21.040213185282873
224.35396526816112,28.364570259840743,8.490454002710083,1.2399606180476515,-4.313753024677552,-21.351510605078722
224.36559624252132,28.365720834634683,8.489197752259653,1.2404219515983301,-4.313866138958194,-21.662264951273777
224.37722683129022,28.36686697841173,8.487941875942989,1.2408846278923404,-4.313980694789321,-21.97247654588477
224.38885703341595,28.368008693388944,8.48668637373497,1.2413486458052465,-4.314096691712902,-22.28214571092847
224.40048684784787,28.36914598178351,8.485431245610492,1.2418140042128907,-4.314214129270435,-22.591272768421767
224.41211627353636,28.370278845812688,8.484176491544433,1.2422807019914066,-4.314333007002958,-22.89985804038134
224.42374530943306,28.37140728769389,8.482922111511684,1.2427487380172053,-4.31445332445104,-23.207901848823816
224.43537395449073,28.372531309644668,8.48166810548713,1.2432181111669882,-4.314575081154786,-23.51540451576617
224.4470022076631,28.373650913882667,8.480414473445654,1.2436888203177416,-4.314698276653835,-23.822366363225058
224.45863006790537,28.374766102625625,8.479161215362147,1.24416086434673,-4.31482291048736,-24.128787713217182
224.4702575341736,28.375876878091482,8.477908331211493,1.2446342421315102,-4.314948982194074,-24.434668887759475
224.48188460542514,28.376983242498202,8.476655820968581,1.2451089525499213,-4.315076491312219,-24.74001020886859
224.49351128061835,28.378085198063943,8.47540368460829,1.2455849944800899,-4.315205437379574,-25.04481199856127
224.50513755871287,28.379182747006936,8.474151922105513,1.2460623668004276,-4.315335819933449,-25.349074578854264
224.51676343866947,28.380275891545562,8.472900533435132,1.2465410683896319,-4.315467638510698,-25.65279827176443
224.5283889194499,28.381364633898304,8.471649518572038,1.2470210981266858,-4.315600892647696,-25.95598339930841
224.5400140000173,28.382448976283747,8.470398877491116,1.2475024548908595,-4.315735581880371,-26.258630283503074
224.55163867933575,28.383528920920643,8.469148610167245,1.2479851375617106,-4.315871705744171,-26.560739246365063
224.56326295637055,28.384604470027814,8.46789871657532,1.2484691450190835,-4.316009263774084,-26.86231060991129
224.57488683008827,28.385675625824206,8.466649196690224,1.2489544761431046,-4.3161482555046335,-27.16334469615847
224.58651029945645,28.386742390528905,8.465400050486842,1.2494411298141925,-4.3162886804698815,-27.463841827123286
224.59813336344382,28.387804766361086,8.464151277940063,1.2499291049130523,-4.3164305382034165,-27.763802324822468
224.60975602102027,28.388862755540064,8.46290287902477,1.2504184003206784,-4.316573828238374,-28.063226511272948
224.62137827115689,28.38991636028526,8.461654853715851,1.2509090149183468,-4.316718550107412,-28.362114708491365
224.63300011282584,28.390965582816207,8.460407201988193,1.251400947587628,-4.316864703342736,-28.660467238494462
224.64462154500046,28.39201042535256,8.45915992381668,1.251894197210375,-4.317012287476079,-28.9582844232991
224.65624256665524,28.393050890114086,8.457913019176202,1.2523887626687331,-4.31716130203871,-29.255566584922
224.66786317676582,28.394086979320665,8.456666488041636,1.2528846428451363,-4.317311746561439,-29.5523140453799
224.679483374309,28.3951186951923,8.455420330387883,1.2533818366223013,-4.317463620574602,-29.848527126689532
224.69110315826276,28.396146039949087,8.454174546189815,1.253880342883238,-4.317616923608084,-30.14420615086769
224.70272252760617,28.39716901581126,8.452929135422327,1.2543801605112446,-4.317771655191294,-30.43935143993124
224.71434148131948,28.39818762499915,8.451684098060303,1.25488128838991,-4.317927814853181,-30.733963315896734
224.72596001838406,28.39920186973322,8.450439434078628,1.2553837254031106,-4.318085402122225,-31.02804210078108
224.73757813778246,28.40021175223403,8.449195143452187,1.2558874704350107,-4.318244416526457,-31.321588116601074
224.7491958384984,28.401217274722253,8.447951226155869,1.256392522370067,-4.318404857593427,-31.614601685373316
224.76081311951674,28.402218439418668,8.44670768216456,1.2568988800930243,-4.318566724850227,-31.90708312911468
224.77242997982344,28.403215248544207,8.445464511453146,1.2574065424889196,-4.318730017823486,-32.19903276984189
224.78404641840575,28.404207704319862,8.44422171399651,1.2579155084430744,-4.318894736039368,-32.490450929571786
224.79566243425197,28.40519580896675,8.442979289769543,1.2584257768411053,-4.319060879023576,-32.78133793032102
224.8072780263515,28.40617956470612,8.441737238747125,1.2589373465689198,-4.319228446301345,-33.07169409410639
224.81889319369503,28.407158973759323,8.440495560904152,1.2594502165127148,-4.319397437397444,-33.361519742944665
224.83050793527434,28.408134038347796,8.439254256215502,1.2599643855589764,-4.319567851836189,-33.65081519885262
224.84212225008235,28.40910476069314,8.438013324656064,1.2604798525944838,-4.31973968914142,-33.93958078384713
224.8537361371132,28.41007114301701,8.436772766200724,1.2609966165063058,-4.319912948836521,-34.22781681994465
224.86534959536212,28.411033187541182,8.435532580824363,1.261514676181805,-4.320087630444413,-34.51552362916218
224.8769626238255,28.411990896487573,8.43429276850188,1.2620340305086333,-4.320263733487544,-34.80270153351648
224.88857522150087,28.412944272078207,8.433053329208146,1.2625546783747363,-4.320441257487912,-35.08935085502415
224.9001873873871,28.413893316535155,8.43181426291806,1.263076618668345,-4.3206202019670386,-35.37547191570211
224.91179912048398,28.414838032080663,8.430575569606502,1.2635998502779926,-4.320800566445995,-35.661065037567035
224.9234104197926,28.415778420937063,8.429337249248361,1.264124372092495,-4.320982350445378,-35.94613054263581
224.9350212843151,28.416714485326793,8.428099301818516,1.2646501830009702,-4.321165553485329,-36.230668752924984
224.9466317130549,28.4176462274724,8.426861727291861,1.2651772818928189,-4.321350175085521,-36.514679990451455
224.95824170501652,28.418573649596542,8.42562452564328,1.2657056676577405,-4.321536214765167,-36.79816457723204
224.96985125920565,28.41949675392198,8.424387696847656,1.2662353391857262,-4.321723672043014,-37.08112283528339
224.98146037462914,28.420415542671577,8.42315124087988,1.2667662953670582,-4.321912546437351,-37.3635550866223
224.99306905029496,28.421330018068314,8.421915157714837,1.2672985350923163,-4.322102837465999,-37.64546165326558
225.0046772852123,28.422240182335276,8.420679447327412,1.26783205725237,-4.322294544646318,-37.92684285722988
225.01628507839155,28.423146037695645,8.41944410969249,1.2683668607383807,-4.322487667495207,-38.20769902053212
225.02789242884418,28.42404758637271,8.41820914478496,1.2689029444418074,-4.322682205529101,-38.488030465188885
225.03949933558283,28.424944830589858,8.416974552579708,1.2694403072544014,-4.322878158263972,-38.767837513216975
225.05110579762137,28.42583777257062,8.415740333051618,1.269978948068209,-4.323075525215329,-39.04712048663333
225.06271181397474,28.426726414538592,8.414506486175577,1.2705188657755706,-4.32327430589822,-39.32587970745457
225.07431738365912,28.427610758717478,8.413273011926476,1.271060059269118,-4.3234744998272285,-39.6041154976973
225.0859225056918,28.428490807331105,8.41203991027919,1.2716025274417841,-4.32367610651648,-39.8818281793786
225.09752717909132,28.42936656260338,8.410807181208613,1.2721462691867893,-4.323879125479634,-40.15901807451506
225.1091314028772,28.430238026758342,8.409574824689635,1.272691283397654,-4.324083556229884,-40.435685505123395
225.12073517607044,28.43110520202011,8.408342840697133,1.2732375689681892,-4.324289398279972,-40.711830793220436
225.13233849769293,28.43196809061292,8.407111229206,1.2737851247925047,-4.324496651142164,-40.98745426082305
225.14394136676782,28.432826694761083,8.40587999019112,1.2743339497650044,-4.324705314328281,-41.26255622994777
225.15554378231946,28.43368101668906,8.404649123627378,1.2748840427803878,-4.324915387349666,-41.53713702261152
225.16714574337328,28.43453105862137,8.40341862948966,1.2754354027336512,-4.325126869717209,-41.81119696083093
225.17874724895591,28.43537682278266,8.402188507752854,1.2759880285200864,-4.325339760941339,-42.08473636662299
225.1903482980953,28.436218311397674,8.400958758391848,1.2765419190352782,-4.3255540605320135,-42.35775556200423
225.20194888982033,28.43705552669124,8.399729381381526,1.2770970731751108,-4.325769767998741,-42.63025486899148
225.2135490231611,28.43788847088831,8.39850037669677,1.2776534898357694,-4.325986882850561,-42.90223460960156
225.22514869714908,28.438717146213925,8.397271744312473,1.2782111679137242,-4.326205404596053,-43.173695105851245
225.23674791081675,28.43954155489321,8.396043484203519,1.278770106305748,-4.3264253327433355,-43.4446366797571
225.24834666319768,28.440361699151442,8.394815596344792,1.2793303039089148,-4.326646666800063,-43.71505965333615
225.2599449533268,28.441177581213925,8.39358808071118,1.279891759620589,-4.326869406273435,-43.984964348604954
225.27154278024008,28.44198920330613,8.392360937277571,1.280454472338436,-4.327093550670181,-44.25435108758047
225.28314014297473,28.44279656765358,8.391134166018844,1.2810184409604164,-4.327319099496579,-44.52322019227923
225.29473704056903,28.443599676481924,8.389907766909895,1.2815836643847913,-4.327546052258439,-44.79157198471813
225.3063334720626,28.444398532016894,8.388681739925605,1.2821501415101149,-4.32777440846111,-45.059406786913954
225.31792943649606,28.44519313648434,8.38745608504086,1.2827178712352445,-4.3280041676094845,-45.326724920883414
225.32952493291123,28.445983492110173,8.386230802230546,1.2832868524593337,-4.328235329207992,-45.59352670864323
225.3411199603513,28.446769601120444,8.385005891469554,1.2838570840818277,-4.328467892760597,-45.859812472210244
225.35271451786045,28.447551465741267,8.383781352732763,1.2844285650024787,-4.328701857770815,-46.125582533601204
225.36430860448402,28.44832908819887,8.382557185995065,1.2850012941213351,-4.328937223741685,-46.39083721483277
225.3759022192686,28.449102470719588,8.38133339123134,1.2855752703387422,-4.329173990175801,-46.655576837921835
225.3874953612619,28.449871615529826,8.380109968416482,1.2861504925553457,-4.329412156575283,-46.91980172488521
225.39908802951288,28.450636524856105,8.37888691752537,1.2867269596720887,-4.329651722441802,-47.18351219773936
225.41068022307158,28.451397200925033,8.377664238532896,1.287304670590215,-4.329892687276561,-47.44670857850131
225.4222719409893,28.452153645963325,8.376441931413943,1.2878836242112663,-4.330135050580303,-47.709391189187876
225.43386318231848,28.452905862197767,8.375219996143398,1.288463819437084,-4.3303788118533175,-47.97156035181554
225.44545394611265,28.453653851855282,8.373998432696144,1.2890452551698137,-4.330623970595428,-48.23321638840127
225.45704423142675,28.454397617162822,8.372777241047075,1.2896279303118905,-4.330870526306,-48.49435962096183
225.4686340373167,28.455137160347505,8.371556421171071,1.2902118437660564,-4.331118478483938,-48.75499037151386
225.4802233628396,28.455872483636487,8.370335973043016,1.2907969944353557,-4.331367826627688,-49.01510896207419
225.49181220705387,28.456603589257064,8.369115896637805,1.2913833812231257,-4.331618570235235,-49.274715714659635
225.50340056901888,28.45733047943658,8.367896191930315,1.2919710030330116,-4.331870708804107,-49.533810951286796
225.51498844779542,28.45805315640251,8.366676858895438,1.292559858768953,-4.332124241831371,-49.79239499397265
225.52657584244534,28.458771622382404,8.365457897508058,1.293149947335194,-4.332379168813631,-50.050468164733815
225.5381627520316,28.4594858796039,8.364239307743063,1.293741267636277,-4.332635489247036,-50.30803078558709
225.5497491756185,28.460195930294756,8.363021089575335,1.2943338185770512,-4.332893202627277,-50.56508317854919
225.56133511227142,28.460901776682768,8.361803242979766,1.2949275990626552,-4.333152308449578,-50.821625665636994
225.57292056105695,28.46160342099588,8.360585767931237,1.2955226079985396,-4.333412806208715,-51.07765856886716
225.58450552104284,28.462300865462097,8.359368664404638,1.296118844290452,-4.3336746953989955,-51.33318221025641
225.59608999129802,28.462994112309524,8.358151932374854,1.2967163068444434,-4.333937975514272,-51.58819691182168
225.60767397089262,28.46368316376636,8.356935571816768,1.2973149945668663,-4.334202646047939,-51.84270299557958
