galstreams/tracks/track.st.TucanaIII.shipp2019.ecsv
# %ECSV 0.9
# ---
# datatype:
# - {name: ra, unit: deg, datatype: float64}
# - {name: dec, unit: deg, datatype: float64}
# - {name: distance, unit: kpc, datatype: float64}
# - {name: pm_ra_cosdec, unit: mas / yr, datatype: float64}
# - {name: pm_dec, unit: mas / yr, datatype: float64}
# - {name: radial_velocity, unit: km / s, datatype: float64}
# delimiter: ','
# meta: !!omap
# - __serialized_columns__:
#     dec:
#       __class__: astropy.coordinates.angles.Latitude
#       unit: &id001 !astropy.units.Unit {unit: deg}
#       value: !astropy.table.SerializedColumn {name: dec}
#     distance:
#       __class__: astropy.coordinates.distances.Distance
#       unit: !astropy.units.Unit {unit: kpc}
#       value: !astropy.table.SerializedColumn {name: distance}
#     pm_dec:
#       __class__: astropy.units.quantity.Quantity
#       unit: !astropy.units.Unit {unit: mas / yr}
#       value: !astropy.table.SerializedColumn {name: pm_dec}
#     pm_ra_cosdec:
#       __class__: astropy.units.quantity.Quantity
#       unit: !astropy.units.Unit {unit: mas / yr}
#       value: !astropy.table.SerializedColumn {name: pm_ra_cosdec}
#     ra:
#       __class__: astropy.coordinates.angles.Longitude
#       unit: *id001
#       value: !astropy.table.SerializedColumn {name: ra}
#       wrap_angle: !astropy.coordinates.Angle
#         unit: *id001
#         value: 360.0
#     radial_velocity:
#       __class__: astropy.units.quantity.Quantity
#       unit: !astropy.units.Unit {unit: km / s}
#       value: !astropy.table.SerializedColumn {name: radial_velocity}
# schema: astropy-2.0
ra,dec,distance,pm_ra_cosdec,pm_dec,radial_velocity
354.5845653065028,-59.757859008709865,23.37356005234441,-0.4505660603536972,-1.7861348492051021,-1.8875304463724035e-07
354.604450898165,-59.757070213197075,23.38190370616874,-0.4480640878497377,-1.7851115412272587,-1.8595519423373749e-07
354.6243355944356,-59.756282235932225,23.39024730030312,-0.44556872272753056,-1.784088727577684,-1.8317256857720543e-07
354.6442193986239,-59.755495077109465,23.39859083474756,-0.4430799637954698,-1.7830664140069976,-1.8040531924145254e-07
354.66410231403955,-59.75470873692185,23.40693430950206,-0.4405978098588376,-1.7820446062641024,-1.776532272865334e-07
354.6839843439913,-59.75392321556115,23.415277724566614,-0.43812225971983126,-1.7810233100961883,-1.7491644428625637e-07
354.7038654917883,-59.75313851321806,23.423621079941228,-0.43565331217754055,-1.7800025312487326,-1.7219490287448441e-07
354.7237457607392,-59.75235463008201,23.4319643756259,-0.43319096602796114,-1.778982275465503,-1.6948855252661474e-07
354.7436251541521,-59.751571566341326,23.440307611620636,-0.43073522006399834,-1.7779625484885533,-1.6679744376725012e-07
354.76350367533524,-59.75078932218313,23.44865078792542,-0.42828607307546057,-1.7769433560582335,-1.641215429133221e-07
354.7833813275967,-59.75000789779336,23.456993904540262,-0.42584352384905766,-1.775924703913185,-1.6146091733096762e-07
354.8032581142438,-59.74922729335682,23.465336961465166,-0.42340757116841765,-1.7749065977903375,-1.5881539860484415e-07
354.8231340385841,-59.748447509057065,23.47367995870013,-0.42097821381406947,-1.7738890434249228,-1.5618512146722574e-07
354.8430091039245,-59.74766854507654,23.48202289624515,-0.418555450563458,-1.7728720465504655,-1.5357001855197535e-07
354.8628833135719,-59.746890401596495,23.490365774100223,-0.4161392801909333,-1.7718556128987883,-1.5097008985909302e-07
354.88275667083315,-59.74611307879701,23.498708592265366,-0.41372970146775323,-1.770839748200014,-1.4838531854704445e-07
354.90262917901424,-59.74533657685698,23.507051350740557,-0.4113267131621029,-1.7698244581825628,-1.4581570461582964e-07
354.92250084142137,-59.74456089595412,23.515394049525806,-0.4089303140390687,-1.768809748573159,-1.432612143823801e-07
354.94237166136054,-59.74378603626502,23.523736688621117,-0.4065405028606497,-1.7677956250968279,-1.4072186468823004e-07
354.96224164213703,-59.74301199796502,23.532079268026482,-0.4041572783857712,-1.766782093476899,-1.3819767237491378e-07
354.9821107870564,-59.742238781228345,23.54042178774191,-0.4017806393702638,-1.765769159435007,-1.3568862060089702e-07
355.0019790994234,-59.74146638622803,23.548764247767394,-0.3994105845668867,-1.7647568286910915,-1.3319464200004272e-07
355.021846582543,-59.740694813135946,23.557106648102938,-0.39704711272530546,-1.7637451069634023,-1.307156860477481e-07
355.0417132397198,-59.73992406212274,23.565448988748535,-0.394690222592107,-1.7627339999684983,-1.282519716839586e-07
355.0615790742578,-59.739154133357964,23.573791269704195,-0.39233991291080794,-1.7617235134212443,-1.2580327996872875e-07
355.0814440894612,-59.73838502700995,23.582133490969913,-0.38999618242183426,-1.760713653034821,-1.233696614266614e-07
355.1013082886337,-59.737616743245844,23.59047565254569,-0.3876590298625353,-1.75970442452072,-1.2095118342389355e-07
355.12117167507853,-59.736849282231695,23.598817754431526,-0.38532845396719206,-1.7586958335887453,-1.1854764386201407e-07
355.14103425209925,-59.736082644132274,23.607159796627414,-0.38300445346699563,-1.7576878859470189,-1.161592111563656e-07
355.16089602299843,-59.735316829111255,23.615501779133364,-0.38068702709007307,-1.7566805873019766,-1.137858516238796e-07
355.1807569910789,-59.73455183733111,23.62384370194937,-0.3783761735614706,-1.7556739433583735,-1.1142753158148755e-07
355.2006171596431,-59.73378766895316,23.63218556507544,-0.376071891603157,-1.754667959819283,-1.0908420050458668e-07
355.2204765319929,-59.73302432413755,23.640527368511567,-0.3737741799340407,-1.7536626423860977,-1.067558920762455e-07
355.24033511143034,-59.73226180304324,23.64886911225775,-0.3714830372699435,-1.7526579967585336,-1.0444257261339549e-07
355.2601929012571,-59.73150010582798,23.657210796313993,-0.3691984623236215,-1.7516540286346276,-1.0214432632370796e-07
355.28004990477416,-59.73073923264846,23.665552420680292,-0.3669204538047651,-1.7506507437107415,-9.986103531644307e-08
355.29990612528286,-59.72997918366009,23.673893985356656,-0.3646490104199871,-1.7496481476815613,-9.75927164331351e-08
355.3197615660836,-59.72921995901717,23.68223549034308,-0.3623841308728397,-1.748646246240099,-9.533936967378404e-08
355.33961623047713,-59.72846155887279,23.690576935639548,-0.36012581386379894,-1.7476450450776966,-9.31010792460612e-08
355.3594701217636,-59.72770398337892,23.69891832124609,-0.35787405809027695,-1.746644549884023,-9.08776598930897e-08
355.3793232432428,-59.726947232686314,23.70725964716268,-0.3556288622466236,-1.7456447663470769,-8.866924634714365e-08
355.3991755982146,-59.72619130694457,23.715600913389338,-0.35339022502411604,-1.7446457001531892,-8.647570387594894e-08
355.4190271899781,-59.72543620630212,23.723942119926047,-0.35115814511097426,-1.743647356987023,-8.429718405331393e-08
355.4388780218325,-59.72468193090623,23.732283266772814,-0.3489326211923494,-1.742649742531576,-8.213350162236175e-08
355.45872809707674,-59.72392848090297,23.74062435392964,-0.34671365195032794,-1.7416528624681797,-7.9984824998435e-08
355.47857741900907,-59.72317585643727,23.748965381396534,-0.34450123606394145,-1.7406567224765026,-7.785108681539664e-08
355.4984259909279,-59.722424057652916,23.75730634917348,-0.3422953722091553,-1.7396613282345508,-7.573213549943836e-08
355.5182738161312,-59.72167308469243,23.765647257260486,-0.3400960590588709,-1.73866668541867,-7.362815630743697e-08
355.53812089791654,-59.72092293769727,23.773988105657548,-0.3379032952829399,-1.7376727997035433,-7.153909871478972e-08
355.5579672395815,-59.720173616807664,23.782328894364678,-0.3357170795481421,-1.7366796767621984,-6.946486167229105e-08
355.5778128444229,-59.71942512216269,23.790669623381863,-0.33353741051821323,-1.7356873222660025,-6.740549570454372e-08
355.59765771573774,-59.71867745390025,23.79901029270911,-0.3313642868538227,-1.7346957418846694,-6.536105133615054e-08
355.61750185682257,-59.71793061215708,23.807350902346403,-0.3291977072125797,-1.7337049412862564,-6.333142751790593e-08
355.6373452709735,-59.71718459706876,23.815691452293766,-0.32703767024905,-1.7327149261371657,-6.131664109134415e-08
355.6571879614865,-59.71643940876967,23.82403194255118,-0.3248841746147359,-1.7317257021021493,-5.9316742581067995e-08
355.6770299316575,-59.715695047393076,23.832372373118655,-0.32273721895808105,-1.7307372748443082,-5.733169830400893e-08
355.69687118478146,-59.714951513071036,23.840712743996193,-0.32059680192449047,-1.7297496500250897,-5.536133984482436e-08
355.7167117241538,-59.714208805934426,23.8490530551838,-0.3184629221562996,-1.7287628333042964,-5.3405936668062444e-08
355.7365515530691,-59.713466926112986,23.85739330668145,-0.31633557829280556,-1.7277768303400804,-5.146530351684633e-08
355.75639067482183,-59.7127258737353,23.865733498489163,-0.3142147689702482,-1.7267916467889484,-4.953942354964175e-08
355.7762290927065,-59.71198564892874,23.87407363060694,-0.3121004928218109,-1.7258072883057647,-4.762841465718852e-08
355.7960668100166,-59.71124625181953,23.88241370303478,-0.30999274847764247,-1.7248237605437438,-4.5732192631815346e-08
355.815903830046,-59.71050768253276,23.890753715772668,-0.30789153456482976,-1.7238410691544637,-4.385075747352223e-08
355.8357401560881,-59.70976994119231,23.899093668820615,-0.3057968497074125,-1.7228592197878576,-4.198397445003509e-08
355.8555757914357,-59.7090330279209,23.90743356217863,-0.30370869252639154,-1.7218782180922179,-4.01320625012993e-08
355.8754107393816,-59.7082969428401,23.9157733958467,-0.30162706163971187,-1.7208980697142011,-3.829493741964358e-08
355.89524500321824,-59.7075616860703,23.92411316982483,-0.2995519556622804,-1.7199187802988223,-3.6472498155862345e-08
355.91507858623766,-59.70682725773075,23.932452884113015,-0.2974833732059513,-1.718940355489463,-3.466484575916117e-08
355.9349114917319,-59.70609365793949,23.940792538711264,-0.29542131287953644,-1.7179628009278676,-3.287186233880023e-08
355.95474372299225,-59.70536088681342,23.949132133619578,-0.2933657732888068,-1.7169861222541478,-3.1093682627053605e-08
355.97457528330995,-59.70462894446829,23.957471668837936,-0.29131675303648946,-1.7160103251067818,-2.9330188733181484e-08
355.9944061759761,-59.70389783101865,23.965811144366366,-0.28927425072226315,-1.715035415122616,-2.7581431181786637e-08
356.0142364042812,-59.70316754657792,23.97415056020485,-0.2872382649427747,-1.7140613979368666,-2.5847308923663504e-08
356.03406597151553,-59.7024380912583,23.9824899163534,-0.2852087942916201,-1.7130882791831203,-2.4127990374154692e-08
356.0538948809691,-59.70170946517091,23.990829212812002,-0.28318583735936476,-1.7121160644933382,-2.2423273434849076e-08
356.0737231359316,-59.7009816684256,23.99916844958067,-0.28116939273352626,-1.7111447594978497,-2.0733292838020737e-08
356.09355073969255,-59.70025470113117,24.007507626659393,-0.27915945899858363,-1.710174369825364,-1.9057930692929856e-08
356.11337769554086,-59.69952856339514,24.01584674404818,-0.277156034735986,-1.7092049011029633,-1.7397321731850512e-08
356.1332040067655,-59.698803255323966,24.024185801747024,-0.2751591185241337,-1.7082363589561074,-1.5751348064042882e-08
356.1530296766547,-59.69807877702288,24.032524799755926,-0.27316870893840134,-1.707268749008633,-1.4119976006438455e-08
356.17285470849674,-59.69735512859596,24.04086373807489,-0.27118480455111843,-1.7063020768827584,-1.2503289766708526e-08
356.19267910557954,-59.69663231014612,24.049202616703905,-0.26920740393158005,-1.705336348199082,-1.0901255661784573e-08
356.2125028711904,-59.69591032177514,24.05754143564299,-0.2672365056460533,-1.7043715685765821,-9.31384000859808e-09
356.2323260086168,-59.695189163583585,24.06588019489213,-0.26527210825776265,-1.7034077436326218,-7.741042807149042e-09
356.2521485211456,-59.69446883567092,24.07421889445133,-0.2633142103268996,-1.7024448789829487,-6.182847215903206e-09
356.27197041206324,-59.69374933813537,24.082557534320593,-0.26136281041063314,-1.7014829802416938,-4.639270076394827e-09
356.2917916846562,-59.69303067107405,24.09089611449992,-0.2594179070630851,-1.700522053021378,-3.110328230158166e-09
356.3116123422102,-59.6923128345829,24.099234634989298,-0.2574794988353586,-1.699562102932908,-1.5960216771932236e-09
356.3314323880111,-59.69159582875671,24.10757309578874,-0.2555475842755175,-1.698603135585579,-9.621568522592134e-11
356.35125182534415,-59.69087965368908,24.11591149689824,-0.2536221619285952,-1.6976451565870785,1.3889718550039226e-09
356.37107065749433,-59.69016430947245,24.124249838317805,-0.2517032303366038,-1.6966881715434825,2.8595746265648277e-09
356.3908888877463,-59.68944979619814,24.132588120047423,-0.2497907880385173,-1.6957321860592645,4.3156599955938334e-09
356.4107065193847,-59.688736113956224,24.140926342087095,-0.24788483357028046,-1.6947772057372879,5.757093229816861e-09
356.4305235556932,-59.68802326283572,24.149264504436843,-0.2459853654648213,-1.6938232361788128,7.183975378439468e-09
356.4503399999559,-59.68731124292439,24.15760260709664,-0.24409238225202648,-1.6928702829834954,8.596340124530176e-09
356.4701558554558,-59.68660005430888,24.1659406500665,-0.24220588245876945,-1.6919183517493894,9.994153785020465e-09
356.48997112547625,-59.68588969707469,24.174278633346415,-0.24032586460888816,-1.6909674480729477,1.1377433201444594e-08
356.5097858133,-59.68518017130613,24.182616556936395,-0.23845232722319587,-1.690017577549023,1.2746212056871083e-08
356.52959992220946,-59.684471477086326,24.190954420836437,-0.23658526881948702,-1.6890687457708684,1.4100473509765672e-08
356.5494134554867,-59.68376361449731,24.199292225046538,-0.23472468791252482,-1.6881209583301404,1.54402007185941e-08
356.5692264164136,-59.68305658361987,24.2076299695667,-0.2328705830140511,-1.6871742208168998,1.6765376841822112e-08
356.5890388082714,-59.68235038453371,24.215967654396913,-0.23102295263279038,-1.6862285388196099,1.807605240405248e-08
356.6088506343416,-59.68164501731735,24.224305279537194,-0.22918179527443366,-1.6852839179251422,1.937231161295651e-08
356.62866189790464,-59.6809404820481,24.232642844987534,-0.22734710944166103,-1.684340363718774,2.0654002894725857e-08
356.64847260224104,-59.680236778802175,24.240980350747932,-0.22551889363412597,-1.6833978817841921,2.1921227298566085e-08
356.66828275063125,-59.67953390765461,24.249317796818396,-0.22369714634845617,-1.6824564777034916,2.3173967982942933e-08
356.6880923463547,-59.67883186867926,24.257655183198917,-0.22188186607827137,-1.6815161570571797,2.441225863092492e-08
356.70790139269104,-59.678130661948835,24.26599250988949,-0.2200730513141627,-1.6805769254241747,2.563608240097779e-08
356.7277098929195,-59.67743028753488,24.274329776890138,-0.2182707005437006,-1.6796387883818082,2.6845472976170053e-08
356.7475178503188,-59.67673074550779,24.282666984200834,-0.2164748122514461,-1.6787017515058267,2.8040362990364677e-08
356.7673252681674,-59.67603203593679,24.291004131821598,-0.21468538491893313,-1.677765820370392,2.922085349276722e-08
356.7871321497434,-59.67533415888995,24.299341219752417,-0.21290241702468565,-1.676831000548082,3.0386877117240646e-08
356.80693849832466,-59.67463711443419,24.307678247993294,-0.21112590704420614,-1.6758972976098936,3.1538484388387724e-08
356.8267443171888,-59.673940902635245,24.316015216544237,-0.2093558534499785,-1.674964717125243,3.2675692147742725e-08
356.8465496096126,-59.6732455235577,24.324352125405245,-0.2075922547114789,-1.6740332646619644,3.379844987070286e-08
356.8663543788732,-59.672550977265026,24.332688974576303,-0.20583510929516152,-1.6731029457863174,3.490679124033666e-08
356.886158628247,-59.67185726381947,24.34102576405743,-0.20408441566446422,-1.672173766062981,3.6000749939712634e-08
356.9059623610099,-59.67116438328212,24.349362493848602,-0.20234017227982098,-1.6712457310550595,3.708022491962523e-08
356.9257655804379,-59.670472335712994,24.35769916394985,-0.20060237759864002,-1.6703188463240817,3.814541827848556e-08
356.94556828980626,-59.66978112117084,24.36603577436115,-0.1988710300753264,-1.6693931174300027,3.9196161600951034e-08
356.9653704923902,-59.669090739713326,24.37437232508251,-0.1971461281612638,-1.6684685499312066,4.023250541162442e-08
356.98517219146447,-59.66840119139693,24.382708816113936,-0.19542767030482888,-1.6675451493845044,4.1254567601245544e-08
357.0049733903034,-59.66771247627696,24.391045247455416,-0.1937156549513874,-1.6666229213451365,4.226214607140329e-08
357.02477409218113,-59.66702459440761,24.39938161910697,-0.19201008054328894,-1.665701871366776,4.3255442920508775e-08
357.04457430037127,-59.666337545841856,24.40771793106857,-0.1903109455198805,-1.6647820050015267,4.423432341628791e-08
357.06437401814725,-59.66565133063159,24.416054183340236,-0.18861824831749152,-1.6638633277999273,4.519888860794627e-08
357.0841732487821,-59.66496594882748,24.424390375921963,-0.18693198736944314,-1.6629458453109496,4.6149121653949584e-08
357.1039719955485,-59.664281400479055,24.43272650881375,-0.18525216110605155,-1.6620295630820014,4.7084988871229334e-08
357.12377026171873,-59.66359768563472,24.441062582015594,-0.18357876795462064,-1.661114486658928,4.8006523942854044e-08
357.14356805056485,-59.66291480434168,24.449398595527505,-0.18191180633944345,-1.6602006215860126,4.891372686882371e-08
357.1633653653584,-59.66223275664602,24.457734549349468,-0.18025127468181373,-1.6592879734059773,4.9806614490672594e-08
357.1831622093707,-59.66155154259263,24.466070443481495,-0.17859717140000847,-1.658376547659984,5.0685169966866435e-08
357.20295858587264,-59.660871162225284,24.474406277923578,-0.17694949490930725,-1.6574663498876374,5.1549443822008013e-08
