galstreams/tracks/track.st.Jhelum-a.bonaca2019.ecsv
# %ECSV 0.9
# ---
# datatype:
# - {name: ra, unit: deg, datatype: float64}
# - {name: dec, unit: deg, datatype: float64}
# - {name: distance, unit: kpc, datatype: float64}
# - {name: pm_ra_cosdec, unit: mas / yr, datatype: float64}
# - {name: pm_dec, unit: mas / yr, datatype: float64}
# - {name: radial_velocity, unit: km / s, datatype: float64}
# delimiter: ','
# meta: !!omap
# - __serialized_columns__:
#     dec:
#       __class__: astropy.coordinates.angles.Latitude
#       unit: &id001 !astropy.units.Unit {unit: deg}
#       value: !astropy.table.SerializedColumn {name: dec}
#     distance:
#       __class__: astropy.coordinates.distances.Distance
#       unit: !astropy.units.Unit {unit: kpc}
#       value: !astropy.table.SerializedColumn {name: distance}
#     pm_dec:
#       __class__: astropy.units.quantity.Quantity
#       unit: !astropy.units.Unit {unit: mas / yr}
#       value: !astropy.table.SerializedColumn {name: pm_dec}
#     pm_ra_cosdec:
#       __class__: astropy.units.quantity.Quantity
#       unit: !astropy.units.Unit {unit: mas / yr}
#       value: !astropy.table.SerializedColumn {name: pm_ra_cosdec}
#     ra:
#       __class__: astropy.coordinates.angles.Longitude
#       unit: *id001
#       value: !astropy.table.SerializedColumn {name: ra}
#       wrap_angle: !astropy.coordinates.Angle
#         unit: *id001
#         value: 360.0
#     radial_velocity:
#       __class__: astropy.units.quantity.Quantity
#       unit: !astropy.units.Unit {unit: km / s}
#       value: !astropy.table.SerializedColumn {name: radial_velocity}
# schema: astropy-2.0
ra,dec,distance,pm_ra_cosdec,pm_dec,radial_velocity
[from data line 417]
0.4879981078542571,-52.45193893949418,12.999999999999993,7.396734368852228,-3.4684096727687717,8.420767129872338e-14
0.4715849096981916,-52.45209351793854,12.999999999999993,7.396245694625479,-3.469838079393768,3.368306851948935e-14
0.455171603076611,-52.4522459516516,12.999999999999996,7.395756498294911,-3.4712664715343626,0.0
0.4387581895396986,-52.4523962406066,12.999999999999995,7.39526677994547,-3.4726948487254607,5.0524602779234026e-14
0.4223446706377243,-52.452544384777156,12.999999999999993,7.394776539662382,-3.4741232105020066,1.6841534259744676e-14
0.40593104792104395,-52.452690384137256,12.999999999999993,7.394285777531151,-3.475551556398985,6.73661370389787e-14
0.38951732294006874,-52.452834238661296,12.999999999999993,7.393794493637578,-3.4769798859514207,1.6841534259744676e-14
0.3731034972452903,-52.452975948324024,12.999999999999993,7.393302688067739,-3.47840819869438,1.6841534259744676e-14
0.35668957238728916,-52.4531155131006,12.999999999999993,7.392810360908,-3.47983649416297,6.73661370389787e-14
0.340275549916685,-52.45325293296652,12.999999999999993,7.392317512244994,-3.4812647718923384,5.0524602779234026e-14
0.3238614313842841,-52.4533882078977,12.999999999999996,7.391824142165663,-3.4826930314176643,3.368306851948935e-14
0.30744721834069244,-52.45352133787043,12.999999999999993,7.391330250757212,-3.4841212722741997,5.0524602779234026e-14
0.2910329123368188,-52.45365232286136,12.999999999999993,7.390835838107133,-3.4855494939972087,6.73661370389787e-14
0.27461851492359735,-52.45378116284755,12.999999999999996,7.390340904303207,-3.486977696122005,5.0524602779234026e-14
0.25820402765198397,-52.453907857806406,12.999999999999991,7.3898454494334995,-3.488405878183955,3.368306851948935e-14
0.24178945207303137,-52.454032407715765,12.999999999999996,7.389349473586349,-3.489834039718452,5.0524602779234026e-14
0.22537478973783442,-52.45415481255379,12.999999999999993,7.388852976850386,-3.4912621802609505,3.368306851948935e-14
0.20896004219756992,-52.45427507229906,12.999999999999995,7.388355959314522,-3.492690299346938,3.368306851948935e-14
0.19254521100345418,-52.454393186930524,12.999999999999995,7.387858421067947,-3.494118396511948,-1.6841534259744676e-14
0.17613029770678376,-52.45450915642751,12.999999999999993,7.387360362200144,-3.4955464712915614,6.73661370389787e-14
0.15971530385889243,-52.45462298076975,12.999999999999991,7.386861782800865,-3.496974523221402,3.368306851948935e-14
0.1433002310111951,-52.45473465993731,12.999999999999993,7.386362682960156,-3.4984025518371396,0.0
0.1268850807151419,-52.45484419391068,12.999999999999993,7.385863062768338,-3.4998305566744916,3.368306851948935e-14
0.11046985452225556,-52.45495158267072,12.999999999999993,7.385362922316024,-3.5012585372692175,8.420767129872338e-14
0.09405455398411092,-52.45505682619864,12.999999999999995,7.384862261694097,-3.5026864931571247,8.420767129872338e-14
0.07763918065231809,-52.455159924476085,12.999999999999995,7.384361080993734,-3.5041144238740705,5.0524602779234026e-14
0.06122373607856604,-52.455260877485046,12.999999999999996,7.383859380306389,-3.505542328955955,3.368306851948935e-14
0.04480822181457996,-52.455359685207895,12.999999999999993,7.3833571597238015,-3.5069702079387293,1.6841534259744676e-14
0.02839263941222924,-52.4554563476274,12.999999999999996,7.382854419337984,-3.5083980603583758,3.368306851948935e-14
0.011976990423153939,-52.4555508647267,12.999999999999996,7.3823511592412405,-3.509825885750963,3.368306851948935e-14
359.9955612763993,-52.455643236489344,12.999999999999995,7.381847379526156,-3.5112536836525736,1.1789073981821273e-13
359.97914549889265,-52.4557334628992,12.999999999999993,7.381343080285596,-3.512681453599352,-6.73661370389787e-14
359.96272965945514,-52.455821543940566,12.999999999999993,7.380838261612705,-3.5141091951274843,-8.420767129872338e-14
359.94631375963877,-52.45590747959812,12.999999999999995,7.380332923600921,-3.5155369077732113,0.0
359.92989780099555,-52.45599126985689,12.999999999999993,7.379827066343945,-3.5169645910728295,-6.73661370389787e-14
359.9134817850777,-52.45607291470232,12.999999999999993,7.379320689935778,-3.5183922445626723,0.0
359.8970657134372,-52.45615241412023,12.999999999999993,7.378813794470691,-3.519819867779138,-1.515738083377021e-13
359.8806495876264,-52.45622976809679,12.999999999999996,7.378306380043241,-3.5212474602586576,-8.420767129872338e-14
359.8642334091975,-52.45630497661858,12.999999999999993,7.377798446748268,-3.5226750215377307,5.0524602779234026e-14
359.8478171797026,-52.45637803967258,12.999999999999995,7.377289994680891,-3.524102551152906,-1.6841534259744676e-14
359.8314009006941,-52.45644895724609,12.999999999999993,7.376781023936513,-3.5255300486407717,5.0524602779234026e-14
359.8149845737243,-52.45651772932683,12.999999999999995,7.37627153461081,-3.526957513537982,-1.347322740779574e-13
359.79856820034564,-52.45658435590293,12.999999999999995,7.375761526799753,-3.528384945381232,-1.515738083377021e-13
359.7821517821105,-52.45664883696284,12.999999999999991,7.375251000599591,-3.5298123437072766,-1.347322740779574e-13
359.76573532057125,-52.45671117249544,12.999999999999993,7.374739956106842,-3.5312397080529143,-1.0104920555846805e-13
359.74931881728037,-52.45677136248997,12.999999999999995,7.374228393418308,-3.5326670379550245,-1.515738083377021e-13
359.7329022737904,-52.456829406936045,12.999999999999993,7.373716312631092,-3.534094332950509,-1.1789073981821273e-13
359.71648569165376,-52.45688530582367,12.999999999999993,7.373203713842556,-3.5355215925763375,-6.73661370389787e-14
359.7000690724231,-52.45693905914324,12.999999999999996,7.372690597150347,-3.5369488163695335,-1.1789073981821273e-13
359.683652417651,-52.456990666885524,12.999999999999996,7.372176962652402,-3.538376003867171,-1.6841534259744676e-14
359.66723572889003,-52.457040129041665,12.999999999999993,7.371662810446934,-3.539803154606388,-1.6841534259744676e-14
359.6508190076928,-52.457087445603186,12.999999999999993,7.371148140632427,-3.541230268124366,0.0
359.6344022556119,-52.45713261656203,12.999999999999993,7.37063295330766,-3.542657343958359,-1.347322740779574e-13
359.6179854742003,-52.45717564191047,12.999999999999993,7.370117248571685,-3.544084381645651,1.347322740779574e-13
359.6015686650103,-52.457216521641165,12.999999999999996,7.369601026523832,-3.5455113807236156,-1.347322740779574e-13
359.58515182959485,-52.45725525574721,12.999999999999996,7.369084287263724,-3.546938340729653,-5.0524602779234026e-14
359.5687349695067,-52.457291844222006,12.999999999999993,7.368567030891254,-3.548365261201241,0.0
359.5523180862985,-52.457326287059395,12.999999999999993,7.368049257506585,-3.5497921416759075,-1.0104920555846805e-13
359.53590118152306,-52.457358584253576,12.999999999999993,7.3675309672101825,-3.551218981691238,-1.515738083377021e-13
359.5194842567333,-52.45738873579913,12.999999999999993,7.367012160102778,-3.552645780784869,1.6841534259744676e-14
359.5030673134818,-52.457416741691006,12.999999999999993,7.366492836285389,-3.5540725384945144,-1.6841534259744676e-14
359.4866503533216,-52.45744260192457,12.999999999999993,7.365972995859308,-3.555499254357924,-1.0104920555846805e-13
359.47023337780536,-52.457466316495555,12.999999999999995,7.365452638926106,-3.5569259279129284,3.368306851948935e-14
359.4538163884859,-52.45748788540004,12.999999999999995,7.3649317655876425,-3.5583525586974085,3.368306851948935e-14
359.4373993869162,-52.45750730863453,12.999999999999995,7.364410375946044,-3.559779146249305,-1.0104920555846805e-13
359.4209823746491,-52.45752458619591,12.999999999999996,7.363888470103729,-3.561205690106612,-1.0104920555846805e-13
359.40456535323744,-52.4575397180814,12.999999999999996,7.363366048163393,-3.562632189807392,-5.0524602779234026e-14
359.38814832423407,-52.45755270428867,12.999999999999993,7.362843110228002,-3.564058644889771,-1.0104920555846805e-13
359.3717312891919,-52.45756354481572,12.999999999999993,7.362319656400809,-3.565485054891929,-1.6841534259744677e-13
359.35531424966393,-52.457572239660955,12.999999999999995,7.361795686785344,-3.566911419352105,1.6841534259744676e-14
359.33889720720293,-52.457578788823135,12.999999999999996,7.36127120148542,-3.5683377378086156,5.0524602779234026e-14
359.32248016336183,-52.457583192301435,12.999999999999995,7.360746200605124,-3.569764009799825,8.420767129872338e-14
359.3060631196935,-52.457585450095394,12.999999999999993,7.3602206842488185,-3.5711902348641695,-8.420767129872338e-14
359.28964607775083,-52.45758556220493,12.999999999999996,7.359694652521155,-3.5726164125401327,3.368306851948935e-14
359.2732290390868,-52.45758352863036,12.999999999999995,7.35916810552706,-3.574042542366281,1.6841534259744676e-14
359.25681200525423,-52.45757934937235,12.999999999999993,7.358641043371736,-3.5754686238812345,-6.73661370389787e-14
359.2403949778061,-52.457573024432,12.999999999999993,7.358113466160663,-3.576894656623672,1.6841534259744676e-14
359.2239779582953,-52.457564553810734,12.999999999999996,7.357585373999607,-3.5783206401323424,-3.368306851948935e-14
359.2075609482746,-52.457553937510376,12.999999999999996,7.357056766994603,-3.5797465739460694,1.6841534259744676e-14
359.191143949297,-52.45754117553316,12.999999999999996,7.3565276452519734,-3.5811724576037287,6.73661370389787e-14
359.1747269629152,-52.457526267881676,12.999999999999996,7.3559980088783075,-3.5825982906442633,1.6841534259744676e-14
359.15830999068226,-52.45750921455887,12.999999999999993,7.355467857980488,-3.5840240726066837,-1.0104920555846805e-13
359.141893034151,-52.45749001556814,12.999999999999996,7.35493719266566,-3.585449803030061,-1.6841534259744677e-13
359.1254760948742,-52.45746867091321,12.999999999999993,7.354406013041264,-3.586875481453537,6.73661370389787e-14
359.1090591744048,-52.45744518059818,12.999999999999993,7.353874319214996,-3.5883011074163247,3.368306851948935e-14
359.0926422742955,-52.45741954462758,12.999999999999993,7.3533421112948485,-3.5897266804577006,-1.1789073981821273e-13
359.0762253960992,-52.457391763006264,12.999999999999993,7.352809389389088,-3.591152200116998,-6.73661370389787e-14
359.0598085413686,-52.457361835739526,12.999999999999993,7.352276153606254,-3.592577665933633,3.368306851948935e-14
359.0433917116566,-52.45732976283299,12.999999999999993,7.351742404055164,-3.594003077447087,-8.420767129872338e-14
359.0269749085159,-52.457295544292684,12.999999999999993,7.35120814084492,-3.5954284341968963,6.73661370389787e-14
359.0105581334993,-52.45725918012503,12.999999999999993,7.350673364084888,-3.5968537357226884,-8.420767129872338e-14
358.9941413881594,-52.4572206703368,12.999999999999993,7.350138073884727,-3.598278981564137,-1.6841534259744676e-14
358.977724674049,-52.457180014935176,12.999999999999993,7.349602270354363,-3.599704171260999,0.0
358.9613079927208,-52.4571372139277,12.999999999999996,7.349065953604,-3.6011293043530976,-6.73661370389787e-14
358.94489134572746,-52.45709226732233,12.999999999999993,7.348529123744124,-3.6025543803803206,8.420767129872338e-14
358.9284747346216,-52.45704517512736,12.999999999999993,7.3479917808854935,-3.6039793988826325,-1.0104920555846805e-13
358.91205816095584,-52.45699593735148,12.999999999999995,7.3474539251391455,-3.60540435940007,8.420767129872338e-14
358.89564162628267,-52.4569445540038,12.999999999999993,7.3469155566163895,-3.606829261472742,3.368306851948935e-14
358.8792251321548,-52.456891025093746,12.999999999999995,7.34637667542882,-3.6082541046408156,6.73661370389787e-14
358.86280868012466,-52.456835350631174,12.999999999999996,7.345837281688301,-3.6096788884445417,6.73661370389787e-14
358.84639227174483,-52.456777530626304,12.999999999999993,7.345297375506978,-3.611103612424237,1.0104920555846805e-13
358.8299759085677,-52.45671756508975,12.999999999999996,7.344756956997263,-3.6125282761202993,-5.0524602779234026e-14
358.8135595921458,-52.456655454032465,12.999999999999993,7.344216026271866,-3.613952879073181,0.0
358.79714332403154,-52.456591197465855,12.999999999999993,7.3436745834437485,-3.6153774208234264,6.73661370389787e-14
358.7807271057772,-52.45652479540164,12.999999999999993,7.343132628626155,-3.616801900911648,-1.347322740779574e-13
358.76431093893535,-52.45645624785197,12.999999999999995,7.34259016193262,-3.61822631887852,6.73661370389787e-14
358.74789482505804,-52.45638555482934,12.999999999999993,7.342047183476937,-3.6196506742648102,-1.6841534259744676e-14
358.73147876569766,-52.45631271634663,12.999999999999993,7.3415036933731805,-3.6210749666113458,-5.0524602779234026e-14
358.71506276240643,-52.45623773241715,12.999999999999996,7.340959691735707,-3.6224991954590315,-3.368306851948935e-14
358.6986468167365,-52.45616060305452,12.999999999999996,7.340415178679137,-3.623923360348853,-1.515738083377021e-13
358.68223093024017,-52.45608132827279,12.999999999999996,7.339870154318376,-3.625347460821863,-1.515738083377021e-13
358.6658151044696,-52.455999908086376,12.999999999999996,7.339324618768608,-3.6267714964191837,-6.73661370389787e-14
358.6493993409766,-52.45591634251007,12.999999999999996,7.338778572145279,-3.628195466682044,0.0
358.6329836413133,-52.45583063155907,12.999999999999998,7.338232014564111,-3.6296193711517186,5.0524602779234026e-14
358.6165680070317,-52.45574277524891,12.999999999999996,7.33768494614112,-3.631043209369569,1.0104920555846805e-13
358.6001524396837,-52.45565277359553,12.999999999999996,7.337137366992574,-3.632466980877036,0.0
358.5837369408214,-52.45556062661528,12.999999999999996,7.336589277235036,-3.633890685215626,1.6841534259744676e-14
358.5673215119964,-52.455466334324846,12.999999999999996,7.336040676985326,-3.635314321926937,3.368306851948935e-14
358.5509061547606,-52.45536989674132,12.999999999999993,7.33549156636055,-3.6367378905526406,5.0524602779234026e-14
358.5344908706657,-52.45527131388216,12.999999999999996,7.334941945478084,-3.638161390634485,-8.420767129872338e-14
358.51807566126354,-52.45517058576521,12.999999999999996,7.334391814455583,-3.6395848217142905,-3.368306851948935e-14
358.5016605281057,-52.45506771240871,12.999999999999996,7.333841173410972,-3.6410081833339722,-5.0524602779234026e-14
358.48524547274366,-52.45496269383128,12.999999999999996,7.33329002246245,-3.6424314750355085,0.0
358.468830496729,-52.45485553005187,12.999999999999996,7.332738361728493,-3.643854696360969,5.0524602779234026e-14
358.4524156016133,-52.4547462210899,12.999999999999995,7.332186191327849,-3.645277846852501,-1.515738083377021e-13
358.436000788948,-52.454634766965086,12.999999999999995,7.331633511379542,-3.6467009260523175,3.368306851948935e-14
358.4195860602843,-52.45452116769758,12.999999999999996,7.331080322002864,-3.6481239335027347,0.0
358.40317141717367,-52.45440542330789,12.999999999999996,7.330526623317391,-3.649546868746137,-3.368306851948935e-14
358.3867568611674,-52.45428753381692,12.999999999999996,7.329972415442972,-3.6509697313249774,8.420767129872338e-14
358.37034239381643,-52.45416749924594,12.999999999999996,7.329417698499706,-3.652392520781835,-1.1789073981821273e-13
358.35392801667206,-52.454045319616604,12.999999999999993,7.328862472608007,-3.653815236659318,-8.420767129872338e-14
358.3375137312854,-52.45392099495094,12.999999999999996,7.328306737888521,-3.6552378785001403,6.73661370389787e-14
358.32109953920735,-52.453794525271405,12.999999999999996,7.327750494462199,-3.6566604458471064,1.1789073981821273e-13
358.3046854419889,-52.45366591060076,12.999999999999995,7.32719374245024,-3.6580829382430933,-3.368306851948935e-14
358.2882714411809,-52.4535351509622,12.999999999999998,7.326636481974136,-3.659505355231055,-5.0524602779234026e-14
358.2718575383342,-52.453402246379305,12.999999999999993,7.326078713155646,-3.6609276963540447,-1.0104920555846805e-13
358.25544373499946,-52.453267196876,12.999999999999995,7.32552043611679,-3.6623499611551846,-6.73661370389787e-14
358.2390300327274,-52.45313000247659,12.999999999999998,7.324961650979874,-3.6637721491776896,-1.0104920555846805e-13
