galstreams/tracks/track.st.C-19.martin2022.ecsv
# %ECSV 1.0
# ---
# datatype:
# - {name: ra, unit: deg, datatype: float64}
# - {name: dec, unit: deg, datatype: float64}
# - {name: distance, unit: kpc, datatype: float64}
# - {name: pm_ra_cosdec, unit: mas / yr, datatype: float64}
# - {name: pm_dec, unit: mas / yr, datatype: float64}
# - {name: radial_velocity, unit: km / s, datatype: float64}
# delimiter: ','
# meta: !!omap
# - __serialized_columns__:
#     dec:
#       __class__: astropy.coordinates.angles.Latitude
#       unit: &id001 !astropy.units.Unit {unit: deg}
#       value: !astropy.table.SerializedColumn {name: dec}
#     distance:
#       __class__: astropy.coordinates.distances.Distance
#       unit: !astropy.units.Unit {unit: kpc}
#       value: !astropy.table.SerializedColumn {name: distance}
#     pm_dec:
#       __class__: astropy.units.quantity.Quantity
#       unit: !astropy.units.Unit {unit: mas / yr}
#       value: !astropy.table.SerializedColumn {name: pm_dec}
#     pm_ra_cosdec:
#       __class__: astropy.units.quantity.Quantity
#       unit: !astropy.units.Unit {unit: mas / yr}
#       value: !astropy.table.SerializedColumn {name: pm_ra_cosdec}
#     ra:
#       __class__: astropy.coordinates.angles.Longitude
#       unit: *id001
#       value: !astropy.table.SerializedColumn {name: ra}
#       wrap_angle: !astropy.coordinates.Angle
#         unit: *id001
#         value: 360.0
#     radial_velocity:
#       __class__: astropy.units.quantity.Quantity
#       unit: !astropy.units.Unit {unit: km / s}
#       value: !astropy.table.SerializedColumn {name: radial_velocity}
# schema: astropy-2.0
ra,dec,distance,pm_ra_cosdec,pm_dec,radial_velocity
[from data line 1344]
354.9541725850713,22.1337308646707,18.0,1.2376658241828395,-3.0501259425489433,-189.44000000000014
354.9545700395518,22.123321217021584,18.000000000000004,1.2375811717926886,-3.0505486837215408,-189.44000000000005
354.95496724817883,22.11291156091707,18.0,1.2374965936820528,-3.05097102856717,-189.44000000000005
354.95536421103003,22.10250189635917,18.000000000000004,1.2374120898499477,-3.0513929770900043,-189.4400000000001
354.955760928183,22.092092223349866,18.0,1.2373276602953807,-3.05181452929422,-189.44000000000014
354.9561573997153,22.08168254189112,18.0,1.2372433050173535,-3.0522356851839874,-189.44000000000014
354.9565536257044,22.07127285198491,18.0,1.2371590240148573,-3.0526564447634756,-189.44000000000005
354.95694960622757,22.060863153633196,18.0,1.2370748172868804,-3.053076808036851,-189.44000000000005
354.9573453413622,22.050453446838,18.0,1.2369906848324002,-3.053496775008275,-189.44000000000005
354.95774083118556,22.040043731601166,18.000000000000004,1.236906626650388,-3.0539163456819063,-189.44000000000014
354.9581360757748,22.02963400792471,18.0,1.2368226427398108,-3.054335520061905,-189.4400000000001
354.958531075207,22.019224275810586,18.000000000000004,1.2367387330996227,-3.0547542981524205,-189.4400000000001
354.95892582955923,22.008814535260754,18.0,1.2366548977287768,-3.0551726799576078,-189.44000000000014
354.9593203389085,21.998404786277167,18.0,1.236571136626215,-3.055590665481609,-189.4400000000002
354.95971460333175,21.98799502886182,18.000000000000004,1.2364874497908738,-3.056008254728571,-189.44000000000005
354.96010862290564,21.97758526301656,18.0,1.2364038372216812,-3.056425447702637,-189.44000000000014
354.96050239770716,21.96717548874338,18.0,1.2363202989175597,-3.056842244407945,-189.44000000000017
354.9608959278129,21.95676570604422,18.0,1.236236834877424,-3.0572586448486287,-189.44000000000014
354.96128921329955,21.946355914921025,18.0,1.2361534451001814,-3.057674649028823,-189.44000000000005
354.96168225424367,21.93594611537574,18.0,1.236070129584733,-3.0580902569526582,-189.44000000000005
354.96207505072175,21.925536307410354,18.0,1.2359868883299716,-3.0585054686242574,-189.44
354.96246760281025,21.915126491026687,18.0,1.2359037213347834,-3.058920284047747,-189.44000000000014
354.96285991058556,21.90471666622672,18.000000000000004,1.2358206285980489,-3.059334703227249,-189.4400000000001
354.963251974124,21.894306833012386,18.0,1.235737610118639,-3.0597487261668808,-189.44000000000014
354.9636437935017,21.88389699138563,17.999999999999996,1.2356546658954202,-3.060162352870754,-189.44000000000017
354.964035368795,21.87348714134835,18.0,1.2355717959272492,-3.060575583342983,-189.44000000000014
354.9644267000799,21.86307728290254,18.0,1.235489000212979,-3.060988417587678,-189.4400000000001
354.96481778743254,21.852667416050004,18.000000000000004,1.2354062787514524,-3.061400855608943,-189.44000000000005
354.96520863092877,21.84225754079272,18.0,1.2353236315415073,-3.061812897410884,-189.44000000000005
354.96559923064456,21.8318476571326,18.0,1.2352410585819735,-3.062224542997598,-189.44000000000005
354.9659895866558,21.821437765071565,18.0,1.2351585598716739,-3.0626357923731855,-189.44000000000005
354.9663796990381,21.811027864611525,17.999999999999996,1.2350761354094257,-3.0630466455417373,-189.44000000000017
354.96676956786735,21.80061795575438,18.0,1.2349937851940371,-3.063457102507348,-189.4400000000001
354.9671591932192,21.790208038502104,18.0,1.234911509224311,-3.063867163274105,-189.44000000000014
354.967548575169,21.779798112856486,18.0,1.2348293074990433,-3.064276827846094,-189.4400000000001
354.96793771379254,21.769388178819494,17.999999999999996,1.2347471800170207,-3.0646860962273963,-189.4400000000002
354.9683266091651,21.75897823639301,18.000000000000004,1.2346651267770261,-3.0650949684220925,-189.44000000000014
354.96871526136215,21.74856828557895,18.000000000000004,1.2345831477778335,-3.065503444434262,-189.44000000000005
354.9691036704589,21.738158326379196,18.0,1.234501243018211,-3.065911524267977,-189.4400000000001
354.96949183653066,21.727748358795708,18.000000000000004,1.2344194124969186,-3.0663192079273083,-189.44000000000005
354.9698797596526,21.717338382830278,18.0,1.2343376562127106,-3.066726495416323,-189.4400000000001
354.9702674398998,21.706928398484838,18.000000000000004,1.2342559741643335,-3.0671333867390875,-189.44000000000014
354.9706548773474,21.696518405761275,18.0,1.234174366350528,-3.0675398818996658,-189.44000000000014
354.9710420720703,21.686108404661468,18.000000000000004,1.2340928327700265,-3.0679459809021146,-189.44000000000014
354.9714290241435,21.675698395187318,18.0,1.2340113734215568,-3.0683516837504925,-189.4400000000001
354.97181573364173,21.665288377340747,18.000000000000004,1.2339299883038362,-3.068756990448853,-189.44000000000005
354.97220220063986,21.65487835112354,18.000000000000007,1.233848677415578,-3.069161901001244,-189.44000000000014
354.97258842521256,21.644468316537612,18.000000000000004,1.2337674407554895,-3.069566415411721,-189.44000000000017
354.9729744074345,21.63405827358485,18.000000000000004,1.2336862783222677,-3.069970533684321,-189.44000000000014
354.97336014738033,21.623648222267125,18.000000000000004,1.2336051901146061,-3.070374255823089,-189.4400000000001
354.9737456451245,21.61323816258629,18.000000000000004,1.233524176131189,-3.070777581832068,-189.44000000000003
354.9741309007415,21.6028280945443,18.0,1.2334432363706955,-3.0711805117152884,-189.4400000000001
354.9745159143057,21.592418018142894,18.000000000000004,1.2333623708317967,-3.071583045476786,-189.4400000000001
354.9749006858914,21.582007933383988,18.0,1.2332815795131582,-3.0719851831205944,-189.44000000000017
354.9752852155729,21.571597840269447,18.000000000000007,1.2332008624134374,-3.072386924650738,-189.44000000000014
354.97566950342446,21.561187738801138,18.000000000000004,1.233120219531287,-3.0727882700712446,-189.44000000000005
354.9760535495201,21.550777628980914,18.000000000000004,1.2330396508653505,-3.0731892193861343,-189.44000000000005
354.9764373539339,21.540367510810633,18.000000000000004,1.2329591564142652,-3.0735897725994286,-189.44000000000014
354.9768209167399,21.5299573842922,18.000000000000004,1.232878736176663,-3.073989929715142,-189.44000000000014
354.977204238012,21.51954724942735,18.0,1.232798390151169,-3.07438969073729,-189.44000000000014
354.9775873178241,21.50913710621801,18.0,1.2327181183364,-3.074789055669881,-189.44000000000014
354.97797015624997,21.498726954665997,18.0,1.2326379207309672,-3.075188024516925,-189.44000000000005
354.97835275336337,21.48831679477318,18.000000000000004,1.232557797333474,-3.0755865972824266,-189.44000000000005
354.97873510923796,21.4779066265414,18.0,1.232477748142519,-3.075984773970388,-189.44000000000017
354.9791172239474,21.467496449972536,18.000000000000007,1.2323977731566924,-3.0763825545848076,-189.4400000000001
354.97949909756517,21.457086265068334,18.000000000000004,1.2323178723745791,-3.0767799391296857,-189.44000000000003
354.9798807301647,21.446676071830677,18.0,1.2322380457947555,-3.0771769276090137,-189.44000000000014
354.9802621218195,21.436265870261412,18.000000000000004,1.232158293415793,-3.0775735200267826,-189.44000000000014
354.98064327260295,21.425855660362355,18.0,1.2320786152362553,-3.0779697163869804,-189.44000000000017
354.9810241825882,21.41544544213534,18.0,1.2319990112547008,-3.0783655166935935,-189.44000000000014
354.9814048518486,21.40503521558226,18.000000000000004,1.2319194814696794,-3.078760920950605,-189.44000000000014
354.9817852804572,21.394624980704826,18.0,1.2318400258797366,-3.0791559291619937,-189.4400000000001
354.9821654684871,21.384214737504916,18.0,1.2317606444834077,-3.079550541331735,-189.4400000000002
354.9825454160114,21.373804485984348,18.000000000000004,1.2316813372792268,-3.0799447574638057,-189.44000000000005
354.98292512310303,21.363394226144955,18.0,1.2316021042657157,-3.0803385775621774,-189.44000000000005
354.9833045898348,21.352983957988545,18.0,1.231522945441393,-3.080732001630817,-189.44000000000005
354.98368381627967,21.342573681516985,18.000000000000004,1.2314438608047698,-3.0811250296736925,-189.4400000000001
354.9840628025103,21.332163396731993,18.0,1.231364850354351,-3.081517661694766,-189.4400000000001
354.9844415485995,21.32175310363543,17.999999999999996,1.2312859140886343,-3.0819098976979964,-189.44000000000014
354.9848200546198,21.3113428022291,18.0,1.2312070520061116,-3.08230173768734,-189.44000000000014
354.9851983206438,21.300932492514818,18.0,1.2311282641052668,-3.082693181666756,-189.44000000000014
354.98557634674404,21.290522174494377,18.0,1.2310495503845804,-3.083084229640196,-189.44000000000014
354.9859541329929,21.280111848169597,18.0,1.2309709108425213,-3.0834748816116044,-189.44000000000014
354.98633167946286,21.269701513542334,18.0,1.2308923454775575,-3.0838651375849313,-189.44000000000014
354.98670898622623,21.259291170614254,18.0,1.230813854288146,-3.0842549975641207,-189.44000000000003
354.9870860533551,21.248880819387235,18.0,1.2307354372727388,-3.0846444615531126,-189.4400000000001
354.98746288092184,21.238470459863077,18.0,1.2306570944297834,-3.085033529555844,-189.4400000000001
354.98783946899846,21.22806009204355,18.000000000000004,1.230578825757718,-3.08542220157625,-189.44000000000005
354.988215817657,21.217649715930467,18.000000000000004,1.230500631254974,-3.0858104776182658,-189.44000000000014
354.98859192696966,21.207239331525592,18.0,1.2304225109199816,-3.086198357685821,-189.44000000000005
354.9889677970081,21.196828938830745,18.000000000000004,1.2303444647511563,-3.086585841782839,-189.4400000000001
354.9893434278444,21.186418537847675,18.0,1.2302664927469138,-3.0869729299132476,-189.44000000000014
354.9897188195502,21.17600812857819,18.0,1.2301885949056601,-3.087359622080969,-189.4400000000001
354.9900939721973,21.165597711024056,18.000000000000004,1.2301107712257955,-3.0877459182899183,-189.44000000000005
354.99046888585747,21.15518728518707,18.0,1.2300330217057158,-3.0881318185440167,-189.44000000000005
354.9908435606022,21.144776851068993,18.000000000000004,1.2299553463438058,-3.0885173228471734,-189.44000000000014
354.99121799650305,21.1343664086716,18.0,1.2298777451384495,-3.0889024312033015,-189.44000000000005
354.9915921936315,21.12395595799668,18.0,1.2298002180880185,-3.089287143616308,-189.4400000000002
354.99196615205904,21.11354549904599,18.0,1.2297227651908842,-3.0896714600900976,-189.44000000000005
354.992339871857,21.103135031821306,18.0,1.2296453864454064,-3.0900553806285735,-189.44000000000014
354.9927133530966,21.092724556324388,18.0,1.2295680818499417,-3.0904389052356347,-189.44000000000005
354.99308659584915,21.082314072557,18.0,1.2294908514028386,-3.090822033915181,-189.44000000000005
354.99345960018576,21.071903580520914,18.0,1.2294136951024406,-3.0912047666711033,-189.4400000000001
354.99383236617757,21.061493080217886,18.000000000000004,1.2293366129470835,-3.0915871035072957,-189.44000000000005
354.9942048938955,21.051082571649676,18.0,1.229259604935097,-3.0919690444276453,-189.4400000000001
354.9945771834108,21.040672054818035,18.000000000000004,1.229182671064806,-3.092350589436042,-189.44000000000014
354.9949492347941,21.030261529724733,18.0,1.2291058113345272,-3.0927317385363633,-189.44000000000014
354.9953210481164,21.01985099637151,18.0,1.2290290257425718,-3.0931124917324953,-189.44000000000014
354.9956926234484,21.009440454760124,18.000000000000004,1.228952314287244,-3.093492849028313,-189.44000000000014
354.9960639608609,20.99902990489231,18.000000000000004,1.2288756769668432,-3.0938728104276936,-189.4400000000001
354.9964350604246,20.988619346769838,18.0,1.2287991137796614,-3.0942523759345106,-189.44000000000005
354.9968059222099,20.97820878039443,18.000000000000004,1.228722624723983,-3.0946315455526308,-189.44000000000003
354.99717654628745,20.96779820576785,18.000000000000004,1.2286462097980881,-3.095010319285926,-189.44000000000017
354.9975469327277,20.95738762289182,18.000000000000004,1.2285698690002518,-3.095388697138257,-189.44000000000014
354.9979170816011,20.9469770317681,18.0,1.2284936023287387,-3.0957666791134897,-189.44000000000017
354.99828699297797,20.936566432398397,18.000000000000004,1.2284174097818104,-3.0961442652154796,-189.44000000000014
354.99865666692864,20.92615582478448,18.000000000000004,1.2283412913577223,-3.0965214554480855,-189.44000000000005
354.99902610352314,20.91574520892806,18.0,1.228265247054721,-3.0968982498151623,-189.4400000000001
354.99939530283183,20.90533458483088,18.0,1.2281892768710498,-3.0972746483205578,-189.44000000000005
354.9997642649247,20.894923952494658,18.000000000000004,1.2281133808049423,-3.0976506509681245,-189.44000000000017
355.00013298987176,20.88451331192113,18.000000000000004,1.2280375588546308,-3.098026257761707,-189.44000000000005
355.00050147774306,20.874102663112023,18.0,1.2279618110183368,-3.098401468705148,-189.44000000000014
355.00086972860845,20.863692006069055,18.0,1.2278861372942782,-3.09877628380229,-189.44000000000005
355.00123774253774,20.85328134079394,18.000000000000004,1.2278105376806647,-3.099150703056969,-189.44000000000005
355.00160551960073,20.842870667288413,18.000000000000004,1.2277350121757018,-3.0995247264730224,-189.44000000000014
355.00197305986717,20.832459985554188,18.0,1.2276595607775889,-3.0998983540542824,-189.44000000000014
355.0023403634067,20.82204929559297,18.000000000000004,1.2275841834845171,-3.1002715858045775,-189.4400000000001
355.0027074302888,20.81163859740649,18.0,1.2275088802946732,-3.1006444217277385,-189.44000000000014
355.00307426058316,20.801227890996433,18.0,1.2274336512062372,-3.1010168618275875,-189.44000000000005
355.00344085435916,20.79081717636454,18.000000000000004,1.2273584962173825,-3.1013889061079483,-189.44000000000014
355.0038072116862,20.780406453512505,18.0,1.2272834153262775,-3.1017605545726394,-189.44000000000005
355.00417333263357,20.769995722442022,18.0,1.2272084085310826,-3.1021318072254798,-189.44000000000005
355.0045392172707,20.75958498315482,18.000000000000004,1.2271334758299546,-3.1025026640702786,-189.4400000000001
355.0049048656666,20.749174235652585,17.999999999999996,1.2270586172210425,-3.1028731251108557,-189.44000000000014
355.0052702778906,20.738763479937013,18.000000000000004,1.2269838327024885,-3.103243190351012,-189.44000000000014
355.00563545401167,20.728352716009816,18.0,1.2269091222724313,-3.1036128597945605,-189.4400000000001
355.0060003940989,20.71794194387268,18.0,1.226834485929002,-3.1039821334453017,-189.44000000000014
355.0063650982213,20.7075311635273,18.0,1.226759923670324,-3.104351011307038,-189.44000000000005
355.0067295664476,20.697120374975377,18.0,1.2266854354945176,-3.104719493383567,-189.44000000000014
355.0070937988468,20.686709578218593,18.000000000000004,1.2266110213996952,-3.1050875796786865,-189.4400000000001
355.0074577954876,20.676298773258647,18.0,1.2265366813839629,-3.105455270196188,-189.44000000000005
355.0078215564388,20.66588796009721,18.0,1.226462415445423,-3.105822564939866,-189.44000000000014
355.0081850817689,20.65547713873597,18.0,1.2263882235821675,-3.1061894639135037,-189.44000000000005
355.0085483715466,20.64506630917663,18.000000000000004,1.226314105792288,-3.1065559671208893,-189.44000000000017
355.00891142584044,20.634655471420846,18.0,1.2262400620738656,-3.1069220745658073,-189.44000000000014
355.0092742447189,20.624244625470315,18.0,1.2261660924249782,-3.107287786252037,-189.44000000000014
355.0096368282503,20.613833771326696,18.000000000000004,1.2260921968436944,-3.107653102183354,-189.4400000000001
355.009999176503,20.603422908991686,18.0,1.2260183753280798,-3.108018022363538,-189.44000000000014
355.0103612895453,20.59301203846695,18.0,1.225944627876193,-3.108382546796358,-189.44000000000014
355.0107231674455,20.582601159754145,18.0,1.2258709544860873,-3.108746675485588,-189.4400000000001
