galstreams/tracks/track.st.C-8.ibata2021.ecsv
# %ECSV 0.9
# ---
# datatype:
# - {name: ra, unit: deg, datatype: float64}
# - {name: dec, unit: deg, datatype: float64}
# - {name: distance, unit: kpc, datatype: float64}
# - {name: pm_ra_cosdec, unit: mas / yr, datatype: float64}
# - {name: pm_dec, unit: mas / yr, datatype: float64}
# - {name: radial_velocity, unit: km / s, datatype: float64}
# delimiter: ','
# meta: !!omap
# - __serialized_columns__:
#     dec:
#       __class__: astropy.coordinates.angles.Latitude
#       unit: &id001 !astropy.units.Unit {unit: deg}
#       value: !astropy.table.SerializedColumn {name: dec}
#     distance:
#       __class__: astropy.coordinates.distances.Distance
#       unit: !astropy.units.Unit {unit: kpc}
#       value: !astropy.table.SerializedColumn {name: distance}
#     pm_dec:
#       __class__: astropy.units.quantity.Quantity
#       unit: !astropy.units.Unit {unit: mas / yr}
#       value: !astropy.table.SerializedColumn {name: pm_dec}
#     pm_ra_cosdec:
#       __class__: astropy.units.quantity.Quantity
#       unit: !astropy.units.Unit {unit: mas / yr}
#       value: !astropy.table.SerializedColumn {name: pm_ra_cosdec}
#     ra:
#       __class__: astropy.coordinates.angles.Longitude
#       unit: *id001
#       value: !astropy.table.SerializedColumn {name: ra}
#       wrap_angle: !astropy.coordinates.Angle
#         unit: *id001
#         value: 360.0
#     radial_velocity:
#       __class__: astropy.units.quantity.Quantity
#       unit: !astropy.units.Unit {unit: km / s}
#       value: !astropy.table.SerializedColumn {name: radial_velocity}
# schema: astropy-2.0
ra,dec,distance,pm_ra_cosdec,pm_dec,radial_velocity
[from data line 279]
339.0829065128343,-79.45628720947279,3.6528099832755427,8.51964418414521,6.310869244896825,-7.157652060391487e-14
339.0999203777033,-79.44690048724894,3.6521134806754203,8.51877383497486,6.313758974077572,-5.4734986344170195e-14
339.11682519017654,-79.43751048592827,3.651412694630259,8.51791002636112,6.316635264529887,-7.578690416885104e-14
339.1336215567659,-79.42811723050563,3.650707648782616,8.517052710021307,6.31949817727026,-6.315575347404254e-14
339.15031008214527,-79.41872074579418,3.6499983667750544,8.516201837732645,6.322347772999929,-8.420767129872338e-14
339.16689136915375,-79.4093210564273,3.6492848722501323,8.515357361333198,6.325184112106008,-6.315575347404254e-14
339.1833660187996,-79.39991818685988,3.648567188850411,8.51451923272271,6.328007254662745,-5.894536990910637e-14
339.19973463026344,-79.39051216137017,3.6478453402184505,8.513687403863502,6.330817260432601,-5.0524602779234026e-14
339.21599780090247,-79.38110300406096,3.6471193499968098,8.512861826781272,6.333614188867541,-5.0524602779234026e-14
339.23215612625364,-79.37169073886159,3.646389241828051,8.512042453565972,6.336398099110102,-5.0524602779234026e-14
339.2482102000378,-79.3622753895289,3.6456550393547325,8.511229236372579,6.339169049994663,-4.631421921429786e-14
339.264160614163,-79.3528569796494,3.6449167662194157,8.510422127421943,6.341927100048508,-5.0524602779234026e-14
339.2800079587288,-79.34343553264013,3.64417444606466,8.509621079001532,6.344672307493117,-7.157652060391487e-14
339.2957528220297,-79.33401107175074,3.643428102533026,8.508826043466247,6.347404730245232,-7.578690416885104e-14
339.3113957905594,-79.32458362006443,3.642677759267075,8.508036973239147,6.350124425918081,-5.894536990910637e-14
339.32693744901417,-79.3151532005,3.641923439909364,8.507253820812236,6.352831451822525,-5.0524602779234026e-14
339.3423783802973,-79.30571983581272,3.6411651681024573,8.506476538747153,6.355525864968203,-5.0524602779234026e-14
339.35771916552267,-79.29628354859635,3.6404029674889116,8.505705079675954,6.358207722064706,-7.999728773378721e-14
339.37296038401917,-79.28684436128405,3.6396368617112884,8.504939396301738,6.360877079522777,-7.578690416885104e-14
339.3881026133342,-79.27740229615034,3.638866874412148,8.504179441399433,6.363533993455359,-6.315575347404254e-14
339.40314642923806,-79.26795737531206,3.638093029234051,8.503425167816419,6.366178519678856,-7.578690416885104e-14
339.418092405728,-79.25850962073017,3.637315349819557,8.502676528473224,6.368810713714209,-5.894536990910637e-14
339.4329411150322,-79.2490590542108,3.6365338598112262,8.501933476364169,6.371430630788097,-5.0524602779234026e-14
339.4476931276137,-79.23960569740701,3.6357485828516185,8.501195964558052,6.374038325834013,-5.894536990910637e-14
339.46234901217537,-79.2301495718198,3.634959542583294,8.500463946198725,6.376633853493489,-5.4734986344170195e-14
339.47690933566287,-79.22069069879987,3.6341667626488148,8.499737374505763,6.379217268117151,-5.4734986344170195e-14
339.49137466326994,-79.2112290995486,3.6333702666907386,8.499016202775064,6.381788623765937,-4.631421921429786e-14
339.5057455584419,-79.20176479511983,3.6325700783516264,8.498300384379455,6.384347974212144,-7.157652060391487e-14
339.5200225828802,-79.19229780642068,3.631766221274038,8.497589872769261,6.386895372940626,-7.578690416885104e-14
339.53420629654664,-79.18282815421348,3.630958719100535,8.496884621472905,6.389430873149883,-7.157652060391487e-14
339.54829725766774,-79.17335585911654,3.6301475954736766,8.496184584097467,6.3919545277531915,-7.578690416885104e-14
339.56229602273874,-79.16388094160598,3.6293328740360224,8.495489714329244,6.394466389379743,-6.73661370389787e-14
339.57620314652826,-79.1544034220166,3.6285145784301345,8.494799965934288,6.396966510375734,-5.894536990910637e-14
339.59001918208253,-79.14492332054336,3.6276927322985704,8.494115292758947,6.399454942805492,-7.157652060391487e-14
339.60374468072956,-79.13544065724284,3.6268673592838923,8.493435648730392,6.401931738452586,-7.578690416885104e-14
339.61738019208394,-79.12595545203413,3.62603848302866,8.492760987857118,6.404396948820944,-5.4734986344170195e-14
339.63092626405063,-79.11646772470058,3.625206127175433,8.492091264229485,6.406850625135912,-6.73661370389787e-14
339.64438344283,-79.10697749489054,3.6243703153667726,8.491426432020143,6.409292818345431,-6.73661370389787e-14
339.6577522729218,-79.09748478211912,3.6235310712452367,8.490766445484606,6.411723579121059,-6.315575347404254e-14
339.67103329712995,-79.08798960576897,3.622688418453388,8.490111258961637,6.4141429578591005,-7.999728773378721e-14
339.6842270565666,-79.07849198509192,3.6218423806337867,8.489460826873778,6.416551004681695,-5.0524602779234026e-14
339.6973340906569,-79.06899193920985,3.6209929814289903,8.48881510372779,6.418947769437893,-5.894536990910637e-14
339.71035493714345,-79.05948948711627,3.620140244481562,8.488174044115064,6.421333301704748,-5.0524602779234026e-14
339.7232901320907,-79.04998464767709,3.6192841934340603,8.487537602712104,6.423707650788383,-5.894536990910637e-14
339.73614020988947,-79.0404774396323,3.618424851929045,8.48690573428094,6.426070865725073,-5.4734986344170195e-14
339.7489057032616,-79.03096788159667,3.617562243609078,8.486278393669522,6.428422995282318,-6.73661370389787e-14
339.7615871432643,-79.0214559920614,3.6166963921167183,8.485655535812173,6.43076408795991,-5.4734986344170195e-14
339.7741850592949,-79.01194178939488,3.615827321094526,8.485037115729938,6.433094191990994,-7.157652060391487e-14
339.78669997909515,-79.00242529184419,3.6149550541850624,8.484423088531031,6.435413355343111,-6.315575347404254e-14
339.7991324287561,-78.99290651753593,3.614079615030886,8.483813409411178,6.437721625719298,-7.157652060391487e-14
339.81148293272224,-78.9833854844777,3.613201027274557,8.48320803365402,6.440019050559079,-5.0524602779234026e-14
339.8237520137967,-78.9738622105589,3.612319314558638,8.48260691663143,6.442305677039584,-7.578690416885104e-14
339.8359401931452,-78.96433671355221,3.611434500525687,8.48201001380396,6.444581552076517,-6.73661370389787e-14
339.84804799030104,-78.95480901111428,3.610546608818265,8.481417280721104,6.446846722325258,-7.999728773378721e-14
339.86007592316975,-78.94527912078733,3.6096556630789314,8.480828673021685,6.449101234181868,-6.73661370389787e-14
339.8720245080334,-78.93574705999978,3.608761686950247,8.480244146434174,6.451345133784129,-6.73661370389787e-14
339.88389425955546,-78.92621284606774,3.607864704074771,8.479663656777046,6.45357846701256,-4.631421921429786e-14
339.8956856907854,-78.91667649619575,3.6069647380950665,8.479087159959048,6.455801279491471,-5.894536990910637e-14
339.90739931316324,-78.9071380274782,3.6060618126536914,8.478514611979575,6.458013616589931,-7.999728773378721e-14
339.9190356365245,-78.89759745689997,3.605155951393205,8.477945968928902,6.460215523422869,-6.315575347404254e-14
339.9305951691041,-78.88805480133803,3.604247177956169,8.477381186988548,6.462407044851976,-8.420767129872338e-14
339.9420784175421,-78.87851007756187,3.6033355159851426,8.47682022243152,6.46458822548681,-7.157652060391487e-14
339.9534858868874,-78.8689633022352,3.6024209891226877,8.47626303162263,6.466759109685721,-6.73661370389787e-14
339.96481808060287,-78.85941449191638,3.601503621011363,8.475709571018744,6.468919741556919,-7.157652060391487e-14
339.9760755005701,-78.84986366305978,3.600583435293729,8.475159797169043,6.471070164959434,-7.578690416885104e-14
339.98725864709377,-78.84031083201683,3.5996604556123457,8.474613666715346,6.473210423504084,-7.578690416885104e-14
339.9983680189065,-78.83075601503677,3.5987347056097727,8.474071136392284,6.475340560554519,-5.4734986344170195e-14
340.0094041131733,-78.821199228268,3.5978062089285716,8.473532163027611,6.477460619228137,-7.157652060391487e-14
340.02036742549683,-78.81164048775865,3.596874989211301,8.472996703542414,6.479570642397138,-6.73661370389787e-14
340.0312584499214,-78.80207980945804,3.595941070100523,8.472464714951352,6.481670672689411,-7.157652060391487e-14
340.0420776789381,-78.79251720921715,3.595004475238797,8.471936154362895,6.483760752489596,-7.157652060391487e-14
340.0528256034893,-78.78295270279014,3.594065228268683,8.471410978979556,6.485840923939955,-6.315575347404254e-14
340.0635027129734,-78.7733863058347,3.59312335283274,8.47088914609808,6.487911228941424,-5.4734986344170195e-14
340.07410949524944,-78.76381803391367,3.5921788725735304,8.470370613109687,6.489971709154482,-4.631421921429786e-14
340.08464643664206,-78.75424790249531,3.5912318111336132,8.469855337500245,6.492022406000186,-5.894536990910637e-14
340.0951140219456,-78.74467592695481,3.590282192155549,8.4693432768505,6.49406336066105,-5.0524602779234026e-14
340.1055127344296,-78.7351021225748,3.5893300392818963,8.46883438883625,6.496094614082052,-6.315575347404254e-14
340.1158430558429,-78.72552650454664,3.588375376155217,8.468328631228543,6.498116206971496,-6.315575347404254e-14
340.1261054664185,-78.7159490879709,3.5874182264180723,8.467825961893835,6.500128179802042,-6.315575347404254e-14
340.1363004448781,-78.70636988785876,3.58645861371302,8.467326338794228,6.502130572811543,-6.73661370389787e-14
340.14642846843736,-78.69678891913242,3.585496561682621,8.466829719987553,6.504123426004052,-4.631421921429786e-14
340.15649001280974,-78.68720619662645,3.5845320939694356,8.466336063627626,6.506106779150671,-4.631421921429786e-14
340.16648555221184,-78.67762173508824,3.5835652342160245,8.465845327964336,6.508080671790534,-5.0524602779234026e-14
340.1764155593678,-78.66803554917928,3.582596006064947,8.465357471343856,6.510045143231673,-5.894536990910637e-14
340.1862805055143,-78.65844765347569,3.581624433158765,8.464872452208727,6.51200023255197,-6.315575347404254e-14
340.19608086040444,-78.64885806246936,3.580650539140036,8.464390229098104,6.5139459786000025,-7.999728773378721e-14
340.2058170923136,-78.6392667905685,3.5796743476513218,8.463910760647783,6.515882419996027,-7.999728773378721e-14
340.2154896680431,-78.62967385209886,3.5786958823351824,8.463434005590432,6.51780959513278,-6.315575347404254e-14
340.22509905292543,-78.62007926130421,3.5777151668341785,8.462959922755642,6.519727542176453,-7.157652060391487e-14
340.2346457108286,-78.61048303234745,3.5767322247908697,8.462488471070138,6.521636299067518,-6.315575347404254e-14
340.2441301041612,-78.60088517931118,3.575747079847817,8.462019609557814,6.523535903521669,-7.157652060391487e-14
340.2535526938766,-78.59128571619885,3.5747597556475785,8.461553297339915,6.525426393030646,-7.157652060391487e-14
340.262913939478,-78.58168465693515,3.573770275832716,8.461089493635114,6.527307804863145,-6.315575347404254e-14
340.2722142990227,-78.57208201536724,3.5727786640457895,8.460628157759649,6.529180176065654,-6.73661370389787e-14
340.2814542291274,-78.56247780526525,3.571784943929359,8.460169249127375,6.531043543463383,-6.315575347404254e-14
340.2906341849721,-78.5528720403231,3.570789139125986,8.459712727249926,6.532897943661063,-7.999728773378721e-14
340.299754620305,-78.54326473415952,3.5697912732782267,8.45925855173678,6.534743413043823,-7.578690416885104e-14
340.3088159874475,-78.53365590031846,3.5687913700286455,8.458806682295341,6.53657998777804,-7.999728773378721e-14
340.3178187372983,-78.52404555227028,3.567789453019801,8.458357078731044,6.5384077038122115,-6.73661370389787e-14
340.32676331933845,-78.51443370341204,3.5667855458942532,8.457909700947425,6.540226596877772,-7.157652060391487e-14
340.3356501816356,-78.50482036706873,3.5657796722945627,8.45746450894622,6.542036702489932,-7.999728773378721e-14
340.34447977084903,-78.49520555649356,3.564771855863289,8.457021462827402,6.543838055948559,-5.894536990910637e-14
340.35325253223385,-78.48558928486916,3.5637621202429934,8.45658052278931,6.545630692338929,-6.315575347404254e-14
340.36196890964595,-78.4759715653079,3.562750489076235,8.456141649128654,6.547414646532648,-7.578690416885104e-14
340.3706293455464,-78.46635241085293,3.561736986005575,8.45570480224063,6.549189953188385,-7.578690416885104e-14
340.37923428100606,-78.45673183447865,3.560721634673573,8.455269942618937,6.550956646752774,-7.578690416885104e-14
340.3877841557102,-78.4471098490917,3.559704458722789,8.454837030855881,6.552714761461151,-4.631421921429786e-14
340.3962794079633,-78.43748646753136,3.5586854817957825,8.45440602764239,6.5544643313384325,-5.0524602779234026e-14
340.4047204746929,-78.42786170257058,3.557664727535115,8.45397689376808,6.556205390199868,-6.73661370389787e-14
340.41310779145545,-78.41823556691631,3.556642219583347,8.453549590121291,6.557937971651889,-5.894536990910637e-14
340.4214417924393,-78.40860807321056,3.555617981583037,8.453124077689168,6.559662109092855,-5.4734986344170195e-14
340.42972291047056,-78.39897923403073,3.554592037176746,8.452700317557635,6.561377835713902,-7.999728773378721e-14
340.4379515770171,-78.38934906189068,3.553564410007035,8.452278270911485,6.56308518449969,-6.73661370389787e-14
340.446128222193,-78.37971756924094,3.552535123716462,8.451857899034401,6.564784188229224,-6.315575347404254e-14
340.4542532747631,-78.37008476846982,3.55150420194759,8.451439163308986,6.566474879476566,-7.578690416885104e-14
340.4623271621481,-78.36045067190366,3.550471668342978,8.45102202521677,6.568157290611735,-7.157652060391487e-14
340.4703503104281,-78.35081529180789,3.5494375465451853,8.450606446338277,6.569831453801343,-5.894536990910637e-14
340.47832314434794,-78.34117864038724,3.548401860196772,8.45019238835301,6.571497401009452,-6.73661370389787e-14
340.48624608732126,-78.33154072978684,3.5473646329402997,8.449779813039479,6.57315516399832,-6.315575347404254e-14
340.4941195614353,-78.32190157209236,3.5463258884183277,8.449368682275221,6.574804774329154,-3.789345208442552e-14
340.5019439874549,-78.31226117933113,3.5452856502734167,8.448958958036837,6.576446263362844,-4.210383564936169e-14
340.5097197848276,-78.30261956347229,3.5442439421481264,8.448550602399951,6.578079662260763,-7.578690416885104e-14
340.51744737168764,-78.29297673642782,3.5432007876850173,8.44814357753925,6.579705001985495,-4.631421921429786e-14
340.5251271648606,-78.2833327100528,3.5421562105266493,8.447737845728508,6.581322313301554,-7.578690416885104e-14
340.53275957986784,-78.27368749614632,3.541110234315582,8.44733336934055,6.582931626776162,-5.894536990910637e-14
340.54034503093084,-78.26404110645178,3.540062882694377,8.446930110847271,6.584532972779951,-7.157652060391487e-14
340.54788393097596,-78.25439355265766,3.539014179305593,8.446528032819625,6.586126381487763,-5.4734986344170195e-14
340.5553766916384,-78.24474484639816,3.537964147791791,8.446127097927658,6.587711882879258,-5.894536990910637e-14
340.56282372326694,-78.23509499925352,3.5369128117955326,8.445727268940432,6.58928950673976,-6.315575347404254e-14
340.5702254349282,-78.22544402275093,3.535860194959375,8.445328508726107,6.590859282660895,-7.157652060391487e-14
340.5775822344113,-78.21579192836474,3.5348063209258798,8.444930780251816,6.592421240041371,-6.73661370389787e-14
340.5848945282317,-78.20613872751734,3.5337512133376072,8.444534046583772,6.593975408087626,-5.0524602779234026e-14
340.5921627216362,-78.19648443157946,3.5326948958371185,8.444138270887171,6.5955218158145845,-7.999728773378721e-14
340.5993872186069,-78.18682905187096,3.5316373920669712,8.443743416426193,6.597060492046348,-5.0524602779234026e-14
340.6065684218658,-78.17717259966105,3.530578725669728,8.443349446563998,6.598591465416877,-5.4734986344170195e-14
340.61370673287894,-78.16751508616925,3.5295189202879484,8.442956324762697,6.600114764370715,-4.210383564936169e-14
340.62080255186083,-78.15785652256545,3.5284579995641914,8.44256401458332,6.601630417163672,-4.631421921429786e-14
340.62785627777885,-78.1481969199709,3.527395987141019,8.44217247968581,6.603138451863488,-7.157652060391487e-14
340.63486830835774,-78.1385362894583,3.5263329066609894,8.441781683828944,6.6046388963506,-6.315575347404254e-14
