galstreams/tracks/track.st.Jhelum-b.shipp2019.ecsv
# %ECSV 0.9
# ---
# datatype:
# - {name: ra, unit: deg, datatype: float64}
# - {name: dec, unit: deg, datatype: float64}
# - {name: distance, unit: kpc, datatype: float64}
# - {name: pm_ra_cosdec, unit: mas / yr, datatype: float64}
# - {name: pm_dec, unit: mas / yr, datatype: float64}
# - {name: radial_velocity, unit: km / s, datatype: float64}
# delimiter: ','
# meta: !!omap
# - __serialized_columns__:
#     dec:
#       __class__: astropy.coordinates.angles.Latitude
#       unit: &id001 !astropy.units.Unit {unit: deg}
#       value: !astropy.table.SerializedColumn {name: dec}
#     distance:
#       __class__: astropy.coordinates.distances.Distance
#       unit: !astropy.units.Unit {unit: kpc}
#       value: !astropy.table.SerializedColumn {name: distance}
#     pm_dec:
#       __class__: astropy.units.quantity.Quantity
#       unit: !astropy.units.Unit {unit: mas / yr}
#       value: !astropy.table.SerializedColumn {name: pm_dec}
#     pm_ra_cosdec:
#       __class__: astropy.units.quantity.Quantity
#       unit: !astropy.units.Unit {unit: mas / yr}
#       value: !astropy.table.SerializedColumn {name: pm_ra_cosdec}
#     ra:
#       __class__: astropy.coordinates.angles.Longitude
#       unit: *id001
#       value: !astropy.table.SerializedColumn {name: ra}
#       wrap_angle: !astropy.coordinates.Angle
#         unit: *id001
#         value: 360.0
#     radial_velocity:
#       __class__: astropy.units.quantity.Quantity
#       unit: !astropy.units.Unit {unit: km / s}
#       value: !astropy.table.SerializedColumn {name: radial_velocity}
# schema: astropy-2.0
ra,dec,distance,pm_ra_cosdec,pm_dec,radial_velocity
[from data line 275]
346.29257250586164,-51.08937291455378,13.199999999995336,7.261369603380647,-5.4550310638704556,1.1458306248959888e-09
346.3085482533104,-51.09010089073753,13.199999999995327,7.262287376942589,-5.453201459412868,1.180389453196985e-09
346.32452450289844,-51.090826688576605,13.199999999995319,7.263204764853457,-5.451371624973362,1.2146451338813055e-09
346.3405012531475,-51.09155030791406,13.199999999995306,7.264121766883034,-5.449541560821907,1.2490355468397042e-09
346.3564785025791,-51.09227174859325,13.199999999995295,7.265038382801274,-5.447711267228659,1.2834259597981028e-09
346.3724562497141,-51.09299101045793,13.199999999995285,7.26595461237829,-5.445880744463944,1.3179511050305795e-09
346.3884344930732,-51.093708093352184,13.199999999995272,7.266870455384386,-5.444049992798275,1.3521057365093415e-09
346.40441323117665,-51.094422997120525,13.199999999995265,7.267785911590026,-5.442219012502328,1.3867319309473767e-09
346.4203924625442,-51.09513572160778,13.199999999995253,7.268700980765847,-5.440387803846983,1.4208191962890999e-09
346.43637218569546,-51.095846266659166,13.199999999995242,7.269615662682665,-5.438556367103258,1.455378024590096e-09
346.45235239914945,-51.09655463212027,13.199999999995232,7.270529957111466,-5.436724702542382,1.4898358036855336e-09
346.46833310142483,-51.097260817837,13.199999999995223,7.271443863823403,-5.434892810435751,1.5239230690272568e-09
346.48431429104005,-51.09796482365572,13.19999999999521,7.272357382589816,-5.43306069105492,1.5585492634652918e-09
346.5002959665129,-51.098666649423066,13.199999999995201,7.273270513182203,-5.431228344671648,1.5928049441496126e-09
346.5162781263611,-51.09936629498612,13.199999999995189,7.274183255372246,-5.429395771557848,1.627195357108011e-09
346.5322607691018,-51.100063760192285,13.19999999999518,7.275095608931793,-5.42756297198562,1.6615520869978904e-09
346.54824389325177,-51.10075904488932,13.199999999995166,7.276007573632882,-5.425729946227239,1.69587513381925e-09
346.5642274973275,-51.10145214892541,13.199999999995155,7.276919149247705,-5.423896694555149,1.7301308145035706e-09
346.5802115798452,-51.102143072149076,13.199999999995146,7.277830335548642,-5.422063217241971,1.7647570089416056e-09
346.5961961393202,-51.10283181440917,13.199999999995134,7.278741132308241,-5.420229514560516,1.7987769081462899e-09
346.61218117426824,-51.10351837555498,13.199999999995123,7.279651539299233,-5.418395586783743,1.8331673211046886e-09
346.6281666832041,-51.10420275543612,13.199999999995114,7.2805615562945185,-5.416561434184803,1.8676587832686456e-09
346.6441526646423,-51.10488495390256,13.199999999995102,7.281471183067169,-5.414727057037024,1.9019144639529664e-09
346.66013911709723,-51.10556497080469,13.19999999999509,7.282380419390449,-5.4128924556139015,1.936170144637287e-09
346.6761260390826,-51.10624280599324,13.199999999995082,7.283289265037779,-5.411057630189095,1.9706279237327246e-09
346.692113429112,-51.10691845931928,13.19999999999507,7.284197719782767,-5.409222581036461,2.0049846536226037e-09
346.70810128569843,-51.107591930634285,13.19999999999506,7.285105783399199,-5.407387308430015,2.039274017375444e-09
346.72408960735476,-51.10826321979011,13.199999999995049,7.286013455661019,-5.405551812643944,2.0735970641968035e-09
346.7400783925934,-51.10893232663895,13.199999999995034,7.286920736342381,-5.403716093952616,2.1080885263607608e-09
346.75606763992624,-51.109599251033366,13.199999999995024,7.287827625217583,-5.401880152630568,2.142377890113601e-09
346.77205734786503,-51.11026399282632,13.199999999995017,7.288734122061119,-5.400043988952511,2.176599887729402e-09
346.7880475149211,-51.110926551871096,13.199999999995002,7.28964022664766,-5.398207603193327,2.2109229345507615e-09
346.80403813960544,-51.1115869280214,13.199999999994992,7.2905459387520475,-5.396370995628063,2.24534703057768e-09
346.8200292204285,-51.11224512113129,13.199999999994981,7.291451258149306,-5.39453416653196,2.27963639433052e-09
346.8360207559006,-51.112901131055175,13.199999999994969,7.292356184614638,-5.392697116180411,2.3140941734259575e-09
346.85201274453163,-51.11355495764783,13.199999999994958,7.293260717923414,-5.39085984484899,2.3481814387676806e-09
346.86800518483113,-51.11420660076445,13.199999999994946,7.294164857851209,-5.389022352813434,2.3827065840001573e-09
346.8839980753081,-51.114856060260536,13.199999999994937,7.2950686041737445,-5.387184640349664,2.4168612154789194e-09
346.89999141447163,-51.11550333599201,13.199999999994926,7.295971956666948,-5.38534670773376,2.4512853115058378e-09
346.9159852008299,-51.11614842781514,13.199999999994917,7.296874915106903,-5.383508555241985,2.4855073091216387e-09
346.9319794328912,-51.116791335586555,13.199999999994905,7.2977774792698975,-5.3816701831507565,2.5198977220800376e-09
346.9479741091631,-51.117432059163285,13.199999999994892,7.298679648932377,-5.379831591736682,2.554187085832878e-09
346.96396922815325,-51.1180705984027,13.199999999994878,7.2995814238709835,-5.377992781276525,2.588543815722757e-09
346.97996478836853,-51.118706953162565,13.199999999994871,7.300482803862522,-5.376153752047222,2.6227994964070772e-09
346.9959607883157,-51.119341123301,13.199999999994859,7.301383788683999,-5.374314504325884,2.6570888601599174e-09
347.0119572265011,-51.11997310867649,13.199999999994848,7.3022843781125815,-5.372475038389789,2.6913782239127576e-09
347.02795410143085,-51.12060290914792,13.199999999994835,7.303184571925638,-5.370635354516381,2.7259033691452343e-09
347.0439514116104,-51.121230524574514,13.199999999994825,7.304084369900689,-5.368795452983288,2.7599232683499186e-09
347.0599491555453,-51.12185595481589,13.199999999994814,7.304983771815465,-5.366955334068276,2.7944147305138755e-09
347.0759473317404,-51.12247919973205,13.1999999999948,7.305882777447865,-5.365114998049321,2.8287040942667157e-09
347.0919459387004,-51.1231002591833,13.199999999994791,7.30678138657597,-5.363274445204532,2.8630271410880753e-09
347.10794497492964,-51.12371913303039,13.19999999999478,7.3076795989780425,-5.361433675812204,2.897350187909435e-09
347.1239444389319,-51.12433582113443,13.199999999994768,7.308577414432529,-5.359592690150809,2.931471136319678e-09
347.13994432921106,-51.12495032335685,13.199999999994755,7.309474832718064,-5.357751488498959,2.965827866209557e-09
347.15594464427016,-51.125562639559526,13.199999999994745,7.31037185361345,-5.355910071135456,3.0001509130309167e-09
347.1719453826123,-51.12617276960465,13.199999999994732,7.311268476897681,-5.354068438339272,3.0344065937152374e-09
347.18794654274006,-51.1267807133548,13.19999999999472,7.312164702349945,-5.352226590389524,3.0688306897421554e-09
347.20394812315567,-51.12738647067294,13.199999999994713,7.313060529749583,-5.350384527565523,3.1029179550838786e-09
347.2199501223611,-51.127990041422414,13.199999999994699,7.3139559588761625,-5.348542250146733,3.137308368042277e-09
347.235952538858,-51.1285914254669,13.199999999994688,7.314850989509383,-5.34669975841278,3.1714629995210395e-09
347.2519553711476,-51.12919062267048,13.199999999994674,7.315745621429183,-5.344857052643466,3.205920778616477e-09
347.26795861773076,-51.129787632897596,13.199999999994667,7.31663985441563,-5.34301413311876,3.2401764593007977e-09
347.2839622771083,-51.13038245601306,13.199999999994654,7.317533688249024,-5.341171000118791,3.2743647738480796e-09
347.2999663477803,-51.13097509188208,13.199999999994642,7.318427122709826,-5.339327653923857,3.3087215037379587e-09
347.31597082824686,-51.13156554037022,13.199999999994633,7.3193201575786695,-5.337484094814423,3.3429771844222794e-09
347.33197571700754,-51.1321538013434,13.199999999994617,7.3202127926364025,-5.33564032307112,3.377300231243639e-09
347.3479810125616,-51.13273987466794,13.199999999994606,7.321105027664031,-5.333796338974739,3.411454862722401e-09
347.36398671340817,-51.13332376021054,13.199999999994594,7.32199686244277,-5.33195214280624,3.4456768603382024e-09
347.37999281804576,-51.133905457838225,13.199999999994581,7.322888296754003,-5.330107734846745,3.480067273296601e-09
347.3959993249728,-51.134484967418445,13.199999999994573,7.323779330379304,-5.328263115377547,3.5142555878438824e-09
347.41200623268725,-51.13506228881901,13.199999999994557,7.324669963100439,-5.326418284680099,3.5486460008022813e-09
347.4280135396868,-51.13563742190807,13.19999999999455,7.325560194699345,-5.324573243036024,3.582699583075485e-09
347.4440212444688,-51.136210366554224,13.199999999994537,7.32645002495816,-5.3227279907270955,3.6170226298968447e-09
347.46002934553036,-51.13678112262635,13.199999999994525,7.327339453659207,-5.320882528035259,3.651480408992282e-09
347.47603784136817,-51.137349689993776,13.199999999994514,7.328228480584985,-5.319036855242638,3.6855003081969664e-09
347.49204673047865,-51.13791606852615,13.199999999994501,7.329117105518201,-5.317190972631488,3.7198570380868455e-09
347.5080560113579,-51.13848025809356,13.199999999994489,7.330005328241721,-5.315344880484261,3.7539779864970885e-09
347.5240656825017,-51.1390422585664,13.199999999994475,7.330893148538622,-5.313498579083545,3.788301033318448e-09
347.54007574240563,-51.13960206981545,13.199999999994464,7.331780566192158,-5.3116520687121005,3.822657763208327e-09
347.5560861895646,-51.14015969171192,13.199999999994455,7.332667580985768,-5.309805349652864,3.856846077755609e-09
347.57209702247366,-51.140715124127325,13.199999999994441,7.3335541927030885,-5.307958422188917,3.89103439230289e-09
347.58810823962733,-51.14126836693361,13.199999999994429,7.334440401127936,-5.306111286603503,3.925424805261289e-09
347.6041198395197,-51.14181942000305,13.199999999994418,7.335326206044322,-5.304263943180043,3.959512070603012e-09
347.6201318206448,-51.14236828320833,13.199999999994406,7.33621160723644,-5.302416392202101,3.993700385150294e-09
347.63614418149626,-51.142914956422466,13.199999999994391,7.337096604488684,-5.300568633953416,4.027989748903134e-09
347.65215692056734,-51.14345943951891,13.199999999994384,7.337981197585616,-5.298720668717881,4.062211746518935e-09
347.668170036351,-51.14400173237144,13.199999999994368,7.338865386312016,-5.296872496779553,4.096568476408815e-09
347.68418352733994,-51.14454183485423,13.199999999994354,7.33974917045282,-5.2950241184226545,4.130723107887577e-09
347.70019739202655,-51.14507974684182,13.199999999994349,7.340632549793187,-5.293175533931555,4.165046154708937e-09
347.71621162890295,-51.14561546820916,13.199999999994336,7.34151552411844,-5.291326743590802,4.199268152324738e-09
347.7322262364609,-51.1461489988315,13.19999999999432,7.34239809321411,-5.289477747685087,4.233624882214616e-09
347.7482412131919,-51.146680338584524,13.199999999994311,7.343280256865904,-5.287628546499272,4.26771214755634e-09
347.76425655758703,-51.147209487344306,13.199999999994299,7.3441620148597355,-5.285779140318372,4.302068877446219e-09
347.7802722681373,-51.147736444987245,13.199999999994287,7.34504336698169,-5.283929529427571,4.336189825856462e-09
347.79628834333323,-51.14826121139015,13.199999999994276,7.345924313018051,-5.2820797141122,4.370411823472263e-09
347.8123047816651,-51.1487837864302,13.19999999999426,7.3468048527553105,-5.2802296946577645,4.404465405745467e-09
347.82832158162296,-51.14930416998493,13.19999999999425,7.347684985980125,-5.278379471349904,4.438855818703865e-09
347.8443387416964,-51.14982236193229,13.199999999994235,7.348564712479358,-5.276529044474449,4.472909400977069e-09
347.86035626037494,-51.15033836215056,13.199999999994226,7.349444032040064,-5.274678414317357,4.507266130866948e-09
347.87637413614766,-51.15085217051844,13.199999999994215,7.350322944449481,-5.272827581164766,4.541555494619788e-09
347.89239236750325,-51.15136378691496,13.199999999994198,7.351201449495049,-5.27097654530297,4.5755080276874335e-09
347.9084109529304,-51.15187321121959,13.199999999994189,7.352079546964398,-5.2691253070184025,4.609763708371755e-09
347.92442989091734,-51.152380443312104,13.199999999994176,7.352957236645347,-5.267273866597673,4.644019389056075e-09
347.94044917995194,-51.15288548307273,13.199999999994164,7.353834518325907,-5.265422224327547,4.6782077036033565e-09
347.95646881852184,-51.15338833038198,13.199999999994152,7.354711391794287,-5.2635703804949365,4.712396018150638e-09
347.97248880511455,-51.15388898512083,13.199999999994139,7.355587856838893,-5.261718335386915,4.7467527480405175e-09
347.98850913821707,-51.15438744717059,13.199999999994127,7.356463913248307,-5.259866089290722,4.7809073795192795e-09
348.0045298163161,-51.15488371641293,13.199999999994114,7.357339560811321,-5.25801364249374,4.814893595655444e-09
348.0205508378984,-51.15537779272998,13.1999999999941,7.358214799316919,-5.2561609952835155,4.8492166424768044e-09
348.03657220145004,-51.15586967600412,13.19999999999409,7.359089628554271,-5.25430814794774,4.883539689298164e-09
348.052593905457,-51.156359366118224,13.199999999994075,7.359964048312747,-5.252455100774284,4.917626954639887e-09
348.06861594840495,-51.15684686295546,13.199999999994064,7.360838058381912,-5.250601854051149,4.95171421998161e-09
348.08463832877936,-51.157332166399435,13.199999999994054,7.3617116585515285,-5.248748408066501,4.986104632940009e-09
348.1006610450653,-51.157815276334105,13.199999999994038,7.36258484861154,-5.246894763108672,5.0202255813502515e-09
348.1166840957476,-51.1582961926438,13.199999999994029,7.363457628352098,-5.2450409194661285,5.054447578966052e-09
348.1327074793108,-51.158774915213236,13.199999999994017,7.364329997563543,-5.243186877427506,5.088568527376296e-09
348.14873119423925,-51.159251443927495,13.199999999994002,7.36520195603642,-5.241332637281587,5.122857891129136e-09
348.1647552390169,-51.15972577867206,13.199999999993992,7.366073503561457,-5.239478199317315,5.156945156470859e-09
348.1807796121276,-51.16019791933276,13.199999999993981,7.366944639929583,-5.2376235638237825,5.1909987387440625e-09
348.1968043120548,-51.160667865795844,13.199999999993967,7.367815364931934,-5.235768731090236,5.225389151702461e-09
348.2128293372815,-51.161135617947906,13.199999999993954,7.368685678359821,-5.23391370140608,5.259442733975665e-09
348.2288546862909,-51.16160117567593,13.19999999999394,7.369555580004769,-5.232058475060864,5.2936984146599854e-09
348.24488035756553,-51.16206453886727,13.199999999993928,7.370425069658487,-5.230203052344297,5.327954095344307e-09
348.26090634958774,-51.16252570740968,13.199999999993913,7.3712941471128905,-5.228347433546245,5.36200767761751e-09
348.2769326608397,-51.162984681191254,13.199999999993903,7.372162812160088,-5.226491618956711,5.396195992164792e-09
348.2929592898033,-51.163441460100515,13.19999999999389,7.373031064592385,-5.224635608865867,5.430350623643554e-09
348.3089862349601,-51.16389604402633,13.19999999999388,7.37389890420228,-5.222779403564028,5.4644715720537964e-09
348.32501349479145,-51.16434843285793,13.199999999993866,7.37476633078249,-5.220923003341662,5.4986262035325584e-09
348.3410410677784,-51.16479862648497,13.199999999993853,7.375633344125896,-5.219066408489392,5.532780835011321e-09
348.35706895240173,-51.165246624797476,13.19999999999384,7.376499944025605,-5.217209619297991,5.566969149558603e-09
348.37309714714206,-51.16569242768581,13.199999999993828,7.3773661302749085,-5.21535263605838,5.601123781037365e-09
348.38912565047957,-51.16613603504075,13.199999999993812,7.378231902667303,-5.2134954590616305,5.6354131447902054e-09
348.4051544608944,-51.16657744675344,13.199999999993802,7.379097260996475,-5.211638088598975,5.669466727063409e-09
348.4211835768662,-51.16701666271544,13.19999999999379,7.379962205056324,-5.209780524961785,5.703823456953288e-09
348.4372129968745,-51.16745368281861,13.199999999993775,7.38082673464093,-5.207922768441589,5.737809673089453e-09
348.45324271939865,-51.16788850695528,13.19999999999376,7.381690849544583,-5.206064819330062,5.771997987636734e-09
348.4692727429175,-51.16832113501807,13.199999999993752,7.3825545495617755,-5.204206677919029,5.806017886841418e-09
