galstreams/tracks/track.st.C-19.ibata2024.ecsv
# %ECSV 1.0
# ---
# datatype:
# - {name: ra, unit: deg, datatype: float64}
# - {name: dec, unit: deg, datatype: float64}
# - {name: distance, unit: kpc, datatype: float64}
# - {name: pm_ra_cosdec, unit: mas / yr, datatype: float64}
# - {name: pm_dec, unit: mas / yr, datatype: float64}
# - {name: radial_velocity, unit: km / s, datatype: float64}
# delimiter: ','
# meta: !!omap
# - __serialized_columns__:
#     dec:
#       __class__: astropy.coordinates.angles.Latitude
#       unit: &id001 !astropy.units.Unit {unit: deg}
#       value: !astropy.table.SerializedColumn {name: dec}
#     distance:
#       __class__: astropy.coordinates.distances.Distance
#       unit: !astropy.units.Unit {unit: kpc}
#       value: !astropy.table.SerializedColumn {name: distance}
#     pm_dec:
#       __class__: astropy.units.quantity.Quantity
#       unit: !astropy.units.Unit {unit: mas / yr}
#       value: !astropy.table.SerializedColumn {name: pm_dec}
#     pm_ra_cosdec:
#       __class__: astropy.units.quantity.Quantity
#       unit: !astropy.units.Unit {unit: mas / yr}
#       value: !astropy.table.SerializedColumn {name: pm_ra_cosdec}
#     ra:
#       __class__: astropy.coordinates.angles.Longitude
#       unit: *id001
#       value: !astropy.table.SerializedColumn {name: ra}
#       wrap_angle: !astropy.coordinates.Angle
#         unit: *id001
#         value: 360.0
#     radial_velocity:
#       __class__: astropy.units.quantity.Quantity
#       unit: !astropy.units.Unit {unit: km / s}
#       value: !astropy.table.SerializedColumn {name: radial_velocity}
# schema: astropy-2.0
ra,dec,distance,pm_ra_cosdec,pm_dec,radial_velocity
[from data line 1547]
354.1340627558071,33.40745916976432,1.000000000000001,1.3066838116355703,-2.4493918860115578,-215.87103603134184
354.13252786913876,33.41749733945099,1.0000000000000009,1.3063643591199545,-2.448751923836845,-215.95780776793018
354.13099280800606,33.427535495639766,1.0000000000000009,1.3060433654731582,-2.4481111506335687,-216.04478061664602
354.1294575772286,33.4375736385199,1.0000000000000009,1.3057208287629893,-2.4474695649466405,-216.13195479145242
354.1279221816286,33.44761176828088,1.0000000000000009,1.3053967470571415,-2.4468271653212383,-216.21933050631245
354.1263866260301,33.45764988511245,1.0000000000000009,1.3050711184230392,-2.446183950302707,-216.3069079751894
354.1248509152597,33.46768798920466,1.000000000000001,1.3047439409279633,-2.4455399184366655,-216.39468741204635
354.12331505414585,33.4777260807478,1.0000000000000009,1.3044152126389577,-2.4448950682688846,-216.48266903084638
354.12177904751957,33.48776415993241,1.0000000000000009,1.3040849316229823,-2.4442493983454305,-216.5708530455527
354.12024290021384,33.497802226949304,1.0000000000000009,1.3037530959466541,-2.4436029072125436,-216.65923967012841
354.11870661706405,33.5078402819896,1.0000000000000009,1.303419703676481,-2.442955593416663,-216.74782911853657
354.11717020290763,33.517878325244624,1.0000000000000009,1.3030847528788136,-2.4423074555044906,-216.83662160474051
354.11563366258446,33.52791635690599,1.0000000000000009,1.3027482416197644,-2.4416584920229276,-216.92561734270322
354.11409700093645,33.53795437716562,1.0000000000000009,1.3024101679652502,-2.4410087015190562,-217.01481654638798
354.1125602228078,33.54799238621563,1.0000000000000007,1.3020705299810125,-2.4403580825402322,-217.10421942975773
354.1110233330451,33.558030384248475,1.0000000000000009,1.301729325732631,-2.4397066336339748,-217.19382620677575
354.1094863364969,33.568068371456825,1.0000000000000009,1.301386553285436,-2.4390543533480624,-217.28363709140498
354.1079492380142,33.578106348033636,1.0000000000000009,1.301042210704629,-2.43840124023043,-217.3736522976089
354.1064120424502,33.58814431417215,1.000000000000001,1.3006962960551949,-2.437747292829272,-217.4638720393504
354.10487475466033,33.598182270065855,1.0000000000000009,1.300348807401953,-2.4370925096929525,-217.5542965305927
354.10333737950225,33.6082202159085,1.0000000000000009,1.299999742809495,-2.436436889370107,-217.64492598529887
354.10179992183595,33.618258151894146,1.0000000000000009,1.2996491003422905,-2.4357804304095154,-217.7357606174322
354.10026238652364,33.62829607821708,1.0000000000000009,1.2992968780645713,-2.435123131360214,-217.82680064095567
354.0987247784297,33.63833399507189,1.0000000000000009,1.298943074040407,-2.434464990771417,-217.91804626983244
354.0971871024209,33.6483719026534,1.0000000000000009,1.2985876863336387,-2.4338060071925653,-218.0094977180258
354.09564936336625,33.65840980115673,1.0000000000000009,1.2982307130080324,-2.4331461791732956,-218.10115519949863
354.0941115661369,33.668447690777285,1.0000000000000009,1.2978721521270256,-2.432485505263454,-218.19301892821423
354.0925737156065,33.678485571710695,1.0000000000000009,1.2975120017539785,-2.431823984013093,-218.28508911813574
354.0910358166507,33.688523444152914,1.0000000000000009,1.297150259952022,-2.4311616139724634,-218.3773659832263
354.08949787414764,33.69856130830012,1.0000000000000009,1.2967869247841364,-2.4304983936920372,-218.46984973744904
354.0879598929777,33.70859916434879,1.0000000000000009,1.2964219943131026,-2.429834321722474,-218.56254059476703
354.0864218780235,33.718637012495684,1.0000000000000009,1.2960554666014898,-2.4291693966146397,-218.65543876914353
354.08488383416994,33.7286748529378,1.0000000000000009,1.2956873397117539,-2.428503616919617,-218.74854447454143
354.0833457663042,33.738712685872436,1.0000000000000009,1.2953176117061092,-2.427836981188662,-218.84185792492426
354.0818076793158,33.74875051149716,1.0000000000000009,1.294946280646621,-2.4271694879732486,-218.93537933425486
354.0802695780965,33.75878833000979,1.0000000000000009,1.2945733445951424,-2.426501135825056,-219.0291089164964
354.07873146754036,33.76882614160845,1.0000000000000009,1.2941988016134078,-2.425831923295945,-219.12304688561218
354.0771933525438,33.77886394649151,1.000000000000001,1.2938226497628995,-2.4251618489380036,-219.21719345556514
354.0756552380055,33.78890174485766,1.0000000000000009,1.2934448871049855,-2.4244909113034616,-219.31154884031858
354.07411712882646,33.79893953690582,1.0000000000000009,1.2930655117008443,-2.4238191089448016,-219.4061132538355
354.07257902990983,33.80897732283517,1.0000000000000009,1.2926845216113994,-2.4231464404146976,-219.50088691007915
354.07104094616136,33.81901510284522,1.0000000000000009,1.2923019148975157,-2.4224729042659874,-219.59587002301262
354.06950288248896,33.829052877135716,1.0000000000000009,1.2919176896198046,-2.421798499051725,-219.6910628065991
354.06796484380277,33.8390906459067,1.0000000000000007,1.29153184383875,-2.421123223325143,-219.7864654748015
354.06642683501536,33.849128409358464,1.0000000000000009,1.2911443756145755,-2.4204470756396965,-219.8820782415833
354.06488886104165,33.85916616769161,1.0000000000000009,1.2907552830074414,-2.419770054548991,-219.97790132090742
354.06335092679876,33.869203921106994,1.0000000000000007,1.290364564077246,-2.4190921586068654,-220.07393492673708
354.06181303720626,33.879241669805744,1.0000000000000009,1.2899722168837897,-2.4184133863673303,-220.1701792730354
354.06027519718594,33.88927941398929,1.0000000000000009,1.2895782394866058,-2.417733736384541,-220.26663457376554
354.05873741166204,33.899317153859315,1.0000000000000009,1.2891826299451306,-2.417053207212959,-220.3633010428905
354.057199685561,33.90935488961778,1.0000000000000009,1.288785386318592,-2.416371797407116,-220.4601788943736
354.05566202381175,33.91939262146694,1.0000000000000009,1.288386506666086,-2.415689505521783,-220.55726834217788
354.0541244313454,33.929430349609326,1.000000000000001,1.2879859890464682,-2.415006330111911,-220.6545696002665
354.0525869130955,33.93946807424771,1.0000000000000009,1.2875838315184933,-2.414322269732658,-220.75208288260262
354.0510494739981,33.9495057955852,1.0000000000000009,1.2871800321407298,-2.413637322939312,-220.84980840314938
354.0495121189912,33.959543513825146,1.0000000000000009,1.2867745889715163,-2.412951488287405,-220.94774637586977
354.04797485301543,33.96958122917118,1.0000000000000009,1.2863675000690757,-2.4122647643326225,-221.04589701472727
354.0464376810139,33.979618941827226,1.0000000000000009,1.2859587634915202,-2.4115771496308334,-221.14426053368467
354.0449006079317,33.98965665199747,1.000000000000001,1.285548377296645,-2.4108886427380973,-221.2428371467053
354.0433636387166,33.99969435988638,1.0000000000000009,1.2851363395421735,-2.4101992422106555,-221.34162706775223
354.04182677831864,34.00973206569872,1.0000000000000009,1.2847226482857033,-2.409508946604902,-221.4406305107886
354.0402900316901,34.01976976963951,1.0000000000000009,1.2843073015845539,-2.408817754477475,-221.53984768977747
354.03875340378585,34.029807471914076,1.0000000000000009,1.2838902974959567,-2.4081256643851,-221.6392788186822
354.037216899563,34.03984517272801,1.0000000000000009,1.2834716340769599,-2.4074326748847668,-221.73892411146574
354.03568052398106,34.049882872287164,1.0000000000000009,1.2830513093844536,-2.4067387845335872,-221.83878378209127
354.0341442820019,34.05992057079773,1.0000000000000007,1.2826293214751425,-2.406043991888861,-221.93885804452194
354.0326081785897,34.0699582684661,1.0000000000000009,1.2822056684055356,-2.405348295508084,-222.03914711272097
354.0310722187113,34.079995965499016,1.0000000000000009,1.2817803482320866,-2.404651693948896,-222.1396512006513
354.02953640733557,34.090033662103465,1.0000000000000009,1.2813533590109567,-2.4039541857691376,-222.24037052227618
354.02800074943406,34.10007135848674,1.0000000000000009,1.2809246987982434,-2.403255769526794,-222.34130529155888
354.02646524998056,34.110109054856366,1.0000000000000009,1.2804943656498815,-2.4025564437800533,-222.44245572246234
354.0249299139512,34.1201467514202,1.0000000000000009,1.2800623576215107,-2.4018562070872527,-222.54382202894973
354.02339474632475,34.13018444838638,1.0000000000000007,1.2796286727688009,-2.401155058006907,-222.64540442498432
354.0218597520821,34.1402221459633,1.0000000000000009,1.2791933091471273,-2.4004529950976945,-222.74720312452914
354.02032493620675,34.15025984435964,1.0000000000000009,1.2787562648117259,-2.3997500169184605,-222.8492183415473
354.0187903036845,34.160297543784374,1.0000000000000009,1.278317537817765,-2.3990461220282384,-222.95145029000204
354.0172558595036,34.17033524444676,1.0000000000000009,1.2778771262201087,-2.398341308986204,-223.05389918385634
354.0157216086547,34.180372946556325,1.0000000000000009,1.2774350280735458,-2.3976355763517034,-223.15656523707352
354.0141875561309,34.190410650322896,1.0000000000000009,1.276991241432765,-2.39692892268425,-223.25944866361658
354.0126537069276,34.20044835595656,1.0000000000000009,1.2765457643521732,-2.396221346543541,-223.3625496774488
354.0111200660429,34.21048606366771,1.0000000000000009,1.2760985948861037,-2.3955128464893924,-223.46586849253316
354.00958663847695,34.220523773667026,1.000000000000001,1.2756497310887092,-2.394803421081825,-223.56940532283292
354.00805342923263,34.230561486165435,1.0000000000000009,1.2751991710139725,-2.3940930688809914,-223.6731603823112
354.00652044331514,34.240599201374174,1.0000000000000009,1.2747469127157824,-2.3933817884472326,-223.77713388493103
354.004987685732,34.2506369195048,1.0000000000000009,1.2742929542477572,-2.3926695783409997,-223.88132604465568
354.00345516149343,34.26067464076907,1.0000000000000009,1.273837293663529,-2.3919564371229747,-223.98573707544827
354.00192287561185,34.2707123653791,1.0000000000000009,1.2733799290164045,-2.391242363353932,-224.09036719127178
354.00039083310213,34.28075009354724,1.0000000000000009,1.2729208583596145,-2.3905273555948483,-224.1952166060896
353.9988590389819,34.29078782548618,1.0000000000000009,1.2724600797463035,-2.3898114124067966,-224.30028553386467
353.9973274982709,34.30082556140883,1.000000000000001,1.27199759122938,-2.389094532351084,-224.40557418856025
353.99579621599133,34.31086330152845,1.0000000000000009,1.2715333908615811,-2.3883767139890963,-224.51108278413935
353.99426519716815,34.32090104605851,1.000000000000001,1.271067476695606,-2.3876579558824425,-224.6168115345653
353.99273444682836,34.330938795212845,1.0000000000000009,1.2705998467838664,-2.3869382565927992,-224.722760653801
353.9912039700018,34.340976549205514,1.0000000000000007,1.2701304991787152,-2.3862176146820886,-224.82893035580975
353.9896737717205,34.3510143082509,1.000000000000001,1.2696594319323697,-2.3854960287123106,-224.93532085455467
353.9881438570191,34.36105207256365,1.0000000000000009,1.2691866430968268,-2.3847734972456323,-225.0419323639989
353.9866142309347,34.371089842358714,1.0000000000000009,1.268712130724008,-2.384050018844377,-225.14876509810554
353.9850848985069,34.38112761785129,1.0000000000000009,1.268235892865646,-2.383325592071042,-225.25581927083778
353.98355586477766,34.39116539925693,1.0000000000000009,1.2677579275733328,-2.3826002154882033,-225.3630950961586
353.9820271347914,34.401203186791385,1.0000000000000009,1.2672782328984922,-2.3818738876586494,-225.47059278803135
353.9804987135953,34.41124098067078,1.0000000000000009,1.2667968068925148,-2.3811466071452543,-225.57831256041914
353.97897060623865,34.42127878111147,1.0000000000000009,1.266313647606483,-2.380418372511084,-225.686254627285
353.9774428177736,34.43131658833011,1.0000000000000007,1.2658287530914762,-2.379689182319332,-225.794419202592
353.97591535325444,34.441354402543645,1.0000000000000009,1.2653421213983638,-2.378959035133313,-225.9028065003035
353.97438821773807,34.451392223969314,1.0000000000000009,1.264853750577839,-2.378227929516491,-226.01141673438264
353.97286141628416,34.46143005282464,1.0000000000000009,1.2643636386805541,-2.3774958640324755,-226.12025011879234
353.97133495395445,34.47146788932738,1.0000000000000009,1.26387178375695,-2.376762837245053,-226.22930686749586
353.9698088358135,34.48150573369569,1.0000000000000009,1.2633781838573546,-2.376028847718043,-226.3385871944563
353.9682830669282,34.49154358614792,1.0000000000000007,1.2628828370319116,-2.3752938940154955,-226.44809131363675
353.966757652368,34.50158144690273,1.000000000000001,1.2623857413306863,-2.374557974701581,-226.55781943900058
353.965232597205,34.51161931617909,1.0000000000000009,1.2618868948035944,-2.373821088340545,-226.6677717845108
353.96370790651355,34.52165719419623,1.0000000000000009,1.2613862955003654,-2.3730832334968497,-226.77794856413036
353.96218358537067,34.53169508117368,1.0000000000000009,1.2608839414706394,-2.3723444087350316,-226.8883499918226
353.960659638856,34.541732977331264,1.000000000000001,1.2603798307639424,-2.3716046126197696,-226.9989762815507
353.9591360720514,34.551770882889095,1.0000000000000009,1.2598739614295735,-2.370863843715874,-227.1098276472776
353.9576128900417,34.56180879806753,1.0000000000000009,1.2593663315168082,-2.3701221005883006,-227.22090430296666
353.9560900979138,34.57184672308729,1.0000000000000009,1.2588569390747,-2.369379381802105,-227.33220646258087
353.9545677007575,34.58188465816932,1.0000000000000009,1.2583457821522428,-2.368635685922495,-227.44373434008332
353.9530457036648,34.5919226035349,1.000000000000001,1.2578328587982313,-2.367891011514782,-227.55548814943745
353.95152411173063,34.60196055940554,1.0000000000000009,1.2573181670613724,-2.367145357144423,-227.66746810460606
353.9500029300521,34.611998526003106,1.0000000000000009,1.2568017049902038,-2.3663987213769744,-227.7796744195524
353.9484821637291,34.62203650354971,1.0000000000000009,1.256283470633167,-2.365651102778145,-227.89210730823967
353.946961817864,34.63207449226776,1.0000000000000009,1.25576346203857,-2.3649024999137325,-228.00476698463092
353.9454418975617,34.64211249237995,1.0000000000000009,1.2552416772545878,-2.364152911349688,-228.11765366268932
353.9439224079296,34.65215050410928,1.0000000000000009,1.2547181143292612,-2.363402335652065,-228.23076755637803
353.9424033540778,34.66218852767902,1.0000000000000009,1.2541927713104872,-2.3626507713870026,-228.34410887966027
353.94088474111885,34.67222656331274,1.0000000000000009,1.253665646246069,-2.361898217120814,-228.45767784649897
353.93936657416793,34.682264611234295,1.0000000000000009,1.2531367371836613,-2.3611446714198934,-228.57147467085744
353.93784885834276,34.69230267166781,1.0000000000000007,1.2526060421708145,-2.3603901328507852,-228.68549956669875
353.9363315987636,34.70234074483774,1.0000000000000009,1.2520735592549386,-2.3596345999800974,-228.79975274798602
353.9348148005534,34.712378830968795,1.0000000000000009,1.2515392864833323,-2.3588780713745834,-228.91423442868245
353.9332984688375,34.722416930286,1.0000000000000009,1.2510032219031135,-2.3581205456010856,-229.0289448227511
353.931782608744,34.732455043014625,1.0000000000000009,1.25046536356139,-2.3573620212265887,-229.14388414415524
353.93026722540344,34.742493169380296,1.0000000000000009,1.249925709505023,-2.3566024968181516,-229.25905260685786
353.928752323949,34.75253130960885,1.0000000000000009,1.2493842577808243,-2.3558419709429934,-229.3744504248222
353.92723790951663,34.762569463926475,1.0000000000000009,1.2488410064355193,-2.3550804421683686,-229.4900778120113
353.92572398724445,34.77260763255964,1.0000000000000009,1.248295953515587,-2.354317909061688,-229.60593498238836
353.92421056227363,34.78264581573506,1.0000000000000009,1.247749097067552,-2.3535543701904658,-229.72202214991654
353.9226976397477,34.79268401367981,1.0000000000000009,1.2472004351376818,-2.352789824122265,-229.83833952855898
353.9211852248127,34.80272222662116,1.0000000000000009,1.246649965772157,-2.3520242694248523,-229.95488733227876
