galstreams/tracks/track.st.Cetus-Palca.yuan2021.ecsv
# %ECSV 0.9
# ---
# datatype:
# - {name: ra, unit: deg, datatype: float64}
# - {name: dec, unit: deg, datatype: float64}
# - {name: distance, unit: kpc, datatype: float64}
# - {name: pm_ra_cosdec, unit: mas / yr, datatype: float64}
# - {name: pm_dec, unit: mas / yr, datatype: float64}
# - {name: radial_velocity, unit: km / s, datatype: float64}
# delimiter: ','
# meta: !!omap
# - __serialized_columns__:
#     dec:
#       __class__: astropy.coordinates.angles.Latitude
#       unit: &id001 !astropy.units.Unit {unit: deg}
#       value: !astropy.table.SerializedColumn {name: dec}
#     distance:
#       __class__: astropy.coordinates.distances.Distance
#       unit: !astropy.units.Unit {unit: kpc}
#       value: !astropy.table.SerializedColumn {name: distance}
#     pm_dec:
#       __class__: astropy.units.quantity.Quantity
#       unit: !astropy.units.Unit {unit: mas / yr}
#       value: !astropy.table.SerializedColumn {name: pm_dec}
#     pm_ra_cosdec:
#       __class__: astropy.units.quantity.Quantity
#       unit: !astropy.units.Unit {unit: mas / yr}
#       value: !astropy.table.SerializedColumn {name: pm_ra_cosdec}
#     ra:
#       __class__: astropy.coordinates.angles.Longitude
#       unit: *id001
#       value: !astropy.table.SerializedColumn {name: ra}
#       wrap_angle: !astropy.coordinates.Angle
#         unit: *id001
#         value: 360.0
#     radial_velocity:
#       __class__: astropy.units.quantity.Quantity
#       unit: !astropy.units.Unit {unit: km / s}
#       value: !astropy.table.SerializedColumn {name: radial_velocity}
# schema: astropy-2.0
ra,dec,distance,pm_ra_cosdec,pm_dec,radial_velocity
[from data line 10950]
40.04557111963814,-74.47355075649338,27.418062610488256,1.1878241886907883,1.006938994565416,-4.210383564936169e-15
40.06351895065106,-74.48373876143373,27.42014338851996,1.1873751057387234,1.007321806351624,0.0
40.08150143271525,-74.49392373930537,27.422233205386984,1.1869250093320676,1.0077046249888366,8.420767129872338e-15
40.09951863646497,-74.5041056831133,27.424332068609303,1.186473897860712,1.0080874504421196,-8.420767129872338e-15
40.117570632669185,-74.5142845858427,27.426439985709948,1.1860217697120705,1.008470282674464,0.0
40.13565749223158,-74.52446044045891,27.42855696421502,1.1855686232710847,1.0088531216467689,-1.2631150694808506e-14
40.15377928619073,-74.53463323990725,27.430683011653596,1.1851144569202203,1.0092359673178262,-2.5262301389617013e-14
40.171936085720404,-74.54480297711315,27.43281813555784,1.1846592690394682,1.0096188196443097,4.210383564936169e-15
40.19012796212935,-74.55496964498192,27.434962343462942,1.1842030580063427,1.0100016785807517,-8.420767129872338e-15
40.20835498686178,-74.56513323639875,27.437115642907155,1.1837458221958859,1.0103845440795365,-4.210383564936169e-15
40.2266172314973,-74.5752937442287,27.439278041431745,1.1832875599806616,1.0107674160908788,8.420767129872338e-15
40.244914767751105,-74.58545116131651,27.441449546581058,1.1828282697307593,1.0111502945628117,1.6841534259744676e-14
40.26324766747409,-74.59560548048673,27.44363016590246,1.182367949813795,1.0115331794411704,1.2631150694808506e-14
40.28161600265304,-74.60575669454343,27.445819906946365,1.1819065985949082,1.0119160706695773,8.420767129872338e-15
40.300019845410674,-74.61590479627036,27.448018777266228,1.1814442144367652,1.0122989681894259,-8.420767129872338e-15
40.318459268005824,-74.62604977843067,27.450226784418568,1.1809807956995562,1.0126818719398631,1.2631150694808506e-14
40.33693434283357,-74.6361916337671,27.45244393596294,1.1805163407409984,1.013064781857778,4.210383564936169e-15
40.35544514242526,-74.64633035500167,27.454670239461933,1.1800508479163367,1.013447697877781,-2.1051917824680846e-14
40.37399173944885,-74.65646593483575,27.45690570248121,1.179584315578339,1.013830619932193,2.1051917824680846e-14
40.39257420670881,-74.66659836595004,27.459150332589473,1.1791167420773028,1.0142135479510241,-8.420767129872338e-15
40.41119261714636,-74.67672764100436,27.461404137358464,1.178648125761053,1.0145964818619626,-8.420767129872338e-15
40.42984704383955,-74.6868537526377,27.463667124362978,1.178178464974942,1.0149794215903547,-1.6841534259744676e-14
40.44853756000344,-74.69697669346816,27.465939301180864,1.1777077580618507,1.0153623670591925,4.210383564936169e-15
40.4672642389901,-74.7070964560928,27.468220675393024,1.17723600336219,1.0157453181890923,1.2631150694808506e-14
40.486027154288834,-74.71721303308767,27.47051125458339,1.1767631992139014,1.0161282748982834,-1.2631150694808506e-14
40.50482637952636,-74.7273264170077,27.472811046338993,1.1762893439524527,1.0165112371025893,-8.420767129872338e-15
40.52366198846666,-74.73743660038663,27.475120058249846,1.1758144359108498,1.0168942047154101,4.210383564936169e-15
40.54253405501138,-74.74754357573698,27.477438297909092,1.175338473419625,1.017277177647709,4.210383564936169e-15
40.561442653199784,-74.75764733554993,27.47976577291286,1.1748614548068481,1.0176601558079923,0.0
40.58038785720894,-74.76774787229536,27.482102490860374,1.1743833783981197,1.0180431391022957,4.210383564936169e-15
40.59936974135374,-74.77784517842161,27.4844484593539,1.1739042425165769,1.018426127434163,1.2631150694808506e-14
40.618388380087126,-74.78793924635565,27.48680368599876,1.173424045482894,1.0188091207046353,4.210383564936169e-15
40.637443848000125,-74.79803006850281,27.489168178403318,1.172942785615278,1.0191921188122293,-2.1051917824680846e-14
40.65653621982192,-74.8081176372468,27.491541944179016,1.1724604612294802,1.0195751216529207,-4.210383564936169e-15
40.67566557042007,-74.81820194494964,27.493924990940343,1.171977070638787,1.0199581291201292,-4.210383564936169e-15
40.69483197480049,-74.82828298395161,27.496317326304833,1.1714926121540281,1.0203411411046983,4.210383564936169e-15
40.71403550810769,-74.83836074657121,27.498718957893097,1.1710070840835725,1.0207241574948833,4.210383564936169e-15
40.73327624562471,-74.84843522510496,27.50112989332879,1.170520484733335,1.021107178176326,-4.210383564936169e-15
40.75255426277333,-74.85850641182749,27.50355014023864,1.1700328124067743,1.0214902030320425,-8.420767129872338e-15
40.771869635114136,-74.86857429899138,27.505979706252408,1.1695440654048954,1.0218732319424055,8.420767129872338e-15
40.79122243834671,-74.87863887882716,27.508418599002944,1.1690542420262502,1.0222562647851254,2.1051917824680846e-14
40.81061274830952,-74.88870014354323,27.510866826126136,1.1685633405669416,1.0226393014352313,-2.5262301389617013e-14
40.83004064098016,-74.89875808532565,27.513324395260945,1.168071359320623,1.0230223417650557,0.0
40.84950619247551,-74.90881269633837,27.51579131404939,1.167578296578498,1.0234053856442151,0.0
40.869009479051634,-74.91886396872289,27.51826759013656,1.1670841506293277,1.0237884329395914,-4.210383564936169e-15
40.88855057710397,-74.92891189459829,27.520753231170573,1.16658891975943,1.0241714835153173,-2.5262301389617013e-14
40.90812956316744,-74.93895646606119,27.52324824480266,1.166092602252678,1.024554537232751,-2.1051917824680846e-14
40.92774651391655,-74.94899767518567,27.52575263868707,1.165595196390506,1.024937593950466,-4.210383564936169e-14
40.94740150616537,-74.95903551402317,27.52826642048115,1.1650967004519115,1.0253206535242274,8.420767129872338e-15
40.96709461686772,-74.96906997460248,27.53078959784528,1.164597112713455,1.0257037158069764,8.420767129872338e-15
40.9868259231172,-74.9791010489296,27.533322178442937,1.164096431449264,1.0260867806488085,2.1051917824680846e-14
41.006595502147306,-74.98912872898775,27.53586416994063,1.1635946549310325,1.0264698478969576,-4.210383564936169e-15
41.026403431331474,-74.99915300673723,27.53841558000798,1.1630917814280286,1.0268529173957777,4.210383564936169e-15
41.04624978818314,-75.00917387411538,27.54097641631762,1.162587809207091,1.0272359889867204,-4.210383564936169e-15
41.06613465035593,-75.01919132303655,27.54354668654528,1.1620827365326334,1.0276190625083204,-4.210383564936169e-15
41.08605809564356,-75.02920534539199,27.546126398369747,1.1615765616666496,1.0280021377961746,-1.2631150694808506e-14
41.10602020198002,-75.03921593304973,27.5487155594729,1.161069282868712,1.0283852146829207,4.210383564936169e-15
41.126021047439664,-75.04922307785466,27.551314177539656,1.1605608983959756,1.0287682929982225,1.6841534259744676e-14
41.14606071023722,-75.05922677162836,27.553922260258016,1.1600514065031824,1.0291513725687482,0.0
41.166139268727825,-75.06922700616896,27.556539815319056,1.159540805442662,1.02953445321815,-8.420767129872338e-15
41.18625680140718,-75.07922377325121,27.55916685041689,1.159029093464336,1.0299175347670475,0.0
41.20641338691158,-75.08921706462641,27.561803373248758,1.1585162688157167,1.030300617033005,-2.5262301389617013e-14
41.22660910401794,-75.09920687202217,27.564449391514927,1.158002329741917,1.0306836998305136,-2.947268495455318e-14
41.24684403164391,-75.10919318714252,27.56710491291874,1.1574872744856481,1.0310667829709736,-4.210383564936169e-15
41.26711824884783,-75.11917600166778,27.569769945166637,1.156971101287225,1.0314498662626688,1.6841534259744676e-14
41.28743183482901,-75.12915530725448,27.572444495968107,1.156453808384565,1.0318329495107534,8.420767129872338e-15
41.30778486892746,-75.13913109553529,27.575128573035716,1.1559353940132004,1.0322160325172272,-2.1051917824680846e-14
41.32817743062424,-75.14910335811892,27.577822184085107,1.1554158564062722,1.0325991150809168,4.210383564936169e-15
41.34860959954137,-75.15907208659016,27.580525336835017,1.1548951937945366,1.0329821969974582,-1.6841534259744676e-14
41.36908145544182,-75.16903727250964,27.583238039007224,1.154373404406372,1.0333652780592695,-1.2631150694808506e-14
41.389593078229744,-75.17899890741394,27.5859602983266,1.1538504864677779,1.03374835805554,-2.1051917824680846e-14
41.410144547950296,-75.18895698281536,27.588692122521074,1.1533264382023811,1.0341314367722014,-1.2631150694808506e-14
41.430735944789916,-75.19891149020197,27.591433519321697,1.1528012578314355,1.0345145139919123,0.0
41.45136734907621,-75.20886242103747,27.59418449646255,1.1522749435738313,1.0348975894940362,0.0
41.47203884127793,-75.21880976676114,27.59694506168081,1.151747493646096,1.0352806630546192,1.6841534259744676e-14
41.492750502005194,-75.22875351878777,27.599715222716735,1.1512189062623992,1.0356637344463708,-1.6841534259744676e-14
41.51350241200949,-75.23869366850754,27.602494987313655,1.1506891796345522,1.036046803438644,-8.420767129872338e-15
41.534294652183526,-75.24863020728608,27.60528436321799,1.1501583119720193,1.0364298697974108,0.0
41.55512730356143,-75.2585631264642,27.60808335817921,1.1496263014819184,1.0368129332852443,4.210383564936169e-15
41.576000447318776,-75.26849241735802,27.610891979949912,1.1490931463690224,1.0371959936612962,-4.210383564936169e-15
41.59691416477261,-75.2784180712588,27.613710236285733,1.1485588448357666,1.0375790506812768,-8.420767129872338e-15
41.6178685373813,-75.28834007943276,27.61653813494541,1.1480233950822547,1.0379621040974287,4.210383564936169e-15
41.638863646744745,-75.29825843312123,27.619375683690762,1.147486795306261,1.0383451536585127,0.0
41.65989957460447,-75.30817312354047,27.622222890286682,1.1469490437032317,1.0387281991097819,-8.420767129872338e-15
41.68097640284335,-75.31808414188151,27.62507976250116,1.1464101384662961,1.0391112401929585,0.0
41.70209421348589,-75.32799147931021,27.62794630810524,1.1458700777862676,1.0394942766462165,8.420767129872338e-15
41.72325308869814,-75.33789512696717,27.6308225348731,1.1453288598516467,1.0398773082041555,-2.1051917824680846e-14
41.7444531107877,-75.34779507596754,27.633708450581945,1.1447864828486316,1.0402603345977823,1.2631150694808506e-14
41.765694362203696,-75.3576913174011,27.636604063012108,1.1442429449611162,1.0406433555544847,-1.6841534259744676e-14
41.78697692553688,-75.36758384233204,27.639509379946993,1.1436982443707022,1.0410263707980127,-2.947268495455318e-14
41.808300883519614,-75.37747264179903,27.64242440917308,1.1431523792566962,1.0414093800484576,-4.210383564936169e-15
41.82966631902581,-75.38735770681507,27.64534915847996,1.142605347796122,1.0417923830222224,1.2631150694808506e-14
41.85107331507097,-75.39723902836737,27.64828363566028,1.1420571481637236,1.0421753794320088,0.0
41.872521954812115,-75.40711659741736,27.651227848509794,1.1415077785319705,1.0425583689867854,-2.1051917824680846e-14
41.894012321547976,-75.41699040490056,27.654181804827342,1.1409572370710594,1.0429413513917725,-8.420767129872338e-15
41.9155444987188,-75.42686044172659,27.657145512414854,1.1404055219489275,1.0433243263484167,-3.789345208442552e-14
41.93711856990637,-75.43672669877894,27.660118979077346,1.139852631331251,1.043707293554365,0.0
41.958734618834036,-75.44658916691505,27.66310221262293,1.139298563381454,1.044090252703445,0.0
41.98039272936667,-75.45644783696615,27.666095220862793,1.1387433162607168,1.0444732034856423,-8.420767129872338e-15
42.00209298551075,-75.46630269973718,27.669098011611233,1.1381868881279757,1.044856145587076,8.420767129872338e-15
42.0238354714141,-75.47615374600677,27.67211059268562,1.137629277139936,1.0452390786899737,8.420767129872338e-15
42.0456202713662,-75.48600096652716,27.675132971906436,1.137070481451071,1.0456220024726517,-8.420767129872338e-15
42.06744746979792,-75.49584435202402,27.678165157097233,1.136510499213633,1.0460049166094905,1.2631150694808506e-14
42.089317151281456,-75.5056838931965,27.68120715608467,1.1359493285776618,1.0463878207709072,-8.420767129872338e-15
42.11122940053056,-75.51551958071713,27.68425897669851,1.1353869676909831,1.0467707146233376,-2.947268495455318e-14
42.13318430240025,-75.5253514052316,27.687320626771573,1.1348234146992233,1.0471535978292084,0.0
42.155181941886994,-75.53517935735897,27.69039211413982,1.1342586677458097,1.0475364700469167,1.2631150694808506e-14
42.17722240412837,-75.5450034276913,27.693473446642283,1.1336927249719828,1.0479193309308001,-4.210383564936169e-15
42.19930577440344,-75.55482360679372,27.696564632121085,1.1331255845167987,1.0483021801311205,-1.6841534259744676e-14
42.22143213813231,-75.56463988520434,27.699665678421432,1.1325572445171392,1.0486850172940336,8.420767129872338e-15
42.24360158087628,-75.57445225343419,27.70277659339169,1.1319877031077168,1.049067842061565,4.210383564936169e-15
42.26581418833781,-75.58426070196703,27.705897384883233,1.1314169584210836,1.0494506540715898,8.420767129872338e-15
42.288070046360495,-75.59406522125946,27.70902806075062,1.130845008587634,1.0498334529578064,1.2631150694808506e-14
42.31036924092885,-75.60386580174067,27.71216862885144,1.1302718517356187,1.050216238349709,4.210383564936169e-15
42.33271185816835,-75.61366243381245,27.715319097046407,1.1296974859911497,1.0505990098725653,8.420767129872338e-15
42.35509798434546,-75.62345510784908,27.718479473199356,1.1291219094782041,1.0509817671473924,1.2631150694808506e-14
42.377527705867394,-75.6332438141973,27.721649765177187,1.1285451203186376,1.0513645097909292,-1.2631150694808506e-14
42.400001109282194,-75.64302854317614,27.724829980849908,1.1279671166321883,1.0517472374156145,4.210383564936169e-15
42.42251828127855,-75.65280928507691,27.728020128090638,1.1273878965364854,1.0521299496295566,-4.210383564936169e-15
42.44507930868594,-75.66258603016315,27.731220214775593,1.1268074581470584,1.0525126460365184,2.5262301389617013e-14
42.467684278474216,-75.67235876867049,27.734430248784104,1.126225799577345,1.052895326235877,8.420767129872338e-15
42.49033327775383,-75.68212749080652,27.737650237998565,1.125642918938698,1.0532779898226114,1.2631150694808506e-14
42.513026393775625,-75.6918921867509,27.74088019030455,1.125058814340393,1.0536606363872707,-1.2631150694808506e-14
42.535763713930784,-75.70165284665505,27.744120113590633,1.1244734838896422,1.0540432655159493,4.210383564936169e-15
42.55854532575069,-75.71140946064224,27.747370015748572,1.1238869256915953,1.0544258767902615,0.0
42.58137131690684,-75.72116201880743,27.750629904673193,1.1232991378493553,1.0548084697873132,1.2631150694808506e-14
42.60424177521093,-75.73091051121725,27.75389978826245,1.1227101184639805,1.055191044079681,0.0
42.62715678861448,-75.74065492790979,27.75717967441739,1.1221198656345002,1.0555735992353816,-1.6841534259744676e-14
42.650116445208965,-75.7503952588947,27.760469571042155,1.1215283774579181,1.0559561348178468,2.1051917824680846e-14
42.67312083322554,-75.76013149415297,27.763769486044012,1.120935652029227,1.0563386503858967,-8.420767129872338e-15
42.696170041035195,-75.76986362363695,27.767079427333332,1.120341687441409,1.056721145493716,8.420767129872338e-15
42.719264157148224,-75.77959163727016,27.770399402823596,1.1197464817854583,1.0571036196908217,4.210383564936169e-15
42.74240327021449,-75.78931552494724,27.773729420431373,1.1191500331503796,1.0574860725220416,8.420767129872338e-15
42.76558746902328,-75.79903527653403,27.777069488076364,1.1185523396232007,1.0578685035274882,-4.210383564936169e-15
42.78881684250295,-75.80875088186723,27.780419613681378,1.1179533992889834,1.0582509122425252,2.1051917824680846e-14
42.81209147972098,-75.8184623307545,27.783779805172312,1.1173532102308354,1.058633298197746,0.0
42.835411469883795,-75.82816961297428,27.787150070478198,1.1167517705299177,1.0590156609189454,-2.5262301389617013e-14
42.858776902336736,-75.83787271827576,27.790530417531176,1.1161490782654517,1.0593979999270926,-8.420767129872338e-15
42.88218786656376,-75.84757163637887,27.79392085426649,1.115545131514736,1.0597803147383014,-4.210383564936169e-15
42.90564445218748,-75.857266356974,27.797321388622485,1.114939928353153,1.0601626048638073,-1.6841534259744676e-14
