galstreams/tracks/track.Cocytos.grillmair2009.ecsv
# %ECSV 0.9
# ---
# datatype:
# - {name: sc.ra, unit: deg, datatype: float64}
# - {name: sc.dec, unit: deg, datatype: float64}
# - {name: sc.distance, unit: kpc, datatype: float64}
# - {name: width, datatype: float64}
# meta: !!omap
# - __serialized_columns__:
#     sc:
#       __class__: astropy.coordinates.sky_coordinate.SkyCoord
#       dec: !astropy.table.SerializedColumn
#         __class__: astropy.coordinates.angles.Latitude
#         unit: &id001 !astropy.units.Unit {unit: deg}
#         value: !astropy.table.SerializedColumn {name: sc.dec}
#       distance: !astropy.table.SerializedColumn
#         __class__: astropy.coordinates.distances.Distance
#         unit: !astropy.units.Unit {unit: kpc}
#         value: !astropy.table.SerializedColumn {name: sc.distance}
#       frame: icrs
#       ra: !astropy.table.SerializedColumn
#         __class__: astropy.coordinates.angles.Longitude
#         unit: *id001
#         value: !astropy.table.SerializedColumn {name: sc.ra}
#         wrap_angle: !astropy.coordinates.Angle
#           unit: *id001
#           value: 360.0
#       representation_type: spherical
# schema: astropy-2.0
sc.ra sc.dec sc.distance width
[from data line 4489]
228.30994128818597 12.856249134312463 11.0 0.7
228.31970955644823 12.859299727791267 11.0 0.7
228.32947806215523 12.862349959914834 11.0 0.7
228.33924680534287 12.865399830585721 11.0 0.7
228.34901578604698 12.868449339706482 11.0 0.7
228.35878500430348 12.871498487179677 11.0 0.7
228.36855446014812 12.874547272907845 11.0 0.7
228.37832415361675 12.877595696793573 11.0 0.7
228.38809408474512 12.88064375873942 11.0 0.7
228.39786425356894 12.883691458647942 11.0 0.7
228.40763466012402 12.886738796421728 11.0 0.7
228.41740530444594 12.889785771963327 11.0 0.7
228.42717618657045 12.892832385175335 11.0 0.7
228.4369473065332 12.895878635960331 11.0 0.7
228.44671866436977 12.898924524220877 11.0 0.7
228.4564902601158 12.901970049859585 11.0 0.7
228.46626209380688 12.905015212779018 11.0 0.7
228.47603416547847 12.908060012881766 11.0 0.7
228.48580647516619 12.911104450070447 11.0 0.7
228.49557902290547 12.914148524247626 11.0 0.7
228.50535180873183 12.917192235315918 11.0 0.7
228.5151248326807 12.920235583177918 11.0 0.7
228.5248980947875 12.923278567736224 11.0 0.7
228.53467159508767 12.926321188893466 11.0 0.7
228.54444533361658 12.929363446552228 11.0 0.7
228.55421931040954 12.932405340615126 11.0 0.7
228.5639935255019 12.93544687098478 11.0 0.7
228.57376797892897 12.93848803756381 11.0 0.7
228.583542670726 12.941528840254831 11.0 0.7
228.5933176009283 12.944569278960467 11.0 0.7
228.60309276957105 12.947609353583342 11.0 0.7
228.61286817668946 12.95064906402609 11.0 0.7
228.62264382231868 12.95368841019134 11.0 0.7
228.63241970649395 12.95672739198172 11.0 0.7
228.6421958292503 12.95976600929988 11.0 0.7
228.65197219062293 12.962804262048445 11.0 0.7
228.66174879064687 12.96584215013007 11.0 0.7
228.67152562935718 12.968879673447397 11.0 0.7
228.68130270678887 12.971916831903073 11.0 0.7
228.69108002297696 12.974953625399749 11.0 0.7
228.7008575779564 12.97799005384008 11.0 0.7
228.71063537176224 12.981026117126719 11.0 0.7
228.72041340442934 12.984061815162331 11.0 0.7
228.73019167599261 12.98709714784958 11.0 0.7
228.73997018648691 12.990132115091127 11.0 0.7
228.74974893594717 12.993166716789641 11.0 0.7
228.75952792440813 12.996200952847797 11.0 0.7
228.76930715190466 12.999234823168266 11.0 0.7
228.7790866184715 13.002268327653722 11.0 0.7
228.7888663241435 13.00530146620686 11.0 0.7
228.79864626895522 13.008334238730331 11.0 0.7
228.80842645294152 13.01136664512685 11.0 0.7
228.81820687613705 13.014398685299104 11.0 0.7
228.82798753857642 13.017430359149763 11.0 0.7
228.83776844029433 13.020461666581546 11.0 0.7
228.8475495813253 13.023492607497134 11.0 0.7
228.85733096170395 13.026523181799224 11.0 0.7
228.8671125814649 13.02955338939054 11.0 0.7
228.8768944406426 13.032583230173769 11.0 0.7
228.88667653927158 13.035612704051628 11.0 0.7
228.89645887738632 13.038641810926821 11.0 0.7
228.9062414550213 13.041670550702063 11.0 0.7
228.91602427221096 13.044698923280091 11.0 0.7
228.92580732898963 13.047726928563604 11.0 0.7
228.93559062539182 13.05075456645533 11.0 0.7
228.94537416145178 13.053781836857999 11.0 0.7
228.9551579372039 13.056808739674342 11.0 0.7
228.96494195268244 13.059835274807083 11.0 0.7
228.97472620792166 13.062861442158967 11.0 0.7
228.984510702956 13.065887241632726 11.0 0.7
228.99429543781943 13.0689126731311 11.0 0.7
229.00408041254636 13.071937736556839 11.0 0.7
229.01386562717087 13.074962431812686 11.0 0.7
229.02365108172714 13.077986758801387 11.0 0.7
229.03343677624932 13.081010717425704 11.0 0.7
229.04322271077152 13.084034307588391 11.0 0.7
229.05300888532778 13.0870575291922 11.0 0.7
229.0627952999522 13.090080382139897 11.0 0.7
229.0725819546788 13.093102866334245 11.0 0.7
229.08236884954155 13.096124981678017 11.0 0.7
229.09215598457448 13.099146728073983 11.0 0.7
229.10194335981157 13.10216810542491 11.0 0.7
229.11173097528666 13.10518911363358 11.0 0.7
229.1215188310337 13.108209752602772 11.0 0.7
229.13130692708663 13.111230022235267 11.0 0.7
229.1410952634792 13.114249922433855 11.0 0.7
229.15088384024534 13.117269453101322 11.0 0.7
229.1606726574188 13.120288614140463 11.0 0.7
229.17046171503333 13.123307405454065 11.0 0.7
229.18025101312276 13.126325826944933 11.0 0.7
229.19004055172078 13.129343878515867 11.0 0.7
229.19983033086112 13.132361560069674 11.0 0.7
229.20962035057738 13.135378871509143 11.0 0.7
229.21941061090334 13.138395812737105 11.0 0.7
229.22920111187253 13.141412383656377 11.0 0.7
229.23899185351857 13.144428584169741 11.0 0.7
229.24878283587512 13.147444414180057 11.0 0.7
229.25857405897557 13.150459873590117 11.0 0.7
229.26836552285363 13.153474962302775 11.0 0.7
229.2781572275427 13.15648968022083 11.0 0.7
229.2879491730762 13.159504027247122 11.0 0.7
229.29774135948776 13.162518003284502 11.0 0.7
229.30753378681067 13.165531608235792 11.0 0.7
229.31732645507833 13.168544842003833 11.0 0.7
229.3271193643242 13.17155770449147 11.0 0.7
229.33691251458157 13.174570195601552 11.0 0.7
229.34670590588377 13.177582315236926 11.0 0.7
229.3564995382641 13.180594063300449 11.0 0.7
229.36629341175583 13.183605439694977 11.0 0.7
229.3760875263923 13.186616444323365 11.0 0.7
229.38588188220658 13.189627077088478 11.0 0.7
229.395676479232 13.192637337893181 11.0 0.7
229.40547131750165 13.19564722664034 11.0 0.7
229.41526639704867 13.19865674323283 11.0 0.7
229.42506171790632 13.201665887573524 11.0 0.7
229.4348572801075 13.204674659565299 11.0 0.7
229.44465308368547 13.207683059111039 11.0 0.7
229.4544491286731 13.210691086113624 11.0 0.7
229.46424541510353 13.213698740475945 11.0 0.7
229.47404194300978 13.21670602210089 11.0 0.7
229.48383871242473 13.219712930891355 11.0 0.7
229.49363572338135 13.222719466750231 11.0 0.7
229.50343297591255 13.225725629580422 11.0 0.7
229.5132304700513 13.228731419284834 11.0 0.7
229.52302820583037 13.231736835766364 11.0 0.7
229.53282618328265 13.234741878927938 11.0 0.7
229.54262440244094 13.237746548672442 11.0 0.7
229.55242286333808 13.240750844902813 11.0 0.7
229.5622215660068 13.24375476752197 11.0 0.7
229.5720205104798 13.246758316432814 11.0 0.7
229.58181969678986 13.24976149153829 11.0 0.7
229.59161912496972 13.25276429274133 11.0 0.7
229.60141879505187 13.255766719944841 11.0 0.7
229.6112187070691 13.258768773051779 11.0 0.7
229.62101886105398 13.261770451965084 11.0 0.7
229.63081925703912 13.26477175658768 11.0 0.7
229.64061989505697 13.26777268682251 11.0 0.7
229.6504207751402 13.27077324257255 11.0 0.7
229.6602218973213 13.273773423740721 11.0 0.7
229.6700232616327 13.276773230229983 11.0 0.7
229.6798248681069 13.2797726619433 11.0 0.7
229.68962671677636 13.282771718783643 11.0 0.7
229.6994288076734 13.285770400653943 11.0 0.7
229.70923114083047 13.2887687074572 11.0 0.7
229.71903371627997 13.291766639096368 11.0 0.7
229.72883653405415 13.294764195474423 11.0 0.7
229.73863959418532 13.29776137649433 11.0 0.7
229.7484428967058 13.300758182059095 11.0 0.7
229.75824644164786 13.303754612071677 11.0 0.7
229.76805022904364 13.306750666435061 11.0 0.7
229.77785425892546 13.309746345052265 11.0 0.7
229.7876585313254 13.312741647826254 11.0 0.7
229.7974630462757 13.315736574660031 11.0 0.7
229.8072678038084 13.318731125456598 11.0 0.7
229.8170728039557 13.321725300118958 11.0 0.7
229.82687804674958 13.32471909855011 11.0 0.7
229.8366835322222 13.327712520653073 11.0 0.7
229.84648926040543 13.330705566330852 11.0 0.7
229.8562952313314 13.333698235486468 11.0 0.7
229.86610144503203 13.336690528022944 11.0 0.7
229.87590790153925 13.339682443843278 11.0 0.7
229.88571460088505 13.342673982850524 11.0 0.7
229.89552154310127 13.345665144947704 11.0 0.7
229.90532872821979 13.348655930037832 11.0 0.7
229.9151361562724 13.351646338023963 11.0 0.7
229.92494382729106 13.354636368809134 11.0 0.7
229.93475174130742 13.357626022296376 11.0 0.7
229.94455989835336 13.360615298388746 11.0 0.7
229.9543682984605 13.36360419698929 11.0 0.7
229.9641769416607 13.36659271800106 11.0 0.7
229.97398582798544 13.3695808613271 11.0 0.7
229.98379495746664 13.37256862687048 11.0 0.7
229.99360433013575 13.375556014534274 11.0 0.7
230.0034139460244 13.378543024221509 11.0 0.7
230.01322380516433 13.381529655835294 11.0 0.7
230.02303390758695 13.38451590927869 11.0 0.7
230.0328442533238 13.387501784454754 11.0 0.7
230.0426548424064 13.390487281266585 11.0 0.7
230.0524656748663 13.393472399617266 11.0 0.7
230.06227675073495 13.39645713940987 11.0 0.7
230.0720880700437 13.399441500547482 11.0 0.7
230.08189963282402 13.40242548293322 11.0 0.7
230.09171143910723 13.405409086470153 11.0 0.7
230.10152348892476 13.408392311061386 11.0 0.7
230.11133578230786 13.411375156610035 11.0 0.7
230.12114831928793 13.414357623019194 11.0 0.7
230.13096109989613 13.417339710191966 11.0 0.7
230.1407741241638 13.420321418031488 11.0 0.7
230.15058739212213 13.423302746440854 11.0 0.7
230.16040090380227 13.426283695323185 11.0 0.7
230.17021465923546 13.429264264581604 11.0 0.7
230.18002865845287 13.432244454119257 11.0 0.7
230.18984290148555 13.43522426383925 11.0 0.7
230.19965738836459 13.43820369364472 11.0 0.7
230.2094721191211 13.441182743438821 11.0 0.7
230.21928709378614 13.444161413124673 11.0 0.7
230.22910231239072 13.447139702605426 11.0 0.7
230.2389177749657 13.45011761178423 11.0 0.7
230.24873348154222 13.45309514056423 11.0 0.7
230.25854943215114 13.456072288848583 11.0 0.7
230.2683656268234 13.459049056540445 11.0 0.7
230.27818206558987 13.462025443542982 11.0 0.7
230.28799874848136 13.465001449759347 11.0 0.7
230.2978156755288 13.467977075092724 11.0 0.7
230.30763284676286 13.47095231944626 11.0 0.7
230.31745026221452 13.47392718272315 11.0 0.7
230.32726792191434 13.476901664826572 11.0 0.7
230.33708582589318 13.479875765659687 11.0 0.7
230.34690397418169 13.4828494851257 11.0 0.7
230.35672236681054 13.485822823127803 11.0 0.7
230.36654100381037 13.488795779569163 11.0 0.7
230.37635988521188 13.491768354352995 11.0 0.7
230.38617901104564 13.494740547382504 11.0 0.7
230.39599838134217 13.497712358560873 11.0 0.7
230.40581799613196 13.500683787791308 11.0 0.7
230.41563785544574 13.503654834977036 11.0 0.7
230.42545795931386 13.50662550002127 11.0 0.7
230.43527830776677 13.5095957828272 11.0 0.7
230.44509890083503 13.512565683298073 11.0 0.7
230.4549197385489 13.51553520133711 11.0 0.7
230.46474082093889 13.51850433684752 11.0 0.7
230.47456214803537 13.521473089732547 11.0 0.7
230.4843837198686 13.524441459895431 11.0 0.7
230.4942055364689 13.527409447239398 11.0 0.7
230.5040275978666 13.530377051667681 11.0 0.7
230.51384990409193 13.533344273083554 11.0 0.7
230.52367245517516 13.536311111390244 11.0 0.7
230.53349525114638 13.539277566490991 11.0 0.7
230.54331829203593 13.542243638289088 11.0 0.7
230.5531415778739 13.54520932668776 11.0 0.7
230.56296510869035 13.548174631590276 11.0 0.7
230.5727888845155 13.551139552899924 11.0 0.7
230.58261290537934 13.55410409051995 11.0 0.7
230.59243717131196 13.557068244353633 11.0 0.7
230.60226168234334 13.560032014304253 11.0 0.7
230.61208643850352 13.56299540027509 11.0 0.7
230.62191143982247 13.565958402169425 11.0 0.7
230.6317366863301 13.568921019890553 11.0 0.7
230.64156217805632 13.571883253341758 11.0 0.7
230.65138791503105 13.574845102426336 11.0 0.7
230.66121389728417 13.577806567047581 11.0 0.7
230.67104012484552 13.580767647108814 11.0 0.7
230.6808665977448 13.583728342513322 11.0 0.7
230.690693316012 13.58668865316442 11.0 0.7
230.70052027967674 13.589648578965424 11.0 0.7
230.71034748876872 13.592608119819642 11.0 0.7
230.72017494331774 13.595567275630405 11.0 0.7
230.7300026433535 13.598526046301041 11.0 0.7
230.73983058890548 13.601484431734846 11.0 0.7
230.74965878000353 13.604442431835189 11.0 0.7
230.75948721667712 13.607400046505392 11.0 0.7
230.7693158989558 13.610357275648777 11.0 0.7
230.7791448268692 13.61331411916871 11.0 0.7
230.78897400044687 13.616270576968535 11.0 0.7
230.79880341971818 13.619226648951578 11.0 0.7
230.80863308471268 13.622182335021213 11.0 0.7
230.81846299545984 13.625137635080804 11.0 0.7
230.82829315198902 13.628092549033688 11.0 0.7
230.83812355432957 13.631047076783233 11.0 0.7
230.847954202511 13.634001218232836 11.0 0.7
230.8577850965625 13.63695497328583 11.0 0.7
230.86761623651344 13.63990834184561 11.0 0.7
230.8774476223931 13.642861323815561 11.0 0.7
230.88727925423078 13.645813919099048 11.0 0.7
230.89711113205558 13.648766127599462 11.0 0.7
230.9069432558969 13.651717949220208 11.0 0.7
230.91677562578374 13.654669383864674 11.0 0.7
230.92660824174533 13.657620431436246 11.0 0.7
230.93644110381078 13.660571091838323 11.0 0.7
230.94627421200923 13.663521364974338 11.0 0.7
230.95610756636964 13.666471250747671 11.0 0.7
230.9659411669212 13.669420749061745 11.0 0.7
230.97577501369287 13.67236985981998 11.0 0.7
230.98560910671355 13.67531858292579 11.0 0.7
230.99544344601233 13.678266918282596 11.0 0.7
231.0052780316181 13.681214865793843 11.0 0.7
231.0151128635598 13.68416242536294 11.0 0.7
231.0249479418663 13.687109596893338 11.0 0.7
231.0347832665664 13.690056380288466 11.0 0.7
231.044618837689 13.693002775451767 11.0 0.7
231.0544546552629 13.695948782286692 11.0 0.7
231.0642907193169 13.698894400696693 11.0 0.7
231.0741270298797 13.70183963058522 11.0 0.7
231.08396358698002 13.704784471855731 11.0 0.7
231.0938003906466 13.707728924411695 11.0 0.7
231.10363744090805 13.710672988156551 11.0 0.7
231.11347473779313 13.713616662993799 11.0 0.7
231.12331228133039 13.716559948826907 11.0 0.7
231.13315007154839 13.719502845559331 11.0 0.7
231.14298810847578 13.72244535309457 11.0 0.7
231.15282639214095 13.725387471336106 11.0 0.7
231.16266492257262 13.728329200187428 11.0 0.7
231.17250369979914 13.731270539552018 11.0 0.7
231.18234272384896 13.734211489333385 11.0 0.7
231.1921819947506 13.737152049435023 11.0 0.7
231.20202151253238 13.740092219760426 11.0 0.7
231.2118612772227 13.743032000213114 11.0 0.7
231.22170128884997 13.745971390696607 11.0 0.7
231.23154154744245 13.748910391114386 11.0 0.7
231.24138205302842 13.751849001370005 11.0 0.7
231.2512228056363 13.754787221366978 11.0 0.7
231.26106380529413 13.757725051008817 11.0 0.7
231.2709050520302 13.760662490199056 11.0 0.7
231.2807465458728 13.763599538841254 11.0 0.7
231.29058828685 13.766536196838924 11.0 0.7
231.30043027498994 13.769472464095598 11.0 0.7
231.31027251032077 13.772408340514863 11.0 0.7
231.32011499287054 13.775343826000237 11.0 0.7
231.32995772266727 13.77827892045527 11.0 0.7
231.3398006997391 13.78121362378355 11.0 0.7
231.34964392411396 13.78414793588861 11.0 0.7
231.35948739581985 13.787081856674027 11.0 0.7
231.36933111488472 13.790015386043367 11.0 0.7
231.37917508133648 13.79294852390021 11.0 0.7
231.389019295203 13.79588127014812 11.0 0.7
231.39886375651218 13.798813624690688 11.0 0.7
231.40870846529194 13.801745587431508 11.0 0.7
231.4185534215699 13.804677158274153 11.0 0.7
231.42839862537403 13.807608337122211 11.0 0.7
231.43824407673202 13.810539123879307 11.0 0.7
231.4480897756716 13.813469518449015 11.0 0.7
231.45793572222047 13.81639952073495 11.0 0.7
231.46778191640635 13.819329130640721 11.0 0.7
231.4776283582569 13.82225834806994 11.0 0.7
231.48747504779973 13.825187172926222 11.0 0.7
231.49732198506237 13.828115605113188 11.0 0.7
231.50716917007247 13.831043644534466 11.0 0.7
231.5170166028576 13.833971291093679 11.0 0.7
231.52686428344524 13.836898544694474 11.0 0.7
231.53671221186283 13.839825405240457 11.0 0.7
231.54656038813792 13.842751872635297 11.0 0.7
231.55640881229792 13.845677946782633 11.0 0.7
231.5662574843702 13.848603627586101 11.0 0.7
231.5761064043822 13.851528914949366 11.0 0.7
231.5859555723613 13.854453808776087 11.0 0.7
231.59580498833478 13.857378308969908 11.0 0.7
231.6056546523299 13.860302415434505 11.0 0.7
231.61550456437402 13.863226128073558 11.0 0.7
231.62535472449437 13.866149446790715 11.0 0.7
231.6352051327181 13.869072371489658 11.0 0.7
231.64505578907253 13.87199490207408 11.0 0.7
231.65490669358473 13.87491703844767 11.0 0.7
231.66475784628184 13.87783878051409 11.0 0.7
