galstreams/tracks/track.st.OmegaCen-Fimbulthul.sollima2020.ecsv
# %ECSV 0.9
# ---
# datatype:
# - {name: ra, unit: deg, datatype: float64}
# - {name: dec, unit: deg, datatype: float64}
# - {name: distance, unit: kpc, datatype: float64}
# - {name: pm_ra_cosdec, unit: mas / yr, datatype: float64}
# - {name: pm_dec, unit: mas / yr, datatype: float64}
# - {name: radial_velocity, unit: km / s, datatype: float64}
# delimiter: ','
# meta: !!omap
# - __serialized_columns__:
#     dec:
#       __class__: astropy.coordinates.angles.Latitude
#       unit: &id001 !astropy.units.Unit {unit: deg}
#       value: !astropy.table.SerializedColumn {name: dec}
#     distance:
#       __class__: astropy.coordinates.distances.Distance
#       unit: !astropy.units.Unit {unit: kpc}
#       value: !astropy.table.SerializedColumn {name: distance}
#     pm_dec:
#       __class__: astropy.units.quantity.Quantity
#       unit: !astropy.units.Unit {unit: mas / yr}
#       value: !astropy.table.SerializedColumn {name: pm_dec}
#     pm_ra_cosdec:
#       __class__: astropy.units.quantity.Quantity
#       unit: !astropy.units.Unit {unit: mas / yr}
#       value: !astropy.table.SerializedColumn {name: pm_ra_cosdec}
#     ra:
#       __class__: astropy.coordinates.angles.Longitude
#       unit: *id001
#       value: !astropy.table.SerializedColumn {name: ra}
#       wrap_angle: !astropy.coordinates.Angle
#         unit: *id001
#         value: 360.0
#     radial_velocity:
#       __class__: astropy.units.quantity.Quantity
#       unit: !astropy.units.Unit {unit: km / s}
#       value: !astropy.table.SerializedColumn {name: radial_velocity}
# schema: astropy-2.0
ra,dec,distance,pm_ra_cosdec,pm_dec,radial_velocity
[from data line 479]
201.95830719579683,-47.71952428239177,5.1,0.0,0.0,-0.0
201.9715190317002,-47.72405805382421,5.099999999999999,0.0,0.0,-0.0
201.98473927585323,-47.72858304124384,5.099999999999999,0.0,0.0,-0.0
201.9979679299882,-47.73309923527816,5.099999999999999,0.0,0.0,-0.0
202.01120499576822,-47.73760662661358,5.099999999999998,0.0,0.0,-0.0
202.02445047478872,-47.742105205993795,5.1,0.0,0.0,-0.0
202.03770436857874,-47.74659496421811,5.099999999999999,0.0,0.0,-0.0
202.05096667860258,-47.751075892139845,5.099999999999999,0.0,0.0,-0.0
202.0642374062609,-47.75554798066458,5.099999999999999,0.0,0.0,-0.0
202.07751655289252,-47.760011220748595,5.1,0.0,0.0,-0.0
202.0908041197756,-47.7644656033972,5.099999999999999,0.0,0.0,-0.0
202.10410010812922,-47.76891111966302,5.099999999999998,0.0,0.0,-0.0
202.11740451911461,-47.773347760644405,5.099999999999999,0.0,0.0,-0.0
202.13071735383687,-47.777775517483754,5.099999999999999,0.0,0.0,-0.0
202.14403861334608,-47.78219438136584,5.099999999999999,0.0,0.0,-0.0
202.157368298639,-47.78660434351618,5.1,0.0,0.0,-0.0
202.17070641066024,-47.79100539519932,5.1000000000000005,0.0,0.0,-0.0
202.18405295030394,-47.79539752771726,5.1,0.0,0.0,-0.0
202.1974079184149,-47.799780732407726,5.1000000000000005,0.0,0.0,-0.0
202.21077131579028,-47.8041550006425,5.1,0.0,0.0,-0.0
202.22414314318084,-47.80852032382584,5.1000000000000005,0.0,0.0,-0.0
202.23752340129235,-47.81287669339268,5.099999999999999,0.0,0.0,-0.0
202.2509120907871,-47.81722410080712,5.1,0.0,0.0,-0.0
202.2643092122853,-47.82156253756064,5.1000000000000005,0.0,0.0,-0.0
202.27771476636627,-47.825891995170466,5.099999999999999,0.0,0.0,-0.0
202.29112875357023,-47.83021246517794,5.1,0.0,0.0,-0.0
202.3045511743994,-47.83452393914679,5.1,0.0,0.0,-0.0
202.31798202931947,-47.83882640866153,5.1,0.0,0.0,-0.0
202.3314213187611,-47.84311986532571,5.1,0.0,0.0,-0.0
202.34486904312124,-47.84740430076029,5.099999999999999,0.0,0.0,-0.0
202.35832520276446,-47.851679706601985,5.1,0.0,0.0,-0.0
202.3717897980245,-47.85594607450154,5.1,0.0,0.0,-0.0
202.38526282920563,-47.86020339612208,5.099999999999999,0.0,0.0,-0.0
202.39874429658383,-47.864451663137466,5.1000000000000005,0.0,0.0,-0.0
202.41223420040853,-47.86869086723055,5.1,0.0,0.0,-0.0
202.42573254090374,-47.87292100009154,5.1,0.0,0.0,-0.0
202.43923931826956,-47.87714205341633,5.1,0.0,0.0,-0.0
202.4527545326834,-47.88135401890481,5.1,0.0,0.0,-0.0
202.46627818430164,-47.88555688825915,5.1000000000000005,0.0,0.0,-0.0
202.47981027326074,-47.88975065318217,5.1,0.0,0.0,-0.0
202.49335079967878,-47.893935305375635,5.1000000000000005,0.0,0.0,-0.0
202.5068997636568,-47.898110836538585,5.1,0.0,0.0,-0.0
202.52045716528016,-47.90227723836558,5.1000000000000005,0.0,0.0,-0.0
202.5340230046199,-47.90643450254513,5.1,0.0,0.0,-0.0
202.54759728173414,-47.91058262075795,5.1000000000000005,0.0,0.0,-0.0
202.56117999666944,-47.91472158467523,5.1,0.0,0.0,-0.0
202.57477114946215,-47.91885138595703,5.1,0.0,0.0,-0.0
202.58837074013988,-47.92297201625051,5.1,0.0,0.0,-0.0
202.60197876872263,-47.92708346718832,5.1,0.0,0.0,-0.0
202.61559523522442,-47.93118573038682,5.099999999999999,0.0,0.0,-0.0
202.62922013965445,-47.935278797444504,5.1000000000000005,0.0,0.0,-0.0
202.6428534820186,-47.939362659940144,5.1,0.0,0.0,-0.0
202.65649526232068,-47.94343730943126,5.1,0.0,0.0,-0.0
202.6701454805638,-47.94750273745233,5.099999999999999,0.0,0.0,-0.0
202.68380413675177,-47.95155893551312,5.099999999999999,0.0,0.0,-0.0
202.69747123089047,-47.95560589509697,5.1,0.0,0.0,-0.0
202.71114676298905,-47.95964360765912,5.1,0.0,0.0,-0.0
202.72483073306148,-47.96367206462499,5.1000000000000005,0.0,0.0,-0.0
202.73852314112764,-47.9676912573885,5.1,0.0,0.0,-0.0
202.75222398721496,-47.97170117731036,5.099999999999999,0.0,0.0,-0.0
202.76593327135953,-47.97570181571635,5.1,0.0,0.0,-0.0
202.77965099360753,-47.97969316389563,5.1000000000000005,0.0,0.0,-0.0
202.7933771540165,-47.98367521309905,5.1000000000000005,0.0,0.0,-0.0
202.80711175265677,-47.98764795453743,5.100000000000001,0.0,0.0,-0.0
202.82085478961272,-47.99161137937985,5.1000000000000005,0.0,0.0,-0.0
202.8346062649841,-47.99556547875193,5.1000000000000005,0.0,0.0,-0.0
202.84836617888737,-47.99951024373418,5.1000000000000005,0.0,0.0,-0.0
202.86213453145706,-48.00344566536021,5.100000000000001,0.0,0.0,-0.0
202.87591132284712,-48.0073717346151,5.1,0.0,0.0,-0.0
202.88969655323197,-48.01128844243359,5.100000000000001,0.0,0.0,-0.0
202.90349022280827,-48.01519577969849,5.100000000000001,0.0,0.0,-0.0
202.9172923317958,-48.019093737238855,5.1000000000000005,0.0,0.0,-0.0
202.93110288043906,-48.022982305828336,5.1000000000000005,0.0,0.0,-0.0
202.94492186900845,-48.026861476183456,5.100000000000001,0.0,0.0,-0.0
202.9587492978016,-48.03073123896185,5.100000000000002,0.0,0.0,-0.0
202.97258516714462,-48.03459158476061,5.100000000000001,0.0,0.0,-0.0
202.98642947739356,-48.03844250411454,5.1000000000000005,0.0,0.0,-0.0
203.00028222893548,-48.04228398749443,5.1000000000000005,0.0,0.0,-0.0
203.01414342219002,-48.04611602530531,5.100000000000001,0.0,0.0,-0.0
203.0280130576104,-48.0499386078848,5.1000000000000005,0.0,0.0,-0.0
203.04189113568498,-48.053751725501314,5.100000000000001,0.0,0.0,-0.0
203.05577765693832,-48.057555368352396,5.100000000000001,0.0,0.0,-0.0
203.06967262193265,-48.06134952656294,5.1,0.0,0.0,-0.0
203.08357603126905,-48.06513419018352,5.100000000000001,0.0,0.0,-0.0
203.09748788558875,-48.06890934918861,5.1000000000000005,0.0,0.0,-0.0
203.11140818557442,-48.07267499347488,5.1000000000000005,0.0,0.0,-0.0
203.12533693195147,-48.07643111285949,5.1000000000000005,0.0,0.0,-0.0
203.1392741254893,-48.08017769707833,5.1000000000000005,0.0,0.0,-0.0
203.15321976700247,-48.08391473578428,5.1000000000000005,0.0,0.0,-0.0
203.1671738573522,-48.08764221854554,5.1000000000000005,0.0,0.0,-0.0
203.1811363974475,-48.09136013484382,5.100000000000001,0.0,0.0,-0.0
203.1951073882463,-48.09506847407262,5.1000000000000005,0.0,0.0,-0.0
203.209086830757,-48.09876722553556,5.1000000000000005,0.0,0.0,-0.0
203.2230747260395,-48.102456378444586,5.1000000000000005,0.0,0.0,-0.0
203.2370710752066,-48.10613592191824,5.100000000000001,0.0,0.0,-0.0
203.25107587942506,-48.10980584497992,5.100000000000001,0.0,0.0,-0.0
203.26508913991714,-48.11346613655615,5.100000000000001,0.0,0.0,-0.0
203.27911085796154,-48.11711678547486,5.100000000000002,0.0,0.0,-0.0
203.29314103489492,-48.12075778046361,5.100000000000002,0.0,0.0,-0.0
203.3071796721129,-48.124389110147874,5.100000000000001,0.0,0.0,-0.0
203.32122677107148,-48.12801076304924,5.100000000000001,0.0,0.0,-0.0
203.33528233328815,-48.131622727583775,5.100000000000001,0.0,0.0,-0.0
203.3493463603433,-48.135224992060174,5.100000000000001,0.0,0.0,-0.0
203.36341885388117,-48.13881754467806,5.100000000000002,0.0,0.0,-0.0
203.3774998156114,-48.14240037352624,5.100000000000001,0.0,0.0,-0.0
203.39158924730998,-48.145973466580955,5.100000000000001,0.0,0.0,-0.0
203.40568715082065,-48.149536811704124,5.100000000000002,0.0,0.0,-0.0
203.41979352805603,-48.153090396641545,5.100000000000002,0.0,0.0,-0.0
203.43390838099893,-48.15663420902128,5.100000000000002,0.0,0.0,-0.0
203.4480317117034,-48.16016823635173,5.100000000000001,0.0,0.0,-0.0
203.46216352229612,-48.16369246602002,5.100000000000002,0.0,0.0,-0.0
203.4763038149775,-48.16720688529018,5.1000000000000005,0.0,0.0,-0.0
203.490452592023,-48.17071148130139,5.100000000000002,0.0,0.0,-0.0
203.50460985578408,-48.17420624106622,5.100000000000002,0.0,0.0,-0.0
203.51877560868974,-48.17769115146892,5.100000000000001,0.0,0.0,-0.0
203.5329498532474,-48.1811661992636,5.100000000000001,0.0,0.0,-0.0
203.54713259204436,-48.1846313710725,5.100000000000002,0.0,0.0,-0.0
203.56132382774882,-48.18808665338425,5.100000000000001,0.0,0.0,-0.0
203.57552356311112,-48.19153203255205,5.100000000000001,0.0,0.0,-0.0
203.58973180096487,-48.194967494791946,5.100000000000002,0.0,0.0,-0.0
203.60394854422833,-48.198393026181094,5.100000000000001,0.0,0.0,-0.0
203.61817379590528,-48.20180861265591,5.100000000000002,0.0,0.0,-0.0
203.6324075590864,-48.2052142400104,5.100000000000001,0.0,0.0,-0.0
203.6466498369505,-48.20860989389431,5.100000000000002,0.0,0.0,-0.0
203.6609006327655,-48.211995559811434,5.100000000000003,0.0,0.0,-0.0
203.67515994988966,-48.21537122311778,5.100000000000002,0.0,0.0,-0.0
203.68942779177286,-48.21873686901982,5.100000000000002,0.0,0.0,-0.0
203.70370416195755,-48.222092482572755,5.100000000000002,0.0,0.0,-0.0
203.71798906408014,-48.22543804867869,5.100000000000002,0.0,0.0,-0.0
203.732282501872,-48.22877355208488,5.100000000000002,0.0,0.0,-0.0
203.74658447916065,-48.23209897738194,5.100000000000002,0.0,0.0,-0.0
203.76089499987086,-48.23541430900214,5.100000000000002,0.0,0.0,-0.0
203.77521406802586,-48.23871953121753,5.100000000000002,0.0,0.0,-0.0
203.78954168774854,-48.24201462813821,5.100000000000002,0.0,0.0,-0.0
203.80387786326241,-48.24529958371057,5.100000000000002,0.0,0.0,-0.0
203.8182225988929,-48.24857438171545,5.100000000000002,0.0,0.0,-0.0
203.8325758990684,-48.251839005766435,5.100000000000002,0.0,0.0,-0.0
203.8469377683213,-48.25509343930803,5.100000000000002,0.0,0.0,-0.0
203.86130821128947,-48.25833766561384,5.100000000000002,0.0,0.0,-0.0
203.8756872327169,-48.26157166778487,5.100000000000002,0.0,0.0,-0.0
203.8900748374552,-48.26479542874768,5.100000000000003,0.0,0.0,-0.0
203.9044710304645,-48.2680089312526,5.100000000000003,0.0,0.0,-0.0
203.9188758168146,-48.27121215787199,5.100000000000002,0.0,0.0,-0.0
203.93328920168625,-48.2744050909984,5.100000000000002,0.0,0.0,-0.0
203.94771119037193,-48.277587712842774,5.100000000000002,0.0,0.0,-0.0
203.96214178827728,-48.280760005432725,5.100000000000002,0.0,0.0,-0.0
203.97658100092187,-48.28392195061068,5.100000000000002,0.0,0.0,-0.0
203.9910288339407,-48.28707353003212,5.100000000000003,0.0,0.0,-0.0
204.0054852930849,-48.29021472516375,5.100000000000003,0.0,0.0,-0.0
204.019950384223,-48.293345517281736,5.100000000000004,0.0,0.0,-0.0
204.03442411334203,-48.296465887469935,5.100000000000003,0.0,0.0,-0.0
204.04890648654856,-48.299575816618024,5.100000000000003,0.0,0.0,-0.0
204.06339751006973,-48.302675285419745,5.100000000000003,0.0,0.0,-0.0
204.0778971902544,-48.305764274371136,5.100000000000002,0.0,0.0,-0.0
204.09240553357424,-48.30884276376866,5.100000000000004,0.0,0.0,-0.0
204.10692254662462,-48.31191073370744,5.100000000000003,0.0,0.0,-0.0
204.1214482361259,-48.31496816407948,5.100000000000003,0.0,0.0,-0.0
204.1359826089244,-48.31801503457183,5.100000000000003,0.0,0.0,-0.0
204.15052567199328,-48.32105132466475,5.100000000000003,0.0,0.0,-0.0
204.16507743243397,-48.32407701363,5.100000000000003,0.0,0.0,-0.0
204.17963789747682,-48.327092080528956,5.100000000000002,0.0,0.0,-0.0
204.19420707448242,-48.330096504210786,5.100000000000003,0.0,0.0,-0.0
204.2087849709425,-48.33309026331073,5.100000000000002,0.0,0.0,-0.0
204.22337159448094,-48.336073336248184,5.100000000000003,0.0,0.0,-0.0
204.23796695285503,-48.33904570122498,5.100000000000003,0.0,0.0,-0.0
204.25257105395622,-48.342007336223496,5.100000000000003,0.0,0.0,-0.0
204.26718390581124,-48.34495821900491,5.100000000000003,0.0,0.0,-0.0
204.2818055165832,-48.347898327107345,5.100000000000003,0.0,0.0,-0.0
204.2964358945725,-48.35082763784405,5.100000000000003,0.0,0.0,-0.0
204.31107504821802,-48.3537461283016,5.100000000000002,0.0,0.0,-0.0
204.32572298609782,-48.3566537753381,5.100000000000004,0.0,0.0,-0.0
204.34037971693039,-48.35955055558131,5.100000000000005,0.0,0.0,-0.0
204.35504524957568,-48.36243644542684,5.100000000000005,0.0,0.0,-0.0
204.36971959303582,-48.365311421036395,5.100000000000005,0.0,0.0,-0.0
204.38440275645655,-48.368175458335855,5.100000000000004,0.0,0.0,-0.0
204.3990947491277,-48.37102853301351,5.100000000000004,0.0,0.0,-0.0
204.4137955804846,-48.373870620518204,5.100000000000004,0.0,0.0,-0.0
204.4285052601088,-48.37670169605756,5.100000000000004,0.0,0.0,-0.0
204.44322379772927,-48.37952173459612,5.100000000000004,0.0,0.0,-0.0
204.4579512032231,-48.38233071085347,5.100000000000004,0.0,0.0,-0.0
204.47268748661673,-48.38512859930251,5.100000000000004,0.0,0.0,-0.0
204.48743265808673,-48.387915374167555,5.100000000000004,0.0,0.0,-0.0
204.50218672796083,-48.39069100942248,5.100000000000005,0.0,0.0,-0.0
204.516949706719,-48.393455478789015,5.100000000000004,0.0,0.0,-0.0
204.5317216049941,-48.39620875573472,5.100000000000005,0.0,0.0,-0.0
204.54650243357315,-48.39895081347133,5.100000000000004,0.0,0.0,-0.0
204.56129220339812,-48.40168162495283,5.100000000000004,0.0,0.0,-0.0
204.57609092556683,-48.404401162873604,5.100000000000005,0.0,0.0,-0.0
204.590898611334,-48.407109399666645,5.100000000000004,0.0,0.0,-0.0
204.60571527211218,-48.40980630750171,5.100000000000005,0.0,0.0,-0.0
204.62054091947246,-48.412491858283424,5.100000000000004,0.0,0.0,-0.0
204.63537556514575,-48.41516602364951,5.100000000000004,0.0,0.0,-0.0
204.65021922102335,-48.41782877496891,5.100000000000004,0.0,0.0,-0.0
204.66507189915814,-48.42048008333996,5.100000000000006,0.0,0.0,-0.0
204.67993361176534,-48.42311991958851,5.100000000000005,0.0,0.0,-0.0
204.69480437122346,-48.425748254266104,5.100000000000005,0.0,0.0,-0.0
204.70968419007517,-48.428365057648136,5.100000000000006,0.0,0.0,-0.0
204.72457308102824,-48.43097029973202,5.100000000000006,0.0,0.0,-0.0
204.73947105695646,-48.433563950235275,5.100000000000005,0.0,0.0,-0.0
204.7543781309004,-48.436145978593736,5.100000000000005,0.0,0.0,-0.0
204.76929431606845,-48.43871635395968,5.100000000000005,0.0,0.0,-0.0
204.78421962583758,-48.44127504519998,5.100000000000005,0.0,0.0,-0.0
204.79915407375438,-48.44382202089427,5.100000000000005,0.0,0.0,-0.0
204.81409767353568,-48.446357249333,5.100000000000005,0.0,0.0,-0.0
204.82905043906965,-48.44888069851571,5.100000000000005,0.0,0.0,-0.0
204.84401238441646,-48.4513923361491,5.100000000000005,0.0,0.0,-0.0
204.8589835238094,-48.45389212964515,5.100000000000005,0.0,0.0,-0.0
204.87396387165546,-48.45638004611934,5.100000000000005,0.0,0.0,-0.0
204.88895344253635,-48.458856052388704,5.100000000000004,0.0,0.0,-0.0
204.90395225120926,-48.46132011497003,5.100000000000005,0.0,0.0,-0.0
204.9189603126078,-48.46377220007794,5.100000000000005,0.0,0.0,-0.0
204.93397764184266,-48.466212273623114,5.100000000000005,0.0,0.0,-0.0
204.9490042542026,-48.468640301210314,5.100000000000005,0.0,0.0,-0.0
204.96404016515527,-48.47105624813662,5.100000000000005,0.0,0.0,-0.0
204.97908539034788,-48.47346007938949,5.100000000000005,0.0,0.0,-0.0
204.99413994560814,-48.47585175964491,5.100000000000005,0.0,0.0,-0.0
205.00920384694516,-48.478231253265584,5.100000000000005,0.0,0.0,-0.0
205.02427711054995,-48.48059852429895,5.100000000000007,0.0,0.0,-0.0
205.0393597527966,-48.48295353647539,5.100000000000006,0.0,0.0,-0.0
205.0544517902428,-48.48529625320637,5.100000000000006,0.0,0.0,-0.0
205.0695532396307,-48.48762663758249,5.100000000000005,0.0,0.0,-0.0
205.08466411788777,-48.48994465237166,5.100000000000006,0.0,0.0,-0.0
205.09978444212754,-48.49225026001724,5.100000000000005,0.0,0.0,-0.0
205.11491422965025,-48.49454342263611,5.100000000000007,0.0,0.0,-0.0
205.13005349794392,-48.49682410201684,5.100000000000006,0.0,0.0,-0.0
205.1452022646848,-48.49909225961776,5.100000000000006,0.0,0.0,-0.0
205.1603605477383,-48.501347856565125,5.100000000000007,0.0,0.0,-0.0
205.17552836515972,-48.503590853651225,5.100000000000007,0.0,0.0,-0.0
205.19070573519505,-48.505821211332474,5.100000000000006,0.0,0.0,-0.0
205.20589267628154,-48.50803888972755,5.100000000000005,0.0,0.0,-0.0
205.2210892070487,-48.5102438486155,5.100000000000006,0.0,0.0,-0.0
205.23629534631877,-48.512436047433866,5.100000000000005,0.0,0.0,-0.0
205.2515111131077,-48.51461544527676,5.100000000000006,0.0,0.0,-0.0
205.26673652662566,-48.51678200089303,5.100000000000007,0.0,0.0,-0.0
205.28197160627792,-48.51893567268432,5.100000000000007,0.0,0.0,-0.0
205.2972163716655,-48.52107641870322,5.100000000000007,0.0,0.0,-0.0
205.31247084258584,-48.52320419665132,5.100000000000008,0.0,0.0,-0.0
