galstreams/tracks/track.st.Hermus.grillmair2014.ecsv
# %ECSV 0.9
# ---
# datatype:
# - {name: ra, unit: deg, datatype: float64}
# - {name: dec, unit: deg, datatype: float64}
# - {name: distance, unit: kpc, datatype: float64}
# - {name: pm_ra_cosdec, unit: mas / yr, datatype: float64}
# - {name: pm_dec, unit: mas / yr, datatype: float64}
# - {name: radial_velocity, unit: km / s, datatype: float64}
# delimiter: ','
# meta: !!omap
# - __serialized_columns__:
#     dec:
#       __class__: astropy.coordinates.angles.Latitude
#       unit: &id001 !astropy.units.Unit {unit: deg}
#       value: !astropy.table.SerializedColumn {name: dec}
#     distance:
#       __class__: astropy.coordinates.distances.Distance
#       unit: !astropy.units.Unit {unit: kpc}
#       value: !astropy.table.SerializedColumn {name: distance}
#     pm_dec:
#       __class__: astropy.units.quantity.Quantity
#       unit: !astropy.units.Unit {unit: mas / yr}
#       value: !astropy.table.SerializedColumn {name: pm_dec}
#     pm_ra_cosdec:
#       __class__: astropy.units.quantity.Quantity
#       unit: !astropy.units.Unit {unit: mas / yr}
#       value: !astropy.table.SerializedColumn {name: pm_ra_cosdec}
#     ra:
#       __class__: astropy.coordinates.angles.Longitude
#       unit: *id001
#       value: !astropy.table.SerializedColumn {name: ra}
#       wrap_angle: !astropy.coordinates.Angle
#         unit: *id001
#         value: 360.0
#     radial_velocity:
#       __class__: astropy.units.quantity.Quantity
#       unit: !astropy.units.Unit {unit: km / s}
#       value: !astropy.table.SerializedColumn {name: radial_velocity}
# schema: astropy-2.0
ra,dec,distance,pm_ra_cosdec,pm_dec,radial_velocity
[from data line 476]
245.44426596933562,9.766616438114653,19.11874978257767,0.0,0.0,0.0
245.44227855585314,9.776697990613096,19.119128297367737,0.0,0.0,0.0
245.4402852394868,9.786779777805094,19.119507873488516,0.0,0.0,0.0
245.43828603555494,9.796861799255163,19.119888501712154,0.0,0.0,0.0
245.4362809593622,9.806944054526989,19.120270172791397,0.0,0.0,0.0
245.4342700261996,9.817026543183722,19.12065287746022,0.0,0.0,0.0
245.4322532513446,9.827109264787577,19.12103660643448,0.0,0.0,0.0
245.43023065006093,9.837192218900116,19.121421350412547,0.0,0.0,0.0
245.42820223759864,9.847275405082161,19.121807100076,0.0,0.0,0.0
245.4261680291941,9.857358822893834,19.122193846090198,0.0,0.0,0.0
245.42412804007003,9.867442471894499,19.12258157910498,0.0,0.0,0.0
245.42208228543552,9.877526351642844,19.12297028975523,0.0,0.0,0.0
245.4200307804859,9.887610461696825,19.12335996866157,0.0,0.0,0.0
245.41797354040276,9.897694801613683,19.123750606430924,0.0,0.0,0.0
245.41591058035405,9.907779370949989,19.12414219365716,0.0,0.0,0.0
245.41384191549406,9.91786416926152,19.124534720921705,0.0,0.0,0.0
245.41176756096323,9.927949196103556,19.124928178794146,0.0,0.0,0.0
245.40968753188835,9.938034451030509,19.125322557832824,0.0,0.0,0.0
245.40760184338257,9.948119933596152,19.12571784858544,0.0,0.0,0.0
245.40551051054499,9.958205643353583,19.126114041589677,0.0,0.0,0.0
245.4034135484613,9.96829157985523,19.12651112737375,0.0,0.0,0.0
245.4013109722033,9.978377742652837,19.12690909645698,0.0,0.0,0.0
245.39920279682906,9.988464131297462,19.127307939350445,0.0,0.0,0.0
245.39708903738273,9.998550745339525,19.127707646557493,0.0,0.0,0.0
245.39496970889493,10.008637584328774,19.128108208574325,0.0,0.0,0.0
245.3928448263824,10.018724647814294,19.128509615890593,0.0,0.0,0.0
245.39071440484796,10.028811935344514,19.12891185898994,0.0,0.0,0.0
245.38857845928086,10.038899446467163,19.129314928350556,0.0,0.0,0.0
245.38643700465641,10.048987180729489,19.129718814445756,0.0,0.0,0.0
245.38429005593622,10.059075137677933,19.130123507744504,0.0,0.0,0.0
245.38213762806794,10.069163316858354,19.130528998711988,0.0,0.0,0.0
245.3799797359855,10.079251717815962,19.130935277810142,0.0,0.0,0.0
245.37781639460906,10.089340340095372,19.131342335498204,0.0,0.0,0.0
245.37564761884477,10.099429183240535,19.131750162233224,0.0,0.0,0.0
245.37347342358518,10.109518246794785,19.132158748470612,0.0,0.0,0.0
245.37129382370875,10.119607530300872,19.132568084664687,0.0,0.0,0.0
245.3691088340804,10.1296970333009,19.132978161269147,0.0,0.0,0.0
245.3669184695509,10.139786755336363,19.13338896873764,0.0,0.0,0.0
245.36472274495736,10.149876695948121,19.133800497524234,0.0,0.0,0.0
245.36252167512282,10.159966854676574,19.134212738083974,0.0,0.0,0.0
245.36031527485667,10.170057231061355,19.13462568087333,0.0,0.0,0.0
245.3581035589544,10.180147824641585,19.13503931635077,0.0,0.0,0.0
245.35588654219742,10.190238634955769,19.135453634977196,0.0,0.0,0.0
245.35366423935346,10.200329661541838,19.135868627216475,0.0,0.0,0.0
245.35143666517635,10.210420903937148,19.13628428353591,0.0,0.0,0.0
245.34920383440584,10.220512361678463,19.136700594406747,0.0,0.0,0.0
245.34696576176796,10.23060403430199,19.13711755030463,0.0,0.0,0.0
245.34472246197475,10.240695921343343,19.13753514171011,0.0,0.0,0.0
245.3424739497244,10.250788022337602,19.13795335910909,0.0,0.0,0.0
245.34022023970107,10.26088033681925,19.138372192993334,0.0,0.0,0.0
245.33796134657513,10.270972864322259,19.138791633860887,0.0,0.0,0.0
245.3356972850029,10.281065604379936,19.13921167221658,0.0,0.0,0.0
245.33342806962685,10.291158556525259,19.13963229857247,0.0,0.0,0.0
245.33115371507552,10.301251720290447,19.140053503448286,0.0,0.0,0.0
245.3288742359634,10.311345095207288,19.14047527737191,0.0,0.0,0.0
245.32658964689122,10.321438680806976,19.1408976108798,0.0,0.0,0.0
245.32429996244545,10.331532476620204,19.141320494517434,0.0,0.0,0.0
245.32200519719893,10.341626482177139,19.14174391883978,0.0,0.0,0.0
245.3197053657104,10.351720697007405,19.142167874411687,0.0,0.0,0.0
245.31740048252456,10.361815120640117,19.14259235180836,0.0,0.0,0.0
245.31509056217223,10.37190975260387,19.143017341615785,0.0,0.0,0.0
245.31277561917025,10.382004592426748,19.14344283443111,0.0,0.0,0.0
245.3104556680214,10.392099639636266,19.143868820863116,0.0,0.0,0.0
245.30813072321462,10.402194893759608,19.14429529153263,0.0,0.0,0.0
245.30580079922467,10.412290354323288,19.144722237072912,0.0,0.0,0.0
245.30346591051244,10.422386020853372,19.1451496481301,0.0,0.0,0.0
245.30112607152486,10.432481892875444,19.145577515363577,0.0,0.0,0.0
245.2987812966947,10.442577969914595,19.14600582944642,0.0,0.0,0.0
245.2964316004408,10.452674251495422,19.146434581065773,0.0,0.0,0.0
245.2940769971681,10.46277073714206,19.146863760923257,0.0,0.0,0.0
245.29171750126727,10.47286742637815,19.147293359735343,0.0,0.0,0.0
245.28935312711525,10.482964318726875,19.147723368233763,0.0,0.0,0.0
245.28698388907466,10.493061413710938,19.14815377716588,0.0,0.0,0.0
245.28460980149438,10.503158710852581,19.148584577295118,0.0,0.0,0.0
245.28223087870902,10.513256209673576,19.149015759401237,0.0,0.0,0.0
245.27984713503926,10.52335390969521,19.149447314280835,0.0,0.0,0.0
245.27745858479173,10.533451810438464,19.149879232747626,0.0,0.0,0.0
245.275065242259,10.543549911423689,19.15031150563286,0.0,0.0,0.0
245.27266712171962,10.553648212170888,19.150744123785664,0.0,0.0,0.0
245.270264237438,10.563746712199583,19.151177078073413,0.0,0.0,0.0
245.26785660366463,10.573845411028882,19.15161035938209,0.0,0.0,0.0
245.26544423463585,10.583944308177452,19.152043958616645,0.0,0.0,0.0
245.26302714457387,10.594043403163536,19.15247786670132,0.0,0.0,0.0
245.26060534768698,10.604142695504937,19.152912074580055,0.0,0.0,0.0
245.25817885816926,10.614242184719071,19.153346573216755,0.0,0.0,0.0
245.25574769020085,10.624341870322906,19.153781353595708,0.0,0.0,0.0
245.2533118579477,10.634441751832949,19.15421640672188,0.0,0.0,0.0
245.2508713755617,10.644541828765469,19.15465172362124,0.0,0.0,0.0
245.24842625718065,10.654642100636165,19.15508729534115,0.0,0.0,0.0
245.2459765169283,10.664742566960385,19.155523112950625,0.0,0.0,0.0
245.24352216891432,10.674843227253085,19.15595916754071,0.0,0.0,0.0
245.24106322723415,10.684944081028831,19.15639545022477,0.0,0.0,0.0
245.2385997059693,10.695045127801778,19.156831952138827,0.0,0.0,0.0
245.23613161918703,10.705146367085735,19.157268664441883,0.0,0.0,0.0
245.23365898094065,10.715247798394097,19.157705578316182,0.0,0.0,0.0
245.23118180526913,10.725349421239885,19.158142684967604,0.0,0.0,0.0
245.22870010619766,10.735451235135768,19.158579975625905,0.0,0.0,0.0
245.22621389773698,10.745553239594042,19.159017441545032,0.0,0.0,0.0
245.2237231938838,10.755655434126533,19.159455074003446,0.0,0.0,0.0
245.22122800862093,10.765757818244944,19.159892864304407,0.0,0.0,0.0
245.2187283559167,10.775860391460416,19.16033080377626,0.0,0.0,0.0
245.2162242497256,10.785963153283786,19.16076888377272,0.0,0.0,0.0
245.21371570398787,10.796066103225572,19.161207095673205,0.0,0.0,0.0
245.2112027326296,10.806169240795912,19.161645430883052,0.0,0.0,0.0
245.20868534956284,10.816272565504624,19.16208388083386,0.0,0.0,0.0
245.2061635686853,10.826376076861182,19.162522436983725,0.0,0.0,0.0
245.2036374038807,10.83647977437472,19.162961090817547,0.0,0.0,0.0
245.20110686901864,10.846583657554053,19.16339983384728,0.0,0.0,0.0
245.1985719779545,10.85668772590766,19.163838657612228,0.0,0.0,0.0
245.1960327445296,10.866791978943658,19.16427755367926,0.0,0.0,0.0
245.19348918257091,10.876896416169986,19.164716513643153,0.0,0.0,0.0
245.19094130589139,10.887001037094132,19.165155529126768,0.0,0.0,0.0
245.1883891282899,10.897105841223294,19.165594591781385,0.0,0.0,0.0
245.1858326635511,10.907210828064407,19.166033693286884,0.0,0.0,0.0
245.18327192544527,10.917315997124067,19.166472825352063,0.0,0.0,0.0
245.18070692772883,10.92742134790858,19.166911979714847,0.0,0.0,0.0
245.17813768414382,10.937526879923977,19.167351148142547,0.0,0.0,0.0
245.17556420841828,10.947632592675957,19.167790322432083,0.0,0.0,0.0
245.17298651426594,10.957738485669976,19.168229494410284,0.0,0.0,0.0
245.1704046153864,10.96784455841119,19.168668655934052,0.0,0.0,0.0
245.16781852546512,10.977950810404455,19.16910779889064,0.0,0.0,0.0
245.16522825817327,10.98805724115438,19.169546915197856,0.0,0.0,0.0
245.16263382716804,10.998163850165229,19.16998599680436,0.0,0.0,0.0
245.16003524609226,11.008270636941178,19.170425035689785,0.0,0.0,0.0
245.15743252857453,11.01837760098596,19.170864023865047,0.0,0.0,0.0
245.15482568822958,11.028484741803117,19.171302953372514,0.0,0.0,0.0
245.15221473865748,11.038592058895913,19.171741816286264,0.0,0.0,0.0
245.14959969344451,11.04869955176739,19.172180604712285,0.0,0.0,0.0
245.1469805661626,11.05880721992031,19.172619310788658,0.0,0.0,0.0
245.14435737036945,11.068915062857203,19.173057926685814,0.0,0.0,0.0
245.14173011960858,11.079023080080367,19.17349644460673,0.0,0.0,0.0
245.1390988274095,11.089131271091839,19.173934856787096,0.0,0.0,0.0
245.13646350728712,11.099239635393456,19.174373155495555,0.0,0.0,0.0
245.13382417274258,11.109348172486744,19.174811333033905,0.0,0.0,0.0
245.1311808372625,11.11945688187318,19.175249381737267,0.0,0.0,0.0
245.12853351431946,11.129565763053833,19.17568729397431,0.0,0.0,0.0
245.1258822173718,11.139674815529649,19.17612506214742,0.0,0.0,0.0
245.12322695986362,11.149784038801323,19.176562678692886,0.0,0.0,0.0
245.1205677552249,11.159893432369351,19.177000136081112,0.0,0.0,0.0
245.11790461687124,11.170002995734029,19.177437426816773,0.0,0.0,0.0
245.11523755820423,11.180112728395443,19.17787454343903,0.0,0.0,0.0
245.11256659261102,11.190222629853471,19.178311478521657,0.0,0.0,0.0
245.1098917334648,11.200332699607815,19.17874822467326,0.0,0.0,0.0
245.1072129941243,11.210442937157971,19.17918477453744,0.0,0.0,0.0
245.10453038793426,11.220553342003255,19.179621120792962,0.0,0.0,0.0
245.10184392822498,11.230663913642786,19.1800572561539,0.0,0.0,0.0
245.09915362831273,11.240774651575459,19.180493173369864,0.0,0.0,0.0
245.09645950149948,11.250885555300151,19.180928865226097,0.0,0.0,0.0
245.0937615610729,11.260996624315409,19.181364324543658,0.0,0.0,0.0
245.09105982030653,11.271107858119652,19.18179954417961,0.0,0.0,0.0
245.0883542924597,11.28121925621115,19.18223451702714,0.0,0.0,0.0
245.08564499077755,11.291330818087994,19.18266923601572,0.0,0.0,0.0
245.08293192849075,11.301442543248129,19.183103694111274,0.0,0.0,0.0
245.08021511881603,11.311554431189343,19.183537884316298,0.0,0.0,0.0
245.07749457495578,11.321666481409258,19.18397179967005,0.0,0.0,0.0
245.07477031009813,11.331778693405377,19.184405433248646,0.0,0.0,0.0
245.072042337417,11.341891066674977,19.184838778165226,0.0,0.0,0.0
245.06931067007218,11.352003600715383,19.18527182757011,0.0,0.0,0.0
245.06657532120903,11.362116295023597,19.185704574650895,0.0,0.0,0.0
245.06383630395882,11.372229149096563,19.18613701263262,0.0,0.0,0.0
245.06109363143858,11.38234216243109,19.186569134777898,0.0,0.0,0.0
245.05834731675105,11.39245533452385,19.187000934387015,0.0,0.0,0.0
245.0555973729848,11.402568664871408,19.187432404798102,0.0,0.0,0.0
245.05284381321414,11.412682152970202,19.187863539387227,0.0,0.0,0.0
245.0500866504991,11.422795798316576,19.188294331568528,0.0,0.0,0.0
245.04732589788551,11.432909600406724,19.18872477479435,0.0,0.0,0.0
245.04456156840504,11.443023558736769,19.189154862555338,0.0,0.0,0.0
245.04179367507498,11.45313767280272,19.18958458838055,0.0,0.0,0.0
245.03902223089847,11.46325194210047,19.190013945837613,0.0,0.0,0.0
245.03624724886438,11.473366366125797,19.190442928532804,0.0,0.0,0.0
245.0334687419474,11.483480944374524,19.190871530111142,0.0,0.0,0.0
245.0306867231079,11.493595676342212,19.191299744256543,0.0,0.0,0.0
245.02790120529207,11.50371056152442,19.19172756469188,0.0,0.0,0.0
245.02511220143188,11.513825599416604,19.192154985179123,0.0,0.0,0.0
245.02231972444503,11.523940789514162,19.19258199951941,0.0,0.0,0.0
245.0195237872349,11.534056131312395,19.19300860155316,0.0,0.0,0.0
245.01672440269084,11.544171624306538,19.193434785160175,0.0,0.0,0.0
245.01392158368773,11.554287267991775,19.19386054425972,0.0,0.0,0.0
245.01111534308632,11.564403061863207,19.194285872810646,0.0,0.0,0.0
245.00830569373318,11.574519005415892,19.194710764811433,0.0,0.0,0.0
245.00549264846052,11.584635098144753,19.19513521430031,0.0,0.0,0.0
245.00267622008636,11.594751339544855,19.19555921535535,0.0,0.0,0.0
244.99985642141462,11.604867729111032,19.19598276209452,0.0,0.0,0.0
244.99703326523468,11.614984266338114,19.196405848675795,0.0,0.0,0.0
244.99420676432197,11.625100950720906,19.196828469297227,0.0,0.0,0.0
244.99137693143751,11.635217781754191,19.197250618197014,0.0,0.0,0.0
244.98854377932815,11.645334758932671,19.197672289653596,0.0,0.0,0.0
244.98570732072656,11.655451881751056,19.1980934779857,0.0,0.0,0.0
244.98286756835103,11.665569149704007,19.198514177552468,0.0,0.0,0.0
244.9800245349057,11.675686562286172,19.198934382753418,0.0,0.0,0.0
244.97717823308048,11.685804118992168,19.19935408802866,0.0,0.0,0.0
244.97432867555102,11.695921819316599,19.19977328785885,0.0,0.0,0.0
244.97147587497878,11.706039662754057,19.200191976765286,0.0,0.0,0.0
244.96861984401085,11.716157648799054,19.200610149309977,0.0,0.0,0.0
244.9657605952803,11.726275776946283,19.2010278000957,0.0,0.0,0.0
244.96289814140576,11.736394046690256,19.201444923766072,0.0,0.0,0.0
244.96003249499182,11.74651245752553,19.20186151500559,0.0,0.0,0.0
244.95716366862865,11.756631008946682,19.202277568539664,0.0,0.0,0.0
244.95429167489226,11.76674970044828,19.202693079134733,0.0,0.0,0.0
244.95141652634453,11.776868531524919,19.20310804159825,0.0,0.0,0.0
244.9485382355329,11.78698750167119,19.203522450778756,0.0,0.0,0.0
244.94565681499077,11.797106610381723,19.203936301565957,0.0,0.0,0.0
244.9427722772373,11.807225857151124,19.20434958889072,0.0,0.0,0.0
244.93988463477723,11.817345241474083,19.204762307725154,0.0,0.0,0.0
244.93699390010127,11.827464762845207,19.205174453082616,0.0,0.0,0.0
244.93410008568588,11.837584420759338,19.2055860200178,0.0,0.0,0.0
244.93120320399322,11.847704214711177,19.205997003626713,0.0,0.0,0.0
244.92830326747122,11.857824144195494,19.206407399046775,0.0,0.0,0.0
244.92540028855373,11.867944208707133,19.206817201456804,0.0,0.0,0.0
244.92249427966013,11.878064407740952,19.207226406077076,0.0,0.0,0.0
244.91958525319586,11.88818474079188,19.207635008169355,0.0,0.0,0.0
244.91667322155186,11.898305207354877,19.208043003036895,0.0,0.0,0.0
244.91375819710512,11.908425806924985,19.208450386024506,0.0,0.0,0.0
244.91084019221822,11.918546538997262,19.208857152518558,0.0,0.0,0.0
244.90791921923957,11.928667403066866,19.20926329794701,0.0,0.0,0.0
244.90499529050342,11.938788398628992,19.20966881777941,0.0,0.0,0.0
244.90206841832972,11.948909525178866,19.210073707526977,0.0,0.0,0.0
244.8991386150243,11.95903078221195,19.210477962742537,0.0,0.0,0.0
244.89620589287867,11.969152169223591,19.21088157902062,0.0,0.0,0.0
244.89327026417024,11.979273685709291,19.211284551997412,0.0,0.0,0.0
244.89033174116216,11.989395331164625,19.211686877350807,0.0,0.0,0.0
244.8873903361033,11.999517105085248,19.212088550800395,0.0,0.0,0.0
244.88444606122843,12.00963900696692,19.212489568107518,0.0,0.0,0.0
244.8814989287581,12.01976103630547,19.212889925075203,0.0,0.0,0.0
244.87854895089862,12.029883192596822,19.21328961754824,0.0,0.0,0.0
244.87559613984203,12.040005475337026,19.213688641413167,0.0,0.0,0.0
244.8726405077664,12.050127884022178,19.214086992598236,0.0,0.0,0.0
244.86968206683537,12.06025041814854,19.214484667073478,0.0,0.0,0.0
244.86672082919844,12.070373077212384,19.214881660850665,0.0,0.0,0.0
244.86375680699092,12.080495860710258,19.21527796998332,0.0,0.0,0.0
244.86079001233404,12.090618768138684,19.215673590566695,0.0,0.0,0.0
244.8578204573346,12.100741798994335,19.21606851873781,0.0,0.0,0.0
244.85484815408552,12.110864952774005,19.21646275067542,0.0,0.0,0.0
244.85187311466518,12.120988228974623,19.216856282599984,0.0,0.0,0.0
