galstreams/tracks/track.st.C-4.ibata2020.ecsv
# %ECSV 0.9
# ---
# datatype:
# - {name: ra, unit: deg, datatype: float64}
# - {name: dec, unit: deg, datatype: float64}
# - {name: distance, unit: kpc, datatype: float64}
# - {name: pm_ra_cosdec, unit: mas / yr, datatype: float64}
# - {name: pm_dec, unit: mas / yr, datatype: float64}
# - {name: radial_velocity, unit: km / s, datatype: float64}
# delimiter: ','
# meta: !!omap
# - __serialized_columns__:
#     dec:
#       __class__: astropy.coordinates.angles.Latitude
#       unit: &id001 !astropy.units.Unit {unit: deg}
#       value: !astropy.table.SerializedColumn {name: dec}
#     distance:
#       __class__: astropy.coordinates.distances.Distance
#       unit: !astropy.units.Unit {unit: kpc}
#       value: !astropy.table.SerializedColumn {name: distance}
#     pm_dec:
#       __class__: astropy.units.quantity.Quantity
#       unit: !astropy.units.Unit {unit: mas / yr}
#       value: !astropy.table.SerializedColumn {name: pm_dec}
#     pm_ra_cosdec:
#       __class__: astropy.units.quantity.Quantity
#       unit: !astropy.units.Unit {unit: mas / yr}
#       value: !astropy.table.SerializedColumn {name: pm_ra_cosdec}
#     ra:
#       __class__: astropy.coordinates.angles.Longitude
#       unit: *id001
#       value: !astropy.table.SerializedColumn {name: ra}
#       wrap_angle: !astropy.coordinates.Angle
#         unit: *id001
#         value: 360.0
#     radial_velocity:
#       __class__: astropy.units.quantity.Quantity
#       unit: !astropy.units.Unit {unit: km / s}
#       value: !astropy.table.SerializedColumn {name: radial_velocity}
# schema: astropy-2.0
ra,dec,distance,pm_ra_cosdec,pm_dec,radial_velocity
[from data line 139]
239.37530089871046,80.71072310276395,3.3259145486493624,-16.383458297728907,11.702556495251999,1.2631150694808506e-14
239.62376863988933,80.6558560876642,3.32125716478908,-16.367778250503655,11.801571608901673,2.947268495455318e-14
239.86902028685253,80.60077787364897,3.3166775517322864,-16.35226666023598,11.899746682927667,-2.1051917824680846e-14
240.11109127678083,80.5454910583231,3.3121773478437,-16.33692798703545,11.997088005657812,4.210383564936169e-15
240.3500166659431,80.48999819026437,3.30775819148804,-16.32176648169422,12.093601704413082,0.0
240.58583112660978,80.4343017697503,3.3034217210300243,-16.30678619245645,12.18929374503055,2.1051917824680846e-14
240.81856894448114,80.37840424947852,3.2991695748343726,-16.291990971588703,12.284169931586504,8.420767129872338e-15
241.04826401660256,80.3223080352807,3.295003391265802,-16.277384481753053,12.37823590630687,-1.6841534259744676e-14
241.27494984973683,80.266015486829,3.290924808689033,-16.262970202185922,12.471497149652633,3.368306851948935e-14
241.49865955916977,80.20952891833511,3.286935465468782,-16.24875143468455,12.563958980569005,5.4734986344170195e-14
241.71942586792093,80.15285059924119,3.2830369999697684,-16.234731309404495,12.655626556886778,8.420767129872338e-15
241.9372811063368,80.09598275490266,3.279231050556712,-16.220912790470894,12.74650487586567,-2.1051917824680846e-14
242.152257212043,80.03892756726222,3.275519255594329,-16.207298681406744,12.836598774869692,-1.2631150694808506e-14
242.3643857302325,79.98168717551509,3.2719032534473387,-16.193891630381426,12.925912932164739,8.420767129872338e-15
242.57369781426948,79.92426367676515,3.2683846824804608,-16.180694135283197,13.014451867829624,1.2631150694808506e-14
242.78022422658836,79.8666591266718,3.2649651810584133,-16.167708548618776,13.102219944771946,-2.947268495455318e-14
242.98399533986796,79.80887554008727,3.2616463875459134,-16.15493708224406,13.189221369840373,1.6841534259744676e-14
243.18504113846456,79.7509148916844,3.2584299403076824,-16.14238181192924,13.275460195026346,2.1051917824680846e-14
243.38339122008315,79.69277911657461,3.255317477708437,-16.13004468176247,13.360940318746959,-2.5262301389617013e-14
243.5790747976732,79.63447011091607,3.2523106381128954,-16.117927508395553,13.445665487202932,1.6841534259744676e-14
243.77212070153158,79.57598973251179,3.2494110598857766,-16.106031985135505,13.529639295804905,-4.210383564936169e-15
243.96255738159766,79.51733980139798,3.2466203813918,-16.09435968588591,13.61286519066163,-2.5262301389617013e-14
244.1504129099268,79.45852210042213,3.2439402409956832,-16.082912068941766,13.69534647012466,-1.2631150694808506e-14
244.33571498332844,79.39953837581112,3.241372277062144,-16.071690480641635,13.777086286383993,-2.5262301389617013e-14
244.51849092615547,79.34039033772927,3.238918127955902,-16.060696158880873,13.858087647109162,1.6841534259744676e-14
244.69876769323358,79.28107966082632,3.2365794320416774,-16.049930236489747,13.938353417131479,0.0
244.87657187291776,79.22160798477523,3.234357827684186,-16.039393744480186,14.017886320162336,3.368306851948935e-14
245.05192969026683,79.16197691480018,3.2322549532481473,-16.029087615164592,14.096688940543796,-8.420767129872338e-15
245.22486701032295,79.10218802219434,3.23027244709828,-16.019012685150855,14.174763725026873,8.420767129872338e-15
245.39540934148962,79.04224284482794,3.2284119475993025,-16.009169698216553,14.252112984574406,0.0
245.5635818389954,78.9821428876462,3.226675093115934,-15.999559308066527,14.32873889618426,-8.420767129872338e-15
245.72940930843737,78.92188962315778,3.2250635220128903,-15.990182080976735,14.404643504730233,8.420767129872338e-15
245.89291620939485,78.8614844919132,3.223578872654895,-15.98103849832815,14.479828724817022,0.0
246.05412665910487,78.80092890297375,3.2222227834066612,-15.972128959034189,14.554296342646769,0.0
246.2130644361939,78.74022423437097,3.2209968926329116,-15.963453781864445,14.628048017894223,0.0
246.36975298445682,78.67937183355643,3.2199028386983626,-15.955013207668664,14.70108528558809,3.368306851948935e-14
246.52421541667823,78.61837301784236,3.218942259967734,-15.946807401503552,14.773409557996358,1.6841534259744676e-14
246.67647451848902,78.55722907483297,3.2181167948057428,-15.93883645466582,14.845022126513188,2.5262301389617013e-14
246.82655275225255,78.49594126284667,3.217428081577108,-15.931100386634466,14.91592416354559,-1.6841534259744676e-14
246.97447226097512,78.4345108113292,3.2168777586465493,-15.923599146925264,14.986116724397748,0.0
247.12025487223602,78.37293892125807,3.216467464378785,-15.916332616860231,15.055600749151658,-2.5262301389617013e-14
247.26392210213126,78.31122676553797,3.2161988371385313,-15.909300611255066,15.124377064542049,0.0
247.40549515922774,78.24937548938773,3.21607351529051,-15.90250288002723,15.19244638582435,2.5262301389617013e-14
247.5449949485228,78.18738621071874,3.2160931371994375,-15.895939109727419,15.259809318634451,-8.420767129872338e-15
247.68244207540576,78.12526002050504,3.2162593412300335,-15.889608924996887,15.326466360838667,2.5262301389617013e-14
247.81785684961716,78.06299798314485,3.216573765747016,-15.883511889953423,15.392417904373188,8.420767129872338e-15
247.9512592892029,78.00060113681452,3.217038049115104,-15.877647509508227,15.457664237071567,8.420767129872338e-15
248.08266912445998,77.93807049381408,3.2176538296990147,-15.872015230616174,15.52220554447973,-3.368306851948935e-14
248.21210580186997,77.875407040905,3.2184227458634687,-15.866614443461966,15.586041911657144,3.368306851948935e-14
248.3395884880193,77.81261173964047,3.219346435973183,-15.861444482584098,15.649173324963929,1.6841534259744676e-14
248.46513607350153,77.74968552668783,3.2204265383928767,-15.856504627939234,15.711599673832687,8.420767129872338e-15
248.58876717680118,77.68662931414377,3.221664691487268,-15.851794105908908,15.773320752524885,1.6841534259744676e-14
248.71050014815552,77.62344398984209,3.2230625336210768,-15.847312090250732,15.83433626187075,2.5262301389617013e-14
248.83035307339344,77.56013041765434,3.2246217031590194,-15.843057702995992,15.894645810992786,0.0
248.94834377774822,77.49668943778349,3.2263438384658154,-15.839030015295908,15.954248919011754,1.6841534259744676e-14
249.06448982964378,77.4331218670506,3.228230577906184,-15.835228048218095,16.013145016735493,5.0524602779234026e-14
249.17880854445198,77.36942849917475,3.230283559844842,-15.83165077349527,16.071333448329636,-8.420767129872338e-15
249.29131698821968,77.30561010504645,3.2325044226465107,-15.828297114228066,16.128813472970272,-8.420767129872338e-15
249.40203198136456,77.24166743299439,3.234894804675908,-15.825165945543501,16.185584266478273,5.894536990910637e-14
249.51097010233795,77.17760120904586,3.2374563442977484,-15.822256095210893,16.241644922935155,-8.420767129872338e-15
249.6181476912542,77.11341213718113,3.240190679876757,-15.819566344216767,16.296994456279954,0.0
