galstreams/tracks/track.po.Sangarius.grillmair2017.ecsv
# %ECSV 0.9
# ---
# datatype:
# - {name: ra, unit: deg, datatype: float64}
# - {name: dec, unit: deg, datatype: float64}
# - {name: distance, unit: kpc, datatype: float64}
# - {name: pm_ra_cosdec, unit: mas / yr, datatype: float64}
# - {name: pm_dec, unit: mas / yr, datatype: float64}
# - {name: radial_velocity, unit: km / s, datatype: float64}
# delimiter: ','
# meta: !!omap
# - __serialized_columns__:
#     dec:
#       __class__: astropy.coordinates.angles.Latitude
#       unit: &id001 !astropy.units.Unit {unit: deg}
#       value: !astropy.table.SerializedColumn {name: dec}
#     distance:
#       __class__: astropy.coordinates.distances.Distance
#       unit: !astropy.units.Unit {unit: kpc}
#       value: !astropy.table.SerializedColumn {name: distance}
#     pm_dec:
#       __class__: astropy.units.quantity.Quantity
#       unit: !astropy.units.Unit {unit: mas / yr}
#       value: !astropy.table.SerializedColumn {name: pm_dec}
#     pm_ra_cosdec:
#       __class__: astropy.units.quantity.Quantity
#       unit: !astropy.units.Unit {unit: mas / yr}
#       value: !astropy.table.SerializedColumn {name: pm_ra_cosdec}
#     ra:
#       __class__: astropy.coordinates.angles.Longitude
#       unit: *id001
#       value: !astropy.table.SerializedColumn {name: ra}
#       wrap_angle: !astropy.coordinates.Angle
#         unit: *id001
#         value: 360.0
#     radial_velocity:
#       __class__: astropy.units.quantity.Quantity
#       unit: !astropy.units.Unit {unit: km / s}
#       value: !astropy.table.SerializedColumn {name: radial_velocity}
# schema: astropy-2.0
ra,dec,distance,pm_ra_cosdec,pm_dec,radial_velocity
[from data line 2891]
132.68684661426985,11.283907584553866,21.00000000000001,0.0,0.0,0.0
132.6863726286418,11.293898774618818,21.000000000000014,0.0,0.0,0.0
132.68589860999944,11.303889963930674,21.00000000000001,0.0,0.0,0.0
132.68542455831047,11.313881152488698,21.00000000000001,0.0,0.0,0.0
132.6849504735426,11.323872340292146,21.00000000000001,0.0,0.0,0.0
132.68447635566358,11.333863527340293,21.00000000000001,0.0,0.0,0.0
132.68400220464102,11.343854713632398,21.00000000000001,0.0,0.0,0.0
132.68352802044268,11.353845899167718,21.00000000000001,0.0,0.0,0.0
132.68305380303622,11.36383708394552,21.00000000000001,0.0,0.0,0.0
132.68257955238929,11.373828267965072,21.00000000000001,0.0,0.0,0.0
132.68210526846957,11.383819451225625,21.00000000000001,0.0,0.0,0.0
132.68163095124473,11.393810633726451,21.00000000000001,0.0,0.0,0.0
132.68115660068239,11.403801815466803,21.000000000000007,0.0,0.0,0.0
132.6806822167502,11.413792996445952,21.00000000000001,0.0,0.0,0.0
132.68020779941577,11.423784176663155,21.000000000000007,0.0,0.0,0.0
132.67973334864672,11.43377535611767,21.00000000000001,0.0,0.0,0.0
132.6792588644107,11.443766534808763,21.000000000000014,0.0,0.0,0.0
132.67878434667526,11.453757712735696,21.00000000000001,0.0,0.0,0.0
132.67830979540804,11.463748889897722,21.000000000000014,0.0,0.0,0.0
132.6778352105766,11.473740066294111,21.000000000000014,0.0,0.0,0.0
132.67736059214852,11.483731241924117,21.00000000000001,0.0,0.0,0.0
132.67688594009135,11.493722416787005,21.000000000000018,0.0,0.0,0.0
132.67641125437268,11.503713590882027,21.000000000000018,0.0,0.0,0.0
132.67593653496004,11.51370476420845,21.00000000000001,0.0,0.0,0.0
132.67546178182096,11.523695936765531,21.000000000000018,0.0,0.0,0.0
132.67498699492302,11.533687108552531,21.000000000000018,0.0,0.0,0.0
132.6745121742337,11.54367827956871,21.000000000000014,0.0,0.0,0.0
132.67403731972053,11.553669449813318,21.000000000000018,0.0,0.0,0.0
132.673562431351,11.56366061928562,21.000000000000018,0.0,0.0,0.0
132.67308750909265,11.57365178798488,21.000000000000014,0.0,0.0,0.0
132.6726125529129,11.58364295591035,21.00000000000001,0.0,0.0,0.0
132.6721375627793,11.593634123061289,21.000000000000014,0.0,0.0,0.0
132.6716625386593,11.603625289436954,21.000000000000014,0.0,0.0,0.0
132.67118748052036,11.6136164550366,21.000000000000018,0.0,0.0,0.0
132.67071238832992,11.623607619859495,21.000000000000014,0.0,0.0,0.0
132.67023726205542,11.633598783904887,21.000000000000014,0.0,0.0,0.0
132.66976210166433,11.643589947172037,21.000000000000014,0.0,0.0,0.0
132.66928690712405,11.653581109660204,21.000000000000014,0.0,0.0,0.0
132.66881167840202,11.663572271368635,21.000000000000018,0.0,0.0,0.0
132.66833641546563,11.673563432296593,21.000000000000014,0.0,0.0,0.0
132.6678611182823,11.683554592443336,21.000000000000018,0.0,0.0,0.0
132.66738578681938,11.693545751808122,21.000000000000014,0.0,0.0,0.0
132.66691042104432,11.7035369103902,21.000000000000018,0.0,0.0,0.0
132.66643502092444,11.713528068188825,21.000000000000018,0.0,0.0,0.0
132.6659595864271,11.723519225203265,21.000000000000014,0.0,0.0,0.0
132.66548411751972,11.733510381432765,21.000000000000014,0.0,0.0,0.0
132.66500861416958,11.743501536876579,21.000000000000014,0.0,0.0,0.0
132.66453307634407,11.753492691533964,21.00000000000001,0.0,0.0,0.0
132.6640575040105,11.763483845404176,21.000000000000014,0.0,0.0,0.0
132.66358189713617,11.773474998486472,21.000000000000014,0.0,0.0,0.0
132.6631062556884,11.783466150780102,21.000000000000014,0.0,0.0,0.0
132.66263057963454,11.793457302284319,21.000000000000018,0.0,0.0,0.0
132.66215486894183,11.803448452998383,21.000000000000014,0.0,0.0,0.0
132.66167912357753,11.813439602921541,21.000000000000014,0.0,0.0,0.0
132.66120334350902,11.823430752053055,21.000000000000014,0.0,0.0,0.0
132.66072752870346,11.83342190039216,21.000000000000014,0.0,0.0,0.0
132.66025167912818,11.843413047938132,21.000000000000014,0.0,0.0,0.0
132.6597757947504,11.853404194690212,21.000000000000018,0.0,0.0,0.0
132.65929987553736,11.863395340647655,21.00000000000001,0.0,0.0,0.0
132.6588239214563,11.873386485809707,21.000000000000018,0.0,0.0,0.0
132.65834793247444,11.883377630175632,21.000000000000018,0.0,0.0,0.0
132.65787190855897,11.893368773744674,21.000000000000014,0.0,0.0,0.0
132.65739584967713,11.903359916516088,21.000000000000018,0.0,0.0,0.0
132.6569197557961,11.913351058489118,21.000000000000018,0.0,0.0,0.0
132.65644362688306,11.923342199663029,21.000000000000014,0.0,0.0,0.0
132.65596746290518,11.933333340037061,21.000000000000014,0.0,0.0,0.0
132.65549126382965,11.943324479610473,21.000000000000014,0.0,0.0,0.0
132.6550150296236,11.953315618382506,21.000000000000014,0.0,0.0,0.0
132.6545387602542,11.96330675635242,21.000000000000018,0.0,0.0,0.0
132.6540624556886,11.973297893519462,21.000000000000014,0.0,0.0,0.0
132.65358611589394,11.983289029882881,21.000000000000018,0.0,0.0,0.0
132.6531097408373,11.993280165441927,21.000000000000014,0.0,0.0,0.0
132.6526333304858,12.003271300195848,21.000000000000014,0.0,0.0,0.0
132.65215688480657,12.013262434143897,21.000000000000018,0.0,0.0,0.0
132.6516804037667,12.023253567285327,21.000000000000014,0.0,0.0,0.0
132.65120388733325,12.033244699619377,21.000000000000014,0.0,0.0,0.0
132.65072733547333,12.043235831145306,21.00000000000001,0.0,0.0,0.0
132.65025074815398,12.053226961862357,21.000000000000018,0.0,0.0,0.0
132.64977412534228,12.063218091769775,21.000000000000014,0.0,0.0,0.0
132.64929746700525,12.073209220866817,21.000000000000014,0.0,0.0,0.0
132.64882077310995,12.083200349152724,21.000000000000014,0.0,0.0,0.0
132.64834404362344,12.093191476626751,21.00000000000001,0.0,0.0,0.0
132.64786727851268,12.103182603288138,21.000000000000014,0.0,0.0,0.0
132.64739047774472,12.113173729136134,21.000000000000018,0.0,0.0,0.0
132.64691364128655,12.12316485416999,21.00000000000001,0.0,0.0,0.0
132.64643676910515,12.13315597838895,21.00000000000001,0.0,0.0,0.0
132.64595986116754,12.143147101792264,21.000000000000018,0.0,0.0,0.0
132.64548291744066,12.153138224379173,21.000000000000014,0.0,0.0,0.0
132.64500593789148,12.163129346148928,21.000000000000014,0.0,0.0,0.0
132.64452892248698,12.173120467100775,21.000000000000018,0.0,0.0,0.0
132.6440518711941,12.18311158723396,21.000000000000018,0.0,0.0,0.0
132.64357478397977,12.193102706547725,21.00000000000001,0.0,0.0,0.0
132.64309766081092,12.203093825041318,21.00000000000001,0.0,0.0,0.0
132.64262050165445,12.213084942713985,21.000000000000014,0.0,0.0,0.0
132.6421433064773,12.223076059564974,21.000000000000014,0.0,0.0,0.0
132.64166607524635,12.233067175593517,21.000000000000018,0.0,0.0,0.0
132.6411888079285,12.243058290798876,21.000000000000014,0.0,0.0,0.0
132.6407115044906,12.253049405180287,21.00000000000001,0.0,0.0,0.0
132.6402341648996,12.263040518736995,21.000000000000014,0.0,0.0,0.0
132.6397567891223,12.273031631468237,21.000000000000014,0.0,0.0,0.0
132.63927937712555,12.283022743373266,21.000000000000014,0.0,0.0,0.0
132.63880192887618,12.293013854451326,21.000000000000018,0.0,0.0,0.0
132.63832444434107,12.303004964701657,21.000000000000018,0.0,0.0,0.0
132.63784692348705,12.312996074123499,21.000000000000018,0.0,0.0,0.0
132.6373693662809,12.322987182716105,21.000000000000018,0.0,0.0,0.0
132.63689177268944,12.332978290478707,21.000000000000018,0.0,0.0,0.0
132.63641414267946,12.342969397410553,21.000000000000014,0.0,0.0,0.0
132.63593647621778,12.352960503510882,21.000000000000018,0.0,0.0,0.0
132.6354587732711,12.362951608778939,21.000000000000014,0.0,0.0,0.0
132.63498103380624,12.372942713213964,21.000000000000018,0.0,0.0,0.0
132.63450325779,12.3829338168152,21.000000000000014,0.0,0.0,0.0
132.63402544518902,12.392924919581892,21.000000000000018,0.0,0.0,0.0
132.63354759597016,12.402916021513278,21.000000000000014,0.0,0.0,0.0
132.63306971010007,12.412907122608592,21.000000000000014,0.0,0.0,0.0
132.63259178754546,12.422898222867081,21.000000000000014,0.0,0.0,0.0
132.63211382827313,12.432889322287988,21.000000000000014,0.0,0.0,0.0
132.6316358322497,12.442880420870551,21.000000000000018,0.0,0.0,0.0
132.6311577994419,12.45287151861401,21.000000000000014,0.0,0.0,0.0
132.63067972981636,12.462862615517606,21.000000000000014,0.0,0.0,0.0
132.63020162333984,12.472853711580573,21.00000000000001,0.0,0.0,0.0
132.6297234799789,12.482844806802161,21.000000000000014,0.0,0.0,0.0
132.6292452997003,12.492835901181598,21.000000000000014,0.0,0.0,0.0
132.62876708247057,12.50282699471813,21.000000000000018,0.0,0.0,0.0
132.62828882825644,12.512818087410997,21.000000000000014,0.0,0.0,0.0
132.6278105370245,12.522809179259431,21.000000000000018,0.0,0.0,0.0
132.62733220874134,12.532800270262678,21.000000000000018,0.0,0.0,0.0
132.6268538433736,12.542791360419962,21.000000000000014,0.0,0.0,0.0
132.62637544088784,12.552782449730545,21.000000000000014,0.0,0.0,0.0
132.62589700125068,12.562773538193643,21.000000000000018,0.0,0.0,0.0
132.62541852442868,12.572764625808505,21.000000000000014,0.0,0.0,0.0
132.62494001038843,12.58275571257436,21.000000000000014,0.0,0.0,0.0
132.62446145909644,12.592746798490449,21.000000000000018,0.0,0.0,0.0
132.62398287051926,12.602737883556012,21.000000000000018,0.0,0.0,0.0
132.62350424462346,12.612728967770284,21.000000000000014,0.0,0.0,0.0
132.62302558137557,12.622720051132497,21.000000000000014,0.0,0.0,0.0
132.62254688074208,12.632711133641891,21.000000000000018,0.0,0.0,0.0
132.62206814268953,12.642702215297707,21.00000000000001,0.0,0.0,0.0
132.62158936718438,12.65269329609917,21.000000000000018,0.0,0.0,0.0
132.62111055419314,12.662684376045517,21.000000000000014,0.0,0.0,0.0
132.62063170368228,12.672675455135991,21.00000000000002,0.0,0.0,0.0
132.62015281561827,12.682666533369822,21.00000000000002,0.0,0.0,0.0
132.61967388996757,12.692657610746249,21.00000000000002,0.0,0.0,0.0
132.61919492669665,12.702648687264496,21.000000000000018,0.0,0.0,0.0
132.61871592577188,12.712639762923805,21.00000000000002,0.0,0.0,0.0
132.61823688715978,12.722630837723417,21.00000000000002,0.0,0.0,0.0
132.61775781082673,12.732621911662555,21.000000000000018,0.0,0.0,0.0
132.6172786967391,12.742612984740452,21.00000000000002,0.0,0.0,0.0
132.61679954486334,12.752604056956352,21.000000000000018,0.0,0.0,0.0
132.6163203551658,12.76259512830948,21.000000000000018,0.0,0.0,0.0
132.61584112761295,12.772586198799068,21.000000000000018,0.0,0.0,0.0
132.61536186217106,12.782577268424351,21.000000000000018,0.0,0.0,0.0
132.6148825588065,12.792568337184566,21.000000000000018,0.0,0.0,0.0
132.61440321748566,12.802559405078942,21.000000000000018,0.0,0.0,0.0
132.61392383817486,12.812550472106706,21.000000000000018,0.0,0.0,0.0
132.61344442084044,12.822541538267096,21.000000000000018,0.0,0.0,0.0
132.6129649654487,12.832532603559342,21.00000000000002,0.0,0.0,0.0
132.61248547196598,12.842523667982675,21.000000000000018,0.0,0.0,0.0
132.61200594035859,12.85251473153633,21.000000000000018,0.0,0.0,0.0
132.61152637059274,12.862505794219526,21.00000000000002,0.0,0.0,0.0
132.61104676263477,12.872496856031509,21.00000000000002,0.0,0.0,0.0
132.61056711645097,12.882487916971504,21.000000000000018,0.0,0.0,0.0
132.6100874320076,12.892478977038742,21.000000000000018,0.0,0.0,0.0
132.60960770927085,12.902470036232442,21.000000000000018,0.0,0.0,0.0
132.60912794820698,12.91246109455185,21.000000000000018,0.0,0.0,0.0
132.60864814878224,12.922452151996184,21.000000000000018,0.0,0.0,0.0
132.60816831096287,12.932443208564681,21.000000000000018,0.0,0.0,0.0
132.60768843471502,12.942434264256567,21.000000000000018,0.0,0.0,0.0
132.60720852000495,12.95242531907107,21.000000000000018,0.0,0.0,0.0
132.60672856679884,12.962416373007416,21.000000000000018,0.0,0.0,0.0
132.6062485750628,12.972407426064844,21.000000000000018,0.0,0.0,0.0
132.6057685447631,12.982398478242565,21.00000000000002,0.0,0.0,0.0
132.60528847586582,12.992389529539828,21.000000000000018,0.0,0.0,0.0
132.60480836833716,13.002380579955847,21.000000000000018,0.0,0.0,0.0
132.60432822214327,13.01237162948985,21.000000000000018,0.0,0.0,0.0
132.6038480372502,13.022362678141068,21.000000000000018,0.0,0.0,0.0
132.60336781362415,13.032353725908726,21.000000000000018,0.0,0.0,0.0
132.6028875512312,13.042344772792049,21.000000000000018,0.0,0.0,0.0
132.6024072500374,13.052335818790267,21.000000000000018,0.0,0.0,0.0
132.60192691000893,13.062326863902607,21.000000000000018,0.0,0.0,0.0
132.6014465311118,13.07231790812829,21.000000000000018,0.0,0.0,0.0
132.60096611331213,13.082308951466551,21.000000000000018,0.0,0.0,0.0
132.60048565657593,13.092299993916612,21.000000000000018,0.0,0.0,0.0
132.60000516086924,13.102291035477688,21.000000000000018,0.0,0.0,0.0
132.59952462615817,13.112282076149016,21.00000000000002,0.0,0.0,0.0
132.5990440524087,13.122273115929817,21.00000000000002,0.0,0.0,0.0
132.5985634395868,13.132264154819312,21.000000000000018,0.0,0.0,0.0
132.59808278765857,13.142255192816739,21.00000000000002,0.0,0.0,0.0
132.59760209658992,13.15224622992131,21.000000000000018,0.0,0.0,0.0
132.5971213663469,13.162237266132252,21.000000000000018,0.0,0.0,0.0
132.59664059689544,13.172228301448783,21.00000000000002,0.0,0.0,0.0
132.59615978820156,13.182219335870137,21.00000000000002,0.0,0.0,0.0
132.59567894023115,13.192210369395534,21.00000000000002,0.0,0.0,0.0
132.59519805295022,13.202201402024196,21.000000000000018,0.0,0.0,0.0
132.59471712632467,13.21219243375534,21.000000000000018,0.0,0.0,0.0
132.59423616032038,13.222183464588198,21.000000000000018,0.0,0.0,0.0
132.59375515490333,13.232174494521988,21.000000000000018,0.0,0.0,0.0
132.59327411003943,13.242165523555938,21.000000000000018,0.0,0.0,0.0
132.5927930256945,13.252156551689252,21.000000000000018,0.0,0.0,0.0
132.5923119018345,13.262147578921173,21.00000000000002,0.0,0.0,0.0
132.59183073842524,13.272138605250912,21.000000000000014,0.0,0.0,0.0
132.59134953543264,13.28212963067769,21.000000000000018,0.0,0.0,0.0
132.5908682928225,13.292120655200728,21.00000000000002,0.0,0.0,0.0
132.59038701056068,13.302111678819253,21.00000000000002,0.0,0.0,0.0
132.58990568861304,13.31210270153248,21.00000000000002,0.0,0.0,0.0
132.58942432694536,13.322093723339627,21.00000000000002,0.0,0.0,0.0
132.58894292552347,13.332084744239918,21.000000000000018,0.0,0.0,0.0
132.58846148431314,13.34207576423257,21.000000000000018,0.0,0.0,0.0
132.5879800032802,13.352066783316808,21.00000000000002,0.0,0.0,0.0
132.58749848239037,13.362057801491847,21.000000000000018,0.0,0.0,0.0
132.58701692160952,13.372048818756898,21.000000000000018,0.0,0.0,0.0
132.5865353209033,13.382039835111197,21.000000000000018,0.0,0.0,0.0
132.58605368023748,13.392030850553954,21.00000000000002,0.0,0.0,0.0
132.58557199957784,13.402021865084388,21.00000000000002,0.0,0.0,0.0
132.58509027889008,13.412012878701708,21.000000000000018,0.0,0.0,0.0
132.58460851813993,13.422003891405145,21.000000000000018,0.0,0.0,0.0
132.58412671729306,13.431994903193912,21.00000000000002,0.0,0.0,0.0
132.58364487631522,13.441985914067226,21.000000000000018,0.0,0.0,0.0
132.58316299517202,13.451976924024303,21.000000000000018,0.0,0.0,0.0
132.58268107382915,13.461967933064358,21.000000000000018,0.0,0.0,0.0
132.5821991122523,13.471958941186614,21.00000000000002,0.0,0.0,0.0
132.58171711040714,13.481949948390286,21.000000000000018,0.0,0.0,0.0
132.58123506825928,13.491940954674579,21.000000000000018,0.0,0.0,0.0
132.58075298577435,13.501931960038728,21.000000000000018,0.0,0.0,0.0
132.58027086291796,13.511922964481933,21.000000000000018,0.0,0.0,0.0
132.57978869965575,13.521913968003414,21.00000000000002,0.0,0.0,0.0
132.57930649595326,13.531904970602385,21.00000000000002,0.0,0.0,0.0
132.57882425177615,13.541895972278066,21.000000000000025,0.0,0.0,0.0
132.57834196708995,13.55188697302967,21.000000000000018,0.0,0.0,0.0
132.57785964186027,13.561877972856411,21.000000000000014,0.0,0.0,0.0
132.57737727605257,13.5718689717575,21.00000000000002,0.0,0.0,0.0
132.5768948696325,13.581859969732152,21.000000000000018,0.0,0.0,0.0
132.57641242256557,13.591850966779585,21.000000000000018,0.0,0.0,0.0
132.57592993481725,13.601841962899005,21.000000000000018,0.0,0.0,0.0
