galstreams/tracks/track.st.Cetus-Palca.yuan2021.ecsv
# %ECSV 0.9
# ---
# datatype:
# - {name: ra, unit: deg, datatype: float64}
# - {name: dec, unit: deg, datatype: float64}
# - {name: distance, unit: kpc, datatype: float64}
# - {name: pm_ra_cosdec, unit: mas / yr, datatype: float64}
# - {name: pm_dec, unit: mas / yr, datatype: float64}
# - {name: radial_velocity, unit: km / s, datatype: float64}
# delimiter: ','
# meta: !!omap
# - __serialized_columns__:
#     dec:
#       __class__: astropy.coordinates.angles.Latitude
#       unit: &id001 !astropy.units.Unit {unit: deg}
#       value: !astropy.table.SerializedColumn {name: dec}
#     distance:
#       __class__: astropy.coordinates.distances.Distance
#       unit: !astropy.units.Unit {unit: kpc}
#       value: !astropy.table.SerializedColumn {name: distance}
#     pm_dec:
#       __class__: astropy.units.quantity.Quantity
#       unit: !astropy.units.Unit {unit: mas / yr}
#       value: !astropy.table.SerializedColumn {name: pm_dec}
#     pm_ra_cosdec:
#       __class__: astropy.units.quantity.Quantity
#       unit: !astropy.units.Unit {unit: mas / yr}
#       value: !astropy.table.SerializedColumn {name: pm_ra_cosdec}
#     ra:
#       __class__: astropy.coordinates.angles.Longitude
#       unit: *id001
#       value: !astropy.table.SerializedColumn {name: ra}
#       wrap_angle: !astropy.coordinates.Angle
#         unit: *id001
#         value: 360.0
#     radial_velocity:
#       __class__: astropy.units.quantity.Quantity
#       unit: !astropy.units.Unit {unit: km / s}
#       value: !astropy.table.SerializedColumn {name: radial_velocity}
# schema: astropy-2.0
ra,dec,distance,pm_ra_cosdec,pm_dec,radial_velocity
[from data line 6543]
26.226664400214734,-24.197685969666114,39.16646802837725,0.7763192457911592,-0.55484278536435,-4.210383564936169e-14
26.228275382518895,-24.2089948740649,39.16671924718642,0.7764170234070391,-0.5547462186986366,-5.0524602779234026e-14
26.22988647130012,-24.2203038581634,39.16696830927976,0.7765148812062239,-0.5546494739669496,-6.73661370389787e-14
26.231497666236525,-24.231612922072486,39.167215213940146,0.7766128191794062,-0.5545525511477446,-4.210383564936169e-14
26.233108967006157,-24.24292206590285,39.16745996045121,0.7767108373172373,-0.5544554502195219,-2.5262301389617013e-14
26.23472037328713,-24.254231289765407,39.16770254809721,0.7768089356103344,-0.5543581711608284,-2.5262301389617013e-14
26.236331884757483,-24.2655405937709,39.16794297616317,0.776907114049274,-0.5542607139502562,0.0
26.237943501095284,-24.276849978030203,39.168181243934775,0.7770053726245958,-0.5541630785664432,-3.368306851948935e-14
26.23955522197862,-24.288159442654237,39.16841735069842,0.7771037113268011,-0.5540652649880732,-5.0524602779234026e-14
26.241167047085497,-24.299468987753716,39.168651295741206,0.7772021301463534,-0.553967273193876,-4.210383564936169e-14
26.24277897609399,-24.310778613439638,39.16888307835092,0.777300629073679,-0.553869103162627,-2.5262301389617013e-14
26.244391008682097,-24.32208831982274,39.1691126978161,0.7773992080991649,-0.553770754873148,-5.894536990910637e-14
26.246003144527872,-24.33339810701397,39.1693401534259,0.7774978672131609,-0.5536722283043062,-5.0524602779234026e-14
26.24761538330935,-24.344707975124273,39.169565444470244,0.7775966064059793,-0.5535735234350149,0.0
26.24922772470452,-24.356017924264467,39.16978857023976,0.7776954256678936,-0.5534746402442332,-4.210383564936169e-14
26.25084016839139,-24.3673279545454,39.170009530025744,0.7777943249891398,-0.5533755787109673,-6.73661370389787e-14
26.252452714047987,-24.378638066078047,39.17022832312021,0.7778933043599163,-0.5532763388142684,-3.368306851948935e-14
26.2540653613523,-24.38994825897336,39.170444948815906,0.777992363770383,-0.5531769205332335,-5.0524602779234026e-14
26.255678109982313,-24.40125853334217,39.170659406406244,0.7780915032106623,-0.5530773238470069,0.0
26.257290959616036,-24.412568889295496,39.17087169518537,0.7781907226708382,-0.552977548734778,-2.5262301389617013e-14
26.258903909931423,-24.423879326944178,39.17108181444812,0.7782900221409571,-0.5528775951757834,-4.210383564936169e-14
26.260516960606477,-24.435189846399208,39.17128976349005,0.778389401611028,-0.5527774631493045,-3.368306851948935e-14
26.26213011131918,-24.446500447771584,39.17149554160741,0.7784888610710211,-0.5526771526346703,-3.368306851948935e-14
26.263743361747483,-24.457811131172157,39.171699148097176,0.7785884005108692,-0.5525766636112557,-4.210383564936169e-14
26.26535671156938,-24.46912189671201,39.17190058225702,0.7786880199204674,-0.5524759960584812,-3.368306851948935e-14
26.266970160462805,-24.48043274450199,39.17209984338532,0.7787877192896726,-0.5523751499558147,-8.420767129872338e-15
26.26858370810574,-24.49174367465318,39.17229693078119,0.7788874986083033,-0.5522741252827696,-3.368306851948935e-14
26.270197354176133,-24.50305468727646,39.172491843744425,0.778987357866141,-0.5521729220189061,-1.6841534259744676e-14
26.271811098351954,-24.51436578248292,39.17268458157554,0.7790872970529292,-0.5520715401438305,0.0
26.27342494031112,-24.525676960383436,39.172875143575766,0.7791873161583732,-0.5519699796371964,-4.210383564936169e-14
26.275038879731618,-24.536988221089086,39.173063529047056,0.7792874151721401,-0.5518682404787025,-2.5262301389617013e-14
26.276652916291386,-24.5482995647109,39.173249737292046,0.7793875940838602,-0.5517663226480956,-5.0524602779234026e-14
26.278267049668354,-24.559610991359804,39.1734337676141,0.7794878528831252,-0.5516642261251676,-2.5262301389617013e-14
26.27988127954049,-24.570922501146914,39.173615619317324,0.7795881915594884,-0.5515619508897577,-2.5262301389617013e-14
26.281495605585715,-24.58223409418314,39.17379529170648,0.7796886101024667,-0.5514594969217522,0.0
26.283110027481964,-24.593545770579556,39.17397278408711,0.7797891085015379,-0.5513568642010827,-4.210383564936169e-14
26.284724544907206,-24.60485753044727,39.17414809576543,0.7798896867461423,-0.5512540527077283,-5.894536990910637e-14
26.286339157539363,-24.616169373897193,39.17432122604836,0.7799903448256829,-0.5511510624217153,-3.368306851948935e-14
26.287953865056373,-24.627481301040486,39.17449217424359,0.7800910827295239,-0.5510478933231153,-3.368306851948935e-14
26.28956866713617,-24.638793311988085,39.17466093965946,0.7801919004469923,-0.550944545392048,-3.368306851948935e-14
26.2911835634567,-24.650105406851136,39.17482752160509,0.7802927979673772,-0.550841018608679,-5.894536990910637e-14
26.292798553695878,-24.661417585740605,39.17499191939027,0.7803937752799294,-0.5507373129532218,-5.0524602779234026e-14
26.294413637531676,-24.672729848767652,39.175154132325545,0.7804948323738629,-0.5506334284059354,-8.420767129872338e-14
26.296028814641993,-24.684042196043244,39.175314159722156,0.7805959692383526,-0.550529364947126,-6.73661370389787e-14
26.29764408470479,-24.695354627678512,39.175472000892064,0.7806971858625367,-0.5504251225571476,-1.6841534259744676e-14
26.299259447398004,-24.70666714378455,39.17562765514797,0.7807984822355145,-0.5503207012164003,-5.0524602779234026e-14
26.300874902399578,-24.717979744472366,39.17578112180327,0.7808998583463487,-0.5502161009053316,-8.420767129872338e-15
26.30249044938744,-24.729292429853118,39.1759324001721,0.781001314184063,-0.5501113216044352,-3.368306851948935e-14
26.304106088039543,-24.740605200037812,39.1760814895693,0.7811028497376441,-0.5500063632942528,-1.6841534259744676e-14
26.305721818033806,-24.751918055137573,39.17622838931046,0.7812044649960406,-0.5499012259553732,-3.368306851948935e-14
26.307337639048225,-24.76323099526356,39.17637309871185,0.7813061599481638,-0.549795909568431,-2.5262301389617013e-14
26.30895355076072,-24.77454402052682,39.17651561709053,0.7814079345828858,-0.5496904141141089,-1.6841534259744676e-14
26.310569552849227,-24.785857131038373,39.17665594376419,0.7815097888890431,-0.5495847395731377,-5.0524602779234026e-14
26.312185644991704,-24.797170326909416,39.17679407805136,0.7816117228554313,-0.5494788859262928,-3.368306851948935e-14
26.31380182686614,-24.808483608251084,39.176930019271175,0.7817137364708128,-0.5493728531543992,-2.5262301389617013e-14
26.31541809815045,-24.819796975174384,39.17706376674359,0.7818158297239066,-0.5492666412383279,-3.368306851948935e-14
26.31703445852263,-24.83111042779055,39.17719531978922,0.7819180026033992,-0.5491602501589977,-2.5262301389617013e-14
26.31865090766062,-24.842423966210564,39.177324677729466,0.7820202550979355,-0.549053679897374,-4.210383564936169e-14
26.320267445242397,-24.85373759054563,39.17745183988641,0.7821225871961246,-0.5489469304344705,-8.420767129872338e-15
26.32188407094596,-24.865051300906906,39.177576805582866,0.7822249988865375,-0.5488400017513477,-5.894536990910637e-14
26.323500784449234,-24.87636509740542,39.17769957414241,0.7823274901577066,-0.5487328938291133,-4.210383564936169e-14
26.325117585430263,-24.88767898015239,39.177820144889296,0.7824300609981284,-0.5486256066489231,-3.368306851948935e-14
26.32673447356698,-24.898992949258858,39.17793851714856,0.7825327113962595,-0.5485181401919794,-1.6841534259744676e-14
26.32835144853739,-24.910307004835985,39.178054690245936,0.7826354413405199,-0.548410494439533,-6.73661370389787e-14
26.329968510019526,-24.92162114699498,39.1781686635079,0.782738250819292,-0.5483026693728812,-3.368306851948935e-14
26.33158565769135,-24.932935375846924,39.17828043626163,0.7828411398209199,-0.5481946649733695,-5.0524602779234026e-14
26.333202891230858,-24.944249691502893,39.17839000783509,0.7829441083337098,-0.5480864812223915,-2.5262301389617013e-14
26.3348202103161,-24.955564094074077,39.17849737755691,0.7830471563459316,-0.5479781181013867,-5.0524602779234026e-14
26.33643761462508,-24.966878583671694,39.17860254475652,0.7831502838458158,-0.5478695755918435,-2.5262301389617013e-14
26.338055103835796,-24.97819316040675,39.17870550876405,0.7832534908215555,-0.5477608536752979,-6.73661370389787e-14
26.33967267762634,-24.98950782439051,39.17880626891033,0.783356777261307,-0.5476519523333334,-5.0524602779234026e-14
26.341290335674678,-25.000822575734013,39.17890482452699,0.7834601431531883,-0.547542871547581,-1.6841534259744676e-14
26.342908077658898,-25.01213741454846,39.17900117494634,0.7835635884852793,-0.5474336112997196,-6.73661370389787e-14
26.344525903257065,-25.023452340945056,39.179095319501435,0.7836671132456233,-0.5473241715714765,-3.368306851948935e-14
26.346143812147176,-25.034767355034838,39.17918725752613,0.7837707174222242,-0.5472145523446256,-6.73661370389787e-14
26.347761804007373,-25.046082456929064,39.17927698835493,0.7838744010030501,-0.547104753600989,-4.210383564936169e-14
26.349379878515663,-25.057397646738774,39.1793645113231,0.7839781639760298,-0.5469947753224378,-6.73661370389787e-14
26.350998035350166,-25.06871292457519,39.17944982576667,0.7840820063290554,-0.5468846174908896,-3.368306851948935e-14
26.35261627418898,-25.0800282905495,39.179532931022386,0.7841859280499811,-0.54677428008831,-1.6841534259744676e-14
26.354234594710174,-25.091343744772807,39.17961382642773,0.7842899291266234,-0.5466637630967142,-7.578690416885104e-14
26.35585299659186,-25.10265928735622,39.17969251132093,0.7843940095467608,-0.5465530664981634,-2.5262301389617013e-14
26.357471479512164,-25.113974918410932,39.17976898504095,0.7844981692981349,-0.5464421902747683,-5.0524602779234026e-14
26.359090043149216,-25.125290638048163,39.17984324692751,0.7846024083684489,-0.5463311344086859,-2.5262301389617013e-14
26.360708687181127,-25.13660644637896,39.17991529632104,0.7847067267453683,-0.5462198988821233,-3.368306851948935e-14
26.362327411286078,-25.147922343514566,39.17998513256275,0.7848111244165215,-0.5461084836773341,-4.210383564936169e-14
26.363946215142168,-25.15923832956605,39.18005275499454,0.7849156013694987,-0.5459968887766212,-3.368306851948935e-14
26.365565098427606,-25.1705544046446,39.18011816295909,0.7850201575918534,-0.5458851141623352,-5.0524602779234026e-14
26.36718406082056,-25.181870568861438,39.18018135579983,0.7851247930711003,-0.5457731598168742,-4.210383564936169e-14
26.368803101999195,-25.193186822327597,39.180242332860885,0.785229507794717,-0.5456610257226863,-4.210383564936169e-14
26.370422221641725,-25.204503165154346,39.180301093487174,0.7853343017501435,-0.5455487118622655,-1.6841534259744676e-14
26.372041419426328,-25.21581959745271,39.18035763702434,0.7854391749247822,-0.5454362182181566,-4.210383564936169e-14
26.373660695031248,-25.227136119333917,39.180411962818766,0.7855441273059973,-0.5453235447729508,-8.420767129872338e-15
26.375280048134705,-25.238452730909163,39.180464070217596,0.7856491588811163,-0.5452106915092881,-2.5262301389617013e-14
26.376899478414945,-25.24976943228953,39.180513958568696,0.7857542696374289,-0.5450976584098575,-5.0524602779234026e-14
26.378518985550198,-25.261086223586123,39.18056162722069,0.7858594595621862,-0.5449844454573961,-1.6841534259744676e-14
26.380138569218726,-25.27240310491013,39.18060707552296,0.7859647286426027,-0.5448710526346892,-5.0524602779234026e-14
26.381758229098843,-25.283720076372763,39.18065030282562,0.7860700768658553,-0.5447574799245707,-5.894536990910637e-14
26.38337796486879,-25.295037138085057,39.18069130847953,0.7861755042190826,-0.5446437273099229,-2.5262301389617013e-14
26.384997776206898,-25.30635429015824,39.180730091836324,0.7862810106893865,-0.5445297947736775,-3.368306851948935e-14
26.38661766279147,-25.317671532703358,39.18076665224834,0.7863865962638306,-0.544415682298813,-3.368306851948935e-14
26.388237624300825,-25.32898886583161,39.1808009890687,0.7864922609294412,-0.5443013898683581,-8.420767129872338e-15
26.389857660413323,-25.340306289654166,39.18083310165129,0.786598004673207,-0.5441869174653895,-5.0524602779234026e-14
26.391477770807295,-25.351623804282067,39.18086298935068,0.7867038274820793,-0.5440722650730329,-2.5262301389617013e-14
26.393097955161128,-25.362941409826547,39.180890651522276,0.7868097293429712,-0.5439574326744614,-3.368306851948935e-14
26.39471821315318,-25.37425910639862,39.18091608752218,0.7869157102427591,-0.5438424202528988,-2.5262301389617013e-14
26.396338544461884,-25.385576894109526,39.18093929670724,0.7870217701682818,-0.5437272277916158,-2.5262301389617013e-14
26.3979589487656,-25.396894773070287,39.180960278435116,0.7871279091063388,-0.5436118552739334,-5.894536990910637e-14
26.399579425742793,-25.40821274339212,39.18097903206414,0.7872341270436953,-0.5434963026832205,-3.368306851948935e-14
26.401199975071872,-25.41953080518605,39.18099555695346,0.7873404239670758,-0.5433805700028953,-5.0524602779234026e-14
26.402820596431315,-25.430848958563224,39.181009852462964,0.7874467998631689,-0.5432646572164237,-1.6841534259744676e-14
26.404441289499594,-25.442167203634824,39.18102191795327,0.7875532547186255,-0.5431485643073223,-5.0524602779234026e-14
26.40606205395517,-25.45348554051185,39.18103175278578,0.7876597885200588,-0.5430322912591552,-2.5262301389617013e-14
26.40768288947658,-25.46480396930552,39.18103935632265,0.7877664012540441,-0.5429158380555361,-1.6841534259744676e-14
26.4093037957423,-25.47612249012682,39.18104472792675,0.7878730929071202,-0.5427992046801281,-2.5262301389617013e-14
26.410924772430896,-25.487441103086894,39.18104786696178,0.7879798634657871,-0.5426823911166421,-4.210383564936169e-14
26.412545819220917,-25.498759808296903,39.18104877279214,0.7880867129165084,-0.5425653973488385,-5.894536990910637e-14
26.41416693579092,-25.510078605867896,39.181047444783005,0.7881936412457096,-0.5424482233605278,-5.0524602779234026e-14
26.41578812181949,-25.521397495910897,39.1810438823003,0.788300648439779,-0.5423308691355684,-2.5262301389617013e-14
26.417409376985216,-25.53271647853704,39.181038084710735,0.7884077344850672,-0.542213334657868,-1.6841534259744676e-14
26.41903070096675,-25.544035553857455,39.181030051381754,0.7885148993678873,-0.5420956199113838,-4.210383564936169e-14
26.420652093442694,-25.55535472198313,39.18101978168156,0.788622143074515,-0.5419777248801222,-6.73661370389787e-14
26.422273554091753,-25.56667398302522,39.18100727497913,0.788729465591189,-0.5418596495481393,-2.5262301389617013e-14
26.423895082592527,-25.5779933370947,39.180992530644225,0.7888368669041088,-0.5417413938995383,-2.5262301389617013e-14
26.425516678623758,-25.58931278430268,39.18097554804731,0.7889443469994388,-0.541622957918475,-2.5262301389617013e-14
26.42713834186416,-25.600632324760266,39.18095632655964,0.789051905863305,-0.5415043415891512,-4.210383564936169e-14
26.428760071992432,-25.611951958578427,39.18093486555323,0.7891595434817948,-0.5413855448958211,-2.5262301389617013e-14
26.43038186868735,-25.6232716858683,39.180911164400904,0.78926725984096,-0.5412665678227856,-2.5262301389617013e-14
26.43200373162765,-25.634591506740822,39.18088522247617,0.7893750549268136,-0.5411474103543966,-5.0524602779234026e-14
26.433625660492144,-25.645911421307094,39.180857039153345,0.7894829287253319,-0.5410280724750551,-2.5262301389617013e-14
26.435247654959635,-25.657231429678195,39.180826613807525,0.7895908812224532,-0.5409085541692112,-4.210383564936169e-14
26.43686971470896,-25.668551531965104,39.18079394581453,0.7896989124040794,-0.5407888554213652,-4.210383564936169e-14
26.43849183941893,-25.679871728278787,39.180759034550974,0.7898070222560732,-0.5406689762160664,-1.6841534259744676e-14
26.440114028768427,-25.69119201873031,39.180721879394234,0.7899152107642615,-0.5405489165379136,-5.894536990910637e-14
26.44173628243637,-25.702512403430752,39.18068247972245,0.7900234779144337,-0.5404286763715553,-3.368306851948935e-14
26.44335860010162,-25.713832882491,39.18064083491451,0.7901318236923405,-0.5403082557016899,-3.368306851948935e-14
