galstreams/tracks/track.st.NGC1261.ibata2021.ecsv
# %ECSV 0.9
# ---
# datatype:
# - {name: ra, unit: deg, datatype: float64}
# - {name: dec, unit: deg, datatype: float64}
# - {name: distance, unit: kpc, datatype: float64}
# - {name: pm_ra_cosdec, unit: mas / yr, datatype: float64}
# - {name: pm_dec, unit: mas / yr, datatype: float64}
# - {name: radial_velocity, unit: km / s, datatype: float64}
# delimiter: ','
# meta: !!omap
# - __serialized_columns__:
#     dec:
#       __class__: astropy.coordinates.angles.Latitude
#       unit: &id001 !astropy.units.Unit {unit: deg}
#       value: !astropy.table.SerializedColumn {name: dec}
#     distance:
#       __class__: astropy.coordinates.distances.Distance
#       unit: !astropy.units.Unit {unit: kpc}
#       value: !astropy.table.SerializedColumn {name: distance}
#     pm_dec:
#       __class__: astropy.units.quantity.Quantity
#       unit: !astropy.units.Unit {unit: mas / yr}
#       value: !astropy.table.SerializedColumn {name: pm_dec}
#     pm_ra_cosdec:
#       __class__: astropy.units.quantity.Quantity
#       unit: !astropy.units.Unit {unit: mas / yr}
#       value: !astropy.table.SerializedColumn {name: pm_ra_cosdec}
#     ra:
#       __class__: astropy.coordinates.angles.Longitude
#       unit: *id001
#       value: !astropy.table.SerializedColumn {name: ra}
#       wrap_angle: !astropy.coordinates.Angle
#         unit: *id001
#         value: 360.0
#     radial_velocity:
#       __class__: astropy.units.quantity.Quantity
#       unit: !astropy.units.Unit {unit: km / s}
#       value: !astropy.table.SerializedColumn {name: radial_velocity}
# schema: astropy-2.0
ra,dec,distance,pm_ra_cosdec,pm_dec,radial_velocity
[from data line 692]
47.502981601259854,-56.3620352268731,19.459911970363084,1.6717659897546702,-2.211554060713941,1.6841534259744676e-14
47.50992115921398,-56.352846568996604,19.46296676512186,1.6719779772034884,-2.2110244358280835,1.6841534259744676e-14
47.51686050482993,-56.34365814518293,19.466019517014306,1.6721901031624218,-2.2104949495485857,1.6841534259744676e-14
47.52379965272888,-56.33446995799235,19.46907023297322,1.6724023679626738,-2.2099656005775197,1.6841534259744676e-14
47.53073861751999,-56.32528200998197,19.472118919931376,1.6726147719340467,-2.2094363876173064,0.0
47.537677413800225,-56.316094303706016,19.475165584821553,1.6728273154049318,-2.20890730937072,5.0524602779234026e-14
47.544616056154595,-56.306906841715445,19.478210234576537,1.6730399987023226,-2.2083783645408808,1.6841534259744676e-14
47.55155455915607,-56.29771962655821,19.48125287612911,1.6732528221518068,-2.2078495518312544,3.368306851948935e-14
47.55849293736558,-56.28853266077917,19.48429351641206,1.6734657860775766,-2.207320869945658,5.0524602779234026e-14
47.56543120533208,-56.27934594692009,19.487332162358154,1.6736788908024247,-2.2067923175882544,5.0524602779234026e-14
47.57236937759255,-56.27015948751965,19.49036882090019,1.6738921366477486,-2.206263893463553,5.0524602779234026e-14
47.57930746867191,-56.26097328511358,19.493403498970945,1.674105523933548,-2.2057355962764102,3.368306851948935e-14
47.58624549308323,-56.25178734223439,19.4964362035032,1.6743190529784342,-2.2052074247320306,1.6841534259744676e-14
47.59318346532764,-56.24260166141154,19.49946694142974,1.6745327240996275,-2.2046793775359603,-3.368306851948935e-14
47.600121399894334,-56.23341624517149,19.502495719683342,1.6747465376129576,-2.2041514533940925,5.0524602779234026e-14
47.60705931126059,-56.22423109603752,19.505522545196804,1.6749604938328666,-2.203623651012665,1.6841534259744676e-14
47.61399721389187,-56.21504621652989,19.50854742490288,1.675174593072414,-2.2030959690982623,5.0524602779234026e-14
47.62093512224166,-56.20586160916588,19.511570365734386,1.675388835643269,-2.2025684063578064,1.6841534259744676e-14
47.6278730507517,-56.19667727645956,19.514591374624075,1.6756032218557266,-2.2020409614985725,1.6841534259744676e-14
47.63481101385187,-56.18749322092201,19.51761045850475,1.6758177520186954,-2.2015136332281693,6.73661370389787e-14
47.64174902596024,-56.17830944506118,19.52062762430918,1.676032426439709,-2.200986420254555,3.368306851948935e-14
47.64868710148305,-56.16912595138203,19.523642878970147,1.6762472454249226,-2.200459321286027,6.73661370389787e-14
47.6556252548148,-56.159942742386384,19.52665622942045,1.6764622092791128,-2.1999323350312228,3.368306851948935e-14
47.66256350033824,-56.15075982057301,19.52966768259286,1.6766773183056893,-2.1994054601991255,1.6841534259744676e-14
47.6695018524243,-56.141577188437694,19.532677245420153,1.6768925728066824,-2.1988786954990567,5.0524602779234026e-14
47.676440325432246,-56.132394848473055,19.53568492483512,1.6771079730827576,-2.1983520396406786,1.6841534259744676e-14
47.683378933709626,-56.123212803168705,19.538690727770543,1.6773235194332072,-2.197825491333995,1.6841534259744676e-14
47.69031769159228,-56.11403105501116,19.5416946611592,1.6775392121559605,-2.197299049289348,5.0524602779234026e-14
47.69725661340437,-56.10484960648386,19.544696731933875,1.6777550515475794,-2.1967727122174194,0.0
47.704195713458425,-56.09566846006721,19.54769694702735,1.6779710379032624,-2.196246478829229,5.0524602779234026e-14
47.71113500605525,-56.08648761823861,19.550695313372415,1.6781871715168437,-2.1957203478361373,5.0524602779234026e-14
47.71807450548409,-56.07730708347229,19.553691837901848,1.6784034526807987,-2.1951943179498414,3.368306851948935e-14
47.725014226022566,-56.068126858239495,19.55668652754843,1.6786198816862457,-2.194668387882376,3.368306851948935e-14
47.73195418193672,-56.05894694500837,19.559679389244938,1.6788364588229427,-2.194142556346113,5.0524602779234026e-14
47.738894387480975,-56.049767346244,19.56267042992416,1.679053184379292,-2.193616822053762,3.368306851948935e-14
47.74583485689823,-56.04058806440846,19.56565965651888,1.679270058642346,-2.193091183718368,6.73661370389787e-14
47.75277560441985,-56.03140910196064,19.56864707596188,1.6794870818977996,-2.19256564005331,1.6841534259744676e-14
47.75971664426558,-56.02223046135661,19.57163269518594,1.6797042544299974,-2.1920401897723094,5.0524602779234026e-14
47.766657990643765,-56.013052145049144,19.574616521123836,1.6799215765219384,-2.191514831589416,1.6841534259744676e-14
47.773599657751205,-56.00387415548807,19.577598560708363,1.6801390484552687,-2.190989564219016,5.0524602779234026e-14
47.78054165977324,-55.994696495120124,19.580578820872297,1.6803566705102921,-2.190464386375831,0.0
47.78748401088372,-55.98551916638903,19.58355730854842,1.6805744429659668,-2.189939296774915,1.6841534259744676e-14
47.79442672524512,-55.97634217173537,19.586534030669515,1.680792366099906,-2.189414294131657,5.0524602779234026e-14
47.80136981700837,-55.967165513596804,19.589508994168366,1.6810104401883852,-2.1888893771617797,0.0
47.808313300313074,-55.957989194407844,19.592482205977756,1.6812286655063349,-2.188364544581335,3.368306851948935e-14
47.81525718928744,-55.948813216599945,19.595453673030466,1.6814470423273504,-2.18783979510671,5.0524602779234026e-14
47.82220149804829,-55.93963758260153,19.598423402259275,1.6816655709236912,-2.1873151274546236,3.368306851948935e-14
47.82914624070106,-55.93046229483796,19.60139140059697,1.6818842515662786,-2.1867905403421237,3.368306851948935e-14
47.836091431339895,-55.92128735573151,19.604357674976328,1.6821030845247023,-2.186266032486592,5.0524602779234026e-14
47.84303708404753,-55.91211276770154,19.607322232330144,1.6823220700672157,-2.185741602605737,6.73661370389787e-14
47.84998321289545,-55.90293853316418,19.610285079591186,1.6825412084607467,-2.185217249417604,3.368306851948935e-14
47.85692983194383,-55.893764654532625,19.613246223692244,1.68276049997089,-2.184692971640562,3.368306851948935e-14
47.86387695524159,-55.88459113421694,19.61620567156609,1.6829799448619145,-2.1841687679933095,5.0524602779234026e-14
47.87082459682633,-55.8754179746242,19.61916343014552,1.6831995433967624,-2.1836446371948774,6.73661370389787e-14
47.87777277072448,-55.86624517815838,19.622119506363312,1.6834192958370489,-2.1831205779646226,3.368306851948935e-14
47.884721490951215,-55.85707274722038,19.625073907152245,1.6836392024430704,-2.1825965890222294,1.6841534259744676e-14
47.89167077151042,-55.84790068420821,19.628026639445107,1.6838592634737966,-2.182072669087713,1.6841534259744676e-14
47.89862062639489,-55.838728991516646,19.63097771017468,1.6840794791868778,-2.181548816881413,0.0
47.9055710695862,-55.82955767153749,19.63392712627374,1.6842998498386483,-2.181025031123997,0.0
47.912522115054756,-55.82038672665948,19.63687489467507,1.684520375684123,-2.1805013105364583,1.6841534259744676e-14
47.919473776759844,-55.81121615926829,19.63982102231146,1.6847410569769992,-2.179977653840118,1.6841534259744676e-14
47.92642606864962,-55.80204597174652,19.64276551611568,1.6849618939696633,-2.179454059756619,1.6841534259744676e-14
47.93337900466104,-55.79287616647388,19.64570838302053,1.6851828869131826,-2.178930527007933,6.73661370389787e-14
47.940332598720076,-55.78370674582682,19.648649629958776,1.6854040360573197,-2.1784070543163567,-3.368306851948935e-14
47.94728686474158,-55.774537712178855,19.65158926386321,1.6856253416505211,-2.177883640404508,0.0
47.95424181662932,-55.76536906790042,19.65452729166661,1.6858468039399275,-2.1773602839953305,5.0524602779234026e-14
47.96119746827605,-55.75620081535889,19.65746372030176,1.686068423171373,-2.1768369838120925,3.368306851948935e-14
47.96815383356346,-55.74703295691861,19.66039855670144,1.6862901995893824,-2.176313738578383,6.73661370389787e-14
47.97511092636228,-55.7378654949408,19.66333180779844,1.6865121334371789,-2.175790547018116,1.6841534259744676e-14
47.98206876053213,-55.72869843178384,19.666263480525526,1.6867342249566795,-2.1752674078555265,3.368306851948935e-14
47.98902734992176,-55.719531769802835,19.6691935818155,1.6869564743885004,-2.174744319815172,5.0524602779234026e-14
47.99598670836892,-55.71036551134992,19.67212211860113,1.68717888197196,-2.1742212816219304,0.0
48.002946849700386,-55.701199658774215,19.675049097815208,1.6874014479450739,-2.173698292001002,5.0524602779234026e-14
48.00990778773204,-55.692034214421724,19.677974526390507,1.6876241725445615,-2.1731753496779076,1.6841534259744676e-14
48.016869536268835,-55.68286918063541,19.68089841125982,1.6878470560058467,-2.172652453378487,0.0
48.023832109104774,-55.67370455975529,19.68382075935592,1.6880700985630581,-2.1721296018289027,5.0524602779234026e-14
48.03079552002304,-55.664540354118216,19.686741577611595,1.6882933004490275,-2.1716067937556325,5.0524602779234026e-14
48.03775978279591,-55.65537656605803,19.689660872959628,1.6885166618952994,-2.171084027885478,1.6841534259744676e-14
48.04472491118484,-55.646213197905524,19.69257865233279,1.6887401831321243,-2.1705613029455564,1.6841534259744676e-14
48.05169091894043,-55.63705025198841,19.695494922663887,1.6889638643884644,-2.1700386176633017,5.0524602779234026e-14
48.05865781980247,-55.6278877306314,19.698409690885683,1.6891877058919917,-2.1695159707664695,3.368306851948935e-14
48.06562562749995,-55.61872563615608,19.701322963930956,1.6894117078690964,-2.168993360983132,3.368306851948935e-14
48.07259435575102,-55.609563970881126,19.704234748732496,1.6896358705448746,-2.168470787041677,0.0
48.07956401826314,-55.60040273712203,19.707145052223098,1.6898601941431457,-2.1679482476708087,3.368306851948935e-14
48.08653462873296,-55.591241937191285,19.710053881335522,1.6900846788864432,-2.1674257415995495,5.0524602779234026e-14
48.09350620084643,-55.58208157339831,19.712961243002564,1.6903093249960193,-2.166903267557236,5.0524602779234026e-14
48.10047874827873,-55.57292164804951,19.715867144157006,1.6905341326918444,-2.166380824273521,5.0524602779234026e-14
48.10745228469442,-55.56376216344812,19.718771591731624,1.690759102192615,-2.165858410478372,1.6841534259744676e-14
48.114426823747245,-55.554603121894566,19.7216745926592,1.6909842337157426,-2.1653360249020728,-1.6841534259744676e-14
48.12140237908035,-55.545444525686015,19.724576153872526,1.6912095274773653,-2.1648136662752173,0.0
48.12837896432623,-55.536286377116646,19.727476282304384,1.691434983692349,-2.164291333328717,5.0524602779234026e-14
48.13535659310672,-55.52712867847757,19.73037498488754,1.691660602574281,-2.1637690247937975,1.6841534259744676e-14
48.142335279033034,-55.517971432056854,19.73327226855479,1.691886384335481,-2.1632467394019934,3.368306851948935e-14
48.149315035705804,-55.50881464013948,19.73616814023892,1.692112329186992,-2.1627244758851534,5.0524602779234026e-14
48.15629587671497,-55.49965830500751,19.7390626068727,1.6923384373385906,-2.1622022329754422,3.368306851948935e-14
48.16327781563999,-55.49050242893979,19.741955675388915,1.692564708998782,-2.161680009405333,5.0524602779234026e-14
48.17026086604973,-55.481347014212204,19.744847352720356,1.6927911443748072,-2.161157803907609,3.368306851948935e-14
48.17724504150254,-55.47219206309754,19.747737645799802,1.6930177436726372,-2.160635615215367,5.0524602779234026e-14
48.18423035554617,-55.46303757786554,19.75062656156003,1.6932445070969793,-2.1601134420620145,3.368306851948935e-14
48.19121682171793,-55.453883560782906,19.75351410693383,1.6934714348512783,-2.1595912831812676,1.6841534259744676e-14
48.19820445354461,-55.44473001411322,19.756400288853975,1.6936985271377147,-2.1590691373071538,1.6841534259744676e-14
48.205193264542466,-55.43557694011718,19.75928511425326,1.6939257841572068,-2.15854700317401,3.368306851948935e-14
48.21218326821736,-55.42642434105225,19.76216859006445,1.6941532061094169,-2.158024879516482,1.6841534259744676e-14
48.219174478064645,-55.417272219172915,19.765050723220348,1.6943807931927413,-2.1575027650695224,6.73661370389787e-14
48.226166907569315,-55.40812057673055,19.76793152065372,1.694608545604326,-2.156980658568396,0.0
48.23316057020585,-55.39896941597356,19.770810989297352,1.6948364635400524,-2.156458558748672,1.6841534259744676e-14
48.24015547943845,-55.38981873914716,19.77368913608403,1.6950645471945578,-2.155936464346227,0.0
48.24715164872077,-55.380668548493716,19.776565967946542,1.695292796761211,-2.155414374097249,3.368306851948935e-14
48.25414909149622,-55.37151884625234,19.779441491817657,1.6955212124321388,-2.15489228673823,6.73661370389787e-14
48.26114782119781,-55.36236963465915,19.782315714630162,1.6957497943982132,-2.154370201005966,1.6841534259744676e-14
48.26814785124822,-55.35322091594724,19.785188643316843,1.695978542849053,-2.153848115637563,1.6841534259744676e-14
48.27514919505981,-55.344072692346586,19.78806028481048,1.6962074579730295,-2.1533260293704304,5.0524602779234026e-14
48.282151866034646,-55.33492496608408,19.79093064604386,1.696436539957269,-2.1528039409422837,1.6841534259744676e-14
48.289155877564404,-55.32577773938372,19.793799733949758,1.69666578898764,-2.1522818490911426,0.0
48.29616124303063,-55.31663101446626,19.796667555460957,1.6968952052487778,-2.151759752555331,1.6841534259744676e-14
48.303167975804506,-55.30748479354948,19.799534117510248,1.6971247889240644,-2.151237650073479,3.368306851948935e-14
48.31017608924702,-55.29833907884805,19.802399427030405,1.6973545401956411,-2.150715540384517,3.368306851948935e-14
48.31718559670893,-55.28919387257362,19.805263490954214,1.6975844592444067,-2.150193422227682,3.368306851948935e-14
48.324196511530744,-55.28004917693473,19.80812631621445,1.6978145462500172,-2.149671294342511,3.368306851948935e-14
48.331208847042845,-55.270904994136856,19.810987909743908,1.6980448013908902,-2.1491491554688444,5.0524602779234026e-14
48.33822261656529,-55.26176132638254,19.813848278475362,1.6982752248442,-2.148627004346828,3.368306851948935e-14
48.34523783340813,-55.252618175871085,19.816707429341594,1.6985058167858884,-2.148104839716905,0.0
48.35225451087119,-55.24347554479881,19.81956536927539,1.6987365773906546,-2.147582660319821,1.6841534259744676e-14
48.35927266224416,-55.234333435358955,19.822422105209537,1.6989675068319665,-2.1470604648966236,5.0524602779234026e-14
48.36629230080663,-55.225191849741684,19.825277644076802,1.6991986052820558,-2.1465382521886633,3.368306851948935e-14
48.37331343982812,-55.21605079013404,19.828131992809986,1.6994298729119186,-2.1460160209375823,0.0
48.380336092567944,-55.20691025872017,19.830985158341857,1.69966130989132,-2.1454937698853347,1.6841534259744676e-14
48.387360272275444,-55.197770257680986,19.8338371476052,1.6998929163887933,-2.144971497774166,3.368306851948935e-14
48.394385992189896,-55.18863078919437,19.836687967532804,1.700124692571641,-2.144449203346621,3.368306851948935e-14
48.401413265540505,-55.17949185543515,19.83953762505745,1.700356638605937,-2.143926885345548,1.6841534259744676e-14
48.40844210554647,-55.170353458575086,19.842386127111908,1.7005887546565268,-2.143404542514089,5.0524602779234026e-14
48.41547252541699,-55.16121560078283,19.845233480628977,1.700821040887027,-2.1428821735956873,0.0
48.422504538351255,-55.15207828422395,19.84807969254143,1.7010534974598306,-2.1423597773340806,0.0
48.429538157538445,-55.14294151106108,19.850924769782054,1.7012861245361024,-2.1418373524733063,0.0
48.436573396157826,-55.13380528345362,19.85376871928363,1.7015189222757858,-2.1413148977576992,3.368306851948935e-14
48.44361026737868,-55.12466960355793,19.856611547978936,1.7017518908376001,-2.1407924119318893,0.0
48.450648784360396,-55.11553447352734,19.859453262800763,1.701985030379041,-2.140269893740801,3.368306851948935e-14
48.457688960252376,-55.106399895512055,19.86229387068188,1.702218341056387,-2.1397473419296595,1.6841534259744676e-14
48.46473080819426,-55.097265871659175,19.865133378555083,1.702451823024695,-2.1392247552439794,5.0524602779234026e-14
