galstreams/tracks/track.ep.Turbio.shipp2018.ecsv
# %ECSV 0.9
# ---
# datatype:
# - {name: ra, unit: deg, datatype: float64}
# - {name: dec, unit: deg, datatype: float64}
# - {name: distance, unit: kpc, datatype: float64}
# - {name: pm_ra_cosdec, unit: mas / yr, datatype: float64}
# - {name: pm_dec, unit: mas / yr, datatype: float64}
# - {name: radial_velocity, unit: km / s, datatype: float64}
# delimiter: ','
# meta: !!omap
# - __serialized_columns__:
#     dec:
#       __class__: astropy.coordinates.angles.Latitude
#       unit: &id001 !astropy.units.Unit {unit: deg}
#       value: !astropy.table.SerializedColumn {name: dec}
#     distance:
#       __class__: astropy.coordinates.distances.Distance
#       unit: !astropy.units.Unit {unit: kpc}
#       value: !astropy.table.SerializedColumn {name: distance}
#     pm_dec:
#       __class__: astropy.units.quantity.Quantity
#       unit: !astropy.units.Unit {unit: mas / yr}
#       value: !astropy.table.SerializedColumn {name: pm_dec}
#     pm_ra_cosdec:
#       __class__: astropy.units.quantity.Quantity
#       unit: !astropy.units.Unit {unit: mas / yr}
#       value: !astropy.table.SerializedColumn {name: pm_ra_cosdec}
#     ra:
#       __class__: astropy.coordinates.angles.Longitude
#       unit: *id001
#       value: !astropy.table.SerializedColumn {name: ra}
#       wrap_angle: !astropy.coordinates.Angle
#         unit: *id001
#         value: 360.0
#     radial_velocity:
#       __class__: astropy.units.quantity.Quantity
#       unit: !astropy.units.Unit {unit: km / s}
#       value: !astropy.table.SerializedColumn {name: radial_velocity}
# schema: astropy-2.0
ra,dec,distance,pm_ra_cosdec,pm_dec,radial_velocity
27.999999245121174,-61.000000001714355,16.600000000000005,2.3,2.0,0.0
27.999272656573858,-60.92462337173192,16.600000000000005,2.3,2.0,0.0
27.99854949813821,-60.84924673785454,16.600000000000005,2.3,2.0,0.0
27.99782974309655,-60.7738701001125,16.600000000000005,2.3,2.0,0.0
27.997113365005504,-60.69849345853592,16.600000000000005,2.3,2.0,0.0
27.996400337692556,-60.62311681315449,16.6,2.3,2.0,0.0
27.99569063525252,-60.547740163997545,16.6,2.3,2.0,0.0
27.99498423204415,-60.472363511094336,16.6,2.3,2.0,0.0
27.994281102686788,-60.39698685447361,16.600000000000005,2.3,2.0,0.0
27.993581222057028,-60.32161019416384,16.600000000000005,2.3,2.0,0.0
27.992884565285497,-60.2462335301934,16.600000000000005,2.3,2.0,0.0
27.9921911077536,-60.17085686259014,16.600000000000005,2.3,2.0,0.0
27.99150082509038,-60.09548019138179,16.600000000000005,2.3,2.0,0.0
27.990813693169418,-60.02010351659566,16.6,2.3,2.0,0.0
27.99012968810573,-59.94472683825899,16.600000000000005,2.3,2.0,0.0
27.989448786252773,-59.86935015639856,16.600000000000005,2.3,2.0,0.0
27.98877096419947,-59.793973471040914,16.600000000000005,2.3,2.0,0.0
27.988096198767263,-59.7185967822125,16.6,2.3,2.0,0.0
27.987424467007244,-59.6432200899393,16.6,2.3,2.0,0.0
27.986755746197275,-59.567843394247056,16.600000000000005,2.2999999999999994,2.0,0.0
27.986090013839224,-59.492466695161426,16.600000000000005,2.3,2.0,0.0
27.98542724765621,-59.41708999270767,16.6,2.3,2.0,0.0
27.98476742558982,-59.34171328691082,16.6,2.3,2.0,0.0
27.9841105257975,-59.266336577795634,16.6,2.3,2.0,0.0
27.983456526649874,-59.19095986538677,16.600000000000005,2.3,2.0,0.0
27.98280540672814,-59.11558314970849,16.600000000000005,2.3,2.0,0.0
27.982157144821542,-59.04020643078485,16.6,2.3,2.0,0.0
27.9815117199248,-58.96482970863979,16.600000000000005,2.3,2.0,0.0
27.980869111235645,-58.889452983296884,16.600000000000005,2.3,2.0,0.0
27.980229298152345,-58.81407625477952,16.600000000000005,2.3,2.0,0.0
27.979592260271307,-58.738699523110824,16.600000000000005,2.3,2.0,0.0
27.97895797738468,-58.66332278831384,16.600000000000005,2.3,2.0,0.0
27.978326429478034,-58.58794605041125,16.600000000000005,2.3,2.0,0.0
27.97769759672797,-58.512569309425494,16.600000000000005,2.3,2.0,0.0
27.977071459499943,-58.43719256537899,16.6,2.3,2.0,0.0
27.976447998345918,-58.36181581829376,16.6,2.3,2.0,0.0
27.9758271940022,-58.28643906819164,16.600000000000005,2.3,2.0,0.0
27.97520902738724,-58.21106231509439,16.6,2.3,2.0,0.0
27.974593479599474,-58.13568555902342,16.6,2.3,2.0,0.0
27.97398053191523,-58.06030880000001,16.6,2.3,2.0,0.0
27.973370165786548,-57.98493203804512,16.600000000000005,2.3,2.0,0.0
27.972762362839212,-57.90955527317977,16.6,2.3,2.0,0.0
27.972157104870682,-57.83417850542456,16.6,2.3,2.0,0.0
27.971554373848043,-57.75880173479991,16.600000000000005,2.3,2.0,0.0
27.970954151906096,-57.68342496132622,16.600000000000005,2.3,2.0,0.0
27.970356421345336,-57.60804818502352,16.600000000000005,2.3,2.0,0.0
27.969761164630082,-57.532671405911685,16.600000000000005,2.3,2.0,0.0
27.96916836438655,-57.45729462401056,16.600000000000005,2.3,2.0,0.0
27.968578003401,-57.38191783933959,16.6,2.3,2.0,0.0
27.967990064617872,-57.3065410519182,16.6,2.3,2.0,0.0
27.96740453113797,-57.23116426176549,16.600000000000005,2.3,2.0,0.0
27.966821386216672,-57.15578746890059,16.600000000000005,2.3,2.0,0.0
27.966240613262165,-57.08041067334229,16.600000000000005,2.3000000000000003,2.0,0.0
27.965662195833673,-57.0050338751092,16.600000000000005,2.2999999999999994,2.0,0.0
27.965086117639782,-56.92965707421994,16.600000000000005,2.3,2.0,0.0
27.964512362536684,-56.854280270692776,16.600000000000005,2.3,2.0,0.0
27.96394091452653,-56.77890346454581,16.6,2.3000000000000003,2.0,0.0
27.963371757755798,-56.70352665579717,16.6,2.3,2.0,0.0
27.962804876513612,-56.62814984446463,16.6,2.3,2.0,0.0
27.962240255230178,-56.55277303056589,16.600000000000005,2.3,2.0,0.0
27.961677878475175,-56.477396214118386,16.600000000000005,2.3,2.0,0.0
27.9611177309562,-56.402019395139604,16.6,2.3,2.0,0.0
27.9605597975172,-56.32664257364672,16.600000000000005,2.3,2.0,0.0
27.96000406313699,-56.25126574965671,16.600000000000005,2.3,2.0,0.0
27.959450512927702,-56.175888923186605,16.600000000000005,2.3,2.0,0.0
27.958899132133354,-56.10051209425309,16.6,2.3,2.0,0.0
27.958349906128312,-56.025135262872794,16.6,2.3,2.0,0.0
27.957802820415935,-55.9497584290621,16.6,2.3,2.0,0.0
27.957257860627085,-55.874381592837445,16.600000000000005,2.3,2.0,0.0
27.956715012518746,-55.799004754214955,16.6,2.3000000000000003,2.0,0.0
27.956174261972624,-55.723627913210606,16.600000000000005,2.3,2.0,0.0
27.955635594993787,-55.648251069840384,16.6,2.3,2.0,0.0
27.95509899770932,-55.57287422411999,16.6,2.3,2.0,0.0
27.954564456366985,-55.497497376065,16.6,2.3,2.0,0.0
27.954031957333886,-55.42212052569099,16.600000000000005,2.3,2.0,0.0
27.953501487095195,-55.346743673013265,16.600000000000005,2.3,2.0,0.0
27.952973032252846,-55.27136681804703,16.6,2.3,2.0,0.0
27.952446579524327,-55.1959899608073,16.6,2.3,2.0,0.0
27.951922115741336,-55.12061310130917,16.600000000000005,2.3,2.0,0.0
27.951399627848634,-55.04523623956737,16.6,2.3,2.0,0.0
27.95087910290277,-54.96985937559658,16.600000000000005,2.3,2.0,0.0
27.950360528070927,-54.894482509411446,16.6,2.3,2.0,0.0
27.9498438906297,-54.81910564102639,16.600000000000005,2.3,2.0,0.0
27.94932917796393,-54.74372877045567,16.600000000000005,2.3,2.0,0.0
27.948816377565567,-54.668351897713606,16.6,2.3,2.0,0.0
27.948305477032527,-54.592975022814215,16.6,2.3,2.0,0.0
27.94779646406752,-54.517598145771466,16.6,2.3,2.0,0.0
27.947289326477016,-54.442221266599155,16.600000000000005,2.3,2.0,0.0
27.94678405217007,-54.36684438531112,16.6,2.3,2.0,0.0
27.946280629157297,-54.2914675019209,16.6,2.3,2.0,0.0
27.945779045549763,-54.21609061644195,16.600000000000005,2.3,2.0,0.0
27.94527928955796,-54.1407137288878,16.600000000000005,2.3,2.0,0.0
27.944781349490707,-54.06533683927164,16.600000000000005,2.3,2.0,0.0
27.9442852137542,-53.98995994760657,16.600000000000005,2.3,2.0,0.0
27.943790870850915,-53.91458305390577,16.6,2.3,2.0,0.0
27.94329830937868,-53.839206158182144,16.6,2.3,2.0,0.0
27.94280751802959,-53.76382926044851,16.600000000000005,2.3,2.0,0.0
27.942318485589126,-53.68845236071757,16.6,2.3,2.0,0.0
27.94183120093511,-53.61307545900204,16.600000000000005,2.3,2.0,0.0
27.94134565303678,-53.53769855531441,16.600000000000005,2.3,2.0,0.0
27.94086183095387,-53.46232164966706,16.600000000000005,2.3,2.0,0.0
27.94037972383562,-53.38694474207236,16.600000000000005,2.3,2.0,0.0
27.939899320919917,-53.311567832542515,16.6,2.3,2.0,0.0
27.93942061153233,-53.23619092108965,16.6,2.3,2.0,0.0
27.938943585085248,-53.16081400772578,16.600000000000005,2.3,2.0,0.0
27.938468231076985,-53.08543709246285,16.600000000000005,2.3,2.0,0.0
27.9379945390909,-53.01006017531266,16.600000000000005,2.3,2.0,0.0
27.93752249879453,-52.93468325628695,16.600000000000005,2.3,2.0,0.0
27.937052099938732,-52.85930633539738,16.600000000000005,2.3,2.0,0.0
27.936583332356847,-52.78392941265547,16.600000000000005,2.3,2.0,0.0
27.93611618596386,-52.70855248807269,16.600000000000005,2.3,2.0,0.0
27.93565065075558,-52.63317556166038,16.600000000000005,2.3,2.0,0.0
27.9351867168078,-52.55779863342981,16.6,2.3,2.0,0.0
27.934724374275543,-52.48242170339218,16.6,2.3,2.0,0.0
27.934263613392222,-52.40704477155856,16.6,2.3,2.0,0.0
27.93380442446887,-52.33166783793997,16.600000000000005,2.3,2.0,0.0
27.933346797893364,-52.25629090254731,16.600000000000005,2.3,2.0,0.0
27.932890724129667,-52.18091396539142,16.600000000000005,2.3,2.0,0.0
27.932436193717045,-52.10553702648303,16.6,2.3,2.0,0.0
27.931983197269332,-52.030160085832804,16.6,2.3,2.0,0.0
27.931531725474215,-51.954783143451316,16.6,2.3,2.0,0.0
27.931081769092458,-51.87940619934906,16.600000000000005,2.3,2.0,0.0
27.930633318957213,-51.80402925353645,16.6,2.3,2.0,0.0
27.93018636597329,-51.7286523060238,16.600000000000005,2.3,2.0,0.0
27.929740901116457,-51.65327535682136,16.6,2.3,2.0,0.0
27.92929691543274,-51.5778984059393,16.6,2.3,2.0,0.0
27.928854400037736,-51.502521453387715,16.600000000000005,2.3,2.0,0.0
27.928413346115942,-51.427144499176606,16.6,2.3,2.0,0.0
27.927973744920063,-51.351767543315916,16.6,2.3,2.0,0.0
27.927535587770347,-51.276390585815484,16.6,2.3,2.0,0.0
27.92709886605396,-51.20101362668511,16.6,2.3,2.0,0.0
27.92666357122428,-51.125636665934486,16.6,2.3,2.0,0.0
27.92622969480033,-51.05025970357324,16.6,2.3,2.0,0.0
27.925797228366065,-50.97488273961095,16.600000000000005,2.3,2.0,0.0
27.92536616356979,-50.89950577405707,16.600000000000005,2.3,2.0,0.0
27.924936492123553,-50.82412880692103,16.600000000000005,2.3,2.0,0.0
27.924508205802464,-50.74875183821216,16.600000000000005,2.3,2.0,0.0
27.924081296444168,-50.673374867939735,16.600000000000005,2.3,2.0,0.0
27.923655755948218,-50.59799789611296,16.6,2.3,2.0,0.0
27.923231576275445,-50.522620922740934,16.6,2.3,2.0,0.0
27.922808749447448,-50.44724394783275,16.6,2.3,2.0,0.0
27.922387267545915,-50.37186697139738,16.600000000000005,2.3,2.0,0.0
27.921967122712168,-50.29648999344377,16.6,2.3,2.0,0.0
27.921548307146494,-50.22111301398074,16.6,2.3,2.0,0.0
27.921130813107645,-50.14573603301711,16.6,2.3,2.0,0.0
27.920714632912283,-50.070359050561606,16.6,2.3,2.0,0.0
27.920299758934387,-49.99498206662287,16.6,2.3,2.0,0.0
27.919886183604774,-49.9196050812095,16.600000000000005,2.3,2.0,0.0
27.919473899410523,-49.844228094330035,16.6,2.3,2.0,0.0
27.919062898894452,-49.76885110599294,16.600000000000005,2.3,2.0,0.0
27.91865317465463,-49.693474116206616,16.6,2.3,2.0,0.0
27.918244719343793,-49.61809712497941,16.6,2.3,2.0,0.0
27.91783752566891,-49.542720132319594,16.600000000000005,2.3,2.0,0.0
27.91743158639062,-49.4673431382354,16.6,2.3,2.0,0.0
27.917026894322753,-49.39196614273499,16.600000000000005,2.3,2.0,0.0
27.916623442331858,-49.31658914582645,16.600000000000005,2.3,2.0,0.0
27.91622122333666,-49.241212147517835,16.600000000000005,2.3,2.0,0.0
27.915820230307656,-49.16583514781713,16.600000000000005,2.3,2.0,0.0
27.915420456266528,-49.09045814673224,16.6,2.3,2.0,0.0
27.91502189428579,-49.01508114427104,16.600000000000005,2.3,2.0,0.0
27.914624537488233,-48.93970414044134,16.6,2.3,2.0,0.0
27.91422837904651,-48.8643271352509,16.600000000000005,2.3,2.0,0.0
27.913833412182655,-48.78895012870741,16.600000000000005,2.3,2.0,0.0
27.913439630167645,-48.713573120818516,16.6,2.3,2.0,0.0
27.91304702632093,-48.63819611159179,16.600000000000005,2.3,2.0,0.0
27.912655594010033,-48.562819101034776,16.600000000000005,2.3,2.0,0.0
27.91226532665008,-48.487442089154946,16.6,2.3,2.0,0.0
27.91187621770334,-48.41206507595972,16.600000000000005,2.3,2.0,0.0
27.911488260678894,-48.336688061456485,16.6,2.3,2.0,0.0
27.91110144913209,-48.26131104565254,16.6,2.3,2.0,0.0
27.910715776664222,-48.18593402855516,16.600000000000005,2.3,2.0,0.0
27.91033123692205,-48.11055701017157,16.6,2.3,2.0,0.0
27.90994782359744,-48.035179990508894,16.6,2.3,2.0,0.0
27.909565530426928,-47.95980296957429,16.600000000000005,2.3,2.0,0.0
27.909184351191307,-47.88442594737479,16.6,2.3,2.0,0.0
27.90880427971528,-47.80904892391742,16.6,2.3,2.0,0.0
27.908425309867017,-47.73367189920915,16.6,2.3,2.0,0.0
27.908047435557794,-47.65829487325688,16.600000000000005,2.3,2.0,0.0
27.907670650741597,-47.58291784606747,16.600000000000005,2.3,2.0,0.0
27.907294949414766,-47.50754081764775,16.600000000000005,2.3,2.0,0.0
27.906920325615555,-47.432163788004495,16.600000000000005,2.3,2.0,0.0
27.906546773423855,-47.356786757144405,16.6,2.3,2.0,0.0
27.906174286960738,-47.28140972507417,16.6,2.3,2.0,0.0
27.905802860388146,-47.20603269180042,16.6,2.3,2.0,0.0
27.905432487908516,-47.13065565732975,16.600000000000005,2.3,2.0,0.0
27.905063163764414,-47.05527862166866,16.600000000000005,2.3,2.0,0.0
27.904694882238196,-46.97990158482368,16.6,2.3,2.0,0.0
27.90432763765164,-46.90452454680124,16.600000000000005,2.3,2.0,0.0
27.90396142436563,-46.82914750760776,16.6,2.3,2.0,0.0
27.903596236779787,-46.75377046724957,16.6,2.3,2.0,0.0
27.903232069332137,-46.678393425733006,16.600000000000005,2.3,2.0,0.0
27.902868916498786,-46.603016383064336,16.6,2.3,2.0,0.0
27.902506772793576,-46.52763933924979,16.6,2.3,2.0,0.0
27.902145632767777,-46.452262294295565,16.600000000000005,2.3,2.0,0.0
27.901785491009733,-46.37688524820779,16.6,2.3,2.0,0.0
27.90142634214456,-46.30150820099257,16.6,2.3,2.0,0.0
27.901068180833832,-46.22613115265598,16.600000000000005,2.3,2.0,0.0
27.900711001775257,-46.15075410320404,16.6,2.3,2.0,0.0
27.90035479970235,-46.07537705264271,16.6,2.3,2.0,0.0
27.899999569384164,-46.00000000097794,16.600000000000005,2.3,2.0,0.0
