galstreams/tracks/track.st.Pegasus.perottoni2019.ecsv
# %ECSV 0.9
# ---
# datatype:
# - {name: ra, unit: deg, datatype: float64}
# - {name: dec, unit: deg, datatype: float64}
# - {name: distance, unit: kpc, datatype: float64}
# - {name: pm_ra_cosdec, unit: mas / yr, datatype: float64}
# - {name: pm_dec, unit: mas / yr, datatype: float64}
# - {name: radial_velocity, unit: km / s, datatype: float64}
# delimiter: ','
# meta: !!omap
# - __serialized_columns__:
#     dec:
#       __class__: astropy.coordinates.angles.Latitude
#       unit: &id001 !astropy.units.Unit {unit: deg}
#       value: !astropy.table.SerializedColumn {name: dec}
#     distance:
#       __class__: astropy.coordinates.distances.Distance
#       unit: !astropy.units.Unit {unit: kpc}
#       value: !astropy.table.SerializedColumn {name: distance}
#     pm_dec:
#       __class__: astropy.units.quantity.Quantity
#       unit: !astropy.units.Unit {unit: mas / yr}
#       value: !astropy.table.SerializedColumn {name: pm_dec}
#     pm_ra_cosdec:
#       __class__: astropy.units.quantity.Quantity
#       unit: !astropy.units.Unit {unit: mas / yr}
#       value: !astropy.table.SerializedColumn {name: pm_ra_cosdec}
#     ra:
#       __class__: astropy.coordinates.angles.Longitude
#       unit: *id001
#       value: !astropy.table.SerializedColumn {name: ra}
#       wrap_angle: !astropy.coordinates.Angle
#         unit: *id001
#         value: 360.0
#     radial_velocity:
#       __class__: astropy.units.quantity.Quantity
#       unit: !astropy.units.Unit {unit: km / s}
#       value: !astropy.table.SerializedColumn {name: radial_velocity}
# schema: astropy-2.0
ra,dec,distance,pm_ra_cosdec,pm_dec,radial_velocity
[from data line 474]
330.9780546034291,24.95346149190595,17.999999999999982,0.0,0.0,0.0
330.9839733468962,24.961908131095342,17.99999999999998,0.0,0.0,0.0
330.98989372332125,24.970354067862225,17.99999999999998,0.0,0.0,0.0
330.99581573341715,24.978799301867273,17.999999999999982,0.0,0.0,0.0
331.00173937789725,24.987243832770993,17.999999999999975,0.0,0.0,0.0
331.007664657475,24.995687660233692,17.999999999999975,0.0,0.0,0.0
331.013591572864,25.004130783915556,17.999999999999982,0.0,0.0,0.0
331.019520124778,25.01257320347659,17.999999999999975,0.0,0.0,0.0
331.025450313931,25.021014918576615,17.99999999999998,0.0,0.0,0.0
331.0313821410373,25.029455928875304,17.999999999999975,0.0,0.0,0.0
331.0373156068111,25.037896234032146,17.999999999999975,0.0,0.0,0.0
331.0432507119671,25.046335833706475,17.99999999999998,0.0,0.0,0.0
331.0491874572199,25.054774727557465,17.999999999999982,0.0,0.0,0.0
331.05512584328443,25.063212915244094,17.999999999999975,0.0,0.0,0.0
331.0610658708759,25.071650396425195,17.999999999999975,0.0,0.0,0.0
331.0670075407095,25.080087170759437,17.99999999999998,0.0,0.0,0.0
331.0729508535007,25.088523237905292,17.999999999999975,0.0,0.0,0.0
331.0788958099652,25.0969585975211,17.999999999999975,0.0,0.0,0.0
331.08484241081885,25.105393249265003,17.99999999999998,0.0,0.0,0.0
331.09079065677764,25.11382719279499,17.99999999999998,0.0,0.0,0.0
331.0967405485579,25.12226042776887,17.99999999999998,0.0,0.0,0.0
331.1026920868758,25.130692953844306,17.999999999999975,0.0,0.0,0.0
331.10864527244814,25.139124770678755,17.999999999999975,0.0,0.0,0.0
331.1146001059916,25.147555877929534,17.99999999999998,0.0,0.0,0.0
331.1205565882232,25.155986275253778,17.99999999999997,0.0,0.0,0.0
331.12651471986,25.16441596230846,17.999999999999975,0.0,0.0,0.0
331.13247450161947,25.17284493875037,17.999999999999975,0.0,0.0,0.0
331.13843593421893,25.181273204236135,17.999999999999975,0.0,0.0,0.0
331.14439901837625,25.18970075842223,17.999999999999975,0.0,0.0,0.0
331.1503637548093,25.19812760096492,17.999999999999982,0.0,0.0,0.0
331.15633014423605,25.206553731520323,17.99999999999998,0.0,0.0,0.0
331.16229818737486,25.214979149744394,17.999999999999975,0.0,0.0,0.0
331.1682678849442,25.223403855292904,17.999999999999975,0.0,0.0,0.0
331.1742392376626,25.231827847821446,17.999999999999975,0.0,0.0,0.0
331.180212246249,25.240251126985477,17.999999999999975,0.0,0.0,0.0
331.18618691142234,25.248673692440214,17.999999999999975,0.0,0.0,0.0
331.1921632339018,25.25709554384079,17.999999999999975,0.0,0.0,0.0
331.19814121440686,25.265516680842083,17.99999999999998,0.0,0.0,0.0
331.20412085365695,25.273937103098856,17.999999999999975,0.0,0.0,0.0
331.210102152372,25.282356810265686,17.99999999999998,0.0,0.0,0.0
331.2160851112718,25.29077580199697,17.999999999999975,0.0,0.0,0.0
331.22206973107654,25.299194077946915,17.99999999999998,0.0,0.0,0.0
331.22805601250656,25.307611637769597,17.999999999999975,0.0,0.0,0.0
331.23404395628233,25.31602848111888,17.99999999999998,0.0,0.0,0.0
331.24003356312454,25.324444607648484,17.999999999999975,0.0,0.0,0.0
331.2460248337541,25.332860017011946,17.99999999999998,0.0,0.0,0.0
331.2520177688921,25.341274708862613,17.999999999999975,0.0,0.0,0.0
331.25801236925975,25.349688682853678,17.99999999999997,0.0,0.0,0.0
331.2640086355785,25.35810193863816,17.99999999999998,0.0,0.0,0.0
331.2700065685699,25.3665144758689,17.99999999999998,0.0,0.0,0.0
331.27600616895586,25.37492629419855,17.99999999999998,0.0,0.0,0.0
331.2820074374584,25.383337393279607,17.99999999999997,0.0,0.0,0.0
331.2880103747997,25.391747772764393,17.99999999999997,0.0,0.0,0.0
331.29401498170205,25.400157432305047,17.99999999999997,0.0,0.0,0.0
331.30002125888814,25.408566371553537,17.99999999999997,0.0,0.0,0.0
331.30602920708066,25.41697459016165,17.999999999999975,0.0,0.0,0.0
331.31203882700254,25.425382087781013,17.999999999999968,0.0,0.0,0.0
331.318050119377,25.43378886406305,17.999999999999968,0.0,0.0,0.0
331.32406308492716,25.442194918659045,17.99999999999997,0.0,0.0,0.0
331.33007772437674,25.450600251220074,17.999999999999975,0.0,0.0,0.0
331.33609403844935,25.45900486139707,17.99999999999997,0.0,0.0,0.0
331.3421120278689,25.467408748840757,17.99999999999997,0.0,0.0,0.0
331.34813169335933,25.475811913201692,17.999999999999975,0.0,0.0,0.0
331.3541530356451,25.484214354130284,17.99999999999997,0.0,0.0,0.0
331.3601760554505,25.492616071276714,17.99999999999997,0.0,0.0,0.0
331.3662007535002,25.501017064291037,17.999999999999975,0.0,0.0,0.0
331.3722271305191,25.509417332823098,17.999999999999975,0.0,0.0,0.0
331.3782551872321,25.51781687652258,17.99999999999997,0.0,0.0,0.0
331.3842849243645,25.526215695038978,17.99999999999997,0.0,0.0,0.0
331.3903163426416,25.53461378802162,17.99999999999997,0.0,0.0,0.0
331.396349442789,25.543011155119654,17.99999999999997,0.0,0.0,0.0
331.40238422553256,25.55140779598205,17.99999999999997,0.0,0.0,0.0
331.4084206915981,25.559803710257597,17.99999999999997,0.0,0.0,0.0
331.41445884171185,25.568198897594904,17.999999999999975,0.0,0.0,0.0
331.42049867660006,25.576593357642405,17.99999999999997,0.0,0.0,0.0
331.4265401969893,25.584987090048358,17.999999999999968,0.0,0.0,0.0
331.43258340360626,25.593380094460844,17.99999999999997,0.0,0.0,0.0
331.4386282971779,25.601772370527755,17.99999999999997,0.0,0.0,0.0
331.4446748784312,25.610163917896816,17.999999999999968,0.0,0.0,0.0
331.4507231480936,25.618554736215568,17.99999999999997,0.0,0.0,0.0
331.45677310689234,25.626944825131364,17.999999999999968,0.0,0.0,0.0
331.4628247555553,25.6353341842914,17.999999999999968,0.0,0.0,0.0
331.4688780948101,25.643722813342652,17.99999999999997,0.0,0.0,0.0
331.47493312538495,25.65211071193197,17.999999999999968,0.0,0.0,0.0
331.48098984800805,25.660497879705982,17.99999999999997,0.0,0.0,0.0
331.48704826340764,25.668884316311157,17.999999999999968,0.0,0.0,0.0
331.4931083723125,25.67727002139377,17.99999999999997,0.0,0.0,0.0
331.49917017545135,25.68565499459992,17.999999999999968,0.0,0.0,0.0
331.5052336735532,25.694039235575534,17.999999999999968,0.0,0.0,0.0
331.5112988673472,25.702422743966345,17.99999999999997,0.0,0.0,0.0
331.5173657575627,25.710805519417917,17.999999999999968,0.0,0.0,0.0
331.5234343449292,25.719187561575623,17.99999999999997,0.0,0.0,0.0
331.5295046301765,25.727568870084664,17.999999999999968,0.0,0.0,0.0
331.53557661403454,25.73594944459005,17.999999999999964,0.0,0.0,0.0
331.54165029723333,25.74432928473661,17.999999999999964,0.0,0.0,0.0
331.5477256805033,25.75270839016901,17.999999999999968,0.0,0.0,0.0
331.5538027645748,25.761086760531686,17.999999999999964,0.0,0.0,0.0
331.5598815501787,25.769464395468955,17.999999999999968,0.0,0.0,0.0
331.5659620380457,25.77784129462491,17.999999999999964,0.0,0.0,0.0
331.572044228907,25.786217457643474,17.999999999999968,0.0,0.0,0.0
331.57812812349374,25.79459288416838,17.999999999999968,0.0,0.0,0.0
331.5842137225374,25.80296757384319,17.999999999999964,0.0,0.0,0.0
331.5903010267696,25.811341526311267,17.999999999999968,0.0,0.0,0.0
331.5963900369223,25.8197147412158,17.999999999999968,0.0,0.0,0.0
331.60248075372726,25.828087218199805,17.999999999999968,0.0,0.0,0.0
331.60857317791687,25.836458956906103,17.999999999999964,0.0,0.0,0.0
331.6146673102235,25.844829956977314,17.999999999999964,0.0,0.0,0.0
331.62076315137966,25.85320021805591,17.99999999999996,0.0,0.0,0.0
331.6268607021182,25.86156973978415,17.999999999999964,0.0,0.0,0.0
331.6329599631721,25.869938521804123,17.999999999999968,0.0,0.0,0.0
331.63906093527436,25.87830656375774,17.999999999999964,0.0,0.0,0.0
331.6451636191585,25.88667386528669,17.999999999999957,0.0,0.0,0.0
331.65126801555795,25.895040426032526,17.99999999999996,0.0,0.0,0.0
331.65737412520645,25.903406245636585,17.99999999999996,0.0,0.0,0.0
331.663481948838,25.911771323740034,17.99999999999996,0.0,0.0,0.0
331.6695914871866,25.92013565998384,17.99999999999996,0.0,0.0,0.0
331.6757027409866,25.92849925400879,17.999999999999964,0.0,0.0,0.0
331.68181571097244,25.936862105455507,17.99999999999996,0.0,0.0,0.0
331.68793039787886,25.945224213964387,17.999999999999964,0.0,0.0,0.0
331.69404680244065,25.953585579175677,17.99999999999996,0.0,0.0,0.0
331.700164925393,25.9619462007294,17.999999999999964,0.0,0.0,0.0
331.70628476747106,25.970306078265445,17.99999999999996,0.0,0.0,0.0
331.7124063294102,25.978665211423458,17.99999999999996,0.0,0.0,0.0
331.7185296119462,25.98702359984294,17.99999999999996,0.0,0.0,0.0
331.7246546158148,25.995381243163173,17.99999999999996,0.0,0.0,0.0
331.73078134175205,26.003738141023288,17.999999999999964,0.0,0.0,0.0
331.7369097904941,26.012094293062205,17.99999999999996,0.0,0.0,0.0
331.74303996277746,26.020449698918643,17.999999999999957,0.0,0.0,0.0
331.7491718593386,26.02880435823116,17.999999999999957,0.0,0.0,0.0
331.75530548091433,26.037158270638127,17.999999999999964,0.0,0.0,0.0
331.7614408282416,26.045511435777698,17.999999999999964,0.0,0.0,0.0
331.76757790205767,26.053863853287872,17.999999999999964,0.0,0.0,0.0
331.77371670309975,26.062215522806433,17.99999999999996,0.0,0.0,0.0
331.7798572321054,26.070566443970993,17.99999999999996,0.0,0.0,0.0
331.78599948981247,26.078916616418976,17.999999999999957,0.0,0.0,0.0
331.79214347695876,26.087266039787597,17.999999999999957,0.0,0.0,0.0
331.7982891942824,26.095614713713907,17.999999999999957,0.0,0.0,0.0
331.80443664252175,26.10396263783476,17.999999999999957,0.0,0.0,0.0
331.8105858224153,26.112309811786805,17.99999999999996,0.0,0.0,0.0
331.8167367347018,26.120656235206518,17.999999999999957,0.0,0.0,0.0
331.82288938012,26.12900190773018,17.999999999999957,0.0,0.0,0.0
331.829043759409,26.13734682899389,17.999999999999957,0.0,0.0,0.0
331.83519987330817,26.14569099863354,17.999999999999957,0.0,0.0,0.0
331.8413577225568,26.154034416284855,17.999999999999957,0.0,0.0,0.0
331.84751730789463,26.16237708158333,17.999999999999957,0.0,0.0,0.0
331.85367863006155,26.170718994164318,17.999999999999957,0.0,0.0,0.0
331.8598416897975,26.179060153662945,17.999999999999957,0.0,0.0,0.0
331.86600648784275,26.187400559714167,17.99999999999996,0.0,0.0,0.0
331.8721730249377,26.19574021195273,17.99999999999996,0.0,0.0,0.0
331.87834130182296,26.20407911001321,17.999999999999957,0.0,0.0,0.0
331.88451131923927,26.212417253529967,17.999999999999957,0.0,0.0,0.0
331.8906830779277,26.2207546421372,17.99999999999996,0.0,0.0,0.0
331.89685657862935,26.22909127546889,17.999999999999957,0.0,0.0,0.0
331.9030318220857,26.23742715315882,17.999999999999957,0.0,0.0,0.0
331.90920880903826,26.24576227484062,17.999999999999957,0.0,0.0,0.0
331.9153875402288,26.254096640147676,17.999999999999957,0.0,0.0,0.0
331.9215680163992,26.262430248713233,17.999999999999957,0.0,0.0,0.0
331.92775023829165,26.2707631001703,17.999999999999957,0.0,0.0,0.0
331.9339342066485,26.279095194151715,17.99999999999996,0.0,0.0,0.0
331.94011992221226,26.287426530290116,17.999999999999954,0.0,0.0,0.0
331.9463073857257,26.295757108217963,17.999999999999954,0.0,0.0,0.0
331.95249659793154,26.304086927567486,17.999999999999957,0.0,0.0,0.0
331.9586875595731,26.31241598797077,17.999999999999957,0.0,0.0,0.0
331.96488027139355,26.320744289059657,17.999999999999954,0.0,0.0,0.0
331.97107473413644,26.32907183046584,17.999999999999957,0.0,0.0,0.0
331.9772709485454,26.337398611820774,17.999999999999954,0.0,0.0,0.0
331.9834689153643,26.34572463275575,17.999999999999957,0.0,0.0,0.0
331.9896686353373,26.35404989290187,17.999999999999954,0.0,0.0,0.0
331.9958701092085,26.362374391890008,17.999999999999957,0.0,0.0,0.0
332.0020733377225,26.370698129350867,17.999999999999954,0.0,0.0,0.0
332.0082783216238,26.379021104914955,17.999999999999954,0.0,0.0,0.0
332.0144850616573,26.38734331821257,17.999999999999954,0.0,0.0,0.0
332.020693558568,26.395664768873832,17.999999999999957,0.0,0.0,0.0
332.0269038131011,26.403985456528655,17.999999999999954,0.0,0.0,0.0
332.0331158260021,26.412305380806746,17.999999999999957,0.0,0.0,0.0
332.0393295980166,26.42062454133765,17.999999999999954,0.0,0.0,0.0
332.04554512989023,26.428942937750673,17.999999999999957,0.0,0.0,0.0
332.0517624223691,26.437260569674972,17.999999999999957,0.0,0.0,0.0
332.0579814761994,26.445577436739452,17.999999999999957,0.0,0.0,0.0
332.06420229212745,26.45389353857287,17.999999999999954,0.0,0.0,0.0
332.0704248708999,26.46220887480376,17.999999999999957,0.0,0.0,0.0
332.07664921326335,26.470523445060465,17.999999999999957,0.0,0.0,0.0
332.0828753199649,26.47883724897113,17.999999999999954,0.0,0.0,0.0
332.0891031917517,26.487150286163697,17.999999999999954,0.0,0.0,0.0
332.095332829371,26.495462556265927,17.999999999999957,0.0,0.0,0.0
332.1015642335703,26.503774058905368,17.999999999999954,0.0,0.0,0.0
332.1077974050974,26.512084793709366,17.999999999999957,0.0,0.0,0.0
332.1140323447002,26.52039476030509,17.999999999999957,0.0,0.0,0.0
332.1202690531268,26.5287039583195,17.999999999999957,0.0,0.0,0.0
332.12650753112547,26.537012387379335,17.999999999999957,0.0,0.0,0.0
332.1327477794447,26.545320047111176,17.999999999999954,0.0,0.0,0.0
332.1389897988333,26.55362693714137,17.999999999999954,0.0,0.0,0.0
332.14523359004,26.56193305709608,17.999999999999957,0.0,0.0,0.0
332.1514791538139,26.57023840660127,17.999999999999957,0.0,0.0,0.0
332.15772649090434,26.578542985282702,17.999999999999954,0.0,0.0,0.0
332.1639756020607,26.586846792765943,17.99999999999995,0.0,0.0,0.0
332.17022648803265,26.595149828676348,17.99999999999995,0.0,0.0,0.0
332.17647914957,26.603452092639092,17.999999999999954,0.0,0.0,0.0
332.18273358742294,26.611753584279125,17.99999999999995,0.0,0.0,0.0
332.18898980234155,26.620054303221213,17.999999999999954,0.0,0.0,0.0
332.1952477950763,26.628354249089917,17.999999999999954,0.0,0.0,0.0
332.2015075663778,26.636653421509592,17.999999999999954,0.0,0.0,0.0
332.20776911699676,26.644951820104414,17.99999999999995,0.0,0.0,0.0
332.2140324476844,26.653249444498325,17.99999999999995,0.0,0.0,0.0
332.22029755919175,26.661546294315087,17.999999999999954,0.0,0.0,0.0
332.2265644522703,26.669842369178255,17.999999999999954,0.0,0.0,0.0
332.23283312767154,26.678137668711177,17.999999999999954,0.0,0.0,0.0
332.2391035861473,26.686432192537016,17.99999999999995,0.0,0.0,0.0
332.24537582844954,26.69472594027871,17.999999999999954,0.0,0.0,0.0
332.25164985533047,26.70301891155901,17.99999999999995,0.0,0.0,0.0
332.25792566754234,26.711311106000466,17.99999999999995,0.0,0.0,0.0
332.2642032658378,26.71960252322541,17.99999999999995,0.0,0.0,0.0
332.2704826509695,26.727893162855985,17.999999999999954,0.0,0.0,0.0
332.27676382369043,26.736183024514126,17.999999999999954,0.0,0.0,0.0
332.28304678475376,26.74447210782156,17.999999999999947,0.0,0.0,0.0
332.2893315349127,26.752760412399834,17.99999999999995,0.0,0.0,0.0
332.2956180749209,26.76104793787026,17.999999999999947,0.0,0.0,0.0
332.30190640553195,26.76933468385395,17.999999999999947,0.0,0.0,0.0
332.3081965274999,26.777620649971833,17.999999999999947,0.0,0.0,0.0
332.31448844157865,26.78590583584463,17.99999999999995,0.0,0.0,0.0
332.3207821485227,26.794190241092846,17.999999999999947,0.0,0.0,0.0
332.3270776490864,26.802473865336772,17.99999999999995,0.0,0.0,0.0
332.33337494402446,26.81075670819652,17.99999999999995,0.0,0.0,0.0
332.33967403409173,26.819038769291982,17.999999999999947,0.0,0.0,0.0
332.3459749200433,26.827320048242854,17.999999999999947,0.0,0.0,0.0
332.35227760263444,26.83560054466861,17.999999999999943,0.0,0.0,0.0
332.35858208262067,26.84388025818853,17.999999999999943,0.0,0.0,0.0
332.36488836075745,26.852159188421698,17.999999999999943,0.0,0.0,0.0
332.3711964378008,26.86043733498698,17.999999999999947,0.0,0.0,0.0
332.3775063145066,26.868714697503027,17.999999999999947,0.0,0.0,0.0
332.3838179916313,26.876991275588306,17.999999999999943,0.0,0.0,0.0
332.390131469931,26.88526706886105,17.999999999999943,0.0,0.0,0.0
332.3964467501627,26.893542076939323,17.999999999999943,0.0,0.0,0.0
332.4027638330829,26.90181629944095,17.999999999999943,0.0,0.0,0.0
332.4090827194487,26.91008973598356,17.99999999999994,0.0,0.0,0.0
332.4154034100173,26.918362386184576,17.99999999999994,0.0,0.0,0.0
