galstreams/tracks/track.st.Jhelum-b.bonaca2019.ecsv
# %ECSV 1.0
# ---
# datatype:
# - {name: ra, unit: deg, datatype: float64}
# - {name: dec, unit: deg, datatype: float64}
# - {name: distance, unit: kpc, datatype: float64}
# - {name: pm_ra_cosdec, unit: mas / yr, datatype: float64}
# - {name: pm_dec, unit: mas / yr, datatype: float64}
# - {name: radial_velocity, unit: km / s, datatype: float64}
# delimiter: ','
# meta: !!omap
# - __serialized_columns__:
#     dec:
#       __class__: astropy.coordinates.angles.Latitude
#       unit: &id001 !astropy.units.Unit {unit: deg}
#       value: !astropy.table.SerializedColumn {name: dec}
#     distance:
#       __class__: astropy.coordinates.distances.Distance
#       unit: !astropy.units.Unit {unit: kpc}
#       value: !astropy.table.SerializedColumn {name: distance}
#     pm_dec:
#       __class__: astropy.units.quantity.Quantity
#       unit: !astropy.units.Unit {unit: mas / yr}
#       value: !astropy.table.SerializedColumn {name: pm_dec}
#     pm_ra_cosdec:
#       __class__: astropy.units.quantity.Quantity
#       unit: !astropy.units.Unit {unit: mas / yr}
#       value: !astropy.table.SerializedColumn {name: pm_ra_cosdec}
#     ra:
#       __class__: astropy.coordinates.angles.Longitude
#       unit: *id001
#       value: !astropy.table.SerializedColumn {name: ra}
#       wrap_angle: !astropy.coordinates.Angle
#         unit: *id001
#         value: 360.0
#     radial_velocity:
#       __class__: astropy.units.quantity.Quantity
#       unit: !astropy.units.Unit {unit: km / s}
#       value: !astropy.table.SerializedColumn {name: radial_velocity}
# schema: astropy-2.0
ra,dec,distance,pm_ra_cosdec,pm_dec,radial_velocity
[from data line 1379]
345.1499451194477,-50.73549521610543,13.00000000000001,6.725037749338424,-4.745351593801471,-2.5262301389617017e-13
345.13440615441556,-50.73366605133529,13.000000000000012,6.724146339573652,-4.7465457313695865,-1.515738083377021e-13
345.1188683732644,-50.73183492011356,13.000000000000009,6.7232546009045215,-4.7477394874321845,-1.8525687685719145e-13
345.10333177709424,-50.73000182272642,13.00000000000001,6.7223625335981145,-4.748932861698165,-2.694645481559148e-13
345.08779636700467,-50.7281667594603,13.00000000000001,6.7214701379216155,-4.75012585387668,-3.1998915093514883e-13
345.0722621440943,-50.72632973060185,13.00000000000001,6.720577414142296,-4.7513184636771175,-3.536722194546382e-13
345.0567291094611,-50.724490736438014,13.00000000000001,6.719684362527523,-4.752510690809114,-1.6841534259744677e-13
345.0411972642024,-50.72264977725599,13.00000000000001,6.718790983344752,-4.753702534982558,-3.536722194546382e-13
345.0256666094148,-50.7208068533432,13.00000000000001,6.717897276861543,-4.754893995907563,-1.8525687685719145e-13
345.0101371461941,-50.71896196498736,13.00000000000001,6.717003243345539,-4.75608507329451,-2.020984111169361e-13
344.9946088756355,-50.7171151124764,13.00000000000001,6.716108883064475,-4.757275766854008,-2.1893994537668078e-13
344.97908179883336,-50.715266296098534,13.00000000000001,6.71521419628618,-4.758466076296916,-3.3683068519489354e-13
344.9635559168816,-50.71341551614224,13.00000000000001,6.7143191832785805,-4.759656001334333,-2.1893994537668078e-13
344.94803123087314,-50.71156277289619,13.00000000000001,6.713423844309691,-4.760845541677614,-2.3578147963642546e-13
344.93250774190034,-50.70970806664936,13.00000000000001,6.712528179647613,-4.762034697038346,-3.031476166754042e-13
344.9169854510548,-50.70785139769098,13.000000000000009,6.711632189560544,-4.763223467128368,-1.8525687685719145e-13
344.9014643594274,-50.705992766310516,13.00000000000001,6.710735874316769,-4.764411851659764,-3.8735528797412755e-13
344.88594446810833,-50.70413217279768,13.000000000000009,6.70983923418467,-4.765599850344856,-2.3578147963642546e-13
344.87042577818715,-50.702269617442454,13.00000000000001,6.708942269432713,-4.766787462896221,-3.1998915093514883e-13
344.8549082907525,-50.700405100535065,13.00000000000001,6.708044980329456,-4.767974689026671,-3.1998915093514883e-13
344.8393920068926,-50.69853862236599,13.00000000000001,6.70714736714355,-4.769161528449271,-3.3683068519489354e-13
344.8238769276946,-50.696670183225955,13.00000000000001,6.7062494301437345,-4.770347980877328,-2.020984111169361e-13
344.80836305424526,-50.69479978340595,13.00000000000001,6.705351169598833,-4.771534046024397,-3.031476166754042e-13
344.79285038763044,-50.6929274231972,13.00000000000001,6.704452585777767,-4.772719723604272,-2.8630608241565947e-13
344.7773389289353,-50.6910531028912,13.00000000000001,6.703553678949539,-4.7739050133309995,-3.031476166754042e-13
344.7618286792445,-50.6891768227797,13.000000000000009,6.7026544493832505,-4.775089914918865,-1.347322740779574e-13
344.74631963964157,-50.687298583154636,13.000000000000009,6.701754897348075,-4.776274428082408,-3.1998915093514883e-13
344.73081181120966,-50.68541838430829,13.00000000000001,6.70085502311329,-4.7774585525364035,-3.031476166754042e-13
344.7153051950312,-50.68353622653314,13.00000000000001,6.699954826948255,-4.778642287995881,-3.3683068519489354e-13
344.6997997921877,-50.68165211012191,13.000000000000009,6.699054309122421,-4.779825634176102,-1.8525687685719145e-13
344.68429560376006,-50.6797660353676,13.00000000000001,6.698153469905316,-4.781008590792599,-2.3578147963642546e-13
344.66879263082853,-50.67787800256345,13.000000000000009,6.697252309566568,-4.782191157561124,-1.515738083377021e-13
344.6532908744725,-50.675988012002925,13.000000000000009,6.696350828375881,-4.7833733341976945,-3.705137537143829e-13
344.6377903357708,-50.67409606397979,13.00000000000001,6.695449026603057,-4.784555120418554,-2.020984111169361e-13
344.6222910158013,-50.67220215878801,13.00000000000001,6.6945469045179795,-4.785736515940215,-3.1998915093514883e-13
344.6067929156415,-50.67030629672183,13.00000000000001,6.693644462390613,-4.7869175204794185,-2.8630608241565947e-13
344.59129603636796,-50.66840847807571,13.000000000000009,6.69274170049102,-4.788098133753157,-2.1893994537668078e-13
344.57580037905643,-50.66650870314442,13.00000000000001,6.6918386190893315,-4.789278355478675,-3.031476166754042e-13
344.5603059447822,-50.66460697222291,13.00000000000001,6.69093521845578,-4.790458185373452,-2.020984111169361e-13
344.5448127346196,-50.66270328560642,13.00000000000001,6.690031498860679,-4.7916376231552285,-3.1998915093514883e-13
344.52932074964235,-50.66079764359042,13.00000000000001,6.689127460574426,-4.792816668541977,-2.1893994537668078e-13
344.51382999092345,-50.65889004647063,13.000000000000009,6.688223103867499,-4.793995321251927,-3.8735528797412755e-13
344.4983404595352,-50.656980494543035,13.00000000000001,6.687318429010471,-4.795173581003542,-3.031476166754042e-13
344.4828521565491,-50.655068988103835,13.000000000000009,6.686413436273987,-4.796351447515551,-3.031476166754042e-13
344.46736508303593,-50.65315552744951,13.00000000000001,6.685508125928786,-4.797528920506915,-2.3578147963642546e-13
344.45187924006586,-50.65124011287676,13.000000000000012,6.684602498245685,-4.798705999696843,-2.1893994537668078e-13
344.4363946287082,-50.64932274468256,13.00000000000001,6.683696553495589,-4.799882684804801,-3.8735528797412755e-13
344.4209112500316,-50.64740342316409,13.000000000000009,6.682790291949484,-4.801058975550487,-3.8735528797412755e-13
344.4054291051041,-50.64548214861883,13.00000000000001,6.681883713878439,-4.802234871653853,-2.020984111169361e-13
344.38994819499266,-50.64355892134446,13.00000000000001,6.6809768195536074,-4.803410372835109,-2.694645481559148e-13
344.37446852076397,-50.64163374163891,13.00000000000001,6.680069609246223,-4.8045854788146904,-3.3683068519489354e-13
344.35899008348366,-50.6397066098004,13.00000000000001,6.679162083227607,-4.805760189313298,-3.705137537143829e-13
344.34351288421686,-50.637777526127344,13.00000000000001,6.678254241769156,-4.806934504051867,-2.1893994537668078e-13
344.3280369240277,-50.63584649091843,13.00000000000001,6.67734608514235,-4.808108422751589,-2.1893994537668078e-13
344.31256220397984,-50.633913504472574,13.00000000000001,6.676437613618755,-4.809281945133901,-3.031476166754042e-13
344.29708872513606,-50.63197856708894,13.000000000000012,6.675528827470017,-4.810455070920481,-2.5262301389617017e-13
344.2816164885586,-50.63004167906697,13.00000000000001,6.674619726967862,-4.811627799833262,-2.8630608241565947e-13
344.26614549530865,-50.62810284070629,13.00000000000001,6.673710312384093,-4.8128001315944235,-3.1998915093514883e-13
344.25067574644703,-50.62616205230683,13.000000000000009,6.6728005839906075,-4.813972065926384,-1.347322740779574e-13
344.2352072430335,-50.624219314168705,13.00000000000001,6.671890542059362,-4.815143602551827,-3.1998915093514883e-13
344.2197399861274,-50.62227462659234,13.00000000000001,6.6709801868624155,-4.81631474119366,-1.515738083377021e-13
344.20427397678714,-50.620327989878334,13.000000000000012,6.670069518671886,-4.817485481575061,-2.1893994537668078e-13
344.18880921607047,-50.61837940432759,13.00000000000001,6.669158537759994,-4.818655823419442,-1.6841534259744677e-13
344.1733457050343,-50.61642887024122,13.000000000000009,6.668247244399023,-4.819825766450467,-2.020984111169361e-13
344.157883444735,-50.614476387920575,13.000000000000007,6.667335638861334,-4.820995310392046,-2.5262301389617017e-13
344.14242243622806,-50.61252195766728,13.00000000000001,6.666423721419382,-4.822164454968338,-2.5262301389617017e-13
344.1269626805683,-50.61056557978318,13.00000000000001,6.66551149234569,-4.823333199903754,-3.3683068519489354e-13
344.11150417880975,-50.60860725457035,13.00000000000001,6.664598951912858,-4.824501544922946,-3.705137537143829e-13
344.0960469320059,-50.60664698233113,13.00000000000001,6.663686100393576,-4.825669489750815,-2.8630608241565947e-13
344.0805909412092,-50.604684763368105,13.00000000000001,6.662772938060597,-4.826837034112515,-1.6841534259744677e-13
344.06513620747154,-50.60272059798409,13.00000000000001,6.66185946518676,-4.828004177733451,-3.3683068519489354e-13
344.04968273184414,-50.60075448648212,13.00000000000001,6.660945682044986,-4.8291709203392585,-2.1893994537668078e-13
344.0342305153773,-50.598786429165514,13.000000000000009,6.660031588908264,-4.8303372616558455,-2.3578147963642546e-13
344.0187795591208,-50.5968164263378,13.00000000000001,6.659117186049659,-4.831503201409351,-4.210383564936169e-13
344.00332986412354,-50.59484447830278,13.00000000000001,6.658202473742329,-4.832668739326166,-2.694645481559148e-13
343.9878814314337,-50.59287058536446,13.000000000000009,6.657287452259492,-4.833833875132935,-3.031476166754042e-13
343.9724342620988,-50.5908947478271,13.00000000000001,6.656372121874447,-4.834998608556546,-3.031476166754042e-13
343.9569883571654,-50.5889169659952,13.00000000000001,6.655456482860574,-4.836162939324139,-3.8735528797412755e-13
343.94154371767974,-50.58693724017352,13.000000000000009,6.654540535491321,-4.837326867163096,-1.347322740779574e-13
343.9261003446869,-50.58495557066703,13.00000000000001,6.653624280040218,-4.838490391801055,-1.347322740779574e-13
343.91065823923145,-50.582971957780934,13.000000000000009,6.652707716780866,-4.8396535129659055,-2.5262301389617017e-13
343.89521740235716,-50.58098640182073,13.00000000000001,6.651790845986949,-4.840816230385774,-2.694645481559148e-13
343.87977783510706,-50.57899890309208,13.00000000000001,6.65087366793221,-4.841978543789043,-4.041968222338722e-13
343.8643395385235,-50.57700946190095,13.00000000000001,6.649956182890487,-4.843140452904339,-1.6841534259744677e-13
343.848902513648,-50.575018078553505,13.000000000000009,6.649038391135685,-4.84430195746055,-2.5262301389617017e-13
343.8334667615214,-50.573024753356165,13.000000000000009,6.648120292941766,-4.845463057186799,-3.1998915093514883e-13
343.81803228318375,-50.571029486615586,13.000000000000009,6.647201888582793,-4.846623751812463,-3.031476166754042e-13
343.8025990796745,-50.56903227863866,13.00000000000001,6.646283178332888,-4.847784041067166,-2.8630608241565947e-13
343.7871671520321,-50.56703312973251,13.000000000000009,6.645364162466245,-4.848943924680791,-3.705137537143829e-13
343.7717365012945,-50.565032040204514,13.00000000000001,6.6444448412571395,-4.8501034023834535,-3.705137537143829e-13
343.7563071284989,-50.56302901036228,13.00000000000001,6.643525214979916,-4.851262473905528,-2.3578147963642546e-13
343.74087903468154,-50.56102404051363,13.00000000000001,6.642605283908989,-4.852421138977642,-3.031476166754042e-13
343.72545222087814,-50.55901713096667,13.00000000000001,6.641685048318847,-4.853579397330666,-3.3683068519489354e-13
343.7100266881236,-50.557008282029706,13.00000000000001,6.6407645084840565,-4.854737248695717,-2.694645481559148e-13
343.694602437452,-50.55499749401129,13.00000000000001,6.639843664679247,-4.855894692804171,-2.694645481559148e-13
343.6791794698968,-50.55298476722022,13.00000000000001,6.638922517179127,-4.857051729387644,-1.8525687685719145e-13
343.6637577864907,-50.55097010196551,13.00000000000001,6.638001066258467,-4.858208358178006,-2.020984111169361e-13
343.64833738826553,-50.54895349855642,13.000000000000009,6.637079312192126,-4.8593645789073765,-2.3578147963642546e-13
343.63291827625255,-50.546934957302476,13.000000000000009,6.636157255255014,-4.860520391308127,-3.705137537143829e-13
343.6175004514822,-50.54491447851338,13.000000000000009,6.63523489572213,-4.861675795112863,-1.6841534259744677e-13
343.6020839149841,-50.54289206249912,13.00000000000001,6.634312233868527,-4.862830790054466,-2.020984111169361e-13
343.5866686677873,-50.54086770956988,13.00000000000001,6.63338926996934,-4.863985375866045,-2.1893994537668078e-13
343.5712547109199,-50.53884142003613,13.00000000000001,6.632466004299772,-4.865139552280971,-1.6841534259744677e-13
343.55584204540935,-50.53681319420851,13.000000000000012,6.631542437135092,-4.8662933190328586,-3.1998915093514883e-13
343.54043067228247,-50.534783032397954,13.000000000000012,6.630618568750641,-4.867446675855572,-2.3578147963642546e-13
343.5250205925651,-50.5327509349156,13.00000000000001,6.629694399421834,-4.8685996224832255,-1.1789073981821273e-13
343.5096118072825,-50.53071690207282,13.00000000000001,6.628769929424143,-4.869752158650195,-3.031476166754042e-13
343.4942043174592,-50.52868093418121,13.00000000000001,6.627845159033122,-4.870904284091083,-1.6841534259744677e-13
343.4787981241188,-50.52664303155263,13.00000000000001,6.626920088524385,-4.872055998540767,-4.041968222338722e-13
343.4633932282843,-50.52460319449917,13.00000000000001,6.6259947181736205,-4.873207301734353,-3.3683068519489354e-13
343.447989630978,-50.52256142333312,13.00000000000001,6.625069048256582,-4.874358193407209,-2.694645481559148e-13
343.4325873332213,-50.52051771836704,13.00000000000001,6.62414307904909,-4.875508673294954,-3.1998915093514883e-13
343.41718633603494,-50.5184720799137,13.00000000000001,6.6232168108270315,-4.876658741133451,-3.3683068519489354e-13
343.40178664043896,-50.51642450828611,13.00000000000001,6.62229024386637,-4.877808396658813,-2.020984111169361e-13
343.38638824745243,-50.514375003797504,13.00000000000001,6.621363378443125,-4.878957639607414,-3.031476166754042e-13
343.37099115809394,-50.51232356676137,13.00000000000001,6.620436214833389,-4.880106469715862,-2.5262301389617017e-13
343.3555953733812,-50.51027019749141,13.000000000000012,6.619508753313314,-4.881254886721028,-2.8630608241565947e-13
343.3402008943312,-50.50821489630156,13.000000000000012,6.618580994159133,-4.8824028903600265,-2.1893994537668078e-13
343.32480772196016,-50.50615766350599,13.000000000000012,6.617652937647134,-4.883550480370224,-2.3578147963642546e-13
343.3094158572834,-50.50409849941909,13.00000000000001,6.616724584053673,-4.8846976564892435,-3.536722194546382e-13
343.29402530131586,-50.50203740435552,13.000000000000012,6.615795933655169,-4.885844418454944,-2.694645481559148e-13
343.2786360550714,-50.49997437863012,13.00000000000001,6.614866986728121,-4.886990766005448,-3.1998915093514883e-13
343.26324811956323,-50.49790942255798,13.00000000000001,6.613937743549073,-4.888136698879123,-3.031476166754042e-13
343.2478614958038,-50.49584253645444,13.000000000000009,6.613008204394645,-4.889282216814591,-3.705137537143829e-13
343.2324761848049,-50.493773720635055,13.000000000000009,6.612078369541521,-4.8904273195507155,-2.3578147963642546e-13
343.21709218757746,-50.491702975415606,13.000000000000009,6.61114823926645,-4.891572006826618,-1.515738083377021e-13
343.20170950513153,-50.48963030111211,13.000000000000009,6.610217813846239,-4.8927162783816796,-3.031476166754042e-13
343.1863281384767,-50.48755569804078,13.000000000000009,6.609287093557774,-4.893860133955505,-2.1893994537668078e-13
343.1709480886217,-50.48547916651814,13.000000000000009,6.608356078677987,-4.895003573287979,-2.3578147963642546e-13
343.1555693565743,-50.48340070686086,13.00000000000001,6.607424769483884,-4.896146596119216,-1.8525687685719145e-13
343.14019194334185,-50.48132031938589,13.00000000000001,6.6064931662525375,-4.8972892021895955,-1.8525687685719145e-13
343.12481584993066,-50.47923800441036,13.000000000000009,6.605561269261069,-4.89843139123974,-2.3578147963642546e-13
343.1094410773464,-50.477153762251696,13.00000000000001,6.604629078786676,-4.899573163010523,-3.3683068519489354e-13
343.09406762659404,-50.47506759322749,13.00000000000001,6.603696595106619,-4.900714517243069,-3.705137537143829e-13
343.0786954986778,-50.47297949765561,13.000000000000009,6.602763818498213,-4.901855453678754,-2.020984111169361e-13
343.0633246946009,-50.47088947585411,13.000000000000009,6.6018307492388395,-4.902995972059211,-2.020984111169361e-13
343.04795521536613,-50.4687975281413,13.000000000000009,6.600897387605935,-4.904136072126317,-3.705137537143829e-13
