galstreams/tracks/track.st.NGC3201-Gjoll.ibata2021.ecsv
# %ECSV 1.0
# ---
# datatype:
# - {name: ra, unit: deg, datatype: float64}
# - {name: dec, unit: deg, datatype: float64}
# - {name: distance, unit: kpc, datatype: float64}
# - {name: pm_ra_cosdec, unit: mas / yr, datatype: float64}
# - {name: pm_dec, unit: mas / yr, datatype: float64}
# - {name: radial_velocity, unit: km / s, datatype: float64}
# delimiter: ','
# meta: !!omap
# - __serialized_columns__:
#     dec:
#       __class__: astropy.coordinates.angles.Latitude
#       unit: &id001 !astropy.units.Unit {unit: deg}
#       value: !astropy.table.SerializedColumn {name: dec}
#     distance:
#       __class__: astropy.coordinates.distances.Distance
#       unit: !astropy.units.Unit {unit: kpc}
#       value: !astropy.table.SerializedColumn {name: distance}
#     pm_dec:
#       __class__: astropy.units.quantity.Quantity
#       unit: !astropy.units.Unit {unit: mas / yr}
#       value: !astropy.table.SerializedColumn {name: pm_dec}
#     pm_ra_cosdec:
#       __class__: astropy.units.quantity.Quantity
#       unit: !astropy.units.Unit {unit: mas / yr}
#       value: !astropy.table.SerializedColumn {name: pm_ra_cosdec}
#     ra:
#       __class__: astropy.coordinates.angles.Longitude
#       unit: *id001
#       value: !astropy.table.SerializedColumn {name: ra}
#       wrap_angle: !astropy.coordinates.Angle
#         unit: *id001
#         value: 360.0
#     radial_velocity:
#       __class__: astropy.units.quantity.Quantity
#       unit: !astropy.units.Unit {unit: km / s}
#       value: !astropy.table.SerializedColumn {name: radial_velocity}
# schema: astropy-2.0
ra,dec,distance,pm_ra_cosdec,pm_dec,radial_velocity
[from data line 850]
70.92734619845943,-3.6326458048663617,3.658732187526432,20.82008505649303,-21.781824006457793,-38.67471314523747
70.93453357550685,-3.639621157573321,3.658455231694613,20.823018658531055,-21.784838693830995,-38.60778805377529
70.94172116750855,-3.6465963434371083,3.658178400990347,20.82595058437678,-21.78785092511784,-38.54085387720114
70.94890897463026,-3.6535713623958634,3.657901695388489,20.828880834494612,-21.79086070057368,-38.473910618278964
70.95609699703772,-3.660546214387745,3.657625114863892,20.831809409348764,-21.793868020453996,-38.40695827977262
70.96328523489656,-3.6675208993507433,3.6573486593914133,20.83473630940328,-21.7968728850144,-38.339996864445816
70.97047368837266,-3.674495417223121,3.6570723289459077,20.837661535122063,-21.799875294510638,-38.27302637506229
70.97766235763163,-3.6814697679428288,3.6567961235022293,20.84058508696881,-21.802875249198596,-38.2060468143862
70.98485124283927,-3.6884439514479928,3.6565200430352336,20.84350696540707,-21.8058727493343,-38.13905818518107
70.99204034416132,-3.695417967676653,3.656244087519777,20.846427170900192,-21.808867795173843,-38.072060490210916
70.99922966176351,-3.7023918165668586,3.655968256930713,20.849345703911393,-21.811860386973542,-38.005053732239524
71.00641919581163,-3.7093654980566404,3.6556925512428973,20.852262564903697,-21.814850524989794,-37.93803791403062
71.01360894647145,-3.7163390120840094,3.6554169704311854,20.855177754339948,-21.817838209479117,-37.87101303834809
71.0207989139087,-3.723312358586975,3.6551415144704302,20.858091272682852,-21.820823440698206,-37.80397910795573
71.0279890982892,-3.730285537503516,3.65486618333549,20.861003120394905,-21.823806218903847,-37.736936125617504
71.0351794997787,-3.7372585487716106,3.654590977001218,20.86391329793846,-21.826786544352963,-37.66988409409719
71.042370118543,-3.7442313923292256,3.6543158954424713,20.86682180577568,-21.82976441730264,-37.60282301615849
71.0495609547479,-3.7512040681143017,3.6540409386341004,20.869728644368596,-21.83273983801007,-37.53575289456534
71.05675200855919,-3.7581765760647823,3.6537661065509655,20.87263381417901,-21.835712806732563,-37.46867373208146
71.06394328014268,-3.7651489161185756,3.653491399167919,20.875537315668602,-21.838683323727594,-37.4015855314709
71.07113476966418,-3.772121088213602,3.6532168164598176,20.87843914929885,-21.84165138925274,-37.33448829549724
71.0783264772895,-3.779093092287747,3.652942358401514,20.881339315531086,-21.844617003565737,-37.267382026924466
71.08551840318447,-3.7860649282788987,3.6526680249678662,20.884237814826452,-21.84758016692442,-37.20026672851629
71.09271054751491,-3.793036596124914,3.6523938161337264,20.88713464764594,-21.850540879586784,-37.1331424030367
71.09990291044666,-3.8000080957636504,3.6521197318739524,20.89002981445034,-21.853499141810943,-37.06600905324935
71.10709549214556,-3.806979427132958,3.651845772163397,20.89292331570032,-21.856454953855135,-36.99886668191818
71.11428829277746,-3.8139505901706494,3.651571936976918,20.895815151856315,-21.859408315977742,-36.93171529180694
71.1214813125082,-3.8209215848145353,3.6512982262893674,20.89870532337864,-21.862359228437274,-36.8645548856795
71.12867455150362,-3.8278924110024324,3.6510246400756015,20.901593830727435,-21.865307691492372,-36.79738546629975
71.13586800992962,-3.8348630686721115,3.650751178310476,20.90448067436264,-21.868253705401802,-36.730207036431366
71.14306168795207,-3.8418335577613476,3.6504778409688456,20.907365854744054,-21.871197270424467,-36.663019598838346
71.1502555857368,-3.8488038782079017,3.650204628025566,20.910249372331286,-21.874138386819393,-36.595823156284496
71.15744970344971,-3.855774029949516,3.6499315394554914,20.913131227583797,-21.877077054845756,-36.52861771153351
71.16464404125676,-3.8627440129239687,3.6496585752334774,20.916011420960846,-21.88001327476283,-36.46140326734924
71.17183859932369,-3.869713827068855,3.649385735334379,20.91888995292156,-21.882947046830065,-36.394179826495574
71.17903337781654,-3.876683472322028,3.6491130197330515,20.92176682392485,-21.88587837130699,-36.326947391736525
71.18622837690114,-3.88365294862107,3.6488404284043487,20.924642034429517,-21.888807248453315,-36.259705965835415
71.19342359674341,-3.890622255903701,3.6485679613231277,20.927515584894127,-21.891733678528823,-36.19245555155651
71.20061903750927,-3.897591394107572,3.6482956184642426,20.93038747577713,-21.8946576617935,-36.125196151663616
71.20781469936465,-3.9045603631703436,3.648023399802547,20.93325770753678,-21.8975791985074,-36.0579277689203
71.21501058247546,-3.9115291630296434,3.6477513053128994,20.93612628063115,-21.900498288930738,-35.99065040609065
71.22220668700766,-3.9184977936231054,3.6474793349701518,20.938993195518176,-21.90341493332386,-35.92336406593837
71.22940301312715,-3.9254662548883292,3.647207488749162,20.941858452655588,-21.906329131947217,-35.856068751227276
71.23659956099992,-3.9324345467629143,3.6469357666247824,20.944722052500975,-21.909240885061422,-35.78876446472125
71.24379633079192,-3.9394026691844437,3.6466641685718697,20.947583995511753,-21.912150192927196,-35.721451209183925
71.25099332266906,-3.9463706220904795,3.6463926945652787,20.950444282145142,-21.915057055805395,-35.65412898737948
71.25819053679734,-3.9533384054185814,3.646121344579864,20.953302912858234,-21.91796147395704,-35.58679780207154
71.26538797334271,-3.9603060191062918,3.645850118590482,20.956159888107898,-21.92086344764321,-35.51945765602391
71.27258563247118,-3.9672734630911335,3.6455790165719866,20.9590152083509,-21.923762977125193,-35.452108552000546
71.2797835143487,-3.97424073731062,3.645308038499233,20.961868874043752,-21.926660062664325,-35.38475049276509
71.28698161914126,-3.981207841702257,3.645037184347077,20.964720885642897,-21.929554704522157,-35.31738348108158
71.29417994701487,-3.988174776203522,3.644766454090373,20.967571243604528,-21.932446902960322,-35.2500075197136
71.3013784981355,-3.9951415407518986,3.6444958477039764,20.97041994838469,-21.93533665824058,-35.182622611425145
71.3085772726692,-4.002108135284835,3.6442253651627423,20.973267000439286,-21.938223970624836,-35.1152287589801
71.31577627078195,-4.009074559739786,3.6439550064415247,20.976112400224018,-21.941108840375126,-35.04782596514211
71.32297549263977,-4.01604081405417,3.6436847715151814,20.978956148194428,-21.943991267753596,-34.9804142326751
71.33017493840869,-4.023006898165427,3.6434146603585655,20.98179824480588,-21.946871253022547,-34.91299356434297
71.33737460825475,-4.029972812010937,3.6431446729465318,20.9846386905136,-21.949748796444407,-34.84556396290936
71.34457450234396,-4.036938555528106,3.6428748092539363,20.987477485772615,-21.95262389828171,-34.77812543113829
71.35177462084239,-4.043904128654306,3.642605069255634,20.99031463103778,-21.95549655879714,-34.710677971793466
71.3589749639161,-4.0508695313269,3.6423354529264804,20.993150126763798,-21.95836677825351,-34.6432215876387
71.36617553173109,-4.057834763483242,3.6420659602413292,20.995983973405203,-21.96123455691377,-34.57575628143794
71.37337632445346,-4.064799825060657,3.641796591175037,20.998816171416344,-21.964099895040953,-34.50828205595497
71.38057734224927,-4.071764715996482,3.6415273457024573,21.00164672125142,-21.966962792898293,-34.44079891395355
71.38777858528465,-4.078729436228051,3.641258223798448,21.00447562336443,-21.969823250749094,-34.37330685819754
71.39498005372556,-4.085693985692585,3.64098922543786,21.00730287820926,-21.97268126885683,-34.305805891450824
71.40218174773815,-4.092658364327403,3.640720350595552,21.01012848623956,-21.975536847485078,-34.238296016477264
71.40938366748853,-4.099622572069782,3.6404515992463775,21.012952447908845,-21.978389986897554,-34.17077723604042
71.41658581314276,-4.106586608856963,3.6401829713651925,21.015774763670475,-21.981240687358103,-34.103249552904465
71.42378818486696,-4.113550474626191,3.639914466926852,21.018595433977616,-21.984088949130694,-34.035712969832964
71.43099078282725,-4.1205141693146885,3.6396460859062096,21.021414459283278,-21.986934772479437,-33.9681674895899
71.43819360718975,-4.127477692859672,3.6393778282781213,21.024231840040287,-21.989778157668567,-33.9006131149391
71.44539665812057,-4.134441045198343,3.639109694017443,21.027047576701317,-21.992619104962433,-33.83304984864424
71.45259993578584,-4.141404226267874,3.6388416830990287,21.029861669718876,-21.995457614625543,-33.76547769346931
71.45980344035169,-4.148367236005444,3.6385737954977344,21.032674119545273,-21.9982936869225,-33.697896652178066
71.46700717198429,-4.1553300743482176,3.6383060311884146,21.03548492663269,-22.001127322118062,-33.6303067275344
71.47421113084975,-4.162292741233325,3.638038390145925,21.03829409143311,-22.003958520477102,-33.56270792230199
71.48141531711426,-4.169255236597896,3.637770872345119,21.041101614398364,-22.006787282264636,-33.495100239244856
71.48861973094395,-4.176217560379059,3.6375034777608546,21.043907495980093,-22.009613607745774,-33.42748368112668
71.49582437250501,-4.183179712513906,3.637236206367984,21.0467117366298,-22.01243749718581,-33.35985825071132
71.5030292419636,-4.190141692939522,3.6369690581413643,21.049514336798794,-22.01525895085012,-33.29222395076271
71.5102343394859,-4.197103501592992,3.6367020330558497,21.05231529693821,-22.01807796900423,-33.224580784044484
71.51743966523811,-4.204065138411377,3.6364351310862952,21.055114617499054,-22.02089455191379,-33.15692875332064
71.52464521938641,-4.211026603331713,3.636168352207557,21.05791229893214,-22.02370869984458,-33.08926786135496
71.53185100209701,-4.217987896291035,3.635901696394488,21.060708341688095,-22.026520413062514,-33.02159811091124
71.53905701353611,-4.224949017226369,3.635635163621945,21.063502746217402,-22.029329691833617,-32.953919504753266
71.54626325386991,-4.231909966074724,3.6353687538647836,21.066295512970353,-22.032136536424055,-32.88623204564495
71.55346972326464,-4.238870742773069,3.635102467097857,21.069086642397114,-22.034940947100118,-32.81853573635019
71.56067642188653,-4.245831347258408,3.634836303296022,21.07187613494763,-22.037742924128235,-32.7508305796327
71.5678833499018,-4.2527917794676915,3.6345702624341336,21.07466399107171,-22.040542467774962,-32.6831165782561
71.5750905074767,-4.259752039337872,3.6343043444870458,21.077450211219002,-22.043339578306966,-32.615393734984586
71.58229789477744,-4.2667121268058885,3.634038549429614,21.080234795838948,-22.046134255991056,-32.54766205258203
71.58950551197033,-4.273672041808659,3.6337728772366944,21.08301774538086,-22.04892650109417,-32.47992153381174
71.59671335922161,-4.2806317842831305,3.6335073278831405,21.085799060293873,-22.051716313883365,-32.41217218143813
71.60392143669745,-4.287591354166088,3.633241901343808,21.08857874102692,-22.05450369462584,-32.34441399822464
71.6111297445643,-4.294550751394558,3.6329765975935535,21.091356788028822,-22.0572886435889,-32.2766469869352
71.61833828298826,-4.301509975905296,3.6327114166072296,21.094133201748193,-22.060071161040014,-32.208871150333785
71.6255470521357,-4.308469027635196,3.6324463583596915,21.09690798263349,-22.06285124724675,-32.14108649118406
71.6327560521729,-4.315427906521091,3.6321814228257967,21.09968113113299,-22.065628902476806,-32.07329301224993
71.63996528326614,-4.322386612499814,3.6319166099803994,21.102452647694832,-22.06840412699801,-32.00549071629509
71.64717474558174,-4.329345145508173,3.6316519197983546,21.105222532766945,-22.071176921078333,-31.937679606083467
71.654384439286,-4.336303505482965,3.631387352254516,21.10799078679714,-22.07394728498586,-31.86985968437898
71.66159436454524,-4.3432616923609695,3.631122907323739,21.110757410233013,-22.076715218988806,-31.80203095394533
71.66880452152577,-4.350219706078957,3.6308585849808814,21.113522403522015,-22.079480723355495,-31.734193417546386
71.67601491039395,-4.357177546573697,3.630594385200795,21.11628576711144,-22.08224379835443,-31.666347077945964
71.68322553131608,-4.364135213781913,3.630330307958338,21.11904750144838,-22.08500444425418,-31.59849193790791
71.69043638445852,-4.371092707640338,3.6300663532283624,21.121807606979797,-22.0877626613235,-31.53062800019607
71.6976474699876,-4.378050028085696,3.6298025209857236,21.124566084152466,-22.090518449831215,-31.462755267574185
71.70485878806971,-4.385007175054675,3.62953881120528,21.12732293341298,-22.09327181004633,-31.394873742806134
71.71207033887119,-4.39196414848397,3.629275223861883,21.1300781552078,-22.09602274223794,-31.326983428655726
71.7192821225584,-4.398920948310245,3.6290117589303903,21.132831749983193,-22.098771246675284,-31.259084327886793
71.72649413929773,-4.405877574470166,3.6287484163856543,21.13558371818527,-22.10151732362774,-31.191176443263284
71.73370638925556,-4.412834026900374,3.6284851962025337,21.13833406025994,-22.104260973364763,-31.123259777548846
71.74091887259826,-4.419790305537494,3.6282220983558795,21.141082776653025,-22.107002196156017,-31.055334333507503
71.74813158949226,-4.426746410318156,3.6279591228205503,21.14382986781009,-22.10974099227122,-30.987400113902783
71.75534454010392,-4.4337023411789485,3.6276962695713997,21.14657533417658,-22.112477361980254,-30.919457121498834
71.76255772459969,-4.440658098056466,3.6274335385832828,21.14931917619777,-22.11521130555312,-30.851505359059356
71.76977114314596,-4.4476136808872875,3.6271709298310544,21.152061394318757,-22.11794282325994,-30.783544829348035
71.77698479590914,-4.454569089607964,3.6269084432895697,21.154801988984474,-22.120671915370977,-30.71557553512896
71.7841986830557,-4.4615243241550475,3.6266460789336854,21.15754096063968,-22.123398582156604,-30.647597479165697
71.79141280475203,-4.4684793844650725,3.6263838367382535,21.160278309729,-22.126122823887343,-30.579610664222372
71.79862716116462,-4.475434270474552,3.6261217166781328,21.16301403669683,-22.128844640833815,-30.511615093062506
71.80584175245986,-4.482388982119999,3.6258597187281754,21.165748141987464,-22.131564033266788,-30.443610768450146
71.81305657880425,-4.489343519337894,3.6255978428632365,21.168480626044982,-22.134281001457165,-30.375597693149025
71.82027164036428,-4.496297882064761,3.625336089058173,21.171211489313322,-22.136995545675948,-30.307575869923
71.82748693730635,-4.503252070236984,3.62507445728784,21.173940732236233,-22.13970766619429,-30.239545301535784
71.83470246979694,-4.510206083791037,3.624812947527091,21.176668355257323,-22.142417363283457,-30.171505990751392
71.84191823800258,-4.517159922663384,3.624551559750782,21.179394358820026,-22.145124637214856,-30.103457940333424
71.8491342420897,-4.5241135867904125,3.6242902939337682,21.18211874336759,-22.14782948825999,-30.035401153046088
71.85635048222488,-4.531067076108551,3.6240291500509043,21.18484150934311,-22.150531916690525,-29.967335631652734
71.86356695857454,-4.538020390554182,3.6237681280770455,21.187562657189517,-22.153231922778247,-29.89926137891758
71.87078367130522,-4.544973530063691,3.6235072279870466,21.190282187349574,-22.155929506795054,-29.83117839760438
71.87800062058346,-4.551926494573438,3.6232464497557637,21.19300010026587,-22.158624669012962,-29.763086690476783
71.88521780657578,-4.558879284019772,3.6229857933580516,21.195716396380828,-22.16131740970415,-29.694986260298574
71.89243522944868,-4.565831898339034,3.622725258768765,21.19843107613671,-22.16400772914088,-29.626877109833796
71.89965288936871,-4.572784337467544,3.622464845962759,21.20114413997562,-22.166695627595587,-29.558759241846307
71.90687078650242,-4.579736601341607,3.6222045549148882,21.20385558833946,-22.169381105340793,-29.49063265909973
71.91408892101636,-4.586688689897521,3.6219443856000075,21.20656542167002,-22.172064162649182,-29.42249736435813
71.92130729307709,-4.5936406030715675,3.6216843379929746,21.20927364040886,-22.1747447997935,-29.354353360385087
71.92852590285116,-4.600592340800011,3.6214244120686425,21.211980244997406,-22.1774230170467,-29.286200649944533
71.93574475050518,-4.607543903019101,3.621164607801866,21.214685235876942,-22.180098814681813,-29.21803923580027
