galstreams/tracks/track.st.C-8.ibata2021.ecsv
# %ECSV 0.9
# ---
# datatype:
# - {name: ra, unit: deg, datatype: float64}
# - {name: dec, unit: deg, datatype: float64}
# - {name: distance, unit: kpc, datatype: float64}
# - {name: pm_ra_cosdec, unit: mas / yr, datatype: float64}
# - {name: pm_dec, unit: mas / yr, datatype: float64}
# - {name: radial_velocity, unit: km / s, datatype: float64}
# delimiter: ','
# meta: !!omap
# - __serialized_columns__:
#     dec:
#       __class__: astropy.coordinates.angles.Latitude
#       unit: &id001 !astropy.units.Unit {unit: deg}
#       value: !astropy.table.SerializedColumn {name: dec}
#     distance:
#       __class__: astropy.coordinates.distances.Distance
#       unit: !astropy.units.Unit {unit: kpc}
#       value: !astropy.table.SerializedColumn {name: distance}
#     pm_dec:
#       __class__: astropy.units.quantity.Quantity
#       unit: !astropy.units.Unit {unit: mas / yr}
#       value: !astropy.table.SerializedColumn {name: pm_dec}
#     pm_ra_cosdec:
#       __class__: astropy.units.quantity.Quantity
#       unit: !astropy.units.Unit {unit: mas / yr}
#       value: !astropy.table.SerializedColumn {name: pm_ra_cosdec}
#     ra:
#       __class__: astropy.coordinates.angles.Longitude
#       unit: *id001
#       value: !astropy.table.SerializedColumn {name: ra}
#       wrap_angle: !astropy.coordinates.Angle
#         unit: *id001
#         value: 360.0
#     radial_velocity:
#       __class__: astropy.units.quantity.Quantity
#       unit: !astropy.units.Unit {unit: km / s}
#       value: !astropy.table.SerializedColumn {name: radial_velocity}
# schema: astropy-2.0
ra,dec,distance,pm_ra_cosdec,pm_dec,radial_velocity
[from data line 837]
343.60312535883696,-74.08913037240895,3.2794391152367206,8.01643457658296,6.717755564242521,0.0
343.61689288731566,-74.0796518418026,3.2800265750833963,8.01431384799476,6.716791258889719,-1.6841534259744676e-14
343.6307162108722,-74.07017412759873,3.2806229440336097,8.012187002098068,6.715819637469932,-1.2631150694808506e-14
343.64459546043906,-74.0606972230125,3.281228245729922,8.010054044490055,6.714840681115125,-1.2631150694808506e-14
343.6585307666685,-74.0512211211605,3.2818425038148944,8.007914980899175,6.713854370891792,-2.947268495455318e-14
343.67252225993263,-74.04174581506031,3.2824657419310865,8.005769817185536,6.7128606878010935,-4.210383564936169e-15
343.6865700703244,-74.0322712976301,3.2830979837210577,8.003618559341232,6.711859612779059,-4.210383564936169e-15
343.700674327658,-74.02279756168821,3.2837392528273677,8.001461213490703,6.710851126696797,-4.210383564936169e-15
343.7148351614692,-74.01332459995255,3.284389572892579,7.999297785891085,6.709835210360659,-2.5262301389617013e-14
343.7290527010161,-74.00385240504038,3.28504896755925,7.997128282932582,6.708811844512474,-8.420767129872338e-15
343.7433270752798,-73.99438096946774,3.2857174604699404,7.994952711138784,6.707781009829716,8.420767129872338e-15
343.7576584129645,-73.98491028564905,3.286395075267213,7.992771077167079,6.706742686925695,4.210383564936169e-15
343.7720468424983,-73.97544034589663,3.287081835593624,7.990583387808982,6.705696856349777,0.0
343.78649249203374,-73.96597114242032,3.2877777650917372,7.988389649990475,6.704643498587574,-1.6841534259744676e-14
343.80099548944816,-73.95650266732694,3.2884828874041117,7.986189870772417,6.703582594061139,1.2631150694808506e-14
343.81555596234415,-73.94703491262001,3.289197226173305,7.983984057350883,6.702514123129151,4.210383564936169e-15
343.8301740380502,-73.9375678701991,3.2899208050418816,7.98177221705751,6.701438066087148,-4.210383564936169e-15
343.84484984362103,-73.92810153185958,3.2906536476523995,7.9795543573599055,6.700354403167702,-2.1051917824680846e-14
343.85958350583815,-73.918635889292,3.2913957776474185,7.977330485861984,6.699263114540632,-1.2631150694808506e-14
343.8743751512103,-73.90917093408183,3.2921472186694998,7.975100610304343,6.698164180313194,-2.947268495455318e-14
343.88922490597383,-73.89970665770883,3.2929079943612027,7.972864738564634,6.697057580530307,0.0
343.9041328960932,-73.89024305154672,3.293678128365089,7.970622878657953,6.6959432951747235,0.0
343.91909924726133,-73.88078010686272,3.2944576443237166,7.968375038737182,6.694821304167258,-3.368306851948935e-14
343.9341240849003,-73.87131781481706,3.295246565879647,7.966121227093374,6.693691587367005,-1.2631150694808506e-14
343.9492075341614,-73.86185616646254,3.29604491667544,7.96386145215614,6.692554124571506,-4.210383564936169e-15
343.9643497199258,-73.85239515274417,3.296852720353656,7.961595722494028,6.691408895516986,-3.789345208442552e-14
343.9795507668048,-73.84293476449854,3.2976700005568556,7.959324046814872,6.690255879878554,0.0
343.99481079914034,-73.83347499245357,3.2984967809275973,7.957046433966212,6.689095057270406,-1.2631150694808506e-14
344.01012994100535,-73.82401582722792,3.2993330851084433,7.954762892935646,6.687926407246042,-8.420767129872338e-15
344.025508316204,-73.81455725933058,3.300178936741953,7.952473432851214,6.686749909298475,4.210383564936169e-15
344.04094604827253,-73.80509927916049,3.3010343594706866,7.950178062981808,6.685565542860434,-1.6841534259744676e-14
344.05644326047883,-73.79564187700592,3.3018993769372034,7.947876792737526,6.684373287304593,-3.789345208442552e-14
344.0720000758237,-73.7861850430442,3.3027740127840652,7.945569631670058,6.683173121943775,4.210383564936169e-15
344.08761661704034,-73.77672876734115,3.30365829065383,7.943256589473119,6.681965026031145,8.420767129872338e-15
344.1032930065953,-73.76727303985069,3.3045522341890607,7.940937675982777,6.680748978760456,-2.5262301389617013e-14
344.11902936668884,-73.75781785041434,3.3054558670323155,7.938612901177872,6.679524959266267,4.210383564936169e-15
344.13482581925456,-73.74836318876079,3.3063692128261555,7.936282275180422,6.678292946624116,2.947268495455318e-14
344.1506824859605,-73.73890904450546,3.30729229521314,7.93394580825599,6.677052919850785,-8.420767129872338e-15
344.16659948820904,-73.72945540714996,3.308225137835831,7.931603510814087,6.675804857904496,4.210383564936169e-15
344.1825769471375,-73.72000226608178,3.309167764336786,7.929255393408567,6.6745487396851395,8.420767129872338e-15
344.198614983618,-73.71054961057374,3.310120198358567,7.92690146673803,6.673284544034475,-8.420767129872338e-15
344.214713718258,-73.70109742978346,3.3110824635437335,7.924541741646208,6.672012249736378,0.0
344.23087327140075,-73.69164571275311,3.3120545835348465,7.922176229122367,6.670731835517048,-8.420767129872338e-15
344.24709376312535,-73.68219444840878,3.3130365819744654,7.9198049403017174,6.669443280045234,-2.1051917824680846e-14
344.26337531324685,-73.67274362556002,3.314028482505151,7.9174278864658,6.668146561932457,1.2631150694808506e-14
344.27971804131687,-73.66329323289952,3.315030308769462,7.91504507904291,6.6668416597332305,4.210383564936169e-15
344.2961220666237,-73.65384325900251,3.3160420844099607,7.912656529608469,6.665528551945296,0.0
344.3125875081924,-73.64439369232639,3.3170638330692057,7.910262249885459,6.664207217009857,-1.2631150694808506e-14
344.3291144847853,-73.6349445212102,3.318095578389758,7.907862251744812,6.662877633311782,-1.2631150694808506e-14
344.3457031149019,-73.62549573387422,3.3191373440141767,7.905456547205838,6.661539779179849,-3.789345208442552e-14
344.3623535167794,-73.61604731841948,3.320189153585024,7.903045148436588,6.66019363288699,4.210383564936169e-15
344.37906580839285,-73.60659926282729,3.321251030744857,7.9006280677543295,6.658839172650484,-4.210383564936169e-15
344.39584010745506,-73.59715155495884,3.322322999136239,7.8982053176258935,6.657476376632229,-4.210383564936169e-15
344.41267653141716,-73.58770418255462,3.3234050824017296,7.895776910668133,6.656105222938944,8.420767129872338e-15
344.4295751974686,-73.57825713323406,3.3244973041838866,7.893342859648321,6.654725689622424,-4.210383564936169e-15
344.4465362225373,-73.56881039449507,3.3255996881252723,7.890903177484551,6.653337754679775,0.0
344.46355972329,-73.55936395371349,3.326712257868447,7.888457877246168,6.6519413960536315,-8.420767129872338e-15
344.4806458161323,-73.54991779814267,3.32783503705597,7.88600697215419,6.650536591632416,-1.2631150694808506e-14
344.4977946172088,-73.54047191491308,3.3289680493304026,7.883550475581705,6.649123319250556,2.1051917824680846e-14
344.51500624240305,-73.53102629103172,3.330111318334303,7.881088401054327,6.647701556688739,-2.947268495455318e-14
344.5322808073383,-73.52158091338174,3.3312648677102334,7.8786207622505575,6.646271281674166,2.1051917824680846e-14
344.5496184273768,-73.51213576872195,3.332428721100752,7.876147573002276,6.644832471880753,0.0
344.5670192176207,-73.50269084368635,3.3336029021484213,7.873668847295111,6.6433851049294095,4.210383564936169e-15
344.5844832929117,-73.49324612478367,3.334787434495799,7.871184599268885,6.641929158388276,-8.420767129872338e-15
344.60201076783125,-73.48380159839688,3.335982341785447,7.868694843218032,6.640464609772954,8.420767129872338e-15
344.61960175670066,-73.4743572507828,3.3371876476599263,7.866199593592032,6.638991436546764,-8.420767129872338e-15
344.63725637358124,-73.46491306807154,3.3384033757617946,7.8636988649958335,6.637509616121006,1.2631150694808506e-14
344.6549747322743,-73.4554690362661,3.3396295497336133,7.86119267219028,6.6360191258551815,-8.420767129872338e-15
344.6727569463213,-73.4460251412418,3.340866193217943,7.85868103009254,6.634519943057255,-1.2631150694808506e-14
344.69060312900393,-73.43658136874602,3.342113329857343,7.85616395377653,6.633012044983923,1.2631150694808506e-14
344.708513393344,-73.4271377043975,3.343370983294373,7.853641458473369,6.631495408840833,4.210383564936169e-15
344.72648785210373,-73.41769413368598,3.3446391771715955,7.851113559571787,6.62997001178286,-4.210383564936169e-15
344.7445266177856,-73.40825064197178,3.345917935131569,7.8485802726185625,6.628435830914359,-1.2631150694808506e-14
344.76262980263255,-73.39880721448519,3.347207280816854,7.846041613318964,6.6268928432894185,-4.210383564936169e-15
344.7807975186277,-73.38936383632617,3.3485072378700105,7.843497597537191,6.625341025912114,4.210383564936169e-15
344.79902987749483,-73.37992049246374,3.349817829933599,7.840948241296793,6.623780355736766,-2.1051917824680846e-14
344.817326990698,-73.3704771677356,3.3511390806501784,7.8383935607811175,6.622210809668222,-2.1051917824680846e-14
344.83568896944166,-73.3610338468476,3.3524710136623117,7.835833572333746,6.620632364562074,-2.1051917824680846e-14
344.8541159246709,-73.35159051437331,3.3538136526125557,7.833268292458945,6.619044997224974,-1.2631150694808506e-14
344.8726079670709,-73.34214715475355,3.3551670211434734,7.830697737822087,6.617448684414849,-4.210383564936169e-15
344.89116520706733,-73.33270375229586,3.3565311428976226,7.828121925250105,6.615843402841186,-8.420767129872338e-15
344.9097877548263,-73.32326029117412,3.3579060415175666,7.825540871731932,6.61422912916532,-2.1051917824680846e-14
344.9284757202542,-73.31381675542802,3.359291740645862,7.822954594418946,6.6126058400006675,-8.420767129872338e-15
344.94722921299757,-73.30437312896257,3.360688263925071,7.820363110625408,6.610973511913013,1.2631150694808506e-14
344.96604834244323,-73.29492939554773,3.362095634997753,7.8177664378289204,6.6093321214207705,1.6841534259744676e-14
344.9849332177181,-73.28548553881781,3.363513877506469,7.815164593670865,6.607681644995258,-2.5262301389617013e-14
345.00388394768925,-73.27604154227106,3.3649430150937785,7.812557595956839,6.606022059060994,-1.2631150694808506e-14
345.02290064096366,-73.26659738926922,3.3663830714022422,7.809945462657129,6.6043533399959236,-2.5262301389617013e-14
345.04198340588835,-73.25715306303701,3.3678340700744203,7.8073282119071346,6.602675464131746,4.210383564936169e-15
345.0611323505498,-73.24770854666164,3.369296034752873,7.804705862007853,6.600988407754134,-1.2631150694808506e-14
345.08034758277466,-73.23826382309245,3.370768989080159,7.802078431426276,6.59929214710309,-1.2631150694808506e-14
345.0996292101288,-73.22881887514025,3.3722529566988397,7.7994459387959,6.59758665837315,1.2631150694808506e-14
345.1189773399177,-73.21937368547702,3.373747961251476,7.796808402917143,6.595871917713691,-2.1051917824680846e-14
345.1383920791862,-73.20992823663533,3.375254026380627,7.794165842757803,6.594147901229249,0.0
345.1578735347183,-73.20048251100795,3.376771175728853,7.791518277453526,6.5924145849797515,-4.210383564936169e-15
345.1774218130371,-73.19103649084727,3.378299432938714,7.788865726308245,6.590671944980836,-1.2631150694808506e-14
345.1970370204044,-73.18159015826491,3.3798388216527715,7.786208208794656,6.588919957204107,-1.2631150694808506e-14
345.2167192628212,-73.17214349523125,3.3813893655135843,7.783545744554642,6.5871585975774805,1.6841534259744676e-14
345.23646864602654,-73.1626964835749,3.3829510881637126,7.780878353399784,6.585387841985391,2.1051917824680846e-14
345.25628527549816,-73.15324910498228,3.3845240132457173,7.778206055311756,6.583607666269169,1.2631150694808506e-14
345.27616925645196,-73.14380134099706,3.3861081644021587,7.7755288704428445,6.581818046227275,8.420767129872338e-15
345.29612069384183,-73.1343531730198,3.3877035652755954,7.772846819116365,6.580018957615609,4.210383564936169e-15
345.31613969235957,-73.12490458230744,3.389310239508589,7.770159921827135,6.578210376147833,1.6841534259744676e-14
345.33622635643434,-73.11545554997274,3.3909282107437004,7.767468199241955,6.576392277495621,-4.210383564936169e-15
345.35638079023283,-73.10600605698393,3.392557502623488,7.764771672200052,6.574564637288998,-2.1051917824680846e-14
345.37660309765903,-73.09655608416413,3.3941981387905127,7.762070361713544,6.5727274311166255,-8.420767129872338e-15
345.39689338235354,-73.08710561219098,3.3958501428873347,7.759364288967918,6.570880634526098,4.210383564936169e-15
345.4172517476939,-73.07765462159605,3.397513538556514,7.756653475322468,6.569024223024254,2.1051917824680846e-14
345.4376782967939,-73.06820309276448,3.3991883494406117,7.753937942310795,6.567158172077483,-1.2631150694808506e-14
345.4581731325035,-73.0587510059344,3.400874599182186,7.751217711641248,6.565282457112029,-4.210383564936169e-15
345.47873635740865,-73.04929834119652,3.4025723114238,7.748492805197396,6.563397053514298,-4.210383564936169e-15
345.4993680738309,-73.03984507849366,3.4042815098080106,7.745763245038516,6.561501936631164,-1.6841534259744676e-14
345.5200683838271,-73.0303911976202,3.40600221797738,7.743029053400022,6.559597081770297,-2.947268495455318e-14
345.54083738918905,-73.02093667822173,3.407734459574468,7.7402902526939785,6.557682464200462,-2.5262301389617013e-14
345.56167519144344,-73.01148149979446,3.4094782582418355,7.737546865509528,6.555758059151826,-1.6841534259744676e-14
345.5825818918513,-73.00202564168478,3.4112336376220416,7.7347989146134,6.5538238418163015,-1.2631150694808506e-14
345.60355759140765,-72.99256908308882,3.413000621357647,7.732046422950358,6.551879787347826,-2.947268495455318e-14
345.6246023908416,-72.98311180305194,3.4147792330912106,7.729289413643685,6.549925870862733,-1.2631150694808506e-14
345.64571639061535,-72.97365378046825,3.4165694964652937,7.726527909995632,6.547962067440024,8.420767129872338e-15
345.6668996909244,-72.96419499408019,3.4183714351224572,7.723761935487925,6.54598835212171,-1.2631150694808506e-14
345.68815239169703,-72.95473542247794,3.4201850727052596,7.720991513782216,6.544004699913155,1.2631150694808506e-14
345.7094745925937,-72.94527504409909,3.422010432856263,7.718216668720556,6.542011085783368,-8.420767129872338e-15
345.7308663930071,-72.93581383722804,3.423847539218026,7.715437424325888,6.540007484665361,0.0
345.75232789206143,-72.92635177999564,3.425696415433109,7.7126538048025015,6.537993871456465,4.210383564936169e-15
345.7738591886123,-72.91688885037861,3.427557085144073,7.70986583453652,6.535970221018656,-8.420767129872338e-15
345.79546038124596,-72.9074250261991,3.429429571993478,7.707073538096374,6.5339365081789005,-2.1051917824680846e-14
345.81713156827925,-72.89796028512427,3.4313138996238832,7.704276940233286,6.531892707729487,-2.5262301389617013e-14
345.83887284775915,-72.88849460466571,3.4332100916778496,7.701476065881721,6.529838794428366,1.2631150694808506e-14
345.86068431746213,-72.87902796217911,3.435118171797937,7.698670940159908,6.527774742999465,2.1051917824680846e-14
345.8825660748938,-72.86956033486362,3.437038163626707,7.695861588370281,6.525700528133057,-8.420767129872338e-15
345.90451821728874,-72.86009169976148,3.438970090806717,7.693048035999975,6.523616124486108,-4.210383564936169e-15
345.9265408416097,-72.85062203375757,3.440913976980529,7.690230308721292,6.521521506682589,-4.210383564936169e-15
345.94863404454753,-72.84115131357885,3.4428698457907037,7.687408432392193,6.5194166493138415,0.0
345.9707979225201,-72.83167951579391,3.4448377208798,7.684582433056788,6.517301526938923,-4.210383564936169e-15
345.9930325716726,-72.82220661681255,3.446817625890379,7.681752336945788,6.515176114084954,1.2631150694808506e-14
346.01533808787644,-72.81273259288525,3.4488095844649997,7.678918170477005,6.513040385247473,-8.420767129872338e-15
346.0377145667292,-72.80325742010274,3.450813620246224,7.676079960255823,6.51089431489079,8.420767129872338e-15
346.0601621035538,-72.79378107439547,3.452829756876611,7.673237733075707,6.508737877448319,-3.368306851948935e-14
346.08268079339825,-72.78430353153317,3.45485801799872,7.670391515918636,6.506571047322987,-4.210383564936169e-15
346.105270731035,-72.7748247671244,3.456898427255113,7.66754133595563,6.504393798887522,1.2631150694808506e-14
