galstreams/tracks/track.st.Fimbulthul.ibata2021.ecsv
# %ECSV 1.0
# ---
# datatype:
# - {name: ra, unit: deg, datatype: float64}
# - {name: dec, unit: deg, datatype: float64}
# - {name: distance, unit: kpc, datatype: float64}
# - {name: pm_ra_cosdec, unit: mas / yr, datatype: float64}
# - {name: pm_dec, unit: mas / yr, datatype: float64}
# - {name: radial_velocity, unit: km / s, datatype: float64}
# delimiter: ','
# meta: !!omap
# - __serialized_columns__:
#     dec:
#       __class__: astropy.coordinates.angles.Latitude
#       unit: &id001 !astropy.units.Unit {unit: deg}
#       value: !astropy.table.SerializedColumn {name: dec}
#     distance:
#       __class__: astropy.coordinates.distances.Distance
#       unit: !astropy.units.Unit {unit: kpc}
#       value: !astropy.table.SerializedColumn {name: distance}
#     pm_dec:
#       __class__: astropy.units.quantity.Quantity
#       unit: !astropy.units.Unit {unit: mas / yr}
#       value: !astropy.table.SerializedColumn {name: pm_dec}
#     pm_ra_cosdec:
#       __class__: astropy.units.quantity.Quantity
#       unit: !astropy.units.Unit {unit: mas / yr}
#       value: !astropy.table.SerializedColumn {name: pm_ra_cosdec}
#     ra:
#       __class__: astropy.coordinates.angles.Longitude
#       unit: *id001
#       value: !astropy.table.SerializedColumn {name: ra}
#       wrap_angle: !astropy.coordinates.Angle
#         unit: *id001
#         value: 360.0
#     radial_velocity:
#       __class__: astropy.units.quantity.Quantity
#       unit: !astropy.units.Unit {unit: km / s}
#       value: !astropy.table.SerializedColumn {name: radial_velocity}
# schema: astropy-2.0
ra,dec,distance,pm_ra_cosdec,pm_dec,radial_velocity
[from data line 1703]
202.0328289565566,-25.74885320130223,4.04605901789821,-11.3342651689704,-9.51334904411485,152.32739545464324
202.04163021313795,-25.742803245699207,4.0446527047157925,-11.34129249074483,-9.515916935177804,152.31845839064147
202.05043476732118,-25.736758263153444,4.043246598440364,-11.34832177634906,-9.51848531037621,152.3094358816986
202.05924262317347,-25.730718257338946,4.041840701014508,-11.35535302115923,-9.521054168509306,152.30032766435568
202.06805378476295,-25.724683231928825,4.0404350143808125,-11.362386220551858,-9.523623508375538,152.29113347515366
202.07686825615878,-25.71865319059532,4.03902954048186,-11.369421369903867,-9.526193328772582,152.281853050633
202.0856860414311,-25.712628137009748,4.037624281260238,-11.376458464592542,-9.528763628497309,152.272486127335
202.09450714465086,-25.70660807484265,4.036219238658535,-11.383497499995563,-9.531334406345794,152.26303244180025
202.10333156989026,-25.700593007763576,4.034814414619332,-11.390538471490999,-9.533905661113344,152.25349173056978
202.11215932122232,-25.694582939441233,4.033409811085217,-11.397581374457287,-9.536477391594465,152.24386373018427
202.12099040272113,-25.688577873543466,4.032005429998774,-11.404626204273267,-9.539049596582881,152.23414817718472
202.12982481846174,-25.682577813737186,4.030601273302591,-11.411672956318158,-9.541622274871525,152.2243448081121
202.13866257252022,-25.67658276368846,4.029197342939255,-11.418721625971544,-9.544195425252537,152.21445335950688
202.14750366897366,-25.670592727062438,4.027793640851347,-11.425772208613427,-9.546769046517294,152.20447356791024
202.15634811189994,-25.664607707523466,4.0263901689814565,-11.432824699624163,-9.549343137456345,152.19440516986305
202.16519590537823,-25.65862770873491,4.024986929272168,-11.439879094384514,-9.551917696859483,152.184247901906
202.1740470534885,-25.6526527343593,4.023583923666066,-11.44693538827562,-9.554492723515704,152.17400150058003
202.18290156031182,-25.646682788058268,4.022181154105738,-11.453993576678984,-9.557068216213215,152.16366570242604
202.1917594299302,-25.640717873492548,4.020778622533769,-11.461053654976515,-9.55964417373944,152.15324024398492
202.20062066642666,-25.634757994322023,4.019376330892747,-11.468115618550508,-9.562220594881012,152.14272486179738
202.20948527388535,-25.628803154205634,4.017974281125253,-11.47517946278363,-9.56479747842379,152.13211929240435
202.2183532563911,-25.62285335680154,4.016572475173876,-11.482245183058932,-9.56737482315282,152.12142327234685
202.22722461803016,-25.616908605766906,4.015170914981201,-11.489312774759863,-9.569952627852393,152.11063653816544
202.2360993628894,-25.61096890475805,4.013769602489816,-11.496382233270223,-9.572530891305982,152.09975882640117
202.24497749505701,-25.605034257430418,4.012368539642302,-11.503453553974241,-9.575109612296313,152.08878987359486
202.25385901862202,-25.59910466743854,4.010967728381247,-11.510526732256494,-9.577688789605295,152.07772941628735
202.2627439376745,-25.593180138436093,4.009567170649238,-11.517601763501947,-9.58026842201405,152.06657719101958
202.27163225630554,-25.58726067407579,4.0081668683888605,-11.524678643095951,-9.582848508302943,152.0553329343324
202.2805239786072,-25.5813462780096,4.006766823542697,-11.531757366424264,-9.585429047251525,152.0439963827665
202.28941910867255,-25.575436953888467,4.005367038053338,-11.538837928872983,-9.588010037638572,152.03256727286302
202.2983176505958,-25.569532705362512,4.003967513863364,-11.54592032582863,-9.590591478242082,152.02104534116253
202.30721960847205,-25.56363353608094,4.002568252915365,-11.55300455267807,-9.593173367839258,152.00943032420616
202.31612498639745,-25.557739449692086,4.0011692571519255,-11.560090604808583,-9.595755705206521,151.99772195853456
202.32503378846923,-25.55185044984335,3.99977052851563,-11.567178477607811,-9.59833848911952,151.9859199806887
202.33394601878547,-25.545966540181347,3.9983720689490667,-11.57426816646379,-9.600921718353089,151.97402412720936
202.34286168144538,-25.54008772435171,3.996973880394818,-11.581359666764943,-9.603505391681312,151.96203413463752
202.35178078054926,-25.534214005999203,3.995575964795473,-11.588452973900056,-9.606089507877464,151.949949739514
202.36070332019833,-25.52834538876771,3.9941783240936144,-11.595548083258313,-9.608674065714059,151.9377706783796
202.36962930449485,-25.522481876300215,3.9927809602318294,-11.602644990229276,-9.611259063962805,151.9254966877752
202.3785587375421,-25.516623472238805,3.991383875152704,-11.609743690202883,-9.61384450139464,151.91312750424163
202.3874916234445,-25.51077018022468,3.989987070798824,-11.616844178569462,-9.616430376779718,151.90066286431986
202.39642796630724,-25.504922003898194,3.9885905491127747,-11.623946450719721,-9.6190166888874,151.88810250455066
202.40536777023675,-25.499078946898738,3.987194312037141,-11.631050502044747,-9.621603436486277,151.87544616147494
202.41431103934048,-25.49324101286486,3.98579836151451,-11.638156327936015,-9.624190618344151,151.86269357163354
202.42325777772683,-25.487408205434186,3.9844026994874664,-11.645263923785366,-9.62677823322804,151.84984447156725
202.43220798950526,-25.48158052824347,3.9830073278985956,-11.652373284985051,-9.62936627990419,151.836898597817
202.44116167878627,-25.475757984928528,3.9816122486904852,-11.659484406927662,-9.631954757138045,151.82385568692368
202.45011884968136,-25.46994057912438,3.9802174638057197,-11.666597285006217,-9.634543663694284,151.8107154754281
202.45907950630308,-25.464128314465075,3.978822975186885,-11.673711914614078,-9.637132998336797,151.79747769987122
202.46804365276506,-25.458321194583764,3.977428784776566,-11.680828291145001,-9.639722759828699,151.78414209679374
202.4770112931819,-25.452519223112752,3.9760348945173503,-11.687946409993142,-9.642312946932313,151.7707084027366
202.48598243166933,-25.446722403683395,3.974641306351821,-11.695066266553003,-9.644903558409196,151.75717635424064
202.49495707234396,-25.44093073992621,3.973248022222567,-11.702187856219489,-9.647494593020106,151.74354568784685
202.5039352193237,-25.435144235470748,3.97185504407217,-11.709311174387885,-9.65008604952504,151.7298161400959
202.51291687672713,-25.42936289394578,3.970462373843219,-11.716436216453856,-9.652677926683193,151.71598744752873
202.5219020486742,-25.423586718979077,3.969070013478299,-11.723562977813435,-9.655270223252998,151.70205934668616
202.53089073928575,-25.417815714197538,3.967677964919995,-11.730691453863047,-9.657862937992094,151.6880315741092
202.53988295268368,-25.412049883227194,3.9662862301108937,-11.737821639999495,-9.66045606965735,151.67390386633855
202.54887869299102,-25.406289229693154,3.9648948109935804,-11.744953531619966,-9.663049617004855,151.65967595991512
202.5578779643317,-25.400533757219637,3.9635037095106402,-11.752087124122017,-9.665643578789911,151.64534759137976
202.5668807708309,-25.394783469429946,3.962112927604659,-11.759222412903593,-9.668237953767052,151.63091849727343
202.57588711661458,-25.389038369946576,3.9607224672182233,-11.766359393363022,-9.670832740690024,151.61638841413676
202.5848970058099,-25.383298462391007,3.959332330293918,-11.773498060898998,-9.673427938311784,151.60175707851087
202.59391044254517,-25.37756375038389,3.9579425187743293,-11.780638410910601,-9.676023545384538,151.5870242269364
202.60292743094956,-25.37183423754495,3.956553034602043,-11.787780438797306,-9.678619560659694,151.57218959595443
202.6119479751534,-25.366109927493028,3.955163879719644,-11.79492413995894,-9.681215982887887,151.55725292210562
202.6209720792881,-25.36039082384607,3.9537750560697194,-11.80206950979573,-9.683812810818965,151.54221394193098
202.6299997474861,-25.354676930221075,3.952386565594854,-11.809216543708274,-9.686410043202027,151.52707239197127
202.63903098388076,-25.348968250234257,3.9509984102376317,-11.816365237097553,-9.689007678785353,151.51182800876737
202.64806579260667,-25.343264787500825,3.949610591940642,-11.823515585364916,-9.691605716316474,151.49648052886016
202.65710417779943,-25.337566545635116,3.948223112646469,-11.830667583912104,-9.69420415454214,151.4810296887906
202.6661461435957,-25.331873528250572,3.946835974297698,-11.837821228141236,-9.696802992208323,151.46547522509937
202.67519169413322,-25.326185738959754,3.9454491788369146,-11.844976513454803,-9.699402228060212,151.4498168743274
202.68424083355072,-25.320503181374296,3.944062728206705,-11.852133435255672,-9.702001860842223,151.43405437301553
202.69329356598806,-25.314825859104936,3.942676624349654,-11.8592919889471,-9.704601889298004,151.4181874577048
202.70234989558614,-25.309153775761526,3.941290869208348,-11.866452169932717,-9.707202312170418,151.4022158649357
202.71140982648694,-25.303486934953003,3.9399054647253737,-11.873613973616521,-9.709803128201555,151.3861393312495
202.7204733628335,-25.297825340287407,3.9385204128433156,-11.880777395402903,-9.712404336132728,151.36995759318668
202.7295405087699,-25.292168995371878,3.937135715504759,-11.887942430696626,-9.715005934704479,151.35367038728845
202.73861126844136,-25.28651790381266,3.935751374652291,-11.895109074902827,-9.717607922656573,151.33727745009548
202.74768564599407,-25.280872069215075,3.9343673922284967,-11.902277323427027,-9.720210298727997,151.32077851814867
202.75676364557535,-25.27523149518356,3.9329837701759605,-11.909447171675122,-9.722813061656973,151.30417332798882
202.76584527133363,-25.269596185321646,3.9316005104372707,-11.916618615053391,-9.72541621018094,151.28746161615686
202.77493052741835,-25.26396614323195,3.9302176149550125,-11.923791648968466,-9.728019743036562,151.27064311919372
202.78401941798003,-25.25834137251621,3.9288350856717686,-11.9309662688274,-9.730623658959743,151.25371757364007
202.79311194717033,-25.25272187677524,3.9274529245301295,-11.938142470037578,-9.733227956685594,151.23668471603696
202.8022081191419,-25.247107659608954,3.9260711334726754,-11.945320248006796,-9.735832634948478,151.21954428292509
202.81130793804851,-25.24149872461637,3.924689714441996,-11.952499598143202,-9.738437692481956,151.2022960108454
202.82041140804498,-25.235895075395586,3.9233086693806776,-11.95968051585533,-9.741043128018832,151.1849396363388
202.8295185332873,-25.23029671554381,3.921928000231303,-11.96686299655211,-9.74364894029115,151.16747489594604
202.83862931793246,-25.224703648657343,3.920547708936459,-11.974047035642808,-9.746255128030155,151.1499015262081
202.8477437661385,-25.21911587833157,3.919167797438732,-11.981232628537107,-9.748861689966343,151.13221926366575
202.85686188206466,-25.21353340816099,3.9177882676807068,-11.988419770645034,-9.751468624829432,151.1144278448599
202.86598366987116,-25.20795624173917,3.916409121604969,-11.99560845737702,-9.754075931348359,151.09652700633134
202.87510913371935,-25.202384382658796,3.915030361154107,-12.002798684143848,-9.7566836082513,151.07851648462096
202.88423827777166,-25.196817834511634,3.9136519882707024,-12.009990446356689,-9.75929165426566,151.06039601626975
202.8933711061916,-25.19125660088855,3.912274004897343,-12.017183739427093,-9.761900068118075,151.04216533781837
202.90250762314383,-25.185700685379494,3.9108964129766153,-12.02437855876697,-9.764508848534405,151.02382418580783
202.911647832794,-25.180150091573523,3.909519214451104,-12.031574899788627,-9.76711799423974,151.00537229677892
202.92079173930892,-25.174604823058772,3.9081424112633942,-12.038772757904722,-9.769727503958409,150.98680940727243
202.92993934685646,-25.169064883422465,3.906766005356074,-12.045972128528309,-9.77233737641397,150.96813525382936
202.93909065960563,-25.163530276250945,3.9053899986717253,-12.053173007072814,-9.774947610329205,150.94934957299046
202.94824568172646,-25.15800100512962,3.904014393152938,-12.060375388952023,-9.777558204426128,150.9304521012967
202.95740441739014,-25.152477073643002,3.9026391907422937,-12.067579269580119,-9.780169157425995,150.91144257528893
202.96656687076896,-25.1469584853747,3.9012643933823825,-12.07478464437163,-9.782780468049282,150.89232073150788
202.97573304603623,-25.141445243907377,3.8998900030157864,-12.08199150874149,-9.785392135015707,150.87308630649449
202.98490294736646,-25.135937352822847,3.898516021585093,-12.089199858104987,-9.788004157044213,150.85373903678968
202.9940765789352,-25.13043481570196,3.897142451032888,-12.096409687877793,-9.790616532852981,150.83427865893432
203.00325394491915,-25.12493763612469,3.8957692933017554,-12.103620993475955,-9.793229261159425,150.814704909469
203.012435049496,-25.11944581767009,3.8943965503342843,-12.110833770315871,-9.795842340680185,150.795017524935
203.02161989684467,-25.113959363916287,3.893024224073057,-12.11804801381435,-9.798455770131145,150.77521624187287
203.03080849114517,-25.10847827844052,3.891652316460661,-12.125263719388546,-9.80106954822742,150.75530079682352
203.0400008365785,-25.10300256481911,3.8902808294396816,-12.132480882456004,-9.80368367368336,150.73527092632796
203.04919693732694,-25.097532226627457,3.888909764952704,-12.139699498434627,-9.806298145212542,150.71512636692694
203.05839679757375,-25.092067267440072,3.8875391249423146,-12.146919562742706,-9.80891296152779,150.69486685516125
203.06760042150333,-25.08660769083053,3.886168911351098,-12.15414107079889,-9.811528121341158,150.67449212757182
203.07680781330123,-25.081153500371503,3.8847991261216426,-12.161364018022212,-9.814143623363933,150.6540019206996
203.08601897715403,-25.075704699634752,3.8834297711965315,-12.168588399832075,-9.816759466306635,150.63339597108543
203.09523391724954,-25.070261292191127,3.8820608485183516,-12.175814211648262,-9.819375648879042,150.61267401526993
203.10445263777657,-25.06482328161056,3.880692360029688,-12.1830414488909,-9.821992169790137,150.59183578979423
203.11367514292513,-25.059390671462072,3.879324307673127,-12.190270106980531,-9.82460902774816,150.57088103119912
203.12290143688628,-25.05396346531377,3.877956693391254,-12.19750018133804,-9.82722622146059,150.5498094760255
203.13213152385228,-25.048541666732856,3.8765895191266537,-12.20473166738469,-9.829843749634138,150.52862086081402
203.1413654080164,-25.04312527928559,3.8752227868219142,-12.211964560542112,-9.832461610974747,150.5073149221058
203.15060309357312,-25.03771430653735,3.8738564984196198,-12.219198856232323,-9.835079804187602,150.48589139644147
203.15984458471794,-25.032308752052586,3.872490655862356,-12.226434549877697,-9.837698327977137,150.46435002036222
203.16908988564768,-25.026908619394828,3.87112526109271,-12.233671636900986,-9.840317181047016,150.44269053040853
203.17833900056004,-25.021513912126704,3.869760316053264,-12.240910112725313,-9.84293636210014,150.4209126631215
203.18759193365398,-25.016124633809905,3.8683958226866078,-12.24814997277417,-9.845555869838654,150.39901615504192
203.1968486891296,-25.01074078800524,3.867031782935324,-12.255391212471423,-9.848175702963943,150.37700074271075
203.20610927118807,-25.005362378272558,3.8656681987420005,-12.262633827241306,-9.850795860176637,150.35486616266857
203.2153736840317,-24.999989408170826,3.8643050720492225,-12.269877812508419,-9.853416340176588,150.33261215145652
203.22464193186394,-24.994621881258084,3.862942404799574,-12.277123163697752,-9.856037141662922,150.31023844561534
203.23391401888932,-24.989259801091453,3.8615801989356444,-12.28436987623463,-9.858658263333966,150.287744781686
203.24318994931363,-24.98390317122714,3.860218456400016,-12.291617945544793,-9.861279703887329,150.26513089620917
203.25246972734368,-24.97855199522043,3.8588571791352755,-12.298867367054315,-9.863901462019832,150.24239652572587
203.2617533571874,-24.973206276625692,3.8574963690840085,-12.306118136189651,-9.86652353642756,150.21954140677684
203.27104084305392,-24.967866018996375,3.8561360281888017,-12.31337024837763,-9.86914592580582,150.19656527590314
203.28033218915348,-24.962531225885016,3.8547761583922404,-12.320623699045447,-9.871768628849173,150.17346786964546
