galstreams/tracks/track.st.NGC288.sollima2020.ecsv
# %ECSV 0.9
# ---
# datatype:
# - {name: ra, unit: deg, datatype: float64}
# - {name: dec, unit: deg, datatype: float64}
# - {name: distance, unit: kpc, datatype: float64}
# - {name: pm_ra_cosdec, unit: mas / yr, datatype: float64}
# - {name: pm_dec, unit: mas / yr, datatype: float64}
# - {name: radial_velocity, unit: km / s, datatype: float64}
# delimiter: ','
# meta: !!omap
# - __serialized_columns__:
#     dec:
#       __class__: astropy.coordinates.angles.Latitude
#       unit: &id001 !astropy.units.Unit {unit: deg}
#       value: !astropy.table.SerializedColumn {name: dec}
#     distance:
#       __class__: astropy.coordinates.distances.Distance
#       unit: !astropy.units.Unit {unit: kpc}
#       value: !astropy.table.SerializedColumn {name: distance}
#     pm_dec:
#       __class__: astropy.units.quantity.Quantity
#       unit: !astropy.units.Unit {unit: mas / yr}
#       value: !astropy.table.SerializedColumn {name: pm_dec}
#     pm_ra_cosdec:
#       __class__: astropy.units.quantity.Quantity
#       unit: !astropy.units.Unit {unit: mas / yr}
#       value: !astropy.table.SerializedColumn {name: pm_ra_cosdec}
#     ra:
#       __class__: astropy.coordinates.angles.Longitude
#       unit: *id001
#       value: !astropy.table.SerializedColumn {name: ra}
#       wrap_angle: !astropy.coordinates.Angle
#         unit: *id001
#         value: 360.0
#     radial_velocity:
#       __class__: astropy.units.quantity.Quantity
#       unit: !astropy.units.Unit {unit: km / s}
#       value: !astropy.table.SerializedColumn {name: radial_velocity}
# schema: astropy-2.0
ra,dec,distance,pm_ra_cosdec,pm_dec,radial_velocity
[from data line 473]
13.43615845701849,-28.261191775486928,8.987999999999998,0.0,0.0,0.0
13.423847299753321,-28.289173495130765,8.987999999999998,0.0,0.0,0.0
13.411642109656457,-28.317008205349403,8.987999999999998,0.0,0.0,0.0
13.399549099834724,-28.344688038804634,8.987999999999998,0.0,0.0,0.0
13.387574434084181,-28.372205206301558,8.987999999999998,0.0,0.0,0.0
13.37572422307312,-28.399552001323013,8.987999999999998,0.0,0.0,0.0
13.364004520502899,-28.42672080456661,8.987999999999998,0.0,0.0,0.0
13.352421319248439,-28.45370408848281,8.988,0.0,0.0,0.0
13.340980547480534,-28.480494421812057,8.987999999999998,0.0,0.0,0.0
13.32968806477192,-28.507084474119157,8.988,0.0,0.0,0.0
13.318549658189328,-28.533467020323062,8.988,0.0,0.0,0.0
13.307571038373688,-28.55963494522003,8.987999999999998,0.0,0.0,0.0
13.29675783561075,-28.585581247998483,8.987999999999998,0.0,0.0,0.0
13.286115595894461,-28.611299046743227,8.988,0.0,0.0,0.0
13.27564977698553,-28.63678158292745,8.988,0.0,0.0,0.0
13.26536574446754,-28.66202222589019,8.988,0.0,0.0,0.0
13.255268767803253,-28.687014477297428,8.987999999999998,0.0,0.0,0.0
13.245364016393584,-28.71175197558453,8.988,0.0,0.0,0.0
13.235656555641931,-28.736228500378196,8.987999999999998,0.0,0.0,0.0
13.226151343026567,-28.760437976895613,8.987999999999998,0.0,0.0,0.0
13.216853224183778,-28.784374480318625,8.987999999999998,0.0,0.0,0.0
13.207766929004658,-28.80803224014088,8.988,0.0,0.0,0.0
13.19889706774832,-28.83140564448567,8.987999999999998,0.0,0.0,0.0
13.190248127174497,-28.85448924439212,8.988,0.0,0.0,0.0
13.181824466698483,-28.877277758067567,8.987999999999998,0.0,0.0,0.0
13.173630314571378,-28.89976607510369,8.988,0.0,0.0,0.0
13.165669764088763,-28.921949260654188,8.988,0.0,0.0,0.0
13.157946769830861,-28.94382255957141,8.987999999999998,0.0,0.0,0.0
13.150465143937291,-28.96538140049966,8.987999999999996,0.0,0.0,0.0
13.143228552419686,-28.986621399922672,8.987999999999998,0.0,0.0,0.0
13.13624051151529,-29.007538366162688,8.987999999999996,0.0,0.0,0.0
13.129504384084846,-29.028128303328664,8.987999999999998,0.0,0.0,0.0
13.123023376058036,-29.04838741521089,8.987999999999998,0.0,0.0,0.0
13.11680053292979,-29.068312109119617,8.987999999999996,0.0,0.0,0.0
13.110838736310782,-29.087898999664787,8.987999999999998,0.0,0.0,0.0
13.105140700535518,-29.107144912474194,8.987999999999998,0.0,0.0,0.0
13.099708969331349,-29.126046887847433,8.987999999999996,0.0,0.0,0.0
13.09454591255186,-29.144602184342702,8.987999999999998,0.0,0.0,0.0
13.089653722977994,-29.162808282293568,8.987999999999998,0.0,0.0,0.0
13.085034413190444,-29.180662887252975,8.987999999999998,0.0,0.0,0.0
13.08068981251663,-29.198163933361236,8.987999999999998,0.0,0.0,0.0
13.076621564055808,-29.215309586635364,8.987999999999996,0.0,0.0,0.0
13.072831121785741,-29.23209824817631,8.987999999999998,0.0,0.0,0.0
13.069319747754369,-29.248528557291277,8.987999999999998,0.0,0.0,0.0
13.066088509359977,-29.264599394527725,8.987999999999996,0.0,0.0,0.0
13.063138276723278,-29.280309884616102,8.987999999999998,0.0,0.0,0.0
13.060469720154902,-29.295659399317657,8.987999999999998,0.0,0.0,0.0
13.058083307721684,-29.310647560174402,8.987999999999996,0.0,0.0,0.0
13.055979302915254,-29.325274241157437,8.988,0.0,0.0,0.0
13.05415776242625,-29.3395395712105,8.987999999999998,0.0,0.0,0.0
13.052618534027703,-29.353443936685032,8.987999999999996,0.0,0.0,0.0
13.051361254570784,-29.366987983663225,8.987999999999996,0.0,0.0,0.0
13.050385348096507,-29.38017262016549,8.987999999999996,0.0,0.0,0.0
13.049690024066503,-29.392999018238438,8.987999999999994,0.0,0.0,0.0
13.049274275716387,-29.40546861591992,8.987999999999996,0.0,0.0,0.0
13.04913687853489,-29.41758311907696,8.987999999999994,0.0,0.0,0.0
13.04927638887204,-29.429344503112898,8.987999999999996,0.0,0.0,0.0
13.04969114267967,-29.44075501453971,8.987999999999996,0.0,0.0,0.0
13.050379254387453,-29.4518171724115,8.987999999999996,0.0,0.0,0.0
13.051338615917599,-29.462533769615,8.987999999999996,0.0,0.0,0.0
13.052566895841384,-29.47290787401297,8.987999999999994,0.0,0.0,0.0
13.054061538680646,-29.48294282943624,8.987999999999994,0.0,0.0,0.0
13.055819764357288,-29.492642256520117,8.987999999999996,0.0,0.0,0.0
13.05783856779382,-29.502010053380726,8.987999999999996,0.0,0.0,0.0
13.060114718667979,-29.51105039612685,8.987999999999996,0.0,0.0,0.0
13.062644761324389,-29.51976773920285,8.987999999999996,0.0,0.0,0.0
13.065425014846152,-29.528166815557967,8.987999999999994,0.0,0.0,0.0
13.068451573289337,-29.5362526366373,8.987999999999994,0.0,0.0,0.0
13.071720306083165,-29.544030492189993,8.987999999999994,0.0,0.0,0.0
13.075226858598768,-29.551505949889478,8.987999999999994,0.0,0.0,0.0
13.078966652889287,-29.558684854761253,8.987999999999994,0.0,0.0,0.0
13.082934888604088,-29.565573328412945,8.987999999999994,0.0,0.0,0.0
13.087126544079863,-29.572177768061934,8.987999999999992,0.0,0.0,0.0
13.091536377611215,-29.578504845355138,8.987999999999992,0.0,0.0,0.0
13.09615892890356,-29.584561504976225,8.987999999999992,0.0,0.0,0.0
13.100988520710894,-29.590354963034603,8.987999999999994,0.0,0.0,0.0
13.106019260661071,-29.595892705231208,8.987999999999996,0.0,0.0,0.0
13.111245043271246,-29.601182484795615,8.987999999999994,0.0,0.0,0.0
13.116659552156063,-29.606232320189005,8.987999999999994,0.0,0.0,0.0
13.122256262431186,-29.611050492567664,8.987999999999994,0.0,0.0,0.0
13.12802844331469,-29.615645543001204,8.987999999999992,0.0,0.0,0.0
13.133969160929015,-29.62002626944026,8.987999999999992,0.0,0.0,0.0
13.140071281305874,-29.624201723427504,8.987999999999992,0.0,0.0,0.0
13.146327473596909,-29.628181206546664,8.98799999999999,0.0,0.0,0.0
13.15273021349244,-29.63197426660348,8.987999999999992,0.0,0.0,0.0
13.15927178685112,-29.635590693532823,8.987999999999992,0.0,0.0,0.0
13.165944293542932,-29.639040515026032,8.987999999999992,0.0,0.0,0.0
13.172739651508303,-29.64233399187248,8.987999999999992,0.0,0.0,0.0
13.179649601035901,-29.64548161300935,8.987999999999992,0.0,0.0,0.0
13.186665709261861,-29.648494090273434,8.98799999999999,0.0,0.0,0.0
13.193779374893177,-29.651382352848962,8.98799999999999,0.0,0.0,0.0
13.200981833158023,-29.65415754140508,8.98799999999999,0.0,0.0,0.0
13.208264160985893,-29.656831001916853,8.98799999999999,0.0,0.0,0.0
13.215617282420366,-29.65941427916342,8.987999999999989,0.0,0.0,0.0
13.22303197426757,-29.661919109897,8.98799999999999,0.0,0.0,0.0
13.23049887198333,-29.66435741567627,8.987999999999989,0.0,0.0,0.0
13.238008475802108,-29.666741295357802,8.98799999999999,0.0,0.0,0.0
13.245551157110942,-29.669083017238897,8.987999999999989,0.0,0.0,0.0
13.253117165071792,-29.671395010845558,8.98799999999999,0.0,0.0,0.0
13.260696633495542,-29.673689858358728,8.987999999999989,0.0,0.0,0.0
13.26827958797129,-29.675980285672473,8.987999999999989,0.0,0.0,0.0
13.275855953254553,-29.678279153077348,8.98799999999999,0.0,0.0,0.0
13.283415560918133,-29.68059944556224,8.98799999999999,0.0,0.0,0.0
13.290948157269563,-29.682954262728206,8.98799999999999,0.0,0.0,0.0
13.298443411539198,-29.685356808307294,8.987999999999989,0.0,0.0,0.0
13.30589092434313,-29.687820379279934,8.987999999999987,0.0,0.0,0.0
13.313280236425337,-29.69035835458384,8.987999999999989,0.0,0.0,0.0
13.320600837683564,-29.692984183407898,8.987999999999989,0.0,0.0,0.0
13.32784217648367,-29.69571137306398,8.987999999999989,0.0,0.0,0.0
13.334993669267385,-29.698553476430128,8.987999999999989,0.0,0.0,0.0
13.342044710458485,-29.701524078958098,8.987999999999987,0.0,0.0,0.0
13.348984682672828,-29.70463678523847,8.987999999999987,0.0,0.0,0.0
13.355802967237656,-29.707905205116557,8.987999999999989,0.0,0.0,0.0
13.36248895502598,-29.71134293935204,8.987999999999987,0.0,0.0,0.0
13.369032057611978,-29.714963564815747,8.987999999999987,0.0,0.0,0.0
13.375421718753671,-29.71878061921653,8.987999999999989,0.0,0.0,0.0
13.381647426209307,-29.722807585351326,8.987999999999989,0.0,0.0,0.0
13.387698723894177,-29.727057874871786,8.987999999999989,0.0,0.0,0.0
13.393565224384828,-29.731544811560255,8.987999999999989,0.0,0.0,0.0
13.399236621777991,-29.7362816141086,8.987999999999987,0.0,0.0,0.0
13.404702704911655,-29.74128137839273,8.987999999999987,0.0,0.0,0.0
13.40995337095617,-29.74655705923621,8.987999999999985,0.0,0.0,0.0
13.414978639383483,-29.75212145165595,8.987999999999987,0.0,0.0,0.0
13.419768666322835,-29.757987171583245,8.987999999999987,0.0,0.0,0.0
13.42431375931174,-29.7641666360533,8.987999999999987,0.0,0.0,0.0
13.428604392451126,-29.770672042856546,8.987999999999987,0.0,0.0,0.0
13.432631221974043,-29.777515349644762,8.987999999999987,0.0,0.0,0.0
13.436385102237578,-29.784708252485466,8.987999999999989,0.0,0.0,0.0
13.439857102147835,-29.792262163857647,8.987999999999987,0.0,0.0,0.0
13.443038522028374,-29.800188190082157,8.987999999999987,0.0,0.0,0.0
13.445920910942592,-29.808497108180095,8.987999999999985,0.0,0.0,0.0
13.448496084481041,-29.817199342152357,8.987999999999985,0.0,0.0,0.0
13.450756143024847,-29.82630493867377,8.987999999999987,0.0,0.0,0.0
13.452693490496836,-29.835823542195058,8.987999999999985,0.0,0.0,0.0
13.454300853612141,-29.845764369445988,8.987999999999987,0.0,0.0,0.0
13.455571301640566,-29.856136183333057,8.987999999999985,0.0,0.0,0.0
13.456498266693085,-29.866947266225047,8.987999999999985,0.0,0.0,0.0
13.457075564545264,-29.878205392619808,8.987999999999985,0.0,0.0,0.0
13.457297416010633,-29.88991780118561,8.987999999999985,0.0,0.0,0.0
13.457158468877374,-29.902091166170447,8.987999999999987,0.0,0.0,0.0
13.456653820421746,-29.914731568172606,8.987999999999987,0.0,0.0,0.0
13.455779040512228,-29.927844464265853,8.987999999999987,0.0,0.0,0.0
13.454530195318222,-29.941434657472556,8.987999999999985,0.0,0.0,0.0
13.452903871637615,-29.95550626557794,8.987999999999985,0.0,0.0,0.0
13.45089720185753,-29.970062689278937,8.987999999999987,0.0,0.0,0.0
13.448507889562778,-29.985106579660574,8.987999999999984,0.0,0.0,0.0
13.445734235806626,-30.00063980499328,8.987999999999987,0.0,0.0,0.0
13.442575166058507,-30.016663416844064,8.987999999999987,0.0,0.0,0.0
13.439030257843445,-30.033177615494683,8.987999999999989,0.0,0.0,0.0
13.435099769087763,-30.050181714659555,8.987999999999987,0.0,0.0,0.0
13.430784667185764,-30.067674105496533,8.987999999999985,0.0,0.0,0.0
13.426086658801786,-30.085652219902897,8.987999999999985,0.0,0.0,0.0
13.421008220421928,-30.104112493089378,8.987999999999987,0.0,0.0,0.0
13.41555262966947,-30.123050325424465,8.987999999999987,0.0,0.0,0.0
13.409723997397622,-30.142460043541295,8.987999999999985,0.0,0.0,0.0
13.40352730057291,-30.16233486069907,8.987999999999989,0.0,0.0,0.0
13.396968415961924,-30.182666836390847,8.987999999999989,0.0,0.0,0.0
13.39005415463359,-30.203446835189077,8.987999999999989,0.0,0.0,0.0
13.382792297288413,-30.224664484820313,8.987999999999987,0.0,0.0,0.0
13.375191630425295,-30.2463081334598,8.987999999999989,0.0,0.0,0.0
13.3672619833557,-30.26836480623657,8.987999999999987,0.0,0.0,0.0
13.359014266073645,-30.290820160939163,8.987999999999989,0.0,0.0,0.0
13.350460507989032,-30.313658442911642,8.987999999999989,0.0,0.0,0.0
13.341613897530328,-30.33686243912921,8.987999999999987,0.0,0.0,0.0
13.332488822620995,-30.360413431441803,8.987999999999987,0.0,0.0,0.0
13.323100912032661,-30.384291148974185,8.987999999999989,0.0,0.0,0.0
13.313467077615725,-30.40847371966958,8.987999999999989,0.0,0.0,0.0
13.303605557406282,-30.432937620963813,8.987999999999989,0.0,0.0,0.0
13.293535959605967,-30.45765762957579,8.987999999999989,0.0,0.0,0.0
13.283279307428435,-30.48260677039966,8.987999999999987,0.0,0.0,0.0
13.272858084803952,-30.507756264482598,8.987999999999989,0.0,0.0,0.0
13.262296282929979,-30.533075476071804,8.987999999999989,0.0,0.0,0.0
13.251619447652827,-30.558531858712648,8.98799999999999,0.0,0.0,0.0
13.24085472766151,-30.584090900379195,8.987999999999989,0.0,0.0,0.0
13.230030923471224,-30.609716067616947,8.98799999999999,0.0,0.0,0.0
13.219178537169672,-30.635368748676225,8.987999999999989,0.0,0.0,0.0
13.208329822894894,-30.661008195613437,8.98799999999999,0.0,0.0,0.0
13.197518838008309,-30.68659146533563,8.98799999999999,0.0,0.0,0.0
13.186781494921663,-30.712073359562662,8.98799999999999,0.0,0.0,0.0
13.17615561353081,-30.73740636367872,8.987999999999989,0.0,0.0,0.0
13.165680974203239,-30.76254058444415,8.987999999999992,0.0,0.0,0.0
13.155399371260023,-30.787423686535615,8.987999999999989,0.0,0.0,0.0
13.145354666885973,-30.812000827881235,8.987999999999989,0.0,0.0,0.0
13.135592845394621,-30.836214593754708,8.98799999999999,0.0,0.0,0.0
13.12616206776691,-30.86000492959048,8.987999999999994,0.0,0.0,0.0
13.11711272637459,-30.88330907247918,8.98799999999999,0.0,0.0,0.0
13.108497499790621,-30.906061481300327,8.987999999999992,0.0,0.0,0.0
13.100371407580006,-30.92819376544649,8.98799999999999,0.0,0.0,0.0
13.09279186495517,-30.94963461209009,8.987999999999992,0.0,0.0,0.0
13.085818737170017,-30.970309711941507,8.98799999999999,0.0,0.0,0.0
13.079514393516705,-30.990141683443724,8.987999999999992,0.0,0.0,0.0
13.073943760778432,-31.009049995345748,8.987999999999992,0.0,0.0,0.0
13.069174375980548,-31.02695088759376,8.98799999999999,0.0,0.0,0.0
13.065276438270862,-31.04375729047556,8.98799999999999,0.0,0.0,0.0
13.062322859748228,-31.059378741950628,8.98799999999999,0.0,0.0,0.0
13.060389315046573,-31.073721303094075,8.98799999999999,0.0,0.0,0.0
13.059554289469137,-31.086687471579967,8.98799999999999,0.0,0.0,0.0
13.059899125455253,-31.098176093125065,8.987999999999992,0.0,0.0,0.0
13.061508067149317,-31.108082270811117,8.987999999999992,0.0,0.0,0.0
13.064468302829068,-31.11629727219973,8.98799999999999,0.0,0.0,0.0
13.068870004937452,-31.12270843415051,8.987999999999989,0.0,0.0,0.0
13.074806367449986,-31.127199065249457,8.98799999999999,0.0,0.0,0.0
13.082373640297146,-31.12964834575159,8.98799999999999,0.0,0.0,0.0
13.09167116054954,-31.129931224937852,8.98799999999999,0.0,0.0,0.0
13.10280138006183,-31.12791831578395,8.987999999999989,0.0,0.0,0.0
13.115869889261146,-31.12347578683549,8.98799999999999,0.0,0.0,0.0
13.130985436755294,-31.116465251181282,8.987999999999989,0.0,0.0,0.0
13.148259944427364,-31.1067436524148,8.987999999999987,0.0,0.0,0.0
13.16780851767561,-31.09416314747144,8.987999999999987,0.0,0.0,0.0
13.18974945045121,-31.078570986228357,8.987999999999989,0.0,0.0,0.0
13.214204224741891,-31.05980938775281,8.987999999999987,0.0,0.0,0.0
