galstreams/tracks/track.st.Orinoco.grillmair2017.ecsv
# %ECSV 0.9
# ---
# datatype:
# - {name: ra, unit: deg, datatype: float64}
# - {name: dec, unit: deg, datatype: float64}
# - {name: distance, unit: kpc, datatype: float64}
# - {name: pm_ra_cosdec, unit: mas / yr, datatype: float64}
# - {name: pm_dec, unit: mas / yr, datatype: float64}
# - {name: radial_velocity, unit: km / s, datatype: float64}
# delimiter: ','
# meta: !!omap
# - __serialized_columns__:
#     dec:
#       __class__: astropy.coordinates.angles.Latitude
#       unit: &id001 !astropy.units.Unit {unit: deg}
#       value: !astropy.table.SerializedColumn {name: dec}
#     distance:
#       __class__: astropy.coordinates.distances.Distance
#       unit: !astropy.units.Unit {unit: kpc}
#       value: !astropy.table.SerializedColumn {name: distance}
#     pm_dec:
#       __class__: astropy.units.quantity.Quantity
#       unit: !astropy.units.Unit {unit: mas / yr}
#       value: !astropy.table.SerializedColumn {name: pm_dec}
#     pm_ra_cosdec:
#       __class__: astropy.units.quantity.Quantity
#       unit: !astropy.units.Unit {unit: mas / yr}
#       value: !astropy.table.SerializedColumn {name: pm_ra_cosdec}
#     ra:
#       __class__: astropy.coordinates.angles.Longitude
#       unit: *id001
#       value: !astropy.table.SerializedColumn {name: ra}
#       wrap_angle: !astropy.coordinates.Angle
#         unit: *id001
#         value: 360.0
#     radial_velocity:
#       __class__: astropy.units.quantity.Quantity
#       unit: !astropy.units.Unit {unit: km / s}
#       value: !astropy.table.SerializedColumn {name: radial_velocity}
# schema: astropy-2.0
ra,dec,distance,pm_ra_cosdec,pm_dec,radial_velocity
[from data line 702]
7.945098083561576,-24.591239407906716,20.6,0.0,0.0,0.0
7.956207427433767,-24.590716576842084,20.600000000000005,0.0,0.0,0.0
7.9673162358764325,-24.590196888692226,20.600000000000005,0.0,0.0,0.0
7.978424509319208,-24.589680347686116,20.600000000000012,0.0,0.0,0.0
7.989532248193007,-24.589166958052715,20.60000000000001,0.0,0.0,0.0
8.000639452930258,-24.588656724021032,20.6,0.0,0.0,0.0
8.011746123964814,-24.588149649820092,20.600000000000005,0.0,0.0,0.0
8.02285226173216,-24.587645739678965,20.600000000000005,0.0,0.0,0.0
8.033957866669075,-24.587144997826755,20.60000000000001,0.0,0.0,0.0
8.045062939213855,-24.58664742849256,20.600000000000005,0.0,0.0,0.0
8.0561674798062,-24.586153035905532,20.600000000000005,0.0,0.0,0.0
8.067271488887474,-24.58566182429487,20.6,0.0,0.0,0.0
8.078374966900304,-24.585173797889748,20.60000000000001,0.0,0.0,0.0
8.089477914288855,-24.58468896091941,20.60000000000001,0.0,0.0,0.0
8.100580331498694,-24.584207317613107,20.6,0.0,0.0,0.0
8.111682218977029,-24.58372887220013,20.6,0.0,0.0,0.0
8.12278357717236,-24.583253628909763,20.60000000000001,0.0,0.0,0.0
8.133884406534714,-24.58278159197138,20.6,0.0,0.0,0.0
8.144984707515507,-24.582312765614304,20.600000000000005,0.0,0.0,0.0
8.156084480567822,-24.58184715406794,20.600000000000005,0.0,0.0,0.0
8.167183726146014,-24.581384761561697,20.6,0.0,0.0,0.0
8.178282444705962,-24.580925592325002,20.60000000000001,0.0,0.0,0.0
8.189380636705017,-24.58046965058732,20.6,0.0,0.0,0.0
8.200478302601931,-24.580016940578133,20.600000000000005,0.0,0.0,0.0
8.21157544285711,-24.57956746652696,20.6,0.0,0.0,0.0
8.222672057932224,-24.579121232663322,20.600000000000005,0.0,0.0,0.0
8.233768148290489,-24.57867824321678,20.600000000000005,0.0,0.0,0.0
8.244863714396514,-24.578238502416898,20.6,0.0,0.0,0.0
8.255958756716565,-24.577802014493294,20.6,0.0,0.0,0.0
8.267053275718173,-24.577368783675578,20.6,0.0,0.0,0.0
8.278147271870415,-24.576938814193404,20.60000000000001,0.0,0.0,0.0
8.289240745643763,-24.576512110276447,20.60000000000001,0.0,0.0,0.0
8.300333697510334,-24.576088676154388,20.6,0.0,0.0,0.0
8.311426127943529,-24.575668516056922,20.6,0.0,0.0,0.0
8.322518037418273,-24.575251634213807,20.600000000000005,0.0,0.0,0.0
8.333609426410904,-24.574838034854775,20.60000000000001,0.0,0.0,0.0
8.344700295399399,-24.574427722209634,20.600000000000005,0.0,0.0,0.0
8.355790644863013,-24.574020700508132,20.6,0.0,0.0,0.0
8.366880475282542,-24.573616973980116,20.60000000000001,0.0,0.0,0.0
8.377969787140172,-24.573216546855406,20.6,0.0,0.0,0.0
8.389058580919745,-24.57281942336386,20.60000000000001,0.0,0.0,0.0
8.400146857106373,-24.572425607735347,20.60000000000001,0.0,0.0,0.0
8.411234616186713,-24.57203510419977,20.600000000000005,0.0,0.0,0.0
8.422321858648807,-24.571647916987022,20.60000000000001,0.0,0.0,0.0
8.433408584982356,-24.571264050327034,20.60000000000001,0.0,0.0,0.0
8.444494795678343,-24.57088350844978,20.6,0.0,0.0,0.0
8.455580491229263,-24.570506295585187,20.600000000000005,0.0,0.0,0.0
8.466665672129036,-24.57013241596326,20.6,0.0,0.0,0.0
8.477750338873209,-24.569761873813988,20.600000000000005,0.0,0.0,0.0
8.48883449195863,-24.569394673367402,20.6,0.0,0.0,0.0
8.499918131883657,-24.569030818853516,20.6,0.0,0.0,0.0
8.511001259148058,-24.56867031450239,20.600000000000005,0.0,0.0,0.0
8.522083874253248,-24.56831316454409,20.60000000000001,0.0,0.0,0.0
8.53316597770193,-24.5679593732087,20.6,0.0,0.0,0.0
8.544247569998324,-24.567608944726317,20.6,0.0,0.0,0.0
8.555328651648056,-24.567261883327046,20.600000000000005,0.0,0.0,0.0
8.5664092231584,-24.566918193241026,20.600000000000005,0.0,0.0,0.0
8.577489285037917,-24.5665778786984,20.6,0.0,0.0,0.0
8.58856883779668,-24.566240943929312,20.6,0.0,0.0,0.0
8.599647881946181,-24.56590739316394,20.600000000000005,0.0,0.0,0.0
8.610726417999555,-24.565577230632474,20.600000000000005,0.0,0.0,0.0
8.621804446471215,-24.56525046056512,20.6,0.0,0.0,0.0
8.632881967877097,-24.564927087192075,20.600000000000005,0.0,0.0,0.0
8.643958982734555,-24.564607114743577,20.600000000000005,0.0,0.0,0.0
8.655035491562577,-24.564290547449865,20.6,0.0,0.0,0.0
8.666111494881434,-24.563977389541186,20.600000000000005,0.0,0.0,0.0
8.677186993212931,-24.563667645247794,20.6,0.0,0.0,0.0
8.688261987080267,-24.563361318799977,20.60000000000001,0.0,0.0,0.0
8.699336477008298,-24.56305841442803,20.6,0.0,0.0,0.0
8.710410463523155,-24.56275893636224,20.600000000000005,0.0,0.0,0.0
8.721483947152496,-24.562462888832926,20.6,0.0,0.0,0.0
8.732556928425385,-24.56217027607039,20.60000000000001,0.0,0.0,0.0
8.743629407872533,-24.56188110230499,20.600000000000005,0.0,0.0,0.0
8.754701386025934,-24.561595371767055,20.600000000000005,0.0,0.0,0.0
8.7657728634191,-24.561313088686944,20.6,0.0,0.0,0.0
8.776843840586958,-24.561034257295006,20.600000000000005,0.0,0.0,0.0
8.787914318066075,-24.56075888182163,20.600000000000005,0.0,0.0,0.0
8.798984296394309,-24.560486966497194,20.600000000000005,0.0,0.0,0.0
8.810053776111035,-24.560218515552076,20.600000000000005,0.0,0.0,0.0
8.821122757757028,-24.559953533216692,20.600000000000005,0.0,0.0,0.0
8.832191241874725,-24.559692023721436,20.600000000000005,0.0,0.0,0.0
8.843259229007833,-24.559433991296743,20.6,0.0,0.0,0.0
8.85432671970159,-24.559179440173,20.600000000000005,0.0,0.0,0.0
8.865393714502636,-24.55892837458068,20.600000000000005,0.0,0.0,0.0
8.876460213959268,-24.558680798750206,20.6,0.0,0.0,0.0
8.887526218621044,-24.55843671691201,20.600000000000005,0.0,0.0,0.0
8.898591729039072,-24.55819613329657,20.60000000000001,0.0,0.0,0.0
8.90965674576585,-24.557959052134322,20.60000000000001,0.0,0.0,0.0
8.920721269355523,-24.557725477655744,20.600000000000012,0.0,0.0,0.0
8.931785300363535,-24.557495414091317,20.600000000000005,0.0,0.0,0.0
8.942848839346826,-24.557268865671496,20.600000000000005,0.0,0.0,0.0
8.953911886863764,-24.55704583662678,20.600000000000005,0.0,0.0,0.0
8.964974443474363,-24.556826331187644,20.600000000000005,0.0,0.0,0.0
8.976036509739913,-24.556610353584603,20.600000000000005,0.0,0.0,0.0
8.987098086223227,-24.556397908048133,20.60000000000001,0.0,0.0,0.0
8.998159173488533,-24.55618899880875,20.6,0.0,0.0,0.0
9.009219772101698,-24.555983630096947,20.600000000000005,0.0,0.0,0.0
9.020279882629879,-24.555781806143248,20.600000000000005,0.0,0.0,0.0
9.031339505641748,-24.55558353117815,20.600000000000012,0.0,0.0,0.0
9.04239864170739,-24.55538880943218,20.600000000000005,0.0,0.0,0.0
9.053457291398542,-24.555197645135863,20.6,0.0,0.0,0.0
9.06451545528821,-24.555010042519704,20.600000000000005,0.0,0.0,0.0
9.07557313395094,-24.554826005814256,20.600000000000005,0.0,0.0,0.0
9.086630327962672,-24.554645539250007,20.6,0.0,0.0,0.0
9.097687037901002,-24.554468647057522,20.600000000000005,0.0,0.0,0.0
9.108743264344804,-24.554295333467294,20.60000000000001,0.0,0.0,0.0
9.119799007874482,-24.554125602709888,20.600000000000012,0.0,0.0,0.0
9.130854269071842,-24.553959459015836,20.600000000000005,0.0,0.0,0.0
9.141909048520338,-24.55379690661565,20.600000000000005,0.0,0.0,0.0
9.152963346804711,-24.55363794973988,20.599999999999998,0.0,0.0,0.0
9.16401716451122,-24.553482592619044,20.600000000000005,0.0,0.0,0.0
9.175070502227536,-24.553330839483685,20.600000000000005,0.0,0.0,0.0
9.186123360542979,-24.553182694564345,20.6,0.0,0.0,0.0
9.197175740048149,-24.55303816209155,20.6,0.0,0.0,0.0
9.20822764133517,-24.552897246295828,20.600000000000005,0.0,0.0,0.0
9.21927906499758,-24.55275995140771,20.6,0.0,0.0,0.0
9.230330011630558,-24.55262628165774,20.6,0.0,0.0,0.0
9.241380481830564,-24.552496241276437,20.6,0.0,0.0,0.0
9.252430476195595,-24.55236983449432,20.6,0.0,0.0,0.0
9.263479995325044,-24.55224706554192,20.6,0.0,0.0,0.0
9.274529039819953,-24.552127938649747,20.6,0.0,0.0,0.0
9.285577610282658,-24.552012458048342,20.599999999999998,0.0,0.0,0.0
9.296625707317006,-24.55190062796821,20.6,0.0,0.0,0.0
9.30767333152826,-24.551792452639848,20.6,0.0,0.0,0.0
9.31872048352333,-24.55168793629378,20.6,0.0,0.0,0.0
9.32976716391041,-24.551587083160502,20.6,0.0,0.0,0.0
9.340813373299218,-24.551489897470525,20.6,0.0,0.0,0.0
9.35185911230088,-24.551396383454335,20.599999999999998,0.0,0.0,0.0
9.362904381528171,-24.551306545342424,20.6,0.0,0.0,0.0
9.373949181595153,-24.551220387365284,20.6,0.0,0.0,0.0
9.384993513117406,-24.5511379137534,20.599999999999998,0.0,0.0,0.0
9.396037376711922,-24.551059128737222,20.600000000000005,0.0,0.0,0.0
9.40708077299735,-24.550984036547252,20.6,0.0,0.0,0.0
9.418123702593602,-24.550912641413934,20.599999999999998,0.0,0.0,0.0
9.429166166122142,-24.550844947567732,20.599999999999998,0.0,0.0,0.0
9.440208164205815,-24.550780959239074,20.600000000000005,0.0,0.0,0.0
9.451249697469144,-24.550720680658436,20.6,0.0,0.0,0.0
9.462290766537913,-24.550664116056243,20.6,0.0,0.0,0.0
9.473331372039443,-24.550611269662927,20.599999999999998,0.0,0.0,0.0
9.484371514602515,-24.550562145708884,20.6,0.0,0.0,0.0
9.495411194857327,-24.55051674842455,20.600000000000005,0.0,0.0,0.0
9.506450413435724,-24.550475082040332,20.6,0.0,0.0,0.0
9.51748917097083,-24.55043715078661,20.6,0.0,0.0,0.0
9.528527468097236,-24.550402958893784,20.6,0.0,0.0,0.0
9.539565305451191,-24.55037251059222,20.6,0.0,0.0,0.0
9.550602683670222,-24.550345810112304,20.6,0.0,0.0,0.0
9.56163960339339,-24.550322861684386,20.599999999999998,0.0,0.0,0.0
9.572676065261211,-24.55030366953881,20.6,0.0,0.0,0.0
9.583712069915622,-24.550288237905903,20.6,0.0,0.0,0.0
9.5947476180002,-24.550276571016017,20.600000000000005,0.0,0.0,0.0
9.60578271015982,-24.55026867309947,20.6,0.0,0.0,0.0
9.616817347040868,-24.550264548386554,20.60000000000001,0.0,0.0,0.0
9.627851529291153,-24.550264201107563,20.6,0.0,0.0,0.0
9.638885257560121,-24.550267635492787,20.599999999999998,0.0,0.0,0.0
9.649918532498512,-24.550274855772503,20.6,0.0,0.0,0.0
9.660951354758595,-24.550285866176957,20.6,0.0,0.0,0.0
9.671983724994039,-24.550300670936398,20.6,0.0,0.0,0.0
9.68301564386017,-24.550319274281073,20.6,0.0,0.0,0.0
9.694047112013601,-24.55034168044119,20.6,0.0,0.0,0.0
9.70507813011247,-24.550367893646975,20.599999999999998,0.0,0.0,0.0
9.716108698816315,-24.550397918128585,20.6,0.0,0.0,0.0
9.727138818786347,-24.55043175811624,20.6,0.0,0.0,0.0
9.73816849068504,-24.550469417840088,20.599999999999998,0.0,0.0,0.0
9.749197715176411,-24.55051090153029,20.599999999999998,0.0,0.0,0.0
9.760226492925876,-24.550556213416964,20.6,0.0,0.0,0.0
9.771254824600511,-24.550605357730262,20.599999999999998,0.0,0.0,0.0
9.782282710868675,-24.55065833870027,20.6,0.0,0.0,0.0
9.79331015240025,-24.55071516055709,20.6,0.0,0.0,0.0
9.804337149866537,-24.55077582753078,20.600000000000005,0.0,0.0,0.0
9.815363703940482,-24.55084034385143,20.600000000000005,0.0,0.0,0.0
9.82638981529632,-24.550908713749067,20.600000000000005,0.0,0.0,0.0
9.837415484609814,-24.550980941453723,20.6,0.0,0.0,0.0
9.848440712558133,-24.551057031195395,20.6,0.0,0.0,0.0
9.859465499820104,-24.551136987204085,20.6,0.0,0.0,0.0
9.87048984707584,-24.55122081370979,20.6,0.0,0.0,0.0
9.881513755006978,-24.551308514942438,20.599999999999998,0.0,0.0,0.0
9.892537224296568,-24.551400095131978,20.6,0.0,0.0,0.0
9.90356025562932,-24.551495558508346,20.599999999999998,0.0,0.0,0.0
9.914582849691218,-24.55159490930144,20.6,0.0,0.0,0.0
9.92560500716978,-24.55169815174113,20.599999999999998,0.0,0.0,0.0
9.936626728753938,-24.5518052900573,20.6,0.0,0.0,0.0
9.947648015134272,-24.551916328479784,20.6,0.0,0.0,0.0
9.958668867002658,-24.55203127123842,20.6,0.0,0.0,0.0
9.969689285052489,-24.552150122563017,20.6,0.0,0.0,0.0
9.980709269978576,-24.55227288668335,20.6,0.0,0.0,0.0
9.99172882247739,-24.552399567829198,20.6,0.0,0.0,0.0
10.00274794324667,-24.552530170230302,20.6,0.0,0.0,0.0
10.013766632985705,-24.552664698116388,20.599999999999998,0.0,0.0,0.0
10.024784892395186,-24.552803155717154,20.6,0.0,0.0,0.0
10.03580272217746,-24.55294554726229,20.6,0.0,0.0,0.0
10.046820123036156,-24.55309187698146,20.6,0.0,0.0,0.0
10.057837095676442,-24.5532421491043,20.600000000000005,0.0,0.0,0.0
10.068853640804894,-24.553396367860422,20.6,0.0,0.0,0.0
10.079869759129744,-24.553554537479428,20.6,0.0,0.0,0.0
10.090885451360508,-24.553716662190876,20.6,0.0,0.0,0.0
10.101900718208235,-24.55388274622433,20.6,0.0,0.0,0.0
10.112915560385384,-24.554052793809298,20.599999999999998,0.0,0.0,0.0
10.123929978606075,-24.5542268091753,20.599999999999998,0.0,0.0,0.0
10.13494397358571,-24.5544047965518,20.6,0.0,0.0,0.0
10.145957546041231,-24.554586760168256,20.599999999999998,0.0,0.0,0.0
10.156970696690973,-24.554772704254084,20.6,0.0,0.0,0.0
10.167983426254946,-24.5549626330387,20.6,0.0,0.0,0.0
10.178995735454446,-24.555156550751487,20.599999999999998,0.0,0.0,0.0
10.190007625012292,-24.55535446162179,20.6,0.0,0.0,0.0
10.201019095652718,-24.555556369878925,20.6,0.0,0.0,0.0
10.212030148101624,-24.555762279752223,20.6,0.0,0.0,0.0
10.223040783086187,-24.55597219547094,20.6,0.0,0.0,0.0
10.234051001335118,-24.556186121264325,20.6,0.0,0.0,0.0
10.245060803578545,-24.556404061361597,20.6,0.0,0.0,0.0
10.256070190548254,-24.556626019991963,20.599999999999994,0.0,0.0,0.0
10.267079162977318,-24.556852001384584,20.6,0.0,0.0,0.0
10.278087721600338,-24.5570820097686,20.6,0.0,0.0,0.0
10.289095867153332,-24.557316049373117,20.599999999999998,0.0,0.0,0.0
10.300103600373982,-24.557554124427238,20.599999999999998,0.0,0.0,0.0
10.311110922001246,-24.557796239160012,20.599999999999998,0.0,0.0,0.0
10.322117832775632,-24.558042397800463,20.599999999999998,0.0,0.0,0.0
10.33312433343904,-24.558292604577588,20.599999999999998,0.0,0.0,0.0
10.344130424735049,-24.55854686372035,20.600000000000005,0.0,0.0,0.0
10.355136107408523,-24.558805179457714,20.599999999999998,0.0,0.0,0.0
10.366141382205846,-24.559067556018572,20.6,0.0,0.0,0.0
10.377146249874828,-24.559333997631803,20.6,0.0,0.0,0.0
10.388150711164943,-24.55960450852627,20.599999999999998,0.0,0.0,0.0
10.399154766826943,-24.55987909293078,20.6,0.0,0.0,0.0
10.41015841761312,-24.560157755074126,20.6,0.0,0.0,0.0
10.42116166427718,-24.560440499185063,20.6,0.0,0.0,0.0
10.432164507574488,-24.560727329492323,20.6,0.0,0.0,0.0
10.443166948261698,-24.56101825022461,20.6,0.0,0.0,0.0
10.454168987097008,-24.561313265610572,20.599999999999998,0.0,0.0,0.0
10.465170624840017,-24.561612379878827,20.6,0.0,0.0,0.0
10.47617186225199,-24.561915597258,20.6,0.0,0.0,0.0
10.487172700095492,-24.562222921976655,20.599999999999998,0.0,0.0,0.0
10.498173139134604,-24.56253435826331,20.6,0.0,0.0,0.0
10.509173180134841,-24.56284991034646,20.600000000000005,0.0,0.0,0.0
10.520172823863371,-24.56316958245459,20.6,0.0,0.0,0.0
10.531172071088646,-24.563493378816116,20.6,0.0,0.0,0.0
10.542170922580679,-24.563821303659452,20.6,0.0,0.0,0.0
10.553169379110862,-24.56415336121294,20.6,0.0,0.0,0.0
10.56416744145228,-24.564489555704924,20.6,0.0,0.0,0.0
10.575165110379295,-24.564829891363704,20.6,0.0,0.0,0.0
10.586162386667809,-24.56517437241752,20.6,0.0,0.0,0.0
10.597159271095137,-24.565523003094594,20.6,0.0,0.0,0.0
10.608155764440262,-24.565875787623142,20.599999999999998,0.0,0.0,0.0
10.619151867483454,-24.566232730231278,20.6,0.0,0.0,0.0
10.630147581006522,-24.56659383514714,20.6,0.0,0.0,0.0
10.641142905792698,-24.566959106598798,20.6,0.0,0.0,0.0
10.65213784262687,-24.567328548814313,20.6,0.0,0.0,0.0
10.663132392295212,-24.56770216602165,20.6,0.0,0.0,0.0
10.674126555585453,-24.568079962448813,20.600000000000005,0.0,0.0,0.0
10.685120333286728,-24.56846194232372,20.599999999999998,0.0,0.0,0.0
10.696113726189832,-24.56884810987425,20.6,0.0,0.0,0.0
10.707106735086862,-24.569238469328276,20.6,0.0,0.0,0.0
10.718099360771456,-24.569633024913603,20.599999999999998,0.0,0.0,0.0
10.729091604038658,-24.570031780857995,20.599999999999998,0.0,0.0,0.0
10.740083465685187,-24.570434741389214,20.6,0.0,0.0,0.0
10.751074946509046,-24.570841910734938,20.6,0.0,0.0,0.0
10.762066047309792,-24.571253293122833,20.599999999999998,0.0,0.0,0.0
10.773056768888443,-24.571668892780515,20.599999999999998,0.0,0.0,0.0
10.784047112047448,-24.572088713935557,20.6,0.0,0.0,0.0
10.79503707759092,-24.572512760815513,20.599999999999998,0.0,0.0,0.0
