galstreams/tracks/track.st.Pal5.starkman2020.ecsv
# %ECSV 1.0
# ---
# datatype:
# - {name: ra, unit: deg, datatype: float64}
# - {name: dec, unit: deg, datatype: float64}
# - {name: distance, unit: kpc, datatype: float64}
# - {name: pm_ra_cosdec, unit: mas / yr, datatype: float64}
# - {name: pm_dec, unit: mas / yr, datatype: float64}
# - {name: radial_velocity, unit: km / s, datatype: float64}
# delimiter: ','
# meta: !!omap
# - __serialized_columns__:
#     dec:
#       __class__: astropy.coordinates.angles.Latitude
#       unit: &id001 !astropy.units.Unit {unit: deg}
#       value: !astropy.table.SerializedColumn {name: dec}
#     distance:
#       __class__: astropy.coordinates.distances.Distance
#       unit: !astropy.units.Unit {unit: kpc}
#       value: !astropy.table.SerializedColumn {name: distance}
#     pm_dec:
#       __class__: astropy.units.quantity.Quantity
#       unit: !astropy.units.Unit {unit: mas / yr}
#       value: !astropy.table.SerializedColumn {name: pm_dec}
#     pm_ra_cosdec:
#       __class__: astropy.units.quantity.Quantity
#       unit: !astropy.units.Unit {unit: mas / yr}
#       value: !astropy.table.SerializedColumn {name: pm_ra_cosdec}
#     ra:
#       __class__: astropy.coordinates.angles.Longitude
#       unit: *id001
#       value: !astropy.table.SerializedColumn {name: ra}
#       wrap_angle: !astropy.coordinates.Angle
#         unit: *id001
#         value: 360.0
#     radial_velocity:
#       __class__: astropy.units.quantity.Quantity
#       unit: !astropy.units.Unit {unit: km / s}
#       value: !astropy.table.SerializedColumn {name: radial_velocity}
# schema: astropy-2.0
ra,dec,distance,pm_ra_cosdec,pm_dec,radial_velocity
[from data line 2417]
221.44835999431578,-9.973568371015077,22.5,0.0,0.0,-0.0
221.4438186279686,-9.983627449339231,22.500000000000004,0.0,0.0,-0.0
221.4392802456529,-9.993690033206251,22.500000000000007,0.0,0.0,-0.0
221.43474484794535,-10.003756123149149,22.500000000000007,0.0,0.0,-0.0
221.4302124354234,-10.013825719700883,22.5,0.0,0.0,-0.0
221.42568300866552,-10.023898823394308,22.5,0.0,0.0,-0.0
221.4211565682507,-10.033975434762219,22.500000000000004,0.0,0.0,-0.0
221.41663311475907,-10.04405555433732,22.500000000000004,0.0,0.0,-0.0
221.41211264877137,-10.054139182652243,22.500000000000004,0.0,0.0,-0.0
221.40759517086929,-10.064226320239527,22.500000000000007,0.0,0.0,-0.0
221.40308068163532,-10.074316967631642,22.500000000000004,0.0,0.0,-0.0
221.39856918165285,-10.084411125360969,22.5,0.0,0.0,-0.0
221.394060671506,-10.094508793959811,22.5,0.0,0.0,-0.0
221.3895551517798,-10.104609973960388,22.500000000000004,0.0,0.0,-0.0
221.38505262306012,-10.114714665894828,22.500000000000004,0.0,0.0,-0.0
221.38055308593368,-10.124822870295194,22.500000000000004,0.0,0.0,-0.0
221.37605654098797,-10.134934587693442,22.500000000000004,0.0,0.0,-0.0
221.37156298881146,-10.145049818621462,22.500000000000004,0.0,0.0,-0.0
221.36707242999333,-10.155168563611051,22.500000000000004,0.0,0.0,-0.0
221.36258486512372,-10.165290823193923,22.5,0.0,0.0,-0.0
221.3581002947936,-10.175416597901696,22.500000000000004,0.0,0.0,-0.0
221.35361871959466,-10.185545888265917,22.5,0.0,0.0,-0.0
221.3491401401197,-10.195678694818042,22.5,0.0,0.0,-0.0
221.34466455696207,-10.205815018089432,22.500000000000004,0.0,0.0,-0.0
221.34019197071623,-10.21595485861136,22.500000000000004,0.0,0.0,-0.0
221.33572238197738,-10.226098216915023,22.500000000000004,0.0,0.0,-0.0
221.33125579134156,-10.236245093531526,22.500000000000004,0.0,0.0,-0.0
221.3267921994058,-10.246395488991867,22.5,0.0,0.0,-0.0
221.32233160676782,-10.25654940382697,22.500000000000004,0.0,0.0,-0.0
221.31787401402627,-10.266706838567679,22.5,0.0,0.0,-0.0
221.31341942178082,-10.27686779374472,22.5,0.0,0.0,-0.0
221.30896783063173,-10.28703226988874,22.500000000000004,0.0,0.0,-0.0
221.30451924118032,-10.297200267530311,22.500000000000004,0.0,0.0,-0.0
221.30007365402872,-10.307371787199886,22.500000000000007,0.0,0.0,-0.0
221.29563106977994,-10.317546829427844,22.500000000000004,0.0,0.0,-0.0
221.29119148903786,-10.327725394744458,22.500000000000004,0.0,0.0,-0.0
221.28675491240725,-10.337907483679913,22.500000000000004,0.0,0.0,-0.0
221.2823213404937,-10.348093096764307,22.499999999999996,0.0,0.0,-0.0
221.27789077390375,-10.358282234527634,22.500000000000004,0.0,0.0,-0.0
221.27346321324478,-10.368474897499786,22.500000000000004,0.0,0.0,-0.0
221.26903865912502,-10.378671086210584,22.500000000000004,0.0,0.0,-0.0
221.26461711215367,-10.388870801189729,22.500000000000007,0.0,0.0,-0.0
221.26019857294074,-10.39907404296683,22.500000000000004,0.0,0.0,-0.0
221.25578304209714,-10.409280812071414,22.500000000000004,0.0,0.0,-0.0
221.25137052023464,-10.419491109032888,22.5,0.0,0.0,-0.0
221.24696100796598,-10.429704934380583,22.500000000000004,0.0,0.0,-0.0
221.24255450590474,-10.439922288643709,22.5,0.0,0.0,-0.0
221.2381510146653,-10.4501431723514,22.500000000000004,0.0,0.0,-0.0
221.23375053486308,-10.460367586032671,22.5,0.0,0.0,-0.0
221.22935306711432,-10.470595530216446,22.500000000000004,0.0,0.0,-0.0
221.22495861203618,-10.480827005431555,22.500000000000004,0.0,0.0,-0.0
221.22056717024665,-10.491062012206712,22.500000000000004,0.0,0.0,-0.0
221.21617874236472,-10.501300551070539,22.5,0.0,0.0,-0.0
221.21179332901022,-10.511542622551552,22.500000000000004,0.0,0.0,-0.0
221.2074109308039,-10.521788227178172,22.500000000000004,0.0,0.0,-0.0
221.2030315483673,-10.532037365478708,22.500000000000007,0.0,0.0,-0.0
221.19865518232305,-10.542290037981367,22.500000000000007,0.0,0.0,-0.0
221.19428183329464,-10.552546245214259,22.500000000000004,0.0,0.0,-0.0
221.18991150190632,-10.562805987705383,22.5,0.0,0.0,-0.0
221.1855441887834,-10.573069265982639,22.5,0.0,0.0,-0.0
221.1811798945521,-10.583336080573805,22.500000000000004,0.0,0.0,-0.0
221.17681861983942,-10.593606432006581,22.500000000000004,0.0,0.0,-0.0
221.1724603652734,-10.603880320808532,22.5,0.0,0.0,-0.0
221.16810513148292,-10.614157747507134,22.500000000000004,0.0,0.0,-0.0
221.16375291909785,-10.624438712629754,22.500000000000004,0.0,0.0,-0.0
221.15940372874888,-10.634723216703645,22.5,0.0,0.0,-0.0
221.1550575610677,-10.645011260255952,22.500000000000007,0.0,0.0,-0.0
221.15071441668692,-10.655302843813715,22.500000000000004,0.0,0.0,-0.0
221.14637429624,-10.665597967903867,22.500000000000007,0.0,0.0,-0.0
221.14203720036136,-10.675896633053222,22.5,0.0,0.0,-0.0
221.13770312968634,-10.68619883978849,22.500000000000004,0.0,0.0,-0.0
221.1333720848513,-10.696504588636266,22.500000000000007,0.0,0.0,-0.0
221.12904406649332,-10.706813880123047,22.5,0.0,0.0,-0.0
221.12471907525062,-10.717126714775196,22.500000000000004,0.0,0.0,-0.0
221.12039711176226,-10.727443093118973,22.500000000000007,0.0,0.0,-0.0
221.1160781766682,-10.737763015680537,22.500000000000004,0.0,0.0,-0.0
221.11176227060935,-10.748086482985915,22.500000000000004,0.0,0.0,-0.0
221.10744939422767,-10.75841349556104,22.500000000000004,0.0,0.0,-0.0
221.10313954816587,-10.768744053931705,22.500000000000004,0.0,0.0,-0.0
221.0988327330677,-10.77907815862361,22.500000000000004,0.0,0.0,-0.0
221.09452894957786,-10.78941581016233,22.500000000000007,0.0,0.0,-0.0
221.090228198342,-10.79975700907333,22.500000000000004,0.0,0.0,-0.0
221.08593048000665,-10.810101755881952,22.5,0.0,0.0,-0.0
221.08163579521928,-10.820450051113415,22.5,0.0,0.0,-0.0
221.07734414462846,-10.830801895292838,22.500000000000004,0.0,0.0,-0.0
221.07305552888346,-10.841157288945208,22.5,0.0,0.0,-0.0
221.06876994863472,-10.85151623259541,22.499999999999996,0.0,0.0,-0.0
221.0644874045335,-10.861878726768179,22.500000000000007,0.0,0.0,-0.0
221.0602078972321,-10.87224477198817,22.5,0.0,0.0,-0.0
221.05593142738365,-10.882614368779883,22.500000000000004,0.0,0.0,-0.0
221.0516579956424,-10.892987517667718,22.500000000000007,0.0,0.0,-0.0
221.0473876026634,-10.903364219175948,22.500000000000004,0.0,0.0,-0.0
221.0431202491028,-10.913744473828729,22.5,0.0,0.0,-0.0
221.0388559356176,-10.92412828215008,22.500000000000004,0.0,0.0,-0.0
221.03459466286574,-10.93451564466392,22.500000000000007,0.0,0.0,-0.0
221.0303364315063,-10.944906561894026,22.5,0.0,0.0,-0.0
221.02608124219915,-10.955301034364057,22.500000000000004,0.0,0.0,-0.0
221.02182909560517,-10.965699062597555,22.500000000000007,0.0,0.0,-0.0
221.0175799923863,-10.976100647117933,22.500000000000007,0.0,0.0,-0.0
221.01333393320525,-10.986505788448468,22.50000000000001,0.0,0.0,-0.0
221.00909091872592,-10.996914487112331,22.500000000000007,0.0,0.0,-0.0
221.00485094961306,-11.007326743632545,22.500000000000007,0.0,0.0,-0.0
221.00061402653242,-11.017742558532031,22.500000000000004,0.0,0.0,-0.0
220.9963801501507,-11.02816193233356,22.500000000000007,0.0,0.0,-0.0
220.99214932113566,-11.038584865559796,22.500000000000007,0.0,0.0,-0.0
220.98792154015592,-11.049011358733257,22.500000000000007,0.0,0.0,-0.0
220.98369680788124,-11.059441412376332,22.500000000000007,0.0,0.0,-0.0
220.97947512498217,-11.069875027011296,22.500000000000004,0.0,0.0,-0.0
220.97525649213034,-11.080312203160288,22.500000000000004,0.0,0.0,-0.0
220.97104090999844,-11.090752941345313,22.500000000000004,0.0,0.0,-0.0
220.96682837926002,-11.101197242088244,22.500000000000004,0.0,0.0,-0.0
220.96261890058966,-11.111645105910823,22.500000000000007,0.0,0.0,-0.0
220.958412474663,-11.122096533334672,22.500000000000007,0.0,0.0,-0.0
220.95420910215657,-11.132551524881263,22.500000000000004,0.0,0.0,-0.0
220.9500087837479,-11.143010081071948,22.500000000000007,0.0,0.0,-0.0
220.94581152011563,-11.15347220242794,22.500000000000007,0.0,0.0,-0.0
220.94161731193927,-11.163937889470317,22.500000000000007,0.0,0.0,-0.0
220.9374261598994,-11.174407142720021,22.500000000000007,0.0,0.0,-0.0
220.9332380646775,-11.184879962697869,22.500000000000007,0.0,0.0,-0.0
220.92905302695627,-11.195356349924536,22.500000000000014,0.0,0.0,-0.0
220.92487104741915,-11.205836304920561,22.500000000000004,0.0,0.0,-0.0
220.9206921267507,-11.216319828206338,22.500000000000007,0.0,0.0,-0.0
220.9165162656366,-11.226806920302137,22.500000000000007,0.0,0.0,-0.0
220.91234346476332,-11.237297581728084,22.500000000000007,0.0,0.0,-0.0
220.90817372481854,-11.247791813004175,22.500000000000007,0.0,0.0,-0.0
220.9040070464908,-11.258289614650261,22.500000000000007,0.0,0.0,-0.0
220.8998434304697,-11.268790987186042,22.500000000000007,0.0,0.0,-0.0
220.8956828774459,-11.279295931131095,22.500000000000004,0.0,0.0,-0.0
220.89152538811106,-11.289804447004853,22.500000000000004,0.0,0.0,-0.0
220.8873709631578,-11.300316535326605,22.500000000000004,0.0,0.0,-0.0
220.88321960327977,-11.3108321966155,22.500000000000007,0.0,0.0,-0.0
220.8790713091718,-11.321351431390543,22.500000000000007,0.0,0.0,-0.0
220.87492608152948,-11.331874240170606,22.500000000000007,0.0,0.0,-0.0
220.87078392104962,-11.342400623474402,22.50000000000001,0.0,0.0,-0.0
220.86664482843,-11.35293058182052,22.500000000000004,0.0,0.0,-0.0
220.8625088043694,-11.363464115727377,22.500000000000007,0.0,0.0,-0.0
220.85837584956764,-11.374001225713286,22.500000000000004,0.0,0.0,-0.0
220.8542459647256,-11.384541912296372,22.500000000000007,0.0,0.0,-0.0
220.8501191505452,-11.39508617599464,22.500000000000007,0.0,0.0,-0.0
220.8459954077293,-11.405634017325946,22.500000000000007,0.0,0.0,-0.0
220.84187473698196,-11.416185436808,22.5,0.0,0.0,-0.0
220.83775713900812,-11.42674043495835,22.500000000000007,0.0,0.0,-0.0
220.8336426145138,-11.437299012294416,22.500000000000004,0.0,0.0,-0.0
220.82953116420612,-11.44786116933345,22.500000000000007,0.0,0.0,-0.0
220.8254227887932,-11.458426906592582,22.500000000000007,0.0,0.0,-0.0
220.82131748898422,-11.468996224588768,22.500000000000004,0.0,0.0,-0.0
220.81721526548938,-11.479569123838823,22.500000000000004,0.0,0.0,-0.0
220.81311611901992,-11.49014560485941,22.500000000000007,0.0,0.0,-0.0
220.80902005028818,-11.500725668167046,22.500000000000007,0.0,0.0,-0.0
220.80492706000751,-11.511309314278089,22.50000000000001,0.0,0.0,-0.0
220.80083714889236,-11.52189654370875,22.500000000000007,0.0,0.0,-0.0
220.79675031765814,-11.532487356975096,22.500000000000007,0.0,0.0,-0.0
220.79266656702143,-11.543081754593013,22.500000000000007,0.0,0.0,-0.0
220.78858589769976,-11.553679737078262,22.500000000000004,0.0,0.0,-0.0
220.78450831041184,-11.564281304946439,22.500000000000004,0.0,0.0,-0.0
220.7804338058773,-11.574886458712983,22.500000000000007,0.0,0.0,-0.0
220.7763623848169,-11.58549519889318,22.500000000000007,0.0,0.0,-0.0
220.77229404795258,-11.596107526002159,22.500000000000007,0.0,0.0,-0.0
220.76822879600712,-11.606723440554902,22.500000000000007,0.0,0.0,-0.0
220.76416662970456,-11.61734294306621,22.500000000000004,0.0,0.0,-0.0
220.76010754976986,-11.627966034050754,22.500000000000004,0.0,0.0,-0.0
220.75605155692918,-11.63859271402303,22.50000000000001,0.0,0.0,-0.0
220.7519986519097,-11.649222983497388,22.500000000000007,0.0,0.0,-0.0
220.74794883543964,-11.659856842987997,22.50000000000001,0.0,0.0,-0.0
220.74390210824836,-11.670494293008897,22.500000000000004,0.0,0.0,-0.0
220.73985847106624,-11.68113533407394,22.500000000000004,0.0,0.0,-0.0
220.73581792462477,-11.69177996669683,22.500000000000004,0.0,0.0,-0.0
220.73178046965654,-11.70242819139111,22.500000000000004,0.0,0.0,-0.0
220.72774610689515,-11.71308000867016,22.500000000000004,0.0,0.0,-0.0
220.72371483707542,-11.723735419047197,22.500000000000004,0.0,0.0,-0.0
220.71968666093312,-11.734394423035265,22.500000000000007,0.0,0.0,-0.0
220.71566157920515,-11.745057021147264,22.500000000000007,0.0,0.0,-0.0
220.7116395926295,-11.755723213895923,22.500000000000007,0.0,0.0,-0.0
220.7076207019453,-11.766393001793794,22.500000000000007,0.0,0.0,-0.0
220.70360490789275,-11.777066385353283,22.500000000000004,0.0,0.0,-0.0
220.6995922112131,-11.787743365086605,22.500000000000004,0.0,0.0,-0.0
220.6955826126487,-11.798423941505835,22.500000000000007,0.0,0.0,-0.0
220.6915761129431,-11.809108115122873,22.500000000000007,0.0,0.0,-0.0
220.68757271284082,-11.819795886449441,22.500000000000007,0.0,0.0,-0.0
220.68357241308755,-11.830487255997102,22.500000000000004,0.0,0.0,-0.0
220.67957521443012,-11.84118222427725,22.500000000000007,0.0,0.0,-0.0
220.67558111761636,-11.851880791801106,22.500000000000004,0.0,0.0,-0.0
220.67159012339528,-11.86258295907973,22.500000000000004,0.0,0.0,-0.0
220.66760223251703,-11.873288726623999,22.500000000000007,0.0,0.0,-0.0
220.66361744573277,-11.883998094944634,22.500000000000007,0.0,0.0,-0.0
220.65963576379485,-11.894711064552164,22.500000000000007,0.0,0.0,-0.0
220.65565718745674,-11.905427635956968,22.500000000000007,0.0,0.0,-0.0
220.65168171747297,-11.916147809669242,22.500000000000007,0.0,0.0,-0.0
220.64770935459927,-11.926871586199008,22.500000000000004,0.0,0.0,-0.0
220.64374009959235,-11.937598966056123,22.500000000000004,0.0,0.0,-0.0
220.6397739532102,-11.948329949750253,22.500000000000004,0.0,0.0,-0.0
220.63581091621185,-11.959064537790901,22.500000000000007,0.0,0.0,-0.0
220.63185098935747,-11.9698027306874,22.500000000000007,0.0,0.0,-0.0
220.62789417340835,-11.980544528948892,22.50000000000001,0.0,0.0,-0.0
