galstreams/tracks/track.st.Hydrus.ibata2024.ecsv
# %ECSV 1.0
# ---
# datatype:
# - {name: ra, unit: deg, datatype: float64}
# - {name: dec, unit: deg, datatype: float64}
# - {name: distance, unit: kpc, datatype: float64}
# - {name: pm_ra_cosdec, unit: mas / yr, datatype: float64}
# - {name: pm_dec, unit: mas / yr, datatype: float64}
# - {name: radial_velocity, unit: km / s, datatype: float64}
# delimiter: ','
# meta: !!omap
# - __serialized_columns__:
#     dec:
#       __class__: astropy.coordinates.angles.Latitude
#       unit: &id001 !astropy.units.Unit {unit: deg}
#       value: !astropy.table.SerializedColumn {name: dec}
#     distance:
#       __class__: astropy.coordinates.distances.Distance
#       unit: !astropy.units.Unit {unit: kpc}
#       value: !astropy.table.SerializedColumn {name: distance}
#     pm_dec:
#       __class__: astropy.units.quantity.Quantity
#       unit: !astropy.units.Unit {unit: mas / yr}
#       value: !astropy.table.SerializedColumn {name: pm_dec}
#     pm_ra_cosdec:
#       __class__: astropy.units.quantity.Quantity
#       unit: !astropy.units.Unit {unit: mas / yr}
#       value: !astropy.table.SerializedColumn {name: pm_ra_cosdec}
#     ra:
#       __class__: astropy.coordinates.angles.Longitude
#       unit: *id001
#       value: !astropy.table.SerializedColumn {name: ra}
#       wrap_angle: !astropy.coordinates.Angle
#         unit: *id001
#         value: 360.0
#     radial_velocity:
#       __class__: astropy.units.quantity.Quantity
#       unit: !astropy.units.Unit {unit: km / s}
#       value: !astropy.table.SerializedColumn {name: radial_velocity}
# schema: astropy-2.0
ra,dec,distance,pm_ra_cosdec,pm_dec,radial_velocity
[from data line 427]
51.078449630083746,-80.12337063197491,1.0000000000000036,3.959792391069641,-0.5087959586235229,2147186.2624636116
51.13329691758628,-80.12684718013801,1.0000000000000036,3.9631545574011398,-0.505689420417184,2172170.8246228136
51.18817553943393,-80.13031913137755,1.0000000000000036,3.9665436152063194,-0.5025885978684528,2197348.4192988155
51.24308554159617,-80.1337864547003,1.0000000000000036,3.96995968457486,-0.4994935032882495,2222719.789164116
51.298026969434815,-80.13724911907944,1.000000000000004,3.9734028857783414,-0.4964041489583906,2248285.676891225
51.35299986770129,-80.14070709345485,1.0000000000000038,3.976873339401209,-0.4933205459965393,2274046.825152648
51.40800428053409,-80.14416034673312,1.0000000000000038,3.980371166173427,-0.49024270559311844,2300003.976620886
51.463040251456,-80.14760884778791,1.0000000000000038,3.9838964871159988,-0.48717063835647423,2326157.873968449
51.518107823371544,-80.15105256546009,1.0000000000000038,3.9874494234318263,-0.4841043540945975,2352509.2598678353
51.573207038564234,-80.15449146855799,1.0000000000000038,3.9910300966439536,-0.48104386242630426,2379058.876991557
51.62833793869397,-80.15792552585751,1.0000000000000038,3.9946386284500477,-0.47798917259206064,2405807.4680121136
51.683500564794386,-80.16135470610243,1.0000000000000038,3.9982751407587784,-0.4749402930319775,2432755.775602014
51.73869495727007,-80.16477897800456,1.0000000000000038,4.001939755762578,-0.47189723182236776,2459904.5424337583
51.79392115589407,-80.16819831024397,1.000000000000004,4.0056325958357775,-0.46885999670485035,2487254.511179857
51.849179199805036,-80.17161267146916,1.000000000000004,4.0093537836073665,-0.4658285947080003,2514806.42451281
51.90446912750469,-80.17502203029736,1.000000000000004,4.013103441953717,-0.46280303254025057,2542561.025105125
51.95979097685508,-80.17842635531461,1.000000000000004,4.016881693918549,-0.45978331635706127,2570519.0556293093
52.01514478507587,-80.1818256150761,1.0000000000000042,4.020688662872999,-0.4567694517900236,2598681.258757862
52.07053058874177,-80.18521977810632,1.000000000000004,4.024524472297344,-0.4537614439468598,2627048.3771632933
52.12594842377972,-80.18860881289923,1.000000000000004,4.028389245977451,-0.4507592977170134,2655621.153518105
52.181398325466326,-80.1919926879186,1.000000000000004,4.032283107888361,-0.4477630172332283,2684400.330494804
52.23688032842505,-80.19537137159811,1.0000000000000044,4.036206182274327,-0.44477260594430845,2713386.6507658926
52.29239446662368,-80.1987448323416,1.0000000000000042,4.0401585935251205,-0.44178806732816156,2742580.8570038793
52.34794077337148,-80.20211303852334,1.0000000000000042,4.044140466336103,-0.43880940397502854,2771983.691881266
52.40351928131658,-80.20547595848815,1.0000000000000042,4.048151925569982,-0.43583661814045627,2801595.8980705575
52.45913002244335,-80.20883356055174,1.0000000000000044,4.052193096358678,-0.43286971136694774,2831418.218244263
52.51477302806954,-80.2121858130008,1.0000000000000042,4.056264103957801,-0.429908685022383,2861451.3950748816
52.57044832884375,-80.21553268409336,1.0000000000000042,4.060365074008587,-0.42695353986346163,2891696.171234924
52.62615595474267,-80.2188741420589,1.0000000000000044,4.064496132166823,-0.42400427590473555,2922153.28939689
52.68189593506837,-80.22221015509861,1.0000000000000042,4.0686574044812005,-0.42106089285516646,2952823.4922332894
52.73766829844562,-80.22554069138565,1.0000000000000044,4.072849017094995,-0.41812339016178157,2983707.522416621
52.793473072819204,-80.22886571906537,1.0000000000000042,4.077071096500731,-0.4151917661947664,3014806.122619397
52.84931028545126,-80.23218520625544,1.0000000000000044,4.08132376926369,-0.41226601936796214,3046120.035514116
52.905179962918524,-80.23549912104623,1.0000000000000044,4.08560716224747,-0.40934614712023176,3077650.003773288
52.961082131109634,-80.23880743150094,1.0000000000000044,4.089921402497566,-0.4064321468176786,3109396.7700694134
53.017016815222505,-80.24211010565585,1.0000000000000044,4.094266617335961,-0.4035240150114987,3141361.0770749976
53.072984039761586,-80.24540711152058,1.0000000000000044,4.098642934150121,-0.40062174790364224,3173543.667462551
53.12898382853515,-80.24869841707826,1.0000000000000047,4.103050480764068,-0.39772534104122315,3205945.283904572
53.18501620465266,-80.25198399028582,1.0000000000000047,4.107489384958171,-0.39483478966576513,3238566.66907357
53.24108119052201,-80.25526379907426,1.0000000000000047,4.111959774934803,-0.3919500882475404,3271408.565642047
53.29717880784688,-80.25853781134873,1.0000000000000049,4.1164617789690965,-0.3890712310967501,3304471.7162825116
53.35330907762404,-80.26180599498899,1.0000000000000047,4.120995525634498,-0.38619821147585753,3337756.8636674634
53.40947202014063,-80.26506831784945,1.0000000000000047,4.125561143664527,-0.3833310226764297,3371264.7504694117
53.465667654971526,-80.26832474775952,1.0000000000000047,4.130158761967323,-0.3804696571023669,3404996.119360858
53.5218960009766,-80.27157525252382,1.0000000000000049,4.13478850973479,-0.37761410676466767,3438951.7130143135
53.57815707629805,-80.2748197999224,1.0000000000000049,4.13945051634073,-0.3747643632814288,3473132.2741022743
53.634450898357755,-80.27805835771102,1.0000000000000049,4.1441449113044655,-0.3719204175431514,3507538.545297251
53.69077748385454,-80.28129089362139,1.0000000000000049,4.1488718244072516,-0.3690822600037791,3542171.2692717514
53.7471368487615,-80.28451737536136,1.0000000000000049,4.153631385655899,-0.3662498808116652,3577031.1886982718
53.8035290083234,-80.28773777061527,1.0000000000000049,4.158423725151806,-0.36342326892190613,3612119.0462493245
53.85995397705388,-80.29095204704407,1.0000000000000049,4.163248973294685,-0.36060241374070756,3647435.58459741
53.916411768732864,-80.29416017228569,1.0000000000000049,4.1681072606443195,-0.35778730316087604,3682981.5464150365
53.972902396403875,-80.29736211395517,1.000000000000005,4.172998718000599,-0.3549779254681198,3718757.674374706
54.02942587237135,-80.30055783964504,1.000000000000005,4.177923476316209,-0.3521742676384747,3754764.711148927
54.08598220819801,-80.30374731692544,1.0000000000000053,4.1828816666748025,-0.34937631635693833,3791003.3994101994
54.142571414702104,-80.30693051334447,1.0000000000000049,4.1878734205820365,-0.34658405822119676,3827474.4818310305
54.19919350195491,-80.3101073964284,1.000000000000005,4.192898869456258,-0.34379747879575007,3864178.701083931
54.25584847927791,-80.31327793368193,1.000000000000005,4.197958145086886,-0.3410165633831639,3901116.7998413956
54.31253635524027,-80.31644209258846,1.000000000000005,4.203051379401586,-0.3382412962964736,3938289.5207759384
54.36925713765609,-80.31959984061032,1.0000000000000053,4.208178704575403,-0.3354716619651299,3975697.6065600566
54.42601083358183,-80.32275114518906,1.0000000000000053,4.213340252870694,-0.33270764379994944,4013341.799866263
54.48279744931362,-80.32589597374566,1.0000000000000056,4.218536156826303,-0.3299492249498144,4051222.8433670546
54.5396169903847,-80.32903429368086,1.0000000000000053,4.223766549112042,-0.3271963879815303,4089341.4797349414
54.59646946156264,-80.33216607237537,1.0000000000000053,4.2290315626742085,-0.32444911485072225,4127698.451642426
54.65335486684688,-80.33529127719014,1.0000000000000053,4.234331330517307,-0.32170738704735413,4166294.5017620176
54.710273209465996,-80.33840987546661,1.0000000000000053,4.239665985907777,-0.31897118530469015,4205130.372766214
54.76722449187507,-80.34152183452706,1.0000000000000056,4.2450356623739935,-0.3162404900940601,4244206.807327524
54.82420871575321,-80.34462712167473,1.0000000000000056,4.250440493458882,-0.31351528118830174,4283524.548118457
54.881225882000756,-80.3477257041942,1.0000000000000056,4.255880612967303,-0.31079553804011084,4323084.337811509
54.938275990736805,-80.35081754935166,1.0000000000000056,4.261356154936948,-0.30808123922906816,4362886.919079194
54.99535904129655,-80.35390262439508,1.0000000000000056,4.266867253492819,-0.3053723630437162,4402933.034594007
55.05247503222873,-80.35698089655457,1.0000000000000056,4.272414043036406,-0.30266888710320927,4443223.427028462
55.109623961292954,-80.36005233304265,1.0000000000000058,4.2779966581001645,-0.29997078859014437,4483758.839055058
55.16680582545727,-80.36311690105445,1.000000000000006,4.283615233289311,-0.2972780440468341,4524540.013346306
55.22402062089538,-80.36617456776807,1.0000000000000058,4.289269903645618,-0.2945906294917222,4565567.692574703
55.2812683429843,-80.3692253003448,1.0000000000000058,4.294960804123548,-0.29190852024476044,4606842.619412758
55.33854898630158,-80.37226906592937,1.0000000000000058,4.300688069997705,-0.2892316916841082,4648365.5365329785
55.39586254462291,-80.37530583165038,1.000000000000006,4.306451836673659,-0.286560117645422,4690137.186607865
55.45320901091946,-80.37833556462033,1.000000000000006,4.312252239717054,-0.28389377260464244,4732158.312309927
55.510588377355376,-80.38135823193613,1.000000000000006,4.318089414853603,-0.2812326292623766,4774429.656311665
55.56800063528527,-80.38437380067926,1.000000000000006,4.323963498041849,-0.2785766606684774,4816951.961285588
55.62544577525162,-80.38738223791607,1.000000000000006,4.329874625371303,-0.2759258388541639,4859725.969904196
55.6829237869823,-80.39038351069804,1.000000000000006,4.335822933062445,-0.2732801358215511,4902752.4248399995
55.740434659388036,-80.39337758606217,1.0000000000000058,4.341808557626791,-0.27063952208845876,4946032.068765497
55.79797838055992,-80.3963644310311,1.0000000000000062,4.347831635532202,-0.26800396892940626,4989565.644353203
55.85555493776688,-80.39934401261355,1.0000000000000062,4.353892303624889,-0.2653734455234371,5033353.894275609
55.913164317453194,-80.40231629780453,1.0000000000000062,4.359990698794718,-0.26274792180629447,5077397.56120523
55.970806505236055,-80.40528125358558,1.0000000000000062,4.366126958120731,-0.2601273667823989,5121697.387814571
56.02848148590297,-80.40823884692522,1.0000000000000062,4.372301218827488,-0.2575117484666407,5166254.11677613
56.08618924340945,-80.41118904477905,1.0000000000000062,4.378513618328725,-0.2549010345246643,5211068.490762423
56.143929760876404,-80.41413181409015,1.0000000000000064,4.384764294183697,-0.252295192622114,5256141.252445944
56.2017030205878,-80.41706712178942,1.0000000000000064,4.391053384097177,-0.24969418899854645,5301473.144499203
56.25950900398813,-80.41999493479568,1.0000000000000064,4.397381025977666,-0.24709799015545286,5347064.9095947035
56.31734769168007,-80.42291522001622,1.0000000000000064,4.403747357762768,-0.24450656116823666,5392917.29040495
56.37521906342196,-80.4258279443469,1.0000000000000064,4.410152517768438,-0.24191986717050895,5439031.029602449
56.433123098125485,-80.42873307467252,1.0000000000000064,4.4165966442087665,-0.23933787303394638,5485406.8698597085
56.49105977385317,-80.43163057786712,1.0000000000000067,4.423079875661642,-0.2367605423205532,5532045.553849226
56.54902906781608,-80.43452042079429,1.0000000000000067,4.42960235067585,-0.23418783803936094,5578947.824243508
56.60703095637139,-80.4374025703074,1.0000000000000067,4.436164208105765,-0.23161972360685468,5626114.42371507
56.665065415019974,-80.44027699325004,1.0000000000000067,4.44276558686397,-0.22905616034404375,5673546.0949364
56.72313241840412,-80.44314365645614,1.0000000000000067,4.449406626037671,-0.22649711070698686,5721243.580580017
56.781231940305126,-80.44600252675043,1.000000000000007,4.456087464772281,-0.22394253546372056,5769207.62331842
56.83936395364096,-80.44885357094871,1.0000000000000069,4.462808242547908,-0.22139239477110095,5817438.965824115
56.89752843046397,-80.45169675585807,1.0000000000000069,4.469569098801003,-0.2188466490188148,5865938.350769605
56.95572534195848,-80.45453204827727,1.0000000000000067,4.476370173244504,-0.21630525757791474,5914706.520827395
57.013954658438564,-80.45735941499709,1.0000000000000069,4.483211605620454,-0.2137681792373769,5963744.218669991
57.07221634934571,-80.46017882280051,1.000000000000007,4.490093535932829,-0.21123537205858156,6013052.186969899
57.13051038324656,-80.46299023846318,1.000000000000007,4.497016104200156,-0.20870679375366308,6062631.168399625
57.18883672783062,-80.46579362875357,1.000000000000007,4.503979450557381,-0.20618240180192515,6112481.905631671
57.247195349907955,-80.46858896043344,1.0000000000000073,4.510983715503244,-0.20366215214016847,6162605.141338548
57.30558621540705,-80.47137620025799,1.000000000000007,4.518029039376415,-0.2011460014327895,6213001.618192749
57.36400928937243,-80.47415531497633,1.000000000000007,4.525115562879364,-0.19863390480168164,6263672.078866792
57.42246453596258,-80.47692627133169,1.0000000000000073,4.532243426787318,-0.19612581704859622,6314617.266033168
57.48095191844767,-80.47968903606179,1.0000000000000073,4.5394127718609525,-0.19362169259693474,6365837.922364397
57.539471399207315,-80.48244357589913,1.0000000000000073,4.546623739151983,-0.1911214851133991,6417334.790532972
57.59802293972845,-80.48518985757131,1.0000000000000073,4.55387646977033,-0.18862514797365293,6469108.613211407
57.65660650060317,-80.48792784780139,1.0000000000000073,4.561171104956884,-0.18613263333099894,6521160.133072198
57.71522204152649,-80.49065751330815,1.0000000000000073,4.568507786185364,-0.18364389392081648,6573490.092787856
57.77386952129434,-80.49337882080647,1.0000000000000075,4.575886654856731,-0.18115888064494357,6626099.23503089
57.8325488978013,-80.49609173700763,1.0000000000000075,4.583307852619328,-0.17867754437611438,6678988.302473794
57.89126012803857,-80.49879622861958,1.0000000000000075,4.590771521237912,-0.1761998359579593,6732158.037789083
57.95000316809181,-80.5014922623474,1.0000000000000073,4.598277802550001,-0.17372570451698266,6785609.183649251
58.00877797313913,-80.50417980489345,1.0000000000000078,4.605826838611392,-0.17125509967445396,6839342.482726814
58.067584497448955,-80.50685882295788,1.0000000000000078,4.61341877146333,-0.16878797009121627,6893358.67769427
58.12642269437801,-80.50952928323882,1.0000000000000078,4.621053743365337,-0.1663242635258939,6947658.511224131
58.185292516369266,-80.51219115243276,1.0000000000000078,4.628731896562385,-0.16386392776621506,7002242.725988892
58.244193914949875,-80.51484439723492,1.000000000000008,4.636453373677796,-0.1614069094939623,7057112.064661062
58.30312684072932,-80.51748898433947,1.0000000000000082,4.644218317014747,-0.15895315539091825,7112267.269913151
58.36209124339717,-80.52012488044001,1.000000000000008,4.652026869385736,-0.15650261077098548,7167709.084417654
58.42108707172132,-80.52275205222979,1.0000000000000082,4.65987917361781,-0.15405522132641636,7223438.250847091
58.48011427354595,-80.5253704664021,1.000000000000008,4.6677753724798094,-0.15161093167262152,7279455.51187395
58.53917279578958,-80.52798008965055,1.0000000000000084,4.67571560892975,-0.1491696855518967,7335761.610170753
58.59826258444312,-80.53058088866953,1.0000000000000082,4.683700026274892,-0.1467314265028108,7392357.2884099865
58.65738358456807,-80.53317283015437,1.0000000000000082,4.691728767458699,-0.14429609815124422,7449243.289264172
58.71653574029447,-80.53575588080184,1.0000000000000082,4.699801975948503,-0.14186364170745946,7506420.355405801
58.77571899481916,-80.5383300073104,1.0000000000000082,4.707919795037014,-0.13943399986601435,7563889.229507388
58.834933290403846,-80.54089517638056,1.0000000000000084,4.716082368264324,-0.13700711386627518,7621650.654241431
58.894178568373306,-80.54345135471523,1.0000000000000084,4.724289839199628,-0.1345829238416627,7679705.372280438
58.953454769113556,-80.54599850902007,1.0000000000000084,4.732542351513985,-0.13216137030394748,7738054.126296921
59.012761832069984,-80.5485366060038,1.0000000000000082,4.7408400490821805,-0.12974239239702,7796697.658963372
59.07209969574572,-80.55106561237858,1.0000000000000087,4.749183075706242,-0.12732592958491296,7855636.7129523065
