galstreams/tracks/track.st.OmegaCen-Fimbulthul.sollima2020.ecsv
# %ECSV 0.9
# ---
# datatype:
# - {name: ra, unit: deg, datatype: float64}
# - {name: dec, unit: deg, datatype: float64}
# - {name: distance, unit: kpc, datatype: float64}
# - {name: pm_ra_cosdec, unit: mas / yr, datatype: float64}
# - {name: pm_dec, unit: mas / yr, datatype: float64}
# - {name: radial_velocity, unit: km / s, datatype: float64}
# delimiter: ','
# meta: !!omap
# - __serialized_columns__:
#     dec:
#       __class__: astropy.coordinates.angles.Latitude
#       unit: &id001 !astropy.units.Unit {unit: deg}
#       value: !astropy.table.SerializedColumn {name: dec}
#     distance:
#       __class__: astropy.coordinates.distances.Distance
#       unit: !astropy.units.Unit {unit: kpc}
#       value: !astropy.table.SerializedColumn {name: distance}
#     pm_dec:
#       __class__: astropy.units.quantity.Quantity
#       unit: !astropy.units.Unit {unit: mas / yr}
#       value: !astropy.table.SerializedColumn {name: pm_dec}
#     pm_ra_cosdec:
#       __class__: astropy.units.quantity.Quantity
#       unit: !astropy.units.Unit {unit: mas / yr}
#       value: !astropy.table.SerializedColumn {name: pm_ra_cosdec}
#     ra:
#       __class__: astropy.coordinates.angles.Longitude
#       unit: *id001
#       value: !astropy.table.SerializedColumn {name: ra}
#       wrap_angle: !astropy.coordinates.Angle
#         unit: *id001
#         value: 360.0
#     radial_velocity:
#       __class__: astropy.units.quantity.Quantity
#       unit: !astropy.units.Unit {unit: km / s}
#       value: !astropy.table.SerializedColumn {name: radial_velocity}
# schema: astropy-2.0
ra,dec,distance,pm_ra_cosdec,pm_dec,radial_velocity
[from data line 241]
199.02976490489587,-46.43077426873639,5.099999999999999,0.0,0.0,-0.0
199.0413864223399,-46.43677760607595,5.099999999999999,0.0,0.0,-0.0
199.0530105589462,-46.44277970161962,5.1,0.0,0.0,-0.0
199.06463737592858,-46.44878048698819,5.099999999999999,0.0,0.0,-0.0
199.07626693406516,-46.45477989422998,5.099999999999999,0.0,0.0,-0.0
199.08789929369973,-46.46077785581936,5.099999999999999,0.0,0.0,-0.0
199.09953451474368,-46.46677430465537,5.099999999999999,0.0,0.0,-0.0
199.11117265667738,-46.47276917406017,5.099999999999999,0.0,0.0,-0.0
199.12281377855197,-46.478762397777686,5.1,0.0,0.0,-0.0
199.134457938991,-46.484753909972135,5.099999999999999,0.0,0.0,-0.0
199.14610519619194,-46.49074364522653,5.099999999999999,0.0,0.0,-0.0
199.15775560792798,-46.496731538541304,5.099999999999999,0.0,0.0,-0.0
199.16940923154954,-46.50271752533281,5.099999999999999,0.0,0.0,-0.0
199.18106612398591,-46.50870154143188,5.099999999999999,0.0,0.0,-0.0
199.19272634174703,-46.5146835230824,5.099999999999999,0.0,0.0,-0.0
199.20438994092493,-46.52066340693975,5.099999999999999,0.0,0.0,-0.0
199.2160569771954,-46.5266411300695,5.099999999999999,0.0,0.0,-0.0
199.2277275058197,-46.53261662994586,5.099999999999999,0.0,0.0,-0.0
199.23940158164615,-46.538589844450236,5.1,0.0,0.0,-0.0
199.2510792591116,-46.54456071186976,5.099999999999999,0.0,0.0,-0.0
199.26276059224338,-46.55052917089587,5.099999999999999,0.0,0.0,-0.0
199.27444563466054,-46.55649516062281,5.099999999999999,0.0,0.0,-0.0
199.28613443957573,-46.562458620546195,5.099999999999999,0.0,0.0,-0.0
199.29782705979673,-46.5684194905615,5.099999999999999,0.0,0.0,-0.0
199.30952354772805,-46.574377710962686,5.1,0.0,0.0,-0.0
199.32122395537257,-46.580333222440636,5.099999999999999,0.0,0.0,-0.0
199.33292833433313,-46.586285966081746,5.1,0.0,0.0,-0.0
199.3446367358142,-46.59223588336646,5.099999999999999,0.0,0.0,-0.0
199.35634921062334,-46.598182916167744,5.099999999999999,0.0,0.0,-0.0
199.36806580917303,-46.60412700674971,5.099999999999999,0.0,0.0,-0.0
199.3797865814821,-46.61006809776605,5.099999999999999,0.0,0.0,-0.0
199.39151157717737,-46.616006132258654,5.099999999999999,0.0,0.0,-0.0
199.40324084549533,-46.621941053656066,5.099999999999999,0.0,0.0,-0.0
199.41497443528363,-46.627872805772014,5.099999999999999,0.0,0.0,-0.0
199.42671239500274,-46.63380133280402,5.099999999999999,0.0,0.0,-0.0
199.43845477272765,-46.639726579331814,5.099999999999998,0.0,0.0,-0.0
199.45020161614926,-46.64564849031593,5.1,0.0,0.0,-0.0
199.46195297257614,-46.651567011096205,5.099999999999999,0.0,0.0,-0.0
199.47370888893607,-46.65748208739032,5.099999999999999,0.0,0.0,-0.0
199.48546941177764,-46.66339366529226,5.099999999999998,0.0,0.0,-0.0
199.49723458727183,-46.669301691270945,5.099999999999999,0.0,0.0,-0.0
199.50900446121364,-46.675206112168624,5.1,0.0,0.0,-0.0
199.5207790790237,-46.68110687519949,5.099999999999999,0.0,0.0,-0.0
199.5325584857497,-46.68700392794814,5.099999999999999,0.0,0.0,-0.0
199.54434272606827,-46.692897218368124,5.099999999999999,0.0,0.0,-0.0
199.55613184428634,-46.69878669478045,5.099999999999999,0.0,0.0,-0.0
199.5679258843427,-46.70467230587208,5.099999999999999,0.0,0.0,-0.0
199.57972488980988,-46.71055400069449,5.099999999999999,0.0,0.0,-0.0
199.59152890389535,-46.716431728662116,5.099999999999999,0.0,0.0,-0.0
199.6033379694434,-46.72230543955095,5.099999999999999,0.0,0.0,-0.0
199.61515212893664,-46.72817508349696,5.099999999999999,0.0,0.0,-0.0
199.62697142449747,-46.73404061099466,5.1,0.0,0.0,-0.0
199.63879589788988,-46.73990197289563,5.099999999999999,0.0,0.0,-0.0
199.65062559052078,-46.74575912040697,5.099999999999999,0.0,0.0,-0.0
199.6624605434418,-46.75161200508985,5.099999999999999,0.0,0.0,-0.0
199.67430079735078,-46.75746057885796,5.099999999999999,0.0,0.0,-0.0
199.68614639259334,-46.76330479397613,5.099999999999999,0.0,0.0,-0.0
199.6979973691645,-46.76914460305873,5.099999999999999,0.0,0.0,-0.0
199.7098537667102,-46.774979959068176,5.1,0.0,0.0,-0.0
199.7217156245289,-46.78081081531352,5.1,0.0,0.0,-0.0
199.7335829815732,-46.786637125448856,5.099999999999999,0.0,0.0,-0.0
199.74545587645147,-46.79245884347191,5.099999999999999,0.0,0.0,-0.0
199.75733434742904,-46.7982759237224,5.099999999999999,0.0,0.0,-0.0
199.7692184324304,-46.80408832088071,5.099999999999999,0.0,0.0,-0.0
199.78110816904027,-46.809895989966286,5.099999999999999,0.0,0.0,-0.0
199.79300359450545,-46.815698886336136,5.099999999999999,0.0,0.0,-0.0
199.8049047457362,-46.82149696568339,5.099999999999997,0.0,0.0,-0.0
199.816811659308,-46.827290184035704,5.099999999999998,0.0,0.0,-0.0
199.82872437146295,-46.83307849775382,5.099999999999999,0.0,0.0,-0.0
199.8406429181114,-46.838861863530056,5.099999999999999,0.0,0.0,-0.0
199.85256733483365,-46.84464023838678,5.099999999999998,0.0,0.0,-0.0
199.86449765688127,-46.85041357967489,5.099999999999998,0.0,0.0,-0.0
199.87643391917888,-46.85618184507236,5.099999999999999,0.0,0.0,-0.0
199.88837615632565,-46.86194499258269,5.099999999999998,0.0,0.0,-0.0
199.90032440259688,-46.86770298053338,5.099999999999998,0.0,0.0,-0.0
199.91227869194537,-46.87345576757448,5.099999999999998,0.0,0.0,-0.0
199.9242390580034,-46.87920331267701,5.099999999999998,0.0,0.0,-0.0
199.9362055340839,-46.88494557513148,5.099999999999999,0.0,0.0,-0.0
199.94817815318225,-46.89068251454642,5.099999999999998,0.0,0.0,-0.0
199.9601569479777,-46.896414090846775,5.099999999999999,0.0,0.0,-0.0
199.97214195083512,-46.90214026427247,5.099999999999999,0.0,0.0,-0.0
199.98413319380623,-46.907860995376836,5.099999999999999,0.0,0.0,-0.0
199.99613070863157,-46.91357624502516,5.099999999999999,0.0,0.0,-0.0
200.0081345267418,-46.919285974393105,5.099999999999998,0.0,0.0,-0.0
200.0201446792593,-46.9249901449652,5.099999999999998,0.0,0.0,-0.0
200.03216119699977,-46.93068871853337,5.099999999999999,0.0,0.0,-0.0
200.04418411047382,-46.93638165719537,5.099999999999997,0.0,0.0,-0.0
200.05621344988847,-46.94206892335327,5.099999999999998,0.0,0.0,-0.0
200.0682492451487,-46.94775047971197,5.099999999999998,0.0,0.0,-0.0
200.08029152585905,-46.95342628927763,5.099999999999999,0.0,0.0,-0.0
200.09234032132517,-46.95909631535618,5.099999999999998,0.0,0.0,-0.0
200.10439566055535,-46.96476052155175,5.099999999999998,0.0,0.0,-0.0
200.11645757226214,-46.970418871765254,5.099999999999998,0.0,0.0,-0.0
200.12852608486384,-46.97607133019271,5.099999999999998,0.0,0.0,-0.0
200.14060122648607,-46.981717861323844,5.099999999999998,0.0,0.0,-0.0
200.15268302496338,-46.987358429940514,5.099999999999999,0.0,0.0,-0.0
200.1647715078407,-46.992993001115174,5.099999999999998,0.0,0.0,-0.0
200.17686670237498,-46.99862154020934,5.099999999999998,0.0,0.0,-0.0
200.18896863553678,-47.00424401287209,5.099999999999999,0.0,0.0,-0.0
200.2010773340117,-47.00986038503854,5.099999999999998,0.0,0.0,-0.0
200.21319282420197,-47.01547062292826,5.099999999999999,0.0,0.0,-0.0
200.22531513222808,-47.021074693043815,5.099999999999997,0.0,0.0,-0.0
200.2374442839303,-47.026672562169146,5.099999999999998,0.0,0.0,-0.0
200.24958030487022,-47.032264197368114,5.099999999999998,0.0,0.0,-0.0
200.26172322033216,-47.03784956598294,5.099999999999998,0.0,0.0,-0.0
200.27387305532505,-47.04342863563266,5.099999999999997,0.0,0.0,-0.0
200.28602983458364,-47.049001374211585,5.099999999999999,0.0,0.0,-0.0
200.29819358257026,-47.05456774988781,5.099999999999997,0.0,0.0,-0.0
200.31036432347628,-47.060127731101595,5.099999999999998,0.0,0.0,-0.0
200.32254208122373,-47.06568128656392,5.099999999999998,0.0,0.0,-0.0
200.33472687946676,-47.07122838525491,5.099999999999998,0.0,0.0,-0.0
200.3469187415932,-47.07676899642223,5.099999999999997,0.0,0.0,-0.0
200.3591176907262,-47.082303089579646,5.099999999999999,0.0,0.0,-0.0
200.3713237497257,-47.08783063450543,5.099999999999998,0.0,0.0,-0.0
200.38353694118993,-47.09335160124084,5.099999999999998,0.0,0.0,-0.0
200.39575728745714,-47.09886596008855,5.099999999999999,0.0,0.0,-0.0
200.4079848106069,-47.104373681611136,5.099999999999998,0.0,0.0,-0.0
200.4202195324618,-47.109874736629514,5.099999999999999,0.0,0.0,-0.0
200.43246147458902,-47.1153690962214,5.099999999999998,0.0,0.0,-0.0
200.44471065830174,-47.12085673171977,5.099999999999999,0.0,0.0,-0.0
200.45696710466083,-47.1263376147113,5.099999999999998,0.0,0.0,-0.0
200.46923083447618,-47.13181171703481,5.099999999999999,0.0,0.0,-0.0
200.4815018683086,-47.13727901077979,5.099999999999999,0.0,0.0,-0.0
200.49378022647102,-47.142739468284745,5.099999999999999,0.0,0.0,-0.0
200.50606592903014,-47.14819306213571,5.099999999999999,0.0,0.0,-0.0
200.51835899580803,-47.15363976516467,5.099999999999998,0.0,0.0,-0.0
200.53065944638362,-47.15907955044804,5.099999999999999,0.0,0.0,-0.0
200.5429673000943,-47.164512391305095,5.099999999999998,0.0,0.0,-0.0
200.5552825760373,-47.16993826129641,5.099999999999998,0.0,0.0,-0.0
200.56760529307152,-47.175357134222324,5.099999999999998,0.0,0.0,-0.0
200.57993546981868,-47.18076898412137,5.099999999999999,0.0,0.0,-0.0
200.5922731246652,-47.18617378526872,5.099999999999999,0.0,0.0,-0.0
200.6046182757636,-47.191571512174654,5.099999999999998,0.0,0.0,-0.0
200.61697094103403,-47.196962139582965,5.099999999999998,0.0,0.0,-0.0
200.6293311381657,-47.20234564246943,5.099999999999998,0.0,0.0,-0.0
200.6416988846188,-47.20772199604024,5.099999999999998,0.0,0.0,-0.0
200.65407419762548,-47.21309117573047,5.099999999999999,0.0,0.0,-0.0
200.66645709419188,-47.21845315720245,5.099999999999999,0.0,0.0,-0.0
200.67884759109944,-47.22380791634425,5.099999999999998,0.0,0.0,-0.0
200.69124570490632,-47.22915542926817,5.099999999999998,0.0,0.0,-0.0
200.70365145194924,-47.23449567230906,5.099999999999999,0.0,0.0,-0.0
200.7160648483447,-47.239828622022856,5.099999999999999,0.0,0.0,-0.0
200.7284859099908,-47.245154255184985,5.099999999999998,0.0,0.0,-0.0
200.74091465256853,-47.25047254878875,5.099999999999997,0.0,0.0,-0.0
200.7533510915434,-47.25578348004388,5.099999999999998,0.0,0.0,-0.0
200.76579524216703,-47.26108702637484,5.099999999999999,0.0,0.0,-0.0
200.77824711947858,-47.26638316541934,5.099999999999999,0.0,0.0,-0.0
200.7907067383063,-47.271671875026755,5.099999999999999,0.0,0.0,-0.0
200.80317411326916,-47.27695313325651,5.099999999999999,0.0,0.0,-0.0
200.8156492587782,-47.2822269183766,5.099999999999999,0.0,0.0,-0.0
200.82813218903829,-47.28749320886194,5.099999999999997,0.0,0.0,-0.0
200.8406229180494,-47.2927519833928,5.099999999999999,0.0,0.0,-0.0
200.85312145960827,-47.29800322085331,5.099999999999997,0.0,0.0,-0.0
200.86562782731002,-47.30324690032978,5.1,0.0,0.0,-0.0
200.87814203454948,-47.3084830011092,5.099999999999999,0.0,0.0,-0.0
200.89066409452286,-47.313711502677656,5.099999999999999,0.0,0.0,-0.0
200.90319402022917,-47.31893238471872,5.099999999999998,0.0,0.0,-0.0
200.91573182447186,-47.32414562711192,5.099999999999999,0.0,0.0,-0.0
200.9282775198603,-47.32935120993113,5.099999999999999,0.0,0.0,-0.0
200.94083111881116,-47.334549113443,5.099999999999999,0.0,0.0,-0.0
200.95339263355027,-47.33973931810541,5.099999999999999,0.0,0.0,-0.0
200.96596207611367,-47.344921804565814,5.1,0.0,0.0,-0.0
200.97853945834967,-47.35009655365974,5.099999999999999,0.0,0.0,-0.0
200.99112479191987,-47.3552635464092,5.099999999999999,0.0,0.0,-0.0
201.00371808830104,-47.36042276402102,5.099999999999999,0.0,0.0,-0.0
201.01631935878638,-47.36557418788539,5.099999999999998,0.0,0.0,-0.0
201.02892861448728,-47.370717799574194,5.1,0.0,0.0,-0.0
201.0415458663347,-47.37585358083943,5.099999999999999,0.0,0.0,-0.0
201.05417112508056,-47.38098151361169,5.099999999999999,0.0,0.0,-0.0
201.0668044012996,-47.38610157999844,5.1,0.0,0.0,-0.0
201.0794457053906,-47.391213762282625,5.099999999999999,0.0,0.0,-0.0
201.09209504757794,-47.39631804292091,5.099999999999999,0.0,0.0,-0.0
201.1047524379133,-47.40141440454217,5.099999999999999,0.0,0.0,-0.0
201.11741788627688,-47.40650282994592,5.099999999999999,0.0,0.0,-0.0
201.13009140237924,-47.41158330210067,5.1,0.0,0.0,-0.0
201.14277299576247,-47.416655804142366,5.099999999999999,0.0,0.0,-0.0
201.155462675802,-47.42172031937279,5.1,0.0,0.0,-0.0
201.16816045170796,-47.426776831257975,5.099999999999999,0.0,0.0,-0.0
201.18086633252668,-47.43182532342662,5.099999999999999,0.0,0.0,-0.0
201.19358032714226,-47.43686577966847,5.099999999999999,0.0,0.0,-0.0
201.20630244427804,-47.44189818393275,5.1,0.0,0.0,-0.0
201.2190326924981,-47.446922520326545,5.099999999999999,0.0,0.0,-0.0
201.23177108020883,-47.451938773113206,5.099999999999999,0.0,0.0,-0.0
201.2445176156604,-47.45694692671079,5.1,0.0,0.0,-0.0
201.2572723069482,-47.46194696569041,5.099999999999999,0.0,0.0,-0.0
201.2700351620144,-47.46693887477466,5.099999999999999,0.0,0.0,-0.0
201.28280618864954,-47.47192263883604,5.099999999999999,0.0,0.0,-0.0
201.29558539449383,-47.476898242895295,5.099999999999999,0.0,0.0,-0.0
201.30837278703888,-47.48186567211988,5.1,0.0,0.0,-0.0
201.32116837362892,-47.48682491182231,5.1,0.0,0.0,-0.0
201.33397216146273,-47.49177594745858,5.099999999999999,0.0,0.0,-0.0
201.3467841575946,-47.49671876462655,5.099999999999999,0.0,0.0,-0.0
201.35960436893632,-47.50165334906436,5.1,0.0,0.0,-0.0
201.37243280225832,-47.50657968664882,5.099999999999999,0.0,0.0,-0.0
201.38526946419137,-47.51149776339374,5.099999999999999,0.0,0.0,-0.0
201.39811436122804,-47.51640756544844,5.099999999999999,0.0,0.0,-0.0
201.41096749972405,-47.52130907909604,5.099999999999999,0.0,0.0,-0.0
201.42382888590004,-47.52620229075192,5.099999999999999,0.0,0.0,-0.0
201.4366985258428,-47.53108718696204,5.099999999999999,0.0,0.0,-0.0
201.44957642550685,-47.53596375440142,5.099999999999999,0.0,0.0,-0.0
201.4624625907161,-47.540831979872436,5.1,0.0,0.0,-0.0
201.47535702716493,-47.545691850303264,5.099999999999999,0.0,0.0,-0.0
201.4882597404202,-47.550543352746274,5.099999999999999,0.0,0.0,-0.0
201.50117073592227,-47.55538647437635,5.099999999999999,0.0,0.0,-0.0
201.5140900189868,-47.56022120248935,5.099999999999999,0.0,0.0,-0.0
201.52701759480604,-47.565047524500486,5.1,0.0,0.0,-0.0
201.53995346845048,-47.56986542794262,5.099999999999999,0.0,0.0,-0.0
201.55289764487023,-47.57467490046474,5.099999999999999,0.0,0.0,-0.0
201.5658501288965,-47.57947592983034,5.099999999999999,0.0,0.0,-0.0
201.5788109252431,-47.5842685039157,5.099999999999999,0.0,0.0,-0.0
201.59178003850795,-47.5890526107084,5.099999999999999,0.0,0.0,-0.0
201.6047574731745,-47.59382823830562,5.099999999999999,0.0,0.0,-0.0
201.61774323361328,-47.598595374912506,5.099999999999999,0.0,0.0,-0.0
201.63073732408336,-47.60335400884059,5.1,0.0,0.0,-0.0
201.64373974873368,-47.60810412850618,5.099999999999999,0.0,0.0,-0.0
201.65675051160486,-47.612845722428666,5.099999999999999,0.0,0.0,-0.0
201.66976961663025,-47.61757877922895,5.099999999999999,0.0,0.0,-0.0
201.68279706763772,-47.62230328762781,5.099999999999999,0.0,0.0,-0.0
201.695832868351,-47.627019236444255,5.099999999999999,0.0,0.0,-0.0
201.70887702239125,-47.631726614593944,5.099999999999999,0.0,0.0,-0.0
201.7219295332783,-47.63642541108749,5.099999999999999,0.0,0.0,-0.0
201.7349904044325,-47.64111561502885,5.099999999999998,0.0,0.0,-0.0
201.74805963917572,-47.64579721561376,5.099999999999999,0.0,0.0,-0.0
201.76113724073318,-47.65047020212801,5.099999999999999,0.0,0.0,-0.0
201.77422321223477,-47.655134563945865,5.1,0.0,0.0,-0.0
201.78731755671654,-47.6597902905284,5.099999999999999,0.0,0.0,-0.0
201.80042027712216,-47.66443737142194,5.099999999999999,0.0,0.0,-0.0
201.81353137630433,-47.669075796256294,5.099999999999999,0.0,0.0,-0.0
201.82665085702632,-47.67370555474326,5.099999999999999,0.0,0.0,-0.0
201.83977872196334,-47.67832663667488,5.1,0.0,0.0,-0.0
201.85291497370415,-47.68293903192188,5.099999999999999,0.0,0.0,-0.0
201.8660596147523,-47.68754273043197,5.099999999999999,0.0,0.0,-0.0
201.8792126475277,-47.692137722228246,5.099999999999999,0.0,0.0,-0.0
201.8923740743682,-47.69672399740751,5.099999999999999,0.0,0.0,-0.0
201.90554389753075,-47.70130154613869,5.099999999999999,0.0,0.0,-0.0
201.91872211919303,-47.70587035866114,5.1,0.0,0.0,-0.0
201.931908741455,-47.710430425282986,5.099999999999999,0.0,0.0,-0.0
