galstreams/tracks/track.po.Corvus.mateu2018.ecsv
# %ECSV 0.9
# ---
# datatype:
# - {name: ra, unit: deg, datatype: float64}
# - {name: dec, unit: deg, datatype: float64}
# - {name: distance, unit: kpc, datatype: float64}
# - {name: pm_ra_cosdec, unit: mas / yr, datatype: float64}
# - {name: pm_dec, unit: mas / yr, datatype: float64}
# - {name: radial_velocity, unit: km / s, datatype: float64}
# delimiter: ','
# meta: !!omap
# - __serialized_columns__:
#     dec:
#       __class__: astropy.coordinates.angles.Latitude
#       unit: &id001 !astropy.units.Unit {unit: deg}
#       value: !astropy.table.SerializedColumn {name: dec}
#     distance:
#       __class__: astropy.coordinates.distances.Distance
#       unit: !astropy.units.Unit {unit: kpc}
#       value: !astropy.table.SerializedColumn {name: distance}
#     pm_dec:
#       __class__: astropy.units.quantity.Quantity
#       unit: !astropy.units.Unit {unit: mas / yr}
#       value: !astropy.table.SerializedColumn {name: pm_dec}
#     pm_ra_cosdec:
#       __class__: astropy.units.quantity.Quantity
#       unit: !astropy.units.Unit {unit: mas / yr}
#       value: !astropy.table.SerializedColumn {name: pm_ra_cosdec}
#     ra:
#       __class__: astropy.coordinates.angles.Longitude
#       unit: *id001
#       value: !astropy.table.SerializedColumn {name: ra}
#       wrap_angle: !astropy.coordinates.Angle
#         unit: *id001
#         value: 360.0
#     radial_velocity:
#       __class__: astropy.units.quantity.Quantity
#       unit: !astropy.units.Unit {unit: km / s}
#       value: !astropy.table.SerializedColumn {name: radial_velocity}
# schema: astropy-2.0
ra,dec,distance,pm_ra_cosdec,pm_dec,radial_velocity
[from data line 5573]
198.65680514774,-16.75763334648493,12.004942416400663,0.0,0.0,-0.0
198.66728203404816,-16.759014778084005,12.006713768062333,0.0,0.0,-0.0
198.67775905928463,-16.760396305930133,12.008485141367595,0.0,0.0,-0.0
198.68823622348975,-16.761777929872274,12.010256536188233,0.0,0.0,-0.0
198.69871352670387,-16.763159649759377,12.012027952396025,0.0,0.0,-0.0
198.70919096896728,-16.764541465440367,12.013799389862747,0.0,0.0,-0.0
198.71966855032028,-16.765923376764157,12.015570848460158,0.0,0.0,-0.0
198.7301462708031,-16.767305383579647,12.017342328060005,0.0,0.0,-0.0
198.7406241304559,-16.768687485735704,12.019113828534035,0.0,0.0,-0.0
198.75110212931887,-16.770069683081186,12.020885349753977,0.0,0.0,-0.0
198.76158026743212,-16.771451975464934,12.022656891591556,0.0,0.0,-0.0
198.77205854483577,-16.77283436273578,12.024428453918476,0.0,0.0,-0.0
198.78253696156986,-16.774216844742522,12.02620003660645,0.0,0.0,-0.0
198.79301551767438,-16.775599421333954,12.027971639527168,0.0,0.0,-0.0
198.80349421318934,-16.776982092358853,12.029743262552303,0.0,0.0,-0.0
198.8139730481547,-16.778364857665963,12.031514905553538,0.0,0.0,-0.0
198.82445202261036,-16.779747717104023,12.033286568402538,0.0,0.0,-0.0
198.83493113659614,-16.78113067052176,12.03505825097095,0.0,0.0,-0.0
198.84541039015198,-16.782513717767884,12.036829953130427,0.0,0.0,-0.0
198.85588978331762,-16.78389685869107,12.038601674752595,0.0,0.0,-0.0
198.86636931613282,-16.785280093139992,12.040373415709078,0.0,0.0,-0.0
198.87684898863736,-16.786663420963304,12.042145175871504,0.0,0.0,-0.0
198.88732880087088,-16.788046842009646,12.043916955111474,0.0,0.0,-0.0
198.89780875287306,-16.78943035612763,12.04568875330058,0.0,0.0,-0.0
198.90828884468354,-16.790813963165856,12.047460570310417,0.0,0.0,-0.0
198.9187690763419,-16.792197662972924,12.049232406012557,0.0,0.0,-0.0
198.92924944788768,-16.793581455397394,12.051004260278573,0.0,0.0,-0.0
198.93972995936042,-16.794965340287817,12.052776132980023,0.0,0.0,-0.0
198.95021061079956,-16.796349317492727,12.054548023988456,0.0,0.0,-0.0
198.96069140224458,-16.797733386860653,12.056319933175415,0.0,0.0,-0.0
198.97117233373487,-16.799117548240083,12.058091860412427,0.0,0.0,-0.0
198.98165340530977,-16.800501801479513,12.059863805571021,0.0,0.0,-0.0
198.99213461700867,-16.801886146427407,12.061635768522708,0.0,0.0,-0.0
199.00261596887088,-16.803270582932225,12.063407749138985,0.0,0.0,-0.0
199.01309746093563,-16.804655110842393,12.065179747291355,0.0,0.0,-0.0
199.02357909324212,-16.806039730006333,12.0669517628513,0.0,0.0,-0.0
199.0340608658296,-16.807424440272452,12.068723795690294,0.0,0.0,-0.0
199.04454277873717,-16.808809241489143,12.070495845679808,0.0,0.0,-0.0
199.05502483200397,-16.81019413350475,12.0722679126913,0.0,0.0,-0.0
199.0655070256691,-16.81157911616766,12.074039996596214,0.0,0.0,-0.0
199.07598935977157,-16.812964189326195,12.075812097265997,0.0,0.0,-0.0
199.08647183435045,-16.81434935282867,12.077584214572074,0.0,0.0,-0.0
199.09695444944467,-16.815734606523403,12.079356348385872,0.0,0.0,-0.0
199.10743720509316,-16.81711995025867,12.081128498578797,0.0,0.0,-0.0
199.11792010133485,-16.818505383882755,12.082900665022258,0.0,0.0,-0.0
199.12840313820857,-16.819890907243913,12.084672847587651,0.0,0.0,-0.0
199.13888631575318,-16.821276520190374,12.086445046146359,0.0,0.0,-0.0
199.14936963400748,-16.822662222570376,12.088217260569762,0.0,0.0,-0.0
199.15985309301016,-16.82404801423212,12.089989490729224,0.0,0.0,-0.0
199.17033669280005,-16.825433895023803,12.091761736496105,0.0,0.0,-0.0
199.18082043341576,-16.826819864793592,12.093533997741762,0.0,0.0,-0.0
199.19130431489594,-16.82820592338966,12.09530627433753,0.0,0.0,-0.0
199.20178833727923,-16.829592070660137,12.097078566154744,0.0,0.0,-0.0
199.21227250060417,-16.830978306453165,12.09885087306473,0.0,0.0,-0.0
199.22275680490932,-16.832364630616848,12.100623194938803,0.0,0.0,-0.0
199.2332412502332,-16.833751042999292,12.102395531648268,0.0,0.0,-0.0
199.24372583661423,-16.835137543448567,12.10416788306442,0.0,0.0,-0.0
199.25421056409087,-16.836524131812748,12.10594024905856,0.0,0.0,-0.0
199.26469543270153,-16.83791080793988,12.107712629501963,0.0,0.0,-0.0
199.27518044248453,-16.83929757167799,12.109485024265897,0.0,0.0,-0.0
199.28566559347823,-16.840684422875114,12.111257433221628,0.0,0.0,-0.0
199.2961508857209,-16.84207136137924,12.113029856240416,0.0,0.0,-0.0
199.3066363192507,-16.843458387038353,12.114802293193502,0.0,0.0,-0.0
199.317121894106,-16.84484549970044,12.116574743952127,0.0,0.0,-0.0
199.3276076103249,-16.84623269921345,12.118347208387517,0.0,0.0,-0.0
199.3380934679455,-16.847619985425315,12.1201196863709,0.0,0.0,-0.0
199.34857946700592,-16.84900735818397,12.121892177773482,0.0,0.0,-0.0
199.3590656075443,-16.850394817337317,12.12366468246647,0.0,0.0,-0.0
199.36955188959857,-16.851782362733257,12.125437200321063,0.0,0.0,-0.0
199.38003831320677,-16.853169994219666,12.127209731208445,0.0,0.0,-0.0
199.39052487840686,-16.85455771164441,12.128982274999796,0.0,0.0,-0.0
199.40101158523674,-16.855945514855332,12.130754831566286,0.0,0.0,-0.0
199.41149843373432,-16.857333403700277,12.13252740077908,0.0,0.0,-0.0
199.4219854239374,-16.858721378027045,12.134299982509326,0.0,0.0,-0.0
199.43247255588383,-16.86010943768345,12.13607257662818,0.0,0.0,-0.0
199.4429598296114,-16.861497582517277,12.137845183006771,0.0,0.0,-0.0
199.45344724515778,-16.862885812376298,12.139617801516232,0.0,0.0,-0.0
199.46393480256071,-16.864274127108267,12.141390432027686,0.0,0.0,-0.0
199.47442250185784,-16.865662526560936,12.143163074412245,0.0,0.0,-0.0
199.48491034308685,-16.867051010582024,12.144935728541011,0.0,0.0,-0.0
199.49539832628525,-16.86843957901924,12.146708394285088,0.0,0.0,-0.0
199.50588645149065,-16.869828231720284,12.148481071515562,0.0,0.0,-0.0
199.51637471874056,-16.871216968532845,12.150253760103508,0.0,0.0,-0.0
199.52686312807242,-16.87260578930458,12.152026459920007,0.0,0.0,-0.0
199.53735167952374,-16.873994693883148,12.15379917083612,0.0,0.0,-0.0
199.54784037313186,-16.875383682116187,12.155571892722902,0.0,0.0,-0.0
199.55832920893423,-16.876772753851316,12.157344625451405,0.0,0.0,-0.0
199.5688181869681,-16.87816190893615,12.159117368892666,0.0,0.0,-0.0
199.57930730727074,-16.879551147218265,12.160890122917724,0.0,0.0,-0.0
199.58979656987955,-16.88094046854525,12.1626628873976,0.0,0.0,-0.0
199.60028597483165,-16.88232987276468,12.164435662203315,0.0,0.0,-0.0
199.61077552216423,-16.883719359724086,12.166208447205873,0.0,0.0,-0.0
199.6212652119145,-16.88510892927101,12.167981242276277,0.0,0.0,-0.0
199.6317550441195,-16.886498581252976,12.16975404728552,0.0,0.0,-0.0
199.64224501881637,-16.887888315517483,12.171526862104592,0.0,0.0,-0.0
199.65273513604205,-16.88927813191202,12.173299686604471,0.0,0.0,-0.0
199.66322539583368,-16.890668030284072,12.175072520656117,0.0,0.0,-0.0
199.67371579822813,-16.892058010481094,12.17684536413051,0.0,0.0,-0.0
199.68420634326236,-16.893448072350537,12.178618216898593,0.0,0.0,-0.0
199.69469703097326,-16.89483821573983,12.180391078831308,0.0,0.0,-0.0
199.70518786139766,-16.896228440496394,12.182163949799609,0.0,0.0,-0.0
199.71567883457243,-16.89761874646764,12.183936829674415,0.0,0.0,-0.0
199.72616995053428,-16.89900913350094,12.185709718326665,0.0,0.0,-0.0
199.73666120932006,-16.900399601443695,12.187482615627262,0.0,0.0,-0.0
199.74715261096637,-16.901790150143245,12.189255521447123,0.0,0.0,-0.0
199.75764415550992,-16.90318077944695,12.191028435657142,0.0,0.0,-0.0
199.76813584298736,-16.90457148920213,12.192801358128227,0.0,0.0,-0.0
199.7786276734353,-16.90596227925612,12.194574288731255,0.0,0.0,-0.0
199.78911964689024,-16.907353149456217,12.196347227337105,0.0,0.0,-0.0
199.79961176338875,-16.90874409964971,12.198120173816646,0.0,0.0,-0.0
199.8101040229673,-16.91013512968388,12.199893128040753,0.0,0.0,-0.0
199.8205964256623,-16.911526239405987,12.201666089880273,0.0,0.0,-0.0
199.83108897151027,-16.91291742866328,12.203439059206062,0.0,0.0,-0.0
199.8415816605475,-16.914308697303003,12.205212035888962,0.0,0.0,-0.0
199.85207449281032,-16.915700045172358,12.206985019799804,0.0,0.0,-0.0
199.8625674683351,-16.91709147211857,12.208758010809412,0.0,0.0,-0.0
199.87306058715802,-16.91848297798883,12.210531008788621,0.0,0.0,-0.0
199.88355384931538,-16.9198745626303,12.21230401360823,0.0,0.0,-0.0
199.89404725484331,-16.921266225890164,12.214077025139057,0.0,0.0,-0.0
199.90454080377802,-16.922657967615578,12.215850043251887,0.0,0.0,-0.0
199.91503449615558,-16.924049787653665,12.217623067817518,0.0,0.0,-0.0
199.9255283320121,-16.925441685851553,12.219396098706738,0.0,0.0,-0.0
199.9360223113836,-16.926833662056353,12.221169135790323,0.0,0.0,-0.0
199.94651643430606,-16.92822571611517,12.22294217893904,0.0,0.0,-0.0
199.95701070081552,-16.929617847875083,12.224715228023653,0.0,0.0,-0.0
199.96750511094783,-16.931010057183155,12.226488282914918,0.0,0.0,-0.0
199.97799966473895,-16.932402343886455,12.228261343483585,0.0,0.0,-0.0
199.98849436222469,-16.933794707832025,12.230034409600394,0.0,0.0,-0.0
199.99898920344089,-16.935187148866877,12.231807481136084,0.0,0.0,-0.0
200.0094841884233,-16.936579666838053,12.233580557961378,0.0,0.0,-0.0
200.0199793172077,-16.937972261592535,12.235353639947002,0.0,0.0,-0.0
200.03047458982982,-16.939364932977323,12.237126726963663,0.0,0.0,-0.0
200.04097000632524,-16.94075768083939,12.238899818882077,0.0,0.0,-0.0
200.05146556672966,-16.942150505025705,12.240672915572935,0.0,0.0,-0.0
200.0619612710787,-16.94354340538321,12.24244601690694,0.0,0.0,-0.0
200.07245711940786,-16.944936381758836,12.244219122754771,0.0,0.0,-0.0
200.0829531117527,-16.946329433999523,12.245992232987108,0.0,0.0,-0.0
200.09344924814866,-16.94772256195217,12.247765347474632,0.0,0.0,-0.0
200.10394552863121,-16.949115765463674,12.249538466087998,0.0,0.0,-0.0
200.11444195323574,-16.950509044380915,12.251311588697877,0.0,0.0,-0.0
200.12493852199768,-16.95190239855078,12.253084715174914,0.0,0.0,-0.0
200.13543523495233,-16.95329582782011,12.254857845389758,0.0,0.0,-0.0
200.14593209213493,-16.954689332035755,12.256630979213046,0.0,0.0,-0.0
200.15642909358084,-16.95608291104454,12.258404116515413,0.0,0.0,-0.0
200.16692623932522,-16.9574765646933,12.260177257167483,0.0,0.0,-0.0
200.17742352940326,-16.95887029282883,12.261950401039877,0.0,0.0,-0.0
200.18792096385013,-16.96026409529792,12.263723548003211,0.0,0.0,-0.0
200.19841854270092,-16.96165797194736,12.265496697928084,0.0,0.0,-0.0
200.2089162659907,-16.963051922623908,12.267269850685102,0.0,0.0,-0.0
200.2194141337545,-16.964445947174323,12.269043006144857,0.0,0.0,-0.0
200.22991214602735,-16.965840045445336,12.270816164177933,0.0,0.0,-0.0
200.2404103028442,-16.9672342172837,12.272589324654913,0.0,0.0,-0.0
200.25090860423995,-16.968628462536106,12.274362487446373,0.0,0.0,-0.0
200.26140705024952,-16.970022781049273,12.276135652422878,0.0,0.0,-0.0
200.2719056409077,-16.971417172669884,12.277908819454993,0.0,0.0,-0.0
200.28240437624936,-16.972811637244625,12.279681988413259,0.0,0.0,-0.0
200.29290325630927,-16.97420617462015,12.281455159168242,0.0,0.0,-0.0
200.30340228112212,-16.975600784643127,12.283228331590468,0.0,0.0,-0.0
200.31390145072265,-16.976995467160183,12.28500150555049,0.0,0.0,-0.0
200.32440076514547,-16.978390222017953,12.286774680918827,0.0,0.0,-0.0
200.3349002244253,-16.979785049063054,12.288547857566002,0.0,0.0,-0.0
200.34539982859664,-16.981179948142085,12.290321035362535,0.0,0.0,-0.0
200.35589957769403,-16.98257491910164,12.292094214178935,0.0,0.0,-0.0
200.36639947175206,-16.9839699617883,12.293867393885705,0.0,0.0,-0.0
200.37689951080512,-16.985365076048627,12.295640574353351,0.0,0.0,-0.0
200.3873996948877,-16.986760261729177,12.297413755452355,0.0,0.0,-0.0
200.3979000240342,-16.988155518676496,12.29918693705321,0.0,0.0,-0.0
200.40840049827892,-16.989550846737103,12.300960119026394,0.0,0.0,-0.0
200.41890111765622,-16.990946245757524,12.30273330124238,0.0,0.0,-0.0
200.4294018822004,-16.99234171558426,12.30450648357164,0.0,0.0,-0.0
200.43990279194568,-16.99373725606381,12.30627966588463,0.0,0.0,-0.0
200.45040384692632,-16.995132867042646,12.308052848051808,0.0,0.0,-0.0
200.46090504717642,-16.99652854836725,12.309826029943626,0.0,0.0,-0.0
200.47140639273016,-16.99792429988407,12.311599211430527,0.0,0.0,-0.0
200.48190788362163,-16.999320121439546,12.313372392382949,0.0,0.0,-0.0
200.4924095198849,-17.00071601288012,12.315145572671321,0.0,0.0,-0.0
200.50291130155395,-17.00211197405221,12.316918752166075,0.0,0.0,-0.0
200.51341322866278,-17.003508004802224,12.318691930737629,0.0,0.0,-0.0
200.52391530124538,-17.004904104976564,12.320465108256395,0.0,0.0,-0.0
200.5344175193356,-17.006300274421616,12.322238284592785,0.0,0.0,-0.0
200.54491988296732,-17.007696512983742,12.3240114596172,0.0,0.0,-0.0
200.55542239217442,-17.00909282050932,12.325784633200035,0.0,0.0,-0.0
200.56592504699066,-17.010489196844684,12.327557805211685,0.0,0.0,-0.0
200.57642784744976,-17.011885641836184,12.32933097552254,0.0,0.0,-0.0
200.5869307935855,-17.013282155330142,12.33110414400297,0.0,0.0,-0.0
200.59743388543157,-17.014678737172886,12.332877310523347,0.0,0.0,-0.0
200.60793712302154,-17.016075387210698,12.334650474954056,0.0,0.0,-0.0
200.61844050638908,-17.017472105289883,12.336423637165446,0.0,0.0,-0.0
200.62894403556774,-17.018868891256723,12.338196797027873,0.0,0.0,-0.0
200.63944771059104,-17.02026574495747,12.339969954411703,0.0,0.0,-0.0
200.6499515314925,-17.021662666238402,12.34174310918727,0.0,0.0,-0.0
200.6604554983055,-17.02305965494575,12.343516261224918,0.0,0.0,-0.0
200.67095961106358,-17.02445671092576,12.345289410394981,0.0,0.0,-0.0
200.68146386979998,-17.025853834024655,12.347062556567789,0.0,0.0,-0.0
200.69196827454817,-17.027251024088642,12.348835699613668,0.0,0.0,-0.0
200.70247282534137,-17.028648280963917,12.350608839402934,0.0,0.0,-0.0
200.71297752221287,-17.03004560449667,12.352381975805903,0.0,0.0,-0.0
200.72348236519593,-17.03144299453309,12.35415510869288,0.0,0.0,-0.0
200.73398735432366,-17.03284045091933,12.35592823793417,0.0,0.0,-0.0
200.7444924896293,-17.034237973501554,12.357701363400068,0.0,0.0,-0.0
200.7549977711459,-17.035635562125904,12.359474484960865,0.0,0.0,-0.0
200.76550319890654,-17.037033216638513,12.361247602486849,0.0,0.0,-0.0
200.7760087729443,-17.038430936885504,12.363020715848304,0.0,0.0,-0.0
200.78651449329215,-17.03982872271298,12.364793824915498,0.0,0.0,-0.0
200.79702035998307,-17.04122657396705,12.366566929558708,0.0,0.0,-0.0
200.80752637304994,-17.042624490493804,12.368340029648197,0.0,0.0,-0.0
200.8180325325257,-17.04402247213931,12.370113125054228,0.0,0.0,-0.0
200.82853883844317,-17.045420518749648,12.37188621564705,0.0,0.0,-0.0
200.83904529083514,-17.04681863017086,12.37365930129692,0.0,0.0,-0.0
200.8495518897344,-17.048216806249002,12.375432381874079,0.0,0.0,-0.0
200.86005863517374,-17.049615046830105,12.377205457248765,0.0,0.0,-0.0
200.8705655271858,-17.051013351760187,12.378978527291212,0.0,0.0,-0.0
200.8810725658032,-17.052411720885267,12.38075159187165,0.0,0.0,-0.0
200.89157975105863,-17.053810154051348,12.382524650860308,0.0,0.0,-0.0
200.90208708298462,-17.05520865110441,12.384297704127404,0.0,0.0,-0.0
200.91259456161373,-17.056607211890444,12.386070751543148,0.0,0.0,-0.0
200.92310218697853,-17.058005836255422,12.38784379297775,0.0,0.0,-0.0
200.9336099591114,-17.059404524045295,12.389616828301415,0.0,0.0,-0.0
200.94411787804478,-17.06080327510601,12.391389857384347,0.0,0.0,-0.0
200.95462594381107,-17.06220208928352,12.393162880096735,0.0,0.0,-0.0
200.96513415644264,-17.06360096642373,12.394935896308768,0.0,0.0,-0.0
200.9756425159718,-17.06499990637257,12.396708905890637,0.0,0.0,-0.0
200.98615102243085,-17.06639890897595,12.398481908712517,0.0,0.0,-0.0
200.99665967585196,-17.067797974079753,12.400254904644585,0.0,0.0,-0.0
201.00716847626737,-17.069197101529873,12.402027893557014,0.0,0.0,-0.0
201.01767742370924,-17.070596291172187,12.403800875319961,0.0,0.0,-0.0
201.0281865182097,-17.071995542852562,12.405573849803593,0.0,0.0,-0.0
