galstreams/tracks/track.st.Hrid.ibata2024.ecsv
# %ECSV 1.0
# ---
# datatype:
# - {name: ra, unit: deg, datatype: float64}
# - {name: dec, unit: deg, datatype: float64}
# - {name: distance, unit: kpc, datatype: float64}
# - {name: pm_ra_cosdec, unit: mas / yr, datatype: float64}
# - {name: pm_dec, unit: mas / yr, datatype: float64}
# - {name: radial_velocity, unit: km / s, datatype: float64}
# delimiter: ','
# meta: !!omap
# - __serialized_columns__:
#     dec:
#       __class__: astropy.coordinates.angles.Latitude
#       unit: &id001 !astropy.units.Unit {unit: deg}
#       value: !astropy.table.SerializedColumn {name: dec}
#     distance:
#       __class__: astropy.coordinates.distances.Distance
#       unit: !astropy.units.Unit {unit: kpc}
#       value: !astropy.table.SerializedColumn {name: distance}
#     pm_dec:
#       __class__: astropy.units.quantity.Quantity
#       unit: !astropy.units.Unit {unit: mas / yr}
#       value: !astropy.table.SerializedColumn {name: pm_dec}
#     pm_ra_cosdec:
#       __class__: astropy.units.quantity.Quantity
#       unit: !astropy.units.Unit {unit: mas / yr}
#       value: !astropy.table.SerializedColumn {name: pm_ra_cosdec}
#     ra:
#       __class__: astropy.coordinates.angles.Longitude
#       unit: *id001
#       value: !astropy.table.SerializedColumn {name: ra}
#       wrap_angle: !astropy.coordinates.Angle
#         unit: *id001
#         value: 360.0
#     radial_velocity:
#       __class__: astropy.units.quantity.Quantity
#       unit: !astropy.units.Unit {unit: km / s}
#       value: !astropy.table.SerializedColumn {name: radial_velocity}
# schema: astropy-2.0
ra,dec,distance,pm_ra_cosdec,pm_dec,radial_velocity
[from data line 4125]
279.20826043339605,34.25115763807132,0.9999999999999997,-6.4802043862518595,20.069953059196333,-269.40222903106087
279.2074603146722,34.23946744427145,0.9999999999999998,-6.480437164772615,20.06654988897865,-269.4686946694289
279.2066601440975,34.227777252029576,0.9999999999999997,-6.480669641624623,20.06314529809559,-269.5351535141256
279.2058599216066,34.21608706134592,0.9999999999999996,-6.4809018167990295,20.059739287066733,-269.6016055600898
279.20505964713414,34.20439687222073,0.9999999999999996,-6.481133690286974,20.056331856411745,-269.6680508022599
279.2042593206149,34.19270668465426,0.9999999999999997,-6.481365262079542,20.052923006650204,-269.7344892355747
279.20345894198346,34.18101649864674,0.9999999999999996,-6.48159653216795,20.049512738301758,-269.80092085497256
279.20265851117466,34.16932631419845,0.9999999999999996,-6.481827500543428,20.04610105188603,-269.86734565539234
279.20185802812307,34.157636131309644,0.9999999999999997,-6.482058167197236,20.04268794792263,-269.93376363177236
279.2010574927635,34.14594594998056,0.9999999999999997,-6.4822885321206805,20.03927342693118,-270.00017477905163
279.20025690503064,34.13425577021148,0.9999999999999997,-6.482518595305118,20.035857489431322,-270.06657909216835
279.19945626485924,34.12256559200265,0.9999999999999998,-6.48274835674189,20.032440135942647,-270.13297656606125
279.19865557218384,34.11087541535435,0.9999999999999998,-6.482977816422551,20.029021366984786,-270.199367195669
279.1978548269395,34.09918524026684,0.9999999999999994,-6.483206974338367,20.025601183077406,-270.26575097593025
279.19705402906067,34.087495066740416,0.9999999999999997,-6.483435830481032,20.022179584740073,-270.33212790178345
279.1962531784822,34.075804894775295,0.9999999999999994,-6.483664384841958,20.018756572492407,-270.3984979681673
279.19545227513885,34.0641147243718,0.9999999999999998,-6.483892637412769,20.01533214685405,-270.46486117002047
279.1946513189654,34.052424555530195,0.9999999999999997,-6.484120588185075,20.011906308344614,-270.5312175022815
279.19385030989656,34.04073438825076,0.9999999999999996,-6.484348237150526,20.008479057483747,-270.5975669598888
279.19304924786707,34.02904422253379,0.9999999999999998,-6.484575584300872,20.005050394791024,-270.66390953778136
279.1922481328117,34.01735405837956,0.9999999999999996,-6.484802629627811,20.0016203207861,-270.7302452308975
279.19144696466526,34.005663895788366,0.9999999999999997,-6.485029373123126,19.998188835988582,-270.79657403417576
279.1906457433625,33.99397373476048,0.9999999999999998,-6.485255814778597,19.994755940918076,-270.86289594255516
279.18984446883826,33.98228357529622,0.9999999999999996,-6.485481954586099,19.991321636094245,-270.9292109509738
279.18904314102724,33.97059341739588,0.9999999999999997,-6.485707792537552,19.98788592203668,-270.99551905437056
279.18824175986424,33.95890326105974,0.9999999999999997,-6.4859333286249115,19.984448799264975,-271.06182024768407
279.1874403252842,33.94721310628811,0.9999999999999997,-6.486158562840036,19.981010268298796,-271.1281145258528
279.1866388372217,33.93552295308129,0.9999999999999997,-6.486383495175028,19.977570329657716,-271.1944018838155
279.18583729561175,33.9238328014396,0.9999999999999997,-6.4866081256218795,19.974128983861412,-271.2606823165108
279.18503570038894,33.91214265136334,0.9999999999999997,-6.486832454172777,19.97068623142945,-271.3269558188768
279.18423405148826,33.9004525028528,0.9999999999999997,-6.487056480819751,19.967242072881476,-271.393222385853
279.1834323488445,33.88876235590835,0.9999999999999996,-6.487280205554974,19.963796508737126,-271.45948201237724
279.18263059239246,33.87707221053025,0.9999999999999996,-6.487503628370716,19.960349539515963,-271.5257346933885
279.18182878206693,33.865382066718844,0.9999999999999997,-6.4877267492591955,19.956901165737627,-271.5919804238251
279.1810269178028,33.853691924474454,0.9999999999999996,-6.487949568212656,19.953451387921778,-271.658219198626
279.1802249995349,33.8420017837974,0.9999999999999996,-6.48817208522345,19.950000206587966,-271.7244510127295
279.179423027198,33.83031164468801,0.9999999999999997,-6.488394300283977,19.946547622255885,-271.7906758610744
279.1786210007271,33.81862150714661,0.9999999999999996,-6.4886162133865675,19.94309363544508,-271.8568937385992
279.17781892005695,33.806931371173526,0.9999999999999997,-6.488837824523701,19.9396382466752,-271.92310464024274
279.17701678512236,33.7952412367691,0.9999999999999997,-6.48905913368786,19.936181456465867,-271.9893085609433
279.1762145958582,33.78355110393367,0.9999999999999998,-6.489280140871596,19.932723265336683,-272.0555054956396
279.1754123521995,33.771860972667575,0.9999999999999996,-6.489500846067381,19.92926367380729,-272.12169543927024
279.17461005408086,33.76017084297117,0.9999999999999996,-6.489721249267923,19.92580268239727,-272.1878783867738
279.1738077014374,33.748480714844774,0.9999999999999996,-6.4899413504657595,19.92234029162627,-272.25405433308896
279.17300529420385,33.73679058828874,0.9999999999999997,-6.4901611496536376,19.91887650201388,-272.3202232731544
279.1722028323151,33.72510046330343,0.9999999999999996,-6.490380646824235,19.915411314079726,-272.38638520190847
279.17140031570614,33.71341033988918,0.9999999999999997,-6.490599841970285,19.911944728343425,-272.4525401142901
279.17059774431175,33.70172021804637,0.9999999999999998,-6.490818735084666,19.908476745324585,-272.51868800523755
279.1697951180669,33.690030097775306,0.9999999999999998,-6.491037326160134,19.905007365542822,-272.58482886968966
279.1689924369064,33.67833997907642,0.9999999999999998,-6.491255615189594,19.90153658951778,-272.650962702585
279.16818970076525,33.66664986195002,0.9999999999999999,-6.491473602165909,19.89806441776903,-272.7170894988622
279.1673869095783,33.654959746396486,0.9999999999999996,-6.491691287082171,19.894590850816193,-272.7832092534596
279.1665840632804,33.643269632416185,0.9999999999999996,-6.491908669931217,19.891115889178913,-272.84932196131615
279.16578116180665,33.63157952000951,0.9999999999999996,-6.492125750706123,19.8876395333768,-272.91542761737026
279.16497820509176,33.6198894091768,0.9999999999999997,-6.4923425294000285,19.884161783929414,-272.98152621656067
279.1641751930707,33.60819929991844,0.9999999999999998,-6.492559006005987,19.880682641356422,-273.0476177538258
279.16337212567856,33.59650919223483,0.9999999999999997,-6.492775180517119,19.877202106177435,-273.1137022241044
279.1625690028501,33.5848190861263,0.9999999999999997,-6.492991052926678,19.873720178912023,-273.17977962233505
279.1617658245203,33.57312898159329,0.9999999999999996,-6.493206623227811,19.870236860079842,-273.24584994345634
279.1609625906241,33.56143887863615,0.9999999999999997,-6.493421891413863,19.866752150200483,-273.31191318240695
279.1601593010964,33.54974877725528,0.9999999999999996,-6.493636857478114,19.863266049793545,-273.3779693341254
279.1593559558723,33.53805867745109,0.9999999999999997,-6.493851521413896,19.859778559378704,-273.44401839355015
279.1585525548865,33.52636857922392,0.9999999999999998,-6.494065883214633,19.85628967947546,-273.5100603556201
279.15774909807413,33.514678482574226,0.9999999999999997,-6.4942799428737334,19.852799410603524,-273.5760952152736
279.1569455853701,33.50298838750237,0.9999999999999997,-6.494493700384606,19.84930775328247,-273.6421229674494
279.1561420167094,33.49129829400876,0.9999999999999998,-6.494707155740853,19.84581470803188,-273.7081436070862
279.155338392027,33.47960820209379,0.9999999999999997,-6.4949203089359155,19.8423202753714,-273.7741571291224
279.1545347112578,33.467918111757896,0.9999999999999998,-6.495133159963485,19.838824455820635,-273.84016352849665
279.1537309743368,33.456228023001465,0.9999999999999997,-6.495345708817091,19.8353272498992,-273.9061628001476
279.152927181199,33.44453793582492,0.9999999999999996,-6.495557955490455,19.831828658126685,-273.9721549390139
279.15212333177936,33.43284785022867,0.9999999999999998,-6.495769899977242,19.828328681022697,-274.03813994003394
279.15131942601283,33.42115776621313,0.9999999999999996,-6.495981542271215,19.824827319106866,-274.10411779814655
279.15051546383444,33.40946768377871,0.9999999999999997,-6.496192882366172,19.821324572898774,-274.17008850829046
279.1497114451792,33.39777760292584,0.9999999999999997,-6.49640392025586,19.81782044291804,-274.23605206540384
279.14890736998206,33.38608752365495,0.9999999999999997,-6.4966146559342715,19.814314929684272,-274.3020084644257
279.148103238178,33.374397445966466,0.9999999999999997,-6.496825089395182,19.81080803371707,-274.36795770029437
279.14729904970204,33.36270736986082,0.9999999999999998,-6.497035220632567,19.80729975553606,-274.43389976794856
279.1464948044893,33.35101729533844,0.9999999999999998,-6.497245049640393,19.803790095660833,-274.4998346623269
279.14569050247457,33.33932722239975,0.9999999999999998,-6.497454576412723,19.80027905461099,-274.56576237836805
279.144886143593,33.327637151045224,0.9999999999999997,-6.497663800943556,19.796766632906163,-274.6316829110105
279.14408172777956,33.315947081275255,0.9999999999999997,-6.49787272322704,19.793252831065928,-274.6975962551928
279.1432772549693,33.30425701309033,0.9999999999999996,-6.498081343257317,19.789737649609904,-274.76350240585384
279.14247272509715,33.29256694649085,0.9999999999999994,-6.498289661028565,19.786221089057676,-274.8294013579319
279.1416681380982,33.28087688147729,0.9999999999999996,-6.498497676534958,19.782703149928846,-274.8952931063658
279.14086349390755,33.26918681805011,0.9999999999999996,-6.498705389770764,19.779183832743072,-274.9611776460939
279.1400587924601,33.25749675620974,0.9999999999999996,-6.498912800730293,19.7756631380199,-275.02705497205505
279.139254033691,33.24580669595666,0.9999999999999997,-6.499119909407845,19.772141066278948,-275.09292507918786
279.13844921753514,33.234116637291294,0.9999999999999998,-6.499326715797878,19.768617618039812,-275.1587879624308
279.13764434392766,33.22242658021413,0.9999999999999996,-6.4995332198947136,19.765092793822117,-275.2246436167226
279.13683941280357,33.21073652472565,0.9999999999999998,-6.499739421692892,19.761566594145457,-275.29049203700157
279.13603442409794,33.19904647082627,0.9999999999999997,-6.499945321186832,19.758039019529416,-275.35633321820677
279.13522937774576,33.18735641851651,0.9999999999999996,-6.50015091837116,19.754510070493623,-275.4221671552763
279.13442427368216,33.17566636779679,0.9999999999999996,-6.5003562132403285,19.75097974755763,-275.4879938431493
279.13361911184217,33.163976318667636,0.9999999999999996,-6.500561205789033,19.7474480512411,-275.553813276764
279.13281389216087,33.1522862711295,0.9999999999999997,-6.500765896011874,19.74391498206358,-275.6196254510592
279.1320086145732,33.14059622518286,0.9999999999999997,-6.500970283903646,19.7403805405447,-275.68543036097327
279.1312032790143,33.12890618082821,0.9999999999999997,-6.501174369458971,19.736844727204048,-275.751228001445
279.1303978854193,33.11721613806603,0.9999999999999997,-6.501378152672668,19.733307542561228,-275.81701836741297
279.1295924337232,33.1055260968968,0.9999999999999997,-6.50158163353956,19.729768987135834,-275.8828014538158
279.128786923861,33.09383605732101,0.9999999999999997,-6.501784812054499,19.726229061447448,-275.94857725559206
279.127981355768,33.08214601933918,0.9999999999999998,-6.50198768821234,19.72268776601569,-276.0143457676803
279.127175729379,33.07045598295176,0.9999999999999998,-6.502190262008018,19.719145101360155,-276.08010698501926
279.12637004462925,33.05876594815931,0.9999999999999998,-6.502392533436575,19.715601068000442,-276.14586090254744
279.12556430145384,33.04707591496226,0.9999999999999997,-6.502594502492936,19.712055666456116,-276.2116075152035
279.12475849978773,33.035385883361165,0.9999999999999997,-6.5027961691722265,19.7085088972468,-276.277346817926
279.12395263956614,33.02369585335652,0.9999999999999996,-6.502997533469504,19.7049607608921,-276.3430788056535
279.1231467207241,33.01200582494884,0.9999999999999996,-6.503198595379864,19.70141125791159,-276.4088034733248
279.1223407431967,33.0003157981386,0.9999999999999997,-6.503399354898523,19.697860388824857,-276.47452081587824
279.12153470691896,32.98862577292637,0.9999999999999997,-6.50359981202071,19.694308154151514,-276.5402308282526
279.12072861182617,32.976935749312624,0.9999999999999996,-6.50379996674161,19.690754554411136,-276.60593350538653
279.1199224578533,32.96524572729789,0.9999999999999998,-6.503999819056546,19.68719959012332,-276.6716288422184
279.1191162449354,32.95355570688271,0.9999999999999998,-6.504199368960883,19.683643261807685,-276.7373168336871
279.11830997300774,32.94186568806758,0.9999999999999997,-6.50439861644994,19.68008556998378,-276.80299747473106
279.11750364200526,32.93017567085306,0.9999999999999997,-6.504597561519212,19.676526515171243,-276.86867076028886
279.1166972518632,32.91848565523966,0.9999999999999996,-6.5047962041640375,19.672966097889617,-276.93433668529923
279.11589080251656,32.90679564122792,0.9999999999999997,-6.504994544379967,19.669404318658522,-276.99999524470064
279.1150842939006,32.89510562881837,0.9999999999999997,-6.505192582162463,19.66584117799753,-277.0656464334318
279.1142777259503,32.88341561801157,0.9999999999999998,-6.50539031750721,19.662276676426256,-277.1312902464313
279.1134710986009,32.87172560880801,0.9999999999999996,-6.50558775040971,19.65871081446427,-277.1969266786378
279.1126644117873,32.8600356012083,0.9999999999999997,-6.505784880865731,19.655143592631156,-277.26255572498974
279.1118576654449,32.84834559521295,0.9999999999999999,-6.505981708870863,19.651575011446518,-277.32817738042587
279.1110508595086,32.83665559082252,0.9999999999999997,-6.506178234420901,19.648005071429946,-277.39379163988457
279.1102439939138,32.824965588037536,0.9999999999999997,-6.506374457511514,19.644433773101007,-277.4593984983049
279.10943706859535,32.81327558685858,0.9999999999999997,-6.506570378138642,19.64086111697929,-277.524997950625
279.1086300834885,32.801585587286205,0.9999999999999996,-6.506765996298039,19.63728710358439,-277.5905899917836
279.1078230385284,32.78989558932098,0.9999999999999996,-6.506961311985629,19.633711733435888,-277.65617461671945
279.1070159336502,32.77820559296343,0.9999999999999996,-6.507156325197398,19.630135007053376,-277.7217518203711
279.106208768789,32.76651559821417,0.9999999999999996,-6.5073510359291955,19.626556924956446,-277.787321597677
279.1054015438799,32.75482560507375,0.9999999999999997,-6.507545444177156,19.622977487664645,-277.852883943576
279.1045942588581,32.74313561354272,0.9999999999999996,-6.507739549937254,19.619396695697596,-277.9184388530065
279.10378691365884,32.73144562362168,0.9999999999999996,-6.50793335320556,19.615814549574864,-277.98398632090726
279.10297950821706,32.7197556353112,0.9999999999999998,-6.508126853978286,19.612231049816018,-278.0495263422168
279.10217204246806,32.708065648611864,0.9999999999999997,-6.508320052251536,19.608646196940676,-278.11505891187363
279.10136451634696,32.69637566352423,0.9999999999999996,-6.508512948021551,19.605059991468394,-278.1805840248166
279.1005569297889,32.684685680048894,0.9999999999999997,-6.508705541284575,19.601472433918744,-278.2461016759841
279.0997492827291,32.67299569818646,0.9999999999999997,-6.508897832036876,19.597883524811323,-278.31161186031477
279.0989415751026,32.66130571793751,0.9999999999999997,-6.509089820274841,19.594293264665712,-278.3771145727472
279.09813380684454,32.64961573930264,0.9999999999999996,-6.509281505994819,19.590701654001478,-278.4426098082202
279.09732597789025,32.63792576228242,0.9999999999999997,-6.5094728891931695,19.587108693338223,-278.5080975616721
279.09651808817483,32.62623578687749,0.9999999999999997,-6.509663969866391,19.583514383195503,-278.5735778280416
279.0957101376334,32.61454581308841,0.9999999999999997,-6.509854748010971,19.5799187240929,-278.6390506022675
