galstreams/tracks/track.st.Pal15.myeong2017.ecsv
# %ECSV 0.9
# ---
# datatype:
# - {name: ra, unit: deg, datatype: float64}
# - {name: dec, unit: deg, datatype: float64}
# - {name: distance, unit: kpc, datatype: float64}
# - {name: pm_ra_cosdec, unit: mas / yr, datatype: float64}
# - {name: pm_dec, unit: mas / yr, datatype: float64}
# - {name: radial_velocity, unit: km / s, datatype: float64}
# delimiter: ','
# meta: !!omap
# - __serialized_columns__:
#     dec:
#       __class__: astropy.coordinates.angles.Latitude
#       unit: &id001 !astropy.units.Unit {unit: deg}
#       value: !astropy.table.SerializedColumn {name: dec}
#     distance:
#       __class__: astropy.coordinates.distances.Distance
#       unit: !astropy.units.Unit {unit: kpc}
#       value: !astropy.table.SerializedColumn {name: distance}
#     pm_dec:
#       __class__: astropy.units.quantity.Quantity
#       unit: !astropy.units.Unit {unit: mas / yr}
#       value: !astropy.table.SerializedColumn {name: pm_dec}
#     pm_ra_cosdec:
#       __class__: astropy.units.quantity.Quantity
#       unit: !astropy.units.Unit {unit: mas / yr}
#       value: !astropy.table.SerializedColumn {name: pm_ra_cosdec}
#     ra:
#       __class__: astropy.coordinates.angles.Longitude
#       unit: *id001
#       value: !astropy.table.SerializedColumn {name: ra}
#       wrap_angle: !astropy.coordinates.Angle
#         unit: *id001
#         value: 360.0
#     radial_velocity:
#       __class__: astropy.units.quantity.Quantity
#       unit: !astropy.units.Unit {unit: km / s}
#       value: !astropy.table.SerializedColumn {name: radial_velocity}
# schema: astropy-2.0
ra,dec,distance,pm_ra_cosdec,pm_dec,radial_velocity
255.34633485050725,-1.4659310771061438,38.399999999999984,0.0,0.0,-0.0
255.34395890885807,-1.4559782178721756,38.39999999999999,0.0,0.0,-0.0
255.34156059938388,-1.4460349923592355,38.39999999999999,0.0,0.0,-0.0
255.33913992226383,-1.436101400515894,38.399999999999984,0.0,0.0,-0.0
255.3366968776726,-1.4261774422901725,38.399999999999984,0.0,0.0,-0.0
255.33423146578033,-1.4162631176297786,38.399999999999984,0.0,0.0,-0.0
255.33174368675273,-1.4063584264820213,38.4,0.0,0.0,-0.0
255.3292335407511,-1.3964633687940462,38.39999999999999,0.0,0.0,-0.0
255.3267010279323,-1.3865779445125395,38.39999999999999,0.0,0.0,-0.0
255.32414614844876,-1.376702153583965,38.399999999999984,0.0,0.0,-0.0
255.32156890244858,-1.3668359959544782,38.39999999999999,0.0,0.0,-0.0
255.31896929007556,-1.3569794715701615,38.39999999999998,0.0,0.0,-0.0
255.31634731146906,-1.3471325803767285,38.399999999999984,0.0,0.0,-0.0
255.31370296676408,-1.3372953223197088,38.39999999999999,0.0,0.0,-0.0
255.3110362560915,-1.3274676973446227,38.39999999999999,0.0,0.0,-0.0
255.3083471795778,-1.3176497053966925,38.39999999999999,0.0,0.0,-0.0
255.30563573734517,-1.3078413464210736,38.399999999999984,0.0,0.0,-0.0
255.3029019295116,-1.2980426203627733,38.39999999999999,0.0,0.0,-0.0
255.30014575619091,-1.2882535271668787,38.399999999999984,0.0,0.0,-0.0
255.29736721749268,-1.2784740667782708,38.39999999999999,0.0,0.0,-0.0
255.29456631352227,-1.2687042391418526,38.399999999999984,0.0,0.0,-0.0
255.2917430443809,-1.2589440442024666,38.399999999999984,0.0,0.0,-0.0
255.2888974101657,-1.2491934819051285,38.399999999999984,0.0,0.0,-0.0
255.28602941096955,-1.2394525521947335,38.399999999999984,0.0,0.0,-0.0
255.2831390468814,-1.22972125501629,38.399999999999984,0.0,0.0,-0.0
255.2802263179859,-1.2199995903148346,38.4,0.0,0.0,-0.0
255.27729122436386,-1.2102875580356671,38.39999999999999,0.0,0.0,-0.0
255.27433376609187,-1.2005851581240554,38.399999999999984,0.0,0.0,-0.0
255.27135394324253,-1.190892390525417,38.39999999999999,0.0,0.0,-0.0
255.2683517558846,-1.1812092551854956,38.39999999999999,0.0,0.0,-0.0
255.26532720408252,-1.171535752050073,38.39999999999999,0.0,0.0,-0.0
255.2622802878971,-1.1618718810651978,38.39999999999999,0.0,0.0,-0.0
255.2592110073849,-1.1522176421771035,38.39999999999999,0.0,0.0,-0.0
255.25611936259887,-1.14257303533244,38.39999999999999,0.0,0.0,-0.0
255.2530053535877,-1.1329380604779815,38.4,0.0,0.0,-0.0
255.24986898039646,-1.1233127175608586,38.39999999999999,0.0,0.0,-0.0
255.24671024306616,-1.1136970065284755,38.399999999999984,0.0,0.0,-0.0
255.2435291416341,-1.1040909273287396,38.4,0.0,0.0,-0.0
255.24032567613364,-1.0944944799097724,38.39999999999999,0.0,0.0,-0.0
255.2370998465944,-1.0849076642200863,38.39999999999999,0.0,0.0,-0.0
255.2338516530421,-1.0753304802087635,38.39999999999999,0.0,0.0,-0.0
255.23058109549876,-1.0657629278251664,38.4,0.0,0.0,-0.0
255.22728817398266,-1.0562050070191653,38.4,0.0,0.0,-0.0
255.2239728885082,-1.0466567177410588,38.4,0.0,0.0,-0.0
255.22063523908622,-1.0371180599418024,38.4,0.0,0.0,-0.0
255.2172752257238,-1.0275890335727185,38.4,0.0,0.0,-0.0
255.21389284842428,-1.0180696385857255,38.4,0.0,0.0,-0.0
255.21048810718733,-1.0085598749332572,38.399999999999984,0.0,0.0,-0.0
255.2070610020091,-0.9990597425684914,38.4,0.0,0.0,-0.0
255.203611532882,-0.9895692414450602,38.4,0.0,0.0,-0.0
255.20013969979482,-0.9800883715172265,38.39999999999999,0.0,0.0,-0.0
255.19664550273282,-0.970617132740064,38.400000000000006,0.0,0.0,-0.0
255.19312894167766,-0.9611555250691647,38.39999999999999,0.0,0.0,-0.0
255.18959001660744,-0.9517035484608697,38.39999999999999,0.0,0.0,-0.0
255.1860287274967,-0.9422612028721858,38.39999999999999,0.0,0.0,-0.0
255.18244507431658,-0.9328284882610174,38.400000000000006,0.0,0.0,-0.0
255.17883905703448,-0.923405404585873,38.400000000000006,0.0,0.0,-0.0
255.17521067561458,-0.9139919518060975,38.39999999999999,0.0,0.0,-0.0
255.17155993001742,-0.9045881298817875,38.4,0.0,0.0,-0.0
255.16788682020032,-0.8951939387740226,38.39999999999999,0.0,0.0,-0.0
255.16419134611684,-0.8858093784445744,38.4,0.0,0.0,-0.0
255.16047350771737,-0.8764344488560832,38.399999999999984,0.0,0.0,-0.0
255.15673330494892,-0.8670691499722366,38.39999999999999,0.0,0.0,-0.0
255.152970737755,-0.8577134817574777,38.4,0.0,0.0,-0.0
255.14918580607588,-0.8483674441772363,38.4,0.0,0.0,-0.0
255.1453785098484,-0.8390310371978438,38.39999999999999,0.0,0.0,-0.0
255.1415488490062,-0.8297042607867723,38.4,0.0,0.0,-0.0
255.13769682347956,-0.8203871149123001,38.4,0.0,0.0,-0.0
255.13382243319552,-0.8110795995438259,38.39999999999999,0.0,0.0,-0.0
255.12992567807777,-0.8017817146517672,38.39999999999999,0.0,0.0,-0.0
255.12600655804684,-0.7924934602076038,38.400000000000006,0.0,0.0,-0.0
255.12206507302005,-0.7832148361838978,38.4,0.0,0.0,-0.0
255.1181012229114,-0.7739458425543163,38.39999999999999,0.0,0.0,-0.0
255.11411500763194,-0.7646864792936511,38.39999999999999,0.0,0.0,-0.0
255.11010642708928,-0.7554367463778413,38.39999999999999,0.0,0.0,-0.0
255.10607548118804,-0.7461966437839931,38.4,0.0,0.0,-0.0
255.10202216982972,-0.7369661714904026,38.4,0.0,0.0,-0.0
255.09794649291257,-0.727745329476575,38.39999999999999,0.0,0.0,-0.0
255.09384845033196,-0.7185341177232472,38.4,0.0,0.0,-0.0
255.08972804197995,-0.7093325362124084,38.4,0.0,0.0,-0.0
255.0855852677457,-0.7001405849273215,38.39999999999999,0.0,0.0,-0.0
255.08142012751534,-0.690958263852543,38.39999999999999,0.0,0.0,-0.0
255.07723262117185,-0.6817855729739459,38.39999999999999,0.0,0.0,-0.0
255.07302274859524,-0.6726225122787387,38.39999999999999,0.0,0.0,-0.0
255.06879050966273,-0.6634690817554885,38.4,0.0,0.0,-0.0
255.06453590424823,-0.6543252813941394,38.400000000000006,0.0,0.0,-0.0
255.0602589322231,-0.6451911111860361,38.4,0.0,0.0,-0.0
255.0559595934553,-0.6360665711239429,38.4,0.0,0.0,-0.0
255.05163788781036,-0.626951661202066,38.39999999999999,0.0,0.0,-0.0
255.04729381515054,-0.6178463814160723,38.400000000000006,0.0,0.0,-0.0
255.0429273753355,-0.6087507317631133,38.39999999999999,0.0,0.0,-0.0
255.03853856822175,-0.599664712241843,38.39999999999999,0.0,0.0,-0.0
255.03412739366323,-0.5905883228524402,38.39999999999999,0.0,0.0,-0.0
255.02969385151093,-0.5815215635966298,38.4,0.0,0.0,-0.0
255.02523794161297,-0.5724644344777022,38.4,0.0,0.0,-0.0
255.02075966381489,-0.5634169355005345,38.400000000000006,0.0,0.0,-0.0
255.0162590179592,-0.5543790666716119,38.4,0.0,0.0,-0.0
255.0117360038859,-0.5453508279990473,38.4,0.0,0.0,-0.0
255.00719062143204,-0.5363322194926035,38.39999999999999,0.0,0.0,-0.0
255.00262287043213,-0.5273232411637119,38.39999999999999,0.0,0.0,-0.0
254.99803275071784,-0.5183238930254949,38.39999999999999,0.0,0.0,-0.0
254.99342026211826,-0.5093341750927853,38.4,0.0,0.0,-0.0
254.9887854044598,-0.5003540873821483,38.4,0.0,0.0,-0.0
254.9841281775662,-0.4913836299118999,38.4,0.0,0.0,-0.0
254.9794485812585,-0.4824228027021296,38.4,0.0,0.0,-0.0
254.97474661535526,-0.4734716057747198,38.4,0.0,0.0,-0.0
254.97002227967238,-0.4645300391533664,38.4,0.0,0.0,-0.0
254.96527557402322,-0.4555981028636004,38.39999999999999,0.0,0.0,-0.0
254.96050649821856,-0.4466757969328055,38.400000000000006,0.0,0.0,-0.0
254.95571505206655,-0.43776312139024215,38.4,0.0,0.0,-0.0
254.950901235373,-0.42886007626706607,38.39999999999999,0.0,0.0,-0.0
254.94606504794103,-0.41996666159634777,38.4,0.0,0.0,-0.0
254.9412064895715,-0.41108287741309557,38.39999999999999,0.0,0.0,-0.0
254.93632556006253,-0.4022087237542731,38.4,0.0,0.0,-0.0
254.93142225920985,-0.39334420065882153,38.4,0.0,0.0,-0.0
254.926496586807,-0.3844893081676793,38.400000000000006,0.0,0.0,-0.0
254.92154854264484,-0.3756440463238026,38.39999999999999,0.0,0.0,-0.0
254.91657812651195,-0.36680841517218515,38.39999999999999,0.0,0.0,-0.0
254.91158533819439,-0.35798241475987813,38.399999999999984,0.0,0.0,-0.0
254.90657017747603,-0.3491660451360124,38.399999999999984,0.0,0.0,-0.0
254.90153264413829,-0.34035930635181677,38.39999999999999,0.0,0.0,-0.0
254.89647273796024,-0.33156219846063784,38.399999999999984,0.0,0.0,-0.0
254.89139045871875,-0.3227747215179627,38.4,0.0,0.0,-0.0
254.88628580618828,-0.31399687558143646,38.39999999999999,0.0,0.0,-0.0
254.88115878014108,-0.30522866071088284,38.39999999999999,0.0,0.0,-0.0
254.876009380347,-0.2964700769683268,38.39999999999999,0.0,0.0,-0.0
254.8708376065739,-0.2877211244180099,38.4,0.0,0.0,-0.0
254.86564345858721,-0.27898180312641524,38.39999999999999,0.0,0.0,-0.0
254.8604269361502,-0.27025211316228426,38.399999999999984,0.0,0.0,-0.0
254.85518803902397,-0.26153205459663825,38.4,0.0,0.0,-0.0
254.84992676696734,-0.2528216275027974,38.4,0.0,0.0,-0.0
254.84464311973713,-0.24412083195640183,38.4,0.0,0.0,-0.0
254.83933709708796,-0.23542966803543067,38.399999999999984,0.0,0.0,-0.0
254.8340086987723,-0.2267481358202221,38.399999999999984,0.0,0.0,-0.0
254.82865792454047,-0.21807623539349394,38.39999999999999,0.0,0.0,-0.0
254.82328477414077,-0.20941396684036265,38.39999999999999,0.0,0.0,-0.0
254.81788924731947,-0.20076133024836357,38.39999999999999,0.0,0.0,-0.0
254.81247134382065,-0.19211832570747106,38.4,0.0,0.0,-0.0
254.80703106338643,-0.18348495331011783,38.4,0.0,0.0,-0.0
254.8015684057569,-0.17486121315121478,38.400000000000006,0.0,0.0,-0.0
254.79608337067017,-0.16624710532817125,38.40000000000001,0.0,0.0,-0.0
254.79057595786236,-0.15764262994091421,38.4,0.0,0.0,-0.0
254.78504616706743,-0.14904778709190836,38.400000000000006,0.0,0.0,-0.0
254.77949399801778,-0.1404625768861752,38.400000000000006,0.0,0.0,-0.0
254.77391945044346,-0.13188699943131413,38.4,0.0,0.0,-0.0
254.7683225240729,-0.12332105483752051,38.39999999999999,0.0,0.0,-0.0
