galstreams/tracks/track.st.NGC3201-Gjoll.ibata2021.ecsv
# %ECSV 1.0
# ---
# datatype:
# - {name: ra, unit: deg, datatype: float64}
# - {name: dec, unit: deg, datatype: float64}
# - {name: distance, unit: kpc, datatype: float64}
# - {name: pm_ra_cosdec, unit: mas / yr, datatype: float64}
# - {name: pm_dec, unit: mas / yr, datatype: float64}
# - {name: radial_velocity, unit: km / s, datatype: float64}
# delimiter: ','
# meta: !!omap
# - __serialized_columns__:
#     dec:
#       __class__: astropy.coordinates.angles.Latitude
#       unit: &id001 !astropy.units.Unit {unit: deg}
#       value: !astropy.table.SerializedColumn {name: dec}
#     distance:
#       __class__: astropy.coordinates.distances.Distance
#       unit: !astropy.units.Unit {unit: kpc}
#       value: !astropy.table.SerializedColumn {name: distance}
#     pm_dec:
#       __class__: astropy.units.quantity.Quantity
#       unit: !astropy.units.Unit {unit: mas / yr}
#       value: !astropy.table.SerializedColumn {name: pm_dec}
#     pm_ra_cosdec:
#       __class__: astropy.units.quantity.Quantity
#       unit: !astropy.units.Unit {unit: mas / yr}
#       value: !astropy.table.SerializedColumn {name: pm_ra_cosdec}
#     ra:
#       __class__: astropy.coordinates.angles.Longitude
#       unit: *id001
#       value: !astropy.table.SerializedColumn {name: ra}
#       wrap_angle: !astropy.coordinates.Angle
#         unit: *id001
#         value: 360.0
#     radial_velocity:
#       __class__: astropy.units.quantity.Quantity
#       unit: !astropy.units.Unit {unit: km / s}
#       value: !astropy.table.SerializedColumn {name: radial_velocity}
# schema: astropy-2.0
ra,dec,distance,pm_ra_cosdec,pm_dec,radial_velocity
[from data line 568]
68.90845855523276,-1.659168942330919,3.7419216812758402,19.924123433481814,-20.832748623164704,-57.17462540311967
68.91559190932676,-1.6661889257707907,3.7416084361173363,19.927548906807797,-20.83646560487414,-57.11037259822495
68.92272543182759,-1.6732087592945144,3.7412953231772454,19.930972566041653,-20.840180063932905,-57.04610992881887
68.92985912289977,-1.6802284428438348,3.7409823424304247,19.934394411697223,-20.84389200055724,-56.9818373976653
68.93699298270789,-1.6872479763604726,3.740669493851727,19.937814444288197,-20.84760141496355,-56.917555007528215
68.94412701141648,-1.6942673597861548,3.74035677741601,19.94123266432804,-20.85130830736836,-56.85326276117133
68.95126120919014,-1.7012865930625647,3.740044193098127,19.944649072330073,-20.85501267798835,-56.78896066135836
68.95839557619337,-1.7083056761314077,3.7397317408729323,19.948063668807414,-20.858714527040345,-56.724648710853366
68.9655301125908,-1.7153246089343628,3.739419420715284,19.95147645427302,-20.86241385474132,-56.66032691241994
68.97266481854695,-1.7223433914130823,3.7391072326000345,19.954887429239676,-20.866110661308397,-56.59599526882221
68.97979969422644,-1.7293620235092293,3.7387951765020393,19.958296594219956,-20.869804946958844,-56.53165378282361
68.98693473979382,-1.7363805051644439,3.738483252396155,19.961703949726267,-20.873496711910043,-56.467302457188225
68.99406995541366,-1.7433988363203636,3.7381714602572353,19.965109496270863,-20.87718595637957,-56.40294129467983
69.00120534125055,-1.7504170169185898,3.737859800060136,19.968513234365776,-20.880872680585114,-56.338570298062315
69.00834089746914,-1.7574350469007785,3.737548271779712,19.97191516452289,-20.884556884744512,-56.274189470099415
69.01547662423384,-1.7644529262084034,3.7372368753908183,19.9753152872539,-20.88823856907577,-56.209798813555025
69.02261252170945,-1.771470654783199,3.7369256108683095,19.97871360307032,-20.891917733797015,-56.145398331192894
69.0297485900604,-1.7784882325666216,3.7366144781870414,19.982110112483486,-20.895594379126507,-56.08098802577683
69.03688482945135,-1.7855056595002619,3.7363034773218695,19.985504816004546,-20.899268505282684,-56.016567900070854
69.0440212400469,-1.7925229355256653,3.735992608247648,19.988897714144496,-20.90294011248411,-55.952137956838506
69.05115782201162,-1.7995400605843608,3.7356818709392305,19.992288807414123,-20.906609200949507,-55.887698198843935
69.05829457551013,-1.8065570346178794,3.7353712653714766,19.995678096324035,-20.9102757708977,-55.82324862885078
69.06543150070705,-1.8135738575677163,3.735060791519237,19.999065581384702,-20.913939822547725,-55.75878924962289
69.07256859776699,-1.8205905293753748,3.7347504493573704,20.00245126310635,-20.91760135611871,-55.694320063924
69.07970586685454,-1.8276070499823354,3.734440238860728,20.005835141999093,-20.921260371829952,-55.62984107451807
69.0868433081343,-1.834623419330068,3.7341301600041676,20.00921721857281,-20.924916869900876,-55.565352284169016
69.09398092177094,-1.841639637360036,3.7338202127625437,20.01259749333724,-20.928570850551065,-55.50085369564032
69.10111870792903,-1.8486557040136826,3.7335103971107126,20.01597596680192,-20.932222314000246,-55.43634531169619
69.1082566667732,-1.8556716192324423,3.7332007130235265,20.01935263947622,-20.93587126046829,-55.3718271351002
69.11539479846809,-1.862687382957739,3.732891160475843,20.022727511869327,-20.9395176901752,-55.30729916861637
69.12253310317833,-1.8697029951309798,3.7325817394425154,20.026100584490255,-20.94316160334114,-55.24276141500837
69.12967158106854,-1.8767184556935672,3.7322724498983995,20.029471857847817,-20.946803000186403,-55.17821387704007
69.13681023230335,-1.8837337645868817,3.7319632918183525,20.032841332450687,-20.950441880931425,-55.11365655747539
69.14394905704741,-1.8907489217522977,3.7316542651772258,20.036209008807322,-20.95407824579682,-55.049089459078004
69.15108805546535,-1.8977639271311784,3.731345369949877,20.039574887426017,-20.957712095003306,-54.98451258461188
69.15822722772182,-1.9047787806648728,3.7310366061111604,20.042938968814894,-20.961343428771745,-54.91992593684079
69.16536657398147,-1.9117934822947145,3.730727973635932,20.04630125348187,-20.964972247323175,-54.85532951852847
69.17250609440893,-1.9188080319620295,3.7304194724990447,20.04966174193473,-20.968598550878763,-54.7907233324389
69.17964578916887,-1.9258224296081263,3.730111102675356,20.053020434681038,-20.972222339659808,-54.726107381335815
69.18678565842595,-1.9328366751743131,3.7298028641397205,20.056377332228195,-20.975843613887758,-54.66148166798301
69.19392570234479,-1.9398507686018664,3.729494756866992,20.05973243508342,-20.979462373784223,-54.59684619514456
69.20106592109009,-1.9468647098320675,3.729186780832027,20.063085743753756,-20.983078619570918,-54.5322009655839
69.20820631482651,-1.9538784988061793,3.728878936009679,20.066437258746078,-20.986692351469753,-54.46754598206511
69.21534688371874,-1.9608921354654911,3.728571222374805,20.069786980567063,-20.990303569702736,-54.402881247352
69.22248762793133,-1.9679056197511247,3.728263639902259,20.073134909723226,-20.99391227449204,-54.33820676420832
69.22962854762912,-1.9749189516044539,3.7279561885668957,20.076481046720883,-20.997518466059983,-54.27352253539803
69.23676964297667,-1.9819321309665834,3.7276488683435725,20.079825392066198,-21.001122144629008,-54.208828563684875
69.24391091413868,-1.988945157778757,3.727341679207141,20.083167946265142,-21.00472331042173,-54.144124851832636
69.25105236127986,-1.9959580319821533,3.72703462113246,20.086508709823498,-21.008321963660887,-54.07941140260515
69.25819398456488,-2.002970753517957,3.7267276940943814,20.089847683246898,-21.011918104569364,-54.014688218766295
69.26533578415845,-2.0099833223273325,3.7264208980677616,20.093184867040783,-21.015511733370204,-53.94995530307986
69.27247776022521,-2.0169957383514197,3.7261142330274564,20.09652026171038,-21.019102850286544,-53.885212658309726
69.27961991292989,-2.024008001531373,3.725807698948319,20.099853867760817,-21.022691455541732,-53.82046028721975
69.28676224243719,-2.0310201118083153,3.725501295805208,20.103185685696953,-21.026277549359204,-53.755698192573554
69.29390474891181,-2.038032069123358,3.725195023572973,20.10651571602355,-21.029861131962605,-53.69092637713523
69.30104743251844,-2.0450438734175997,3.724888882226475,20.10984395924513,-21.03344220357562,-53.62614484366848
69.30819029342182,-2.0520555246321446,3.724582871740566,20.113170415866072,-21.037020764422188,-53.561353594937096
69.3153333317866,-2.0590670227080574,3.724276992090101,20.116495086390568,-21.0405968147263,-53.49655263370491
69.32247654777755,-2.0660783675864085,3.7239712432499354,20.119817971322636,-21.044170354712158,-53.431741962735835
69.32961994155937,-2.073089559208253,3.7236656251949256,20.123139071166094,-21.04774138460406,-53.366921584793694
69.33676351329676,-2.0801005975146243,3.723360137899924,20.126458386424613,-21.05130990462648,-53.30209150264233
69.34390726315448,-2.0871114824465637,3.723054781339789,20.129775917601663,-21.05487591500399,-53.23725171904531
69.35105119129722,-2.094122213945074,3.722749555489373,20.133091665200556,-21.058439415961374,-53.17240223676679
69.35819529788974,-2.1011327919511666,3.722444460323532,20.136405629724408,-21.06200040772349,-53.10754305857042
69.36533958309674,-2.108143216405825,3.722139495817122,20.139717811676167,-21.065558890515376,-53.04267418722009
69.37248404708299,-2.1151534872500406,3.7218346619449973,20.1430282115586,-21.069114864562213,-52.97779562547966
69.3796286900132,-2.1221636044247703,3.7215299586820123,20.146336829874304,-21.0726683300893,-52.91290737611293
69.38677351205216,-2.129173567870967,3.721225386003024,20.149643667125673,-21.076219287322086,-52.84800944188374
69.39391851336455,-2.136183377529574,3.720920943882886,20.152948723814962,-21.0797677364862,-52.78310182555582
69.40106369411518,-2.143193033341522,3.7206166322964527,20.156252000444216,-21.083313677807357,-52.718184529893
69.40820905446877,-2.1502025352477303,3.7203124512185815,20.15955349751532,-21.086857111511442,-52.653257557659174
69.41535459459007,-2.1572118831890945,3.7200084006241254,20.16285321552997,-21.09039803782449,-52.588320911618254
69.42250031464386,-2.164221077106512,3.7197044804879407,20.1661511549897,-21.093936456972664,-52.52337459453404
69.4296462147949,-2.171230116940867,3.719400690784882,20.16944731639584,-21.097472369182274,-52.45841860917019
69.436792295208,-2.1782390026330583,3.7190970314898046,20.172741700249578,-21.101005774679763,-52.393452958290645
69.44393855604781,-2.1852477341238634,3.7187935025775642,20.17603430705189,-21.104536673691737,-52.32847764465928
69.4510849974792,-2.1922563113541607,3.7184901040230143,20.1793251373036,-21.10806506644493,-52.26349267103993
69.45823161966692,-2.1992647342647884,3.7181868358010113,20.18261419150534,-21.111590953166207,-52.198498040196306
69.46537842277576,-2.2062730027965562,3.7178836978864105,20.18590147015757,-21.115114334082588,-52.13349375489225
69.47252540697046,-2.2132811168902684,3.7175806902540653,20.18918697376057,-21.118635209421257,-52.06847981789173
69.47967257241586,-2.2202890764867256,3.717277812878833,20.192470702814457,-21.12215357940949,-52.00345623195841
69.48681991927673,-2.227296881526699,3.7169750657355665,20.195752657819135,-21.125669444274738,-51.938422999856236
69.49396744771786,-2.234304531950953,3.716672448799123,20.199032839274366,-21.129182804244586,-51.873380124349005
69.50111515790407,-2.241312027700247,3.716369962044356,20.20231124767973,-21.132693659546764,-51.808327608200436
69.50826305000012,-2.248319368715334,3.7160676054461224,20.205587883534616,-21.13620201040915,-51.74326545417448
69.51541112417085,-2.255326554936926,3.715765378979275,20.20886274733824,-21.13970785705974,-51.67819366503496
69.52255938058104,-2.262333586305751,3.71546328261867,20.21213583958965,-21.143211199726686,-51.61311224354571
69.52970781939553,-2.2693404627625084,3.715161316339163,20.2154071607877,-21.146712038638288,-51.548021192470536
69.53685644077912,-2.2763471842478915,3.7148594801156087,20.21867671143108,-21.150210374022972,-51.4829205145732
69.54400524489661,-2.2833537507025823,3.714557773922862,20.221944492018302,-21.153706206109327,-51.41781021261764
69.55115423191286,-2.29036016206725,3.714256197735778,20.225210503047705,-21.157199535126047,-51.35269028936747
69.55830340199266,-2.2973664182825404,3.7139547515292133,20.22847474501742,-21.160690361302013,-51.287560747586774
69.56545275530087,-2.304372519289103,3.71365343527802,20.23173721842546,-21.16417868486622,-51.22242159003926
69.57260229200229,-2.3113784650275657,3.713352248957056,20.2349979237696,-21.167664506047792,-51.15727281948885
69.57975201226178,-2.3183842554385414,3.7130511925411738,20.238256861547494,-21.171147825076034,-51.09211443869929
69.58690191624416,-2.3253898904626418,3.7127502660052305,20.241514032256557,-21.17462864218035,-51.026946450434345
69.5940520041143,-2.3323953700404565,3.7124494693240813,20.24476943639408,-21.178106957590302,-50.96176885745793
69.60120227603703,-2.339400694112563,3.7121488024725813,20.24802307445714,-21.18158277153559,-50.8965816625339
69.6083527321772,-2.3464058626195228,3.711848265425583,20.251274946942676,-21.185056084246092,-50.831384868425964
69.61550337269966,-2.3534108755019063,3.7115478581579446,20.25452505434742,-21.188526895951757,-50.76617847789812
69.62265419776928,-2.36041573270024,3.7112475806445193,20.25777339716793,-21.19199520688272,-50.700962493714
69.62980520755092,-2.3674204341550587,3.710947432860164,20.261019975900602,-21.195461017269263,-50.63573691863751
69.63695640220942,-2.374424979806878,3.710647414779732,20.264264791041647,-21.198924327341782,-50.57050175543274
69.64410778190972,-2.3814293695962463,3.71034752637808,20.267507843087078,-21.20238513733082,-50.505257006863005
69.65125934681657,-2.388433603463527,3.710047767630061,20.270749132532792,-21.205843447467075,-50.44000267569246
69.65841109709498,-2.395437681349365,3.709748138510532,20.273988659874433,-21.209299257981368,-50.37473876468503
69.66556303290974,-2.4024416031941036,3.7094486389943473,20.277226425607523,-21.21275256910468,-50.30946527660423
69.67271515442576,-2.4094453689382402,3.709149269056363,20.280462430227384,-21.216203381068105,-50.24418221421416
69.67986746180794,-2.41644897852221,3.7088500286714323,20.28369667422917,-21.219651694102904,-50.17888958027848
69.68701995522113,-2.423452431886443,3.7085509178144114,20.286929158107853,-21.223097508440475,-50.11358737756108
69.6941726348303,-2.43045572897136,3.708251936460156,20.290159882358235,-21.226540824312337,-50.04827560882574
69.70132550080027,-2.4374588697173647,3.7079530845835205,20.29338884747493,-21.22998164195016,-49.982954276836416
69.70847855329599,-2.4444618540648366,3.70765436215936,20.29661605395239,-21.233419961585756,-49.91762338435668
69.71563179248234,-2.45146468195416,3.707355769162529,20.2998415022849,-21.236855783451098,-49.8522829341507
69.72278521852424,-2.458467353325709,3.7070573055678837,20.30306519296652,-21.240289107778246,-49.78693292898212
69.72993883158662,-2.465469868119821,3.706758971350279,20.30628712649119,-21.243719934799444,-49.7215733716147
69.73709263183437,-2.472472226276848,3.7064607664845703,20.30950730335264,-21.24714826474706,-49.656204264812324
69.74424661943243,-2.47947442773711,3.7061626909456113,20.31272572404443,-21.250574097853615,-49.59082561133889
69.75140079454575,-2.4864764724409274,3.7058647447082578,20.31594238905997,-21.25399743435176,-49.5254374139581
69.75855515733919,-2.4934783603285977,3.7055669277473653,20.319157298892446,-21.257418274474265,-49.46003967543396
69.76570970797772,-2.5004800913404046,3.7052692400377887,20.322370454034907,-21.26083661845409,-49.39463239853019
69.7728644466263,-2.5074816654166447,3.704971681554383,20.325581854980214,-21.26425246652429,-49.32921558601053
69.78001937344983,-2.514483082497561,3.704674252272004,20.328791502221044,-21.267665818918065,-49.263789240639134
69.7871744886133,-2.5214843425234177,3.704376952165506,20.331999396249902,-21.271076675868787,-49.19835336517935
69.79432979228162,-2.528485445434448,3.7040797812097432,20.335205537559133,-21.27448503760993,-49.13290796239537
69.80148528461974,-2.5354863911708767,3.7037827393795726,20.338409926640878,-21.277890904375138,-49.067453035050924
69.80864096579266,-2.5424871796729236,3.703485826649848,20.341612563987127,-21.281294276398153,-49.00198858590972
69.81579683596532,-2.5494878108807875,3.7031890429954255,20.34481345008967,-21.28469515391291,-48.93651461773573
69.82295289530266,-2.5564882847346495,3.7028923883911595,20.348012585440152,-21.28809353715344,-48.87103113329271
69.83010914396966,-2.563488601174694,3.7025958628119056,20.351209970530014,-21.291489426353934,-48.80553813534461
69.83726558213131,-2.570488760141076,3.7022994662325184,20.35440560585053,-21.29488282174871,-48.74003562665509
69.84442220995255,-2.57748876157395,3.702003198627852,20.357599491892813,-21.29827372357226,-48.67452360998805
69.85157902759842,-2.584488605413454,3.7017070599727644,20.36079162914777,-21.301662132059153,-48.609002088107395
69.85873603523385,-2.5914882915997097,3.7014110502421076,20.363982018106167,-21.305048047444156,-48.543471063776785
69.86589323302388,-2.5984878200728647,3.7011151694107385,20.367170659258566,-21.30843146996214,-48.47793053976021
69.87305062113344,-2.6054871907729495,3.7008194174535123,20.37035755309537,-21.311812399848126,-48.41238051882135
69.88020819972756,-2.6124864036400797,3.7005237943452833,20.37354270010679,-21.31519083733728,-48.346821003724045
69.88736596897122,-2.619485458614334,3.7002283000609064,20.376726100782886,-21.31856678266491,-48.28125199723235
69.89452392902946,-2.6264843556357733,3.6999329345752385,20.37990775561352,-21.321940236066432,-48.21567350210994
69.90168208006726,-2.6334830946444416,3.6996376978631322,20.383087665088393,-21.32531119777744,-48.150085521120545
