galstreams/tracks/track.st.Hyllus.grillmair2014.ecsv
# %ECSV 0.9
# ---
# datatype:
# - {name: ra, unit: deg, datatype: float64}
# - {name: dec, unit: deg, datatype: float64}
# - {name: distance, unit: kpc, datatype: float64}
# - {name: pm_ra_cosdec, unit: mas / yr, datatype: float64}
# - {name: pm_dec, unit: mas / yr, datatype: float64}
# - {name: radial_velocity, unit: km / s, datatype: float64}
# delimiter: ','
# meta: !!omap
# - __serialized_columns__:
#     dec:
#       __class__: astropy.coordinates.angles.Latitude
#       unit: &id001 !astropy.units.Unit {unit: deg}
#       value: !astropy.table.SerializedColumn {name: dec}
#     distance:
#       __class__: astropy.coordinates.distances.Distance
#       unit: !astropy.units.Unit {unit: kpc}
#       value: !astropy.table.SerializedColumn {name: distance}
#     pm_dec:
#       __class__: astropy.units.quantity.Quantity
#       unit: !astropy.units.Unit {unit: mas / yr}
#       value: !astropy.table.SerializedColumn {name: pm_dec}
#     pm_ra_cosdec:
#       __class__: astropy.units.quantity.Quantity
#       unit: !astropy.units.Unit {unit: mas / yr}
#       value: !astropy.table.SerializedColumn {name: pm_ra_cosdec}
#     ra:
#       __class__: astropy.coordinates.angles.Longitude
#       unit: *id001
#       value: !astropy.table.SerializedColumn {name: ra}
#       wrap_angle: !astropy.coordinates.Angle
#         unit: *id001
#         value: 360.0
#     radial_velocity:
#       __class__: astropy.units.quantity.Quantity
#       unit: !astropy.units.Unit {unit: km / s}
#       value: !astropy.table.SerializedColumn {name: radial_velocity}
# schema: astropy-2.0
ra,dec,distance,pm_ra_cosdec,pm_dec,radial_velocity
249.05813711432248,11.000736150918565,22.99959921763178,0.0,0.0,0.0
249.00718152452802,11.113115259345959,22.97762979940791,0.0,0.0,0.0
248.9566412744504,11.225527099403585,22.955653756870237,0.0,0.0,0.0
248.90651574506796,11.337971543843272,22.9336710916604,0.0,0.0,0.0
248.85680432595106,11.450448471379755,22.91168180542004,0.0,0.0,0.0
248.8075064152659,11.562957766588756,22.889685899790774,0.0,0.0,0.0
248.7586214197795,11.67549931980473,22.867683376414263,0.0,0.0,0.0
248.71014875486392,11.78807302701993,22.845674236932123,0.0,0.0,0.0
248.662087844502,11.900678789783095,22.823658482985998,0.0,0.0,0.0
248.6144381212921,12.013316515099582,22.801636116217516,0.0,0.0,0.0
248.56719902645432,12.125986115331068,22.779607138268318,0.0,0.0,0.0
248.52037000983626,12.238687508096348,22.757571550780035,0.0,0.0,0.0
248.4739505299193,12.351420616172604,22.735529355394313,0.0,0.0,0.0
248.4279400538255,12.46418536739656,22.713480553752767,0.0,0.0,0.0
248.38233805732443,12.576981694567019,22.691425147497057,0.0,0.0,0.0
248.33714402484082,12.689809535346905,22.669363138268803,0.0,0.0,0.0
248.29235744946195,12.802668832166693,22.647294527709633,0.0,0.0,0.0
248.24797783294594,12.915559532127457,22.625219317461205,0.0,0.0,0.0
248.20400468573044,13.028481586905169,22.603137509165133,0.0,0.0,0.0
248.16043752694117,13.141434952654688,22.581049104463073,0.0,0.0,0.0
248.1172758844015,13.25441958991477,22.558954104996644,0.0,0.0,0.0
248.074519294642,13.367435463513472,22.536852512407485,0.0,0.0,0.0
248.03216730291035,13.480482542473487,22.514744328337226,0.0,0.0,0.0
247.99021946318246,13.593560799918718,22.492629554427523,0.0,0.0,0.0
247.94867533817273,13.706670212980447,22.47050819231998,0.0,0.0,0.0
247.9075344993458,13.819810762704753,22.448380243656263,0.0,0.0,0.0
247.8667965269284,13.932982433959578,22.426245710077993,0.0,0.0,0.0
247.82646100992153,14.046185215342975,22.404104593226794,0.0,0.0,0.0
247.78652754611315,14.15941909909106,22.381956894744324,0.0,0.0,0.0
247.74699574209146,14.272684080986856,22.3598026162722,0.0,0.0,0.0
247.7078652132587,14.385980160269607,22.337641759452076,0.0,0.0,0.0
247.66913558384508,14.499307339543899,22.315474325925567,0.0,0.0,0.0
247.6308064869235,14.612665624690058,22.293300317334328,0.0,0.0,0.0
247.59287756442467,14.726055024774023,22.27111973531997,0.0,0.0,0.0
247.5553484671529,14.839475551958545,22.24893258152415,0.0,0.0,0.0
247.51821885480206,14.952927221413857,22.226738857588497,0.0,0.0,0.0
247.4814883959723,15.066410051229633,22.204538565154643,0.0,0.0,0.0
247.44515676818727,15.179924062326492,22.182331705864225,0.0,0.0,0.0
247.40922365791178,15.293469278368486,22.160118281358876,0.0,0.0,0.0
247.37368876057002,15.407045725675871,22.137898293280237,0.0,0.0,0.0
247.33855178056447,15.520653433137776,22.11567174326994,0.0,0.0,0.0
247.3038124312951,15.634292432126044,22.09343863296962,0.0,0.0,0.0
247.2694704351793,15.747962756408567,22.071198964020912,0.0,0.0,0.0
247.2355255236723,15.861664442063805,22.048952738065452,0.0,0.0,0.0
247.20197743728826,15.975397527394886,22.026699956744878,0.0,0.0,0.0
247.16882592562177,16.089162052844827,22.00444062170082,0.0,0.0,0.0
247.13607074737018,16.202958060911346,21.98217473457492,0.0,0.0,0.0
247.10371167035592,16.316785596062562,21.959902297008806,0.0,0.0,0.0
247.0717484715505,16.430644704652998,21.937623310644117,0.0,0.0,0.0
247.04018093709797,16.544535434839403,21.915337777122495,0.0,0.0,0.0
247.00900886233953,16.658457836497735,21.893045698085558,0.0,0.0,0.0
246.97823205183875,16.772411961139547,21.870747075174958,0.0,0.0,0.0
246.94785031940748,16.886397861829597,21.848441910032324,0.0,0.0,0.0
246.91786348813207,17.00041559310293,21.826130204299286,0.0,0.0,0.0
246.88827139040032,17.114465210883125,21.803811959617494,0.0,0.0,0.0
246.8590738679294,17.228546772399984,21.781487177628566,0.0,0.0,0.0
246.83027077179386,17.34266033610816,21.759155859974143,0.0,0.0,0.0
246.8018619624549,17.456805961606012,21.73681800829587,0.0,0.0,0.0
246.77384730978963,17.570983709554255,21.714473624235374,0.0,0.0,0.0
246.74622669312149,17.6851936415957,21.692122709434287,0.0,0.0,0.0
246.7190000012512,17.7994358202744,21.669765265534256,0.0,0.0,0.0
246.6921671324883,17.91371030895599,21.647401294176905,0.0,0.0,0.0
246.6657279946834,18.028017171747376,21.625030797003877,0.0,0.0,0.0
246.63968250526113,18.14235647341761,21.60265377565679,0.0,0.0,0.0
246.6140305912538,18.2567282793182,21.58027023177731,0.0,0.0,0.0
246.58877218933563,18.371132655304248,21.557880167007045,0.0,0.0,0.0
246.56390724585793,18.485569667655824,21.535483582987645,0.0,0.0,0.0
246.53943571688467,18.600039382999064,21.513080481360742,0.0,0.0,0.0
246.515357568229,18.714541868228324,21.490670863767967,0.0,0.0,0.0
246.49167277549034,18.829077190427725,21.468254731850955,0.0,0.0,0.0
246.46838132409235,18.943645416793817,21.44583208725135,0.0,0.0,0.0
246.44548320932142,19.05824661455754,21.423402931610784,0.0,0.0,0.0
246.42297843636607,19.172880850907422,21.400967266570888,0.0,0.0,0.0
246.40086702035697,19.287548192912027,21.378525093773295,0.0,0.0,0.0
246.3791489864077,19.402248707443306,21.356076414859654,0.0,0.0,0.0
246.35782436965658,19.516982461100092,21.333621231471586,0.0,0.0,0.0
246.33689321530855,19.63174952013126,21.311159545250735,0.0,0.0,0.0
246.31635557867853,19.746549950359977,21.28869135783873,0.0,0.0,0.0
246.29621152523544,19.861383817107193,21.266216670877213,0.0,0.0,0.0
246.27646113064617,19.976251185116276,21.24373548600781,0.0,0.0,0.0
246.2571044808218,20.09115211847692,21.22124780487217,0.0,0.0,0.0
246.238141671963,20.20608668055016,21.198753629111913,0.0,0.0,0.0
246.21957281060756,20.321054933892707,21.176252960368686,0.0,0.0,0.0
246.2013980136779,20.436056940182016,21.15374580028412,0.0,0.0,0.0
246.1836174085295,20.551092760141564,21.131232150499848,0.0,0.0,0.0
246.1662311330006,20.66616245346571,21.108712012657513,0.0,0.0,0.0
246.14923933546208,20.78126607874555,21.08618538839874,0.0,0.0,0.0
246.1326421748685,20.89640369339403,21.06365227936517,0.0,0.0,0.0
246.11643982081003,21.011575353572187,21.04111268719844,0.0,0.0,0.0
246.10063245356503,21.1267811141145,21.018566613540177,0.0,0.0,0.0
246.0852202641534,21.2420210284554,20.996014060032035,0.0,0.0,0.0
246.0702034543911,21.357295148555032,20.973455028315623,0.0,0.0,0.0
246.05558223694513,21.472603524825693,20.950889520032597,0.0,0.0,0.0
246.0413568353895,21.58794620605844,20.928317536824583,0.0,0.0,0.0
246.02752748426244,21.70332323934922,20.90573908033322,0.0,0.0,0.0
246.01409442912367,21.818734670025954,20.88315415220014,0.0,0.0,0.0
246.00105792661313,21.93418054157488,20.860562754066983,0.0,0.0,0.0
245.98841824451068,22.049660895567857,20.83796488757538,0.0,0.0,0.0
245.97617566179628,22.165175771588864,20.81536055436697,0.0,0.0,0.0
245.9643304687109,22.280725207161538,20.792749756083385,0.0,0.0,0.0
245.95288296681917,22.396309237675894,20.77013249436626,0.0,0.0,0.0
245.94183346907224,22.51192789631582,20.747508770857234,0.0,0.0,0.0
245.93118229987127,22.627581213986332,20.724878587197935,0.0,0.0,0.0
245.92092979513288,22.743269219240897,20.70224194503001,0.0,0.0,0.0
245.91107630235447,22.85899193820891,20.67959884599508,0.0,0.0,0.0
245.90162218068096,22.9747493945232,20.656949291734797,0.0,0.0,0.0
245.89256780097244,23.090541609247605,20.634293283890788,0.0,0.0,0.0
245.8839135458726,23.20636860080452,20.611630824104683,0.0,0.0,0.0
245.87565980987821,23.322230384902632,20.588961914018125,0.0,0.0,0.0
245.86780699940945,23.43812697446448,20.56628655527275,0.0,0.0,0.0
245.8603555328814,23.554058379554334,20.54360474951018,0.0,0.0,0.0
245.8533058407761,23.670024607305752,20.520916498372063,0.0,0.0,0.0
245.84665836571585,23.786025661849475,20.498221803500034,0.0,0.0,0.0
245.8404135625377,23.902061544241125,20.475520666535722,0.0,0.0,0.0
245.83457189836804,24.018132252388998,20.45281308912077,0.0,0.0,0.0
245.82913385269947,24.134237780981834,20.430099072896805,0.0,0.0,0.0
245.8240999174674,24.250378121416578,20.407378619505476,0.0,0.0,0.0
245.8194705971283,24.366553261726132,20.384651730588406,0.0,0.0,0.0
245.815246408739,24.4827631865071,20.361918407787226,0.0,0.0,0.0
245.81142788203655,24.599007876847462,20.339178652743588,0.0,0.0,0.0
245.80801555951965,24.71528731025431,20.31643246709911,0.0,0.0,0.0
245.8050099965304,24.83160146058139,20.293679852495437,0.0,0.0,0.0
245.80241176133774,24.94795029795676,20.270920810574207,0.0,0.0,0.0
245.80022143522163,25.06433378871032,20.24815534297705,0.0,0.0,0.0
245.79843961255798,25.180751895301267,20.225383451345596,0.0,0.0,0.0
245.79706690090512,25.29720457624549,20.20260513732149,0.0,0.0,0.0
245.79610392109115,25.413691786042957,20.17982040254637,0.0,0.0,0.0
245.79555130730185,25.530213475104926,20.157029248661857,0.0,0.0,0.0
245.79540970717065,25.646769589681156,20.1342316773096,0.0,0.0,0.0
245.7956797818684,25.76336007178695,20.111427690131222,0.0,0.0,0.0
245.7963622061954,25.879984859130126,20.088617288768376,0.0,0.0,0.0
245.79745766867373,25.996643885037944,20.06580047486268,0.0,0.0,0.0
245.79896687164074,26.113337078383807,20.042977250055774,0.0,0.0,0.0
245.80089053134407,26.23006436351389,20.020147615989302,0.0,0.0,0.0
245.80322937803712,26.34682566017369,19.997311574304884,0.0,0.0,0.0
245.80598415607625,26.46362088343431,19.974469126644177,0.0,0.0,0.0
245.8091556240185,26.580449943618795,19.951620274648786,0.0,0.0,0.0
245.81274455472078,26.697312746228093,19.928765019960377,0.0,0.0,0.0
245.81675173544,26.814209191867008,19.905903364220563,0.0,0.0,0.0
245.8211779679344,26.931139176169943,19.883035309070998,0.0,0.0,0.0
245.8260240685661,27.048102589726483,19.8601608561533,0.0,0.0,0.0
245.8312908684043,27.165099318006746,19.837280007109115,0.0,0.0,0.0
245.8369792133302,27.282129241286594,19.814392763580074,0.0,0.0,0.0
245.84308996414276,27.399192234572638,19.79149912720781,0.0,0.0,0.0
245.8496239966655,27.516288167527012,19.768599099633967,0.0,0.0,0.0
245.85658220185474,27.633416904391957,19.74569268250017,0.0,0.0,0.0
245.86396548590872,27.75057830391416,19.722779877448065,0.0,0.0,0.0
245.8717747703779,27.867772219268918,19.69986068611928,0.0,0.0,0.0
245.88001099227662,27.984998497983963,19.676935110155448,0.0,0.0,0.0
245.88867510419578,28.102256981863132,19.654003151198218,0.0,0.0,0.0
245.89776807441658,28.219547506909766,19.631064810889203,0.0,0.0,0.0
245.90729088702554,28.33686990324978,19.60812009087006,0.0,0.0,0.0
245.9172445420308,28.45422399505454,19.58516899278241,0.0,0.0,0.0
245.9276300554795,28.571609600463418,19.562211518267898,0.0,0.0,0.0
245.93844845957614,28.68902653150604,19.53924766896815,0.0,0.0,0.0
245.94970080280265,28.806474594024326,19.51627744652481,0.0,0.0,0.0
245.96138815003883,28.923953587594063,19.493300852579516,0.0,0.0,0.0
245.9735115826851,29.041463305446328,19.470317888773884,0.0,0.0,0.0
245.98607219878522,29.15900353438848,19.44732855674957,0.0,0.0,0.0
245.99907111315125,29.276574054724854,19.4243328581482,0.0,0.0,0.0
246.012509457489,29.394174640177106,19.40133079461141,0.0,0.0,0.0
246.02638838052522,29.511805057804178,19.378322367780843,0.0,0.0,0.0
246.04070904813537,29.629465067921995,19.355307579298117,0.0,0.0,0.0
246.0554726434734,29.747154424022657,19.332286430804885,0.0,0.0,0.0
246.0706803671021,29.86487287269331,19.309258923942767,0.0,0.0,0.0
246.08633343712484,29.982620153534665,19.286225060353416,0.0,0.0,0.0
246.1024330893187,30.100395999079083,19.263184841678456,0.0,0.0,0.0
246.11898057726873,30.218200134708212,19.240138269559523,0.0,0.0,0.0
246.13597717250317,30.336032278570254,19.217085345638253,0.0,0.0,0.0
246.15342416463045,30.453892141496798,19.194026071556276,0.0,0.0,0.0
246.171322861477,30.571779426919168,19.170960448955245,0.0,0.0,0.0
246.1896745892262,30.68969383078439,19.147888479476777,0.0,0.0,0.0
246.20848069255885,30.8076350414706,19.12481016476252,0.0,0.0,0.0
246.22774253479508,30.925602739702136,19.10172550645409,0.0,0.0,0.0
246.2474614980366,31.04359659846393,19.078634506193143,0.0,0.0,0.0
246.26763898331114,31.161616282915656,19.05553716562131,0.0,0.0,0.0
246.2882764107178,31.279661450305127,19.03243348638022,0.0,0.0,0.0
246.30937521957318,31.397731749881416,19.009323470111507,0.0,0.0,0.0
246.33093686855938,31.515826822807234,18.98620711845682,0.0,0.0,0.0
246.35296283587314,31.633946302070946,18.96308443305778,0.0,0.0,0.0
246.37545461937555,31.75208981239793,18.939955415556025,0.0,0.0,0.0
246.39841373674383,31.87025697016146,18.916820067593196,0.0,0.0,0.0
246.42184172562386,31.988447383292964,18.893678390810923,0.0,0.0,0.0
246.44574014378406,32.10666065119165,18.87053038685084,0.0,0.0,0.0
246.4701105692703,32.22489636463375,18.847376057354598,0.0,0.0,0.0
246.49495460056238,32.3431541056809,18.824215403963812,0.0,0.0,0.0
246.52027385673134,32.461433447588085,18.801048428320122,0.0,0.0,0.0
246.54606997759817,32.57973395471089,18.777875132065173,0.0,0.0,0.0
246.57234462389377,32.69805518241211,18.75469551684059,0.0,0.0,0.0
246.59909947741994,32.816396676967784,18.731509584288013,0.0,0.0,0.0
246.62633624121153,32.93475797547242,18.708317336049078,0.0,0.0,0.0
246.65405663970006,33.05313860574375,18.685118773765417,0.0,0.0,0.0
246.68226241887825,33.17153808622657,18.66191389907867,0.0,0.0,0.0
246.71095534646557,33.28995592589611,18.638702713630465,0.0,0.0,0.0
246.74013721207538,33.408391624160544,18.615485219062446,0.0,0.0,0.0
246.76980982738303,33.5268446707628,18.592261417016243,0.0,0.0,0.0
246.79997502629467,33.645314545681686,18.569031309133493,0.0,0.0,0.0
246.83063466511808,33.763800719032275,18.54579489705583,0.0,0.0,0.0
246.86179062273354,33.88230265096545,18.522552182424892,0.0,0.0,0.0
246.89344480076693,34.00081979156673,18.499303166882306,0.0,0.0,0.0
