galstreams/tracks/track.st.C-20.ibata2024.ecsv
# %ECSV 1.0
# ---
# datatype:
# - {name: ra, unit: deg, datatype: float64}
# - {name: dec, unit: deg, datatype: float64}
# - {name: distance, unit: kpc, datatype: float64}
# - {name: pm_ra_cosdec, unit: mas / yr, datatype: float64}
# - {name: pm_dec, unit: mas / yr, datatype: float64}
# - {name: radial_velocity, unit: km / s, datatype: float64}
# delimiter: ','
# meta: !!omap
# - __serialized_columns__:
#     dec:
#       __class__: astropy.coordinates.angles.Latitude
#       unit: &id001 !astropy.units.Unit {unit: deg}
#       value: !astropy.table.SerializedColumn {name: dec}
#     distance:
#       __class__: astropy.coordinates.distances.Distance
#       unit: !astropy.units.Unit {unit: kpc}
#       value: !astropy.table.SerializedColumn {name: distance}
#     pm_dec:
#       __class__: astropy.units.quantity.Quantity
#       unit: !astropy.units.Unit {unit: mas / yr}
#       value: !astropy.table.SerializedColumn {name: pm_dec}
#     pm_ra_cosdec:
#       __class__: astropy.units.quantity.Quantity
#       unit: !astropy.units.Unit {unit: mas / yr}
#       value: !astropy.table.SerializedColumn {name: pm_ra_cosdec}
#     ra:
#       __class__: astropy.coordinates.angles.Longitude
#       unit: *id001
#       value: !astropy.table.SerializedColumn {name: ra}
#       wrap_angle: !astropy.coordinates.Angle
#         unit: *id001
#         value: 360.0
#     radial_velocity:
#       __class__: astropy.units.quantity.Quantity
#       unit: !astropy.units.Unit {unit: km / s}
#       value: !astropy.table.SerializedColumn {name: radial_velocity}
# schema: astropy-2.0
ra,dec,distance,pm_ra_cosdec,pm_dec,radial_velocity
[from data line 141]
353.97543216735465,17.665429829033062,0.9999999999999991,-1.1751688930361481,1.8175920784248847,-39.3234164187016
353.9809810887292,17.656931655965757,0.999999999999999,-1.174360515168407,1.817298874850938,-39.59464867338788
353.9865304216057,17.648433917705475,0.9999999999999992,-1.1735527310193423,1.817005306766768,-39.865283112429466
353.9920801645704,17.63993661323158,0.9999999999999992,-1.1727455405581244,1.816711374859679,-40.135320362554346
353.9976303162096,17.631439741523636,0.9999999999999994,-1.1719389437537684,1.8164170798169883,-40.40476105049051
354.0031808751102,17.622943301561282,0.9999999999999993,-1.1711329405751363,1.8161224223260277,-40.67360580296596
354.00873183985874,17.61444729232458,0.9999999999999993,-1.1703275309909722,1.8158274030741446,-40.941855246708734
354.0142832090424,17.605951712793622,0.9999999999999992,-1.1695227149698637,1.815532022748703,-41.20951000844677
354.01983498124827,17.59745656194885,0.9999999999999991,-1.1687184924802458,1.8152362820370804,-41.47657071490813
354.02538715506375,17.588961838770928,0.9999999999999994,-1.1679148634904237,1.8149401816266657,-41.74303799282077
354.0309397290765,17.580467542240612,0.9999999999999993,-1.1671118279685588,1.8146437222048712,-42.008912468912705
354.0364927018741,17.571973671339055,0.9999999999999993,-1.1663093858826767,1.8143469044591147,-42.27419476991192
354.0420460720447,17.563480225047446,0.9999999999999992,-1.1655075372006398,1.8140497290768334,-42.53888552254646
354.04759983817627,17.554987202347323,0.9999999999999994,-1.164706281890181,1.813752196745476,-42.80298535354428
354.05315399885717,17.54649460222046,0.9999999999999992,-1.1639056199188984,1.813454308152508,-43.066494889633404
354.05870855267585,17.538002423648706,0.9999999999999992,-1.1631055512542403,1.8131560639854056,-43.32941475754182
354.0642634982211,17.5295106656143,0.9999999999999993,-1.1623060758635018,1.8128574649316604,-43.59174558399755
354.0698188340818,17.52101932709953,0.9999999999999993,-1.1615071937138504,1.8125585116787768,-43.85348799572855
354.0753745588469,17.512528407087046,0.9999999999999992,-1.1607089047723194,1.8122592049142732,-44.11464261946281
354.08093067110553,17.50403790455969,0.9999999999999992,-1.1599112090057808,1.811959545325682,-44.375210081928415
354.0864871694475,17.495547818500416,0.9999999999999993,-1.1591141063809574,1.8116595336005457,-44.63519100985332
354.09204405246203,17.48705814789257,0.9999999999999992,-1.1583175968644692,1.8113591704264245,-44.89458602996552
354.09760131873907,17.478568891719515,0.9999999999999992,-1.157521680422758,1.811058456490888,-45.15339576899298
354.10315896686865,17.470080048964988,0.9999999999999993,-1.1567263570221313,1.8107573924815186,-45.41162085366377
354.10871699544083,17.461591618612946,0.9999999999999993,-1.1559316266287696,1.8104559790859136,-45.66926191070583
354.114275403046,17.45310359964741,0.9999999999999992,-1.155137489208697,1.8101542169916804,-45.9263195668472
354.1198341882746,17.44461599105282,0.9999999999999992,-1.1543439447278057,1.809852106886438,-46.182794448815855
354.1253933497175,17.43612879181364,0.9999999999999994,-1.1535509931518304,1.809549649457821,-46.43868718333981
354.1309528859654,17.42764200091469,0.9999999999999994,-1.152758634446388,1.8092468453934742,-46.69399839714706
354.1365127956096,17.41915561734101,0.9999999999999994,-1.1519668685769235,1.8089436953810525,-46.948728716965576
354.14207307724115,17.410669640077717,0.9999999999999993,-1.15117569550878,1.8086402001082265,-47.20287876952344
354.14763372945157,17.402184068110326,0.9999999999999993,-1.150385115207124,1.808336360262674,-47.45644918154854
354.1531947508324,17.393698900424393,0.9999999999999993,-1.1495951276369996,1.8080321765320864,-47.70944057976898
354.15875613997565,17.385214136005825,0.9999999999999994,-1.1488057327632974,1.8077276496041657,-47.96185359091268
354.16431789547295,17.37672977384074,0.9999999999999992,-1.1480169305507923,1.8074227801666296,-48.2136888417077
354.16988001591676,17.368245812915344,0.9999999999999991,-1.1472287209640815,1.8071175689071992,-48.46494695888201
354.1754424998993,17.35976225221623,0.9999999999999993,-1.146441103967643,1.8068120165136088,-48.715628569163606
354.181005346013,17.351279090730042,0.9999999999999991,-1.1456540795258225,1.8065061236736097,-48.96573429928051
354.18656855285076,17.342796327443757,0.9999999999999994,-1.1448676476028026,1.8061998910749526,-49.215264775960705
354.1921321190053,17.334313961344595,0.9999999999999992,-1.144081808162632,1.805893319405411,-49.4642206259322
354.1976960430697,17.32583199141982,0.9999999999999994,-1.143296561169238,1.805586409352761,-49.71260247592293
354.2032603236372,17.317350416657135,0.9999999999999994,-1.1425119065863825,1.8052791616047914,-49.96041095266103
354.20882495930124,17.30886923604423,0.9999999999999993,-1.1417278443776926,1.8049715768492982,-50.207646682874376
354.2143899486553,17.300388448569187,0.9999999999999993,-1.1409443745066743,1.8046636557740914,-50.45431029329106
354.2199552902933,17.291908053220276,0.9999999999999993,-1.140161496936657,1.8043553990669872,-50.70040241063897
354.2255209828091,17.283428048985858,0.9999999999999996,-1.1393792116308625,1.8040468074158125,-50.94592366164625
354.2310870247968,17.2749484348547,0.9999999999999992,-1.1385975185523551,1.8037378815084089,-51.19087467304078
354.2366534148508,17.26646920981558,0.9999999999999994,-1.1378164176640642,1.803428622032619,-51.43525607155063
354.24222015156545,17.257990372857638,0.9999999999999993,-1.1370359089287883,1.8031190296762987,-51.67906848390373
354.24778723353546,17.249511922970232,0.9999999999999994,-1.1362559923091706,1.8028091051273134,-51.922312536828166
354.25335465935564,17.241033859142807,0.9999999999999992,-1.1354766677677153,1.802498849073538,-52.164988857051874
354.25892242762103,17.232556180365172,0.9999999999999994,-1.1346979352667887,1.8021882622028542,-52.40709807130289
354.26449053692676,17.224078885627204,0.9999999999999994,-1.1339197947686348,1.8018773452031536,-52.648640806309174
354.27005898586816,17.2156019739191,0.9999999999999994,-1.1331422462353353,1.8015660987623352,-52.88961768879876
354.2756277730408,17.2071254442313,0.9999999999999996,-1.1323652896288352,1.8012545235683077,-53.13002934549967
354.28119689704045,17.198649295554297,0.9999999999999994,-1.131588924910954,1.80094262030899,-53.369876403139834
354.28676635646286,17.190173526878997,0.9999999999999994,-1.1308131520433498,1.800630389672304,-53.6091594884473
354.2923361499042,17.18169813719632,0.9999999999999994,-1.1300379709875608,1.800317832346184,-53.847879228150056
354.2979062759606,17.173223125497557,0.9999999999999994,-1.1292633817049829,1.8000049490185717,-54.0860362489761
354.3034767332285,17.164748490774194,0.9999999999999993,-1.1284893841568628,1.7996917403774138,-54.32363117765347
354.3090475203045,17.1562742320178,0.9999999999999994,-1.1277159783043151,1.799378207110665,-54.56066464091011
354.3146186357852,17.147800348220343,0.9999999999999994,-1.126943164108312,1.7990643499062933,-54.797137265474056
354.3201900782678,17.139326838373815,0.9999999999999994,-1.1261709415296866,1.7987501694522683,-55.03304967807328
354.3257618463491,17.130853701470556,0.9999999999999993,-1.1253993105291458,1.7984356664365664,-55.26840250543579
354.3313339386265,17.122380936503134,0.9999999999999992,-1.124628271067234,1.7981208415471757,-55.50319637428963
354.3369063536975,17.113908542464173,0.9999999999999993,-1.123857823104367,1.7978056954720854,-55.73743191136273
354.34247909015954,17.105436518346693,0.9999999999999994,-1.1230879666008335,1.7974902288992969,-55.97110974338311
354.3480521466106,17.09696486314376,0.9999999999999994,-1.1223187015167584,1.7971744425168152,-56.2042304970788
354.3536255216485,17.088493575848773,0.9999999999999994,-1.1215500278121666,1.7968583370126532,-56.4367947991778
354.3591992138713,17.080022655455355,0.9999999999999996,-1.1207819454469041,1.7965419130748272,-56.66880327640807
354.36477322187744,17.071552100957188,0.9999999999999993,-1.1200144543806951,1.7962251713913688,-56.90025655549764
354.37034754426526,17.063081911348366,0.9999999999999994,-1.1192475545731284,1.7959081126503027,-57.131155263174485
354.37592217963356,17.054612085623,0.9999999999999993,-1.1184812459836477,1.795590737539671,-57.36150002616666
354.381497126581,17.046142622775545,0.9999999999999994,-1.1177155285715714,1.7952730467475144,-57.591291471202105
354.3870723837065,17.037673521800684,0.9999999999999993,-1.1169504022960615,1.7949550409618824,-57.82053022500883
354.39264794960934,17.02920478169316,0.9999999999999994,-1.1161858671161553,1.7946367208708305,-58.04921691431484
354.3982238228888,17.02073640144811,0.9999999999999994,-1.1154219229907405,1.7943180871624187,-58.27735216584819
354.40380000214435,17.0122683800607,0.9999999999999994,-1.1146585698785731,1.7939991405247104,-58.50493660633679
354.40937648597566,17.003800716526456,0.9999999999999993,-1.1138958077382781,1.7936798816457808,-58.731970862508696
354.4149532729825,16.99533340984109,0.9999999999999994,-1.113133636528323,1.7933603112137035,-58.958455561091895
354.42053036176486,16.98686645900041,0.9999999999999994,-1.1123720562070731,1.7930404299165585,-59.18439132881437
354.4261077509229,16.9783998630006,0.9999999999999994,-1.111611066732709,1.7927202384424334,-59.40977879240417
354.43168543905693,16.96993362083789,0.9999999999999994,-1.1108506680633161,1.7923997374794214,-59.63461857858927
354.43726342476754,16.961467731508833,0.9999999999999993,-1.110090860156813,1.7920789277156108,-59.8589113140976
354.44284170665526,16.95300219401021,0.9999999999999993,-1.109331642970984,1.791757809839107,-60.08265762565725
354.44842028332096,16.944537007338866,0.9999999999999996,-1.1085730164635115,1.7914363845380117,-60.305858139996204
354.45399915336566,16.936072170492043,0.9999999999999996,-1.1078149805918829,1.7911146525004353,-60.52851348384246
354.45957831539044,16.927607682466995,0.9999999999999996,-1.1070575353134884,1.7907926144144872,-60.75062428392397
354.46515776799674,16.91914354226134,0.9999999999999997,-1.106300680585576,1.7904702709682863,-60.97219116696878
354.4707375097859,16.910679748872916,0.9999999999999996,-1.1055444163652477,1.7901476228499529,-61.1932147597049
354.4763175393597,16.902216301299582,0.9999999999999996,-1.1047887426094691,1.7898246707476089,-61.4136956888603
354.48189785531986,16.893753198539642,0.9999999999999997,-1.1040336592750664,1.7895014153493822,-61.633634581162994
354.4874784562685,16.885290439591397,0.9999999999999994,-1.1032791663187507,1.7891778573434067,-61.85303206334098
354.49305934080763,16.876828023453506,0.9999999999999994,-1.1025252636970622,1.7888539974178126,-62.071888762122256
354.49864050753956,16.868365949124822,0.9999999999999996,-1.101771951366434,1.7885298362607402,-62.29020530423484
354.50422195506695,16.85990421560428,0.9999999999999994,-1.1010192292831373,1.7882053745603286,-62.507982316406704
354.50980368199225,16.851442821891208,0.9999999999999996,-1.1002670974033295,1.7878806130047216,-62.72522042536584
354.5153856869183,16.84298176698495,0.9999999999999994,-1.0995155556830272,1.7875555522820679,-62.94192025784027
354.5209679684482,16.8345210498852,0.9999999999999994,-1.0987646040780894,1.7872301930805126,-63.158082440558
354.5265505251849,16.82606066959185,0.9999999999999994,-1.0980142425442556,1.7869045360882088,-63.373707600247045
354.53213335573184,16.81760062510488,0.9999999999999996,-1.0972644710371398,1.7865785819933104,-63.58879636363535
354.5377164586924,16.809140915424642,0.9999999999999994,-1.0965152895122063,1.7862523314839733,-63.80334935745095
354.5432998326702,16.80068153955152,0.9999999999999996,-1.0957666979247782,1.785925785248358,-64.01736720842187
354.5488834762691,16.792222496486243,0.9999999999999996,-1.095018696230046,1.7855989439746245,-64.23085054327605
354.5544673880929,16.78376378522975,0.9999999999999993,-1.09427128438308,1.785271808350934,-64.44379998874152
354.56005156674587,16.775305404783026,0.9999999999999994,-1.09352446233879,1.7849443790654522,-64.6562161715463
354.5656360108322,16.76684735414748,0.9999999999999996,-1.0927782300519702,1.784616656806342,-64.8680997184183
354.57122071895634,16.758389632324516,0.9999999999999997,-1.0920325874772518,1.7842886422617767,-65.0794512560857
354.57680568972285,16.7499322383159,0.9999999999999996,-1.091287534569182,1.7839603361199194,-65.29027141127635
354.5823909217366,16.741475171123593,0.9999999999999994,-1.0905430712821007,1.7836317390689436,-65.50056081071827
354.5879764136023,16.73301842974962,0.9999999999999996,-1.0897991975702868,1.78330285179702,-65.71032008113949
354.5935621639251,16.72456201319641,0.9999999999999996,-1.0890559133878301,1.7829736749923222,-65.91954984926798
354.5991481713104,16.716105920466408,0.9999999999999996,-1.0883132186887061,1.7826442093430228,-66.12825074183179
354.60473443436337,16.707650150562387,0.9999999999999996,-1.0875711134267558,1.782314455537295,-66.33642338555889
354.61032095168974,16.69919470248735,0.9999999999999994,-1.0868295975556663,1.781984414263317,-66.54406840717725
354.6159077218951,16.690739575244347,0.9999999999999994,-1.086088671029023,1.781654086209262,-66.75118643341492
354.6214947435853,16.682284767836826,0.9999999999999996,-1.0853483338002614,1.7813234720633049,-66.95777809099991
354.6270820153665,16.67383027926825,0.9999999999999994,-1.084608585822651,1.7809925725136235,-67.16384400666014
354.63266953584474,16.66537610854243,0.9999999999999996,-1.0838694270493936,1.7806613882483955,-67.36938480712368
354.6382573036265,16.656922254663378,0.9999999999999994,-1.083130857433482,1.780329919955797,-67.5744011191185
354.64384531731827,16.648468716635172,0.9999999999999996,-1.0823928769278226,1.7799981683240036,-67.77889356937264
354.64943357552664,16.640015493462283,0.9999999999999994,-1.081655485485172,1.7796661340411921,-67.98286278461403
354.65502207685853,16.63156258414919,0.9999999999999994,-1.0809186830581596,1.7793338177955373,-68.18630939157075
354.6606108199208,16.623109987700726,0.9999999999999994,-1.0801824695992817,1.779001220275219,-68.38923401697072
354.66619980332064,16.61465770312192,0.9999999999999994,-1.0794468450608765,1.778668342168407,-68.591637287542
354.6717890256654,16.606205729417876,0.9999999999999994,-1.0787118093951613,1.7783351841632826,-68.79351983001258
354.6773784855624,16.597754065594067,0.9999999999999994,-1.0779773625542504,1.7780017469480116,-68.99488227111043
354.6829681816194,16.589302710656,0.9999999999999994,-1.0772435044900694,1.7776680312107724,-69.19572523756356
354.68855811244407,16.580851663609522,0.9999999999999997,-1.076510235154449,1.7773340376397369,-69.39604935610002
354.69414827664434,16.57240092346067,0.9999999999999998,-1.0757775544990749,1.7769997669230713,-69.59585525344774
354.6997386728283,16.563950489215568,0.9999999999999997,-1.0750454624754986,1.776665219748951,-69.79514355633475
354.7053292996041,16.55550035988069,0.9999999999999994,-1.0743139590351316,1.776330396805537,-69.99391489148904
354.7109201555803,16.547050534462578,0.9999999999999997,-1.073583044129258,1.7759952987810044,-70.19216988563863
354.71651123936533,16.538601011968066,0.9999999999999997,-1.072852717709032,1.7756599263635113,-70.3899091655115
354.72210254956786,16.53015179140422,0.9999999999999997,-1.0721229797254619,1.7753242802412244,-70.58713335783568
354.7276940847968,16.52170287177816,0.9999999999999996,-1.071393830129446,1.774988361102304,-70.78384308933916
354.7332858436611,16.51325425209739,0.9999999999999996,-1.070665268871718,1.7746521696349062,-70.98003898674989
354.73887782477,16.50480593136943,0.9999999999999996,-1.0699372959029119,1.774315706527195,-71.17572167679593
354.7444700267327,16.496357908602143,0.9999999999999998,-1.0692099111734903,1.7739789724673214,-71.37089178620529
354.75006244815876,16.4879101828036,0.9999999999999996,-1.0684831146338232,1.7736419681434374,-71.5655499417059
