galstreams/tracks/track.st.Jhelum.ibata2020.ecsv
# %ECSV 0.9
# ---
# datatype:
# - {name: ra, unit: deg, datatype: float64}
# - {name: dec, unit: deg, datatype: float64}
# - {name: distance, unit: kpc, datatype: float64}
# - {name: pm_ra_cosdec, unit: mas / yr, datatype: float64}
# - {name: pm_dec, unit: mas / yr, datatype: float64}
# - {name: radial_velocity, unit: km / s, datatype: float64}
# delimiter: ','
# meta: !!omap
# - __serialized_columns__:
#     dec:
#       __class__: astropy.coordinates.angles.Latitude
#       unit: &id001 !astropy.units.Unit {unit: deg}
#       value: !astropy.table.SerializedColumn {name: dec}
#     distance:
#       __class__: astropy.coordinates.distances.Distance
#       unit: !astropy.units.Unit {unit: kpc}
#       value: !astropy.table.SerializedColumn {name: distance}
#     pm_dec:
#       __class__: astropy.units.quantity.Quantity
#       unit: !astropy.units.Unit {unit: mas / yr}
#       value: !astropy.table.SerializedColumn {name: pm_dec}
#     pm_ra_cosdec:
#       __class__: astropy.units.quantity.Quantity
#       unit: !astropy.units.Unit {unit: mas / yr}
#       value: !astropy.table.SerializedColumn {name: pm_ra_cosdec}
#     ra:
#       __class__: astropy.coordinates.angles.Longitude
#       unit: *id001
#       value: !astropy.table.SerializedColumn {name: ra}
#       wrap_angle: !astropy.coordinates.Angle
#         unit: *id001
#         value: 360.0
#     radial_velocity:
#       __class__: astropy.units.quantity.Quantity
#       unit: !astropy.units.Unit {unit: km / s}
#       value: !astropy.table.SerializedColumn {name: radial_velocity}
# schema: astropy-2.0
ra,dec,distance,pm_ra_cosdec,pm_dec,radial_velocity
[from data line 139]
339.8700524672188,-51.02570514163871,10.808257151783453,6.257643554431226,-5.625287857972964,-1.6841534259744676e-14
339.65201044811863,-51.00162627778835,10.818489033892043,6.23768792606776,-5.639567640699882,-1.347322740779574e-13
339.4342268756234,-50.977016466211616,10.828664885131573,6.217792541647909,-5.653695531982743,-1.6841534259744677e-13
339.2167072503436,-50.951874932259095,10.83878028963093,6.197961708539448,-5.6676721242130155,-2.020984111169361e-13
338.9994570635677,-50.92620092145506,10.848830831519003,6.178199726142099,-5.6814980551326775,-6.73661370389787e-14
338.78248179636034,-50.899993699451244,10.858812094924657,6.158510885421163,-5.695174007628104,-1.347322740779574e-13
338.56578691866633,-50.87325255197618,10.868719663976792,6.138899468445532,-5.708700709513684,-1.6841534259744677e-13
338.34937788842,-50.84597678478005,10.87854912280429,6.119369747930203,-5.7220789333054025,-6.73661370389787e-14
338.133260150661,-50.81816572357515,10.888296055536026,6.0999259867835685,-5.735309495984389,-5.0524602779234026e-14
337.91743913665607,-50.78981871397211,10.897956046300894,6.080572437659645,-5.748393258750573,-1.6841534259744676e-14
337.70192026302783,-50.760935121411634,10.90752467922777,6.061313342515412,-5.761331126766597,-1.347322740779574e-13
337.48670893089025,-50.73151433109207,10.91699753844554,6.042152932173517,-5.774124048892047,-1.6841534259744677e-13
337.27181052499185,-50.70155574789262,10.926370208083087,6.023095425890459,-5.786773017408214,-6.73661370389787e-14
337.0572304128663,-50.67105879629239,10.935638272269298,6.004145030930476,-5.7992790677334485,-1.8525687685719145e-13
336.8429739439915,-50.640022920285304,10.944797315133053,5.9853059421453265,-5.8116432781292415,-1.6841534259744676e-14
336.6290464489561,-50.60844758329069,10.953842920803233,5.966582341560066,-5.8238667693972985,-6.73661370389787e-14
336.41545323863545,-50.57633226806004,10.962770673408727,5.94797839796509,-5.835950704567566,-3.368306851948935e-14
336.2021996033763,-50.54367647657944,10.97157615707842,5.9294982665145195,-5.847896288577532,-1.347322740779574e-13
335.9892908121904,-50.51047972996821,10.980254955941188,5.911146088331182,-5.859704767942887,-1.1789073981821273e-13
335.77673211195787,-50.47674156837344,10.988802654125921,5.892925990118174,-5.871377430419695,-8.420767129872338e-14
335.56452872664,-50.44246155086071,10.997214835761502,5.874842083777402,-5.882915604658299,-8.420767129872338e-14
335.3526858565028,-50.40763925530088,11.005487084976812,5.8568984660350445,-5.894320659849079,-6.73661370389787e-14
335.14120867734994,-50.37227427825309,11.013614985900736,5.839099218074124,-5.905594005360273,-1.515738083377021e-13
334.9301023397671,-50.33636623484405,11.021594122662156,5.821448405174417,-5.916737090368034,-1.6841534259744677e-13
334.71937196837644,-50.2999147586436,11.02942007938996,5.803950076359688,-5.9277514034789185,-1.347322740779574e-13
334.5090226611026,-50.26291950153662,11.037088440213026,5.786608264052488,-5.938638472344962,-6.73661370389787e-14
334.2990594884498,-50.22538013359138,11.044594789260241,5.769426983736583,-5.949399863271584,-1.347322740779574e-13
334.0894874927905,-50.187296342924334,11.051934710660488,5.752410233627131,-5.960037180818468,-1.6841534259744677e-13
333.88031168766577,-50.14866783556153,11.05910378854265,5.735561994348727,-5.970552067393656,-1.0104920555846805e-13
333.67153705709745,-50.109494335296546,11.066097607035612,5.718886228621394,-5.980946202841043,-1.6841534259744677e-13
333.46316855491324,-50.06977558354512,11.072911750268254,5.702386880954702,-5.9912213040214555,-1.0104920555846805e-13
333.2552111040828,-50.029511339196524,11.079541802369464,5.686067877349915,-6.001379124387569,-6.73661370389787e-14
333.0476695960676,-49.98870137846173,11.085983347468126,5.669933125010515,-6.011421453552835,-3.368306851948935e-14
332.84054889018296,-49.94734549471842,11.092231969693117,5.653986512060945,-6.02135011685464,-3.368306851948935e-14
332.63385381297303,-49.90544349835299,11.098283253173328,5.638231907273779,-6.03116697491191,-3.368306851948935e-14
332.4275891575989,-49.862995216599444,11.10413278203764,5.622673159805382,-6.040873923177392,-3.368306851948935e-14
332.2217596832397,-49.82000049337554,11.109776140414933,5.607314098940008,-6.050472891484803,-1.347322740779574e-13
332.01637011450754,-49.77645918911587,11.115208912434102,5.5921585338425865,-6.059965843591077,-1.6841534259744677e-13
331.81142514087526,-49.73237118060233,11.120426682224016,5.5772102533200325,-6.069354776713968,-1.6841534259744677e-13
331.6069294161184,-49.687736360791774,11.125425033913565,5.562473025591308,-6.0786417210651384,-6.73661370389787e-14
331.4028875577707,-49.64255463864111,11.130199551631636,5.547950598066147,-6.087828739379063,-3.368306851948935e-14
331.19930414659336,-49.59682593892973,11.134745819507105,5.533646697132562,-6.096917926437897,-6.73661370389787e-14
330.9961837260583,-49.5505502020796,11.139059421668865,5.519565027953083,-6.105911408592561,-1.347322740779574e-13
330.7935308018458,-49.50372738397277,11.143135942245792,5.505709274269838,-6.1148113432802615,0.0
330.59134984135557,-49.4563574557667,11.146970965366773,5.492083098218396,-6.123619918538688,-6.73661370389787e-14
330.3896452732328,-49.40844040370718,11.150560075160689,5.47869014015048,-6.132339352517079,-3.368306851948935e-14
330.1884214869081,-49.35997622893923,11.153898855756427,5.46553401846543,-6.140971892984391,-6.73661370389787e-14
329.9876828321519,-49.310964947315746,11.156982891282865,5.452618329450592,-6.149519816834852,-1.347322740779574e-13
329.7874336186431,-49.26140658920422,11.159807765868894,5.43994664713043,-6.157985429591008,-1.0104920555846805e-13
329.58767811555236,-49.211301199291434,11.162369063643393,5.427522523124486,-6.1663710649046095,-6.73661370389787e-14
329.3884205511401,-49.16064883638634,11.16466236873525,5.415349486514133,-6.174679084055473,-6.73661370389787e-14
329.18966511236823,-49.109449573221134,11.166683265273345,5.403431043718058,-6.182911875448573,-1.6841534259744677e-13
328.99141594452755,-49.05770349625058,11.168427337386557,5.391770678376535,-6.191071854109598,-1.0104920555846805e-13
328.79367715087864,-49.005410705449755,11.169890169203775,5.38037185124433,-6.199161461179168,-6.73661370389787e-14
328.59645279230773,-48.95257131411017,11.17106734485389,5.369238000092313,-6.207183163405928,-1.347322740779574e-13
328.3997468869979,-48.89918544863446,11.17195444846577,5.358372539617716,-6.215139452638757,-1.347322740779574e-13
328.20356341011313,-48.845253248329705,11.172547064168311,5.347778861362881,-6.223032845318302,-1.0104920555846805e-13
328.0079062934986,-48.79077486519929,11.172840776090391,5.337460333642614,-6.230865881968024,0.0
327.8127794253943,-48.73575046373368,11.172831168360892,5.3274203014799255,-6.238641126685009,-2.020984111169361e-13
327.61818665016403,-48.680180220699974,11.172513825108702,5.317662086550239,-6.246361166630702,-1.6841534259744677e-13
327.424131768038,-48.624064324930316,11.171884330462705,5.308188987133846,-6.254028611521853,-1.0104920555846805e-13
