galstreams/tracks/track.po.Scamander.grillmair2017.ecsv
# %ECSV 0.9
# ---
# datatype:
# - {name: ra, unit: deg, datatype: float64}
# - {name: dec, unit: deg, datatype: float64}
# - {name: distance, unit: kpc, datatype: float64}
# - {name: pm_ra_cosdec, unit: mas / yr, datatype: float64}
# - {name: pm_dec, unit: mas / yr, datatype: float64}
# - {name: radial_velocity, unit: km / s, datatype: float64}
# delimiter: ','
# meta: !!omap
# - __serialized_columns__:
#     dec:
#       __class__: astropy.coordinates.angles.Latitude
#       unit: &id001 !astropy.units.Unit {unit: deg}
#       value: !astropy.table.SerializedColumn {name: dec}
#     distance:
#       __class__: astropy.coordinates.distances.Distance
#       unit: !astropy.units.Unit {unit: kpc}
#       value: !astropy.table.SerializedColumn {name: distance}
#     pm_dec:
#       __class__: astropy.units.quantity.Quantity
#       unit: !astropy.units.Unit {unit: mas / yr}
#       value: !astropy.table.SerializedColumn {name: pm_dec}
#     pm_ra_cosdec:
#       __class__: astropy.units.quantity.Quantity
#       unit: !astropy.units.Unit {unit: mas / yr}
#       value: !astropy.table.SerializedColumn {name: pm_ra_cosdec}
#     ra:
#       __class__: astropy.coordinates.angles.Longitude
#       unit: *id001
#       value: !astropy.table.SerializedColumn {name: ra}
#       wrap_angle: !astropy.coordinates.Angle
#         unit: *id001
#         value: 360.0
#     radial_velocity:
#       __class__: astropy.units.quantity.Quantity
#       unit: !astropy.units.Unit {unit: km / s}
#       value: !astropy.table.SerializedColumn {name: radial_velocity}
# schema: astropy-2.0
ra,dec,distance,pm_ra_cosdec,pm_dec,radial_velocity
[from data line 5048]
145.9935006710565,29.739372469920337,20.99999999999999,0.0,0.0,0.0
145.99212705648165,29.74930264095346,20.999999999999993,0.0,0.0,0.0
145.99075316975487,29.75923279779674,20.999999999999986,0.0,0.0,0.0
145.98937901071307,29.769162940441664,20.99999999999999,0.0,0.0,0.0
145.9880045791931,29.779093068879703,20.99999999999999,0.0,0.0,0.0
145.98662987503172,29.789023183102323,20.999999999999993,0.0,0.0,0.0
145.9852548980656,29.798953283100985,20.999999999999993,0.0,0.0,0.0
145.9838796481312,29.808883368867157,20.99999999999999,0.0,0.0,0.0
145.98250412506505,29.81881344039229,20.99999999999999,0.0,0.0,0.0
145.9811283287035,29.828743497667816,20.99999999999999,0.0,0.0,0.0
145.9797522588828,29.838673540685196,20.99999999999999,0.0,0.0,0.0
145.97837591543913,29.848603569435834,20.999999999999993,0.0,0.0,0.0
145.9769992982085,29.858533583911214,20.99999999999999,0.0,0.0,0.0
145.97562240702698,29.86846358410272,20.99999999999999,0.0,0.0,0.0
145.97424524173033,29.87839357000179,20.99999999999999,0.0,0.0,0.0
145.9728678021544,29.88832354159984,20.99999999999999,0.0,0.0,0.0
145.97149008813483,29.89825349888827,20.999999999999993,0.0,0.0,0.0
145.97011209950722,29.908183441858515,20.999999999999993,0.0,0.0,0.0
145.96873383610705,29.918113370501953,20.999999999999993,0.0,0.0,0.0
145.96735529776967,29.928043284809988,20.99999999999999,0.0,0.0,0.0
145.96597648433038,29.937973184773995,20.99999999999999,0.0,0.0,0.0
145.9645973956244,29.94790307038538,20.999999999999993,0.0,0.0,0.0
145.96321803148678,29.95783294163552,20.99999999999999,0.0,0.0,0.0
145.96183839175256,29.967762798515768,20.999999999999993,0.0,0.0,0.0
145.96045847625655,29.977692641017534,20.999999999999993,0.0,0.0,0.0
145.9590782848336,29.987622469132155,20.999999999999993,0.0,0.0,0.0
145.9576978173184,29.997552282851007,20.99999999999999,0.0,0.0,0.0
145.95631707354556,30.00748208216542,20.999999999999993,0.0,0.0,0.0
145.95493605334957,30.017411867066777,20.999999999999993,0.0,0.0,0.0
145.95355475656478,30.0273416375464,20.999999999999993,0.0,0.0,0.0
145.95217318302556,30.037271393595628,20.999999999999993,0.0,0.0,0.0
145.95079133256607,30.047201135205796,20.999999999999993,0.0,0.0,0.0
145.94940920502046,30.057130862368258,20.99999999999999,0.0,0.0,0.0
145.9480268002227,30.067060575074294,20.99999999999999,0.0,0.0,0.0
145.94664411800667,30.076990273315253,20.99999999999999,0.0,0.0,0.0
145.9452611582062,30.08691995708245,20.99999999999999,0.0,0.0,0.0
145.94387792065504,30.096849626367174,20.999999999999993,0.0,0.0,0.0
145.94249440518672,30.106779281160737,20.99999999999999,0.0,0.0,0.0
145.9411106116348,30.11670892145444,20.99999999999999,0.0,0.0,0.0
145.9397265398327,30.126638547239576,20.999999999999993,0.0,0.0,0.0
145.93834218961368,30.13656815850742,20.999999999999993,0.0,0.0,0.0
145.93695756081095,30.14649775524928,20.99999999999999,0.0,0.0,0.0
145.93557265325768,30.156427337456396,20.99999999999999,0.0,0.0,0.0
145.9341874667868,30.166356905120068,20.999999999999993,0.0,0.0,0.0
145.93280200123127,30.176286458231548,20.999999999999993,0.0,0.0,0.0
145.93141625642392,30.186215996782103,20.99999999999999,0.0,0.0,0.0
145.9300302321974,30.19614552076299,20.999999999999993,0.0,0.0,0.0
145.92864392838436,30.206075030165454,20.99999999999999,0.0,0.0,0.0
145.92725734481726,30.216004524980757,20.999999999999993,0.0,0.0,0.0
145.9258704813286,30.225934005200106,20.999999999999993,0.0,0.0,0.0
145.9244833377506,30.235863470814767,20.999999999999993,0.0,0.0,0.0
145.9230959139155,30.245792921815944,20.999999999999993,0.0,0.0,0.0
145.92170820965538,30.25572235819488,20.999999999999996,0.0,0.0,0.0
145.92032022480228,30.26565177994278,20.999999999999996,0.0,0.0,0.0
145.91893195918814,30.275581187050875,20.99999999999999,0.0,0.0,0.0
145.9175434126447,30.285510579510362,20.999999999999993,0.0,0.0,0.0
145.91615458500365,30.295439957312443,20.999999999999996,0.0,0.0,0.0
145.91476547609668,30.30536932044832,20.999999999999993,0.0,0.0,0.0
145.91337608575517,30.315298668909172,20.999999999999993,0.0,0.0,0.0
145.9119864138106,30.325228002686202,20.999999999999993,0.0,0.0,0.0
145.91059646009427,30.335157321770584,20.999999999999993,0.0,0.0,0.0
145.90920622443736,30.345086626153496,20.999999999999996,0.0,0.0,0.0
145.907815706671,30.35501591582611,20.999999999999993,0.0,0.0,0.0
145.90642490662609,30.364945190779586,20.999999999999996,0.0,0.0,0.0
145.9050338241336,30.374874451005102,20.999999999999993,0.0,0.0,0.0
145.90364245902427,30.384803696493783,20.999999999999993,0.0,0.0,0.0
145.90225081112885,30.394732927236802,20.999999999999993,0.0,0.0,0.0
145.9008588802779,30.40466214322529,20.999999999999993,0.0,0.0,0.0
145.89946666630186,30.414591344450397,20.999999999999993,0.0,0.0,0.0
145.89807416903116,30.42452053090325,20.999999999999996,0.0,0.0,0.0
145.89668138829606,30.434449702574987,20.999999999999993,0.0,0.0,0.0
145.89528832392676,30.44437885945671,20.999999999999993,0.0,0.0,0.0
145.89389497575334,30.45430800153954,20.999999999999993,0.0,0.0,0.0
145.89250134360572,30.464237128814613,20.999999999999993,0.0,0.0,0.0
145.89110742731384,30.474166241273007,20.999999999999993,0.0,0.0,0.0
145.8897132267074,30.484095338905846,20.999999999999993,0.0,0.0,0.0
145.8883187416161,30.4940244217042,20.999999999999993,0.0,0.0,0.0
145.8869239718695,30.503953489659196,20.999999999999993,0.0,0.0,0.0
145.88552891729708,30.513882542761877,20.999999999999993,0.0,0.0,0.0
145.88413357772814,30.523811581003358,20.999999999999993,0.0,0.0,0.0
145.88273795299196,30.53374060437468,20.999999999999993,0.0,0.0,0.0
145.8813420429177,30.543669612866946,20.999999999999993,0.0,0.0,0.0
145.87994584733443,30.553598606471194,20.999999999999993,0.0,0.0,0.0
145.878549366071,30.563527585178484,20.999999999999996,0.0,0.0,0.0
145.87715259895634,30.57345654897989,20.999999999999993,0.0,0.0,0.0
145.87575554581915,30.583385497866434,20.999999999999993,0.0,0.0,0.0
145.87435820648807,30.593314431829175,20.999999999999993,0.0,0.0,0.0
145.87296058079164,30.603243350859135,20.999999999999993,0.0,0.0,0.0
145.87156266855825,30.61317225494735,20.999999999999993,0.0,0.0,0.0
145.87016446961624,30.623101144084846,20.999999999999993,0.0,0.0,0.0
145.86876598379385,30.633030018262637,20.999999999999993,0.0,0.0,0.0
145.86736721091913,30.642958877471756,20.999999999999993,0.0,0.0,0.0
145.86596815082015,30.65288772170319,20.999999999999993,0.0,0.0,0.0
145.8645688033248,30.66281655094795,20.999999999999993,0.0,0.0,0.0
145.86316916826084,30.672745365197034,20.999999999999993,0.0,0.0,0.0
145.861769245456,30.68267416444144,20.999999999999993,0.0,0.0,0.0
145.8603690347379,30.69260294867214,20.999999999999993,0.0,0.0,0.0
145.85896853593394,30.702531717880127,20.999999999999993,0.0,0.0,0.0
145.8575677488716,30.712460472056378,20.999999999999993,0.0,0.0,0.0
145.85616667337806,30.722389211191864,20.999999999999993,0.0,0.0,0.0
145.85476530928054,30.732317935277536,20.999999999999996,0.0,0.0,0.0
145.85336365640615,30.74224664430436,20.999999999999993,0.0,0.0,0.0
145.85196171458176,30.752175338263303,20.999999999999993,0.0,0.0,0.0
145.8505594836343,30.762104017145283,21.0,0.0,0.0,0.0
145.84915696339047,30.772032680941283,20.999999999999993,0.0,0.0,0.0
145.84775415367696,30.781961329642204,20.999999999999996,0.0,0.0,0.0
145.8463510543203,30.791889963239008,21.0,0.0,0.0,0.0
145.8449476651469,30.801818581722593,20.999999999999996,0.0,0.0,0.0
145.84354398598308,30.81174718508389,21.0,0.0,0.0,0.0
145.8421400166551,30.821675773313824,21.0,0.0,0.0,0.0
145.84073575698903,30.831604346403285,21.0,0.0,0.0,0.0
145.83933120681093,30.841532904343186,20.999999999999996,0.0,0.0,0.0
145.83792636594671,30.851461447124436,20.999999999999996,0.0,0.0,0.0
145.83652123422212,30.861389974737925,20.999999999999993,0.0,0.0,0.0
145.83511581146286,30.871318487174527,20.999999999999996,0.0,0.0,0.0
145.8337100974946,30.881246984425125,20.999999999999996,0.0,0.0,0.0
145.8323040921427,30.891175466480604,21.0,0.0,0.0,0.0
145.83089779523257,30.901103933331836,20.999999999999996,0.0,0.0,0.0
145.82949120658952,30.911032384969673,21.0,0.0,0.0,0.0
145.8280843260387,30.920960821384984,21.0,0.0,0.0,0.0
145.82667715340511,30.93088924256861,21.0,0.0,0.0,0.0
145.8252696885138,30.940817648511423,20.999999999999996,0.0,0.0,0.0
145.8238619311895,30.950746039204244,21.0,0.0,0.0,0.0
145.822453881257,30.96067441463791,21.0,0.0,0.0,0.0
145.82104553854091,30.97060277480326,21.0,0.0,0.0,0.0
145.81963690286574,30.980531119691125,20.999999999999993,0.0,0.0,0.0
145.81822797405593,30.99045944929232,20.999999999999996,0.0,0.0,0.0
145.81681875193578,31.00038776359764,21.0,0.0,0.0,0.0
145.81540923632943,31.01031606259793,21.0,0.0,0.0,0.0
145.81399942706105,31.020244346283956,21.0,0.0,0.0,0.0
145.81258932395454,31.03017261464654,20.999999999999996,0.0,0.0,0.0
145.8111789268339,31.040100867676458,21.0,0.0,0.0,0.0
145.80976823552274,31.0500291053645,20.999999999999996,0.0,0.0,0.0
145.8083572498448,31.059957327701458,20.999999999999996,0.0,0.0,0.0
145.80694596962363,31.069885534678082,21.0,0.0,0.0,0.0
145.80553439468264,31.07981372628518,21.0,0.0,0.0,0.0
145.80412252484518,31.089741902513477,21.0,0.0,0.0,0.0
145.8027103599345,31.09967006335375,21.0,0.0,0.0,0.0
145.8012978997737,31.109598208796736,20.999999999999993,0.0,0.0,0.0
145.79988514418577,31.1195263388332,21.0,0.0,0.0,0.0
145.79847209299356,31.129454453453864,20.999999999999996,0.0,0.0,0.0
145.79705874602,31.139382552649483,20.999999999999996,0.0,0.0,0.0
145.79564510308765,31.14931063641075,21.0,0.0,0.0,0.0
145.79423116401915,31.159238704728438,21.0,0.0,0.0,0.0
145.7928169286369,31.16916675759322,21.0,0.0,0.0,0.0
145.79140239676332,31.17909479499583,21.0,0.0,0.0,0.0
145.78998756822062,31.189022816926965,21.0,0.0,0.0,0.0
145.78857244283094,31.19895082337734,21.0,0.0,0.0,0.0
145.78715702041632,31.20887881433764,21.0,0.0,0.0,0.0
145.78574130079863,31.218806789798542,21.0,0.0,0.0,0.0
145.78432528379975,31.228734749750746,21.0,0.0,0.0,0.0
145.7829089692413,31.238662694184924,21.0,0.0,0.0,0.0
145.78149235694494,31.248590623091737,21.0,0.0,0.0,0.0
145.78007544673213,31.258518536461867,21.0,0.0,0.0,0.0
145.7786582384242,31.26844643428596,21.000000000000004,0.0,0.0,0.0
145.77724073184243,31.27837431655469,21.0,0.0,0.0,0.0
145.77582292680796,31.28830218325868,21.0,0.0,0.0,0.0
145.77440482314188,31.298230034388595,21.0,0.0,0.0,0.0
145.77298642066506,31.30815786993505,21.000000000000004,0.0,0.0,0.0
145.77156771919832,31.318085689888697,20.999999999999996,0.0,0.0,0.0
145.7701487185624,31.328013494240135,21.000000000000004,0.0,0.0,0.0
145.76872941857786,31.337941282980015,21.0,0.0,0.0,0.0
145.76730981906522,31.347869056098922,21.000000000000004,0.0,0.0,0.0
145.7658899198448,31.357796813587473,21.0,0.0,0.0,0.0
145.7644697207369,31.36772455543629,21.0,0.0,0.0,0.0
145.76304922156172,31.37765228163594,21.0,0.0,0.0,0.0
145.7616284221392,31.38757999217703,21.0,0.0,0.0,0.0
145.76020732228938,31.397507687050137,21.0,0.0,0.0,0.0
145.75878592183196,31.407435366245835,21.0,0.0,0.0,0.0
145.75736422058674,31.417363029754704,21.0,0.0,0.0,0.0
145.75594221837326,31.42729067756731,21.0,0.0,0.0,0.0
145.7545199150111,31.43721830967422,21.000000000000004,0.0,0.0,0.0
145.75309731031948,31.44714592606598,21.000000000000004,0.0,0.0,0.0
145.75167440411775,31.457073526733144,21.0,0.0,0.0,0.0
145.75025119622507,31.467001111666242,21.000000000000004,0.0,0.0,0.0
145.74882768646046,31.47692868085583,21.0,0.0,0.0,0.0
145.74740387464286,31.486856234292425,21.000000000000004,0.0,0.0,0.0
145.745979760591,31.496783771966562,21.0,0.0,0.0,0.0
145.7445553441237,31.50671129386875,21.0,0.0,0.0,0.0
145.7431306250595,31.516638799989533,21.0,0.0,0.0,0.0
145.74170560321684,31.526566290319373,21.0,0.0,0.0,0.0
145.7402802784141,31.536493764848803,21.0,0.0,0.0,0.0
145.7388546504696,31.5464212235683,21.0,0.0,0.0,0.0
145.73742871920135,31.556348666468374,21.0,0.0,0.0,0.0
145.7360024844275,31.566276093539507,21.0,0.0,0.0,0.0
145.73457594596584,31.576203504772153,21.0,0.0,0.0,0.0
145.73314910363428,31.58613090015681,21.000000000000004,0.0,0.0,0.0
145.73172195725044,31.596058279683938,21.0,0.0,0.0,0.0
145.73029450663194,31.60598564334399,21.0,0.0,0.0,0.0
145.7288667515962,31.61591299112742,21.0,0.0,0.0,0.0
145.72743869196054,31.62584032302469,21.000000000000004,0.0,0.0,0.0
145.72601032754227,31.635767639026234,21.000000000000004,0.0,0.0,0.0
145.72458165815846,31.64569493912247,21.000000000000004,0.0,0.0,0.0
145.72315268362607,31.655622223303883,21.0,0.0,0.0,0.0
145.7217234037621,31.66554949156083,21.0,0.0,0.0,0.0
145.72029381838323,31.67547674388377,21.0,0.0,0.0,0.0
145.71886392730616,31.6854039802631,21.000000000000004,0.0,0.0,0.0
145.71743373034744,31.695331200689246,21.000000000000004,0.0,0.0,0.0
145.71600322732348,31.70525840515258,21.0,0.0,0.0,0.0
145.71457241805066,31.715185593643522,21.000000000000004,0.0,0.0,0.0
145.71314130234512,31.725112766152446,21.000000000000007,0.0,0.0,0.0
145.711709880023,31.73503992266974,21.000000000000004,0.0,0.0,0.0
145.71027815090022,31.74496706318578,21.000000000000007,0.0,0.0,0.0
145.7088461147927,31.75489418769093,21.000000000000007,0.0,0.0,0.0
145.70741377151614,31.764821296175562,21.000000000000007,0.0,0.0,0.0
145.7059811208862,31.774748388630027,21.000000000000004,0.0,0.0,0.0
145.7045481627184,31.784675465044703,21.000000000000007,0.0,0.0,0.0
145.70311489682808,31.794602525409886,21.000000000000007,0.0,0.0,0.0
145.70168132303058,31.804529569715967,21.000000000000007,0.0,0.0,0.0
145.7002474411411,31.81445659795325,21.000000000000004,0.0,0.0,0.0
145.69881325097467,31.82438361011208,21.0,0.0,0.0,0.0
145.69737875234617,31.83431060618275,21.000000000000007,0.0,0.0,0.0
145.69594394507052,31.844237586155607,21.000000000000007,0.0,0.0,0.0
145.6945088289623,31.85416455002096,21.000000000000004,0.0,0.0,0.0
145.69307340383625,31.86409149776909,21.000000000000004,0.0,0.0,0.0
145.6916376695068,31.874018429390315,21.000000000000007,0.0,0.0,0.0
145.69020162578823,31.883945344874906,21.000000000000007,0.0,0.0,0.0
145.68876527249486,31.893872244213178,21.000000000000007,0.0,0.0,0.0
145.6873286094408,31.90379912739539,21.000000000000004,0.0,0.0,0.0
145.68589163644006,31.913725994411816,21.0,0.0,0.0,0.0
145.68445435330653,31.923652845252718,21.000000000000004,0.0,0.0,0.0
145.683016759854,31.933579679908373,21.000000000000004,0.0,0.0,0.0
145.68157885589613,31.94350649836902,21.000000000000004,0.0,0.0,0.0
145.68014064124645,31.95343330062492,21.000000000000004,0.0,0.0,0.0
145.6787021157184,31.963360086666313,21.000000000000004,0.0,0.0,0.0
145.67726327912533,31.973286856483423,21.000000000000007,0.0,0.0,0.0
145.6758241312803,31.98321361006651,21.000000000000004,0.0,0.0,0.0
145.67438467199656,31.993140347405753,21.000000000000007,0.0,0.0,0.0
145.67294490108696,32.00306706849141,21.000000000000007,0.0,0.0,0.0
145.67150481836435,32.012993773313674,21.000000000000004,0.0,0.0,0.0
145.6700644236415,32.02292046186276,21.0,0.0,0.0,0.0
145.66862371673093,32.03284713412884,21.000000000000007,0.0,0.0,0.0
145.66718269744527,32.04277379010215,21.000000000000007,0.0,0.0,0.0
145.66574136559677,32.05270042977285,21.000000000000004,0.0,0.0,0.0
145.66429972099772,32.06262705313112,21.000000000000004,0.0,0.0,0.0
145.66285776346027,32.07255366016714,21.000000000000004,0.0,0.0,0.0
145.6614154927964,32.08248025087109,21.000000000000004,0.0,0.0,0.0
145.65997290881808,32.09240682523311,21.000000000000004,0.0,0.0,0.0
145.658530011337,32.10233338324337,21.000000000000004,0.0,0.0,0.0
145.6570868001649,32.112259924892015,21.000000000000007,0.0,0.0,0.0
145.65564327511328,32.122186450169195,21.000000000000007,0.0,0.0,0.0
145.65419943599355,32.13211295906504,21.000000000000007,0.0,0.0,0.0
145.65275528261708,32.14203945156968,21.000000000000004,0.0,0.0,0.0
145.65131081479498,32.15196592767324,21.000000000000007,0.0,0.0,0.0
145.64986603233837,32.16189238736585,21.000000000000004,0.0,0.0,0.0
145.64842093505814,32.171818830637605,21.000000000000004,0.0,0.0,0.0
145.64697552276522,32.181745257478624,21.000000000000004,0.0,0.0,0.0
