galstreams/tracks/track.st.NGC1851.ibata2021.ecsv
# %ECSV 0.9
# ---
# datatype:
# - {name: ra, unit: deg, datatype: float64}
# - {name: dec, unit: deg, datatype: float64}
# - {name: distance, unit: kpc, datatype: float64}
# - {name: pm_ra_cosdec, unit: mas / yr, datatype: float64}
# - {name: pm_dec, unit: mas / yr, datatype: float64}
# - {name: radial_velocity, unit: km / s, datatype: float64}
# delimiter: ','
# meta: !!omap
# - __serialized_columns__:
#     dec:
#       __class__: astropy.coordinates.angles.Latitude
#       unit: &id001 !astropy.units.Unit {unit: deg}
#       value: !astropy.table.SerializedColumn {name: dec}
#     distance:
#       __class__: astropy.coordinates.distances.Distance
#       unit: !astropy.units.Unit {unit: kpc}
#       value: !astropy.table.SerializedColumn {name: distance}
#     pm_dec:
#       __class__: astropy.units.quantity.Quantity
#       unit: !astropy.units.Unit {unit: mas / yr}
#       value: !astropy.table.SerializedColumn {name: pm_dec}
#     pm_ra_cosdec:
#       __class__: astropy.units.quantity.Quantity
#       unit: !astropy.units.Unit {unit: mas / yr}
#       value: !astropy.table.SerializedColumn {name: pm_ra_cosdec}
#     ra:
#       __class__: astropy.coordinates.angles.Longitude
#       unit: *id001
#       value: !astropy.table.SerializedColumn {name: ra}
#       wrap_angle: !astropy.coordinates.Angle
#         unit: *id001
#         value: 360.0
#     radial_velocity:
#       __class__: astropy.units.quantity.Quantity
#       unit: !astropy.units.Unit {unit: km / s}
#       value: !astropy.table.SerializedColumn {name: radial_velocity}
# schema: astropy-2.0
ra,dec,distance,pm_ra_cosdec,pm_dec,radial_velocity
[from data line 831]
78.30770319553366,-42.614526992059226,13.64992676005345,2.3470316975643195,-0.5699594867097195,-6.315575347404253e-15
78.30989861887117,-42.605023322110334,13.650426285773076,2.3469645018235217,-0.5698181998667653,1.2631150694808506e-14
78.31209801884553,-42.595519796483266,13.650926350476139,2.346897218075621,-0.5696765706077618,1.6841534259744676e-14
78.31430134066878,-42.586016412819006,13.651426940853577,2.346829848110166,-0.5695346023061885,1.6841534259744676e-14
78.31650852958683,-42.57651316876233,13.651928043596342,2.3467623937177025,-0.5693922983331192,2.1051917824680845e-15
78.31871953087938,-42.56701006196189,13.652429645395362,2.3466948566897616,-0.5692496620572244,1.894672604221276e-14
78.32093428985978,-42.5575070900701,13.652931732941589,2.3466272388188667,-0.56910669684477,-2.1051917824680845e-15
78.32315275187518,-42.548004250743304,13.65343429292596,2.34655954189854,-0.5689634060596187,-6.315575347404253e-15
78.32537486230635,-42.53850154164168,13.653937312039414,2.3464917677232955,-0.5688197930632303,4.210383564936169e-15
78.32760056656758,-42.52899896042929,13.654440776972898,2.346423918088649,-0.568675861214663,8.420767129872338e-15
78.32982981010687,-42.519496504774104,13.654944674417349,2.3463559947911126,-0.5685316138705729,1.0525958912340423e-14
78.33206253840564,-42.509994172347994,13.655448991063714,2.3462879996282036,-0.5683870543852156,1.473634247727659e-14
78.3342986969788,-42.50049196082677,13.655953713602928,2.3462199343984422,-0.5682421861104472,0.0
78.33653823137476,-42.49098986789018,13.656458828725942,2.3461518009013513,-0.5680970123957227,4.210383564936169e-15
78.33878108717526,-42.48148789122191,13.656964323123685,2.3460836009374626,-0.5679515365881,1.473634247727659e-14
78.34102720999545,-42.47198602850963,13.657470183487103,2.3460153363083154,-0.5678057620322385,6.315575347404253e-15
78.34327654548376,-42.46248427744498,13.65797639650714,2.345947008816458,-0.5676596920704005,1.2631150694808506e-14
78.34552903932189,-42.452982635723586,13.658482948874743,2.345878620265448,-0.5675133300424512,1.473634247727659e-14
78.34778463722478,-42.44348110104507,13.658989827280841,2.34581017245986,-0.5673666792858616,1.2631150694808506e-14
78.35004328494058,-42.4339796711131,13.659497018416388,2.345741667205279,-0.5672197431357069,4.210383564936169e-15
78.35230492825055,-42.42447834363533,13.660004508972314,2.345673106308307,-0.5670725249246692,0.0
78.35456951296908,-42.414977116323485,13.660512285639564,2.3456044915765637,-0.5669250279830369,1.473634247727659e-14
78.35683698494361,-42.4054759868933,13.661020335109082,2.3455358248186835,-0.5667772556387074,-4.210383564936169e-15
78.35910729005464,-42.39597495306459,13.66152864407181,2.345467107844322,-0.5666292112171856,4.210383564936169e-15
78.36138037421559,-42.386474012561244,13.662037199218688,2.3453983424641556,-0.5664808980415874,2.1051917824680845e-15
78.36365618337287,-42.37697316311122,13.66254598724066,2.3453295304898827,-0.5663323194326398,-2.1051917824680845e-15
78.36593466350581,-42.36747240244656,13.663054994828661,2.345260673734223,-0.5661834787086801,1.6841534259744676e-14
78.36821576062653,-42.357971728303404,13.663564208673641,2.34519177401092,-0.5660343791856599,8.420767129872338e-15
78.37049942078,-42.34847113842201,13.664073615466538,2.3451228331347465,-0.5658850241771446,-8.420767129872338e-15
78.37278559004403,-42.338970630546754,13.664583201898287,2.345053852921495,-0.5657354169943138,-6.315575347404253e-15
78.37507421452908,-42.32947020242611,13.665092954659842,2.344984835187989,-0.5655855609459636,-6.315575347404253e-15
78.37736524037834,-42.319969851812715,13.665602860442132,2.3449157817520816,-0.5654354593385078,1.2631150694808506e-14
78.37965861376769,-42.31046957646332,13.666112905936103,2.3448466944326505,-0.5652851154759779,8.420767129872338e-15
78.38195428090557,-42.30096937413885,13.666623077832705,2.3447775750496063,-0.565134532660025,4.210383564936169e-15
78.38425218803305,-42.29146924260438,13.667133362822863,2.3447084254238906,-0.5649837141899214,6.315575347404253e-15
78.3865522814237,-42.28196917962915,13.667643747597534,2.3446392473774758,-0.5648326633625605,0.0
78.38885450738361,-42.27246918298654,13.668154218847652,2.344570042733367,-0.5646813834724593,6.315575347404253e-15
78.39115881225133,-42.26296925045418,13.66866476326416,2.344500813315604,-0.5645298778117591,1.6841534259744676e-14
78.3934651423978,-42.25346937981378,13.669175367537996,2.344431560949255,-0.5643781496702273,8.420767129872338e-15
78.39577344422636,-42.24396956885135,13.669686018360107,2.3443622874604335,-0.5642262023352573,4.210383564936169e-15
78.39808366417269,-42.23446981535702,13.670196702421434,2.3442929946762776,-0.5640740390918719,-1.473634247727659e-14
78.40039574870477,-42.22497011712517,13.670707406412914,2.3442236844249673,-0.5639216632227219,4.210383564936169e-15
78.40270964432281,-42.215470471954355,13.671218117025495,2.3441543585357194,-0.5637690780080904,1.473634247727659e-14
78.40502529755929,-42.20597087764736,13.67172882095011,2.3440850188387867,-0.5636162867258929,1.2631150694808506e-14
78.4073426549788,-42.196471332011214,13.672239504877705,2.3440156671654564,-0.5634632926516788,0.0
78.40966166317817,-42.18697183285709,13.672750155499225,2.3439463053480623,-0.5633100990586306,4.210383564936169e-15
78.41198226878626,-42.17747237800048,13.673260759505604,2.343876935219969,-0.5631567092175698,1.2631150694808506e-14
78.41430441846398,-42.16797296526105,13.673771303587792,2.343807558615584,-0.5630031263969548,6.315575347404253e-15
78.41662805890432,-42.15847359246275,13.674281774436729,2.3437381773703523,-0.5628493538628843,1.2631150694808506e-14
78.41895313683223,-42.148974257433714,13.674792158743347,2.3436687933207643,-0.5626953948790981,-8.420767129872338e-15
78.4212795990046,-42.13947495800637,13.675302443198596,2.343599408304344,-0.5625412527069773,4.210383564936169e-15
78.42360739221024,-42.12997569201735,13.675812614493418,2.343530024159659,-0.5623869306055486,6.315575347404253e-15
78.42593646326985,-42.12047645730757,13.676322659318751,2.3434606427263183,-0.5622324318314842,1.6841534259744676e-14
78.42826675903586,-42.11097725172218,13.676832564365538,2.3433912658449727,-0.562077759639104,-1.473634247727659e-14
78.43059822639266,-42.101478073110606,13.67734231632472,2.3433218953573114,-0.5619229172803757,-8.420767129872338e-15
78.43293081225626,-42.09197891932649,13.677851901887239,2.3432525331060683,-0.5617679080049187,-2.1051917824680845e-15
78.43526446357441,-42.082479788227786,13.678361307744034,2.343183180935016,-0.5616127350600046,6.315575347404253e-15
78.43759912732659,-42.07298067767666,13.67887052058605,2.343113840688972,-0.5614574016905588,-2.1051917824680845e-15
78.43993475052386,-42.063481585539584,13.679379527104228,2.3430445142137946,-0.5613019111391628,4.210383564936169e-15
78.44227128020891,-42.05398250968726,13.679888313989508,2.342975203356381,-0.5611462666460545,4.210383564936169e-15
78.44460866345602,-42.04448344799465,13.680396867932833,2.342905909964677,-0.5609904714491325,8.420767129872338e-15
78.44694684737091,-42.03498439834103,13.680905175625144,2.3428366358876636,-0.5608345287839555,-8.420767129872338e-15
78.44928577909089,-42.02548535860989,13.681413223757382,2.3427673829753677,-0.5606784418837447,-1.2631150694808506e-14
78.45162540578467,-42.015986326689024,13.68192099902049,2.342698153078856,-0.5605222139793864,8.420767129872338e-15
78.45396567465234,-42.00648730047046,13.682428488105405,2.3426289480502396,-0.560365848299434,2.1051917824680845e-15
78.45630653292542,-41.99698827785051,13.682935677703071,2.3425597697426666,-0.5602093480701078,1.6841534259744676e-14
78.45864792786675,-41.98748925672974,13.683442554504433,2.3424906200103295,-0.5600527165152993,6.315575347404253e-15
78.46098980677047,-41.977990235012996,13.68394910520043,2.342421500708464,-0.5598959568565718,0.0
78.46333211696196,-41.96849121060937,13.684455316482003,2.3423524136933427,-0.5597390723131619,1.6841534259744676e-14
78.46567480579786,-41.95899218143225,13.684961175040092,2.3422833608222815,-0.5595820661019837,1.0525958912340423e-14
78.46801782066598,-41.949493145399224,13.685466667565642,2.3422143439536334,-0.5594249414376278,-8.420767129872338e-15
78.47036110898529,-41.939994100432195,13.685971780749593,2.342145364946796,-0.5592677015323653,1.6841534259744676e-14
78.47270461820584,-41.93049504445732,13.686476501282884,2.3420764256622046,-0.5591103495961496,8.420767129872338e-15
78.47504829580879,-41.92099597540495,13.68698081585646,2.3420075279613313,-0.5589528888366171,-1.0525958912340423e-14
78.47739208930636,-41.91149689120976,13.687484711161263,2.341938673706692,-0.5587953224590909,8.420767129872338e-15
78.4797359462417,-41.90199778981065,13.68798817388823,2.341869864761836,-0.5586376536665825,2.1051917824680845e-15
78.48207981418904,-41.89249866915074,13.688491190728307,2.341801102991355,-0.5584798856597923,4.210383564936169e-15
78.48442364075339,-41.88299952717745,13.688993748372432,2.3417323902608747,-0.5583220216371146,1.2631150694808506e-14
78.48676737357079,-41.87350036184237,13.68949583351155,2.341663728437059,-0.5581640647946369,1.0525958912340423e-14
78.48911096030805,-41.864001171101386,13.689997432836599,2.341595119387609,-0.5580060183261435,2.315710960714893e-14
78.49145434866286,-41.85450195291456,13.690498533038527,2.3415265649812587,-0.5578478854231181,4.210383564936169e-15
78.49379748636362,-41.84500270524625,13.690999120808266,2.3414580670877823,-0.5576896692747453,-1.473634247727659e-14
78.49614032116956,-41.835503426065,13.691499182836765,2.341389627577981,-0.5575313730679116,-4.210383564936169e-15
78.49848280087058,-41.82600411334356,13.691998705814958,2.3413212483236987,-0.5573729999872105,-1.2631150694808506e-14
78.50082487328726,-41.81650476505891,13.692497676433801,2.341252931197802,-0.5572145532149415,1.6841534259744676e-14
78.50316648627079,-41.80700537919223,13.692996081384216,2.3411846780742,-0.5570560359311165,8.420767129872338e-15
78.505507587703,-41.79750595372894,13.693493907357158,2.341116490827825,-0.5568974513134575,-4.210383564936169e-15
78.50784812549628,-41.788006486658595,13.693991141043561,2.3410483713346464,-0.5567388025374018,2.315710960714893e-14
78.51018804759353,-41.778506975975006,13.694487769134378,2.3409803214716574,-0.556580092776104,-1.2631150694808506e-14
78.5125273019682,-41.769007419676136,13.694983778320537,2.340912343116886,-0.5564213252004373,4.210383564936169e-15
78.51486583662412,-41.75950781576412,13.695479155292984,2.340844438149383,-0.5562625029789976,-8.420767129872338e-15
78.51720359959562,-41.750008162245294,13.695973886742667,2.340776608449229,-0.5561036292781031,8.420767129872338e-15
78.51954053894735,-41.74050845713013,13.696467959360522,2.340708855897531,-0.5559447072618008,8.420767129872338e-15
78.52187660277437,-41.731008698433314,13.696961359837488,2.3406411823764195,-0.555785740091865,1.2631150694808506e-14
78.52421173920202,-41.721508884173595,13.69745407486451,2.3405735897690527,-0.5556267309278025,-1.2631150694808506e-14
78.52654589638593,-41.712009012373954,13.697946091132529,2.3405060799596056,-0.5554676829268526,8.420767129872338e-15
78.52887902251199,-41.70250908106148,13.698437395332487,2.3404386548332816,-0.5553085992439926,-2.1051917824680845e-15
78.5312110657963,-41.69300908826736,13.698927974155321,2.340371316276302,-0.5551494830319377,1.894672604221276e-14
78.53354197448509,-41.68350903202693,13.699417814291978,2.3403040661759076,-0.5549903374411452,4.210383564936169e-15
78.53587169685481,-41.674008910379676,13.699906902433403,2.3402369064203574,-0.5548311656198166,-4.210383564936169e-15
78.53820018121196,-41.66450872136911,13.700395225270528,2.3401698388989307,-0.5546719707138987,0.0
78.54052737589312,-41.655008463042904,13.700882769494298,2.3401028655019203,-0.5545127558670897,-4.210383564936169e-15
78.5428532292649,-41.64550813345277,13.701369521795655,2.340035988120637,-0.5543535242208384,-1.0525958912340423e-14
78.54517768972397,-41.63600773065454,13.701855468865546,2.3399692086473998,-0.5541942789143472,-4.210383564936169e-15
78.54750070569686,-41.62650725270808,13.702340597394903,2.3399025289755455,-0.5540350230845785,-6.315575347404253e-15
78.54982222564014,-41.61700669767732,13.70282489407467,2.3398359509994195,-0.5538757598662516,4.210383564936169e-15
78.55214219804019,-41.60750606363028,13.703308345595794,2.3397694766143777,-0.5537164923918514,-1.2631150694808506e-14
78.5544605714133,-41.598005348638964,13.70379093864921,2.339703107716785,-0.553557223791625,6.315575347404253e-15
78.55677729430558,-41.58850455077941,13.704272659925866,2.339636846204009,-0.5533979571935901,0.0
78.55909231529293,-41.57900366813171,13.704753496116698,2.339570693974429,-0.5532386957235338,6.315575347404253e-15
78.56140558298101,-41.56950269877992,13.705233433912648,2.3395046529274257,-0.5530794425050185,-4.210383564936169e-15
78.56371704600521,-41.560001640812125,13.705712460004658,2.339438724963381,-0.5529202006593809,6.315575347404253e-15
78.56602665303059,-41.550500492320374,13.706190561083671,2.3393729119836792,-0.5527609733057386,2.1051917824680845e-15
78.5683343527519,-41.54099925140068,13.706667723840631,2.3393072158907033,-0.5526017635609908,6.315575347404253e-15
78.57064009389347,-41.53149791615303,13.707143934966473,2.3392416385878354,-0.552442574539822,-1.0525958912340423e-14
78.57294382520925,-41.52199648468139,13.707619181152147,2.3391761819794517,-0.552283409354704,-8.420767129872338e-15
78.57524549548276,-41.51249495509358,13.708093449088581,2.3391108479709284,-0.5521242711159002,-1.0525958912340423e-14
78.57754505352699,-41.50299332550144,13.708566725466731,2.3390456384686273,-0.5519651629314675,4.210383564936169e-15
78.57984244818444,-41.49349159402067,13.70903899697753,2.338980555379906,-0.551806087907259,8.420767129872338e-15
78.58213762832706,-41.48398975877085,13.709510250311926,2.3389156006131113,-0.5516470491469289,-6.315575347404253e-15
78.58443054285625,-41.4744878178755,13.70998047216085,2.338850776077578,-0.5514880497519317,1.6841534259744676e-14
78.58672114070275,-41.46498576946197,13.710449649215251,2.338786083683626,-0.55132909282153,1.6841534259744676e-14
78.58900937082666,-41.45548361166148,13.710917768166071,2.33872152534256,-0.5511701814527937,6.315575347404253e-15
78.59129518221742,-41.445981342609095,13.711384815704253,2.3386571029666676,-0.5510113187406047,-4.210383564936169e-15
78.59357852389374,-41.436478960443736,13.711850778520732,2.338592818469217,-0.5508525077776598,2.315710960714893e-14
78.59585934490357,-41.42697646330809,13.712315643306452,2.338528673764456,-0.5506937516544742,8.420767129872338e-15
78.5981375943241,-41.41747384934869,13.712779396752357,2.3384646707676064,-0.550535053459383,1.2631150694808506e-14
78.6004132212617,-41.40797111671585,13.71324202554939,2.33840081139487,-0.5503764162785465,-2.1051917824680845e-15
78.6026861748519,-41.39846826356363,13.713703516388485,2.338337097563417,-0.5502178431959512,2.1051917824680846e-14
78.60495640425927,-41.38896528804989,13.714163855960585,2.338273531191391,-0.5500593372934155,1.2631150694808506e-14
78.60722385867759,-41.379462188336205,13.714623030956638,2.3382101141979037,-0.5499009016505902,-4.210383564936169e-15
78.60948848732961,-41.36995896258787,13.715081028067583,2.3381468485030363,-0.5497425393449629,4.210383564936169e-15
78.6117502394671,-41.36045560897395,13.71553783398436,2.338083736027832,-0.5495842534518622,0.0
78.61400906437086,-41.35095212566711,13.715993435397909,2.3380207786942986,-0.5494260470444589,8.420767129872338e-15
78.6162649113506,-41.34144851084378,13.716447818999173,2.337957978425406,-0.5492679231937713,-4.210383564936169e-15
78.61851772974497,-41.33194476268404,13.716900971479093,2.337895337145078,-0.5491098849686671,2.1051917824680845e-15
78.62076746892149,-41.32244087937157,13.71735287952862,2.3378328567782023,-0.5489519354358665,2.1051917824680845e-15
