galstreams/tracks/track.st.Orphan-Chenab.ibata2021.ecsv
# %ECSV 1.0
# ---
# datatype:
# - {name: ra, unit: deg, datatype: float64}
# - {name: dec, unit: deg, datatype: float64}
# - {name: distance, unit: kpc, datatype: float64}
# - {name: pm_ra_cosdec, unit: mas / yr, datatype: float64}
# - {name: pm_dec, unit: mas / yr, datatype: float64}
# - {name: radial_velocity, unit: km / s, datatype: float64}
# delimiter: ','
# meta: !!omap
# - __serialized_columns__:
#     dec:
#       __class__: astropy.coordinates.angles.Latitude
#       unit: &id001 !astropy.units.Unit {unit: deg}
#       value: !astropy.table.SerializedColumn {name: dec}
#     distance:
#       __class__: astropy.coordinates.distances.Distance
#       unit: !astropy.units.Unit {unit: kpc}
#       value: !astropy.table.SerializedColumn {name: distance}
#     pm_dec:
#       __class__: astropy.units.quantity.Quantity
#       unit: !astropy.units.Unit {unit: mas / yr}
#       value: !astropy.table.SerializedColumn {name: pm_dec}
#     pm_ra_cosdec:
#       __class__: astropy.units.quantity.Quantity
#       unit: !astropy.units.Unit {unit: mas / yr}
#       value: !astropy.table.SerializedColumn {name: pm_ra_cosdec}
#     ra:
#       __class__: astropy.coordinates.angles.Longitude
#       unit: *id001
#       value: !astropy.table.SerializedColumn {name: ra}
#       wrap_angle: !astropy.coordinates.Angle
#         unit: *id001
#         value: 360.0
#     radial_velocity:
#       __class__: astropy.units.quantity.Quantity
#       unit: !astropy.units.Unit {unit: km / s}
#       value: !astropy.table.SerializedColumn {name: radial_velocity}
# schema: astropy-2.0
ra,dec,distance,pm_ra_cosdec,pm_dec,radial_velocity
[from data line 3629]
159.0426169506632,5.855105358732832,19.60316622052895,-1.561758429552076,0.41108562600617127,197.5599813040151
159.04613484986106,5.845743892960034,19.600603572013682,-1.5621204394195511,0.4115856044037693,197.58226483653524
159.04965269900774,5.8363824305654495,19.598041313899646,-1.5624824617719486,0.4120856752335315,197.60454074265462
159.0531704981535,5.8270209715313666,19.59547944632161,-1.5628444966021218,0.4125858384330737,197.62680901807713
159.05668824734863,5.8176595158402895,19.59291796941433,-1.563206543902937,0.4130860939400099,197.64906965850645
159.06020594664344,5.808298063474564,19.59035688331257,-1.5635686036672634,0.4135864416919539,197.67132265964634
159.06372359608824,5.798936614416534,19.587796188151085,-1.563930675887981,0.4140868816265196,197.6935680172006
159.06724119573326,5.78957516864871,19.585235884064648,-1.5642927605579746,0.4145874136813187,197.71580572687319
159.0707587456288,5.780213726153395,19.582675971188014,-1.5646548576701362,0.41508803779396264,197.73803578436767
159.0742762458251,5.770852286913103,19.580116449655954,-1.5650169672173644,0.41558875390206196,197.76025818538798
159.07779369637248,5.761490850910197,19.57755731960321,-1.5653790891925692,0.4160895619432279,197.7824729256379
159.08131109732116,5.752129418127033,19.574998581164568,-1.5657412235886619,0.41659046185506876,197.8046800008211
159.08482844872134,5.742767988546138,19.57244023447476,-1.5661033703985652,0.4170914535751941,197.82687940664144
159.08834575062332,5.733406562149829,19.569882279668576,-1.5664655296152061,0.4175925370412114,197.84907113880288
159.09186300307732,5.724045138920634,19.56732471688076,-1.566827701231523,0.4180937121907273,197.87125519300898
159.09538020613354,5.714683718840929,19.564767546246078,-1.5671898852404569,0.4185949789613492,197.89343156496355
159.09889735984225,5.705322301893084,19.562210767899305,-1.5675520816349553,0.41909633729068235,197.91560025037052
159.10241446425363,5.695960888059643,19.559654381975186,-1.5679142904079795,0.4195977871163313,197.93776124493348
159.10593151941794,5.686599477322988,19.55709838860848,-1.5682765115524924,0.42009932837590147,197.95991454435642
159.10944852538535,5.677238069665499,19.554542787933965,-1.568638745061464,0.42060096100699584,197.98206014434305
159.11296548220602,5.667876665069726,19.551987580086383,-1.569000990927873,0.42110268494721764,198.00419804059712
159.1164823899302,5.658515263518006,19.549432765200518,-1.569363249144705,0.4216045001341684,198.02632822882254
159.11999924860808,5.649153864992895,19.54687834341111,-1.569725519704954,0.42210640650545006,198.04845070472294
159.1235160582898,5.63979246947678,19.544324314852936,-1.5700878026016183,0.4226084039986626,198.07056546400221
159.12703281902557,5.630431076952065,19.541770679660754,-1.5704500978277043,0.4231104925514073,198.09267250236405
159.13054953086552,5.621069687401312,19.539217437969317,-1.5708124053762276,0.42361267210128234,198.11477181551243
159.13406619385984,5.611708300806919,19.536664589913403,-1.5711747252402066,0.42411494258588656,198.136863399151
159.1375828080587,5.6023469171513005,19.53411213562775,-1.571537057412673,0.4246173039428192,198.15894724898354
159.1410993735122,5.59298553641702,19.53156007524714,-1.5718994018866588,0.42511975610967595,198.1810233607139
159.14461589027053,5.583624158586436,19.52900840890633,-1.5722617586552077,0.42562229902405363,198.20309173004586
159.14813235838383,5.574262783642125,19.52645713674008,-1.5726241277113684,0.4261249326235479,198.2251523526832
159.15164877790218,5.564901411566505,19.523906258883148,-1.5729865090481974,0.4266276568457543,198.24720522432975
159.15516514887577,5.555540042341993,19.521355775470305,-1.573348902658758,0.4271304716282678,198.26925034068924
159.15868147135467,5.546178675951178,19.518805686636295,-1.5737113085361205,0.4276333769086812,198.29128769746552
159.16219774538905,5.536817312376425,19.5162559925159,-1.5740737266733624,0.42813637262458815,198.31331729036225
159.16571397102896,5.527455951600326,19.51370669324387,-1.5744361570635683,0.42863945871358056,198.3353391150834
159.16923014832452,5.518094593605314,19.511157788954968,-1.574798599699828,0.42914263511325024,198.35735316733266
159.17274627732587,5.5087332383738135,19.508609279783965,-1.575161054575243,0.4296459017611888,198.37935944281372
159.176262358083,5.499371885888431,19.506061165865606,-1.5755235216829158,0.4301492585949862,198.40135793723059
159.1797783906461,5.490010536131547,19.50351344733466,-1.5758860010159608,0.4306527055522316,198.42334864628694
159.1832943750652,5.480649189085762,19.500966124325892,-1.5762484925674969,0.43115624257051505,198.4453315656866
159.1868103113904,5.471287844733523,19.498419196974062,-1.5766109963306498,0.43165986958742397,198.46730669113327
159.1903261996717,5.461926503057275,19.495872665413927,-1.5769735122985542,0.4321635865405463,198.489274018331
159.1938420399592,5.452565164039627,19.49332652978026,-1.5773360404643486,0.4326673933674692,198.5112335429831
159.19735783230303,5.443203827662977,19.490780790207815,-1.577698580821182,0.4331712900057788,198.5331852607938
159.20087357675308,5.433842493909947,19.488235446831347,-1.5780611333622074,0.4336752763930607,198.55512916746673
159.20438927335954,5.4244811627629845,19.485690499785626,-1.5784236980805886,0.43417935246690037,198.5770652587057
159.2079049221724,5.415119834204554,19.483145949205408,-1.5787862749694919,0.43468351816488204,198.59899353021441
159.21142052324163,5.405758508217276,19.480601795225468,-1.579148864022091,0.43518777342458825,198.62091397769674
159.21493607661733,5.396397184783564,19.478058037980553,-1.5795114652315698,0.43569211818360337,198.6428265968566
159.21845158234947,5.3870358638860445,19.475514677605428,-1.5798740785911167,0.4361965523795093,198.66473138339762
159.22196704048812,5.37767454550719,19.472971714234856,-1.580236704093929,0.4367010759498877,198.68662833302358
159.22548245108325,5.3683132296294716,19.4704291480036,-1.5805993417332083,0.4372056888323195,198.70851744143826
159.22899781418485,5.3589519162355215,19.467886979046423,-1.5809619915021635,0.4377103909643859,198.7303987043455
159.23251312984294,5.3495906053077675,19.465345207498082,-1.5813246533940126,0.4382151822836656,198.75227211744917
159.2360283981075,5.340229296828852,19.462803833493343,-1.5816873274019785,0.43872006272773845,198.7741376764529
159.2395436190285,5.330867990781255,19.460262857166963,-1.5820500135192912,0.43922503223418263,198.79599537706065
159.24305879265594,5.321506687147463,19.4577222786537,-1.58241271173919,0.43973009074057595,198.81784521497605
159.24657391903978,5.312145385910124,19.45518209808833,-1.5827754220549166,0.4402352381844956,198.83968718590307
159.25008899823,5.302784087051674,19.452642315605605,-1.5831381444597235,0.4407404745035188,198.86152128554528
159.25360403027656,5.2934227905547715,19.450102931340282,-1.5835008789468685,0.4412457996352204,198.88334750960664
159.2571190152294,5.284061496401907,19.44756394542713,-1.5838636255096155,0.4417512135171766,198.90516585379092
159.26063395313847,5.274700204575576,19.44502535800092,-1.5842263841412358,0.44225671608696154,198.9269763138018
159.26414884405372,5.265338915058448,19.442487169196383,-1.5845891548350113,0.4427623072821502,198.948778885343
159.2676636880251,5.255977627832965,19.439949379148317,-1.5849519375842211,0.4432679870403142,198.97057356411878
159.2711784851025,5.246616342881795,19.43741198799146,-1.585314732382163,0.443773755299028,198.9923603458324
159.2746932353359,5.23725506018745,19.434874995860575,-1.5856775392221347,0.4442796119958636,199.01413922618784
159.27820793877515,5.227893779732437,19.432338402890437,-1.5860403580974396,0.44478555706839207,199.03591020088905
159.28172259547026,5.218532501499426,19.4298022092158,-1.5864031890013914,0.4452915904541838,199.05767326563964
159.28523720547108,5.209171225470885,19.42726641497142,-1.5867660319273118,0.4457977120908102,199.07942841614334
159.28875176882747,5.19980995162949,19.424731020292068,-1.5871288868685234,0.44630392191584095,199.1011756481041
159.29226628558942,5.190448679957759,19.422196025312502,-1.5874917538183624,0.44681021986684427,199.1229149572256
159.2957807558068,5.181087410438221,19.41966143016748,-1.5878546327701653,0.44731660588138944,199.1446463392117
159.29929517952942,5.171726143053558,19.41712723499176,-1.5882175237172813,0.4478230798970447,199.16636978976615
159.3028095568072,5.162364877786243,19.41459343992011,-1.5885804266530623,0.4483296418513763,199.1880853045929
159.30632388769007,5.1530036146189655,19.4120600450873,-1.5889433415708685,0.4488362916819507,199.2097928793954
159.3098381722278,5.143642353534261,19.409527050628082,-1.5893062684640673,0.4493430293263353,199.23149250987782
159.31335241047037,5.134281094514663,19.40699445667722,-1.5896692073260317,0.44984985472209454,199.2531841917437
159.3168666024675,5.124919837542872,19.404462263369474,-1.5900321581501418,0.4503567678067938,199.27486792069692
159.32038074826917,5.115558582601424,19.401930470839602,-1.590395120929785,0.4508637685179977,199.29654369244122
159.32389484792515,5.10619732967286,19.399399079222373,-1.590758095658357,0.45137085679327,199.31821150268038
159.32740890148528,5.096836078739892,19.396868088652543,-1.5911210823292543,0.45187803257017234,199.33987134711825
159.33092290899944,5.087474829785006,19.39433749926488,-1.5914840809358874,0.45238529578626835,199.36152322145873
159.3344368705174,5.078113582790916,19.39180731119414,-1.5918470914716691,0.4528926463791203,199.38316712140536
159.33795078608904,5.0687523377401735,19.389277524575082,-1.592210113930021,0.45340008428628853,199.40480304266205
159.34146465576416,5.059391094615328,19.386748139542473,-1.5925731483043686,0.4539076094453349,199.4264309809326
159.3449784795925,5.050029853399102,19.384219156231076,-1.5929361945881468,0.45441522179381894,199.44805093192085
159.348492257624,5.040668614074,19.381690574775646,-1.5932992527747984,0.4549229212693006,199.46966289133042
159.35200598990832,5.031307376622739,19.379162395310953,-1.5936623228577669,0.4554307078093378,199.4912668548654
159.35551967649533,5.021946141027886,19.376634617971757,-1.5940254048305098,0.4559385813514906,199.5128628182292
159.35903331743484,5.012584907272009,19.37410724289281,-1.5943884986864871,0.45644654183331607,199.53445077712593
159.36254691277654,5.003223675337829,19.371580270208877,-1.5947516044191643,0.4569545891923713,199.55603072725916
159.36606046257032,4.993862445207924,19.36905370005473,-1.5951147220220179,0.4574627233662138,199.57760266433286
159.3695739668659,4.984501216864862,19.366527532565126,-1.5954778514885273,0.4579709442923991,199.59916658405072
159.373087425713,4.975139990291379,19.364001767874818,-1.5958409928121813,0.45847925190848293,199.6207224821166
159.37660083916145,4.965778765470002,19.36147640611857,-1.5962041459864729,0.4589876461520207,199.64227035423406
159.380114207261,4.956417542383468,19.35895144743116,-1.5965673110049012,0.45949612696056663,199.66381019610728
159.38362753006135,4.94705632101436,19.35642689194733,-1.5969304878609774,0.4600046942716741,199.68534200343967
159.38714080761227,4.9376951013452635,19.353902739801843,-1.5972936765482113,0.4605133480228973,199.70686577193533
159.39065403996352,4.9283338833589205,19.351378991129476,-1.5976568770601267,0.46102208815178913,199.7283814972978
159.3941672271648,4.918972667037873,19.34885564606497,-1.5980200893902483,0.46153091459590123,199.7498891752311
159.39768036926583,4.909611452364866,19.346332704743105,-1.5983833135321115,0.4620398272927858,199.77138880143875
159.40119346631636,4.900250239322497,19.34381016729863,-1.5987465494792552,0.46254882617999366,199.79288037162476
159.4047065183661,4.890889027893359,19.341288033866316,-1.5991097972252275,0.46305791119507556,199.81436388149285
159.40821952546474,4.881527818060213,19.33876630458092,-1.5994730567635806,0.46356708227558147,199.83583932674685
159.41173248766205,4.872166609805602,19.336244979577206,-1.599836328087876,0.4640763393590611,199.8573067030904
159.41524540500762,4.862805403112288,19.333724058989922,-1.6001996111916803,0.46458568238306375,199.87876600622755
159.41875827755118,4.8534441979628795,19.33120354295385,-1.600562906068564,0.46509511128513725,199.90021723186194
159.42227110534253,4.844082994339981,19.328683431603746,-1.600926212712111,0.46560462600283004,199.9216603756972
159.42578388843117,4.834721792226362,19.326163725074366,-1.6012895311159043,0.466114226473689,199.9430954334374
159.42929662686691,4.82536059160458,19.32364442350047,-1.6016528612735375,0.4666239126352611,199.9645224007862
159.4328093206994,4.815999392457407,19.321125527016818,-1.602016203178612,0.4671336844250931,199.9859412734473
159.43632196997822,4.806638194767463,19.318607035758188,-1.6023795568247308,0.4676435417807299,200.00735204712475
159.43983457475315,4.797276998517359,19.316088949859328,-1.6027429222055076,0.46815348463971884,200.02875471752205
159.44334713507376,4.787915803689879,19.313571269454997,-1.6031062993145613,0.4686635129396023,200.05014928034336
159.44685965098975,4.778554610267593,19.311053994679963,-1.6034696881455177,0.46917362661792533,200.07153573129202
159.4503721225507,4.76919341823328,19.30853712566899,-1.6038330886920067,0.46968382561223165,200.09291406607215
159.45388454980633,4.759832227569572,19.306020662556833,-1.60419650094767,0.4701941098600644,200.1142842803873
159.45739693280623,4.750471038259097,19.303504605478253,-1.6045599249061504,0.4707044792989669,200.13564636994144
159.46090927160003,4.741109850284641,19.30098895456802,-1.6049233605611004,0.47121493386648056,200.15700033043825
159.46442156623735,4.731748663628784,19.298473709960895,-1.6052868079061755,0.47172547350014743,200.1783461575817
159.46793381676775,4.722387478274328,19.29595887179163,-1.6056502669350428,0.4722360981375082,200.19968384707545
159.47144602324096,4.713026294203905,19.29344444019499,-1.6060137376413717,0.4727468077161034,200.2210133946232
159.4749581857065,4.703665111400151,19.29093041530574,-1.6063772200188398,0.47325760217347396,200.24233479592897
159.47847030421397,4.694303929845872,19.288416797258645,-1.6067407140611303,0.473768481447159,200.2636480466963
159.48198237881306,4.684942749523659,19.28590358618846,-1.6071042197619343,0.47427944547469714,200.28495314262915
159.4854944095532,4.6755815704163135,19.283390782229947,-1.6074677371149475,0.4747904941936281,200.30625007943132
159.4890063964841,4.666220392506483,19.280878385517862,-1.6078312661138747,0.47530162754148897,200.32753885280647
159.4925183396553,4.656859215776822,19.278366396186982,-1.6081948067524228,0.4758128454558177,200.3488194584584
159.49603023911638,4.64749804021014,19.275854814372057,-1.6085583590243093,0.4763241478741522,200.370091892091
159.49954209491688,4.638136865789036,19.27334364020785,-1.6089219229232565,0.4768355347340277,200.391356149408
159.50305390710636,4.628775692496324,19.27083287382913,-1.6092854984429912,0.4773470059729811,200.41261222611337
159.5065656757344,4.619414520314668,19.26832251537065,-1.6096490855772507,0.4778585615285479,200.43386011791054
159.51007740085058,4.610053349226723,19.265812564967174,-1.6100126843197748,0.4783702013382637,200.4550998205037
159.5135890825044,4.6006921792153115,19.26330302275347,-1.6103762946643134,0.4788819253396627,200.4763313295962
159.51710072074542,4.5913310102630485,19.260793888864278,-1.610739916604619,0.4793937334702789,200.49755464089228
159.52061231562314,4.581969842352751,19.258285163434394,-1.611103550134453,0.4799056256676467,200.51876975009543
159.52412386718711,4.572608675467101,19.25577684659855,-1.6114671952475816,0.4804176018692987,200.53997665290964
159.52763537548688,4.563247509588755,19.25326893849153,-1.6118308519377782,0.48092966201276816,200.56117534503852
159.53114684057195,4.553886344700552,19.25076143924807,-1.6121945201988241,0.4814418060355872,200.58236582218586
