galstreams/tracks/track.po.Sangarius.grillmair2017.ecsv
# %ECSV 0.9
# ---
# datatype:
# - {name: ra, unit: deg, datatype: float64}
# - {name: dec, unit: deg, datatype: float64}
# - {name: distance, unit: kpc, datatype: float64}
# - {name: pm_ra_cosdec, unit: mas / yr, datatype: float64}
# - {name: pm_dec, unit: mas / yr, datatype: float64}
# - {name: radial_velocity, unit: km / s, datatype: float64}
# delimiter: ','
# meta: !!omap
# - __serialized_columns__:
#     dec:
#       __class__: astropy.coordinates.angles.Latitude
#       unit: &id001 !astropy.units.Unit {unit: deg}
#       value: !astropy.table.SerializedColumn {name: dec}
#     distance:
#       __class__: astropy.coordinates.distances.Distance
#       unit: !astropy.units.Unit {unit: kpc}
#       value: !astropy.table.SerializedColumn {name: distance}
#     pm_dec:
#       __class__: astropy.units.quantity.Quantity
#       unit: !astropy.units.Unit {unit: mas / yr}
#       value: !astropy.table.SerializedColumn {name: pm_dec}
#     pm_ra_cosdec:
#       __class__: astropy.units.quantity.Quantity
#       unit: !astropy.units.Unit {unit: mas / yr}
#       value: !astropy.table.SerializedColumn {name: pm_ra_cosdec}
#     ra:
#       __class__: astropy.coordinates.angles.Longitude
#       unit: *id001
#       value: !astropy.table.SerializedColumn {name: ra}
#       wrap_angle: !astropy.coordinates.Angle
#         unit: *id001
#         value: 360.0
#     radial_velocity:
#       __class__: astropy.units.quantity.Quantity
#       unit: !astropy.units.Unit {unit: km / s}
#       value: !astropy.table.SerializedColumn {name: radial_velocity}
# schema: astropy-2.0
ra,dec,distance,pm_ra_cosdec,pm_dec,radial_velocity
134.03764086475874,-17.601067656625585,21.00000000000003,0.0,0.0,0.0
134.02503021198055,-17.349596380279767,21.00000000000001,0.0,0.0,0.0
134.0124540953423,-17.098124316075417,20.999999999999993,0.0,0.0,0.0
133.99991189072162,-16.846651478252856,20.99999999999999,0.0,0.0,0.0
133.98740297995693,-16.59517788091612,20.999999999999982,0.0,0.0,0.0
133.9749267507159,-16.343703538036344,20.999999999999982,0.0,0.0,0.0
133.9624825963668,-16.09222846345434,20.999999999999982,0.0,0.0,0.0
133.9500699158519,-15.84075267088363,20.999999999999986,0.0,0.0,0.0
133.93768811356298,-15.589276173913465,20.999999999999996,0.0,0.0,0.0
133.92533659921872,-15.337798986011322,20.999999999999996,0.0,0.0,0.0
133.9130147877445,-15.086321120525772,21.0,0.0,0.0,0.0
133.90072209915377,-14.834842590689366,21.000000000000007,0.0,0.0,0.0
133.88845795843167,-14.583363409620954,21.000000000000007,0.0,0.0,0.0
133.8762217954203,-14.331883590328669,21.000000000000007,0.0,0.0,0.0
133.86401304470584,-14.080403145712179,21.000000000000014,0.0,0.0,0.0
133.8518311455074,-13.828922088565363,21.00000000000001,0.0,0.0,0.0
133.83967554156771,-13.577440431578978,21.000000000000014,0.0,0.0,0.0
133.82754568104548,-13.325958187342751,21.00000000000001,0.0,0.0,0.0
133.81544101640898,-13.074475368348216,21.00000000000001,0.0,0.0,0.0
133.8033610043319,-12.822991986990731,21.000000000000007,0.0,0.0,0.0
133.79130510558997,-12.571508055571988,21.000000000000004,0.0,0.0,0.0
133.77927278495977,-12.320023586302513,21.000000000000007,0.0,0.0,0.0
133.7672635111184,-12.068538591303613,21.0,0.0,0.0,0.0
133.75527675654484,-11.817053082609768,20.999999999999993,0.0,0.0,0.0
133.7433119974229,-11.565567072171067,20.999999999999993,0.0,0.0,0.0
133.73136871354473,-11.314080571854989,20.99999999999999,0.0,0.0,0.0
133.71944638821665,-11.062593593448973,20.99999999999999,0.0,0.0,0.0
133.7075445081653,-10.811106148662258,20.999999999999993,0.0,0.0,0.0
133.69566256344552,-10.55961824912806,20.999999999999982,0.0,0.0,0.0
133.68380004734928,-10.308129906405854,20.99999999999998,0.0,0.0,0.0
133.6719564563157,-10.056641131983053,20.99999999999998,0.0,0.0,0.0
133.66013128984224,-9.805151937277474,20.99999999999998,0.0,0.0,0.0
133.64832405039675,-9.553662333638945,20.99999999999998,0.0,0.0,0.0
133.63653424333097,-9.302172332351459,20.99999999999998,0.0,0.0,0.0
133.62476137679462,-9.050681944635288,20.999999999999975,0.0,0.0,0.0
133.6130049616506,-8.799191181648611,20.99999999999997,0.0,0.0,0.0
133.60126451139126,-8.547700054489557,20.999999999999975,0.0,0.0,0.0
133.5895395420553,-8.296208574198317,20.99999999999997,0.0,0.0,0.0
133.57782957214576,-8.04471675175857,20.99999999999997,0.0,0.0,0.0
133.56613412254887,-7.793224598099829,20.99999999999997,0.0,0.0,0.0
133.55445271645345,-7.54173212409887,20.99999999999998,0.0,0.0,0.0
133.5427848792715,-7.290239340581708,20.99999999999998,0.0,0.0,0.0
133.53113013855904,-7.038746258325595,20.99999999999998,0.0,0.0,0.0
133.51948802393818,-6.787252888060371,20.99999999999998,0.0,0.0,0.0
133.50785806701958,-6.535759240470718,20.999999999999982,0.0,0.0,0.0
133.4962398013256,-6.2842653261975,20.99999999999998,0.0,0.0,0.0
133.4846327622142,-6.032771155839685,20.999999999999982,0.0,0.0,0.0
133.4730364868035,-5.781276739956216,20.999999999999986,0.0,0.0,0.0
133.46145051389664,-5.529782089067418,20.999999999999982,0.0,0.0,0.0
133.44987438390754,-5.2782872136568155,20.999999999999982,0.0,0.0,0.0
133.43830763878705,-5.026792124173033,20.99999999999999,0.0,0.0,0.0
133.42674982194953,-4.7752968310310715,20.99999999999999,0.0,0.0,0.0
133.41520047820015,-4.52380134461438,20.999999999999986,0.0,0.0,0.0
133.4036591536623,-4.272305675276166,20.999999999999982,0.0,0.0,0.0
133.39212539570585,-4.020809833341173,20.99999999999999,0.0,0.0,0.0
133.38059875287547,-3.769313829107502,20.99999999999999,0.0,0.0,0.0
133.3690787748197,-3.5178176728478165,20.99999999999999,0.0,0.0,0.0
133.3575650122198,-3.2663213748114455,20.999999999999993,0.0,0.0,0.0
133.34605701671958,-3.0148249452255587,20.999999999999993,0.0,0.0,0.0
133.3345543408554,-2.763328394296965,20.999999999999993,0.0,0.0,0.0
133.32305653798585,-2.511831732213864,20.99999999999999,0.0,0.0,0.0
133.31156316222277,-2.260334969147094,20.999999999999996,0.0,0.0,0.0
133.30007376836153,-2.0088381152518884,20.999999999999993,0.0,0.0,0.0
133.28858791181213,-1.7573411806696202,20.999999999999993,0.0,0.0,0.0
133.27710514853027,-1.5058441755289744,20.999999999999996,0.0,0.0,0.0
133.2656250349485,-1.2543471099479875,20.999999999999993,0.0,0.0,0.0
133.25414712790803,-1.002849994035183,20.999999999999993,0.0,0.0,0.0
133.24267098458995,-0.7513528378913376,20.999999999999993,0.0,0.0,0.0
133.23119616244705,-0.4998556516111866,20.99999999999999,0.0,0.0,0.0
133.21972221913566,-0.2483584452845992,20.999999999999993,0.0,0.0,0.0
133.20824871244747,0.0031387710014228573,20.999999999999993,0.0,0.0,0.0
133.1967752002413,0.2546359871615769,20.999999999999996,0.0,0.0,0.0
133.18530124037525,0.5061331931105459,20.999999999999996,0.0,0.0,0.0
133.17382639063845,0.7576303787612707,20.999999999999993,0.0,0.0,0.0
133.1623502086829,1.0091275340237293,20.999999999999996,0.0,0.0,0.0
133.1508722519555,1.26062464880322,20.999999999999996,0.0,0.0,0.0
133.13939207762974,1.5121217129986213,20.999999999999993,0.0,0.0,0.0
133.1279092425373,1.7636187165012451,20.999999999999993,0.0,0.0,0.0
133.1164233030998,2.0151156491928126,20.999999999999993,0.0,0.0,0.0
133.10493381526015,2.2666125009442855,20.999999999999993,0.0,0.0,0.0
133.0934403344138,2.5181092616141325,20.999999999999996,0.0,0.0,0.0
133.0819424153399,2.7696059210465753,20.999999999999993,0.0,0.0,0.0
133.07043961213236,3.021102469070425,20.999999999999993,0.0,0.0,0.0
133.0589314781301,3.2725988954970324,20.999999999999996,0.0,0.0,0.0
133.04741756584798,3.5240951901191035,20.999999999999996,0.0,0.0,0.0
133.0358974269067,3.77559134270893,20.999999999999993,0.0,0.0,0.0
133.02437061196267,4.027087343016626,20.999999999999993,0.0,0.0,0.0
133.0128366706376,4.278583180768851,20.999999999999993,0.0,0.0,0.0
133.00129515144778,4.530078845667029,20.999999999999993,0.0,0.0,0.0
132.98974560173278,4.781574327385558,20.999999999999993,0.0,0.0,0.0
132.9781875675841,5.03306961557056,20.999999999999993,0.0,0.0,0.0
132.96662059377292,5.2845646998378,20.999999999999996,0.0,0.0,0.0
132.95504422367802,5.536059569771419,20.999999999999993,0.0,0.0,0.0
132.9434579992128,5.7875542149221095,20.999999999999993,0.0,0.0,0.0
132.93186146075186,6.039048624805263,20.999999999999993,0.0,0.0,0.0
132.92025414705722,6.290542788899686,20.999999999999993,0.0,0.0,0.0
132.90863559520395,6.5420366966454475,20.999999999999993,0.0,0.0,0.0
132.89700534050507,6.793530337442557,20.99999999999999,0.0,0.0,0.0
132.8853629164362,7.045023700649082,20.999999999999993,0.0,0.0,0.0
132.8737078545593,7.296516775579232,20.999999999999993,0.0,0.0,0.0
132.86203968444585,7.548009551501974,20.999999999999993,0.0,0.0,0.0
132.85035793359935,7.799502017638944,20.999999999999993,0.0,0.0,0.0
132.83866212737718,8.050994163162823,20.999999999999993,0.0,0.0,0.0
132.82695178891174,8.302485977195497,20.999999999999993,0.0,0.0,0.0
132.8152264390307,8.55397744880623,20.99999999999999,0.0,0.0,0.0
132.8034855961766,8.805468567009836,20.999999999999993,0.0,0.0,0.0
132.7917287763256,9.056959320764834,20.99999999999999,0.0,0.0,0.0
132.77995549290543,9.308449698971533,20.999999999999993,0.0,0.0,0.0
132.76816525671228,9.559939690470198,20.99999999999999,0.0,0.0,0.0
132.75635757582705,9.811429284039084,20.999999999999993,0.0,0.0,0.0
132.74453195553053,10.062918468392528,20.99999999999999,0.0,0.0,0.0
132.73268789821756,10.31440723217898,20.999999999999982,0.0,0.0,0.0
132.7208249033103,10.56589556397902,20.999999999999986,0.0,0.0,0.0
132.70894246717035,10.817383452303348,20.999999999999986,0.0,0.0,0.0
132.69704008301005,11.06887088559078,20.999999999999986,0.0,0.0,0.0
132.6851172408022,11.320357852206163,20.999999999999986,0.0,0.0,0.0
132.6731734271893,11.57184434043831,20.999999999999986,0.0,0.0,0.0
132.661208125391,11.823330338497884,20.999999999999986,0.0,0.0,0.0
132.64922081511062,12.074815834515285,20.99999999999999,0.0,0.0,0.0
132.63721097244058,12.326300816538451,20.999999999999982,0.0,0.0,0.0
132.6251780697662,12.577785272530686,20.99999999999999,0.0,0.0,0.0
132.6131215756685,12.829269190368457,20.99999999999999,0.0,0.0,0.0
132.60104095482527,13.080752557839082,20.99999999999999,0.0,0.0,0.0
132.58893566791122,13.33223536263851,20.99999999999999,0.0,0.0,0.0
132.57680517149626,13.583717592368963,20.999999999999986,0.0,0.0,0.0
132.5646489179424,13.835199234536578,20.999999999999993,0.0,0.0,0.0
132.55246635529937,14.086680276549043,20.99999999999999,0.0,0.0,0.0
132.54025692719839,14.338160705713156,20.99999999999999,0.0,0.0,0.0
132.52802007274417,14.589640509232376,20.99999999999999,0.0,0.0,0.0
132.51575522640593,14.84111967420431,20.999999999999996,0.0,0.0,0.0
132.50346181790587,15.092598187618188,20.999999999999993,0.0,0.0,0.0
132.49113927210644,15.344076036352265,20.999999999999993,0.0,0.0,0.0
132.4787870088955,15.595553207171225,20.999999999999996,0.0,0.0,0.0
132.46640444306993,15.847029686723499,21.0,0.0,0.0,0.0
132.45399098421694,16.098505461538565,21.0,0.0,0.0,0.0
132.44154603659376,16.349980518024214,21.0,0.0,0.0,0.0
132.42906899900504,16.601454842463703,21.0,0.0,0.0,0.0
132.4165592646783,16.852928421012972,21.000000000000004,0.0,0.0,0.0
132.40401622113743,17.104401239697705,21.000000000000004,0.0,0.0,0.0
132.39143925007343,17.355873284410404,21.000000000000007,0.0,0.0,0.0
132.37882772721366,17.6073445409074,21.000000000000007,0.0,0.0,0.0
132.36618102218807,17.85881499480578,21.000000000000004,0.0,0.0,0.0
132.3534984983936,18.110284631580306,21.000000000000007,0.0,0.0,0.0
132.34077951285573,18.361753436560253,21.000000000000004,0.0,0.0,0.0
132.32802341608775,18.613221394926175,21.000000000000007,0.0,0.0,0.0
132.31522955194737,18.86468849170666,21.000000000000004,0.0,0.0,0.0
132.30239725749075,19.11615471177495,21.000000000000007,0.0,0.0,0.0
132.2895258628237,19.367620039845615,21.0,0.0,0.0,0.0
132.27661469095008,19.619084460471,21.000000000000004,0.0,0.0,0.0
132.2636630576175,19.870547958037765,21.0,0.0,0.0,0.0
132.25067027115992,20.122010516763257,21.0,0.0,0.0,0.0
132.23763563233717,20.37347212069186,20.999999999999996,0.0,0.0,0.0
132.22455843417154,20.62493275369126,21.0,0.0,0.0,0.0
132.21143796178103,20.87639239944863,20.99999999999999,0.0,0.0,0.0
132.19827349220927,21.127851041466723,20.999999999999993,0.0,0.0,0.0
132.18506429425233,21.379308663059973,20.99999999999999,0.0,0.0,0.0
132.1718096282816,21.63076524735036,20.999999999999993,0.0,0.0,0.0
132.15850874606372,21.882220777263406,20.99999999999999,0.0,0.0,0.0
132.1451608905762,22.133675235523853,20.999999999999986,0.0,0.0,0.0
132.13176529581975,22.385128604651452,20.999999999999986,0.0,0.0,0.0
132.11832118662662,22.636580866956542,20.99999999999998,0.0,0.0,0.0
132.1048277784647,22.888032004535575,20.99999999999998,0.0,0.0,0.0
132.09128427723812,23.139481999266604,20.99999999999998,0.0,0.0,0.0
132.07768987908304,23.390930832804543,20.999999999999975,0.0,0.0,0.0
132.06404377015946,23.64237848657647,20.999999999999975,0.0,0.0,0.0
132.05034512643854,23.893824941776735,20.999999999999975,0.0,0.0,0.0
132.03659311348548,24.145270179362033,20.999999999999975,0.0,0.0,0.0
132.02278688623747,24.396714180046267,20.999999999999975,0.0,0.0,0.0
132.008925588777,24.648156924295414,20.999999999999975,0.0,0.0,0.0
131.99500835410026,24.89959839232224,20.99999999999997,0.0,0.0,0.0
131.98103430388036,25.151038564080846,20.999999999999975,0.0,0.0,0.0
131.96700254822537,25.402477419261174,20.99999999999998,0.0,0.0,0.0
131.9529121854309,25.653914937283325,20.999999999999975,0.0,0.0,0.0
131.93876230172742,25.905351097291817,20.99999999999998,0.0,0.0,0.0
131.9245519710216,26.15678587814962,20.999999999999982,0.0,0.0,0.0
131.9102802546319,26.408219258432165,20.999999999999986,0.0,0.0,0.0
131.89594620101843,26.659651216421143,20.999999999999986,0.0,0.0,0.0
131.881548845506,26.91108173009818,20.999999999999993,0.0,0.0,0.0
131.8670872100015,27.162510777138365,20.999999999999993,0.0,0.0,0.0
131.8525603027044,27.41393833490364,20.999999999999996,0.0,0.0,0.0
131.8379671178106,27.66536438043605,21.000000000000004,0.0,0.0,0.0
131.8233066352092,27.916788890450736,21.000000000000007,0.0,0.0,0.0
131.80857782017247,28.168211841328986,21.000000000000007,0.0,0.0,0.0
131.79377962303826,28.419633209110795,21.00000000000001,0.0,0.0,0.0
131.77891097888494,28.671052969487597,21.000000000000018,0.0,0.0,0.0
131.76397080719843,28.92247109779454,21.000000000000018,0.0,0.0,0.0
131.74895801153176,29.17388756900276,21.000000000000018,0.0,0.0,0.0
131.73387147915557,29.42530235771135,21.00000000000002,0.0,0.0,0.0
131.71871008070104,29.676715438139237,21.00000000000002,0.0,0.0,0.0
131.70347266979337,29.928126784116767,21.00000000000002,0.0,0.0,0.0
131.6881580826769,30.179536369077166,21.000000000000025,0.0,0.0,0.0
131.6727651378303,30.430944166047684,21.00000000000002,0.0,0.0,0.0
131.6572926355731,30.682350147640655,21.000000000000025,0.0,0.0,0.0
131.64173935766152,30.933754286044216,21.000000000000018,0.0,0.0,0.0
131.62610406687494,31.185156553012877,21.000000000000025,0.0,0.0,0.0
131.6103855065915,31.43655691985777,21.00000000000002,0.0,0.0,0.0
131.5945824003532,31.68795535743677,21.00000000000003,0.0,0.0,0.0
131.57869345141984,31.939351836144226,21.00000000000003,0.0,0.0,0.0
131.5627173423117,32.190746325900534,21.000000000000046,0.0,0.0,0.0
131.54665273434028,32.44213879614139,21.000000000000057,0.0,0.0,0.0
