galstreams/tracks/track.st.Phlegethon.ibata2021.ecsv
# %ECSV 0.9
# ---
# datatype:
# - {name: ra, unit: deg, datatype: float64}
# - {name: dec, unit: deg, datatype: float64}
# - {name: distance, unit: kpc, datatype: float64}
# - {name: pm_ra_cosdec, unit: mas / yr, datatype: float64}
# - {name: pm_dec, unit: mas / yr, datatype: float64}
# - {name: radial_velocity, unit: km / s, datatype: float64}
# delimiter: ','
# meta: !!omap
# - __serialized_columns__:
#     dec:
#       __class__: astropy.coordinates.angles.Latitude
#       unit: &id001 !astropy.units.Unit {unit: deg}
#       value: !astropy.table.SerializedColumn {name: dec}
#     distance:
#       __class__: astropy.coordinates.distances.Distance
#       unit: !astropy.units.Unit {unit: kpc}
#       value: !astropy.table.SerializedColumn {name: distance}
#     pm_dec:
#       __class__: astropy.units.quantity.Quantity
#       unit: !astropy.units.Unit {unit: mas / yr}
#       value: !astropy.table.SerializedColumn {name: pm_dec}
#     pm_ra_cosdec:
#       __class__: astropy.units.quantity.Quantity
#       unit: !astropy.units.Unit {unit: mas / yr}
#       value: !astropy.table.SerializedColumn {name: pm_ra_cosdec}
#     ra:
#       __class__: astropy.coordinates.angles.Longitude
#       unit: *id001
#       value: !astropy.table.SerializedColumn {name: ra}
#       wrap_angle: !astropy.coordinates.Angle
#         unit: *id001
#         value: 360.0
#     radial_velocity:
#       __class__: astropy.units.quantity.Quantity
#       unit: !astropy.units.Unit {unit: km / s}
#       value: !astropy.table.SerializedColumn {name: radial_velocity}
# schema: astropy-2.0
ra,dec,distance,pm_ra_cosdec,pm_dec,radial_velocity
[from data line 6208]
325.46375770179037,13.419450339097827,4.068738709064616,1.296953086941196,-21.441749284306347,1.6841534259744676e-14
325.46440109076383,13.429560417416951,4.069342540615848,1.2973982201338692,-21.435092112019156,8.420767129872338e-14
325.4650445772702,13.43967048620144,4.069946640606154,1.297842754603206,-21.42843424529618,-1.6841534259744676e-14
325.4656881615014,13.449780545433853,4.070551009085941,1.2982866901073051,-21.421775684578673,5.0524602779234026e-14
325.4663318436495,13.459890595096805,4.071155646105609,1.2987300264042778,-21.415116430307926,-1.6841534259744676e-14
325.4669756239067,13.470000635172847,4.071760551715566,1.299172763252219,-21.408456482925168,1.6841534259744676e-14
325.46761950246497,13.480110665644558,4.072365725966214,1.2996149004092319,-21.401795842871703,5.0524602779234026e-14
325.46826347951657,13.490220686494506,4.072971168907955,1.3000564376334123,-21.395134510588793,1.6841534259744676e-14
325.46890755525374,13.500330697705289,4.0735768805911965,1.3004973746828377,-21.38847248651772,6.73661370389787e-14
325.4695517298687,13.51044069925947,4.0741828610663395,1.300937711315605,-21.381809771099768,1.6841534259744676e-14
325.4701960035539,13.520550691139636,4.074789110383789,1.3013774472897968,-21.375146364776224,0.0
325.47084037650166,13.530660673328345,4.075395628593947,1.301816582363487,-21.36848226798838,3.368306851948935e-14
325.47148484890437,13.54077064580819,4.076002415747219,1.3022551162947613,-21.36181748117752,5.0524602779234026e-14
325.47212942095456,13.550880608561753,4.076609471894009,1.3026930488416855,-21.355152004784944,0.0
325.4727740928447,13.560990561571593,4.07721679708472,1.3031303797623401,-21.348485839251953,1.6841534259744676e-14
325.47341886476744,13.571100504820302,4.077824391369755,1.30356710881478,-21.34181898501985,1.6841534259744676e-14
325.4740637369154,13.58121043829044,4.07843225479952,1.3040032357570803,-21.335151442529934,3.368306851948935e-14
325.4747087094812,13.591320361964604,4.079040387424418,1.304438760347299,-21.328483212223517,3.368306851948935e-14
325.4753537826576,13.601430275825363,4.079648789294852,1.3048736823434972,-21.321814294541923,3.368306851948935e-14
325.4759989566374,13.611540179855295,4.080257460461226,1.3053080015037295,-21.31514468992645,3.368306851948935e-14
325.4766442316133,13.62165007403697,4.080866400973945,1.3057417175860542,-21.308474398818422,5.0524602779234026e-14
325.47728960777835,13.631759958352983,4.08147561088341,1.306174830348514,-21.301803421659187,0.0
325.4779350853253,13.64186983278589,4.082085090240027,1.3066073395491693,-21.295131758890037,-1.6841534259744676e-14
325.4785806644473,13.651979697318284,4.0826948390942,1.3070392449460608,-21.28845941095231,-1.6841534259744676e-14
325.4792263453372,13.66208955193273,4.083304857496333,1.3074705462972307,-21.281786378287336,5.0524602779234026e-14
325.4798721281882,13.672199396611836,4.083915145496827,1.307901243360727,-21.275112661336465,-3.368306851948935e-14
325.4805180131934,13.682309231338127,4.084525703146089,1.3083313358945858,-21.268438260541032,-1.6841534259744676e-14
325.48116400054585,13.692419056094232,4.085136530494521,1.3087608236568444,-21.261763176342377,-1.6841534259744676e-14
325.48181009043896,13.702528870862709,4.085747627592528,1.3091897064055404,-21.255087409181833,1.6841534259744676e-14
325.48245628306586,13.712638675626131,4.086358994490514,1.3096179838987023,-21.24841095950076,-3.368306851948935e-14
325.4831025786199,13.722748470367067,4.086970631238879,1.3100456558943718,-21.24173382774052,1.6841534259744676e-14
325.48374897729445,13.732858255068113,4.087582537888031,1.3104727221505734,-21.23505601434245,1.6841534259744676e-14
325.48439547928297,13.742968029711855,4.088194714488374,1.3108991824253322,-21.22837751974792,0.0
325.4850420847789,13.753077794280838,4.088807161090308,1.3113250364766782,-21.22169834439829,3.368306851948935e-14
325.48568879397584,13.763187548757683,4.089419877744241,1.311750284062637,-21.21501848873492,-3.368306851948935e-14
325.48633560706725,13.773297293124912,4.090032864500575,1.3121749249412273,-21.20833795319917,3.368306851948935e-14
325.4869825242468,13.78340702736515,4.090646121409713,1.312598958870474,-21.201656738232433,5.0524602779234026e-14
325.48762954570816,13.793516751460965,4.09125964852206,1.3130223856083973,-21.19497484427607,8.420767129872338e-14
325.488276671645,13.803626465394931,4.091873445888019,1.313445204913019,-21.188292271771473,0.0
325.4889239022512,13.813736169149617,4.092487513557994,1.3138674165423525,-21.181609021159996,-3.368306851948935e-14
325.4895712377205,13.823845862707604,4.0931018515823885,1.314289020254416,-21.174925092883043,0.0
325.4902186782469,13.833955546051483,4.093716460011608,1.3147100158072214,-21.168240487381997,0.0
325.4908662240242,13.844065219163816,4.094331338896055,1.3151304029587851,-21.16155520509825,8.420767129872338e-14
325.49151387524637,13.8541748820272,4.094946488286131,1.3155501814671238,-21.15486924647321,-1.6841534259744676e-14
325.4921616321075,13.864284534624193,4.095561908232243,1.315969351090244,-21.14818261194824,-1.6841534259744676e-14
325.49280949480175,13.874394176937388,4.096177598784795,1.3163879115861579,-21.141495301964763,1.6841534259744676e-14
325.49345746352304,13.884503808949358,4.09679355999419,1.3168058627128838,-21.13480731696418,5.0524602779234026e-14
325.49410553846576,13.894613430642677,4.097409791910829,1.3172232042284204,-21.128118657387905,-3.368306851948935e-14
325.4947537198241,13.90472304199993,4.098026294585121,1.317639935890779,-21.121429323677326,3.368306851948935e-14
325.49540200779217,13.914832643003672,4.0986430680674655,1.3180560574579752,-21.11473931627388,-1.6841534259744676e-14
325.4960504025645,13.924942233636518,4.0992601124082695,1.3184715686880104,-21.108048635618953,3.368306851948935e-14
325.49669890433546,13.93505181388102,4.099877427657933,1.318886469338892,-21.101357282153998,-1.6841534259744676e-14
325.4973475132994,13.94516138371978,4.100495013866864,1.3193007591686305,-21.094665256320404,-3.368306851948935e-14
325.4979962296509,13.955270943135325,4.101112871085462,1.3197144379352312,-21.087972558559642,5.0524602779234026e-14
325.4986450535844,13.965380492110297,4.101730999364134,1.3201275053966997,-21.081279189313094,1.6841534259744676e-14
325.4992939852946,13.975490030627245,4.102349398753283,1.3205399613110425,-21.074585149022205,-1.6841534259744676e-14
325.4999430249762,13.985599558668731,4.102968069303313,1.3209518054362674,-21.06789043812842,5.0524602779234026e-14
