galstreams/tracks/track.po.PS1-B.bernard2016.ecsv
# %ECSV 0.9
# ---
# datatype:
# - {name: ra, unit: deg, datatype: float64}
# - {name: dec, unit: deg, datatype: float64}
# - {name: distance, unit: kpc, datatype: float64}
# - {name: pm_ra_cosdec, unit: mas / yr, datatype: float64}
# - {name: pm_dec, unit: mas / yr, datatype: float64}
# - {name: radial_velocity, unit: km / s, datatype: float64}
# delimiter: ','
# meta: !!omap
# - __serialized_columns__:
#     dec:
#       __class__: astropy.coordinates.angles.Latitude
#       unit: &id001 !astropy.units.Unit {unit: deg}
#       value: !astropy.table.SerializedColumn {name: dec}
#     distance:
#       __class__: astropy.coordinates.distances.Distance
#       unit: !astropy.units.Unit {unit: kpc}
#       value: !astropy.table.SerializedColumn {name: distance}
#     pm_dec:
#       __class__: astropy.units.quantity.Quantity
#       unit: !astropy.units.Unit {unit: mas / yr}
#       value: !astropy.table.SerializedColumn {name: pm_dec}
#     pm_ra_cosdec:
#       __class__: astropy.units.quantity.Quantity
#       unit: !astropy.units.Unit {unit: mas / yr}
#       value: !astropy.table.SerializedColumn {name: pm_ra_cosdec}
#     ra:
#       __class__: astropy.coordinates.angles.Longitude
#       unit: *id001
#       value: !astropy.table.SerializedColumn {name: ra}
#       wrap_angle: !astropy.coordinates.Angle
#         unit: *id001
#         value: 360.0
#     radial_velocity:
#       __class__: astropy.units.quantity.Quantity
#       unit: !astropy.units.Unit {unit: km / s}
#       value: !astropy.table.SerializedColumn {name: radial_velocity}
# schema: astropy-2.0
ra,dec,distance,pm_ra_cosdec,pm_dec,radial_velocity
[from data line 232]
146.89173458567603,-13.339858584033335,14.500000000000005,0.0,0.0,0.0
146.89742566052044,-13.331519691881192,14.500000000000005,0.0,0.0,0.0
146.90311634281633,-13.323180672904456,14.500000000000004,0.0,0.0,0.0
146.90880663283934,-13.314841527194227,14.500000000000004,0.0,0.0,0.0
146.91449653086514,-13.30650225484144,14.500000000000004,0.0,0.0,0.0
146.92018603716937,-13.298162855937004,14.500000000000004,0.0,0.0,0.0
146.92587515202754,-13.289823330571958,14.500000000000002,0.0,0.0,0.0
146.93156387571514,-13.28148367883717,14.500000000000002,0.0,0.0,0.0
146.93725220850763,-13.273143900823479,14.500000000000004,0.0,0.0,0.0
146.94294015068039,-13.264803996621865,14.500000000000004,0.0,0.0,0.0
146.94862770250873,-13.256463966323123,14.500000000000004,0.0,0.0,0.0
146.95431486426799,-13.248123810018045,14.500000000000004,0.0,0.0,0.0
146.96000163623327,-13.239783527797519,14.500000000000005,0.0,0.0,0.0
146.96568801867988,-13.231443119752246,14.500000000000004,0.0,0.0,0.0
146.9713740118828,-13.223102585973082,14.500000000000004,0.0,0.0,0.0
146.97705961611712,-13.214761926550725,14.500000000000004,0.0,0.0,0.0
146.98274483165793,-13.206421141575841,14.500000000000002,0.0,0.0,0.0
146.9884296587801,-13.198080231139233,14.500000000000004,0.0,0.0,0.0
146.99411409775846,-13.189739195331526,14.500000000000004,0.0,0.0,0.0
146.99979814886802,-13.181398034243328,14.500000000000004,0.0,0.0,0.0
147.0054818123834,-13.17305674796537,14.500000000000002,0.0,0.0,0.0
147.01116508857947,-13.164715336588166,14.500000000000004,0.0,0.0,0.0
147.01684797773078,-13.156373800202408,14.500000000000004,0.0,0.0,0.0
147.022530480112,-13.148032138898614,14.500000000000004,0.0,0.0,0.0
147.02821259599773,-13.139690352767282,14.500000000000005,0.0,0.0,0.0
147.03389432566243,-13.131348441899037,14.500000000000004,0.0,0.0,0.0
147.03957566938058,-13.123006406384333,14.500000000000005,0.0,0.0,0.0
147.04525662742662,-13.11466424631361,14.500000000000005,0.0,0.0,0.0
147.05093720007486,-13.106321961777423,14.500000000000002,0.0,0.0,0.0
147.05661738759963,-13.097979552866114,14.500000000000005,0.0,0.0,0.0
147.06229719027513,-13.089637019670201,14.500000000000005,0.0,0.0,0.0
147.06797660837555,-13.08129436228003,14.500000000000007,0.0,0.0,0.0
147.07365564217508,-13.072951580785931,14.500000000000005,0.0,0.0,0.0
147.07933429194773,-13.064608675278356,14.500000000000005,0.0,0.0,0.0
147.0850125579676,-13.056265645847585,14.500000000000005,0.0,0.0,0.0
147.0906904405086,-13.04792249258389,14.500000000000005,0.0,0.0,0.0
147.09636793984473,-13.039579215577648,14.500000000000005,0.0,0.0,0.0
147.10204505624975,-13.031235814919084,14.500000000000005,0.0,0.0,0.0
147.10772178999758,-13.0228922906984,14.500000000000004,0.0,0.0,0.0
147.11339814136187,-13.014548643005913,14.500000000000005,0.0,0.0,0.0
147.11907411061645,-13.006204871931738,14.500000000000005,0.0,0.0,0.0
147.12474969803486,-12.997860977566152,14.500000000000004,0.0,0.0,0.0
147.13042490389077,-12.98951695999927,14.500000000000005,0.0,0.0,0.0
147.13609972845774,-12.981172819321182,14.500000000000005,0.0,0.0,0.0
147.14177417200918,-12.972828555622108,14.500000000000005,0.0,0.0,0.0
147.14744823481857,-12.964484168992096,14.500000000000007,0.0,0.0,0.0
147.15312191715932,-12.956139659521183,14.500000000000004,0.0,0.0,0.0
147.15879521930475,-12.947795027299508,14.500000000000005,0.0,0.0,0.0
147.16446814152815,-12.939450272417023,14.500000000000005,0.0,0.0,0.0
147.17014068410265,-12.931105394963833,14.500000000000007,0.0,0.0,0.0
147.17581284730156,-12.92276039502988,14.500000000000005,0.0,0.0,0.0
147.18148463139792,-12.914415272705098,14.500000000000004,0.0,0.0,0.0
147.18715603666482,-12.906070028079519,14.500000000000005,0.0,0.0,0.0
147.1928270633753,-12.897724661243034,14.500000000000005,0.0,0.0,0.0
147.19849771180228,-12.889379172285508,14.500000000000004,0.0,0.0,0.0
147.20416798221865,-12.881033561296913,14.500000000000005,0.0,0.0,0.0
147.20983787489735,-12.872687828367077,14.500000000000005,0.0,0.0,0.0
147.21550739011107,-12.864341973585795,14.500000000000005,0.0,0.0,0.0
147.22117652813264,-12.855995997042987,14.500000000000005,0.0,0.0,0.0
147.22684528923475,-12.847649898828362,14.500000000000005,0.0,0.0,0.0
147.23251367369002,-12.839303679031792,14.500000000000005,0.0,0.0,0.0
147.238181681771,-12.830957337743001,14.500000000000005,0.0,0.0,0.0
147.24384931375033,-12.822610875051677,14.500000000000005,0.0,0.0,0.0
147.2495165699004,-12.814264291047634,14.500000000000005,0.0,0.0,0.0
147.2551834504937,-12.805917585820525,14.500000000000005,0.0,0.0,0.0
147.2608499558026,-12.79757075945998,14.500000000000004,0.0,0.0,0.0
147.26651608609941,-12.789223812055752,14.500000000000004,0.0,0.0,0.0
147.27218184165645,-12.780876743697384,14.500000000000005,0.0,0.0,0.0
147.27784722274586,-12.772529554474586,14.500000000000005,0.0,0.0,0.0
147.28351222963988,-12.764182244476904,14.500000000000004,0.0,0.0,0.0
147.28917686261062,-12.755834813793863,14.500000000000007,0.0,0.0,0.0
147.29484112193012,-12.747487262515117,14.500000000000005,0.0,0.0,0.0
147.30050500787038,-12.739139590730142,14.500000000000005,0.0,0.0,0.0
147.30616852070344,-12.73079179852841,14.500000000000005,0.0,0.0,0.0
147.3118316607011,-12.722443885999507,14.500000000000005,0.0,0.0,0.0
147.31749442813535,-12.714095853232806,14.500000000000004,0.0,0.0,0.0
147.32315682327783,-12.705747700317847,14.500000000000005,0.0,0.0,0.0
147.32881884640042,-12.697399427344017,14.500000000000005,0.0,0.0,0.0
147.3344804977748,-12.68905103440068,14.500000000000005,0.0,0.0,0.0
147.34014177767259,-12.68070252157731,14.500000000000004,0.0,0.0,0.0
147.34580268636537,-12.672353888963233,14.500000000000007,0.0,0.0,0.0
147.35146322412476,-12.664005136647745,14.500000000000005,0.0,0.0,0.0
147.35712339122216,-12.65565626472027,14.500000000000005,0.0,0.0,0.0
147.36278318792907,-12.64730727327006,14.500000000000005,0.0,0.0,0.0
147.36844261451688,-12.63895816238636,14.500000000000005,0.0,0.0,0.0
147.37410167125685,-12.630608932158523,14.500000000000004,0.0,0.0,0.0
147.37976035842038,-12.622259582675698,14.500000000000005,0.0,0.0,0.0
147.38541867627865,-12.613910114027206,14.500000000000004,0.0,0.0,0.0
147.3910766251028,-12.605560526302199,14.500000000000005,0.0,0.0,0.0
147.39673420516405,-12.597210819589819,14.500000000000005,0.0,0.0,0.0
147.4023914167334,-12.588860993979312,14.500000000000005,0.0,0.0,0.0
147.4080482600819,-12.580511049559776,14.500000000000004,0.0,0.0,0.0
147.4137047354806,-12.57216098642029,14.500000000000004,0.0,0.0,0.0
147.41936084320025,-12.56381080465004,14.500000000000004,0.0,0.0,0.0
147.4250165835119,-12.555460504338017,14.500000000000005,0.0,0.0,0.0
147.4306719566863,-12.547110085573374,14.500000000000004,0.0,0.0,0.0
147.4363269629942,-12.538759548445102,14.500000000000007,0.0,0.0,0.0
147.44198160270636,-12.530408893042177,14.500000000000004,0.0,0.0,0.0
147.44763587609341,-12.522058119453684,14.500000000000004,0.0,0.0,0.0
147.453289783426,-12.513707227768563,14.500000000000005,0.0,0.0,0.0
147.45894332497465,-12.505356218075718,14.500000000000004,0.0,0.0,0.0
147.46459650100994,-12.497005090464185,14.500000000000002,0.0,0.0,0.0
147.4702493118023,-12.488653845022784,14.500000000000002,0.0,0.0,0.0
147.4759017576221,-12.480302481840505,14.500000000000005,0.0,0.0,0.0
147.48155383873973,-12.471951001006186,14.500000000000005,0.0,0.0,0.0
147.48720555542556,-12.46359940260863,14.500000000000004,0.0,0.0,0.0
147.49285690794974,-12.45524768673677,14.500000000000005,0.0,0.0,0.0
147.49850789658254,-12.446895853479376,14.500000000000005,0.0,0.0,0.0
147.50415852159415,-12.438543902925193,14.500000000000004,0.0,0.0,0.0
147.50980878325458,-12.430191835163097,14.500000000000004,0.0,0.0,0.0
147.51545868183396,-12.42183965028179,14.500000000000005,0.0,0.0,0.0
147.5211082176023,-12.41348734836997,14.500000000000004,0.0,0.0,0.0
147.5267573908295,-12.405134929516432,14.500000000000005,0.0,0.0,0.0
147.5324062017855,-12.396782393809792,14.500000000000005,0.0,0.0,0.0
147.53805465074015,-12.388429741338815,14.500000000000005,0.0,0.0,0.0
147.54370273796323,-12.38007697219211,14.500000000000004,0.0,0.0,0.0
147.54935046372452,-12.371724086458263,14.500000000000007,0.0,0.0,0.0
147.5549978282937,-12.363371084225983,14.500000000000005,0.0,0.0,0.0
147.56064483194038,-12.355017965583821,14.500000000000005,0.0,0.0,0.0
147.56629147493427,-12.346664730620306,14.500000000000004,0.0,0.0,0.0
147.5719377575448,-12.338311379424086,14.500000000000004,0.0,0.0,0.0
147.57758368004153,-12.329957912083604,14.500000000000004,0.0,0.0,0.0
147.5832292426939,-12.321604328687465,14.500000000000005,0.0,0.0,0.0
147.5888744457713,-12.313250629324125,14.500000000000002,0.0,0.0,0.0
147.59451928954314,-12.304896814082003,14.500000000000005,0.0,0.0,0.0
147.6001637742786,-12.29654288304966,14.500000000000005,0.0,0.0,0.0
147.605807900247,-12.288188836315479,14.500000000000002,0.0,0.0,0.0
147.61145166771752,-12.279834673967827,14.500000000000004,0.0,0.0,0.0
147.61709507695932,-12.2714803960952,14.500000000000004,0.0,0.0,0.0
147.62273812824145,-12.263126002785922,14.500000000000004,0.0,0.0,0.0
147.62838082183305,-12.254771494128306,14.500000000000004,0.0,0.0,0.0
147.634023158003,-12.246416870210783,14.500000000000005,0.0,0.0,0.0
147.6396651370204,-12.238062131121573,14.500000000000005,0.0,0.0,0.0
147.64530675915395,-12.229707276949075,14.500000000000004,0.0,0.0,0.0
147.65094802467263,-12.221352307781512,14.500000000000002,0.0,0.0,0.0
147.65658893384526,-12.212997223707095,14.500000000000004,0.0,0.0,0.0
147.66222948694048,-12.204642024814161,14.500000000000002,0.0,0.0,0.0
147.667869684227,-12.196286711190881,14.500000000000002,0.0,0.0,0.0
147.67350952597363,-12.1879312829254,14.500000000000002,0.0,0.0,0.0
147.67914901244876,-12.179575740105998,14.500000000000002,0.0,0.0,0.0
147.68478814392105,-12.171220082820737,14.500000000000002,0.0,0.0,0.0
147.69042692065892,-12.162864311157852,14.500000000000004,0.0,0.0,0.0
147.6960653429309,-12.154508425205417,14.500000000000002,0.0,0.0,0.0
147.70170341100538,-12.146152425051488,14.500000000000002,0.0,0.0,0.0
147.70734112515066,-12.137796310784235,14.500000000000002,0.0,0.0,0.0
147.7129784856351,-12.129440082491676,14.500000000000002,0.0,0.0,0.0
147.7186154927269,-12.121083740261804,14.500000000000002,0.0,0.0,0.0
147.72425214669428,-12.112727284182736,14.500000000000002,0.0,0.0,0.0
147.72988844780542,-12.10437071434238,14.5,0.0,0.0,0.0
147.73552439632834,-12.096014030828819,14.5,0.0,0.0,0.0
147.74115999253118,-12.087657233729963,14.499999999999998,0.0,0.0,0.0
147.74679523668195,-12.07930032313371,14.499999999999998,0.0,0.0,0.0
147.7524301290485,-12.070943299128086,14.500000000000002,0.0,0.0,0.0
147.7580646698988,-12.062586161800944,14.499999999999998,0.0,0.0,0.0
147.76369885950078,-12.05422891124012,14.500000000000002,0.0,0.0,0.0
147.7693326981221,-12.045871547533583,14.499999999999998,0.0,0.0,0.0
147.7749661860306,-12.037514070769129,14.500000000000002,0.0,0.0,0.0
147.78059932349407,-12.029156481034535,14.499999999999998,0.0,0.0,0.0
147.78623211078,-12.02079877841771,14.5,0.0,0.0,0.0
147.79186454815613,-12.012440963006348,14.499999999999996,0.0,0.0,0.0
147.79749663588993,-12.004083034888312,14.5,0.0,0.0,0.0
147.80312837424898,-11.99572499415131,14.499999999999996,0.0,0.0,0.0
147.80875976350077,-11.987366840883016,14.499999999999998,0.0,0.0,0.0
147.81439080391263,-11.979008575171248,14.5,0.0,0.0,0.0
147.82002149575197,-11.970650197103643,14.499999999999998,0.0,0.0,0.0
147.82565183928614,-11.96229170676783,14.499999999999998,0.0,0.0,0.0
147.83128183478235,-11.953933104251561,14.5,0.0,0.0,0.0
147.83691148250784,-11.945574389642374,14.499999999999998,0.0,0.0,0.0
147.8425407827298,-11.93721556302798,14.500000000000002,0.0,0.0,0.0
147.84816973571535,-11.92885662449593,14.499999999999995,0.0,0.0,0.0
147.85379834173156,-11.920497574133753,14.499999999999996,0.0,0.0,0.0
147.85942660104547,-11.912138412029101,14.499999999999996,0.0,0.0,0.0
147.865054513924,-11.903779138269467,14.499999999999996,0.0,0.0,0.0
147.87068208063417,-11.895419752942322,14.499999999999998,0.0,0.0,0.0
147.8763093014428,-11.887060256135271,14.499999999999996,0.0,0.0,0.0
147.8819361766167,-11.878700647935734,14.499999999999995,0.0,0.0,0.0
147.88756270642278,-11.870340928431137,14.499999999999996,0.0,0.0,0.0
147.89318889112764,-11.861981097709021,14.499999999999995,0.0,0.0,0.0
147.89881473099805,-11.853621155856708,14.499999999999996,0.0,0.0,0.0
147.9044402263006,-11.8452611029617,14.499999999999996,0.0,0.0,0.0
147.9100653773019,-11.836900939111342,14.499999999999993,0.0,0.0,0.0
147.9156901842685,-11.82854066439295,14.499999999999995,0.0,0.0,0.0
147.9213146474669,-11.820180278893972,14.499999999999996,0.0,0.0,0.0
147.9269387671635,-11.811819782701686,14.499999999999995,0.0,0.0,0.0
147.93256254362478,-11.803459175903356,14.499999999999995,0.0,0.0,0.0
147.93818597711703,-11.795098458586372,14.499999999999993,0.0,0.0,0.0
147.94380906790664,-11.78673763083791,14.499999999999995,0.0,0.0,0.0
147.9494318162597,-11.778376692745324,14.499999999999995,0.0,0.0,0.0
147.95505422244258,-11.770015644395796,14.499999999999993,0.0,0.0,0.0
147.96067628672142,-11.761654485876496,14.499999999999993,0.0,0.0,0.0
147.9662980093622,-11.75329321727472,14.499999999999995,0.0,0.0,0.0
147.97191939063114,-11.744931838677596,14.499999999999993,0.0,0.0,0.0
147.9775404307942,-11.73657035017224,14.499999999999993,0.0,0.0,0.0
147.9831611301173,-11.728208751845887,14.499999999999995,0.0,0.0,0.0
147.98878148886646,-11.719847043785565,14.499999999999993,0.0,0.0,0.0
147.99440150730746,-11.71148522607847,14.499999999999993,0.0,0.0,0.0
148.00002118570617,-11.703123298811644,14.499999999999993,0.0,0.0,0.0
148.0056405243284,-11.694761262072102,14.499999999999993,0.0,0.0,0.0
148.0112595234398,-11.68639911594699,14.499999999999993,0.0,0.0,0.0
148.01687818330612,-11.678036860523289,14.499999999999993,0.0,0.0,0.0
148.02249650419304,-11.669674495887959,14.499999999999993,0.0,0.0,0.0
148.028114486366,-11.661312022128087,14.499999999999991,0.0,0.0,0.0
148.03373213009067,-11.652949439330602,14.499999999999993,0.0,0.0,0.0
148.03934943563254,-11.644586747582409,14.499999999999991,0.0,0.0,0.0
148.04496640325698,-11.636223946970535,14.499999999999993,0.0,0.0,0.0
148.05058303322946,-11.627861037581809,14.499999999999988,0.0,0.0,0.0
148.0561993258153,-11.61949801950322,14.499999999999993,0.0,0.0,0.0
148.06181528127982,-11.611134892821601,14.49999999999999,0.0,0.0,0.0
148.06743089988828,-11.602771657623766,14.49999999999999,0.0,0.0,0.0
148.07304618190585,-11.594408313996652,14.499999999999991,0.0,0.0,0.0
148.07866112759774,-11.58604486202704,14.49999999999999,0.0,0.0,0.0
148.0842757372291,-11.57768130180168,14.499999999999991,0.0,0.0,0.0
148.0898900110649,-11.569317633407465,14.49999999999999,0.0,0.0,0.0
148.0955039493703,-11.560953856931059,14.499999999999991,0.0,0.0,0.0
148.10111755241016,-11.552589972459314,14.499999999999991,0.0,0.0,0.0
148.10673082044946,-11.544225980078911,14.49999999999999,0.0,0.0,0.0
148.11234375375307,-11.535861879876519,14.499999999999991,0.0,0.0,0.0
148.11795635258582,-11.527497671938926,14.49999999999999,0.0,0.0,0.0
148.12356861721253,-11.519133356352759,14.49999999999999,0.0,0.0,0.0
148.12918054789793,-11.510768933204634,14.49999999999999,0.0,0.0,0.0
148.1347921449067,-11.50240440258128,14.499999999999991,0.0,0.0,0.0
148.14040340850352,-11.494039764569228,14.49999999999999,0.0,0.0,0.0
148.14601433895294,-11.485675019255176,14.49999999999999,0.0,0.0,0.0
148.1516249365196,-11.47731016672566,14.499999999999988,0.0,0.0,0.0
148.15723520146796,-11.468945207067197,14.499999999999988,0.0,0.0,0.0
148.16284513406245,-11.460580140366433,14.49999999999999,0.0,0.0,0.0
148.16845473456758,-11.45221496670985,14.499999999999991,0.0,0.0,0.0
148.17406400324765,-11.443849686183917,14.49999999999999,0.0,0.0,0.0
148.179672940367,-11.435484298875215,14.49999999999999,0.0,0.0,0.0
148.18528154618988,-11.42711880487018,14.49999999999999,0.0,0.0,0.0
148.19088982098063,-11.418753204255212,14.49999999999999,0.0,0.0,0.0
