galstreams/tracks/track.st.Orphan-Chenab.koposov2019.ecsv
# %ECSV 0.9
# ---
# datatype:
# - {name: ra, unit: deg, datatype: float64}
# - {name: dec, unit: deg, datatype: float64}
# - {name: distance, unit: kpc, datatype: float64}
# - {name: pm_ra_cosdec, unit: mas / yr, datatype: float64}
# - {name: pm_dec, unit: mas / yr, datatype: float64}
# - {name: radial_velocity, unit: km / s, datatype: float64}
# delimiter: ','
# meta: !!omap
# - __serialized_columns__:
#     dec:
#       __class__: astropy.coordinates.angles.Latitude
#       unit: &id001 !astropy.units.Unit {unit: deg}
#       value: !astropy.table.SerializedColumn {name: dec}
#     distance:
#       __class__: astropy.coordinates.distances.Distance
#       unit: !astropy.units.Unit {unit: kpc}
#       value: !astropy.table.SerializedColumn {name: distance}
#     pm_dec:
#       __class__: astropy.units.quantity.Quantity
#       unit: !astropy.units.Unit {unit: mas / yr}
#       value: !astropy.table.SerializedColumn {name: pm_dec}
#     pm_ra_cosdec:
#       __class__: astropy.units.quantity.Quantity
#       unit: !astropy.units.Unit {unit: mas / yr}
#       value: !astropy.table.SerializedColumn {name: pm_ra_cosdec}
#     ra:
#       __class__: astropy.coordinates.angles.Longitude
#       unit: *id001
#       value: !astropy.table.SerializedColumn {name: ra}
#       wrap_angle: !astropy.coordinates.Angle
#         unit: *id001
#         value: 360.0
#     radial_velocity:
#       __class__: astropy.units.quantity.Quantity
#       unit: !astropy.units.Unit {unit: km / s}
#       value: !astropy.table.SerializedColumn {name: radial_velocity}
# schema: astropy-2.0
ra,dec,distance,pm_ra_cosdec,pm_dec,radial_velocity
[from data line 15043]
167.24031129671005,-15.268714528597863,17.294545423822782,-2.164848600759,1.741510671833245,223.4014957984376
167.23646897760014,-15.25935443320429,17.295125868489265,-2.164470556206626,1.7406998960717852,223.41906021005377
167.23262703661638,-15.249994253984257,17.295706313155744,-2.1640925751000744,1.7398890704885122,223.43662462167003
167.228785473473,-15.240633991004986,17.296286757822227,-2.163714657396252,1.7390781951087186,223.45418903328616
167.2249442878842,-15.23127364433375,17.296867202488713,-2.163336803052073,1.7382672699576935,223.4717534449023
167.2211034795644,-15.221913214037748,17.29744764715519,-2.162959012024464,1.7374562950607069,223.4893178565184
167.21726304822795,-15.212552700184203,17.29802809182168,-2.16258128427036,1.7366452704430182,223.50688226813458
167.2134229935894,-15.203192102840267,17.298608536488164,-2.1622036197467054,1.735834196129868,223.5244466797508
167.20958331536337,-15.193831422073142,17.29918898115465,-2.1618260184104585,1.7350230721464892,223.5420110913669
167.20574401326454,-15.184470657949927,17.299769425821133,-2.161448480218582,1.7342118985180968,223.55957550298305
167.20190508700765,-15.175109810537764,17.30034987048762,-2.1610710051280515,1.733400675269893,223.57713991459926
167.19806653630755,-15.165748879903793,17.3009303151541,-2.1606935930958526,1.7325894024270705,223.59470432621535
167.19422836087912,-15.156387866115042,17.30151075982059,-2.1603162440789774,1.7317780800148,223.61226873783153
167.19039056043744,-15.147026769238632,17.302091204487073,-2.1599389580344335,1.7309667080582471,223.62983314944753
167.18655313469756,-15.137665589341552,17.302671649153556,-2.1595617349192304,1.7301552865825545,223.64739756106383
167.18271608337463,-15.128304326490873,17.30325209382004,-2.159184574690398,1.7293438156128635,223.66496197267992
167.17887940618394,-15.118942980753545,17.303832538486525,-2.1588074773049652,1.7285322951742867,223.682526384296
167.17504310284082,-15.109581552196612,17.304412983153014,-2.1584304427199794,1.727720725291937,223.7000907959121
167.17120717306062,-15.100220040887008,17.304993427819497,-2.1580534708924892,1.7269091059909054,223.7176552075283
167.1673716165589,-15.090858446891696,17.305573872485983,-2.157676561779563,1.7260974372962723,223.73521961914443
167.16353643305123,-15.08149677027757,17.306154317152473,-2.1572997153382687,1.7252857192330997,223.75278403076047
167.15970162225327,-15.072135011111591,17.306734761818955,-2.1569229315256937,1.7244739518264467,223.77034844237662
167.1558671838807,-15.062773169460586,17.30731520648544,-2.1565462102989263,1.7236621351013475,223.78791285399282
167.15203311764938,-15.053411245391457,17.307895651151927,-2.156169551615071,1.7228502690828273,223.80547726560897
167.14819942327526,-15.04404923897107,17.308476095818413,-2.1557929554312407,1.7220383537959012,223.823041677225
167.14436610047423,-15.034687150266224,17.309056540484903,-2.1554164217045533,1.7212263892655635,223.84060608884116
167.14053314896242,-15.025324979343745,17.30963698515139,-2.155039950392145,1.720414375516802,223.85817050045716
167.13670056845595,-15.015962726270397,17.31021742981788,-2.154663541451151,1.7196023125745818,223.87573491207328
167.13286835867103,-15.006600391113002,17.31079787448436,-2.1542871948387274,1.7187902004638698,223.89329932368946
167.12902053865182,-14.997242065042464,17.311390534018447,-2.153909445451042,1.717974711013499,223.91067138938226
167.1251577992802,-14.987887570685047,17.311994881504255,-2.153530357072416,1.7171559873557765,223.92785940642693
167.12129543216398,-14.978532993172273,17.312599228990077,-2.153151331725022,1.716337213993344,223.9450474234716
167.11743343701735,-14.969178332572259,17.31320357647589,-2.1527723693652785,1.7155183909515128,223.96223544051614
167.11357181355464,-14.959823588953117,17.313807923961704,-2.1523934699496015,1.714699518255573,223.9794234575609
167.10971056149017,-14.95046876238291,17.31441227144752,-2.152014633434426,1.713880595930806,223.99661147460554
167.10584968053843,-14.941113852929771,17.31501661893334,-2.1516358597761935,1.71306162400248,224.01379949165016
167.1019891704139,-14.931758860661674,17.315620966419157,-2.1512571489313537,1.7122426024958446,224.0309875086948
167.0981290308312,-14.92240378564668,17.316225313904972,-2.150878500856367,1.7114235314361432,224.04817552573942
167.09426926150502,-14.91304862795277,17.316829661390788,-2.150499915507707,1.7106044108485952,224.06536354278413
167.09040986215012,-14.903693387647966,17.317434008876607,-2.150121392841851,1.7097852407584169,224.08255155982874
167.0865508324814,-14.894338064800195,17.318038356362422,-2.1497429328152924,1.708966021190803,224.0997395768734
167.0826921722137,-14.884982659477442,17.31864270384824,-2.1493645353845263,1.7081467521709415,224.11692759391792
167.07883388106208,-14.875627171747595,17.31924705133406,-2.1489862005060654,1.707327433724001,224.13411561096262
167.07497595874162,-14.866271601678605,17.31985139881987,-2.1486079281364283,1.70650806587514,224.15130362800724
167.07111840496748,-14.856915949338319,17.320455746305694,-2.148229718232142,1.7056886486495002,224.1684916450519
167.06726121945488,-14.84756021479465,17.32106009379151,-2.147851570749747,1.7048691820722155,224.18567966209645
167.0634044019192,-14.838204398115389,17.32166444127733,-2.147473485645788,1.7040496661683964,224.2028676791411
167.05954795207583,-14.828848499368416,17.322268788763154,-2.147095462876826,1.703230100963151,224.22005569618574
167.05569186964027,-14.819492518621557,17.322873136248965,-2.1467175023994285,1.7024104864815714,224.23724371323033
167.05183615432802,-14.810136455942533,17.32347748373479,-2.1463396041701683,1.7015908227487269,224.25443173027506
167.0479808058548,-14.800780311399205,17.324081831220607,-2.145961768145637,1.700771109789686,224.27161974731956
167.04412582393627,-14.791424085059234,17.324686178706425,-2.1455839942824255,1.6999513476294925,224.28880776436424
167.04027120828832,-14.782067776990447,17.325290526192244,-2.145206282537145,1.6991315362931867,224.3059957814088
167.03641695862675,-14.772711387260475,17.32589487367806,-2.1448286328664077,1.698311675805787,224.32318379845333
167.03256307466756,-14.763354915937075,17.326499221163882,-2.144451045226837,1.6974917661923061,224.340371815498
167.02870955612678,-14.753998363087883,17.327103568649704,-2.1440735195750693,1.6966718074777343,224.35755983254262
167.02485640272056,-14.744641728780577,17.327707916135523,-2.14369605586775,1.6958517996870568,224.3747478495872
167.02100361416507,-14.735285013082773,17.328312263621346,-2.14331865406153,1.6950317428452404,224.39193586663174
167.01715119017658,-14.725928216062101,17.328916611107164,-2.1429413141130724,1.6942116369772404,224.40912388367644
167.0132991304715,-14.716571337786174,17.329520958592987,-2.1425640359790528,1.6933914821080007,224.426311900721
167.00944743476623,-14.707214378322554,17.330125306078813,-2.142186819616151,1.6925712782624451,224.44349991776562
167.0055961027773,-14.697857337738816,17.330729653564628,-2.1418096649810607,1.691751025465492,224.46068793481015
167.00174513422127,-14.688500216102469,17.331334001050454,-2.1414325720304803,1.6909307237420403,224.47787595185477
166.99789452881487,-14.679143013481085,17.331938348536276,-2.1410555407211245,1.6901103731169793,224.49506396889925
166.99404428627477,-14.669785729942115,17.3325426960221,-2.1406785710097083,1.6892899736151832,224.51225198594392
166.9901944063179,-14.66042836555311,17.333147043507918,-2.1403016628529676,1.6884695252615156,224.52944000298845
166.98634488866108,-14.651070920381445,17.33375139099374,-2.139924816207637,1.6876490280808194,224.54662802003307
166.98249573302138,-14.641713394494662,17.33435573847956,-2.139548031030469,1.6868284820979347,224.56381603707754
166.9786469391158,-14.632355787960083,17.334960085965385,-2.1391713072782186,1.6860078873376771,224.58100405412216
166.9747985066615,-14.622998100845189,17.33556443345121,-2.1387946449076534,1.6851872438248576,224.59819207116675
166.97095043537573,-14.613640333217369,17.33616878093703,-2.1384180438755553,1.6843665515842747,224.61538008821137
166.96710272497577,-14.604282485143962,17.336773128422852,-2.138041504138707,1.6835458106407026,224.63256810525587
166.96325537517902,-14.594924556692334,17.33737747590868,-2.137665025653906,1.6827250210189155,224.64975612230046
166.9594083857029,-14.585566547929808,17.337981823394507,-2.1372886083779563,1.6819041827436638,224.66694413934493
166.95556175626493,-14.576208458923723,17.338586170880323,-2.136912252267676,1.681083295839694,224.68413215638958
166.95170298399677,-14.566853484419363,17.33920145651855,-2.1365348636505965,1.6802599758209034,224.70115946027062
166.9478273668244,-14.557502825455272,17.339831795137922,-2.136156031603192,1.679433325279268,224.7179655922266
166.94395211104043,-14.548152085273417,17.3404621337573,-2.135777261341015,1.678606625616817,224.73477172418254
166.94007721636052,-14.538801263942453,17.341092472376673,-2.135398552820207,1.6777798768586203,224.75157785613854
166.93620268250032,-14.529450361530916,17.34172281099605,-2.135019905996909,1.6769530790297202,224.76838398809446
166.93232850917565,-14.520099378107423,17.342353149615427,-2.134641320827276,1.6761262321551602,224.78519012005046
166.9284546961024,-14.51074831374046,17.342983488234804,-2.134262797267475,1.6752993362599586,224.80199625200635
166.92458124299648,-14.501397168498594,17.34361382685418,-2.133884335273675,1.6744723913691268,224.81880238396232
166.92070814957395,-14.492045942450344,17.344244165473558,-2.1335059348020624,1.6736453975076642,224.8356085159183
166.9168354155509,-14.482694635664163,17.34487450409294,-2.133127595808827,1.6728183547005475,224.8524146478742
166.91296304064352,-14.473343248208543,17.34550484271232,-2.1327493182501733,1.6719912629727527,224.8692207798302
166.90909102456803,-14.463991780151934,17.346135181331697,-2.1323711020823106,1.6711641223492328,224.88602691178613
166.90521936704081,-14.454640231562774,17.34676551995107,-2.1319929472614607,1.6703369328549338,224.902833043742
166.90134806777823,-14.445288602509446,17.347395858570447,-2.1316148537438515,1.6695096945147818,224.91963917569802
166.89747712649685,-14.435936893060394,17.348026197189824,-2.1312368214857234,1.6686824073536979,224.93644530765394
166.89360654291318,-14.426585103283932,17.34865653580921,-2.130858850443325,1.6678550713965798,224.95325143960986
166.88973631674386,-14.41723323324847,17.349286874428586,-2.1304809405729164,1.6670276866683222,224.9700575715658
166.8858664477056,-14.407881283022304,17.34991721304797,-2.1301030918307595,1.6662002531938003,224.98686370352178
166.88199693551525,-14.398529252673768,17.350547551667347,-2.1297253041731374,1.6653727709978763,225.00366983547775
166.87812777988967,-14.38917714227119,17.351177890286724,-2.129347577556333,1.6645452401054053,225.02047596743358
166.8742589805458,-14.379824951882805,17.3518082289061,-2.1289699119366428,1.6637176605412196,225.03728209938947
166.87039053720068,-14.370472681576924,17.352438567525486,-2.1285923072703725,1.6628900323301465,225.05408823134542
166.86652244957136,-14.361120331421722,17.35306890614487,-2.1282147635138324,1.6620623554969927,225.0708943633014
166.8626547173751,-14.351767901485491,17.353699244764247,-2.127837280623352,1.661234630066562,225.08770049525722
166.85878734032912,-14.342415391836392,17.354329583383624,-2.127459858555258,1.660406856063633,225.10450662721323
166.85492031815076,-14.333062802542647,17.354959922003005,-2.127082497265898,1.6595790335129799,225.12131275916906
166.85105365055745,-14.32371013367237,17.35559026062239,-2.126705196711619,1.658751162439358,225.1381188911251
166.84718733726666,-14.314357385293782,17.35622059924177,-2.1263279568487854,1.6579232428675175,225.15492502308095
166.84332137799592,-14.305004557474936,17.356850937861154,-2.125950777633763,1.657095274822184,225.1717311550369
166.83945577246297,-14.295651650284007,17.357481276480534,-2.1255736590229364,1.656267258328081,225.18853728699276
166.8355905203854,-14.28629866378904,17.358111615099922,-2.125196600972689,1.6554391934099102,225.20534341894864
166.8317256214811,-14.27694559805814,17.358741953719296,-2.124819603439423,1.6546110800923692,225.22214955090465
166.82786107546792,-14.26759245315937,17.35937229233868,-2.124442666379543,1.6537829184001334,225.23895568286042
166.82399688206374,-14.258239229160726,17.360002630958068,-2.1240657897494626,1.6529547083578686,225.25576181481642
166.8201330409867,-14.248885926130269,17.36063296957745,-2.1236889735056153,1.6521264499902322,225.27256794677226
166.81626955195478,-14.239532544135956,17.36126330819683,-2.1233122176044286,1.6512981433218594,225.28937407872823
166.81240641468622,-14.230179083245817,17.361893646816213,-2.1229355220023507,1.6504697883773822,225.30618021068415
166.80854362889923,-14.220825543527756,17.362523985435597,-2.1225588866558316,1.6496413851814105,225.32298634263998
166.8046811943122,-14.211471925049786,17.363154324054978,-2.1221823115213376,1.6488129337585484,225.33979247459584
166.80081911064346,-14.20211822787976,17.36378466267436,-2.121805796555338,1.647984434133381,225.35659860655173
166.7969573776115,-14.192764452085646,17.364415001293743,-2.1214293417143137,1.6471558863304878,225.37340473850756
166.7930959949349,-14.18341059773527,17.365045339913134,-2.1210529469547534,1.6463272903744244,225.3902108704635
166.78923496233227,-14.174056664896542,17.36567567853252,-2.1206766122331593,1.6454986462897447,225.40701700241948
166.78537427952233,-14.164702653637343,17.366306017151903,-2.12030033750604,1.6446699541009862,225.42382313437523
166.7815139462238,-14.155348564025424,17.36693635577129,-2.11992412272991,1.6438412138326668,225.44062926633126
166.77765396215563,-14.145994396128682,17.36756669439067,-2.1195479678613003,1.6430124255093017,225.45743539828692
166.77378501830418,-14.136642524210178,17.3682063177974,-2.119171101516829,1.642181997422182,225.47411345252652
166.76989758133345,-14.127295379367935,17.368864735864562,-2.118792734059882,1.6413482989270918,225.4905322464188
166.76601049476784,-14.117948155360928,17.369523153931716,-2.1184144270497662,1.6405145519275792,225.50695104031118
166.7621237583244,-14.108600852258222,17.370181571998884,-2.1180361804423895,1.6396807564484486,225.52336983420352
166.75823737172033,-14.099253470128813,17.370839990066045,-2.1176579941936704,1.6388469125144918,225.53978862809586
166.75435133467283,-14.089906009041751,17.371498408133203,-2.1172798682595326,1.6380130201504883,225.55620742198823
166.75046564689916,-14.080558469065977,17.372156826200364,-2.116901802595909,1.6371790793811982,225.57262621588055
166.74658030811676,-14.0712108502705,17.372815244267528,-2.11652379715875,1.6363450902313774,225.58904500977286
166.74269531804302,-14.061863152724229,17.373473662334685,-2.116145851904004,1.635511052725762,225.60546380366523
166.7388106763955,-14.0525153764961,17.374132080401854,-2.1157679667876335,1.634676966889078,225.62188259755754
166.73492638289176,-14.043167521655063,17.374790498469014,-2.1153901417656127,1.633842832746041,225.63830139145003
166.73104243724953,-14.03381958826998,17.375448916536183,-2.115012376793922,1.6330086503213466,225.65472018534223
166.7271588391865,-14.024471576409757,17.376107334603343,-2.11463467182855,1.6321744196396866,225.67113897923468
166.72327558842053,-14.0151234861432,17.376765752670508,-2.1142570268254963,1.6313401407257273,225.68755777312694
166.71939268466951,-14.005775317539207,17.377424170737665,-2.1138794417407696,1.6305058136041377,225.70397656701925
166.71551012765138,-13.99642707066654,17.37808258880483,-2.1135019165303843,1.629671438299559,225.7203953609116
166.71162791708423,-13.98707874559405,17.378741006871998,-2.1131244511503695,1.6288370148366296,225.736814154804
166.70774605268613,-13.977730342390473,17.37939942493916,-2.112747045556759,1.6280025432399694,225.75323294869625
