galstreams/tracks/track.st.Gaia-8.ibata2020.ecsv
# %ECSV 0.9
# ---
# datatype:
# - {name: ra, unit: deg, datatype: float64}
# - {name: dec, unit: deg, datatype: float64}
# - {name: distance, unit: kpc, datatype: float64}
# - {name: pm_ra_cosdec, unit: mas / yr, datatype: float64}
# - {name: pm_dec, unit: mas / yr, datatype: float64}
# - {name: radial_velocity, unit: km / s, datatype: float64}
# delimiter: ','
# meta: !!omap
# - __serialized_columns__:
#     dec:
#       __class__: astropy.coordinates.angles.Latitude
#       unit: &id001 !astropy.units.Unit {unit: deg}
#       value: !astropy.table.SerializedColumn {name: dec}
#     distance:
#       __class__: astropy.coordinates.distances.Distance
#       unit: !astropy.units.Unit {unit: kpc}
#       value: !astropy.table.SerializedColumn {name: distance}
#     pm_dec:
#       __class__: astropy.units.quantity.Quantity
#       unit: !astropy.units.Unit {unit: mas / yr}
#       value: !astropy.table.SerializedColumn {name: pm_dec}
#     pm_ra_cosdec:
#       __class__: astropy.units.quantity.Quantity
#       unit: !astropy.units.Unit {unit: mas / yr}
#       value: !astropy.table.SerializedColumn {name: pm_ra_cosdec}
#     ra:
#       __class__: astropy.coordinates.angles.Longitude
#       unit: *id001
#       value: !astropy.table.SerializedColumn {name: ra}
#       wrap_angle: !astropy.coordinates.Angle
#         unit: *id001
#         value: 360.0
#     radial_velocity:
#       __class__: astropy.units.quantity.Quantity
#       unit: !astropy.units.Unit {unit: km / s}
#       value: !astropy.table.SerializedColumn {name: radial_velocity}
# schema: astropy-2.0
ra,dec,distance,pm_ra_cosdec,pm_dec,radial_velocity
181.7066673335037,-24.91907209542044,7.467913092473252,-10.122257632629312,-8.529467589752382,-5.0524602779234026e-14
181.8148174922195,-24.87468463051535,7.448820411127611,-10.091797203213524,-8.525556824740125,-3.368306851948935e-14
181.92263300872114,-24.829887716399284,7.430171830572524,-10.062192141406891,-8.521820677502081,-1.6841534259744676e-14
182.03011592651978,-24.784685480283713,7.4119630332692505,-10.033432197711265,-8.518258288119108,-1.6841534259744676e-14
182.13726830975344,-24.739082038178086,7.39418970167904,-10.005507134743386,-8.514868742346811,-3.368306851948935e-14
182.24409224284437,-24.69308149494509,7.376847518263145,-9.978406727256345,-8.511651072183044,3.368306851948935e-14
182.35058983015833,-24.646687944357144,7.35993216548282,-9.95212076215783,-8.50860425643364,8.420767129872338e-14
182.45676319566766,-24.599905469153153,7.343439325799319,-9.926639038525186,-8.5057272212763,5.0524602779234026e-14
182.56261448261648,-24.552738141096295,7.327364681673896,-9.90195136761735,-8.503018840822314,1.0104920555846805e-13
182.6681458531897,-24.505190021032025,7.311703915567808,-9.8780475728838,-8.500477937676166,-3.368306851948935e-14
182.77335948818444,-24.457265158947113,7.2964527099423,-9.85491748997062,-8.498103283492672,8.420767129872338e-14
182.87825758668478,-24.408967594028915,7.281606747258632,-9.832550966723662,-8.49589359953165,1.515738083377021e-13
182.98284236574005,-24.360301354725205,7.267161709978057,-9.810937863189052,-8.493847557209936,6.73661370389787e-14
183.0871160600453,-24.31127045880484,7.253113280561828,-9.790068051610964,-8.491963778650542,1.515738083377021e-13
183.19108092162622,-24.261878913418396,7.239457141471198,-9.769931416426862,-8.490240837228948,1.1789073981821273e-13
183.29473921952604,-24.212130715159805,7.226188975167422,-9.750517854260272,-8.488677258116306,8.420767129872338e-14
183.3980932394968,-24.16202985012786,7.21330446411175,-9.731817273911078,-8.487271518819446,6.73661370389787e-14
183.50114528369306,-24.111580293988666,7.200799290765439,-9.713819596343596,-8.486022049717608,8.420767129872338e-14
183.60389767036946,-24.06078601203807,7.188669137589742,-9.696514754672322,-8.484927234595743,5.0524602779234026e-14
183.70635273358155,-24.009650959264512,7.1769096870459155,-9.67989269414555,-8.483985411174274,1.347322740779574e-13
183.80851282288953,-23.95817908041245,7.165516621595208,-9.663943372126962,-8.48319487163524,1.515738083377021e-13
183.9103803030662,-23.906374310045692,7.154485623698875,-9.64865675807513,-8.482553863144709,1.1789073981821273e-13
184.01195755380735,-23.8542405726114,7.14381237581817,-9.634022833521144,-8.48206058837128,2.020984111169361e-13
184.11324696944655,-23.80178178250391,7.133492560414348,-9.620031592044391,-8.481713206000794,1.347322740779574e-13
184.21425095867252,-23.74900184412933,7.123521859948661,-9.606673039246582,-8.481509831246868,1.347322740779574e-13
184.31497194425057,-23.69590465196969,7.113895956882364,-9.593937192724033,-8.481448536357444,1.515738083377021e-13
184.41541236274713,-23.642494090647954,7.104610533676707,-9.581814082038369,-8.481527351117068,1.6841534259744677e-13
184.51557466425805,-23.588774034992532,7.09566127279295,-9.570293748685636,-8.481744263344943,1.347322740779574e-13
184.61546131214007,-23.53474835010254,7.087043856692341,-9.559366246063993,-8.482097219388617,2.1893994537668078e-13
184.71507478274603,-23.480420891412752,7.078753967836136,-9.549021639439939,-8.482584124613279,1.0104920555846805e-13
184.81441756516355,-23.42579550475873,7.0707872886855885,-9.539250005913196,-8.48320284388654,8.420767129872338e-14
184.91349216095693,-23.370876026442318,7.063139501701952,-9.530041434380383,-8.483951202058696,1.6841534259744677e-13
185.0123010839133,-23.315666283296682,7.05580628934648,-9.521386025497396,-8.484826984438389,1.0104920555846805e-13
185.11084685979102,-23.26017009275196,7.048783334080425,-9.513273891640713,-8.485827937263577,1.8525687685719145e-13
185.20913202607315,-23.20439126290041,7.042066318365042,-9.505695156867555,-8.486951768167827,1.1789073981821273e-13
185.30715913172293,-23.148333592562015,7.035650924661587,-9.498639956875094,-8.488196146641807,2.3578147963642546e-13
185.4049307369439,-23.092000871349786,7.029532835431307,-9.492098438958674,-8.489558704490012,2.5262301389617017e-13
185.502449412943,-23.03539687973496,7.0237077331354625,-9.486060761969076,-8.491037036282613,1.6841534259744677e-13
185.59971774169705,-22.978525389112605,7.018171300235304,-9.480517096269061,-8.492628699802392,1.8525687685719145e-13
185.6967383157232,-22.921390161866555,7.012919219192083,-9.475457623689012,-8.494331216486831,2.020984111169361e-13
185.7935137378524,-22.863994951434837,7.007947172467057,-9.470872537481922,-8.49614207186514,2.5262301389617017e-13
185.8900466210068,-22.80634350237445,7.003250842521477,-9.466752042277667,-8.498058715990378,1.515738083377021e-13
185.9863395879799,-22.748439550426642,6.998825911816599,-9.463086354036681,-8.500078563866513,2.020984111169361e-13
186.0823952712212,-22.690286822581417,6.994668062813674,-9.45986570000303,-8.50219899587049,2.5262301389617017e-13
186.17821631262328,-22.63188903714247,6.990772977973958,-9.457080318657,-8.504417358169167,2.3578147963642546e-13
186.27380536331293,-22.57324990379166,6.987136339758704,-9.454720459667175,-8.506730963131263,1.8525687685719145e-13
186.36916508344567,-22.514373123653247,6.983753830629164,-9.45277638384211,-8.50913708973416,1.8525687685719145e-13
186.46429814200317,-22.455262389358342,6.980621133046593,-9.451238363081613,-8.511632983965601,2.020984111169361e-13
186.55920721659496,-22.395921385108647,6.977733929472245,-9.450096680327709,-8.514215859220338,1.347322740779574e-13
186.65389499326236,-22.33635378674054,6.975087902367371,-9.449341629515281,-8.516882896691573,2.694645481559148e-13
186.7483641662871,-22.276563261788358,6.972678734193228,-9.448963515522466,-8.519631245757374,2.5262301389617017e-13
186.84261743800198,-22.21655346954811,6.970502107411068,-9.448952654120868,-8.522458024361887,1.6841534259744677e-13
186.93665751860576,-22.1563280611403,6.968553704482145,-9.449299371925557,-8.525360319391485,2.694645481559148e-13
187.0304871259811,-22.09589067957306,6.96682920786771,-9.449994006344934,-8.52833518704578,1.8525687685719145e-13
187.1241089855154,-22.035244959804697,6.965324300029022,-9.451026905530568,-8.53137965320353,2.694645481559148e-13
187.2175258299258,-21.974394528805977,6.9640346634273325,-9.45238842832684,-8.534490713783454,2.3578147963642546e-13
187.31074039908623,-21.91334300562249,6.962955980523892,-9.454068944220687,-8.537665335099938,2.020984111169361e-13
187.40375543985883,-21.85209400143614,6.962083933779957,-9.456058833291236,-8.540900454213688,2.5262301389617017e-13
187.49657370592763,-21.79065111962704,6.961414205656781,-9.458348486159581,-8.54419297927733,2.020984111169361e-13
187.5891979576362,-21.729017955834447,6.960942478615615,-9.46092830393849,-8.547539789875941,1.1789073981821273e-13
187.68163096182764,-21.66719809801796,6.960664435117717,-9.463788698182324,-8.550937737362567,2.1893994537668078e-13
187.77387549168856,-21.605195126517916,6.960575757624337,-9.466920090837002,-8.554383645188782,1.6841534259744677e-13
187.86593432659532,-21.543012614115945,6.96067212859673,-9.470312914190139,-8.557874309230222,1.6841534259744677e-13
187.9578102519639,-21.480654126094844,6.960949230496151,-9.473957610821314,-8.561406498107186,1.8525687685719145e-13
188.0495060591027,-21.418123220298153,6.961402745783851,-9.477844633552584,-8.564976953500349,2.5262301389617017e-13
188.14102454506815,-21.355423447189736,6.962028356921085,-9.481964445399162,-8.568582390461533,2.5262301389617017e-13
188.2323685125236,-21.292558349912504,6.962821746369106,-9.486307519520338,-8.572219497719662,2.694645481559148e-13
188.32354076960087,-21.229531464347346,6.963778596589168,-9.490864339170685,-8.575884937981876,1.8525687685719145e-13
188.414544129765,-21.16634631917117,6.964894590042525,-9.495625397651501,-8.579575348229858,2.1893994537668078e-13
188.50538141168175,-21.10300643591511,6.966165409190431,-9.50058119826254,-8.583287340011404,1.6841534259744677e-13
188.59605543908805,-21.03951532902189,6.9675867364941375,-9.505722254254067,-8.5870174997273,1.6841534259744677e-13
188.68656904066512,-20.975876505903297,6.9691542544149,-9.511039088779238,-8.590762388913497,2.5262301389617017e-13
188.77692504991464,-20.912093466996943,6.970863645413972,-9.516522234846773,-8.59451854451867,2.020984111169361e-13
188.86712630503774,-20.84816970582273,6.972710591952607,-9.522162235274031,-8.598282479177199,2.5262301389617017e-13
188.95717564881627,-20.784108709039202,6.974690776492058,-9.527949642640396,-8.602050681477587,1.347322740779574e-13
189.0470759284974,-20.71991395649908,6.976799881493579,-9.533875019241052,-8.605819616226398,2.1893994537668078e-13
189.1368299956804,-20.655588921304965,6.979033589418423,-9.539928937041154,-8.609585724707731,1.8525687685719145e-13
189.2264407062066,-20.5911370698641,6.981387582727843,-9.54610197763033,-8.613345424938291,2.020984111169361e-13
189.31591092005132,-20.526561861943282,6.983857543883097,-9.552384732177664,-8.617095111918132,2.5262301389617017e-13
189.40524350121905,-20.461866750723086,6.986439155345432,-9.558767801386987,-8.620831157877085,1.1789073981821273e-13
189.49444131764074,-20.397055182851663,6.989128099576107,-9.565241795452641,-8.624549912516928,1.515738083377021e-13
189.58350724107368,-20.332130598498576,6.991920059036373,-9.571797334015628,-8.628247703249379,1.515738083377021e-13
189.67244414700428,-20.267096431407673,6.994810716187485,-9.57842504612016,-8.631920835429943,2.3578147963642546e-13
189.7612549145526,-20.20195610895021,6.997795753490695,-9.585115570170663,-8.635565592587675,2.020984111169361e-13
189.84994242638,-20.136713052176983,7.000870853407258,-9.591859553889167,-8.639178236650944,1.6841534259744677e-13
189.93850956859865,-20.07137067587069,7.0040316983984265,-9.598647654273126,-8.642755008169136,2.020984111169361e-13
190.02695923068384,-20.005932388597355,7.007273970925454,-9.605470537553668,-8.646292126530607,1.6841534259744677e-13
190.1152943053882,-19.940401592757894,7.010593353449595,-9.612318879154227,-8.649785790176596,2.1893994537668078e-13
190.20351768865854,-19.87478168463896,7.013985528432106,-9.619183363649638,-8.653232176811507,2.1893994537668078e-13
190.29163227955488,-19.80907605446347,7.017446178334234,-9.626054684725622,-8.656627443609386,1.515738083377021e-13
190.3796409801714,-19.74328808644104,7.020970985617238,-9.632923545138683,-8.659967727416717,1.0104920555846805e-13
190.46754669556023,-19.677421158817616,7.024555632742368,-9.639780656676376,-8.663249144951667,1.515738083377021e-13
190.55535233365657,-19.611478643925235,7.028195802170882,-9.646616740118072,-8.666467792999757,1.8525687685719145e-13
190.64306080520672,-19.545463908230918,7.03188717636403,-9.65342252519598,-8.66961974860605,1.0104920555846805e-13
190.73067502369744,-19.479380312385757,7.035625437783066,-9.660188750556696,-8.67270106926395,1.347322740779574e-13
190.8181979052882,-19.413231211273086,7.039406268889246,-9.666906163723024,-8.675707793100646,2.020984111169361e-13
190.90563236874473,-19.34701995405684,7.043225352143819,-9.673565521056217,-8.678635939059268,1.0104920555846805e-13
190.99298133537468,-19.280749884229206,7.047078370008042,-9.680157587718588,-8.681481507077836,1.8525687685719145e-13
191.08024772896587,-19.214424339657967,7.050961004943169,-9.686673137636436,-8.684240478265055,2.020984111169361e-13
191.16743447572543,-19.148046652633813,7.054868939410452,-9.693102953463374,-8.686908815073057,2.020984111169361e-13
191.2545445042218,-19.081620149916866,7.058797855871145,-9.699437826543916,-8.689482461467094,1.515738083377021e-13
191.3415807453277,-19.015148152783315,7.062743436786503,-9.705668556877445,-8.691957343092305,1.1789073981821273e-13
191.42854613216565,-18.948633977071413,7.06670136461778,-9.711785953082458,-8.69432936743762,1.6841534259744677e-13
191.51544360005485,-18.88208093322733,7.070667321826225,-9.717780832361118,-8.696594423996846,1.1789073981821273e-13
191.60227608645994,-18.815492326350615,7.074636990873096,-9.723644020464084,-8.69874838442701,1.347322740779574e-13
191.68904653094137,-18.748871456239396,7.078606054219646,-9.729366351655603,-8.700787102704059,1.347322740779574e-13
191.77575787510756,-18.68222161743525,7.082570194327128,-9.734938668678872,-8.70270641527595,1.515738083377021e-13
191.86241306256863,-18.61554609926781,7.086525093656793,-9.740351822721632,-8.704502141213204,1.515738083377021e-13
191.94901503889184,-18.54884818589903,7.0904664346699,-9.745596673381945,-8.706170082357028,1.1789073981821273e-13
192.03556675155838,-18.482131156367206,7.094389899827701,-9.750664088634277,-8.707706023465034,1.515738083377021e-13
192.12207114992196,-18.41539828463073,7.098291171591446,-9.755544944795647,-8.709105732354654,6.73661370389787e-14
192.20853118516874,-18.34865283961153,7.102165932422391,-9.760230126492058,-8.710364960044306,8.420767129872338e-14
192.29494981027875,-18.28189808523825,7.106009864781791,-9.764710526624992,-8.711479440892377,1.515738083377021e-13
192.38132997998886,-18.215137280489227,7.109818651130897,-9.768977046338131,-8.712444892734153,1.1789073981821273e-13
192.46767465075703,-18.148373679435135,7.113587973930963,-9.77302059498412,-8.71325701701664,1.1789073981821273e-13
192.5539867807279,-18.081610531281424,7.1173135156432465,-9.776832090091478,-8.713911498931484,3.368306851948935e-14
192.6402693296999,-18.014851080410548,7.120990958728997,-9.780402457331585,-8.714404007546012,6.73661370389787e-14
192.72652525909345,-17.94809856642385,7.12461598564947,-9.783722630485693,-8.714730195932383,8.420767129872338e-14
192.81275753192074,-17.881356224183396,7.128184278865917,-9.786783551412057,-8.714885701295078,1.347322740779574e-13
192.8989691127563,-17.8146272838534,7.131691520839594,-9.789576170012985,-8.714866145096659,8.420767129872338e-14
192.9851629677092,-17.747914970941576,7.135133394031752,-9.792091444201986,-8.714667133181948,6.73661370389787e-14
193.07134206439616,-17.681222506340216,7.138505580903648,-9.794320339870824,-8.71428425590064,6.73661370389787e-14
193.15750937191603,-17.61455310636711,7.141803763916532,-9.7962538308566,-8.713713088228516,1.347322740779574e-13
193.24366786082513,-17.547909982806217,7.145023625531661,-9.79788289890869,-8.712949189887173,3.368306851948935e-14
193.32982050311375,-17.481296342948234,7.148160848210287,-9.799198533655705,-8.71198810546252,1.347322740779574e-13
193.4159702721839,-17.4147153896309,7.151211114413663,-9.80019173257222,-8.710825364521943,1.6841534259744677e-13
193.5021201428279,-17.348170321279223,7.154170106603044,-9.800853500945482,-8.709456481730335,5.0524602779234026e-14
193.5882730912077,-17.28166433194549,7.157033507239683,-9.80117485184192,-8.707876956964993,1.515738083377021e-13
193.6744320948359,-17.215200611349115,7.159796998784832,-9.801146806073469,-8.706082275429461,1.1789073981821273e-13
193.7606001325568,-17.1487823449164,7.162456263699747,-9.800760392163742,-8.704067907766406,1.1789073981821273e-13
193.84678018452894,-17.082412713820098,7.1650069844456805,-9.800006646313939,-8.70182931016958,1.0104920555846805e-13
193.93297523220838,-17.016094895018895,7.167444843483887,-9.79887661236854,-8.699361924494927,1.6841534259744676e-14
194.01918825833266,-16.949832061296757,7.16976552327562,-9.797361341780741,-8.696661178370944,1.347322740779574e-13
194.10542224690576,-16.883627381302137,7.1719647062821315,-9.79545189357756,-8.693722485308301,0.0
194.19168018318365,-16.817484019587116,7.174038074964677,-9.79313933432468,-8.690541244808829,5.0524602779234026e-14
194.27796505366075,-16.751405136646454,7.175981311784508,-9.790414738090927,-8.687112842473962,0.0
194.36427984605692,-16.685393888956504,7.1777900992028805,-9.787269186412406,-8.683432650112609,1.0104920555846805e-13
