galstreams/tracks/track.st.TucanaIII.ibata2024.ecsv
# %ECSV 1.0
# ---
# datatype:
# - {name: ra, unit: deg, datatype: float64}
# - {name: dec, unit: deg, datatype: float64}
# - {name: distance, unit: kpc, datatype: float64}
# - {name: pm_ra_cosdec, unit: mas / yr, datatype: float64}
# - {name: pm_dec, unit: mas / yr, datatype: float64}
# - {name: radial_velocity, unit: km / s, datatype: float64}
# delimiter: ','
# meta: !!omap
# - __serialized_columns__:
#     dec:
#       __class__: astropy.coordinates.angles.Latitude
#       unit: &id001 !astropy.units.Unit {unit: deg}
#       value: !astropy.table.SerializedColumn {name: dec}
#     distance:
#       __class__: astropy.coordinates.distances.Distance
#       unit: !astropy.units.Unit {unit: kpc}
#       value: !astropy.table.SerializedColumn {name: distance}
#     pm_dec:
#       __class__: astropy.units.quantity.Quantity
#       unit: !astropy.units.Unit {unit: mas / yr}
#       value: !astropy.table.SerializedColumn {name: pm_dec}
#     pm_ra_cosdec:
#       __class__: astropy.units.quantity.Quantity
#       unit: !astropy.units.Unit {unit: mas / yr}
#       value: !astropy.table.SerializedColumn {name: pm_ra_cosdec}
#     ra:
#       __class__: astropy.coordinates.angles.Longitude
#       unit: *id001
#       value: !astropy.table.SerializedColumn {name: ra}
#       wrap_angle: !astropy.coordinates.Angle
#         unit: *id001
#         value: 360.0
#     radial_velocity:
#       __class__: astropy.units.quantity.Quantity
#       unit: !astropy.units.Unit {unit: km / s}
#       value: !astropy.table.SerializedColumn {name: radial_velocity}
# schema: astropy-2.0
ra,dec,distance,pm_ra_cosdec,pm_dec,radial_velocity
[from data line 1247]
347.4277596485055,-59.39938862349968,1.0000000000000024,-0.7174625864172608,-2.1284219461391736,-134.5520685662482
347.4082555731731,-59.39557134331705,1.0000000000000024,-0.7188078141146241,-2.128602778506746,-134.5874721324449
347.38875723150534,-59.39173765464844,1.0000000000000024,-0.7201543668455752,-2.1287810113222427,-134.62284074016634
347.3692646505893,-59.387887535565206,1.0000000000000024,-0.7215022439771377,-2.128956639637625,-134.65817452805356
347.34977785753546,-59.38402096414716,1.0000000000000024,-0.722851444871015,-2.1291296585063932,-134.69347363474762
347.3302968794777,-59.380137918482546,1.0000000000000024,-0.7242019688836696,-2.1293000629835817,-134.7287381988895
347.31082174357294,-59.3762383766681,1.0000000000000027,-0.7255538153662537,-2.129467848125838,-134.76396835912027
347.2913524770011,-59.372322316809004,1.0000000000000027,-0.7269069836647253,-2.12963300899135,-134.79916425408092
347.2718891069647,-59.36838971701893,1.0000000000000027,-0.7282614731198094,-2.1297955406399236,-134.83432602241245
347.25243166068884,-59.36444055542008,1.0000000000000027,-0.7296172830670469,-2.1299554381329493,-134.869453802756
347.232980165421,-59.36047481014308,1.0000000000000027,-0.730974412836785,-2.130112696533411,-134.90454773375242
347.21353464843077,-59.356492459327136,1.0000000000000029,-0.7323328617542408,-2.130267310905948,-134.93960795404288
347.1940951370097,-59.35249348111989,1.0000000000000027,-0.7336926291394881,-2.130419276316772,-134.97463460226828
347.17466165847105,-59.34847785367754,1.0000000000000027,-0.7350537143075035,-2.1305685878337624,-135.0096278170698
347.1552342401497,-59.344445555164796,1.0000000000000027,-0.7364161165681615,-2.1307152405264347,-135.04458773708825
347.1358129094018,-59.34039656375491,1.0000000000000027,-0.7377798352262968,-2.130859229465946,-135.07951450096482
347.1163976936049,-59.33633085762964,1.0000000000000027,-0.7391448695816454,-2.131000549725126,-135.1144082473405
347.0969886201572,-59.33224841497929,1.0000000000000029,-0.7405112189289893,-2.131139196378447,-135.14926911485625
347.0775857164779,-59.32814921400274,1.0000000000000027,-0.7418788825580704,-2.131275164502089,-135.18409724215317
347.05818901000674,-59.32403323290738,1.0000000000000027,-0.7432478597536698,-2.131408449173895,-135.21889276787223
347.03879852820387,-59.319900449909206,1.0000000000000027,-0.7446181497955817,-2.1315390454734224,-135.25365583065448
347.0194142985496,-59.31575084323271,1.0000000000000024,-0.7459897519587053,-2.1316669484819,-135.2883865691409
347.0000363485441,-59.311584391111055,1.0000000000000029,-0.7473626655130099,-2.131792153282303,-135.3230851219726
346.98066470570757,-59.307401071785876,1.0000000000000027,-0.7487368897235771,-2.1319146549592993,-135.35775162779052
346.9612993975797,-59.303200863507435,1.0000000000000029,-0.7501124238506081,-2.1320344485992955,-135.39238622523575
346.9419404517195,-59.298983744534596,1.0000000000000027,-0.7514892671494873,-2.1321515292904305,-135.42698905294915
346.92258789570536,-59.29474969313477,1.0000000000000024,-0.752867418870744,-2.1322658921225965,-135.461560249572
346.9032417571346,-59.29049868758401,1.0000000000000027,-0.7542468782601377,-2.132377532187423,-135.49609995374513
346.88390206362317,-59.28623070616697,1.0000000000000027,-0.7556276445586327,-2.1324864445783245,-135.53060830410965
346.8645688428059,-59.28194572717687,1.0000000000000027,-0.7570097170024268,-2.1325926243904583,-135.56508543930653
346.8452421223359,-59.277643728915564,1.0000000000000027,-0.7583930948230182,-2.1326960667207757,-135.5995314979768
346.82592192988443,-59.27332468969353,1.0000000000000027,-0.7597777772471832,-2.132796766668008,-135.6339466187615
346.8066082931408,-59.26898858782986,1.0000000000000027,-0.7611637634969868,-2.1328947193326773,-135.66833094030167
346.7873012398122,-59.264635401652285,1.0000000000000027,-0.7625510527898554,-2.1329899198171294,-135.7026846012384
346.7680007976234,-59.26026510949717,1.0000000000000029,-0.7639396443385702,-2.1330823632254923,-135.7370077402125
346.7487069943164,-59.25587768970948,1.0000000000000027,-0.765329537351302,-2.1331720446637235,-135.77130049586515
346.72941985765067,-59.25147312064284,1.0000000000000027,-0.7667207310316049,-2.133258959239603,-135.80556300683736
346.7101394154026,-59.24705138065954,1.0000000000000024,-0.7681132245784705,-2.1333431020627547,-135.8397954117701
346.69086569536506,-59.24261244813053,1.0000000000000029,-0.7695070171863665,-2.1334244682446375,-135.87399784930446
346.6715987253481,-59.23815630143532,1.0000000000000027,-0.7709021080452012,-2.133503052898554,-135.90817045808143
346.65233853317767,-59.23368291896219,1.0000000000000029,-0.7722984963403907,-2.133578851139685,-135.94231337674205
346.6330851466961,-59.22919227910801,1.0000000000000027,-0.7736961812528946,-2.1336518580850417,-135.97642674392725
346.61383859376184,-59.22468436027837,1.0000000000000027,-0.7750951619591788,-2.1337220688535545,-136.01051069827813
346.5945989022489,-59.22015914088745,1.0000000000000029,-0.776495437631322,-2.1337894785659834,-136.0445653784358
346.575366100047,-59.215616599358185,1.0000000000000029,-0.7778970074369553,-2.133854082345028,-136.07859092304113
346.5561402150612,-59.21105671412214,1.0000000000000029,-0.7792998705393455,-2.133915875315239,-136.11258747073524
346.5369212752117,-59.20647946361956,1.0000000000000029,-0.7807040260974145,-2.1339748526031013,-136.14655516015904
346.5177093084338,-59.20188482629939,1.0000000000000029,-0.7821094732657117,-2.134031009336997,-136.1804941299537
346.4985043426775,-59.197272780619244,1.000000000000003,-0.783516211194486,-2.134084340647229,-136.21440451876018
346.4793064059073,-59.19264330504545,1.0000000000000029,-0.7849242390297198,-2.1341348416660413,-136.24828646521942
346.46011552610213,-59.18799637805298,1.000000000000003,-0.7863335559131168,-2.134182507527573,-136.28214010797257
346.44093173125503,-59.18333197812557,1.0000000000000029,-0.7877441609821254,-2.134227333367951,-136.31596558566056
346.4217550493731,-59.1786500837556,1.0000000000000029,-0.7891560533699984,-2.13426931432522,-136.34976303692451
346.40258550847693,-59.17395067344417,1.0000000000000029,-0.7905692322057929,-2.1343084455393875,-136.38353260040537
346.38342313660104,-59.16923372570107,1.000000000000003,-0.7919836966143698,-2.134344722152427,-136.41727441474416
346.36426796179296,-59.16449921904484,1.000000000000003,-0.7933994457164912,-2.1343781393082804,-136.4509886185819
346.34512001211334,-59.159747132002664,1.0000000000000029,-0.7948164786287837,-2.1344086921528618,-136.48467535055966
346.32597931563606,-59.154977443110496,1.0000000000000029,-0.7962347944637442,-2.1344363758340776,-136.5183347493184
346.30684590044734,-59.15019013091297,1.0000000000000029,-0.7976543923298478,-2.134461185501822,-136.55196695349923
346.28771979464614,-59.14538517396343,1.0000000000000029,-0.7990752713315117,-2.134483116307983,-136.58557210174308
346.2686010263437,-59.14056255082397,1.0000000000000027,-0.8004974305690871,-2.134502163406456,-136.61915033269105
346.2494896236631,-59.1357222400654,1.000000000000003,-0.801920869139011,-2.134518321953161,-136.6527017849841
346.2303856147399,-59.13086422026719,1.0000000000000027,-0.8033455861336511,-2.134531587106016,-136.68622659726321
346.21128902772057,-59.12598847001764,1.0000000000000029,-0.804771580641507,-2.1345419540249786,-136.71972490816952
346.19219989076356,-59.12109496791369,1.0000000000000029,-0.8061988517471352,-2.1345494178720354,-136.75319685634403
346.1731182320385,-59.11618369256103,1.0000000000000029,-0.8076273985311517,-2.1345539738112134,-136.78664258042772
346.154044079726,-59.1112546225741,1.0000000000000029,-0.8090572200703483,-2.134555617008578,-136.82006221906167
346.1349774620175,-59.10630773657606,1.0000000000000029,-0.8104883154376696,-2.134554342632274,-136.8534559108868
346.11591840711515,-59.10134301319877,1.0000000000000029,-0.8119206837021911,-2.1345501458524563,-136.8868237945442
346.0968669432315,-59.0963604310829,1.0000000000000029,-0.8133543239292367,-2.134543021841411,-136.9201660086749
346.07782309858925,-59.09135996887775,1.0000000000000029,-0.8147892351803239,-2.1345329657734275,-136.9534826919199
346.05878690142123,-59.08634160524145,1.0000000000000029,-0.8162254165132596,-2.134519972824929,-136.9867739829202
346.03975837996995,-59.081305318840805,1.0000000000000029,-0.8176628669821118,-2.134504038174395,-137.02004002031688
346.0207375624876,-59.07625108835139,1.0000000000000029,-0.8191015856372084,-2.1344851570024037,-137.05328094275092
346.00172447723577,-59.07117889245753,1.000000000000003,-0.8205415715252911,-2.1344633244916498,-137.08649688886337
345.9827191524851,-59.06608870985223,1.000000000000003,-0.8219828236893787,-2.134438535826888,-137.1196879972953
345.96372161651533,-59.060980519237276,1.0000000000000033,-0.8234253411688881,-2.134410786195028,-137.1528544066876
345.9447318976148,-59.05585429932321,1.000000000000003,-0.8248691229996852,-2.134380070785072,-137.18599625568137
345.92575002408057,-59.050710028829286,1.000000000000003,-0.8263141682140183,-2.1343463847881683,-137.21911368291757
345.90677602421783,-59.04554768648351,1.000000000000003,-0.8277604758406003,-2.134309723397566,-137.25220682703738
345.88780992634014,-59.04036725102261,1.000000000000003,-0.8292080449046217,-2.1342700818086584,-137.28527582668167
345.86885175876864,-59.03516870119208,1.000000000000003,-0.8306568744278158,-2.1342274552189924,-137.3183208204915
345.84990154983257,-59.02995201574614,1.0000000000000033,-0.8321069634283917,-2.134181838828251,-137.351341947108
345.8309593278683,-59.02471717344776,1.000000000000003,-0.8335583109211653,-2.134133227838273,-137.384339345172
345.8120251212197,-59.01946415306867,1.0000000000000029,-0.8350109159175032,-2.1340816174530595,-137.4173131533246
345.79309895823747,-59.014192933389296,1.0000000000000029,-0.8364647774254199,-2.134027002878778,-137.45026351020692
345.7741808672795,-59.00890349319882,1.0000000000000029,-0.8379198944495148,-2.133969379323755,-137.4831905544599
345.7552708767101,-59.003595811295185,1.000000000000003,-0.8393762659911053,-2.1339087419985034,-137.51609442472454
345.73636901489994,-58.99826986648506,1.000000000000003,-0.8408338910481623,-2.1338450861157146,-137.548975259642
345.7174753102262,-58.992925637583845,1.0000000000000033,-0.8422927686153754,-2.1337784068902845,-137.58183319785306
345.6985897910717,-58.98756310341569,1.000000000000003,-0.8437528976841775,-2.133708699539259,-137.61466837799895
345.67971248582535,-58.982182242813465,1.000000000000003,-0.8452142772427806,-2.1336359592819356,-137.64748093872055
345.66084342288156,-58.9767830346188,1.000000000000003,-0.8466769062761661,-2.133560181339771,-137.680271018659
345.64198263064003,-58.97136545768202,1.000000000000003,-0.8481407837661536,-2.13348136093647,-137.71303875645526
345.62313013750565,-58.96592949086226,1.000000000000003,-0.8496059086914016,-2.133399493297931,-137.7457842907504
345.6042859718884,-58.9604751130273,1.000000000000003,-0.8510722800274362,-2.133314573652278,-137.77850776018533
345.5854501622026,-58.95500230305371,1.000000000000003,-0.8525398967467082,-2.1332265972298607,-137.81120930340126
345.5666227368677,-58.94951103982676,1.000000000000003,-0.8540087578185478,-2.133135559263252,-137.84388905903904
345.54780372430696,-58.944001302240444,1.000000000000003,-0.8554788622092597,-2.133041454987268,-137.87654716573974
345.52899315294786,-58.938473069197535,1.000000000000003,-0.8569502088821506,-2.1329442796389824,-137.90918376214444
345.5101910512219,-58.93292631960945,1.0000000000000029,-0.8584227967974902,-2.132844028457681,-137.9417989868941
345.49139744756405,-58.92736103239641,1.000000000000003,-0.8598966249126097,-2.1327406966849516,-137.97439297862977
345.47261237041283,-58.9217771864873,1.000000000000003,-0.8613716921818813,-2.1326342795645754,-138.00696587599245
345.4538358482101,-58.91617476081976,1.0000000000000033,-0.8628479975567607,-2.1325247723426557,-138.03951781762328
345.4350679094006,-58.91055373434009,1.000000000000003,-0.8643255399858201,-2.1324121702675107,-138.0720489421631
345.4163085824319,-58.90491408600339,1.0000000000000033,-0.8658043184147917,-2.132296468589768,-138.10455938825302
345.39755789575423,-58.899255794773396,1.0000000000000033,-0.8672843317865255,-2.132177662562313,-138.13704929453405
345.3788158778202,-58.893578839622606,1.0000000000000033,-0.8687655790411148,-2.132055747440324,-138.16951879964722
345.36008255708464,-58.88788319953221,1.0000000000000033,-0.8702480591158328,-2.131930718481266,-138.20196804223352
345.3413579620042,-58.882168853492075,1.0000000000000033,-0.8717317709452232,-2.131802570944865,-138.23439716093407
345.32264212103746,-58.87643578050082,1.0000000000000033,-0.873216713461062,-2.1316713000931813,-138.26680629438982
345.30393506264437,-58.87068395956571,1.0000000000000033,-0.8747028855924888,-2.1315369011905485,-138.29919558124175
345.2852368152862,-58.864913369702755,1.0000000000000033,-0.8761902862659379,-2.131399369503617,-138.331565160131
345.2665474074256,-58.859123989936634,1.0000000000000033,-0.8776789144051644,-2.131258700301352,-138.3639151696985
345.2478668675258,-58.85331579930072,1.0000000000000033,-0.8791687689313585,-2.1311148888550075,-138.3962457485853
345.2291952240507,-58.84748877683707,1.0000000000000033,-0.8806598487630923,-2.1309679304381834,-138.42855703543236
345.21053250546504,-58.84164290159642,1.0000000000000033,-0.8821521528163649,-2.130817820326781,-138.46084916888083
345.1918787402334,-58.83577815263822,1.0000000000000033,-0.8836456800046775,-2.1306645537990416,-138.49312228757165
345.1732339568206,-58.829894509030545,1.0000000000000033,-0.8851404292389713,-2.1305081261355188,-138.52537653014585
345.1545981836911,-58.82399194985019,1.0000000000000033,-0.8866363994277342,-2.1303485326191183,-138.55761203524446
345.13597144930935,-58.81807045418257,1.0000000000000033,-0.8881335894769995,-2.130185768535073,-138.58982894150847
345.11735378213876,-58.81213000112184,1.0000000000000033,-0.8896319982903762,-2.130019829170985,-138.62202738757895
345.09874521064216,-58.80617056977075,1.0000000000000033,-0.8911316247690402,-2.1298507098167594,-138.65420751209697
345.0801457632814,-58.80019213924073,1.0000000000000033,-0.8926324678118203,-2.129678405764677,-138.6863694537035
345.06155546851693,-58.79419468865188,1.0000000000000033,-0.8941345263152067,-2.1295029123093823,-138.71851335103943
345.04297435480765,-58.78817819713292,1.0000000000000033,-0.8956377991733797,-2.129324224747851,-138.75063934274598
345.0244024506111,-58.78214264382123,1.0000000000000033,-0.8971422852781812,-2.12914233837944,-138.78274756746413
345.0058397843827,-58.77608800786285,1.0000000000000033,-0.8986479835192194,-2.12895724850587,-138.81483816383488
344.98728638457584,-58.77001426841243,1.0000000000000033,-0.9001548927838958,-2.1287689504312386,-138.84691127049916
344.9687422796415,-58.763921404633265,1.0000000000000033,-0.9016630119573783,-2.128577439461992,-138.87896702609808
344.95020749802836,-58.75780939569726,1.0000000000000033,-0.9031723399226275,-2.128382710906978,-138.91100556927267
344.931682068182,-58.751678220784974,1.0000000000000033,-0.9046828755605167,-2.1281847600774118,-138.94302703866398
344.9131660185453,-58.74552785908558,1.0000000000000036,-0.9061946177497306,-2.1279835822869053,-138.97503157291297
344.89465937755807,-58.73935828979682,1.0000000000000033,-0.907707565366882,-2.127779172851435,-139.00701931066075
344.8761621736564,-58.733169492125086,1.0000000000000033,-0.9092217172865475,-2.1275715270893905,-139.0389903905482
344.85767443527294,-58.72696144528537,1.0000000000000036,-0.910737072381202,-2.12736064032155,-139.0709449512165
344.83919619083656,-58.720734128501256,1.0000000000000036,-0.9122536295213699,-2.12714650787108,-139.1028831313065
344.820727468772,-58.71448752100491,1.0000000000000038,-0.9137713875755482,-2.1269291250635547,-139.13480506945936
