galstreams/tracks/track.st.NGC5466.ibata2021.ecsv
# %ECSV 1.0
# ---
# datatype:
# - {name: ra, unit: deg, datatype: float64}
# - {name: dec, unit: deg, datatype: float64}
# - {name: distance, unit: kpc, datatype: float64}
# - {name: pm_ra_cosdec, unit: mas / yr, datatype: float64}
# - {name: pm_dec, unit: mas / yr, datatype: float64}
# - {name: radial_velocity, unit: km / s, datatype: float64}
# delimiter: ','
# meta: !!omap
# - __serialized_columns__:
#     dec:
#       __class__: astropy.coordinates.angles.Latitude
#       unit: &id001 !astropy.units.Unit {unit: deg}
#       value: !astropy.table.SerializedColumn {name: dec}
#     distance:
#       __class__: astropy.coordinates.distances.Distance
#       unit: !astropy.units.Unit {unit: kpc}
#       value: !astropy.table.SerializedColumn {name: distance}
#     pm_dec:
#       __class__: astropy.units.quantity.Quantity
#       unit: !astropy.units.Unit {unit: mas / yr}
#       value: !astropy.table.SerializedColumn {name: pm_dec}
#     pm_ra_cosdec:
#       __class__: astropy.units.quantity.Quantity
#       unit: !astropy.units.Unit {unit: mas / yr}
#       value: !astropy.table.SerializedColumn {name: pm_ra_cosdec}
#     ra:
#       __class__: astropy.coordinates.angles.Longitude
#       unit: *id001
#       value: !astropy.table.SerializedColumn {name: ra}
#       wrap_angle: !astropy.coordinates.Angle
#         unit: *id001
#         value: 360.0
#     radial_velocity:
#       __class__: astropy.units.quantity.Quantity
#       unit: !astropy.units.Unit {unit: km / s}
#       value: !astropy.table.SerializedColumn {name: radial_velocity}
# schema: astropy-2.0
ra,dec,distance,pm_ra_cosdec,pm_dec,radial_velocity
[from data line 1091]
219.1900400604923,23.947103930549847,14.16417857392464,-6.368849439177126,-0.41757746725028955,2.1472956181174462e-13
219.19930249926787,23.941773056789522,14.163916608150597,-6.369946592055548,-0.41696367567619097,1.789413015097872e-13
219.2085650673603,23.936442848203278,14.16365573406119,-6.371042461800398,-0.41635064272043987,1.2841669873055315e-13
219.21782776676153,23.931113307087568,14.16339594923817,-6.372137043811554,-0.415738372384426,5.4734986344170195e-14
219.22709059946388,23.925784435738493,14.163137251263304,-6.373230333489821,-0.4151268686706789,1.0104920555846805e-13
219.23635356745982,23.920456236451756,14.162879637718339,-6.374322326236946,-0.41451613558285877,9.894401377599997e-14
219.2456166727422,23.915128711522687,14.162623106185032,-6.375413017455601,-0.41390617712576705,1.8104649329225526e-13
219.25487991730412,23.909801863246265,14.162367654245143,-6.376502402549398,-0.4132969973053352,1.5578419190263825e-13
219.26414330313895,23.904475693917053,14.162113279480417,-6.377590476922872,-0.4126886001286348,1.894672604221276e-14
219.27340683224028,23.899150205829248,14.161859979472625,-6.378677235981501,-0.41208098960386774,1.6841534259744677e-13
219.28267050660213,23.89382540127669,14.161607751803515,-6.379762675131683,-0.4114741697403705,1.1578554803574466e-13
219.29193432821864,23.88850128255282,14.161356594054844,-6.380846789780758,-0.4108681445486103,1.2631150694808508e-13
219.30119829908432,23.883177851950716,14.161106503808368,-6.381929575336994,-0.4102629180401913,1.8315168507472335e-13
219.31046242119396,23.87785511176307,14.160857478645841,-6.383011027209587,-0.40965849422784273,8.420767129872338e-14
219.31972669654252,23.872533064282194,14.160609516149023,-6.3840911408086685,-0.4090548771254321,1.620997672500425e-13
219.3289911271254,23.867211711800064,14.160362613899666,-6.385169911545298,-0.4084520707479498,-1.2631150694808506e-14
219.3382557149381,23.861891056608204,14.160116769479528,-6.386247334831471,-0.4078500791115227,2.042036028994042e-13
219.34752046197656,23.85657110099783,14.159871980470367,-6.3873234060801,-0.40724890623340293,1.3052189051302125e-13
219.35678537023693,23.851251847259753,14.159628244453934,-6.388398120705043,-0.40664855613197215,1.0736478090587231e-13
219.36605044171557,23.84593329768442,14.159385559011987,-6.389471474121077,-0.4060490328267404,1.0525958912340423e-14
219.37531567840924,23.840615454561885,14.159143921726281,-6.390543461743917,-0.40545034033834654,6.73661370389787e-14
219.38458108231484,23.83529832018185,14.158903330178576,-6.391614078990198,-0.4048524826885521,9.052324664612763e-14
219.39384665542966,23.82998189683362,14.158663781950624,-6.39268332127749,-0.40425546390024936,9.894401377599997e-14
219.40311239975122,23.82466618680614,14.15842527462418,-6.3937511840242935,-0.40365928799745254,9.47336302110638e-14
219.41237831727733,23.819351192387977,14.158187805781003,-6.3948176626500315,-0.4030639590053055,1.221011233831489e-13
219.42164441000605,23.81403691586732,14.157951373002852,-6.3958827525750594,-0.4024694809500702,-2.315710960714893e-14
219.4309106799357,23.808723359531978,14.157715973871477,-6.3969464492206605,-0.4018758578591398,1.49468616555234e-13
219.44017712906492,23.803410525669396,14.157481605968632,-6.398008748009046,-0.40128309376102567,1.1578554803574466e-13
219.4494437593926,23.79809841656665,14.15724826687608,-6.39906964436335,-0.4006911926853626,1.4736342477276593e-13
219.45871057291797,23.79278703451043,14.157015954175575,-6.400129133707643,-0.40010015866290827,6.73661370389787e-14
219.46797757164038,23.787476381787044,14.15678466544887,-6.401187211466915,-0.3995099957255433,1.1157516447080849e-13
219.4772447575596,23.782166460682454,14.15655439827772,-6.402243873067089,-0.39892070790626694,1.368374658604255e-13
219.48651213267559,23.77685727348223,14.156325150243887,-6.40329911393501,-0.3983322992391996,1.8525687685719145e-13
219.4957796989886,23.771548822471566,14.156096918929123,-6.404352929498449,-0.39774477375958356,1.9367764398706378e-13
219.50504745849923,23.766241109935287,14.155869701915183,-6.405405315186107,-0.3971581355037747,6.947132882144679e-14
219.5143154132082,23.76093413815785,14.15564349678382,-6.406456266427608,-0.39657238850925597,1.5367900012017016e-13
219.52358356511672,23.75562790942333,14.1554183011168,-6.407505778653505,-0.39598753681461885,7.157652060391487e-14
219.53285191622598,23.750322426015444,14.155194112495872,-6.408553847295273,-0.395403584459582,1.5578419190263825e-13
219.54212046853772,23.745017690217512,14.154970928502797,-6.409600467785314,-0.3948205354849747,2.7578012350331905e-13
219.5513892240538,23.739713704312503,14.15474874671932,-6.410645635556955,-0.39423839393274296,1.368374658604255e-13
219.56065818477637,23.73441047058302,14.154527564727205,-6.411689346044451,-0.39365716384594845,1.4525823299029783e-13
219.56992735270788,23.729107991311256,14.154307380108209,-6.412731594682976,-0.39307684926877284,7.999728773378721e-14
219.57919672985108,23.723806268779075,14.154088190444085,-6.4137723769086294,-0.392497454246506,1.0104920555846805e-13
219.58846631820887,23.718505305267946,14.15386999331659,-6.414811688158436,-0.3919189828255577,1.5578419190263825e-13
219.59773611978457,23.713205103058964,14.153652786307479,-6.4158495238703495,-0.39134143905344504,1.0525958912340423e-13
219.6070061365817,23.70790566443287,14.153436566998508,-6.416885879483241,-0.3907648269788025,1.1368035625327657e-13
219.616276370604,23.702606991670017,14.153221332971436,-6.417920750436906,-0.39018915065137605,1.8104649329225526e-13
219.6255468238556,23.697309087050385,14.153007081808015,-6.418954132172065,-0.3896144141220202,8.841805486365955e-14
219.63481749834074,23.692011952853612,14.152793811090003,-6.41998602013036,-0.3890406214427069,1.9578283576953187e-13
219.64408839606412,23.686715591358922,14.152581518399154,-6.4210164097543565,-0.3884677766665142,2.3788667141889356e-13
219.6533595190306,23.681420004845208,14.152370201317224,-6.422045296487546,-0.38789588384762863,1.5999457546757442e-13
219.66263086924525,23.67612519559096,14.15215985742597,-6.423072675774337,-0.3873249470413513,1.768361097273191e-13
219.67190244871355,23.670831165874315,14.151950484307148,-6.424098543060061,-0.386754970304089,7.999728773378721e-14
219.68117425944115,23.66553791797304,14.151742079542517,-6.425122893790973,-0.3861859576933572,6.315575347404254e-14
219.69044630343402,23.660245454164524,14.151534640713827,-6.426145723414253,-0.3856179132677807,1.3262708229548932e-13
219.69971858269832,23.654953776725797,14.151328165402838,-6.427167027377995,-0.3850508410870885,1.894672604221276e-13
219.70899109924062,23.649662887933506,14.151122651191306,-6.428186801131218,-0.3844847452121192,2.2209773305038292e-13
219.71826385506762,23.644372790063944,14.150918095660982,-6.429205040123867,-0.38391962970481486,6.947132882144679e-14
219.72753685218635,23.63908348539301,14.150714496393629,-6.4302217398068,-0.3833554986282268,8.315507540748934e-14
219.7368100926041,23.633794976196253,14.150511850970998,-6.431236895631799,-0.38279235604650774,1.4525823299029783e-13
219.74608357832844,23.628507264748862,14.150310156974847,-6.432250503051568,-0.38223020602491525,2.7367493172085098e-14
219.75535731136716,23.62322035332563,14.150109411986934,-6.433262557519727,-0.3816690526298143,1.4210044531659572e-13
219.76463129372837,23.617934244200992,14.149909613589008,-6.434273054490822,-0.38110889992866753,9.47336302110638e-14
219.77390552742045,23.612648939649034,14.149710759362828,-6.435281989420313,-0.3805497519900462,1.5578419190263825e-13
219.783180014452,23.607364441943435,14.149512846890156,-6.43628935776458,-0.3799916128836166,1.7999389740102124e-13
219.79245475683194,23.602080753357544,14.149315873752741,-6.437295154980926,-0.3794344866801533,8.420767129872338e-14
219.80172975656942,23.596797876164306,14.149119837532341,-6.438299376527571,-0.3788783774515308,-3.1577876737021266e-15
219.81100501567383,23.59151581263633,14.148924735810713,-6.439302017863657,-0.37832328927072034,1.6631015081497867e-13
219.82028053615488,23.58623456504584,14.148730566169611,-6.440303074449237,-0.3777692262117965,1.3999525353412762e-13
219.82955632002253,23.580954135664694,14.14853732619079,-6.441302541745291,-0.37721619234993276,1.8315168507472335e-13
219.83883236928705,23.575674526764377,14.148345013456012,-6.442300415213708,-0.376664191761399,1.2631150694808506e-14
219.84810868595883,23.570395740616018,14.148153625547026,-6.443296690317307,-0.3761132285235686,8.736545897242551e-14
219.8573852720487,23.565117779490382,14.147963160045588,-6.444291362519815,-0.37556330671490684,2.4736003443999996e-13
219.86666212956766,23.559840645657847,14.14777361453346,-6.4452844272858805,-0.37501443041497823,1.9367764398706378e-13
219.875939260527,23.554564341388435,14.147584986592394,-6.446275880081069,-0.3744666037044452,5.3682390452936155e-14
219.88521666693822,23.549288868951802,14.147397273804147,-6.447265716371862,-0.37391983066506734,2.094665823555744e-13
219.8944943508132,23.544014230617236,14.147210473750473,-6.4482539316256595,-0.3733741153796933,-3.1577876737021266e-15
219.90377231416397,23.538740428653664,14.14702458401313,-6.449240521310779,-0.37282946193227895,1.894672604221276e-13
219.9130505590029,23.533467465329633,14.146839602173873,-6.450225480896449,-0.3722858744078595,1.2631150694808508e-13
219.92232908734258,23.52819534291333,14.146655525814456,-6.451208805852826,-0.37174335689257576,1.6841534259744677e-13
219.93160790119586,23.522924063672587,14.14647235251664,-6.452190491650967,-0.3712019134736541,1.4210044531659572e-13
219.94088700257592,23.517653629874857,14.146290079862176,-6.453170533762858,-0.3706615482394203,8.315507540748934e-14
219.95016639349612,23.512384043787225,14.14610870543282,-6.454148927661395,-0.3701222652792903,2.094665823555744e-13
219.95944607597013,23.507115307676422,14.145928226810332,-6.455125668820388,-0.36958406868376587,5.4734986344170195e-14
219.96872605201187,23.501847423808798,14.14574864157647,-6.456100752714564,-0.36904696254445085,2.315710960714893e-13
219.97800632363555,23.496580394450362,14.14556994731298,-6.457074174819573,-0.36851095095402814,8.94706507548936e-14
219.98728689285556,23.49131422186673,14.145392141601628,-6.458045930611962,-0.36797603800628087,1.1999593160068083e-13
219.9965677616867,23.48604890832317,14.14521522202416,-6.45901601556921,-0.36744222779607505,1.894672604221276e-13
220.00584893214386,23.480784456084564,14.145039186162345,-6.4599844251697025,-0.3669095244193671,-3.789345208442552e-14
220.0151304062423,23.475520867415476,14.144864031597923,-6.46095115489274,-0.366377931973205,2.2104513715914888e-13
220.0244121859975,23.470258144580047,14.144689755912662,-6.461916200218535,-0.3658474545557205,1.968354316607659e-13
220.03369427342528,23.464996289842105,14.144516356688316,-6.46287955662822,-0.36531809626613226,7.578690416885104e-14
220.04297667054163,23.45973530546507,14.144343831506639,-6.4638412196038315,-0.3647898612047526,1.547315960114042e-13
220.0522593793628,23.454475193712025,14.144172177949384,-6.464801184628332,-0.3642627534729725,1.315744864042553e-13
220.06154240190537,23.449215956845684,14.144001393598312,-6.465759447185586,-0.3637367771732731,1.9788802755199994e-13
220.07082574018614,23.44395759712839,14.143831476035176,-6.4667160027603785,-0.36321193640921845,7.157652060391487e-14
220.08010939622216,23.438700116822133,14.143662422841732,-6.467670846838401,-0.36268823528545996,7.999728773378721e-14
220.08939337203077,23.433443518188522,14.143494231599737,-6.4686239749062615,-0.36216567790772913,1.1999593160068083e-13
220.09867766962955,23.428187803488825,14.14332689989095,-6.469575382451479,-0.3616442683828444,-3.368306851948935e-14
220.10796229103633,23.422932974983926,14.143160425297122,-6.470525064962487,-0.3611240108187091,1.968354316607659e-13
220.11724723826927,23.41767903493437,14.142994805400013,-6.471473017928629,-0.3606049093243005,1.5578419190263825e-13
220.1265325133467,23.412425985600308,14.142830037781373,-6.472419236840162,-0.36008696800969087,1.6946793848868082e-13
220.13581811828726,23.407173829241554,14.142666120022962,-6.473363717188249,-0.3595701909860208,5.3682390452936155e-14
220.14510405510984,23.40192256811755,14.142503049706534,-6.474306454464974,-0.35905458236552057,4.4209027431829774e-14
220.15439032583356,23.39667220448737,14.142340824413848,-6.475247444163324,-0.35854014626149977,9.47336302110638e-15
220.1636769324778,23.391422740609734,14.14217944172666,-6.4761866817771985,-0.358026886788345,1.6315236314127656e-13
220.17296387706236,23.386174178742994,14.142018899226725,-6.477124162801411,-0.3575148080615227,3.1577876737021266e-15
220.182251161607,23.380926521145152,14.141859194495796,-6.478059882731683,-0.35700391419758126,5.789277401787233e-14
220.19153878813202,23.37567977007383,14.141700325115627,-6.47899383706465,-0.35649420931414627,1.968354316607659e-13
220.20082675865783,23.370433927786294,14.141542288667983,-6.47992602129785,-0.35598569752991577,8.841805486365955e-14
220.2101150752051,23.365188996539466,14.141385082734613,-6.480856430929736,-0.35547838296467277,1.8841466453089356e-13
220.2194037397948,23.359944978589873,14.141228704897275,-6.481785061459672,-0.35497226973927254,1.273641028393191e-13
220.22869275444822,23.35470187619371,14.141073152737727,-6.482711908387931,-0.3544673619756487,6.21031575828085e-14
220.23798212118672,23.349459691606803,14.140918423837721,-6.483636967215694,-0.35396366379681027,1.7367832205361698e-13
220.24727184203212,23.34421842708461,14.140764515779013,-6.484560233445054,-0.3534611793268372,2.1051917824680845e-15
220.25656191900634,23.338978084882235,14.140611426143364,-6.485481702579003,-0.35295991269089305,2.1578215770297867e-13
220.2658523541317,23.33373866725441,14.140459152512522,-6.48640137012146,-0.3524598680152058,3.263047262825531e-14
220.27514314943068,23.32850017645553,14.14030769246825,-6.4873192315772314,-0.35196104942708495,1.2841669873055315e-13
220.28443430692602,23.3232626147396,14.140157043592302,-6.488235282452051,-0.3514634610549082,1.9367764398706378e-13
220.29372582864076,23.318025984360293,14.140007203466435,-6.489149518252546,-0.35096710702812617,1.5788938368510635e-13
220.3030177165982,23.312790287570902,14.139858169672397,-6.490061934486267,-0.3504719914772629,9.894401377599997e-14
220.31230997282182,23.307555526624366,14.139709939791954,-6.490972526661656,-0.34997811853391525,9.052324664612763e-14
220.32160259933545,23.302321703773277,14.13956251140686,-6.491881290288072,-0.349485492330748,9.999660966723402e-14
220.33089559816312,23.29708882126983,14.139415882098868,-6.492788220875778,-0.3489941170014999,1.547315960114042e-13
220.34018897132916,23.291856881365916,14.13927004944973,-6.493693313935955,-0.348503996680974,1.221011233831489e-13
220.34948272085808,23.286625886313015,14.139125011041209,-6.494596564980668,-0.3480151355050518,9.157584253736168e-14
220.35877684877474,23.281395838362272,14.138980764455061,-6.495497969522914,-0.34752753761067534,1.7578351383608505e-13
220.36807135710418,23.276166739764484,14.13883730727304,-6.4963975230765785,-0.347041207135858,1.1052256857957444e-13
220.37736624787178,23.270938592770054,14.1386946370769,-6.497295221156467,-0.34655614821968106,1.6631015081497867e-13
220.38666152310307,23.265711399629065,14.138552751448398,-6.49819105927828,-0.34607236500229577,5.894536990910637e-14
220.39595718482389,23.26048516259122,14.138411647969292,-6.499085032958628,-0.34558986162491645,6.315575347404254e-14
220.40525323506037,23.255259883905868,14.138271324221336,-6.4999771377150335,-0.34510864222982596,1.3683746586042549e-14
220.4145496758388,23.250035565822,14.138131777786285,-6.500867369065915,-0.34462871096037395,4.315643154059573e-14
220.4238465091858,23.24481221058825,14.137993006245901,-6.501755722530603,-0.34415007196097114,7.789209595131913e-14
