galstreams/tracks/track.st.New-17.ibata2024.ecsv
# %ECSV 1.0
# ---
# datatype:
# - {name: ra, unit: deg, datatype: float64}
# - {name: dec, unit: deg, datatype: float64}
# - {name: distance, unit: kpc, datatype: float64}
# - {name: pm_ra_cosdec, unit: mas / yr, datatype: float64}
# - {name: pm_dec, unit: mas / yr, datatype: float64}
# - {name: radial_velocity, unit: km / s, datatype: float64}
# delimiter: ','
# meta: !!omap
# - __serialized_columns__:
#     dec:
#       __class__: astropy.coordinates.angles.Latitude
#       unit: &id001 !astropy.units.Unit {unit: deg}
#       value: !astropy.table.SerializedColumn {name: dec}
#     distance:
#       __class__: astropy.coordinates.distances.Distance
#       unit: !astropy.units.Unit {unit: kpc}
#       value: !astropy.table.SerializedColumn {name: distance}
#     pm_dec:
#       __class__: astropy.units.quantity.Quantity
#       unit: !astropy.units.Unit {unit: mas / yr}
#       value: !astropy.table.SerializedColumn {name: pm_dec}
#     pm_ra_cosdec:
#       __class__: astropy.units.quantity.Quantity
#       unit: !astropy.units.Unit {unit: mas / yr}
#       value: !astropy.table.SerializedColumn {name: pm_ra_cosdec}
#     ra:
#       __class__: astropy.coordinates.angles.Longitude
#       unit: *id001
#       value: !astropy.table.SerializedColumn {name: ra}
#       wrap_angle: !astropy.coordinates.Angle
#         unit: *id001
#         value: 360.0
#     radial_velocity:
#       __class__: astropy.units.quantity.Quantity
#       unit: !astropy.units.Unit {unit: km / s}
#       value: !astropy.table.SerializedColumn {name: radial_velocity}
# schema: astropy-2.0
ra,dec,distance,pm_ra_cosdec,pm_dec,radial_velocity
[from data line 142]
206.5209981942678,22.515813846808012,0.9999999999999992,-22.544643625358127,-0.7274620763044339,999.9999999999987
206.52961686443683,22.50829759459626,0.9999999999999993,-22.547771866562158,-0.7241075199461164,999.999999999999
206.53824286085876,22.50079473170874,0.9999999999999992,-22.550891782005877,-0.7207546030540612,999.9999999999992
206.54687616242245,22.493305219094427,0.9999999999999993,-22.554003371709726,-0.7174033336571597,999.9999999999993
206.5555167480162,22.48582901770616,0.9999999999999993,-22.557106635698148,-0.7140537197827541,999.999999999999
206.56416459652763,22.478366088500707,0.9999999999999993,-22.560201573999876,-0.710705769456581,999.999999999999
206.57281968684362,22.470916392438696,0.9999999999999992,-22.5632881866473,-0.707359490702899,999.999999999999
206.58148199785015,22.46347989048467,0.9999999999999993,-22.5663664736769,-0.7040148915442472,999.999999999999
206.59015150843254,22.456056543607115,0.9999999999999993,-22.569436435129248,-0.7006719800017436,999.999999999999
206.59882819747514,22.44864631277843,0.9999999999999991,-22.572498071048834,-0.6973307640949429,999.9999999999987
206.60751204386133,22.441249158974955,0.9999999999999993,-22.57555138148399,-0.6939912518417373,999.999999999999
206.6162030264736,22.433865043176983,0.9999999999999993,-22.578596366487183,-0.6906534512586688,999.9999999999992
206.62490112419346,22.426493926368764,0.9999999999999992,-22.58163302611488,-0.687317370360546,999.9999999999989
206.6336063159012,22.419135769538528,0.9999999999999992,-22.58466136042727,-0.6839830171607133,999.999999999999
206.64231858047617,22.41179053367847,0.9999999999999992,-22.587681369488664,-0.6806503996710234,999.9999999999992
206.6510378967965,22.404458179784786,0.9999999999999993,-22.590693053367296,-0.6773195259017086,999.999999999999
206.6597642437391,22.39713866885769,0.9999999999999992,-22.59369641213518,-0.6739904038616942,999.999999999999
206.6684976001797,22.38983196190137,0.9999999999999993,-22.59669144586853,-0.6706630415579724,999.9999999999992
206.67723794499275,22.382538019924073,0.9999999999999991,-22.599678154647265,-0.6673374469964983,999.9999999999989
206.6859852570513,22.37525680393805,0.9999999999999992,-22.602656538555216,-0.6640136281813653,999.9999999999992
206.69473951522713,22.367988274959604,0.9999999999999992,-22.605626597680235,-0.6606915931153026,999.9999999999989
206.7035006983905,22.360732394009087,0.9999999999999993,-22.60858833211406,-0.657371349799476,999.999999999999
206.71226878541032,22.353489122110926,0.9999999999999993,-22.611541741952152,-0.6540529062337015,999.9999999999992
206.72104375515394,22.346258420293587,0.9999999999999991,-22.614486827294115,-0.6507362704160471,999.9999999999992
206.7298255864872,22.339040249589637,0.9999999999999993,-22.617423588243213,-0.6474214503432592,999.999999999999
206.7386142582743,22.331834571035742,0.9999999999999993,-22.62035202490663,-0.6441084540105777,999.9999999999992
206.74740974937788,22.32464134567265,0.9999999999999992,-22.62327213739556,-0.6407972894117506,999.9999999999989
206.7562120386589,22.31746053454522,0.9999999999999993,-22.62618392582482,-0.6374879645389484,999.9999999999992
206.7650211049766,22.31029209870243,0.9999999999999993,-22.62908739031336,-0.6341804873829631,999.9999999999992
206.77383692718846,22.30313599919739,0.9999999999999994,-22.631982530983713,-0.6308748659331087,999.9999999999989
206.78265948415014,22.295992197087365,0.9999999999999994,-22.634869347962287,-0.6275711081771931,999.999999999999
206.79148875471554,22.288860653433723,0.9999999999999996,-22.637747841379536,-0.6242692221015318,999.9999999999989
206.8003247177367,22.28174132930202,0.9999999999999996,-22.640618011369618,-0.6209692156910478,999.999999999999
206.80916735206358,22.274634185761972,0.9999999999999994,-22.643479858070357,-0.6176710969290582,999.999999999999
206.8180166365444,22.267539183887482,0.9999999999999993,-22.646333381623606,-0.6143748737976864,999.9999999999989
206.82687255002526,22.260456284756597,0.9999999999999993,-22.649178582174947,-0.6110805542772368,999.9999999999992
206.83573507135023,22.253385449451606,0.9999999999999994,-22.65201545987376,-0.6077881463468628,999.999999999999
206.84460417936134,22.246326639058967,0.9999999999999996,-22.65484401487317,-0.6044976579841403,999.9999999999992
206.85347985289846,22.239279814669366,0.9999999999999993,-22.657664247330118,-0.60120909716521,999.9999999999992
206.86236207079935,22.23224493737769,0.9999999999999992,-22.660476157405427,-0.5979224718647203,999.9999999999989
206.87125081189956,22.225221968283087,0.9999999999999993,-22.663279745263495,-0.594637790055998,999.999999999999
206.8801460550324,22.21821086848891,0.9999999999999993,-22.666075011072678,-0.5913550597107644,999.9999999999992
206.889047779029,22.211211599102786,0.9999999999999994,-22.668861955005134,-0.5880742887994899,999.9999999999992
206.89795596271793,22.204224121236575,0.9999999999999993,-22.67164057723641,-0.5847954852910959,999.9999999999992
206.9068705849257,22.197248396006426,0.9999999999999993,-22.674410877946244,-0.5815186571530546,999.9999999999992
206.91579162447627,22.19028438453274,0.9999999999999994,-22.67717285731782,-0.5782438123514879,999.9999999999994
206.9247190601912,22.183332047940226,0.9999999999999993,-22.67992651553817,-0.5749709588510825,999.9999999999992
206.9336528708896,22.176391347357846,0.9999999999999992,-22.682671852798045,-0.5717001046150472,999.999999999999
206.9425930353881,22.169462243918893,0.9999999999999993,-22.685408869291926,-0.5684312576051411,999.9999999999992
206.95153953250076,22.16254469876097,0.9999999999999993,-22.68813756521802,-0.5651644257818589,999.9999999999992
206.9604923410391,22.15563867302598,0.9999999999999993,-22.69085794077825,-0.5618996171041175,999.9999999999992
206.96945143981193,22.148744127860155,0.9999999999999996,-22.69356999617807,-0.5586368395294983,999.9999999999993
206.97841680762556,22.141861024414066,0.9999999999999994,-22.69627373162703,-0.5553761010141613,999.9999999999993
206.9873884232835,22.13498932384263,0.9999999999999994,-22.698969147337834,-0.5521174095129027,999.9999999999993
206.9963662655866,22.12812898730511,0.9999999999999994,-22.701656243527317,-0.5488607729789976,999.9999999999993
207.00535031333288,22.121279975965127,0.9999999999999996,-22.70433502041572,-0.5456061993644425,999.9999999999993
207.01434054531768,22.114442250990678,0.9999999999999992,-22.707005478227266,-0.5423536966197418,999.9999999999992
207.0233369403334,22.10761577355412,0.9999999999999992,-22.70966761718944,-0.5391032726940637,999.9999999999992
207.0323394771696,22.100800504832215,0.9999999999999994,-22.71232143753368,-0.5358549355350561,999.9999999999993
207.04134813461297,22.0939964060061,0.9999999999999993,-22.7149669394949,-0.5326086930892302,999.9999999999994
207.05036289144724,22.087203438261326,0.9999999999999992,-22.717604123311794,-0.5293645533014057,999.9999999999992
207.05938372645318,22.080421562787844,0.9999999999999992,-22.72023298922661,-0.5261225241152374,999.9999999999992
207.06841061840856,22.073650740780018,0.9999999999999993,-22.7228535374853,-0.5228826134727456,999.9999999999989
207.07744354608815,22.066890933436625,0.9999999999999993,-22.725465768337358,-0.519644829314899,999.9999999999992
207.08648248826347,22.060142101960956,0.9999999999999993,-22.728069682035986,-0.5164091795810037,999.9999999999992
207.0955274237031,22.05340420756064,0.9999999999999994,-22.730665278837897,-0.513175672209087,999.999999999999
207.1045783311724,22.0466772114478,0.9999999999999994,-22.73325255900354,-0.509944315135769,999.9999999999993
207.11363518943364,22.03996107483901,0.9999999999999992,-22.735831522796857,-0.5067151162963484,999.9999999999992
207.12269797724576,22.033255758955317,0.9999999999999996,-22.738402170485344,-0.5034880836246316,999.9999999999992
207.13176667336458,22.02656122502223,0.9999999999999992,-22.74096450234034,-0.5002632250531747,999.9999999999992
207.14084125654247,22.01987743426974,0.9999999999999994,-22.743518518636435,-0.49704054851305557,999.999999999999
207.14992170552867,22.013204347932334,0.9999999999999993,-22.746064219651984,-0.49382006193404493,999.9999999999992
207.15900799906893,22.006541927248982,0.9999999999999994,-22.748601605668874,-0.4906017732445065,999.9999999999993
207.16810011590576,21.99989013346317,0.9999999999999994,-22.7511306769727,-0.48738569037143975,999.9999999999993
207.1771980347781,21.99324892782288,0.9999999999999993,-22.753651433852227,-0.48417182124045155,999.9999999999993
207.1863017344216,21.986618271580625,0.9999999999999994,-22.75616387660019,-0.48096017377586975,999.9999999999993
207.1954111935683,21.97999812599345,0.9999999999999996,-22.758668005512554,-0.4777507559005443,999.999999999999
207.20452639094688,21.973388452322908,0.9999999999999994,-22.761163820889102,-0.47454357553598925,999.9999999999993
207.21364730528234,21.966789211835128,0.9999999999999993,-22.76365132303293,-0.4713386406024256,999.9999999999989
207.2227739152962,21.960200365800752,0.9999999999999994,-22.76613051225077,-0.4681359590185963,999.9999999999994
207.23190619970634,21.953621875494996,0.9999999999999993,-22.768601388852815,-0.46493553870193693,999.9999999999993
207.241044137227,21.947053702197643,0.9999999999999994,-22.771063953152748,-0.4617373875685473,999.9999999999993
207.2501877065688,21.940495807193034,0.9999999999999993,-22.77351820546796,-0.45854151353314876,999.9999999999992
207.25933688643855,21.9339481517701,0.9999999999999994,-22.77596414611898,-0.45534792450909833,999.9999999999993
207.26849165553955,21.927410697222342,0.9999999999999993,-22.778401775430183,-0.4521566284083889,999.9999999999995
207.2776519925711,21.92088340484787,0.9999999999999993,-22.780831093729212,-0.44896763314159216,999.9999999999993
207.2868178762289,21.914366235949373,0.9999999999999994,-22.783252101347294,-0.44578094661800094,999.9999999999994
207.29598928520468,21.90785915183417,0.9999999999999994,-22.785664798619123,-0.44259657674564323,999.9999999999992
207.3051661981865,21.90136211381417,0.9999999999999994,-22.78806918588289,-0.43941453143096965,999.9999999999995
207.31434859385834,21.894875083205925,0.9999999999999993,-22.790465263479973,-0.4362348185792513,999.9999999999993
207.32353645090043,21.88839802133058,0.9999999999999994,-22.792853031755698,-0.4330574460942671,999.9999999999992
207.332729747989,21.881930889513967,0.9999999999999991,-22.795232491058364,-0.4298824218786166,999.9999999999992
207.3419284637963,21.875473649086494,0.9999999999999996,-22.797603641740103,-0.4267097538333502,999.9999999999993
207.35113257699066,21.869026261383276,0.9999999999999994,-22.79996648415623,-0.4235394498583389,999.9999999999994
207.36034206623629,21.862588687744047,0.9999999999999994,-22.80232101866551,-0.4203715178519758,999.9999999999993
207.36955691019338,21.856160889513216,0.9999999999999994,-22.804667245630213,-0.4172059657113607,999.9999999999995
207.3787770875181,21.849742828039854,0.9999999999999997,-22.807005165416115,-0.41404280133221505,999.9999999999993
207.38800257686242,21.84333446467771,0.9999999999999994,-22.80933477839222,-0.41088203260896705,999.9999999999994
207.39723335687424,21.836935760785213,0.9999999999999996,-22.81165608493088,-0.4077236674345386,999.9999999999994
207.40646940619723,21.830546677725486,0.9999999999999993,-22.813969085408154,-0.4045677137007573,999.9999999999992
207.41571070347098,21.824167176866332,0.9999999999999994,-22.816273780203296,-0.4014141792978023,999.9999999999993
207.42495722733068,21.817797219580278,0.9999999999999994,-22.8185701696989,-0.398263072114716,999.9999999999994
207.43420895640745,21.811436767244533,0.9999999999999996,-22.820858254281006,-0.3951144000391622,999.9999999999994
207.443465869328,21.805085781241043,0.9999999999999994,-22.823138034339117,-0.3919681709572842,999.9999999999994
207.45272794471487,21.798744222956465,0.9999999999999996,-22.825409510265914,-0.3888243927541595,999.9999999999994
207.4619951611861,21.792412053782176,0.9999999999999994,-22.827672682457653,-0.38568307331323126,999.9999999999993
207.47126749735554,21.786089235114297,0.9999999999999993,-22.829927551313766,-0.3825442205167491,999.9999999999993
207.48054493183253,21.779775728353684,0.9999999999999997,-22.832174117237074,-0.3794078422455982,999.9999999999993
207.4898274432221,21.773471494905934,0.9999999999999996,-22.834412380633914,-0.3762739463792144,999.9999999999992
207.49911501012474,21.767176496181417,0.9999999999999994,-22.83664234191366,-0.37314254079586817,999.9999999999994
207.50840761113656,21.760890693595233,0.9999999999999996,-22.838864001489334,-0.3700136333723094,999.9999999999995
207.51770522484915,21.75461404856725,0.9999999999999996,-22.84107735977701,-0.3668872319838812,999.9999999999994
207.5270078298496,21.748346522522148,0.9999999999999996,-22.84328241719625,-0.36376334450481806,999.9999999999992
207.53631540472043,21.742088076889324,0.9999999999999994,-22.84547917416983,-0.3606419788077915,999.9999999999993
207.5456279280396,21.735838673102993,0.9999999999999994,-22.84766763112396,-0.3575231427641796,999.9999999999992
207.5549453783805,21.729598272602157,0.9999999999999996,-22.849847788487942,-0.35440684424405333,999.9999999999994
207.56426773431187,21.723366836830603,0.9999999999999996,-22.852019646694572,-0.3512930911160055,999.9999999999995
207.57359497439788,21.717144327236927,0.9999999999999996,-22.854183206179947,-0.34818189124740684,999.9999999999995
207.58292707719795,21.710930705274517,0.9999999999999996,-22.856338467383146,-0.34507325250419285,999.9999999999994
207.59226402126686,21.704725932401598,0.9999999999999996,-22.85848543074693,-0.34196718275092053,999.9999999999993
207.60160578515465,21.69852997008119,0.9999999999999996,-22.86062409671711,-0.3388636898508679,999.9999999999994
207.6109523474066,21.69234277978115,0.9999999999999996,-22.862754465742583,-0.3357627816658919,999.9999999999992
207.62030368656332,21.686164322974157,0.9999999999999996,-22.86487653827598,-0.33266446605649946,999.9999999999993
207.6296597811605,21.67999456113774,0.9999999999999994,-22.866990314772707,-0.3295687508818048,999.9999999999994
207.63902060972916,21.67383345575424,0.9999999999999996,-22.869095795691628,-0.32647564399962903,999.9999999999997
207.64838615079532,21.667680968310883,0.9999999999999994,-22.871192981494872,-0.32338515326634365,999.9999999999994
207.6577563828803,21.661537060299715,0.9999999999999996,-22.87328187264773,-0.32029728653704126,999.9999999999994
207.6671312845004,21.65540169321765,0.9999999999999994,-22.875362469618693,-0.3172120516653507,999.9999999999995
207.6765108341672,21.649274828566483,0.9999999999999994,-22.877434772879653,-0.3141294565036219,999.9999999999993
207.68589501038716,21.64315642785285,0.9999999999999994,-22.87949878290552,-0.3110495089027694,999.9999999999994
207.69528379166186,21.637046452588276,0.9999999999999996,-22.88155450017438,-0.30797221671235775,999.9999999999993
207.70467715648792,21.63094486428917,0.9999999999999996,-22.88360192516761,-0.3048975877806157,999.9999999999997
207.714075083357,21.62485162447681,0.9999999999999996,-22.885641058369927,-0.3018256299543083,999.9999999999993
207.72347755075563,21.618766694677383,0.9999999999999993,-22.88767190026899,-0.2987563510788931,999.9999999999992
207.7328845371654,21.612690036421963,0.9999999999999994,-22.889694451355687,-0.2956897589984493,999.9999999999995
207.7422960210628,21.606621611246524,0.9999999999999993,-22.89170871212424,-0.29262586155563497,999.9999999999993
207.75171198091925,21.60056138069194,0.9999999999999993,-22.893714683071792,-0.2895646665917724,999.9999999999994
207.76113239520103,21.594509306304,0.9999999999999996,-22.895712364698902,-0.28650618194672006,999.9999999999994
207.77055724236936,21.58846534963343,0.9999999999999996,-22.897701757509054,-0.2834504154590576,999.9999999999993
