galstreams/tracks/track.st.NGC1851.ibata2021.ecsv
# %ECSV 1.0
# ---
# datatype:
# - {name: ra, unit: deg, datatype: float64}
# - {name: dec, unit: deg, datatype: float64}
# - {name: distance, unit: kpc, datatype: float64}
# - {name: pm_ra_cosdec, unit: mas / yr, datatype: float64}
# - {name: pm_dec, unit: mas / yr, datatype: float64}
# - {name: radial_velocity, unit: km / s, datatype: float64}
# delimiter: ','
# meta: !!omap
# - __serialized_columns__:
#     dec:
#       __class__: astropy.coordinates.angles.Latitude
#       unit: &id001 !astropy.units.Unit {unit: deg}
#       value: !astropy.table.SerializedColumn {name: dec}
#     distance:
#       __class__: astropy.coordinates.distances.Distance
#       unit: !astropy.units.Unit {unit: kpc}
#       value: !astropy.table.SerializedColumn {name: distance}
#     pm_dec:
#       __class__: astropy.units.quantity.Quantity
#       unit: !astropy.units.Unit {unit: mas / yr}
#       value: !astropy.table.SerializedColumn {name: pm_dec}
#     pm_ra_cosdec:
#       __class__: astropy.units.quantity.Quantity
#       unit: !astropy.units.Unit {unit: mas / yr}
#       value: !astropy.table.SerializedColumn {name: pm_ra_cosdec}
#     ra:
#       __class__: astropy.coordinates.angles.Longitude
#       unit: *id001
#       value: !astropy.table.SerializedColumn {name: ra}
#       wrap_angle: !astropy.coordinates.Angle
#         unit: *id001
#         value: 360.0
#     radial_velocity:
#       __class__: astropy.units.quantity.Quantity
#       unit: !astropy.units.Unit {unit: km / s}
#       value: !astropy.table.SerializedColumn {name: radial_velocity}
# schema: astropy-2.0
ra,dec,distance,pm_ra_cosdec,pm_dec,radial_velocity
[from data line 680]
78.05469012291938,-44.05268764508795,13.588473222836157,2.355141112468518,-0.5853356980716069,-2.5262301389617013e-14
78.05563549440166,-44.04313344033028,13.588738627301451,2.355107235617783,-0.5852862325189208,-1.894672604221276e-14
78.05659353110772,-44.03357976391218,13.589006580418017,2.3550730098329566,-0.5852358878000723,-1.894672604221276e-14
78.0575641725872,-44.02402661325743,13.589277068876793,2.3550384368009363,-0.5851846676432046,-2.1051917824680845e-15
78.05854735843121,-44.014473985787724,13.589550079368722,2.355003518208822,-0.5851325757742689,-1.6841534259744676e-14
78.05954302827244,-44.004921878922566,13.589825598584746,2.3549682557439175,-0.5850796159170168,-1.6841534259744676e-14
78.06055112178507,-43.99537029007951,13.590103613215808,2.3549326510937454,-0.5850257917930022,-3.368306851948935e-14
78.06157157868462,-43.98581921667413,13.59038410995285,2.3548967059460555,-0.5849711071215724,-2.1051917824680846e-14
78.062604338728,-43.97626865612013,13.59066707548681,2.3548604219888323,-0.5849155656198701,-1.473634247727659e-14
78.06364934171336,-43.96671860582937,13.590952496508631,2.3548238009103013,-0.584859171002826,-1.6841534259744676e-14
78.06470652748014,-43.957169063211914,13.591240359709252,2.3547868443989426,-0.5848019269831568,-8.420767129872338e-15
78.06577583590887,-43.94762002567619,13.591530651779616,2.3547495541434977,-0.5847438372713629,-1.894672604221276e-14
78.06685720692123,-43.93807149062893,13.591823359410666,2.3547119318329726,-0.5846849055757226,-1.6841534259744676e-14
78.06795058047993,-43.92852345547534,13.592118469293347,2.3546739791566575,-0.584625135602292,-6.315575347404253e-15
78.06905589658865,-43.918975917619086,13.592415968118592,2.354635697804126,-0.5845645310549001,-2.5262301389617013e-14
78.07017309529202,-43.90942887446237,13.59271584257735,2.3545970894652433,-0.5845030956351442,6.315575347404253e-15
78.07130211667551,-43.899882323406025,13.593018079360558,2.3545581558301834,-0.5844408330423904,-2.1051917824680846e-14
78.07244290086538,-43.89033626184956,13.59332266515916,2.3545188985894274,-0.5843777469737669,-6.315575347404253e-15
78.07359538802868,-43.88079068719121,13.59362958666409,2.354479319433779,-0.584313841124164,-2.1051917824680846e-14
78.07475951837313,-43.87124559682798,13.593938830566302,2.3544394200543657,-0.5842491191862269,-2.315710960714893e-14
78.07593523214706,-43.86170098815577,13.594250383556732,2.354399202142654,-0.5841835848503574,-1.894672604221276e-14
78.07712246963936,-43.85215685856935,13.594564232326316,2.354358667390455,-0.5841172418047084,-1.6841534259744676e-14
78.07832117117948,-43.84261320546249,13.594880363566004,2.3543178174899273,-0.5840500937351809,-2.315710960714893e-14
78.07953127713728,-43.83307002622797,13.595198763966733,2.354276654133593,-0.5839821443254207,-2.5262301389617013e-14
78.08075272792301,-43.82352731825769,13.595519420219446,2.3542351790143417,-0.5839133972568178,-2.5262301389617013e-14
78.0819854639873,-43.81398507894263,13.595842319015082,2.354193393825438,-0.5838438562085009,-1.894672604221276e-14
78.08322942582097,-43.80444330567306,13.596167447044587,2.3541513002605297,-0.5837735248573355,-3.5788260301957434e-14
78.08448455395518,-43.794901995838444,13.5964947909989,2.3541089000136557,-0.5837024068779214,-2.947268495455318e-14
78.08575078896115,-43.785361146827604,13.596824337568961,2.3540661947792545,-0.5836305059425901,-3.157787673702127e-14
78.08702807145023,-43.77582075602873,13.59715607344571,2.3540231862521726,-0.5835578257214009,-8.420767129872338e-15
78.08831634207384,-43.76628082082941,13.597489985320095,2.353979876127664,-0.5834843698821389,-2.315710960714893e-14
78.08961554152337,-43.756741338616756,13.597826059883051,2.3539362661014143,-0.5834101420903132,-2.5262301389617013e-14
78.09092561053015,-43.74720230677741,13.598164283825529,2.3538923578695288,-0.583335146009151,-6.315575347404253e-15
78.09224648986535,-43.737663722697626,13.598504643838456,2.3538481531285567,-0.5832593852996013,-3.368306851948935e-14
78.09357812034,-43.72812558376328,13.598847126612787,2.3538036535754863,-0.5831828636203235,-3.368306851948935e-14
78.09492044280489,-43.71858788735998,13.599191718839453,2.35375886090776,-0.5831055846276928,-1.894672604221276e-14
78.09627339815047,-43.70905063087308,13.599538407209408,2.353713776823275,-0.5830275519757928,-3.368306851948935e-14
78.09763692730688,-43.69951381168778,13.599887178413576,2.353668403020401,-0.5829487693164154,-2.1051917824680846e-14
78.09901097124383,-43.6899774271891,13.60023801914292,2.3536227411979724,-0.5828692402990566,-1.473634247727659e-14
78.10039547097055,-43.680441474762,13.60059091608836,2.3535767930553115,-0.5827889685709159,-1.894672604221276e-14
78.1017903675358,-43.67090595179144,13.600945855940848,2.3535305602922207,-0.5827079577768919,-1.6841534259744676e-14
78.1031956020277,-43.661370855662376,13.601302825391334,2.3534840446090004,-0.5826262115595808,4.210383564936169e-15
78.10461111557375,-43.65183618375985,13.601661811130741,2.3534372477064545,-0.5825437335592751,-2.315710960714893e-14
78.10603684934078,-43.64230193346903,13.602022799850022,2.3533901712858873,-0.5824605274139587,-2.315710960714893e-14
78.10747274453489,-43.632768102175255,13.602385778240118,2.353342817049126,-0.5823765967593062,-2.1051917824680845e-15
78.10891874240133,-43.62323468726412,13.60275073299197,2.3532951866985155,-0.5822919452286816,-2.1051917824680845e-15
78.11037478422452,-43.613701686121495,13.603117650796515,2.3532472819369294,-0.5822065764531339,-4.210383564936169e-15
78.11184081132794,-43.604169096133575,13.603486518344702,2.3531991044677754,-0.582120494061396,-3.789345208442552e-14
78.11331676507416,-43.594636914686944,13.603857322327464,2.3531506559950075,-0.5820337016798813,-1.6841534259744676e-14
78.11480258686467,-43.58510513916859,13.604230049435749,2.353101938223122,-0.5819462029326838,-1.473634247727659e-14
78.11629821813992,-43.575573766966016,13.6046046863605,2.353052952857174,-0.5818580014415746,-2.5262301389617013e-14
78.1178036003792,-43.56604279546725,13.60498121979265,2.3530037016027814,-0.5817691008259982,-4.210383564936169e-15
78.11931867510063,-43.55651222206086,13.605359636423145,2.352954186166126,-0.5816795047030737,-4.210383564936169e-15
78.12084338386109,-43.54698204413609,13.605739922942929,2.352904408253967,-0.5815892166875902,-1.0525958912340423e-14
78.12237766825612,-43.53745225908281,13.606122066042943,2.3528543695736426,-0.5814982403920053,-2.315710960714893e-14
78.12392146992,-43.527922864291654,13.606506052414124,2.35280407183308,-0.5814065794264436,-1.894672604221276e-14
78.12547473052553,-43.51839385715401,13.606891868747418,2.3527535167407962,-0.5813142373986939,-6.315575347404253e-15
78.12703739178406,-43.50886523506203,13.607279501733766,2.3527027060059127,-0.5812212179142084,-2.315710960714893e-14
78.12860939544547,-43.499336995408825,13.607668938064107,2.3526516413381535,-0.5811275245760998,-1.0525958912340423e-14
78.130190683298,-43.48980913558832,13.60806016442938,2.3526003244478537,-0.5810331609851399,-2.5262301389617013e-14
78.13178119716835,-43.480281652995416,13.608453167520537,2.3525487570459687,-0.5809381307397559,-1.2631150694808506e-14
78.13338087892151,-43.47075454502606,13.60884793402851,2.352496940844075,-0.5808424374360324,-6.315575347404253e-15
78.13498967046073,-43.46122780907718,13.609244450644242,2.352444877554384,-0.5807460846677062,-8.420767129872338e-15
78.13660751372751,-43.4517014425468,13.609642704058679,2.3523925688897367,-0.5806490760261648,-1.894672604221276e-14
78.1382343507015,-43.442175442834106,13.610042680962756,2.3523400165636192,-0.5805514151004467,-1.894672604221276e-14
78.13987012340046,-43.43264980733943,13.610444368047423,2.3522872222901627,-0.5804531054772369,-1.473634247727659e-14
78.1415147738802,-43.42312453346434,13.610847752003615,2.352234187784156,-0.5803541507408684,-4.210383564936169e-15
78.14316824423459,-43.41359961861164,13.61125281952227,2.3521809147610453,-0.5802545544733172,-1.0525958912340423e-14
78.14483047659539,-43.40407506018546,13.611659557294338,2.3521274049369354,-0.5801543202542027,-2.1051917824680846e-14
78.1465014131323,-43.3945508555913,13.612067952010758,2.3520736600286107,-0.5800534516607847,-1.2631150694808506e-14
78.14818099605287,-43.38502700223599,13.61247799036247,2.352019681753525,-0.5799519522679641,-1.2631150694808506e-14
78.14986916760245,-43.375503497527795,13.612889659040412,2.351965471829817,-0.5798498256482785,-1.6841534259744676e-14
78.1515658700641,-43.365980338876525,13.613302944735535,2.351911031976309,-0.5797470753719016,-1.894672604221276e-14
78.15327104575864,-43.356457523693415,13.613717834138775,2.3518563639125203,-0.5796437050066432,-1.2631150694808506e-14
78.15498463704446,-43.346935049391334,13.61413431394107,2.351801469358662,-0.5795397181179461,-1.6841534259744676e-14
78.15670658631761,-43.33741291338466,13.614552370833366,2.3517463500356546,-0.5794351182688837,-1.894672604221276e-14
78.15843683601162,-43.32789111308948,13.614971991506605,2.3516910076651207,-0.5793299090201612,-2.1051917824680846e-14
78.16017532859753,-43.318369645923525,13.615393162651726,2.3516354439694025,-0.5792240939301125,-6.315575347404253e-15
78.16192200658382,-43.308848509306216,13.615815870959672,2.351579660671557,-0.579117676554699,-2.315710960714893e-14
78.16367681251639,-43.29932770065877,13.616240103121385,2.351523659495366,-0.5790106604475069,-1.2631150694808506e-14
78.16543968897838,-43.28980721740419,13.616665845827804,2.3514674421653403,-0.5789030491597498,-1.894672604221276e-14
78.1672105785903,-43.28028705696726,13.617093085769872,2.351411010406728,-0.5787948462402626,-2.1051917824680846e-14
78.16898942400984,-43.27076721677469,13.617521809638527,2.3513543659455114,-0.5786860552355038,-3.157787673702127e-14
78.17077616793192,-43.2612476942551,13.617952004124717,2.35129751050842,-0.5785766796895512,-1.2631150694808506e-14
78.17257075308855,-43.25172848683899,13.61838365591938,2.351240445822931,-0.5784667231441041,-6.315575347404253e-15
78.17437312224881,-43.2422095919589,13.618816751713458,2.351183173617278,-0.5783561891384794,-3.157787673702127e-14
78.17618321821888,-43.23269100704935,13.619251278197893,2.3511256956204494,-0.57824508120961,-1.2631150694808506e-14
78.17800098384183,-43.22317272954697,13.619687222063627,2.3510680135622013,-0.5781334028920475,-6.315575347404253e-15
78.17982636199768,-43.21365475689041,13.620124570001602,2.351010129173056,-0.5780211577179561,-4.210383564936169e-15
78.18165929560341,-43.2041370865205,13.620563308702756,2.35095204418431,-0.5779083492171152,0.0
78.1834997276127,-43.1946197158802,13.621003424858031,2.3508937603280353,-0.5777949809169161,-8.420767129872338e-15
78.1853476010161,-43.18510264241469,13.62144490515837,2.3508352793370895,-0.5776810563423624,-2.7367493172085098e-14
78.18720285884088,-43.17558586357137,13.621887736294715,2.3507766029451136,-0.5775665790160676,-1.6841534259744676e-14
78.18906544415097,-43.1660693767999,13.622331904958008,2.3507177328865416,-0.5774515524582544,-1.473634247727659e-14
78.1909353000469,-43.156553179552255,13.62277739783919,2.3506586708966046,-0.5773359801867557,-2.1051917824680846e-14
78.19281236966586,-43.147037269282755,13.623224201629204,2.350599418711333,-0.5772198657170107,-6.315575347404253e-15
78.19469659618147,-43.13752164344806,13.623672303018983,2.3505399780675624,-0.5771032125620663,-8.420767129872338e-15
78.19658792280394,-43.12800629950724,13.624121688699482,2.350480350702935,-0.5769860242325737,-1.894672604221276e-14
78.19848629277983,-43.118491234921834,13.624572345361631,2.3504205383559094,-0.5768683042367907,-2.7367493172085098e-14
78.20039164939213,-43.10897644715579,13.625024259696378,2.3503605427657606,-0.5767500560805771,-1.6841534259744676e-14
78.20230393596015,-43.099461933675606,13.625477418394665,2.350300365672586,-0.5766312832673977,-1.6841534259744676e-14
78.20422309583948,-43.08994769195029,13.625931808147424,2.3502400088173077,-0.5765119892983191,-2.315710960714893e-14
78.20614907242195,-43.08043371945142,13.626387415645604,2.3501794739416795,-0.5763921776720093,-2.5262301389617013e-14
78.2080818091356,-43.07092001365316,13.626844227580152,2.3501187627882865,-0.5762718518847365,-2.1051917824680846e-14
78.21002124944461,-43.06140657203232,13.627302230642002,2.3500578771005554,-0.5761510154303704,-4.210383564936169e-15
78.2119673368492,-43.05189339206834,13.627761411522096,2.349996818622755,-0.576029671800379,-2.315710960714893e-14
78.21392001488572,-43.04238047124337,13.628221756911376,2.3499355890999967,-0.5759078244838293,-6.315575347404253e-15
78.21587922712645,-43.03286780704225,13.628683253500784,2.349874190278246,-0.5757854769673864,-1.0525958912340423e-14
78.21784491717963,-43.023355396952624,13.629145887981261,2.34981262390432,-0.5756626327353127,-8.420767129872338e-15
78.21981702868946,-43.01384323846485,13.62960964704375,2.349750891725894,-0.5755392952694667,4.210383564936169e-15
78.2217955053359,-43.004331329072116,13.630074517379189,2.349688995491506,-0.5754154680493051,-1.894672604221276e-14
78.22378029083481,-42.99481966627048,13.630540485678528,2.3496269369505565,-0.5752911545518775,-1.0525958912340423e-14
78.22577132893774,-42.9853082475588,13.6310075386327,2.3495647178533177,-0.5751663582518307,-1.0525958912340423e-14
78.22776856343197,-42.975797070438865,13.631475662932647,2.3495023399509325,-0.5750410826214052,-2.7367493172085098e-14
78.22977193814047,-42.96628613241537,13.631944845269317,2.349439804995422,-0.5749153311304354,-1.894672604221276e-14
78.2317813969218,-42.956775430996,13.632415072333641,2.3493771147396867,-0.5747891072463498,-1.473634247727659e-14
78.23379688367011,-42.94726496369133,13.632886330816572,2.3493142709375077,-0.5746624144341699,-4.210383564936169e-15
78.23581834231504,-42.937754728015015,13.633358607409042,2.3492512753435557,-0.5745352561565105,-1.894672604221276e-14
78.23784571682175,-42.92824472148372,13.633831888801996,2.34918812971339,-0.5744076358735777,-1.473634247727659e-14
78.23987895119082,-42.91873494161715,13.634306161686379,2.349124835803465,-0.5742795570431701,-1.894672604221276e-14
78.24191798945817,-42.90922538593807,13.634781412753128,2.3490613953711317,-0.5741510231206786,-3.5788260301957434e-14
78.24396277569514,-42.89971605197241,13.635257628693187,2.3489978101746396,-0.5740220375590841,-8.420767129872338e-15
78.24601325400826,-42.89020693724922,13.635734796197497,2.3489340819731432,-0.5738926038089607,-2.1051917824680846e-14
78.2480693685394,-42.88069803930065,13.636212901956997,2.3488702125267045,-0.5737627253184714,-4.210383564936169e-15
78.25013106346556,-42.87118935566208,13.636691932662632,2.348806203596295,-0.5736324055333705,-2.7367493172085098e-14
78.25219828299893,-42.86168088387211,13.637171875005343,2.3487420569437965,-0.5735016478970021,-1.894672604221276e-14
78.2542709713868,-42.85217262147256,13.637652715676072,2.3486777743320113,-0.5733704558503019,-1.894672604221276e-14
78.25634907291152,-42.84266456600848,13.638134441365755,2.3486133575246604,-0.573238832831794,-1.473634247727659e-14
78.25843253189043,-42.83315671502824,13.638617038765338,2.3485488082863824,-0.5731067822775933,-8.420767129872338e-15
78.26052129267589,-42.82364906608347,13.639100494565762,2.3484841283827462,-0.5729743076214042,-8.420767129872338e-15
78.26261529965514,-42.81414161672916,13.639584795457973,2.348419319580247,-0.5728414122945207,-2.947268495455318e-14
78.26471449725031,-42.804634364523636,13.640069928132904,2.3483543836463117,-0.5727080997258263,-3.157787673702127e-14
78.2668188299184,-42.795127307028615,13.6405558792815,2.3482893223493018,-0.5725743733417938,-1.2631150694808506e-14
78.26892824215115,-42.785620441809165,13.641042635594703,2.348224137458512,-0.5724402365664866,-1.2631150694808506e-14
78.27104267847506,-42.77611376643382,13.641530183763459,2.3481588307441825,-0.572305692821556,0.0
