galstreams/tracks/track.st.Phlegethon.ibata2021.ecsv
# %ECSV 1.0
# ---
# datatype:
# - {name: ra, unit: deg, datatype: float64}
# - {name: dec, unit: deg, datatype: float64}
# - {name: distance, unit: kpc, datatype: float64}
# - {name: pm_ra_cosdec, unit: mas / yr, datatype: float64}
# - {name: pm_dec, unit: mas / yr, datatype: float64}
# - {name: radial_velocity, unit: km / s, datatype: float64}
# delimiter: ','
# meta: !!omap
# - __serialized_columns__:
#     dec:
#       __class__: astropy.coordinates.angles.Latitude
#       unit: &id001 !astropy.units.Unit {unit: deg}
#       value: !astropy.table.SerializedColumn {name: dec}
#     distance:
#       __class__: astropy.coordinates.distances.Distance
#       unit: !astropy.units.Unit {unit: kpc}
#       value: !astropy.table.SerializedColumn {name: distance}
#     pm_dec:
#       __class__: astropy.units.quantity.Quantity
#       unit: !astropy.units.Unit {unit: mas / yr}
#       value: !astropy.table.SerializedColumn {name: pm_dec}
#     pm_ra_cosdec:
#       __class__: astropy.units.quantity.Quantity
#       unit: !astropy.units.Unit {unit: mas / yr}
#       value: !astropy.table.SerializedColumn {name: pm_ra_cosdec}
#     ra:
#       __class__: astropy.coordinates.angles.Longitude
#       unit: *id001
#       value: !astropy.table.SerializedColumn {name: ra}
#       wrap_angle: !astropy.coordinates.Angle
#         unit: *id001
#         value: 360.0
#     radial_velocity:
#       __class__: astropy.units.quantity.Quantity
#       unit: !astropy.units.Unit {unit: km / s}
#       value: !astropy.table.SerializedColumn {name: radial_velocity}
# schema: astropy-2.0
ra,dec,distance,pm_ra_cosdec,pm_dec,radial_velocity
[from data line 849]
317.9196362218103,-40.345727030257564,3.394540765667278,-5.4307231897824035,-35.673588576829346,99.84030557469463
317.9234825442716,-40.33595898207381,3.394429937571723,-5.428955520032349,-35.6771971255381,99.74457993399024
317.9273267504553,-40.32619066862893,3.394319107801304,-5.4271880242966954,-35.68080239239347,99.64887685193146
317.9311688417093,-40.31642209015383,3.394208276406423,-5.4254207027371395,-35.684404378014776,99.55319631324615
317.9350088193806,-40.30665324687903,3.3940974434374866,-5.4236535555149175,-35.68800308302119,99.45753830266233
317.9388466848153,-40.29688413903502,3.3939866089448962,-5.421886582790719,-35.691598508031845,99.36190280490776
317.94268243935846,-40.287114766851865,3.3938757729790554,-5.420119784724767,-35.69519065366581,99.26628980471055
317.9465160843541,-40.27734513055952,3.3937649355903714,-5.418353161476794,-35.698779520542004,99.1706992867986
317.9503476211454,-40.267575230387735,3.393654096829244,-5.4165867132060175,-35.70236510927932,99.07513123590002
317.9541770510744,-40.257805066565865,3.3935432567460793,-5.41482044007118,-35.70594742049652,98.97958563674254
317.95800437548223,-40.24803463932323,3.3934324153912794,-5.41305434223054,-35.70952645481232,98.88406247405402
317.9618295957092,-40.238263948888715,3.3933215728152497,-5.411288419841809,-35.71310221284533,98.7885617325629
317.96565271309447,-40.22849299549112,3.3932107290683944,-5.409522673062278,-35.716674695214074,98.69308339699653
317.96947372897614,-40.21872177935904,3.3930998842011153,-5.407757102048734,-35.720243902536986,98.59762745208334
317.97329264469164,-40.208950300720666,3.392989038263817,-5.40599170695742,-35.72380983543243,98.50219388255104
317.9771094615772,-40.19917855980413,3.392878191306904,-5.404226487944127,-35.72737249451866,98.40678267312754
317.98092418096803,-40.189406556837184,3.3927673433807803,-5.402461445164197,-35.7309318804139,98.3113938085409
317.9847368041986,-40.17963429204748,3.392656494535848,-5.400696578772421,-35.73448799373621,98.21602727351915
317.9885473326022,-40.16986176566243,3.392545644822513,-5.398931888923145,-35.738040835103604,98.12068305279013
317.9923557675113,-40.16008897790907,3.3924347942911766,-5.397167375770208,-35.74159040513403,98.02536113108188
317.9961621102574,-40.15031592901438,3.3923239429922445,-5.395403039466955,-35.74513670444532,97.930061493122
317.9999663621708,-40.140542619204986,3.39221309097612,-5.393638880166282,-35.74867973365522,97.83478412363908
318.0037685245812,-40.130769048707336,3.392102238293207,-5.391874898020572,-35.75221949338141,97.73952900736042
318.007568598817,-40.120995217747726,3.3919913849939096,-5.390111093181763,-35.75575598424146,97.6442961290145
318.0113665862059,-40.111221126552024,3.39188053112863,-5.388347465801246,-35.759289206852884,97.54908547332894
318.0151624880744,-40.1014467753461,3.391769676747774,-5.3865840160299925,-35.762819161833086,97.45389702503172
318.01895630574825,-40.091672164355366,3.391658821901745,-5.384820744018461,-35.76634584979936,97.35873076885088
318.02274804055213,-40.08189729380519,3.3915479666409456,-5.383057649916652,-35.76986927136899,97.2635866895145
318.0265376938097,-40.07212216392067,3.39143711101578,-5.381294733874081,-35.773389427159096,97.16846477175007
318.0303252668438,-40.062346774926574,3.3913262550766525,-5.379531996039767,-35.776906317786754,97.07336500028615
318.03411076097626,-40.0525711270476,3.391215398873968,-5.377769436562271,-35.780419943868935,96.97828735985033
318.03789417752785,-40.04279522050801,3.3911045424581276,-5.376007055589676,-35.783930306022555,96.88323183517046
318.0416755178186,-40.03301905553206,3.390993685879537,-5.374244853269581,-35.78743740486439,96.78819841097487
318.04545478316726,-40.0232426323437,3.3908828291886,-5.372482829749133,-35.79094124101117,96.69318707199119
318.049231974892,-40.01346595116654,3.3907719724357195,-5.37072098517496,-35.79444181507954,96.59819780294757
318.05300709430975,-40.00368901222418,3.3906611156713002,-5.368959319693285,-35.79793912768601,96.50323058857191
318.0567801427366,-39.99391181573973,3.3905502589457446,-5.367197833449769,-35.80143317944707,96.40828541359197
318.0605511214877,-39.98413436193628,3.390439402309457,-5.365436526589695,-35.80492397097909,96.31336226273592
318.0643200318771,-39.97435665103668,3.3903285458128427,-5.363675399257824,-35.80841150289835,96.21846112073167
318.0680868752182,-39.964578683263404,3.3902176895063025,-5.361914451598426,-35.811895775821064,96.12358197230719
318.07185165282317,-39.95480045883888,3.390106833440244,-5.36015368375536,-35.8153767903633,96.0287248021902
318.0756143660033,-39.94502197798516,3.3899959776650683,-5.35839309587196,-35.81885454714114,95.93388959510904
318.079375016069,-39.93524324092417,3.38988512223118,-5.356632688091158,-35.822329046770484,95.83907633579155
318.08313360432965,-39.92546424787763,3.3897742671889826,-5.354872460555345,-35.82580028986719,95.74428500896533
318.08689013209363,-39.91568499906688,3.38966341258888,-5.353112413406495,-35.82926827704703,95.64951559935875
318.0906446006686,-39.90590549471327,3.389552558481276,-5.351352546786101,-35.832733008925686,95.5547680916997
318.09439701136114,-39.89612573503764,3.3894417049165746,-5.349592860835186,-35.836194486118714,95.460042470716
318.09814736547673,-39.88634572026093,3.3893308519451795,-5.347833355694328,-35.83965270924166,95.36533872113547
318.1018956643201,-39.876565450603536,3.3892199996174943,-5.346074031503618,-35.843107678909924,95.27065682768641
318.10564190919507,-39.866784926285845,3.3891091479839237,-5.344314888402685,-35.84655939573883,95.17599677509641
318.10938610140437,-39.85700414752805,3.3889982970948695,-5.342555926530738,-35.85000786034363,95.081358548094
318.11312824224984,-39.84722311454986,3.3888874470007386,-5.340797146026459,-35.85345307333945,94.98674213140637
318.11686833303236,-39.837441827571034,3.388776597751931,-5.3390385470281325,-35.85689503534141,94.892147509762
318.1206063750519,-39.82766028681103,3.3886657493988532,-5.3372801296735455,-35.86033374696443,94.79757466788853
318.12434236960763,-39.81787849248898,3.3885549019919083,-5.335521894100024,-35.863769208823435,94.70302359051419
318.1280763179974,-39.80809644482396,3.3884440555815005,-5.333763840444469,-35.867201421533224,94.60849426236692
318.13180822151844,-39.79831414403462,3.3883332102180317,-5.3320059688433,-35.870630385708516,94.51398666817458
318.135538081467,-39.78853159033964,3.3882223659519086,-5.330248279432471,-35.87405610196393,94.41950079266483
318.1392658991383,-39.77874878395721,3.388111522833533,-5.328490772347507,-35.877478570914036,94.32503662056614
318.14299167582675,-39.768965725105495,3.388000680913309,-5.326733447723437,-35.88089779317326,94.23059413660602
318.14671541282564,-39.759182414002446,3.387889840241641,-5.324976305694898,-35.884313769355984,94.1361733255128
318.1504371114275,-39.749398850865575,3.3877790008689317,-5.323219346396011,-35.887726500076475,94.04177417201406
318.1541567729237,-39.73961503591243,3.3876681628455856,-5.321462569960498,-35.891135985948935,93.94739666083812
318.1578743986051,-39.729830969360236,3.387557326222007,-5.31970597652158,-35.894542227587465,93.8530407767126
318.1615899897611,-39.72004665142592,3.3874464910485997,-5.317949566212046,-35.89794522560608,93.75870650436572
318.1653035476806,-39.71026208232635,3.387335657375766,-5.316193339164257,-35.9013449806187,93.66439382852538
318.16901507365134,-39.700477262278,3.387224825253911,-5.314437295510082,-35.904741493239186,93.57010273391938
318.1727245689601,-39.69069219149728,3.3871139947334385,-5.312681435380988,-35.90813476408129,93.47583320527563
318.17643203489285,-39.68090687020023,3.387003165864752,-5.310925758907961,-35.91152479375866,93.38158522732226
318.1801374727347,-39.671121298602806,3.386892338698255,-5.309170266221519,-35.91491158288487,93.28735878478734
318.1838408837696,-39.661335476920755,3.3867815132843515,-5.307414957451801,-35.91829513207342,93.19315386239856
318.1875422692807,-39.651549405369416,3.386670689673446,-5.305659832728444,-35.92167544193771,93.09897044488406
318.19124163055034,-39.6417630841641,3.3865598679159405,-5.303904892180656,-35.925052513091075,93.00480851697165
318.1949389688597,-39.631976513519874,3.386449048062241,-5.302150135937184,-35.92842634614669,92.91066806338912
318.1986342854891,-39.622189693651464,3.38633823016275,-5.300395564126378,-35.931796941717735,92.81654906886483
318.2023275817181,-39.612402624773566,3.386227414267871,-5.298641176876101,-35.935164300417256,92.72245151812645
318.2060188588252,-39.602615307100464,3.386116600428009,-5.29688697431379,-35.938528422858184,92.62837539590225
318.2097081180879,-39.59282774084639,3.386005788693566,-5.295132956566423,-35.941889309653426,92.5343206869196
318.213395360783,-39.58303992622519,3.3858949791149477,-5.293379123760551,-35.945246961415734,92.44028737590686
318.21708058818615,-39.57325186345068,3.3857841717425576,-5.291625476022301,-35.948601378757814,92.34627544759213
318.2207638015722,-39.56346355273638,3.3856733666267984,-5.289872013477333,-35.951952562292306,92.25228488670307
318.22444500221513,-39.553674994295505,3.385562563818074,-5.28811873625088,-35.95530051263169,92.1583156779677
318.22812419138785,-39.54388618834122,3.38545176336679,-5.286365644467746,-35.95864523038839,92.06436780611388
318.23180137036246,-39.53409713508629,3.3853409653233486,-5.284612738252261,-35.96198671617479,91.97044125586991
318.23547654041005,-39.52430783474342,3.385230169738153,-5.282860017728375,-35.96532497060312,91.87653601196328
318.23914970280094,-39.51451828752509,3.385119376661609,-5.28110748301956,-35.96865999428554,91.78265205912244
318.2428208588044,-39.50472849364339,3.3850085861441186,-5.27935513424885,-35.97199178783415,91.68878938207455
318.24649000968896,-39.49493845331047,3.384897798236086,-5.27760297153886,-35.975320351860915,91.59494796554843
318.2501571567219,-39.48514816673799,3.384787012987916,-5.275850995011799,-35.97864568697776,91.50112779427172
318.2538223011699,-39.47535763413756,3.3846762304500118,-5.274099204789379,-35.981967793796464,91.40732885297213
318.2574854442986,-39.46556685572061,3.3845654506727763,-5.27234760099296,-35.98528667292879,91.31355112637782
318.2611465873728,-39.45577583169819,3.384454673706615,-5.27059618374336,-35.98860232498633,91.21979459921698
318.2648057316563,-39.44598456228132,3.3843438996019293,-5.2688449531610955,-35.99191475058066,91.12605925621709
318.268462878412,-39.43619304768062,3.384233128409126,-5.267093909366136,-35.99522395032322,91.03234508210649
318.2721180289019,-39.42640128810663,3.3841223601786066,-5.265343052478096,-35.99852992482541,90.93865206161274
318.27577118438717,-39.416609283769716,3.384011594960776,-5.263592382616137,-36.00183267469848,90.84498017946423
318.27942234612794,-39.40681703487984,3.383900832806037,-5.261841899898999,-36.005132200553625,90.75132942038864
318.28307151538354,-39.39702454164698,3.3837900737647946,-5.26009160444499,-36.00842850300195,90.6576997691138
318.2867186934123,-39.387231804280695,3.3836793178874522,-5.258341496371986,-36.011721582654474,90.56409121036809
318.29036388147176,-39.37743882299045,3.3835685652244134,-5.256591575797429,-36.015011440122116,90.47050372887895
318.29400708081846,-39.36764559798556,3.383457815826081,-5.254841842838371,-36.018298076015725,90.37693730937488
318.29764829270806,-39.35785212947492,3.383347069742861,-5.25309229761139,-36.02158149094603,90.28339193658358
318.3012875183952,-39.348058417667445,3.3832363270251555,-5.251342940232696,-36.02486168552368,90.18986759523273
318.30492475913394,-39.33826446277163,3.3831255877233692,-5.249593770818022,-36.02813866035929,90.09636427005057
318.30856001617707,-39.328470264995914,3.3830148518879053,-5.247844789482726,-36.0314124160633,90.0028819457652
318.31219329077675,-39.318675824548514,3.3829041195691674,-5.246095996341696,-36.034682953246104,89.90942060710402
318.31582458418393,-39.308881141637286,3.3827933908175605,-5.244347391509461,-36.03795027251802,89.81598023879553
318.3194538976491,-39.29908621647012,3.3826826656834874,-5.242598975100043,-36.04121437448925,89.72256082556751
318.32308123242143,-39.28929104925442,3.382571944217352,-5.2408507472271415,-36.04447525976993,89.62916235214793
318.32670658974945,-39.2794956401976,3.382461226469558,-5.239102708003966,-36.04773292897008,89.5357848032647
318.33032997088065,-39.2696999895068,3.3823505124905093,-5.237354857543331,-36.05098738269966,89.44242816364554
318.3339513770617,-39.25990409738887,3.3822398023306093,-5.235607195957645,-36.05423862156852,89.34909241801894
318.33757080953836,-39.2501079640506,3.3821290960402624,-5.233859723358882,-36.05748664618643,89.25577755111244
318.34118826955546,-39.24031158969837,3.382018393669873,-5.232112439858592,-36.06073145716307,89.16248354765403
318.344803758357,-39.23051497453855,3.3819076952698452,-5.2303653455679475,-36.063973055108015,89.06921039237183
318.34841727718594,-39.22071811877725,3.3817970008905798,-5.2286184405976925,-36.067211440630786,88.97595806999368
318.3520288272845,-39.21092102262024,3.3816863105824826,-5.2268717250581105,-36.07044661434078,88.88272656524738
318.3556384098941,-39.20112368627329,3.381575624395958,-5.225125199059126,-36.07367857684733,88.78951586286117
318.3592460262549,-39.191326109941755,3.381464942381409,-5.2233788627102395,-36.07690732875967,88.69632594756297
318.36285167760644,-39.18152829383092,3.3813542645892403,-5.2216327161205225,-36.08013287068691,88.60315680408046
318.3664553651874,-39.17173023814591,3.3812435910698544,-5.21988675939864,-36.08335520323813,88.51000841714196
318.37005709023543,-39.16193194309141,3.3811329218736557,-5.218140992652876,-36.08657432702231,88.41688077147509
318.37365685398737,-39.15213340887219,3.3810222570510473,-5.216395415991059,-36.0897902426483,88.32377385180793
318.37725465767915,-39.14233463569251,3.380911596652434,-5.214650029520631,-36.09300295072489,88.23068764286838
318.38085050254574,-39.1325356237567,3.3808009407282196,-5.212904833348636,-36.09621245186079,88.13762212938465
318.38444438982134,-39.12273637326879,3.3806902893288076,-5.211159827581699,-36.09941874666456,88.04457729608447
318.3880363207393,-39.11293688443246,3.380579642504601,-5.2094150123260246,-36.10262183574479,87.95155312769559
318.3916262965318,-39.103137157451435,3.3804690003060043,-5.207670387687422,-36.10582171970986,87.85854960894655
318.39521431843053,-39.09333719252899,3.380358362783422,-5.205925953771305,-36.10901839916811,87.76556672456466
318.3988003876659,-39.08353698986834,3.3802477299872566,-5.204181710682683,-36.112211874727805,87.67260445927836
318.40238450546786,-39.07373654967255,3.380137101967913,-5.20243765852613,-36.1154021469971,87.57966279781523
318.4059666730651,-39.06393587214428,3.3800264787757937,-5.200693797405838,-36.118589216584056,87.48674172490351
318.4095468916856,-39.05413495748617,3.3799158604613044,-5.198950127425605,-36.12177308409665,87.39384122527095
318.41312516255636,-39.04433380590051,3.379805247074848,-5.197206648688822,-36.12495375014277,87.30096128364558
318.4167014869037,-39.03453241758957,3.3796946386668263,-5.195463361298463,-36.12813121533026,87.20810188475554
318.42027586595293,-39.024730792755165,3.3795840352876465,-5.193720265357118,-36.13130548026677,87.11526301332827
318.4238483009284,-39.01492893159913,3.3794734369877095,-5.191977360966948,-36.13447654555997,87.02244465409223
318.42741879305373,-39.00512683432305,3.3793628438174204,-5.19023464822976,-36.13764441181736,86.92964679177524
318.4309873435515,-38.99532450112817,3.379252255827184,-5.188492127246931,-36.14080907964639,86.83686941110507
318.4345539536436,-38.98552193221568,3.379141673067403,-5.186749798119436,-36.14397054965441,86.74411249680993
318.43811862455095,-38.975719127786576,3.3790310955884806,-5.1850076609478775,-36.14712882244868,86.6513760336175
318.44168135749345,-38.965916088041475,3.3789205234408213,-5.183265715832456,-36.150283898636395,86.558660006256
