galstreams/tracks/track.st.Fimbulthul.ibata2021.ecsv
# %ECSV 0.9
# ---
# datatype:
# - {name: ra, unit: deg, datatype: float64}
# - {name: dec, unit: deg, datatype: float64}
# - {name: distance, unit: kpc, datatype: float64}
# - {name: pm_ra_cosdec, unit: mas / yr, datatype: float64}
# - {name: pm_dec, unit: mas / yr, datatype: float64}
# - {name: radial_velocity, unit: km / s, datatype: float64}
# delimiter: ','
# meta: !!omap
# - __serialized_columns__:
#     dec:
#       __class__: astropy.coordinates.angles.Latitude
#       unit: &id001 !astropy.units.Unit {unit: deg}
#       value: !astropy.table.SerializedColumn {name: dec}
#     distance:
#       __class__: astropy.coordinates.distances.Distance
#       unit: !astropy.units.Unit {unit: kpc}
#       value: !astropy.table.SerializedColumn {name: distance}
#     pm_dec:
#       __class__: astropy.units.quantity.Quantity
#       unit: !astropy.units.Unit {unit: mas / yr}
#       value: !astropy.table.SerializedColumn {name: pm_dec}
#     pm_ra_cosdec:
#       __class__: astropy.units.quantity.Quantity
#       unit: !astropy.units.Unit {unit: mas / yr}
#       value: !astropy.table.SerializedColumn {name: pm_ra_cosdec}
#     ra:
#       __class__: astropy.coordinates.angles.Longitude
#       unit: *id001
#       value: !astropy.table.SerializedColumn {name: ra}
#       wrap_angle: !astropy.coordinates.Angle
#         unit: *id001
#         value: 360.0
#     radial_velocity:
#       __class__: astropy.units.quantity.Quantity
#       unit: !astropy.units.Unit {unit: km / s}
#       value: !astropy.table.SerializedColumn {name: radial_velocity}
# schema: astropy-2.0
ra,dec,distance,pm_ra_cosdec,pm_dec,radial_velocity
[from data line 415]
192.05945471873486,-36.26375399703671,5.335741459207914,-5.607828496587531,-6.943318386670317,1.347322740779574e-13
192.0671751523575,-36.25463586272717,5.335681221310555,-5.60835228612477,-6.944561356574626,8.420767129872338e-14
192.07489402308448,-36.24551731670689,5.335618688269779,-5.608884308582292,-6.945805623924706,1.1789073981821273e-13
192.08261133471171,-36.236398363630215,5.335553862028173,-5.609424558851641,-6.947051188916699,8.420767129872338e-14
192.09032709103445,-36.22727900815079,5.335486744528322,-5.609973031824762,-6.948298051744461,1.0104920555846805e-13
192.09804129584782,-36.21815925492144,5.335417337712812,-5.610529722393985,-6.949546212599566,1.1789073981821273e-13
192.10575395294651,-36.20903910859427,5.335345643524231,-5.611094625452049,-6.950795671671315,1.0104920555846805e-13
192.11346506612495,-36.199918573820625,5.33527166390516,-5.611667735892075,-6.952046429146757,6.73661370389787e-14
192.12117463917727,-36.19079765525104,5.335195400798188,-5.612249048607583,-6.953298485210664,1.0104920555846805e-13
192.12888267589707,-36.18167635753537,5.3351168561459,-5.6128385584924905,-6.954551840045539,1.1789073981821273e-13
192.13658918007783,-36.172554685322616,5.335036031890883,-5.6134362604410954,-6.955806493831645,5.0524602779234026e-14
192.14429415551265,-36.16343264326108,5.334952929975719,-5.6140421493481085,-6.9570624467469955,1.1789073981821273e-13
192.15199760599427,-36.15431023599826,5.334867552342999,-5.614656220108613,-6.958319698967345,1.1789073981821273e-13
192.15969953531518,-36.14518746818093,5.3347799009353025,-5.615278467618099,-6.959578250666221,6.73661370389787e-14
192.16739994726743,-36.136064344455015,5.33468997769522,-5.615908886772442,-6.960838102014895,1.0104920555846805e-13
192.17509884564274,-36.12694086946585,5.334597784565336,-5.616547472467923,-6.962099253182415,1.0104920555846805e-13
192.1827962342326,-36.117817047857834,5.334503323488236,-5.617194219601201,-6.963361704335605,5.0524602779234026e-14
192.1904921168281,-36.10869288427472,5.334406596406507,-5.617849123069336,-6.964625455639046,8.420767129872338e-14
192.19818649722004,-36.09956838335944,5.334307605262731,-5.618512177769785,-6.965890507255121,1.0104920555846805e-13
192.20587937919882,-36.09044354975416,5.334206351999499,-5.619183378600383,-6.967156859343975,1.0104920555846805e-13
192.21357076655462,-36.081318388100364,5.334102838559391,-5.619862720459377,-6.968424512063553,8.420767129872338e-14
192.22126066307723,-36.07219290303864,5.333997066884996,-5.620550198245394,-6.969693465569598,1.0104920555846805e-13
192.228949072556,-36.06306709920899,5.333889038918903,-5.621245806857459,-6.970963720015623,6.73661370389787e-14
192.2366359987801,-36.05394098125054,5.333778756603689,-5.621949541194992,-6.972235275552967,1.0104920555846805e-13
192.24432144553833,-36.04481455380167,5.333666221881946,-5.6226613961578,-6.973508132330765,1.0104920555846805e-13
192.2520054166191,-36.03568782150001,5.333551436696261,-5.623381366646077,-6.974782290495949,5.0524602779234026e-14
192.25968791581062,-36.02656078898247,5.333434402989215,-5.624109447560429,-6.976057750193284,6.73661370389787e-14
192.2673689469006,-36.01743346088513,5.333315122703397,-5.624845633801828,-6.977334511565341,8.420767129872338e-14
192.27504851367652,-36.008305841843416,5.33319359778139,-5.625589920271674,-6.978612574752509,8.420767129872338e-14
192.28272661992546,-35.99917793649188,5.333069830165782,-5.626342301871721,-6.979891939893008,3.368306851948935e-14
192.29040326943425,-35.990049749464426,5.332943821799159,-5.627102773504143,-6.9811726071228835,8.420767129872338e-14
192.2980784659893,-35.98092128539412,5.332815574624105,-5.62787133007149,-6.982454576576017,1.0104920555846805e-13
192.30575221337676,-35.97179254891329,5.332685090583206,-5.628647966476716,-6.983737848384127,6.73661370389787e-14
192.31342451538242,-35.96266354465355,5.33255237161905,-5.629432677623159,-6.985022422676774,8.420767129872338e-14
192.32109537579177,-35.95353427724569,5.332417419674219,-5.630225458414543,-6.986308299581367,1.0104920555846805e-13
192.3287647983898,-35.94440475131984,5.3322802366913,-5.63102630375501,-6.987595479223156,1.1789073981821273e-13
192.33643278696138,-35.93527497150529,5.332140824612882,-5.631835208549061,-6.988883961725252,8.420767129872338e-14
192.34409934529089,-35.92614494243061,5.331999185381546,-5.632652167701616,-6.990173747208624,1.0104920555846805e-13
192.35176447716248,-35.9170146687236,5.331855320939882,-5.633477176117964,-6.9914648357921045,6.73661370389787e-14
192.3594281863599,-35.90788415501134,5.331709233230472,-5.634310228703806,-6.992757227592386,5.0524602779234026e-14
192.36709047666662,-35.89875340592013,5.331560924195904,-5.635151320365219,-6.994050922724039,1.0104920555846805e-13
192.3747513518658,-35.8896224260755,5.33141039577876,-5.636000446008682,-6.995345921299513,8.420767129872338e-14
192.38241081574003,-35.88049122010227,5.331257649921632,-5.636857600541061,-6.9966422234291095,5.0524602779234026e-14
192.3900688720718,-35.871359792624496,5.3311026885671025,-5.637722778869615,-6.997939829221041,1.0104920555846805e-13
192.39772552464325,-35.86222814826547,5.3309455136577535,-5.638595975901993,-6.999238738781403,8.420767129872338e-14
192.4053807772361,-35.85309629164772,5.330786127136177,-5.639477186546235,-7.000538952214165,1.1789073981821273e-13
192.4130346336318,-35.84396422739304,5.330624530944956,-5.640366405710767,-7.0018404696212055,6.73661370389787e-14
192.42068709761142,-35.83483196012248,5.330460727026676,-5.6412636283044195,-7.0031432911023,1.1789073981821273e-13
192.42833817295573,-35.82569949445628,5.330294717323923,-5.642168849236402,-7.004447416755125,8.420767129872338e-14
192.43598786344504,-35.816566835014065,5.330126503779281,-5.643082063416329,-7.0057528466752625,1.515738083377021e-13
192.44363617285947,-35.80743398641457,5.329956088335339,-5.6440032657541845,-7.007059580956202,1.0104920555846805e-13
192.45128310497876,-35.798300953275835,5.329783472934683,-5.644932451160359,-7.00836761968935,6.73661370389787e-14
192.4589286635823,-35.78916774021516,5.329608659519894,-5.6458696145456395,-7.009676962964043,6.73661370389787e-14
192.46657285244916,-35.78003435184909,5.32943165003356,-5.646814750821184,-7.010987610867527,8.420767129872338e-14
192.47421567535807,-35.770900792793356,5.329252446418269,-5.64776785489855,-7.012299563484975,1.1789073981821273e-13
192.48185713608737,-35.76176706766307,5.329071050616605,-5.648728921689698,-7.013612820899495,1.0104920555846805e-13
192.4894972384151,-35.75263318107251,5.328887464571152,-5.649697946106962,-7.014927383192131,8.420767129872338e-14
192.497135986119,-35.7434991376352,5.3287016902244995,-5.650674923063071,-7.016243250441857,8.420767129872338e-14
192.50477338297642,-35.734364941963925,5.328513729519231,-5.651659847471148,-7.017560422725596,6.73661370389787e-14
192.51240943276437,-35.725230598670755,5.328323584397932,-5.652652714244706,-7.018878900118223,6.73661370389787e-14
192.52004413925968,-35.716096112366955,5.3281312568031876,-5.653653518297638,-7.0201986826925555,6.73661370389787e-14
192.5276775062385,-35.70696148766313,5.327936748677585,-5.65466225454425,-7.021519770519357,8.420767129872338e-14
192.5353095374769,-35.69782672916905,5.32774006196371,-5.655678917899212,-7.022842163667363,1.0104920555846805e-13
192.54294023675064,-35.688691841493785,5.3275411986041465,-5.656703503277605,-7.024165862203271,8.420767129872338e-14
192.55056960783497,-35.679556829245634,5.327340160541482,-5.6577360055948835,-7.025490866191735,6.73661370389787e-14
192.55819765450497,-35.670421697032175,5.327136949718301,-5.658776419766899,-7.0268171756953866,8.420767129872338e-14
192.56582438053525,-35.66128644946021,5.326931568077191,-5.6598247407098965,-7.028144790774821,3.368306851948935e-14
192.57344978970022,-35.652151091135806,5.326724017560736,-5.660880963340504,-7.029473711488627,8.420767129872338e-14
192.58107388577372,-35.64301562666434,5.326514300111523,-5.661945082575742,-7.0308039378933564,5.0524602779234026e-14
192.58869667252947,-35.63388006065036,5.326302417672135,-5.663017093333024,-7.0321354700435625,6.73661370389787e-14
192.59631815374075,-35.6247443976977,5.326088372185163,-5.664096990530145,-7.033468307991768,1.1789073981821273e-13
192.60393833318062,-35.61560864240946,5.3258721655931875,-5.665184769085296,-7.034802451788513,8.420767129872338e-14
192.6115572146216,-35.60647279938799,5.325653799838796,-5.666280423917057,-7.0361379014823155,8.420767129872338e-14
192.61917480183604,-35.59733687323491,5.325433276864574,-5.667383949944394,-7.037474657119704,1.1789073981821273e-13
192.626791098596,-35.58820086855101,5.32521059861311,-5.668495342086654,-7.038812718745204,8.420767129872338e-14
192.63440610867286,-35.5790647899365,5.324985767026986,-5.6696145952635995,-7.040152086401349,1.0104920555846805e-13
192.64201983583806,-35.56992864199073,5.324758784048789,-5.670741704395355,-7.041492760128693,3.368306851948935e-14
192.6496322838625,-35.560792429312315,5.324529651621103,-5.671876664402443,-7.0428347399658,5.0524602779234026e-14
192.65724345651677,-35.55165615649915,5.324298371686517,-5.673019470205781,-7.044178025949252,1.515738083377021e-13
192.66485335757116,-35.54251982814836,5.324064946187614,-5.674170116726665,-7.045522618113656,8.420767129872338e-14
192.6724619907956,-35.53338344885637,5.323829377066983,-5.6753285988867885,-7.046868516491647,5.0524602779234026e-14
192.68006935995967,-35.52424702321881,5.323591666267205,-5.676494911608222,-7.048215721113889,1.347322740779574e-13
192.6876754688326,-35.51511055583065,5.323351815730871,-5.677669049813442,-7.049564232009082,3.368306851948935e-14
192.69528032118328,-35.50597405128607,5.323109827400562,-5.678851008425298,-7.050914049203955,1.0104920555846805e-13
192.70288392078035,-35.49683751417845,5.322865703218868,-5.680040782367036,-7.052265172723302,6.73661370389787e-14
192.71048627139197,-35.48770094910055,5.322619445128372,-5.681238366562285,-7.053617602589933,8.420767129872338e-14
192.71808737678612,-35.478564360644285,5.322371055071659,-5.682443755935065,-7.054971338824734,8.420767129872338e-14
192.7256872407303,-35.469427753400836,5.322120534991315,-5.683656945409783,-7.0563263814466275,1.0104920555846805e-13
192.73328586699176,-35.460291131960766,5.32186788682993,-5.684877929911239,-7.057682730472592,5.0524602779234026e-14
192.74088325933732,-35.45115450091375,5.321613112530082,-5.686106704364618,-7.059040385917681,1.0104920555846805e-13
192.7484794215336,-35.442017864848815,5.321356214034364,-5.687343263695481,-7.060399347794998,6.73661370389787e-14
192.75607435734676,-35.432881228354184,5.321097193285359,-5.688587602829798,-7.061759616115719,1.0104920555846805e-13
192.7636680705427,-35.4237445960174,5.320836052225651,-5.6898397166939105,-7.063121190889094,1.0104920555846805e-13
192.77126056488694,-35.414607972425216,5.320572792797829,-5.691099600214555,-7.064484072122444,1.0104920555846805e-13
192.77885184414478,-35.40547136216367,5.320307416944475,-5.692367248318849,-7.065848259821177,1.0104920555846805e-13
192.78644191208087,-35.39633476981807,5.320039926608179,-5.693642655934309,-7.067213753988764,8.420767129872338e-14
192.79403077245988,-35.387198199973,5.319770323731522,-5.694925817988831,-7.068580554626788,8.420767129872338e-14
192.80161842904596,-35.37806165721227,5.319498610257092,-5.696216729410697,-7.069948661734907,1.0104920555846805e-13
192.80920488560298,-35.368925146118954,5.319224788127476,-5.697515385128579,-7.071318075310874,5.0524602779234026e-14
192.8167901458944,-35.35978867127542,5.318948859285258,-5.698821780071535,-7.072688795350535,8.420767129872338e-14
192.82437421368348,-35.35065223726322,5.318670825673025,-5.700135909169004,-7.074060821847844,6.73661370389787e-14
192.83195709273295,-35.341515848663306,5.318390689233363,-5.7014577673508295,-7.075434154794856,6.73661370389787e-14
192.83953878680538,-35.33237951005579,5.318108451908854,-5.702787349547227,-7.076808794181737,1.0104920555846805e-13
192.84711929966292,-35.32324322602006,5.317824115642087,-5.704124650688803,-7.078184739996758,1.1789073981821273e-13
192.85469863506742,-35.31410700113478,5.317537682375649,-5.705469665706541,-7.07956199222631,1.347322740779574e-13
192.86227679678035,-35.30497083997787,5.3172491540521225,-5.706822389531833,-7.0809405508548995,6.73661370389787e-14
192.8698537885629,-35.295834747126555,5.316958532614095,-5.708182817096436,-7.082320415865158,1.0104920555846805e-13
192.87742961417595,-35.286698727157244,5.31666582000415,-5.709550943332506,-7.083701587237849,1.0104920555846805e-13
192.88500427737984,-35.277562784645696,5.316371018164876,-5.710926763172575,-7.085084064951841,5.0524602779234026e-14
192.8925777819348,-35.26842692416688,5.316074129038858,-5.7123102715495815,-7.086467848984162,1.0104920555846805e-13
192.90015013160064,-35.259291150295056,5.3157751545686835,-5.713701463396818,-7.087852939309959,8.420767129872338e-14
192.90772133013687,-35.250155467603726,5.315474096696934,-5.715100333647995,-7.089239335902539,5.0524602779234026e-14
192.9152913813026,-35.24101988066569,5.315170957366197,-5.716506877237194,-7.090627038733329,8.420767129872338e-14
192.92286028885673,-35.23188439405299,5.3148657385190585,-5.717921089098877,-7.092016047771916,8.420767129872338e-14
192.9304280565577,-35.22274901233688,5.314558442098106,-5.719342964167902,-7.093406362986036,8.420767129872338e-14
192.93799468816357,-35.213613740088036,5.31424907004592,-5.720772497379509,-7.09479798434157,1.347322740779574e-13
192.94556018743225,-35.20447858187625,5.313937624305093,-5.722209683669326,-7.0961909118025694,1.1789073981821273e-13
192.9531245581212,-35.19534354227064,5.313624106818207,-5.7236545179733636,-7.097585145331241,1.1789073981821273e-13
192.96068780398758,-35.186208625839576,5.313308519527847,-5.725106995228015,-7.0989806848879535,5.0524602779234026e-14
192.96824992878817,-35.17707383715073,5.3129908643766015,-5.726567110370065,-7.100377530431243,5.0524602779234026e-14
192.9758109362795,-35.16793918077098,5.312671143307054,-5.728034858336677,-7.101775681917823,6.73661370389787e-14
192.9833708302177,-35.1588046612665,5.312349358261789,-5.729510234065412,-7.103175139302584,8.420767129872338e-14
192.99092961435852,-35.149670283202795,5.312025511183396,-5.730993232494205,-7.104575902538573,1.0104920555846805e-13
192.99848729245753,-35.14053605114453,5.311699604014459,-5.732483848561373,-7.105977971577044,1.0104920555846805e-13
193.00604386826984,-35.13140196965571,5.311371638697562,-5.733982077205628,-7.107381346367424,1.0104920555846805e-13
193.0135993455503,-35.12226804329959,5.3110416171752926,-5.7354879133660654,-7.108786026857333,1.347322740779574e-13
193.02115372805335,-35.11313427663866,5.310709541390238,-5.73700135198216,-7.110192012992573,8.420767129872338e-14
193.02870701953327,-35.10400067423471,5.31037541328498,-5.738522387993768,-7.111599304717158,8.420767129872338e-14
193.0362592237437,-35.09486724064885,5.3100392348021055,-5.740051016341147,-7.113007901973287,1.1789073981821273e-13
193.0438103444383,-35.08573398044137,5.309701007884203,-5.741587231964921,-7.114417804701359,8.420767129872338e-14
193.05136038537015,-35.07660089817187,5.309360734473856,-5.74313102980611,-7.115829012839994,1.0104920555846805e-13
193.05890935029208,-35.06746799839921,5.3090184165136485,-5.744682404806111,-7.117241526326008,5.0524602779234026e-14
193.06645724295666,-35.05833528568154,5.30867405594617,-5.746241351906703,-7.118655345094427,8.420767129872338e-14
193.074004067116,-35.04920276457625,5.308327654714003,-5.747807866050069,-7.120070469078512,1.0104920555846805e-13
193.08154982652206,-35.04007043964,5.3079792147597376,-5.74938194217874,-7.121486898209714,1.0104920555846805e-13
193.08909452492622,-35.030938315428784,5.3076287380259535,-5.750963575235672,-7.122904632417729,8.420767129872338e-14
