galstreams/tracks/track.st.NGC3201.ibata2021.ecsv
# %ECSV 1.0
# ---
# datatype:
# - {name: ra, unit: deg, datatype: float64}
# - {name: dec, unit: deg, datatype: float64}
# - {name: distance, unit: kpc, datatype: float64}
# - {name: pm_ra_cosdec, unit: mas / yr, datatype: float64}
# - {name: pm_dec, unit: mas / yr, datatype: float64}
# - {name: radial_velocity, unit: km / s, datatype: float64}
# delimiter: ','
# meta: !!omap
# - __serialized_columns__:
#     dec:
#       __class__: astropy.coordinates.angles.Latitude
#       unit: &id001 !astropy.units.Unit {unit: deg}
#       value: !astropy.table.SerializedColumn {name: dec}
#     distance:
#       __class__: astropy.coordinates.distances.Distance
#       unit: !astropy.units.Unit {unit: kpc}
#       value: !astropy.table.SerializedColumn {name: distance}
#     pm_dec:
#       __class__: astropy.units.quantity.Quantity
#       unit: !astropy.units.Unit {unit: mas / yr}
#       value: !astropy.table.SerializedColumn {name: pm_dec}
#     pm_ra_cosdec:
#       __class__: astropy.units.quantity.Quantity
#       unit: !astropy.units.Unit {unit: mas / yr}
#       value: !astropy.table.SerializedColumn {name: pm_ra_cosdec}
#     ra:
#       __class__: astropy.coordinates.angles.Longitude
#       unit: *id001
#       value: !astropy.table.SerializedColumn {name: ra}
#       wrap_angle: !astropy.coordinates.Angle
#         unit: *id001
#         value: 360.0
#     radial_velocity:
#       __class__: astropy.units.quantity.Quantity
#       unit: !astropy.units.Unit {unit: km / s}
#       value: !astropy.table.SerializedColumn {name: radial_velocity}
# schema: astropy-2.0
ra,dec,distance,pm_ra_cosdec,pm_dec,radial_velocity
[from data line 859]
159.22787845011683,-47.061220837142514,4.891275255762271,6.565783668722757,-1.5241180276313182,381.2172653435185
159.24245567367967,-47.062632345340596,4.892567873643511,6.560577045095489,-1.5221657518580693,380.4820959549774
159.2570343556615,-47.06403926832266,4.893862649983305,6.555380994137023,-1.5202063273867532,379.7475898508521
159.27161449602187,-47.06544159334499,4.895159577149407,6.550195603746037,-1.5182397121677003,379.0137649497795
159.2861960947059,-47.06683930766306,4.896458647509569,6.545020961790536,-1.5162658640836435,378.28063917039685
159.30077915164398,-47.06823239853149,4.897759853431541,6.539857156107811,-1.5142847409497024,377.54823043134064
159.3153636667519,-47.06962085320409,4.89906318728308,6.534704274504392,-1.5122963005133894,376.8165566512483
159.3299496399308,-47.07100465893389,4.900368641431935,6.529562404756013,-1.5103005004545649,376.08563574875654
159.34453707106718,-47.07238380297308,4.90167620824586,6.524431634607587,-1.5082972983854521,375.3554856425027
159.35912596003283,-47.07375827257304,4.902985880092607,6.519312051773135,-1.5062866518506395,374.6261242511233
159.373716306685,-47.07512805498438,4.904297649339928,6.514203743935777,-1.5042685183270272,373.8975694932554
159.38830811086615,-47.07649313745689,4.905611508355578,6.509106798747668,-1.5022428552238551,373.1698392875363
159.40290137240416,-47.0778535072396,4.9069274495073065,6.504021303829985,-1.5002096198826678,372.4429515526026
159.4174960911121,-47.07920915158072,4.908245465162866,6.498947346772866,-1.4981687695773154,371.71692420709127
159.43209226678852,-47.08056005772769,4.90956554769001,6.493885015135372,-1.4961202615139522,370.99177516963965
159.44668989921715,-47.08190621292718,4.910887689456493,6.48883439644546,-1.4940640528309999,370.26752235888455
159.46128898816704,-47.08324760442509,4.912211882830064,6.483795578199934,-1.4920001005991583,369.5441836934625
159.4758895333926,-47.08458421946653,4.913538120178478,6.4787686478644035,-1.489928361821386,368.8217770920112
159.4904915346335,-47.08591604529586,4.9148663938694845,6.473753692873261,-1.487848793432902,368.10032047316724
159.5050949916146,-47.0872430691567,4.916196696270841,6.468750800629609,-1.4857613523011501,367.3798317555676
159.51969990404615,-47.08856527829188,4.917529019750296,6.463760058505269,-1.4836659952258193,366.66032885784915
159.5343062716236,-47.0898826599435,4.918863356675601,6.4587815538406925,-1.4815626789388165,365.94182969864926
159.54891409402768,-47.091195201352896,4.920199699414512,6.453815373944955,-1.4794513601042523,365.2243521966044
159.5635233709244,-47.092502889760695,4.921538040334782,6.448861606095697,-1.4773319953184378,364.50791427035193
159.578134101965,-47.09380571240675,4.922878371804159,6.443920337539106,-1.4752045411098873,363.7925338385286
159.5927462867859,-47.0951036565302,4.924220686190397,6.43899165548986,-1.4730689539392792,363.07822881977154
159.60735992500886,-47.096396709369465,4.925564975861251,6.434075647131073,-1.4709251901994769,362.3650171327177
159.6219750162408,-47.097684858162204,4.926911233184473,6.429172399614304,-1.4687732062154915,361.65291669600373
159.6365915600739,-47.0989680901454,4.928259450527812,6.424282000059483,-1.4666129582445038,360.941945428267
159.65120955608552,-47.10024639255529,4.929609620259026,6.419404535554858,-1.4644444024758112,360.2321212481444
159.66582900383827,-47.101519752627425,4.930961734745861,6.414540093156994,-1.462267495030864,359.5234620742729
159.68044990287996,-47.10278815759663,4.932315786356075,6.4096887598907095,-1.4600821919632256,358.81598582528943
159.6950722527435,-47.10405159469702,4.933671767457418,6.404850622749047,-1.4578884492585829,358.109710419831
159.70969605294715,-47.10531005116204,4.935029670417642,6.400025768693226,-1.455686222834716,357.40465377653436
159.72432130299427,-47.106563514224426,4.936389487604503,6.3952142846525994,-1.4534754685415,356.7008338140367
159.7389480023734,-47.107811971116234,4.937751211385748,6.39041625752464,-1.4512561421609025,355.9982684509751
159.7535761505583,-47.10905540906882,4.939114834129133,6.385631774174863,-1.4490281994069623,355.29697560598635
159.7682057470078,-47.11029381531287,4.94048034820241,6.380860921436832,-1.4467915959257933,354.5969731977074
159.782836791166,-47.111527177078415,4.941847745973332,6.3761037861120755,-1.444546287295558,353.89827914477553
159.79746928246212,-47.112755481594775,4.943217019809651,6.371360454970075,-1.4422922290264797,353.2009113658272
159.81210322031046,-47.11397871609063,4.9445881620791186,6.366631014748219,-1.4400293765608136,352.50488777949977
159.8267386041106,-47.115196867794,4.9459611651494875,6.361915552151759,-1.4377576852728469,351.81022630443
159.84137543324715,-47.116409923932224,4.947336021388511,6.357214153853789,-1.435477110468903,351.1169448592551
159.8560137070899,-47.11761787173202,4.9487127231639425,6.3525269064951715,-1.433187607387305,350.42506136261187
159.87065342499372,-47.11882069841945,4.950091262843532,6.347853896684532,-1.430889131198395,349.7345937331373
159.88529458629867,-47.12001839121991,4.951471632795034,6.343195210998216,-1.4285816370045037,349.04555988946856
159.89993719032987,-47.12121093735818,4.9528538253862004,6.33855093598022,-1.4262650798399568,348.3579777502422
159.91458123639757,-47.122398324058395,4.954237832984783,6.333921158142196,-1.4239394146710689,347.6718652340956
159.92922672379714,-47.12358053854407,4.955623647958534,6.329305963963379,-1.4216045963961141,346.9872402596653
159.94387365180904,-47.12475756803808,4.957011262675208,6.324705439890551,-1.419260579845341,346.304120745589
159.95852201969876,-47.12592939976269,4.958400669502557,6.320119672338034,-1.4169073197809556,345.6225246105028
159.97317182671702,-47.12709602093955,4.959791860808331,6.315548747687604,-1.4145447708971082,344.9424697730442
159.98782307209945,-47.12825741878967,4.961184828960286,6.310992752288497,-1.4121728878198985,344.26397415185033
160.00247575506685,-47.12941358053351,4.962579566326171,6.306451772457341,-1.4097916251073643,343.5870556655578
160.01712987482512,-47.13056449339088,4.963976065273741,6.301925894478117,-1.4074009372494531,342.9117322328034
160.03178543056515,-47.13171014458098,4.965374318170746,6.297415204602144,-1.4050007786680467,342.2380217722248
160.04644242146296,-47.132850521322474,4.966774317384942,6.29291978904801,-1.4025911037169303,341.5659422024582
160.06110084667952,-47.1339856108334,4.96817605528408,6.288439734001567,-1.400171866681804,340.89551144214107
160.075760705361,-47.1351154003312,4.969579524235912,6.283975125615858,-1.3977430217802524,340.2267474099103
160.09042199663844,-47.13623987703275,4.970984716608189,6.279526050011103,-1.3953045231617605,339.5596680244028
160.10508471962808,-47.13735902815437,4.972391624768668,6.275092593274643,-1.392856324907684,338.8942912042555
160.11974887343106,-47.13847284091176,4.973800241085096,6.270674841460918,-1.3903983810312726,338.23063486810537
160.13441445713366,-47.139581302520114,4.975210557925229,6.266272880591417,-1.387930645477625,337.56871693458965
160.14908146980707,-47.14068440019402,4.976622567656818,6.2618867966546485,-1.3854530721237142,336.9085553223449
160.1637499105076,-47.141782121147514,4.978036262647618,6.257516675606089,-1.3829656147783735,336.2501679500084
160.17841977827652,-47.14287445259411,4.979451635265377,6.253162603368149,-1.3804682271822664,335.593572736217
160.19309107214008,-47.143961381746735,4.9808686778778535,6.248824665830142,-1.377960863007912,334.93878759960774
160.20776379110958,-47.14504289581779,4.982287382852793,6.244502948848256,-1.3754434758596732,334.28583045881743
160.22243793418133,-47.146118982019125,4.983707742557954,6.240197538245472,-1.3729160192737195,333.63471923248323
160.23711350033656,-47.147189627562106,4.985129749361085,6.235908519811575,-1.3703784467180595,332.9854718392421
160.25179048854156,-47.14825481965749,4.986553395629941,6.231635979303086,-1.3678307115925197,332.3381061977309
160.26646889774753,-47.149314545515566,4.987978673732273,6.22738000244324,-1.3652727672287304,331.6926402265866
160.2811487268907,-47.15036879234608,4.989405576035833,6.223140674921935,-1.3627045668901294,331.0490918444463
160.29582997489226,-47.15141754735828,4.990834094908378,6.218918082395696,-1.3601260637719523,330.4074789699468
160.31051264065835,-47.15246079776087,4.992264222717654,6.214712310487649,-1.3575372110012403,329.76781952172524
160.3251967230801,-47.153498530762064,4.993695951831418,6.2105234447874595,-1.3549379616368,329.13013141841856
160.33988222103355,-47.15453073356961,4.995129274617418,6.206351570851329,-1.3523282686692406,328.49443257866375
160.35456913337975,-47.155557393390694,4.996564183443414,6.202196774201912,-1.3497080850209313,327.8607409210977
160.36925745896465,-47.15657849743205,4.998000670677151,6.198059140328324,-1.3470773635460302,327.22907436435736
160.3839471966192,-47.15759403289992,4.999438728686386,6.193938754686068,-1.3444360570304479,326.59945082708003
160.39863834515916,-47.15860398700005,5.000878349838868,6.189835702697023,-1.3417841181918595,325.97188822790207
160.4133309033854,-47.159608346937716,5.002319526502353,6.1857500697493775,-1.3391214996796998,325.3464044854609
160.42802487008356,-47.16060709991771,5.003762251044591,6.181681941197617,-1.3364481540751498,324.72301751839353
160.44272024402434,-47.16160023314438,5.005206515833337,6.177631402362472,-1.3337640338911392,324.1017452453366
160.45741702396322,-47.16258773382156,5.006652313236341,6.1735985385308965,-1.3310690915723393,323.4826055849274
160.4721152086407,-47.16356958915267,5.008099635621356,6.169583434955998,-1.3283632794951545,322.86561645580264
160.48681479678217,-47.16454578634067,5.0095484753561355,6.165586176857037,-1.3256465499677228,322.2507957765998
160.50151578709787,-47.16551631258804,5.010998824808429,6.161606849419363,-1.3229188552299176,321.6381614659552
160.51621817828303,-47.16648115509683,5.012450676345996,6.157645537794389,-1.3201801474533266,321.0277314425062
160.53092196901764,-47.167440301068666,5.013904022336582,6.153702327099559,-1.3174303787412578,320.41952362488956
160.54562715796678,-47.168393737704704,5.01535885514794,6.149777302418288,-1.3146695011287317,319.8135559317424
160.56033374378026,-47.16934145220568,5.016815167147827,6.145870548799934,-1.3118974665824883,319.20984628170174
160.57504172509277,-47.170283431771914,5.018272950703993,6.141982151259794,-1.3091142270009772,318.60841259340435
160.589751100524,-47.17121966360328,5.0197321981841885,6.138112194779006,-1.3063197342143376,318.00927278548744
160.60446186867844,-47.17215013489926,5.021192901956169,6.13426076430456,-1.3035139399844153,317.4124447765879
160.61917402814547,-47.173074832858916,5.022655054387685,6.130427944749239,-1.3006967960047549,316.8179464853426
160.63388757749925,-47.17399374468088,5.024118647846489,6.12661382099159,-1.2978682539005915,316.22579583038856
160.64860251529893,-47.17490685756339,5.025583674700337,6.122818477875869,-1.2950282652288516,315.6360107303629
160.66331884008846,-47.1758141587043,5.027050127316977,6.1190420002120405,-1.2921767814781457,315.0486091039023
160.67803655039666,-47.17671563530105,5.0285179980641646,6.115284472775691,-1.2893137540687656,314.46360886964425
160.69275564473713,-47.17761127455069,5.029987279309649,6.11154598030804,-1.286439134352693,313.88102794622506
160.7074761216085,-47.17850106364992,5.031457963421186,6.107826607515866,-1.283552873613571,313.3008842522821
160.72219797949396,-47.17938498979499,5.032930042766528,6.104126439071491,-1.2806549230667352,312.7231957064522
160.73692121686182,-47.18026304018183,5.034403509713423,6.100445559612739,-1.2777452338591768,312.1479802273725
160.75164583216505,-47.18113520200599,5.035878356629628,6.096784053742885,-1.2748237570695657,311.57525573367997
160.7663718238415,-47.18200146246263,5.037354575882895,6.093142006030644,-1.271890443708246,311.0050401440113
160.78109919031388,-47.18286180874657,5.038832159840975,6.089519501010102,-1.2689452447172052,310.4373513770037
160.79582792998968,-47.183716228052276,5.040311100871621,6.085916623180713,-1.2659881109701123,309.8722073512942
160.8105580412612,-47.184564707573834,5.041791391342588,6.0823334570072385,-1.2630189932722882,309.3096259855196
160.82528952250559,-47.18540723450499,5.043273023621624,6.078770086919718,-1.260037842360724,308.7496251983168
160.84002237208483,-47.186243796039186,5.044755990076484,6.075226597313428,-1.2570446089040468,308.1922229083231
160.85475658834565,-47.18707437936947,5.04624028307492,6.071703072548858,-1.2540392435025574,307.6374370341752
160.86949216961963,-47.18789897168858,5.047725894984686,6.068199596951651,-1.2510216966881966,307.08528549451023
160.88422911422313,-47.18871756018894,5.049212818173531,6.0647162548126,-1.2479919189245727,306.53578620796515
160.89896742045732,-47.18953013206263,5.0507010450092125,6.06125313038757,-1.2449498606069307,305.9889570931767
160.91370708660818,-47.1903366745014,5.052190567859477,6.057810307897505,-1.2418954720621747,305.444816068782
160.92844811094642,-47.191137174696735,5.053681379092082,6.054387871528356,-1.2388287035488537,304.90338105341834
160.9431904917276,-47.191931619839735,5.055173471074776,6.0509859054310615,-1.235749505257166,304.36466996572216
160.95793422719206,-47.192719997121266,5.056666836175316,6.047604493721509,-1.2326578273089472,303.8287007243307
160.97267931556485,-47.19350229373185,5.058161466761452,6.0442437204805035,-1.2295536197576986,303.29549124788093
160.9874257550559,-47.19427849686172,5.059657355200936,6.040903669753719,-1.2264368325885489,302.7650594550099
161.0021735438599,-47.19504859370085,5.061154493861522,6.037584425551662,-1.223307415718276,302.23742326435445
161.01692268015617,-47.195812571438864,5.062652875110959,6.034286071849666,-1.220165318995317,301.71260059455153
161.03167316210903,-47.19657041726515,5.064152491317004,6.031008692587795,-1.2170104921997371,301.19060936423824
161.04642498786737,-47.19732211836883,5.065653334847408,6.02775237167088,-1.213842885043248,300.6714674920514
161.06117815556493,-47.19806766193872,5.067155398069922,6.024517192968427,-1.210662447169213,300.1551928966282
161.07593266332023,-47.198807035163405,5.068658673352299,6.021303240314603,-1.2074691281526349,299.6418034966053
161.09068850923646,-47.19954022523116,5.070163153062294,6.018110597508203,-1.2042628775001667,299.13131721062007
161.10544569140163,-47.20026721933003,5.071668829567655,6.014939348312604,-1.2010436446501078,298.6237519573092
161.1202042078885,-47.20098800464781,5.073175695236141,6.011789576455737,-1.197811378972399,298.1191256553096
161.13496405675454,-47.20170256837206,5.074683742435497,6.008661365630045,-1.1945660297686205,297.6174562232586
161.149725236042,-47.20241089769006,5.076192963533479,6.005554799492459,-1.1913075462720268,297.11876157979276
161.1644877437779,-47.20311297978886,5.077703350897841,6.002469961664337,-1.1880358776474935,296.62305964354937
161.17925157797387,-47.20380880185531,5.079214896896333,5.999406935731465,-1.184750972991563,296.1303683331652
161.19401673662645,-47.204498351076005,5.080727593896709,5.996365805243993,-1.1814527813324203,295.6407055672774
161.20878321771679,-47.205181614637304,5.08224143426672,5.993346653716405,-1.1781412516299117,295.1540892645228
161.22355101921076,-47.205858579725366,5.083756410374121,5.990349564627492,-1.1748163327755323,294.67053734353823
161.2383201390591,-47.20652923352615,5.085272514586661,5.98737462142031,-1.1714779735924319,294.19006772296103
161.25309057519718,-47.207193563225346,5.086789739272097,5.984421907502141,-1.1681261228354236,293.712698321428
161.26786232554505,-47.207851556008514,5.088308076798176,5.981491506244478,-1.1647607291909736,293.238447057576
161.28263538800752,-47.20850319906096,5.089827519532656,5.978583500982955,-1.1613817412772232,292.76733185004224
161.29740976047418,-47.209148479567816,5.091348059843286,5.975697975017345,-1.1579891076439575,292.2993706174636
