galstreams/tracks/track.st.Leiptr.ibata2021.ecsv
# %ECSV 1.0
# ---
# datatype:
# - {name: ra, unit: deg, datatype: float64}
# - {name: dec, unit: deg, datatype: float64}
# - {name: distance, unit: kpc, datatype: float64}
# - {name: pm_ra_cosdec, unit: mas / yr, datatype: float64}
# - {name: pm_dec, unit: mas / yr, datatype: float64}
# - {name: radial_velocity, unit: km / s, datatype: float64}
# delimiter: ','
# meta: !!omap
# - __serialized_columns__:
#     dec:
#       __class__: astropy.coordinates.angles.Latitude
#       unit: &id001 !astropy.units.Unit {unit: deg}
#       value: !astropy.table.SerializedColumn {name: dec}
#     distance:
#       __class__: astropy.coordinates.distances.Distance
#       unit: !astropy.units.Unit {unit: kpc}
#       value: !astropy.table.SerializedColumn {name: distance}
#     pm_dec:
#       __class__: astropy.units.quantity.Quantity
#       unit: !astropy.units.Unit {unit: mas / yr}
#       value: !astropy.table.SerializedColumn {name: pm_dec}
#     pm_ra_cosdec:
#       __class__: astropy.units.quantity.Quantity
#       unit: !astropy.units.Unit {unit: mas / yr}
#       value: !astropy.table.SerializedColumn {name: pm_ra_cosdec}
#     ra:
#       __class__: astropy.coordinates.angles.Longitude
#       unit: *id001
#       value: !astropy.table.SerializedColumn {name: ra}
#       wrap_angle: !astropy.coordinates.Angle
#         unit: *id001
#         value: 360.0
#     radial_velocity:
#       __class__: astropy.units.quantity.Quantity
#       unit: !astropy.units.Unit {unit: km / s}
#       value: !astropy.table.SerializedColumn {name: radial_velocity}
# schema: astropy-2.0
ra,dec,distance,pm_ra_cosdec,pm_dec,radial_velocity
[from data line 4443]
89.92495109442164,-28.637805834972728,6.985728323263373,10.31050011160069,-9.64479838000264,150.03864181539618
89.93327148745628,-28.644643917134907,6.98561830584765,10.310400996526925,-9.643538553653046,150.0677324973485
89.94159282455655,-28.651481627164955,6.985508212530442,10.310301530602983,-9.642278103644218,150.09683151180798
89.94991510608303,-28.658318964890142,6.985398043162906,10.310201713731747,-9.64101703003656,150.12593886995438
89.95823833239635,-28.66515593013777,6.985287797596191,10.310101545816073,-9.639755332890537,150.15505458296786
89.96656250385726,-28.67199252273503,6.985177475681456,10.310001026758716,-9.63849301226664,150.18417866202827
89.97488762082655,-28.678828742509072,6.985067077269855,10.309900156462387,-9.637230068225433,150.21331111831557
89.98321368366506,-28.685664589287008,6.984956602212546,10.30979893482972,-9.635966500827516,150.24245196300973
89.99154069273371,-28.692500062895885,6.984846050360681,10.309697361763304,-9.63470231013356,150.27160120729073
89.99986864839347,-28.699335163162697,6.984735421565416,10.309595437165646,-9.633437496204277,150.3007588623384
90.00819755100541,-28.706169889914403,6.984624715677905,10.309493160939196,-9.632172059100425,150.32992493933287
90.01652740093061,-28.7130042429779,6.984513932549302,10.309390532986336,-9.630905998882831,150.3590994494541
90.02485819853027,-28.719838222180023,6.9844030720307675,10.30928755320939,-9.629639315612351,150.38828240388196
90.03318994416561,-28.726671827347555,6.984292133973452,10.309184221510613,-9.628372009349919,150.4174738137964
90.04152263819793,-28.733505058307262,6.984181118228509,10.309080537792202,-9.627104080156506,150.44667369037745
90.0498562809886,-28.740337914885814,6.984070024647096,10.308976501956279,-9.625835528093141,150.47588204480508
90.05819087289906,-28.74717039690984,6.983958853080371,10.308872113904904,-9.624566353220894,150.50509888825914
90.06652641429079,-28.754002504205946,6.983847603379483,10.308767373540086,-9.623296555600904,150.53432423191967
90.07486290552536,-28.76083423660063,6.983736275395592,10.308662280763754,-9.622026135294348,150.5635580869667
90.08320034696439,-28.767665593920402,6.983624868979849,10.308556835477775,-9.620755092362472,150.59280046458008
90.09153873896955,-28.774496575991662,6.983513383983413,10.308451037583964,-9.61948342686655,150.6220513759397
90.09987808190262,-28.781327182640805,6.983401820257436,10.308344886984058,-9.618211138867938,150.6513108322257
90.1082183761254,-28.788157413694147,6.983290177653073,10.308238383579734,-9.616938228428026,150.68057884461797
90.11655962199977,-28.794987268977934,6.983178456021482,10.308131527272609,-9.615664695608258,150.70985542429636
90.1249018198877,-28.80181674831842,6.983066655213814,10.308024317964225,-9.614390540470124,150.73914058244097
90.13324497015114,-28.808645851541744,6.982954775081229,10.30791675555607,-9.61311576307519,150.7684343302317
90.14158907315222,-28.815474578474024,6.982842815474876,10.307808839949574,-9.611840363485058,150.79773667884865
90.14993412925307,-28.82230292894132,6.9827307762459165,10.30770057104607,-9.61056434176138,150.82704763947154
90.15828013881588,-28.829130902769634,6.982618657245502,10.307591948746868,-9.609287697965867,150.85636722328059
90.1666271022029,-28.835958499784937,6.982506458324786,10.307482972953188,-9.608010432160286,150.88569544145545
90.1749750197765,-28.84278571981312,6.982394179334925,10.307373643566192,-9.60673254440645,150.91503230517634
90.18332389189904,-28.849612562680026,6.982281820127076,10.30726396048698,-9.605454034766224,150.94437782562312
90.19167371893298,-28.856439028211458,6.9821693805523894,10.307153923616585,-9.604174903301539,150.97373201397565
90.20002450124086,-28.863265116233155,6.982056860462027,10.307043532855976,-9.602895150074362,151.00309488141414
90.20837623918527,-28.870090826570816,6.981944259707138,10.306932788106053,-9.601614775146729,151.03246643911837
90.21672893312883,-28.876916159050072,6.98183157813888,10.306821689267656,-9.60033377858071,151.06184669826825
90.22508258343431,-28.883741113496534,6.981718815608407,10.30671023624156,-9.599052160438442,151.09123567004397
90.23343719046446,-28.8905656897357,6.981605971966875,10.306598428928481,-9.597769920782115,151.1206333656252
90.2417927545821,-28.897389887593064,6.98149304706544,10.306486267229062,-9.596487059673969,151.15003979619203
90.25014927615017,-28.90421370689407,6.981380040755254,10.306373751043878,-9.595203577176298,151.17945497292456
90.25850675553163,-28.91103714746407,6.981266952887472,10.306260880273456,-9.59391947335145,151.2088789070025
90.26686519308953,-28.917860209128403,6.981153783313253,10.306147654818238,-9.59263474826182,151.2383116096061
90.27522458918696,-28.924682891712322,6.9810405318837505,10.306034074578621,-9.591349401969866,151.26775309191493
90.28358494418708,-28.931505195041062,6.980927198450116,10.305920139454923,-9.590063434538097,151.29720336510934
90.29194625845317,-28.93832711893978,6.98081378286351,10.3058058493474,-9.588776846029063,151.32666244036912
90.30030853234844,-28.945148663233592,6.980700284975082,10.305691204156249,-9.587489636505387,151.35613032887406
90.30867176623632,-28.951969827747554,6.980586704635992,10.305576203781596,-9.586201806029733,151.3856070418046
90.31703596048017,-28.958790612306657,6.980473041697392,10.305460848123507,-9.584913354664824,151.41509259034015
90.32540111544354,-28.965611016735874,6.980359296010439,10.305345137081979,-9.583624282473426,151.44458698566106
90.33376723148993,-28.972431040860094,6.980245467426284,10.305229070556948,-9.582334589518382,151.474090238947
90.34213430898299,-28.97925068450416,6.980131555796088,10.305112648448283,-9.58104427586256,151.50360236137817
90.35050234828638,-28.986069947492876,6.980017560971001,10.30499587065579,-9.5797533415689,151.53312336413433
90.35887134976385,-28.992888829650976,6.979903482802182,10.30487873707921,-9.578461786700394,151.56265325839567
90.3672413137792,-28.99970733080314,6.9797893211407835,10.304761247618215,-9.57716961132008,151.59219205534188
90.37561224069631,-29.006525450774017,6.97967507583796,10.304643402172415,-9.57587681549106,151.62173976615313
90.38398413087911,-29.013343189388184,6.979560746744867,10.304525200641367,-9.574583399276477,151.65129640200928
90.39235698469162,-29.02016054647017,6.979446333712662,10.304406642924535,-9.573289362739542,151.68086197409033
90.40073080249788,-29.026977521844447,6.979331836592497,10.304287728921349,-9.571994705943515,151.71043649357634
90.40910558466202,-29.033794115335425,6.979217255235528,10.304168458531153,-9.570699428951697,151.740019971647
90.41748133154825,-29.0406103267675,6.979102589492911,10.304048831653237,-9.569403531827462,151.7696124194826
90.42585804352079,-29.047426155964956,6.978987839215801,10.303928848186816,-9.568107014634228,151.79921384826278
90.43423572094402,-29.05424160275208,6.97887300425535,10.303808508031056,-9.566809877435473,151.8288242691678
90.44261436418225,-29.061056666953057,6.978758084462717,10.303687811085037,-9.565512120294724,151.85844369337727
90.4509939736,-29.067871348392064,6.978643079689054,10.303566757247797,-9.564213743275557,151.8880721320714
90.45937454956174,-29.0746856468932,6.978527989785519,10.303445346418291,-9.562914746441617,151.91770959643026
90.46775609243207,-29.081499562280506,6.9784128146032645,10.303323578495423,-9.561615129856587,151.9473560976335
90.47613860257562,-29.08831309437798,6.978297553993447,10.303201453378014,-9.560314893584223,151.97701164686123
90.4845220803571,-29.09512624300956,6.978182207807219,10.303078970964844,-9.559014037688318,152.00667625529348
90.49290652614125,-29.101939007999142,6.97806677589574,10.302956131154604,-9.557712562232727,152.03634993411006
90.50129194029296,-29.108751389170553,6.977951258110161,10.302832933845929,-9.556410467281356,152.06603269449104
90.50967832317708,-29.115563386347578,6.9778356543016375,10.302709378937402,-9.555107752898165,152.09572454761636
90.51806567515861,-29.122374999353944,6.977719964321328,10.302585466327521,-9.553804419147182,152.12542550466597
90.52645399660253,-29.129186228013324,6.977604188020385,10.30246119591473,-9.552500466092468,152.1551355768197
90.53484328787397,-29.135997072149348,6.977488325249963,10.30233656759741,-9.551195893798154,152.1848547752578
90.54323354933807,-29.142807531585582,6.977372375861218,10.302211581273868,-9.549890702328419,152.21458311116004
90.55162478136003,-29.14961760614552,6.9772563397053045,10.30208623684235,-9.548584891747499,152.24432059570637
90.56001698430518,-29.15642729565265,6.977140216633376,10.301960534201044,-9.547278462119685,152.27406724007682
90.56841015853881,-29.163236599930354,6.97702400649659,10.301834473248054,-9.545971413509323,152.3038230554512
90.57680430442637,-29.170045518802013,6.976907709146102,10.30170805388144,-9.544663745980804,152.3335880530098
90.58519942233332,-29.17685405209089,6.976791324433066,10.301581275999183,-9.543355459598594,152.36336224393222
90.59359551262519,-29.18366219962026,6.976674852208635,10.30145413949921,-9.542046554427195,152.39314563939848
90.6019925756676,-29.190469961213307,6.976558292323967,10.301326644279374,-9.54073703053117,152.4229382505887
90.61039061182619,-29.197277336693162,6.976441644630217,10.301198790237464,-9.539426887975138,152.45274008868284
90.61878962146673,-29.20408432588291,6.976324908978538,10.301070577271204,-9.538116126823777,152.48255116486072
90.62718960495499,-29.210890928605593,6.976208085220084,10.30094200527826,-9.536804747141815,152.5123714903024
90.63559056265682,-29.21769714468417,6.976091173206015,10.30081307415622,-9.53549274899403,152.54220107618772
90.64399249493817,-29.22450297394158,6.97597417278748,10.300683783802622,-9.53418013244527,152.57203993369686
90.65239540216498,-29.23130841620067,6.975857083815641,10.30055413411491,-9.532866897560416,152.6018880740095
90.66079928470336,-29.238113471284276,6.975739906141648,10.300424124990506,-9.531553044404424,152.63174550830576
90.66920414291938,-29.24491813901517,6.975622639616654,10.300293756326742,-9.5302385730423,152.6616122477657
90.67760997717924,-29.25172241921602,6.9755052840918195,10.300163028020869,-9.528923483539103,152.69148830356914
90.68601678784918,-29.258526311709502,6.975387839418297,10.300031939970106,-9.527607775959943,152.721373686896
90.6944245752955,-29.265329816318207,6.975270305447243,10.299900492071583,-9.526291450369994,152.75126840892617
90.70283333988456,-29.272132932864697,6.975152682029809,10.299768684222375,-9.52497450683448,152.78117248083998
90.71124308198283,-29.278935661171445,6.975034969017154,10.299636516319483,-9.523656945418676,152.811085913817
90.71965380195677,-29.285738001060903,6.974917166260429,10.299503988259865,-9.522338766187927,152.8410087190374
90.72806550017296,-29.29253995235544,6.974799273610794,10.299371099940378,-9.52101996920762,152.8709409076812
90.73647817699802,-29.299341514877383,6.9746812909194,10.299237851257844,-9.519700554543203,152.900882490928
90.74489183279864,-29.30614268844902,6.974563218037403,10.299104242109006,-9.518380522260177,152.9308334799581
90.75330646794158,-29.312943472892552,6.974445054815961,10.29897027239054,-9.517059872424092,152.96079388595138
90.76172208279367,-29.31974386803017,6.974326801106223,10.298835941999066,-9.515738605100578,152.9907637200878
90.77013867772176,-29.326543873683967,6.9742084567593485,10.298701250831138,-9.514416720355293,153.0207429935473
90.7785562530928,-29.333343489676,6.974090021626493,10.298566198783224,-9.513094218253963,153.05073171750976
90.78697480927384,-29.34014271582828,6.973971495558809,10.298430785751757,-9.511771098862372,153.08072990315526
90.79539434663192,-29.346941551962765,6.973852878407452,10.298295011633083,-9.510447362246351,153.11073756166377
90.80381486553418,-29.353739997901314,6.973734170023579,10.29815887632349,-9.5091230084718,153.14075470421503
90.81223636634782,-29.360538053465806,6.973615370258343,10.298022379719198,-9.507798037604655,153.17078134198934
90.82065884944011,-29.367335718478024,6.973496478962898,10.297885521716365,-9.506472449710932,153.2008174861665
90.82908231517838,-29.374132992759677,6.973377495988403,10.29774830221108,-9.505146244856679,153.23086314792639
90.83750676393002,-29.380929876132452,6.973258421186009,10.297610721099373,-9.503819423108022,153.26091833844902
90.84593219606249,-29.38772636841797,6.973139254406875,10.297472778277196,-9.502491984531124,153.2909830689143
90.85435861194331,-29.394522469437806,6.973019995502153,10.29733447364045,-9.501163929192224,153.32105735050246
90.86278601194005,-29.401318179013465,6.972900644322998,10.29719580708496,-9.499835257157597,153.3511411943931
90.8712143964204,-29.408113496966426,6.972781200720565,10.297056778506485,-9.498505968493582,153.38123461176644
90.87964376575202,-29.414908423118057,6.9726616645460116,10.296917387800727,-9.49717606326658,153.41133761380226
90.8880741203027,-29.421702957289735,6.972542035650491,10.296777634863314,-9.49584554154304,153.44145021168052
90.89650546044031,-29.42849709930277,6.972422313885158,10.296637519589819,-9.494514403389472,153.47157241658147
90.90493778653271,-29.435290848978358,6.9723024991011675,10.296497041875732,-9.493182648872441,153.5017042396847
90.9133710989479,-29.442084206137718,6.972182591149674,10.296356201616497,-9.491850278058566,153.53184569217035
90.92180539805392,-29.44887717060199,6.972062589881836,10.296214998707466,-9.490517291014521,153.5619967852184
90.93024068421882,-29.45566974219221,6.971942495148805,10.296073433043961,-9.489183687807053,153.5921575300087
90.93867695781078,-29.462461920729428,6.971822306801736,10.295931504521208,-9.487849468502938,153.62232793772122
90.94711421919803,-29.469253706034614,6.971702024691787,10.295789213034386,-9.486514633169033,153.6525080195361
90.95555246874886,-29.476045097928676,6.971581648670111,10.295646558478596,-9.485179181872235,153.68269778663316
90.9639917068316,-29.482836096232468,6.971461178587862,10.295503540748877,-9.483843114679505,153.71289725019238
90.97243193381469,-29.489626700766806,6.971340614296197,10.295360159740204,-9.482506431657859,153.7431064213937
90.98087315006659,-29.49641691135241,6.971219955646269,10.295216415347484,-9.481169132874372,153.77332531141695
90.98931535595582,-29.503206727809992,6.971099202489237,10.295072307465562,-9.479831218396173,153.80355393144228
90.99775855185104,-29.509996149960212,6.970978354676251,10.294927835989217,-9.478492688290448,153.8337922926498
91.00620273812086,-29.51678517762361,6.97085741205847,10.294783000813153,-9.477153542624439,153.864040406219
91.01464791513406,-29.523573810620746,6.9707363744870445,10.294637801832021,-9.475813781465455,153.89429828333036
91.02309408325941,-29.53036204877209,6.970615241813134,10.294492238940396,-9.474473404880838,153.92456593516357
91.03154124286577,-29.537149891898046,6.970494013887894,10.294346312032795,-9.473132412938012,153.9548433728985
91.03998939432206,-29.54393733981899,6.970372690562475,10.29420002100366,-9.471790805704444,153.98513060771523
91.04843853799728,-29.550724392355225,6.970251271688035,10.29405336574738,-9.470448583247666,154.0154276507937
91.05688867426048,-29.557511049327005,6.970129757115728,10.293906346158266,-9.469105745635257,154.0457345133139
91.06533980348075,-29.564297310554537,6.970008146696711,10.293758962130564,-9.46776229293486,154.07605120645576
91.07379192602731,-29.57108317585795,6.969886440282137,10.293611213558464,-9.46641822521418,154.10637774139929
91.08224504226938,-29.577868645057357,6.96976463772316,10.293463100336085,-9.465073542540965,154.13671412932445
91.09069915257625,-29.58465371797276,6.969642738870939,10.293314622357473,-9.463728244983038,154.1670603814111
91.0991542573173,-29.591438394424152,6.969520743576626,10.293165779516613,-9.462382332608254,154.1974165088392
91.10761035686197,-29.59822267423147,6.9693986516913755,10.293016571707428,-9.461035805484551,154.2277825227889
