galstreams/tracks/track.st.M68-Fjorm.palau2019.ecsv
# %ECSV 1.0
# ---
# datatype:
# - {name: ra, unit: deg, datatype: float64}
# - {name: dec, unit: deg, datatype: float64}
# - {name: distance, unit: kpc, datatype: float64}
# - {name: pm_ra_cosdec, unit: mas / yr, datatype: float64}
# - {name: pm_dec, unit: mas / yr, datatype: float64}
# - {name: radial_velocity, unit: km / s, datatype: float64}
# delimiter: ','
# meta: !!omap
# - __serialized_columns__:
#     dec:
#       __class__: astropy.coordinates.angles.Latitude
#       unit: &id001 !astropy.units.Unit {unit: deg}
#       value: !astropy.table.SerializedColumn {name: dec}
#     distance:
#       __class__: astropy.coordinates.distances.Distance
#       unit: !astropy.units.Unit {unit: kpc}
#       value: !astropy.table.SerializedColumn {name: distance}
#     pm_dec:
#       __class__: astropy.units.quantity.Quantity
#       unit: !astropy.units.Unit {unit: mas / yr}
#       value: !astropy.table.SerializedColumn {name: pm_dec}
#     pm_ra_cosdec:
#       __class__: astropy.units.quantity.Quantity
#       unit: !astropy.units.Unit {unit: mas / yr}
#       value: !astropy.table.SerializedColumn {name: pm_ra_cosdec}
#     ra:
#       __class__: astropy.coordinates.angles.Longitude
#       unit: *id001
#       value: !astropy.table.SerializedColumn {name: ra}
#       wrap_angle: !astropy.coordinates.Angle
#         unit: *id001
#         value: 360.0
#     radial_velocity:
#       __class__: astropy.units.quantity.Quantity
#       unit: !astropy.units.Unit {unit: km / s}
#       value: !astropy.table.SerializedColumn {name: radial_velocity}
# schema: astropy-2.0
ra,dec,distance,pm_ra_cosdec,pm_dec,radial_velocity
[from data line 6190]
198.8845300949234,15.334423199591068,4.913292924321621,-1.8547782047219377,4.365997000392039,-4.210383564936169e-15
198.8876207613307,15.344106482382294,4.91354442264656,-1.8543322039583385,4.3666152616081915,2.1051917824680846e-14
198.89071209799457,15.353789604874702,4.913796017703973,-1.8538860752937953,4.367233448826536,1.6841534259744676e-14
198.89380410513127,15.363472567034858,4.914047709416562,-1.8534398187100403,4.367851561987563,4.210383564936169e-15
198.89689678295707,15.373155368829234,4.914299497707025,-1.8529934341887975,4.368469601031758,0.0
198.8999901316885,15.382838010224313,4.914551382498065,-1.852546921711774,4.369087565899593,8.420767129872338e-15
198.90308415154215,15.392520491186545,4.914803363712381,-1.8521002812606682,4.369705456531526,1.2631150694808506e-14
198.90617884273468,15.402202811682317,4.915055441272676,-1.8516535128171667,4.370323272868002,1.6841534259744676e-14
198.909274205483,15.411884971677981,4.915307615101652,-1.851206616362941,4.370941014849451,1.2631150694808506e-14
198.91237024000407,15.421566971139896,4.915559885122007,-1.8507595918796547,4.371558682416294,4.210383564936169e-15
198.915466946515,15.431248810034377,4.915812251256442,-1.8503124393489565,4.372176275508947,-8.420767129872338e-15
198.91856432523304,15.440930488327714,4.9160647134276605,-1.849865158752486,4.3727937940678,-8.420767129872338e-15
198.92166237637548,15.450612005986127,4.916317271558361,-1.8494177500718694,4.373411238033235,2.947268495455318e-14
198.92476110015986,15.460293362975806,4.916569925571245,-1.8489702132887185,4.374028607345627,4.210383564936169e-15
198.92786049680376,15.46997455926298,4.916822675389014,-1.8485225483846388,4.3746459019453345,8.420767129872338e-15
198.930960566525,15.479655594813782,4.91707552093437,-1.8480747553412176,4.375263121772703,1.6841534259744676e-14
198.93406130954133,15.489336469594317,4.917328462130013,-1.8476268341400353,4.375880266768065,8.420767129872338e-15
198.9371627260708,15.49901718357068,4.917581498898642,-1.8471787847626584,4.376497336871746,-4.210383564936169e-15
198.9402648163315,15.508697736708912,4.91783463116296,-1.846730607190642,4.37711433202405,1.6841534259744676e-14
198.94336758054175,15.518378128975046,4.918087858845667,-1.8462823014055278,4.377731252165276,-1.6841534259744676e-14
198.94647101891988,15.528058360335072,4.918341181869464,-1.8458338673888472,4.37834809723571,0.0
198.94957513168436,15.53773843075495,4.9185946001570535,-1.8453853051221203,4.378964867175623,1.6841534259744676e-14
198.9526799190539,15.54741834020058,4.918848113631132,-1.8449366145868527,4.379581561925273,0.0
198.95578538124718,15.55709808863788,4.919101722214407,-1.8444877957645402,4.380198181424904,1.6841534259744676e-14
198.9588915184831,15.566777676032695,4.919355425829575,-1.8440388486366663,4.380814725614757,4.210383564936169e-15
198.96199833098075,15.576457102350872,4.919609224399338,-1.8435897731847015,4.381431194435049,1.6841534259744676e-14
198.96510581895916,15.586136367558186,4.919863117846397,-1.8431405693901066,4.382047587825988,-4.210383564936169e-15
198.96821398263765,15.595815471620412,4.920117106093451,-1.8426912372343294,4.382663905727775,3.368306851948935e-14
198.97132282223563,15.605494414503285,4.920371189063204,-1.842241776698804,4.383280148080592,8.420767129872338e-15
198.97443233797264,15.615173196172499,4.920625366678356,-1.841792187764956,4.383896314824611,1.6841534259744676e-14
198.97754253006832,15.624851816593713,4.9208796388616065,-1.8413424704141947,4.384512405899992,4.210383564936169e-15
198.9806533987424,15.63453027573259,4.9211340055356585,-1.8408926246279242,4.38512842124688,3.368306851948935e-14
198.98376494421484,15.644208573554694,4.921388466623212,-1.8404426503875295,4.3857443608054085,8.420767129872338e-15
198.9868771667057,15.653886710025636,4.921643022046966,-1.8399925476743877,4.386360224515704,8.420767129872338e-15
198.9899900664351,15.66356468511092,4.921897671729625,-1.8395423164698628,4.386976012317869,4.210383564936169e-15
198.99310364362333,15.67324249877608,4.922152415593888,-1.8390919567553097,4.387591724152001,2.947268495455318e-14
198.99621789849084,15.682920150986561,4.922407253562455,-1.8386414685120662,4.38820735995819,2.1051917824680846e-14
198.9993328312582,15.692597641707843,4.922662185558029,-1.838190851721461,4.388822919676501,8.420767129872338e-15
199.00244844214606,15.702274970905298,4.92291721150331,-1.837740106364812,4.389438403246997,4.210383564936169e-15
199.00556473137522,15.711952138544317,4.923172331320998,-1.837289232423425,4.390053810609721,4.210383564936169e-15
199.00868169916663,15.721629144590242,4.923427544933796,-1.836838229878592,4.390669141704706,1.6841534259744676e-14
199.0117993457414,15.731305989008401,4.9236828522644025,-1.8363870987115927,4.391284396471977,0.0
199.01491767132063,15.740982671764064,4.9239382532355185,-1.835935838903699,4.391899574851539,2.5262301389617013e-14
199.01803667612572,15.75065919282246,4.9241937477698485,-1.8354844504361654,4.392514676783389,8.420767129872338e-15
199.02115636037811,15.760335552148822,4.924449335790089,-1.8350329332902413,4.393129702207511,1.6841534259744676e-14
199.0242767242994,15.770011749708324,4.924705017218945,-1.834581287447156,4.393744651063873,1.6841534259744676e-14
199.02739776811126,15.779687785466143,4.924960791979114,-1.8341295128881336,4.394359523292435,2.1051917824680846e-14
199.03051949203552,15.789363659387353,4.925216659993297,-1.8336776095943843,4.3949743188331425,4.210383564936169e-15
199.0336418962942,15.799039371437056,4.925472621184198,-1.8332255775471047,4.395589037625926,4.210383564936169e-15
199.03676498110937,15.808714921580306,4.925728675474516,-1.8327734167274814,4.396203679610706,0.0
199.03988874670327,15.818390309782142,4.925984822786951,-1.8323211271166884,4.396818244727391,2.947268495455318e-14
199.04301319329826,15.828065536007525,4.926241063044205,-1.8318687086958878,4.397432732915876,1.2631150694808506e-14
199.0461383211168,15.83774060022141,4.926497396168981,-1.83141616144623,4.398047144116041,1.6841534259744676e-14
199.04926413038154,15.847415502388724,4.926753822083972,-1.8309634853488563,4.398661478267758,1.6841534259744676e-14
199.05239062131523,15.85709024247436,4.927010340711892,-1.830510680384887,4.399275735310881,0.0
199.0555177941407,15.866764820443166,4.9272669519754295,-1.830057746535443,4.3998899151852555,-8.420767129872338e-15
199.05864564908097,15.876439236259978,4.927523655797293,-1.8296046837816249,4.40050401783071,1.2631150694808506e-14
199.06177418635923,15.886113489889581,4.927780452100179,-1.8291514921045222,4.4011180431870685,4.210383564936169e-15
199.06490340619868,15.895787581296721,4.928037340806793,-1.8286981714852157,4.401731991194131,1.6841534259744676e-14
199.06803330882275,15.905461510446147,4.928294321839831,-1.8282447219047726,4.402345861791695,1.2631150694808506e-14
199.07116389445494,15.91513527730252,4.928551395121998,-1.8277911433442482,4.4029596549195364,-1.2631150694808506e-14
199.0742951633189,15.924808881830536,4.928808560575992,-1.8273374357846848,4.403573370517429,1.2631150694808506e-14
199.07742711563847,15.934482323994805,4.929065818124513,-1.8268835992071162,4.404187008525125,1.2631150694808506e-14
199.08055975163748,15.944155603759913,4.929323167690268,-1.82642963359256,4.404800568882361,1.6841534259744676e-14
199.08369307154007,15.953828721090428,4.929580609195953,-1.8259755389220242,4.405414051528873,1.2631150694808506e-14
199.08682707557034,15.963501675950877,4.929838142564268,-1.825521315176506,4.406027456404375,1.2631150694808506e-14
199.08996176395263,15.973174468305753,4.9300957677179165,-1.8250669623369897,4.406640783448575,1.6841534259744676e-14
199.09309713691135,15.982847098119548,4.930353484579598,-1.8246124803844466,4.407254032601159,3.368306851948935e-14
199.09623319467113,15.992519565356645,4.930611293072015,-1.8241578692998341,4.407867203801807,4.210383564936169e-15
199.09936993745663,16.002191869981463,4.930869193117867,-1.8237031290641061,4.408480296990185,-4.210383564936169e-15
199.1025073654926,16.01186401195837,4.931127184639856,-1.8232482596581974,4.409093312105944,1.6841534259744676e-14
199.10564547900412,16.021535991251685,4.931385267560683,-1.8227932610630302,4.409706249088728,1.6841534259744676e-14
199.10878427821623,16.031207807825723,4.931643441803049,-1.8223381332595188,4.41031910787816,-2.947268495455318e-14
199.11192376335413,16.04087946164474,4.9319017072896525,-1.8218828762285657,4.410931888413857,8.420767129872338e-15
199.1150639346432,16.050550952672967,4.932160063943194,-1.821427489951059,4.411544590635421,8.420767129872338e-15
199.1182047923089,16.060222280874598,4.932418511686381,-1.8209719744078747,4.412157214482437,8.420767129872338e-15
199.12134633657683,16.06989344621381,4.932677050441906,-1.8205163295798803,4.412769759894487,1.2631150694808506e-14
199.12448856767278,16.079564448654732,4.932935680132477,-1.820060555447927,4.413382226811127,8.420767129872338e-15
199.1276314858226,16.089235288161458,4.93319440068079,-1.8196046519928575,4.413994615171911,1.6841534259744676e-14
199.13077509125233,16.09890596469805,4.933453212009549,-1.8191486191955017,4.414606924916378,0.0
199.133919384188,16.108576478228553,4.933712114041453,-1.8186924570366771,4.415219155984049,1.6841534259744676e-14
199.13706436485597,16.118246828716956,4.933971106699205,-1.8182361654971906,4.415831308314435,4.210383564936169e-15
199.14021003348267,16.12791701612725,4.934230189905501,-1.817779744557835,4.41644338184704,8.420767129872338e-15
199.1433563902945,16.137587040423334,4.934489363583048,-1.8173231941993941,4.417055376521346,2.1051917824680846e-14
199.14650343551827,16.14725690156913,4.9347486276545425,-1.816866514402637,4.417667292276828,1.6841534259744676e-14
199.14965116938066,16.156926599528507,4.9350079820426895,-1.8164097051483221,4.418279129052945,4.210383564936169e-15
199.15279959210866,16.166596134265284,4.935267426670187,-1.815952766417197,4.4188908867891445,4.210383564936169e-15
199.1559487039293,16.176265505743277,4.935526961459736,-1.8154956981899968,4.4195025654248585,4.210383564936169e-15
199.15909850506978,16.185934713926244,4.935786586334039,-1.8150385004474436,4.420114164899513,8.420767129872338e-15
199.1622489957574,16.19560375877793,4.936046301215796,-1.8145811731702481,4.420725685152513,4.210383564936169e-15
199.16540017621963,16.205272640262024,4.936306106027706,-1.8141237163391106,4.421337126123256,2.1051917824680846e-14
199.16855204668406,16.214941358342184,4.936566000692474,-1.8136661299347177,4.4219484877511235,1.2631150694808506e-14
199.1717046073784,16.22460991298208,4.9368259851327965,-1.8132084139377458,4.422559769975485,2.1051917824680846e-14
199.1748578585305,16.23427830414528,4.93708605927138,-1.8127505683288567,4.423170972735698,1.6841534259744676e-14
199.1780118003683,16.243946531795356,4.937346223030919,-1.8122925930887055,4.423782095971107,2.947268495455318e-14
199.18116643311996,16.253614595895836,4.937606476334119,-1.8118344881979285,4.424393139621039,8.420767129872338e-15
199.18432175701372,16.26328249641025,4.93786681910368,-1.8113762536371556,4.425004103624817,1.6841534259744676e-14
199.18747777227793,16.272950233302033,4.9381272512623005,-1.8109178893870028,4.425614987921746,0.0
199.19063447914112,16.28261780653465,4.938387772732685,-1.8104593954280752,4.426225792451113,2.5262301389617013e-14
199.19379187783198,16.292285216071473,4.938648383437531,-1.810000771740963,4.426836517152199,8.420767129872338e-15
199.19694996857916,16.301952461875867,4.938909083299542,-1.8095420183062496,4.427447161964272,8.420767129872338e-15
199.20010875161168,16.311619543911174,4.939169872241418,-1.8090831351045018,4.428057726826585,4.210383564936169e-15
199.20326822715853,16.32128646214072,4.939430750185862,-1.8086241221162773,4.428668211678374,2.1051917824680846e-14
199.20642839544888,16.330953216527725,4.939691717055569,-1.8081649793221217,4.4292786164588716,8.420767129872338e-15
199.20958925671204,16.34061980703544,4.939952772773246,-1.807705706702567,4.429888941107287,0.0
199.21275081117744,16.350286233627067,4.940213917261591,-1.8072463042381361,4.430499185562822,-4.210383564936169e-15
199.21591305907467,16.35995249626578,4.940475150443306,-1.8067867719093371,4.431109349764667,1.2631150694808506e-14
199.21907600063344,16.369618594914698,4.940736472241094,-1.8063271096966678,4.431719433651993,3.789345208442552e-14
199.22223963608354,16.3792845295369,4.9409978825776495,-1.8058673175806155,4.432329437163965,2.1051917824680846e-14
199.22540396565498,16.388950300095473,4.94125938137568,-1.8054073955416527,4.432939360239729,1.2631150694808506e-14
199.22856898957784,16.398615906553445,4.9415209685578825,-1.8049473435602421,4.433549202818424,0.0
199.23173470808237,16.40828134887382,4.941782644046959,-1.8044871616168339,4.43415896483917,8.420767129872338e-15
199.23490112139893,16.417946627019546,4.942044407765612,-1.8040268496918652,4.4347686462410785,8.420767129872338e-15
199.23806822975803,16.42761174095355,4.94230625963654,-1.8035664077657652,4.435378246963244,2.1051917824680846e-14
199.24123603339027,16.43727669063873,4.942568199582446,-1.8031058358189462,4.435987766944749,4.210383564936169e-15
199.2444045325265,16.446941476037956,4.94283022752603,-1.8026451338318128,4.436597206124668,-8.420767129872338e-15
199.24757372739754,16.456606097114047,4.943092343389993,-1.8021843017847554,4.437206564442053,0.0
199.25074361823442,16.466270553829794,4.9433545470970355,-1.8017233396581533,4.437815841835951,8.420767129872338e-15
199.2539142052684,16.47593484614797,4.9436168385698585,-1.801262247432373,4.438425038245394,-8.420767129872338e-15
199.2570854887307,16.485598974031294,4.943879217731163,-1.8008010250877713,4.439034153609397,1.6841534259744676e-14
199.26025746885279,16.49526293744245,4.944141684503651,-1.8003396726046907,4.439643187866963,0.0
199.2634301458662,16.5049267363441,4.94440423881002,-1.7998781899634653,4.440252140957092,2.1051917824680846e-14
199.26660352000272,16.51459037069887,4.944666880572975,-1.7994165771444117,4.440861012818755,2.1051917824680846e-14
199.26977759149412,16.524253840469342,4.9449296097152144,-1.7989548341278405,4.441469803390919,0.0
199.27295236057236,16.533917145618094,4.945192426159442,-1.798492960894046,4.442078512612535,1.6841534259744676e-14
199.27612782746962,16.543580286107623,4.945455329828357,-1.7980309574233153,4.442687140422541,8.420767129872338e-15
199.27930399241805,16.55324326190041,4.945718320644659,-1.79756882369592,4.4432956867598685,-8.420767129872338e-15
199.2824808556501,16.562906072958945,4.94598139853105,-1.797106559692119,4.443904151563424,1.2631150694808506e-14
199.28565841739822,16.572568719245645,4.94624456341023,-1.7966441653921634,4.444512534772111,2.947268495455318e-14
199.28883667789512,16.582231200722834,4.946507815204902,-1.7961816407762892,4.445120836324811,1.2631150694808506e-14
199.29201563737354,16.59189351735293,4.9467711538377666,-1.7957189858247222,4.445729056160401,-4.210383564936169e-15
199.29519529606637,16.601555669098232,4.947034579231523,-1.7952562005176762,4.446337194217739,0.0
199.29837565420667,16.611217655921013,4.947298091308874,-1.7947932848353518,4.446945250435671,1.2631150694808506e-14
199.30155671202766,16.620879477783546,4.947561689992517,-1.79433023875794,4.447553224753036,1.2631150694808506e-14
199.3047384697626,16.63054113464801,4.947825375205158,-1.7938670622656172,4.448161117108644,1.2631150694808506e-14
199.30792092764497,16.640202626476597,4.948089146869495,-1.7934037553385511,4.448768927441309,1.2631150694808506e-14
199.31110408590837,16.649863953231474,4.9483530049082285,-1.7929403179568955,4.449376655689824,1.6841534259744676e-14
199.31428794478649,16.659525114874725,4.948616949244061,-1.792476750100792,4.449984301792967,1.6841534259744676e-14
199.3174725045132,16.669186111368465,4.948880979799692,-1.7920130517503707,4.450591865689506,0.0
199.3206577653225,16.678846942674706,4.949145096497824,-1.7915492228857528,4.451199347318196,2.1051917824680846e-14
