galstreams/tracks/track.st.LMS-1.malhan2021.ecsv
# %ECSV 1.0
# ---
# datatype:
# - {name: ra, unit: deg, datatype: float64}
# - {name: dec, unit: deg, datatype: float64}
# - {name: distance, unit: kpc, datatype: float64}
# - {name: pm_ra_cosdec, unit: mas / yr, datatype: float64}
# - {name: pm_dec, unit: mas / yr, datatype: float64}
# - {name: radial_velocity, unit: km / s, datatype: float64}
# delimiter: ','
# meta: !!omap
# - __serialized_columns__:
#     dec:
#       __class__: astropy.coordinates.angles.Latitude
#       unit: &id001 !astropy.units.Unit {unit: deg}
#       value: !astropy.table.SerializedColumn {name: dec}
#     distance:
#       __class__: astropy.coordinates.distances.Distance
#       unit: !astropy.units.Unit {unit: kpc}
#       value: !astropy.table.SerializedColumn {name: distance}
#     pm_dec:
#       __class__: astropy.units.quantity.Quantity
#       unit: !astropy.units.Unit {unit: mas / yr}
#       value: !astropy.table.SerializedColumn {name: pm_dec}
#     pm_ra_cosdec:
#       __class__: astropy.units.quantity.Quantity
#       unit: !astropy.units.Unit {unit: mas / yr}
#       value: !astropy.table.SerializedColumn {name: pm_ra_cosdec}
#     ra:
#       __class__: astropy.coordinates.angles.Longitude
#       unit: *id001
#       value: !astropy.table.SerializedColumn {name: ra}
#       wrap_angle: !astropy.coordinates.Angle
#         unit: *id001
#         value: 360.0
#     radial_velocity:
#       __class__: astropy.units.quantity.Quantity
#       unit: !astropy.units.Unit {unit: km / s}
#       value: !astropy.table.SerializedColumn {name: radial_velocity}
# schema: astropy-2.0
ra,dec,distance,pm_ra_cosdec,pm_dec,radial_velocity
[from data line 1546]
208.77205575621778,22.473212299055294,19.000000000000004,-0.28606308615803183,-1.190320101637372,-37.304198792451075
208.7815618727462,22.478285257473743,19.0,-0.28577862266155124,-1.1904990203395138,-37.379858735635395
208.7910686356875,22.483357753106922,19.0,-0.28549413598933043,-1.1906778940712393,-37.455482217942915
208.80057604565422,22.48842978495696,19.0,-0.28520962634248365,-1.1908567223890476,-37.53106919770891
208.8100841032608,22.493501352022076,19.0,-0.2849250939216096,-1.1910355048509877,-37.60661963334933
208.81959280912346,22.498572453296692,18.999999999999996,-0.28464053892679403,-1.1912142410166617,-37.682133483361085
208.8291021638603,22.503643087771355,19.0,-0.2843559615576096,-1.1913929304472148,-37.757610706321806
208.8386121680912,22.508713254432802,19.0,-0.2840713620131178,-1.1915715727053446,-37.83305126088991
208.8481228224379,22.51378295226392,18.999999999999996,-0.2837867404918679,-1.191750167355292,-37.908455105804585
208.8576341275239,22.518852180243787,19.000000000000004,-0.28350209719189934,-1.19192871396284,-37.98382219988573
208.8671460839745,22.52392093734767,19.0,-0.28321743231074215,-1.1921072120953182,-38.05915250203399
208.8766586924169,22.528989222547008,19.0,-0.2829327460454176,-1.192285661321595,-38.13444597123064
208.88617195348002,22.53405703480944,19.0,-0.2826480385924392,-1.1924640612120792,-38.2097025665377
208.89568586779455,22.539124373098808,19.0,-0.2823633101478127,-1.1926424113387193,-38.284922247097754
208.90520043599315,22.544191236375145,19.0,-0.2820785609070381,-1.1928207112749993,-38.36010497213405
208.91471565870992,22.549257623594677,19.0,-0.28179379106510943,-1.1929989605959388,-38.4352507009504
208.92423153658115,22.554323533709933,19.0,-0.2815090008165172,-1.1931771588780944,-38.5103593929312
208.93374807024463,22.55938896566956,19.0,-0.28122419035524676,-1.1933553056995518,-38.58543100754142
208.94326526034004,22.564453918418458,19.000000000000004,-0.2809393598747805,-1.1935334006399316,-38.66046550432654
208.95278310750876,22.56951839089778,19.000000000000004,-0.2806545095680993,-1.1937114432803824,-38.73546284291249
208.96230161239401,22.57458238204489,19.000000000000004,-0.28036963962768147,-1.193889433203582,-38.81042298300577
208.97182077564074,22.579645890793426,19.0,-0.2800847502455059,-1.194067369993736,-38.88534588439332
208.98134059789558,22.58470891607323,19.000000000000004,-0.27979984161305027,-1.1942452532365748,-38.960231506942506
208.99086107980705,22.58977145681042,19.0,-0.27951491392129424,-1.1944230825193545,-39.03507981060105
209.00038222202534,22.59483351192738,18.999999999999996,-0.27922996736071876,-1.1946008574308538,-39.10989075539714
209.0099040252024,22.599895080342733,19.0,-0.278945002121307,-1.194778577561372,-39.18466430143933
209.01942648999184,22.60495616097139,19.0,-0.2786600183925463,-1.1949562425027298,-39.259400408916484
209.02894961704916,22.610016752724523,19.000000000000004,-0.2783750163634272,-1.1951338518482666,-39.33409903809782
209.0384734070315,22.615076854509592,19.0,-0.27808999622244596,-1.195311405192839,-39.408760149332814
209.0479978605977,22.620136465230335,19.0,-0.27780495815760337,-1.195488902132819,-39.48338370305125
209.05752297840831,22.625195583786773,19.0,-0.2775199023564086,-1.1956663422660951,-39.55796965976319
209.06704876112573,22.630254209075243,18.999999999999996,-0.27723482900587654,-1.1958437251920664,-39.63251798005889
209.07657520941393,22.635312339988356,19.0,-0.2769497382925306,-1.1960210505116453,-39.707028624608824
209.08610232393863,22.640369975415055,19.000000000000004,-0.27666463040240363,-1.1961983178272546,-39.781501554163654
209.09563010536726,22.645427114240572,19.0,-0.27637950552103757,-1.1963755267428264,-39.85593672955423
209.105158554369,22.650483755346468,19.0,-0.2760943638334855,-1.196552676863798,-39.9303341116915
209.11468767161463,22.655539897610623,19.0,-0.27580920552431076,-1.1967297677971158,-40.004693661566606
209.12421745777667,22.66059553990725,19.000000000000004,-0.27552403077759036,-1.1969067991512286,-40.079015340250656
209.13374791352936,22.665650681106868,19.000000000000004,-0.27523883977691266,-1.1970837705360906,-40.15329910889496
209.14327903954856,22.670705320076376,19.000000000000004,-0.2749536327053811,-1.197260681563156,-40.22754492873083
209.1528108365118,22.67575945567898,19.0,-0.27466840974561235,-1.1974375318453803,-40.301752761069594
209.16234330509835,22.680813086774258,19.0,-0.27438317107973914,-1.1976143209972188,-40.375922567302624
209.1718764459891,22.685866212218123,19.0,-0.27409791688941,-1.197791048634623,-40.4500543089012
209.18141025986662,22.69091883086287,19.0,-0.2738126473557909,-1.197967714375041,-40.52414794741666
209.19094474741513,22.695970941557135,19.000000000000004,-0.2735273626595647,-1.198144317837417,-40.598203444480205
209.20047990932053,22.70102254314595,19.0,-0.27324206298093323,-1.198320858642187,-40.672220761802954
209.21001574627033,22.706073634470687,19.0,-0.2729567484996175,-1.19849733641128,-40.746199861175995
209.21955225895368,22.711124214369136,19.0,-0.27267141939485806,-1.1986737507681153,-40.820140704470155
209.22908944806147,22.71617428167546,19.000000000000004,-0.27238607584541796,-1.1988501013376005,-40.89404325363631
209.23862731428613,22.721223835220204,19.0,-0.2721007180295796,-1.1990263877461338,-40.96790747070492
209.24816585832173,22.726272873830315,19.0,-0.2718153461251495,-1.1992026096215957,-41.04173331778636
209.25770508086399,22.731321396329164,19.000000000000004,-0.2715299603094566,-1.1993787665933544,-41.11552075707089
209.2672449826103,22.73636940153649,19.000000000000004,-0.27124456075935466,-1.199554858292261,-41.189269750828316
209.27678556425954,22.74141688826848,19.0,-0.2709591476512213,-1.1997308843506496,-41.262980261408295
209.28632682651235,22.746463855337723,19.0,-0.27067372116096067,-1.1999068444023326,-41.33665225124024
209.29586877007085,22.75151030155321,18.999999999999996,-0.27038828146400234,-1.200082738082604,-41.41028568283312
209.305411395639,22.75655622572044,19.0,-0.2701028287353039,-1.2002585650282347,-41.48388051877572
209.31495470392207,22.76160162664127,19.0,-0.269817363149351,-1.2004343248774716,-41.55743672173634
209.3244986956271,22.76664650311402,19.0,-0.2695318848801572,-1.200610017270038,-41.630954254462964
209.33404337146266,22.771690853933457,19.0,-0.2692463941012666,-1.2007856418471297,-41.704433079783115
209.34358873213895,22.776734677890804,19.0,-0.26896089098575265,-1.2009611982514152,-41.777873160604024
209.35313477836775,22.78177797377374,19.0,-0.2686753757062211,-1.2011366861270332,-41.85127445991228
209.36268151086236,22.786820740366387,19.0,-0.26838984843480834,-1.201312105119593,-41.92463694077421
209.37222893033774,22.79186297644937,19.000000000000004,-0.26810430934318485,-1.2014874548761703,-41.997960566335436
209.38177703751037,22.796904680799752,19.0,-0.26781875860255355,-1.2016627350453095,-42.07124529982128
209.39132583309834,22.8019458521911,19.0,-0.2675331963836521,-1.201837945277017,-42.14449110453635
209.40087531782126,22.80698648939345,19.000000000000004,-0.26724762285675335,-1.2020130852227657,-42.21769794386474
209.41042549240032,22.812026591173336,19.0,-0.26696203819166586,-1.2021881545354902,-42.29086578127007
209.41997635755826,22.817066156293766,19.0,-0.2666764425577345,-1.2023631528695857,-42.36399458029518
209.42952791401933,22.82210518351429,19.000000000000007,-0.2663908361238425,-1.202538079880905,-42.437084304562376
209.4390801625094,22.827143671590907,19.0,-0.26610521905841056,-1.2027129352267636,-42.51013491777331
209.4486331037559,22.832181619276177,19.0,-0.26581959152939844,-1.2028877185659284,-42.5831463837089
209.45818673848765,22.83721902531915,19.0,-0.26553395370430627,-1.203062429558625,-42.656118666229496
209.46774106743513,22.842255888465406,19.0,-0.26524830575017405,-1.2032370678665316,-42.72905172927459
209.47729609133035,22.847292207457045,19.0,-0.2649626478335838,-1.203411633152779,-42.80194553686299
209.48685181090676,22.852327981032705,19.0,-0.264676980120659,-1.203586125081949,-42.87480005309276
209.4964082268994,22.85736320792757,19.0,-0.2643913027770666,-1.2037605433200727,-42.947615242141126
209.5059653400448,22.862397886873346,19.0,-0.2641056159680175,-1.2039348875346296,-43.020391068264495
209.515523151081,22.8674320165983,19.0,-0.2638199198582664,-1.2041091573945453,-43.093127495798534
209.52508166074756,22.872465595827265,19.0,-0.26353421461211374,-1.2042833525701921,-43.165824489157934
209.5346408697855,22.877498623281603,19.0,-0.26324850039340586,-1.204457472733385,-43.238482012836606
209.54420077893738,22.882531097679273,19.0,-0.26296277736553597,-1.2046315175573816,-43.31110003140748
209.5537613889473,22.88756301773478,19.000000000000004,-0.2626770456914452,-1.2048054867168807,-43.38367850952261
209.5633227005607,22.892594382159235,19.000000000000004,-0.2623913055336232,-1.204979379888021,-43.45621741191313
209.57288471452466,22.897625189660292,19.0,-0.26210555705410776,-1.2051531967483797,-43.52871670338911
209.58244743158764,22.90265543894221,19.000000000000004,-0.261819800414488,-1.2053269369769692,-43.60117634883967
209.5920108524996,22.907685128705854,19.000000000000004,-0.26153403577590284,-1.205500600254239,-43.67359631323299
209.60157497801205,22.912714257648666,19.0,-0.26124826329904394,-1.2056741862620726,-43.74597656161612
209.61113980887782,22.9177428244647,19.0,-0.2609624831441532,-1.2058476946837833,-43.81831705911505
209.62070534585132,22.922770827844612,19.0,-0.2606766954710278,-1.20602112520412,-43.890617770934774
209.6302715896884,22.927798266475673,19.000000000000004,-0.26039090043901747,-1.206194477509257,-43.96287866235901
209.63983854114628,22.93282513904179,19.0,-0.26010509820702765,-1.2063677512867996,-44.035099698750564
209.64940620098372,22.93785144422346,19.0,-0.2598192889335177,-1.2065409462257792,-44.10728084555095
209.65897456996095,22.94287718069786,19.000000000000004,-0.2595334727765049,-1.206714062016652,-44.17942206828054
209.66854364883952,22.94790234713875,19.0,-0.2592476498935623,-1.2068870983512998,-44.25152333253848
209.67811343838252,22.952926942216568,19.0,-0.25896182044182126,-1.207060054923025,-44.32358460400278
209.68768393935443,22.957950964598382,19.0,-0.25867598457797153,-1.2072329314265522,-44.39560584843013
209.69725515252117,22.96297441294791,19.0,-0.2583901424582622,-1.2074057275580259,-44.46758703165602
209.70682707865004,22.967997285925538,19.0,-0.25810429423850295,-1.2075784430150092,-44.53952811959448
209.71639971850985,22.973019582188314,19.0,-0.2578184400740633,-1.2077510774964808,-44.61142907823853
209.72597307287074,22.97804130038994,19.0,-0.2575325801198754,-1.2079236307028365,-44.68328987365958
209.73554714250423,22.98306243918079,19.0,-0.25724671453043296,-1.2080961023358852,-44.75511047200782
209.74512192818344,22.98808299720796,19.0,-0.2569608434597943,-1.2082684920988485,-44.82689083951206
209.7546974306827,22.993102973115192,19.0,-0.25667496706158,-1.2084407996963593,-44.89863094247963
209.7642736507778,22.998122365542912,19.000000000000004,-0.25638908548897676,-1.2086130248344602,-44.970330747296565
209.7738505892459,23.00314117312827,19.0,-0.25610319889473554,-1.2087851672206034,-45.04199022042733
209.78342824686555,23.008159394505082,19.0,-0.2558173074311755,-1.2089572265636457,-45.1136093284149
209.7930066244168,23.013177028303904,19.0,-0.2555314112501806,-1.2091292025738523,-45.18518803788099
209.80258572268082,23.01819407315199,19.0,-0.25524551050320404,-1.20930109496289,-45.25672631552554
209.81216554244045,23.023210527673303,19.000000000000004,-0.2549596053412675,-1.2094729034438292,-45.32822412812702
209.8217460844797,23.028226390488545,19.000000000000004,-0.2546736959149617,-1.2096446277311417,-45.39968144254244
209.83132734958406,23.033241660215147,19.0,-0.2543877823744482,-1.2098162675407003,-45.47109822570712
209.84090933854029,23.038256335467242,18.999999999999996,-0.25410186486945846,-1.2099878225897738,-45.54247444463483
209.85049205213656,23.04327041485574,19.0,-0.2538159435492964,-1.2101592925970297,-45.613810066417685
209.8600754911624,23.04828389698828,19.0,-0.2535300185628383,-1.2103306772825304,-45.685105058226185
209.86965965640871,23.053296780469253,19.0,-0.2532440900585331,-1.2105019763677327,-45.75635938730909
209.87924454866766,23.05830906389979,19.0,-0.2529581581844049,-1.210673189575486,-45.82757302099355
209.88883016873277,23.06332074587782,19.0,-0.25267222308805215,-1.2108443166300318,-45.89874592668489
209.898416517399,23.068331824998,19.0,-0.25238628491664766,-1.2110153572570006,-45.96987807186682
209.9080035954625,23.073342299851795,19.0,-0.25210034381694246,-1.2111863111834107,-46.040969424101164
209.91759140372088,23.078352169027394,19.0,-0.251814399935263,-1.2113571781376695,-46.11201995102808
209.92717994297297,23.083361431109832,19.0,-0.25152845341751506,-1.2115279578495677,-46.18302962036583
209.93676921401897,23.088370084680886,19.0,-0.2512425044091821,-1.2116986500502824,-46.25399839991081
209.94635921766036,23.093378128319152,19.0,-0.25095655305532705,-1.211869254472371,-46.324926257537676
209.9559499547,23.09838556060001,19.000000000000004,-0.25067059950059334,-1.212039770849774,-46.395813161199186
209.96554142594195,23.103392380095656,19.0,-0.250384643889205,-1.2122101989178127,-46.466659078926035
209.9751336321917,23.108398585375088,19.000000000000004,-0.2500986863649681,-1.2123805384131834,-46.53746397882725
209.98472657425592,23.11340417500413,19.0,-0.24981272707127117,-1.2125507890739635,-46.6082278290897
209.99432025294263,23.118409147545407,19.0,-0.24952676615108543,-1.2127209506396033,-46.67895059797839
210.0039146690611,23.1234135015584,19.0,-0.2492408037469665,-1.2128910228509275,-46.74963225383635
210.01350982342194,23.128417235599404,19.0,-0.24895484000105456,-1.2130610054501356,-46.82027276508452
210.023105716837,23.13342034822154,19.000000000000004,-0.24866887505507584,-1.213230898180796,-46.89087210022186
210.03270235011945,23.138422837974797,19.0,-0.24838290905034188,-1.2134007007878485,-46.96143022782523
210.04229972408365,23.143424703406005,19.0,-0.24809694212775277,-1.2135704130176008,-47.03194711654946
210.0518978395453,23.148425943058843,19.0,-0.2478109744277946,-1.2137400346177283,-47.10242273512726
210.06149669732133,23.15342655547384,19.0,-0.24752500609054337,-1.2139095653372707,-47.17285705236912
210.07109629822992,23.158426539188405,19.0,-0.24723903725566349,-1.2140790049266335,-47.24325003716355
210.08069664309053,23.16342589273682,19.0,-0.24695306806241066,-1.2142483531375843,-47.31360165847677
210.09029773272385,23.16842461465024,19.0,-0.24666709864963027,-1.2144176097232517,-47.383911885352795
210.09989956795184,23.173422703456687,19.000000000000004,-0.24638112915575985,-1.214586774438125,-47.45418068691353
210.10950214959766,23.178420157681096,19.0,-0.24609515971882945,-1.2147558470380508,-47.52440803235854
210.1191054784857,23.183416975845233,19.0,-0.24580919047646133,-1.2149248272802344,-47.59459389096514
210.12870955544165,23.188413156467874,19.0,-0.24552322156587325,-1.2150937149232355,-47.664738232088375
210.13831438129242,23.19340869806461,19.0,-0.24523725312387656,-1.2152625097269683,-47.73484102516099
210.14791995686605,23.198403599147948,19.0,-0.244951285286878,-1.2154312114527002,-47.804902239693405
210.15752628299188,23.203397858227344,19.0,-0.24466531819088064,-1.2155998198630498,-47.87492184527369
210.16713336050043,23.208391473809147,19.0,-0.244379351971485,-1.2157683347219843,-47.94489981156744
210.17674119022348,23.21338444439664,19.0,-0.24409338676388842,-1.215936755794822,-48.01483610831803
210.1863497729939,23.218376768490035,19.0,-0.24380742270288772,-1.216105082848226,-48.08473070534626
210.19595910964594,23.223368444586484,19.0,-0.24352145992287785,-1.2162733156502066,-48.1545835725505
210.20556920101487,23.22835947118008,19.0,-0.2432354985578541,-1.2164414539701167,-48.22439467990678
