galstreams/tracks/track.po.Corvus.mateu2018.ecsv
# %ECSV 0.9
# ---
# datatype:
# - {name: ra, unit: deg, datatype: float64}
# - {name: dec, unit: deg, datatype: float64}
# - {name: distance, unit: kpc, datatype: float64}
# - {name: pm_ra_cosdec, unit: mas / yr, datatype: float64}
# - {name: pm_dec, unit: mas / yr, datatype: float64}
# - {name: radial_velocity, unit: km / s, datatype: float64}
# delimiter: ','
# meta: !!omap
# - __serialized_columns__:
#     dec:
#       __class__: astropy.coordinates.angles.Latitude
#       unit: &id001 !astropy.units.Unit {unit: deg}
#       value: !astropy.table.SerializedColumn {name: dec}
#     distance:
#       __class__: astropy.coordinates.distances.Distance
#       unit: !astropy.units.Unit {unit: kpc}
#       value: !astropy.table.SerializedColumn {name: distance}
#     pm_dec:
#       __class__: astropy.units.quantity.Quantity
#       unit: !astropy.units.Unit {unit: mas / yr}
#       value: !astropy.table.SerializedColumn {name: pm_dec}
#     pm_ra_cosdec:
#       __class__: astropy.units.quantity.Quantity
#       unit: !astropy.units.Unit {unit: mas / yr}
#       value: !astropy.table.SerializedColumn {name: pm_ra_cosdec}
#     ra:
#       __class__: astropy.coordinates.angles.Longitude
#       unit: *id001
#       value: !astropy.table.SerializedColumn {name: ra}
#       wrap_angle: !astropy.coordinates.Angle
#         unit: *id001
#         value: 360.0
#     radial_velocity:
#       __class__: astropy.units.quantity.Quantity
#       unit: !astropy.units.Unit {unit: km / s}
#       value: !astropy.table.SerializedColumn {name: radial_velocity}
# schema: astropy-2.0
ra,dec,distance,pm_ra_cosdec,pm_dec,radial_velocity
[from data line 6943]
213.15207454937715,-18.674550250204074,14.396619772509052,0.0,0.0,-0.0
213.1627629950341,-18.675918904456083,14.398299570277764,0.0,0.0,-0.0
213.1734515977834,-18.677287444453263,14.399979214107294,0.0,0.0,-0.0
213.18414035760978,-18.67865587004756,14.401658703875597,0.0,0.0,-0.0
213.19482927449766,-18.680024181090914,14.40333803946064,0.0,0.0,-0.0
213.20551834843167,-18.681392377435305,14.405017220740412,0.0,0.0,-0.0
213.21620757939624,-18.682760458932716,14.406696247592915,0.0,0.0,-0.0
213.2268969673758,-18.684128425435148,14.408375119896165,0.0,0.0,-0.0
213.23758651235477,-18.685496276794634,14.410053837528205,0.0,0.0,-0.0
213.24827621431749,-18.68686401286321,14.411732400367079,0.0,0.0,-0.0
213.25896607324825,-18.68823163349294,14.413410808290852,0.0,0.0,-0.0
213.26965608913136,-18.689599138535893,14.415089061177614,0.0,0.0,-0.0
213.28034626195097,-18.690966527844164,14.416767158905463,0.0,0.0,-0.0
213.29103659169135,-18.692333801269868,14.418445101352512,0.0,0.0,-0.0
213.30172707833657,-18.693700958665133,14.420122888396897,0.0,0.0,-0.0
213.3124177218708,-18.695067999882106,14.421800519916761,0.0,0.0,-0.0
213.32310852227798,-18.696434924772962,14.423477995790266,0.0,0.0,-0.0
213.33379947954225,-18.697801733189863,14.425155315895605,0.0,0.0,-0.0
213.3444905936475,-18.699168424985032,14.426832480110964,0.0,0.0,-0.0
213.35518186457767,-18.700535000010667,14.428509488314555,0.0,0.0,-0.0
213.36587329231665,-18.70190145811902,14.430186340384616,0.0,0.0,-0.0
213.37656487684828,-18.70326779916234,14.43186303619938,0.0,0.0,-0.0
213.38725661815639,-18.704634022992902,14.43353957563712,0.0,0.0,-0.0
213.3979485162247,-18.706000129462986,14.435215958576112,0.0,0.0,-0.0
213.40864057103693,-18.707366118424908,14.436892184894642,0.0,0.0,-0.0
213.41933278257676,-18.70873198973099,14.43856825447103,0.0,0.0,-0.0
213.43002515082784,-18.710097743233586,14.440244167183595,0.0,0.0,-0.0
213.44071767577373,-18.71146337878504,14.441919922910685,0.0,0.0,-0.0
213.45141035739798,-18.712828896237742,14.443595521530657,0.0,0.0,-0.0
213.4621031956841,-18.71419429544408,14.445270962921889,0.0,0.0,-0.0
213.47279619061558,-18.715559576256478,14.44694624696277,0.0,0.0,-0.0
213.48348934217577,-18.71692473852737,14.448621373531706,0.0,0.0,-0.0
213.4941826503481,-18.718289782109203,14.45029634250713,0.0,0.0,-0.0
213.50487611511593,-18.719654706854445,14.451971153767477,0.0,0.0,-0.0
213.51556973646245,-18.721019512615584,14.453645807191204,0.0,0.0,-0.0
213.526263514371,-18.722384199245123,14.455320302656784,0.0,0.0,-0.0
213.53695744882478,-18.72374876659559,14.45699464004271,0.0,0.0,-0.0
213.5476515398069,-18.725113214519524,14.458668819227485,0.0,0.0,-0.0
213.55834578730057,-18.72647754286948,14.460342840089641,0.0,0.0,-0.0
213.5690401912888,-18.72784175149803,14.462016702507706,0.0,0.0,-0.0
213.5797347517546,-18.729205840257784,14.463690406360234,0.0,0.0,-0.0
213.59042946868107,-18.73056980900134,14.465363951525807,0.0,0.0,-0.0
213.60112434205107,-18.731933657581337,14.46703733788301,0.0,0.0,-0.0
213.61181937184753,-18.73329738585042,14.468710565310447,0.0,0.0,-0.0
213.62251455805335,-18.73466099366126,14.470383633686735,0.0,0.0,-0.0
213.63320990065137,-18.736024480866543,14.472056542890517,0.0,0.0,-0.0
213.64390539962432,-18.737387847318963,14.473729292800451,0.0,0.0,-0.0
213.65460105495495,-18.73875109287125,14.475401883295193,0.0,0.0,-0.0
213.665296866626,-18.740114217376142,14.477074314253445,0.0,0.0,-0.0
213.6759928346201,-18.741477220686395,14.478746585553905,0.0,0.0,-0.0
213.68668895891986,-18.742840102654775,14.480418697075299,0.0,0.0,-0.0
213.69738523950787,-18.7442028631341,14.482090648696346,0.0,0.0,-0.0
213.70808167636665,-18.74556550197716,14.483762440295813,0.0,0.0,-0.0
213.71877826947863,-18.746928019036787,14.485434071752472,0.0,0.0,-0.0
213.72947501882638,-18.748290414165844,14.487105542945102,0.0,0.0,-0.0
213.74017192439223,-18.749652687217182,14.488776853752508,0.0,0.0,-0.0
213.7508689861585,-18.75101483804369,14.49044800405351,0.0,0.0,-0.0
213.76156620410762,-18.752376866498278,14.492118993726942,0.0,0.0,-0.0
213.77226357822175,-18.75373877243385,14.493789822651655,0.0,0.0,-0.0
213.7829611084832,-18.755100555703365,14.495460490706519,0.0,0.0,-0.0
213.7936587948741,-18.756462216159765,14.497130997770423,0.0,0.0,-0.0
213.80435663737669,-18.757823753656037,14.498801343722265,0.0,0.0,-0.0
213.81505463597296,-18.75918516804516,14.500471528440965,0.0,0.0,-0.0
213.82575279064508,-18.760546459180166,14.502141551805456,0.0,0.0,-0.0
213.83645110137505,-18.761907626914063,14.503811413694695,0.0,0.0,-0.0
213.84714956814477,-18.763268671099922,14.505481113987642,0.0,0.0,-0.0
213.85784819093627,-18.76462959159079,14.50715065256329,0.0,0.0,-0.0
213.8685469697314,-18.765990388239764,14.508820029300633,0.0,0.0,-0.0
213.87924590451203,-18.767351060899948,14.510489244078697,0.0,0.0,-0.0
213.88994499525998,-18.76871160942445,14.512158296776512,0.0,0.0,-0.0
213.900644241957,-18.770072033666427,14.51382718727313,0.0,0.0,-0.0
213.91134364458483,-18.771432333479027,14.515495915447618,0.0,0.0,-0.0
213.92204320312513,-18.77279250871543,14.517164481179062,0.0,0.0,-0.0
213.93274291755955,-18.774152559228835,14.518832884346564,0.0,0.0,-0.0
213.9434427878697,-18.775512484872447,14.520501124829243,0.0,0.0,-0.0
213.95414281403714,-18.776872285499504,14.522169202506229,0.0,0.0,-0.0
213.96484299604342,-18.778231960963247,14.523837117256683,0.0,0.0,-0.0
213.97554333386992,-18.77959151111696,14.52550486895976,0.0,0.0,-0.0
213.98624382749816,-18.780950935813912,14.527172457494652,0.0,0.0,-0.0
213.99694447690945,-18.782310234907417,14.528839882740566,0.0,0.0,-0.0
214.0076452820852,-18.783669408250802,14.530507144576712,0.0,0.0,-0.0
214.01834624300668,-18.785028455697404,14.532174242882324,0.0,0.0,-0.0
214.02904735965518,-18.78638737710058,14.533841177536656,0.0,0.0,-0.0
214.03974863201188,-18.787746172313724,14.535507948418978,0.0,0.0,-0.0
214.050450060058,-18.789104841190213,14.537174555408576,0.0,0.0,-0.0
214.06115164377465,-18.790463383583475,14.538840998384751,0.0,0.0,-0.0
214.07185338314292,-18.791821799346938,14.540507277226821,0.0,0.0,-0.0
214.08255527814384,-18.793180088334058,14.54217339181412,0.0,0.0,-0.0
214.09325732875845,-18.794538250398308,14.543839342026,0.0,0.0,-0.0
214.10395953496777,-18.79589628539317,14.545505127741833,0.0,0.0,-0.0
214.1146618967526,-18.797254193172158,14.547170748841005,0.0,0.0,-0.0
214.1253644140939,-18.798611973588795,14.548836205202912,0.0,0.0,-0.0
214.1360670869725,-18.799969626496626,14.55050149670698,0.0,0.0,-0.0
214.1467699153692,-18.80132715174922,14.552166623232646,0.0,0.0,-0.0
214.15747289926472,-18.80268454920016,14.553831584659356,0.0,0.0,-0.0
214.1681760386398,-18.80404181870302,14.555496380866582,0.0,0.0,-0.0
214.17887933347512,-18.80539896011146,14.557161011733815,0.0,0.0,-0.0
214.1895827837513,-18.80675597327908,14.558825477140557,0.0,0.0,-0.0
214.2002863894489,-18.808112858059566,14.560489776966323,0.0,0.0,-0.0
214.21099015054847,-18.809469614306575,14.562153911090654,0.0,0.0,-0.0
214.22169406703057,-18.81082624187381,14.563817879393103,0.0,0.0,-0.0
214.23239813887557,-18.81218274061497,14.565481681753244,0.0,0.0,-0.0
214.24310236606394,-18.81353911038379,14.56714531805066,0.0,0.0,-0.0
214.25380674857607,-18.81489535103402,14.568808788164958,0.0,0.0,-0.0
214.26451128639223,-18.816251462419434,14.570472091975757,0.0,0.0,-0.0
214.27521597949277,-18.817607444393804,14.572135229362694,0.0,0.0,-0.0
214.2859208278579,-18.818963296810942,14.573798200205431,0.0,0.0,-0.0
214.29662583146785,-18.820319019524675,14.575461004383634,0.0,0.0,-0.0
214.30733099030277,-18.821674612388836,14.57712364177699,0.0,0.0,-0.0
214.31803630434277,-18.823030075257297,14.578786112265215,0.0,0.0,-0.0
214.32874177356794,-18.824385407983915,14.580448415728016,0.0,0.0,-0.0
214.33944739795837,-18.825740610422613,14.58211055204515,0.0,0.0,-0.0
214.35015317749398,-18.827095682427295,14.583772521096359,0.0,0.0,-0.0
214.3608591121547,-18.828450623851886,14.585434322761424,0.0,0.0,-0.0
214.37156520192053,-18.829805434550355,14.587095956920134,0.0,0.0,-0.0
214.38227144677128,-18.83116011437667,14.588757423452297,0.0,0.0,-0.0
214.39297784668682,-18.832514663184813,14.590418722237732,0.0,0.0,-0.0
214.4036844016469,-18.833869080828805,14.592079853156282,0.0,0.0,-0.0
214.41439111163123,-18.83522336716267,14.593740816087815,0.0,0.0,-0.0
214.42509797661958,-18.836577522040454,14.595401610912193,0.0,0.0,-0.0
214.43580499659157,-18.837931545316216,14.597062237509311,0.0,0.0,-0.0
214.4465121715268,-18.839285436844047,14.598722695759085,0.0,0.0,-0.0
214.45721950140486,-18.84063919647805,14.600382985541431,0.0,0.0,-0.0
214.4679269862053,-18.841992824072342,14.602043106736302,0.0,0.0,-0.0
214.47863462590755,-18.84334631948106,14.603703059223648,0.0,0.0,-0.0
214.4893424204911,-18.844699682558378,14.605362842883455,0.0,0.0,-0.0
214.5000503699354,-18.84605291315846,14.607022457595708,0.0,0.0,-0.0
214.51075847421973,-18.8474060111355,14.608681903240425,0.0,0.0,-0.0
214.52146673332342,-18.848758976343728,14.610341179697627,0.0,0.0,-0.0
214.5321751472258,-18.850111808637354,14.612000286847367,0.0,0.0,-0.0
214.54288371590604,-18.85146450787066,14.6136592245697,0.0,0.0,-0.0
214.5535924393434,-18.85281707389789,14.61531799274471,0.0,0.0,-0.0
214.56430131751696,-18.854169506573346,14.61697659125249,0.0,0.0,-0.0
214.57501035040588,-18.855521805751334,14.618635019973155,0.0,0.0,-0.0
214.58571953798923,-18.856873971286184,14.62029327878683,0.0,0.0,-0.0
214.596428880246,-18.858226003032243,14.621951367573667,0.0,0.0,-0.0
214.6071383771552,-18.85957790084387,14.62360928621383,0.0,0.0,-0.0
214.61784802869576,-18.860929664575455,14.625267034587498,0.0,0.0,-0.0
214.62855783484656,-18.862281294081395,14.62692461257487,0.0,0.0,-0.0
214.63926779558648,-18.863632789216112,14.62858202005616,0.0,0.0,-0.0
214.64997791089434,-18.864984149834047,14.630239256911603,0.0,0.0,-0.0
214.66068818074888,-18.86633537578966,14.631896323021444,0.0,0.0,-0.0
214.67139860512887,-18.86768646693742,14.633553218265954,0.0,0.0,-0.0
214.68210918401297,-18.869037423131843,14.635209942525412,0.0,0.0,-0.0
214.6928199173798,-18.870388244227424,14.636866495680126,0.0,0.0,-0.0
214.70353080520803,-18.871738930078703,14.63852287761041,0.0,0.0,-0.0
214.71424184747616,-18.873089480540237,14.640179088196591,0.0,0.0,-0.0
214.72495304416276,-18.874439895466594,14.64183512731903,0.0,0.0,-0.0
214.73566439524626,-18.87579017471236,14.643490994858094,0.0,0.0,-0.0
214.74637590070515,-18.877140318132163,14.645146690694167,0.0,0.0,-0.0
214.75708756051773,-18.8784903255806,14.646802214707655,0.0,0.0,-0.0
214.76779937466245,-18.879840196912333,14.648457566778978,0.0,0.0,-0.0
214.77851134311757,-18.88118993198204,14.650112746788574,0.0,0.0,-0.0
214.78922346586134,-18.88253953064439,14.65176775461689,0.0,0.0,-0.0
214.79993574287204,-18.88388899275409,14.653422590144404,0.0,0.0,-0.0
214.8106481741278,-18.885238318165868,14.655077253251603,0.0,0.0,-0.0
214.82136075960676,-18.88658750673445,14.656731743818996,0.0,0.0,-0.0
214.83207349928705,-18.887936558314607,14.658386061727105,0.0,0.0,-0.0
214.8427863931467,-18.88928547276112,14.660040206856465,0.0,0.0,-0.0
214.85349944116376,-18.89063424992878,14.66169417908764,0.0,0.0,-0.0
214.86421264331614,-18.89198288967241,14.663347978301202,0.0,0.0,-0.0
214.87492599958185,-18.89333139184684,14.665001604377734,0.0,0.0,-0.0
214.8856395099387,-18.89467975630692,14.666655057197863,0.0,0.0,-0.0
214.89635317436458,-18.896027982907537,14.668308336642198,0.0,0.0,-0.0
214.90706699283723,-18.897376071503572,14.66996144259139,0.0,0.0,-0.0
214.91778096533452,-18.898724021949935,14.671614374926097,0.0,0.0,-0.0
214.9284950918341,-18.900071834101556,14.673267133527002,0.0,0.0,-0.0
214.93920937231366,-18.901419507813394,14.67491971827479,0.0,0.0,-0.0
214.9499238067508,-18.9027670429404,14.676572129050179,0.0,0.0,-0.0
214.96063839512317,-18.904114439337572,14.678224365733895,0.0,0.0,-0.0
214.97135313740827,-18.905461696859913,14.679876428206688,0.0,0.0,-0.0
214.98206803358366,-18.906808815362446,14.681528316349315,0.0,0.0,-0.0
214.99278308362676,-18.908155794700217,14.68318003004256,0.0,0.0,-0.0
215.00349828751501,-18.909502634728288,14.684831569167224,0.0,0.0,-0.0
215.0142136452258,-18.910849335301727,14.686482933604118,0.0,0.0,-0.0
215.02492915673645,-18.91219589627565,14.688134123234073,0.0,0.0,-0.0
215.0356448220243,-18.913542317505172,14.689785137937937,0.0,0.0,-0.0
215.04636064106657,-18.914888598845423,14.691435977596578,0.0,0.0,-0.0
215.05707661384045,-18.916234740151566,14.693086642090885,0.0,0.0,-0.0
215.0677927403232,-18.917580741278776,14.694737131301752,0.0,0.0,-0.0
215.07850902049185,-18.918926602082244,14.696387445110103,0.0,0.0,-0.0
215.0892254543235,-18.92027232241719,14.698037583396866,0.0,0.0,-0.0
215.0999420417953,-18.921617902138838,14.699687546042995,0.0,0.0,-0.0
215.11065878288414,-18.92296334110245,14.701337332929466,0.0,0.0,-0.0
215.12137567756702,-18.92430863916328,14.702986943937256,0.0,0.0,-0.0
215.13209272582085,-18.92565379617663,14.70463637894738,0.0,0.0,-0.0
215.14280992762255,-18.926998811997798,14.706285637840853,0.0,0.0,-0.0
215.15352728294891,-18.928343686482126,14.707934720498711,0.0,0.0,-0.0
215.16424479177672,-18.929688419484943,14.709583626802013,0.0,0.0,-0.0
215.17496245408276,-18.931033010861622,14.711232356631841,0.0,0.0,-0.0
215.18568026984374,-18.932377460467553,14.71288090986927,0.0,0.0,-0.0
215.19639823903628,-18.933721768158126,14.714529286395416,0.0,0.0,-0.0
215.2071163616371,-18.93506593378876,14.716177486091404,0.0,0.0,-0.0
215.21783463762267,-18.93640995721492,14.717825508838366,0.0,0.0,-0.0
215.2285530669696,-18.937753838292032,14.71947335451748,0.0,0.0,-0.0
215.23927164965437,-18.939097576875604,14.721121023009905,0.0,0.0,-0.0
215.24999038565343,-18.940441172821114,14.722768514196842,0.0,0.0,-0.0
215.2607092749432,-18.941784625984088,14.724415827959502,0.0,0.0,-0.0
215.2714283175001,-18.943127936220055,14.726062964179114,0.0,0.0,-0.0
215.28214751330037,-18.944471103384576,14.727709922736922,0.0,0.0,-0.0
215.29286686232035,-18.94581412733321,14.729356703514188,0.0,0.0,-0.0
215.3035863645363,-18.94715700792157,14.731003306392196,0.0,0.0,-0.0
215.3143060199244,-18.948499745005254,14.732649731252238,0.0,0.0,-0.0
215.3250258284608,-18.949842338439897,14.73429597797563,0.0,0.0,-0.0
215.3357457901217,-18.95118478808114,14.735942046443705,0.0,0.0,-0.0
215.34646590488308,-18.95252709378466,14.737587936537814,0.0,0.0,-0.0
215.35718617272104,-18.953869255406136,14.739233648139322,0.0,0.0,-0.0
215.36790659361154,-18.955211272801282,14.740879181129609,0.0,0.0,-0.0
215.37862716753054,-18.95655314582582,14.74252453539008,0.0,0.0,-0.0
215.38934789445392,-18.957894874335487,14.74416971080215,0.0,0.0,-0.0
215.40006877435763,-18.95923645818605,14.74581470724726,0.0,0.0,-0.0
215.41078980721744,-18.9605778972333,14.747459524606853,0.0,0.0,-0.0
215.42151099300918,-18.961919191333024,14.74910416276241,0.0,0.0,-0.0
215.43223233170852,-18.96326034034105,14.750748621595415,0.0,0.0,-0.0
215.44295382329122,-18.964601344113216,14.752392900987365,0.0,0.0,-0.0
215.4536754677329,-18.96594220250537,14.754037000819789,0.0,0.0,-0.0
215.4643972650092,-18.9672829153734,14.755680920974228,0.0,0.0,-0.0
215.4751192150957,-18.968623482573193,14.757324661332236,0.0,0.0,-0.0
215.48584131796792,-18.96996390396067,14.758968221775383,0.0,0.0,-0.0
215.49656357360132,-18.971304179391762,14.760611602185266,0.0,0.0,-0.0
215.50728598197142,-18.972644308722415,14.762254802443486,0.0,0.0,-0.0
215.51800854305358,-18.973984291808616,14.763897822431671,0.0,0.0,-0.0
215.5287312568232,-18.975324128506337,14.765540662031471,0.0,0.0,-0.0
215.53945412325552,-18.976663818671597,14.767183321124541,0.0,0.0,-0.0
215.55017714232594,-18.978003362160425,14.768825799592555,0.0,0.0,-0.0
215.5609003140096,-18.979342758828864,14.770468097317213,0.0,0.0,-0.0
215.57162363828175,-18.98068200853298,14.772110214180223,0.0,0.0,-0.0
