galstreams/tracks/track.st.Sylgr.ibata2021.ecsv
# %ECSV 1.0
# ---
# datatype:
# - {name: ra, unit: deg, datatype: float64}
# - {name: dec, unit: deg, datatype: float64}
# - {name: distance, unit: kpc, datatype: float64}
# - {name: pm_ra_cosdec, unit: mas / yr, datatype: float64}
# - {name: pm_dec, unit: mas / yr, datatype: float64}
# - {name: radial_velocity, unit: km / s, datatype: float64}
# delimiter: ','
# meta: !!omap
# - __serialized_columns__:
#     dec:
#       __class__: astropy.coordinates.angles.Latitude
#       unit: &id001 !astropy.units.Unit {unit: deg}
#       value: !astropy.table.SerializedColumn {name: dec}
#     distance:
#       __class__: astropy.coordinates.distances.Distance
#       unit: !astropy.units.Unit {unit: kpc}
#       value: !astropy.table.SerializedColumn {name: distance}
#     pm_dec:
#       __class__: astropy.units.quantity.Quantity
#       unit: !astropy.units.Unit {unit: mas / yr}
#       value: !astropy.table.SerializedColumn {name: pm_dec}
#     pm_ra_cosdec:
#       __class__: astropy.units.quantity.Quantity
#       unit: !astropy.units.Unit {unit: mas / yr}
#       value: !astropy.table.SerializedColumn {name: pm_ra_cosdec}
#     ra:
#       __class__: astropy.coordinates.angles.Longitude
#       unit: *id001
#       value: !astropy.table.SerializedColumn {name: ra}
#       wrap_angle: !astropy.coordinates.Angle
#         unit: *id001
#         value: 360.0
#     radial_velocity:
#       __class__: astropy.units.quantity.Quantity
#       unit: !astropy.units.Unit {unit: km / s}
#       value: !astropy.table.SerializedColumn {name: radial_velocity}
# schema: astropy-2.0
ra,dec,distance,pm_ra_cosdec,pm_dec,radial_velocity
[from data line 1810]
180.9815997228843,-1.7356045433280591,3.977057228828133,-13.167070350127085,-11.949449126467233,-183.50180171939235
180.99117922761152,-1.732166334456032,3.9787161831213798,-13.161208493118894,-11.943150473555924,-183.47644864738535
181.0007595561576,-1.728729830145761,3.9803770351889245,-13.155345607467229,-11.936851496287382,-183.44962403803726
181.01034070814933,-1.7252950295675875,3.982039786721759,-13.149481690172633,-11.930552193597137,-183.42132495967206
181.01992268321365,-1.7218619318919286,3.9837044394108805,-13.143616738235497,-11.924252564420865,-183.39154848061403
181.02950548097706,-1.7184305362892753,3.9853709949472798,-13.137750748656138,-11.917952607694398,-183.36029166918723
181.0390891010661,-1.7150008419301959,3.987039455021955,-13.131883718434745,-11.911652322353724,-183.32755159371573
181.0486735431072,-1.711572847985333,3.988709821325898,-13.126015644571392,-11.905351707334992,-183.29332532252363
181.05825880672663,-1.708146553625402,3.9903820955501055,-13.120146524066037,-11.89905076157449,-183.257609923935
181.06784489155044,-1.7047219580211976,3.99205627938557,-13.114276353918537,-11.892749484008673,-183.22040246627384
181.07743179720467,-1.7012990603435867,3.9937323745232876,-13.10840513112864,-11.886447873574157,-183.18170001786459
181.08701952331518,-1.697877859763514,3.995410382654252,-13.102532852695965,-11.880145929207703,-183.14149964703103
181.09660806950777,-1.6944583554519956,3.997090305469457,-13.09665951562003,-11.873843649846238,-183.09979842209748
181.106197435408,-1.6910405465801253,3.998772144659898,-13.090785116900241,-11.867541034426836,-183.05659341138778
181.11578762064136,-1.687624432319071,4.000455901916569,-13.084909653535888,-11.861238081886734,-183.0118816832262
181.12537862483325,-1.6842100118400765,4.0021415789304635,-13.079033122526162,-11.854934791163332,-182.9656603059368
181.13497044760885,-1.680797284314459,4.003829177392578,-13.073155520870106,-11.848631161194175,-182.9179263478436
181.14456308859337,-1.677386248913608,4.005518698993906,-13.067276845566688,-11.842327190916969,-182.868676877271
181.15415654741167,-1.6739769048089943,4.00721014542544,-13.061397093614755,-11.836022879269596,-182.81790896254265
181.16375082368867,-1.6705692511721575,4.00890351837818,-13.055516262013024,-11.829718225190062,-182.76561967198293
181.1733459170491,-1.6671632871747162,4.010598819543113,-13.049634347760124,-11.82341322761657,-182.71180607391594
181.18294182711753,-1.66375901198836,4.0122960506112415,-13.043751347854542,-11.817107885487449,-182.65646523666564
181.19253855351843,-1.6603564247848543,4.013995213273553,-13.037867259294691,-11.810802197741218,-182.59959422855619
181.2021360958762,-1.65695552473604,4.0156963092210445,-13.031982079078837,-11.80449616331654,-182.54119011791173
181.21173445381498,-1.653556311013831,4.017399340144712,-13.026095804205145,-11.798189781152228,-182.4812499730564
181.2213336269589,-1.650158782790217,4.019104307735549,-13.020208431671666,-11.791883050187263,-182.41977086231407
181.23093361493196,-1.6467629392372616,4.020811213684546,-13.01431995847636,-11.785575969360815,-182.35674985400922
181.24053441735794,-1.6433687795271013,4.022520059682703,-13.008430381617028,-11.779268537612161,-182.2921840164656
181.25013603386054,-1.6399763028319478,4.024230847421013,-13.002539698091407,-11.772960753880792,-182.22607041800734
181.25973846406342,-1.6365855083240888,4.025943578590469,-12.996647904897085,-11.766652617106319,-182.15840612695868
181.26934170758994,-1.6331963951758823,4.027658254882067,-12.990754999031548,-11.760344126228533,-182.08918821164357
181.27894576406354,-1.6298089625597652,4.029374877986802,-12.984860977492177,-11.754035280187399,-182.01841374038636
181.28855063310735,-1.6264232096482436,4.031093449595666,-12.978965837276245,-11.747726077923032,-181.9460797815109
181.29815631434442,-1.623039135613903,4.032813971399655,-12.973069575380887,-11.741416518375699,-181.87218340334132
181.3077628073978,-1.619656739629396,4.034536445089762,-12.967172188803147,-11.735106600485857,-181.79672167420188
181.31737011189023,-1.6162760208674571,4.036260872356984,-12.961273674539937,-11.728796323194096,-181.71969166241658
181.32697822744444,-1.6128969785008873,4.037987254892314,-12.95537402958809,-11.722485685441196,-181.64109043630933
181.336587153683,-1.6095196117025659,4.039715594386744,-12.949473250944285,-11.71617468616809,-181.5609150642046
181.34619689022836,-1.6061439196454446,4.041445892531275,-12.943571335605105,-11.70986332431586,-181.47916261442612
181.35580743670286,-1.6027699015025498,4.043178151016895,-12.93766828056702,-11.703551598825788,-181.3958301552983
181.36541879272863,-1.5993975564469798,4.044912371534602,-12.931764082826392,-11.697239508639287,-181.31091475514495
181.37503095792778,-1.596026883651907,4.04664855577539,-12.925858739379464,-11.690927052697948,-181.22441348229034
181.38464393192226,-1.5926578822905793,4.048386705430251,-12.919952247222364,-11.684614229943543,-181.1363234050586
181.3942577143339,-1.5892905515363172,4.050126822190181,-12.914044603351108,-11.678301039317986,-181.04664159177378
181.40387230478433,-1.585924890562513,4.051868907746176,-12.908135804761601,-11.671987479763366,-180.9553651107599
181.41348770289514,-1.5825608985426332,4.053612963789227,-12.902225848449635,-11.665673550221946,-180.8624910303412
181.4231039082878,-1.5791985746502188,4.0553589920103335,-12.896314731410873,-11.659359249636141,-180.76801641884163
181.43272092058356,-1.5758379180588837,4.057106994100487,-12.890402450640883,-11.65304457694854,-180.6719383445854
181.44233873940368,-1.5724789279423146,4.058856971750681,-12.884489003135108,-11.646729531101904,-180.5742538758965
181.45195736436915,-1.569121603474273,4.06060892665191,-12.878574385888903,-11.640414111039172,-180.47496008109906
181.46157679510094,-1.56576594382859,4.062362860495171,-12.872658595897471,-11.634098315703415,-180.3740540285172
181.47119703121987,-1.562411948179174,4.064118774971458,-12.866741630155902,-11.627782144037901,-180.27153278647515
181.48081807234664,-1.5590596157000036,4.065876671771762,-12.860823485659214,-11.621465594986065,-180.16739342329677
181.49043991810174,-1.5557089455651336,4.067636552587081,-12.854904159402283,-11.615148667491505,-180.06163300730637
181.50006256810568,-1.5523599369486871,4.069398419108408,-12.848983648379859,-11.608831360497987,-179.95424860682786
181.50968602197872,-1.5490125890248654,4.0711622730267365,-12.843061949586614,-11.602513672949453,-179.8452372901854
181.51931027934108,-1.5456669009679378,4.072928116033064,-12.83713906001706,-11.596195603790004,-179.73459612570318
181.52893533981276,-1.5423228719522502,4.074695949818382,-12.831214976665636,-11.589877151963925,-179.62232218170521
181.53856120301376,-1.5389805011522173,4.076465776073687,-12.825289696526642,-11.583558316415656,-179.50841252651563
181.54818786856382,-1.5356397877423336,4.078237596489972,-12.819363216594276,-11.577239096089826,-179.3928642284584
181.55781533608268,-1.5323007308971583,4.080011412758232,-12.813435533862611,-11.570919489931217,-179.27567435585772
181.56744360518988,-1.5289633297913294,4.081787226569461,-12.807506645325628,-11.564599496884796,-179.15683997703775
181.57707267550487,-1.5256275835995525,4.083565039614656,-12.801576547977158,-11.55827911589569,-179.03635816032255
181.5867025466469,-1.5222934914966089,4.0853448535848065,-12.795645238810945,-11.551958345909215,-178.91422597403633
181.5963332182352,-1.5189610526573523,4.08712667017091,-12.789712714820617,-11.54563718587084,-178.79044048650286
181.60596468988885,-1.5156302662567072,4.088910491063963,-12.783778972999668,-11.539315634726211,-178.66499876604644
181.61559696122674,-1.5123011314696724,4.090696317954958,-12.777844010341504,-11.532993691421163,-178.5378978809913
181.6252300318677,-1.5089736474713187,4.092484152534887,-12.771907823839394,-11.52667135490168,-178.40913489966135
181.63486390143038,-1.505647813436786,4.094273996494747,-12.765970410486512,-11.52034862411394,-178.27870689038056
181.6444985695334,-1.5023236285412929,4.096065851525532,-12.760031767275896,-11.514025498004289,-178.14661092147333
181.65413403579518,-1.4990010919601253,4.0978597193182384,-12.754091891200483,-11.507701975519232,-178.01284406126373
181.663770299834,-1.4956802028686422,4.099655601563856,-12.748150779253098,-11.501378055605482,-177.8774033780757
181.67340736126803,-1.4923609604422734,4.101453499953384,-12.74220842842644,-11.495053737209885,-177.74028594023335
181.6830452197154,-1.489043363856524,4.1032534161778145,-12.736264835713094,-11.48872901927949,-177.60148881606077
181.69268387479406,-1.4857274122869686,4.105055351928141,-12.730319998105552,-11.482403900761524,-177.46100907388228
181.70232332612173,-1.4824131049092548,4.106859308895363,-12.724373912596148,-11.476078380603363,-177.31884378202167
181.71196357331618,-1.479100440899104,4.108665288770466,-12.718426576177158,-11.469752457752598,-177.1749900088032
181.72160461599495,-1.4757894194323036,4.110473293244455,-12.712477985840678,-11.463426131156949,-177.029444822551
181.73124645377547,-1.4724800396847197,4.112283324008316,-12.706528138578753,-11.45709939976436,-176.88220529158897
181.74088908627508,-1.469172300832286,4.114095382753048,-12.70057703138327,-11.450772262522916,-176.73326848424145
181.75053251311095,-1.4658662020510074,4.115909471169642,-12.694624661246003,-11.444444718380904,-176.58263146883243
181.76017673390018,-1.4625617425169648,4.117725590949096,-12.688671025158648,-11.438116766286775,-176.43029131368604
181.76982174825974,-1.459258921406305,4.119543743782404,-12.682716120112726,-11.431788405189149,-176.27624508712623
181.7794675558064,-1.4559577378952528,4.121363931360558,-12.676759943099702,-11.425459634036855,-176.12048985747737
181.7891141561569,-1.4526581911600975,4.123186155374553,-12.670802491110887,-11.419130451778873,-175.96302269306332
181.79876154892776,-1.4493602803772052,4.125010417515387,-12.664843761137487,-11.412800857364362,-175.80384066220824
181.8084097337355,-1.446064004723012,4.126836719474051,-12.658883750170602,-11.406470849742677,-175.64294083323625
181.8180587101964,-1.4427693633740233,4.128665062941541,-12.6529224552012,-11.400140427863342,-175.48032027447135
181.8277084779267,-1.4394763555068195,4.1304954496088495,-12.646959873220148,-11.393809590676062,-175.3159760542379
181.8373590365425,-1.436184980298049,4.13232788116697,-12.640996001218205,-11.387478337130737,-175.1499052408598
181.8470103856597,-1.432895236924432,4.1341623593069015,-12.635030836185974,-11.381146666177408,-174.98210490266115
181.8566625248942,-1.429607124562761,4.135998885719636,-12.629064375113982,-11.374814576766337,-174.81257210796605
181.8663154538617,-1.426320642389899,4.137837462096169,-12.623096614992628,-11.36848206784794,-174.64130392509875
181.87596917217772,-1.4230357895827814,4.139678090127492,-12.617127552812198,-11.362149138372844,-174.46829742238293
181.88562367945784,-1.419752565318411,4.141520771504603,-12.611157185562847,-11.355815787291819,-174.2935496681432
181.8952789753173,-1.4164709687738655,4.143365507918495,-12.605185510234643,-11.349482013555852,-174.11705773070344
181.90493505937138,-1.4131909991262916,4.145212301060161,-12.599212523817519,-11.3431478161161,-173.93881867838752
181.9145919312352,-1.4099126555529078,4.147061152620599,-12.593238223301274,-11.336813193923884,-173.75882957952
181.92424959052371,-1.406635937231001,4.1489120642907995,-12.587262605675633,-11.330478145930739,-173.57708750242466
181.93390803685173,-1.403360843337932,4.150765037761759,-12.581285667930178,-11.324142671088364,-173.3935895154257
181.94356726983406,-1.4000873730511294,4.152620074724472,-12.575307407054366,-11.31780676834864,-173.20833268684717
181.95322728908525,-1.3968155255480947,4.154477176869932,-12.569327820037575,-11.311470436663646,-173.02131408501316
181.9628880942198,-1.3935453000064004,4.156336345889135,-12.563346903869022,-11.30513367498563,-172.83253077824781
181.9725496848521,-1.3902766956036872,4.158197583473073,-12.557364655537848,-11.298796482267038,-172.6419798348752
181.98221206059637,-1.387009711517666,4.160060891312744,-12.551381072033038,-11.292458857460481,-172.44965832321938
181.99187522106672,-1.3837443469261235,4.161926271099139,-12.545396150343501,-11.286120799518786,-172.25556331160456
182.00153916587718,-1.3804806010069088,4.163793724523255,-12.539409887458,-11.27978230739493,-172.0596918683547
182.0112038946416,-1.3772184729379495,4.165663253276083,-12.533422280365201,-11.273443380042108,-171.8620410617941
182.0208694069737,-1.3739579618972362,4.167534859048622,-12.527433326053629,-11.267104016413674,-171.6626079602465
182.03053570248719,-1.3706990670628316,4.1694085435318655,-12.521443021511715,-11.26076421546318,-171.46138963203632
182.0402027807955,-1.3674417876128728,4.171284308416803,-12.515451363727784,-11.25442397614438,-171.25838314548764
182.04987064151211,-1.3641861227255643,4.173162155394435,-12.509458349689986,-11.248083297411181,-171.05358556892455
182.0595392842502,-1.36093207157918,4.175042086155754,-12.50346397638643,-11.241742178217706,-170.8469939706709
182.06920870862294,-1.3576796333520629,4.176924102391754,-12.497468240805057,-11.235400617518255,-170.63860541905098
182.07887891424335,-1.3544288072226285,4.1788082057934295,-12.491471139933719,-11.229058614267318,-170.4284169823889
182.08854990072433,-1.3511795923693626,4.180694398051775,-12.48547267076013,-11.222716167419566,-170.21642572900876
182.0982216676787,-1.3479319879708183,4.1825826808577835,-12.479472830271888,-11.216373275929866,-170.0026287272348
182.10789421471904,-1.344685993205619,4.184473055902452,-12.473471615456498,-11.210029938753276,-169.78702304539067
182.1175675414579,-1.341441607252458,4.1863655248767735,-12.467469023301332,-11.203686154845036,-169.5696057518007
182.12724164750776,-1.3381988292901006,4.188260089471743,-12.46146505079364,-11.19734192316058,-169.35037391478923
182.13691653248085,-1.3349576584973781,4.190156751378355,-12.455459694920554,-11.190997242655527,-169.1293246026801
182.14659219598934,-1.3317180940531945,4.192055512287606,-12.449452952669105,-11.184652112285688,-168.9064548837974
182.1562686376453,-1.3284801351365234,4.193956373890485,-12.443444821026196,-11.178306531007077,-168.6817618264653
182.16594585706068,-1.3252437809264037,4.195859337877991,-12.437435296978613,-11.17196049777588,-168.45524249900788
182.17562385384724,-1.32200903060195,4.1977644059411166,-12.431424377513023,-11.165614011548481,-168.22689396974923
182.1853026276167,-1.3187758833423415,4.199671579770856,-12.425412059615976,-11.159267071281459,-167.99671330701355
182.1949821779806,-1.3155443383268264,4.201580861058204,-12.419398340273919,-11.15291967593158,-167.7646975791248
182.2046625045504,-1.3123143947347267,4.203492251494157,-12.413383216473148,-11.146571824455801,-167.53084385440715
182.21434360693746,-1.309086051745431,4.205405752769709,-12.40736668519988,-11.14022351581128,-167.2951492011846
182.22402548475293,-1.3058593085383963,4.207321366575851,-12.401348743440195,-11.13387474895536,-167.05761068778136
182.2337081376079,-1.302634164293149,4.20923909460358,-12.395329388180052,-11.127525522845573,-166.81822538252152
182.2433915651133,-1.2994106181892862,4.211158938543891,-12.389308616405307,-11.121175836439656,-166.576990353729
182.25307576688007,-1.296188669406472,4.213080900087779,-12.383286425101668,-11.114825688695527,-166.33390266972822
182.26276074251882,-1.2929683171244417,4.215004980926234,-12.377262811254777,-11.108475078571319,-166.08895939884303
182.2724464916402,-1.2897495605229998,4.216931182750256,-12.371237771850113,-11.102124005025331,-165.84215760939762
182.28213301385472,-1.2865323987820132,4.218859507250836,-12.365211303873046,-11.095772467016076,-165.593494369716
182.29182030877269,-1.2833168310814271,4.2207899561189715,-12.35918340430884,-11.089420463502247,-165.3429667481224
182.30150837600436,-1.2801028566012491,4.222722531045654,-12.353154070142631,-11.083067993442747,-165.0905718129408
