galstreams/tracks/track.st.M2.ibata2021.ecsv
# %ECSV 1.0
# ---
# datatype:
# - {name: ra, unit: deg, datatype: float64}
# - {name: dec, unit: deg, datatype: float64}
# - {name: distance, unit: kpc, datatype: float64}
# - {name: pm_ra_cosdec, unit: mas / yr, datatype: float64}
# - {name: pm_dec, unit: mas / yr, datatype: float64}
# - {name: radial_velocity, unit: km / s, datatype: float64}
# delimiter: ','
# meta: !!omap
# - __serialized_columns__:
#     dec:
#       __class__: astropy.coordinates.angles.Latitude
#       unit: &id001 !astropy.units.Unit {unit: deg}
#       value: !astropy.table.SerializedColumn {name: dec}
#     distance:
#       __class__: astropy.coordinates.distances.Distance
#       unit: !astropy.units.Unit {unit: kpc}
#       value: !astropy.table.SerializedColumn {name: distance}
#     pm_dec:
#       __class__: astropy.units.quantity.Quantity
#       unit: !astropy.units.Unit {unit: mas / yr}
#       value: !astropy.table.SerializedColumn {name: pm_dec}
#     pm_ra_cosdec:
#       __class__: astropy.units.quantity.Quantity
#       unit: !astropy.units.Unit {unit: mas / yr}
#       value: !astropy.table.SerializedColumn {name: pm_ra_cosdec}
#     ra:
#       __class__: astropy.coordinates.angles.Longitude
#       unit: *id001
#       value: !astropy.table.SerializedColumn {name: ra}
#       wrap_angle: !astropy.coordinates.Angle
#         unit: *id001
#         value: 360.0
#     radial_velocity:
#       __class__: astropy.units.quantity.Quantity
#       unit: !astropy.units.Unit {unit: km / s}
#       value: !astropy.table.SerializedColumn {name: radial_velocity}
# schema: astropy-2.0
ra,dec,distance,pm_ra_cosdec,pm_dec,radial_velocity
[from data line 684]
317.00335371331977,-3.22834337237463,10.4797572376721,4.246022683402941,-2.189993979721598,1.6841534259744676e-14
317.01303992363347,-3.225797088905034,10.480728033751602,4.245010094540477,-2.190156613076055,-1.3789006175165953e-13
317.022725980035,-3.223250367724697,10.48170131392455,4.243997937477492,-2.1903196517901433,-1.473634247727659e-14
317.03241188188474,-3.2207032067301116,10.482677073791763,4.242986211236068,-2.1904830944221336,6.315575347404254e-14
317.04209762854293,-3.2181556038178596,10.483655308954065,4.2419749148382255,-2.1906469395303474,-9.578622610229784e-14
317.05178321937024,-3.215607556884479,10.484636015012278,4.240964047305905,-2.1908111856731534,-6.526094525651062e-14
317.06146865372665,-3.213059063826592,10.485619187567226,4.239953607660981,-2.190975831408972,6.526094525651062e-14
317.0711539309725,-3.210510122540782,10.486604822219727,4.238943594925257,-2.1911408752962713,-1.273641028393191e-13
317.080839050468,-3.2079607309237166,10.487592914570609,4.237934008120465,-2.1913063158935686,-4.8419410996765944e-14
317.0905240115732,-3.20541088687202,10.488583460220692,4.236924846268264,-2.1914721517594318,-1.473634247727659e-14
317.1002088136482,-3.202860588282404,10.4895764547708,4.235916108390246,-2.1916383814524787,5.789277401787233e-14
317.1098934560529,-3.2003098330515365,10.490571893821757,4.234907793507934,-2.1918050035313703,4.210383564936169e-15
317.1195779381473,-3.1977586190761733,10.49156977297438,4.233899900642776,-2.191972016554825,-1.0420699323217018e-13
317.1292622592914,-3.1952069442530235,10.492570087829495,4.232892428816156,-2.192139419081604,-6.947132882144679e-14
317.13894641884485,-3.192654806478887,10.493572833987928,4.231885377049377,-2.1923072096705187,2.1051917824680846e-14
317.1486304161676,-3.1901022036505173,10.494578007050492,4.2308787443636895,-2.1924753868804334,-9.683882199353189e-14
317.15831425061924,-3.1875491336647537,10.49558560261802,4.229872529780259,-2.1926439492702534,-6.315575347404253e-15
317.1679979215595,-3.1849955944183925,10.49659561629133,4.2288667323201885,-2.192812895398938,2.7367493172085098e-14
317.17768142834797,-3.182441583808319,10.497608043671242,4.227861351004511,-2.1929822238254943,-8.315507540748934e-14
317.1873647703443,-3.1798870997313706,10.498622880358583,4.226856384854191,-2.1931519331089766,5.157719867046807e-14
317.19704794690784,-3.177332140084472,10.499640121954176,4.225851832890118,-2.19332202180849,-9.262843842859572e-14
317.20673095739824,-3.1747767027645044,10.50065976405884,4.224847694133123,-2.1934924884831832,-7.368171238638296e-14
317.2164138011747,-3.1722207856684346,10.5016818022734,4.223843967603959,-2.1936633316922576,-8.420767129872338e-15
317.22609647759674,-3.169664386693186,10.502706232198676,4.222840652323315,-2.193834549994961,-8.841805486365955e-14
317.2357789860235,-3.1671075037357683,10.503733049435494,4.22183774731181,-2.19400614195059,-3.789345208442552e-14
317.2454613258144,-3.164550134693145,10.504762249584674,4.2208352515899925,-2.1941781061184873,2.315710960714893e-14
317.2551434963284,-3.1619922774623666,10.50579382824704,4.219833164178348,-2.1943504410580457,-8.315507540748934e-14
317.26482549692486,-3.1594339299404552,10.50682778102341,4.218831484097288,-2.1945231453287057,1.1578554803574466e-14
317.27450732696275,-3.156875090024453,10.507864103514613,4.217830210367163,-2.1946962174899523,-9.262843842859572e-14
317.2841889858011,-3.154315755611475,10.508902791321473,4.216829342008245,-2.1948696561013223,-7.4734308277617e-14
317.293870472799,-3.1517559245985844,10.509943840044805,4.215828878040748,-2.1950434597223976,-4.105123975812765e-14
317.30355178731514,-3.1491955948829378,10.510987245285436,4.214828817484815,-2.1952176269128096,-6.947132882144679e-14
317.31323292870866,-3.146634764361642,10.512033002644191,4.213829159360519,-2.1953921562322347,-9.052324664612763e-14
317.3229138963382,-3.1440734309318925,10.513081107721884,4.212829902687872,-2.195567046240399,-3.789345208442552e-14
317.33259468956265,-3.141511592490835,10.514131556119347,4.211831046486809,-2.1957422954970753,-6.315575347404254e-14
317.3422753077407,-3.138949246935708,10.515184343437395,4.2108325897772065,-2.1959179025620803,1.9999321933446802e-14
317.35195575023096,-3.1363863921636956,10.516239465276861,4.2098345315788706,-2.1960938659952833,-4.631421921429786e-14
317.3616360163921,-3.133823026072078,10.517296917238557,4.20883687091154,-2.1962701843565973,6.526094525651062e-14
317.37131610558265,-3.13125914655808,10.518356694923309,4.207839606794889,-2.1964468562059825,3.789345208442552e-14
317.3809960171612,-3.1286947515190193,10.519418793931937,4.206842738248524,-2.1966238801034477,6.315575347404253e-15
317.39067575048614,-3.1261298388521626,10.52048320986527,4.205846264291981,-2.1968012546090456,-1.1683814392697868e-13
317.40035530491593,-3.123564406454866,10.521549938324128,4.204850183944736,-2.196978978282879,-8.526026718995742e-14
317.4100346798089,-3.1209984522244367,10.522618974909332,4.203854496226197,-2.1971570496850945,-1.4841602066399995e-13
317.4197138745235,-3.118431974058269,10.523690315221705,4.202859200155702,-2.197335467375887,-2.2104513715914887e-14
317.42939288841785,-3.115864969853712,10.52476395486207,4.201864294752529,-2.197514229915497,-3.8946047975659563e-14
317.43907172085017,-3.113297437508199,10.525839889431248,4.200869779035884,-2.197693335864212,-1.3789006175165953e-13
317.4487503711788,-3.110729374919114,10.526918114530066,4.199875652024914,-2.1978727837823655,4.9472006887999985e-14
317.4584288387616,-3.1081607799839333,10.527998625759343,4.198881912738694,-2.1980525722303392,-7.894469184255317e-14
317.4681071229569,-3.1055916506000796,10.5290814187199,4.197888560196239,-2.1982326997685573,-6.21031575828085e-14
317.47778522312257,-3.103021984665066,10.530166489012563,4.196895593416491,-2.198413164957493,-3.0525280845787224e-14
317.48746313861665,-3.100451780076357,10.531253832238153,4.195903011418338,-2.1985939663576635,6.841873293021275e-14
317.4971408687969,-3.0978810347315004,10.532343443997494,4.194910813220593,-2.198775102529635,5.4734986344170195e-14
317.50681841302145,-3.0953097465280015,10.533435319891407,4.19391899784201,-2.1989565720340156,-2.6314897280851057e-14
317.516495770648,-3.0927379133634463,10.534529455520715,4.192927564301275,-2.199138373431463,1.1578554803574466e-14
317.52617294103436,-3.090165533135377,10.535625846486242,4.191936511617013,-2.1993205052826776,-3.263047262825531e-14
317.5358499235382,-3.0875926037414194,10.53672448838881,4.190945838807778,-2.199502966148407,4.105123975812765e-14
317.5455267175173,-3.085019123079153,10.537825376829238,4.189955544892067,-2.199685754589446,8.420767129872338e-15
317.55520332232925,-3.082445089046242,10.538928507408352,4.188965628888306,-2.1998688691666315,3.1577876737021266e-15
317.5648797373317,-3.079870499540301,10.540033875726976,4.187976089814864,-2.2000523084408474,9.47336302110638e-15
317.574555961882,-3.077295352459034,10.541141477385931,4.186986926690038,-2.200236070973023,-6.105056169157445e-14
317.584231995338,-3.074719645700093,10.542251307986037,4.18599813853207,-2.2004201553241316,8.631286308119147e-14
317.5939078370568,-3.0721433771612183,10.54336336312812,4.18500972435913,-2.2006045600551953,-5.6840178126638284e-14
317.6035834863961,-3.069566544740101,10.544477638413,4.18402168318933,-2.200789283727279,6.315575347404253e-15
317.61325894271295,-3.066989146334518,10.545594129441502,4.183034014040715,-2.200974324901491,-2.4209705498382972e-14
317.62293420536497,-3.064411179842196,10.54671283181445,4.182046715931269,-2.201159682138985,-3.9998643866893604e-14
317.6326092737092,-3.0618326431609493,10.54783374113266,4.181059787878912,-2.2013453540009618,-7.4734308277617e-14
317.642284147103,-3.059253534188542,10.548956852996959,4.180073228901502,-2.201531339048668,-2.2104513715914887e-14
317.6519588249035,-3.0566738508228224,10.55008216300817,4.17908703801683,-2.2017176358433894,-3.8946047975659563e-14
317.6616333064678,-3.054093590961595,10.551209666767116,4.178101214242629,-2.201904242946462,-1.0525958912340423e-14
317.67130759115304,-3.051512752502745,10.55233935987462,4.1771157565965655,-2.202091158919263,-2.4209705498382972e-14
317.68098167831624,-3.0489313333441093,10.5534712379315,4.17613066409625,-2.2022783823232155,-1.1473295214451061e-13
317.6906555673144,-3.04634933138361,10.55460529653858,4.175145935759221,-2.2024659117197873,-2.8420089063319142e-14
317.7003292575045,-3.0437667445191208,10.555741531296688,4.174161570602962,-2.202653745670489,-7.683950006008508e-14
317.71000274824337,-3.0411835706486,10.556879937806643,4.17317756764489,-2.2028418827368768,-9.578622610229784e-14
317.71967603888805,-3.0385998076699585,10.558020511669266,4.1721939259023655,-2.2030303214805516,4.210383564936169e-15
317.7293491287951,-3.036015453481188,10.55916324848538,4.17121064439268,-2.203219060463155,-2.1051917824680846e-14
317.7390220173215,-3.0334305059802356,10.560308143855812,4.170227722133069,-2.2034080982463777,3.1577876737021266e-15
317.74869470382384,-3.030844963065128,10.561455193381375,4.169245158140704,-2.2035974333919515,-7.157652060391487e-14
317.75836718765896,-3.028258822633848,10.562604392662903,4.168262951432694,-2.203787064461651,-3.684085619319148e-14
317.76803946818336,-3.025672082584459,10.563755737301209,4.167281101026089,-2.2039769900172956,-1.0736478090587231e-13
317.77771154475374,-3.023084740814976,10.564909222897123,4.1662996059378745,-2.20416720862075,-8.104988362502126e-14
317.78738341672664,-3.0204967952234996,10.566064845051466,4.165318465184978,-2.20435771883392,-3.1577876737021266e-15
317.7970550834586,-3.0179082437080775,10.567222599365058,4.164337677784265,-2.204548519218755,-5.6840178126638284e-14
317.806726544306,-3.0153190841668476,10.56838248143872,4.163357242752541,-2.2047396083372526,1.1578554803574466e-14
317.81639779862536,-3.0127293144978924,10.569544486873282,4.1623771591065495,-2.204930984751447,2.8420089063319142e-14
317.826068845773,-3.010138932599381,10.570708611269556,4.161397425862972,-2.2051226470234204,-3.263047262825531e-14
317.83573968510535,-3.007547936369433,10.57187485022837,4.160418042038435,-2.205314593715295,-2.2104513715914887e-14
317.84541031597865,-3.00495632370625,10.573043199350552,4.159439006649498,-2.205506823389239,-9.999660966723402e-14
317.85508073774923,-3.0023640925079866,10.574213654236917,4.158460318712663,-2.205699334607462,-1.24206315165617e-13
317.86475094977317,-2.999771240672878,10.575386210488292,4.157481977244375,-2.2058921259322175,-1.4525823299029783e-13
317.8744209514069,-2.9971777660991137,10.576560863705495,4.156503981261013,-2.2060851959258003,-2.4209705498382972e-14
317.8840907420063,-2.9945836666849615,10.577737609489354,4.155526329778902,-2.2062785431505496,6.105056169157445e-14
317.8937603209276,-2.991988940328662,10.578916443440685,4.154549021814306,-2.2064721661688482,-7.4734308277617e-14
317.90342968752685,-2.9893935849284663,10.580097361160316,4.1535720563834255,-2.206666063543118,-9.578622610229784e-14
317.91309884116004,-2.986797598382697,10.581280358249069,4.152595432502406,-2.2068602338358274,1.9999321933446802e-14
317.92276778118315,-2.9842009785896244,10.582465430307765,4.151619149187331,-2.2070546756094847,-1.1368035625327657e-13
317.9324365069522,-2.9816037234476025,10.583652572937227,4.1506432054542275,-2.2072493874266423,5.578758223540424e-14
317.94210501782294,-2.9790058308549345,10.584841781738277,4.149667600319063,-2.2074443678498943,3.5788260301957434e-14
317.9517733131513,-2.9764072987100088,10.586033052311741,4.148692332797742,-2.2076396154418747,7.262911649514892e-14
317.9614413922931,-2.9738081249111605,10.58722638025844,4.1477174019061165,-2.207835128765264,4.9472006887999985e-14
317.9711092546041,-2.971208307356808,10.588421761179193,4.146742806659976,-2.2080309063827848,-8.526026718995742e-14
317.98077689944006,-2.968607843945324,10.589619190674824,4.145768546075053,-2.208226946857195,3.1577876737021266e-15
317.99044432615665,-2.966006732575158,10.590818664346155,4.14479461916702,-2.2084232487513034,-3.9998643866893604e-14
318.0001115341096,-2.9634049711447106,10.592020177794014,4.143821024951493,-2.2086198106279533,-7.052392471268083e-14
318.00977852265447,-2.9608025575524684,10.593223726619218,4.142847762444029,-2.208816631050035,5.578758223540424e-14
318.0194452911468,-2.958199489696862,10.594429306422594,4.141874830660129,-2.209013708580476,-9.683882199353189e-14
318.0291118389422,-2.95559576547641,10.59563691280496,4.140902228615232,-2.2092110417822513,-1.0420699323217018e-13
318.0387781653962,-2.9529913827895773,10.596846541367139,4.139929955324724,-2.2094086292183714,-4.210383564936169e-15
318.04844426986415,-2.95038633953491,10.598058187709956,4.138958009803931,-2.209606469451891,-1.1999593160068083e-13
318.0581101517016,-2.947780633610907,10.599271847434233,4.137986391068121,-2.2098045610459076,-9.683882199353189e-14
318.06777581026387,-2.9451742629161455,10.600487516140795,4.137015098132506,-2.210002902563556,-6.947132882144679e-14
318.07744124490637,-2.942567225349156,10.60170518943046,4.136044130012241,-2.210201492568018,-4.9472006887999985e-14
318.08710645498434,-2.939959518808547,10.602924862904052,4.1350734857224225,-2.2104003296225105,-9.262843842859572e-14
318.09677143985317,-2.9373511411928797,10.604146532162392,4.134103164278095,-2.210599412290297,-8.21024795162553e-14
318.1064361988679,-2.934742090400794,10.605370192806308,4.133133164694238,-2.2107987391346753,-6.315575347404254e-14
318.11610073138405,-2.9321323643308794,10.606595840436617,4.13216348598578,-2.210998308718991,-1.1578554803574466e-14
318.12576503675643,-2.9295219608818104,10.607823470654147,4.131194127167591,-2.211198119606626,-2.8420089063319142e-14
318.13542911434047,-2.9269108779522064,10.609053079059715,4.130225087254489,-2.211398170361007,-1.0946997268834039e-13
318.1450929634911,-2.9242991134407714,10.610284661254143,4.129256365261231,-2.211598459545596,-6.841873293021275e-14
318.1547565835634,-2.921686665246155,10.611518212838261,4.128287960202515,-2.2117989857238998,-5.999796580034041e-14
318.16441997391246,-2.9190735312670895,10.612753729412885,4.127319871092993,-2.211999747459464,5.999796580034041e-14
318.1740831338932,-2.916459709402258,10.613991206578842,4.126352096947251,-2.2122007433158757,-9.47336302110638e-15
318.18374606286056,-2.913845197550423,10.615230639936948,4.1253846367798275,-2.2124019718567616,-7.262911649514892e-14
318.1934087601695,-2.911229993610295,10.616472025088036,4.124417489605197,-2.2126034316457868,-1.4315304120782974e-13
318.20307122517494,-2.9086140954806683,10.61771535763292,4.123450654437788,-2.2128051212466615,5.2629794561702114e-14
318.21273345723165,-2.9059975010602823,10.618960633172419,4.1224841302919675,-2.2130070392231316,-1.5788938368510635e-14
318.2223954556944,-2.9033802082479587,10.620207847307372,4.121517916182046,-2.2132091841389836,2.7367493172085098e-14
318.23205721991815,-2.9007622149424708,10.621456995638585,4.120552011122286,-2.2134115545580464,-1.3683746586042549e-14
318.2417187492574,-2.898143519042667,10.622708073766885,4.119586414126889,-2.2136141490441883,-8.94706507548936e-14
318.25138004306706,-2.895524118447348,10.6239610772931,4.118621124210003,-2.213816966161312,-3.0525280845787224e-14
318.2610411007017,-2.8929040110553945,10.625216001818048,4.117656140385725,-2.2140200044733676,-4.315643154059573e-14
318.270701921516,-2.8902831947656344,10.626472842942553,4.116691461668088,-2.2142232625443414,3.1577876737021266e-15
318.28036250486446,-2.8876616674769773,10.627731596267436,4.115727087071084,-2.2144267389382586,-8.526026718995742e-14
318.2900228501018,-2.8850394270882815,10.628992257393522,4.114763015608642,-2.2146304322191828,-2.6314897280851057e-14
318.2996829565825,-2.882416471498483,10.630254821921628,4.113799246294638,-2.2148343409512212,-1.9999321933446802e-14
318.30934282366104,-2.879792798606468,10.631519285452589,4.112835778142893,-2.2150384636985168,-1.5788938368510635e-13
