galstreams/tracks/track.st.C-7.ibata2021.ecsv
# %ECSV 1.0
# ---
# datatype:
# - {name: ra, unit: deg, datatype: float64}
# - {name: dec, unit: deg, datatype: float64}
# - {name: distance, unit: kpc, datatype: float64}
# - {name: pm_ra_cosdec, unit: mas / yr, datatype: float64}
# - {name: pm_dec, unit: mas / yr, datatype: float64}
# - {name: radial_velocity, unit: km / s, datatype: float64}
# delimiter: ','
# meta: !!omap
# - __serialized_columns__:
#     dec:
#       __class__: astropy.coordinates.angles.Latitude
#       unit: &id001 !astropy.units.Unit {unit: deg}
#       value: !astropy.table.SerializedColumn {name: dec}
#     distance:
#       __class__: astropy.coordinates.distances.Distance
#       unit: !astropy.units.Unit {unit: kpc}
#       value: !astropy.table.SerializedColumn {name: distance}
#     pm_dec:
#       __class__: astropy.units.quantity.Quantity
#       unit: !astropy.units.Unit {unit: mas / yr}
#       value: !astropy.table.SerializedColumn {name: pm_dec}
#     pm_ra_cosdec:
#       __class__: astropy.units.quantity.Quantity
#       unit: !astropy.units.Unit {unit: mas / yr}
#       value: !astropy.table.SerializedColumn {name: pm_ra_cosdec}
#     ra:
#       __class__: astropy.coordinates.angles.Longitude
#       unit: *id001
#       value: !astropy.table.SerializedColumn {name: ra}
#       wrap_angle: !astropy.coordinates.Angle
#         unit: *id001
#         value: 360.0
#     radial_velocity:
#       __class__: astropy.units.quantity.Quantity
#       unit: !astropy.units.Unit {unit: km / s}
#       value: !astropy.table.SerializedColumn {name: radial_velocity}
# schema: astropy-2.0
ra,dec,distance,pm_ra_cosdec,pm_dec,radial_velocity
[from data line 568]
279.97101981509746,-51.849023694745185,5.738876386538697,-14.760368179942136,-10.246270817297422,-10.802620989767409
279.9865058042141,-51.84609637275435,5.738571655585755,-14.758693594825399,-10.250889534096606,-10.891628479912947
280.0019896535065,-51.84316678242317,5.738268010700292,-14.75701738773766,-10.25550790887564,-10.980346161286962
280.01747136176726,-51.84023492415914,5.737965450814086,-14.755339558727963,-10.26012593835926,-11.068774315826285
280.03295092779064,-51.83730079837,5.737663974858908,-14.753660107847738,-10.264743619272627,-11.156913225467852
280.04842835037175,-51.83436440546383,5.737363581766535,-14.751979035150908,-10.269360948341264,-11.244763172147803
280.0639036283074,-51.83142574584888,5.737064270468741,-14.750296340693737,-10.273977922291166,-11.332324437803155
280.0793767603952,-51.82848481993371,5.736766039897301,-14.74861202453499,-10.278594537848662,-11.419597304370154
280.0948477454341,-51.825541628127134,5.736468888983988,-14.746926086735828,-10.283210791740522,-11.506582053785815
280.1103165822244,-51.82259617083828,5.73617281666058,-14.745238527359842,-10.287826680693904,-11.593278967986418
280.1257832695677,-51.81964844847648,5.735877821858848,-14.743549346473033,-10.292442201436419,-11.679688328908693
280.1412478062667,-51.8166984614513,5.735583903510569,-14.74185854414382,-10.297057350696054,-11.765810418489707
280.1567101911252,-51.813746210172674,5.735291060547515,-14.740166120443073,-10.301672125201193,-11.851645518665503
280.17217042294845,-51.810791695050746,5.7349992919014605,-14.738472075444061,-10.30628652168064,-11.937193911372914
280.187628500543,-51.80783491649587,5.7347085965041815,-14.736776409222443,-10.310900536863675,-12.02245587854867
280.20308442271636,-51.80487587491875,5.734418973287455,-14.735079121856327,-10.315514167479911,-12.107431702129249
280.2185381882776,-51.801914570730304,5.734130421183054,-14.733380213426198,-10.320127410259428,-12.192121664051454
280.2339897960366,-51.798951004341745,5.733842939122749,-14.731679684015031,-10.324740261932693,-12.276526046251744
280.249439244805,-51.795985176164486,5.733556526038318,-14.729977533708107,-10.329352719230636,-12.360645130666768
280.2648865333953,-51.79301708661024,5.733271180861536,-14.72827376259316,-10.333964778884592,-12.444479199233426
280.28033166062136,-51.79004673609102,5.732986902524176,-14.726568370760361,-10.338576437626294,-12.528028533887825
280.2957746252982,-51.78707412501904,5.732703689958013,-14.724861358302245,-10.343187692187916,-12.611293416567134
280.3112154262422,-51.78409925380678,5.732421542094823,-14.723152725313751,-10.34779853930209,-12.694274129207532
280.3266540622711,-51.781122122867,5.732140457866379,-14.721442471892228,-10.352408975701847,-12.776970953745968
280.34209053220343,-51.77814273261271,5.731860436204456,-14.719730598137442,-10.357018998120644,-12.859384172119036
280.35752483485925,-51.7751610834572,5.7315814760408275,-14.718017104151542,-10.361628603292361,-12.941514066263219
280.3729569690601,-51.772177175813965,5.731303576307271,-14.716301990039053,-10.366237787951368,-13.023360918115332
280.3883869336283,-51.769191010096804,5.731026735935557,-14.714585255906941,-10.3708465488324,-13.104925009611701
280.40381472738767,-51.76620258671978,5.730750953857463,-14.712866901864512,-10.37545488267068,-13.186206622689411
280.41924034916303,-51.76321190609719,5.730476229004762,-14.711146928023522,-10.380062786201805,-13.267206039284657
280.4346637977809,-51.760218968643564,5.730202560309231,-14.70942533449807,-10.3846702561619,-13.347923541334355
280.45008507206865,-51.75722377477374,5.729929946702641,-14.707702121404651,-10.38927728928746,-13.428359410774865
280.46550417085496,-51.754226324902795,5.729658387116769,-14.70597728886217,-10.393883882315448,-13.508513929543172
280.4809210929697,-51.75122661944606,5.72938788048339,-14.704250836991903,-10.39849003198324,-13.58838737957557
280.4963358372443,-51.748224658819076,5.729118425734274,-14.7025227659175,-10.40309573502874,-13.667980042809026
280.51174840251105,-51.74522044343774,5.728850021801201,-14.700793075765008,-10.407700988190193,-13.747292201179631
280.5271587876037,-51.74221397371809,5.728582667615944,-14.699061766662844,-10.412305788206368,-13.82632413662464
280.542566991357,-51.73920525007652,5.728316362110277,-14.697328838741827,-10.416910131816426,-13.90507613108038
280.5579730126073,-51.736194272929595,5.7280511042159725,-14.695594292135114,-10.42151401576005,-13.983548466483597
280.57337685019195,-51.73318104269419,5.727786892864811,-14.69385812697826,-10.426117436777297,-14.061741424770572
280.5887785029496,-51.73016555978741,5.727523726988559,-14.692120343409204,-10.430720391608748,-14.139655287878405
280.60417796972,-51.72714782462663,5.727261605518999,-14.690380941568243,-10.43532287699535,-14.217290337743508
280.6195752493445,-51.72412783762942,5.7270005273879,-14.688639921598048,-10.43992488967862,-14.294646856302494
280.63497034066535,-51.721105599213686,5.726740491527038,-14.686897283643654,-10.444526426400447,-14.371725125491844
280.6503632425261,-51.71808110979752,5.726481496868188,-14.685153027852472,-10.449127483903208,-14.44852542724837
280.6657539537717,-51.715054369799326,5.726223542343126,-14.683407154374287,-10.453728058929729,-14.525048043508807
280.68114247324826,-51.71202537963768,5.725966626883622,-14.6816596633612,-10.458328148223345,-14.601293256209786
280.69652879980305,-51.70899413973147,5.725710749421456,-14.679910554967735,-10.462927748527788,-14.6772613472878
280.7119129322847,-51.70596065049984,5.7254559088883985,-14.678159829350761,-10.467526856587295,-14.752952598679347
280.72729486954285,-51.70292491236216,5.725202104216227,-14.676407486669486,-10.472125469146539,-14.828367292321275
280.7426746104288,-51.69988692573799,5.7249493343367135,-14.674653527085495,-10.476723582950711,-14.903505710150029
280.75805215379484,-51.696846691047256,5.724697598181635,-14.6728979507627,-10.481321194745439,-14.978368134102595
280.7734274984944,-51.69380420871007,5.724446894682764,-14.67114075786741,-10.485918301276811,-15.05295484611515
280.78880064338233,-51.69075947914682,5.724197222771877,-14.669381948568265,-10.490514899291403,-15.127266128124724
280.80417158731467,-51.68771250277806,5.723948581380745,-14.667621523036244,-10.495110985536279,-15.201302262067733
280.8195403291487,-51.6846632800247,5.723700969441146,-14.665859481444702,-10.499706556758941,-15.275063529880587
280.8349068677429,-51.68161181130783,5.723454385884854,-14.66409582396931,-10.504301609707408,-15.348550213500404
280.85027120195707,-51.67855809704884,5.723208829643643,-14.662330550788123,-10.508896141130126,-15.421762594863681
280.8656333306523,-51.6755021376693,5.722964299649287,-14.660563662081508,-10.513490147776093,-15.494700955906712
280.88099325269076,-51.67244393359107,5.722720794833561,-14.658795158032182,-10.518083626394727,-15.56736557856648
280.8963509669359,-51.66938348523624,5.72247831412824,-14.657025038825223,-10.522676573735943,-15.639756744779467
280.9117064722526,-51.66632079302719,5.7222368564650985,-14.655253304648022,-10.527268986550135,-15.711874736482434
280.92705976750676,-51.66325585738646,5.721996420775911,-14.653479955690322,-10.531860861588218,-15.783719835611846
280.9424108515656,-51.6601886787369,5.721757005992451,-14.651704992144198,-10.536452195601546,-15.855292324104283
280.9577597232977,-51.6571192575016,5.721518611046494,-14.649928414204064,-10.541042985341997,-15.926592483896677
280.9731063815726,-51.654047594103886,5.721281234869815,-14.648150222066677,-10.545633227561883,-15.997620596925339
280.98845082526145,-51.650973688967284,5.7210448763941875,-14.64637041593109,-10.550222919014095,-16.068376945127035
281.0037930532364,-51.64789754251563,5.720809534551386,-14.644588995998713,-10.55481205645194,-16.138861810438296
281.019133064371,-51.644819155172975,5.720575208273186,-14.642805962473282,-10.559400636629256,-16.20907547479607
281.0344708575396,-51.64173852736363,5.720341896491363,-14.641021315560879,-10.563988656300333,-16.279018220136653
281.0498064316186,-51.63865565951208,5.720109598137688,-14.639235055469845,-10.568576112220036,-16.348690328396856
281.065139785485,-51.635570552043156,5.71987831214394,-14.6374471824109,-10.573163001143651,-16.418092081513112
281.08047091801717,-51.63248320538184,5.71964803744189,-14.635657696597086,-10.577749319827,-16.48722376142232
281.0957998280948,-51.62939361995345,5.719418772963312,-14.633866598243765,-10.582335065026367,-16.556085650060744
281.111126514599,-51.626301796183405,5.7191905176399835,-14.632073887568563,-10.586920233498619,-16.624678029365427
281.1264509764118,-51.6232077344975,5.718963270403679,-14.630279564791469,-10.591504822001042,-16.69300118127277
281.14177321241664,-51.62011143532171,5.718737030186171,-14.628483630134797,-10.596088827291467,-16.761055387719402
281.15709322149814,-51.617012899082276,5.718511795919235,-14.626686083823156,-10.600672246128198,-16.828840930642002
281.1724110025424,-51.61391212620563,5.718287566534647,-14.62488692608344,-10.605255075270112,-16.896358091977273
281.18772655443644,-51.610809117118485,5.718064340964179,-14.623086157144897,-10.609837311476529,-16.963607153661723
281.20303987606866,-51.60770387224776,5.717842118139608,-14.621283777239064,-10.614418951507295,-17.03058839763185
281.21835096632867,-51.60459639202069,5.717620896992705,-14.6194797865998,-10.618999992122777,-17.09730210582455
281.2336598241076,-51.60148667686462,5.717400676455247,-14.617674185463219,-10.62358043008387,-17.163748560176412
281.2489664482974,-51.59837472720724,5.717181455459008,-14.615866974067787,-10.628160262151956,-17.229928042624074
281.26427083779146,-51.595260543476435,5.716963232935765,-14.61405815265426,-10.632739485088928,-17.295840835103988
281.2795729914845,-51.59214412610036,5.716746007817288,-14.6122477214657,-10.637318095657212,-17.361487219553066
281.29487290827234,-51.58902547550732,5.716529779035355,-14.610435680747429,-10.641896090619754,-17.426867477907553
281.31017058705226,-51.58590459212594,5.716314545521739,-14.608622030747108,-10.64647346674002,-17.4919818921045
281.3254660267225,-51.582781476385094,5.716100306208216,-14.606806771714663,-10.651050220781975,-17.556830744080205
281.3407592261827,-51.57965612871381,5.71588706002656,-14.604989903902355,-10.655626349510111,-17.62141431577151
281.35605018433375,-51.57652854954139,5.7156748059085425,-14.603171427564678,-10.660201849689486,-17.685732889114952
281.37133890007783,-51.5733987392974,5.715463542785943,-14.60135134295846,-10.66477671808562,-17.749786746047057
281.3866253723183,-51.57026669841161,5.715253269590534,-14.599529650342793,-10.6693509514646,-17.813576168504554
281.40190959995965,-51.567132427314036,5.715043985254089,-14.597706349979074,-10.673924546593017,-17.877101438424194
281.417191581908,-51.563995926434885,5.714835688708383,-14.595881442130949,-10.678497500238024,-17.940362837742594
281.4324713170703,-51.56085719620466,5.714628378885191,-14.594054927064393,-10.683069809167272,-18.003360648396246
281.4477488043549,-51.557716237054066,5.714422054716288,-14.592226805047625,-10.68764147014894,-18.066095152321765
281.4630240426714,-51.554573049414046,5.714216715133445,-14.59039707635119,-10.692212479951754,-18.128566631455946
281.4782970309307,-51.55142763371576,5.714012359068444,-14.588565741247828,-10.69678283534498,-18.19077536773507
281.49356776804507,-51.54827999039062,5.713808985453053,-14.586732800012632,-10.70135253309843,-18.25272164309643
281.5088362529276,-51.545130119870265,5.713606593219048,-14.584898252922937,-10.705921569982403,-18.31440573947602
281.5241024844929,-51.54197802258659,5.713405181298206,-14.58306210025837,-10.71048994276775,-18.375827938810495
281.53936646165704,-51.53882369897163,5.713204748622297,-14.581224342300796,-10.715057648225926,-18.436988523036824
281.554628183337,-51.53566714945775,5.713005294123101,-14.57938497933435,-10.71962468312886,-18.49788777409162
281.56988764845113,-51.5325083744775,5.712806816732388,-14.577544011645482,-10.724191044249027,-18.55852597391112
281.58514485591894,-51.5293473744637,5.712609315381935,-14.575701439522875,-10.728756728359462,-18.618903404432555
281.60039980466144,-51.5261841498493,5.7124127890035155,-14.573857263257457,-10.733321732233751,-18.679020347592004
281.61565249360063,-51.523018701067585,5.712217236528904,-14.57201148314245,-10.737886052646015,-18.738877085326294
281.63090292165987,-51.519851028552026,5.712022656889878,-14.570164099473304,-10.742449686370911,-18.798473899572148
281.64615108776366,-51.516681132736345,5.711829049018206,-14.56831511254778,-10.747012630183656,-18.857811072266305
281.661396990838,-51.513509014054435,5.711636411845669,-14.566464522665843,-10.751574880860025,-18.916888885344886
281.6766406298099,-51.51033467294046,5.711444744304037,-14.564612330129737,-10.75613643517633,-18.975707620745027
281.6918820036077,-51.5071581098288,5.711254045325087,-14.562758535243951,-10.76069728990944,-19.034267560403226
281.70712111116086,-51.50397932515412,5.711064313840593,-14.560903138315258,-10.765257441836752,-19.092568986255756
281.72235795140045,-51.50079831935117,5.7108755487823295,-14.55904613965261,-10.769816887736287,-19.15061218023984
281.73759252325846,-51.49761509285506,5.710687749082069,-14.557187539567275,-10.774375624386563,-19.208397424291938
281.75282482566814,-51.49442964610108,5.710500913671589,-14.555327338372754,-10.778933648566646,-19.265925000348197
281.7680548575641,-51.49124197952475,5.710315041482663,-14.553465536384772,-10.783490957056195,-19.3231951903459
281.7832826178822,-51.48805209356177,5.710130131447066,-14.551602133921298,-10.788047546635433,-19.38020827622134
281.79850810555956,-51.484859988648125,5.709946182496571,-14.549737131302566,-10.79260341408511,-19.436964539911067
281.81373131953444,-51.48166566522,5.709763193562954,-14.547870528851028,-10.797158556186574,-19.493464263352077
281.8289522587463,-51.47846912371382,5.709581163577989,-14.546002326891397,-10.801712969721677,-19.549707728480485
281.84417092213624,-51.47527036456619,5.7094000914734515,-14.544132525750586,-10.806266651472932,-19.605695217233453
281.8593873086462,-51.472069388213974,5.709219976181114,-14.542261125757769,-10.810819598223336,-19.6614270115472
281.8746014172194,-51.468866195094265,5.709040816632754,-14.540388127244356,-10.815371806756481,-19.716903393358468
281.88981324680054,-51.46566078564437,5.708862611760143,-14.53851353054398,-10.819923273856523,-19.772124644604105
281.90502279633546,-51.46245316030176,5.708685360495057,-14.53663733599248,-10.82447399630822,-19.827091047220662
281.92023006477115,-51.45924331950423,5.70850906176927,-14.534759543927969,-10.829023970896852,-19.881802883144648
281.93543505105595,-51.45603126368973,5.708333714514558,-14.532880154690762,-10.833573194408284,-19.93626043431251
281.95063775413934,-51.45281699329647,5.708159317662695,-14.530999168623392,-10.838121663628957,-19.990463982661165
281.9658381729723,-51.44960050876281,5.707985870145453,-14.529116586070613,-10.842669375345931,-20.044413810127246
281.9810363065069,-51.44638181052739,5.707813370894611,-14.527232407379417,-10.847216326346775,-20.09811019864724
281.9962321536963,-51.44316089902908,5.70764181884194,-14.525346632898998,-10.851762513419674,-20.151553430157957
282.01142571349516,-51.43993777470695,5.7074712129192156,-14.523459262980799,-10.85630793335336,-20.20474378659574
282.0266169848593,-51.436712438000235,5.707301552058213,-14.521570297978412,-10.860852582937202,-20.25768154989753
282.04180596674576,-51.43348488934847,5.707132835190706,-14.519679738247698,-10.865396458961097,-20.31036700199988
282.05699265811285,-51.43025512919138,5.706965061248469,-14.517787584146737,-10.869939558215531,-20.3628004248392
282.07217705792016,-51.427023157968925,5.706798229163279,-14.515893836035783,-10.874481877491588,-20.414982100352443
282.0873591651285,-51.42378897612121,5.706632337866905,-14.513998494277313,-10.87902341358095,-20.466912310476054
