galstreams/tracks/track.st.New-12.ibata2024.ecsv
# %ECSV 1.0
# ---
# datatype:
# - {name: ra, unit: deg, datatype: float64}
# - {name: dec, unit: deg, datatype: float64}
# - {name: distance, unit: kpc, datatype: float64}
# - {name: pm_ra_cosdec, unit: mas / yr, datatype: float64}
# - {name: pm_dec, unit: mas / yr, datatype: float64}
# - {name: radial_velocity, unit: km / s, datatype: float64}
# delimiter: ','
# meta: !!omap
# - __serialized_columns__:
#     dec:
#       __class__: astropy.coordinates.angles.Latitude
#       unit: &id001 !astropy.units.Unit {unit: deg}
#       value: !astropy.table.SerializedColumn {name: dec}
#     distance:
#       __class__: astropy.coordinates.distances.Distance
#       unit: !astropy.units.Unit {unit: kpc}
#       value: !astropy.table.SerializedColumn {name: distance}
#     pm_dec:
#       __class__: astropy.units.quantity.Quantity
#       unit: !astropy.units.Unit {unit: mas / yr}
#       value: !astropy.table.SerializedColumn {name: pm_dec}
#     pm_ra_cosdec:
#       __class__: astropy.units.quantity.Quantity
#       unit: !astropy.units.Unit {unit: mas / yr}
#       value: !astropy.table.SerializedColumn {name: pm_ra_cosdec}
#     ra:
#       __class__: astropy.coordinates.angles.Longitude
#       unit: *id001
#       value: !astropy.table.SerializedColumn {name: ra}
#       wrap_angle: !astropy.coordinates.Angle
#         unit: *id001
#         value: 360.0
#     radial_velocity:
#       __class__: astropy.units.quantity.Quantity
#       unit: !astropy.units.Unit {unit: km / s}
#       value: !astropy.table.SerializedColumn {name: radial_velocity}
# schema: astropy-2.0
ra,dec,distance,pm_ra_cosdec,pm_dec,radial_velocity
[from data line 144]
159.18398781980878,-45.36818698478167,1.0000000000000007,1.7633658736559887,8.099226047564766,306.98353202001476
159.18792823022667,-45.3573286959628,1.0000000000000007,1.7621178560844744,8.097207739115287,307.0061198305852
159.19187627358366,-45.34647300406283,1.0000000000000007,1.7608719819500447,8.095186050367381,307.026986156899
159.1958319304579,-45.33561990353269,1.0000000000000007,1.7596282476489726,8.09316098634406,307.0461350847876
159.19979518144473,-45.32476938882421,1.0000000000000007,1.7583866495727616,8.091132552070615,307.0635707000829
159.20376600715684,-45.31392145438974,1.0000000000000004,1.7571471841081046,8.089100752574588,307.07929708861656
159.20774438822394,-45.30307609468253,1.0000000000000004,1.7559098476369286,8.08706559288565,307.0933183362203
159.211730305293,-45.29223330415636,1.0000000000000004,1.7546746365362882,8.085027078035697,307.105638528726
159.21572373902796,-45.281393077265975,1.0000000000000007,1.7534415471785092,8.082985213058762,307.11626175196506
159.21972467010988,-45.27055540846664,1.0000000000000007,1.7522105759310413,8.08094000299106,307.12519209176946
159.22373307923678,-45.25972029221462,1.0000000000000007,1.7509817191565311,8.078891452870856,307.13243363397106
159.22774894712364,-45.248887722966764,1.0000000000000007,1.7497549732128235,8.07683956773868,307.1379904644013
159.23177225450235,-45.23805769518088,1.0000000000000004,1.7485303344528837,8.074784352636946,307.141866668892
159.2358029821217,-45.227230203315465,1.0000000000000007,1.747307799224922,8.072725812610386,307.144066333275
159.23984111074734,-45.21640524182995,1.0000000000000007,1.7460873638722365,8.070663952705651,307.1445935433819
159.24388662116166,-45.205582805184434,1.0000000000000007,1.7448690247333047,8.068598777971477,307.14345238504444
159.2479394941639,-45.1947628878401,1.0000000000000004,1.743652778141728,8.066530293458687,307.1406469440945
159.25199971056995,-45.1839454842587,1.0000000000000007,1.7424386204262952,8.064458504220035,307.1361813063636
159.2560672512124,-45.17313058890315,1.0000000000000004,1.7412265479109017,8.062383415310368,307.13005955768347
159.26014209694048,-45.16231819623704,1.0000000000000004,1.7400165569145898,8.060305031786513,307.1222857838861
159.26422422862007,-45.15150830072486,1.0000000000000007,1.7388086437515344,8.05822335870721,307.1128640708031
159.26831362713358,-45.14070089683219,1.0000000000000004,1.7376028047309937,8.056138401133264,307.101798504266
159.27241027338,-45.129895979025285,1.0000000000000004,1.7363990361574029,8.054050164127318,307.08909317010676
159.2765141482746,-45.11909354177158,1.0000000000000004,1.735197334330282,8.051958652754017,307.07475215415695
159.28062523274943,-45.10829357953921,1.0000000000000007,1.733997695544259,8.049863872079936,307.0587795422485
159.2847435077527,-45.097496086797484,1.0000000000000007,1.7328001160890292,8.0477658271735,307.0411794202128
159.28886895424912,-45.08670105801647,1.0000000000000007,1.7316045922494698,8.045664523105046,307.021955873882
159.29300155321963,-45.075908487667434,1.0000000000000009,1.7304111203054848,8.043559964946777,307.0011129890876
159.2971412856616,-45.06511837022242,1.0000000000000007,1.7292196965320805,8.041452157772788,306.97865485166125
159.30128813258852,-45.05433070015466,1.0000000000000007,1.7280303171993818,8.039341106658934,306.95458554743476
159.30544207503027,-45.043545471938224,1.0000000000000009,1.7268429785725044,8.03722681668301,306.92890916224013
159.30960309403272,-45.03276268004839,1.0000000000000009,1.725657676911732,8.035109292924545,306.90162978190864
159.31377117065804,-45.021982318961285,1.0000000000000009,1.724474408472389,8.032988540464885,306.8727514922723
159.31794628598442,-45.01120438315429,1.0000000000000007,1.7232931695048528,8.030864564387166,306.8422783791627
159.32212842110619,-45.00042886710568,1.0000000000000009,1.7221139562545247,8.028737369776284,306.8102145284115
159.32631755713368,-44.98965576529481,1.0000000000000007,1.7209367649619516,8.026606961718919,306.77656402585075
159.33051367519315,-44.978885072202274,1.0000000000000007,1.7197615918626692,8.02447334530348,306.7413309573119
159.334716756427,-44.96811678230956,1.0000000000000007,1.7185884331872199,8.02233652562007,306.7045194086268
159.33892678199334,-44.957350890099455,1.0000000000000007,1.7174172851613108,8.020196507760552,306.6661334656273
159.3431437330663,-44.94658739005567,1.0000000000000009,1.7162481440055508,8.01805329681845,306.6261772141449
159.3473675908359,-44.93582627666325,1.0000000000000007,1.715081005935673,8.015906897888986,306.5846547400111
159.3515983365078,-44.92506754440816,1.0000000000000007,1.7139158671623704,8.01375731606905,306.5415701290583
159.35583595130362,-44.91431118777774,1.0000000000000007,1.7127527238914269,8.011604556457222,306.4969274671176
159.3600804164606,-44.903557201260305,1.0000000000000007,1.7115915723236093,8.00944862415367,306.4507308400214
159.36433171323165,-44.892805579345485,1.0000000000000007,1.7104324086546967,8.007289524260209,306.40298433360067
159.3685898228856,-44.88205631652396,1.0000000000000009,1.7092752290754518,8.005127261880268,306.35369203368754
159.37285472670658,-44.87130940728777,1.0000000000000007,1.7081200297717238,8.00296184211886,306.3028580261137
159.37712640599463,-44.86056484612997,1.0000000000000009,1.706966806924239,8.000793270082653,306.250486396711
159.38140484206502,-44.849822627545066,1.0000000000000007,1.7058155567088544,7.998621550879804,306.1965812313109
159.38569001624884,-44.83908274602852,1.0000000000000009,1.7046662752963293,7.996446689620051,306.14114661574524
159.38998190989247,-44.8283451960773,1.0000000000000009,1.7035189588524435,7.994268691414703,306.0841866358459
159.3942805043579,-44.81760997218944,1.0000000000000009,1.7023736035379162,7.992087561376547,306.0257053774444
159.3985857810225,-44.80687706886425,1.0000000000000007,1.701230205508521,7.989903304619958,305.9657069263726
159.40289772127883,-44.796146480602474,1.0000000000000007,1.7000887609149764,7.987715926260748,305.9041953684622
159.4072163065351,-44.78541820190592,1.0000000000000009,1.6989492659029075,7.985525431416281,305.84117478954477
159.41154151821462,-44.774692227277875,1.0000000000000007,1.6978117166130158,7.983331825205326,305.77664927545237
159.41587333775607,-44.76396855122277,1.0000000000000009,1.6966761091808724,7.981135112748156,305.71062291201645
159.42021174661335,-44.75324716824652,1.0000000000000007,1.6955424397370447,7.978935299166505,305.6430997850689
159.4245567262556,-44.742528072856175,1.0000000000000007,1.6944107044070638,7.9767323895835105,305.5740839804413
159.42890825816704,-44.73181125956035,1.0000000000000007,1.693280899311402,7.974526389123767,305.50357958396546
159.43326632384716,-44.72109672286873,1.0000000000000007,1.6921530205654456,7.972317302913215,305.4315906814732
159.43763090481045,-44.71038445729264,1.0000000000000007,1.6910270642795862,7.970105136079287,305.3581213587961
159.44200198258656,-44.699674457344535,1.0000000000000007,1.689903026559083,7.9678898937507014,305.2831757017661
159.4463795387201,-44.68896671753844,1.0000000000000009,1.6887809035041688,7.965671581057624,305.2067577962146
159.45076355477076,-44.67826123238958,1.0000000000000007,1.6876606912099934,7.963450203131519,305.1288717279735
159.45515401231307,-44.667557996414786,1.0000000000000007,1.6865423857666588,7.961225765105194,305.04952158287455
159.45955089293668,-44.656857004132085,1.0000000000000009,1.6854259832591563,7.958998272112879,304.9687114467496
159.4639541782459,-44.646158250061106,1.0000000000000007,1.6843114797674215,7.956767729289965,304.88644540543004
159.4683638498602,-44.635461728722795,1.0000000000000007,1.6831988713662405,7.954534141773298,304.8027275447478
159.4727798894137,-44.62476743463952,1.0000000000000007,1.682088154125415,7.95229751470092,304.7175619505349
159.4772022785553,-44.61407536233523,1.0000000000000007,1.6809793241095417,7.950057853212172,304.63095270862254
159.48163099894882,-44.60338550633516,1.0000000000000007,1.6798723773781923,7.9478151624476965,304.54290390484266
159.48606603227256,-44.59269786116619,1.0000000000000007,1.6787673099858473,7.945569447549328,304.45341962502727
159.49050736021988,-44.58201242135649,1.0000000000000009,1.6776641179817915,7.943320713660206,304.3625039550077
159.49495496449848,-44.57132918143592,1.0000000000000009,1.676562797410293,7.941068965924629,304.2701609806158
159.49940882683083,-44.56064813593566,1.0000000000000007,1.6754633443105078,7.938814209488193,304.1763947876833
159.50386892895406,-44.54996927938853,1.0000000000000007,1.67436575471638,7.936556449497591,304.08120946204207
159.5083352526198,-44.53929260632874,1.0000000000000009,1.6732700246568122,7.9342956911008145,303.98460908952364
159.51280777959414,-44.52861811129221,1.0000000000000009,1.6721761501555985,7.932031939446951,303.8865977559599
159.51728649165787,-44.517945788816164,1.0000000000000009,1.6710841272313548,7.929765199686276,303.7871795471826
159.52177137060605,-44.50727563343961,1.0000000000000007,1.6699939518975917,7.927495476970247,303.6863585490231
159.5262623982484,-44.49660763970289,1.0000000000000007,1.6689056201626276,7.925222776451406,303.58413884731357
159.53075955640878,-44.48594180214812,1.0000000000000007,1.6678191280297785,7.922947103283445,303.48052452788545
159.53526282692567,-44.47527811531884,1.0000000000000007,1.6667344714970689,7.920668462621222,303.37551967657083
159.53977219165176,-44.46461657376019,1.0000000000000009,1.6656516465574605,7.918386859620636,303.26912837920094
159.54428763245406,-44.45395717201903,1.0000000000000009,1.6645706491987724,7.916102299438656,303.161354721608
159.54880913121394,-44.44329990464364,1.0000000000000007,1.663491475403653,7.913814787233402,303.0522027896233
159.5533366698269,-44.4326447661841,1.0000000000000007,1.662414121149535,7.911524328164003,302.94167666907896
159.5578702302028,-44.421991751191925,1.0000000000000009,1.6613385824087796,7.909230927390688,302.8297804458065
159.56240979426556,-44.411340854220455,1.0000000000000009,1.660264855148581,7.90693459007467,302.71651820563767
159.5669553439533,-44.40069206982448,1.0000000000000009,1.6591929353308927,7.904635321378233,302.60189403440404
159.57150686121827,-44.39004539256063,1.0000000000000007,1.6581228189125863,7.90233312646469,302.4859120179377
159.57606432802683,-44.379400816986994,1.0000000000000007,1.6570545018452947,7.9000280104983,302.36857624207016
159.58062772635932,-44.36875833766353,1.0000000000000007,1.6559879800755297,7.8977199786443855,302.2498907926331
159.58519703821025,-44.358117949151705,1.0000000000000009,1.6549232495445718,7.8954090360692355,302.12985975545837
159.58977224558794,-44.3474796460148,1.0000000000000007,1.6538603061885926,7.893095187940045,302.0084872163777
159.59435333051488,-44.336843422817665,1.0000000000000007,1.6527991459384666,7.890778439425041,301.88577726122276
159.59894027502733,-44.32620927412702,1.0000000000000007,1.6517397647199896,7.888458795693374,301.7617339758253
159.60353306117554,-44.31557719451115,1.0000000000000007,1.650682158453698,7.8861362619151265,301.6363614460169
159.60813167102367,-44.30494717854007,1.0000000000000007,1.649626323054985,7.883810843261312,301.50966375762954
159.61273608664962,-44.29431922078567,1.0000000000000007,1.648572254433967,7.88148254490385,301.3816449964949
159.6173462901452,-44.28369331582139,1.0000000000000009,1.6475199484956597,7.879151372015546,301.2523092484445
159.62196226361593,-44.27306945822259,1.0000000000000007,1.6464694011398269,7.876817329770102,301.1216605993103
159.6265839891812,-44.262447642566215,1.0000000000000007,1.6454206082609684,7.87448042334211,300.98970313492396
159.63121144897391,-44.251827863431195,1.0000000000000007,1.6443735657485021,7.872140657907057,300.85644094111717
159.63584462514095,-44.24121011539799,1.0000000000000007,1.6433282694864904,7.869798038641193,300.72187810372174
159.64048349984256,-44.23059439304907,1.0000000000000007,1.6422847153539148,7.86745257072171,300.5860187085694
159.64512805525288,-44.21998069096846,1.0000000000000009,1.6412428992244248,7.865104259326571,300.4488668414917
159.64977827355952,-44.20936900374227,1.0000000000000009,1.640202816966509,7.862753109634575,300.3104265883204
159.6544341369637,-44.19875932595812,1.0000000000000007,1.639164464443418,7.860399126825332,300.17070203488754
159.65909562768007,-44.18815165220571,1.0000000000000007,1.638127837513208,7.858042316079246,300.0296972670245
159.6637627279371,-44.17754597707635,1.0000000000000007,1.6370929320285974,7.855682682577527,299.88741637056324
159.66843541997636,-44.16694229516337,1.0000000000000009,1.6360597438372242,7.853320231502117,299.74386343133534
159.6731136860532,-44.15634060106178,1.0000000000000009,1.6350282687813564,7.850954968035811,299.59904253517254
159.6777975084362,-44.14574088936859,1.0000000000000009,1.6339985026981072,7.848586897362047,299.4529577679067
159.68248686940743,-44.13514315468257,1.0000000000000007,1.6329704414193191,7.846216024665058,299.3056132153694
159.68718175126233,-44.12454739160431,1.0000000000000007,1.6319440807715697,7.843842355129837,299.15701296339245
159.69188213630963,-44.113953594736465,1.0000000000000007,1.6309194165762086,7.841465893942058,299.0071610978075
159.6965880068714,-44.103361758683334,1.0000000000000009,1.6298964446493631,7.839086646288099,298.85606170444646
159.70129934528305,-44.092771878051366,1.0000000000000009,1.6288751608018543,7.8367046173550605,298.70371886914086
159.70601613389314,-44.08218394744866,1.0000000000000007,1.6278555608392935,7.834319812330744,298.55013667772243
159.7107383550635,-44.07159796148543,1.0000000000000007,1.6268376405620177,7.831932236403592,298.3953192160231
159.71546599116925,-44.061013914773646,1.0000000000000007,1.6258213957651062,7.829541894762755,298.23927056987446
159.72019902459854,-44.05043180192734,1.0000000000000009,1.6248068222383285,7.827148792597988,298.08199482510815
159.72493743775277,-44.03985161756233,1.0000000000000007,1.6237939157662797,7.824752935099742,297.92349606755613
159.72968121304635,-44.029273356296514,1.0000000000000009,1.6227826721282081,7.822354327459056,297.76377838304995
159.73443033290687,-44.018697012749634,1.0000000000000009,1.621773087098152,7.819952974867665,297.6028458574214
159.73918477977492,-44.00812258154348,1.0000000000000007,1.6207651564448255,7.817548882517816,297.44070257650213
159.74394453610424,-43.99755005730169,1.0000000000000007,1.6197588759316695,7.815142055602465,297.27735262612396
159.74870958436134,-43.98697943465001,1.0000000000000009,1.6187542413168998,7.812732499315075,297.1128000921187
159.75347990702593,-43.976410708216015,1.0000000000000009,1.6177512483533913,7.810320218849757,296.94704906031785
159.75825548659054,-43.965843872629435,1.0000000000000007,1.6167498927887696,7.807905219401157,296.7801036165534
159.7630363055607,-43.955278922521856,1.0000000000000007,1.615750170365379,7.805487506164482,296.6119678466568
159.76782234645475,-43.944715852526855,1.0000000000000009,1.6147520768202561,7.80306708433551,296.44264583646003
159.77261359180395,-43.9341546572802,1.0000000000000007,1.6137556078851496,7.800643959110548,296.27214167179477
159.7774100241524,-43.923595331419456,1.0000000000000009,1.612760759286532,7.798218135686476,296.10045943849263
159.78221162605698,-43.913037869584365,1.0000000000000007,1.611767526745549,7.795789619260582,295.92760322238524
159.78701838008737,-43.90248226641661,1.0000000000000009,1.6107759059781,7.793358415030806,295.7535771093047
159.791830268826,-43.89192851656001,1.0000000000000007,1.6097858926947577,7.790924528195497,295.5783851850825
159.79664727486806,-43.88137661466027,1.0000000000000009,1.6087974826007603,7.788487963953536,295.4020315355504
159.8014693808214,-43.870826555365376,1.0000000000000007,1.6078106713961073,7.786048727504255,295.22452024654007
159.80629656930654,-43.860278333325134,1.0000000000000007,1.6068254547754695,7.783606824047478,295.04585540388325
