galstreams/tracks/track.st.Phlegethon.ibata2021.ecsv
# %ECSV 0.9
# ---
# datatype:
# - {name: ra, unit: deg, datatype: float64}
# - {name: dec, unit: deg, datatype: float64}
# - {name: distance, unit: kpc, datatype: float64}
# - {name: pm_ra_cosdec, unit: mas / yr, datatype: float64}
# - {name: pm_dec, unit: mas / yr, datatype: float64}
# - {name: radial_velocity, unit: km / s, datatype: float64}
# delimiter: ','
# meta: !!omap
# - __serialized_columns__:
#     dec:
#       __class__: astropy.coordinates.angles.Latitude
#       unit: &id001 !astropy.units.Unit {unit: deg}
#       value: !astropy.table.SerializedColumn {name: dec}
#     distance:
#       __class__: astropy.coordinates.distances.Distance
#       unit: !astropy.units.Unit {unit: kpc}
#       value: !astropy.table.SerializedColumn {name: distance}
#     pm_dec:
#       __class__: astropy.units.quantity.Quantity
#       unit: !astropy.units.Unit {unit: mas / yr}
#       value: !astropy.table.SerializedColumn {name: pm_dec}
#     pm_ra_cosdec:
#       __class__: astropy.units.quantity.Quantity
#       unit: !astropy.units.Unit {unit: mas / yr}
#       value: !astropy.table.SerializedColumn {name: pm_ra_cosdec}
#     ra:
#       __class__: astropy.coordinates.angles.Longitude
#       unit: *id001
#       value: !astropy.table.SerializedColumn {name: ra}
#       wrap_angle: !astropy.coordinates.Angle
#         unit: *id001
#         value: 360.0
#     radial_velocity:
#       __class__: astropy.units.quantity.Quantity
#       unit: !astropy.units.Unit {unit: km / s}
#       value: !astropy.table.SerializedColumn {name: radial_velocity}
# schema: astropy-2.0
ra,dec,distance,pm_ra_cosdec,pm_dec,radial_velocity
[from data line 6066]
325.373293973271,11.98373090619276,3.985695526737796,1.2277831192432385,-22.379802158207017,-1.6841534259744676e-14
325.3739254394581,11.993842161460176,3.9862617516900176,1.2283108182372533,-22.37324807420877,-5.0524602779234026e-14
325.37455697637444,12.003953409668707,3.986828237923975,1.2288379527856552,-22.366693233151953,-3.368306851948935e-14
325.3751885842057,12.0140646508009,3.9873949854900723,1.2293645226477758,-22.36013763547729,0.0
325.3758202631379,12.024175884839316,3.987961994438716,1.2298905275829246,-22.353581281625527,-1.6841534259744676e-14
325.3764520133568,12.034287111766497,3.9885292648203072,1.2304159673503983,-22.34702417203741,0.0
325.3770838350482,12.044398331565002,3.9890967966852493,1.2309408417094883,-22.340466307153708,-1.6841534259744676e-14
325.3777157283982,12.05450954421736,3.989664590083948,1.231465150419469,-22.33390768741516,1.6841534259744676e-14
325.3783476935927,12.064620749706142,3.990232645066806,1.2319888932395895,-22.327348313262547,3.368306851948935e-14
325.3789797308178,12.074731948013893,3.9908009616842275,1.2325120699291006,-22.32078818513662,3.368306851948935e-14
325.3796118402594,12.084843139123162,3.9913695399866156,1.2330346802472434,-22.314227303478145,-5.0524602779234026e-14
325.3802440221037,12.094954323016507,3.991938380024374,1.233556723953231,-22.307665668727907,0.0
325.38087627653687,12.105065499676458,3.992507481847908,1.2340782008062716,-22.301103281326665,3.368306851948935e-14
325.3815086037451,12.115176669085606,3.9930768455076207,1.2345991105655638,-22.294540141715206,-3.368306851948935e-14
325.38214100391446,12.125287831226457,3.993646471053916,1.235119452990288,-22.287976250334324,0.0
325.3827734772314,12.135398986081604,3.9942163585371957,1.235639227839616,-22.281411607624804,-8.420767129872338e-14
325.3834060238821,12.145510133633564,3.9947865080078664,1.2361584348727057,-22.27484621402742,-1.6841534259744676e-14
325.3840386440529,12.155621273864918,3.99535691951633,1.236677073848702,-22.268280069982985,-5.0524602779234026e-14
325.38467133793023,12.165732406758206,3.9959275931129916,1.2371951445267357,-22.261713175932293,-1.6841534259744676e-14
325.3853041057005,12.17584353229599,3.9964985288482535,1.237712646665927,-22.25514553231615,-1.6841534259744676e-14
325.3859369475502,12.185954650460816,3.997069726772522,1.2382295800253902,-22.248577139575357,-3.368306851948935e-14
325.3865698636657,12.19606576123523,3.9976411869361983,1.2387459443642097,-22.242007998150733,5.0524602779234026e-14
325.3872028542337,12.206176864601806,3.9982129093896877,1.239261739441485,-22.235438108483077,0.0
325.3878359194407,12.216287960543092,3.9987848941833932,1.2397769650162724,-22.228867471013224,0.0
325.38846905947327,12.226399049041632,3.99935714136772,1.2402916208476449,-22.22229608618198,-1.6841534259744676e-14
325.38910227451817,12.236510130079994,3.999929650993069,1.2408057066946414,-22.2157239544302,-1.6841534259744676e-14
325.389735564762,12.246621203640728,4.000502423109847,1.2413192223163039,-22.20915107619869,-1.6841534259744676e-14
325.3903689303917,12.256732269706385,4.001075457768456,1.2418321674716533,-22.20257745192828,0.0
325.3910023715938,12.266843328259535,4.001648755019302,1.2423445419197012,-22.19600308205982,-1.6841534259744676e-14
325.3916358885553,12.276954379282717,4.002222314912785,1.2428563454194543,-22.18942796703415,-5.0524602779234026e-14
325.392269481463,12.2870654227585,4.0027961374993115,1.2433675777298967,-22.182852107292117,-8.420767129872338e-14
325.3929031505038,12.29717645866943,4.003370222829285,1.243878238610012,-22.176275503274557,0.0
325.39353689586466,12.30728748699808,4.003944570953109,1.2443883278187635,-22.169698155422335,-1.6841534259744676e-14
325.3941707177326,12.317398507726985,4.004519181921188,1.2448978451151027,-22.16312006417631,1.6841534259744676e-14
325.3948046162946,12.327509520838728,4.005094055783925,1.2454067902579786,-22.156541229977325,-3.368306851948935e-14
325.39543859173773,12.337620526315842,4.005669192591723,1.2459151630063237,-22.14996165326626,-3.368306851948935e-14
325.39607264424916,12.347731524140906,4.006244592394987,1.2464229631190546,-22.14338133448398,0.0
325.3967067740159,12.357842514296461,4.006820255244122,1.2469301903550878,-22.136800274071344,1.6841534259744676e-14
325.3973409812254,12.36795349676509,4.007396181189529,1.2474368444733201,-22.130218472469252,-3.368306851948935e-14
325.3979752660647,12.378064471529314,4.007972370281615,1.247942925232635,-22.12363593011857,3.368306851948935e-14
325.39860962872103,12.388175438571725,4.008548822570779,1.2484484323919223,-22.117052647460184,-8.420767129872338e-14
325.3992440693819,12.39828639787486,4.009125538107429,1.2489533657100318,-22.110468624934974,1.6841534259744676e-14
325.3998785882345,12.4083973494213,4.009702516941967,1.2494577249458374,-22.103883862983828,1.6841534259744676e-14
325.40051318546637,12.418508293193582,4.010279759124799,1.2499615098581713,-22.09729836204765,3.368306851948935e-14
325.4011478612649,12.428619229174288,4.010857264706327,1.2504647202058683,-22.09071212256734,-1.6841534259744676e-14
325.40178261581747,12.438730157345955,4.011435033736952,1.2509673557477634,-22.084125144983794,-1.0104920555846805e-13
325.40241744931177,12.448841077691167,4.012013066267084,1.2514694162426583,-22.077537429737916,-1.6841534259744676e-14
325.4030523619353,12.45895199019247,4.012591362347122,1.2519709014493596,-22.070948977270614,1.6841534259744676e-14
325.4036873538756,12.469062894832426,4.013169922027472,1.2524718111266602,-22.06435978802282,0.0
325.40432242532046,12.479173791593595,4.013748745358536,1.2529721450333462,-22.057769862435432,-1.6841534259744676e-14
325.4049575764575,12.489284680458551,4.01432783239072,1.2534719029281831,-22.051179200949367,1.6841534259744676e-14
325.4055928074745,12.499395561409836,4.014907183174427,1.2539710845699361,-22.044587804005566,-5.0524602779234026e-14
325.40622811855917,12.509506434430035,4.015486797760059,1.2544696897173555,-22.037995672044953,-5.0524602779234026e-14
325.4068635098994,12.51961729950169,4.0160666761980215,1.2549677181291838,-22.03140280550845,-3.368306851948935e-14
325.407498981683,12.529728156607375,4.016646818538719,1.2554651695641599,-22.02480920483701,-3.368306851948935e-14
325.4081345340979,12.539839005729641,4.017227224832554,1.2559620437809937,-22.018214870471557,0.0
325.4087701673321,12.549949846851064,4.0178078951299305,1.2564583405384009,-22.01161980285303,0.0
325.4094058815735,12.560060679954203,4.018388829481253,1.2569540595950854,-22.00502400242239,-1.6841534259744676e-14
325.41004167701016,12.570171505021602,4.018970027936924,1.257449200709744,-21.9984274696206,-1.6841534259744676e-14
325.4106775538303,12.580282322035849,4.019551490547348,1.257943763641049,-21.991830204888583,3.368306851948935e-14
325.4113135122218,12.590393130979509,4.02013321736293,1.2584377481476836,-21.985232208667313,3.368306851948935e-14
325.41194955237296,12.600503931835135,4.020715208434072,1.258931153988312,-21.97863348139776,0.0
325.41258567447204,12.610614724585288,4.0212974638111785,1.2594239809215777,-21.972034023520877,0.0
325.41322187870713,12.620725509212532,4.021879983544653,1.2599162287061398,-21.96543383547764,-3.368306851948935e-14
325.4138581652667,12.630836285699447,4.0224627676849,1.2604078971006216,-21.95883291770902,-1.6841534259744676e-14
325.4144945343389,12.64094705402858,4.023045816282322,1.260898985863657,-21.952231270655986,0.0
325.4151309861122,12.651057814182504,4.0236291293873245,1.2613894947538644,-21.945628894759533,3.368306851948935e-14
325.41576752077515,12.661168566143779,4.02421270705031,1.2618794235298445,-21.939025790460633,-1.6841534259744676e-14
325.41640413851604,12.67127930989498,4.024796549321683,1.2623687719502024,-21.932421958200283,0.0
325.4170408395234,12.681390045418661,4.025380656251847,1.2628575397735307,-21.92581739841948,3.368306851948935e-14
325.41767762398587,12.691500772697406,4.025965027891205,1.2633457267584032,-21.919212111559204,0.0
325.4183144920919,12.701611491713756,4.026549664290162,1.2638333326633986,-21.912606098060458,-5.0524602779234026e-14
325.41895144403026,12.711722202450293,4.0271345654991215,1.26432035724708,-21.90599935836426,-3.368306851948935e-14
325.4195884799896,12.721832904889574,4.027719731568488,1.2648068002679984,-21.89939189291159,0.0
325.4202256001587,12.73194359901418,4.028305162548663,1.2652926614847044,-21.892783702143486,-1.6841534259744676e-14
325.42086280472614,12.742054284806674,4.028890858490053,1.2657779406557377,-21.88617478650093,-1.6841534259744676e-14
325.421500093881,12.7521649622496,4.02947681944306,1.2662626375396195,-21.87956514642498,-5.0524602779234026e-14
325.42213746781187,12.762275631325554,4.030063045458089,1.2667467518948827,-21.87295478235662,5.0524602779234026e-14
325.4227749267078,12.772386292017085,4.030649536585543,1.2672302834800266,-21.866343694736894,5.0524602779234026e-14
325.42341247075774,12.782496944306782,4.031236292875825,1.2677132320535698,-21.859731884006834,3.368306851948935e-14
325.4240501001506,12.792607588177182,4.0318233143793405,1.268195597373998,-21.853119350607464,0.0
325.4246878150756,12.802718223610878,4.032410601146491,1.2686773791998018,-21.84650609497982,1.6841534259744676e-14
325.4253256157216,12.812828850590424,4.032998153227685,1.2691585772894591,-21.83989211756494,-1.6841534259744676e-14
325.4259635022778,12.822939469098397,4.033585970673322,1.269639191401448,-21.83327741880386,1.6841534259744676e-14
325.4266014749333,12.833050079117367,4.034174053533805,1.2701192212942314,-21.826661999137656,1.6841534259744676e-14
325.42723953387747,12.843160680629884,4.034762401859542,1.2705986667262588,-21.820045859007358,-3.368306851948935e-14
325.4278776792995,12.853271273618537,4.035351015700934,1.271077527455985,-21.81342899885401,1.6841534259744676e-14
325.4285159113886,12.863381858065884,4.035939895108386,1.2715558032418477,-21.80681141911868,6.73661370389787e-14
325.42915423033423,12.873492433954508,4.036529040132298,1.2720334938422835,-21.800193120242447,-1.6841534259744676e-14
325.4297926363257,12.883603001266962,4.03711845082308,1.2725105990157137,-21.79357410266636,-3.368306851948935e-14
325.4304311295525,12.893713559985809,4.037708127231132,1.2729871185205524,-21.786954366831473,5.0524602779234026e-14
325.43106971020404,12.903824110093645,4.038298069406858,1.2734630521152186,-21.780333913178882,5.0524602779234026e-14
325.4317083784699,12.913934651573026,4.038888277400663,1.2739383995581097,-21.77371274214966,0.0
325.43234713453967,12.92404518440652,4.039478751262949,1.2744131606076254,-21.76709085418487,3.368306851948935e-14
325.43298597860286,12.93415570857669,4.040069491044121,1.27488733502215,-21.760468249725623,1.6841534259744676e-14
325.4336249108493,12.944266224066125,4.040660496794583,1.27536092256006,-21.753844929212978,1.6841534259744676e-14
325.4342639314685,12.954376730857385,4.041251768564741,1.2758339229797402,-21.74722089308803,0.0
325.4349030406503,12.964487228933045,4.041843306404991,1.2763063360395555,-21.740596141791897,0.0
325.4355422385845,12.974597718275664,4.042435110365748,1.2767781614978562,-21.73397067576564,-1.6841534259744676e-14
325.43618152546094,12.984708198867825,4.043027180497406,1.2772493991130045,-21.7273444954504,-3.368306851948935e-14
325.43682090146945,12.99481867069209,4.043619516850374,1.2777200486433429,-21.720717601287244,3.368306851948935e-14
325.43746036680005,13.004929133731036,4.044212119475055,1.2781901098472104,-21.71408999371731,1.6841534259744676e-14
325.4380999216426,13.015039587967236,4.04480498842185,1.2786595824829436,-21.707461673181697,6.73661370389787e-14
325.4387395661872,13.025150033383266,4.045398123741167,1.2791284663088658,-21.700832640121515,0.0
325.4393793006239,13.035260469961674,4.045991525483407,1.2795967610832957,-21.694202894977902,1.6841534259744676e-14
325.4400191251429,13.045370897685064,4.0465851936989745,1.2800644665645409,-21.68757243819196,1.6841534259744676e-14
325.4406590399342,13.05548131653599,4.047179128438274,1.2805315825109167,-21.680941270204826,-1.6841534259744676e-14
325.44129904518803,13.06559172649702,4.04777332975171,1.2809981086807214,-21.67430939145762,0.0
325.44193914109474,13.075702127550727,4.048367797689682,1.2814640448322452,-21.667676802391505,6.73661370389787e-14
325.4425793278445,13.085812519679703,4.048962532302599,1.281929390723776,-21.661043503447583,-1.6841534259744676e-14
325.4432196056278,13.095922902866503,4.049557533640861,1.282394146113592,-21.65440949506702,5.0524602779234026e-14
325.4438599746349,13.106033277093703,4.050152801754877,1.2828583107599776,-21.64777477769093,-1.6841534259744676e-14
325.4445004350563,13.116143642343882,4.050748336695044,1.2833218844211949,-21.641139351760497,-1.6841534259744676e-14
325.4451409870824,13.12625399859959,4.05134413851177,1.2837848668555087,-21.634503217716848,-3.368306851948935e-14
325.44578163090387,13.136364345843427,4.051940207255458,1.2842472578211739,-21.627866376001137,3.368306851948935e-14
325.44642236671115,13.146474684057967,4.052536542976511,1.2847090570764457,-21.621228827054548,1.6841534259744676e-14
325.4470631946949,13.156585013225763,4.053133145725332,1.285170264379569,-21.61459057131821,0.0
325.4477041150458,13.166695333329397,4.053730015552329,1.2856308794887799,-21.607951609233307,0.0
325.44834512795455,13.17680564435143,4.054327152507901,1.2860909021623155,-21.601311941241004,8.420767129872338e-14
325.4489862336119,13.186915946274482,4.054924556642455,1.286550332158404,-21.594671567782484,-3.368306851948935e-14
325.4496274322086,13.197026239081067,4.055522228006395,1.2870091692352699,-21.588030489298887,1.6841534259744676e-14
325.4502687239356,13.207136522753807,4.05612016665012,1.2874674131511303,-21.581388706231433,1.6841534259744676e-14
325.45091010898375,13.21724679727523,4.056718372624038,1.2879250636641975,-21.5747462190213,5.0524602779234026e-14
325.4515515875441,13.227357062627963,4.057316845978553,1.288382120532671,-21.568103028109654,3.368306851948935e-14
325.4521931598074,13.237467318794534,4.057915586764068,1.2888385835147687,-21.5614591339377,-3.368306851948935e-14
325.45283482596494,13.247577565757545,4.058514595030986,1.2892944523686691,-21.554814536946623,0.0
325.4534765862076,13.257687803499568,4.059113870829711,1.2897497268525795,-21.548169237577625,1.6841534259744676e-14
325.45411844072675,13.267798032003151,4.059713414210648,1.290204406724675,-21.5415232362719,-1.6841534259744676e-14
325.4547603897134,13.277908251250906,4.0603132252242,1.2906584917431418,-21.53487653347066,1.6841534259744676e-14
325.4554024333587,13.288018461225384,4.06091330392077,1.2911119816661607,-21.52822912961511,3.368306851948935e-14
325.4560445718541,13.298128661909173,4.061513650350763,1.2915648762518979,-21.52158102514646,-1.6841534259744676e-14
325.45668680539086,13.308238853284836,4.062114264564581,1.29201717525852,-21.514932220505933,3.368306851948935e-14
325.4573291341603,13.31834903533495,4.062715146612631,1.2924688784441973,-21.50828271613473,5.0524602779234026e-14
325.45797155835396,13.328459208042107,4.063316296545314,1.2929199855670774,-21.501632512474078,1.6841534259744676e-14
325.4586140781632,13.338569371388866,4.0639177144130345,1.2933704963853188,-21.494981609965212,3.368306851948935e-14
325.45925669377954,13.348679525357808,4.064519400266198,1.2938204106570694,-21.488330009049342,6.73661370389787e-14
325.4598994053946,13.358789669931502,4.065121354155205,1.294269728140473,-21.48167771016772,5.0524602779234026e-14
325.4605422131999,13.368899805092537,4.065723576130462,1.2947184485936727,-21.475024713761563,-5.0524602779234026e-14
325.4611851173871,13.379009930823472,4.066326066242372,1.2951665717748062,-21.468371020272123,-5.0524602779234026e-14
325.46182811814805,13.389120047106895,4.066928824541339,1.295614097441996,-21.461716630140625,5.0524602779234026e-14
325.4624712156744,13.399230153925375,4.067531851077765,1.2960610253533762,-21.455061543808345,0.0
