galstreams/tracks/track.ep.Lethe.grillmair2009.ecsv
# %ECSV 0.9
# ---
# datatype:
# - {name: ra, unit: deg, datatype: float64}
# - {name: dec, unit: deg, datatype: float64}
# - {name: distance, unit: kpc, datatype: float64}
# - {name: pm_ra_cosdec, unit: mas / yr, datatype: float64}
# - {name: pm_dec, unit: mas / yr, datatype: float64}
# - {name: radial_velocity, unit: km / s, datatype: float64}
# delimiter: ','
# meta: !!omap
# - __serialized_columns__:
#     dec:
#       __class__: astropy.coordinates.angles.Latitude
#       unit: &id001 !astropy.units.Unit {unit: deg}
#       value: !astropy.table.SerializedColumn {name: dec}
#     distance:
#       __class__: astropy.coordinates.distances.Distance
#       unit: !astropy.units.Unit {unit: kpc}
#       value: !astropy.table.SerializedColumn {name: distance}
#     pm_dec:
#       __class__: astropy.units.quantity.Quantity
#       unit: !astropy.units.Unit {unit: mas / yr}
#       value: !astropy.table.SerializedColumn {name: pm_dec}
#     pm_ra_cosdec:
#       __class__: astropy.units.quantity.Quantity
#       unit: !astropy.units.Unit {unit: mas / yr}
#       value: !astropy.table.SerializedColumn {name: pm_ra_cosdec}
#     ra:
#       __class__: astropy.coordinates.angles.Longitude
#       unit: *id001
#       value: !astropy.table.SerializedColumn {name: ra}
#       wrap_angle: !astropy.coordinates.Angle
#         unit: *id001
#         value: 360.0
#     radial_velocity:
#       __class__: astropy.units.quantity.Quantity
#       unit: !astropy.units.Unit {unit: km / s}
#       value: !astropy.table.SerializedColumn {name: radial_velocity}
# schema: astropy-2.0
ra,dec,distance,pm_ra_cosdec,pm_dec,radial_velocity
171.00000000000003,18.000000000000018,13.000000000000002,0.0,0.0,0.0
171.40782301623452,18.12764365830979,13.000000000000002,0.0,0.0,0.0
171.8162393462928,18.254427727219166,13.0,0.0,0.0,0.0
172.22525024027345,18.38034450903602,13.0,0.0,0.0,0.0
172.6348568304154,18.50538631961533,13.000000000000002,0.0,0.0,0.0
173.0450601298169,18.629545489214262,13.000000000000002,0.0,0.0,0.0
173.45586103116975,18.75281436336426,13.000000000000002,0.0,0.0,0.0
173.86726030550906,18.875185303759718,13.0,0.0,0.0,0.0
174.27925860098074,18.99665068916352,13.0,0.0,0.0,0.0
174.6918564416269,19.117202916329074,13.0,0.0,0.0,0.0
175.10505422619062,19.236834400938736,13.000000000000002,0.0,0.0,0.0
175.51885222694173,19.35553757855884,13.0,0.0,0.0,0.0
175.9332505885236,19.473304905610643,13.000000000000002,0.0,0.0,0.0
176.34824932682326,19.59012886035747,12.999999999999998,0.0,0.0,0.0
176.7638483278652,19.70600194390764,12.999999999999998,0.0,0.0,0.0
177.18004734673056,19.82091668123317,13.000000000000002,0.0,0.0,0.0
177.59684600650294,19.934865622203883,13.0,0.0,0.0,0.0
178.01424379724116,20.04784134263686,13.000000000000002,0.0,0.0,0.0
178.43224007498137,20.159836445360796,13.0,0.0,0.0,0.0
178.8508340607692,20.27084356129533,13.000000000000002,0.0,0.0,0.0
179.2700248397229,20.380855350544824,12.999999999999998,0.0,0.0,0.0
179.6898113601294,20.489864503506375,13.0,0.0,0.0,0.0
180.1101924325737,20.59786374199192,13.000000000000002,0.0,0.0,0.0
180.53116672910352,20.70484582036382,13.000000000000002,0.0,0.0,0.0
180.9527327824302,20.810803526684026,13.0,0.0,0.0,0.0
181.37488898516727,20.915729683876126,13.0,0.0,0.0,0.0
181.79763358910733,21.01961715090004,12.999999999999998,0.0,0.0,0.0
182.22096470453948,21.122458823939052,13.000000000000002,0.0,0.0,0.0
182.64488029960742,21.224247637598808,12.999999999999998,0.0,0.0,0.0
183.06937819971077,21.324976566117712,13.000000000000002,0.0,0.0,0.0
183.49445608694933,21.424638624588507,13.0,0.0,0.0,0.0
183.92011149961297,21.523226870190516,13.0,0.0,0.0,0.0
184.3463418317171,21.62073440343198,12.999999999999998,0.0,0.0,0.0
184.77314433258596,21.717154369402383,13.000000000000002,0.0,0.0,0.0
185.20051610648426,21.81247995903384,13.000000000000002,0.0,0.0,0.0
185.62845411229844,21.90670441037135,13.000000000000002,0.0,0.0,0.0
186.0569551632689,21.999821009851306,13.0,0.0,0.0,0.0
186.48601592677446,22.091823093587795,13.0,0.0,0.0,0.0
186.91563292416959,22.18270404866603,13.000000000000002,0.0,0.0,0.0
187.34580253067605,22.272457314442462,13.000000000000002,0.0,0.0,0.0
187.77652097533,22.361076383850996,12.999999999999998,0.0,0.0,0.0
188.2077843409848,22.448554804714583,13.0,0.0,0.0,0.0
188.6395885643722,22.5348861810619,13.0,0.0,0.0,0.0
189.07192943622107,22.620064174448082,13.000000000000002,0.0,0.0,0.0
189.5048026014357,22.704082505279267,13.0,0.0,0.0,0.0
189.93820355933434,22.786934954140065,13.000000000000002,0.0,0.0,0.0
190.37212766394876,22.86861536312335,13.000000000000002,0.0,0.0,0.0
190.80657012438618,22.949117637161844,13.000000000000002,0.0,0.0,0.0
191.2415260052535,23.028435745360564,13.0,0.0,0.0,0.0
191.6769902271453,23.106563722329714,13.000000000000004,0.0,0.0,0.0
192.11295756719596,23.18349566951702,13.0,0.0,0.0,0.0
192.54942265969743,23.259225756539124,13.0,0.0,0.0,0.0
192.98637999678166,23.33374822251106,13.000000000000002,0.0,0.0,0.0
193.42382392917,23.407057377373125,13.0,0.0,0.0,0.0
193.8617486669889,23.479147603214518,13.0,0.0,0.0,0.0
194.30014828065308,23.550013355592828,12.999999999999998,0.0,0.0,0.0
194.73901670181664,23.61964916484882,13.000000000000002,0.0,0.0,0.0
195.1783477243917,23.688049637415467,13.000000000000002,0.0,0.0,0.0
195.61813500563596,23.755209457120763,13.000000000000002,0.0,0.0,0.0
196.05837206730854,23.821123386483247,13.0,0.0,0.0,0.0
196.49905229689526,23.885786267999695,13.0,0.0,0.0,0.0
196.94016894890248,23.94919302542405,13.000000000000002,0.0,0.0,0.0
197.38171514622044,24.011338665036813,13.000000000000002,0.0,0.0,0.0
197.82368388155578,24.07221827690411,12.999999999999998,0.0,0.0,0.0
198.26606801893274,24.131827036125618,13.000000000000002,0.0,0.0,0.0
198.70886029526451,24.190160204070672,12.999999999999998,0.0,0.0,0.0
199.15205332199238,24.24721312960148,12.999999999999998,0.0,0.0,0.0
199.59563958679445,24.30298125028294,12.999999999999998,0.0,0.0,0.0
200.0396114553619,24.357460093577995,12.999999999999998,0.0,0.0,0.0
200.4839611732444,24.41064527802802,12.999999999999998,0.0,0.0,0.0
200.92868086776244,24.46253251441709,13.0,0.0,0.0,0.0
201.37376254998665,24.513117606919664,13.0,0.0,0.0,0.0
201.8191981167845,24.56239645423069,13.0,0.0,0.0,0.0
202.26497935293193,24.61036505067736,13.0,0.0,0.0,0.0
202.71109793329137,24.657019487311896,13.000000000000002,0.0,0.0,0.0
203.15754542505326,24.702355952984394,13.0,0.0,0.0,0.0
203.6043132900419,24.746370735395082,13.000000000000002,0.0,0.0,0.0
204.05139288708332,24.789060222125197,13.000000000000004,0.0,0.0,0.0
204.498775474436,24.830420901645763,13.0,0.0,0.0,0.0
204.94645221228123,24.87044936430349,13.0,0.0,0.0,0.0
205.3944141652737,24.909142303283144,13.0,0.0,0.0,0.0
205.84265230515047,24.94649651554561,13.0,0.0,0.0,0.0
206.29115751339666,24.982508902740935,13.0,0.0,0.0,0.0
206.7399205839679,25.01717647209582,13.0,0.0,0.0,0.0
207.1889322260664,25.050496337274648,13.0,0.0,0.0,0.0
207.63818306697075,25.082465719213673,13.000000000000002,0.0,0.0,0.0
208.08766365491675,25.113081946927473,13.0,0.0,0.0,0.0
208.53736446202848,25.142342458287267,13.0,0.0,0.0,0.0
208.9872758872981,25.170244800770355,13.0,0.0,0.0,0.0
209.43738825961182,25.19678663218018,13.000000000000002,0.0,0.0,0.0
209.887691840821,25.221965721336424,13.000000000000002,0.0,0.0,0.0
210.33817682885643,25.245779948734565,12.999999999999998,0.0,0.0,0.0
210.78883336088438,25.268227307174516,13.0,0.0,0.0,0.0
211.23965151650134,25.289305902357647,13.000000000000002,0.0,0.0,0.0
211.69062132096687,25.30901395345191,12.999999999999998,0.0,0.0,0.0
212.1417327484715,25.327349793624464,12.999999999999998,0.0,0.0,0.0
212.59297572543866,25.344311870541546,13.000000000000002,0.0,0.0,0.0
213.04434013385765,25.35989874683502,13.0,0.0,0.0,0.0
213.4958158146459,25.374109100535353,12.999999999999998,0.0,0.0,0.0
213.94739257103856,25.386941725470553,13.0,0.0,0.0,0.0
214.39906017200295,25.398395531630957,13.0,0.0,0.0,0.0
214.8508083556758,25.408469545499326,13.0,0.0,0.0,0.0
215.30262683282115,25.41716291034611,13.0,0.0,0.0,0.0
215.75450529030604,25.424474886489712,13.0,0.0,0.0,0.0
216.20643339459275,25.430404851521363,13.0,0.0,0.0,0.0
216.65840079524418,25.434952300494555,13.0,0.0,0.0,0.0
217.1103971284409,25.43811684607892,13.0,0.0,0.0,0.0
217.56241202050686,25.43989821867822,13.000000000000002,0.0,0.0,0.0
218.01443509144184,25.440296266512604,12.999999999999998,0.0,0.0,0.0
218.4664559584583,25.439310955664897,12.999999999999998,0.0,0.0,0.0
218.9184642395198,25.436942370090932,13.0,0.0,0.0,0.0
219.37044955687912,25.433190711593987,13.0,0.0,0.0,0.0
219.82240154061333,25.428056299763163,13.0,0.0,0.0,0.0
220.27430983215385,25.421539571875986,13.000000000000002,0.0,0.0,0.0
220.7261640878088,25.413641082765157,13.0,0.0,0.0,0.0
221.17795398227523,25.40436150464956,12.999999999999998,0.0,0.0,0.0
221.62966921213936,25.393701626929776,13.0,0.0,0.0,0.0
222.08129949936188,25.381662355948126,13.0,0.0,0.0,0.0
222.53283459474656,25.368244714713587,13.0,0.0,0.0,0.0
222.98426428138967,25.353449842591623,13.000000000000002,0.0,0.0,0.0
223.43557837810758,25.3372789949594,13.000000000000002,0.0,0.0,0.0
223.88676674284113,25.31973354282644,13.000000000000002,0.0,0.0,0.0
224.33781927603377,25.300814972421186,13.000000000000002,0.0,0.0,0.0
224.78872592398184,25.28052488474372,12.999999999999998,0.0,0.0,0.0
225.23947668215442,25.25886499508503,13.0,0.0,0.0,0.0
225.69006159848107,25.235837132513215,13.0,0.0,0.0,0.0
226.14047077660516,25.211443239326968,12.999999999999998,0.0,0.0,0.0
226.59069437910077,25.18568537047687,13.000000000000002,0.0,0.0,0.0
227.04072263065135,25.15856569295488,13.0,0.0,0.0,0.0
227.4905458211881,25.130086485152532,13.0,0.0,0.0,0.0
227.9401543089861,25.100250136188322,13.0,0.0,0.0,0.0
228.38953852371668,25.069059145204825,13.0,0.0,0.0,0.0
228.8386889694539,25.036516120636122,12.999999999999998,0.0,0.0,0.0
229.28759622763377,25.002623779445997,12.999999999999998,0.0,0.0,0.0
229.7362509599643,24.967384946337614,13.0,0.0,0.0,0.0
230.18464391128478,24.930802552935216,13.0,0.0,0.0,0.0
230.63276591237306,24.89287963693846,13.000000000000002,0.0,0.0,0.0
231.08060788269896,24.853619341250067,13.000000000000002,0.0,0.0,0.0
231.52816083312274,24.813024913077427,13.0,0.0,0.0,0.0
231.97541586853694,24.771099703008815,12.999999999999998,0.0,0.0,0.0
232.42236419045068,24.727847164064933,13.000000000000002,0.0,0.0,0.0
232.86899709951476,24.68327085072649,13.000000000000002,0.0,0.0,0.0
233.31530599798708,24.63737441793848,13.0,0.0,0.0,0.0
233.7612823921366,24.590161620091923,12.999999999999998,0.0,0.0,0.0
234.20691789458473,24.541636309983833,13.0,0.0,0.0,0.0
234.65220422658462,24.491802437756142,12.999999999999998,0.0,0.0,0.0
235.09713322023532,24.440664049814245,13.0,0.0,0.0,0.0
235.54169682063196,24.388225287726144,13.000000000000002,0.0,0.0,0.0
235.98588708794955,24.33449038710275,13.0,0.0,0.0,0.0
236.4296961994616,24.27946367646022,13.0,0.0,0.0,0.0
236.87311645149092,24.223149576065172,13.000000000000002,0.0,0.0,0.0
237.3161402612934,24.165552596763437,13.0,0.0,0.0,0.0
237.75876016887418,24.106677338793254,13.0,0.0,0.0,0.0
238.20096883873558,24.046528490583672,12.999999999999998,0.0,0.0,0.0
238.64275906155586,23.985110827538904,13.0,0.0,0.0,0.0
239.08412375579996,23.922429210809593,13.0,0.0,0.0,0.0
239.525055969261,23.858488586051575,13.000000000000002,0.0,0.0,0.0
239.9655488805321,23.79329398217312,12.999999999999998,0.0,0.0,0.0
240.4055958004099,23.726850510071394,12.999999999999998,0.0,0.0,0.0
240.84519017322816,23.659163361358875,13.0,0.0,0.0,0.0
241.28432557812258,23.59023780708069,13.0,0.0,0.0,0.0
241.72299573022633,23.520079196423442,13.000000000000002,0.0,0.0,0.0
242.16119448179734,23.448692955416508,13.0,0.0,0.0,0.0
242.59891582327603,23.376084585626487,13.000000000000002,0.0,0.0,0.0
243.03615388427576,23.302259662845625,13.000000000000002,0.0,0.0,0.0
243.47290293450456,23.22722383577499,13.0,0.0,0.0,0.0
243.9091573846201,23.150982824703064,13.000000000000002,0.0,0.0,0.0
244.34491178701646,23.073542420180683,13.0,0.0,0.0,0.0
244.78016083654603,22.994908481692917,12.999999999999998,0.0,0.0,0.0
245.2148993711736,22.915086936328763,12.999999999999998,0.0,0.0,0.0
245.64912237256632,22.834083777449226,13.0,0.0,0.0,0.0
246.08282496661883,22.751905063354645,12.999999999999998,0.0,0.0,0.0
246.51600242391385,22.668556915951946,13.0,0.0,0.0,0.0
246.9486501601199,22.584045519422425,12.999999999999998,0.0,0.0,0.0
247.38076373632677,22.498377118890893,13.0,0.0,0.0,0.0
247.81233885931888,22.411558019096777,13.000000000000002,0.0,0.0,0.0
248.24337138178814,22.32359458306777,13.0,0.0,0.0,0.0
248.6738573024871,22.2344932307969,12.999999999999998,0.0,0.0,0.0
249.10379276632295,22.144260437923357,13.000000000000002,0.0,0.0,0.0
249.5331740643937,22.052902734417994,13.0,0.0,0.0,0.0
249.96199763396746,21.96042670327386,13.0,0.0,0.0,0.0
250.39026005840563,21.866838979202566,13.000000000000002,0.0,0.0,0.0
250.8179580670314,21.772146247336888,12.999999999999998,0.0,0.0,0.0
251.24508853494473,21.676355241940342,13.0,0.0,0.0,0.0
251.67164848278395,21.579472745124086,13.0,0.0,0.0,0.0
252.09763507643655,21.481505585571906,13.0,0.0,0.0,0.0
252.52304562669926,21.38246063727359,12.999999999999998,0.0,0.0,0.0
252.94787758888887,21.28234481826738,13.000000000000002,0.0,0.0,0.0
253.3721285624052,21.18116508939183,13.000000000000002,0.0,0.0,0.0
253.79579629024698,21.078928453047688,12.999999999999998,0.0,0.0,0.0
254.2188786584822,20.975641951970108,13.000000000000002,0.0,0.0,0.0
254.64137369567422,20.871312668011793,12.999999999999998,0.0,0.0,0.0
255.0632795722642,20.765947720937355,13.000000000000002,0.0,0.0,0.0
255.48459459991213,20.6595542672294,12.999999999999998,0.0,0.0,0.0
255.9053172307968,20.552139498906662,12.999999999999998,0.0,0.0,0.0
256.3254460568761,20.443710642354603,13.000000000000002,0.0,0.0,0.0
256.7449798091097,20.334274957168812,13.0,0.0,0.0,0.0
257.1639173566441,20.223839735011612,13.0,0.0,0.0,0.0
257.58225770596266,20.112412298482102,13.0,0.0,0.0,0.0
258.0,19.999999999999996,13.000000000000002,0.0,0.0,0.0
