galstreams/tracks/track.st.New-9.ibata2024.ecsv
# %ECSV 1.0
# ---
# datatype:
# - {name: ra, unit: deg, datatype: float64}
# - {name: dec, unit: deg, datatype: float64}
# - {name: distance, unit: kpc, datatype: float64}
# - {name: pm_ra_cosdec, unit: mas / yr, datatype: float64}
# - {name: pm_dec, unit: mas / yr, datatype: float64}
# - {name: radial_velocity, unit: km / s, datatype: float64}
# delimiter: ','
# meta: !!omap
# - __serialized_columns__:
#     dec:
#       __class__: astropy.coordinates.angles.Latitude
#       unit: &id001 !astropy.units.Unit {unit: deg}
#       value: !astropy.table.SerializedColumn {name: dec}
#     distance:
#       __class__: astropy.coordinates.distances.Distance
#       unit: !astropy.units.Unit {unit: kpc}
#       value: !astropy.table.SerializedColumn {name: distance}
#     pm_dec:
#       __class__: astropy.units.quantity.Quantity
#       unit: !astropy.units.Unit {unit: mas / yr}
#       value: !astropy.table.SerializedColumn {name: pm_dec}
#     pm_ra_cosdec:
#       __class__: astropy.units.quantity.Quantity
#       unit: !astropy.units.Unit {unit: mas / yr}
#       value: !astropy.table.SerializedColumn {name: pm_ra_cosdec}
#     ra:
#       __class__: astropy.coordinates.angles.Longitude
#       unit: *id001
#       value: !astropy.table.SerializedColumn {name: ra}
#       wrap_angle: !astropy.coordinates.Angle
#         unit: *id001
#         value: 360.0
#     radial_velocity:
#       __class__: astropy.units.quantity.Quantity
#       unit: !astropy.units.Unit {unit: km / s}
#       value: !astropy.table.SerializedColumn {name: radial_velocity}
# schema: astropy-2.0
ra,dec,distance,pm_ra_cosdec,pm_dec,radial_velocity
[from data line 146]
141.2827673277001,30.21630587972818,0.9999999999999996,11.46099495846618,-6.629300377206214,143.38389936540165
141.28997565715932,30.208402935005537,0.9999999999999997,11.459190932545393,-6.627385753186912,143.4746201211189
141.29723702754347,30.20057249405306,0.9999999999999996,11.45737622746804,-6.625493070749757,143.56285279062251
141.30455126223225,30.19281430316789,0.9999999999999997,11.455550891405135,-6.623622249705479,143.64860822637863
141.3119181848166,30.18512810862672,0.9999999999999997,11.453714972434266,-6.6217732099355455,143.73189728085316
141.31933761909585,30.177513656686784,0.9999999999999997,11.451868518540598,-6.619945871391877,143.81273080651232
141.3268093890747,30.169970693586468,0.9999999999999996,11.450011577618113,-6.618140154096299,143.8911196558221
141.33433331896012,30.162498965546117,0.9999999999999994,11.448144197470683,-6.616355978140197,143.9670746812487
141.34190923315862,30.155098218768742,0.9999999999999996,11.446266425813164,-6.614593263684174,144.0406067352581
141.34953695627294,30.147768199440847,0.9999999999999997,11.444378310272608,-6.612851930957545,144.1117266703164
141.35721631309954,30.140508653733093,0.9999999999999996,11.442479898389214,-6.6111319002580125,144.1804453388896
141.3649471286255,30.133319327801086,0.9999999999999996,11.440571237617533,-6.609433091951246,144.24677359344386
141.3727292280255,30.12619996778606,0.9999999999999997,11.438652375327525,-6.607755426470492,144.31072228644527
141.38056243665915,30.119150319815677,0.9999999999999996,11.436723358805647,-6.606098824316193,144.37230227035982
141.38844658006838,30.11217013000458,0.9999999999999998,11.434784235255876,-6.604463206055572,144.43152439765373
141.39638148397387,30.105259144455378,0.9999999999999996,11.432835051800863,-6.602848492322275,144.48839952079285
141.40436697427302,30.09841710925915,0.9999999999999996,11.430875855482885,-6.601254603815965,144.54293849224348
141.41240287703667,30.09164377049624,0.9999999999999996,11.428906693265024,-6.599681461301925,144.5951521644716
141.42048901850657,30.084938874236975,0.9999999999999997,11.426927612032074,-6.59812898561073,144.64505138994332
141.42862522509236,30.07830216654235,0.9999999999999998,11.424938658591712,-6.596597097637801,144.6926470211246
141.43681132336926,30.071733393464665,0.9999999999999997,11.422939879675411,-6.595085718343084,144.73794991048166
141.44504714007488,30.065232301048336,0.9999999999999996,11.420931321939548,-6.593594768750609,144.7809709104805
141.45333250210675,30.058798635330554,0.9999999999999997,11.418913031966394,-6.592124169948173,144.82172087358722
141.4616672365196,30.05243214234193,0.9999999999999997,11.416885056265123,-6.590673843086941,144.8602106522679
141.47005117052265,30.046132568107236,0.9999999999999997,11.414847441272823,-6.589243709381087,144.89645109898856
141.47848413147693,30.03989965864606,0.9999999999999998,11.412800233355497,-6.587833690107397,144.93045306621536
141.48696594689284,30.033733159973426,0.9999999999999997,11.410743478809035,-6.586443706604955,144.9622274064143
141.49549644442718,30.02763281810061,0.9999999999999998,11.408677223860245,-6.585073680274698,144.99178497205156
141.50407545188077,30.021598379035687,0.9999999999999997,11.40660151466779,-6.583723532579123,145.01913661559306
141.5127027971958,30.015629588784286,0.9999999999999997,11.404516397323183,-6.58239318504191,145.044293189505
141.52137830845328,30.009726193350183,0.9999999999999997,11.402421917851726,-6.581082559247527,145.0672655462534
141.53010181387035,30.00388793873604,0.9999999999999996,11.400318122213521,-6.579791576840908,145.0880645383044
141.53887314179798,29.998114570943912,0.9999999999999997,11.398205056304423,-6.578520159527079,145.10670101812397
141.5476921207182,29.99240583597611,0.9999999999999997,11.39608276595689,-6.5772682290708175,145.12318583817827
141.55655857924168,29.986761479835707,0.9999999999999997,11.39395129694108,-6.576035707296274,145.13752985093336
141.56547234610514,29.981181248527257,0.9999999999999997,11.39181069496568,-6.574822516086654,145.1497439088553
141.57443325016908,29.97566488805737,0.9999999999999998,11.389661005678846,-6.573628577383845,145.15983886441026
141.58344112041502,29.970212144435475,0.9999999999999998,11.387502274669203,-6.57245381318806,145.1678255700641
141.5924957859434,29.964822763674235,0.9999999999999994,11.385334547466652,-6.571298145557552,145.17371487828305
141.60159707597077,29.95949649179045,0.9999999999999997,11.383157869543389,-6.5701614966081685,145.17751764153323
141.6107448198275,29.95423307480553,0.9999999999999997,11.380972286314773,-6.5690437885131026,145.17924471228056
141.6199388469555,29.949032258746136,0.9999999999999998,11.378777843140174,-6.567944943502521,145.17890694299126
141.62917898690566,29.943893789644846,0.9999999999999997,11.376574585323993,-6.566864883863193,145.17651518613124
141.63846506933547,29.938817413540797,0.9999999999999996,11.374362558116426,-6.565803531938204,145.1720802941668
141.64779692400685,29.933802876480133,0.9999999999999996,11.372141806714424,-6.564760810126602,145.1656131195638
141.65717438078354,29.92884992451688,0.9999999999999996,11.36991237626258,-6.563736640883043,145.1571245147885
141.66659726962888,29.923958303713384,0.9999999999999997,11.367674311853952,-6.562730946717487,145.14662533230683
141.67606542060346,29.91912776014097,0.9999999999999997,11.365427658530955,-6.561743650194867,145.13412642458496
141.68557866386283,29.914358039880558,0.9999999999999994,11.363172461286258,-6.56077467393475,145.1196386440889
141.69513682965518,29.909648889023263,0.9999999999999997,11.360908765063604,-6.5598239406109915,145.1031728432848
141.70473974831918,29.905000053670886,0.9999999999999997,11.358636614758673,-6.5588913729514715,145.0847398746387
141.71438725028145,29.900411279936762,0.9999999999999997,11.356356055219923,-6.557976893737733,145.0643505906166
141.7240791660545,29.895882313946107,0.9999999999999994,11.354067131249455,-6.557080425804632,145.04201584368465
141.73381532623443,29.89141290183675,0.9999999999999998,11.351769887603846,-6.556201892040068,145.01774648630897
141.74359556149872,29.88700278975966,0.9999999999999998,11.349464368994981,-6.555341215384663,144.99155337095553
141.75341970260396,29.88265172387958,0.9999999999999997,11.347150620090835,-6.554498318831408,144.9634473500905
141.76328758038375,29.878359450375516,0.9999999999999997,11.344828685516397,-6.5536731254254,144.9334392761799
141.77319902574644,29.874125715441437,0.9999999999999994,11.34249860985436,-6.552865558263491,144.90154000168977
141.78315386967287,29.869950265286775,0.9999999999999997,11.340160437646043,-6.552075540493979,144.8677603790863
141.79315194321433,29.865832846137064,0.9999999999999994,11.337814213392159,-6.551302995316345,144.83211126083543
141.80319307749048,29.861773204234403,0.9999999999999997,11.335459981553564,-6.55054784598088,144.79460349940342
141.8132771036868,29.857771085838174,0.9999999999999997,11.333097786552202,-6.549810015788433,144.75524794725615
141.82340385305324,29.853826237225412,0.9999999999999996,11.33072767277168,-6.549089428090101,144.7140554568598
141.83357315690125,29.84993840469156,0.9999999999999994,11.328349684558258,-6.548386006286883,144.67103688068042
141.84378484660218,29.846107334550954,0.9999999999999996,11.325963866221542,-6.547699673829438,144.62620307118408
141.8540387535851,29.842332773137347,0.9999999999999997,11.323570262035249,-6.5470303542177675,144.57956488083695
141.86433470933457,29.83861446680452,0.9999999999999996,11.32116891623805,-6.546377971000901,144.53113316210488
141.8746725453889,29.83495216192681,0.9999999999999996,11.318759873034224,-6.545742447776611,144.4809187674542
141.88505209333786,29.831345604899596,0.9999999999999996,11.316343176594547,-6.545123708191143,144.4289325493508
141.8954731848206,29.827794542139987,0.9999999999999996,11.313918871056973,-6.544521675938901,144.37518536026084
141.90593565152372,29.82429872008725,0.9999999999999997,11.311487000527443,-6.543936274762153,144.3196880526504
141.91643932517928,29.820857885203413,0.9999999999999998,11.309047609080563,-6.543367428450788,144.26245147898558
141.92698403756285,29.81747178397376,0.9999999999999997,11.306600740760416,-6.542815060841955,144.20348649173238
141.93756962049116,29.81414016290744,0.9999999999999997,11.304146439581293,-6.54227909581984,144.14280394335688
141.94819590582077,29.81086276853783,0.9999999999999996,11.301684749528395,-6.54175945731539,144.0804146863252
141.9588627254454,29.807639347423304,0.9999999999999997,11.299215714558615,-6.541256069305968,144.0163295731034
141.9695699112945,29.80446964614762,0.9999999999999997,11.296739378601224,-6.540768855815152,143.9505594561576
141.98031729533105,29.80135341132043,0.9999999999999997,11.294255785558596,-6.540297740912383,143.88311518795382
141.99110470954963,29.798290389577883,0.9999999999999997,11.291764979306983,-6.53984264871276,143.81400762095814
142.00193198597452,29.795280327583136,0.9999999999999996,11.289267003697184,-6.539403503376711,143.7432476076366
142.01279895665806,29.792322972026746,0.9999999999999996,11.286761902555227,-6.538980229109772,143.67084600045536
142.02370545367833,29.78941806962736,0.9999999999999996,11.284249719683135,-6.538572750162256,143.5968136518804
142.03465130913747,29.78656536713214,0.9999999999999997,11.28173049885961,-6.538180990829032,143.52116141437799
142.04563635515973,29.783764611317327,0.9999999999999997,11.279204283840748,-6.537804875449254,143.44390014041392
142.05666042388987,29.78101554898864,0.9999999999999997,11.276671118360639,-6.537444328406073,143.36504068245452
142.06772334749078,29.778317926981934,0.9999999999999997,11.274131046132231,-6.537099274126383,143.28459389296563
142.07882495814235,29.775671492163536,0.9999999999999996,11.271584110847819,-6.53676963708058,143.20257062441354
142.08996508803898,29.773075991430897,0.9999999999999997,11.269030356179876,-6.536455341782267,143.11898172926425
142.10114356938806,29.77053117171303,0.9999999999999996,11.26646982578167,-6.536156312788027,143.03383805998382
142.11236023440813,29.76803677997098,0.9999999999999997,11.263902563287953,-6.535872474697118,142.9471504690383
142.12361491532715,29.765592563198418,0.9999999999999996,11.261328612315578,-6.535603752151303,142.85892980889383
142.1349074443807,29.76319826842193,0.9999999999999996,11.258748016464246,-6.535350069834523,142.76918693201642
142.14623765380995,29.760853642701754,0.9999999999999996,11.256160819317126,-6.5351113524726525,142.6779326908722
142.15760537586021,29.758558433132112,0.9999999999999997,11.253567064441532,-6.53488752483328,142.5851779379272
142.16901044277913,29.756312386841753,0.9999999999999996,11.250966795389502,-6.53467851172546,142.4909335256475
142.18045268681473,29.754115250994396,0.9999999999999997,11.248360055698575,-6.534484237999413,142.39521030649928
142.1919319402139,29.751966772789256,0.9999999999999998,11.245746888892327,-6.534304628546359,142.29801913294847
142.20344803522053,29.749866699461517,0.9999999999999996,11.243127338481072,-6.534139608298193,142.19937085746122
142.21500080407407,29.74781477828272,0.9999999999999997,11.240501447962458,-6.533989102227329,142.09927633250356
142.2265900790074,29.745810756561383,0.9999999999999997,11.237869260822137,-6.5338530353463815,141.99774641054165
142.23821569224538,29.743854381643363,0.9999999999999998,11.235230820534397,-6.5337313327079585,141.8947919440415
142.24987747600323,29.741945400912392,0.9999999999999997,11.232586170562776,-6.533623919404451,141.79042378546916
142.26157526248474,29.740083561790527,0.9999999999999997,11.229935354360641,-6.533530720567744,141.68465278729076
142.27330888388067,29.73826861173851,0.9999999999999996,11.227278415371888,-6.533451661369051,141.57748980197238
142.28507817236704,29.736500298256416,0.9999999999999997,11.224615397031513,-6.533386667018605,141.4689456819801
142.29688296010346,29.734778368884005,0.9999999999999998,11.221946342766223,-6.533335662765474,141.35903127977988
142.30872307923164,29.733102571201176,0.9999999999999996,11.21927129599504,-6.5332985738973415,141.24775744783798
142.32059836187372,29.731472652828447,0.9999999999999997,11.21659030012992,-6.533275325740238,141.13513503862032
142.3325086401304,29.729888361427474,0.9999999999999996,11.21390339857637,-6.5332658436583655,141.02117490459304
142.34445374607995,29.728349444701287,0.9999999999999997,11.211210634733973,-6.533270053053827,140.90588789822226
142.3564335117759,29.726855650395006,0.9999999999999998,11.208512051997074,-6.533287879366428,140.78928487197396
142.36844776924588,29.725406726296168,0.9999999999999997,11.205807693755325,-6.53331924807347,140.6713766783143
142.38049635048998,29.72400242023513,0.9999999999999998,11.203097603394237,-6.5333640846894925,140.55217416970928
142.3925790874792,29.722642480085593,0.9999999999999998,11.200381824295821,-6.533422314766088,140.43168819862504
142.40469581215368,29.72132665376501,0.9999999999999998,11.197660399839162,-6.533493863891663,140.30992961752764
142.41684635642167,29.72005468923496,0.9999999999999998,11.194933373400918,-6.53357865769126,140.18690927888315
142.4290305521574,29.718826334501728,0.9999999999999998,11.192200788355999,-6.533676621826311,140.06263803515768
142.44124823119986,29.717641337616623,0.9999999999999997,11.189462688078068,-6.533787681994418,139.93712673881717
142.45349922535127,29.716499446676465,0.9999999999999998,11.186719115940125,-6.53391176392917,139.81038624232787
142.46578336637558,29.71540040982399,0.9999999999999997,11.183970115315063,-6.534048793399951,139.68242739815574
142.4781004859969,29.714343975248315,0.9999999999999997,11.18121572957623,-6.534198696211675,139.5532610587669
142.4904504158981,29.71332989118525,0.9999999999999996,11.178456002097983,-6.534361398204628,139.42289807662746
142.5028329877193,29.712357905917916,0.9999999999999998,11.17569097625622,-6.534536825254267,139.29134930420344
142.5152480330563,29.711427767776993,0.9999999999999997,11.172920695428985,-6.534724903270967,139.15862559396086
142.52769538345942,29.71053922514126,0.9999999999999997,11.170145202996911,-6.534925558199898,139.02473779836595
142.54017487043157,29.709692026437935,0.9999999999999997,11.167364542343893,-6.535138716020758,138.88969676988467
142.5526863254273,29.70888592014313,0.9999999999999997,11.164578756857493,-6.535364302747598,138.75351336098322
142.56522957985106,29.70812065478221,0.9999999999999999,11.161787889929581,-6.535602244428668,138.61619842412748
142.577804465056,29.707395978930307,0.9999999999999998,11.158991984956788,-6.535852467146152,138.47776281178366
142.5904108123423,29.706711641212642,0.9999999999999998,11.156191085341074,-6.536114897016012,138.33821737641776
142.60304845295596,29.70606739030499,0.9999999999999998,11.153385234490246,-6.536389460187827,138.19757297049597
142.61571721808733,29.705462974934026,0.9999999999999999,11.150574475818463,-6.53667608284452,138.05584044648432
142.6284169388697,29.704898143877816,0.9999999999999998,11.147758852746794,-6.536974691202256,137.9130306568488
142.6411474463782,29.704372645966078,0.9999999999999998,11.14493840870365,-6.537285211510236,137.76915445405555
142.65390857162794,29.703886230080727,0.9999999999999997,11.14211318712541,-6.537607570050448,137.62422269057066
142.66670014557297,29.703438645156233,0.9999999999999998,11.13928323145683,-6.537941693137583,137.47824621886016
142.67952199910502,29.703029640179974,0.9999999999999997,11.13644858515158,-6.538287507118769,137.33123589139015
142.6923739630519,29.70265896419265,0.9999999999999998,11.133609291672755,-6.538644938373446,137.18320256062677
142.70525586817618,29.702326366288748,0.9999999999999997,11.130765394493391,-6.539013913313154,137.03415707903608
142.71816754517428,29.70203159561672,0.9999999999999997,11.127916937096906,-6.539394358381371,136.88411029908397
142.7311088246746,29.701774401379648,0.9999999999999997,11.125063962977617,-6.539786200053335,136.7330730732368
