galstreams/tracks/track.st.GD-1.ibata2024.ecsv
# %ECSV 1.0
# ---
# datatype:
# - {name: ra, unit: deg, datatype: float64}
# - {name: dec, unit: deg, datatype: float64}
# - {name: distance, unit: kpc, datatype: float64}
# - {name: pm_ra_cosdec, unit: mas / yr, datatype: float64}
# - {name: pm_dec, unit: mas / yr, datatype: float64}
# - {name: radial_velocity, unit: km / s, datatype: float64}
# delimiter: ','
# meta: !!omap
# - __serialized_columns__:
#     dec:
#       __class__: astropy.coordinates.angles.Latitude
#       unit: &id001 !astropy.units.Unit {unit: deg}
#       value: !astropy.table.SerializedColumn {name: dec}
#     distance:
#       __class__: astropy.coordinates.distances.Distance
#       unit: !astropy.units.Unit {unit: kpc}
#       value: !astropy.table.SerializedColumn {name: distance}
#     pm_dec:
#       __class__: astropy.units.quantity.Quantity
#       unit: !astropy.units.Unit {unit: mas / yr}
#       value: !astropy.table.SerializedColumn {name: pm_dec}
#     pm_ra_cosdec:
#       __class__: astropy.units.quantity.Quantity
#       unit: !astropy.units.Unit {unit: mas / yr}
#       value: !astropy.table.SerializedColumn {name: pm_ra_cosdec}
#     ra:
#       __class__: astropy.coordinates.angles.Longitude
#       unit: *id001
#       value: !astropy.table.SerializedColumn {name: ra}
#       wrap_angle: !astropy.coordinates.Angle
#         unit: *id001
#         value: 360.0
#     radial_velocity:
#       __class__: astropy.units.quantity.Quantity
#       unit: !astropy.units.Unit {unit: km / s}
#       value: !astropy.table.SerializedColumn {name: radial_velocity}
# schema: astropy-2.0
ra,dec,distance,pm_ra_cosdec,pm_dec,radial_velocity
[from data line 1114]
123.6021227994365,-9.462205172548979,0.999999999999997,-0.8537080432740147,-7.908017605694759,300.4935092064902
123.6057521779545,-9.452730397764046,0.9999999999999971,-0.8546902690872216,-7.9107666731384985,300.4458175708895
123.60938175766768,-9.443255770561972,0.9999999999999969,-0.8556723557287498,-7.913514951708347,300.3981173931119
123.61301153869695,-9.433781290961125,0.999999999999997,-0.856654303259706,-7.916262441450229,300.3504086749785
123.61664152116319,-9.42430695897987,0.9999999999999969,-0.8576361117411864,-7.919009142410122,300.30269141831
123.62027170518732,-9.414832774636604,0.9999999999999969,-0.8586177812342655,-7.921755054633945,300.2549656249273
123.62390209089031,-9.405358737949697,0.9999999999999971,-0.8595993118000926,-7.924500178167667,300.2072312966515
123.62753267839311,-9.395884848937555,0.9999999999999971,-0.8605807034997532,-7.927244513057218,300.1594884353031
123.63116346781668,-9.386411107618601,0.9999999999999971,-0.8615619563943042,-7.929988059348506,300.11173704270317
123.63479445928212,-9.37693751401123,0.9999999999999971,-0.8625430705449233,-7.932730817087494,300.0639771206725
123.63842565291037,-9.367464068133868,0.999999999999997,-0.8635240460126496,-7.9354727863201,300.01620867103196
123.64205704882256,-9.35799077000496,0.999999999999997,-0.8645048828586148,-7.938213967092247,299.9684316956025
123.64568864713979,-9.348517619642926,0.999999999999997,-0.8654855811439397,-7.940954359449858,299.9206461962049
123.64932044798314,-9.339044617066211,0.9999999999999968,-0.8664661409297061,-7.943693963438861,299.8728521746602
123.65295245147372,-9.32957176229329,0.999999999999997,-0.8674465622770064,-7.946432779105173,299.82504963278905
123.65658465773275,-9.320099055342602,0.9999999999999969,-0.8684268452469937,-7.949170806494703,299.7772385724124
123.66021706688134,-9.310626496232643,0.9999999999999971,-0.8694069899007069,-7.951908045653349,299.729418995351
123.66384967904078,-9.301154084981853,0.999999999999997,-0.8703869962993203,-7.954644496627049,299.681590903426
123.66748249433222,-9.291681821608755,0.999999999999997,-0.8713668645038801,-7.957380159461703,299.63375429845803
123.67111551287698,-9.282209706131825,0.9999999999999971,-0.8723465945755393,-7.960115034203186,299.58590918226804
123.67474873479628,-9.27273773856956,0.9999999999999971,-0.8733261865753654,-7.962849120897436,299.5380555566768
123.67838216021147,-9.263265918940483,0.9999999999999971,-0.8743056405645042,-7.965582419590321,299.4901934235054
123.68201578924385,-9.253794247263116,0.999999999999997,-0.8752849566040588,-7.968314930327736,299.44232278457446
123.68564962201478,-9.244322723555966,0.999999999999997,-0.8762641347551323,-7.971046653155588,299.3944436417049
123.6892836586456,-9.234851347837587,0.999999999999997,-0.8772431750787959,-7.973777588119763,299.34655599671765
123.69291789925776,-9.225380120126507,0.9999999999999969,-0.8782220776362131,-7.976507735266136,299.2986598514337
123.69655234397263,-9.21590904044127,0.9999999999999971,-0.8792008424884301,-7.97923709464059,299.2507552076737
123.70018699291171,-9.206438108800453,0.999999999999997,-0.8801794696966425,-7.9819656662890175,299.20284206725853
123.7038218461964,-9.19696732522261,0.9999999999999969,-0.8811579593219001,-7.984693450257268,299.1549204320092
123.70745690394826,-9.187496689726318,0.999999999999997,-0.8821363114253238,-7.9874204465912495,299.1069903037465
123.71109216628876,-9.178026202330168,0.999999999999997,-0.8831145260680273,-7.99014665533679,299.05905168429126
123.71472763333945,-9.168555863052731,0.999999999999997,-0.8840926033111209,-7.992872076539813,299.01110457546434
123.71836330522191,-9.159085671912615,0.999999999999997,-0.8850705432157113,-7.995596710246122,298.9631489790868
123.72199918205773,-9.149615628928437,0.999999999999997,-0.8860483458429407,-7.998320556501614,298.9151848969793
123.72563526396851,-9.140145734118793,0.999999999999997,-0.8870260112538944,-8.001043615352152,298.8672123309627
123.72927155107588,-9.130675987502318,0.9999999999999971,-0.8880035395096826,-8.00376588684357,298.8192312828579
123.73290804350152,-9.121206389097635,0.999999999999997,-0.8889809306714191,-8.00648737102173,298.77124175448586
123.7365447413671,-9.111736938923384,0.9999999999999972,-0.8899581848002285,-8.009208067932484,298.72324374766737
123.74018164479432,-9.102267636998224,0.9999999999999971,-0.8909353019571995,-8.011927977621665,298.6752372642233
123.74381875390496,-9.092798483340793,0.999999999999997,-0.8919122822035064,-8.014647100135146,298.62722230597456
123.74745606882072,-9.083329477969748,0.9999999999999972,-0.8928891256001741,-8.017365435518737,298.5791988747419
123.75109358966343,-9.073860620903787,0.9999999999999971,-0.8938658322083981,-8.020082983818291,298.53116697234634
123.75473131655485,-9.064391912161575,0.9999999999999972,-0.8948424020892567,-8.022799745079642,298.48312660060856
123.75836924961683,-9.054923351761797,0.9999999999999971,-0.895818835303853,-8.025515719348618,298.4350777613497
123.76200738897124,-9.045454939723152,0.9999999999999971,-0.8967951319133363,-8.028230906671045,298.3870204563903
123.76564573473995,-9.03598667606433,0.9999999999999972,-0.8977712919788203,-8.03094530709275,298.3389546875515
123.76928428704484,-9.02651856080407,0.9999999999999971,-0.8987473155613692,-8.03365892065956,298.290880456654
123.77292304600786,-9.017050593961072,0.9999999999999972,-0.8997232027221607,-8.036371747417284,298.2427977655189
123.77656201175098,-9.00758277555405,0.9999999999999973,-0.900698953522312,-8.039083787411766,298.19470661596677
123.7802011843961,-8.998115105601778,0.9999999999999971,-0.9016745680228588,-8.041795040688775,298.1466070098185
123.78384056406531,-8.988647584122976,0.9999999999999971,-0.9026500462850144,-8.044505507294152,298.09849894889516
123.7874801508806,-8.979180211136407,0.9999999999999971,-0.9036253883698357,-8.047215187273704,298.0503824350174
123.79111994496402,-8.969712986660811,0.9999999999999971,-0.9046005943385254,-8.049924080673247,298.0022574700064
123.79475994643761,-8.96024591071498,0.9999999999999972,-0.905575664252062,-8.05263218753854,297.9541240556827
123.79840015542352,-8.950778983317685,0.9999999999999972,-0.9065505981717017,-8.055339507915416,297.9059821938673
123.80204057204384,-8.941312204487696,0.9999999999999971,-0.9075253961584799,-8.058046041849671,297.85783188638106
123.80568119642071,-8.93184557424382,0.9999999999999971,-0.9085000582735319,-8.060751789387087,297.80967313504493
123.80932202867632,-8.922379092604867,0.9999999999999971,-0.9094745845779855,-8.063456750573451,297.7615059416795
123.81296306893287,-8.912912759589627,0.9999999999999972,-0.9104489751329901,-8.066160925454565,297.7133303081061
123.81660431731255,-8.903446575216933,0.9999999999999971,-0.9114232299996168,-8.068864314076176,297.6651462361452
123.82024577393764,-8.893980539505613,0.9999999999999971,-0.9123973492389972,-8.071566916484102,297.6169537276176
123.82388743893037,-8.884514652474484,0.9999999999999972,-0.9133713329122735,-8.07426873272412,297.56875278434467
123.82752931241309,-8.875048914142404,0.999999999999997,-0.9143451810805843,-8.076969762841982,297.5205434081467
123.83117139450808,-8.865583324528213,0.9999999999999971,-0.915318893804983,-8.07967000688347,297.47232560084495
123.83481368533766,-8.856117883650782,0.9999999999999972,-0.9162924711466296,-8.082369464894361,297.4240993642602
123.83845618502423,-8.84665259152898,0.9999999999999972,-0.9172659131666592,-8.085068136920402,297.3758647002132
123.84209889369018,-8.837187448181663,0.9999999999999972,-0.9182392199261677,-8.087766023007374,297.3276216105248
123.8457418114579,-8.827722453627725,0.9999999999999971,-0.9192123914862975,-8.090463123201022,297.27937009701617
123.84938493844987,-8.818257607886073,0.9999999999999972,-0.9201854279081694,-8.093159437547106,297.2311101615079
123.85302827478854,-8.808792910975587,0.999999999999997,-0.9211583292529042,-8.095854966091402,297.18284180582083
123.85667182059639,-8.799328362915185,0.9999999999999971,-0.9221310955816016,-8.098549708879625,297.13456503177594
123.86031557599597,-8.789863963723787,0.9999999999999972,-0.9231037269554534,-8.101243665957536,297.08627984119414
123.86395954110976,-8.780399713420305,0.999999999999997,-0.924076223435506,-8.103936837370886,297.0379862358961
123.86760371606037,-8.770935612023683,0.9999999999999972,-0.92504858508293,-8.106629223165415,296.98968421770303
123.87124810097038,-8.761471659552871,0.9999999999999972,-0.9260208119588036,-8.10932082338684,296.9413737884354
123.8748926959624,-8.752007856026799,0.9999999999999972,-0.9269929041243046,-8.112011638080922,296.8930549499143
123.87853750115906,-8.742544201464444,0.9999999999999971,-0.9279648616405218,-8.114701667293382,296.84472770396064
123.88218251668302,-8.733080695884759,0.9999999999999971,-0.9289366845685834,-8.117390911069958,296.79639205239516
123.88582774265701,-8.723617339306724,0.9999999999999971,-0.9299083729696491,-8.120079369456354,296.74804799703867
123.8894731792037,-8.714154131749337,0.9999999999999972,-0.9308799269048187,-8.12276704249833,296.6996955397121
123.89311882644586,-8.704691073231563,0.9999999999999972,-0.9318513464352165,-8.125453930241564,296.6513346822365
123.89676468450621,-8.69522816377242,0.9999999999999971,-0.9328226316219528,-8.128140032731801,296.6029654264326
123.90041075350757,-8.685765403390917,0.9999999999999971,-0.9337937825261875,-8.130825350014737,296.55458777412116
123.90405703357276,-8.67630279210607,0.9999999999999972,-0.9347647992090202,-8.133509882136096,296.5062017271232
123.9077035248246,-8.666840329936887,0.9999999999999972,-0.9357356817316109,-8.136193629141593,296.4578072872595
123.91135022738594,-8.657378016902433,0.9999999999999972,-0.9367064301550379,-8.138876591076905,296.409404456351
123.91499714137971,-8.647915853021718,0.9999999999999971,-0.9376770445404823,-8.141558767987759,296.36099323621846
123.91864426692877,-8.638453838313822,0.9999999999999972,-0.9386475249490047,-8.144240159919828,296.31257362868286
123.92229160415611,-8.628991972797778,0.999999999999997,-0.9396178714417971,-8.146920766918837,296.26414563556494
123.92593915318464,-8.619530256492665,0.9999999999999971,-0.9405880840799377,-8.149600589030467,296.2157092586857
123.92958691413742,-8.610068689417563,0.9999999999999972,-0.9415581629246113,-8.152279626300393,296.16726449986595
123.93323488713737,-8.600607271591546,0.9999999999999971,-0.9425281080368997,-8.15495787877433,296.11881136092654
123.93688307230761,-8.59114600303371,0.9999999999999972,-0.9434979194779487,-8.157635346497925,296.07034984368835
123.94053146977114,-8.58168488376317,0.999999999999997,-0.9444675973088614,-8.160312029516884,296.02187994997223
123.94418007965113,-8.572223913799006,0.9999999999999972,-0.9454371415908369,-8.16298792787688,295.97340168159906
123.94782890207058,-8.56276309316037,0.9999999999999972,-0.9464065523849037,-8.165663041623572,295.9249150403898
123.95147793715275,-8.553302421866363,0.9999999999999972,-0.947375829752275,-8.168337370802652,295.8764200281651
123.9551271850207,-8.543841899936128,0.9999999999999972,-0.9483449737540433,-8.171010915459782,295.8279166467461
123.95877664579766,-8.534381527388806,0.9999999999999972,-0.9493139844513223,-8.173683675640616,295.7794048979533
123.96242631960683,-8.524921304243561,0.9999999999999971,-0.9502828619052686,-8.176355651390821,295.73088478360785
123.96607620657151,-8.515461230519525,0.9999999999999972,-0.95125160617701,-8.179026842756052,295.6823563055307
123.96972630681492,-8.506001306235898,0.999999999999997,-0.9522202173276995,-8.181697249781973,295.6338194655425
123.9733766204603,-8.496541531411832,0.9999999999999973,-0.9531886954183975,-8.184366872514225,295.5852742654642
123.97702714763106,-8.487081906066521,0.9999999999999973,-0.9541570405103066,-8.18703571099848,295.5367207071166
123.98067788845047,-8.477622430219169,0.9999999999999972,-0.9551252526645122,-8.189703765280358,295.4881587923206
123.98432884304194,-8.468163103888973,0.9999999999999972,-0.9560933319421672,-8.192371035405511,295.4395885228971
123.9879800115288,-8.458703927095144,0.9999999999999973,-0.957061278404371,-8.195037521419568,295.39100990066703
123.99163139403453,-8.449244899856884,0.9999999999999972,-0.9580290921122945,-8.197703223368201,295.34242292745114
123.99528299068255,-8.439786022193445,0.9999999999999972,-0.9589967731270583,-8.200368141297005,295.29382760507036
123.99893480159635,-8.430327294124055,0.9999999999999973,-0.9599643215098261,-8.203032275251632,295.2452239353454
124.00258682689935,-8.420868715667957,0.9999999999999972,-0.9609317373216442,-8.205695625277702,295.1966119200974
124.00623906671515,-8.411410286844403,0.9999999999999972,-0.9618990206237257,-8.208358191420833,295.147991561147
124.00989152116723,-8.401952007672662,0.9999999999999972,-0.9628661714771489,-8.21101997372667,295.0993628603152
124.0135441903792,-8.392493878171992,0.9999999999999971,-0.9638331899430703,-8.213680972240798,295.0507258194228
124.01719707447465,-8.38303589836169,0.9999999999999972,-0.964800076082625,-8.216341187008862,295.0020804402907
124.02085017357717,-8.373578068261033,0.9999999999999972,-0.965766829956916,-8.219000618076455,294.9534267247397
124.02450348781043,-8.364120387889313,0.9999999999999972,-0.9667334516271211,-8.22165926548919,294.90476467459075
124.0281570172981,-8.354662857265847,0.9999999999999971,-0.9676999411543505,-8.224317129292674,294.8560942916647
124.0318107621639,-8.34520547640994,0.9999999999999971,-0.9686662985997536,-8.226974209532509,294.80741557778236
124.03546472253149,-8.335748245340909,0.9999999999999972,-0.9696325240244192,-8.229630506254292,294.75872853476477
124.03911889852465,-8.326291164078102,0.9999999999999973,-0.9705986174895216,-8.232286019503627,294.7100331644325
124.04277329026718,-8.316834232640844,0.9999999999999972,-0.9715645790561922,-8.234940749326093,294.66132946860665
124.04642789788284,-8.30737745104848,0.9999999999999971,-0.9725304087855307,-8.237594695767292,294.612617449108
124.05008272149546,-8.29792081932038,0.9999999999999973,-0.973496106738704,-8.240247858872815,294.5638971077574
124.0537377612289,-8.288464337475888,0.9999999999999972,-0.9744616729768367,-8.242900238688238,294.51516844637575
124.05739301720702,-8.279008005534404,0.9999999999999972,-0.9754271075610426,-8.245551835259135,294.46643146678394
124.06104848955374,-8.269551823515295,0.9999999999999972,-0.976392410552485,-8.2482026486311,294.4176861708028
124.064704178393,-8.260095791437948,0.9999999999999972,-0.9773575820123099,-8.250852678849688,294.36893256025326
124.0683600838487,-8.250639909321782,0.9999999999999972,-0.9783226220015884,-8.253501925960485,294.32017063695616
124.07201620604488,-8.241184177186181,0.9999999999999972,-0.979287530581523,-8.256150390009049,294.2714004027323
124.0756725451055,-8.231728595050573,0.9999999999999973,-0.9802523078132026,-8.258798071040957,294.2226218594025
124.0793291011546,-8.222273162934389,0.9999999999999973,-0.9812169537577908,-8.261444969101763,294.1738350087879
124.08298587431622,-8.212817880857052,0.9999999999999971,-0.9821814684763801,-8.264091084237016,294.125039852709
124.08664286471449,-8.203362748838009,0.9999999999999971,-0.9831458520301481,-8.26673641649229,294.0762363929869
124.0903000724735,-8.19390776689671,0.9999999999999972,-0.9841101044802478,-8.26938096591313,294.02742463144244
124.09395749771733,-8.184452935052619,0.9999999999999973,-0.9850742258877361,-8.272024732545093,293.9786045698965
124.09761514057021,-8.174998253325205,0.9999999999999973,-0.9860382163138084,-8.274667716433697,293.92977621016985
124.10127300115631,-8.165543721733938,0.9999999999999972,-0.9870020758196141,-8.277309917624525,293.88093955408345
124.1049310795998,-8.156089340298315,0.9999999999999972,-0.9879658044662278,-8.279951336163075,293.832094603458
124.10858937602492,-8.146635109037822,0.9999999999999973,-0.9889294023148025,-8.282591972094922,293.78324136011463
