galstreams/tracks/track.st.NGC6101.ibata2021.ecsv
# %ECSV 1.0
# ---
# datatype:
# - {name: ra, unit: deg, datatype: float64}
# - {name: dec, unit: deg, datatype: float64}
# - {name: distance, unit: kpc, datatype: float64}
# - {name: pm_ra_cosdec, unit: mas / yr, datatype: float64}
# - {name: pm_dec, unit: mas / yr, datatype: float64}
# - {name: radial_velocity, unit: km / s, datatype: float64}
# delimiter: ','
# meta: !!omap
# - __serialized_columns__:
#     dec:
#       __class__: astropy.coordinates.angles.Latitude
#       unit: &id001 !astropy.units.Unit {unit: deg}
#       value: !astropy.table.SerializedColumn {name: dec}
#     distance:
#       __class__: astropy.coordinates.distances.Distance
#       unit: !astropy.units.Unit {unit: kpc}
#       value: !astropy.table.SerializedColumn {name: distance}
#     pm_dec:
#       __class__: astropy.units.quantity.Quantity
#       unit: !astropy.units.Unit {unit: mas / yr}
#       value: !astropy.table.SerializedColumn {name: pm_dec}
#     pm_ra_cosdec:
#       __class__: astropy.units.quantity.Quantity
#       unit: !astropy.units.Unit {unit: mas / yr}
#       value: !astropy.table.SerializedColumn {name: pm_ra_cosdec}
#     ra:
#       __class__: astropy.coordinates.angles.Longitude
#       unit: *id001
#       value: !astropy.table.SerializedColumn {name: ra}
#       wrap_angle: !astropy.coordinates.Angle
#         unit: *id001
#         value: 360.0
#     radial_velocity:
#       __class__: astropy.units.quantity.Quantity
#       unit: !astropy.units.Unit {unit: km / s}
#       value: !astropy.table.SerializedColumn {name: radial_velocity}
# schema: astropy-2.0
ra,dec,distance,pm_ra_cosdec,pm_dec,radial_velocity
[from data line 677]
261.7252306100721,-69.66708747498002,14.484314166988772,1.606438044087498,0.19160054152460515,-1.3683746586042549e-14
261.7499940951082,-69.66196399109904,14.483720704910436,1.6065333675951818,0.19314285456488886,-1.0525958912340423e-14
261.77474929646183,-69.65683898592027,14.4831432695395,1.6066291226123048,0.19468234229638565,-2.1051917824680845e-15
261.79949621697773,-69.65171245930964,14.482581934154261,1.6067253172492972,0.19621897996737697,-1.842042809659574e-14
261.8242348594965,-69.64658441113288,14.482036772032997,1.6068219596547817,0.19775274283513755,-1.1578554803574466e-14
261.84896522685455,-69.64145484125568,14.481507856453998,1.6069190580155315,0.19928360616596064,-6.315575347404253e-15
261.8736873218839,-69.63632374954352,14.480995260695545,1.6070166205564274,0.2008115452351908,-1.3683746586042549e-14
261.8984011474125,-69.6311911358618,14.480499058035932,1.6071146555404079,0.20233653532725565,-1.1052256857957444e-14
261.9231067062642,-69.62605700007575,14.48001932175343,1.6072131712684308,0.20385855173569317,6.8418732930212744e-15
261.94780400125853,-69.62092134205055,14.479556125126335,1.6073121760794264,0.2053775697631809,-1.2631150694808506e-14
261.972493035211,-69.6157841616512,14.479109541432926,1.6074116783502543,0.20689356472157164,1.0525958912340423e-15
261.99717381093285,-69.61064545874264,14.478679643951493,1.6075116864956558,0.20840651193191445,-1.6315236314127656e-14
262.02184633123125,-69.60550523318962,14.47826650596032,1.607612208968215,0.20991638672449311,-2.0525619879063826e-14
262.0465105989092,-69.6003634848568,14.477870200737692,1.6077132542583104,0.21142316443885042,4.210383564936169e-15
262.0711666167654,-69.59522021360878,14.477490801561894,1.6078148308940732,0.21292682042381533,-2.5262301389617013e-14
262.0958143875948,-69.59007541931001,14.477128381711209,1.6079169474413402,0.21442733003754355,0.0
262.1204539141878,-69.5849291018248,14.476783014463926,1.6080196125036126,0.21592466864753018,-1.3683746586042549e-14
262.145085199331,-69.57978126101739,14.476454773098325,1.6081228347220111,0.2174188116306556,-4.210383564936169e-15
262.1697082458066,-69.57463189675195,14.476143730892696,1.6082266227752302,0.21890973437320277,-8.420767129872338e-15
262.194323056393,-69.56948100889247,14.475849961125322,1.6083309853794947,0.2203974122708927,2.1051917824680845e-15
262.2189296338642,-69.5643285973029,14.47557353707449,1.608435931288517,0.22188182072890944,-1.2631150694808506e-14
262.24352798099034,-69.55917466184705,14.475314532018485,1.6085414692934497,0.22336293516193237,-1.6841534259744676e-14
262.26811810053744,-69.55401920238869,14.475073019235591,1.6086476082228447,0.2248407309941641,1.0525958912340423e-14
262.29269999526724,-69.5488622187914,14.474849072004087,1.6087543569426086,0.22631518365935444,-2.7367493172085098e-14
262.3172736679377,-69.54370371091876,14.47464276360227,1.608861724355955,0.22778626860083964,-1.3683746586042549e-14
262.34183912130254,-69.5385436786342,14.474454167308417,1.608969719403365,0.2292539612715594,8.420767129872338e-15
262.3663963581113,-69.53338212180111,14.474283356400818,1.6090783510625406,0.23071823713409045,-1.894672604221276e-14
262.39094538110976,-69.52821904028274,14.474130404157751,1.6091876283483597,0.23217907166067842,-5.2629794561702115e-15
262.4154861930394,-69.52305443394228,14.473995383857511,1.609297560312834,0.23363644033325792,-1.9999321933446802e-14
262.44001879663784,-69.51788830264283,14.473878368778376,1.6094081560450637,0.23509031864349003,-2.1051917824680845e-15
262.46454319463845,-69.51272064624742,14.473779432198635,1.6095194246711937,0.2365406820927802,-2.7367493172085098e-14
262.4890593897709,-69.50755146461898,14.47369864739657,1.6096313753543692,0.23798750619231765,-1.6841534259744676e-14
262.5135673847605,-69.50238075762039,14.473636087650467,1.6097440172946922,0.23943076646309316,2.1051917824680845e-15
262.53806718232863,-69.49720852511442,14.47359182623861,1.609857359729176,0.24087043843593114,-7.368171238638296e-15
262.56255878519283,-69.49203476696377,14.47356593643929,1.6099714119317023,0.24230649765151954,-1.0525958912340423e-14
262.5870421960664,-69.48685948303108,14.473558491530786,1.6100861832129767,0.24373891966043343,-2.5262301389617013e-14
262.61151741765894,-69.48168267317891,14.473569564791388,1.6102016829204833,0.24516768002316713,-5.2629794561702115e-15
262.6359844526757,-69.47650433726979,14.473599229499376,1.6103179204384448,0.246592754310155,-7.368171238638296e-15
262.6604433038182,-69.47132447516609,14.47364755893304,1.6104349051877729,0.24801411810180657,2.1051917824680845e-15
262.6848939737839,-69.46614308673021,14.47371462637066,1.6105526466260278,0.24943174698852644,-2.6314897280851057e-14
262.7093364652663,-69.46096017182442,14.473800505090523,1.6106711542473717,0.2508456165707504,2.1051917824680845e-15
262.7337707809549,-69.45577573031098,14.47390526837092,1.6107904375825268,0.25225570245896134,5.2629794561702115e-15
262.75819692353525,-69.45058976205205,14.474028989490131,1.6109105061987319,0.25366198027372544,-2.5262301389617013e-14
262.78261489568905,-69.44540226690971,14.474171741726437,1.6110313696996947,0.2550644256457193,5.2629794561702115e-15
262.80702470009396,-69.44021324474608,14.474333598358132,1.6111530377255505,0.25646301421574647,8.420767129872338e-15
262.83142633942356,-69.4350226954231,14.47451463266349,1.6112755199528184,0.25785772163477483,-2.1051917824680846e-14
262.8558198163479,-69.42983061880275,14.47471491792081,1.611398826094354,0.25924852356396383,-3.1577876737021266e-15
262.8802051335327,-69.42463701474692,14.474934527408365,1.6115229658993109,0.2606353956746802,3.1577876737021266e-15
262.90458229363986,-69.41944188311744,14.475173534404451,1.6116479491530895,0.26201831364853373,-1.9999321933446802e-14
262.92895129932754,-69.41424522377612,14.475432012187346,1.6117737856773,0.26339725317740526,-5.2629794561702115e-15
262.9533121532498,-69.40904703658471,14.475710034035338,1.6119004853297147,0.26477218996346424,-4.210383564936169e-15
262.9776648580569,-69.4038473214049,14.47600767322671,1.6120280580042232,0.26614309971920125,-1.1578554803574466e-14
263.0020094163952,-69.39864607809838,14.476325003039744,1.6121565136307907,0.2675099581674542,-2.1051917824680846e-14
263.0263458309071,-69.39344330652673,14.476662096752731,1.612285862175412,0.26887274104143316,-9.47336302110638e-15
263.0506741042311,-69.38823900655156,14.477019027643955,1.612416113640069,0.2702314240847439,-1.473634247727659e-14
263.0749942390021,-69.3830331780344,14.477395868991703,1.6125472780626855,0.2715859830514186,-2.2104513715914887e-14
263.0993062378507,-69.37782582083675,14.477792694074257,1.6126793655170848,0.27293639370593986,-1.2631150694808506e-14
263.12361010340396,-69.37261693482009,14.478209576169899,1.6128123861129435,0.27428263182326346,-2.7367493172085098e-14
263.14790583828494,-69.36740651984587,14.47864658855692,1.6129463499957493,0.27562467318884976,-2.1051917824680846e-14
263.172193445113,-69.36219457577546,14.479103804513604,1.6130812673467556,0.27696249359868463,0.0
263.19647292650336,-69.3569811024703,14.479581297318234,1.6132171483829396,0.27829606885930397,-1.1578554803574466e-14
263.2207442850677,-69.35176609979167,14.480079140249098,1.613354003356956,0.27962537478782645,-1.473634247727659e-14
263.2450075234138,-69.34654956760096,14.480597406584481,1.6134918425570937,0.2809503872119716,-7.368171238638296e-15
263.26926264414544,-69.34133150575943,14.481136169602662,1.6136306763072334,0.28227108197008716,-1.6841534259744676e-14
263.29350964986287,-69.33611191412834,14.481695502581935,1.6137705149668014,0.2835874349111756,-1.7894130150978717e-14
263.3177485431623,-69.330890792569,14.482275478800581,1.6139113689307265,0.2848994218949194,1.0525958912340423e-15
263.3419793266361,-69.3256681409426,14.482876171536883,1.6140532486293977,0.28620701879170035,-2.8420089063319142e-14
263.3662020028731,-69.32044395911039,14.483497654069131,1.6141961645286167,0.28751020148263634,-1.1578554803574466e-14
263.39041657445813,-69.31521824693358,14.48413999967561,1.6143401271295572,0.28880894585959266,-7.368171238638296e-15
263.41462304397226,-69.30999100427333,14.4848032816346,1.6144851469687207,0.29010322782521575,-5.2629794561702115e-15
263.4388214139928,-69.30476223099085,14.485487573224392,1.6146312346178893,0.29139302329295425,-3.263047262825531e-14
263.46301168709334,-69.2995319269473,14.486192947723262,1.6147784006840875,0.2926783081870872,-2.6314897280851057e-14
263.48719386584366,-69.29430009200381,14.486919478409504,1.6149266558095317,0.2939590584427428,-2.315710960714893e-14
263.5113679528098,-69.28906672602157,14.487667238561404,1.6150760106715907,0.2952352500059265,-2.4209705498382972e-14
263.53553395055394,-69.28383182886171,14.488436301457241,1.615226475982742,0.2965068588335465,-1.2631150694808506e-14
263.5596918616346,-69.27859540038537,14.489226740375305,1.6153780624905258,0.29777386089343405,-1.473634247727659e-14
263.5838416886066,-69.2733574404537,14.490038628593878,1.6155307809775012,0.29903623216437286,7.368171238638296e-15
263.60798343402087,-69.26811794892781,14.490872039391244,1.6156846422612043,0.3002939486361159,1.1578554803574466e-14
263.63211710042475,-69.26287692566886,14.491727046045694,1.615839657194103,0.30154698630941673,-1.5788938368510635e-14
263.65624269036186,-69.25763437053801,14.492603721835508,1.615995836663552,0.3027953211960512,-3.157787673702127e-14
263.6803602063721,-69.2523902833964,14.493502140038972,1.6161531915917522,0.30403892931883914,-3.368306851948935e-14
263.70446965099154,-69.24714466410515,14.494422373934372,1.6163117329357028,0.30527778671167033,-1.7894130150978717e-14
263.72857102675266,-69.24189751252544,14.495364496799997,1.616471471687161,0.3065118694195255,5.2629794561702115e-15
263.7526643361841,-69.23664882851845,14.496328581914126,1.6166324188725978,0.3077411534985023,-2.6314897280851057e-14
263.77674958181103,-69.23139861194534,14.497314702555048,1.6167945855531507,0.3089656150158418,-1.6841534259744676e-14
263.80082676615484,-69.22614686266732,14.498322932001042,1.6169579828245846,0.31018523004994447,-1.894672604221276e-14
263.82489589173315,-69.22089358054559,14.499353343530398,1.6171226218172436,0.31139997469039904,-8.420767129872338e-15
263.84895696105997,-69.21563876544138,14.500406010421402,1.6172885136960111,0.3126098250380046,-6.315575347404253e-15
263.8730099766457,-69.21038241721592,14.501481005952343,1.617455669660263,0.3138147572047925,-6.315575347404253e-15
263.89705494099695,-69.20512453573048,14.502578403401497,1.617624100943827,0.31501474731405127,3.1577876737021266e-15
263.9210918566168,-69.19986512084631,14.503698276047153,1.6177938188149368,0.31620977150034824,-1.0525958912340423e-14
263.94512072600463,-69.19460417242473,14.504840697167598,1.617964834576185,0.3173998059095541,-3.1577876737021266e-15
263.96914155165615,-69.18934169032708,14.506005740041118,1.6181371595644884,0.3185848266988643,2.1051917824680845e-15
263.9931543360635,-69.18407767441471,14.50719347794599,1.618310805151036,0.3197648100368206,-1.0525958912340423e-14
264.0171590817152,-69.17881212454897,14.508403984160513,1.6184857827412467,0.32093973210333704,-2.7367493172085098e-14
264.04115579109606,-69.17354504059126,14.50963733196296,1.6186621037747302,0.32210956908972377,1.1578554803574466e-14
264.06514446668723,-69.16827642240307,14.51089359463162,1.6188397797252378,0.3232742971986996,-5.2629794561702115e-15
264.08912511096645,-69.16300626984581,14.51217284544478,1.6190188221006223,0.32443389264442846,2.1051917824680845e-15
264.11309772640766,-69.15773458278102,14.513475157680721,1.6191992424427923,0.3255883316525313,-8.420767129872338e-15
264.13706231548133,-69.15246136107021,14.514800604617733,1.6193810523276682,0.3267375904601132,-1.2631150694808506e-14
264.16101888065435,-69.14718660457497,14.5161492595341,1.6195642633651417,0.3278816453157855,-3.1577876737021266e-15
264.1849674243898,-69.14191031315688,14.517521195708106,1.6197488871990278,0.3290204724796842,2.1051917824680845e-15
264.20890794914754,-69.13663248667763,14.518916486418037,1.6199349355070245,0.33015404822349675,5.2629794561702115e-15
264.2328404573834,-69.13135312499888,14.520335204942178,1.620122420000667,0.33128234883047986,-2.315710960714893e-14
264.2567649515502,-69.12607222798239,14.521777424558813,1.620311352425287,0.3324053505954888,-6.315575347404253e-15
264.2806814340967,-69.12078979548993,14.523243218546225,1.620501744559965,0.3335230298249866,-2.315710960714893e-14
264.3045899074684,-69.1155058273833,14.524732660182707,1.6206936082174876,0.3346353628370789,-1.3683746586042549e-14
264.32849037410716,-69.1102203235244,14.526245822746535,1.620886955244309,0.3357423259615266,-1.0525958912340423e-14
264.3523828364512,-69.10493328377514,14.527782779516004,1.6210817975204996,0.3368438955397718,-2.1051917824680845e-15
264.3762672969354,-69.09964470799748,14.52934360376939,1.6212781469597075,0.33794004792495674,-2.1051917824680846e-14
264.4001437579909,-69.09435459605346,14.530928368784986,1.6214760155091146,0.33903075948194983,-1.6841534259744676e-14
264.4240122220456,-69.08906294780513,14.532537147841069,1.62167541514939,0.34011600658736096,-7.368171238638296e-15
264.44787269152357,-69.08376976311466,14.53417001421593,1.6218763578946498,0.3411957656295661,4.210383564936169e-15
264.47172516884547,-69.07847504184421,14.535827041187849,1.622078855792413,0.342270013008728,0.0
264.49556965642864,-69.07317878385602,14.537508302035116,1.622282920923554,0.3433387251368175,3.1577876737021266e-15
264.5194061566866,-69.06788098901241,14.539213870036015,1.6224885654022654,0.34440187843763365,-1.0525958912340423e-15
264.54323467202966,-69.06258165717576,14.540943818468833,1.6226958013760093,0.34545944934682593,-1.7894130150978717e-14
264.5670552048645,-69.05728078820847,14.542698220611852,1.6229046410254757,0.3465114143119147,-2.8420089063319142e-14
264.5908677575945,-69.05197838197304,14.544477149743358,1.6231150965645398,0.3475577497923125,1.0525958912340423e-14
264.6146723326191,-69.04667443833205,14.546280679141637,1.6233271802402192,0.34859843225933934,-1.2631150694808506e-14
264.6384689323348,-69.0413689571481,14.548108882084975,1.6235409043326245,0.34963343819625387,-1.2631150694808506e-14
264.6622575591344,-69.0360619382839,14.549961831851654,1.623756281154924,0.35066274409826464,-1.0525958912340423e-15
264.6860382154072,-69.03075338160221,14.55183960171996,1.6239733230532951,0.35168632647255416,-6.315575347404253e-15
264.7098109035392,-69.02544328696585,14.55374226496818,1.6241920424068823,0.35270416183829956,-1.894672604221276e-14
264.7335756259129,-69.02013165423777,14.555669894874598,1.6244124516277536,0.35371622672669323,-1.473634247727659e-14
264.7573323849072,-69.01481848328093,14.557622564717498,1.6246345631608556,0.35472249768096004,-1.894672604221276e-14
264.7810811828979,-69.00950377395839,14.55960034777517,1.624858389483974,0.3557229512563826,5.2629794561702115e-15
264.80482202225693,-69.00418752613328,14.561603317325893,1.6250839431076867,0.356717564020314,-1.3683746586042549e-14
264.8285549053532,-68.99886973966885,14.563631546647953,1.6253112365753204,0.3577063125522062,-2.5262301389617013e-14
264.85227983455206,-68.99355041442836,14.565685109019645,1.6255402824629082,0.3586891734436247,-2.2104513715914887e-14
264.8759968122154,-68.98822955027522,14.567764077719238,1.6257710933791474,0.359666123298269,-3.263047262825531e-14
264.89970584070187,-68.98290714707286,14.569868526025028,1.6260036819653534,0.3606371387319944,1.5788938368510635e-14
264.92340692236644,-68.97758320468489,14.571998527215298,1.62623806089542,0.3616021963728265,1.2631150694808506e-14
264.94710005956097,-68.97225772297487,14.574154154568333,1.6264742428757712,0.3625612728609871,-1.5788938368510635e-14
264.97078525463377,-68.96693070180658,14.576335481362417,1.6267122406453218,0.36351434484891304,-1.473634247727659e-14
