galstreams/tracks/track.st.Hrid.ibata2021.ecsv
# %ECSV 1.0
# ---
# datatype:
# - {name: ra, unit: deg, datatype: float64}
# - {name: dec, unit: deg, datatype: float64}
# - {name: distance, unit: kpc, datatype: float64}
# - {name: pm_ra_cosdec, unit: mas / yr, datatype: float64}
# - {name: pm_dec, unit: mas / yr, datatype: float64}
# - {name: radial_velocity, unit: km / s, datatype: float64}
# delimiter: ','
# meta: !!omap
# - __serialized_columns__:
#     dec:
#       __class__: astropy.coordinates.angles.Latitude
#       unit: &id001 !astropy.units.Unit {unit: deg}
#       value: !astropy.table.SerializedColumn {name: dec}
#     distance:
#       __class__: astropy.coordinates.distances.Distance
#       unit: !astropy.units.Unit {unit: kpc}
#       value: !astropy.table.SerializedColumn {name: distance}
#     pm_dec:
#       __class__: astropy.units.quantity.Quantity
#       unit: !astropy.units.Unit {unit: mas / yr}
#       value: !astropy.table.SerializedColumn {name: pm_dec}
#     pm_ra_cosdec:
#       __class__: astropy.units.quantity.Quantity
#       unit: !astropy.units.Unit {unit: mas / yr}
#       value: !astropy.table.SerializedColumn {name: pm_ra_cosdec}
#     ra:
#       __class__: astropy.coordinates.angles.Longitude
#       unit: *id001
#       value: !astropy.table.SerializedColumn {name: ra}
#       wrap_angle: !astropy.coordinates.Angle
#         unit: *id001
#         value: 360.0
#     radial_velocity:
#       __class__: astropy.units.quantity.Quantity
#       unit: !astropy.units.Unit {unit: km / s}
#       value: !astropy.table.SerializedColumn {name: radial_velocity}
# schema: astropy-2.0
ra,dec,distance,pm_ra_cosdec,pm_dec,radial_velocity
[from data line 2846]
280.7650559681076,43.59863776460739,3.1220876610422805,-5.708369359878364,22.293594889193976,-216.6867370800843
280.76580508204756,43.60862912743225,3.1221344302320944,-5.707897929790437,22.29507495237214,-216.62016957559032
280.7665543503335,43.618620488998125,3.122181282212051,-5.707426247311119,22.296553702431403,-216.55359534248765
280.7673037732102,43.62861184929886,3.1222282170114077,-5.706954312410547,22.298031139223077,-216.487014393181
280.7680533509228,43.63860320832835,3.122275234659427,-5.706482125058781,22.29950726259843,-216.42042674007467
280.76880308371676,43.64859456608026,3.1223223351853715,-5.70600968522576,22.30098207240877,-216.35383239557328
280.7695529718374,43.658585922548475,3.1223695186184988,-5.705536992881409,22.30245556850544,-216.2872313720812
280.7703030155305,43.66857727772683,3.122416784988072,-5.705064047995573,22.303927750739746,-216.22062368200326
280.7710532150417,43.67856863160899,3.1224641343233515,-5.704590850538009,22.305398618963036,-216.1540093377439
280.7718035706173,43.68855998418888,3.1225115666535967,-5.704117400478405,22.3068681730267,-216.08738835170766
280.7725540825032,43.69855133546017,3.12255908200807,-5.7036436977864255,22.30833641278207,-216.0207607362987
280.7733047509459,43.70854268541667,3.122606680416031,-5.703169742431612,22.309803338080542,-215.95412650392208
280.7740555761919,43.71853403405221,3.122654361906741,-5.702695534383449,22.311268948773524,-215.88748566698217
280.7748065584879,43.72852538136047,3.122702126509461,-5.702221073611384,22.312733244712394,-215.8208382378834
280.77555769808095,43.73851672733533,3.1227499742534506,-5.701746360084712,22.3141962257486,-215.75418422903033
280.77630899521785,43.74850807197042,3.1227979051679724,-5.701271393772788,22.315657891733565,-215.68752365282745
280.777060450146,43.758499415259564,3.1228459192822857,-5.70079617464479,22.317118242518724,-215.62085652167934
280.7778120631129,43.76849075719655,3.1228940166256516,-5.700320702669848,22.31857727795555,-215.5541828479906
280.778563834366,43.77848209777503,3.1229421972273324,-5.699844977817041,22.320034997895505,-215.48750264416577
280.77931576415324,43.78847343698886,3.1229904611165873,-5.699369000055383,22.321491402190063,-215.42081592260928
280.7800678527224,43.79846477483168,3.123038808322676,-5.698892769353842,22.322946490690736,-215.35412269572547
280.7808201003218,43.80845611129725,3.123087238874862,-5.698416285681184,22.324400263249032,-215.28742297591944
280.7815725071997,43.81844744637937,3.1231357528024035,-5.697939549006309,22.325852719716465,-215.2207167755951
280.78232507360457,43.82843878007166,3.123184350134563,-5.697462559297876,22.327303859944568,-215.15400410715745
280.7830777997851,43.838430112367895,3.1232330309006007,-5.696985316524548,22.328753683784893,-215.08728498301065
280.78383068599015,43.848421443261834,3.1232817951297775,-5.696507820654934,22.330202191088983,-215.02055941555946
280.7845837324688,43.858412772747094,3.123330642851354,-5.696030071657516,22.331649381708413,-214.95382741720837
280.78533693947026,43.868404100817486,3.1233795740945904,-5.695552069500727,22.333095255494797,-214.88708900036198
280.78609030724385,43.87839542746659,3.123428588888749,-5.695073814152999,22.33453981229967,-214.82034417742472
280.78684383603934,43.88838675268821,3.123477687263089,-5.694595305582561,22.335983051974708,-214.75359296080106
280.78759752610637,43.89837807647604,3.1235268692468727,-5.694116543757663,22.33742497437149,-214.6868353628957
280.7883513776948,43.90836939882368,3.123576134869359,-5.693637528646504,22.338865579341665,-214.62007139611293
280.789105391055,43.91836071972487,3.123625484159811,-5.693158260217128,22.340304866736858,-214.55330107285752
280.7898595664371,43.92835203917335,3.123674917147487,-5.692678738437576,22.34174283640877,-214.48652440553406
280.7906139040916,43.93834335716269,3.12372443386165,-5.692198963275778,22.343179488209035,-214.41974140654673
280.79136840426924,43.94833467368666,3.1237740343315585,-5.691718934699633,22.344614821989353,-214.35295208830036
280.7921230672208,43.958325988738814,3.123823718586476,-5.691238652676932,22.34604883760142,-214.28615646319938
280.7928778931974,43.96831730231289,3.1238734866556612,-5.690758117175417,22.347481534896946,-214.2193545436484
280.7936328824503,43.97830861440259,3.123923338568375,-5.690277328162717,22.348912913727652,-214.15254634205183
280.7943880352308,43.988299925001456,3.123973274353879,-5.6897962856064845,22.350342973945267,-214.08573187081433
280.79514335179044,43.99829123410327,3.124023294041433,-5.689314989474207,22.35177171540156,-214.01891114234016
280.79589883238117,44.00828254170155,3.124073397660299,-5.688833439733329,22.353199137948273,-213.95208416903415
280.7966544772549,44.01827384778998,3.1241235852397375,-5.688351636351232,22.354625241437176,-213.88525096330073
280.79741028666365,44.02826515236226,3.124173856809008,-5.687869579295238,22.35605002572006,-213.81841153754456
280.79816626085983,44.038256455411926,3.124224212397373,-5.687387268532594,22.35747349064872,-213.75156590416987
280.798922400096,44.04824775693269,3.1242746520340923,-5.686904704030438,22.358895636074983,-213.68471407558144
280.79967870462474,44.0582390569181,3.1243251757484263,-5.686421885755855,22.36031646185066,-213.61785606418363
280.80043517469903,44.0682303553618,3.124375783569636,-5.685938813675896,22.3617359678276,-213.55099188238106
280.80119181057194,44.078221652257454,3.1244264755269833,-5.685455487757464,22.363154153857636,-213.4841215425785
280.8019486124966,44.088212947598585,3.1244772516497283,-5.684971907967514,22.36457101979262,-213.41724505717997
280.8027055807266,44.098204241378845,3.1245281119671304,-5.684488074272766,22.365986565484477,-213.35036243859042
280.80346271551537,44.10819553359189,3.124579056508453,-5.684003986640022,22.36740079078502,-213.28347369921414
280.80422001711685,44.11818682423119,3.1246300853029543,-5.683519645035926,22.36881369554621,-213.21657885145586
280.80497748578506,44.12817811329046,3.124681198379897,-5.683035049427055,22.370225279619934,-213.14967790772005
280.80573512177415,44.13816940076318,3.124732395768542,-5.6825501997798975,22.371635542858126,-213.08277088041106
280.80649292533843,44.14816068664299,3.1247836774981477,-5.6820650960609775,22.37304448511272,-213.01585778193356
280.8072508967325,44.158151970923505,3.1248350435979773,-5.68157973823661,22.37445210623566,-212.94893862469218
280.8080090362111,44.168143253598195,3.1248864940972907,-5.68109412627311,22.375858406078926,-212.88201342109136
280.80876734402915,44.178134534660686,3.1249380290253472,-5.680608260136724,22.377263384494498,-212.81508218353562
280.80952582044176,44.1881258141046,3.1249896484114097,-5.680122139793609,22.378667041334346,-212.74814492442945
280.8102844657042,44.19811709192338,3.1250413522847387,-5.67963576520982,22.380069376450475,-212.68120165617745
280.81104328007206,44.208108368110686,3.1250931406745948,-5.679149136351396,22.381470389694893,-212.61425239118407
280.811802263801,44.21809964265998,3.1251450136102377,-5.678662253184252,22.382870080919673,-212.54729714185402
280.8125614171468,44.22809091556482,3.125196971120929,-5.678175115674279,22.3842684499768,-212.48033592059164
280.81332074036555,44.23808218681885,3.1252490132359294,-5.6776877237872885,22.385665496718357,-212.41336873980143
280.8140802337135,44.24807345641546,3.1253011399845008,-5.677200077488957,22.38706122099639,-212.3463956118882
280.81483989744714,44.258064724348316,3.1253533513959018,-5.676712176744955,22.388455622663002,-212.27941654925624
280.81559973182306,44.26805599061082,3.1254056474993948,-5.676224021520858,22.389848701570276,-212.21243156431024
280.816359737098,44.278047255196554,3.12545802832424,-5.675735611782174,22.391240457570312,-212.14544066945444
280.8171199135291,44.28803851809909,3.125510493899698,-5.675246947494339,22.39263089051523,-212.0784438770937
280.81788026137343,44.29802977931183,3.1255630442550304,-5.674758028622702,22.39402000025715,-212.01144119963234
280.8186407808885,44.308021038828386,3.1256156794194974,-5.674268855132548,22.395407786648217,-211.94443264947498
280.8194014723317,44.31801229664217,3.1256683994223584,-5.673779426989081,22.396794249540623,-211.87741823902627
280.820162335961,44.32800355274671,3.125721204292877,-5.673289744157463,22.398179388786485,-211.81039798069057
280.82092337203426,44.33799480713558,3.125774094060311,-5.672799806602714,22.39956320423802,-211.74337188687244
280.8216845808096,44.34798605980216,3.125827068753924,-5.67230961428989,22.400945695747396,-211.67633996997623
280.8224459625454,44.35797731073996,3.1258801284029754,-5.671819167183851,22.40232686316684,-211.60930224240693
280.8232075175001,44.36796855994254,3.125933273036725,-5.671328465249477,22.403706706348565,-211.54225871656874
280.8239692459326,44.377959807403265,3.125986502684435,-5.6708375084515295,22.40508522514481,-211.47520940486615
280.8247311481017,44.38795105311571,3.1260398173753656,-5.670346296754696,22.406462419407802,-211.40815431970398
280.82549322426644,44.39794229707322,3.1260932171387785,-5.6698548301236205,22.407838288989826,-211.34109347348635
280.8262554746863,44.40793353926933,3.126146702003933,-5.6693631085228295,22.409212833743133,-211.27402687861823
280.8270178996206,44.41792477969754,3.126200272000091,-5.668871131916822,22.410586053520007,-211.20695454750393
280.8277804993292,44.42791601835122,3.126253927156513,-5.668378900269974,22.411957948172756,-211.13987649254784
280.8285432740718,44.43790725522383,3.1263076675024593,-5.667886413546639,22.4133285175537,-211.07279272615483
280.82930622410856,44.4478984903089,3.126361493067191,-5.66739367171106,22.414697761515146,-211.0057032607291
280.8300693496997,44.457889723599735,3.1264154038799687,-5.666900674727449,22.416065679909423,-210.93860810867528
280.8308326511058,44.46788095508988,3.1264693999700537,-5.66640742255985,22.417432272588886,-210.87150728239817
280.8315961285874,44.477872184772686,3.1265234813667058,-5.665913915172344,22.418797539405933,-210.80440079430193
280.8323597824054,44.48786341264157,3.1265776480991874,-5.665420152528878,22.42016148021286,-210.7372886567914
280.83312361282077,44.49785463869009,3.126631900196756,-5.664926134593339,22.421524094862132,-210.67017088227075
280.8338876200948,44.50784586291148,3.126686237688678,-5.664431861329541,22.422885383206104,-210.60304748314468
280.834651804489,44.51783708529929,3.126740660604209,-5.663937332701181,22.424245345097216,-210.53591847181804
280.83541616626485,44.527828305846796,3.1267951689726114,-5.663442548671974,22.425603980387873,-210.46878386069483
280.8361807056842,44.537819524547466,3.1268497628231464,-5.662947509205484,22.426961288930528,-210.40164366218002
280.8369454230092,44.54781074139477,3.1269044421850745,-5.662452214265217,22.428317270577626,-210.33449788867773
280.83771031850193,44.55780195638195,3.1269592070876557,-5.661956663814606,22.429671925181644,-210.26734655259284
280.83847539242487,44.56779316950252,3.127014057560153,-5.6614608578170476,22.431025252595035,-210.20018966632963
280.8392406450406,44.57778438074976,3.127068993631826,-5.660964796235793,22.43237725267031,-210.13302724229283
280.8400060766119,44.58777559011709,3.1271240153319333,-5.660468479034065,22.433727925259973,-210.06585929288693
280.8407716874019,44.59776679759794,3.127179122689739,-5.659971906175002,22.435077270216546,-209.99868583051634
280.8415374776737,44.60775800318556,3.127234315734502,-5.6594750776216465,22.436425287392552,-209.93150686758577
280.84230344769065,44.61774920687337,3.1272895944954837,-5.658977993337032,22.43777197664052,-209.8643224164997
280.8430695977164,44.62774040865479,3.127344959001945,-5.6584806532840455,22.439117337813023,-209.7971324896624
280.84383592801476,44.63773160852303,3.127400409283146,-5.65798305742554,22.440461370762623,-209.72993709947872
280.84460243884973,44.6477228064716,3.1274559453683475,-5.657485205724247,22.441804075341917,-209.66273625835322
280.84536913048544,44.6577140024937,3.1275115672868115,-5.6569870981428805,22.44314545140349,-209.59552997869025
280.84613600318636,44.66770519658271,3.1275672750677974,-5.656488734644023,22.444485498799942,-209.52831827289444
280.846903057217,44.67769638873206,3.127623068740567,-5.655990115190262,22.4458242173839,-209.46110115337004
280.8476702928422,44.68768757893492,3.1276789483343794,-5.655491239743996,22.447161607008,-209.39387863252205
280.8484377103269,44.697678767184776,3.1277349138784976,-5.654992108267663,22.448497667524883,-209.3266507227546
280.84920530993634,44.707669953474785,3.1277909654021805,-5.654492720723542,22.449832398787226,-209.25941743647238
280.8499730919358,44.71766113779833,3.1278471029346906,-5.6539930770738955,22.45116580064768,-209.19217878608006
280.850741056591,44.7276523201488,3.1279033265052862,-5.653493177280837,22.45249787295895,-209.12493478398207
280.85150920416766,44.737643500519354,3.1279596361432307,-5.6529930213064885,22.45382861557373,-209.05768544258282
280.8522775349318,44.74763467890337,3.1280160318777845,-5.652492609112848,22.45515802834472,-208.9904307742869
280.8530460491495,44.75762585529419,3.1280725137382075,-5.651991940661825,22.456486111124665,-208.92317079149893
280.85381474708726,44.767617029684985,3.1281290817537593,-5.651491015915309,22.457812863766282,-208.85590550662326
280.85458362901164,44.77760820206916,3.128185735953703,-5.650989834835053,22.459138286122343,-208.7886349320648
280.8553526951894,44.78759937243988,3.1282424763672987,-5.650488397382763,22.460462378045605,-208.7213590802276
280.85612194588765,44.797590540790466,3.1282993030238058,-5.649986703520071,22.461785139388837,-208.65407796351647
280.85689138137343,44.80758170711426,3.1283562159524867,-5.64948475320853,22.463106570004847,-208.5867915943359
280.8576610019142,44.817572871404394,3.128413215182601,-5.648982546409599,22.464426669746437,-208.51949998509056
280.85843080777755,44.82756403365427,3.1284703007434116,-5.648480083084695,22.465745438466403,-208.45220314818462
280.85920079923136,44.837555193857,3.1285274726641767,-5.647977363195126,22.467062876017593,-208.38490109602287
280.8599709765435,44.84754635200591,3.1285847309741577,-5.647474386702146,22.46837898225285,-208.31759384100977
280.86074133998227,44.85753750809428,3.1286420757026163,-5.646971153566914,22.46969375702502,-208.25028139555
280.8615118898161,44.86752866211524,3.1286995068788133,-5.646467663750502,22.471007200186985,-208.18296377204797
280.8622826263135,44.87751981406218,3.128757024532008,-5.645963917213968,22.47231931159163,-208.11564098290796
280.8630535497434,44.887510963928165,3.1288146286914627,-5.645459913918203,22.47363009109183,-208.048313040535
280.8638246603748,44.8975021117065,3.128872319386437,-5.644955653824113,22.474939538540518,-207.98097995733318
280.8645959584769,44.90749325739046,3.128930096646193,-5.6444511368924415,22.476247653790598,-207.91364174570745
280.86536744431913,44.91748440097315,3.1289879604999906,-5.643946363083939,22.477554436695026,-207.84629841806193
280.86613911817113,44.92747554244782,3.12904591097709,-5.643441332359193,22.47885988710673,-207.7789499868014
280.8669109803028,44.93746668180775,3.1291039481067533,-5.64293604467877,22.480164004878674,-207.7115964643303
280.8676830309841,44.947457819046015,3.1291620719182407,-5.642430500003169,22.48146678986383,-207.6442378630531
280.86845527048536,44.95744895415593,3.1292202824408126,-5.641924698292749,22.482768241915206,-207.5768741953746
280.86922769907704,44.967440087130555,3.1292785797037315,-5.641418639507853,22.484068360885768,-207.50950547369905
280.87000031702974,44.97743121796317,3.1293369637362547,-5.640912323608719,22.485367146628583,-207.44213171043106
280.8707731246144,44.98742234664699,3.1293954345676456,-5.640405750555511,22.486664598996633,-207.3747529179752
280.871546122102,44.99741347317507,3.129453992227165,-5.639898920308331,22.487960717842977,-207.3073691087359
280.872319309764,45.00740459754063,3.129512636744073,-5.639391832827173,22.489255503020658,-207.23998029511793
