galstreams/tracks/track.st.Pal5.pricewhelan2019.ecsv
# %ECSV 0.9
# ---
# datatype:
# - {name: ra, unit: deg, datatype: float64}
# - {name: dec, unit: deg, datatype: float64}
# - {name: distance, unit: kpc, datatype: float64}
# - {name: pm_ra_cosdec, unit: mas / yr, datatype: float64}
# - {name: pm_dec, unit: mas / yr, datatype: float64}
# - {name: radial_velocity, unit: km / s, datatype: float64}
# delimiter: ','
# meta: !!omap
# - __serialized_columns__:
#     dec:
#       __class__: astropy.coordinates.angles.Latitude
#       unit: &id001 !astropy.units.Unit {unit: deg}
#       value: !astropy.table.SerializedColumn {name: dec}
#     distance:
#       __class__: astropy.coordinates.distances.Distance
#       unit: !astropy.units.Unit {unit: kpc}
#       value: !astropy.table.SerializedColumn {name: distance}
#     pm_dec:
#       __class__: astropy.units.quantity.Quantity
#       unit: !astropy.units.Unit {unit: mas / yr}
#       value: !astropy.table.SerializedColumn {name: pm_dec}
#     pm_ra_cosdec:
#       __class__: astropy.units.quantity.Quantity
#       unit: !astropy.units.Unit {unit: mas / yr}
#       value: !astropy.table.SerializedColumn {name: pm_ra_cosdec}
#     ra:
#       __class__: astropy.coordinates.angles.Longitude
#       unit: *id001
#       value: !astropy.table.SerializedColumn {name: ra}
#       wrap_angle: !astropy.coordinates.Angle
#         unit: *id001
#         value: 360.0
#     radial_velocity:
#       __class__: astropy.units.quantity.Quantity
#       unit: !astropy.units.Unit {unit: km / s}
#       value: !astropy.table.SerializedColumn {name: radial_velocity}
# schema: astropy-2.0
ra,dec,distance,pm_ra_cosdec,pm_dec,radial_velocity
[from data line 571]
236.81999526850169,4.480315976694869,21.775075932441844,-2.4710408271326316,-2.383034064311351,999.0000225598961
236.81160822599801,4.474825794561071,21.774278897398567,-2.471534691787711,-2.3832005452482123,999.0000225595636
236.80321716087042,4.4693418422715565,21.773480596176054,-2.4720281549978145,-2.3833674223154233,999.0000225592299
236.7948218218913,4.463864502370957,21.77268102877429,-2.4725212159873315,-2.3835346962769948,999.0000225588947
236.78642195938858,4.458394155001248,21.771880195193283,-2.473013873989424,-2.383702367888299,999.0000225585586
236.7780173253262,4.452931177779281,21.77107809543304,-2.473506128246226,-2.383870437895836,999.0000225582216
236.76960767335098,4.447475945726391,21.770274729493547,-2.4739979780089802,-2.384038907037114,999.0000225578831
236.76119275895704,4.442028831016623,21.76947009737481,-2.4744894225384715,-2.3842077760401312,999.0000225575441
236.75277233946497,4.436590203009777,21.76866419907682,-2.474980461104973,-2.3843770456234914,999.0000225572029
236.74434617415116,4.431160428054252,21.767857034599583,-2.47547109298854,-2.3845467164960126,999.0000225568614
236.7359140242969,4.4257398694124745,21.767048603943095,-2.4759613174792214,-2.384716789356606,999.0000225565182
236.72747565331744,4.420328887064197,21.76623890710735,-2.4764511338772963,-2.384887264893895,999.0000225561735
236.7190308267595,4.414927837710785,21.765427944092355,-2.4769405414933052,-2.3850581437862646,999.0000225558275
236.7105793124145,4.409537074603463,21.764615714898106,-2.477429539648326,-2.385229426701542,999.0000225554799
236.70212088037903,4.404156947450377,21.763802219524592,-2.4779181276741045,-2.3854011142968434,999.0000225551312
236.69365530313638,4.3987878022933575,21.762987457971825,-2.478406304913242,-2.3855732072183535,999.0000225547808
236.68518235562573,4.393429981402675,21.762171430239793,-2.478894070719401,-2.3857457061011536,999.0000225544288
236.67670181528882,4.388083823206213,21.761354136328503,-2.4793814244573213,-2.3859186115691218,999.0000225540756
236.6682134621513,4.3827496621659385,21.76053557623796,-2.479868365503103,-2.3860919242347207,999.0000225537204
236.65971707889832,4.377427828662686,21.759715749968137,-2.4803548932443102,-2.3862656446988115,999.0000225533632
236.65121245091217,4.372118648939604,21.75889465751906,-2.4808410070800275,-2.386439773550579,999.0000225530054
236.6426993663745,4.366822444946395,21.75807229889071,-2.4813267064211586,-2.386614311367265,999.0000225526447
236.63417761625522,4.361539534356746,21.757248674083094,-2.481811990690296,-2.3867892587142707,999.000022552283
236.6256469944765,4.356270230318939,21.75642378309621,-2.4822968593221573,-2.386964616144666,999.00002255192
236.6171072978949,4.351014841483307,21.75559762593005,-2.4827813117634783,-2.3871403841993306,999.000022551554
236.6085583263736,4.34577367189246,21.754770202584634,-2.483265347473165,-2.3873165634067712,999.0000225511869
236.59999988286444,4.3405470208567145,21.75394151305993,-2.4837489659224548,-2.3874931542829274,999.0000225508178
236.59143177343424,4.335335182915035,21.753111557355957,-2.4842321665949654,-2.3876701573311503,999.0000225504464
236.58285380734097,4.330138447718281,21.75228033547271,-2.4847149489868072,-2.3878475730420217,999.0000225500737
236.57426579706964,4.324957099975847,21.751447847410184,-2.4851973126066778,-2.388025401893309,999.0000225496988
236.56566755839583,4.319791419359003,21.750614093168387,-2.485679256975936,-2.3882036443498293,999.0000225493216
236.55705891044184,4.314641680415735,21.74977907274731,-2.486160781628706,-2.388382300863338,999.0000225489424
236.548439675692,4.30950815254809,21.748942786146955,-2.4866418861118844,-2.3885613718725467,999.0000225485613
236.53980968009586,4.304391099854954,21.748105233367312,-2.4871225699853277,-2.3887408578028726,999.0000225481781
236.53116875305076,4.299290781159926,21.747266414408394,-2.4876028328217643,-2.3889207590665538,999.0000225477934
236.52251672750734,4.294207449850195,21.746426329270193,-2.4880826742070146,-2.3891010760623925,999.0000225474057
236.51385343996265,4.289141353887887,21.7455849779527,-2.488562093739905,-2.3892818091758494,999.000022547016
236.50517873053954,4.284092735690048,21.744742360455934,-2.489041091032417,-2.38946295877886,999.0000225466242
236.49649244300386,4.2790618321019105,21.74389847677988,-2.4895196657096563,-2.3896445252298553,999.0000225462301
236.4877944248146,4.274048874322258,21.743053326924542,-2.4899978174099786,-2.3898265088736808,999.000022545834
236.47908452716365,4.269054087842441,21.742206910889905,-2.4904755457849586,-2.3900089100415367,999.0000225454353
236.4703626049955,4.264077692417458,21.74135922867599,-2.490952850499395,-2.3901917290509966,999.0000225450343
236.4616285170575,4.259119901989497,21.74051028028278,-2.49142973123139,-2.390374966205921,999.0000225446314
236.45288212595653,4.254180924602675,21.739660065710286,-2.491906187672463,-2.390558621796353,999.0000225442259
236.444123298123,4.249260962458193,21.7388085849585,-2.4923822195273093,-2.390742696098708,999.0000225438181
236.43535190391947,4.244360211749308,21.737955838027425,-2.4928578265140837,-2.390927189375508,999.0000225434079
236.42656781761403,4.239478862702566,21.737101824917048,-2.493333008364231,-2.3911121018755384,999.0000225429948
236.41777091743052,4.234617099501799,21.736246545627385,-2.4938077648225336,-2.391297433833766,999.0000225425796
236.40896108558627,4.229775100231856,21.735390000158425,-2.494282095647187,-2.3914831854712952,999.0000225421621
236.40013820828577,4.224953036887944,21.73453218851017,-2.4947560006096796,-2.391669356995468,999.0000225417422
236.39130217577826,4.220151075288945,21.73367311068262,-2.4952294794948835,-2.3918559485997513,999.0000225413195
236.38245288234876,4.215369375091921,21.73281276667578,-2.4957025321009216,-2.392042960463846,999.0000225408946
236.3735902263669,4.210608089717972,21.73195115648964,-2.4961751582393075,-2.392230392753606,999.0000225404668
236.36471411027722,4.205867366367793,21.7310882801242,-2.4966473577347568,-2.392418245621143,999.0000225400366
236.35582444064832,4.201147345947195,21.730224137579466,-2.4971191304252747,-2.3926065192047523,999.0000225396041
236.3469211281667,4.196448163078121,21.72935872885543,-2.497590476162126,-2.3927952136289967,999.0000225391686
236.33800408764694,4.191769946082549,21.7284920539521,-2.498061394809696,-2.3929843290047557,999.0000225387308
236.32907323807268,4.187112816920924,21.72762411286947,-2.4985318862455634,-2.3931738654291683,999.0000225382902
236.320128502588,4.182476891207254,21.726754905607535,-2.499001950360443,-2.393363822985734,999.0000225378469
236.3111698085032,4.177862278199208,21.725884432166303,-2.499471587058067,-2.3935542017443643,999.0000225374013
236.30219708731414,4.1732690807703055,21.72501269254577,-2.4999407962551925,-2.3937450017613955,999.000022536953
236.29321027471406,4.168697395392444,21.72413968674594,-2.5004095778815607,-2.3939362230796233,999.0000225365015
236.28420931058537,4.164147312149259,21.723265414766804,-2.500877931879793,-2.394127865728399,999.0000225360479
236.2751941390194,4.159618914706517,21.722389876608364,-2.501345858205406,-2.394319929723637,999.0000225355915
236.26616470831024,4.1551122803217515,21.721513072270632,-2.5018133568266547,-2.3945124150679,999.0000225351322
236.25712097095808,4.150627479840948,21.720635001753585,-2.502280427724521,-2.394705321750466,999.0000225346704
236.2480628836658,4.146164577703466,21.719755665057242,-2.502747070892641,-2.394898649747394,999.000022534206
236.23899040735373,4.141723631920703,21.718875062181596,-2.503213286337232,-2.3950923990215545,999.0000225337388
236.22990350712942,4.137304694122655,21.71799319312665,-2.5036790740769743,-2.395286569522786,999.0000225332689
236.22080215232683,4.13290780949952,21.717110057892388,-2.5041444341430448,-2.3954811611878326,999.0000225327959
236.21168631644474,4.1285330168950365,21.716225656478837,-2.5046093665788467,-2.395676173940611,999.0000225323206
236.20255597719094,4.124180348741088,21.715339988885972,-2.5050738714401226,-2.3958716076921274,999.0000225318428
236.1934111164466,4.119849831112137,21.714453055113808,-2.5055379487947316,-2.3960674623406497,999.0000225313613
236.18425172026878,4.1155414837220805,21.713564855162335,-2.506001598722621,-2.3962637377717666,999.0000225308778
236.17507777887033,4.111255319955625,21.712675389031563,-2.5064648213156993,-2.396460433858503,999.000022530391
236.16588928662114,4.106991346867173,21.711784656721488,-2.5069276166777748,-2.3966575504613834,999.000022529902
236.15668624201462,4.10274956523288,21.7108926582321,-2.507389984924402,-2.3968550874285848,999.0000225294101
236.14746864767577,4.09852996953833,21.709999393563418,-2.5078519261828287,-2.397053044595972,999.0000225289151
236.1382365103394,4.094332548013008,21.709104862715424,-2.5083134405918925,-2.3972514217872254,999.0000225284177
236.12898984081068,4.090157282691211,21.70820906568812,-2.5087745283018332,-2.397450218814011,999.0000225279176
236.1197286539878,4.086004149377719,21.707312002481526,-2.5092351894743143,-2.3976494354759605,999.000022527414
236.11045296880624,4.081873117733746,21.706413673095625,-2.5096954242821994,-2.3978490715609113,999.0000225269087
236.10116280823445,4.077764151284075,21.705514077530417,-2.5101552329094776,-2.398049126844953,999.0000225263999
236.09185819924693,4.073677207459082,21.704613215785905,-2.5106146155511446,-2.398249601092572,999.0000225258887
236.08253917280433,4.069612237625307,21.70371108786209,-2.5110735724130864,-2.398450494056755,999.0000225253747
236.07320576383233,4.065569187118444,21.702807693758967,-2.5115321037119624,-2.398651805479106,999.0000225248574
236.06385801118202,4.061547995304801,21.701903033476547,-2.511990209675045,-2.398853535090012,999.000022524338
236.0544959576214,4.0575485955943424,21.700997107014818,-2.5124478905401646,-2.3990556826087195,999.0000225238157
236.04511964979386,4.053570915504882,21.700089914373788,-2.5129051465554957,-2.3992582477434947,999.0000225232906
236.03572913818937,4.0496148767066344,21.699181455553454,-2.5133619779794754,-2.399461230191768,999.000022522763
236.0263244771256,4.045680395051926,21.698271730553824,-2.51381838508069,-2.3996646296402258,999.0000225222321
236.01690572470503,4.041767380640476,21.697360739374886,-2.5142743681376687,-2.3998684457649855,999.000022521699
236.00747294279026,4.037875737858472,21.696448482016645,-2.5147299274388497,-2.400072678231708,999.0000225211635
235.99802619696035,4.034005365445252,21.69553495847911,-2.51518506328232,-2.4002773266957713,999.0000225206248
235.98856555649124,4.030156156524068,21.694620168762267,-2.515639775975811,-2.4004823908023694,999.0000225200833
235.97909109430051,4.026327998686324,21.69370411286613,-2.5160940658364197,-2.4006878701867125,999.000022519539
235.96960288693683,4.022520774008953,21.692786790790684,-2.516547933190571,-2.4008937644740955,999.0000225189925
235.96010101451438,4.018734359154727,21.691868202535943,-2.517001378373833,-2.401100073280137,999.0000225184431
235.95058556069097,4.0149686254059045,21.6909483481019,-2.517454401730758,-2.401306796210868,999.000022517891
235.94105661262805,4.0112234387257715,21.690027227488564,-2.5179070036147464,-2.401513932862893,999.0000225173369
235.93151426094244,4.007498659833707,21.689104840695926,-2.51835918438792,-2.4017214828235662,999.0000225167796
235.9219585996722,4.00379414425639,21.688181187724,-2.518810944420934,-2.401929445671121,999.0000225162198
235.9123897262286,4.000109742402414,21.687256268572757,-2.519262284092852,-2.4021378209748487,999.0000225156573
235.90280774135988,3.996445299617667,21.686330083242233,-2.5197132037909733,-2.40234660829523,999.0000225150922
235.89321274909545,3.992800656271393,21.685402631732405,-2.520163703910683,-2.402555807184134,999.0000225145247
235.8836048567136,3.989175647805236,21.684473914043288,-2.5206137848553083,-2.402765417184942,999.0000225139544
235.8739841746883,3.9855701048150975,21.68354393017487,-2.5210634470359343,-2.402975437832727,999.0000225133821
235.8643508166425,3.981983853123563,21.68261268012716,-2.521512690871309,-2.403185868654423,999.0000225128067
235.8547048993085,3.978416713839387,21.681680163900154,-2.5219615167875995,-2.403396709168967,999.0000225122288
235.84504654246277,3.9748685034581133,21.680746381493865,-2.522409925218251,-2.403607958887508,999.000022511649
235.83537586889898,3.9713390339040027,21.679811332908276,-2.522857916603918,-2.403819617313525,999.000022511066
235.8256930043639,3.967828112627031,21.678875018143394,-2.523305491392151,-2.404031683943021,999.0000225104812
235.8159980775025,3.964335542688035,21.677937437199233,-2.5237526500373457,-2.4042441582647163,999.0000225098942
235.80629121982645,3.960861122806746,21.676998590075765,-2.5241993930005604,-2.404457039760163,999.0000225093039
235.79657256564366,3.9574046474695663,21.676058476773026,-2.5246457207493007,-2.404670327903965,999.000022508712
235.78684225201303,3.9539659069987927,21.67511709729099,-2.525091633757405,-2.404884022163937,999.0000225081171
235.77710041869088,3.9505446876347836,21.674174451629664,-2.525537132504853,-2.405098122001274,999.0000225075205
235.76734720807949,3.9471407716150835,21.673230539789056,-2.5259822174776048,-2.405312626870724,999.000022506921
235.75758276516862,3.9437539372630352,21.672285361769156,-2.5264268891674297,-2.4055275362207738,999.0000225063197
235.7478072374849,3.940383959066241,21.671338917569976,-2.526871148071761,-2.405742849493815,999.0000225057161
235.73802077503134,3.9370306077680888,21.670391207191507,-2.5273149946934765,-2.405958566126333,999.00002250511
235.7282235302365,3.933693650446659,21.66944223063376,-2.527758429540773,-2.4061746855490753,999.0000225045012
235.7184156578958,3.930372850603136,21.66849198789673,-2.5282014531269765,-2.40639120718723,999.0000225038912
235.70859731511732,3.927067968245884,21.667540478980424,-2.5286440659703966,-2.406608130460606,999.0000225032784
235.69876866125793,3.923778759987267,21.666587703884826,-2.529086268594096,-2.406825454783823,999.0000225026635
235.68892985787127,3.920504979123517,21.665633662609956,-2.5295280615257805,-2.407043179566479,999.0000225020466
235.67908106865073,3.9172463757217995,21.664678355155804,-2.5299694452976165,-2.4072613042133284,999.0000225014275
235.6692224593664,3.9140026967161083,21.66372178152238,-2.5304104204460147,-2.407479828124477,999.0000225008064
235.6593541978085,3.9107736859947844,21.662763941709674,-2.5308509875115113,-2.4076987506955536,999.000022500183
235.64947645372783,3.907559084490114,21.661804835717692,-2.531291147038569,-2.407918071317897,999.0000224995581
235.63958939877375,3.904358630273645,21.660844463546436,-2.5317308995753978,-2.4081377893787375,999.0000224989308
235.62969320644328,3.9011720586342737,21.659882825195908,-2.532170245673811,-2.4083579042613623,999.0000224983016
235.61978805201034,3.8979991021853606,21.658919920666108,-2.5326091858890156,-2.4085784153453247,999.0000224976703
235.6098741124692,3.8948394909518367,21.657955749957036,-2.5330477207794835,-2.4087993220066135,999.0000224970372
235.59995156647454,3.89169295246079,21.6569903130687,-2.5334858509066978,-2.409020623617839,999.0000224964026
235.59002059428295,3.8885592118318484,21.656023610001082,-2.5339235768351007,-2.4092423195484067,999.0000224957658
235.58008137768633,3.885437991877711,21.655055640754206,-2.5343608991318147,-2.4094644091647117,999.0000224951274
235.57013409995545,3.8823290131904185,21.654086405328055,-2.5347978183665076,-2.409686891830316,999.000022494487
235.5601789457785,3.879231994235664,21.653115903722647,-2.535234335111237,-2.4099097669061256,999.0000224938449
235.55021610119343,3.876146651455017,21.652144135937966,-2.535670449940244,-2.4101330337505953,999.0000224932007
235.54024575353577,3.8730726993463773,21.651171101974025,-2.5361061634298254,-2.4103566917198775,999.0000224925551
235.53026809137046,3.8700098505666873,21.65019680183082,-2.5365414761580993,-2.410580740168033,999.0000224919081
