galstreams/tracks/track.st.Slidr.ibata2021.ecsv
# %ECSV 1.0
# ---
# datatype:
# - {name: ra, unit: deg, datatype: float64}
# - {name: dec, unit: deg, datatype: float64}
# - {name: distance, unit: kpc, datatype: float64}
# - {name: pm_ra_cosdec, unit: mas / yr, datatype: float64}
# - {name: pm_dec, unit: mas / yr, datatype: float64}
# - {name: radial_velocity, unit: km / s, datatype: float64}
# delimiter: ','
# meta: !!omap
# - __serialized_columns__:
#     dec:
#       __class__: astropy.coordinates.angles.Latitude
#       unit: &id001 !astropy.units.Unit {unit: deg}
#       value: !astropy.table.SerializedColumn {name: dec}
#     distance:
#       __class__: astropy.coordinates.distances.Distance
#       unit: !astropy.units.Unit {unit: kpc}
#       value: !astropy.table.SerializedColumn {name: distance}
#     pm_dec:
#       __class__: astropy.units.quantity.Quantity
#       unit: !astropy.units.Unit {unit: mas / yr}
#       value: !astropy.table.SerializedColumn {name: pm_dec}
#     pm_ra_cosdec:
#       __class__: astropy.units.quantity.Quantity
#       unit: !astropy.units.Unit {unit: mas / yr}
#       value: !astropy.table.SerializedColumn {name: pm_ra_cosdec}
#     ra:
#       __class__: astropy.coordinates.angles.Longitude
#       unit: *id001
#       value: !astropy.table.SerializedColumn {name: ra}
#       wrap_angle: !astropy.coordinates.Angle
#         unit: *id001
#         value: 360.0
#     radial_velocity:
#       __class__: astropy.units.quantity.Quantity
#       unit: !astropy.units.Unit {unit: km / s}
#       value: !astropy.table.SerializedColumn {name: radial_velocity}
# schema: astropy-2.0
ra,dec,distance,pm_ra_cosdec,pm_dec,radial_velocity
[from data line 3120]
177.70393309024058,3.024310978643745,3.8082990576076527,-16.1348530353275,-4.494312421188852,207.6664750398552
177.7122127229523,3.0173447644810847,3.8090786015980864,-16.129452897626653,-4.493602254173041,207.85601323973071
177.72049009015413,3.010370715474388,3.8098586818999074,-16.124052075657936,-4.492892728702503,208.0455369209453
177.7287651900112,3.003388825569541,3.810639298819091,-16.118650569865643,-4.4921838448413,208.23504599531847
177.7370380206884,2.996399088712475,3.811420452661609,-16.11324838069422,-4.491475602653216,208.42454037466956
177.74530858035055,2.9894014988491233,3.8122021437334364,-16.107845508588152,-4.490768002201724,208.61401997081794
177.75357686716222,2.982396049925461,3.8129843723405443,-16.102441953992084,-4.490061043550036,208.80348469558314
177.7618428792879,2.975382735887478,3.8137671387889087,-16.09703771735074,-4.489354726761062,208.99293446078423
177.77010661489194,2.9683615506811756,3.8145504433845026,-16.091632799108943,-4.488649051897421,209.18236917824066
177.77836807213836,2.9613324882525993,3.8153342864332984,-16.086227199711626,-4.487944019021459,209.37178875977213
177.78662724919118,2.954295542547803,3.816118668241271,-16.080820919603823,-4.487239628195224,209.5611931171975
177.7948841442142,2.9472507075128735,3.8169035891143914,-16.07541395923068,-4.486535879480483,209.75058216233634
177.80313875537098,2.9401979770939106,3.817689049358637,-16.07000631903741,-4.485832772938713,209.9399558070083
177.81139108082505,2.9331373452370446,3.8184750492799786,-16.064597999469395,-4.485130308631109,210.12931396303244
177.81964111873967,2.926068805888425,3.8192615891843893,-16.059189000972058,-4.484428486618578,210.31865654222818
177.82788886727795,2.918992352994234,3.8200486693778446,-16.05377932399096,-4.48372730696174,210.5079834564148
177.83613432460285,2.911907980500663,3.8208362901663175,-16.04836896897175,-4.483026769720937,210.69729461741207
177.84437748887714,2.904815682353931,3.8216244518557803,-16.042957936360192,-4.482326874956216,210.8865899370388
177.8526183582634,2.8977154525002904,3.8224131547522076,-16.037546226602153,-4.481627622727351,211.075869327115
177.86085693092411,2.890607284886005,3.8232023991615725,-16.032133840143604,-4.480929013093818,211.26513269945949
177.8690932050215,2.8834911734573763,3.823992185389848,-16.026720777430615,-4.480231046114824,211.4543799658917
177.8773271787176,2.876367112160709,3.824782513743009,-16.02130703890935,-4.479533721849283,211.6436110382313
177.88555885017436,2.869235094942348,3.8255733845270283,-16.01589262502611,-4.478837040355821,211.8328258282975
177.8937882175535,2.862095115748658,3.8263647980478783,-16.01047753622728,-4.478141001692792,212.02202424790966
177.90201527901652,2.8549471685260293,3.8271567546115346,-16.005061772959344,-4.477445605918264,212.2112062088872
177.9102400327249,2.8477912472208637,3.8279492545239693,-15.999645335668912,-4.476750853090014,212.40037162304927
177.91846247683964,2.840627345779607,3.828742298091156,-15.994228224802677,-4.476056743265549,212.5895204022157
177.92668260952192,2.83345545814871,3.829535885619068,-15.988810440807462,-4.475363276502084,212.77865245820544
177.93490042893248,2.8262755782746636,3.83033001741368,-15.983391984130161,-4.474670452856557,212.9677677028379
177.94311593323192,2.81908770010397,3.831124693780965,-15.977972855217814,-4.473978272385623,213.15686604793268
177.95132912058074,2.8118918175831604,3.831919915026895,-15.972553054517538,-4.473286735145659,213.34594740530915
177.95953998913922,2.8046879246587952,3.832715681457446,-15.967132582476564,-4.472595841192751,213.5350116867864
177.96774853706742,2.7974760152774523,3.83351199337859,-15.961711439542244,-4.47190559058272,213.72405880418395
177.97595476252522,2.7902560833857373,3.8343088510963,-15.956289626162024,-4.471215983371089,213.9130886693211
177.98415866367233,2.7830281229302747,3.835106254916551,-15.950867142783435,-4.470527019613117,214.10210119401756
177.99236023866828,2.7757921278577258,3.835904205145316,-15.945443989854155,-4.469838699363768,214.29109629009238
178.00055948567237,2.768548092114763,3.836702702088569,-15.940020167821938,-4.469151022677745,214.48007386936501
178.00875640284377,2.7612960096480905,3.8375017460522813,-15.934595677134684,-4.468463989609443,214.6690338436545
178.01695098834142,2.7540358744044378,3.838301337342428,-15.929170518240353,-4.467777600213015,214.85797612478083
178.025143240324,2.7467676803305507,3.839101476264984,-15.923744691587023,-4.4670918545423,215.04690062456302
178.03333315695014,2.739491421373212,3.83990216312592,-15.918318197622911,-4.466406752650888,215.23580725482051
178.04152073637817,2.7322070914792236,3.840703398231211,-15.912891036796319,-4.465722294592065,215.42469592737243
178.04970597676626,2.7249146845954066,3.841505181886831,-15.907463209555646,-4.465038480418856,215.61356655403867
178.05788887627233,2.7176141946686165,3.842307514398753,-15.902034716349423,-4.464355310184009,215.8024190466381
178.06606943305422,2.7103056156457317,3.8431103960729494,-15.896605557626271,-4.463672783939975,215.9912533169904
178.07424764526942,2.702988941473649,3.843913827215395,-15.891175733834922,-4.462990901738957,216.18006927691485
178.08242351107535,2.6956641660993035,3.844717808132064,-15.885745245424236,-4.462309663632857,216.36886683823082
178.09059702862916,2.6883312834696373,3.8455223391289275,-15.880314092843156,-4.4616290696733145,216.55764591275752
178.0987681960878,2.6809902875316363,3.846327420511962,-15.874882276540736,-4.460949119911685,216.74640641231468
178.106937011608,2.6736411722322972,3.8471330525871386,-15.869449796966167,-4.460269814399051,216.93514824872136
178.1151034733464,2.6662839315186573,3.847939235660431,-15.864016654568728,-4.459591153186222,217.1238713337969
178.12326757945925,2.658918559337763,3.8487459700378137,-15.858582849797784,-4.458913136323727,217.3125755793609
178.13142932810274,2.6515450496366935,3.8495532560252608,-15.85314838310286,-4.458235763861829,217.50126089723273
178.1395887174328,2.6441633963625613,3.8503610939287443,-15.847713254933556,-4.4575590358505055,217.68992719923162
178.1477457456051,2.6367735934624963,3.851169484054238,-15.842277465739592,-4.4568829523394635,217.87857439717675
178.15590041077525,2.6293756348836492,3.8519784267077157,-15.836841015970784,-4.4562075133781365,218.06720240288794
178.16405271109844,2.6219695145732076,3.8527879221951515,-15.831403906077096,-4.455532719015688,218.25581112818435
178.17220264472982,2.6145552264783833,3.853597970822518,-15.825966136508551,-4.454858569301001,218.44440048488534
178.18035020982424,2.607132764546406,3.8544085728957884,-15.820527707715328,-4.45418506428269,218.63297038481042
178.18849540453638,2.599702122724543,3.8552197287209378,-15.81508862014769,-4.453512204009092,218.8215207397785
178.19663822702066,2.592263294960078,3.8560314386039383,-15.809648874256016,-4.4528399885282814,219.0100514616096
178.20477867543133,2.5848162752003265,3.8568437028507643,-15.804208470490801,-4.452168417888052,219.1985624621225
178.21291674792238,2.5773610573926278,3.8576565217673884,-15.798767409302641,-4.451497492135924,219.38705365313706
178.22105244264762,2.5698976354843523,3.858469895659784,-15.793325691142268,-4.450827211319151,219.57552494647217
178.22918575776055,2.5624260034228903,3.859283824833925,-15.787883316460487,-4.450157575484711,219.76397625394773
178.2373166914146,2.5549461551556623,3.8600983095957875,-15.782440285708244,-4.44948858467932,219.95240748738266
178.24544524176287,2.5474580846301156,3.8609133502513404,-15.776996599336586,-4.44882023894941,220.1408185585967
178.25357140695817,2.539961785793728,3.8617289471065597,-15.771552257796678,-4.448152538341155,220.32920937940887
178.26169518515331,2.532457252593996,3.8625451004674187,-15.766107261539794,-4.447485482900451,220.5175798616389
178.26981657450068,2.5249444789784468,3.8633618106398906,-15.760661611017316,-4.4468190726729215,220.7059299171058
178.27793557315246,2.5174234588946383,3.86417907792995,-15.755215306680736,-4.4461533077039315,220.89425945762918
178.28605217926074,2.50989418629015,3.8649969026435693,-15.749768348981673,-4.445488188038572,221.08256839502832
178.29416639097715,2.5023566551125973,3.865815285086722,-15.744320738371846,-4.444823713721659,221.27085664112272
178.3022782064533,2.4948108593096103,3.8666342255653814,-15.738872475303092,-4.444159884797748,221.45912410773153
178.3103876238405,2.487256792828856,3.867453724385522,-15.73342356022736,-4.443496701311124,221.64737070667417
178.31849464128982,2.479694449618025,3.8682737818531168,-15.727973993596718,-4.442834163305801,221.83559634977007
178.32659925695205,2.4721238236248424,3.8690943982741386,-15.722523775863333,-4.44217227082553,222.02380094883867
178.33470146897776,2.464544908797046,3.8699155739545623,-15.717072907479498,-4.44151102391379,222.21198441569936
178.34280127551736,2.456957699082418,3.8707373092003605,-15.711621388897608,-4.440850422613805,222.4001466621714
178.35089867472098,2.449362188428757,3.8715596043175067,-15.706169220570198,-4.440190466968508,222.58828760007415
178.35899366473842,2.4417583707838997,3.8723824596119747,-15.700716402949887,-4.439531157020593,222.77640714122705
178.36708624371943,2.4341462400956995,3.8732058753897385,-15.695262936489417,-4.438872492812469,222.96450519744943
178.37517640981332,2.426525790312047,3.8740298519567706,-15.689808821641659,-4.438214474386293,223.15258168056062
178.3832641611693,2.418897015380854,3.874854389619045,-15.68435405885958,-4.437557101783947,223.3406365023801
178.39134949593623,2.4112599092500724,3.8756794886825348,-15.678898648596268,-4.436900375047048,223.52866957472716
178.39943241226277,2.4036144658676695,3.8765051494532137,-15.67344259130494,-4.436244294216958,223.7166808094212
178.4075129082974,2.3959606791816426,3.877331372237056,-15.667985887438892,-4.435588859334764,223.90467011828156
178.41559098218823,2.3882985431400297,3.8781581573400348,-15.66252853745158,-4.434934070441292,224.09263741312773
178.42366663208318,2.3806280516908847,3.8789855050681226,-15.65707054179655,-4.434279927577109,224.28058260577905
178.43173985612995,2.3729491987822997,3.8798134157272943,-15.651611900927456,-4.433626430782518,224.46850560805464
178.43981065247596,2.3652619783623843,3.8806418896235226,-15.646152615298105,-4.432973580097551,224.65640633177412
178.44787901926833,2.357566384379291,3.881470927062781,-15.640692685362367,-4.432321375561983,224.84428468875686
178.455944954654,2.3498624107811885,3.882300528351043,-15.635232111574272,-4.431669817215333,225.03214059082214
178.4640084567796,2.342150051516287,3.8831306937942833,-15.629770894387939,-4.431018905096843,225.21997394978942
178.47206952379153,2.3344293005328196,3.8839614236984743,-15.624309034257626,-4.4303686392455095,225.4077846774778
178.48012815383595,2.326700151779045,3.8847927183695887,-15.618846531637697,-4.429719019700056,225.59557268570714
178.4881843450587,2.318962599203258,3.885624578113602,-15.613383386982624,-4.4290700464989525,225.78333788629638
178.4962380956054,2.3112166367537843,3.886457003236485,-15.607919600747014,-4.428421719680403,225.97108019106503
178.5042894036214,2.303462258378977,3.8872899940442145,-15.602455173385575,-4.427774039282353,226.15879951183257
178.51233826725183,2.295699458027215,3.8881235508427614,-15.596990105353136,-4.427127005342497,226.34649576041818
178.52038468464147,2.2879282296469117,3.8889576739381013,-15.591524397104655,-4.426480617898246,226.5341688486414
178.52842865393487,2.2801485671865116,3.8897923636362055,-15.586058049095199,-4.425834876986783,226.7218186883217
178.53647017327634,2.272360464594488,3.890627620243049,-15.580591061779952,-4.425189782645005,226.90944519127802
178.5445092408099,2.264563915819342,3.8914634440646045,-15.57512343561422,-4.424545334909575,227.09704826933006
178.5525458546793,2.256758914809609,3.8922998354068477,-15.569655171053427,-4.42390153381687,227.2846278342971
178.560580013028,2.2489454555138537,3.8931367945757485,-15.5641862685531,-4.423258379403036,227.47218379799855
178.56861171399916,2.2411235318806715,3.8939743218772835,-15.558716728568903,-4.422615871703947,227.65971607225396
178.57664095573577,2.2332931378586944,3.8948124176174233,-15.55324655155663,-4.421974010755218,227.84722456888227
178.58466773638048,2.225454267396572,3.8956510821021437,-15.54777573797217,-4.421332796592219,228.03470919970314
178.59269205407563,2.2176069144429973,3.896490315637419,-15.542304288271525,-4.42069222925005,228.22216987653596
178.60071390696334,2.2097510729466854,3.89733011852922,-15.53683220291085,-4.420052308763563,228.40960651120005
178.60873329318542,2.201886736856397,3.8981704910835213,-15.531359482346407,-4.419413035167361,228.5970190155146
178.61675021088337,2.1940139001209036,3.899011433606297,-15.525886127034541,-4.418774408495772,228.78440730129927
178.6247646581985,2.1861325566890244,3.89985294640352,-15.520412137431775,-4.41813642878289,228.97177128037336
178.63277663327173,2.1782427005096077,3.900695029781165,-15.514937513994713,-4.417499096062537,229.15911086455614
178.64078613424374,2.1703443255315316,3.9015376840452034,-15.509462257180095,-4.416862410368292,229.346425965667
178.64879315925495,2.1624374257037013,3.9023809095016104,-15.503986367444776,-4.416226371733482,229.53371649552537
178.65679770644542,2.15452199497506,3.9032247064563577,-15.498509845245737,-4.415590980191168,229.7209823659505
178.66479977395497,2.1465980272945853,3.904069075215422,-15.493032691040066,-4.414956235774164,229.90822348876202
178.67279935992318,2.138665516611282,3.904914016084774,-15.487554905284988,-4.414322138515039,230.09543977577894
178.68079646248916,2.1307244568741917,3.9057595293703877,-15.482076488437844,-4.413688688446104,230.282631138821
178.68879107979197,2.1227748420323787,3.9066056153782367,-15.476597440956109,-4.4130558855994115,230.46979748970728
178.69678320997016,2.114816666034952,3.9074522744142963,-15.47111776329734,-4.412423730006769,230.65693874025723
178.70477285116206,2.1068499228310498,3.908299506784538,-15.465637455919266,-4.411792221699733,230.84405480229032
178.71276000150579,2.098874606369843,3.9091473127949348,-15.460156519279703,-4.4111613607096105,231.03114558762576
178.720744659139,2.0908907106005326,3.909995692751461,-15.454674953836612,-4.410531147067449,231.21821100808307
178.72872682219915,2.082898229472356,3.9108446469600917,-15.44919276004804,-4.409901580804051,231.40525097548178
178.73670648882342,2.0748971569345787,3.9116941757267987,-15.44370993837221,-4.409272661949974,231.59226540164084
178.74468365714858,2.066887486936515,3.9125442793575558,-15.438226489267432,-4.408644390535523,231.77925419837985
178.75265832531122,2.0588692134274917,3.913394958158336,-15.432742413192148,-4.408016766590749,231.96621727751815
178.76063049144744,2.0508423303568852,3.9142462124351125,-15.427257710604914,-4.407389790145458,232.1531545508751
178.76860015369323,2.042806831674098,3.9150980424938613,-15.421772381964425,-4.406763461229209,232.34006593027016
178.77656731018416,2.03476271132857,3.915950448640555,-15.41628642772948,-4.406137779871317,232.52695132752268
178.78453195905547,2.0267099632697803,3.916803431181164,-15.410799848359028,-4.405512746100837,232.71381065445186
178.7924940984422,2.0186485814472257,3.9176569904216665,-15.40531264431212,-4.404888359946587,232.90064382287736
178.80045372647896,2.010578559810455,3.9185111266680326,-15.399824816047952,-4.404264621437133,233.08745074461814
178.8084108413,2.0024998923090456,3.9193658402262366,-15.394336364025811,-4.403641530600796,233.27423133149404
178.81636544103947,1.994412572892605,3.920221131402253,-15.38884728870514,-4.403019087465661,233.46098549532408
178.824317523831,1.98631659551078,3.9210770005020534,-15.38335759054551,-4.402397292059548,233.64771314792773
178.83226708780794,1.9782119541132557,3.921933447831614,-15.37786727000657,-4.401776144410043,233.8344142011246
