galstreams/tracks/track.st.Phlegethon.ibata2020.ecsv
# %ECSV 0.9
# ---
# datatype:
# - {name: ra, unit: deg, datatype: float64}
# - {name: dec, unit: deg, datatype: float64}
# - {name: distance, unit: kpc, datatype: float64}
# - {name: pm_ra_cosdec, unit: mas / yr, datatype: float64}
# - {name: pm_dec, unit: mas / yr, datatype: float64}
# - {name: radial_velocity, unit: km / s, datatype: float64}
# delimiter: ','
# meta: !!omap
# - __serialized_columns__:
#     dec:
#       __class__: astropy.coordinates.angles.Latitude
#       unit: &id001 !astropy.units.Unit {unit: deg}
#       value: !astropy.table.SerializedColumn {name: dec}
#     distance:
#       __class__: astropy.coordinates.distances.Distance
#       unit: !astropy.units.Unit {unit: kpc}
#       value: !astropy.table.SerializedColumn {name: distance}
#     pm_dec:
#       __class__: astropy.units.quantity.Quantity
#       unit: !astropy.units.Unit {unit: mas / yr}
#       value: !astropy.table.SerializedColumn {name: pm_dec}
#     pm_ra_cosdec:
#       __class__: astropy.units.quantity.Quantity
#       unit: !astropy.units.Unit {unit: mas / yr}
#       value: !astropy.table.SerializedColumn {name: pm_ra_cosdec}
#     ra:
#       __class__: astropy.coordinates.angles.Longitude
#       unit: *id001
#       value: !astropy.table.SerializedColumn {name: ra}
#       wrap_angle: !astropy.coordinates.Angle
#         unit: *id001
#         value: 360.0
#     radial_velocity:
#       __class__: astropy.units.quantity.Quantity
#       unit: !astropy.units.Unit {unit: km / s}
#       value: !astropy.table.SerializedColumn {name: radial_velocity}
# schema: astropy-2.0
ra,dec,distance,pm_ra_cosdec,pm_dec,radial_velocity
313.7278591174863,-48.51326391165078,3.4828704544513,-6.963303870637428,-31.3609189024614,1.347322740779574e-13
313.9228099674504,-48.21618933726373,3.4799780203940465,-6.9070191164899795,-31.56760309113616,2.020984111169361e-13
314.1141603475652,-47.918558257087916,3.4770430486843193,-6.850515226387909,-31.7705183751063,2.020984111169361e-13
314.301986636105,-47.62038714713792,3.474067111346435,-6.793821183949078,-31.969684265810024,1.6841534259744677e-13
314.4863634380736,-47.3216919518866,3.4710517804047045,-6.736964445209203,-32.165120423295775,2.694645481559148e-13
314.66736362400087,-47.02248810176544,3.4679986278834463,-6.6799710018914045,-32.35684663362919,1.6841534259744677e-13
314.84505836843664,-46.722790530094684,3.4649092258069714,-6.622865442359313,-32.54488278809484,2.3578147963642546e-13
315.0195171880835,-46.42261368946016,3.4617851461995968,-6.565671010325962,-32.72924886406835,2.020984111169361e-13
315.1908079795203,-46.12197156755257,3.458627961085636,-6.508409661389951,-32.90996490744342,2.3578147963642546e-13
315.35899705647205,-45.82087770248635,3.4554392424894034,-6.451102117470061,-33.087051016504816,1.6841534259744677e-13
315.52414918658934,-45.51934519761332,3.452220562435213,-6.393767919207777,-33.26052732714595,1.6841534259744677e-13
315.6863276277037,-45.21738673584682,3.44897349294738,-6.336425476407021,-33.430413999336075,3.031476166754042e-13
315.8455941635318,-44.915014593512005,3.4456996060502196,-6.279092116578048,-33.59673120474861,3.3683068519489354e-13
316.00200913880417,-44.61224065373689,3.4424004737680445,-6.221784131652171,-33.75949911546746,2.3578147963642546e-13
316.15563149379886,-44.30907641939907,3.4390776681251705,-6.164516822931546,-33.918737893694086,2.020984111169361e-13
316.30651879826365,-44.00553302564231,3.4357327611459114,-6.107304544337313,-34.074467682383066,3.3683068519489354e-13
316.45472728471395,-43.70162125197695,3.4323673248545816,-6.050160744017351,-34.22670859673869,1.347322740779574e-13
316.60031188109554,-43.39735153397796,3.428982931275496,-5.993098004373716,-34.37548071650983,2.3578147963642546e-13
316.7433262428054,-43.092733974593486,3.42558115243297,-5.936128080567567,-34.52080407902399,2.020984111169361e-13
316.88382278406436,-42.7877783550772,3.4221635603513163,-5.879261937558091,-34.66269867290646,3.031476166754042e-13
317.0218527086394,-42.482494145556586,3.4187317270548503,-5.822509785730208,-34.801184432432905,3.031476166754042e-13
317.15746603991346,-42.17689051524992,3.4152872245678862,-5.765881115163717,-34.93628123246832,6.73661370389787e-14
317.29071165030393,-41.87097634234284,3.4118316249147385,-5.709384728595243,-35.068008883947805,2.020984111169361e-13
317.4216372900315,-41.56476022353674,3.408366500119722,-5.6530287731226565,-35.19638712985805,2.694645481559148e-13
317.5502896152423,-41.25825048327998,3.4048934222071514,-5.596820770699534,-35.32143564168102,2.3578147963642546e-13
317.6767142154887,-40.951455182692264,3.40141396320134,-5.540767647466035,-35.4431740162641,2.020984111169361e-13
317.8009556405736,-40.644382128193,3.3979296951266034,-5.484875761960723,-35.56162177308352,3.031476166754042e-13
317.92305742676524,-40.33703887984353,3.3944421900072563,-5.429150932256185,-35.676798351869934,2.020984111169361e-13
318.0430621223896,-40.02943275941311,3.3909530198676108,-5.373598462060032,-35.788723110567425,1.6841534259744677e-13
318.16101131280845,-39.72157085817802,3.3874637567319845,-5.318223165821115,-35.897415323599205,2.694645481559148e-13
318.2769456447924,-39.41346004446284,3.38397597262469,-5.263029392879098,-36.00289418041512,2.694645481559148e-13
318.3909048502967,-39.10510697093291,3.3804912395700426,-5.208021050694901,-36.10517878429772,2.3578147963642546e-13
318.50292776965074,-38.79651808164661,3.3770111295923573,-5.153201627196987,-36.20428815140542,2.694645481559148e-13
318.61305237417196,-38.48769961887493,3.373537214715947,-5.098574212277896,-36.30024121003311,1.6841534259744677e-13
318.72131578821137,-38.17865762969745,3.3700710669651275,-5.044141518474184,-36.39305680007106,2.694645481559148e-13
318.8277543106457,-37.86939797238149,3.366614258364211,-4.989905900860775,-36.482753672645686,2.020984111169361e-13
318.93240343582295,-37.559926322552386,3.363168360937516,-4.935869376190626,-36.56935048992557,1.347322740779574e-13
319.0352978739752,-37.25024817916166,3.3597349467093527,-4.882033641308517,-36.65286582507838,1.6841534259744677e-13
319.1364715711083,-36.94036887026029,3.356315587704039,-4.828400090867115,-36.733318162364895,2.020984111169361e-13
319.2359577283797,-36.63029355858369,3.3529118559458877,-4.774969834372149,-36.8107258973572,1.6841534259744677e-13
319.3337888209761,-36.32002724695472,3.3495253234592126,-4.721743712582512,-36.88510733726969,2.3578147963642546e-13
319.42999661650214,-36.0095747835111,3.3461575622683304,-4.668722313290184,-36.95648070139167,1.6841534259744677e-13
319.5246121928902,-35.69894086676301,3.3428101443975535,-4.615905986503419,-37.024864121611735,2.3578147963642546e-13
319.61766595584396,-35.388130050486936,3.3394846418711976,-4.56329485905652,-37.0902756430244,2.3578147963642546e-13
319.7091876558258,-35.07714674846106,3.3361826267135766,-4.5108888486675855,-37.15273322461063,2.020984111169361e-13
319.7992064045991,-34.765995239047676,3.332905670949005,-4.458687677465616,-37.212254739984004,2.3578147963642546e-13
319.8877506913363,-34.4546796696281,3.329655346601798,-4.406690885006956,-37.26885797819572,2.020984111169361e-13
319.9748483983041,-34.14320406089428,3.326433225696269,-4.35489784080039,-37.322560644591,1.6841534259744677e-13
320.06052681613494,-33.83157231100289,3.323240880256733,-4.303307756359564,-37.373380361711284,1.6841534259744677e-13
320.1448126586969,-33.519788199595965,3.320079882307504,-4.251919696800346,-37.42133467023609,1.6841534259744677e-13
320.2277320775708,-33.20785539169272,3.316951803872897,-4.20073259200039,-37.46644102995963,2.3578147963642546e-13
320.30931067614557,-32.895777441456744,3.313858216977228,-4.149745247337175,-37.50871682079681,6.73661370389787e-14
320.38957352334154,-32.58355779584305,3.310800693644808,-4.098956354020036,-37.54817934381484,2.020984111169361e-13
320.468545166971,-32.2711997981286,3.307780805899954,-4.048364499031682,-37.58484582228576,2.020984111169361e-13
320.5462496467467,-31.958706691330494,3.30480012576698,-3.997968174693108,-37.618733402756746,1.0104920555846805e-13
320.62271050694574,-31.646081621515442,3.3018602252702003,-3.9477657878663015,-37.64985915613409,2.3578147963642546e-13
320.69795080874087,-31.33332764100392,3.2989626764339293,-3.8977556688074557,-37.678240078778515,2.3578147963642546e-13
320.7719931422046,-31.02044771147314,3.2961090512824813,-3.8479360796840827,-37.70389309360833,2.694645481559148e-13
320.84485963799887,-30.707444706961056,3.2933009218401716,-3.7983052227675795,-37.726835051208226,3.031476166754042e-13
320.91657197875537,-30.39432141677585,3.290539860131314,-3.748861248313473,-37.74708273094134,2.020984111169361e-13
320.98715141015737,-30.08108054831324,3.2878274381802224,-3.6996022621404863,-37.764652842062155,2.020984111169361e-13
321.0566187517297,-29.767724729784824,3.285165228011213,-3.6505263329190205,-37.77956202482878,1.6841534259744677e-13
321.1249944073464,-29.454256512860432,3.2825548016485997,-3.6016314991796574,-37.79182685161253,1.0104920555846805e-13
321.19229837546214,-29.14067837522715,3.2799977311166946,-3.5529157760515515,-37.801463828003314,6.73661370389787e-14
321.25855025907686,-28.826992723067818,3.277495588439816,-3.504377161740078,-37.80848939390953,1.347322740779574e-13
321.32376927543936,-28.513201893461535,3.275049945642276,-3.4560136437533275,-37.81291992465131,1.0104920555846805e-13
321.38797426549854,-28.19930815670871,3.2726623747483887,-3.4078232048856707,-37.814771732045536,2.020984111169361e-13
321.4511837031087,-27.885313718583067,3.27033444778247,-3.359803828967242,-37.814061065482285,1.6841534259744677e-13
321.5134157039956,-27.571220722512923,3.268067736768835,-3.3119535063874093,-37.81080411299137,1.6841534259744677e-13
321.57468803449046,-27.2570312516941,3.2658638137317957,-3.2642702393997567,-37.80501700229853,1.6841534259744677e-13
321.6350181200387,-26.94274733113633,3.263724250695668,-3.2167520472162723,-37.79671580187025,2.3578147963642546e-13
321.6944230534886,-26.62837092964592,3.2616506196847665,-3.1693969708979193,-37.785916521947165,1.347322740779574e-13
321.75291960316764,-26.31390396174562,3.259644492723406,-3.122203078048301,-37.772635115565,1.347322740779574e-13
321.810524220751,-25.99934828953485,3.2577074418358993,-3.0751684673172486,-37.75688747956323,2.020984111169361e-13
321.8672530489302,-25.684705724491323,3.255841039046563,-3.028291272720476,-37.73868945558049,1.0104920555846805e-13
321.9231219288847,-25.369978029216313,3.254046856379711,-2.9815696677816588,-37.718056831037195,1.347322740779574e-13
321.97814640756496,-25.05516691912504,3.2523264658596567,-2.9350018695025746,-37.695005340104586,1.347322740779574e-13
322.0323417447905,-24.740274064084154,3.2506814395107155,-2.888586142167058,-37.66955066466029,3.368306851948935e-14
322.08572292016873,-24.425301089997777,3.2491133493572013,-2.842320800984232,-37.64170843523036,2.3578147963642546e-13
322.1383046398402,-24.110249580343663,3.247623767423429,-2.7962042155760782,-37.611494231917625,1.0104920555846805e-13
322.19010134305404,-23.795121077661225,3.246214265733714,-2.7502348133146413,-37.57892358531644,1.0104920555846805e-13
322.2411272085801,-23.4799170849926,3.2448864163123687,-2.70441108251325,-37.54401197741387,1.347322740779574e-13
322.29139616096086,-23.164639067278614,3.2436417911837085,-2.6587315754768825,-37.50677484247703,6.73661370389787e-14
322.34092187660855,-22.849288452710294,3.242481962372049,-2.613194911415806,-37.46722756792752,1.6841534259744677e-13
322.38971778975235,-22.53386663403819,3.2414085019017023,-2.567799779226795,-37.425385495202036,6.73661370389787e-14
322.43779709823855,-22.218374969840102,3.240422981796985,-2.5225449401463624,-37.38126392060005,1.0104920555846805e-13
322.48517276918955,-21.902814785748753,3.239526974082212,-2.477429230279488,-37.33487809611845,1.0104920555846805e-13
322.53185754452466,-21.587187375640518,3.2387220507816954,-2.432451563008148,-37.286243230273406,6.73661370389787e-14
322.5778639463468,-21.27149400278643,3.2380097839197512,-2.387610931283029,-37.235374488909585,1.347322740779574e-13
322.62320428219977,-20.9557359009666,3.2373917455206933,-2.3429064098020564,-37.18228699599699,1.0104920555846805e-13
322.6678906501986,-20.63991427554906,3.236869507608838,-2.2983371570792137,-37.126995834415645,6.73661370389787e-14
322.7119349440379,-20.324030304534165,3.2364446422084967,-2.253902417406799,-37.069516046728545,1.347322740779574e-13
322.7553488578806,-20.008085139565566,3.2361187213439857,-2.209601522714437,-37.00986263594275,6.73661370389787e-14
322.79814389113125,-19.692079906908702,3.23589331703962,-2.1654338943278706,-36.94805056625932,6.73661370389787e-14
322.8403313530972,-19.376015708397787,3.2357700013197124,-2.1213990446303166,-36.884094763811895,3.368306851948935e-14
322.8819223675406,-19.05989362235219,3.2357503462085786,-2.0774965786294946,-36.81801011739478,3.368306851948935e-14
322.92292787712444,-18.743714704463397,3.2358359237305327,-2.033726195432793,-36.74981147918032,6.73661370389787e-14
322.963358647756,-18.42747998865261,3.2360283059098895,-1.9900876896333715,-36.67951366542592,1.0104920555846805e-13
323.0032252728306,-18.11119048790093,3.2363290647709624,-1.9465809526097404,-36.60713145717133,3.368306851948935e-14
323.0425381773777,-17.79484719505213,3.2367397723380678,-1.903205973741148,-36.532679600926066,6.73661370389787e-14
323.081307622114,-17.47845108358906,3.237262000635519,-1.8599628415413187,-36.45617280934755,6.73661370389787e-14
323.1195437074047,-17.162003108384535,3.23789732168763,-1.8168517447125367,-36.37762576191008,3.368306851948935e-14
323.1572563771357,-16.845504206427286,3.238647307518717,-1.7738729731227538,-36.29705310556491,3.368306851948935e-14
323.19445542250054,-16.528955297523783,3.239513530153092,-1.7310269187072533,-36.21446945539196,6.73661370389787e-14
323.23115048570327,-16.212357284976658,3.2404975616150717,-1.6883140762974191,-36.129889395243005,5.0524602779234026e-14
323.26735106358046,-15.895711056240305,3.2416009739289686,-1.6457350443783358,-36.04332747837706,3.368306851948935e-14
323.3030665111444,-15.57901748355436,3.2428253391191,-1.6032905257771768,-35.95479822808794,0.0
323.33830604504993,-15.262277424555753,3.2441722292097768,-1.5609813282842504,-35.86431613832435,6.73661370389787e-14
323.37307874698746,-14.945491722869827,3.2456432162253166,-1.5188083652084883,-35.77189567430272,3.368306851948935e-14
323.40739356700357,-14.628661208681219,3.2472398721900317,-1.4767726558690812,-35.67755127311316,3.368306851948935e-14
323.44125932675246,-14.311786699285065,3.2489637691282383,-1.4348753260249079,-35.58129734431853,1.6841534259744676e-14
323.47468472267917,-13.994868999619039,3.2508164790642504,-1.393117608243465,-35.48314827054723,5.0524602779234026e-14
323.50767832913743,-13.677908902776858,3.2527995740223807,-1.351500842210681,-35.38311840807955,6.73661370389787e-14
323.5402486014441,-13.360907190503696,3.2549146260269466,-1.3100264749832902,-35.281222087427956,0.0
323.57240387887094,-13.043864633674088,3.25716320710226,-1.2686960611851559,-35.1774736139118,1.6841534259744676e-14
323.60415238757776,-12.726781992752798,3.2595468892726362,-1.2275112631488634,-35.071887268226085,3.368306851948935e-14
323.6355022434866,-12.409660018239153,3.262067244562391,-1.1864738510040698,-34.96447730700499,1.6841534259744676e-14
323.6664614550998,-12.09249945109525,3.2647258449958376,-1.1455857027138845,-34.85525796338018,3.368306851948935e-14
323.69703792626404,-11.775301023158638,3.2675242625972905,-1.1048488040605053,-34.74424344753394,1.6841534259744676e-14
323.72723945888083,-11.458065457539776,3.270464069391064,-1.0642652485813935,-34.63144794724753,0.0
323.75707375556595,-11.140793469004743,3.273546837401474,-1.0238372374571636,-34.51688562844471,1.6841534259744676e-14
323.78654842226007,-10.823485764343706,3.276774138652834,-0.9835670793523001,-34.4005706357309,5.0524602779234026e-14
323.81567097078994,-10.506143042725462,3.2801475451694575,-0.9434571902099149,-34.2825170929277,-1.6841534259744676e-14
323.8444488213845,-10.188765996038438,3.2836686289756596,-0.903510093001489,-34.16273910360315,0.0
323.8728893051448,-9.871355309218698,3.287338962095756,-0.8637284174327835,-34.04125075159805,-1.6841534259744676e-14
323.90099966647114,-9.553911660565088,3.2911601165540603,-0.8241148996067933,-33.918066101548,3.368306851948935e-14
323.9287870654479,-9.236435722042174,3.2951336643748874,-0.7846723816448482,-33.79319919940157,-1.6841534259744676e-14
323.9562585801872,-8.918928159571076,3.29926117758255,-0.7454038112667396,-33.66666407293473,3.368306851948935e-14
323.9834212091336,-8.601389633308683,3.3035442282013645,-0.7063122413307559,-33.53847473226132,-1.6841534259744676e-14
324.0102818733307,-8.283820797915656,3.3079843882556452,-0.6674008293346438,-33.40864517034015,1.6841534259744676e-14
324.0368474186508,-7.966222302813334,3.312583229769706,-0.6286728368782213,-33.27718936347827,-4.210383564936169e-14
324.06312461798893,-7.648594792430126,3.317342324767861,-0.590131629088531,-33.14412127183068,8.420767129872338e-15
324.08912017342317,-7.330938906437491,3.3222632452744256,-0.5517806740083748,-33.00945483989682,1.6841534259744676e-14
324.114840718341,-7.013255279975997,3.3273475633137135,-0.5136235419489608,-32.87320399701325,1.6841534259744676e-14
324.1402928195348,-6.695544543871593,3.3325968509100403,-0.4756639048074265,-32.73538265784314,8.420767129872338e-15
324.16548297926585,-6.377807324842565,3.3380126800877195,-0.43790553535002097,-32.59600472286244,0.0
324.19041763729905,-6.0600442456972665,3.343596622871066,-0.4003523064615726,-32.45508407884229,-3.368306851948935e-14
