galstreams/tracks/track.st.Phoenix.shipp2019.ecsv
# %ECSV 0.9
# ---
# datatype:
# - {name: ra, unit: deg, datatype: float64}
# - {name: dec, unit: deg, datatype: float64}
# - {name: distance, unit: kpc, datatype: float64}
# - {name: pm_ra_cosdec, unit: mas / yr, datatype: float64}
# - {name: pm_dec, unit: mas / yr, datatype: float64}
# - {name: radial_velocity, unit: km / s, datatype: float64}
# delimiter: ','
# meta: !!omap
# - __serialized_columns__:
#     dec:
#       __class__: astropy.coordinates.angles.Latitude
#       unit: &id001 !astropy.units.Unit {unit: deg}
#       value: !astropy.table.SerializedColumn {name: dec}
#     distance:
#       __class__: astropy.coordinates.distances.Distance
#       unit: !astropy.units.Unit {unit: kpc}
#       value: !astropy.table.SerializedColumn {name: distance}
#     pm_dec:
#       __class__: astropy.units.quantity.Quantity
#       unit: !astropy.units.Unit {unit: mas / yr}
#       value: !astropy.table.SerializedColumn {name: pm_dec}
#     pm_ra_cosdec:
#       __class__: astropy.units.quantity.Quantity
#       unit: !astropy.units.Unit {unit: mas / yr}
#       value: !astropy.table.SerializedColumn {name: pm_ra_cosdec}
#     ra:
#       __class__: astropy.coordinates.angles.Longitude
#       unit: *id001
#       value: !astropy.table.SerializedColumn {name: ra}
#       wrap_angle: !astropy.coordinates.Angle
#         unit: *id001
#         value: 360.0
#     radial_velocity:
#       __class__: astropy.units.quantity.Quantity
#       unit: !astropy.units.Unit {unit: km / s}
#       value: !astropy.table.SerializedColumn {name: radial_velocity}
# schema: astropy-2.0
ra,dec,distance,pm_ra_cosdec,pm_dec,radial_velocity
[from data line 809]
25.421395017601842,-47.822045975371445,17.50000000000122,2.6863442384464578,-0.08369594540024436,1.1162499962327895e-08
25.426462402261855,-47.812630387880674,17.500000000001215,2.686325665384436,-0.08386860256257012,1.114711627337751e-08
25.431525826980895,-47.803214031414974,17.50000000000121,2.686307389678305,-0.08404163533532039,1.1131633640413349e-08
25.43658529397532,-47.793796906405035,17.500000000001208,2.686289411341981,-0.08421504353547865,1.111599101287372e-08
25.441640805459837,-47.78437901328098,17.500000000001204,2.6862717303893007,-0.08438882698021238,1.1100235231275782e-08
25.44669236364751,-47.7749603524725,17.500000000001204,2.686254346834014,-0.0845629854868672,1.1084373137492831e-08
25.451739970749717,-47.76554092440867,17.500000000001204,2.686237260689786,-0.08473751887297314,1.1068333155004262e-08
25.456783628976215,-47.75612072951814,17.500000000001197,2.686220471970202,-0.08491242695624052,1.1052222648590978e-08
25.461823340535076,-47.746699768228986,17.5000000000012,2.6862039806887594,-0.08508770955455924,1.1035987935862531e-08
25.466859107632736,-47.73727804096882,17.500000000001194,2.686187786858876,-0.085263366486002,1.1019589544472995e-08
25.471890932473986,-47.72785554816469,17.500000000001194,2.686171890493883,-0.08543939756882049,1.1003091682771739e-08
25.47691881726194,-47.718432290243165,17.500000000001194,2.686156291607032,-0.08561580262144756,1.0986479088118337e-08
25.48194276419808,-47.7090082676303,17.500000000001187,2.6861409902114897,-0.08579258146249669,1.0969698078122338e-08
25.486962775482244,-47.699583480751656,17.500000000001187,2.686125986320341,-0.08596973391076088,1.0952822334496128e-08
25.491978853312602,-47.690157930032235,17.500000000001183,2.6861112799465885,-0.08614725978521318,1.0935853436133544e-08
25.49699099988568,-47.68073161589656,17.500000000001183,2.6860968711031523,-0.08632515890500686,1.091869138642492e-08
25.501999217396378,-47.67130453876866,17.50000000000118,2.68608275980287,-0.08650343108947414,1.0901411972274421e-08
25.507003508037936,-47.66187669907202,17.500000000001176,2.6860689460585006,-0.08668207615812702,1.0884037824493712e-08
25.51200387400194,-47.65244809722966,17.500000000001176,2.6860554298827157,-0.08686109393065658,1.0866518944777958e-08
25.517000317478356,-47.643018733664036,17.500000000001172,2.686042211288111,-0.08704048422693356,1.0848887437301843e-08
25.52199284065549,-47.633588608797155,17.50000000000117,2.686029290287196,-0.08722024686700619,1.0831124355339322e-08
25.526981445720015,-47.62415772305048,17.50000000000116,2.6860166668924053,-0.08740038167110364,1.0813249171914387e-08
25.531966134856937,-47.61472607684499,17.500000000001158,2.6860043411160857,-0.08758088845963218,1.0795208730934525e-08
25.53694691024967,-47.60529367060115,17.50000000000116,2.6859923129705052,-0.0877617670531758,1.07771040816053e-08
25.54192377407995,-47.5958605047389,17.500000000001158,2.685980582467856,-0.08794301727249834,1.0758838385104716e-08
25.5468967285279,-47.58642657967772,17.500000000001155,2.6859691496202442,-0.0881246389385417,1.0740449008586912e-08
25.55186577577199,-47.57699189583656,17.500000000001155,2.6859580144396995,-0.08830663187242377,1.072192963647654e-08
25.556830917989057,-47.56755645363385,17.50000000000115,2.685947176938168,-0.0884889958954426,1.0703283426561275e-08
25.561792157354308,-47.55812025348755,17.500000000001148,2.6859366371275186,-0.0886717308290723,1.0684509326245223e-08
25.56674949604132,-47.54868329581511,17.500000000001148,2.6859263950195396,-0.0888548364949644,1.066562522965854e-08
25.571702936222025,-47.53924558103348,17.50000000000114,2.6859164506259403,-0.08903831271494808,1.0646594295945029e-08
25.576652480066738,-47.52980710955909,17.50000000000114,2.6859068039583502,-0.08922215931102925,1.0627484417539674e-08
25.581598129744126,-47.52036788180788,17.500000000001137,2.6858974550283192,-0.08940637610539207,1.0608190334853354e-08
25.586539887421242,-47.510927898195305,17.500000000001133,2.6858884038473185,-0.08959096292039534,1.058877309844776e-08
25.59147775526351,-47.501487159136296,17.500000000001133,2.685879650426741,-0.08977591957857439,1.0569302705949658e-08
25.59641173543471,-47.49204566504532,17.500000000001126,2.6858711947779024,-0.08996124590264387,1.0549657582533612e-08
25.601341830097002,-47.48260341633632,17.500000000001123,2.685863036912036,-0.09014694171549206,1.0529882989822944e-08
25.606268041410928,-47.473160413422725,17.50000000000112,2.6858551768403,-0.09033300684018292,1.0509966296666959e-08
25.611190371535407,-47.463716656717516,17.50000000000112,2.6858476145737717,-0.09051944109995852,1.04899322390691e-08
25.61610882262773,-47.45427214663313,17.50000000000112,2.6858403501234553,-0.09070624431823422,1.0469791342988284e-08
25.62102339684354,-47.444826883581534,17.500000000001116,2.685833383500272,-0.0908934163186024,1.0449494662715562e-08
25.625934096336913,-47.43538086797422,17.500000000001112,2.6858267147150703,-0.09108095692483124,1.0429110090685924e-08
25.63084092326026,-47.42593410022211,17.50000000000111,2.685820343778617,-0.09126886596086219,1.0408590786382208e-08
25.635743879764366,-47.41648658073572,17.50000000000111,2.6858142707016017,-0.09145714325081353,1.0387920960866045e-08
25.640642967998442,-47.40703830992503,17.500000000001105,2.68580849549464,-0.09164578861897706,1.0367153770229942e-08
25.645538190110035,-47.39758928819952,17.5000000000011,2.6858030181682713,-0.09183480188982154,1.0346246058042361e-08
25.65042954824511,-47.38813951596819,17.500000000001094,2.6857978387329533,-0.09202418288798611,1.0325216771029342e-08
25.65531704454799,-47.37868899363955,17.500000000001098,2.6857929571990704,-0.09221393143828988,1.0304068014382667e-08
25.660200681161385,-47.36923772162161,17.50000000000109,2.685788373576931,-0.09240404736572069,1.0282746105711884e-08
25.665080460226424,-47.35978570032189,17.500000000001087,2.685784087876767,-0.09259453049544328,1.0261374198736268e-08
25.66995638388257,-47.35033293014744,17.500000000001087,2.685780100108732,-0.09278538065279657,1.0239832297524219e-08
25.674828454267733,-47.34087941150479,17.500000000001087,2.6857764102829065,-0.09297659766329194,1.0218160927017546e-08
25.67969667351816,-47.331425144799994,17.50000000000108,2.6857730184092947,-0.09316818135261472,1.0196372718366947e-08
25.684561043768515,-47.32197013043863,17.500000000001076,2.685769924497826,-0.09336013154662307,1.0174497670555322e-08
25.689421567151832,-47.31251436882575,17.500000000001076,2.685767128558351,-0.0935524480713503,1.015242526101409e-08
25.694278245799577,-47.303057860365975,17.500000000001076,2.685764630600648,-0.09374513075299949,1.0130257065246754e-08
25.699131081841568,-47.29360060546338,17.50000000000107,2.685762430634421,-0.09393817941794938,1.0107996767338937e-08
25.703980077406037,-47.2841426045216,17.500000000001066,2.6857605286692974,-0.09413159389274975,1.00855585807255e-08
25.708825234619603,-47.27468385794376,17.500000000001062,2.685758924714831,-0.09432537400412451,1.00630261867798e-08
25.713666555607293,-47.2652243661325,17.500000000001055,2.6857576187804995,-0.09451951957896798,1.0040373270604551e-08
25.7185040424925,-47.255764129489975,17.50000000000106,2.6857566108757065,-0.09471403044434828,1.0017558254662054e-08
25.72333769739706,-47.24630314841785,17.500000000001055,2.6857559010097853,-0.09490890642750399,9.99462745317152e-09
25.72816752244117,-47.236841423317344,17.500000000001055,2.6857554891919904,-0.09510414735584752,9.971579287239114e-09
25.73299351974345,-47.22737895458915,17.500000000001044,2.685755375431504,-0.09529975305696059,9.948416914652508e-09
25.73781569142091,-47.21791574263348,17.500000000001044,2.685755559737434,-0.09549572335859849,9.925124020175391e-09
25.742634039588953,-47.2084517878501,17.50000000000104,2.685756042118819,-0.09569205808868748,9.901666394441294e-09
25.747448566361413,-47.19898709063825,17.50000000000104,2.685756822584618,-0.09588875707532274,9.878141928868105e-09
25.75225927385049,-47.18952165139671,17.500000000001034,2.6857579011437207,-0.09608582014677403,9.85446325799685e-09
25.757066164166815,-47.18005547052378,17.50000000000103,2.6857592778049435,-0.09628324713147998,9.830649328553571e-09
25.761869239419426,-47.17058854841729,17.50000000000103,2.685760952577028,-0.09648103785804926,9.806721718754038e-09
25.766668501715746,-47.16112088547456,17.500000000001027,2.6857629254686444,-0.09667919215526237,9.782647271827678e-09
25.771463953161636,-47.151652482092466,17.500000000001023,2.685765196488393,-0.09687770985206955,9.758481775356728e-09
25.776255595861326,-47.142183338667365,17.500000000001023,2.6857677656447967,-0.09707659077759151,9.734178388824026e-09
25.781043431917496,-47.13271345559518,17.50000000000102,2.6857706329463107,-0.09727583476111876,9.709740270017244e-09
25.785827463431215,-47.12324283327132,17.50000000000101,2.6857737984013164,-0.09747544163211233,9.68516689263844e-09
25.790607692501954,-47.11377147209073,17.500000000001013,2.6857772620181195,-0.09767541122020121,9.66046562485885e-09
25.795384121227634,-47.1042993724479,17.500000000001005,2.6857810238049638,-0.09787574335518517,9.635688570175093e-09
25.80015675170453,-47.094826534736804,17.500000000001005,2.6857850837700097,-0.0980764378670343,9.610721521932967e-09
25.8049255860274,-47.08535295935098,17.500000000001002,2.685789441921357,-0.09827749458588533,9.585653424485282e-09
25.809690626289367,-47.07587864668345,17.500000000001,2.685794098267026,-0.09847891334204578,9.560472172979291e-09
25.814451874581984,-47.0664035971268,17.500000000001,2.6857990528149713,-0.0986806939659926,9.535146189538254e-09
25.81920933299524,-47.05692781107312,17.50000000000099,2.685804305573075,-0.09888283628836947,9.509710209826584e-09
25.8239630036175,-47.047451288914026,17.50000000000099,2.685809856549147,-0.09908534013998957,9.484142655628508e-09
25.828712888535605,-47.03797403104067,17.500000000000988,2.685815705750928,-0.09928820535183461,9.458438790262518e-09
25.83345898983476,-47.02849603784374,17.50000000000098,2.6858218531860913,-0.09949143175505497,9.432604403006016e-09
25.838201309598634,-47.01901730971342,17.50000000000098,2.6858282988622326,-0.09969501918096685,9.406662650968607e-09
25.8429398499093,-47.00953784703947,17.500000000000973,2.685835042786886,-0.09989896746105793,9.380584587763284e-09
25.847674612847243,-47.00005765021112,17.500000000000973,2.6858420849675078,-0.10010327642698012,9.354360740027025e-09
25.852405600491398,-46.99057671961718,17.500000000000966,2.685849425411492,-0.10030794591055484,9.328024264530403e-09
25.857132814919108,-46.981095055645966,17.500000000000966,2.6858570641261568,-0.10051297574376976,9.30156305642067e-09
25.86185625820616,-46.97161265868535,17.500000000000966,2.685865001118754,-0.10071836575878017,9.274999746509487e-09
25.866575932426727,-46.9621295291227,17.50000000000096,2.685873236396469,-0.10092411578790968,9.248279599810512e-09
25.871291839653463,-46.952645667344946,17.500000000000956,2.685881769966411,-0.10113022566364599,9.221454193522413e-09
25.876003981957393,-46.94316107373851,17.500000000000952,2.685890601835627,-0.10133669521864673,9.194478792319812e-09
25.88071236140805,-46.933675748689396,17.50000000000095,2.6858997320110896,-0.10154352428573296,9.167396026336307e-09
25.88541698007332,-46.924189692583106,17.500000000000945,2.6859091604997096,-0.10175071269789442,9.140162212842407e-09
25.890117840019563,-46.9147029058047,17.500000000000945,2.685918887308322,-0.10195826028828604,9.112818929375821e-09
25.894814943311562,-46.905215388738746,17.50000000000094,2.6859289124436994,-0.1021661668902285,9.08534880810434e-09
25.899508292012534,-46.89572714176937,17.500000000000934,2.685939235912543,-0.10237443233721007,9.057748164942347e-09
25.904197888184136,-46.88623816528024,17.500000000000934,2.685949857721486,-0.1025830564628823,9.030011736910385e-09
25.90888373388646,-46.87674845965453,17.50000000000093,2.6859607778770958,-0.10279203910106406,9.002182154142047e-09
25.913565831178023,-46.86725802527496,17.500000000000924,2.685971996385871,-0.10300138008573848,8.974220996887307e-09
25.918244182115792,-46.85776686252379,17.50000000000092,2.6859835132542424,-0.10321107925105498,8.946110897313956e-09
25.92291878875517,-46.848274971782836,17.50000000000092,2.6859953284885743,-0.1034211364313278,8.917871328445983e-09
25.92758965314999,-46.83878235343342,17.50000000000092,2.686007442095162,-0.103631551461035,8.889530184074506e-09
25.932256777352546,-46.82928900785644,17.50000000000091,2.6860198540802376,-0.1038423241748214,8.861030097723454e-09
25.936920163413557,-46.81979493543229,17.500000000000913,2.68603256444996,-0.10405345440749372,8.832406331355181e-09
25.941579813382194,-46.810300136540924,17.500000000000906,2.68604557321043,-0.10426494199402513,8.80367783169573e-09
25.94623572930607,-46.80080461156185,17.5000000000009,2.686058880367674,-0.10447678676955338,8.774795126738213e-09
25.950887913231234,-46.7913083608741,17.500000000000902,2.6860724859276544,-0.10468898856937793,8.745826108917616e-09
25.9555363672022,-46.78181138485624,17.500000000000895,2.6860863898962712,-0.10490154722896364,8.716706569884571e-09
25.960181093261905,-46.7723136838864,17.50000000000089,2.686100592279353,-0.10511446258394017,8.687460193046634e-09
25.964822093451744,-46.76281525834224,17.500000000000888,2.6861150930826643,-0.1053277344700988,8.658096451766824e-09
25.969459369811567,-46.75331610860094,17.500000000000888,2.686129892311906,-0.10554136272339566,8.628601136000608e-09
25.974092924379672,-46.743816235039276,17.500000000000888,2.6861449899727106,-0.10575534717994889,8.598972140556206e-09
25.978722759192785,-46.73431563803352,17.50000000000088,2.686160386070646,-0.10596968767604112,8.56920209726238e-09
25.983348876286133,-46.72481431795951,17.500000000000878,2.686176080611215,-0.1061843840481167,8.539335741444506e-09
25.987971277693333,-46.71531227519262,17.500000000000878,2.686192073599855,-0.106399436132784,8.509304128071707e-09
25.992589965446513,-46.70580951010777,17.50000000000087,2.686208365041939,-0.1066148437668119,8.479198306688577e-09
25.99720494157621,-46.69630602307944,17.500000000000867,2.686224954942774,-0.10683060678713427,8.448908807322425e-09
26.001816208111446,-46.68680181448163,17.500000000000867,2.686241843307603,-0.10704672503084554,8.418538784370595e-09
26.006423767079696,-46.67729688468791,17.500000000000856,2.686259030141607,-0.10726319833520329,8.388037186932362e-09
26.01102762050687,-46.66779123407139,17.50000000000086,2.6862765154498955,-0.1074800265376259,8.357386647175517e-09
26.01562777041736,-46.65828486300471,17.500000000000853,2.686294299237522,-0.10769720947569478,8.326619269274747e-09
26.020224218834013,-46.64877777186009,17.500000000000853,2.6863123815094707,-0.10791474698715231,8.295710317226604e-09
26.02481696777813,-46.639269961009276,17.50000000000085,2.6863307622706643,-0.10813263890990193,8.264711894527706e-09
26.02940601926947,-46.629761430823564,17.500000000000846,2.6863494415259597,-0.10835088508201002,8.233547161677995e-09
26.03399137532627,-46.62025218167382,17.500000000000835,2.6863684192801527,-0.1085694853417019,8.20226874847203e-09
26.038573037965214,-46.61074221393043,17.500000000000835,2.6863876955379724,-0.10878843952736506,8.17087928639954e-09
26.04315100920146,-46.60123152796335,17.500000000000835,2.6864072703040875,-0.10900774747754852,8.139337724220766e-09
26.047725291048625,-46.59172012414208,17.500000000000828,2.686427143583103,-0.10922740903096048,8.107669850535044e-09
26.052295885518802,-46.582208002835685,17.500000000000828,2.6864473153795574,-0.10944742402647004,8.07591934807186e-09
26.056862794622532,-46.57269516441276,17.50000000000082,2.6864677856979347,-0.10966779230310802,8.04397516796469e-09
26.06142602036885,-46.563181609241475,17.500000000000817,2.686488554542645,-0.10988851370006357,8.011924675672504e-09
26.06598556476523,-46.55366733768953,17.500000000000814,2.6865096219180447,-0.11010958805668644,7.979774186770652e-09
