galstreams/tracks/track.st.GD-1.pricewhelan2018.ecsv
# %ECSV 0.9
# ---
# datatype:
# - {name: ra, unit: deg, datatype: float64}
# - {name: dec, unit: deg, datatype: float64}
# - {name: distance, unit: kpc, datatype: float64}
# - {name: pm_ra_cosdec, unit: mas / yr, datatype: float64}
# - {name: pm_dec, unit: mas / yr, datatype: float64}
# - {name: radial_velocity, unit: km / s, datatype: float64}
# delimiter: ','
# meta: !!omap
# - __serialized_columns__:
#     dec:
#       __class__: astropy.coordinates.angles.Latitude
#       unit: &id001 !astropy.units.Unit {unit: deg}
#       value: !astropy.table.SerializedColumn {name: dec}
#     distance:
#       __class__: astropy.coordinates.distances.Distance
#       unit: !astropy.units.Unit {unit: kpc}
#       value: !astropy.table.SerializedColumn {name: distance}
#     pm_dec:
#       __class__: astropy.units.quantity.Quantity
#       unit: !astropy.units.Unit {unit: mas / yr}
#       value: !astropy.table.SerializedColumn {name: pm_dec}
#     pm_ra_cosdec:
#       __class__: astropy.units.quantity.Quantity
#       unit: !astropy.units.Unit {unit: mas / yr}
#       value: !astropy.table.SerializedColumn {name: pm_ra_cosdec}
#     ra:
#       __class__: astropy.coordinates.angles.Longitude
#       unit: *id001
#       value: !astropy.table.SerializedColumn {name: ra}
#       wrap_angle: !astropy.coordinates.Angle
#         unit: *id001
#         value: 360.0
#     radial_velocity:
#       __class__: astropy.units.quantity.Quantity
#       unit: !astropy.units.Unit {unit: km / s}
#       value: !astropy.table.SerializedColumn {name: radial_velocity}
# schema: astropy-2.0
ra,dec,distance,pm_ra_cosdec,pm_dec,radial_velocity
124.06463770068025,-7.970772979891113,5.508347580561896,-2.383498192121123,-7.8564837934212495,1.9209032938308283e-10
124.24963731435193,-7.499196489675307,5.53342493512909,-2.344112610589357,-7.9596502683270804,1.9626702987949952e-10
124.4355478136843,-7.028193398786362,5.5585022896962695,-2.3084021029564648,-8.062250512497789,2.0003111278655245e-10
124.62236067968115,-6.557753564202229,5.583579644263434,-2.276256721956906,-8.164260688575617,2.0334889503572215e-10
124.81006842635932,-6.087867276582898,5.608656998830588,-2.247568585931792,-8.265657045338312,2.0624984931196318e-10
124.99866457978125,-5.618525256552127,5.633734353397731,-2.2222318575171762,-8.366415915696875,2.087423963824054e-10
125.18814365824285,-5.149718650980875,5.658811707964862,-2.2001427225332746,-8.466513715945796,2.1088127123339296e-10
125.37850115356936,-4.681439029283944,5.68388906253198,-2.181199369072563,-8.56592694614834,2.1263700117997134e-10
125.5697335134737,-4.2136783797403385,5.708966417099089,-2.1653019667845816,-8.664632191547014,2.1406011082491978e-10
125.76183812493561,-3.746429105847466,5.734043771666188,-2.152352646355157,-8.762606124896823,2.1516112612715059e-10
125.95481329856165,-3.2796840227184236,5.759121126233277,-2.1422554791775825,-8.859825509625644,2.1590425882636182e-10
126.14865825388935,-2.813436353531452,5.784198480800358,-2.134916457213163,-8.956267203732523,2.1638845293632947e-10
126.34337310560076,-2.3476797260395235,5.8092758353674325,-2.1302434730383197,-9.05190816434087,2.165505527035795e-10
126.53895885061257,-1.8824081691480938,5.834353189934497,-2.1281463000754015,-9.146725452829015,2.1645160868980353e-10
126.73541735601297,-1.4176161095682385,5.859430544501557,-2.1285365730041614,-9.240696240466228,2.1610951502515244e-10
126.93275134781598,-0.953298368552369,5.884507899068608,-2.131327768350621,-9.333797814487133,2.1548216787397697e-10
127.1309644005072,-0.48945015871839637,5.909585253635655,-2.1364351852499834,-9.426007584542223,2.1464798563017398e-10
127.33006092735589,-0.02606708096935945,5.934662608202692,-2.1437759263801075,-9.517303089466852,2.135845677374332e-10
127.53004617146924,0.4368548784861796,5.959739962769729,-2.153268879061763,-9.607662004314918,2.1228359210948952e-10
127.73092619756831,0.8993193510073582,5.98481731733676,-2.164834696521892,-9.697062147607776,2.1081022101073467e-10
127.9327078844641,1.3613295882824785,6.009894671903787,-2.1783957793157636,-9.7854814887523,2.0911922571146718e-10
128.13539891821506,1.8228884649738493,6.03497202647081,-2.1938762569039207,-9.87289815558576,2.0722981608670206e-10
128.33900778594844,2.2839984812410417,6.060049381037831,-2.2112019693794984,-9.959290442008317,2.0521620014677135e-10
128.54354377032848,2.7446617651382237,6.08512673560485,-2.2303004493413545,-10.044636815666971,2.0301206435052725e-10
128.74901694465623,3.204880074880991,6.110204090171869,-2.2511009039084056,-10.128915925657836,2.00654249554163e-10
128.9554381685862,3.664654800978668,6.135281444738883,-2.273534196870191,-10.212106610216265,1.9815538690837338e-10
129.16281908444716,4.123986968227725,6.1603587993058975,-2.297532830968694,-10.294187904366698,1.95509160837811e-10
129.37117211415347,4.582877237562717,6.185436153872909,-2.3230309303061936,-10.375139047506911,1.9273872845208301e-10
129.5805104566964,5.041325907760644,6.210513508439925,-2.3499642228737536,-10.454939490903053,1.8985461571010173e-10
129.79084808620397,5.499332916995093,6.235590863006938,-2.378270023194872,-10.533568905074459,1.8685682261186718e-10
130.00219975055967,5.956897844236527,6.260668217573954,-2.4078872150785258,-10.611007187048722,1.8369482455460013e-10
130.21458097057044,6.41401991049497,6.2857455721409705,-2.4387562344757976,-10.687234467469699,1.8050335381237851e-10
130.4280080396759,6.870697979901723,6.310822926707992,-2.470819052434095,-10.762231117542582,1.772655688509426e-10
130.6424980241901,7.326930560626455,6.3359002812750145,-2.504019158142763,-10.835977755801917,1.738551581633443e-10
130.85806876406934,7.78271580562618,6.360977635842038,-2.5383015420637967,-10.908455254689814,1.7036896057157715e-10
131.07473887419854,8.23805151322256,6.3860549904090655,-2.5736126791412324,-10.979644746933003,1.6680697607564115e-10
131.29252774619036,8.692935127504185,6.411132344976097,-2.609900512082608,-11.049527631708841,1.6327025388109475e-10
131.51145555069112,9.147363738550096,6.4362096995431335,-2.647114434705748,-11.11808558059121,1.5959037864534056e-10
131.73154324018847,9.60133408247112,6.461287054110175,-2.685205275344065,-11.185300543268715,1.5585155803967723e-10
131.9528125523152,10.054842541265309,6.486364408677221,-2.7241252803033493,-11.25115475302837,1.5207063359836456e-10
132.17528601364575,10.507885142483909,6.511441763244273,-2.7638280973629668,-11.315630731999025,1.4826444685566226e-10
132.39898694398016,10.960457558704105,6.536519117811328,-2.804268759314245,-11.378711296149605,1.444498393458301e-10
132.62393946111214,11.41255510680472,6.561596472378393,-2.845403667528668,-11.440379560038064,1.404583957262706e-10
132.8501684860776,11.864172747041014,6.586673826945465,-2.8871905755484675,-11.500618941307616,1.3663536744930856e-10
133.07769974888,12.3153050819146,6.611751181512544,-2.9295885726920434,-11.559413164927628,1.3271128996678806e-10
133.30655979468952,12.765946354834517,6.636828536079627,-2.9725580676665224,-11.616746267176982,1.286524802101896e-10
133.53677599051258,13.216090448565053,6.6619058906467234,-3.0160607721797033,-11.672602599368458,1.2471156119340932e-10
133.76837653232963,13.665730883456435,6.686983245213824,-3.0600596845435537,-11.726966831313076,1.207032760395901e-10
134.00139045269717,14.114860815453486,6.712060599780938,-3.104519073261246,-11.779823954523833,1.167455154885501e-10
134.2358476288119,14.563473033878253,6.737137954348059,-3.149404460589701,-11.831159285158721,1.1273723033473087e-10
134.47177879103413,15.011559958981506,6.76221530891519,-3.1946826060695286,-11.880958466703266,1.0872894518091163e-10
134.709215531867,15.45911363925872,6.787292663482329,-3.240321490014043,-11.929207472393077,1.047206600270924e-10
134.9481903153892,15.906125748525225,6.8123700180494815,-3.2862902969491232,-11.975892607377409,1.0067869180475367e-10
135.18873648713728,16.35258758274588,6.837447372616643,-3.332559398995457,-12.021000510624807,9.668724818519419e-11
135.43088828443453,16.79849005661365,6.862524727183816,-3.3791003391846433,-12.064518156572198,9.278001223693342e-11
135.67468084716324,17.24382369987207,6.887602081751,-3.4258858147006404,-12.106432856519078,8.87380440145947e-11
135.92015022897525,17.688578653375874,6.912679436318197,-3.4728896600377706,-12.146732259768545,8.486449113485343e-11
136.1673334089375,18.132744664884168,6.937756790885407,-3.520086830066642,-12.185404354517155,8.090673058381342e-11
136.41626830360752,18.576311084580375,6.962834145452628,-3.567453382998993,-12.22243746849565,7.705001923833189e-11
136.66699377953307,19.019266860313035,6.987911500019862,-3.614966463242584,-12.257820269362828,7.315962482433087e-11
136.91954966617098,19.46160053255096,7.01298885458711,-3.662604284137074,-12.29154176485489,6.935343808162858e-11
137.17397676921786,19.903300229047247,7.038066209154373,-3.7103461105616695,-12.323591302692662,6.559777594170551e-11
137.43031688434604,20.344353659204764,7.063143563721649,-3.7581722414053744,-12.353958570249372,6.174106459622398e-11
137.68861281133613,20.78474810813723,7.088220918288939,-3.806063991890339,-12.382633593981426,5.80527685933399e-11
137.94890836859776,21.22447043041885,7.113298272856243,-3.8540036757389577,-12.409606738625067,5.4398155658975305e-11
138.211248408068,21.663507043515843,7.138375627423563,-3.901974587174987,-12.434868706161655,5.072670119035096e-11
138.47567883047665,22.101843920892637,7.163452981990898,-3.9499609827490043,-12.458410534554513,4.7156295927285095e-11
138.74224660096627,22.539466584785824,7.188530336558247,-3.9979480629783604,-12.48022359626029,4.3569049129959475e-11
139.0109997650522,22.976360098638587,7.213607691125615,-4.04592195379149,-12.500299596517952,4.015021767523131e-11
139.281987464909,23.41250905918822,7.238685045692996,-4.0938696877665945,-12.518630571418724,3.661349548068493e-11
139.55525995596503,23.84789758819941,7.263762400260394,-4.141779185154189,-12.535208885760138,3.324518862873599e-11
139.83086862378727,24.28250932383569,7.288839754827811,-4.189639234673184,-12.550027230687874,2.987688177678706e-11
140.10886600123604,24.716327411661666,7.313917109395243,-4.237439474069731,-12.563078621128954,2.6643307198916077e-11
140.38930578586672,25.14933449526818,7.338994463962694,-4.285170370428064,-12.574356393020155,2.3376049552525612e-11
140.67224285755347,25.58151270651305,7.364071818530161,-4.332823200222252,-12.583854200335775,2.0209841111693612e-11
140.9577332963084,26.012843655369558,7.389149173097646,-4.380390029097672,-12.591566011919024,1.7077315739381102e-11
141.24583440026515,26.443308419375256,7.41422652766515,-4.427863691370719,-12.5974861081217,1.4180571846705017e-11
141.5366047037954,26.87288753267344,7.439303882232671,-4.475237769235175,-12.601609077257034,1.1048046474392508e-11
141.83010399572103,27.30156097463984,7.464381236800212,-4.522506571663259,-12.603929811871124,8.151302581716423e-12
142.1263933375838,27.72930815808734,7.48945859136777,-4.569665112989356,-12.604443504838583,5.254558689040339e-12
142.425535081929,28.156107917041304,7.514535945935348,-4.616709091164032,-12.603145645288684,2.5599132074811907e-12
142.72759289055708,28.58193849407886,7.539613300502946,-4.663634865665751,-12.600032014368649,-6.73661370389787e-14
143.03263175269146,29.00677752722495,7.564690655070564,-4.710439435057532,-12.595098680851505,-2.762011618598127e-12
143.34071800300828,29.43060203639932,7.589768009638197,-4.757120414175458,-12.588341996596359,-5.355607894598807e-12
143.65191933946733,29.85338840940776,7.614845364205855,-4.803676010935697,-12.579758591869865,-7.78078882800204e-12
143.96630484087922,30.275112387472376,7.639922718773533,-4.850105002746624,-12.569345370538375,-1.0172286692885785e-11
144.28394498413806,30.695749050295444,7.665000073341228,-4.8964067125121415,-12.557099505141117,-1.253010148925004e-11
144.60491166104316,31.115272800652377,7.690077427908945,-4.942580984212337,-12.54301843185579,-1.4854233217094805e-11
144.92927819462716,31.53365734850962,7.7151547824766835,-4.988628158047218,-12.527099845368983,-1.711099880790059e-11
145.25711935490054,31.950875694664354,7.740232137044441,-5.034549045129222,-12.509341693665014,-1.916566598758944e-11
145.5885113739169,32.36690011390349,7.765309491612222,-5.080344901709931,-12.489742172748066,-2.1186650098758804e-11
145.92353196005362,32.781702137680035,7.7903868461800245,-5.126017402926376,-12.468299721313867,-2.3072901935850207e-11
146.26226031139728,33.195252536307066,7.815464200747848,-5.1715686160521965,-12.445013015388641,-2.506020297850008e-11
146.60477712811127,33.60752130066892,7.840541555315691,-5.217000973238836,-12.419880962954789,-2.6710673335955058e-11
146.9511646236572,34.01847762345218,7.865618909883557,-5.262317243732065,-12.392902698584415,-2.8462192898968503e-11
147.30150653472995,34.428089879899204,7.890696264451444,-5.3075205055490855,-12.364077578103757,-3.001161405086501e-11
147.65588812975696,34.83632560808943,7.9157736190193555,-5.352614116601759,-12.333405173313697,-3.149366906572255e-11
148.01439621580093,35.24315148875453,7.9408509735872865,-5.397601685251571,-12.300885266793578,-3.3043090217619054e-11
148.37711914369476,35.648533324635984,7.9659283281552415,-5.442487040282442,-12.266517846818079,-3.432304682135965e-11
148.7441468112247,36.052436019395664,7.991005682723218,-5.487274200277905,-12.230303102419349,-3.563668649361973e-11
149.11557066416523,36.454823556091824,8.016083037291217,-5.531967342389695,-12.192241418629244,-3.681559389180186e-11
149.4914836949565,36.855658975235805,8.04116039185924,-5.576570770485683,-12.152333371939518,-3.792713515294501e-11
149.87198043880082,37.25490435244753,8.066237746427284,-5.62108888266587,-12.110579726020694,-3.893762720852969e-11
150.25715696694058,37.65252077573014,8.09131510099535,-5.665526138136335,-12.066981427743695,-3.988075312707539e-11
150.6471108768641,38.048468322388345,8.11639245556344,-5.709887023432378,-12.021539603551744,-4.0520731428945694e-11
151.04194127917194,38.44270603561757,8.141469810131554,-5.7541760179836645,-11.97425555623344,-4.126175893637446e-11
151.44174878081768,38.83519190079526,8.16654716469969,-5.79839755901599,-11.925130762151907,-4.20701525808422e-11
151.84663546442195,39.22588282150966,8.19162451926785,-5.842556005786507,-11.874166868988873,-4.247434940307607e-11
152.25670486334076,39.61473459536594,8.216701873836033,-5.886655603151696,-11.82136569406632,-4.284486315679046e-11
152.67206193215057,40.00170188961367,8.24177922840424,-5.930700444470287,-11.766729223313186,-4.3316426116063305e-11
153.09281301219536,40.38673821664575,8.26685658297247,-5.9746944338465715,-11.71025961094858,-4.3552207595699736e-11
153.51906579182125,40.769795909423216,8.291933937540724,-6.018641247723301,-11.651959179957721,-4.372062293829718e-11
153.95092926090587,41.15082609688718,8.317011292109001,-6.062544295837546,-11.591830423441692,-4.3821672143855645e-11
154.38851365927096,41.529778679424865,8.3420886466773,-6.106406681557868,-11.529876006926575,-4.375430600681667e-11
154.8319304185462,41.90660230446342,8.367166001245625,-6.150231161626122,-11.466098771722727,-4.375430600681667e-11
155.28129209703465,42.28124434227277,8.392243355813973,-6.194020105333642,-11.400501739429675,-4.3451158390141266e-11
155.73671230711102,42.653650862065646,8.417320710382343,-6.237775453167986,-11.333088117687138,-4.321537691050484e-11
156.19830563466468,43.02376660849165,8.442398064950735,-6.281498674973884,-11.263861307277544,-4.27101308827125e-11
156.66618755008378,43.39153497863009,8.467475419519156,-6.325190727680306,-11.192824910690057,-4.2305934060478625e-11
157.14047431025776,43.75689799959609,8.492552774087596,-6.368852012654749,-11.119982742261037,-4.17670049641668e-11
157.6212828510616,44.1197963068829,8.517630128656064,-6.412482332755477,-11.045338840009812,-4.109334359377701e-11
158.10873066977135,44.48016912357435,8.54270748322455,-6.456080849163911,-10.968897479293112,-4.0284949949309264e-11
158.60293569684666,44.83795424057092,8.567784837793065,-6.499646038090729,-10.89066318840485,-3.947655630484152e-11
159.10401615650846,45.19308799798424,8.5928621923616,-6.543175647462846,-10.810640766251264,-3.853343038629582e-11
159.6120904155311,45.54550526786592,8.61793954693016,-6.586666653711979,-10.728835302233843,-3.745557219367216e-11
160.127276819665,45.89513943844821,8.643016901498743,-6.630115218801085,-10.645252198474203,-3.631034786400952e-11
160.64969351710565,46.24192240008642,8.668094256067352,-6.673516647641291,-10.559897194516086,-3.5165123534346884e-11
161.17945826842816,46.58578453310465,8.693171610635982,-6.716865346069315,-10.472776394639114,-3.3683068519489355e-11
161.7166882424165,46.92665469775995,8.718248965204635,-6.7601547795744015,-10.383896297917936,-3.233574577870978e-11
162.2614997972291,47.26446022655192,8.743326319773312,-6.803377432983397,-10.293263831157185,-3.082000769533276e-11
162.81400824636484,47.599126919118355,8.76840367434201,-6.84652477133383,-10.200886384828479,-2.930426961195574e-11
163.37432760891934,47.930579039970205,8.793481028910735,-6.889587202186963,-10.106771852129345,-2.758643311746178e-11
163.94257034365728,48.25873931933193,8.81855838347948,-6.932554039655802,-10.010928671275657,-2.596964582852629e-11
164.51884706646956,48.583528957366134,8.843635738048249,-6.975413470447207,-9.913365871128708,-2.4117077059954376e-11
165.1032662508368,48.90486763207317,8.868713092617043,-7.018152522241938,-9.814093120244943,-2.1961360674707057e-11
165.69593391098414,49.222673511169255,8.893790447185857,-7.06075703476207,-9.713120779420592,-2.0108791906135143e-11
