galstreams/tracks/track.st.M30.ibata2024.ecsv
# %ECSV 1.0
# ---
# datatype:
# - {name: ra, unit: deg, datatype: float64}
# - {name: dec, unit: deg, datatype: float64}
# - {name: distance, unit: kpc, datatype: float64}
# - {name: pm_ra_cosdec, unit: mas / yr, datatype: float64}
# - {name: pm_dec, unit: mas / yr, datatype: float64}
# - {name: radial_velocity, unit: km / s, datatype: float64}
# delimiter: ','
# meta: !!omap
# - __serialized_columns__:
#     dec:
#       __class__: astropy.coordinates.angles.Latitude
#       unit: &id001 !astropy.units.Unit {unit: deg}
#       value: !astropy.table.SerializedColumn {name: dec}
#     distance:
#       __class__: astropy.coordinates.distances.Distance
#       unit: !astropy.units.Unit {unit: kpc}
#       value: !astropy.table.SerializedColumn {name: distance}
#     pm_dec:
#       __class__: astropy.units.quantity.Quantity
#       unit: !astropy.units.Unit {unit: mas / yr}
#       value: !astropy.table.SerializedColumn {name: pm_dec}
#     pm_ra_cosdec:
#       __class__: astropy.units.quantity.Quantity
#       unit: !astropy.units.Unit {unit: mas / yr}
#       value: !astropy.table.SerializedColumn {name: pm_ra_cosdec}
#     ra:
#       __class__: astropy.coordinates.angles.Longitude
#       unit: *id001
#       value: !astropy.table.SerializedColumn {name: ra}
#       wrap_angle: !astropy.coordinates.Angle
#         unit: *id001
#         value: 360.0
#     radial_velocity:
#       __class__: astropy.units.quantity.Quantity
#       unit: !astropy.units.Unit {unit: km / s}
#       value: !astropy.table.SerializedColumn {name: radial_velocity}
# schema: astropy-2.0
ra,dec,distance,pm_ra_cosdec,pm_dec,radial_velocity
[from data line 695]
324.2527244650768,-24.16426617476958,1.0000000000000004,-1.1760598375308557,-7.591466486509378,-146.26065172866674
324.2623293348422,-24.160358237649763,1.0000000000000002,-1.1731709770846468,-7.590257068384236,-146.3257848953672
324.27193128381947,-24.1564455942247,1.0000000000000004,-1.1702824216204029,-7.589046561674767,-146.3912364407829
324.28153029109603,-24.152528209442195,1.0000000000000002,-1.1673941701458226,-7.587834959393519,-146.45700462370334
324.291126335752,-24.148606048254962,1.0000000000000002,-1.1645062216692015,-7.586622254554098,-146.52308770291816
324.30071939686053,-24.144679075620484,1.0000000000000004,-1.161618575199478,-7.585408440171261,-146.58948393721707
324.31030945348783,-24.140747256501182,1.0000000000000004,-1.1587312297461896,-7.584193509260868,-146.65619158538948
324.3198964846929,-24.13681055586421,1.0000000000000002,-1.1558441843195624,-7.582977454839889,-146.7232089062252
324.32948046952777,-24.13286893868162,1.0000000000000004,-1.152957437930409,-7.581760269926379,-146.79053415851376
324.33906138703753,-24.12892236993033,1.0000000000000004,-1.1500709895901498,-7.580541947539544,-146.8581656010448
324.3486392162603,-24.124970814591954,1.0000000000000002,-1.1471848383108227,-7.579322480699685,-146.92610149260784
324.35821393622723,-24.121014237653053,1.0000000000000004,-1.144298983105065,-7.578101862428192,-146.9943400919926
324.3677855259625,-24.117052604104895,1.0000000000000004,-1.141413422986103,-7.576880085747613,-147.06287965798865
324.3773539644835,-24.113085878943668,1.0000000000000004,-1.138528156967709,-7.575657143681577,-147.13171844938555
324.3869192308008,-24.109114027170236,1.0000000000000004,-1.1356431840642855,-7.574433029254834,-147.20085472497303
324.39648130391777,-24.105137013790383,1.0000000000000004,-1.132758503290768,-7.573207735493247,-147.27028674354065
324.40604016283135,-24.101154803814573,1.0000000000000004,-1.129874113662657,-7.571981255423791,-147.340012763878
324.41559578653147,-24.097167362258148,1.0000000000000002,-1.126990014196032,-7.57075358207456,-147.41003104477463
324.42514815400114,-24.09317465414122,1.0000000000000002,-1.1241062039075125,-7.56952470847476,-147.48033984502032
324.4346972442171,-24.089176644488603,1.0000000000000004,-1.121222681814162,-7.568294627654704,-147.55093742340452
324.44424303614863,-24.085173298329995,1.0000000000000004,-1.1183394469337422,-7.567063332645841,-147.62182203871697
324.4537855087589,-24.08116458069976,1.0000000000000004,-1.1154564982844182,-7.5658308164807195,-147.6929919497472
324.4633246410041,-24.077150456637103,1.0000000000000002,-1.1125738348849072,-7.5645970721929965,-147.76444541528485
324.4728604118338,-24.07313089118592,1.0000000000000002,-1.1096914557544277,-7.56336209281747,-147.83618069411952
324.4823928001909,-24.069105849394923,1.0000000000000004,-1.1068093599126563,-7.562125871390026,-147.90819604504085
324.4919217850117,-24.06507529631751,1.0000000000000004,-1.103927546379861,-7.5608884009476895,-147.9804897268384
324.50144734522587,-24.061039197011862,1.0000000000000002,-1.1010460141767275,-7.559649674528599,-148.05305999830185
324.51096945975644,-24.056997516540907,1.0000000000000002,-1.0981647623244104,-7.558409685171987,-148.12590511822077
324.5204881075201,-24.05295021997223,1.0000000000000004,-1.0952837898445669,-7.55716842591824,-148.1990233453848
324.53000326742676,-24.04889727237826,1.0000000000000002,-1.0924030957592947,-7.555925889808845,-148.27241293858347
324.53951491837995,-24.044838638836005,1.0000000000000002,-1.0895226790911234,-7.5546820698863995,-148.3460721566065
324.54902303927656,-24.040774284427307,1.0000000000000004,-1.0866425388631047,-7.553436959194623,-148.41999925824348
324.55852760900734,-24.036704174238643,1.0000000000000002,-1.0837626740986455,-7.552190550778379,-148.49419250228394
324.5680286064562,-24.032628273361244,1.0000000000000002,-1.0808830838216057,-7.550942837683602,-148.56865014751756
324.577526010501,-24.028546546890986,1.0000000000000002,-1.078003767056261,-7.5496938129574,-148.64337045273393
324.5870198000129,-24.024458959928484,1.0000000000000002,-1.0751247228273684,-7.54844346964796,-148.71835167672276
324.5965099538568,-24.020365477579034,1.0000000000000004,-1.0722459501600028,-7.547191800804606,-148.79359207827355
324.6059964508915,-24.01626606495257,1.0000000000000004,-1.0693674480796425,-7.5459387994777885,-148.8690899161759
324.61547926996894,-24.012160687163774,1.0000000000000004,-1.0664892156122079,-7.544684458719056,-148.9448434492195
324.62495838993544,-24.00804930933191,1.0000000000000004,-1.0636112517839251,-7.543428771581113,-149.02085093619394
324.63443378963046,-24.003931896580994,1.0000000000000004,-1.0607335556214945,-7.542171731117749,-149.09711063588875
324.64390544788756,-23.99980841403961,1.0000000000000004,-1.0578561261519113,-7.540913330383897,-149.1736208070937
324.6533733435339,-23.995678826841097,1.0000000000000004,-1.0549789624025117,-7.539653562435603,-149.25037970859825
324.6628374553906,-23.991543100123337,1.0000000000000002,-1.0521020634010156,-7.538392420330049,-149.32738559919207
324.6722977622725,-23.987401199028916,1.0000000000000004,-1.0492254281754896,-7.537129897125507,-149.40463673766482
324.6817542429883,-23.98325308870508,1.0000000000000002,-1.0463490557542805,-7.535865985881418,-149.48213138280605
324.6912068763407,-23.979098734303605,1.0000000000000004,-1.0434729451660996,-7.534600679658303,-149.5598677934054
324.70065564112605,-23.97493810098101,1.0000000000000004,-1.0405970954399457,-7.5333339715178385,-149.63784422825245
324.7101005161349,-23.970771153898315,1.0000000000000002,-1.0377215056051892,-7.5320658545228,-149.71605894613683
324.71954148015163,-23.966597858221256,1.0000000000000004,-1.034846174691376,-7.5307963217371015,-149.79451020584816
324.7289785119546,-23.962418179120082,1.0000000000000002,-1.0319711017284607,-7.529525366225779,-149.87319626617614
324.7384115903162,-23.958232081769726,1.0000000000000004,-1.0290962857465829,-7.528252981054973,-149.9521153859102
324.74784069400295,-23.95403953134963,1.0000000000000002,-1.0262217257762192,-7.526979159291997,-150.0312658238401
324.7572658017752,-23.94984049304388,1.0000000000000004,-1.0233474208480615,-7.52570389400523,-150.11064583875537
324.7666868923874,-23.945634932041173,1.0000000000000002,-1.020473369993132,-7.524427178264217,-150.19025368944565
324.77610394458844,-23.94142281353466,1.0000000000000002,-1.0175995722425686,-7.52314900513961,-150.2700876347005
324.78551693712103,-23.937204102722205,1.0000000000000004,-1.0147260266278302,-7.521869367703188,-150.35014593330968
324.79492584872213,-23.932978764806116,1.0000000000000002,-1.0118527321806194,-7.520588259027869,-150.43042684406265
324.80433065812286,-23.928746764993345,1.0000000000000004,-1.0089796879327846,-7.519305672187673,-150.51092862574913
324.81373134404873,-23.924508068495314,1.0000000000000004,-1.006106892916474,-7.518021600257769,-150.59164953715864
324.82312788521915,-23.920262640528072,1.0000000000000004,-1.0032343461639304,-7.516736036314433,-150.67258783708087
324.8325202603482,-23.91601044631212,1.0000000000000002,-1.000362046707691,-7.51544897343509,-150.75374178430536
324.8419084481439,-23.91175145107255,1.0000000000000004,-0.997489993580416,-7.514160404698261,-150.8351096376218
324.85129242730875,-23.907485620038987,1.0000000000000004,-0.9946181858149146,-7.512870323183626,-150.9166896558197
324.86067217653965,-23.90321291844551,1.0000000000000004,-0.991746622444234,-7.511578721971962,-150.99848009768877
324.8700476745278,-23.89893331153076,1.0000000000000004,-0.9888753025015191,-7.510285594145201,-151.08047922201862
324.87941889995886,-23.894646764537864,1.0000000000000004,-0.9860042250200749,-7.508990932786375,-151.16268528759875
324.8887858315128,-23.890353242714458,1.0000000000000004,-0.98313338903335,-7.5076947309796696,-151.24509655321893
324.89814844786406,-23.88605271131266,1.0000000000000004,-0.9802627935749246,-7.506396981810381,-151.32771127766864
324.90750672768183,-23.88174513558908,1.0000000000000004,-0.9773924376784642,-7.505097678364934,-151.4105277197376
324.91686064962937,-23.877430480804808,1.0000000000000002,-0.9745223203778117,-7.503796813730895,-151.4935441382153
324.92621019236486,-23.873108712225378,1.0000000000000002,-0.9716524407068139,-7.502494380996932,-151.57675879189148
324.9355553345408,-23.868779795120837,1.0000000000000004,-0.9687827976995003,-7.501190373252862,-151.6601699395557
324.9448960548045,-23.86444369476566,1.0000000000000004,-0.9659133903899093,-7.4998847835896365,-151.7437758399975
324.9542323317976,-23.86010037643878,1.0000000000000002,-0.9630442178122234,-7.4985776050993165,-151.8275747520066
324.9635641441567,-23.85574980542357,1.0000000000000004,-0.9601752790005982,-7.497268830875099,-151.9115649343726
324.97289147051276,-23.851391947007844,1.0000000000000004,-0.9573065729893191,-7.495958454011307,-151.99574464588497
324.98221428949176,-23.847026766483857,1.0000000000000004,-0.9544380988126857,-7.494646467603405,-152.0801121453336
324.9915325797142,-23.84265422914828,1.0000000000000004,-0.9515698555050527,-7.493332864747972,-152.16466569150785
325.0008463197954,-23.838274300302196,1.0000000000000004,-0.9487018421007143,-7.492017638542709,-152.2494035431974
325.01015548834556,-23.83388694525112,1.0000000000000004,-0.9458340576340909,-7.49070078208648,-152.33432395919195
325.01946006396946,-23.82949212930494,1.0000000000000004,-0.9429665011395443,-7.489382288479239,-152.419425198281
325.0287600252669,-23.82508981777796,1.0000000000000002,-0.9400991716514895,-7.488062150822089,-152.50470551925412
325.03805535083256,-23.82067997598888,1.0000000000000002,-0.9372320682042101,-7.486740362217267,-152.5901631809011
325.04734601925594,-23.81626256926077,1.0000000000000002,-0.9343651898321088,-7.485416915768124,-152.67579644201146
325.0566320091215,-23.811837562921077,1.0000000000000004,-0.9314985355694709,-7.484091804579141,-152.7616035613748
325.0659132990087,-23.80740492230162,1.0000000000000004,-0.9286321044505268,-7.482765021755955,-152.8475827977808
325.075189867492,-23.802964612738588,1.0000000000000004,-0.9257658955094978,-7.4814365604052995,-152.93373241001896
325.08446169314067,-23.79851659957251,1.0000000000000002,-0.9228999077805682,-7.480106413635066,-153.02005065687894
325.09372875451936,-23.79406084814827,1.0000000000000002,-0.9200341402977443,-7.478774574554241,-153.10653579715037
325.10299103018747,-23.78959732381508,1.0000000000000004,-0.9171685920950576,-7.477441036272969,-153.19318608962288
325.11224849869967,-23.78512599192651,1.0000000000000004,-0.9143032622063902,-7.4761057919025165,-153.2799997930861
325.1215011386059,-23.780646817840434,1.0000000000000004,-0.9114381496655195,-7.474768834555288,-153.36697516632952
325.1307489284508,-23.77615976691906,1.0000000000000002,-0.9085732535061695,-7.473430157344801,-153.4541104681428
325.13999184677476,-23.771664804528886,1.0000000000000004,-0.905708572761851,-7.472089753385703,-153.5414039573157
325.149229872113,-23.767161896040736,1.0000000000000002,-0.9028441064660289,-7.470747615793793,-153.62885389263764
325.1584629829961,-23.762651006829724,1.0000000000000004,-0.8999798536519581,-7.469403737685977,-153.71645853289834
325.16769115795,-23.75813210227524,1.0000000000000002,-0.8971158133528121,-7.468058112180306,-153.80421613688733
325.17691437549587,-23.75360514776097,1.0000000000000004,-0.8942519846014889,-7.466710732395949,-153.89212496339434
325.18613261415015,-23.74907010867487,1.0000000000000002,-0.8913883664308617,-7.4653615914532105,-153.98018327120886
325.19534585242474,-23.74452695040917,1.0000000000000004,-0.8885249578735248,-7.4640106824735275,-154.06838931912063
325.204554068827,-23.73997563836035,1.0000000000000002,-0.8856617579618611,-7.462657998579468,-154.15674136591915
325.2137572418595,-23.735416137929136,1.0000000000000004,-0.8827987657281504,-7.461303532894711,-154.24523767039403
325.2229553500206,-23.730848414520516,1.0000000000000002,-0.8799359802043565,-7.4599472785440994,-154.33387649133502
325.23214837180376,-23.72627243354369,1.0000000000000004,-0.8770734004222582,-7.458589228653561,-154.42265608753158
325.2413362856982,-23.72168816041212,1.0000000000000004,-0.8742110254134303,-7.4572293763502,-154.51157471777336
325.2505190701887,-23.71709556054346,1.0000000000000004,-0.871348854209133,-7.455867714762217,-154.60063064085006
325.2596967037554,-23.71249459935959,1.0000000000000002,-0.8684868858404862,-7.454504237018955,-154.68982211555118
325.26886916487433,-23.70788524228659,1.0000000000000004,-0.8656251193382083,-7.453138936250864,-154.77914740066637
325.278036432017,-23.703267454754766,1.0000000000000002,-0.8627635537328402,-7.451771805589588,-154.86860475498528
325.2871984836506,-23.69864120219855,1.0000000000000004,-0.8599021880545656,-7.4504028381678085,-154.9581924372975
325.29635529823804,-23.694006450056634,1.0000000000000004,-0.8570410213333748,-7.4490320271194035,-155.04790870639255
325.30550685423793,-23.689363163771834,1.0000000000000002,-0.8541800525988528,-7.447659365579365,-155.1377518210602
325.3146531301046,-23.684711308791154,1.0000000000000004,-0.8513192808803165,-7.446284846683795,-155.22772004009005
325.3237941042884,-23.680050850565742,1.0000000000000002,-0.8484587052066779,-7.444908463569938,-155.31781162227153
325.33292975523517,-23.67538175455091,1.0000000000000004,-0.8455983246066605,-7.4435302093761635,-155.40802482639444
325.34206006138686,-23.67070398620611,1.0000000000000004,-0.8427381381085244,-7.442150077241978,-155.49835791124832
325.35118500118125,-23.66601751099493,1.0000000000000004,-0.8398781447401547,-7.440768060308001,-155.5888091356228
325.36030455305183,-23.661322294385087,1.0000000000000004,-0.8370183435291683,-7.439384151716004,-155.67937675830748
325.3694186954284,-23.656618301848408,1.0000000000000004,-0.8341587335027025,-7.437998344608844,-155.7700590380919
325.37852740673645,-23.65190549886085,1.0000000000000004,-0.8312993136875182,-7.436610632130549,-155.86085423376576
325.3876306653976,-23.647183850902447,1.0000000000000004,-0.8284400831100704,-7.435221007426258,-155.95176060411868
325.3967284498295,-23.642453323457342,1.0000000000000004,-0.8255810407962585,-7.433829463642226,-156.0427764079403
325.40582073844575,-23.637713882013788,1.0000000000000004,-0.8227221857716707,-7.432435993925856,-156.13389990402013
325.4149075096563,-23.632965492064073,1.0000000000000002,-0.8198635170613624,-7.431040591425669,-156.2251293511478
325.423988741867,-23.62820811910459,1.0000000000000004,-0.8170050336900854,-7.42964324929129,-156.31646300811306
325.43306441348,-23.623441728635775,1.0000000000000004,-0.8141467346819642,-7.428243960673517,-156.40789913370543
325.4421345028936,-23.61866628616213,1.0000000000000004,-0.8112886190607682,-7.426842718724233,-156.4994359867144
325.4511989885024,-23.613881757192196,1.0000000000000004,-0.8084306858497605,-7.425439516596459,-156.59107182592973
325.46025784869715,-23.60908810723856,1.0000000000000004,-0.8055729340717086,-7.424034347444355,-156.68280491014102
325.46931106186497,-23.604285301817843,1.0000000000000004,-0.8027153627488861,-7.422627204423195,-156.77463349813777
325.4783586063893,-23.599473306450648,1.0000000000000002,-0.7998579709030267,-7.421218080689376,-156.86655584870982
325.48740046064984,-23.594652086661654,1.0000000000000002,-0.7970007575554128,-7.419806969400424,-156.95857022064664
325.4964366030228,-23.589821607979495,1.0000000000000002,-0.7941437217267389,-7.418393863714984,-157.0506748727377
325.50546701188085,-23.58498183593682,1.0000000000000002,-0.7912868624371345,-7.416978756792831,-157.1428680637729
325.514491665593,-23.58013273607026,1.0000000000000004,-0.7884301787062018,-7.415561641794861,-157.23514805254166
325.52351054252483,-23.575274273920446,1.0000000000000004,-0.7855736695530275,-7.41414251188311,-157.32751309783364
325.53252362103837,-23.570406415031936,1.0000000000000002,-0.7827173339960112,-7.4127213602207,-157.41996145843842
