galstreams/tracks/track.st.M68.ibata2021.ecsv
# %ECSV 0.9
# ---
# datatype:
# - {name: ra, unit: deg, datatype: float64}
# - {name: dec, unit: deg, datatype: float64}
# - {name: distance, unit: kpc, datatype: float64}
# - {name: pm_ra_cosdec, unit: mas / yr, datatype: float64}
# - {name: pm_dec, unit: mas / yr, datatype: float64}
# - {name: radial_velocity, unit: km / s, datatype: float64}
# delimiter: ','
# meta: !!omap
# - __serialized_columns__:
#     dec:
#       __class__: astropy.coordinates.angles.Latitude
#       unit: &id001 !astropy.units.Unit {unit: deg}
#       value: !astropy.table.SerializedColumn {name: dec}
#     distance:
#       __class__: astropy.coordinates.distances.Distance
#       unit: !astropy.units.Unit {unit: kpc}
#       value: !astropy.table.SerializedColumn {name: distance}
#     pm_dec:
#       __class__: astropy.units.quantity.Quantity
#       unit: !astropy.units.Unit {unit: mas / yr}
#       value: !astropy.table.SerializedColumn {name: pm_dec}
#     pm_ra_cosdec:
#       __class__: astropy.units.quantity.Quantity
#       unit: !astropy.units.Unit {unit: mas / yr}
#       value: !astropy.table.SerializedColumn {name: pm_ra_cosdec}
#     ra:
#       __class__: astropy.coordinates.angles.Longitude
#       unit: *id001
#       value: !astropy.table.SerializedColumn {name: ra}
#       wrap_angle: !astropy.coordinates.Angle
#         unit: *id001
#         value: 360.0
#     radial_velocity:
#       __class__: astropy.units.quantity.Quantity
#       unit: !astropy.units.Unit {unit: km / s}
#       value: !astropy.table.SerializedColumn {name: radial_velocity}
# schema: astropy-2.0
ra,dec,distance,pm_ra_cosdec,pm_dec,radial_velocity
[from data line 1417]
190.428850748414,-30.064954867106668,4.185431382023155,-4.143939895652808,6.4996480861857275,1.6841534259744676e-14
190.43373071971476,-30.055535152696933,4.18486883259749,-4.145458953889557,6.49797284152709,3.368306851948935e-14
190.4386174456169,-30.046116291034615,4.184303154454619,-4.146984993158255,6.496308006317676,-8.420767129872338e-15
190.44351093357423,-30.036698282654747,4.183734342860638,-4.148518023943486,6.494653601104899,0.0
190.44841119103938,-30.02728112809087,4.183162393081652,-4.1500580567350385,6.493009646433261,-8.420767129872338e-15
190.45331822546362,-30.01786482787496,4.182587300383762,-4.151605102027934,6.491376162844366,-1.6841534259744676e-14
190.45823204429686,-30.008449382537496,4.182009060033068,-4.153159170322412,6.489753170876902,2.5262301389617013e-14
190.46315265498788,-29.9990347926074,4.181427667295671,-4.15472027212397,6.488140691066641,-1.6841534259744676e-14
190.46808006498398,-29.989621058612084,4.180843117437672,-4.156288417943349,6.486538743946442,8.420767129872338e-15
190.47301428173125,-29.9802081810774,4.180255405725174,-4.15786361829656,6.48494735004622,8.420767129872338e-15
190.47795531267457,-29.970796160527684,4.179664527424276,-4.15944588370488,6.48336652989298,0.0
190.48290316525737,-29.96138499748572,4.179070477801079,-4.161035224694869,6.481796304010778,4.210383564936169e-14
190.4878578469219,-29.95197469247279,4.178473252121684,-4.162631651798386,6.4802366929207444,0.0
190.49281936510923,-29.94256524600858,4.177872845652193,-4.164235175552587,6.478687717141048,-8.420767129872338e-15
190.4977877272589,-29.933156658611274,4.177269253658708,-4.165845806499941,6.477149397186922,8.420767129872338e-15
190.50276294080942,-29.923748930797522,4.176662471407328,-4.1674635551882435,6.475621753570641,0.0
190.50774501319788,-29.914342063082405,4.176052494164154,-4.169088432170619,6.474104806801526,-1.6841534259744676e-14
190.51273395186016,-29.904936055979505,4.17543931719529,-4.1707204480055236,6.472598577385925,2.5262301389617013e-14
190.5177297642309,-29.895530910000804,4.1748229357668345,-4.172359613256791,6.471103085827232,0.0
190.52273245774342,-29.88612662565679,4.174203345144887,-4.174005938493594,6.469618352625863,8.420767129872338e-15
190.52774203982983,-29.876723203456372,4.173580540595553,-4.175659434290486,6.468144398279252,1.6841534259744676e-14
190.53275851792102,-29.86732064390694,4.172954517384929,-4.1773201112274,6.466681243281856,0.0
190.5377818994465,-29.857918947514317,4.172325270779121,-4.178987979889659,6.465228908125156,1.6841534259744676e-14
190.5428121918346,-29.848518114782788,4.1716927960442245,-4.180663050867993,6.463787413297627,2.5262301389617013e-14
190.5478494025125,-29.839118146215093,4.1710570884463465,-4.182345334758533,6.462356779284752,-8.420767129872338e-15
190.55289353890598,-29.829719042312405,4.170418143251581,-4.184034842162843,6.46093702656903,0.0
190.55794460843964,-29.82032080357436,4.169775955726037,-4.185731583687899,6.459528175629933,1.6841534259744676e-14
190.5630026185369,-29.810923430499056,4.16913052113581,-4.18743556994614,6.45813024694394,0.0
190.5680675766199,-29.801526923583,4.168481834747001,-4.189146811555436,6.456743260984512,1.6841534259744676e-14
190.5731394901095,-29.792131283321186,4.167829891825714,-4.19086531913913,6.45536723822209,0.0
190.57821836642543,-29.782736510207023,4.167174687638049,-4.192591103326021,6.454002199124094,1.6841534259744676e-14
190.5833042129861,-29.77334260473239,4.1665162174501065,-4.194324174750396,6.452648164154915,2.5262301389617013e-14
190.58839703720875,-29.763949567387602,4.165854476527988,-4.19606454405203,6.451305153775923,-1.6841534259744676e-14
190.59349684650937,-29.7545573986614,4.165189460137794,-4.19781222187619,6.449973188445439,2.5262301389617013e-14
190.5986036483028,-29.745166099041,4.164521163545627,-4.199567218873658,6.448652288618744,8.420767129872338e-15
190.6037174500026,-29.73577566901201,4.163849582017586,-4.201329545700732,6.4473424747480825,8.420767129872338e-15
190.6088382590211,-29.726386109058534,4.163174710819773,-4.203099213019232,6.446043767282642,0.0
190.6139660827695,-29.71699741966308,4.162496545218291,-4.204876231496524,6.444756186668558,0.0
190.6191009286578,-29.70760960130661,4.161815080479237,-4.206660611805508,6.443479753348904,-2.5262301389617013e-14
190.62424280409462,-29.69822265446851,4.161130311868715,-4.208452364624651,6.442214487763702,1.6841534259744676e-14
190.62939171648762,-29.688836579626614,4.160442234652828,-4.210251500637978,6.440960410349885,1.6841534259744676e-14
190.6345476732431,-29.67945137725721,4.159750844097671,-4.212058030535095,6.439717541541334,-1.6841534259744676e-14
190.63971068176625,-29.670067047834962,4.159056135469349,-4.213871965011186,6.438485901768842,1.6841534259744676e-14
190.64488074946104,-29.66068359183304,4.158358104033963,-4.215693314767034,6.43726551146012,0.0
190.65005788373023,-29.651301009722992,4.157656745057614,-4.217522090509028,6.4360563910398,0.0
190.65524209197542,-29.641919301974827,4.156952053806402,-4.21935830294916,6.434858560929418,8.420767129872338e-15
190.66043338159702,-29.632538469056975,4.15624402554643,-4.22120196280505,6.433672041547416,1.6841534259744676e-14
190.6656317599943,-29.62315851143632,4.155532655543798,-4.223053080799958,6.432496853309139,8.420767129872338e-15
190.67083723456528,-29.61377942957814,4.154817939064606,-4.224911667662769,6.4313330166268265,1.6841534259744676e-14
190.67604981270682,-29.604401223946162,4.154099871374955,-4.226777734128038,6.430180551909608,0.0
190.68126950181468,-29.59502389500254,4.153378447740947,-4.228651290935961,6.429039479563496,8.420767129872338e-15
190.6864963092834,-29.58564744320785,4.152653663428684,-4.230532348832417,6.427909819991397,-1.6841534259744676e-14
190.6917302425063,-29.57627186902111,4.151925513704266,-4.232420918568959,6.426791593593091,-1.6841534259744676e-14
190.69697130887565,-29.566897172899722,4.151193993833795,-4.2343170109028305,6.425684820765225,1.6841534259744676e-14
190.7022195157825,-29.55752335529958,4.1504590990833705,-4.23622063659697,6.424589521901323,0.0
190.7074748706167,-29.548150416674947,4.149720824719094,-4.238131806420029,6.423505717391773,1.6841534259744676e-14
190.71273738076707,-29.53877835747853,4.148979166007066,-4.240050531146369,6.422433427623823,0.0
190.7180070536211,-29.529407178161453,4.148234118213391,-4.2419768215560785,6.421372672981566,1.6841534259744676e-14
190.72328389656528,-29.520036879173276,4.147485676604165,-4.243910688434983,6.420323473845968,8.420767129872338e-15
190.72856791698493,-29.51066746096196,4.1467338364454935,-4.245852142574656,6.4192858505948225,-8.420767129872338e-15
190.73385912226416,-29.501298923973877,4.145978593003474,-4.247801194772418,6.418259823602778,2.5262301389617013e-14
190.73915751978603,-29.49193126865388,4.14521994154421,-4.249757855831357,6.4172454132413135,8.420767129872338e-15
190.7444631169324,-29.482564495445157,4.144457877333802,-4.251722136560329,6.416242639878745,-2.5262301389617013e-14
190.74977592108394,-29.473198604789374,4.143692395638349,-4.253694047773978,6.415251523880223,-2.5262301389617013e-14
190.75509593962033,-29.463833597126577,4.142923491723956,-4.255673600292732,6.41427208560771,-2.5262301389617013e-14
190.76042317992002,-29.454469472895244,4.142151160856721,-4.257660804942822,6.413304345420006,1.6841534259744676e-14
190.76575764936038,-29.4451062325323,4.141375398302746,-4.25965567255629,6.412348323672711,-8.420767129872338e-15
190.7710993553176,-29.435743876473015,4.140596199328131,-4.261658213970996,6.4114040407182475,0.0
190.7764483051668,-29.426382405151138,4.139813559198981,-4.263668440030621,6.410471516905841,-1.6841534259744676e-14
190.78180450628201,-29.417021818998784,4.139027473181392,-4.265686361584689,6.409550772581524,0.0
190.78716796603604,-29.407662118446517,4.1382379365414685,-4.2677119894885704,6.40864182808812,-8.420767129872338e-15
190.79253869180067,-29.39830330392328,4.137444944545309,-4.269745334603487,6.407744703765262,-8.420767129872338e-15
190.79791669094655,-29.38894537585645,4.136648492459017,-4.271786407796525,6.4068594199493525,0.0
190.80330197084322,-29.379588334671816,4.135848575548692,-4.273835219940645,6.405985996973598,0.0
190.8086945388591,-29.370232180793554,4.135045189080434,-4.275891781914691,6.405124455167978,-8.420767129872338e-15
190.81409440236155,-29.360876914644262,4.134238328320347,-4.277956104603392,6.404274814859246,8.420767129872338e-15
190.81950156871676,-29.351522536644968,4.13342798853453,-4.280028198897386,6.403437096370935,-8.420767129872338e-15
190.82491604528994,-29.342169047215044,4.132614164989085,-4.2821080756932135,6.402611320023342,8.420767129872338e-15
190.83033783944506,-29.332816446772334,4.131796852950114,-4.284195745893333,6.40179750613353,2.5262301389617013e-14
190.83576695854512,-29.32346473573306,4.130976047683714,-4.28629122040614,6.400995675015325,0.0
190.84120340995196,-29.314113914511854,4.130151744455991,-4.288394510145952,6.400205846979302,8.420767129872338e-15
190.84664720102637,-29.30476398352174,4.129323938533044,-4.290505626033042,6.399428042332789,-8.420767129872338e-15
190.85209833912802,-29.29541494317416,4.128492625180972,-4.29262457899363,6.398662281379864,2.5262301389617013e-14
190.85755683161557,-29.28606679387895,4.127657799665879,-4.294751379959905,6.397908584421344,1.6841534259744676e-14
190.86302268584654,-29.276719536044364,4.126819457253866,-4.296886039870025,6.397166971754787,-1.6841534259744676e-14
190.86849590917734,-29.267373170077025,4.125977593211033,-4.299028569668128,6.396437463674486,2.5262301389617013e-14
190.87397650896344,-29.258027696381987,4.1251322028034805,-4.301178980304345,6.395720080471455,2.5262301389617013e-14
190.87946449255912,-29.248683115362695,4.124283281297311,-4.303337282734805,6.39501484243345,-1.6841534259744676e-14
190.8849598673176,-29.239339427420997,4.123430823958626,-4.305503487921638,6.394321769844927,0.0
190.89046264059115,-29.229996632957114,4.122574826053523,-4.307677606832999,6.39364088298708,8.420767129872338e-15
190.89597281973084,-29.220654732369702,4.121715282848106,-4.309859650443063,6.392972202137804,8.420767129872338e-15
190.90149041208673,-29.211313726055792,4.120852189608476,-4.312049629732038,6.392315747571704,-1.6841534259744676e-14
190.90701542500787,-29.201973614410818,4.119985541600733,-4.31424755568618,6.391671539560087,1.6841534259744676e-14
190.91254786584219,-29.192634397828606,4.1191153340909805,-4.3164534392977885,6.391039598370964,0.0
190.9180877419366,-29.18329607670139,4.118241562345316,-4.318667291565232,6.3904199442690475,-8.420767129872338e-15
190.92363506063694,-29.173958651419767,4.117364221629843,-4.320889123492941,6.389812597515728,3.368306851948935e-14
190.92918982928808,-29.164622122372784,4.11648330721066,-4.3231189460914266,6.3892175783690925,-8.420767129872338e-15
190.93475205523376,-29.155286489947805,4.115598814353871,-4.325356770377288,6.38863490708391,0.0
190.9403217458167,-29.14595175453066,4.114710738325577,-4.327602607373213,6.388064603911626,-2.5262301389617013e-14
190.9458989083786,-29.136617916505504,4.113819074391878,-4.329856468107997,6.387506689100364,2.5262301389617013e-14
190.95148355026012,-29.12728497625497,4.112923817818874,-4.33211836361655,6.386961182894914,-8.420767129872338e-15
190.95707567880086,-29.117952934159984,4.112024963872668,-4.334388304939897,6.386428105536738,1.6841534259744676e-14
190.96267530133943,-29.108621790599937,4.111122507819361,-4.336666303125198,6.385907477263954,8.420767129872338e-15
190.96828242521343,-29.099291545952564,4.110216444925051,-4.338952369225751,6.385399318311349,-1.6841534259744676e-14
190.97389705775936,-29.089962200593995,4.109306770455842,-4.341246514300995,6.384903648910349,1.6841534259744676e-14
190.97951920631274,-29.080633754898795,4.108393479677836,-4.343548749416529,6.384420489289041,-2.5262301389617013e-14
190.9851488782081,-29.071306209239854,4.107476567857131,-4.345859085644114,6.383949859672152,-2.5262301389617013e-14
190.99078608077886,-29.061979563988473,4.1065560302598305,-4.348177534061684,6.383491780281053,8.420767129872338e-15
190.99643082135756,-29.05265381951435,4.105631862152033,-4.350504105753356,6.383046271333754,0.0
191.00208310727564,-29.043328976185553,4.104704058799842,-4.352838811809433,6.382613353044895,8.420767129872338e-15
191.00774294586353,-29.034005034368555,4.103772615469358,-4.355181663326415,6.382193045625745,0.0
191.01341034445068,-29.024681994428192,4.102837527426682,-4.357532671407011,6.381785369284202,-8.420767129872338e-15
191.01908531036554,-29.0153598567277,4.1018987899379145,-4.359891847160142,6.381390344224778,0.0
191.02476785093555,-29.006038621628665,4.100956398269157,-4.362259201700957,6.381007990648614,-1.6841534259744676e-14
191.0304579734871,-28.99671828949112,4.10001034768651,-4.364634746150831,6.380638328753449,-3.368306851948935e-14
