galstreams/tracks/track.st.M92.ibata2020.ecsv
# %ECSV 0.9
# ---
# datatype:
# - {name: ra, unit: deg, datatype: float64}
# - {name: dec, unit: deg, datatype: float64}
# - {name: distance, unit: kpc, datatype: float64}
# - {name: pm_ra_cosdec, unit: mas / yr, datatype: float64}
# - {name: pm_dec, unit: mas / yr, datatype: float64}
# - {name: radial_velocity, unit: km / s, datatype: float64}
# delimiter: ','
# meta: !!omap
# - __serialized_columns__:
#     dec:
#       __class__: astropy.coordinates.angles.Latitude
#       unit: &id001 !astropy.units.Unit {unit: deg}
#       value: !astropy.table.SerializedColumn {name: dec}
#     distance:
#       __class__: astropy.coordinates.distances.Distance
#       unit: !astropy.units.Unit {unit: kpc}
#       value: !astropy.table.SerializedColumn {name: distance}
#     pm_dec:
#       __class__: astropy.units.quantity.Quantity
#       unit: !astropy.units.Unit {unit: mas / yr}
#       value: !astropy.table.SerializedColumn {name: pm_dec}
#     pm_ra_cosdec:
#       __class__: astropy.units.quantity.Quantity
#       unit: !astropy.units.Unit {unit: mas / yr}
#       value: !astropy.table.SerializedColumn {name: pm_ra_cosdec}
#     ra:
#       __class__: astropy.coordinates.angles.Longitude
#       unit: *id001
#       value: !astropy.table.SerializedColumn {name: ra}
#       wrap_angle: !astropy.coordinates.Angle
#         unit: *id001
#         value: 360.0
#     radial_velocity:
#       __class__: astropy.units.quantity.Quantity
#       unit: !astropy.units.Unit {unit: km / s}
#       value: !astropy.table.SerializedColumn {name: radial_velocity}
# schema: astropy-2.0
ra,dec,distance,pm_ra_cosdec,pm_dec,radial_velocity
246.93203474654277,43.03825232754601,9.157941520244863,-5.200568766055049,-3.0877144803466345,7.578690416885104e-14
247.12146988411445,43.108036897558165,9.144007309109439,-5.213040381648888,-3.0370388264711052,5.894536990910637e-14
247.31010534463303,43.175570309999266,9.130700416456785,-5.224886472321094,-2.9869607650213075,3.368306851948935e-14
247.4979287699101,43.240875529754724,9.118011764029776,-5.236117460762539,-2.937479534212658,1.0946997268834039e-13
247.68492819073512,43.30397549522678,9.105932273571272,-5.2467437545854185,-2.8885942414032835,1.2631150694808508e-13
247.87109203138814,43.364893116182486,9.094452866824144,-5.256775743660485,-2.8403038624603782,1.6841534259744677e-13
248.05640911381155,43.423651271634135,9.083564465531252,-5.2662237974923505,-2.7926072412441227,5.0524602779234026e-14
248.24086866144285,43.48027280775311,9.073257991435462,-5.275098262636044,-2.745503089207618,1.2631150694808508e-13
248.42446030270722,43.53478053581991,9.06352436627965,-5.283409460157888,-2.6989899851113917,1.515738083377021e-13
248.60717407417172,43.5871972302111,9.054354511806668,-5.291167683143585,-2.653066374850665,1.0104920555846805e-13
248.78900042336272,43.637545626425236,9.045739349759398,-5.298383194256298,-2.607730571393462,3.368306851948935e-14
248.96993021124752,43.685848419149565,9.037669801880694,-5.305066223347341,-2.5629807548275734,2.5262301389617013e-14
249.14995471438465,43.73212826036823,9.030136789913426,-5.311226965121962,-2.518814972514045,1.1789073981821273e-13
249.3290656267436,43.776407757513944,9.023131235600463,-5.316875576862518,-2.4752311393449613,5.894536990910637e-14
249.50725506119954,43.818709471663986,9.016644060684667,-5.322022176211215,-2.4322270381029485,5.894536990910637e-14
249.68451555070496,43.85905591578198,9.010666186908903,-5.326676839014406,-2.3898003199198583,-8.420767129872338e-15
249.86084004914454,43.89746955300627,9.005188536016044,-5.330849597230312,-2.3479485048318764,8.420767129872338e-14
250.03622193187715,43.93397279498593,9.000202029748952,-5.334550436901817,-2.3066689824282136,1.0946997268834039e-13
250.210654995969,43.96858800026557,8.99569758985049,-5.337789296195872,-2.2659590125905855,1.768361097273191e-13
250.38413346012644,44.00133747271912,8.99166613806353,-5.3405760635108805,-2.2258157263202776,4.210383564936169e-14
250.55665196433043,44.032243460034195,8.988098596130934,-5.34292057565324,-2.1862361266499573,3.368306851948935e-14
250.72820556918307,44.06132815224652,8.984985885795572,-5.344832616084103,-2.147217089636845,9.262843842859572e-14
250.89878975496916,44.088613680326105,8.982318928800309,-5.346321913237237,-2.1087553654342392,-1.6841534259744676e-14
251.06840042044183,44.114122114814656,8.980088646888008,-5.3473981389086775,-2.0708475794380243,4.210383564936169e-14
251.2370338813385,44.13787546451523,8.978285961801536,-5.348070906718811,-2.0334902335049083,1.8525687685719145e-13
251.40468686863485,44.15989567523396,8.976901795283764,-5.348349770647241,-1.9966797072390308,1.0946997268834039e-13
251.57135652654406,44.18020462857411,8.975927069077553,-5.348244223640769,-1.9604122593436224,1.2631150694808508e-13
251.7370404102693,44.198824140783024,8.975352704925772,-5.347763696294573,-1.9246840290343177,7.578690416885104e-14
251.90173648351768,44.215775961651005,8.975169624571285,-5.346917555606624,-1.8894910375107186,1.347322740779574e-13
252.0654431157835,44.23108177346322,8.975368749756962,-5.345715103805123,-1.854829189482881,4.210383564936169e-14
252.22815907940904,44.24476319000339,8.975941002225664,-5.344165577248771,-1.8206942747492652,1.6841534259744676e-14
252.38988354643155,44.256841755609976,8.976877303720261,-5.342278145399355,-1.7870819698228635,4.210383564936169e-14
252.55061608522493,44.267338944283864,8.978168575983618,-5.340061909866215,-1.7539878396020692,1.3052189051302125e-13
252.71035665694492,44.276276158847516,8.979805740758602,-5.337525903521893,-1.7214073390830098,7.157652060391487e-14
252.86910561178527,44.2836747301553,8.981779719788078,-5.334679089688175,-1.6893358151100875,5.4734986344170195e-14
253.02686368505587,44.28955591635394,8.984081434814913,-5.3315303613917235,-1.6577685081613376,1.0525958912340423e-13
253.18363199308914,44.293940902193356,8.986701807581973,-5.328088540688264,-1.626700554165541,-4.210383564936169e-15
253.33941202898527,44.29685079838635,8.98963175983212,-5.324362378054265,-1.5961269863478016,6.315575347404254e-14
253.49420565820427,44.298306641017305,8.99286221330823,-5.320360551844947,-1.566042737100534,5.894536990910637e-14
253.64801511401333,44.29832939099858,8.996384089753159,-5.3160916678173855,-1.5364426398767903,1.3894265764289357e-13
253.80084299279952,44.296939933573974,9.00018831090978,-5.31156425871734,-1.507321431102854,4.210383564936169e-15
253.95269224925394,44.29415907786878,9.004265798520954,-5.3067867839284,-1.478673752107325,9.683882199353189e-14
254.1035661914397,44.2900075564848,9.008607474329555,-5.301767629182003,-1.4504941510635798,2.5262301389617013e-14
254.25346847574772,44.284506025140445,9.01320426007844,-5.296515106326727,-1.422777084943086,7.578690416885104e-14
254.40240310175335,44.27767506235365,9.018047077510479,-5.291037453155282,-1.39551692147657,4.210383564936169e-15
254.55037440697797,44.2695351691681,9.02312684836854,-5.285342833287513,-1.368707941120637,1.221011233831489e-13
254.69738706156767,44.26010676892024,9.028434494395485,-5.279439336107764,-1.3423443390270213,1.1789073981821273e-13
254.84344606289326,44.249410207047355,9.03396093733419,-5.273334976754745,-1.316420227012231,8.841805486365955e-14
254.9885567300829,44.237465750934625,9.039697098927508,-5.2670376961622285,-1.2909296355249524,1.347322740779574e-13
255.1327246984934,44.22429358980044,9.04563390091831,-5.260555361148649,-1.2658665156089839,1.1368035625327657e-13
255.2759559141276,44.20991383461909,9.051762265049469,-5.253895764553807,-1.2412247408595163,9.262843842859572e-14
255.41825662800696,44.19434651807897,9.058073113063845,-5.247066625420804,-1.2169981093704325,7.578690416885104e-14
255.55963339050456,44.177611594576085,9.0645573667043,-5.2400755892212745,-1.1931803456707402,-4.210383564936169e-15
255.70009304564795,44.15972894024048,9.071205947713707,-5.232930228122002,-1.1697651026479903,2.5262301389617013e-14
255.83964272539657,44.140718352995606,9.078009777834932,-5.225638041291074,-1.1467459634568908,9.262843842859572e-14
255.97828984390242,44.1205995526485,9.084959778810841,-5.218206455241527,-1.124116443411249,1.1368035625327657e-13
256.1160420917597,44.09939218100985,9.092046872384294,-5.210642824210663,-1.1018699918574906,8.420767129872338e-15
256.25290743024914,44.07711580204299,9.099261980298165,-5.202954430573009,-1.079999994028214,8.841805486365955e-14
256.3888940855858,44.05378990204001,9.106596024295316,-5.195148485285109,-1.0584997728740473,1.515738083377021e-13
256.52401054317227,44.02943388982438,9.114039926118613,-5.187232128360112,-1.0373625908725315,5.0524602779234026e-14
256.6582655418678,44.00406709697815,9.121584607510925,-5.179212429370343,-1.0165816518124733,7.999728773378721e-14
256.7916680682748,43.97770877809325,9.129220990215115,-5.171096387975932,-0.9961501025525523,1.2631150694808506e-14
256.9242273510508,43.95037811104505,9.136939995974053,-5.1628909344776295,-0.9760610347529297,8.841805486365955e-14
257.0559528552505,43.922094197287045,9.144732546530602,-5.154602930391987,-0.956307486578654,3.368306851948935e-14
257.1868542767015,43.89287606216598,9.15258956362763,-5.146239169047027,-0.9368824443739265,7.157652060391487e-14
257.31694153642104,43.862742655255225,9.160501969008001,-5.137806376196671,-0.9177788443060492,3.368306851948935e-14
257.44622477507545,43.83171285070631,9.168460684414583,-5.129311210652077,-0.8989895739783145,1.0946997268834039e-13
257.5747143474901,43.799805447616336,9.176456631590241,-5.120760264928225,-0.8805074740108265,1.2631150694808506e-14
257.70242081720954,43.76703917041116,9.184480732277844,-5.112160065903962,-0.8623253395886354,6.947132882144679e-14
257.82935495111735,43.73343266924201,9.192523908220254,-5.10351707549391,-0.8444359219763027,2.1051917824680845e-15
257.95552771411406,43.6990045203957,9.20057708116034,-5.094837691330516,-0.8268319299984512,4.8419410996765944e-14
258.08095026386036,43.663773226716025,9.208631172840965,-5.086128247454705,-0.8095060314855458,7.789209595131913e-14
258.20563394558826,43.62775721803607,9.216677105005003,-5.077395015013545,-0.7924508546844939,9.683882199353189e-14
258.32959028698156,43.590974851620224,9.224705799395313,-5.068644202963381,-0.7756589896336274,6.105056169157445e-14
258.45283099313167,43.55344441261424,9.232708177754763,-5.059881958776978,-0.7591229895015916,1.1578554803574466e-13
258.57536794156863,43.51518411450323,9.240675161826214,-5.051114369153205,-0.7428353718898932,7.789209595131913e-14
258.6972131773726,43.476212099575456,9.248597673352544,-5.04234746072786,-0.7267886200987603,7.368171238638296e-14
258.81837890836596,43.43654643939213,9.25646663407661,-5.033587200784295,-0.7109751843561605,-4.210383564936169e-15
258.93887750038994,43.39620513526096,9.26427296574128,-5.024839497962462,-0.6953874830097223,4.631421921429786e-14
259.0587214726679,43.35520611871334,9.272007590089425,-5.016110202965162,-0.6800179036814766,9.683882199353189e-14
259.17792349325543,43.31356725198411,9.279661428863905,-5.007405109260223,-0.6648588043853628,4.4209027431829774e-14
259.2964963745816,43.27130632849248,9.28722540380759,-4.998729953777414,-0.6499025146073918,6.105056169157445e-14
259.41445306908076,43.22844107332386,9.29469043666334,-4.990090417598968,-0.635141336348547,6.947132882144679e-14
259.53180666491835,43.184989143711064,9.302047449174031,-4.98149212664255,-0.6205675451303994,5.6840178126638284e-14
259.64857038181026,43.14096812951474,9.30928736308252,-4.972940652335686,-0.6061733909635991,5.4734986344170195e-14
259.764757566938,43.09639555370147,9.316401100131678,-4.9644415122805245,-0.5919510992792855,6.947132882144679e-14
259.8803816909611,43.05128887281912,9.323379582064373,-4.956000170908028,-0.5778928718236112,6.947132882144679e-14
259.995456344126,43.005665477468916,9.330213730623463,-4.947622040120613,-0.5639908875155978,6.73661370389787e-14
260.1099952324746,42.959542692772594,9.336894467551824,-4.939312479922315,-0.5502373032684429,-1.2631150694808506e-14
260.22401217415035,42.912937778835,9.34341271459232,-4.931076799035676,-0.5366242547746607,6.73661370389787e-14
260.33752109580587,42.86586793120041,9.349759393487812,-4.922920255504443,-0.5231438572551675,4.210383564936169e-15
260.45053602910843,42.81835028130275,9.355925425981168,-4.914848057281365,-0.50978820617279,9.683882199353189e-14
260.5630711073478,42.77040189690825,9.361901733815259,-4.906865362800283,-0.49654937791034365,9.894401377599997e-14
260.6751405621436,42.72203978255042,9.367679238732945,-4.898977281531831,-0.4834194304137391,9.47336302110638e-14
260.7867587202533,42.673280879956685,9.373248862477094,-4.891188874522046,-0.47039040380045016,-2.1051917824680846e-14
260.89794000048187,42.62414206846566,9.378601526790575,-4.883505154913246,-0.45745432093369287,1.3262708229548932e-13
261.0086989106914,42.57464016543499,9.383728153416254,-4.875931088446575,-0.4446031879627268,2.315710960714893e-14
261.11905004491126,42.524791926638976,9.388619664096993,-4.8684715939456265,-0.43182899482974635,7.789209595131913e-14
261.2290080805492,42.474614046655226,9.39326698057566,-4.8611315437805676,-0.41912371574367135,-2.5262301389617013e-14
261.3385877757015,42.42412315924028,9.397661024595122,-4.853915764312315,-0.4064793096214095,8.104988362502126e-14
261.4478039665641,42.37333583769334,9.40179271789825,-4.846829036316182,-0.39388772049691156,3.684085619319148e-14
261.55667156494127,42.32226859520772,9.405652982227899,-4.839876095384614,-0.38134087789859394,3.368306851948935e-14
261.6652055558542,42.270937885209655,9.409232739326944,-4.833061632308528,-0.3688306971955049,9.052324664612763e-14
261.7734209952472,42.21936010168392,9.41252291093825,-4.826390293436854,-0.35634907991275583,-3.157787673702127e-14
261.88133300779106,42.1675515794858,9.41551441880468,-4.819866681013916,-0.3438879140167054,-3.684085619319148e-14
261.98895678478345,42.11552859463923,9.418198184669102,-4.813495353494246,-0.33143907417033946,1.0420699323217018e-13
262.09630758214576,42.06330736462037,9.420565130274381,-4.807280825834553,-0.3189944219593588,1.894672604221276e-14
262.2034007185134,42.01090404862665,9.422606177363388,-4.801227569762439,-0.3065458060895202,8.94706507548936e-14
262.310251573423,41.958334747830456,9.424312247678984,-4.795340014021668,-0.29408506255560307,7.368171238638296e-14
262.4168755855905,41.905615505617625,9.425674262964034,-4.789622544593599,-0.2816040147826269,1.0525958912340423e-15
262.5232882512836,41.852762307809996,9.42668314496141,-4.784079504894594,-0.2690944737397383,1.347322740779574e-13
262.62950512278525,41.79979108287195,9.427329815413973,-4.778715195949136,-0.2565482380272581,-4.210383564936169e-15
262.73554180694714,41.74671770210058,9.427605196064594,-4.77353387653838,-0.2439570939374666,1.2525891105685104e-13
262.84141396383404,41.69355797979918,9.427500208656136,-4.7685397633239734,-0.23131281548948124,3.157787673702127e-14
262.94713730545544,41.64032767343382,9.427005774931464,-4.763737030946925,-0.21860716443886857,1.0525958912340423e-13
263.05272759458586,41.587042483772656,9.426112816633447,-4.75912981210126,-0.2058318902623292,7.578690416885104e-14
263.1582006436708,41.5337180550079,9.424812255504952,-4.754722197582397,-0.19297873011806482,8.526026718995742e-14
263.2635723138186,41.48036997486007,9.423095013288838,-4.750518236309951,-0.18003940878219907,-4.73668151055319e-15
263.3688585138762,41.42701377466421,9.420952011727982,-4.746521935324848,-0.16700563856179818,-4.210383564936169e-14
263.47407519958864,41.37366492943823,9.418374172565239,-4.742737259760613,-0.1538691191849042,1.0999627063395741e-13
263.57923837284005,41.32033885793261,9.415352417543486,-4.739168132788583,-0.1406215376680604,6.999762676706381e-14
263.68436408097614,41.2670509226618,9.411877668405582,-4.7358184355370065,-0.12725456816180125,-2.368340755276595e-14
263.7894684162059,41.21381642991671,9.407940846894396,-4.732692006983789,-0.11375987177450189,3.368306851948935e-14
263.89456751508294,41.16065062975836,9.403532874752793,-4.729792643822779,-0.10012909637504551,1.5788938368510635e-14
263.99967755806335,41.107568715992386,9.398644673723641,-4.727124100303435,-0.08635387637477206,1.0789107885148933e-13
264.10481476914117,41.05458582612426,9.393267165549803,-4.724690088043736,-0.07242583248904676,1.1262776036204252e-13
264.20999541555824,41.00171704129497,9.387391271974149,-4.722494275816174,-0.058336571478951486,-3.4209366465106376e-14
264.3152358075888,40.94897738619726,9.38100791473954,-4.720540289306695,-0.044077685873430056,8.0918309138617e-14
264.4205522983975,40.896381828971776,9.374108015588849,-4.718831710846423,-0.029640753672288484,4.828783651036169e-14
264.525961283969,40.843945281083585,9.366682496264936,-4.717372079116019,-0.015017338030485135,4.295906981098935e-14
264.6314792031088,40.7916825971783,9.35872227851067,-4.716164888822502,-0.00019898692402286466,7.05691534423823e-14
264.7371225375141,40.73960857491802,9.350218284068916,-4.715213590348383,0.014822767202183866,7.776052146491487e-14
264.8429078119133,40.68773795479693,9.341161434682544,-4.714521589372921,0.03005640780407585,2.5525450362425525e-14
264.9488515942736,40.63608541993614,9.331542652094415,-4.714092246465318,0.04551043462555672,2.6841195226468077e-14
265.05497049607584,40.584665595857885,9.3213528580474,-4.713928876649686,0.06119336410258634,2.1841364743106378e-14
265.161281172654,40.53349305023887,9.310582974284358,-4.714034748941547,0.07711372978393491,2.0788768851872334e-14
265.267800323601,40.48258229264239,9.299223922548165,-4.714413085855671,0.09328008276830513,2.8683238036127654e-14
