galstreams/tracks/track.st.Slidr.ibata2021.ecsv
# %ECSV 0.9
# ---
# datatype:
# - {name: ra, unit: deg, datatype: float64}
# - {name: dec, unit: deg, datatype: float64}
# - {name: distance, unit: kpc, datatype: float64}
# - {name: pm_ra_cosdec, unit: mas / yr, datatype: float64}
# - {name: pm_dec, unit: mas / yr, datatype: float64}
# - {name: radial_velocity, unit: km / s, datatype: float64}
# delimiter: ','
# meta: !!omap
# - __serialized_columns__:
#     dec:
#       __class__: astropy.coordinates.angles.Latitude
#       unit: &id001 !astropy.units.Unit {unit: deg}
#       value: !astropy.table.SerializedColumn {name: dec}
#     distance:
#       __class__: astropy.coordinates.distances.Distance
#       unit: !astropy.units.Unit {unit: kpc}
#       value: !astropy.table.SerializedColumn {name: distance}
#     pm_dec:
#       __class__: astropy.units.quantity.Quantity
#       unit: !astropy.units.Unit {unit: mas / yr}
#       value: !astropy.table.SerializedColumn {name: pm_dec}
#     pm_ra_cosdec:
#       __class__: astropy.units.quantity.Quantity
#       unit: !astropy.units.Unit {unit: mas / yr}
#       value: !astropy.table.SerializedColumn {name: pm_ra_cosdec}
#     ra:
#       __class__: astropy.coordinates.angles.Longitude
#       unit: *id001
#       value: !astropy.table.SerializedColumn {name: ra}
#       wrap_angle: !astropy.coordinates.Angle
#         unit: *id001
#         value: 360.0
#     radial_velocity:
#       __class__: astropy.units.quantity.Quantity
#       unit: !astropy.units.Unit {unit: km / s}
#       value: !astropy.table.SerializedColumn {name: radial_velocity}
# schema: astropy-2.0
ra,dec,distance,pm_ra_cosdec,pm_dec,radial_velocity
[from data line 1695]
164.6967581033058,7.849644025931604,3.102575543148982,-22.902195176885495,-6.067430514724693,-50.88529177603075
164.70636930850682,7.848554818712346,3.102849003393571,-22.89861941183242,-6.066090972526878,-50.88418769061069
164.71598052878372,7.847465859220165,3.1031225995244704,-22.89504140029461,-6.06475133378825,-50.88308385634137
164.72559176205337,7.846377132460896,3.1033963323643756,-22.891461138937657,-6.063411598757736,-50.88198025802356
164.73520300623213,7.845288623446396,3.1036702027356635,-22.887878624433625,-6.062071767686199,-50.88087688046471
164.74481425923574,7.8442003171945895,3.103944211460381,-22.884293853461102,-6.06073184082647,-50.87977370847808
164.75442551897942,7.843112198729528,3.1042183593602504,-22.88070682270518,-6.05939181843333,-50.878670726882895
164.76403678337792,7.842024253081422,3.1044926472566616,-22.87711752885749,-6.0580517007635155,-50.877567920505186
164.7736480503454,7.840936465286713,3.104767075970669,-22.873525968616274,-6.0567114880757185,-50.87646527417679
164.78325931779557,7.839848820388129,3.105041646322991,-22.86993213868636,-6.055371180630585,-50.87536277273623
164.7928705836416,7.838761303434701,3.1053163591340076,-22.866336035779153,-6.054030778690717,-50.87426040102834
164.80248184579617,7.837673899481853,3.105591215223751,-22.862737656612737,-6.05269028252068,-50.87315814390436
164.8120931021715,7.836586593591433,3.1058662154119094,-22.85913699791188,-6.051349692386987,-50.87205598622212
164.82170435067937,7.835499370831774,3.1061413605178227,-22.85553405640799,-6.050009008558118,-50.87095391284604
164.83131558923102,7.834412216277738,3.106416651360479,-22.8519288288392,-6.048668231304515,-50.86985190864705
164.84092681573728,7.833325115010772,3.1066920887585097,-22.848321311950425,-6.047327360898565,-50.86874995850283
164.85053802810847,7.8322380521189565,3.1069676735301868,-22.84471150249329,-6.045986397614626,-50.86764804729787
164.86014922425457,7.831151012697058,3.1072434064934233,-22.841099397226216,-6.044645341729009,-50.86654615992311
164.86976040208506,7.830063981846592,3.107519288465767,-22.837484992914437,-6.043304193519998,-50.86544428127668
164.87937155950902,7.828976944675845,3.107795320264401,-22.833868286330002,-6.0419629532678245,-50.86434239626349
164.88898269443507,7.827889886299956,3.1080715027061316,-22.830249274251837,-6.040621621254691,-50.86324048979526
164.89859380477154,7.826802791840967,3.108347836607398,-22.826627953465735,-6.0392801977647625,-50.86213854679088
164.9082048884262,7.825715646427849,3.1086243227842614,-22.823004320764383,-6.037938683084166,-50.86103655217609
164.91781594330664,7.824628435196575,3.108900962052403,-22.819378372947416,-6.036597077500985,-50.85993449088401
164.92742696731983,7.823541143290165,3.1091777552271216,-22.815750106821373,-6.035255381305269,-50.85883234785443
164.93703795837257,7.822453755858746,3.109454703123331,-22.8121195191998,-6.03391359478905,-50.85773010803493
164.94664891437117,7.821366258059585,3.109731806555559,-22.808486606903223,-6.032571718246306,-50.85662775637979
164.95625983322165,7.820278635057155,3.110009066337938,-22.80485136675921,-6.031229751972981,-50.85552527785073
164.96587071282974,7.819190872023194,3.110286483284209,-22.80121379560231,-6.02988769626699,-50.85442265741743
164.97548155110064,7.818102954136728,3.1105640582077148,-22.79757389027421,-6.028545551428225,-50.853319880055814
164.98509234593948,7.8170148665841666,3.110841791921395,-22.793931647623687,-6.027203317758536,-50.85221693075037
164.99470309525083,7.815926594559308,3.111119685237791,-22.790287064506554,-6.025860995561732,-50.85111379449244
165.00431379693913,7.814838123263418,3.111397738969034,-22.786640137785845,-6.024518585143611,-50.850010456281126
165.01392444890845,7.813749437905287,3.111675953926847,-22.78299086433171,-6.02317608681192,-50.84890690112329
165.02353504906256,7.81266052370125,3.111954330922541,-22.77933924102148,-6.021833500876379,-50.84780311403324
165.033145595305,7.8115713658752775,3.11223287076701,-22.775685264739728,-6.020490827648691,-50.84669908003309
165.0427560855389,7.810481949659,3.1125115742707314,-22.772028932378227,-6.019148067442521,-50.845594784152695
165.05236651766728,7.809392260291773,3.112790442243761,-22.768370240836028,-6.017805220573496,-50.844490211429786
165.06197688959284,7.808302283020721,3.1130694754957267,-22.764709187019445,-6.01646228735924,-50.84338534690986
165.07158719921802,7.8072120031008065,3.1133486748358306,-22.761045767842123,-6.015119268119318,-50.84228017564648
165.08119744444505,7.80612140579485,3.113628041072846,-22.757379980224997,-6.01377616317529,-50.841174682701244
165.09080762317592,7.805030476373615,3.1139075750151113,-22.753711821096402,-6.012432972850678,-50.840068853143734
165.10041773331238,7.803939200115825,3.114187277470528,-22.750041287391966,-6.011089697470976,-50.838962672051345
165.110027772756,7.802847562308265,3.1144671492465563,-22.746368376054836,-6.00974633736367,-50.83785612450998
165.11963773940812,7.801755548245789,3.1147471911502183,-22.742693084035473,-6.008402892858189,-50.83674919561361
165.12924763116987,7.800663143231392,3.1150274039880825,-22.73901540829186,-6.007059364285967,-50.835641870464364
165.13885744594228,7.799570332576246,3.1153077885662777,-22.735335345789395,-6.005715751980402,-50.83453413417274
165.1484671816261,7.798477101599776,3.115588345690474,-22.73165289350102,-6.0043720562768526,-50.833425971857714
165.158076836122,7.797383435629707,3.115869076165889,-22.727968048407156,-6.003028277512686,-50.832317368646635
165.1676864073304,7.796289320002087,3.1161499807972803,-22.724280807495816,-6.001684416027225,-50.831208309674956
165.17729589315164,7.795194740061378,3.11643106038895,-22.720591167762528,-6.000340472161762,-50.83009878008701
165.18690529148589,7.794099681160494,3.1167123157447256,-22.71689912621046,-5.9989964462595955,-50.82898876503563
165.1965146002332,7.793004128660832,3.11699374766798,-22.713204679850342,-5.997652338665972,-50.82787824968216
165.20612381711794,7.791908066693834,3.117275357679374,-22.709507816284273,-5.996308148349332,-50.82676721706092
165.2157329397598,7.790811478662141,3.1175571475887742,-22.70580851945689,-5.994963873756102,-50.825655649130624
165.2253419664566,7.789714352763325,3.117839116494764,-22.702106808821856,-5.993619518527301,-50.82454353602655
165.23495089510808,7.788616674393791,3.118121265198772,-22.698402681421083,-5.992275083016196,-50.823430862945784
165.2445597236138,7.787518428958708,3.1184035945017423,-22.69469613430437,-5.99093056757807,-50.822317615094065
165.25416844987322,7.7864196018720815,3.118686105204137,-22.690987164529172,-5.989585972570165,-50.821203777685945
165.26377707178577,7.7853201785567805,3.118968798105925,-22.6872757691608,-5.988241298351709,-50.82008933594526
165.2733855872508,7.784220144444611,3.1192516740065868,-22.68356194527232,-5.986896545283916,-50.81897427510499
165.28299399416767,7.783119484976347,3.119534733705105,-22.679845689944685,-5.985551713729974,-50.81785858040685
165.2926022904356,7.782018185601806,3.119817977999966,-22.676127000266664,-5.984206804055067,-50.81674223710197
165.30221047395386,7.780916231779887,3.1201014076891522,-22.67240587333496,-5.982861816626348,-50.81562523045043
165.3118185426217,7.779813608978618,3.1203850235701456,-22.66868230625415,-5.98151675181297,-50.81450754572186
165.32142649433825,7.778710302675224,3.1206688264399167,-22.664956296136722,-5.980171609986052,-50.81338916819488
165.3310343270028,7.777606298356175,3.1209528170949286,-22.661227840103187,-5.97882639151871,-50.81227008315803
165.34064203851452,7.776501581517232,3.1212369963311306,-22.65749693528198,-5.977481096786043,-50.8111502759086
165.35024962677267,7.775396137663501,3.1215213649439515,-22.653763578809567,-5.97613572616514,-50.81002973175396
165.35985708967647,7.774289952309493,3.1218059237283056,-22.65002776783048,-5.974790280035068,-50.80890843601052
165.3694644251252,7.773183010979164,3.1220906734785805,-22.646289499497218,-5.97344475877688,-50.80778637400435
165.3790716310182,7.772075299205981,3.122375614988641,-22.642548770970432,-5.972099162773616,-50.80666353107165
165.38867870525488,7.770966802532965,3.122660749051818,-22.63880557941888,-5.970753492410321,-50.80553989255757
165.39828564573463,7.7698575065127535,3.122946076460918,-22.635059922019394,-5.969407748074006,-50.804415443817504
165.40789245035702,7.768747396707635,3.1232315980082053,-22.631311795957014,-5.968061930153676,-50.803290170216655
165.41749911702158,7.767636458689629,3.123517314485409,-22.627561198424914,-5.966716039040333,-50.80216405712956
165.42710564362804,7.766524678040512,3.123803226683717,-22.623808126624514,-5.965370075126963,-50.80103708994125
165.43671202807616,7.765412040351889,3.1240893353937698,-22.620052577765442,-5.964024038808541,-50.799909254046526
165.4463182682658,7.7642985312252355,3.1243756414056647,-22.61629454906555,-5.962677930482033,-50.79878053484998
165.45592436209702,7.763184136271956,3.124662145508946,-22.612534037751022,-5.96133175054639,-50.79765091776662
165.4655303074699,7.7620688411134315,3.1249488484926053,-22.608771041056304,-5.959985499402562,-50.79652038822113
165.47513610228472,7.760952631381079,3.125235751145074,-22.60500555622418,-5.958639177453488,-50.795388931648844
165.4847417444419,7.759835492716398,3.1255228542542297,-22.60123758050579,-5.957292785104096,-50.79425653349486
165.49434723184197,7.758717410771033,3.125810158607381,-22.597467111160608,-5.955946322761317,-50.79312317921501
165.5039525623857,7.757598371206818,3.1260976649912715,-22.593694145456592,-5.954599790834061,-50.791988854275125
165.51355773397398,7.756478359695824,3.1263853741920795,-22.589918680670053,-5.9532531897332275,-50.79085354415147
165.52316274450789,7.755357361920431,3.126673286995406,-22.586140714085758,-5.951906519871725,-50.789717234330816
165.53276759188873,7.754235363573365,3.126961404186278,-22.582360242996998,-5.950559781664459,-50.78857991031053
165.5423722740179,7.753112350357755,3.1272497265491466,-22.578577264705505,-5.949212975528307,-50.787441557598314
165.55197678879716,7.751988307987193,3.1275382548678756,-22.57479177652159,-5.947866101882165,-50.78630216171245
165.5615811341284,7.750863222185778,3.1278269899257487,-22.57100377576407,-5.946519161146908,-50.78516170818219
165.57118530791374,7.749737078688163,3.128115932505462,-22.567213259760322,-5.945172153745407,-50.784020182547124
165.58078930805556,7.748609863239637,3.1284050833891146,-22.563420225846404,-5.943825080102542,-50.78287757035793
165.59039313245648,7.747481561596145,3.128694443358216,-22.559624671366926,-5.942477940645182,-50.781733857175624
165.59999677901942,7.74635215952436,3.12898401319368,-22.55582659367515,-5.941130735802183,-50.78058902857277
165.6096002456475,7.745221642801732,3.1292737936758144,-22.552025990133025,-5.939783466004416,-50.779443070132245
165.6192035302441,7.74408999721654,3.1295637855843266,-22.54822285811123,-5.938436131684745,-50.778295967448095
165.62880663071303,7.742957208567948,3.1298539896983173,-22.544417194989133,-5.937088733278016,-50.777147706125696
165.63840954495828,7.741823262666059,3.1301444067962767,-22.540608998154845,-5.935741271221092,-50.7759982717813
165.64801227088407,7.740688145331962,3.1304350376560808,-22.536798265005277,-5.934393745952839,-50.77484765004181
165.65761480639515,7.739551842397793,3.1307258830549918,-22.532984992946115,-5.933046157914096,-50.77369582654619
165.66721714939638,7.738414339706792,3.1310169437696485,-22.529169179391904,-5.931698507547732,-50.77254278694403
165.67681929779314,7.737275623113334,3.1313082205760714,-22.52535082176601,-5.930350795298596,-50.771388516896586
165.68642124949096,7.73613567848302,3.1315997142496523,-22.52152991750068,-5.929003021613546,-50.77023300207605
165.69602300239595,7.734994491692688,3.1318914255651564,-22.517706464037047,-5.927655186941438,-50.76907622816659
165.70562455441436,7.7338520486305,3.132183355296717,-22.5138804588252,-5.926307291733125,-50.76791818086336
165.71522590345296,7.732708335195984,3.132475504217828,-22.51005189932416,-5.924959336441475,-50.76675884587326
165.72482704741887,7.731563337300087,3.13276787310135,-22.50622078300193,-5.923611321521345,-50.765598208914724
165.73442798421956,7.730417040865229,3.1330604627194982,-22.502387107335498,-5.922263247429604,-50.7644362557179
165.74402871176292,7.72926943182536,3.133353273843846,-22.498550869810913,-5.920915114625119,-50.76327297202424
165.75362922795733,7.728120496126001,3.133646307245319,-22.49471206792323,-5.919566923568754,-50.762108343587585
165.76322953071144,7.726970219724322,3.1339395636941894,-22.49087069917661,-5.918218674723393,-50.76094235617291
165.77282961793446,7.725818588589171,3.1342330439600756,-22.487026761084348,-5.9168703685539095,-50.759774995557414
165.782429487536,7.724665588701145,3.13452674881194,-22.483180251168797,-5.915522005527186,-50.75860624753028
165.79202913742614,7.723511206052642,3.134820679018084,-22.479331166961515,-5.914173586112117,-50.757436097892416
165.80162856551533,7.722355426647891,3.1351148353461458,-22.475479506003197,-5.91282511077959,-50.75626453245656
165.81122776971463,7.721198236503057,3.1354092185630957,-22.47162526584377,-5.911476580002505,-50.75509153704821
165.82082674793548,7.720039621646241,3.1357038294352306,-22.467768444042427,-5.910127994255768,-50.753917097504214
165.83042549808985,7.7188795681175675,3.135998668728183,-22.463909038167557,-5.9087793540162945,-50.75274119967398
165.84002401809016,7.717718061969217,3.1362937372069,-22.46004704579685,-5.907430659762994,-50.75156382941914
165.84962230584944,7.716555089265512,3.1365890356356547,-22.456182464517283,-5.906081911976806,-50.750384972613716
165.85922035928115,7.715390636082928,3.1368845647780352,-22.45231529192519,-5.904733111140647,-50.74920461514376
165.86881817629927,7.714224688510193,3.1371803253969435,-22.44844552562626,-5.903384257739468,-50.74802274290784
165.8784157548184,7.713057232648307,3.1374763182545875,-22.444573163235624,-5.902035352260221,-50.74683934181715
165.88801309275365,7.711888254610604,3.137772544112494,-22.44069820237767,-5.900686395191856,-50.74565439779516
165.89761018802065,7.7107177405228295,3.1380690037314842,-22.436820640686378,-5.899337387025343,-50.74446789677808
165.90720703853566,7.709545676523161,3.1383656978716847,-22.43294047580507,-5.897988328253669,-50.74327982471458
165.91680364221548,7.708372048762289,3.1386626272925158,-22.42905770538666,-5.896639219371814,-50.74209016756611
165.92639999697752,7.707196843403452,3.138959792752701,-22.425172327093488,-5.895290060876768,-50.740898911306914
165.93599610014118,7.706020042449933,3.139257195721758,-22.42128433099114,-5.893940852321834,-50.73970603705006
165.9455919481318,7.70484162168578,3.139554838704688,-22.41739369617281,-5.892591591908684,-50.73851151867781
165.95518754090764,7.703661581527103,3.139852720017448,-22.413500446480995,-5.891242283399247,-50.73731535882995
165.9647828763887,7.702479908188868,3.140150840415842,-22.40960457961699,-5.889892927298682,-50.73611754353319
165.9743779524956,7.701296587898872,3.1404492006549454,-22.405706093291776,-5.888543524114126,-50.73491805882681
165.9839727671495,7.7001116068978055,3.140747801489113,-22.401804985225944,-5.887194074354749,-50.7337168907638
165.99356731827243,7.698924951439321,3.1410466436719675,-22.397901253149875,-5.885844578531722,-50.732514025409756
166.0031616037869,7.697736607790035,3.1413457279564057,-22.39399489480354,-5.884495037158229,-50.73130944884388
166.01275562161624,7.696546562229668,3.1416450550945805,-22.390085907936783,-5.883145450749479,-50.730103147158104
166.02234936968435,7.695354801051015,3.1419446258379162,-22.386174290309157,-5.881795819822682,-50.72889510645804
166.03194284591592,7.694161310560063,3.142244440937088,-22.38226003969002,-5.880446144897082,-50.72768531286254
