galstreams/tracks/track.st.M92.sollima2020.ecsv
# %ECSV 1.0
# ---
# datatype:
# - {name: ra, unit: deg, datatype: float64}
# - {name: dec, unit: deg, datatype: float64}
# - {name: distance, unit: kpc, datatype: float64}
# - {name: pm_ra_cosdec, unit: mas / yr, datatype: float64}
# - {name: pm_dec, unit: mas / yr, datatype: float64}
# - {name: radial_velocity, unit: km / s, datatype: float64}
# delimiter: ','
# meta: !!omap
# - __serialized_columns__:
#     dec:
#       __class__: astropy.coordinates.angles.Latitude
#       unit: &id001 !astropy.units.Unit {unit: deg}
#       value: !astropy.table.SerializedColumn {name: dec}
#     distance:
#       __class__: astropy.coordinates.distances.Distance
#       unit: !astropy.units.Unit {unit: kpc}
#       value: !astropy.table.SerializedColumn {name: distance}
#     pm_dec:
#       __class__: astropy.units.quantity.Quantity
#       unit: !astropy.units.Unit {unit: mas / yr}
#       value: !astropy.table.SerializedColumn {name: pm_dec}
#     pm_ra_cosdec:
#       __class__: astropy.units.quantity.Quantity
#       unit: !astropy.units.Unit {unit: mas / yr}
#       value: !astropy.table.SerializedColumn {name: pm_ra_cosdec}
#     ra:
#       __class__: astropy.coordinates.angles.Longitude
#       unit: *id001
#       value: !astropy.table.SerializedColumn {name: ra}
#       wrap_angle: !astropy.coordinates.Angle
#         unit: *id001
#         value: 360.0
#     radial_velocity:
#       __class__: astropy.units.quantity.Quantity
#       unit: !astropy.units.Unit {unit: km / s}
#       value: !astropy.table.SerializedColumn {name: radial_velocity}
# schema: astropy-2.0
ra,dec,distance,pm_ra_cosdec,pm_dec,radial_velocity
[from data line 242]
258.2291049800205,43.012529560401575,8.501000000000001,0.0,0.0,0.0
258.24477096450204,43.01764566874987,8.501000000000001,0.0,0.0,0.0
258.26041499773186,43.022677806733995,8.501000000000003,0.0,0.0,0.0
258.2760371000492,43.02762628300541,8.501000000000001,0.0,0.0,0.0
258.29163729463994,43.032491413966646,8.501000000000001,0.0,0.0,0.0
258.3072156074928,43.03727352359283,8.501000000000001,0.0,0.0,0.0
258.32277206735597,43.04197294325422,8.501000000000001,0.0,0.0,0.0
258.3383067056932,43.04659001154013,8.501,0.0,0.0,0.0
258.35381955664025,43.051125074083956,8.501000000000001,0.0,0.0,0.0
258.36931065696115,43.055578483389546,8.501000000000003,0.0,0.0,0.0
258.3847800460048,43.05995059865855,8.501000000000001,0.0,0.0,0.0
258.4002277656607,43.06424178561936,8.501000000000003,0.0,0.0,0.0
258.4156538603155,43.06845241635685,8.501000000000001,0.0,0.0,0.0
258.43105837680946,43.072582869143666,8.501,0.0,0.0,0.0
258.44644136439234,43.07663352827255,8.501000000000001,0.0,0.0,0.0
258.4618028746799,43.08060478388993,8.501000000000003,0.0,0.0,0.0
258.4771429616103,43.08449703183073,8.501000000000001,0.0,0.0,0.0
258.4924616814001,43.08831067345436,8.501000000000001,0.0,0.0,0.0
258.50775909250086,43.092046115482,8.501000000000001,0.0,0.0,0.0
258.5230352555555,43.095703769835,8.501,0.0,0.0,0.0
258.5382902333544,43.09928405347457,8.501000000000001,0.0,0.0,0.0
258.5535240907923,43.10278738824262,8.501,0.0,0.0,0.0
258.56873689482444,43.10621420070386,8.501000000000001,0.0,0.0,0.0
258.5839287144231,43.10956492198911,8.501,0.0,0.0,0.0
258.59909962053456,43.112839987639795,8.501000000000001,0.0,0.0,0.0
258.61424968603546,43.116039837453606,8.501000000000001,0.0,0.0,0.0
258.62937898568936,43.11916491533153,8.501000000000001,0.0,0.0,0.0
258.6444875961039,43.122215669125914,8.501,0.0,0.0,0.0
258.65957559568744,43.12519255048985,8.501000000000001,0.0,0.0,0.0
258.6746430646062,43.128096014727696,8.501000000000001,0.0,0.0,0.0
258.6896900847409,43.130926520646874,8.501000000000001,0.0,0.0,0.0
258.7047167396443,43.13368453041083,8.501000000000003,0.0,0.0,0.0
258.7197231144985,43.13637050939322,8.501000000000001,0.0,0.0,0.0
258.7347092960715,43.13898492603327,8.501000000000001,0.0,0.0,0.0
258.7496753726756,43.14152825169243,8.501000000000001,0.0,0.0,0.0
258.76462143412425,43.14400096051214,8.501000000000001,0.0,0.0,0.0
258.77954757168993,43.14640352927282,8.501000000000001,0.0,0.0,0.0
258.79445387806203,43.148736437254115,8.501000000000001,0.0,0.0,0.0
258.80934044730446,43.15100016609633,8.501000000000003,0.0,0.0,0.0
258.8242073748138,43.153195199663024,8.501000000000001,0.0,0.0,0.0
258.83905475727784,43.155322023904795,8.501000000000001,0.0,0.0,0.0
258.8538826926331,43.15738112672442,8.501000000000001,0.0,0.0,0.0
258.8686912800237,43.15937299784302,8.501000000000001,0.0,0.0,0.0
258.8834806197602,43.16129812866752,8.501000000000001,0.0,0.0,0.0
258.89825081327757,43.16315701215927,8.501000000000001,0.0,0.0,0.0
258.9130019630949,43.16495014270391,8.501000000000001,0.0,0.0,0.0
258.9277341727739,43.166678015982455,8.501000000000003,0.0,0.0,0.0
258.9424475468783,43.1683411288434,8.501000000000001,0.0,0.0,0.0
258.95714219093315,43.16993997917638,8.501000000000001,0.0,0.0,0.0
258.97181821138446,43.171475065786645,8.501,0.0,0.0,0.0
258.9864757155588,43.172946888270985,8.501,0.0,0.0,0.0
259.0011148116232,43.174355946894785,8.501000000000001,0.0,0.0,0.0
259.0157356085454,43.17570274247023,8.500999999999998,0.0,0.0,0.0
259.03033821605396,43.176987776235805,8.501000000000001,0.0,0.0,0.0
259.0449227445988,43.17821154973689,8.501000000000001,0.0,0.0,0.0
259.05948930531184,43.17937456470766,8.501000000000001,0.0,0.0,0.0
259.07403800996775,43.180477322954076,8.501000000000001,0.0,0.0,0.0
259.08856897094523,43.18152032623817,8.501000000000001,0.0,0.0,0.0
259.10308230118807,43.182504076163426,8.501,0.0,0.0,0.0
259.11757811416675,43.18342907406147,8.501000000000001,0.0,0.0,0.0
259.13205652384016,43.18429582087986,8.501,0.0,0.0,0.0
259.1465176446173,43.18510481707116,8.501000000000001,0.0,0.0,0.0
259.16096159131985,43.18585656248305,8.501000000000001,0.0,0.0,0.0
259.17538847914403,43.18655155624988,8.501000000000001,0.0,0.0,0.0
259.18979842362353,43.187190296685216,8.501000000000001,0.0,0.0,0.0
259.2041915405922,43.18777328117561,8.501000000000001,0.0,0.0,0.0
259.21856794614695,43.18830100607566,8.501000000000001,0.0,0.0,0.0
259.23292775661156,43.18877396660416,8.501000000000001,0.0,0.0,0.0
259.24727108849964,43.1891926567415,8.501000000000001,0.0,0.0,0.0
259.26159805847885,43.189557569128226,8.501000000000001,0.0,0.0,0.0
259.2759087833346,43.189869194964835,8.501000000000001,0.0,0.0,0.0
259.2902033799345,43.19012802391273,8.501000000000001,0.0,0.0,0.0
259.304481965193,43.19033454399634,8.501,0.0,0.0,0.0
259.318744656036,43.190489241506526,8.501000000000001,0.0,0.0,0.0
259.332991569366,43.19059260090504,8.501000000000001,0.0,0.0,0.0
259.3472228220275,43.19064510473031,8.501000000000001,0.0,0.0,0.0
259.3614385307725,43.19064723350431,8.501000000000001,0.0,0.0,0.0
259.3756388122262,43.1905994656407,8.501000000000001,0.0,0.0,0.0
259.38982378285374,43.19050227735412,8.501000000000001,0.0,0.0,0.0
259.4039935589258,43.19035614257061,8.501000000000001,0.0,0.0,0.0
259.41814825648584,43.19016153283938,8.501000000000003,0.0,0.0,0.0
259.4322879913171,43.18991891724559,8.501000000000001,0.0,0.0,0.0
259.44641287890937,43.18962876232442,8.501000000000001,0.0,0.0,0.0
259.4605230344272,43.189291531976316,8.501000000000003,0.0,0.0,0.0
259.4746185726772,43.188907687383406,8.501000000000001,0.0,0.0,0.0
259.4886996080764,43.18847768692711,8.501000000000001,0.0,0.0,0.0
259.50276625462067,43.18800198610689,8.501000000000001,0.0,0.0,0.0
259.51681862585343,43.18748103746035,8.501,0.0,0.0,0.0
259.53085683483476,43.18691529048424,8.501000000000001,0.0,0.0,0.0
259.5448809941105,43.18630519155696,8.501000000000001,0.0,0.0,0.0
259.558891215682,43.185651183861985,8.501,0.0,0.0,0.0
259.57288761097624,43.18495370731266,8.501,0.0,0.0,0.0
259.5868702908156,43.18421319847803,8.501000000000001,0.0,0.0,0.0
259.6008393653893,43.18343009051006,8.501,0.0,0.0,0.0
259.614794944223,43.18260481307175,8.501000000000001,0.0,0.0,0.0
259.6287371361512,43.181737792266695,8.501000000000003,0.0,0.0,0.0
259.64266604928815,43.18082945056974,8.501,0.0,0.0,0.0
259.65658179099967,43.17988020675869,8.501,0.0,0.0,0.0
259.67048446787544,43.17889047584743,8.501,0.0,0.0,0.0
259.68437418570164,43.1778606690201,8.501,0.0,0.0,0.0
259.69825104943334,43.176791193566366,8.501000000000001,0.0,0.0,0.0
259.71211516316805,43.1756824528181,8.501,0.0,0.0,0.0
259.725966630119,43.17453484608705,8.501000000000001,0.0,0.0,0.0
259.7398055525888,43.17334876860372,8.501000000000001,0.0,0.0,0.0
259.75363203194394,43.17212461145753,8.501000000000001,0.0,0.0,0.0
259.76744616858906,43.17086276153804,8.501000000000001,0.0,0.0,0.0
259.7812480619416,43.16956360147744,8.501000000000001,0.0,0.0,0.0
259.7950378104074,43.16822750959417,8.501000000000001,0.0,0.0,0.0
259.80881551135565,43.16685485983769,8.501,0.0,0.0,0.0
259.82258126109525,43.165446021734574,8.501000000000001,0.0,0.0,0.0
259.8363351548508,43.16400136033553,8.501000000000001,0.0,0.0,0.0
259.850077286739,43.16252123616392,8.501000000000001,0.0,0.0,0.0
259.86380774974583,43.161006005165135,8.501000000000003,0.0,0.0,0.0
259.87752663570336,43.159456018657366,8.501000000000001,0.0,0.0,0.0
259.89123403526816,43.15787162328354,8.501,0.0,0.0,0.0
259.90493003789817,43.15625316096423,8.501000000000001,0.0,0.0,0.0
259.91861473183206,43.154600968852044,8.501000000000001,0.0,0.0,0.0
259.9322882040672,43.152915379286945,8.500999999999998,0.0,0.0,0.0
259.9459505403392,43.15119671975285,8.501,0.0,0.0,0.0
259.9596018251006,43.14944531283544,8.501000000000001,0.0,0.0,0.0
259.9732421415016,43.14766147618102,8.501,0.0,0.0,0.0
259.9868715713695,43.14584552245672,8.501,0.0,0.0,0.0
260.00049019518946,43.14399775931169,8.501,0.0,0.0,0.0
260.01409809208513,43.14211848933964,8.501,0.0,0.0,0.0
260.02769533980046,43.14020801004245,8.500999999999998,0.0,0.0,0.0
260.0412820146807,43.138266613795,8.500999999999996,0.0,0.0,0.0
260.0548581916547,43.13629458781107,8.501,0.0,0.0,0.0
260.0684239442173,43.13429221411063,8.500999999999998,0.0,0.0,0.0
260.08197934441193,43.13225976948805,8.501,0.0,0.0,0.0
260.095524462814,43.13019752548172,8.500999999999998,0.0,0.0,0.0
260.1090593685141,43.1281057483446,8.501,0.0,0.0,0.0
260.12258412910205,43.12598469901616,8.500999999999998,0.0,0.0,0.0
260.13609881065133,43.12383463309537,8.501,0.0,0.0,0.0
260.1496034777033,43.121655800814914,8.501,0.0,0.0,0.0
260.1630981932528,43.11944844701649,8.501,0.0,0.0,0.0
260.17658301873325,43.117212811127416,8.501000000000001,0.0,0.0,0.0
260.1900580140026,43.11494912713831,8.500999999999998,0.0,0.0,0.0
260.20352323732953,43.11265762358193,8.501,0.0,0.0,0.0
260.21697874538006,43.110338523513285,8.501,0.0,0.0,0.0
260.23042459320453,43.10799204449081,8.501000000000001,0.0,0.0,0.0
260.24386083422513,43.105618398558704,8.501,0.0,0.0,0.0
260.25728752022354,43.103217792230595,8.501,0.0,0.0,0.0
260.2707047013294,43.100790426474155,8.501,0.0,0.0,0.0
260.2841124260087,43.09833649669706,8.501,0.0,0.0,0.0
260.29751074105263,43.095856192734004,8.501,0.0,0.0,0.0
260.31089969156756,43.09334969883495,8.500999999999998,0.0,0.0,0.0
260.3242793209643,43.09081719365454,8.501,0.0,0.0,0.0
260.3376496709487,43.08825885024258,8.501,0.0,0.0,0.0
260.35101078151195,43.08567483603588,8.501,0.0,0.0,0.0
260.36436269092206,43.08306531285103,8.500999999999998,0.0,0.0,0.0
260.3777054357149,43.08043043687859,8.501,0.0,0.0,0.0
260.39103905068635,43.077770358678194,8.501,0.0,0.0,0.0
260.40436356888443,43.075085223174995,8.500999999999998,0.0,0.0,0.0
260.4176790216022,43.072375169657256,8.501,0.0,0.0,0.0
260.43098543837056,43.069640331775034,8.500999999999998,0.0,0.0,0.0
260.44428284695204,43.06688083754005,8.501000000000001,0.0,0.0,0.0
260.4575712733348,43.06409680932677,8.501,0.0,0.0,0.0
260.4708507417268,43.06128836387466,8.500999999999998,0.0,0.0,0.0
260.48412127455083,43.05845561229145,8.501,0.0,0.0,0.0
260.4973828924395,43.055598660057825,8.501,0.0,0.0,0.0
260.510635614231,43.05271760703301,8.501,0.0,0.0,0.0
260.5238794569654,43.04981254746168,8.500999999999998,0.0,0.0,0.0
260.5371144358807,43.04688356998206,8.501000000000001,0.0,0.0,0.0
260.5503405644103,43.043930757634975,8.500999999999998,0.0,0.0,0.0
260.5635578541799,43.04095418787435,8.501,0.0,0.0,0.0
260.57676631500567,43.037953932578645,8.501,0.0,0.0,0.0
260.5899659548923,43.03493005806357,8.500999999999998,0.0,0.0,0.0
260.6031567800316,43.03188262509589,8.500999999999998,0.0,0.0,0.0
260.61633879480206,43.028811688908455,8.500999999999996,0.0,0.0,0.0
260.62951200176764,43.025717299216375,8.500999999999998,0.0,0.0,0.0
260.64267640167856,43.02259950023427,8.500999999999998,0.0,0.0,0.0
260.65583199347134,43.01945833069486,8.500999999999998,0.0,0.0,0.0
260.6689787742696,43.0162938238685,8.501,0.0,0.0,0.0
260.68211673938555,43.013106007584035,8.500999999999998,0.0,0.0,0.0
260.6952458823219,43.00989490425076,8.500999999999998,0.0,0.0,0.0
260.70836619477376,43.00666053088149,8.500999999999998,0.0,0.0,0.0
260.7214776666316,43.00340289911689,8.500999999999998,0.0,0.0,0.0
260.734580285984,43.000122015250895,8.500999999999996,0.0,0.0,0.0
260.7476740391219,42.99681788025723,8.500999999999998,0.0,0.0,0.0
260.7607589105417,42.99349048981728,8.500999999999996,0.0,0.0,0.0
260.77383488295067,42.99013983434886,8.500999999999998,0.0,0.0,0.0
260.78690193727124,42.98676589903638,8.500999999999998,0.0,0.0,0.0
260.7999600526467,42.983368663861995,8.500999999999998,0.0,0.0,0.0
260.8130092064471,42.97994810363802,8.500999999999998,0.0,0.0,0.0
260.8260493742752,42.976504188040394,8.500999999999998,0.0,0.0,0.0
260.8390805299737,42.97303688164344,8.500999999999996,0.0,0.0,0.0
260.8521026456324,42.96954614395564,8.500999999999998,0.0,0.0,0.0
260.8651156915956,42.96603192945663,8.501,0.0,0.0,0.0
260.8781196364706,42.96249418763541,8.500999999999998,0.0,0.0,0.0
260.89111444713643,42.9589328630295,8.500999999999998,0.0,0.0,0.0
260.90410008875256,42.9553478952656,8.500999999999996,0.0,0.0,0.0
260.91707652476885,42.95173921910094,8.500999999999996,0.0,0.0,0.0
260.9300437169354,42.948106764466274,8.500999999999996,0.0,0.0,0.0
260.94300162531334,42.94445045650964,8.500999999999998,0.0,0.0,0.0
260.95595020828546,42.940770215641464,8.500999999999998,0.0,0.0,0.0
260.96888942256834,42.93706595758079,8.500999999999998,0.0,0.0,0.0
260.98181922322345,42.9333375934026,8.500999999999998,0.0,0.0,0.0
260.9947395636705,42.92958502958636,8.500999999999996,0.0,0.0,0.0
261.0076503956996,42.92580816806572,8.500999999999998,0.0,0.0,0.0
261.02055166948514,42.92200690627921,8.500999999999998,0.0,0.0,0.0
261.03344333359973,42.918181137222355,8.500999999999998,0.0,0.0,0.0
261.04632533502826,42.914330749500664,8.500999999999998,0.0,0.0,0.0
261.059197619183,42.91045562738398,8.500999999999998,0.0,0.0,0.0
261.07206012991895,42.906555650861826,8.500999999999998,0.0,0.0,0.0
261.0849128095496,42.90263069570003,8.500999999999996,0.0,0.0,0.0
261.0977555988634,42.898680633498394,8.500999999999998,0.0,0.0,0.0
261.1105884371405,42.89470533174953,8.500999999999994,0.0,0.0,0.0
261.12341126217007,42.89070465389894,8.500999999999994,0.0,0.0,0.0
261.1362240102683,42.886678459406085,8.500999999999996,0.0,0.0,0.0
261.14902661629645,42.88262660380672,8.500999999999996,0.0,0.0,0.0
261.16181901368,42.878548938776376,8.500999999999996,0.0,0.0,0.0
261.1746011344275,42.874445312194865,8.500999999999994,0.0,0.0,0.0
261.1873729091511,42.870315568212085,8.500999999999994,0.0,0.0,0.0
261.2001342670861,42.86615954731489,8.500999999999996,0.0,0.0,0.0
261.21288513611245,42.861977086395115,8.500999999999996,0.0,0.0,0.0
261.2256254427755,42.8577680188187,8.500999999999994,0.0,0.0,0.0
261.2383551123082,42.85353217449609,8.500999999999998,0.0,0.0,0.0
261.25107406865345,42.84926937995367,8.500999999999994,0.0,0.0,0.0
261.2637822344868,42.84497945840628,8.500999999999994,0.0,0.0,0.0
261.27647953124006,42.8406622298311,8.500999999999996,0.0,0.0,0.0
261.28916587912465,42.836317511042466,8.500999999999996,0.0,0.0,0.0
261.3018411971566,42.83194511576792,8.500999999999996,0.0,0.0,0.0
261.314505403181,42.827544854725346,8.500999999999996,0.0,0.0,0.0
261.32715841389796,42.82311653570137,8.500999999999996,0.0,0.0,0.0
261.3398001448876,42.81865996363073,8.500999999999996,0.0,0.0,0.0
261.35243051063765,42.81417494067697,8.500999999999996,0.0,0.0,0.0
261.36504942456946,42.80966126631409,8.500999999999994,0.0,0.0,0.0
261.37765679906596,42.80511873740949,8.500999999999998,0.0,0.0,0.0
261.39025254549966,42.800547148307984,8.500999999999994,0.0,0.0,0.0
261.40283657426096,42.79594629091694,8.500999999999994,0.0,0.0,0.0
261.41540879478725,42.791315954792616,8.500999999999994,0.0,0.0,0.0
261.4279691155926,42.786655927227585,8.500999999999998,0.0,0.0,0.0
261.44051744429777,42.78196599333933,8.500999999999994,0.0,0.0,0.0
261.4530536876609,42.77724593615991,8.500999999999994,0.0,0.0,0.0
261.4655777516083,42.772495536726915,8.500999999999994,0.0,0.0,0.0
261.4780895412667,42.767714574175415,8.500999999999994,0.0,0.0,0.0
261.49058896099484,42.76290282583106,8.500999999999996,0.0,0.0,0.0
261.50307591441674,42.75806006730444,8.500999999999996,0.0,0.0,0.0
261.5155503044545,42.753186072586395,8.500999999999994,0.0,0.0,0.0
261.5280120333622,42.74828061414465,8.500999999999996,0.0,0.0,0.0
261.5404610027604,42.743343463021446,8.500999999999994,0.0,0.0,0.0
261.5528971136709,42.7383743889324,8.500999999999994,0.0,0.0,0.0
261.56532026655157,42.73337316036642,8.500999999999996,0.0,0.0,0.0
261.57773036133324,42.72833954468685,8.500999999999994,0.0,0.0,0.0
261.59012729745535,42.72327330823363,8.500999999999994,0.0,0.0,0.0
261.6025109739032,42.718174216426746,8.500999999999994,0.0,0.0,0.0
261.61488128924526,42.71304203387066,8.500999999999992,0.0,0.0,0.0
261.6272381416715,42.70787652445996,8.500999999999992,0.0,0.0,0.0
261.63958142903186,42.70267745148616,8.500999999999994,0.0,0.0,0.0
