galstreams/tracks/track.st.M92.ibata2021.ecsv
# %ECSV 0.9
# ---
# datatype:
# - {name: ra, unit: deg, datatype: float64}
# - {name: dec, unit: deg, datatype: float64}
# - {name: distance, unit: kpc, datatype: float64}
# - {name: pm_ra_cosdec, unit: mas / yr, datatype: float64}
# - {name: pm_dec, unit: mas / yr, datatype: float64}
# - {name: radial_velocity, unit: km / s, datatype: float64}
# delimiter: ','
# meta: !!omap
# - __serialized_columns__:
#     dec:
#       __class__: astropy.coordinates.angles.Latitude
#       unit: &id001 !astropy.units.Unit {unit: deg}
#       value: !astropy.table.SerializedColumn {name: dec}
#     distance:
#       __class__: astropy.coordinates.distances.Distance
#       unit: !astropy.units.Unit {unit: kpc}
#       value: !astropy.table.SerializedColumn {name: distance}
#     pm_dec:
#       __class__: astropy.units.quantity.Quantity
#       unit: !astropy.units.Unit {unit: mas / yr}
#       value: !astropy.table.SerializedColumn {name: pm_dec}
#     pm_ra_cosdec:
#       __class__: astropy.units.quantity.Quantity
#       unit: !astropy.units.Unit {unit: mas / yr}
#       value: !astropy.table.SerializedColumn {name: pm_ra_cosdec}
#     ra:
#       __class__: astropy.coordinates.angles.Longitude
#       unit: *id001
#       value: !astropy.table.SerializedColumn {name: ra}
#       wrap_angle: !astropy.coordinates.Angle
#         unit: *id001
#         value: 360.0
#     radial_velocity:
#       __class__: astropy.units.quantity.Quantity
#       unit: !astropy.units.Unit {unit: km / s}
#       value: !astropy.table.SerializedColumn {name: radial_velocity}
# schema: astropy-2.0
ra,dec,distance,pm_ra_cosdec,pm_dec,radial_velocity
[from data line 694]
257.9731534801991,43.694114032022384,9.201706197302693,-5.093618532439417,-0.8243867223423799,6.526094525651062e-14
257.98585278471006,43.69057815689349,9.202520303535119,-5.092739144588655,-0.822627070952654,1.0736478090587231e-13
257.99854445383573,43.687034123629836,9.203334396782013,-5.091859465258905,-0.8208702420375958,1.4525823299029783e-13
258.011228499249,43.68348195127279,9.204148467671544,-5.09097950093749,-0.8191162279952695,7.368171238638296e-14
258.02390493264215,43.679921658856166,9.204962506831878,-5.090099258105186,-0.8173650212196675,6.947132882144679e-14
258.0365737657267,43.67635326540624,9.20577650489118,-5.089218743236243,-0.8156166141007181,1.2631150694808506e-14
258.0492350102337,43.67277678994159,9.206590452477618,-5.088337962798387,-0.8138709990242932,7.368171238638296e-14
258.06188867791303,43.669192251473305,9.207404340219359,-5.087456923252834,-0.8121281683722339,1.1578554803574466e-13
258.0745347805343,43.66559966900482,9.208218158744568,-5.086575631054287,-0.8103881145223499,5.2629794561702114e-14
258.0871733298855,43.661999061532036,9.209031898681413,-5.08569409265095,-0.8086508298484607,1.221011233831489e-13
258.09980433777434,43.65839044804328,9.209845550658061,-5.0848123144845365,-0.806916306720376,1.5999457546757442e-13
258.1124278160274,43.654773847519216,9.210659105302677,-5.083930302990278,-0.805184537503926,1.1368035625327657e-13
258.12504377648975,43.65114927893311,9.211472553243427,-5.0830480645969205,-0.8034555145609945,7.368171238638296e-14
258.13765223102604,43.6475167612505,9.212285885108482,-5.082165605726744,-0.801729230249496,8.420767129872338e-14
258.1502531915192,43.64387631342953,9.213099091526002,-5.081282932795566,-0.800005676923424,6.947132882144679e-14
258.1628466698713,43.640227954420645,9.213912163124162,-5.08040005221275,-0.7982848469328346,2.315710960714893e-14
258.17543267800306,43.63657170316681,9.214725090531118,-5.079516970381209,-0.7965667326238867,6.526094525651062e-14
258.18801122785385,43.63290757860348,9.215537864375044,-5.078633693697414,-0.7948513263388468,1.0736478090587231e-13
258.2005823313818,43.62923559965851,9.216350475284106,-5.077750228551413,-0.7931386204160862,1.6841534259744676e-14
258.21314600056326,43.62555578525231,9.217162913886469,-5.076866581326816,-0.791428607190138,1.2841669873055315e-13
258.22570224739354,43.621868154297665,9.2179751708103,-5.07598275840082,-0.7897212789916562,1.3262708229548932e-13
258.2382510838864,43.61817272569986,9.218787236683765,-5.075098766144216,-0.7880166281474641,5.2629794561702114e-14
258.2507925220736,43.61446951835676,9.21959910213503,-5.074214610921385,-0.7863146469805794,1.1789073981821273e-13
258.26332657400576,43.610758551158554,9.220410757792266,-5.073330299090317,-0.7846153278101815,1.1999593160068083e-13
258.2758532517515,43.6070398429881,9.221222194283632,-5.072445837002611,-0.7829186629516782,1.620997672500425e-13
258.28837256739797,43.603313412720595,9.222033402237301,-5.071561231003489,-0.7812246447166732,1.347322740779574e-13
258.30088453305024,43.599579279223875,9.222844372281438,-5.070676487431799,-0.7795332654130185,2.7367493172085098e-14
258.31338916083166,43.59583746135819,9.223655095044206,-5.06979161262002,-0.7778445173448081,4.4209027431829774e-14
258.3258864628839,43.59208797797629,9.22446556115378,-5.068906612894275,-0.7761583928123801,1.894672604221276e-14
258.33837645136623,43.58833084792356,9.225275761238317,-5.06802149457434,-0.7744748841123692,1.368374658604255e-13
258.3508591384565,43.58456609003774,9.226085685925991,-5.067136263973641,-0.7727939835376658,2.5262301389617013e-14
258.36333453634995,43.58079372314927,9.226895325844964,-5.066250927399272,-0.7711156833774941,1.49468616555234e-13
258.3758026572602,43.57701376608097,9.227704671623403,-5.065365491152008,-0.7694399759173551,6.105056169157445e-14
258.3882635134183,43.57322623764833,9.228513713889475,-5.064479961526284,-0.7677668534391103,1.5367900012017016e-13
258.4007171170735,43.56943115665927,9.229322443271348,-5.063594344810236,-0.7660963082209321,1.473634247727659e-14
258.41316348049247,43.56562854191429,9.230130850397188,-5.0627086472856915,-0.7644283325373628,8.21024795162553e-14
258.42560261595975,43.5618184122065,9.230938925895162,-5.06182287522818,-0.7627629186593081,4.4209027431829774e-14
258.43803453577743,43.55800078632145,9.231746660393435,-5.060937034906936,-0.7611000588540484,1.5367900012017016e-13
258.45045925226526,43.5541756830374,9.232554044520175,-5.060051132584921,-0.759439745385263,1.3894265764289357e-13
258.4628767777605,43.55034312112505,9.233361068903548,-5.059165174518807,-0.7577819705130338,9.47336302110638e-14
258.47528712461815,43.54650311934769,9.23416772417172,-5.05827916695901,-0.7561267264938559,-1.473634247727659e-14
258.4876903052099,43.54265569646127,9.234974000952857,-5.05739311614968,-0.75447400558068,1.1999593160068083e-13
258.50008633192584,43.53880087121418,9.23577988987513,-5.0565070283287135,-0.7528238000228668,8.841805486365955e-14
258.51247521717255,43.53493866234757,9.2365853815667,-5.055620909727765,-0.751176102066271,1.1157516447080849e-13
258.52485697337437,43.531069088595046,9.23739046665574,-5.054734766572243,-0.7495309039531941,8.631286308119147e-14
258.5372316129728,43.52719216868281,9.238195135770406,-5.053848605081341,-0.7478881979224303,1.1578554803574466e-13
258.54959914842635,43.523307921329774,9.238999379538875,-5.052962431468009,-0.7462479762092769,2.947268495455318e-14
258.56195959221094,43.519416365247324,9.23980318858931,-5.052076251938995,-0.7446102310455307,2.947268495455318e-14
258.57431295681914,43.515517519139586,9.240606553549878,-5.051190072694834,-0.7429749546595278,1.3894265764289357e-13
258.5866592547612,43.511611401703156,9.241409465048742,-5.050303899929869,-0.7413421392761173,4.631421921429786e-14
258.59899849856356,43.5076980316274,9.242211913714074,-5.049417739832233,-0.7397117771167248,1.0315439734093615e-13
258.6113307007703,43.503777427594216,9.243013890174035,-5.048531598583891,-0.7380838603993136,6.105056169157445e-14
258.623655873942,43.49984960827808,9.243815385056797,-5.047645482360617,-0.7364583813384329,1.5999457546757442e-13
258.63597403065626,43.4959145923463,9.244616388990522,-5.046759397332019,-0.7348353321452183,7.157652060391487e-14
258.6482851835073,43.49197239845859,9.24541689260338,-5.045873349661544,-0.7332147050274013,2.5262301389617013e-14
258.6605893451061,43.488023045267504,9.246216886523538,-5.044987345506482,-0.7315964921893365,1.1157516447080849e-13
258.67288652808037,43.48406655141809,9.24701636137916,-5.04410139101797,-0.7299806858319862,1.5788938368510635e-13
258.6851767450745,43.480102935548196,9.247815307798414,-5.043215492341014,-0.7283672781529631,7.789209595131913e-14
258.6974600087494,43.47613221628821,9.248613716409466,-5.042329655614477,-0.7267562613465284,7.578690416885104e-14
258.70973633178244,43.4721544122612,9.249411577840482,-5.041443886971102,-0.7251476276035969,1.347322740779574e-13
258.7220057268677,43.46816954208302,9.250208882719633,-5.0405581925375085,-0.7235413691117679,3.9998643866893604e-14
258.73426820671546,43.46417762436204,9.251005621675075,-5.039672578434214,-0.7219374780553229,4.8419410996765944e-14
258.7465237840525,43.46017867769944,9.251801785334985,-5.038787050775623,-0.7203359466152457,-2.315710960714893e-14
258.7587724716218,43.456172720689004,9.252597364327528,-5.037901615670047,-0.7187367669692305,3.5788260301957434e-14
258.771014282183,43.452159771917216,9.253392349280865,-5.037016279219716,-0.7171399312916888,3.5788260301957434e-14
258.78324922851147,43.44813984996331,9.25418673082317,-5.036131047520766,-0.7155454317537819,6.947132882144679e-14
258.79547732339927,43.44411297339914,9.254980499582603,-5.035245926663272,-0.7139532605234,3.368306851948935e-14
258.8076985796541,43.44007916078937,9.255773646187334,-5.034360922731232,-0.7123634097652201,9.894401377599997e-14
258.81991301010004,43.43603843069127,9.25656616126553,-5.033476041802593,-0.7107758716406667,1.4525823299029783e-13
258.8321206275774,43.431990801654834,9.257358035445355,-5.032591289949249,-0.7091906383079547,9.683882199353189e-14
258.844321444942,43.42793629222288,9.258149259354978,-5.031706673237048,-0.7076077019221085,1.0315439734093615e-13
258.85651547506615,43.42387492093083,9.258939823622566,-5.030822197725803,-0.706027054634943,1.1578554803574466e-13
258.8687027308375,43.41980670630693,9.259729718876283,-5.029937869469299,-0.7044486885951092,5.4734986344170195e-14
258.88088322516006,43.41573166687206,9.260518935744296,-5.029053694515298,-0.7028725959480755,1.894672604221276e-14
258.8930569709532,43.41164982113999,9.261307464854774,-5.0281696789055434,-0.7012987688361723,1.0946997268834039e-13
258.90522398115235,43.407561187617084,9.26209529683588,-5.027285828675786,-0.6997271993985656,5.0524602779234026e-14
258.91738426870864,43.40346578480249,9.262882422315789,-5.026402149855756,-0.6981578797713006,1.642049590325106e-13
258.9295378465887,43.39936363118824,9.263668831922656,-5.025518648469213,-0.6965908020872997,5.4734986344170195e-14
258.9416847277748,43.39525474525892,9.264454516284651,-5.024635330533921,-0.6950259584763758,1.2841669873055315e-13
258.95382492526494,43.39113914549207,9.265239466029946,-5.023752202061665,-0.693463341065247,3.5788260301957434e-14
258.9659584520724,43.387016850357895,9.266023671786703,-5.0228692690582655,-0.6919029419775422,1.6841534259744676e-14
258.9780853212261,43.382887878319366,9.266807124183089,-5.021986537523575,-0.6903447533338147,1.0946997268834039e-13
258.9902055457703,43.37875224783235,9.267589813847271,-5.021104013451498,-0.6887887672515609,4.4209027431829774e-14
259.00231913876473,43.37460997734534,9.268371731407417,-5.0202217028299865,-0.687234975845217,3.5788260301957434e-14
259.0144261132842,43.37046108529976,9.269152867491693,-5.019339611641054,-0.6856833712261925,2.947268495455318e-14
259.0265264824192,43.36630559012972,9.269933212728262,-5.018457745860781,-0.6841339455028523,-4.210383564936169e-15
259.038620259275,43.362143510262264,9.270712757745295,-5.017576111459319,-0.6825866907805624,8.841805486365955e-14
259.05070745697236,43.357974864117104,9.271491493170956,-5.016694714400907,-0.6810415991616674,7.157652060391487e-14
259.06278808864727,43.3537996701068,9.272269409633417,-5.015813560643867,-0.6794986627455181,8.631286308119147e-14
259.0748621674504,43.349617946636826,9.273046497760836,-5.014932656140624,-0.6779578736284966,5.2629794561702114e-14
259.0869297065479,43.34542971210533,9.273822748181384,-5.014052006837699,-0.6764192239039961,2.315710960714893e-14
259.0989907191206,43.341234984903416,9.27459815152323,-5.01317161867573,-0.674882705662464,2.5262301389617013e-14
259.11104521836444,43.337033783414945,9.275372698414536,-5.012291497589472,-0.673348310991388,1.3262708229548932e-13
259.12309321749035,43.3328261260166,9.276146379483471,-5.0114116495078065,-0.6718160319753095,8.420767129872338e-15
259.1351347297238,43.328612031077995,9.276919185358205,-5.01053208035374,-0.6702858606958684,4.210383564936169e-14
259.14716976830556,43.32439151696149,9.277691106666897,-5.009652796044436,-0.668757789231756,-1.6841534259744676e-14
259.1591983464906,43.32016460202239,9.278462134037715,-5.008773802491184,-0.6672318096587895,1.1368035625327657e-13
259.1712204775491,43.31593130460876,9.279232258098832,-5.007895105599447,-0.6657079140498596,6.105056169157445e-14
259.1832361747657,43.311691643061636,9.280001469478407,-5.007016711268837,-0.6641860944750038,1.3262708229548932e-13
259.1952454514396,43.307445635714835,9.280769758804613,-5.0061386253931435,-0.6626663430013606,3.9998643866893604e-14
259.2072483208848,43.303193300895046,9.281537116705612,-5.005260853860328,-0.6611486516932207,4.631421921429786e-14
259.2192447964296,43.29893465692192,9.282303533809573,-5.004383402552537,-0.6596330126120219,-2.5262301389617013e-14
259.23123489141705,43.294669722107884,9.283069000744662,-5.003506277346109,-0.6581194178163579,7.789209595131913e-14
259.2432186192044,43.29039851475836,9.283833508139045,-5.002629484111582,-0.6566078593619973,9.47336302110638e-14
259.25519599316345,43.28612105317159,9.284597046620888,-5.001753028713693,-0.6550983293018826,1.1999593160068083e-13
259.2671670266804,43.28183735563869,9.285359606818362,-5.000876917011397,-0.6535908196861454,6.105056169157445e-14
259.27913173315557,43.27754744044379,9.28612117935963,-5.000001154857867,-0.6520853225621347,7.578690416885104e-14
259.2910901260038,43.27325132586379,9.286881754872855,-4.999125748100506,-0.650581829974394,9.894401377599997e-14
259.3030422186539,43.26894903016863,9.28764132398621,-4.998250702580948,-0.6490803339647018,1.0525958912340423e-13
259.3149880245491,43.26464057162108,9.288399877327857,-4.997376024135069,-0.647580826572058,4.8419410996765944e-14
259.3269275571466,43.26032596847689,9.289157405525964,-4.996501718592989,-0.6460832998327262,1.4315304120782974e-13
259.3388608299177,43.2560052389847,9.289913899208702,-4.995627791779094,-0.6445877457801977,1.0525958912340423e-13
259.3507878563479,43.25167840138607,9.290669349004233,-4.994754249512025,-0.6430941564452443,6.526094525651062e-14
259.36270864993645,43.24734547391557,9.291423745540722,-4.993881097604693,-0.6416025238559158,1.1368035625327657e-13
259.37462322419685,43.24300647480063,9.29217707944634,-4.99300834186429,-0.6401128400375307,6.315575347404254e-14
259.38653159265624,43.23866142226171,9.29292934134925,-4.99213598809229,-0.6386250970127224,8.420767129872338e-14
259.3984337688558,43.234310334512166,9.293680521877622,-4.991264042084456,-0.6371392868014135,9.47336302110638e-14
259.41032976635057,43.22995322975828,9.294430611659617,-4.990392509630856,-0.6356554014208473,1.4736342477276593e-13
259.4222195987092,43.225590126199435,9.295179601323406,-4.989521396515853,-0.6341734328855952,1.2841669873055315e-13
259.4341032795142,43.22122104202781,9.295927481497158,-4.988650708518132,-0.6326933732075578,3.789345208442552e-14
259.4459808223617,43.216845995428706,9.296674242809033,-4.987780451410695,-0.6312152143959944,1.1157516447080849e-13
259.4578522408616,43.21246500458029,9.297419875887202,-4.986910630960866,-0.6297389484575008,1.3894265764289357e-13
259.4697175486373,43.20807808765382,9.298164371359832,-4.98604125293031,-0.628264567396055,1.221011233831489e-13
259.4815767593258,43.20368526281344,9.298907719855086,-4.985172323075026,-0.6267920632130008,1.2631150694808508e-13
259.49342988657764,43.19928654821633,9.299649912001135,-4.984303847145367,-0.6253214279070671,1.1368035625327657e-13
259.50527694405685,43.19488196201271,9.300390938426139,-4.983435830886034,-0.6238526534743841,2.5262301389617013e-14
259.5171179454409,43.19047152234573,9.301130789758274,-4.982568280036095,-0.622385731908479,1.2631150694808506e-14
259.5289529044204,43.18605524735164,9.3018694566257,-4.981701200328981,-0.6209206552003046,8.420767129872338e-15
259.5407818346997,43.18163315515961,9.302606929656584,-4.980834597492509,-0.6194574153382277,4.631421921429786e-14
259.5526047499964,43.17720526389186,9.303343199479093,-4.979968477248868,-0.6179960043080449,1.6841534259744676e-14
259.5644216640411,43.172771591663675,9.304078256721397,-4.979102845314641,-0.6165364140930143,3.789345208442552e-14
259.57623259057783,43.168332156583325,9.304812092011655,-4.978237707400812,-0.6150786366738271,6.73661370389787e-14
259.58803754336367,43.16388697675215,9.305544695978044,-4.977373069212751,-0.613622664028652,8.420767129872338e-14
259.59983653616905,43.15943607026448,9.306276059248722,-4.976508936450264,-0.6121684881331173,6.105056169157445e-14
259.61162958277725,43.15497945520776,9.307006172451858,-4.975645314807558,-0.6107161009603466,4.4209027431829774e-14
259.62341669698475,43.15051714966241,9.30773502621562,-4.974782209973265,-0.6092654944809452,1.1789073981821273e-13
259.63519789260107,43.14604917170194,9.308462611168173,-4.973919627630451,-0.6078166606630113,1.473634247727659e-14
