galstreams/tracks/track.st.NGC6397.ibata2021.ecsv
# %ECSV 0.9
# ---
# datatype:
# - {name: ra, unit: deg, datatype: float64}
# - {name: dec, unit: deg, datatype: float64}
# - {name: distance, unit: kpc, datatype: float64}
# - {name: pm_ra_cosdec, unit: mas / yr, datatype: float64}
# - {name: pm_dec, unit: mas / yr, datatype: float64}
# - {name: radial_velocity, unit: km / s, datatype: float64}
# delimiter: ','
# meta: !!omap
# - __serialized_columns__:
#     dec:
#       __class__: astropy.coordinates.angles.Latitude
#       unit: &id001 !astropy.units.Unit {unit: deg}
#       value: !astropy.table.SerializedColumn {name: dec}
#     distance:
#       __class__: astropy.coordinates.distances.Distance
#       unit: !astropy.units.Unit {unit: kpc}
#       value: !astropy.table.SerializedColumn {name: distance}
#     pm_dec:
#       __class__: astropy.units.quantity.Quantity
#       unit: !astropy.units.Unit {unit: mas / yr}
#       value: !astropy.table.SerializedColumn {name: pm_dec}
#     pm_ra_cosdec:
#       __class__: astropy.units.quantity.Quantity
#       unit: !astropy.units.Unit {unit: mas / yr}
#       value: !astropy.table.SerializedColumn {name: pm_ra_cosdec}
#     ra:
#       __class__: astropy.coordinates.angles.Longitude
#       unit: *id001
#       value: !astropy.table.SerializedColumn {name: ra}
#       wrap_angle: !astropy.coordinates.Angle
#         unit: *id001
#         value: 360.0
#     radial_velocity:
#       __class__: astropy.units.quantity.Quantity
#       unit: !astropy.units.Unit {unit: km / s}
#       value: !astropy.table.SerializedColumn {name: radial_velocity}
# schema: astropy-2.0
ra,dec,distance,pm_ra_cosdec,pm_dec,radial_velocity
[from data line 280]
262.9487346835855,-53.78525766803395,2.443848697280631,2.85800910515555,-17.890030528135462,-3.368306851948935e-14
262.96650215955964,-53.78397042466235,2.444018669704526,2.8611529485238103,-17.88774634361388,-3.368306851948935e-14
262.9842646972825,-53.782690165817364,2.4441884795476594,2.86429377431211,-17.885460355443048,-1.6841534259744676e-14
263.00202231189115,-53.78141688117888,2.4443581269478347,2.8674315880921615,-17.883172568009037,-3.368306851948935e-14
263.01977501849797,-53.78015056042038,2.4445276120428576,2.8705663954316076,-17.880882985693432,-8.420767129872338e-14
263.0375228321905,-53.77889119320925,2.444696934970531,2.8736982018940465,-17.878591612873347,-3.368306851948935e-14
263.055265768031,-53.77763876920646,2.4448660958686603,2.8768270130388816,-17.87629845392147,-1.6841534259744676e-14
263.07300384105724,-53.77639327806682,2.4450350948750486,2.879952834421541,-17.874003513206027,-5.0524602779234026e-14
263.09073706628203,-53.775154709438894,2.4452039321275016,2.883075671593317,-17.8717067950908,-5.0524602779234026e-14
263.10846545869316,-53.77392305296498,2.445372607763822,2.8861955301014275,-17.869408303935167,0.0
263.126189033254,-53.77269829828122,2.4455411219218153,2.8893124154890684,-17.86710804409408,-5.0524602779234026e-14
263.1439078049028,-53.771480435017516,2.445709474739285,2.892426333295344,-17.864806019918092,-8.420767129872338e-14
263.1616217885535,-53.77026945279761,2.445877666354036,2.89553728905533,-17.862502235753347,-1.6841534259744676e-14
263.17933099909504,-53.76906534123908,2.4460456969038717,2.898645288300073,-17.8601966959416,-3.368306851948935e-14
263.19703545139186,-53.76786808995329,2.446213566526598,2.9017503365565673,-17.857889404820234,-3.368306851948935e-14
263.2147351602837,-53.766677688545485,2.4463812753600176,2.9048524393477675,-17.85558036672225,-1.6841534259744676e-14
263.2324301405859,-53.7654941266148,2.4465488235419346,2.907951602192661,-17.8532695859763,0.0
263.250120407089,-53.76431739375417,2.4467162112101546,2.9110478306061505,-17.850957066906666,-5.0524602779234026e-14
263.26780597455934,-53.76314747955051,2.4468834385024816,2.9141411300992255,-17.84864281383329,-5.0524602779234026e-14
263.2854868577385,-53.76198437358458,2.447050505556719,2.9172315061788057,-17.84632683107179,-5.0524602779234026e-14
263.3031630713436,-53.760828065431014,2.4472174125106716,2.920318964347814,-17.84400912293344,-5.0524602779234026e-14
263.3208346300677,-53.75967854465845,2.447384159502144,2.9234035101052696,-17.841689693725186,0.0
263.338501548579,-53.75853580082939,2.4475507466689397,2.9264851489461283,-17.8393685477497,-1.6841534259744676e-14
263.35616384152166,-53.75739982350031,2.4477171741488637,2.9295638863613966,-17.83704568930531,-3.368306851948935e-14
263.3738215235155,-53.756270602221655,2.44788344207972,2.9326397278381675,-17.834721122686084,-1.6841534259744676e-14
263.3914746091559,-53.755148126537804,2.448049550599313,2.935712678859529,-17.83239485218176,-5.0524602779234026e-14
263.4091231130141,-53.754032385987145,2.4482154998454466,2.938782744904624,-17.830066882077865,-1.6841534259744676e-14
263.42676704963714,-53.75292337010205,2.448381289955925,2.941849931448679,-17.827737216655603,-3.368306851948935e-14
263.44440643354756,-53.75182106840889,2.448546921068553,2.944914243962942,-17.825405860191943,-5.0524602779234026e-14
263.46204127924426,-53.75072547042808,2.4487123933211348,2.9479756879147905,-17.823072816959588,-3.368306851948935e-14
263.4796716012016,-53.74963656567399,2.448877706851474,2.9510342687676374,-17.820738091226996,0.0
263.4972974138698,-53.748554343655094,2.4490428617973756,2.9540899919809585,-17.818401687258433,-3.368306851948935e-14
263.5149187316754,-53.74747879387393,2.449207858296644,2.957142863010408,-17.816063609313865,-3.368306851948935e-14
263.53253556902047,-53.746409905827036,2.4493726964870826,2.960192887307655,-17.813723861649102,-3.368306851948935e-14
263.55014794028324,-53.74534766900505,2.4495373765064965,2.963240070320468,-17.811382448515715,-1.6841534259744676e-14
263.56775585981825,-53.74429207289272,2.4497018984926897,2.9662844174928478,-17.80903937416108,-1.6841534259744676e-14
263.5853593419554,-53.74324310696884,2.4498662625834666,2.9693259342647353,-17.80669464282838,-1.6841534259744676e-14
263.6029584010014,-53.742200760706375,2.4500304689166312,2.97236462607237,-17.804348258756615,-5.0524602779234026e-14
263.6205530512385,-53.741165023572364,2.4501945176299875,2.975400498347991,-17.802000226180603,-1.6841534259744676e-14
263.63814330692543,-53.740135885027954,2.450358408861341,2.9784335565200264,-17.799650549330977,-5.0524602779234026e-14
263.655729182297,-53.73911333452852,2.4505221427484942,2.9814638060131022,-17.79729923243425,-3.368306851948935e-14
263.67331069156415,-53.738097361523515,2.450685719429252,2.9844912522478806,-17.79494627971274,-1.6841534259744676e-14
263.69088784891414,-53.73708795545656,2.45084913904142,2.9875159006412697,-17.792591695384644,-5.0524602779234026e-14
263.7084606685104,-53.73608510576551,2.451012401722801,2.9905377566063445,-17.790235483664006,-1.6841534259744676e-14
263.7260291644927,-53.735088801882355,2.4511755076112007,2.993556825552286,-17.78787764876075,-1.6841534259744676e-14
263.74359335097694,-53.734099033233285,2.451338456844421,2.9965731128844872,-17.7855181948807,-3.368306851948935e-14
263.76115324205574,-53.73311578923873,2.451501249560268,2.999586624004581,-17.783157126225518,-5.0524602779234026e-14
263.7787088517977,-53.73213905931331,2.4516638858965454,3.002597364310279,-17.7807944469928,-6.73661370389787e-14
263.7962601942483,-53.731168832865926,2.4518263659910584,3.005605339195615,-17.77843016137602,-5.0524602779234026e-14
263.8138072834288,-53.73020509929966,2.4519886899816097,3.00861055405072,-17.776064273564575,-3.368306851948935e-14
263.8313501333373,-53.72924784801187,2.4521508580060045,3.0116130142619735,-17.773696787743788,-3.368306851948935e-14
263.8488887579486,-53.72829706839421,2.452312870202047,3.0146127252120145,-17.771327708094887,0.0
263.8664231712135,-53.72735274983259,2.4524747267075413,3.0176096922796454,-17.768957038795044,-3.368306851948935e-14
263.8839533870596,-53.72641488170718,2.4526364276602926,3.0206039208398883,-17.76658478401737,-6.73661370389787e-14
263.9014794193912,-53.7254834533925,2.452797973198103,3.0235954162640963,-17.76421094793093,-3.368306851948935e-14
263.919001282089,-53.724558454257334,2.452959363458779,3.026584183919763,-17.761835534700744,-3.368306851948935e-14
263.9365189890103,-53.72363987366483,2.453120598580123,3.0295702291706537,-17.759458548487785,0.0
263.95403255398935,-53.72272770097244,2.453281678699941,3.032553557376851,-17.757079993449008,-3.368306851948935e-14
263.9715419908366,-53.721821925531955,2.4534426039560366,3.035534173894588,-17.754699873737344,-5.0524602779234026e-14
263.9890473133397,-53.72092253668956,2.453603374486214,3.038512084076498,-17.7523181935017,-3.368306851948935e-14
264.0065485352627,-53.72002952378575,2.4537639904282775,3.041487293271362,-17.74993495688701,-3.368306851948935e-14
264.02404567034654,-53.71914287615541,2.4539244519200314,3.044459806824314,-17.74755016803417,-3.368306851948935e-14
264.04153873230894,-53.71826258312786,2.45408475909928,3.047429630076777,-17.745163831080106,-5.0524602779234026e-14
264.0590277348445,-53.717388634026754,2.454244912103827,3.050396768366443,-17.742775950157757,-6.73661370389787e-14
264.0765126916244,-53.716521018170184,2.454404911071477,3.053361227027257,-17.740386529396098,-3.368306851948935e-14
264.09399361629704,-53.715659724870676,2.4545647561400354,3.0563230113895763,-17.737995572920102,-1.6841534259744676e-14
264.1114705224875,-53.71480474343516,2.454724447447305,3.0592821267799755,-17.735603084850805,-5.0524602779234026e-14
264.1289434237978,-53.71395606316499,2.4548839851310906,3.062238578521387,-17.73320906930529,-1.6841534259744676e-14
264.14641233380706,-53.713113673356034,2.4550433693291964,3.065192371933089,-17.73081353039669,-1.6841534259744676e-14
264.1638772660711,-53.71227756329856,2.4552026001794265,3.0681435123306064,-17.728416472234198,0.0
264.1813382341231,-53.71144772227734,2.455361677819586,3.0710920050259,-17.726017898923068,-5.0524602779234026e-14
264.198795251473,-53.71062413957164,2.4555206023874785,3.074037855327224,-17.72361781456462,3.368306851948935e-14
264.2162483316077,-53.70980680445516,2.455679374020908,3.0769810685391277,-17.721216223256302,-5.0524602779234026e-14
264.23369748799155,-53.7089957061962,2.455837992857678,3.0799216499626256,-17.7188131290916,-1.6841534259744676e-14
264.25114273406575,-53.708190834057504,2.4559964590355956,3.0828596048950168,-17.716408536160106,-1.6841534259744676e-14
264.2685840832486,-53.70739217729631,2.456154772692463,3.0857949386299564,-17.714002448547543,-6.73661370389787e-14
264.2860215489358,-53.70659972516453,2.456312933966085,3.088727656457546,-17.71159487033571,-1.6841534259744676e-14
264.3034551445,-53.70581346690849,2.4564709429942657,3.091657763664176,-17.70918580560256,-5.0524602779234026e-14
264.320884883291,-53.70503339176912,2.4566287999148084,3.0945852655326664,-17.70677525842213,0.0
264.3383107786361,-53.70425948898192,2.4567865048655193,3.097510167342236,-17.704363232864623,-3.368306851948935e-14
264.3557328438397,-53.703491747776965,2.456944057984202,3.1004324743684455,-17.70194973299636,-5.0524602779234026e-14
264.37315109218355,-53.70273015737895,2.4571014594086598,3.103352191883346,-17.699534762879814,-1.6841534259744676e-14
264.39056553692654,-53.70197470700712,2.4572587092766978,3.106269325155318,-17.697118326573626,-3.368306851948935e-14
264.40797619130507,-53.701225385875325,2.4574158077261203,3.109183879449159,-17.69470042813256,-1.6841534259744676e-14
264.4253830685328,-53.70048218319209,2.4575727548947315,3.1120958600261397,-17.692281071607578,-5.0524602779234026e-14
264.44278618180095,-53.699745088160554,2.457729550920335,3.1150052721439163,-17.68986026104581,-5.0524602779234026e-14
264.4601855442778,-53.699014089978455,2.4578861959407363,3.11791212105655,-17.687438000490552,-1.6841534259744676e-14
264.4775811691095,-53.69828917783821,2.458042690093739,3.1208164120146185,-17.685014293981297,-6.73661370389787e-14
264.4949730694193,-53.69757034092693,2.4581990335171473,3.1237181502650735,-17.682589145553735,-1.6841534259744676e-14
264.51236125830786,-53.696857568426324,2.4583552263487656,3.126617341051298,-17.68016255923975,-3.368306851948935e-14
264.5297457488539,-53.69615084951287,2.4585112687263972,3.1295139896132125,-17.67773453906744,-6.73661370389787e-14
264.547126554113,-53.69545017335765,2.4586671607878485,3.132408101187112,-17.675305089061105,-5.0524602779234026e-14
264.5645036871188,-53.694755529126546,2.4588229026709225,3.1352996810058413,-17.672874213241275,-5.0524602779234026e-14
264.58187716088224,-53.694066905980065,2.4589784945134237,3.1381887342986143,-17.670441915624703,-1.6841534259744676e-14
264.5992469883918,-53.693384293073464,2.4591339364531555,3.1410752662911907,-17.668008200224385,0.0
264.6166131826139,-53.69270767955677,2.4592892286279233,3.1439592822058104,-17.66557307104955,-1.6841534259744676e-14
264.6339757564923,-53.692037054574705,2.4594443711755307,3.1468407872611808,-17.663136532105664,-3.368306851948935e-14
264.65133472294855,-53.691372407266755,2.459599364233782,3.149719786672481,-17.660698587394478,-5.0524602779234026e-14
264.66869009488187,-53.69071372676721,2.4597542079404833,3.1525962856514522,-17.658259240913946,-3.368306851948935e-14
264.6860418851692,-53.69006100220508,2.4599089024334364,3.1554702894062547,-17.65581849665837,-6.73661370389787e-14
264.70339010666527,-53.689414222704194,2.460063447850446,3.1583418031416786,-17.653376358618253,-5.0524602779234026e-14
264.7207347722025,-53.68877337738315,2.4602178443293177,3.161210832058916,-17.650932830780405,-3.368306851948935e-14
264.738075894591,-53.688138455355364,2.4603720920078542,3.1640773813556913,-17.648487917127934,-1.6841534259744676e-14
264.75541348661903,-53.68750944572906,2.46052619102386,3.1669414562263487,-17.646041621640233,-5.0524602779234026e-14
264.77274756105237,-53.686886337607305,2.460680141515141,3.1698030618616793,-17.643593948292974,0.0
264.7900781306346,-53.686269120087964,2.4608339436195004,3.172662203449014,-17.641144901058162,-5.0524602779234026e-14
264.8074052080874,-53.68565778226379,2.460987597474742,3.1755188861722834,-17.638694483904096,-1.6841534259744676e-14
264.8247288061103,-53.68505231322233,2.46114110321867,3.1783731152119135,-17.636242700795403,-5.0524602779234026e-14
264.84204893738047,-53.684452702046066,2.461294460989089,3.181224895744865,-17.63378955569305,-3.368306851948935e-14
264.85936561455355,-53.6838589378123,2.4614476709238047,3.184074232944769,-17.63133505255428,0.0
264.87667885026264,-53.68327100959323,2.4616007331606196,3.186921131981685,-17.628879195332743,-5.0524602779234026e-14
264.89398865711917,-53.682688906455965,2.461753647837338,3.189765598022356,-17.626421987978382,-6.73661370389787e-14
264.91129504771226,-53.682112617462515,2.461906415091765,3.192607636230021,-17.623963434437506,-1.6841534259744676e-14
264.9285980346093,-53.68154213166975,2.4620590350617046,3.1954472517645267,-17.621503538652792,-6.73661370389787e-14
264.9458976303557,-53.68097743812955,2.462211507884961,3.198284449782335,-17.61904230456325,-5.0524602779234026e-14
264.9631938474748,-53.68041852588867,2.462363833699338,3.2011192354364426,-17.616579736104303,-6.73661370389787e-14
264.98048669846816,-53.67986538398879,2.4625160126426406,3.203951613876482,-17.61411583720769,-3.368306851948935e-14
264.99777619581545,-53.67931800146662,2.4626680448526725,3.2067815902486965,-17.611650611801586,-5.0524602779234026e-14
265.0150623519745,-53.67877636735375,2.4628199304672393,3.2096091696959235,-17.609184063810506,-1.6841534259744676e-14
265.03234517938097,-53.678240470676776,2.4629716696241433,3.212434357357567,-17.6067161971554,-1.6841534259744676e-14
265.0496246904493,-53.67771030045729,2.46312326246119,3.215257158369753,-17.604247015753586,-1.6841534259744676e-14
265.06690089757154,-53.67718584571184,2.4632747091161833,3.218077577865132,-17.6017765235188,-1.6841534259744676e-14
265.08417381311835,-53.676667095452004,2.4634260097269283,3.220895620973038,-17.599304724361183,-8.420767129872338e-14
265.1014434494385,-53.67615403868438,2.4635771644312277,3.223711292819432,-17.596831622187295,0.0
265.11870981885875,-53.675646664410515,2.4637281733668863,3.2265245985268636,-17.59435722090014,-8.420767129872338e-14
265.1359729336847,-53.67514496162709,2.463879036671709,3.229335543214627,-17.591881524399092,-5.0524602779234026e-14
265.1532328061998,-53.67464891932573,2.4640297544835006,3.2321441319985746,-17.58940453658002,-3.368306851948935e-14
265.17048944866593,-53.674158526493166,2.4641803269400637,3.234950369991224,-17.586926261335222,-5.0524602779234026e-14
265.18774287332343,-53.673673772111165,2.464330754179204,3.2377542623018303,-17.58444670255341,-5.0524602779234026e-14
265.20499309239074,-53.67319464515656,2.464481036338724,3.2405558140361896,-17.581965864119795,-6.73661370389787e-14
265.22224011806514,-53.672721134601304,2.4646311735564304,3.2433550302969083,-17.57948374991599,-1.6841534259744676e-14
265.23948396252183,-53.67225322941236,2.4647811659701255,3.2461519161831704,-17.577000363820122,0.0
265.25672463791454,-53.67179091855183,2.4649310137176146,3.2489464767908167,-17.574515709706766,-3.368306851948935e-14
265.2739621563757,-53.67133419097693,2.465080716936702,3.2517387172124916,-17.57202979144698,-5.0524602779234026e-14
265.291196530016,-53.67088303563999,2.465230275765191,3.2545286425374234,-17.56954261290829,0.0
265.3084277709245,-53.67043744148843,2.4653796903408867,3.257316257851559,-17.567054177954727,-1.6841534259744676e-14
265.325655891169,-53.66999739746484,2.4655289608015933,3.2601015682376078,-17.56456449044679,-5.0524602779234026e-14
