galstreams/tracks/track.st.New-7.ibata2024.ecsv
# %ECSV 1.0
# ---
# datatype:
# - {name: ra, unit: deg, datatype: float64}
# - {name: dec, unit: deg, datatype: float64}
# - {name: distance, unit: kpc, datatype: float64}
# - {name: pm_ra_cosdec, unit: mas / yr, datatype: float64}
# - {name: pm_dec, unit: mas / yr, datatype: float64}
# - {name: radial_velocity, unit: km / s, datatype: float64}
# delimiter: ','
# meta: !!omap
# - __serialized_columns__:
#     dec:
#       __class__: astropy.coordinates.angles.Latitude
#       unit: &id001 !astropy.units.Unit {unit: deg}
#       value: !astropy.table.SerializedColumn {name: dec}
#     distance:
#       __class__: astropy.coordinates.distances.Distance
#       unit: !astropy.units.Unit {unit: kpc}
#       value: !astropy.table.SerializedColumn {name: distance}
#     pm_dec:
#       __class__: astropy.units.quantity.Quantity
#       unit: !astropy.units.Unit {unit: mas / yr}
#       value: !astropy.table.SerializedColumn {name: pm_dec}
#     pm_ra_cosdec:
#       __class__: astropy.units.quantity.Quantity
#       unit: !astropy.units.Unit {unit: mas / yr}
#       value: !astropy.table.SerializedColumn {name: pm_ra_cosdec}
#     ra:
#       __class__: astropy.coordinates.angles.Longitude
#       unit: *id001
#       value: !astropy.table.SerializedColumn {name: ra}
#       wrap_angle: !astropy.coordinates.Angle
#         unit: *id001
#         value: 360.0
#     radial_velocity:
#       __class__: astropy.units.quantity.Quantity
#       unit: !astropy.units.Unit {unit: km / s}
#       value: !astropy.table.SerializedColumn {name: radial_velocity}
# schema: astropy-2.0
ra,dec,distance,pm_ra_cosdec,pm_dec,radial_velocity
[from data line 2125]
151.81307920520194,23.155239709251514,1.0000000000000118,16.84213831598583,-15.28177390262178,123.57677574985232
151.82386369461426,23.153715043086574,1.0000000000000118,16.841743709293674,-15.283679686918594,123.78333254046548
151.83464783795145,23.15218844907911,1.0000000000000118,16.84134865823753,-15.2855856990825,123.9902161149128
151.84543163477136,23.15065992665227,1.0000000000000118,16.840953163513724,-15.287491940210309,124.19742675292486
151.85621508463177,23.14912947522928,1.0000000000000118,16.840557225818202,-15.289398411399063,124.40496473423252
151.86699818709036,23.147597094233454,1.0000000000000118,16.840160845846608,-15.291305113746002,124.61283033856628
151.87778094170466,23.1460627830882,1.000000000000012,16.83976402429427,-15.29321204834861,124.82102384565692
151.8885633480321,23.144526541216987,1.0000000000000118,16.83936676185617,-15.295119216304563,125.02954553523514
151.89934540563002,23.142988368043387,1.000000000000012,16.838969059226955,-15.297026618711756,125.23839568703168
151.91012711405563,23.14144826299106,1.000000000000012,16.838570917100974,-15.298934256668318,125.44757458077719
151.920908472866,23.139906225483713,1.000000000000012,16.838172336172228,-15.300842131272564,125.65708249620215
151.9316894816181,23.138362254945175,1.000000000000012,16.837773317134392,-15.302750243623045,125.86691971303757
151.9424701398688,23.136816350799343,1.000000000000012,16.837373860680824,-15.304658594818523,126.07708651101403
151.95325044717484,23.135268512470198,1.0000000000000122,16.83697396750455,-15.30656718595798,126.2875831698621
151.96403040309286,23.1337187393818,1.000000000000012,16.83657363829827,-15.308476018140604,126.49840996931263
151.97481000717937,23.132167030958296,1.0000000000000122,16.83617287375435,-15.310385092465797,126.70956718909622
151.9855892589908,23.130613386623924,1.0000000000000122,16.83577167456483,-15.312294410033195,126.92105510894366
151.99636815808344,23.129057805802994,1.000000000000012,16.835370041421445,-15.31420397194263,127.13287400858545
152.00714670401342,23.12750028791989,1.0000000000000122,16.834967975015562,-15.316113779294145,127.34502416775243
152.0179248963369,23.125940832399113,1.000000000000012,16.83456547603826,-15.31802383318804,127.5575058661753
152.02870273460974,23.12437943866522,1.0000000000000122,16.834162545180263,-15.319934134724766,127.77031938358459
152.0394802183878,23.122816106142846,1.0000000000000122,16.833759183131992,-15.321844685005043,127.98346499971123
152.05025734722685,23.12125083425673,1.0000000000000122,16.83335539058352,-15.32375548512979,128.19694299428573
152.06103412068248,23.119683622431683,1.0000000000000122,16.83295116822461,-15.325666536200115,128.4107536470388
152.07181053831016,23.118114470092603,1.0000000000000122,16.83254651674469,-15.327577839317385,128.62489723770122
152.08258659966535,23.116543376664474,1.0000000000000124,16.832141436832835,-15.329489395583153,128.83937404600363
152.09336230430327,23.114970341572356,1.0000000000000124,16.831735929177835,-15.331401206099198,129.0541843516768
152.1041376517791,23.113395364241388,1.0000000000000122,16.831329994468163,-15.333313271967505,129.26932843445113
152.1149126416479,23.11181844409681,1.0000000000000122,16.830923633391894,-15.335225594290293,129.48480657405761
152.1256872734646,23.110239580563924,1.0000000000000122,16.830516846636833,-15.337138174169965,129.7006190502269
152.13646154678403,23.10865877306814,1.0000000000000124,16.830109634890448,-15.339051012709168,129.91676614268954
152.14723546116096,23.107076021034924,1.0000000000000124,16.829701998839873,-15.340964111010752,130.13324813117626
152.15800901614992,23.10549132388985,1.0000000000000122,16.82929393917193,-15.342877470177786,130.35006529541795
152.16878221130546,23.10390468105856,1.0000000000000122,16.82888545657308,-15.344791091313546,130.56721791514502
152.17955504618195,23.102316091966788,1.0000000000000124,16.82847655172948,-15.346704975521536,130.7847062700883
152.19032752033365,23.10072555604034,1.0000000000000124,16.82806722532698,-15.348619123905458,131.0025306399785
152.20109963331475,23.099133072705115,1.0000000000000124,16.827657478051048,-15.350533537569243,131.22069130454625
152.21187138467928,23.097538641387093,1.0000000000000124,16.827247310586895,-15.352448217617022,131.4391885435222
152.2226427739812,23.095942261512334,1.0000000000000127,16.826836723619316,-15.354363165153154,131.65802263663716
152.23341380077434,23.094343932506998,1.0000000000000124,16.826425717832876,-15.35627838128223,131.8771938636218
152.24418446461243,23.092743653797303,1.0000000000000122,16.826014293911737,-15.358193867109012,132.09670250420666
152.25495476504904,23.091141424809564,1.0000000000000127,16.82560245253977,-15.36010962373849,132.31654883812263
152.26572470163774,23.089537244970185,1.0000000000000124,16.8251901944005,-15.36202565227591,132.53673314510036
152.27649427393186,23.08793111370564,1.0000000000000127,16.824777520177168,-15.363941953826679,132.75725570487043
152.28726348148476,23.0863230304425,1.0000000000000124,16.82436443055261,-15.365858529496453,132.97811679716352
152.2980323238495,23.084712994607393,1.0000000000000124,16.82395092620942,-15.367775380391063,133.19931670171044
152.30880080057926,23.08310100562708,1.0000000000000129,16.823537007829778,-15.369692507616616,133.42085569824198
152.31956891122692,23.081487062928353,1.0000000000000124,16.82312267609564,-15.371609912279382,133.64273406648843
152.33033665534535,23.079871165938115,1.0000000000000129,16.822707931688523,-15.37352759548585,133.86495208618086
152.34110403248732,23.078253314083355,1.0000000000000127,16.822292775289704,-15.375445558342768,134.0875100370499
152.35187104220537,23.07663350679113,1.0000000000000127,16.821877207580076,-15.37736380195703,134.31040819882602
152.36263768405215,23.075011743488595,1.0000000000000127,16.82146122924025,-15.37928232743581,134.53364685124015
152.37340395757997,23.073388023602977,1.0000000000000129,16.82104484095046,-15.381201135886446,134.75722627402288
152.38416986234117,23.071762346561595,1.0000000000000129,16.82062804339065,-15.38312022841653,134.98114674690498
152.39493539788793,23.07013471179184,1.0000000000000127,16.82021083724044,-15.385039606133835,135.2054085496169
152.40570056377237,23.068505118721202,1.0000000000000129,16.819793223179083,-15.386959270146361,135.43001196188965
152.41646535954644,23.06687356677725,1.0000000000000129,16.81937520188556,-15.38887922156234,135.65495726345372
152.427229784762,23.065240055387626,1.000000000000013,16.81895677403847,-15.390799461490186,135.88024473403982
152.4379938389709,23.06360458398007,1.000000000000013,16.81853794031609,-15.392719991038557,136.1058746533787
152.44875752172467,23.0619671519824,1.0000000000000129,16.818118701396433,-15.3946408113163,136.33184730120104
152.45952083257495,23.060327758822517,1.0000000000000129,16.817699057957107,-15.396561923432495,136.55816295723744
152.47028377107316,23.058686403928395,1.0000000000000129,16.81727901067544,-15.398483328496425,136.7848219012187
152.48104633677065,23.057043086728104,1.000000000000013,16.816858560228386,-15.400405027617587,137.0118244128755
152.49180852921862,23.055397806649808,1.000000000000013,16.816437707292636,-15.402327021905707,137.23917077193846
152.50257034796817,23.053750563121728,1.0000000000000129,16.81601645254451,-15.404249312470704,137.4668612581382
152.51333179257037,23.052101355572187,1.000000000000013,16.81559479666,-15.40617190042272,137.69489615120568
152.5240928625761,23.050450183429597,1.000000000000013,16.815172740314782,-15.40809478687212,137.92327573087144
152.53485355753622,23.04879704612243,1.0000000000000129,16.814750284184203,-15.41001797292947,138.15200027686606
152.5456138770014,23.04714194307926,1.0000000000000133,16.814327428943276,-15.411941459705552,138.3810700689204
152.55637382052214,23.045484873728746,1.000000000000013,16.813904175266718,-15.413865248311364,138.61048538676502
152.56713338764902,23.043825837499618,1.000000000000013,16.81348052382885,-15.415789339858122,138.84024651013073
152.5778925779324,23.042164833820703,1.000000000000013,16.81305647530374,-15.41771373545725,139.07035371874807
152.58865139092256,23.040501862120898,1.0000000000000129,16.812632030365066,-15.419638436220389,139.30080729234788
152.59940982616968,23.038836921829194,1.000000000000013,16.812207189686227,-15.421563443259386,139.53160751066082
152.61016788322374,23.037170012374663,1.0000000000000129,16.811781953940287,-15.423488757686311,139.7627546534174
152.62092556163483,23.03550113318646,1.0000000000000133,16.811356323799917,-15.425414380613446,139.99424900034865
152.63168286095274,23.033830283693828,1.0000000000000133,16.81093029993756,-15.427340313153282,140.226090831185
152.64243978072716,23.032157463326087,1.000000000000013,16.810503883025287,-15.429266556418536,140.4582804256572
152.65319632050785,23.03048267151264,1.0000000000000133,16.810077073734796,-15.431193111522113,140.69081806349587
152.66395247984426,23.02880590768298,1.0000000000000133,16.809649872737552,-15.433119979577171,140.92370402443183
152.67470825828585,23.027127171266685,1.0000000000000133,16.809222280704592,-15.43504716169703,141.15693858819574
152.685463655382,23.025446461693406,1.0000000000000133,16.808794298306687,-15.436974658995272,141.39052203451817
152.69621867068187,23.023763778392883,1.0000000000000133,16.808365926214268,-15.438902472585658,141.62445464313
152.70697330373457,23.022079120794956,1.0000000000000133,16.807937165097457,-15.440830603582189,141.8587366937618
152.7177275540892,23.02039248832952,1.0000000000000133,16.807508015626,-15.44275905309906,142.09336846614428
152.72848142129465,23.01870388042657,1.0000000000000133,16.807078478469347,-15.444687822250692,142.32835024000815
152.73923490489972,23.017013296516183,1.0000000000000133,16.80664855429659,-15.446616912151708,142.5636822950842
152.7499880044531,23.015320736028528,1.0000000000000133,16.806218243776573,-15.448546323916949,142.79936491110288
152.7607407195034,23.013626198393833,1.0000000000000133,16.805787547577715,-15.450476058661467,143.03539836779495
152.77149304959914,23.01192968304244,1.0000000000000133,16.805356466368156,-15.452406117500534,143.2717829448912
152.7822449942887,23.010231189404756,1.0000000000000135,16.80492500081573,-15.454336501549637,143.50851892212242
152.79299655312042,23.00853071691127,1.0000000000000135,16.80449315158786,-15.456267211924457,143.7456065792189
152.80374772564244,23.006828264992574,1.0000000000000135,16.804060919351745,-15.458198249740919,143.98304619591173
152.81449851140292,23.00512383307932,1.0000000000000135,16.803628304774183,-15.460129616115132,144.2208380519315
152.8252489099498,23.003417420602265,1.0000000000000135,16.803195308521666,-15.462061312163428,144.45898242700878
152.83599892083097,23.00170902699223,1.0000000000000135,16.80276193126035,-15.463993339002357,144.69747960087435
152.84674854359423,22.999998651680137,1.0000000000000135,16.802328173656093,-15.465925697748682,144.93632985325888
152.85749777778724,22.998286294096985,1.0000000000000135,16.8018940363744,-15.467858389519373,145.17553346389312
152.86824662295763,22.99657195367385,1.0000000000000138,16.801459520080446,-15.469791415431606,145.4150907125076
152.87899507865282,22.994855629841904,1.0000000000000135,16.80102462543908,-15.471724776602793,145.65500187883313
152.88974314442027,22.993137322032386,1.0000000000000135,16.800589353114823,-15.473658474150536,145.89526724260045
152.90049081980717,22.991417029676647,1.0000000000000138,16.800153703771898,-15.47559250919267,146.1358870835401
152.91123810436076,22.98969475220609,1.000000000000014,16.79971767807414,-15.477526882847215,146.37686168138296
152.92198499762807,22.987970489052238,1.0000000000000138,16.799281276685118,-15.479461596232435,146.61819131585952
152.93273149915612,22.98624423964665,1.0000000000000138,16.79884450026802,-15.481396650466793,146.8598762667007
152.94347760849172,22.984516003421014,1.0000000000000138,16.798407349485757,-15.483332046668945,147.10191681363685
152.95422332518172,22.98278577980707,1.0000000000000138,16.79796982500086,-15.485267785957799,147.344313236399
152.96496864877278,22.98105356823667,1.0000000000000138,16.79753192747556,-15.487203869452452,147.58706581471776
152.9757135788114,22.979319368141727,1.0000000000000138,16.79709365757179,-15.4891402982722,147.83017482832363
152.98645811484414,22.97758317895424,1.0000000000000138,16.796655015951067,-15.491077073536584,148.07364055694745
152.99720225641735,22.975845000106318,1.0000000000000138,16.796216003274683,-15.493014196365346,148.31746328031994
153.00794600307725,22.974104831030115,1.0000000000000138,16.795776620203547,-15.494951667878414,148.56164327817166
153.01868935437008,22.97236267115789,1.000000000000014,16.795336867398216,-15.49688948919597,148.80618083023344
153.0294323098419,22.970618519922,1.000000000000014,16.794896745518965,-15.49882766143839,149.05107621623597
153.04017486903865,22.968872376754852,1.000000000000014,16.79445625522574,-15.500766185726246,149.29632971590982
153.05091703150626,22.967124241088957,1.000000000000014,16.794015397178125,-15.502705063180356,149.54194160898575
153.06165879679045,22.96537411235692,1.000000000000014,16.793574172035406,-15.504644294921723,149.7879121751944
153.07240016443694,22.963621989991406,1.000000000000014,16.79313258045654,-15.506583882071569,150.0342416942666
153.0831411339913,22.96186787342518,1.000000000000014,16.79269062310011,-15.50852382575134,150.2809304459328
153.09388170499898,22.96011176209109,1.000000000000014,16.792248300624447,-15.51046412708267,150.52797870992396
153.1046218770054,22.95835365542206,1.000000000000014,16.791805613687487,-15.512404787187439,150.77538676597058
153.11536164955584,22.956593552851103,1.000000000000014,16.791362562946865,-15.514345807187713,151.0231548938035
153.12610102219546,22.954831453811313,1.0000000000000144,16.790919149059906,-15.51628718820576,151.27128337315318
153.13683999446937,22.95306735773588,1.0000000000000144,16.790475372683574,-15.518228931364101,151.51977248375047
153.14757856592254,22.951301264058063,1.0000000000000142,16.790031234474515,-15.520171037785447,151.7686225053262
153.15831673609986,22.94953317221121,1.0000000000000142,16.78958673508907,-15.522113508592698,152.01783371761067
153.16905450454615,22.947763081628757,1.0000000000000142,16.789141875183205,-15.524056344909006,152.26740640033495
153.1797918708061,22.945990991744218,1.0000000000000142,16.788696655412593,-15.525999547857708,152.51734083322958
153.1905288344243,22.944216901991194,1.0000000000000142,16.788251076432594,-15.52794311856237,152.76763729602513
153.20126539494524,22.94244081180337,1.0000000000000144,16.787805138898182,-15.529887058146747,153.01829606845257
153.21200155191335,22.940662720614515,1.0000000000000142,16.787358843464055,-15.531831367734839,153.26931743024235
153.22273730487294,22.938882627858487,1.0000000000000144,16.78691219078455,-15.533776048450827,153.5207016611253
153.23347265336815,22.937100532969204,1.0000000000000144,16.78646518151373,-15.53572110141911,153.77244904083184
153.2442075969432,22.935316435380713,1.0000000000000144,16.786017816305247,-15.537666527764328,154.0245598490931
153.25494213514204,22.933530334527106,1.0000000000000144,16.785570095812474,-15.539612328611286,154.27703436563948
153.26567626750864,22.931742229842573,1.0000000000000144,16.785122020688473,-15.541558505085039,154.52987287020164
153.27640999358675,22.92995212076138,1.0000000000000144,16.78467359158594,-15.543505058310828,154.78307564251043
153.28714331292016,22.9281600067179,1.0000000000000144,16.784224809157262,-15.545451989414124,155.03664296229647
153.29787622505253,22.926365887146556,1.0000000000000144,16.78377567405447,-15.547399299520597,155.2905751092904
153.30860872952735,22.92456976148189,1.0000000000000144,16.78332618692933,-15.549346989756138,155.54487236322296
