galstreams/tracks/track.st.Cetus-Palca.thomas2021.ecsv
# %ECSV 0.9
# ---
# datatype:
# - {name: ra, unit: deg, datatype: float64}
# - {name: dec, unit: deg, datatype: float64}
# - {name: distance, unit: kpc, datatype: float64}
# - {name: pm_ra_cosdec, unit: mas / yr, datatype: float64}
# - {name: pm_dec, unit: mas / yr, datatype: float64}
# - {name: radial_velocity, unit: km / s, datatype: float64}
# delimiter: ','
# meta: !!omap
# - __serialized_columns__:
#     dec:
#       __class__: astropy.coordinates.angles.Latitude
#       unit: &id001 !astropy.units.Unit {unit: deg}
#       value: !astropy.table.SerializedColumn {name: dec}
#     distance:
#       __class__: astropy.coordinates.distances.Distance
#       unit: !astropy.units.Unit {unit: kpc}
#       value: !astropy.table.SerializedColumn {name: distance}
#     pm_dec:
#       __class__: astropy.units.quantity.Quantity
#       unit: !astropy.units.Unit {unit: mas / yr}
#       value: !astropy.table.SerializedColumn {name: pm_dec}
#     pm_ra_cosdec:
#       __class__: astropy.units.quantity.Quantity
#       unit: !astropy.units.Unit {unit: mas / yr}
#       value: !astropy.table.SerializedColumn {name: pm_ra_cosdec}
#     ra:
#       __class__: astropy.coordinates.angles.Longitude
#       unit: *id001
#       value: !astropy.table.SerializedColumn {name: ra}
#       wrap_angle: !astropy.coordinates.Angle
#         unit: *id001
#         value: 360.0
#     radial_velocity:
#       __class__: astropy.units.quantity.Quantity
#       unit: !astropy.units.Unit {unit: km / s}
#       value: !astropy.table.SerializedColumn {name: radial_velocity}
# schema: astropy-2.0
ra,dec,distance,pm_ra_cosdec,pm_dec,radial_velocity
[from data line 6960]
20.602903934690872,-0.12763470418844408,32.67970467821438,0.7078678606473913,-0.49332791702198375,1.3223235883627656e-14
20.600641832774297,-0.11790517367967315,32.678509193130914,0.7078575166636697,-0.4932128671733326,1.842042809659574e-15
20.598379739139133,-0.1081756415524495,32.677313264095304,0.7078472009553758,-0.49309773322328715,1.1002916425555849e-14
20.596117653695917,-0.09844610781287673,32.67611689102498,0.7078369135239182,-0.49298251516273306,3.601851565316488e-15
20.593855576355217,-0.08871657246708917,32.67492007383737,0.7078266543707027,-0.4928672129825551,1.4999491450085103e-14
20.591593507027575,-0.07898703552118802,32.67372281244988,0.707816423497132,-0.4927518266736365,9.539150264308509e-15
20.589331445623554,-0.0692574969812695,32.672525106779965,0.7078062209046053,-0.4926363562268585,1.0986469614755316e-14
20.58706939205371,-0.05952795685347225,32.67132695674502,0.7077960465945192,-0.49252080163310147,1.4687002044874995e-14
20.5848073462286,-0.04979841514389186,32.67012836226248,0.7077859005682667,-0.49240516288324443,1.7310268367559837e-14
20.582545308058783,-0.04006887185862531,32.66892932324977,0.7077757828272377,-0.49228943996816443,1.3371257180832444e-14
20.58028327745482,-0.03033932700380977,32.667729839624315,0.7077656933728185,-0.49217363287873717,2.624911003764893e-14
20.578021254327275,-0.020609780585539576,32.66652991130353,0.7077556322063936,-0.4920577416058375,2.348604582315957e-14
20.57575923858671,-0.010880232609908986,32.66532953820483,0.7077455993293423,-0.4919417661403377,1.198561337088763e-14
20.573497230143687,-0.0011506830830549802,32.66412872024567,0.7077355947430426,-0.4918257064731096,1.1271462008158283e-14
20.571235228908783,0.008578867988927385,32.66292745734344,0.707725618448868,-0.4917095625950233,2.552133865972539e-14
20.568973234792548,0.018308420599945315,32.66172574941559,0.7077156704481897,-0.4915933344969471,2.1064252932781243e-14
20.566711247705562,0.028037974743863915,32.66052359637952,0.7077057507423749,-0.49147702216974903,6.751415833618349e-15
20.56444926755839,0.0377675304146033,32.65932099815268,0.7076958593327883,-0.4913606256042935,6.62806475261436e-15
20.562187294261616,0.047497087606028124,32.658117954652475,0.7076859962207908,-0.4912441447914455,1.321501247822739e-14
20.5599253277258,0.05722664631204947,32.65691446579632,0.7076761614077409,-0.49112757972206783,2.5541897173226058e-14
20.557663367861508,0.06695620652657182,32.65571053150166,0.7076663548949935,-0.4910109303870216,1.462121480167287e-14
20.555401414579336,0.0766857682434658,32.654506151685915,0.7076565766838998,-0.4908941967771668,1.0624639777143614e-14
20.55313946778984,0.08641533145663674,32.65330132626651,0.7076468267758085,-0.4907773788833614,-1.1512767560372337e-16
20.5508775274036,0.09614489615999403,32.65209605516084,0.7076371051720651,-0.49066047669646334,3.634745186917552e-15
20.548615593331206,0.10587446234741,32.65089033828636,0.707627411874012,-0.49054349020732757,1.1167384533561168e-14
20.54635366548323,0.11560403001278825,32.64968417556049,0.7076177468829872,-0.49042641940680826,2.437417360638829e-14
20.544091743770245,0.12533359915004275,32.64847756690063,0.7076081102003272,-0.490309264285758,1.437451263966489e-14
20.54182982810284,0.13506316975304153,32.64727051222423,0.7075985018273642,-0.4901920248350281,1.3190342262026592e-14
20.539567918391594,0.14479274181569474,32.64606301144872,0.7075889217654268,-0.49007470104546774,6.447149833808509e-15
20.53730601454709,0.15452231533191807,32.64485506449148,0.7075793700158426,-0.4899572929079263,6.97344777942553e-15
20.535044116479916,0.16425189029557632,32.64364667126998,0.7075698465799336,-0.48983980041324954,1.3157448640425528e-16
20.53278222410065,0.1739814667005835,32.64243783170161,0.7075603514590201,-0.48972222355228345,1.3223235883627656e-14
20.530520337319885,0.1837110445408525,32.64122854570381,0.707550884654418,-0.48960456231587174,1.4703448855675528e-14
20.5282584560482,0.19344062381025548,32.64001881319401,0.7075414461674407,-0.48948681669485694,4.30906442973936e-15
20.52599658019619,0.2031702045027143,32.638808634089635,0.7075320359993984,-0.48936898668007967,2.5459663119223398e-14
20.52373470967444,0.21289978661210773,32.63759800830808,0.7075226541515987,-0.4892510722623804,1.756519393496808e-14
20.521472844393536,0.2226293701323475,32.636386935766794,0.7075133006253443,-0.48913307343259643,1.6479704422132975e-14
20.51921098426407,0.2323589550573458,32.63517541638319,0.7075039754219367,-0.4890149901815648,1.1249618587563827e-14
20.516949129196643,0.24208854138097538,32.633963450074695,0.7074946785426723,-0.4888968225001206,1.0723320641946805e-14
20.514687279101835,0.2518181290971545,32.63275103675874,0.7074854099888457,-0.4887785703790975,1.1644342046776592e-14
20.512425433890247,0.26154771819979455,32.631538176352734,0.7074761697617478,-0.48866023380932794,1.7762555664574464e-14
20.510163593472466,0.27127730868277206,32.63032486877411,0.707466957862666,-0.4885418127816428,1.394689555885106e-14
20.50790175775909,0.28100690054000405,32.62911111394029,0.7074577742928851,-0.4884233072868714,-1.7104683232553186e-15
20.505639926660706,0.2907364937654026,32.62789691176869,0.7074486190536865,-0.4883047173158417,1.6117874584521274e-14
20.50337810008792,0.3004660883528472,32.62668226217674,0.7074394921463477,-0.4881860428593801,1.2960086910819146e-14
20.501116277951333,0.3101956842962522,32.62546716508187,0.7074303935721439,-0.4880672839083117,1.0591746155542551e-14
20.498854460161525,0.3199252815895392,32.624251620401495,0.7074213233323472,-0.48794844045346025,1.335481037003191e-14
20.496592646629104,0.3296548802265786,32.623035628053046,0.7074122814282249,-0.4878295124856476,2.170979025670212e-15
20.494330837264677,0.33938448020129086,32.62181918795394,0.7074032678610432,-0.4877104999956946,1.92756622582234e-14
20.492069031978822,0.3491140815075957,32.620602300021595,0.7073942826320637,-0.48759140297442033,9.736511993914891e-15
20.489807230682164,0.3588436841393675,32.619384964173435,0.7073853257425453,-0.4874722214126427,2.2499237175127655e-14
20.48754543328527,0.36857328809054457,32.6181671803269,0.7073763971937438,-0.48735295530117795,4.473532537744679e-15
20.48528363969878,0.37830289335499817,32.616948948399404,0.7073674969869106,-0.4872336046308408,7.1050222658297854e-15
20.483021849833268,0.3880324999266516,32.61573026830837,0.707358625123296,-0.4871141693924451,4.670894267351062e-15
20.48076006359934,0.39776210779942706,32.61451113997121,0.7073497816041453,-0.48699464957680216,-8.552341616276593e-16
20.478498280907615,0.4074917169671998,32.61329156330537,0.7073409664307013,-0.48687504517472324,1.5394214909297868e-14
20.476236501668676,0.417221327423893,32.61207153822826,0.7073321796042037,-0.4867553561770167,1.4210044531659571e-14
20.473974725793134,0.42695093916342625,32.61085106465731,0.7073234211258881,-0.48663558257448974,8.683916102680848e-15
20.471712953191602,0.4366805521796791,32.609630142509936,0.7073146909969881,-0.48651572435794976,1.032859718273404e-14
20.46945118377467,0.4464101664665745,32.608408771703566,0.7073059892187334,-0.4863957815182008,3.289362160106382e-15
20.46718941745295,0.456139782018038,32.60718695215561,0.7072973157923509,-0.4862757540460459,2.197293922951063e-14
20.46492765413705,0.4658693988279472,32.60596468378351,0.7072886707190632,-0.48615564193228716,5.920851888191488e-15
20.462665893737572,0.4755990168902227,32.60474196650468,0.7072800540000912,-0.48603544516772457,1.2236427235595742e-14
20.46040413616512,0.4853286361987956,32.60351880023655,0.7072714656366513,-0.48591516374315674,1.2368001721999996e-14
20.45814238133031,0.49505825674753784,32.60229518489655,0.707262905629957,-0.48579479764938166,6.578724320212764e-16
20.455880629143742,0.5047878785303824,32.60107112040208,0.7072543739812193,-0.48567434687719513,1.1315405830765954e-14
20.453618879516018,0.5145175015412473,32.59984660667059,0.7072458706916452,-0.48555381141739096,1.6578385286936164e-14
20.451357132357753,0.5242471257740214,32.598621643619474,0.7072373957624385,-0.4854331912607631,1.0262809939531913e-14
20.449095387579558,0.5339767512226231,32.59739623116619,0.7072289491948004,-0.48531248639810265,1.0262809939531913e-14
20.446833645092028,0.5437063778809804,32.596170369228126,0.707220530989928,-0.4851916968201996,4.210383564936169e-15
20.444571904805787,0.5534360057429811,32.59494405772273,0.7072121411490158,-0.485070822517843,1.394689555885106e-14
20.44231016663143,0.5631656348025609,32.59371729656743,0.7072037796732542,-0.48494986348181957,1.171012928997872e-14
20.440048430479578,0.5728952650536059,32.592490085679614,0.7071954465638324,-0.4848288197029155,9.999660966723401e-15
20.437786696260833,0.582624896490038,32.591262424976755,0.7071871418219337,-0.48470769117191476,8.552341616276594e-15
20.435524963885808,0.5923545291057969,32.59003431437624,0.7071788654487401,-0.4845864778796,1.0789107885148933e-14
20.43326323326511,0.6020841628947573,32.5888057537955,0.7071706174454295,-0.4844651798167533,8.815490589085104e-15
20.431001504309343,0.6118137978508487,32.58757674315197,0.7071623978131767,-0.4843437969741538,1.0789107885148933e-14
20.428739776929124,0.6215434339679988,32.58634728236306,0.7071542065531533,-0.48422232934257986,5.1314049697659564e-15
20.426478051035065,0.6312730712400988,32.5851173713462,0.7071460436665279,-0.48410077691280934,1.1841703776382976e-14
20.42421632653777,0.6410027096610735,32.58388701001881,0.7071379091544658,-0.48397913967561706,8.683916102680848e-15
20.42195460334785,0.650732349224853,32.582656198298324,0.7071298030181284,-0.4838574176217771,1.2631150694808506e-14
20.419692881375916,0.6604619899253282,32.58142493610215,0.7071217252586748,-0.4837356107420624,-1.9736172960638294e-15
20.417431160532587,0.6701916317564202,32.58019322334773,0.70711367587726,-0.4836137190272439,7.1050222658297854e-15
20.41516944072846,0.6799212747120679,32.57896105995247,0.7071056548750366,-0.4834917424680914,1.3420597613234039e-14
20.412907721874152,0.6896509187861565,32.5777284458338,0.7070976622531533,-0.48336968105537303,3.815660105723403e-15
20.410646003880263,0.6993805639726197,32.57649538090914,0.7070896980127561,-0.4832475347798556,8.815490589085104e-15
20.408384286657416,0.7091102102653806,32.57526186509592,0.7070817621549869,-0.4831253036323042,4.73668151055319e-15
20.406122570116217,0.7188398576583394,32.57402789831156,0.7070738546809849,-0.48300298760348315,-8.815490589085104e-15
20.403860854167277,0.7285695061454281,32.57279348047349,0.7070659755918863,-0.4828805866841543,1.1315405830765954e-14
20.401599138721206,0.7382991557205523,32.57155861149912,0.7070581248888244,-0.48275810086507914,1.11838313443617e-14
20.399337423688607,0.7480288063776369,32.57032329130589,0.7070503025729274,-0.4826355301370169,1.3025874154021273e-14
20.397075708980097,0.7577584581106143,32.56908751981121,0.7070425086453223,-0.4825128744907251,1.9736172960638293e-14
20.394813994506286,0.7674881109133778,32.567851296932496,0.707034743107132,-0.48239013391696134,1.9604598474234038e-14
20.392552280177778,0.7772177647798557,32.56661462258721,0.7070270059594754,-0.48226730840647974,1.0131235453127657e-14
20.390290565905186,0.7869474197039901,32.56537749669272,0.7070192972034702,-0.48214439795003444,7.236596752234041e-15
20.38802885159912,0.7966770756796667,32.56413991916649,0.7070116168402284,-0.4820214025383775,1.6446810800531912e-14
20.385767137170184,0.8064067327008224,32.562901889925946,0.7070039648708605,-0.4818983221622594,1.2104852749191486e-14
20.383505422528987,0.8161363907613914,32.561663408888485,0.7069963412964729,-0.4817751568124296,1.1578554803574466e-14
20.381243707586147,0.8258660498552651,32.560424475971544,0.7069887461181692,-0.4816519064796361,1.6578385286936164e-14
20.378981992252267,0.8355957099763847,32.559185091092544,0.7069811793370493,-0.4815285711546252,1.1578554803574466e-14
20.376720276437943,0.8453253711186794,32.55794525416892,0.7069736409542103,-0.48140515082814067,7.1050222658297854e-15
20.374458560053803,0.8550550332760452,32.55670496511808,0.7069661309707456,-0.4812816454909275,8.157618157063828e-15
20.372196843010446,0.8647846964424205,32.55546422385745,0.7069586493877459,-0.4811580551337269,1.5525789395702124e-14
20.369935125218465,0.8745143606117389,32.55422303030447,0.7069511962062978,-0.4810343797472789,9.999660966723401e-15
20.36767340658849,0.8842440257778992,32.55298138437653,0.7069437714274857,-0.48091061932232354,1.723625771895744e-14
20.36541168703111,0.8939736919348494,32.551739285991076,0.7069363750523896,-0.48078677384959767,1.7762555664574464e-14
20.363149966456938,0.9037033590764831,32.55049673506555,0.7069290070820868,-0.4806628433198374,1.3683746586042549e-14
20.36088824477658,0.9134330271967447,32.54925373151733,0.7069216675176518,-0.48053882772377765,-1.7104683232553186e-15
20.358626521900636,0.9231626962895686,32.54801027526387,0.7069143563601552,-0.48041472705215144,6.052426374595743e-15
20.356364797739715,0.9328923663488515,32.546766366222606,0.7069070736106642,-0.48029054129569,1.1578554803574466e-14
20.354103072204424,0.9426220373685311,32.54552200431093,0.7068998192702431,-0.4801662704451244,1.4999491450085103e-14
20.351841345205358,0.9523517093425491,32.544277189446284,0.7068925933399534,-0.48004191449118283,1.2104852749191486e-14
20.349579616653127,0.9620813822648038,32.543031921546074,0.7068853958208519,-0.4799174734245929,1.5788938368510635e-14
20.34731788645833,0.9718110561292304,32.541786200527746,0.7068782267139935,-0.4797929472360808,1.6578385286936164e-14
20.345056154531566,0.981540730929774,32.54054002630871,0.7068710860204295,-0.47966833591636987,1.842042809659574e-14
20.34279442078345,0.9912704066603316,32.53929339880639,0.7068639737412071,-0.4795436394561839,1.2894299667617018e-14
20.340532685124572,1.0010000833148422,32.53804631793823,0.7068568898773714,-0.4794188578462441,2.5525450362425525e-14
20.338270947465524,1.0107297608872465,32.53679878362161,0.7068498344299639,-0.47929399107727044,1.2631150694808506e-14
20.336009207716927,1.0204594393714495,32.53555079577399,0.7068428074000219,-0.4791690391399814,1.394689555885106e-14
20.33374746578936,1.0301891187613879,32.53430235431279,0.7068358087885809,-0.4790440020250941,8.683916102680848e-15
20.331485721593438,1.039918799051,32.53305345915542,0.7068288385966719,-0.4789188797233244,1.9473023987829782e-14
20.32922397503975,1.0496484802341965,32.531804110219305,0.7068218968253233,-0.478793672225386,9.999660966723401e-15
20.326962226038898,1.059378162304911,32.53055430742189,0.7068149834755599,-0.4786683795219917,8.683916102680848e-15
20.32470047450147,1.0691078452570917,32.52930405068056,0.7068080985484035,-0.478543001603853,8.420767129872338e-15
20.32243872033807,1.0788375290846364,32.52805333991277,0.7068012420448722,-0.47841753846167917,1.1578554803574466e-14
20.320176963459286,1.088567213781504,32.52680217503595,0.7067944139659812,-0.4782919900861785,2.2104513715914887e-14
20.31791520377572,1.0982968993415985,32.525550555967484,0.7067876143127423,-0.4781663564680584,1.7894130150978717e-14
20.31565344119796,1.1080265857588611,32.524298482624836,0.706780843086164,-0.4780406375980238,9.999660966723401e-15
20.313391675636602,1.1177562730272357,32.5230459549254,0.7067741002872512,-0.4779148334667784,9.999660966723401e-15
20.311129907002236,1.1274859611406303,32.52179297278661,0.7067673859170065,-0.47778894406502526,5.526128428978722e-15
20.308868135205454,1.1372156500929853,32.520539536125895,0.7067606999764283,-0.4776629693834645,4.210383564936169e-15
20.306606360156845,1.1469453398782414,32.51928564486068,0.7067540424665114,-0.4775369094127961,1.3683746586042549e-14
20.304344581767,1.1566750304903153,32.518031298908376,0.7067474133882488,-0.47741076414371814,1.3157448640425528e-14
20.30208279994651,1.166404721923143,32.51677649818642,0.7067408127426282,-0.477284533566927,1.2104852749191486e-14
