galstreams/tracks/track.st.Jet.ferguson2022.ecsv
# %ECSV 0.9
# ---
# datatype:
# - {name: ra, unit: deg, datatype: float64}
# - {name: dec, unit: deg, datatype: float64}
# - {name: distance, unit: kpc, datatype: float64}
# - {name: pm_ra_cosdec, unit: mas / yr, datatype: float64}
# - {name: pm_dec, unit: mas / yr, datatype: float64}
# - {name: radial_velocity, unit: km / s, datatype: float64}
# delimiter: ','
# meta: !!omap
# - __serialized_columns__:
#     dec:
#       __class__: astropy.coordinates.angles.Latitude
#       unit: &id001 !astropy.units.Unit {unit: deg}
#       value: !astropy.table.SerializedColumn {name: dec}
#     distance:
#       __class__: astropy.coordinates.distances.Distance
#       unit: !astropy.units.Unit {unit: kpc}
#       value: !astropy.table.SerializedColumn {name: distance}
#     pm_dec:
#       __class__: astropy.units.quantity.Quantity
#       unit: !astropy.units.Unit {unit: mas / yr}
#       value: !astropy.table.SerializedColumn {name: pm_dec}
#     pm_ra_cosdec:
#       __class__: astropy.units.quantity.Quantity
#       unit: !astropy.units.Unit {unit: mas / yr}
#       value: !astropy.table.SerializedColumn {name: pm_ra_cosdec}
#     ra:
#       __class__: astropy.coordinates.angles.Longitude
#       unit: *id001
#       value: !astropy.table.SerializedColumn {name: ra}
#       wrap_angle: !astropy.coordinates.Angle
#         unit: *id001
#         value: 360.0
#     radial_velocity:
#       __class__: astropy.units.quantity.Quantity
#       unit: !astropy.units.Unit {unit: km / s}
#       value: !astropy.table.SerializedColumn {name: radial_velocity}
# schema: astropy-2.0
ra,dec,distance,pm_ra_cosdec,pm_dec,radial_velocity
[from data line 270]
130.63374922452832,-32.10833328448587,33.24761923982993,-0.2925409148134024,-1.1053460553030214,6.635513973736623e-09
130.63997096588093,-32.09963974011562,33.2468353365144,-0.29281278581895565,-1.1056669677299873,6.620659740519528e-09
130.64619308507977,-32.090947049734986,33.246048594737395,-0.293084566555428,-1.1059878485796102,6.605805507302434e-09
130.6524155819205,-32.08225521288808,33.24525901650616,-0.29335625717204994,-1.1063086978118977,6.591001798688118e-09
130.65863845619904,-32.07356422911905,33.244466603827924,-0.2936278578180652,-1.1066295153868797,6.576164407005283e-09
130.66486170771122,-32.06487409797218,33.24367135870993,-0.29389936864272864,-1.1069503012646094,6.561394381459487e-09
130.67108533625304,-32.05618481899184,33.242873283159405,-0.29417078979530786,-1.1072710554051641,6.5465569897766515e-09
130.67730934162037,-32.04749639172251,33.24207237918358,-0.2944421214250837,-1.107591777768643,6.531803805765115e-09
130.68353372360937,-32.03880881570871,33.241268648789706,-0.29471336368134604,-1.1079124683151678,6.517067463287839e-09
130.68975848201603,-32.0301220904952,33.24046209398501,-0.2949845167134022,-1.108233127004885,6.502331120810562e-09
130.69598361663654,-32.0214362156267,33.23965271677672,-0.2952555806705661,-1.108553753797963,6.487611619867545e-09
130.70220912726705,-32.012751190648075,33.23884051917208,-0.2955265557021681,-1.1088743486545947,6.472976326595827e-09
130.70843501370382,-32.00406701510429,33.23802550317831,-0.29579744195754826,-1.1091949115349942,6.45829050872133e-09
130.7146612757431,-31.99538368854039,33.237207670802654,-0.29606823958606043,-1.1095154423994003,6.443604690846832e-09
130.7208879131813,-31.98670121050156,33.236387024052355,-0.2963389487370689,-1.1098359412080732,6.4289693975751144e-09
130.72711492581476,-31.97801958053305,33.23556356493463,-0.29660956955995166,-1.1101564079212987,6.4143341043033966e-09
130.73334231343992,-31.969338798180214,33.23473729545674,-0.29688010220409833,-1.1104768424993838,6.3997493356344574e-09
130.73957007585327,-31.960658862988513,33.2339082176259,-0.2971505468189097,-1.110797244902659,6.385164566965518e-09
130.74579821285133,-31.951979774503496,33.23307633344935,-0.29742090355380046,-1.1111176150914783,6.370596639830839e-09
130.75202672423075,-31.943301532270773,33.232241644934305,-0.2976911725581962,-1.11143795302622,6.35606239576468e-09
130.75825560978808,-31.934624135836184,33.23140415408804,-0.297961353981534,-1.1117582586672814,6.34151131016426e-09
130.76448486932006,-31.92594758474554,33.23056386291776,-0.29823144797326573,-1.1120785319750888,6.32701074916662e-09
130.77071450262338,-31.91727187854478,33.2297207734307,-0.29850145468285205,-1.1123987729100875,6.3124933466347205e-09
130.77694450949483,-31.908597016779982,33.22887488763411,-0.2987713742597671,-1.1127189814327467,6.298043310239859e-09
130.78317488973127,-31.899922998997237,33.22802620753522,-0.299041206853498,-1.113039157503561,6.283542749242219e-09
130.78940564312958,-31.891249824742857,33.227174735141276,-0.2993109526135415,-1.1133593010830443,6.269143237450137e-09
130.79563676948663,-31.882577493563133,33.22632047245948,-0.2995806116894095,-1.1136794121317375,6.254659517986757e-09
130.80186826859946,-31.873906005004546,33.22546342149708,-0.2998501842306227,-1.113999490610203,6.240327372331714e-09
130.80810014026508,-31.865235358613607,33.22460358426133,-0.3001196703867162,-1.114319536479026,6.225894177471113e-09
130.81433238428056,-31.85656555393698,33.22374096275944,-0.30038907030723594,-1.1146395496988157,6.2115115072132915e-09
130.82056500044303,-31.847896590521355,33.22287555899867,-0.30065838414173957,-1.1149595302302042,6.197128836955469e-09
130.82679798854963,-31.839228467913667,33.222007374986234,-0.3009276120397976,-1.1152794780338464,6.182796691300427e-09
130.83303134839758,-31.830561185660805,33.22113641272937,-0.3011967541509928,-1.115599393070422,6.1684982287139034e-09
130.83926507978418,-31.8218947433098,33.220262674235336,-0.3014658106249174,-1.1159192753006313,6.15419976612738e-09
130.8454991825067,-31.8132291404078,33.219386161511316,-0.3017347816111789,-1.116239124685201,6.1399013035408565e-09
130.8517336563625,-31.80456437650204,33.2185068765646,-0.3020036672593948,-1.1165589411848786,6.125636524022853e-09
130.85796850114903,-31.795900451139847,33.217624821402396,-0.302272467719194,-1.1168787247604355,6.111371744504849e-09
130.8642037166637,-31.78723736386866,33.21673999803193,-0.3025411831402188,-1.1171984753726671,6.097123806521105e-09
130.87043930270403,-31.778575114236023,33.215852408460464,-0.3028098136721228,-1.1175181929823914,6.082926393140141e-09
130.87667525906758,-31.769913701789562,33.21496205469521,-0.30307835946456996,-1.117837877550449,6.068728979759176e-09
130.8829115855519,-31.761253126076998,33.2140689387434,-0.30334682066723895,-1.1181575290377053,6.054531566378211e-09
130.88914828195473,-31.752593386646147,33.21317306261229,-0.3036151974298176,-1.1184771474050481,6.040384677600026e-09
130.89538534807363,-31.743934483045013,33.2122744283091,-0.30388348990200764,-1.1187967326133883,6.02622094728758e-09
130.90162278370642,-31.73527641482157,33.21137303784108,-0.30415169823352134,-1.1191162846236606,6.012107741577914e-09
130.90786058865083,-31.726619181523965,33.21046889321545,-0.30441982257408273,-1.1194358033968228,5.9979608527997285e-09
130.91409876270473,-31.717962782700432,33.209561996439426,-0.3046878630734281,-1.1197552888938556,5.983881330158582e-09
130.92033730566595,-31.7093072178993,33.208652349520285,-0.30495581988130605,-1.1200747410757639,5.969869173654475e-09
130.92657621733247,-31.700652486668975,33.20773995446524,-0.3052236931474755,-1.120394159903575,5.955755967944809e-09
130.93281549750216,-31.69199858855801,33.20682481328153,-0.30549148302170837,-1.1207135453383401,5.9417101283721815e-09
130.93905514597313,-31.683345523115037,33.20590692797637,-0.3057591896537877,-1.1210328973411336,5.927697971868074e-09
130.94529516254337,-31.674693289888765,33.20498630055703,-0.3060268131935082,-1.121352215873052,5.913719498432486e-09
130.9515355470111,-31.666041888427987,33.20406293303072,-0.3062943537906765,-1.1216715008952178,5.899673658859859e-09
130.9577762991743,-31.657391318281725,33.203136827404684,-0.3065618115951113,-1.1219907523687742,5.885712026958531e-09
130.96401741883125,-31.64874157899895,33.20220798568615,-0.3068291867566424,-1.1223099702548893,5.871750395057202e-09
130.97025890578013,-31.640092670128805,33.20127640988237,-0.30709647942511187,-1.122629154514754,5.857839287758653e-09
130.97650075981932,-31.631444591220507,33.20034210200055,-0.30736368975037226,-1.122948305109582,5.843894497391585e-09
130.98274298074708,-31.62279734182338,33.199405064047944,-0.3076308178822888,-1.1232674220006114,5.829983390093035e-09
130.98898556836178,-31.614150921486857,33.19846529803179,-0.3078978639707393,-1.1235865051491034,5.816105965863006e-09
130.99522852246187,-31.60550532976047,33.19752280595931,-0.30816482816561036,-1.1239055545163419,5.802228541632976e-09
131.0014718428458,-31.596860566193836,33.196577589837744,-0.30843171061680286,-1.1242245700636349,5.7884016420057255e-09
131.00771552931207,-31.588216630336678,33.19562965167433,-0.3086985114742278,-1.124543551752313,5.774557900844216e-09
131.01395958165926,-31.57957352173883,33.1946789934763,-0.30896523088780836,-1.124862499543731,5.760697318148446e-09
131.02020399968595,-31.570931239950188,33.193725617250884,-0.3092318690074791,-1.1251814133992668,5.7468872600554554e-09
131.02644878319072,-31.562289784520853,33.19276952500534,-0.3094984259831869,-1.1255002932803206,5.733127726565244e-09
131.03269393197232,-31.5536491550009,33.19181071874688,-0.3097649019648885,-1.125819139148318,5.719334510006513e-09
131.03893944582944,-31.54500935094057,33.19084920048274,-0.31003129710255406,-1.126137950964707,5.705625501119081e-09
131.04518532456092,-31.536370371890193,33.18988497222015,-0.3102976115461638,-1.1264567286909588,5.69184912609461e-09
131.05143156796544,-31.527732217400185,33.18891803596636,-0.31056384544571103,-1.1267754722885674,5.6781906418099566e-09
131.057678175842,-31.519094887021083,33.1879483937286,-0.31082999895119895,-1.1270941817190518,5.664464791388264e-09
131.0639251479894,-31.510458380303508,33.186976047514094,-0.3110960722126423,-1.1274128569439528,5.650789465569352e-09
131.07017248420667,-31.501822696798207,33.18600099933009,-0.3113620653800689,-1.1277314979248356,5.637164664353219e-09
131.07642018429272,-31.493187836055966,33.18502325118382,-0.31162797860351643,-1.1280501046232883,5.623438813931527e-09
131.08266824804662,-31.48455379762776,33.18404280508252,-0.3118938120330348,-1.1283686770009234,5.609847695783913e-09
131.0889166752675,-31.475920581064567,33.18305966303342,-0.312159565818685,-1.1286872150193759,5.596222894567779e-09
131.09516546575435,-31.467288185917592,33.182073827043766,-0.3124252401105406,-1.1290057186403033,5.582665459488685e-09
131.1014146193064,-31.458656611738007,33.18108529912077,-0.3126908350586848,-1.1293241878253888,5.569074341341071e-09
131.10766413572287,-31.45002585807718,33.18009408127168,-0.31295635081321277,-1.1296426225363372,5.5555169062619765e-09
131.11391401480296,-31.44139592448651,33.17910017550375,-0.31322178752423246,-1.1299610227348778,5.541942629648622e-09
131.120164256346,-31.432766810517563,33.178103583824175,-0.31348714534186073,-1.1302793883827624,5.528418877638047e-09
131.12641486015127,-31.424138515721943,33.17710430824022,-0.31375242441622847,-1.130597719441768,5.5149288086959915e-09
131.13266582601818,-31.415511039651392,33.17610235075911,-0.3140176248974758,-1.1309160158736924,5.501438739753936e-09
131.13891715374612,-31.406884381857743,33.17509771338808,-0.3142827469357553,-1.131234277640359,5.4879149877433616e-09
131.14516884313457,-31.39825854189294,33.174090398134354,-0.3145477906812306,-1.1315525047036132,5.474492284938344e-09
131.15142089398302,-31.389633519309015,33.173080407005195,-0.3148127562840765,-1.1318706970253252,5.461086423667588e-09
131.15767330609103,-31.381009313658037,33.17206774200781,-0.315077643894479,-1.1321888545673882,5.447630037794052e-09
131.16392607925815,-31.372385924492367,33.17105240514945,-0.31534245366263625,-1.132506977291718,5.434224176523295e-09
131.17017921328394,-31.363763351364273,33.170034398437345,-0.31560718573875757,-1.1328250651602556,5.420835156786798e-09
131.1764327079682,-31.355141593826207,33.16901372387873,-0.3158718402730616,-1.1331431181349632,5.407412453981782e-09
131.1826865631105,-31.346520651430705,33.16799038348084,-0.3161364174157808,-1.1334611361778282,5.394090800382324e-09
131.1889407785107,-31.337900523730408,33.1669643792509,-0.31640091731715775,-1.1337791192508617,5.380769146782866e-09
131.1951953539685,-31.329281210278065,33.16593571319616,-0.31666534012744585,-1.1340970673160955,5.367481176251927e-09
131.2014502892838,-31.320662710626493,33.164904387323844,-0.31692968599690996,-1.1344149803355892,5.354142681118209e-09
131.20770558425642,-31.31204502432867,33.16387040364119,-0.3171939550758278,-1.1347328582714233,5.34088839365579e-09
131.2139612386863,-31.303428150937602,33.162833764155444,-0.3174581475144844,-1.135050701085701,5.327583581590592e-09
131.22021725237335,-31.29481209000646,33.161794470873815,-0.3177222634631809,-1.1353685087405512,5.314329294128173e-09
131.22647362511762,-31.286196841088447,33.16075252580357,-0.31798630307222553,-1.135686281198124,5.301108689734273e-09
131.2327303567191,-31.277582403736986,33.15970793095191,-0.31825026649194016,-1.1360040184205957,5.287854402271854e-09
131.23898744697783,-31.268968777505496,33.1586606883261,-0.3185141538726566,-1.1363217203701632,5.2746674809464744e-09
131.24524489569396,-31.26035596194751,33.15761079993336,-0.31877796536471836,-1.136639387009049,5.261463718086834e-09
131.25150270266766,-31.25174395661669,33.156558267780916,-0.31904170111847924,-1.1369570182994984,5.2482767967614545e-09
131.25776086769912,-31.24313276106679,33.15550309387602,-0.319305361284306,-1.1372746142037817,5.235157241573113e-09
131.26401939058852,-31.234522374851647,33.154445280225914,-0.31956894601257363,-1.1375921746841877,5.221987161781993e-09
131.27027827113616,-31.22591279752524,33.1533848288378,-0.31983245545367134,-1.1379096997030353,5.208884448127912e-09
131.27653750914237,-31.217304028641607,33.15232174171894,-0.3200958897579969,-1.138227189222663,5.19576489293957e-09
131.28279710440748,-31.208696067754914,33.151256020876566,-0.32035924907596103,-1.138544643205434,5.182679020819748e-09
131.2890570567319,-31.20008891441941,33.1501876683179,-0.32062253355798387,-1.1388620616137344,5.1696099902341865e-09
131.29531736591605,-31.191482568189436,33.149116686050185,-0.32088574335449727,-1.1391794444099745,5.156557801182885e-09
131.30157803176039,-31.182877028619505,33.148043076080654,-0.32114887861594504,-1.1394967915565877,5.143522453665842e-09
131.30783905406543,-31.174272295264164,33.14696684041653,-0.3214119394927808,-1.139814103016031,5.1305207892173194e-09
131.31410043263168,-31.16566836767806,33.14588798106507,-0.32167492613546955,-1.1401313787507852,5.1175191247687965e-09
131.3203621672598,-31.157065245415975,33.1448065000335,-0.3219378386944871,-1.140448618723354,5.104551143388793e-09
131.32662425775032,-31.148462928032764,33.143722399329064,-0.32220067732032054,-1.1407658228962654,5.0915831620087894e-09
131.33288670390402,-31.1398614150834,33.14263568095898,-0.32246344216346756,-1.141082991232071,5.078632022163046e-09
131.3391495055215,-31.13126070612296,33.14154634693049,-0.32272613337443745,-1.1414001236933449,5.065697723851562e-09
131.34541266240356,-31.1226608007066,33.14045439925083,-0.32298875110374914,-1.1417172202426862,5.052746584005819e-09
131.35167617435096,-31.114061698389605,33.13935983992722,-0.32325129550193443,-1.142034280842716,5.039845968762854e-09
131.35794004116448,-31.105463398727366,33.138262670966924,-0.3235137667195346,-1.14235130545608,5.0269790365884096e-09
131.36420426264507,-31.096865901275276,33.137162894377155,-0.3237761649071021,-1.1426682940454482,5.014095262879704e-09
131.37046883859352,-31.08826920558905,33.13606051216515,-0.32403849021520004,-1.1429852465735122,5.001262013773779e-09
131.3767337688108,-31.079673311224283,33.13495552633815,-0.3243007427944037,-1.143302163002988,4.988378240065074e-09
131.3829990530979,-31.071078217736787,33.1338479389034,-0.32456292279529714,-1.1436190432966158,4.975595515561928e-09
131.3892646912558,-31.06248392468244,33.1327377518681,-0.32482503036847754,-1.1439358874171592,4.962779107990262e-09
131.39553068308552,-31.05389043161722,33.13162496723952,-0.325087065664551,-1.1442526953274044,4.9500300665556355e-09
131.4017970283882,-31.04529773809721,33.130509587024875,-0.3253490288341353,-1.1445694669901623,4.937247342052489e-09
131.4080637269649,-31.036705843678618,33.12939161323141,-0.3256109200278593,-1.1448862023682664,4.924481459083603e-09
131.4143307786168,-31.028114747917726,33.12827104786635,-0.3258727393963625,-1.1452029014245757,4.911799783786015e-09
131.4205981831451,-31.01952445037093,33.12714789293694,-0.3261344870902944,-1.1455195641219698,4.899067583885649e-09
131.42686594035106,-31.010934950594727,33.12602215045042,-0.32639616326031606,-1.145836190423354,4.886335383985281e-09
131.43313405003593,-31.002346248145667,33.124893822413995,-0.3266577680570988,-1.1461527802916573,4.873670550221954e-09
131.43940251200098,-30.99375834258054,33.123762910834934,-0.32691930163132643,-1.146469333689831,4.860972033390106e-09
131.44567132604755,-30.98517123345611,33.12262941772046,-0.3271807641336908,-1.1467858505808504,4.8483577242295575e-09
131.45194049197704,-30.976584920329277,33.1214933450778,-0.32744215571489643,-1.1471023309277153,4.835726573534748e-09
131.45821000959086,-30.96799940275705,33.120354694914184,-0.32770347652565757,-1.1474187746934488,4.8231291059084595e-09
131.46447987869047,-30.959414680296533,33.11921346923688,-0.32796472671669996,-1.1477351818410957,4.810531638282171e-09
