galstreams/tracks/track.st.Phoenix.shipp2019.ecsv
# %ECSV 0.9
# ---
# datatype:
# - {name: ra, unit: deg, datatype: float64}
# - {name: dec, unit: deg, datatype: float64}
# - {name: distance, unit: kpc, datatype: float64}
# - {name: pm_ra_cosdec, unit: mas / yr, datatype: float64}
# - {name: pm_dec, unit: mas / yr, datatype: float64}
# - {name: radial_velocity, unit: km / s, datatype: float64}
# delimiter: ','
# meta: !!omap
# - __serialized_columns__:
#     dec:
#       __class__: astropy.coordinates.angles.Latitude
#       unit: &id001 !astropy.units.Unit {unit: deg}
#       value: !astropy.table.SerializedColumn {name: dec}
#     distance:
#       __class__: astropy.coordinates.distances.Distance
#       unit: !astropy.units.Unit {unit: kpc}
#       value: !astropy.table.SerializedColumn {name: distance}
#     pm_dec:
#       __class__: astropy.units.quantity.Quantity
#       unit: !astropy.units.Unit {unit: mas / yr}
#       value: !astropy.table.SerializedColumn {name: pm_dec}
#     pm_ra_cosdec:
#       __class__: astropy.units.quantity.Quantity
#       unit: !astropy.units.Unit {unit: mas / yr}
#       value: !astropy.table.SerializedColumn {name: pm_ra_cosdec}
#     ra:
#       __class__: astropy.coordinates.angles.Longitude
#       unit: *id001
#       value: !astropy.table.SerializedColumn {name: ra}
#       wrap_angle: !astropy.coordinates.Angle
#         unit: *id001
#         value: 360.0
#     radial_velocity:
#       __class__: astropy.units.quantity.Quantity
#       unit: !astropy.units.Unit {unit: km / s}
#       value: !astropy.table.SerializedColumn {name: radial_velocity}
# schema: astropy-2.0
ra,dec,distance,pm_ra_cosdec,pm_dec,radial_velocity
[from data line 1080]
26.656699552587053,-45.24359460283385,17.50000000000037,2.6922188727524903,-0.143665323698989,2.362119913559402e-09
26.660769654497816,-45.2339848051225,17.500000000000366,2.69228115336797,-0.1439336348040237,2.3122279209107997e-09
26.664836339643077,-45.22437433801493,17.50000000000036,2.6923437325751944,-0.14420227802282154,2.262172775899056e-09
26.668899609825427,-45.21476320182099,17.50000000000036,2.692406610371131,-0.14447125321557985,2.2120344758119047e-09
26.672959466846102,-45.20515139685017,17.50000000000036,2.6924697867527025,-0.1447405602426342,2.161736181149286e-09
26.677015912504885,-45.195538923411576,17.500000000000355,2.692533261716787,-0.1450101989644581,2.111318943150958e-09
26.68106894860023,-45.185925781813914,17.500000000000355,2.69259703526022,-0.14528016924166343,2.0607332898100323e-09
26.685118576929153,-45.176311972365525,17.500000000000345,2.692661107379797,-0.14555047093499746,2.0100750073526114e-09
26.68916479928727,-45.166697495374365,17.500000000000345,2.6927254780722647,-0.145821103905349,1.959223047251204e-09
26.693207617468847,-45.15708235114803,17.500000000000345,2.6927901473343283,-0.1460920680137397,1.9082931950538446e-09
26.69724703326672,-45.14746653999371,17.50000000000034,2.6928551151626543,-0.1463633631213313,1.8572201898152777e-09
26.701283048472355,-45.137850062218206,17.50000000000034,2.6929203815538596,-0.14663498908942207,1.8060208730697627e-09
26.705315664875812,-45.128232918128006,17.500000000000338,2.6929859465045243,-0.1469069457794467,1.7546794558789308e-09
26.70934488426579,-45.11861510802916,17.500000000000334,2.693051810011183,-0.14717923305297725,1.7032054116058038e-09
26.713370708429565,-45.10899663222736,17.500000000000334,2.693117972070329,-0.14745185077172127,1.6516103188051848e-09
26.71739313915305,-45.09937749102793,17.500000000000334,2.693184432678409,-0.14772479879752393,1.5998741781551403e-09
26.721412178220767,-45.0897576847358,17.50000000000033,2.693251191831836,-0.1479980769923667,1.5480033052310179e-09
26.725427827415853,-45.08013721365555,17.500000000000323,2.6933182495269747,-0.1482716852183659,1.4960208571424248e-09
26.729440088520057,-45.070516078091345,17.500000000000327,2.693385605760147,-0.14854562333777524,1.4438994663961888e-09
26.733448963313748,-45.06089427834703,17.500000000000323,2.693453260527635,-0.14881989121298395,1.3916275544375063e-09
26.73745445357592,-45.05127181472603,17.500000000000323,2.693521213825681,-0.14909448870651634,1.3392598562527213e-09
26.741456561084178,-45.04164868753142,17.50000000000032,2.693589465650483,-0.14936941568103312,1.2867605835815323e-09
26.74545528761474,-45.0320248970659,17.500000000000313,2.6936580159981993,-0.1496446719993303,1.2341318416157214e-09
26.74945063494244,-45.02240044363179,17.500000000000316,2.6937268648649413,-0.14992025752433843,1.181326263540183e-09
26.753442604840778,-45.012775327531024,17.500000000000313,2.6937960122467883,-0.15019617211912378,1.1284333200056725e-09
26.757431199081815,-45.0031495490652,17.500000000000313,2.693865458139772,-0.15047241564688846,1.075397223429954e-09
26.761416419436284,-44.993523108535506,17.50000000000031,2.6939352025398824,-0.15074898797096672,1.0222327101555052e-09
26.76539826767351,-44.98389600624281,17.500000000000306,2.6940052454430754,-0.15102588895483104,9.689271490316306e-10
26.769376745561463,-44.97426824248754,17.500000000000302,2.694075586845257,-0.1513031184620859,9.155258016816541e-10
26.773351854866725,-44.96463981756981,17.500000000000302,2.6941462267422978,-0.1515806763564706,8.619613019685361e-10
26.77732359735452,-44.95501073178936,17.5000000000003,2.694217165130028,-0.1518585625018597,8.082736485361438e-10
26.781291974788687,-44.94538098544551,17.500000000000302,2.6942884020042355,-0.15213677676226006,7.544523154255648e-10
26.785256988931696,-44.93575057883728,17.500000000000295,2.6943599373606686,-0.1524153190018144,7.004909870614515e-10
26.789218641544657,-44.926119512263256,17.50000000000029,2.6944317711950356,-0.15269418908479868,6.464265042999974e-10
26.793176934387304,-44.91648778602172,17.500000000000295,2.6945039035030036,-0.15297338687562181,5.922104477302056e-10
26.79713186921799,-44.90685540041054,17.50000000000029,2.6945763342802014,-0.15325291223882717,5.378554485027709e-10
26.801083447793722,-44.89722235572723,17.500000000000288,2.6946490635222164,-0.15353276503908977,4.833762429601706e-10
26.80503167187014,-44.887588652268946,17.500000000000284,2.6947220912245955,-0.15381294514121982,4.287907252325556e-10
26.808976543201478,-44.87795429033246,17.500000000000284,2.6947954173828483,-0.15409345241016054,3.740273187993221e-10
26.81291806354067,-44.8683192702142,17.50000000000028,2.694869041992444,-0.1543742867109867,3.191439164344879e-10
26.816856234639246,-44.85868359221021,17.500000000000284,2.69494296504881,-0.1546554479089059,2.641836745695936e-10
26.820791058247366,-44.849047256616196,17.50000000000028,2.695017186547338,-0.15493693586926013,2.0906028034155808e-10
26.824722536113853,-44.83941026372745,17.500000000000277,2.69509170648338,-0.15521875045752212,1.538189953737043e-10
26.828650669986157,-44.82977261383894,17.500000000000277,2.695166524852243,-0.15550089153929758,9.841561063860049e-11
26.83257546161036,-44.82013430724526,17.500000000000274,2.6952416416492033,-0.1557833589803244,4.290591371848203e-11
26.83649691273121,-44.81049534424065,17.500000000000274,2.695317056869495,-0.15606615264647244,-1.272272653734587e-11
26.84041502509206,-44.80085572511894,17.50000000000027,2.6953927705083105,-0.15634927240374463,-6.855662299196441e-11
26.844329800434938,-44.79121545017369,17.50000000000027,2.695468782560808,-0.15663271811827306,-1.244599907754044e-10
26.848241240500506,-44.781574519698005,17.500000000000266,2.6955450930221043,-0.15691648965632327,-1.8047493372331518e-10
26.852149347028057,-44.771932933984665,17.500000000000266,2.6956217018872786,-0.15720058688429273,-2.366761861439744e-10
26.856054121755545,-44.76229069332612,17.500000000000266,2.6956986091513717,-0.15748500966870815,-2.929637514277148e-10
26.85995556641957,-44.75264779801441,17.500000000000263,2.6957758148093856,-0.15776975787622954,-3.494134164787053e-10
26.863853682755362,-44.743004248341215,17.500000000000263,2.6958533188562877,-0.15805483137364784,-4.060009715914474e-10
26.867748472496828,-44.73336004459789,17.50000000000026,2.6959311212870025,-0.15834023002788206,-4.6269273369742164e-10
26.871639937376493,-44.72371518707542,17.50000000000026,2.696009222096417,-0.15862595370598576,-5.195160702898002e-10
26.87552807912555,-44.71406967606441,17.50000000000026,2.6960876212793843,-0.15891200227514035,-5.7650255924532e-10
26.879412899473834,-44.704423511855126,17.50000000000026,2.696166318830718,-0.15919837560265995,-6.336164123036791e-10
26.883294400149854,-44.69477669473747,17.500000000000252,2.6962453147451937,-0.1594850735559865,-6.908481561018565e-10
26.887172582880737,-44.68512922500099,17.500000000000252,2.6963246090175477,-0.15977209600269365,-7.481767387220274e-10
26.891047449392286,-44.67548110293488,17.500000000000252,2.6964042016424807,-0.16005944281048518,-8.056505795751886e-10
26.89491900140895,-44.66583232882795,17.500000000000252,2.696484092614659,-0.16034711384719375,-8.63255994914754e-10
26.89878724065384,-44.65618290296868,17.500000000000245,2.696564281928707,-0.1606351089807832,-9.21039298959938e-10
26.902652168848718,-44.64653282564519,17.50000000000025,2.696644769579215,-0.16092342807934526,-9.789110210599855e-10
26.906513787713997,-44.63688209714524,17.500000000000245,2.696725555560734,-0.16121207101110224,-1.036943790331392e-09
26.91037209896876,-44.62723071775624,17.500000000000245,2.696806639867783,-0.1615010376444056,-1.095087082171378e-09
26.914227104330756,-44.61757868776523,17.500000000000245,2.6968880224948375,-0.1617903278477349,-1.1533598433059859e-09
26.91807880551636,-44.607926007458914,17.500000000000245,2.6969697034363422,-0.16207994148970198,-1.2117873360366052e-09
26.92192720424065,-44.59827267712363,17.500000000000245,2.697051682686702,-0.16236987843904205,-1.2703158779727828e-09
26.92577230221733,-44.58861869704536,17.50000000000024,2.6971339602402886,-0.16266013856462422,-1.329004414484428e-09
26.929614101158794,-44.57896406750975,17.500000000000238,2.6972165360914326,-0.16295072173544334,-1.3878055787564354e-09
26.933452602776075,-44.56930878880207,17.50000000000024,2.6972994102344328,-0.1632416278206235,-1.4467320019394995e-09
26.93728780877889,-44.559652861207255,17.500000000000238,2.6973825826635522,-0.16353285668941825,-1.5058057885473365e-09
26.941119720875612,-44.54999628500988,17.500000000000238,2.697466053373013,-0.16382440821120653,-1.5650090444497952e-09
26.944948340773283,-44.540339060494176,17.50000000000024,2.6975498223570047,-0.16411628225549751,-1.6243407170509844e-09
26.948773670177605,-44.530681187944,17.500000000000238,2.6976338896096843,-0.16440847869192748,-1.6837934381796657e-09
26.952595710792963,-44.521022667642896,17.500000000000238,2.6977182551251677,-0.16470099739026067,-1.743405101287923e-09
26.956414464322382,-44.511363499874015,17.500000000000234,2.697802918897538,-0.16499383822038893,-1.8031472862866936e-09
26.96022993246761,-44.50170368492021,17.50000000000023,2.6978878809208426,-0.16528700105233113,-1.8629810471280017e-09
26.96404211692899,-44.49204322306391,17.500000000000234,2.6979731411890926,-0.165580485756234,-1.922983223311907e-09
26.96785101940561,-44.482382114587274,17.500000000000234,2.6980586996962663,-0.1658742922023705,-1.983100132447957e-09
26.97165664159518,-44.47272035977206,17.500000000000227,2.6981445564363056,-0.1661684202611422,-2.0433675627964533e-09
26.975458985194113,-44.46305795889968,17.50000000000023,2.6982307114031165,-0.16646286980307534,-2.103767620227245e-09
26.979258051897485,-44.45339491225126,17.500000000000227,2.69831716459057,-0.1667576406988248,-2.1642687268635953e-09
26.983053843399034,-44.44373122010748,17.50000000000023,2.6984039159925044,-0.1670527328191715,-2.2249403540343254e-09
26.9868463613912,-44.434066882748745,17.500000000000227,2.6984909656027227,-0.16734814603502246,-2.2857077674311577e-09
26.990635607565075,-44.42440190045509,17.500000000000227,2.6985783134149925,-0.1676438802174108,-2.346640438382914e-09
26.994421583610453,-44.41473627350619,17.500000000000224,2.6986659594230487,-0.16793993523749676,-2.4076910000744883e-09
26.99820429121578,-44.40507000218141,17.50000000000023,2.6987539036205863,-0.16823631096656574,-2.468872083656576e-09
27.001983732068208,-44.39540308675974,17.500000000000227,2.698842146001276,-0.16853300727602932,-2.530185794320959e-09
27.00575990785356,-44.38573552751983,17.500000000000224,2.6989306865587457,-0.16883002403742448,-2.5916131853415953e-09
27.00953282025631,-44.376067324739985,17.500000000000227,2.699019525286592,-0.16912736112241444,-2.6532068865130464e-09
27.013302470959665,-44.36639847869816,17.500000000000224,2.69910866217838,-0.16942501840278754,-2.7149300569791196e-09
27.017068861645498,-44.356728989672014,17.500000000000224,2.699198097227636,-0.16972299575045646,-2.7767553292466423e-09
27.02083199399434,-44.347058857938784,17.500000000000227,2.6992878304278576,-0.17002129303746144,-2.83873849089785e-09
27.024591869685437,-44.337388083775416,17.500000000000224,2.699377861772507,-0.1703199101359655,-2.9008563848231357e-09
