galstreams/tracks/track.st.Phlegethon.ibata2021.ecsv
# %ECSV 0.9
# ---
# datatype:
# - {name: ra, unit: deg, datatype: float64}
# - {name: dec, unit: deg, datatype: float64}
# - {name: distance, unit: kpc, datatype: float64}
# - {name: pm_ra_cosdec, unit: mas / yr, datatype: float64}
# - {name: pm_dec, unit: mas / yr, datatype: float64}
# - {name: radial_velocity, unit: km / s, datatype: float64}
# delimiter: ','
# meta: !!omap
# - __serialized_columns__:
#     dec:
#       __class__: astropy.coordinates.angles.Latitude
#       unit: &id001 !astropy.units.Unit {unit: deg}
#       value: !astropy.table.SerializedColumn {name: dec}
#     distance:
#       __class__: astropy.coordinates.distances.Distance
#       unit: !astropy.units.Unit {unit: kpc}
#       value: !astropy.table.SerializedColumn {name: distance}
#     pm_dec:
#       __class__: astropy.units.quantity.Quantity
#       unit: !astropy.units.Unit {unit: mas / yr}
#       value: !astropy.table.SerializedColumn {name: pm_dec}
#     pm_ra_cosdec:
#       __class__: astropy.units.quantity.Quantity
#       unit: !astropy.units.Unit {unit: mas / yr}
#       value: !astropy.table.SerializedColumn {name: pm_ra_cosdec}
#     ra:
#       __class__: astropy.coordinates.angles.Longitude
#       unit: *id001
#       value: !astropy.table.SerializedColumn {name: ra}
#       wrap_angle: !astropy.coordinates.Angle
#         unit: *id001
#         value: 360.0
#     radial_velocity:
#       __class__: astropy.units.quantity.Quantity
#       unit: !astropy.units.Unit {unit: km / s}
#       value: !astropy.table.SerializedColumn {name: radial_velocity}
# schema: astropy-2.0
ra,dec,distance,pm_ra_cosdec,pm_dec,radial_velocity
[from data line 5784]
325.1973506428537,9.132141268895943,3.8362556158202623,1.0573534868130277,-24.196181094733856,-2.5262301389617013e-14
325.197969444874,9.14225381699369,3.836750170585385,1.058030823642032,-24.189858073413667,-2.5262301389617013e-14
325.19858826656963,9.152366362969738,3.8372449724183717,1.0587076631193266,-24.183534170901112,-1.6841534259744676e-14
325.19920710811783,9.16247890680652,3.8377400213696307,1.059384005010559,-24.177209387635845,-8.420767129872338e-15
325.19982596969567,9.172591448486454,3.8382353174895623,1.0600598490813515,-24.170883724057536,4.210383564936169e-14
325.2004448514803,9.182703987991971,3.838730860828572,1.0607351950972983,-24.164557180605843,8.420767129872338e-15
325.20106375364907,9.19281652530548,3.8392266514370625,1.061410042823954,-24.158229757720445,0.0
325.2016826763789,9.20292906040942,3.8397226893654404,1.0620843920268594,-24.151901455840996,-1.6841534259744676e-14
325.2023016198473,9.213041593286222,3.8402189746641056,1.0627582424714996,-24.145572275407183,0.0
325.2029205842312,9.223154123918299,3.8407155073834645,1.063431593923348,-24.139242216858683,1.6841534259744676e-14
325.20353956970825,9.233266652288084,3.8412122875739203,1.0641044461478348,-24.132911280635184,1.6841534259744676e-14
325.2041585764554,9.243379178378003,3.841709315285876,1.0647767989103731,-24.126579467176366,8.420767129872338e-15
325.2047776046502,9.253491702170495,3.8422065905697353,1.065448651976332,-24.12024677692193,-6.73661370389787e-14
325.20539665446984,9.263604223647974,3.842704113475905,1.0661200051110566,-24.11391321031154,-8.420767129872338e-15
325.2060157260917,9.273716742792885,3.843201884054785,1.066790858079867,-24.107578767784926,-2.5262301389617013e-14
325.20663481969336,9.283829259587634,3.843699902356781,1.0674612106480303,-24.101243449781776,3.368306851948935e-14
325.207253935452,9.293941774014675,3.844198168432297,1.0681310625808105,-24.09490725674179,-5.894536990910637e-14
325.20787307354516,9.304054286056441,3.8446966823317363,1.0688004136434242,-24.088570189104683,-4.210383564936169e-14
325.20849223415024,9.314166795695344,3.845195444105502,1.069469263601063,-24.08223224731017,8.420767129872338e-15
325.2091114174448,9.324279302913833,3.8456944538039983,1.0701376122188886,-24.07589343179796,5.894536990910637e-14
325.2097306236062,9.334391807694328,3.84619371147763,1.0708054592620322,-24.069553743007774,-8.420767129872338e-15
325.2103498528122,9.344504310019273,3.8466932171768002,1.0714728044955895,-24.063213181379325,1.6841534259744676e-14
325.21096910524017,9.354616809871105,3.8471929709519124,1.0721396476846365,-24.056871747352357,-4.210383564936169e-14
325.2115883810677,9.364729307232238,3.847692972853372,1.0728059885942072,-24.050529441366574,-1.6841534259744676e-14
325.21220768047243,9.374841802085133,3.848193222931579,1.0734718269893142,-24.044186263861747,-4.210383564936169e-14
325.2128270036319,9.384954294412202,3.848693721236942,1.0741371626349419,-24.03784221527758,-8.420767129872338e-15
325.2134463507239,9.395066784195905,3.8491944678198613,1.0748019952960284,-24.031497296053832,-3.368306851948935e-14
325.21406572192603,9.405179271418664,3.8496954627307414,1.0754663247375031,-24.02515150663025,-3.368306851948935e-14
325.214685117416,9.41529175606292,3.8501967060199873,1.076130150724253,-24.01880484744656,0.0
325.2153045373715,9.425404238111103,3.8506981977380015,1.0767934730211384,-24.01245731894254,-7.578690416885104e-14
325.2159239819702,9.435516717545662,3.8511999379351893,1.077456291392993,-24.00610892155792,-8.420767129872338e-15
325.21654345139007,9.445629194349031,3.8517019266619523,1.078118605604612,-23.999759655732483,-2.5262301389617013e-14
325.2171629458087,9.45574166850366,3.852204163968697,1.0787804154207734,-23.993409521905974,-9.262843842859572e-14
325.21778246540396,9.465854139991972,3.8527066499058256,1.079441720606213,-23.987058520518172,-8.420767129872338e-15
325.2184020103537,9.475966608796405,3.853209384523741,1.0801025209256518,-23.980706652008838,0.0
325.21902158083583,9.486079074899429,3.853712367872848,1.0807628161437641,-23.974353916817744,-2.5262301389617013e-14
325.2196411770282,9.496191538283465,3.854215600003551,1.0814226060252088,-23.968000315384682,-3.368306851948935e-14
325.2202607991087,9.506303998930958,3.8547190809662535,1.08208189033461,-23.961645848149423,0.0
325.22088044725535,9.516416456824336,3.8552228108113584,1.0827406688365562,-23.955290515551763,-4.210383564936169e-14
325.22150012164593,9.526528911946073,3.8557267895892706,1.0833989412956293,-23.94893431803146,2.5262301389617013e-14
325.22211982245864,9.536641364278589,3.8562310173503933,1.0840567074763527,-23.94257725602833,8.420767129872338e-15
325.2227395498714,9.546753813804346,3.8567354941451297,1.0847139671432406,-23.936219329982187,-3.368306851948935e-14
325.22335930406217,9.556866260505771,3.8572402200238853,1.0853707200607698,-23.929860540332786,-8.420767129872338e-15
325.2239790852092,9.566978704365315,3.8577451950370616,1.0860269659933903,-23.923500887519968,8.420767129872338e-15
325.22459889349034,9.577091145365436,3.8582504192350644,1.086682704705531,-23.91714037198352,-5.0524602779234026e-14
325.22521872908385,9.587203583488566,3.8587558926682965,1.0873379359615745,-23.910778994163266,-2.5262301389617013e-14
325.2258385921678,9.597316018717155,3.8592616153871635,1.0879926595258935,-23.904416754499,-2.5262301389617013e-14
325.2264584829204,9.60742845103365,3.8597675874420663,1.0886468751628153,-23.89805365343057,8.420767129872338e-15
325.2270784015198,9.617540880420513,3.8602738088834103,1.089300582636658,-23.891689691397772,-2.5262301389617013e-14
325.22769834814426,9.62765330686018,3.860780279761599,1.0899537817116896,-23.88532486884044,-8.420767129872338e-15
325.228318322972,9.637765730335106,3.861287000127036,1.090606472152164,-23.87895918619841,-4.210383564936169e-14
325.2289383261812,9.647878150827722,3.861793970030127,1.0912586537223028,-23.872592643911496,5.0524602779234026e-14
325.2295583579502,9.657990568320509,3.8623011895212715,1.0919103261863035,-23.866225242419564,-2.5262301389617013e-14
325.2301784184574,9.66810298279589,3.862808658650877,1.0925614893083209,-23.859856982162434,1.6841534259744676e-14
325.230798507881,9.678215394236336,3.863316377469347,1.0932121428525055,-23.85348786357995,-5.0524602779234026e-14
325.2314186263994,9.688327802624292,3.863824346027084,1.0938622865829546,-23.84711788711197,-8.420767129872338e-15
325.23203877419104,9.698440207942204,3.8643325643744917,1.0945119202637548,-23.84074705319835,-3.368306851948935e-14
325.23265895143425,9.708552610172534,3.8648410325619746,1.0951610436589574,-23.834375362278927,-3.368306851948935e-14
325.2332791583075,9.71866500929773,3.865349750639938,1.0958096565325883,-23.82800281479356,-5.0524602779234026e-14
325.2338993949893,9.728777405300251,3.8658587186587834,1.0964577586486401,-23.82162941118213,-3.368306851948935e-14
325.2345196616581,9.738889798162553,3.8663679366689148,1.0971053497710883,-23.815255151884497,-5.894536990910637e-14
325.2351399584925,9.749002187867076,3.8668774047207366,1.097752429663866,-23.808880037340533,-2.5262301389617013e-14
325.2357602856709,9.759114574396293,3.8673871228646526,1.0983989980908937,-23.8025040679901,-4.210383564936169e-14
325.236380643372,9.769226957732652,3.867897091151067,1.099045054816055,-23.796127244273087,-2.5262301389617013e-14
325.23700103177424,9.779339337858607,3.868407309630383,1.0996905996032096,-23.789749566629375,-3.368306851948935e-14
325.2376214510563,9.789451714756623,3.8689177783530044,1.100335632216189,-23.78337103549885,1.6841534259744676e-14
325.238241901397,9.79956408840915,3.8694284973693347,1.1009801524187897,-23.776991651321403,-2.5262301389617013e-14
325.2388623829748,9.809676458798664,3.869939466729778,1.1016241599747958,-23.77061141453692,-1.6841534259744676e-14
325.2394828959685,9.8197888259076,3.8704506864847383,1.1022676546479542,-23.76423032558529,8.420767129872338e-15
325.24010344055677,9.82990118971843,3.870962156684619,1.1029106362019838,-23.75784838490644,-6.73661370389787e-14
325.24072401691836,9.840013550213596,3.8714738773798243,1.1035531044005824,-23.751465592940256,2.5262301389617013e-14
325.24134462523205,9.85012590737559,3.8719858486207577,1.1041950590074134,-23.74508195012665,-4.210383564936169e-14
325.24196526567675,9.860238261186845,3.872498070457824,1.1048364997861142,-23.738697456905527,-3.368306851948935e-14
325.2425859384312,9.870350611629837,3.8730105429414268,1.1054774265003053,-23.73231211371681,1.6841534259744676e-14
325.2432066436742,9.880462958687028,3.873523266121968,1.1061178389135706,-23.725925921000417,-5.0524602779234026e-14
325.24382738158477,9.890575302340865,3.8740362400498523,1.1067577367894694,-23.719538879196275,8.420767129872338e-15
325.2444481523417,9.900687642573827,3.8745494647754843,1.1073971198915313,-23.71315098874431,4.210383564936169e-14
325.245068956124,9.910799979368374,3.8750629403492676,1.1080359879832653,-23.70676225008444,-8.420767129872338e-15
325.2456897931106,9.920912312706971,3.875576666821605,1.1086743408281443,-23.700372663656626,-4.210383564936169e-14
325.2463106634805,9.931024642572073,3.8760906442429017,1.1093121781896282,-23.693982229900776,0.0
325.24693156741273,9.94113696894615,3.876604872663561,1.1099494998311394,-23.687590949256847,3.368306851948935e-14
325.24755250508633,9.951249291811678,3.8771193521339864,1.1105863055160718,-23.6811988221648,-4.210383564936169e-14
325.2481734766804,9.961361611151103,3.8776340827045823,1.1112225950078072,-23.67480584906456,-2.5262301389617013e-14
325.24879448237397,9.971473926946908,3.87814906442575,1.1118583680696879,-23.668412030396087,0.0
325.24941552234617,9.981586239181544,3.8786642973478975,1.1124936244650343,-23.662017366599347,-9.262843842859572e-14
325.2500365967762,9.991698547837489,3.8791797815214255,1.1131283639571414,-23.655621858114284,-1.6841534259744676e-14
325.2506577058433,10.001810852897215,3.8796955169967386,1.1137625863092724,-23.649225505380894,-1.6841534259744676e-14
325.25127884972653,10.011923154343187,3.880211503824241,1.114396291284675,-23.642828308839107,-8.420767129872338e-15
325.25190002860523,10.022035452157873,3.880727742054336,1.1150294786465575,-23.63643026892892,0.0
325.2525212426587,10.032147746323734,3.881244231737428,1.115662148158112,-23.630031386090312,-1.6841534259744676e-14
325.2531424920661,10.042260036823254,3.8817609729239195,1.1162942995825056,-23.62363166076326,-8.420767129872338e-15
325.25376377700684,10.052372323638894,3.8822779656642155,1.116925932682873,-23.617231093387733,-8.420767129872338e-15
325.2543850976602,10.062484606753126,3.88279521000872,1.1175570472223244,-23.610829684403733,-4.210383564936169e-14
325.2550064542056,10.072596886148421,3.883312706007835,1.1181876429639488,-23.60442743425126,-3.368306851948935e-14
325.2556278468225,10.082709161807255,3.8838304537119663,1.1188177196708038,-23.598024343370287,-1.6841534259744676e-14
325.2562492756902,10.092821433712095,3.8843484531715187,1.1194472771059245,-23.59162041220082,0.0
325.25687074098823,10.102933701845421,3.884866704436892,1.1200763150323225,-23.58521564118287,0.0
325.25749224289603,10.113045966189704,3.8853852075584925,1.1207048332129828,-23.578810030756443,-2.5262301389617013e-14
325.25811378159324,10.123158226727407,3.8859039625867244,1.121332831410851,-23.572403581361556,1.6841534259744676e-14
325.2587353572593,10.133270483441024,3.88642296957199,1.1219603093888741,-23.56599629343821,0.0
325.25935697007367,10.143382736313017,3.8869422285646955,1.1225872669099568,-23.559588167426423,-2.5262301389617013e-14
325.25997862021615,10.153494985325864,3.887461739615242,1.1232137037369754,-23.553179203766238,-8.420767129872338e-15
325.2606003078663,10.163607230462032,3.8879815027740343,1.1238396196327873,-23.546769402897667,8.420767129872338e-15
325.2612220332037,10.173719471704016,3.8885015180914766,1.1244650143602322,-23.54035876526073,-7.578690416885104e-14
325.2618437964081,10.183831709034273,3.8890217856179725,1.12508988768211,-23.533947291295465,0.0
325.26246559765923,10.193943942435297,3.8895423054039266,1.1257142393612014,-23.527534981441928,-8.420767129872338e-15
325.26308743713673,10.20405617188956,3.89006307749974,1.1263380691602705,-23.52112183614015,-4.210383564936169e-14
325.26370931502044,10.21416839737953,3.890584101955819,1.126961376842046,-23.514707855830178,-4.210383564936169e-14
325.2643312314902,10.224280618887697,3.8911053788225662,1.127584162169228,-23.508293040952054,0.0
325.26495318672573,10.234392836396546,3.891626908150387,1.128206424904511,-23.50187739194583,-9.262843842859572e-14
325.265575180907,10.244505049888547,3.8921486899896833,1.128828164810542,-23.495460909251573,0.0
325.2661972142137,10.254617259346166,3.8926707243908605,1.1294493816499571,-23.48904359330934,-1.6841534259744676e-14
325.266819286826,10.264729464751909,3.893193011404321,1.1300700751853692,-23.482625444559197,8.420767129872338e-14
325.2674413989236,10.274841666088253,3.89371555108047,1.1306902451793597,-23.476206463441205,-1.6841534259744676e-14
325.2680635506866,10.284953863337671,3.894238343469709,1.131309891394487,-23.46978665039546,-1.6841534259744676e-14
325.26868574229496,10.29506605648265,3.894761388622445,1.131929013593283,-23.463366005862007,-3.368306851948935e-14
325.26930797392873,10.305178245505664,3.8952846865890782,1.1325476115382687,-23.456944530280946,0.0
325.26993024576797,10.315290430389204,3.895808237420015,1.1331656849919183,-23.450522224092353,-3.368306851948935e-14
325.27055255799274,10.325402611115761,3.896332041165659,1.1337832337167013,-23.444099087736312,-1.6841534259744676e-14
325.27117491078315,10.3355147876678,3.896856097876413,1.1344002574750571,-23.43767512165293,0.0
325.27179730431936,10.345626960027818,3.897380407602681,1.1350167560293973,-23.4312503262823,0.0
325.2724197387815,10.355739128178298,3.8979049703948676,1.1356327291421175,-23.424824702064498,0.0
325.2730422143498,10.365851292101736,3.898429786303376,1.1362481765755763,-23.418398249439655,-1.6841534259744676e-14
325.2736647312045,10.3759634517806,3.8989548553786095,1.1368630980921153,-23.41197096884787,1.6841534259744676e-14
325.2742872895259,10.386075607197384,3.8994801776709727,1.1374774934540608,-23.40554286072926,-1.6841534259744676e-14
325.2749098894942,10.396187758334571,3.900005753230869,1.138091362423702,-23.399113925523917,1.6841534259744676e-14
325.27553253128974,10.406299905174649,3.900531582108703,1.1387047047633148,-23.392684163671987,1.6841534259744676e-14
325.27615521509296,10.416412047700119,3.901057664354877,1.1393175202351444,-23.386253575613576,0.0
325.2767779410841,10.426524185893454,3.9015840000197954,1.139929808601413,-23.37982216178883,-1.6841534259744676e-14
325.27740070944367,10.43663631973715,3.9021105891538634,1.1405415696243257,-23.37338992263785,-3.368306851948935e-14
325.27802352035206,10.446748449213683,3.9026374318074826,1.1411528030660552,-23.3669568586008,0.0
325.2786463739898,10.456860574305562,3.903164528031058,1.1417635086887552,-23.3605229701178,-5.0524602779234026e-14
325.27926927053727,10.466972694995267,3.903691877874994,1.1423736862545617,-23.35408825762899,-1.6841534259744676e-14
325.27989221017515,10.477084811265295,3.9042194813896924,1.142983335525578,-23.347652721574526,-6.73661370389787e-14
325.28051519308383,10.487196923098123,3.9047473386255587,1.1435924562638866,-23.341216362394572,-6.73661370389787e-14
325.2811382194441,10.497309030476254,3.905275449632995,1.1442010482315523,-23.334779180529264,-5.0524602779234026e-14
325.28176128943636,10.50742113338218,3.9058038144624083,1.144809111190612,-23.32834117641875,-3.368306851948935e-14
325.28238440324145,10.517533231798392,3.9063324331642,1.145416644903077,-23.321902350503194,-1.6841534259744676e-14
325.2830075610399,10.527645325707379,3.9068613057887736,1.1460236491309466,-23.315462703222785,1.6841534259744676e-14
325.28363076301247,10.537757415091635,3.907390432386533,1.1466301236361849,-23.309022235017686,-5.0524602779234026e-14
