galstreams/tracks/track.st.NGC3201.ibata2020.ecsv
# %ECSV 0.9
# ---
# datatype:
# - {name: ra, unit: deg, datatype: float64}
# - {name: dec, unit: deg, datatype: float64}
# - {name: distance, unit: kpc, datatype: float64}
# - {name: pm_ra_cosdec, unit: mas / yr, datatype: float64}
# - {name: pm_dec, unit: mas / yr, datatype: float64}
# - {name: radial_velocity, unit: km / s, datatype: float64}
# delimiter: ','
# meta: !!omap
# - __serialized_columns__:
#     dec:
#       __class__: astropy.coordinates.angles.Latitude
#       unit: &id001 !astropy.units.Unit {unit: deg}
#       value: !astropy.table.SerializedColumn {name: dec}
#     distance:
#       __class__: astropy.coordinates.distances.Distance
#       unit: !astropy.units.Unit {unit: kpc}
#       value: !astropy.table.SerializedColumn {name: distance}
#     pm_dec:
#       __class__: astropy.units.quantity.Quantity
#       unit: !astropy.units.Unit {unit: mas / yr}
#       value: !astropy.table.SerializedColumn {name: pm_dec}
#     pm_ra_cosdec:
#       __class__: astropy.units.quantity.Quantity
#       unit: !astropy.units.Unit {unit: mas / yr}
#       value: !astropy.table.SerializedColumn {name: pm_ra_cosdec}
#     ra:
#       __class__: astropy.coordinates.angles.Longitude
#       unit: *id001
#       value: !astropy.table.SerializedColumn {name: ra}
#       wrap_angle: !astropy.coordinates.Angle
#         unit: *id001
#         value: 360.0
#     radial_velocity:
#       __class__: astropy.units.quantity.Quantity
#       unit: !astropy.units.Unit {unit: km / s}
#       value: !astropy.table.SerializedColumn {name: radial_velocity}
# schema: astropy-2.0
ra,dec,distance,pm_ra_cosdec,pm_dec,radial_velocity
146.94511359938613,-45.47173289826987,5.387274708440811,5.070937892516611,-3.5095553305389506,-2.5262301389617013e-14
147.0324681017374,-45.47668815103917,5.3672890341102155,5.192448316076594,-3.483845237399536,-8.420767129872338e-15
147.1197121867191,-45.481841641823955,5.3476105135925796,5.311408283100541,-3.45828949186941,2.5262301389617013e-14
147.20684801798268,-45.48719112358792,5.328237539397737,5.427839282010162,-3.4328918284903986,-2.5262301389617013e-14
147.29387774388545,-45.492734344090216,5.309168504035527,5.5417627945449315,-3.4076558658338882,-1.6841534259744676e-14
147.38080349756657,-45.49846904592662,5.290401800015785,5.653200295556298,-3.382585107467623,-8.420767129872338e-15
147.46762739702112,-45.50439296657032,5.271935819848352,5.762173252804306,-3.3576829429042405,1.6841534259744676e-14
147.55435154517227,-45.51050383841224,5.253768956043063,5.868703126756638,-3.33295264853182,-8.420767129872338e-15
147.64097802994084,-45.516799388800784,5.23589960110976,5.972811370389823,-3.3083973885267115,-2.5262301389617013e-14
147.7275089243131,-45.523277340081286,5.218326147558275,6.074519428992669,-3.2840202157488543,-1.6841534259744676e-14
147.81394628640635,-45.52993540963485,5.201046987898451,6.173848739971657,-3.259824072619836,-4.210383564936169e-14
147.90029215953263,-45.536771309916894,5.18406051464012,6.2708207326583905,-3.2358117919839113,-5.0524602779234026e-14
147.9865485722601,-45.54378274849514,5.167365120293124,6.365456828118764,-3.2119860979522237,-8.420767129872338e-15
148.0727175384726,-45.55096742808735,5.1509591973673,6.457778438964002,-3.1883496067304553,-4.210383564936169e-14
148.15880105742735,-45.558323046598474,5.134841138372483,6.547806969163297,-3.1649048274300684,0.0
148.24480111380996,-45.5658472971575,5.119009335818515,6.635563813858013,-3.141654162863487,-2.5262301389617013e-14
148.33071967778864,-45.573537868153906,5.10346218221523,6.721070359177431,-3.118599910323235,-4.631421921429786e-14
148.41655870506546,-45.581392443273714,5.088198070072468,6.8043479820558135,-3.0957442623454208,-1.2631150694808506e-14
148.50232013692587,-45.58940870153514,5.073215391900066,6.885418050050828,-3.073089307457689,-3.368306851948935e-14
148.5880059002868,-45.59758431732394,5.058512540207861,6.964301921163194,-3.0506370309118207,-3.789345208442552e-14
148.6736179077422,-45.60591696042833,5.044087907505693,7.041020943657434,-3.0283893154012236,-1.6841534259744676e-14
148.75915805760712,-45.61440429607358,5.029939886303395,7.115596455883739,-3.0063479417635115,-3.368306851948935e-14
148.84462823395987,-45.623043984956304,5.01606686911081,7.188049786100777,-2.98451458966829,-3.368306851948935e-14
148.930030306682,-45.63183368327836,5.002467248437772,7.258402252299433,-2.962890838290443,-6.315575347404254e-14
149.01536613149685,-45.64077104278038,4.989139416794121,7.3266751620273665,-2.9414781669690275,-2.947268495455318e-14
149.1006375500061,-45.649853710775155,4.976081766689693,7.392889812214332,-2.920277955851958,-3.368306851948935e-14
149.1858463897245,-45.659079330180525,4.963292690634327,7.457067488998168,-2.899291486526722,-5.894536990910637e-14
149.2709944641128,-45.66844553955201,4.95077058113786,7.519229467551423,-2.878519942637225,-6.315575347404254e-14
149.35608357260887,-45.6779499731152,4.938513830710129,7.579397011908505,-2.857964410487,-4.210383564936169e-14
149.4411155006572,-45.68759026079779,4.926520831860972,7.6375913747932795,-2.8376258796289076,-5.0524602779234026e-14
149.5260920197364,-45.69736402826137,4.914789977100228,7.693833797447136,-2.8175052434415164,-6.73661370389787e-14
149.61101488738535,-45.707268896932945,4.9033196589377335,7.748145509457337,-2.7976032996923283,-4.210383564936169e-14
149.69588584722717,-45.71730248403612,4.892108269883328,7.800547728585644,-2.7779207510879886,-6.315575347404254e-14
149.7807066289916,-45.727462402622045,4.8811542024468455,7.851061660597191,-2.7584582058116993,-2.5262301389617013e-14
149.86547894853612,-45.73774626160022,4.870455849138128,7.899708499089462,-2.7392161780478923,-4.631421921429786e-14
149.95020450786492,-45.7481516657689,4.860011602467009,7.946509425321388,-2.720195088494413,-6.73661370389787e-14
150.0348849951462,-45.75867621584528,4.8498198549433305,7.991485608042421,-2.701395264862332,-5.0524602779234026e-14
150.1195220847281,-45.76931750849551,4.839878999076926,8.03465820332167,-2.6828169423635355,-3.368306851948935e-14
150.20411743715275,-45.780073136364464,4.830187427377637,8.076048354376802,-2.664460264186219,-5.894536990910637e-14
150.28867269916896,-45.79094068810523,4.820743532355298,8.115677191402934,-2.646325281958479,-1.0525958912340423e-13
150.3731895037429,-45.80191774840846,4.811545706519748,8.153565831401243,-2.62841195620011,-9.262843842859572e-14
150.45766947006777,-45.813001898031416,4.802592342380825,8.18973537800733,-2.6107201567627625,-4.631421921429786e-14
150.54211420357086,-45.824190713826916,4.793881832448368,8.22420692131927,-2.593249663258641,-6.73661370389787e-14
150.62652529592057,-45.83548176877201,4.785412569232211,8.257001537725342,-2.576000165477752,-7.999728773378721e-14
150.7109043250305,-45.84687263199653,4.7771829452421954,8.288140289731253,-2.558971263794028,-8.420767129872338e-14
150.79525285506259,-45.85836086881134,4.769191352988156,8.317644225786992,-2.5421624695603153,-6.73661370389787e-14
150.87957243642876,-45.869944040736534,4.761436184979933,8.345534380113108,-2.52557320549243,-7.999728773378721e-14
150.96386460579083,-45.88161970552938,4.753915833727362,8.371831772526427,-2.509202806042378,-6.315575347404254e-14
151.04813088605914,-45.893385417212144,4.746628691740282,8.396557408265185,-2.493050517760904,-4.210383564936169e-14
151.1323727863896,-45.9052387260997,4.739573151528531,8.419732277813493,-2.477115499649492,-1.6841534259744676e-14
151.2165918021792,-45.91717717882705,4.732747605601945,8.441377356725077,-2.461396823501905,-6.73661370389787e-14
151.30078941506005,-45.92919831837663,4.726150446470363,8.461513605446292,-2.4458934742354863,-5.4734986344170195e-14
151.3849670928923,-45.94129968410552,4.719780066643621,8.48016196913835,-2.4306043502122012,-2.1051917824680846e-14
151.46912628975517,-45.95347881177248,4.71363485863156,8.497343377498687,-2.4155282635497217,-5.0524602779234026e-14
151.5532684459368,-45.96573323356489,4.707713214944016,8.513078744581467,-2.400663940422521,-5.894536990910637e-14
151.63739498792282,-45.97806047812553,4.702013528090824,8.527388968617213,-2.386010021353207,-7.157652060391487e-14
151.72150732838318,-45.990458070579265,4.696534190581827,8.540294931831374,-2.371565061494155,-2.1051917824680846e-14
151.80560686615792,-46.00292353255954,4.691273594926859,8.551817500262024,-2.3573275308996093,-5.894536990910637e-14
151.88969498624155,-46.01545438223495,4.686230133635758,8.56197752357644,-2.34329581478831,-5.4734986344170195e-14
151.97377305976585,-46.02804813433543,4.681402199218363,8.570795834886646,-2.3294682137968428,-2.1051917824680846e-14
152.05784244398168,-46.04070230017861,4.676788184184508,8.57829325056386,-2.315842944223773,-7.999728773378721e-14
152.14190448223908,-46.05341438769586,4.672386481044037,8.584490570051736,-2.302418138264703,-3.789345208442552e-14
152.22596050396646,-46.066181901458464,4.668195482306782,8.589408575678558,-2.289191844238368,-4.210383564936169e-14
152.31001182464834,-46.0790023427035,4.664213580482585,8.593068032468063,-2.2761620268038785,-6.73661370389787e-14
152.3940597458018,-46.091873209359726,4.660439168081281,8.595489687949197,-2.263326567169256,-6.315575347404254e-14
152.47810555495155,-46.10479199607346,4.656870637612708,8.59669427196444,-2.2506832632913407,-1.2631150694808506e-14
152.56215052560407,-46.11775619423428,4.653506381586702,8.596702496476945,-2.2382298300672208,-7.578690416885104e-14
152.64619591722038,-46.130763292000736,4.650344792513106,8.595535055376272,-2.225963899517231,-4.631421921429786e-14
152.73024297518748,-46.143810774325964,4.6473842629017525,8.593212624282817,-2.2138830209597637,-8.420767129872338e-14
152.81429293078864,-46.15689612298322,4.644623185262482,8.58975586035082,-2.20198466117788,-6.315575347404254e-14
152.89834700117277,-46.17001681659149,4.642059952105132,8.585185402069964,-2.190266204577859,-4.210383564936169e-14
152.98240638932242,-46.18317033064087,4.6396929559395375,8.579521869065552,-2.1787249533398874,-5.0524602779234026e-14
153.0664722840205,-46.19635413751809,4.63752058927554,8.572785861897174,-2.1673581275608877,-1.6841534259744676e-14
153.15054585981625,-46.20956570653187,4.635541244622974,8.56499796185596,-2.1561628653896925,-2.947268495455318e-14
153.23462827698967,-46.22280250393832,4.633753314491679,8.556178730760253,-2.145136223154595,-1.6841534259744676e-14
153.31872068151523,-46.236061992966206,4.632155191391493,8.54634871074979,-2.134275175483466,-2.1051917824680846e-14
153.4028242050244,-46.24934163384244,4.6307452678322525,8.535528424078294,-2.1235766154164972,8.420767129872338e-15
153.48693996476678,-46.26263888381724,4.629521936323796,8.523738372904557,-2.1130373545117243,-6.315575347404254e-14
153.5710690635711,-46.27595119718952,4.628483589375961,8.510999039081852,-2.102654122943376,-2.947268495455318e-14
153.65521258980368,-46.28927602533212,4.627628619498584,8.49733088394578,-2.092423569593313,-1.6841534259744676e-14
153.73937161732772,-46.30261081671716,4.626955419201503,8.482754348100512,-2.0823422621354313,-5.4734986344170195e-14
153.8235472054602,-46.31595301694131,4.626462380994558,8.467289851203324,-2.072406687113387,0.0
153.90774039892835,-46.32930006875106,4.626147897387585,8.450957791747534,-2.062613250011625,-2.5262301389617013e-14
153.99195222782524,-46.34264941206809,4.6260103608904215,8.43377854684375,-2.0529582753198365,-4.631421921429786e-14
154.07618370756427,-46.355998484014535,4.626048164012905,8.415772471999412,-2.0434380065909905,-5.894536990910637e-14
154.16043583883283,-46.369344718938365,4.626259699264875,8.396959900896698,-2.0340486064930494,-4.210383564936169e-14
154.24470960754502,-46.38268554843874,4.626643359156167,8.37736114516865,-2.0247861568544745,-2.5262301389617013e-14
154.32900598479375,-46.39601840139144,4.627197536196619,8.35699649417365,-2.0156466587036235,1.6841534259744676e-14
154.41332592680132,-46.409340703974195,4.62792062289607,8.335886214768141,-2.006626032302237,-5.0524602779234026e-14
154.49767037487032,-46.42264987969229,4.628811011764357,8.31405055107763,-1.9977201171729566,-5.0524602779234026e-14
154.58204025533257,-46.435943349403935,4.629867095311317,8.29150972426595,-1.9889246721212281,-2.1051917824680846e-14
154.66643647949783,-46.4492185313459,4.631087266046789,8.268283932302813,-1.9802353752515243,-2.947268495455318e-14
154.75085994360185,-46.46247284115908,4.63246991648061,8.244393349729549,-1.9716478239780626,-4.631421921429786e-14
154.8353115287534,-46.47570369191411,4.634013439122616,8.219858127423192,-1.9631575350301718,-4.210383564936169e-15
154.91979210088073,-46.48890849413712,4.635716226482648,8.194698392358749,-1.9547599444523969,-2.1051917824680846e-14
155.00430251067726,-46.50208465583544,4.637576671070543,8.168934247369748,-1.9464504075994356,-3.789345208442552e-14
155.08884359354678,-46.51522958252347,4.639593165396136,8.142585770907056,-1.938224199126093,-1.6841534259744676e-14
155.1734161695476,-46.52834067724851,4.641764101969269,8.115673016795936,-1.9300765129723616,4.210383564936169e-15
155.2580210433366,-46.541415340616794,4.644087873299773,8.088216013991367,-1.9220024623436593,-2.5262301389617013e-14
155.34265900411248,-46.55445097081947,4.646562871897494,8.060234766331616,-1.9139970796864745,-2.1051917824680846e-14
155.42733082555804,-46.56744496365871,4.649187490272263,8.031749252290162,-1.9060553166595149,-4.210383564936169e-15
155.51203726578257,-46.58039471257391,4.651960120933921,8.002779424725759,-1.8981720441003975,0.0
155.59677906726327,-46.59329760866797,4.654879156392304,7.973345210630937,-1.8903420519881222,-4.210383564936169e-15
155.6815569567862,-46.606151040733636,4.6579429891572515,7.943466510878694,-1.8825600494013752,-8.420767129872338e-15
155.7663716453871,-46.618952395279976,4.661150011738601,7.913163199967575,-1.8748206644728413,-2.1051917824680846e-14
155.85122382829118,-46.63169905655891,4.664498616646189,7.882455125765026,-1.8671184443396176,-2.947268495455318e-14
155.93611418485315,-46.644388406591816,4.667987196389853,7.851362109249106,-1.8594478550898796,0.0
156.0210433784962,-46.65701782519635,4.671614143479433,7.819903944248555,-1.8518032817059384,-3.368306851948935e-14
156.10601205665114,-46.66958469001321,4.6753778504247645,7.788100397181231,-1.8441790280037722,2.947268495455318e-14
156.19102085069494,-46.68208637653315,4.679276709735684,7.755971206790955,-1.8365693165692567,2.5262301389617013e-14
156.27607037588896,-46.69452025812399,4.683309113922032,7.723536083882727,-1.8289682886911163,-4.210383564936169e-15
156.36116123131697,-46.706883706057845,4.687473455493644,7.690814711056417,-1.8213700042908152,1.6841534259744676e-14
156.44629399982284,-46.71917408953832,4.691768126960362,7.657826742438888,-1.8137684418495013,0.0
156.5314692479481,-46.731388775728014,4.696191520832019,7.624591803414611,-1.8061574983321145,-4.210383564936169e-15
156.61668752586922,-46.74352512977597,4.700742029618454,7.591129490354781,-1.7985309891088332,2.1051917824680846e-14
156.70194936733463,-46.75558051484536,4.7054180458295045,7.55745937034496,-1.7908826478739748,3.789345208442552e-14
156.7872552896018,-46.76755229214125,4.710217961975008,7.523600980911298,-1.7832061265624977,-2.947268495455318e-14
156.8726057933742,-46.779437820938455,4.715140170564805,7.48957382974532,-1.7754949952642225,-2.5262301389617013e-14
156.9580013627379,-46.79123445860966,4.7201830641087295,7.455397394427391,-1.7677427421359904,1.6841534259744676e-14
157.04344246509845,-46.80293956065347,4.725345035116621,7.421091122148782,-1.7599427733117876,2.1051917824680846e-14
157.12892955111758,-46.81455048072279,4.730624476098317,7.386674429432452,-1.752088412811066,-2.947268495455318e-14
157.2144630546499,-46.82606457065322,4.736019779563654,7.352166701852587,-1.7441729024453696,8.420767129872338e-15
157.30004339267973,-46.83747918049162,4.741529338022471,7.317587293752871,-1.7361894017234345,3.368306851948935e-14
157.38567096525793,-46.84879165852486,4.747151543984607,7.282955527963577,-1.7281309877548712,2.947268495455318e-14
157.47134615543885,-46.85999935130862,4.752884789959897,7.248290695517531,-1.7199906551526114,8.420767129872338e-15
157.5570693292176,-46.87109960369643,4.758727468458179,7.213612055364955,-1.7117613159342517,1.6841534259744676e-14
157.6428408354671,-46.88208975886878,4.764677971989293,7.178938834087235,-1.7034357994224556,-4.210383564936169e-15
157.72866100587575,-46.89296715836247,4.770734693063075,7.144290225609706,-1.6950068521445387,4.210383564936169e-14
157.8145301548851,-46.90372914209998,4.776896024189363,7.109685390913458,-1.6864671377314295,3.368306851948935e-14
157.90044857962795,-46.91437304841913,4.783160357877994,7.075143457746227,-1.6778092368161062,-1.2631150694808506e-14
157.9864165598666,-46.924896214102766,4.789526086638806,7.040683520332418,-1.6690256469317006,1.473634247727659e-14
158.07243435793157,-46.935295974408724,4.795991602981637,7.006324639082335,-1.6601087824094307,3.9998643866893604e-14
158.15850221866066,-46.94556966309982,4.802555299416327,6.972085840300637,-1.6510509742764659,3.368306851948935e-14
158.2446203693384,-46.95571461247412,4.809215568452709,6.937986115894123,-1.64184447015393,2.315710960714893e-14
158.3307890196361,-46.965728153395276,4.815970802600623,6.904044423078846,-1.632481434155173,1.6841534259744676e-14
158.4170083615521,-46.97560761532306,4.822819394369907,6.870279684086668,-1.6229539467844871,2.1051917824680846e-14
158.5032785693529,-46.98535032634404,4.8297597362703995,6.8367107858713085,-1.6132540048363944,8.420767129872338e-15
158.58959979951447,-46.994953613202476,4.836790220811936,6.803356579813921,-1.603373521295702,1.894672604221276e-14
