galstreams/tracks/track.po.PS1-B.bernard2016.ecsv
# %ECSV 0.9
# ---
# datatype:
# - {name: ra, unit: deg, datatype: float64}
# - {name: dec, unit: deg, datatype: float64}
# - {name: distance, unit: kpc, datatype: float64}
# - {name: pm_ra_cosdec, unit: mas / yr, datatype: float64}
# - {name: pm_dec, unit: mas / yr, datatype: float64}
# - {name: radial_velocity, unit: km / s, datatype: float64}
# delimiter: ','
# meta: !!omap
# - __serialized_columns__:
#     dec:
#       __class__: astropy.coordinates.angles.Latitude
#       unit: &id001 !astropy.units.Unit {unit: deg}
#       value: !astropy.table.SerializedColumn {name: dec}
#     distance:
#       __class__: astropy.coordinates.distances.Distance
#       unit: !astropy.units.Unit {unit: kpc}
#       value: !astropy.table.SerializedColumn {name: distance}
#     pm_dec:
#       __class__: astropy.units.quantity.Quantity
#       unit: !astropy.units.Unit {unit: mas / yr}
#       value: !astropy.table.SerializedColumn {name: pm_dec}
#     pm_ra_cosdec:
#       __class__: astropy.units.quantity.Quantity
#       unit: !astropy.units.Unit {unit: mas / yr}
#       value: !astropy.table.SerializedColumn {name: pm_ra_cosdec}
#     ra:
#       __class__: astropy.coordinates.angles.Longitude
#       unit: *id001
#       value: !astropy.table.SerializedColumn {name: ra}
#       wrap_angle: !astropy.coordinates.Angle
#         unit: *id001
#         value: 360.0
#     radial_velocity:
#       __class__: astropy.units.quantity.Quantity
#       unit: !astropy.units.Unit {unit: km / s}
#       value: !astropy.table.SerializedColumn {name: radial_velocity}
# schema: astropy-2.0
ra,dec,distance,pm_ra_cosdec,pm_dec,radial_velocity
145.56020712784178,-15.270859082680625,14.500000000000005,0.0,0.0,0.0
145.58897664160457,-15.229573274766885,14.499999999999993,0.0,0.0,0.0
145.6177348693689,-15.188283806822223,14.49999999999999,0.0,0.0,0.0
145.64648184662957,-15.14699069068056,14.499999999999988,0.0,0.0,0.0
145.6752176088425,-15.105693938159835,14.499999999999984,0.0,0.0,0.0
145.70394219142463,-15.064393561062428,14.499999999999986,0.0,0.0,0.0
145.73265562975425,-15.02308957117487,14.499999999999988,0.0,0.0,0.0
145.7613579591708,-14.981781980268257,14.499999999999991,0.0,0.0,0.0
145.7900492149754,-14.940470800097929,14.499999999999993,0.0,0.0,0.0
145.81872943243064,-14.899156042403904,14.499999999999995,0.0,0.0,0.0
145.8473986467609,-14.857837718910568,14.499999999999996,0.0,0.0,0.0
145.87605689315234,-14.816515841327089,14.499999999999996,0.0,0.0,0.0
145.90470420675317,-14.775190421347144,14.499999999999998,0.0,0.0,0.0
145.93334062267368,-14.733861470649144,14.499999999999998,0.0,0.0,0.0
145.9619661759863,-14.692529000896391,14.500000000000002,0.0,0.0,0.0
145.99058090172593,-14.651193023736838,14.500000000000002,0.0,0.0,0.0
146.0191848348898,-14.609853550803484,14.500000000000004,0.0,0.0,0.0
146.0477780104379,-14.568510593714096,14.500000000000002,0.0,0.0,0.0
146.0763604632927,-14.527164164071598,14.500000000000004,0.0,0.0,0.0
146.10493222833975,-14.485814273463784,14.500000000000002,0.0,0.0,0.0
146.1334933404274,-14.444460933463725,14.500000000000002,0.0,0.0,0.0
146.16204383436718,-14.403104155629462,14.500000000000004,0.0,0.0,0.0
146.19058374493366,-14.36174395150441,14.500000000000002,0.0,0.0,0.0
146.219113106865,-14.320380332617088,14.500000000000002,0.0,0.0,0.0
146.24763195486253,-14.2790133104815,14.499999999999998,0.0,0.0,0.0
146.27614032359136,-14.23764289659687,14.499999999999998,0.0,0.0,0.0
146.30463824768023,-14.19626910244786,14.499999999999998,0.0,0.0,0.0
146.33312576172162,-14.154891939504742,14.499999999999998,0.0,0.0,0.0
146.3616029002721,-14.113511419223128,14.499999999999998,0.0,0.0,0.0
146.39006969785208,-14.07212755304441,14.499999999999995,0.0,0.0,0.0
146.41852618894646,-14.030740352395426,14.499999999999996,0.0,0.0,0.0
146.4469724080041,-13.98934982868888,14.499999999999995,0.0,0.0,0.0
146.47540838943857,-13.947955993323053,14.499999999999991,0.0,0.0,0.0
146.5038341676278,-13.906558857682192,14.499999999999995,0.0,0.0,0.0
146.53224977691448,-13.865158433136221,14.499999999999995,0.0,0.0,0.0
146.56065525160602,-13.823754731041149,14.499999999999995,0.0,0.0,0.0
146.58905062597486,-13.782347762738796,14.499999999999995,0.0,0.0,0.0
146.61743593425837,-13.740937539556999,14.499999999999993,0.0,0.0,0.0
146.64581121065902,-13.699524072809792,14.499999999999993,0.0,0.0,0.0
146.67417648934472,-13.658107373797135,14.499999999999993,0.0,0.0,0.0
146.70253180444854,-13.61668745380535,14.499999999999993,0.0,0.0,0.0
146.73087719006935,-13.57526432410678,14.499999999999993,0.0,0.0,0.0
146.7592126802714,-13.533837995960234,14.499999999999995,0.0,0.0,0.0
146.7875383090848,-13.492408480610655,14.499999999999996,0.0,0.0,0.0
146.81585411050548,-13.450975789289553,14.499999999999993,0.0,0.0,0.0
146.8441601184955,-13.409539933214665,14.499999999999995,0.0,0.0,0.0
146.8724563669828,-13.368100923590411,14.499999999999995,0.0,0.0,0.0
146.90074288986176,-13.3266587716076,14.499999999999998,0.0,0.0,0.0
146.92901972099304,-13.285213488443613,14.499999999999998,0.0,0.0,0.0
146.9572868942037,-13.243765085262618,14.499999999999996,0.0,0.0,0.0
146.98554444328747,-13.202313573215275,14.499999999999998,0.0,0.0,0.0
147.01379240200478,-13.160858963439173,14.499999999999998,0.0,0.0,0.0
147.04203080408286,-13.1194012670585,14.499999999999998,0.0,0.0,0.0
147.0702596832158,-13.077940495184471,14.5,0.0,0.0,0.0
147.098479073065,-13.03647665891501,14.5,0.0,0.0,0.0
147.1266890072588,-12.99500976933517,14.500000000000002,0.0,0.0,0.0
147.1548895193929,-12.953539837516805,14.500000000000002,0.0,0.0,0.0
147.18308064303048,-12.912066874519006,14.500000000000002,0.0,0.0,0.0
147.2112624117022,-12.87059089138777,14.5,0.0,0.0,0.0
147.2394348589064,-12.82911189915643,14.499999999999998,0.0,0.0,0.0
147.2675980181092,-12.787629908845362,14.500000000000002,0.0,0.0,0.0
147.2957519227446,-12.746144931462212,14.5,0.0,0.0,0.0
147.32389660621456,-12.704656978002037,14.500000000000002,0.0,0.0,0.0
147.35203210188928,-12.66316605944708,14.499999999999998,0.0,0.0,0.0
147.38015844310704,-12.621672186767155,14.499999999999998,0.0,0.0,0.0
147.40827566317466,-12.580175370919335,14.499999999999998,0.0,0.0,0.0
147.43638379536728,-12.538675622848386,14.499999999999998,0.0,0.0,0.0
147.46448287292873,-12.49717295348643,14.499999999999996,0.0,0.0,0.0
147.4925729290715,-12.455667373753379,14.499999999999998,0.0,0.0,0.0
147.52065399697696,-12.4141588945566,14.499999999999995,0.0,0.0,0.0
147.54872610979535,-12.372647526791345,14.499999999999998,0.0,0.0,0.0
147.57678930064606,-12.331133281340477,14.499999999999998,0.0,0.0,0.0
147.6048436026176,-12.289616169074648,14.499999999999996,0.0,0.0,0.0
147.63288904876777,-12.248096200852508,14.499999999999995,0.0,0.0,0.0
147.6609256721238,-12.206573387520402,14.499999999999995,0.0,0.0,0.0
147.68895350568243,-12.16504773991282,14.49999999999999,0.0,0.0,0.0
147.71697258241008,-12.12351926885204,14.499999999999993,0.0,0.0,0.0
147.74498293524286,-12.081987985148594,14.499999999999991,0.0,0.0,0.0
147.77298459708686,-12.040453899600896,14.49999999999999,0.0,0.0,0.0
147.80097760081802,-11.998917022995707,14.499999999999991,0.0,0.0,0.0
147.82896197928252,-11.957377366107771,14.499999999999988,0.0,0.0,0.0
147.85693776529664,-11.915834939700273,14.499999999999988,0.0,0.0,0.0
147.88490499164706,-11.874289754524538,14.499999999999988,0.0,0.0,0.0
147.912863691091,-11.832741821320232,14.499999999999988,0.0,0.0,0.0
147.94081389635596,-11.791191150815534,14.499999999999984,0.0,0.0,0.0
147.96875564014053,-11.749637753726876,14.499999999999988,0.0,0.0,0.0
147.99668895511365,-11.70808164075936,14.499999999999988,0.0,0.0,0.0
148.0246138739156,-11.666522822606426,14.499999999999986,0.0,0.0,0.0
148.05253042915734,-11.62496130995028,14.499999999999986,0.0,0.0,0.0
148.08043865342117,-11.583397113461562,14.499999999999986,0.0,0.0,0.0
148.10833857926053,-11.541830243799776,14.499999999999984,0.0,0.0,0.0
148.13623023920033,-11.50026071161296,14.499999999999984,0.0,0.0,0.0
148.16411366573686,-11.458688527538108,14.499999999999986,0.0,0.0,0.0
148.1919888913381,-11.417113702200837,14.499999999999986,0.0,0.0,0.0
148.21985594844367,-11.375536246215828,14.499999999999986,0.0,0.0,0.0
148.247714869465,-11.333956170186525,14.499999999999986,0.0,0.0,0.0
148.2755656867856,-11.292373484705333,14.499999999999986,0.0,0.0,0.0
148.30340843276082,-11.250788200353806,14.499999999999984,0.0,0.0,0.0
148.33124313971834,-11.209200327702362,14.499999999999986,0.0,0.0,0.0
148.359069839958,-11.167609877310706,14.499999999999986,0.0,0.0,0.0
148.38688856575217,-11.126016859727526,14.499999999999986,0.0,0.0,0.0
148.41469934934557,-11.084421285490828,14.499999999999984,0.0,0.0,0.0
148.44250222295562,-11.042823165127796,14.499999999999984,0.0,0.0,0.0
148.4702972187725,-11.001222509154928,14.499999999999984,0.0,0.0,0.0
148.49808436895907,-10.959619328078048,14.499999999999984,0.0,0.0,0.0
148.5258637056514,-10.918013632392373,14.499999999999988,0.0,0.0,0.0
148.55363526095843,-10.87640543258254,14.499999999999986,0.0,0.0,0.0
148.58139906696235,-10.834794739122676,14.499999999999986,0.0,0.0,0.0
148.6091551557186,-10.793181562476416,14.499999999999984,0.0,0.0,0.0
148.63690355925615,-10.751565913096979,14.499999999999988,0.0,0.0,0.0
148.66464430957728,-10.709947801427196,14.49999999999999,0.0,0.0,0.0
148.6923774386581,-10.668327237899558,14.499999999999986,0.0,0.0,0.0
148.72010297844835,-10.626704232936264,14.499999999999988,0.0,0.0,0.0
148.74782096087165,-10.585078796949274,14.49999999999999,0.0,0.0,0.0
148.77553141782553,-10.543450940340348,14.499999999999988,0.0,0.0,0.0
148.80323438118174,-10.50182067350109,14.49999999999999,0.0,0.0,0.0
148.83092988278605,-10.460188006813002,14.499999999999988,0.0,0.0,0.0
148.85861795445865,-10.418552950647523,14.49999999999999,0.0,0.0,0.0
148.88629862799408,-10.376915515366077,14.499999999999993,0.0,0.0,0.0
148.91397193516138,-10.335275711320126,14.499999999999988,0.0,0.0,0.0
148.94163790770435,-10.293633548851192,14.499999999999991,0.0,0.0,0.0
148.96929657734134,-10.251989038290942,14.49999999999999,0.0,0.0,0.0
148.99694797576575,-10.210342189961196,14.499999999999991,0.0,0.0,0.0
149.02459213464576,-10.16869301417399,14.499999999999993,0.0,0.0,0.0
149.0522290856248,-10.127041521231623,14.49999999999999,0.0,0.0,0.0
149.07985886032134,-10.085387721426697,14.499999999999991,0.0,0.0,0.0
149.10748149032923,-10.04373162504216,14.499999999999993,0.0,0.0,0.0
149.1350970072177,-10.002073242351358,14.499999999999993,0.0,0.0,0.0
149.16270544253155,-9.960412583618076,14.499999999999993,0.0,0.0,0.0
149.19030682779115,-9.918749659096587,14.499999999999995,0.0,0.0,0.0
149.2179011944926,-9.877084479031693,14.499999999999996,0.0,0.0,0.0
149.24548857410787,-9.83541705365877,14.499999999999995,0.0,0.0,0.0
149.2730689980849,-9.793747393203812,14.499999999999995,0.0,0.0,0.0
149.3006424978477,-9.752075507883486,14.499999999999993,0.0,0.0,0.0
149.32820910479637,-9.710401407905156,14.499999999999996,0.0,0.0,0.0
149.35576885030747,-9.668725103466947,14.499999999999998,0.0,0.0,0.0
149.38332176573377,-9.627046604757789,14.499999999999998,0.0,0.0,0.0
149.4108678824047,-9.58536592195745,14.499999999999998,0.0,0.0,0.0
149.43840723162617,-9.54368306523658,14.499999999999998,0.0,0.0,0.0
149.4659398446809,-9.501998044756773,14.499999999999998,0.0,0.0,0.0
149.49346575282843,-9.460310870670586,14.499999999999996,0.0,0.0,0.0
149.52098498730527,-9.418621553121612,14.499999999999998,0.0,0.0,0.0
149.5484975793249,-9.376930102244495,14.499999999999998,0.0,0.0,0.0
149.57600356007802,-9.335236528165003,14.5,0.0,0.0,0.0
149.60350296073258,-9.29354084100005,14.499999999999998,0.0,0.0,0.0
149.63099581243392,-9.251843050857742,14.500000000000002,0.0,0.0,0.0
149.65848214630483,-9.210143167837431,14.499999999999998,0.0,0.0,0.0
149.68596199344574,-9.168441202029763,14.500000000000002,0.0,0.0,0.0
149.71343538493483,-9.126737163516703,14.500000000000004,0.0,0.0,0.0
149.7409023518279,-9.085031062371591,14.500000000000005,0.0,0.0,0.0
149.7683629251589,-9.043322908659185,14.500000000000004,0.0,0.0,0.0
149.79581713593961,-9.001612712435705,14.500000000000004,0.0,0.0,0.0
149.82326501516013,-8.959900483748873,14.500000000000002,0.0,0.0,0.0
149.85070659378866,-8.918186232637957,14.500000000000004,0.0,0.0,0.0
149.8781419027718,-8.87646996913382,14.500000000000004,0.0,0.0,0.0
149.90557097303457,-8.83475170325896,14.500000000000004,0.0,0.0,0.0
149.9329938354807,-8.793031445027548,14.500000000000004,0.0,0.0,0.0
149.96041052099235,-8.75130920444548,14.500000000000002,0.0,0.0,0.0
149.98782106043072,-8.709584991510416,14.500000000000004,0.0,0.0,0.0
150.0152254846357,-8.667858816211824,14.500000000000004,0.0,0.0,0.0
150.04262382442627,-8.626130688531024,14.500000000000002,0.0,0.0,0.0
150.07001611060053,-8.584400618441222,14.500000000000004,0.0,0.0,0.0
150.09740237393572,-8.542668615907573,14.500000000000002,0.0,0.0,0.0
150.12478264518842,-8.500934690887204,14.500000000000002,0.0,0.0,0.0
150.15215695509465,-8.45919885332927,14.500000000000004,0.0,0.0,0.0
150.17952533437,-8.417461113174978,14.500000000000005,0.0,0.0,0.0
150.20688781370959,-8.375721480357663,14.500000000000005,0.0,0.0,0.0
150.23424442378837,-8.3339799648028,14.500000000000002,0.0,0.0,0.0
150.26159519526112,-8.292236576428062,14.500000000000002,0.0,0.0,0.0
150.28894015876256,-8.250491325143352,14.500000000000004,0.0,0.0,0.0
150.31627934490749,-8.208744220850855,14.500000000000002,0.0,0.0,0.0
150.34361278429088,-8.166995273445083,14.500000000000002,0.0,0.0,0.0
150.370940507488,-8.125244492812906,14.500000000000002,0.0,0.0,0.0
150.39826254505442,-8.0834918888336,14.500000000000002,0.0,0.0,0.0
150.42557892752623,-8.041737471378896,14.500000000000004,0.0,0.0,0.0
150.45288968542022,-7.999981250313006,14.500000000000002,0.0,0.0,0.0
150.48019484923373,-7.958223235492684,14.500000000000002,0.0,0.0,0.0
150.50749444944498,-7.916463436767259,14.5,0.0,0.0,0.0
150.53478851651312,-7.874701863978672,14.5,0.0,0.0,0.0
150.56207708087825,-7.832938526961527,14.500000000000002,0.0,0.0,0.0
150.58936017296162,-7.791173435543127,14.5,0.0,0.0,0.0
150.61663782316575,-7.749406599543522,14.499999999999998,0.0,0.0,0.0
150.6439100618744,-7.707638028775551,14.5,0.0,0.0,0.0
150.67117691945293,-7.6658677330448715,14.500000000000002,0.0,0.0,0.0
150.69843842624806,-7.624095722150014,14.500000000000004,0.0,0.0,0.0
150.72569461258826,-7.582322005882423,14.499999999999998,0.0,0.0,0.0
150.75294550878374,-7.540546594026491,14.500000000000002,0.0,0.0,0.0
150.78019114512654,-7.498769496359614,14.5,0.0,0.0,0.0
150.80743155189072,-7.456990722652208,14.499999999999998,0.0,0.0,0.0
150.83466675933235,-7.415210282667779,14.5,0.0,0.0,0.0
150.86189679768972,-7.373428186162956,14.499999999999998,0.0,0.0,0.0
150.88912169718338,-7.331644442887514,14.499999999999998,0.0,0.0,0.0
150.91634148801623,-7.2898590625844415,14.499999999999998,0.0,0.0,0.0
150.94355620037368,-7.248072054989966,14.499999999999996,0.0,0.0,0.0
150.97076586442378,-7.2062834298336025,14.499999999999995,0.0,0.0,0.0
150.9979705103172,-7.164493196838189,14.499999999999995,0.0,0.0,0.0
151.0251701681875,-7.122701365719929,14.499999999999995,0.0,0.0,0.0
151.052364868151,-7.080907946188438,14.499999999999993,0.0,0.0,0.0
151.07955464030718,-7.039112947946785,14.499999999999988,0.0,0.0,0.0
151.10673951473854,-6.997316380691521,14.499999999999988,0.0,0.0,0.0
