galstreams/tracks/track.st.Gaia-8.ibata2021.ecsv
# %ECSV 0.9
# ---
# datatype:
# - {name: ra, unit: deg, datatype: float64}
# - {name: dec, unit: deg, datatype: float64}
# - {name: distance, unit: kpc, datatype: float64}
# - {name: pm_ra_cosdec, unit: mas / yr, datatype: float64}
# - {name: pm_dec, unit: mas / yr, datatype: float64}
# - {name: radial_velocity, unit: km / s, datatype: float64}
# delimiter: ','
# meta: !!omap
# - __serialized_columns__:
#     dec:
#       __class__: astropy.coordinates.angles.Latitude
#       unit: &id001 !astropy.units.Unit {unit: deg}
#       value: !astropy.table.SerializedColumn {name: dec}
#     distance:
#       __class__: astropy.coordinates.distances.Distance
#       unit: !astropy.units.Unit {unit: kpc}
#       value: !astropy.table.SerializedColumn {name: distance}
#     pm_dec:
#       __class__: astropy.units.quantity.Quantity
#       unit: !astropy.units.Unit {unit: mas / yr}
#       value: !astropy.table.SerializedColumn {name: pm_dec}
#     pm_ra_cosdec:
#       __class__: astropy.units.quantity.Quantity
#       unit: !astropy.units.Unit {unit: mas / yr}
#       value: !astropy.table.SerializedColumn {name: pm_ra_cosdec}
#     ra:
#       __class__: astropy.coordinates.angles.Longitude
#       unit: *id001
#       value: !astropy.table.SerializedColumn {name: ra}
#       wrap_angle: !astropy.coordinates.Angle
#         unit: *id001
#         value: 360.0
#     radial_velocity:
#       __class__: astropy.units.quantity.Quantity
#       unit: !astropy.units.Unit {unit: km / s}
#       value: !astropy.table.SerializedColumn {name: radial_velocity}
# schema: astropy-2.0
ra,dec,distance,pm_ra_cosdec,pm_dec,radial_velocity
[from data line 689]
188.15344535687692,-21.346891782517485,6.962126399129397,-9.482541631113454,-8.569074768001375,1.6841534259744677e-13
188.16208591292468,-21.34095361863768,6.962196438811983,-9.482945658195698,-8.56941770687596,2.1893994537668078e-13
188.17072491503805,-21.335013984513157,6.962267969073994,-9.48335166100773,-8.56976092196227,1.8525687685719145e-13
188.17936236558856,-21.329072883132707,6.9623409862675665,-9.48375963150701,-8.57010441044547,1.6841534259744677e-13
188.18799826694826,-21.323130317484566,6.9624154867448285,-9.484169561651806,-8.57044816950867,1.515738083377021e-13
188.19663262148956,-21.317186290556332,6.962491466857911,-9.484581443401177,-8.5707921963329,1.515738083377021e-13
188.2052654315853,-21.311240805335157,6.96256892295895,-9.484995268715,-8.571136488097116,1.8525687685719145e-13
188.2138966996088,-21.305293864807492,6.962647851400072,-9.48541102955396,-8.571481041978231,2.5262301389617017e-13
188.2225264279338,-21.299345471959246,6.962728248533412,-9.485828717879523,-8.571825855151086,1.8525687685719145e-13
188.23115461893448,-21.293395629775773,6.962810110711099,-9.486248325653971,-8.572170924788457,1.515738083377021e-13
188.23978127498535,-21.28744434124182,6.962893434285267,-9.486669844840407,-8.572516248061074,2.5262301389617017e-13
188.24840639846153,-21.28149160934158,6.962978215608045,-9.48709326740271,-8.572861822137602,2.3578147963642546e-13
188.25702999173845,-21.275537437058635,6.963064451031566,-9.487518585305558,-8.573207644184663,1.347322740779574e-13
188.26565205719186,-21.26958182737608,6.963152136907964,-9.487945790514457,-8.57355371136681,2.020984111169361e-13
188.27427259719812,-21.26362478327636,6.963241269589364,-9.488374874995706,-8.573900020846576,1.6841534259744677e-13
188.2828916141339,-21.257666307741353,6.963331845427904,-9.488805830716387,-8.574246569784417,2.3578147963642546e-13
188.29150911037635,-21.251706403752376,6.963423860775712,-9.489238649644411,-8.574593355338775,2.694645481559148e-13
188.30012508830305,-21.245745074290177,6.96351731198492,-9.489673323748457,-8.574940374666028,2.1893994537668078e-13
188.3087395502919,-21.239782322334925,6.963612195407659,-9.490109844998033,-8.57528762492052,2.3578147963642546e-13
188.3173524987214,-21.23381815086619,6.963708507396063,-9.490548205363428,-8.575635103254566,2.5262301389617017e-13
188.3259639359702,-21.227852562863053,6.963806244302261,-9.490988396815732,-8.575982806818429,1.515738083377021e-13
188.3345738644176,-21.221885561303957,6.963905402478385,-9.491430411326858,-8.576330732760358,1.8525687685719145e-13
188.3431822864432,-21.215917149166767,6.964005978276568,-9.49187424086948,-8.576678878226556,2.020984111169361e-13
188.35178920442706,-21.20994732942882,6.964107968048941,-9.492319877417097,-8.577027240361208,2.694645481559148e-13
188.36039462074967,-21.20397610506685,6.964211368147633,-9.492767312944,-8.577375816306473,2.8630608241565947e-13
188.36899853779187,-21.19800347905704,6.964316174924778,-9.493216539425257,-8.577724603202467,2.3578147963642546e-13
188.37760095793493,-21.192029454374982,6.964422384732508,-9.49366754883677,-8.578073598187315,2.3578147963642546e-13
188.38620188356066,-21.186054033995703,6.9645299939229535,-9.494120333155207,-8.578422798397094,1.515738083377021e-13
188.394801317051,-21.180077220893722,6.964638998848243,-9.49457488435805,-8.578772200965878,1.8525687685719145e-13
188.4033992607885,-21.17409901804293,6.9647493958605144,-9.49503119442357,-8.579121803025714,1.515738083377021e-13
188.41199571715612,-21.168119428416645,6.964861181311896,-9.495489255330831,-8.579471601706654,2.020984111169361e-13
188.42059068853715,-21.162138454987648,6.964974351554519,-9.495949059059694,-8.579821594136716,2.694645481559148e-13
188.42918417731536,-21.156156100728136,6.965088902940512,-9.49641059759082,-8.580171777441933,2.020984111169361e-13
188.43777618587484,-21.15017236860976,6.965204831822013,-9.49687386290566,-8.580522148746311,2.694645481559148e-13
188.4463667166002,-21.14418726160353,6.965322134551149,-9.49733884698646,-8.580872705171865,2.5262301389617017e-13
188.4549557718763,-21.13820078268005,6.965440807480053,-9.497805541816263,-8.581223443838596,2.020984111169361e-13
188.4635433540885,-21.13221293480922,6.965560846960854,-9.498273939378894,-8.581574361864504,1.8525687685719145e-13
188.47212946562254,-21.126223720960414,6.965682249345689,-9.498744031658987,-8.581925456365607,1.6841534259744677e-13
188.48071410886456,-21.12023314410245,6.965805010986683,-9.499215810641958,-8.582276724455907,2.5262301389617017e-13
188.48929728620115,-21.114241207203577,6.965929128235974,-9.499689268314018,-8.582628163247426,1.515738083377021e-13
188.49787900001917,-21.108247913231484,6.966054597445689,-9.500164396662166,-8.582979769850182,1.515738083377021e-13
188.50645925270598,-21.102253265153305,6.966181414967958,-9.500641187674216,-8.58333154137222,2.5262301389617017e-13
188.5150380466494,-21.096257265935563,6.966309577154918,-9.501119633338732,-8.58368347491958,1.8525687685719145e-13
188.52361538423742,-21.09025991854433,6.966439080358698,-9.5015997256451,-8.584035567596318,1.6841534259744677e-13
188.5321912678586,-21.084261225945024,6.966569920931427,-9.502081456583493,-8.584387816504522,2.1893994537668078e-13
188.54076569990187,-21.078261191102502,6.966702095225242,-9.502564818144856,-8.584740218744276,1.6841534259744677e-13
188.5493386827565,-21.072259816981113,6.966835599592269,-9.50304980232095,-8.585092771413704,1.8525687685719145e-13
188.55791021881225,-21.066257106544594,6.9669704303846425,-9.503536401104308,-8.585445471608944,1.8525687685719145e-13
188.56648031045913,-21.060253062756157,6.967106583954494,-9.504024606488256,-8.585798316424158,2.3578147963642546e-13
188.5750489600877,-21.05424768857842,6.967244056653953,-9.504514410466909,-8.586151302951542,2.020984111169361e-13
188.58361617008876,-21.048240986973518,6.967382844835153,-9.505005805035172,-8.586504428281309,1.0104920555846805e-13
188.59218194285353,-21.042232960902957,6.967522944850223,-9.505498782188734,-8.586857689501713,1.8525687685719145e-13
188.60074628077368,-21.0362236133277,6.967664353051299,-9.505993333924081,-8.587211083699033,2.5262301389617017e-13
188.60930918624123,-21.03021294720816,6.96780706579051,-9.506489452238469,-8.587564607957594,2.020984111169361e-13
188.6178706616486,-21.02420096550418,6.967951079419985,-9.50698712912997,-8.587918259359755,1.347322740779574e-13
188.62643070938856,-21.018187671175074,6.96809639029186,-9.507486356597408,-8.588272034985904,1.515738083377021e-13
188.63498933185429,-21.012173067179543,6.968242994758264,-9.507987126640412,-8.588625931914486,2.694645481559148e-13
188.64354653143934,-21.006157156475847,6.968390889171329,-9.5084894312594,-8.588979947221974,2.694645481559148e-13
188.65210231053763,-21.000139942021573,6.968540069883186,-9.508993262455569,-8.589334077982901,1.8525687685719145e-13
188.66065667154348,-20.994121426773802,6.968690533245967,-9.509498612230903,-8.589688321269835,2.3578147963642546e-13
188.66920961685162,-20.988101613689057,6.968842275611805,-9.510005472588166,-8.590042674153409,1.1789073981821273e-13
188.67776114885703,-20.982080505723314,6.968995293332829,-9.510513835530919,-8.59039713370229,1.8525687685719145e-13
188.68631126995524,-20.976058105831978,6.9691495827611725,-9.511023693063493,-8.59075169698321,2.020984111169361e-13
188.69485998254203,-20.970034416969913,6.969305140248964,-9.511535037191013,-8.591106361060953,2.5262301389617017e-13
188.7034072890137,-20.9640094420914,6.969461962148338,-9.512047859919376,-8.591461122998375,2.020984111169361e-13
188.7119531917667,-20.957983184150258,6.969620044811426,-9.51256215325528,-8.591815979856364,1.515738083377021e-13
188.72049769319798,-20.95195564609967,6.969779384590357,-9.51307790920619,-8.592170928693886,1.8525687685719145e-13
188.7290407957049,-20.945926830892276,6.9699399778372655,-9.513595119780357,-8.592525966567974,2.020984111169361e-13
188.73758250168518,-20.93989674148019,6.97010182090428,-9.514113776986822,-8.592881090533732,1.6841534259744677e-13
188.7461228135368,-20.93386538081496,6.970264910143537,-9.51463387283539,-8.593236297644307,2.5262301389617017e-13
188.75466173365828,-20.92783275184759,6.970429241907162,-9.515155399336672,-8.593591584950945,1.347322740779574e-13
188.76319926444845,-20.921798857528504,6.97059481254729,-9.515678348502032,-8.593946949502946,2.1893994537668078e-13
188.77173540830634,-20.915763700807677,6.97076161841605,-9.516202712343647,-8.594302388347696,2.5262301389617017e-13
188.78027016763156,-20.909727284634418,6.970929655865577,-9.516728482874449,-8.594657898530642,2.1893994537668078e-13
188.78880354482402,-20.903689611957546,6.971098921248002,-9.51725565210815,-8.595013477095325,2.5262301389617017e-13
188.797335542284,-20.897650685725317,6.971269410915452,-9.517784212059258,-8.595369121083358,1.515738083377021e-13
188.8058661624121,-20.891610508885446,6.971441121220065,-9.518314154743052,-8.595724827534438,1.347322740779574e-13
188.8143954076093,-20.8855690843851,6.971614048513967,-9.518845472175586,-8.596080593486347,2.694645481559148e-13
188.82292328027705,-20.879526415170883,6.971788189149294,-9.519378156373696,-8.59643641597495,1.347322740779574e-13
188.83144978281703,-20.873482504188853,6.971963539478172,-9.519912199354994,-8.596792292034205,2.1893994537668078e-13
188.83997491763128,-20.867437354384588,6.9721400958527395,-9.520447593137877,-8.597148218696153,2.020984111169361e-13
188.8484986871223,-20.861390968703052,6.972317854625121,-9.520984329741514,-8.597504192990936,1.1789073981821273e-13
188.8570210936928,-20.855343350088667,6.9724968121474555,-9.521522401185845,-8.59786021194678,1.8525687685719145e-13
188.86554213974603,-20.849294501485335,6.972676964771868,-9.522061799491603,-8.598216272590028,1.6841534259744677e-13
188.87406182768547,-20.843244425836403,6.9728583088504905,-9.522602516680283,-8.598572371945092,2.3578147963642546e-13
188.88258015991505,-20.837193126084664,6.973040840735459,-9.523144544774155,-8.598928507034504,1.8525687685719145e-13
188.89109713883897,-20.831140605172358,6.9732245567789,-9.52368787579628,-8.599284674878893,2.5262301389617017e-13
188.8996127668618,-20.825086866041257,6.973409453332951,-9.524232501770479,-8.599640872496987,1.515738083377021e-13
188.90812704638844,-20.819031911632518,6.973595526749738,-9.524778414721363,-8.599997096905634,1.8525687685719145e-13
188.91663997982425,-20.812975744886764,6.9737827733813935,-9.525325606674299,-8.600353345119773,1.1789073981821273e-13
188.92515156957487,-20.806918368744096,6.973971189580051,-9.52587406965544,-8.60070961415246,2.1893994537668078e-13
188.9336618180463,-20.80085978614406,6.974160771697842,-9.52642379569171,-8.601065901014872,1.0104920555846805e-13
188.94217072764485,-20.794800000025667,6.974351516086895,-9.526974776810818,-8.601422202716282,2.3578147963642546e-13
188.9506783007773,-20.788739013327348,6.974543419099345,-9.527527005041224,-8.601778516264101,1.6841534259744677e-13
188.95918453985058,-20.782676828987103,6.974736477087323,-9.528080472412178,-8.602134838663828,2.1893994537668078e-13
188.9676894472722,-20.7766134499423,6.974930686402957,-9.5286351709537,-8.602491166919116,1.6841534259744677e-13
188.97619302544982,-20.770548879129777,6.975126043398384,-9.529191092696571,-8.602847498031707,1.6841534259744677e-13
188.98469527679154,-20.764483119485845,6.97532254442573,-9.529748229672364,-8.603203829001497,2.3578147963642546e-13
188.99319620370588,-20.758416173946287,6.975520185837131,-9.530306573913416,-8.603560156826486,1.515738083377021e-13
189.0016958086015,-20.752348045446343,6.975718963984716,-9.530866117452815,-8.603916478502807,1.6841534259744677e-13
189.0101940938876,-20.746278736920704,6.975918875220618,-9.531426852324447,-8.604272791024725,2.1893994537668078e-13
189.0186910619737,-20.740208251303493,6.976119915896965,-9.531988770562961,-8.604629091384641,1.8525687685719145e-13
189.0271867152695,-20.734136591528422,6.976322082365892,-9.532551864203771,-8.604985376573078,2.3578147963642546e-13
189.03568105618518,-20.72806376052854,6.976525370979532,-9.533116125283058,-8.605341643578695,2.020984111169361e-13
189.04417408713124,-20.72198976123638,6.976729778090012,-9.533681545837787,-8.605697889388303,2.5262301389617017e-13
189.05266581051853,-20.71591459658399,6.976935300049466,-9.53424811790568,-8.606054110986834,2.020984111169361e-13
189.06115622875822,-20.709838269502836,6.977141933210027,-9.534815833525224,-8.606410305357375,1.1789073981821273e-13
189.0696453442618,-20.703760782923883,6.9773496739238245,-9.535384684735693,-8.606766469481144,1.6841534259744677e-13
189.07813315944117,-20.697682139777488,6.977558518542989,-9.535954663577105,-8.607122600337513,2.3578147963642546e-13
189.08661967670844,-20.691602342993626,6.977768463419652,-9.536525762090275,-8.607478694903998,2.5262301389617017e-13
189.09510489847617,-20.685521395501592,6.97797950490595,-9.53709797231675,-8.60783475015626,2.1893994537668078e-13
189.10358882715718,-20.67943930023021,6.978191639354007,-9.537671286298885,-8.608190763068114,1.6841534259744677e-13
189.11207146516472,-20.673356060107768,6.978404863115962,-9.538245696079763,-8.608546730611524,2.020984111169361e-13
189.12055281491226,-20.667271678062004,6.978619172543939,-9.538821193703257,-8.60890264975662,1.6841534259744677e-13
189.1290328788137,-20.661186157020143,6.978834563990076,-9.539397771213997,-8.609258517471668,1.347322740779574e-13
189.13751165928312,-20.65509949990887,6.979051033806502,-9.539975420657381,-8.609614330723106,2.1893994537668078e-13
189.14598915873523,-20.64901170965432,6.979268578345348,-9.540554134079574,-8.609970086475535,1.8525687685719145e-13
189.1544653795847,-20.642922789182187,6.979487193958745,-9.54113390352751,-8.610325781691705,1.8525687685719145e-13
189.16294032424676,-20.636832741417518,6.979706876998826,-9.541714721048878,-8.61068141333254,2.5262301389617017e-13
189.17141399513696,-20.63074156928489,6.979927623817723,-9.542296578692133,-8.611036978357117,1.6841534259744677e-13
189.1798863946711,-20.624649275708343,6.9801494307675656,-9.542879468506506,-8.611392473722702,1.347322740779574e-13
189.18835752526527,-20.61855586361138,6.980372294200486,-9.543463382541974,-8.611747896384708,2.3578147963642546e-13
189.19682738933608,-20.612461335916993,6.980596210468616,-9.544048312849291,-8.612103243296735,2.020984111169361e-13
189.2052959893003,-20.606365695547595,6.980821175924086,-9.54463425147997,-8.612458511410548,2.5262301389617017e-13
189.21376332757507,-20.600268945425178,6.981047186919031,-9.545221190486286,-8.612813697676087,2.020984111169361e-13
189.22222940657778,-20.594171088471114,6.981274239805577,-9.545809121921277,-8.613168799041471,1.347322740779574e-13
189.23069422872626,-20.588072127606267,6.981502330935862,-9.546398037838742,-8.613523812452993,2.020984111169361e-13
189.23915779643863,-20.581972065750982,6.981731456662011,-9.54698793029324,-8.613878734855133,1.1789073981821273e-13
189.2476201121333,-20.575870905825088,6.981961613336161,-9.547578791340097,-8.614233563190552,2.1893994537668078e-13
189.25608117822904,-20.56976865074787,6.9821927973104385,-9.548170613035404,-8.614588294400095,1.347322740779574e-13
189.2645409971449,-20.563665303438068,6.98242500493698,-9.548763387435985,-8.614942925422787,2.020984111169361e-13
189.27299957130026,-20.557560866813997,6.982658232567914,-9.549357106599466,-8.615297453195844,1.6841534259744677e-13
189.2814569031148,-20.551455343793346,6.982892476555373,-9.549951762584207,-8.615651874654679,1.6841534259744677e-13
189.2899129950086,-20.545348737293303,6.9831277332514885,-9.550547347449323,-8.616006186732882,1.515738083377021e-13
189.29836784940193,-20.539241050230547,6.983363999008389,-9.551143853254715,-8.616360386362249,1.347322740779574e-13
189.30682146871547,-20.533132285521226,6.983601270178211,-9.551741272061008,-8.616714470472763,2.020984111169361e-13
