galstreams/tracks/track.st.Orphan-Chenab.koposov2023.ecsv
# %ECSV 1.0
# ---
# datatype:
# - {name: ra, unit: deg, datatype: float64}
# - {name: dec, unit: deg, datatype: float64}
# - {name: distance, unit: kpc, datatype: float64}
# - {name: pm_ra_cosdec, unit: mas / yr, datatype: float64}
# - {name: pm_dec, unit: mas / yr, datatype: float64}
# - {name: radial_velocity, unit: km / s, datatype: float64}
# delimiter: ','
# meta: !!omap
# - __serialized_columns__:
#     dec:
#       __class__: astropy.coordinates.angles.Latitude
#       unit: &id001 !astropy.units.Unit {unit: deg}
#       value: !astropy.table.SerializedColumn {name: dec}
#     distance:
#       __class__: astropy.coordinates.distances.Distance
#       unit: !astropy.units.Unit {unit: kpc}
#       value: !astropy.table.SerializedColumn {name: distance}
#     pm_dec:
#       __class__: astropy.units.quantity.Quantity
#       unit: !astropy.units.Unit {unit: mas / yr}
#       value: !astropy.table.SerializedColumn {name: pm_dec}
#     pm_ra_cosdec:
#       __class__: astropy.units.quantity.Quantity
#       unit: !astropy.units.Unit {unit: mas / yr}
#       value: !astropy.table.SerializedColumn {name: pm_ra_cosdec}
#     ra:
#       __class__: astropy.coordinates.angles.Longitude
#       unit: *id001
#       value: !astropy.table.SerializedColumn {name: ra}
#       wrap_angle: !astropy.coordinates.Angle
#         unit: *id001
#         value: 360.0
#     radial_velocity:
#       __class__: astropy.units.quantity.Quantity
#       unit: !astropy.units.Unit {unit: km / s}
#       value: !astropy.table.SerializedColumn {name: radial_velocity}
# schema: astropy-2.0
ra,dec,distance,pm_ra_cosdec,pm_dec,radial_velocity
[from data line 1389]
315.3825938035781,-63.22397841749161,28.748697325580284,-0.1721672323809973,-3.195645398383598,-106.13769659799479
315.37110453118515,-63.232536923131505,28.744052363391425,-0.1728237036341178,-3.1961782399786403,-106.10346914261817
315.3596085184325,-63.24109452071323,28.739407401202573,-0.17348074841331185,-3.196710928872412,-106.0692416872417
315.3481057595183,-63.249651209354916,28.73476243901372,-0.17413836720529852,-3.197243464761143,-106.03501423186516
315.3365962486351,-63.258206988173775,28.73011747682485,-0.17479656049721437,-3.197775847340513,-106.00078677648854
315.3250799799701,-63.266761856285854,28.725472514635992,-0.1754553287765892,-3.198308076305648,-105.96655932111203
315.3135569477046,-63.27531581280629,28.720827552447137,-0.17611467253138557,-3.1988401513511184,-105.93233186573549
315.30202714601455,-63.283868856849175,28.71618259025829,-0.17677459224996883,-3.1993720721709455,-105.89810441035888
315.2904905690703,-63.29242098752743,28.71153762806943,-0.17743508842111066,-3.199903838458592,-105.8638769549824
315.27894721103667,-63.30097220395314,28.706892665880574,-0.17809616153399999,-3.200435449906965,-105.82964949960582
315.26739706607276,-63.309522505237105,28.702247703691715,-0.17875781207823271,-3.2009669062084134,-105.79542204422931
315.25584012833207,-63.31807189048934,28.69760274150286,-0.17942004054382577,-3.2014982070547298,-105.76119458885279
315.24427639196284,-63.3266203588186,28.692957779314,-0.1800828474211953,-3.2020293521371443,-105.72696713347622
315.23270585110737,-63.335167909332725,28.68831281712514,-0.18074623320118066,-3.20256034114633,-105.6927396780997
315.2211284999023,-63.343714541138525,28.683667854936292,-0.18141019837503292,-3.2030911737723957,-105.65851222272319
315.209544332479,-63.3522602533416,28.67902289274744,-0.18207474343440655,-3.203621849704889,-105.62428476734675
315.19795334296293,-63.360805045046725,28.67437793055858,-0.18273986887138438,-3.2041523686327977,-105.59005731197018
315.1863555254742,-63.3693489153574,28.669732968369722,-0.1834055751784418,-3.204682730244539,-105.55582985659379
315.17475087412697,-63.3778918633763,28.665088006180866,-0.18407186284848898,-3.2052129342279683,-105.52160240121722
315.1631393830301,-63.38643388820481,28.66044304399201,-0.18473873237482774,-3.205742980270374,-105.48737494584074
315.1515210462867,-63.39497498894344,28.65579808180315,-0.1854061842511936,-3.2062728680584773,-105.45314749046419
315.13989585799396,-63.40351516469162,28.651153119614296,-0.1860742189717257,-3.206802597278428,-105.41892003508781
315.12826381224403,-63.412054414547626,28.64650815742544,-0.1867428370309714,-3.2073321676158115,-105.38469257971124
315.1166249031228,-63.42059273760879,28.641863195236585,-0.18741203892390645,-3.2078615787556397,-105.35046512433472
315.104979124711,-63.42913013297126,28.63721823304773,-0.18808182514590222,-3.2083908303823527,-105.31623766895824
315.09332647108334,-63.437666599730285,28.632573270858874,-0.18875219619276606,-3.2089199221798212,-105.28201021358196
315.0816669363092,-63.44620213697986,28.627928308670022,-0.18942315256069708,-3.2094488538313355,-105.2477827582054
315.070000514452,-63.45473674381308,28.623283346481166,-0.19009469474632734,-3.2099776250196195,-105.21355530282895
315.0583271995695,-63.46327041932195,28.618638384292304,-0.19076682324669614,-3.2105062354268163,-105.17932784745244
315.0466469857142,-63.47180316259726,28.613993422103448,-0.19143953855924956,-3.2110346847344937,-105.14510039207595
315.0349598669323,-63.48033497272894,28.609348459914596,-0.19211284118186756,-3.2115629726236397,-105.1108729366995
315.02326583726483,-63.48886584880566,28.60470349772574,-0.19278673161282467,-3.2120910987746676,-105.07664548132308
315.0115648907469,-63.497395789915196,28.600058535536878,-0.19346121035082642,-3.2126190628674096,-105.04241802594662
314.99985702140805,-63.50592479514409,28.59541357334803,-0.19413627789498422,-3.2131468645811134,-105.00819057057019
314.988142223272,-63.51445286357791,28.59076861115917,-0.19481193474482472,-3.213674503594451,-104.97396311519381
314.9764204903567,-63.52297999430119,28.58612364897031,-0.19548818140030488,-3.2142019795855057,-104.93973565981729
314.96469181667464,-63.53150618639725,28.58147868678146,-0.19616501836177536,-3.2147292922317785,-104.9055082044409
314.9529561962325,-63.54003143894836,28.576833724592603,-0.19684244613001645,-3.2152564412101876,-104.8712807490645
314.9412136230311,-63.54855575103584,28.572188762403748,-0.19752046520622102,-3.2157834261970653,-104.83705329368799
314.92946409106565,-63.55707912173983,28.5675438002149,-0.19819907609200604,-3.216310246868151,-104.80282583831159
314.91770759432586,-63.565601550139334,28.56289883802603,-0.19887827928938417,-3.216836902898605,-104.76859838293518
314.9059441267952,-63.57412303531245,28.55825387583718,-0.1995580753008115,-3.217363393962988,-104.7343709275588
314.8941736824518,-63.58264357633593,28.55360891364833,-0.20023846462913997,-3.217889719735279,-104.70014347218243
314.882396255268,-63.591163172285746,28.548963951459463,-0.2009194477776466,-3.2184158798888634,-104.66591601680592
314.87061183921037,-63.59968182223648,28.544318989270618,-0.20160102525002355,-3.2189418740965277,-104.63168856142956
314.85882042823965,-63.60819952526182,28.53967402708176,-0.2022831975503787,-3.219467702030477,-104.59746110605326
314.84702201631086,-63.616716280434396,28.535029064892903,-0.20296596518324717,-3.219993363362311,-104.56323365067682
314.83521659737335,-63.62523208682552,28.53038410270404,-0.20364932865356344,-3.22051885776304,-104.52900619530043
314.8234041653705,-63.63374694350567,28.525739140515192,-0.20433328846669796,-3.2210441849030738,-104.49477873992404
314.81158471424027,-63.64226084954401,28.521094178326337,-0.2050178451284217,-3.221569344452228,-104.46055128454769
314.7997582379145,-63.65077380400881,28.51644921613748,-0.20570299914494083,-3.2220943360797163,-104.42632382917128
314.78792473031945,-63.65928580596703,28.511804253948625,-0.2063887510228597,-3.2226191594541556,-104.39209637379486
314.7760841853756,-63.667796854484685,28.50715929175977,-0.20707510126921713,-3.2231438142435582,-104.35786891841852
314.7642365969975,-63.6763069486267,28.50251432957091,-0.207762050391465,-3.223668300115337,-104.32364146304214
314.752381959094,-63.684816087456745,28.497869367382066,-0.20844959889746661,-3.2241926167362998,-104.28941400766583
314.74052026556814,-63.69332427003757,28.493224405193203,-0.2091377472955196,-3.224716763772654,-104.25518655228946
314.7286515103173,-63.701831495430646,28.488579443004355,-0.20982649609431858,-3.2252407408899955,-104.22095909691306
314.7167756872328,-63.710337762696504,28.4839344808155,-0.21051584580299143,-3.2257645477533208,-104.18673164153678
314.70489279020046,-63.71884307089441,28.479289518626643,-0.21120579693108144,-3.226288184027012,-104.15250418616033
314.6930028130999,-63.72734741908262,28.474644556437784,-0.211896349988552,-3.2268116493748513,-104.11827673078403
314.68110574980517,-63.735850806318304,28.469999594248936,-0.2125875054857822,-3.227334943459999,-104.08404927540779
314.6692015941845,-63.744353231657406,28.465354632060084,-0.21327926393356966,-3.227858065945016,-104.04982182003131
314.65729034010025,-63.75285469415488,28.460709669871225,-0.21397162584314033,-3.2283810164918476,-104.01559436465502
314.645371981409,-63.761355192864414,28.456064707682366,-0.2146645917261223,-3.2289037947618264,-103.98136690927873
314.6334465119613,-63.76985472683877,28.451419745493517,-0.21535816209458036,-3.2294264004156643,-103.94713945390242
314.62151392560213,-63.77835329512941,28.44677478330466,-0.2160523374609875,-3.2299488331134705,-103.91291199852613
314.6095742161704,-63.78685089678678,28.442129821115802,-0.21674711833824234,-3.2304710925147284,-103.87868454314977
314.59762737749924,-63.79534753086025,28.437484858926947,-0.2174425052396627,-3.2309931782783066,-103.84445708777339
314.585673403416,-63.803843196397885,28.432839896738095,-0.21813849867897894,-3.2315150900624574,-103.8102296323971
314.5737122877421,-63.81233789244684,28.428194934549246,-0.21883509917035338,-3.2320368275248113,-103.7760021770209
314.56174402429315,-63.82083161805297,28.423549972360387,-0.21953230722835904,-3.2325583903223793,-103.74177472164449
314.5497686068787,-63.82932437226114,28.418905010171528,-0.2202301233679942,-3.2330797781115495,-103.70754726626825
314.53778602930265,-63.83781615411493,28.414260047982676,-0.220928548104671,-3.2336009905480876,-103.67331981089197
314.52579628536296,-63.84630696265695,28.409615085793824,-0.22162758195423082,-3.234122027287136,-103.63909235551573
314.51379936885166,-63.85479679692867,28.40497012360497,-0.22232722543293137,-3.2346428879832105,-103.60486490013938
314.5018171713736,-63.86329135811427,28.400414368485777,-0.22302818514536216,-3.2351606221541442,-103.57048126138862
314.4898601028783,-63.871793359949734,28.39599019379433,-0.22373079341918234,-3.235673827883154,-103.53586725216034
314.4778958640991,-63.88029439343903,28.391566019102886,-0.22443400776933697,-3.236186856166384,-103.50125324293218
314.4659244488033,-63.888794457626794,28.38714184441145,-0.22513782871027832,-3.2366997066573946,-103.46663923370404
314.45394585075303,-63.89729355155629,28.38271766972,-0.22584225675685365,-3.237212379009121,-103.43202522447585
314.4419600637037,-63.905791674269885,28.37829349502856,-0.22654729242435656,-3.237724872873865,-103.39741121524771
314.42996708140515,-63.91428882480861,28.37386932033712,-0.22725293622848475,-3.2382371879033047,-103.36279720601941
314.4179668976013,-63.922785002212485,28.369445145645674,-0.22795918868536025,-3.2387493237484826,-103.32818319679136
314.4059595060299,-63.93128020552031,28.36502097095423,-0.22866605031153142,-3.239261280059815,-103.29356918756322
314.3939449004229,-63.9397744337698,28.360596796262797,-0.2293735216239592,-3.239773056487077,-103.25895517833487
314.3819230745061,-63.94826768599755,28.35617262157135,-0.230081603140041,-3.240284652679419,-103.22434116910681
314.3698940219996,-63.95675996123889,28.351748446879903,-0.23079029537757556,-3.2407960682853503,-103.18972715987864
314.3578577366172,-63.965251258528184,28.347324272188466,-0.23149959885479632,-3.2413073029527464,-103.15511315065045
314.3458142120668,-63.97374157689845,28.342900097497026,-0.23220951409035684,-3.241818356328842,-103.12049914142237
314.3337634420504,-63.982230915381734,28.338475922805575,-0.2329200416033319,-3.2423292280602385,-103.08588513219414
314.321705420264,-63.99071927300877,28.33405174811414,-0.2336311819132093,-3.2428399177928937,-103.0512711229661
314.30964014039745,-63.99920664880929,28.329627573422698,-0.2343429355399116,-3.243350425172124,-103.01665711373778
314.2975675961346,-64.00769304181183,28.325203398731254,-0.23505530300378297,-3.2438607498426077,-102.98204310450983
314.2854877811536,-64.0161784510437,28.32077922403981,-0.23576828482557421,-3.2443708914483778,-102.94742909528169
314.2734006891261,-64.02466287553116,28.316355049348367,-0.23648188152647975,-3.2448808496328203,-102.91281508605347
314.26130631371814,-64.03314631429917,28.311930874656927,-0.23719609362809368,-3.2453906240386807,-102.87820107682532
314.2492046485893,-64.04162876637172,28.307506699965487,-0.2379109216524573,-3.245900214308053,-102.84358706759733
314.2370956873936,-64.05011023077144,28.30308252527404,-0.23862636612201094,-3.2464096200823893,-102.80897305836915
314.22497942377873,-64.05859070651996,28.298658350582595,-0.23934242755963187,-3.2469188410024863,-102.77435904914095
314.21285585138634,-64.06707019263771,28.29423417589116,-0.24005910648861706,-3.2474278767084943,-102.73974503991285
314.2007249638522,-64.07554868814384,28.28981000119972,-0.24077640343268158,-3.247936726839912,-102.70513103068468
314.1885867548058,-64.0840261920565,28.28538582650827,-0.24149431891597128,-3.248445391035587,-102.67051702145672
314.1764412178707,-64.09250270339253,28.28096165181683,-0.24221285346304833,-3.2489538689337087,-102.63590301222855
314.16428834666436,-64.10097822116772,28.276537477125387,-0.242932007598899,-3.2494621601718157,-102.60128900300046
314.15212813479843,-64.10945274439658,28.27211330243395,-0.24365178184892788,-3.2499702643867914,-102.56667499377241
314.1399605758779,-64.1179262720925,28.267689127742507,-0.2443721767389797,-3.2504781812148584,-102.53206098454429
314.12778566350227,-64.1263988032678,28.263264953051067,-0.24509319279530617,-3.2509859102915835,-102.49744697531611
314.11560339126464,-64.13487033693336,28.25884077835962,-0.2458148305445813,-3.251493451251875,-102.46283296608809
314.10341375275203,-64.14334087209919,28.254416603668187,-0.24653709051391837,-3.252000803729976,-102.42821895686004
314.0912167415456,-64.15181040777384,28.249992428976743,-0.24725997323083204,-3.2525079673594766,-102.39360494763186
314.0790123512201,-64.16027894296494,28.245568254285303,-0.24798347922328534,-3.2530149417732916,-102.3589909384038
314.06680057534453,-64.16874647667868,28.24114407959386,-0.24870760901963762,-3.2535217266036836,-102.32437692917576
314.0545814074813,-64.17721300792027,28.236719904902415,-0.24943236314869766,-3.254028321482242,-102.28976291994775
314.04235484118715,-64.1856785356937,28.23229573021097,-0.2501577421396821,-3.2545347260398922,-102.25514891071971
314.03012087001264,-64.19414305900165,28.22787155551953,-0.2508837465222309,-3.2550409399068925,-102.22053490149163
314.01787948750183,-64.20260657684578,28.22344738082808,-0.25161037682642373,-3.255546962712832,-102.18592089226355
314.0056306871933,-64.21106908822638,28.21902320613665,-0.25233763358273786,-3.2560527940866284,-102.15130688303546
313.99337446261876,-64.21953059214276,28.21459903144521,-0.25306551732210525,-3.2565584336565307,-102.11669287380731
313.98111080730456,-64.22799108759278,28.210174856753763,-0.25379402857585087,-3.257063881050114,-102.08207886457947
313.96883971477024,-64.23645057357338,28.205750682062327,-0.25452316787574714,-3.257569135894277,-102.04746485535124
313.9565611785295,-64.24490904908012,28.201326507370887,-0.25525293575398633,-3.2580741978152465,-102.01285084612321
313.9442751920899,-64.25336651310745,28.196902332679443,-0.25598333274317775,-3.2585790664385756,-101.97823683689516
313.93198174895286,-64.26182296464849,28.192478157988003,-0.2567143593763501,-3.259083741389134,-101.94362282766716
313.91968084261356,-64.2702784026953,28.188053983296566,-0.2574460161869734,-3.259588222291118,-101.90900881843925
313.907372466561,-64.27873282623877,28.18362980860511,-0.258178303708932,-3.260092508768042,-101.87439480921114
313.89505661427813,-64.28718623426839,28.179205633913675,-0.25891122247653375,-3.2605966004427382,-101.83978079998307
313.8827332792416,-64.29563862577265,28.174781459222235,-0.2596447730245137,-3.2611004969373583,-101.80516679075517
313.870402454922,-64.3040899997387,28.17035728453079,-0.2603789558880303,-3.261604197873373,-101.77055278152704
313.8580641347835,-64.31254035515255,28.165933109839354,-0.2611137716026726,-3.2621077028715635,-101.73593877229911
313.8457183122845,-64.32098969099896,28.16150893514791,-0.2618492207044396,-3.262611011552029,-101.70132476307097
313.83336498087687,-64.32943800626147,28.15708476045647,-0.26258530372976874,-3.263114123534179,-101.66671075384298
313.82100413400633,-64.3378852999225,28.15266058576503,-0.26332202121551673,-3.2636170384367356,-101.6320967446149
313.8086357651125,-64.3463315709631,28.148236411073587,-0.2640593736989665,-3.2641197558777355,-101.59748273538702
313.7962598676287,-64.35477681836328,28.143812236382146,-0.26479736171782897,-3.2646222754745158,-101.56286872615907
313.78387643498223,-64.36322104110167,28.139388061690706,-0.2655359858102233,-3.2651245968437297,-101.52825471693107
313.77148546059374,-64.37166423815582,28.134963886999266,-0.26627524651472423,-3.265626719601336,-101.49364070770304
313.75908693787835,-64.38010640850187,28.130539712307822,-0.2670151443702964,-3.2661286433625953,-101.45902669847506
