galstreams/tracks/track.st.Turranburra.shipp2019.ecsv
# %ECSV 0.9
# ---
# datatype:
# - {name: ra, unit: deg, datatype: float64}
# - {name: dec, unit: deg, datatype: float64}
# - {name: distance, unit: kpc, datatype: float64}
# - {name: pm_ra_cosdec, unit: mas / yr, datatype: float64}
# - {name: pm_dec, unit: mas / yr, datatype: float64}
# - {name: radial_velocity, unit: km / s, datatype: float64}
# delimiter: ','
# meta: !!omap
# - __serialized_columns__:
#     dec:
#       __class__: astropy.coordinates.angles.Latitude
#       unit: &id001 !astropy.units.Unit {unit: deg}
#       value: !astropy.table.SerializedColumn {name: dec}
#     distance:
#       __class__: astropy.coordinates.distances.Distance
#       unit: !astropy.units.Unit {unit: kpc}
#       value: !astropy.table.SerializedColumn {name: distance}
#     pm_dec:
#       __class__: astropy.units.quantity.Quantity
#       unit: !astropy.units.Unit {unit: mas / yr}
#       value: !astropy.table.SerializedColumn {name: pm_dec}
#     pm_ra_cosdec:
#       __class__: astropy.units.quantity.Quantity
#       unit: !astropy.units.Unit {unit: mas / yr}
#       value: !astropy.table.SerializedColumn {name: pm_ra_cosdec}
#     ra:
#       __class__: astropy.coordinates.angles.Longitude
#       unit: *id001
#       value: !astropy.table.SerializedColumn {name: ra}
#       wrap_angle: !astropy.coordinates.Angle
#         unit: *id001
#         value: 360.0
#     radial_velocity:
#       __class__: astropy.units.quantity.Quantity
#       unit: !astropy.units.Unit {unit: km / s}
#       value: !astropy.table.SerializedColumn {name: radial_velocity}
# schema: astropy-2.0
ra,dec,distance,pm_ra_cosdec,pm_dec,radial_velocity
[from data line 541]
64.86454341961641,-20.997476128569883,27.500000000008686,0.38374859547033635,-0.9840421510048047,-2.265295827908347e-09
64.87396965128923,-21.002250708729704,27.500000000008693,0.3837606434298032,-0.9837701167192251,-2.2708366926798033e-09
64.88339555008095,-21.007026241827138,27.500000000008693,0.3837725760937775,-0.9834977918956046,-2.2763607159169994e-09
64.89282111631233,-21.011802727845364,27.500000000008693,0.3837843933993977,-0.983225176554165,-2.2818426353185463e-09
64.90224635030441,-21.016580166767678,27.500000000008697,0.38379609528378816,-0.9829522707151418,-2.2873161339529636e-09
64.9116712523781,-21.021358558577326,27.500000000008693,0.3838076816840576,-0.9826790743987864,-2.292755949518861e-09
64.92109582285464,-21.026137903257673,27.5000000000087,0.38381915253730103,-0.9824055876253627,-2.298178923550499e-09
64.93052006205511,-21.030918200792005,27.500000000008708,0.3838305077805971,-0.9821318104151505,-2.303568214513617e-09
64.9399439703009,-21.035699451163712,27.500000000008708,0.38384174735101134,-0.9818577427884435,-2.3089406639424757e-09
64.94936754791345,-21.040481654356224,27.50000000000871,0.38385287118559325,-0.9815833847655491,-2.3143046926042042e-09
64.95879079521418,-21.045264810352908,27.50000000000871,0.38386387922137766,-0.9813087363667903,-2.3196350381974137e-09
64.96821371252477,-21.05004891913727,27.50000000000872,0.3838747713953857,-0.9810337976125028,-2.324940121489233e-09
64.97763630016681,-21.054833980692727,27.50000000000871,0.3838855476446221,-0.9807585685230387,-2.330219942479663e-09
64.98705855846212,-21.059619995002823,27.50000000000872,0.3838962079060777,-0.980483049118763,-2.3354745011687034e-09
64.99648048773264,-21.064406962051102,27.500000000008725,0.38390675211672864,-0.9802072394200552,-2.340720639090614e-09
65.00590208830025,-21.06919488182109,27.500000000008725,0.38391718021353555,-0.97993113944731,-2.345933093944005e-09
65.01532336048709,-21.073983754296414,27.500000000008725,0.38392749213344524,-0.9796547492209361,-2.351120286496006e-09
65.02474430461524,-21.07877357946064,27.500000000008725,0.383937687813389,-0.9793780687613561,-2.356282216746618e-09
65.03416492100705,-21.08356435729746,27.500000000008733,0.38394776719028406,-0.9791010980890075,-2.36141046392871e-09
65.04358520998476,-21.088356087790483,27.50000000000873,0.3839577302010321,-0.9788238372243431,-2.3665387111108025e-09
65.05300517187086,-21.09314877092344,27.500000000008736,0.3839675767825202,-0.9785462861878277,-2.371633275224375e-09
65.06242480698798,-21.097942406680083,27.500000000008743,0.38397730687162224,-0.9782684449999424,-2.3767109978036883e-09
65.07184411565859,-21.102736995044086,27.500000000008736,0.38398692040519516,-0.977990313681183,-2.381746616547352e-09
65.08126309820557,-21.107532535999308,27.500000000008743,0.3839964173200826,-0.9777118922520582,-2.3867738145238858e-09
65.0906817549516,-21.112329029529477,27.50000000000874,0.3840057975531126,-0.9774331807330925,-2.3917841709661597e-09
65.10010008621974,-21.117126475618484,27.50000000000875,0.38401506104109934,-0.9771541791448239,-2.3967608443399143e-09
65.10951809233286,-21.12192487425013,27.500000000008743,0.38402420772084195,-0.9768748875078053,-2.401720676179409e-09
65.11893577361414,-21.12672422540832,27.50000000000875,0.38403323752912444,-0.9765953058426039,-2.4066468249503844e-09
65.12835313038684,-21.131524529077,27.50000000000875,0.3840421504027175,-0.976315434169801,-2.4115813944884895e-09
65.13777016297412,-21.136325785240047,27.50000000000875,0.3840509462783753,-0.9760352725099936,-2.4164654394238153e-09
65.14718687169949,-21.141127993881476,27.500000000008757,0.38405962509283903,-0.9757548208837912,-2.421332642824882e-09
65.15660325688634,-21.145931154985224,27.500000000008757,0.38406818678283394,-0.9754740793118196,-2.4261745839245583e-09
65.16601931885836,-21.15073526853536,27.50000000000876,0.38407663128507197,-0.9751930478147179,-2.4309912627228452e-09
65.17543505793908,-21.15554033451587,27.500000000008757,0.38408495853624847,-0.9749117264131406,-2.435782679219743e-09
65.18485047445236,-21.160346352910853,27.500000000008765,0.38409316847304636,-0.974630115127755,-2.4405488334152503e-09
65.19426556872209,-21.16515332370443,27.50000000000876,0.38410126103213293,-0.9743482139792446,-2.445314987610758e-09
65.20368034107214,-21.16996124688067,27.50000000000876,0.38410923615016046,-0.9740660229883071,-2.4500221964363567e-09
65.21309479182666,-21.174770122423766,27.500000000008768,0.38411709376376674,-0.9737835421756534,-2.4547378260290853e-09
65.22250892130971,-21.17957995031784,27.500000000008765,0.3841248338095759,-0.9735007715620108,-2.459419772553294e-09
65.23192272984562,-21.184390730547157,27.50000000000877,0.384132456224197,-0.9732177111681191,-2.464059615241854e-09
65.24133621775862,-21.189202463095874,27.500000000008775,0.38413996094422337,-0.9729343610147339,-2.468691037163284e-09
65.25074938537318,-21.194015147948274,27.50000000000877,0.3841473479062357,-0.9726507211226251,-2.4733140383175835e-09
65.26016223301393,-21.19882878508866,27.500000000008775,0.3841546170467989,-0.9723667915125765,-2.477911777170494e-09
65.26957476100536,-21.20364337450129,27.500000000008775,0.3841617683024635,-0.9720825722053874,-2.482467412187755e-09
65.27898696967227,-21.20845891617054,27.500000000008775,0.38416880160976613,-0.9717980632218706,-2.4870062056707562e-09
65.2883988593394,-21.21327541008071,27.500000000008782,0.3841757169052274,-0.9715132645828538,-2.4915281576194975e-09
65.29781043033175,-21.218092856216245,27.500000000008782,0.3841825141253556,-0.9712281763091793,-2.4960248472668494e-09
65.3072216829742,-21.22291125456148,27.500000000008786,0.38418919320664163,-0.9709427984217038,-2.5005046953799416e-09
65.31663261759192,-21.22773060510089,27.500000000008782,0.3841957540855645,-0.9706571309412988,-2.504950860424514e-09
65.32604323451017,-21.23255090781896,27.500000000008786,0.384202196698588,-0.9703711738888499,-2.509363342400567e-09
65.3354535340541,-21.237372162700115,27.500000000008782,0.3842085209821605,-0.9700849272852573,-2.51378424514375e-09
65.3448635165492,-21.242194369728924,27.500000000008786,0.3842147268727168,-0.9697983911514356,-2.518154623284154e-09
65.35427318232084,-21.247017528889856,27.500000000008786,0.3842208143066762,-0.9695115655083146,-2.5225334221916873e-09
65.3636825316947,-21.251841640167545,27.500000000008786,0.38422678322044523,-0.9692244503768379,-2.5268701172635717e-09
65.37309156499637,-21.256666703546507,27.500000000008786,0.38423263355041415,-0.9689370457779642,-2.5311731292669366e-09
65.38250028255165,-21.261492719011386,27.500000000008786,0.38423836523296,-0.9686493517326663,-2.5354592997360413e-09
65.39190868468641,-21.26631968654685,27.500000000008786,0.38424397820444484,-0.9683613682619313,-2.539737049438017e-09
65.40131677172654,-21.2711476061375,27.50000000000879,0.384249472401216,-0.9680730953867618,-2.5439726953043425e-09
65.4107245439982,-21.275976477768083,27.50000000000879,0.3842548477596072,-0.967784533128174,-2.5481830788692787e-09
65.42013200182738,-21.280806301423254,27.500000000008786,0.38426010421593715,-0.9674956815071998,-2.5524103039684746e-09
65.42953914554047,-21.285637077087813,27.50000000000879,0.3842652417065102,-0.9672065405448835,-2.556587004464891e-09
65.43894597546367,-21.290468804746467,27.500000000008797,0.3842702601676159,-0.9669171102622862,-2.5607216011256587e-09
65.44835249192347,-21.295301484384023,27.50000000000879,0.3842751595355304,-0.9666273906804838,-2.5648646185535557e-09
65.45775869524644,-21.300135115985338,27.500000000008793,0.38427993974651475,-0.9663373818205636,-2.568957111378674e-09
65.46716458575911,-21.304969699535174,27.500000000008797,0.3842846007368151,-0.9660470837036311,-2.5730580249709217e-09
65.47657016378828,-21.309805235018473,27.50000000000879,0.38428914244266504,-0.9657564963508046,-2.57710841396039e-09
65.48597542966066,-21.314641722420056,27.500000000008797,0.3842935648002814,-0.965465619783217,-2.581150382182729e-09
65.49538038370326,-21.319479161724892,27.500000000008793,0.3842978677458686,-0.9651744540220157,-2.585167088103678e-09
65.50478502624297,-21.32431755291787,27.500000000008793,0.38430205121561517,-0.964882999088364,-2.5891669524903674e-09
65.51418935760695,-21.32915689598397,27.500000000008797,0.3843061151456968,-0.9645912550034381,-2.593133133808537e-09
65.52359337812241,-21.33399719090822,27.500000000008793,0.38431005947227365,-0.9642992217884294,-2.5970824735924474e-09
65.53299708811659,-21.338838437675566,27.500000000008797,0.3843138841314917,-0.9640068994645443,-2.601006551074968e-09
65.54240048791691,-21.34368063627111,27.500000000008793,0.38431758905948354,-0.9637142880530035,-2.6049222077903585e-09
65.55180357785076,-21.348523786679863,27.500000000008797,0.3843211741923656,-0.9634213875750424,-2.60878733990297e-09
65.56120635824585,-21.353367888886954,27.500000000008793,0.3843246394662428,-0.9631281980519111,-2.6126440512484515e-09
65.57060882942972,-21.358212942877444,27.500000000008793,0.38432798481720204,-0.9628347195048732,-2.6164755002925434e-09
65.58001099173018,-21.363058948636496,27.500000000008797,0.3843312101813193,-0.9625409519552092,-2.6202901078023756e-09
65.58941284547511,-21.367905906149304,27.500000000008797,0.38433431549465513,-0.9622468954242118,-2.6240878737779477e-09
65.59881439099243,-21.37275381540099,27.500000000008797,0.38433730069325456,-0.9619525499331898,-2.627843535917871e-09
65.60821562861022,-21.377602676376824,27.500000000008797,0.38434016571315016,-0.9616579155034667,-2.631590777290664e-09
65.61761655865658,-21.382452489061976,27.500000000008797,0.38434291049035885,-0.9613629921563798,-2.6353380186634573e-09
65.62701718145983,-21.387303253441775,27.500000000008793,0.38434553496088436,-0.9610677799132813,-2.6390094731320816e-09
65.63641749734819,-21.392154969501426,27.500000000008797,0.38434803906071485,-0.9607722787955381,-2.642689348367836e-09
65.64581750665013,-21.39700763722628,27.500000000008797,0.3843504227258257,-0.9604764888245323,-2.64636080283646e-09
65.65521720969429,-21.40186125660169,27.50000000000879,0.38435268589217786,-0.9601804100216601,-2.6499733119351756e-09
65.66461660680912,-21.406715827612953,27.500000000008797,0.38435482849571606,-0.9598840424083316,-2.6535774002667606e-09
65.67401569832346,-21.411571350245502,27.500000000008797,0.384356850472374,-0.9595873860059733,-2.6571730678312165e-09
65.68341448456603,-21.416427824484696,27.500000000008797,0.3843587517580679,-0.9592904408360248,-2.6607350523271524e-09
65.6928129658658,-21.421285250315965,27.500000000008797,0.38436053228870215,-0.9589932069199417,-2.6642717745216986e-09
65.70221114255179,-21.426143627724812,27.500000000008793,0.3843621920001667,-0.9586956842791932,-2.667800075949115e-09
65.71160901495303,-21.431002956696652,27.500000000008786,0.3843637308283356,-0.9583978729352631,-2.6712778527737525e-09
65.7210065833988,-21.43586323721702,27.50000000000879,0.3843651487090704,-0.9580997729096508,-2.6747724711326496e-09
65.73040384821832,-21.44072446927141,27.50000000000879,0.38436644557821753,-0.9578013842238701,-2.6781997233545074e-09
65.73980080974104,-21.44558665284539,27.500000000008793,0.38436762137161024,-0.9575027068994485,-2.6816353963434953e-09
65.74919746829633,-21.450449787924505,27.500000000008786,0.38436867602506597,-0.9572037409579299,-2.6850542277982234e-09
65.75859382421392,-21.455313874494397,27.500000000008786,0.3843696094743901,-0.9569044864208711,-2.6884309554173025e-09
65.76798987782334,-21.460178912540616,27.500000000008786,0.38437042165537183,-0.9566049433098454,-2.6917824207349918e-09
65.77738562945444,-21.465044902048835,27.50000000000879,0.3843711125037875,-0.9563051116464389,-2.6951507275869407e-09
65.78678107943712,-21.469911843004756,27.500000000008786,0.3843716819553994,-0.9560049914522539,-2.6984516683018504e-09
65.79617622810123,-21.474779735393998,27.50000000000878,0.3843721299459544,-0.9557045827489068,-2.701735767482501e-09
65.80557107577697,-21.479648579202326,27.500000000008782,0.3843724564111872,-0.9554038855580285,-2.705028287430281e-09
65.81496562279435,-21.48451837441543,27.500000000008782,0.38437266128681546,-0.955102899901265,-2.708253441241022e-09
65.82435986948366,-21.489389121019087,27.500000000008782,0.3843727445085461,-0.9548016258002769,-2.711487015818893e-09
65.83375381617533,-21.494260818999113,27.500000000008775,0.38437270601207046,-0.9545000632767401,-2.714712169629634e-09
65.8431474631997,-21.49913346834126,27.500000000008782,0.3843725457330642,-0.9541982123523436,-2.717861536536206e-09
65.85254081088739,-21.5040070690314,27.500000000008775,0.3843722636071922,-0.9538960730487933,-2.721036165744168e-09
65.86193385956892,-21.50888162105533,27.50000000000877,0.38437185957010206,-0.9535936453878079,-2.7241771118836103e-09
65.87132660957515,-21.513757124398985,27.50000000000877,0.38437133355742925,-0.9532909293911216,-2.727301216488793e-09
65.88071906123679,-21.518633579048206,27.500000000008775,0.3843706855047945,-0.9529879250804838,-2.730366375724067e-09
65.8901112148848,-21.523510984988942,27.50000000000877,0.3843699153478043,-0.952684632477658,-2.73343153495934e-09
65.89950307085024,-21.528389342207152,27.500000000008765,0.38436902302205245,-0.9523810516044231,-2.7364966941946136e-09
65.90889462946416,-21.53326865068876,27.500000000008768,0.38436800846311625,-0.9520771824825713,-2.739536591128498e-09
65.91828589105783,-21.538148910419814,27.500000000008765,0.38436687160656136,-0.9517730251339122,-2.742534384226732e-09
65.92767685596249,-21.54303012138626,27.500000000008765,0.3843656123879378,-0.9514685795802673,-2.745506915023577e-09
65.9370675245096,-21.54791228357419,27.50000000000876,0.3843642307427828,-0.9511638458434741,-2.7484541835190323e-09
65.94645789703058,-21.552795396969604,27.500000000008757,0.3843627266066179,-0.9508588239453859,-2.751401452014488e-09
65.95584797385706,-21.55767946155862,27.500000000008757,0.3843610999149524,-0.9505535139078689,-2.754306616674294e-09
65.9652377553208,-21.56256447732736,27.50000000000876,0.3843593506032812,-0.9502479157528045,-2.7572117813340995e-09
65.97462724175345,-21.5674504442619,27.500000000008757,0.38435747860708425,-0.9499420295020904,-2.760083262925386e-09
65.98401643348704,-21.572337362348442,27.500000000008754,0.38435548386182855,-0.9496358551776372,-2.762921061448153e-09
65.9934053308534,-21.577225231573102,27.50000000000875,0.3843533663029661,-0.949329392801372,-2.76575043920379e-09
66.00279393418474,-21.582114051922126,27.500000000008747,0.3843511258659362,-0.9490226423952344,-2.7685545546580378e-09
66.01218224381309,-21.58700382338168,27.500000000008743,0.3843487624861633,-0.9487156039811815,-2.7713334078108957e-09
66.0215702600708,-21.59189454593802,27.50000000000875,0.3843462760990577,-0.9484082775811828,-2.774086998662364e-09
66.03095798329026,-21.596786219577446,27.500000000008743,0.38434366664001696,-0.948100663217224,-2.7768321687467024e-09
66.04034541380385,-21.601678844286184,27.500000000008743,0.38434093404442354,-0.9477927609113057,-2.779543655762521e-09
66.0497325519442,-21.606572420050586,27.50000000000874,0.38433807824764615,-0.9474845706854425,-2.78224672201121e-09
66.05911939804389,-21.611466946856936,27.50000000000874,0.3843350991850396,-0.9471760925616641,-2.7849076844242496e-09
66.06850595243573,-21.616362424691633,27.500000000008736,0.3843319967919454,-0.9468673265620151,-2.7875602260701594e-09
66.0778922154525,-21.621258853540997,27.500000000008736,0.38432877100369056,-0.9465582727085551,-2.79017908464755e-09
66.08727818742716,-21.62615623339145,27.500000000008733,0.384325421755588,-0.9462489310233584,-2.7927811016906805e-09
66.0966638686928,-21.631054564229434,27.500000000008722,0.38432194898293753,-0.945939301528514,-2.795374697966681e-09
66.10604925958248,-21.63595384604133,27.500000000008725,0.3843183526210236,-0.9456293842461254,-2.7979093488727726e-09
