galstreams/tracks/track.st.Orphan-Chenab.koposov2023.ecsv
# %ECSV 1.0
# ---
# datatype:
# - {name: ra, unit: deg, datatype: float64}
# - {name: dec, unit: deg, datatype: float64}
# - {name: distance, unit: kpc, datatype: float64}
# - {name: pm_ra_cosdec, unit: mas / yr, datatype: float64}
# - {name: pm_dec, unit: mas / yr, datatype: float64}
# - {name: radial_velocity, unit: km / s, datatype: float64}
# delimiter: ','
# meta: !!omap
# - __serialized_columns__:
#     dec:
#       __class__: astropy.coordinates.angles.Latitude
#       unit: &id001 !astropy.units.Unit {unit: deg}
#       value: !astropy.table.SerializedColumn {name: dec}
#     distance:
#       __class__: astropy.coordinates.distances.Distance
#       unit: !astropy.units.Unit {unit: kpc}
#       value: !astropy.table.SerializedColumn {name: distance}
#     pm_dec:
#       __class__: astropy.units.quantity.Quantity
#       unit: !astropy.units.Unit {unit: mas / yr}
#       value: !astropy.table.SerializedColumn {name: pm_dec}
#     pm_ra_cosdec:
#       __class__: astropy.units.quantity.Quantity
#       unit: !astropy.units.Unit {unit: mas / yr}
#       value: !astropy.table.SerializedColumn {name: pm_ra_cosdec}
#     ra:
#       __class__: astropy.coordinates.angles.Longitude
#       unit: *id001
#       value: !astropy.table.SerializedColumn {name: ra}
#       wrap_angle: !astropy.coordinates.Angle
#         unit: *id001
#         value: 360.0
#     radial_velocity:
#       __class__: astropy.units.quantity.Quantity
#       unit: !astropy.units.Unit {unit: km / s}
#       value: !astropy.table.SerializedColumn {name: radial_velocity}
# schema: astropy-2.0
ra,dec,distance,pm_ra_cosdec,pm_dec,radial_velocity
[from data line 16587]
147.32783862091208,35.84613153585586,37.96344704776644,-0.5632363153112958,-0.48713174845898793,158.09971924006766
147.32402629756695,35.85563132786848,37.970263787859,-0.5629861363016246,-0.48726737939426706,158.05615188280285
147.32021294137138,35.86513097150827,37.97708052795157,-0.5627359363348641,-0.48740299738419673,158.01258452553805
147.3163985517722,35.87463046669473,37.98389726804412,-0.5624857154006504,-0.48753860241927316,157.96901716827335
147.31258312821578,35.88412981334746,37.990714008136685,-0.5622354734886112,-0.4876741944899865,157.92544981100855
147.30876667014815,35.89362901138583,37.997530748229266,-0.5619852105883686,-0.487809773586818,157.88188245374374
147.304949177015,35.903128060729294,38.00434748832183,-0.5617349266895406,-0.4879453397002427,157.83831509647885
147.30113064826165,35.91262696129716,38.01116422841441,-0.5614846217817362,-0.4880808928207268,157.79474773921413
147.29731108333308,35.922125713008725,38.017980968506976,-0.5612342958545609,-0.4882164329387296,157.75118038194933
147.29349048167393,35.93162431578322,38.02479770859954,-0.5609839488976129,-0.48835196004470316,157.7076130246845
147.28966884272842,35.94112276953982,38.031614448692096,-0.560733580900485,-0.48848747412909127,157.66404566741986
147.2858461659405,35.95062107419766,38.03843118878467,-0.5604831918527627,-0.4886229751823312,157.6204783101551
147.28202245075374,35.96011922967583,38.04524792887723,-0.5602327817440274,-0.4887584631948517,157.57691095289022
147.27819769661127,35.96961723589332,38.05206466896981,-0.5599823505638517,-0.48889393815707416,157.53334359562544
147.27437190295595,35.979115092769085,38.05888140906237,-0.5597318983018054,-0.489029400059413,157.4897762383606
147.27054506923022,35.988612800222036,38.065698149154954,-0.5594814249474491,-0.4891648488922744,157.44620888109583
147.2667171948763,35.99811035817104,38.07251488924752,-0.5592309304903404,-0.4893002846460571,157.402641523831
147.26288827933587,36.00760776653487,38.079331629340096,-0.5589804149200288,-0.48943570731115243,157.35907416656624
147.25905832205035,36.01710502523226,38.08614836943265,-0.5587298782260581,-0.4895711168779434,157.3155068093015
147.25522732246083,36.02660213418193,38.09296510952521,-0.5584793203979657,-0.48970651333680715,157.27193945203672
147.25139528000793,36.03609909330251,38.09978184961779,-0.5582287414252832,-0.48984189667811134,157.22837209477188
147.24756219413197,36.04559590251253,38.10659858971036,-0.5579781412975366,-0.48997726689221677,157.18480473750714
147.243728064273,36.055092561730575,38.11341532980293,-0.5577275200042454,-0.4901126239694769,157.1412373802423
147.23989288987056,36.06458907087508,38.12023206989549,-0.5574768775349235,-0.49024796790023745,157.0976700229775
147.23605667036392,36.074085429864425,38.127048809988075,-0.5572262138790774,-0.4903832986748354,157.05410266571272
147.23221940519198,36.083581638617,38.13386555008064,-0.5569755290262093,-0.4905186162836014,157.01053530844788
147.22838109379322,36.093077697051086,38.14068229017319,-0.5567248229658136,-0.4906539207168582,156.96696795118322
147.22454173560587,36.10257360508494,38.14749903026576,-0.5564740956873797,-0.49078921196492037,156.92340059391844
147.2207013300677,36.11206936263677,38.15431577035834,-0.5562233471803897,-0.4909244900180953,156.87983323665364
147.2168598766161,36.1215649696247,38.16113251045091,-0.5559725774343207,-0.49105975486668285,156.83626587938883
147.21301737468826,36.13106042596677,38.16794925054347,-0.5557217864386441,-0.49119500650097414,156.792698522124
147.20917382372082,36.14055573158107,38.17476599063605,-0.5554709741828234,-0.49133024491125377,156.7491311648592
147.20532922315016,36.15005088638549,38.18158273072862,-0.5552201406563175,-0.491465470087798,156.70556380759442
147.2014835724123,36.159545890298006,38.18839947082119,-0.5549692858485786,-0.49160068202087565,156.66199645032955
147.1976368709428,36.1690407432364,38.19521621091375,-0.5547184097490532,-0.4917358807007471,156.61842909306495
147.19378911817697,36.17853544511857,38.20203295100631,-0.55446751234718,-0.4918710661176665,156.57486173580008
147.18994031354973,36.18802999586219,38.20884969109889,-0.5542165936323938,-0.492006238261879,156.53129437853534
147.1860904564956,36.197524395384974,38.21566643119146,-0.553965653594122,-0.4921413971236223,156.48772702127047
147.18223954644876,36.20701864360455,38.22248317128403,-0.5537146922217858,-0.4922765426931269,156.4441596640057
147.17838758284302,36.216512740438496,38.2292999113766,-0.5534637095048006,-0.4924116749606142,156.40059230674086
147.17453456511183,36.22600668580432,38.23611665146917,-0.553212705432576,-0.4925467939162994,156.35702494947606
147.17068049268823,36.2355004796195,38.24293339156172,-0.5529616799945147,-0.49268189955038866,156.3134575922114
147.16682536500502,36.24499412180143,38.249750131654295,-0.5527106331800136,-0.49281699185308114,156.2698902349465
147.16296918149447,36.2544876122675,38.25656687174687,-0.5524595649784625,-0.4929520708145687,156.2263228776818
147.1591119415886,36.26398095093497,38.26338361183944,-0.5522084753792464,-0.49308713642503355,156.18275552041695
147.15525364471904,36.2734741377211,38.270200351932004,-0.5519573643717439,-0.4932221886746522,156.13918816315214
147.151394290317,36.28296717254305,38.27701709202457,-0.5517062319453265,-0.49335722755359185,156.0956208058874
147.14753387781343,36.29246005531797,38.28383383211715,-0.5514550780893606,-0.4934922530520116,156.0520534486225
147.14367240663876,36.30195278596292,38.290650572209714,-0.5512039027932051,-0.4936272651600657,156.00848609135778
147.1398098762232,36.3114453643949,38.29746731230227,-0.5509527060462147,-0.49376226386789596,155.96491873409312
147.13594628599657,36.32093779053089,38.30428405239485,-0.5507014878377352,-0.4938972491656402,155.92135137682826
147.13208163538815,36.33043006428783,38.311100792487416,-0.5504502481571084,-0.49403222104342703,155.87778401956345
147.12821592382713,36.339922185582495,38.31791753257999,-0.5501989869936685,-0.4941671794913767,155.83421666229864
147.1243491507421,36.34941415433171,38.324734272672565,-0.5499477043367444,-0.49430212449960176,155.7906493050339
147.1204813155614,36.35890597045221,38.33155101276513,-0.549696400175659,-0.49443705605820826,155.74708194776906
147.11661241771296,36.368397633860646,38.3383677528577,-0.549445074499728,-0.4945719741572916,155.70351459050423
147.11274245662435,36.37788914447366,38.34518449295027,-0.549193727298261,-0.49470687878694236,155.65994723323945
147.1088714317228,36.387380502207776,38.35200123304282,-0.5489423585605626,-0.4948417699372405,155.61637987597476
147.1049993424351,36.396871706979546,38.358817973135395,-0.5486909682759291,-0.49497664759826043,155.57281251870995
147.10112618818772,36.40636275870543,38.36563471322796,-0.5484395564336523,-0.4951115117600678,155.52924516144512
147.09725196840674,36.415853657301774,38.37245145332054,-0.5481881230230163,-0.49524636241271913,155.48567780418034
147.0933766825179,36.42534440268492,38.3792681934131,-0.5479366680333014,-0.49538119954626464,155.44211044691554
147.08960703609776,36.43486639172385,38.38635383648568,-0.5476993781439063,-0.4955116927308906,155.39678038743273
147.08590869547166,36.444409524773945,38.39362178666334,-0.5474716861126712,-0.49563923847254054,155.3502552755987
147.0822093244996,36.45395251855474,38.400889736841,-0.5472439741797457,-0.4957667731406803,155.3037301637647
147.07850892262852,36.46349537298992,38.40815768701862,-0.5470162423351376,-0.4958942967274601,155.25720505193084
147.07480748930496,36.47303808800317,38.41542563719629,-0.5467884905688463,-0.4960218092250238,155.21067994009684
147.0711050239751,36.48258066351811,38.42269358737394,-0.5465607188708679,-0.4961493106255093,155.1641548282628
147.0674015260847,36.49212309945826,38.429961537551605,-0.5463329272311898,-0.4962768009210467,155.11762971642884
147.06369699507928,36.501665395747125,38.43722948772926,-0.5461051156397958,-0.49640428010376025,155.0711046045949
147.05999143040387,36.51120755230817,38.44449743790692,-0.5458772840866608,-0.49653174816576706,155.02457949276078
147.05628483150315,36.52074956906476,38.451765388084574,-0.5456494325617547,-0.49665920509917816,154.97805438092684
147.05257719782153,36.53029144594026,38.4590333382622,-0.5454215610550432,-0.4967866508960978,154.93152926909298
147.04886852880298,36.539833182857976,38.46630128843986,-0.5451936695564811,-0.4969140855486239,154.88500415725892
147.04515882389111,36.549374779741115,38.47356923861752,-0.5449657580560212,-0.49704150904884636,154.83847904542495
147.04144808252914,36.55891623651287,38.48083718879518,-0.5447378265436076,-0.49716892138885027,154.79195393359092
147.03773630416,36.56845755309639,38.488105138972834,-0.5445098750091804,-0.4972963225607132,154.74542882175692
147.03402348822618,36.57799872941473,38.49537308915049,-0.5442819034426715,-0.4974237125565053,154.69890370992292
147.03030963416978,36.587539765390936,38.50264103932815,-0.5440539118340066,-0.49755109136829156,154.65237859808892
147.02659474143266,36.59708066094795,38.50990898950581,-0.5438259001731067,-0.49767845898812907,154.6058534862549
147.0228788094562,36.60662141600871,38.51717693968344,-0.543597868449886,-0.49780581540806856,154.55932837442106
147.01916183768142,36.61616203049609,38.524444889861094,-0.5433698166542508,-0.49793316062015464,154.51280326258706
147.015443825549,36.625702504332914,38.53171284003876,-0.5431417447761031,-0.4980604946164245,154.46627815075303
147.01172477249926,36.63524283744192,38.538980790216414,-0.5429136528053378,-0.498187817388909,154.41975303891903
147.00800467797214,36.64478302974583,38.54624874039408,-0.5426855407318438,-0.4983151289296322,154.37322792708503
147.00428354140715,36.65432308116729,38.55351669057173,-0.5424574085455032,-0.49844242923061094,154.32670281525102
147.00056136224353,36.66386299162891,38.56078464074939,-0.5422292562361926,-0.49856971828385643,154.28017770341705
146.9968381399201,36.67340276105324,38.568052590927046,-0.5420010837937822,-0.4986969960813723,154.233652591583
146.99311387387533,36.682942389362715,38.57532054110468,-0.5417728912081361,-0.49882426261515467,154.1871274797491
146.98938856354727,36.69248187647985,38.58258849128234,-0.5415446784691103,-0.4989515178771954,154.1406023679151
146.9856622083736,36.70202122232703,38.58985644145999,-0.5413164455665567,-0.4990787618594775,154.09407725608116
146.98193480779173,36.71156042682657,38.59712439163764,-0.5410881924903198,-0.4992059945539775,154.04755214424713
146.97820636123862,36.721099489900745,38.60439234181531,-0.5408599192302382,-0.49933321595266555,154.00102703241313
146.97447686815082,36.73063841147179,38.61166029199296,-0.540631625776144,-0.49946042604750523,153.95450192057916
146.97074632796458,36.74017719146185,38.618928242170625,-0.5404033121178631,-0.499587624830452,153.90797680874516
146.96701474011573,36.749715829793054,38.62619619234826,-0.5401749782452153,-0.49971481229345666,153.86145169691127
146.9632821040398,36.75925432638753,38.633464142525916,-0.5399466241480135,-0.49984198842846167,153.81492658507722
146.9595484191718,36.768792681167234,38.64073209270357,-0.5397182498160648,-0.4999691532274033,153.76840147324324
146.95581368494652,36.77833089405413,38.648000042881236,-0.5394898552391687,-0.5000963066822107,153.72187636140922
146.95207790079832,36.78786896497012,38.65526799305888,-0.539261440407121,-0.5002234487848064,153.67535124957521
146.9483410661612,36.79740689383706,38.66253594323654,-0.5390330053097089,-0.5003505795271055,153.62882613774124
146.9446031804687,36.80694468057677,38.669803893414205,-0.5388045499367137,-0.5004776989010171,153.5823010259072
146.9408642431541,36.81648232511095,38.677071843591854,-0.5385760742779109,-0.5006048068984436,153.53577591407324
146.93712425365024,36.826019827361286,38.6843397937695,-0.5383475783230698,-0.5007319035112788,153.48925080223935
146.9333832113896,36.83555718724947,38.691607743947145,-0.5381190620619514,-0.5008589887314131,153.44272569040538
146.92964111580432,36.84509440469705,38.69887569412481,-0.5378905254843132,-0.5009860625507259,153.3962005785714
146.92589796632606,36.854631479625525,38.70614364430246,-0.5376619685799039,-0.5011131249610923,153.34967546673732
146.92215376238622,36.86416841195642,38.71341159448012,-0.5374333913384679,-0.5012401759543804,153.30315035490332
146.91840850341578,36.873705201611116,38.720679544657784,-0.5372047937497411,-0.5013672155224504,153.2566252430694
146.91466218884528,36.88324184851099,38.72794749483544,-0.5369761758034555,-0.5014942436571562,153.21010013123532
146.91091481810503,36.89277835257733,38.73521544501309,-0.5367475374893338,-0.5016212603503452,153.16357501940138
146.9071663906248,36.9023147137314,38.742483395190725,-0.5365188787970954,-0.501748265593857,153.11704990756752
146.9034169058341,36.91185093189442,38.74975134536839,-0.5362901997164504,-0.5018752593795246,153.07052479573346
146.899666363162,36.92138700698753,38.75701929554604,-0.5360615002371043,-0.502002241699175,153.02399968389946
146.8959147620372,36.93092293893181,38.7642872457237,-0.5358327803487557,-0.5021292125446268,152.97747457206546
146.892162101888,36.9404587276483,38.771555195901364,-0.5356040400410969,-0.502256171907693,152.93094946023146
146.88840838214242,36.949994373057976,38.77882314607902,-0.5353752793038138,-0.5023831197801784,152.88442434839746
146.88465360222798,36.9595298750818,38.78609109625667,-0.5351464981265859,-0.502510056153882,152.83789923656343
146.8808977615719,36.96906523364059,38.79335904643433,-0.534917696499086,-0.5026369810205946,152.7913741247294
146.87714085960096,36.978600448655165,38.80062699661196,-0.5346888744109812,-0.5027638943721011,152.74484901289551
146.8733828957416,36.988135520046335,38.807894946789624,-0.5344600318519304,-0.5028907962001798,152.69832390106157
146.86962386941988,36.99767044773479,38.81516289696727,-0.5342311688115877,-0.503017686496601,152.65179878922757
146.86586378006143,37.00720523164118,38.822430847144936,-0.5340022852796009,-0.5031445652531279,152.60527367739363
146.86210262709162,37.0167398716861,38.82969879732259,-0.5337733812456109,-0.5032714324615173,152.5587485655595
146.85834040993527,37.02627436779009,38.836966747500256,-0.5335444566992511,-0.5033982881135189,152.5122234537255
146.8545771280169,37.03580871987363,38.844234697677905,-0.53331551163015,-0.5035251322008759,152.46569834189154
146.85081278076075,37.04534292785714,38.85150264785555,-0.5330865460279304,-0.5036519647153228,152.41917323005765
146.84704736759045,37.05487699166106,38.8587705980332,-0.5328575598822047,-0.5037787856485895,152.37264811822374
146.84328088792944,37.06441091120568,38.86603854821086,-0.5326285531825828,-0.503905594992397,152.32612300638962
146.83951334120067,37.073944686411245,38.8733064983885,-0.5323995259186663,-0.5040323927384606,152.27959789455568
146.83574472682685,37.08347831719798,38.88057444856617,-0.5321704780800517,-0.5041591788784862,152.23307278272168
146.83197504423006,37.09301180348605,38.88784239874384,-0.5319414096563266,-0.5042859534041758,152.1865476708877
146.82820429283225,37.102545145195556,38.89511034892149,-0.531712320637075,-0.5044127163072223,152.14002255905362
146.8244324720548,37.11207834224653,38.90237829909914,-0.5314832110118723,-0.5045394675793123,152.09349744721962
146.82065958131884,37.12161139455894,38.90964624927678,-0.5312540807702886,-0.5046662072121245,152.04697233538582
146.816885620045,37.13114430205275,38.91691419945444,-0.5310249299018863,-0.5047929351973319,152.00044722355182
146.81311058765363,37.14067706464788,38.924182149632095,-0.5307957583962224,-0.5049196515265998,151.95392211171776
146.80933448356458,37.150209682264084,38.93145009980975,-0.5305665662428469,-0.5050463561915856,151.90739699988376
146.80555730719743,37.15974215482117,38.93871804998741,-0.5303373534313034,-0.5051730491839402,151.8608718880498
146.80177905797126,37.16927448223883,38.94598600016507,-0.5301081199511287,-0.5052997304953084,151.81434677621573
