galstreams/tracks/track.st.Sagittarius.antoja2020.ecsv
# %ECSV 1.0
# ---
# datatype:
# - {name: ra, unit: deg, datatype: float64}
# - {name: dec, unit: deg, datatype: float64}
# - {name: distance, unit: kpc, datatype: float64}
# - {name: pm_ra_cosdec, unit: mas / yr, datatype: float64}
# - {name: pm_dec, unit: mas / yr, datatype: float64}
# - {name: radial_velocity, unit: km / s, datatype: float64}
# delimiter: ','
# meta: !!omap
# - __serialized_columns__:
#     dec:
#       __class__: astropy.coordinates.angles.Latitude
#       unit: &id001 !astropy.units.Unit {unit: deg}
#       value: !astropy.table.SerializedColumn {name: dec}
#     distance:
#       __class__: astropy.coordinates.distances.Distance
#       unit: !astropy.units.Unit {unit: kpc}
#       value: !astropy.table.SerializedColumn {name: distance}
#     pm_dec:
#       __class__: astropy.units.quantity.Quantity
#       unit: !astropy.units.Unit {unit: mas / yr}
#       value: !astropy.table.SerializedColumn {name: pm_dec}
#     pm_ra_cosdec:
#       __class__: astropy.units.quantity.Quantity
#       unit: !astropy.units.Unit {unit: mas / yr}
#       value: !astropy.table.SerializedColumn {name: pm_ra_cosdec}
#     ra:
#       __class__: astropy.coordinates.angles.Longitude
#       unit: *id001
#       value: !astropy.table.SerializedColumn {name: ra}
#       wrap_angle: !astropy.coordinates.Angle
#         unit: *id001
#         value: 360.0
#     radial_velocity:
#       __class__: astropy.units.quantity.Quantity
#       unit: !astropy.units.Unit {unit: km / s}
#       value: !astropy.table.SerializedColumn {name: radial_velocity}
# schema: astropy-2.0
ra,dec,distance,pm_ra_cosdec,pm_dec,radial_velocity
[from data line 23719]
192.4153009856322,12.031727971941256,38.434848213279196,-1.2290327226342925,-0.8216750779589285,8.841805486365955e-14
192.40629078767756,12.03645581483278,38.42911247799452,-1.2290592615309488,-0.8218819235821776,3.789345208442552e-14
192.39728027267094,12.041183368733657,38.423377850414326,-1.229085759515394,-0.8220887768879892,1.6841534259744676e-14
192.38826944049228,12.0459106335168,38.41764433190716,-1.2291122165950754,-0.8222956378508848,4.210383564936169e-14
192.37925829102164,12.050637609055084,38.411911923839924,-1.2291386327774958,-0.8225025064454885,6.315575347404254e-14
192.37024682413895,12.05536429522141,38.406180627577626,-1.2291650080702214,-0.822709382646519,7.578690416885104e-14
192.36123503972422,12.060090691888664,38.400450444483646,-1.2291913424808727,-0.8229162664287948,1.2631150694808506e-14
192.35222293765747,12.064816798929721,38.39472137591923,-1.2292176360171279,-0.8231231577672433,3.789345208442552e-14
192.34321051781876,12.069542616217419,38.388993423244074,-1.2292438886867338,-0.823330056636883,4.210383564936169e-15
192.33419778008815,12.07426814362462,38.383266587815996,-1.229270100497472,-0.8235369630128271,6.73661370389787e-14
192.32518472434563,12.078993381024185,38.377540870990885,-1.2292962714572055,-0.823743876870305,7.578690416885104e-14
192.31617135047142,12.083718328288919,38.371816274123034,-1.2293224015738444,-0.8239507981846297,-1.2631150694808506e-14
192.30715765834552,12.088442985291666,38.366092798564665,-1.229348490855354,-0.8241577269312197,5.0524602779234026e-14
192.29814364784806,12.093167351905237,38.360370445666355,-1.2293745393097706,-0.8243646630856006,5.0524602779234026e-14
192.28912931885915,12.097891428002459,38.354649216776735,-1.2294005469451748,-0.8245716066233919,9.683882199353189e-14
192.280114671259,12.102615213456094,38.3489291132428,-1.2294265137697113,-0.8247785575203089,8.420767129872338e-14
192.27109970492776,12.107338708138945,38.343210136409446,-1.229452439791583,-0.8249855157521852,3.368306851948935e-14
192.26208441974558,12.112061911923812,38.337492287619824,-1.2294783250190497,-0.8251924812949323,7.157652060391487e-14
192.25306881559268,12.116784824683435,38.33177556821557,-1.2295041694604274,-0.8253994541245772,4.631421921429786e-14
192.24405289234926,12.121507446290591,38.32605997953592,-1.2295299731240974,-0.8256064342172411,3.368306851948935e-14
192.23503664989553,12.126229776618047,38.32034552291872,-1.2295557360184861,-0.8258134215491523,3.368306851948935e-14
192.22602008811177,12.130951815538515,38.31463219969982,-1.2295814581520967,-0.8260204160966393,2.1051917824680846e-14
192.2170032068782,12.135673562924753,38.30892001121319,-1.2296071395334676,-0.8262274178361267,2.947268495455318e-14
192.20798600607512,12.140395018649471,38.30320895879109,-1.2296327801712135,-0.8264344267441458,2.5262301389617013e-14
192.19896848558278,12.14511618258541,38.29749904376371,-1.2296583800739997,-0.8266414427973302,5.4734986344170195e-14
192.18995064528156,12.149837054605243,38.29179026745964,-1.2296839392505499,-0.8268484659724084,8.420767129872338e-14
192.18093248505173,12.15455763458169,38.286082631205524,-1.2297094577096481,-0.8270554962462182,3.368306851948935e-14
192.1719140047736,12.159277922387448,38.28037613632602,-1.229734935460131,-0.827262533595692,7.578690416885104e-14
192.16289520432764,12.163997917895172,38.27467078414416,-1.229760372510899,-0.8274695779978706,5.0524602779234026e-14
192.1538760835941,12.16871762097755,38.268966575981025,-1.2297857688709126,-0.8276766294298954,8.841805486365955e-14
192.14485664245345,12.173437031507236,38.26326351315571,-1.2298111245491783,-0.827883687869009,-8.420767129872338e-15
192.13583688078597,12.178156149356903,38.25756159698568,-1.2298364395547705,-0.8280907532925603,2.947268495455318e-14
192.12681679847222,12.182874974399164,38.251860828786455,-1.2298617138968244,-0.8282978256779959,5.4734986344170195e-14
192.11779639539256,12.187593506506666,38.246161209871545,-1.2298869475845242,-0.8285049050028652,2.5262301389617013e-14
192.10877567142742,12.192311745552049,38.24046274155278,-1.2299121406271178,-0.8287119912448223,1.6841534259744676e-14
192.09975462645735,12.197029691407902,38.23476542514007,-1.2299372930339096,-0.8289190843816233,4.210383564936169e-14
192.09073326036275,12.201747343946852,38.2290692619415,-1.2299624048142572,-0.8291261843911298,4.210383564936169e-14
192.0817115730242,12.206464703041485,38.2233742532631,-1.229987475977585,-0.829333291251305,4.210383564936169e-15
192.07268956432205,12.211181768564419,38.21768040040923,-1.230012506533373,-0.8295404049402174,5.894536990910637e-14
192.06366723413703,12.215898540388192,38.211987704682336,-1.2300374964911545,-0.8297475254360303,7.578690416885104e-14
192.0546445823496,12.220615018385397,38.20629616738292,-1.230062445860522,-0.8299546527170211,3.789345208442552e-14
192.04562160884026,12.225331202428606,38.200605789809586,-1.2300873546511348,-0.8301617867615697,4.210383564936169e-14
192.03659831348972,12.230047092390341,38.19491657325922,-1.2301122228726928,-0.8303689275481488,8.420767129872338e-14
192.02757469617848,12.234762688143174,38.18922851902659,-1.2301370505349718,-0.8305760750553515,7.578690416885104e-14
192.01855075678716,12.239477989559635,38.18354162840483,-1.2301618376477956,-0.83078322926186,8.420767129872338e-15
192.0095264951964,12.244192996512226,38.177855902685046,-1.2301865842210487,-0.8309903901464742,8.420767129872338e-14
192.0005019112869,12.248907708873487,38.172171343156386,-1.2302112902646696,-0.8311975576880818,3.789345208442552e-14
191.9914770049392,12.253622126515916,38.166487951106234,-1.230235955788661,-0.8314047318656947,8.420767129872338e-14
191.98245177603405,12.258336249312032,38.16080572782012,-1.2302605808030784,-0.8316119126584116,2.1051917824680846e-14
191.97342622445214,12.263050077134286,38.15512467458147,-1.2302851653180444,-0.8318191000454449,2.1051917824680846e-14
191.96440035007421,12.267763609855175,38.14944479267206,-1.2303097093437247,-0.8320262940061108,1.2631150694808506e-14
191.95537415278088,12.272476847347182,38.14376608337155,-1.230334212890356,-0.8322334945198353,6.315575347404254e-14
191.94634763245298,12.27718978948275,38.138088547957906,-1.2303586759682281,-0.8324407015661338,6.73661370389787e-14
191.93732078897125,12.281902436134335,38.13241218770707,-1.2303830985876787,-0.8326479151246424,-8.420767129872338e-15
191.92829362221644,12.286614787174381,38.126737003893055,-1.2304074807591219,-0.8328551351750916,7.157652060391487e-14
191.9192661320693,12.291326842475346,38.12106299778797,-1.2304318224930229,-0.8330623616973301,3.368306851948935e-14
191.91023831841076,12.296038601909618,38.115390170662174,-1.2304561237998988,-0.8332695946713025,-4.210383564936169e-15
191.90121018112154,12.300750065349627,38.109718523783975,-1.2304803846903296,-0.8334768340770554,6.315575347404254e-14
191.8921817200825,12.305461232667788,38.104048058419735,-1.2305046051749513,-0.8336840798947516,1.2631150694808506e-14
191.8831529351745,12.310172103736486,38.098378775834014,-1.2305287852644562,-0.8338913321046569,3.368306851948935e-14
191.87412382627846,12.31488267842811,38.09271067728937,-1.2305529249696041,-0.8340985906871338,-1.6841534259744676e-14
191.86509439327517,12.319592956615038,38.087043764046484,-1.2305770243012029,-0.8343058556226655,3.368306851948935e-14
191.85606463604555,12.324302938169668,38.08137803736412,-1.2306010832701189,-0.8345131268918318,5.894536990910637e-14
191.8470345544706,12.329012622964319,38.07571349849911,-1.2306251018872745,-0.8347204044753183,3.789345208442552e-14
191.8380041484312,12.333722010871364,38.0700501487064,-1.2306490801636625,-0.8349276883539198,5.4734986344170195e-14
191.82897341780827,12.338431101763165,38.064387989238895,-1.2306730181103223,-0.835134978508543,5.0524602779234026e-14
191.81994236248283,12.343139895512014,38.05872702134773,-1.2306969157383507,-0.8353422749201925,6.73661370389787e-14
191.81091098233588,12.347848391990253,38.053067246282,-1.2307207730589071,-0.8355495775699823,3.789345208442552e-14
191.80187927724836,12.352556591070202,38.04740866528895,-1.230744590083206,-0.8357568864391345,8.420767129872338e-14
191.79284724710132,12.357264492624177,38.041751279613656,-1.230768366822524,-0.835964201508979,9.262843842859572e-14
191.78381489177582,12.361972096524447,38.036095090499714,-1.2307921032881908,-0.8361715227609523,7.999728773378721e-14
191.77478221115288,12.366679402643316,38.03044009918835,-1.2308157994915936,-0.8363788501765957,8.841805486365955e-14
191.76574920511356,12.37138641085308,38.02478630691899,-1.2308394554441846,-0.836586183737559,3.368306851948935e-14
191.75671587353895,12.37609312102597,38.01913371492925,-1.2308630711574595,-0.836793523425605,7.999728773378721e-14
191.74768221631018,12.380799533034265,38.0134823244547,-1.2308866466429873,-0.8370008692225965,7.578690416885104e-14
191.7386482333083,12.385505646750229,38.007832136728865,-1.2309101819123875,-0.8372082211105047,8.841805486365955e-14
191.72961392441456,12.39021146204608,38.00218315298347,-1.2309336769773396,-0.8374155790714186,3.368306851948935e-14
191.72057928951,12.39491697879406,37.996535374448264,-1.230957131849574,-0.8376229430875225,6.73661370389787e-14
191.7115443284758,12.399622196866401,37.990888802350995,-1.2309805465408885,-0.8378303131411126,8.420767129872338e-14
191.7025090411932,12.404327116135315,37.98524343791747,-1.2310039210631354,-0.8380376892145988,8.420767129872338e-15
191.69347342754335,12.409031736472997,37.97959928237159,-1.231027255428221,-0.8382450712904935,6.73661370389787e-14
191.68443748740748,12.41373605775165,37.97395633693528,-1.2310505496481121,-0.8384524593514182,4.210383564936169e-15
191.6754012206668,12.418440079843467,37.96831460282848,-1.2310738037348357,-0.8386598533801062,4.631421921429786e-14
191.66636462720263,12.423143802620608,37.96267408126911,-1.2310970177004728,-0.8388672533593967,4.210383564936169e-14
191.65732770689615,12.427847225955253,37.95703477347335,-1.2311201915571655,-0.8390746592722396,1.2631150694808506e-14
191.64829045962873,12.432550349719554,37.951396680655186,-1.2311433253171056,-0.8392820711016928,2.1051917824680846e-14
191.63925288528156,12.43725317378568,37.94575980402666,-1.2311664189925573,-0.8394894888309227,5.4734986344170195e-14
191.63021498373604,12.441955698025748,37.940124144798034,-1.2311894725958283,-0.8396969124432017,4.631421921429786e-14
191.6211767548735,12.446657922311903,37.934489704177295,-1.231212486139294,-0.8399043419219245,5.894536990910637e-14
191.61213819857522,12.451359846516281,37.928856483370836,-1.2312354596353756,-0.8401117772505795,-8.420767129872338e-15
191.60309931472264,12.456061470510956,37.9232244835828,-1.2312583930965622,-0.8403192184127698,1.0946997268834039e-13
191.59406010319714,12.46076279416806,37.91759370601534,-1.2312812865354037,-0.8405266653922128,4.631421921429786e-14
191.58502056388008,12.46546381735968,37.91196415186879,-1.2313041399644997,-0.8407341181727328,4.210383564936169e-14
191.57598069665286,12.470164539957922,37.90633582234144,-1.2313269533965028,-0.8409415767382628,8.420767129872338e-15
191.56694050139697,12.47486496183483,37.900708718629566,-1.2313497268441345,-0.8411490410728424,8.841805486365955e-14
191.55789997799386,12.479565082862486,37.89508284192754,-1.2313724603201732,-0.8413565111606328,1.6841534259744676e-14
191.5488591263249,12.484264902912964,37.889458193427615,-1.2313951538374481,-0.8415639869858954,1.1368035625327657e-13
191.53981794627168,12.488964421858293,37.88383477432028,-1.2314178074088482,-0.8417714685330087,6.315575347404254e-14
191.53077643771567,12.493663639570507,37.878212585793634,-1.2314404210473233,-0.8419789557864477,6.315575347404254e-14
191.52173460053837,12.498362555921661,37.872591629034275,-1.2314629947658764,-0.8421864487308172,6.73661370389787e-14
191.51269243462133,12.503061170783752,37.866971905226514,-1.2314855285775719,-0.8423939473508203,7.157652060391487e-14
191.50364993984613,12.507759484028798,37.86135341555271,-1.2315080224955244,-0.8426014516312759,8.420767129872338e-15
191.49460711609424,12.51245749552881,37.85573616119324,-1.2315304765329247,-0.8428089615571115,7.157652060391487e-14
191.4855639632473,12.517155205155792,37.85012014332645,-1.2315528907029996,-0.8430164771133698,5.4734986344170195e-14
191.47652048118695,12.5218526127817,37.84450536312882,-1.2315752650190415,-0.8432239982851986,8.420767129872338e-15
191.46747666979476,12.526549718278522,37.83889182177462,-1.2315975994944013,-0.8434315250578608,6.73661370389787e-14
191.45843252895236,12.531246521518248,37.83327952043632,-1.2316198941424945,-0.8436390574167236,2.947268495455318e-14
191.44938805854144,12.535943022372791,37.82766846028425,-1.2316421489767784,-0.8438465953472828,2.1051917824680846e-14
191.44034325844365,12.540639220714123,37.822058642486695,-1.2316643640107816,-0.8440541388351304,4.210383564936169e-14
191.43129812854065,12.545335116414181,37.81645006821016,-1.2316865392580811,-0.8442616878659749,9.262843842859572e-14
191.42225266871418,12.550030709344908,37.810842738618796,-1.2317086747323212,-0.8444692424256377,-4.210383564936169e-15
191.41320687884593,12.554725999378192,37.805236654875024,-1.2317307704471936,-0.8446768025000472,2.947268495455318e-14
191.40416075881765,12.559420986385959,37.79963181813924,-1.2317528264164497,-0.8448843680752562,7.578690416885104e-14
191.39511430851104,12.564115670240136,37.79402822956954,-1.2317748426539041,-0.8450919391374121,6.73661370389787e-14
191.38606752780802,12.568810050812573,37.78842589032233,-1.2317968191734254,-0.8452995156727932,8.420767129872338e-15
191.37702041659023,12.57350412797517,37.782824801551776,-1.2318187559889382,-0.8455070976677738,3.789345208442552e-14
191.36797297473953,12.5781979015998,37.77722496441013,-1.2318406531144226,-0.8457146851088548,4.210383564936169e-14
191.35892520213773,12.582891371558352,37.771626380047564,-1.2318625105639287,-0.8459222779826417,3.368306851948935e-14
191.34987709866667,12.587584537722641,37.76602904961239,-1.2318843283515495,-0.8461298762758525,4.631421921429786e-14
191.3408286642082,12.592277399964534,37.7604329742506,-1.231906106491436,-0.8463374799753256,5.0524602779234026e-14
191.33177989864419,12.596969958155873,37.754838155106235,-1.2319278449978062,-0.8465450890679999,1.0104920555846805e-13
191.32273080185658,12.601662212168474,37.74924459332158,-1.2319495438849302,-0.8467527035409385,5.4734986344170195e-14
191.3136813737272,12.60635416187416,37.743652290036515,-1.2319712031671388,-0.8469603233813149,4.631421921429786e-14
191.30463161413803,12.611045807144743,37.73806124638907,-1.2319928228588108,-0.847167948576414,4.210383564936169e-14
191.29558152297096,12.615737147852029,37.732471463515274,-1.232014402974393,-0.8473755791136393,5.0524602779234026e-14
191.28653110010802,12.620428183867784,37.726882942549025,-1.2320359435283905,-0.847583214980499,4.631421921429786e-14
191.27748034543114,12.625118915063808,37.72129568462213,-1.2320574445353483,-0.8477908561646211,4.210383564936169e-15
191.26842925882224,12.629809341311885,37.71570969086454,-1.232078906009892,-0.8479985026537522,7.999728773378721e-14
191.2593778401635,12.634499462483753,37.710124962403924,-1.2321003279666884,-0.8482061544357433,3.789345208442552e-14
191.2503260893368,12.639189278451177,37.7045415003661,-1.2321217104204698,-0.8484138114985642,3.368306851948935e-14
191.24127400622422,12.643878789085917,37.69895930587474,-1.2321430533860227,-0.848621473830301,5.0524602779234026e-14
191.23222159070784,12.648567994259672,37.693378380051534,-1.2321643568781864,-0.8488291414191463,3.368306851948935e-14
191.22316884266976,12.653256893844194,37.68779872401595,-1.2321856209118676,-0.8490368142534166,8.420767129872338e-15
191.21411576199202,12.657945487711196,37.68222033888563,-1.2322068455020243,-0.8492444923215418,7.157652060391487e-14
191.20506234855677,12.662633775732393,37.67664322577596,-1.2322280306636735,-0.8494521756120614,5.4734986344170195e-14
