galstreams/tracks/track.st.Gaia-2.ibata2021.ecsv
# %ECSV 0.9
# ---
# datatype:
# - {name: ra, unit: deg, datatype: float64}
# - {name: dec, unit: deg, datatype: float64}
# - {name: distance, unit: kpc, datatype: float64}
# - {name: pm_ra_cosdec, unit: mas / yr, datatype: float64}
# - {name: pm_dec, unit: mas / yr, datatype: float64}
# - {name: radial_velocity, unit: km / s, datatype: float64}
# delimiter: ','
# meta: !!omap
# - __serialized_columns__:
#     dec:
#       __class__: astropy.coordinates.angles.Latitude
#       unit: &id001 !astropy.units.Unit {unit: deg}
#       value: !astropy.table.SerializedColumn {name: dec}
#     distance:
#       __class__: astropy.coordinates.distances.Distance
#       unit: !astropy.units.Unit {unit: kpc}
#       value: !astropy.table.SerializedColumn {name: distance}
#     pm_dec:
#       __class__: astropy.units.quantity.Quantity
#       unit: !astropy.units.Unit {unit: mas / yr}
#       value: !astropy.table.SerializedColumn {name: pm_dec}
#     pm_ra_cosdec:
#       __class__: astropy.units.quantity.Quantity
#       unit: !astropy.units.Unit {unit: mas / yr}
#       value: !astropy.table.SerializedColumn {name: pm_ra_cosdec}
#     ra:
#       __class__: astropy.coordinates.angles.Longitude
#       unit: *id001
#       value: !astropy.table.SerializedColumn {name: ra}
#       wrap_angle: !astropy.coordinates.Angle
#         unit: *id001
#         value: 360.0
#     radial_velocity:
#       __class__: astropy.units.quantity.Quantity
#       unit: !astropy.units.Unit {unit: km / s}
#       value: !astropy.table.SerializedColumn {name: radial_velocity}
# schema: astropy-2.0
ra,dec,distance,pm_ra_cosdec,pm_dec,radial_velocity
[from data line 534]
4.347651710876477,-13.230231202142512,6.98795892577519,-0.16028330031222573,-0.28486694081576325,-2.8946387008936164e-15
4.353026756279575,-13.238793431257978,6.9882145324889136,-0.15968770885571784,-0.2844658310917789,-2.8946387008936164e-15
4.358403341274403,-13.247354836258706,6.9884706924641185,-0.15908916271462364,-0.28405996737530487,-2.1051917824680845e-15
4.363781460324353,-13.255915420595242,6.988727402311199,-0.15848767646355116,-0.28364936560798415,-2.6314897280851058e-15
4.369161107892307,-13.264475187718302,6.9889846586405575,-0.15788326467627328,-0.28323404173237754,-2.6314897280851058e-15
4.374542278440871,-13.27303414107911,6.989242458062586,-0.15727594192572325,-0.2828140116919667,-2.6314897280851058e-15
4.379924966432271,-13.281592284129244,6.989500797187684,-0.1566657227839907,-0.2823892914311573,-2.368340755276595e-15
4.385309166328263,-13.290149620320506,6.989759672626249,-0.15605262182231802,-0.2819598968952823,-2.1051917824680845e-15
4.3906948725903145,-13.2987061531052,6.99001908098868,-0.15543665361109651,-0.2815258440306053,-2.368340755276595e-15
4.396082079679518,-13.307261885936,6.990279018885371,-0.15481783271986232,-0.28108714878432406,-3.4209366465106372e-15
4.401470782056491,-13.31581682226581,6.99053948292672,-0.15419617371729294,-0.2806438271045731,-2.368340755276595e-15
4.406860974181598,-13.324370965548068,6.9908004697231245,-0.15357169117120276,-0.28019589494042785,-2.6314897280851058e-15
4.4122526505146915,-13.33292431923641,6.991061975884985,-0.15294439964853992,-0.27974336824190726,-2.1051917824680845e-15
4.417645805515349,-13.341476886784974,6.991323998022697,-0.15231431371538176,-0.2792862629599771,-2.6314897280851058e-15
4.423040433642751,-13.350028671648277,6.991586532746655,-0.15168144793693158,-0.2788245950465543,-1.842042809659574e-15
4.428436529355619,-13.358579677281048,6.991849576667258,-0.1510458168775141,-0.27835838045450845,-1.842042809659574e-15
4.433834087112371,-13.367129907138542,6.992113126394905,-0.15040743510057233,-0.2778876351376663,-2.6314897280851058e-15
4.439233101371051,-13.375679364676389,6.992377178539993,-0.14976631716866307,-0.27741237505081473,-2.368340755276595e-15
4.444633566589221,-13.38422805335044,6.992641729712918,-0.14912247764345346,-0.276932616149704,-2.6314897280851058e-15
4.450035477224189,-13.392775976617122,6.992906776524078,-0.1484759310857168,-0.2764483743910512,-2.8946387008936164e-15
4.455438827732749,-13.401323137933037,6.99317231558387,-0.14782669205532908,-0.275959665732543,-2.6314897280851058e-15
4.460843612571406,-13.409869540755317,6.993438343502691,-0.14717477511126462,-0.2754665061328394,-1.842042809659574e-15
4.466249826196278,-13.418415188541456,6.99370485689094,-0.14652019481159262,-0.274968911551577,-2.1051917824680845e-15
4.4716574630630035,-13.426960084749199,6.993971852359013,-0.14586296571347307,-0.2744668979493716,-2.6314897280851058e-15
4.4770665176269295,-13.435504232836806,6.994239326517306,-0.145203102373153,-0.27396048128782263,-2.6314897280851058e-15
4.482476984343014,-13.444047636262932,6.994507275976219,-0.14454061934596246,-0.27344967752951527,-2.368340755276595e-15
4.487888857665734,-13.452590298486438,6.9947756973461495,-0.14387553118631083,-0.27293450263802416,-2.6314897280851058e-15
4.4933021320493065,-13.461132222966796,6.9950445872374925,-0.14320785244768292,-0.2724149725779167,-3.1577876737021266e-15
4.498716801947432,-13.469673413163648,6.995313942260646,-0.14253759768263477,-0.27189110331475647,-2.368340755276595e-15
4.504132861813514,-13.47821387253717,6.995583759026007,-0.1418647814427906,-0.271362910815106,-2.368340755276595e-15
4.50955030610057,-13.486753604547923,6.995854034143977,-0.14118941827883766,-0.2708304110465303,-2.368340755276595e-15
4.514969129261133,-13.495292612656712,6.996124764224947,-0.1405115227405239,-0.2702936199776001,-2.8946387008936164e-15
4.520389325747439,-13.503830900324878,6.996395945879317,-0.13983110937665272,-0.2697525535778952,-1.842042809659574e-15
4.525810890011326,-13.51236847101414,6.9966675757174865,-0.13914819273507995,-0.2692072278180072,-2.1051917824680845e-15
4.53123381650416,-13.52090532818647,6.99693965034985,-0.1384627873627099,-0.2686576586695437,-2.1051917824680845e-15
4.536658099677028,-13.529441475304424,6.997212166386805,-0.13777490780549098,-0.2681038621051304,-2.6314897280851058e-15
4.542083733980502,-13.537976915830754,6.997485120438751,-0.1370845686084123,-0.26754585409841497,-2.1051917824680845e-15
4.547510713864861,-13.546511653228748,6.997758509116083,-0.13639178431549986,-0.2669836506240704,-2.6314897280851058e-15
4.5529390337799835,-13.555045690962096,6.9980323290292,-0.13569656946981218,-0.2664172676577979,-2.1051917824680845e-15
4.558368688175262,-13.563579032494726,6.998306576788497,-0.13499893861343715,-0.26584672117633035,-2.6314897280851058e-15
4.563799671499786,-13.572111681291116,6.998581249004376,-0.1342989062874874,-0.265272027157435,-2.6314897280851058e-15
4.569231978202254,-13.580643640816138,6.998856342287229,-0.13359648703209726,-0.2646932015799176,-2.368340755276595e-15
4.574665602730871,-13.589174914534912,6.999131853247456,-0.1328916953864179,-0.2641102604236248,-2.6314897280851058e-15
4.580100539533572,-13.597705505913156,6.999407778495452,-0.13218454588861456,-0.263523219669448,-2.1051917824680845e-15
4.585536783057771,-13.606235418416794,6.999684114641617,-0.13147505307586194,-0.2629320952993258,-2.368340755276595e-15
4.590974327750578,-13.614764655512293,6.999960858296349,-0.13076323148434033,-0.26233690329624804,-2.1051917824680845e-15
4.596413168058705,-13.623293220666522,7.000238006070044,-0.13004909564923234,-0.2617376596442585,-2.1051917824680845e-15
4.601853298428372,-13.631821117346613,7.0005155545730995,-0.12933266010471853,-0.26113438032845815,-2.6314897280851058e-15
4.607294713305492,-13.640348349020233,7.000793500415913,-0.12861393938397359,-0.26052708133500857,-1.842042809659574e-15
4.612737407135578,-13.648874919155467,7.00107184020888,-0.12789294801916268,-0.259915778651135,-2.8946387008936164e-15
4.618181374363656,-13.657400831220667,7.0013505705623995,-0.12716970054143753,-0.2593004882651295,-2.1051917824680845e-15
4.62362660943447,-13.665926088684758,7.00162968808687,-0.1264442114809324,-0.2586812261663542,-2.8946387008936164e-15
4.629073106792239,-13.67445069501691,7.001909189392684,-0.12571649536676058,-0.2580580083452446,-2.368340755276595e-15
4.634520860880875,-13.682974653686825,7.002189071090247,-0.12498656672701,-0.2574308507933124,-2.1051917824680845e-15
4.63996986614389,-13.691497968164624,7.002469329789949,-0.12425444008873984,-0.2567997695031494,-2.368340755276595e-15
4.645420117024295,-13.700020641920696,7.002749962102191,-0.12352012997797676,-0.2561647804684296,-2.1051917824680845e-15
4.650871607964797,-13.708542678425976,7.003030964637367,-0.12278365091971055,-0.2555258996839138,-2.6314897280851058e-15
4.656324333407694,-13.717064081151822,7.003312334005879,-0.12204501743789024,-0.25488314314545124,-2.368340755276595e-15
4.66177828779479,-13.72558485356986,7.003594066818121,-0.12130424405542148,-0.2542365268499838,-2.6314897280851058e-15
4.667233465567607,-13.734104999152311,7.003876159684492,-0.12056134529416074,-0.2535860667955492,-2.368340755276595e-15
4.6726898611671395,-13.742624521371638,7.004158609215388,-0.11981633567491326,-0.25293177898128333,-2.6314897280851058e-15
4.678147469034068,-13.751143423700853,7.004441412021208,-0.119069229717428,-0.2522736794074243,-2.6314897280851058e-15
4.683606283608668,-13.75966170961339,7.004724564712348,-0.11832004194039435,-0.25161178407531526,-2.368340755276595e-15
4.6890662993307135,-13.768179382582954,7.005008063899204,-0.11756878686143832,-0.2509461089874074,-2.6314897280851058e-15
4.694527510639662,-13.77669644608381,7.005291906192177,-0.11681547899711824,-0.2502766701472635,-2.6314897280851058e-15
4.699989911974568,-13.785212903590654,7.005576088201662,-0.11606013286292147,-0.24960348355956055,-2.6314897280851058e-15
4.705453497773984,-13.793728758578458,7.0058606065380555,-0.11530276297326032,-0.24892656523009346,-2.8946387008936164e-15
4.710918262476175,-13.8022440145228,7.006145457811757,-0.11454338384146813,-0.24824593116577778,-2.368340755276595e-15
4.716384200518873,-13.810758674899494,7.006430638633162,-0.11378200997979548,-0.24756159737465316,-2.6314897280851058e-15
4.721851306339497,-13.81927274318493,7.0067161456126685,-0.1130186558994064,-0.24687357986588632,-2.6314897280851058e-15
4.727319574375048,-13.827786222855904,7.007001975360675,-0.11225333611037462,-0.24618189464977402,-2.6314897280851058e-15
4.732788999062027,-13.836299117389515,7.0072881244875775,-0.11148606512167966,-0.24548655773774683,-2.368340755276595e-15
4.738259574836621,-13.844811430263423,7.007574589603775,-0.11071685744120284,-0.24478758514237142,-2.368340755276595e-15
4.743731296134599,-13.853323164955723,7.007861367319662,-0.10994572757572357,-0.24408499287735427,-2.6314897280851058e-15
4.749204157391226,-13.861834324944791,7.008148454245636,-0.10917269003091583,-0.24337879695754464,-1.842042809659574e-15
4.754678153041476,-13.870344913709616,7.008435846992097,-0.10839775931134377,-0.24266901339893762,-2.8946387008936164e-15
4.76015327751979,-13.878854934729448,7.008723542169443,-0.10762094992045837,-0.24195565821867732,-2.1051917824680845e-15
4.765629525260282,-13.887364391484095,7.009011536388067,-0.10684227636059326,-0.24123874743506,-2.1051917824680845e-15
4.7711068906966565,-13.8958732874538,7.009299826258371,-0.10606175313296123,-0.2405182970675372,-2.368340755276595e-15
4.776585368262105,-13.904381626119116,7.009588408390749,-0.10527939473765029,-0.23979432313671864,-1.842042809659574e-15
4.7820649523895025,-13.912889410961146,7.009877279395597,-0.1044952156736195,-0.23906684166437572,-2.6314897280851058e-15
4.787545637511299,-13.921396645461455,7.010166435883317,-0.10370923043869582,-0.2383358686734442,-1.842042809659574e-15
4.793027418059442,-13.929903333101878,7.010455874464303,-0.10292145352956976,-0.23760142018802755,-2.1051917824680845e-15
4.7985102884655815,-13.9384094773649,7.010745591748954,-0.10213189944179182,-0.23686351223340005,-1.842042809659574e-15
4.803994243160828,-13.946915081733243,7.011035584347666,-0.10134058266976864,-0.23612216083600968,-2.1051917824680845e-15
4.809479276575962,-13.95542014969022,7.011325848870837,-0.1005475177067591,-0.2353773820234813,-2.1051917824680845e-15
4.814965383141353,-13.963924684719574,7.011616381928865,-0.09975271904487061,-0.2346291918246202,-2.1051917824680845e-15
4.820452557286848,-13.97242869030536,7.011907180132148,-0.09895620117505548,-0.23387760626941412,-1.5788938368510633e-15
4.825940793441975,-13.980932169932203,7.012198240091081,-0.09815797858710655,-0.2331226413890374,-2.1051917824680845e-15
4.831430086035837,-13.98943512708519,7.012489558416062,-0.09735806576965407,-0.23236431321585346,-2.6314897280851058e-15
4.836920429497024,-13.997937565249705,7.012781131717488,-0.09655647721016154,-0.23160263778341825,-2.1051917824680845e-15
4.842411818253824,-14.006439487911758,7.013072956605758,-0.09575322739492181,-0.23083763112648248,-2.8946387008936164e-15
4.847904246733989,-14.014940898557628,7.013365029691268,-0.09494833080905378,-0.230069309280996,-2.6314897280851058e-15
4.8533977093649305,-14.023441800674172,7.013657347584417,-0.09414180193649799,-0.22929768828410965,-2.6314897280851058e-15
4.858892200573641,-14.031942197748709,7.0139499068956,-0.09333365526001318,-0.22852278417417915,-3.1577876737021266e-15
4.864387714786597,-14.040442093268869,7.0142427042352145,-0.09252390526117267,-0.22774461299076745,-2.368340755276595e-15
4.869884246429941,-14.048941490722854,7.014535736213661,-0.09171256642036016,-0.22696319077464813,-2.6314897280851058e-15
4.875381789929394,-14.057440393599338,7.014828999441332,-0.09089965321676624,-0.22617853356780898,-1.842042809659574e-15
4.880880339710149,-14.065938805387287,7.015122490528629,-0.09008518012838446,-0.22539065741345385,-2.1051917824680845e-15
4.8863798901971105,-14.074436729576334,7.015416206085948,-0.08926916163200763,-0.2245995783560066,-1.5788938368510633e-15
4.891880435814621,-14.082934169656356,7.015710142723686,-0.08845161220322419,-0.22380531244111385,-2.368340755276595e-15
4.897381970986697,-14.091431129117845,7.0160042970522385,-0.08763254631641416,-0.22300787571564806,-2.368340755276595e-15
4.902884490136917,-14.099927611451733,7.016298665682005,-0.0868119784447455,-0.22220728422771027,-2.368340755276595e-15
4.90838798768835,-14.108423620149281,7.016593245223385,-0.08598992306017034,-0.22140355402663345,-2.1051917824680845e-15
4.913892458063718,-14.116919158702343,7.016888032286772,-0.08516639463342143,-0.2205967011629855,-1.5788938368510633e-15
4.9193978956853215,-14.125414230603234,7.017183023482567,-0.08434140763400787,-0.21978674168857207,-2.1051917824680845e-15
4.924904294974934,-14.13390883934459,7.017478215421161,-0.08351497653021193,-0.2189736916564398,-2.1051917824680845e-15
4.930411650354024,-14.142402988419697,7.017773604712959,-0.0826871157890848,-0.21815756712087872,-2.1051917824680845e-15
4.935919956243503,-14.150896681322115,7.018069187968352,-0.08185783987644343,-0.2173383841374262,-1.842042809659574e-15
4.941429207063943,-14.159389921546,7.018364961797742,-0.08102716325686589,-0.2165161587628692,-2.1051917824680845e-15
4.946939397235488,-14.167882712585989,7.018660922811524,-0.08019510039368871,-0.21569090705524743,-2.368340755276595e-15
4.952450521177752,-14.176375057937031,7.018957067620096,-0.07936166574900219,-0.21486264507385652,-2.6314897280851058e-15
4.957962573310009,-14.184866961094688,7.019253392833854,-0.07852687378364734,-0.21403138887925077,-2.1051917824680845e-15
4.963475548051101,-14.193358425554983,7.019549895063197,-0.07769073895721164,-0.21319715453324628,-1.842042809659574e-15
4.968989439819339,-14.20184945481427,7.0198465709185225,-0.07685327572802568,-0.21235995809892372,-2.1051917824680845e-15
4.974504243032727,-14.210340052369567,7.0201434170102255,-0.07601449855315909,-0.2115198156406316,-1.842042809659574e-15
4.980019952108705,-14.21883022171816,7.020440429948705,-0.07517442188841732,-0.2106767432239888,-2.368340755276595e-15
4.9855365614643725,-14.227319966357957,7.020737606344361,-0.07433306018833725,-0.20983075691588796,-1.842042809659574e-15
4.991054065516392,-14.235809289787335,7.021034942807584,-0.07349042790618404,-0.20898187278449834,-1.5788938368510633e-15
4.996572458680893,-14.244298195505001,7.021332435948781,-0.07264653949394714,-0.20813010689926828,-2.368340755276595e-15
5.002091735373663,-14.252786687010287,7.021630082378339,-0.07180140940233669,-0.20727547533092905,-2.368340755276595e-15
5.007611890010049,-14.261274767802988,7.021927878706662,-0.07095505208077948,-0.20641799415149667,-2.368340755276595e-15
5.013132917004866,-14.269762441383238,7.022225821544146,-0.07010748197741587,-0.20555767943427583,-1.842042809659574e-15
5.018654810772614,-14.278249711251839,7.022523907501187,-0.06925871353909543,-0.20469454725386235,-2.1051917824680845e-15
5.024177565727227,-14.28673658090987,7.022822133188182,-0.0684087612113739,-0.20382861368614588,-2.1051917824680845e-15
5.029701176282293,-14.29522305385905,7.023120495215531,-0.06755763943850854,-0.2029598948083135,-2.1051917824680845e-15
5.03522563685096,-14.303709133601563,7.023418990193629,-0.06670536266345552,-0.20208840669885197,-2.1051917824680845e-15
5.0407509418458325,-14.312194823639938,7.023717614732876,-0.06585194532786556,-0.2012141654375508,-1.842042809659574e-15
5.046277085679207,-14.320680127477372,7.024016365443665,-0.06499740187208043,-0.2003371871055055,-1.5788938368510633e-15
5.051804062762807,-14.329165048617357,7.0243152389363965,-0.06414174673512925,-0.19945748778512007,-1.5788938368510633e-15
5.057331867508005,-14.337649590564,7.0246142318214675,-0.06328499435472482,-0.19857508356011008,-1.5788938368510633e-15
