galstreams/tracks/track.st.C-24.ibata2024.ecsv
# %ECSV 1.0
# ---
# datatype:
# - {name: ra, unit: deg, datatype: float64}
# - {name: dec, unit: deg, datatype: float64}
# - {name: distance, unit: kpc, datatype: float64}
# - {name: pm_ra_cosdec, unit: mas / yr, datatype: float64}
# - {name: pm_dec, unit: mas / yr, datatype: float64}
# - {name: radial_velocity, unit: km / s, datatype: float64}
# delimiter: ','
# meta: !!omap
# - __serialized_columns__:
#     dec:
#       __class__: astropy.coordinates.angles.Latitude
#       unit: &id001 !astropy.units.Unit {unit: deg}
#       value: !astropy.table.SerializedColumn {name: dec}
#     distance:
#       __class__: astropy.coordinates.distances.Distance
#       unit: !astropy.units.Unit {unit: kpc}
#       value: !astropy.table.SerializedColumn {name: distance}
#     pm_dec:
#       __class__: astropy.units.quantity.Quantity
#       unit: !astropy.units.Unit {unit: mas / yr}
#       value: !astropy.table.SerializedColumn {name: pm_dec}
#     pm_ra_cosdec:
#       __class__: astropy.units.quantity.Quantity
#       unit: !astropy.units.Unit {unit: mas / yr}
#       value: !astropy.table.SerializedColumn {name: pm_ra_cosdec}
#     ra:
#       __class__: astropy.coordinates.angles.Longitude
#       unit: *id001
#       value: !astropy.table.SerializedColumn {name: ra}
#       wrap_angle: !astropy.coordinates.Angle
#         unit: *id001
#         value: 360.0
#     radial_velocity:
#       __class__: astropy.units.quantity.Quantity
#       unit: !astropy.units.Unit {unit: km / s}
#       value: !astropy.table.SerializedColumn {name: radial_velocity}
# schema: astropy-2.0
ra,dec,distance,pm_ra_cosdec,pm_dec,radial_velocity
[from data line 1300]
149.11329677324827,47.3294917472874,1.0,0.8533104905358457,-0.5204387179744625,-36.861672685845065
149.12006603103958,47.33830890920867,0.9999999999999999,0.853185324395676,-0.5203799910450915,-36.885539547057206
149.1268382887589,47.34712541618887,1.0,0.8530600143081379,-0.5203213046035646,-36.90940763239791
149.1336135448551,47.35594126894255,1.0,0.8529345606652639,-0.5202626584618271,-36.9332769114168
149.14039179777672,47.36475646818469,0.9999999999999999,0.8528089638591532,-0.5202040524319007,-36.957147353663586
149.14717304597158,47.37357101463065,1.0,0.852683224281952,-0.5201454863258892,-36.981018928687945
149.15395728788715,47.382384908996244,1.0,0.8525573423258725,-0.5200869599559663,-37.00489160603955
149.16074452197023,47.39119815199773,1.0,0.8524313183831704,-0.5200284731343832,-37.02876535526806
149.16753474666714,47.40001074435174,1.0,0.8523051528461663,-0.5199700256734667,-37.05264014592318
149.1743279604237,47.408822686775345,1.0,0.8521788461072299,-0.5199116173856213,-37.07651594755457
149.18112416168518,47.41763397998611,1.0,0.8520523985587882,-0.5198532480833187,-37.1003927297119
149.1879233488963,47.426444624701915,1.0,0.8519258105933276,-0.5197949175791221,-37.12427046194485
149.19472552050124,47.43525462164117,1.0,0.8517990826033839,-0.5197366256856588,-37.14814911380311
149.20153067494374,47.44406397152263,1.0,0.851672214981555,-0.5196783722156404,-37.17202865483635
149.20833881066682,47.45287267506554,1.0,0.8515452081204864,-0.5196201569818539,-37.19590905459423
149.21514992611318,47.46168073298956,1.0,0.8514180624128853,-0.5195619797971638,-37.21979028262646
149.2219640197249,47.47048814601476,1.0000000000000002,0.8512907782515167,-0.519503840474508,-37.24367230848269
149.22878108994348,47.47929491486164,1.0,0.851163356029196,-0.5194457388269109,-37.26755510171259
149.23560113520995,47.48810104025117,1.0000000000000002,0.8510357961387951,-0.5193876746674686,-37.291438631865866
149.24242415396483,47.49690652290473,1.0000000000000002,0.8509080989732474,-0.5193296478093554,-37.315322868492174
149.24925014464802,47.50571136354413,1.0000000000000002,0.850780264925534,-0.5192716580658279,-37.33920778114118
149.25607910569892,47.51451556289156,1.0000000000000002,0.8506522943887012,-0.5192137052502215,-37.363093339362585
149.2629110355565,47.523319121669815,1.0000000000000002,0.8505241877558434,-0.5191557891759482,-37.38697951270606
149.2697459326591,47.53212204060195,1.0000000000000002,0.8503959454201171,-0.5190979096565012,-37.41086627072126
149.2765837954445,47.540924320411534,1.0000000000000002,0.8502675677747289,-0.5190400665054491,-37.43475358295789
149.28342462235008,47.54972596182255,1.0,0.8501390552129502,-0.5189822595364508,-37.45864141896561
149.29026841181252,47.558526965559444,1.0000000000000002,0.850010408128099,-0.5189244885632327,-37.48252974829411
149.29711516226808,47.56732733234708,1.0000000000000002,0.8498816269135585,-0.518866753399609,-37.506418540493044
149.30396487215248,47.57612706291074,1.0000000000000004,0.8497527119627633,-0.5188090538594756,-37.53030776511211
149.31081753990085,47.584926157976206,1.0,0.8496236636692054,-0.518751389756801,-37.55419739170095
149.3176731639479,47.59372461826966,1.0000000000000002,0.8494944824264323,-0.518693760905645,-37.578087389809305
149.3245317427276,47.60252244451773,1.0000000000000002,0.8493651686280494,-0.5186361671201403,-37.60197772898679
149.33139327467367,47.611319637447494,1.0000000000000002,0.8492357226677214,-0.5185786082145079,-37.6258683787831
149.3382577582191,47.62011619778647,1.0000000000000002,0.8491061449391664,-0.518521084003047,-37.64975930874792
149.34512519179637,47.62891212626263,1.0000000000000002,0.8489764358361569,-0.5184635943001359,-37.673650488430916
149.35199557383748,47.637707423604354,1.0000000000000002,0.8488465957525282,-0.5184061389202403,-37.697541887381796
149.3588689027739,47.646502090540515,1.0000000000000002,0.8487166250821709,-0.5183487176779078,-37.721433475150164
149.3657451770365,47.65529612780039,1.0000000000000002,0.8485865242190263,-0.5182913303877688,-37.74532522128578
149.37262439505568,47.66408953611374,1.0000000000000002,0.8484562935570998,-0.5182339768645314,-37.76921709533827
149.37950655526132,47.67288231621077,1.0000000000000002,0.8483259334904514,-0.5181766569229929,-37.79310906685733
149.38639165608268,47.68167446882208,1.0000000000000002,0.8481954444131965,-0.51811937037803,-37.81700110539262
149.3932796959486,47.690465994678796,1.0000000000000004,0.848064826719515,-0.5180621170446091,-37.84089318049382
149.4001706732873,47.69925689451245,1.0000000000000004,0.8479340808036309,-0.5180048967377724,-37.86478526171063
149.4070645865265,47.70804716905501,1.0000000000000002,0.8478032070598374,-0.5179477092726561,-37.8886773185927
149.41396143409344,47.71683681903893,1.0000000000000002,0.8476722058824786,-0.5178905544644676,-37.91256932068971
149.42086121441469,47.72562584519711,1.0000000000000002,0.8475410776659567,-0.5178334321285107,-37.936461237551335
149.42776392591645,47.73441424826289,1.0000000000000002,0.8474098228047344,-0.5177763420801682,-37.96035303872728
149.43466956702426,47.74320202897005,1.0000000000000002,0.8472784416933288,-0.5177192841349116,-37.984244693767174
149.4415781361632,47.751989188052875,1.0000000000000002,0.8471469347263141,-0.517662258108293,-38.00813617222074
149.4484896317578,47.760775726246045,1.0000000000000002,0.8470153022983242,-0.5176052638159532,-38.03202744363762
149.45540405223207,47.76956164428474,1.0000000000000002,0.8468835448040468,-0.5175483010736208,-38.0559184775675
149.46232139600946,47.77834694290457,1.0000000000000002,0.8467516626382334,-0.5174913696971051,-38.07980924356008
149.46924166151283,47.78713162284157,1.0000000000000002,0.8466196561956882,-0.5174344695023043,-38.103699711164985
149.47616484716468,47.79591568483235,1.0000000000000002,0.8464875258712741,-0.5173776003052089,-38.12758984993195
149.48309095138683,47.804699129613866,1.0000000000000002,0.8463552720599112,-0.5173207619218845,-38.151479629410616
149.4900199726006,47.81348195792359,1.0,0.8462228951565809,-0.5172639541684894,-38.17536901915066
149.49695190922682,47.82226417049941,1.0000000000000002,0.8460903955563155,-0.5172071768612745,-38.19925798870178
149.5038867596857,47.8310457680797,1.0,0.8459577736542128,-0.5171504298165708,-38.223146507613606
149.51082452239703,47.839826751403294,1.0000000000000002,0.8458250298454255,-0.5170937128508006,-38.24703454543587
149.51776519578002,47.84860712120948,1.0000000000000002,0.8456921645251629,-0.5170370257804722,-38.270922071718225
149.52470877825326,47.85738687823804,1.0000000000000002,0.8455591780886926,-0.516980368422181,-38.294809056010344
149.53165526823494,47.86616602322917,1.0000000000000002,0.8454260709313413,-0.5169237405926159,-38.318695467861914
149.53860466414264,47.87494455692357,1.0000000000000002,0.8452928434484954,-0.5168671421085484,-38.342581276822585
149.54555696439346,47.88372248006239,1.0,0.8451594960355961,-0.516810572786846,-38.36646645244207
149.5525121674039,47.89249979338724,1.0,0.845026029088144,-0.516754032444458,-38.39035096427001
149.55947027159,47.901276497640204,1.0000000000000002,0.8448924430016984,-0.5166975208984268,-38.41423478185611
149.56643127536714,47.910052593563826,1.0000000000000002,0.8447587381718762,-0.5166410379658846,-38.43811787475004
149.5733951771504,47.91882808190114,1.0000000000000002,0.8446249149943568,-0.5165845834640517,-38.46200021250146
149.58036197535404,47.92760296339563,1.0000000000000002,0.84449097386487,-0.5165281572102405,-38.485881764660064
149.587331668392,47.93637723879123,1.0000000000000004,0.8443569151792107,-0.5164717590218517,-38.50976250077552
149.59430425467764,47.945150908832396,1.0000000000000002,0.8442227393332304,-0.516415388716378,-38.53364239039752
149.60127973262374,47.953923974264,1.0000000000000002,0.8440884467228404,-0.516359046111404,-38.5575214030757
149.6082581006425,47.96269643583143,1.0,0.8439540377440031,-0.5163027310246013,-38.58139950835977
149.61523935714575,47.97146829428052,1.0000000000000002,0.8438195127927501,-0.5162464432737375,-38.605276675799416
149.6222235005447,47.98023955035757,1.0000000000000002,0.8436848722651664,-0.5161901826766693,-38.62915287494429
149.62921052924995,47.989010204809375,1.0000000000000002,0.8435501165573951,-0.5161339490513441,-38.653028075344096
149.63620044167172,47.9977802583832,1.0000000000000002,0.8434152460656421,-0.5160777422158036,-38.67690224654847
149.64319323621953,48.006549711826786,1.0000000000000002,0.8432802611861654,-0.5160215619881816,-38.70077535810708
149.6501889113025,48.015318565888336,1.0000000000000002,0.8431451623152899,-0.5159654081867009,-38.724647379569674
149.65718746532917,48.02408682131654,1.0,0.8430099498493901,-0.515909280629681,-38.74851828048587
149.66418889670751,48.03285447886057,1.0000000000000002,0.8428746241849074,-0.5158531791355325,-38.77238803040537
149.671193203845,48.041621539270054,1.0000000000000002,0.8427391857183393,-0.5157971035227629,-38.79625659887783
149.67820038514864,48.05038800329514,1.0000000000000002,0.8426036348462436,-0.5157410536099647,-38.82012395545295
149.68521043902476,48.059153871686355,1.0000000000000002,0.8424679719652364,-0.5156850292158324,-38.84399006968038
149.69222336387926,48.06791914519491,1.0000000000000002,0.8423321974719884,-0.5156290301591491,-38.867854911109816
149.69923915811748,48.07668382457228,1.0000000000000002,0.8421963117632356,-0.5155730562587961,-38.891718449290934
149.70625782014423,48.085447910570544,1.0000000000000002,0.8420603152357717,-0.5155171073337463,-38.9155806537734
149.71327934836378,48.09421140394222,1.0000000000000002,0.8419242082864495,-0.5154611832030667,-38.939441494106894
149.72030374117986,48.102974305440306,1.0000000000000002,0.8417879913121791,-0.5154052836859235,-38.96330093984108
149.72733099699568,48.111736615818316,1.0000000000000002,0.8416516647099352,-0.5153494086015731,-38.987158960525655
149.7343611142139,48.120498335830206,1.0,0.8415152288767427,-0.5152935577693674,-39.011015525710306
149.74139409123666,48.12925946623046,1.0000000000000002,0.8413786842096962,-0.5152377310087592,-39.034870604944686
149.74842992646558,48.13802000777401,1.0000000000000002,0.8412420311059412,-0.5151819281392869,-39.05872416777846
149.7554686183017,48.14677996121631,1.0000000000000002,0.8411052699626893,-0.515126148980598,-39.08257618376132
149.76251016514559,48.15553932731327,1.0000000000000002,0.8409684011772063,-0.5150703933524259,-39.10642662244295
149.76955456539724,48.164298106821306,1.0000000000000002,0.8408314251468232,-0.515014661074606,-39.13027545337304
149.77660181745614,48.17305630049732,1.0,0.8406943422689257,-0.5149589519670679,-39.15412264610123
149.7836519197212,48.181813909098715,1.0000000000000002,0.8405571529409612,-0.5149032658498376,-39.17796817017721
149.7907048705908,48.190570933383334,1.0000000000000002,0.8404198575604367,-0.5148476025430435,-39.20181199515068
149.79776066846287,48.19932737410958,1.0000000000000002,0.8402824565249203,-0.5147919618669041,-39.22565409057126
149.80481931173472,48.208083232036316,1.0000000000000002,0.8401449502320362,-0.5147363436417374,-39.24949442598868
149.81188079880314,48.216838507922894,1.0000000000000002,0.8400073390794756,-0.5146807476879642,-39.273332970952595
149.81894512806443,48.22559320252913,1.0000000000000002,0.8398696234649776,-0.5146251738261016,-39.297169695012705
149.82601229791427,48.23434731661542,1.0000000000000002,0.8397318037863539,-0.5145696218767601,-39.32100456771864
149.83308230674794,48.24310085094257,1.0000000000000002,0.8395938804414675,-0.5145140916606539,-39.34483755862009
149.84015515296005,48.25185380627191,1.0000000000000002,0.8394558538282486,-0.5144585829985941,-39.36866863726678
149.84723083494475,48.260606183365276,1.0000000000000002,0.8393177243446788,-0.5144030957114936,-39.39249777320832
149.85430935109565,48.26935798298499,1.0000000000000002,0.8391794923888067,-0.5143476296203584,-39.41632493599445
149.8613906998058,48.27810920589388,1.0000000000000002,0.839041158358742,-0.5142921845463024,-39.440150095174786
149.86847487946775,48.28685985285526,1.0000000000000002,0.8389027226526444,-0.5142367603105313,-39.46397322029905
149.87556188847353,48.29560992463295,1.0000000000000002,0.8387641856687473,-0.5141813567343592,-39.48779428091689
149.88265172521454,48.30435942199128,1.0000000000000002,0.8386255478053344,-0.5141259736391897,-39.511613246577966
149.88974438808174,48.313108345694985,1.0000000000000002,0.838486809460754,-0.514070610846538,-39.535430086832015
149.89683987546556,48.321856696509535,1.0000000000000002,0.8383479710334143,-0.5140152681780101,-39.55924477122866
149.90393818575586,48.330604475200666,1.0000000000000002,0.8382090329217808,-0.5139599454553245,-39.58305726931762
149.911039317342,48.339351682534705,1.0000000000000002,0.8380699955243891,-0.5139046425002913,-39.60686755064852
149.9181432686127,48.34809831927849,1.0000000000000002,0.8379308592398225,-0.5138493591348259,-39.63067558477109
149.9252500379563,48.356844386199356,1.0000000000000002,0.8377916244667309,-0.5137940951809403,-39.65448134123496
149.93235962376048,48.36558988406512,1.0000000000000002,0.8376522916038249,-0.5137388504607605,-39.67828478958983
149.93947202441248,48.37433481364413,1.0000000000000002,0.8375128610498774,-0.5136836247965024,-39.70208589938539
149.94658723829895,48.38307917570525,1.0,0.8373733332037174,-0.5136284180104891,-39.72588464017128
149.953705263806,48.39182297101781,1.0000000000000002,0.8372337084642356,-0.5135732299251492,-39.7496809814972
149.96082609931926,48.40056620035168,1.0000000000000002,0.8370939872303889,-0.5135180603630065,-39.77347489291282
149.9679497432238,48.40930886447723,1.0,0.8369541699011878,-0.5134629091466976,-39.79726634396782
149.9750761939042,48.418050964165346,1.0000000000000002,0.8368142568757082,-0.513407776098953,-39.821055304211875
149.98220544974433,48.42679250018741,1.0000000000000002,0.8366742485530825,-0.513352661042612,-39.844841743194664
149.98933750912775,48.435533473315296,1.0000000000000002,0.8365341453325095,-0.5132975638006227,-39.868625630465864
149.9964723704374,48.444273884321454,1.0000000000000002,0.8363939476132463,-0.5132424841960246,-39.892406935575146
150.0036100320556,48.45301373397877,1.0000000000000004,0.836253655794605,-0.513187422051971,-39.91618562807218
150.0107504923643,48.4617530230607,1.0000000000000002,0.8361132702759724,-0.513132377191718,-39.939961677506645
150.0178937497448,48.47049175234118,1.0000000000000002,0.8359727914567814,-0.5130773494386265,-39.96373505342824
150.0250398025779,48.47922992259466,1.0000000000000002,0.835832219736536,-0.5130223386161581,-39.98750572538662
150.03218864924384,48.48796753459614,1.0,0.8356915555147966,-0.5129673445478868,-40.01127366293147
150.0393402881224,48.49670458912108,1.0000000000000002,0.8355507991911879,-0.5129123670574876,-40.035038835612454
150.04649471759276,48.5054410869455,1.0000000000000002,0.8354099511653938,-0.5128574059687399,-40.05880121297927
150.05365193603356,48.51417702884594,1.0000000000000002,0.8352690118371573,-0.5128024611055331,-40.08256076458155
150.06081194182298,48.5229124155994,1.0000000000000002,0.8351279816062873,-0.5127475322918622,-40.10631745996903
150.0679747333386,48.53164724798347,1.0,0.8349868608726503,-0.5126926193518266,-40.13007126869134
150.0751403089575,48.540381526776216,1.0000000000000002,0.8348456500361756,-0.5126377221096297,-40.15382216029818
150.0823086670561,48.54911525275622,1.0000000000000002,0.8347043494968518,-0.5125828403895896,-40.17757010433924
150.0894798060106,48.557848426702634,1.0000000000000002,0.8345629596547348,-0.512527974016125,-40.20131507036416
150.09665372419633,48.56658104939505,1.0000000000000002,0.8344214809099344,-0.5124731228137658,-40.225057027922624
150.10383041998824,48.57531312161366,1.0000000000000002,0.834279913662626,-0.5124182866071458,-40.24879594656433
