galstreams/tracks/track.st.OmegaCen-Fimbulthul.sollima2020.ecsv
# %ECSV 0.9
# ---
# datatype:
# - {name: ra, unit: deg, datatype: float64}
# - {name: dec, unit: deg, datatype: float64}
# - {name: distance, unit: kpc, datatype: float64}
# - {name: pm_ra_cosdec, unit: mas / yr, datatype: float64}
# - {name: pm_dec, unit: mas / yr, datatype: float64}
# - {name: radial_velocity, unit: km / s, datatype: float64}
# delimiter: ','
# meta: !!omap
# - __serialized_columns__:
#     dec:
#       __class__: astropy.coordinates.angles.Latitude
#       unit: &id001 !astropy.units.Unit {unit: deg}
#       value: !astropy.table.SerializedColumn {name: dec}
#     distance:
#       __class__: astropy.coordinates.distances.Distance
#       unit: !astropy.units.Unit {unit: kpc}
#       value: !astropy.table.SerializedColumn {name: distance}
#     pm_dec:
#       __class__: astropy.units.quantity.Quantity
#       unit: !astropy.units.Unit {unit: mas / yr}
#       value: !astropy.table.SerializedColumn {name: pm_dec}
#     pm_ra_cosdec:
#       __class__: astropy.units.quantity.Quantity
#       unit: !astropy.units.Unit {unit: mas / yr}
#       value: !astropy.table.SerializedColumn {name: pm_ra_cosdec}
#     ra:
#       __class__: astropy.coordinates.angles.Longitude
#       unit: *id001
#       value: !astropy.table.SerializedColumn {name: ra}
#       wrap_angle: !astropy.coordinates.Angle
#         unit: *id001
#         value: 360.0
#     radial_velocity:
#       __class__: astropy.units.quantity.Quantity
#       unit: !astropy.units.Unit {unit: km / s}
#       value: !astropy.table.SerializedColumn {name: radial_velocity}
# schema: astropy-2.0
ra,dec,distance,pm_ra_cosdec,pm_dec,radial_velocity
[from data line 715]
205.31247084258584,-48.52320419665132,5.426000000000001,0.0,0.0,-0.0
205.3277350390336,-48.52531896387738,5.426,0.0,0.0,-0.0
205.34300898120122,-48.527420677375396,5.426,0.0,0.0,-0.0
205.35829268947987,-48.52950929378269,5.426,0.0,0.0,-0.0
205.37358618445978,-48.53158476937806,5.425999999999999,0.0,0.0,-0.0
205.38888948693122,-48.53364706007985,5.426,0.0,0.0,-0.0
205.4042026178851,-48.53569612144405,5.426,0.0,0.0,-0.0
205.4195255985135,-48.53773190866238,5.426,0.0,0.0,-0.0
205.43485845021058,-48.53975437656045,5.426,0.0,0.0,-0.0
205.45020119457305,-48.541763479595794,5.426,0.0,0.0,-0.0
205.4655538534009,-48.54375917185599,5.426000000000001,0.0,0.0,-0.0
205.480916448698,-48.54574140705671,5.425999999999999,0.0,0.0,-0.0
205.4962890026729,-48.54771013853996,5.425999999999999,0.0,0.0,-0.0
205.51167153773923,-48.54966531927195,5.426,0.0,0.0,-0.0
205.52706407651658,-48.55160690184137,5.425999999999999,0.0,0.0,-0.0
205.54246664183086,-48.55353483845739,5.425999999999999,0.0,0.0,-0.0
205.55787925671524,-48.555449080947746,5.426,0.0,0.0,-0.0
205.57330194441045,-48.55734958075691,5.426,0.0,0.0,-0.0
205.58873472836564,-48.559236288944085,5.426,0.0,0.0,-0.0
205.60417763223884,-48.56110915618129,5.426,0.0,0.0,-0.0
205.61963067989763,-48.56296813275153,5.426,0.0,0.0,-0.0
205.63509389541966,-48.56481316854678,5.426000000000001,0.0,0.0,-0.0
205.65056730309337,-48.56664421306614,5.425999999999999,0.0,0.0,-0.0
205.66605092741838,-48.56846121541388,5.425999999999999,0.0,0.0,-0.0
205.68154479310624,-48.570264124297516,5.426,0.0,0.0,-0.0
205.697048925081,-48.5720528880259,5.426,0.0,0.0,-0.0
205.7125633484795,-48.5738274545073,5.426,0.0,0.0,-0.0
205.72808808865236,-48.575587771247456,5.426,0.0,0.0,-0.0
205.74362317116422,-48.577333785347676,5.426000000000001,0.0,0.0,-0.0
205.75916862179434,-48.57906544350289,5.425999999999999,0.0,0.0,-0.0
205.77472446653724,-48.580782691999744,5.425999999999999,0.0,0.0,-0.0
205.7902907316031,-48.58248547671466,5.425999999999999,0.0,0.0,-0.0
205.8058674434184,-48.58417374311188,5.4259999999999975,0.0,0.0,-0.0
205.82145462862644,-48.58584743624158,5.4259999999999975,0.0,0.0,-0.0
205.83705231408774,-48.58750650073791,5.425999999999999,0.0,0.0,-0.0
205.85266052688067,-48.58915088081706,5.425999999999999,0.0,0.0,-0.0
205.86827929430186,-48.59078052027535,5.426,0.0,0.0,-0.0
205.88390864386676,-48.59239536248721,5.425999999999998,0.0,0.0,-0.0
205.89954860331014,-48.59399535040339,5.426,0.0,0.0,-0.0
205.91519920058656,-48.595580426548864,5.425999999999999,0.0,0.0,-0.0
205.93086046387077,-48.59715053302101,5.425999999999999,0.0,0.0,-0.0
205.94653242155832,-48.59870561148759,5.425999999999999,0.0,0.0,-0.0
205.96221510226587,-48.600245603184845,5.425999999999999,0.0,0.0,-0.0
205.97790853483178,-48.601770448915545,5.425999999999998,0.0,0.0,-0.0
205.9936127483165,-48.60328008904704,5.425999999999998,0.0,0.0,-0.0
206.00932777200308,-48.604774463509315,5.425999999999999,0.0,0.0,-0.0
206.02505363539743,-48.60625351179306,5.425999999999999,0.0,0.0,-0.0
206.040790368229,-48.60771717294765,5.425999999999999,0.0,0.0,-0.0
206.056538000451,-48.60916538557932,5.425999999999999,0.0,0.0,-0.0
206.07229656224095,-48.610598087849084,5.425999999999998,0.0,0.0,-0.0
206.088066084001,-48.61201521747088,5.425999999999999,0.0,0.0,-0.0
206.10384659635844,-48.61341671170957,5.426,0.0,0.0,-0.0
206.11963813016598,-48.61480250737894,5.4259999999999975,0.0,0.0,-0.0
206.13544071650216,-48.61617254083991,5.425999999999999,0.0,0.0,-0.0
206.15125438667192,-48.61752674799832,5.425999999999998,0.0,0.0,-0.0
206.16707917220666,-48.61886506430322,5.425999999999999,0.0,0.0,-0.0
206.18291510486486,-48.620187424744756,5.425999999999999,0.0,0.0,-0.0
206.19876221663242,-48.62149376385229,5.426,0.0,0.0,-0.0
206.21462053972286,-48.62278401569235,5.425999999999999,0.0,0.0,-0.0
206.2304901065778,-48.624058113866795,5.425999999999999,0.0,0.0,-0.0
206.24637094986736,-48.625315991510675,5.425999999999999,0.0,0.0,-0.0
206.26226310249027,-48.62655758129048,5.425999999999998,0.0,0.0,-0.0
206.27816659757443,-48.62778281540197,5.425999999999998,0.0,0.0,-0.0
206.29408146847712,-48.628991625568325,5.425999999999999,0.0,0.0,-0.0
206.31000774878535,-48.630183943038155,5.425999999999999,0.0,0.0,-0.0
206.32594547231614,-48.631359698583495,5.425999999999999,0.0,0.0,-0.0
206.34189467311683,-48.63251882249788,5.425999999999999,0.0,0.0,-0.0
206.3578553854654,-48.63366124459432,5.425999999999999,0.0,0.0,-0.0
206.37382764387064,-48.63478689420336,5.425999999999998,0.0,0.0,-0.0
206.38981148307263,-48.63589570017111,5.425999999999998,0.0,0.0,-0.0
206.40580693804287,-48.63698759085725,5.425999999999999,0.0,0.0,-0.0
206.42181404398454,-48.63806249413303,5.425999999999998,0.0,0.0,-0.0
206.4378328363328,-48.639120337379346,5.426,0.0,0.0,-0.0
206.45386335075503,-48.6401610474847,5.425999999999999,0.0,0.0,-0.0
206.46990562315105,-48.64118455084326,5.425999999999999,0.0,0.0,-0.0
206.48595968965338,-48.64219077335287,5.425999999999999,0.0,0.0,-0.0
206.5020255866275,-48.643179640413024,5.425999999999999,0.0,0.0,-0.0
206.51810335067196,-48.64415107692293,5.425999999999998,0.0,0.0,-0.0
206.53419301861862,-48.64510500727952,5.425999999999999,0.0,0.0,-0.0
206.550294627533,-48.6460413553754,5.425999999999999,0.0,0.0,-0.0
206.56640821471424,-48.64696004459694,5.425999999999998,0.0,0.0,-0.0
206.58253381769546,-48.64786099782226,5.425999999999999,0.0,0.0,-0.0
206.5986714742439,-48.64874413741916,5.425999999999999,0.0,0.0,-0.0
206.614821222361,-48.64960938524326,5.425999999999999,0.0,0.0,-0.0
206.63098310028272,-48.6504566626359,5.425999999999999,0.0,0.0,-0.0
206.64715714647954,-48.651285890422166,5.425999999999999,0.0,0.0,-0.0
206.66334339965675,-48.65209698890894,5.425999999999999,0.0,0.0,-0.0
206.67954189875445,-48.65288987788284,5.425999999999999,0.0,0.0,-0.0
206.6957526829478,-48.65366447660824,5.425999999999999,0.0,0.0,-0.0
206.711975791647,-48.654420703825295,5.425999999999999,0.0,0.0,-0.0
206.7282112644976,-48.655158477747875,5.425999999999998,0.0,0.0,-0.0
206.74445914138042,-48.65587771606166,5.425999999999999,0.0,0.0,-0.0
206.7607194624118,-48.65657833592202,5.425999999999998,0.0,0.0,-0.0
206.7769922679435,-48.65726025395209,5.426,0.0,0.0,-0.0
206.79327759856307,-48.657923386240725,5.425999999999999,0.0,0.0,-0.0
206.80957549509358,-48.6585676483405,5.425999999999999,0.0,0.0,-0.0
206.82588599859392,-48.659192955265716,5.426,0.0,0.0,-0.0
206.84220915035883,-48.65979922149037,5.425999999999999,0.0,0.0,-0.0
206.85854499191885,-48.660386360946084,5.425999999999999,0.0,0.0,-0.0
206.87489356504045,-48.66095428702024,5.425999999999998,0.0,0.0,-0.0
206.89125491172598,-48.6615029125538,5.425999999999999,0.0,0.0,-0.0
206.90762907421376,-48.662032149839405,5.425999999999999,0.0,0.0,-0.0
206.92401609497813,-48.662541910619275,5.425999999999999,0.0,0.0,-0.0
206.9404160167293,-48.66303210608326,5.425999999999999,0.0,0.0,-0.0
206.9568288824135,-48.66350264686677,5.426,0.0,0.0,-0.0
206.9732547352129,-48.66395344304873,5.425999999999999,0.0,0.0,-0.0
206.98969361854552,-48.66438440414968,5.425999999999999,0.0,0.0,-0.0
207.00614557606536,-48.664795439129584,5.425999999999999,0.0,0.0,-0.0
207.0226106516623,-48.665186456385904,5.426,0.0,0.0,-0.0
207.03908888946185,-48.66555736375155,5.425999999999999,0.0,0.0,-0.0
207.0555803338255,-48.66590806849287,5.425999999999999,0.0,0.0,-0.0
207.0720850293502,-48.666238477307566,5.425999999999999,0.0,0.0,-0.0
207.08860302086865,-48.666548496322704,5.425999999999999,0.0,0.0,-0.0
207.105134353449,-48.66683803109268,5.425999999999999,0.0,0.0,-0.0
207.12167907239484,-48.66710698659718,5.425999999999998,0.0,0.0,-0.0
207.13823722324503,-48.66735526723914,5.425999999999999,0.0,0.0,-0.0
207.15480885177374,-48.667582776842686,5.425999999999998,0.0,0.0,-0.0
207.1713940039901,-48.66778941865115,5.4259999999999975,0.0,0.0,-0.0
207.18799272613822,-48.66797509532495,5.425999999999999,0.0,0.0,-0.0
207.2046050646971,-48.66813970893968,5.4259999999999975,0.0,0.0,-0.0
207.22123106638026,-48.66828316098389,5.425999999999998,0.0,0.0,-0.0
207.23787077813583,-48.6684053523572,5.425999999999998,0.0,0.0,-0.0
207.25452424714626,-48.66850618336816,5.425999999999999,0.0,0.0,-0.0
207.27119152082804,-48.66858555373225,5.425999999999999,0.0,0.0,-0.0
207.28787264683172,-48.6686433625698,5.425999999999999,0.0,0.0,-0.0
207.30456767304156,-48.66867950840397,5.425999999999998,0.0,0.0,-0.0
207.32127664757536,-48.668693889158675,5.425999999999999,0.0,0.0,-0.0
207.33799961878432,-48.66868640215653,5.425999999999999,0.0,0.0,-0.0
207.3547366352527,-48.66865694411683,5.425999999999999,0.0,0.0,-0.0
207.37148774579757,-48.66860541115348,5.425999999999998,0.0,0.0,-0.0
207.38825299946865,-48.66853169877289,5.425999999999999,0.0,0.0,-0.0
207.4050324455481,-48.66843570187199,5.425999999999999,0.0,0.0,-0.0
207.42182613355007,-48.66831731473617,5.425999999999999,0.0,0.0,-0.0
