galstreams/tracks/track.st.New-8.ibata2024.ecsv
# %ECSV 1.0
# ---
# datatype:
# - {name: ra, unit: deg, datatype: float64}
# - {name: dec, unit: deg, datatype: float64}
# - {name: distance, unit: kpc, datatype: float64}
# - {name: pm_ra_cosdec, unit: mas / yr, datatype: float64}
# - {name: pm_dec, unit: mas / yr, datatype: float64}
# - {name: radial_velocity, unit: km / s, datatype: float64}
# delimiter: ','
# meta: !!omap
# - __serialized_columns__:
#     dec:
#       __class__: astropy.coordinates.angles.Latitude
#       unit: &id001 !astropy.units.Unit {unit: deg}
#       value: !astropy.table.SerializedColumn {name: dec}
#     distance:
#       __class__: astropy.coordinates.distances.Distance
#       unit: !astropy.units.Unit {unit: kpc}
#       value: !astropy.table.SerializedColumn {name: distance}
#     pm_dec:
#       __class__: astropy.units.quantity.Quantity
#       unit: !astropy.units.Unit {unit: mas / yr}
#       value: !astropy.table.SerializedColumn {name: pm_dec}
#     pm_ra_cosdec:
#       __class__: astropy.units.quantity.Quantity
#       unit: !astropy.units.Unit {unit: mas / yr}
#       value: !astropy.table.SerializedColumn {name: pm_ra_cosdec}
#     ra:
#       __class__: astropy.coordinates.angles.Longitude
#       unit: *id001
#       value: !astropy.table.SerializedColumn {name: ra}
#       wrap_angle: !astropy.coordinates.Angle
#         unit: *id001
#         value: 360.0
#     radial_velocity:
#       __class__: astropy.units.quantity.Quantity
#       unit: !astropy.units.Unit {unit: km / s}
#       value: !astropy.table.SerializedColumn {name: radial_velocity}
# schema: astropy-2.0
ra,dec,distance,pm_ra_cosdec,pm_dec,radial_velocity
142.8958050786798,37.63835480252504,0.9999999999999997,-45.008329960148124,-53.594732009367554,378.5812167935145
142.8867251863481,37.621733487882516,0.9999999999999996,-44.95993801017015,-53.519303701495545,392.85355176016924
142.87774557553817,37.605128702618295,0.9999999999999994,-44.91186137182003,-53.444431146356244,406.9588758049665
142.868866003521,37.588540440414846,0.9999999999999997,-44.86410056853549,-53.37011270968942,420.89803683908633
142.8600862279862,37.57196869461109,0.9999999999999998,-44.81665613011572,-53.29634675456149,434.67188277371844
142.85140600704054,37.555413458204754,0.9999999999999997,-44.769528592673836,-53.22313164137121,448.2812615200436
142.8428250992066,37.53887472385465,0.9999999999999996,-44.72271849859048,-53.15046572785477,461.7270209892483
142.83434326342106,37.52235248388301,0.9999999999999997,-44.67622639646639,-53.07834736909153,475.0100090925132
142.82596025903317,37.5058467302778,0.9999999999999996,-44.63005284107612,-53.00677491750935,488.1310737410256
142.81767584580348,37.489357454694996,0.9999999999999997,-44.58419839332183,-52.935746722889576,501.09106284596936
142.80948978390205,37.47288464846084,0.9999999999999997,-44.53866362018679,-52.86526113237271,513.8908243185249
142.80140183390714,37.456428302574174,0.9999999999999994,-44.49344909468944,-52.79531649046345,526.5312060698795
142.79341175680355,37.439988407708654,0.9999999999999994,-44.44855539583789,-52.725911139035645,539.0130560112191
142.78551931398127,37.42356495421499,0.9999999999999994,-44.40398310858403,-52.65704341733782,551.3372220537238
142.77772426723382,37.4071579321232,0.9999999999999994,-44.3597328237783,-52.58871166199795,563.504552108581
142.77002637875682,37.390767331144886,0.9999999999999994,-44.31580513812446,-52.52091420702877,575.5158940869729
142.7624254111465,37.37439314067539,0.9999999999999994,-44.272200654134636,-52.453649383832456,587.3720959000818
142.75492112739818,37.35803534979605,0.9999999999999994,-44.22891998008462,-52.38691552120585,599.0740054590949
142.74751329090466,37.34169394727632,0.9999999999999996,-44.18596372996901,-52.320710945345255,610.6224706751999
142.74020166545495,37.3253689215761,0.9999999999999996,-44.143332523457225,-52.25503397985139,622.0183394595714
142.73298601523254,37.30906026084781,0.9999999999999996,-44.10102698584903,-52.18988294573422,633.2624597234005
142.72586610481403,37.29276795293857,0.9999999999999996,-44.05904774803044,-52.125256161417646,644.3556793778697
142.71884169916757,37.27649198539242,0.9999999999999994,-44.01739544643028,-52.06115194274456,655.2988463341642
142.71191256365142,37.26023234545242,0.9999999999999994,-43.97607072297631,-51.99756860298127,666.0928085034645
142.70507846401247,37.2439890200628,0.9999999999999994,-43.93507422505203,-51.93450445282234,676.73841379696
142.69833916638459,37.22776199587112,0.9999999999999997,-43.8944066054529,-51.87195780039539,687.2365101258289
142.69169443728734,37.21155125923037,0.9999999999999994,-43.85406852234422,-51.809926951265496,697.5879454012589
142.68514404362443,37.19535679620108,0.9999999999999996,-43.81406063921754,-51.74841020843994,707.7935675344357
142.67868775268207,37.17917859255346,0.9999999999999996,-43.77438362484826,-51.687405872372814,717.8542244365397
142.67232533212768,37.16301663376947,0.9999999999999997,-43.735038153253136,-51.6269122409694,727.770764018756
142.66605655000836,37.1468709050449,0.9999999999999996,-43.69602490364832,-51.56692760959096,737.5440341922713
142.65988117474942,37.13074139129144,0.9999999999999994,-43.65734456040681,-51.50745027105886,747.1748828682664
142.65379897515274,37.11462807713878,0.9999999999999994,-43.61899781301681,-51.448478515659325,756.6641579579261
142.64780972039551,37.09853094693668,0.9999999999999996,-43.58098535604004,-51.39001063114779,766.0127073724377
142.64191318002864,37.082449984756934,0.9999999999999994,-43.543307889070185,-51.332044902753225,775.2213790229815
142.63610912397536,37.066385174395506,0.9999999999999996,-43.50596611669165,-51.27457961318249,784.2910208207429
142.6303973225296,37.05033649937452,0.9999999999999994,-43.46896074843813,-51.217613042624954,793.2224806769078
142.62477754635472,37.03430394294428,0.9999999999999996,-43.43229249875215,-51.1611434687564,802.0166065026568
142.61924956648187,37.018287488085285,0.9999999999999994,-43.39596208694388,-51.1051691667437,810.6742462091767
142.61381315430862,37.00228711751025,0.9999999999999994,-43.35997023715072,-51.04968840924885,819.1962477076518
142.60846808159752,36.98630281366606,0.9999999999999994,-43.32431767829681,-50.99469946643339,827.5834589092626
142.60321412047452,36.97033455873581,0.9999999999999997,-43.28900514405299,-50.940200605962524,835.836727725196
142.5980510434277,36.95438233464075,0.9999999999999994,-43.2540333727968,-50.88619009300931,843.9569020666362
142.59297862330558,36.93844612304225,0.9999999999999994,-43.21940310757215,-50.832666190258905,851.9448298447711
142.58799663331587,36.922525905343775,0.9999999999999994,-43.18511509605027,-50.77962715791279,859.8013589707768
142.58310484702392,36.90662166269283,0.9999999999999996,-43.15117009048981,-50.72707125369283,867.5273373558445
142.57830303835132,36.890733375982876,0.9999999999999996,-43.117568847697854,-50.674996732845344,875.123612911153
142.57359098157448,36.87486102585535,0.9999999999999996,-43.08431212899053,-50.62340184814544,882.5910335478892
142.56896845132297,36.85900459270146,0.9999999999999996,-43.05140070015402,-50.572284849900896,889.9304471772373
142.56443522257848,36.843164056664214,0.9999999999999996,-43.01883533140618,-50.5216439859562,897.1427017103795
142.559991070673,36.827339397640266,0.9999999999999996,-42.986616797357485,-50.471477501696896,904.2286450585032
142.5556357712876,36.811530595281816,0.9999999999999994,-42.954745876972964,-50.42178364005329,911.1891251327903
142.55136910045093,36.79573762899856,0.9999999999999996,-42.923223353533686,-50.37256064150461,918.024989844425
142.54719083453782,36.77996047795947,0.9999999999999997,-42.89205001459899,-50.32380674408324,924.7370871045912
142.54310075026788,36.76419912109478,0.9999999999999994,-42.86122665196845,-50.275520183378234,931.3262648244742
142.53909862470394,36.74845353709776,0.9999999999999996,-42.830754061644086,-50.22769919253966,937.7933709152582
142.53518423525088,36.732723704426604,0.9999999999999996,-42.800633043792956,-50.18034200228257,944.1392532881235
142.53135735965392,36.71700960130634,0.9999999999999994,-42.77086440270985,-50.133446840890784,950.3647598542609
142.52761777599744,36.70131120573052,0.9999999999999994,-42.741448946779755,-50.08701193422088,956.4707385248488
142.5239652627035,36.68562849546321,0.9999999999999996,-42.71238748844151,-50.04103550570612,962.4580372110738
142.52039959853036,36.66996144804075,0.9999999999999994,-42.68368084415016,-49.995515776360605,968.3275038241208
142.51692056257116,36.654310040773524,0.9999999999999994,-42.65532983434096,-49.95045096478276,974.0799862751734
142.51352793425255,36.63867425074784,0.9999999999999993,-42.6273352833925,-49.90583928715952,979.7163324754124
142.51022149333315,36.6230540548277,0.9999999999999997,-42.59969801959045,-49.86167895727027,985.2373903360273
142.5070010199023,36.60744942965656,0.9999999999999994,-42.57241887509153,-49.81796818649046,990.6440077681998
142.50386629437864,36.59186035165917,0.9999999999999996,-42.545498685887395,-49.77470518379563,995.9370326831101
142.50081709750864,36.5762867970433,0.9999999999999994,-42.51893829176876,-49.731888155765404,1001.1173129919493
142.49785321036535,36.56072874180154,0.9999999999999994,-42.492738536290105,-49.689515306587026,1006.1856966058984
142.4949744143469,36.54518616171303,0.9999999999999994,-42.46690026673373,-49.64758483805957,1011.1430314361403
142.49218049117516,36.52965903234525,0.9999999999999994,-42.44142433407461,-49.60609494959756,1015.9901653938612
142.48947122289437,36.51414732905571,0.9999999999999996,-42.41631159294529,-49.56504383823477,1020.7279463902449
142.48684639186985,36.498651026993734,0.9999999999999994,-42.391562901601134,-49.52442969862817,1025.3572223364733
142.48430578078649,36.483170101102125,0.9999999999999993,-42.367179121885,-49.484250723061734,1029.8788411437306
142.4818491726475,36.467704526118986,0.9999999999999997,-42.343161119193184,-49.44450510145029,1034.2936507232057
142.4794763507729,36.45225427657931,0.9999999999999997,-42.319509762440106,-49.4051910213431,1038.6024989860778
142.47718709879845,36.43681932681679,0.9999999999999994,-42.29622592402504,-49.36630666792813,1042.8062338435354
142.47498120067402,36.42139965096544,0.9999999999999996,-42.27331047979716,-49.32785022403547,1046.9057032067553
142.4728584406623,36.4059952229613,0.9999999999999997,-42.250764309021704,-49.28981987014102,1050.901754986929
142.4708186033375,36.39060601654417,0.9999999999999996,-42.22858829434631,-49.25221378437095,1054.7952370952366
142.46886147358416,36.3752320052592,0.9999999999999994,-42.206783321767574,-49.215030142504844,1058.5869974428658
142.46698683659542,36.359873162458605,0.9999999999999997,-42.18535028059675,-49.178267117979644,1062.2778839409982
142.46519447787213,36.344529461303324,0.9999999999999997,-42.16429006342733,-49.141922881893706,1065.8687445008177
142.4634841832211,36.32920087476465,0.9999999999999993,-42.14360356610101,-49.105995603010456,1069.3604270335084
142.46185573875425,36.31388737562587,0.9999999999999994,-42.12329168767559,-49.07048344776196,1072.7537794502546
142.46030893088673,36.298588936483924,0.9999999999999994,-42.10335533039088,-49.03538458025308,1076.0496496622413
142.45884354633606,36.283305529751026,0.9999999999999997,-42.08379539963741,-49.000697162265084,1079.248885580653
142.4574593721206,36.268037127656264,0.9999999999999996,-42.06461280392283,-48.966419353259454,1082.352335116673
142.45615619555832,36.25278370224722,0.9999999999999994,-42.045808454839786,-48.93254931038162,1085.3608461814817
142.4549338042654,36.23754522539161,0.9999999999999996,-42.02738326703388,-48.89908518846501,1088.2752666862723
142.45379198615495,36.22232166877884,0.9999999999999997,-42.0093381581714,-48.86602514003458,1091.0964445422194
142.45273052943583,36.20711300392158,0.9999999999999996,-41.991674048907555,-48.83336731531071,1093.8252276605124
142.45174922261117,36.191919202157436,0.9999999999999996,-41.97439186285443,-48.80110986221307,1096.462463952337
142.45084785447722,36.17674023465043,0.9999999999999993,-41.95749252654973,-48.769250926364435,1099.0090013288714
142.450026214122,36.161576072392606,0.9999999999999994,-41.940976969425094,-48.73778865109425,1101.4656877013035
142.449284090924,36.146426686205636,0.9999999999999994,-41.924846123774685,-48.706721177442915,1103.833370980817
142.44862127455096,36.13129204674225,0.9999999999999996,-41.90910092472451,-48.6760466441651,1106.112899078596
142.4480375549585,36.11617212448796,0.9999999999999994,-41.893742310200764,-48.64576318773402,1108.305119905824
142.44753272238887,36.10106688976244,0.9999999999999996,-41.878771220899424,-48.61586894234493,1110.4108813736852
142.44710656736987,36.08597631272116,0.9999999999999994,-41.86418860025566,-48.586362039919095,1112.4310313933654
142.44675888071325,36.07090036335686,0.9999999999999997,-41.84999539441296,-48.55724061010771,1114.3664178760464
142.4464894535137,36.05583901150111,0.9999999999999994,-41.83619255219283,-48.52850278029568,1116.217888732917
142.44629807714747,36.040792226825765,0.9999999999999994,-41.82278102506454,-48.50014667560525,1117.9862918751546
142.44618454327122,36.02575997884453,0.9999999999999994,-41.80976176711523,-48.47217041890045,1119.672475213945
142.44614864382066,36.01074223691446,0.9999999999999997,-41.79713573501975,-48.44457213079029,1121.2772866604753
142.4461901710094,35.99573897023736,0.9999999999999994,-41.7849038880111,-48.41734992963313,1122.8015741259294
142.4463089173276,35.98075014786139,0.9999999999999997,-41.773067187850515,-48.39050193154016,1124.2461855214895
142.44650467554084,35.96577573868247,0.9999999999999994,-41.761626598798145,-48.36402625037975,1125.6119687583391
142.44677723868884,35.95081571144578,0.9999999999999997,-41.75058308758352,-48.337920997781126,1126.8997717476668
142.4471264000842,35.9358700347472,0.9999999999999994,-41.739937623376704,-48.31218428313802,1128.1104424006514
142.44755195331123,35.920938677034776,0.9999999999999994,-41.72969117775895,-48.28681421361297,1129.2448286284778
142.4480536922247,35.906021606610196,0.9999999999999994,-41.71984472469397,-48.261808894141154,1130.3037783423347
142.44863141094862,35.89111879163021,0.9999999999999996,-41.71039924049886,-48.23716642743422,1131.288139453401
142.44928490387505,35.8762302001081,0.9999999999999996,-41.70135570381592,-48.212884913984425,1132.1987598728645
142.4500139656629,35.861355799914996,0.9999999999999994,-41.692715095584134,-48.188962452068196,1133.0364875119062
142.45081839123654,35.84649555878148,0.9999999999999994,-41.684478399010146,-48.16539713775063,1133.802170281709
142.45169797578498,35.83164944429889,0.9999999999999994,-41.67664659954117,-48.1421870648891,1134.4966560934622
142.4526525147603,35.8168174239207,0.9999999999999994,-41.669220684836176,-48.119330325137355,1135.120792858351
142.4536818038767,35.80199946496405,0.9999999999999994,-41.66220164473832,-48.09682500794946,1135.6754284875512
142.4547856391091,35.78719553461103,0.9999999999999994,-41.65559047124698,-48.07466920058393,1136.1614108922545
142.45596381669225,35.77240559991011,0.9999999999999996,-41.64938815849047,-48.052860988107724,1136.5795879836423
142.45721613311923,35.757629627777526,0.9999999999999996,-41.64359570269822,-48.0313984534001,1136.9308076728955
142.45854238514045,35.74286758499868,0.9999999999999996,-41.63821410217372,-48.01027967715693,1137.2159178712043
142.45994236976244,35.72811943822949,0.9999999999999996,-41.633244357267046,-47.989502737894696,1137.4357664897486
142.46141588424678,35.71338515399776,0.9999999999999996,-41.628687470348254,-47.9690657119543,1137.591201439714
142.46296272610874,35.69866469870449,0.9999999999999994,-41.62454444578003,-47.94896667350544,1137.6830706322867
142.46458269311628,35.68395803862534,0.9999999999999996,-41.62081628989135,-47.92920369455068,1137.7122219786468
142.46627558328888,35.66926513991187,0.9999999999999994,-41.617504010950455,-47.90977484492933,1137.6795033899791
142.46804119489616,35.654585968592954,0.9999999999999994,-41.61460861913831,-47.890678192322085,1137.5857627774674
142.46987932645715,35.63992049057606,0.9999999999999997,-41.612131126522826,-47.8719118022545,1137.431848052305
142.47178977673886,35.625268671648605,0.9999999999999994,-41.6100725470324,-47.8534737381016,1137.2186071256615
142.4737723447551,35.6106304774793,0.9999999999999993,-41.60843389642936,-47.83536206109194,1136.9468879087306
142.47582682976557,35.596005873619376,0.9999999999999994,-41.60721619228457,-47.81757483031157,1136.6175383126931
142.4779530312746,35.58139482550404,0.9999999999999997,-41.60642045395184,-47.800110102708814,1136.2314062487328
142.48015074902997,35.56679729845363,0.9999999999999996,-41.60604770254129,-47.78296593309781,1135.789339628034
142.48241978302187,35.55221325767499,0.9999999999999994,-41.606098960894954,-47.76614037416307,1135.2921863617808
142.4847599334818,35.53764266826277,0.9999999999999997,-41.60657525356052,-47.74963147646383,1134.7407943611613
142.4871710008814,35.52308549520066,0.9999999999999997,-41.60747760676681,-47.73343728843797,1134.1360115373552
142.48965278593136,35.50854170336272,0.9999999999999994,-41.60880704839792,-47.71755585640663,1133.4786858015482
142.49220508958035,35.49401125751461,0.9999999999999994,-41.6105646079688,-47.70198522457835,1132.7696650649245
142.49482771301388,35.47949412231488,0.9999999999999996,-41.6127513166001,-47.686723435053395,1132.0097972386661
142.49752045765314,35.464990262316256,0.9999999999999993,-41.615368206993594,-47.671768527828036,1131.1999302339625
