galstreams/tracks/track.st.Cetus-New.yuan2021.ecsv
# %ECSV 0.9
# ---
# datatype:
# - {name: ra, unit: deg, datatype: float64}
# - {name: dec, unit: deg, datatype: float64}
# - {name: distance, unit: kpc, datatype: float64}
# - {name: pm_ra_cosdec, unit: mas / yr, datatype: float64}
# - {name: pm_dec, unit: mas / yr, datatype: float64}
# - {name: radial_velocity, unit: km / s, datatype: float64}
# delimiter: ','
# meta: !!omap
# - __serialized_columns__:
#     dec:
#       __class__: astropy.coordinates.angles.Latitude
#       unit: &id001 !astropy.units.Unit {unit: deg}
#       value: !astropy.table.SerializedColumn {name: dec}
#     distance:
#       __class__: astropy.coordinates.distances.Distance
#       unit: !astropy.units.Unit {unit: kpc}
#       value: !astropy.table.SerializedColumn {name: distance}
#     pm_dec:
#       __class__: astropy.units.quantity.Quantity
#       unit: !astropy.units.Unit {unit: mas / yr}
#       value: !astropy.table.SerializedColumn {name: pm_dec}
#     pm_ra_cosdec:
#       __class__: astropy.units.quantity.Quantity
#       unit: !astropy.units.Unit {unit: mas / yr}
#       value: !astropy.table.SerializedColumn {name: pm_ra_cosdec}
#     ra:
#       __class__: astropy.coordinates.angles.Longitude
#       unit: *id001
#       value: !astropy.table.SerializedColumn {name: ra}
#       wrap_angle: !astropy.coordinates.Angle
#         unit: *id001
#         value: 360.0
#     radial_velocity:
#       __class__: astropy.units.quantity.Quantity
#       unit: !astropy.units.Unit {unit: km / s}
#       value: !astropy.table.SerializedColumn {name: radial_velocity}
# schema: astropy-2.0
ra,dec,distance,pm_ra_cosdec,pm_dec,radial_velocity
[from data line 822]
25.28910252049471,-8.561219886596582,20.949658358128634,1.4241341283476439,0.4984693649691893,4.210383564936169e-15
25.288910746474624,-8.571358431004796,20.949736870243335,1.4241989069108196,0.4983212410786275,2.2104513715914887e-14
25.288719393382564,-8.581496962331252,20.949814020792438,1.4242637471443247,0.49817353033460493,8.420767129872338e-15
25.288528461061823,-8.591635480579649,20.94988981039301,1.4243286490327767,0.49802623260580736,5.2629794561702115e-15
25.28833794935577,-8.601773985753534,20.9499642396621,1.4243936125607992,0.4978793477609195,-1.3683746586042549e-14
25.288147858107855,-8.6119124778565,20.950037309216754,1.424458637713021,0.49773287566862356,1.3683746586042549e-14
25.28795818716153,-8.622050956892107,20.950109019674045,1.4245237244740763,0.49758681619759915,1.6841534259744676e-14
25.28776893636035,-8.632189422864075,20.95017937165103,1.4245888728286054,0.4974411692165238,0.0
25.287580105547946,-8.642327875775953,20.95024836576475,1.424654082761255,0.4972959345940736,-1.0525958912340423e-15
25.287391694567987,-8.652466315631377,20.950316002632277,1.424719354256677,0.49715111219892155,4.210383564936169e-15
25.287203703264208,-8.662604742433901,20.950382282870656,1.4247846872995285,0.4970067018997392,-4.210383564936169e-15
25.287016131480417,-8.672743156187273,20.950447207096953,1.4248500818744727,0.49686270356519546,-1.0525958912340423e-15
25.286828979060477,-8.68288155689506,20.950510775928215,1.424915537966179,0.49671911706395744,6.315575347404253e-15
25.28664224584831,-8.69301994456085,20.950572989981517,1.4249810555593214,0.4965759422646902,-8.420767129872338e-15
25.2864559316879,-8.703158319188384,20.95063384987389,1.425046634638581,0.49643317903605627,4.210383564936169e-15
25.286270036423318,-8.71329668078126,20.950693356222406,1.4251122751886434,0.4962908272467164,2.1051917824680846e-14
25.286084559898644,-8.72343502934307,20.950751509644125,1.4251779771941988,0.4961488867653289,2.1051917824680845e-15
25.285899501958085,-8.733573364877579,20.9508083107561,1.4252437406399454,0.4960073574605503,1.894672604221276e-14
25.28571486244586,-8.743711687388384,20.950863760175373,1.4253095655105854,0.49586623920103506,-8.420767129872338e-15
25.28553064120628,-8.753849996879143,20.950917858519023,1.4253754517908275,0.4957255318554348,-3.1577876737021266e-15
25.285346838083697,-8.763988293353469,20.950970606404095,1.425441399465385,0.4955852352924,1.0525958912340423e-14
25.285163452922543,-8.774126576815146,20.95102200444764,1.4255074085189772,0.49544534938057816,2.1051917824680845e-15
25.284980485567296,-8.784264847267782,20.95107205326673,1.425573478936328,0.4953058739886155,-1.0525958912340423e-14
25.284797935862514,-8.794403104715052,20.951120753478403,1.4256396107021692,0.4951668089851555,1.3683746586042549e-14
25.284615803652798,-8.804541349160598,20.951168105699736,1.4257058038012345,0.4950281542388395,-2.1051917824680845e-15
25.284434088782817,-8.814679580608205,20.951214110547777,1.4257720582182662,0.49488990961830737,-8.420767129872338e-15
25.28425279109732,-8.824817799061513,20.951258768639573,1.4258383739380112,0.4947520749921964,-1.2631150694808506e-14
25.284071910441085,-8.834956004524154,20.951302080592193,1.4259047509452203,0.4946146502291414,-1.0525958912340423e-15
25.283891446658984,-8.84509419699994,20.95134404702269,1.4259711892246516,0.4944776351977764,1.7894130150978717e-14
25.283711399595923,-8.85523237649251,20.951384668548126,1.4260376887610666,0.4943410297667315,6.315575347404253e-15
25.283531769096893,-8.865370543005582,20.951423945785535,1.4261042495392353,0.49420483380463665,-2.1051917824680845e-15
25.28335255500692,-8.875508696542799,20.951461879352003,1.4261708715439299,0.4940690471801179,7.368171238638296e-15
25.283173757171134,-8.885646837107991,20.951498469864568,1.4262375547599293,0.49393366976180064,1.6841534259744676e-14
25.282995375434677,-8.89578496470482,20.951533717940297,1.4263042991720176,0.4937987014183069,2.1051917824680845e-15
25.28281740964278,-8.905923079337,20.951567624196237,1.4263711047649845,0.49366414201825837,8.420767129872338e-15
25.282639859640742,-8.916061181008223,20.95160018924945,1.4264379715236242,0.4935299914302728,-6.315575347404253e-15
25.28246272527391,-8.926199269722307,20.951631413716996,1.426504899432737,0.4933962495229667,-3.1577876737021266e-15
25.282286006387686,-8.936337345482933,20.951661298215924,1.4265718884771275,0.4932629161649549,1.1578554803574466e-14
25.282109702827544,-8.94647540829379,20.9516898433633,1.426638938641606,0.4931299912248493,3.1577876737021266e-15
25.281933814439018,-8.95661345815873,20.951717049776175,1.426706049910989,0.4929974745712605,-8.420767129872338e-15
25.28175834106771,-8.966751495081434,20.9517429180716,1.4267732222700964,0.4928653660727965,-8.420767129872338e-15
25.281583282559275,-8.976889519065658,20.951767448866633,1.426840455703755,0.4927336655980639,-9.47336302110638e-15
25.28140863875943,-8.987027530115101,20.951790642778334,1.4269077501967953,0.49260237301566584,9.47336302110638e-15
25.281234409513942,-8.997165528233635,20.951812500423774,1.4269751057340532,0.492471488194205,1.0525958912340423e-14
25.281060594668666,-9.007303513424958,20.95183302241999,1.427042522300371,0.4923410110022812,-6.315575347404253e-15
25.28088719406949,-9.01744148569283,20.951852209384043,1.4271099998805947,0.49221094130849247,-7.368171238638296e-15
25.280714207562387,-9.027579445040974,20.951870061932986,1.4271775384595768,0.49208127898143417,-6.315575347404253e-15
25.28054163499337,-9.037717391473269,20.951886580683887,1.4272451380221722,0.4919520238897006,8.420767129872338e-15
25.280369476208524,-9.04785532499344,20.951901766253798,1.4273127985532434,0.4918231759018831,0.0
25.280197731053995,-9.057993245605205,20.95191561925977,1.4273805200376584,0.4916947348865715,1.3683746586042549e-14
25.28002639937599,-9.068131153312466,20.95192814031886,1.4274483024602878,0.4915667007123536,2.1051917824680845e-15
25.279855481020768,-9.078269048118953,20.951939330048138,1.4275161458060084,0.4914390732478148,-1.0525958912340423e-15
25.27968497583467,-9.088406930028459,20.951949189064642,1.4275840500597028,0.491311852361539,5.2629794561702115e-15
25.279514883664064,-9.098544799044724,20.95195771798544,1.4276520152062566,0.4911850379221073,-6.315575347404253e-15
25.279345204355415,-9.108682655171648,20.951964917427585,1.4277200412305628,0.4910586297980992,4.210383564936169e-15
25.279175937755223,-9.118820498412996,20.95197078800814,1.4277881281175173,0.49093262785809244,-2.1051917824680845e-15
25.27900708371005,-9.128958328772569,20.951975330344155,1.4278562758520223,0.49080703197066217,-1.1578554803574466e-14
25.27883864206655,-9.139096146254118,20.951978545052675,1.4279244844189847,0.4906818420043822,1.5788938368510635e-14
25.27867061267138,-9.149233950861563,20.951980432750783,1.4279927538033153,0.4905570578278235,7.368171238638296e-15
25.27850299537132,-9.159371742598676,20.95198099405552,1.4280610839899301,0.49043267930955564,3.0525280845787224e-14
25.278335790013152,-9.169509521469223,20.95198022958394,1.4281294749637512,0.49030870631814566,2.1051917824680845e-15
25.27816899644377,-9.179647287477147,20.951978139953106,1.4281979267097045,0.4901851387221592,-2.315710960714893e-14
25.278002614510108,-9.189785040626207,20.95197472578008,1.4282664392127198,0.4900619763901592,7.368171238638296e-15
25.27783664405914,-9.199922780920238,20.9519699876819,1.4283350124577345,0.4899392191907074,-2.1051917824680845e-15
25.277671084937925,-9.210060508363034,20.95196392627564,1.4284036464296883,0.4898168669923626,-8.420767129872338e-15
25.27750593699359,-9.220198222958544,20.951956542178348,1.4284723411135265,0.48969491966368256,1.473634247727659e-14
25.27734120007328,-9.23033592471055,20.95194783600708,1.4285410964941991,0.4895733770732221,1.0525958912340423e-15
25.277176874024242,-9.240473613622841,20.9519378083789,1.428609912556661,0.4894522390895346,1.5788938368510635e-14
25.277012958693778,-9.250611289699384,20.951926459910858,1.4286787892858717,0.48933150558117133,8.420767129872338e-15
25.276849453929223,-9.260748952943993,20.95191379122002,1.428747726666796,0.4892111764166814,-1.0525958912340423e-14
25.276686359578008,-9.270886603360506,20.951899802923425,1.428816724684402,0.4890912514646122,-3.1577876737021266e-15
25.27652367548758,-9.281024240952735,20.95188449563815,1.428885783323664,0.4889717305935088,-4.210383564936169e-15
25.276361401505497,-9.291161865724666,20.95186786998124,1.4289549025695598,0.48885261367191446,9.47336302110638e-15
25.276199537479332,-9.301299477680105,20.951849926569746,1.4290240824070737,0.48873390056837107,-6.315575347404253e-15
25.276038083256747,-9.311437076822862,20.951830666020737,1.4290933228211915,0.4886155911514171,-8.420767129872338e-15
25.275877038685458,-9.321574663156952,20.951810088951262,1.4291626237969068,0.48849768528959003,-1.0525958912340423e-15
25.27571640361323,-9.331712236686178,20.95178819597838,1.4292319853192166,0.4883801828514256,1.0525958912340423e-15
25.2755561778879,-9.341849797414435,20.95176498771915,1.4293014073731212,0.48826308370545646,7.368171238638296e-15
25.275396361357338,-9.351987345345544,20.951740464790625,1.429370889943628,0.4881463877202144,-1.0525958912340423e-15
25.27523695386952,-9.362124880483506,20.951714627809864,1.4294404330157462,0.4880300947642288,4.210383564936169e-15
25.27507795527244,-9.372262402832188,20.951687477393925,1.4295100365744915,0.4879142047060267,1.6841534259744676e-14
25.274919365414174,-9.382399912395462,20.95165901415986,1.429579700604884,0.4877987174141335,-3.1577876737021266e-15
25.274761184142854,-9.392537409177178,20.951629238724728,1.4296494250919476,0.4876836327570734,-1.7894130150978717e-14
25.274603411306668,-9.402674893181365,20.951598151705582,1.429719210020711,0.487568950603367,-3.1577876737021266e-15
25.274446046753855,-9.41281236441186,20.951565753719482,1.4297890553762076,0.48745467082153415,-7.368171238638296e-15
25.274289090332722,-9.422949822872527,20.95153204538349,1.4298589611434742,0.48734079328009255,-6.315575347404253e-15
25.27413254189165,-9.433087268567396,20.95149702731466,1.4299289273075535,0.48722731784755724,6.315575347404253e-15
25.27397640127905,-9.443224701500325,20.951460700130035,1.4299989538534927,0.48711424439244255,1.1578554803574466e-14
25.273820668343415,-9.453362121675248,20.951423064446686,1.430069040766342,0.48700157278325984,-1.0525958912340423e-15
25.273665342933292,-9.463499529096032,20.951384120881663,1.4301391880311562,0.4868893028885189,2.315710960714893e-14
25.273510424897264,-9.473636923766714,20.951343870052032,1.4302093956329962,0.48677743457672684,-1.1578554803574466e-14
25.27335591408401,-9.483774305691165,20.951302312574835,1.4302796635569253,0.4866659677163905,-5.2629794561702115e-15
25.273201810342265,-9.493911674873347,20.95125944906715,1.4303499917880116,0.486554902176013,1.1578554803574466e-14
25.27304811352077,-9.504049031317114,20.951215280146013,1.4304203803113291,0.4864442378240965,-1.0525958912340423e-14
25.272894823468405,-9.51418637502655,20.95116980642848,1.4304908291119542,0.4863339745291413,1.0525958912340423e-14
25.27274194003404,-9.524323706005523,20.951123028531626,1.4305613381749682,0.4862241121596449,-7.368171238638296e-15
25.272589463066648,-9.534461024257931,20.951074947072488,1.4306319074854574,0.4861146505841033,8.420767129872338e-15
25.27243739241523,-9.544598329787862,20.951025562668143,1.4307025370285111,0.48600558967101104,-2.1051917824680845e-15
25.272285727928885,-9.5547356225992,20.95097487593563,1.4307732267892237,0.4858969292888605,-1.2631150694808506e-14
25.272134469456727,-9.564872902695907,20.950922887492013,1.4308439767526944,0.48578866930614123,6.315575347404253e-15
25.27198361684795,-9.575010170081885,20.950869597954348,1.4309147869040248,0.4856808095913423,3.1577876737021266e-15
25.271833169951805,-9.585147424761223,20.95081500793969,1.430985657228323,0.48557335001294966,-6.315575347404253e-15
25.271683128617614,-9.595284666737841,20.950759118065093,1.4310565877106995,0.48546629043944833,6.315575347404253e-15
25.271533492694733,-9.605421896015706,20.95070192894762,1.43112757833627,0.48535963073932026,3.157787673702127e-14
25.271384262032576,-9.615559112598746,20.950643441204335,1.4311986290901533,0.48525337078104624,-1.0525958912340423e-14
25.27123543648066,-9.625696316491036,20.95058365545227,1.4312697399574739,0.48514751043310556,6.315575347404253e-15
25.271087015888504,-9.635833507696528,20.9505225723085,1.4313409109233592,0.48504204956397434,-3.1577876737021266e-15
25.270939000105713,-9.645970686219133,20.950460192390082,1.4314121419729409,0.48493698804212765,-5.2629794561702115e-15
25.27079138898197,-9.65610785206297,20.95039651631406,1.431483433091356,0.48483232573603885,2.315710960714893e-14
25.270644182366954,-9.666245005231971,20.950331544697512,1.4315547842637433,0.48472806251417877,9.47336302110638e-15
25.270497380110474,-9.676382145730134,20.950265278157467,1.4316261954752483,0.4846241982450163,-7.368171238638296e-15
25.27035098206236,-9.686519273561414,20.950197717311003,1.4316976667110184,0.48452073279701924,2.2104513715914887e-14
25.270204988072496,-9.696656388729913,20.95012886277517,1.4317691979562062,0.4844176660386522,2.2104513715914887e-14
25.27005939799083,-9.706793491239573,20.950058715167025,1.431840789195968,0.4843149978383794,1.9999321933446802e-14
25.26991421166739,-9.716930581094438,20.949987275103624,1.4319124404154637,0.4842127280646617,6.315575347404253e-15
25.26976942895223,-9.727067658298441,20.949914543202024,1.4319841515998581,0.4841108565859592,6.315575347404253e-15
25.26962504969548,-9.737204722855724,20.949840520079277,1.4320559227343201,0.48400938327072984,5.2629794561702115e-15
25.26948107374733,-9.747341774770232,20.949765206352442,1.4321277538040218,0.48390830798742895,7.368171238638296e-15
25.269337500958006,-9.75747881404595,20.94968860263858,1.432199644794139,0.4838076306045107,5.2629794561702115e-15
25.269194331177818,-9.767615840687021,20.94961070955475,1.4322715956898515,0.4837073509904273,-5.2629794561702115e-15
25.269051564257133,-9.777752854697402,20.949531527717998,1.4323436064763455,0.4836074690136287,-9.47336302110638e-15
25.26890920004635,-9.787889856081081,20.949451057745392,1.4324156771388061,0.4835079845425634,-3.1577876737021266e-15
25.26876723839595,-9.798026844842212,20.949369300253977,1.4324878076624277,0.4834088974456777,1.1578554803574466e-14
25.268625679156465,-9.808163820984767,20.949286255860816,1.4325599980324055,0.4833102075914166,1.0525958912340423e-15
25.268484522178486,-9.818300784512797,20.949201925182965,1.4326322482339386,0.48321191484822185,1.473634247727659e-14
25.26834376731265,-9.828437735430285,20.949116308837482,1.432704558252231,0.4831140190845351,2.1051917824680845e-15
25.26820341440968,-9.838574673741402,20.949029407441415,1.4327769280724905,0.48301652016879526,1.7894130150978717e-14
25.26806346332031,-9.84871159945014,20.94894122161184,1.4328493576799268,0.4829194179694383,4.210383564936169e-15
25.26792391389538,-9.858848512560552,20.9488517519658,1.4329218470597564,0.4828227123549002,6.315575347404253e-15
25.26778476598576,-9.868985413076638,20.948760999120342,1.4329943961971983,0.4827264031936146,0.0
25.267646019442388,-9.879122301002582,20.94866896369254,1.4330670050774743,0.48263049035401223,1.473634247727659e-14
25.267507674116253,-9.889259176342385,20.94857564629945,1.4331396736858104,0.482534973704523,8.420767129872338e-15
25.267369729858405,-9.899396039100067,20.94848104755811,1.433212402007438,0.4824398531135747,1.894672604221276e-14
25.267232186519948,-9.909532889279793,20.948385168085593,1.4332851900275903,0.48234512844959276,4.210383564936169e-15
25.267095043952047,-9.919669726885603,20.94828800849896,1.4333580377315038,0.4822507995810017,2.1051917824680846e-14
25.266958302005932,-9.92980655192157,20.94818956941525,1.4334309451044214,0.4821568663762234,-2.1051917824680845e-15
