galstreams/tracks/track.st.Sylgr.ibata2024.ecsv
# %ECSV 1.0
# ---
# datatype:
# - {name: ra, unit: deg, datatype: float64}
# - {name: dec, unit: deg, datatype: float64}
# - {name: distance, unit: kpc, datatype: float64}
# - {name: pm_ra_cosdec, unit: mas / yr, datatype: float64}
# - {name: pm_dec, unit: mas / yr, datatype: float64}
# - {name: radial_velocity, unit: km / s, datatype: float64}
# delimiter: ','
# meta: !!omap
# - __serialized_columns__:
#     dec:
#       __class__: astropy.coordinates.angles.Latitude
#       unit: &id001 !astropy.units.Unit {unit: deg}
#       value: !astropy.table.SerializedColumn {name: dec}
#     distance:
#       __class__: astropy.coordinates.distances.Distance
#       unit: !astropy.units.Unit {unit: kpc}
#       value: !astropy.table.SerializedColumn {name: distance}
#     pm_dec:
#       __class__: astropy.units.quantity.Quantity
#       unit: !astropy.units.Unit {unit: mas / yr}
#       value: !astropy.table.SerializedColumn {name: pm_dec}
#     pm_ra_cosdec:
#       __class__: astropy.units.quantity.Quantity
#       unit: !astropy.units.Unit {unit: mas / yr}
#       value: !astropy.table.SerializedColumn {name: pm_ra_cosdec}
#     ra:
#       __class__: astropy.coordinates.angles.Longitude
#       unit: *id001
#       value: !astropy.table.SerializedColumn {name: ra}
#       wrap_angle: !astropy.coordinates.Angle
#         unit: *id001
#         value: 360.0
#     radial_velocity:
#       __class__: astropy.units.quantity.Quantity
#       unit: !astropy.units.Unit {unit: km / s}
#       value: !astropy.table.SerializedColumn {name: radial_velocity}
# schema: astropy-2.0
ra,dec,distance,pm_ra_cosdec,pm_dec,radial_velocity
[from data line 417]
166.50380593950172,-10.48321464451709,0.9999999999999991,-23.147676274886358,-22.427697078291352,-56.87015395410413
166.51119032037343,-10.475534499561908,0.9999999999999991,-23.143677540667426,-22.421800566997906,-57.074395237955635
166.51857652653808,-10.46785829269238,0.9999999999999991,-23.139673052467316,-22.415903778777896,-57.278426166203914
166.52596455709892,-10.460186021698178,0.9999999999999991,-23.13566281666469,-22.41000671319042,-57.48224686362775
166.5333544111594,-10.452517684369107,0.9999999999999991,-23.13164683963748,-22.40410936979569,-57.685857455005966
166.54074608782312,-10.444853278495021,0.9999999999999991,-23.127625127762812,-22.39821174815504,-57.88925806511753
166.54813958619377,-10.437192801865956,0.9999999999999989,-23.12359768741707,-22.392313847830895,-58.09244881874123
166.55553490537514,-10.429536252272047,0.999999999999999,-23.11956452497588,-22.38641566838679,-58.295429840655835
166.56293204447118,-10.421883627503535,0.999999999999999,-23.11552564681407,-22.38051720938739,-58.498201255640396
166.57033100258593,-10.414234925350781,0.9999999999999991,-23.111481059305756,-22.374618470398435,-58.700763188473516
166.57773177882356,-10.406590143604262,0.999999999999999,-23.107430768824255,-22.36871945098682,-58.90311576393414
166.58513437228834,-10.398949280054568,0.999999999999999,-23.103374781742122,-22.3628201507205,-59.10525910680122
166.59253878208474,-10.3913123324924,0.9999999999999991,-23.099313104431175,-22.356920569168576,-59.30719334185345
166.5999450073172,-10.383679298708621,0.999999999999999,-23.095245743262456,-22.351020705901256,-59.5089185938698
166.60735304709044,-10.3760501764941,0.9999999999999991,-23.091172704606237,-22.345120560489825,-59.71043498762894
166.61476290050922,-10.368424963639928,0.999999999999999,-23.087093994832053,-22.33922013250673,-59.911742647909925
166.6221745666784,-10.360803657937272,0.9999999999999991,-23.08300962030867,-22.333319421525495,-60.112841699491426
166.62958804470296,-10.353186257177418,0.9999999999999991,-23.078919587404087,-22.327418427120758,-60.31373226715247
166.63700333368803,-10.34557275915177,0.9999999999999991,-23.074823902485583,-22.321517148868285,-60.51441447567182
166.64442043273877,-10.337963161651853,0.999999999999999,-23.07072257191964,-22.315615586344943,-60.71488844982821
166.65183934096055,-10.330357462469298,0.9999999999999991,-23.06661560207199,-22.309713739128703,-60.9151543144006
166.65926005745882,-10.322755659395854,0.9999999999999992,-23.062502999307654,-22.303811606798668,-61.1152121941678
166.66668258133907,-10.315157750223431,0.9999999999999992,-23.058384769990834,-22.29790918893503,-61.31506221390875
166.67410691170704,-10.307563732743954,0.9999999999999991,-23.054260920485035,-22.292006485119124,-61.51470449840219
166.68153304766844,-10.299973604749557,0.9999999999999991,-23.050131457152975,-22.28610349493337,-61.71413917242702
166.68896098832917,-10.292387364032466,0.9999999999999991,-23.04599638635663,-22.28020021796132,-61.91336636076195
166.69639073279524,-10.284805008385018,0.9999999999999991,-23.041855714457228,-22.27429665378762,-62.11238618818608
166.70382228017266,-10.277226535599667,0.9999999999999991,-23.037709447815264,-22.268392801998054,-62.31119877947802
166.7112556295677,-10.269651943468995,0.999999999999999,-23.033557592790448,-22.2624886621795,-62.50980425941681
166.7186907800866,-10.26208122978569,0.9999999999999992,-23.029400155741754,-22.256584233919956,-62.708202752781126
166.7261277308358,-10.254514392342573,0.9999999999999991,-23.025237143027432,-22.250679516808543,-62.906394384349866
166.73356648092175,-10.24695142893259,0.9999999999999992,-23.021068561004967,-22.244774510435473,-63.104379278901945
166.7410070294511,-10.239392337348741,0.999999999999999,-23.016894416031096,-22.238869214392118,-63.302157561216156
166.74844937553064,-10.231837115384211,0.9999999999999993,-23.012714714461776,-22.2329636282709,-63.499729356071455
166.75589351826704,-10.224285760832304,0.9999999999999991,-23.00852946265231,-22.227057751665424,-63.69709478824643
166.7633394567673,-10.216738271486406,0.9999999999999992,-23.00433866695715,-22.221151584170354,-63.89425398252018
166.77078719013838,-10.209194645140048,0.9999999999999991,-23.0001423337301,-22.215245125381514,-64.09120706367138
166.7782367174874,-10.201654879586874,0.999999999999999,-22.995940469324143,-22.20933837489581,-64.28795415647903
166.78568803792157,-10.194118972620638,0.9999999999999991,-22.99173308009157,-22.203431332311283,-64.4844953857219
166.7931411505482,-10.186586922035227,0.9999999999999991,-22.987520172383913,-22.19752399722708,-64.68083087617877
166.80059605447462,-10.17905872562467,0.999999999999999,-22.983301752551956,-22.19161636924347,-64.8769607526286
166.80805274880842,-10.171534381183017,0.9999999999999992,-22.979077826945744,-22.18570844796183,-65.0728851398502
166.81551123265714,-10.16401388650455,0.9999999999999992,-22.974848401914606,-22.17980023298467,-65.26860416262238
166.82297150512846,-10.156497239383624,0.9999999999999991,-22.97061348380712,-22.17389172391561,-65.46411794572396
166.83043356533017,-10.148984437614718,0.9999999999999988,-22.966373078971106,-22.167982920359393,-65.65942661393392
166.83789741237013,-10.141475478992424,0.9999999999999992,-22.962127193753656,-22.16207382192183,-65.85453029203104
166.84536304535627,-10.133970361311471,0.999999999999999,-22.95787583450115,-22.156164428209937,-66.04942910479411
166.85283046339666,-10.12646908236669,0.999999999999999,-22.9536190075592,-22.150254738831766,-66.24412317700207
166.86029966559943,-10.118971639953042,0.9999999999999991,-22.949356719272696,-22.144344753396524,-66.4386126334336
166.86777065107276,-10.111478031865644,0.999999999999999,-22.94508897598581,-22.138434471514547,-66.63289759886781
166.87524341892504,-10.103988255899628,0.9999999999999992,-22.940815784041945,-22.132523892797266,-66.82697819808331
166.88271796826467,-10.096502309850353,0.9999999999999992,-22.936537149783806,-22.126613016857238,-67.02085455585899
166.8901942982001,-10.08902019151326,0.9999999999999991,-22.932253079553327,-22.12070184330814,-67.21452679697381
166.89767240783993,-10.081541898683913,0.9999999999999992,-22.927963579691752,-22.11479037176477,-67.40799504620658
166.90515229629278,-10.074067429157992,0.999999999999999,-22.923668656539583,-22.108878601843028,-67.60125942833609
166.91263396266746,-10.06659678073131,0.9999999999999991,-22.919368316436547,-22.10296653315995,-67.79432006814119
166.92011740607268,-10.059129951199791,0.999999999999999,-22.915062565721712,-22.097054165333688,-67.9871770904007
166.9276026256175,-10.051666938359483,0.9999999999999992,-22.910751410733347,-22.091141497983504,-68.1798306198936
166.93508962041076,-10.044207740006586,0.9999999999999991,-22.90643485780907,-22.085228530729786,-68.37228078139866
166.94257838956167,-10.036752353937338,0.9999999999999992,-22.9021129132857,-22.07931526319404,-68.56452769969466
166.95006893217933,-10.029300777948185,0.9999999999999991,-22.897785583499367,-22.073401694998903,-68.75657149956052
166.95756124737298,-10.021853009835661,0.9999999999999992,-22.893452874785478,-22.067487825768104,-68.94841230577505
166.96505533425193,-10.01440904739642,0.9999999999999991,-22.889114793478672,-22.061573655126516,-69.14005024311713
166.97255119192556,-10.006968888427247,0.999999999999999,-22.884771345912924,-22.055659182700122,-69.3314854363656
166.98004881950337,-9.999532530725045,0.9999999999999992,-22.880422538421428,-22.04974440811602,-69.52271801029934
166.9875482160949,-9.992099972086844,0.999999999999999,-22.876068377336704,-22.04382933100244,-69.71374808969715
166.99504938080972,-9.98467121030979,0.9999999999999989,-22.871708868990524,-22.037913950988727,-69.90457579933779
167.00255231275756,-9.977246243191178,0.999999999999999,-22.867344019713926,-22.03199826770533,-70.09520126400022
167.01005701104827,-9.969825068528353,0.9999999999999992,-22.862973835837227,-22.026082280783843,-70.28562460846341
167.01756347479161,-9.962407684118858,0.9999999999999991,-22.858598323690074,-22.020165989856984,-70.47584595750597
167.02507170309755,-9.954994087760332,0.9999999999999991,-22.854217489601336,-22.014249394558554,-70.6658654359068
167.03258169507606,-9.947584277250545,0.9999999999999991,-22.849831339899172,-22.00833249452352,-70.85568316844483
167.04009344983723,-9.940178250387378,0.9999999999999991,-22.84543988091105,-22.002415289387923,-71.0452992798988
167.04760696649114,-9.932776004968842,0.9999999999999992,-22.841043118963704,-21.99649777878897,-71.23471389504769
167.05512224414807,-9.925377538793075,0.999999999999999,-22.836641060383137,-21.99057996236497,-71.42392713867027
167.06263928191828,-9.917982849658332,0.9999999999999991,-22.832233711494645,-21.984661839755336,-71.6129391355454
167.07015807891204,-9.910591935363023,0.9999999999999992,-22.827821078622826,-21.97874341060062,-71.80175001045187
167.07767863423985,-9.903204793705601,0.9999999999999991,-22.823403168091534,-21.972824674542498,-71.99035988816856
167.0852009470122,-9.89582142248472,0.9999999999999991,-22.818979986223923,-21.966905631223764,-72.17876889347443
167.0927250163396,-9.888441819499137,0.9999999999999992,-22.814551539342443,-21.960986280288328,-72.36697715114818
167.1002508413327,-9.88106598254773,0.9999999999999991,-22.810117833768796,-21.95506662138122,-72.55498478596874
167.10777842110213,-9.873693909429504,0.9999999999999991,-22.805678875824004,-21.94914665414861,-72.74279192271483
167.11530775475867,-9.86632559794358,0.9999999999999991,-22.801234671828386,-21.943226378237757,-72.93039868616545
167.12283884141314,-9.85896104588922,0.9999999999999991,-22.79678522810149,-21.937305793297064,-73.11780520109937
167.13037168017635,-9.851600251065816,0.9999999999999991,-22.792330550962234,-21.931384898976056,-73.30501159229546
167.13790627015933,-9.844243211272824,0.9999999999999991,-22.78787064672876,-21.92546369492538,-73.4920179845326
167.14544261047305,-9.836889924309897,0.9999999999999991,-22.783405521718528,-21.919542180796793,-73.67882450258953
167.1529807002285,-9.829540387976785,0.9999999999999991,-22.778935182248304,-21.913620356243182,-73.86543127124507
167.16052053853693,-9.822194600073365,0.9999999999999992,-22.7744596346341,-21.907698220918554,-74.05183841527834
167.16806212450942,-9.814852558399638,0.9999999999999991,-22.769978885191268,-21.901775774478047,-74.23804605946793
167.17560545725718,-9.807514260755738,0.9999999999999991,-22.765492940234438,-21.895853016577895,-74.42405432859275
167.1831505358916,-9.800179704941913,0.999999999999999,-22.761001806077516,-21.88992994687549,-74.60986334743163
167.190697359524,-9.792848888758547,0.9999999999999991,-22.75650548903373,-21.884006565029324,-74.79547324076346
167.19824592726573,-9.785521810006165,0.9999999999999991,-22.75200399541558,-21.878082870699,-74.98088413336713
167.20579623822834,-9.778198466485348,0.9999999999999991,-22.747497331534873,-21.872158863545277,-75.16609615002139
167.21334829152337,-9.770878855996882,0.999999999999999,-22.74298550370272,-21.86623454323002,-75.35110941550515
167.22090208626233,-9.763562976341646,0.999999999999999,-22.738468518229514,-21.860309909416202,-75.53592405459717
167.22845762155688,-9.756250825320654,0.9999999999999991,-22.733946381424946,-21.85438496176793,-75.72054019207637
167.23601489651872,-9.748942400735038,0.9999999999999989,-22.729419099598026,-21.848459699950457,-75.90495795272159
167.24357391025956,-9.741637700386057,0.9999999999999992,-22.724886679057025,-21.842534123630095,-76.08917746131169
167.25113466189123,-9.734336722075106,0.9999999999999991,-22.720349126109568,-21.836608232474354,-76.27319884262552
167.25869715052553,-9.7270394636037,0.9999999999999992,-22.71580644706252,-21.830682026151816,-76.45702222144185
167.26626137527433,-9.719745922773503,0.9999999999999992,-22.711258648222103,-21.82475550433221,-76.64064772253954
167.27382733524968,-9.712456097386239,0.9999999999999991,-22.706705735893806,-21.818828666686375,-76.82407547069754
167.2813950295635,-9.705169985243819,0.9999999999999991,-22.70214771638241,-21.81290151288627,-77.00730559069467
167.28896445732786,-9.697887584148273,0.999999999999999,-22.697584595992033,-21.806974042604992,-77.19033820730972
167.29653561765483,-9.690608891901753,0.9999999999999989,-22.69301638102609,-21.801046255516756,-77.3731734453215
167.30410850965654,-9.683333906306531,0.9999999999999991,-22.688443077787273,-21.795118151296876,-77.55581142950888
167.3116831324452,-9.67606262516502,0.9999999999999991,-22.683864692577615,-21.78918972962183,-77.73825228465083
167.31925948513302,-9.668795046279746,0.9999999999999993,-22.679281231698415,-21.783260990169175,-77.92049613552607
167.3268375668323,-9.66153116745337,0.9999999999999991,-22.674692701450326,-21.77733193261764,-78.10254310691354
167.33441737665532,-9.654270986488712,0.9999999999999991,-22.67009910813326,-21.77140255664703,-78.28439332359191
167.3419989137145,-9.647014501188625,0.9999999999999992,-22.665500458046473,-21.765472861938292,-78.46604691034021
167.34958217712222,-9.639761709356193,0.999999999999999,-22.660896757488512,-21.759542848173513,-78.64750399193721
167.35716716599092,-9.632512608794574,0.999999999999999,-22.65628801275723,-21.753612515035865,-78.82876469316179
167.36475387943312,-9.625267197307078,0.999999999999999,-22.651674230149787,-21.747681862209674,-79.00982913879277
167.37234231656137,-9.61802547269713,0.9999999999999991,-22.647055415962672,-21.741750889380377,-79.19069745360899
167.3799324764882,-9.610787432768284,0.9999999999999991,-22.642431576491685,-21.73581959623454,-79.37136976238932
167.38752435832623,-9.603553075324234,0.9999999999999991,-22.6378027180319,-21.72988798245984,-79.55184618991252
167.39511796118813,-9.596322398168782,0.999999999999999,-22.633168846877755,-21.72395604774509,-79.73212686095759
167.40271328418658,-9.589095399105908,0.9999999999999989,-22.628529969322948,-21.71802379178021,-79.91221190030332
167.4103103264343,-9.58187207593962,0.9999999999999991,-22.623886091660538,-21.71209121425625,-80.09210143272847
167.41790908704417,-9.574652426474154,0.9999999999999993,-22.619237220182846,-21.7061583148654,-80.27179558301198
167.42550956512886,-9.567436448513837,0.9999999999999991,-22.61458336118159,-21.700225093300954,-80.45129447593264
167.43311175980128,-9.560224139863124,0.9999999999999991,-22.609924520947708,-21.694291549257326,-80.63059823626934
167.4407156701743,-9.553015498326605,0.9999999999999991,-22.605260705771506,-21.688357682430066,-80.80970698880093
167.44832129536084,-9.545810521708999,0.9999999999999989,-22.600591921942602,-21.68242349251583,-80.98862085830613
167.45592863447385,-9.538609207815147,0.9999999999999991,-22.59591817574991,-21.676488979212408,-81.16733996956405
167.4635376866262,-9.531411554450054,0.9999999999999992,-22.5912394734817,-21.67055414221872,-81.34586444735329
167.47114845093108,-9.524217559418775,0.9999999999999992,-22.58655582142554,-21.664618981234796,-81.52419441645279
167.47876092650145,-9.51702722052657,0.9999999999999992,-22.581867225868297,-21.658683495961785,-81.70233000164141
167.48637511245042,-9.509840535578801,0.9999999999999992,-22.57717369309618,-21.652747686101975,-81.880271327698
167.49399100789105,-9.502657502380966,0.9999999999999991,-22.57247522939473,-21.64681155135876,-82.05801851940133
167.50160861193655,-9.49547811873869,0.999999999999999,-22.567771841048764,-21.64087509143667,-82.23557170153036
167.5092279237,-9.488302382457729,0.9999999999999992,-22.56306353434246,-21.63493830604134,-82.41293099886379
167.51684894229467,-9.481130291343964,0.9999999999999991,-22.558350315559313,-21.629001194879553,-82.59009653618065
167.5244716668338,-9.473961843203412,0.999999999999999,-22.553632190982132,-21.62306375765919,-82.76706843825967
167.5320960964305,-9.466797035842248,0.9999999999999991,-22.548909166893054,-21.617125994089253,-82.9438468298797
