galstreams/tracks/track.st.M2.ibata2021.ecsv
# %ECSV 0.9
# ---
# datatype:
# - {name: ra, unit: deg, datatype: float64}
# - {name: dec, unit: deg, datatype: float64}
# - {name: distance, unit: kpc, datatype: float64}
# - {name: pm_ra_cosdec, unit: mas / yr, datatype: float64}
# - {name: pm_dec, unit: mas / yr, datatype: float64}
# - {name: radial_velocity, unit: km / s, datatype: float64}
# delimiter: ','
# meta: !!omap
# - __serialized_columns__:
#     dec:
#       __class__: astropy.coordinates.angles.Latitude
#       unit: &id001 !astropy.units.Unit {unit: deg}
#       value: !astropy.table.SerializedColumn {name: dec}
#     distance:
#       __class__: astropy.coordinates.distances.Distance
#       unit: !astropy.units.Unit {unit: kpc}
#       value: !astropy.table.SerializedColumn {name: distance}
#     pm_dec:
#       __class__: astropy.units.quantity.Quantity
#       unit: !astropy.units.Unit {unit: mas / yr}
#       value: !astropy.table.SerializedColumn {name: pm_dec}
#     pm_ra_cosdec:
#       __class__: astropy.units.quantity.Quantity
#       unit: !astropy.units.Unit {unit: mas / yr}
#       value: !astropy.table.SerializedColumn {name: pm_ra_cosdec}
#     ra:
#       __class__: astropy.coordinates.angles.Longitude
#       unit: *id001
#       value: !astropy.table.SerializedColumn {name: ra}
#       wrap_angle: !astropy.coordinates.Angle
#         unit: *id001
#         value: 360.0
#     radial_velocity:
#       __class__: astropy.units.quantity.Quantity
#       unit: !astropy.units.Unit {unit: km / s}
#       value: !astropy.table.SerializedColumn {name: radial_velocity}
# schema: astropy-2.0
ra,dec,distance,pm_ra_cosdec,pm_dec,radial_velocity
[from data line 274]
313.02635441525314,-4.2598116807209525,10.341931108063728,4.708783262518603,-2.1742165911433973,-1.2315371927438294e-13
313.03605071366064,-4.257267306456836,10.341512773138012,4.707512216113964,-2.1740908943866013,-2.0841398646434036e-13
313.0457471135355,-4.254723359427005,10.34109872596848,4.706241995006888,-2.173966199096313,-8.21024795162553e-14
313.05544361427656,-4.252179837514138,10.340688962155962,4.704972598259058,-2.173842503804663,-1.1368035625327657e-13
313.065140215282,-4.2496367386010325,10.340283477301266,4.703704024932044,-2.173719807043866,-2.73674931720851e-13
313.07483691595036,-4.247094060570454,10.33988226700523,4.702436274087288,-2.173598107346204,-1.1894333570944678e-13
313.0845337156797,-4.244551801305286,10.339485326868662,4.701169344786118,-2.1734774032440445,-3.684085619319148e-14
313.0942306138682,-4.242009958688386,10.339092652492397,4.6999032360897335,-2.1733576932698218,-1.568367877938723e-13
313.1039276099138,-4.239468530602722,10.338704239477254,4.698637947059221,-2.1732389759560546,-1.6525755492374463e-13
313.1136247032143,-4.236927514931246,10.338320083424051,4.697373476755548,-2.1731212498353285,-2.315710960714893e-13
313.1233218931675,-4.2343869095570135,10.33794017993361,4.696109824239561,-2.1730045134403144,-8.526026718995742e-14
313.13301917917084,-4.231846712363063,10.337564524606766,4.694846988571978,-2.1728887653037527,-6.631354114774466e-14
313.1427165606218,-4.229306921232541,10.337193113044329,4.69358496881341,-2.172774003958461,-4.73668151055319e-14
313.1524140369177,-4.226767534048573,10.336825940847126,4.692323764024346,-2.172660227937331,-6.526094525651062e-14
313.16211160745576,-4.224228548694392,10.336463003615977,4.691063373265148,-2.172547435773334,-1.8630947274842547e-13
313.1718092716331,-4.221689963053217,10.336104296951708,4.6898037955960685,-2.1724356259995137,-2.0104581522570208e-13
313.1815070288465,-4.219151775008367,10.33574981645514,4.688545030077233,-2.172324797148991,-2.0841398646434036e-13
313.19120487849295,-4.2166139824431434,10.335399557727095,4.687287075768653,-2.1722149477549606,-1.7157313027114889e-13
313.20090281996903,-4.214076583240962,10.335053516368397,4.686029931730218,-2.1721060763506927,-8.841805486365955e-14
313.2106008526714,-4.211539575285208,10.334711687979866,4.684773597021701,-2.1719981814695357,-9.683882199353189e-14
313.22029897599634,-4.209002956459383,10.33437406816233,4.683518070702755,-2.1718912616449106,-8.315507540748934e-14
313.2299971893403,-4.2064667246469645,10.334040652516604,4.682263351832917,-2.171785315410313,-1.842042809659574e-13
313.2396954920994,-4.20393087773154,10.333711436643517,4.6810094394716,-2.1716803412993144,-2.8420089063319142e-14
313.2493938836697,-4.201395413596671,10.33338641614389,4.679756332678104,-2.1715763378455644,-2.020984111169361e-13
313.2590923634472,-4.198860330126035,10.333065586618543,4.678504030511609,-2.171473303582784,-9.368103431982976e-14
313.2687909308277,-4.196325625203282,10.332748943668301,4.677252532031176,-2.1713712370447715,-5.894536990910637e-14
313.2784895852068,-4.193791296712175,10.33243648289399,4.676001836295747,-2.171270136765396,-3.368306851948935e-14
313.2881883259802,-4.191257342536453,10.332128199896424,4.674751942364152,-2.171170001278609,-1.4525823299029783e-13
313.2978871525431,-4.188723760559962,10.331824090276431,4.673502849295096,-2.17107082911843,-1.4736342477276593e-13
313.3075860642912,-4.186190548666532,10.33152414963483,4.67225455614717,-2.1709726188189573,-1.8736206863965952e-13
313.3172850606193,-4.183657704740096,10.33122837357245,4.671007061978845,-2.1708753689143614,-2.7367493172085098e-14
313.3269841409227,-4.181125226664565,10.330936757690111,4.669760365848479,-2.170779077938888,-1.24206315165617e-13
313.33668330459625,-4.178593112323964,10.330649297588632,4.668514466814307,-2.170683744426862,-1.4736342477276593e-13
313.3463825510349,-4.176061359602292,10.330365988868838,4.667269363934453,-2.1705893669126763,-1.968354316607659e-13
313.3560818796331,-4.173529966383653,10.330086827131554,4.666025056266918,-2.170495943930799,-1.3052189051302125e-13
313.36578128978573,-4.170998930552137,10.329811807977597,4.664781542869589,-2.1704034740157807,-1.4315304120782974e-13
313.37548078088696,-4.1684682499919345,10.329540927007796,4.663538822800234,-2.1703119557022355,-8.315507540748934e-14
313.3851803523313,-4.165937922587237,10.329274179822969,4.6622968951165085,-2.1702213875248595,-1.0104920555846805e-13
313.3948800035129,-4.163407946222274,10.32901156202394,4.661055758875946,-2.170131768018419,-1.0946997268834039e-13
313.4045797338258,-4.160878318781368,10.328753069211531,4.659815413135968,-2.1700430957177588,-1.0104920555846805e-13
313.4142795426641,-4.158349038148819,10.328498696986562,4.658575856953876,-2.1699553691577957,-1.9262504809582973e-13
313.4239794294215,-4.155820102209035,10.328248440949864,4.657337089386857,-2.1698685868735175,-1.7999389740102124e-13
313.4336793934918,-4.153291508846405,10.32800229670225,4.656099109491983,-2.1697827473999896,-1.347322740779574e-13
313.4433794342685,-4.15076325594542,10.32776025984455,4.654861916326202,-2.1696978492723527,-6.420834936527658e-14
313.45307955114515,-4.148235341390552,10.327522325977585,4.6536255089463605,-2.1696138910258176,-2.3367628785395737e-13
313.4627797435151,-4.145707763066381,10.327288490702172,4.652389886409173,-2.169530871195674,-1.1262776036204252e-13
313.4724800107716,-4.143180518857462,10.32705874961914,4.651155047771251,-2.169448788317281,-2.115717741380425e-13
313.48218035230775,-4.140653606648459,10.326833098329306,4.6499209920890845,-2.1693676409260743,-4.5261623323063815e-14
313.4918807675165,-4.138127024324014,10.326611532433503,4.648687718419045,-2.169287427557561,-2.4314965087506377e-13
313.50158125579077,-4.135600769768878,10.32639404753254,4.647455225817396,-2.1692081467473248,-5.157719867046807e-14
313.51128181652325,-4.133074840867775,10.326180639227248,4.64622351334028,-2.1691297970310215,-1.8104649329225526e-13
313.5209824491066,-4.130549235505538,10.325971303118447,4.644992580043727,-2.1690523769443812,-8.21024795162553e-14
313.53068315293336,-4.128023951566979,10.325766034806962,4.643762424983649,-2.168975885023205,-1.568367877938723e-13
313.54038392739585,-4.125498986937016,10.32556482989361,4.642533047215846,-2.1689003198033725,-5.2629794561702114e-14
313.5500847718864,-4.1229743395005425,10.325367683979222,4.641304445796001,-2.1688256798208307,-7.4734308277617e-14
313.5597856857972,-4.120450007142562,10.32517459266461,4.640076619779684,-2.1687519636116073,-3.368306851948935e-14
313.56948666852014,-4.117925987748054,10.324985551550606,4.63884956822235,-2.1686791697117958,-3.5788260301957434e-14
313.57918771944725,-4.1154022792021,10.324800556238028,4.637623290179336,-2.1686072966575685,-1.5578419190263825e-13
313.5888888379703,-4.112878879389769,10.3246196023277,4.63639778470587,-2.1685363429851687,-1.3262708229548932e-13
313.5985900234808,-4.110355786196231,10.324442685420445,4.6351730508570625,-2.168466307230914,-1.620997672500425e-13
313.6082912753707,-4.107832997506628,10.324269801117085,4.633949087687908,-2.1683971879311943,-8.420767129872338e-15
313.6179925930309,-4.105310511206214,10.324100945018442,4.632725894253289,-2.168328983622471,-1.589419795763404e-13
313.6276939758532,-4.1027883251802235,10.32393611272534,4.631503469607976,-2.1682616928412806,-2.0315100700817015e-13
313.63739542322855,-4.100266437313991,10.323775299838596,4.630281812806625,-2.168195314124235,-1.0525958912340423e-14
313.6470969345481,-4.097744845492827,10.323618501959043,4.629060922903774,-2.168129846008014,-1.1052256857957444e-13
313.6567985092027,-4.095223547602155,10.323465714687494,4.627840798953848,-2.168065287029372,-2.115717741380425e-13
313.66650014658336,-4.092702541527372,10.323316933624774,4.626621440011165,-2.1680016357251395,-1.4841602066399995e-13
313.6762018460807,-4.090181825153979,10.32317215437171,4.6254028451299245,-2.167938890632214,-1.2631150694808508e-13
313.6859036070853,-4.087661396367454,10.32303137252912,4.62418501336421,-2.167877050287571,-2.1683475359421271e-13
313.6956054289878,-4.085141253053388,10.32289458369783,4.622967943767998,-2.167816113228255,-9.052324664612763e-14
313.70530731117844,-4.082621393097339,10.322761783478656,4.621751635395146,-2.167756077991385,-1.3789006175165953e-13
313.7150092530475,-4.0801018143849745,10.32263296747243,4.620536087299403,-2.1676969431141515,-7.894469184255317e-14
313.7247112539852,-4.077582514801941,10.322508131279966,4.619321298534404,-2.1676387071338192,-2.4209705498382974e-13
313.7344133133815,-4.075063492233989,10.322387270502094,4.618107268153667,-2.167581368587725,-1.642049590325106e-13
313.7441154306262,-4.0725447445668586,10.322270380739631,4.616893995210605,-2.1675249260132747,-2.094665823555744e-13
313.75381760510936,-4.070026269686339,10.3221574575934,4.615681478758513,-2.1674693779479504,-1.5788938368510635e-13
313.76351983622044,-4.067508065478301,10.322048496664229,4.614469717850573,-2.1674147229293057,-1.273641028393191e-13
313.773222123349,-4.064990129828593,10.321943493552931,4.613258711539859,-2.167360959494964,-1.9999321933446803e-13
313.7829244658846,-4.062472460623171,10.321842443860339,4.612048458879329,-2.167308086182622,-4.5261623323063815e-14
313.7926268632166,-4.059955055747968,10.32174534318727,4.610838958921832,-2.1672561015300524,-3.5788260301957434e-14
313.8023293147339,-4.057437913089021,10.321652187134546,4.6096302107201,-2.1672050040750928,-9.999660966723402e-14
313.812031819826,-4.05492103053234,10.32156297130299,4.60842221332676,-2.1671547923556607,-7.789209595131913e-14
313.8217343778816,-4.052404405964048,10.32147769129343,4.60721496579432,-2.16710546490974,-2.2104513715914888e-13
313.8314369882898,-4.049888037270235,10.32139634270668,4.606008467175181,-2.1670570202753847,-2.315710960714893e-14
313.84113965043906,-4.047371922337104,10.321318921143567,4.6048027165216325,-2.167009456990728,-1.1052256857957444e-13
313.85084236371824,-4.044856059050826,10.321245422204914,4.6035977128858505,-2.166962773593968,-2.1262437002927655e-13
313.8605451275158,-4.042340445297688,10.321175841491543,4.6023934553199,-2.1669169686233776,-6.631354114774466e-14
313.8702479412202,-4.03982507896394,10.321110174604279,4.6011899428757355,-2.166872040617301,-9.47336302110638e-15
313.8799508042196,-4.037309957935946,10.32104841714394,4.599987174605202,-2.166827988114156,-1.820990891834893e-13
313.88965371590234,-4.034795080100045,10.320990564711348,4.59878514956003,-2.1667848096524267,-1.4104784942536167e-13
313.89935667565635,-4.032280443342674,10.320936612907333,4.597583866791839,-2.166742503770674,-1.4631082888153188e-13
313.9090596828697,-4.029766045550254,10.320886557332708,4.596383325352146,-2.166701069007527,-1.273641028393191e-13
313.9187627369301,-4.027251884609305,10.320840393588306,4.595183524292343,-2.1666605039016864,-2.4314965087506377e-13
313.9284658372255,-4.024737958406326,10.320798117274938,4.593984462663728,-2.1666208069919266,-4.105123975812765e-14
313.9381689831432,-4.022224264827919,10.320759723993437,4.592786139517471,-2.1665819768170893,-1.1789073981821273e-13
313.94787217407094,-4.019710801760663,10.320725209344618,4.591588553904648,-2.166544011916091,-1.9578283576953187e-13
313.95757540939604,-4.017197567091237,10.320694568929307,4.590391704876215,-2.166506910827918,-1.0631218501463827e-13
313.96727868850576,-4.0146845587063025,10.320667798348328,4.589195591483019,-2.166470672091628,-1.7578351383608505e-13
313.97698201078725,-4.012171774492617,10.320644893202504,4.5880002127758,-2.1664352942463476,-8.315507540748934e-14
313.98668537562764,-4.009659212336922,10.320625849092652,4.5868055678051896,-2.1664007758312778,-1.0420699323217018e-13
313.9963887824137,-4.007146870126057,10.320610661619597,4.585611655621704,-2.1663671153856887,-1.9578283576953187e-13
314.00609223053254,-4.004634745746838,10.320599326384164,4.584418475275751,-2.166334311448919,-1.4104784942536167e-13
314.0157957193706,-4.002122837086185,10.320591838987177,4.5832260258176305,-2.166302362560382,-1.789413015097872e-13
314.0254992483146,-3.999611142030995,10.320588195029453,4.582034306297538,-2.166271267259562,-2.0315100700817015e-13
314.03520281675105,-3.997099658468268,10.320588390111816,4.580843315765551,-2.16624102408601,-1.1789073981821273e-13
314.0449064240663,-3.9945883842849788,10.32059241983509,4.579653053271643,-2.1662116315793485,-5.789277401787233e-14
314.05461006964657,-3.9920773173682047,10.320600279800102,4.578463517865675,-2.1661830882792734,-1.6525755492374463e-13
314.06431375287815,-3.989566455605,10.320611965607668,4.577274708597403,-2.1661553927255497,-1.9367764398706378e-13
314.07401747314697,-3.9870557968825224,10.320627472858611,4.576086624516472,-2.1661285434580115,-4.105123975812765e-14
314.08372122983906,-3.984545339087902,10.320646797153756,4.574899264672419,-2.1661025390165647,-1.49468616555234e-13
314.0934250223401,-3.982035080108377,10.320669934093926,4.573712628114672,-2.1660773779411864,-1.7578351383608505e-13
314.103128850036,-3.9795250178311568,10.32069687927994,4.572526713892552,-2.166053058771921,-5.789277401787233e-14
314.1128327123122,-3.9770151501435542,10.320727628312625,4.571341521055267,-2.166029580048884,-1.4210044531659572e-13
314.12253660855436,-3.97450547493286,10.3207621767928,4.570157048651924,-2.166006940312265,-7.683950006008508e-14
314.13224053814764,-3.9719959900864645,10.32080052032129,4.568973295731514,-2.165985138102318,-2.1051917824680845e-13
314.14194450047756,-3.9694866934917505,10.320842654498916,4.567790261342927,-2.1659641719593674,-7.789209595131913e-14
314.15164849492925,-3.9669775830361393,10.320888574926503,4.566607944534941,-2.165944040423813,-6.315575347404254e-14
314.1613525208876,-3.9644686566071394,10.320938277204874,4.565426344356226,-2.16592474203612,-5.3682390452936155e-14
314.17105657773766,-3.961959912092232,10.320991756934845,4.56424545985535,-2.1659062753368254,-1.7157313027114889e-13
314.1807606648643,-3.9594513473790087,10.321049009717244,4.563065290080765,-2.1658886388665324,-1.642049590325106e-13
314.1904647816523,-3.9569429603550255,10.321110031152894,4.561885834080821,-2.1658718311659197,-1.620997672500425e-13
314.2001689274862,-3.9544347489079437,10.321174816842618,4.560707090903758,-2.1658558507757304,-9.47336302110638e-14
314.2098731017505,-3.9519267109254055,10.321243362387234,4.559529059597714,-2.1658406962367796,-1.7367832205361698e-13
314.2195773038297,-3.949418844295148,10.321315663387567,4.558351739210714,-2.1658263660899535,-1.1368035625327657e-13
314.229281533108,-3.946911146904887,10.321391715444442,4.557175128790677,-2.1658128588762025,-7.999728773378721e-14
314.23898578896967,-3.9444036166424397,10.321471514158679,4.555999227385419,-2.165800173136553,-5.578758223540424e-14
314.2486900707988,-3.9418962513955975,10.321555055131098,4.554824034042644,-2.165788307412096,-8.21024795162553e-14
314.2583943779792,-3.939389049052252,10.32164233396253,4.553649547809954,-2.165777260243994,-5.999796580034041e-14
314.26809870989496,-3.9368820075002744,10.321733346253787,4.552475767734843,-2.1657670301734773,-1.6315236314127656e-13
314.2778030659298,-3.93437512462763,10.3218280876057,4.551302692864695,-2.1657576157418474,-3.5788260301957434e-14
314.2875074454673,-3.93186839832227,10.321926553619088,4.550130322246796,-2.1657490154904724,-9.578622610229784e-14
314.29721184789105,-3.9293618264722334,10.322028739894774,4.548958654928315,-2.1657412279607913,-6.526094525651062e-14
314.3069162725845,-3.926855406965544,10.32213464203358,4.5477876899563245,-2.1657342516943108,-8.94706507548936e-14
314.3166207189309,-3.9243491376903243,10.322244255636333,4.546617426377786,-2.165728085232609,-1.4631082888153188e-13
314.3263251863137,-3.921843016534669,10.32235757630385,4.545447863239558,-2.1657227271173305,-1.1999593160068083e-13
314.33602967411576,-3.919337041386779,10.322474599636953,4.544278999588391,-2.1657181758901887,-1.3367967818672336e-13
