galstreams/tracks/track.st.New-11.ibata2024.ecsv
# %ECSV 1.0
# ---
# datatype:
# - {name: ra, unit: deg, datatype: float64}
# - {name: dec, unit: deg, datatype: float64}
# - {name: distance, unit: kpc, datatype: float64}
# - {name: pm_ra_cosdec, unit: mas / yr, datatype: float64}
# - {name: pm_dec, unit: mas / yr, datatype: float64}
# - {name: radial_velocity, unit: km / s, datatype: float64}
# delimiter: ','
# meta: !!omap
# - __serialized_columns__:
#     dec:
#       __class__: astropy.coordinates.angles.Latitude
#       unit: &id001 !astropy.units.Unit {unit: deg}
#       value: !astropy.table.SerializedColumn {name: dec}
#     distance:
#       __class__: astropy.coordinates.distances.Distance
#       unit: !astropy.units.Unit {unit: kpc}
#       value: !astropy.table.SerializedColumn {name: distance}
#     pm_dec:
#       __class__: astropy.units.quantity.Quantity
#       unit: !astropy.units.Unit {unit: mas / yr}
#       value: !astropy.table.SerializedColumn {name: pm_dec}
#     pm_ra_cosdec:
#       __class__: astropy.units.quantity.Quantity
#       unit: !astropy.units.Unit {unit: mas / yr}
#       value: !astropy.table.SerializedColumn {name: pm_ra_cosdec}
#     ra:
#       __class__: astropy.coordinates.angles.Longitude
#       unit: *id001
#       value: !astropy.table.SerializedColumn {name: ra}
#       wrap_angle: !astropy.coordinates.Angle
#         unit: *id001
#         value: 360.0
#     radial_velocity:
#       __class__: astropy.units.quantity.Quantity
#       unit: !astropy.units.Unit {unit: km / s}
#       value: !astropy.table.SerializedColumn {name: radial_velocity}
# schema: astropy-2.0
ra,dec,distance,pm_ra_cosdec,pm_dec,radial_velocity
[from data line 285]
153.73996880020033,37.26749794606053,0.9999999999999989,-4.131550425407873,-14.830164435531445,246.720025863147
153.73838830937447,37.25724787889644,0.9999999999999989,-4.129263990041316,-14.83237853081987,242.37758782387854
153.73681344851482,37.24699732725333,0.999999999999999,-4.126974666816007,-14.834599679459973,238.0767908051311
153.7352441333054,37.23674629865566,0.9999999999999989,-4.124682529336486,-14.836827788269506,233.81745889276135
153.7336802794762,37.226494800622675,0.9999999999999988,-4.122387651227523,-14.839062764059335,229.59941617262598
153.73212180280336,37.21624284066835,0.9999999999999989,-4.120090106134182,-14.841304513633354,225.42248673058202
153.73056861910888,37.2059904263017,0.9999999999999991,-4.117789967721546,-14.843552943788447,221.28649465248634
153.72902064426071,37.19573756502651,0.9999999999999989,-4.115487309674744,-14.84580796131444,217.19126402419565
153.72747779417264,37.18548426434149,0.9999999999999988,-4.1131822056986564,-14.848069472993979,213.13661893156683
153.7259399848044,37.175230531740375,0.9999999999999988,-4.110874729518006,-14.85033738560256,209.12238346045683
153.7244071321613,37.1649763747119,0.9999999999999988,-4.108564954877089,-14.852611605908432,205.1483816967224
153.72287915229455,37.15472180073984,0.9999999999999988,-4.106252955539716,-14.854892040672505,201.21443772622044
153.72135596130101,37.14446681730311,0.9999999999999989,-4.103938805289145,-14.857178596648408,197.32037563480765
153.71983747532312,37.134211431875706,0.999999999999999,-4.101622577927936,-14.859471180582315,193.4660195083411
153.71832361054894,37.12395565192678,0.9999999999999989,-4.099304347277823,-14.861769699212955,189.65119343267767
153.71681428321207,37.113699484920744,0.9999999999999989,-4.096984187179679,-14.864074059271594,185.8757214936741
153.7153094095916,37.103442938317194,0.9999999999999989,-4.094662171493335,-14.866384167481954,182.1394277771871
153.7138089060121,37.09318601957102,0.999999999999999,-4.092338374097578,-14.868699930560151,178.4421363690738
153.71231268884344,37.0829287361324,0.999999999999999,-4.090012868889945,-14.871021255214691,174.7836713551909
153.71082067450095,37.07267109544686,0.9999999999999989,-4.087685729786717,-14.8733480481464,171.1638568213951
153.7093327794452,37.06241310495528,0.9999999999999988,-4.085357030722776,-14.87568021604843,167.5825168535436
153.707848920182,37.05215477209397,0.9999999999999989,-4.083026845651563,-14.878017665606137,164.03947553749302
153.70636901326242,37.04189610429464,0.999999999999999,-4.080695248544913,-14.880360303497152,160.53455695910026
153.7048929752826,37.03163710898451,0.9999999999999988,-4.078362313393031,-14.882708036391277,157.06758520422215
153.70342072288386,37.021377793586225,0.999999999999999,-4.076028114204366,-14.885060770950439,153.6383843587154
153.70195217275253,37.011118165518,0.9999999999999989,-4.073692725005568,-14.887418413828701,150.2467785084371
153.70048724161998,37.000858232193586,0.9999999999999988,-4.071356219841382,-14.889780871672238,146.89259173924415
153.69902584626251,36.99059800102231,0.9999999999999989,-4.069018672774547,-14.89214805111924,143.57564813699318
153.69756790350138,36.980337479409144,0.9999999999999989,-4.066680157885774,-14.894519858799987,140.2957717875411
153.69611333020256,36.97007667475463,0.9999999999999989,-4.06434074927359,-14.89689620133672,137.05278677674488
153.69466204327705,36.95981559445495,0.9999999999999991,-4.062000521054323,-14.899276985343688,133.8465171904612
153.69321395968038,36.94955424590216,0.9999999999999991,-4.059659547362022,-14.901662117427104,130.676787114547
153.691768996413,36.9392926364838,0.999999999999999,-4.057317902348377,-14.904051504185077,127.54342063485915
153.69032707051988,36.92903077358326,0.999999999999999,-4.054975660182624,-14.906445052207694,124.44624183725448
153.68888809909063,36.918768664579645,0.999999999999999,-4.0526328950515165,-14.9088426680769,121.38507480758976
153.68745199925942,36.90850631684788,0.999999999999999,-4.050289681159219,-14.911244258366546,118.35974363172184
153.68601868820497,36.89824373775866,0.999999999999999,-4.0479460927273045,-14.913649729642334,115.37007239550773
153.68458808315037,36.88798093467853,0.999999999999999,-4.045602203994594,-14.916058988461824,112.41588518480427
153.6831601013632,36.87771791496988,0.9999999999999991,-4.043258089217204,-14.918471941374415,109.49700608546816
153.68173466015537,36.86745468599096,0.999999999999999,-4.04091382266842,-14.920888494921343,106.61325918335632
153.68031167688306,36.85719125509591,0.999999999999999,-4.038569478638632,-14.923308555635652,103.76446856432563
153.67889106894677,36.846927629634806,0.999999999999999,-4.036225131435314,-14.925732030042195,100.9504583142329
153.6774727537911,36.83666381695361,0.999999999999999,-4.033880855382947,-14.928158824657634,98.171052518935
153.67605664890496,36.82639982439425,0.999999999999999,-4.031536724823001,-14.930588845990426,95.4260752642888
153.6746426718212,36.81613565929462,0.999999999999999,-4.029192814113813,-14.933022000540808,92.71535063615111
153.67323074011682,36.80587132898863,0.9999999999999991,-4.026849197630614,-14.935458194800823,90.03870272037878
153.67182077141274,36.79560684080612,0.9999999999999989,-4.024505949765434,-14.937897335254302,87.39595560282865
153.6704126833739,36.785342202072975,0.9999999999999988,-4.022163144927056,-14.940339328376853,84.78693336935753
153.66900639370917,36.77507742011114,0.9999999999999991,-4.019820857541028,-14.942784080635864,82.21146010582247
153.6676018201711,36.76481250223857,0.9999999999999991,-4.017479162049527,-14.945231498490546,79.66935989808012
153.66619888055612,36.75454745576928,0.999999999999999,-4.015138132911397,-14.94768148839188,77.16045683198746
153.66479749270448,36.74428228801337,0.999999999999999,-4.012797844602075,-14.950133956782645,74.68457499340121
153.6633975745,36.73401700627704,0.999999999999999,-4.010458371613552,-14.952588810097456,72.24153846817836
153.6619990438702,36.723751617862554,0.999999999999999,-4.008119788454355,-14.95504595476272,69.83117134217567
153.66060181878615,36.71348613006832,0.9999999999999991,-4.0057821696494855,-14.957505297196667,67.45329770124998
153.65920581726243,36.703220550188796,0.9999999999999992,-4.0034455897404175,-14.95996674380939,65.10774163125818
153.65781095735713,36.69295488551474,0.9999999999999991,-4.001110123285039,-14.962430201002801,62.79432721805714
153.6564171571718,36.6826891433329,0.9999999999999991,-3.9987758448576463,-14.964895575170704,60.51287854750366
153.65502433485128,36.67242333092622,0.9999999999999991,-3.9964428290488847,-14.967362772698756,58.26321970545462
153.65363240858377,36.66215745557382,0.999999999999999,-3.994111150465767,-14.96983169996452,56.04517477776674
153.65224129660072,36.65189152455097,0.9999999999999992,-3.991780883731596,-14.972302263337477,53.858567850297135
153.65085091717683,36.64162554512915,0.999999999999999,-3.9894521034859984,-14.97477436917903,51.70322300890248
153.64946118862989,36.63135952457599,0.9999999999999992,-3.9871248843848406,-14.977247923842533,49.578964339439686
153.64807202932087,36.621093470155365,0.9999999999999991,-3.9847993011002734,-14.97972283367333,47.48561592776554
153.64668335765373,36.61082738912729,0.999999999999999,-3.9824754283206554,-14.982199005008752,45.42300185973696
153.6452950920755,36.60056128874803,0.9999999999999991,-3.980153340750589,-14.984676344178146,43.39094622121074
153.64390715107604,36.59029517627005,0.999999999999999,-3.9778331131108544,-14.987154757502932,41.38927309804379
153.6425194531882,36.580029058942024,0.9999999999999991,-3.9755148201384474,-14.989634151296567,39.41780657609289
153.64113191698772,36.56976294400885,0.9999999999999992,-3.973198536586522,-14.99211443186465,37.47637074121496
153.6397444610929,36.559496838711645,0.999999999999999,-3.970884337224403,-14.994595505504897,35.564789679266795
153.63835700416502,36.549230750287784,0.9999999999999991,-3.968572296837589,-14.99707727850718,33.682887476105186
153.63696946490785,36.538964685970825,0.9999999999999992,-3.966262490227714,-14.999559657153597,31.830488217587174
153.6355817620679,36.5286986529906,0.999999999999999,-3.963954992212569,-15.002042547718462,30.00741598956946
153.63419381443418,36.518432658573126,0.9999999999999992,-3.961649877626079,-15.004525856468343,28.21349487790899
153.63280554083826,36.50816670994071,0.9999999999999993,-3.9593472213183265,-15.007009489662131,26.44854896846252
153.63141686015413,36.49790081431184,0.9999999999999991,-3.9570470981555106,-15.009493353551076,24.71240234708694
153.6300276912982,36.487634978901276,0.9999999999999992,-3.95474958302,-15.011977354378761,23.00487909963911
153.62863795322923,36.47736921091998,0.9999999999999992,-3.9524547508102783,-15.014461398381236,21.32580331197588
153.62724756494822,36.46710351757519,0.9999999999999992,-3.950162676440992,-15.016945391786992,19.67499906995408
153.62585644549853,36.45683790607032,0.9999999999999992,-3.9478734348429425,-15.01942924081704,18.052290459430587
153.6244645139656,36.446572383605044,0.9999999999999992,-3.9455871009630847,-15.02191285168493,16.457501566262234
153.62307168947697,36.43630695737526,0.9999999999999992,-3.943303749764541,-15.024396130596816,14.890456476305868
153.62167789120238,36.42604163457306,0.9999999999999992,-3.9410234562266178,-15.026878983751498,13.350979275418299
153.62028303835353,36.41577642238681,0.9999999999999991,-3.9387462953448145,-15.029361317340463,11.83889404945646
153.61888705018404,36.40551132800102,0.9999999999999992,-3.9364723421308283,-15.031843037547953,10.354024884277182
153.6174898459895,36.395246358596424,0.9999999999999993,-3.9342016716125756,-15.03432405055099,8.896195865737326
153.6160913451073,36.38498152135001,0.9999999999999993,-3.931934358834212,-15.036804262519446,7.465231079693664
153.61469146691664,36.3747168234349,0.9999999999999992,-3.9296704788561416,-15.0392835796161,6.060954612003125
153.61329013083852,36.36445227202042,0.9999999999999992,-3.927410106755049,-15.04176190799667,4.683190548522529
153.61188725633556,36.354187874272114,0.9999999999999991,-3.925153317623894,-15.044239153809885,3.33176297510873
153.61048276291197,36.34392363735164,0.9999999999999993,-3.9229001865719644,-15.04671522319756,2.006495977618602
153.6090765701137,36.333659568416856,0.9999999999999994,-3.9206507887248936,-15.049190022294622,0.7072136419089498
153.607668597528,36.323395674621786,0.9999999999999993,-3.918405199224668,-15.051663457229175,-0.5662599461633526
153.60625876478377,36.313131963116575,0.9999999999999993,-3.9161634932296683,-15.05413543412259,-1.8141007007414511
153.60484699155123,36.302868441047515,0.9999999999999994,-3.9139257459146934,-15.056605859089528,-3.036484535968538
153.60343319754188,36.292605115557045,0.9999999999999992,-3.9116920324709965,-15.059074638238034,-4.233587365987676
153.6020173025087,36.282341993783696,0.9999999999999994,-3.9094624281063144,-15.06154167766958,-5.405585104942077
153.6005992262457,36.272079082862106,0.9999999999999992,-3.907237008044888,-15.06400688347916,-6.552653666974867
153.59917888858823,36.261816389923005,0.9999999999999993,-3.905015847527515,-15.066470161755312,-7.674968966229208
153.59775620941267,36.25155392209322,0.9999999999999993,-3.902799021811573,-15.068931418580235,-8.772706916848248
153.5963311086365,36.24129168649564,0.9999999999999993,-3.9005866061710543,-15.071390560029823,-9.84604343297512
153.5949035062182,36.231029690249194,0.9999999999999993,-3.898378675896626,-15.07384749217376,-10.895154428753003
153.59347332215722,36.22076794046886,0.9999999999999993,-3.8961753062956452,-15.076302121075575,-11.920215818325017
153.5920404764939,36.210506444265654,0.9999999999999992,-3.893976572692213,-15.078754352792723,-12.921403515834381
153.59060488930942,36.20024520874659,0.9999999999999993,-3.8917825504272123,-15.081204093376662,-13.898893435424103
153.5891664807257,36.18998424101468,0.9999999999999992,-3.889593314858359,-15.083651248872924,-14.852861491237501
153.5877251709055,36.1797235481689,0.9999999999999992,-3.8874089413602464,-15.086095725321195,-15.783483597417547
153.5862808800521,36.169463137304234,0.9999999999999994,-3.8852295053243813,-15.088537428755387,-16.690935668107578
153.58483352840952,36.15920301551156,0.9999999999999994,-3.883055082159255,-15.090976265203736,-17.575393617450576
153.5833830362622,36.14894318987773,0.9999999999999994,-3.880885747290365,-15.093412140688852,-18.437033359589844
153.58192932393524,36.13868366748545,0.9999999999999994,-3.8787215761602947,-15.095844961227833,-19.276030808668377
153.58047231179404,36.12842445541338,0.9999999999999996,-3.876562644228751,-15.098274632832322,-20.092561878829446
153.57901192024448,36.11816556073603,0.9999999999999994,-3.87440902697262,-15.100701061508616,-20.88680248421618
153.57754806973267,36.107906990523766,0.9999999999999994,-3.8722607998860235,-15.103124153257728,-21.658928538971644
153.5760806807451,36.09764875184276,0.9999999999999994,-3.8701180384803835,-15.10554381407548,-22.409115957239113
153.5746096738083,36.08739085175504,0.9999999999999996,-3.867980818284469,-15.10795994995261,-23.137540653161608
153.5731349694892,36.0771332973184,0.9999999999999994,-3.8658492148444683,-15.110372466874836,-23.844378540882378
153.57165648839452,36.06687609558642,0.9999999999999992,-3.8637233037240404,-15.112781270822962,-24.529805534544487
153.57017415117127,36.056619253608424,0.9999999999999994,-3.8616031605043837,-15.115186267772945,-25.19399754829119
153.56868787850632,36.046362778429454,0.9999999999999993,-3.859488860784301,-15.117587363696037,-25.8371304962655
153.56719759112647,36.03610667709029,0.9999999999999994,-3.857380480180261,-15.119984464558824,-26.45938029261075
153.5657032097984,36.02585095662734,0.9999999999999997,-3.8552780943264686,-15.12237747632335,-27.06092285146991
153.56420465532855,36.015595624072716,0.9999999999999994,-3.8531817788749327,-15.124766304947228,-27.64193408698625
153.56270184856317,36.00534068645414,0.9999999999999996,-3.851091609495537,-15.127150856383679,-28.20258991330289
153.56119471038815,35.99508615079496,0.9999999999999996,-3.8490076618761133,-15.129531036581696,-28.74306624456293
153.55968316172903,35.98483202411407,0.9999999999999996,-3.846930011722503,-15.13190675148612,-29.263538994909556
153.55816712355085,35.97457831342598,0.9999999999999996,-3.8448587347586454,-15.134277907037717,-29.764184078485897
153.55664651685825,35.96432502574066,0.9999999999999997,-3.842793906726648,-15.136644409173314,-30.24517740943514
153.55512126269537,35.954072168063675,0.9999999999999996,-3.8407356033868676,-15.139006163825888,-30.706694901900402
153.5535912821455,35.94381974739597,0.9999999999999996,-3.838683900517962,-15.141363076924657,-31.14891247002487
153.55205649633155,35.933567770734015,0.9999999999999996,-3.8366388739170194,-15.143715054395216,-31.57200602795164
153.55051682641553,35.92331624506964,0.9999999999999996,-3.834600599399589,-15.146062002159612,-31.97615148982391
153.54897219359873,35.91306517739013,0.9999999999999996,-3.8325691527997967,-15.148403826136471,-32.36152476978479
153.54742251912157,35.902814574678104,0.9999999999999998,-3.8305446099704077,-15.150740432241106,-32.72830178197747
153.54586772426362,35.89256444391152,0.9999999999999997,-3.8285270467829347,-15.153071726385615,-33.076658440545096
153.5443077303434,35.88231479206361,0.9999999999999998,-3.8265165391276916,-15.155397614479003,-33.40677065963078
153.5427424587185,35.87206562610293,0.9999999999999997,-3.824513162913912,-15.157718002427291,-33.71881435337768
153.5411718307854,35.861816952993266,0.9999999999999998,-3.8225169940698214,-15.160032796133617,-34.01296543592898
153.5395957679794,35.8515687796936,0.9999999999999997,-3.8205281085427294,-15.162341901498369,-34.28939982142778
153.5380141917747,35.8413211131581,0.9999999999999996,-3.818546582299128,-15.164645224419314,-34.54829342401727
