galstreams/tracks/track.st.NGC5466.grillmair2006.ecsv
# %ECSV 0.9
# ---
# datatype:
# - {name: ra, unit: deg, datatype: float64}
# - {name: dec, unit: deg, datatype: float64}
# - {name: distance, unit: kpc, datatype: float64}
# - {name: pm_ra_cosdec, unit: mas / yr, datatype: float64}
# - {name: pm_dec, unit: mas / yr, datatype: float64}
# - {name: radial_velocity, unit: km / s, datatype: float64}
# delimiter: ','
# meta: !!omap
# - __serialized_columns__:
#     dec:
#       __class__: astropy.coordinates.angles.Latitude
#       unit: &id001 !astropy.units.Unit {unit: deg}
#       value: !astropy.table.SerializedColumn {name: dec}
#     distance:
#       __class__: astropy.coordinates.distances.Distance
#       unit: !astropy.units.Unit {unit: kpc}
#       value: !astropy.table.SerializedColumn {name: distance}
#     pm_dec:
#       __class__: astropy.units.quantity.Quantity
#       unit: !astropy.units.Unit {unit: mas / yr}
#       value: !astropy.table.SerializedColumn {name: pm_dec}
#     pm_ra_cosdec:
#       __class__: astropy.units.quantity.Quantity
#       unit: !astropy.units.Unit {unit: mas / yr}
#       value: !astropy.table.SerializedColumn {name: pm_ra_cosdec}
#     ra:
#       __class__: astropy.coordinates.angles.Longitude
#       unit: *id001
#       value: !astropy.table.SerializedColumn {name: ra}
#       wrap_angle: !astropy.coordinates.Angle
#         unit: *id001
#         value: 360.0
#     radial_velocity:
#       __class__: astropy.units.quantity.Quantity
#       unit: !astropy.units.Unit {unit: km / s}
#       value: !astropy.table.SerializedColumn {name: radial_velocity}
# schema: astropy-2.0
ra,dec,distance,pm_ra_cosdec,pm_dec,radial_velocity
[from data line 977]
218.8289783227843,24.498153782263763,16.60000000000001,0.0,0.0,0.0
218.8193657010555,24.50313536679485,16.60000000000001,0.0,0.0,0.0
218.8097536420378,24.50811799486077,16.600000000000005,0.0,0.0,0.0
218.80014214383294,24.51310166458903,16.600000000000005,0.0,0.0,0.0
218.79053120454358,24.518086374108144,16.60000000000001,0.0,0.0,0.0
218.78092082227354,24.523072121547482,16.60000000000001,0.0,0.0,0.0
218.771310995128,24.528058905037227,16.600000000000005,0.0,0.0,0.0
218.76170172121317,24.53304672270856,16.60000000000001,0.0,0.0,0.0
218.75209299863653,24.538035572693424,16.60000000000001,0.0,0.0,0.0
218.74248482550655,24.543025453124756,16.600000000000005,0.0,0.0,0.0
218.73287719993317,24.548016362136256,16.60000000000001,0.0,0.0,0.0
218.7232701200272,24.553008297862654,16.60000000000001,0.0,0.0,0.0
218.71366358390082,24.558001258439393,16.60000000000001,0.0,0.0,0.0
218.70405758966731,24.562995242002962,16.600000000000005,0.0,0.0,0.0
218.69445213544114,24.56799024669059,16.60000000000001,0.0,0.0,0.0
218.6848472193379,24.572986270640506,16.60000000000001,0.0,0.0,0.0
218.67524283947446,24.57798331199172,16.60000000000001,0.0,0.0,0.0
218.6656389939687,24.58298136888421,16.600000000000005,0.0,0.0,0.0
218.6560356809399,24.587980439458725,16.60000000000001,0.0,0.0,0.0
218.64643289850824,24.59298052185705,16.600000000000005,0.0,0.0,0.0
218.63683064479528,24.59798161422167,16.600000000000005,0.0,0.0,0.0
218.6272289179236,24.602983714696123,16.60000000000001,0.0,0.0,0.0
218.6176277160171,24.607986821424674,16.600000000000005,0.0,0.0,0.0
218.6080270372007,24.612990932552606,16.60000000000001,0.0,0.0,0.0
218.59842687960065,24.61799604622595,16.600000000000005,0.0,0.0,0.0
218.58882724134412,24.623002160591742,16.600000000000005,0.0,0.0,0.0
218.57922812055972,24.62800927379777,16.600000000000005,0.0,0.0,0.0
218.56962951537704,24.633017383992826,16.600000000000005,0.0,0.0,0.0
218.560031423927,24.638026489326457,16.600000000000012,0.0,0.0,0.0
218.55043384434148,24.643036587949183,16.600000000000005,0.0,0.0,0.0
218.54083677475356,24.648047678012404,16.600000000000005,0.0,0.0,0.0
218.5312402132978,24.653059757668302,16.600000000000012,0.0,0.0,0.0
218.5216441581094,24.65807282507005,16.60000000000001,0.0,0.0,0.0
218.51204860732523,24.663086878371594,16.600000000000005,0.0,0.0,0.0
218.50245355908294,24.66810191572787,16.60000000000001,0.0,0.0,0.0
218.4928590115216,24.673117935294567,16.600000000000005,0.0,0.0,0.0
218.48326496278125,24.678134935228364,16.60000000000001,0.0,0.0,0.0
218.4736714110033,24.68315291368673,16.600000000000005,0.0,0.0,0.0
218.46407835433007,24.68817186882809,16.60000000000001,0.0,0.0,0.0
218.4544857909053,24.693191798811647,16.600000000000005,0.0,0.0,0.0
218.44489371887366,24.698212701797598,16.60000000000001,0.0,0.0,0.0
218.4353021363812,24.703234575946876,16.60000000000001,0.0,0.0,0.0
218.4257110415749,24.708257419421447,16.600000000000005,0.0,0.0,0.0
218.41612043260312,24.713281230384005,16.60000000000001,0.0,0.0,0.0
218.4065303076152,24.718306006998237,16.60000000000001,0.0,0.0,0.0
218.39694066476176,24.7233317474286,16.60000000000001,0.0,0.0,0.0
218.38735150219452,24.728358449840545,16.60000000000001,0.0,0.0,0.0
218.37776281806637,24.733386112400254,16.600000000000005,0.0,0.0,0.0
218.36817461053138,24.738414733274933,16.600000000000005,0.0,0.0,0.0
218.35858687774473,24.74344431063252,16.60000000000001,0.0,0.0,0.0
218.3489996178628,24.748474842641972,16.60000000000001,0.0,0.0,0.0
218.3394128290431,24.753506327472973,16.60000000000001,0.0,0.0,0.0
218.32982650944427,24.758538763296205,16.60000000000001,0.0,0.0,0.0
218.32024065722626,24.763572148283117,16.60000000000001,0.0,0.0,0.0
218.31065527055,24.768606480606117,16.60000000000001,0.0,0.0,0.0
218.3010703475775,24.77364175843847,16.60000000000001,0.0,0.0,0.0
218.2914858864723,24.778677979954242,16.600000000000005,0.0,0.0,0.0
218.2819018853986,24.783715143328486,16.60000000000001,0.0,0.0,0.0
218.27231834252223,24.788753246736995,16.60000000000001,0.0,0.0,0.0
218.26273525600976,24.793792288356595,16.60000000000001,0.0,0.0,0.0
218.25315262402924,24.79883226636479,16.60000000000001,0.0,0.0,0.0
218.24357044474965,24.80387317894015,16.60000000000001,0.0,0.0,0.0
218.23398871634126,24.808915024261943,16.600000000000005,0.0,0.0,0.0
218.22440743697535,24.813957800510472,16.60000000000001,0.0,0.0,0.0
218.21482660482457,24.819001505866755,16.600000000000005,0.0,0.0,0.0
218.20524621806243,24.824046138512816,16.600000000000005,0.0,0.0,0.0
218.19566627486392,24.829091696631433,16.60000000000001,0.0,0.0,0.0
218.1860867734049,24.834138178406363,16.60000000000001,0.0,0.0,0.0
218.1765077118625,24.839185582022118,16.60000000000001,0.0,0.0,0.0
218.16692908841497,24.84423390566421,16.60000000000001,0.0,0.0,0.0
218.1573509012418,24.849283147518875,16.60000000000001,0.0,0.0,0.0
218.1477731485235,24.854333305773377,16.60000000000001,0.0,0.0,0.0
218.13819582844184,24.859384378615683,16.60000000000001,0.0,0.0,0.0
218.12861893917955,24.864436364234784,16.600000000000005,0.0,0.0,0.0
218.1190424789208,24.869489260820416,16.60000000000001,0.0,0.0,0.0
218.10946644585064,24.87454306656328,16.60000000000001,0.0,0.0,0.0
218.0998908381554,24.879597779654855,16.600000000000005,0.0,0.0,0.0
218.09031565402253,24.884653398287586,16.60000000000001,0.0,0.0,0.0
218.08074089164066,24.889709920654678,16.600000000000005,0.0,0.0,0.0
218.07116654919952,24.89476734495028,16.600000000000005,0.0,0.0,0.0
218.06159262488987,24.899825669369434,16.60000000000001,0.0,0.0,0.0
218.0520191169039,24.904884892107933,16.60000000000001,0.0,0.0,0.0
218.04244602343468,24.909945011362584,16.60000000000001,0.0,0.0,0.0
218.0328733426766,24.9150060253309,16.600000000000005,0.0,0.0,0.0
218.02330107282503,24.920067932211413,16.600000000000005,0.0,0.0,0.0
218.01372921207667,24.9251307302034,16.60000000000001,0.0,0.0,0.0
218.0041577586292,24.93019441750712,16.600000000000005,0.0,0.0,0.0
217.99458671068155,24.93525899232356,16.600000000000005,0.0,0.0,0.0
217.98501606643367,24.94032445285473,16.600000000000005,0.0,0.0,0.0
217.97544582408685,24.945390797303347,16.600000000000005,0.0,0.0,0.0
217.96587598184325,24.950458023873136,16.60000000000001,0.0,0.0,0.0
217.9563065379065,24.955526130768565,16.6,0.0,0.0,0.0
217.94673749048104,24.960595116195073,16.60000000000001,0.0,0.0,0.0
217.9371688377727,24.965664978358866,16.60000000000001,0.0,0.0,0.0
217.92760057798827,24.97073571546712,16.60000000000001,0.0,0.0,0.0
217.91803270933585,24.975807325727757,16.600000000000005,0.0,0.0,0.0
217.90846523002446,24.98087980734968,16.600000000000005,0.0,0.0,0.0
217.89889813826454,24.98595315854254,16.60000000000001,0.0,0.0,0.0
217.88933143226737,24.99102737751698,16.60000000000001,0.0,0.0,0.0
217.87976511024564,24.996102462484366,16.600000000000005,0.0,0.0,0.0
217.87019917041295,25.00117841165708,16.600000000000005,0.0,0.0,0.0
217.8606336109842,25.006255223248203,16.60000000000001,0.0,0.0,0.0
217.8510684301753,25.011332895471835,16.600000000000005,0.0,0.0,0.0
217.84150362620343,25.016411426542795,16.60000000000001,0.0,0.0,0.0
217.83193919728677,25.021490814676916,16.60000000000001,0.0,0.0,0.0
217.82237514164476,25.026571058090727,16.600000000000005,0.0,0.0,0.0
217.81281145749787,25.03165215500176,16.600000000000005,0.0,0.0,0.0
217.80324814306772,25.03673410362837,16.600000000000005,0.0,0.0,0.0
217.79368519657717,25.04181690218969,16.60000000000001,0.0,0.0,0.0
217.78412261625002,25.046900548905864,16.600000000000005,0.0,0.0,0.0
217.77456040031146,25.05198504199774,16.600000000000005,0.0,0.0,0.0
217.76499854698756,25.057070379687147,16.600000000000005,0.0,0.0,0.0
217.75543705450568,25.062156560196694,16.60000000000001,0.0,0.0,0.0
217.74587592109424,25.06724358174994,16.600000000000005,0.0,0.0,0.0
217.73631514498288,25.07233144257117,16.600000000000005,0.0,0.0,0.0
217.7267547244022,25.077420140885707,16.60000000000001,0.0,0.0,0.0
217.71719465758414,25.08250967491954,16.60000000000001,0.0,0.0,0.0
217.7076349427616,25.08760004289969,16.60000000000001,0.0,0.0,0.0
217.69807557816875,25.0926912430539,16.60000000000001,0.0,0.0,0.0
217.68851656204072,25.0977832736109,16.60000000000001,0.0,0.0,0.0
217.67895789261397,25.102876132800144,16.600000000000005,0.0,0.0,0.0
217.6693995681259,25.107969818852066,16.60000000000001,0.0,0.0,0.0
217.65984158681522,25.11306432999787,16.60000000000001,0.0,0.0,0.0
217.65028394692155,25.11815966446969,16.600000000000005,0.0,0.0,0.0
217.6407266466859,25.12325582050043,16.60000000000001,0.0,0.0,0.0
217.63116968435014,25.128352796323984,16.60000000000001,0.0,0.0,0.0
217.6216130581575,25.133450590174927,16.600000000000005,0.0,0.0,0.0
217.61205676635214,25.138549200288885,16.60000000000001,0.0,0.0,0.0
217.60250080717958,25.143648624902173,16.60000000000001,0.0,0.0,0.0
217.5929451788861,25.148748862252088,16.60000000000001,0.0,0.0,0.0
217.5833898797196,25.153849910576685,16.600000000000005,0.0,0.0,0.0
217.57383490792859,25.158951768114974,16.60000000000001,0.0,0.0,0.0
217.56428026176312,25.164054433106717,16.600000000000005,0.0,0.0,0.0
217.55472593947414,25.16915790379259,16.600000000000005,0.0,0.0,0.0
217.5451719393137,25.174262178414196,16.60000000000001,0.0,0.0,0.0
217.53561825953517,25.17936725521382,16.60000000000001,0.0,0.0,0.0
217.52606489839286,25.184473132434785,16.600000000000005,0.0,0.0,0.0
217.5165118541423,25.189579808321106,16.60000000000001,0.0,0.0,0.0
217.50695912504003,25.194687281117815,16.60000000000001,0.0,0.0,0.0
217.49740670934395,25.199795549070636,16.60000000000001,0.0,0.0,0.0
217.48785460531272,25.204904610426304,16.600000000000005,0.0,0.0,0.0
217.47830281120653,25.21001446343226,16.60000000000001,0.0,0.0,0.0
217.46875132528632,25.215125106336945,16.60000000000001,0.0,0.0,0.0
217.45920014581444,25.22023653738952,16.60000000000001,0.0,0.0,0.0
217.44964927105414,25.225348754840123,16.600000000000005,0.0,0.0,0.0
217.44009869927,25.230461756939622,16.60000000000001,0.0,0.0,0.0
217.43054842872746,25.235575541939863,16.600000000000005,0.0,0.0,0.0
217.42099845769334,25.24069010809342,16.600000000000005,0.0,0.0,0.0
217.41144878443538,25.24580545365386,16.600000000000005,0.0,0.0,0.0
217.4018994072226,25.250921576875445,16.600000000000005,0.0,0.0,0.0
217.392350324325,25.256038476013455,16.600000000000005,0.0,0.0,0.0
217.38280153401385,25.261156149323867,16.600000000000005,0.0,0.0,0.0
217.3732530345613,25.266274595063646,16.60000000000001,0.0,0.0,0.0
217.36370482424087,25.271393811490473,16.60000000000001,0.0,0.0,0.0
217.35415690132706,25.276513796863043,16.600000000000005,0.0,0.0,0.0
217.3446092640955,25.281634549440728,16.60000000000001,0.0,0.0,0.0
217.33506191082296,25.286756067483925,16.60000000000001,0.0,0.0,0.0
217.3255148397873,25.2918783492537,16.60000000000001,0.0,0.0,0.0
217.31596804926758,25.297001393012117,16.600000000000005,0.0,0.0,0.0
217.30642153754377,25.302125197022065,16.60000000000001,0.0,0.0,0.0
217.29687530289723,25.307249759547204,16.600000000000005,0.0,0.0,0.0
217.28732934361014,25.312375078852156,16.60000000000001,0.0,0.0,0.0
217.27778365796613,25.317501153202254,16.600000000000005,0.0,0.0,0.0
217.26823824424957,25.322627980863857,16.600000000000005,0.0,0.0,0.0
217.2586931007463,25.327755560103995,16.60000000000001,0.0,0.0,0.0
217.24914822574297,25.332883889190704,16.600000000000005,0.0,0.0,0.0
217.23960361752754,25.33801296639273,16.60000000000001,0.0,0.0,0.0
217.230059274389,25.34314278997979,16.600000000000005,0.0,0.0,0.0
217.22051519461752,25.348273358222357,16.60000000000001,0.0,0.0,0.0
217.21097137650418,25.353404669391836,16.600000000000005,0.0,0.0,0.0
217.20142781834153,25.358536721760373,16.600000000000005,0.0,0.0,0.0
217.19188451842282,25.363669513601103,16.60000000000001,0.0,0.0,0.0
217.18234147504276,25.36880304318785,16.600000000000005,0.0,0.0,0.0
217.17279868649692,25.373937308795437,16.600000000000005,0.0,0.0,0.0
217.16325615108215,25.379072308699417,16.60000000000001,0.0,0.0,0.0
217.15371386709626,25.384208041176286,16.600000000000005,0.0,0.0,0.0
217.14417183283834,25.389344504503274,16.600000000000005,0.0,0.0,0.0
217.13463004660835,25.3944816969586,16.600000000000005,0.0,0.0,0.0
217.12508850670764,25.399619616821187,16.60000000000001,0.0,0.0,0.0
217.11554721143844,25.404758262370933,16.60000000000001,0.0,0.0,0.0
217.10600615910425,25.40989763188846,16.600000000000005,0.0,0.0,0.0
217.0964653480095,25.415037723655363,16.600000000000005,0.0,0.0,0.0
217.08692477645994,25.42017853595395,16.600000000000005,0.0,0.0,0.0
217.07738444276225,25.42532006706748,16.60000000000001,0.0,0.0,0.0
217.06784434522422,25.430462315280057,16.60000000000001,0.0,0.0,0.0
217.05830448215488,25.435605278876512,16.60000000000001,0.0,0.0,0.0
217.04876485186423,25.440748956142684,16.600000000000012,0.0,0.0,0.0
217.0392254526635,25.445893345365103,16.600000000000005,0.0,0.0,0.0
217.02968628286487,25.45103844483129,16.600000000000005,0.0,0.0,0.0
217.02014734078182,25.456184252829463,16.60000000000001,0.0,0.0,0.0
217.01060862472866,25.461330767648835,16.60000000000001,0.0,0.0,0.0
217.00107013302116,25.466477987579324,16.600000000000005,0.0,0.0,0.0
216.9915318639758,25.471625910911804,16.600000000000005,0.0,0.0,0.0
216.98199381591053,25.476774535937892,16.600000000000005,0.0,0.0,0.0
216.9724559871441,25.48192386095016,16.60000000000001,0.0,0.0,0.0
216.96291837599654,25.487073884241916,16.60000000000001,0.0,0.0,0.0
216.9533809807889,25.492224604107403,16.60000000000001,0.0,0.0,0.0
216.94384379984345,25.497376018841603,16.60000000000001,0.0,0.0,0.0
216.93430683148335,25.502528126740476,16.60000000000001,0.0,0.0,0.0
216.9247700740331,25.50768092610068,16.6,0.0,0.0,0.0
216.91523352581802,25.512834415219842,16.600000000000005,0.0,0.0,0.0
216.9056971851649,25.51798859239632,16.600000000000005,0.0,0.0,0.0
216.89616105040125,25.52314345592942,16.60000000000001,0.0,0.0,0.0
216.88662511985592,25.528299004119194,16.60000000000001,0.0,0.0,0.0
216.8770893918588,25.53345523526663,16.600000000000012,0.0,0.0,0.0
216.8675538647408,25.538612147673447,16.60000000000001,0.0,0.0,0.0
216.858018536834,25.543769739642322,16.60000000000001,0.0,0.0,0.0
216.84848340647167,25.548928009476647,16.60000000000001,0.0,0.0,0.0
216.83894847198798,25.554086955480777,16.600000000000005,0.0,0.0,0.0
216.82941373171826,25.55924657595986,16.60000000000001,0.0,0.0,0.0
216.819879183999,25.56440686921984,16.60000000000001,0.0,0.0,0.0
216.8103448271678,25.56956783356759,16.60000000000001,0.0,0.0,0.0
216.8008106595632,25.5747294673107,16.600000000000005,0.0,0.0,0.0
216.79127667952505,25.57989176875774,16.600000000000005,0.0,0.0,0.0
216.78174288539415,25.585054736217998,16.60000000000001,0.0,0.0,0.0
216.7722092755124,25.5902183680017,16.60000000000001,0.0,0.0,0.0
216.76267584822287,25.59538266241982,16.60000000000001,0.0,0.0,0.0
216.75314260186957,25.600547617784272,16.600000000000005,0.0,0.0,0.0
216.74360953479786,25.605713232407684,16.60000000000001,0.0,0.0,0.0
216.7340766453539,25.61087950460366,16.60000000000001,0.0,0.0,0.0
216.72454393188522,25.6160464326865,16.600000000000005,0.0,0.0,0.0
216.71501139274017,25.6212140149715,16.60000000000001,0.0,0.0,0.0
216.70547902626845,25.62638224977462,16.600000000000005,0.0,0.0,0.0
216.69594683082062,25.63155113541282,16.600000000000005,0.0,0.0,0.0
216.68641480474852,25.63672067020377,16.600000000000005,0.0,0.0,0.0
216.67688294640493,25.641890852466084,16.600000000000005,0.0,0.0,0.0
216.66735125414388,25.64706168051909,16.60000000000001,0.0,0.0,0.0
216.65781972632027,25.65223315268309,16.60000000000001,0.0,0.0,0.0
216.64828836129035,25.657405267279096,16.600000000000005,0.0,0.0,0.0
216.63875715741122,25.66257802262909,16.60000000000001,0.0,0.0,0.0
216.6292261130413,25.667751417055733,16.600000000000005,0.0,0.0,0.0
216.61969522653985,25.67292544888267,16.60000000000001,0.0,0.0,0.0
216.61016449626743,25.67810011643425,16.60000000000001,0.0,0.0,0.0
216.60063392058558,25.68327541803577,16.60000000000001,0.0,0.0,0.0
216.59110349785686,25.688451352013335,16.60000000000001,0.0,0.0,0.0
216.5815732264451,25.6936279166938,16.60000000000001,0.0,0.0,0.0
