galstreams/tracks/track.st.SGP-S.yang2022.ecsv
# %ECSV 1.0
# ---
# datatype:
# - {name: ra, unit: deg, datatype: float64}
# - {name: dec, unit: deg, datatype: float64}
# - {name: distance, unit: kpc, datatype: float64}
# - {name: pm_ra_cosdec, unit: mas / yr, datatype: float64}
# - {name: pm_dec, unit: mas / yr, datatype: float64}
# - {name: radial_velocity, unit: km / s, datatype: float64}
# delimiter: ','
# meta: !!omap
# - __serialized_columns__:
#     dec:
#       __class__: astropy.coordinates.angles.Latitude
#       unit: &id001 !astropy.units.Unit {unit: deg}
#       value: !astropy.table.SerializedColumn {name: dec}
#     distance:
#       __class__: astropy.coordinates.distances.Distance
#       unit: !astropy.units.Unit {unit: kpc}
#       value: !astropy.table.SerializedColumn {name: distance}
#     pm_dec:
#       __class__: astropy.units.quantity.Quantity
#       unit: !astropy.units.Unit {unit: mas / yr}
#       value: !astropy.table.SerializedColumn {name: pm_dec}
#     pm_ra_cosdec:
#       __class__: astropy.units.quantity.Quantity
#       unit: !astropy.units.Unit {unit: mas / yr}
#       value: !astropy.table.SerializedColumn {name: pm_ra_cosdec}
#     ra:
#       __class__: astropy.coordinates.angles.Longitude
#       unit: *id001
#       value: !astropy.table.SerializedColumn {name: ra}
#       wrap_angle: !astropy.coordinates.Angle
#         unit: *id001
#         value: 360.0
#     radial_velocity:
#       __class__: astropy.units.quantity.Quantity
#       unit: !astropy.units.Unit {unit: km / s}
#       value: !astropy.table.SerializedColumn {name: radial_velocity}
# schema: astropy-2.0
ra,dec,distance,pm_ra_cosdec,pm_dec,radial_velocity
[from data line 3858]
5.6261309238779535,-22.58847094930839,9.500000000000002,2.0000000000000004,2.5,-3.368306851948935e-14
5.625111618546137,-22.578512366321387,9.500000000000002,2.0000000000000004,2.4999999999999996,-4.210383564936169e-14
5.624092318944891,-22.568553788020743,9.5,2.0000000000000004,2.500000000000001,-5.0524602779234026e-14
5.6230730249301955,-22.55859521441429,9.500000000000002,2.0,2.4999999999999996,-3.368306851948935e-14
5.622053736358045,-22.548636645509912,9.500000000000004,2.0,2.499999999999999,-3.368306851948935e-14
5.6210344530844285,-22.53867808131546,9.500000000000002,2.0000000000000004,2.499999999999999,-4.210383564936169e-14
5.620015174965331,-22.52871952183879,9.500000000000004,2.0000000000000004,2.499999999999999,-5.0524602779234026e-14
5.618995901856743,-22.518760967087772,9.500000000000004,2.0,2.4999999999999987,-5.0524602779234026e-14
5.617976633614654,-22.508802417070246,9.5,2.0000000000000004,2.5000000000000004,-4.210383564936169e-14
5.6169573700950535,-22.498843871794097,9.5,2.0000000000000004,2.500000000000001,-4.210383564936169e-14
5.615938111153935,-22.488885331267195,9.500000000000002,2.0000000000000004,2.4999999999999996,-5.894536990910637e-14
5.6149188566472885,-22.47892679549739,9.5,2.0000000000000013,2.5000000000000004,-5.0524602779234026e-14
5.613899606431104,-22.468968264492556,9.500000000000004,2.000000000000001,2.499999999999999,-5.0524602779234026e-14
5.612880360361378,-22.45900973826057,9.500000000000002,2.0000000000000004,2.5,-5.0524602779234026e-14
5.6118611182941,-22.449051216809302,9.5,2.0000000000000013,2.5000000000000004,-4.210383564936169e-14
5.610841880085266,-22.439092700146613,9.500000000000002,2.0000000000000004,2.5,-4.210383564936169e-14
5.60982264559087,-22.429134188280393,9.500000000000004,2.0000000000000004,2.4999999999999987,-5.894536990910637e-14
5.608803414666905,-22.419175681218505,9.5,2.0000000000000013,2.4999999999999996,-4.210383564936169e-14
5.607784187169369,-22.409217178968845,9.5,2.000000000000001,2.5000000000000004,-3.368306851948935e-14
5.606764962954255,-22.399258681539273,9.500000000000004,2.0,2.4999999999999996,-5.0524602779234026e-14
5.605745741877562,-22.38930018893768,9.500000000000002,2.0000000000000004,2.5,-5.0524602779234026e-14
5.604726523795286,-22.379341701171946,9.500000000000004,1.9999999999999996,2.4999999999999996,-5.0524602779234026e-14
5.603707308563426,-22.36938321824996,9.500000000000004,2.0,2.499999999999999,-4.210383564936169e-14
5.602688096037978,-22.359424740179595,9.500000000000002,2.0,2.4999999999999996,-4.210383564936169e-14
5.601668886074941,-22.34946626696874,9.500000000000002,2.0000000000000004,2.4999999999999996,-4.210383564936169e-14
5.600649678530316,-22.3395077986253,9.500000000000002,2.0000000000000004,2.4999999999999996,-5.0524602779234026e-14
5.599630473260102,-22.329549335157143,9.500000000000002,2.0,2.4999999999999996,-4.210383564936169e-14
5.5986112701202995,-22.319590876572168,9.5,2.000000000000001,2.4999999999999996,-2.5262301389617013e-14
5.597592068966909,-22.30963242287827,9.5,2.000000000000001,2.5,-3.368306851948935e-14
5.596572869655931,-22.299673974083337,9.5,2.0000000000000013,2.5,-4.210383564936169e-14
5.595553672043372,-22.28971553019528,9.500000000000002,2.0,2.5000000000000004,-5.0524602779234026e-14
5.59453447598523,-22.279757091221978,9.5,2.000000000000001,2.4999999999999996,-4.210383564936169e-14
5.593515281337511,-22.26979865717133,9.5,2.0000000000000004,2.5,-3.368306851948935e-14
5.592496087956217,-22.259840228051242,9.500000000000002,2.0000000000000004,2.5,-4.210383564936169e-14
5.591476895697356,-22.249881803869624,9.500000000000002,2.0000000000000004,2.499999999999999,-2.5262301389617013e-14
5.59045770441693,-22.23992338463437,9.500000000000002,2.0000000000000004,2.5000000000000004,-5.894536990910637e-14
5.589438513970944,-22.229964970353375,9.500000000000004,2.0000000000000004,2.4999999999999987,-4.210383564936169e-14
5.588419324215408,-22.220006561034555,9.5,2.0000000000000013,2.5,-5.0524602779234026e-14
5.587400135006324,-22.210048156685815,9.500000000000002,2.0000000000000004,2.5,-3.368306851948935e-14
5.5863809461997045,-22.200089757315077,9.5,2.000000000000001,2.5,-6.73661370389787e-14
5.585361757651553,-22.19013136293022,9.500000000000002,2.000000000000001,2.5,-4.210383564936169e-14
5.584342569217881,-22.18017297353919,9.5,2.000000000000001,2.5000000000000004,-5.0524602779234026e-14
5.583323380754696,-22.170214589149875,9.500000000000002,2.0000000000000004,2.5,-4.210383564936169e-14
5.582304192118007,-22.1602562097702,9.500000000000002,2.000000000000001,2.5,-3.368306851948935e-14
5.581285003163828,-22.15029783540809,9.500000000000002,2.000000000000001,2.5,-4.210383564936169e-14
5.580265813748166,-22.140339466071435,9.500000000000002,2.000000000000001,2.4999999999999996,-4.210383564936169e-14
5.579246623727037,-22.130381101768197,9.500000000000002,2.0,2.5,-5.0524602779234026e-14
5.578227432956448,-22.12042274250625,9.5,2.0000000000000013,2.5000000000000004,-3.368306851948935e-14
5.577208241292413,-22.11046438829354,9.500000000000004,2.0,2.5,-5.0524602779234026e-14
5.5761890485909476,-22.100506039137983,9.500000000000002,2.000000000000001,2.5,-3.368306851948935e-14
5.575169854708065,-22.09054769504752,9.500000000000002,2.0000000000000004,2.5,-3.368306851948935e-14
5.574150659499777,-22.08058935603006,9.5,2.0000000000000013,2.5000000000000004,-5.0524602779234026e-14
5.5731314628221025,-22.070631022093526,9.500000000000002,2.000000000000001,2.4999999999999996,-3.368306851948935e-14
5.572112264531054,-22.06067269324586,9.500000000000004,2.0,2.4999999999999996,-4.210383564936169e-14
5.571093064482649,-22.050714369495005,9.500000000000002,2.0000000000000004,2.499999999999999,-5.0524602779234026e-14
5.570073862532907,-22.04075605084887,9.500000000000002,2.000000000000001,2.4999999999999996,-5.0524602779234026e-14
5.569054658537841,-22.03079773731539,9.500000000000002,2.0000000000000013,2.4999999999999996,-3.368306851948935e-14
5.568035452353472,-22.02083942890251,9.500000000000004,2.0,2.5,-3.368306851948935e-14
5.567016243835818,-22.010881125618162,9.5,2.000000000000001,2.5,-4.210383564936169e-14
5.565997032840897,-22.000922827470283,9.5,2.0000000000000013,2.5,-3.368306851948935e-14
5.564977819224731,-21.990964534466816,9.500000000000004,2.0000000000000004,2.4999999999999996,-4.210383564936169e-14
5.563958602843337,-21.981006246615692,9.500000000000002,2.0000000000000004,2.5,-3.368306851948935e-14
5.5629393835527425,-21.971047963924875,9.500000000000002,2.000000000000001,2.5,-4.210383564936169e-14
5.561920161208964,-21.961089686402293,9.500000000000002,2.000000000000001,2.5,-4.210383564936169e-14
5.560900935668025,-21.951131414055883,9.5,2.000000000000001,2.500000000000001,-5.0524602779234026e-14
5.559881706785949,-21.941173146893604,9.5,2.0000000000000018,2.5000000000000004,-5.0524602779234026e-14
5.558862474418759,-21.9312148849234,9.500000000000004,1.9999999999999993,2.4999999999999996,-5.0524602779234026e-14
5.55784323842248,-21.921256628153223,9.500000000000002,2.000000000000001,2.4999999999999996,-4.210383564936169e-14
5.556823998653137,-21.911298376591027,9.500000000000002,2.000000000000001,2.4999999999999996,-5.0524602779234026e-14
5.555804754966752,-21.90134013024476,9.500000000000002,2.0000000000000013,2.5,-5.0524602779234026e-14
5.554785507219355,-21.891381889122357,9.500000000000002,2.0000000000000004,2.5000000000000004,-4.210383564936169e-14
5.553766255266972,-21.881423653231813,9.5,2.0000000000000004,2.500000000000001,-3.368306851948935e-14
5.55274699896563,-21.871465422581057,9.500000000000002,2.0000000000000004,2.499999999999999,-3.368306851948935e-14
5.551727738171356,-21.861507197178057,9.500000000000002,2.0000000000000004,2.5000000000000004,-5.0524602779234026e-14
5.550708472740178,-21.851548977030767,9.500000000000002,2.000000000000001,2.5,-5.0524602779234026e-14
5.5496892025281275,-21.84159076214715,9.500000000000004,2.0000000000000004,2.4999999999999996,-4.210383564936169e-14
5.5486699273912325,-21.831632552535172,9.5,2.0000000000000013,2.5000000000000004,-5.0524602779234026e-14
5.547650647185523,-21.82167434820279,9.500000000000004,2.0000000000000004,2.4999999999999996,-4.210383564936169e-14
5.546631361767032,-21.811716149157967,9.500000000000002,2.0,2.5000000000000004,-3.368306851948935e-14
5.545612070991789,-21.801757955408693,9.500000000000002,2.000000000000001,2.500000000000001,-6.73661370389787e-14
5.544592774715829,-21.791799766962907,9.500000000000002,2.000000000000001,2.4999999999999996,-4.210383564936169e-14
5.54357347279518,-21.781841583828587,9.500000000000002,2.0000000000000004,2.4999999999999996,-5.0524602779234026e-14
5.54255416508588,-21.771883406013714,9.5,2.000000000000001,2.5,-5.0524602779234026e-14
5.541534851443964,-21.76192523352626,9.5,2.0000000000000004,2.5,-3.368306851948935e-14
5.54051553172546,-21.751967066374185,9.500000000000002,2.0000000000000004,2.4999999999999996,-5.0524602779234026e-14
5.539496205786412,-21.74200890456547,9.500000000000002,2.0000000000000004,2.5,-4.210383564936169e-14
5.53847687348285,-21.7320507481081,9.5,2.0000000000000013,2.500000000000001,-4.210383564936169e-14
5.537457534670813,-21.722092597010057,9.500000000000002,2.0000000000000004,2.4999999999999996,-4.210383564936169e-14
5.536438189206338,-21.7121344512793,9.5,2.0000000000000013,2.5,-4.210383564936169e-14
5.535418836945462,-21.702176310923814,9.500000000000004,2.0000000000000004,2.499999999999999,-3.368306851948935e-14
5.534399477744226,-21.692218175951602,9.500000000000002,2.000000000000001,2.5000000000000004,-5.0524602779234026e-14
5.533380111458669,-21.682260046370637,9.5,2.000000000000001,2.5000000000000004,-4.210383564936169e-14
5.532360737944827,-21.6723019221889,9.5,2.0000000000000013,2.5000000000000004,-4.210383564936169e-14
5.531341357058744,-21.66234380341437,9.500000000000002,2.000000000000001,2.5000000000000004,-3.368306851948935e-14
5.53032196865646,-21.652385690055056,9.5,2.0000000000000013,2.5000000000000004,-4.210383564936169e-14
5.529302572594018,-21.642427582118927,9.500000000000004,2.0000000000000004,2.499999999999999,-2.5262301389617013e-14
5.528283168727459,-21.632469479613995,9.500000000000002,2.000000000000001,2.5,-4.210383564936169e-14
5.527263756912826,-21.62251138254823,9.500000000000002,2.000000000000001,2.5,-2.5262301389617013e-14
5.526244337006165,-21.612553290929654,9.500000000000002,2.0000000000000013,2.5,-2.5262301389617013e-14
5.525224908863519,-21.60259520476624,9.500000000000002,2.000000000000001,2.5000000000000004,-3.368306851948935e-14
5.524205472340931,-21.592637124065988,9.500000000000004,2.0000000000000004,2.499999999999999,-4.210383564936169e-14
5.523186027294452,-21.582679048836898,9.5,2.000000000000001,2.5,-4.210383564936169e-14
5.5221665735801215,-21.57272097908697,9.500000000000002,2.000000000000001,2.5,-5.0524602779234026e-14
5.521147111053992,-21.56276291482421,9.500000000000004,2.0,2.5,-2.5262301389617013e-14
5.520127639572109,-21.552804856056614,9.500000000000004,2.000000000000001,2.5,-2.5262301389617013e-14
5.5191081589905195,-21.542846802792187,9.500000000000002,2.000000000000001,2.5,-3.368306851948935e-14
5.518088669165276,-21.53288875503894,9.500000000000002,2.0000000000000018,2.5,-5.0524602779234026e-14
5.517069169952423,-21.522930712804868,9.500000000000004,2.000000000000001,2.5,-4.210383564936169e-14
5.516049661208017,-21.512972676097995,9.500000000000002,2.0000000000000004,2.4999999999999996,-5.0524602779234026e-14
5.515030142788103,-21.503014644926317,9.500000000000002,2.0000000000000004,2.4999999999999996,-4.210383564936169e-14
5.514010614548737,-21.49305661929785,9.500000000000002,2.000000000000001,2.5,-5.0524602779234026e-14
5.512991076345971,-21.483098599220607,9.5,2.000000000000001,2.5000000000000013,-5.0524602779234026e-14
5.511971528035854,-21.473140584702602,9.5,2.000000000000001,2.500000000000001,-4.210383564936169e-14
5.5109519694744415,-21.46318257575184,9.500000000000004,2.0000000000000004,2.4999999999999996,-2.5262301389617013e-14
5.5099324005177905,-21.453224572376357,9.5,2.0000000000000013,2.5,-4.210383564936169e-14
5.508912821021952,-21.443266574584158,9.500000000000002,2.000000000000001,2.5,-3.368306851948935e-14
5.507893230842986,-21.43330858238327,9.5,2.0000000000000013,2.5,-3.368306851948935e-14
5.506873629836944,-21.423350595781702,9.500000000000004,2.000000000000001,2.4999999999999996,-5.0524602779234026e-14
5.505854017859885,-21.41339261478748,9.500000000000002,2.0,2.5000000000000004,-4.210383564936169e-14
5.504834394767869,-21.403434639408648,9.500000000000002,2.0000000000000004,2.4999999999999996,-4.210383564936169e-14
5.50381476041695,-21.3934766696532,9.5,2.0000000000000013,2.5000000000000004,-2.5262301389617013e-14
5.502795114663189,-21.38351870552918,9.500000000000002,2.0000000000000004,2.5,-3.368306851948935e-14
5.501775457362647,-21.37356074704461,9.500000000000002,2.0000000000000004,2.5,-4.210383564936169e-14
5.500755788371381,-21.363602794207537,9.500000000000002,2.0000000000000013,2.5000000000000004,-4.210383564936169e-14
5.499736107545455,-21.35364484702596,9.500000000000002,2.000000000000001,2.5,-5.894536990910637e-14
5.498716414740929,-21.343686905507933,9.500000000000004,2.000000000000001,2.4999999999999996,-4.210383564936169e-14
5.497696709813864,-21.33372896966148,9.500000000000002,2.000000000000001,2.5000000000000004,-5.894536990910637e-14
5.49667699262033,-21.323771039494652,9.500000000000002,2.0000000000000004,2.5,-4.210383564936169e-14
5.495657263016382,-21.313813115015463,9.5,2.000000000000001,2.5000000000000004,-5.0524602779234026e-14
5.4946375208580855,-21.30385519623196,9.500000000000002,2.000000000000001,2.5000000000000004,-3.368306851948935e-14
5.493617766001511,-21.293897283152198,9.5,2.0000000000000013,2.5000000000000004,-6.73661370389787e-14
5.492597998302721,-21.283939375784193,9.5,2.0000000000000013,2.500000000000001,-4.210383564936169e-14
5.491578217617782,-21.273981474135994,9.5,2.0000000000000018,2.500000000000001,-5.894536990910637e-14
5.490558423802759,-21.264023578215646,9.500000000000002,2.0000000000000004,2.5,-3.368306851948935e-14
5.489538616713723,-21.254065688031197,9.5,2.0000000000000013,2.500000000000001,-4.210383564936169e-14
5.488518796206743,-21.2441078035907,9.500000000000004,2.0000000000000004,2.4999999999999996,-3.368306851948935e-14
5.487498962137886,-21.234149924902187,9.500000000000002,2.0000000000000013,2.5,-4.210383564936169e-14
5.486479114363222,-21.224192051973713,9.500000000000004,2.0,2.4999999999999996,-4.210383564936169e-14
5.4854592527388215,-21.21423418481333,9.500000000000002,2.000000000000001,2.5,-4.210383564936169e-14
5.484439377120759,-21.204276323429102,9.5,2.0000000000000018,2.500000000000001,-3.368306851948935e-14
5.4834194873651,-21.19431846782905,9.500000000000002,2.0000000000000004,2.5,-5.0524602779234026e-14
5.482399583327923,-21.18436061802126,9.5,2.0000000000000013,2.500000000000001,-4.210383564936169e-14
5.481379664865298,-21.17440277401376,9.5,2.000000000000001,2.5000000000000004,-3.789345208442552e-14
5.480359731833301,-21.16444493581464,9.5,2.0000000000000013,2.5000000000000004,-4.631421921429786e-14
5.479339784088005,-21.154487103431926,9.500000000000002,2.000000000000001,2.5,-5.0524602779234026e-14
5.478319821485488,-21.1445292768737,9.500000000000002,2.0000000000000004,2.5,-3.789345208442552e-14
5.4772998438818234,-21.13457145614802,9.500000000000002,2.0000000000000004,2.5,-5.4734986344170195e-14
5.476279851133089,-21.124613641262943,9.500000000000004,2.0,2.499999999999999,-5.4734986344170195e-14
5.475259843095364,-21.114655832226546,9.5,2.000000000000001,2.5000000000000004,-5.894536990910637e-14
5.4742398196247235,-21.104698029046865,9.500000000000002,2.000000000000001,2.5000000000000004,-3.368306851948935e-14
5.473219780577249,-21.094740231732008,9.5,2.0000000000000013,2.500000000000001,-4.631421921429786e-14
5.472199725809018,-21.084782440290006,9.500000000000002,2.000000000000001,2.5,-4.210383564936169e-14
