galstreams/tracks/track.st.AAU-ATLAS.li2021.ecsv
# %ECSV 0.9
# ---
# datatype:
# - {name: ra, unit: deg, datatype: float64}
# - {name: dec, unit: deg, datatype: float64}
# - {name: distance, unit: kpc, datatype: float64}
# - {name: pm_ra_cosdec, unit: mas / yr, datatype: float64}
# - {name: pm_dec, unit: mas / yr, datatype: float64}
# - {name: radial_velocity, unit: km / s, datatype: float64}
# delimiter: ','
# meta: !!omap
# - __serialized_columns__:
#     dec:
#       __class__: astropy.coordinates.angles.Latitude
#       unit: &id001 !astropy.units.Unit {unit: deg}
#       value: !astropy.table.SerializedColumn {name: dec}
#     distance:
#       __class__: astropy.coordinates.distances.Distance
#       unit: !astropy.units.Unit {unit: kpc}
#       value: !astropy.table.SerializedColumn {name: distance}
#     pm_dec:
#       __class__: astropy.units.quantity.Quantity
#       unit: !astropy.units.Unit {unit: mas / yr}
#       value: !astropy.table.SerializedColumn {name: pm_dec}
#     pm_ra_cosdec:
#       __class__: astropy.units.quantity.Quantity
#       unit: !astropy.units.Unit {unit: mas / yr}
#       value: !astropy.table.SerializedColumn {name: pm_ra_cosdec}
#     ra:
#       __class__: astropy.coordinates.angles.Longitude
#       unit: *id001
#       value: !astropy.table.SerializedColumn {name: ra}
#       wrap_angle: !astropy.coordinates.Angle
#         unit: *id001
#         value: 360.0
#     radial_velocity:
#       __class__: astropy.units.quantity.Quantity
#       unit: !astropy.units.Unit {unit: km / s}
#       value: !astropy.table.SerializedColumn {name: radial_velocity}
# schema: astropy-2.0
ra,dec,distance,pm_ra_cosdec,pm_dec,radial_velocity
[from data line 1369]
21.405090481721135,-27.833029307696147,21.975247963003067,-0.04425034719530263,-0.9455077789456172,-101.89902352431028
21.414370724619783,-27.838769398934918,21.97828729921315,-0.04393715491941391,-0.9454105146234424,-101.85637290230176
21.42365135863723,-27.8445097001409,21.98132789448992,-0.043624147881158426,-0.9453131137346258,-101.81371023025056
21.432932384124474,-27.8502502112309,21.98436974883336,-0.043311326111237836,-0.9452155763089691,-101.7710355081567
21.442213801432604,-27.855990932121678,21.987412862243477,-0.042998689640357746,-0.9451179023762961,-101.72834873602024
21.451495610912794,-27.861731862729993,21.990457234720278,-0.04268623849922876,-0.945020091966451,-101.6856499138411
21.460777812916312,-27.8674730029726,21.993502866263757,-0.04237397271856724,-0.9449221451093017,-101.64293904161937
21.47006040779452,-27.873214352766222,21.996549756873915,-0.042061892329093076,-0.9448240618347362,-101.60021611935494
21.479343395898855,-27.87895591202756,21.999597906550747,-0.04174999736153212,-0.9447258421726646,-101.5574811470479
21.48862677758085,-27.884697680673312,22.00264731529426,-0.041438287846614685,-0.944627486153018,-101.51473412469822
21.49791055319212,-27.890439658620156,22.005697983104454,-0.04112676381507574,-0.9445289938057503,-101.47197505230594
21.507194723084393,-27.896181845784756,22.00874990998133,-0.040815425297655084,-0.9444303651608358,-101.42920392987098
21.516479287609453,-27.901924242083755,22.011803095924876,-0.04050427232509812,-0.944331600248272,-101.38642075739331
21.525764247119195,-27.907666847433777,22.01485754093509,-0.040193304928153706,-0.9442326990980767,-101.34362553487306
21.535049601965582,-27.913409661751427,22.017913245011997,-0.03988252313757695,-0.9441336617402891,-101.30081826231017
21.544335352500696,-27.919152684953314,22.020970208155585,-0.03957192698412715,-0.9440344882049718,-101.25799893970465
21.553621499076677,-27.924895916956007,22.024028430365846,-0.03926151649856746,-0.9439351785222074,-101.21516756705648
21.56290804204578,-27.930639357676075,22.02708791164278,-0.038951291711667946,-0.943835732722101,-101.17232414436565
21.572194981760326,-27.93638300703005,22.0301486519864,-0.03864125265420171,-0.9437361508347785,-101.12946867163222
21.58148231857275,-27.942126864934473,22.033210651396693,-0.03833139935694768,-0.9436364328903888,-101.0866011488561
21.59077005283554,-27.947870931305854,22.036273909873668,-0.03802173185068858,-0.9435365789191013,-101.04372157603734
21.600058184901307,-27.953615206060665,22.039338427417327,-0.037712250166213324,-0.9434365889511067,-101.00082995317598
21.609346715122747,-27.959359689115416,22.042404204027655,-0.03740295433431373,-0.9433364630166197,-100.9579262802719
21.618635643852627,-27.965104380386553,22.045471239704668,-0.03709384438578839,-0.9432362011458745,-100.91501055732525
21.627924971443814,-27.970849279790514,22.048539534448352,-0.036784920351439376,-0.9431358033691273,-100.87208278433599
21.63721469824927,-27.976594387243736,22.051609088258722,-0.03647618226207372,-0.9430352697166562,-100.82914296130403
21.646504824622024,-27.982339702662625,22.054679901135763,-0.03616763014850377,-0.9429346002187616,-100.78619108822942
21.655795350915234,-27.988085225963573,22.057751973079483,-0.035859264041546046,-0.9428337949057645,-100.74322716511217
21.665086277482104,-27.993830957062958,22.060825304089885,-0.035551083972022,-0.942732853808008,-100.70025119195223
21.67437760467595,-27.999576895877137,22.063899894166966,-0.03524308997075809,-0.9426317769558573,-100.65726316874976
21.683669332850183,-28.00532304232245,22.06697574331072,-0.03493528206858498,-0.9425305643796993,-100.61426309550463
21.69296146235829,-28.01106939631524,22.07005285152116,-0.034627660296338514,-0.9424292161099416,-100.57125097221677
21.702253993553843,-28.016815957771787,22.073131218798274,-0.034320224684859124,-0.9423277321770145,-100.52822679888634
21.711546926790525,-28.022562726608403,22.076210845142064,-0.034012975264992085,-0.9422261126113693,-100.48519057551326
21.720840262422087,-28.02830970274135,22.079291730552537,-0.033705912067587274,-0.9421243574434801,-100.44214230209757
21.73013400080239,-28.034056886086884,22.08237387502969,-0.033399035123499066,-0.9420224667038408,-100.39908197863917
21.739428142285355,-28.039804276561256,22.085457278573514,-0.03309234446358733,-0.941920440422969,-100.35600960513815
21.74872268722503,-28.04555187408067,22.08854194118402,-0.03278584011871538,-0.9418182786314031,-100.31292518159451
21.758017635975527,-28.05129967856135,22.091627862861202,-0.03247952211975225,-0.9417159813597031,-100.26982870800825
21.767312988891042,-28.057047689919465,22.09471504360507,-0.032173390497571897,-0.9416135486384503,-100.22672018437923
21.776608746325895,-28.0627959080712,22.097803483415603,-0.03186744528305174,-0.9415109804982496,-100.18359961070766
21.78590490863445,-28.068544332932692,22.100893182292825,-0.031561686507075026,-0.941408276969725,-100.14046698699346
21.795201476171208,-28.074292964420096,22.103984140236722,-0.031256114200528595,-0.9413054380835242,-100.09732231323659
21.80449844929071,-28.080041802449504,22.1070763572473,-0.03095072839430557,-0.9412024638703151,-100.05416558943706
21.81379582834764,-28.085790846937037,22.11016983332455,-0.030645529119301962,-0.9410993543607897,-100.01099681559494
21.82309361369673,-28.091540097798763,22.113264568468487,-0.030340516406419823,-0.9409961095856584,-99.96781599171014
21.832391805692815,-28.097289554950756,22.116360562679098,-0.030035690286564835,-0.9408927295756564,-99.92462311778273
21.84169040469083,-28.103039218309053,22.11945781595639,-0.029731050790648802,-0.9407892143615384,-99.88141819381266
21.850989411045788,-28.108789087789706,22.12255632830036,-0.029426597949585964,-0.9406855639740825,-99.83820121979997
21.860288825112796,-28.1145391633087,22.125656099711,-0.029122331794297185,-0.9405817784440873,-99.7949721957446
21.86958864724706,-28.120289444782042,22.128757130188323,-0.028818252355706953,-0.9404778578023738,-99.75173112164659
21.878888877803856,-28.126039932125703,22.13185941973233,-0.02851435966474486,-0.9403738020797849,-99.70847799750594
21.888189517138567,-28.131790625255654,22.13496296834301,-0.02821065375234449,-0.9402696113071843,-99.66521282332266
21.89749056560666,-28.13754152408782,22.138067776020367,-0.027907134649444828,-0.9401652855154585,-99.62193559909674
21.90679202356369,-28.143292628538127,22.141173842764406,-0.027603802386989396,-0.940060824735515,-99.5786463248282
21.916093891365303,-28.149043938522492,22.14428116857512,-0.027300656995926154,-0.9399562289982839,-99.53534500051695
21.925396169367247,-28.15479545395678,22.14738975345252,-0.026997698507206902,-0.9398514983347153,-99.49203162616313
21.934698857925348,-28.160547174756882,22.150499597396593,-0.026694926951789155,-0.9397466327757833,-99.44870620176663
21.944001957395525,-28.16629910083865,22.153610700407338,-0.02639234236063459,-0.939641632352483,-99.40536872732748
21.953305468133784,-28.172051232117894,22.15672306248477,-0.02608994476470977,-0.9395364970958298,-99.36201920284574
21.96260939049623,-28.177803568510445,22.15983668362888,-0.0257877341949847,-0.9394312270368627,-99.31865762832132
21.971913724839045,-28.183556109932102,22.162951563839666,-0.025485710682436047,-0.9393258222066418,-99.27528400375427
21.981218471518524,-28.189308856298634,22.166067703117125,-0.025183874258043026,-0.9392202826362495,-99.23189832914458
21.990523630891026,-28.195061807525814,22.16918510146127,-0.024882224952790688,-0.9391146083567883,-99.18850060449223
21.999829203313027,-28.20081496352938,22.172303758872093,-0.0245807627976678,-0.9390087993993841,-99.14509082979725
22.00913518914107,-28.20656832422506,22.17542367534959,-0.0242794878236684,-0.9389028557951848,-99.10166900505959
22.018441588731804,-28.212321889528553,22.178544850893765,-0.023978400061790583,-0.9387967775753585,-99.05823513027937
22.027748402441958,-28.218075659355545,22.18166728550462,-0.023677499543037883,-0.938690564771096,-99.01478920545645
22.037055630628362,-28.223829633621715,22.184790979182154,-0.023376786298416774,-0.9385842174136103,-98.97133123059093
22.046363273647927,-28.229583812242705,22.18791593192637,-0.023076260358939893,-0.9384777355341348,-98.92786120568269
22.055671331857663,-28.23533819513415,22.191042143737263,-0.022775921755623596,-0.9383711191639266,-98.88437913073189
22.064979805614673,-28.241092782211677,22.194169614614832,-0.022475770519488847,-0.9382643683342633,-98.84088500573839
22.07428869527614,-28.246847573390866,22.197298344559076,-0.022175806681560883,-0.938157483076445,-98.7973788307023
22.083598001199345,-28.252602568587307,22.20042833357,-0.021876030272870328,-0.9380504634217921,-98.75386060562353
22.09290772374165,-28.258357767716547,22.203559581647607,-0.021576441324451523,-0.9379433094016488,-98.71033033050215
22.10221786326053,-28.264113170694138,22.20669208879189,-0.02127703986734336,-0.9378360210473794,-98.66678800533813
22.111528420113533,-28.269868777435597,22.209825855002844,-0.020977825932590233,-0.9377285983903718,-98.62323363013141
22.120839394658297,-28.275624587856424,22.212960880280487,-0.02067879955123958,-0.9376210414620338,-98.57966720488211
22.130150787252564,-28.28138060187211,22.21609716462481,-0.02037996075434384,-0.9375133502937965,-98.53608872959013
22.139462598254156,-28.28713681939813,22.2192347080358,-0.020081309572960948,-0.9374055249171125,-98.49249820425555
22.14877482802099,-28.292893240349905,22.222373510513478,-0.019782846038151614,-0.9372975653634544,-98.44889562887826
22.158087476911074,-28.29864986464289,22.22551357205783,-0.019484570180982486,-0.9371894716643201,-98.4052810034584
22.167400545282515,-28.30440669219249,22.228654892668864,-0.019186482032524044,-0.9370812438512264,-98.36165432799588
22.1767140334935,-28.31016372291408,22.23179747234657,-0.018888581623851042,-0.9369728819557125,-98.31801560249069
22.186027941902303,-28.315920956723048,22.234941311090957,-0.01859086898604334,-0.9368643860093404,-98.2743648269429
22.1953422708673,-28.321678393534746,22.238086408902028,-0.018293344150184465,-0.9367557560436934,-98.23070200135243
22.204657020746964,-28.32743603326451,22.241232765779767,-0.017996007147363158,-0.936646992090377,-98.18702712571933
22.213972191899853,-28.333193875827654,22.244380381724188,-0.01769885800867227,-0.9365380941810172,-98.14334020004358
22.223287784684604,-28.338951921139465,22.247529256735298,-0.017401896765208924,-0.9364290623472629,-98.0996412243252
22.23260379945996,-28.34471016911524,22.250679390813072,-0.017105123448075243,-0.9363198966207851,-98.0559301985642
22.241920236584754,-28.350468619670224,22.25383078395753,-0.01680853808837679,-0.9362105970332762,-98.01220712276051
22.251237096417913,-28.356227272719668,22.256983436168664,-0.016512140717224677,-0.9361011636164503,-97.96847199691422
22.26055437931844,-28.36198612817877,22.26013734744648,-0.01621593136573396,-0.9359915964020435,-97.9247248210253
22.269872085645453,-28.36774518596276,22.26329251779097,-0.015919910065023635,-0.935881895421814,-97.88096559509366
22.279190215758135,-28.373504445986804,22.266448947202143,-0.015624076846218138,-0.9357720607075415,-97.83719431911946
22.288508770015795,-28.379263908166074,22.26960663567999,-0.015328431740445294,-0.9356620922910277,-97.79341099310257
22.297827748777795,-28.385023572415708,22.27276558322452,-0.015032974778838304,-0.9355519902040962,-97.74961561704306
22.30714715240362,-28.390783438650832,22.275925789835725,-0.014737705992533712,-0.9354417544785922,-97.70580819094093
22.316466981252827,-28.396543506786557,22.279087255513605,-0.014442625412673549,-0.9353313851463837,-97.66198871479614
22.325787235685077,-28.402303776737963,22.282249980258175,-0.014147733070402957,-0.9352208822393584,-97.61815718860866
22.335107916060117,-28.40806424842012,22.285413964069413,-0.013853028996872851,-0.935110245789429,-97.57431361237857
22.344429022737785,-28.41382492174807,22.288579206947333,-0.013558513223237978,-0.9349994758285272,-97.53045798610589
22.353750556078023,-28.419585796636856,22.291745708891934,-0.013264185780656579,-0.934888572388608,-97.48659030979054
22.363072516440848,-28.42534687300148,22.294913469903204,-0.012970046700292559,-0.9347775355016488,-97.4427105834325
22.372394904186375,-28.431108150756927,22.29808248998116,-0.012676096013313765,-0.9346663651996471,-97.39881880703187
22.38171771967481,-28.43686962981816,22.3012527691258,-0.012382333750892316,-0.9345550615146236,-97.35491498058859
22.391040963266466,-28.442631310100147,22.304424307337104,-0.012088759944204108,-0.9344436244786212,-97.31099910410265
22.40036463532173,-28.448393191517805,22.307597104615088,-0.011795374624430477,-0.9343320541237035,-97.26707117757408
22.409688736201073,-28.45415527398605,22.310771160959764,-0.011502177822756698,-0.9342203504819564,-97.22313120100289
22.419013266265097,-28.459917557419786,22.313946476371104,-0.011209169570371713,-0.9341085135854881,-97.17917917438903
22.428338225874455,-28.465680041733865,22.31712305084913,-0.010916349898469735,-0.9339965434664288,-97.13521509773256
22.437663615389916,-28.47144272684315,22.320300884393834,-0.010623718838248752,-0.93388444015693,-97.09123897103338
22.44698943517233,-28.477205612662473,22.32347997700522,-0.01033127642091164,-0.9337722036891651,-97.0472507942916
22.456315685582652,-28.482968699106646,22.32666032868327,-0.010039022677664378,-0.9336598340953303,-97.00325056750717
22.46564236698191,-28.488731986090457,22.32984193942801,-0.00974695763971889,-0.9335473314076426,-96.9592382906801
22.474969479731236,-28.494495473528676,22.33302480923943,-0.009455081338290205,-0.933434695658341,-96.91521396381043
22.484297024191864,-28.50025916133608,22.336208938117522,-0.009163393804598352,-0.9333219268796877,-96.87117758689804
22.493625000725103,-28.50602304942737,22.339394326062294,-0.008871895069866853,-0.9332090251039658,-96.8271291599431
22.50295340969237,-28.51178713771728,22.342580973073744,-0.008580585165324395,-0.9330959903634799,-96.78306868294545
22.512282251455158,-28.517551426120512,22.345768879151873,-0.008289464122203383,-0.9329828226905578,-96.73899615590518
22.52161152637506,-28.523315914551713,22.34895804429668,-0.007998531971741163,-0.9328695221175475,-96.69491157882226
22.53094123481377,-28.52908060292555,22.35214846850817,-0.00770778874517819,-0.9327560886768207,-96.65081495169672
22.540271377133077,-28.534845491156663,22.35534015178633,-0.007417234473760359,-0.9326425224007704,-96.60670627452853
22.549601953694832,-28.54061057915966,22.358533094131175,-0.007126869188737006,-0.9325288233218106,-96.56258554731772
22.558932964861018,-28.546375866849125,22.36172729554269,-0.006836692921362408,-0.9324149914723794,-96.51845277006423
22.56826441099368,-28.552141354139643,22.364922756020892,-0.006546705702894728,-0.9323010268849337,-96.4743079427681
22.577596292454977,-28.557907040945764,22.368119475565774,-0.006256907564596681,-0.9321869295919549,-96.43015106542934
22.586928609607156,-28.563672927182015,22.371317454177326,-0.005967298537734311,-0.9320726996259463,-96.38598213804795
22.596261362812555,-28.569439012762924,22.37451669185556,-0.005677878653578938,-0.9319583370194318,-96.34180116062389
22.605594552433587,-28.57520529760296,22.377717188600474,-0.005388647943406266,-0.931843841804957,-96.29760813315723
22.614928178832788,-28.580971781616608,22.38091894441207,-0.005099606438495052,-0.9317292140150915,-96.25340305564792
22.624262242372783,-28.58673846471833,22.384121959290333,-0.004810754170129217,-0.9316144536824262,-96.20918592809592
22.63359674341627,-28.59250534682254,22.38732623323528,-0.004522091169596176,-0.931499560839572,-96.16495675050132
22.642931682326044,-28.598272427843654,22.39053176624691,-0.004233617468188844,-0.9313845355191637,-96.12071552286406
22.652267059465018,-28.604039707696067,22.393738558325214,-0.003945333097202908,-0.9312693777538578,-96.07646224518415
