galstreams/tracks/track.st.Gaia-9.ibata2021.ecsv
# %ECSV 0.9
# ---
# datatype:
# - {name: ra, unit: deg, datatype: float64}
# - {name: dec, unit: deg, datatype: float64}
# - {name: distance, unit: kpc, datatype: float64}
# - {name: pm_ra_cosdec, unit: mas / yr, datatype: float64}
# - {name: pm_dec, unit: mas / yr, datatype: float64}
# - {name: radial_velocity, unit: km / s, datatype: float64}
# delimiter: ','
# meta: !!omap
# - __serialized_columns__:
#     dec:
#       __class__: astropy.coordinates.angles.Latitude
#       unit: &id001 !astropy.units.Unit {unit: deg}
#       value: !astropy.table.SerializedColumn {name: dec}
#     distance:
#       __class__: astropy.coordinates.distances.Distance
#       unit: !astropy.units.Unit {unit: kpc}
#       value: !astropy.table.SerializedColumn {name: distance}
#     pm_dec:
#       __class__: astropy.units.quantity.Quantity
#       unit: !astropy.units.Unit {unit: mas / yr}
#       value: !astropy.table.SerializedColumn {name: pm_dec}
#     pm_ra_cosdec:
#       __class__: astropy.units.quantity.Quantity
#       unit: !astropy.units.Unit {unit: mas / yr}
#       value: !astropy.table.SerializedColumn {name: pm_ra_cosdec}
#     ra:
#       __class__: astropy.coordinates.angles.Longitude
#       unit: *id001
#       value: !astropy.table.SerializedColumn {name: ra}
#       wrap_angle: !astropy.coordinates.Angle
#         unit: *id001
#         value: 360.0
#     radial_velocity:
#       __class__: astropy.units.quantity.Quantity
#       unit: !astropy.units.Unit {unit: km / s}
#       value: !astropy.table.SerializedColumn {name: radial_velocity}
# schema: astropy-2.0
ra,dec,distance,pm_ra_cosdec,pm_dec,radial_velocity
[from data line 139]
222.53033979957993,69.69572222184573,3.8476168218985114,-16.464185651132542,7.020048934220981,1.0946997268834039e-13
222.548492396477,69.6877066497407,3.848067538636097,-16.460003748204166,7.022456258370564,1.347322740779574e-13
222.56663671451102,69.67969098942693,3.8485175493025863,-16.455819404156504,7.024859387710916,1.8525687685719145e-13
222.584772758366,69.67167523922859,3.848966855313704,-16.45163262388888,7.027258322463814,1.4315304120782974e-13
222.60290053271058,69.66365939747098,3.8494154580851725,-16.447443412300697,7.029653062852963,1.515738083377021e-13
222.6210200421989,69.65564346248028,3.8498633590327116,-16.44325177429137,7.0320436091041705,1.515738083377021e-13
222.63913129146977,69.64762743258392,3.8503105595720455,-16.439057714760374,7.034429961445155,1.4315304120782974e-13
222.6572342851472,69.63961130611027,3.8507570611188964,-16.43486123860723,7.036812120105665,1.8525687685719145e-13
222.6753290278403,69.6315950813888,3.8512028650889856,-16.43066235073148,7.039190085317456,1.1789073981821273e-13
222.69341552414357,69.62357875674998,3.851647972898037,-16.426461056032675,7.041563857314362,1.6841534259744677e-13
222.71149377863654,69.61556233052538,3.8520923859617695,-16.422257359410416,7.043933436332214,1.347322740779574e-13
222.72956379588393,69.60754580104768,3.8525361056959095,-16.41805126576429,7.046298822608848,1.6841534259744677e-13
222.7476255804358,69.59952916665057,3.8529791335161767,-16.41384277999393,7.0486600163841935,1.347322740779574e-13
222.7656791368278,69.59151242566878,3.8534214708382946,-16.409631906998932,7.051017017900277,1.6841534259744677e-13
222.78372446958068,69.58349557643815,3.853863119077984,-16.40541865167892,7.053369827401142,1.1789073981821273e-13
222.80176158320063,69.57547861729562,3.854304079650969,-16.401203018933504,7.0557184451328805,1.8525687685719145e-13
222.8197904821794,69.56746154657911,3.85474435397297,-16.396985013662288,7.05806287134374,1.347322740779574e-13
222.83781117099406,69.55944436262774,3.85518394345971,-16.392764640764867,7.060403106283968,1.5999457546757442e-13
222.85582365410752,69.55142706378157,3.8556228495269114,-16.388541905140784,7.062739150206037,1.515738083377021e-13
222.873827935968,69.54340964838181,3.8560610735902974,-16.384316811689594,7.065071003364418,2.020984111169361e-13
222.89182402100943,69.53539211477076,3.8564986170655886,-16.380089365310802,7.067398666015753,1.5999457546757442e-13
222.90981191365134,69.52737446129176,3.856935481368508,-16.375859570903884,7.069722138418783,1.515738083377021e-13
222.92779161829887,69.51935668628931,3.8573716679147765,-16.37162743336829,7.0720414208343385,1.8525687685719145e-13
222.94576313934323,69.51133878810884,3.8578071781201198,-16.367392957603364,7.074356513525528,1.4315304120782974e-13
222.96372648116102,69.50332076509703,3.8582420134002575,-16.363156148508477,7.076667416757463,1.8525687685719145e-13
222.98168164811483,69.49530261560155,3.8586761751709115,-16.3589170109829,7.078974130797479,1.4315304120782974e-13
222.99962864455296,69.48728433797125,3.8591096648478054,-16.354675549925865,7.08127665591503,1.2631150694808508e-13
223.01756747480982,69.47926593055594,3.8595424838466608,-16.350431770236497,7.083574992381809,1.1789073981821273e-13
223.03549814320556,69.4712473917066,3.859974633583201,-16.346185676813896,7.085869140471632,1.2631150694808508e-13
223.0534206540463,69.46322871977534,3.8604061154731455,-16.34193727455707,7.088159100460516,1.347322740779574e-13
223.07133501162406,69.45520991311534,3.8608369309322197,-16.337686568364944,7.09044487262663,1.2631150694808508e-13
223.08924122021727,69.44719097008081,3.8612670813761443,-16.333433563136346,7.092726457250453,1.6841534259744677e-13
223.10713928409007,69.43917188902712,3.861696568220642,-16.32917826377003,7.095003854614579,1.5999457546757442e-13
223.1250292074928,69.43115266831076,3.862125392881434,-16.324920675164645,7.0972770650038255,1.6841534259744677e-13
223.14291099466195,69.42313330628927,3.862553556774244,-16.320660802218732,7.099546088705255,1.5999457546757442e-13
223.16078464982013,69.41511380132141,3.8629810613147937,-16.31639864983076,7.101810926008129,1.347322740779574e-13
223.17865017717645,69.40709415176686,3.863407907918807,-16.312134222899022,7.104071577204037,1.768361097273191e-13
223.19650758092598,69.39907435598653,3.8638340980020027,-16.30786752632175,7.106328042586713,1.0946997268834039e-13
223.21435686525012,69.39105441234244,3.8642596329801053,-16.30359856499704,7.108580322452173,1.4315304120782974e-13
223.23219803431675,69.3830343191977,3.8646845142688364,-16.299327343822853,7.110828417098722,1.1789073981821273e-13
223.25003109227984,69.37501407491658,3.865108743283918,-16.295053867697042,7.113072326826863,1.4315304120782974e-13
223.26785604328026,69.36699367786431,3.865532321441073,-16.290778141517276,7.115312051939493,1.347322740779574e-13
223.28567289144485,69.35897312640742,3.8659552501560235,-16.286500170181107,7.117547592741683,1.4315304120782974e-13
223.3034816408871,69.35095241891348,3.866377530844493,-16.28221995858596,7.119778949540832,1.515738083377021e-13
223.3212822957069,69.3429315537512,3.866799164922201,-16.277937511629105,7.122006122646614,1.5999457546757442e-13
223.3390748599911,69.33491052929033,3.867220153804871,-16.273652834207603,7.124229112371066,1.515738083377021e-13
223.3568593378127,69.32688934390184,3.867640498908227,-16.26936593121841,7.126447919028488,1.2631150694808508e-13
223.37463573323143,69.3188679959578,3.868060201647989,-16.2650768075583,7.128662542935482,1.4315304120782974e-13
223.3924040502936,69.31084648383143,3.8684792634398786,-16.26078546812389,7.130872984410976,1.347322740779574e-13
223.41016429303266,69.30282480589698,3.868897685699621,-16.256491917811548,7.133079243776316,1.2631150694808508e-13
223.42791646546831,69.2948029605299,3.8693154698429373,-16.252196161517553,7.135281321355088,1.0946997268834039e-13
223.4456605716072,69.28678094610683,3.8697326172855484,-16.247898204137947,7.1374792174732535,1.347322740779574e-13
223.46339661544272,69.27875876100542,3.870149129443177,-16.243598050568593,7.139672932459133,1.347322740779574e-13
223.48112460095504,69.27073640360457,3.8705650077315465,-16.23929570570516,7.141862466643362,1.5999457546757442e-13
223.49884453211163,69.2627138722842,3.8709802535663798,-16.23499117444308,7.144047820359059,1.515738083377021e-13
223.51655641286638,69.25469116542543,3.871394868363396,-16.230684461677637,7.146228993941614,1.2631150694808508e-13
223.53426024716032,69.24666828141052,3.8718088535383197,-16.22637557230386,7.148405987728801,1.347322740779574e-13
223.55195603892142,69.23864521862289,3.872222210506874,-16.22206451121656,7.150578802060808,1.0946997268834039e-13
223.56964379206462,69.23062197544708,3.872634940684778,-16.217751283310378,7.1527474372801905,1.1789073981821273e-13
223.58732351049218,69.2225985502687,3.873047045487756,-16.213435893479648,7.154911893731963,1.0946997268834039e-13
223.6049951980932,69.21457494147462,3.873458526331531,-16.209118346618528,7.157072171763493,1.2631150694808508e-13
223.62265885874393,69.2065511474528,3.8738693846318233,-16.204798647620922,7.159228271724567,1.0946997268834039e-13
223.64031449630767,69.1985271665924,3.874279621804357,-16.200476801380507,7.161380193967368,1.2631150694808508e-13
223.65796211463532,69.19050299728359,3.8746892392648533,-16.19615281279068,7.163527938846596,1.4315304120782974e-13
223.67560171756463,69.18247863791784,3.8750982384290342,-16.19182668674461,7.1656715067192955,6.73661370389787e-14
223.69323330892067,69.17445408688772,3.8755066207126223,-16.18749842813521,7.167810897944976,1.347322740779574e-13
223.7108568925158,69.16642934258695,3.87591438753134,-16.183168041855133,7.169946112885567,1.4315304120782974e-13
223.72847247215,69.15840440341037,3.8763215403009106,-16.178835532796736,7.172077151905537,1.0104920555846805e-13
223.74608005161022,69.15037926775405,3.876728080437054,-16.17450090585214,7.174204015371715,1.515738083377021e-13
223.76367963467104,69.14235393401513,3.8771340093554936,-16.17016416591317,7.176326703653445,1.2631150694808508e-13
223.78127122509434,69.134328400592,3.8775393284719533,-16.165825317871374,7.178445217122527,8.420767129872338e-14
223.79885482662948,69.1263026658842,3.8779440392021525,-16.161484366618037,7.1805595561532165,1.515738083377021e-13
223.81643044301364,69.11827672829229,3.8783481429618156,-16.15714131704408,7.182669721122338,7.578690416885104e-14
223.83399807797107,69.11025058621817,3.878751641166664,-16.15279617404021,7.18477571240911,1.0946997268834039e-13
223.85155773521385,69.10222423806482,3.879154535232418,-16.1484489424968,7.186877530395286,1.4315304120782974e-13
223.86910941844158,69.09419768223643,3.8795568265748037,-16.144099627303895,7.188975175465135,1.5999457546757442e-13
223.8866531313415,69.08617091713833,3.8799585166095425,-16.139748233351266,7.191068648005372,1.6841534259744677e-13
223.90418887758867,69.07814394117696,3.880359606752353,-16.135394765528343,7.193157948405354,1.1789073981821273e-13
223.92171666084565,69.07011675276003,3.8807600984189623,-16.131039228724227,7.195243077056826,1.515738083377021e-13
223.93923648476286,69.06208935029635,3.8811599930250895,-16.12668162782773,7.197324034354141,1.6841534259744677e-13
223.95674835297834,69.054061732196,3.881559291986458,-16.122321967727302,7.199400820694123,1.1789073981821273e-13
223.9742522691182,69.04603389687009,3.8819579967187896,-16.117960253311054,7.201473436476218,9.262843842859572e-14
223.99174823679618,69.03800584273098,3.882356108637807,-16.11359648946678,7.203541882102341,1.0946997268834039e-13
224.00923625961394,69.02997756819225,3.8827536291592324,-16.1092306810819,7.205606157976999,1.4315304120782974e-13
224.02671634116103,69.0219490716686,3.883150559698787,-16.104862833043512,7.207666264507238,1.0946997268834039e-13
224.04418848501484,69.01392035157596,3.883546901672195,-16.10049295023835,7.209722202102643,1.768361097273191e-13
224.06165269474107,69.00589140633134,3.8839426564951776,-16.096121037552752,7.211773971175456,1.4315304120782974e-13
224.0791089738931,68.99786223435301,3.884337825583457,-16.091747099872734,7.213821572140409,1.515738083377021e-13
224.09655732601246,68.98983283406042,3.8847324103527554,-16.08737114208393,7.215865005414845,1.0946997268834039e-13
224.11399775462854,68.98180320387425,3.885126412218795,-16.08299316907161,7.217904271418653,1.1789073981821273e-13
224.1314302632593,68.9737733422162,3.885519832597298,-16.07861318572062,7.219939370574409,1.1789073981821273e-13
224.14885485541038,68.96574324750934,3.8859126729039875,-16.074231196915456,7.2219703033072085,8.420767129872338e-14
224.1662715345758,68.95771291817783,3.8863049345545857,-16.069847207540228,7.223997070044752,1.515738083377021e-13
224.1836803042377,68.94968235264706,3.8866966189648138,-16.065461222478636,7.2260196712173865,1.0104920555846805e-13
224.2010811678664,68.94165154934362,3.887087727550394,-16.061073246613997,7.228038107258009,1.5999457546757442e-13
224.21847412892075,68.93362050669519,3.8874782617270487,-16.056683284829184,7.230052378602263,1.0946997268834039e-13
224.23585919084758,68.92558922313076,3.8878682229105013,-16.05229134200671,7.232062485688282,1.515738083377021e-13
224.25323635708216,68.91755769708047,3.8882576125164734,-16.04789742302864,7.234068428956905,1.1789073981821273e-13
224.27060563104806,68.90952592697572,3.8886464319606873,-16.043501532776645,7.236070208851553,1.347322740779574e-13
224.28796701615747,68.90149391124895,3.8890346826588647,-16.039103676131937,7.2380678258183995,1.1789073981821273e-13
224.30532051581068,68.89346164833394,3.889422366026729,-16.034703857975327,7.240061280306131,1.5999457546757442e-13
224.3226661333967,68.88542913666562,3.8898094834800014,-16.03030208318718,7.242050572766182,1.0946997268834039e-13
224.34000387229275,68.87739637468012,3.890196036434405,-16.02589835664744,7.244035703652585,1.4315304120782974e-13
224.3573337358647,68.86936336081483,3.890582026305661,-16.0214926832356,7.246016673422061,1.515738083377021e-13
224.3746557274672,68.86133009350817,3.890967454509491,-16.017085067830674,7.24799348253406,1.1789073981821273e-13
224.39196985044308,68.85329657119998,3.8913523224616196,-16.012675515311262,7.249966131450604,1.2631150694808508e-13
224.409276108124,68.84526279233114,3.8917366315777686,-16.008264030555484,7.251934620636454,1.515738083377021e-13
224.42657450383012,68.8372287553439,3.892120383273659,-16.003850618441017,7.253898950559021,1.0946997268834039e-13
224.44386504087052,68.82919445868151,3.8925035789650133,-15.999435283845042,7.255859121688483,9.262843842859572e-14
224.46114772254276,68.8211599007886,3.892886220067554,-15.995018031644298,7.257815134497637,1.1789073981821273e-13
224.47842255213314,68.81312508011094,3.893268307997004,-15.990598866715022,7.259766989462002,1.4315304120782974e-13
224.49568953291686,68.80508999509549,3.893649844169084,-15.986177793932978,7.261714687059816,1.1789073981821273e-13
224.51294866815766,68.79705464419052,3.8940308299995183,-15.981754818173457,7.263658227771986,1.2631150694808508e-13
224.53019996110845,68.78901902584538,3.8944112669040276,-15.97732994431123,7.265597612082224,1.2631150694808508e-13
224.54744341501078,68.78098313851069,3.8947911562983344,-15.972903177220587,7.267532840476886,1.5999457546757442e-13
224.5646790330951,68.77294698063834,3.8951704995981613,-15.968474521775322,7.26946391344509,1.4315304120782974e-13
224.58190681858068,68.76491055068139,3.89554929821923,-15.964043982848722,7.27139083147863,7.578690416885104e-14
224.59912677467605,68.75687384709406,3.8959275535772644,-15.95961156531354,7.2733135950721435,1.0104920555846805e-13
224.6163389045784,68.74883686833189,3.8963052670879854,-15.955177274042036,7.275232204722916,1.0946997268834039e-13
224.63354321147406,68.74079961285157,3.8966824401671145,-15.950741113905963,7.277146660931017,1.2631150694808508e-13
224.6507396985384,68.73276207911105,3.8970590742303752,-15.946303089776508,7.279056964199266,1.515738083377021e-13
224.6679283689357,68.72472426556953,3.89743517069349,-15.941863206524362,7.280963115033199,1.1789073981821273e-13
224.68510922581962,68.71668617068731,3.8978107309721803,-15.937421469019663,7.282865113941209,1.5999457546757442e-13
224.70228227233278,68.70864779292603,3.898185756482168,-15.932977882132016,7.284762961434381,1.1789073981821273e-13
224.71944751160692,68.7006091307485,3.898560248639177,-15.928532450730476,7.286656658026562,1.0104920555846805e-13
224.7366049467629,68.69257018261885,3.8989342088589276,-15.92408517968358,7.288546204234385,1.347322740779574e-13
224.7537545809111,68.68453094700224,3.899307638557144,-15.919636073859246,7.2904316005773335,1.2631150694808508e-13
224.77089641715088,68.67649142236525,3.8996805391495464,-15.915185138124901,7.292312847577594,1.2631150694808508e-13
224.78803045857094,68.66845160717558,3.9000529120518577,-15.910732377347369,7.2941899457601735,1.0946997268834039e-13
224.80515670824923,68.66041149990224,3.9004247586798018,-15.906277796392914,7.296062895652858,1.0946997268834039e-13
224.82227516925303,68.65237109901545,3.900796080449099,-15.901821400127254,7.297931697786222,1.4315304120782974e-13
224.83938584463925,68.64433040298654,3.9011668787754727,-15.897363193415467,7.299796352693731,8.420767129872338e-14
224.85648873745384,68.63628941028826,3.901537155074644,-15.892903181122115,7.301656860911563,1.515738083377021e-13
224.87358385073233,68.62824811939444,3.901906910762336,-15.888441368111133,7.303513222978735,1.1789073981821273e-13
224.89067118749955,68.62020652878032,3.9022761472542724,-15.88397775924589,7.3053654394370735,1.0946997268834039e-13
224.90775075077016,68.61216463692213,3.9026448659661717,-15.879512359389135,7.307213510831299,7.578690416885104e-14
224.92482254354798,68.60412244229755,3.903013068313759,-15.875045173403025,7.309057437708852,1.2631150694808508e-13
224.94188656882645,68.59607994338539,3.9033807557127567,-15.870576206149114,7.3108972206200775,1.347322740779574e-13
