galstreams/tracks/track.st.Hermus.grillmair2014.ecsv
# %ECSV 1.0
# ---
# datatype:
# - {name: ra, unit: deg, datatype: float64}
# - {name: dec, unit: deg, datatype: float64}
# - {name: distance, unit: kpc, datatype: float64}
# - {name: pm_ra_cosdec, unit: mas / yr, datatype: float64}
# - {name: pm_dec, unit: mas / yr, datatype: float64}
# - {name: radial_velocity, unit: km / s, datatype: float64}
# delimiter: ','
# meta: !!omap
# - __serialized_columns__:
#     dec:
#       __class__: astropy.coordinates.angles.Latitude
#       unit: &id001 !astropy.units.Unit {unit: deg}
#       value: !astropy.table.SerializedColumn {name: dec}
#     distance:
#       __class__: astropy.coordinates.distances.Distance
#       unit: !astropy.units.Unit {unit: kpc}
#       value: !astropy.table.SerializedColumn {name: distance}
#     pm_dec:
#       __class__: astropy.units.quantity.Quantity
#       unit: !astropy.units.Unit {unit: mas / yr}
#       value: !astropy.table.SerializedColumn {name: pm_dec}
#     pm_ra_cosdec:
#       __class__: astropy.units.quantity.Quantity
#       unit: !astropy.units.Unit {unit: mas / yr}
#       value: !astropy.table.SerializedColumn {name: pm_ra_cosdec}
#     ra:
#       __class__: astropy.coordinates.angles.Longitude
#       unit: *id001
#       value: !astropy.table.SerializedColumn {name: ra}
#       wrap_angle: !astropy.coordinates.Angle
#         unit: *id001
#         value: 360.0
#     radial_velocity:
#       __class__: astropy.units.quantity.Quantity
#       unit: !astropy.units.Unit {unit: km / s}
#       value: !astropy.table.SerializedColumn {name: radial_velocity}
# schema: astropy-2.0
ra,dec,distance,pm_ra_cosdec,pm_dec,radial_velocity
[from data line 477]
245.44227855585322,9.776697990612636,19.119128297367624,0.0,0.0,0.0
245.44028523948688,9.78677977780464,19.11950787348839,0.0,0.0,0.0
245.43828603555502,9.796861799254698,19.119888501712033,0.0,0.0,0.0
245.43628095936225,9.806944054526577,19.120270172791276,0.0,0.0,0.0
245.43427002619973,9.817026543183305,19.120652877460106,0.0,0.0,0.0
245.43225325134472,9.82710926478716,19.121036606434362,0.0,0.0,0.0
245.43023065006105,9.837192218899697,19.12142135041243,0.0,0.0,0.0
245.42820223759875,9.84727540508174,19.121807100075877,0.0,0.0,0.0
245.4261680291942,9.857358822893405,19.12219384609008,0.0,0.0,0.0
245.42412804007014,9.867442471894066,19.12258157910486,0.0,0.0,0.0
245.42208228543564,9.877526351642357,19.122970289755116,0.0,0.0,0.0
245.420030780486,9.88761046169633,19.123359968661454,0.0,0.0,0.0
245.41797354040287,9.897694801613182,19.123750606430814,0.0,0.0,0.0
245.4159105803542,9.907779370949482,19.124142193657054,0.0,0.0,0.0
245.41384191549417,9.917864169261067,19.12453472092159,0.0,0.0,0.0
245.41176756096337,9.9279491961031,19.12492817879403,0.0,0.0,0.0
245.4096875318885,9.938034451030044,19.125322557832703,0.0,0.0,0.0
245.40760184338265,9.948119933595686,19.12571784858533,0.0,0.0,0.0
245.4055105105451,9.95820564335312,19.126114041589563,0.0,0.0,0.0
245.4034135484614,9.968291579854698,19.126511127373625,0.0,0.0,0.0
245.4013109722034,9.978377742652302,19.126909096456863,0.0,0.0,0.0
245.39920279682914,9.988464131296924,19.127307939350334,0.0,0.0,0.0
245.39708903738284,9.998550745338981,19.127707646557372,0.0,0.0,0.0
245.39496970889508,10.008637584328227,19.128108208574208,0.0,0.0,0.0
245.39284482638251,10.018724647813745,19.12850961589048,0.0,0.0,0.0
245.3907144048481,10.028811935343953,19.128911858989824,0.0,0.0,0.0
245.38857845928098,10.038899446466662,19.12931492835044,0.0,0.0,0.0
245.38643700465653,10.04898718072899,19.129718814445642,0.0,0.0,0.0
245.38429005593636,10.059075137677423,19.130123507744393,0.0,0.0,0.0
245.38213762806802,10.06916331685784,19.130528998711874,0.0,0.0,0.0
245.3799797359856,10.079251717815394,19.130935277810025,0.0,0.0,0.0
245.37781639460914,10.089340340094795,19.131342335498086,0.0,0.0,0.0
245.37564761884488,10.09942918323995,19.131750162233104,0.0,0.0,0.0
245.37347342358527,10.1095182467942,19.132158748470495,0.0,0.0,0.0
245.3712938237089,10.119607530300284,19.13256808466457,0.0,0.0,0.0
245.36910883408055,10.129697033300308,19.132978161269033,0.0,0.0,0.0
245.36691846955108,10.139786755335775,19.13338896873753,0.0,0.0,0.0
245.36472274495745,10.149876695947581,19.133800497524124,0.0,0.0,0.0
245.36252167512293,10.159966854676023,19.134212738083857,0.0,0.0,0.0
245.36031527485687,10.170057231060753,19.13462568087322,0.0,0.0,0.0
245.3581035589545,10.180147824640974,19.135039316350657,0.0,0.0,0.0
245.35588654219757,10.190238634955156,19.135453634977086,0.0,0.0,0.0
245.35366423935366,10.200329661541216,19.135868627216365,0.0,0.0,0.0
245.35143666517646,10.210420903936525,19.1362842835358,0.0,0.0,0.0
245.34920383440598,10.220512361677839,19.136700594406634,0.0,0.0,0.0
245.34696576176813,10.230604034301352,19.13711755030452,0.0,0.0,0.0
245.3447224619749,10.240695921342706,19.137535141709996,0.0,0.0,0.0
245.3424739497245,10.250788022336957,19.13795335910898,0.0,0.0,0.0
245.3402202397012,10.260880336818603,19.13837219299322,0.0,0.0,0.0
245.33796134657527,10.270972864321605,19.138791633860773,0.0,0.0,0.0
245.33569728500305,10.28106560437928,19.13921167221647,0.0,0.0,0.0
245.33342806962705,10.291158556524595,19.139632298572362,0.0,0.0,0.0
245.3311537150757,10.301251720289795,19.14005350344818,0.0,0.0,0.0
245.3288742359636,10.311345095206622,19.140475277371802,0.0,0.0,0.0
245.3265896468913,10.321438680806303,19.140897610879687,0.0,0.0,0.0
245.32429996244565,10.33153247661953,19.141320494517323,0.0,0.0,0.0
245.32200519719913,10.34162648217646,19.141743918839666,0.0,0.0,0.0
245.3197053657106,10.35172069700672,19.142167874411573,0.0,0.0,0.0
245.31740048252476,10.361815120639426,19.14259235180825,0.0,0.0,0.0
245.31509056217243,10.371909752603116,19.143017341615675,0.0,0.0,0.0
245.3127756191704,10.382004592425991,19.143442834431,0.0,0.0,0.0
245.31045566802158,10.392099639635566,19.14386882086301,0.0,0.0,0.0
245.30813072321482,10.402194893758905,19.144295291532522,0.0,0.0,0.0
245.30580079922484,10.412290354322579,19.144722237072802,0.0,0.0,0.0
245.30346591051264,10.422386020852661,19.145149648129987,0.0,0.0,0.0
245.30112607152506,10.432481892874724,19.145577515363463,0.0,0.0,0.0
245.29878129669487,10.442577969913875,19.146005829446317,0.0,0.0,0.0
245.296431600441,10.452674251494694,19.146434581065666,0.0,0.0,0.0
245.29407699716825,10.462770737141328,19.146863760923157,0.0,0.0,0.0
245.29171750126744,10.472867426377363,19.147293359735237,0.0,0.0,0.0
245.28935312711545,10.482964318726077,19.14772336823366,0.0,0.0,0.0
245.28698388907486,10.493061413710135,19.148153777165785,0.0,0.0,0.0
245.28460980149458,10.503158710851775,19.14858457729501,0.0,0.0,0.0
245.2822308787092,10.513256209672774,19.149015759401138,0.0,0.0,0.0
245.27984713503943,10.523353909694457,19.149447314280728,0.0,0.0,0.0
245.27745858479193,10.533451810437702,19.149879232747526,0.0,0.0,0.0
245.2750652422592,10.543549911422932,19.15031150563276,0.0,0.0,0.0
245.27266712171982,10.553648212170122,19.150744123785557,0.0,0.0,0.0
245.27026423743823,10.563746712198759,19.151177078073314,0.0,0.0,0.0
245.26785660366482,10.573845411028046,19.151610359381987,0.0,0.0,0.0
245.26544423463605,10.58394430817661,19.152043958616545,0.0,0.0,0.0
245.26302714457407,10.594043403162692,19.152477866701222,0.0,0.0,0.0
245.26060534768718,10.604142695504095,19.152912074579955,0.0,0.0,0.0
245.25817885816952,10.61424218471822,19.153346573216655,0.0,0.0,0.0
245.25574769020105,10.624341870322048,19.153781353595612,0.0,0.0,0.0
245.25331185794792,10.634441751832137,19.15421640672178,0.0,0.0,0.0
245.2508713755619,10.644541828764659,19.154651723621143,0.0,0.0,0.0
245.24842625718088,10.654642100635353,19.15508729534105,0.0,0.0,0.0
245.24597651692852,10.664742566959571,19.15552311295053,0.0,0.0,0.0
245.24352216891452,10.674843227252207,19.155959167540612,0.0,0.0,0.0
245.24106322723438,10.684944081027947,19.156395450224682,0.0,0.0,0.0
245.23859970596956,10.695045127800897,19.156831952138738,0.0,0.0,0.0
245.23613161918723,10.705146367084849,19.157268664441787,0.0,0.0,0.0
245.2336589809409,10.715247798393202,19.15770557831609,0.0,0.0,0.0
245.2311818052694,10.725349421238986,19.158142684967512,0.0,0.0,0.0
245.22870010619786,10.73545123513487,19.15857997562581,0.0,0.0,0.0
245.22621389773718,10.745553239593121,19.15901744154494,0.0,0.0,0.0
245.22372319388407,10.755655434125677,19.159455074003358,0.0,0.0,0.0
245.22122800862118,10.76575781824402,19.159892864304318,0.0,0.0,0.0
245.21872835591697,10.775860391459489,19.16033080377617,0.0,0.0,0.0
245.21622424972585,10.785963153282859,19.160768883772633,0.0,0.0,0.0
245.21371570398813,10.79606610322464,19.161207095673117,0.0,0.0,0.0
245.21120273262986,10.80616924079497,19.161645430882963,0.0,0.0,0.0
245.20868534956304,10.816272565503683,19.162083880833773,0.0,0.0,0.0
245.2061635686855,10.826376076860228,19.162522436983636,0.0,0.0,0.0
245.20363740388095,10.836479774373764,19.16296109081746,0.0,0.0,0.0
245.2011068690189,10.846583657553099,19.163399833847198,0.0,0.0,0.0
245.1985719779548,10.8566877259067,19.163838657612136,0.0,0.0,0.0
245.19603274452984,10.86679197894275,19.16427755367918,0.0,0.0,0.0
245.19348918257117,10.876896416169016,19.164716513643068,0.0,0.0,0.0
245.1909413058917,10.887001037093157,19.165155529126686,0.0,0.0,0.0
245.18838912829023,10.89710584122232,19.165594591781304,0.0,0.0,0.0
245.1858326635513,10.907210828063427,19.166033693286806,0.0,0.0,0.0
245.1832719254455,10.917315997123076,19.16647282535198,0.0,0.0,0.0
245.18070692772903,10.927421347907586,19.166911979714765,0.0,0.0,0.0
245.17813768414408,10.937526879922972,19.167351148142462,0.0,0.0,0.0
245.17556420841854,10.947632592674948,19.167790322432005,0.0,0.0,0.0
245.1729865142662,10.957738485668969,19.16822949441021,0.0,0.0,0.0
245.17040461538667,10.967844558410112,19.168668655933974,0.0,0.0,0.0
245.16781852546538,10.977950810403382,19.169107798890554,0.0,0.0,0.0
245.16522825817353,10.988057241153294,19.16954691519779,0.0,0.0,0.0
245.16263382716835,10.998163850164197,19.16998599680428,0.0,0.0,0.0
245.16003524609252,11.008270636940141,19.17042503568971,0.0,0.0,0.0
245.15743252857484,11.01837760098492,19.170864023864958,0.0,0.0,0.0
245.15482568822983,11.028484741802075,19.171302953372436,0.0,0.0,0.0
245.15221473865773,11.03859205889487,19.17174181628619,0.0,0.0,0.0
245.14959969344483,11.048699551766333,19.17218060471221,0.0,0.0,0.0
245.14698056616288,11.058807219919254,19.172619310788583,0.0,0.0,0.0
245.14435737036976,11.068915062856084,19.173057926685747,0.0,0.0,0.0
245.1417301196089,11.079023080079239,19.17349644460666,0.0,0.0,0.0
245.13909882740975,11.089131271090713,19.173934856787017,0.0,0.0,0.0
245.13646350728743,11.099239635392328,19.174373155495477,0.0,0.0,0.0
245.13382417274283,11.109348172485657,19.174811333033826,0.0,0.0,0.0
245.1311808372628,11.11945688187209,19.175249381737196,0.0,0.0,0.0
245.12853351431977,11.129565763052748,19.175687293974242,0.0,0.0,0.0
245.1258822173721,11.139674815528554,19.176125062147346,0.0,0.0,0.0
245.12322695986393,11.149784038800219,19.17656267869281,0.0,0.0,0.0
245.1205677552252,11.159893432368248,19.17700013608104,0.0,0.0,0.0
245.11790461687156,11.17000299573286,19.177437426816706,0.0,0.0,0.0
245.11523755820454,11.18011272839427,19.177874543438968,0.0,0.0,0.0
245.11256659261133,11.190222629852295,19.178311478521593,0.0,0.0,0.0
245.1098917334651,11.200332699606632,19.178748224673193,0.0,0.0,0.0
245.10721299412458,11.210442937156781,19.179184774537376,0.0,0.0,0.0
245.10453038793457,11.22055334200206,19.17962112079289,0.0,0.0,0.0
245.1018439282253,11.230663913641585,19.18005725615384,0.0,0.0,0.0
245.09915362831305,11.240774651574311,19.1804931733698,0.0,0.0,0.0
245.09645950149977,11.250885555299003,19.18092886522603,0.0,0.0,0.0
245.09376156107322,11.26099662431425,19.181364324543594,0.0,0.0,0.0
245.0910598203069,11.271107858118436,19.181799544179547,0.0,0.0,0.0
245.08835429246008,11.281219256209928,19.182234517027084,0.0,0.0,0.0
245.08564499077784,11.291330818086765,19.182669236015663,0.0,0.0,0.0
245.08293192849106,11.301442543246894,19.183103694111217,0.0,0.0,0.0
245.08021511881634,11.311554431188101,19.183537884316237,0.0,0.0,0.0
245.0774945749561,11.321666481408013,19.183971799669994,0.0,0.0,0.0
245.07477031009844,11.331778693404127,19.184405433248585,0.0,0.0,0.0
245.07204233741737,11.34189106667378,19.184838778165172,0.0,0.0,0.0
245.0693106700725,11.352003600714175,19.185271827570052,0.0,0.0,0.0
245.06657532120934,11.36211629502234,19.18570457465084,0.0,0.0,0.0
245.06383630395916,11.3722291490953,19.18613701263257,0.0,0.0,0.0
245.06109363143892,11.382342162429818,19.186569134777844,0.0,0.0,0.0
245.05834731675142,11.392455334522571,19.187000934386962,0.0,0.0,0.0
245.05559737298518,11.402568664870124,19.18743240479805,0.0,0.0,0.0
245.05284381321448,11.412682152968918,19.187863539387173,0.0,0.0,0.0
245.05008665049948,11.422795798315281,19.18829433156848,0.0,0.0,0.0
245.0473258978859,11.43290960040542,19.188724774794295,0.0,0.0,0.0
245.04456156840538,11.443023558735465,19.189154862555284,0.0,0.0,0.0
245.0417936750753,11.45313767280141,19.189584588380498,0.0,0.0,0.0
245.03902223089878,11.463251942099163,19.190013945837563,0.0,0.0,0.0
245.03624724886473,11.473366366124482,19.19044292853275,0.0,0.0,0.0
245.03346874194773,11.483480944373197,19.190871530111096,0.0,0.0,0.0
245.03068672310826,11.493595676340885,19.191299744256497,0.0,0.0,0.0
245.02790120529244,11.503710561523091,19.191727564691835,0.0,0.0,0.0
245.0251122014323,11.51382559941527,19.192154985179076,0.0,0.0,0.0
245.02231972444542,11.523940789512821,19.19258199951936,0.0,0.0,0.0
245.01952378723533,11.534056131311049,19.19300860155311,0.0,0.0,0.0
245.0167244026912,11.544171624305186,19.19343478516013,0.0,0.0,0.0
245.0139215836881,11.554287267990418,19.193860544259675,0.0,0.0,0.0
245.01111534308671,11.564403061861787,19.194285872810607,0.0,0.0,0.0
245.0083056937336,11.574519005414466,19.19471076481139,0.0,0.0,0.0
245.00549264846092,11.584635098143375,19.195135214300272,0.0,0.0,0.0
245.00267622008678,11.59475133954348,19.195559215355306,0.0,0.0,0.0
244.99985642141502,11.604867729109639,19.19598276209448,0.0,0.0,0.0
244.99703326523507,11.614984266336716,19.19640584867576,0.0,0.0,0.0
244.99420676432237,11.625100950719517,19.196828469297188,0.0,0.0,0.0
244.99137693143794,11.635217781752786,19.197250618196975,0.0,0.0,0.0
244.98854377932855,11.645334758931265,19.197672289653557,0.0,0.0,0.0
244.98570732072696,11.655451881749645,19.198093477985662,0.0,0.0,0.0
244.98286756835142,11.665569149702534,19.198514177552426,0.0,0.0,0.0
244.9800245349061,11.67568656228469,19.198934382753382,0.0,0.0,0.0
244.97717823308088,11.685804118990687,19.199354088028628,0.0,0.0,0.0
244.97432867555145,11.69592181931511,19.199773287858818,0.0,0.0,0.0
244.97147587497918,11.706039662752554,19.200191976765247,0.0,0.0,0.0
244.96861984401127,11.716157648797612,19.20061014930994,0.0,0.0,0.0
244.96576059528076,11.726275776944837,19.201027800095666,0.0,0.0,0.0
244.9628981414062,11.736394046688801,19.201444923766044,0.0,0.0,0.0
244.96003249499228,11.746512457524064,19.201861515005557,0.0,0.0,0.0
244.95716366862905,11.756631008945215,19.202277568539632,0.0,0.0,0.0
244.95429167489272,11.766749700446756,19.202693079134697,0.0,0.0,0.0
244.95141652634493,11.77686853152339,19.203108041598217,0.0,0.0,0.0
244.9485382355333,11.786987501669651,19.203522450778724,0.0,0.0,0.0
244.94565681499122,11.79710661038017,19.20393630156593,0.0,0.0,0.0
244.9427722772377,11.80722585714958,19.204349588890693,0.0,0.0,0.0
244.93988463477768,11.817345241472525,19.204762307725126,0.0,0.0,0.0
244.93699390010173,11.827464762843707,19.20517445308259,0.0,0.0,0.0
244.93410008568634,11.837584420757839,19.205586020017773,0.0,0.0,0.0
244.93120320399368,11.847704214709667,19.20599700362669,0.0,0.0,0.0
244.92830326747173,11.857824144193977,19.206407399046746,0.0,0.0,0.0
244.9254002885542,11.867944208705554,19.206817201456783,0.0,0.0,0.0
244.92249427966058,11.878064407739368,19.20722640607705,0.0,0.0,0.0
244.91958525319626,11.888184740790285,19.20763500816933,0.0,0.0,0.0
244.91667322155234,11.898305207353284,19.20804300303687,0.0,0.0,0.0
244.91375819710558,11.908425806923377,19.208450386024488,0.0,0.0,0.0
244.91084019221867,11.91854653899565,19.208857152518537,0.0,0.0,0.0
244.90791921924009,11.928667403065251,19.209263297946986,0.0,0.0,0.0
244.90499529050388,11.93878839862737,19.209668817779395,0.0,0.0,0.0
244.90206841833023,11.9489095251773,19.21007370752696,0.0,0.0,0.0
244.89913861502475,11.959030782210318,19.21047796274252,0.0,0.0,0.0
244.89620589287915,11.969152169221951,19.2108815790206,0.0,0.0,0.0
244.8932702641707,11.979273685707643,19.211284551997398,0.0,0.0,0.0
244.8903317411626,11.989395331162976,19.211686877350786,0.0,0.0,0.0
244.8873903361038,11.999517105083601,19.212088550800384,0.0,0.0,0.0
244.88444606122894,12.009639006965262,19.212489568107497,0.0,0.0,0.0
244.88149892875862,12.019761036303812,19.212889925075185,0.0,0.0,0.0
244.87854895089913,12.029883192595156,19.213289617548227,0.0,0.0,0.0
244.87559613984254,12.040005475335342,19.21368864141315,0.0,0.0,0.0
244.8726405077669,12.050127884020508,19.21408699259822,0.0,0.0,0.0
244.86968206683588,12.060250418146861,19.21448466707347,0.0,0.0,0.0
244.86672082919895,12.070373077210684,19.214881660850654,0.0,0.0,0.0
244.86375680699143,12.08049586070856,19.215277969983305,0.0,0.0,0.0
244.86079001233455,12.090618768136983,19.215673590566684,0.0,0.0,0.0
244.85782045733512,12.100741798992626,19.216068518737806,0.0,0.0,0.0
244.85484815408603,12.110864952772285,19.2164627506754,0.0,0.0,0.0
244.8518731146657,12.120988228972909,19.21685628259997,0.0,0.0,0.0
244.84889535113854,12.131111627091503,19.21724911077371,0.0,0.0,0.0
