galstreams/tracks/track.st.C-9.ibata2020.ecsv
# %ECSV 0.9
# ---
# datatype:
# - {name: ra, unit: deg, datatype: float64}
# - {name: dec, unit: deg, datatype: float64}
# - {name: distance, unit: kpc, datatype: float64}
# - {name: pm_ra_cosdec, unit: mas / yr, datatype: float64}
# - {name: pm_dec, unit: mas / yr, datatype: float64}
# - {name: radial_velocity, unit: km / s, datatype: float64}
# delimiter: ','
# meta: !!omap
# - __serialized_columns__:
#     dec:
#       __class__: astropy.coordinates.angles.Latitude
#       unit: &id001 !astropy.units.Unit {unit: deg}
#       value: !astropy.table.SerializedColumn {name: dec}
#     distance:
#       __class__: astropy.coordinates.distances.Distance
#       unit: !astropy.units.Unit {unit: kpc}
#       value: !astropy.table.SerializedColumn {name: distance}
#     pm_dec:
#       __class__: astropy.units.quantity.Quantity
#       unit: !astropy.units.Unit {unit: mas / yr}
#       value: !astropy.table.SerializedColumn {name: pm_dec}
#     pm_ra_cosdec:
#       __class__: astropy.units.quantity.Quantity
#       unit: !astropy.units.Unit {unit: mas / yr}
#       value: !astropy.table.SerializedColumn {name: pm_ra_cosdec}
#     ra:
#       __class__: astropy.coordinates.angles.Longitude
#       unit: *id001
#       value: !astropy.table.SerializedColumn {name: ra}
#       wrap_angle: !astropy.coordinates.Angle
#         unit: *id001
#         value: 360.0
#     radial_velocity:
#       __class__: astropy.units.quantity.Quantity
#       unit: !astropy.units.Unit {unit: km / s}
#       value: !astropy.table.SerializedColumn {name: radial_velocity}
# schema: astropy-2.0
ra,dec,distance,pm_ra_cosdec,pm_dec,radial_velocity
14.859317570138195,-14.035245914264772,8.236840507616973,0.0684224594216759,0.16083047641585135,3.1577876737021266e-15
14.932215872115727,-14.110061828017079,8.185476870740764,0.062490105775752626,0.1570797709681973,2.8946387008936164e-15
15.005237187715588,-14.184791475474348,8.135533093813269,0.056672058559378166,0.1533480946987805,2.8946387008936164e-15
15.078379627329246,-14.259436527854481,8.086994491432664,0.05096730923756674,0.1496357275836687,2.6314897280851058e-15
15.151641300983213,-14.333998657792199,8.039846378197119,0.045374848690671286,0.14594294992472828,2.6314897280851058e-15
15.22502031834772,-14.408479539380588,7.994074068704796,0.03989366720538288,0.14227004232950455,2.6314897280851058e-15
15.298514788746182,-14.482880848213338,7.949662877553873,0.03452275446582962,0.13861728569079032,2.368340755276595e-15
15.372122821164307,-14.557204261426294,7.906598119342512,0.029261099544778398,0.1349849611658918,2.368340755276595e-15
15.4458425242601,-14.631451457739745,7.8648651086688846,0.024107690894940095,0.13137335015559867,2.368340755276595e-15
15.519672006373417,-14.705624117500017,7.824449160131161,0.01906151634038177,0.12778273428286835,2.2367662688723396e-15
15.59360937553634,-14.779723922721669,7.785335588327508,0.014121563068046537,0.12421339537123098,2.2367662688723396e-15
15.667652739483389,-14.853752557129335,7.747509707856096,0.00928681761938371,0.12066561542292431,2.368340755276595e-15
15.741800205661885,-14.927711706199478,7.710956833315095,0.004556265882091559,0.11713967659676656,2.4999152416808503e-15
15.816049881242904,-15.001603057202557,7.675662279302672,-7.110691802580515e-05,0.1136358611857751,2.2367662688723396e-15
15.89039987313186,-15.075428299244534,7.641611360416998,-0.0045963162250855505,0.11015445159453868,2.2367662688723396e-15
15.964848287979798,-15.149189123309037,7.608789391256239,-0.009020378161034693,0.10669573031635263,2.2367662688723396e-15
16.039393232194293,-15.222887222298745,7.577181686418567,-0.01334430953343848,0.10325997991012255,2.2367662688723396e-15
16.114032811951006,-15.29652429107742,7.5467735605021495,-0.017569127843146737,0.09984748297704737,1.9736172960638294e-15
16.18876513320507,-15.370102026511374,7.517550328105157,-0.021695851291836002,0.09645852213708697,1.9736172960638294e-15
16.26358830170252,-15.443622127510936,7.489497303825755,-0.02572549878942537,0.09309338000522467,1.9736172960638294e-15
16.33850042299224,-15.517086295072223,7.462599802262118,-0.02965908996136461,0.08975233916752981,2.2367662688723396e-15
16.413499602437486,-15.590496232318193,7.436843138012412,-0.033497645155792115,0.08643568215703104,1.9736172960638294e-15
16.488583945228047,-15.663853644540309,7.4122126256748055,-0.03724218545056109,0.08314369142940578,2.2367662688723396e-15
16.563751556391903,-15.737160239239365,7.388693579847467,-0.040893732660131805,0.07987664933849459,1.842042809659574e-15
16.639000540807587,-15.810417726166962,7.366271315128568,-0.04445330934232848,0.07663483811164835,2.1051917824680845e-15
16.714329003215976,-15.883627817366124,7.344931146116277,-0.04792193880495805,0.07341853982491545,1.5788938368510633e-15
16.789735048232675,-15.956792227212464,7.3246583874087605,-0.051300645112290294,0.07022803637807655,1.7104683232553186e-15
16.865216780360146,-16.02991267245477,7.305438353604191,-0.05459045309139604,0.06706360946953512,1.842042809659574e-15
16.94077230399976,-16.10299087225547,7.287256359300736,-0.057792388338342535,0.06392554057107062,1.7104683232553186e-15
17.016399723464332,-16.1760285482314,7.270097719096563,-0.060907477224243875,0.060814110902462463,1.644681080053191e-15
17.09209714299005,-16.249027424493715,7.253947747589843,-0.06393674690116473,0.05772960140599175,1.644681080053191e-15
17.167862666749024,-16.321989227688388,7.238791759378744,-0.06688122530787535,0.05467229272082853,1.3157448640425529e-15
17.243694398861212,-16.39491568703584,7.2246150690614375,-0.06974194117545651,0.05164246515731244,1.7104683232553186e-15
17.319590443406923,-16.467808534371038,7.211402991236089,-0.07251992403275234,0.048640398671132984,1.7104683232553186e-15
17.395548904438826,-16.540669504182965,7.199140840500868,-0.07521620421166905,0.0456663728374183,1.1841703776382976e-15
17.471567885993988,-16.613500333653935,7.187813931453948,-0.07783181285231842,0.042720666824738567,1.4473193504468082e-15
17.54764549210625,-16.68630276269915,7.177407578693494,-0.08036778190800398,0.03980355936903239,1.644681080053191e-15
17.623779826817845,-16.75907853400537,7.167907096817675,-0.0828251441500481,0.0369153287474624,1.3815321072446804e-15
17.69996899419172,-16.83182939307009,7.159297800424659,-0.08520493317245863,0.03405625275220864,1.0525958912340423e-15
17.77621109832301,-16.904557088239827,7.151565004112618,-0.08750818339643292,0.0312266086642057,1.1512767560372338e-15
17.852504243351127,-16.97726337074885,7.1446940224797215,-0.08973593007469845,0.02842667322683203,1.3157448640425529e-15
17.928846533471035,-17.049949994757043,7.138670170124136,-0.09188920929568718,0.0256567226195576,9.868086480319147e-16
18.005236072945074,-17.122618717388086,7.133478761644032,-0.0939690579875435,0.022917032431558113,1.0525958912340423e-15
18.081670966114185,-17.195271298767075,7.129105111637575,-0.09597651392196282,0.020207877635301866,8.881277832287232e-16
18.15814931740904,-17.267909502057822,7.125534534702942,-0.09791261571786011,0.017529532560117612,1.0525958912340423e-15
18.234669231361373,-17.34053509350037,7.122752345438295,-0.0997784028448667,0.014882270865749342,1.2006171884388294e-15
18.3112288126146,-17.413149842447595,7.120743858441803,-0.10157491562665337,0.012266365515906133,7.565532968244679e-16
18.387826165934822,-17.485755521402176,7.119494388311638,-0.10330319524407872,0.009682088751813348,1.1183831344361698e-15
18.464459396221066,-17.558353906052755,7.118989249645971,-0.10496428373816138,0.007129712065773086,1.110159729035904e-15
18.5411266085159,-17.63094677531025,7.119213757042967,-0.10655922401287386,0.004609506174739785,7.483298914242019e-16
18.617825908015416,-17.703535911343668,7.120153225100792,-0.10808905983775771,0.002121740993919299,6.126437023198137e-16
18.694555400079004,-17.77612309961546,7.1217929684176235,-0.10955483585035729,-0.0003333143896023934,8.644854927029585e-16
18.77131319023931,-17.8487101289171,7.124118301591627,-0.11095759755847223,-0.002755391743193838,9.16909702129654e-16
18.848097384211293,-17.92129879140372,7.127114539220968,-0.11229839134222579,-0.005144223714968235,8.058937292260636e-16
18.92490608790168,-17.99389088262904,7.130766995903821,-0.11357826445594843,-0.007499543860023722,8.552341616276593e-16
19.001737407417536,-18.066488201579407,7.135060986238352,-0.11479826502987558,-0.00982108666662496,7.565532968244679e-16
19.078589449075153,-18.139092550708117,7.139981824822729,-0.11595944207165751,-0.012108587582320767,7.236596752234041e-16
19.15546031940801,-18.211705735968778,7.145514826255124,-0.11706284546768041,-0.01436178303998953,5.920851888191488e-16
19.232348125175008,-18.284329566848925,7.151645305133702,-0.11810952598419798,-0.01658041048380668,5.262979456170211e-16
19.309250973368005,-18.356965856402923,7.158358576056637,-0.11910053526827076,-0.018764208395126505,5.591915672180849e-16
19.386166971218998,-18.4296164212845,7.165639953622097,-0.12003692584851396,-0.02091291631827153,8.552341616276593e-16
19.463094226207378,-18.502283081779375,7.173474752428248,-0.12091975113565055,-0.023026274886223233,8.223405400265955e-16
19.54003084606615,-18.57496766183686,7.18184828707326,-0.12175006542287042,-0.025104025846206267,6.578724320212764e-16
19.61697493878851,-18.647671989101788,7.190745872155305,-0.12252892388599244,-0.027145912085160387,6.578724320212764e-17
19.693924612633328,-18.720397894945435,7.200152822272548,-0.12325738258343036,-0.029151677655092238,3.9472345921276583e-16
19.770877976130905,-18.793147214496692,7.210054452023159,-0.12393649845595955,-0.03112106779830126,1.3157448640425528e-16
19.847833138087644,-18.865921786672217,7.220436076005309,-0.12456732932628477,-0.033053828972471666,3.289362160106382e-16
19.924788207590918,-18.938723454206823,7.231283008817166,-0.12515093389840734,-0.03494970887562508,7.236596752234041e-16
20.00174129401307,-19.01155406368304,7.242580565056898,-0.12568837175679087,-0.03680845647092578,1.9736172960638291e-16
20.07869050701493,-19.08441546556035,7.254314059322678,-0.1261807033653243,-0.03862982201133256,2.6314897280851057e-16
20.15563395654938,-19.157309514204325,7.2664688062126706,-0.1266289900660817,-0.040413557064090236,2.6314897280851057e-16
20.232569752863675,-19.23023806791484,7.2790301203250465,-0.12703429407787709,-0.04215941453505375,3.289362160106382e-16
20.309496006502002,-19.30320298895449,7.291983316257973,-0.12739767849461445,-0.043867148692838774,-6.578724320212764e-17
20.386410828306854,-19.37620614357591,7.305313708609622,-0.12772020728343073,-0.04553651519279114,6.578724320212764e-17
20.463312329420475,-19.449249402049375,7.319006611978159,-0.12800294528263184,-0.04716727110076914,3.9472345921276583e-16
20.540198621285402,-19.522334638689433,7.333047340961759,-0.12824695819942056,-0.048759174916731665,6.578724320212764e-17
20.61706781564434,-19.59546373188123,7.3474212101585845,-0.12845331260741552,-0.050311986598125226,-2.6314897280851057e-16
20.693918024540007,-19.668638564106725,7.362113534166807,-0.12862307594395964,-0.0518254675830634,-3.9472345921276583e-16
20.77074736031366,-19.741861021969903,7.3771096275845975,-0.12875731650721867,-0.05329938081329183,-2.6314897280851057e-16
20.847553935603756,-19.815132996222133,7.392394805010125,-0.12885710345306794,-0.054733490756932235,1.3157448640425528e-16
20.924335863343284,-19.888456381786494,7.407954381041553,-0.12892350679176695,-0.05612756343099821,-1.3157448640425528e-16
21.00109125675714,-19.961833077782217,7.423773670277058,-0.12895759738442042,-0.0574813664236767,-2.6314897280851057e-16
21.07781822935817,-20.035264987548103,7.439837987314804,-0.1289604469392266,-0.05879466891636762,1.3157448640425528e-16
21.154514894943222,-20.108754018665987,7.456132646752959,-0.12893312800751028,-0.060067241705476115,-3.9472345921276583e-16
21.23117936758801,-20.182302082983387,7.472642963189697,-0.12887671397954106,-0.06129885722394909,-7.8944691842553165e-16
21.307809761641362,-20.255911096635668,7.489354251223185,-0.1287922790801359,-0.06248928956255055,-3.9472345921276583e-16
21.384404191719106,-20.329582980068093,7.506251825451592,-0.12868089836404498,-0.06363831449086861,0.0
21.460960772696655,-20.40331965805683,7.523321000473086,-0.1285436477111206,-0.06474570947804682,0.0
21.53747761970144,-20.477123059730083,7.540547090885837,-0.12838160382126856,-0.06581125371323426,1.3157448640425528e-16
21.61395284810396,-20.550995118588066,7.557915411288011,-0.12819584420918123,-0.06683472812574619,-3.9472345921276583e-16
21.690384573508627,-20.62493777252312,7.575411276277785,-0.12798744719885147,-0.06781591540492966,-3.9472345921276583e-16
21.76677091174347,-20.6989529638389,7.593020000453319,-0.1277574919178679,-0.06875460001972683,-1.3157448640425528e-16
21.843109978848915,-20.773042639269036,7.610726898412787,-0.12750705829148948,-0.0696505682379283,-1.0525958912340423e-15
21.919399891066195,-20.847208749995715,7.628517284754357,-0.12723722703650037,-0.07050360814511195,-2.6314897280851057e-16
21.99563876482432,-20.921453251667117,7.6463764740762,-0.12694907965484337,-0.07131350966325736,-1.0525958912340423e-15
22.071824716726713,-20.995778104414946,7.664289780976479,-0.12664369842703255,-0.072080064569032,-3.9472345921276583e-16
22.14795586353644,-21.070185272870862,7.682242520053368,-0.12632216640534338,-0.07280306651173961,-1.3157448640425528e-16
22.224030322161017,-21.14467672618289,7.700220005905038,-0.12598556740678118,-0.07348231103092619,-6.578724320212764e-16
22.30004620963588,-21.21925443803091,7.718207553129654,-0.12563498600582676,-0.07411759557363524,-3.9472345921276583e-16
22.376001643107138,-21.293920386641794,7.736190476325385,-0.12527150752695868,-0.07470871951130546,-5.262979456170211e-16
22.45189473981326,-21.368676554803947,7.754154090090401,-0.12489621803695233,-0.07525548415630501,-6.578724320212764e-16
22.527723617065806,-21.44352492988129,7.772083709022871,-0.12451020433695503,-0.07575769277809372,-5.262979456170211e-16
22.60348639222911,-21.518467503826702,7.789964647720965,-0.12411455395433679,-0.07621515061900792,-6.578724320212764e-16
22.67918118269896,-21.593506273194883,7.807782220782853,-0.12371035513431677,-0.07662766490965983,-7.8944691842553165e-16
22.75480610588021,-21.66864323915468,7.8255217428067025,-0.12329869683136453,-0.0769950448839446,-6.578724320212764e-16
22.8303592791633,-21.743880407500807,7.843168528390679,-0.12288066870037617,-0.07731710179364848,-5.262979456170211e-16
22.905838819899706,-21.819219788665013,7.860707892132959,-0.12245736108762469,-0.07759364892265005,-6.578724320212764e-16
22.981242845376272,-21.894663397726667,7.878125148631704,-0.12202986502148495,-0.07782450160070901,-1.0525958912340423e-15
23.056569472788322,-21.970213254422767,7.8954056124850895,-0.1215992722029318,-0.07800947721683305,-1.0525958912340423e-15
23.13181681921176,-22.04587138315735,7.91253459829128,-0.12116667499581243,-0.07814839523221813,-6.578724320212764e-16
23.206983001573832,-22.12163981301031,7.929497420648445,-0.12073316641689144,-0.07824107719275304,-2.6314897280851057e-16
23.282066136622742,-22.19752057774564,7.946279394154755,-0.12029984012566915,-0.0782873467410817,-5.262979456170211e-16
23.35706434089606,-22.273515715819023,7.96286583340838,-0.11986779041397262,-0.07828702962821657,-6.578724320212764e-16
23.43197573068781,-22.349627270384907,7.9792420530074875,-0.11943811219531926,-0.07823995372469429,-1.0525958912340423e-15
23.506798422014334,-22.425857289302886,7.995393367550245,-0.11901190099405234,-0.07814594903126759,-1.3157448640425528e-16
23.581530530578824,-22.502207825143493,8.011305091634826,-0.11859025293424884,-0.0780048476891256,-6.578724320212764e-16
23.656170171734505,-22.578680935193415,8.026962539859396,-0.1181742647283988,-0.07781648398963462,-1.1841703776382976e-15
23.730715460446493,-22.655278681460032,8.042351026822123,-0.11776503366585626,-0.07758069438359273,-3.9472345921276583e-16
23.805164511252272,-22.73200313067534,8.05745586712118,-0.11736365760106154,-0.07729731748998996,-9.21021404829787e-16
23.87951543822072,-22.808856354299298,8.07226237535473,-0.1169712349415343,-0.07696619410426667,-6.578724320212764e-16
23.953766354909764,-22.885840428522442,8.086755866120953,-0.11658886463563752,-0.0765871672060626,-9.21021404829787e-16
24.027915374322518,-22.962957434267985,8.100921654018007,-0.11621764616011229,-0.07616008196644894,-6.578724320212764e-16
24.101960608861972,-23.040209457193143,8.114745053644063,-0.11585867950738245,-0.07568478575463519,-5.262979456170211e-16
24.175900170284134,-23.11759858768991,8.128211379597296,-0.1155130651726294,-0.0751611281441435,-7.8944691842553165e-16
24.249732169649658,-23.195126920885134,8.141305946475867,-0.11518190414063713,-0.07458896091844243,-1.3157448640425529e-15
24.323454717273847,-23.272796556639975,8.154014068877954,-0.11486629787240625,-0.07396813807603218,-6.578724320212764e-16
24.39706592267518,-23.35060959954864,8.166321061401717,-0.11456734829153775,-0.0732985158349733,-5.262979456170211e-16
24.470563894521998,-23.42856815893651,8.178212238645331,-0.11428615777038532,-0.0725799526368506,-2.6314897280851057e-16
24.543946740577766,-23.506674348857597,8.189672915206964,-0.11402382911597711,-0.07181230915016473,-5.262979456170211e-16
24.617212567644437,-23.584930288091293,8.200688405684787,-0.11378146555570523,-0.07099544827314243,-3.9472345921276583e-16
24.690359481504256,-23.663338100138425,8.211244024676962,-0.113560170722784,-0.07012923513595783,-9.21021404829787e-16
24.76338558685968,-23.741899913216734,8.221325086781665,-0.11336104864147536,-0.06921353710235564,-3.9472345921276583e-16
