galstreams/tracks/track.st.C-20.ibata2024.ecsv
# %ECSV 1.0
# ---
# datatype:
# - {name: ra, unit: deg, datatype: float64}
# - {name: dec, unit: deg, datatype: float64}
# - {name: distance, unit: kpc, datatype: float64}
# - {name: pm_ra_cosdec, unit: mas / yr, datatype: float64}
# - {name: pm_dec, unit: mas / yr, datatype: float64}
# - {name: radial_velocity, unit: km / s, datatype: float64}
# delimiter: ','
# meta: !!omap
# - __serialized_columns__:
#     dec:
#       __class__: astropy.coordinates.angles.Latitude
#       unit: &id001 !astropy.units.Unit {unit: deg}
#       value: !astropy.table.SerializedColumn {name: dec}
#     distance:
#       __class__: astropy.coordinates.distances.Distance
#       unit: !astropy.units.Unit {unit: kpc}
#       value: !astropy.table.SerializedColumn {name: distance}
#     pm_dec:
#       __class__: astropy.units.quantity.Quantity
#       unit: !astropy.units.Unit {unit: mas / yr}
#       value: !astropy.table.SerializedColumn {name: pm_dec}
#     pm_ra_cosdec:
#       __class__: astropy.units.quantity.Quantity
#       unit: !astropy.units.Unit {unit: mas / yr}
#       value: !astropy.table.SerializedColumn {name: pm_ra_cosdec}
#     ra:
#       __class__: astropy.coordinates.angles.Longitude
#       unit: *id001
#       value: !astropy.table.SerializedColumn {name: ra}
#       wrap_angle: !astropy.coordinates.Angle
#         unit: *id001
#         value: 360.0
#     radial_velocity:
#       __class__: astropy.units.quantity.Quantity
#       unit: !astropy.units.Unit {unit: km / s}
#       value: !astropy.table.SerializedColumn {name: radial_velocity}
# schema: astropy-2.0
ra,dec,distance,pm_ra_cosdec,pm_dec,radial_velocity
[from data line 863]
358.00227197299165,11.581386047246276,0.9999999999999998,-0.7426547174240228,1.5539344057545699,-118.70314421606331
358.0077591510914,11.572948114092343,0.9999999999999997,-0.7422590137526185,1.553556558928542,-118.70587896582782
358.0132457548412,11.56450992578543,0.9999999999999999,-0.7418638500325051,1.553178840881409,-118.70846839756362
358.01873178290776,11.556071481418133,0.9999999999999999,-0.7414692261554477,1.5528012522853203,-118.71091313799865
358.02421723395776,11.54763278008309,0.9999999999999999,-0.7410751420131751,1.552423793812372,-118.71321381386095
358.02970210665814,11.539193820873033,0.9999999999999998,-0.7406815974972883,1.5520464661346267,-118.71537105187852
358.0351863996757,11.530754602880773,0.9999999999999998,-0.7402885924994126,1.5516692699240968,-118.71738547877936
358.04067011167734,11.522315125199189,0.9999999999999998,-0.7398961269110459,1.5512922058527532,-118.71925772129143
358.04615324133,11.513875386921256,0.9999999999999999,-0.7395042006236677,1.5509152745925254,-118.72098840614278
358.0516357873008,11.505435387140025,0.9999999999999999,-0.7391128135286291,1.5505384768153014,-118.72257816006135
358.0571177482567,11.496995124948624,0.9999999999999997,-0.7387219655173075,1.550161813192923,-118.72402760977519
358.06259912286487,11.488554599440256,0.9999999999999998,-0.738331656480973,1.5497852843971835,-118.72533738201228
358.0680799097924,11.48011380970822,0.9999999999999998,-0.7379418863108349,1.54940889109985,-118.72650810350065
358.0735601077066,11.471672754845873,0.9999999999999999,-0.737552654898018,1.5490326339726241,-118.72754040096831
358.0790397152746,11.463231433946667,0.9999999999999998,-0.7371639621336734,1.5486565136871833,-118.72843490114317
358.08451873116377,11.45478984610413,0.9999999999999999,-0.7367758079087792,1.548280530915147,-118.72919223075334
358.0899971540415,11.446347990411862,0.9999999999999999,-0.7363881921143196,1.547904686328101,-118.7298130165267
358.0954749825751,11.437905865963545,0.9999999999999999,-0.7360011146412158,1.5475289805975847,-118.7302978851914
358.1009522154322,11.42946347185294,0.9999999999999999,-0.7356145753803064,1.5471534143950931,-118.73064746347528
358.10642885128004,11.421020807173884,1.0,-0.7352285742223891,1.5467779883920767,-118.73086237810648
358.1119048887863,11.412577871020298,0.9999999999999999,-0.7348431110582012,1.5464027032599494,-118.73094325581289
358.11738032661856,11.404134662486173,0.9999999999999999,-0.734458185778374,1.5460275596700734,-118.7308907233226
358.12285516344446,11.395691180665576,1.0,-0.7340737982735659,1.5456525582937695,-118.73070540736352
358.1283293979317,11.387247424652658,0.9999999999999999,-0.733689948434308,1.5452776998023188,-118.73038793466374
358.1338030287479,11.378803393541647,0.9999999999999998,-0.733306636151091,1.5449029848669564,-118.72993893195121
358.13927605456104,11.370359086426836,0.9999999999999999,-0.7329238613143242,1.5445284141588687,-118.72935902595394
358.14474847403875,11.361914502402609,0.9999999999999999,-0.732541623814421,1.544153988349208,-118.72864884339988
358.150220285849,11.35346964056342,0.9999999999999998,-0.7321599235416676,1.543779708109081,-118.72780901101711
358.1556914886597,11.345024500003792,0.9999999999999999,-0.7317787603863112,1.543405574109542,-118.72684015553362
358.1611620811388,11.336579079818337,0.9999999999999997,-0.731398134238583,1.5430315870216118,-118.72574290367734
358.16663206195426,11.32813337910173,0.9999999999999998,-0.7310180449885858,1.5426577475162606,-118.72451788217639
358.1721014297743,11.31968739694873,0.9999999999999999,-0.7306384925264076,1.5422840562644193,-118.72316571775863
358.17757018326677,11.311241132454168,0.9999999999999998,-0.730259476742075,1.5419105139369762,-118.72168703715218
358.1830383211,11.302794584712947,0.9999999999999998,-0.7298809975255528,1.5415371212047702,-118.72008246708495
358.1885058419422,11.29434775282005,0.9999999999999999,-0.7295030547667245,1.5411638787386015,-118.71835263428501
358.1939727444614,11.285900635870526,0.9999999999999999,-0.7291256483554572,1.5407907872092226,-118.71649816548027
358.19943902732615,11.277453232959509,0.9999999999999999,-0.7287487781815135,1.5404178472873458,-118.71451968739882
358.2049046892046,11.2690055431822,0.9999999999999999,-0.7283724441346388,1.5400450596436421,-118.71241782676867
358.2103697287652,11.260557565633873,0.9999999999999999,-0.7279966461045192,1.5396724249487255,-118.71019321031773
358.2158341446763,11.25210929940988,0.9999999999999999,-0.7276213839807579,1.5392999438731834,-118.70784646477402
358.2212979356064,11.243660743605643,1.0,-0.727246657652899,1.538927617087547,-118.70537821686561
358.226761100224,11.235211897316653,0.9999999999999998,-0.726872467010448,1.5385554452623071,-118.70278909332043
358.2322236371977,11.226762759638484,0.9999999999999998,-0.7264988119428499,1.538183429067916,-118.70007972086655
358.237685545196,11.218313329666774,0.9999999999999998,-0.7261256923395123,1.5378115691747731,-118.6972507262319
358.2431468228875,11.209863606497237,0.9999999999999999,-0.7257531080897386,1.5374398662532407,-118.69430273614446
358.2486074689411,11.201413589225655,0.9999999999999998,-0.7253810590827954,1.5370683209736309,-118.69123637733234
358.25406748202533,11.192963276947891,0.9999999999999998,-0.7250095452079318,1.5366969340062209,-118.68805227652346
358.259526860809,11.184512668759869,0.9999999999999998,-0.7246385663542736,1.5363257060212345,-118.68475106044586
358.2649856039609,11.17606176375759,0.9999999999999999,-0.7242681224109503,1.5359546376888549,-118.68133335582748
358.27044371014995,11.167610561037124,0.9999999999999999,-0.7238982132669908,1.5355837296792267,-118.6777997893964
358.27590117804505,11.159159059694614,0.9999999999999998,-0.723528838811384,1.5352129826624403,-118.67415098788052
358.28135800631503,11.150707258826277,0.9999999999999999,-0.7231599989331043,1.5348423973085494,-118.67038757800795
358.28681419362897,11.142255157528389,0.9999999999999999,-0.72279169352098,1.5344719742875612,-118.66651018650657
358.2922697386559,11.13380275489731,0.9999999999999998,-0.7224239224638664,1.5341017142694398,-118.66251944010449
358.2977246400648,11.125350050029457,0.9999999999999999,-0.7220566856505168,1.533731617924103,-118.65841596552967
358.30317889652486,11.11689704202133,0.9999999999999998,-0.7216899829696466,1.5333616859214283,-118.65420038951008
358.3086325067052,11.108443729969489,0.9999999999999998,-0.7213238143099344,1.532991918931243,-118.64987333877377
358.314085469275,11.099990112970566,1.0,-0.7209581795599561,1.5326223176233364,-118.64543544004876
358.3195377829035,11.091536190121262,0.9999999999999999,-0.7205930786082726,1.5322528826674517,-118.6408873200629
358.3249894462601,11.083081960518351,0.9999999999999998,-0.7202285113433639,1.5318836147332835,-118.63622960554436
358.33044045801387,11.074627423258669,0.9999999999999998,-0.7198644776536949,1.5315145144904907,-118.63146292322108
358.33589081683436,11.066172577439128,0.9999999999999999,-0.7195009774276281,1.5311455826086804,-118.62658789982105
358.34134052139086,11.0577174221567,0.9999999999999999,-0.7191380105535115,1.5307768197574183,-118.62160516207226
358.34678957035294,11.049261956508426,0.9999999999999999,-0.7187755769195912,1.530408226606227,-118.61651533670278
358.35223796238995,11.040806179591426,0.9999999999999998,-0.7184136764141184,1.530039803824582,-118.61131905044046
358.3576856961714,11.032350090502874,0.9999999999999998,-0.7180523089252662,1.5296715520819126,-118.60601693001342
358.36313277036703,11.023893688340017,0.9999999999999999,-0.7176914743411045,1.5293034720476135,-118.6006096021497
358.3685791836463,11.015436972200172,0.9999999999999999,-0.7173311725497331,1.5289355643910252,-118.59509769357719
358.37402493467886,11.006979941180719,0.9999999999999999,-0.7169714034391491,1.528567829781447,-118.58948183102392
358.3794700221344,10.998522594379104,0.9999999999999998,-0.716612166897292,1.5282002688881366,-118.58376264121792
358.3849144446827,10.990064930892842,0.9999999999999999,-0.7162534628120643,1.5278328823803013,-118.5779407508872
358.39035820099343,10.981606949819513,0.9999999999999998,-0.7158952910713345,1.5274656709271106,-118.5720167867597
358.3958012897365,10.973148650256764,0.9999999999999999,-0.715537651562866,1.5270986351976825,-118.56599137556348
358.40124370958165,10.964690031302306,0.9999999999999998,-0.7151805441744108,1.526731775861101,-118.5598651440265
358.4066854591988,10.956231092053919,0.9999999999999999,-0.7148239687936621,1.5263650935863908,-118.5536387188768
358.4121265372579,10.947771831609444,0.9999999999999999,-0.7144679253082556,1.5259985890425471,-118.54731272684235
358.41756694242883,10.939312249066788,0.9999999999999997,-0.71411241360577,1.525632262898509,-118.54088779465116
358.4230066733817,10.930852343523927,0.9999999999999998,-0.7137574335737233,1.5252661158231793,-118.53436454903117
358.4284457287864,10.922392114078896,0.9999999999999999,-0.7134029850996019,1.524900148485413,-118.5277436167105
358.43388410731313,10.913931559829804,0.9999999999999999,-0.7130490680708543,1.5245343615540197,-118.52102562441706
358.439321807632,10.905470679874808,0.9999999999999998,-0.7126956823748066,1.5241687556977666,-118.51421119887885
358.44475882841306,10.897009473312144,0.9999999999999999,-0.7123428278988145,1.5238033315853703,-118.50730096682395
358.45019516832656,10.888547939240109,0.9999999999999996,-0.7119905045301331,1.5234380898855133,-118.50029555498024
358.45563082604275,10.880086076757054,0.9999999999999998,-0.7116387121560043,1.5230730312668244,-118.49319559007581
358.46106580023184,10.871623884961405,0.9999999999999998,-0.711287450663568,1.52270815639789,-118.48600169883866
358.4665000895642,10.863161362951645,0.9999999999999997,-0.7109367199399313,1.522343465947257,-118.47871450799674
358.47193369271014,10.854698509826324,0.9999999999999997,-0.7105865198721846,1.5219789605834233,-118.4713346442781
358.47736660834,10.846235324684047,0.9999999999999998,-0.710236850347342,1.5216146409748412,-118.46386273441071
358.4827988351242,10.837771806623492,0.9999999999999998,-0.70988771125236,1.5212505077899179,-118.45629940512254
358.4882303717332,10.829307954743385,0.9999999999999998,-0.7095391024741163,1.5208865616970186,-118.44864528314164
358.49366121683755,10.820843768142533,0.9999999999999998,-0.7091910238995192,1.5205228033644635,-118.44090099519602
358.49909136910765,10.81237924591979,0.9999999999999997,-0.7088434754153771,1.5201592334605283,-118.4330671680136
358.5045208272142,10.803914387174075,0.9999999999999998,-0.7084964569083971,1.5197958526534436,-118.4251444283225
358.50994958982767,10.795449191004368,0.9999999999999998,-0.7081499682653402,1.5194326616113907,-118.41713340285058
358.51537765561875,10.786983656509713,0.9999999999999998,-0.7078040093728661,1.519069661002514,-118.40903471832596
358.52080502325816,10.778517782789221,0.9999999999999996,-0.7074585801175355,1.518706851494911,-118.40084900147659
358.52623169141646,10.770051568942042,0.9999999999999997,-0.7071136803859609,1.5183442337566286,-118.39257687903049
358.5316576587646,10.761585014067416,0.9999999999999998,-0.7067693100646114,1.5179818084556773,-118.38421897771562
358.5370829239731,10.753118117264613,0.9999999999999999,-0.7064254690399887,1.5176195762600138,-118.37577592426003
358.542507485713,10.744650877632989,0.9999999999999997,-0.7060821571984698,1.5172575378375592,-118.36724834539164
358.54793134265503,10.73618329427194,0.9999999999999996,-0.7057393744264224,1.516895693856183,-118.35863686783856
358.5533544934701,10.72771536628094,0.9999999999999997,-0.7053971206101554,1.5165340449837128,-118.3499421183287
358.55877693682913,10.719247092759502,0.9999999999999998,-0.7050553956359463,1.5161725918879316,-118.34116472359013
358.564198671403,10.710778472807217,0.9999999999999996,-0.7047141993900148,1.5158113352365796,-118.33230531035075
358.5696196958628,10.702309505523722,0.9999999999999997,-0.7043735317584812,1.5154502756973436,-118.32336450533869
358.57504000887945,10.693840190008714,0.9999999999999999,-0.7040333926275201,1.5150894139378748,-118.31434293528189
358.58045960912415,10.68537052536196,0.9999999999999997,-0.7036937818831402,1.5147287506257743,-118.30524122690831
358.5858784952679,10.676900510683275,0.9999999999999998,-0.7033546994114058,1.5143682864286045,-118.29606000694596
358.5912966659817,10.668430145072529,0.9999999999999998,-0.7030161450982784,1.514008022013873,-118.28679990212291
358.5967141199369,10.659959427629657,0.9999999999999999,-0.7026781188296667,1.5136479580490496,-118.27746153916709
358.6021308558046,10.65148835745465,0.9999999999999999,-0.7023406204914674,1.5132880952015593,-118.26804554480654
358.607546872256,10.643016933647555,0.9999999999999998,-0.7020036499694775,1.5129284341387774,-118.25855254576918
358.61296216796245,10.634545155308476,0.9999999999999998,-0.7016672071495036,1.5125689755280405,-118.24898316878314
358.61837674159517,10.62607302153758,0.9999999999999998,-0.7013312919172545,1.5122097200366351,-118.23933804057636
358.62379059182547,10.617600531435079,0.9999999999999998,-0.7009959041584266,1.5118506683318045,-118.22961778787678
358.6292037173247,10.609127684101248,0.9999999999999998,-0.700661043758663,1.511491821080749,-118.2198230374125
358.63461611676433,10.600654478636418,0.9999999999999999,-0.7003267106035268,1.5111331789506175,-118.20995441591145
358.6400277888157,10.592180914140982,0.9999999999999998,-0.699992904578594,1.5107747426085236,-118.20001255010163
358.64543873215024,10.58370698971538,0.9999999999999998,-0.6996596255693415,1.510416512721529,-118.18999806671111
358.6508489454396,10.575232704460106,0.9999999999999997,-0.6993268734611899,1.5100584899566507,-118.17991159246783
358.6562584273551,10.566758057475717,0.9999999999999998,-0.698994648139595,1.5097006749808624,-118.16975375409976
358.66166717656836,10.558283047862822,0.9999999999999999,-0.6986629494898899,1.509343068461095,-118.15952517833499
358.667075191751,10.549807674722084,0.9999999999999997,-0.6983317773973541,1.5089856710642282,-118.14922649190146
358.6724824715746,10.541331937154226,0.9999999999999997,-0.6980011317472777,1.5086284834571027,-118.13885832152717
358.6778890147108,10.53285583426001,0.9999999999999998,-0.6976710124248746,1.5082715063065106,-118.12842129394012
358.68329481983125,10.524379365140277,0.9999999999999997,-0.6973414193153256,1.507914740279201,-118.11791603586839
358.6886998856077,10.515902528895895,0.9999999999999998,-0.6970123523037141,1.5075581860418747,-118.10734317403987
358.69410421071194,10.507425324627812,0.9999999999999998,-0.6966838112751554,1.507201844261194,-118.0967033351826
358.6995077938156,10.498947751437004,0.9999999999999997,-0.6963557961146681,1.5068457156037676,-118.08599714602462
358.70491063359054,10.490469808424521,0.9999999999999999,-0.6960283067072377,1.5064898007361656,-118.07522523329382
358.71031272870863,10.481991494691457,0.9999999999999998,-0.6957013429378166,1.5061341003249074,-118.06438822371832
358.7157140778417,10.47351280933896,0.9999999999999999,-0.6953749046912824,1.5057786150364754,-118.05348674402606
358.72111467966164,10.46503375146823,0.9999999999999999,-0.6950489918524801,1.5054233455372974,-118.04252142094505
358.7265145328403,10.456554320180521,0.9999999999999997,-0.6947236043062446,1.5050682924937653,-118.03149288120326
358.7319136360498,10.448074514577133,0.9999999999999997,-0.6943987419373118,1.5047134565722153,-118.0204017515288
358.7373119879619,10.43959433375943,0.9999999999999998,-0.6940744046304314,1.5043588384389492,-118.00924865864955
358.74270958724884,10.431113776828823,0.9999999999999997,-0.69375059227021,1.5040044387602185,-117.99803422929357
358.74810643258246,10.422632842886767,0.9999999999999999,-0.6934273047413329,1.5036502582022266,-117.98675909018881
358.75350252263496,10.414151531034776,0.9999999999999999,-0.6931045419283646,1.5032962974311386,-117.97542386806332
358.7588978560783,10.405669840374419,0.9999999999999997,-0.6927823037158393,1.5029425571130681,-117.96402918964507
