galstreams/tracks/track.st.Gaia-6.ibata2021.ecsv
# %ECSV 0.9
# ---
# datatype:
# - {name: ra, unit: deg, datatype: float64}
# - {name: dec, unit: deg, datatype: float64}
# - {name: distance, unit: kpc, datatype: float64}
# - {name: pm_ra_cosdec, unit: mas / yr, datatype: float64}
# - {name: pm_dec, unit: mas / yr, datatype: float64}
# - {name: radial_velocity, unit: km / s, datatype: float64}
# delimiter: ','
# meta: !!omap
# - __serialized_columns__:
#     dec:
#       __class__: astropy.coordinates.angles.Latitude
#       unit: &id001 !astropy.units.Unit {unit: deg}
#       value: !astropy.table.SerializedColumn {name: dec}
#     distance:
#       __class__: astropy.coordinates.distances.Distance
#       unit: !astropy.units.Unit {unit: kpc}
#       value: !astropy.table.SerializedColumn {name: distance}
#     pm_dec:
#       __class__: astropy.units.quantity.Quantity
#       unit: !astropy.units.Unit {unit: mas / yr}
#       value: !astropy.table.SerializedColumn {name: pm_dec}
#     pm_ra_cosdec:
#       __class__: astropy.units.quantity.Quantity
#       unit: !astropy.units.Unit {unit: mas / yr}
#       value: !astropy.table.SerializedColumn {name: pm_ra_cosdec}
#     ra:
#       __class__: astropy.coordinates.angles.Longitude
#       unit: *id001
#       value: !astropy.table.SerializedColumn {name: ra}
#       wrap_angle: !astropy.coordinates.Angle
#         unit: *id001
#         value: 360.0
#     radial_velocity:
#       __class__: astropy.units.quantity.Quantity
#       unit: !astropy.units.Unit {unit: km / s}
#       value: !astropy.table.SerializedColumn {name: radial_velocity}
# schema: astropy-2.0
ra,dec,distance,pm_ra_cosdec,pm_dec,radial_velocity
[from data line 1812]
221.2347482948881,37.07793994813748,9.227493951068332,-7.592095584645551,-5.822502432864871,6.73661370389787e-14
221.2452287753634,37.08344581713631,9.229466095549189,-7.59008046073064,-5.819604600117241,5.0524602779234026e-14
221.25571170725988,37.08894975018286,9.231439636404382,-7.588061734244105,-5.816706974337386,-1.6841534259744676e-14
221.26619709180596,37.09445174542522,9.233414573048597,-7.586039401470191,-5.813809557531178,0.0
221.27668493022912,37.09995180101095,9.235390904896493,-7.584013458693571,-5.810912351707193,3.368306851948935e-14
221.2871752237558,37.10544991508698,9.237368631362754,-7.581983902199307,-5.808015358876676,-5.0524602779234026e-14
221.2976679736115,37.110946085799675,9.23934775186205,-7.579950728272884,-5.805118581053581,3.368306851948935e-14
221.30816318102075,37.11644031129486,9.241328265809054,-7.577913933200195,-5.802222020254543,-8.420767129872338e-14
221.318660847207,37.12193258971773,9.243310172618434,-7.575873513267547,-5.799325678498905,-3.368306851948935e-14
221.32916097339282,37.12742291921294,9.245293471704874,-7.573829464761656,-5.796429557808699,-3.368306851948935e-14
221.33966356079972,37.13291129792455,9.247278162483042,-7.571781783969662,-5.793533660208659,0.0
221.35016861064824,37.13839772399605,9.24926424436761,-7.569730467179123,-5.790637987726226,6.73661370389787e-14
221.36067612415792,37.143882195570356,9.25125171677325,-7.567675510677999,-5.787742542391543,1.6841534259744676e-14
221.37118610254728,37.14936471078978,9.253240579114642,-7.56561691075469,-5.784847326237461,5.0524602779234026e-14
221.38169854703392,37.15484526779609,9.255230830806452,-7.563554663697996,-5.781952341299535,8.420767129872338e-14
221.39221345883436,37.160323864730465,9.257222471263358,-7.561488765797155,-5.779057589616037,6.73661370389787e-14
221.40273083916415,37.16580049973349,9.259215499900028,-7.559419213341827,-5.77616307322795,-1.6841534259744676e-14
221.41325068923783,37.17127517094519,9.261209916131143,-7.5573460026220864,-5.773268794178978,1.0104920555846805e-13
221.42377301026895,37.17674787650499,9.26320571937137,-7.555269129928441,-5.770374754515527,0.0
221.43429780346997,37.18221861455178,9.265202909035386,-7.553188591551823,-5.767480956286745,3.368306851948935e-14
221.44482507005253,37.1876873832238,9.267201484537862,-7.551104383783591,-5.76458740154448,0.0
221.455354811227,37.193154180658794,9.269201445293472,-7.5490165029155385,-5.761694092343323,1.1789073981821273e-13
221.46588702820299,37.19861900499387,9.271202790716892,-7.546924945239882,-5.758801030740573,5.0524602779234026e-14
221.47642172218892,37.204081854365576,9.27320552022279,-7.544829707049277,-5.755908218796274,1.6841534259744676e-14
221.48695889439225,37.20954272690988,9.275209633225842,-7.54273078463681,-5.753015658573196,0.0
221.49749854601944,37.215001620762166,9.277215129140723,-7.540628174295997,-5.750123352136833,3.368306851948935e-14
221.50804067827593,37.22045853405724,9.279222007382105,-7.5385218723208,-5.7472313015554235,8.420767129872338e-14
221.51858529236614,37.22591346492933,9.281230267364657,-7.536411875005612,-5.744339508899934,-6.73661370389787e-14
221.52913238949338,37.231366411512084,9.283239908503061,-7.534298178645261,-5.741447976244084,6.73661370389787e-14
221.5396819708601,37.236817371938585,9.285250930211982,-7.53218077953503,-5.738556705664322,-1.6841534259744676e-14
221.55023403766754,37.24226634434129,9.287263331906102,-7.530059673970617,-5.735665699239843,8.420767129872338e-14
221.56078859111602,37.24771332685215,9.289277113000082,-7.527934858248188,-5.732774959052593,1.0104920555846805e-13
221.57134563240487,37.25315831760247,9.291292272908608,-7.525806328664338,-5.729884487187254,3.368306851948935e-14
221.58190516273228,37.258601314723,9.293308811046346,-7.523674081516112,-5.72699428573127,-8.420767129872338e-14
221.5924671832954,37.264042316343925,9.29532672682797,-7.521538113101001,-5.724104356774837,6.73661370389787e-14
221.6030316952905,37.26948132059481,9.297346019668158,-7.519398419716944,-5.72121470241089,1.6841534259744676e-14
221.61359869991264,37.274918325604666,9.299366688981575,-7.517254997662326,-5.718325324735143,1.6841534259744676e-14
221.62416819835593,37.28035332950194,9.301388734182902,-7.515107843235985,-5.715436225846048,1.6841534259744676e-14
221.6347401918134,37.28578633041446,9.30341215468681,-7.512956952737205,-5.712547407844827,8.420767129872338e-14
221.64531468147706,37.29121732646951,9.305436949907971,-7.510802322465736,-5.709658872835469,6.73661370389787e-14
221.6558916685379,37.29664631579377,9.307463119261058,-7.50864394872177,-5.70677062292472,3.368306851948935e-14
221.66647115418576,37.30207329651334,9.309490662160746,-7.50648182780596,-5.7038826602220976,-3.368306851948935e-14
221.67705313960954,37.307498266753754,9.311519578021706,-7.504315956019412,-5.700994986839891,1.6841534259744676e-14
221.68763762599704,37.312921224639936,9.313549866258615,-7.502146329663692,-5.698107604893147,8.420767129872338e-14
221.69822461453504,37.31834216829626,9.315581526286142,-7.499972945040833,-5.69522051649971,8.420767129872338e-14
221.70881410640928,37.323761095846514,9.317614557518965,-7.497795798453312,-5.692333723780172,-6.73661370389787e-14
221.71940610280427,37.32917800541388,9.319648959371754,-7.495614886204081,-5.689447228857931,5.0524602779234026e-14
221.73000060490375,37.33459289512099,9.321684731259182,-7.49343020459656,-5.686561033859145,1.6841534259744676e-14
221.74059761389015,37.340005763089884,9.323721872595923,-7.491241749934618,-5.6836751409127615,-5.0524602779234026e-14
221.75119713094497,37.345416607442,9.325760382796652,-7.489049518522599,-5.680789552150513,6.73661370389787e-14
221.76179915724862,37.35082542629822,9.327800261276042,-7.486853506665318,-5.677904269706916,6.73661370389787e-14
221.77240369398044,37.35623221777884,9.329841507448762,-7.484653710668055,-5.675019295719281,5.0524602779234026e-14
221.78301074231868,37.361636980003546,9.331884120729491,-7.482450126836561,-5.6721346323276975,-1.6841534259744676e-14
221.79362030344055,37.36703971109149,9.3339281005329,-7.480242751477053,-5.669250281675064,3.368306851948935e-14
221.8042323785222,37.37244040916122,9.335973446273663,-7.478031580896236,-5.666366245907064,-6.73661370389787e-14
221.81484696873864,37.37783907233067,9.338020157366449,-7.47581661140127,-5.663482527172181,1.6841534259744676e-14
221.8254640752639,37.38323569871726,9.340068233225937,-7.473597839299807,-5.660599127621694,6.73661370389787e-14
221.8360836992709,37.388630286437746,9.342117673266799,-7.471375260899962,-5.657716049409689,8.420767129872338e-14
221.84670584193137,37.39402283360838,9.344168476903704,-7.469148872510347,-5.654833294693058,1.1789073981821273e-13
221.85733050441618,37.39941333834477,9.346220643551332,-7.466918670440034,-5.651950865631489,-6.73661370389787e-14
221.8679576878949,37.40480179876197,9.348274172624352,-7.464684650998584,-5.649068764387486,-1.6841534259744676e-14
221.87858739353615,37.410188212974454,9.35032906353744,-7.4624468104960435,-5.6461869931263635,3.368306851948935e-14
221.88921962250743,37.415572579096114,9.352385315705265,-7.460205145242946,-5.643305554016248,5.0524602779234026e-14
221.89985437597517,37.420954895240236,9.354442928542506,-7.457959651550299,-5.6404244492280675,-1.6841534259744676e-14
221.9104916551046,37.42633515951955,9.356501901463828,-7.455710325729604,-5.637543680935593,-3.368306851948935e-14
221.92113146106007,37.43171337004619,9.358562233883914,-7.453457164092851,-5.63466325131539,1.347322740779574e-13
221.93177379500463,37.43708952493171,9.360623925217428,-7.451200162952519,-5.631783162546856,3.368306851948935e-14
221.94241865810034,37.44246362228706,9.362686974879056,-7.448939318621572,-5.628903416812207,-3.368306851948935e-14
221.9530660515081,37.44783566022265,9.36475138228346,-7.446674627413475,-5.626024016296496,1.6841534259744676e-14
221.96371597638785,37.453205636848274,9.366817146845317,-7.44440608564218,-5.6231449631875865,0.0
221.9743684338982,37.45857355027315,9.368884267979299,-7.442133689622145,-5.620266259676187,0.0
221.9850234251969,37.463939398605916,9.37095274510008,-7.439857435668302,-5.617387907955826,0.0
221.99568095144048,37.46930317995462,9.373022577622335,-7.43757732009611,-5.614509910222867,-5.0524602779234026e-14
222.00634101378427,37.47466489242674,9.375093764960733,-7.435293339221501,-5.6116322686765265,5.0524602779234026e-14
222.01700361338266,37.480024534129136,9.377166306529954,-7.433005489360926,-5.608754985518833,0.0
222.02766875138883,37.485382103168135,9.379240201744667,-7.4307137668313255,-5.605878062954675,3.368306851948935e-14
222.03833642895495,37.49073759764945,9.381315450019546,-7.428418167950152,-5.603001503191772,0.0
222.0490066472319,37.49609101567819,9.383392050769261,-7.42611868903536,-5.600125308440701,5.0524602779234026e-14
222.0596794073696,37.501442355358925,9.38547000340849,-7.423815326405412,-5.5972494809148685,1.6841534259744676e-14
222.0703547105168,37.50679161479561,9.387549307351907,-7.4215080763792685,-5.5943740228305465,1.0104920555846805e-13
222.08103255782112,37.51213879209163,9.389629962014181,-7.419196935276419,-5.59149893640685,3.368306851948935e-14
222.09171295042907,37.51748388534977,9.39171196680999,-7.416881899416844,-5.588624223865742,-6.73661370389787e-14
222.10239588948602,37.52282689267225,9.393795321154004,-7.414562965121043,-5.585749887432062,1.6841534259744676e-14
222.11308137613625,37.52816781216068,9.395880024460894,-7.4122401287100335,-5.582875929333481,1.6841534259744676e-14
222.12376941152291,37.53350664191613,9.397966076145337,-7.409913386505341,-5.580002351800539,0.0
222.1344599967879,37.538843380039026,9.400053475622006,-7.4075827348290115,-5.577129157066654,1.347322740779574e-13
222.14515313307223,37.54417802462927,9.402142222305576,-7.405248170003602,-5.574256347368077,0.0
222.15584882151558,37.54951057378611,9.404232315610717,-7.402909688352202,-5.571383924943952,3.368306851948935e-14
222.16654706325653,37.554841025608276,9.406323754952101,-7.40056728619841,-5.568511892036282,-1.6841534259744676e-14
222.17724785943255,37.56016937819387,9.408416539744408,-7.398220959866348,-5.56564025088994,5.0524602779234026e-14
222.18795121118,37.565495629640445,9.410510669402306,-7.395870705680668,-5.5627690037526705,6.73661370389787e-14
222.19865711963405,37.57081977804492,9.412606143340469,-7.393516519966536,-5.559898152875094,1.0104920555846805e-13
222.20936558592877,37.57614182150368,9.414702960973571,-7.391158399049662,-5.557027700510709,0.0
222.220076611197,37.58146175811248,9.416801121716285,-7.38879633925626,-5.554157648915893,5.0524602779234026e-14
222.23079019657052,37.586779585966525,9.418900624983282,-7.386430336913094,-5.551288000349901,3.368306851948935e-14
222.24150634317996,37.59209530316041,9.42100147018924,-7.384060388347447,-5.548418757074879,1.347322740779574e-13
222.25222505215478,37.597408907788164,9.423103656748832,-7.381686489887136,-5.545549921355848,-5.0524602779234026e-14
222.26294632462321,37.602720397943216,9.425207184076728,-7.379308637860519,-5.542681495460727,5.0524602779234026e-14
222.27367016171252,37.60802977171841,9.427312051587599,-7.376926828596482,-5.539813481660319,-8.420767129872338e-14
222.28439656454862,37.613337027206,9.429418258696124,-7.374541058424449,-5.5369458822283235,3.368306851948935e-14
222.29512553425633,37.61864216249768,9.431525804816978,-7.372151323674378,-5.534078699441325,8.420767129872338e-14
222.3058570719594,37.62394517568455,9.433634689364826,-7.369757620676776,-5.531211935578815,-5.0524602779234026e-14
222.31659117878024,37.629246064857085,9.435744911754348,-7.367359945762683,-5.528345592923178,1.1789073981821273e-13
222.3273278558403,37.63454482810521,9.437856471400215,-7.364958295263686,-5.525479673759698,0.0
222.33806710425972,37.63984146351827,9.439969367717099,-7.362552665511914,-5.522614180376566,5.0524602779234026e-14
222.34880892515753,37.645135969185006,9.442083600119673,-7.360143052840041,-5.519749115064872,1.6841534259744676e-14
222.35955331965158,37.65042834319358,9.444199168022617,-7.357729453581285,-5.516884480118618,8.420767129872338e-14
222.37030028885852,37.65571858363156,9.446316070840593,-7.355311864069426,-5.514020277834716,1.0104920555846805e-13
222.38104983389388,37.661006688585935,9.448434307988286,-7.352890280638777,-5.511156510512977,-6.73661370389787e-14
222.39180195587198,37.666292656143106,9.450553878880363,-7.350464699624204,-5.508293180456146,1.6841534259744676e-14
222.40255665590595,37.67157648438888,9.4526747829315,-7.348035117361139,-5.505430289969868,-1.6841534259744676e-14
222.4133139351078,37.6768581714085,9.454797019556365,-7.345601530185559,-5.502567841362713,3.368306851948935e-14
222.42407379458828,37.68213771528659,9.456920588169636,-7.3431639344339965,-5.499705836946162,-5.0524602779234026e-14
222.43483623545703,37.687415114107225,9.459045488185986,-7.340722326443545,-5.49684427903463,3.368306851948935e-14
222.44560125882245,37.69269036595385,9.461171719020086,-7.338276702551854,-5.493983169945446,6.73661370389787e-14
222.45636886579177,37.69796346890936,9.463299280086611,-7.3358270590971415,-5.491122511998876,1.6841534259744676e-14
222.46713905747103,37.70323442105604,9.465428170800232,-7.333373392418167,-5.488262307518101,1.6841534259744677e-13
222.47791183496517,37.70850322047561,9.467558390575629,-7.330915698854275,-5.485402558829238,-3.368306851948935e-14
222.48868719937772,37.713769865249176,9.469689938827468,-7.328453974745368,-5.482543268261345,1.6841534259744676e-14
222.49946515181122,37.71903435345728,9.471822814970425,-7.325988216431909,-5.479684438146404,-1.6841534259744676e-14
222.51024569336695,37.72429668317985,9.473957018419174,-7.323518420254935,-5.476826070819337,-1.6841534259744676e-14
222.52102882514495,37.72955685249627,9.476092548588388,-7.321044582556055,-5.473968168618008,5.0524602779234026e-14
222.5318145482441,37.734814859485304,9.478229404892737,-7.318566699677443,-5.471110733883221,0.0
222.54260286376208,37.74007070222512,9.480367586746903,-7.316084767961844,-5.46825376895872,5.0524602779234026e-14
222.55339377279535,37.74532437879333,9.482507093565546,-7.313598783752586,-5.4653972761911955,3.368306851948935e-14
222.56418727643918,37.75057588726694,9.484647924763355,-7.311108743393557,-5.462541257930287,3.368306851948935e-14
222.57498337578758,37.75582522572237,9.48679007975499,-7.308614643229252,-5.45968571652859,-1.6841534259744676e-14
222.58578207193338,37.76107239223544,9.48893355795513,-7.3061164796047064,-5.4568306543416405,1.6841534259744676e-14
222.59658336596829,37.76631738488143,9.491078358778447,-7.303614248865564,-5.453976073727933,-3.368306851948935e-14
222.6073872589826,37.77156020173497,9.493224481639617,-7.301107947358036,-5.451121977048922,5.0524602779234026e-14
222.61819375206562,37.77680084087013,9.495371925953311,-7.29859757142893,-5.448268366669018,1.0104920555846805e-13
222.62900284630527,37.782039300360424,9.4975206911342,-7.29608311742562,-5.445415244955585,5.0524602779234026e-14
222.6398145427883,37.787275578278724,9.499670776596965,-7.293564581696079,-5.442562614278959,1.6841534259744676e-14
222.65062884260024,37.792509672697335,9.501822181756268,-7.291041960588876,-5.439710477012445,3.368306851948935e-14
222.66144574682542,37.79774158168799,9.50397490602679,-7.28851525045314,-5.436858835532295,6.73661370389787e-14
222.67226525654692,37.8029713033218,9.506128948823205,-7.285984447638624,-5.434007692217744,3.368306851948935e-14
222.68308737284656,37.80819883566933,9.508284309560187,-7.283449548495651,-5.431157049451002,5.0524602779234026e-14
222.69391209680504,37.813424176800524,9.510440987652402,-7.28091054937516,-5.428306909617245,-1.6841534259744676e-14
222.70473942950167,37.81864732478476,9.512598982514529,-7.278367446628661,-5.425457275104623,-8.420767129872338e-14
222.7155693720146,37.82386827769081,9.514758293561238,-7.275820236608274,-5.4226081483042705,6.73661370389787e-14
