galstreams/tracks/track.st.Jhelum-b.bonaca2019.ecsv
# %ECSV 0.9
# ---
# datatype:
# - {name: ra, unit: deg, datatype: float64}
# - {name: dec, unit: deg, datatype: float64}
# - {name: distance, unit: kpc, datatype: float64}
# - {name: pm_ra_cosdec, unit: mas / yr, datatype: float64}
# - {name: pm_dec, unit: mas / yr, datatype: float64}
# - {name: radial_velocity, unit: km / s, datatype: float64}
# delimiter: ','
# meta: !!omap
# - __serialized_columns__:
#     dec:
#       __class__: astropy.coordinates.angles.Latitude
#       unit: &id001 !astropy.units.Unit {unit: deg}
#       value: !astropy.table.SerializedColumn {name: dec}
#     distance:
#       __class__: astropy.coordinates.distances.Distance
#       unit: !astropy.units.Unit {unit: kpc}
#       value: !astropy.table.SerializedColumn {name: distance}
#     pm_dec:
#       __class__: astropy.units.quantity.Quantity
#       unit: !astropy.units.Unit {unit: mas / yr}
#       value: !astropy.table.SerializedColumn {name: pm_dec}
#     pm_ra_cosdec:
#       __class__: astropy.units.quantity.Quantity
#       unit: !astropy.units.Unit {unit: mas / yr}
#       value: !astropy.table.SerializedColumn {name: pm_ra_cosdec}
#     ra:
#       __class__: astropy.coordinates.angles.Longitude
#       unit: *id001
#       value: !astropy.table.SerializedColumn {name: ra}
#       wrap_angle: !astropy.coordinates.Angle
#         unit: *id001
#         value: 360.0
#     radial_velocity:
#       __class__: astropy.units.quantity.Quantity
#       unit: !astropy.units.Unit {unit: km / s}
#       value: !astropy.table.SerializedColumn {name: radial_velocity}
# schema: astropy-2.0
ra,dec,distance,pm_ra_cosdec,pm_dec,radial_velocity
7.143180671436851,-51.30690311325559,12.99999999999998,9.607947421902571,-5.807792909831639,75.81554318416553
6.903179437399297,-51.32205803017477,12.999999999999982,9.597684938924772,-5.834721867688257,75.53122737225777
6.663026109356039,-51.33674481179951,12.999999999999984,9.587264472210512,-5.861684988654581,75.24646534111132
6.422725299471239,-51.350962902584676,12.999999999999984,9.57668609873533,-5.888680385574538,74.96125903969336
6.182281641895171,-51.364711763915935,12.999999999999984,9.565949913175704,-5.915706167448267,74.67561042060966
5.941699792121396,-51.37799087420575,12.999999999999982,9.555056027955182,-5.942760439725505,74.38952144008988
5.700984426336354,-51.390799728986515,12.999999999999984,9.544004573285426,-5.969841304600944,74.10299405797285
5.460140240762416,-51.4031378410008,12.999999999999984,9.532795697202191,-5.996946861311332,73.81603023769155
5.219171950992345,-51.41500474028884,12.999999999999986,9.521429565595996,-6.0240752064344925,73.52863194625921
4.978084291318162,-51.42639997427294,12.999999999999988,9.509906362237752,-6.051224434189785,73.24080115425373
4.7368820140523225,-51.43732310783903,12.999999999999984,9.498226288798993,-6.078392636740182,72.95253983580349
4.495569888842329,-51.44777372341523,12.999999999999984,9.48638956486692,-6.105577904495727,72.66384996857263
4.254152701979895,-51.457751421047334,12.999999999999988,9.474396427954124,-6.1327783264181335,72.37473353374612
4.0126352557031595,-51.467255818471266,12.999999999999988,9.462247133502991,-6.159991990326634,72.0851925160152
3.771022367493125,-51.47628655118247,12.999999999999988,9.449941954884705,-6.187216983204811,71.79522890356283
3.5293188693653,-51.484843272502104,12.999999999999988,9.437481183392986,-6.214451391508203,71.50484468804855
3.287529607155157,-51.492925653640235,12.999999999999988,9.424865128232371,-6.241693301472772,71.21404186459453
3.0456594397985848,-51.50053338375569,12.99999999999999,9.412094116501079,-6.268940799423971,70.92282243176984
2.8037132386082977,-51.50766617001284,12.999999999999988,9.399168493168629,-6.296191972086201,70.63118839157707
2.5616958865444026,-51.51432373763505,12.999999999999988,9.38608862104783,-6.323444906892781,70.33914174943591
2.319612277482012,-51.52050582995504,12.99999999999999,9.372854880761555,-6.350697692295973,70.04668451417024
2.077467315473829,-51.52621220846178,12.999999999999988,9.359467670704047,-6.37794841807724,69.75381869799249
1.8352659140090135,-51.53144265284426,12.99999999999999,9.345927406996728,-6.405195175657429,69.46054631648879
1.5930129952693481,-51.536196961031855,12.999999999999991,9.332234523438785,-6.4324360584067035,69.1668693886047
1.3507134893813477,-51.54047494923144,12.999999999999991,9.318389471452264,-6.459669161954281,68.87278993663053
1.1083723336653866,-51.544276451961075,12.99999999999999,9.304392720021783,-6.486892584497713,68.57830998618621
0.8659944718829661,-51.54760132208041,12.99999999999999,9.29024475562899,-6.514104427111534,68.28343156620696
0.6235848534808138,-51.5504494308177,12.999999999999993,9.275946082181617,-6.541302794055256,67.98815670892861
0.3811484328327481,-51.552820667793426,12.999999999999991,9.261497220937201,-6.568485793080612,67.69248744987281
0.13869016848070354,-51.55471494104052,12.999999999999993,9.246898710421641,-6.595651535737634,67.39642582783209
359.8962150223728,-51.556132177021205,12.999999999999993,9.232151106342386,-6.6227981376799,67.09997388485569
359.6537279591015,-51.55707232064042,12.999999999999991,9.217254981496504,-6.649923718968314,66.803133666234
359.4112339451397,-51.557535335255885,12.999999999999993,9.2022109256735,-6.677026404373681,66.5059072204851
359.1687379480768,-51.55752120268459,12.999999999999996,9.187019545553042,-6.704104323677801,66.20829659933914
358.92624493585384,-51.5570299232061,12.999999999999991,9.171681464597594,-6.731155611972866,65.91030385772352
358.6837598759994,-51.55606151556219,12.999999999999991,9.156197322939983,-6.758178409959152,65.61193105374952
358.44128773486375,-51.55461601695326,12.999999999999996,9.140567777265943,-6.785170864240975,65.31318024869499
358.19883347685646,-51.55269348303123,12.999999999999995,9.124793500691826,-6.812131127620425,65.01405350699319
357.9564020636816,-51.55029398788894,12.999999999999993,9.108875182637268,-6.839057359389178,64.71455289621464
357.71399845357575,-51.54741762404644,12.999999999999996,9.092813528693116,-6.865947725618052,64.41468048705521
357.4716276005473,-51.544064502433436,12.999999999999996,9.076609260484592,-6.89280039944411,64.11443835331914
357.2292944536168,-51.54023475236867,12.999999999999996,9.060263115529727,-6.919613561355372,63.8138285719063
356.9870039560585,-51.53592852153582,12.999999999999996,9.043775847093094,-6.946385399472992,63.51285322279565
356.7447610446464,-51.53114597595599,12.999999999999996,9.027148224035127,-6.973114109830535,63.21151438903282
356.5025706488996,-51.52588729995679,12.999999999999996,9.010381030656745,-6.999797896650719,62.909814156712386
356.2604376903333,-51.52015269613822,12.999999999999996,8.993475066539737,-7.026434972618922,62.607754614966765
356.01836708171055,-51.51394238533497,12.999999999999995,8.976431146382666,-7.053023559153891,62.305337855947855
355.77636372629837,-51.507256606575694,12.999999999999996,8.959250099832548,-7.079561886675217,62.0025659748149
355.53443251712747,-51.50009561703874,12.999999999999996,8.941932771312402,-7.106048194867489,61.69944106971898
355.2925783362552,-51.49245969200465,12.999999999999996,8.924480019844633,-7.132480732941188,61.39596524178848
355.0508060540328,-51.484349124805505,12.999999999999996,8.906892718870372,-7.158857759890122,61.092140595113925
354.80912052837743,-51.47576422677087,12.999999999999996,8.889171756065025,-7.18517754474521,60.7879692367337
354.5675266040478,-51.46670532717062,12.999999999999996,8.871318033149823,-7.211438366824736,60.48345327661918
354.3260291119258,-51.457172773154554,12.999999999999998,8.85333246569976,-7.23763851598075,60.17859482765998
354.0846328683026,-51.447166929688805,12.999999999999998,8.835215982947842,-7.26377629284168,59.873396005650086
353.8433426741699,-51.436688179489096,12.999999999999996,8.816969527585725,-7.2898500090510865,59.5678589292716
353.60216331451727,-51.425736922950996,12.999999999999998,8.798594055561015,-7.315857987502228,59.261985720080986
353.36109955763555,-51.41431357807696,12.999999999999998,8.780090535871151,-7.341798562568704,58.955778502494596
353.1201561544253,-51.40241858040034,12.999999999999998,8.761459950354007,-7.367670080330862,58.649239403774075
352.8793378377125,-51.39005238290644,12.999999999999998,8.742703293475444,-7.393470898797913,58.342370554009655
352.6386493215713,-51.377215455950534,12.999999999999998,8.723821572113765,-7.41919938812574,58.03517408610913
352.39809530065105,-51.36390828717294,12.999999999999998,8.704815805341168,-7.4448539308304085,57.727652135779266
352.1576804495142,-51.35013138141117,12.999999999999996,8.685687024202558,-7.470432921996979,57.41980684151446
351.91740942197794,-51.335885260609196,12.999999999999998,8.666436271491428,-7.495934769484037,57.11164034457865
351.67728685046484,-51.321170463723895,12.999999999999998,8.647064601523276,-7.521357894123496,56.803154788994135
351.43731734536186,-51.3059875466287,12.999999999999998,8.627573079906494,-7.546700729915694,56.49435232152482
351.19750549438487,-51.29033708201441,12.999999999999998,8.607962783310775,-7.571961724219959,56.185235091660786
350.9578558619542,-51.2742196592874,12.999999999999998,8.588234799233435,-7.5971393379401775,55.875805251606074
350.7183729885761,-51.25763588446504,12.999999999999996,8.568390225763387,-7.6222320457057275,55.56606495626245
350.4790613902333,-51.2405863800685,12.999999999999998,8.54843017134315,-7.647238336047504,55.256016363213895
350.23992555778483,-51.22307178501304,12.999999999999996,8.528355754528945,-7.672156711568964,54.945661632713424
350.0009699563742,-51.20509275449567,12.999999999999996,8.508168103748945,-7.696985689112259,54.63500292766846
349.76219902484576,-51.186649959880306,13.0,8.487868357059766,-7.7217237999194985,54.32404241362454
349.52361717517186,-51.1677440885805,12.999999999999998,8.467457661901502,-7.746369589788758,54.01278225875233
349.2852287918877,-51.14837584393977,12.999999999999998,8.446937174851158,-7.770921619225249,53.70122463383186
349.0470382315365,-51.12854594510951,12.999999999999998,8.426308061374757,-7.795378463587317,53.38937171223824
348.80904982212405,-51.10825512692469,13.0,8.40557149557829,-7.8197387132272915,53.07722566992689
348.5712678625829,-51.087504139777124,13.0,8.38472865995735,-7.8440009736273275,52.76478868541841
348.3336966222467,-51.06629374948675,12.999999999999996,8.363780745146025,-7.86816386552996,52.45206293978536
348.0963403403342,-51.044624737170544,12.999999999999998,8.342728949664588,-7.892226025063599,52.13905061663542
347.8592032254433,-51.02249789910938,12.999999999999998,8.321574479666628,-7.91618610386285,51.82575390209851
347.622289455056,-50.99991404661291,12.999999999999998,8.300318548685414,-7.940042769183556,51.51217498481058
347.38560317505295,-50.976874005882365,12.999999999999998,8.278962377379749,-7.963794704012713,51.198316055900946
347.14914849923866,-50.95337861787134,12.999999999999996,8.257507193279276,-7.987440607173281,50.884179308975334
346.91292950887765,-50.92942873814483,12.999999999999993,8.235954230529597,-8.010979193423587,50.56976694010242
346.6769502522409,-50.90502523673629,12.999999999999996,8.214304729637062,-8.034409193551719,50.25508114779877
346.4412147441627,-50.880168998002915,12.999999999999996,8.19255993721347,-8.0577293544647,49.94012413301479
346.20572696560953,-50.85486092047924,12.999999999999996,8.17072110572083,-8.080938439272382,49.62489809911928
345.9704908632579,-50.829101916729,12.999999999999996,8.14878949321608,-8.10403522736634,49.30940525188499
345.73551034908525,-50.802892913195365,12.999999999999993,8.126766363096209,-8.127018514493473,48.99364779947315
345.5007892999705,-50.77623485004961,12.999999999999996,8.104652983843556,-8.149887112824496,48.67762795242082
345.26633155730565,-50.74912868103826,12.999999999999998,8.082450628771547,-8.172639851017452,48.36134792362385
345.0321409266198,-50.72157537332874,12.999999999999996,8.06016057577107,-8.195275574275907,48.04480992832413
344.7982211772126,-50.69357590735369,12.999999999999996,8.037784107057325,-8.217793144402258,47.728016184093455
344.56457604180014,-50.66513127665376,12.999999999999996,8.01532250891748,-8.240191439845955,47.410968910819236
344.33120921617166,-50.63624248771938,12.999999999999993,7.9927770714592,-8.262469355746678,47.09367033069009
344.09812435885766,-50.60691055983097,12.999999999999998,7.970149088360008,-8.284625803972528,46.77612266818109
343.8653250908088,-50.57713652489816,12.999999999999993,7.947439856617728,-8.306659713153401,46.45832815003894
343.6328149950872,-50.54692142729788,12.999999999999996,7.924650676302041,-8.328570028709256,46.140289005267505
343.4005976165674,-50.51626632371121,12.999999999999996,7.901782850307203,-8.350355712873768,45.82200746511231
343.1686764616504,-50.48517228295939,12.999999999999996,7.878837684106154,-8.372015744712886,45.50348576304696
342.9370549979879,-50.45364038583882,12.999999999999996,7.855816485505915,-8.393549120138852,45.18472613475792
342.7057366542178,-50.42167172495496,12.999999999999996,7.832720564404539,-8.414954851919365,44.86573081812943
342.4747248197117,-50.389267404555724,12.999999999999996,7.809551232549562,-8.43623196968209,44.5465020532293
342.2440228443332,-50.35642854036376,12.999999999999996,7.786309803298185,-8.457379519914543,44.22704208229481
342.01363403820733,-50.323156259408066,12.999999999999996,7.762997591379072,-8.478396565959384,43.90735314971629
341.7835616715014,-50.289451699855036,12.999999999999996,7.739615912656058,-8.499282188005234,43.587437502023825
341.5538089742171,-50.2553160108387,12.999999999999996,7.71616608389368,-8.520035483072936,43.26729738787245
341.32437913599347,-50.220750352290516,12.999999999999995,7.6926494225246955,-8.540655564997502,42.946935058027265
341.09527530592135,-50.18575589476845,12.999999999999996,7.669067246419621,-8.561141564405652,42.626352765347995
340.86650059236825,-50.1503338192858,12.999999999999993,7.645420873658381,-8.58149262868909,42.305552764775285
340.6380580628149,-50.11448531713944,12.999999999999996,7.621711622304141,-8.60170792197352,41.98453731331607
340.40995074370204,-50.07821158973771,12.999999999999996,7.597940810179363,-8.621786625083589,41.663308670027554
340.18218162028893,-50.04151384842802,12.999999999999996,7.574109754644201,-8.641727935503589,41.341869096004565
339.95475363652173,-50.00439331432413,12.999999999999998,7.550219772377229,-8.66153106733428,41.02022085436285
339.72766969491295,-49.966851218133314,12.999999999999993,7.526272179158604,-8.681195251245686,40.69836621022534
339.50093265643204,-49.92888879998317,12.999999999999995,7.502268289655764,-8.700719734425936,40.37630743070827
339.27454534040567,-49.89050730924848,12.999999999999996,7.478209417211604,-8.72010378052645,40.05404678490399
339.048510524429,-49.851708004377954,12.999999999999995,7.454096873635313,-8.739346669603197,39.73158654386916
338.8228309442874,-49.81249215272085,12.999999999999998,7.429931968995814,-8.758447698054397,39.408928980608444
338.59750929388804,-49.77286103035375,12.999999999999993,7.405716011417953,-8.777406178554589,39.08607637005962
338.3725482252022,-49.73281592190731,12.999999999999995,7.381450306881368,-8.796221439985114,38.76303098907995
338.1479503482172,-49.69235812039322,12.999999999999996,7.357136159022233,-8.81489282736127,38.43979511643087
337.92371823089843,-49.6514889270312,12.999999999999996,7.332774868937798,-8.833419701755943,38.11637103276296
337.6998543991616,-49.61020965107636,12.999999999999996,7.308367734993761,-8.851801440220068,37.7927610206018
337.4763613368542,-49.568521609646616,12.999999999999998,7.28391605263467,-8.87003743569977,37.46896736433285
337.25324148574737,-49.526426127550636,12.999999999999998,7.259421114197171,-8.888127096950404,37.144992350187536
337.0304972455362,-49.48392453711596,12.999999999999996,7.2348842087262994,-8.90606984844753,36.820838266227895
336.80813097385067,-49.44101817801751,12.999999999999998,7.210306621794768,-8.923865130294878,36.49650740233164
336.586144986275,-49.39770839710659,12.999999999999998,7.185689635325312,-8.941512398129435,36.17200205017733
336.3645415563767,-49.35399654824039,12.999999999999998,7.161034527416133,-8.959011123023632,35.84732450323182
336.1433229157442,-49.3098839921118,12.999999999999998,7.13634257216939,-8.976360791384874,35.52247705673209
335.9224912540339,-49.26537209608006,13.0,7.111615039522878,-8.993560904852313,35.19746200767361
335.7020487190255,-49.22046223400168,13.0,7.086853195084819,-9.010610980191075,34.87228165479333
335.4819974166868,-49.175155786062255,12.999999999999998,7.062058299971845,-9.027510549183944,34.546938298557244
335.2623394112455,-49.12945413860879,12.999999999999998,7.037231610650121,-9.044259158520651,34.221434241143456
335.04307672527125,-49.08335868398272,12.999999999999996,7.0123743787797475,-9.06085636968475,33.89577178642915
334.82421133976436,-49.03687082035377,12.999999999999998,6.987487851062275,-9.077301758838267,33.56995323997457
334.6057451942539,-48.98999195155443,13.0,6.962573269091564,-9.093594916704122,33.24398090900995
334.38768018690246,-48.94272348691537,12.999999999999998,6.937631869207761,-9.109735448446454,32.91785710241906
334.17001817461977,-48.89506684110163,13.0,6.912664882354612,-9.125722973548879,32.59158413072567
333.95276097318356,-48.847023433949644,12.999999999999998,6.887673533939986,-9.141557125690811,32.265164306078354
333.7359103573678,-48.798594690305244,12.999999999999998,6.862659043699632,-9.157237552621886,31.9385999422364
333.5194680610788,-48.7497820398625,12.999999999999998,6.83762262556425,-9.172763916034572,31.611893354554073
