galstreams/tracks/track.st.Perpendicular.weiss2018.ecsv
# %ECSV 0.9
# ---
# datatype:
# - {name: ra, unit: deg, datatype: float64}
# - {name: dec, unit: deg, datatype: float64}
# - {name: distance, unit: kpc, datatype: float64}
# - {name: pm_ra_cosdec, unit: mas / yr, datatype: float64}
# - {name: pm_dec, unit: mas / yr, datatype: float64}
# - {name: radial_velocity, unit: km / s, datatype: float64}
# delimiter: ','
# meta: !!omap
# - __serialized_columns__:
#     dec:
#       __class__: astropy.coordinates.angles.Latitude
#       unit: &id001 !astropy.units.Unit {unit: deg}
#       value: !astropy.table.SerializedColumn {name: dec}
#     distance:
#       __class__: astropy.coordinates.distances.Distance
#       unit: !astropy.units.Unit {unit: kpc}
#       value: !astropy.table.SerializedColumn {name: distance}
#     pm_dec:
#       __class__: astropy.units.quantity.Quantity
#       unit: !astropy.units.Unit {unit: mas / yr}
#       value: !astropy.table.SerializedColumn {name: pm_dec}
#     pm_ra_cosdec:
#       __class__: astropy.units.quantity.Quantity
#       unit: !astropy.units.Unit {unit: mas / yr}
#       value: !astropy.table.SerializedColumn {name: pm_ra_cosdec}
#     ra:
#       __class__: astropy.coordinates.angles.Longitude
#       unit: *id001
#       value: !astropy.table.SerializedColumn {name: ra}
#       wrap_angle: !astropy.coordinates.Angle
#         unit: *id001
#         value: 360.0
#     radial_velocity:
#       __class__: astropy.units.quantity.Quantity
#       unit: !astropy.units.Unit {unit: km / s}
#       value: !astropy.table.SerializedColumn {name: radial_velocity}
# schema: astropy-2.0
ra,dec,distance,pm_ra_cosdec,pm_dec,radial_velocity
182.41239760559176,27.014376784344694,16.176194247474204,0.0,0.0,0.0
181.79991323223817,26.67006909741479,16.360513958536526,0.0,0.0,0.0
181.2650387782429,26.3525324146473,16.52108887076327,0.0,0.0,0.0
180.80136394300084,26.06050899169748,16.660010892917107,0.0,0.0,0.0
180.40255845214972,25.792482116101944,16.779294270583677,0.0,0.0,0.0
180.06245886408627,25.546757442064145,16.880862200098264,0.0,0.0,0.0
179.77513496039123,25.321532943120832,16.96653672165808,0.0,0.0,0.0
179.5349395254725,25.11495782939867,17.03803147711706,0.0,0.0,0.0
179.33654453828348,24.925181107325958,17.096946955256296,0.0,0.0,0.0
179.174966185644,24.750390658935597,17.14476788209068,0.0,0.0,0.0
179.04558063153235,24.588843820500664,17.182862446138277,0.0,0.0,0.0
178.94413211151178,24.438890473722594,17.212483078669017,0.0,0.0,0.0
178.86673464196804,24.29898964814158,17.234768536880054,0.0,0.0,0.0
178.80986842000834,24.167720586763828,17.250747063833867,0.0,0.0,0.0
178.77037182556379,24.043789159935418,17.261340422950212,0.0,0.0,0.0
178.74542980972922,23.926030433944277,17.267368626971848,0.0,0.0,0.0
178.7325593528055,23.813408117025585,17.26955520172801,0.0,0.0,0.0
178.72959259438161,23.70501152090691,17.2685328437972,0.0,0.0,0.0
178.73465817046664,23.600050593921527,17.2648493484157,0.0,0.0,0.0
178.74616123503367,23.497849504175857,17.258973699781393,0.0,0.0,0.0
178.76276259239336,23.39783917963234,17.251302230349594,0.0,0.0,0.0
178.78335732052244,23.299549147015448,17.24216476889284,0.0,0.0,0.0
178.80705322246362,23.202598953481022,17.231830709077837,0.0,0.0,0.0
178.83314940234283,23.1066894039735,17.220514941177804,0.0,0.0,0.0
178.86111522395538,23.011593802865903,17.20838359935862,0.0,0.0,0.0
178.8905698730526,22.917149350393444,17.195559585822302,0.0,0.0,0.0
178.92126270940153,22.823248812006266,17.182127841028187,0.0,0.0,0.0
178.953054561477,22.72983255147536,17.168140336303168,0.0,0.0,0.0
178.98590008542863,22.63688099576621,17.153620771458286,0.0,0.0,0.0
179.0198312808971,22.544407580735086,17.138568965606915,0.0,0.0,0.0
179.054942229488,22.45245221102863,17.122964934284372,0.0,0.0,0.0
179.0913750973584,22.361075254652725,17.106772650251905,0.0,0.0,0.0
179.12930742150488,22.270352082056263,17.089943489078504,0.0,0.0,0.0
179.16894067998896,22.180368150846522,17.072419363779026,0.0,0.0,0.0
179.21049012947446,22.091214630077957,17.054135555490195,0.0,0.0,0.0
179.2541758790191,22.00298455215566,17.03502324942951,0.0,0.0,0.0
179.30021515695904,21.915769475545662,17.015011787244763,0.0,0.0,0.0
179.34881571781506,21.82965663750999,16.99403064836167,0.0,0.0,0.0
179.40017032828183,21.744726572849736,16.972011174108292,0.0,0.0,0.0
179.45445226536415,21.661051172041773,16.948888049270835,0.0,0.0,0.0
179.51181175541453,21.578692150116332,16.92460055634717,0.0,0.0,0.0
179.57237328002657,21.4976998960864,16.8990936181403,0.0,0.0,0.0
179.63623367326247,21.41811267166128,16.872318644501956,0.0,0.0,0.0
179.70346093436837,21.339956127319965,16.84423419902102,0.0,0.0,0.0
179.77409368079267,21.26324310355574,16.814806501276966,0.0,0.0,0.0
179.8481411678169,21.187973685203627,16.784009779965924,0.0,0.0,0.0
179.92558380329055,21.114135477199767,16.751826491777518,0.0,0.0,0.0
180.0063740887128,21.041704070868587,16.71824742037261,0.0,0.0,0.0
180.09043792110015,20.970643670860404,16.68327166920244,0.0,0.0,0.0
180.17767619363025,20.90090785413733,16.64690656123566,0.0,0.0,0.0
180.267966636862,20.832440433896625,16.609167457933808,0.0,0.0,0.0
180.3611658463325,20.76517640299392,16.57007750905347,0.0,0.0,0.0
180.4571114464498,20.699042933249014,16.529667344064908,0.0,0.0,0.0
180.55562434478574,20.63396040895134,16.487974715174357,0.0,0.0,0.0
180.65651103507628,20.56984347489261,16.44504410112962,0.0,0.0,0.0
180.75956591141343,20.506602081314092,16.40092628018508,0.0,0.0,0.0
180.86457356023527,20.444142510227543,16.355677879810482,0.0,0.0,0.0
180.9713110007505,20.3823683696289,16.309360909954492,0.0,0.0,0.0
181.07954984835374,20.321181544142025,16.26204228592483,0.0,0.0,0.0
181.18905837937046,20.260483092586185,16.213793346227718,0.0,0.0,0.0
181.29960347909903,20.200174084832657,16.164689370022717,0.0,0.0,0.0
181.4109524585765,20.140156372087933,16.114809098201217,0.0,0.0,0.0
181.52287472876975,20.080333286398375,16.064234261487254,0.0,0.0,0.0
181.635143323972,20.020610266703798,16.01304911839348,0.0,0.0,0.0
181.74753626905806,19.96089541016765,15.96134000534194,0.0,0.0,0.0
181.85983778791115,19.90109994877408,15.90919490078153,0.0,0.0,0.0
181.97183935277243,19.841138652304977,15.856703004701004,0.0,0.0,0.0
182.08334057647755,19.780930159793375,15.803954334549228,0.0,0.0,0.0
182.19414995152948,19.720397242394803,15.751039338231449,0.0,0.0,0.0
182.30408544171155,19.659467001329407,15.69804852455197,0.0,0.0,0.0
182.412974933468,19.59807100512997,15.645072111217821,0.0,0.0,0.0
182.5206565555766,19.536145370890747,15.59219969030376,0.0,0.0,0.0
182.62697887670785,19.473630794555994,15.539519910904184,0.0,0.0,0.0
182.73180099131727,19.41047253552397,15.487120178560458,0.0,0.0,0.0
182.8349925049542,19.346620360979326,15.435086370950403,0.0,0.0,0.0
182.9364334305038,19.282028455413727,15.38350256925784,0.0,0.0,0.0
183.0360140071145,19.216655300758614,15.332450804601544,0.0,0.0,0.0
183.13363445361574,19.15046353244544,15.282010818892127,0.0,0.0,0.0
183.22920466810876,19.08341977653432,15.23225983949926,0.0,0.0,0.0
183.32264388513184,19.015494472821093,15.183272367147584,0.0,0.0,0.0
183.41388030137406,18.94666168855282,15.13511997651452,0.0,0.0,0.0
183.5028506803518,18.876898927060108,15.087871129074225,0.0,0.0,0.0
183.58949994578794,18.806186935259117,15.04159099781611,0.0,0.0,0.0
183.6737807726566,18.73450951359272,14.996341303560785,0.0,0.0,0.0
183.75565318399615,18.661853331576225,14.952180162698115,0.0,0.0,0.0
183.83508416066354,18.58820775169356,14.909161946278495,0.0,0.0,0.0
183.9120472702208,18.5135646639625,14.867337150496926,0.0,0.0,0.0
183.98652232012446,18.437918333053304,14.826752278717075,0.0,0.0,0.0
184.05849503934803,18.36126525941585,14.787449735287144,0.0,0.0,0.0
184.12795679151907,18.283604055443785,14.749467731498424,0.0,0.0,0.0
184.1949043216125,18.20493533728923,14.712840204128906,0.0,0.0,0.0
184.25933953722082,18.125261632540465,14.677596747095995,0.0,0.0,0.0
184.32126932443862,18.04458730359195,14.643762556812721,0.0,0.0,0.0
184.38070539745783,17.962918486174303,14.611358391898884,0.0,0.0,0.0
184.43766418008883,17.880263042174693,14.58040054794108,0.0,0.0,0.0
184.49216671660795,17.79663052556883,14.550900848021982,0.0,0.0,0.0
184.54423860859302,17.71203216000603,14.522866649749224,0.0,0.0,0.0
184.59390997375556,17.626480826342092,14.496300869505768,0.0,0.0,0.0
184.64121542221469,17.539991058202123,14.471202024617533,0.0,0.0,0.0
184.68619404519285,17.452579043479243,14.447564294088643,0.0,0.0,0.0
184.7288894107489,17.36426262953655,14.425377598490805,0.0,0.0,0.0
184.76934956090437,17.275061329779934,14.404627699510257,0.0,0.0,0.0
184.8076270043671,17.184996329209095,14.385296319554547,0.0,0.0,0.0
184.84377869901064,17.094090486534366,14.367361281701893,0.0,0.0,0.0
184.87786601833167,17.002368330466894,14.350796670139463,0.0,0.0,0.0
184.90995469627674,16.90985604785078,14.335573011083882,0.0,0.0,0.0
184.94011474510128,16.81658146140553,14.321657474009644,0.0,0.0,0.0
184.9684203412984,16.722573994986842,14.309014092829324,0.0,0.0,0.0
184.99494967510176,16.627864624450364,14.297604006476025,0.0,0.0,0.0
185.0197847596237,16.53248581241605,14.287385718134551,0.0,0.0,0.0
185.04301119633158,16.43647142547851,14.278315372155644,0.0,0.0,0.0
185.06471789427894,16.339856632687393,14.270347047469208,0.0,0.0,0.0
185.08499674129013,16.242677784430718,14.263433066090455,0.0,0.0,0.0
185.10394222613667,16.144972271188358,14.257524315089114,0.0,0.0,0.0
185.12165101162913,16.046778361980117,14.252570580169706,0.0,0.0,0.0
185.13822145947137,15.948135022708476,14.248520888792324,0.0,0.0,0.0
185.15375310867287,15.849081714986372,14.245323860551618,0.0,0.0,0.0
185.16834611027642,15.749658176440136,14.24292806232966,0.0,0.0,0.0
185.18210062212296,15.649904183882231,14.241282365548585,0.0,0.0,0.0
185.1951161683287,15.549859301152457,14.240336302675075,0.0,0.0,0.0
185.20749096907937,15.44956261382392,14.240040419973045,0.0,0.0,0.0
185.21932124724123,15.349052453355473,14.240346623367072,0.0,0.0,0.0
185.23070051913322,15.248366113640158,14.241208514169632,0.0,0.0,0.0
185.2417188775884,15.147539563242223,14.242581711343265,0.0,0.0,0.0
185.25246227614167,15.046607156928275,14.244424156917212,0.0,0.0,0.0
185.26301182380192,14.945601350374675,14.246696401159499,0.0,0.0,0.0
185.27344310038924,14.844552422167093,14.249361864122406,0.0,0.0,0.0
185.28382550282726,14.743488207393964,14.252387070234828,0.0,0.0,0.0
185.29422163306734,14.64243384726726,14.255741852710273,0.0,0.0,0.0
185.30468673847312,14.541411559277172,14.259399524677574,0.0,0.0,0.0
185.31526821549915,14.440440432396315,14.263337014123321,0.0,0.0,0.0
185.32600518734978,14.339536251790754,14.267534959962985,0.0,0.0,0.0
185.33692816598992,14.238711357365196,14.271977766832137,0.0,0.0,0.0
185.34805880839414,14.137974540265567,14.276653616511274,0.0,0.0,0.0
185.35940977625606,14.037330981181766,14.281554434267662,0.0,0.0,0.0
185.37098470753116,13.93678223393491,14.286675808815355,0.0,0.0,0.0
185.38277830714813,13.836326257396756,14.292016865059349,0.0,0.0,0.0
185.39477656299596,13.735957498274129,14.297580089300864,0.0,0.0,0.0
185.40695709187534,13.635667026699036,14.303371107136059,0.0,0.0,0.0
185.4192896184943,13.535442725898498,14.309398414877933,0.0,0.0,0.0
185.43173658879627,13.435269536478742,14.315673065967731,0.0,0.0,0.0
185.44425391693704,13.335129755050986,14.322208314514093,0.0,0.0,0.0
185.45679186309025,13.235003386054963,14.329019218801271,0.0,0.0,0.0
185.4692960369668,13.134868544707212,14.336122208336409,0.0,0.0,0.0
185.48170851950178,13.034701908020624,14.343534618754264,0.0,0.0,0.0
185.4939690926118,12.934479209818047,14.35127419965892,0.0,0.0,0.0
185.5060165642803,12.834175774603601,14.359358601247573,0.0,0.0,0.0
185.51779017351402,12.733767084072245,14.367804846323033,0.0,0.0,0.0
185.5292310569665,12.633229368940803,14.376628795048578,0.0,0.0,0.0
185.5402837562757,12.53254021768656,14.385844610520211,0.0,0.0,0.0
185.5508977424577,12.431679192695688,14.395464233915067,0.0,0.0,0.0
185.56102893107928,12.330628443270625,14.405496878606574,0.0,0.0,0.0
185.5706411594523,12.229373303940715,14.415948553202748,0.0,0.0,0.0
185.57970759480435,12.127902865585314,14.42682162394666,0.0,0.0,0.0
185.5882120403472,12.02621050603573,14.438114427300675,0.0,0.0,0.0
185.5961501044505,11.924294366098678,14.449820943798851,0.0,0.0,0.0
185.60353019680414,11.822157756367885,14.461930544374198,0.0,0.0,0.0
185.6103743145979,11.71980947979472,14.474427820327431,0.0,0.0,0.0
185.61671858143924,11.617264054809318,14.48729250787647,0.0,0.0,0.0
185.62261350206612,11.514541823859215,14.500499517786603,0.0,0.0,0.0
185.6281238969753,11.41166893260702,14.514019079900926,0.0,0.0,0.0
185.63332848299245,11.308677165747438,14.52781701144137,0.0,0.0,0.0
185.63831906865687,11.205603626518068,14.54185511669951,0.0,0.0,0.0
185.64319933720546,11.102490248540304,14.55609172415064,0.0,0.0,0.0
185.64808319503982,10.99938313069316,14.570482365068612,0.0,0.0,0.0
185.65309266998256,10.896331688352754,14.584980595354422,0.0,0.0,0.0
185.65835535152067,10.793387617585113,14.599538959478819,0.0,0.0,0.0
185.66400137474707,10.690603672823272,14.614110092135634,0.0,0.0,0.0
185.6701599610171,10.588032263256856,14.628647949363293,0.0,0.0,0.0
185.6769555416107,10.485723878679984,14.643109156469668,0.0,0.0,0.0
185.68450350612395,10.383725361950114,14.657454455040114,0.0,0.0,0.0
185.69290563511322,10.282078052575553,14.671650225567697,0.0,0.0,0.0
185.70224529689236,10.180815834345553,14.685670055762605,0.0,0.0,0.0
185.71258251157417,10.079963129417623,14.699496317316742,0.0,0.0,0.0
185.72394901168786,9.979532891961279,14.713121705758027,0.0,0.0,0.0
185.73634345825226,9.879524666408678,14.726550688963147,0.0,0.0,0.0
185.7497270043011,9.779922788671984,14.739800799839886,0.0,0.0,0.0
185.7640194348165,9.680694823455259,14.7529036975706,0.0,0.0,0.0
185.7790961531081,9.581790347128646,14.765905909553013,0.0,0.0,0.0
185.7947863291636,9.483140203672766,14.778869152706198,0.0,0.0,0.0
185.81087257568188,9.384656381089432,14.791870118048065,0.0,0.0,0.0
185.82709257267024,9.286232677577773,14.804999586311643,0.0,0.0,0.0
185.84314312193735,9.187746350883023,14.818360724763119,0.0,0.0,0.0
185.85868717883847,9.089060970748672,14.832066396223807,0.0,0.0,0.0
185.8733644805312,8.990030723568704,14.84623529048536,0.0,0.0,0.0
185.88680646809928,8.890506450380741,14.860986665743303,0.0,0.0,0.0
185.89865628454444,8.790343734488898,14.876433463255413,0.0,0.0,0.0
185.9085947222307,8.689413393452229,14.89267353205065,0.0,0.0,0.0
185.91637309237223,8.587614772042498,14.909778672059797,0.0,0.0,0.0
185.9218540961858,8.484892278068392,14.927781173394706,0.0,0.0,0.0
185.9250618931656,8.381255651491417,14.946657496548271,0.0,0.0,0.0
185.92624268762654,8.276804508555017,14.966308702897019,0.0,0.0,0.0
185.9259372915829,8.171757755844613,14.986537206932862,0.0,0.0,0.0
185.92506727205603,8.066488522885713,15.007019380995184,0.0,0.0,0.0
185.92503645651306,7.961565313928757,15.027273499779945,0.0,0.0,0.0
185.92784975464892,7.857800126847017,15.046622465424363,0.0,0.0,0.0
185.93625146254283,7.756304325142404,15.064150704354127,0.0,0.0,0.0
185.95388545228363,7.658553071627176,15.078654574180389,0.0,0.0,0.0
185.98547992455232,7.566459130456289,15.088585562586333,0.0,0.0,0.0
186.0370597247267,7.4824568047732445,15.09198550018108,0.0,0.0,0.0
