galstreams/tracks/track.st.M68.ibata2021.ecsv
# %ECSV 0.9
# ---
# datatype:
# - {name: ra, unit: deg, datatype: float64}
# - {name: dec, unit: deg, datatype: float64}
# - {name: distance, unit: kpc, datatype: float64}
# - {name: pm_ra_cosdec, unit: mas / yr, datatype: float64}
# - {name: pm_dec, unit: mas / yr, datatype: float64}
# - {name: radial_velocity, unit: km / s, datatype: float64}
# delimiter: ','
# meta: !!omap
# - __serialized_columns__:
#     dec:
#       __class__: astropy.coordinates.angles.Latitude
#       unit: &id001 !astropy.units.Unit {unit: deg}
#       value: !astropy.table.SerializedColumn {name: dec}
#     distance:
#       __class__: astropy.coordinates.distances.Distance
#       unit: !astropy.units.Unit {unit: kpc}
#       value: !astropy.table.SerializedColumn {name: distance}
#     pm_dec:
#       __class__: astropy.units.quantity.Quantity
#       unit: !astropy.units.Unit {unit: mas / yr}
#       value: !astropy.table.SerializedColumn {name: pm_dec}
#     pm_ra_cosdec:
#       __class__: astropy.units.quantity.Quantity
#       unit: !astropy.units.Unit {unit: mas / yr}
#       value: !astropy.table.SerializedColumn {name: pm_ra_cosdec}
#     ra:
#       __class__: astropy.coordinates.angles.Longitude
#       unit: *id001
#       value: !astropy.table.SerializedColumn {name: ra}
#       wrap_angle: !astropy.coordinates.Angle
#         unit: *id001
#         value: 360.0
#     radial_velocity:
#       __class__: astropy.units.quantity.Quantity
#       unit: !astropy.units.Unit {unit: km / s}
#       value: !astropy.table.SerializedColumn {name: radial_velocity}
# schema: astropy-2.0
ra,dec,distance,pm_ra_cosdec,pm_dec,radial_velocity
[from data line 1271]
189.7848849349793,-31.449071227639234,4.236495440973436,-3.991617072973705,6.84500548725619,-8.420767129872338e-15
189.78885947469013,-31.439533541845062,4.2363388847906345,-3.992226854357318,6.84203239906239,3.368306851948935e-14
189.79283966505886,-31.42999661485847,4.23617989103987,-3.9928421364675386,6.8390666918045095,8.420767129872338e-15
189.79682551376436,-31.420460447425487,4.236018454987245,-3.9934629291403403,6.83610838640157,-8.420767129872338e-15
189.8008170284836,-31.410925040290795,4.235854571898856,-3.994089242215365,6.833157503770405,2.5262301389617013e-14
189.8048142168919,-31.401390394197744,4.235688237040809,-3.99472108553591,6.830214064825654,2.5262301389617013e-14
189.80881708666274,-31.391856509888306,4.235519445679203,-3.9953584689489627,6.827278090479771,-8.420767129872338e-15
189.81282564546783,-31.38232338810309,4.235348193080139,-3.996001402305191,6.824349601643009,2.5262301389617013e-14
189.81683990097713,-31.37279102958137,4.235174474509718,-3.9966498954589724,6.821428619223413,0.0
189.82085986085875,-31.363259435061053,4.234998285234043,-3.9973039582683842,6.818515164126825,3.368306851948935e-14
189.82488553277915,-31.353728605278675,4.23481962051921,-3.9979636005952424,6.815609257256869,0.0
189.82891692440293,-31.344198540969412,4.234638475631328,-3.998628832305081,6.812710919514946,1.6841534259744676e-14
189.83295404339302,-31.334669242867065,4.23445484583649,-3.9992996632671916,6.80982017180024,2.5262301389617013e-14
189.8369968974105,-31.325140711704112,4.234268726400803,-3.9999761033546135,6.806937035009707,1.6841534259744676e-14
189.84104549411478,-31.31561294821162,4.234080112590364,-4.000658162444158,6.8040615300380525,8.420767129872338e-15
189.84509984116343,-31.306085953119297,4.233888999671278,-4.001345850416413,6.801193677777762,2.5262301389617013e-14
189.8491599462124,-31.29655972715549,4.233695382909641,-4.002039177155761,6.798333499119073,1.6841534259744676e-14
189.85322581691577,-31.287034271047183,4.233499257571558,-4.002738152550371,6.795481014949958,2.5262301389617013e-14
189.857297460926,-31.27750958551997,4.2333006189231295,-4.003442786492238,6.7926362461561505,8.420767129872338e-15
189.86137488589367,-31.267985671298078,4.233099462230456,-4.004153088877171,6.789799213621119,8.420767129872338e-15
189.8654580994678,-31.258462529104364,4.232895782759639,-4.0048690696048155,6.786969938226068,0.0
189.86954710929552,-31.24894015966031,4.232689575776777,-4.0055907385786655,6.784148440849934,-8.420767129872338e-15
189.87364192302238,-31.239418563685994,4.232480836547974,-4.006318105706061,6.781334742369375,2.5262301389617013e-14
189.87774254829213,-31.22989774190017,4.232269560339332,-4.007051180898217,6.778528863658764,8.420767129872338e-15
189.88184899274682,-31.220377695020154,4.232055742416947,-4.007789974070223,6.7757308255902,8.420767129872338e-15
189.88596126402678,-31.21085842376191,4.231839378046927,-4.008534495141054,6.772940649033484,1.6841534259744676e-14
189.89007936977066,-31.201339928840017,4.231620462495367,-4.009284754033594,6.770158354856129,8.420767129872338e-15
189.8942033176153,-31.191822210967672,4.231398991028372,-4.010040760674624,6.767383963923341,8.420767129872338e-15
189.898333115196,-31.182305270856666,4.231174958912042,-4.010802524994857,6.764617497098019,8.420767129872338e-15
189.9024687701463,-31.17278910921743,4.230948361412475,-4.0115700569289405,6.761858975240765,8.420767129872338e-15
189.90661029009794,-31.163273726758995,4.230719193795776,-4.012343366415457,6.7591084192098485,0.0
189.9107576826811,-31.153759124189012,4.230487451328045,-4.013122463396945,6.756365849861231,-1.6841534259744676e-14
189.9149109555242,-31.144245302213704,4.230253129275383,-4.013907357819914,6.753631288048543,8.420767129872338e-15
189.919070116254,-31.13473226153796,4.230016222903891,-4.014698059634847,6.750904754623083,1.6841534259744676e-14
189.92323517249562,-31.125220002865237,4.2297767274796705,-4.015494578796216,6.74818627043382,8.420767129872338e-15
189.92740613187243,-31.11570852689759,4.22953463826882,-4.016296925262494,6.745475856327378,-8.420767129872338e-15
189.93158300200614,-31.10619783433571,4.229289950537443,-4.017105108996151,6.742773533148036,1.6841534259744676e-14
189.93576579051683,-31.09668792587887,4.2290426595516415,-4.017919139963695,6.740079321737722,0.0
189.93995450502285,-31.08717880222495,4.228792760577514,-4.018739028135651,6.737393242936013,2.5262301389617013e-14
189.94414915314098,-31.077670464070426,4.228540248881163,-4.019564783486599,6.734715317580118,1.6841534259744676e-14
189.94834974248624,-31.06816291211038,4.22828511972869,-4.020396415995161,6.732045566504883,2.5262301389617013e-14
189.95255628067204,-31.05865614703848,4.228027368386195,-4.021233935644029,6.729384010542788,8.420767129872338e-15
189.95676877531014,-31.049150169547005,4.227766990119779,-4.022077352419973,6.726730670523933,-1.6841534259744676e-14
189.96098723401062,-31.039644980326813,4.227503980195545,-4.0229266763138405,6.724085567276037,2.5262301389617013e-14
189.96521166438197,-31.030140580067354,4.227238333879591,-4.023781917320585,6.7214487216244265,8.420767129872338e-15
189.96944207403095,-31.020636969456707,4.226970046438019,-4.024643085439266,6.718820154392059,0.0
189.97367847056276,-31.01113414918149,4.226699113136933,-4.025510190673053,6.716199886399469,0.0
189.9779208615809,-31.001632119926953,4.226425529242429,-4.02638324302926,6.713587938464814,1.6841534259744676e-14
189.9821692546874,-30.99213088237689,4.226149290020613,-4.027262252519332,6.710984331403822,-1.6841534259744676e-14
189.98642365748233,-30.98263043721373,4.225870390737583,-4.028147229158869,6.708389086029834,8.420767129872338e-15
189.9906840775645,-30.973130785118453,4.2255888266594415,-4.029038182967631,6.705802223153755,8.420767129872338e-15
189.99495052253087,-30.96363192677065,4.225304593052288,-4.029935123969556,6.703223763584084,-8.420767129872338e-15
189.99922299997684,-30.954133862848465,4.225017685182225,-4.030838062192762,6.700653728126888,8.420767129872338e-15
190.00350151749618,-30.944636594028662,4.224728098315354,-4.031747007669562,6.698092137585801,0.0
190.0077860826811,-30.935140120986542,4.224435827717772,-4.032661970436483,6.695539012762026,2.5262301389617013e-14
190.01207670312215,-30.92564444439601,4.224140868655587,-4.033582960534254,6.692994374454319,8.420767129872338e-15
190.01637338640828,-30.916149564929576,4.223843216394895,-4.03450998800785,6.690458243458998,8.420767129872338e-15
190.02067614012688,-30.90665548325826,4.223542866201798,-4.035443062906468,6.687930640569921,-8.420767129872338e-15
190.02498497186366,-30.89716220005171,4.223239813342398,-4.036382195283567,6.685411586578501,0.0
190.0292998892028,-30.88766971597813,4.2229340530827955,-4.037327395196858,6.682901102273685,1.6841534259744676e-14
190.03362089972688,-30.878178031704305,4.222625580689091,-4.038278672708328,6.680399208441945,4.210383564936169e-14
190.0379480110169,-30.86868714789559,4.222314391427387,-4.039236037884244,6.677905925867298,-8.420767129872338e-15
190.0422812306522,-30.859197065215906,4.222000480563783,-4.040199500795169,6.675421275331279,8.420767129872338e-15
190.04662056621063,-30.84970778432773,4.221683843364381,-4.041169071515964,6.6729452776129365,8.420767129872338e-15
190.05096602526842,-30.84021930589214,4.221364475095281,-4.042144760125809,6.670477953488843,3.368306851948935e-14
190.05531761540024,-30.830731630568756,4.221042371022585,-4.043126576708208,6.668019323733076,2.5262301389617013e-14
190.05967534417914,-30.821244759015773,4.220717526412394,-4.044114531351001,6.665569409117215,5.894536990910637e-14
190.0640392191767,-30.811758691889963,4.22038993653081,-4.0451086341463744,6.663128230410338,8.420767129872338e-15
190.0684092479628,-30.802273429846615,4.2200595966439325,-4.046108895190871,6.660695808379025,0.0
190.07278543810585,-30.792788973539622,4.2197265020178625,-4.047115324585407,6.6582721637873385,8.420767129872338e-15
190.07716779717276,-30.783305323621427,4.219390647918702,-4.048127932435273,6.655857317396826,0.0
190.0815563327287,-30.773822480743032,4.219052029612553,-4.04914672885015,6.653451289966521,-1.6841534259744676e-14
190.08595105233744,-30.764340445554012,4.218710642365513,-4.05017172394412,6.651054102252928,-8.420767129872338e-15
190.09035196356115,-30.754859218702464,4.218366481443687,-4.051202927835682,6.6486657750100155,-8.420767129872338e-15
190.09475907396046,-30.745378800835052,4.218019542113174,-4.0522403506477485,6.6462863289892224,2.5262301389617013e-14
190.09917239109444,-30.73589919259704,4.217669819640077,-4.053284002507668,6.643915784939447,8.420767129872338e-15
190.1035919225207,-30.72642039463217,4.217317309290493,-4.054333893547237,6.641554163607043,8.420767129872338e-15
190.1080176757952,-30.71694240758279,4.216962006330526,-4.0553900339027,6.639201485735816,3.368306851948935e-14
190.11244965847246,-30.70746523208979,4.216603906026277,-4.056452433714773,6.636857772067005,8.420767129872338e-15
190.11688787810536,-30.69798886879259,4.216243003643848,-4.057521103128638,6.6345230433393025,2.5262301389617013e-14
190.1213323422454,-30.68851331832918,4.215879294449338,-4.058596052293973,6.632197320288831,8.420767129872338e-15
190.12578305844247,-30.679038581336073,4.215512773708848,-4.059677291364953,6.629880623649146,2.5262301389617013e-14
190.13024003424493,-30.669564658448355,4.215143436688481,-4.060764830500254,6.6275729741512155,2.5262301389617013e-14
190.13470327719966,-30.660091550299647,4.214771278654336,-4.061858679863075,6.625274392523451,4.210383564936169e-14
190.13917279485204,-30.650619257522116,4.214396294872515,-4.062958849621145,6.62298489949166,0.0
190.14364859474588,-30.64114778074644,4.21401848060912,-4.064065349946728,6.62070451577906,3.368306851948935e-14
190.14813068442356,-30.631677120601893,4.213637831130251,-4.065178191016644,6.61843326210629,-8.420767129872338e-15
190.1526190714259,-30.622207277716253,4.213254341702009,-4.066297383012272,6.616171159191378,0.0
190.15711376329224,-30.61273825271585,4.212868007590496,-4.067422936119562,6.613918227749747,-8.420767129872338e-15
190.16161476756042,-30.60327004622553,4.212478824061812,-4.068554860529046,6.611674488494216,-8.420767129872338e-15
190.16612209176682,-30.59380265886869,4.212086786382057,-4.069693166435854,6.609439962134989,0.0
190.17063574344627,-30.58433609126729,4.211691889817334,-4.070837864039713,6.607214669379649,1.6841534259744676e-14
190.17515573013213,-30.57487034404177,4.211294129633744,-4.071988963544965,6.604998630933154,1.6841534259744676e-14
190.17968205935634,-30.56540541781115,4.210893501097388,-4.07314647516058,6.602791867497836,3.368306851948935e-14
190.1842147386493,-30.555941313192953,4.210489999474366,-4.074310409100165,6.600594399773391,1.6841534259744676e-14
190.1887537755399,-30.546478030803247,4.2100836200307805,-4.075480775581965,6.598406248456881,3.368306851948935e-14
190.19329917755564,-30.53701557125663,4.209674358032732,-4.076657584828892,6.596227434242718,8.420767129872338e-15
190.19785095222255,-30.527553935166207,4.2092622087463205,-4.077840847068517,6.594057977822672,-8.420767129872338e-15
190.20240910706505,-30.518093123143636,4.208847167437648,-4.079030572533091,6.591897899885854,8.420767129872338e-15
190.2069736496063,-30.508633135799087,4.2084292293728165,-4.080226771459551,6.589747221118724,8.420767129872338e-15
190.21154458736785,-30.49917397374126,4.208008389817924,-4.081429454089544,6.587605962205073,2.5262301389617013e-14
190.21612192786986,-30.489715637577387,4.207584644039076,-4.082638630669407,6.585474143826021,5.0524602779234026e-14
190.22070567863102,-30.480258127913196,4.207157987302369,-4.0838543114502155,6.58335178666003,1.6841534259744676e-14
190.22529584716858,-30.470801445352972,4.206728414873907,-4.085076506687761,6.581238911382863,-1.6841534259744676e-14
190.22989244099827,-30.46134559049947,4.20629592201979,-4.086305226642585,6.579135538667623,8.420767129872338e-15
190.23449546763447,-30.451890563954016,4.205860504006119,-4.0875404815799765,6.577041689184713,2.5262301389617013e-14
190.2391049345901,-30.44243636631644,4.205422156098998,-4.088782281769986,6.574957383601838,2.5262301389617013e-14
190.24372084937664,-30.43298299818507,4.204980873564524,-4.090030637487438,6.57288264258402,1.6841534259744676e-14
190.24834321950408,-30.423530460156766,4.204536651668799,-4.091285559011936,6.570817486793574,-8.420767129872338e-15
190.25297205248103,-30.41407875282688,4.204089485677924,-4.092547056627884,6.568761936890108,8.420767129872338e-15
190.25760735581468,-30.404627876789323,4.203639370858001,-4.093815140624481,6.566716013530515,8.420767129872338e-15
190.2622491370107,-30.395177832636474,4.203186302475132,-4.095089821295745,6.5646797373689765,1.6841534259744676e-14
190.26689740357355,-30.38572862095924,4.202730275795415,-4.0963711089405175,6.562653129056948,0.0
190.271552163006,-30.376280242347043,4.202271286084954,-4.097659013862472,6.560636209243167,8.420767129872338e-15
190.2762134228096,-30.3668326973878,4.201809328609849,-4.098953546370133,6.55862899857363,0.0
190.28088119048442,-30.35738598666795,4.2013443986362,-4.100254716776874,6.556631517691606,0.0
190.28555547352912,-30.347940110772434,4.20087649143011,-4.101562535400942,6.5546437872376195,0.0
190.29023627944093,-30.338495070284687,4.2004056022576775,-4.10287701256545,6.552665827849452,1.6841534259744676e-14
190.29492361571573,-30.329050865786666,4.199931726385007,-4.10419815859841,6.550697660162131,1.6841534259744676e-14
190.299617489848,-30.319607497858822,4.199454859078197,-4.105525983832721,6.54873930480793,0.0
190.30431790933073,-30.310164967080116,4.19897499560335,-4.106860498606193,6.546790782416371,8.420767129872338e-15
190.30902488165563,-30.300723274027984,4.198492131226566,-4.108201713261558,6.544852113614196,2.5262301389617013e-14
190.31373841431295,-30.291282419278414,4.198006261213946,-4.10954963814647,6.542923319025395,-8.420767129872338e-15
190.31845851479162,-30.281842403405825,4.1975173808315915,-4.1109042836135234,6.541004419271172,0.0
190.32318519057907,-30.272403226983197,4.197025485345602,-4.112265660020266,6.539095434969957,-8.420767129872338e-15
190.32791844916142,-30.262964890581966,4.196530570022083,-4.1136337777291905,6.537196386737391,2.5262301389617013e-14
190.33265829802346,-30.253527394772092,4.196032630127132,-4.115008647107778,6.535307295186334,-8.420767129872338e-15
190.33740474464855,-30.244090740121987,4.19553166092685,-4.116390278528473,6.533428180926844,1.6841534259744676e-14
190.34215779651862,-30.234654927198612,4.195027657687337,-4.117778682368725,6.531559064566195,8.420767129872338e-15
190.34691746111434,-30.225219956567383,4.194520615674699,-4.119173869010965,6.529699966708838,-1.6841534259744676e-14
190.35168374591493,-30.2157858287922,4.1940105301550314,-4.12057584884265,6.5278509079564335,8.420767129872338e-15
190.35645665839832,-30.206352544435514,4.19349739639444,-4.121984632256254,6.526011908907825,-8.420767129872338e-15
190.36123620604104,-30.196920104058176,4.192981209659022,-4.123400229649276,6.524182990159037,1.6841534259744676e-14
190.36602239631821,-30.187488508219595,4.19246196521488,-4.124822651424261,6.5223641723032735,8.420767129872338e-15
190.37081523670372,-30.178057757477635,4.191939658328116,-4.126251907988805,6.520555475930907,8.420767129872338e-15
190.37561473467002,-30.168627852388656,4.191414284264829,-4.127688009755565,6.518756921629487,1.6841534259744676e-14
190.3804208976882,-30.159198793507514,4.190885838291124,-4.129130967142266,6.516968529983719,8.420767129872338e-15
190.38523373322806,-30.149770581387514,4.190354315673098,-4.130580790571719,6.515190321575473,-1.6841534259744676e-14
190.39005324875805,-30.14034321658048,4.1898197116768525,-4.132037490471829,6.513422316983774,8.420767129872338e-15
190.39487945174525,-30.130916699636693,4.189282021568489,-4.1335010772755965,6.511664536784791,4.210383564936169e-14
190.39971234965543,-30.12149103110495,4.188741240614109,-4.134971561421138,6.509917001551845,0.0
