galstreams/tracks/track.st.Orinoco.grillmair2017.ecsv
# %ECSV 0.9
# ---
# datatype:
# - {name: ra, unit: deg, datatype: float64}
# - {name: dec, unit: deg, datatype: float64}
# - {name: distance, unit: kpc, datatype: float64}
# - {name: pm_ra_cosdec, unit: mas / yr, datatype: float64}
# - {name: pm_dec, unit: mas / yr, datatype: float64}
# - {name: radial_velocity, unit: km / s, datatype: float64}
# delimiter: ','
# meta: !!omap
# - __serialized_columns__:
#     dec:
#       __class__: astropy.coordinates.angles.Latitude
#       unit: &id001 !astropy.units.Unit {unit: deg}
#       value: !astropy.table.SerializedColumn {name: dec}
#     distance:
#       __class__: astropy.coordinates.distances.Distance
#       unit: !astropy.units.Unit {unit: kpc}
#       value: !astropy.table.SerializedColumn {name: distance}
#     pm_dec:
#       __class__: astropy.units.quantity.Quantity
#       unit: !astropy.units.Unit {unit: mas / yr}
#       value: !astropy.table.SerializedColumn {name: pm_dec}
#     pm_ra_cosdec:
#       __class__: astropy.units.quantity.Quantity
#       unit: !astropy.units.Unit {unit: mas / yr}
#       value: !astropy.table.SerializedColumn {name: pm_ra_cosdec}
#     ra:
#       __class__: astropy.coordinates.angles.Longitude
#       unit: *id001
#       value: !astropy.table.SerializedColumn {name: ra}
#       wrap_angle: !astropy.coordinates.Angle
#         unit: *id001
#         value: 360.0
#     radial_velocity:
#       __class__: astropy.units.quantity.Quantity
#       unit: !astropy.units.Unit {unit: km / s}
#       value: !astropy.table.SerializedColumn {name: radial_velocity}
# schema: astropy-2.0
ra,dec,distance,pm_ra_cosdec,pm_dec,radial_velocity
0.00441667606821187,-25.489617333023613,20.599999999999966,0.0,0.0,0.0
0.12234007860390507,-25.472300484296227,20.599999999999973,0.0,0.0,0.0
0.24021347586438835,-25.455008432224528,20.59999999999997,0.0,0.0,0.0
0.35803621951598513,-25.437745639250142,20.599999999999966,0.0,0.0,0.0
0.47580767815992864,-25.420516570250253,20.599999999999973,0.0,0.0,0.0
0.5935272373266379,-25.403325692506826,20.599999999999977,0.0,0.0,0.0
0.7111942994702817,-25.386177475675694,20.59999999999997,0.0,0.0,0.0
0.828808283962089,-25.369076391755538,20.599999999999973,0.0,0.0,0.0
0.9463686270830909,-25.35202691505681,20.599999999999973,0.0,0.0,0.0
1.0638747820168883,-25.335033522170693,20.599999999999977,0.0,0.0,0.0
1.1813262188409728,-25.318100691937744,20.599999999999977,0.0,0.0,0.0
1.298722424518406,-25.30123290541677,20.599999999999973,0.0,0.0,0.0
1.4160629028884515,-25.284434645853466,20.59999999999998,0.0,0.0,0.0
1.5333471746566436,-25.26771039864894,20.599999999999973,0.0,0.0,0.0
1.650574777385034,-25.251064651328413,20.599999999999977,0.0,0.0,0.0
1.7677452654813943,-25.234501893509652,20.59999999999998,0.0,0.0,0.0
1.8848582101880351,-25.218026616871455,20.59999999999998,0.0,0.0,0.0
2.001913199570848,-25.201643315122087,20.599999999999977,0.0,0.0,0.0
2.1189098385070517,-25.185356483967592,20.59999999999998,0.0,0.0,0.0
2.235847748673533,-25.169170621080283,20.599999999999984,0.0,0.0,0.0
2.3527265685342105,-25.15309022606689,20.599999999999984,0.0,0.0,0.0
2.4695459533271547,-25.13711980043691,20.599999999999984,0.0,0.0,0.0
2.5863055750519686,-25.121263847570884,20.599999999999984,0.0,0.0,0.0
2.7030051224560654,-25.105526872688543,20.599999999999984,0.0,0.0,0.0
2.8196443010215773,-25.089913382817045,20.599999999999977,0.0,0.0,0.0
2.9362228329514406,-25.07442788675913,20.599999999999984,0.0,0.0,0.0
3.0527404571552808,-25.059074895061254,20.599999999999984,0.0,0.0,0.0
3.1691969292357105,-25.043858919981794,20.599999999999987,0.0,0.0,0.0
3.2855920214738594,-25.028784475459073,20.599999999999987,0.0,0.0,0.0
3.4019255228148144,-25.013856077079502,20.599999999999987,0.0,0.0,0.0
3.518197238853535,-24.999078242045684,20.599999999999984,0.0,0.0,0.0
3.6344069918197586,-24.984455489144477,20.599999999999984,0.0,0.0,0.0
3.750554620563743,-24.969992338715066,20.599999999999987,0.0,0.0,0.0
3.8666399805413514,-24.955693312617097,20.599999999999987,0.0,0.0,0.0
3.98266294379908,-24.941562934198615,20.59999999999999,0.0,0.0,0.0
4.098623398959707,-24.927605728264265,20.599999999999987,0.0,0.0,0.0
4.214521251206983,-24.913826221043244,20.59999999999999,0.0,0.0,0.0
4.330356422271309,-24.90022894015748,20.599999999999987,0.0,0.0,0.0
4.446128850414794,-24.88681841458958,20.59999999999999,0.0,0.0,0.0
4.561838490416401,-24.873599174651,20.59999999999999,0.0,0.0,0.0
4.677485313557776,-24.8605757519501,20.59999999999999,0.0,0.0,0.0
4.793069307608223,-24.847752679360166,20.59999999999999,0.0,0.0,0.0
4.908590476810754,-24.83513449098758,20.599999999999994,0.0,0.0,0.0
5.024048841867629,-24.822725722139946,20.599999999999987,0.0,0.0,0.0
5.139444439926049,-24.810530909294098,20.599999999999994,0.0,0.0,0.0
5.2547773245645715,-24.798554590064317,20.59999999999999,0.0,0.0,0.0
5.3700475657791555,-24.786801303170467,20.599999999999987,0.0,0.0,0.0
5.485255249969403,-24.775275588406103,20.599999999999994,0.0,0.0,0.0
5.600400479925655,-24.763981986606698,20.599999999999998,0.0,0.0,0.0
5.71548337481537,-24.75292503961778,20.59999999999999,0.0,0.0,0.0
5.830504070170708,-24.74210929026317,20.59999999999999,0.0,0.0,0.0
5.94546271787576,-24.731539282313182,20.59999999999999,0.0,0.0,0.0
6.060359486154062,-24.721219560452884,20.59999999999999,0.0,0.0,0.0
6.175194559557046,-24.71115467025033,20.599999999999994,0.0,0.0,0.0
6.289968138951872,-24.70134915812487,20.599999999999994,0.0,0.0,0.0
6.404680441510548,-24.6918075713154,20.599999999999998,0.0,0.0,0.0
6.519331700698772,-24.682534457848746,20.599999999999998,0.0,0.0,0.0
6.63392216626515,-24.673534366507944,20.599999999999994,0.0,0.0,0.0
6.748452104231439,-24.664811846800635,20.599999999999994,0.0,0.0,0.0
6.862921796882271,-24.656371448927427,20.59999999999999,0.0,0.0,0.0
6.9773315427562,-24.648217723750314,20.599999999999994,0.0,0.0,0.0
7.09168165663662,-24.640355222761094,20.599999999999994,0.0,0.0,0.0
7.205972469543112,-24.632788498049845,20.59999999999999,0.0,0.0,0.0
7.320204328723829,-24.625522102273337,20.599999999999998,0.0,0.0,0.0
7.434377597647834,-24.618560588623595,20.599999999999998,0.0,0.0,0.0
7.548492655997926,-24.611908510796347,20.6,0.0,0.0,0.0
7.6625498996646355,-24.60557042295964,20.6,0.0,0.0,0.0
7.776549740739828,-24.59955087972233,20.599999999999998,0.0,0.0,0.0
7.8904926075117885,-24.593854436102703,20.599999999999998,0.0,0.0,0.0
8.004378944460283,-24.588485647497077,20.6,0.0,0.0,0.0
8.118209212252223,-24.583449069648417,20.59999999999999,0.0,0.0,0.0
8.231983887738517,-24.57874925861499,20.599999999999998,0.0,0.0,0.0
8.345703463950711,-24.574390770739047,20.599999999999994,0.0,0.0,0.0
8.459368450099104,-24.570378162615498,20.599999999999998,0.0,0.0,0.0
8.572979371571012,-24.566715991060615,20.599999999999994,0.0,0.0,0.0
8.686536769929633,-24.56340881308081,20.599999999999998,0.0,0.0,0.0
8.800041202914235,-24.560461185841305,20.59999999999999,0.0,0.0,0.0
8.913493244440472,-24.557877666634994,20.599999999999998,0.0,0.0,0.0
9.026893484601445,-24.555662812851143,20.599999999999998,0.0,0.0,0.0
9.140242529670157,-24.553821181944265,20.599999999999998,0.0,0.0,0.0
9.253541002101807,-24.55235733140289,20.6,0.0,0.0,0.0
9.366789540537788,-24.551275818718437,20.599999999999998,0.0,0.0,0.0
9.479988799809924,-24.55058120135406,20.599999999999994,0.0,0.0,0.0
9.593139450945484,-24.550278036713475,20.599999999999998,0.0,0.0,0.0
9.706242181173742,-24.5503708821099,20.599999999999998,0.0,0.0,0.0
9.819297693932402,-24.550864294734914,20.599999999999998,0.0,0.0,0.0
9.932306708875903,-24.55176283162736,20.599999999999998,0.0,0.0,0.0
10.045269961883983,-24.553071049642266,20.599999999999998,0.0,0.0,0.0
10.158188205071216,-24.554793505419763,20.599999999999998,0.0,0.0,0.0
10.271062206798074,-24.556934755354032,20.599999999999998,0.0,0.0,0.0
10.383892751682081,-24.5594993555622,20.59999999999999,0.0,0.0,0.0
10.49668064061085,-24.562491861853346,20.599999999999994,0.0,0.0,0.0
10.60942669075558,-24.56591682969738,20.59999999999999,0.0,0.0,0.0
10.722131735585517,-24.569778814194024,20.599999999999994,0.0,0.0,0.0
10.834796624884184,-24.5740823700418,20.599999999999998,0.0,0.0,0.0
10.947422224765692,-24.578832051506904,20.59999999999999,0.0,0.0,0.0
11.060009417693138,-24.58403241239221,20.59999999999999,0.0,0.0,0.0
11.172559102497518,-24.589688006006206,20.599999999999998,0.0,0.0,0.0
11.285072194397776,-24.595803385131898,20.599999999999998,0.0,0.0,0.0
11.397549625022595,-24.6023831019958,20.59999999999999,0.0,0.0,0.0
11.509992342432882,-24.609431708236848,20.599999999999994,0.0,0.0,0.0
11.622401311145444,-24.616953754875237,20.59999999999999,0.0,0.0,0.0
11.734777512158471,-24.62495379228143,20.599999999999994,0.0,0.0,0.0
11.847121942977743,-24.633436370144985,20.599999999999994,0.0,0.0,0.0
11.959435617644429,-24.64240603744346,20.59999999999999,0.0,0.0,0.0
12.071719566764171,-24.65186734241121,20.599999999999998,0.0,0.0,0.0
12.183974837537551,-24.661824832508284,20.59999999999999,0.0,0.0,0.0
12.296202493791931,-24.67228305438919,20.599999999999994,0.0,0.0,0.0
12.40840361601478,-24.68324655387172,20.59999999999999,0.0,0.0,0.0
12.520579301388386,-24.694719875905633,20.599999999999994,0.0,0.0,0.0
12.632730663826164,-24.7067075645415,20.599999999999987,0.0,0.0,0.0
12.744858834010364,-24.719214162899274,20.599999999999987,0.0,0.0,0.0
12.856964959431478,-24.732244213137037,20.59999999999999,0.0,0.0,0.0
12.969050204429108,-24.745802256419584,20.59999999999999,0.0,0.0,0.0
13.08111575023456,-24.759892832887022,20.59999999999999,0.0,0.0,0.0
13.193162795015054,-24.774520481623288,20.59999999999999,0.0,0.0,0.0
13.305192553919623,-24.789689740624674,20.59999999999999,0.0,0.0,0.0
13.417206259126782,-24.805405146768226,20.59999999999999,0.0,0.0,0.0
13.529205159893962,-24.821671235780194,20.599999999999987,0.0,0.0,0.0
13.641190522608706,-24.838492542204307,20.599999999999987,0.0,0.0,0.0
13.753163630841813,-24.855873599370096,20.59999999999999,0.0,0.0,0.0
13.865125785402272,-24.873818939361087,20.599999999999987,0.0,0.0,0.0
13.97707830439419,-24.89233309298298,20.599999999999987,0.0,0.0,0.0
14.089022523275704,-24.91142058973169,20.59999999999999,0.0,0.0,0.0
14.20095979491987,-24.931085957761404,20.599999999999987,0.0,0.0,0.0
14.312891489677641,-24.95133372385244,20.599999999999984,0.0,0.0,0.0
14.42481899544297,-24.972168413379208,20.599999999999987,0.0,0.0,0.0
14.536743717720066,-24.993594550277898,20.599999999999984,0.0,0.0,0.0
14.648667079692807,-25.015616657014167,20.599999999999987,0.0,0.0,0.0
14.760590522296514,-25.038239254550795,20.59999999999999,0.0,0.0,0.0
14.872515504291938,-25.06146686231509,20.599999999999987,0.0,0.0,0.0
14.984443502341646,-25.08530399816632,20.599999999999984,0.0,0.0,0.0
15.096376011088823,-25.109755178363024,20.599999999999984,0.0,0.0,0.0
15.208314543238576,-25.13482491753016,20.599999999999984,0.0,0.0,0.0
15.320260629641655,-25.16051772862615,20.599999999999987,0.0,0.0,0.0
15.432215819380906,-25.186838122909865,20.599999999999987,0.0,0.0,0.0
15.544181679860264,-25.213790609907413,20.59999999999999,0.0,0.0,0.0
15.656159796896485,-25.241379697378832,20.599999999999984,0.0,0.0,0.0
15.76815177481366,-25.269609891284613,20.599999999999984,0.0,0.0,0.0
15.880159236540527,-25.298485695752177,20.599999999999984,0.0,0.0,0.0
15.99218382371072,-25.32801161304205,20.599999999999984,0.0,0.0,0.0
16.10422719676597,-25.358192143514056,20.599999999999984,0.0,0.0,0.0
16.21629103506234,-25.389031785593218,20.599999999999987,0.0,0.0,0.0
16.328377036979575,-25.420535035735526,20.59999999999998,0.0,0.0,0.0
16.44048692003362,-25.45270638839359,20.59999999999998,0.0,0.0,0.0
16.55262242099242,-25.485550335982072,20.599999999999987,0.0,0.0,0.0
16.664785295995056,-25.519071368842916,20.599999999999984,0.0,0.0,0.0
16.776977320674277,-25.55327397521041,20.599999999999984,0.0,0.0,0.0
16.889200290282517,-25.588162641176062,20.599999999999977,0.0,0.0,0.0
17.001456019821557,-25.623741850653225,20.59999999999998,0.0,0.0,0.0
17.113746344175794,-25.660016085341567,20.599999999999977,0.0,0.0,0.0
17.226073118249296,-25.696989824691254,20.599999999999977,0.0,0.0,0.0
17.338438217106685,-25.73466754586696,20.59999999999998,0.0,0.0,0.0
17.450843536118008,-25.77305372371162,20.59999999999998,0.0,0.0,0.0
17.56329099110757,-25.812152830709888,20.59999999999998,0.0,0.0,0.0
17.67578251850701,-25.851969336951438,20.599999999999977,0.0,0.0,0.0
17.788320075512495,-25.892507710093916,20.599999999999977,0.0,0.0,0.0
17.90090564024636,-25.933772415325624,20.59999999999998,0.0,0.0,0.0
18.01354121192316,-25.97576791532801,20.599999999999977,0.0,0.0,0.0
18.126228811020265,-26.018498670237708,20.599999999999977,0.0,0.0,0.0
18.238970479453148,-26.061969137608443,20.599999999999973,0.0,0.0,0.0
18.351768280755472,-26.106183772372486,20.599999999999977,0.0,0.0,0.0
18.464624300264095,-26.151147026801866,20.599999999999977,0.0,0.0,0.0
18.577540645309075,-26.196863350469236,20.599999999999973,0.0,0.0,0.0
18.69051944540886,-26.24333719020831,20.599999999999977,0.0,0.0,0.0
18.803562852470755,-26.290572990074097,20.599999999999977,0.0,0.0,0.0
18.91667304099685,-26.338575191302592,20.599999999999977,0.0,0.0,0.0
19.02985220829545,-26.38734823227019,20.599999999999977,0.0,0.0,0.0
19.143102574698247,-26.4368965484527,20.599999999999977,0.0,0.0,0.0
19.256426383783374,-26.48722457238391,20.599999999999977,0.0,0.0,0.0
19.369825902604333,-26.538336733613697,20.59999999999997,0.0,0.0,0.0
19.483303421925225,-26.59023745866582,20.59999999999997,0.0,0.0,0.0
19.5968612564622,-26.64293117099511,20.599999999999977,0.0,0.0,0.0
19.71050174513138,-26.696422290944334,20.599999999999973,0.0,0.0,0.0
19.824227251303466,-26.750715235700497,20.599999999999977,0.0,0.0,0.0
19.938040163065082,-26.805814419250577,20.599999999999973,0.0,0.0,0.0
20.051942893487187,-26.861724252336945,20.59999999999997,0.0,0.0,0.0
20.16593788090059,-26.918449142412037,20.599999999999977,0.0,0.0,0.0
20.280027589178875,-26.975993493592632,20.59999999999997,0.0,0.0,0.0
20.394214508028792,-27.034361706613453,20.599999999999977,0.0,0.0,0.0
20.508501153288496,-27.093558178780295,20.599999999999973,0.0,0.0,0.0
20.622890067233634,-27.15358730392241,20.599999999999973,0.0,0.0,0.0
20.737383818891665,-27.214453472344402,20.599999999999966,0.0,0.0,0.0
20.85198500436452,-27.276161070777388,20.59999999999997,0.0,0.0,0.0
20.966696247159813,-27.338714482329543,20.59999999999997,0.0,0.0,0.0
21.081520198530967,-27.40211808643589,20.59999999999997,0.0,0.0,0.0
21.19645953782637,-27.4663762588075,20.59999999999997,0.0,0.0,0.0
21.311516972847716,-27.531493371379813,20.599999999999966,0.0,0.0,0.0
21.426695240218073,-27.597473792260352,20.599999999999966,0.0,0.0,0.0
21.541997105759613,-27.66432188567552,20.599999999999966,0.0,0.0,0.0
21.657425364881497,-27.732042011916665,20.59999999999997,0.0,0.0,0.0
21.77298284297806,-27.800638527285372,20.599999999999973,0.0,0.0,0.0
21.888672395837588,-27.87011578403771,20.59999999999997,0.0,0.0,0.0
22.00449691006205,-27.940478130327822,20.599999999999973,0.0,0.0,0.0
22.12045930349805,-28.011729910150436,20.599999999999966,0.0,0.0,0.0
22.236562525679172,-28.083875463282464,20.599999999999966,0.0,0.0,0.0
22.352809558280345,-28.15691912522377,20.599999999999962,0.0,0.0,0.0
22.46920341558413,-28.230865227136636,20.599999999999962,0.0,0.0,0.0
22.58574714495966,-28.30571809578455,20.59999999999996,0.0,0.0,0.0
22.70244382735432,-28.381482053469615,20.599999999999966,0.0,0.0,0.0
