galstreams/tracks/track.st.Kwando.grillmair2017.ecsv
# %ECSV 0.9
# ---
# datatype:
# - {name: ra, unit: deg, datatype: float64}
# - {name: dec, unit: deg, datatype: float64}
# - {name: distance, unit: kpc, datatype: float64}
# - {name: pm_ra_cosdec, unit: mas / yr, datatype: float64}
# - {name: pm_dec, unit: mas / yr, datatype: float64}
# - {name: radial_velocity, unit: km / s, datatype: float64}
# delimiter: ','
# meta: !!omap
# - __serialized_columns__:
#     dec:
#       __class__: astropy.coordinates.angles.Latitude
#       unit: &id001 !astropy.units.Unit {unit: deg}
#       value: !astropy.table.SerializedColumn {name: dec}
#     distance:
#       __class__: astropy.coordinates.distances.Distance
#       unit: !astropy.units.Unit {unit: kpc}
#       value: !astropy.table.SerializedColumn {name: distance}
#     pm_dec:
#       __class__: astropy.units.quantity.Quantity
#       unit: !astropy.units.Unit {unit: mas / yr}
#       value: !astropy.table.SerializedColumn {name: pm_dec}
#     pm_ra_cosdec:
#       __class__: astropy.units.quantity.Quantity
#       unit: !astropy.units.Unit {unit: mas / yr}
#       value: !astropy.table.SerializedColumn {name: pm_ra_cosdec}
#     ra:
#       __class__: astropy.coordinates.angles.Longitude
#       unit: *id001
#       value: !astropy.table.SerializedColumn {name: ra}
#       wrap_angle: !astropy.coordinates.Angle
#         unit: *id001
#         value: 360.0
#     radial_velocity:
#       __class__: astropy.units.quantity.Quantity
#       unit: !astropy.units.Unit {unit: km / s}
#       value: !astropy.table.SerializedColumn {name: radial_velocity}
# schema: astropy-2.0
ra,dec,distance,pm_ra_cosdec,pm_dec,radial_velocity
18.985907162373262,-23.921984767104018,19.999999999999986,0.0,0.0,0.0
19.057507483246663,-23.9273591312287,19.999999999999986,0.0,0.0,0.0
19.12900590737473,-23.932889688233693,19.999999999999986,0.0,0.0,0.0
19.20040217902682,-23.938577395445968,19.999999999999986,0.0,0.0,0.0
19.271696044252288,-23.944423211026937,19.999999999999993,0.0,0.0,0.0
19.342887250875243,-23.950428093969023,19.999999999999993,0.0,0.0,0.0
19.4139755484897,-23.956593004092532,19.99999999999999,0.0,0.0,0.0
19.484960688454205,-23.96291890204218,19.99999999999999,0.0,0.0,0.0
19.555842423886652,-23.96940674928383,19.99999999999999,0.0,0.0,0.0
19.626620509658952,-23.976057508101118,19.999999999999986,0.0,0.0,0.0
19.697294702391716,-23.98287214159207,19.999999999999986,0.0,0.0,0.0
19.767864760448592,-23.9898516136657,19.999999999999993,0.0,0.0,0.0
19.838330443931127,-23.996996889038744,19.99999999999999,0.0,0.0,0.0
19.908691514672928,-24.004308933232142,19.999999999999993,0.0,0.0,0.0
19.9789477362341,-24.011788712567665,19.999999999999982,0.0,0.0,0.0
20.049098873895566,-24.019437194164485,19.999999999999993,0.0,0.0,0.0
20.119144694653322,-24.027255345935796,19.99999999999999,0.0,0.0,0.0
20.189084967212395,-24.03524413658522,19.999999999999993,0.0,0.0,0.0
20.25891946198128,-24.043404535603504,19.999999999999993,0.0,0.0,0.0
20.32864795106572,-24.05173751326498,19.999999999999993,0.0,0.0,0.0
20.398270208262744,-24.06024404062411,19.999999999999993,0.0,0.0,0.0
20.467786009054542,-24.068925089511932,19.999999999999993,0.0,0.0,0.0
20.53719513060232,-24.077781632532638,19.99999999999999,0.0,0.0,0.0
20.606497351739844,-24.086814643059906,19.999999999999993,0.0,0.0,0.0
20.67569245296745,-24.09602509523358,19.999999999999993,0.0,0.0,0.0
20.7447802164454,-24.105413963955964,19.999999999999993,0.0,0.0,0.0
20.81376042598747,-24.11498222488834,19.99999999999999,0.0,0.0,0.0
20.882632867054397,-24.12473085444738,19.999999999999993,0.0,0.0,0.0
20.951397326747312,-24.134660829801586,19.999999999999993,0.0,0.0,0.0
21.020053593800842,-24.144773128867612,19.999999999999993,0.0,0.0,0.0
21.088601458576598,-24.155068730306823,19.999999999999993,0.0,0.0,0.0
21.157040713056173,-24.16554861352156,19.99999999999999,0.0,0.0,0.0
21.22537115083422,-24.17621375865154,19.999999999999993,0.0,0.0,0.0
21.29359256711145,-24.18706514657024,19.999999999999993,0.0,0.0,0.0
21.36170475868759,-24.198103758881278,19.99999999999999,0.0,0.0,0.0
21.429707523953997,-24.209330577914592,19.999999999999993,0.0,0.0,0.0
21.497600662886732,-24.220746586723003,19.999999999999993,0.0,0.0,0.0
21.565383977038987,-24.232352769078375,19.999999999999993,0.0,0.0,0.0
21.63305726953372,-24.244150109467952,19.999999999999993,0.0,0.0,0.0
21.700620345056176,-24.256139593090676,19.99999999999999,0.0,0.0,0.0
21.768073009846333,-24.26832220585345,19.999999999999993,0.0,0.0,0.0
21.835415071690978,-24.280698934367365,19.999999999999993,0.0,0.0,0.0
21.90264633991633,-24.293270765944047,19.99999999999999,0.0,0.0,0.0
21.9697666253799,-24.306038688591837,19.999999999999993,0.0,0.0,0.0
22.036775740462673,-24.31900369101205,19.999999999999996,0.0,0.0,0.0
22.103673499061006,-24.332166762595175,20.0,0.0,0.0,0.0
22.170459716578634,-24.345528893417146,19.999999999999996,0.0,0.0,0.0
22.237134209918167,-24.35909107423539,19.999999999999996,0.0,0.0,0.0
22.303696797473147,-24.37285429648521,19.999999999999996,0.0,0.0,0.0
22.370147299119445,-24.38681955227586,19.999999999999993,0.0,0.0,0.0
22.43648553620676,-24.40098783438667,19.999999999999993,0.0,0.0,0.0
22.50271133155008,-24.415360136263253,20.0,0.0,0.0,0.0
22.568824509421038,-24.42993745201368,19.999999999999993,0.0,0.0,0.0
22.634824895538873,-24.44472077640447,19.999999999999993,0.0,0.0,0.0
22.700712317061893,-24.459711104856865,19.999999999999993,0.0,0.0,0.0
22.766486602578276,-24.47490943344284,20.0,0.0,0.0,0.0
22.83214758209702,-24.49031675888119,19.999999999999996,0.0,0.0,0.0
22.89769508703873,-24.505934078533688,19.999999999999996,0.0,0.0,0.0
22.963128950226437,-24.521762390401065,19.999999999999996,0.0,0.0,0.0
23.028449005875885,-24.537802693119062,19.999999999999993,0.0,0.0,0.0
23.09365508958645,-24.55405598595455,19.999999999999993,0.0,0.0,0.0
23.158747038331207,-24.570523268801523,19.999999999999993,0.0,0.0,0.0
23.22372469044733,-24.587205542177088,19.999999999999993,0.0,0.0,0.0
23.288587885626228,-24.604103807217523,19.999999999999996,0.0,0.0,0.0
23.35333646490364,-24.621219065674225,19.999999999999996,0.0,0.0,0.0
23.41797027064938,-24.63855231990968,19.999999999999993,0.0,0.0,0.0
23.48248914655746,-24.65610457289351,19.999999999999993,0.0,0.0,0.0
23.5468929376356,-24.67387682819835,19.999999999999993,0.0,0.0,0.0
23.611181490194877,-24.69187008999584,19.999999999999996,0.0,0.0,0.0
23.675354651839196,-24.710085363052553,19.999999999999996,0.0,0.0,0.0
23.739412271454658,-24.728523652725908,19.999999999999993,0.0,0.0,0.0
23.803354199198644,-24.747185964959996,19.999999999999996,0.0,0.0,0.0
23.8671802864892,-24.766073306281644,19.999999999999996,0.0,0.0,0.0
23.930890385993827,-24.785186683796166,19.999999999999993,0.0,0.0,0.0
23.99448435161837,-24.804527105183276,19.999999999999996,0.0,0.0,0.0
24.057962038495802,-24.824095578692944,19.999999999999993,0.0,0.0,0.0
24.121323302974805,-24.843893113141263,19.999999999999993,0.0,0.0,0.0
24.184568002608113,-24.863920717906183,19.999999999999993,0.0,0.0,0.0
24.24769599614111,-24.884179402923483,19.99999999999999,0.0,0.0,0.0
24.310707143499847,-24.90467017868245,19.999999999999993,0.0,0.0,0.0
24.373601305779196,-24.925394056221734,19.999999999999993,0.0,0.0,0.0
24.436378345230736,-24.946352047125124,19.999999999999996,0.0,0.0,0.0
24.49903812525065,-24.96754516351732,19.999999999999993,0.0,0.0,0.0
24.56158051036714,-24.988974418059584,19.999999999999993,0.0,0.0,0.0
24.624005366228275,-25.01064082394568,19.999999999999993,0.0,0.0,0.0
24.686312559589144,-25.032545394897422,20.0,0.0,0.0,0.0
24.748501958299183,-25.054689145160506,19.999999999999996,0.0,0.0,0.0
24.810573431289168,-25.077073089500143,19.999999999999993,0.0,0.0,0.0
24.872526848558277,-25.09969824319679,19.999999999999996,0.0,0.0,0.0
24.93436208116064,-25.122565622041755,19.999999999999993,0.0,0.0,0.0
24.99607900119224,-25.145676242332936,19.999999999999996,0.0,0.0,0.0
25.057677481777265,-25.16903112087048,19.999999999999993,0.0,0.0,0.0
25.11915739705441,-25.192631274952348,19.999999999999993,0.0,0.0,0.0
25.18051862216303,-25.216477722369973,19.999999999999996,0.0,0.0,0.0
25.24176103322927,-25.24057148140388,19.999999999999993,0.0,0.0,0.0
25.302884507351596,-25.264913570819203,19.999999999999993,0.0,0.0,0.0
25.36388892258684,-25.2895050098614,19.999999999999996,0.0,0.0,0.0
25.42477415793551,-25.314346818251725,19.999999999999993,0.0,0.0,0.0
25.485540093327113,-25.33944001618277,20.0,0.0,0.0,0.0
25.546186609605428,-25.364785624314088,19.999999999999993,0.0,0.0,0.0
25.60671358851339,-25.39038466376762,20.0,0.0,0.0,0.0
25.667120912677955,-25.416238156123256,19.999999999999993,0.0,0.0,0.0
25.72740846559476,-25.442347123414333,19.999999999999993,0.0,0.0,0.0
25.787576131612592,-25.468712588123104,19.999999999999996,0.0,0.0,0.0
25.84762379591764,-25.49533557317621,19.999999999999996,0.0,0.0,0.0
25.9075513445176,-25.522217101940136,19.999999999999993,0.0,0.0,0.0
25.967358664225593,-25.549358198216616,19.999999999999996,0.0,0.0,0.0
26.027045642643895,-25.576759886238133,19.999999999999993,0.0,0.0,0.0
26.086612168147454,-25.604423190663237,19.999999999999993,0.0,0.0,0.0
26.14605812986723,-25.632349136572007,19.999999999999993,0.0,0.0,0.0
26.205383417673364,-25.66053874946138,19.999999999999993,0.0,0.0,0.0
26.26458792215806,-25.68899305524058,19.999999999999993,0.0,0.0,0.0
26.323671534618406,-25.717713080226375,19.999999999999996,0.0,0.0,0.0
26.382634147038857,-25.746699851138523,19.999999999999993,0.0,0.0,0.0
26.441475652073585,-25.775954395094967,19.999999999999996,0.0,0.0,0.0
26.500195943028583,-25.805477739607245,19.999999999999993,0.0,0.0,0.0
26.55879491384363,-25.83527091257573,19.999999999999993,0.0,0.0,0.0
26.61727245907391,-25.865334942284882,20.0,0.0,0.0,0.0
26.675628473871583,-25.895670857398553,19.999999999999993,0.0,0.0,0.0
26.73386285396694,-25.9262796869552,19.999999999999993,0.0,0.0,0.0
26.7919754956495,-25.957162460363094,19.999999999999993,0.0,0.0,0.0
26.84996629574885,-25.988320207395578,19.999999999999993,0.0,0.0,0.0
26.907835151615146,-26.0197539581862,20.0,0.0,0.0,0.0
26.965581961099534,-26.051464743223942,19.999999999999993,0.0,0.0,0.0
27.023206622534197,-26.083453593348338,19.999999999999993,0.0,0.0,0.0
27.080709034712285,-26.115721539744662,19.999999999999996,0.0,0.0,0.0
27.13808909686752,-26.148269613939007,19.999999999999996,0.0,0.0,0.0
27.19534670865362,-26.181098847793415,19.999999999999993,0.0,0.0,0.0
27.25248177012334,-26.214210273500985,19.999999999999996,0.0,0.0,0.0
27.309494181707517,-26.247604923580937,20.0,0.0,0.0,0.0
27.36638384419358,-26.281283830873672,19.999999999999993,0.0,0.0,0.0
27.423150658703946,-26.31524802853579,20.0,0.0,0.0,0.0
27.479794526674205,-26.34949855003518,19.999999999999996,0.0,0.0,0.0
27.536315349830886,-26.384036429145937,19.999999999999993,0.0,0.0,0.0
27.592713030169083,-26.418862699943446,19.999999999999993,0.0,0.0,0.0
27.648987469929747,-26.453978396799265,19.999999999999996,0.0,0.0,0.0
27.705138571576736,-26.489384554376155,19.999999999999996,0.0,0.0,0.0
27.761166237773555,-26.525082207622937,19.999999999999996,0.0,0.0,0.0
27.817070371359833,-26.561072391769507,19.999999999999993,0.0,0.0,0.0
27.87285087532746,-26.59735614232163,19.999999999999993,0.0,0.0,0.0
27.928507652796576,-26.6339344950559,19.999999999999986,0.0,0.0,0.0
27.984040606991048,-26.670808486014558,19.999999999999993,0.0,0.0,0.0
28.039449641213857,-26.707979151500354,19.99999999999999,0.0,0.0,0.0
28.09473465882202,-26.74544752807135,19.999999999999986,0.0,0.0,0.0
28.14989556320135,-26.783214652535758,19.999999999999996,0.0,0.0,0.0
28.204932257740744,-26.82128156194668,19.999999999999993,0.0,0.0,0.0
28.25984464580628,-26.859649293596913,19.999999999999993,0.0,0.0,0.0
28.314632630714954,-26.89831888501367,19.99999999999999,0.0,0.0,0.0
28.36929611570806,-26.937291373953308,19.99999999999999,0.0,0.0,0.0
28.423835003924292,-26.97656779839603,19.999999999999993,0.0,0.0,0.0
28.47824919837247,-27.0161491965406,19.99999999999999,0.0,0.0,0.0
28.53253860190396,-27.056036606798937,19.99999999999999,0.0,0.0,0.0
28.58670311718468,-27.096231067790853,19.999999999999993,0.0,0.0,0.0
28.6407426466669,-27.13673361833858,19.99999999999999,0.0,0.0,0.0
28.69465709256049,-27.17754529746143,19.99999999999999,0.0,0.0,0.0
28.748446356803992,-27.218667144370343,19.999999999999993,0.0,0.0,0.0
28.802110341035203,-27.26010019846248,19.999999999999993,0.0,0.0,0.0
28.85564894656149,-27.301845499315707,19.999999999999993,0.0,0.0,0.0
28.909062074329576,-27.34390408668315,19.999999999999993,0.0,0.0,0.0
28.962349624895143,-27.386277000487656,19.999999999999993,0.0,0.0,0.0
29.015511498391906,-27.428965280816303,19.999999999999986,0.0,0.0,0.0
29.068547594500316,-27.471969967914756,19.99999999999999,0.0,0.0,0.0
29.121457812415933,-27.515292102181803,19.999999999999993,0.0,0.0,0.0
29.174242050817316,-27.55893272416368,19.999999999999993,0.0,0.0,0.0
29.226900207833545,-27.602892874548417,19.999999999999996,0.0,0.0,0.0
29.279432181011337,-27.64717359416031,19.999999999999993,0.0,0.0,0.0
29.3318378672817,-27.691775923954086,19.999999999999993,0.0,0.0,0.0
29.384117162926163,-27.736700905009346,19.999999999999993,0.0,0.0,0.0
29.436269963542678,-27.78194957852472,19.99999999999999,0.0,0.0,0.0
29.48829616401086,-27.82752298581222,19.999999999999993,0.0,0.0,0.0
29.54019565845705,-27.87342216829141,19.99999999999999,0.0,0.0,0.0
29.5919683402187,-27.919648167483597,19.999999999999993,0.0,0.0,0.0
29.643614101808375,-27.966202025006037,19.999999999999993,0.0,0.0,0.0
29.695132834877384,-28.013084782566054,19.999999999999993,0.0,0.0,0.0
29.74652443017877,-28.060297481955175,19.999999999999993,0.0,0.0,0.0
29.79778877752991,-28.10784116504322,19.99999999999999,0.0,0.0,0.0
29.848925765774624,-28.15571687377234,19.99999999999999,0.0,0.0,0.0
29.899935282744778,-28.2039256501511,19.999999999999993,0.0,0.0,0.0
29.9508172152214,-28.252468536248454,19.999999999999986,0.0,0.0,0.0
30.001571448895156,-28.301346574187736,19.999999999999993,0.0,0.0,0.0
30.05219786832656,-28.350560806140585,19.999999999999986,0.0,0.0,0.0
30.1026963569054,-28.400112274320918,19.99999999999999,0.0,0.0,0.0
30.153066796809778,-28.450002020978747,19.999999999999986,0.0,0.0,0.0
30.20330906896452,-28.500231088394116,19.999999999999993,0.0,0.0,0.0
30.253423052999153,-28.55080051887088,19.99999999999999,0.0,0.0,0.0
30.30340862720516,-28.601711354730515,19.99999999999999,0.0,0.0,0.0
30.353265668492753,-28.652964638305896,19.99999999999999,0.0,0.0,0.0
30.4029940523471,-28.704561411935014,19.999999999999986,0.0,0.0,0.0
30.45259365278386,-28.75650271795468,19.999999999999982,0.0,0.0,0.0
30.50206434230423,-28.808789598694208,19.999999999999986,0.0,0.0,0.0
30.551405991849297,-28.861423096469036,19.999999999999986,0.0,0.0,0.0
30.600618470753776,-28.91440425357435,19.99999999999999,0.0,0.0,0.0
30.649701646699235,-28.96773411227858,19.99999999999999,0.0,0.0,0.0
30.698655385666502,-29.021413714817054,19.999999999999986,0.0,0.0,0.0
30.74747955188754,-29.075444103385365,19.99999999999999,0.0,0.0,0.0
30.79617400779669,-29.129826320132906,19.999999999999986,0.0,0.0,0.0
30.84473861398111,-29.184561407156263,19.99999999999999,0.0,0.0,0.0
30.893173229130692,-29.23965040649264,19.999999999999986,0.0,0.0,0.0
30.9414777099871,-29.295094360113158,19.999999999999986,0.0,0.0,0.0
30.98965191129235,-29.35089430991616,19.999999999999986,0.0,0.0,0.0
