galstreams/tracks/track.st.Gaia-12.ibata2021.ecsv
# %ECSV 0.9
# ---
# datatype:
# - {name: ra, unit: deg, datatype: float64}
# - {name: dec, unit: deg, datatype: float64}
# - {name: distance, unit: kpc, datatype: float64}
# - {name: pm_ra_cosdec, unit: mas / yr, datatype: float64}
# - {name: pm_dec, unit: mas / yr, datatype: float64}
# - {name: radial_velocity, unit: km / s, datatype: float64}
# delimiter: ','
# meta: !!omap
# - __serialized_columns__:
#     dec:
#       __class__: astropy.coordinates.angles.Latitude
#       unit: &id001 !astropy.units.Unit {unit: deg}
#       value: !astropy.table.SerializedColumn {name: dec}
#     distance:
#       __class__: astropy.coordinates.distances.Distance
#       unit: !astropy.units.Unit {unit: kpc}
#       value: !astropy.table.SerializedColumn {name: distance}
#     pm_dec:
#       __class__: astropy.units.quantity.Quantity
#       unit: !astropy.units.Unit {unit: mas / yr}
#       value: !astropy.table.SerializedColumn {name: pm_dec}
#     pm_ra_cosdec:
#       __class__: astropy.units.quantity.Quantity
#       unit: !astropy.units.Unit {unit: mas / yr}
#       value: !astropy.table.SerializedColumn {name: pm_ra_cosdec}
#     ra:
#       __class__: astropy.coordinates.angles.Longitude
#       unit: *id001
#       value: !astropy.table.SerializedColumn {name: ra}
#       wrap_angle: !astropy.coordinates.Angle
#         unit: *id001
#         value: 360.0
#     radial_velocity:
#       __class__: astropy.units.quantity.Quantity
#       unit: !astropy.units.Unit {unit: km / s}
#       value: !astropy.table.SerializedColumn {name: radial_velocity}
# schema: astropy-2.0
ra,dec,distance,pm_ra_cosdec,pm_dec,radial_velocity
36.048641865192,20.33870401989755,13.299314549599254,5.008981707610454,-5.098387672938266,-1.1789073981821273e-13
36.05667413443371,20.332099764414576,13.298497353911166,5.011518446728154,-5.099108158610877,-6.73661370389787e-14
36.06470672974493,20.325496319002323,13.297669924880495,5.0140486334154835,-5.099829978523888,-1.8525687685719145e-13
36.07273964966597,20.318893681620377,13.296832281852906,5.016572279131313,-5.100553130801213,-1.1789073981821273e-13
36.080772892736924,20.312291850228668,13.295984444174044,5.0190893953348334,-5.101277613569384,-1.347322740779574e-13
36.08880645749774,20.30569082278748,13.295126431189573,5.021599993485551,-5.1020034249575374,-1.515738083377021e-13
36.09684034248814,20.299090597257454,13.29425826224514,5.024104085043296,-5.102730563097427,-1.0104920555846805e-13
36.104874546247615,20.29249117159962,13.293379956686405,5.026601681468218,-5.103459026123416,-2.020984111169361e-13
36.11290906731563,20.285892543775248,13.292491533859025,5.02909279422078,-5.104188812172479,-1.347322740779574e-13
36.12094390423127,20.279294711746076,13.291593013108649,5.031577434761768,-5.104919919384196,-1.347322740779574e-13
36.12897905553351,20.272697673474156,13.290684413780937,5.034055614552289,-5.105652345900765,-1.347322740779574e-13
36.13701451976114,20.266101426921892,13.289765755221541,5.03652734505376,-5.106386089866991,-1.6841534259744677e-13
36.14505029545272,20.25950597005204,13.288837056776119,5.038992637727922,-5.10712114943028,-1.1789073981821273e-13
36.15308638114666,20.25291130082771,13.287898337790322,5.041451504036832,-5.107857522740663,-1.8525687685719145e-13
36.16112277538118,20.24631741721236,13.286949617609807,5.04390395544286,-5.108595207950762,-6.73661370389787e-14
36.16915947669426,20.23972431716981,13.28599091558023,5.046350003408696,-5.1093342032158215,-1.515738083377021e-13
36.17719648362374,20.233131998664227,13.285022251047247,5.048789659397347,-5.110074506693687,-1.0104920555846805e-13
36.185233794707244,20.22654045966012,13.284043643356508,5.051222934872128,-5.11081611654481,-1.8525687685719145e-13
36.19327140848222,20.219949698122377,13.28305511185367,5.053649841296686,-5.111559030932257,-1.6841534259744677e-13
36.2013093234859,20.213359712016196,13.282056675884391,5.056070390134961,-5.112303248021691,-1.6841534259744677e-13
36.20934753825532,20.206770499307208,13.281048354794326,5.058484592851227,-5.113048765981389,-1.515738083377021e-13
36.21738605132742,20.200182057961257,13.280030167929125,5.060892460910062,-5.113795582982233,-1.8525687685719145e-13
36.22542486123885,20.193594385944653,13.279002134634446,5.063294005776357,-5.11454369719771,-1.8525687685719145e-13
36.23346396652607,20.187007481224036,13.277964274255945,5.065689238915327,-5.1152931068039065,-1.8525687685719145e-13
36.241503365725386,20.180421341766365,13.27691660613928,5.068078171792489,-5.116043809979525,-1.515738083377021e-13
36.24954305737292,20.173835965538995,13.275859149630097,5.070460815873677,-5.116795804905861,-1.347322740779574e-13
36.257583040004555,20.167251350509588,13.274791924074057,5.072837182625044,-5.117549089766824,-1.0104920555846805e-13
36.26562331215602,20.16066749464619,13.273714948816819,5.075207283513043,-5.118303662748919,-1.8525687685719145e-13
36.273663872362896,20.15408439591718,13.272628243204025,5.077571130004452,-5.1190595220412645,-2.020984111169361e-13
36.28170471916047,20.147502052291284,13.271531826581342,5.079928733566349,-5.119816665835566,-8.420767129872338e-14
36.28974585108391,20.1409204617376,13.27042571829442,5.082280105666132,-5.120575092326148,-1.515738083377021e-13
36.297787266668166,20.134339622225554,13.269309937688917,5.0846252577715045,-5.121334799709926,-1.1789073981821273e-13
36.30582896444805,20.12775953172493,13.268184504110483,5.086964201350483,-5.1220957861864225,-1.347322740779574e-13
36.313870942958054,20.121180188205905,13.26704943690478,5.089296947871394,-5.122858049957754,-1.347322740779574e-13
36.32191320073269,20.114601589638895,13.265904755417456,5.091623508802874,-5.123621589228649,-1.515738083377021e-13
36.32995573630609,20.108023733994763,13.264750478994172,5.093943895613868,-5.124386402206429,-1.8525687685719145e-13
36.3379985482123,20.1014466192447,13.263586626980578,5.096258119773633,-5.125152487101018,-1.347322740779574e-13
36.3460416349851,20.094870243360237,13.26241321872233,5.098566192751733,-5.125919842124935,-1.1789073981821273e-13
36.35408499515814,20.088294604313273,13.261230273565085,5.100868126018036,-5.126688465493303,-1.347322740779574e-13
36.36212862726485,20.081719700076018,13.2600378108545,5.103163931042726,-5.127458355423836,-1.347322740779574e-13
36.37017252983851,20.075145528621068,13.258835849936224,5.10545361929629,-5.128229510136858,-1.515738083377021e-13
36.37821670141215,20.068572087921364,13.257624410155914,5.107737202249527,-5.129001927855282,-2.020984111169361e-13
36.38626114051866,20.061999375950172,13.256403510859228,5.110014691373536,-5.129775606804617,-1.347322740779574e-13
36.39430584569071,20.055427390681135,13.25517317139182,5.112286098139729,-5.130550545212974,-1.6841534259744677e-13
36.402350815460785,20.04885613008823,13.253933411099343,5.114551434019822,-5.131326741311056,-2.5262301389617017e-13
36.410396048361214,20.042285592145777,13.252684249327451,5.1168107104858365,-5.132104193332166,-1.515738083377021e-13
36.41844154292404,20.035715774828496,13.251425705421804,5.1190639390101,-5.132882899512191,-1.0104920555846805e-13
36.426487297681284,20.029146676111345,13.250157798728054,5.121311131065247,-5.133662858089632,-1.1789073981821273e-13
36.43453331116464,20.022578293969733,13.248880548591853,5.123552298124215,-5.134444067305569,-1.8525687685719145e-13
36.44257958190565,20.016010626379376,13.247593974358859,5.125787451660246,-5.13522652540368,-2.020984111169361e-13
36.450626108435664,20.00944367131634,13.246298095374733,5.128016603146888,-5.136010230630231,-1.6841534259744677e-13
36.458672889285836,20.00287742675706,13.24499293098512,5.130239764057994,-5.136795181234093,-1.515738083377021e-13
36.466719922987174,19.996311890678292,13.243678500535678,5.132456945867717,-5.137581375466719,-1.6841534259744677e-13
36.47476720807043,19.989747061057148,13.242354823372066,5.134668160050512,-5.1383688115821515,-1.347322740779574e-13
36.48281474306622,19.983182935871096,13.241021918839932,5.136873418081144,-5.1391574878370365,-1.8525687685719145e-13
36.490862526504955,19.976619513097937,13.23967980628494,5.139072731434678,-5.139947402490599,-1.8525687685719145e-13
36.49891055691685,19.970056790715837,13.238328505052737,5.141266111586474,-5.140738553804659,-1.347322740779574e-13
36.506958832831934,19.9634947667033,13.23696803448898,5.1434535700122055,-5.141530940043629,-1.6841534259744677e-13
36.515007352780046,19.95693343903916,13.235598413939329,5.145635118187838,-5.1423245594745,-1.6841534259744677e-13
36.52305611529079,19.950372805702678,13.23421966274943,5.147810767589644,-5.143119410366863,-1.8525687685719145e-13
36.531105118893734,19.943812864673305,13.232831800264943,5.149980529694192,-5.1439154909928915,-1.8525687685719145e-13
36.53915436211811,19.937253613930977,13.231434845831528,5.152144415978352,-5.144712799627347,-1.1789073981821273e-13
36.54720384349298,19.930695051455935,13.230028818794832,5.154302437919299,-5.145511334547577,-2.020984111169361e-13
36.55525356154726,19.92413717522875,13.228613738500517,5.156454606994503,-5.146311094033518,-1.515738083377021e-13
36.563303514809654,19.917579983230375,13.227189624294226,5.158600934681736,-5.147112076367691,-2.1893994537668078e-13
36.57135370180869,19.911023473442068,13.225756495521628,5.160741432459062,-5.1479142798352,-1.8525687685719145e-13
36.579404121072685,19.904467643845468,13.224314371528372,5.162876111804854,-5.148717702723733,-2.3578147963642546e-13
36.587454771129806,19.897912492422527,13.222863271660115,5.165004984197777,-5.149522343323571,-2.020984111169361e-13
36.59550565050799,19.89135801715558,13.221403215262503,5.167128061116798,-5.15032819992757,-2.020984111169361e-13
36.603556757735,19.88480421602727,13.219934221681203,5.169245354041175,-5.151135270831166,-1.347322740779574e-13
36.611608091338425,19.87825108702062,13.218456310261866,5.171356874450468,-5.151943554332388,-1.8525687685719145e-13
36.61965964984562,19.871698628119,13.216969500350142,5.173462633824538,-5.152753048731837,-1.1789073981821273e-13
36.62771143178386,19.865146837306057,13.215473811291693,5.175562643643531,-5.153563752332705,-2.020984111169361e-13
36.635763435680126,19.85859571256585,13.21396926243217,5.177656915387898,-5.154375663440751,-1.1789073981821273e-13
36.64381566006124,19.852045251882775,13.21245587311723,5.179745460538383,-5.155188780364329,-1.6841534259744677e-13
36.65186810345385,19.84549545324157,13.210933662692526,5.181828290576028,-5.156003101414361,-1.8525687685719145e-13
36.659920764384395,19.838946314627304,13.209402650503717,5.183905416982165,-5.156818624904351,-1.515738083377021e-13
36.667973641379135,19.832397834025397,13.207862855896451,5.18597685123843,-5.157635349150386,-2.020984111169361e-13
36.676026732964175,19.825850009421625,13.206314298216387,5.188042604826737,-5.158453272471122,-2.1893994537668078e-13
36.68408003766537,19.81930283880209,13.204756996809184,5.190102689229314,-5.159272393187802,-1.8525687685719145e-13
36.69213355400844,19.812756320153262,13.203190971020492,5.1921571159286675,-5.160092709624237,-2.020984111169361e-13
36.70018728051889,19.806210451461922,13.201616240195962,5.194205896407606,-5.160914220106819,-2.020984111169361e-13
36.70824121572204,19.79966523071522,13.200032823681257,5.1962490421492245,-5.161736922964508,-2.020984111169361e-13
36.71629535814305,19.79312065590065,13.198440740822035,5.198286564636913,-5.162560816528844,-1.8525687685719145e-13
36.72434970630682,19.786576725006075,13.196840010963932,5.200318475354361,-5.163385899133947,-1.6841534259744677e-13
36.73240425873818,19.780033436019597,13.19523065345263,5.202344785785533,-5.164212169116494,-2.020984111169361e-13
36.7404590139617,19.773490786929763,13.193612687633761,5.2043655074147015,-5.16503962481575,-2.5262301389617017e-13
36.74851397050175,19.76694877572545,13.191986132852993,5.206380651726423,-5.165868264573547,-2.020984111169361e-13
36.75656912688253,19.760407400395845,13.190351008455977,5.208390230205545,-5.16669808673428,-1.6841534259744677e-13
36.764624481628076,19.753866658930512,13.188707333788363,5.210394254337208,-5.167529089644929,-1.1789073981821273e-13
36.7726800332622,19.74732654931933,13.187055128195816,5.212392735606838,-5.1683612716550345,-1.515738083377021e-13
36.78073578030853,19.74078706955254,13.185394411023985,5.214385685500155,-5.169194631116705,-1.8525687685719145e-13
36.78879172129056,19.734248217620706,13.18372520161853,5.2163731155031625,-5.170029166384622,-2.3578147963642546e-13
36.79684785473155,19.727709991514764,13.182047519325094,5.218355037102166,-5.170864875816039,-1.8525687685719145e-13
36.80490417915457,19.721172389225963,13.180361383489346,5.220331461783741,-5.171701757770764,-1.8525687685719145e-13
36.81296069308253,19.71463540874591,13.178666813456934,5.222302401034765,-5.172539810611188,-1.8525687685719145e-13
36.821017395038126,19.70809904806654,13.176963828573511,5.224267866342402,-5.173379032702252,-1.515738083377021e-13
36.82907428354385,19.701563305180194,13.175252448184741,5.2262278691940995,-5.174219422411472,-1.515738083377021e-13
36.83713135712214,19.69502817807942,13.17353269163627,5.228182421077589,-5.175060978108928,-1.6841534259744677e-13
36.84518861429508,19.688493664757225,13.171804578273754,5.230131533480899,-5.175903698167261,-1.515738083377021e-13
36.85324605358465,19.681959763206915,13.170068127442853,5.232075217892335,-5.176747580961675,-1.6841534259744677e-13
36.86130367351264,19.675426471422156,13.168323358489214,5.234013485800497,-5.177592624869943,-1.8525687685719145e-13
36.86936147260063,19.668893787396932,13.166570290758502,5.23594634869426,-5.178438828272387,-1.8525687685719145e-13
36.87741944937004,19.662361709125584,13.164808943596364,5.237873818062793,-5.179286189551901,-1.515738083377021e-13
36.885477602342085,19.655830234602796,13.163039336348458,5.239795905395553,-5.180134707093938,-1.347322740779574e-13
36.8935359300378,19.649299361823566,13.161261488360442,5.241712622182266,-5.180984379286504,-2.020984111169361e-13
36.90159443097805,19.64276908878327,13.159475418977967,5.243623979912959,-5.181835204520174,-2.1893994537668078e-13
36.9096531036835,19.6362394134776,13.157681147546688,5.245529990077935,-5.18268718118807,-1.515738083377021e-13
36.91771194667463,19.62971033390259,13.155878693412264,5.247430664167781,-5.183540307685884,-1.347322740779574e-13
36.92577095847173,19.62318184805463,13.154068075920348,5.249326013673368,-5.184394582411852,-1.6841534259744677e-13
36.93383013759487,19.616653953930474,13.152249314416588,5.251216050085851,-5.185250003766775,-2.3578147963642546e-13
36.94188948256408,19.610126649527103,13.150422428246646,5.253100784896666,-5.186106570154008,-2.1893994537668078e-13
36.949948991899035,19.60359993284196,13.148587436756179,5.254980229597529,-5.186964279979458,-2.020984111169361e-13
36.95800866411931,19.59707380187277,13.146744359290839,5.256854395680443,-5.1878231316515855,-2.1893994537668078e-13
36.966068497744274,19.59054825461763,13.144893215196277,5.258723294637688,-5.188683123581408,-1.6841534259744677e-13
36.97412849129311,19.584023289074956,13.14303402381816,5.260586937961822,-5.189544254182489,-1.8525687685719145e-13
36.98218864328482,19.57749890324349,13.141166804502124,5.262445337145699,-5.190406521870955,-1.6841534259744677e-13
36.990248952238225,19.570975095122346,13.139291576593841,5.264298503682433,-5.191269925065465,-1.6841534259744677e-13
36.99830941667196,19.564451862710943,13.13740835943896,5.266146449065429,-5.192134462187248,-2.020984111169361e-13
37.00637003510446,19.557929204009064,13.135517172383137,5.267989184788368,-5.193000131660067,-1.515738083377021e-13
37.014430806054015,19.55140711701682,13.133618034772025,5.269826722345217,-5.193866931910243,-2.3578147963642546e-13
37.022491728038695,19.54488559973467,13.131710965951278,5.271659073230215,-5.194734861366643,-1.6841534259744677e-13
37.03055279957639,19.53836465016339,13.129795985266558,5.273486248937875,-5.195603918460675,-2.3578147963642546e-13
37.03861401918478,19.531844266304155,13.127873112063513,5.275308260963003,-5.1964741016263,-1.8525687685719145e-13
37.046675385381484,19.525324446158354,13.125942365687798,5.277125120800669,-5.197345409300022,-1.515738083377021e-13
37.05473689668378,19.518805187727832,13.124003765485073,5.278936839946225,-5.198217839920891,-3.031476166754042e-13
37.062798551608864,19.51228648901472,13.122057330800986,5.2807434298953035,-5.199091391930498,-1.515738083377021e-13
37.0708603486737,19.50576834802151,13.120103080981197,5.282544902143803,-5.199966063772978,-1.8525687685719145e-13
37.07892228639506,19.49925076275101,13.118141035371362,5.284341268187912,-5.2008418538950085,-2.3578147963642546e-13
37.0869843632896,19.492733731206375,13.116171213317134,5.286132539524086,-5.2017187607458135,-2.1893994537668078e-13
37.09504657787372,19.4862172513911,13.114193634164167,5.287918727649058,-5.202596782777148,-1.6841534259744677e-13
37.10310892866366,19.479701321309008,13.112208317258117,5.289699844059839,-5.203475918443314,-2.020984111169361e-13
37.1111714141755,19.473185938964274,13.110215281944638,5.29147590025371,-5.204356166201151,-1.515738083377021e-13
37.11923403292511,19.46667110236139,13.10821454756939,5.293246907728227,-5.205237524510035,-1.8525687685719145e-13
37.127296783428186,19.460156809505193,13.106206133478022,5.2950128779812236,-5.206119991831879,-1.6841534259744677e-13
37.13535966420019,19.453643058400907,13.104190059016187,5.296773822510808,-5.207003566631137,-2.020984111169361e-13
37.14342267375656,19.44712984705396,13.102166343529548,5.298529752815353,-5.207888247374796,-1.515738083377021e-13
