galstreams/tracks/track.st.Jhelum.ibata2021.ecsv
# %ECSV 1.0
# ---
# datatype:
# - {name: ra, unit: deg, datatype: float64}
# - {name: dec, unit: deg, datatype: float64}
# - {name: distance, unit: kpc, datatype: float64}
# - {name: pm_ra_cosdec, unit: mas / yr, datatype: float64}
# - {name: pm_dec, unit: mas / yr, datatype: float64}
# - {name: radial_velocity, unit: km / s, datatype: float64}
# delimiter: ','
# meta: !!omap
# - __serialized_columns__:
#     dec:
#       __class__: astropy.coordinates.angles.Latitude
#       unit: &id001 !astropy.units.Unit {unit: deg}
#       value: !astropy.table.SerializedColumn {name: dec}
#     distance:
#       __class__: astropy.coordinates.distances.Distance
#       unit: !astropy.units.Unit {unit: kpc}
#       value: !astropy.table.SerializedColumn {name: distance}
#     pm_dec:
#       __class__: astropy.units.quantity.Quantity
#       unit: !astropy.units.Unit {unit: mas / yr}
#       value: !astropy.table.SerializedColumn {name: pm_dec}
#     pm_ra_cosdec:
#       __class__: astropy.units.quantity.Quantity
#       unit: !astropy.units.Unit {unit: mas / yr}
#       value: !astropy.table.SerializedColumn {name: pm_ra_cosdec}
#     ra:
#       __class__: astropy.coordinates.angles.Longitude
#       unit: *id001
#       value: !astropy.table.SerializedColumn {name: ra}
#       wrap_angle: !astropy.coordinates.Angle
#         unit: *id001
#         value: 360.0
#     radial_velocity:
#       __class__: astropy.units.quantity.Quantity
#       unit: !astropy.units.Unit {unit: km / s}
#       value: !astropy.table.SerializedColumn {name: radial_velocity}
# schema: astropy-2.0
ra,dec,distance,pm_ra_cosdec,pm_dec,radial_velocity
[from data line 2277]
334.50970721390917,-50.26304089037333,11.037063722445042,5.786664493614636,-5.938603214461125,131.03107582317926
334.49457194723254,-50.26035550087829,11.03760985831987,5.785421593274565,-5.939382494301531,130.80235961460122
334.47943868538147,-50.25766728877549,11.038155152209985,5.784179527104407,-5.940161122757828,130.57204519515045
334.46430743024405,-50.254976253945735,11.03869960246557,5.782938296600522,-5.940939100423886,130.34013043697337
334.4491781837076,-50.25228239627038,11.039243207436833,5.781697903258772,-5.941716427894585,130.10661321221718
334.43405094765865,-50.249585715631184,11.039785965473957,5.780458348574581,-5.942493105765861,129.87149139302792
334.4189257239831,-50.246886211910436,11.040327874927142,5.7792196340428985,-5.9432691346346465,129.63476285155247
334.4038025145658,-50.244183884990896,11.04086893414658,5.7779817611581885,-5.944044515098922,129.39642545993746
334.3886813212913,-50.24147873475583,11.041409141482463,5.776744731414478,-5.944819247757681,129.15647709032967
334.37356214604296,-50.238770761088944,11.041948495284984,5.775508546305297,-5.945593333210943,128.9149156148755
334.35844499070345,-50.23605996387448,11.042486993904339,5.77427320732372,-5.946366772059755,128.6717389057217
334.3433298571549,-50.233346342997116,11.04302463569072,5.773038715962353,-5.9471395649061805,128.4269448350148
334.3282167472784,-50.230629898342045,11.043561418994326,5.771805073713313,-5.947911712353308,128.1805312749015
334.3131056629545,-50.22791062979493,11.044097342165344,5.770572282068274,-5.948683215005244,127.93249609752858
334.2979966060628,-50.22518853724192,11.04463240355397,5.769340342518412,-5.949454073467118,127.68283717504254
334.2828895784821,-50.22246362056964,11.045166601510399,5.768109256554447,-5.950224288345078,127.43155237958993
334.2677845820906,-50.2197358796652,11.045699934384825,5.76687902566661,-5.950993860246289,127.17863958331752
334.2526816187656,-50.217005314416205,11.046232400527439,5.765649651344676,-5.951762789778937,126.92409665837182
334.23758069038377,-50.21427192471071,11.046763998288434,5.764421135077935,-5.952531077552219,126.6679214768997
334.2224817988207,-50.211535710437275,11.047294726018006,5.763193478355199,-5.953298724176356,126.4101119110475
334.20738494595145,-50.20879667148495,11.047824582066347,5.761966682664813,-5.954065730262577,126.1506658329619
334.1922901336502,-50.20605480774323,11.048353564783653,5.760740749494635,-5.9548320964231305,125.8895811147896
334.17719736379047,-50.20331011910214,11.04888167252012,5.759515680332059,-5.955597823271267,125.62685562867756
334.16210663824484,-50.20056260545214,11.049408903625935,5.75829147666399,-5.956362911421273,125.36248724677192
334.14701795888516,-50.19781226668418,11.049935256451292,5.757068139976859,-5.957127361488423,125.09647384121948
334.1319313275825,-50.19505910268972,11.05046072934639,5.755845671756616,-5.957891174089017,124.82881328416696
334.1168467462071,-50.192303113360644,11.050985320661423,5.7546240734887375,-5.958654349840361,124.55950344776095
334.1017642166285,-50.18954429858937,11.051509028746581,5.753403346658213,-5.959416889360771,124.28854220414809
334.0866837407154,-50.186782658268754,11.052031851952055,5.752183492749553,-5.9601787932695744,124.01592742547486
334.07160532033566,-50.18401819229217,11.052553788628046,5.75096451324679,-5.960940062187095,123.7416569838882
334.05652895735636,-50.181250900553415,11.053074837124743,5.749746409633473,-5.961700696734684,123.46572875153446
334.04145465364394,-50.17848078294683,11.053594995792341,5.748529183392666,-5.962460697534678,123.18814060056054
334.0263824110637,-50.175707839367185,11.054114262981031,5.747312836006948,-5.963220065210438,122.90889040311279
334.01131223148053,-50.172932069709724,11.05463263704101,5.7460973689584245,-5.963978800386315,122.62797603133794
333.9962441167583,-50.17015347387021,11.055150116322471,5.744882783728706,-5.964736903687671,122.34539535738274
333.9811780687601,-50.16737205174485,11.05566669917561,5.743669081798918,-5.965494375740876,122.06114625339355
333.9661140893482,-50.16458780323034,11.056182383950613,5.742456264649715,-5.966251217173285,121.77522659151741
333.9510521803842,-50.16180072822384,11.056697168997683,5.741244333761251,-5.967007428613272,121.48763424390089
333.93599234372874,-50.15901082662299,11.057211052667009,5.74003329061319,-5.967763010690209,121.19836708269018
333.9209345812417,-50.15621809832592,11.057724033308782,5.738823136684722,-5.968517964034463,120.90742298003217
333.9058788947822,-50.15342254323122,11.058236109273203,5.737613873454542,-5.969272289277397,120.61479980807377
333.8908252862085,-50.15062416123798,11.058747278910458,5.7364055024008636,-5.970025987051378,120.32049543896147
333.8757737573781,-50.14782295224571,11.059257540570746,5.735198025001394,-5.970779057989775,120.0245077448416
333.8607243101476,-50.145018916154434,11.059766892604255,5.73399144273337,-5.9715315027269495,119.72683459786094
333.8456769463729,-50.14221205286466,11.060275333361188,5.732785757073525,-5.972283321898246,119.42747387016641
333.830631667909,-50.13940236227735,11.060782861191727,5.731580969498114,-5.973034516140024,119.12642343390436
333.8155884766101,-50.13658984429395,11.061289474446077,5.730377081482884,-5.973785086089631,118.82368116122127
333.80054737432965,-50.133774498816344,11.061795171474424,5.7291740945031115,-5.974535032385399,118.51924492426431
333.78550836292015,-50.13095632574694,11.062299950626965,5.727972010033561,-5.975284355666664,118.21311259517971
333.7704714442334,-50.12813532498862,11.062803810253895,5.726770829548509,-5.976033056573746,117.90528204611428
333.75543662012035,-50.125311496444674,11.0633067487054,5.7255705545217435,-5.976781135747962,117.59575114921432
333.7404038924311,-50.12248484001892,11.063808764331684,5.7243711864265565,-5.977528593831611,117.28451777662691
333.72537326301494,-50.11965535561564,11.064309855482932,5.72317272673574,-5.978275431467996,116.97157980049832
333.7103447337203,-50.116823043139576,11.064810020509345,5.721975176921599,-5.979021649301387,116.65693509297554
333.69531830639494,-50.11398790249595,11.065309257761113,5.7207785384559395,-5.9797672479770565,116.34058152620513
333.6802939828856,-50.11114993359043,11.065807565588429,5.719582812810064,-5.98051222814127,116.02251697233328
333.6652717650382,-50.108309136329204,11.066304942341487,5.718388001454782,-5.981256590441257,115.70273930350724
333.65025165469797,-50.10546551061889,11.066801386370479,5.717194105860412,-5.9820003355252584,115.3812463918731
333.63523365370924,-50.102619056366585,11.067296896025605,5.716001127496762,-5.9827434640424695,115.05803610957788
333.6202177639155,-50.09976977347987,11.067791469657053,5.714809067833158,-5.983485976643099,114.73310632876805
333.60520398715937,-50.09691766186677,11.068285105615017,5.71361792833841,-5.984227873978318,114.40645492159044
333.59019232528277,-50.0940627214358,11.068777802249695,5.712427710480829,-5.984969156700284,114.07807976019141
333.5751827801266,-50.091204952095936,11.069269557911275,5.711238415728244,-5.985709825462143,113.74797871671785
333.560175353531,-50.088344353756625,11.069760370949954,5.710050045547955,-5.986449880918018,113.41614966331592
333.5451700473354,-50.085480926327776,11.070250239715923,5.708862601406784,-5.987189323722999,113.08259047213284
333.5301668633781,-50.082614669719796,11.070739162559379,5.707676084771041,-5.987928154533174,112.74729901531497
333.5151658034969,-50.0797455838435,11.071227137830519,5.7064904971065324,-5.988666374005589,112.41027316500913
333.50016686952847,-50.076873668610226,11.071714163879527,5.70530583987856,-5.98940398279829,112.07151079336164
333.4851700633089,-50.07399892393175,11.0722002390566,5.70412211455193,-5.9901409815702795,111.73100977251917
333.47017538667313,-50.071121349720336,11.072685361711937,5.7029393225909315,-5.990877370981535,111.38876797462876
333.4551828414555,-50.06824094588868,11.073169530195727,5.701757465459365,-5.991613151693027,111.04478327183642
333.4401924294894,-50.06535771234999,11.073652742858165,5.700576544620505,-5.992348324366677,110.69905353628945
333.4252041526074,-50.062471649017894,11.074134998049443,5.69939656153714,-5.993082889665395,110.35157664013393
333.4102180126412,-50.05958275580654,11.074616294119757,5.698217517671536,-5.993816848253056,110.00235045551683
333.39523401142173,-50.05669103263048,11.075096629419303,5.697039414485462,-5.994550200794505,109.65137285458455
333.3802521507789,-50.05379647940477,11.075576002298268,5.6958622534401755,-5.995282947955559,109.29864170948416
333.3652724325419,-50.0508990960449,11.076054411106849,5.6946860359964235,-5.996015090403014,108.94415489236158
333.35029485853903,-50.04799888246689,11.076531854195238,5.693510763614448,-5.99674662880461,108.58791027536421
333.3353194305977,-50.045095838587144,11.077008329913633,5.69233643775398,-5.997477563829081,108.22990573063792
333.32034615054454,-50.04218996432259,11.077483836612226,5.69116305987424,-5.998207896146106,107.87013913033017
333.30537502020525,-50.03928125959057,11.077958372641207,5.689990631433935,-5.998937626426349,107.50860834658705
333.2904060414047,-50.03636972430894,11.078431936350777,5.68881915389127,-5.9996667553414245,107.14531125155516
333.27543921596697,-50.033455358395976,11.078904526091119,5.68764862870393,-6.000395283563918,106.78024571738155
333.2604745457151,-50.03053816177044,11.079376140212437,5.686479057329087,-6.001123211767378,106.41340961621239
333.2455120324714,-50.02761813435154,11.07984677706492,5.685310441223408,-6.001850540626313,106.04480082019455
333.23055167805734,-50.02469527605897,11.080316434998762,5.6841427818430414,-6.002577270816192,105.67441720147465
333.21559348429344,-50.021769586812866,11.080785112364156,5.682976080643622,-6.0033034030134536,105.30225663219936
333.2006374529994,-50.01884106653384,11.081252807511294,5.681810339080276,-6.004028937895482,104.92831698451523
333.1856835859939,-50.01590971514294,11.081719518790376,5.680645558607602,-6.004753876140637,104.55259613056887
333.17073188509505,-50.0129755325617,11.08218524455159,5.679481740679698,-6.005478218428221,104.17509194250694
333.1557823521199,-50.010038518712115,11.082649983145133,5.678318886750135,-6.006201965438499,103.79580229247624
333.14083498888454,-50.00709867351662,11.083113732921198,5.677156998271973,-6.006925117852701,103.41472505262318
333.1258897972045,-50.00415599689812,11.083576492229975,5.675996076697758,-6.007647676352998,103.03185809509475
333.11094677889406,-50.001210488779996,11.08403825942166,5.674836123479506,-6.008369641622531,102.64719929203714
333.0960059357668,-49.99826214908606,11.084499032846452,5.673677140068727,-6.009091014345385,102.26074651559699
333.0810672696356,-49.9953109777406,11.08495881085454,5.672519127916411,-6.009811795206592,101.87249763792137
333.06613078231203,-49.99235697466836,11.085417591796116,5.671362088473025,-6.010531984892161,101.48245053115633
333.05119647560724,-49.98940013979453,11.085875374021372,5.670206023188523,-6.011251584089023,101.09060306744907
333.0362643513313,-49.98644047304478,11.086332155880507,5.669050933512328,-6.011970593485074,100.69695311894601
333.02133441129325,-49.983477974345234,11.086787935723711,5.6678968208933505,-6.012689013769164,100.30149855779372
333.00640665730145,-49.980512643622454,11.087242711901183,5.6667436867799745,-6.013406845631076,99.90423725613883
332.99148109116334,-49.97754448080348,11.087696482763112,5.665591532620065,-6.014124089761561,99.50516708612808
332.97655771468544,-49.97457348581579,11.088149246659693,5.664440359860975,-6.014840746852299,99.10428591990794
332.9616365296734,-49.97159965858733,11.088601001941115,5.6632901699495175,-6.015556817595931,98.70159162962511
332.946717537932,-49.96862299904653,11.089051746957583,5.662140964331987,-6.0162723026860245,98.29708208742647
332.9318007412651,-49.96564350712221,11.089501480059276,5.660992744454168,-6.0169872028171145,97.89075516545837
332.9168861414756,-49.962661182743695,11.089950199596403,5.6598455117612945,-6.017701518684662,97.48260873586742
332.90197374036563,-49.95967602584075,11.090397903919145,5.658699267698107,-6.018415250985077,97.07264067080037
332.88706353973646,-49.95668803634361,11.0908445913777,5.6575540137088,-6.0191284004157115,96.66084884240394
332.8721555413884,-49.95369721418293,11.091290260322268,5.656409751237034,-6.019840967674858,96.24723112282457
332.8572497471207,-49.95070355928988,11.091734909103032,5.655266481725975,-6.020552953461751,95.83178538420898
332.84234615873197,-49.94770707159601,11.092178536070193,5.654124206618232,-6.021264358476561,95.41450949870378
332.82744477801987,-49.94470775103338,11.092621139573943,5.652982927355899,-6.021975183420391,94.99540133845575
332.81254560678104,-49.94170559753447,11.093062717964475,5.651842645380544,-6.0226854289953,94.57445877561126
332.79764864681135,-49.93870061103223,11.093503269591979,5.650703362133208,-6.023395095904265,94.15167968231727
332.78275389990574,-49.93569279146007,11.093942792806658,5.649565079054393,-6.024104184851206,93.72706193072017
332.7678613678581,-49.93268213875183,11.094381285958695,5.648427797584077,-6.0248126965409785,93.3006033929667
332.7529710524617,-49.9296686528418,11.09481874739829,5.647291519161716,-6.025520631679372,92.87230194120342
332.7380829555086,-49.92665233366478,11.09525517547564,5.646156245226221,-6.026227990973104,92.44215544757698
332.7231970787902,-49.92363318115593,11.095690568540928,5.64502197721598,-6.0269347751298366,92.01016178423406
332.70831342409684,-49.92061119525092,11.096124924944357,5.643888716568852,-6.027640984858147,91.57631882332103
332.6934319932181,-49.91758637588588,11.096558243036117,5.6427564647221695,-6.02834662086755,91.14062443698526
332.6785527879424,-49.91455872299734,11.096990521166402,5.641625223112707,-6.029051683868499,90.70307649737244
332.66367581005755,-49.911528236522344,11.097421757685407,5.640494993176739,-6.029756174572362,90.26367287662993
332.64880106135035,-49.90849491639832,11.097851950943324,5.639365776349988,-6.0304600936914365,89.82241144690391
332.6339285436065,-49.905458762563185,11.098281099290347,5.638237574067645,-6.031163441938961,89.37929008034136
332.61905825861095,-49.9024197749553,11.098709201076668,5.637110387764368,-6.031866220029086,88.93430664908851
332.6041902081479,-49.899377953513486,11.099136254652487,5.635984218874282,-6.032568428676882,88.48745902529257
332.5893243940002,-49.896333298176984,11.099562258367992,5.634859068830971,-6.033270068598367,88.0387450810995
332.5744608179502,-49.893285808885494,11.099987210573373,5.633734939067497,-6.033971140510465,87.58816268865642
332.5595994817791,-49.890235485579176,11.100411109618832,5.632611831016368,-6.034671645131018,87.1357097201099
332.5447403872673,-49.88718232819863,11.100833953854561,5.631489746109565,-6.035371583178804,86.68138404760633
332.52988353619423,-49.884126336684915,11.101255741630753,5.63036868577853,-6.036070955373514,86.2251835432927
332.51502893033836,-49.8810675109795,11.101676471297598,5.629248651454171,-6.036769762435764,85.76710607931518
332.5001765714773,-49.87800585102434,11.102096141205294,5.628129644566849,-6.03746800508708,85.3071495278209
332.4853264613877,-49.874941356761816,11.102514749704028,5.627011666546397,-6.038165684049913,84.84531176095602
332.4704786018453,-49.871874028134776,11.102932295144,5.625894718822106,-6.03886280004763,84.38159065086766
332.4556329946249,-49.86880386508648,11.103348775875407,5.624778802822715,-6.03955935380451,83.91598406970195
332.44078964150043,-49.86573086756067,11.103764190248437,5.62366391997644,-6.04025534604575,83.44848988960617
332.4259485442448,-49.8626550355015,11.104178536613285,5.622550071710951,-6.040950777497477,82.97910598272624
332.41110970463006,-49.85957636885361,11.104591813320141,5.621437259453374,-6.0416456488867,82.50783022120936
