galstreams/tracks/track.st.Phlegethon.ibata2021.ecsv
# %ECSV 0.9
# ---
# datatype:
# - {name: ra, unit: deg, datatype: float64}
# - {name: dec, unit: deg, datatype: float64}
# - {name: distance, unit: kpc, datatype: float64}
# - {name: pm_ra_cosdec, unit: mas / yr, datatype: float64}
# - {name: pm_dec, unit: mas / yr, datatype: float64}
# - {name: radial_velocity, unit: km / s, datatype: float64}
# delimiter: ','
# meta: !!omap
# - __serialized_columns__:
#     dec:
#       __class__: astropy.coordinates.angles.Latitude
#       unit: &id001 !astropy.units.Unit {unit: deg}
#       value: !astropy.table.SerializedColumn {name: dec}
#     distance:
#       __class__: astropy.coordinates.distances.Distance
#       unit: !astropy.units.Unit {unit: kpc}
#       value: !astropy.table.SerializedColumn {name: distance}
#     pm_dec:
#       __class__: astropy.units.quantity.Quantity
#       unit: !astropy.units.Unit {unit: mas / yr}
#       value: !astropy.table.SerializedColumn {name: pm_dec}
#     pm_ra_cosdec:
#       __class__: astropy.units.quantity.Quantity
#       unit: !astropy.units.Unit {unit: mas / yr}
#       value: !astropy.table.SerializedColumn {name: pm_ra_cosdec}
#     ra:
#       __class__: astropy.coordinates.angles.Longitude
#       unit: *id001
#       value: !astropy.table.SerializedColumn {name: ra}
#       wrap_angle: !astropy.coordinates.Angle
#         unit: *id001
#         value: 360.0
#     radial_velocity:
#       __class__: astropy.units.quantity.Quantity
#       unit: !astropy.units.Unit {unit: km / s}
#       value: !astropy.table.SerializedColumn {name: radial_velocity}
# schema: astropy-2.0
ra,dec,distance,pm_ra_cosdec,pm_dec,radial_velocity
[from data line 828]
317.8383721922343,-40.55079435544118,3.3968676795151067,-5.4678841601482,-35.59704984814033,2.3578147963642546e-13
317.84226326965666,-40.54103193148719,3.396756898234984,-5.466112874339506,-35.60072745897757,1.0104920555846805e-13
317.8461522022656,-40.53126923736951,3.3966461142215167,-5.4643417590330845,-35.604401774936676,1.6841534259744677e-13
317.8500389914301,-40.52150627332385,3.396535327525109,-5.4625708144012055,-35.60807279663868,2.020984111169361e-13
317.8539236385178,-40.51174303958596,3.396424538196165,-5.460800040615743,-35.61174052470456,1.6841534259744677e-13
317.85780614489556,-40.50197953639105,3.3963137462850876,-5.459029437847979,-35.61540495975525,2.020984111169361e-13
317.861686511929,-40.492215763974365,3.3962029518422816,-5.457259006268721,-35.619066102411566,2.694645481559148e-13
317.8655647409831,-40.482451722570694,3.3960921549181493,-5.455488746048244,-35.622723953294226,2.694645481559148e-13
317.86944083342144,-40.47268741241471,3.395981355563097,-5.453718657356324,-35.62637851302391,1.6841534259744677e-13
317.87331479060697,-40.46292283374088,3.3958705538275265,-5.451948740362216,-35.630029782221136,2.020984111169361e-13
317.87718661390136,-40.453157986783275,3.395759749761842,-5.450178995234699,-35.633677761506426,2.020984111169361e-13
317.88105630466544,-40.44339287177591,3.3956489434164467,-5.448409422142001,-35.63732245150017,1.0104920555846805e-13
317.88492386425906,-40.43362748895238,3.395538134841747,-5.446640021251868,-35.64096385282266,1.0104920555846805e-13
317.88878929404103,-40.423861838546216,3.3954273240881436,-5.444870792731525,-35.644601966094164,1.6841534259744677e-13
317.8926525953692,-40.41409592079064,3.395316511206041,-5.4431017367477,-35.64823679193481,-3.368306851948935e-14
317.8965137696004,-40.40432973591856,3.3952056962458443,-5.441332853466616,-35.65186833096463,1.347322740779574e-13
317.9003728180905,-40.394563284162814,3.395094879257956,-5.439564143053973,-35.65549658380364,2.020984111169361e-13
317.90422974219433,-40.384796565755785,3.3949840602927805,-5.43779560567501,-35.659121551071706,1.347322740779574e-13
317.90808454326583,-40.37502958092982,3.394873239400722,-5.4360272414943935,-35.66274323338864,2.3578147963642546e-13
317.91193722265785,-40.365262329917,3.394762416632183,-5.434259050676381,-35.66636163137416,1.6841534259744677e-13
317.91578778172243,-40.355494812949026,3.394651592037569,-5.432491033384647,-35.6699767456479,1.6841534259744677e-13
317.9196362218103,-40.34572703025755,3.394540765667282,-5.430723189782409,-35.67358857682942,2.020984111169361e-13
317.9234825442716,-40.335958982073784,3.394429937571727,-5.428955520032355,-35.67719712553818,6.73661370389787e-14
317.92732675045534,-40.3261906686289,3.394319107801308,-5.427188024296681,-35.680802392393545,1.347322740779574e-13
317.9311688417093,-40.3164220901538,3.394208276406428,-5.425420702737142,-35.68440437801483,1.6841534259744677e-13
317.93500881938064,-40.306653246879,3.3940974434374898,-5.423653555514909,-35.688003083021265,1.347322740779574e-13
317.93884668481536,-40.296884139034994,3.3939866089449,-5.421886582790709,-35.69159850803192,1.347322740779574e-13
317.94268243935846,-40.28711476685183,3.3938757729790607,-5.420119784724767,-35.695190653665875,1.6841534259744677e-13
317.94651608435413,-40.27734513055948,3.3937649355903745,-5.41835316147678,-35.698779520542075,6.73661370389787e-14
317.9503476211454,-40.267575230387706,3.393654096829248,-5.416586713206023,-35.702365109279384,1.6841534259744677e-13
317.9541770510744,-40.25780506656584,3.3935432567460837,-5.4148204400711855,-35.705947420496585,1.6841534259744677e-13
317.9580043754823,-40.248034639323194,3.393432415391284,-5.41305434223052,-35.709526454812384,1.0104920555846805e-13
317.9618295957092,-40.23826394888869,3.393321572815255,-5.411288419841815,-35.71310221284539,2.3578147963642546e-13
317.96565271309447,-40.228492995491095,3.3932107290683975,-5.409522673062284,-35.71667469521414,1.6841534259744677e-13
317.96947372897614,-40.218721779359015,3.3930998842011193,-5.407757102048741,-35.72024390253705,1.6841534259744677e-13
317.9732926446917,-40.20895030072062,3.392989038263822,-5.405991706957405,-35.72380983543249,1.347322740779574e-13
317.9771094615772,-40.1991785598041,3.3928781913069086,-5.404226487944134,-35.72737249451873,6.73661370389787e-14
317.98092418096803,-40.18940655683717,3.392767343380785,-5.402461445164203,-35.73093188041396,3.031476166754042e-13
317.9847368041986,-40.17963429204746,3.392656494535853,-5.400696578772427,-35.73448799373627,2.3578147963642546e-13
317.9885473326022,-40.1698617656624,3.392545644822517,-5.398931888923151,-35.73804083510367,1.347322740779574e-13
317.99235576751136,-40.160088977909034,3.3924347942911806,-5.397167375770195,-35.741590405134104,1.0104920555846805e-13
317.9961621102574,-40.150315929014354,3.3923239429922485,-5.395403039466959,-35.7451367044454,1.0104920555846805e-13
317.9999663621708,-40.14054261920496,3.392213090976125,-5.393638880166295,-35.748679733655294,1.6841534259744677e-13
318.0037685245812,-40.13076904870731,3.3921022382932113,-5.391874898020575,-35.752219493381475,1.6841534259744677e-13
318.00756859881704,-40.120995217747705,3.3919913849939136,-5.3901110931817495,-35.75575598424153,2.020984111169361e-13
318.0113665862059,-40.11122112655199,3.391880531128635,-5.388347465801232,-35.75928920685295,1.347322740779574e-13
318.0151624880744,-40.10144677534607,3.3917696767477783,-5.38658401603,-35.76281916183314,2.3578147963642546e-13
318.01895630574825,-40.091672164355344,3.3916588219017485,-5.384820744018466,-35.76634584979943,2.020984111169361e-13
318.02274804055213,-40.081897293805156,3.391547966640949,-5.383057649916658,-35.76986927136905,1.347322740779574e-13
318.0265376938097,-40.07212216392064,3.3914371110157844,-5.381294733874087,-35.77338942715916,1.0104920555846805e-13
318.0303252668438,-40.06234677492654,3.3913262550766565,-5.379531996039777,-35.77690631778683,1.0104920555846805e-13
318.03411076097626,-40.052571127047564,3.3912153988739715,-5.377769436562279,-35.78041994386901,1.6841534259744677e-13
318.03789417752785,-40.04279522050798,3.3911045424581316,-5.376007055589685,-35.78393030602261,1.0104920555846805e-13
318.0416755178186,-40.03301905553208,3.3909936858795415,-5.3742448532695875,-35.78743740486445,0.0
318.04545478316726,-40.02324263234367,3.3908828291886035,-5.37248282974914,-35.79094124101123,1.6841534259744677e-13
318.049231974892,-40.013465951166516,3.3907719724357226,-5.370720985174966,-35.79444181507961,2.3578147963642546e-13
318.05300709430975,-40.00368901222414,3.3906611156713033,-5.368959319693298,-35.79793912768608,2.020984111169361e-13
318.0567801427366,-39.99391181573969,3.3905502589457486,-5.367197833449774,-35.801433179447145,2.3578147963642546e-13
318.0605511214877,-39.98413436193624,3.3904394023094615,-5.365436526589706,-35.804923970979175,1.347322740779574e-13
318.0643200318772,-39.97435665103664,3.3903285458128467,-5.3636753992578114,-35.80841150289842,6.73661370389787e-14
318.0680868752182,-39.96457868326337,3.3902176895063074,-5.361914451598434,-35.811895775821114,2.020984111169361e-13
318.07185165282317,-39.95480045883886,3.3901068334402487,-5.360153683755364,-35.815376790363366,2.020984111169361e-13
318.0756143660033,-39.945021977985135,3.389995977665072,-5.358393095871968,-35.818854547141214,1.347322740779574e-13
318.079375016069,-39.935243240924194,3.3898851222311843,-5.356632688091164,-35.822329046770534,2.3578147963642546e-13
318.08313360432965,-39.9254642478776,3.3897742671889866,-5.354872460555351,-35.82580028986726,2.020984111169361e-13
318.08689013209363,-39.915684999066855,3.389663412588884,-5.353112413406501,-35.829268277047106,2.3578147963642546e-13
318.0906446006686,-39.90590549471324,3.3895525584812805,-5.3513525467861065,-35.832733008925736,2.3578147963642546e-13
318.09439701136114,-39.896125735037614,3.389441704916579,-5.349592860835189,-35.83619448611878,1.6841534259744677e-13
318.09814736547673,-39.88634572026084,3.389330851945184,-5.347833355694313,-35.83965270924173,1.347322740779574e-13
318.1018956643201,-39.876565450603515,3.3892199996174988,-5.346074031503623,-35.843107678909995,2.3578147963642546e-13
318.10564190919507,-39.86678492628583,3.3891091479839273,-5.344314888402694,-35.8465593957389,1.6841534259744677e-13
318.10938610140437,-39.85700414752801,3.388998297094873,-5.3425559265307445,-35.850007860343695,1.6841534259744677e-13
318.11312824224984,-39.847223114549834,3.388887447000742,-5.340797146026464,-35.853453073339516,1.0104920555846805e-13
318.11686833303236,-39.83744182757107,3.388776597751936,-5.3390385470281405,-35.85689503534146,2.3578147963642546e-13
318.1206063750519,-39.82766028681102,3.3886657493988572,-5.33728012967355,-35.860333746964486,2.020984111169361e-13
318.12434236960763,-39.81787849248895,3.3885549019919123,-5.335521894100028,-35.8637692088235,6.73661370389787e-14
318.1280763179974,-39.808096444823924,3.3884440555815045,-5.333763840444478,-35.867201421533295,1.6841534259744677e-13
318.13180822151844,-39.7983141440346,3.388333210218036,-5.332005968843307,-35.870630385708594,2.694645481559148e-13
318.135538081467,-39.78853159033955,3.388222365951912,-5.330248279432476,-35.874056101964,2.020984111169361e-13
318.1392658991383,-39.77874878395718,3.388111522833537,-5.328490772347516,-35.87747857091411,2.020984111169361e-13
318.14299167582675,-39.76896572510546,3.3880006809133127,-5.326733447723445,-35.88089779317333,6.73661370389787e-14
318.14671541282564,-39.75918241400241,3.3878898402416446,-5.324976305694902,-35.88431376935604,1.6841534259744677e-13
318.1504371114275,-39.74939885086556,3.3877790008689357,-5.323219346396014,-35.88772650007653,1.6841534259744677e-13
318.1541567729237,-39.739615035912465,3.38766816284559,-5.321462569960508,-35.89113598594899,3.031476166754042e-13
318.1578743986051,-39.729830969360215,3.3875573262220113,-5.319705976521586,-35.89454222758752,2.020984111169361e-13
318.1615899897611,-39.720046651425896,3.3874464910486037,-5.317949566212048,-35.897945225606136,2.020984111169361e-13
318.1653035476806,-39.71026208232632,3.3873356573757705,-5.316193339164263,-35.90134498061877,0.0
318.16901507365134,-39.700477262277964,3.387224825253915,-5.314437295510093,-35.90474149323926,1.347322740779574e-13
318.1727245689601,-39.69069219149725,3.387113994733442,-5.312681435380995,-35.90813476408135,1.6841534259744677e-13
318.1764320348929,-39.6809068702002,3.3870031658647557,-5.310925758907947,-35.91152479375872,6.73661370389787e-14
318.1801374727347,-39.671121298602785,3.3868923386982592,-5.309170266221528,-35.914911582884926,1.347322740779574e-13
318.1838408837696,-39.661335476920726,3.3867815132843564,-5.307414957451806,-35.91829513207348,2.020984111169361e-13
318.18754226928075,-39.651549405369394,3.3866706896734495,-5.305659832728439,-35.92167544193779,2.3578147963642546e-13
318.19124163055034,-39.641763084164126,3.3865598679159445,-5.303904892180666,-35.92505251309113,2.694645481559148e-13
318.1949389688597,-39.63197651351985,3.386449048062245,-5.30215013593719,-35.928426346146765,1.6841534259744677e-13
318.1986342854891,-39.62218969365145,3.386338230162753,-5.300395564126383,-35.931796941717806,1.6841534259744677e-13
318.2023275817181,-39.61240262477355,3.386227414267875,-5.298641176876103,-35.93516430041731,1.6841534259744677e-13
318.2060188588252,-39.60261530710042,3.386116600428013,-5.296886974313779,-35.93852842285825,1.0104920555846805e-13
318.2097081180879,-39.59282774084635,3.3860057886935704,-5.29513295656643,-35.94188930965349,1.347322740779574e-13
318.213395360783,-39.58303992622518,3.385894979114952,-5.29337912376055,-35.94524696141578,2.3578147963642546e-13
318.21708058818615,-39.57325186345066,3.385784171742561,-5.291625476022309,-35.94860137875789,3.031476166754042e-13
318.2207638015722,-39.56346355273636,3.3856733666268024,-5.289872013477339,-35.951952562292355,1.6841534259744677e-13
318.22444500221513,-39.55367499429547,3.3855625638180786,-5.288118736250889,-35.955300512631744,1.0104920555846805e-13
318.22812419138785,-39.5438861883412,3.385451763366794,-5.286365644467754,-35.95864523038846,3.705137537143829e-13
318.23180137036246,-39.53409713508626,3.385340965323352,-5.284612738252269,-35.96198671617486,1.6841534259744677e-13
318.23547654041005,-39.5243078347434,3.3852301697381564,-5.282860017728382,-35.96532497060319,3.031476166754042e-13
318.239149702801,-39.51451828752506,3.3851193766616126,-5.281107483019547,-35.968659994285616,1.6841534259744677e-13
318.24282085880446,-39.50472849364337,3.385008586144122,-5.2793551342488385,-35.97199178783423,1.6841534259744677e-13
318.24649000968896,-39.494938453310446,3.3848977982360906,-5.277602971538865,-35.97532035186098,1.6841534259744677e-13
318.2501571567219,-39.48514816673796,3.38478701298792,-5.275850995011806,-35.97864568697781,2.694645481559148e-13
318.2538223011699,-39.47535763413754,3.3846762304500158,-5.274099204789383,-35.98196779379653,1.347322740779574e-13
318.2574854442986,-39.4655668557206,3.3845654506727803,-5.272347600992969,-35.98528667292884,2.694645481559148e-13
318.2611465873728,-39.455775831698176,3.3844546737066192,-5.270596183743361,-35.98860232498639,3.031476166754042e-13
318.2648057316563,-39.445984562281296,3.3843438996019333,-5.268844953161102,-35.991914750580726,3.3683068519489354e-13
318.268462878412,-39.43619304768059,3.3842331284091296,-5.267093909366142,-35.99522395032329,2.020984111169361e-13
318.2721180289019,-39.426401288106604,3.384122360178611,-5.2653430524781,-35.99852992482546,2.694645481559148e-13
318.27577118438717,-39.41660928376969,3.3840115949607794,-5.263592382616142,-36.00183267469854,1.0104920555846805e-13
318.27942234612794,-39.406817034879815,3.3839008328060416,-5.261841899899004,-36.00513220055369,2.020984111169361e-13
318.28307151538354,-39.397024541646964,3.3837900737647986,-5.260091604445002,-36.008428503002015,1.6841534259744677e-13
318.28671869341235,-39.38723180428066,3.383679317887456,-5.258341496371974,-36.011721582654545,0.0
318.29036388147176,-39.37743882299042,3.383568565224417,-5.25659157579744,-36.015011440122194,2.3578147963642546e-13
318.2940070808185,-39.367645597985536,3.3834578158260853,-5.254841842838358,-36.01829807601579,3.368306851948935e-14
318.29764829270806,-39.35785212947489,3.3833470697428645,-5.253092297611396,-36.0215814909461,2.020984111169361e-13
318.30128751839527,-39.34805841766741,3.3832363270251595,-5.251342940232689,-36.02486168552376,3.368306851948935e-14
318.30492475913394,-39.3382644627716,3.383125587723373,-5.249593770818029,-36.02813866035936,1.6841534259744677e-13
318.3085600161771,-39.32847026499588,3.383014851887909,-5.247844789482718,-36.03141241606336,1.347322740779574e-13
318.31219329077675,-39.318675824548485,3.3829041195691714,-5.2460959963416975,-36.03468295324616,1.0104920555846805e-13
318.315824584184,-39.30888114163726,3.382793390817564,-5.24434739150945,-36.037950272518096,6.73661370389787e-14
318.3194538976491,-39.29908621647009,3.3826826656834914,-5.242598975100048,-36.04121437448932,1.0104920555846805e-13
318.32308123242143,-39.289291049254395,3.382571944217356,-5.2408507472271495,-36.04447525976999,6.73661370389787e-14
318.3267065897495,-39.27949564019757,3.3824612264695615,-5.239102708003957,-36.04773292897016,2.3578147963642546e-13
318.33032997088065,-39.269699989506776,3.382350512490513,-5.237354857543343,-36.05098738269973,2.020984111169361e-13
318.3339513770617,-39.25990409738885,3.3822398023306133,-5.235607195957652,-36.05423862156859,3.705137537143829e-13
318.33757080953836,-39.250107964050564,3.382129096040266,-5.2338597233588935,-36.057486646186504,1.0104920555846805e-13
318.34118826955546,-39.240311589698344,3.3820183936698776,-5.2321124398585965,-36.06073145716313,6.73661370389787e-14
318.344803758357,-39.230514974538515,3.3819076952698484,-5.230365345567952,-36.063973055108065,2.020984111169361e-13
