galstreams/tracks/track.st.NGC2298.sollima2020.ecsv
# %ECSV 0.9
# ---
# datatype:
# - {name: ra, unit: deg, datatype: float64}
# - {name: dec, unit: deg, datatype: float64}
# - {name: distance, unit: kpc, datatype: float64}
# - {name: pm_ra_cosdec, unit: mas / yr, datatype: float64}
# - {name: pm_dec, unit: mas / yr, datatype: float64}
# - {name: radial_velocity, unit: km / s, datatype: float64}
# delimiter: ','
# meta: !!omap
# - __serialized_columns__:
#     dec:
#       __class__: astropy.coordinates.angles.Latitude
#       unit: &id001 !astropy.units.Unit {unit: deg}
#       value: !astropy.table.SerializedColumn {name: dec}
#     distance:
#       __class__: astropy.coordinates.distances.Distance
#       unit: !astropy.units.Unit {unit: kpc}
#       value: !astropy.table.SerializedColumn {name: distance}
#     pm_dec:
#       __class__: astropy.units.quantity.Quantity
#       unit: !astropy.units.Unit {unit: mas / yr}
#       value: !astropy.table.SerializedColumn {name: pm_dec}
#     pm_ra_cosdec:
#       __class__: astropy.units.quantity.Quantity
#       unit: !astropy.units.Unit {unit: mas / yr}
#       value: !astropy.table.SerializedColumn {name: pm_ra_cosdec}
#     ra:
#       __class__: astropy.coordinates.angles.Longitude
#       unit: *id001
#       value: !astropy.table.SerializedColumn {name: ra}
#       wrap_angle: !astropy.coordinates.Angle
#         unit: *id001
#         value: 360.0
#     radial_velocity:
#       __class__: astropy.units.quantity.Quantity
#       unit: !astropy.units.Unit {unit: km / s}
#       value: !astropy.table.SerializedColumn {name: radial_velocity}
# schema: astropy-2.0
ra,dec,distance,pm_ra_cosdec,pm_dec,radial_velocity
104.51655906034298,-37.72621033827374,9.828000000000017,0.0,0.0,0.0
104.50305454172427,-37.72618842596018,9.828000000000019,0.0,0.0,0.0
104.48986359560352,-37.72566584080641,9.828000000000017,0.0,0.0,0.0
104.47697796038466,-37.724656242248095,9.828000000000017,0.0,0.0,0.0
104.46438948159678,-37.72317307956263,9.828000000000015,0.0,0.0,0.0
104.45209011205887,-37.721229593866966,9.828000000000017,0.0,0.0,0.0
104.44007191199574,-37.71883882009892,9.828000000000015,0.0,0.0,0.0
104.42832704910582,-37.716013588981845,9.828000000000017,0.0,0.0,0.0
104.41684779858296,-37.71276652897305,9.828000000000019,0.0,0.0,0.0
104.40562654309294,-37.70911006819609,9.828000000000019,0.0,0.0,0.0
104.39465577270701,-37.70505643635749,9.828000000000019,0.0,0.0,0.0
104.38392808479348,-37.700617666647815,9.828000000000017,0.0,0.0,0.0
104.3734361838689,-37.69580559762781,9.828000000000017,0.0,0.0,0.0
104.36317288140978,-37.690631875099115,9.828000000000017,0.0,0.0,0.0
104.35313109562719,-37.685107953960745,9.828000000000019,0.0,0.0,0.0
104.34330385120465,-37.679245100050736,9.828000000000017,0.0,0.0,0.0
104.33368427900156,-37.673054391973935,9.828000000000015,0.0,0.0,0.0
104.32426561572227,-37.66654672291542,9.828000000000019,0.0,0.0,0.0
104.31504120355352,-37.659732802440566,9.828000000000019,0.0,0.0,0.0
104.30600448977059,-37.652623158281344,9.828000000000019,0.0,0.0,0.0
104.29714902631342,-37.64522813810955,9.828000000000019,0.0,0.0,0.0
104.28846846933486,-37.63755791129699,9.828000000000017,0.0,0.0,0.0
104.2799565787206,-37.629622470662575,9.828000000000019,0.0,0.0,0.0
104.27160721758375,-37.62143163420726,9.828000000000017,0.0,0.0,0.0
104.26341435173393,-37.6129950468363,9.828000000000019,0.0,0.0,0.0
104.25537204912294,-37.60432218206954,9.828000000000019,0.0,0.0,0.0
104.24747447926687,-37.59542234373949,9.828000000000017,0.0,0.0,0.0
104.2397159126473,-37.586304667677965,9.828000000000017,0.0,0.0,0.0
104.23209072009126,-37.57697812339094,9.828000000000017,0.0,0.0,0.0
104.22459337213213,-37.56745151572219,9.828000000000015,0.0,0.0,0.0
104.21721843835111,-37.55773348650562,9.828000000000015,0.0,0.0,0.0
104.2099605867017,-37.54783251620667,9.828000000000015,0.0,0.0,0.0
104.20281458281708,-37.53775692555295,9.828000000000015,0.0,0.0,0.0
104.19577528930216,-37.527514877154246,9.828000000000017,0.0,0.0,0.0
104.18883766500984,-37.517114377111916,9.828000000000015,0.0,0.0,0.0
104.18199676430416,-37.506563276618145,9.828000000000015,0.0,0.0,0.0
104.17524773630963,-37.495869273544955,9.828000000000015,0.0,0.0,0.0
104.16858582414874,-37.485039914023446,9.828000000000014,0.0,0.0,0.0
104.16200636416714,-37.474082594012806,9.828000000000014,0.0,0.0,0.0
104.15550478514875,-37.463004560860035,9.828000000000014,0.0,0.0,0.0
104.14907660752039,-37.45181291484996,9.828000000000014,0.0,0.0,0.0
104.14271744254704,-37.440514610745765,9.828000000000014,0.0,0.0,0.0
104.13642299151905,-37.429116459320575,9.828000000000014,0.0,0.0,0.0
104.13018904493039,-37.41762512887946,9.828000000000014,0.0,0.0,0.0
104.12401148165051,-37.406047146772764,9.828000000000014,0.0,0.0,0.0
104.11788626808891,-37.39438890090046,9.828000000000014,0.0,0.0,0.0
104.11180945735431,-37.382656641207795,9.828000000000014,0.0,0.0,0.0
104.10577718840746,-37.37085648117208,9.828000000000012,0.0,0.0,0.0
104.09978568520975,-37.35899439928118,9.828000000000012,0.0,0.0,0.0
104.09383125586723,-37.34707624050342,9.828000000000012,0.0,0.0,0.0
104.08791029177094,-37.33510771774938,9.828000000000012,0.0,0.0,0.0
104.08201926673345,-37.323094413325045,9.828000000000012,0.0,0.0,0.0
104.07615473612316,-37.31104178037726,9.828000000000012,0.0,0.0,0.0
104.0703133359958,-37.298955144330904,9.82800000000001,0.0,0.0,0.0
104.06449178222451,-37.28683970431821,9.82800000000001,0.0,0.0,0.0
104.05868686962762,-37.2747005346001,9.828000000000008,0.0,0.0,0.0
104.05289547109624,-37.26254258597985,9.82800000000001,0.0,0.0,0.0
104.04711453672058,-37.25037068720902,9.828000000000012,0.0,0.0,0.0
104.0413410929163,-37.23818954638572,9.828000000000007,0.0,0.0,0.0
104.03557224155087,-37.22600375234542,9.828000000000008,0.0,0.0,0.0
104.02980515907011,-37.21381777604408,9.828000000000007,0.0,0.0,0.0
104.02403709562583,-37.20163597193406,9.828000000000007,0.0,0.0,0.0
104.01826537420428,-37.189462579332506,9.828000000000008,0.0,0.0,0.0
104.01248738975633,-37.177301723782676,9.828000000000008,0.0,0.0,0.0
104.00670060832876,-37.16515741840768,9.82800000000001,0.0,0.0,0.0
104.00090256619788,-37.153033565257374,9.828000000000007,0.0,0.0,0.0
103.99509086900531,-37.140933956647885,9.828000000000007,0.0,0.0,0.0
103.98926319089632,-37.12886227649427,9.828000000000007,0.0,0.0,0.0
103.98341727366034,-37.116822101635904,9.828000000000007,0.0,0.0,0.0
103.97755092587487,-37.10481690315507,9.828000000000008,0.0,0.0,0.0
103.97166202205239,-37.09285004768853,9.828000000000007,0.0,0.0,0.0
103.96574850179067,-37.08092479873229,9.828000000000007,0.0,0.0,0.0
103.95980836892612,-37.069044317939266,9.828000000000005,0.0,0.0,0.0
103.95383969069144,-37.05721166641042,9.828000000000005,0.0,0.0,0.0
103.9478405968766,-37.04542980597889,9.828000000000007,0.0,0.0,0.0
103.94180927899443,-37.03370160048756,9.828000000000005,0.0,0.0,0.0
103.93574398944946,-37.02202981705963,9.828000000000005,0.0,0.0,0.0
103.92964304071197,-37.010417127362786,9.828000000000005,0.0,0.0,0.0
103.92350480449579,-36.99886610886648,9.828000000000007,0.0,0.0,0.0
103.91732771094102,-36.98737924609269,9.828000000000005,0.0,0.0,0.0
103.91111024780135,-36.975958931860085,9.828000000000003,0.0,0.0,0.0
103.90485095963571,-36.96460746852144,9.828000000000003,0.0,0.0,0.0
103.89854844700535,-36.95332706919459,9.828000000000003,0.0,0.0,0.0
103.89220136567549,-36.94211985898684,9.828000000000003,0.0,0.0,0.0
103.88580842582215,-36.93098787621286,9.828000000000005,0.0,0.0,0.0
103.8793683912438,-36.9199330736059,9.828000000000003,0.0,0.0,0.0
103.87288007857846,-36.90895731952263,9.828000000000003,0.0,0.0,0.0
103.86634235652576,-36.89806239914153,9.828000000000001,0.0,0.0,0.0
103.85975414507467,-36.88725001565478,9.828,0.0,0.0,0.0
103.85311441473583,-36.876521791453456,9.828000000000003,0.0,0.0,0.0
103.8464221857799,-36.86587926930666,9.828000000000003,0.0,0.0,0.0
103.8396765274809,-36.855323913533866,9.828000000000003,0.0,0.0,0.0
103.83287655736535,-36.8448571111711,9.828000000000003,0.0,0.0,0.0
103.82602144046625,-36.83448017313042,9.828000000000001,0.0,0.0,0.0
103.81911038858308,-36.824194335353205,9.828,0.0,0.0,0.0
103.81214265954709,-36.81400075995688,9.828,0.0,0.0,0.0
103.80511755649195,-36.80390053637529,9.828,0.0,0.0,0.0
103.7980344271303,-36.793894682492734,9.828,0.0,0.0,0.0
103.79089266303517,-36.7839841457714,9.828000000000001,0.0,0.0,0.0
103.78369169892747,-36.77416980437257,9.828,0.0,0.0,0.0
103.77643101196877,-36.76445246827136,9.828,0.0,0.0,0.0
103.76911012105975,-36.754832880365136,9.828,0.0,0.0,0.0
103.76172858614372,-36.745311717575355,9.828,0.0,0.0,0.0
103.75428600751604,-36.73588959194317,9.828,0.0,0.0,0.0
103.74678202513886,-36.726567051718554,9.828000000000001,0.0,0.0,0.0
103.73921631796146,-36.717344582443175,9.827999999999998,0.0,0.0,0.0
103.7315886032456,-36.70822260802654,9.827999999999998,0.0,0.0,0.0
103.72389863589669,-36.6992014918161,9.827999999999998,0.0,0.0,0.0
103.71614620780022,-36.69028153766068,9.827999999999998,0.0,0.0,0.0
103.70833114716369,-36.681462990967766,9.827999999999998,0.0,0.0,0.0
103.70045331786339,-36.67274603975399,9.828,0.0,0.0,0.0
103.69251261879708,-36.664130815689596,9.828,0.0,0.0,0.0
103.68450898324144,-36.655617395136225,9.828,0.0,0.0,0.0
103.67644237821544,-36.64720580017846,9.827999999999998,0.0,0.0,0.0
103.66831280384787,-36.63889599964873,9.828,0.0,0.0,0.0
103.66012029275109,-36.63068791014592,9.827999999999998,0.0,0.0,0.0
103.65186490939917,-36.62258139704753,9.827999999999998,0.0,0.0,0.0
103.64354674951156,-36.61457627551539,9.827999999999994,0.0,0.0,0.0
103.63516593944176,-36.60667231149484,9.827999999999994,0.0,0.0,0.0
103.62672263557066,-36.59886922270753,9.827999999999996,0.0,0.0,0.0
103.61821702370523,-36.59116667963774,9.827999999999996,0.0,0.0,0.0
103.60964931848198,-36.5835643065122,9.827999999999996,0.0,0.0,0.0
103.60101976277562,-36.57606168227355,9.827999999999996,0.0,0.0,0.0
103.59232862711188,-36.56865834154707,9.827999999999996,0.0,0.0,0.0
103.58357620908589,-36.561353775601184,9.827999999999994,0.0,0.0,0.0
103.57476283278477,-36.55414743330128,9.827999999999998,0.0,0.0,0.0
103.56588884821558,-36.54703872205723,9.827999999999994,0.0,0.0,0.0
103.55695463073714,-36.540027008764085,9.827999999999998,0.0,0.0,0.0
103.5479605804971,-36.53311162073661,9.827999999999996,0.0,0.0,0.0
103.53890712187336,-36.52629184663696,9.827999999999996,0.0,0.0,0.0
103.52979470292037,-36.519566937396185,9.827999999999996,0.0,0.0,0.0
103.52062379481923,-36.512936107128795,9.827999999999998,0.0,0.0,0.0
103.51139489133305,-36.506398534041125,9.827999999999998,0.0,0.0,0.0
103.50210850826629,-36.499953361332935,9.827999999999996,0.0,0.0,0.0
103.49276518292854,-36.49359969809256,9.827999999999994,0.0,0.0,0.0
103.48336547360293,-36.487336620185474,9.827999999999996,0.0,0.0,0.0
103.47390995901827,-36.481163171136245,9.827999999999996,0.0,0.0,0.0
103.4643992378261,-36.4750783630039,9.827999999999994,0.0,0.0,0.0
103.45483392808141,-36.46908117725076,9.827999999999996,0.0,0.0,0.0
103.44521466672818,-36.46317056560478,9.827999999999996,0.0,0.0,0.0
103.43554210908819,-36.457345450914964,9.827999999999992,0.0,0.0,0.0
103.42581692835478,-36.45160472800058,9.827999999999994,0.0,0.0,0.0
103.41603981509012,-36.44594726449342,9.827999999999994,0.0,0.0,0.0
103.40621147672702,-36.44037190167375,9.827999999999996,0.0,0.0,0.0
103.39633263707407,-36.434877455299336,9.827999999999996,0.0,0.0,0.0
103.38640403582525,-36.429462716428084,9.827999999999994,0.0,0.0,0.0
103.3764264280733,-36.42412645223391,9.827999999999996,0.0,0.0,0.0
103.36640058382721,-36.418867406816105,9.827999999999996,0.0,0.0,0.0
103.35632728753298,-36.41368430200181,9.827999999999994,0.0,0.0,0.0
103.34620733759876,-36.40857583814215,9.827999999999994,0.0,0.0,0.0
103.33604154592363,-36.40354069490146,9.827999999999992,0.0,0.0,0.0
103.32583073743005,-36.39857753203999,9.827999999999994,0.0,0.0,0.0
103.31557574960021,-36.39368499019001,9.827999999999994,0.0,0.0,0.0
103.30527743201577,-36.388861691624946,9.827999999999996,0.0,0.0,0.0
103.29493664590166,-36.384106241022195,9.827999999999996,0.0,0.0,0.0
103.28455426367317,-36.379417226219076,9.827999999999996,0.0,0.0,0.0
103.27413116848722,-36.374793218962196,9.827999999999994,0.0,0.0,0.0
103.26366825379628,-36.37023277564995,9.827999999999994,0.0,0.0,0.0
103.25316642290692,-36.36573443806856,9.827999999999994,0.0,0.0,0.0
103.24262658854104,-36.36129673412126,9.827999999999994,0.0,0.0,0.0
103.23204967240147,-36.35691817855099,9.827999999999996,0.0,0.0,0.0
103.22143660474012,-36.35259727365603,9.827999999999992,0.0,0.0,0.0
103.21078832393036,-36.34833250999932,9.827999999999992,0.0,0.0,0.0
103.20010577604258,-36.344122367110835,9.827999999999996,0.0,0.0,0.0
103.18938991442336,-36.33996531418344,9.827999999999994,0.0,0.0,0.0
103.17864169927766,-36.33585981076178,9.827999999999994,0.0,0.0,0.0
103.16786209725497,-36.331804307424726,9.827999999999994,0.0,0.0,0.0
103.15705208103842,-36.32779724646091,9.827999999999996,0.0,0.0,0.0
103.14621262893775,-36.323837062537805,9.827999999999994,0.0,0.0,0.0
103.13534472448501,-36.31992218336366,9.827999999999996,0.0,0.0,0.0
103.1244493560342,-36.316051030343196,9.827999999999996,0.0,0.0,0.0
103.11352751636399,-36.3122220192263,9.827999999999994,0.0,0.0,0.0
103.10258020228378,-36.30843356074999,9.827999999999994,0.0,0.0,0.0
103.09160841424335,-36.30468406127395,9.827999999999996,0.0,0.0,0.0
103.08061315594536,-36.30097192340896,9.827999999999996,0.0,0.0,0.0
103.06959543396158,-36.2972955466388,9.827999999999996,0.0,0.0,0.0
103.05855625735225,-36.29365332793553,9.827999999999996,0.0,0.0,0.0
103.04749663728896,-36.29004366236792,9.827999999999996,0.0,0.0,0.0
103.0364175866804,-36.286464943703145,9.827999999999994,0.0,0.0,0.0
103.02532011980182,-36.28291556500183,9.827999999999992,0.0,0.0,0.0
103.01420525192756,-36.27939391920634,9.827999999999994,0.0,0.0,0.0
103.00307399896724,-36.275898399722536,9.827999999999994,0.0,0.0,0.0
102.9919273771045,-36.2724274009944,9.827999999999994,0.0,0.0,0.0
102.98076640243993,-36.26897931907239,9.827999999999996,0.0,0.0,0.0
102.96959209063652,-36.26555255217483,9.827999999999994,0.0,0.0,0.0
102.95840545656922,-36.26214550124274,9.827999999999996,0.0,0.0,0.0
102.94720751397688,-36.25875657048778,9.827999999999996,0.0,0.0,0.0
102.9359992751182,-36.255384167933634,9.827999999999994,0.0,0.0,0.0
102.92478175043081,-36.252026705950676,9.827999999999994,0.0,0.0,0.0
102.91355594819342,-36.24868260178385,9.827999999999994,0.0,0.0,0.0
102.9023228741919,-36.24535027807404,9.827999999999994,0.0,0.0,0.0
102.89108353138779,-36.24202816337244,9.827999999999994,0.0,0.0,0.0
102.87983891959105,-36.23871469264854,9.827999999999996,0.0,0.0,0.0
102.8685900351355,-36.23540830779123,9.827999999999992,0.0,0.0,0.0
102.85733787055827,-36.2321074581034,9.827999999999992,0.0,0.0,0.0
102.84608341428178,-36.22881060078956,9.827999999999998,0.0,0.0,0.0
102.83482765029989,-36.22551620143709,9.827999999999996,0.0,0.0,0.0
102.82357155786691,-36.222222734490636,9.827999999999996,0.0,0.0,0.0
102.81231611119058,-36.21892868372003,9.827999999999996,0.0,0.0,0.0
102.80106227912766,-36.21563254268116,9.827999999999994,0.0,0.0,0.0
102.7898110248837,-36.21233281517062,9.827999999999998,0.0,0.0,0.0
102.77856330571583,-36.209028015673404,9.827999999999994,0.0,0.0,0.0
102.7673200726394,-36.20571666980413,9.827999999999996,0.0,0.0,0.0
102.7560822701375,-36.20239731474149,9.827999999999996,0.0,0.0,0.0
102.7448508358745,-36.19906849965602,9.827999999999996,0.0,0.0,0.0
102.7336267004129,-36.195728786131426,9.827999999999996,0.0,0.0,0.0
102.72241078693384,-36.19237674857916,9.827999999999998,0.0,0.0,0.0
102.71120401096081,-36.18901097464626,9.827999999999998,0.0,0.0,0.0
102.70000728008728,-36.185630065616735,9.827999999999996,0.0,0.0,0.0
102.68882149370776,-36.18223263680628,9.827999999999996,0.0,0.0,0.0
102.67764754275245,-36.17881731795031,9.827999999999996,0.0,0.0,0.0
102.66648630942571,-36.17538275358553,9.827999999999996,0.0,0.0,0.0
102.65533866694766,-36.17192760342466,9.827999999999998,0.0,0.0,0.0
102.64420547929996,-36.16845054272488,9.827999999999996,0.0,0.0,0.0
102.63308760097505,-36.16495026264933,9.827999999999996,0.0,0.0,0.0
102.6219858767292,-36.161425470622405,9.827999999999998,0.0,0.0,0.0
102.6109011413389,-36.157874890678116,9.827999999999998,0.0,0.0,0.0
102.5998342193615,-36.15429726380208,9.827999999999998,0.0,0.0,0.0
102.58878592489916,-36.15069134826687,9.827999999999996,0.0,0.0,0.0
102.57775706136712,-36.14705591996092,9.827999999999998,0.0,0.0,0.0
102.56674842126502,-36.14338977271062,9.827999999999998,0.0,0.0,0.0
102.55576078595269,-36.13969171859609,9.827999999999996,0.0,0.0,0.0
102.54479492542934,-36.13596058826032,9.827999999999996,0.0,0.0,0.0
102.53385159811725,-36.13219523121181,9.827999999999996,0.0,0.0,0.0
102.52293155064825,-36.1283945161206,9.827999999999996,0.0,0.0,0.0
102.51203551765524,-36.12455733110781,9.827999999999996,0.0,0.0,0.0
102.5011642215669,-36.1206825840287,9.827999999999996,0.0,0.0,0.0
102.49031837240666,-36.116769202749126,9.827999999999996,0.0,0.0,0.0
102.47949866759573,-36.112816135415656,9.827999999999998,0.0,0.0,0.0
102.46870579175959,-36.10882235071889,9.827999999999998,0.0,0.0,0.0
102.45794041653915,-36.104786838150574,9.827999999999996,0.0,0.0,0.0
102.44720320040541,-36.100708608254045,9.827999999999994,0.0,0.0,0.0
102.43649478847883,-36.09658669286837,9.827999999999996,0.0,0.0,0.0
102.42581581235174,-36.09242014536567,9.828,0.0,0.0,0.0
102.41516688991594,-36.08820804088234,9.828,0.0,0.0,0.0
102.40454862519357,-36.08394947654358,9.827999999999998,0.0,0.0,0.0
102.39396160817283,-36.07964357168163,9.827999999999998,0.0,0.0,0.0
