galstreams/tracks/track.st.Eridanus.myeong2017.ecsv
# %ECSV 0.9
# ---
# datatype:
# - {name: ra, unit: deg, datatype: float64}
# - {name: dec, unit: deg, datatype: float64}
# - {name: distance, unit: kpc, datatype: float64}
# - {name: pm_ra_cosdec, unit: mas / yr, datatype: float64}
# - {name: pm_dec, unit: mas / yr, datatype: float64}
# - {name: radial_velocity, unit: km / s, datatype: float64}
# delimiter: ','
# meta: !!omap
# - __serialized_columns__:
#     dec:
#       __class__: astropy.coordinates.angles.Latitude
#       unit: &id001 !astropy.units.Unit {unit: deg}
#       value: !astropy.table.SerializedColumn {name: dec}
#     distance:
#       __class__: astropy.coordinates.distances.Distance
#       unit: !astropy.units.Unit {unit: kpc}
#       value: !astropy.table.SerializedColumn {name: distance}
#     pm_dec:
#       __class__: astropy.units.quantity.Quantity
#       unit: !astropy.units.Unit {unit: mas / yr}
#       value: !astropy.table.SerializedColumn {name: pm_dec}
#     pm_ra_cosdec:
#       __class__: astropy.units.quantity.Quantity
#       unit: !astropy.units.Unit {unit: mas / yr}
#       value: !astropy.table.SerializedColumn {name: pm_ra_cosdec}
#     ra:
#       __class__: astropy.coordinates.angles.Longitude
#       unit: *id001
#       value: !astropy.table.SerializedColumn {name: ra}
#       wrap_angle: !astropy.coordinates.Angle
#         unit: *id001
#         value: 360.0
#     radial_velocity:
#       __class__: astropy.units.quantity.Quantity
#       unit: !astropy.units.Unit {unit: km / s}
#       value: !astropy.table.SerializedColumn {name: radial_velocity}
# schema: astropy-2.0
ra,dec,distance,pm_ra_cosdec,pm_dec,radial_velocity
65.97858431221822,-21.41671333293569,94.99999999999996,0.0,0.0,0.0
65.9855995292392,-21.408918151552133,94.99999999999994,0.0,0.0,0.0
65.99261458442352,-21.40112313768166,94.99999999999994,0.0,0.0,0.0
65.99962947809448,-21.393328291398543,94.99999999999996,0.0,0.0,0.0
66.00664421057506,-21.385533612777248,94.99999999999994,0.0,0.0,0.0
66.0136587821884,-21.377739101892075,94.99999999999994,0.0,0.0,0.0
66.02067319325735,-21.369944758817493,94.99999999999994,0.0,0.0,0.0
66.02768744410487,-21.362150583627805,94.99999999999999,0.0,0.0,0.0
66.03470153505376,-21.354356576397475,94.99999999999996,0.0,0.0,0.0
66.04171546642668,-21.34656273720094,94.99999999999999,0.0,0.0,0.0
66.04872923854641,-21.338769066112526,94.99999999999999,0.0,0.0,0.0
66.05574285173546,-21.330975563206774,94.99999999999999,0.0,0.0,0.0
66.06275630631646,-21.323182228557997,94.99999999999997,0.0,0.0,0.0
66.06976960261174,-21.315389062240733,94.99999999999996,0.0,0.0,0.0
66.07678274094384,-21.30759606432934,94.99999999999997,0.0,0.0,0.0
66.08379572163496,-21.299803234898317,95.0,0.0,0.0,0.0
66.09080854500736,-21.292010574022164,94.99999999999999,0.0,0.0,0.0
66.09782121138326,-21.284218081775272,94.99999999999999,0.0,0.0,0.0
66.1048337210847,-21.276425758232197,94.99999999999999,0.0,0.0,0.0
66.11184607443383,-21.268633603467336,95.0,0.0,0.0,0.0
66.11885827175249,-21.260841617555272,95.0,0.0,0.0,0.0
66.12587031336264,-21.253049800570405,94.99999999999999,0.0,0.0,0.0
66.1328821995861,-21.245258152587294,94.99999999999999,0.0,0.0,0.0
66.13989393074459,-21.237466673680494,95.0,0.0,0.0,0.0
66.14690550715984,-21.229675363924436,94.99999999999999,0.0,0.0,0.0
66.15391692915343,-21.22188422339374,95.0,0.0,0.0,0.0
66.16092819704694,-21.214093252162847,94.99999999999999,0.0,0.0,0.0
66.16793931116182,-21.206302450306364,95.0,0.0,0.0,0.0
66.17495027181944,-21.198511817898865,95.00000000000001,0.0,0.0,0.0
66.1819610793412,-21.190721355014826,95.00000000000001,0.0,0.0,0.0
66.18897173404831,-21.182931061728905,95.00000000000001,0.0,0.0,0.0
66.195982236262,-21.175140938115618,94.99999999999999,0.0,0.0,0.0
66.2029925863034,-21.167350984249566,95.0,0.0,0.0,0.0
66.21000278449354,-21.15956120020533,94.99999999999999,0.0,0.0,0.0
66.21701283115341,-21.15177158605752,94.99999999999999,0.0,0.0,0.0
66.22402272660395,-21.14398214188074,95.0,0.0,0.0,0.0
66.23103247116597,-21.136192867749607,95.00000000000001,0.0,0.0,0.0
66.23804206516026,-21.12840376373873,95.0,0.0,0.0,0.0
66.24505150890757,-21.12061482992276,95.00000000000001,0.0,0.0,0.0
66.25206080272847,-21.112826066376318,95.0,0.0,0.0,0.0
66.25906994694358,-21.105037473174058,95.00000000000001,0.0,0.0,0.0
66.2660789418734,-21.097249050390634,95.0,0.0,0.0,0.0
66.27308778783834,-21.089460798100696,94.99999999999999,0.0,0.0,0.0
66.28009648515877,-21.081672716378936,95.0,0.0,0.0,0.0
66.28710503415498,-21.073884805300015,95.00000000000001,0.0,0.0,0.0
66.2941134351472,-21.06609706493863,95.00000000000001,0.0,0.0,0.0
66.3011216884556,-21.058309495369475,95.0,0.0,0.0,0.0
66.30812979440023,-21.050522096667244,95.00000000000001,0.0,0.0,0.0
66.31513775330114,-21.042734868906663,95.0,0.0,0.0,0.0
66.3221455654783,-21.034947812162436,95.0,0.0,0.0,0.0
66.32915323125152,-21.027160926509303,95.00000000000001,0.0,0.0,0.0
66.33616075094068,-21.01937421202199,95.0,0.0,0.0,0.0
66.3431681248655,-21.01158766877525,95.00000000000001,0.0,0.0,0.0
66.35017535334565,-21.003801296843832,94.99999999999999,0.0,0.0,0.0
66.35718243670074,-20.996015096302497,94.99999999999999,0.0,0.0,0.0
66.3641893752503,-20.988229067226015,95.0,0.0,0.0,0.0
66.37119616931383,-20.980443209689163,95.0,0.0,0.0,0.0
66.37820281921071,-20.972657523766728,95.00000000000001,0.0,0.0,0.0
66.38520932526028,-20.9648720095335,95.00000000000001,0.0,0.0,0.0
66.3922156877818,-20.95708666706431,95.0,0.0,0.0,0.0
