galstreams/tracks/track.st.ACS.ramos2021.ecsv
# %ECSV 1.0
# ---
# datatype:
# - {name: ra, unit: deg, datatype: float64}
# - {name: dec, unit: deg, datatype: float64}
# - {name: distance, unit: kpc, datatype: float64}
# - {name: pm_ra_cosdec, unit: mas / yr, datatype: float64}
# - {name: pm_dec, unit: mas / yr, datatype: float64}
# - {name: radial_velocity, unit: km / s, datatype: float64}
# delimiter: ','
# meta: !!omap
# - __serialized_columns__:
#     dec:
#       __class__: astropy.coordinates.angles.Latitude
#       unit: &id001 !astropy.units.Unit {unit: deg}
#       value: !astropy.table.SerializedColumn {name: dec}
#     distance:
#       __class__: astropy.coordinates.distances.Distance
#       unit: !astropy.units.Unit {unit: kpc}
#       value: !astropy.table.SerializedColumn {name: distance}
#     pm_dec:
#       __class__: astropy.units.quantity.Quantity
#       unit: !astropy.units.Unit {unit: mas / yr}
#       value: !astropy.table.SerializedColumn {name: pm_dec}
#     pm_ra_cosdec:
#       __class__: astropy.units.quantity.Quantity
#       unit: !astropy.units.Unit {unit: mas / yr}
#       value: !astropy.table.SerializedColumn {name: pm_ra_cosdec}
#     ra:
#       __class__: astropy.coordinates.angles.Longitude
#       unit: *id001
#       value: !astropy.table.SerializedColumn {name: ra}
#       wrap_angle: !astropy.coordinates.Angle
#         unit: *id001
#         value: 360.0
#     radial_velocity:
#       __class__: astropy.units.quantity.Quantity
#       unit: !astropy.units.Unit {unit: km / s}
#       value: !astropy.table.SerializedColumn {name: radial_velocity}
# schema: astropy-2.0
ra,dec,distance,pm_ra_cosdec,pm_dec,radial_velocity
[from data line 278]
144.77545319123212,77.85737815361739,11.699999999999795,0.5778898647123221,-0.3591598878685559,4.210383564936169e-15
144.7494372226383,77.8488341847618,11.699999999999799,0.5781379384267158,-0.35910921078613756,5.262979456170211e-16
144.72347212294173,77.84028646783904,11.6999999999998,0.5783896122580139,-0.35905469653516464,2.1051917824680845e-15
144.69755778728427,77.83173501361372,11.699999999999799,0.5786448393556458,-0.3589963629154241,3.684085619319148e-15
144.6716941109844,77.8231798328169,11.699999999999799,0.5789035730340542,-0.3589342281295573,1.5788938368510633e-15
144.64588098953752,77.81462093614618,11.6999999999998,0.5791657667750238,-0.35886831077660064,0.0
144.6201183186159,77.8060583342659,11.699999999999802,0.579431374230233,-0.3587986298436881,5.262979456170211e-16
144.5944059940691,77.79749203780716,11.699999999999802,0.5797003492235924,-0.35872520470007585,0.0
144.5687439119234,77.78892205736784,11.699999999999802,0.5799726457543182,-0.3586480550896015,0.0
144.54313196838302,77.78034840351293,11.699999999999804,0.5802482179986179,-0.3585672011242682,3.1577876737021266e-15
144.5175700598293,77.77177108677446,11.699999999999802,0.5805270203124284,-0.3584826632768931,3.684085619319148e-15
144.49205808282127,77.76319011765167,11.699999999999806,0.5808090072338397,-0.3583944623747276,5.2629794561702115e-15
144.46659593409566,77.75460550661106,11.699999999999806,0.5810941334849524,-0.35830261959255905,1.5788938368510633e-15
144.44118351056701,77.74601726408648,11.699999999999806,0.5813823539743723,-0.3582071564460684,1.5788938368510633e-15
144.41582070932768,77.73742540047932,11.699999999999807,0.5816736237993596,-0.3581080947853974,2.6314897280851058e-15
144.39050742764815,77.72882992615858,11.699999999999806,0.5819678982477949,-0.3580054567880297,-2.1051917824680845e-15
144.36524356297693,77.72023085146085,11.699999999999807,0.5822651328003903,-0.3578992649532063,3.684085619319148e-15
144.3400290129407,77.7116281866906,11.699999999999806,0.5825652831322524,-0.3577895420946531,5.262979456170211e-16
144.31486367534453,77.70302194212017,11.69999999999981,0.5828683051154777,-0.3576763113347257,-1.5788938368510633e-15
144.28974744817174,77.6944121279898,11.69999999999981,0.583174154820668,-0.3575595960976711,1.0525958912340423e-15
144.2646802295841,77.68579875450796,11.69999999999981,0.583482788518965,-0.3574394201037309,1.5788938368510633e-15
144.2396619179219,77.67718183185117,11.699999999999811,0.5837941626835249,-0.35731580736255736,-5.262979456170211e-16
144.214692411704,77.66856137016428,11.699999999999813,0.5841082339916545,-0.35718878216743105,5.262979456170211e-16
144.18977160962794,77.65993737956053,11.699999999999813,0.5844249593263638,-0.3570583690887686,3.1577876737021266e-15
144.1648994105699,77.65130987012165,11.699999999999811,0.5847442957780615,-0.35692459296830703,3.684085619319148e-15
144.140075713585,77.64267885189797,11.699999999999813,0.5850662006461683,-0.3567874789132074,2.6314897280851058e-15
144.11530041790672,77.63404433490831,11.699999999999813,0.5853906314406782,-0.3566470522895131,3.1577876737021266e-15
144.09057342294793,77.6254063291405,11.699999999999816,0.5857175458837149,-0.3565033387171031,1.5788938368510633e-15
144.0658946283001,77.6167648445511,11.699999999999815,0.5860469019109583,-0.3563563640630242,1.5788938368510633e-15
144.04126393373375,77.60811989106567,11.699999999999813,0.5863786576735156,-0.35620615443629056,1.5788938368510633e-15
144.01668123919833,77.59947147857883,11.699999999999813,0.5867127715385589,-0.3560527361819537,0.0
143.9921464448224,77.59081961695436,11.699999999999816,0.5870492020913117,-0.35589613587517244,1.5788938368510633e-15
143.9676594509135,77.5821643160253,11.699999999999815,0.5873879081362547,-0.355736380315823,3.684085619319148e-15
143.9432201579582,77.573505585594,11.699999999999818,0.587728848698074,-0.3555734965229852,-1.0525958912340423e-15
143.91882846662227,77.56484343543228,11.699999999999818,0.5880719830233301,-0.3554075117292884,3.1577876737021266e-15
143.89448427775056,77.55617787528153,11.699999999999818,0.5884172705816688,-0.3552384533752123,4.210383564936169e-15
143.870187492367,77.54750891485271,11.69999999999982,0.5887646710664608,-0.35506634910409224,0.0
143.84593801167472,77.53883656382656,11.69999999999982,0.5891141443965767,-0.3548912267563419,1.5788938368510633e-15
143.82173573705606,77.53016083185364,11.69999999999982,0.5894656507170271,-0.35471311436437836,3.684085619319148e-15
143.7975805700723,77.52148172855439,11.699999999999822,0.5898191504001913,-0.3545320401470002,1.0525958912340423e-15
143.7734724124642,77.5127992635193,11.699999999999822,0.5901746040469262,-0.35434803250481745,5.2629794561702115e-15
143.74941116615145,77.50411344630902,11.699999999999822,0.5905319724872664,-0.354161120014288,1.0525958912340423e-15
143.7253967332328,77.49542428645422,11.699999999999823,0.5908912167815265,-0.3539713314230429,-1.5788938368510633e-15
143.70142901598635,77.48673179345604,11.699999999999822,0.5912522982212893,-0.3537786956446324,2.1051917824680845e-15
143.6775079168693,77.47803597678596,11.699999999999822,0.5916151783302126,-0.35358324175359107,1.5788938368510633e-15
143.6536333385179,77.4693368458859,11.699999999999825,0.5919798188646627,-0.3533849989805966,1.0525958912340423e-15
143.6298051837475,77.46063441016842,11.699999999999825,0.5923461818148241,-0.35318399670687745,0.0
143.60602335555257,77.45192867901666,11.699999999999825,0.592714229405216,-0.35298026446014036,3.684085619319148e-15
143.5822877571065,77.44321966178461,11.699999999999825,0.593083924095783,-0.3527738319093101,3.684085619319148e-15
143.55859829176194,77.43450736779705,11.699999999999825,0.5934552285818742,-0.35256472885959894,2.6314897280851058e-15
143.53495486305022,77.42579180634972,11.699999999999829,0.5938281057958571,-0.3523529852481927,5.262979456170211e-16
143.5113573746819,77.41707298670939,11.699999999999825,0.5942025189069583,-0.3521386311390938,0.0
143.48780573054626,77.40835091811395,11.699999999999829,0.5945784313221969,-0.3519216967187049,-2.1051917824680845e-15
143.46429983471154,77.3996256097725,11.699999999999829,0.5949558066869971,-0.3517022122913259,5.2629794561702115e-15
143.44083959142478,77.39089707086549,11.69999999999983,0.5953346088855352,-0.351480208274205,0.0
143.41742490511183,77.3821653105447,11.699999999999829,0.5957148020416312,-0.3512557151934613,2.1051917824680845e-15
143.3940556803772,77.37343033793346,11.699999999999829,0.5960963505185701,-0.35102876367926117,2.6314897280851058e-15
143.37073182200422,77.36469216212664,11.699999999999829,0.5964792189201582,-0.35079938446172754,2.1051917824680845e-15
143.34745323495463,77.35595079219081,11.699999999999829,0.5968633720908069,-0.3505676083661762,-5.262979456170211e-16
143.32421982436904,77.34720623716427,11.699999999999834,0.597248775116136,-0.3503334663091745,5.262979456170211e-16
143.30103149556615,77.33845850605712,11.69999999999983,0.5976353933230267,-0.3500969892938626,1.0525958912340423e-15
143.27788815404338,77.32970760785147,11.699999999999832,0.5980231922802697,-0.34985820840609555,4.73668151055319e-15
143.25478970547653,77.32095355150146,11.699999999999836,0.5984121377987479,-0.3496171548098175,3.1577876737021266e-15
143.23173605571955,77.3121963459333,11.699999999999836,0.5988021959315766,-0.34937385974341745,2.1051917824680845e-15
143.20872711080472,77.30343600004544,11.699999999999832,0.5991933329744805,-0.3491283545151832,-2.1051917824680845e-15
143.1857627769425,77.29467252270854,11.699999999999836,0.5995855154661741,-0.34888067049926946,4.210383564936169e-15
143.16284296052126,77.28590592276575,11.699999999999836,0.5999787101880389,-0.3486308391320612,3.1577876737021266e-15
143.13996756810755,77.27713620903262,11.699999999999836,0.6003728841648854,-0.3483788919077099,1.0525958912340423e-15
143.1171365064457,77.26836339029725,11.699999999999836,0.6007680046648313,-0.34812486037455315,5.262979456170211e-16
143.0943496824579,77.25958747532042,11.699999999999836,0.6011640391992422,-0.34786877613082773,5.262979456170211e-16
143.07160700324414,77.2508084728356,11.699999999999838,0.601560955523169,-0.34761067082126523,-1.0525958912340423e-15
143.0489083760819,77.24202639154908,11.699999999999836,0.6019587216350212,-0.3473505761330421,1.5788938368510633e-15
143.02625370842637,77.23324124014007,11.699999999999838,0.6023573057771303,-0.34708852379202443,5.262979456170211e-16
143.0036429079101,77.22445302726076,11.699999999999838,0.6027566764351923,-0.3468245455589655,2.6314897280851058e-15
142.98107588234302,77.21566176153648,11.69999999999984,0.6031568023385352,-0.34655867322596423,-1.5788938368510633e-15
142.9585525397123,77.2068674515655,11.69999999999984,0.6035576524603101,-0.3462909386128515,3.1577876737021266e-15
142.93607278818217,77.1980701059196,11.69999999999984,0.603959196016967,-0.34602137356330465,1.5788938368510633e-15
142.91363653609406,77.18926973314372,11.699999999999841,0.6043614024684341,-0.345750009941572,1.0525958912340423e-15
142.89124369196625,77.18046634175627,11.699999999999841,0.6047642415181846,-0.34547687962891205,1.5788938368510633e-15
142.8688941644939,77.1716599402492,11.699999999999841,0.6051676831126975,-0.3452020145199106,-5.262979456170211e-16
142.84658786254877,77.16285053708799,11.699999999999843,0.6055716974417034,-0.3449254465192902,2.6314897280851058e-15
142.8243246951793,77.1540381407118,11.699999999999845,0.6059762549378114,-0.3446472075383075,0.0
142.80210457161044,77.14522275953357,11.699999999999841,0.606381326276372,-0.3443673294915391,5.262979456170211e-16
142.77992740124336,77.13640440194003,11.699999999999847,0.6067868823751341,-0.3440858442934281,1.0525958912340423e-15
142.75779309365555,77.12758307629187,11.699999999999845,0.607192894394467,-0.3438027838551302,5.2629794561702115e-15
142.73570155860062,77.11875879092379,11.699999999999847,0.6075993337365388,-0.3435181800810409,-1.0525958912340423e-15
142.71365270600813,77.10993155414455,11.699999999999841,0.6080061720454799,-0.3432320648660415,-5.262979456170211e-16
142.69164644598354,77.10110137423709,11.699999999999845,0.6084133812067039,-0.34294447009174084,-1.0525958912340423e-15
142.66968268880797,77.09226825945862,11.699999999999847,0.6088209333470582,-0.3426554276237068,-2.1051917824680845e-15
142.64776134493815,77.08343221804066,11.699999999999845,0.6092288008342094,-0.3423649693083766,-3.1577876737021266e-15
142.6258823250063,77.07459325818917,11.699999999999848,0.6096369562762631,-0.3420731269699316,2.6314897280851058e-15
142.60404553981988,77.0657513880846,11.699999999999848,0.6100453725216526,-0.3417799324071788,-1.0525958912340423e-15
142.58225090036171,77.05690661588207,11.699999999999848,0.6104540226584703,-0.34148541739074184,-4.210383564936169e-15
142.56049831778932,77.04805894971113,11.699999999999848,0.6108628800142217,-0.34118961365998596,-2.1051917824680845e-15
142.53878770343545,77.0392083976763,11.699999999999848,0.6112719181554558,-0.34089255292014586,2.1051917824680845e-15
142.51711896880744,77.03035496785688,11.69999999999985,0.6116811108872409,-0.34059426683950167,1.5788938368510633e-15
142.49549202558723,77.02149866830703,11.699999999999848,0.6120904322527823,-0.3402947870466082,-1.5788938368510633e-15
142.47390678563133,77.01263950705592,11.699999999999852,0.6124998565328214,-0.3399941451272502,2.1051917824680845e-15
142.45236316097038,77.00377749210779,11.699999999999852,0.6129093582453267,-0.33969237262193347,3.684085619319148e-15
142.43086106380923,76.99491263144205,11.699999999999852,0.6133189121449053,-0.33938950102294013,3.1577876737021266e-15
142.40940040652686,76.98604493301332,11.699999999999848,0.6137284932223028,-0.3390855617718691,1.0525958912340423e-15
142.38798110167593,76.97717440475151,11.699999999999852,0.6141380767039036,-0.3387805862567923,3.1577876737021266e-15
142.36660306198277,76.96830105456195,11.69999999999985,0.6145476380511545,-0.3384746058097379,1.5788938368510633e-15
142.3452662003473,76.95942489032542,11.699999999999852,0.6149571529599553,-0.3381676517040449,5.2629794561702115e-15
142.32397042984286,76.95054591989827,11.699999999999852,0.615366597360151,-0.3378597551519054,5.2629794561702115e-15
142.3027156637158,76.94166415111246,11.699999999999855,0.6157759474149725,-0.3375509473015159,-5.262979456170211e-16
142.28150181538564,76.93277959177564,11.699999999999855,0.6161851795202937,-0.3372412592352003,2.1051917824680845e-15
142.26032879844473,76.92389224967127,11.699999999999854,0.616594270304313,-0.33693072196641227,1.5788938368510633e-15
142.23919652665816,76.91500213255871,11.699999999999855,0.6170031966265266,-0.3366193664374672,1.5788938368510633e-15
142.21810491396337,76.90610924817311,11.699999999999854,0.6174119355772959,-0.33630722351730785,3.684085619319148e-15
142.19705387447033,76.89721360422577,11.699999999999852,0.6178204644772244,-0.3359943239989789,6.315575347404253e-15
142.17604332246103,76.88831520840408,11.699999999999855,0.6182287608764359,-0.3356806985974295,5.262979456170211e-16
142.1550731723897,76.87941406837156,11.699999999999855,0.6186368025538627,-0.33536637794716473,3.1577876737021266e-15
142.1341433388821,76.87051019176799,11.699999999999854,0.6190445675165682,-0.3350513925999874,-1.0525958912340423e-15
142.1132537367359,76.86160358620948,11.699999999999855,0.6194520339991122,-0.33473577302274754,1.5788938368510633e-15
142.09240428092002,76.85269425928853,11.699999999999859,0.6198591804625666,-0.3344195495952207,5.262979456170211e-16
142.07159488657481,76.84378221857415,11.699999999999859,0.6202659855942674,-0.33410275260799394,5.262979456170211e-16
142.0508254690116,76.83486747161186,11.699999999999859,0.6206724283065614,-0.33378541226018177,0.0
142.03009594371278,76.82595002592386,11.699999999999859,0.6210784877363196,-0.33346755865744265,1.0525958912340423e-15
142.00940622633135,76.81702988900902,11.699999999999859,0.6214841432441232,-0.3331492218099432,2.6314897280851058e-15
141.98875623269083,76.80810706834299,11.69999999999986,0.6218893744135794,-0.3328304316302082,4.210383564936169e-15
141.96814587878524,76.79918157137831,11.699999999999859,0.6222941610502314,-0.3325112179312073,2.1051917824680845e-15
141.9475750807786,76.79025340554442,11.69999999999986,0.6226984831811331,-0.33219161042429823,3.1577876737021266e-15
141.92704375500497,76.7813225782478,11.69999999999986,0.6231023210538452,-0.33187163871746117,1.5788938368510633e-15
141.90655181796822,76.77238909687198,11.699999999999863,0.6235056551355783,-0.3315513323132156,-1.5788938368510633e-15
141.88609918634174,76.76345296877763,11.699999999999863,0.6239084661124361,-0.33123072060682757,1.5788938368510633e-15
141.86568577696838,76.75451420130275,11.699999999999863,0.6243107348886541,-0.3309098328843497,-5.262979456170211e-16
141.84531150686,76.74557280176249,11.69999999999986,0.6247124425855621,-0.33058869832088716,-2.1051917824680845e-15
141.82497629319766,76.73662877744948,11.699999999999863,0.6251135705407597,-0.33026734597883417,5.262979456170211e-16
141.8046800533311,76.7276821356338,11.699999999999863,0.6255141003075759,-0.329945804806081,1.0525958912340423e-15
141.7844227047787,76.71873288356299,11.699999999999863,0.6259140136537064,-0.329624103634184,5.2629794561702115e-15
141.7642041652271,76.7097810284623,11.699999999999864,0.6263132925605467,-0.32930227117669525,4.73668151055319e-15
141.7440243525313,76.70082657753456,11.699999999999863,0.6267119192224059,-0.32898033602771903,1.0525958912340423e-15
141.72388318471414,76.69186953796033,11.699999999999864,0.627109876045487,-0.32865832665981404,1.0525958912340423e-15
141.70378057996635,76.68290991689804,11.699999999999864,0.6275071456469585,-0.32833627142280736,7.368171238638296e-15
141.683716456646,76.67394772148401,11.699999999999866,0.6279037108541536,-0.3280141985418523,3.1577876737021266e-15
141.6636907332788,76.66498295883248,11.699999999999863,0.6282995547033454,-0.32769213611620424,0.0
