galstreams/tracks/track.st.Indus.shipp2019.ecsv
# %ECSV 0.9
# ---
# datatype:
# - {name: ra, unit: deg, datatype: float64}
# - {name: dec, unit: deg, datatype: float64}
# - {name: distance, unit: kpc, datatype: float64}
# - {name: pm_ra_cosdec, unit: mas / yr, datatype: float64}
# - {name: pm_dec, unit: mas / yr, datatype: float64}
# - {name: radial_velocity, unit: km / s, datatype: float64}
# delimiter: ','
# meta: !!omap
# - __serialized_columns__:
#     dec:
#       __class__: astropy.coordinates.angles.Latitude
#       unit: &id001 !astropy.units.Unit {unit: deg}
#       value: !astropy.table.SerializedColumn {name: dec}
#     distance:
#       __class__: astropy.coordinates.distances.Distance
#       unit: !astropy.units.Unit {unit: kpc}
#       value: !astropy.table.SerializedColumn {name: distance}
#     pm_dec:
#       __class__: astropy.units.quantity.Quantity
#       unit: !astropy.units.Unit {unit: mas / yr}
#       value: !astropy.table.SerializedColumn {name: pm_dec}
#     pm_ra_cosdec:
#       __class__: astropy.units.quantity.Quantity
#       unit: !astropy.units.Unit {unit: mas / yr}
#       value: !astropy.table.SerializedColumn {name: pm_ra_cosdec}
#     ra:
#       __class__: astropy.coordinates.angles.Longitude
#       unit: *id001
#       value: !astropy.table.SerializedColumn {name: ra}
#       wrap_angle: !astropy.coordinates.Angle
#         unit: *id001
#         value: 360.0
#     radial_velocity:
#       __class__: astropy.units.quantity.Quantity
#       unit: !astropy.units.Unit {unit: km / s}
#       value: !astropy.table.SerializedColumn {name: radial_velocity}
# schema: astropy-2.0
ra,dec,distance,pm_ra_cosdec,pm_dec,radial_velocity
[from data line 1374]
342.3613184499078,-61.57758495065216,16.600000000011633,3.6235816866685173,-4.8256559203265335,-5.758592126365978e-09
342.37775805039473,-61.5838218038136,16.600000000011644,3.6248810994123852,-4.825475216537963,-5.762465679245719e-09
342.39420340400017,-61.590057191220424,16.600000000011647,3.626181182785812,-4.825294045234296,-5.766204499851382e-09
342.4106545133044,-61.59629111187426,16.600000000011654,3.627481937033783,-4.825112405755254,-5.769909637388526e-09
342.42711138088777,-61.60252356477602,16.60000000001166,3.628783362401041,-4.824930297440018,-5.77358109185715e-09
342.4435740093302,-61.60875454892602,16.600000000011672,3.6300854591320326,-4.824747719627229,-5.777252546325775e-09
342.46004240121135,-61.61498406332389,16.600000000011676,3.631388227470959,-4.8245646716550015,-5.781092416136996e-09
342.47651655911085,-61.621212106968585,16.600000000011686,3.632691667661749,-4.824381152860893,-5.7847301875371015e-09
342.49299648560805,-61.62743867885844,16.60000000001169,3.633995779948055,-4.824197162581932,-5.788266909731648e-09
342.5094821832819,-61.633663777991096,16.600000000011693,3.6353005645732557,-4.82401270015462,-5.791904681131752e-09
342.5259736547112,-61.63988740336354,16.600000000011708,3.636606021780465,-4.8238277649149,-5.7956098186688964e-09
342.5424709024747,-61.646109553972124,16.60000000001171,3.637912151812527,-4.823642356198193,-5.799180223931962e-09
342.5589739291505,-61.652330228812524,16.60000000001172,3.639218954912001,-4.823456473339373,-5.8027506291950285e-09
342.5754827373168,-61.65854942687976,16.600000000011725,3.6405264313211823,-4.823270115672781,-5.806321034458094e-09
342.5919973295514,-61.66476714716817,16.600000000011732,3.6418345812820823,-4.823083282532214,-5.809925122789679e-09
342.60851770843186,-61.67098338867148,16.600000000011743,3.643143405036447,-4.822895973250935,-5.813495528052746e-09
342.6250438765356,-61.6771981503827,16.600000000011747,3.644452902825741,-4.8227081871616635,-5.816964884110253e-09
342.64157583643953,-61.683411431294225,16.600000000011757,3.645763074891143,-4.822519923596585,-5.820501606304799e-09
342.65811359072046,-61.68962323039776,16.600000000011764,3.647073921473564,-4.822331181887342,-5.823903596225268e-09
342.6746571419549,-61.695833546684355,16.60000000001177,3.648385442813631,-4.822141961365045,-5.827372952282775e-09
342.69120649271906,-61.70204237914441,16.600000000011775,3.649697639151693,-4.821952261360258,-5.8309433575458405e-09
342.7077616455889,-61.70824972676766,16.600000000011782,3.6510105107278146,-4.8217620812030075,-5.834345347466309e-09
342.72432260314014,-61.71445558854316,16.600000000011793,3.6523240577817786,-4.821571420222786,-5.837848386592336e-09
342.7408893679481,-61.72065996345934,16.600000000011796,3.6536382805530936,-4.821380277748539,-5.841183010375765e-09
342.75746194258795,-61.72686285050392,16.600000000011807,3.6549531792809695,-4.8211886531086785,-5.844618683364753e-09
342.77404032963443,-61.733064248664,16.600000000011814,3.656268754204345,-4.820996545631072,-5.847919624079663e-09
342.790624531662,-61.739264156926005,16.60000000001182,3.657585005561862,-4.820803954643056,-5.851287930931612e-09
342.8072145512449,-61.74546257427569,16.600000000011825,3.6589019335918844,-4.820610879471421,-5.854622554715042e-09
342.82381039095714,-61.751659499698135,16.600000000011832,3.660219538532493,-4.820417319442416,-5.857957178498471e-09
342.8404120533722,-61.75785493217779,16.600000000011846,3.661537820621464,-4.820223273881752,-5.861258119213381e-09
342.8570195410634,-61.764048870698424,16.600000000011846,3.6628567800962992,-4.820028742114609,-5.864491693791252e-09
342.8736328566037,-61.77024131424313,16.600000000011857,3.6641764171942097,-4.819833723465611,-5.867792634506162e-09
342.89025200256566,-61.77643226179434,16.600000000011864,3.6654967321521035,-4.819638217258861,-5.87119462442663e-09
342.9068769815218,-61.78262171233388,16.600000000011867,3.6668177252066174,-4.819442222817905,-5.874360832867463e-09
342.923507796044,-61.7888096648428,16.600000000011878,3.668139396594075,-4.819245739465755,-5.877628090513853e-09
342.940144448704,-61.794996118301604,16.60000000001188,3.669461746550524,-4.81904876652489,-5.880861665091724e-09
342.9567869420731,-61.801181071690046,16.600000000011892,3.6707847753117067,-4.818851303317236,-5.883960507395517e-09
342.9734352787223,-61.80736452398725,16.6000000000119,3.6721084831130684,-4.818653349164193,-5.887194081973388e-09
342.99008946122234,-61.81354647417168,16.600000000011907,3.6734328701897763,-4.8184549033866055,-5.890292924277181e-09
343.0067494921434,-61.81972692122113,16.600000000011914,3.674757936776678,-4.818255965304794,-5.893391766580974e-09
343.02341537405556,-61.82590586411271,16.60000000001192,3.676083683108335,-4.818056534238525,-5.896524291953287e-09
343.0400871095284,-61.832083301822884,16.60000000001193,3.6774101094190117,-4.817856609507034,-5.899656817325599e-09
343.0567647011312,-61.83825923332744,16.60000000001194,3.67873721594267,-4.817656190429005,-5.902789342697912e-09
343.07344815143296,-61.84443365760153,16.600000000011942,3.6800650029129796,-4.817455276322595,-5.9057534527276265e-09
343.09013746300207,-61.85060657361959,16.600000000011956,3.6813934705632874,-4.81725386650541,-5.90885229503142e-09
343.1068326384068,-61.85677798035542,16.60000000001196,3.6827226191266624,-4.817051960294526,-5.911917454266693e-09
343.1235336802149,-61.862947876782165,16.60000000001197,3.6840524488358533,-4.816849557006465,-5.914982613501966e-09
343.1402405909939,-61.869116261872264,16.600000000011978,3.6853829599233188,-4.816646655957216,-5.91804777273724e-09
343.1569533733109,-61.87528313459753,16.60000000001198,3.6867141526212066,-4.816443256462228,-5.920910833561397e-09
343.17367202973236,-61.88144849392908,16.600000000011995,3.6880460271613518,-4.8162393578364044,-5.92397599279667e-09
343.1903965628248,-61.88761233883738,16.600000000011995,3.6893785837752957,-4.816034959394117,-5.926973785894905e-09
343.2071269751539,-61.893774668292224,16.600000000012006,3.6907118226942637,-4.815830060449184,-5.929904212856101e-09
343.22386326928546,-61.899935481262744,16.600000000012013,3.6920457441491785,-4.815624660314891,-5.932733590611738e-09
343.2406054477844,-61.90609477671739,16.60000000001202,3.693380348370644,-4.815418758303981,-5.935596651435894e-09
343.25735351321543,-61.912252553623944,16.60000000001203,3.6947156355889663,-4.815212353728656,-5.938560761465609e-09
343.2741074681429,-61.91840881094954,16.600000000012034,3.6960516060341284,-4.81500544590058,-5.941457505358285e-09
343.29086731513075,-61.92456354766063,16.60000000001204,3.6973882599358134,-4.814798034130867,-5.944286883113922e-09
343.3076330567424,-61.930716762723,16.600000000012052,3.698725597523384,-4.814590117730099,-5.947183627006598e-09
343.32440469554103,-61.93686845510176,16.60000000001206,3.70006361902589,-4.814381696008311,-5.949945638625197e-09
343.3411822340892,-61.943018623761375,16.60000000001207,3.701402324672066,-4.814172768274999,-5.952707650243795e-09
343.3579656749492,-61.9491672676656,16.600000000012074,3.7027417146903363,-4.813963333839123,-5.955537027999432e-09
343.37475502068276,-61.955314385777555,16.60000000001208,3.7040817893087996,-4.813753392009092,-5.958366405755069e-09
343.3915502738513,-61.961459977059675,16.600000000012088,3.7054225487552483,-4.813542942092779,-5.961128417373667e-09
343.40835143701577,-61.96760404047373,16.6000000000121,3.7067639932571463,-4.813331983397515,-5.963823062855227e-09
343.4251585127367,-61.973746574980844,16.600000000012106,3.7081061230416443,-4.813120515230088,-5.966416659131227e-09
343.4419715035741,-61.9798875795414,16.60000000001211,3.709448938335577,-4.812908536896756,-5.969246036886864e-09
343.4587904120876,-61.9860270531152,16.600000000012113,3.7107924393654397,-4.812696047703215,-5.971940682368423e-09
343.47561524083636,-61.992164994661294,16.600000000012127,3.712136626357431,-4.812483046954629,-5.974635327849983e-09
343.4924459923791,-61.99830140313815,16.600000000012134,3.713481499537406,-4.812269533955632,-5.977228924125983e-09
343.509282669274,-62.00443627750348,16.600000000012145,3.7148270591309087,-4.812055508010301,-5.979957252676062e-09
343.52612527407894,-62.01056961671437,16.60000000001215,3.7161733053631516,-4.811840968422178,-5.982483482815023e-09
343.5429738093512,-62.01670141972722,16.60000000001216,3.7175202384590285,-4.811625914494261,-5.985009712953985e-09
343.5598282776476,-62.022831685497785,16.600000000012166,3.7188678586430934,-4.811410345529012,-5.987636992298506e-09
343.5766886815246,-62.0289604129811,16.600000000012173,3.7202161661395907,-4.811194260828347,-5.990331637780064e-09
343.59355502353804,-62.03508760113157,16.600000000012184,3.721565161172422,-4.810977659693637,-5.9927905017819874e-09
343.61042730624325,-62.04121324890293,16.600000000012187,3.7229148439651656,-4.81076054142572,-5.995384098057988e-09
343.62730553219535,-62.0473373552482,16.6000000000122,3.7242652147410693,-4.810542905324882,-5.99787664512843e-09
343.64418970394865,-62.05345991911977,16.600000000012205,3.7256162737230536,-4.810324750690878,-6.000335509130353e-09
343.6610798240571,-62.059580939469356,16.60000000001221,3.726968021133696,-4.810106076822918,-6.002760690063756e-09
343.67797589507416,-62.06570041524797,16.60000000001222,3.7283204571952475,-4.809886883019667,-6.005286920202718e-09
343.69487791955277,-62.071818345405966,16.60000000001223,3.72967358212963,-4.8096671685792485,-6.007712101136121e-09
343.71178590004536,-62.077934728893055,16.600000000012237,3.731027396158422,-4.8094469327992515,-6.010137282069524e-09
343.7286998391039,-62.08404956465822,16.60000000001224,3.732381899502874,-4.8092261749767165,-6.0125287799344075e-09
343.7456197392798,-62.09016285164982,16.600000000012248,3.7337370923838873,-4.80900489440814,-6.014953960867811e-09
343.76254560312384,-62.09627458881552,16.600000000012262,3.7350929750220385,-4.808783090389484,-6.017379141801214e-09
343.77947743318657,-62.1023847751023,16.60000000001227,3.7364495476375663,-4.808560762216166,-6.0197369565975785e-09
343.79641523201775,-62.10849340945649,16.600000000012272,3.7378068104503592,-4.808337909183066,-6.022094771393943e-09
343.81335900216664,-62.11460049082373,16.60000000001228,3.739164763679967,-4.8081145305845086,-6.0245199523273465e-09
343.8303087461822,-62.12070601814901,16.600000000012287,3.740523407545613,-4.80789062571429,-6.026675668712593e-09
343.84726446661244,-62.12680999037659,16.600000000012294,3.7418827422661507,-4.807666193865669,-6.029100849645997e-09
343.8642261660052,-62.13291240645013,16.600000000012308,3.7432427680601186,-4.807441234331341,-6.031189199894205e-09
343.8811938469076,-62.13901326531255,16.60000000001231,3.744603485145693,-4.807215746403487,-6.033547014690569e-09
343.89816751186623,-62.14511256590613,16.600000000012322,3.745964893740706,-4.806989729373726,-6.035904829486934e-09
343.9151471634272,-62.151210307172505,16.600000000012326,3.747326994062656,-4.806763182533143,-6.0380605458721805e-09
343.93213280413596,-62.15730648805254,16.600000000012333,3.7486897863286828,-4.806536105172281,-6.0401825791889085e-09
343.9491244365374,-62.16340110748653,16.600000000012344,3.7500532707555796,-4.806308496581142,-6.0423719786426754e-09
343.9661220631759,-62.16949416441401,16.600000000012354,3.7514174475597923,-4.806080356049186,-6.044561378096442e-09
343.9831256865952,-62.17558565777392,16.600000000012358,3.7527823169574197,-4.805851682865333,-6.04671709448169e-09
344.0001353093386,-62.181675586504454,16.600000000012365,3.7541478791642047,-4.805622476317955,-6.048872810866937e-09
344.01715093394864,-62.18776394954316,16.600000000012376,3.7555141343955376,-4.805392735694893,-6.051028527252184e-09
344.03417256296746,-62.193850745826936,16.600000000012383,3.756881082866462,-4.8051624602834355,-6.0531168775003926e-09
344.0512001989365,-62.19993597429193,16.60000000001239,3.758248724791665,-4.804931649370336,-6.055171544680082e-09
344.06823384439656,-62.206019633873716,16.6000000000124,3.7596170603854695,-4.804700302241808,-6.05722621185977e-09
344.0852735018879,-62.2121017235071,16.600000000012407,3.760986089861862,-4.8044684181835215,-6.059348245176498e-09
344.10231917395026,-62.21818224212625,16.600000000012418,3.7623558134344552,-4.804235996480598,-6.061268180082109e-09
344.11937086312264,-62.22426118866466,16.60000000001242,3.7637262313165087,-4.804003036417633,-6.063322847261798e-09
344.1364285719436,-62.23033856205515,16.60000000001243,3.7650973437209325,-4.803769537278663,-6.0653438313729676e-09
344.15349230295084,-62.23641436122985,16.60000000001244,3.766469150860254,-4.803535498347202,-6.067432181621175e-09
344.17056205868164,-62.242488585120235,16.600000000012443,3.767841652946672,-4.803300918906203,-6.069284750389747e-09
344.1876378416726,-62.24856123265706,16.600000000012454,3.7692148501919975,-4.803065798238094,-6.0712046852953585e-09
344.2047196544597,-62.254632302770425,16.600000000012468,3.7705887428076927,-4.802830135624751,-6.073124620200969e-09
344.22180749957823,-62.260701794389796,16.60000000001247,3.7719633310048466,-4.802593930347518,-6.0750782381751e-09
344.238901379563,-62.26676970644388,16.60000000001248,3.7733386149941968,-4.802357181687189,-6.076964490012191e-09
344.256001296948,-62.27283603786078,16.60000000001249,3.7747145949861007,-4.802119888924019,-6.078783375712243e-09
344.2731072542666,-62.27890078756788,16.600000000012496,3.77609127119056,-4.801882051337732,-6.080635944480815e-09
344.2902192540517,-62.28496395449188,16.600000000012503,3.7774686438172025,-4.801643668207497,-6.0824885132493875e-09
344.30733729883536,-62.291025537558816,16.60000000001251,3.778846713075289,-4.80140473881195,-6.084408448154998e-09
344.32446139114904,-62.29708553569407,16.600000000012518,3.7802254791737204,-4.80116526242918,-6.086193650786531e-09
344.3415915335236,-62.30314394782232,16.600000000012525,3.781604942321012,-4.800925238336742,-6.087911487281025e-09
344.35872772848916,-62.309200772867555,16.600000000012532,3.7829851027253167,-4.800684665811647,-6.089629323775519e-09
344.37586997857505,-62.31525600975309,16.600000000012543,3.7843659605944078,-4.800443544130369,-6.091515575612611e-09
344.3930182863103,-62.3213096574016,16.600000000012553,3.7857475161356944,-4.800201872568828,-6.093199729038585e-09
344.4101726542229,-62.32736171473501,16.600000000012557,3.7871297695562114,-4.799959650402422,-6.094917565533079e-09
344.42733308484037,-62.333412180674635,16.60000000001257,3.7885127210626077,-4.799716876905991,-6.0965006697534945e-09
344.44449958068935,-62.33946105414106,16.600000000012574,3.7898963708611673,-4.799473551353854,-6.098218506247988e-09
344.46167214429596,-62.34550833405423,16.60000000001258,3.79128071915779,-4.79922967301977,-6.099902659673963e-09
344.4788507781856,-62.351554019333385,16.600000000012592,3.792665766157998,-4.798985241176965,-6.101586813099937e-09
344.4960354848828,-62.3575981088971,16.6000000000126,3.7940515120669334,-4.7987402550981315,-6.1031699173203536e-09
344.51322626691166,-62.363640601663235,16.60000000001261,3.795437957089367,-4.798494714055408,-6.1048877538148475e-09
344.5304231267954,-62.369681496549035,16.60000000001262,3.79682510142968,-4.798248617320402,-6.106336125761186e-09
344.54762606705657,-62.37572079247101,16.600000000012624,3.7982129452918696,-4.798001964164183,-6.1079529130501215e-09
344.56483509021695,-62.38175848834501,16.60000000001263,3.7996014888795497,-4.7977547538572765,-6.109569700339057e-09
344.5820501987977,-62.38779458308618,16.60000000001264,3.8009907323959657,-4.797506985669661,-6.111018072285395e-09
344.599271395319,-62.393829075609034,16.600000000012646,3.8023806760439505,-4.797258658870786,-6.112601176505811e-09
344.61649868230074,-62.399861964827394,16.60000000001266,3.8037713200259695,-4.797009772729553,-6.114083231520668e-09
344.6337320622617,-62.405893249654326,16.600000000012663,3.805162664544106,-4.796760326514331,-6.115565286535526e-09
