galstreams/tracks/track.st.New-7.ibata2024.ecsv
# %ECSV 1.0
# ---
# datatype:
# - {name: ra, unit: deg, datatype: float64}
# - {name: dec, unit: deg, datatype: float64}
# - {name: distance, unit: kpc, datatype: float64}
# - {name: pm_ra_cosdec, unit: mas / yr, datatype: float64}
# - {name: pm_dec, unit: mas / yr, datatype: float64}
# - {name: radial_velocity, unit: km / s, datatype: float64}
# delimiter: ','
# meta: !!omap
# - __serialized_columns__:
#     dec:
#       __class__: astropy.coordinates.angles.Latitude
#       unit: &id001 !astropy.units.Unit {unit: deg}
#       value: !astropy.table.SerializedColumn {name: dec}
#     distance:
#       __class__: astropy.coordinates.distances.Distance
#       unit: !astropy.units.Unit {unit: kpc}
#       value: !astropy.table.SerializedColumn {name: distance}
#     pm_dec:
#       __class__: astropy.units.quantity.Quantity
#       unit: !astropy.units.Unit {unit: mas / yr}
#       value: !astropy.table.SerializedColumn {name: pm_dec}
#     pm_ra_cosdec:
#       __class__: astropy.units.quantity.Quantity
#       unit: !astropy.units.Unit {unit: mas / yr}
#       value: !astropy.table.SerializedColumn {name: pm_ra_cosdec}
#     ra:
#       __class__: astropy.coordinates.angles.Longitude
#       unit: *id001
#       value: !astropy.table.SerializedColumn {name: ra}
#       wrap_angle: !astropy.coordinates.Angle
#         unit: *id001
#         value: 360.0
#     radial_velocity:
#       __class__: astropy.units.quantity.Quantity
#       unit: !astropy.units.Unit {unit: km / s}
#       value: !astropy.table.SerializedColumn {name: radial_velocity}
# schema: astropy-2.0
ra,dec,distance,pm_ra_cosdec,pm_dec,radial_velocity
[from data line 1983]
150.27838135507807,23.352451506608812,1.0000000000000093,16.89331573841568,-15.01293536443853,97.42722267724889
150.28921055715585,23.351194697015877,1.0000000000000093,16.892991459863058,-15.014819821979287,97.59021626911169
150.30003947469797,23.349936042331393,1.000000000000009,16.892666634763167,-15.016704353842862,97.7534969230506
150.31086810728016,23.348675541966816,1.0000000000000095,16.892341263858484,-15.01858896109514,97.91706491879631
150.32169645447797,23.347413195333715,1.0000000000000095,16.892015347891213,-15.020473644802276,98.08092053607962
150.33252451586682,23.346149001843717,1.0000000000000093,16.89168888760322,-15.022358406030591,98.24506405463114
150.343352291022,23.344882960908517,1.0000000000000095,16.891361883736003,-15.024243245846638,98.40949575418153
150.3541797795187,23.343615071939936,1.0000000000000095,16.891034337030817,-15.026128165317228,98.57421591446162
150.36500698093184,23.34234533434983,1.0000000000000095,16.890706248228533,-15.028013165509332,98.73922481520201
150.37583389483643,23.341073747550162,1.0000000000000095,16.890377618069703,-15.029898247490197,98.90452273613334
150.38666052080714,23.339800310952974,1.0000000000000098,16.890048447294582,-15.031783412327231,99.07010995698627
150.39748685841863,23.338525023970387,1.0000000000000095,16.889718736643076,-15.033668661088132,99.23598675749166
150.40831290724537,23.337247886014588,1.0000000000000095,16.889388486854784,-15.035553994840745,99.40215341738012
150.41913866686167,23.335968896497874,1.0000000000000098,16.88905769866898,-15.037439414653182,99.56861021638223
150.42996413684182,23.334688054832608,1.0000000000000098,16.88872637282459,-15.03932492159376,99.73535743422887
150.44078931675986,23.333405360431236,1.0000000000000093,16.888394510060262,-15.041210516731025,99.90239535065058
150.45161420618976,23.33212081270627,1.0000000000000095,16.88806211111425,-15.043096201133704,100.0697242453781
150.46243880470533,23.330834411070324,1.0000000000000095,16.88772917672456,-15.04498197587079,100.23734439814214
150.47326311188024,23.329546154936097,1.00000000000001,16.88739570762882,-15.046867842011478,100.40525608867344
150.48408712728803,23.32825604371636,1.0000000000000098,16.887061704564374,-15.048753800625182,100.57345959670252
150.49491085050218,23.326964076823963,1.00000000000001,16.8867271682682,-15.050639852781526,100.74195520196021
150.5057342810959,23.325670253671838,1.0000000000000098,16.886392099476996,-15.052525999550374,100.91074318417718
150.51655741864238,23.324374573672998,1.0000000000000098,16.8860564989271,-15.054412242001781,101.07982382308411
150.52738026271462,23.323077036240562,1.0000000000000098,16.88572036735453,-15.05629858120605,101.2491973984116
150.53820281288554,23.321777640787676,1.0000000000000098,16.885383705494995,-15.058185018233681,101.41886418989056
150.54902506872787,23.320476386727623,1.00000000000001,16.885046514083875,-15.060071554155405,101.5888244772515
150.55984702981425,23.319173273473734,1.0000000000000098,16.88470879385622,-15.061958190042166,101.75907854022515
150.57066869571713,23.31786830043945,1.0000000000000098,16.884370545546776,-15.063844926965139,101.92962665854213
150.58149006600888,23.31656146703826,1.0000000000000098,16.884031769889926,-15.065731765995693,102.10046911193328
150.59231114026178,23.31525277268376,1.0000000000000098,16.883692467619763,-15.06761870820544,102.27160618012918
150.60313191804786,23.31394221678962,1.0000000000000095,16.88335263947005,-15.069505754666213,102.44303814286052
150.61395239893912,23.31262979876958,1.0000000000000098,16.8830122861742,-15.071392906450026,102.61476527985805
150.62477258250738,23.311315518037485,1.0000000000000098,16.88267140846533,-15.07328016462916,102.78678787085248
150.63559246832435,23.309999374007244,1.0000000000000098,16.88233000707622,-15.075167530276097,102.95910619557434
150.64641205596158,23.30868136609286,1.0000000000000102,16.881988082739333,-15.077055004463519,103.13172053375455
150.65723134499055,23.3073614937084,1.00000000000001,16.881645636186793,-15.078942588264358,103.30463116512365
150.66805033498252,23.306039756268028,1.00000000000001,16.88130266815043,-15.080830282751737,103.47783836941234
150.6788690255087,23.304716153185986,1.00000000000001,16.88095917936171,-15.082718088999016,103.65134242635133
150.68968741614017,23.303390683876593,1.0000000000000098,16.88061517055179,-15.084606008079774,103.82514361567132
150.70050550644777,23.302063347754263,1.00000000000001,16.880270642451514,-15.086494041067784,103.99924221710306
150.71132329600232,23.300734144233473,1.00000000000001,16.879925595791388,-15.088382189037066,104.17363851037703
150.72214078437452,23.299403072728804,1.00000000000001,16.879580031301604,-15.090270453061859,104.3483327752242
150.73295797113482,23.298070132654892,1.00000000000001,16.879233949712024,-15.09215883421659,104.52332529137499
150.74377485585367,23.296735323426486,1.00000000000001,16.878887351752166,-15.094047333575945,104.69861633856027
150.75459143810133,23.29539864445838,1.00000000000001,16.878540238151274,-15.095935952214795,104.87420619651073
150.76540771744794,23.29406009516548,1.00000000000001,16.878192609638212,-15.097824691208244,105.05009514495698
150.7762236934635,23.292719674962775,1.00000000000001,16.877844466941536,-15.099713551631623,105.2262834636298
150.78703936571787,23.291377383265313,1.0000000000000102,16.877495810789508,-15.101602534560463,105.40277143225967
150.79785473378087,23.290033219488233,1.0000000000000102,16.87714664191001,-15.103491641070523,105.57955933057757
150.80866979722205,23.28868718304676,1.0000000000000102,16.876796961030646,-15.105380872237777,105.75664743831403
150.81948455561093,23.287339273356213,1.0000000000000102,16.876446768878687,-15.107270229138432,105.93403603519965
150.83029900851685,23.285989489831966,1.0000000000000102,16.87609606618106,-15.109159712848886,106.11172540096533
150.8411131555091,23.284637831889498,1.0000000000000102,16.875744853664365,-15.111049324445785,106.28971581534164
150.85192699615675,23.283284298944356,1.0000000000000104,16.875393132054903,-15.112939065005975,106.46800755805934
150.8627405300288,23.281928890412164,1.0000000000000104,16.875040902078634,-15.114828935606509,106.64660090884898
150.87355375669406,23.280571605708662,1.0000000000000102,16.87468816446121,-15.116718937324697,106.82549614744137
150.8843666757213,23.279212444249623,1.0000000000000102,16.874334919927918,-15.118609071238032,107.0046935535672
150.89517928667908,23.277851405450946,1.0000000000000104,16.873981169203752,-15.120499338424239,107.18419340695708
150.9059915891359,23.27648848872858,1.0000000000000102,16.873626913013396,-15.12238973996126,107.3639959873418
150.9168035826601,23.275123693498582,1.0000000000000102,16.87327215208115,-15.124280276927257,107.54410157445201
150.92761526681983,23.27375701917707,1.0000000000000102,16.872916887131066,-15.1261709504006,107.72451044801826
150.93842664118324,23.27238846518025,1.0000000000000104,16.872561118886793,-15.12806176145989,107.90522288777147
150.94923770531827,23.27101803092441,1.0000000000000104,16.87220484807171,-15.129952711183938,108.08623917344224
150.96004845879276,23.269645715825934,1.0000000000000104,16.87184807540885,-15.131843800651783,108.26755958476123
150.9708589011744,23.268271519301265,1.0000000000000104,16.871490801620915,-15.133735030942663,108.44918440145916
150.98166903203077,23.266895440766955,1.0000000000000104,16.87113302743031,-15.135626403136058,108.63111390326667
150.9924788509293,23.265517479639612,1.0000000000000104,16.870774753559083,-15.137517918311648,108.81334836991454
151.00328835743738,23.26413763533594,1.0000000000000107,16.870415980728968,-15.139409577549332,108.99588808113332
151.01409755112215,23.26275590727272,1.0000000000000104,16.870056709661384,-15.141301381929246,109.17873331665389
151.0249064315507,23.26137229486682,1.0000000000000107,16.8696969410774,-15.143193332531716,109.36188435620684
151.03571499828996,23.25998679753519,1.0000000000000104,16.8693366756978,-15.145085430437305,109.54534147952278
151.04652325090677,23.258599414694856,1.0000000000000104,16.86897591424298,-15.146977676726792,109.72910496633246
151.05733118896782,23.257210145762937,1.0000000000000104,16.868614657433078,-15.148870072481165,109.91317509636669
151.06813881203968,23.255818990156623,1.0000000000000104,16.868252905987852,-15.150762618781632,110.09755214935598
151.0789461196888,23.254425947293193,1.0000000000000107,16.86789066062678,-15.152655316709625,110.28223640503107
151.08975311148146,23.25303101659,1.0000000000000107,16.867527922068998,-15.154548167346803,110.46722814312271
151.1005597869839,23.251634197464497,1.0000000000000107,16.867164691033295,-15.156441171775011,110.65252764336157
151.11136614576216,23.250235489334198,1.0000000000000107,16.86680096823814,-15.158334331076341,110.83813518547831
151.1221721873822,23.248834891616713,1.0000000000000107,16.866436754401715,-15.160227646333091,111.02405104920365
151.13297791140982,23.247432403729732,1.0000000000000107,16.86607205024184,-15.162121118627775,111.21027551426829
151.14378331741074,23.24602802509102,1.0000000000000109,16.865706856476006,-15.164014749043133,111.39680886040287
151.1545884049505,23.244621755118448,1.0000000000000109,16.865341173821406,-15.165908538662116,111.5836513673381
151.16539317359457,23.24321359322993,1.0000000000000107,16.864975002994886,-15.167802488567894,111.77080331480468
151.17619762290823,23.2418035388435,1.0000000000000107,16.86460834471297,-15.16969659984385,111.9582649825333
151.18700175245672,23.240391591377243,1.0000000000000107,16.864241199691858,-15.1715908735736,112.14603665025466
151.1978055618051,23.238977750249358,1.0000000000000107,16.86387356864744,-15.173485310840956,112.33411859769943
151.2086090505183,23.2375620148781,1.0000000000000107,16.863505452295247,-15.17537991272996,112.52251110459827
151.21941221816115,23.236144384681822,1.0000000000000109,16.8631368513505,-15.177274680324864,112.71121445068196
151.2302150642984,23.234724859078952,1.0000000000000109,16.86276776652811,-15.179169614710155,112.90022891568103
151.24101758849454,23.233303437488,1.0000000000000109,16.862398198542646,-15.181064716970525,113.0895547793264
151.2518197903141,23.231880119327574,1.0000000000000109,16.862028148108354,-15.182959988190873,113.2791923213486
151.26262166932136,23.23045490401634,1.0000000000000109,16.861657615939148,-15.184855429456338,113.46914182147829
151.27342322508056,23.229027790973056,1.0000000000000109,16.86128660274864,-15.186751041852245,113.65940355944628
151.2842244571558,23.22759877961658,1.0000000000000109,16.860915109250058,-15.188646826464183,113.84997781498326
151.29502536511097,23.226167869365813,1.000000000000011,16.860543136156377,-15.190542784377897,114.04086486781969
151.30582594851,23.224735059639787,1.000000000000011,16.86017068418021,-15.19243891667941,114.23206499768658
151.31662620691657,23.22330034985758,1.000000000000011,16.859797754033846,-15.194335224454928,114.42357848431442
151.32742613989427,23.221863739438366,1.0000000000000109,16.859424346429247,-15.19623170879088,114.61540560743398
151.33822574700656,23.220425227801407,1.0000000000000109,16.85905046207807,-15.198128370773905,114.80754664677583
151.34902502781685,23.218984814366028,1.000000000000011,16.858676101691575,-15.200025211490878,115.0000018820709
151.3598239818883,23.21754249855167,1.0000000000000109,16.858301265980813,-15.201922232028881,115.19277159304967
151.37062260878403,23.216098279777817,1.0000000000000109,16.857925955656402,-15.203819433475202,115.3858560594428
151.38142090806707,23.214652157464062,1.000000000000011,16.85755017142868,-15.205716816917365,115.57925556098121
151.39221887930026,23.213204131030082,1.000000000000011,16.857173914007678,-15.207614383443104,115.77297037739542
151.40301652204633,23.211754199895612,1.000000000000011,16.85679718410306,-15.209512134140358,115.96700078841607
151.41381383586796,23.210302363480494,1.000000000000011,16.85641998242418,-15.211410070097305,116.16134707377408
151.4246108203276,23.208848621204652,1.0000000000000113,16.856042309680067,-15.21330819240232,116.35600951319991
151.4354074749876,23.207392972488076,1.0000000000000113,16.85566416657943,-15.215206502144008,116.55098838642436
151.44620379941028,23.205935416750847,1.000000000000011,16.855285553830665,-15.217105000411186,116.746283973178
151.45699979315776,23.20447595341314,1.000000000000011,16.8549064721418,-15.21900368829289,116.94189655319168
151.46779545579207,23.203014581895193,1.000000000000011,16.85452692222055,-15.220902566878364,117.13782640619606
151.47859078687506,23.20155130161734,1.000000000000011,16.85414690477435,-15.22280163725707,117.33407381192171
151.48938578596858,23.20008611199999,1.000000000000011,16.85376642051024,-15.224700900518705,117.53063905009945
151.50018045263428,23.198619012463645,1.0000000000000113,16.85338547013496,-15.226600357753167,117.72752240045996
151.51097478643362,23.197150002428877,1.000000000000011,16.853004054354983,-15.228500010050574,117.92472414273384
151.5217687869281,23.195679081316353,1.0000000000000115,16.85262217387633,-15.230399858501256,118.12224455665181
151.532562453679,23.19420624854681,1.0000000000000113,16.852239829404834,-15.232299904195756,118.32008392194459
151.5433557862475,23.192731503541083,1.0000000000000113,16.851857021645877,-15.234200148224865,118.51824251834287
151.55414878419464,23.19125484572007,1.0000000000000113,16.851473751304624,-15.236100591679541,118.71672062557727
151.5649414470814,23.189776274504776,1.0000000000000115,16.851090019085824,-15.238001235650998,118.91551852337865
151.57573377446857,23.188295789316278,1.0000000000000113,16.850705825693964,-15.23990208123066,119.11463649147758
151.58652576591686,23.186813389575715,1.0000000000000113,16.850321171833162,-15.241803129510147,119.31407480960468
151.59731742098685,23.18532907470435,1.0000000000000113,16.84993605820725,-15.243704381581313,119.51383375749079
151.60810873923904,23.18384284412349,1.0000000000000115,16.84955048551968,-15.245605838536223,119.71391361486651
151.61889972023374,23.182354697254546,1.0000000000000113,16.849164454473623,-15.247507501467165,119.91431466146257
151.62969036353118,23.180864633519015,1.0000000000000113,16.848777965771905,-15.249409371466632,120.11503717700955
151.6404806686915,23.179372652338465,1.0000000000000115,16.848391020117045,-15.251311449627345,120.31608144123835
151.6512706352747,23.177878753134554,1.0000000000000115,16.848003618211195,-15.253213737042232,120.51744773387948
151.6620602628406,23.176382935329006,1.0000000000000118,16.847615760756202,-15.255116234804436,120.71913633466366
151.67284955094905,23.17488519834366,1.0000000000000118,16.84722744845361,-15.257018944007338,120.92114752332165
151.68363849915957,23.173385541600414,1.0000000000000118,16.84683868200461,-15.258921865744504,121.12348157958411
151.6944271070318,23.17188396452125,1.0000000000000115,16.84644946211006,-15.260825001109737,121.32613878318175
151.70521537412506,23.170380466528247,1.0000000000000115,16.8460597894705,-15.262728351197042,121.52911941384511
151.7160032999987,23.16887504704355,1.0000000000000118,16.84566966478617,-15.264631917100662,121.73242375130509
151.72679088421185,23.1673677054894,1.0000000000000115,16.845279088756946,-15.266535699915032,121.93605207529231
151.73757812632357,23.16585844128812,1.0000000000000115,16.844888062082386,-15.268439700734811,122.14000466553733
151.74836502589278,23.164347253862093,1.0000000000000118,16.844496585461737,-15.270343920654877,122.34428180177102
151.75915158247835,23.162834142633823,1.0000000000000115,16.8441046595939,-15.272248360770341,122.548883763724
151.76993779563898,23.161319107025864,1.0000000000000115,16.843712285177443,-15.274153022176488,122.75381083112688
151.78072366493325,23.159802146460883,1.0000000000000115,16.843319462910642,-15.276057905968859,122.95906328371055
151.7915091899196,23.158283260361603,1.0000000000000118,16.842926193491433,-15.277963013243191,123.16464140120556
