galstreams/tracks/track.st.Kwando.grillmair2017.ecsv
# %ECSV 0.9
# ---
# datatype:
# - {name: ra, unit: deg, datatype: float64}
# - {name: dec, unit: deg, datatype: float64}
# - {name: distance, unit: kpc, datatype: float64}
# - {name: pm_ra_cosdec, unit: mas / yr, datatype: float64}
# - {name: pm_dec, unit: mas / yr, datatype: float64}
# - {name: radial_velocity, unit: km / s, datatype: float64}
# delimiter: ','
# meta: !!omap
# - __serialized_columns__:
#     dec:
#       __class__: astropy.coordinates.angles.Latitude
#       unit: &id001 !astropy.units.Unit {unit: deg}
#       value: !astropy.table.SerializedColumn {name: dec}
#     distance:
#       __class__: astropy.coordinates.distances.Distance
#       unit: !astropy.units.Unit {unit: kpc}
#       value: !astropy.table.SerializedColumn {name: distance}
#     pm_dec:
#       __class__: astropy.units.quantity.Quantity
#       unit: !astropy.units.Unit {unit: mas / yr}
#       value: !astropy.table.SerializedColumn {name: pm_dec}
#     pm_ra_cosdec:
#       __class__: astropy.units.quantity.Quantity
#       unit: !astropy.units.Unit {unit: mas / yr}
#       value: !astropy.table.SerializedColumn {name: pm_ra_cosdec}
#     ra:
#       __class__: astropy.coordinates.angles.Longitude
#       unit: *id001
#       value: !astropy.table.SerializedColumn {name: ra}
#       wrap_angle: !astropy.coordinates.Angle
#         unit: *id001
#         value: 360.0
#     radial_velocity:
#       __class__: astropy.units.quantity.Quantity
#       unit: !astropy.units.Unit {unit: km / s}
#       value: !astropy.table.SerializedColumn {name: radial_velocity}
# schema: astropy-2.0
ra,dec,distance,pm_ra_cosdec,pm_dec,radial_velocity
[from data line 260]
21.975182814768687,-24.30707849123281,20.0,0.0,0.0,0.0
21.986292108189428,-24.309215720909847,20.000000000000004,0.0,0.0,0.0
21.997398348170062,-24.311358368087223,20.0,0.0,0.0,0.0
22.008501533862816,-24.313506437265275,20.000000000000007,0.0,0.0,0.0
22.019601664421035,-24.315659932944897,20.0,0.0,0.0,0.0
22.03069873899922,-24.317818859627447,20.000000000000004,0.0,0.0,0.0
22.041792756753004,-24.319983221814848,20.0,0.0,0.0,0.0
22.05288371683916,-24.322153024009538,20.0,0.0,0.0,0.0
22.063971618415582,-24.32432827071443,20.0,0.0,0.0,0.0
22.075056460641328,-24.326508966433003,20.000000000000004,0.0,0.0,0.0
22.08613824267656,-24.328695115669216,20.000000000000004,0.0,0.0,0.0
22.097216963682587,-24.330886722927556,20.0,0.0,0.0,0.0
22.10829262282185,-24.33308379271303,19.999999999999996,0.0,0.0,0.0
22.11936521925792,-24.33528632953115,19.999999999999996,0.0,0.0,0.0
22.130434752155487,-24.33749433788795,20.0,0.0,0.0,0.0
22.141501220680375,-24.339707822289956,20.000000000000004,0.0,0.0,0.0
22.152564623999563,-24.341926787244248,20.0,0.0,0.0,0.0
22.16362496128111,-24.344151237258377,20.000000000000004,0.0,0.0,0.0
22.174682231694224,-24.346381176840413,20.000000000000004,0.0,0.0,0.0
22.185736434409243,-24.34861661049896,20.000000000000004,0.0,0.0,0.0
22.196787568597614,-24.350857542743118,20.000000000000004,0.0,0.0,0.0
22.20783563343192,-24.353103978082494,19.999999999999996,0.0,0.0,0.0
22.218880628085852,-24.355355921027204,20.0,0.0,0.0,0.0
22.229922551734237,-24.357613376087883,20.0,0.0,0.0,0.0
22.240961403552998,-24.359876347775668,20.0,0.0,0.0,0.0
22.2519971827192,-24.362144840602195,20.0,0.0,0.0,0.0
22.263029888411012,-24.364418859079645,20.000000000000004,0.0,0.0,0.0
22.27405951980772,-24.36669840772065,20.000000000000004,0.0,0.0,0.0
22.285086076089733,-24.368983491038403,20.000000000000004,0.0,0.0,0.0
22.296109556438562,-24.371274113546562,20.000000000000007,0.0,0.0,0.0
22.30712996003684,-24.373570279759317,20.0,0.0,0.0,0.0
22.318147286068296,-24.37587199419135,20.000000000000004,0.0,0.0,0.0
22.3291615337178,-24.378179261357857,20.0,0.0,0.0,0.0
22.340172702171298,-24.38049208577453,20.0,0.0,0.0,0.0
22.351180790615867,-24.382810471957566,20.000000000000007,0.0,0.0,0.0
22.362185798239686,-24.385134424423683,20.0,0.0,0.0,0.0
22.373187724232032,-24.387463947690073,20.0,0.0,0.0,0.0
22.384186567783296,-24.389799046274447,20.0,0.0,0.0,0.0
22.395182328084974,-24.392139724695028,20.0,0.0,0.0,0.0
22.406175004329658,-24.39448598747051,20.0,0.0,0.0,0.0
22.417164595711053,-24.396837839120128,20.0,0.0,0.0,0.0
22.428151101423943,-24.39919528416357,20.000000000000004,0.0,0.0,0.0
22.439134520664243,-24.401558327121077,20.0,0.0,0.0,0.0
22.450114852628946,-24.40392697251335,19.999999999999996,0.0,0.0,0.0
22.461092096516147,-24.40630122486161,20.0,0.0,0.0,0.0
22.472066251525025,-24.408681088687555,20.0,0.0,0.0,0.0
22.483037316855885,-24.411066568513412,20.0,0.0,0.0,0.0
22.49400529171011,-24.413457668861884,20.0,0.0,0.0,0.0
22.504970175290158,-24.415854394256176,20.0,0.0,0.0,0.0
22.515931966799613,-24.418256749219978,20.0,0.0,0.0,0.0
22.526890665443123,-24.420664738277512,20.0,0.0,0.0,0.0
22.537846270426435,-24.423078365953454,20.000000000000004,0.0,0.0,0.0
22.548798780956393,-24.425497636773002,20.000000000000007,0.0,0.0,0.0
22.55974819624092,-24.42792255526184,20.0,0.0,0.0,0.0
22.570694515489027,-24.430353125946144,20.000000000000004,0.0,0.0,0.0
22.581637737910818,-24.432789353352597,20.0,0.0,0.0,0.0
22.592577862717466,-24.43523124200835,20.0,0.0,0.0,0.0
22.603514889121232,-24.437678796441062,20.000000000000004,0.0,0.0,0.0
22.614448816335464,-24.440132021178893,20.0,0.0,0.0,0.0
22.625379643574608,-24.44259092075049,20.000000000000007,0.0,0.0,0.0
22.636307370054155,-24.445055499684983,20.0,0.0,0.0,0.0
22.647231994990694,-24.447525762511994,20.000000000000004,0.0,0.0,0.0
22.658153517601892,-24.450001713761644,20.0,0.0,0.0,0.0
22.66907193710649,-24.452483357964528,20.0,0.0,0.0,0.0
22.67998725272431,-24.454970699651778,19.999999999999996,0.0,0.0,0.0
22.690899463676224,-24.457463743354914,20.000000000000004,0.0,0.0,0.0
22.70180856918422,-24.459962493606074,20.0,0.0,0.0,0.0
22.712714568471327,-24.46246695493778,20.0,0.0,0.0,0.0
22.723617460761638,-24.4649771318831,20.000000000000004,0.0,0.0,0.0
22.734517245280344,-24.467493028975557,20.000000000000004,0.0,0.0,0.0
22.745413921253697,-24.470014650749192,19.999999999999993,0.0,0.0,0.0
22.75630748790898,-24.472542001738482,20.0,0.0,0.0,0.0
22.7671979444746,-24.47507508647844,20.0,0.0,0.0,0.0
22.778085290179988,-24.477613909504548,20.000000000000004,0.0,0.0,0.0
22.788969524255663,-24.480158475352766,20.0,0.0,0.0,0.0
22.799850645933184,-24.482708788559542,20.0,0.0,0.0,0.0
22.81072865444519,-24.485264853661807,20.0,0.0,0.0,0.0
22.821603549025365,-24.48782667519697,20.000000000000007,0.0,0.0,0.0
22.83247532890849,-24.490394257702942,20.000000000000004,0.0,0.0,0.0
22.843343993330333,-24.49296760571809,19.999999999999996,0.0,0.0,0.0
22.854209541527787,-24.495546723781263,20.000000000000004,0.0,0.0,0.0
22.865071972738782,-24.49813161643183,20.000000000000004,0.0,0.0,0.0
22.87593128620228,-24.5007222882096,20.0,0.0,0.0,0.0
22.88678748115832,-24.503318743654876,20.0,0.0,0.0,0.0
22.897640556847985,-24.505920987308443,20.0,0.0,0.0,0.0
22.908490512513403,-24.508529023711553,20.000000000000004,0.0,0.0,0.0
22.91933734739777,-24.511142857405964,20.0,0.0,0.0,0.0
22.93018106074532,-24.513762492933882,20.000000000000004,0.0,0.0,0.0
22.94102165180133,-24.516387934838,20.0,0.0,0.0,0.0
22.951859119812124,-24.5190191876615,20.0,0.0,0.0,0.0
22.962693464025076,-24.521656255948034,20.000000000000004,0.0,0.0,0.0
22.97352468368861,-24.524299144241713,20.000000000000004,0.0,0.0,0.0
22.98435277805218,-24.52694785708715,20.000000000000004,0.0,0.0,0.0
22.995177746366295,-24.529602399029432,20.0,0.0,0.0,0.0
23.005999587882492,-24.532262774614093,20.000000000000004,0.0,0.0,0.0
23.016818301853355,-24.534928988387172,20.0,0.0,0.0,0.0
23.02763388753249,-24.53760104489516,20.000000000000004,0.0,0.0,0.0
23.038446344174577,-24.540278948685035,20.0,0.0,0.0,0.0
23.04925567103529,-24.542962704304237,20.0,0.0,0.0,0.0
23.060061867371356,-24.54565231630069,20.0,0.0,0.0,0.0
23.07086493244054,-24.548347789222777,20.000000000000004,0.0,0.0,0.0
23.08166486550164,-24.55104912761938,20.0,0.0,0.0,0.0
23.092461665814465,-24.5537563360398,20.0,0.0,0.0,0.0
23.10325533263987,-24.556469419033863,20.0,0.0,0.0,0.0
23.114045865239746,-24.55918838115183,20.000000000000004,0.0,0.0,0.0
23.124833262876987,-24.561913226944448,20.0,0.0,0.0,0.0
23.13561752481553,-24.56464396096292,20.000000000000004,0.0,0.0,0.0
23.146398650320336,-24.56738058775893,20.0,0.0,0.0,0.0
23.157176638657386,-24.570123111884623,20.0,0.0,0.0,0.0
23.167951489093685,-24.572871537892603,20.000000000000007,0.0,0.0,0.0
23.17872320089725,-24.575625870335962,20.0,0.0,0.0,0.0
23.189491773337135,-24.578386113768246,20.000000000000004,0.0,0.0,0.0
23.2002572056834,-24.581152272743466,20.0,0.0,0.0,0.0
23.21101949720712,-24.583924351816098,20.0,0.0,0.0,0.0
23.221778647180386,-24.586702355541068,20.000000000000004,0.0,0.0,0.0
23.232534654876332,-24.589486288473807,20.0,0.0,0.0,0.0
23.243287519569062,-24.592276155170175,20.000000000000007,0.0,0.0,0.0
23.25403724053372,-24.595071960186505,19.999999999999996,0.0,0.0,0.0
23.264783817046446,-24.597873708079593,20.0,0.0,0.0,0.0
23.275527248384407,-24.600681403406696,20.0,0.0,0.0,0.0
23.286267533825765,-24.603495050725538,20.000000000000004,0.0,0.0,0.0
23.2970046726497,-24.6063146545943,20.000000000000004,0.0,0.0,0.0
23.30773866413638,-24.60914021957162,20.000000000000004,0.0,0.0,0.0
23.31846950756699,-24.6119717502166,20.0,0.0,0.0,0.0
23.32919720222373,-24.614809251088822,20.000000000000004,0.0,0.0,0.0
23.339921747389777,-24.617652726748272,20.0,0.0,0.0,0.0
23.350643142349327,-24.620502181755466,20.0,0.0,0.0,0.0
23.361361386387568,-24.623357620671307,20.000000000000004,0.0,0.0,0.0
23.372076478790692,-24.626219048057223,20.000000000000004,0.0,0.0,0.0
23.38278841884587,-24.62908646847504,20.0,0.0,0.0,0.0
23.393497205841307,-24.631959886487095,20.000000000000004,0.0,0.0,0.0
23.404202839066166,-24.634839306656133,20.0,0.0,0.0,0.0
23.414905317810618,-24.63772473354539,20.000000000000004,0.0,0.0,0.0
23.42560464136582,-24.640616171718527,20.000000000000007,0.0,0.0,0.0
23.43630080902393,-24.6435136257397,20.000000000000004,0.0,0.0,0.0
23.44699382007808,-24.646417100173466,20.000000000000004,0.0,0.0,0.0
23.457683673822416,-24.649326599584896,20.000000000000004,0.0,0.0,0.0
23.46837036955204,-24.65224212853946,20.0,0.0,0.0,0.0
23.479053906563056,-24.65516369160311,20.0,0.0,0.0,0.0
23.489734284152547,-24.65809129334223,20.000000000000007,0.0,0.0,0.0
23.500411501618593,-24.66102493832372,20.0,0.0,0.0,0.0
23.51108555826023,-24.663964631114812,20.000000000000007,0.0,0.0,0.0
23.521756453377503,-24.6669103762833,20.0,0.0,0.0,0.0
23.532424186271406,-24.669862178397377,20.0,0.0,0.0,0.0
23.54308875624394,-24.672820042025702,20.000000000000004,0.0,0.0,0.0
23.553750162598057,-24.675783971737356,20.0,0.0,0.0,0.0
23.564408404637692,-24.678753972101887,20.000000000000004,0.0,0.0,0.0
23.575063481667776,-24.681730047689328,19.999999999999996,0.0,0.0,0.0
23.585715392994175,-24.684712203070074,20.000000000000004,0.0,0.0,0.0
23.596364137923754,-24.68770044281506,20.0,0.0,0.0,0.0
23.607009715764324,-24.690694771495593,20.000000000000004,0.0,0.0,0.0
23.617652125824694,-24.693695193683475,20.000000000000007,0.0,0.0,0.0
23.628291367414626,-24.69670171395093,20.0,0.0,0.0,0.0
23.63892743984483,-24.69971433687063,20.0,0.0,0.0,0.0
23.649560342427012,-24.702733067015703,19.999999999999996,0.0,0.0,0.0
23.66019007447381,-24.705757908959697,20.000000000000004,0.0,0.0,0.0
23.67081663529885,-24.708788867276642,20.0,0.0,0.0,0.0
23.681440024216702,-24.711825946540973,20.0,0.0,0.0,0.0
23.692060240542897,-24.71486915132758,20.000000000000004,0.0,0.0,0.0
23.702677283593935,-24.717918486211804,20.0,0.0,0.0,0.0
23.71329115268726,-24.720973955769413,20.0,0.0,0.0,0.0
23.723901847141278,-24.724035564576646,20.000000000000004,0.0,0.0,0.0
23.734509366275336,-24.72710331721013,20.0,0.0,0.0,0.0
23.745113709409754,-24.73017721824699,20.000000000000004,0.0,0.0,0.0
23.755714875865777,-24.733257272264737,20.0,0.0,0.0,0.0
23.766312864965627,-24.73634348384136,20.0,0.0,0.0,0.0
23.77690767603246,-24.73943585755528,20.0,0.0,0.0,0.0
23.787499308390373,-24.742534397985345,20.0,0.0,0.0,0.0
23.798087761364414,-24.745639109710826,20.0,0.0,0.0,0.0
23.80867303428058,-24.748749997311474,19.999999999999996,0.0,0.0,0.0
23.819255126465805,-24.75186706536744,20.0,0.0,0.0,0.0
23.829834037247963,-24.754990318459313,20.0,0.0,0.0,0.0
23.840409765955876,-24.758119761168146,20.0,0.0,0.0,0.0
23.850982311919285,-24.761255398075395,20.0,0.0,0.0,0.0
23.861551674468902,-24.764397233762974,20.0,0.0,0.0,0.0
23.872117852936388,-24.767545272813233,20.000000000000004,0.0,0.0,0.0
23.88268084665421,-24.77069951980889,20.0,0.0,0.0,0.0
23.893240654955918,-24.77385997933318,20.000000000000004,0.0,0.0,0.0
23.90379727717591,-24.77702665596973,20.0,0.0,0.0,0.0
23.914350712649576,-24.78019955430262,20.000000000000007,0.0,0.0,0.0
23.92490096071319,-24.783378678916336,20.0,0.0,0.0,0.0
23.93544802070395,-24.78656403439581,20.0,0.0,0.0,0.0
23.945991891960002,-24.789755625326393,20.000000000000004,0.0,0.0,0.0
23.956532573820414,-24.79295345629388,20.0,0.0,0.0,0.0
23.96707006562516,-24.796157531884486,20.000000000000004,0.0,0.0,0.0
23.97760436671515,-24.79936785668486,20.000000000000004,0.0,0.0,0.0
23.98813547643221,-24.80258443528208,20.0,0.0,0.0,0.0
23.998663394119085,-24.80580727226363,20.000000000000004,0.0,0.0,0.0
24.009188119119436,-24.809036372217445,20.0,0.0,0.0,0.0
24.019709650777834,-24.812271739731894,20.000000000000004,0.0,0.0,0.0
24.03022798843978,-24.815513379395735,20.000000000000004,0.0,0.0,0.0
24.040743131451684,-24.818761295798193,20.000000000000004,0.0,0.0,0.0
24.05125507916085,-24.822015493528887,20.0,0.0,0.0,0.0
24.061763830915506,-24.82527597717788,20.000000000000004,0.0,0.0,0.0
24.072269386064793,-24.828542751335654,20.0,0.0,0.0,0.0
24.082771743958745,-24.831815820593103,20.0,0.0,0.0,0.0
24.09327090394832,-24.835095189541544,20.0,0.0,0.0,0.0
24.103766865385374,-24.838380862772755,20.0,0.0,0.0,0.0
24.114259627622637,-24.841672844878882,20.0,0.0,0.0,0.0
24.12474919001379,-24.84497114045251,20.000000000000004,0.0,0.0,0.0
24.13523555191339,-24.84827575408667,20.000000000000004,0.0,0.0,0.0
24.14571871267687,-24.85158669037479,20.000000000000004,0.0,0.0,0.0
24.1561986716606,-24.854903953910718,20.000000000000004,0.0,0.0,0.0
24.16667542822183,-24.858227549288728,20.0,0.0,0.0,0.0
24.17714898171868,-24.8615574811035,20.0,0.0,0.0,0.0
24.1876193315102,-24.864893753950152,20.0,0.0,0.0,0.0
24.19808647695631,-24.868236372424203,20.000000000000007,0.0,0.0,0.0
24.208550417417825,-24.87158534112161,20.000000000000004,0.0,0.0,0.0
24.21901115225645,-24.8749406646387,20.0,0.0,0.0,0.0
24.229468680834778,-24.878302347572287,20.000000000000004,0.0,0.0,0.0
24.239923002516264,-24.88167039451953,20.000000000000004,0.0,0.0,0.0
24.250374116665295,-24.88504481007807,20.0,0.0,0.0,0.0
24.260822022647083,-24.888425598845885,19.999999999999996,0.0,0.0,0.0
24.271266719827757,-24.891812765421435,20.000000000000007,0.0,0.0,0.0
24.281708207574333,-24.89520631440357,20.0,0.0,0.0,0.0
24.292146485254666,-24.89860625039154,20.0,0.0,0.0,0.0
24.302581552237523,-24.902012577985023,20.0,0.0,0.0,0.0
24.313013407892534,-24.905425301784092,20.0,0.0,0.0,0.0
24.323442051590177,-24.90884442638926,20.000000000000004,0.0,0.0,0.0
24.33386748270186,-24.912269956401424,20.0,0.0,0.0,0.0
24.344289700599795,-24.9157018964219,20.000000000000004,0.0,0.0,0.0
24.354708704657106,-24.919140251052415,20.000000000000004,0.0,0.0,0.0
24.365124494247784,-24.92258502489512,20.0,0.0,0.0,0.0
24.375537068746652,-24.926036222552547,20.0,0.0,0.0,0.0
24.385946427529426,-24.92949384862764,20.0,0.0,0.0,0.0
24.396352569972677,-24.93295790772377,20.000000000000004,0.0,0.0,0.0
24.406755495453833,-24.93642840444471,20.0,0.0,0.0,0.0
24.417155203351196,-24.93990534339463,20.0,0.0,0.0,0.0
24.427551693043906,-24.943388729178103,20.0,0.0,0.0,0.0
24.437944963911967,-24.94687856640012,19.999999999999996,0.0,0.0,0.0
24.44833501533623,-24.950374859666066,20.0,0.0,0.0,0.0
24.458721846698428,-24.953877613581746,20.000000000000004,0.0,0.0,0.0
24.469105457381115,-24.957386832753354,20.0,0.0,0.0,0.0
24.479485846767698,-24.960902521787492,20.000000000000004,0.0,0.0,0.0
24.48986301424246,-24.964424685291167,20.0,0.0,0.0,0.0
24.50023695919048,-24.96795332787177,20.0,0.0,0.0,0.0
24.51060768099775,-24.971488454137145,20.0,0.0,0.0,0.0
24.520975179051042,-24.975030068695464,20.000000000000004,0.0,0.0,0.0
24.531339452738013,-24.97857817615537,20.0,0.0,0.0,0.0
24.541700501447124,-24.98213278112585,20.0,0.0,0.0,0.0
24.552058324567728,-24.985693888216336,20.000000000000004,0.0,0.0,0.0
24.562412921489965,-24.989261502036626,20.0,0.0,0.0,0.0
24.572764291604827,-24.992835627196925,20.000000000000004,0.0,0.0,0.0
24.583112434304148,-24.99641626830784,20.0,0.0,0.0,0.0
24.59345734898059,-25.00000342998039,20.000000000000004,0.0,0.0,0.0
24.603799035027645,-25.00359711682596,20.0,0.0,0.0,0.0
24.61413749183964,-25.00719733345636,20.0,0.0,0.0,0.0
24.624472718811717,-25.01080408448377,20.000000000000004,0.0,0.0,0.0
24.634804715339868,-25.01441737452079,20.0,0.0,0.0,0.0
24.645133480820885,-25.018037208180406,20.0,0.0,0.0,0.0
24.655459014652394,-25.021663590075978,20.0,0.0,0.0,0.0
24.665781316232835,-25.025296524821293,20.0,0.0,0.0,0.0
24.676100384961487,-25.028936017030514,20.000000000000004,0.0,0.0,0.0
24.68641622023843,-25.032582071318195,19.999999999999993,0.0,0.0,0.0
24.69672882146457,-25.036234692299296,20.000000000000004,0.0,0.0,0.0
24.70703818804161,-25.039893884589144,20.0,0.0,0.0,0.0
24.717344319372106,-25.04355965280348,20.0,0.0,0.0,0.0
24.727647214859374,-25.047232001558417,19.999999999999996,0.0,0.0,0.0
24.737946873907575,-25.050910935470483,20.000000000000004,0.0,0.0,0.0
