galstreams/tracks/track.po.Scamander.grillmair2017.ecsv
# %ECSV 0.9
# ---
# datatype:
# - {name: ra, unit: deg, datatype: float64}
# - {name: dec, unit: deg, datatype: float64}
# - {name: distance, unit: kpc, datatype: float64}
# - {name: pm_ra_cosdec, unit: mas / yr, datatype: float64}
# - {name: pm_dec, unit: mas / yr, datatype: float64}
# - {name: radial_velocity, unit: km / s, datatype: float64}
# delimiter: ','
# meta: !!omap
# - __serialized_columns__:
#     dec:
#       __class__: astropy.coordinates.angles.Latitude
#       unit: &id001 !astropy.units.Unit {unit: deg}
#       value: !astropy.table.SerializedColumn {name: dec}
#     distance:
#       __class__: astropy.coordinates.distances.Distance
#       unit: !astropy.units.Unit {unit: kpc}
#       value: !astropy.table.SerializedColumn {name: distance}
#     pm_dec:
#       __class__: astropy.units.quantity.Quantity
#       unit: !astropy.units.Unit {unit: mas / yr}
#       value: !astropy.table.SerializedColumn {name: pm_dec}
#     pm_ra_cosdec:
#       __class__: astropy.units.quantity.Quantity
#       unit: !astropy.units.Unit {unit: mas / yr}
#       value: !astropy.table.SerializedColumn {name: pm_ra_cosdec}
#     ra:
#       __class__: astropy.coordinates.angles.Longitude
#       unit: *id001
#       value: !astropy.table.SerializedColumn {name: ra}
#       wrap_angle: !astropy.coordinates.Angle
#         unit: *id001
#         value: 360.0
#     radial_velocity:
#       __class__: astropy.units.quantity.Quantity
#       unit: !astropy.units.Unit {unit: km / s}
#       value: !astropy.table.SerializedColumn {name: radial_velocity}
# schema: astropy-2.0
ra,dec,distance,pm_ra_cosdec,pm_dec,radial_velocity
[from data line 6264]
144.0623826498672,41.80085139622423,21.000000000000018,0.0,0.0,0.0
144.06051900281508,41.81075598432897,21.000000000000014,0.0,0.0,0.0
144.0586547793607,41.8206605423028,21.000000000000018,0.0,0.0,0.0
144.0567899791269,41.830565070125914,21.000000000000014,0.0,0.0,0.0
144.05492460173625,41.840469567778484,21.000000000000018,0.0,0.0,0.0
144.0530586468109,41.850374035240684,21.000000000000018,0.0,0.0,0.0
144.05119211397286,41.86027847249264,21.000000000000018,0.0,0.0,0.0
144.04932500284374,41.87018287951449,21.000000000000014,0.0,0.0,0.0
144.0474573130449,41.88008725628635,21.000000000000018,0.0,0.0,0.0
144.04558904419733,41.88999160278831,21.000000000000018,0.0,0.0,0.0
144.04372019592182,41.89989591900046,21.000000000000014,0.0,0.0,0.0
144.04185076783875,41.90980020490285,21.000000000000018,0.0,0.0,0.0
144.0399807595683,41.91970446047555,21.000000000000014,0.0,0.0,0.0
144.0381101707303,41.92960868569858,21.000000000000018,0.0,0.0,0.0
144.03623900094422,41.939512880551966,21.000000000000014,0.0,0.0,0.0
144.0343672498294,41.9494170450157,21.000000000000018,0.0,0.0,0.0
144.03249491700464,41.959321179069775,21.000000000000018,0.0,0.0,0.0
144.03062200208862,41.96922528269416,21.000000000000018,0.0,0.0,0.0
144.02874850469968,41.97912935586879,21.000000000000018,0.0,0.0,0.0
144.02687442445583,41.98903339857364,21.000000000000018,0.0,0.0,0.0
144.02499976097474,41.998937410788606,21.000000000000018,0.0,0.0,0.0
144.02312451387382,42.008841392493586,21.000000000000018,0.0,0.0,0.0
144.02124868277025,42.01874534366849,21.000000000000018,0.0,0.0,0.0
144.01937226728074,42.028649264293165,21.000000000000018,0.0,0.0,0.0
144.01749526702184,42.03855315434752,21.000000000000018,0.0,0.0,0.0
144.01561768160974,42.04845701381132,21.000000000000018,0.0,0.0,0.0
144.01373951066026,42.058360842664456,21.00000000000002,0.0,0.0,0.0
144.01186075378902,42.068264640886696,21.000000000000018,0.0,0.0,0.0
144.00998141061132,42.07816840845786,21.000000000000018,0.0,0.0,0.0
144.00810148074206,42.08807214535769,21.000000000000018,0.0,0.0,0.0
144.00622096379595,42.09797585156598,21.00000000000002,0.0,0.0,0.0
144.00433985938727,42.107879527062465,21.000000000000018,0.0,0.0,0.0
144.00245816713016,42.117783171826844,21.000000000000018,0.0,0.0,0.0
144.0005758866383,42.12768678583887,21.000000000000018,0.0,0.0,0.0
143.9986930175251,42.13759036907822,21.000000000000018,0.0,0.0,0.0
143.9968095594037,42.14749392152456,21.000000000000018,0.0,0.0,0.0
143.99492551188692,42.157397443157585,21.00000000000002,0.0,0.0,0.0
143.99304087458722,42.167300933956895,21.000000000000018,0.0,0.0,0.0
143.99115564711687,42.17720439390215,21.00000000000002,0.0,0.0,0.0
143.98926982908768,42.187107822972955,21.00000000000002,0.0,0.0,0.0
143.98738342011117,42.197011221148905,21.00000000000002,0.0,0.0,0.0
143.98549641979875,42.206914588409596,21.00000000000002,0.0,0.0,0.0
143.98360882776123,42.21681792473457,21.000000000000025,0.0,0.0,0.0
143.98172064360935,42.22672123010338,21.000000000000025,0.0,0.0,0.0
143.97983186695336,42.236624504495566,21.000000000000025,0.0,0.0,0.0
143.97794249740332,42.246527747890624,21.00000000000002,0.0,0.0,0.0
143.97605253456888,42.25643096026808,21.00000000000002,0.0,0.0,0.0
143.9741619780595,42.26633414160737,21.000000000000025,0.0,0.0,0.0
143.97227082748424,42.27623729188801,21.000000000000025,0.0,0.0,0.0
143.97037908245187,42.28614041108943,21.000000000000025,0.0,0.0,0.0
143.96848674257078,42.296043499191036,21.000000000000025,0.0,0.0,0.0
143.96659380744916,42.30594655617227,21.000000000000025,0.0,0.0,0.0
143.96470027669486,42.31584958201255,21.00000000000002,0.0,0.0,0.0
143.9628061499153,42.32575257669121,21.00000000000002,0.0,0.0,0.0
143.9609114267178,42.33565554018763,21.000000000000025,0.0,0.0,0.0
143.95901610670913,42.34555847248117,21.00000000000002,0.0,0.0,0.0
143.9571201894959,42.35546137355117,21.000000000000018,0.0,0.0,0.0
143.95522367468436,42.36536424337693,21.000000000000025,0.0,0.0,0.0
143.9533265618805,42.37526708193773,21.00000000000002,0.0,0.0,0.0
143.9514288506898,42.38516988921289,21.00000000000002,0.0,0.0,0.0
143.9495305407177,42.39507266518165,21.00000000000002,0.0,0.0,0.0
143.94763163156907,42.40497540982327,21.00000000000003,0.0,0.0,0.0
143.94573212284865,42.41487812311697,21.00000000000003,0.0,0.0,0.0
143.9438320141608,42.42478080504198,21.00000000000003,0.0,0.0,0.0
143.9419313051095,42.43468345557749,21.00000000000003,0.0,0.0,0.0
143.9400299952985,42.444586074702684,21.000000000000025,0.0,0.0,0.0
143.93812808433117,42.45448866239671,21.000000000000025,0.0,0.0,0.0
143.9362255718106,42.464391218638724,21.00000000000003,0.0,0.0,0.0
143.93432245733956,42.47429374340788,21.00000000000003,0.0,0.0,0.0
143.93241874052046,42.484196236683246,21.00000000000003,0.0,0.0,0.0
143.93051442095543,42.49409869844395,21.00000000000003,0.0,0.0,0.0
143.92860949824626,42.504001128669074,21.00000000000003,0.0,0.0,0.0
143.92670397199444,42.51390352733767,21.00000000000003,0.0,0.0,0.0
143.92479784180114,42.52380589442878,21.000000000000025,0.0,0.0,0.0
143.92289110726716,42.53370822992144,21.000000000000025,0.0,0.0,0.0
143.92098376799305,42.54361053379466,21.000000000000025,0.0,0.0,0.0
143.91907582357894,42.55351280602742,21.00000000000003,0.0,0.0,0.0
143.91716727362478,42.56341504659873,21.00000000000003,0.0,0.0,0.0
143.91525811773008,42.57331725548753,21.00000000000003,0.0,0.0,0.0
143.91334835549404,42.58321943267274,21.00000000000003,0.0,0.0,0.0
143.9114379865156,42.59312157813335,21.000000000000025,0.0,0.0,0.0
143.90952701039333,42.6030236918482,21.00000000000003,0.0,0.0,0.0
143.90761542672547,42.61292577379623,21.00000000000003,0.0,0.0,0.0
143.90570323510994,42.62282782395629,21.00000000000003,0.0,0.0,0.0
143.9037904351444,42.632729842307256,21.00000000000003,0.0,0.0,0.0
143.90187702642606,42.642631828827945,21.00000000000003,0.0,0.0,0.0
143.8999630085519,42.65253378349719,21.00000000000003,0.0,0.0,0.0
143.89804838111857,42.662435706293806,21.00000000000003,0.0,0.0,0.0
143.89613314372235,42.67233759719658,21.00000000000003,0.0,0.0,0.0
143.89421729595927,42.68223945618428,21.00000000000003,0.0,0.0,0.0
143.8923008374249,42.69214128323564,21.000000000000032,0.0,0.0,0.0
143.8903837677146,42.702043078329446,21.00000000000003,0.0,0.0,0.0
143.8884660864234,42.711944841444364,21.00000000000003,0.0,0.0,0.0
143.88654779314592,42.72184657255912,21.00000000000003,0.0,0.0,0.0
143.8846288874765,42.73174827165243,21.00000000000003,0.0,0.0,0.0
143.88270936900923,42.7416499387029,21.00000000000003,0.0,0.0,0.0
143.88078923733772,42.751551573689234,21.00000000000003,0.0,0.0,0.0
143.87886849205535,42.761453176590024,21.00000000000003,0.0,0.0,0.0
143.87694713275516,42.77135474738392,21.00000000000003,0.0,0.0,0.0
143.8750251590298,42.781256286049484,21.000000000000032,0.0,0.0,0.0
143.87310257047167,42.791157792565336,21.000000000000032,0.0,0.0,0.0
143.87117936667283,42.80105926691001,21.000000000000032,0.0,0.0,0.0
143.86925554722495,42.81096070906206,21.00000000000003,0.0,0.0,0.0
143.86733111171944,42.82086211900001,21.000000000000032,0.0,0.0,0.0
143.8654060597473,42.830763496702396,21.00000000000003,0.0,0.0,0.0
143.86348039089927,42.840664842147675,21.00000000000003,0.0,0.0,0.0
143.86155410476573,42.85056615531433,21.00000000000003,0.0,0.0,0.0
143.85962720093673,42.86046743618084,21.00000000000003,0.0,0.0,0.0
143.85769967900197,42.87036868472564,21.00000000000003,0.0,0.0,0.0
143.85577153855084,42.88026990092713,21.00000000000003,0.0,0.0,0.0
143.8538427791724,42.89017108476374,21.00000000000003,0.0,0.0,0.0
143.85191340045537,42.90007223621383,21.000000000000032,0.0,0.0,0.0
143.84998340198808,42.90997335525581,21.000000000000032,0.0,0.0,0.0
143.84805278335864,42.91987444186799,21.000000000000036,0.0,0.0,0.0
143.84612154415476,42.92977549602872,21.000000000000032,0.0,0.0,0.0
143.84418968396378,42.93967651771633,21.000000000000036,0.0,0.0,0.0
143.84225720237274,42.9495775069091,21.000000000000036,0.0,0.0,0.0
143.84032409896838,42.95947846358533,21.000000000000032,0.0,0.0,0.0
143.83839037333706,42.96937938772325,21.000000000000032,0.0,0.0,0.0
143.83645602506476,42.97928027930114,21.000000000000036,0.0,0.0,0.0
143.83452105373726,42.98918113829722,21.000000000000032,0.0,0.0,0.0
143.8325854589399,42.99908196468968,21.000000000000036,0.0,0.0,0.0
143.83064924025766,43.00898275845673,21.000000000000036,0.0,0.0,0.0
143.82871239727527,43.01888351957654,21.000000000000036,0.0,0.0,0.0
143.826774929577,43.02878424802727,21.000000000000032,0.0,0.0,0.0
143.82483683674693,43.03868494378704,21.000000000000036,0.0,0.0,0.0
143.82289811836873,43.048585606833996,21.000000000000036,0.0,0.0,0.0
143.82095877402568,43.05848623714622,21.000000000000036,0.0,0.0,0.0
143.81901880330082,43.06838683470181,21.000000000000036,0.0,0.0,0.0
143.81707820577677,43.07828739947883,21.000000000000036,0.0,0.0,0.0
143.81513698103583,43.08818793145531,21.000000000000032,0.0,0.0,0.0
143.81319512865997,43.0980884306093,21.000000000000036,0.0,0.0,0.0
143.81125264823083,43.10798889691879,21.000000000000036,0.0,0.0,0.0
143.8093095393297,43.11788933036182,21.000000000000032,0.0,0.0,0.0
143.8073658015375,43.12778973091631,21.000000000000036,0.0,0.0,0.0
143.80542143443483,43.13769009856025,21.000000000000036,0.0,0.0,0.0
143.80347643760197,43.14759043327159,21.000000000000036,0.0,0.0,0.0
143.80153081061883,43.15749073502821,21.000000000000036,0.0,0.0,0.0
143.799584553065,43.167391003808056,21.000000000000036,0.0,0.0,0.0
143.79763766451967,43.17729123958899,21.000000000000036,0.0,0.0,0.0
143.79569014456172,43.18719144234887,21.000000000000036,0.0,0.0,0.0
143.79374199276972,43.19709161206556,21.000000000000032,0.0,0.0,0.0
143.79179320872188,43.206991748716895,21.000000000000036,0.0,0.0,0.0
143.78984379199602,43.216891852280696,21.00000000000003,0.0,0.0,0.0
143.78789374216967,43.226791922734726,21.000000000000032,0.0,0.0,0.0
143.78594305881992,43.23669196005677,21.000000000000032,0.0,0.0,0.0
143.7839917415237,43.2465919642246,21.000000000000032,0.0,0.0,0.0
143.78203978985738,43.25649193521594,21.000000000000032,0.0,0.0,0.0
143.7800872033971,43.266391873008516,21.000000000000036,0.0,0.0,0.0
143.77813398171867,43.27629177758004,21.000000000000032,0.0,0.0,0.0
143.77618012439748,43.28619164890817,21.000000000000036,0.0,0.0,0.0
143.77422563100862,43.296091486970596,21.000000000000032,0.0,0.0,0.0
143.77227050112677,43.305991291744974,21.000000000000036,0.0,0.0,0.0
143.77031473432643,43.315891063208895,21.000000000000032,0.0,0.0,0.0
143.7683583301815,43.32579080133999,21.000000000000032,0.0,0.0,0.0
143.76640128826574,43.335690506115846,21.000000000000036,0.0,0.0,0.0
143.76444360815245,43.34559017751406,21.000000000000032,0.0,0.0,0.0
143.76248528941463,43.355489815512136,21.00000000000004,0.0,0.0,0.0
143.76052633162487,43.36538942008765,21.00000000000004,0.0,0.0,0.0
143.7585667343555,43.37528899121811,21.00000000000004,0.0,0.0,0.0
143.75660649717844,43.38518852888102,21.00000000000004,0.0,0.0,0.0
143.7546456196652,43.395088033053845,21.000000000000036,0.0,0.0,0.0
143.75268410138713,43.40498750371405,21.000000000000036,0.0,0.0,0.0
143.750721941915,43.41488694083908,21.000000000000036,0.0,0.0,0.0
143.74875914081937,43.42478634440636,21.000000000000036,0.0,0.0,0.0
143.74679569767042,43.43468571439332,21.00000000000004,0.0,0.0,0.0
143.7448316120379,43.444585050777306,21.00000000000004,0.0,0.0,0.0
143.74286688349133,43.45448435353569,21.00000000000004,0.0,0.0,0.0
143.7409015115998,43.46438362264584,21.00000000000004,0.0,0.0,0.0
143.73893549593203,43.474282858085076,21.00000000000004,0.0,0.0,0.0
143.7369688360565,43.48418205983073,21.000000000000036,0.0,0.0,0.0
143.73500153154114,43.494081227860065,21.00000000000004,0.0,0.0,0.0
143.7330335819537,43.50398036215037,21.00000000000004,0.0,0.0,0.0
143.73106498686153,43.513879462678894,21.00000000000004,0.0,0.0,0.0
143.7290957458315,43.523778529422884,21.00000000000004,0.0,0.0,0.0
143.72712585843033,43.53367756235955,21.000000000000036,0.0,0.0,0.0
143.72515532422423,43.54357656146608,21.00000000000004,0.0,0.0,0.0
143.72318414277913,43.553475526719666,21.00000000000004,0.0,0.0,0.0
143.72121231366052,43.56337445809748,21.000000000000036,0.0,0.0,0.0
143.71923983643364,43.57327335557664,21.000000000000036,0.0,0.0,0.0
143.7172667106633,43.58317221913427,21.000000000000036,0.0,0.0,0.0
143.7152929359139,43.59307104874748,21.000000000000032,0.0,0.0,0.0
143.71331851174966,43.602969844393364,21.000000000000032,0.0,0.0,0.0
143.71134343773423,43.612868606048984,21.000000000000036,0.0,0.0,0.0
143.70936771343105,43.62276733369138,21.000000000000032,0.0,0.0,0.0
143.7073913384031,43.63266602729755,21.000000000000036,0.0,0.0,0.0
143.70541431221312,43.642564686844565,21.000000000000036,0.0,0.0,0.0
143.70343663442333,43.652463312309386,21.000000000000036,0.0,0.0,0.0
143.70145830459572,43.66236190366896,21.000000000000036,0.0,0.0,0.0
143.69947932229186,43.67226046090026,21.000000000000036,0.0,0.0,0.0
143.69749968707296,43.6821589839802,21.000000000000036,0.0,0.0,0.0
143.69551939849987,43.692057472885715,21.000000000000032,0.0,0.0,0.0
143.69353845613307,43.70195592759369,21.000000000000032,0.0,0.0,0.0
143.69155685953274,43.711854348081,21.000000000000036,0.0,0.0,0.0
143.68957460825857,43.721752734324475,21.00000000000004,0.0,0.0,0.0
143.68759170187002,43.73165108630098,21.000000000000032,0.0,0.0,0.0
143.68560813992607,43.74154940398732,21.000000000000036,0.0,0.0,0.0
143.68362392198543,43.75144768736028,21.000000000000032,0.0,0.0,0.0
143.68163904760638,43.76134593639668,21.000000000000036,0.0,0.0,0.0
143.67965351634686,43.77124415107322,21.000000000000036,0.0,0.0,0.0
143.67766732776442,43.78114233136667,21.00000000000004,0.0,0.0,0.0
143.67568048141632,43.79104047725376,21.000000000000036,0.0,0.0,0.0
143.67369297685934,43.800938588711155,21.00000000000004,0.0,0.0,0.0
143.67170481364997,43.810836665715556,21.000000000000032,0.0,0.0,0.0
143.66971599134428,43.820734708243606,21.000000000000036,0.0,0.0,0.0
143.66772650949804,43.83063271627199,21.000000000000036,0.0,0.0,0.0
143.6657363676666,43.84053068977728,21.000000000000032,0.0,0.0,0.0
143.66374556540498,43.85042862873609,21.00000000000003,0.0,0.0,0.0
143.66175410226774,43.860326533125004,21.000000000000036,0.0,0.0,0.0
143.65976197780918,43.870224402920606,21.000000000000036,0.0,0.0,0.0
143.6577691915832,43.880122238099425,21.000000000000036,0.0,0.0,0.0
143.65577574314327,43.890020038637964,21.000000000000036,0.0,0.0,0.0
143.65378163204255,43.89991780451276,21.000000000000032,0.0,0.0,0.0
143.65178685783383,43.90981553570027,21.000000000000036,0.0,0.0,0.0
143.64979142006948,43.919713232176974,21.000000000000032,0.0,0.0,0.0
143.64779531830152,43.92961089391931,21.00000000000003,0.0,0.0,0.0
143.64579855208166,43.93950852090369,21.000000000000032,0.0,0.0,0.0
143.6438011209611,43.949406113106555,21.00000000000003,0.0,0.0,0.0
143.64180302449077,43.959303670504255,21.00000000000003,0.0,0.0,0.0
143.63980426222128,43.96920119307318,21.00000000000003,0.0,0.0,0.0
143.6378048337027,43.97909868078964,21.000000000000032,0.0,0.0,0.0
143.6358047384848,43.98899613363,21.00000000000003,0.0,0.0,0.0
143.6338039761171,43.998893551570546,21.00000000000003,0.0,0.0,0.0
143.63180254614855,44.00879093458758,21.00000000000003,0.0,0.0,0.0
143.6298004481278,44.01868828265735,21.00000000000003,0.0,0.0,0.0
143.62779768160317,44.028585595756105,21.00000000000003,0.0,0.0,0.0
143.62579424612255,44.038482873860076,21.000000000000032,0.0,0.0,0.0
143.62379014123346,44.048380116945474,21.00000000000003,0.0,0.0,0.0
143.62178536648307,44.05827732498849,21.00000000000003,0.0,0.0,0.0
143.61977992141814,44.06817449796525,21.00000000000003,0.0,0.0,0.0
143.61777380558505,44.07807163585194,21.00000000000003,0.0,0.0,0.0
143.61576701852982,44.087968738624674,21.00000000000003,0.0,0.0,0.0
143.61375955979807,44.09786580625958,21.00000000000003,0.0,0.0,0.0
143.61175142893512,44.107762838732704,21.00000000000002,0.0,0.0,0.0
143.6097426254858,44.11765983602012,21.000000000000025,0.0,0.0,0.0
143.60773314899464,44.127556798097906,21.00000000000003,0.0,0.0,0.0
