galstreams/tracks/track.st.Indus.shipp2019.ecsv
# %ECSV 0.9
# ---
# datatype:
# - {name: ra, unit: deg, datatype: float64}
# - {name: dec, unit: deg, datatype: float64}
# - {name: distance, unit: kpc, datatype: float64}
# - {name: pm_ra_cosdec, unit: mas / yr, datatype: float64}
# - {name: pm_dec, unit: mas / yr, datatype: float64}
# - {name: radial_velocity, unit: km / s, datatype: float64}
# delimiter: ','
# meta: !!omap
# - __serialized_columns__:
#     dec:
#       __class__: astropy.coordinates.angles.Latitude
#       unit: &id001 !astropy.units.Unit {unit: deg}
#       value: !astropy.table.SerializedColumn {name: dec}
#     distance:
#       __class__: astropy.coordinates.distances.Distance
#       unit: !astropy.units.Unit {unit: kpc}
#       value: !astropy.table.SerializedColumn {name: distance}
#     pm_dec:
#       __class__: astropy.units.quantity.Quantity
#       unit: !astropy.units.Unit {unit: mas / yr}
#       value: !astropy.table.SerializedColumn {name: pm_dec}
#     pm_ra_cosdec:
#       __class__: astropy.units.quantity.Quantity
#       unit: !astropy.units.Unit {unit: mas / yr}
#       value: !astropy.table.SerializedColumn {name: pm_ra_cosdec}
#     ra:
#       __class__: astropy.coordinates.angles.Longitude
#       unit: *id001
#       value: !astropy.table.SerializedColumn {name: ra}
#       wrap_angle: !astropy.coordinates.Angle
#         unit: *id001
#         value: 360.0
#     radial_velocity:
#       __class__: astropy.units.quantity.Quantity
#       unit: !astropy.units.Unit {unit: km / s}
#       value: !astropy.table.SerializedColumn {name: radial_velocity}
# schema: astropy-2.0
ra,dec,distance,pm_ra_cosdec,pm_dec,radial_velocity
[from data line 1511]
344.66821711119326,-62.417951001783145,16.600000000012685,3.8079474559950515,-4.796259750932677,-6.118462030428202e-09
344.68546878519794,-62.42397746690786,16.600000000012688,3.809340903330074,-4.796008620100276,-6.119876719306021e-09
344.70272656225,-62.43000232328688,16.600000000012702,3.810735052005601,-4.795756926261946,-6.121325091252358e-09
344.7199904448647,-62.43602556982989,16.600000000012706,3.8121299022217667,-4.795504668683356,-6.122773463198697e-09
344.73726043555644,-62.44204720544597,16.600000000012713,3.8135254541783006,-4.79525184662963,-6.124053419802437e-09
344.7545365368387,-62.448067229043474,16.600000000012727,3.8149217080745266,-4.794998459365359,-6.125400742543216e-09
344.7718187512245,-62.45408563953005,16.60000000001273,3.8163186641093954,-4.79474450615459,-6.1267480652839965e-09
344.7891070812258,-62.46010243581271,16.600000000012738,3.8177163224814405,-4.794489986260835,-6.128095388024776e-09
344.8064015293539,-62.46611761679777,16.60000000001275,3.81911468338881,-4.794234898947059,-6.1294090276970356e-09
344.8237020981194,-62.472131181390836,16.600000000012756,3.8205137470292554,-4.793979243475697,-6.130790033506335e-09
344.84100879003205,-62.47814312849687,16.600000000012763,3.821913513600119,-4.793723019108636,-6.1320026239730366e-09
344.8583216076007,-62.48415345702014,16.60000000001277,3.8233139832983487,-4.793466225107237,-6.133316263645296e-09
344.8756405533336,-62.490162165864234,16.60000000001278,3.8247151563204964,-4.7932088607323085,-6.13442780490644e-09
344.892965629738,-62.496169253932024,16.60000000001279,3.8261170328626948,-4.792950925244127,-6.135606712304622e-09
344.9102968393204,-62.502174720125744,16.6000000000128,3.8275196131206863,-4.792692417902435,-6.136819302771324e-09
344.9276341845865,-62.508178563346945,16.60000000001281,3.8289228972898077,-4.792433337966425,-6.137964527100987e-09
344.94497766804125,-62.51418078249645,16.600000000012816,3.830326885564985,-4.792173684694763,-6.1392108006362075e-09
344.9623272921887,-62.52018137647444,16.600000000012823,3.831731578140748,-4.791913457345565,-6.14035602496587e-09
344.97968305953214,-62.5261803441804,16.600000000012834,3.8331369752112043,-4.79165265517642,-6.141534932364052e-09
344.99704497257403,-62.53217768451314,16.600000000012837,3.834543076970064,-4.791391277444368,-6.142545424419637e-09
345.01441303381574,-62.538173396370766,16.600000000012844,3.835949883610619,-4.791129323405924,-6.143623282612261e-09
345.0317872457582,-62.54416747865072,16.600000000012855,3.8373573953257636,-4.790866792317051,-6.144667457736364e-09
345.04916761090124,-62.55015993024975,16.60000000001286,3.8387656123079585,-4.790603683433189,-6.145846365134546e-09
345.06655413174394,-62.556150750063935,16.600000000012876,3.8401745347492744,-4.790339996009223,-6.146755807984573e-09
345.08394681078437,-62.56213993698866,16.60000000001288,3.841584162841354,-4.79007572929952,-6.147867349245716e-09
345.10134565052005,-62.568127489918595,16.60000000001289,3.84299449677543,-4.789810882557894,-6.14894520743834e-09
345.1187506534473,-62.5741134077478,16.600000000012894,3.844405536742321,-4.789545455037625,-6.149820967219846e-09
345.13616182206175,-62.580097689369595,16.60000000001291,3.8458172829324244,-4.789279445991461,-6.1508651423439504e-09
345.1535791588582,-62.58608033367662,16.600000000012912,3.8472297355357212,-4.789012854671612,-6.151808268262496e-09
345.17100266633037,-62.59206133956085,16.600000000012923,3.8486428947417757,-4.788745680329745,-6.152650344975483e-09
345.1884323469713,-62.59804070591355,16.600000000012926,3.8500567607397227,-4.788477922216996,-6.153593470894029e-09
345.2058682032731,-62.604018431625335,16.60000000001294,3.8514713337182904,-4.788209579583959,-6.1544018645384974e-09
345.2233102377269,-62.60999451558611,16.600000000012948,3.85288661386577,-4.787940651680701,-6.1554123565940815e-09
345.240758452823,-62.615968956685094,16.600000000012958,3.8543026013700445,-4.787671137756741,-6.15622075023855e-09
345.2582128510508,-62.62194175381085,16.60000000001296,3.8557192964185614,-4.787401037061068,-6.156995460814498e-09
345.27567343489875,-62.62791290585123,16.600000000012972,3.857136699198341,-4.787130348842137,-6.157803854458966e-09
345.29314020685445,-62.63388241169339,16.60000000001298,3.8585548098959865,-4.786859072347859,-6.158612248103433e-09
345.31061316940446,-62.63985027022383,16.60000000001299,3.859973628697667,-4.786587206825615,-6.15945432481642e-09
345.32809232503473,-62.645816480328364,16.600000000012997,3.8613931557891306,-4.78631475152225,-6.160094303118291e-09
345.3455776762298,-62.651781040892104,16.600000000013008,3.8628133913556826,-4.786041705684069,-6.16083533062572e-09
345.3630692254738,-62.65774395079947,16.60000000001302,3.864234335582214,-4.785768068556846,-6.161508991996109e-09
345.38056697524945,-62.663705208934225,16.60000000001303,3.865655988653166,-4.78549383938582,-6.162250019503538e-09
345.39807092803886,-62.669664814179434,16.600000000013033,3.8670783507525637,-4.785219017415692,-6.1628563147368885e-09
345.4155810863231,-62.67562276541745,16.600000000013036,3.868501422063984,-4.784943601890632,-6.163664708381357e-09
345.4330974525822,-62.681579061529995,16.60000000001305,3.8699252027705846,-4.78466759205426,-6.164304686683227e-09
345.45062002929535,-62.68753370139807,16.600000000013058,3.871349693055069,-4.784390987149682,-6.164944664985097e-09
345.4681488189408,-62.69348668390197,16.60000000001307,3.872774893099719,-4.78411378641946,-6.165550960218448e-09
345.48568382399566,-62.69943800792137,16.600000000013075,3.874200803086371,-4.783835989105618,-6.16608988931476e-09
345.5032250469363,-62.705387672335185,16.600000000013086,3.8756274231964247,-4.783557594449652,-6.16672986761663e-09
345.5207724902379,-62.71133567602168,16.600000000013093,3.8770547536108357,-4.783278601692518,-6.167268796712942e-09
345.53832615637486,-62.717282017858466,16.600000000013104,3.878482794510124,-4.782999010074642,-6.167706676603695e-09
345.5558860478204,-62.7232266967224,16.60000000001311,3.879911546074359,-4.782718818835917,-6.1683466549055655e-09
345.573452167047,-62.7291697114897,16.60000000001312,3.881341008483176,-4.782438027215695,-6.1688182178648385e-09
345.5910245165258,-62.735111061035894,16.600000000013132,3.882771181915755,-4.782156634452807,-6.1692897808241115e-09
345.6086030987273,-62.74105074423579,16.600000000013132,3.884202066550846,-4.781874639785537,-6.169727660714865e-09
345.6261879161207,-62.74698875996356,16.600000000013143,3.885633662566736,-4.781592042451641,-6.170232906742657e-09
345.6437789711745,-62.752925107092636,16.600000000013154,3.8870659701412764,-4.781308841688344,-6.170569737427852e-09
345.6613762663559,-62.75885978449584,16.600000000013164,3.888498989451855,-4.781025036732335,-6.1709402511815666e-09
345.6789798041312,-62.7647927910452,16.60000000001317,3.889932720675428,-4.780740626819778,-6.171378131072319e-09
345.6965895869656,-62.770724125612155,16.60000000001318,3.8913671639884866,-4.780455611186291,-6.171748644826034e-09
345.7142056173235,-62.7766537870674,16.60000000001319,3.8928023195670796,-4.780169989066968,-6.17205179244271e-09
345.731827897668,-62.78258177428098,16.600000000013196,3.8942381875867906,-4.77988375969637,-6.172388623127904e-09
345.74945643046124,-62.788508086122214,16.600000000013207,3.895674768222759,-4.779596922308524,-6.172759136881619e-09
345.76709121816447,-62.79443272145976,16.600000000013214,3.897112061649667,-4.779309476136929,-6.173028601429774e-09
345.7847322632377,-62.800355679161605,16.600000000013225,3.8985500680417378,-4.779021420414545,-6.173264382909411e-09
345.8023795681398,-62.806276958095005,16.600000000013228,3.8999887875727355,-4.778732754373815,-6.173668579731645e-09
345.820033135329,-62.81219655712656,16.600000000013242,3.9014282204159736,-4.7784434772466255,-6.173870678142762e-09
345.8376929672621,-62.81811447512218,16.600000000013253,3.9028683667442974,-4.778153588264354,-6.17397172734832e-09
345.85535906639484,-62.82403071094708,16.600000000013257,3.9043092267300907,-4.777863086657843,-6.1743085580335156e-09
345.87303143518204,-62.829945263465795,16.60000000001327,3.905750800545282,-4.777571971657395,-6.174476973376113e-09
345.8907100760774,-62.83585813154216,16.600000000013274,3.9071930883613377,-4.77728024249279,-6.174544339513152e-09
345.9083949915335,-62.841769314039325,16.600000000013285,3.9086360903492485,-4.7769878983932745,-6.174780120992788e-09
345.92608618400186,-62.84767880981978,16.600000000013292,3.910079806679554,-4.776694938587568,-6.1748474871298274e-09
345.9437836559328,-62.8535866177453,16.6000000000133,3.9115242375223094,-4.776401362303858,-6.175049585540944e-09
345.96148740977577,-62.85949273667697,16.60000000001331,3.9129693830471295,-4.776107168769795,-6.175049585540944e-09
345.97919744797883,-62.8653971654752,16.60000000001332,3.914415243423128,-4.77581235721251,-6.175116951677983e-09
345.9969137729892,-62.871299902999716,16.600000000013324,3.9158618188189793,-4.775516926858602,-6.1750832686094635e-09
346.0146363872528,-62.87720094810954,16.60000000001334,3.917309109402861,-4.775220876934139,-6.175184317815022e-09
346.03236529321447,-62.88310029966302,16.60000000001335,3.9187571153425007,-4.774924206664661,-6.175218000883541e-09
346.05010049331804,-62.88899795651781,16.600000000013353,3.9202058368051427,-4.7746269152751735,-6.1750832686094635e-09
346.067841990006,-62.89489391753089,16.600000000013367,3.9216552739575437,-4.774329001990164,-6.175150634746502e-09
346.0855897857199,-62.90078818155851,16.60000000001337,3.923105426966019,-4.774030466033587,-6.175150634746502e-09
346.10334388290005,-62.906680747456285,16.600000000013388,3.924556295996376,-4.773731306628858,-6.175015902472425e-09
346.12110428398563,-62.91257161407913,16.60000000001339,3.926007881213956,-4.7734315229988855,-6.174914853266866e-09
346.13887099141465,-62.918460780281244,16.6000000000134,3.927460182783625,-4.773131114366032,-6.174780120992788e-09
346.156644007624,-62.92434824491614,16.600000000013413,3.928913200869768,-4.7728300799521435,-6.174746437924268e-09
346.17442333504937,-62.930234006836706,16.600000000013416,3.930366935636278,-4.772528418978533,-6.174578022581671e-09
346.19220897612536,-62.936118064895055,16.600000000013424,3.931821387246589,-4.772226130665986,-6.174443290307593e-09
346.21000093328524,-62.942000417942666,16.600000000013434,3.933276555863624,-4.771923214234764,-6.174274874964996e-09
346.2277992089614,-62.94788106483031,16.600000000013445,3.9347324416498464,-4.771619668904599,-6.174106459622398e-09
346.2456038055847,-62.953760004408096,16.600000000013456,3.936189044767221,-4.771315493894698,-6.173769628937204e-09
346.263414725585,-62.959637235525385,16.600000000013463,3.9376463653772253,-4.771010688423747,-6.173668579731645e-09
346.281231971391,-62.96551275703092,16.600000000013473,3.9391044036408607,-4.7707052517098925,-6.173399115183489e-09
346.29905554543,-62.971386567772726,16.60000000001348,3.940563159718625,-4.770399182970768,-6.173095967566813e-09
346.3168854501283,-62.97725866659812,16.600000000013488,3.942022633770536,-4.770092481423479,-6.172792819950138e-09
346.33472168791104,-62.98312905235375,16.6000000000135,3.9434828259561203,-4.7697851462846,-6.1724896723334625e-09
346.35256426120185,-62.988997723885596,16.60000000001351,3.944943736434403,-4.7694771767701845,-6.172119158579749e-09
346.3704131724234,-62.99486468003891,16.600000000013512,3.9464053653639333,-4.769168572095761,-6.171748644826034e-09
346.3882684239971,-63.00072991965827,16.600000000013523,3.947867712902747,-4.768859331476334,-6.171378131072319e-09
346.406130018343,-63.006593441587576,16.600000000013534,3.949330779208396,-4.768549454126382,-6.171142349592683e-09
346.42399795788003,-63.01245524467004,16.600000000013544,3.950794564437936,-4.768238939259858,-6.170603420496371e-09
346.4418722450259,-63.018315327748184,16.600000000013548,3.9522590687479133,-4.767927786090197,-6.170232906742657e-09
346.45975288219694,-63.024173689663826,16.60000000001356,3.9537242922943947,-4.767615993830302,-6.169693977646345e-09
346.4776398718083,-63.030030329258096,16.60000000001357,3.9551902352329247,-4.767303561692559,-6.169272939289851e-09
346.495533216274,-63.035885245371475,16.60000000001358,3.956656897718564,-4.7669904888888315,-6.168683485590761e-09
346.5134329180066,-63.04173843684369,16.60000000001359,3.958124279905861,-4.766676774630455,-6.168245605700007e-09
346.53133897941746,-63.047589902513835,16.600000000013598,3.9595923819488723,-4.766362418128246,-6.167672993535176e-09
346.54925140291664,-63.05343964122029,16.60000000001361,3.9610612040011293,-4.766047418592501,-6.1672519551786825e-09
346.5671701909131,-63.05928765180075,16.600000000013615,3.962530746215685,-4.7657317752329815,-6.166578293808293e-09
346.5850953458143,-63.06513393309224,16.600000000013626,3.964001008745058,-4.765415487258946,-6.165988840109201e-09
346.6030268700264,-63.07097848393107,16.600000000013633,3.965471991741278,-4.765098553879121,-6.1653657033415905e-09
346.62096476595445,-63.07682130315286,16.600000000013644,3.966943695355855,-4.76478097430171,-6.164877298848058e-09
346.63890903600213,-63.082662389592564,16.60000000001365,3.968416119739798,-4.7644627477344,-6.1641867959434085e-09
346.65685968257173,-63.088501742084446,16.60000000001366,3.9698892650435957,-4.764143873384352,-6.16346260997024e-09
346.67481670806427,-63.094339359462055,16.60000000001367,3.9713631314172244,-4.76382435045822,-6.1628563147368885e-09
346.6927801148795,-63.100175240558265,16.60000000001368,3.972837719010157,-4.763504178162118,-6.1622331779692785e-09
346.7107499054158,-63.10600938420528,16.600000000013686,3.974313027971339,-4.763183355701654,-6.161508991996109e-09
346.72872608207035,-63.1118417892346,16.600000000013697,3.9757890584492133,-4.76286188228191,-6.160549024543304e-09
346.7467086472387,-63.11767245447702,16.600000000013704,3.9772658105916863,-4.762539757107454,-6.159892204707174e-09
346.76469760331526,-63.12350137876267,16.600000000013715,3.9787432845461597,-4.762216979382334,-6.159066969528446e-09
346.7826929526932,-63.12932856092099,16.60000000001373,3.980221480459512,-4.761893548310073,-6.158275417418238e-09
346.80069469776413,-63.13515399978071,16.600000000013736,3.9817003984781048,-4.7615694630936805,-6.15751754837655e-09
346.81870284091843,-63.1409776941699,16.600000000013743,3.983180038747771,-4.76124472293565,-6.1567428378006014e-09
346.83671738454507,-63.146799642915944,16.600000000013754,3.9846604014138283,-4.76091932703795,-6.155850236484835e-09
346.8547383310317,-63.15261984484549,16.600000000013758,3.9861414866210643,-4.760593274602039,-6.154923952100549e-09
346.8727656827645,-63.15843829878453,16.60000000001377,3.9876232945137375,-4.76026656482885,-6.154065033853302e-09
346.89079944212835,-63.16425500355839,16.60000000001378,3.9891058252355913,-4.75993919691881,-6.1532229571403145e-09
346.90883961150683,-63.170069957991664,16.600000000013793,3.9905890789298333,-4.759611170071817,-6.15224614815325e-09
346.926886193282,-63.1758831609083,16.600000000013804,3.9920730557391413,-4.759282483487259,-6.151134606892107e-09
346.9449391898344,-63.181694611131505,16.600000000013804,3.993557755805668,-4.758953136364013,-6.150292530179119e-09
346.9629986035435,-63.18750430748384,16.600000000013814,3.9950431792710286,-4.75862312790043,-6.149282038123535e-09
346.9810644367871,-63.193312248787166,16.600000000013825,3.9965293262763133,-4.7582924572943455,-6.14825470453369e-09
346.99913669194177,-63.19911843386266,16.600000000013836,3.9980161969620713,-4.757961123743094,-6.147227370943846e-09
347.0172153713825,-63.204922861530775,16.600000000013846,3.9995037914683245,-4.757629126443477,-6.146233720422521e-09
347.035300477483,-63.21072553061134,16.600000000013853,4.000992109934553,-4.7572964645917954,-6.1450884960928586e-09
347.0533920126154,-63.21652643992346,16.600000000013868,4.0024811524996995,-4.756963137383826,-6.144010637900235e-09
