galstreams/tracks/track.st.NGC288.ibata2021.ecsv
# %ECSV 0.9
# ---
# datatype:
# - {name: ra, unit: deg, datatype: float64}
# - {name: dec, unit: deg, datatype: float64}
# - {name: distance, unit: kpc, datatype: float64}
# - {name: pm_ra_cosdec, unit: mas / yr, datatype: float64}
# - {name: pm_dec, unit: mas / yr, datatype: float64}
# - {name: radial_velocity, unit: km / s, datatype: float64}
# delimiter: ','
# meta: !!omap
# - __serialized_columns__:
#     dec:
#       __class__: astropy.coordinates.angles.Latitude
#       unit: &id001 !astropy.units.Unit {unit: deg}
#       value: !astropy.table.SerializedColumn {name: dec}
#     distance:
#       __class__: astropy.coordinates.distances.Distance
#       unit: !astropy.units.Unit {unit: kpc}
#       value: !astropy.table.SerializedColumn {name: distance}
#     pm_dec:
#       __class__: astropy.units.quantity.Quantity
#       unit: !astropy.units.Unit {unit: mas / yr}
#       value: !astropy.table.SerializedColumn {name: pm_dec}
#     pm_ra_cosdec:
#       __class__: astropy.units.quantity.Quantity
#       unit: !astropy.units.Unit {unit: mas / yr}
#       value: !astropy.table.SerializedColumn {name: pm_ra_cosdec}
#     ra:
#       __class__: astropy.coordinates.angles.Longitude
#       unit: *id001
#       value: !astropy.table.SerializedColumn {name: ra}
#       wrap_angle: !astropy.coordinates.Angle
#         unit: *id001
#         value: 360.0
#     radial_velocity:
#       __class__: astropy.units.quantity.Quantity
#       unit: !astropy.units.Unit {unit: km / s}
#       value: !astropy.table.SerializedColumn {name: radial_velocity}
# schema: astropy-2.0
ra,dec,distance,pm_ra_cosdec,pm_dec,radial_velocity
[from data line 684]
11.477692940341289,-24.562207277694604,10.936666919199913,4.084723423793665,-5.49662727151987,-1.6841534259744676e-14
11.484419377888123,-24.57004459183515,10.936137515197574,4.084978770395621,-5.497289505129058,-6.73661370389787e-14
11.491145582535506,-24.577882404935572,10.935608265083987,4.085234089893666,-5.497951138853885,-5.0524602779234026e-14
11.497871571270496,-24.58572070460615,10.935079165911096,4.0854893762739595,-5.49861216484007,-5.0524602779234026e-14
11.504597361081727,-24.59355947845426,10.93455021473085,4.085744623522364,-5.4992725752338565,-6.73661370389787e-14
11.511322968959403,-24.6013987140843,10.934021408595193,4.085999825624433,-5.499932362182032,-1.0104920555846805e-13
11.518048411895323,-24.60923839909779,10.933492744556073,4.086254976565427,-5.500591517831923,-8.420767129872338e-14
11.52477370688285,-24.61707852109325,10.932964219665443,4.086510070330293,-5.501250034331388,-6.73661370389787e-14
11.53149887091696,-24.624919067666305,10.932435830975237,4.086765100903692,-5.501907903828842,-5.0524602779234026e-14
11.538223920994186,-24.63276002640962,10.931907575537412,4.087020062269963,-5.502565118473219,-8.420767129872338e-14
11.544948874112668,-24.64060138491292,10.931379450403911,4.087274948413149,-5.503221670414014,-8.420767129872338e-14
11.551673747272137,-24.648443130762995,10.930851452626682,4.087529753316982,-5.503877551801255,-5.0524602779234026e-14
11.558398557473904,-24.65628525154366,10.93032357925767,4.087784470964893,-5.5045327547855125,-1.0104920555846805e-13
11.56512332172089,-24.664127734835827,10.929795827348826,4.088039095339999,-5.505187271517908,-6.73661370389787e-14
11.57184805701761,-24.671970568217418,10.92926819395209,4.088293620425116,-5.505841094150108,-3.368306851948935e-14
11.578572780370168,-24.67981373926342,10.928740676119418,4.0885480402027365,-5.506494214834314,-6.73661370389787e-14
11.585297508786281,-24.68765723554586,10.928213270902749,4.088802348655056,-5.507146625723288,-1.0104920555846805e-13
11.592022259275263,-24.695501044633826,10.92768597535403,4.08905653976395,-5.507798318970332,-8.420767129872338e-14
11.598747048848034,-24.703345154093437,10.92715878652521,4.089310607510984,-5.508449286729302,-5.0524602779234026e-14
11.605471894517112,-24.71118955148783,10.92663170146824,4.089564545877404,-5.509099521154599,-8.420767129872338e-14
11.61219681329664,-24.719034224377243,10.926104717235058,4.0898183488441475,-5.50974901440118,-6.73661370389787e-14
11.618921822202354,-24.726879160318873,10.925577830877618,4.090072010391829,-5.510397758624547,-5.0524602779234026e-14
11.625646938251606,-24.734724346867008,10.925051039447867,4.0903255245007495,-5.511045745980762,-6.73661370389787e-14
11.632372178463372,-24.742569771572953,10.924524339997744,4.090578885150891,-5.51169296862644,-8.420767129872338e-14
11.639097559858218,-24.750415421985043,10.923997729579204,4.090832086321912,-5.5123394187187476,-8.420767129872338e-14
11.645823099458358,-24.758261285648647,10.923471205244187,4.091085121993151,-5.512985088415414,-8.420767129872338e-14
11.6525488142876,-24.766107350106143,10.922944764044646,4.091337986143623,-5.513629969874711,-8.420767129872338e-14
11.659274721371373,-24.77395360289697,10.922418403032525,4.091590672752021,-5.514274055255491,-6.73661370389787e-14
11.666000837736732,-24.781800031557545,10.921892119259775,4.091843175796709,-5.514917336717146,-8.420767129872338e-14
11.672727180412364,-24.78964662362135,10.92136590977833,4.092095489255731,-5.515559806419644,-5.0524602779234026e-14
11.679453766428557,-24.79749336661885,10.920839771640152,4.09234760710679,-5.516201456523502,-1.0104920555846805e-13
11.68618061281724,-24.80534024807756,10.92031370189718,4.092599523327271,-5.516842279189809,-1.6841534259744676e-14
11.69290773661196,-24.81318725552197,10.919787697601363,4.092851231894228,-5.517482266580218,-6.73661370389787e-14
11.6996351548479,-24.821034376473627,10.919261755804646,4.093102726784371,-5.518121410856942,-5.0524602779234026e-14
11.706362884561866,-24.82888159845105,10.918735873558976,4.093354001974087,-5.518759704182765,-8.420767129872338e-14
11.713090942792292,-24.8367289089698,10.918210047916304,4.0936050514394235,-5.519397138721041,-1.1789073981821273e-13
11.719819346579245,-24.84457629554243,10.91768427592857,4.0938558691560925,-5.52003370663569,-1.6841534259744676e-14
11.726548112964425,-24.85242374567847,10.917158554647727,4.094106449099464,-5.520669400091204,-1.0104920555846805e-13
11.733277258991166,-24.860271246884505,10.916632881125718,4.094356785244571,-5.52130421125265,-6.73661370389787e-14
11.740006801704432,-24.868118786664077,10.916107252414491,4.094606871566102,-5.521938132285663,-8.420767129872338e-14
11.746736758150835,-24.87596635251775,10.915581665565988,4.094856702038408,-5.522571155356459,-1.6841534259744676e-14
11.753467145378604,-24.88381393194305,10.915056117632167,4.09510627063548,-5.523203272631822,-1.1789073981821273e-13
11.760197980437622,-24.89166151243455,10.914530605664966,4.095355571330984,-5.523834476279129,-1.347322740779574e-13
11.766929280379403,-24.899509081483767,10.914005126716331,4.095604598098221,-5.52446475846632,-8.420767129872338e-14
11.773661062257103,-24.90735662657923,10.913479677838216,4.095853344910144,-5.525094111361925,-3.368306851948935e-14
11.780393343125514,-24.91520413520643,10.91295425608256,4.096101805739363,-5.525722527135056,-1.515738083377021e-13
11.787126140041075,-24.923051594847877,10.912428858501316,4.096349974558121,-5.5263499979554,-6.73661370389787e-14
11.793859470061866,-24.930898992983032,10.911903482146428,4.096597845338316,-5.526976515993244,-8.420767129872338e-14
11.800593350247603,-24.93874631708835,10.911378124069845,4.096845412051484,-5.527602073419449,-8.420767129872338e-14
11.807327797659653,-24.94659355463725,10.910852781323507,4.097092668668801,-5.528226662405475,-8.420767129872338e-14
11.814062829361026,-24.954440693100143,10.91032745095937,4.097339609161086,-5.528850275123361,-1.1789073981821273e-13
11.820798462416377,-24.962287719944403,10.909802130029373,4.097586227498789,-5.529472903745746,-5.0524602779234026e-14
11.827534713892,-24.970134622634358,10.909276815585468,4.097832517652,-5.53009454044586,-5.0524602779234026e-14
11.834271600855843,-24.977981388631328,10.908751504679602,4.098078473590437,-5.530715177397528,-8.420767129872338e-14
11.8410091403775,-24.98582800539357,10.908226194363715,4.098324089283455,-5.531334806775169,-1.1789073981821273e-13
11.847747349528207,-24.993674460376333,10.907700881689763,4.098569358700033,-5.531953420753804,-6.73661370389787e-14
11.854486245380857,-25.0015207410318,10.907175563709684,4.098814275808779,-5.532571011509055,-8.420767129872338e-14
11.861225845009972,-25.009366834809118,10.906650237475434,4.099058834577924,-5.533187571217142,-1.0104920555846805e-13
11.867966165491751,-25.0172127291544,10.906124900038952,4.099303028975327,-5.53380309205489,-8.420767129872338e-14
11.874707223904014,-25.025058411510688,10.905599548452189,4.09954685296846,-5.534417566199732,-6.73661370389787e-14
11.881449037326258,-25.032903869317995,10.90507417976709,4.099790300524419,-5.535030985829705,-1.6841534259744676e-14
11.888191622839594,-25.040749090013243,10.904548791035603,4.100033365609912,-5.535643343123453,-1.0104920555846805e-13
11.894934997526825,-25.048594061030364,10.90402337930967,4.100276042191269,-5.5362546302602365,-1.6841534259744676e-14
11.901679178472367,-25.05643876980015,10.903497941641247,4.1005183242344225,-5.536864839419928,-1.6841534259744676e-14
11.908424182762307,-25.06428320375038,10.902972475082272,4.100760205704917,-5.537473962783008,-6.73661370389787e-14
11.915170027484383,-25.07212735030577,10.902446976684699,4.101001680567911,-5.538081992530581,-3.368306851948935e-14
11.92191672972797,-25.079971196887954,10.901921443500468,4.10124274278816,-5.538688920844371,-3.368306851948935e-14
11.928664306584105,-25.087814730915486,10.901395872581533,4.101483386330022,-5.53929473990671,-3.368306851948935e-14
11.93541277514548,-25.095657939803864,10.900870260979834,4.101723605157465,-5.539899441900568,-1.6841534259744676e-14
11.94216215250642,-25.103500810965514,10.900344605747327,4.101963393234042,-5.540503019009528,-3.368306851948935e-14
11.948912455762915,-25.11134333180976,10.899818903935943,4.102202744522912,-5.541105463417809,-1.6841534259744676e-14
11.955663702012606,-25.11918548974286,10.899293152597645,4.102441652986823,-5.541706767310252,-6.73661370389787e-14
11.96241590835478,-25.12702727216799,10.89876734878437,4.1026801125881125,-5.542306922872329,-5.0524602779234026e-14
11.96916909189037,-25.13486866648524,10.89824148954807,4.102918117288707,-5.542905922290144,-1.6841534259744676e-14
11.975923269721973,-25.14270966009159,10.897715571940688,4.103155661050119,-5.543503757750436,-8.420767129872338e-14
11.982678458953817,-25.150550240380955,10.897189593014174,4.103392737833444,-5.544100421440589,-3.368306851948935e-14
11.989434676691804,-25.15839039474412,10.896663549820472,4.103629341599358,-5.544695905548613,-6.73661370389787e-14
11.996191940043468,-25.166230110568808,10.896137439411529,4.103865466308117,-5.545290202263169,-6.73661370389787e-14
12.002950266117992,-25.17406937523962,10.895611258839299,4.104101105919545,-5.545883303773554,-5.0524602779234026e-14
12.009709672026212,-25.18190817613804,10.895085005155714,4.10433625439305,-5.546475202269718,-5.0524602779234026e-14
12.01647017488062,-25.189746500642478,10.894558675412734,4.1045709056875985,-5.547065889942254,-1.6841534259744676e-14
12.02323179179534,-25.197584336128187,10.894032266662304,4.104805053761729,-5.547655358982404,-5.0524602779234026e-14
12.029994539886168,-25.205421669967365,10.893505775956363,4.105038692573552,-5.548243601582067,-5.0524602779234026e-14
12.036758436270516,-25.213258489529025,10.892979200346867,4.105271816080727,-5.548830609933796,-5.0524602779234026e-14
12.043523498067467,-25.22109478217911,10.892452536885754,4.105504418240476,-5.549416376230793,-5.0524602779234026e-14
12.050289742397737,-25.228930535280423,10.891925782624979,4.1057364930095845,-5.550000892666932,-3.368306851948935e-14
12.057057186383696,-25.23676573619264,10.891398934616486,4.105968034344381,-5.550584151436738,-3.368306851948935e-14
12.063825847149348,-25.24460037227231,10.89087198991222,4.106199036200754,-5.551166144735407,-1.6841534259744676e-14
12.070595741820352,-25.252434430872835,10.890344945564127,4.106429492534131,-5.5517468647587975,-5.0524602779234026e-14
12.077366887524002,-25.260267899344502,10.88981779862416,4.10665939729949,-5.552326303703438,-5.0524602779234026e-14
12.084139301389238,-25.26810076503445,10.88929054614426,4.106888744451347,-5.55290445376653,-6.73661370389787e-14
12.090913000546646,-25.27593301528667,10.888763185176376,4.107117527943758,-5.553481307145947,-1.6841534259744676e-14
12.097688002128441,-25.283764637442015,10.888235712772449,4.1073457417303185,-5.554056856040241,-3.368306851948935e-14
12.104464323268484,-25.291595618838176,10.887708125984433,4.107573379764148,-5.554631092648641,-8.420767129872338e-14
12.11124198110228,-25.299425946809723,10.887180421864276,4.107800435997903,-5.555204009171057,-3.368306851948935e-14
12.11802099276696,-25.30725560868802,10.88665259746392,4.108026904383761,-5.5557755978080845,-6.73661370389787e-14
12.124801375401308,-25.315084591801313,10.886124649835311,4.10825277887343,-5.556345850761006,-8.420767129872338e-14
12.131583146145719,-25.32291288347467,10.8855965760304,4.10847805341813,-5.556914760231792,-1.1789073981821273e-13
12.138366322142256,-25.33074047103,10.885068373101134,4.108702721968606,-5.557482318423107,-1.6841534259744676e-14
12.145150920534581,-25.338567341786035,10.884540038099454,4.108926778475107,-5.558048517538307,-6.73661370389787e-14
12.151936958468012,-25.346393483058336,10.884011568077314,4.109150216887401,-5.558613349781447,-6.73661370389787e-14
12.158724453089487,-25.35421888215929,10.883482960086653,4.109373031154761,-5.559176807357282,-1.6841534259744676e-14
12.165513421547576,-25.362043526398104,10.882954211179424,4.10959521522596,-5.559738882471272,-8.420767129872338e-14
12.172303880992477,-25.369867403080804,10.882425318407577,4.1098167630492775,-5.560299567329575,-6.73661370389787e-14
12.179095848576022,-25.37769049951022,10.881896278823046,4.11003766857249,-5.56085885413907,-1.6841534259744676e-14
12.18588934145165,-25.38551280298599,10.881367089477791,4.110257925742859,-5.56141673510733,-8.420767129872338e-14
12.19268437677445,-25.393334300804593,10.880837747423747,4.110477528507153,-5.561973202442661,-5.0524602779234026e-14
12.199480971701108,-25.401154980259264,10.880308249712872,4.110696470811607,-5.56252824835407,-8.420767129872338e-14
12.20627914338995,-25.408974828640073,10.879778593397106,4.11091474660196,-5.563081865051293,0.0
12.21307890900091,-25.416793833233847,10.8792487755284,4.111132349823414,-5.5636340447447825,-8.420767129872338e-14
12.219880285695547,-25.424611981324254,10.878718793158695,4.111349274420661,-5.564184779645721,-6.73661370389787e-14
12.226683290637029,-25.4324292601917,10.878188643339945,4.111565514337856,-5.564734061966017,-1.0104920555846805e-13
12.233487940990146,-25.440245657113422,10.87765832312409,4.111781063518632,-5.5652818839183125,-5.0524602779234026e-14
12.240294253921295,-25.448061159363405,10.877127829563081,4.11199591590608,-5.56582823771598,-8.420767129872338e-14
12.247102246598493,-25.455875754212432,10.876597159708865,4.1122100654427625,-5.5663731155731355,-6.73661370389787e-14
12.253911936191347,-25.463689428928024,10.876066310613385,4.112423506070691,-5.566916509704629,-8.420767129872338e-14
12.260723339871094,-25.47150217077452,10.875535279328592,4.1126362317313365,-5.567458412326059,-8.420767129872338e-14
12.267536474810564,-25.479313967013002,10.875004062906433,4.112848236365622,-5.567998815653762,-5.0524602779234026e-14
12.274351358184187,-25.487124804901303,10.874472658398847,4.1130595139139166,-5.5685377119048365,-3.368306851948935e-14
12.281168007168004,-25.49493467169403,10.873941062857792,4.113270058316035,-5.569075093297128,-5.0524602779234026e-14
12.287986438939653,-25.502743554642546,10.873409273335204,4.113479863511229,-5.569610952049238,-3.368306851948935e-14
12.29480667067836,-25.51055144099494,10.872877286883039,4.113688923438186,-5.5701452803805225,-8.420767129872338e-14
12.301628719564961,-25.518358317996096,10.87234510055324,4.113897232035031,-5.570678070511107,-8.420767129872338e-14
12.308452602781871,-25.52616417288758,10.871812711397753,4.114104783239309,-5.571209314661878,-6.73661370389787e-14
12.315278337513108,-25.533968992907752,10.871280116468526,4.114311570988,-5.571739005054497,-5.0524602779234026e-14
12.322105940944267,-25.541772765291668,10.870747312817505,4.114517589217493,-5.572267133911389,-3.368306851948935e-14
12.328935430262534,-25.549575477271127,10.870214297496638,4.114722831863603,-5.572793693455763,-5.0524602779234026e-14
12.335766822656685,-25.557377116074672,10.86968106755787,4.11492729286155,-5.573318675911597,-8.420767129872338e-14
12.342600135317067,-25.56517766892755,10.869147620053154,4.115130966145968,-5.573842073503661,-3.368306851948935e-14
12.349435385435612,-25.572977123051718,10.868613952034423,4.115333845650893,-5.574363878457507,-5.0524602779234026e-14
12.356272590205826,-25.58077546566588,10.86808006055364,4.1155359253097625,-5.574884082999472,-3.368306851948935e-14
12.36311176682279,-25.58857268398542,10.867545942662737,4.115737199055407,-5.5754026793566895,-1.6841534259744676e-14
12.369952932483155,-25.596368765222447,10.867011595413672,4.115937660820051,-5.575919659757086,-5.0524602779234026e-14
12.376796104385148,-25.604163696585758,10.866477015858388,4.116137304535308,-5.576435016429393,-5.0524602779234026e-14
12.383641299728547,-25.611957465280856,10.865942201048833,4.116336124132174,-5.576948741603139,-1.0104920555846805e-13
12.390488535714711,-25.61975005850996,10.86540714803695,4.116534113541023,-5.577460827508659,-8.420767129872338e-14
