galstreams/tracks/track.st.AAU-ATLAS.li2021.ecsv
# %ECSV 1.0
# ---
# datatype:
# - {name: ra, unit: deg, datatype: float64}
# - {name: dec, unit: deg, datatype: float64}
# - {name: distance, unit: kpc, datatype: float64}
# - {name: pm_ra_cosdec, unit: mas / yr, datatype: float64}
# - {name: pm_dec, unit: mas / yr, datatype: float64}
# - {name: radial_velocity, unit: km / s, datatype: float64}
# delimiter: ','
# meta: !!omap
# - __serialized_columns__:
#     dec:
#       __class__: astropy.coordinates.angles.Latitude
#       unit: &id001 !astropy.units.Unit {unit: deg}
#       value: !astropy.table.SerializedColumn {name: dec}
#     distance:
#       __class__: astropy.coordinates.distances.Distance
#       unit: !astropy.units.Unit {unit: kpc}
#       value: !astropy.table.SerializedColumn {name: distance}
#     pm_dec:
#       __class__: astropy.units.quantity.Quantity
#       unit: !astropy.units.Unit {unit: mas / yr}
#       value: !astropy.table.SerializedColumn {name: pm_dec}
#     pm_ra_cosdec:
#       __class__: astropy.units.quantity.Quantity
#       unit: !astropy.units.Unit {unit: mas / yr}
#       value: !astropy.table.SerializedColumn {name: pm_ra_cosdec}
#     ra:
#       __class__: astropy.coordinates.angles.Longitude
#       unit: *id001
#       value: !astropy.table.SerializedColumn {name: ra}
#       wrap_angle: !astropy.coordinates.Angle
#         unit: *id001
#         value: 360.0
#     radial_velocity:
#       __class__: astropy.units.quantity.Quantity
#       unit: !astropy.units.Unit {unit: km / s}
#       value: !astropy.table.SerializedColumn {name: radial_velocity}
# schema: astropy-2.0
ra,dec,distance,pm_ra_cosdec,pm_dec,radial_velocity
[from data line 1642]
23.95431572240997,-29.407586614492153,22.8517333759809,0.03426963325076471,-0.913989048426184,-89.8080106390174
23.96371607756933,-29.413380875640186,22.855116437394184,0.034531100585023566,-0.9138556810071364,-89.76207035538395
23.973116923076905,-29.419175323328073,22.85850075787415,0.034792374136351,-0.9137221859691194,-89.71611802170779
23.98251825930917,-29.42496995746695,22.861886337420806,0.035053453872903095,-0.9135885633479401,-89.670153637989
23.99192008664277,-29.43076477796795,22.865273176034126,0.03531433976283488,-0.9134548131794298,-89.62417720422751
24.001322405454385,-29.436559784742165,22.868661273714128,0.03557503177429566,-0.9133209354994397,-89.5781887204234
24.01072521612084,-29.442354977700674,22.872050630460812,0.03583552987543298,-0.9131869303438458,-89.53218818657662
24.020128519019025,-29.448150356754525,22.875441246274175,0.03609583403438971,-0.913052797748545,-89.48617560268713
24.02953231452596,-29.453945921814746,22.878833121154212,0.03635594421930627,-0.9129185377494583,-89.44015096875502
24.038936603018737,-29.459741672792337,22.88222625510093,0.036615860398318656,-0.9127841503825269,-89.39411428478027
24.048341384874558,-29.465537609598268,22.88562064811433,0.036875582539560414,-0.912649635683716,-89.34806555076278
24.057746660470734,-29.471333732143492,22.8890163001944,0.03713511061116054,-0.9125149936890137,-89.30200476670268
24.06715243018465,-29.477130040338917,22.892413211341154,0.03739444458124552,-0.912380224434429,-89.25593193259992
24.076558694393817,-29.482926534095462,22.895811381554584,0.03765358441793781,-0.9122453279559941,-89.20984704845445
24.085965453475833,-29.488723213323986,22.899210810834695,0.03791253008935691,-0.9121103042897645,-89.16375011426632
24.095372707808377,-29.494520077935334,22.902611499181482,0.038171281563618376,-0.9119751534718166,-89.1176411300356
24.10478045776927,-29.500317127840333,22.906013446594944,0.03842983880883477,-0.9118398755382506,-89.07152009576217
24.114188703736392,-29.506114362949766,22.909416653075088,0.038688201793114885,-0.9117044705251884,-89.02538701144609
24.123597446087732,-29.511911783174423,22.91282111862191,0.03894637048456423,-0.9115689384687751,-88.97924187708729
24.133006685201398,-29.517709388425033,22.91622684323541,0.03920434485128499,-0.9114332794051774,-88.9330846926859
24.14241642145557,-29.523507178612313,22.91963382691559,0.03946212486137629,-0.9112974933705853,-88.88691545824177
24.15182665522856,-29.52930515364695,22.92304206966245,0.03971971048293327,-0.9111615804012103,-88.84073417375502
24.16123738689874,-29.535103313439638,22.926451571475987,0.039977101684047334,-0.9110255405332879,-88.79454083922562
24.1706486168446,-29.540901657900974,22.929862332356205,0.040234298432807625,-0.9108893738030748,-88.74833545465354
24.180060345444748,-29.546700186941617,22.933274352303094,0.04049130069729945,-0.910753080246851,-88.7021180200388
24.189472573077857,-29.552498900472127,22.936687631316662,0.04074810844560389,-0.9106166599009186,-88.65588853538137
24.198885300122722,-29.558297798403075,22.94010216939692,0.04100472164579999,-0.9104801128016019,-88.6096470006813
24.208298526958234,-29.564096880644996,22.94351796654384,0.04126114026596256,-0.9103434389852487,-88.56339341593855
24.217712253963377,-29.56989614710841,22.946935022757447,0.04151736427416325,-0.9102066384882288,-88.51712778115315
24.22712648151725,-29.575695597703795,22.95035333803773,0.04177339363847066,-0.9100697113469343,-88.47085009632504
24.236541209999018,-29.5814952323416,22.953772912384693,0.042029228326949164,-0.9099326575977795,-88.42456036145433
24.24595643978799,-29.587295050932266,22.957193745798342,0.042284868307661205,-0.9097954772772023,-88.37825857654097
24.255372171263545,-29.593095053386204,22.96061583827866,0.04254031354866411,-0.9096581704216626,-88.33194474158486
24.264788404805167,-29.59889523961379,22.96403918982566,0.042795564018013654,-0.909520737067643,-88.28561885658615
24.274205140792446,-29.60469560952538,22.967463800439333,0.043050619683761115,-0.9093831772516486,-88.2392809215448
24.283622379605077,-29.610496163031293,22.970889670119686,0.04330548051395472,-0.9092454910102064,-88.19293093646071
24.29304012162283,-29.616296900041842,22.97431679886672,0.043560146476639416,-0.9091076783798667,-88.14656890133402
24.302458367225604,-29.622097820467296,22.97774518668043,0.04381461753985699,-0.9089697393972025,-88.1001948161646
24.31187711679338,-29.627898924217913,22.981174833560818,0.044068893671645626,-0.9088316740988092,-88.05380868095257
24.32129637070624,-29.633700211203895,22.98460573950789,0.04432297484004022,-0.9086934825213033,-88.00741049569787
24.33071612934438,-29.639501681335467,22.988037904521637,0.044576861013072955,-0.9085551647013268,-87.96100026040047
24.340136393088084,-29.64530333452278,22.991471328602064,0.044830552158771686,-0.908416720675542,-87.91457797506041
24.349557162317733,-29.65110517067597,22.994906011749162,0.04508404824516199,-0.9082781504806343,-87.86814363967774
24.35897843741382,-29.656907189705166,22.998341953962946,0.045337349240265445,-0.9081394541533117,-87.82169725425237
24.368400218756932,-29.66270939152046,23.001779155243412,0.045590455112100636,-0.9080006317303052,-87.77523881878437
24.377822506727753,-29.66851177603191,23.00521761559054,0.0458433658286827,-0.9078616832483684,-87.72876833327369
24.38724530170707,-29.67431434314955,23.00865733500436,0.04609608135802401,-0.9077226087442765,-87.68228579772033
24.39666860407578,-29.680117092783405,23.012098313484856,0.04634860166813315,-0.9075834082548284,-87.63579121212432
24.406092414214864,-29.685920024843444,23.015540551032025,0.04660092672701521,-0.9074440818168452,-87.5892845764856
24.415516732505395,-29.691723139239624,23.018984047645883,0.046853056502672574,-0.9073046294671703,-87.54276589080426
24.424941559328598,-29.697526435881887,23.022428803326413,0.04710499096310472,-0.9071650512426706,-87.49623515508024
24.434366895065743,-29.703329914680122,23.025874818073618,0.04735673007630675,-0.9070253471802345,-87.44969236931354
24.44379274009822,-29.70913357554423,23.029322091887508,0.04760827381027166,-0.9068855173167738,-87.40313753350418
24.45321909480752,-29.714937418384018,23.03277062476807,0.04785962213298778,-0.9067455616892224,-87.35657064765222
24.46264595957523,-29.72074144310935,23.036220416715317,0.048110775012441986,-0.9066054803345376,-87.30999171175752
24.47207333478305,-29.72654564963,23.039671467729235,0.04836173241661684,-0.9064652732896985,-87.26340072582015
24.481501220812785,-29.73235003785575,23.043123777809836,0.048612494313492016,-0.906324940591707,-87.21679768984022
24.490929618046298,-29.73815460769633,23.04657734695711,0.04886306067104318,-0.9061844822775881,-87.17018260381751
24.5003585268656,-29.74395935906147,23.050032175171072,0.04911343145724406,-0.9060438983843886,-87.12355546775218
24.509787947652786,-29.749764291860835,23.05348826245171,0.049363606640064284,-0.9059031889491791,-87.07691628164419
24.519217880790062,-29.755569406004113,23.056945608799023,0.049613586187470915,-0.9057623540090525,-87.0302650454935
24.52864832665972,-29.76137470140091,23.06040421421301,0.049863370067427415,-0.9056213936011233,-86.98360175930019
24.538079285644137,-29.767180177960864,23.063864078693683,0.050112958247893524,-0.9054803077625297,-86.93692642306424
24.54751075812584,-29.772985835593516,23.067325202241033,0.05036235069682704,-0.9053390965304323,-86.89023903678559
24.556942744487408,-29.778791674208456,23.070787584855058,0.0506115473821811,-0.9051977599420148,-86.84353960046425
24.566375245111562,-29.78459769371519,23.07425122653576,0.050860548271907724,-0.9050562980344832,-86.79682811410028
24.57580826038109,-29.790403894023218,23.07771612728315,0.05110935333395378,-0.9049147108450648,-86.75010457769363
24.585241790678893,-29.796210275042,23.08118228709721,0.051357962536263235,-0.9047729984110127,-86.70336899124435
24.594675836387985,-29.802016836681002,23.084649705977956,0.05160637584677813,-0.9046311607695994,-86.65662135475237
24.604110397891464,-29.807823578849618,23.08811838392537,0.05185459323343633,-0.9044891979581227,-86.60986166821775
24.613545475572554,-29.81363050145726,23.091588320939465,0.05210261466417293,-0.9043471100139013,-86.56308993164042
24.622981069814536,-29.819437604413263,23.09505951702024,0.05235044010691947,-0.9042048969742773,-86.51630614502047
24.632417181000847,-29.82524488762698,23.098531972167695,0.052598069529605274,-0.9040625588766156,-86.46951030835783
24.641853809514974,-29.831052351007703,23.10200568638183,0.05284550290015472,-0.9039200957583037,-86.42270242165257
24.651290955740546,-29.83685999446471,23.10548065966264,0.05309274018649118,-0.9037775076567515,-86.3758824849046
24.660728620061263,-29.842667817907262,23.108956892010127,0.053339781356533666,-0.9036347946093921,-86.329050498114
24.670166802860958,-29.84847582124458,23.112434383424294,0.05358662637819833,-0.9034919566536812,-86.28220646128068
24.679605504523536,-29.854284004385857,23.115913133905146,0.05383327521939829,-0.9033489938270969,-86.23535037440475
24.689044725433014,-29.860092367240252,23.119393143452665,0.05407972784804327,-0.90320590616714,-86.18848223748616
24.69848446597352,-29.865900909716927,23.122874412066867,0.05432598423204016,-0.9030626937113347,-86.14160205052485
24.707924726529274,-29.87170963172498,23.12635693974774,0.054572044339293024,-0.9029193564972278,-86.09470981352092
24.717365507484597,-29.877518533173486,23.12984072649531,0.054817908137702376,-0.9027758945623867,-86.04780552647435
24.72680680922391,-29.883327613971506,23.133325772309547,0.055063575595165115,-0.9026323079444056,-86.00088918938506
24.736248632131755,-29.88913687402809,23.136812077190463,0.05530904667957681,-0.902488596680898,-85.95396080225309
24.745690976592734,-29.894946313252213,23.14029964113805,0.05555432135882782,-0.9023447608095019,-85.90702036507854
24.755133842991604,-29.900755931552865,23.143788464152326,0.05579939960080732,-0.9022008003678768,-85.86006787786125
24.764577231713186,-29.90656572883898,23.147278546233274,0.05604428137339956,-0.9020567153937065,-85.81310334060133
24.774021143142427,-29.91237570501948,23.150769887380907,0.05628896664448785,-0.9019125059246955,-85.7661267532987
24.783465577664334,-29.91818586000324,23.15426248759522,0.05653345538195009,-0.9017681719985732,-85.71913811595351
24.792910535664085,-29.923996193699146,23.1577563468762,0.056777747553663604,-0.9016237136530907,-85.67213742856558
24.80235601752689,-29.929806706016027,23.161251465223863,0.057021843127500194,-0.9014791309260223,-85.62512469113497
24.811802023638105,-29.93561739686266,23.164747842638207,0.05726574207133078,-0.9013344238551642,-85.57809990366174
24.821248554383164,-29.94142826614784,23.168245479119225,0.05750944435302158,-0.901189592478336,-85.53106306614583
24.830695610147636,-29.947239313780326,23.17174437466693,0.05775294994043684,-0.90104463683338,-85.48401417858729
24.840143191317146,-29.953050539668826,23.175244529281304,0.05799625880143716,-0.9008995569581622,-85.436953240986
24.84959129827746,-29.95886194372203,23.17874594296236,0.058239370903880705,-0.9007543528905695,-85.38988025334213
24.859039931414433,-29.964673525848603,23.182248615710094,0.058482286215622126,-0.900609024668513,-85.34279521565553
24.86848909111402,-29.970485285957185,23.18575254752451,0.058725004704513195,-0.9004635723299264,-85.29569812792627
24.877938777762267,-29.976297223956365,23.1892577384056,0.058967526338402354,-0.9003179959127656,-85.24858899015443
24.887388991745347,-29.982109339754757,23.19276418835337,0.0592098510851361,-0.90017229545501,-85.20146780233986
24.896839733449518,-29.98792163326087,23.19627189736782,0.05945197891255655,-0.9000264709946618,-85.15433456448264
24.906291003261156,-29.993734104383254,23.199780865448947,0.05969390978850386,-0.8998805225697456,-85.1071892765827
24.915742801566722,-29.999546753030387,23.20329109259675,0.05993564368081489,-0.8997344502183084,-85.06003193864022
24.925195128752787,-30.005359579110745,23.20680257881123,0.06017718055732307,-0.8995882539784217,-85.01286255065499
24.934647985206034,-30.01117258253276,23.210315324092388,0.060418520385859764,-0.899441933888178,-84.9656811126271
24.94410137131322,-30.016985763204822,23.21382932844023,0.06065966313425236,-0.8992954899856933,-84.91848762455658
24.953555287461242,-30.02279912103533,23.217344591854747,0.060900608770325715,-0.8991489223091067,-84.87128208644336
24.963009734037076,-30.028612655932626,23.220861114335946,0.06114135726190173,-0.8990022308965802,-84.8240644982875
24.972464711427808,-30.034426367805047,23.22437889588382,0.06138190857680009,-0.898855415786298,-84.77683486008893
24.981920220020623,-30.040240256560853,23.227897936498373,0.06162226268283583,-0.8987084770164677,-84.72959317184775
24.991376260202824,-30.046054322108336,23.231418236179604,0.0618624195478229,-0.8985614146253198,-84.68233943356385
25.00083283236178,-30.051868564355722,23.234939794927513,0.062102379139570674,-0.8984142286511076,-84.63507364523734
25.010289936885012,-30.057682983211198,23.238462612742104,0.062342141425886566,-0.8982669191321062,-84.58779580686814
25.01974757416011,-30.06349757858297,23.24198668962337,0.062581706374575,-0.8981194861066155,-84.5405059184563
25.029205744574767,-30.06931235037918,23.245512025571315,0.06282107395343706,-0.8979719296129569,-84.49320398000177
25.0386644485168,-30.075127298507937,23.24903862058594,0.06306024413027128,-0.8978242496894752,-84.44588999150459
25.048123686374126,-30.080942422877335,23.25256647466724,0.06329921687287315,-0.8976764463745377,-84.39856395296474
25.05758345853474,-30.086757723395433,23.25609558781522,0.06353799214903533,-0.8975285197065346,-84.35122586438224
25.067043765386764,-30.09257319997027,23.259625960029876,0.06377656992654712,-0.8973804697238801,-84.30387572575701
25.07650460731841,-30.098388852509846,23.263157591311217,0.0640149501731953,-0.8972322964650092,-84.25651353708922
25.085965984718023,-30.104204680922134,23.26669048165923,0.06425313285676432,-0.897083999968382,-84.20913929837869
25.095427897973995,-30.110020685115064,23.270224631073923,0.06449111794503432,-0.8969355802724794,-84.16175300962556
25.10489034747488,-30.11583686499659,23.27376003955529,0.06472890540578385,-0.8967870374158078,-84.11435467082968
25.11435333360929,-30.121653220474556,23.277296707103346,0.06496649520678804,-0.8966383714368934,-84.06694428199116
25.123816856765984,-30.127469751456843,23.280834633718076,0.06520388731581911,-0.8964895823742882,-84.01952184311004
25.133280917333767,-30.133286457851266,23.284373819399484,0.06544108170064611,-0.8963406702665648,-83.9720873541862
25.142745515701627,-30.139103339565647,23.287914264147567,0.06567807832903666,-0.8961916351523211,-83.9246408152197
25.152210652258567,-30.144920396507725,23.291455967962325,0.06591487716875333,-0.8960424770701753,-83.87718222621054
25.161676327393764,-30.15073762858525,23.294998930843775,0.06615147818755762,-0.8958931960587702,-83.82971158715876
25.171142541496465,-30.15655503570595,23.298543152791886,0.0663878813532075,-0.8957437921567718,-83.78222889806422
25.18060929495601,-30.16237261777748,23.302088633806687,0.06662408663345781,-0.8955942654028672,-83.73473415892708
25.190076588161887,-30.168190374707507,23.305635373888162,0.06686009399606097,-0.8954446158357692,-83.6872273697473
25.19954442150363,-30.174008306403643,23.309183373036323,0.06709590340876609,-0.8952948434942104,-83.63970853052483
25.20901279537093,-30.179826412773497,23.312732631251155,0.06733151483932076,-0.8951449484169487,-83.59217764125965
25.21848171015356,-30.185644693724605,23.31628314853267,0.0675669282554679,-0.8949949306427645,-83.54463470195184
25.227951166241386,-30.19146314916453,23.31983492488085,0.06780214362494885,-0.8948447902104608,-83.49707971260139
25.23742116402439,-30.19728177900075,23.323387960295722,0.06803716091550166,-0.8946945271588629,-83.44951267320826
