galstreams/tracks/track.st.M92.thomas2020.ecsv
# %ECSV 0.9
# ---
# datatype:
# - {name: ra, unit: deg, datatype: float64}
# - {name: dec, unit: deg, datatype: float64}
# - {name: distance, unit: kpc, datatype: float64}
# - {name: pm_ra_cosdec, unit: mas / yr, datatype: float64}
# - {name: pm_dec, unit: mas / yr, datatype: float64}
# - {name: radial_velocity, unit: km / s, datatype: float64}
# delimiter: ','
# meta: !!omap
# - __serialized_columns__:
#     dec:
#       __class__: astropy.coordinates.angles.Latitude
#       unit: &id001 !astropy.units.Unit {unit: deg}
#       value: !astropy.table.SerializedColumn {name: dec}
#     distance:
#       __class__: astropy.coordinates.distances.Distance
#       unit: !astropy.units.Unit {unit: kpc}
#       value: !astropy.table.SerializedColumn {name: distance}
#     pm_dec:
#       __class__: astropy.units.quantity.Quantity
#       unit: !astropy.units.Unit {unit: mas / yr}
#       value: !astropy.table.SerializedColumn {name: pm_dec}
#     pm_ra_cosdec:
#       __class__: astropy.units.quantity.Quantity
#       unit: !astropy.units.Unit {unit: mas / yr}
#       value: !astropy.table.SerializedColumn {name: pm_ra_cosdec}
#     ra:
#       __class__: astropy.coordinates.angles.Longitude
#       unit: *id001
#       value: !astropy.table.SerializedColumn {name: ra}
#       wrap_angle: !astropy.coordinates.Angle
#         unit: *id001
#         value: 360.0
#     radial_velocity:
#       __class__: astropy.units.quantity.Quantity
#       unit: !astropy.units.Unit {unit: km / s}
#       value: !astropy.table.SerializedColumn {name: radial_velocity}
# schema: astropy-2.0
ra,dec,distance,pm_ra_cosdec,pm_dec,radial_velocity
250.28337694840351,39.28458415009297,8.300000000000008,0.0,0.0,0.0
250.3887967418023,39.38179749323113,8.300000000000008,0.0,0.0,0.0
250.4945382624833,39.477483815174686,8.30000000000001,0.0,0.0,0.0
250.6005954634905,39.571653760349754,8.300000000000006,0.0,0.0,0.0
250.70696229798884,39.6643178964647,8.300000000000006,0.0,0.0,0.0
250.81363272003279,39.755486715023665,8.300000000000006,0.0,0.0,0.0
250.92060068534252,39.84517063183769,8.300000000000004,0.0,0.0,0.0
251.02786015208645,39.93337998753362,8.300000000000004,0.0,0.0,0.0
251.1354050816694,40.02012504806076,8.300000000000004,0.0,0.0,0.0
251.24322943952666,40.10541600519499,8.300000000000006,0.0,0.0,0.0
251.35132719592121,40.189262977040755,8.300000000000002,0.0,0.0,0.0
251.45969232674616,40.27167600853052,8.300000000000002,0.0,0.0,0.0
251.56831881432936,40.35266507192194,8.300000000000004,0.0,0.0,0.0
251.677200648241,40.43224006729264,8.300000000000002,0.0,0.0,0.0
251.78633182610335,40.51041082303259,8.300000000000004,0.0,0.0,0.0
251.895706354401,40.58718709633416,8.3,0.0,0.0,0.0
252.0053182492924,40.66257857367974,8.300000000000002,0.0,0.0,0.0
252.11516153742156,40.73659487132695,8.3,0.0,0.0,0.0
252.22523025672893,40.809245535791625,8.300000000000002,0.0,0.0,0.0
252.33551845726117,40.88054004432827,8.3,0.0,0.0,0.0
252.44602020197974,40.95048780540831,8.3,0.0,0.0,0.0
252.55672956756675,41.019098159195856,8.299999999999999,0.0,0.0,0.0
252.66764064522857,41.086380378021275,8.299999999999999,0.0,0.0,0.0
252.77874754149627,41.152343666852396,8.3,0.0,0.0,0.0
252.89004437902142,41.21699716376341,8.3,0.0,0.0,0.0
253.00152529736897,41.28034994040151,8.300000000000002,0.0,0.0,0.0
253.11318445380434,41.3424110024513,8.3,0.0,0.0,0.0
253.2250160240759,41.403189290096954,8.3,0.0,0.0,0.0
253.33701420319167,41.462693678482175,8.3,0.0,0.0,0.0
253.44917320618967,41.520932978168005,8.3,0.0,0.0,0.0
253.56148726890206,41.577915935588415,8.3,0.0,0.0,0.0
253.6739506487121,41.63365123350387,8.300000000000002,0.0,0.0,0.0
253.78655762530397,41.68814749145274,8.300000000000002,0.0,0.0,0.0
253.89930250140463,41.74141326620062,8.300000000000002,0.0,0.0,0.0
254.01217960351775,41.793457052187705,8.3,0.0,0.0,0.0
254.1251832826486,41.844287281974196,8.3,0.0,0.0,0.0
254.23830791502107,41.89391232668361,8.3,0.0,0.0,0.0
254.3515479027844,41.94234049644425,8.300000000000002,0.0,0.0,0.0
254.4648976747116,41.98958004082886,8.299999999999999,0.0,0.0,0.0
254.5783516868867,42.03563914929233,8.3,0.0,0.0,0.0
254.6919044233827,42.080525951607605,8.3,0.0,0.0,0.0
254.8055503969294,42.12424851829994,8.3,0.0,0.0,0.0
254.91928414956936,42.16681486107928,8.3,0.0,0.0,0.0
255.03310025330467,42.208232933271006,8.3,0.0,0.0,0.0
255.14699331073058,42.24851063024519,8.3,0.0,0.0,0.0
255.2609579556591,42.28765578984395,8.300000000000004,0.0,0.0,0.0
255.37498885373077,42.325676192807556,8.300000000000002,0.0,0.0,0.0
255.48908070301388,42.3625795631988,8.300000000000004,0.0,0.0,0.0
255.60322823459273,42.39837356882607,8.300000000000004,0.0,0.0,0.0
255.71742621314274,42.43306582166483,8.300000000000004,0.0,0.0,0.0
255.83166943749356,42.46666387827793,8.300000000000002,0.0,0.0,0.0
255.94595274117995,42.499175240234315,8.300000000000002,0.0,0.0,0.0
256.0602709929795,42.53060735452677,8.300000000000002,0.0,0.0,0.0
256.1746190974381,42.56096761398814,8.300000000000004,0.0,0.0,0.0
256.2889919953816,42.59026335770651,8.300000000000002,0.0,0.0,0.0
256.40338466441574,42.618501871439186,8.300000000000002,0.0,0.0,0.0
256.51779211941175,42.645690388025606,8.300000000000004,0.0,0.0,0.0
256.63220941297965,42.67183608779916,8.300000000000004,0.0,0.0,0.0
256.74663163592794,42.69694609899797,8.300000000000002,0.0,0.0,0.0
256.8610539177098,42.72102749817484,8.300000000000002,0.0,0.0,0.0
256.9754714268562,42.74408731060612,8.300000000000002,0.0,0.0,0.0
257.0898793713956,42.76613251069979,8.300000000000004,0.0,0.0,0.0
257.2042729992606,42.78717002240273,8.300000000000004,0.0,0.0,0.0
257.31864759867995,42.80720671960707,8.300000000000004,0.0,0.0,0.0
257.4329984985585,42.826249426556046,8.300000000000002,0.0,0.0,0.0
257.54732106884313,42.844304918248966,8.300000000000002,0.0,0.0,0.0
257.661610720875,42.861379920845515,8.300000000000004,0.0,0.0,0.0
257.77586290772905,42.87748111206964,8.300000000000002,0.0,0.0,0.0
257.89007312453975,42.89261512161263,8.300000000000004,0.0,0.0,0.0
258.0042369088133,42.906788531535966,8.300000000000002,0.0,0.0,0.0
258.11834984072743,42.920007876673374,8.300000000000004,0.0,0.0,0.0
258.2324075434167,42.93227964503268,8.300000000000002,0.0,0.0,0.0
258.3464056832463,42.94361027819717,8.300000000000002,0.0,0.0,0.0
258.46033997007135,42.95400617172668,8.300000000000004,0.0,0.0,0.0
258.5742061574838,42.96347367555822,8.300000000000002,0.0,0.0,0.0
258.6880000430468,42.972019094406505,8.300000000000002,0.0,0.0,0.0
258.8017174685158,42.979648688164126,8.300000000000002,0.0,0.0,0.0
258.9153543200473,42.98636867230159,8.3,0.0,0.0,0.0
259.02890652839466,42.992185218267196,8.300000000000002,0.0,0.0,0.0
259.1423700690919,42.99710445388674,8.3,0.0,0.0,0.0
259.25574096262505,43.001132463763255,8.3,0.0,0.0,0.0
259.3690152745913,43.00427528967654,8.3,0.0,0.0,0.0
259.4821891158461,43.00653893098282,8.300000000000002,0.0,0.0,0.0
259.5952586426385,43.00792934501439,8.3,0.0,0.0,0.0
259.7082200567345,43.008452447479215,8.299999999999999,0.0,0.0,0.0
259.82106960552903,43.00811411286082,8.3,0.0,0.0,0.0
259.93380358214637,43.00692017481806,8.3,0.0,0.0,0.0
260.0464183255298,43.00487642658529,8.300000000000002,0.0,0.0,0.0
260.15891022051926,43.00198862137246,8.3,0.0,0.0,0.0
260.2712756979186,42.99826247276569,8.3,0.0,0.0,0.0
260.38351123455226,42.99370365512782,8.3,0.0,0.0,0.0
260.49561335331106,42.98831780399946,8.3,0.0,0.0,0.0
260.6075786231878,42.98211051650014,8.299999999999997,0.0,0.0,0.0
260.7194036593025,42.97508735172999,8.299999999999999,0.0,0.0,0.0
260.8310851229176,42.96725383117153,8.299999999999999,0.0,0.0,0.0
260.9426197214436,42.958615439092064,8.299999999999999,0.0,0.0,0.0
261.05400420843483,42.949177622946245,8.299999999999999,0.0,0.0,0.0
261.1652353835759,42.9389457937793,8.3,0.0,0.0,0.0
261.27631009265883,42.92792532663047,8.299999999999999,0.0,0.0,0.0
261.3872252275512,42.91612156093707,8.299999999999999,0.0,0.0,0.0
261.4979777261555,42.90353980093894,8.299999999999999,0.0,0.0,0.0
261.6085645723598,42.89018531608348,8.3,0.0,0.0,0.0
261.71898279597974,42.87606334143112,8.299999999999997,0.0,0.0,0.0
261.82922947269316,42.861179078061376,8.299999999999997,0.0,0.0,0.0
261.93930172396546,42.84553769347948,8.299999999999997,0.0,0.0,0.0
262.04919671696797,42.829144322023545,8.299999999999995,0.0,0.0,0.0
262.15891166448876,42.81200406527234,8.299999999999997,0.0,0.0,0.0
262.2684438248355,42.79412199245368,8.299999999999999,0.0,0.0,0.0
262.3777905017318,42.775503140853395,8.299999999999997,0.0,0.0,0.0
262.48694904420574,42.756152516225,8.299999999999999,0.0,0.0,0.0
262.59591684647233,42.73607509319991,8.299999999999999,0.0,0.0,0.0
262.7046913478094,42.715275815698426,8.299999999999997,0.0,0.0,0.0
262.81327003242626,42.693759597341284,8.299999999999997,0.0,0.0,0.0
262.92165042932754,42.671531321861956,8.299999999999995,0.0,0.0,0.0
263.02983011216975,42.64859584351963,8.299999999999995,0.0,0.0,0.0
263.13780669911273,42.624957987512836,8.299999999999997,0.0,0.0,0.0
263.24557785266603,42.600622550393794,8.299999999999997,0.0,0.0,0.0
263.3531412795288,42.57559430048357,8.299999999999995,0.0,0.0,0.0
263.46049473042535,42.5498779782878,8.299999999999995,0.0,0.0,0.0
263.5676359999356,42.52347829691324,8.299999999999995,0.0,0.0,0.0
263.6745629263207,42.496399942485006,8.299999999999994,0.0,0.0,0.0
263.781273391344,42.468647574564585,8.299999999999995,0.0,0.0,0.0
263.8877653200879,42.44022582656859,8.299999999999997,0.0,0.0,0.0
263.9940366807663,42.41113930618817,8.299999999999995,0.0,0.0,0.0
264.1000854845335,42.38139259580925,8.299999999999995,0.0,0.0,0.0
264.2059097852883,42.35099025293357,8.299999999999995,0.0,0.0,0.0
264.3115076794758,42.31993681060033,8.299999999999995,0.0,0.0,0.0
264.41687730588495,42.288236777808706,8.299999999999992,0.0,0.0,0.0
264.522016845443,42.255894639941076,8.299999999999994,0.0,0.0,0.0
264.6269245210071,42.22291485918701,8.299999999999994,0.0,0.0,0.0
264.7315985971528,42.18930187496798,8.299999999999994,0.0,0.0,0.0
264.83603737996,42.155060104362896,8.299999999999994,0.0,0.0,0.0
264.9402392167962,42.1201939425343,8.299999999999994,0.0,0.0,0.0
265.04420249609785,42.084707763155436,8.299999999999995,0.0,0.0,0.0
265.14792564714867,42.04860591883788,8.299999999999994,0.0,0.0,0.0
265.2514071398569,42.0118927415601,8.299999999999994,0.0,0.0,0.0
265.35464548452995,41.97457254309668,8.299999999999994,0.0,0.0,0.0
265.45763923164805,41.93664961544822,8.299999999999995,0.0,0.0,0.0
265.56038697163524,41.898128231272125,8.299999999999994,0.0,0.0,0.0
265.6628873346308,41.85901264431393,8.299999999999994,0.0,0.0,0.0
265.7651389902573,41.819307089839526,8.299999999999994,0.0,0.0,0.0
265.86714064738925,41.77901578506794,8.299999999999994,0.0,0.0,0.0
265.9688910539203,41.73814292960503,8.299999999999995,0.0,0.0,0.0
266.07038899652906,41.696692705877666,8.299999999999994,0.0,0.0,0.0
266.1716333004453,41.65466927956871,8.299999999999994,0.0,0.0,0.0
266.27262282921504,41.612076800052776,8.299999999999997,0.0,0.0,0.0
266.3733564844652,41.56891940083252,8.299999999999997,0.0,0.0,0.0
266.4738332056685,41.52520119997568,8.299999999999995,0.0,0.0,0.0
266.5740519699077,41.480926300552845,8.299999999999995,0.0,0.0,0.0
266.6740117916407,41.43609879107573,8.299999999999997,0.0,0.0,0.0
266.77371172246455,41.39072274593627,8.299999999999997,0.0,0.0,0.0
266.87315085088113,41.34480222584628,8.299999999999995,0.0,0.0,0.0
266.9723283020623,41.298341278277746,8.299999999999995,0.0,0.0,0.0
267.0712432376158,41.25134393790371,8.299999999999995,0.0,0.0,0.0
267.1698948553521,41.20381422703993,8.299999999999997,0.0,0.0,0.0
267.26828238905165,41.15575615608691,8.299999999999995,0.0,0.0,0.0
267.3664051082331,41.107173723972714,8.299999999999997,0.0,0.0,0.0
267.46426231792265,41.0580709185963,8.299999999999997,0.0,0.0,0.0
267.5618533584243,41.00845171727145,8.299999999999997,0.0,0.0,0.0
267.6591776050913,40.958320087171174,8.299999999999997,0.0,0.0,0.0
267.7562344680993,40.90767998577282,8.299999999999997,0.0,0.0,0.0
267.8530233922198,40.85653536130364,8.299999999999997,0.0,0.0,0.0
267.94954385659685,40.804890153186854,8.3,0.0,0.0,0.0
268.0457953745233,40.75274829248831,8.3,0.0,0.0,0.0
268.14177749322045,40.700113702363645,8.3,0.0,0.0,0.0
268.2374897936185,40.64699029850587,8.299999999999999,0.0,0.0,0.0
268.332931890139,40.593381989593524,8.299999999999999,0.0,0.0,0.0
268.4281034304794,40.53929267773928,8.3,0.0,0.0,0.0
268.52300409539953,40.48472625893897,8.3,0.0,0.0,0.0
268.61763359851034,40.42968662352111,8.3,0.0,0.0,0.0
268.71199168606427,40.37417765659681,8.3,0.0,0.0,0.0
268.8060781367486,40.31820323851018,8.300000000000002,0.0,0.0,0.0
268.89989276148077,40.261767245289114,8.300000000000002,0.0,0.0,0.0
268.99343540320575,40.2048735490964,8.300000000000002,0.0,0.0,0.0
269.08670593669655,40.14752601868134,8.300000000000004,0.0,0.0,0.0
269.17970426835683,40.089728519831645,8.300000000000006,0.0,0.0,0.0
269.27243033602616,40.03148491582574,8.300000000000006,0.0,0.0,0.0
269.364884108788,39.97279906788538,8.300000000000006,0.0,0.0,0.0
269.45706558678035,39.91367483562868,8.300000000000006,0.0,0.0,0.0
269.54897480100936,39.85411607752329,8.300000000000004,0.0,0.0,0.0
269.6406118131655,39.7941266513401,8.300000000000006,0.0,0.0,0.0
269.7319767154428,39.733710414607046,8.300000000000008,0.0,0.0,0.0
269.8230696303609,39.672871225063325,8.300000000000008,0.0,0.0,0.0
269.9138907105904,39.61161294111376,8.300000000000008,0.0,0.0,0.0
270.0044401387808,39.54993942228354,8.30000000000001,0.0,0.0,0.0
270.0947181273924,39.487854529673115,8.300000000000011,0.0,0.0,0.0
270.18472491853,39.425362126413255,8.30000000000001,0.0,0.0,0.0
270.274460783781,39.36246607812054,8.300000000000011,0.0,0.0,0.0
270.36392602405647,39.29917025335277,8.30000000000001,0.0,0.0,0.0
270.453120969435,39.23547852406475,8.300000000000013,0.0,0.0,0.0
270.5420459790105,39.17139476606417,8.300000000000013,0.0,0.0,0.0
270.63070144074305,39.1069228594676,8.300000000000013,0.0,0.0,0.0
270.71908777131335,39.042066689156755,8.300000000000017,0.0,0.0,0.0
270.80720541598043,38.9768301452347,8.300000000000015,0.0,0.0,0.0
270.8950548484429,38.911217123482324,8.300000000000015,0.0,0.0,0.0
270.98263657070396,38.84523152581482,8.300000000000018,0.0,0.0,0.0
271.0699511129397,38.77887726073826,8.300000000000018,0.0,0.0,0.0
271.156999033371,38.712158243806314,8.300000000000018,0.0,0.0,0.0
271.2437809181394,38.64507839807683,8.300000000000018,0.0,0.0,0.0
271.3302973811864,38.57764165456872,8.30000000000002,0.0,0.0,0.0
