galstreams/tracks/track.st.Phoenix.shipp2019.ecsv
# %ECSV 0.9
# ---
# datatype:
# - {name: ra, unit: deg, datatype: float64}
# - {name: dec, unit: deg, datatype: float64}
# - {name: distance, unit: kpc, datatype: float64}
# - {name: pm_ra_cosdec, unit: mas / yr, datatype: float64}
# - {name: pm_dec, unit: mas / yr, datatype: float64}
# - {name: radial_velocity, unit: km / s, datatype: float64}
# delimiter: ','
# meta: !!omap
# - __serialized_columns__:
#     dec:
#       __class__: astropy.coordinates.angles.Latitude
#       unit: &id001 !astropy.units.Unit {unit: deg}
#       value: !astropy.table.SerializedColumn {name: dec}
#     distance:
#       __class__: astropy.coordinates.distances.Distance
#       unit: !astropy.units.Unit {unit: kpc}
#       value: !astropy.table.SerializedColumn {name: distance}
#     pm_dec:
#       __class__: astropy.units.quantity.Quantity
#       unit: !astropy.units.Unit {unit: mas / yr}
#       value: !astropy.table.SerializedColumn {name: pm_dec}
#     pm_ra_cosdec:
#       __class__: astropy.units.quantity.Quantity
#       unit: !astropy.units.Unit {unit: mas / yr}
#       value: !astropy.table.SerializedColumn {name: pm_ra_cosdec}
#     ra:
#       __class__: astropy.coordinates.angles.Longitude
#       unit: *id001
#       value: !astropy.table.SerializedColumn {name: ra}
#       wrap_angle: !astropy.coordinates.Angle
#         unit: *id001
#         value: 360.0
#     radial_velocity:
#       __class__: astropy.units.quantity.Quantity
#       unit: !astropy.units.Unit {unit: km / s}
#       value: !astropy.table.SerializedColumn {name: radial_velocity}
# schema: astropy-2.0
ra,dec,distance,pm_ra_cosdec,pm_dec,radial_velocity
[from data line 404]
23.01683996775302,-51.5666916798873,17.500000000001002,2.718043211264742,-0.04691480147168246,7.142672568263336e-09
23.023712938795015,-51.557629375303634,17.500000000001005,2.7179065325965004,-0.04691806506326253,7.177789009237713e-09
23.030580905299068,-51.54856607804853,17.500000000001005,2.717770136288737,-0.04692179527367471,7.212724140569825e-09
23.03744387022983,-51.53950178881391,17.500000000001005,2.7176340224084807,-0.04692599183190654,7.247546380992603e-09
23.044301836550083,-51.530436508290705,17.50000000000101,2.717498191022573,-0.04693065446719562,7.282247046589943e-09
23.051154807220435,-51.52137023716923,17.50000000000101,2.7173626421976644,-0.04693578290903544,7.3168429788961045e-09
23.058002785199626,-51.51230297613881,17.500000000001013,2.71722737600022,-0.04694137688716787,7.351285232202147e-09
23.064845773444247,-51.503234725888255,17.500000000001013,2.7170923924965145,-0.046947436131590733,7.3856432778368895e-09
23.071683774909015,-51.49416548710528,17.500000000001023,2.7169576917526364,-0.04695396037254987,7.419850802259187e-09
23.078516792546484,-51.4850952604771,17.500000000001023,2.716823273834489,-0.04696094934054805,7.453916752534112e-09
23.085344829307363,-51.476024046689886,17.500000000001027,2.716689138807786,-0.046968402766333156,7.487863496324355e-09
23.09216788814018,-51.466951846429296,17.500000000001027,2.716555286738055,-0.04697632038090961,7.52170629627034e-09
23.098985971991617,-51.45787866037994,17.50000000000103,2.716421717690637,-0.046984701915529684,7.555401469642578e-09
23.105799083806225,-51.44880448922581,17.50000000000103,2.7162884317306912,-0.046993547101700506,7.589018487769893e-09
23.11260722652655,-51.43972933365013,17.500000000001034,2.716155428923184,-0.04700285567117739,7.622441038806302e-09
23.119410403093244,-51.4306531943352,17.500000000001034,2.716022709332907,-0.04701262735596495,7.655795171109781e-09
23.1262086164448,-51.42157607196271,17.50000000000104,2.7158902730244527,-0.0470228618883238,7.68899483496622e-09
23.133001869517866,-51.412497967213426,17.50000000000104,2.715758120062247,-0.0470335590007578,7.7220876603397e-09
23.139790165246907,-51.40341888076747,17.50000000000104,2.7156262505105166,-0.04704471842602852,7.755033648586354e-09
23.146573506564554,-51.39433881330401,17.500000000001044,2.7154946644333107,-0.04705633989713968,7.787865167029835e-09
23.15335189640129,-51.38525776550166,17.500000000001048,2.715363361894496,-0.047068423147353294,7.820573794903013e-09
23.160125337685713,-51.37617573803806,17.50000000000105,2.715232342957755,-0.04708096791017348,7.853165584632265e-09
23.166893833344304,-51.36709273159022,17.500000000001048,2.7151016076865875,-0.04709397391935986,7.885620536895658e-09
23.17365738630166,-51.358008746834244,17.50000000000106,2.7149711561443075,-0.04710744090891676,7.917948651354157e-09
23.180415999480257,-51.3489237844456,17.500000000001062,2.7148409883940534,-0.04712136861310186,7.950149138560842e-09
23.187169675800693,-51.339837845098856,17.500000000001062,2.7147111044987797,-0.04713575676641836,7.9822241037075e-09
23.193918418181433,-51.33075092946793,17.500000000001062,2.7145815045212554,-0.047150605103621235,8.0141795992205e-09
23.200662229539088,-51.32166303822583,17.500000000001066,2.7144521885240733,-0.047165913359711056,8.046011677865254e-09
23.207401112788105,-51.31257417204495,17.50000000000107,2.7143231565696446,-0.04718168126994165,8.07773244449451e-09
23.214135070841106,-51.30348433159675,17.50000000000107,2.7141944087201995,-0.04719790856980803,8.109304005656184e-09
23.22086410660855,-51.2943935175521,17.500000000001073,2.7140659450377864,-0.04721459499506249,8.14075478143934e-09
23.227588222999056,-51.285301730580905,17.500000000001076,2.713937765584277,-0.0472317402816965,8.172103192272072e-09
23.234307422919105,-51.27620897135251,17.50000000000108,2.7138098704213625,-0.047249344165956594,8.203321081214292e-09
23.241021709273305,-51.26711524053529,17.500000000001076,2.713682259610558,-0.047267406384330996,8.23440213269065e-09
23.247731084964183,-51.25802053879699,17.50000000000108,2.713554933213191,-0.0472859266735596,8.265352925425469e-09
23.254435552892268,-51.24892486680463,17.500000000001084,2.713427891290421,-0.04730490477063018,8.296197669124245e-09
23.261135115956193,-51.23982822522426,17.500000000001087,2.7133011339032236,-0.04732434041277339,8.326922416891421e-09
23.26782977705246,-51.23073061472141,17.50000000000109,2.7131746611123995,-0.047344233337471314,8.357476380975244e-09
23.27451953907573,-51.22163203596063,17.50000000000109,2.7130484729785715,-0.047364583282449225,8.387924559171999e-09
23.281204404918526,-51.21253248960592,17.500000000001098,2.7129225695621826,-0.04738538998568172,8.418258530714554e-09
23.28788437747152,-51.203431976320296,17.500000000001094,2.7127969509235044,-0.047406653185387934,8.44848382173134e-09
23.294559459623258,-51.194330496766256,17.500000000001098,2.712671617122625,-0.04742837262003633,8.478590695710362e-09
23.301229654260414,-51.18522805160528,17.500000000001105,2.7125465682194645,-0.0474505480283382,8.508519680983766e-09
23.30789496426757,-51.17612464149833,17.50000000000111,2.71242180427376,-0.04747317914925245,8.538387878844449e-09
23.31455539252744,-51.167020267105414,17.500000000001112,2.7122973253450793,-0.04749626572198409,8.568059241273474e-09
23.32121094192062,-51.157914929085955,17.500000000001112,2.712173131492813,-0.04751980748598256,8.597668237395941e-09
23.327861615325833,-51.14880862809844,17.500000000001112,2.7120492227761757,-0.047543804180943346,8.627119344134725e-09
23.334507415619722,-51.13970136480081,17.500000000001116,2.711925599254207,-0.04756825554680879,8.656464401837465e-09
23.341148345677055,-51.13059313985001,17.50000000000112,2.7118022609857744,-0.0475931613237624,8.685675253564074e-09
23.34778440837047,-51.12148395390246,17.500000000001123,2.711679208029571,-0.04761852125223842,8.714758741187844e-09
23.354415606570786,-51.11237380761364,17.500000000001123,2.711556440444121,-0.0476443350729092,8.74370328615397e-09
23.36104194314669,-51.10326270163846,17.500000000001123,2.7114339582877665,-0.0476706025266978,8.77257335996079e-09
23.367663420965005,-51.094150636630864,17.50000000000113,2.711311761618682,-0.04769732335476799,8.801256071698973e-09
23.37428004289048,-51.085037613244275,17.500000000001126,2.711189850494871,-0.04772449729852933,8.829853260020993e-09
23.380891811785983,-51.07592363213115,17.50000000000113,2.711068224974161,-0.047752124099633156,8.85831440032407e-09
23.387498730512302,-51.066808693943344,17.500000000001133,2.710946885114212,-0.04778020349997877,8.886663702313703e-09
23.394100801928268,-51.05769279933197,17.500000000001137,2.7108258309725093,-0.047808735241707354,8.914885640200497e-09
23.400698028890815,-51.04857594894724,17.500000000001137,2.7107050626063693,-0.0478377190672019,8.942951267597443e-09
23.407290414254796,-51.039458143438814,17.50000000000114,2.710584580072933,-0.04786715471909065,8.970929529535417e-09
23.413877960873172,-51.030339383455434,17.500000000001144,2.710464383429178,-0.047897041940245036,8.99876805936883e-09
23.420460671596835,-51.02121966964525,17.500000000001144,2.710344472731908,-0.04792738047377963,9.026490803654206e-09
23.427038549274826,-51.012099002655496,17.500000000001148,2.7102248480377535,-0.047958170063049976,9.054080920857287e-09
23.43361159675407,-51.002977383132865,17.500000000001144,2.7101055094031823,-0.047989410451657985,9.081546831745203e-09
23.44017981687965,-50.9938548117231,17.500000000001155,2.7099864568844874,-0.048021101383443995,9.108885115381307e-09
23.446743212494553,-50.98473128907138,17.500000000001155,2.7098676905377954,-0.04805324260249469,9.13610813976732e-09
23.453301786439923,-50.97560681582198,17.500000000001158,2.709749210419066,-0.04808583385313481,9.163198273922065e-09
23.45985554155482,-50.96648139261863,17.500000000001158,2.709631016584086,-0.048118874879935214,9.190165780655481e-09
23.466404480676413,-50.957355020104075,17.50000000000116,2.709513109088479,-0.04815236542770486,9.216979608388777e-09
23.47294860663983,-50.948227698920576,17.500000000001165,2.7093954879876985,-0.04818630524149881,9.243722385899414e-09
23.479487922278327,-50.939099429709415,17.500000000001172,2.7092781533370283,-0.04822069406660697,9.2703272733483e-09
23.486022430423052,-50.92997021311137,17.50000000000117,2.7091611051915936,-0.04825553164856933,9.29680216520462e-09
23.492552133903356,-50.92084004976624,17.500000000001172,2.709044343606341,-0.04829081773315867,9.3231254832526e-09
23.49907703554646,-50.911708940313346,17.500000000001176,2.708927868636062,-0.04832655206639503,9.349370382906684e-09
23.50559713817776,-50.902576885391,17.500000000001176,2.708811680335374,-0.04836273439453457,9.375477392499017e-09
23.51211244462054,-50.89344388563705,17.50000000000118,2.7086957787587327,-0.04839936446407815,9.401409144875459e-09
23.518622957696287,-50.88430994168835,17.50000000000118,2.7085801639604288,-0.0484364420217632,9.42727537315767e-09
23.525128680224405,-50.87517505418123,17.50000000000118,2.7084648359945835,-0.04847396681456939,9.452986080396954e-09
23.531629615022325,-50.86603922375123,17.500000000001187,2.7083497949151596,-0.04851193858971911,9.478598106771432e-09
23.53812576490562,-50.856902451033044,17.50000000000119,2.70823504077595,-0.048550357094668956,9.504059348784493e-09
23.544617132687787,-50.84776473666083,17.50000000000119,2.708120573630587,-0.04858922207712092,9.529414541761512e-09
23.55110372118047,-50.83862608126779,17.50000000000119,2.7080063935325347,-0.04862853328501178,9.554623950207594e-09
23.557585533193244,-50.82948648548664,17.500000000001197,2.7078925005350993,-0.048668290466521956,9.57971283642413e-09
23.56406257153385,-50.82034594994913,17.500000000001197,2.70777889469142,-0.04870849337006718,9.604714357181694e-09
23.570534839007923,-50.8112044752865,17.500000000001197,2.7076655760544743,-0.04874914174430667,9.629560883194274e-09
23.577002338419295,-50.80206206212905,17.5000000000012,2.707552544677074,-0.048790235338132995,9.654290044764981e-09
23.583465072569695,-50.792918711106594,17.500000000001204,2.707439800611875,-0.04883177390068459,9.678881053124964e-09
23.589923044259034,-50.783774422847934,17.500000000001208,2.7073273439113668,-0.04887375718133029,9.703363117810204e-09
23.596376256285133,-50.77462919798145,17.500000000001208,2.7072151746278768,-0.048916184929684706,9.727715713200821e-09
23.602824711444,-50.76548303713452,17.500000000001208,2.7071032928135734,-0.04895905689559443,9.751935944658116e-09
23.60926841252955,-50.75633594093403,17.50000000000121,2.7069916985204605,-0.04900237282914964,9.776063810825956e-09
23.61570736233387,-50.74718791000594,17.500000000001215,2.706880391800384,-0.0490461324806733,9.800032208716274e-09
23.622141563646966,-50.73803894497569,17.50000000000122,2.706769372705031,-0.04909033560073193,9.823859558757166e-09
23.628571019257055,-50.728889046467806,17.50000000000122,2.706658641285924,-0.049134981940121725,9.847593227763738e-09
23.634995731950227,-50.71973821510627,17.50000000000122,2.706548197594428,-0.049180071249884674,9.871206637689736e-09
23.64141570451078,-50.710586451514146,17.500000000001222,2.706438041681748,-0.049225603281291413,9.894705314663592e-09
23.647830939720965,-50.70143375631396,17.500000000001226,2.706328173598931,-0.04927157778585746,9.918043733913004e-09
23.65424144036107,-50.69228013012749,17.50000000000123,2.706218593396861,-0.0493179945153307,9.941278472467132e-09
23.660647209209547,-50.68312557357567,17.50000000000123,2.7061093011262716,-0.049364853221695607,9.964400056962952e-09
23.66704824904277,-50.673970087278875,17.50000000000123,2.706000296837728,-0.04941215365717601,9.987377698970647e-09
23.673444562635293,-50.66481367185661,17.500000000001233,2.705891580581643,-0.049459895574228065,1.0010217187767615e-08
23.679836152759606,-50.65565632792784,17.500000000001233,2.7057831524082725,-0.04950807872554704,1.0032975363531986e-08
23.686223022186372,-50.64649805611062,17.500000000001233,2.705675012367712,-0.04955670286406201,1.0055574334167808e-08
23.692605173684186,-50.637338857022506,17.500000000001236,2.705567160509899,-0.049605767742941204,1.0078053045723057e-08
23.698982610019836,-50.628178731280116,17.50000000000124,2.7054595968846193,-0.049655273115582196,1.0100419655815889e-08
23.705355333958035,-50.61901767949956,17.500000000001243,2.7053523215414983,-0.04970521873562548,1.012266995406274e-08
23.711723348261675,-50.60985570229603,17.500000000001247,2.705245334530005,-0.049755604356941,1.0144778941311193e-08
23.718086655691597,-50.600692800284264,17.500000000001247,2.705138635899454,-0.049806429733637206,1.0166758985562969e-08
23.724445259006824,-50.591528974078,17.50000000000125,2.7050322256990027,-0.049857694620054696,1.01886242968626e-08
23.730799160964303,-50.58236422429053,17.50000000000125,2.7049261039776553,-0.04990939877077122,1.0210360138867611e-08
23.737148364319197,-50.57319855153421,17.50000000000125,2.704820270784259,-0.04996154194059646,1.023197598494102e-08
23.74349287182458,-50.56403195642092,17.50000000000125,2.7047147261675057,-0.050014123884578474,1.02534634143157e-08
23.749832686231723,-50.55486443956158,17.500000000001254,2.704609470175935,-0.050067144357993906,1.0274852952272493e-08
23.756167810289835,-50.54569600156664,17.500000000001258,2.7045045028579318,-0.05012060311635907,1.0296070127652098e-08
23.762498246746336,-50.53652664304563,17.50000000000126,2.704399824261725,-0.050174499915419134,1.0317179938250797e-08
23.768823998346562,-50.527356364607606,17.50000000000126,2.7042954344353936,-0.050228834511157755,1.033817685794016e-08
23.77514506783407,-50.518185166860654,17.50000000000126,2.70419133342686,-0.050283606659785984,1.0359064833954783e-08
23.78146145795031,-50.509013050412435,17.500000000001265,2.7040875212838955,-0.05033881611775544,1.0379793604840854e-08
23.78777317143499,-50.499840015869644,17.50000000000127,2.7039839980541163,-0.05039446264174373,1.040040659017889e-08
23.794080211025754,-50.49066606383846,17.50000000000127,2.70388076378499,-0.050450545988665746,1.0420918263162395e-08
23.800382579458315,-50.48149119492433,17.50000000000127,2.7037778185238297,-0.05050706591567041,1.0441272046762215e-08
23.806680279466583,-50.47231540973189,17.500000000001272,2.703675162317796,-0.05056402218013355,1.0461497676812278e-08
23.812973313782383,-50.46313870886525,17.500000000001275,2.7035727952139,-0.05062141453966898,1.0481650151447898e-08
23.819261685135753,-50.45396109292762,17.500000000001275,2.703470717259,-0.0506792427521188,1.0501646052444698e-08
23.825545396254686,-50.444782562521716,17.500000000001283,2.7033689284998026,-0.05073750657556071,1.0521524325850654e-08
23.831824449865362,-50.435603118249354,17.500000000001283,2.703267428982866,-0.050796205768300226,1.0541270761621232e-08
23.838098848691917,-50.42642276071185,17.500000000001283,2.703166218754599,-0.05085534008887907,1.0560904569631447e-08
23.844368595456693,-50.41724149050965,17.50000000000129,2.7030652978612535,-0.050914909296065756,1.0580380225109005e-08
23.85063369287998,-50.408059308242656,17.500000000001286,2.702964666348943,-0.05097491314886481,1.0599766936233754e-08
23.856894143680282,-50.39887621450992,17.500000000001286,2.7028643242636186,-0.05103535140650705,1.0619030493639228e-08
23.86314995057403,-50.38969220990995,17.50000000000129,2.7027642716510916,-0.05109622382846095,1.0638136951107936e-08
23.8694011162759,-50.38050729504044,17.500000000001293,2.7026645085570205,-0.05115753017441624,1.0657155253670753e-08
23.875647643498485,-50.3713214704985,17.500000000001293,2.702565035026917,-0.05121927020430343,1.0676022245574204e-08
23.881889534952613,-50.362134736880414,17.500000000001297,2.702465851106141,-0.05128144367827623,1.0694781609547778e-08
23.888126793347052,-50.35294709478194,17.5000000000013,2.7023669568399082,-0.05134405035672243,1.0713375189668481e-08
23.894359421388806,-50.34375854479796,17.5000000000013,2.7022683522732858,-0.05140709000025706,1.073192061352716e-08
