galstreams/tracks/track.st.Elqui.shipp2019.ecsv
# %ECSV 0.9
# ---
# datatype:
# - {name: ra, unit: deg, datatype: float64}
# - {name: dec, unit: deg, datatype: float64}
# - {name: distance, unit: kpc, datatype: float64}
# - {name: pm_ra_cosdec, unit: mas / yr, datatype: float64}
# - {name: pm_dec, unit: mas / yr, datatype: float64}
# - {name: radial_velocity, unit: km / s, datatype: float64}
# delimiter: ','
# meta: !!omap
# - __serialized_columns__:
#     dec:
#       __class__: astropy.coordinates.angles.Latitude
#       unit: &id001 !astropy.units.Unit {unit: deg}
#       value: !astropy.table.SerializedColumn {name: dec}
#     distance:
#       __class__: astropy.coordinates.distances.Distance
#       unit: !astropy.units.Unit {unit: kpc}
#       value: !astropy.table.SerializedColumn {name: distance}
#     pm_dec:
#       __class__: astropy.units.quantity.Quantity
#       unit: !astropy.units.Unit {unit: mas / yr}
#       value: !astropy.table.SerializedColumn {name: pm_dec}
#     pm_ra_cosdec:
#       __class__: astropy.units.quantity.Quantity
#       unit: !astropy.units.Unit {unit: mas / yr}
#       value: !astropy.table.SerializedColumn {name: pm_ra_cosdec}
#     ra:
#       __class__: astropy.coordinates.angles.Longitude
#       unit: *id001
#       value: !astropy.table.SerializedColumn {name: ra}
#       wrap_angle: !astropy.coordinates.Angle
#         unit: *id001
#         value: 360.0
#     radial_velocity:
#       __class__: astropy.units.quantity.Quantity
#       unit: !astropy.units.Unit {unit: km / s}
#       value: !astropy.table.SerializedColumn {name: radial_velocity}
# schema: astropy-2.0
ra,dec,distance,pm_ra_cosdec,pm_dec,radial_velocity
[from data line 135]
12.19940416715023,-37.946184901120354,50.0999999999977,0.18849800251890397,-0.7263983233837111,-2.981389443865561e-09
12.209705663847519,-37.952039549754836,50.09999999999769,0.18855285394869192,-0.7263603964546047,-2.9623248270835303e-09
12.220008239374543,-37.95789386913606,50.09999999999768,0.18860746358438993,-0.7263209362400875,-2.9432938933700184e-09
12.23031189419966,-37.96374785906879,50.09999999999768,0.18866183092072486,-0.7262799428204558,-2.924313484259286e-09
12.240616628791242,-37.969601519357674,50.09999999999768,0.1887159554521921,-0.7262374162761582,-2.9053330751485543e-09
12.250922443617807,-37.97545484980736,50.09999999999768,0.18876983667305747,-0.7261933566877947,-2.886420032174861e-09
12.261229339147798,-37.981307850222315,50.099999999997664,0.18882347407735414,-0.7261477641361169,-2.867523830735427e-09
12.271537315849892,-37.98716052040706,50.099999999997664,0.1888768671588859,-0.7261006387020285,-2.8486613123645134e-09
12.281846374192876,-37.993012860166054,50.09999999999767,0.18893001541122598,-0.7260519804665847,-2.8298324770621186e-09
12.29215651464543,-37.99886486930362,50.099999999997664,0.18898291832771563,-0.7260017895109938,-2.8110373248282436e-09
12.302467737676494,-38.004716547624085,50.09999999999765,0.18903557540146604,-0.7259500659166158,-2.792292697197148e-09
12.31278004375505,-38.010567894931725,50.09999999999765,0.1890879861253576,-0.725896809764963,-2.7735817526345715e-09
12.323093433350198,-38.01641891103079,50.09999999999764,0.18914014999204037,-0.7258420211377006,-2.754887649606255e-09
12.333407906930976,-38.02226959572534,50.099999999997635,0.18919206649393194,-0.7257857001166468,-2.736210388112198e-09
12.343723464966665,-38.0281199488195,50.09999999999762,0.18924373512322018,-0.725727846783772,-2.7176004927551803e-09
12.354040107926629,-38.03396997011735,50.099999999997635,0.1892951553718627,-0.7256684612211999,-2.699007438932422e-09
12.364357836280144,-38.039819659422776,50.099999999997635,0.18934632673158436,-0.7256075435112079,-2.680481751246703e-09
12.374676650496758,-38.04566901653976,50.09999999999763,0.18939724869388067,-0.7255450937362267,-2.661939222026724e-09
12.384996551046028,-38.05151804127215,50.09999999999762,0.18944792075001549,-0.7254811119788391,-2.6434977420123035e-09
12.395317538397657,-38.05736673342379,50.09999999999761,0.18949834239102253,-0.7254155983217829,-2.6250225789293636e-09
12.405639613021272,-38.06321509279835,50.09999999999761,0.18954851310770263,-0.7253485528479495,-2.6066147819834626e-09
12.41596277538674,-38.06906311919957,50.0999999999976,0.18959843239062768,-0.7252799756403836,-2.588223826571822e-09
12.426287025964028,-38.07491081243112,50.0999999999976,0.18964809973013808,-0.7252098667822846,-2.5698665542287e-09
12.436612365223004,-38.080758172296505,50.099999999997586,0.1896975146163421,-0.7251382263570055,-2.551526123419838e-09
12.446938793633793,-38.08660519859926,50.0999999999976,0.18974667653911775,-0.725065054448054,-2.5333035833507943e-09
12.457266311666563,-38.092451891142865,50.09999999999757,0.18979558498811272,-0.7249903511390929,-2.515064201747491e-09
12.467594919791601,-38.098298249730775,50.09999999999757,0.18984423945274248,-0.7249141165139383,-2.4967911370756677e-09
12.477924618479117,-38.10414427416624,50.09999999999757,0.18989263942219137,-0.7248363506565612,-2.4786528046779227e-09
12.488255408199587,-38.109989964252605,50.09999999999757,0.18994078438541356,-0.7247570536510889,-2.4605144722801776e-09
12.498587289423549,-38.11583531979313,50.09999999999756,0.1899886738311316,-0.7246762255818027,-2.442409822950952e-09
12.508920262621482,-38.12168034059093,50.09999999999755,0.19003630724783635,-0.7245938665331393,-2.4243220151559866e-09
12.519254328264092,-38.12752502644914,50.09999999999754,0.1900836841237883,-0.724509976589691,-2.4063015734980596e-09
12.529589486822138,-38.13336937717084,50.09999999999754,0.19013080394701645,-0.7244245558362046,-2.388331656442912e-09
12.539925738766504,-38.139213392559064,50.09999999999754,0.19017766620531926,-0.7243376043575839,-2.370328056319245e-09
12.550263084567982,-38.14505707241668,50.09999999999752,0.19022427038626227,-0.7242491222388883,-2.3524086638668766e-09
12.56060152469764,-38.15090041654662,50.09999999999752,0.19027061597718137,-0.7241591095653322,-2.334506112948768e-09
12.570941059626623,-38.156743424751745,50.09999999999752,0.19031670246518118,-0.7240675664222866,-2.316637245099179e-09
12.581281689825976,-38.16258609683476,50.09999999999751,0.19036252933713355,-0.7239744928952794,-2.2988525849208885e-09
12.591623415767012,-38.16842843259841,50.09999999999751,0.19040809607968065,-0.7238798890699936,-2.2810342416740785e-09
12.601966237921069,-38.17427043184536,50.09999999999751,0.19045340217923268,-0.7237837550322699,-2.2633001060985676e-09
12.612310156759628,-38.18011209437823,50.0999999999975,0.19049844712196914,-0.7236860908681048,-2.2455659705230563e-09
12.622655172754081,-38.185953419999514,50.099999999997486,0.19054323039383697,-0.7235868966636523,-2.2278823595503245e-09
12.63300128637607,-38.19179440851171,50.09999999999747,0.19058775148055251,-0.7234861725052231,-2.210232431646112e-09
12.643348498097332,-38.19763505971729,50.09999999999747,0.19063200986760154,-0.7233839184792845,-2.1926498698789387e-09
12.653696808389505,-38.20347537341854,50.09999999999748,0.19067600504023643,-0.723280134672462,-2.175084149646025e-09
12.664046217724493,-38.20931534941782,50.09999999999747,0.1907197364834799,-0.7231748211715376,-2.157535270947371e-09
12.674396726574223,-38.21515498751737,50.09999999999746,0.1907632036821229,-0.7230679780634524,-2.1400200753172364e-09
12.684748335410763,-38.220994287519424,50.09999999999744,0.19080640612072475,-0.7229596054353027,-2.1225385627556217e-09
12.69510104470609,-38.22683324922604,50.099999999997436,0.19084934328361297,-0.722849703374345,-2.105141257865305e-09
12.705454854932448,-38.23267187243935,50.09999999999745,0.1908920146548841,-0.7227382719679923,-2.0877102699064696e-09
12.715809766562092,-38.23851015696133,50.09999999999743,0.19093441971840341,-0.722625311303817,-2.0703634896189327e-09
12.726165780067435,-38.244348102594024,50.09999999999742,0.1909765579578043,-0.7225108214695485,-2.0529998677971356e-09
12.736522895920784,-38.250185709139224,50.09999999999742,0.19101842885648826,-0.7223948025530752,-2.0357541367151574e-09
12.74688111459472,-38.25602297639884,50.09999999999741,0.19106003189762583,-0.7222772546424447,-2.018491564098919e-09
12.757240436561888,-38.26185990417467,50.09999999999741,0.19110136656415644,-0.7221581778258623,-2.0012626745512e-09
12.767600862294872,-38.26769649226838,50.09999999999739,0.19114243233878658,-0.722037572191693,-1.9840843096062604e-09
12.777962392266485,-38.27353274048166,50.099999999997394,0.19118322870399224,-0.72191543782846,-1.9669396277298405e-09
12.78832502694959,-38.279368648616135,50.09999999999738,0.191223755142018,-0.7217917748248468,-1.9498623119904595e-09
12.798688766817168,-38.2852042164734,50.09999999999737,0.19126401113487637,-0.7216665832696952,-1.9327513131825586e-09
12.80905361234213,-38.29103944385486,50.099999999997365,0.19130399616434748,-0.7215398632520068,-1.915707680511697e-09
12.81941956399763,-38.29687433056197,50.09999999999735,0.19134370971198128,-0.7214116148609433,-1.8987314139778747e-09
12.829786622256915,-38.30270887639617,50.09999999999735,0.19138315125909539,-0.721281838185825,-1.881755147444052e-09
12.840154787593148,-38.30854308115869,50.099999999997344,0.1914223202867755,-0.7211505333161341,-1.864812563978749e-09
12.850524060479735,-38.314376944650824,50.09999999999734,0.19146121627587576,-0.7210177003415108,-1.8478868220477053e-09
12.860894441390109,-38.320210466673764,50.09999999999734,0.1914998387070189,-0.7208833393517566,-1.83109581239074e-09
12.871265930797863,-38.3260436470287,50.09999999999732,0.19153818706059622,-0.7207474504368332,-1.814271119665255e-09
12.881638529176474,-38.33187648551663,50.09999999999732,0.19157626081676574,-0.7206100336868628,-1.7974801100082895e-09
12.892012236999696,-38.33770898193862,50.09999999999731,0.1916140594554554,-0.7204710891921285,-1.7807396249541033e-09
12.90238705474136,-38.34354113609566,50.09999999999731,0.19165158245636116,-0.7203306170430732,-1.7639991398999171e-09
12.912762982875213,-38.34937294778859,50.099999999997294,0.19168882929894615,-0.7201886173303028,-1.7473260209827698e-09
12.92314002187524,-38.355204416818275,50.09999999999729,0.1917257994624425,-0.7200450901445821,-1.7307034266684019e-09
12.933518172215477,-38.36103554298552,50.09999999999727,0.19176249242585044,-0.7199000355768383,-1.7140976738882936e-09
12.943897434370085,-38.36686632609108,50.09999999999727,0.19179890766793886,-0.71975345371816,-1.6975087626424451e-09
12.954277808813142,-38.37269676593554,50.09999999999726,0.19183504466724335,-0.719605344659797,-1.6809872175336357e-09
12.964659296018983,-38.37852686231956,50.09999999999725,0.19187090290206865,-0.7194557084931612,-1.6644825139590858e-09
12.975041896462024,-38.3843566150437,50.099999999997245,0.19190648185048842,-0.7193045453098261,-1.648045176521575e-09
12.985425610616588,-38.390186023908406,50.09999999999723,0.19194178099034234,-0.7191518552015276,-1.6315909975498044e-09
12.995810438957264,-38.39601508871414,50.099999999997216,0.19197679979923987,-0.718997638260163,-1.6152210262493327e-09
13.00619638195866,-38.401843809261244,50.099999999997216,0.1920115377545581,-0.7188418945777926,-1.5989184210858998e-09
13.016583440095525,-38.407672185350094,50.09999999999721,0.19204599433344224,-0.7186846242466385,-1.5825989743882073e-09
13.026971613842527,-38.41350021678086,50.099999999997195,0.19208016901280467,-0.7185258273590867,-1.5663300522932939e-09
13.037360903674575,-38.41932790335378,50.099999999997195,0.19211406126932706,-0.7183655040076845,-1.5500611301983804e-09
13.047751310066669,-38.42515524486899,50.0999999999972,0.19214767057945892,-0.7182036542851428,-1.5338932573090256e-09
13.058142833493742,-38.43098224112653,50.09999999999718,0.19218099641941655,-0.7180402782843363,-1.5177590674881903e-09
13.068535474430936,-38.43680889192643,50.099999999997166,0.19221403826518568,-0.717875376098301,-1.5016248776673549e-09
13.07892923335346,-38.44263519706865,50.09999999999716,0.19224679559251864,-0.717708947820238,-1.4855243709150389e-09
13.089324110736642,-38.4484611563531,50.09999999999715,0.1922792678769378,-0.7175409935435109,-1.4694743887655022e-09
13.099720107055736,-38.45428676957956,50.099999999997145,0.19231145459373084,-0.7173715133616477,-1.4535086142872644e-09
13.110117222786233,-38.460112036547855,50.099999999997124,0.19234335521795498,-0.7172005073683401,-1.4374754736719873e-09
13.120515458403723,-38.4659369570577,50.09999999999713,0.19237496922443562,-0.7170279756574427,-1.4215602237965286e-09
13.130914814383708,-38.47176153090871,50.09999999999711,0.1924062960877645,-0.7168539183229758,-1.40564497392107e-09
13.141315291201929,-38.477585757900485,50.09999999999712,0.19243733528230217,-0.7166783354591232,-1.3897802486483904e-09
13.151716889334162,-38.483409637832565,50.09999999999711,0.1924680862821777,-0.7165012271602331,-1.3739997310470097e-09
13.16211960925634,-38.4892331705045,50.09999999999708,0.19249854856128756,-0.7163225935208185,-1.3581686888428496e-09
13.17252345144428,-38.49505635571558,50.09999999999708,0.19252872159329454,-0.7161424346355565,-1.3424218543099884e-09
13.182928416374066,-38.50087919326522,50.09999999999707,0.19255860485163132,-0.7159607505992903,-1.3267255443799063e-09
13.193334504521872,-38.50670168295276,50.09999999999707,0.19258819780949774,-0.7157775415070265,-1.3110292344498244e-09
13.20374171636377,-38.51252382457734,50.09999999999706,0.19261749993986044,-0.7155928074539387,-1.2953666075882617e-09
13.214150052376095,-38.518345617938174,50.09999999999703,0.19264651071545513,-0.7154065485353642,-1.2798050299322578e-09
13.224559513035208,-38.52416706283439,50.09999999999703,0.19267522960878464,-0.7152187648468069,-1.2642434522762536e-09
13.234970098817614,-38.52998815906506,50.09999999999702,0.1927036560921202,-0.7150294564839359,-1.2486987161545092e-09
13.24538181019971,-38.53580890642911,50.09999999999701,0.1927317896374991,-0.7148386235425859,-1.2332381877040636e-09
13.255794647658178,-38.54162930472552,50.09999999999701,0.19275962971672805,-0.7146462661187578,-1.2177608177193583e-09
13.266208611669757,-38.54744935375318,50.09999999999699,0.1927871758013811,-0.714452384308619,-1.2023676554059518e-09
13.27662370271111,-38.55326905331084,50.09999999999698,0.1928144273627989,-0.7142569782085022,-1.1870081761610645e-09
13.287039921259149,-38.55908840319729,50.099999999996975,0.1928413838720911,-0.7140600479149071,-1.1716318553819177e-09
13.297457267790813,-38.564907403211215,50.09999999999696,0.19286804480013428,-0.7138615935245,-1.1563565838083292e-09
13.307875742783192,-38.570726053151276,50.09999999999696,0.1928944096175733,-0.7136616151341135,-1.1410813122347407e-09
13.318295346713272,-38.57654435281598,50.09999999999695,0.19292047779481908,-0.7134601128407478,-1.1258734067981913e-09
13.328716080058301,-38.582362302003865,50.09999999999694,0.19294624880205186,-0.7132570867415695,-1.1106823428959016e-09
13.339137943295604,-38.5881799005134,50.09999999999693,0.1929717221092192,-0.7130525369339121,-1.0955754866649108e-09
13.34956093690243,-38.59399714814295,50.09999999999692,0.1929968971860348,-0.7128464635152774,-1.08045178889966e-09
13.359985061356266,-38.59981404469082,50.0999999999969,0.19302177350198163,-0.7126388665833336,-1.0653786157371886e-09
13.370410317134631,-38.605630589955304,50.0999999999969,0.19304635052630909,-0.712429746235917,-1.0503391256432366e-09
13.380836704715197,-38.61144678373465,50.09999999999688,0.1930706277280354,-0.7122191025710323,-1.035333318617804e-09
13.391264224575524,-38.617262625826896,50.099999999996875,0.19309460457594424,-0.7120069356868509,-1.0203780361951506e-09
13.401692877193442,-38.62307811603019,50.09999999999687,0.19311828053858832,-0.711793245681713,-1.0054732783752766e-09
13.412122663046867,-38.62889325414258,50.09999999999686,0.193141655084288,-0.7115780326541272,-9.905853620896623e-10
13.422553582613608,-38.63470803996198,50.099999999996854,0.19316472768112952,-0.7113612967027698,-9.757142873383078e-10
13.432985636371741,-38.640522473286275,50.09999999999683,0.19318749779696842,-0.7111430379264869,-9.60927420258252e-10
13.443418824799368,-38.646336553913336,50.099999999996825,0.19320996489942638,-0.7109232564242913,-9.461742362467157e-10
13.453853148374733,-38.65215028164097,50.09999999999682,0.1932321284558935,-0.7107019522953666,-9.31437893769439e-10
13.464288607575979,-38.65796365626683,50.099999999996804,0.19325398793352616,-0.7104791256390646,-9.167520758949417e-10
13.474725202881515,-38.66377667758859,50.0999999999968,0.19327554279924886,-0.7102547765549061,-9.021167826232236e-10
13.485162934769763,-38.66958934540386,50.099999999996776,0.19329679251975335,-0.7100289051425815,-8.874983308857653e-10
13.495601803719305,-38.675401659510186,50.09999999999677,0.19331773656149925,-0.7098015115019505,-8.729304037510861e-10
13.506041810208611,-38.681213619705,50.09999999999676,0.19333837439071194,-0.7095725957330423,-8.583456350821471e-10
13.516482954716418,-38.68702522578572,50.099999999996754,0.1933587054733858,-0.7093421579360564,-8.438955986872863e-10
13.526925237721544,-38.692836477549726,50.09999999999675,0.1933787292752822,-0.7091101982113618,-8.294118792239058e-10
13.537368659702715,-38.69864737479425,50.099999999996726,0.1933984452619288,-0.7088767166594978,-8.150292089660838e-10
13.54781322113892,-38.70445791731657,50.09999999999672,0.19341785289862146,-0.7086417133811738,-8.006128556397424e-10
13.558258922509156,-38.7102681049138,50.09999999999672,0.1934369516504232,-0.7084051884772692,-7.8626386845044e-10
13.568705764292579,-38.71607793738312,50.0999999999967,0.1934557409821649,-0.7081671420488349,-7.71948564329657e-10
