galstreams/tracks/track.st.NGC6362.sollima2020.ecsv
# %ECSV 1.0
# ---
# datatype:
# - {name: ra, unit: deg, datatype: float64}
# - {name: dec, unit: deg, datatype: float64}
# - {name: distance, unit: kpc, datatype: float64}
# - {name: pm_ra_cosdec, unit: mas / yr, datatype: float64}
# - {name: pm_dec, unit: mas / yr, datatype: float64}
# - {name: radial_velocity, unit: km / s, datatype: float64}
# delimiter: ','
# meta: !!omap
# - __serialized_columns__:
#     dec:
#       __class__: astropy.coordinates.angles.Latitude
#       unit: &id001 !astropy.units.Unit {unit: deg}
#       value: !astropy.table.SerializedColumn {name: dec}
#     distance:
#       __class__: astropy.coordinates.distances.Distance
#       unit: !astropy.units.Unit {unit: kpc}
#       value: !astropy.table.SerializedColumn {name: distance}
#     pm_dec:
#       __class__: astropy.units.quantity.Quantity
#       unit: !astropy.units.Unit {unit: mas / yr}
#       value: !astropy.table.SerializedColumn {name: pm_dec}
#     pm_ra_cosdec:
#       __class__: astropy.units.quantity.Quantity
#       unit: !astropy.units.Unit {unit: mas / yr}
#       value: !astropy.table.SerializedColumn {name: pm_ra_cosdec}
#     ra:
#       __class__: astropy.coordinates.angles.Longitude
#       unit: *id001
#       value: !astropy.table.SerializedColumn {name: ra}
#       wrap_angle: !astropy.coordinates.Angle
#         unit: *id001
#         value: 360.0
#     radial_velocity:
#       __class__: astropy.units.quantity.Quantity
#       unit: !astropy.units.Unit {unit: km / s}
#       value: !astropy.table.SerializedColumn {name: radial_velocity}
# schema: astropy-2.0
ra,dec,distance,pm_ra_cosdec,pm_dec,radial_velocity
258.6900250822972,-64.61030089602123,7.6489999999999965,0.0,0.0,-0.0
258.6819964440752,-64.62841203436163,7.648999999999997,0.0,0.0,-0.0
258.6751475559825,-64.64596150350458,7.6489999999999965,0.0,0.0,-0.0
258.6694389771941,-64.66296932135648,7.648999999999996,0.0,0.0,-0.0
258.6648319471522,-64.67945503259605,7.648999999999996,0.0,0.0,-0.0
258.6612883917811,-64.69543771744725,7.648999999999996,0.0,0.0,-0.0
258.65877092877844,-64.71093600022704,7.6489999999999965,0.0,0.0,-0.0
258.6572428720218,-64.7259680576766,7.648999999999996,0.0,0.0,-0.0
258.65666823512623,-64.74055162708213,7.6489999999999965,0.0,0.0,-0.0
258.65701173419103,-64.75470401419332,7.648999999999995,0.0,0.0,-0.0
258.65823878977085,-64.76844210094666,7.648999999999996,0.0,0.0,-0.0
258.660315528107,-64.7817823530002,7.648999999999996,0.0,0.0,-0.0
258.66320878165345,-64.79474082708732,7.648999999999996,0.0,0.0,-0.0
258.6668860889314,-64.80733317819583,7.648999999999996,0.0,0.0,-0.0
258.67131569374544,-64.81957466657934,7.648999999999996,0.0,0.0,-0.0
258.67646654379297,-64.83148016460724,7.6489999999999965,0.0,0.0,-0.0
258.68230828869935,-64.84306416345979,7.648999999999996,0.0,0.0,-0.0
258.68881127750785,-64.85434077967425,7.648999999999996,0.0,0.0,-0.0
258.695946555656,-64.8653237615486,7.648999999999996,0.0,0.0,-0.0
258.7036858614646,-64.87602649540786,7.6489999999999965,0.0,0.0,-0.0
258.71200162216917,-64.88646201173944,7.648999999999998,0.0,0.0,-0.0
258.7208669495207,-64.89664299120261,7.6489999999999965,0.0,0.0,-0.0
258.73025563498044,-64.90658177051749,7.6489999999999965,0.0,0.0,-0.0
258.7401421445354,-64.91629034823863,7.648999999999997,0.0,0.0,-0.0
258.75050161315846,-64.92578039041834,7.648999999999998,0.0,0.0,-0.0
258.7613098389365,-64.9350632361642,7.6489999999999965,0.0,0.0,-0.0
258.77254327688865,-64.9441499030957,7.648999999999998,0.0,0.0,-0.0
258.7841790324982,-64.95305109270419,7.648999999999999,0.0,0.0,-0.0
258.79619485497636,-64.96177719562034,7.648999999999999,0.0,0.0,-0.0
258.8085691302812,-64.97033829679367,7.648999999999999,0.0,0.0,-0.0
258.8212808739082,-64.97874418058724,7.648999999999998,0.0,0.0,-0.0
258.8343097234727,-64.98700433579198,7.648999999999998,0.0,0.0,-0.0
258.84763593110097,-64.99512796056382,7.649000000000001,0.0,0.0,-0.0
258.8612403556482,-65.00312396728711,7.649,0.0,0.0,-0.0
258.8751044547573,-65.01100098736774,7.649,0.0,0.0,-0.0
258.88921027677674,-65.01876737595883,7.649,0.0,0.0,-0.0
258.9035404525502,-65.02643121662204,7.648999999999999,0.0,0.0,-0.0
258.91807818709196,-65.03400032592738,7.649,0.0,0.0,-0.0
258.9328072511639,-65.04148225799402,7.649000000000001,0.0,0.0,-0.0
258.947711972763,-65.04888430897482,7.649000000000001,0.0,0.0,-0.0
258.96277722853466,-65.05621352148651,7.649,0.0,0.0,-0.0
258.97798843512203,-65.06347668898874,7.649000000000002,0.0,0.0,-0.0
258.99333154046144,-65.07068036011286,7.649000000000001,0.0,0.0,-0.0
259.0087930150356,-65.07783084294344,7.649000000000001,0.0,0.0,-0.0
259.02435984309324,-65.0849342092539,7.649000000000001,0.0,0.0,-0.0
259.04001951384436,-65.09199629869829,7.649000000000002,0.0,0.0,-0.0
259.055760012641,-65.0990227229607,7.649000000000004,0.0,0.0,-0.0
259.071569812149,-65.10601886986386,7.649000000000002,0.0,0.0,-0.0
259.08743786352136,-65.11298990743865,7.649000000000003,0.0,0.0,-0.0
259.103353587578,-65.1199407879555,7.649000000000002,0.0,0.0,-0.0
259.1193068659999,-65.12687625191921,7.649000000000002,0.0,0.0,-0.0
259.13528803254286,-65.13380083202816,7.649000000000003,0.0,0.0,-0.0
259.1512878642784,-65.14071885709942,7.649000000000004,0.0,0.0,-0.0
259.16729757286447,-65.14763445596012,7.649000000000004,0.0,0.0,-0.0
259.1833087958536,-65.15455156130648,7.649000000000003,0.0,0.0,-0.0
259.19931358804206,-65.16147391353135,7.649000000000003,0.0,0.0,-0.0
259.215304412864,-65.16840506452074,7.649000000000004,0.0,0.0,-0.0
259.2312741338351,-65.17534838142029,7.649000000000003,0.0,0.0,-0.0
259.2472160060489,-65.18230705037227,7.6490000000000045,0.0,0.0,-0.0
259.26312366772993,-65.18928408022374,7.649000000000004,0.0,0.0,-0.0
259.2789911318458,-65.19628230620623,7.649000000000004,0.0,0.0,-0.0
259.2948127777812,-65.20330439358769,7.649000000000004,0.0,0.0,-0.0
259.3105833430771,-65.21035284129687,7.649000000000005,0.0,0.0,-0.0
259.32629791523595,-65.21742998552051,7.6490000000000045,0.0,0.0,-0.0
259.3419519235966,-65.2245380032741,7.6490000000000045,0.0,0.0,-0.0
259.35754113127933,-65.23167891594576,7.6490000000000045,0.0,0.0,-0.0
259.3730616272033,-65.23885459281415,7.6490000000000045,0.0,0.0,-0.0
259.38850981817745,-65.24606675454012,7.6490000000000045,0.0,0.0,-0.0
259.40388242106656,-65.25331697663276,7.649000000000005,0.0,0.0,-0.0
259.4191764550327,-65.26060669288933,7.649000000000006,0.0,0.0,-0.0
259.43438923385384,-65.26793719880988,7.649000000000005,0.0,0.0,-0.0
259.4495183583198,-65.27530965498615,7.649000000000006,0.0,0.0,-0.0
259.46456170870556,-65.28272509046485,7.6490000000000045,0.0,0.0,-0.0
259.47951743732386,-65.29018440608566,7.649000000000005,0.0,0.0,-0.0
259.49438396115596,-65.29768837779326,7.649000000000005,0.0,0.0,-0.0
259.5091599545614,-65.3052376599245,7.649000000000005,0.0,0.0,-0.0
259.5238443420669,-65.31283278846931,7.649000000000006,0.0,0.0,-0.0
259.53843629123384,-65.32047418430628,7.649000000000007,0.0,0.0,-0.0
259.55293520560514,-65.32816215641239,7.649000000000006,0.0,0.0,-0.0
259.5673407177301,-65.33589690504706,7.649000000000006,0.0,0.0,-0.0
259.5816526822684,-65.34367852491,7.649000000000006,0.0,0.0,-0.0
259.59587116917163,-65.35150700827313,7.649000000000005,0.0,0.0,-0.0
259.6099964569427,-65.35938224808636,7.649000000000007,0.0,0.0,-0.0
259.6240290259727,-65.36730404105685,7.649000000000007,0.0,0.0,-0.0
259.63796955195374,-65.37527209070198,7.649000000000008,0.0,0.0,-0.0
259.65181889936883,-65.38328601037531,7.649000000000007,0.0,0.0,-0.0
259.6655781150574,-65.39134532626628,7.649000000000006,0.0,0.0,-0.0
259.67924842185494,-65.39944948037235,7.649000000000008,0.0,0.0,-0.0
259.692831212308,-65.40759783344437,7.649000000000007,0.0,0.0,-0.0
259.70632804246264,-65.41578966790442,7.649000000000007,0.0,0.0,-0.0
259.71974062572554,-65.42402419073618,7.649000000000008,0.0,0.0,-0.0
259.7330708267982,-65.43230053634765,7.649000000000007,0.0,0.0,-0.0
259.7463206556824,-65.44061776940606,7.649000000000007,0.0,0.0,-0.0
259.75949226175675,-65.44897488764441,7.649000000000007,0.0,0.0,-0.0
259.7725879279239,-65.45737082464025,7.64900000000001,0.0,0.0,-0.0
259.7856100648268,-65.46580445256566,7.649000000000007,0.0,0.0,-0.0
259.7985612051347,-65.4742745849089,7.649000000000009,0.0,0.0,-0.0
259.8114439978961,-65.48277997916698,7.649000000000007,0.0,0.0,-0.0
259.8242612029616,-65.49131933950984,7.64900000000001,0.0,0.0,-0.0
259.83701568547116,-65.4998913194149,7.649000000000009,0.0,0.0,-0.0
259.8497104104094,-65.50849452427258,7.649000000000009,0.0,0.0,-0.0
259.8623484372261,-65.51712751396244,7.64900000000001,0.0,0.0,-0.0
259.87493291452205,-65.52578880539966,7.649000000000009,0.0,0.0,-0.0
259.8874670747991,-65.53447687505185,7.649000000000009,0.0,0.0,-0.0
259.89995422927444,-65.54319016142597,7.64900000000001,0.0,0.0,-0.0
259.91239776275887,-65.55192706752524,7.649000000000007,0.0,0.0,-0.0
259.9248011285973,-65.56068596327593,7.649000000000009,0.0,0.0,-0.0
259.93716784367257,-65.5694651879239,7.649000000000008,0.0,0.0,-0.0
259.94950148347067,-65.57826305240059,7.649000000000007,0.0,0.0,-0.0
259.9618056772088,-65.58707784165887,7.649000000000009,0.0,0.0,-0.0
259.97408410302387,-65.59590781697788,7.649000000000007,0.0,0.0,-0.0
259.98634048322236,-65.60475121823741,7.64900000000001,0.0,0.0,-0.0
259.9985785795914,-65.61360626616133,7.649000000000008,0.0,0.0,-0.0
260.0108021887697,-65.62247116453018,7.649000000000009,0.0,0.0,-0.0
260.023015137679,-65.63134410236283,7.649000000000008,0.0,0.0,-0.0
260.03522127901635,-65.64022325606689,7.649000000000008,0.0,0.0,-0.0
260.04742448680497,-65.64910679155828,7.64900000000001,0.0,0.0,-0.0
260.0596286520061,-65.65799286634926,7.649000000000007,0.0,0.0,-0.0
260.0718376781901,-65.66687963160551,7.649000000000009,0.0,0.0,-0.0
260.0840554772673,-65.67576523417173,7.649000000000008,0.0,0.0,-0.0
260.09628596527835,-65.68464781856582,7.649000000000007,0.0,0.0,-0.0
260.1085330582447,-65.693525528942,7.649000000000007,0.0,0.0,-0.0
260.12080066807835,-65.70239651102212,7.649000000000009,0.0,0.0,-0.0
260.1330926985514,-65.71125891399569,7.649000000000007,0.0,0.0,-0.0
260.1454130413263,-65.72011089238848,7.649000000000008,0.0,0.0,-0.0
260.1577655720447,-65.72895060789956,7.649000000000007,0.0,0.0,-0.0
260.170154146478,-65.7377762312068,7.649000000000009,0.0,0.0,-0.0
260.1825825967374,-65.74658594374091,7.649000000000008,0.0,0.0,-0.0
260.195054727545,-65.75537793942807,7.649000000000009,0.0,0.0,-0.0
260.20757431256595,-65.76415042640083,7.649000000000007,0.0,0.0,-0.0
260.2201450908013,-65.77290162867767,7.649000000000006,0.0,0.0,-0.0
260.2327707630422,-65.78162978781097,7.649000000000008,0.0,0.0,-0.0
260.2454549883878,-65.7903331645037,7.649000000000007,0.0,0.0,-0.0
260.2582013808226,-65.79901004019443,7.649000000000009,0.0,0.0,-0.0
260.2710135058583,-65.80765871861098,7.649000000000009,0.0,0.0,-0.0
260.2838948772382,-65.81627752729273,7.649000000000009,0.0,0.0,-0.0
260.29684895370434,-65.82486481908151,7.649000000000009,0.0,0.0,-0.0
260.30987913582965,-65.83341897358113,7.649000000000007,0.0,0.0,-0.0
260.3229887629132,-65.84193839858565,7.649000000000008,0.0,0.0,-0.0
260.3361811099411,-65.8504215314763,7.649000000000007,0.0,0.0,-0.0
260.3494593846121,-65.85886684058718,7.649000000000009,0.0,0.0,-0.0
260.3628267244289,-65.86727282653999,7.649000000000008,0.0,0.0,-0.0
260.376286193856,-65.87563802354708,7.649000000000008,0.0,0.0,-0.0
260.38984078154414,-65.88396100068407,7.649000000000008,0.0,0.0,-0.0
260.4034933976219,-65.89224036313077,7.649000000000007,0.0,0.0,-0.0
260.41724687105506,-65.90047475338154,7.649000000000009,0.0,0.0,-0.0
260.431103947074,-65.90866285242437,7.649000000000008,0.0,0.0,-0.0
260.4450672846708,-65.91680338088919,7.649000000000009,0.0,0.0,-0.0
260.4591394541644,-65.92489510016516,7.649000000000007,0.0,0.0,-0.0
260.4733229348365,-65.93293681348722,7.649000000000007,0.0,0.0,-0.0
260.4876201126376,-65.9409273669917,7.649000000000007,0.0,0.0,-0.0
260.50203327796385,-65.94886565074133,7.649000000000007,0.0,0.0,-0.0
260.51656462350536,-65.95675059971926,7.649000000000008,0.0,0.0,-0.0
260.53121624216664,-65.9645811947927,7.649000000000008,0.0,0.0,-0.0
260.54599012505844,-65.97235646364547,7.649000000000007,0.0,0.0,-0.0
260.56088815956446,-65.98007548168039,7.649000000000006,0.0,0.0,-0.0
260.57591212747917,-65.98773737289073,7.649000000000006,0.0,0.0,-0.0
260.59106370322115,-65.99534131070119,7.649000000000007,0.0,0.0,-0.0
260.60634445211963,-66.0028865187783,7.649000000000006,0.0,0.0,-0.0
260.62175582877654,-66.0103722718103,7.649000000000007,0.0,0.0,-0.0
260.63729917550285,-66.0177978962565,7.649000000000007,0.0,0.0,-0.0
260.65297572083125,-66.02516277106619,7.649000000000007,0.0,0.0,-0.0
260.6687865781039,-66.03246632836688,7.649000000000005,0.0,0.0,-0.0
260.68473274413725,-66.03970805412227,7.649000000000006,0.0,0.0,-0.0
260.7008150979627,-66.04688748875957,7.649000000000006,0.0,0.0,-0.0
260.7170343996441,-66.05400422776631,7.649000000000006,0.0,0.0,-0.0
260.7333912891737,-66.06105792225684,7.649000000000007,0.0,0.0,-0.0
260.74988628544344,-66.06804827950815,7.649000000000008,0.0,0.0,-0.0
260.7665197852958,-66.07497506346519,7.649000000000006,0.0,0.0,-0.0
260.7832920626511,-66.08183809521556,7.649000000000006,0.0,0.0,-0.0
260.8002032677138,-66.08863725343384,7.649000000000006,0.0,0.0,-0.0
260.8172534262563,-66.09537247479513,7.649000000000006,0.0,0.0,-0.0
260.83444243898134,-66.10204375435791,7.649000000000007,0.0,0.0,-0.0
260.85177008096315,-66.10865114591631,7.649000000000007,0.0,0.0,-0.0
260.8692360011661,-66.11519476232166,7.649000000000007,0.0,0.0,-0.0
260.8868397220428,-66.1216747757732,7.649000000000006,0.0,0.0,-0.0
260.90458063920966,-66.12809141807767,7.649000000000007,0.0,0.0,-0.0
260.9224580212023,-66.13444498087861,7.649000000000006,0.0,0.0,-0.0
260.94047100930766,-66.14073581585409,7.649000000000006,0.0,0.0,-0.0
260.95861861747596,-66.14696433488358,7.649000000000007,0.0,0.0,-0.0
260.97689973230933,-66.15313101018374,7.649000000000005,0.0,0.0,-0.0
260.99531311312944,-66.1592363744129,7.649000000000005,0.0,0.0,-0.0
261.01385739212276,-66.16528102074427,7.649000000000006,0.0,0.0,-0.0
261.03253107456266,-66.17126560290764,7.649000000000006,0.0,0.0,-0.0
261.0513325391099,-66.17719083519974,7.649000000000005,0.0,0.0,-0.0
261.07026003818936,-66.18305749246274,7.649000000000006,0.0,0.0,-0.0
261.0893116984431,-66.18886641003122,7.649000000000006,0.0,0.0,-0.0
261.1084855212614,-66.1946184836473,7.649000000000005,0.0,0.0,-0.0
261.127779383387,-66.2003146693434,7.649000000000005,0.0,0.0,-0.0
261.1471910375981,-66.20595598329356,7.6490000000000045,0.0,0.0,-0.0
261.1667181134637,-66.21154350163206,7.649000000000005,0.0,0.0,-0.0
261.18635811817495,-66.21707836023968,7.649000000000005,0.0,0.0,-0.0
261.20610843745055,-66.22256175449775,7.649000000000006,0.0,0.0,-0.0
261.2259663365151,-66.22799493900928,7.649000000000005,0.0,0.0,-0.0
261.24592896115104,-66.23337922728749,7.649000000000007,0.0,0.0,-0.0
261.2659933388227,-66.23871599141121,7.649000000000006,0.0,0.0,-0.0
261.28615637987275,-66.24400666164745,7.649000000000005,0.0,0.0,-0.0
261.30641487878916,-66.24925272604045,7.649000000000005,0.0,0.0,-0.0
261.32676551554306,-66.25445572996756,7.649000000000006,0.0,0.0,-0.0
261.34720485699654,-66.25961727566124,7.649000000000006,0.0,0.0,-0.0
261.36772935838,-66.26473902169782,7.649000000000005,0.0,0.0,-0.0
261.38833536483764,-66.26982268245187,7.649000000000005,0.0,0.0,-0.0
261.40901911304036,-66.27487002751681,7.649000000000005,0.0,0.0,-0.0
261.4297767328669,-66.27988288109114,7.6490000000000045,0.0,0.0,-0.0
261.45060424915033,-66.28486312133036,7.649000000000005,0.0,0.0,-0.0
261.4714975834904,-66.28981267966428,7.649000000000005,0.0,0.0,-0.0
261.49245255613124,-66.29473354007958,7.649000000000006,0.0,0.0,-0.0
261.51346488790205,-66.29962773836739,7.649000000000005,0.0,0.0,-0.0
261.5345302022222,-66.30449736133602,7.649000000000006,0.0,0.0,-0.0
261.55564402716794,-66.30934454598805,7.6490000000000045,0.0,0.0,-0.0
261.5768017976017,-66.31417147866237,7.649000000000006,0.0,0.0,-0.0
261.5979988573609,-66.31898039414025,7.649000000000005,0.0,0.0,-0.0
261.6192304615088,-66.32377357471603,7.649000000000005,0.0,0.0,-0.0
261.6404917786431,-66.32855334923157,7.649000000000005,0.0,0.0,-0.0
261.66177789326383,-66.33332209207464,7.649000000000006,0.0,0.0,-0.0
261.6830838081993,-66.33808222214117,7.649000000000005,0.0,0.0,-0.0
261.70440444708805,-66.34283620176096,7.649000000000005,0.0,0.0,-0.0
261.7257346569187,-66.34758653558679,7.649000000000005,0.0,0.0,-0.0
261.74706921062364,-66.35233576944684,7.649000000000005,0.0,0.0,-0.0
261.7684028097292,-66.35708648916021,7.649000000000005,0.0,0.0,-0.0
261.78973008705873,-66.36184131931532,7.649000000000005,0.0,0.0,-0.0
261.8110456094897,-66.36660292201121,7.649000000000006,0.0,0.0,-0.0
261.8323438807637,-66.37137399556137,7.649000000000005,0.0,0.0,-0.0
261.85361934434843,-66.37615727316032,7.649000000000005,0.0,0.0,-0.0
261.87486638635136,-66.3809555215124,7.6490000000000045,0.0,0.0,-0.0
261.89607933848407,-66.38577153942296,7.649000000000005,0.0,0.0,-0.0
261.91725248107787,-66.39060815635152,7.649000000000005,0.0,0.0,-0.0
261.9383800461481,-66.39546823092722,7.649000000000005,0.0,0.0,-0.0
261.95945622050914,-66.4003546494261,7.6490000000000045,0.0,0.0,-0.0
261.9804751489375,-66.40527032421014,7.649000000000007,0.0,0.0,-0.0
262.00143093738393,-66.4102181921281,7.649000000000007,0.0,0.0,-0.0
262.02231765623367,-66.4152012128781,7.649000000000006,0.0,0.0,-0.0
262.04312934361485,-66.42022236733173,7.649000000000005,0.0,0.0,-0.0
262.06386000875335,-66.4252846558194,7.6490000000000045,0.0,0.0,-0.0
262.0845036353774,-66.43039109637766,7.649000000000005,0.0,0.0,-0.0
