galstreams/tracks/track.st.LMS-1.malhan2021.ecsv
# %ECSV 0.9
# ---
# datatype:
# - {name: ra, unit: deg, datatype: float64}
# - {name: dec, unit: deg, datatype: float64}
# - {name: distance, unit: kpc, datatype: float64}
# - {name: pm_ra_cosdec, unit: mas / yr, datatype: float64}
# - {name: pm_dec, unit: mas / yr, datatype: float64}
# - {name: radial_velocity, unit: km / s, datatype: float64}
# delimiter: ','
# meta: !!omap
# - __serialized_columns__:
#     dec:
#       __class__: astropy.coordinates.angles.Latitude
#       unit: &id001 !astropy.units.Unit {unit: deg}
#       value: !astropy.table.SerializedColumn {name: dec}
#     distance:
#       __class__: astropy.coordinates.distances.Distance
#       unit: !astropy.units.Unit {unit: kpc}
#       value: !astropy.table.SerializedColumn {name: distance}
#     pm_dec:
#       __class__: astropy.units.quantity.Quantity
#       unit: !astropy.units.Unit {unit: mas / yr}
#       value: !astropy.table.SerializedColumn {name: pm_dec}
#     pm_ra_cosdec:
#       __class__: astropy.units.quantity.Quantity
#       unit: !astropy.units.Unit {unit: mas / yr}
#       value: !astropy.table.SerializedColumn {name: pm_ra_cosdec}
#     ra:
#       __class__: astropy.coordinates.angles.Longitude
#       unit: *id001
#       value: !astropy.table.SerializedColumn {name: ra}
#       wrap_angle: !astropy.coordinates.Angle
#         unit: *id001
#         value: 360.0
#     radial_velocity:
#       __class__: astropy.units.quantity.Quantity
#       unit: !astropy.units.Unit {unit: km / s}
#       value: !astropy.table.SerializedColumn {name: radial_velocity}
# schema: astropy-2.0
ra,dec,distance,pm_ra_cosdec,pm_dec,radial_velocity
[from data line 2936]
222.98498373772628,28.276715187500717,19.00000000000002,0.09073782205806802,-1.375561228834862,-100.21135394730764
222.99614952608442,28.279339711564262,19.00000000000002,0.09098219865324579,-1.3757164510365976,-100.22870664626514
223.00731675321973,28.281961240946945,19.00000000000002,0.09122651917109123,-1.3758718512076848,-100.24603288111501
223.0184854185428,28.28457977501076,19.00000000000002,0.09147078354328177,-1.376027429614172,-100.26333270066506
223.02965552146156,28.28719531312254,19.00000000000003,0.09171499170136026,-1.3761831865215028,-100.28060615377248
223.04082706138112,28.28980785465395,19.00000000000002,0.09195914357673707,-1.376339122194524,-100.29785328934358
223.05200003770395,28.292417398981534,19.000000000000025,0.09220323910068925,-1.3764952368974714,-100.31507415633415
223.0631744498296,28.295023945486673,19.00000000000002,0.09244727820435898,-1.3766515308939786,-100.33226880374913
223.07435029715512,28.297627493555634,19.000000000000025,0.09269126081875659,-1.3768080044470692,-100.3494372806426
223.08552757907466,28.300228042579537,19.000000000000018,0.0929351868747587,-1.376964657819159,-100.36657963611796
223.0967062949797,28.3028255919544,19.00000000000002,0.09317905630310812,-1.37712149127205,-100.38369591932769
223.10788644425895,28.30542014108115,19.000000000000025,0.09342286903441542,-1.3772785050669327,-100.40078617947354
223.11906802629835,28.308011689365557,19.00000000000002,0.09366662499915708,-1.377435699464384,-100.41785046580617
223.13025104048117,28.31060023621834,19.00000000000002,0.09391032412767682,-1.3775930747243614,-100.43488882762556
223.14143548618793,28.31318578105512,19.00000000000002,0.09415396635018587,-1.3777506311062073,-100.45190131428072
223.15262136279634,28.315768323296446,19.000000000000025,0.09439755159676166,-1.377908368868641,-100.46888797516961
223.16380866968146,28.318347862367755,19.000000000000018,0.09464107979734922,-1.378066288269766,-100.48584885973933
223.17499740621557,28.320924397699468,19.00000000000002,0.09488455088176045,-1.3782243895670552,-100.50278401748605
223.18618757176816,28.323497928726905,19.00000000000002,0.09512796477967451,-1.3783826730173618,-100.51969349795472
223.19737916570602,28.326068454890354,19.000000000000018,0.09537132142063791,-1.3785411388769127,-100.53657735073945
223.2085721873933,28.328635975635066,19.00000000000002,0.09561462073406479,-1.3786997874013027,-100.55343562548327
223.21976663619117,28.331200490411238,19.00000000000002,0.09585786264923565,-1.378858618845501,-100.57026837187807
223.23096251145827,28.333761998674053,19.000000000000018,0.09610104709529986,-1.3790176334638433,-100.5870756396647
223.24215981255043,28.336320499883648,19.000000000000025,0.09634417400127283,-1.3791768315100303,-100.60385747863275
223.2533585388207,28.338875993505173,19.00000000000002,0.09658724329603874,-1.3793362132371314,-100.62061393862089
223.2645586896194,28.34142847900876,19.000000000000025,0.09683025490834864,-1.3794957788975766,-100.63734506951647
223.27576026429415,28.343977955869523,19.00000000000002,0.0970732087668221,-1.3796555287431604,-100.65405092125563
223.2869632621898,28.346524423567615,19.00000000000002,0.09731610479994547,-1.3798154630250326,-100.6707315438234
223.2981676826484,28.349067881588176,19.000000000000025,0.09755894293607359,-1.3799755819937065,-100.68738698725352
223.30937352500933,28.351608329421378,19.000000000000025,0.09780172310342969,-1.380135885899049,-100.70401730162851
223.32058078860925,28.354145766562425,19.000000000000025,0.09804444523010379,-1.3802963749902832,-100.72062253707949
223.33178947278196,28.35668019251156,19.000000000000025,0.09828710924405452,-1.380457049515984,-100.73720274378641
223.34299957685863,28.35921160677405,19.00000000000002,0.09852971507310944,-1.380617909724081,-100.75375797197785
223.3542111001676,28.361740008860234,19.00000000000002,0.09877226264496308,-1.3807789558618495,-100.77028827193105
223.36542404203445,28.364265398285507,19.000000000000025,0.09901475188717929,-1.3809401881759162,-100.7867936939718
223.37663840178215,28.366787774570316,19.00000000000002,0.09925718272718939,-1.3811016069122533,-100.80327428847463
223.38785417873078,28.369307137240188,19.000000000000025,0.0994995550922944,-1.3812632123161777,-100.8197301058625
223.39907137219774,28.371823485825743,19.00000000000003,0.0997418689096627,-1.3814250046323497,-100.83616119660714
223.41028998149764,28.37433681986266,19.000000000000018,0.09998412410633173,-1.3815869841047723,-100.85256761122848
223.4215100059424,28.37684713889176,19.000000000000025,0.10022632060920782,-1.3817491509767845,-100.86894940029539
223.43273144484118,28.379354442458915,19.000000000000018,0.10046845834506585,-1.381911505491068,-100.88530661442495
223.4439542975004,28.381858730115123,19.00000000000002,0.10071053724055003,-1.3820740478896383,-100.90163930428268
223.4551785632236,28.384360001416518,19.000000000000025,0.10095255722217274,-1.3822367784138463,-100.91794752058276
223.46640424131175,28.386858255924345,19.00000000000002,0.10119451821631596,-1.382399697304376,-100.93423131408761
223.47763133106304,28.389353493204982,19.00000000000002,0.10143642014923096,-1.3825628048012417,-100.95049073560808
223.4888598317728,28.391845712829948,19.00000000000002,0.1016782629470378,-1.3827261011437901,-100.96672583600356
223.50008974273373,28.39433491437591,19.00000000000002,0.10192004653572605,-1.382889586570693,-100.98293666618166
223.5113210632357,28.39682109742467,19.00000000000002,0.10216177084115494,-1.38305326131995,-100.99912327709815
223.52255379256593,28.39930426156321,19.000000000000025,0.10240343578905325,-1.3832171256288843,-101.01528571975747
223.5337879300088,28.40178440638368,19.00000000000002,0.10264504130501846,-1.3833811797341444,-101.03142404521206
223.54502347484595,28.404261531483414,19.00000000000003,0.10288658731451904,-1.3835454238716962,-101.04753830456286
223.55626042635632,28.40673563646491,19.00000000000002,0.1031280737428924,-1.383709858276831,-101.06362854895885
223.567498783816,28.409206720935863,19.00000000000002,0.1033695005153457,-1.3838744831841499,-101.07969482959729
223.57873854649853,28.41167478450917,19.000000000000025,0.10361086755695734,-1.3840392988275778,-101.0957371977237
223.5899797136745,28.414139826802945,19.00000000000002,0.10385217479267413,-1.3842043054403497,-101.11175570463173
223.6012222846118,28.41660184744049,19.000000000000025,0.10409342214731428,-1.384369503255015,-101.12775040166315
223.61246625857564,28.419060846050343,19.000000000000025,0.10433460954556585,-1.3845348925034342,-101.14372134020795
223.62371163482842,28.42151682226626,19.000000000000025,0.10457573691198778,-1.3847004734167772,-101.15966857170406
223.63495841262983,28.42396977572725,19.000000000000025,0.10481680417100857,-1.3848662462255208,-101.17559214763774
223.64620659123673,28.426419706077542,19.000000000000025,0.10505781124692806,-1.3850322111594493,-101.19149211954306
223.65745616990336,28.42886661296664,19.00000000000002,0.10529875806391661,-1.3851983684476503,-101.20736853900229
223.66870714788107,28.431310496049267,19.00000000000002,0.10553964454601564,-1.3853647183185152,-101.22322145764564
223.6799595244186,28.433751354985464,19.000000000000025,0.1057804706171372,-1.3855312609997343,-101.2390509271514
223.6912132987618,28.436189189440494,19.000000000000025,0.10602123620106434,-1.3856979967183003,-101.25485699924569
223.70246847015386,28.438623999084932,19.000000000000025,0.10626194122145162,-1.3858649257005005,-101.27063972570271
223.71372503783522,28.44105578359462,19.000000000000025,0.10650258560182453,-1.3860320481719208,-101.28639915834445
223.7249830010435,28.443484542650705,19.000000000000025,0.10674316926557988,-1.386199364357439,-101.30213534904101
223.73624235901372,28.445910275939628,19.000000000000025,0.10698369213598681,-1.3863668744812276,-101.31784834971013
223.74750311097796,28.448332983153154,19.000000000000025,0.10722415413618468,-1.386534578766749,-101.33353821231756
223.75876525616567,28.450752663988336,19.000000000000025,0.10746455518918592,-1.386702477436754,-101.34920498887685
223.77002879380353,28.453169318147587,19.00000000000002,0.10770489521787453,-1.3868705707132836,-101.36484873144936
223.78129372311543,28.455582945338634,19.00000000000002,0.10794517414500505,-1.3870388588176608,-101.38046949214423
223.7925600433226,28.45799354527453,19.000000000000018,0.10818539189320626,-1.3872073419704962,-101.39606732311834
223.8038277536434,28.460401117673683,19.00000000000002,0.10842554838497752,-1.387376020391681,-101.4116422765764
223.81509685329354,28.46280566225985,19.000000000000025,0.10866564354269169,-1.3875448943003876,-101.42719440477066
223.82636734148596,28.46520717876218,19.00000000000002,0.10890567728859321,-1.3877139639150684,-101.44272376000133
223.83763921743082,28.467605666915148,19.000000000000025,0.10914564954479948,-1.387883229453451,-101.45823039461608
223.8489124803355,28.470001126458634,19.000000000000025,0.10938556023330044,-1.388052691132541,-101.47371436101034
223.86018712940478,28.472393557137874,19.00000000000002,0.10962540927595951,-1.3882223491686185,-101.48917571162711
223.8714631638405,28.474782958703514,19.000000000000025,0.10986519659451198,-1.3883922037772318,-101.50461449895707
223.8827405828419,28.4771693309116,19.000000000000025,0.11010492211056691,-1.3885622551732049,-101.52003077553837
223.89401938560536,28.479552673523564,19.000000000000025,0.11034458574560645,-1.388732503570627,-101.53542459395686
223.90529957132463,28.481932986306273,19.00000000000002,0.11058418742098669,-1.3889029491828577,-101.55079600684579
223.91658113919058,28.484310269031997,19.00000000000002,0.11082372705793601,-1.38907359222252,-101.56614506688608
223.92786408839146,28.486684521478452,19.000000000000025,0.11106320457755733,-1.389244432901501,-101.58147182680598
223.93914841811267,28.48905574342876,19.000000000000025,0.11130261990082693,-1.3894154714309512,-101.59677633938139
223.95043412753694,28.491423934671516,19.00000000000002,0.1115419729485954,-1.389586708021281,-101.61205865743543
223.96172121584416,28.493789095000743,19.000000000000025,0.11178126364158653,-1.3897581428821586,-101.62731883383886
223.97300968221157,28.49615122421593,19.00000000000002,0.11202049190039946,-1.3899297762225116,-101.64255692150977
223.9842995258136,28.498510322122023,19.00000000000002,0.11225965764550648,-1.390101608250521,-101.65777297341351
223.995590745822,28.500866388529467,19.000000000000025,0.1124987607972553,-1.3902736391736228,-101.67296704256306
224.0068833414057,28.50321942325415,19.000000000000025,0.11273780127586756,-1.3904458691985049,-101.68813918201843
224.01817731173088,28.505569426117475,19.00000000000002,0.11297677900143963,-1.3906182985311053,-101.70328944488719
224.02947265596103,28.5079163969463,19.000000000000025,0.11321569389394338,-1.390790927376611,-101.718417884324
224.04076937325692,28.510260335573037,19.000000000000018,0.11345454587322512,-1.3909637559394559,-101.73352455353096
224.05206746277645,28.51260124183557,19.000000000000025,0.11369333485900647,-1.3911367844233185,-101.74860950575722
224.06336692367486,28.514939115577313,19.000000000000025,0.11393206077088473,-1.3913100130311238,-101.76367279429941
224.07466775510468,28.517273956647205,19.00000000000003,0.11417072352833199,-1.391483441965035,-101.77871447250114
224.08596995621562,28.51960576489971,19.000000000000018,0.11440932305069645,-1.3916570714264582,-101.79373459375323
224.09727352615465,28.52193454019483,19.000000000000025,0.1146478592572018,-1.3918309016160362,-101.80873321149376
224.10857846406606,28.524260282398128,19.00000000000002,0.11488633206694837,-1.392004932733651,-101.82371037920782
224.11988476909133,28.52658299138069,19.00000000000002,0.11512474139891136,-1.3921791649784176,-101.83866615042767
224.13119244036926,28.528902667019207,19.00000000000002,0.1153630871719433,-1.3923535985486872,-101.85360057873275
224.1425014770358,28.5312193091959,19.00000000000002,0.11560136930477247,-1.3925282336420393,-101.86851371774931
224.15381187822427,28.53353291779858,19.000000000000025,0.11583958771600399,-1.3927030704552867,-101.88340562115089
224.16512364306524,28.535843492720648,19.00000000000002,0.1160777423241196,-1.3928781091844689,-101.89827634265785
224.17643677068642,28.538151033861087,19.00000000000003,0.11631583304747742,-1.3930533500248528,-101.91312593603777
224.1877512602129,28.540455541124476,19.00000000000002,0.11655385980431383,-1.3932287931709308,-101.927954455105
224.19906711076698,28.542757014421014,19.000000000000025,0.11679182251274102,-1.3934044388164177,-101.94276195372088
224.21038432146818,28.545055453666492,19.000000000000025,0.11702972109074931,-1.3935802871542518,-101.95754848579378
224.22170289143344,28.547350858782334,19.000000000000025,0.11726755545620637,-1.3937563383765879,-101.97231410527883
224.23302281977672,28.54964322969561,19.00000000000002,0.11750532552685747,-1.3939325926748043,-101.98705886617816
224.24434410560943,28.551932566338984,19.00000000000002,0.11774303122032552,-1.3941090502394915,-102.00178282254075
224.25566674804017,28.554218868650796,19.000000000000025,0.11798067245411238,-1.3942857112604568,-102.0164860284623
224.26699074617474,28.556502136575023,19.000000000000025,0.11821824914559678,-1.394462575926721,-102.03116853808542
224.27831609911635,28.558782370061312,19.00000000000002,0.11845576121203662,-1.3946396444265166,-102.04583040559953
224.28964280596531,28.56105956906496,19.00000000000002,0.11869320857056813,-1.3948169169472848,-102.06047168524074
224.30097086581932,28.563333733546934,19.00000000000002,0.11893059113820609,-1.3949943936756761,-102.07509243129196
224.3123002777733,28.565604863473904,19.000000000000025,0.11916790883184461,-1.3951720747975478,-102.08969269808283
224.32363104091934,28.5678729588182,19.00000000000003,0.119405161568256,-1.3953499604979602,-102.10427253998964
224.33496315434692,28.570138019557877,19.000000000000025,0.11964234926409224,-1.3955280509611792,-102.11883201143534
224.34629661714277,28.572400045676673,19.00000000000003,0.11987947183588538,-1.3957063463706707,-102.13337116688965
224.3576314283908,28.574659037164036,19.00000000000003,0.12011652920004574,-1.3958848469091008,-102.14789006086879
224.36896758717228,28.57691499401513,19.000000000000025,0.12035352127286472,-1.396063552758335,-102.1623887479357
224.38030509256566,28.579167916230855,19.000000000000025,0.12059044797051247,-1.3962424640994313,-102.17686728269982
224.39164394364673,28.58141780381784,19.00000000000003,0.12082730920903967,-1.3964215811126464,-102.19132571981721
224.40298413948847,28.583664656788454,19.00000000000003,0.1210641049043776,-1.3966009039774285,-102.20576411399041
224.4143256791612,28.585908475160803,19.000000000000025,0.12130083497233765,-1.3967804328724176,-102.22018251996853
224.42566856173246,28.588149258958754,19.00000000000003,0.1215374993286121,-1.3969601679754433,-102.2345809925472
224.43701278626708,28.590387008211955,19.00000000000002,0.12177409788877404,-1.397140109463522,-102.24895958656843
224.44835835182715,28.592621722955787,19.000000000000025,0.12201063056827725,-1.3973202575128576,-102.26331835692076
224.45970525747205,28.59485340323144,19.000000000000025,0.12224709728245733,-1.3975006122988392,-102.27765735853919
224.47105350225837,28.59708204908588,19.000000000000025,0.12248349794653078,-1.3976811739960369,-102.2919766464049
224.48240308524,28.59930766057185,19.000000000000025,0.1227198324755961,-1.3978619427782042,-102.30627627554584
224.49375400546813,28.601530237747923,19.00000000000002,0.12295610078463312,-1.398042918818272,-102.3205563010359
224.5051062619912,28.603749780678434,19.00000000000003,0.12319230278850399,-1.39822410228835,-102.33481677799563
224.51645985385488,28.605966289433578,19.00000000000003,0.12342843840195318,-1.3984054933597252,-102.34905776159168
