galstreams/tracks/track.st.C-12.ibata2024.ecsv
# %ECSV 1.0
# ---
# datatype:
# - {name: ra, unit: deg, datatype: float64}
# - {name: dec, unit: deg, datatype: float64}
# - {name: distance, unit: kpc, datatype: float64}
# - {name: pm_ra_cosdec, unit: mas / yr, datatype: float64}
# - {name: pm_dec, unit: mas / yr, datatype: float64}
# - {name: radial_velocity, unit: km / s, datatype: float64}
# delimiter: ','
# meta: !!omap
# - __serialized_columns__:
#     dec:
#       __class__: astropy.coordinates.angles.Latitude
#       unit: &id001 !astropy.units.Unit {unit: deg}
#       value: !astropy.table.SerializedColumn {name: dec}
#     distance:
#       __class__: astropy.coordinates.distances.Distance
#       unit: !astropy.units.Unit {unit: kpc}
#       value: !astropy.table.SerializedColumn {name: distance}
#     pm_dec:
#       __class__: astropy.units.quantity.Quantity
#       unit: !astropy.units.Unit {unit: mas / yr}
#       value: !astropy.table.SerializedColumn {name: pm_dec}
#     pm_ra_cosdec:
#       __class__: astropy.units.quantity.Quantity
#       unit: !astropy.units.Unit {unit: mas / yr}
#       value: !astropy.table.SerializedColumn {name: pm_ra_cosdec}
#     ra:
#       __class__: astropy.coordinates.angles.Longitude
#       unit: *id001
#       value: !astropy.table.SerializedColumn {name: ra}
#       wrap_angle: !astropy.coordinates.Angle
#         unit: *id001
#         value: 360.0
#     radial_velocity:
#       __class__: astropy.units.quantity.Quantity
#       unit: !astropy.units.Unit {unit: km / s}
#       value: !astropy.table.SerializedColumn {name: radial_velocity}
# schema: astropy-2.0
ra,dec,distance,pm_ra_cosdec,pm_dec,radial_velocity
[from data line 2172]
105.77191027101318,-31.003672658791842,1.0000000000000009,-1.3476228174622698,-1.1318583937209468,306.7540696931481
105.78362764957407,-31.005974140486074,1.000000000000001,-1.3478363829978157,-1.1312429818740881,306.8196276623436
105.79534545274169,-31.008278627630354,1.0000000000000007,-1.34804787253975,-1.13062681896891,306.885298127826
105.80706368164128,-31.010586123959765,1.0000000000000009,-1.3482572837049212,-1.1300099037354308,306.95108120691265
105.81878233740008,-31.01289663320927,1.000000000000001,-1.3484646141105614,-1.1293922349025785,307.0169770169209
105.83050142114729,-31.01521015911365,1.0000000000000007,-1.3486698613743577,-1.1287738111982684,307.08298567516835
105.84222093401412,-31.01752670540753,1.0000000000000007,-1.34887302311434,-1.1281546313492967,307.1491072989723
105.85394087713381,-31.019846275825397,1.0000000000000009,-1.3490740969490318,-1.1275346940814437,307.21534200565054
105.86566125164158,-31.02216887410157,1.0000000000000009,-1.3492730804973014,-1.12691399811942,307.2816899125202
105.87738205867467,-31.0244945039702,1.0000000000000009,-1.349469971378495,-1.1262925421868601,307.3481511368989
105.88910329937227,-31.026823169165286,1.0000000000000007,-1.349664767212312,-1.1256703250063502,307.41472579610416
105.90082497487563,-31.02915487342067,1.0000000000000009,-1.3498574656188858,-1.1250473452994356,307.4814140074533
105.912547086328,-31.03148962047003,1.0000000000000009,-1.3500480642187878,-1.1244236017865354,307.5482158882638
105.92426963487458,-31.03382741404689,1.0000000000000009,-1.35023656063297,-1.123799093187106,307.61513155585334
105.93599262166262,-31.03616825788462,1.0000000000000009,-1.350422952482825,-1.123173818219449,307.68216112753913
105.94771604784138,-31.038512155716393,1.000000000000001,-1.3506072373901468,-1.122547775600875,307.74930472063875
105.95943991456211,-31.040859111275278,1.0000000000000009,-1.3507894129771465,-1.1219209640475611,307.81656245246984
105.97116422297806,-31.043209128294123,1.0000000000000009,-1.350969476866469,-1.1212933822747146,307.88393444034944
105.9828889742445,-31.045562210505658,1.000000000000001,-1.3511474266811359,-1.1206650289963989,307.9514208015954
105.9946141695187,-31.047918361642434,1.0000000000000009,-1.3513232600446319,-1.1200359029256681,308.01902165352504
106.00633980995995,-31.050277585436834,1.0000000000000009,-1.3514969745808347,-1.1194060027744648,308.0867371134559
106.01806589672955,-31.052639885621087,1.0000000000000009,-1.35166856791405,-1.1187753272537257,308.1545672987051
106.02979243099081,-31.055005265927253,1.0000000000000009,-1.3518380376689922,-1.118143875073283,308.2225123265907
106.04151941390901,-31.05737373008722,1.0000000000000009,-1.3520053814707929,-1.1175116449419527,308.2905723144298
106.0532468466515,-31.059745281832722,1.0000000000000009,-1.352170596945026,-1.1168786355674314,308.35874737953986
106.06497473038765,-31.062119924895335,1.000000000000001,-1.352333681717667,-1.1162448456563787,308.4270376392386
106.07670306628874,-31.06449766300645,1.0000000000000009,-1.3524946334150965,-1.1156102739144025,308.4954432108432
106.08843185552821,-31.06687849989731,1.000000000000001,-1.352653449664162,-1.1149749190460128,308.5639642116712
106.1001610992814,-31.069262439298967,1.000000000000001,-1.3528101280920808,-1.114338779754732,308.6326007590402
106.11189079872571,-31.071649484942327,1.000000000000001,-1.35296466632653,-1.1137018547429314,308.7013529702676
106.12362095504056,-31.074039640558134,1.0000000000000009,-1.3531170619956026,-1.113064142711952,308.7702209626705
106.13535156940738,-31.07643290987694,1.0000000000000009,-1.3532673127277768,-1.1124256423620942,308.83920485356697
106.14708264300961,-31.07882929662914,1.000000000000001,-1.3534154161520053,-1.1117863523925777,308.9083047602743
106.15881417703274,-31.081228804544967,1.000000000000001,-1.3535613698976494,-1.1111462715015428,308.97752080010974
106.1705461726642,-31.08363143735448,1.000000000000001,-1.35370517159447,-1.1105053983860813,309.04685309039087
106.18227863109354,-31.086037198787565,1.000000000000001,-1.3538468188726753,-1.109863731742223,309.11630174843526
106.19401155351227,-31.088446092573943,1.000000000000001,-1.3539863093628952,-1.109221270264939,309.1858668915601
106.20574494111395,-31.09085812244316,1.0000000000000009,-1.3541236406962032,-1.108578012648099,309.2555486370834
106.21747879509411,-31.09327329212458,1.0000000000000009,-1.3542588105040405,-1.107933957584585,309.325347102322
106.22921311665037,-31.095691605347426,1.000000000000001,-1.354391816418321,-1.1072891037661172,309.3952624045937
106.24094790698234,-31.09811306584072,1.000000000000001,-1.3545226560714028,-1.1066434498834248,309.465294661216
106.25268316729165,-31.100537677333335,1.000000000000001,-1.3546513270960254,-1.1059969946261283,309.53544398950623
106.26441889878197,-31.10296544355394,1.000000000000001,-1.354777827125373,-1.1053497366828147,309.6057105067818
106.27615510265896,-31.10539636823106,1.000000000000001,-1.3549021537930663,-1.1047016747409906,309.6760943303604
106.28789178013037,-31.107830455093044,1.000000000000001,-1.355024304733151,-1.1040528074870934,309.74659557755945
106.29962893240592,-31.11026770786804,1.000000000000001,-1.3551442775800968,-1.1034031336064913,309.81721436569626
106.31136656069738,-31.112708130284055,1.000000000000001,-1.355262069968802,-1.1027526517835007,309.8879508120884
106.32310466621855,-31.115151726068902,1.0000000000000009,-1.3553776795346106,-1.1021013607013828,309.95880503405334
106.33484325018527,-31.117598498950212,1.0000000000000009,-1.355491103913259,-1.1014492590422975,310.0297771489085
106.34658231381538,-31.120048452655457,1.0000000000000009,-1.3556023407409672,-1.1007963454873533,310.10086727397135
106.35832185832876,-31.12250159091194,1.000000000000001,-1.3557113876543383,-1.1001426187166032,310.1720755265595
106.37006188494735,-31.124957917446753,1.000000000000001,-1.3558182422904377,-1.0994880774090277,310.24340202399026
106.38180239489508,-31.127417435986835,1.000000000000001,-1.3559229022867534,-1.0988327202425303,310.31484688358114
106.39354338939795,-31.129880150258952,1.000000000000001,-1.3560253652812122,-1.098176545893974,310.3864102226496
106.40528486968397,-31.13234606398968,1.0000000000000009,-1.3561256289121513,-1.0975195530391026,310.45809215851307
106.41702683698318,-31.134815180905406,1.0000000000000009,-1.3562236908183642,-1.096861740352665,310.5298928084891
106.4287692925277,-31.13728750473237,1.000000000000001,-1.3563195486390747,-1.0962031065082734,310.6018122898952
106.44051223755162,-31.1397630391966,1.000000000000001,-1.35641320001392,-1.0955436501785165,310.67385072004873
106.45225567329113,-31.142241788023963,1.0000000000000009,-1.3565046425830225,-1.0948833700348963,310.74600821626706
106.4639996009844,-31.144723754940145,1.0000000000000009,-1.356593873986876,-1.0942222647478488,310.818284895868
106.47574402187169,-31.147208943670638,1.000000000000001,-1.3566808918664641,-1.093560332986737,310.89068087616863
106.48748893719527,-31.149697357940756,1.0000000000000009,-1.3567656938631671,-1.0928975734199078,310.9631962744866
106.49923434819945,-31.152189001475662,1.0000000000000009,-1.3568482776188286,-1.0922339847145253,311.0358312081394
106.5109802561306,-31.154683878000288,1.000000000000001,-1.356928640775715,-1.091569565536794,311.10858579444454
106.5227266622371,-31.157181991239415,1.000000000000001,-1.3570067809765476,-1.0909043145517998,311.18146015071943
106.5344735677694,-31.159683344917628,1.000000000000001,-1.3570826958644489,-1.090238230423573,311.25445439428137
106.54622097397998,-31.16218794275934,1.000000000000001,-1.3571563830830193,-1.0895713118150745,311.32756864244817
106.55796888212339,-31.164695788488753,1.000000000000001,-1.3572278402762965,-1.0889035573881891,311.400803012537
106.56971729345616,-31.167206885829938,1.0000000000000009,-1.3572970650887033,-1.088234965803732,311.47415762186546
106.58146620923695,-31.169721238506714,1.0000000000000009,-1.357364055165183,-1.0875655357214349,311.5476325877509
106.59321563072642,-31.17223885024278,1.0000000000000009,-1.3574288081510666,-1.0868952658000026,311.62122802751094
106.60496555918725,-31.174759724761596,1.000000000000001,-1.3574913216921214,-1.0862241546970068,311.694944058463
106.61671599588423,-31.177283865786464,1.000000000000001,-1.357551593434609,-1.0855522010690208,311.7687807979245
106.62846694208415,-31.179811277040482,1.000000000000001,-1.3576096210251638,-1.084879403571506,311.84273836321296
106.64021839905588,-31.182341962246593,1.0000000000000009,-1.3576654021109125,-1.0842057608588256,311.9168168716459
106.65197036807032,-31.184875925127518,1.0000000000000009,-1.3577189343394078,-1.0835312715843344,311.99101644054065
106.66372285040043,-31.1874131694058,1.000000000000001,-1.357770215358638,-1.082855934400282,312.0653371872147
106.67547584732122,-31.1899536988038,1.000000000000001,-1.3578192428170528,-1.0821797479578201,312.1397792289857
106.68722936010978,-31.19249751704369,1.000000000000001,-1.3578660143635357,-1.081502710907099,312.2143426831708
106.69898339004519,-31.195044627847444,1.000000000000001,-1.3579105276474035,-1.0808248218971457,312.28902766708774
106.71073793840864,-31.19759503493686,1.0000000000000013,-1.3579527803184437,-1.0801460795759148,312.3638342980538
106.72249300648336,-31.200148742033527,1.000000000000001,-1.3579927700268684,-1.0794664825902913,312.43876269338676
106.73424859555462,-31.202705752858854,1.0000000000000013,-1.3580304944233443,-1.078786029586123,312.5138129704037
106.74600470690977,-31.205266071134066,1.000000000000001,-1.358065951158979,-1.0781047192081274,312.5889852464222
106.75776134183819,-31.207829700580177,1.0000000000000013,-1.3580991378853309,-1.077422550100028,312.66427963876
106.76951850163137,-31.21039664491804,1.0000000000000013,-1.3581300522544097,-1.0767395209043649,312.7396962647342
106.78127618758279,-31.212966907868275,1.0000000000000013,-1.358158691918673,-1.076055630262708,312.8152352416625
106.79303440098805,-31.215540493151348,1.0000000000000013,-1.358185054531024,-1.0753708768155121,312.8908966868622
106.80479314314478,-31.21811740448749,1.0000000000000013,-1.3582091377448062,-1.074685259202159,312.9666807176509
106.81655241535267,-31.220697645596793,1.000000000000001,-1.3582309392138328,-1.0739987760609253,313.04258745134604
106.82831221891348,-31.223281220199095,1.0000000000000013,-1.3582504565923408,-1.0733114260290861,313.118617005265
106.84007255513104,-31.22586813201408,1.0000000000000013,-1.358267687535033,-1.0726232077427902,313.1947694967254
106.85183342531126,-31.228458384761222,1.0000000000000013,-1.358282629697067,-1.0719341198371133,313.27104504304464
106.86359483076205,-31.23105198215981,1.0000000000000013,-1.3582952807340387,-1.071244160946076,313.34744376154015
106.87535677279347,-31.233648927928922,1.0000000000000013,-1.358305638302003,-1.070553329702605,313.42396576952933
106.88711925271758,-31.23624922578745,1.000000000000001,-1.358313700057483,-1.0698616247385608,313.50061118432984
106.89888227184856,-31.238852879454075,1.000000000000001,-1.358319463657418,-1.0691690446847595,313.57738012325893
106.9106458315026,-31.241459892647292,1.0000000000000013,-1.3583229267592376,-1.0684755881708838,313.65427270363426
106.92240993299802,-31.24407026908542,1.0000000000000013,-1.3583240870207902,-1.0677812538255473,313.73128904277337
106.93417457765517,-31.246684012486515,1.0000000000000013,-1.358322942100406,-1.0670860402763616,313.8084292579933
106.94593976679649,-31.24930112656852,1.0000000000000013,-1.3583194896568518,-1.0663899461497586,313.885693466612
106.95770550174646,-31.251921615049095,1.0000000000000013,-1.3583137273493708,-1.0656929700711828,313.96308178594666
106.9694717838317,-31.254545481645764,1.0000000000000013,-1.358305652837652,-1.0649951106649418,314.04059433331474
106.98123861438083,-31.257172730075816,1.0000000000000013,-1.3582952637818266,-1.064296366554295,314.11823122603397
106.9930059947246,-31.259803364056356,1.000000000000001,-1.358282557842502,-1.0635967363614078,314.1959925814214
107.00477392619578,-31.26243738730426,1.000000000000001,-1.3582675326807134,-1.0628962187074187,314.2738785167949
107.01654241012928,-31.26507480353626,1.0000000000000013,-1.3582501859579814,-1.0621948122122973,314.3518891494717
107.02831144786205,-31.267715616468816,1.000000000000001,-1.3582305153363077,-1.0614925154949972,314.43002459676933
107.04008104073313,-31.27035982981825,1.0000000000000013,-1.3582085184780954,-1.0607893271734028,314.5082849760053
107.05185119008361,-31.273007447300625,1.0000000000000013,-1.358184193046224,-1.0600852458643075,314.5866704044971
107.06362189725668,-31.275658472631825,1.0000000000000013,-1.3581575367040504,-1.0593802701834,314.66518099956204
107.07539316359765,-31.278312909527546,1.0000000000000013,-1.3581285471154008,-1.0586743987453104,314.7438168785178
107.08716499045384,-31.280970761703262,1.0000000000000013,-1.3580972219445293,-1.0579676301635992,314.8225781586816
107.09893737917471,-31.283632032874237,1.000000000000001,-1.3580635588561627,-1.0572599630507327,314.9014649573711
107.11071033111176,-31.28629672675555,1.0000000000000013,-1.3580275555154877,-1.0565513960181008,314.9804773919037
107.12248384761861,-31.28896484706204,1.0000000000000013,-1.3579892095881707,-1.0558419276760418,315.05961557959694
107.13425793005095,-31.291636397508384,1.0000000000000013,-1.3579485187403257,-1.0551315566337465,315.13887963776807
107.14603257976654,-31.294311381809024,1.0000000000000013,-1.3579054806385304,-1.0544202814994144,315.21826968373483
107.15780779812526,-31.296989803678187,1.000000000000001,-1.3578600929498226,-1.0537081008800975,315.2977858348146
107.16958358648905,-31.299671666829934,1.0000000000000013,-1.3578123533417035,-1.0529950133817714,315.3774282083248
107.18135994622197,-31.302356974978068,1.0000000000000013,-1.3577622594821648,-1.052281017609367,315.45719692158286
107.19313687869013,-31.30504573183621,1.0000000000000013,-1.3577098090396191,-1.0515661121667321,315.5370920919063
107.20491438526176,-31.30773794111777,1.0000000000000013,-1.3576549996829854,-1.0508502956565984,315.6171138366127
107.21669246730715,-31.310433606535955,1.000000000000001,-1.3575978290816053,-1.0501335666806142,315.69726227301925
107.22847112619871,-31.313132731803748,1.0000000000000013,-1.3575382949053214,-1.0494159238394118,315.7775375184437
107.24025036331098,-31.31583532063393,1.0000000000000013,-1.3574763948244577,-1.0486973657324477,315.85793969020347
107.2520301800205,-31.318541376739056,1.0000000000000013,-1.3574121265097645,-1.0479778909581832,315.9384689056159
107.26381057770597,-31.321250903831498,1.0000000000000013,-1.3573454876324647,-1.0472574981139502,316.01912528199847
107.27559155774817,-31.323963905623398,1.000000000000001,-1.3572764758642908,-1.046536185795997,316.0999089366686
107.28737312152998,-31.326680385826688,1.0000000000000013,-1.3572050888773717,-1.045813952599513,316.180819986944
107.2991552704364,-31.3294003481531,1.0000000000000013,-1.3571313243444063,-1.0450907971185615,316.261858550142
107.31093800585448,-31.332123796314114,1.0000000000000013,-1.3570551799384685,-1.044366717946179,316.34302474358003
107.32272132917342,-31.33485073402105,1.000000000000001,-1.3569766533331578,-1.0436417136742797,316.42431868457544
107.33450524178446,-31.337581164984982,1.0000000000000013,-1.3568957422025107,-1.042915782893722,316.50574049044604
107.346289745081,-31.340315092916757,1.0000000000000013,-1.356812444221065,-1.0421889241942424,316.58729027850904
107.35807484045851,-31.343052521527056,1.0000000000000013,-1.3567267570638162,-1.0414611361645143,316.668968166082
107.36986052931461,-31.345793454526305,1.0000000000000013,-1.356638678406238,-1.0407324173921282,316.7507742704823
107.38164681304895,-31.34853789562471,1.0000000000000013,-1.3565482059242662,-1.0400027664635978,316.8327087090275
107.39343369306332,-31.351285848532292,1.0000000000000016,-1.3564553372943138,-1.039272181964325,316.9147715990349
