galstreams/tracks/track.st.Jhelum-a.shipp2019.ecsv
# %ECSV 0.9
# ---
# datatype:
# - {name: ra, unit: deg, datatype: float64}
# - {name: dec, unit: deg, datatype: float64}
# - {name: distance, unit: kpc, datatype: float64}
# - {name: pm_ra_cosdec, unit: mas / yr, datatype: float64}
# - {name: pm_dec, unit: mas / yr, datatype: float64}
# - {name: radial_velocity, unit: km / s, datatype: float64}
# delimiter: ','
# meta: !!omap
# - __serialized_columns__:
#     dec:
#       __class__: astropy.coordinates.angles.Latitude
#       unit: &id001 !astropy.units.Unit {unit: deg}
#       value: !astropy.table.SerializedColumn {name: dec}
#     distance:
#       __class__: astropy.coordinates.distances.Distance
#       unit: !astropy.units.Unit {unit: kpc}
#       value: !astropy.table.SerializedColumn {name: distance}
#     pm_dec:
#       __class__: astropy.units.quantity.Quantity
#       unit: !astropy.units.Unit {unit: mas / yr}
#       value: !astropy.table.SerializedColumn {name: pm_dec}
#     pm_ra_cosdec:
#       __class__: astropy.units.quantity.Quantity
#       unit: !astropy.units.Unit {unit: mas / yr}
#       value: !astropy.table.SerializedColumn {name: pm_ra_cosdec}
#     ra:
#       __class__: astropy.coordinates.angles.Longitude
#       unit: *id001
#       value: !astropy.table.SerializedColumn {name: ra}
#       wrap_angle: !astropy.coordinates.Angle
#         unit: *id001
#         value: 360.0
#     radial_velocity:
#       __class__: astropy.units.quantity.Quantity
#       unit: !astropy.units.Unit {unit: km / s}
#       value: !astropy.table.SerializedColumn {name: radial_velocity}
# schema: astropy-2.0
ra,dec,distance,pm_ra_cosdec,pm_dec,radial_velocity
[from data line 2054]
353.9647034223911,-51.5846421411888,13.199999999996647,6.68490475438335,-3.780654901430137,2.947756899948851e-09
353.9808271138612,-51.58480111070878,13.199999999996653,6.685617037331362,-3.779313890989113,2.9618532641242573e-09
353.99695091711095,-51.58495786703842,13.199999999996653,6.686329067955945,-3.7779727256942603,2.9759496282996637e-09
354.01307483056826,-51.58511241013331,13.199999999996658,6.6870408461128115,-3.7766314057787858,2.9897260033241346e-09
354.02919885266135,-51.58526473994947,13.199999999996662,6.68775237165785,-3.7752899314759762,3.0039065751708396e-09
354.045322981818,-51.58541485644326,13.199999999996663,6.6884636444470855,-3.773948303019246,3.017935573209207e-09
354.0614472164659,-51.585562759571445,13.199999999996669,6.689174664336693,-3.7726065206420936,3.031863522042016e-09
354.0775715550328,-51.58570844929122,13.199999999996669,6.689885431183012,-3.7712645845781267,3.0459430446831623e-09
354.0936959959464,-51.585851925560114,13.199999999996672,6.69059594484253,-3.7699224950610444,3.0600394088585687e-09
354.109820537634,-51.58599318833607,13.199999999996674,6.691306205171872,-3.7685802523246608,3.073866308485819e-09
354.12594517852307,-51.586132237577445,13.199999999996678,6.692016212027839,-3.767237856602874,3.087861623455667e-09
354.142069917041,-51.58626907324294,13.199999999996685,6.692725965267373,-3.7658953081296858,3.1020590368366316e-09
354.1581947516148,-51.586403695291715,13.199999999996685,6.693435464747568,-3.764552607139218,3.1159869856694404e-09
354.1743196806718,-51.58653610368325,13.199999999996688,6.694144710325679,-3.763209753865661,3.130083349844847e-09
354.1904447026388,-51.58666629837746,13.199999999996693,6.694853701859097,-3.761866748543328,3.143927091006357e-09
354.20656981594294,-51.58679427933465,13.199999999996693,6.6955624392053945,-3.760523591406615,3.158158187455841e-09
354.2226950190109,-51.58692004651547,13.199999999996697,6.696270922222266,-3.759180282690038,3.171968245548832e-09
354.2388203102696,-51.587043599881056,13.199999999996699,6.696979150767583,-3.7578368226281835,3.1861825004640564e-09
354.25494568814554,-51.58716493939285,13.199999999996704,6.6976871246993595,-3.756493211455764,3.200329389242242e-09
354.27107115106537,-51.58728406501268,13.199999999996706,6.698394843875764,-3.7551494494075777,3.214088922732453e-09
354.28719669745567,-51.587400976702845,13.199999999996711,6.699102308155128,-3.753805536718513,3.228218969976379e-09
354.3033223257428,-51.58751567442599,13.199999999996713,6.699809517395921,-3.7524614736235757,3.2422984926175257e-09
354.31944803435306,-51.587628158145115,13.199999999996718,6.700516471456781,-3.7511172603578573,3.2562938075873734e-09
354.3355738217127,-51.58773842782367,13.19999999999672,6.7012231701965,-3.7497728971565483,3.2701880733516628e-09
354.351699686248,-51.587846483425515,13.199999999996724,6.701929613474014,-3.748428384254934,3.2843854867326275e-09
354.3678256263849,-51.58795232491479,13.199999999996729,6.702635801148418,-3.7470837218884085,3.298279752496917e-09
354.3839516405496,-51.58805595225614,13.199999999996727,6.703341733078966,-3.745738910292447,3.3122919090010243e-09
354.4000777271679,-51.58815736541456,13.199999999996734,6.704047409125064,-3.7443939497026335,3.3262703824366127e-09
354.4162038846658,-51.58825656435544,13.199999999996734,6.704752829146279,-3.743048840354644,3.340501478886097e-09
354.43233011146884,-51.588353549044534,13.199999999996736,6.7054579930023115,-3.7417035824842557,3.3543115369790876e-09
354.44845640600306,-51.588448319448055,13.199999999996741,6.706162900553049,-3.7403581763273337,3.3683573765517144e-09
354.4645827666939,-51.58854087553254,13.199999999996743,6.706867551658509,-3.739012622119842,3.3824874237956403e-09
354.48070919196704,-51.58863121726495,13.199999999996749,6.707571946178878,-3.737666920097848,3.396617471039566e-09
354.49683568024795,-51.58871934461262,13.199999999996752,6.708276083974493,-3.7363210704975076,3.4105622614066347e-09
354.51296222996206,-51.58880525754333,13.199999999996752,6.708979964905845,-3.7349750735550753,3.4246417840477814e-09
354.5290888395347,-51.58888895602516,13.199999999996754,6.709683588833592,-3.7336289295068954,3.4386707820861485e-09
354.5452155073913,-51.588970440026685,13.19999999999676,6.7103869556185245,-3.7322826385894174,3.4526492555217365e-09
354.561342231957,-51.58904970951677,13.199999999996765,6.711090065121615,-3.730936201039171,3.466745619697143e-09
354.577469011657,-51.58912676446477,13.199999999996766,6.71179291720398,-3.729589617092798,3.480858825406809e-09
354.59359584491636,-51.58920160484037,13.199999999996766,6.712495511726892,-3.728242886987026,3.4947025665683192e-09
354.6097227301603,-51.58927423061365,13.19999999999677,6.713197848551786,-3.726896010958666,3.5089336630178034e-09
354.62584966581363,-51.58934464175511,13.199999999996773,6.713899927540243,-3.7255489892446465,3.5229795025904303e-09
354.64197665030133,-51.58941283823562,13.199999999996777,6.714601748554006,-3.724201822081974,3.5369411344917585e-09
354.65810368204836,-51.58947882002644,13.19999999999678,6.715303311454985,-3.7228545097077506,3.5509532909958663e-09
354.6742307594794,-51.58954258709925,13.199999999996784,6.716004616105229,-3.721507052359175,3.564898081362935e-09
354.69035788101934,-51.58960413942611,13.199999999996786,6.716705662366957,-3.7201594502735365,3.5788933963327825e-09
354.70648504509285,-51.589663476979446,13.199999999996786,6.717406450102544,-3.7188117036882176,3.593141334316527e-09
354.7226122501244,-51.58972059973211,13.199999999996793,6.718106979174508,-3.717463812840701,3.6070187585465565e-09
354.7387394945389,-51.589775507657315,13.199999999996793,6.718807249445549,-3.7161157779685503,3.6211151227219625e-09
354.7548667767607,-51.589828200728704,13.199999999996798,6.719507260778504,-3.714767599309428,3.6351778038288495e-09
354.7709940952143,-51.589878678920286,13.1999999999968,6.720207013036378,-3.7134192771010914,3.6492573264699957e-09
354.78712144832417,-51.589926942206475,13.199999999996805,6.720906506082327,-3.7120708115813814,3.663353690645402e-09
354.8032488345147,-51.58997299056206,13.199999999996809,6.721605739779674,-3.710722202988247,3.6772984810124707e-09
354.81937625221025,-51.590016823962245,13.199999999996809,6.722304713991898,-3.7093734515597085,3.6914453697906563e-09
354.8355036998351,-51.590058442382606,13.199999999996814,6.723003428582621,-3.7080245575338875,3.7054912093632835e-09
354.85163117581357,-51.59009784579913,13.199999999996816,6.723701883415646,-3.706675521149002,3.71955389047017e-09
354.86775867856977,-51.59013503418818,13.19999999999682,6.724400078354917,-3.705326342643355,3.733481839302979e-09
354.88388620652796,-51.59017000752651,13.19999999999682,6.725098013264549,-3.7039770222553354,3.7476287280811645e-09
354.9000137581122,-51.59020276579131,13.199999999996825,6.725795688008804,-3.702627560223436,3.761624043051012e-09
354.91614133174664,-51.59023330896009,13.199999999996827,6.726493102452116,-3.701277956786228,3.7756025164866005e-09
354.93226892585534,-51.59026163701082,13.199999999996828,6.727190256459067,-3.69992821218238,3.789749405264786e-09
354.9483965388622,-51.5902877499218,13.199999999996834,6.727887149894398,-3.6985783266506482,3.8036436710290755e-09
354.9645241691913,-51.59031164767178,13.199999999996837,6.728583782623018,-3.6972283004298734,3.8178579259443e-09
354.9806518152665,-51.59033333023988,13.199999999996836,6.7292801545099925,-3.6958781337590003,3.8319206070511865e-09
354.99677947551174,-51.59035279760559,13.199999999996841,6.729976265420531,-3.694527826877052,3.845764348212697e-09
355.0129071483509,-51.59037004974884,13.199999999996844,6.730672115220031,-3.693177380023134,3.860096493867739e-09
355.02903483220774,-51.5903850866499,13.19999999999685,6.731367703774022,-3.6918267934364657,3.87390655196073e-09
355.0451625255062,-51.590397908289475,13.199999999996852,6.732063030948214,-3.6904760673563244,3.888137648410214e-09
355.0612902266699,-51.59040851464864,13.199999999996852,6.732758096608461,-3.6891252020221037,3.9020319141745035e-09
355.0774179341227,-51.590416905708864,13.199999999996855,6.733452900620787,-3.6877741976732628,3.91614511988417e-09
355.09354564628825,-51.59042308145203,13.199999999996859,6.734147442851372,-3.6864230545493624,3.930292008662355e-09
355.1096733615902,-51.59042704186038,13.199999999996864,6.734841723166557,-3.6850717728900566,3.944203115960905e-09
355.1258010784523,-51.590428786916576,13.199999999996864,6.735535741432845,-3.6837203529350697,3.95835000473909e-09
355.1419287952981,-51.590428316603656,13.199999999996868,6.736229497516896,-3.682368794924227,3.972345319708938e-09
355.15805651055126,-51.590425630905045,13.19999999999687,6.736922991285533,-3.6810170990974327,3.9864922084871235e-09
355.17418422263535,-51.590420729804606,13.199999999996871,6.7376162226057374,-3.679665265694691,4.000453840388452e-09
355.190311929974,-51.590413613286536,13.199999999996876,6.738309191344652,-3.6783132949560793,4.014482838426819e-09
355.20643963099064,-51.590404281335445,13.199999999996878,6.739001897369588,-3.6769611871217665,4.028663410273524e-09
355.22256732410887,-51.59039273393637,13.199999999996882,6.739694340548006,-3.6756089424320133,4.042692408311891e-09
355.23869500775214,-51.59037897107467,13.199999999996885,6.740386520747535,-3.674256561127158,4.056771930953038e-09
355.25482268034403,-51.590362992736175,13.199999999996885,6.741078437835956,-3.672904043447632,4.070918819731223e-09
355.27095034030793,-51.590344798907054,13.19999999999689,6.7417700916812215,-3.6715513896339522,4.085015183906629e-09
355.28707798606735,-51.590324389573894,13.199999999996894,6.742461482151443,-3.6701985999267173,4.099044181944997e-09
355.30320561604566,-51.590301764723655,13.199999999996898,6.743152609114892,-3.668845674566613,4.1131573876546634e-09
355.3193332286664,-51.5902769243437,13.199999999996898,6.743843472440006,-3.6674926137944133,4.127152702624511e-09
355.33546082235284,-51.59024986842179,13.1999999999969,6.744534071995375,-3.666139417850975,4.1411985421971375e-09
355.3515883955286,-51.590220596946104,13.199999999996903,6.745224407649757,-3.6647860869772337,4.155294906372544e-09
355.36771594661684,-51.59018910990514,13.199999999996905,6.745914479272069,-3.663432621414227,4.169222855205353e-09
355.3838434740412,-51.59015540728785,13.199999999996912,6.746604286731399,-3.662079021403052,4.183487634723357e-09
355.39997097622484,-51.59011948908357,13.19999999999691,6.74729382989699,-3.660725287184918,4.197499791227464e-09
355.4160984515913,-51.590081355282,13.199999999996916,6.747983108638241,-3.6593714190010953,4.211596155402871e-09
355.43222589856384,-51.590041005873275,13.199999999996917,6.748672122824724,-3.6580174170929527,4.225557787304199e-09
355.4483533155659,-51.58999844084789,13.19999999999692,6.749360872326167,-3.6566632817019347,4.239586785342566e-09
355.4644807010208,-51.58995366019675,13.199999999996919,6.750049357012472,-3.655309013069573,4.253649466449453e-09
355.48060805335194,-51.58990666391115,13.199999999996924,6.750737576753686,-3.653954611437478,4.26774583062486e-09
355.49673537098266,-51.589857451982766,13.199999999996928,6.751425531420033,-3.652600077047353,4.281808511731746e-09
355.5128626523363,-51.58980602440367,13.199999999996928,6.752113220881893,-3.6512454101409726,4.295871192838633e-09
355.52898989583633,-51.589752381166356,13.199999999996933,6.75280064500981,-3.6498906109602043,4.30996755701404e-09
355.545117099906,-51.58969652226366,13.199999999996937,6.753487803674495,-3.648535679746985,4.324131287326485e-09
355.5612442629688,-51.58963844768885,13.199999999996937,6.754174696746816,-3.6471806167433503,4.338177126899112e-09
355.57737138344794,-51.58957815743557,13.199999999996942,6.754861324097815,-3.6458254221914066,4.3522398080059985e-09
355.5934984597669,-51.58951565149786,13.199999999996942,6.7555476855986845,-3.6444700963333467,4.366218281441587e-09
355.60962549034923,-51.58945092987017,13.19999999999695,6.756233781120787,-3.643114639411436,4.380466219425331e-09
355.625752473618,-51.58938399254732,13.19999999999695,6.7569196105356495,-3.6417590516680423,4.394427851326659e-09
355.64187940799684,-51.58931483952452,13.199999999996951,6.757605173714961,-3.6404033333455876,4.408591581639104e-09
355.65800629190915,-51.589243470797385,13.199999999996956,6.758290470530575,-3.639047484686596,4.422620579677472e-09
355.67413312377835,-51.58916988636193,13.199999999996956,6.758975500854515,-3.6376915059336596,4.4368516761269556e-09
355.6902599020278,-51.58909408621454,13.199999999996962,6.759660264558953,-3.636335397329463,4.450846991096803e-09
355.70638662508105,-51.58901607035201,13.199999999996965,6.760344761516243,-3.6349791591167566,4.464993879874989e-09
355.7225132913615,-51.588935838771526,13.199999999996969,6.761028991598885,-3.633622791538389,4.478871304105019e-09
355.73863989929276,-51.58885339147068,13.199999999996969,6.761712954679574,-3.6322662948372653,4.493152925157282e-09
355.7547664472982,-51.588768728447405,13.199999999996969,6.762396650631129,-3.630909669256395,4.507080873990091e-09
355.77089293380146,-51.588681849700095,13.199999999996976,6.763080079326565,-3.6295529150388486,4.5212109212340165e-09
355.78701935722603,-51.58859275522749,13.199999999996976,6.763763240639047,-3.6281960324277858,4.535307285409423e-09
355.8031457159954,-51.58850144502875,13.199999999996978,6.764446134441915,-3.6268390216664423,4.5494204911190894e-09
355.81927200853335,-51.58840791910339,13.199999999996981,6.765128760608659,-3.6254818829981295,4.563550538363015e-09
355.8353982332633,-51.58831217745135,13.199999999996987,6.765811119012948,-3.624124616666247,4.5775458533328626e-09
355.85152438860894,-51.588214220072985,13.199999999996988,6.766493209528614,-3.622767222914263,4.591675900576789e-09
355.86765047299394,-51.588114046968975,13.199999999996988,6.767175032029646,-3.6214097019857316,4.6056712155466365e-09
355.88377648484203,-51.588011658140466,13.199999999996992,6.7678565863902085,-3.6200520541242733,4.6198517873933416e-09
355.8999024225769,-51.587907053588935,13.199999999996995,6.768537872484623,-3.6186942795736035,4.633830260828929e-09
355.9160282846222,-51.58780023331629,13.199999999996999,6.769218890187387,-3.6173363785774995,4.647943466538595e-09
355.93215406940186,-51.587691197324816,13.199999999997,6.769899639373154,-3.6159783513798214,4.662208246056599e-09
355.94827977533953,-51.58757994561721,13.199999999997003,6.770580119916741,-3.614620198224516,4.676237244094966e-09
355.9644054008591,-51.587466478196504,13.199999999997006,6.77126033169315,-3.6132619193555895,4.690333608270373e-09
355.9805309443845,-51.587350795066214,13.199999999997008,6.77194027457752,-3.6119035150171412,4.704480497048558e-09
355.99665640433955,-51.58723289623017,13.199999999997011,6.7726199484451834,-3.610544985453336,4.718560019689705e-09
356.0127817791482,-51.587112781692646,13.199999999997011,6.773299353171624,-3.6091863309084204,4.732639542330851e-09
356.0289070672344,-51.58699045145828,13.199999999997013,6.7739784886324985,-3.6078275516267166,4.746803272643297e-09
356.0450322670222,-51.5868659055321,13.199999999997019,6.774657354703614,-3.606468647852623,4.760647013804807e-09
356.0611573769356,-51.58673914391955,13.19999999999702,6.775335951260978,-3.605109619830605,4.77494547639133e-09
356.0772823953988,-51.586610166626436,13.199999999997022,6.776014278180725,-3.6037504678052192,4.789041840566736e-09
356.0934073208358,-51.586478973659,13.199999999997027,6.776692335339183,-3.602391192021086,4.803087680139364e-09
356.1095321516708,-51.58634556502382,13.199999999997031,6.777370122612841,-3.601031792722906,4.81716720278051e-09
356.12565688632804,-51.58620994072792,13.199999999997031,6.7780476398783485,-3.5996722701554527,4.831229883887397e-09
356.14178152323177,-51.58607210077867,13.199999999997035,6.778724887012528,-3.5983126245635733,4.845242040391505e-09
356.1579060608063,-51.585932045183895,13.199999999997038,6.779401863892368,-3.5969528561921873,4.859523661443768e-09
