galstreams/tracks/track.st.C-7.ibata2021.ecsv
# %ECSV 1.0
# ---
# datatype:
# - {name: ra, unit: deg, datatype: float64}
# - {name: dec, unit: deg, datatype: float64}
# - {name: distance, unit: kpc, datatype: float64}
# - {name: pm_ra_cosdec, unit: mas / yr, datatype: float64}
# - {name: pm_dec, unit: mas / yr, datatype: float64}
# - {name: radial_velocity, unit: km / s, datatype: float64}
# delimiter: ','
# meta: !!omap
# - __serialized_columns__:
#     dec:
#       __class__: astropy.coordinates.angles.Latitude
#       unit: &id001 !astropy.units.Unit {unit: deg}
#       value: !astropy.table.SerializedColumn {name: dec}
#     distance:
#       __class__: astropy.coordinates.distances.Distance
#       unit: !astropy.units.Unit {unit: kpc}
#       value: !astropy.table.SerializedColumn {name: distance}
#     pm_dec:
#       __class__: astropy.units.quantity.Quantity
#       unit: !astropy.units.Unit {unit: mas / yr}
#       value: !astropy.table.SerializedColumn {name: pm_dec}
#     pm_ra_cosdec:
#       __class__: astropy.units.quantity.Quantity
#       unit: !astropy.units.Unit {unit: mas / yr}
#       value: !astropy.table.SerializedColumn {name: pm_ra_cosdec}
#     ra:
#       __class__: astropy.coordinates.angles.Longitude
#       unit: *id001
#       value: !astropy.table.SerializedColumn {name: ra}
#       wrap_angle: !astropy.coordinates.Angle
#         unit: *id001
#         value: 360.0
#     radial_velocity:
#       __class__: astropy.units.quantity.Quantity
#       unit: !astropy.units.Unit {unit: km / s}
#       value: !astropy.table.SerializedColumn {name: radial_velocity}
# schema: astropy-2.0
ra,dec,distance,pm_ra_cosdec,pm_dec,radial_velocity
270.87146584824586,-53.13402347861628,6.120265710848967,-15.459273880731882,-7.6690165137354285,95.24193963674516
270.88793617622537,-53.13244068688536,6.119171472606881,-15.458447969359613,-7.673295694565315,94.94276093283219
270.9044052346836,-53.130855449184736,6.118078927184333,-15.457620840146133,-7.677576402506236,94.64403217769635
270.92087302180454,-53.12926776571515,6.116988073513097,-15.45679249157319,-7.681858634362818,94.34575308940099
270.93733953577254,-53.12767763667783,6.1158989105249475,-15.455962922125503,-7.686142386938871,94.04792338600976
270.9538047747732,-53.12608506227443,6.114811437151659,-15.455132130290716,-7.69042765703748,93.75054278558562
270.9702687369925,-53.124490042707045,6.113725652325004,-15.454300114559429,-7.69471444146096,93.45361100619196
270.9867314206175,-53.122892578178295,6.112641554976761,-15.453466873425166,-7.699002737010838,93.15712776589265
271.0031928238361,-53.12129266889114,6.111559144038702,-15.452632405384389,-7.703292540487981,92.8610927827507
271.019652944837,-53.119690315049034,6.110478418442601,-15.4517967089365,-7.7075838486924235,92.56550577482943
271.0361117818095,-53.11808551685594,6.109399377120234,-15.450959782583855,-7.711876658423471,92.27036646019221
271.0525693329441,-53.11647827451616,6.108322019003377,-15.450121624831713,-7.716170966479715,91.97567455690256
271.06902559643174,-53.11486858823453,6.1072463430238,-15.449282234188304,-7.7204667696589695,91.68142978302396
271.08548057046454,-53.113256458216284,6.106172348113281,-15.44844160916478,-7.72476406475834,91.3876318566193
271.1019342532351,-53.111641884667144,6.105100033203593,-15.447599748275247,-7.729062848574159,91.09428049575236
271.118386642937,-53.11002486779326,6.104029397226514,-15.44675665003674,-7.733363117902028,90.80137541848642
271.1348377377649,-53.10840540780119,6.1029604391138115,-15.445912312969224,-7.737664869536866,90.5089163428849
271.15128753591387,-53.106783504898026,6.10189315779727,-15.445066735595585,-7.741968100272807,90.21690298701108
271.16773603557994,-53.10515915929122,6.100827552208654,-15.444219916441721,-7.746272806903274,89.92533506892809
271.1841832349602,-53.10353237118873,6.099763621279745,-15.443371854036382,-7.750578986220967,89.63421230669988
271.20062913225235,-53.10190314079892,6.098701363942314,-15.442522546911295,-7.754886635017882,89.34353441838935
271.21707372565487,-53.100271468330625,6.097640779128136,-15.44167199360113,-7.759195750085244,89.05330112206025
271.2335170133673,-53.09863735399311,6.0965818657689885,-15.440820192643482,-7.763506328213605,88.76351213577551
271.24995899358976,-53.09700079799612,6.09552462279664,-15.439967142578894,-7.767818366192776,88.47416717759874
271.26639966452353,-53.09536180054979,6.094469049142872,-15.439112841950825,-7.772131860811881,88.18526596559322
271.28283902437045,-53.09372036186472,6.0934151437394535,-15.438257289305701,-7.7764468088593155,87.8968082178224
271.29927707133317,-53.092076482152,6.092362905518163,-15.437400483192866,-7.780763207122723,87.60879365234979
271.31571380361555,-53.0904301616231,6.091312333410772,-15.436542422164603,-7.785081052389145,87.32122198723843
271.33214921942186,-53.08878140048996,6.090263426349058,-15.435683104776126,-7.78940034144483,87.03409294055189
271.3485833169575,-53.087130198964964,6.089216183264792,-15.434822529585603,-7.79372107107535,86.74740623035356
271.36501609442854,-53.08547655726096,6.088170603089753,-15.433960695154141,-7.798043238065559,86.46116157470667
271.381447550042,-53.08382047559121,6.087126684755711,-15.433097600045757,-7.802366839199668,86.17535869167484
271.39787768200586,-53.082161954169415,6.086084427194443,-15.432233242827417,-7.806691871261162,85.88999729932111
271.41430648852867,-53.08050099320973,6.085043829337724,-15.43136762206904,-7.811018331032807,85.60507711570895
271.43073396781983,-53.078837592926796,6.084004890117328,-15.43050073634347,-7.8153462152966835,85.32059785890206
271.44716011809,-53.07717175353561,6.082967608465028,-15.42963258422647,-7.819675520834258,85.03655924696355
271.46358493755037,-53.075503475251644,6.081931983312599,-15.428763164296761,-7.824006244426236,84.75296099795644
271.480008424413,-53.07383275829088,6.080898013591819,-15.427892475135991,-7.828338382852656,84.46980282994461
271.49643057689065,-53.07215960286965,6.079865698234456,-15.427020515328767,-7.832671932892858,84.18708446099134
271.51285139319737,-53.07048400920477,6.078835036172293,-15.426147283462571,-7.83700689132556,83.90480560916001
271.52927087154785,-53.06880597751347,6.077806026337098,-15.425272778127887,-7.841343254928773,83.62296599251377
271.54568901015745,-53.06712550801346,6.076778667660649,-15.424396997918091,-7.845681020479813,83.34156532911615
271.5621058072425,-53.06544260092288,6.075752959074718,-15.423519941429536,-7.850020184755332,83.06060333703063
271.57852126102057,-53.06375725646026,6.074728899511079,-15.42264160726146,-7.8543607445313715,82.78007973432027
271.5949353697095,-53.062069474844655,6.07370648790151,-15.42176199401606,-7.858702696583231,82.49999423904869
271.61134813152836,-53.060379256295484,6.072685723177784,-15.420881100298471,-7.86304603768558,82.22034656927919
271.6277595446968,-53.05868660103266,6.071666604271676,-15.419998924716777,-7.867390764612403,81.94113644307511
271.6441696074358,-53.056991509276486,6.0706491301149565,-15.419115465881958,-7.8717368741370795,81.6623635784999
271.6605783179668,-53.05529398124775,6.069633299639407,-15.418230722407934,-7.876084363032277,81.38402769361679
271.67698567451214,-53.05359401716764,6.068619111776796,-15.417344692911602,-7.880433228070034,81.10612850648928
271.6933916752951,-53.05189161725781,6.0676065654589,-15.416457376012772,-7.884783466021696,80.82866573518089
271.70979631854016,-53.050186781740344,6.066595659617496,-15.41556877033414,-7.889135073658054,80.55163909775452
271.7261996024721,-53.04847951083775,6.065586393184357,-15.41467887450139,-7.893488047749157,80.27504831227385
271.74260152531684,-53.04676980477299,6.064578765091255,-15.413787687143135,-7.89784238506444,79.99889309680242
271.7590020853011,-53.0450576637695,6.06357277426997,-15.412895206890909,-7.902198082372678,79.72317316940341
271.77540128065283,-53.043343088051024,6.06256841965227,-15.41200143237916,-7.906555136442084,79.44788824813982
271.7917991096004,-53.0416260778419,6.0615657001699335,-15.4111063622453,-7.9109135440401275,79.17303805107562
271.8081955703732,-53.0399066333668,6.060564614754736,-15.41020999512966,-7.9152733019337,78.89862229627384
271.8245906612014,-53.03818475485088,6.059565162338448,-15.409312329675519,-7.919634406889019,78.6246407017981
271.8409843803165,-53.03646044251972,6.058567341852848,-15.408413364529045,-7.923996855671758,78.35109298571155
271.85737672595036,-53.03473369659931,6.057571152229709,-15.407513098339372,-7.928360645046873,78.07797886607752
271.8737676963359,-53.03300451731611,6.056576592400804,-15.406611529758571,-7.932725771778717,77.80529806095963
271.89015728970685,-53.03127290489702,6.055583661297911,-15.405708657441641,-7.937092232631005,77.53305028842118
271.90654550429815,-53.02953885956933,6.054592357852801,-15.404804480046472,-7.941460024366914,77.26123526652525
271.9229323383452,-53.02780238156079,6.053602680997254,-15.403898996233929,-7.945829143748888,76.98985271333558
271.93931779008466,-53.02606347109961,6.0526146296630365,-15.402992204667802,-7.950199587538827,76.71890234691527
271.95570185775364,-53.02432212841441,6.051628202781929,-15.402084104014806,-7.954571352497967,76.44838388532784
271.9720845395905,-53.02257835373422,6.050643399285703,-15.40117469294457,-7.958944435386992,76.1782970466367
271.9884658338345,-53.020832147288544,6.049660218106135,-15.400263970129672,-7.96331883296593,75.90864154890522
272.0048457387256,-53.01908350930729,6.0486786581750005,-15.399351934245606,-7.9676945419942165,75.63941711019648
272.0212242525045,-53.017332440020844,6.047698718424072,-15.398438583970826,-7.972071559230654,75.37062344857412
272.03760137341334,-53.015578939659946,6.046720397785123,-15.397523917986664,-7.9764498814335,75.10226028210161
272.0539770996947,-53.01382300845584,6.04574369518993,-15.396607934977421,-7.98082950536037,74.83432732884212
272.0703514295921,-53.01206464664017,6.044768609570268,-15.395690633630315,-7.985210427768283,74.56682430685916
272.0867243613501,-53.01030385444503,6.043795139857909,-15.394772012635498,-7.989592645413663,74.29975093421567
272.1030958932142,-53.00854063210291,6.042823284984631,-15.39385207068602,-7.993976155052371,74.03310692897551
272.1194660234305,-53.006774979846774,6.041853043882206,-15.3929308064779,-7.998360953439622,73.76689200920207
272.1358347502464,-53.00500689790999,6.0408844154824095,-15.392008218710066,-8.002747037330092,73.50110589295845
272.15220207190976,-53.0032363865264,6.039917398717017,-15.39108430608437,-8.00713440347783,73.23574829830802
272.16856798666987,-53.001463445930185,6.0389519925178,-15.390159067305584,-8.011523048636354,72.97081894331417
272.18493249277645,-52.99968807635604,6.037988195816536,-15.389232501081423,-8.015912969558546,72.70631754604042
272.2012955884803,-52.99791027803906,6.0370260075449975,-15.388304606122535,-8.020304162996725,72.4422438245502
272.2176572720331,-52.99613005121479,6.036065426634962,-15.387375381142466,-8.024696625702624,72.17859749690682
272.23401754168765,-52.99434739611915,6.0351064520182005,-15.386444824857689,-8.029090354427465,71.91537828117323
272.2503763956973,-52.99256231298855,6.034149082626489,-15.385512935987641,-8.033485345921802,71.6525858954134
272.26673383231656,-52.990774802059796,6.033193317391603,-15.384579713254649,-8.037881596935673,71.39022005769053
272.28308984980066,-52.988984863570145,6.032239155245316,-15.383645155383974,-8.042279104218531,71.12828048606767
272.29944444640614,-52.987192497757256,6.0312865951194015,-15.382709261103786,-8.046677864519307,70.86676689860839
272.3157976203899,-52.98539770485923,6.0303356359456375,-15.38177202914521,-8.051077874586298,70.60567901337627
272.3321493700101,-52.98360048511458,6.029386276655796,-15.38083345824228,-8.055479131167285,70.34501654843453
272.34849969352564,-52.98180083876229,6.028438516181652,-15.379893547131951,-8.059881631009464,70.08477922184639
272.36484858919664,-52.97999876604172,6.027492353454979,-15.378952294554097,-8.064285370859519,69.82496675167542
272.3811960552838,-52.97819426719268,6.026547787407553,-15.378009699251512,-8.06869034746354,69.56557885598485
272.39754209004883,-52.9763873424554,6.025604816971148,-15.37706575996994,-8.073096557567071,69.3066152528383
272.4138866917544,-52.97457799207058,6.024663441077539,-15.376120475458018,-8.077503997915109,69.04807566029875
272.43022985866423,-52.97276621627925,6.0237236586585015,-15.375173844467309,-8.081912665252135,68.7899597964298
272.4465715890427,-52.97095201532294,6.022785468645806,-15.374225865752306,-8.086322556322035,68.5322673792948
272.46291188115526,-52.969135389443615,6.021848869971232,-15.373276538070419,-8.090733667868179,68.27499812695723
272.47925073326815,-52.96731633888363,6.02091386156655,-15.372325860181995,-8.095145996633384,68.0181517574802
272.49558814364883,-52.96549486388575,6.019980442363538,-15.371373830850267,-8.099559539359955,67.76172798892752
272.5119241105654,-52.96367096469319,6.019048611293967,-15.3704204488414,-8.103974292789655,67.50572653936199
272.5282586322871,-52.96184464154961,6.018118367289617,-15.369465712924494,-8.108390253663693,67.25014712684717
272.54459170708367,-52.96001589469908,6.017189709282255,-15.36850962187158,-8.112807418722735,66.99498946944666
272.5609233332264,-52.958184724386044,6.0162626362036615,-15.367552174457554,-8.117225784706978,66.74025328522372
272.5772535089871,-52.95635113085544,6.01533714698561,-15.366593369460281,-8.121645348356047,66.48593829224176
272.59358223263865,-52.95451511435258,6.014413240559873,-15.365633205660519,-8.126066106409056,66.23204420856379
272.6099095024546,-52.95267667512325,6.013490915858226,-15.364671681841966,-8.130488055604566,65.97857075225372
272.62623531671,-52.9508358134136,6.012570171812445,-15.363708796791203,-8.134911192680697,65.72551764137451
272.64255967368024,-52.94899252947023,6.011651007354302,-15.362744549297762,-8.139335514374974,65.47288459398982
272.65888257164204,-52.94714682354017,6.010733421415573,-15.361778938154062,-8.143761017424453,65.22067132816267
272.6752040088727,-52.945298695870875,6.009817412928033,-15.36081196215548,-8.148187698565616,64.96887756195689
272.6915239836509,-52.943448146710196,6.008902980823457,-15.359843620100254,-8.152615554534542,64.71750301343542
272.7078424942559,-52.94159517630642,6.007990124033616,-15.358873910789585,-8.157044582066721,64.46654740066191
272.7241595389681,-52.93973978490825,6.007078841490288,-15.357902833027552,-8.161474777897144,64.21601044169952
272.74047511606847,-52.93788197276483,6.006169132125248,-15.356930385621194,-8.165906138760288,63.96589185461205
272.75678922383963,-52.93602174012568,6.005260994870269,-15.355956567380405,-8.170338661390222,63.71619135746227
272.7731018605645,-52.934159087240786,6.004354428657124,-15.354981377118042,-8.174772342520406,63.46690866831397
272.7894130245272,-52.932294014360544,6.003449432417591,-15.354004813649855,-8.179207178883852,63.218043505230376
272.80572271401275,-52.930426521735754,6.00254600508344,-15.353026875794518,-8.183643167213061,62.96959558627477
272.8220309273072,-52.92855660961764,6.001644145586451,-15.352047562373587,-8.188080304240085,62.72156462951058
272.8383376626975,-52.92668427825784,6.000743852858395,-15.351066872211563,-8.192518586696444,62.47395035300123
272.8546429184713,-52.92480952790843,5.999845125831049,-15.350084804135847,-8.19695801131317,62.22675247481015
272.8709466929176,-52.922932358821896,5.998947963436184,-15.349101356976771,-8.201398574820818,61.97997071300063
272.88724898432616,-52.92105277125112,5.998052364605578,-15.348116529567525,-8.205840273949509,61.73360478563584
272.9035497909877,-52.91917076544944,5.997158328271004,-15.347130320744263,-8.2102831054288,61.487654410779705
272.91984911119386,-52.917286341670575,5.9962658533642355,-15.346142729346035,-8.214727065987828,61.24211930649532
272.9361469432372,-52.91539950016871,5.99537493881705,-15.345153754214788,-8.219172152355231,60.99699919084562
272.95244328541145,-52.91351024119836,5.994485583561218,-15.344163394195368,-8.223618361259202,60.75229378189441
272.96873813601104,-52.91161856501456,5.993597786528516,-15.343171648135568,-8.228065689427424,60.508002797705124
272.9850314933316,-52.90972447187268,5.992711546650723,-15.342178514886044,-8.232514133587152,60.26412595634069
273.0013233556693,-52.90782796202858,5.991826862859607,-15.34118399330042,-8.236963690465103,60.02066297586506
273.01761372132177,-52.90592903573844,5.990943734086943,-15.340188082235166,-8.241414356787642,59.77761357434134
273.03390258858735,-52.90402769325894,5.990062159264508,-15.339190780549675,-8.245866129280586,59.53497746983274
273.05018995576535,-52.902123934847154,5.989182137324078,-15.338192087106263,-8.250319004669311,59.29275438040285
273.0664758211559,-52.90021776076056,5.9883036671974255,-15.337192000770159,-8.254772979678728,59.050944024115104
273.08276018306054,-52.89830917125702,5.987426747816324,-15.336190520409444,-8.259228051033364,58.80954611903227
273.0990430397813,-52.896398166594864,5.986551378112551,-15.33518764489517,-8.26368421545719,58.56856038321848
273.1153243896213,-52.89448474703282,5.985677557017876,-15.334183373101265,-8.268141469673782,58.3279865347369
273.1316042308847,-52.892568912830036,5.984805283464078,-15.333177703904557,-8.272599810406252,58.087824291650726
273.14788256187677,-52.89065066424603,5.983934556382932,-15.332170636184756,-8.277059234377308,57.84807337202337
273.1641593809034,-52.88873000154078,5.983065374706209,-15.33116216882453,-8.281519738309154,57.60873349391833
273.1804346862718,-52.88680692497467,5.982197737365687,-15.330152300709408,-8.285981318923602,57.369804375398836
