galstreams/tracks/track.st.Gaia-12.ibata2021.ecsv
# %ECSV 1.0
# ---
# datatype:
# - {name: ra, unit: deg, datatype: float64}
# - {name: dec, unit: deg, datatype: float64}
# - {name: distance, unit: kpc, datatype: float64}
# - {name: pm_ra_cosdec, unit: mas / yr, datatype: float64}
# - {name: pm_dec, unit: mas / yr, datatype: float64}
# - {name: radial_velocity, unit: km / s, datatype: float64}
# delimiter: ','
# meta: !!omap
# - __serialized_columns__:
#     dec:
#       __class__: astropy.coordinates.angles.Latitude
#       unit: &id001 !astropy.units.Unit {unit: deg}
#       value: !astropy.table.SerializedColumn {name: dec}
#     distance:
#       __class__: astropy.coordinates.distances.Distance
#       unit: !astropy.units.Unit {unit: kpc}
#       value: !astropy.table.SerializedColumn {name: distance}
#     pm_dec:
#       __class__: astropy.units.quantity.Quantity
#       unit: !astropy.units.Unit {unit: mas / yr}
#       value: !astropy.table.SerializedColumn {name: pm_dec}
#     pm_ra_cosdec:
#       __class__: astropy.units.quantity.Quantity
#       unit: !astropy.units.Unit {unit: mas / yr}
#       value: !astropy.table.SerializedColumn {name: pm_ra_cosdec}
#     ra:
#       __class__: astropy.coordinates.angles.Longitude
#       unit: *id001
#       value: !astropy.table.SerializedColumn {name: ra}
#       wrap_angle: !astropy.coordinates.Angle
#         unit: *id001
#         value: 360.0
#     radial_velocity:
#       __class__: astropy.units.quantity.Quantity
#       unit: !astropy.units.Unit {unit: km / s}
#       value: !astropy.table.SerializedColumn {name: radial_velocity}
# schema: astropy-2.0
ra,dec,distance,pm_ra_cosdec,pm_dec,radial_velocity
[from data line 713]
41.768693991736036,15.716295797792162,11.282926277503089,5.846695297626471,-5.864646379343761,1.6841534259744676e-14
41.77657776473977,15.709770838448764,11.279723177474159,5.84748414909421,-5.865990191913261,-1.6841534259744676e-14
41.78446078111618,15.70324531427778,11.276523637554668,5.848274677868341,-5.867334607130662,0.0
41.79234303930198,15.696719223445458,11.27332767709027,5.849066895544879,-5.868679624697962,-6.73661370389787e-14
41.80022453773386,15.690192564118231,11.270135315426616,5.849860813719911,-5.870025244318762,1.6841534259744676e-14
41.808105274848344,15.683665334462743,11.266946571909365,5.850656443989591,-5.87137146569825,3.368306851948935e-14
41.81598524908195,15.677137532645835,11.263761465884171,5.851453797950149,-5.872718288543202,3.368306851948935e-14
41.823864458871086,15.67060915683457,11.260580016696686,5.852252887197878,-5.874065712561981,6.73661370389787e-14
41.83174290265208,15.664080205196191,11.25740224369257,5.85305372332915,-5.875413737464545,8.420767129872338e-14
41.83962057886121,15.657550675898165,11.254228166217477,5.8538563179404015,-5.876762362962423,-1.6841534259744676e-14
41.847497485934674,15.651020567108164,11.251057803617059,5.854660682628136,-5.878111588768733,1.6841534259744676e-14
41.855373622308576,15.644489876994042,11.247891175236973,5.855466828988936,-5.879461414598172,3.368306851948935e-14
41.863248986418945,15.637958603723874,11.244728300422873,5.8562747686194445,-5.880811840167009,3.368306851948935e-14
41.871123576701756,15.631426745465937,11.241569198520416,5.857084513116371,-5.882162865193093,6.73661370389787e-14
41.878997391592875,15.624894300388695,11.238413888875254,5.857896074076506,-5.883514489395844,6.73661370389787e-14
41.88687042952814,15.618361266660846,11.235262390833046,5.858709463096696,-5.884866712496249,-1.6841534259744676e-14
41.89474268894326,15.611827642451251,11.232114723739445,5.859524691773862,-5.88621953421687,1.6841534259744676e-14
41.90261416827393,15.605293425929002,11.228970906940104,5.860341771704988,-5.88757295428183,-5.0524602779234026e-14
41.9104848659557,15.598758615263383,11.22583095978068,5.86116071448713,-5.888926972416821,1.6841534259744676e-14
41.91835478042412,15.592223208623869,11.222694901606827,5.861981531717409,-5.890281588349089,-3.368306851948935e-14
41.92622391011461,15.585687204180159,11.219562751764201,5.862804234993009,-5.891636801807446,5.0524602779234026e-14
41.93409225346254,15.579150600102123,11.216434529598459,5.863628835911189,-5.892992612522264,1.6841534259744676e-14
41.941959808903206,15.572613394559855,11.21331025445525,5.864455346069268,-5.894349020225463,5.0524602779234026e-14
41.94982657487183,15.566075585723647,11.210189945680236,5.865283777064624,-5.895706024650515,3.368306851948935e-14
41.95769254980355,15.559537171763976,11.207073622619069,5.8661141404947195,-5.897063625532457,1.6841534259744676e-14
41.96555773213345,15.552998150851527,11.203961304617401,5.866946447957066,-5.89842182260786,1.6841534259744676e-14
41.97342212029652,15.546458521157186,11.20085301102089,5.867780711049246,-5.899780615614851,5.0524602779234026e-14
41.981285712727704,15.539918280852037,11.197748761175193,5.868616941368903,-5.9011400042930955,3.368306851948935e-14
41.98914850786184,15.533377428107363,11.194648574425964,5.869455150513749,-5.902499988383802,1.6841534259744676e-14
41.99701050413374,15.526835961094644,11.191552470118852,5.870295350081569,-5.903860567629727,1.6841534259744676e-14
42.0048716999781,15.52029387798556,11.188460467599516,5.871137551670187,-5.905221741775156,-3.368306851948935e-14
42.01273209382957,15.51375117695198,11.185372586213616,5.871981766877511,-5.906583510565913,3.368306851948935e-14
42.020591684122714,15.507207856165982,11.182288845306802,5.872828007301506,-5.907945873749355,-3.368306851948935e-14
42.02845046929204,15.500663913799832,11.179209264224728,5.873676284540204,-5.909308831074378,3.368306851948935e-14
42.036308447771965,15.494119348026006,11.176133862313055,5.874526610191692,-5.910672382291397,0.0
42.04416561799685,15.487574157017162,11.17306265891743,5.875378995854126,-5.912036527152359,-5.0524602779234026e-14
42.052021978400994,15.48102833894616,11.169995673383509,5.876233453125724,-5.91340126541074,-3.368306851948935e-14
42.059877527418614,15.47448189198606,11.166932925056953,5.877089993604758,-5.91476659682153,-5.0524602779234026e-14
42.067732263483855,15.467934814310109,11.163874433283416,5.87794862888957,-5.916132521141245,3.368306851948935e-14
42.07558618503079,15.46138710409176,11.160820217408546,5.8788093705785585,-5.917499038127921,6.73661370389787e-14
42.08343929049341,15.454838759504646,11.157770296778008,5.879672230270186,-5.918866147541106,3.368306851948935e-14
42.09129157830569,15.448289778722629,11.154724690737446,5.880537219562974,-5.920233849141869,0.0
42.09914304690149,15.441740159919712,11.151683418632526,5.881404350055508,-5.92160214269278,1.6841534259744676e-14
42.106993694714596,15.435189901270139,11.148646499808892,5.882273633346427,-5.922971027957933,-3.368306851948935e-14
42.11484352017875,15.428639000948321,11.14561395361221,5.883145081034433,-5.924340504702914,-5.0524602779234026e-14
42.12269252172762,15.422087457128878,11.14258579938813,5.88401870471829,-5.925710572694831,-1.6841534259744676e-14
42.1305406977948,15.415535267986625,11.139562056482303,5.884894515996818,-5.9270812317022825,1.6841534259744676e-14
42.138388046813816,15.40898243169655,11.136542744240387,5.885772526468899,-5.9284524814953725,0.0
42.14623456721811,15.40242894643385,11.133527882008043,5.886652747733468,-5.929824321845706,1.6841534259744676e-14
42.1540802574411,15.395874810373927,11.130517489130916,5.887535191389522,-5.931196752526379,-3.368306851948935e-14
42.1619251159161,15.38932002169234,11.127511584954668,5.888419869036121,-5.932569773311991,0.0
42.169769141076365,15.382764578564865,11.124510188824951,5.8893067922723725,-5.933943383978626,3.368306851948935e-14
42.177612331355085,15.376208479167474,11.12151332008742,5.8901959726974535,-5.935317584303861,1.6841534259744676e-14
42.1854546851854,15.36965172167632,11.118520998087732,5.8910874219105835,-5.936692374066761,3.368306851948935e-14
42.19329620100034,15.363094304267735,11.11553324217154,5.891981151511056,-5.93806775304788,0.0
42.20113687723292,15.35653622511827,11.1125500716845,5.892877173098207,-5.93944372102925,6.73661370389787e-14
42.20897671231604,15.349977482404647,11.109571505972268,5.893775498271436,-5.940820277794388,0.0
42.21681570468258,15.343418074303784,11.106597564380497,5.894676138630199,-5.942197423128291,3.368306851948935e-14
42.224653852765314,15.336857998992791,11.103628266254843,5.895579105774003,-5.943575156817428,6.73661370389787e-14
42.23249115499698,15.330297254648965,11.100663630940959,5.8964844113024135,-5.94495347864975,-3.368306851948935e-14
42.240327609810244,15.323735839449785,11.097703677784502,5.897392066815057,-5.946332388414678,1.6841534259744676e-14
42.248163215637696,15.317173751572936,11.09474842613113,5.898302083911601,-5.947711885903102,-1.6841534259744676e-14
42.25599797091187,15.310610989196283,11.091797895326486,5.899214474191783,-5.949091970907381,5.0524602779234026e-14
42.263831874065225,15.304047550497879,11.088852104716242,5.900129249255384,-5.95047264322134,0.0
42.27166492353017,15.297483433655964,11.085911073646045,5.901046420702245,-5.951853902640268,1.6841534259744676e-14
42.27949711773905,15.290918636848966,11.082974821461546,5.901966000132259,-5.95323574896092,-1.6841534259744676e-14
42.287328455124126,15.284353158255508,11.080043367508404,5.902887999145374,-5.954618181981506,0.0
42.2951589341176,15.277786996054395,11.077116731132273,5.9038124293415875,-5.956001201501693,-1.6841534259744676e-14
42.30298855315166,15.27122014842462,11.074194931678813,5.904739302320953,-5.957384807322606,1.6841534259744676e-14
42.31081731065834,15.264652613545358,11.071277988493671,5.905668629683577,-5.958768999246821,1.6841534259744676e-14
42.318645205069686,15.258084389595979,11.068365920922508,5.906600423029619,-5.960153777078369,5.0524602779234026e-14
42.32647223481765,15.251515474756033,11.065458748310974,5.90753469395929,-5.9615391406227225,5.0524602779234026e-14
42.33429839833412,15.244945867205264,11.062556490004727,5.908471454072851,-5.962925089686807,3.368306851948935e-14
42.34212369405094,15.238375565123588,11.059659165349423,5.909410714970617,-5.96431162407899,6.73661370389787e-14
42.349948120399866,15.231804566691128,11.056766793690716,5.910352488252953,-5.96569874360908,1.1789073981821273e-13
42.35777167581261,15.22523287008817,11.053879394374261,5.911296785520275,-5.967086448088325,0.0
42.36559435872082,15.218660473495191,11.05099698674571,5.912243618373053,-5.968474737329415,1.6841534259744676e-14
42.373416167556066,15.212087375092862,11.048119590150723,5.9131929984118035,-5.969863611146471,-1.6841534259744676e-14
42.38123710074989,15.20551357306203,11.045247223934952,5.914144937237095,-5.971253069355051,5.0524602779234026e-14
42.389057156733735,15.19893906558373,11.042379907444053,5.915099446449545,-5.972643111772139,-1.6841534259744676e-14
42.39687633393901,15.192363850839175,11.039517660023684,5.916056537649822,-5.974033738216152,-3.368306851948935e-14
42.40469463079705,15.185787927009773,11.03666050101949,5.917016222438646,-5.975424948506936,1.6841534259744676e-14
42.41251204573912,15.179211292277099,11.033808449777135,5.9179785124167825,-5.976816742465756,1.6841534259744676e-14
42.42032857719646,15.17263394482292,11.03096152564227,5.9189434191850445,-5.978209119915303,3.368306851948935e-14
42.42814422360021,15.166055882829193,11.02811974796056,5.919910954344297,-5.9796020806796815,3.368306851948935e-14
42.43595898338147,15.159477104478045,11.025283136077643,5.920881129495457,-5.98099562458443,-1.6841534259744676e-14
42.44377285497128,15.152897607951784,11.02245170933919,5.921853956239478,-5.98238975145648,0.0
42.451585836800604,15.146317391432913,11.019625487090844,5.922829446177374,-5.983784461124199,8.420767129872338e-14
42.45939792730037,15.13973645310411,11.016804488678265,5.923807610910199,-5.985179753417352,6.73661370389787e-14
42.46720912490144,15.133154791148225,11.013988733447109,5.924788462039054,-5.986575628167115,-1.6841534259744676e-14
42.47501942803461,15.126572403748302,11.011178240743027,5.925772011165095,-5.987972085206075,-5.0524602779234026e-14
42.482828835130604,15.11998928908756,11.008373029911677,5.926758269889513,-5.989369124368223,1.6841534259744676e-14
42.490637344620126,15.113405445349398,11.005573120298715,5.927747249813554,-5.990766745488949,3.368306851948935e-14
42.49844495493379,15.106820870717394,11.002778531249797,5.928738962538501,-5.992164948405042,1.6841534259744676e-14
42.50625166450215,15.10023556337531,10.999989282110572,5.9297334196657,-5.9935637329547005,5.0524602779234026e-14
42.51405747175572,15.09364952150709,10.997205392226702,5.930730632796522,-5.994963098977506,0.0
42.52186237512497,15.087062743296839,10.994426880943836,5.931730613532403,-5.996363046314443,0.0
42.52966637304025,15.080475226928863,10.991653767607634,5.932733373474806,-5.99776357480788,1.6841534259744676e-14
42.53746946393193,15.073886970587635,10.988886071563744,5.933738924225249,-5.999164684301579,0.0
42.54527164623026,15.067297972457812,10.986123812157832,5.934747277385294,-6.000566374640691,-1.6841534259744676e-14
42.55307291836549,15.060708230724225,10.983367008735542,5.935758444556544,-6.00196864567175,6.73661370389787e-14
42.56087327876775,15.05411774357188,10.980615680642535,5.9367724373406485,-6.003371497242671,6.73661370389787e-14
42.56867272586716,15.04752650918597,10.977869847224467,5.937789267339299,-6.004774929202746,0.0
42.57647125809377,15.040934525751853,10.975129527826988,5.9388089461542295,-6.006178941402657,3.368306851948935e-14
42.584268873877576,15.034341791455075,10.972394741795755,5.9398314853872245,-6.007583533694458,-1.6841534259744676e-14
42.592065571648504,15.027748304481351,10.969665508476426,5.940856896640099,-6.008988705931565,0.0
42.59986134983646,15.021154063016574,10.966941847214654,5.9418851915147215,-6.010394457968784,0.0
42.60765620687124,15.014559065246813,10.964223777356093,5.942916381612996,-6.011800789662276,6.73661370389787e-14
42.61545014118264,15.00796330935832,10.961511318246398,5.943950478536872,-6.013207700869581,1.6841534259744676e-14
42.623243151200356,15.001366793537509,10.958804489231225,5.944987493888343,-6.014615191449593,-1.6841534259744676e-14
42.63103523535406,14.994769515970985,10.956103309656228,5.946027439269437,-6.0160232612625775,0.0
42.63882639207336,14.988171474845505,10.953407798867064,5.947070326282228,-6.0174319101701546,3.368306851948935e-14
42.6466166197878,14.981572668348027,10.950717976209386,5.94811616652883,-6.018841138035309,-1.6841534259744676e-14
42.65440591692688,14.974973094665666,10.94803386102885,5.949164971611399,-6.0202509447223775,-1.6841534259744676e-14
42.66219428192005,14.968372751985713,10.94535547267111,5.950216753132131,-6.021661330097053,3.368306851948935e-14
42.669981713196684,14.961771638495641,10.942682830481822,5.9512715226932595,-6.023072294026379,0.0
42.67776820918613,14.955169752383089,10.940015953806641,5.95232929189706,-6.024483836378745,-1.6841534259744676e-14
42.68555376831767,14.948567091835868,10.937354861991219,5.953390072345849,-6.0258959570238995,0.0
42.69333838902052,14.941963655041963,10.934699574381217,5.954453875641976,-6.027308655832923,3.368306851948935e-14
42.70112206972385,14.935359440189538,10.932050110322285,5.955520713387841,-6.028721932678246,0.0
42.708904808856815,14.92875444546693,10.929406489160083,5.956590597185873,-6.030135787433641,0.0
42.716686604848455,14.92214866906263,10.92676873024026,5.957663538638543,-6.031550219974217,3.368306851948935e-14
42.724467456127805,14.915542109165317,10.924136852908472,5.9587395493483575,-6.03296523017642,-1.6841534259744676e-14
42.732247361123825,14.908934763963838,10.921510876510377,5.959818640917869,-6.034380817918028,6.73661370389787e-14
42.740026318265414,14.902326631647213,10.918890820391631,5.960900824949657,-6.035796983078152,-1.6841534259744676e-14
42.74780432598144,14.895717710404632,10.916276703897886,5.961986113046347,-6.037213725537234,-1.6841534259744676e-14
42.755581382700726,14.889107998425445,10.913668546374796,5.963074516810597,-6.0386310451770475,3.368306851948935e-14
42.763357486852016,14.882497493899187,10.91106636716802,5.964166047845103,-6.040048941880684,3.368306851948935e-14
42.771132636864024,14.875886195015557,10.908470185623207,5.965260717752601,-6.041467415532562,-5.0524602779234026e-14
42.7789068311654,14.86927409996442,10.905880021086016,5.966358538135857,-6.0428864660184205,0.0
42.78668006818476,14.862661206935813,10.903295892902106,5.967459520597678,-6.044306093225318,6.73661370389787e-14
42.794452346350624,14.856047514119945,10.900717820417121,5.968563676740907,-6.045726297041629,-1.6841534259744676e-14
42.802223664091535,14.849433019707195,10.898145822976728,5.969671018168419,-6.047147077357041,3.368306851948935e-14
42.809994019835926,14.842817721888103,10.895579919926577,5.970781556483125,-6.048568434062556,0.0
42.817763412012205,14.83620161885338,10.89302013061232,5.971895303287977,-6.049990367050485,5.0524602779234026e-14
42.82553183904872,14.82958470879391,10.890466474379616,5.973012270185953,-6.051412876214447,0.0
42.833299299373785,14.822966989900733,10.88791897057412,5.974132468780075,-6.052835961449369,1.6841534259744676e-14
42.841065791415645,14.816348460365068,10.885377638541483,5.97525591067339,-6.0542596226514735,3.368306851948935e-14
42.8488313136025,14.8097291183783,10.882842497627363,5.976382607468983,-6.055683859718292,3.368306851948935e-14
42.856595864362525,14.803108962131974,10.880313567177415,5.9775125707699726,-6.057108672548651,-3.368306851948935e-14
42.8643594421238,14.796487989817809,10.877790866537298,5.978645812179513,-6.058534061042679,0.0
