galstreams/tracks/track.st.C-9.ibata2024.ecsv
# %ECSV 1.0
# ---
# datatype:
# - {name: ra, unit: deg, datatype: float64}
# - {name: dec, unit: deg, datatype: float64}
# - {name: distance, unit: kpc, datatype: float64}
# - {name: pm_ra_cosdec, unit: mas / yr, datatype: float64}
# - {name: pm_dec, unit: mas / yr, datatype: float64}
# - {name: radial_velocity, unit: km / s, datatype: float64}
# delimiter: ','
# meta: !!omap
# - __serialized_columns__:
#     dec:
#       __class__: astropy.coordinates.angles.Latitude
#       unit: &id001 !astropy.units.Unit {unit: deg}
#       value: !astropy.table.SerializedColumn {name: dec}
#     distance:
#       __class__: astropy.coordinates.distances.Distance
#       unit: !astropy.units.Unit {unit: kpc}
#       value: !astropy.table.SerializedColumn {name: distance}
#     pm_dec:
#       __class__: astropy.units.quantity.Quantity
#       unit: !astropy.units.Unit {unit: mas / yr}
#       value: !astropy.table.SerializedColumn {name: pm_dec}
#     pm_ra_cosdec:
#       __class__: astropy.units.quantity.Quantity
#       unit: !astropy.units.Unit {unit: mas / yr}
#       value: !astropy.table.SerializedColumn {name: pm_ra_cosdec}
#     ra:
#       __class__: astropy.coordinates.angles.Longitude
#       unit: *id001
#       value: !astropy.table.SerializedColumn {name: ra}
#       wrap_angle: !astropy.coordinates.Angle
#         unit: *id001
#         value: 360.0
#     radial_velocity:
#       __class__: astropy.units.quantity.Quantity
#       unit: !astropy.units.Unit {unit: km / s}
#       value: !astropy.table.SerializedColumn {name: radial_velocity}
# schema: astropy-2.0
ra,dec,distance,pm_ra_cosdec,pm_dec,radial_velocity
146.03594059801907,32.88150758593555,0.9999999999999987,-8.019965439522348,-9.082022752338752,-14.658675882940877
146.02918509664713,32.84961696274759,0.9999999999999988,-8.01769971190274,-9.080608732645814,-14.500459773672777
146.02246355837414,32.81776779500758,0.9999999999999988,-8.015441878494984,-9.07919120646467,-14.342475113350654
146.0157759054271,32.78596006490009,0.9999999999999988,-8.013191921271313,-9.077770189589518,-14.184721751937929
146.00912206035167,32.7541937545513,0.9999999999999987,-8.010949822259215,-9.076345697738677,-14.02719953939796
146.0025019460109,32.72246884602938,0.9999999999999988,-8.00871556354124,-9.074917746554998,-13.869908325694281
145.9959154855834,32.6907853213447,0.9999999999999987,-8.006489127254754,-9.07348635160626,-13.71284796079025
145.98936260256178,32.65914316245024,0.9999999999999988,-8.004270495591717,-9.072051528385613,-13.556018294649284
145.98284322075128,32.627542351241786,0.9999999999999988,-8.00205965079848,-9.07061329231194,-13.399419177234797
145.97635726426796,32.59598286955831,0.9999999999999987,-7.999856575175554,-9.069171658730307,-13.243050458510256
145.96990465753734,32.56446469918217,0.9999999999999989,-7.997661251077383,-9.067726642912312,-13.086911988439033
145.96348532529274,32.53298782183949,0.999999999999999,-7.995473660912157,-9.066278260056535,-12.931003616984604
145.9570991925739,32.50155221920038,0.9999999999999988,-7.993293787141566,-9.064826525288893,-12.7753251941103
145.95074618472512,32.47015787287931,0.9999999999999989,-7.9911216122805815,-9.063371453663054,-12.619876569779652
145.9444262273942,32.4388047644353,0.999999999999999,-7.988957118897275,-9.061913060160826,-12.464657593956021
145.93813924653065,32.40749287537223,0.9999999999999988,-7.986800289612583,-9.060451359692536,-12.309668116602838
145.93188516838418,32.376222187139156,0.9999999999999988,-7.984651107100082,-9.058986367097422,-12.154907987683512
145.92566391950345,32.34499268113056,0.9999999999999988,-7.982509554085806,-9.057518097144017,-12.000377057161446
145.91947542673427,32.31380433868669,0.9999999999999988,-7.980375613348015,-9.056046564530533,-11.846075175000127
145.91331961721832,32.28265714109372,0.9999999999999989,-7.978249267716991,-9.05457178388522,-11.692002191162903
145.90719641839166,32.25155106958417,0.9999999999999989,-7.9761305000748335,-9.05309376976679,-11.53815795561327
145.90110575798323,32.22048610533703,0.9999999999999989,-7.974019293355242,-9.051612536664722,-11.384542318314617
145.8950475640135,32.189462229478174,0.9999999999999987,-7.971915630543322,-9.050128098999693,-11.231155129230334
145.8890217647929,32.15847942308055,0.9999999999999989,-7.969819494675368,-9.048640471123917,-11.077996238323873
145.8830282889204,32.127537667164454,0.9999999999999988,-7.967730868838666,-9.047149667321529,-10.925065495558645
145.8770670652822,32.096636942697835,0.9999999999999988,-7.965649736171287,-9.045655701808933,-10.77236275089809
145.87113802305026,32.06577723059651,0.999999999999999,-7.96357607986187,-9.044158588735165,-10.619887854305611
145.86524109168087,32.0349585117245,0.9999999999999989,-7.961509883149457,-9.042658342182282,-10.467640655744631
145.85937620091312,32.00418076689424,0.9999999999999988,-7.959451129323245,-9.041154976165684,-10.31562100517858
145.85354328076778,31.97344397686683,0.9999999999999989,-7.957399801722419,-9.039648504634485,-10.163828752570877
145.84774226154576,31.94274812235235,0.9999999999999989,-7.955355883735938,-9.038138941471876,-10.012263747884944
145.84197307382667,31.9120931840101,0.9999999999999989,-7.9533193588023385,-9.036626300495463,-9.860925841084185
145.83623564846755,31.881479142448836,0.9999999999999988,-7.951290210409544,-9.035110595457613,-9.709814882132019
145.83052991660153,31.850905978227033,0.9999999999999989,-7.949268422094657,-9.033591840045826,-9.558930720991903
145.82485580963635,31.820373671853176,0.9999999999999989,-7.947253977443763,-9.032070047883046,-9.408273207627264
145.8192132592532,31.789882203785904,0.9999999999999988,-7.945246860091759,-9.030545232528034,-9.257842192001466
145.813602197405,31.7594315544345,0.9999999999999989,-7.943247053722111,-9.029017407475688,-9.107637524077985
145.8080225563156,31.729021704158853,0.9999999999999988,-7.941254542066714,-9.027486586157405,-8.957659053820198
145.80247426847802,31.698652633269887,0.9999999999999989,-7.939269308905663,-9.025952781941387,-8.807906631191559
145.7969572666534,31.66832432202978,0.9999999999999989,-7.93729133806708,-9.02441600813299,-8.658380106155489
145.7914714838695,31.638036750652148,0.9999999999999987,-7.935320613426917,-9.02287627797508,-8.509079328675377
145.7860168534195,31.607789899302393,0.9999999999999988,-7.933357118908758,-9.021333604648316,-8.360004148714705
145.78059330886063,31.577583748097844,0.9999999999999989,-7.931400838483647,-9.019788001271534,-8.211154416236827
145.775200784013,31.5474182771081,0.9999999999999987,-7.92945175616989,-9.018239480902022,-8.062529981205197
145.7698392129582,31.51729346635516,0.9999999999999988,-7.927509856032858,-9.01668805653587,-7.914130693583242
145.76450853003803,31.487209295813763,0.9999999999999988,-7.925575122184816,-9.015133741108299,-7.765956403334332
145.75920866985328,31.45716574541159,0.9999999999999987,-7.923647538784737,-9.01357654749397,-7.61800696042198
145.75393956726248,31.42716279502946,0.9999999999999989,-7.9217270900380985,-9.012016488507308,-7.47028221480954
145.74870115738057,31.39720042450164,0.9999999999999988,-7.919813760196728,-9.010453576902812,-7.322782016460463
145.74349337557766,31.367278613616033,0.9999999999999988,-7.917907533558588,-9.008887825375377,-7.175506215338163
145.7383161574779,31.337397342114397,0.9999999999999989,-7.916008394467615,-9.007319246560613,-7.02845466140601
145.73316943895813,31.30755658969264,0.9999999999999989,-7.914116327313531,-9.005747853035128,-6.881627204627538
145.72805315614661,31.277756336001005,0.9999999999999988,-7.912231316531663,-9.004173657316876,-6.735023694966047
145.722967245422,31.2479965606443,0.9999999999999988,-7.910353346602767,-9.002596671865449,-6.588643982385055
145.71791164341187,31.21827724318212,0.999999999999999,-7.908482402052828,-9.001016909082361,-6.442487916847916
145.7128862869917,31.188598363129117,0.9999999999999989,-7.906618467452916,-8.999434381311387,-6.296555348318091
145.70789111328364,31.158959899955192,0.9999999999999989,-7.904761527418986,-8.997849100838843,-6.150846126758984
145.7029260596552,31.129361833085717,0.999999999999999,-7.902911566611701,-8.996261079893886,-6.00536010213403
145.69799106371826,31.09980414190174,0.999999999999999,-7.9010685697362675,-8.994670330648823,-5.860097124406631
145.69308606332754,31.070286805740313,0.999999999999999,-7.899232521542238,-8.99307686521941,-5.715057043540219
145.68821099657987,31.040809803894575,0.999999999999999,-7.897403406823366,-8.991480695665125,-5.570239709498203
145.68336580181273,31.011373115614035,0.999999999999999,-7.895581210417418,-8.989881833989488,-5.4256449722440445
145.6785504176031,30.98197672010479,0.9999999999999991,-7.893765917205985,-8.988280292140328,-5.281272681741117
145.6737647827664,30.952620596529755,0.9999999999999991,-7.891957512114347,-8.9866760820101,-5.137122687952881
145.6690088363552,30.923304724008855,0.999999999999999,-7.890155980111259,-8.985069215436138,-4.993194840842735
145.66428251765834,30.89402908161923,0.9999999999999989,-7.888361306208818,-8.983459704200971,-4.849488990374073
145.65958576619943,30.86479364839551,0.9999999999999989,-7.886573475462268,-8.981847560032598,-4.706004986510391
145.65491852173596,30.835598403329932,0.9999999999999989,-7.884792472969836,-8.980232794604762,-4.562742679215015
145.65028072425812,30.80644332537267,0.9999999999999989,-7.883018283872574,-8.978615419537244,-4.419701918451461
145.64567231398763,30.777328393431926,0.999999999999999,-7.881250893354184,-8.976995446396131,-4.2768825541831
145.6410932313767,30.74825358637422,0.9999999999999989,-7.879490286640847,-8.975372886694107,-4.134284436373316
145.63654341710685,30.719218883024563,0.999999999999999,-7.877736449001057,-8.973747751890713,-3.991907414985629
145.63202281208777,30.690224262166687,0.9999999999999989,-7.87598936574547,-8.972120053392633,-3.849751339983396
145.6275313574564,30.661269702543212,0.999999999999999,-7.874249022226724,-8.970489802553962,-3.707816061330035
145.62306899457568,30.632355182855918,0.9999999999999989,-7.872515403839278,-8.968857010676487,-3.566101428989002
145.6186356650334,30.60348068176586,0.9999999999999989,-7.870788496019248,-8.967221689009929,-3.424607292923669
145.61423131064132,30.57464617789364,0.9999999999999989,-7.869068284244257,-8.965583848752244,-3.283333503097494
145.60985587343401,30.545851649819607,0.9999999999999989,-7.8673547540332525,-8.963943501049876,-3.142279909473899
145.60550929566767,30.51709707608401,0.999999999999999,-7.865647890946363,-8.96230065699802,-3.0014463620163014
145.60119151981922,30.48838243518722,0.9999999999999989,-7.863947680584724,-8.960655327640872,-2.8608327106881286
145.5969024885852,30.45970770558995,0.999999999999999,-7.862254108590335,-8.959007523971925,-2.72043880545275
145.5926421448806,30.431072865713414,0.999999999999999,-7.86056716064588,-8.957357256934191,-2.580264496273659
145.58841043183799,30.4024778939396,0.9999999999999989,-7.858886822474585,-8.955704537420502,-2.4403096331142495
145.58420729280633,30.373922768611347,0.9999999999999991,-7.8572130798400535,-8.954049376273714,-2.3005740659379055
145.58003267135004,30.34540746803265,0.999999999999999,-7.855545918546113,-8.952391784287014,-2.1610576447081327
145.57588651124792,30.316931970468737,0.9999999999999989,-7.853885324436655,-8.950731772204136,-2.0217602193882493
145.5717687564922,30.288496254146406,0.999999999999999,-7.852231283395484,-8.949069350719633,-1.8826816399417683
145.56767935128727,30.260100297254088,0.999999999999999,-7.850583781346163,-8.94740453047913,-1.7438217563320495
145.56361824004898,30.231744077942118,0.999999999999999,-7.848942804251851,-8.945737322079559,-1.6051804185225573
145.55958536740349,30.203427574322873,0.999999999999999,-7.847308338115156,-8.944067736069423,-1.4667574764767106
145.5555806781862,30.175150764470995,0.999999999999999,-7.845680368977985,-8.942395782949033,-1.3285527801578474
145.55160411744083,30.146913626423565,0.9999999999999989,-7.844058882921385,-8.940721473170754,-1.1905661795294922
145.54765563041846,30.11871613818029,0.9999999999999989,-7.842443866065398,-8.939044817139253,-1.0527975245550478
145.54373516257647,30.090558277703654,0.999999999999999,-7.840835304568907,-8.937365825211732,-0.9152466651978811
145.53984265957754,30.062440022919198,0.9999999999999988,-7.839233184629489,-8.935684507698191,-0.7779134514214726
145.5359780672888,30.03436135171557,0.999999999999999,-7.837637492483251,-8.93400087486163,-0.6407977331892188
145.53214133178065,30.006322241944847,0.999999999999999,-7.836048214404711,-8.93231493691833,-0.5038993604645435
145.52833239932596,29.97832267142257,0.999999999999999,-7.834465336706618,-8.93062670403807,-0.36721818321082605
145.52455121639915,29.95036261792809,0.9999999999999988,-7.832888845739828,-8.928936186344343,-0.23075405139158722
145.52079772967494,29.92244205920457,0.9999999999999988,-7.83131872789314,-8.927243393914624,-0.094506814970177
145.51707188602776,29.894560972959297,0.9999999999999989,-7.829754969593163,-8.92554833678059,0.04152367608998715
145.51337363253052,29.86671933686382,0.9999999999999991,-7.828197557304162,-8.923851024928332,0.17733757182546886
145.50970291645382,29.838917128554115,0.9999999999999988,-7.826646477527927,-8.922151468298633,0.31293502227280856
145.50605968526497,29.811154325630735,0.999999999999999,-7.825101716803599,-8.920449676787127,0.4483161774686857
145.50244388662716,29.78343090565903,0.999999999999999,-7.823563261707568,-8.918745660244593,0.5834811874495649
145.49885546839818,29.755746846169377,0.999999999999999,-7.822031098853287,-8.917039428477146,0.7184302022520919
145.4952943786299,29.728102124657187,0.9999999999999988,-7.820505214891163,-8.915330991246474,0.8531633719128177
145.49176056556718,29.700496718583203,0.9999999999999991,-7.818985596508398,-8.913620358270041,0.9876808464683332
145.4882539776469,29.67293060537365,0.999999999999999,-7.817472230428853,-8.911907539221346,1.1219827759552337
145.48477456349727,29.64540376242039,0.9999999999999991,-7.8159651034129185,-8.910192543730101,1.256069310410051
145.48132227193656,29.617916167081095,0.999999999999999,-7.814464202257341,-8.908475381382493,1.3899405998694292
145.47789705197255,29.590467796679434,0.9999999999999991,-7.812969513795126,-8.906756061721364,1.5235967943698705
145.47449885280142,29.563058628505203,0.999999999999999,-7.811481024895373,-8.905034594246459,1.6570380439479786
145.47112762380695,29.5356886398145,0.999999999999999,-7.809998722463141,-8.90331098841462,1.790264498640414
145.46778331455963,29.508357807829956,0.9999999999999991,-7.808522593439317,-8.901585253640015,1.9232763084836368
145.46446587481572,29.481066109740787,0.9999999999999991,-7.8070526248004795,-8.899857399294344,2.0560736235142976
145.46117525451643,29.45381352270307,0.999999999999999,-7.8055888035587495,-8.898127434707046,2.188656593768934
145.45791140378702,29.426600023839814,0.9999999999999991,-7.804131116761682,-8.896395369165527,2.32102536928414
145.45467427293596,29.399425590241187,0.9999999999999991,-7.802679551492096,-8.894661211915354,2.4531801000965285
145.45146381245397,29.372290198964656,0.999999999999999,-7.801234094867963,-8.892924972160476,2.5851209362426117
145.44827997301329,29.345193827035118,0.999999999999999,-7.799794734042276,-8.891186659063408,2.7168480277590494
145.44512270546676,29.318136451445117,0.999999999999999,-7.798361456202901,-8.889446281745473,2.8483615246823253
145.44199196084693,29.29111804915496,0.9999999999999991,-7.79693424857245,-8.887703849286975,2.9796615770490895
145.43888769036533,29.264138597092895,0.9999999999999991,-7.795513098408158,-8.88595937072742,3.11074833489592
145.43580984541148,29.237198072155262,0.999999999999999,-7.794097993001739,-8.88421285506572,3.2416219482593474
145.43275837755215,29.210296451206638,0.999999999999999,-7.792688919679257,-8.882464311260373,3.3722825671759766
145.42973323853047,29.18343371108003,0.9999999999999991,-7.791285865801011,-8.880713748229688,3.502730341682416
145.42673438026526,29.156609828576943,0.999999999999999,-7.78988881876138,-8.878961174851979,3.6329654218151766
145.4237617548498,29.129824780467718,0.999999999999999,-7.78849776598871,-8.87720659996576,3.7629879576109118
145.4208153145515,29.10307854349144,0.9999999999999991,-7.787112694945188,-8.875450032369931,3.8927980991061464
145.41789501181077,29.076371094356276,0.999999999999999,-7.785733593126699,-8.873691480823995,4.022395996337487
145.4150007992404,29.049702409739567,0.9999999999999989,-7.784360448062723,-8.871930954048233,4.151781799341488
145.41213262962452,29.02307246628794,0.999999999999999,-7.782993247316178,-8.870168460723917,4.2809556581547366
145.409290455918,28.99648124061753,0.9999999999999989,-7.781631978483311,-8.868404009493482,4.409917722813842
145.40647423124554,28.969928709314093,0.999999999999999,-7.780276629193575,-8.86663760896073,4.538668143355327
145.4036839089009,28.94341484893314,0.9999999999999991,-7.778927187109496,-8.864869267691022,4.6672070698158095
145.40091944234604,28.91693963600013,0.999999999999999,-7.7775836399265454,-8.86309899421147,4.7955346522318925
145.3981807852106,28.890503047010547,0.9999999999999991,-7.776245975373032,-8.861326797011094,4.92365104064007
145.39546789129068,28.864105058430145,0.9999999999999989,-7.774914181209954,-8.859552684541068,5.051556385077034
145.39278071454848,28.837745646694998,0.9999999999999991,-7.773588245230895,-8.857776665214839,5.179250835579246
145.39011920911122,28.8114247882117,0.9999999999999991,-7.772268155261899,-8.855998747408368,5.306734542183387
