galstreams/tracks/track.st.Pegasus.perottoni2019.ecsv
# %ECSV 0.9
# ---
# datatype:
# - {name: ra, unit: deg, datatype: float64}
# - {name: dec, unit: deg, datatype: float64}
# - {name: distance, unit: kpc, datatype: float64}
# - {name: pm_ra_cosdec, unit: mas / yr, datatype: float64}
# - {name: pm_dec, unit: mas / yr, datatype: float64}
# - {name: radial_velocity, unit: km / s, datatype: float64}
# delimiter: ','
# meta: !!omap
# - __serialized_columns__:
#     dec:
#       __class__: astropy.coordinates.angles.Latitude
#       unit: &id001 !astropy.units.Unit {unit: deg}
#       value: !astropy.table.SerializedColumn {name: dec}
#     distance:
#       __class__: astropy.coordinates.distances.Distance
#       unit: !astropy.units.Unit {unit: kpc}
#       value: !astropy.table.SerializedColumn {name: distance}
#     pm_dec:
#       __class__: astropy.units.quantity.Quantity
#       unit: !astropy.units.Unit {unit: mas / yr}
#       value: !astropy.table.SerializedColumn {name: pm_dec}
#     pm_ra_cosdec:
#       __class__: astropy.units.quantity.Quantity
#       unit: !astropy.units.Unit {unit: mas / yr}
#       value: !astropy.table.SerializedColumn {name: pm_ra_cosdec}
#     ra:
#       __class__: astropy.coordinates.angles.Longitude
#       unit: *id001
#       value: !astropy.table.SerializedColumn {name: ra}
#       wrap_angle: !astropy.coordinates.Angle
#         unit: *id001
#         value: 360.0
#     radial_velocity:
#       __class__: astropy.units.quantity.Quantity
#       unit: !astropy.units.Unit {unit: km / s}
#       value: !astropy.table.SerializedColumn {name: radial_velocity}
# schema: astropy-2.0
ra,dec,distance,pm_ra_cosdec,pm_dec,radial_velocity
328.3440426147909,20.876419268931794,17.99999999999946,0.0,0.0,0.0
328.349264467724,20.88516328279456,17.999999999999467,0.0,0.0,0.0
328.3544876350344,20.893906739211538,17.99999999999947,0.0,0.0,0.0
328.35971211735676,20.902649637904457,17.999999999999478,0.0,0.0,0.0
328.3649379153263,20.911391978595116,17.999999999999485,0.0,0.0,0.0
328.37016502957806,20.92013376100508,17.999999999999485,0.0,0.0,0.0
328.3753934607471,20.92887498485584,17.999999999999492,0.0,0.0,0.0
328.3806232094689,20.93761564986878,17.9999999999995,0.0,0.0,0.0
328.385854276379,20.9463557557653,17.9999999999995,0.0,0.0,0.0
328.39108666211314,20.955095302266585,17.999999999999506,0.0,0.0,0.0
328.39632036730694,20.963834289093757,17.999999999999517,0.0,0.0,0.0
328.4015553925965,20.972572715967868,17.99999999999952,0.0,0.0,0.0
328.40679173861776,20.981310582609787,17.999999999999527,0.0,0.0,0.0
328.41202940600704,20.990047888740467,17.999999999999535,0.0,0.0,0.0
328.4172683954007,20.998784634080607,17.999999999999538,0.0,0.0,0.0
328.42250870743527,21.007520818350862,17.999999999999545,0.0,0.0,0.0
328.4277503427474,21.01625644127178,17.99999999999955,0.0,0.0,0.0
328.43299330197385,21.024991502563765,17.99999999999956,0.0,0.0,0.0
328.43823758575155,21.033726001947308,17.99999999999956,0.0,0.0,0.0
328.4434831947177,21.042459939142603,17.999999999999567,0.0,0.0,0.0
328.4487301295094,21.051193313869838,17.999999999999574,0.0,0.0,0.0
328.453978390764,21.059926125849035,17.999999999999577,0.0,0.0,0.0
328.45922797911913,21.068658374800265,17.999999999999588,0.0,0.0,0.0
328.4644788952124,21.077390060443367,17.999999999999588,0.0,0.0,0.0
328.4697311396816,21.086121182498122,17.999999999999595,0.0,0.0,0.0
328.47498471316464,21.09485174068423,17.9999999999996,0.0,0.0,0.0
328.48023961629957,21.103581734721217,17.99999999999961,0.0,0.0,0.0
328.48549584972477,21.11231116432869,17.999999999999613,0.0,0.0,0.0
328.4907534140785,21.121040029225984,17.99999999999962,0.0,0.0,0.0
328.4960123099993,21.129768329132403,17.999999999999623,0.0,0.0,0.0
328.5012725381259,21.138496063767146,17.99999999999963,0.0,0.0,0.0
328.5065340990969,21.147223232849267,17.999999999999634,0.0,0.0,0.0
328.51179699355146,21.155949836097875,17.999999999999638,0.0,0.0,0.0
328.5170612221286,21.16467587323182,17.999999999999645,0.0,0.0,0.0
328.52232678546756,21.173401343969918,17.999999999999645,0.0,0.0,0.0
328.52759368420766,21.18212624803082,17.999999999999652,0.0,0.0,0.0
328.53286191898854,21.190850585133244,17.999999999999662,0.0,0.0,0.0
328.53813149044987,21.199574354995658,17.999999999999662,0.0,0.0,0.0
328.54340239923135,21.20829755733646,17.99999999999967,0.0,0.0,0.0
328.548674645973,21.21702019187399,17.999999999999673,0.0,0.0,0.0
328.55394823131496,21.22574225832638,17.99999999999968,0.0,0.0,0.0
328.5592231558975,21.234463756411877,17.999999999999684,0.0,0.0,0.0
328.5644994203609,21.243184685848437,17.999999999999687,0.0,0.0,0.0
328.56977702534584,21.251905046353972,17.99999999999969,0.0,0.0,0.0
328.575055971493,21.2606248376463,17.9999999999997,0.0,0.0,0.0
328.5803362594431,21.26934405944311,17.9999999999997,0.0,0.0,0.0
328.5856178898371,21.27806271146208,17.99999999999971,0.0,0.0,0.0
328.59090086331634,21.286780793420725,17.99999999999971,0.0,0.0,0.0
328.59618518052196,21.29549830503643,17.999999999999716,0.0,0.0,0.0
328.60147084209535,21.304215246026477,17.99999999999972,0.0,0.0,0.0
328.60675784867806,21.312931616108166,17.999999999999723,0.0,0.0,0.0
328.61204620091195,21.321647414998587,17.99999999999973,0.0,0.0,0.0
328.6173358994388,21.330362642414734,17.99999999999973,0.0,0.0,0.0
328.6226269449005,21.339077298073537,17.999999999999737,0.0,0.0,0.0
328.6279193379393,21.347791381691756,17.999999999999744,0.0,0.0,0.0
328.63321307919756,21.35650489298619,17.999999999999748,0.0,0.0,0.0
328.6385081693177,21.365217831673412,17.99999999999975,0.0,0.0,0.0
328.6438046089422,21.373930197469935,17.999999999999755,0.0,0.0,0.0
328.6491023987139,21.38264199009216,17.99999999999976,0.0,0.0,0.0
328.6544015392757,21.391353209256344,17.999999999999762,0.0,0.0,0.0
328.65970203127057,21.40006385467878,17.999999999999766,0.0,0.0,0.0
328.6650038753417,21.40877392607554,17.999999999999766,0.0,0.0,0.0
328.67030707213246,21.417483423162604,17.999999999999773,0.0,0.0,0.0
328.6756116222863,21.42619234565583,17.999999999999773,0.0,0.0,0.0
328.6809175264469,21.43490069327111,17.99999999999978,0.0,0.0,0.0
328.68622478525793,21.443608465724083,17.999999999999783,0.0,0.0,0.0
328.69153339936344,21.452315662730353,17.999999999999783,0.0,0.0,0.0
328.6968433694074,21.46102228400538,17.999999999999787,0.0,0.0,0.0
328.702154696034,21.46972832926452,17.999999999999794,0.0,0.0,0.0
328.70746737988776,21.47843379822314,17.999999999999794,0.0,0.0,0.0
328.71278142161304,21.48713869059637,17.999999999999797,0.0,0.0,0.0
328.7180968218546,21.495843006099285,17.999999999999805,0.0,0.0,0.0
328.7234135812572,21.504546744446863,17.999999999999805,0.0,0.0,0.0
328.7287317004658,21.513249905353902,17.99999999999981,0.0,0.0,0.0
328.7340511801256,21.52195248853527,17.999999999999808,0.0,0.0,0.0
328.7393720208818,21.530654493705576,17.99999999999981,0.0,0.0,0.0
328.7446942233797,21.539355920579368,17.999999999999815,0.0,0.0,0.0
328.750017788265,21.548056768871064,17.99999999999982,0.0,0.0,0.0
328.7553427161834,21.55675703829509,17.999999999999822,0.0,0.0,0.0
328.7606690077808,21.56545672856564,17.999999999999822,0.0,0.0,0.0
328.76599666370305,21.57415583939685,17.999999999999826,0.0,0.0,0.0
328.7713256845964,21.582854370502748,17.999999999999833,0.0,0.0,0.0
328.7766560711071,21.591552321597224,17.999999999999833,0.0,0.0,0.0
328.78198782388165,21.60024969239418,17.999999999999833,0.0,0.0,0.0
328.7873209435668,21.608946482607283,17.999999999999837,0.0,0.0,0.0
328.792655430809,21.61764269195015,17.999999999999844,0.0,0.0,0.0
328.79799128625547,21.626338320136234,17.999999999999844,0.0,0.0,0.0
328.803328510553,21.635033366879025,17.999999999999847,0.0,0.0,0.0
328.808667104349,21.64372783189177,17.999999999999847,0.0,0.0,0.0
328.8140070682908,21.652421714887655,17.999999999999844,0.0,0.0,0.0
328.81934840302574,21.661115015579757,17.99999999999985,0.0,0.0,0.0
328.8246911092017,21.669807733681004,17.999999999999854,0.0,0.0,0.0
328.8300351874663,21.678499868904364,17.999999999999858,0.0,0.0,0.0
328.8353806384677,21.68719142096254,17.99999999999986,0.0,0.0,0.0
328.8407274628539,21.695882389568194,17.999999999999858,0.0,0.0,0.0
328.8460756612732,21.704572774433863,17.999999999999865,0.0,0.0,0.0
328.8514252343739,21.71326257527195,17.99999999999987,0.0,0.0,0.0
328.8567761828047,21.72195179179487,17.999999999999865,0.0,0.0,0.0
328.8621285072143,21.73064042371481,17.999999999999872,0.0,0.0,0.0
328.8674822082516,21.73932847074388,17.99999999999987,0.0,0.0,0.0
328.8728372865655,21.748015932594054,17.999999999999872,0.0,0.0,0.0
328.8781937428053,21.756702808977316,17.999999999999876,0.0,0.0,0.0
328.8835515776204,21.765389099605418,17.99999999999988,0.0,0.0,0.0
328.88891079166,21.774074804190057,17.99999999999988,0.0,0.0,0.0
328.894271385574,21.782759922442793,17.99999999999988,0.0,0.0,0.0
328.899633360012,21.791444454075062,17.999999999999883,0.0,0.0,0.0
328.90499671562407,21.800128398798318,17.999999999999883,0.0,0.0,0.0
328.9103614530602,21.808811756323756,17.999999999999883,0.0,0.0,0.0
328.9157275729708,21.817494526362523,17.999999999999886,0.0,0.0,0.0
328.92109507600605,21.826176708625663,17.99999999999989,0.0,0.0,0.0
328.9264639628166,21.834858302824045,17.999999999999886,0.0,0.0,0.0
328.93183423405316,21.843539308668582,17.999999999999893,0.0,0.0,0.0
328.9372058903666,21.852219725869947,17.999999999999893,0.0,0.0,0.0
328.9425789324079,21.860899554138722,17.999999999999897,0.0,0.0,0.0
328.94795336082825,21.869578793185354,17.999999999999897,0.0,0.0,0.0
328.95332917627894,21.87825744272031,17.999999999999893,0.0,0.0,0.0
328.9587063794114,21.88693550245382,17.9999999999999,0.0,0.0,0.0
328.9640849708773,21.895612972096036,17.999999999999897,0.0,0.0,0.0
328.9694649513284,21.904289851357014,17.999999999999897,0.0,0.0,0.0
328.97484632141663,21.912966139946636,17.999999999999904,0.0,0.0,0.0
328.9802290817941,21.921641837574832,17.9999999999999,0.0,0.0,0.0
328.98561323311304,21.93031694395126,17.999999999999904,0.0,0.0,0.0
328.99099877602583,21.938991458785537,17.999999999999904,0.0,0.0,0.0
328.99638571118504,21.947665381787154,17.999999999999904,0.0,0.0,0.0
329.0017740392433,21.956338712665442,17.999999999999904,0.0,0.0,0.0
329.0071637608536,21.96501145112978,17.999999999999908,0.0,0.0,0.0
329.0125548766688,21.97368359688927,17.999999999999908,0.0,0.0,0.0
329.0179473873421,21.982355149652967,17.99999999999991,0.0,0.0,0.0
329.02334129352687,21.991026109129766,17.999999999999915,0.0,0.0,0.0
329.0287365958766,21.999696475028585,17.999999999999915,0.0,0.0,0.0
329.0341332950449,22.00836624705809,17.99999999999991,0.0,0.0,0.0
329.03953139168556,22.017035424926892,17.999999999999915,0.0,0.0,0.0
329.04493088645245,22.02570400834346,17.999999999999915,0.0,0.0,0.0
329.05033177999974,22.034371997016137,17.999999999999915,0.0,0.0,0.0
329.05573407298164,22.04303939065329,17.99999999999992,0.0,0.0,0.0
329.06113776605264,22.051706188963013,17.99999999999992,0.0,0.0,0.0
329.06654285986724,22.06037239165336,17.999999999999922,0.0,0.0,0.0
329.0719493550801,22.06903799843224,17.99999999999992,0.0,0.0,0.0
329.07735725234625,22.077703009007426,17.99999999999992,0.0,0.0,0.0
329.08276655232055,22.08636742308672,17.999999999999922,0.0,0.0,0.0
329.0881772556583,22.095031240377654,17.999999999999922,0.0,0.0,0.0
329.0935893630148,22.1036944605877,17.999999999999922,0.0,0.0,0.0
329.0990028750456,22.112357083424175,17.999999999999922,0.0,0.0,0.0
329.1044177924062,22.121019108594425,17.999999999999922,0.0,0.0,0.0
329.1098341157526,22.129680535805523,17.99999999999993,0.0,0.0,0.0
329.1152518457408,22.138341364764496,17.99999999999993,0.0,0.0,0.0
329.1206709830267,22.147001595178235,17.99999999999993,0.0,0.0,0.0
329.12609152826667,22.155661226753494,17.99999999999993,0.0,0.0,0.0
329.1315134821173,22.164320259197048,17.999999999999925,0.0,0.0,0.0
329.136936845235,22.172978692215388,17.999999999999932,0.0,0.0,0.0
329.14236161827665,22.181636525514982,17.999999999999932,0.0,0.0,0.0
329.14778780189914,22.190293758802145,17.99999999999993,0.0,0.0,0.0
329.15321539675944,22.198950391783047,17.99999999999993,0.0,0.0,0.0
329.1586444035149,22.207606424163885,17.99999999999993,0.0,0.0,0.0
329.1640748228228,22.216261855650597,17.999999999999932,0.0,0.0,0.0
329.1695066553408,22.22491668594904,17.999999999999936,0.0,0.0,0.0
329.1749399017264,22.23357091476494,17.999999999999936,0.0,0.0,0.0
329.1803745626377,22.24222454180401,17.999999999999936,0.0,0.0,0.0
329.1858106387326,22.25087756677174,17.99999999999993,0.0,0.0,0.0
329.19124813066935,22.25952998937352,17.999999999999932,0.0,0.0,0.0
329.1966870391061,22.268181809314644,17.999999999999932,0.0,0.0,0.0
329.2021273647014,22.27683302630024,17.999999999999932,0.0,0.0,0.0
329.2075691081141,22.285483640035444,17.999999999999936,0.0,0.0,0.0
329.2130122700028,22.294133650225167,17.99999999999994,0.0,0.0,0.0
329.21845685102653,22.302783056574224,17.999999999999936,0.0,0.0,0.0
329.22390285184446,22.31143185878726,17.999999999999936,0.0,0.0,0.0
329.22935027311576,22.32008005656898,17.999999999999932,0.0,0.0,0.0
329.2347991154999,22.328727649623783,17.99999999999994,0.0,0.0,0.0
329.24024937965663,22.337374637656037,17.999999999999936,0.0,0.0,0.0
329.2457010662455,22.34602102036996,17.99999999999994,0.0,0.0,0.0
329.25115417592656,22.35466679746965,17.99999999999994,0.0,0.0,0.0
329.2566087093599,22.36331196865918,17.999999999999943,0.0,0.0,0.0
329.2620646672057,22.37195653364238,17.999999999999943,0.0,0.0,0.0
329.2675220501244,22.38060049212303,17.99999999999994,0.0,0.0,0.0
329.27298085877646,22.38924384380476,17.999999999999943,0.0,0.0,0.0
329.2784410938227,22.39788658839106,17.999999999999943,0.0,0.0,0.0
329.28390275592403,22.406528725585414,17.999999999999947,0.0,0.0,0.0
329.2893658457414,22.415170255091088,17.99999999999994,0.0,0.0,0.0
329.29483036393606,22.423811176611224,17.999999999999943,0.0,0.0,0.0
329.30029631116923,22.432451489848848,17.999999999999943,0.0,0.0,0.0
329.3057636881027,22.441091194506978,17.999999999999943,0.0,0.0,0.0
329.3112324953979,22.449730290288375,17.999999999999943,0.0,0.0,0.0
329.31670273371685,22.458368776895732,17.999999999999943,0.0,0.0,0.0
329.32217440372136,22.46700665403163,17.999999999999943,0.0,0.0,0.0
329.3276475060737,22.47564392139845,17.999999999999947,0.0,0.0,0.0
329.33312204143624,22.484280578698645,17.999999999999943,0.0,0.0,0.0
329.3385980104714,22.492916625634365,17.999999999999947,0.0,0.0,0.0
329.3440754138418,22.501552061907713,17.999999999999947,0.0,0.0,0.0
329.3495542522102,22.510186887220655,17.999999999999943,0.0,0.0,0.0
329.35503452623976,22.518821101274995,17.999999999999947,0.0,0.0,0.0
329.36051623659347,22.52745470377255,17.999999999999947,0.0,0.0,0.0
329.3659993839346,22.536087694414892,17.999999999999943,0.0,0.0,0.0
329.3714839689266,22.544720072903505,17.999999999999943,0.0,0.0,0.0
329.37696999223317,22.55335183893971,17.999999999999947,0.0,0.0,0.0
329.382457454518,22.561982992224856,17.999999999999943,0.0,0.0,0.0
329.38794635644507,22.570613532459998,17.999999999999947,0.0,0.0,0.0
329.39343669867844,22.579243459346152,17.99999999999995,0.0,0.0,0.0
329.3989284818824,22.587872772584205,17.999999999999947,0.0,0.0,0.0
329.40442170672134,22.596501471874852,17.999999999999947,0.0,0.0,0.0
329.4099163738599,22.60512955691884,17.999999999999947,0.0,0.0,0.0
329.4154124839627,22.61375702741663,17.999999999999947,0.0,0.0,0.0
329.4209100376948,22.622383883068604,17.99999999999995,0.0,0.0,0.0
329.42640903572124,22.631010123575056,17.99999999999995,0.0,0.0,0.0
329.4319094787071,22.639635748636056,17.999999999999947,0.0,0.0,0.0
329.43741136731796,22.64826075795174,17.99999999999995,0.0,0.0,0.0
329.4429147022193,22.656885151221957,17.999999999999947,0.0,0.0,0.0
329.44841948407685,22.665508928146487,17.999999999999947,0.0,0.0,0.0
329.4539257135565,22.67413208842494,17.999999999999947,0.0,0.0,0.0
329.45943339132424,22.682754631756925,17.999999999999947,0.0,0.0,0.0
329.46494251804637,22.691376557841824,17.99999999999995,0.0,0.0,0.0
329.4704530943892,22.699997866378915,17.999999999999947,0.0,0.0,0.0
329.4759651210193,22.708618557067343,17.999999999999947,0.0,0.0,0.0
329.4814785986033,22.71723862960611,17.999999999999954,0.0,0.0,0.0
329.4869935278082,22.725858083694217,17.999999999999954,0.0,0.0,0.0
329.4925099093009,22.734476919030417,17.99999999999995,0.0,0.0,0.0
329.49802774374865,22.743095135313347,17.99999999999995,0.0,0.0,0.0
329.50354703181887,22.751712732241568,17.99999999999995,0.0,0.0,0.0
329.5090677741789,22.760329709513435,17.99999999999995,0.0,0.0,0.0
329.51458997149655,22.768946066827333,17.99999999999995,0.0,0.0,0.0
329.5201136244396,22.77756180388138,17.99999999999995,0.0,0.0,0.0
329.52563873367615,22.786176920373602,17.99999999999995,0.0,0.0,0.0
329.5311652998743,22.79479141600189,17.99999999999995,0.0,0.0,0.0
329.5366933237024,22.803405290464095,17.999999999999954,0.0,0.0,0.0
329.54222280582906,22.812018543457857,17.99999999999995,0.0,0.0,0.0
329.54775374692287,22.820631174680695,17.999999999999954,0.0,0.0,0.0
329.5532861476525,22.829243183830027,17.999999999999954,0.0,0.0,0.0
329.55882000868723,22.837854570603078,17.999999999999954,0.0,0.0,0.0
329.56435533069606,22.846465334697108,17.999999999999954,0.0,0.0,0.0
329.56989211434836,22.855075475809098,17.999999999999954,0.0,0.0,0.0
329.5754303603136,22.86368499363596,17.99999999999995,0.0,0.0,0.0
329.58097006926147,22.87229388787446,17.99999999999995,0.0,0.0,0.0
329.58651124186173,22.880902158221208,17.999999999999947,0.0,0.0,0.0
329.59205387878444,22.889509804372814,17.99999999999995,0.0,0.0,0.0
329.5975979806998,22.898116826025625,17.999999999999954,0.0,0.0,0.0
329.603143548278,22.906723222875932,17.999999999999947,0.0,0.0,0.0
329.60869058218964,22.9153289946198,17.99999999999995,0.0,0.0,0.0
