galstreams/tracks/track.st.Molonglo.grillmair2017b.ecsv
# %ECSV 1.0
# ---
# datatype:
# - {name: ra, unit: deg, datatype: float64}
# - {name: dec, unit: deg, datatype: float64}
# - {name: distance, unit: kpc, datatype: float64}
# - {name: pm_ra_cosdec, unit: mas / yr, datatype: float64}
# - {name: pm_dec, unit: mas / yr, datatype: float64}
# - {name: radial_velocity, unit: km / s, datatype: float64}
# delimiter: ','
# meta: !!omap
# - __serialized_columns__:
#     dec:
#       __class__: astropy.coordinates.angles.Latitude
#       unit: &id001 !astropy.units.Unit {unit: deg}
#       value: !astropy.table.SerializedColumn {name: dec}
#     distance:
#       __class__: astropy.coordinates.distances.Distance
#       unit: !astropy.units.Unit {unit: kpc}
#       value: !astropy.table.SerializedColumn {name: distance}
#     pm_dec:
#       __class__: astropy.units.quantity.Quantity
#       unit: !astropy.units.Unit {unit: mas / yr}
#       value: !astropy.table.SerializedColumn {name: pm_dec}
#     pm_ra_cosdec:
#       __class__: astropy.units.quantity.Quantity
#       unit: !astropy.units.Unit {unit: mas / yr}
#       value: !astropy.table.SerializedColumn {name: pm_ra_cosdec}
#     ra:
#       __class__: astropy.coordinates.angles.Longitude
#       unit: *id001
#       value: !astropy.table.SerializedColumn {name: ra}
#       wrap_angle: !astropy.coordinates.Angle
#         unit: *id001
#         value: 360.0
#     radial_velocity:
#       __class__: astropy.units.quantity.Quantity
#       unit: !astropy.units.Unit {unit: km / s}
#       value: !astropy.table.SerializedColumn {name: radial_velocity}
# schema: astropy-2.0
ra,dec,distance,pm_ra_cosdec,pm_dec,radial_velocity
10.256167889668394,-24.50088258765178,20.00000000000005,0.0,0.0,0.0
10.247358287364149,-24.4948997490069,20.00000000000005,0.0,0.0,0.0
10.238549384311344,-24.488916567416844,20.000000000000043,0.0,0.0,0.0
10.229741180598008,-24.482933042631597,20.000000000000043,0.0,0.0,0.0
10.220933676312397,-24.476949174401323,20.000000000000043,0.0,0.0,0.0
10.21212687154267,-24.470964962476117,20.000000000000043,0.0,0.0,0.0
10.203320766377109,-24.464980406606166,20.00000000000004,0.0,0.0,0.0
10.194515360904054,-24.458995506541697,20.000000000000043,0.0,0.0,0.0
10.185710655211906,-24.453010262033,20.000000000000043,0.0,0.0,0.0
10.176906649389082,-24.447024672830352,20.000000000000043,0.0,0.0,0.0
10.16810334352421,-24.44103873868421,20.000000000000043,0.0,0.0,0.0
10.159300737705834,-24.43505245934496,20.00000000000004,0.0,0.0,0.0
10.150498832022611,-24.42906583456308,20.000000000000036,0.0,0.0,0.0
10.14169762656325,-24.4230788640891,20.00000000000004,0.0,0.0,0.0
10.132897121416484,-24.417091547673532,20.00000000000004,0.0,0.0,0.0
10.12409731667126,-24.411103885067106,20.00000000000004,0.0,0.0,0.0
10.115298212416427,-24.40511587602044,20.00000000000004,0.0,0.0,0.0
10.106499808740958,-24.39912752028425,20.00000000000004,0.0,0.0,0.0
10.097702105733878,-24.3931388176093,20.000000000000036,0.0,0.0,0.0
10.08890510348428,-24.387149767746426,20.000000000000036,0.0,0.0,0.0
10.080108802081265,-24.381160370446423,20.00000000000004,0.0,0.0,0.0
10.071313201614151,-24.3751706254603,20.00000000000004,0.0,0.0,0.0
10.062518302172165,-24.36918053253898,20.00000000000004,0.0,0.0,0.0
10.05372410384465,-24.363190091433474,20.000000000000036,0.0,0.0,0.0
10.044930606721005,-24.357199301894827,20.000000000000036,0.0,0.0,0.0
10.036137810890644,-24.35120816367412,20.000000000000036,0.0,0.0,0.0
10.02734571644319,-24.34521667652258,20.000000000000036,0.0,0.0,0.0
10.01855432346818,-24.339224840191363,20.000000000000036,0.0,0.0,0.0
10.009763632055268,-24.33323265443174,20.000000000000032,0.0,0.0,0.0
10.000973642294156,-24.327240118995,20.000000000000036,0.0,0.0,0.0
9.992184354274618,-24.32124723363249,20.00000000000004,0.0,0.0,0.0
9.983395768086446,-24.315253998095578,20.000000000000036,0.0,0.0,0.0
9.974607883819623,-24.309260412135764,20.00000000000003,0.0,0.0,0.0
9.965820701564054,-24.303266475504515,20.000000000000032,0.0,0.0,0.0
9.957034221409762,-24.29727218795337,20.000000000000032,0.0,0.0,0.0
9.948248443446818,-24.291277549233914,20.000000000000036,0.0,0.0,0.0
9.939463367765319,-24.285282559097773,20.00000000000003,0.0,0.0,0.0
9.930678994455562,-24.279287217296666,20.00000000000003,0.0,0.0,0.0
9.921895323607751,-24.273291523582305,20.00000000000003,0.0,0.0,0.0
9.913112355312215,-24.267295477706472,20.000000000000032,0.0,0.0,0.0
9.904330089659332,-24.261299079420997,20.000000000000032,0.0,0.0,0.0
9.895548526739494,-24.255302328477708,20.000000000000032,0.0,0.0,0.0
9.886767666643312,-24.24930522462862,20.00000000000003,0.0,0.0,0.0
9.877987509461292,-24.243307767625645,20.000000000000032,0.0,0.0,0.0
9.869208055284062,-24.237309957220827,20.000000000000032,0.0,0.0,0.0
9.860429304202306,-24.23131179316622,20.00000000000003,0.0,0.0,0.0
9.85165125630677,-24.225313275213935,20.00000000000003,0.0,0.0,0.0
9.842873911688212,-24.21931440311611,20.000000000000025,0.0,0.0,0.0
9.83409727043759,-24.213315176625013,20.000000000000032,0.0,0.0,0.0
9.82532133264579,-24.207315595492865,20.000000000000032,0.0,0.0,0.0
9.816546098403792,-24.201315659471994,20.00000000000003,0.0,0.0,0.0
9.807771567802641,-24.195315368314727,20.000000000000025,0.0,0.0,0.0
9.7989977409334,-24.189314721773442,20.00000000000002,0.0,0.0,0.0
9.790224617887327,-24.183313719600655,20.000000000000025,0.0,0.0,0.0
9.781452198755602,-24.177312361548818,20.00000000000003,0.0,0.0,0.0
9.772680483629511,-24.171310647370483,20.00000000000002,0.0,0.0,0.0
9.763909472600401,-24.16530857681824,20.00000000000002,0.0,0.0,0.0
9.755139165759664,-24.159306149644713,20.000000000000025,0.0,0.0,0.0
9.746369563198733,-24.15330336560256,20.000000000000025,0.0,0.0,0.0
9.737600665009218,-24.14730022444458,20.00000000000002,0.0,0.0,0.0
9.72883247128266,-24.14129672592352,20.00000000000002,0.0,0.0,0.0
9.720064982110692,-24.135292869792206,20.00000000000002,0.0,0.0,0.0
9.711298197585027,-24.129288655803517,20.000000000000025,0.0,0.0,0.0
9.702532117797373,-24.123284083710313,20.000000000000018,0.0,0.0,0.0
9.693766742839644,-24.117279153265645,20.00000000000002,0.0,0.0,0.0
9.685002072803677,-24.111273864222504,20.00000000000002,0.0,0.0,0.0
9.676238107781405,-24.105268216333936,20.00000000000002,0.0,0.0,0.0
9.667474847864824,-24.099262209353057,20.00000000000002,0.0,0.0,0.0
9.658712293145948,-24.09325584303298,20.000000000000018,0.0,0.0,0.0
9.649950443716977,-24.087249117126984,20.000000000000018,0.0,0.0,0.0
9.64118929967005,-24.081242031388275,20.000000000000018,0.0,0.0,0.0
9.632428861097393,-24.075234585570147,20.000000000000014,0.0,0.0,0.0
9.623669128091295,-24.06922677942595,20.000000000000014,0.0,0.0,0.0
9.614910100744105,-24.06321861270906,20.000000000000018,0.0,0.0,0.0
9.606151779148187,-24.057210085172905,20.00000000000002,0.0,0.0,0.0
9.5973941633961,-24.05120119657101,20.000000000000018,0.0,0.0,0.0
9.588637253580321,-24.045191946656878,20.000000000000014,0.0,0.0,0.0
9.579881049793434,-24.03918233518408,20.000000000000014,0.0,0.0,0.0
9.571125552128072,-24.033172361906246,20.00000000000002,0.0,0.0,0.0
9.562370760676899,-24.027162026577003,20.000000000000018,0.0,0.0,0.0
9.55361667553276,-24.02115132895015,20.000000000000018,0.0,0.0,0.0
9.54486329678842,-24.015140268779398,20.000000000000014,0.0,0.0,0.0
9.536110624536763,-24.00912884581855,20.000000000000014,0.0,0.0,0.0
9.527358658870707,-24.003117059821484,20.000000000000014,0.0,0.0,0.0
9.51860739988325,-23.997104910542078,20.00000000000001,0.0,0.0,0.0
9.50985684766738,-23.99109239773426,20.000000000000014,0.0,0.0,0.0
9.501107002316306,-23.98507952115208,20.00000000000001,0.0,0.0,0.0
9.49235786392314,-23.979066280549553,20.000000000000014,0.0,0.0,0.0
9.483609432581101,-23.973052675680766,20.000000000000014,0.0,0.0,0.0
9.47486170838346,-23.967038706299835,20.000000000000014,0.0,0.0,0.0
9.46611469142351,-23.96102437216092,20.00000000000001,0.0,0.0,0.0
9.457368381794733,-23.955009673018306,20.00000000000001,0.0,0.0,0.0
9.448622779590533,-23.94899460862623,20.000000000000014,0.0,0.0,0.0
9.43987788490442,-23.94297917873903,20.00000000000001,0.0,0.0,0.0
9.431133697829948,-23.93696338311104,20.00000000000001,0.0,0.0,0.0
9.422390218460741,-23.93094722149668,20.000000000000007,0.0,0.0,0.0
9.41364744689042,-23.924930693650353,20.000000000000018,0.0,0.0,0.0
9.404905383212832,-23.918913799326663,20.00000000000001,0.0,0.0,0.0
9.396164027521706,-23.912896538280098,20.000000000000007,0.0,0.0,0.0
9.387423379910896,-23.90687891026525,20.000000000000007,0.0,0.0,0.0
9.378683440474301,-23.900860915036766,20.000000000000007,0.0,0.0,0.0
9.369944209305835,-23.894842552349285,20.000000000000007,0.0,0.0,0.0
9.361205686499614,-23.88882382195761,20.000000000000007,0.0,0.0,0.0
9.352467872149665,-23.882804723616488,20.00000000000001,0.0,0.0,0.0
9.343730766350117,-23.876785257080748,20.000000000000004,0.0,0.0,0.0
9.334994369195153,-23.87076542210523,20.000000000000007,0.0,0.0,0.0
9.326258680779024,-23.86474521844486,20.000000000000007,0.0,0.0,0.0
9.31752370119597,-23.858724645854558,20.000000000000007,0.0,0.0,0.0
9.308789430540456,-23.85270370408941,20.00000000000001,0.0,0.0,0.0
9.300055868906837,-23.846682392904412,20.000000000000004,0.0,0.0,0.0
9.291323016389581,-23.840660712054667,20.000000000000007,0.0,0.0,0.0
9.282590873083219,-23.834638661295322,20.0,0.0,0.0,0.0
9.273859439082276,-23.82861624038151,20.0,0.0,0.0,0.0
9.265128714481481,-23.82259344906853,20.000000000000007,0.0,0.0,0.0
9.25639869937549,-23.816570287111656,20.000000000000004,0.0,0.0,0.0
9.247669393859042,-23.81054675426617,20.0,0.0,0.0,0.0
9.238940798026935,-23.804522850287455,20.0,0.0,0.0,0.0
9.230212911973986,-23.798498574930893,20.000000000000007,0.0,0.0,0.0
9.22148573579521,-23.792473927952003,20.0,0.0,0.0,0.0
9.21275926958552,-23.78644890910625,20.0,0.0,0.0,0.0
9.20403351343994,-23.780423518149178,20.000000000000004,0.0,0.0,0.0
9.195308467453557,-23.77439775483639,20.000000000000004,0.0,0.0,0.0
9.18658413172151,-23.768371618923524,20.0,0.0,0.0,0.0
9.177860506338929,-23.76234511016621,20.0,0.0,0.0,0.0
9.169137591401164,-23.75631822832026,20.0,0.0,0.0,0.0
9.16041538700347,-23.750290973141407,20.0,0.0,0.0,0.0
9.151693893241198,-23.744263344385466,19.999999999999996,0.0,0.0,0.0
9.142973110209764,-23.738235341808302,20.0,0.0,0.0,0.0
9.134253038004585,-23.732206965165783,20.0,0.0,0.0,0.0
9.125533676721272,-23.726178214213927,20.0,0.0,0.0,0.0
9.116815026455367,-23.720149088708716,19.999999999999996,0.0,0.0,0.0
9.10809708730248,-23.71411958840616,19.999999999999996,0.0,0.0,0.0
9.099379859358313,-23.70808971306236,19.999999999999993,0.0,0.0,0.0
9.090663342718598,-23.70205946243344,20.0,0.0,0.0,0.0
9.081947537479083,-23.69602883627556,19.999999999999996,0.0,0.0,0.0
9.073232443735712,-23.689997834344975,19.999999999999996,0.0,0.0,0.0
9.064518061584344,-23.683966456397943,19.999999999999996,0.0,0.0,0.0
9.055804391120931,-23.677934702190765,20.0,0.0,0.0,0.0
9.047091432441485,-23.671902571479784,20.0,0.0,0.0,0.0
9.038379185642029,-23.665870064021377,19.999999999999993,0.0,0.0,0.0
9.029667650818775,-23.65983717957205,19.999999999999996,0.0,0.0,0.0
9.020956828067847,-23.653803917888244,20.0,0.0,0.0,0.0
9.012246717485478,-23.6477702787265,19.999999999999993,0.0,0.0,0.0
9.003537319167945,-23.641736261843388,19.999999999999996,0.0,0.0,0.0
8.99482863321154,-23.63570186699549,19.999999999999993,0.0,0.0,0.0
8.98612065971275,-23.629667093939542,20.0,0.0,0.0,0.0
8.977413398767963,-23.623631942432223,19.999999999999993,0.0,0.0,0.0
8.968706850473687,-23.617596412230277,19.99999999999999,0.0,0.0,0.0
8.960001014926458,-23.611560503090487,19.999999999999993,0.0,0.0,0.0
8.951295892222893,-23.605524214769723,19.999999999999996,0.0,0.0,0.0
8.9425914824596,-23.59948754702481,19.999999999999993,0.0,0.0,0.0
8.93388778573338,-23.593450499612754,19.999999999999996,0.0,0.0,0.0
8.92518480214096,-23.587413072290484,19.999999999999993,0.0,0.0,0.0
8.916482531779145,-23.58137526481503,19.999999999999993,0.0,0.0,0.0
8.907780974744817,-23.575337076943434,19.999999999999993,0.0,0.0,0.0
8.899080131134845,-23.569298508432777,19.999999999999993,0.0,0.0,0.0
8.890380001046305,-23.563259559040272,19.999999999999993,0.0,0.0,0.0
8.881680584576184,-23.55722022852308,19.999999999999993,0.0,0.0,0.0
8.87298188182156,-23.551180516638418,19.999999999999996,0.0,0.0,0.0
8.86428389287957,-23.54514042314358,19.999999999999993,0.0,0.0,0.0
8.855586617847408,-23.53909994779589,19.999999999999986,0.0,0.0,0.0
8.84689005682226,-23.53305909035267,19.99999999999999,0.0,0.0,0.0
8.838194209901525,-23.527017850571397,19.99999999999999,0.0,0.0,0.0
8.8294990771825,-23.520976228209502,19.999999999999986,0.0,0.0,0.0
8.820804658762585,-23.51493422302447,19.999999999999986,0.0,0.0,0.0
8.812110954739229,-23.508891834773838,19.999999999999986,0.0,0.0,0.0
8.803417965209894,-23.50284906321517,19.99999999999999,0.0,0.0,0.0
8.794725690272232,-23.496805908106143,19.99999999999999,0.0,0.0,0.0
8.786034130023802,-23.490762369204408,19.999999999999993,0.0,0.0,0.0
8.777343284562273,-23.484718446267667,19.99999999999999,0.0,0.0,0.0
8.768653153985355,-23.478674139053687,19.999999999999993,0.0,0.0,0.0
8.759963738390816,-23.472629447320262,19.999999999999993,0.0,0.0,0.0
8.751275037876427,-23.466584370825203,19.999999999999993,0.0,0.0,0.0
8.742587052540154,-23.46053890932646,19.999999999999986,0.0,0.0,0.0
8.733899782479874,-23.454493062581932,19.999999999999986,0.0,0.0,0.0
8.72521322779356,-23.448446830349592,19.999999999999986,0.0,0.0,0.0
8.71652738857924,-23.442400212387458,19.999999999999986,0.0,0.0,0.0
8.70784226493494,-23.436353208453546,19.99999999999999,0.0,0.0,0.0
8.699157856958893,-23.430305818306035,19.999999999999986,0.0,0.0,0.0
8.69047416474923,-23.424258041703037,19.999999999999986,0.0,0.0,0.0
8.681791188404185,-23.41820987840273,19.999999999999986,0.0,0.0,0.0
8.673108928022042,-23.412161328163357,19.999999999999986,0.0,0.0,0.0
8.664427383701135,-23.406112390743175,19.999999999999986,0.0,0.0,0.0
8.655746555539812,-23.400063065900483,19.999999999999986,0.0,0.0,0.0
8.647066443636605,-23.394013353393706,19.99999999999998,0.0,0.0,0.0
8.638387048089948,-23.38796325298119,19.999999999999986,0.0,0.0,0.0
8.629708368998395,-23.38191276442141,19.999999999999986,0.0,0.0,0.0
8.621030406460537,-23.37586188747284,19.99999999999998,0.0,0.0,0.0
8.612353160574962,-23.36981062189397,19.999999999999986,0.0,0.0,0.0
8.60367663144047,-23.36375896744345,19.999999999999982,0.0,0.0,0.0
8.59500081915576,-23.357706923879853,19.999999999999982,0.0,0.0,0.0
8.586325723819623,-23.35165449096184,19.999999999999982,0.0,0.0,0.0
8.577651345530914,-23.345601668448126,19.99999999999998,0.0,0.0,0.0
8.56897768438847,-23.339548456097393,19.999999999999986,0.0,0.0,0.0
8.560304740491356,-23.33349485366852,19.99999999999998,0.0,0.0,0.0
8.551632513938513,-23.327440860920266,19.999999999999986,0.0,0.0,0.0
8.542961004828994,-23.321386477611544,19.99999999999998,0.0,0.0,0.0
8.534290213261903,-23.315331703501236,19.999999999999986,0.0,0.0,0.0
8.525620139336393,-23.309276538348303,19.999999999999982,0.0,0.0,0.0
8.51695078315161,-23.30322098191171,19.999999999999982,0.0,0.0,0.0
8.508282144806914,-23.29716503395057,19.999999999999986,0.0,0.0,0.0
8.49961422440155,-23.29110869422391,19.999999999999982,0.0,0.0,0.0
8.49094702203488,-23.28505196249088,19.999999999999982,0.0,0.0,0.0
8.482280537806307,-23.27899483851063,19.99999999999998,0.0,0.0,0.0
8.473614771815233,-23.272937322042328,19.99999999999998,0.0,0.0,0.0
8.464949724161258,-23.266879412845302,19.999999999999986,0.0,0.0,0.0
8.456285394943892,-23.260821110678798,19.999999999999982,0.0,0.0,0.0
8.447621784262738,-23.254762415302167,19.999999999999982,0.0,0.0,0.0
8.43895889221745,-23.248703326474775,19.99999999999998,0.0,0.0,0.0
8.43029671890773,-23.24264384395604,19.999999999999975,0.0,0.0,0.0
8.421635264433277,-23.236583967505368,19.999999999999982,0.0,0.0,0.0
8.412974528894004,-23.230523696882354,19.99999999999998,0.0,0.0,0.0
8.404314512389714,-23.2244630318465,19.999999999999975,0.0,0.0,0.0
8.3956552150203,-23.218401972157384,19.99999999999998,0.0,0.0,0.0
8.38699663688572,-23.21234051757463,19.99999999999998,0.0,0.0,0.0
8.378338778085928,-23.206278667857884,19.99999999999998,0.0,0.0,0.0
8.369681638721065,-23.200216422766907,19.99999999999998,0.0,0.0,0.0
8.361025218891193,-23.194153782061424,19.99999999999998,0.0,0.0,0.0
8.35236951869646,-23.188090745501235,19.999999999999975,0.0,0.0,0.0
8.343714538237053,-23.182027312846156,19.99999999999998,0.0,0.0,0.0
8.33506027761319,-23.175963483856044,19.99999999999997,0.0,0.0,0.0
8.326406736925248,-23.169899258290865,19.99999999999998,0.0,0.0,0.0
8.317753916273539,-23.16383463591056,19.99999999999998,0.0,0.0,0.0
8.309101815758446,-23.157769616475118,19.999999999999975,0.0,0.0,0.0
8.300450435480425,-23.1517041997446,19.999999999999975,0.0,0.0,0.0
8.291799775539959,-23.145638385479057,19.99999999999998,0.0,0.0,0.0
8.283149836037541,-23.139572173438594,19.99999999999998,0.0,0.0,0.0
8.274500617073873,-23.13350556338345,19.99999999999997,0.0,0.0,0.0
8.26585211874953,-23.12743855507378,19.99999999999997,0.0,0.0,0.0
8.257204341165206,-23.12137114826984,19.99999999999997,0.0,0.0,0.0
8.248557284421638,-23.11530334273191,19.99999999999997,0.0,0.0,0.0
8.239910948619565,-23.109235138220296,19.99999999999997,0.0,0.0,0.0
8.231265333859909,-23.103166534495426,19.99999999999997,0.0,0.0,0.0
8.222620440243514,-23.097097531317683,19.99999999999997,0.0,0.0,0.0
8.213976267871303,-23.091028128447512,19.999999999999975,0.0,0.0,0.0
8.205332816844258,-23.084958325645417,19.99999999999997,0.0,0.0,0.0
8.196690087263402,-23.078888122671916,19.99999999999997,0.0,0.0,0.0
8.188048079229768,-23.072817519287558,19.999999999999975,0.0,0.0,0.0
