galstreams/tracks/track.st.Pal5.starkman2020.ecsv
# %ECSV 1.0
# ---
# datatype:
# - {name: ra, unit: deg, datatype: float64}
# - {name: dec, unit: deg, datatype: float64}
# - {name: distance, unit: kpc, datatype: float64}
# - {name: pm_ra_cosdec, unit: mas / yr, datatype: float64}
# - {name: pm_dec, unit: mas / yr, datatype: float64}
# - {name: radial_velocity, unit: km / s, datatype: float64}
# delimiter: ','
# meta: !!omap
# - __serialized_columns__:
#     dec:
#       __class__: astropy.coordinates.angles.Latitude
#       unit: &id001 !astropy.units.Unit {unit: deg}
#       value: !astropy.table.SerializedColumn {name: dec}
#     distance:
#       __class__: astropy.coordinates.distances.Distance
#       unit: !astropy.units.Unit {unit: kpc}
#       value: !astropy.table.SerializedColumn {name: distance}
#     pm_dec:
#       __class__: astropy.units.quantity.Quantity
#       unit: !astropy.units.Unit {unit: mas / yr}
#       value: !astropy.table.SerializedColumn {name: pm_dec}
#     pm_ra_cosdec:
#       __class__: astropy.units.quantity.Quantity
#       unit: !astropy.units.Unit {unit: mas / yr}
#       value: !astropy.table.SerializedColumn {name: pm_ra_cosdec}
#     ra:
#       __class__: astropy.coordinates.angles.Longitude
#       unit: *id001
#       value: !astropy.table.SerializedColumn {name: ra}
#       wrap_angle: !astropy.coordinates.Angle
#         unit: *id001
#         value: 360.0
#     radial_velocity:
#       __class__: astropy.units.quantity.Quantity
#       unit: !astropy.units.Unit {unit: km / s}
#       value: !astropy.table.SerializedColumn {name: radial_velocity}
# schema: astropy-2.0
ra,dec,distance,pm_ra_cosdec,pm_dec,radial_velocity
[from data line 739]
232.9747738464618,2.3724514434135475,22.500000000000004,0.0,0.0,0.0
232.96571548821248,2.3675795760790583,22.500000000000004,0.0,0.0,0.0
232.9566595810906,2.3627049468605765,22.500000000000004,0.0,0.0,0.0
232.94760612544175,2.357827555506724,22.500000000000004,0.0,0.0,0.0
232.93855512161124,2.3529474017658667,22.5,0.0,0.0,0.0
232.92950656994415,2.3480644853859656,22.499999999999996,0.0,0.0,0.0
232.92046047078526,2.343178806114797,22.5,0.0,0.0,0.0
232.91141682447906,2.338290363699815,22.5,0.0,0.0,0.0
232.90237563137003,2.3333991578881723,22.5,0.0,0.0,0.0
232.89333689180216,2.3285051884267363,22.5,0.0,0.0,0.0
232.88430060611918,2.323608455062111,22.5,0.0,0.0,0.0
232.87526677466468,2.3187089575405024,22.500000000000004,0.0,0.0,0.0
232.86623539778196,2.3138066956079317,22.499999999999996,0.0,0.0,0.0
232.85720647581405,2.3089016690100914,22.499999999999996,0.0,0.0,0.0
232.84818000910371,2.3039938774923803,22.499999999999996,0.0,0.0,0.0
232.83915599799354,2.2990833207999426,22.5,0.0,0.0,0.0
232.83013444282582,2.2941699986775155,22.5,0.0,0.0,0.0
232.82111534394247,2.289253910869662,22.499999999999996,0.0,0.0,0.0
232.81209870168536,2.2843350571206043,22.500000000000004,0.0,0.0,0.0
232.80308451639604,2.2794134371742816,22.5,0.0,0.0,0.0
232.7940727884157,2.274489050774335,22.499999999999996,0.0,0.0,0.0
232.78506351808545,2.2695618976641527,22.499999999999996,0.0,0.0,0.0
232.77605670574602,2.2646319775867165,22.499999999999996,0.0,0.0,0.0
232.76705235173787,2.259699290284827,22.499999999999996,0.0,0.0,0.0
232.7580504564014,2.2547638355009583,22.5,0.0,0.0,0.0
232.7490510200766,2.2498256129772907,22.5,0.0,0.0,0.0
232.7400540431032,2.2448846224557077,22.499999999999996,0.0,0.0,0.0
232.73105952582083,2.2399408636778437,22.499999999999996,0.0,0.0,0.0
232.7220674685686,2.234994336384924,22.5,0.0,0.0,0.0
232.71307787168567,2.230045040317995,22.499999999999996,0.0,0.0,0.0
232.70409073551076,2.2250929752177733,22.499999999999996,0.0,0.0,0.0
232.69510606038247,2.220138140824682,22.5,0.0,0.0,0.0
232.68612384663902,2.215180536878893,22.5,0.0,0.0,0.0
232.67714409461848,2.210220163120169,22.5,0.0,0.0,0.0
232.66816680465857,2.2052570192880925,22.499999999999996,0.0,0.0,0.0
232.6591919770969,2.2002911051219196,22.5,0.0,0.0,0.0
232.65021961227072,2.195322420360613,22.5,0.0,0.0,0.0
232.64124971051714,2.1903509647428376,22.500000000000004,0.0,0.0,0.0
232.63228227217294,2.1853767380070144,22.499999999999996,0.0,0.0,0.0
232.62331729757463,2.1803997398911488,22.5,0.0,0.0,0.0
232.61435478705855,2.1754199701330745,22.499999999999993,0.0,0.0,0.0
232.60539474096075,2.170437428470287,22.500000000000004,0.0,0.0,0.0
232.59643715961704,2.1654521146399976,22.5,0.0,0.0,0.0
232.58748204336302,2.160464028379122,22.5,0.0,0.0,0.0
232.57852939253402,2.1554731694243197,22.5,0.0,0.0,0.0
232.56957920746513,2.15047953751185,22.499999999999996,0.0,0.0,0.0
232.56063148849114,2.145483132377786,22.5,0.0,0.0,0.0
232.55168623594662,2.140483953757879,22.5,0.0,0.0,0.0
232.542743450166,2.1354820013875813,22.499999999999996,0.0,0.0,0.0
232.5338031314834,2.130477275002095,22.499999999999996,0.0,0.0,0.0
232.52486528023258,2.125469774336213,22.5,0.0,0.0,0.0
232.51592989674725,2.120459499124557,22.5,0.0,0.0,0.0
232.50699698136077,2.1154464491014098,22.5,0.0,0.0,0.0
232.49806653440618,2.1104306240007675,22.499999999999996,0.0,0.0,0.0
232.48913855621646,2.1054120235563345,22.5,0.0,0.0,0.0
232.48021304712432,2.100390647501559,22.5,0.0,0.0,0.0
232.47129000746204,2.095366495569485,22.499999999999993,0.0,0.0,0.0
232.46236943756185,2.0903395674929763,22.5,0.0,0.0,0.0
232.45345133775564,2.0853098630045697,22.5,0.0,0.0,0.0
232.44453570837516,2.0802773818365097,22.499999999999996,0.0,0.0,0.0
232.4356225497518,2.0752421237207477,22.5,0.0,0.0,0.0
232.42671186221676,2.070204088388983,22.499999999999996,0.0,0.0,0.0
232.41780364610102,2.0651632755725067,22.499999999999993,0.0,0.0,0.0
232.40889790173523,2.0601196850024355,22.499999999999996,0.0,0.0,0.0
232.39999462945002,2.055073316409552,22.5,0.0,0.0,0.0
232.3910938295755,2.0500241695243533,22.5,0.0,0.0,0.0
232.3821955024418,2.0449722440770772,22.499999999999996,0.0,0.0,0.0
232.3732996483785,2.0399175397975595,22.5,0.0,0.0,0.0
232.36440626771525,2.0348600564154578,22.499999999999996,0.0,0.0,0.0
232.35551536078137,2.0297997936600978,22.5,0.0,0.0,0.0
232.34662692790582,2.0247367512605168,22.5,0.0,0.0,0.0
232.3377409694174,2.0196709289454593,22.5,0.0,0.0,0.0
232.32885748564485,2.0146023264434154,22.5,0.0,0.0,0.0
232.31997647691625,2.0095309434824737,22.5,0.0,0.0,0.0
232.31109794355982,2.0044567797905413,22.5,0.0,0.0,0.0
232.30222188590358,1.999379835095196,22.5,0.0,0.0,0.0
232.29334830427482,1.9943001091237267,22.500000000000007,0.0,0.0,0.0
232.28447719900123,1.9892176016031327,22.499999999999996,0.0,0.0,0.0
232.27560857040987,1.984132312260153,22.500000000000004,0.0,0.0,0.0
232.2667424188276,1.9790442408211295,22.5,0.0,0.0,0.0
232.2578787445811,1.9739533870122234,22.5,0.0,0.0,0.0
232.24901754799686,1.9688597505592629,22.499999999999996,0.0,0.0,0.0
232.2401588294011,1.9637633311877931,22.5,0.0,0.0,0.0
232.2313025891197,1.9586641286230615,22.5,0.0,0.0,0.0
232.22244882747856,1.953562142590067,22.5,0.0,0.0,0.0
232.21359754480306,1.9484573728134,22.500000000000004,0.0,0.0,0.0
232.2047487414186,1.9433498190174776,22.5,0.0,0.0,0.0
232.19590241765002,1.9382394809263832,22.500000000000004,0.0,0.0,0.0
232.18705857382227,1.933126358263915,22.499999999999996,0.0,0.0,0.0
232.17821721025996,1.9280104507536122,22.499999999999993,0.0,0.0,0.0
232.16937832728726,1.9228917581186145,22.500000000000004,0.0,0.0,0.0
232.16054192522844,1.9177702800818832,22.499999999999996,0.0,0.0,0.0
232.15170800440728,1.9126460163660497,22.499999999999996,0.0,0.0,0.0
232.1428765651475,1.9075189666934547,22.500000000000004,0.0,0.0,0.0
232.13404760777235,1.9023891307861511,22.5,0.0,0.0,0.0
232.12522113260528,1.8972565083659347,22.500000000000004,0.0,0.0,0.0
232.11639713996902,1.892121099154202,22.499999999999996,0.0,0.0,0.0
232.10757563018632,1.8869829028721674,22.5,0.0,0.0,0.0
232.09875660357974,1.881841919240721,22.5,0.0,0.0,0.0
232.0899400604715,1.8766981479804594,22.5,0.0,0.0,0.0
232.08112600118352,1.871551588811693,22.499999999999996,0.0,0.0,0.0
232.0723144260378,1.8664022414544743,22.5,0.0,0.0,0.0
232.06350533535576,1.861250105628456,22.5,0.0,0.0,0.0
232.0546987294588,1.856095181053113,22.499999999999996,0.0,0.0,0.0
232.04589460866796,1.8509374674475891,22.499999999999996,0.0,0.0,0.0
232.0370929733042,1.845776964530744,22.499999999999996,0.0,0.0,0.0
232.02829382368816,1.8406136720211785,22.500000000000004,0.0,0.0,0.0
232.01949716014022,1.835447589637096,22.5,0.0,0.0,0.0
232.01070298298055,1.8302787170965173,22.499999999999996,0.0,0.0,0.0
232.00191129252912,1.8251070541171386,22.5,0.0,0.0,0.0
231.99312208910575,1.8199326004163654,22.5,0.0,0.0,0.0
231.9843353730299,1.814755355711315,22.5,0.0,0.0,0.0
231.9755511446209,1.8095753197188484,22.500000000000004,0.0,0.0,0.0
231.96676940419772,1.8043924921554273,22.499999999999996,0.0,0.0,0.0
231.95799015207922,1.7992068727373354,22.5,0.0,0.0,0.0
231.94921338858407,1.794018461180528,22.5,0.0,0.0,0.0
231.94043911403057,1.7888272572006727,22.5,0.0,0.0,0.0
231.93166732873692,1.7836332605131435,22.5,0.0,0.0,0.0
231.9228980330211,1.7784364708330678,22.499999999999996,0.0,0.0,0.0
231.91413122720067,1.7732368878751654,22.5,0.0,0.0,0.0
231.9053669115932,1.7680345113539826,22.5,0.0,0.0,0.0
231.896605086516,1.762829340983737,22.5,0.0,0.0,0.0
231.88784575228595,1.7576213764783577,22.499999999999996,0.0,0.0,0.0
231.87908890922,1.7524106175515202,22.499999999999996,0.0,0.0,0.0
231.8703345576346,1.7471970639164986,22.5,0.0,0.0,0.0
231.8615826978463,1.7419807152863929,22.5,0.0,0.0,0.0
231.85283333017105,1.7367615713739706,22.500000000000004,0.0,0.0,0.0
231.84408645492488,1.7315396318917167,22.5,0.0,0.0,0.0
231.8353420724234,1.7263148965518207,22.5,0.0,0.0,0.0
231.8266001829821,1.7210873650662253,22.5,0.0,0.0,0.0
231.81786078691638,1.7158570371464679,22.5,0.0,0.0,0.0
231.80912388454095,1.7106239125039102,22.5,0.0,0.0,0.0
231.8003894761709,1.7053879908495888,22.5,0.0,0.0,0.0
231.7916575621207,1.7001492718942504,22.5,0.0,0.0,0.0
231.78292814270472,1.6949077553483518,22.5,0.0,0.0,0.0
231.77420121823712,1.6896634409221007,22.499999999999996,0.0,0.0,0.0
231.76547678903182,1.6844163283253002,22.500000000000004,0.0,0.0,0.0
231.75675485540248,1.6791664172675795,22.5,0.0,0.0,0.0
231.74803541766263,1.6739137074582404,22.5,0.0,0.0,0.0
231.7393184761255,1.6686581986062967,22.500000000000004,0.0,0.0,0.0
231.73060403110418,1.6633998904204728,22.499999999999996,0.0,0.0,0.0
231.7218920829115,1.6581387826092424,22.500000000000004,0.0,0.0,0.0
231.71318263185998,1.652874874880678,22.499999999999996,0.0,0.0,0.0
231.7044756782621,1.6476081669426752,22.499999999999996,0.0,0.0,0.0
231.69577122242995,1.6423386585028041,22.5,0.0,0.0,0.0
231.68706926467556,1.637066349268349,22.499999999999993,0.0,0.0,0.0
231.67836980531067,1.631791238946338,22.5,0.0,0.0,0.0
231.66967284464675,1.6265133272434014,22.5,0.0,0.0,0.0
231.66097838299507,1.6212326138659954,22.5,0.0,0.0,0.0
231.6522864206668,1.6159490985202465,22.5,0.0,0.0,0.0
231.6435969579727,1.6106627809119967,22.499999999999996,0.0,0.0,0.0
231.63490999522358,1.6053736607467972,22.499999999999996,0.0,0.0,0.0
231.6262255327298,1.600081737729949,22.499999999999996,0.0,0.0,0.0
231.6175435708015,1.5947870115663534,22.499999999999996,0.0,0.0,0.0
231.60886410974877,1.5894894819607364,22.5,0.0,0.0,0.0
231.60018714988144,1.5841891486174966,22.499999999999996,0.0,0.0,0.0
231.591512691509,1.5788860112407475,22.5,0.0,0.0,0.0
231.58284073494093,1.57358006953435,22.499999999999996,0.0,0.0,0.0
231.5741712804862,1.5682713232017662,22.5,0.0,0.0,0.0
231.56550432845393,1.5629597719462807,22.499999999999996,0.0,0.0,0.0
231.55683987915273,1.5576454154708552,22.5,0.0,0.0,0.0
231.54817793289112,1.552328253478164,22.499999999999996,0.0,0.0,0.0
231.53951848997744,1.547008285670591,22.499999999999996,0.0,0.0,0.0
231.53086155071983,1.5416855117502732,22.499999999999996,0.0,0.0,0.0
231.522207115426,1.5363599314189444,22.499999999999996,0.0,0.0,0.0
231.5135551844037,1.531031544378167,22.499999999999996,0.0,0.0,0.0
231.50490575796047,1.5257003503291764,22.5,0.0,0.0,0.0
231.49625883640334,1.5203663489729213,22.499999999999996,0.0,0.0,0.0
231.4876144200395,1.5150295400100608,22.5,0.0,0.0,0.0
231.47897250917578,1.509689923141009,22.5,0.0,0.0,0.0
231.47033310411862,1.5043474980657778,22.499999999999996,0.0,0.0,0.0
231.46169620517458,1.4990022644842018,22.499999999999996,0.0,0.0,0.0
231.45306181264976,1.4936542220957956,22.5,0.0,0.0,0.0
231.44442992685015,1.4883033705997841,22.499999999999996,0.0,0.0,0.0
231.43580054808157,1.4829497096951059,22.5,0.0,0.0,0.0
231.42717367664952,1.4775932390804507,22.5,0.0,0.0,0.0
231.41854931285934,1.4722339584541086,22.499999999999996,0.0,0.0,0.0
231.40992745701618,1.4668718675141945,22.5,0.0,0.0,0.0
231.40130810942506,1.4615069659585,22.499999999999996,0.0,0.0,0.0
231.39269127039054,1.4561392534845303,22.5,0.0,0.0,0.0
231.38407694021734,1.4507687297895417,22.499999999999996,0.0,0.0,0.0
231.37546511920954,1.4453953945703892,22.5,0.0,0.0,0.0
231.36685580767144,1.4400192475237557,22.5,0.0,0.0,0.0
231.3582490059068,1.4346402883460017,22.5,0.0,0.0,0.0
231.34964471421944,1.429258516733198,22.499999999999996,0.0,0.0,0.0
231.34104293291273,1.4238739323811298,22.500000000000004,0.0,0.0,0.0
231.33244366229005,1.418486534985337,22.5,0.0,0.0,0.0
231.32384690265434,1.4130963242409553,22.500000000000004,0.0,0.0,0.0
231.3152526543086,1.4077032998429517,22.5,0.0,0.0,0.0
231.30666091755535,1.4023074614859659,22.5,0.0,0.0,0.0
231.29807169269722,1.3969088088643542,22.5,0.0,0.0,0.0
231.28948498003638,1.3915073416721861,22.5,0.0,0.0,0.0
231.28090077987488,1.3861030596032822,22.499999999999996,0.0,0.0,0.0
231.2723190925145,1.3806959623510642,22.499999999999996,0.0,0.0,0.0
231.263739918257,1.3752860496087826,22.500000000000004,0.0,0.0,0.0
231.25516325740378,1.369873321069363,22.5,0.0,0.0,0.0
231.24658911025608,1.364457776425446,22.500000000000004,0.0,0.0,0.0
231.2380174771149,1.3590394153694239,22.5,0.0,0.0,0.0
231.2294483582811,1.3536182375932917,22.499999999999996,0.0,0.0,0.0
231.22088175405534,1.3481942427888685,22.5,0.0,0.0,0.0
231.21231766473795,1.342767430647655,22.5,0.0,0.0,0.0
231.20375609062927,1.3373378008608623,22.500000000000004,0.0,0.0,0.0
231.19519703202934,1.3319053531194203,22.5,0.0,0.0,0.0
231.18664048923787,1.3264700871140083,22.5,0.0,0.0,0.0
231.17808646255463,1.3210320025349072,22.5,0.0,0.0,0.0
231.1695349522789,1.3155910990722275,22.500000000000004,0.0,0.0,0.0
231.16098595870994,1.3101473764157576,22.5,0.0,0.0,0.0
231.15243948214686,1.3047008342549986,22.499999999999996,0.0,0.0,0.0
231.14389552288847,1.299251472279168,22.499999999999996,0.0,0.0,0.0
231.13535408123337,1.293799290177236,22.499999999999996,0.0,0.0,0.0
231.12681515747997,1.2883442876377753,22.5,0.0,0.0,0.0
231.1182787519265,1.2828864643491855,22.5,0.0,0.0,0.0
231.10974486487112,1.2774258199995467,22.5,0.0,0.0,0.0
231.10121349661148,1.2719623542766507,22.5,0.0,0.0,0.0
231.09268464744537,1.2664960668680458,22.5,0.0,0.0,0.0
231.08415831767013,1.261026957460881,22.5,0.0,0.0,0.0
231.07563450758312,1.2555550257421333,22.499999999999996,0.0,0.0,0.0
231.06711321748122,1.250080271398461,22.5,0.0,0.0,0.0
231.05859444766145,1.2446026941162336,22.499999999999996,0.0,0.0,0.0
231.05007819842038,1.2391222935815396,22.5,0.0,0.0,0.0
231.0415644700546,1.2336390694802204,22.5,0.0,0.0,0.0
231.03305326286014,1.2281530214977199,22.499999999999996,0.0,0.0,0.0
231.0245445771333,1.22266414931931,22.500000000000004,0.0,0.0,0.0
231.0160384131698,1.2171724526299443,22.5,0.0,0.0,0.0
231.00753477126548,1.2116779311142896,22.499999999999996,0.0,0.0,0.0
230.9990336517157,1.2061805844567284,22.5,0.0,0.0,0.0
230.9905350548158,1.2006804123413999,22.499999999999996,0.0,0.0,0.0
230.98203898086092,1.1951774144520446,22.5,0.0,0.0,0.0
230.97354543014592,1.1896715904722333,22.500000000000004,0.0,0.0,0.0
230.96505440296556,1.1841629400852156,22.5,0.0,0.0,0.0
230.95656589961436,1.1786514629739562,22.5,0.0,0.0,0.0
230.94807992038656,1.1731371588211388,22.5,0.0,0.0,0.0
230.93959646557653,1.1676200273092001,22.5,0.0,0.0,0.0
230.93111553547797,1.1621000681201805,22.499999999999996,0.0,0.0,0.0
230.92263713038474,1.1565772809359505,22.5,0.0,0.0,0.0
230.91416125059044,1.1510516654380594,22.5,0.0,0.0,0.0
230.9056878963884,1.1455232213077744,22.499999999999996,0.0,0.0,0.0
230.89721706807185,1.1399919482261158,22.5,0.0,0.0,0.0
230.88874876593377,1.134457845873711,22.499999999999996,0.0,0.0,0.0
230.88028299026695,1.128920913931014,22.5,0.0,0.0,0.0
230.87181974136402,1.123381152078161,22.499999999999996,0.0,0.0,0.0
230.86335901951747,1.117838559995004,22.5,0.0,0.0,0.0
230.85490082501948,1.112293137361113,22.5,0.0,0.0,0.0
230.8464451581621,1.1067448838558138,22.5,0.0,0.0,0.0
230.83799201923722,1.101193799158035,22.499999999999996,0.0,0.0,0.0
230.82954140853653,1.095639882946537,22.499999999999996,0.0,0.0,0.0
230.8210933263515,1.0900831348997606,22.5,0.0,0.0,0.0
230.8126477729734,1.084523554695864,22.500000000000004,0.0,0.0,0.0
230.80420474869345,1.0789611420127605,22.499999999999996,0.0,0.0,0.0
230.7957642538025,1.073395896527968,22.5,0.0,0.0,0.0
230.7873262885913,1.0678278179188359,22.5,0.0,0.0,0.0
230.7788908533504,1.0622569058623952,22.5,0.0,0.0,0.0
230.77045794837022,1.056683160035393,22.5,0.0,0.0,0.0
230.7620275739409,1.0511065801142954,22.5,0.0,0.0,0.0
230.75359973035256,1.0455271657753245,22.5,0.0,0.0,0.0
230.7451744178949,1.039944916694308,22.5,0.0,0.0,0.0
230.73675163685752,1.0343598325469043,22.500000000000004,0.0,0.0,0.0
230.72833138752998,1.028771913008454,22.5,0.0,0.0,0.0
230.71991367020152,1.0231811577540144,22.5,0.0,0.0,0.0
230.71149848516123,1.0175875664583627,22.5,0.0,0.0,0.0
230.70308583269798,1.0119911387960325,22.5,0.0,0.0,0.0
230.6946757131005,1.006391874441163,22.499999999999996,0.0,0.0,0.0
