galstreams/tracks/track.st.Pal5.pricewhelan2019.ecsv
# %ECSV 1.0
# ---
# datatype:
# - {name: ra, unit: deg, datatype: float64}
# - {name: dec, unit: deg, datatype: float64}
# - {name: distance, unit: kpc, datatype: float64}
# - {name: pm_ra_cosdec, unit: mas / yr, datatype: float64}
# - {name: pm_dec, unit: mas / yr, datatype: float64}
# - {name: radial_velocity, unit: km / s, datatype: float64}
# delimiter: ','
# meta: !!omap
# - __serialized_columns__:
#     dec:
#       __class__: astropy.coordinates.angles.Latitude
#       unit: &id001 !astropy.units.Unit {unit: deg}
#       value: !astropy.table.SerializedColumn {name: dec}
#     distance:
#       __class__: astropy.coordinates.distances.Distance
#       unit: !astropy.units.Unit {unit: kpc}
#       value: !astropy.table.SerializedColumn {name: distance}
#     pm_dec:
#       __class__: astropy.units.quantity.Quantity
#       unit: !astropy.units.Unit {unit: mas / yr}
#       value: !astropy.table.SerializedColumn {name: pm_dec}
#     pm_ra_cosdec:
#       __class__: astropy.units.quantity.Quantity
#       unit: !astropy.units.Unit {unit: mas / yr}
#       value: !astropy.table.SerializedColumn {name: pm_ra_cosdec}
#     ra:
#       __class__: astropy.coordinates.angles.Longitude
#       unit: *id001
#       value: !astropy.table.SerializedColumn {name: ra}
#       wrap_angle: !astropy.coordinates.Angle
#         unit: *id001
#         value: 360.0
#     radial_velocity:
#       __class__: astropy.units.quantity.Quantity
#       unit: !astropy.units.Unit {unit: km / s}
#       value: !astropy.table.SerializedColumn {name: radial_velocity}
# schema: astropy-2.0
ra,dec,distance,pm_ra_cosdec,pm_dec,radial_velocity
[from data line 713]
235.5202833022318,3.8669578193688765,21.649221235508374,-2.5369763886986605,-2.4108051784537707,999.0000224912592
235.51029158134378,3.8639163083456625,21.648244403006647,-2.5374109016452664,-2.411030005914398,999.0000224906091
235.5002931184134,3.8608850285049208,21.647266304325665,-2.5378450155744066,-2.4112552219052743,999.0000224899569
235.49028810631825,3.857863686064516,21.646286939465416,-2.5382787310699397,-2.4114808257738547,999.0000224893033
235.48027673885107,3.8548519858803103,21.64530630842592,-2.538712048716714,-2.4117068168664133,999.0000224886481
235.4702592106725,3.85184963151866,21.64432441120716,-2.53914496910043,-2.4119331945281943,999.0000224879916
235.46023571723822,3.8488563253666537,21.643341247809154,-2.5395774928074375,-2.4121599581036137,999.000022487333
235.45020645474534,3.8458717687144364,21.642356818231885,-2.5400096204245726,-2.4123871069364213,999.0000224866733
235.44017162006426,3.8428956618583134,21.641371122475373,-2.5404413525390317,-2.412614640369897,999.0000224860123
235.4301314106834,3.839927704184781,21.640384160539604,-2.540872689738151,-2.4128425577470116,999.0000224853502
235.42008602464466,3.836967594269202,21.63939593242458,-2.5413036326092477,-2.413070858410611,999.0000224846866
235.4100356604847,3.8340150299648323,21.63840643813032,-2.541734181739525,-2.413299541703587,999.0000224840217
235.39998051717043,3.8310697085005843,21.637415677656804,-2.542164337715816,-2.4135286069690705,999.0000224833551
235.38992079404156,3.8281313265684505,21.636423651004044,-2.542594101124427,-2.4137580535505814,999.0000224826881
235.37985669075073,3.8251995804152044,21.635430358172034,-2.5430234725510656,-2.413987880792219,999.0000224820193
235.36978840720107,3.8222741659362955,21.634435799160787,-2.5434524525805795,-2.4142180880388255,999.0000224813497
235.35971614348918,3.819354778762819,21.633439973970294,-2.5438810417968463,-2.414448674636161,999.0000224806785
235.34964009984313,3.8164411143561616,21.63244288260056,-2.5443092407825985,-2.4146796399310757,999.0000224800065
235.33956047656378,3.8135328680964604,21.631444525051585,-2.544737050119278,-2.41491098327168,999.0000224793334
235.32947747396597,3.8106297353721867,21.630444901323372,-2.545164470386858,-2.4151427040075113,999.0000224786592
235.3193912923225,3.8077314116649386,21.629444011415917,-2.5455915021637017,-2.4153748014896945,999.0000224779842
235.30930213180108,3.8048375926460594,21.628441855329232,-2.546018146026409,-2.41560727507112,999.0000224773081
235.29921019241038,3.801947974257053,21.627438433063308,-2.546444402549646,-2.4158401241066034,999.0000224766312
235.28911567394204,3.799062252798646,21.62643374461815,-2.5468702723060157,-2.416073347953043,999.0000224759532
235.27901877591108,3.7961801250210327,21.625427789993754,-2.547295755865879,-2.4163069459695965,999.0000224752741
235.26891969750224,3.793301288205003,21.624420569190136,-2.547720853797246,-2.4165409175178243,999.0000224745947
235.25881863751428,3.790425440246537,21.623412082207278,-2.5481455666655872,-2.416775261961859,999.0000224739143
235.24871579430064,3.7875522797465,21.622402329045197,-2.5485698950336904,-2.4170099786685633,999.0000224732331
235.2386113657163,3.784681506091889,21.62139130970389,-2.5489938394615352,-2.417245067007686,999.0000224725512
235.22850554906475,3.781812819535755,21.62037902418335,-2.549417400506168,-2.417480526352011,999.0000224718685
235.2183985410412,3.7789459212827667,21.61936547248358,-2.5498405787214757,-2.417716356077518,999.0000224711853
235.208290537681,3.7760805135686244,21.618350654604598,-2.5502633746581522,-2.417952555563526,999.0000224705014
235.1981817343036,3.7732162997436696,21.617334570546383,-2.550685788863483,-2.418189124192854,999.0000224698168
235.1880723254635,3.770352984347924,21.616317220308943,-2.551107821881239,-2.418426061351958,999.0000224691317
235.17796250489545,3.7674902731936384,21.61529860389229,-2.55152947425153,-2.418663366431083,999.0000224684464
235.167852465465,3.764627873440893,21.614278721296415,-2.551950746510689,-2.418901038824406,999.0000224677602
235.15774239911556,3.7617654936767466,21.613257572521317,-2.5523716391911124,-2.4191390779301827,999.0000224670737
235.14763249682014,3.7589028439886274,21.61223515756701,-2.5527921528211452,-2.419377483150881,999.0000224663867
235.1375229485316,3.756039636040129,21.611211476433475,-2.5532122879249513,-2.419616253893323,999.0000224656993
235.12741394313238,3.7531755831464,21.610186529120735,-2.553632045022398,-2.419855389568821,999.0000224650115
235.11730566838693,3.7503104003461876,21.609160315628777,-2.5540514246289057,-2.4200948895933188,999.0000224643237
235.10719831089455,3.747443804473733,21.6081328359576,-2.554470427255354,-2.420334753387513,999.0000224636354
235.09709205604162,3.744575514230074,21.607104090107224,-2.5548890534079383,-2.4205749803769905,999.0000224629464
235.08698708795592,3.7417052502524886,21.60607407807763,-2.5553073035880414,-2.4208155699923593,999.0000224622582
235.07688358946135,3.7388327351833612,21.605042799868826,-2.555725178292182,-2.4210565216693665,999.000022461569
235.06678174203094,3.7359576937406103,21.604010255480812,-2.5561426780118026,-2.421297834849032,999.0000224608793
235.0566817257465,3.7330798527787055,21.602976444913597,-2.5565598032332475,-2.4215395089777605,999.0000224601902
235.0465837192523,3.7301989413585095,21.60194136816717,-2.5569765544375733,-2.4217815435074677,999.0000224595007
235.03648789971288,3.7273146908117907,21.60090502524154,-2.5573929321005338,-2.4220239378956987,999.0000224588111
235.02639444277213,3.724426834801886,21.599867416136703,-2.5578089366923926,-2.4222666916057363,999.0000224581215
235.0163035225115,3.721535109387028,21.59882854085267,-2.558224568677823,-2.422509804106716,999.0000224574321
235.00621531141016,3.7186392530809598,21.59778839938943,-2.5586398285158793,-2.42275327487374,999.0000224567423
234.9961299803043,3.7157390069141525,21.596746991746993,-2.559054716659832,-2.422997103387981,999.0000224560531
234.98604769834972,3.7128341144895955,21.59570431792535,-2.5594692335570834,-2.4232412891367887,999.0000224553635
234.9759686329837,3.7099243220411116,21.59466037792451,-2.559883379649118,-2.4234858316137884,999.0000224546737
234.96589294988684,3.707009378490131,21.59361517174447,-2.560297155371309,-2.4237307303189892,999.0000224539847
234.95582081294745,3.704089035499937,21.592568699385247,-2.5607105611529493,-2.4239759847588713,999.0000224532959
234.94575238422655,3.7011630475279578,21.591520960846807,-2.561123597417103,-2.424221594446494,999.0000224526068
234.9356878239225,3.698231171879161,21.590471956129193,-2.561536264580515,-2.4244675589015694,999.0000224519183
234.92562729033784,3.695293168755991,21.58942168523237,-2.5619485630535417,-2.4247138776505714,999.0000224512298
234.91557093984443,3.692348801310854,21.588370148156358,-2.5623604932400807,-2.424960550226814,999.0000224505419
234.90551892685468,3.689397835688968,21.587317344901162,-2.562772055537485,-2.4252075761705276,999.0000224498543
234.8954714037867,3.686440041081669,21.586263275466766,-2.5631832503364955,-2.4254549550289592,999.0000224491665
234.8854285210376,3.683475189765584,21.585207939853188,-2.5635940780211666,-2.4257026863564306,999.0000224484795
234.87539042694985,3.6805030571533734,21.58415133806042,-2.564004538968774,-2.425950769714431,999.0000224477927
234.86535726778675,3.6775234218309967,21.583093470088457,-2.564414633549788,-2.426199204671682,999.0000224471067
234.85532918770207,3.674536065603154,21.582034335937312,-2.5648243621277946,-2.4264479908042045,999.000022446421
234.8453063287133,3.6715407735330854,21.580973935606977,-2.565233725059434,-2.426697127695398,999.0000224457353
234.83528883067726,3.6685373339790144,21.57991226909746,-2.5656427226943146,-2.426946614936097,999.000022445051
234.8252768312636,3.665525538634944,21.57884933640876,-2.566051355375022,-2.4271964521246296,999.0000224443663
234.81527046593135,3.662505182564522,21.577785137540875,-2.5664596234370074,-2.427446638866887,999.0000224436823
234.80526986790497,3.659476064237155,21.57671967249381,-2.5668675272085344,-2.4276971747763714,999.0000224429995
234.79527516815264,3.6564379855612015,21.575652941267553,-2.567275067010699,-2.427948059474254,999.0000224423168
234.78528649536466,3.653390751915866,21.574584943862124,-2.5676822431573285,-2.4281992925894196,999.0000224416347
234.77530397593304,3.6503341721811315,21.573515680277517,-2.5680890559549217,-2.4284508737585204,999.0000224409533
234.76532773393083,3.6472680587692525,21.57244515051372,-2.5684955057026744,-2.4287028026260193,999.0000224402729
234.75535789109492,3.6441922276507066,21.571373354570753,-2.568901592692403,-2.4289550788442256,999.0000224395927
234.74539456680708,3.6411064983813963,21.570300292448607,-2.5693073172084877,-2.429207702073341,999.0000224389138
234.73543787807756,3.6380106941281096,21.569225964147282,-2.5697126795279215,-2.4294606719814933,999.0000224382354
234.72548793952882,3.6349046416919615,21.56815036966678,-2.5701176799201906,-2.429713988244767,999.0000224375574
234.7155448633805,3.631788171531326,21.567073509007102,-2.5705223186472885,-2.4299676505472343,999.0000224368803
234.7056087594361,3.6286611177809385,21.56599538216825,-2.570926595963705,-2.4302216585809813,999.0000224362044
234.69567973506813,3.6255233182746713,21.564915989150222,-2.571330512116419,-2.430476012046135,999.0000224355291
234.68575789520702,3.6223746145612257,21.563835329953022,-2.5717340673448112,-2.430730710650879,999.0000224348546
234.6758433423286,3.6192148519230596,21.56275340457665,-2.5721372618807323,-2.4309857541114797,999.0000224341808
234.66593617644554,3.616043879388496,21.561670213021106,-2.572540095948432,-2.4312411421522913,999.0000224335083
234.65603649509472,3.612861549750843,21.560585755286386,-2.5729425697645865,-2.4314968745057777,999.0000224328364
234.64614439333226,3.6096677195754068,21.5595000313725,-2.573344683538273,-2.431752950912511,999.000022432166
234.63625996372187,3.6064622492164427,21.558413041279444,-2.573746437470989,-2.432009371121188,999.0000224314958
234.6263832963305,3.6032450028231446,21.55732478500721,-2.574147831756604,-2.432266134888633,999.0000224308268
234.61651447872168,3.6000158483498974,21.556235262555816,-2.5745488665814085,-2.432523241979787,999.0000224301589
234.60665359595023,3.5967746575634925,21.55514447392525,-2.5749495421241133,-2.43278069216772,999.0000224294921
234.59680073055748,3.5935213060496625,21.55405241911551,-2.575349858555829,-2.4330384852336175,999.0000224288257
234.5869559625692,3.5902556732159514,21.552959098126614,-2.575749816040097,-2.4332966209667717,999.0000224281613
234.57711936949258,3.586977642296365,21.55186451095854,-2.576149414732908,-2.4335550991645762,999.0000224274971
234.56729102631408,3.5836871003532074,21.550768657611307,-2.576548654782692,-2.433813919632505,999.0000224268341
234.55747100549902,3.580383938277918,21.5496715380849,-2.5769475363303527,-2.434073082184106,999.0000224261726
234.54765937699256,3.5770680507892854,21.548573152379337,-2.5773460595093147,-2.43433258664097,999.000022425512
234.5378562082194,3.573739336432827,21.5474735004946,-2.5777442244454893,-2.4345924328327158,999.0000224248525
234.52806156408644,3.5703976975765057,21.546372582430703,-2.578142031257312,-2.434852620596967,999.000022424194
234.5182755069856,3.5670430404065536,21.545270398187643,-2.5785394800558494,-2.435113149779315,999.0000224235368
234.50849809679687,3.5636752749219105,21.54416694776542,-2.5789365709447183,-2.4353740202333007,999.0000224228809
234.49872939089303,3.560294314926795,21.543062231164026,-2.5793333040201847,-2.435635231820373,999.0000224222258
234.48896944414474,3.5569000780221764,21.541956248383467,-2.57972967937118,-2.4358967844098567,999.0000224215717
234.4792183089269,3.553492485596713,21.540848999423755,-2.5801256970793496,-2.436158677878911,999.0000224209192
234.469476035125,3.5500714628155174,21.53974048428488,-2.580521357219073,-2.436420912112494,999.0000224202682
234.4597426701435,3.5466369386079846,21.538630702966838,-2.5809166598575466,-2.436683487003317,999.0000224196178
234.45001825891364,3.543188845654887,21.537519655469634,-2.581311605054788,-2.436946402451795,999.0000224189689
234.44030284390314,3.5397271203738017,21.536407341793275,-2.5817061928636833,-2.437209658366003,999.0000224183214
234.43059646512614,3.5362517029032747,21.535293761937744,-2.5821004233300733,-2.4374732546616222,999.0000224176748
234.4208991601538,3.5327625370864117,21.53417891590306,-2.582494296492778,-2.4377371912618884,999.0000224170294
234.4112109641265,3.529259570452326,21.53306280368922,-2.582887812383645,-2.4380014680975366,999.0000224163856
234.4015319097658,3.5257427541972297,21.531945425296204,-2.58328097102764,-2.438266085106741,999.0000224157433
234.39186202738728,3.5222120431648096,21.530826780724038,-2.583673772442878,-2.438531042235053,999.0000224151014
234.38220134491522,3.5186673958235053,21.529706869972713,-2.584066216640661,-2.4387963394353465,999.0000224144615
234.37254988789627,3.515108774245658,21.528585693042228,-2.5844583036256132,-2.4390619766677433,999.0000224138226
234.36290767951547,3.5115361440823287,21.527463249932577,-2.584850033395654,-2.439327953899549,999.0000224131858
234.35327474061205,3.5079494745398128,21.52633954064377,-2.5852414059421718,-2.4395942711051886,999.0000224125492
234.3436510896961,3.504348738353467,21.525214565175798,-2.5856324212499815,-2.439860928266127,999.0000224119141
234.33403674296562,3.5007339117613765,21.524088323528673,-2.5860230792974557,-2.4401279253708017,999.000022411281
234.32443171432564,3.4971049744755804,21.52296081570239,-2.586413380056619,-2.4403952624145435,999.0000224106485
234.314836015406,3.493461909654707,21.521832041696953,-2.5868033234931738,-2.4406629393995,999.0000224100177
234.30524965558098,3.4898047038734323,21.52070200151235,-2.587192909566588,-2.44093095633456,999.0000224093878
234.29567264199,3.4861333470910045,21.51957069514859,-2.5875821382301756,-2.4411993132352627,999.0000224087594
234.28610497955736,3.4824478326213866,21.518438122605666,-2.5879710094312145,-2.4414680101237245,999.0000224081332
234.2765466710145,3.478748157098991,21.517304283883583,-2.5883595231109604,-2.4417370470285444,999.0000224075076
234.26699771692125,3.4750343204460257,21.516169178982356,-2.588747679204782,-2.442006423984725,999.0000224068832
234.2574581156886,3.4713063258375896,21.51503280790196,-2.58913547764222,-2.442276141033582,999.0000224062602
234.24792786360211,3.4675641796665087,21.513895170642403,-2.5895229183470847,-2.44254619822265,999.0000224056388
234.23840695484535,3.463807891506954,21.512756267203695,-2.5899100012375285,-2.442816595605593,999.0000224050191
234.22889538152424,3.4600374740775095,21.511616097585822,-2.5902967262261627,-2.4430873332421124,999.0000224044006
234.21939313369165,3.4562529432036935,21.5104746617888,-2.590683093220141,-2.443358411197849,999.0000224037831
234.2099001993734,3.4524543177782046,21.50933195981261,-2.5910691021212107,-2.4436298295442898,999.0000224031672
234.20041656459344,3.448641619722431,21.508187991657262,-2.591454752825847,-2.4439015883586666,999.0000224025523
234.19094221340077,3.4448148739455053,21.507042757322754,-2.5918400452253447,-2.4441736877238585,999.0000224019391
234.18147712789622,3.44097410830381,21.505896256809095,-2.5922249792059118,-2.4444461277282903,999.0000224013274
234.17202128825963,3.4371193535589426,21.504748490116274,-2.5926095546487478,-2.4447189084658327,999.000022400717
234.16257467277813,3.4332506433350587,21.503599457244285,-2.5929937714301676,-2.4449920300356998,999.0000224001077
234.1531372578742,3.4293680140758855,21.502449158193144,-2.593377629421668,-2.4452654925423367,999.0000223994997
234.14370901813416,3.425471505001605,21.501297592962853,-2.5937611284900517,-2.4455392960953253,999.0000223988936
234.1342899263387,3.4215611580624667,21.50014476155339,-2.594144268497552,-2.4458134408092715,999.0000223982884
