galstreams/tracks/track.st.NGC6397.ibata2020.ecsv
# %ECSV 0.9
# ---
# datatype:
# - {name: ra, unit: deg, datatype: float64}
# - {name: dec, unit: deg, datatype: float64}
# - {name: distance, unit: kpc, datatype: float64}
# - {name: pm_ra_cosdec, unit: mas / yr, datatype: float64}
# - {name: pm_dec, unit: mas / yr, datatype: float64}
# - {name: radial_velocity, unit: km / s, datatype: float64}
# delimiter: ','
# meta: !!omap
# - __serialized_columns__:
#     dec:
#       __class__: astropy.coordinates.angles.Latitude
#       unit: &id001 !astropy.units.Unit {unit: deg}
#       value: !astropy.table.SerializedColumn {name: dec}
#     distance:
#       __class__: astropy.coordinates.distances.Distance
#       unit: !astropy.units.Unit {unit: kpc}
#       value: !astropy.table.SerializedColumn {name: distance}
#     pm_dec:
#       __class__: astropy.units.quantity.Quantity
#       unit: !astropy.units.Unit {unit: mas / yr}
#       value: !astropy.table.SerializedColumn {name: pm_dec}
#     pm_ra_cosdec:
#       __class__: astropy.units.quantity.Quantity
#       unit: !astropy.units.Unit {unit: mas / yr}
#       value: !astropy.table.SerializedColumn {name: pm_ra_cosdec}
#     ra:
#       __class__: astropy.coordinates.angles.Longitude
#       unit: *id001
#       value: !astropy.table.SerializedColumn {name: ra}
#       wrap_angle: !astropy.coordinates.Angle
#         unit: *id001
#         value: 360.0
#     radial_velocity:
#       __class__: astropy.units.quantity.Quantity
#       unit: !astropy.units.Unit {unit: km / s}
#       value: !astropy.table.SerializedColumn {name: radial_velocity}
# schema: astropy-2.0
ra,dec,distance,pm_ra_cosdec,pm_dec,radial_velocity
257.7164531870689,-54.4567700745979,2.3893508967366572,1.8372217070663792,-18.441094841139783,-3.368306851948935e-14
257.8946260801654,-54.4245343390827,2.3913308110890177,1.8750574571468266,-18.42670240045029,-3.368306851948935e-14
258.0719791194478,-54.39306791839859,2.393294538331066,1.9125117367402882,-18.412050795659685,-5.0524602779234026e-14
258.24852944525867,-54.362364937652664,2.3952421787539375,1.949589638720274,-18.397144431105893,-5.0524602779234026e-14
258.424293938824,-54.33241945037154,2.397173832648767,1.986296211981672,-18.38198765547142,-5.0524602779234026e-14
258.59928922700163,-54.30322543994417,2.3990896003066884,2.0226364621733044,-18.366584763155082,-5.0524602779234026e-14
258.7735316869001,-54.27477682102733,2.4009895820188376,2.0586153524205293,-18.350939995599813,-6.73661370389787e-14
258.94703745037435,-54.2470674409148,2.4028738780763508,2.0942378040380825,-18.33505754257781,-1.0104920555846805e-13
259.1198224083971,-54.2200910808712,2.4047425887703606,2.129508697232496,-18.318941543434626,-6.73661370389787e-14
259.29190221531303,-54.193841457432136,2.4065958143920034,2.1644328717945016,-18.302596088293324,-3.368306851948935e-14
259.4632922929746,-54.16831222367101,2.408433655232414,2.199015127780691,-18.286025219220186,-1.0104920555846805e-13
259.6340078347654,-54.14349697043424,2.4102562115827277,2.2332602261849295,-18.26923293135313,-1.1789073981821273e-13
259.80406380951064,-54.119389227545255,2.412063583734079,2.2671728895988164,-18.25222317399402,-6.73661370389787e-14
259.9734749652798,-54.09598246497875,2.413855871977603,2.300757802861605,-18.234999851666153,-5.0524602779234026e-14
260.1422558330824,-54.07327009400576,2.415633176604435,2.334019613699195,-18.217566825137958,-6.73661370389787e-14
260.31042073045967,-54.05124546831076,2.4173955979057085,2.3669629333523625,-18.199927912414026,-3.368306851948935e-14
260.47798376497445,-54.029901885081415,2.4191432361725607,2.399592337193965,-18.182086889694524,-8.420767129872338e-14
260.6449588376022,-54.00923258607211,2.420876191696126,2.4319123653354815,-18.16404749230409,-3.368306851948935e-14
260.81135964602316,-53.98923075864171,2.422594564767537,2.4639275232222193,-18.14581341559107,-8.420767129872338e-14
260.97719968782184,-53.969889536766935,2.4242984556779326,2.4956422822181183,-18.12738831579809,-6.73661370389787e-14
261.1424922635906,-53.95120200203139,2.425987964718445,2.527061080179097,-18.108775810905062,-5.0524602779234026e-14
261.30725047994497,-53.93316118459169,2.427663192180209,2.558188322016041,-18.089979481445162,-6.73661370389787e-14
261.4714872524477,-53.91576006412096,2.4293242383543614,2.589028380246481,-18.07100287129501,-8.420767129872338e-14
261.6352153084473,-53.89899157073074,2.4309712035320366,2.6195855955358343,-18.05184948843964,-5.0524602779234026e-14
261.79844718983014,-53.88284858587163,2.4326041880043694,2.6498642772274623,-18.032522805713228,-6.73661370389787e-14
261.9611952556908,-53.86732394321372,2.4342232920624935,2.6798687038625397,-18.013026261516153,-1.6841534259744676e-14
262.12347168491874,-53.852410429507145,2.4358286159975457,2.709603123688722,-17.99336326050945,-5.0524602779234026e-14
262.2852884787073,-53.83810078542374,2.4374202601006605,2.739071755158685,-17.97353717428706,-5.0524602779234026e-14
262.4466574629826,-53.82438770637991,2.438998324662973,2.7682787874177954,-17.953551342026834,-3.368306851948935e-14
262.60759029075797,-53.81126384334189,2.440562909975618,2.7972283807816662,-17.9334090711208,-3.368306851948935e-14
262.76809844441146,-53.79872180361346,2.4421141163297295,2.8259246672030662,-17.913113637785536,-1.6841534259744676e-14
262.928193237892,-53.78675415160713,2.443652044016444,2.854371750728797,-17.89266828765303,-8.420767129872338e-14
263.0878858188521,-53.775353409598864,2.4451767933268953,2.882573707946242,-17.87207623634298,-6.73661370389787e-14
263.247187170712,-53.76451205846738,2.4466884645522198,2.9105345884200062,-17.85134067001676,-6.73661370389787e-14
263.406108114653,-53.75422253841805,2.4481871579835515,2.938258415118281,-17.830464745914046,-8.420767129872338e-14
263.56465931154617,-53.74447724969236,2.4496729739120244,2.9657491848298227,-17.809451592872193,-1.0104920555846805e-13
263.72285126381183,-53.73526855326304,2.451146012628776,2.99301086857055,-17.788304311829386,-8.420767129872338e-14
263.8806943172174,-53.726588771515594,2.452606374424939,3.020047411981067,-17.767025976311714,-6.73661370389787e-14
264.03819866260983,-53.71843018891647,2.4540541595916494,3.0468627357141598,-17.74561963290489,-5.0524602779234026e-14
264.19537433758745,-53.71078505266868,2.4554894684200423,3.0734607358132204,-17.72408830171102,-3.368306851948935e-14
264.35223122811,-53.70364557335473,2.456912401201252,3.0998452840809945,-17.702434976790993,-6.73661370389787e-14
264.5087790700502,-53.69700392556799,2.458323058226414,3.126020228439516,-17.68066262659276,-6.73661370389787e-14
264.6650274506858,-53.69085224853226,2.4597215397866634,3.151989393280479,-17.658774194366224,-5.0524602779234026e-14
264.82098581013616,-53.685182646710416,2.461107946173135,3.177756579807137,-17.636772598564942,-5.0524602779234026e-14
264.97666344274086,-53.679987190402194,2.462482377676963,3.203325566366849,-17.614660733235237,-5.0524602779234026e-14
265.1320694983857,-53.67525791633183,2.463844934589284,3.228700108775374,-17.592441468392913,-3.368306851948935e-14
265.2872129837728,-53.67098682822549,2.4651957172012318,3.253883940632062,-17.570117650388294,-3.368306851948935e-14
265.44210276364015,-53.667165897379355,2.4665348258039415,3.2788807736270735,-17.547692102259603,-3.368306851948935e-14
265.59674756192743,-53.663787063218265,2.4678623606885486,3.3036942978396606,-17.525167624075404,-6.73661370389787e-14
265.7511559628938,-53.6608422338456,2.469178422146188,3.328328182028838,-17.50254699326613,-3.368306851948935e-14
265.90533641218343,-53.658323286584455,2.4704831104679945,3.352786073915324,-17.479832964945427,-8.420767129872338e-14
266.05929721784526,-53.656222068510765,2.4717765259451023,3.3770716004560155,-17.457028272221226,-8.420767129872338e-14
266.213046551303,-53.65453039697827,2.473058768868647,3.4011883681101995,-17.434135626497362,-5.0524602779234026e-14
266.3665924482801,-53.65324006013612,2.4743299395297638,3.425139963098341,-17.411157717765512,-3.368306851948935e-14
266.51994280967807,-53.65234281743897,2.4755901382195877,3.4489299516530103,-17.38809721488838,-5.0524602779234026e-14
266.6731054024114,-53.65183040015024,2.476839465229254,3.4725618802625924,-17.364956765873835,-3.368306851948935e-14
266.8260878601973,-53.65169451183843,2.4780780208498974,3.4960392759073704,-17.341738998140766,-5.0524602779234026e-14
266.97889768430383,-53.65192682886729,2.479305905372652,3.5193656462886818,-17.31844651877664,-8.420767129872338e-14
267.1315422442555,-53.65251900087953,2.4805232190886533,3.542544480050705,-17.295081914787247,-6.73661370389787e-14
267.28402877849834,-53.65346265127483,2.481730062289037,3.5655792469955943,-17.27164775333875,-5.0524602779234026e-14
267.4363643950237,-53.654749377682144,2.4829265352649372,3.58847339829143,-17.248146581992437,-1.0104920555846805e-13
267.5885560719548,-53.65637075242662,2.4841127383074895,3.6112303666739,-17.2245809289323,-5.0524602779234026e-14
267.74061065809263,-53.65831832299136,2.485288771707829,3.633853566640979,-17.200953303185845,-6.73661370389787e-14
267.8925348734263,-53.66058361247438,2.4864547357570896,3.6563463946416377,-17.17726619483821,-5.0524602779234026e-14
268.04433530960455,-53.66315812004081,2.4876107307464066,3.678712229257719,-17.153522075240026,-5.0524602779234026e-14
268.19601843037395,-53.66603332137075,2.4887568569669165,3.700954431380277,-17.12972339720903,-1.0104920555846805e-13
268.3475905719796,-53.66920066910284,2.489893214709752,3.7230763443792845,-17.10587259522589,-3.368306851948935e-14
268.4990579435332,-53.672651593274004,2.49101990426605,3.745081294267915,-17.081972085624262,-5.0524602779234026e-14
268.6504266273471,-53.67637750175524,2.492137025926945,3.766972589860737,-17.05802426677542,-6.73661370389787e-14
268.80170257923595,-53.68036978068404,2.4932446799835715,3.7887535229265366,-17.034031519267643,-5.0524602779234026e-14
268.9528916287862,-53.68461979489324,2.494342966727065,3.810427368335382,-17.009996206080537,-6.73661370389787e-14
269.1039994795957,-53.68911888833699,2.4954319864485592,3.8319973842007076,-16.985920672754506,-6.73661370389787e-14
269.25503170948156,-53.693858384513575,2.4965118394391914,3.853466812015674,-16.961807247555626,-5.0524602779234026e-14
269.40599377066025,-53.69882958688544,2.497582625990093,3.8748388767849766,-16.93765824163598,-1.1789073981821273e-13
269.5568909898979,-53.70402377929685,2.4986444463924027,3.8961167871512865,-16.913475949189774,-5.0524602779234026e-14
269.7077285686341,-53.70943222638888,2.4996974009372543,3.9173037355171836,-16.889262647605396,-1.6841534259744676e-14
269.8585115830772,-53.715046174012286,2.5007415899157817,3.938402898162176,-16.865020597613515,-6.73661370389787e-14
270.00924498427565,-53.72085684963851,2.501777113619121,3.9594174353554545,-16.840752043431472,-3.368306851948935e-14
270.1599335981616,-53.72685546276832,2.5028040723384075,3.9803504914639456,-16.81645921290412,-1.0104920555846805e-13
270.3105821255725,-53.73303320533926,2.5038225663647746,4.001205195056473,-16.792144317641256,-6.73661370389787e-14
270.46119514224665,-53.73938125213105,2.5048326959893585,4.021984659003441,-16.76780955315186,-5.0524602779234026e-14
270.611777098798,-53.74589076116989,2.5058345615032933,4.042691980572886,-16.7434570989752,-6.73661370389787e-14
270.76233232066727,-53.75255287413133,2.5068282631977152,4.063330241522416,-16.71908911880913,-6.73661370389787e-14
270.9128650080533,-53.759358716742,2.5078139013637584,4.0839025081877605,-16.694707760635506,-6.73661370389787e-14
271.06337923582277,-53.76629939918041,2.5087915762925577,4.104411831567437,-16.670315156843166,-6.73661370389787e-14
271.21387895340143,-53.77336601647679,2.5097613882752494,4.124861247404437,-16.64591342434824,-5.0524602779234026e-14
271.36436798464575,-53.780549648912285,2.5107234376029663,4.145253776264207,-16.62150466471236,-5.0524602779234026e-14
271.51485002769783,-53.78784136241752,2.5116778245668456,4.165592423610018,-16.597090964258555,-5.0524602779234026e-14
271.6653286548219,-53.795232208970575,2.512624649458021,4.185880179874864,-16.572674394185174,-1.6841534259744676e-14
271.8158073122264,-53.80271322699472,2.5135640125676266,4.206120020531095,-16.548257010677883,-5.0524602779234026e-14
271.96628931986913,-53.81027544175584,2.5144960141867996,4.2263149061568654,-16.523840855019944,-6.73661370389787e-14
272.1167778712493,-53.81790986575966,2.515420754606674,4.246467782500508,-16.49942795370082,-1.1789073981821273e-13
272.2672760331855,-53.82560749914896,2.5163383341183843,4.266581580542273,-16.475020318523274,-5.0524602779234026e-14
272.41778674558134,-53.833359330100784,2.5172488530130654,4.2866592165540265,-16.450619946709114,-5.0524602779234026e-14
272.56831282117867,-53.84115633522392,2.518152411581854,4.306703592156686,-16.42622882100366,-8.420767129872338e-14
272.7188569453015,-53.84898947995648,2.519049110115883,4.326717594376134,-16.40184890977907,-3.368306851948935e-14
272.86942167558846,-53.85684971896378,2.5199390489062887,4.346704095696844,-16.377482167136645,-3.368306851948935e-14
273.0200094417172,-53.86472799653676,2.520822328244205,4.366665954114493,-16.35313053300823,-1.6841534259744676e-14
273.17062254512047,-53.87261524699073,2.521699048420768,4.38660601318661,-16.32879593325682,-5.0524602779234026e-14
273.32126315869533,-53.880502395064724,2.522569309727112,4.406527102082326,-16.30448027977648,-6.73661370389787e-14
273.47193332650636,-53.88838035632151,2.5234332124543717,4.426432035630857,-16.28018547059164,-5.0524602779234026e-14
273.6226349634827,-53.89624003754814,2.5242908568936833,4.446323614368897,-16.255913389956007,-3.368306851948935e-14
273.7733698551125,-53.90407233715735,2.5251423433361806,4.466204624587447,-16.231665908451003,-3.368306851948935e-14
273.9241396571328,-53.91186814558972,2.5259877720729977,4.486077838377756,-16.207444883084005,-5.0524602779234026e-14
274.07494589521764,-53.91961834571668,2.5268272433952728,4.505946013676908,-16.183252157386324,-5.0524602779234026e-14
274.22578996466524,-53.927313813244254,2.5276608575941384,4.525811894313063,-16.159089561511227,-5.0524602779234026e-14
274.3766731300845,-53.934945417117945,2.52848871496073,4.545678210050465,-16.134958912331822,-5.0524602779234026e-14
274.5275965250824,-53.94250401992842,2.5293109157861826,4.56554767663448,-16.110862013539137,-5.0524602779234026e-14
274.67856115195303,-53.94998047831818,2.5301275603616316,4.58542299583674,-16.086800655740358,-6.73661370389787e-14
274.82956788136994,-53.95736564338929,2.5309387489782114,4.605306855500711,-16.062776616557322,-5.0524602779234026e-14
274.98061745208184,-53.96465036111209,2.5317445819270565,4.625201929587542,-16.03879166072539,-1.6841534259744676e-14
275.13171047061314,-53.971825472734956,2.5325451594993034,4.645110878222737,-16.014847540192715,-5.0524602779234026e-14
275.28284741097104,-53.97888181519509,2.5333405819860855,4.665036347743528,-15.990945994220038,-5.0524602779234026e-14
275.4340286143588,-53.985810221530386,2.5341309496785382,4.684980970747167,-15.967088749481086,-5.0524602779234026e-14
275.5852542888978,-53.99260152129232,2.5349163628677975,4.704947366140454,-15.94327752016356,-6.73661370389787e-14
275.73652450935816,-53.999246540959916,2.535696921844998,4.724938139190472,-15.91951400807093,0.0
275.8878392168999,-54.00573610435465,2.536472726901274,4.744955881576768,-15.895799902724914,-1.6841534259744676e-14
276.03919821882516,-54.012061033056504,2.53724387832776,4.765003171445127,-15.872136881468945,-6.73661370389787e-14
276.19060118834324,-54.01821214682092,2.5380104764155935,4.785082573463236,-15.848526609572373,-3.368306851948935e-14
276.34204766434806,-54.02418026399672,2.538772621455907,4.8051966388780825,-15.824970740335838,-8.420767129872338e-14
276.4935370512116,-54.02995620194502,2.5395304137398362,4.8253479055756365,-15.801470915197473,0.0
276.6450686185914,-54.03553077745892,2.5402839535585158,4.845538898142579,-15.778028763840364,-6.73661370389787e-14
276.7966415012564,-54.04089480718424,2.5410333412030814,4.865772127930704,-15.754645904300965,-3.368306851948935e-14
276.948254698929,-54.04603910804078,2.5417786769646677,4.8860500931236155,-15.731323943078827,-6.73661370389787e-14
277.0999070761473,-54.05095449764467,2.54252006113441,4.906375278806328,-15.708064475247468,-5.0524602779234026e-14
277.2515973621465,-54.05563179473107,2.543257594003443,4.9267501570376915,-15.68486908456652,-3.368306851948935e-14
277.40332415076216,-54.06006181957772,2.543991375862901,4.947177186925852,-15.661739343595183,-5.0524602779234026e-14
277.5550859003547,-54.064235394428984,2.5447215070039206,4.967658814706884,-15.63867681380696,-3.368306851948935e-14
277.7068809337582,-54.0681433439203,2.5454480877176353,4.988197473826837,-15.615683045705826,-5.0524602779234026e-14
277.8587074382527,-54.071776495503165,2.5461712182951812,5.008795585027126,-15.592759578943735,-6.73661370389787e-14
278.01056346556265,-54.07512567987028,2.5468909990276924,5.029455556433776,-15.569907942439528,-1.6841534259744676e-14
278.1624469318813,-54.07818173138103,2.5476075302063035,5.05017978365019,-15.547129654499361,-6.73661370389787e-14
278.31435561792296,-54.08093548848701,2.548320912122151,5.070970649854084,-15.524426222938434,-1.0104920555846805e-13
278.46628716900415,-54.083377794157606,2.549031245066369,5.091830525898385,-15.50179914520437,-5.0524602779234026e-14
278.6182390951538,-54.08549949630549,2.5497386293300925,5.1127617704162365,-15.479249908501938,-3.368306851948935e-14
278.7702087712547,-54.087291448211836,2.550443165204456,5.133766729930583,-15.456779989919344,-5.0524602779234026e-14
