galstreams/tracks/track.st.Cetus-Palca.yuan2021.ecsv
# %ECSV 0.9
# ---
# datatype:
# - {name: ra, unit: deg, datatype: float64}
# - {name: dec, unit: deg, datatype: float64}
# - {name: distance, unit: kpc, datatype: float64}
# - {name: pm_ra_cosdec, unit: mas / yr, datatype: float64}
# - {name: pm_dec, unit: mas / yr, datatype: float64}
# - {name: radial_velocity, unit: km / s, datatype: float64}
# delimiter: ','
# meta: !!omap
# - __serialized_columns__:
#     dec:
#       __class__: astropy.coordinates.angles.Latitude
#       unit: &id001 !astropy.units.Unit {unit: deg}
#       value: !astropy.table.SerializedColumn {name: dec}
#     distance:
#       __class__: astropy.coordinates.distances.Distance
#       unit: !astropy.units.Unit {unit: kpc}
#       value: !astropy.table.SerializedColumn {name: distance}
#     pm_dec:
#       __class__: astropy.units.quantity.Quantity
#       unit: !astropy.units.Unit {unit: mas / yr}
#       value: !astropy.table.SerializedColumn {name: pm_dec}
#     pm_ra_cosdec:
#       __class__: astropy.units.quantity.Quantity
#       unit: !astropy.units.Unit {unit: mas / yr}
#       value: !astropy.table.SerializedColumn {name: pm_ra_cosdec}
#     ra:
#       __class__: astropy.coordinates.angles.Longitude
#       unit: *id001
#       value: !astropy.table.SerializedColumn {name: ra}
#       wrap_angle: !astropy.coordinates.Angle
#         unit: *id001
#         value: 360.0
#     radial_velocity:
#       __class__: astropy.units.quantity.Quantity
#       unit: !astropy.units.Unit {unit: km / s}
#       value: !astropy.table.SerializedColumn {name: radial_velocity}
# schema: astropy-2.0
ra,dec,distance,pm_ra_cosdec,pm_dec,radial_velocity
[from data line 11887]
82.98650341873196,-80.6999134144793,34.45937943640097,0.1623900117625612,1.1490893108036664,2.947268495455318e-14
83.0626349157927,-80.69963219123714,34.47365972783813,0.1609342573194653,1.1484619416849178,4.210383564936169e-15
83.13877971915407,-80.6993279878159,34.48795751022227,0.1594804137221585,1.147831703227832,1.6841534259744676e-14
83.2149374116708,-80.69900078958577,34.502272794155246,0.15802849642825328,1.147198597644776,4.210383564936169e-15
83.29110757574479,-80.69865058205751,34.51660559024246,0.1565785208834956,1.146562627206528,0.0
83.3672897933364,-80.69827735088279,34.5309559090928,0.15513050252126712,1.1459237942422371,1.2631150694808506e-14
83.44348364597734,-80.69788108185446,34.54532376131881,0.15368445676205905,1.1452821011393661,4.210383564936169e-15
83.51968871478095,-80.69746176090682,34.55970915753649,0.15224039901299372,1.1446375503436568,2.1051917824680846e-14
83.5959045804553,-80.69701937411595,34.57411210836538,0.15079834466729725,1.1439901443590685,-1.6841534259744676e-14
83.67213082331419,-80.69655390769984,34.58853262442856,0.14935830910380737,1.1433398857477217,2.1051917824680846e-14
83.74836702328973,-80.69606534801883,34.60297071635268,0.14792030768645972,1.1426867771298364,2.1051917824680846e-14
83.82461275994397,-80.69555368157573,34.617426394767925,0.14648435576378532,1.1420308211836716,0.0
83.90086761248043,-80.69501889501613,34.63189967030797,0.14505046866841587,1.1413720206454536,2.5262301389617013e-14
83.97713115975732,-80.69446097512865,34.64639055361015,0.14361866171655735,1.140710378309304,-8.420767129872338e-15
84.05340298029806,-80.69387990884513,34.66089905531524,0.14218895020751418,1.1400458970271687,4.210383564936169e-15
84.1296826523042,-80.69327568324094,34.67542518606759,0.140761349423169,1.1393785797087366,2.5262301389617013e-14
84.2059697536672,-80.6926482855352,34.6899689565151,0.13933587462748637,1.1387084293213559,0.0
84.28226386198072,-80.69199770309092,34.70453037730921,0.13791254106600892,1.1380354488899493,2.5262301389617013e-14
84.3585645545524,-80.69132392341531,34.719109459104914,0.1364913639653603,1.1373596414969267,-4.210383564936169e-15
84.43487140841606,-80.69062693415997,34.733706212560726,0.13507235853274407,1.1366810102820855,0.0
84.51118400034407,-80.68990672312108,34.748320648338705,0.13365553995544122,1.1359995584425235,1.2631150694808506e-14
84.58750190685943,-80.68916327823963,34.76295277710455,0.13224092340031232,1.1353152892325247,2.947268495455318e-14
84.66382470424762,-80.68839658760163,34.777602609527406,0.1308285240133076,1.13462820596347,8.420767129872338e-15
84.74015196856918,-80.68760663943824,34.792270156279976,0.12941835691895973,1.1339383120037207,-8.420767129872338e-15
84.81648327567166,-80.68679342212602,34.80695542803856,0.12801043721989655,1.1332456107785094,1.2631150694808506e-14
84.89281820120198,-80.68595692418707,34.82165843548296,0.12660477999634198,1.1325501057698253,1.6841534259744676e-14
84.96915632061862,-80.68509713428926,34.836379189296565,0.12520140030562177,1.1318518005162947,8.420767129872338e-15
85.04549720920379,-80.68421404124636,34.85111770016624,0.12380031318167728,1.1311506986130648,-1.6841534259744676e-14
85.1218404420762,-80.6833076340182,34.865873978782545,0.12240153363455825,1.1304468037116653,2.1051917824680846e-14
85.19818559420243,-80.68237790171086,34.88064803583948,0.12100507664995336,1.129740119519893,-4.210383564936169e-15
85.27453224040985,-80.68142483357683,34.89543988203461,0.11961095718868772,1.1290306498016756,4.210383564936169e-15
85.3508799553988,-80.68044841901506,34.91024952806906,0.11821919018623836,1.1283183983769314,0.0
85.42722831375495,-80.6794486475713,34.92507698464752,0.11682979055224377,1.127603369121433,-1.2631150694808506e-14
85.5035768899613,-80.67842550893803,34.939922262478234,0.11544277317002827,1.1268855659666646,-1.6841534259744676e-14
85.57992525841061,-80.67737899295473,34.95478537227296,0.11405815289611058,1.126164992899675,3.368306851948935e-14
85.65627299341868,-80.67630908960797,34.96966632474712,0.11267594455970999,1.1254416539629233,-1.2631150694808506e-14
85.73261966923495,-80.67521578903148,34.98456513061955,0.11129616296229108,1.124715553254135,-4.210383564936169e-15
85.80896486005604,-80.67409908150637,34.99948180061273,0.10991882287706509,1.1239866949261368,4.210383564936169e-15
85.88530814003778,-80.67295895746113,35.014416345452666,0.10854393904851717,1.1232550831866994,4.210383564936169e-15
85.9616490833075,-80.6717954074718,35.02936877586894,0.10717152619192846,1.1225207222983744,0.0
86.03798726397666,-80.6706084222621,35.04433910259468,0.10580159899289887,1.1217836165783235,0.0
86.11432225615246,-80.66939799270342,35.05932733636652,0.10443417210688438,1.1210437703981564,2.1051917824680846e-14
86.19065363395157,-80.66816410981501,35.0743334879248,0.10306926015870112,1.1203011881837426,0.0
86.26698097151073,-80.666906764764,35.08935756801328,0.10170687774208607,1.1195558744150484,4.210383564936169e-15
86.34330384300051,-80.66562594886548,35.104399587379305,0.10034703941920546,1.1188078336259506,1.6841534259744676e-14
86.41962182263691,-80.66432165358268,35.119459556773826,0.09898975972019737,1.11805707040405,-8.420767129872338e-15
86.4959344846939,-80.6629938705268,35.13453748695131,0.09763505314270692,1.1173035893904883,2.1051917824680846e-14
86.57224140351587,-80.66164259145738,35.1496333886698,0.09628293415141899,1.1165473952797542,2.5262301389617013e-14
86.6485421535296,-80.66026780828207,35.164747272690896,0.0949334171776049,1.115788492819494,8.420767129872338e-15
86.72483630925743,-80.65886951305683,35.17987914977981,0.09358651661864709,1.1150268868103044,3.789345208442552e-14
86.80112344532847,-80.657447697986,35.195029030705236,0.09224224683760196,1.1142625821055463,0.0
86.87740313649162,-80.65600235542219,35.21019692623948,0.09090062216273313,1.1134955836111322,1.2631150694808506e-14
86.95367495762756,-80.6545334778665,35.225382847158414,0.08956165688706119,1.112725896285318,4.210383564936169e-15
87.02993848376127,-80.65304105796834,35.24058680424145,0.08822536526791061,1.111953525138499,3.789345208442552e-14
87.10619329007426,-80.6515250885257,35.25580880827158,0.08689176152646164,1.1111784752329936,2.1051917824680846e-14
87.18243895191672,-80.64998556248491,35.27104887003536,0.08556085984730451,1.1104007516828254,8.420767129872338e-15
87.25867504481977,-80.64842247294084,35.28630700032285,0.08423267437799514,1.1096203596535081,-8.420767129872338e-15
87.33490114450818,-80.64683581313678,35.30158320992783,0.08290721922860483,1.1088373043618152,1.2631150694808506e-14
87.41111682691181,-80.6452255764645,35.31687750964753,0.08158450847129362,1.1080515910755617,2.947268495455318e-14
87.48732166817838,-80.64359175646429,35.33218991028275,0.08026455613986172,1.1072632251133727,-4.210383564936169e-15
87.56351524468549,-80.64193434682483,35.34752042263789,0.07894737622932013,1.106472211844452,-8.420767129872338e-15
87.63969713305282,-80.64025334138324,35.36286905752089,0.07763298269545313,1.105678556688345,8.420767129872338e-15
87.71586691015438,-80.63854873412507,35.378235825743296,0.07632138945438852,1.1048822651147032,2.1051917824680846e-14
87.79202415313055,-80.63682051918425,35.393620738120156,0.07501261038216972,1.1040833426430436,3.368306851948935e-14
87.86816843940045,-80.63506869084303,35.40902380547023,0.07370665931432745,1.1032817948424982,2.1051917824680846e-14
87.94429934667362,-80.63329324353198,35.42444503861569,0.07240355004546192,1.1024776273315784,1.6841534259744676e-14
88.02041645296248,-80.63149417182994,35.43988444838238,0.0711032963288156,1.1016708457779165,8.420767129872338e-15
88.09651933659414,-80.62967147046393,35.45534204559963,0.06980591187586058,1.1008614558980163,4.210383564936169e-15
88.17260757622283,-80.62782513430913,35.47081784110045,0.06851141035587478,1.100049463456998,-8.420767129872338e-15
88.2486807508414,-80.62595515838882,35.48631184572132,0.06721980539553771,1.0992348742683373,4.210383564936169e-15
88.32473843979356,-80.62406153787428,35.50182407030235,0.06593111057851742,1.098417694193608,0.0
88.40078022278645,-80.62214426808474,35.51735452568723,0.06464533944505087,1.0975979291422113,2.1051917824680846e-14
88.47680567990135,-80.62020334448731,35.53290322272322,0.06336250549155983,1.0967755850711165,4.210383564936169e-15
88.55281439160665,-80.61823876269685,35.54847017226111,0.062082622170231354,1.0959506679845896,-8.420767129872338e-15
88.62880593876915,-80.61625051847592,35.564055385155314,0.060805702888628126,1.0951231839339173,8.420767129872338e-15
88.70477990266632,-80.61423860773469,35.579658872263806,0.059531761009284714,1.0942931390171355,3.368306851948935e-14
88.7807358649979,-80.61220302653082,35.595280644448124,0.05826080984931714,1.0934605393787507,4.210383564936169e-15
88.85667340789746,-80.61014377106933,35.610920712573375,0.056992862680037185,1.0926253912094608,1.6841534259744676e-14
88.93259211394532,-80.60806083770254,35.626579087508325,0.0557279327265425,1.091787700745865,-8.420767129872338e-15
89.0084915661786,-80.60595422292992,35.64225578012523,0.05446603316736391,1.0909474742701908,-1.6841534259744676e-14
89.0843713481042,-80.60382392339795,35.65795080129997,0.053207177134057565,1.0901047181099977,-1.2631150694808506e-14
89.16023104370987,-80.60166993590003,35.673664161911944,0.051951377710836896,1.089259438637887,4.210383564936169e-15
89.23607023747623,-80.59949225737635,35.6893958728442,0.0506986479341911,1.088411642271211,2.1051917824680846e-14
89.31188851438796,-80.5972908849137,35.705145944983336,0.04944900079251828,1.087561335471775,8.420767129872338e-15
89.38768545994571,-80.59506581574537,35.72091438921949,0.04820244922574891,1.0867085247455444,2.1051917824680846e-14
89.46346066017789,-80.59281704725099,35.73670121644653,0.04695900612497569,1.0858532166423318,1.2631150694808506e-14
89.53921370165135,-80.59054457695633,35.75250643756171,0.04571868433210119,1.0849954177555108,0.0
89.61494417148347,-80.58824840253324,35.768330063466024,0.044481496639468224,1.0841351347216994,-4.210383564936169e-15
89.69065165735323,-80.58592852179937,35.784172105063924,0.04324745578950809,1.0832723742204555,8.420767129872338e-15
89.76633574751318,-80.5835849327181,35.80003257326353,0.042016574474373625,1.0824071429739675,2.1051917824680846e-14
89.84199603080003,-80.58121763339825,35.81591147897654,0.04078886533560373,1.0815394477467408,-1.2631150694808506e-14
89.91763209664647,-80.57882662209403,35.8318088331182,0.03956434096376383,1.0806692953452857,1.2631150694808506e-14
89.99324353509199,-80.57641189720475,35.847724646607304,0.03834301389811081,1.0797966926178013,0.0
90.0688299367951,-80.57397345727466,35.86365893036637,0.037124896626232605,1.0789216464538458,-4.210383564936169e-15
90.1443908930429,-80.57151130099274,35.8796116953214,0.035910001583737666,1.078044163784033,4.210383564936169e-15
90.2199259957636,-80.56902542719257,35.895582952401995,0.03469834115389621,1.077164251579698,0.0
90.29543483753689,-80.566515834852,35.91157271254133,0.033489927667322505,1.076281916852575,3.368306851948935e-14
90.37091701160524,-80.56398252309305,35.92758098667621,0.032284773401637976,1.075397166654467,-8.420767129872338e-15
90.44637211188486,-80.56142549118157,35.94360778574698,0.03108289058115327,1.0745100080769232,2.947268495455318e-14
90.52179973297628,-80.5588447385272,35.959653120697574,0.02988429137654639,1.0736204482509026,2.5262301389617013e-14
90.59719947017638,-80.55624026468293,35.97571700247563,0.02868898790453,1.072728494346436,1.2631150694808506e-14
90.67257091948763,-80.55361206934501,35.991799442032224,0.027496992227563185,1.0718341535723022,4.210383564936169e-15
90.7479136776301,-80.55096015235264,36.007900450322104,0.026308316353518702,1.0709374331756858,-4.210383564936169e-15
90.82322734205167,-80.5482845136878,36.02402003830359,0.025122972235385104,1.0700383404418325,1.2631150694808506e-14
90.89851151093892,-80.5455851534749,36.04015821693856,0.023940971770960832,1.0691368826937198,8.420767129872338e-15
90.97376578322776,-80.54286207198064,36.056314997192544,0.022762326802552205,1.068233067291703,0.0
91.04898975861387,-80.54011526961364,36.07249039003461,0.02158704911667943,1.0673269016331783,-1.2631150694808506e-14
91.12418303756378,-80.53734474692423,36.0886844064375,0.02041515044377629,1.0664183931522306,-4.210383564936169e-15
91.19934522132446,-80.53455050460421,36.104897057377464,0.019246642457912518,1.0655075493192936,2.5262301389617013e-14
91.27447591193452,-80.53173254348657,36.121128353834415,0.01808153677649524,1.064594377640792,-4.210383564936169e-15
91.34957471223414,-80.52889086454508,36.13737830679174,0.01691984495999658,1.063678885658799,2.5262301389617013e-14
91.42464122587594,-80.52602546889425,36.15364692723658,0.015761578511662263,1.062761080950674,1.6841534259744676e-14
91.4996750573345,-80.52313635778881,36.169934226159576,0.01460674887725219,1.0618409711287138,1.2631150694808506e-14
91.57467581191713,-80.52022353262358,36.186240214554935,0.013455367444755121,1.0609185638398007,0.0
91.6496430957741,-80.517286994933,36.2025649034206,0.012307445544124492,1.05999386676503,2.947268495455318e-14
91.72457651590817,-80.51432674639108,36.218908303757985,0.0111629944470205,1.0590668876193718,2.947268495455318e-14
91.79947568018521,-80.51134278881085,36.23527042657212,0.010022025366539462,1.0581376341512945,2.5262301389617013e-14
91.87434019734387,-80.50833512414415,36.25165128287169,0.008884549456964083,1.0572061141424116,-1.2631150694808506e-14
91.94916967700564,-80.50530375448136,36.26805088366891,0.007750577813507846,1.0562723354071146,8.420767129872338e-15
92.02396372968457,-80.50224868205096,36.284469239979636,0.006620121472067253,1.0553363057922103,4.210383564936169e-15
92.09872196679731,-80.49916990921933,36.30090636282334,0.005493191408970296,1.0543980331765541,1.6841534259744676e-14
92.17344400067249,-80.49606743849034,36.31736226322298,0.004369798540744686,1.0534575254706866,3.368306851948935e-14
92.2481294445611,-80.49294127250504,36.333836952205324,0.0032499537238662307,1.0525147906164565,1.6841534259744676e-14
92.32277791264522,-80.48979141404129,36.350330440800576,0.0021336677545378754,1.05156983658666,0.0
92.3973890200483,-80.4866178660135,36.36684274004255,0.0010209513684476326,1.05062267138467,0.0
92.47196238284396,-80.48342063147219,36.38337386096876,-8.818475944454701e-05,1.0496733030440581,-8.420767129872338e-15
92.54649761806627,-80.48019971360367,36.39992381462022,-0.0011937300151462563,1.0487217396282271,2.947268495455318e-14
92.62099434371834,-80.47695511572971,36.416492612041615,-0.0022956738458375647,1.0477679892300344,1.2631150694808506e-14
92.69545217878196,-80.47368684130714,36.43308026428116,-0.0033940057600941598,1.046812059971421,1.2631150694808506e-14
92.76987074322729,-80.47039489392752,36.4496867823908,-0.004488715328102064,1.0458539600030257,8.420767129872338e-15
92.84424965802121,-80.4670792773167,36.46631217742598,-0.005579792181856731,1.0448936975038214,2.1051917824680846e-14
92.91858854513666,-80.46373999533455,36.482956460445784,-0.006667226015367545,1.0439312806807295,-4.210383564936169e-15
92.99288702756199,-80.4603770519745,36.49961964251287,-0.007751006584863642,1.0429667177682427,1.6841534259744676e-14
93.0671447293098,-80.4569904513632,36.51630173469358,-0.008831123708989398,1.0420000170280461,1.2631150694808506e-14
93.14136127542578,-80.45358019776013,36.53300274805778,-0.009907567268993486,1.0410311867486357,-4.210383564936169e-15
93.21553629199717,-80.45014629555715,36.54972269367895,-0.010980327208912911,1.0400602352449406,0.0
93.28966940616269,-80.44668874927817,36.56646158263431,-0.012049393535773716,1.0390871708579308,0.0
93.3637602461198,-80.44320756357877,36.583219426004504,-0.013114756319753715,1.0381120019542514,8.420767129872338e-15
93.43780844113434,-80.4397027432457,36.599996234873906,-0.014176405694369391,1.037134736925825,-8.420767129872338e-15
