galstreams/tracks/track.st.NGC2808.ibata2021.ecsv
# %ECSV 0.9
# ---
# datatype:
# - {name: ra, unit: deg, datatype: float64}
# - {name: dec, unit: deg, datatype: float64}
# - {name: distance, unit: kpc, datatype: float64}
# - {name: pm_ra_cosdec, unit: mas / yr, datatype: float64}
# - {name: pm_dec, unit: mas / yr, datatype: float64}
# - {name: radial_velocity, unit: km / s, datatype: float64}
# delimiter: ','
# meta: !!omap
# - __serialized_columns__:
#     dec:
#       __class__: astropy.coordinates.angles.Latitude
#       unit: &id001 !astropy.units.Unit {unit: deg}
#       value: !astropy.table.SerializedColumn {name: dec}
#     distance:
#       __class__: astropy.coordinates.distances.Distance
#       unit: !astropy.units.Unit {unit: kpc}
#       value: !astropy.table.SerializedColumn {name: distance}
#     pm_dec:
#       __class__: astropy.units.quantity.Quantity
#       unit: !astropy.units.Unit {unit: mas / yr}
#       value: !astropy.table.SerializedColumn {name: pm_dec}
#     pm_ra_cosdec:
#       __class__: astropy.units.quantity.Quantity
#       unit: !astropy.units.Unit {unit: mas / yr}
#       value: !astropy.table.SerializedColumn {name: pm_ra_cosdec}
#     ra:
#       __class__: astropy.coordinates.angles.Longitude
#       unit: *id001
#       value: !astropy.table.SerializedColumn {name: ra}
#       wrap_angle: !astropy.coordinates.Angle
#         unit: *id001
#         value: 360.0
#     radial_velocity:
#       __class__: astropy.units.quantity.Quantity
#       unit: !astropy.units.Unit {unit: km / s}
#       value: !astropy.table.SerializedColumn {name: radial_velocity}
# schema: astropy-2.0
ra,dec,distance,pm_ra_cosdec,pm_dec,radial_velocity
[from data line 1371]
144.77242494126563,-67.25243309356196,8.77397215559968,3.019875962636128,-0.4695196397762329,2.1051917824680845e-15
144.79176360458314,-67.25911680622936,8.772281575490268,3.01876574448112,-0.4687404316844421,-5.2629794561702115e-15
144.81110927607094,-67.26580008780601,8.77058258730861,3.017659717860246,-0.467963373871431,0.0
144.83046195917044,-67.27248293948679,8.768875193993289,3.016557889833153,-0.4671884622645498,5.2629794561702115e-15
144.84982165733223,-67.27916536246694,8.767159398482901,3.015460267458225,-0.4664156927800107,-1.473634247727659e-14
144.8691883740163,-67.28584735794205,8.765435203716029,3.0143668577925866,-0.4656450613228795,2.1051917824680845e-15
144.8885621126917,-67.29252892710808,8.763702612631267,3.013277667892077,-0.46487656378706455,9.47336302110638e-15
144.90794287683678,-67.29921007116138,8.7619616281672,3.012192704811254,-0.46411019605531145,-1.1578554803574466e-14
144.92733066993932,-67.30589079129862,8.760212253262418,3.01111197560337,-0.4633459539991817,-8.420767129872338e-15
144.94672549549625,-67.3125710887169,8.758454490855511,3.010035487320375,-0.46258383347905396,-1.0525958912340423e-15
144.96612735701387,-67.31925096461354,8.756688343885068,3.008963247012898,-0.4618238303441123,4.210383564936169e-15
144.98553625800787,-67.32593042018635,8.754913815289676,3.007895261730236,-0.4610659404323312,9.47336302110638e-15
145.00495220200327,-67.33260945663345,8.753130908007924,3.0068315385203537,-0.46031015957047017,7.368171238638296e-15
145.02437519253445,-67.33928807515326,8.7513396249784,3.005772084429858,-0.459556483574061,-4.210383564936169e-15
145.0438052331453,-67.34596627694458,8.749539969139699,3.0047169065039987,-0.4588049082473991,9.47336302110638e-15
145.06324232738896,-67.3526440632066,8.7477319434304,3.0036660117866583,-0.4580554293835376,-2.1051917824680845e-15
145.08268647882818,-67.35932143513878,8.745915550789103,3.002619407320335,-0.457308042764267,1.0525958912340423e-15
145.10213769103504,-67.36599839394097,8.744090794154388,3.0015771001461364,-0.456562744160117,-3.1577876737021266e-15
145.12159596759128,-67.37267494081333,8.742257676464845,3.0005390973037716,-0.45581952933033637,1.0525958912340423e-14
145.1410613120879,-67.37935107695637,8.740416200659071,2.999505405831528,-0.45507839402289074,5.2629794561702115e-15
145.16053372812564,-67.38602680357094,8.738566369675643,2.9984760327662854,-0.4543393339744498,1.1578554803574466e-14
145.1800132193146,-67.39270212185822,8.736708186453159,2.997450985143479,-0.45360234491037593,2.1051917824680845e-15
145.19949978927457,-67.3993770330197,8.734841653930204,2.9964302699971044,-0.45286742254471446,-1.2631150694808506e-14
145.21899344163492,-67.40605153825724,8.732966775045368,2.9954138943597024,-0.4521345625801834,-6.315575347404253e-15
145.2384941800345,-67.41272563877297,8.731083552737239,2.994401865262351,-0.4514037607081678,-1.0525958912340423e-15
145.2580020081219,-67.41939933576941,8.729191989944406,2.993394189734654,-0.45067501260870607,-1.1578554803574466e-14
145.27751692955533,-67.42607263044933,8.727292089605458,2.992390874804725,-0.44994831395047297,1.0525958912340423e-14
145.29703894800252,-67.43274552401587,8.725383854658983,2.9913919274991847,-0.4492236603907885,-1.6841534259744676e-14
145.31656806714113,-67.4394180176725,8.723467288043574,2.990397354843149,-0.4485010475755844,-1.0525958912340423e-15
145.3361042906583,-67.44609011262293,8.721542392697813,2.989407163860212,-0.4477804711394133,-6.315575347404253e-15
145.355647622251,-67.45276181007124,8.719609171560295,2.9884213615724424,-0.4470619267054273,2.1051917824680845e-15
145.37519806562588,-67.45943311122184,8.717667627569607,2.987439955000371,-0.4463454098853731,7.368171238638296e-15
145.39475562449937,-67.4661040172794,8.715717763664335,2.986462951162978,-0.44563091627957874,1.2631150694808506e-14
145.4143203025977,-67.47277452944894,8.713759582783073,2.985490357077682,-0.4449184414769464,3.1577876737021266e-15
145.43389210365692,-67.47944464893574,8.711793087864406,2.9845221797603343,-0.4442079810549402,0.0
145.4534710314228,-67.4861143769454,8.709818281846923,2.983558426225203,-0.44349953057957436,7.368171238638296e-15
145.47305708965098,-67.49278371468382,8.707835167669213,2.9825991034849624,-0.44279308560541086,-8.420767129872338e-15
145.49265028210706,-67.49945266335725,8.705843748269869,2.9816442185506884,-0.4420886416755371,-4.210383564936169e-15
145.51225061256645,-67.50612122417212,8.703844026587474,2.980693778431839,-0.44138619432156523,-4.210383564936169e-15
145.5318580848144,-67.51278939833524,8.701836005560622,2.979747790136249,-0.44068573906362135,1.473634247727659e-14
145.55147270264615,-67.5194571870537,8.699819688127898,2.9788062606701184,-0.4399872714103299,3.1577876737021266e-15
145.5710944698669,-67.52612459153488,8.697795077227894,2.977869197038001,-0.4392907868588072,9.47336302110638e-15
145.5907233902917,-67.53279161298641,8.695762175799196,2.976936606242793,-0.438596280894651,-6.315575347404253e-15
145.61035946774572,-67.53945825261623,8.693720986780392,2.9760084952857224,-0.4379037489919275,-4.210383564936169e-15
145.63000270606403,-67.54612451163257,8.691671513110075,2.97508487116634,-0.4372131866131671,-1.5788938368510635e-14
145.64965310909182,-67.55279039124395,8.689613757726836,2.974165740882501,-0.43652458920934595,-1.0525958912340423e-15
145.66931068068416,-67.55945589265912,8.687547723569255,2.973251111430372,-0.43583795221988453,1.0525958912340423e-15
145.68897542470634,-67.56612101708711,8.685473413575926,2.972340989804396,-0.43515327107262847,4.210383564936169e-15
145.70864734503368,-67.5727857657373,8.683390830685438,2.971435382997299,-0.43447054118384715,1.3683746586042549e-14
145.72832644555155,-67.57945013981924,8.681299977836378,2.9705342980000724,-0.43378975795821617,-1.1578554803574466e-14
145.74801273015555,-67.58611414054282,8.679200857967338,2.969637741801964,-0.4331109167888082,-1.0525958912340423e-15
145.76770620275133,-67.59277776911817,8.677093474016903,2.968745721390464,-0.43243401305708806,4.210383564936169e-15
145.78740686725473,-67.59944102675566,8.674977828923664,2.967858243751298,-0.43175904213289706,-5.2629794561702115e-15
145.80711472759182,-67.60610391466597,8.672853925626214,2.9669753158684102,-0.43108599937444,-1.0525958912340423e-15
145.82682978769884,-67.61276643405999,8.670721767063135,2.96609694472396,-0.4304148801282865,-6.315575347404253e-15
145.84655205152225,-67.61942858614891,8.668581356173018,2.965223137298306,-0.4297456797293459,6.315575347404253e-15
145.86628152301876,-67.62609037214412,8.666432695894454,2.9643539005699937,-0.429078393500869,3.1577876737021266e-15
145.8860182061554,-67.63275179325734,8.66427578916603,2.9634892415157505,-0.4284130167544297,1.0525958912340423e-15
145.90576210490943,-67.63941285070047,8.662110638926336,2.962629167110464,-0.4277495447899179,0.0
145.9255132232684,-67.64607354568568,8.65993724811396,2.9617736843271825,-0.4270879728955303,-3.1577876737021266e-15
145.94527156523034,-67.65273387942537,8.65775561966749,2.960922800137097,-0.42642829634775464,1.1578554803574466e-14
145.96503713480345,-67.65939385313224,8.655565756525517,2.9600765215095315,-0.42577051041136876,1.0525958912340423e-14
145.9848099360064,-67.66605346801916,8.65336766162663,2.959234855411929,-0.425114610339419,0.0
146.00458997286825,-67.67271272529928,8.651161337909414,2.958397808809848,-0.42446059137321657,5.2629794561702115e-15
146.02437724942845,-67.67937162618594,8.648946788312463,2.957565388666942,-0.42380844874232576,6.315575347404253e-15
146.04417176973692,-67.68603017189278,8.646724015774362,2.9567376019449547,-0.4231581776645563,-1.2631150694808506e-14
146.06397353785408,-67.69268836363364,8.6444930232337,2.955914455603706,-0.4225097733459421,3.1577876737021266e-15
146.08378255785067,-67.69934620262254,8.642253813629068,2.955095956601077,-0.42186323098074624,-1.0525958912340423e-15
146.10359883380812,-67.7060036900738,8.640006389899058,2.9542821118930096,-0.4212185457514383,6.315575347404253e-15
146.1234223698183,-67.71266082720192,8.637750754982253,2.9534729284334817,-0.4205757128286885,1.894672604221276e-14
146.14325316998358,-67.71931761522163,8.63548691181724,2.9526684131745093,-0.41993472737136006,5.2629794561702115e-15
146.16309123841694,-67.72597405534789,8.633214863342616,2.9518685730661174,-0.41929558452649024,-4.210383564936169e-15
146.18293657924204,-67.73263014879586,8.630934612496965,2.9510734150563485,-0.418658279429288,3.1577876737021266e-15
146.20278919659296,-67.73928589678093,8.628646162218875,2.9502829460912388,-0.4180228072031183,-3.1577876737021266e-15
146.22264909461458,-67.74594130051865,8.626349515446936,2.949497173114808,-0.41738916295949546,-3.1577876737021266e-15
146.24251627746233,-67.75259636122487,8.624044675119741,2.948716103069051,-0.4167573417980699,-6.315575347404253e-15
146.2623907493024,-67.75925108011559,8.621731644175872,2.947939742893924,-0.4161273388066154,4.210383564936169e-15
146.28227251431156,-67.76590545840698,8.619410425553921,2.947168099527336,-0.41549914906102714,2.1051917824680845e-15
146.30216157667738,-67.77255949731546,8.617081022192478,2.9464011799051315,-0.41487276762529873,-6.315575347404253e-15
146.3220579405982,-67.77921319805768,8.614743437030132,2.945638990961084,-0.4142481895515202,9.47336302110638e-15
146.34196161028302,-67.78586656185038,8.61239767300547,2.9448815396268815,-0.41362540987986735,-7.368171238638296e-15
146.3618725899517,-67.79251958991061,8.610043733057081,2.944128832832119,-0.4130044236385856,-6.315575347404253e-15
146.3817908838349,-67.79917228345553,8.607681620123554,2.9433808775042816,-0.41238522584398307,-1.6841534259744676e-14
146.40171649617406,-67.80582464370255,8.605311337143478,2.942637680568736,-0.4117678115004165,1.1578554803574466e-14
146.42164943122148,-67.81247667186919,8.602932887055443,2.941899248948716,-0.4111521756002926,8.420767129872338e-15
146.4415896932404,-67.81912836917321,8.600546272798038,2.9411655895653164,-0.4105383131240368,-1.0525958912340423e-14
146.46153728650486,-67.82577973683256,8.598151497309852,2.9404367093374746,-0.40992621904009874,-9.47336302110638e-15
146.4814922152999,-67.83243077606532,8.595748563529469,2.9397126151819633,-0.4093158883049362,5.2629794561702115e-15
146.5014544839214,-67.83908148808979,8.593337474395485,2.938993314013374,-0.408707315863003,-7.368171238638296e-15
146.52142409667633,-67.84573187412443,8.590918232846482,2.9382788127441155,-0.4081004966467419,-5.2629794561702115e-15
146.54140105788247,-67.85238193538783,8.588490841821057,2.9375691182843857,-0.40749542557656954,-8.420767129872338e-15
146.56138537186877,-67.85903167309883,8.586055304257792,2.936864237542178,-0.40689209756086714,3.1577876737021266e-15
146.58137704297508,-67.86568108847636,8.583611623095278,2.9361641774232536,-0.40629050749597373,-6.315575347404253e-15
146.6013760755524,-67.87233018273957,8.581159801272104,2.935468944831141,-0.40569065026616696,-3.1577876737021266e-15
146.62138247396277,-67.87897895710772,8.57869984172686,2.934778546667117,-0.40509252074365926,2.1051917824680845e-15
146.64139624257922,-67.88562741280028,8.576231747398133,2.9340929898301975,-0.40449611378858596,-1.0525958912340423e-14
146.66141738578605,-67.89227555103682,8.573755521224514,2.933412281217126,-0.4039014242489889,1.5788938368510635e-14
146.68144590797863,-67.89892337303708,8.571271166144589,2.932736427722362,-0.4033084469608166,6.315575347404253e-15
146.70148181356345,-67.90557088002102,8.568778685096952,2.9320654362380654,-0.4027171767478998,1.0525958912340423e-15
146.72152510695824,-67.91221807320862,8.566278081020185,2.9313993136540897,-0.4021276084219485,4.210383564936169e-15
146.74157579259193,-67.91886495382012,8.563769356852882,2.930738066857966,-0.4015397367825445,-5.2629794561702115e-15
146.7616338749047,-67.92551152307584,8.56125251553363,2.930081702734892,-0.4009535566171179,6.315575347404253e-15
146.78169935834785,-67.93215778219623,8.558727560001017,2.9294302281677203,-0.4003690627009519,-2.1051917824680845e-15
146.80177224738418,-67.93880373240196,8.556194493193633,2.9287836500369466,-0.3997862497971585,-1.0525958912340423e-15
146.82185254648755,-67.94544937491372,8.553653318050069,2.9281419752206976,-0.3992051126566728,2.1051917824680845e-15
146.8419402601433,-67.95209471095242,8.551104037508912,2.927505210594717,-0.39862564601824696,-5.2629794561702115e-15
146.86203539284807,-67.95873974173905,8.548546654508746,2.926873363032355,-0.39804784460842624,-3.1577876737021266e-15
146.88213794910982,-67.96538446849476,8.54598117198817,2.9262464394045553,-0.39747170314155333,-5.2629794561702115e-15
146.90224793344797,-67.9720288924408,8.543407592885764,2.925624446579847,-0.3968972163197465,-5.2629794561702115e-15
146.92236535039333,-67.97867301479855,8.540825920140122,2.925007391424323,-0.39632437883288985,8.420767129872338e-15
146.94249020448802,-67.98531683678951,8.53823615668983,2.9243952808016367,-0.39575318535863085,-1.0525958912340423e-14
146.96262250028587,-67.99196035963529,8.535638305473476,2.923788121572988,-0.3951836305623554,-8.420767129872338e-15
146.98276224235198,-67.9986035845576,8.533032369429653,2.9231859205971062,-0.3946157090971864,6.315575347404253e-15
147.002909435263,-68.0052465127783,8.53041835149695,2.92258868473024,-0.39404941560397305,0.0
147.02306408360715,-68.01188914551933,8.527796254613953,2.9219964208261513,-0.39348474471127365,7.368171238638296e-15
147.0432261919842,-68.01853148400272,8.525166081719249,2.921409135736094,-0.3929216910353496,-2.1051917824680845e-15
147.06339576500542,-68.02517352945064,8.52252783575143,2.9208268363088026,-0.39236024918014867,4.210383564936169e-15
147.08357280729376,-68.03181528308534,8.519881519649086,2.9202495293904884,-0.39180041373730146,1.2631150694808506e-14
147.10375732348376,-68.03845674612916,8.517227136350803,2.9196772218248173,-0.39124217928610594,6.315575347404253e-15
147.1239493182216,-68.0450979198045,8.514564688795172,2.919109920452901,-0.39068554039351266,1.0525958912340423e-14
147.1441487961651,-68.05173880533398,8.511894179920779,2.9185476321132864,-0.3901304916141232,1.1578554803574466e-14
147.1643557619838,-68.05837940394015,8.509215612666216,2.917990363641939,-0.389577027490167,0.0
147.18457022035898,-68.06501971684574,8.506528989970072,2.917438121872233,-0.3890251425515002,-1.3683746586042549e-14
147.20479217598364,-68.07165974527354,8.503834314770932,2.9168909136349392,-0.38847483131558697,0.0
147.22502163356248,-68.07829949044641,8.501131590007388,2.916348745758214,-0.387926088287497,-1.2631150694808506e-14
147.2452585978121,-68.0849389535873,8.49842081861803,2.915811625067575,-0.3873789079598802,1.0525958912340423e-14
147.26550307346076,-68.09157813591922,8.495702003541442,2.91527955838591,-0.3868332848129738,1.0525958912340423e-15
147.28575506524868,-68.09821703866528,8.49297514771622,2.914752552533444,-0.3862892133145739,-4.210383564936169e-15
147.30601457792793,-68.10485566304862,8.490240254080947,2.914230614327736,-0.38574668792003425,4.210383564936169e-15
147.32628161626232,-68.11149401029249,8.487497325574216,2.913713750583666,-0.38520570307225216,-7.368171238638296e-15
147.34655618502777,-68.11813208162016,8.48474636513461,2.91320196811342,-0.3846662532016539,8.420767129872338e-15
147.36683828901195,-68.124769878255,8.481987375700724,2.91269527372648,-0.3841283327261913,1.1578554803574466e-14
147.38712793301457,-68.13140740142038,8.479220360211144,2.9121936742296066,-0.38359193605132236,1.0525958912340423e-14
147.40742512184735,-68.1380446523398,8.476445321604459,2.9116971764268333,-0.38305705757000164,1.0525958912340423e-14
147.42772986033387,-68.14468163223677,8.473662262819259,2.911205787119445,-0.3825236916626742,3.1577876737021266e-15
147.4480421533099,-68.15131834233482,8.470871186794135,2.910719513105973,-0.38199183269725606,-8.420767129872338e-15
