galstreams/tracks/track.po.Scamander.grillmair2017.ecsv
# %ECSV 0.9
# ---
# datatype:
# - {name: ra, unit: deg, datatype: float64}
# - {name: dec, unit: deg, datatype: float64}
# - {name: distance, unit: kpc, datatype: float64}
# - {name: pm_ra_cosdec, unit: mas / yr, datatype: float64}
# - {name: pm_dec, unit: mas / yr, datatype: float64}
# - {name: radial_velocity, unit: km / s, datatype: float64}
# delimiter: ','
# meta: !!omap
# - __serialized_columns__:
#     dec:
#       __class__: astropy.coordinates.angles.Latitude
#       unit: &id001 !astropy.units.Unit {unit: deg}
#       value: !astropy.table.SerializedColumn {name: dec}
#     distance:
#       __class__: astropy.coordinates.distances.Distance
#       unit: !astropy.units.Unit {unit: kpc}
#       value: !astropy.table.SerializedColumn {name: distance}
#     pm_dec:
#       __class__: astropy.units.quantity.Quantity
#       unit: !astropy.units.Unit {unit: mas / yr}
#       value: !astropy.table.SerializedColumn {name: pm_dec}
#     pm_ra_cosdec:
#       __class__: astropy.units.quantity.Quantity
#       unit: !astropy.units.Unit {unit: mas / yr}
#       value: !astropy.table.SerializedColumn {name: pm_ra_cosdec}
#     ra:
#       __class__: astropy.coordinates.angles.Longitude
#       unit: *id001
#       value: !astropy.table.SerializedColumn {name: ra}
#       wrap_angle: !astropy.coordinates.Angle
#         unit: *id001
#         value: 360.0
#     radial_velocity:
#       __class__: astropy.units.quantity.Quantity
#       unit: !astropy.units.Unit {unit: km / s}
#       value: !astropy.table.SerializedColumn {name: radial_velocity}
# schema: astropy-2.0
ra,dec,distance,pm_ra_cosdec,pm_dec,radial_velocity
[from data line 5296]
145.64408375238386,32.201598061828825,21.000000000000007,0.0,0.0,0.0
145.64263739391646,32.2115244393182,21.000000000000007,0.0,0.0,0.0
145.64119071967846,32.221450800337195,21.000000000000007,0.0,0.0,0.0
145.63974372948007,32.231377144875864,21.000000000000007,0.0,0.0,0.0
145.63829642313138,32.2413034729243,21.00000000000001,0.0,0.0,0.0
145.63684880044244,32.25122978447258,21.000000000000007,0.0,0.0,0.0
145.63540086122308,32.26115607951073,21.000000000000007,0.0,0.0,0.0
145.63395260528304,32.2710823580288,21.000000000000007,0.0,0.0,0.0
145.63250403243202,32.28100862001685,21.000000000000007,0.0,0.0,0.0
145.63105514247945,32.29093486546491,21.00000000000001,0.0,0.0,0.0
145.62960593523476,32.300861094363015,21.000000000000007,0.0,0.0,0.0
145.62815641050724,32.31078730670117,21.000000000000007,0.0,0.0,0.0
145.62670656810602,32.32071350246942,21.00000000000001,0.0,0.0,0.0
145.62525640784014,32.33063968165774,21.000000000000007,0.0,0.0,0.0
145.62380592951845,32.34056584425619,21.00000000000001,0.0,0.0,0.0
145.62235513294982,32.35049199025471,21.00000000000001,0.0,0.0,0.0
145.62090401794288,32.36041811964333,21.000000000000007,0.0,0.0,0.0
145.61945258430617,32.370344232412016,21.000000000000007,0.0,0.0,0.0
145.61800083184812,32.380270328550765,21.00000000000001,0.0,0.0,0.0
145.61654876037707,32.39019640804954,21.000000000000007,0.0,0.0,0.0
145.61509636970115,32.4001224708983,21.000000000000007,0.0,0.0,0.0
145.61364365962842,32.41004851708701,21.00000000000001,0.0,0.0,0.0
145.61219062996682,32.41997454660563,21.00000000000001,0.0,0.0,0.0
145.61073728052423,32.4299005594441,21.00000000000001,0.0,0.0,0.0
145.60928361110825,32.439826555592376,21.000000000000007,0.0,0.0,0.0
145.60782962152652,32.44975253504038,21.000000000000007,0.0,0.0,0.0
145.60637531158645,32.459678497778036,21.00000000000001,0.0,0.0,0.0
145.6049206810954,32.46960444379528,21.000000000000007,0.0,0.0,0.0
145.60346572986055,32.479530373082014,21.000000000000007,0.0,0.0,0.0
145.60201045768898,32.48945628562816,21.00000000000001,0.0,0.0,0.0
145.60055486438768,32.4993821814236,21.000000000000007,0.0,0.0,0.0
145.59909894976346,32.50930806045825,21.000000000000007,0.0,0.0,0.0
145.59764271362306,32.51923392272199,21.000000000000007,0.0,0.0,0.0
145.59618615577304,32.5291597682047,21.000000000000007,0.0,0.0,0.0
145.5947292760199,32.53908559689627,21.000000000000007,0.0,0.0,0.0
145.59327207416996,32.549011408786555,21.00000000000001,0.0,0.0,0.0
145.59181455002948,32.55893720386543,21.000000000000007,0.0,0.0,0.0
145.59035670340452,32.56886298212276,21.000000000000007,0.0,0.0,0.0
145.58889853410102,32.57878874354837,21.000000000000007,0.0,0.0,0.0
145.58744004192494,32.588714488132126,21.00000000000001,0.0,0.0,0.0
145.58598122668192,32.59864021586386,21.000000000000007,0.0,0.0,0.0
145.5845220881776,32.608565926733384,21.00000000000001,0.0,0.0,0.0
145.58306262621747,32.618491620730545,21.000000000000007,0.0,0.0,0.0
145.58160284060688,32.628417297845154,21.000000000000007,0.0,0.0,0.0
145.580142731151,32.638342958067035,21.00000000000001,0.0,0.0,0.0
145.57868229765504,32.64826860138598,21.000000000000007,0.0,0.0,0.0
145.57722153992393,32.65819422779178,21.000000000000007,0.0,0.0,0.0
145.5757604577625,32.668119837274254,21.000000000000007,0.0,0.0,0.0
145.57429905097555,32.67804542982315,21.00000000000001,0.0,0.0,0.0
145.57283731936766,32.68797100542829,21.00000000000001,0.0,0.0,0.0
145.5713752627433,32.6978965640794,21.00000000000001,0.0,0.0,0.0
145.56991288090686,32.70782210576628,21.000000000000014,0.0,0.0,0.0
145.56845017366257,32.717747630478684,21.00000000000001,0.0,0.0,0.0
145.56698714081452,32.727673138206356,21.000000000000007,0.0,0.0,0.0
145.56552378216674,32.73759862893904,21.000000000000014,0.0,0.0,0.0
145.56406009752303,32.747524102666475,21.000000000000014,0.0,0.0,0.0
145.56259608668717,32.75744955937842,21.000000000000014,0.0,0.0,0.0
145.56113174946273,32.76737499906457,21.00000000000001,0.0,0.0,0.0
145.55966708565325,32.777300421714656,21.00000000000001,0.0,0.0,0.0
145.55820209506203,32.78722582731839,21.00000000000001,0.0,0.0,0.0
145.5567367774923,32.79715121586548,21.00000000000001,0.0,0.0,0.0
145.55527113274724,32.80707658734563,21.00000000000001,0.0,0.0,0.0
145.55380516062976,32.81700194174852,21.00000000000001,0.0,0.0,0.0
145.55233886094274,32.82692727906384,21.000000000000014,0.0,0.0,0.0
145.5508722334889,32.83685259928127,21.00000000000001,0.0,0.0,0.0
145.54940527807082,32.84677790239051,21.00000000000001,0.0,0.0,0.0
145.547937994491,32.856703188381175,21.00000000000001,0.0,0.0,0.0
145.5464703825518,32.86662845724298,21.00000000000001,0.0,0.0,0.0
145.54500244205545,32.876553708965545,21.00000000000001,0.0,0.0,0.0
145.543534172804,32.88647894353853,21.00000000000001,0.0,0.0,0.0
145.5420655745994,32.896404160951555,21.00000000000001,0.0,0.0,0.0
145.54059664724358,32.906329361194274,21.00000000000001,0.0,0.0,0.0
145.53912739053817,32.916254544256304,21.00000000000001,0.0,0.0,0.0
145.53765780428478,32.926179710127265,21.00000000000001,0.0,0.0,0.0
145.53618788828487,32.936104858796774,21.000000000000007,0.0,0.0,0.0
145.53471764233979,32.94602999025443,21.00000000000001,0.0,0.0,0.0
145.53324706625068,32.95595510448985,21.000000000000014,0.0,0.0,0.0
145.53177615981872,32.96588020149261,21.00000000000001,0.0,0.0,0.0
145.53030492284475,32.975805281252306,21.00000000000001,0.0,0.0,0.0
145.52883335512965,32.98573034375851,21.00000000000001,0.0,0.0,0.0
145.52736145647407,32.995655389000795,21.00000000000001,0.0,0.0,0.0
145.5258892266786,33.005580416968726,21.000000000000014,0.0,0.0,0.0
145.52441666554367,33.01550542765189,21.000000000000018,0.0,0.0,0.0
145.5229437728696,33.025430421039786,21.00000000000001,0.0,0.0,0.0
145.52147054845653,33.035355397122004,21.00000000000001,0.0,0.0,0.0
145.51999699210455,33.04528035588807,21.00000000000001,0.0,0.0,0.0
145.51852310361355,33.05520529732751,21.000000000000014,0.0,0.0,0.0
145.5170488827833,33.065130221429854,21.00000000000001,0.0,0.0,0.0
145.51557432941354,33.07505512818462,21.00000000000001,0.0,0.0,0.0
145.51409944330373,33.08498001758133,21.00000000000001,0.0,0.0,0.0
145.51262422425327,33.094904889609474,21.000000000000007,0.0,0.0,0.0
145.5111486720615,33.10482974425856,21.00000000000001,0.0,0.0,0.0
145.50967278652752,33.114754581518056,21.00000000000001,0.0,0.0,0.0
145.5081965674503,33.12467940137748,21.000000000000014,0.0,0.0,0.0
145.5067200146288,33.1346042038263,21.00000000000001,0.0,0.0,0.0
145.50524312786175,33.14452898885397,21.000000000000014,0.0,0.0,0.0
145.50376590694776,33.15445375644998,21.000000000000014,0.0,0.0,0.0
145.50228835168537,33.16437850660376,21.000000000000014,0.0,0.0,0.0
145.50081046187285,33.1743032393048,21.00000000000001,0.0,0.0,0.0
145.49933223730852,33.18422795454249,21.00000000000001,0.0,0.0,0.0
145.49785367779046,33.19415265230631,21.00000000000001,0.0,0.0,0.0
145.49637478311664,33.20407733258567,21.000000000000014,0.0,0.0,0.0
145.4948955530849,33.214001995370005,21.00000000000001,0.0,0.0,0.0
145.49341598749294,33.223926640648706,21.00000000000001,0.0,0.0,0.0
145.4919360861384,33.233851268411215,21.00000000000001,0.0,0.0,0.0
145.4904558488186,33.24377587864692,21.000000000000014,0.0,0.0,0.0
145.48897527533103,33.25370047134521,21.000000000000018,0.0,0.0,0.0
145.48749436547274,33.263625046495484,21.000000000000018,0.0,0.0,0.0
145.48601311904085,33.273549604087115,21.000000000000014,0.0,0.0,0.0
145.48453153583225,33.28347414410948,21.000000000000018,0.0,0.0,0.0
145.48304961564378,33.29339866655195,21.000000000000014,0.0,0.0,0.0
145.48156735827206,33.303323171403896,21.000000000000018,0.0,0.0,0.0
145.48008476351364,33.313247658654646,21.00000000000001,0.0,0.0,0.0
145.47860183116492,33.323172128293564,21.000000000000014,0.0,0.0,0.0
145.47711856102214,33.33309658030998,21.000000000000018,0.0,0.0,0.0
145.47563495288142,33.34302101469324,21.000000000000018,0.0,0.0,0.0
145.47415100653885,33.35294543143267,21.000000000000018,0.0,0.0,0.0
145.47266672179018,33.36286983051758,21.000000000000014,0.0,0.0,0.0
145.47118209843126,33.37279421193729,21.000000000000014,0.0,0.0,0.0
145.4696971362576,33.38271857568109,21.000000000000014,0.0,0.0,0.0
145.4682118350647,33.3926429217383,21.000000000000014,0.0,0.0,0.0
145.4667261946479,33.402567250098194,21.000000000000018,0.0,0.0,0.0
145.4652402148024,33.41249156075007,21.000000000000014,0.0,0.0,0.0
145.46375389532332,33.422415853683184,21.000000000000018,0.0,0.0,0.0
145.46226723600554,33.43234012888683,21.000000000000014,0.0,0.0,0.0
145.46078023664387,33.44226438635027,21.000000000000014,0.0,0.0,0.0
145.45929289703298,33.452188626062735,21.000000000000014,0.0,0.0,0.0
145.45780521696744,33.4621128480135,21.000000000000014,0.0,0.0,0.0
145.45631719624166,33.47203705219178,21.000000000000014,0.0,0.0,0.0
145.45482883464982,33.48196123858684,21.000000000000018,0.0,0.0,0.0
145.45334013198615,33.491885407187894,21.000000000000018,0.0,0.0,0.0
145.45185108804463,33.501809557984174,21.000000000000014,0.0,0.0,0.0
145.45036170261912,33.51173369096487,21.000000000000014,0.0,0.0,0.0
145.44887197550335,33.521657806119215,21.000000000000014,0.0,0.0,0.0
145.4473819064909,33.53158190343638,21.000000000000018,0.0,0.0,0.0
145.44589149537526,33.5415059829056,21.000000000000014,0.0,0.0,0.0
145.44440074194975,33.55143004451602,21.000000000000018,0.0,0.0,0.0
145.44290964600756,33.56135408825683,21.000000000000018,0.0,0.0,0.0
145.44141820734177,33.571278114117206,21.000000000000014,0.0,0.0,0.0
145.43992642574528,33.58120212208632,21.000000000000018,0.0,0.0,0.0
145.43843430101091,33.591126112153326,21.000000000000014,0.0,0.0,0.0
145.43694183293127,33.60105008430735,21.000000000000014,0.0,0.0,0.0
145.43544902129892,33.61097403853757,21.000000000000014,0.0,0.0,0.0
145.43395586590626,33.62089797483309,21.000000000000014,0.0,0.0,0.0
145.43246236654545,33.63082189318307,21.000000000000014,0.0,0.0,0.0
145.43096852300866,33.640745793576606,21.000000000000018,0.0,0.0,0.0
145.42947433508786,33.65066967600283,21.000000000000014,0.0,0.0,0.0
145.42797980257492,33.66059354045083,21.000000000000018,0.0,0.0,0.0
145.4264849252615,33.67051738690973,21.000000000000014,0.0,0.0,0.0
145.4249897029392,33.6804412153686,21.000000000000014,0.0,0.0,0.0
145.42349413539938,33.69036502581654,21.000000000000018,0.0,0.0,0.0
145.42199822243344,33.70028881824263,21.000000000000014,0.0,0.0,0.0
145.42050196383244,33.71021259263592,21.000000000000014,0.0,0.0,0.0
145.41900535938748,33.720136348985505,21.000000000000014,0.0,0.0,0.0
145.4175084088894,33.73006008728043,21.000000000000018,0.0,0.0,0.0
145.41601111212896,33.73998380750973,21.000000000000014,0.0,0.0,0.0
145.41451346889676,33.74990750966246,21.000000000000018,0.0,0.0,0.0
145.41301547898325,33.759831193727656,21.000000000000018,0.0,0.0,0.0
145.41151714217884,33.76975485969435,21.000000000000018,0.0,0.0,0.0
145.41001845827367,33.77967850755155,21.000000000000014,0.0,0.0,0.0
145.4085194270578,33.789602137288284,21.000000000000018,0.0,0.0,0.0
145.40702004832116,33.799525748893544,21.000000000000014,0.0,0.0,0.0
145.40552032185354,33.80944934235635,21.000000000000014,0.0,0.0,0.0
145.40402024744458,33.81937291766567,21.000000000000014,0.0,0.0,0.0
145.4025198248838,33.8292964748105,21.000000000000018,0.0,0.0,0.0
145.40101905396057,33.839220013779816,21.000000000000018,0.0,0.0,0.0
145.39951793446411,33.849143534562586,21.000000000000014,0.0,0.0,0.0
145.3980164661835,33.85906703714778,21.000000000000014,0.0,0.0,0.0
145.39651464890773,33.868990521524346,21.000000000000018,0.0,0.0,0.0
145.3950124824256,33.87891398768124,21.000000000000018,0.0,0.0,0.0
145.39350996652576,33.88883743560739,21.000000000000014,0.0,0.0,0.0
145.3920071009968,33.89876086529175,21.000000000000018,0.0,0.0,0.0
145.39050388562708,33.908684276723214,21.000000000000018,0.0,0.0,0.0
145.38900032020487,33.91860766989072,21.000000000000018,0.0,0.0,0.0
145.3874964045183,33.9285310447832,21.000000000000018,0.0,0.0,0.0
145.3859921383553,33.93845440138953,21.000000000000018,0.0,0.0,0.0
145.38448752150381,33.948377739698614,21.000000000000014,0.0,0.0,0.0
145.38298255375145,33.95830105969934,21.000000000000014,0.0,0.0,0.0
145.3814772348858,33.96822436138059,21.000000000000014,0.0,0.0,0.0
145.37997156469427,33.97814764473124,21.000000000000018,0.0,0.0,0.0
145.3784655429642,33.98807090974016,21.00000000000002,0.0,0.0,0.0
145.3769591694827,33.99799415639621,21.000000000000018,0.0,0.0,0.0
145.37545244403668,34.00791738468824,21.000000000000018,0.0,0.0,0.0
145.37394536641315,34.0178405946051,21.000000000000018,0.0,0.0,0.0
145.3724379363987,34.027763786135615,21.000000000000018,0.0,0.0,0.0
145.37093015378002,34.03768695926863,21.000000000000018,0.0,0.0,0.0
145.36942201834347,34.04761011399296,21.000000000000018,0.0,0.0,0.0
145.36791352987538,34.057533250297446,21.000000000000018,0.0,0.0,0.0
145.3664046881619,34.067456368170845,21.000000000000018,0.0,0.0,0.0
145.36489549298904,34.07737946760199,21.000000000000018,0.0,0.0,0.0
145.3633859441427,34.08730254857968,21.000000000000018,0.0,0.0,0.0
145.36187604140855,34.09722561109269,21.00000000000002,0.0,0.0,0.0
145.36036578457222,34.1071486551298,21.000000000000018,0.0,0.0,0.0
145.3588551734192,34.117071680679764,21.000000000000018,0.0,0.0,0.0
145.35734420773468,34.1269946877314,21.000000000000018,0.0,0.0,0.0
145.35583288730393,34.1369176762734,21.000000000000018,0.0,0.0,0.0
145.35432121191195,34.146840646294535,21.000000000000014,0.0,0.0,0.0
145.3528091813436,34.15676359778355,21.000000000000018,0.0,0.0,0.0
145.3512967953836,34.166686530729194,21.000000000000018,0.0,0.0,0.0
145.34978405381656,34.176609445120164,21.000000000000018,0.0,0.0,0.0
145.34827095642697,34.18653234094519,21.00000000000002,0.0,0.0,0.0
145.3467575029991,34.196455218193,21.000000000000018,0.0,0.0,0.0
145.34524369331714,34.20637807685227,21.00000000000002,0.0,0.0,0.0
145.3437295271651,34.216300916911706,21.00000000000002,0.0,0.0,0.0
145.34221500432685,34.22622373836001,21.000000000000018,0.0,0.0,0.0
145.34070012458614,34.23614654118584,21.000000000000018,0.0,0.0,0.0
145.33918488772656,34.24606932537789,21.000000000000018,0.0,0.0,0.0
145.33766929353152,34.25599209092482,21.000000000000018,0.0,0.0,0.0
145.3361533417844,34.26591483781528,21.000000000000018,0.0,0.0,0.0
145.33463703226835,34.275837566037914,21.00000000000002,0.0,0.0,0.0
145.3331203647663,34.285760275581396,21.000000000000018,0.0,0.0,0.0
145.33160333906125,34.29568296643434,21.00000000000002,0.0,0.0,0.0
145.33008595493584,34.30560563858537,21.000000000000018,0.0,0.0,0.0
145.32856821217268,34.31552829202311,21.000000000000018,0.0,0.0,0.0
145.32705011055424,34.325450926736174,21.000000000000018,0.0,0.0,0.0
145.32553164986274,34.33537354271317,21.000000000000018,0.0,0.0,0.0
145.32401282988044,34.345296139942704,21.000000000000018,0.0,0.0,0.0
145.32249365038928,34.35521871841334,21.000000000000018,0.0,0.0,0.0
145.32097411117107,34.36514127811368,21.000000000000018,0.0,0.0,0.0
145.31945421200766,34.375063819032306,21.000000000000018,0.0,0.0,0.0
145.3179339526805,34.38498634115776,21.00000000000002,0.0,0.0,0.0
145.3164133329711,34.39490884447863,21.000000000000018,0.0,0.0,0.0
145.31489235266068,34.404831328983434,21.000000000000018,0.0,0.0,0.0
145.31337101153042,34.41475379466075,21.000000000000018,0.0,0.0,0.0
145.3118493093613,34.424676241499085,21.000000000000018,0.0,0.0,0.0
145.3103272459341,34.43459866948699,21.000000000000018,0.0,0.0,0.0
145.30880482102958,34.444521078612965,21.000000000000018,0.0,0.0,0.0
145.30728203442828,34.454443468865556,21.000000000000018,0.0,0.0,0.0
145.30575888591065,34.464365840233235,21.000000000000014,0.0,0.0,0.0
145.30423537525684,34.47428819270451,21.000000000000018,0.0,0.0,0.0
145.30271150224706,34.48421052626787,21.000000000000018,0.0,0.0,0.0
145.30118726666123,34.49413284091182,21.000000000000018,0.0,0.0,0.0
145.29966266827915,34.50405513662479,21.000000000000018,0.0,0.0,0.0
145.29813770688054,34.51397741339529,21.000000000000018,0.0,0.0,0.0
145.29661238224486,34.52389967121176,21.00000000000002,0.0,0.0,0.0
