galstreams/tracks/track.st.Gaia-6.ibata2021.ecsv
# %ECSV 0.9
# ---
# datatype:
# - {name: ra, unit: deg, datatype: float64}
# - {name: dec, unit: deg, datatype: float64}
# - {name: distance, unit: kpc, datatype: float64}
# - {name: pm_ra_cosdec, unit: mas / yr, datatype: float64}
# - {name: pm_dec, unit: mas / yr, datatype: float64}
# - {name: radial_velocity, unit: km / s, datatype: float64}
# delimiter: ','
# meta: !!omap
# - __serialized_columns__:
#     dec:
#       __class__: astropy.coordinates.angles.Latitude
#       unit: &id001 !astropy.units.Unit {unit: deg}
#       value: !astropy.table.SerializedColumn {name: dec}
#     distance:
#       __class__: astropy.coordinates.distances.Distance
#       unit: !astropy.units.Unit {unit: kpc}
#       value: !astropy.table.SerializedColumn {name: distance}
#     pm_dec:
#       __class__: astropy.units.quantity.Quantity
#       unit: !astropy.units.Unit {unit: mas / yr}
#       value: !astropy.table.SerializedColumn {name: pm_dec}
#     pm_ra_cosdec:
#       __class__: astropy.units.quantity.Quantity
#       unit: !astropy.units.Unit {unit: mas / yr}
#       value: !astropy.table.SerializedColumn {name: pm_ra_cosdec}
#     ra:
#       __class__: astropy.coordinates.angles.Longitude
#       unit: *id001
#       value: !astropy.table.SerializedColumn {name: ra}
#       wrap_angle: !astropy.coordinates.Angle
#         unit: *id001
#         value: 360.0
#     radial_velocity:
#       __class__: astropy.units.quantity.Quantity
#       unit: !astropy.units.Unit {unit: km / s}
#       value: !astropy.table.SerializedColumn {name: radial_velocity}
# schema: astropy-2.0
ra,dec,distance,pm_ra_cosdec,pm_dec,radial_velocity
[from data line 1669]
219.76065120450122,36.27157927897152,8.960145642501837,-7.845022108292064,-6.238072922138285,1.6841534259744676e-14
219.77079423672532,36.27734320690028,8.961912078928217,-7.843483713120245,-6.2351648469920855,1.6841534259744676e-14
219.78093953545078,36.28310545782049,8.963679995430653,-7.841942250351744,-6.232256718579887,5.0524602779234026e-14
219.79108710202894,36.288866029961454,8.965449391423821,-7.840397716224155,-6.229348538545208,1.0104920555846805e-13
219.80123693781053,36.29462492155186,8.967220266322396,-7.838850106975326,-6.226440308533947,5.0524602779234026e-14
219.81138904414553,36.30038213081983,8.96899261954105,-7.8372994188433625,-6.223532030194391,0.0
219.82154342238306,36.30613765599298,8.970766450494455,-7.835745648066624,-6.22062370517722,5.0524602779234026e-14
219.83170007387164,36.311891495298326,8.972541758597286,-7.834188790883717,-6.217715335135495,1.6841534259744676e-14
219.8418589999589,36.31764364696233,8.974318543264216,-7.832628843533506,-6.214806921724674,3.368306851948935e-14
219.85202020199176,36.32339410921093,8.976096803909916,-7.831065802255132,-6.211898466602616,5.0524602779234026e-14
219.86218368131645,36.32914288026947,8.977876539949065,-7.829499663287969,-6.208989971429568,3.368306851948935e-14
219.87234943927837,36.33488995836276,8.979657750796328,-7.82793042287167,-6.206081437868183,-1.0104920555846805e-13
219.88251747722214,36.340635341715014,8.981440435866386,-7.826358077246132,-6.203172867583509,1.1789073981821273e-13
219.8926877964917,36.34637902854993,8.983224594573912,-7.824782622651526,-6.200264262242999,3.368306851948935e-14
219.90286039843016,36.352121017090624,8.985010226333571,-7.823204055328284,-6.1973556235165175,1.1789073981821273e-13
219.91303528437993,36.35786130555969,8.986797330560043,-7.821622371517092,-6.19444695307632,1.0104920555846805e-13
219.92321245568257,36.36359989217909,8.988585906668003,-7.820037567458914,-6.191538252597094,1.0104920555846805e-13
219.93339191367895,36.3693367751703,8.990375954072121,-7.818449639394963,-6.188629523755913,1.6841534259744676e-14
219.9435736597091,36.375071952754176,8.992167472187067,-7.8168585835667415,-6.185720768232298,6.73661370389787e-14
219.95375769511233,36.380805423151074,8.993960460427521,-7.815264396215988,-6.182811987708146,6.73661370389787e-14
219.9639440212272,36.386537184580746,8.995754918208155,-7.813667073584737,-6.1799031838678,1.0104920555846805e-13
219.97413263939146,36.392267235262416,8.997550844943635,-7.812066611915282,-6.176994358398015,8.420767129872338e-14
219.98432355094204,36.39799557341472,8.999348240048644,-7.810463007450183,-6.174085512987966,1.515738083377021e-13
219.99451675721522,36.403722197255746,9.001147102937852,-7.808856256432274,-6.171176649329247,6.73661370389787e-14
220.00471225954635,36.409447105003025,9.00294743302593,-7.807246355104657,-6.168267769115891,1.1789073981821273e-13
220.01491005927014,36.41517029487352,9.004749229727553,-7.805633299710717,-6.165358874044349,6.73661370389787e-14
220.0251101577204,36.42089176508364,9.006552492457395,-7.804017086494106,-6.162449965813505,1.1789073981821273e-13
220.03531255623025,36.42661151384924,9.008357220630128,-7.802397711698747,-6.159541046124678,1.1789073981821273e-13
220.045517256132,36.432329539385584,9.010163413660424,-7.800775171568857,-6.156632116681616,1.347322740779574e-13
220.05572425875712,36.43804583990742,9.011971070962959,-7.7991494623488995,-6.153723179190512,1.8525687685719145e-13
220.06593356543638,36.443760413628894,9.013780191952407,-7.797520580283648,-6.150814235359984,-1.6841534259744676e-14
220.0761451774997,36.44947325876361,9.015590776043439,-7.795888521618133,-6.147905286901106,-1.6841534259744676e-14
220.0863590962762,36.455184373524624,9.017402822650729,-7.79425328259767,-6.1449963355273844,6.73661370389787e-14
220.0965753230943,36.460893756124385,9.019216331188948,-7.7926148594678635,-6.1420873829547755,8.420767129872338e-14
220.1067938592815,36.46660140477485,9.021031301072773,-7.790973248474594,-6.139178430901683,6.73661370389787e-14
220.1170147061646,36.472307317687346,9.022847731716876,-7.789328445864014,-6.136269481088956,1.6841534259744676e-14
220.1272378650696,36.478011493072664,9.024665622535933,-7.787680447882583,-6.133360535239892,1.6841534259744676e-14
220.1374633373216,36.48371392914105,9.026484972944612,-7.786029250777032,-6.1304515950802525,1.1789073981821273e-13
220.14769112424503,36.48941462410216,9.02830578235759,-7.784374850794372,-6.127542662338247,1.0104920555846805e-13
220.15792122716346,36.49511357616511,9.03012805018954,-7.782717244181915,-6.124633738744543,5.0524602779234026e-14
220.16815364739963,36.50081078353843,9.03195177585513,-7.781056427187251,-6.1217248260322705,8.420767129872338e-14
220.17838838627554,36.50650624443011,9.03377695876904,-7.7793923960582605,-6.118815925937016,5.0524602779234026e-14
220.18862544511234,36.51219995704758,9.03560359834594,-7.7777251470431175,-6.115907040196833,-5.0524602779234026e-14
220.19886482523037,36.51789191959767,9.037431694000507,-7.776054676390282,-6.112998170552243,6.73661370389787e-14
220.2091065279492,36.52358213028668,9.039261245147411,-7.774380980348511,-6.110089318746236,5.0524602779234026e-14
220.21935055458752,36.52927058732034,9.041092251201325,-7.772704055166849,-6.107180486524264,1.515738083377021e-13
220.2295969064633,36.53495728890381,9.042924711576925,-7.771023897094638,-6.104271675634257,5.0524602779234026e-14
220.23984558489366,36.5406422332417,9.04475862568888,-7.769340502381521,-6.10136288782662,1.0104920555846805e-13
220.25009659119485,36.54632541853803,9.046593992951866,-7.767653867277426,-6.098454124854239,5.0524602779234026e-14
220.26034992668232,36.55200684299629,9.048430812780559,-7.765963988032575,-6.095545388472466,1.515738083377021e-13
220.27060559267082,36.55768650481938,9.050269084589628,-7.764270860897506,-6.0926366804391385,0.0
220.28086359047413,36.563364402209636,9.052108807793747,-7.762574482123044,-6.089728002514592,-3.368306851948935e-14
220.29112392140522,36.56904053336885,9.053949981807591,-7.760874847960316,-6.086819356461625,1.1789073981821273e-13
220.30138658677637,36.57471489649822,9.055792606045832,-7.759171954660744,-6.083910744045525,5.0524602779234026e-14
220.31165158789892,36.580387489798426,9.057636679923142,-7.757465798476064,-6.081002167034088,0.0
220.32191892608338,36.58605831146952,9.059482202854198,-7.755756375658307,-6.07809362719758,1.6841534259744676e-14
220.3321886026395,36.59172735971104,9.061329174253673,-7.754043682459818,-6.075185126308776,3.368306851948935e-14
220.34246061887615,36.59739463272194,9.063177593536235,-7.752327715133229,-6.072276666142935,1.347322740779574e-13
220.3527349761014,36.60306012870059,9.065027460116564,-7.7506084699315,-6.069368248477815,6.73661370389787e-14
220.3630116756224,36.60872384584484,9.066878773409325,-7.748885943107881,-6.066459875093686,2.020984111169361e-13
220.37329071874566,36.614385782351945,9.068731532829203,-7.747160130915936,-6.063551547773299,1.0104920555846805e-13
220.38357210677663,36.62004593641859,9.07058573779086,-7.745431029609551,-6.060643268301927,1.6841534259744677e-13
220.39385584102007,36.62570430624089,9.072441387708977,-7.743698635442901,-6.057735038467339,3.368306851948935e-14
220.40414192277981,36.631360890014435,9.074298481998225,-7.7419629446704885,-6.054826860059817,5.0524602779234026e-14
220.41443035335894,36.63701568593417,9.076157020073275,-7.740223953547121,-6.051918734872153,1.515738083377021e-13
220.4247211340596,36.64266869219458,9.078017001348803,-7.7384816583279195,-6.049010664699644,5.0524602779234026e-14
220.43501426618317,36.6483199069895,9.079878425239482,-7.736736055268328,-6.046102651340114,-1.6841534259744676e-14
220.44530975103012,36.65396932851222,9.081741291159984,-7.734987140624097,-6.0431946965938925,1.6841534259744676e-14
220.45560758990013,36.65961695495547,9.08360559852498,-7.733234910651305,-6.040286802263838,8.420767129872338e-14
220.465907784092,36.66526278451141,9.085471346749149,-7.731479361606332,-6.037378970155316,1.347322740779574e-13
220.47621033490367,36.670906815371644,9.087338535247161,-7.7297204897458895,-6.034471202076224,8.420767129872338e-14
220.48651524363223,36.6765490457272,9.089207163433688,-7.727958291327011,-6.031563499836992,1.347322740779574e-13
220.49682251157398,36.68218947376852,9.091077230723409,-7.726192762607039,-6.028655865250554,5.0524602779234026e-14
220.50713214002425,36.6878280976855,9.092948736530994,-7.724423899843645,-6.025748300132399,8.420767129872338e-14
220.51744413027762,36.69346491566746,9.09482168027111,-7.722651699294834,-6.022840806300534,8.420767129872338e-14
220.52775848362776,36.699099925903184,9.09669606135844,-7.72087615721892,-6.0199333855755,8.420767129872338e-14
220.53807520136746,36.704733126580834,9.098571879207654,-7.719097269874546,-6.017026039780378,6.73661370389787e-14
220.54839428478869,36.71036451588804,9.100449133233422,-7.717315033520688,-6.01411877074078,1.515738083377021e-13
220.55871573518255,36.71599409201184,9.102327822850423,-7.715529444416642,-6.011211580284863,3.368306851948935e-14
220.56903955383925,36.72162185313875,9.104207947473325,-7.713740498822041,-6.008304470243327,1.6841534259744676e-14
220.57936574204817,36.72724779745464,9.106089506516803,-7.711948192996843,-6.005397442449416,1.1789073981821273e-13
220.58969430109778,36.73287192314489,9.107972499395535,-7.710152523201332,-6.002490498738914,1.347322740779574e-13
220.60002523227573,36.738494228394266,9.109856925524184,-7.708353485696138,-5.99958364095016,1.6841534259744676e-14
220.61035853686872,36.744114711386985,9.111742784317437,-7.706551076742205,-5.996676870924041,1.515738083377021e-13
220.62069421616266,36.74973337030667,9.113630075189956,-7.704745292600835,-5.993770190504001,0.0
220.63103227144256,36.75535020333642,9.115518797556415,-7.702936129533646,-5.990863601536031,-1.6841534259744676e-14
220.6413727039925,36.76096520865871,9.117408950831496,-7.701123583802589,-5.9879571058686825,5.0524602779234026e-14
220.65171551509573,36.76657838445547,9.119300534429865,-7.699307651669979,-5.985050705353068,8.420767129872338e-14
220.6620607060347,36.77218972890809,9.121193547766195,-7.697488329398447,-5.982144401842854,-1.6841534259744676e-14
220.6724082780908,36.77779924019733,9.123087990255163,-7.695665613250966,-5.97923819719429,3.368306851948935e-14
220.68275823254464,36.78340691650344,9.124983861311442,-7.693839499490854,-5.976332093266162,1.1789073981821273e-13
220.69311057067597,36.78901275600605,9.1268811603497,-7.692009984381782,-5.973426091919848,5.0524602779234026e-14
220.7034652937636,36.79461675688426,9.128779886784617,-7.690177064187741,-5.970520195019279,8.420767129872338e-14
220.7138224030855,36.80021891731658,9.13068004003086,-7.688340735173084,-5.967614404430972,8.420767129872338e-14
220.72418189991868,36.80581923548093,9.132581619503112,-7.686500993602501,-5.964708722024007,6.73661370389787e-14
220.73454378553927,36.81141770955472,9.134484624616038,-7.684657835741032,-5.961803149670041,5.0524602779234026e-14
220.74490806122262,36.81701433771472,9.136389054784312,-7.682811257854064,-5.95889768924332,6.73661370389787e-14
220.75527472824308,36.82260911813717,9.138294909422607,-7.680961256207336,-5.955992342620652,-1.6841534259744676e-14
220.76564378787407,36.828202048997724,9.140202187945603,-7.679107827066928,-5.953087111681448,3.368306851948935e-14
220.7760152413882,36.83379312847148,9.142110889767967,-7.677250966699277,-5.950181998307688,0.0
220.78638909005713,36.83938235473295,9.144021014304371,-7.6753906713711775,-5.947277004383949,8.420767129872338e-14
220.79676533515166,36.84496972595608,9.14593256096949,-7.673526937349771,-5.944372131797394,1.1789073981821273e-13
220.80714397794165,36.850555240314236,9.147845529178003,-7.671659760902546,-5.941467382437764,6.73661370389787e-14
220.81752501969603,36.85613889598024,9.149759918344577,-7.669789138297365,-5.938562758197415,5.0524602779234026e-14
220.82790846168294,36.86172069112629,9.151675727883886,-7.6679150658024255,-5.935658260971282,6.73661370389787e-14
220.83829430516946,36.86730062392407,9.153592957210602,-7.666037539686308,-5.9327538926569074,-3.368306851948935e-14
220.84868255142183,36.87287869254468,9.155511605739404,-7.664156556217929,-5.929849655154432,8.420767129872338e-14
220.8590732017054,36.87845489515859,9.157431672884961,-7.66227211166657,-5.926945550366584,1.8525687685719145e-13
220.8694662572846,36.88402922993579,9.159353158061945,-7.660384202301893,-5.92404158019872,3.368306851948935e-14
220.87986171942293,36.88960169504561,9.161276060685037,-7.658492824393895,-5.921137746558779,1.6841534259744676e-14
220.8902595893829,36.89517228865687,9.1632003801689,-7.656597974212954,-5.918234051357326,1.515738083377021e-13
220.9006598684263,36.90074100893779,9.165126115928215,-7.65469964802981,-5.915330496507526,5.0524602779234026e-14
220.91106255781378,36.90630785405603,9.167053267377646,-7.652797842115566,-5.912427083925159,6.73661370389787e-14
220.92146765880517,36.911872822178665,9.16898183393188,-7.650892552741692,-5.90952381552862,1.0104920555846805e-13
220.93187517265937,36.9174359114722,9.17091181500558,-7.648983776180029,-5.906620693238924,1.8525687685719145e-13
220.9422851006344,36.922997120102565,9.17284321001342,-7.647071508702783,-5.903717718979694,3.368306851948935e-14
220.95269744398726,36.92855644623512,9.17477601837008,-7.645155746582538,-5.900814894677184,1.6841534259744676e-14
220.96311220397408,36.93411388803465,9.176710239490225,-7.643236486092241,-5.897912222260276,1.0104920555846805e-13
220.97352938185006,36.93966944366538,9.178645872788538,-7.6413137235052195,-5.89500970366046,1.0104920555846805e-13
220.98394897886942,36.94522311129094,9.180582917679681,-7.639387455095177,-5.892107340811867,-1.0104920555846805e-13
220.9943709962855,36.950774889074395,9.182521373578334,-7.637457677136179,-5.889205135651256,5.0524602779234026e-14
221.0047954353507,36.956324775178246,9.18446123989917,-7.635524385902677,-5.8863030901180124,3.368306851948935e-14
221.01522229731648,36.9618727677644,9.18640251605686,-7.633587577669503,-5.88340120615416,1.6841534259744676e-14
221.0256515834333,36.96741886499421,9.18834520146608,-7.631647248711861,-5.880499485704357,0.0
221.0360832949507,36.97296306502843,9.190289295541499,-7.629703395305342,-5.877597930715899,6.73661370389787e-14
221.04651743311743,36.97850536602727,9.192234797697797,-7.627756013725908,-5.874696543138719,8.420767129872338e-14
221.05695399918108,36.98404576615035,9.19418170734964,-7.625805100249914,-5.871795324925403,1.347322740779574e-13
221.0673929943884,36.98958426355671,9.19613002391171,-7.623850651154092,-5.868894278031169,1.1789073981821273e-13
221.0778344199852,36.995120856404824,9.198079746798673,-7.621892662715566,-5.865993404413887,0.0
221.08827827721626,37.0006555428526,9.200030875425202,-7.619931131211835,-5.863092706034084,1.1789073981821273e-13
221.09872456732552,37.00618832105732,9.201983409205978,-7.617966052920793,-5.86019218485492,1.515738083377021e-13
221.10917329155592,37.011719189175786,9.203937347555662,-7.615997424120732,-5.857291842842226,6.73661370389787e-14
221.1196244511494,37.01724814536412,9.205892689888941,-7.614025241090309,-5.854391681964476,1.6841534259744676e-14
221.13007804734704,37.02277518777796,9.207849435620476,-7.612049500108594,-5.851491704192808,5.0524602779234026e-14
221.14053408138884,37.02830031457229,9.20980758416495,-7.610070197455028,-5.848591911501015,5.0524602779234026e-14
221.15099255451392,37.033823523901575,9.211767134937032,-7.608087329409472,-5.845692305865558,1.8525687685719145e-13
221.16145346796048,37.03934481391968,9.213728087351395,-7.606100892252163,-5.842792889265555,3.368306851948935e-14
221.17191682296564,37.044864182779904,9.215690440822712,-7.604110882263734,-5.839893663682792,8.420767129872338e-14
221.18238262076562,37.05038162863496,9.21765419476566,-7.602117295725222,-5.836994631101729,1.347322740779574e-13
