galstreams/tracks/track.st.Orphan-Chenab.koposov2019.ecsv
# %ECSV 1.0
# ---
# datatype:
# - {name: ra, unit: deg, datatype: float64}
# - {name: dec, unit: deg, datatype: float64}
# - {name: distance, unit: kpc, datatype: float64}
# - {name: pm_ra_cosdec, unit: mas / yr, datatype: float64}
# - {name: pm_dec, unit: mas / yr, datatype: float64}
# - {name: radial_velocity, unit: km / s, datatype: float64}
# delimiter: ','
# meta: !!omap
# - __serialized_columns__:
#     dec:
#       __class__: astropy.coordinates.angles.Latitude
#       unit: &id001 !astropy.units.Unit {unit: deg}
#       value: !astropy.table.SerializedColumn {name: dec}
#     distance:
#       __class__: astropy.coordinates.distances.Distance
#       unit: !astropy.units.Unit {unit: kpc}
#       value: !astropy.table.SerializedColumn {name: distance}
#     pm_dec:
#       __class__: astropy.units.quantity.Quantity
#       unit: !astropy.units.Unit {unit: mas / yr}
#       value: !astropy.table.SerializedColumn {name: pm_dec}
#     pm_ra_cosdec:
#       __class__: astropy.units.quantity.Quantity
#       unit: !astropy.units.Unit {unit: mas / yr}
#       value: !astropy.table.SerializedColumn {name: pm_ra_cosdec}
#     ra:
#       __class__: astropy.coordinates.angles.Longitude
#       unit: *id001
#       value: !astropy.table.SerializedColumn {name: ra}
#       wrap_angle: !astropy.coordinates.Angle
#         unit: *id001
#         value: 360.0
#     radial_velocity:
#       __class__: astropy.units.quantity.Quantity
#       unit: !astropy.units.Unit {unit: km / s}
#       value: !astropy.table.SerializedColumn {name: radial_velocity}
# schema: astropy-2.0
ra,dec,distance,pm_ra_cosdec,pm_dec,radial_velocity
[from data line 135]
357.2688354321765,-59.65856476862103,24.502141916505884,-0.1715188903893016,-1.6544511517830673,-5.0524602779234026e-14
357.2886801405155,-59.65788659383535,24.510498656754194,-0.16989450874645912,-1.6535443090709512,-1.6841534259744676e-14
357.30852434319763,-59.65720925969637,24.518855315186826,-0.16827658130292805,-1.6526387292020017,-8.420767129872338e-14
357.3283680435222,-59.656532766262906,24.527211891803788,-0.16666510644210436,-1.6517344177520172,-3.368306851948935e-14
357.34821124478805,-59.65585711359257,24.535568386605075,-0.16506008254435323,-1.650831380295213,-5.0524602779234026e-14
357.3680539502937,-59.65518230174179,24.543924799590688,-0.16346150798701595,-1.6499296224042121,-6.73661370389787e-14
357.3878961633376,-59.654508330765886,24.552281130760623,-0.1618693811443937,-1.6490291496500564,-3.368306851948935e-14
357.4077378872176,-59.65383520071896,24.560637380114887,-0.16028370038776873,-1.648129967602199,-6.73661370389787e-14
357.42757912523126,-59.65316291165395,24.56899354765347,-0.15870446408539174,-1.647232081828512,-8.420767129872338e-14
357.44741988067585,-59.65249146362267,24.57734963337639,-0.15713167060248734,-1.646335497895283,-6.73661370389787e-14
357.4672601568483,-59.6518208566757,24.585705637283628,-0.1555653183012499,-1.6454402213672237,-3.368306851948935e-14
357.487099957045,-59.65115109086249,24.594061559375195,-0.15400540554085104,-1.644546257807459,-5.0524602779234026e-14
357.50693928456235,-59.650482166231335,24.602417399651088,-0.1524519306774352,-1.6436536127775399,-1.6841534259744676e-14
357.5267781426962,-59.64981408282932,24.610773158111304,-0.15090489206411647,-1.6427622918374396,-8.420767129872338e-14
357.5466165347419,-59.64914684070242,24.619128834755845,-0.14936428805099128,-1.6418723005455524,0.0
357.56645446399483,-59.648480439895366,24.62748442958472,-0.14783011698512383,-1.640983644458699,-5.0524602779234026e-14
357.5862919337496,-59.6478148804518,24.635839942597908,-0.14630237721056177,-1.6400963291321267,-5.0524602779234026e-14
357.606128947301,-59.64715016241416,24.644195373795426,-0.14478106706831753,-1.639210360119509,-3.368306851948935e-14
357.62596550794296,-59.64648628582369,24.65255072317727,-0.14326618489639018,-1.6383257429729485,-1.6841534259744676e-14
357.64580161896936,-59.64582325072053,24.660905990743437,-0.14175772902975076,-1.6374424832429773,-5.0524602779234026e-14
357.6656372836736,-59.64516105714362,24.669261176493936,-0.1402556978003487,-1.636560586478557,-5.0524602779234026e-14
357.6854725053488,-59.64449970513071,24.67761628042876,-0.1387600895371115,-1.6356800582270823,-1.6841534259744676e-14
357.7053072872877,-59.643839194718424,24.685971302547912,-0.13727090256594215,-1.6348009040343816,-8.420767129872338e-14
357.72514163278277,-59.64317952594223,24.694326242851382,-0.13578813520972471,-1.6339231294447156,-1.6841534259744676e-14
357.74497554512584,-59.64252069883634,24.702681101339177,-0.13431178578832215,-1.6330467400007824,-3.368306851948935e-14
357.76480902760875,-59.64186271343392,24.7110358780113,-0.1328418526185754,-1.6321717412437158,-5.0524602779234026e-14
357.7846420835228,-59.6412055697669,24.719390572867752,-0.13137833401430385,-1.6312981387130863,-3.368306851948935e-14
357.804474716159,-59.640549267866064,24.727745185908535,-0.12992122828630934,-1.6304259379469048,-6.73661370389787e-14
357.8243069288078,-59.639893807761005,24.73609971713363,-0.1284705337423755,-1.629555144481622,-5.0524602779234026e-14
357.8441387247598,-59.63923918948019,24.744454166543058,-0.1270262486872592,-1.6286857638521295,-5.0524602779234026e-14
357.8639701073046,-59.63858541305091,24.752808534136822,-0.12558837142270562,-1.6278178015917606,-3.368306851948935e-14
357.88380107973194,-59.63793247849926,24.76116281991489,-0.12415690024744055,-1.6269512632322956,-6.73661370389787e-14
357.90363164533096,-59.63728038585021,24.7695170238773,-0.12273183345716882,-1.6260861543039546,-1.6841534259744676e-14
357.9234618073905,-59.63662913512754,24.777871146024026,-0.12131316934457875,-1.6252224803354065,-5.0524602779234026e-14
357.94329156919895,-59.63597872635389,24.78622518635508,-0.11990090619934357,-1.6243602468537666,-5.0524602779234026e-14
357.96312093404447,-59.635329159550714,24.794579144870465,-0.11849504230811583,-1.6234994593845975,-3.368306851948935e-14
357.9829499052149,-59.6346804347383,24.80293302157017,-0.11709557595453224,-1.6226401234519152,-3.368306851948935e-14
358.0027784859975,-59.63403255193577,24.811286816454196,-0.11570250541921684,-1.621782244578179,-8.420767129872338e-14
358.02260667967937,-59.63338551116114,24.819640529522555,-0.11431582897977254,-1.620925828284307,-5.0524602779234026e-14
358.0424344895471,-59.63273931243116,24.827994160775244,-0.11293554491079133,-1.620070880089664,-6.73661370389787e-14
358.0622619188871,-59.632093955761505,24.83634771021225,-0.11156165148384216,-1.619217405512075,-3.368306851948935e-14
358.08208897098524,-59.63144944116663,24.84470117783358,-0.11019414696748758,-1.6183654100678153,-1.6841534259744676e-14
358.10191564912714,-59.630805768659876,24.853054563639247,-0.10883302962727143,-1.617514899271617,0.0
358.1217419565979,-59.63016293825335,24.861407867629232,-0.10747829772572423,-1.616665878636673,-8.420767129872338e-14
358.1415678966824,-59.62952094995809,24.869761089803546,-0.1061299495223621,-1.61581835367463,-3.368306851948935e-14
358.16139347266505,-59.62887980378389,24.878114230162176,-0.10478798327368732,-1.614972329895598,-6.73661370389787e-14
358.18121868783,-59.62823949973943,24.886467288705145,-0.10345239723318835,-1.6141278128081455,-5.0524602779234026e-14
358.20104354546095,-59.62760003783218,24.894820265432436,-0.10212318965134268,-1.6132848079193043,-3.368306851948935e-14
358.2208680488413,-59.626961418068504,24.903173160344046,-0.10080035877561114,-1.6124433207345696,-5.0524602779234026e-14
358.2406922012539,-59.626323640453585,24.911525973439986,-0.09948390285044659,-1.6116033567578993,-3.368306851948935e-14
358.2605160059814,-59.6256867049914,24.91987870472025,-0.09817382011729045,-1.6107649214917172,-1.6841534259744676e-14
358.28033946630615,-59.62505061168483,24.928231354184838,-0.09687010881456223,-1.6099280204369155,-6.73661370389787e-14
358.3001625855099,-59.62441536053555,24.936583921833762,-0.09557276717768143,-1.6090926590928507,-3.368306851948935e-14
358.31998536687416,-59.62378095154408,24.944936407667004,-0.09428179343905249,-1.6082588429573503,-3.368306851948935e-14
358.33980781368007,-59.62314738470979,24.95328881168457,-0.09299718582806571,-1.607426577526712,-3.368306851948935e-14
358.35962992920827,-59.62251466003088,24.961641133886463,-0.0917189425711052,-1.6065958682957022,-3.368306851948935e-14
358.37945171673914,-59.62188277750441,24.969993374272683,-0.090447061891544,-1.6057667207575625,-5.0524602779234026e-14
358.3992731795527,-59.62125173712624,24.978345532843232,-0.08918154200974096,-1.6049391404040052,-8.420767129872338e-14
358.4190943209286,-59.62062153889109,24.9866976095981,-0.08792238114304915,-1.6041131327252194,-6.73661370389787e-14
358.4389151441458,-59.61999218279254,24.995049604537297,-0.08666957750581189,-1.6032887032098666,-8.420767129872338e-14
358.4587356524835,-59.61936366882297,25.003401517660823,-0.08542312930935947,-1.602465857345087,-1.6841534259744676e-14
358.47855584921973,-59.61873599697362,25.011753348968664,-0.08418303476202052,-1.601644600616499,-3.368306851948935e-14
358.4983757376329,-59.61810916723456,25.020105098460842,-0.08294929206910381,-1.600824938508199,-3.368306851948935e-14
358.5181953210006,-59.61748317959471,25.028456766137335,-0.08172189943291785,-1.6000068765027637,-6.73661370389787e-14
358.5380146026001,-59.61685803404183,25.03680835199816,-0.08050085505276075,-1.5991904200812503,-3.368306851948935e-14
358.55783358570835,-59.616233730562506,25.045159856043313,-0.07928615712492176,-1.598375574723199,-5.0524602779234026e-14
358.57765227360187,-59.61561026914219,25.053511278272786,-0.0780778038426843,-1.5975623459066326,-1.6841534259744676e-14
358.5974706695568,-59.614987649765126,25.06186261868659,-0.07687579339632186,-1.5967507391080602,-8.420767129872338e-14
358.6172887768489,-59.614365872414474,25.07021387728471,-0.07568012397310146,-1.595940759802474,-5.0524602779234026e-14
358.6371065987536,-59.61374493707217,25.07856505406717,-0.0744907937572829,-1.5951324134633538,-5.0524602779234026e-14
358.6569241385457,-59.613124843719,25.086916149033947,-0.07330780093012004,-1.5943257055626674,-5.0524602779234026e-14
358.67674139950003,-59.61250559233461,25.095267162185056,-0.07213114366985629,-1.5935206415708718,-3.368306851948935e-14
358.6965583848906,-59.61188718289749,25.103618093520478,-0.07096082015173674,-1.5927172269569148,-1.6841534259744676e-14
358.7163750979914,-59.61126961538493,25.11196894304023,-0.06979682854798805,-1.591915467188233,-8.420767129872338e-14
358.7361915420758,-59.61065288977313,25.120319710744322,-0.06863916702783991,-1.591115367730755,-3.368306851948935e-14
358.75600772041673,-59.61003700603705,25.128670396632725,-0.06748783375751528,-1.5903169340489083,-3.368306851948935e-14
358.775823636287,-59.609421964150556,25.137021000705452,-0.06634282690022811,-1.5895201716056062,-6.73661370389787e-14
358.79563929295864,-59.60880776408634,25.145371522962513,-0.06520414461619081,-1.588725085862264,-3.368306851948935e-14
358.81545469370366,-59.60819440581592,25.153721963403893,-0.06407178506260713,-1.5879316822787914,-5.0524602779234026e-14
358.8352698417935,-59.607581889309664,25.1620723220296,-0.0629457463936762,-1.5871399663135963,1.6841534259744676e-14
358.85508474049914,-59.60697021453677,25.170422598839643,-0.06182602676059487,-1.586349943423584,-5.0524602779234026e-14
358.8748993930913,-59.60635938146531,25.178772793834003,-0.06071262431155308,-1.5855616190641602,-5.0524602779234026e-14
358.8947138028402,-59.605749390062165,25.18712290701269,-0.059605537191736446,-1.5847749986892348,-8.420767129872338e-14
358.91452797301577,-59.60514024029308,25.195472938375698,-0.058504763543325296,-1.5839900877512152,-3.368306851948935e-14
358.93434190688737,-59.604531932122626,25.203822887923028,-0.05741030150549966,-1.5832068917010136,-6.73661370389787e-14
358.9541556077242,-59.60392446551424,25.212172755654702,-0.05632214921443074,-1.5824254159880469,-5.0524602779234026e-14
358.9739690787948,-59.60331784043017,25.220522541570684,-0.055240304803288676,-1.5816456660602374,-8.420767129872338e-14
358.9937823233675,-59.60271205683154,25.228872245671003,-0.05416476640223991,-1.5808676473640129,-3.368306851948935e-14
359.0135953447101,-59.602107114678276,25.237221867955647,-0.053095532138447636,-1.5800913653443098,-5.0524602779234026e-14
359.03340814609015,-59.6015030139292,25.24557140842461,-0.05203260013606795,-1.579316825444572,-3.368306851948935e-14
359.05322073077457,-59.60089975454193,25.253920867077895,-0.0509759685162601,-1.5785440331067546,-5.0524602779234026e-14
359.0730331020302,-59.600297336472956,25.262270243915516,-0.049925635397174165,-1.5777729937713207,-5.0524602779234026e-14
359.092845263123,-59.599695759677594,25.27061953893746,-0.04888159889396222,-1.5770037128772476,-5.0524602779234026e-14
359.1126572173191,-59.59909502411002,25.278968752143722,-0.04784385711876992,-1.5762361958620261,-5.0524602779234026e-14
359.13246896788377,-59.59849512972325,25.28731788353432,-0.04681240818074285,-1.575470448161657,-3.368306851948935e-14
359.152280518082,-59.59789607646912,25.295666933109235,-0.04578725018602155,-1.5747064752106605,-3.368306851948935e-14
359.1720918711785,-59.59729786429834,25.30401590086849,-0.04476838123774778,-1.5739442824420706,-3.368306851948935e-14
359.19190303043746,-59.59670049316046,25.312364786812054,-0.043755799436056314,-1.5731838752874387,-5.0524602779234026e-14
359.2117139991226,-59.59610396300388,25.320713590939953,-0.04274950287808557,-1.572425259176835,-5.0524602779234026e-14
359.2315247804973,-59.59550827377579,25.329062313252177,-0.04174948965796727,-1.5716684395388476,-5.0524602779234026e-14
359.2513353778246,-59.59491342542231,25.337410953748723,-0.04075575786683218,-1.5709134218005865,-1.6841534259744676e-14
359.271145794367,-59.59431941788836,25.3457595124296,-0.03976830559281175,-1.5701602113876838,-3.368306851948935e-14
359.29095603338675,-59.59372625111767,25.354107989294793,-0.03878713092103181,-1.5694088137242908,-6.73661370389787e-14
359.3107660981454,-59.59313392505291,25.362456384344316,-0.0378122319336215,-1.5686592342330856,-1.6841534259744676e-14
359.3305759919043,-59.59254243963549,25.370804697578166,-0.03684360670970463,-1.5679114783352681,-3.368306851948935e-14
359.3503857179245,-59.59195179480573,25.379152928996344,-0.03588125332540466,-1.5671655514505662,-3.368306851948935e-14
359.3701952794664,-59.591361990502776,25.38750107859884,-0.03492516985384352,-1.5664214589972343,-8.420767129872338e-14
359.3900046797899,-59.59077302666462,25.39584914638567,-0.033975354365144296,-1.5656792063920526,-6.73661370389787e-14
359.4098139221549,-59.59018490322813,25.40419713235682,-0.03303180492642617,-1.5649387990503314,-5.0524602779234026e-14
359.4296230098205,-59.58959762012895,25.412545036512306,-0.0320945196018084,-1.5642002423859107,-6.73661370389787e-14
359.4494319460455,-59.58901117730164,25.420892858852106,-0.031163496452410098,-1.5634635418111613,-1.6841534259744676e-14
359.46924073408826,-59.58842557467957,25.429240599376236,-0.030238733536346995,-1.5627287027369867,-1.6841534259744676e-14
359.48904937720687,-59.58784081219495,25.437588258084688,-0.02932022890873718,-1.5619957305728225,-8.420767129872338e-14
359.5088578786587,-59.58725688977887,25.445935834977472,-0.028407980621697835,-1.5612646307266367,-6.73661370389787e-14
359.5286662417011,-59.58667380736126,25.454283330054576,-0.027501986724341433,-1.560535408604936,-3.368306851948935e-14
359.54847446959053,-59.58609156487085,25.462630743316012,-0.02660224526278556,-1.5598080696127603,-8.420767129872338e-14
359.56828256558333,-59.58551016223526,25.470978074761764,-0.025708754280144512,-1.559082619153688,-6.73661370389787e-14
359.58809053293544,-59.58492959938097,25.47932532439185,-0.024821511816530466,-1.5583590626298345,-6.73661370389787e-14
359.6078983749022,-59.584349876233276,25.487672492206265,-0.023940515909057235,-1.5576374054418554,0.0
359.6277060947386,-59.58377099271631,25.496019578204997,-0.023065764591840107,-1.5569176529889464,-6.73661370389787e-14
359.6475136956993,-59.583192948753094,25.504366582388055,-0.022197255895990142,-1.5561998106688444,-6.73661370389787e-14
359.6673211810383,-59.582615744265475,25.512713504755443,-0.021334987849619933,-1.5554838838778273,-1.6841534259744676e-14
359.6871285540094,-59.582039379174134,25.521060345307156,-0.02047895847784259,-1.5547698780107173,-6.73661370389787e-14
359.7069358178658,-59.58146385339861,25.529407104043187,-0.01962916580277049,-1.554057798460883,-8.420767129872338e-14
359.7267429758605,-59.58088916685732,25.537753780963552,-0.018785607843515247,-1.5533476506202342,-5.0524602779234026e-14
359.74655003124576,-59.58031531946749,25.546100376068246,-0.017948282616189103,-1.5526394398792296,-1.6841534259744676e-14
359.7663569872737,-59.579742311145196,25.55444688935726,-0.017117188133903512,-1.5519331716268754,-1.6841534259744676e-14
359.7861638471957,-59.57917014180537,25.5627933208306,-0.016292322406771614,-1.551228851250725,-8.420767129872338e-14
359.80597061426306,-59.57859881136183,25.57113967048826,-0.01547368344190362,-1.5505264841368822,-3.368306851948935e-14
359.8257772917264,-59.57802831972717,25.579485938330254,-0.014661269243411261,-1.5498260756700015,-5.0524602779234026e-14
359.84558388283597,-59.57745866681288,25.587832124356567,-0.013855077812406788,-1.5491276312332865,-6.73661370389787e-14
359.8653903908415,-59.57688985252931,25.59617822856721,-0.01305510714700187,-1.548431156208496,-6.73661370389787e-14
