galstreams/tracks/track.st.Jhelum-a.shipp2019.ecsv
# %ECSV 0.9
# ---
# datatype:
# - {name: ra, unit: deg, datatype: float64}
# - {name: dec, unit: deg, datatype: float64}
# - {name: distance, unit: kpc, datatype: float64}
# - {name: pm_ra_cosdec, unit: mas / yr, datatype: float64}
# - {name: pm_dec, unit: mas / yr, datatype: float64}
# - {name: radial_velocity, unit: km / s, datatype: float64}
# delimiter: ','
# meta: !!omap
# - __serialized_columns__:
#     dec:
#       __class__: astropy.coordinates.angles.Latitude
#       unit: &id001 !astropy.units.Unit {unit: deg}
#       value: !astropy.table.SerializedColumn {name: dec}
#     distance:
#       __class__: astropy.coordinates.distances.Distance
#       unit: !astropy.units.Unit {unit: kpc}
#       value: !astropy.table.SerializedColumn {name: distance}
#     pm_dec:
#       __class__: astropy.units.quantity.Quantity
#       unit: !astropy.units.Unit {unit: mas / yr}
#       value: !astropy.table.SerializedColumn {name: pm_dec}
#     pm_ra_cosdec:
#       __class__: astropy.units.quantity.Quantity
#       unit: !astropy.units.Unit {unit: mas / yr}
#       value: !astropy.table.SerializedColumn {name: pm_ra_cosdec}
#     ra:
#       __class__: astropy.coordinates.angles.Longitude
#       unit: *id001
#       value: !astropy.table.SerializedColumn {name: ra}
#       wrap_angle: !astropy.coordinates.Angle
#         unit: *id001
#         value: 360.0
#     radial_velocity:
#       __class__: astropy.units.quantity.Quantity
#       unit: !astropy.units.Unit {unit: km / s}
#       value: !astropy.table.SerializedColumn {name: radial_velocity}
# schema: astropy-2.0
ra,dec,distance,pm_ra_cosdec,pm_dec,radial_velocity
[from data line 821]
334.6274795484804,-49.75439654165825,13.199999999989247,5.670689149638238,-5.256721816237302,-1.383016688489677e-08
334.64239632954406,-49.757138399182594,13.199999999989258,5.671571325595468,-5.255703697726515,-1.3816862072831572e-08
334.65731479128874,-49.75987835766652,13.199999999989267,5.672453489248267,-5.2546852535067,-1.380382672531453e-08
334.67223493290965,-49.76261641669354,13.199999999989275,5.673335640397694,-5.253666483609465,-1.3790622962454889e-08
334.6871567536009,-49.76535257584734,13.199999999989283,5.674217778844743,-5.252647388066593,-1.377738551652673e-08
334.70208025255596,-49.76808683471173,13.199999999989293,5.675099904390343,-5.251627966910018,-1.376414807059857e-08
334.717005428967,-49.77081919287072,13.199999999989299,5.675982016835367,-5.250608220171858,-1.375104535694449e-08
334.73193228202587,-49.773549649908524,13.19999999998931,5.676864115980637,-5.249588147884362,-1.3737740544879292e-08
334.74686081092295,-49.77627820540944,13.199999999989318,5.6777462016268965,-5.248567750079975,-1.3724671514293729e-08
334.7617910148481,-49.779004858958004,13.199999999989325,5.678628273574845,-5.2475470267912865,-1.3711366702228531e-08
334.77672289298994,-49.781729610138875,13.199999999989338,5.6795103316251065,-5.2465259780510625,-1.3698196622437411e-08
334.79165644453656,-49.7844524585369,13.199999999989345,5.680392375578259,-5.245504603892224,-1.3684925493440732e-08
334.8065916686748,-49.7871734037371,13.199999999989352,5.681274405234808,-5.24448290434786,-1.3671721730581091e-08
334.82152856459084,-49.78989244532462,13.199999999989362,5.6821564203951995,-5.243460879451226,-1.3658383235447375e-08
334.8364671314699,-49.792609582884864,13.199999999989375,5.683038420859838,-5.242438529235734,-1.3645280521793293e-08
334.85140736849627,-49.795324816003316,13.199999999989378,5.683920406429051,-5.241415853734966,-1.3632076758933653e-08
334.8663492748533,-49.798038144265675,13.199999999989389,5.684802376903107,-5.240392852982669,-1.3618872996074012e-08
334.8812928497235,-49.80074956725781,13.199999999989396,5.685684332082222,-5.239369527012755,-1.3605635550145853e-08
334.8962380922885,-49.80345908456572,13.199999999989405,5.686566271766553,-5.238345875859293,-1.3592364421149174e-08
334.91118500172894,-49.80616669577562,13.199999999989414,5.687448195756184,-5.237321899556529,-1.3579194341358054e-08
334.92613357722456,-49.808872400473874,13.199999999989425,5.688330103851152,-5.236297598138874,-1.3565923212361376e-08
334.9410838179543,-49.81157619824703,13.199999999989434,5.689211995851446,-5.235272971640884,-1.3552887864844334e-08
334.9560357230962,-49.81427808868178,13.199999999989439,5.6900938715569795,-5.234248020097297,-1.3539549369710616e-08
334.9709892918272,-49.816978071365035,13.19999999998945,5.690975730767603,-5.233222743543016,-1.3526446656056534e-08
334.98594452332367,-49.81967614588382,13.19999999998946,5.691857573283123,-5.232197142013104,-1.3513175527059855e-08
335.00090141676066,-49.822372311825355,13.199999999989467,5.692739398903283,-5.231171215542791,-1.3499971764200215e-08
335.01585997131264,-49.82506656877705,13.199999999989476,5.693621207427768,-5.230144964167475,-1.3486734318272056e-08
335.03082018615316,-49.82775891632646,13.199999999989487,5.694502998656201,-5.229118387922714,-1.3473597921549456e-08
335.04578206045454,-49.83044935406133,13.199999999989492,5.695384772388144,-5.228091486844242,-1.3460326792552777e-08
335.06074559338873,-49.83313788156958,13.199999999989505,5.696266528423123,-5.227064260967937,-1.3447055663556097e-08
335.0757107841264,-49.83582449843929,13.19999999998951,5.697148266560578,-5.226036710329868,-1.3433851900696458e-08
335.0906776318373,-49.83850920425872,13.19999999998952,5.698029986599912,-5.225008834966257,-1.3420648137836818e-08
335.10564613569056,-49.841191998616296,13.199999999989526,5.69891168834046,-5.223980634913488,-1.3407410691908659e-08
335.12061629485413,-49.84387288110063,13.199999999989537,5.699793371581498,-5.22295211020812,-1.339413956291198e-08
335.1355881084952,-49.84655185130048,13.199999999989547,5.700675036122256,-5.2219232608868715,-1.3380868433915302e-08
335.15056157577993,-49.84922890880481,13.19999999998955,5.701556681761887,-5.220894086986647,-1.33677320371927e-08
335.1655366958738,-49.85190405320278,13.199999999989563,5.7024383082995165,-5.219864588544469,-1.3354326175921943e-08
335.18051346794124,-49.854577284083646,13.199999999989572,5.703319915534189,-5.218834765597585,-1.334135819454194e-08
335.1954918911458,-49.85724860103691,13.199999999989581,5.704201503264908,-5.217804618183362,-1.3328053382476742e-08
335.21047196465014,-49.85991800365222,13.199999999989588,5.705083071290598,-5.2167741463393655,-1.3314849619617102e-08
335.2254536876159,-49.862585491519404,13.199999999989597,5.705964619410155,-5.21574335010331,-1.3301612173688943e-08
335.24043705920417,-49.86525106422845,13.199999999989604,5.706846147422404,-5.214712229513076,-1.3288273678555224e-08
335.25542207857455,-49.867914721369544,13.199999999989613,5.707727655126102,-5.213680784606731,-1.3274968866490026e-08
335.2704087448863,-49.87057646253306,13.199999999989625,5.708609142319979,-5.212649015422478,-1.3261899835904465e-08
335.28539705729764,-49.8732362873095,13.199999999989634,5.709490608802694,-5.211616921998708,-1.3248595023839266e-08
335.3003870149656,-49.8758941952896,13.19999999998964,5.7103720543728445,-5.210584504373976,-1.3235323894842588e-08
335.3153786170467,-49.878550186064224,13.199999999989648,5.711253478828976,-5.2095517625870045,-1.3222187498119987e-08
335.3303718626963,-49.88120425922445,13.199999999989657,5.712134881969587,-5.208518696676672,-1.320878163684923e-08
335.345366751069,-49.883856414361496,13.199999999989666,5.7130162635931105,-5.207485306682041,-1.319564524012663e-08
335.3603632813182,-49.886506651066775,13.199999999989673,5.71389762349792,-5.206451592642333,-1.318240779419847e-08
335.37536145259696,-49.889154968931926,13.199999999989686,5.714778961482357,-5.205417554596931,-1.316930508054439e-08
335.390361264057,-49.89180136754868,13.199999999989693,5.715660277344691,-5.204383192585389,-1.315603395154771e-08
335.4053627148492,-49.894445846509015,13.199999999989704,5.716541570883133,-5.203348506647437,-1.314283018868807e-08
335.4203658041238,-49.897088405405036,13.19999999998971,5.717422841895848,-5.202313496822963,-1.312955905969139e-08
335.43537053102966,-49.89972904382906,13.19999999998972,5.718304090180945,-5.201278163152027,-1.3116287930694713e-08
335.4503768947152,-49.90236776137359,13.199999999989728,5.719185315536478,-5.200242505674854,-1.3102983118629515e-08
335.4653848943276,-49.90500455763128,13.199999999989734,5.720066517760442,-5.199206524431845,-1.3089846721906913e-08
335.4803945290134,-49.907639432194955,13.199999999989744,5.720947696650775,-5.198170219463558,-1.3076676642115793e-08
335.4954057979182,-49.910272384657695,13.199999999989751,5.721828852005389,-5.197133590810717,-1.3063439196187634e-08
335.51041870018656,-49.91290341461268,13.19999999998976,5.7227099836221145,-5.1960966385142235,-1.3050201750259475e-08
335.52543323496224,-49.915532521653276,13.199999999989771,5.723591091298726,-5.195059362615144,-1.3036964304331314e-08
335.5404494013881,-49.918159705373085,13.199999999989778,5.724472174832963,-5.194021763154716,-1.3023659492266116e-08
335.55546719860604,-49.92078496536585,13.199999999989789,5.725353234022502,-5.192983840174335,-1.3010320997132398e-08
335.5704866257571,-49.92340830122547,13.199999999989794,5.726234268664964,-5.191945593715584,-1.299704986813572e-08
335.5855076819813,-49.92602971254607,13.199999999989803,5.727115278557907,-5.1909070238202,-1.298394715448164e-08
335.6005303664182,-49.92864919892198,13.199999999989812,5.727996263498874,-5.189868130530076,-1.2970541293210882e-08
335.6155546782058,-49.93126675994764,13.19999999998982,5.728877223285317,-5.1888289138873045,-1.2957371213419762e-08
335.6305806164818,-49.933882395217715,13.199999999989831,5.729758157714648,-5.187789373934123,-1.294423481669716e-08
335.64560818038257,-49.93649610432704,13.19999999998984,5.730639066584229,-5.186749510712946,-1.2930963687700481e-08
335.6606373690438,-49.93910788687065,13.199999999989846,5.731519949691366,-5.185709324266362,-1.2917692558703804e-08
335.6756681816003,-49.94171774244376,13.199999999989856,5.732400806833312,-5.184668814637112,-1.2904354063570085e-08
335.69070061718577,-49.944325670641696,13.199999999989862,5.733281637807266,-5.183627981868134,-1.2891082934573406e-08
335.7057346749333,-49.946931671060106,13.199999999989872,5.734162442410392,-5.1825868260025,-1.2877946537850806e-08
335.7207703539749,-49.949535743294724,13.199999999989881,5.735043220439777,-5.181545347083476,-1.2864675408854127e-08
335.7358076534417,-49.952137886941465,13.19999999998989,5.735923971692476,-5.180503545154486,-1.2851437962925968e-08
335.75084657246396,-49.954738101596476,13.199999999989897,5.736804695965483,-5.179461420259134,-1.2838200516997809e-08
335.7658871101711,-49.95733638685606,13.19999999998991,5.737685393055735,-5.178418972441176,-1.282486202186409e-08
335.7809292656914,-49.95993274231671,13.199999999989915,5.738566062760134,-5.177376201744565,-1.281175930821001e-08
335.79597303815245,-49.962527167575075,13.199999999989922,5.739446704875511,-5.176333108213399,-1.2798454496144811e-08
335.81101842668113,-49.965119662228076,13.199999999989934,5.740327319198668,-5.17528969189194,-1.2785082317942573e-08
335.82606543040293,-49.967710225872736,13.199999999989943,5.74120790552634,-5.174245952824647,-1.2771945921219973e-08
335.84111404844293,-49.97029885810627,13.199999999989949,5.742088463655222,-5.173201891056129,-1.2758573743017735e-08
335.85616427992494,-49.972885558526116,13.199999999989958,5.742968993381943,-5.172157506631173,-1.2745369980158096e-08
335.8712161239721,-49.975470326729884,13.199999999989965,5.743849494503096,-5.1711127995947335,-1.2732166217298455e-08
335.88626957970655,-49.97805316231536,13.199999999989975,5.744729966815219,-5.170067769991929,-1.2718760356027698e-08
335.9013246462496,-49.98063406488052,13.199999999989982,5.7456104101147965,-5.169022417868059,-1.2705590276236578e-08
335.91638132272146,-49.98321303402353,13.199999999989993,5.746490824198261,-5.1679767432685955,-1.2692352830308419e-08
335.9314396082418,-49.98579006934276,13.199999999989998,5.747371208862013,-5.166930746239155,-1.267908170131174e-08
335.94649950192917,-49.98836517043674,13.199999999990004,5.748251563902384,-5.165884426825551,-1.2665877938452101e-08
335.96156100290125,-49.9909383369042,13.199999999990016,5.749131889115661,-5.164837785073756,-1.2652640492523942e-08
335.97662411027477,-49.99350956834405,13.199999999990023,5.750012184298089,-5.163790821029917,-1.2639268314321704e-08
335.99168882316565,-49.996078864355425,13.199999999990036,5.750892449245848,-5.162743534740348,-1.2625896136119467e-08
336.0067551406888,-49.99864622453757,13.19999999999004,5.751772683755083,-5.161695926251541,-1.2612726056328347e-08
336.0218230619584,-50.00121164848999,13.19999999999005,5.7526528876218785,-5.160647995610156,-1.2599488610400188e-08
336.0368925860877,-50.00377513581238,13.199999999990057,5.75353306064229,-5.159599742863007,-1.2586251164472029e-08
336.0519637121889,-50.006336686104575,13.199999999990066,5.754413202612305,-5.158551168057098,-1.2573047401612388e-08
336.06703643937345,-50.00889629896663,13.199999999990075,5.755293313327867,-5.157502271239599,-1.255974258954719e-08
336.0821107667519,-50.011453973998805,13.199999999990084,5.756173392584872,-5.1564530524578505,-1.2546437777481992e-08
336.0971866934338,-50.0140097108015,13.19999999999009,5.757053440179169,-5.155403511759367,-1.2533234014622352e-08
336.11226421852786,-50.01656350897535,13.1999999999901,5.7579334559065565,-5.15435364919182,-1.2519828153351595e-08
336.12734334114185,-50.01911536812114,13.199999999990109,5.7588134395627835,-5.153303464803081,-1.2506658073560475e-08
336.1424240603829,-50.021665287839916,13.199999999990117,5.759693390943562,-5.1522529586411565,-1.2493420627632316e-08
336.1575063753569,-50.02421326773286,13.199999999990126,5.7605733098445455,-5.151202130754248,-1.2480115815567118e-08
336.17259028516895,-50.026759307401335,13.199999999990135,5.761453196061343,-5.150150981190725,-1.2466945735775996e-08
336.1876757889234,-50.029303406446935,13.199999999990144,5.762333049389513,-5.14909950999912,-1.2453573557573759e-08
336.20276288572353,-50.03184556447141,13.19999999999015,5.763212869624573,-5.148047717228151,-1.2440235062440041e-08
336.2178515746718,-50.03438578107674,13.19999999999016,5.764092656561983,-5.146995602926692,-1.2426963933443363e-08
336.23294185486964,-50.03692405586506,13.199999999990169,5.764972409997159,-5.145943167143811,-1.2413760170583723e-08
336.24803372541794,-50.0394603884387,13.199999999990178,5.765852129725492,-5.144890409928715,-1.2400522724655564e-08
336.2631271854164,-50.04199477840024,13.199999999990183,5.766731815542299,-5.143837331330804,-1.2387184229521846e-08
336.2782222339638,-50.04452722535238,13.199999999990192,5.767611467242852,-5.142783931399651,-1.2373946783593687e-08
336.29331887015815,-50.04705772889806,13.199999999990201,5.768491084622395,-5.141730210184994,-1.236057460539145e-08
336.3084170930966,-50.04958628864038,13.19999999999021,5.769370667476104,-5.140676167736747,-1.234730347639477e-08
336.3235169018752,-50.05211290418266,13.199999999990217,5.770250215599124,-5.139621804104994,-1.233409971353513e-08
336.3386182955894,-50.054637575128396,13.199999999990226,5.771129728786553,-5.138567119339989,-1.2320727535332893e-08
336.3537212733334,-50.057160301081275,13.199999999990233,5.77200920683343,-5.137512113492175,-1.2307591138610292e-08
336.36882583420095,-50.05968108164524,13.199999999990242,5.772888649534771,-5.136456786612129,-1.2294353692682133e-08
336.3839319772846,-50.062199916424326,13.199999999990247,5.773768056685526,-5.135401138750634,-1.2280981514479896e-08
336.399039701676,-50.06471680502285,13.199999999990258,5.774647428080609,-5.134345169958637,-1.2267643019346178e-08
336.41414900646595,-50.06723174704529,13.199999999990267,5.775526763514879,-5.13328888028726,-1.2254439256486539e-08
336.42925989074445,-50.0697447420963,13.199999999990277,5.7764060627831695,-5.132232269787785,-1.22410670782843e-08
336.4443723536005,-50.072255789780755,13.199999999990283,5.777285325680248,-5.131175338511683,-1.2227829632356141e-08
336.4594863941222,-50.07476488970371,13.199999999990291,5.778164552000845,-5.130118086510594,-1.2214423771085384e-08
336.47460201139694,-50.07727204147045,13.199999999990302,5.7790437415396525,-5.12906051383631,-1.2201388423568342e-08
336.48971920451106,-50.07977724468644,13.199999999990307,5.779922894091319,-5.128002620540821,-1.2187948879229066e-08
336.5048379725499,-50.08228049895731,13.199999999990315,5.7808020094504275,-5.126944406676288,-1.2174846165574985e-08
336.5199583145982,-50.08478180388893,13.199999999990323,5.781681087411544,-5.125885872295026,-1.2161473987372748e-08
336.53508022973955,-50.087281159087354,13.199999999990334,5.782560127769173,-5.1248270174495385,-1.2148000759964952e-08
336.5502037170568,-50.089778564158806,13.19999999999034,5.783439130317779,-5.123767842192506,-1.2134830680173832e-08
336.5653287756316,-50.09227401870975,13.19999999999035,5.784318094851778,-5.122708346576775,-1.2121559551177153e-08
336.5804554045454,-50.09476752234682,13.199999999990357,5.785197021165563,-5.121648530655355,-1.2108355788317512e-08
336.595583602878,-50.097259074676884,13.199999999990364,5.786075909053461,-5.120588394481441,-1.2094916243978237e-08
336.6107133697087,-50.09974867530696,13.199999999990375,5.78695475830976,-5.119527938108403,-1.2081678798050078e-08
336.62584470411593,-50.10223632384428,13.199999999990382,5.787833568728715,-5.1184671615897805,-1.2068441352121919e-08
336.64097760517694,-50.104722019896315,13.199999999990393,5.788712340104521,-5.1174060649792885,-1.2055271272330798e-08
