galstreams/tracks/track.st.Jhelum-a.shipp2019.ecsv
# %ECSV 0.9
# ---
# datatype:
# - {name: ra, unit: deg, datatype: float64}
# - {name: dec, unit: deg, datatype: float64}
# - {name: distance, unit: kpc, datatype: float64}
# - {name: pm_ra_cosdec, unit: mas / yr, datatype: float64}
# - {name: pm_dec, unit: mas / yr, datatype: float64}
# - {name: radial_velocity, unit: km / s, datatype: float64}
# delimiter: ','
# meta: !!omap
# - __serialized_columns__:
#     dec:
#       __class__: astropy.coordinates.angles.Latitude
#       unit: &id001 !astropy.units.Unit {unit: deg}
#       value: !astropy.table.SerializedColumn {name: dec}
#     distance:
#       __class__: astropy.coordinates.distances.Distance
#       unit: !astropy.units.Unit {unit: kpc}
#       value: !astropy.table.SerializedColumn {name: distance}
#     pm_dec:
#       __class__: astropy.units.quantity.Quantity
#       unit: !astropy.units.Unit {unit: mas / yr}
#       value: !astropy.table.SerializedColumn {name: pm_dec}
#     pm_ra_cosdec:
#       __class__: astropy.units.quantity.Quantity
#       unit: !astropy.units.Unit {unit: mas / yr}
#       value: !astropy.table.SerializedColumn {name: pm_ra_cosdec}
#     ra:
#       __class__: astropy.coordinates.angles.Longitude
#       unit: *id001
#       value: !astropy.table.SerializedColumn {name: ra}
#       wrap_angle: !astropy.coordinates.Angle
#         unit: *id001
#         value: 360.0
#     radial_velocity:
#       __class__: astropy.units.quantity.Quantity
#       unit: !astropy.units.Unit {unit: km / s}
#       value: !astropy.table.SerializedColumn {name: radial_velocity}
# schema: astropy-2.0
ra,dec,distance,pm_ra_cosdec,pm_dec,radial_velocity
[from data line 2192]
356.1901548316651,-51.58564528709078,13.199999999997042,6.780755006397814,-3.5942329520909793,4.887632182123282e-09
356.2062790617983,-51.58549858460999,13.199999999997043,6.781431171778233,-3.592872816851364,4.901846437038506e-09
356.2224031862999,-51.585349666518724,13.199999999997047,6.782107066413936,-3.5915125598126814,4.9159596427481724e-09
356.2385272035945,-51.585198532826716,13.199999999997049,6.782782690182754,-3.590152181220221,4.930089689992098e-09
356.2546511121067,-51.585045183544125,13.199999999997052,6.7834580429626685,-3.5887916813193446,4.944186054167505e-09
356.2707749102612,-51.584889618681494,13.199999999997054,6.784133124631852,-3.587431060355496,4.958248735274391e-09
356.2868985964826,-51.58473183824971,13.199999999997058,6.784807935068625,-3.586070318574182,4.972311416381278e-09
356.30302216919574,-51.58457184226013,13.19999999999706,6.785482474151488,-3.5847094562209882,4.986374097488164e-09
356.31914562682545,-51.58440963072445,13.19999999999706,6.786156741759108,-3.5833484735415673,5.000470461663571e-09
356.33526896779654,-51.58424520365479,13.199999999997061,6.786830737770315,-3.5819873707816456,5.0147352411815744e-09
356.3513921905339,-51.58407856106361,13.199999999997065,6.787504462064111,-3.580626148187034,5.0286968730829035e-09
356.3675152934626,-51.58390970296382,13.199999999997068,6.788177914519664,-3.579264806003591,5.0427932372583095e-09
356.3836382750077,-51.58373862936871,13.199999999997074,6.788851095016316,-3.577903344477262,5.0570411752420534e-09
356.39976113359427,-51.58356534029193,13.199999999997074,6.789524003433573,-3.5765417638540695,5.071002807143382e-09
356.4158838676475,-51.58338983574756,13.199999999997077,6.790196639651108,-3.5751800643800897,5.085082329784528e-09
356.43200647559263,-51.583212115750065,13.199999999997079,6.790869003548772,-3.5738182463014803,5.099347109302532e-09
356.44812895585494,-51.58303218031427,13.199999999997079,6.79154109500657,-3.5724563098644735,5.113308741203861e-09
356.4642513068598,-51.58285002945545,13.199999999997083,6.792212913904692,-3.571094255315362,5.127421946913527e-09
356.4803735270328,-51.5826656631892,13.199999999997084,6.792884460123485,-3.5697320829005084,5.141619360294491e-09
356.4964956147992,-51.58247908153159,13.19999999999709,6.793555733543469,-3.5683697928663545,5.155783090606937e-09
356.5126175685847,-51.58229028449901,13.199999999997091,6.794226734045338,-3.567007385459413,5.169845771713823e-09
356.52873938681495,-51.58209927210827,13.199999999997091,6.794897461509951,-3.5656448609262528,5.1838747697521905e-09
356.54486106791575,-51.58190604437658,13.199999999997095,6.795567915818335,-3.5642822195135166,5.198122707735934e-09
356.56098261031275,-51.581710601321554,13.1999999999971,6.796238096851688,-3.562919461467927,5.21228643804838e-09
356.57710401243185,-51.58151294296115,13.1999999999971,6.79690800449138,-3.561556587036266,5.226315436086747e-09
356.59322527269904,-51.58131306931376,13.1999999999971,6.7975776386189475,-3.5601935964653846,5.240445483330673e-09
356.6093463895403,-51.58111098039815,13.199999999997104,6.798246999116099,-3.5588304900022028,5.254592372108858e-09
356.6254673613817,-51.5809066762335,13.199999999997111,6.79891608586471,-3.5574672678937134,5.2685540040101865e-09
356.6415881866495,-51.58070015683935,13.199999999997111,6.79958489874683,-3.556103930386967,5.2827345758568915e-09
356.6577088637699,-51.58049142223566,13.199999999997113,6.800253437644679,-3.5547404777290925,5.296931989237857e-09
356.6738293911693,-51.580280472442745,13.199999999997114,6.800921702440642,-3.5533769101672847,5.311028353413263e-09
356.68994976727396,-51.58006730748137,13.19999999999712,6.8015896930172755,-3.552013227948801,5.32507419298589e-09
356.70606999051057,-51.57985192737265,13.199999999997118,6.802257409257313,-3.550649431320965,5.339355814038153e-09
356.72219005930555,-51.57963433213808,13.199999999997122,6.802924851043652,-3.54928552053118,5.353283762870962e-09
356.7383099720857,-51.57941452179959,13.199999999997123,6.803592018259362,-3.5479214958268948,5.3675822254574855e-09
356.7544297272777,-51.579192496379456,13.199999999997125,6.80425891078768,-3.546557357455647,5.381594381961593e-09
356.7705493233084,-51.57896825590039,13.19999999999713,6.8049255285120225,-3.5451931056650245,5.395741270739779e-09
356.78666875860466,-51.578741800385494,13.19999999999713,6.805591871315967,-3.54382874070269,5.4098039518466655e-09
356.8027880315937,-51.5785131298582,13.19999999999713,6.806257939083272,-3.5424642628163623,5.424119255967448e-09
356.8189071407025,-51.57828224434238,13.199999999997136,6.806923731697854,-3.541099672253842,5.438097729403037e-09
356.8350260843583,-51.57804914386233,13.199999999997141,6.807589249043812,-3.539734969262977,5.4524298750580796e-09
356.85114486098826,-51.57781382844266,13.199999999997141,6.808254491005414,-3.5383701540917,5.466408348493667e-09
356.8672634690199,-51.57757629810842,13.199999999997141,6.808919457467098,-3.537005226987987,5.480555237271853e-09
356.88338190688074,-51.57733655288508,13.199999999997148,6.809584148313467,-3.5356401881998947,5.494634759912999e-09
356.89950017299833,-51.57709459279841,13.199999999997148,6.8102485634293055,-3.5342750379755365,5.508798490225444e-09
356.91561826580033,-51.576850417874674,13.19999999999715,6.810912702699564,-3.5329097765630957,5.52296222053789e-09
356.9317361837145,-51.57660402814045,13.199999999997152,6.811576566009372,-3.5315444042108153,5.537125950850335e-09
356.9478539251688,-51.57635542362275,13.199999999997154,6.8122401532440175,-3.5301789211670025,5.5512728396285205e-09
356.963971488591,-51.576104604348956,13.199999999997155,6.81290346428897,-3.5288133276800355,5.565284996132628e-09
356.9800888724095,-51.57585157034687,13.199999999997159,6.813566499029868,-3.5274476239983414,5.5794824095135934e-09
356.9962060750522,-51.575596321644646,13.19999999999716,6.8142292573525225,-3.5260818103704237,5.593646139826038e-09
357.01232309494753,-51.575338858270875,13.199999999997162,6.81489173914292,-3.5247158870448483,5.6076077717273666e-09
357.02843993052386,-51.575079180254484,13.199999999997168,6.815553944287207,-3.5233498542702284,5.621923075848149e-09
357.0445565802097,-51.574817287624846,13.19999999999717,6.816215872671725,-3.5219837122952633,5.635968915420777e-09
357.0606730424336,-51.57455318041167,13.199999999997166,6.8168775241829636,-3.520617461368699,5.650031596527663e-09
357.07678931562435,-51.57428685864513,13.199999999997173,6.817538898707593,-3.5192511017393424,5.664178485305849e-09
357.09290539821075,-51.57401832235573,13.199999999997175,6.818199996132468,-3.517884633656071,5.678476947892372e-09
357.1090212886217,-51.573747571574366,13.199999999997178,6.818860816344596,-3.516518057367819,5.692640678204818e-09
357.12513698528625,-51.57347460633236,13.199999999997182,6.819521359231173,-3.51515137312359,5.706737042380224e-09
357.1412524866336,-51.573199426661404,13.19999999999718,6.820181624679561,-3.513784581172436,5.7208839311584095e-09
357.157367791093,-51.5729220325936,13.199999999997186,6.820841612577291,-3.512417681763477,5.735115027607893e-09
357.1734828970939,-51.572642424161415,13.199999999997186,6.821501322812079,-3.5110506751458956,5.749228233317559e-09
357.1895978030657,-51.57236060139771,13.199999999997189,6.822160755271798,-3.5096835615689312,5.763324597492966e-09
357.205712507438,-51.57207656433575,13.199999999997193,6.822819909844509,-3.5083163412818874,5.777353595531333e-09
357.22182700864073,-51.5717903130092,13.199999999997194,6.8234787864184385,-3.506949014534121,5.791534167378038e-09
357.23794130510356,-51.571501847452105,13.199999999997196,6.824137384881986,-3.5055815815750586,5.805681056156224e-09
357.25405539525656,-51.571211167698856,13.1999999999972,6.824795705123726,-3.504214042654179,5.8196595295918115e-09
357.27016927752993,-51.57091827378433,13.1999999999972,6.825453747032414,-3.5028463980210205,5.8340085167811146e-09
357.28628295035367,-51.57062316574373,13.199999999997202,6.826111510496957,-3.501478647925187,5.8481722470935594e-09
357.30239641215826,-51.57032584361264,13.199999999997203,6.826768995406457,-3.500110792616339,5.862251769734706e-09
357.3185096613742,-51.57002630742707,13.199999999997207,6.827426201650189,-3.4987428323441927,5.876364975444372e-09
357.33462269643206,-51.56972455722341,13.199999999997205,6.828083129117585,-3.4973747673585205,5.890646596496636e-09
357.35073551576255,-51.569420593038444,13.19999999999721,6.828739777698265,-3.496006597909167,5.904742960672042e-09
357.3668481177965,-51.56911441490933,13.199999999997212,6.829396147282017,-3.4946383242460213,5.9187551171761494e-09
357.382960500965,-51.56880602287364,13.199999999997214,6.830052237758812,-3.4932699466190313,5.932969372091374e-09
357.39907266369914,-51.56849541696931,13.19999999999722,6.830708049018779,-3.4919014652782057,5.947284676212157e-09
357.41518460443,-51.5681825972347,13.19999999999722,6.831363580952235,-3.4905328804736255,5.961279991182005e-09
357.43129632158923,-51.56786756370852,13.199999999997223,6.832018833449669,-3.4891641924553936,5.975544770700008e-09
357.44740781360815,-51.5675503164299,13.199999999997225,6.8326738064017345,-3.4877954014737105,5.989556927204116e-09
357.46351907891847,-51.56723085543835,13.199999999997226,6.833328499699269,-3.486426507778803,6.003670132913782e-09
357.479630115952,-51.566909180773784,13.199999999997228,6.833982913233288,-3.485057511620968,6.017867546294747e-09
357.4957409231406,-51.56658529247651,13.19999999999723,6.834637046894969,-3.48368841325056,6.032064959675712e-09
357.5118514989165,-51.566259190587175,13.199999999997234,6.835290900575677,-3.48231921291798,6.046279214590936e-09
357.52796184171166,-51.56593087514686,13.199999999997235,6.835944474166933,-3.4809499108737034,6.060375578766342e-09
357.5440719499586,-51.56560034619705,13.199999999997239,6.836597767560457,-3.479580507368238,6.074522467544528e-09
357.56018182208976,-51.56526760377959,13.19999999999724,6.83725078064813,-3.4782110026521633,6.088770405528272e-09
357.5762914565377,-51.56493264793672,13.19999999999724,6.837903513322009,-3.4768413969761136,6.102917294306457e-09
357.59240085173525,-51.564595478711084,13.199999999997242,6.838555965474325,-3.475471690590769,6.117047341550384e-09
357.6085100061153,-51.564256096145705,13.199999999997246,6.8392081369974855,-3.474101883746876,6.131059498054491e-09
357.624618918111,-51.56391450028399,13.19999999999725,6.839860027784077,-3.4727319766952194,6.145307436038235e-09
357.64072758615544,-51.563570691169744,13.19999999999725,6.8405116377268556,-3.4713619696866607,6.159386958679381e-09
357.6568360086821,-51.56322466884717,13.199999999997253,6.841162966718761,-3.469991862972092,6.173735945868684e-09
357.6729441841244,-51.562876433360856,13.199999999997253,6.841814014652893,-3.4686216568024806,6.1879333592496486e-09
357.6890521109159,-51.562525984755766,13.199999999997257,6.842464781422538,-3.4672513514288386,6.201996040356535e-09
357.70515978749063,-51.562173323077275,13.19999999999726,6.843115266921161,-3.4658809471022236,6.216277661408799e-09
357.7212672122824,-51.56181844837112,13.19999999999726,6.843765471042394,-3.4645104440737664,6.230188768707348e-09
357.73737438372535,-51.56146136068346,13.199999999997262,6.844415393680049,-3.463139842594626,6.2444872312938714e-09
357.7534813002538,-51.56110206006084,13.199999999997262,6.845065034728116,-3.461769142916036,6.2585162293322386e-09
357.7695879603021,-51.560740546550164,13.199999999997265,6.845714394080754,-3.460398345289268,6.272730484247463e-09
357.78569436230487,-51.56037682019874,13.19999999999727,6.846363471632301,-3.4590274499656557,6.286911056094168e-09
357.8018005046969,-51.56001088105429,13.19999999999727,6.847012267277281,-3.45765645719658,6.301158994077912e-09
357.817906385913,-51.559642729164906,13.199999999997273,6.847660780910372,-3.4562853672334826,6.315204833650539e-09
357.83401200438834,-51.55927236457904,13.199999999997274,6.848309012426453,-3.4549141803278327,6.329604345442621e-09
357.850117358558,-51.5588997873456,13.199999999997278,6.848956961720559,-3.453542896731186,6.3437343926865464e-09
357.8662224468574,-51.55852499751382,13.199999999997281,6.849604628687906,-3.4521715166951266,6.357712866122135e-09
357.8823272677222,-51.55814799513338,13.19999999999728,6.850252013223901,-3.450800040471288,6.371960804105879e-09
357.89843181958804,-51.557768780254285,13.199999999997281,6.850899115224115,-3.4494284683113667,6.3862761082266615e-09
357.91453610089076,-51.55738735292699,13.199999999997285,6.851545934584286,-3.4480568004671066,6.400422997004847e-09
357.93064011006646,-51.55700371320229,13.199999999997287,6.852192471200353,-3.446685037190299,6.4146372519200715e-09
357.9467438455513,-51.5566178611314,13.199999999997289,6.852838724968408,-3.445313178732787,6.428699933026959e-09
357.9628473057817,-51.556229796765926,13.19999999999729,6.853484695784728,-3.44394122534646,6.442914187942183e-09
357.9789504891942,-51.55583952015784,13.199999999997292,6.854130383545777,-3.4425691772832665,6.457061076720369e-09
357.9950533942255,-51.55544703135953,13.199999999997296,6.854775788148182,-3.4411970347951955,6.471174282430034e-09
358.0111560193126,-51.55505233042375,13.199999999997297,6.855420909488753,-3.439824798134285,6.485540111153597e-09
358.0272583628924,-51.55465541740364,13.199999999997301,6.856065747464472,-3.4384524675526356,6.499518584589185e-09
358.0433604234023,-51.55425629235275,13.199999999997303,6.8567103019725115,-3.43708004330238,6.513614948764591e-09
358.05946219927966,-51.553854955325015,13.199999999997303,6.85735457291021,-3.4357075256357055,6.528014460556673e-09
358.075563688962,-51.55345140637475,13.199999999997306,6.857998560175076,-3.4343349148048556,6.5420603001293e-09
358.09166489088716,-51.553045645556644,13.199999999997305,6.858642263664815,-3.432962211062113,6.5561903473732255e-09
358.1077658034932,-51.55263767292583,13.199999999997308,6.859285683277289,-3.4315894146598036,6.570589859165307e-09
358.12386642521807,-51.55222748853775,13.199999999997313,6.859928818910552,-3.430216525850323,6.584602015669415e-09
358.13996675450016,-51.551815092448315,13.199999999997313,6.860571670462833,-3.428843544886089,6.598849953653159e-09
358.156066789778,-51.551400484713746,13.199999999997315,6.861214237832534,-3.4274704720195843,6.612929476294306e-09
358.17216652949014,-51.55098366539072,13.199999999997317,6.861856520918235,-3.426097307503329,6.62712688967527e-09
358.1882659720756,-51.550564634536265,13.199999999997322,6.8624985196187005,-3.4247240515898922,6.641273778453456e-09
358.2043651159734,-51.5501433922078,13.199999999997322,6.8631402338328655,-3.4233507045318925,6.655471191834421e-09
358.2204639596227,-51.54971993846316,13.199999999997326,6.863781663459843,-3.4219772665819956,6.669618080612606e-09
358.23656250146297,-51.54929427336052,13.199999999997326,6.864422808398932,-3.420603737992907,6.684000750870428e-09
358.2526607399338,-51.5488663969585,13.199999999997326,6.865063668549594,-3.4192301190173904,6.697996065840276e-09
358.2687586734751,-51.54843630931605,13.199999999997326,6.865704243811488,-3.417856409908235,6.712378736098098e-09
358.2848563005266,-51.54800401049256,13.199999999997331,6.866344534084431,-3.4164826109183006,6.726542466410543e-09
358.30095361952874,-51.54756950054776,13.199999999997333,6.866984539268434,-3.4151087223004755,6.740689355188729e-09
358.3170506289218,-51.54713277954181,13.199999999997337,6.867624259263678,-3.413734744307697,6.754752036295615e-09
358.3331473271463,-51.546693847535224,13.199999999997338,6.86826369397053,-3.412360677192947,6.768915766608061e-09
358.3492437126431,-51.546252704588944,13.199999999997338,6.868902843289526,-3.4109865212092547,6.783096338454766e-09
358.3653397838532,-51.54580935076425,13.19999999999734,6.869541707121379,-3.4096122766096886,6.79732743490425e-09
358.3814355392176,-51.54536378612286,13.199999999997344,6.870180285366995,-3.408237943647369,6.811693263627812e-09
