galstreams/tracks/track.st.M2.grillmair2022.ecsv
# %ECSV 1.0
# ---
# datatype:
# - {name: ra, unit: deg, datatype: float64}
# - {name: dec, unit: deg, datatype: float64}
# - {name: distance, unit: kpc, datatype: float64}
# - {name: pm_ra_cosdec, unit: mas / yr, datatype: float64}
# - {name: pm_dec, unit: mas / yr, datatype: float64}
# - {name: radial_velocity, unit: km / s, datatype: float64}
# delimiter: ','
# meta: !!omap
# - __serialized_columns__:
#     dec:
#       __class__: astropy.coordinates.angles.Latitude
#       unit: &id001 !astropy.units.Unit {unit: deg}
#       value: !astropy.table.SerializedColumn {name: dec}
#     distance:
#       __class__: astropy.coordinates.distances.Distance
#       unit: !astropy.units.Unit {unit: kpc}
#       value: !astropy.table.SerializedColumn {name: distance}
#     pm_dec:
#       __class__: astropy.units.quantity.Quantity
#       unit: !astropy.units.Unit {unit: mas / yr}
#       value: !astropy.table.SerializedColumn {name: pm_dec}
#     pm_ra_cosdec:
#       __class__: astropy.units.quantity.Quantity
#       unit: !astropy.units.Unit {unit: mas / yr}
#       value: !astropy.table.SerializedColumn {name: pm_ra_cosdec}
#     ra:
#       __class__: astropy.coordinates.angles.Longitude
#       unit: *id001
#       value: !astropy.table.SerializedColumn {name: ra}
#       wrap_angle: !astropy.coordinates.Angle
#         unit: *id001
#         value: 360.0
#     radial_velocity:
#       __class__: astropy.units.quantity.Quantity
#       unit: !astropy.units.Unit {unit: km / s}
#       value: !astropy.table.SerializedColumn {name: radial_velocity}
# schema: astropy-2.0
ra,dec,distance,pm_ra_cosdec,pm_dec,radial_velocity
[from data line 559]
286.7278007916824,-14.81731331055084,11.692999999999998,7.643921877237474,-1.5155585380022047,4.210383564936169e-15
286.737370881784,-14.81336130399217,11.692999999999994,7.642741545810558,-1.515785036360431,2.5262301389617013e-14
286.74693982807634,-14.809405951719611,11.692999999999998,7.641561449723383,-1.5160109813380978,-4.210383564936169e-14
286.7565076328704,-14.805447263075427,11.692999999999994,7.640381588349554,-1.516236374385337,-1.0104920555846805e-13
286.7660742984753,-14.801485247390874,11.692999999999996,7.639201961063706,-1.5164612169506468,-2.2736071250655313e-13
286.7756398271988,-14.797519913986124,11.692999999999998,7.6380225672415065,-1.5166855104808907,-9.262843842859572e-14
286.7852042213472,-14.793551272170355,11.692999999999998,7.6368434062596515,-1.5169092564213056,-1.1368035625327657e-13
286.794767483225,-14.789579331241756,11.692999999999998,7.635664477495864,-1.5171324562155006,-1.9367764398706378e-13
286.80432961513543,-14.785604100487442,11.692999999999998,7.63448578032889,-1.5173551113054502,-1.2631150694808508e-13
286.81389061937995,-14.781625589183585,11.692999999999998,7.633307314138504,-1.5175772231315063,-8.420767129872338e-14
286.8234504982585,-14.777643806595323,11.692999999999998,7.632129078305508,-1.517798793132393,-4.210383564936169e-15
286.83300925406974,-14.773658761976804,11.692999999999994,7.63095107221172,-1.5180198227452042,-3.3262030162995735e-13
286.8425668891105,-14.76967046457116,11.692999999999998,7.62977329523998,-1.518240313405404,-1.2631150694808506e-14
286.852123405676,-14.76567892361061,11.692999999999996,7.628595746774158,-1.5184602665468492,-2.6525416459097863e-13
286.8616788060603,-14.761684148316322,11.692999999999998,7.627418426199139,-1.518679683601749,-8.841805486365955e-14
286.8712330925553,-14.757686147898555,11.692999999999998,7.626241332900825,-1.51889856600071,-1.5999457546757442e-13
286.8807862674519,-14.753684931556554,11.692999999999998,7.625064466266143,-1.5191169151726993,-4.210383564936169e-15
286.89033833303915,-14.749680508478606,11.692999999999998,7.623887825683028,-1.5193347325450737,-2.947268495455318e-14
286.89988929160455,-14.745672887842082,11.692999999999998,7.622711410540437,-1.519552019543561,-1.2631150694808508e-13
286.90943914543413,-14.741662078813372,11.692999999999996,7.621535220228343,-1.519768777592271,-1.4315304120782974e-13
286.9189878968124,-14.737648090547914,11.692999999999998,7.620359254137727,-1.5199850081136934,-3.663033701494467e-13
286.928535548022,-14.73363093219025,11.692999999999998,7.6191835116605855,-1.520200712528698,-1.6841534259744677e-13
286.93808210134426,-14.729610612873946,11.692999999999996,7.618007992189934,-1.520415892256541,-1.2631150694808508e-13
286.947627559059,-14.725587141721652,11.693,7.616832695119788,-1.520630548714849,-1.1368035625327657e-13
286.95717192344426,-14.721560527845133,11.692999999999998,7.615657619845182,-1.5208446833196463,1.0104920555846805e-13
286.96671519677653,-14.717530780345188,11.693,7.614482765762152,-1.521058297485331,-2.063087946818723e-13
286.97625738133087,-14.71349790831172,11.692999999999996,7.613308132267749,-1.5212713926246852,-1.1368035625327657e-13
286.9857984793806,-14.70946192082376,11.692999999999998,7.61213371876002,-1.5214839701488836,-5.4734986344170195e-14
286.99533849319755,-14.70542282694941,11.692999999999996,7.610959524638035,-1.5216960314674797,3.789345208442552e-14
287.004877425052,-14.701380635745869,11.693,7.609785549301847,-1.5219075779884177,-2.2315032894161697e-13
287.0144152772124,-14.697335356259488,11.692999999999998,7.608611792152538,-1.5221186111180254,-1.9367764398706378e-13
287.023952051946,-14.693286997525695,11.692999999999998,7.6074382525921695,-1.5223291322610177,7.999728773378721e-14
287.0334877515181,-14.689235568569089,11.692999999999998,7.606264930023818,-1.5225391428205097,-1.7262572616238293e-13
287.04302237819275,-14.685181078403353,11.692999999999998,7.6050918238515575,-1.5227486441979892,7.157652060391487e-14
287.05255593423203,-14.681123536031317,11.692999999999998,7.603918933480465,-1.522957637793346,-1.642049590325106e-13
287.0620884218967,-14.677062950444984,11.692999999999998,7.602746258316608,-1.5231661250048554,-1.0946997268834039e-13
287.0716198434458,-14.672999330625464,11.692999999999998,7.601573797767058,-1.5233741072291878,-1.894672604221276e-13
287.0811502011369,-14.668932685543027,11.692999999999998,7.600401551239881,-1.5235815858614004,-1.5578419190263825e-13
287.0906794972257,-14.664863024157127,11.692999999999998,7.5992295181441465,-1.5237885622949492,-2.1051917824680845e-13
287.1002077339668,-14.660790355416363,11.692999999999998,7.598057697889905,-1.5239950379216807,4.631421921429786e-14
287.10973491361256,-14.656714688258484,11.692999999999998,7.59688608988821,-1.5242010141318367,-1.2631150694808506e-14
287.1192610384142,-14.652636031610463,11.692999999999998,7.595714693551106,-1.5244064923140561,-5.4734986344170195e-14
287.1287861106211,-14.648554394388414,11.692999999999998,7.594543508291629,-1.5246114738553707,-1.6841534259744677e-13
287.1383101324813,-14.644469785497629,11.692999999999998,7.593372533523808,-1.5248159601412077,-4.210383564936169e-14
287.1478331062408,-14.640382213832646,11.693,7.592201768662655,-1.525019952555395,1.6841534259744676e-14
287.1573550341444,-14.636291688277149,11.692999999999996,7.591031213124177,-1.52522345248016,8.841805486365955e-14
287.1668759184351,-14.632198217704023,11.693,7.589860866325367,-1.5254264612961212,-1.5999457546757442e-13
287.17639576135423,-14.628101810975423,11.692999999999998,7.588690727684204,-1.5256289803823058,8.420767129872338e-14
287.1859145651416,-14.624002476942652,11.692999999999998,7.587520796619655,-1.5258310111161357,-1.347322740779574e-13
287.19543233203547,-14.61990022444625,11.692999999999998,7.58635107255167,-1.5260325548734324,-2.610437810260425e-13
287.2049490642723,-14.615795062316014,11.693,7.5851815549011805,-1.5262336130284224,-5.894536990910637e-14
287.21446476408704,-14.611686999370942,11.692999999999998,7.584012243090106,-1.5264341869537348,1.3052189051302125e-13
287.223979433713,-14.607576044419261,11.692999999999998,7.582843136541344,-1.5266342780203983,-1.1789073981821273e-13
287.23349307538183,-14.603462206258472,11.692999999999998,7.581674234678773,-1.526833887597847,5.894536990910637e-14
287.2430056913236,-14.599345493675301,11.692999999999998,7.580505536927252,-1.5270330170539212,-1.6841534259744677e-13
287.25251728376674,-14.595225915445747,11.692999999999998,7.579337042712619,-1.5272316677548656,-2.2315032894161697e-13
287.262027854938,-14.591103480335052,11.693000000000001,7.578168751461691,-1.527429841065326,-3.157787673702127e-13
287.2715374070627,-14.586978197097716,11.692999999999998,7.577000662602263,-1.5276275383483606,-2.5262301389617017e-13
287.2810459423642,-14.582850074477545,11.692999999999998,7.575832775563102,-1.527824760965431,-6.73661370389787e-14
287.2905534630643,-14.578719121207584,11.692999999999998,7.574665089773947,-1.5280215102764134,-2.1051917824680845e-13
287.30005997138363,-14.57458534601017,11.692999999999998,7.573497604665521,-1.5282177876395784,2.5262301389617013e-14
287.3095654695404,-14.570448757596951,11.692999999999998,7.572330319669514,-1.528413594411623,-7.157652060391487e-14
287.3190699597518,-14.56630936466884,11.692999999999998,7.571163234218582,-1.528608931947646,-1.4736342477276593e-13
287.32857344423326,-14.562167175916045,11.692999999999998,7.569996347746368,-1.5288038016011496,8.420767129872338e-14
287.33807592519815,-14.558022200018122,11.693,7.568829659687468,-1.5289982047240658,-1.515738083377021e-13
287.3475774048588,-14.553874445643896,11.692999999999998,7.567663169477457,-1.5291921426667183,1.1368035625327657e-13
287.35707788542555,-14.549723921451502,11.692999999999998,7.566496876552877,-1.529385616777859,5.4734986344170195e-14
287.3665773691071,-14.545570636088444,11.692999999999998,7.565330780351233,-1.5295786284046455,4.210383564936169e-14
287.37607585811054,-14.541414598191507,11.692999999999998,7.564164880311002,-1.529771178892653,-7.999728773378721e-14
287.38557335464145,-14.537255816386818,11.692999999999998,7.562999175871618,-1.529963269585868,-3.115683838052765e-13
287.39506986090356,-14.533094299289871,11.692999999999998,7.561833666473487,-1.5301549018266962,-4.631421921429786e-14
287.404565379099,-14.52893005550548,11.692999999999998,7.560668351557976,-1.5303460769559596,-1.8525687685719145e-13
287.41405991142835,-14.524763093627783,11.692999999999998,7.559503230567415,-1.5305367963128909,0.0
287.4235534600903,-14.520593422240342,11.692999999999998,7.558338302945087,-1.5307270612351547,-2.73674931720851e-13
287.43304602728216,-14.516421049916016,11.693,7.557173568135245,-1.5309168730588165,-2.1472956181174462e-13
287.44253761519946,-14.512245985217051,11.692999999999998,7.556009025583105,-1.5311062331183727,-2.2315032894161697e-13
287.4520282260359,-14.508068236695086,11.692999999999996,7.554844674734829,-1.5312951427467365,-1.9788802755199994e-13
287.4615178619839,-14.5038878128911,11.693,7.553680515037537,-1.5314836032752381,-1.8104649329225526e-13
287.47100652523386,-14.499704722335501,11.692999999999998,7.55251654593932,-1.531671616033635,4.631421921429786e-14
287.4804942179746,-14.495518973548045,11.692999999999998,7.5513527668892095,-1.5318591823501042,-2.2736071250655313e-13
287.4899809423934,-14.491330575037884,11.692999999999998,7.5501891773372005,-1.53204630355124,-1.1789073981821273e-13
287.4994667006758,-14.487139535303617,11.692999999999998,7.549025776734236,-1.5322329809620696,-1.1368035625327657e-13
287.5089514950056,-14.482945862833198,11.692999999999998,7.547862564532215,-1.5324192159060375,-1.9367764398706378e-13
287.51843532756504,-14.478749566103994,11.692999999999998,7.546699540183988,-1.5326050097050117,-3.8314490440919136e-13
287.52791820053466,-14.474550653582842,11.692999999999996,7.5455367031433545,-1.5327903636792901,9.683882199353189e-14
287.53740011609324,-14.470349133725946,11.692999999999994,7.544374052865066,-1.5329752791475961,4.210383564936169e-15
287.546881076418,-14.466145014978942,11.692999999999996,7.543211588804815,-1.5331597574270766,-8.420767129872338e-15
287.5563610836843,-14.461938305776949,11.692999999999996,7.542049310419257,-1.5333437998333104,-3.24199534500085e-13
287.5658401400661,-14.457729014544466,11.692999999999998,7.540887217165977,-1.533527407680297,-3.368306851948935e-14
287.5753182477355,-14.453517149695465,11.692999999999994,7.539725308503525,-1.533710582280475,-2.5262301389617017e-13
287.5847954088629,-14.449302719633389,11.692999999999996,7.5385635838913725,-1.5338933249447024,-1.2631150694808508e-13
287.594271625617,-14.445085732751098,11.692999999999996,7.53740204278996,-1.5340756369822743,-1.6841534259744677e-13
287.6037469001651,-14.440866197430923,11.692999999999994,7.536240684660653,-1.5342575197009136,-3.4946183588970205e-13
287.6132212346724,-14.436644122044692,11.692999999999996,7.535079508965765,-1.5344389744067746,-3.031476166754042e-13
287.6226946313027,-14.43241951495366,11.692999999999994,7.533918515168557,-1.5346200024044452,-2.315710960714893e-13
287.6321670922179,-14.428192384508614,11.692999999999998,7.532757702733215,-1.5348006049969438,-6.315575347404254e-14
287.64163861957843,-14.423962739049784,11.692999999999994,7.531597071124882,-1.5349807834857307,-1.5999457546757442e-13
287.65110921554293,-14.419730586906907,11.692999999999994,7.530436619809627,-1.535160539170685,-5.4734986344170195e-14
287.6605788822684,-14.415495936399186,11.692999999999994,7.529276348254459,-1.535339873350134,9.262843842859572e-14
287.6700476219099,-14.411258795835387,11.692999999999996,7.528116255927333,-1.535518787320837,0.0
287.6795154366211,-14.407019173513717,11.692999999999994,7.526956342297122,-1.5356972823779858,6.73661370389787e-14
287.6889823285538,-14.402777077721957,11.692999999999996,7.525796606833651,-1.535875359815217,-1.5999457546757442e-13
287.6984482998582,-14.398532516737355,11.692999999999996,7.524637049007663,-1.5360530209245975,-3.157787673702127e-13
287.7079133526829,-14.39428549882669,11.692999999999998,7.523477668290848,-1.5362302669966312,-2.1051917824680846e-14
287.71737748917434,-14.390036032246313,11.692999999999994,7.522318464155823,-1.5364070993202734,-2.063087946818723e-13
287.72684071147785,-14.385784125242054,11.692999999999996,7.521159436076125,-1.5365835191829034,9.262843842859572e-14
287.73630302173666,-14.381529786049315,11.692999999999994,7.520000583526244,-1.5367595278703527,-1.9367764398706378e-13
287.7457644220924,-14.377273022893037,11.692999999999998,7.51884190598157,-1.536935126666887,-1.5578419190263825e-13
287.755224914685,-14.37301384398772,11.692999999999994,7.5176834029184505,-1.5371103168552183,-9.262843842859572e-14
287.7646845016529,-14.368752257537395,11.692999999999994,7.516525073814137,-1.5372850997164962,-8.420767129872338e-14
287.7741431851323,-14.3644882717357,11.692999999999994,7.515366918146819,-1.5374594765303193,-1.9367764398706378e-13
287.78360096725817,-14.36022189476581,11.692999999999996,7.514208935395611,-1.537633448574725,-2.020984111169361e-13
287.7930578501637,-14.355953134800451,11.692999999999996,7.513051125040547,-1.5378070171261953,-1.3052189051302125e-13
287.8025138359801,-14.351682000002002,11.692999999999994,7.511893486562589,-1.5379801834596636,-1.9788802755199994e-13
287.81196892683715,-14.347408498522354,11.692999999999998,7.510736019443616,-1.5381529488485002,-1.4736342477276593e-13
287.82142312486286,-14.343132638503025,11.692999999999994,7.50957872316644,-1.5383253145645275,4.210383564936169e-15
287.83087643218323,-14.338854428075132,11.692999999999994,7.508421597214776,-1.5384972818780178,-1.3052189051302125e-13
287.8403288509231,-14.33457387535936,11.692999999999998,7.507264641073273,-1.5386688520576803,-9.683882199353189e-14
287.84978038320503,-14.33029098846606,11.692999999999996,7.506107854227497,-1.538840026370686,1.6841534259744676e-14
287.8592310311502,-14.326005775495142,11.692999999999996,7.504951236163928,-1.539010806082646,4.210383564936169e-14
287.8686807968779,-14.321718244536159,11.692999999999998,7.503794786369963,-1.539181192457625,-5.4734986344170195e-14
287.8781296825059,-14.317428403668265,11.692999999999996,7.50263850433392,-1.5393511867581364,-2.442022467662978e-13
287.88757769015007,-14.3131362609603,11.692999999999996,7.501482389545022,-1.5395207902451464,-1.347322740779574e-13
287.8970248219245,-14.308841824470663,11.692999999999994,7.500326441493421,-1.5396900041780714,-2.1051917824680845e-13
287.90647107994175,-14.304545102247468,11.692999999999998,7.499170659670165,-1.5398588298147826,-1.221011233831489e-13
287.9159164663125,-14.300246102328437,11.692999999999994,7.4980150435672375,-1.5400272684116039,-2.5262301389617013e-14
287.9253609831458,-14.295944832740915,11.692999999999996,7.496859592677505,-1.5401953212233108,-3.789345208442552e-14
287.93480463254883,-14.291641301501983,11.692999999999998,7.495704306494766,-1.5403629895031372,-2.020984111169361e-13
287.94424741662726,-14.287335516618317,11.692999999999994,7.494549184513728,-1.5405302745027667,7.999728773378721e-14
287.9536893374848,-14.28302748608628,11.692999999999996,7.493394226229989,-1.5406971774723457,-4.210383564936169e-15
287.9631303972235,-14.27871721789194,11.692999999999994,7.492239431140078,-1.5408636996604734,-1.8104649329225526e-13
287.97257059794373,-14.274404720011006,11.692999999999996,7.4910847987414115,-1.5410298423142046,-2.48412630331234e-13
287.98200994174425,-14.270090000408878,11.692999999999994,7.489930328532329,-1.5411956066790529,-6.315575347404254e-14
287.9914484307217,-14.265773067040682,11.692999999999996,7.48877602001206,-1.5413609939989952,-4.631421921429786e-14
288.00088606697125,-14.261453927851203,11.692999999999998,7.487621872680748,-1.5415260055164635,-1.642049590325106e-13
288.01032285258634,-14.25713259077493,11.692999999999996,7.486467886039443,-1.5416906424723458,-2.3999186320136165e-13
