galstreams/tracks/track.st.Hrid.ibata2021.ecsv
# %ECSV 1.0
# ---
# datatype:
# - {name: ra, unit: deg, datatype: float64}
# - {name: dec, unit: deg, datatype: float64}
# - {name: distance, unit: kpc, datatype: float64}
# - {name: pm_ra_cosdec, unit: mas / yr, datatype: float64}
# - {name: pm_dec, unit: mas / yr, datatype: float64}
# - {name: radial_velocity, unit: km / s, datatype: float64}
# delimiter: ','
# meta: !!omap
# - __serialized_columns__:
#     dec:
#       __class__: astropy.coordinates.angles.Latitude
#       unit: &id001 !astropy.units.Unit {unit: deg}
#       value: !astropy.table.SerializedColumn {name: dec}
#     distance:
#       __class__: astropy.coordinates.distances.Distance
#       unit: !astropy.units.Unit {unit: kpc}
#       value: !astropy.table.SerializedColumn {name: distance}
#     pm_dec:
#       __class__: astropy.units.quantity.Quantity
#       unit: !astropy.units.Unit {unit: mas / yr}
#       value: !astropy.table.SerializedColumn {name: pm_dec}
#     pm_ra_cosdec:
#       __class__: astropy.units.quantity.Quantity
#       unit: !astropy.units.Unit {unit: mas / yr}
#       value: !astropy.table.SerializedColumn {name: pm_ra_cosdec}
#     ra:
#       __class__: astropy.coordinates.angles.Longitude
#       unit: *id001
#       value: !astropy.table.SerializedColumn {name: ra}
#       wrap_angle: !astropy.coordinates.Angle
#         unit: *id001
#         value: 360.0
#     radial_velocity:
#       __class__: astropy.units.quantity.Quantity
#       unit: !astropy.units.Unit {unit: km / s}
#       value: !astropy.table.SerializedColumn {name: radial_velocity}
# schema: astropy-2.0
ra,dec,distance,pm_ra_cosdec,pm_dec,radial_velocity
[from data line 284]
278.8540080027711,18.009231442985488,3.1919748147060756,-6.089565598537425,14.626566421045347,-330.33363322061507
278.854904713188,18.019212167097898,3.191905544612644,-6.089756374320967,14.63089433897594,-330.3250310053882
278.8558011992104,18.029192900187848,3.191836282343253,-6.089946867346202,14.635221355185784,-330.3163902811439
278.85669746096295,18.039173642250447,3.1917670279271624,-6.09013707762738,14.639547469506503,-330.3077110602871
278.85759349856977,18.049154393280524,3.1916977813936342,-6.090327005178903,14.643872681769668,-330.29899335522146
278.85848931215554,18.0591351532731,3.191628542771928,-6.090516650015083,14.648196991806891,-330.29023717835196
278.8593849018446,18.069115922223222,3.1915593120913046,-6.09070601215029,14.652520399449788,-330.28144254208337
278.8602802677612,18.079096700125742,3.191490089381025,-6.090895091598973,14.656842904529945,-330.2726094588197
278.86117541002994,18.089077486975683,3.191420874670351,-6.091083888375536,14.661164506878967,-330.26373794096594
278.86207032877496,18.09905828276811,3.1913516679885423,-6.091272402494492,14.665485206328484,-330.25482800092635
278.86296502412074,18.10903908749788,3.19128246936486,-6.0914606339702635,14.6698050027101,-330.24587965110555
278.8638594961916,18.119019901160105,3.191213278828564,-6.09164858281742,14.67412389585543,-330.23689290390826
278.86475374511167,18.12900072374966,3.1911440964089173,-6.091836249050513,14.678441885596088,-330.22786777173854
278.86564777100546,18.138981555261612,3.1910749221351784,-6.092023632684089,14.68275897176369,-330.21880426700125
278.8665415739971,18.14896239569101,3.1910057560366085,-6.092210733732759,14.687075154189873,-330.2097024021011
278.8674351542108,18.158943245032766,3.1909365981424695,-6.0923975522111675,14.691390432706251,-330.20056218944205
278.86832851177087,18.168924103281938,3.1908674484820208,-6.092584088133978,14.695704807144466,-330.1913836414292
278.86922164680146,18.1789049704336,3.1907983070845245,-6.092770341515848,14.700018277336122,-330.18216677046684
278.87011455942684,18.18888584648266,3.190729173979241,-6.092956312371493,14.704330843112865,-330.1729115889594
278.8710072497711,18.198866731424257,3.1906600491954293,-6.093142000715687,14.708642504306328,-330.16361810931147
278.8718997179584,18.208847625253313,3.1905909327623525,-6.09332740656316,14.712953260748156,-330.1542863439278
278.872791964113,18.218828527964906,3.19052182470927,-6.0935125299287165,14.717263112269988,-330.14491630521275
278.8736839883589,18.22880943955415,3.1904527250654438,-6.093697370827158,14.721572058703451,-330.13550800557084
278.87457579082013,18.238790360015944,3.190383633860134,-6.093881929273387,14.725880099880197,-330.1260614574066
278.87546737162097,18.24877128934546,3.1903145511226016,-6.094066205282225,14.730187235631872,-330.1165766731246
278.8763587308854,18.25875222753764,3.1902454768821062,-6.094250198868594,14.734493465790127,-330.10705366512934
278.8772498687374,18.268733174587595,3.1901764111679096,-6.094433910047416,14.738798790186616,-330.0974924458253
278.8781407853012,18.27871413049043,3.190107354009273,-6.094617338833627,14.743103208652993,-330.08789302761716
278.8790314807006,18.2886950952411,3.190038305435456,-6.094800485242259,14.747406721020909,-330.07825542290936
278.8799219550596,18.298676068834776,3.189969265475721,-6.094983349288288,14.751709327122022,-330.0685796441066
278.8808122085024,18.308657051266422,3.189900234159327,-6.095165930986756,14.756011026788002,-330.0588657036128
278.8817022411527,18.31863804253117,3.189831211515535,-6.095348230352728,14.760311819850513,-330.04911361383324
278.88259205313466,18.328619042624158,3.1897621975736072,-6.095530247401285,14.76461170614122,-330.0393233871721
278.88348164457216,18.33860005154034,3.1896931923628036,-6.095711982147543,14.768910685491782,-330.02949503603406
278.884371015589,18.348581069274864,3.1896241959123843,-6.09589343460665,14.773208757733887,-330.01962857282354
278.8852601663092,18.358562095822876,3.189555208251611,-6.096074604793763,14.7775059226992,-330.00972400994493
278.88614909685657,18.368543131179365,3.1894862294097446,-6.09625549272411,14.781802180219394,-329.999781359803
278.887037807355,18.378524175339535,3.189417259416045,-6.096436098412884,14.786097530126149,-329.9898006348021
278.8879262979283,18.388505228298378,3.1893482982997723,-6.096616421875329,14.790391972251168,-329.97978184734706
278.8888145687003,18.398486290051046,3.1892793460901894,-6.0967964631267435,14.794685506426099,-329.96972500984214
278.8897026197949,18.408467360592727,3.1892104028165558,-6.0969762221824135,14.798978132482674,-329.95963013469196
278.89059045133575,18.418448439918404,3.189141468508132,-6.097155699057673,14.803269850252537,-329.94949723430085
278.89147806344675,18.428429528023305,3.18907254319418,-6.0973348937678615,14.807560659567407,-329.9393263210736
278.8923654562516,18.438410624902453,3.18900362690396,-6.097513806328381,14.811850560258971,-329.92911740741476
278.89325262987404,18.448391730551016,3.188934719666733,-6.097692436754627,14.81613955215892,-329.9188705057287
278.89413958443777,18.4583728449642,3.1888658215117585,-6.097870785062042,14.820427635098973,-329.90858562842016
278.89502632006656,18.468353968137006,3.1887969324682985,-6.098048851266062,14.824714808910816,-329.89826278789343
278.8959128368841,18.47833510006463,3.1887280525656125,-6.098226635382188,14.829001073426166,-329.887901996553
278.896799135014,18.48831624074228,3.188659181832963,-6.098404137425929,14.833286428476718,-329.8775032668036
278.89768521458,18.49829739016499,3.18859032029961,-6.098581357412826,14.837570873894187,-329.8670666110498
278.89857107570566,18.50827854832801,3.188521467994814,-6.098758295358438,14.84185440951028,-329.85659204169605
278.8994567185146,18.518259715226392,3.188452624947836,-6.098934951278379,14.846137035156733,-329.84607957114656
278.9003421431306,18.52824089085534,3.1883837911879365,-6.099111325188199,14.850418750665241,-329.83552921180654
278.901227349677,18.538222075210072,3.1883149667443766,-6.0992874171036195,14.854699555867539,-329.8249409760799
278.90211233827756,18.54820326828564,3.188246151646418,-6.0994632270402445,14.858979450595344,-329.8143148763715
278.9029971090558,18.558184470077336,3.18817734592332,-6.099638755013798,14.863258434680377,-329.80365092508595
278.9038816621351,18.568165680580215,3.188108549604344,-6.099814001040005,14.86753650795438,-329.7929491346274
278.9047659976392,18.578146899789505,3.1880397627187502,-6.099988965134601,14.87181367024908,-329.7822095174006
278.9056501156915,18.58812812770046,3.1879709852958005,-6.100163647313334,14.876089921396204,-329.77143208581015
278.9065340164156,18.598109364308122,3.187902217364754,-6.100338047592016,14.880365261227501,-329.76061685226057
278.90741769993485,18.608090609607817,3.1878334589548736,-6.1005121659865,14.88463968957469,-329.7497638291561
278.9083011663728,18.61807186359461,3.1877647100954176,-6.100686002512585,14.888913206269539,-329.7388730289018
278.9091844158528,18.62805312626377,3.1876959708156494,-6.100859557186167,14.893185811143766,-329.7279444639017
278.91006744849835,18.638034397610532,3.1876272411448277,-6.101032830023131,14.897457504029145,-329.7169781465607
278.9109502644328,18.648015677629996,3.1875585211122144,-6.101205821039423,14.901728284757404,-329.705974089283
278.91183286377964,18.65799696631743,3.1874898107470706,-6.101378530250987,14.905998153160304,-329.6949323044734
278.9127152466622,18.667978263668093,3.187421110078655,-6.101550957673796,14.910267109069604,-329.6838528045363
278.9135974132038,18.67795956967711,3.187352419136231,-6.101723103323839,14.914535152317061,-329.67273560187635
278.91447936352785,18.687940884339792,3.1872837379490573,-6.101894967217125,14.918802282734436,-329.6615807088979
278.9153610977576,18.697922207651242,3.1872150665463956,-6.10206654936976,14.92306850015348,-329.65038813800544
278.9162426160165,18.707903539606765,3.187146404957507,-6.1022378497977785,14.927333804405981,-329.6391579016039
278.9171239184277,18.71788488020164,3.187077753211652,-6.102408868517303,14.93159819532369,-329.6278900120974
278.9180050051146,18.727866229430976,3.1870091113380914,-6.102579605544429,14.935861672738383,-329.6165844818907
278.91888587620036,18.737847587290084,3.1869404793660854,-6.10275006089536,14.940124236481848,-329.60524132338816
278.9197665318083,18.74782895377426,3.186871857324895,-6.102920234586229,14.944385886385849,-329.5938605489944
278.9206469720617,18.757810328878616,3.186803245243781,-6.10309012663325,14.94864662228216,-329.5824421711141
278.92152719708366,18.76779171259855,3.186734643152006,-6.103259737052655,14.95290644400258,-329.57098620215135
278.9224072069975,18.777773104929178,3.1866660510788267,-6.103429065860679,14.957165351378892,-329.55949265451136
278.92328700192627,18.787754505865824,3.1865974690535084,-6.1035981130736365,14.961423344242874,-329.54796154059784
278.9241665819933,18.797735915403806,3.186528897105308,-6.1037668787077966,14.965680422426328,-329.53639287281595
278.9250459473216,18.80771733353825,3.1864603352634893,-6.103935362779506,14.969936585761033,-329.52478666357007
278.92592509803444,18.817698760264555,3.186391783557312,-6.104103565305089,14.974191834078791,-329.5131429252647
278.92680403425487,18.827680195577905,3.1863232420160355,-6.104271486300963,14.978446167211423,-329.50146167030425
278.927682756106,18.83766163947359,3.1862547106689223,-6.104439125783511,14.982699584990698,-329.4897429110934
278.92856126371095,18.84764309194698,3.186186189545233,-6.10460648376915,14.986952087248447,-329.47798666003666
278.9294395571928,18.857624552993222,3.1861176786742273,-6.104773560274321,14.991203673816464,-329.4661929295386
278.93031763667454,18.86760602260773,3.1860491780851676,-6.104940355315539,14.99545434452656,-329.4543617320038
278.93119550227925,18.877587500785673,3.1859806878073136,-6.105106868909292,14.999704099210557,-329.4424930798364
278.9320731541301,18.887568987522407,3.185912207869926,-6.105273101072083,15.003952937700266,-329.4305869854413
278.93295059234987,18.897550482813283,3.185843738302265,-6.10543905182049,15.008200859827506,-329.4186434612231
278.93382781706174,18.9075319866535,3.185775279133593,-6.105604721171062,15.012447865424102,-329.406662519586
278.93470482838865,18.917513499038407,3.1857068303931704,-6.105770109140419,15.01669395432188,-329.39464417293493
278.9355816264535,18.927495019963377,3.1856383921102562,-6.105935215745178,15.020939126352662,-329.38258843367385
278.9364582113794,18.937476549423593,3.1855699643141127,-6.106100041001977,15.025183381348276,-329.3704953142079
278.9373345832891,18.94745808741452,3.185501547034002,-6.106264584927494,15.029426719140563,-329.3583648269413
278.9382107423056,18.95743963393133,3.185433140299182,-6.106428847538437,15.033669139561361,-329.34619698427855
278.93908668855187,18.96742118896943,3.185364744138915,-6.106592828851529,15.037910642442498,-329.33399179862425
278.93996242215076,18.977402752524178,3.1852963585824616,-6.106756528883498,15.04215122761583,-329.32174928238305
278.9408379432251,18.987384324590813,3.185227983659083,-6.106919947651125,15.046390894913186,-329.3094694479593
278.94171325189785,18.997365905164717,3.185159619398039,-6.107083085171185,15.050629644166431,-329.2971523077578
278.9425883482918,19.007347494241298,3.1850912658285906,-6.10724594146053,15.054867475207406,-329.2847978741825
278.94346323252984,19.017329091815757,3.1850229229800004,-6.107408516535967,15.059104387867952,-329.2724061596388
278.94433790473465,19.027310697883586,3.184954590881526,-6.107570810414399,15.063340381979959,-329.25997717653047
278.94521236502914,19.037292312439998,3.1848862695624307,-6.107732823112698,15.067575457375254,-329.24751093726235
278.9460866135361,19.04727393548041,3.1848179590519745,-6.107894554647775,15.071809613885716,-329.2350074542391
278.94696065037834,19.057255567000237,3.1847496593794173,-6.108056005036559,15.076042851343212,-329.22246673986484
278.9478344756785,19.067237206994733,3.184681370574021,-6.108217174296042,15.080275169579597,-329.2098888065444
278.94870808955943,19.077218855459353,3.1846130926650456,-6.10837806244319,15.084506568426757,-329.1972736666825
278.9495814921438,19.087200512389384,3.184544825681753,-6.108538669495007,15.08873704771656,-329.1846213326832
278.95045468355437,19.097182177780216,3.184476569653404,-6.108698995468556,15.092966607280868,-329.1719318169513
278.95132766391373,19.107163851627313,3.1844083246092567,-6.108859040380884,15.097195246951582,-329.1592051318913
278.9522004333448,19.117145533925918,3.184340090578575,-6.10901880424904,15.101422966560582,-329.1464412899079
278.95307299197,19.127127224671543,3.1842718675906188,-6.1091782870901845,15.105649765939745,-329.1336403034053
278.953945339912,19.137108923859444,3.184203655674647,-6.109337488921424,15.10987564492096,-329.12080218478826
278.95481747729366,19.147090631485074,3.1841354548599234,-6.109496409759888,15.11410060333613,-329.1079269464612
278.9556894042375,19.157072347543895,3.1840672651757074,-6.109655049622766,15.118324641017146,-329.0950146008287
278.956561120866,19.167054072031167,3.183999086651259,-6.109813408527282,15.122547757795893,-329.0820651602953
278.95743262730196,19.177035804942353,3.18393091931584,-6.109971486490645,15.12676995350428,-329.06907863726553
278.95830392366776,19.187017546272923,3.1838627631987104,-6.110129283530117,15.130991227974217,-329.05605504414393
278.9591750100862,19.19699929601817,3.1837946183291317,-6.110286799662919,15.135211581037606,-329.04299439333505
278.9600458866796,19.206981054173607,3.183726484736364,-6.110444034906415,15.139431012526357,-329.0298966972432
278.9609165535707,19.216962820734533,3.1836583624496684,-6.110600989277856,15.143649522272378,-329.0167619682734
278.9617870108819,19.226944595696434,3.183590251498307,-6.110757662794647,15.14786711010758,-329.0035902188296
278.96265725873576,19.236926379054797,3.183522151911538,-6.110914055474097,15.152083775863911,-328.99038146131664
278.96352729725476,19.24690817080491,3.1834540637186235,-6.111070167333635,15.156299519373256,-328.977135708139
278.9643971265614,19.256889970942265,3.183385986948825,-6.111225998390677,15.160514340467564,-328.9638529717014
278.9652667467781,19.266871779462342,3.183317921631401,-6.111381548662607,15.16472823897875,-328.950533264408
278.9661361580274,19.27685359636048,3.1832498677956163,-6.11153681816692,15.168941214738751,-328.9371765986637
278.9670053604317,19.28683542163223,3.183181825470727,-6.111691806921092,15.173153267579501,-328.92378298687277
278.9678743541134,19.296817255272902,3.1831137946859966,-6.111846514942636,15.177364397332937,-328.91035244143984
278.9687431391948,19.30679909727801,3.1830457754706862,-6.112000942249091,15.181574603830986,-328.8968849747693
278.96961171579864,19.31678094764306,3.1829777678540543,-6.112155088857946,15.185783886905618,-328.883380599266
278.97048008404704,19.326762806363412,3.1829097718653636,-6.112308954786839,15.189992246388755,-328.86983932733415
278.97134824406237,19.33674467343459,3.182841787533875,-6.11246254005334,15.194199682112359,-328.85626117137855
278.97221619596706,19.34672654885196,3.1827738148888476,-6.112615844675073,15.198406193908372,-328.84264614380356
278.97308393988345,19.356708432611047,3.1827058539595434,-6.112768868669667,15.20261178160876,-328.8289942570137
278.9739514759339,19.36669032470738,3.1826379047752225,-6.112921612054802,15.20681644504548,-328.81530552341366
278.9748188042406,19.376672225136314,3.1825699673651475,-6.113074074848176,15.211020184050485,-328.80157995540765
278.975685924926,19.38665413389342,3.182502041758578,-6.113226257067485,15.215222998455744,-328.7878175654007
278.97655283811224,19.396636050974077,3.1824341279847723,-6.113378158730466,15.219424888093235,-328.7740183657968
278.9774195439217,19.406617976373802,3.182366226072994,-6.113529779854874,15.223625852794909,-328.760182369001
278.9782860424766,19.416599910088152,3.1822983360525043,-6.113681120458493,15.227825892392755,-328.7463095874173
