galstreams/tracks/track.st.Orphan.koposov2019.ecsv
# %ECSV 0.9
# ---
# datatype:
# - {name: ra, unit: deg, datatype: float64}
# - {name: dec, unit: deg, datatype: float64}
# - {name: distance, unit: kpc, datatype: float64}
# - {name: pm_ra_cosdec, unit: mas / yr, datatype: float64}
# - {name: pm_dec, unit: mas / yr, datatype: float64}
# - {name: radial_velocity, unit: km / s, datatype: float64}
# delimiter: ','
# meta: !!omap
# - __serialized_columns__:
#     dec:
#       __class__: astropy.coordinates.angles.Latitude
#       unit: &id001 !astropy.units.Unit {unit: deg}
#       value: !astropy.table.SerializedColumn {name: dec}
#     distance:
#       __class__: astropy.coordinates.distances.Distance
#       unit: !astropy.units.Unit {unit: kpc}
#       value: !astropy.table.SerializedColumn {name: distance}
#     pm_dec:
#       __class__: astropy.units.quantity.Quantity
#       unit: !astropy.units.Unit {unit: mas / yr}
#       value: !astropy.table.SerializedColumn {name: pm_dec}
#     pm_ra_cosdec:
#       __class__: astropy.units.quantity.Quantity
#       unit: !astropy.units.Unit {unit: mas / yr}
#       value: !astropy.table.SerializedColumn {name: pm_ra_cosdec}
#     ra:
#       __class__: astropy.coordinates.angles.Longitude
#       unit: *id001
#       value: !astropy.table.SerializedColumn {name: ra}
#       wrap_angle: !astropy.coordinates.Angle
#         unit: *id001
#         value: 360.0
#     radial_velocity:
#       __class__: astropy.units.quantity.Quantity
#       unit: !astropy.units.Unit {unit: km / s}
#       value: !astropy.table.SerializedColumn {name: radial_velocity}
# schema: astropy-2.0
ra,dec,distance,pm_ra_cosdec,pm_dec,radial_velocity
341.01566483739145,-13.651559707819331,100.00000000693495,-0.3836555007572523,0.6818674253783328,-8.603566742673361e-07
340.73590371478247,-14.774087670422745,98.3652848549704,-0.34057742968430094,0.6036444613976404,-7.527055872790482e-07
340.45359606834813,-15.896352362346953,96.72501114486556,-0.298308949544438,0.5257679795041625,-6.488121413109587e-07
340.1683166823317,-17.018285417559404,95.07276289111138,-0.2569452243153389,0.4481929052306213,-5.48890628044989e-07
339.8797382394165,-18.13984335894833,93.40381136335048,-0.21645737896410364,0.3708231048205989,-4.5274507096772523e-07
339.58739457436695,-19.260951536615416,91.7109659474824,-0.17694294972616081,0.29359071277056537,-3.6063735593690655e-07
339.290940573229,-20.381565740359935,89.9902173425544,-0.1383813032368876,0.21639683642859353,-2.724400977977758e-07
338.9898642282416,-21.50160443134447,88.23371070424874,-0.10087467271796204,0.1391463946955614,-1.8845902934251729e-07
338.68379359982447,-22.621021048477825,86.43804576264296,-0.0644126991982791,0.06173373807635975,-1.0861912995677097e-07
338.37216493154494,-23.739726371343295,84.59481384157624,-0.02910547770502704,-0.01596983445405703,-3.326326459482718e-08
338.054569234431,-24.857669668519808,82.70111330378288,0.005044135539834219,-0.09408284395287292,3.764572574661537e-08
337.7303838363461,-25.974753008910426,80.74809203963257,0.03791368540576896,-0.1727772174203784,1.0373795229265273e-07
337.39915096414677,-27.090919406331196,78.73323664614225,0.06948267289907353,-0.2521939673686626,1.650263964452625e-07
337.06018029374053,-28.206060892180023,76.64736197858652,0.09960960403283842,-0.33256316513026946,2.211275933108846e-07
336.7129516335805,-29.320111797225884,74.48823246989082,0.12824939025588547,-0.4140639587286752,2.7204394701853453e-07
336.35669631628315,-30.432952413167165,72.24644033860908,0.15523111270228968,-0.4970086191688203,3.173950830961889e-07
335.9908157175623,-31.544505516119244,69.91991745520082,0.18047368578942657,-0.581640898891051,3.5718632346867375e-07
335.6144496954921,-32.65463748111197,67.49914379987342,0.2037597629634249,-0.6683957816870736,3.910602402543945e-07
335.2269022006875,-33.763256087806646,64.9821082822466,0.22495251938719987,-0.7576285955367478,4.1903983898915006e-07
334.82720543487676,-34.87021101441646,62.359289042555176,0.2437586471612003,-0.8499689415494073,4.408138544367517e-07
334.4145432069997,-35.97539086880117,59.6286216312051,0.2599492191492689,-0.9459720492210411,4.564383183816817e-07
333.9878200606098,-37.07862508183434,56.78314034419213,0.27310970433433446,-1.046564055977533,4.6569334775264473e-07
333.54607328443564,-38.17977819531388,53.87599159144821,0.2830985525175212,-1.1518120708466384,4.6917299398758485e-07
333.08814806728606,-39.27867608438906,51.02181977796451,0.2899879815969491,-1.2608240458100544,4.679700031954113e-07
332.6132326320335,-40.37522840321786,48.339398100205855,0.29419366481158615,-1.3717199259576018,4.637009268835799e-07
332.1203117987743,-41.4693046295445,45.953641059245925,0.29637196783440306,-1.4817659729668051,4.580638632684322e-07
331.60843362489925,-42.56079566123904,43.978604498402554,0.2976060070520605,-1.5871301708858825,4.5293127097050094e-07
331.0764276826548,-43.64955031039225,42.500298381353325,0.2990530743689458,-1.683908028975034,4.4982693832653926e-07
330.5231241879578,-44.7354263329342,41.44492051109582,0.30082382352622694,-1.771840641118951,4.4861929927091e-07
329.9471553560946,-45.8182459569677,40.71364799769933,0.3025343275736323,-1.852142957463815,4.486515676505517e-07
329.347093422439,-46.897828698001454,40.197557008077474,0.303483590706805,-1.9269567961403877,4.490395965998962e-07
328.7213204290831,-47.97396266907593,39.794193048489895,0.30278688300574186,-1.9987296065850098,4.4881065278316925e-07
328.0680989456042,-49.046422299943295,39.39755296394974,0.2993602158198452,-2.0702700522113435,4.469025743176772e-07
327.38549418805997,-50.11495187747718,38.929741349190564,0.2922223975841146,-2.1437701969263037,4.4252431433923987e-07
326.6713924144471,-51.17927154320489,38.384587821368385,0.2810097514276405,-2.219499366744469,4.357162925300807e-07
325.9234574831713,-52.23906908837615,37.771235852302276,0.26547903901490444,-2.297298432111678,4.267126398994786e-07
325.13911333457975,-53.29399795741826,37.09874553351602,0.24535564498313933,-2.377001379164472,4.1576187012697036e-07
324.31551492383153,-54.343672743323495,36.37650718452762,0.22035110557119852,-2.45840599438959,4.0313321197923233e-07
323.4495129713659,-55.38766339158099,35.61342177307263,0.19013181627546039,-2.5412998389355916,3.8908925865844234e-07
322.53761665218536,-56.425489070980205,34.81895101854523,0.15436396206970238,-2.6254008702727383,3.7391102800525855e-07
321.5759484694778,-57.45661029015485,34.00201221271574,0.11265814724391121,-2.710404409085445,3.578567344229514e-07
320.5600205003339,-58.480376751748516,33.17196302703126,0.06463113141063492,-2.7959060924999486,3.411663697747222e-07
319.48471257962626,-59.49602312198273,32.337912525120075,0.009833166460348819,-2.88145271791805,3.240314223051042e-07
318.34430811524754,-60.50267911651803,31.508938882659173,-0.05216315545465777,-2.9664669339842504,3.0664061824701224e-07
317.1324755889822,-61.49936627021807,30.694518382958012,-0.121836619356964,-3.0502754783958377,2.8916058774041213e-07
315.8421532532673,-62.4849691548623,29.90327425810059,-0.19960830211700697,-3.132028554677238,2.7174388140262866e-07
314.4655253952459,-63.45822792273891,29.14522545890088,-0.28588203709102733,-3.210658168210535,2.545286671807288e-07
312.9938937809991,-64.41770083862446,28.428364826026645,-0.38102057489429275,-3.2849979764750743,2.3762134988816553e-07
311.4176665285713,-65.36175302253567,27.763429384434666,-0.48532661456634796,-3.35362643809934,2.21126582818829e-07
309.7262346310918,-66.28850879981266,27.156444618703993,-0.5991223769227674,-3.4151697677306605,2.0509061282579644e-07
307.90800104063385,-67.19583573537513,26.60932280850288,-0.7228603342019047,-3.468290303556952,1.8950970108846217e-07
305.95030487508626,-68.08128618526818,26.115618337762587,-0.85722463851166,-3.511931342106552,1.7431370261663436e-07
303.83955092944734,-68.94207744428266,25.673145156193858,-1.002768433119563,-3.5446333262674123,1.5946202931274704e-07
301.56126839150585,-69.77502485826658,25.275496258442118,-1.1601459018409672,-3.5650206927395347,1.4488766871198067e-07
299.1004560026909,-70.57652370082108,24.920337567286886,-1.329743069523722,-3.571226710061194,1.3054986430142668e-07
296.441928728179,-71.34248354237909,24.601451491025724,-1.5119547298452698,-3.5614420275934857,1.1639068120323153e-07
293.57106306177707,-72.06832801713145,24.31627315206538,-1.7066898245675142,-3.5333333515903225,1.0237352276344882e-07
290.47464548382965,-72.74895461739193,24.058857145797038,-1.9136744255380465,-3.4846518250262095,8.845252948428925e-08
287.14222175666447,-73.37878666602457,23.82632502081319,-2.1318405236217792,-3.41273017482714,7.459910444057977e-08
283.5675982681715,-73.95180351594726,23.6130863330402,-2.3596645252284083,-3.3151753319722097,6.078306760292693e-08
279.7507864962357,-74.46169833535617,23.41586628381458,-2.5945075130437427,-3.18953979148433,4.698643221274131e-08
275.6998843795233,-74.9020349608614,23.229512163039498,-2.8330727179205444,-3.034113749867158,3.319658396086237e-08
271.4329273878516,-75.26655665824272,23.050270051354023,-3.070860885259864,-2.847799076528792,1.9410558737260388e-08
266.97899436410364,-75.54948574018208,22.873507746079586,-3.3029327798309325,-2.6309050540937413,5.632878493884114e-09
262.3783835849798,-75.74594539615545,22.6949094337162,-3.5237524706900722,-2.385060082707978,-8.119421557362727e-09
257.681260689948,-75.85229832167661,22.510448386325063,-3.728145816874801,-2.1136338139281388,-2.182422006122996e-08
252.94487408911297,-75.86658112274898,22.31655748291192,-3.911231671164388,-1.8213453073090742,-3.5421199062766303e-08
248.22935956933935,-75.78862992179441,22.114246974059327,-4.069289603079846,-1.5141908714165762,-4.884434816844069e-08
243.59307868000755,-75.62012360234506,21.903846201183363,-4.199839414209858,-1.1987538701915568,-6.200534616221146e-08
239.08839023782798,-75.3642884190664,21.686887890962595,-4.302279060803321,-0.8817382216976342,-7.485487261099895e-08
234.7583642291151,-75.02579942693893,21.463869006554745,-4.377288924118024,-0.5692532418801208,-8.730333476292487e-08
230.6352324877591,-74.61019124390349,21.236148549656136,-4.4269942515844765,-0.26647355355160907,-9.931716849280547e-08
226.739867464145,-74.12373118811162,21.004387931077527,-4.454093878693602,0.02264722242138729,-1.1081062776044695e-07
223.08307724519,-73.5727803743027,20.769790982191314,-4.461914128435533,0.2953781203018948,-1.2176439795754313e-07
219.66677283125546,-72.96381194941205,20.53316500680299,-4.453626157171774,0.5501056825394202,-1.320980497057469e-07
216.4864831537108,-72.30287138162555,20.29557722061929,-4.432438717281417,0.7861582526459235,-1.4180577741242008e-07
213.532589682807,-71.5957744782671,20.05796226578227,-4.401033681027654,1.0035524167800034,-1.508152151100404e-07
210.79274182971122,-70.84768238906389,19.82126929699128,-4.361904647807267,1.2028372558424054,-1.591315689378859e-07
208.2523932942405,-70.06342264590138,19.586541740066565,-4.31695739227591,1.3848525811052559,-1.6669154419982485e-07
205.89668987532357,-69.2471398790059,19.35462924335844,-4.267907428176597,1.5506677155718978,-1.7350957830110147e-07
203.71029217567906,-68.40267097954406,19.126665461707088,-4.215966501449845,1.7013933134775872,-1.7953148781561855e-07
201.6787981511184,-67.53323602645575,18.903419091772058,-4.162230577372077,1.838204773372989,-1.847794783062976e-07
199.78809821721237,-66.64181991301899,18.68609338516983,-4.107408315484765,1.9621978098814736,-1.8920895339041877e-07
198.02549859434095,-65.73088579362611,18.475205376666135,-4.052174031995292,2.0744713027722677,-1.9284365963128835e-07
196.37884590831496,-64.80273724785692,18.271337608171624,-3.9969313790605314,2.176022783978506,-1.9564036481046155e-07
194.83747370758485,-63.85924970984175,18.074451045150717,-3.9420904581480594,2.267823835736004,-1.9761839458850143e-07
193.39125706440697,-62.90220082240584,17.88503133767014,-3.887830655359631,2.350689964709101,-1.9873933342576152e-07
192.0314563740338,-61.93301816988952,17.70305778456394,-3.8343377015604045,2.425356733773621,-1.9902334905951785e-07
190.7502484798814,-60.95293712652934,17.528995481405236,-3.7816674062225633,2.4924139679634494,-1.9849838159510736e-07
189.54167068531137,-59.96272351582407,17.362846457852307,-3.7299561520879374,2.552392192521833,-1.9733426106400528e-07
188.4001753246597,-58.96311300670335,17.20505090232435,-3.6792373844622497,2.60572563726854,-1.9566886910719618e-07
187.3209974646514,-57.954693986973076,17.05563792796398,-3.6295924594456075,2.652854251346851,-1.9366221714168185e-07
186.2997137735742,-56.93803088405646,16.915018463375844,-3.581026423092607,2.6941384616344375,-1.914503679227468e-07
185.3324445318468,-55.91359783200786,16.783253057847332,-3.533582520979724,2.7299533508450704,-1.8917564925642014e-07
184.41565045314522,-54.88183131761345,16.660719027508044,-3.4872514358804114,2.7606089142606045,-1.8697028402817508e-07
183.5461649565014,-53.843114831718815,16.547512710450587,-3.442051180221598,2.7864316757407606,-1.8496300892589316e-07
182.72114023189872,-52.7977889999021,16.443973457669117,-3.397965881553399,2.8076992825846014,-1.832812301562493e-07
181.93799012089,-51.74616280458235,16.35023774872187,-3.354996619637794,2.824702475783898,-1.8204474155243311e-07
181.1944055099965,-50.68850493921411,16.2666026168071,-3.313124988867106,2.837699704547732,-1.8137525688253974e-07
180.4882795466265,-49.62506076281293,16.193249035609195,-3.2723406353295736,2.8469556316209736,-1.813881238147142e-07
179.8177209451344,-48.55604506789471,16.130427367870087,-3.232624363862351,2.8527182543382805,-1.8219963314302e-07
179.1810257114603,-47.481646805540535,16.078367434060716,-3.1939581540323565,2.8552332651356958,-1.839256883062327e-07
178.5766246238083,-46.402040650005965,16.037268573806358,-3.156322414311654,2.8547431138316037,-1.8667695502597312e-07
178.0031591035452,-45.31736380949547,16.007413807024975,-3.1196941264039446,2.851479443869284,-1.905749449719253e-07
177.45930580835633,-44.22776158898705,15.988944825759065,-3.0840529163141412,2.8456807833609226,-1.9572564191918576e-07
176.9440087053077,-43.13332236489707,15.981910487158968,-3.0493720477571884,2.837566034295543,-2.0225741204188236e-07
176.45612938094948,-42.034170692542666,15.98548379839839,-3.015625499264245,2.827357488878542,-2.102599365099482e-07
175.9948826699575,-40.93034784710216,15.998991060298737,-2.9827763883323675,2.815240087588429,-2.1986397299537594e-07
175.5592660088485,-39.82196480724245,16.02146741930895,-2.950785056033725,2.8013943478632686,-2.311489966983373e-07
175.14873000071822,-38.70901997561934,16.052257245393967,-2.9195570801623907,2.785829055879426,-2.4425620704206604e-07
174.76148753173,-37.591854766256894,16.09038528718445,-2.8889338172734345,2.768465238096845,-2.5910269315340133e-07
174.393959813179,-36.4713033772544,16.135198530974456,-2.8586783710073407,2.7492150226248064,-2.752752143062119e-07
174.04201598309132,-35.34835959994784,16.185726890550704,-2.8285820601406764,2.7280237521187907,-2.92225443828069e-07
173.70195123214745,-34.223913100077695,16.241304405561092,-2.798420063408248,2.704728264079103,-3.094393107272281e-07
173.37022665938696,-33.09881871186259,16.30098171792485,-2.7680327275662227,2.679218635282276,-3.263943737694177e-07
173.04334305163883,-31.973928700621414,16.36406435766808,-2.7372162155780253,2.6512446726980543,-3.4254154841316737e-07
172.71830714794459,-30.84996405585222,16.429639257818135,-2.705858989410447,2.6206568322650328,-3.5739367643847973e-07
172.39169173584136,-29.727765599480005,16.49696787580369,-2.673773167579243,2.5871197294222554,-3.70357110604233e-07
172.0610128336324,-28.60791843637598,16.565188998736133,-2.6408947440383828,2.5504596273767293,-3.809929100030155e-07
171.72279573017826,-27.491270939070837,16.63350444847125,-2.6070476461046814,2.510255885825511,-3.886578459168447e-07
171.37503931789158,-26.378266753634424,16.701120429180616,-2.572214756051707,2.466325837877858,-3.9297773313753777e-07
171.01429639840046,-25.269728307055182,16.767163564172126,-2.5362313889148815,2.4181584576461157,-3.932924508882496e-07
170.64111187868767,-24.16539760559951,16.83092303765552,-2.4991606107825595,2.3655406891945203,-3.8970735980730923e-07
170.25554303657225,-23.065145231467067,16.891434806973116,-2.4608932695883703,2.3078156171498057,-3.8223765095861896e-07
169.8597007593602,-21.968298038669072,16.948337317222393,-2.421531399876386,2.244812101568351,-3.7132750296674525e-07
169.45363010401394,-20.874737888628182,17.00237208645637,-2.380974893196449,2.1759377161244613,-3.57063405530879e-07
169.039272833983,-19.783853502490086,17.055163809918763,-2.3394501575417586,2.1015486370117595,-3.3992528343205307e-07
168.6166487036808,-18.695548983936828,17.10820499720128,-2.297060143199386,2.0218577245123215,-3.200260338951777e-07
168.18753380537865,-17.60927920628634,17.162941767885904,-2.254119715128531,1.937692138951939,-2.978135827861921e-07
167.75196051966049,-16.524964459938506,17.22106671513414,-2.2107312226674702,1.8493925309613486,-2.7340600610179137e-07
167.31153872423994,-15.442127547048743,17.283811364790544,-2.1671601572769115,1.7577676882636388,218.60807286849624
166.86634751933795,-14.360697358925538,17.353097413921617,-2.12350368381532,1.6632619226110426,225.0716544402743
166.41782714736723,-13.280264409979752,17.429912774298906,-2.0799773484934416,1.5666418884717785,226.96036092745268
165.96613487283255,-12.200757333873073,17.516437267229158,-2.036678665078627,1.4684608979355138,228.7292085127273
165.51252771958804,-11.121834662907839,17.613405948389566,-1.9937738979036104,1.369418400331219,230.3834327483218
