galstreams/tracks/track.st.Jhelum-b.shipp2019.ecsv
# %ECSV 0.9
# ---
# datatype:
# - {name: ra, unit: deg, datatype: float64}
# - {name: dec, unit: deg, datatype: float64}
# - {name: distance, unit: kpc, datatype: float64}
# - {name: pm_ra_cosdec, unit: mas / yr, datatype: float64}
# - {name: pm_dec, unit: mas / yr, datatype: float64}
# - {name: radial_velocity, unit: km / s, datatype: float64}
# delimiter: ','
# meta: !!omap
# - __serialized_columns__:
#     dec:
#       __class__: astropy.coordinates.angles.Latitude
#       unit: &id001 !astropy.units.Unit {unit: deg}
#       value: !astropy.table.SerializedColumn {name: dec}
#     distance:
#       __class__: astropy.coordinates.distances.Distance
#       unit: !astropy.units.Unit {unit: kpc}
#       value: !astropy.table.SerializedColumn {name: distance}
#     pm_dec:
#       __class__: astropy.units.quantity.Quantity
#       unit: !astropy.units.Unit {unit: mas / yr}
#       value: !astropy.table.SerializedColumn {name: pm_dec}
#     pm_ra_cosdec:
#       __class__: astropy.units.quantity.Quantity
#       unit: !astropy.units.Unit {unit: mas / yr}
#       value: !astropy.table.SerializedColumn {name: pm_ra_cosdec}
#     ra:
#       __class__: astropy.coordinates.angles.Longitude
#       unit: *id001
#       value: !astropy.table.SerializedColumn {name: ra}
#       wrap_angle: !astropy.coordinates.Angle
#         unit: *id001
#         value: 360.0
#     radial_velocity:
#       __class__: astropy.units.quantity.Quantity
#       unit: !astropy.units.Unit {unit: km / s}
#       value: !astropy.table.SerializedColumn {name: radial_velocity}
# schema: astropy-2.0
ra,dec,distance,pm_ra_cosdec,pm_dec,radial_velocity
[from data line 275]
346.29257250586164,-51.089372914553785,13.199999999995338,7.261369603380651,-5.455031063870457,1.1458643079645083e-09
346.3085482533104,-51.09010089073753,13.199999999995327,7.262287376942593,-5.45320145941287,1.1803557701284653e-09
346.32452450289844,-51.09082668857661,13.19999999999532,7.263204764853459,-5.451371624973365,1.214678816949825e-09
346.3405012531475,-51.09155030791406,13.199999999995308,7.264121766883038,-5.44954156082191,1.2490692299082237e-09
346.3564785025791,-51.09227174859325,13.199999999995295,7.265038382801277,-5.447711267228661,1.2834596428666222e-09
346.3724562497141,-51.09299101045793,13.199999999995287,7.265954612378297,-5.4458807444639445,1.3179511050305795e-09
346.3884344930732,-51.093708093352184,13.199999999995274,7.266870455384388,-5.444049992798277,1.3521057365093415e-09
346.4044132311766,-51.09442299712053,13.199999999995265,7.267785911590028,-5.4422190125023375,1.3864961494677402e-09
346.4203924625442,-51.095135721607775,13.199999999995255,7.268700980765848,-5.440387803846987,1.4207855132205804e-09
346.43637218569546,-51.095846266659166,13.199999999995244,7.269615662682673,-5.43855636710326,1.4553443415215764e-09
346.45235239914945,-51.09655463212025,13.199999999995233,7.270529957111468,-5.436724702542385,1.489734754479975e-09
346.46833310142483,-51.097260817837,13.199999999995224,7.271443863823405,-5.434892810435754,1.5239567520957762e-09
346.48431429104005,-51.09796482365572,13.19999999999521,7.272357382589822,-5.433060691054923,1.5585155803967723e-09
346.5002959665129,-51.098666649423066,13.199999999995205,7.273270513182205,-5.4312283446716485,1.5927375780125735e-09
346.5162781263611,-51.09936629498612,13.19999999999519,7.2741832553722485,-5.429395771557851,1.627195357108011e-09
346.5322607691018,-51.10006376019227,13.199999999995182,7.275095608931798,-5.427562971985621,1.6615184039293707e-09
346.54824389325177,-51.10075904488932,13.19999999999517,7.276007573632885,-5.42572994622724,1.69587513381925e-09
346.5642274973275,-51.10145214892541,13.199999999995159,7.276919149247705,-5.42389669455515,1.73016449757209e-09
346.5802115798452,-51.102143072149076,13.199999999995148,7.277830335548647,-5.422063217241974,1.7647570089416056e-09
346.5961961393202,-51.10283181440917,13.199999999995137,7.278741132308243,-5.420229514560518,1.7987769081462899e-09
346.61218117426824,-51.103518375554984,13.199999999995125,7.279651539299238,-5.418395586783745,1.833201004173208e-09
346.6281666832041,-51.10420275543611,13.199999999995116,7.280561556294521,-5.416561434184806,1.867625100200126e-09
346.6441526646423,-51.10488495390256,13.199999999995104,7.2814711830671754,-5.414727057037027,1.901880780884447e-09
346.6601391170973,-51.1055649708047,13.199999999995091,7.282380419390457,-5.412892455613898,1.9364059261169232e-09
346.6761260390826,-51.10624280599324,13.199999999995084,7.2832892650377845,-5.411057630189097,1.9706279237327246e-09
346.692113429112,-51.10691845931929,13.19999999999507,7.284197719782771,-5.409222581036463,2.0050520197596425e-09
346.70810128569843,-51.10759193063429,13.199999999995061,7.285105783399201,-5.407387308430016,2.0393077004439633e-09
346.72408960735476,-51.10826321979012,13.19999999999505,7.2860134556610205,-5.405551812643947,2.0736644303338424e-09
346.7400783925934,-51.10893232663896,13.199999999995038,7.286920736342385,-5.403716093952617,2.1081558924977996e-09
346.75606763992624,-51.109599251033366,13.199999999995027,7.287827625217587,-5.4018801526305715,2.142377890113601e-09
346.77205734786503,-51.11026399282631,13.199999999995018,7.288734122061123,-5.400043988952513,2.176532521592363e-09
346.7880475149211,-51.1109265518711,13.199999999995004,7.289640226647665,-5.398207603193329,2.2109229345507615e-09
346.80403813960544,-51.1115869280214,13.199999999994994,7.29054593875205,-5.396370995628066,2.2454143967147188e-09
346.8200292204285,-51.11224512113129,13.199999999994981,7.291451258149311,-5.3945341665319635,2.279703760467559e-09
346.8360207559006,-51.11290113105517,13.19999999999497,7.292356184614642,-5.392697116180413,2.3140268072889186e-09
346.85201274453163,-51.11355495764783,13.19999999999496,7.293260717923421,-5.390859844848993,2.3482488049047195e-09
346.86800518483113,-51.11420660076445,13.199999999994947,7.294164857851209,-5.389022352813437,2.3827402670686768e-09
346.8839980753081,-51.114856060260536,13.19999999999494,7.295068604173748,-5.387184640349665,2.416894898547439e-09
346.89999141447163,-51.11550333599201,13.199999999994926,7.2959719566669525,-5.385346707733762,2.451318994574357e-09
346.91598520082994,-51.11614842781514,13.199999999994919,7.296874915106909,-5.383508555241981,2.4857767736697946e-09
346.9319794328912,-51.11679133558655,13.199999999994905,7.297777479269901,-5.381670183150758,2.5198977220800376e-09
346.9479741091631,-51.117432059163285,13.199999999994894,7.298679648932378,-5.379831591736686,2.554187085832878e-09
346.96396922815325,-51.118070598402696,13.199999999994882,7.299581423870986,-5.377992781276527,2.5884764495857176e-09
346.97996478836853,-51.11870695316257,13.199999999994871,7.3004828038625265,-5.376153752047226,2.622900545612636e-09
346.9959607883157,-51.11934112330099,13.199999999994859,7.301383788684005,-5.374314504325889,2.657055177091398e-09
347.0119572265011,-51.11997310867649,13.199999999994851,7.302284378112585,-5.372475038389791,2.6913445408442382e-09
347.02795410143085,-51.12060290914791,13.199999999994835,7.303184571925644,-5.370635354516383,2.7258360030081955e-09
347.0439514116104,-51.121230524574514,13.199999999994827,7.304084369900692,-5.3687954529832895,2.759956951418438e-09
347.0599491555453,-51.1218559548159,13.199999999994816,7.304983771815469,-5.366955334068278,2.7944484135823953e-09
347.0759473317404,-51.12247919973205,13.199999999994803,7.305882777447867,-5.365114998049322,2.8287040942667157e-09
347.0919459387004,-51.123100259183296,13.199999999994791,7.306781386575976,-5.363274445204535,2.862926091882517e-09
347.10794497492964,-51.123719133030384,13.199999999994782,7.307679598978046,-5.361433675812208,2.897282821772396e-09
347.1239444389319,-51.12433582113442,13.19999999999477,7.308577414432531,-5.3595926901508095,2.9314374532511585e-09
347.13994432921106,-51.124950323356856,13.199999999994757,7.309474832718067,-5.357751488498959,2.9658615492780765e-09
347.15594464427016,-51.125562639559526,13.199999999994747,7.310371853613453,-5.35591007113546,3.0001509130309167e-09
347.17194538261236,-51.12617276960464,13.199999999994734,7.311268476897689,-5.35406843833927,3.0345750090578346e-09
347.18794654274006,-51.1267807133548,13.199999999994724,7.312164702349949,-5.352226590389526,3.068864372810675e-09
347.20394812315567,-51.127386470672946,13.199999999994713,7.313060529749589,-5.3503845275655255,3.102951638152398e-09
347.2199501223611,-51.127990041422414,13.199999999994702,7.313955958876166,-5.348542250146735,3.1372746849737576e-09
347.235952538858,-51.128591425466894,13.199999999994688,7.314850989509389,-5.346699758412784,3.1714629995210395e-09
347.2519553711476,-51.12919062267047,13.199999999994677,7.315745621429185,-5.3448570526434676,3.2058870955479575e-09
347.26795861773076,-51.12978763289759,13.199999999994667,7.316639854415637,-5.343014133118763,3.240109093163759e-09
347.2839622771083,-51.13038245601305,13.199999999994654,7.317533688249028,-5.341171000118795,3.2743647738480796e-09
347.2999663477803,-51.13097509188208,13.199999999994642,7.3184271227098305,-5.33932765392386,3.3087888698749975e-09
347.31597082824686,-51.13156554037022,13.199999999994633,7.319320157578675,-5.337484094814426,3.3429435013537596e-09
347.33197571700754,-51.13215380134339,13.19999999999462,7.320212792636404,-5.33564032307112,3.3773339143121585e-09
347.3479810125616,-51.13273987466794,13.199999999994608,7.321105027664034,-5.333796338974741,3.4114885457909205e-09
347.36398671340817,-51.13332376021054,13.199999999994596,7.3219968624427745,-5.331952142806242,3.4456768603382024e-09
347.37999281804576,-51.133905457838225,13.199999999994583,7.322888296754009,-5.330107734846747,3.4800335902280815e-09
347.3959993249728,-51.134484967418445,13.199999999994574,7.323779330379308,-5.32826311537755,3.5142555878438824e-09
347.41200623268725,-51.13506228881901,13.19999999999456,7.324669963100442,-5.326418284680102,3.5486796838708008e-09
347.4280135396868,-51.135637421908065,13.199999999994551,7.325560194699347,-5.324573243036026,3.582699583075485e-09
347.4440212444688,-51.136210366554224,13.19999999999454,7.326450024958164,-5.322727990727097,3.617056312965364e-09
347.46002934553036,-51.13678112262635,13.199999999994525,7.327339453659211,-5.320882528035263,3.6514467259237627e-09
347.47603784136817,-51.137349689993776,13.199999999994514,7.328228480584992,-5.319036855242642,3.685533991265486e-09
347.49204673047865,-51.13791606852615,13.199999999994501,7.329117105518206,-5.317190972631492,3.7198907211553653e-09
347.5080560113579,-51.13848025809356,13.19999999999449,7.330005328241726,-5.315344880484263,3.754011669565608e-09
347.5240656825017,-51.1390422585664,13.199999999994478,7.330893148538624,-5.3134985790835465,3.788301033318448e-09
347.54007574240563,-51.13960206981545,13.199999999994468,7.331780566192161,-5.311652068712102,3.822725129345366e-09
347.5560861895646,-51.14015969171192,13.199999999994455,7.33266758098577,-5.309805349652866,3.856879760824128e-09
347.57209702247366,-51.140715124127325,13.199999999994443,7.333554192703091,-5.30795842218892,3.89103439230289e-09
347.58810823962733,-51.14126836693361,13.199999999994432,7.3344404011279405,-5.306111286603505,3.925424805261289e-09
347.6041198395197,-51.141819420003046,13.19999999999442,7.335326206044325,-5.304263943180045,3.959444704465973e-09
347.6201318206448,-51.14236828320833,13.199999999994409,7.336211607236446,-5.302416392202104,3.993734068218814e-09
347.63614418149626,-51.142914956422466,13.199999999994395,7.337096604488684,-5.300568633953418,4.028023431971654e-09
347.65215692056734,-51.143459439518914,13.199999999994384,7.337981197585624,-5.298720668717884,4.062245429587455e-09
347.668170036351,-51.14400173237144,13.199999999994372,7.338865386312017,-5.296872496779555,4.096602159477334e-09
347.68418352733994,-51.14454183485423,13.199999999994358,7.339749170452825,-5.295024118422658,4.130689424819057e-09
347.70019739202655,-51.14507974684183,13.199999999994349,7.340632549793192,-5.293175533931558,4.165046154708937e-09
347.71621162890295,-51.14561546820916,13.199999999994338,7.341515524118447,-5.291326743590805,4.199234469256218e-09
347.7322262364609,-51.1461489988315,13.199999999994322,7.342398093214113,-5.289477747685089,4.233624882214616e-09
347.7482412131919,-51.146680338584524,13.199999999994313,7.34328025686591,-5.287628546499273,4.26767846448782e-09
347.76425655758703,-51.1472094873443,13.1999999999943,7.344162014859737,-5.285779140318374,4.30200151130918e-09
347.7802722681373,-51.147736444987245,13.199999999994287,7.3450433669816935,-5.283929529427573,4.336223508924981e-09
347.79628834333323,-51.14826121139015,13.199999999994276,7.345924313018057,-5.282079714112204,4.370378140403744e-09
347.8123047816651,-51.148783786430194,13.199999999994262,7.346804852755313,-5.280229694657766,4.404465405745467e-09
347.82832158162296,-51.14930416998493,13.199999999994251,7.3476849859801305,-5.278379471349907,4.438855818703865e-09
347.8443387416964,-51.14982236193228,13.199999999994239,7.3485647124793605,-5.276529044474451,4.472909400977069e-09
347.86035626037494,-51.15033836215056,13.199999999994228,7.349444032040069,-5.274678414317358,4.507232447798429e-09
347.87637413614766,-51.15085217051844,13.199999999994217,7.350322944449486,-5.272827581164767,4.541589177688308e-09
347.89239236750325,-51.15136378691496,13.1999999999942,7.351201449495052,-5.270976545302973,4.575541710755953e-09
347.9084109529304,-51.151873211219595,13.19999999999419,7.352079546964401,-5.269125307018404,4.609797391440274e-09
347.92442989091734,-51.152380443312104,13.19999999999418,7.352957236645351,-5.267273866597675,4.6440530721245945e-09
347.94044917995194,-51.15288548307273,13.199999999994166,7.353834518325909,-5.2654222243275495,4.6782077036033565e-09
347.95646881852184,-51.15338833038198,13.199999999994155,7.354711391794292,-5.26357038049494,4.7123623350821186e-09
347.97248880511455,-51.15388898512082,13.199999999994139,7.355587856838898,-5.261718335386918,4.746685381903479e-09
347.98850913821707,-51.15438744717059,13.19999999999413,7.3564639132483105,-5.259866089290724,4.780941062587799e-09
348.0045298163161,-51.15488371641294,13.199999999994116,7.357339560811327,-5.2580136424937445,4.814960961792483e-09
348.0205508378984,-51.15537779272997,13.199999999994102,7.358214799316921,-5.256160995283517,4.849182959408285e-09
348.03657220145004,-51.15586967600412,13.199999999994093,7.359089628554276,-5.254308147947743,4.883573372366683e-09
348.052593905457,-51.15635936611822,13.199999999994077,7.359964048312753,-5.252455100774288,4.917559588502848e-09
348.06861594840495,-51.15684686295546,13.199999999994064,7.360838058381918,-5.250601854051153,4.951781586118649e-09
348.08463832877936,-51.15733216639944,13.199999999994056,7.361711658551532,-5.248748408066503,4.986138316008528e-09
348.1006610450653,-51.1578152763341,13.19999999999404,7.362584848611545,-5.246894763108674,5.020158215213213e-09
348.1166840957476,-51.1582961926438,13.199999999994033,7.363457628352098,-5.245040919466129,5.054447578966052e-09
348.1327074793108,-51.158774915213236,13.199999999994018,7.364329997563547,-5.243186877427508,5.088602210444815e-09
348.14873119423925,-51.159251443927495,13.199999999994004,7.3652019560364215,-5.241332637281589,5.122790524992097e-09
348.1647552390169,-51.159725778672055,13.199999999993993,7.366073503561461,-5.239478199317318,5.156911473402339e-09
348.1807796121276,-51.16019791933276,13.199999999993981,7.366944639929588,-5.237623563823787,5.191032421812582e-09
348.1968043120548,-51.160667865795844,13.199999999993969,7.3678153649319365,-5.235768731090237,5.225422834770981e-09
348.2128293372815,-51.161135617947906,13.199999999993956,7.3686856783598245,-5.233913701406081,5.259442733975665e-09
348.2288546862909,-51.16160117567594,13.199999999993942,7.369555580004771,-5.2320584750608665,5.293732097728505e-09
348.24488035756553,-51.16206453886727,13.199999999993928,7.370425069658491,-5.230203052344299,5.327954095344307e-09
348.26090634958774,-51.16252570740968,13.199999999993917,7.371294147112895,-5.228347433546246,5.361973994548991e-09
348.2769326608397,-51.162984681191254,13.199999999993903,7.372162812160094,-5.226491618956714,5.396162309096272e-09
348.2929592898033,-51.163441460100515,13.199999999993892,7.373031064592387,-5.224635608865869,5.430316940575034e-09
348.3089862349601,-51.16389604402632,13.199999999993882,7.373898904202285,-5.222779403564031,5.4644042059167575e-09
348.32501349479145,-51.16434843285793,13.199999999993866,7.374766330782496,-5.220923003341665,5.498659886601079e-09
348.3410410677784,-51.16479862648497,13.199999999993855,7.375633344125901,-5.219066408489395,5.53284820114836e-09
348.35706895240173,-51.165246624797476,13.199999999993844,7.376499944025607,-5.217209619297993,5.566935466490083e-09
348.37309714714206,-51.16569242768581,13.199999999993828,7.377366130274915,-5.215352636058382,5.601157464105884e-09
348.38912565047957,-51.16613603504075,13.199999999993816,7.3782319026673076,-5.213495459061631,5.6354131447902054e-09
348.4051544608944,-51.166577446753436,13.199999999993802,7.379097260996481,-5.211638088598979,5.669466727063409e-09
348.42118357686616,-51.16701666271544,13.199999999993791,7.379962205056326,-5.2097805249617934,5.703520309336613e-09
348.4372129968745,-51.16745368281861,13.199999999993778,7.380826734640932,-5.20792276844159,5.7378770392264915e-09
348.45324271939865,-51.16788850695527,13.199999999993764,7.381690849544587,-5.206064819330064,5.771997987636734e-09
348.4692727429175,-51.168321135018076,13.199999999993754,7.382554549561779,-5.20420667791903,5.806017886841418e-09
