galstreams/tracks/track.st.ACS.ramos2021.ecsv
# %ECSV 0.9
# ---
# datatype:
# - {name: ra, unit: deg, datatype: float64}
# - {name: dec, unit: deg, datatype: float64}
# - {name: distance, unit: kpc, datatype: float64}
# - {name: pm_ra_cosdec, unit: mas / yr, datatype: float64}
# - {name: pm_dec, unit: mas / yr, datatype: float64}
# - {name: radial_velocity, unit: km / s, datatype: float64}
# delimiter: ','
# meta: !!omap
# - __serialized_columns__:
#     dec:
#       __class__: astropy.coordinates.angles.Latitude
#       unit: &id001 !astropy.units.Unit {unit: deg}
#       value: !astropy.table.SerializedColumn {name: dec}
#     distance:
#       __class__: astropy.coordinates.distances.Distance
#       unit: !astropy.units.Unit {unit: kpc}
#       value: !astropy.table.SerializedColumn {name: distance}
#     pm_dec:
#       __class__: astropy.units.quantity.Quantity
#       unit: !astropy.units.Unit {unit: mas / yr}
#       value: !astropy.table.SerializedColumn {name: pm_dec}
#     pm_ra_cosdec:
#       __class__: astropy.units.quantity.Quantity
#       unit: !astropy.units.Unit {unit: mas / yr}
#       value: !astropy.table.SerializedColumn {name: pm_ra_cosdec}
#     ra:
#       __class__: astropy.coordinates.angles.Longitude
#       unit: *id001
#       value: !astropy.table.SerializedColumn {name: ra}
#       wrap_angle: !astropy.coordinates.Angle
#         unit: *id001
#         value: 360.0
#     radial_velocity:
#       __class__: astropy.units.quantity.Quantity
#       unit: !astropy.units.Unit {unit: km / s}
#       value: !astropy.table.SerializedColumn {name: radial_velocity}
# schema: astropy-2.0
ra,dec,distance,pm_ra_cosdec,pm_dec,radial_velocity
[from data line 4525]
125.34604824484848,36.20630837093468,11.699999999999948,-0.031731531261325774,-0.5728021635573761,2.1051917824680845e-15
125.34490497146571,36.19634943089928,11.699999999999946,-0.03183683477300758,-0.572571229934019,8.420767129872338e-15
125.34376324353676,36.18639038033668,11.699999999999948,-0.03194253415693191,-0.5723409555502912,0.0
125.34262306223084,36.17643121914149,11.699999999999946,-0.032048636309045114,-0.5721113487379925,0.0
125.34148442871754,36.166471947208194,11.699999999999946,-0.03215514813276682,-0.5718824178259798,-2.1051917824680845e-15
125.34034734416672,36.156512564431274,11.699999999999946,-0.032262076538758094,-0.571654171139889,0.0
125.33921180974869,36.14655307070508,11.699999999999946,-0.0323694284447108,-0.5714266170018525,2.1051917824680845e-15
125.33807782663405,36.13659346592397,11.699999999999946,-0.03247721077511814,-0.5711997637302314,-2.1051917824680845e-15
125.33694539599377,36.12663374998215,11.699999999999944,-0.032585430461070736,-0.570973619639317,-4.210383564936169e-15
125.33581451899914,36.11667392277378,11.699999999999944,-0.032694094440017946,-0.5707481930390648,4.210383564936169e-15
125.33468519682188,36.106713984192986,11.699999999999944,-0.032803209655555304,-0.5705234922348037,-4.210383564936169e-15
125.33355743063399,36.09675393413378,11.699999999999946,-0.03291278305719125,-0.5702995255269532,-8.420767129872338e-15
125.33243122160785,36.08679377249011,11.699999999999944,-0.03302282160014103,-0.570076301210747,-6.315575347404253e-15
125.33130657091623,36.07683349915588,11.699999999999944,-0.03313333224508125,-0.5698538275759337,0.0
125.33018347973217,36.0668731140249,11.699999999999944,-0.0332443219579279,-0.5696321129065114,-4.210383564936169e-15
125.32906194922921,36.056912616990886,11.699999999999944,-0.03335579770962499,-0.5694111654804221,0.0
125.3279419805811,36.04695200794754,11.699999999999944,-0.03346776647589336,-0.5691909935692773,0.0
125.3268235749621,36.03699128678842,11.699999999999944,-0.03358023523701373,-0.5689716054380675,-2.1051917824680845e-15
125.32570673354668,36.02703045340711,11.699999999999946,-0.03369321097760053,-0.5687530093448685,-4.210383564936169e-15
125.3245914575098,36.01706950769698,11.699999999999946,-0.0338067006863603,-0.5685352135405629,0.0
125.32347774802675,36.00710844955146,11.699999999999944,-0.03392071135586833,-0.5683182262685418,6.315575347404253e-15
125.32236560627314,35.997147278863835,11.699999999999944,-0.03403524998232821,-0.568102055764414,0.0
125.32125503342503,35.98718599552736,11.699999999999942,-0.034150323565341395,-0.567886710255723,0.0
125.3201460306588,35.97722459943515,11.69999999999994,-0.03426593910768405,-0.5676721979616508,4.210383564936169e-15
125.31903859915118,35.96726309048031,11.699999999999942,-0.03438210361504859,-0.5674585270927158,4.210383564936169e-15
125.31793274007933,35.957301468555855,11.699999999999942,-0.034498824095824276,-0.5672457058505043,2.1051917824680845e-15
125.31682845462079,35.9473397335547,11.699999999999944,-0.034616107560855786,-0.567033742427344,-2.1051917824680845e-15
125.31572574395341,35.937377885369706,11.699999999999942,-0.03473396102320683,-0.5668226450060383,0.0
125.31462460925543,35.927415923893655,11.699999999999944,-0.034852391497914914,-0.5666124217595605,4.210383564936169e-15
125.31352505170555,35.91745384901925,11.699999999999942,-0.034971406001756744,-0.5664030808507456,8.420767129872338e-15
125.31242707248275,35.90749166063915,11.699999999999942,-0.035091011553005286,-0.5661946304320163,2.1051917824680845e-15
125.31133067276646,35.89752935864587,11.699999999999942,-0.03521121517119272,-0.5659870786450742,8.420767129872338e-15
125.31023585373643,35.88756694293194,11.699999999999946,-0.035332023876856744,-0.5657804336206003,0.0
125.30914261657287,35.87760441338972,11.699999999999944,-0.035453444691315145,-0.5655747034779556,4.210383564936169e-15
125.30805096245632,35.867641769911565,11.699999999999944,-0.0355754846363974,-0.5653698963248989,-2.1051917824680845e-15
125.30696089256769,35.8576790123897,11.699999999999944,-0.035698150734229106,-0.5651660202572574,0.0
125.30587240808835,35.847716140716315,11.69999999999994,-0.035821450006958994,-0.5649630833586612,-2.1051917824680845e-15
125.3047855102,35.83775315478351,11.699999999999944,-0.03594538947652681,-0.5647610937002132,6.315575347404253e-15
125.30370020008475,35.827790054483295,11.699999999999942,-0.03606997616441254,-0.5645600593402071,2.1051917824680845e-15
125.3026164789251,35.817826839707635,11.699999999999944,-0.036195217091394366,-0.5643599883238137,0.0
125.30153434790395,35.80786351034836,11.69999999999994,-0.03632111927728443,-0.5641608886827891,4.210383564936169e-15
125.3004538082046,35.79790006629729,11.69999999999994,-0.03644768974068832,-0.5639627684351591,2.1051917824680845e-15
125.29937486101069,35.7879365074461,11.699999999999942,-0.036574935498763256,-0.5637656355849275,0.0
125.29829750750635,35.777972833686434,11.699999999999942,-0.03670286356694946,-0.563569498121768,6.315575347404253e-15
125.29722174887605,35.76800904490985,11.69999999999994,-0.03683148095872471,-0.5633743640207207,2.1051917824680845e-15
125.29614758630464,35.758045141007834,11.69999999999994,-0.03696079468535923,-0.5631802412418754,0.0
125.29507502097745,35.748081121871735,11.699999999999942,-0.03709081175564655,-0.5629871377300864,2.1051917824680845e-15
125.29400405408013,35.7381169873929,11.699999999999942,-0.03722153917565851,-0.5627950614146581,0.0
125.29293468679879,35.72815273746254,11.69999999999994,-0.03735298394849387,-0.5626040202090249,4.210383564936169e-15
125.2918669203199,35.71818837197184,11.699999999999942,-0.03748515307401515,-0.5624140220104633,4.210383564936169e-15
125.29080075583038,35.708223890811844,11.699999999999942,-0.03761805354858411,-0.5622250746997766,2.1051917824680845e-15
125.28973619451754,35.698259293873555,11.69999999999994,-0.03775169236482348,-0.5620371861409874,2.1051917824680845e-15
125.2886732375691,35.688294581047884,11.69999999999994,-0.03788607651134135,-0.5618503641810265,-2.1051917824680845e-15
125.28761188617318,35.67832975222567,11.699999999999942,-0.03802121297248143,-0.5616646166494261,4.210383564936169e-15
125.28655214151834,35.66836480729765,11.69999999999994,-0.038157108728057915,-0.5614799513580149,0.0
125.28549400479352,35.658399746154515,11.69999999999994,-0.03829377075310553,-0.5612963761005945,2.1051917824680845e-15
125.28443747718812,35.64843456868684,11.699999999999942,-0.03843120601759456,-0.5611138986526529,-2.1051917824680845e-15
125.28338255989188,35.63846927478511,11.69999999999994,-0.0385694214861958,-0.560932526771027,0.0
125.28232925409506,35.62850386433978,11.69999999999994,-0.03870842411799891,-0.5607522681936068,4.210383564936169e-15
125.28127756098824,35.61853833724118,11.699999999999939,-0.03884822086626313,-0.5605731306390241,0.0
125.28022748176251,35.60857269337957,11.699999999999939,-0.03898881867813833,-0.5603951218063368,6.315575347404253e-15
125.27917901760931,35.59860693264513,11.699999999999939,-0.03913022449441081,-0.5602182493747139,0.0
125.27813216972056,35.58864105492795,11.699999999999937,-0.03927244524923276,-0.5600425210031321,0.0
125.27708693928855,35.57867506011802,11.69999999999994,-0.03941548786986007,-0.5598679443300486,6.315575347404253e-15
125.27604332750606,35.56870894810532,11.69999999999994,-0.03955935927637741,-0.5596945269731026,0.0
125.27500133556623,35.55874271877962,11.699999999999939,-0.03970406638144228,-0.5595222765287958,0.0
125.27396096466268,35.54877637203076,11.69999999999994,-0.03984961609000523,-0.5593512005721707,-2.1051917824680845e-15
125.2729222159894,35.53880990774834,11.69999999999994,-0.03999601529905408,-0.5591813066565063,0.0
125.27188509074094,35.52884332582199,11.699999999999939,-0.04014327089732331,-0.5590126023130034,6.315575347404253e-15
125.27084959011215,35.51887662614122,11.699999999999939,-0.04029138976504598,-0.5588450950504589,0.0
125.26981571529832,35.50890980859543,11.699999999999939,-0.040440378773674734,-0.5586787923549636,4.210383564936169e-15
125.2687834674953,35.49894287307397,11.699999999999939,-0.04059024478560211,-0.5585137016895728,-2.1051917824680845e-15
125.26775284789927,35.4889758194661,11.699999999999939,-0.040740994653903795,-0.5583498304940048,0.0
125.26672385770686,35.479008647660955,11.69999999999994,-0.040892635222049,-0.558187186184317,2.1051917824680845e-15
125.26569649811519,35.469041357547646,11.69999999999994,-0.04104517332364646,-0.558025776152586,-2.1051917824680845e-15
125.26467077032176,35.45907394901513,11.699999999999937,-0.04119861578214512,-0.557865607766595,0.0
125.26364667552456,35.44910642195236,11.699999999999937,-0.04135296941058976,-0.5577066883695225,-2.1051917824680845e-15
125.262624214922,35.439138776248114,11.699999999999937,-0.041508241011321195,-0.5575490252796118,2.1051917824680845e-15
125.26160338971296,35.42917101179114,11.699999999999939,-0.041664437375708505,-0.5573926257898629,-2.1051917824680845e-15
125.26058420109675,35.4192031284701,11.699999999999939,-0.0418215652838826,-0.5572374971677102,0.0
125.25956665027314,35.40923512617353,11.699999999999939,-0.04197963150444366,-0.5570836466547139,-2.1051917824680845e-15
125.25855073844234,35.39926700478992,11.69999999999994,-0.042138642794192674,-0.5569310814662299,2.1051917824680845e-15
125.25753646680499,35.38929876420763,11.699999999999939,-0.04229860589785289,-0.5567798087910931,0.0
125.25652383656228,35.37933040431499,11.699999999999937,-0.0424595275477883,-0.5566298357913058,0.0
125.25551284891573,35.36936192500017,11.699999999999937,-0.04262141446372672,-0.5564811696017118,2.1051917824680845e-15
125.25450350506736,35.35939332615133,11.699999999999937,-0.04278427335248519,-0.5563338173296888,4.210383564936169e-15
125.25349580621972,35.34942460765646,11.699999999999937,-0.04294811090767517,-0.5561877860548102,-2.1051917824680845e-15
125.25248975357573,35.33945576940352,11.699999999999937,-0.04311293380944069,-0.5560430828285451,0.0
125.25148534833882,35.329486811280375,11.699999999999937,-0.04327874872416193,-0.5558997146739283,2.1051917824680845e-15
125.25048259171282,35.31951773317476,11.699999999999937,-0.043445562304185156,-0.5557576885852406,-2.1051917824680845e-15
125.24948148490213,35.309548534974375,11.699999999999939,-0.043613381187535966,-0.5556170115276973,0.0
125.24848202911154,35.299579216566784,11.699999999999939,-0.043782211997619946,-0.5554776904371195,2.1051917824680845e-15
125.2474842255463,35.289609777839466,11.699999999999939,-0.043952061342979715,-0.5553397322196183,4.210383564936169e-15
125.24648807541217,35.27964021867987,11.699999999999937,-0.044122935816973116,-0.5552031437512788,0.0
125.24549357991536,35.26967053897528,11.699999999999937,-0.04429484199750584,-0.5550679318778304,-4.210383564936169e-15
125.24450074026255,35.2597007386129,11.699999999999937,-0.04446778644674837,-0.5549341034143341,4.210383564936169e-15
125.2435095576609,35.24973081747988,11.699999999999935,-0.04464177571084764,-0.5548016651448615,4.210383564936169e-15
125.24252003331807,35.23976077546326,11.699999999999934,-0.044816816319636923,-0.5546706238221811,2.1051917824680845e-15
125.24153216844212,35.229790612449975,11.699999999999937,-0.044992914786352964,-0.5545409861674185,-2.1051917824680845e-15
125.24054596424168,35.21982032832688,11.699999999999935,-0.045170077607363926,-0.554412758869756,0.0
125.23956142192579,35.20984992298075,11.699999999999937,-0.04534831126186237,-0.5542859485861078,6.315575347404253e-15
125.23857854270399,35.19987939629825,11.699999999999934,-0.04552762221159064,-0.5541605619407916,-2.1051917824680845e-15
125.23759732778635,35.18990874816596,11.699999999999937,-0.04570801690054223,-0.5540366055252223,-2.1051917824680845e-15
125.23661777838336,35.17993797847034,11.699999999999935,-0.04588950175469067,-0.5539140858975755,0.0
125.235639895706,35.169967087097824,11.699999999999935,-0.04607208318168729,-0.5537930095824777,-4.210383564936169e-15
125.23466368096578,35.15999607393467,11.699999999999934,-0.04625576757057624,-0.5536733830706939,-4.210383564936169e-15
125.23368913537466,35.150024938867105,11.699999999999937,-0.046440561291515456,-0.5535552128187896,0.0
125.23271626014512,35.140053681781225,11.699999999999937,-0.04662647069547515,-0.553438505248818,0.0
125.23174505649011,35.13008230256306,11.699999999999934,-0.04681350211394622,-0.5533232667480101,4.210383564936169e-15
125.23077552562307,35.12011080109851,11.699999999999932,-0.04700166185866643,-0.5532095036684421,4.210383564936169e-15
125.22980766875799,35.11013917727344,11.699999999999934,-0.047190956221311905,-0.5530972223267203,-2.1051917824680845e-15
125.22884148710922,35.10016743097354,11.699999999999934,-0.047381391473226814,-0.5529864290036641,2.1051917824680845e-15
125.22787698189178,35.09019556208448,11.699999999999934,-0.047572973865111265,-0.5528771299439812,2.1051917824680845e-15
125.22691415432105,35.08022357049178,11.699999999999934,-0.047765709626745076,-0.5527693313559576,-2.1051917824680845e-15
125.22595300561302,35.070251456080896,11.699999999999934,-0.04795960496668533,-0.5526630394111278,4.210383564936169e-15
125.22499353698412,35.06027921873718,11.699999999999934,-0.04815466607199011,-0.5525582602439592,-2.1051917824680845e-15
125.22403574965124,35.05030685834588,11.699999999999934,-0.04835089910790975,-0.5524549999515407,2.1051917824680845e-15
125.22307964483187,35.040334374792145,11.699999999999932,-0.048548310217607804,-0.5523532645932541,4.210383564936169e-15
125.22212522374402,35.030361767961054,11.699999999999934,-0.04874690552186088,-0.5522530601904629,4.210383564936169e-15
125.22117248760605,35.02038903773756,11.699999999999934,-0.04894669111876404,-0.5521543927261867,8.420767129872338e-15
125.22022143763702,35.01041618400653,11.699999999999934,-0.04914767308345179,-0.552057268144794,4.210383564936169e-15
125.21927207505638,35.00044320665275,11.699999999999932,-0.04934985746778381,-0.5519616923516757,2.1051917824680845e-15
125.21832440108413,34.99047010556086,11.699999999999934,-0.0495532503000744,-0.5518676712129267,2.1051917824680845e-15
125.2173784169408,34.980496880615476,11.699999999999935,-0.04975785758478016,-0.5517752105550366,-2.1051917824680845e-15
125.21643412384746,34.97052353170102,11.699999999999932,-0.049963685302212846,-0.5516843161645693,0.0
125.2154915230256,34.960550058701926,11.699999999999932,-0.05017073940825642,-0.5515949937878409,-4.210383564936169e-15
125.21455061569729,34.95057646150242,11.699999999999932,-0.05037902583404634,-0.5515072491306111,-2.1051917824680845e-15
125.21361140308518,34.94060273998672,11.69999999999993,-0.050588550485712605,-0.5514210878577719,0.0
125.21267388641235,34.9306288940389,11.699999999999932,-0.05079931924404432,-0.5513365155930053,-2.1051917824680845e-15
125.21173806690243,34.92065492354293,11.699999999999932,-0.05101133796423103,-0.5512535379185022,-2.1051917824680845e-15
125.2108039457796,34.910680828382695,11.699999999999932,-0.051224612475539444,-0.5511721603746257,0.0
125.20987152426858,34.90070660844198,11.699999999999932,-0.05143914858104343,-0.5510923884596022,0.0
125.20894080359454,34.89073226360447,11.699999999999932,-0.05165495205730983,-0.5510142276292153,2.1051917824680845e-15
125.20801178498328,34.88075779375372,11.699999999999934,-0.05187202865411569,-0.5509376832964721,2.1051917824680845e-15
125.20708446966108,34.87078319877326,11.699999999999932,-0.05209038409413891,-0.5508627608313061,-2.1051917824680845e-15
125.20615885885475,34.86080847854642,11.699999999999934,-0.052310024072679005,-0.5507894655602648,4.210383564936169e-15
125.20523495379165,34.85083363295649,11.699999999999932,-0.05253095425736279,-0.5507178027661772,4.210383564936169e-15
125.20431275569969,34.840858661886685,11.699999999999932,-0.052753180287827224,-0.5506477776878707,-8.420767129872338e-15
125.20339226580728,34.83088356522002,11.699999999999932,-0.05297670777544101,-0.5505793955198423,4.210383564936169e-15
