galstreams/tracks/track.st.NGC2808.ibata2021.ecsv
# %ECSV 0.9
# ---
# datatype:
# - {name: ra, unit: deg, datatype: float64}
# - {name: dec, unit: deg, datatype: float64}
# - {name: distance, unit: kpc, datatype: float64}
# - {name: pm_ra_cosdec, unit: mas / yr, datatype: float64}
# - {name: pm_dec, unit: mas / yr, datatype: float64}
# - {name: radial_velocity, unit: km / s, datatype: float64}
# delimiter: ','
# meta: !!omap
# - __serialized_columns__:
#     dec:
#       __class__: astropy.coordinates.angles.Latitude
#       unit: &id001 !astropy.units.Unit {unit: deg}
#       value: !astropy.table.SerializedColumn {name: dec}
#     distance:
#       __class__: astropy.coordinates.distances.Distance
#       unit: !astropy.units.Unit {unit: kpc}
#       value: !astropy.table.SerializedColumn {name: distance}
#     pm_dec:
#       __class__: astropy.units.quantity.Quantity
#       unit: !astropy.units.Unit {unit: mas / yr}
#       value: !astropy.table.SerializedColumn {name: pm_dec}
#     pm_ra_cosdec:
#       __class__: astropy.units.quantity.Quantity
#       unit: !astropy.units.Unit {unit: mas / yr}
#       value: !astropy.table.SerializedColumn {name: pm_ra_cosdec}
#     ra:
#       __class__: astropy.coordinates.angles.Longitude
#       unit: *id001
#       value: !astropy.table.SerializedColumn {name: ra}
#       wrap_angle: !astropy.coordinates.Angle
#         unit: *id001
#         value: 360.0
#     radial_velocity:
#       __class__: astropy.units.quantity.Quantity
#       unit: !astropy.units.Unit {unit: km / s}
#       value: !astropy.table.SerializedColumn {name: radial_velocity}
# schema: astropy-2.0
ra,dec,distance,pm_ra_cosdec,pm_dec,radial_velocity
124.18971018754094,-57.26705126557715,1.919034044236209,5.543213765403005,-4.024605742205415,-4.210383564936169e-15
124.20055664066709,-57.275155506211306,1.9316346916529892,5.542585405036759,-4.020556496684009,-1.6841534259744676e-14
124.21140917338344,-57.28325833256266,1.9442229021921646,5.541952817037336,-4.016508185039099,0.0
124.22226778555843,-57.291359744923696,1.956798678792326,5.5413160059767606,-4.01246081067967,0.0
124.23313247706058,-57.29945974358735,1.9693620243920593,5.540674976429033,-4.008414377014141,-8.420767129872338e-15
124.24400324775833,-57.30755832884686,1.981912941929955,5.540029732970099,-4.004368887450368,-8.420767129872338e-15
124.25488009751972,-57.31565550099558,1.9944514343446047,5.53938028017786,-4.00032434539567,-2.315710960714893e-14
124.26576302621295,-57.32375126032741,2.0069775045745937,5.538726622632194,-3.9962807542567678,-1.473634247727659e-14
124.27665203370582,-57.3318456071363,2.019491155558513,5.53806876491492,-3.9922381174398383,-1.894672604221276e-14
124.28754711986618,-57.33993854171667,2.0319923902349495,5.537406711609849,-3.988196438350458,-6.315575347404253e-15
124.2984482845617,-57.348030064363236,2.0444812115424935,5.536740467302749,-3.9841557203936206,-1.6841534259744676e-14
124.30935552765982,-57.3561201753709,2.0569576224197306,5.536070036581356,-3.980115966973747,-1.2631150694808506e-14
124.32026884902797,-57.36420887503493,2.0694216258052562,5.535395424035393,-3.9760771814946425,-4.210383564936169e-15
124.33118824853345,-57.372296163651,2.0818732246376563,5.534716634256554,-3.972039367359516,-1.0525958912340423e-14
124.34211372604324,-57.38038204151486,2.094312421855518,5.534033671838519,-3.9680025279709845,-1.2631150694808506e-14
124.35304528142447,-57.38846650892282,2.1067392203974293,5.533346541376941,-3.963966666731025,-1.473634247727659e-14
124.36398291454387,-57.39654956617126,2.1191536232019823,5.532655247469468,-3.9599317870410258,-1.473634247727659e-14
124.3749266252682,-57.40463121355704,2.1315556332077676,5.53195979471573,-3.955897892301727,4.210383564936169e-15
124.38587641346415,-57.4127114513773,2.1439452533533636,5.531260187717364,-3.9518649859132537,-1.0525958912340423e-14
124.39683227899805,-57.420790279929356,2.1563224865773716,5.530556431077974,-3.9478330712750926,-2.315710960714893e-14
124.4077942217363,-57.42886769951101,2.1686873358183756,5.529848529403182,-3.9438021517860875,-2.315710960714893e-14
124.41876224154518,-57.43694371042034,2.1810398040149654,5.529136487300609,-3.939772230844432,-2.1051917824680845e-15
124.42973633829064,-57.445018312955575,2.193379894105726,5.528420309379863,-3.935743311847686,-1.6841534259744676e-14
124.44071651183877,-57.4530915074155,2.2057076090292513,5.5277000002525725,-3.9317153981927238,-8.420767129872338e-15
124.4517027620553,-57.46116329409899,2.218022951724127,5.526975564532357,-3.927688493275785,-1.6841534259744676e-14
124.46269508880604,-57.46923367330538,2.2303259251289425,5.52624700683486,-3.923662600492416,-8.420767129872338e-15
124.47369349195657,-57.47730264533435,2.242616532182288,5.525514331777735,-3.9196377232375044,-1.2631150694808506e-14
124.48469797137228,-57.4853702104857,2.2548947758227516,5.524777543980644,-3.9156138649052563,-1.2631150694808506e-14
124.49570852691859,-57.493436369059744,2.2671606589889235,5.5240366480652705,-3.9115910288891795,0.0
124.50672515846077,-57.50150112135707,2.2794141846193887,5.523291648655324,-3.907569218582103,-2.1051917824680846e-14
124.51774786586384,-57.50956446767849,2.2916553556527397,5.522542550376524,-3.903548437376158,-1.2631150694808506e-14
124.5287766489929,-57.517626408325285,2.303884175027565,5.521789357856628,-3.899528688662757,-2.1051917824680846e-14
124.53981150771274,-57.525686943598885,2.3161006456824498,5.521032075725415,-3.8955099758326313,-2.5262301389617013e-14
124.55085244188815,-57.53374607380121,2.3283047705559894,5.520270708614696,-3.891492302275774,-1.2631150694808506e-14
124.56189945138385,-57.54180379923445,2.340496552586769,5.519505261158323,-3.8874756713814644,-8.420767129872338e-15
124.57295253606425,-57.549860120201025,2.352675994713376,5.518735737992166,-3.883460086538263,-1.6841534259744676e-14
124.58401169579386,-57.5579150370038,2.364843099874403,5.5179621437541515,-3.879445551133994,-1.2631150694808506e-14
124.59507693043703,-57.56596854994597,2.376997871008436,5.517184483084245,-3.875432068555735,-2.1051917824680846e-14
124.60614823985782,-57.574020659330934,2.389140311054062,5.516402760624444,-3.8714196421898484,-1.2631150694808506e-14
124.6172256239204,-57.582071365462525,2.4012704229498762,5.515616981018804,-3.867408275421915,-8.420767129872338e-15
124.62830908248883,-57.59012066864493,2.413388209634463,5.514827148913428,-3.8633979716367723,-2.1051917824680846e-14
124.63939861542678,-57.59816856918253,2.425493674046412,5.514033268956459,-3.859388734218517,-1.6841534259744676e-14
124.65049422259823,-57.60621506738023,2.437586819124314,5.513235345798117,-3.8553805665504495,-2.1051917824680846e-14
124.66159590386665,-57.61426016354303,2.4496676478067547,5.512433384090656,-3.8513734720151245,-1.6841534259744676e-14
124.67270365909566,-57.62230385797648,2.4617361630323247,5.511627388488401,-3.847367453994303,-1.2631150694808506e-14
124.68381748814879,-57.63034615098641,2.473792367739614,5.510817363647741,-3.8433625158689617,-1.2631150694808506e-14
124.69493739088924,-57.63838704287885,2.4858362648672054,5.510003314227122,-3.8393586610193093,-1.6841534259744676e-14
124.70606336718032,-57.64642653396035,2.4978678573536963,5.509185244887059,-3.835355892824732,0.0
124.7171954168852,-57.65446462453772,2.5098871481376723,5.508363160290145,-3.83135421466383,-8.420767129872338e-15
124.72833353986682,-57.66250131491806,2.52189414015772,5.507537065101031,-3.827353629914408,-1.6841534259744676e-14
124.73947773598822,-57.67053660540892,2.5338888363524315,5.506706963986459,-3.8233541419534323,-1.2631150694808506e-14
124.7506280051121,-57.67857049631806,2.545871239660393,5.505872861615234,-3.8193557541570806,-8.420767129872338e-15
124.7617843471013,-57.68660298795368,2.5578413530201947,5.505034762658246,-3.8153584699006844,-8.420767129872338e-15
124.77294676181846,-57.69463408062434,2.569799179370425,5.5041926717884735,-3.811362292558751,-4.210383564936169e-15
124.78411524912605,-57.70266377463879,2.581744721649675,5.503346593680968,-3.807367225504963,-1.2631150694808506e-14
124.79528980888655,-57.7106920703063,2.5936779827965313,5.502496533012881,-3.803373272112152,-1.6841534259744676e-14
124.80647044096239,-57.718718967936454,2.605598965749583,5.501642494463454,-3.799380435752303,-1.6841534259744676e-14
124.8176571452157,-57.72674446783905,2.617507673447418,5.500784482714005,-3.795388719796558,-1.6841534259744676e-14
124.82884992150869,-57.73476857032436,2.629404108828629,5.499922502447957,-3.7913981276151874,-1.6841534259744676e-14
124.84004876970356,-57.74279127570303,2.6412882748317994,5.499056558350847,-3.7874086625776036,-8.420767129872338e-15
124.85125368966207,-57.750812584285896,2.653160174395521,5.498186655110281,-3.783420328052361,-2.1051917824680846e-14
124.86246468124634,-57.75883249638434,2.665019810458384,5.4973127974159945,-3.7794331274071067,-1.6841534259744676e-14
124.87368174431798,-57.766851012309914,2.676867185958977,5.496434989959808,-3.7754470640086444,-1.2631150694808506e-14
124.88490487873881,-57.77486813237464,2.688702303835886,5.495553237435667,-3.771462141222864,-2.5262301389617013e-14
124.8961340843705,-57.78288385689091,2.700525167027702,5.4946675445396185,-3.767478362414767,-2.947268495455318e-14
124.9073693610745,-57.79089818617135,2.7123357784730144,5.493777915969822,-3.763495730948465,-8.420767129872338e-15
124.91861070871231,-57.79891112052901,2.724134141110409,5.492884356426552,-3.7595142501871583,-2.947268495455318e-14
124.92985812714538,-57.8069226602774,2.735920257878479,5.491986870612208,-3.755533923493128,-3.368306851948935e-14
124.94111161623489,-57.81493280573016,2.74769413171581,5.491085463231299,-3.7515547542277554,-2.5262301389617013e-14
124.95237117584219,-57.8229415572015,2.759455765560994,5.490180138990466,-3.7475767457514824,-8.420767129872338e-15
124.96363680582824,-57.830948915005834,2.7712051623526177,5.489270902598469,-3.7435999014238432,-2.5262301389617013e-14
124.97490850605422,-57.83895487945803,2.782942325029269,5.488357758766197,-3.7396242246034133,-1.6841534259744676e-14
124.98618627638113,-57.846959450873335,2.794667256529538,5.487440712206679,-3.7356497186478412,-2.947268495455318e-14
124.99747011666977,-57.85496262956724,2.8063799597920127,5.4865197676350554,-3.731676386913831,-1.2631150694808506e-14
125.00876002678103,-57.86296441585571,2.8180804377552864,5.485594929768624,-3.727704232757131,-8.420767129872338e-15
125.02005600657566,-57.870964810055064,2.8297686933579413,5.484666203326812,-3.72373325953253,-2.947268495455318e-14
125.03135805591431,-57.878963812481885,2.84144472953857,5.483733593031177,-3.719763470593853,-4.210383564936169e-15
125.04266617465763,-57.88696142345328,2.8531085492357624,5.482797103605439,-3.7157948692939584,-1.2631150694808506e-14
125.05398036266605,-57.89495764328655,2.8647601553881046,5.481856739775442,-3.711827458984734,-8.420767129872338e-15
125.06530061980008,-57.90295247229949,2.876399550934187,5.480912506269194,-3.707861243017077,-2.5262301389617013e-14
125.0766269459202,-57.91094591081028,2.8880267388125973,5.479964407816844,-3.703896224740888,-1.6841534259744676e-14
125.08795934088658,-57.918937959137295,2.899641721961926,5.479012449150698,-3.6999324075051003,-4.210383564936169e-15
125.09929780455955,-57.926928617599486,2.911244503320762,5.47805663500521,-3.69596979465763,-2.5262301389617013e-14
125.11064233679936,-57.9349178865161,2.9228350858276926,5.477096970117007,-3.6920083895453844,-1.6841534259744676e-14
125.12199293746599,-57.942905766206685,2.934413472421308,5.476133459224853,-3.688048195514276,-4.210383564936169e-15
125.13334960641963,-57.950892256991274,2.9459796660401967,5.475166107069695,-3.684089215909185,-3.368306851948935e-14
125.14471234352017,-57.95887735919016,2.957533669622946,5.474194918394627,-3.680131454073975,-2.5262301389617013e-14
125.15608114862758,-57.966861073124136,2.9690754861081463,5.473219897944924,-3.6761749133514825,-1.6841534259744676e-14
125.16745602160178,-57.974843399114306,2.9806051184343874,5.47224105046803,-3.672219597083501,-3.368306851948935e-14
125.1788369623025,-57.98282433748211,2.9921225695402565,5.471258380713546,-3.6682655086107925,-1.2631150694808506e-14
125.1902239705895,-57.990803888549436,3.003627842364344,5.470271893433264,-3.66431265127307,-2.1051917824680846e-14
125.2016170463226,-57.99878205263859,3.015120939845239,5.4692815933811465,-3.6603610284089796,-8.420767129872338e-15
125.21301618936123,-58.00675883007206,3.026601864921529,5.468287485313329,-3.656410643356137,-2.947268495455318e-14
125.22442139956512,-58.014734221172944,3.038070620531804,5.467289573988138,-3.652461499451063,-1.2631150694808506e-14
125.23583267679379,-58.02270822626465,3.049527209614647,5.466287864166085,-3.648513600029225,-2.1051917824680846e-14
125.24725002090663,-58.03068084567087,3.0609716351086553,5.465282360609857,-3.644566948425016,-8.420767129872338e-15
125.25867343176319,-58.03865207971584,3.0724038999524157,5.464273068084335,-3.640621547971722,-1.6841534259744676e-14
125.27010290922266,-58.04662192872399,3.0838240070845155,5.4632599913565905,-3.636677402001578,-3.789345208442552e-14
125.2815384531445,-58.05459039302033,3.095231959443543,5.462243135195896,-3.6327345138456937,-3.789345208442552e-14
125.29298006338801,-58.06255747293019,3.1066277599680894,5.461222504373709,-3.6287928868340806,-2.1051917824680846e-14
125.3044277398123,-58.07052316877917,3.118011411596741,5.460198103663693,-3.624852524295666,-2.947268495455318e-14
125.31588148227661,-58.078487480893415,3.1293829172680874,5.459169937841701,-3.6209134295582417,-2.1051917824680846e-14
125.32734129064009,-58.08645040959946,3.140742279920718,5.458138011685808,-3.6169756059484834,-1.2631150694808506e-14
125.33880716476177,-58.09441195522407,3.1520895024932223,5.457102329976276,-3.6130390567919566,-2.1051917824680846e-14
125.35027910450081,-58.102372118094586,3.16342458792419,5.456062897495585,-3.6091037854130725,-1.6841534259744676e-14
125.36175710971605,-58.1103308985386,3.174747539152207,5.4550197190284155,-3.605169795135132,-3.789345208442552e-14
125.37324118026656,-58.11828829688417,3.186058359115864,5.453972799361672,-3.6012370892802705,-2.1051917824680846e-14
125.38473131601131,-58.126244313459814,3.197357050753748,5.45292214328447,-3.597305671169484,-4.210383564936169e-14
125.39622751680908,-58.134198948594246,3.2086436170044506,5.451867755588136,-3.5933755441226163,-2.947268495455318e-14
125.40772978251876,-58.142152202616785,3.21991806080656,5.450809641066219,-3.5894467114583417,-1.2631150694808506e-14
125.41923811299921,-58.15010407585707,3.2311803850986647,5.449747804514496,-3.585519176494172,-3.368306851948935e-14
125.43075250810914,-58.158054568645056,3.2424305928193533,5.448682250730963,-3.581592942546448,-8.420767129872338e-15
125.44227296770731,-58.16600368131122,3.2536686869072153,5.447612984515836,-3.5776680129303315,-2.5262301389617013e-14
125.45379949165255,-58.17395141418642,3.264894670300839,5.446540010671578,-3.5737443909597824,-2.947268495455318e-14
125.46533207980337,-58.181897767601825,3.2761085459388135,5.445463334002856,-3.5698220799475964,-4.210383564936169e-15
125.47687073201857,-58.18984274188913,3.2873103167597253,5.4443829593165995,-3.5659010832053486,-1.6841534259744676e-14
125.48841544815664,-58.19778633738028,3.298499985702168,5.443298891421948,-3.5619814040434292,-4.210383564936169e-14
125.49996622807627,-58.205728554407784,3.3096775557047278,5.442211135130299,-3.5580630457709996,-2.947268495455318e-14
125.51152307163609,-58.21366939330453,3.3208430297059928,5.441119695255281,-3.5541460116960115,-1.2631150694808506e-14
125.52308597869447,-58.221608854403655,3.3319964106445545,5.44002457661276,-3.5502303051252118,-2.5262301389617013e-14
125.53465494911006,-58.22954693803888,3.3431377014589994,5.4389257840208565,-3.5463159293640922,-8.420767129872338e-15
125.54622998274142,-58.23748364454432,3.354266905087916,5.437823322299941,-3.542402887716925,-2.947268495455318e-14
125.55781107944686,-58.245418974254335,3.365384024469895,5.436717196272615,-3.5384911834867467,-3.789345208442552e-14
125.56939823908503,-58.253352927503926,3.376489062543525,5.435607410763754,-3.5345808199753304,-2.5262301389617013e-14
125.5809914615142,-58.26128550462829,3.387582022247396,5.434493970600467,-3.5306718004832147,-3.368306851948935e-14
125.59259074659289,-58.2692167059632,3.3986629065200957,5.433376880612135,-3.5267641283096713,-1.6841534259744676e-14
125.60419609417953,-58.277146531844785,3.40973171830021,5.432256145630397,-3.5228578067527043,-3.368306851948935e-14
125.61580750413245,-58.28507498260952,3.4207884605263326,5.431131770489136,-3.518952839109049,-8.420767129872338e-15
125.62742497631005,-58.29300205859437,3.4318331361370493,5.430003760024517,-3.5150492286741715,-4.210383564936169e-14
125.63904851057077,-58.300927760136766,3.442865748070949,5.4288721190749625,-3.511146978742236,-2.5262301389617013e-14
125.65067810677287,-58.3088520875744,3.453886299266623,5.4277368524811616,-3.5072460926061413,-1.2631150694808506e-14
125.66231376477481,-58.316775041245556,3.464894792662659,5.426597965086076,-3.5033465735574696,-2.5262301389617013e-14
125.6739554844348,-58.32469662148876,3.475891231197645,5.425455461734935,-3.4994484248865154,-2.5262301389617013e-14
125.68560326561123,-58.33261682864309,3.4868756178101705,5.424309347275246,-3.4955516498822594,-1.6841534259744676e-14
125.69725710816253,-58.340535663048044,3.497847955438824,5.423159626556798,-3.4916562518323606,-1.6841534259744676e-14
125.70891701194687,-58.34845312504343,3.5088082470221953,5.422006304431641,-3.4877622340231795,-2.5262301389617013e-14
