galstreams/tracks/track.st.Elqui.shipp2019.ecsv
# %ECSV 0.9
# ---
# datatype:
# - {name: ra, unit: deg, datatype: float64}
# - {name: dec, unit: deg, datatype: float64}
# - {name: distance, unit: kpc, datatype: float64}
# - {name: pm_ra_cosdec, unit: mas / yr, datatype: float64}
# - {name: pm_dec, unit: mas / yr, datatype: float64}
# - {name: radial_velocity, unit: km / s, datatype: float64}
# delimiter: ','
# meta: !!omap
# - __serialized_columns__:
#     dec:
#       __class__: astropy.coordinates.angles.Latitude
#       unit: &id001 !astropy.units.Unit {unit: deg}
#       value: !astropy.table.SerializedColumn {name: dec}
#     distance:
#       __class__: astropy.coordinates.distances.Distance
#       unit: !astropy.units.Unit {unit: kpc}
#       value: !astropy.table.SerializedColumn {name: distance}
#     pm_dec:
#       __class__: astropy.units.quantity.Quantity
#       unit: !astropy.units.Unit {unit: mas / yr}
#       value: !astropy.table.SerializedColumn {name: pm_dec}
#     pm_ra_cosdec:
#       __class__: astropy.units.quantity.Quantity
#       unit: !astropy.units.Unit {unit: mas / yr}
#       value: !astropy.table.SerializedColumn {name: pm_ra_cosdec}
#     ra:
#       __class__: astropy.coordinates.angles.Longitude
#       unit: *id001
#       value: !astropy.table.SerializedColumn {name: ra}
#       wrap_angle: !astropy.coordinates.Angle
#         unit: *id001
#         value: 360.0
#     radial_velocity:
#       __class__: astropy.units.quantity.Quantity
#       unit: !astropy.units.Unit {unit: km / s}
#       value: !astropy.table.SerializedColumn {name: radial_velocity}
# schema: astropy-2.0
ra,dec,distance,pm_ra_cosdec,pm_dec,radial_velocity
[from data line 135]
12.199404167150233,-37.946184901120354,50.09999999999771,0.18849800251890392,-0.7263983233837111,-2.981389443865561e-09
12.209705663847522,-37.95203954975483,50.099999999997706,0.18855285394869192,-0.7263603964546048,-2.96234166861779e-09
12.220008239374549,-37.95789386913606,50.099999999997685,0.18860746358439,-0.7263209362400878,-2.9433275764385383e-09
12.230311894199664,-37.96374785906879,50.099999999997685,0.18866183092072492,-0.726279942820456,-2.9243303257935463e-09
12.240616628791246,-37.969601519357674,50.099999999997685,0.18871595545219205,-0.7262374162761585,-2.9053330751485543e-09
12.250922443617812,-37.97545484980736,50.099999999997685,0.1887698366730575,-0.7261933566877949,-2.8864368737091206e-09
12.261229339147803,-37.981307850222315,50.09999999999767,0.1888234740773541,-0.7261477641361171,-2.867523830735427e-09
12.271537315849898,-37.98716052040706,50.09999999999767,0.18887686715888602,-0.7261006387020286,-2.8486613123645134e-09
12.281846374192881,-37.993012860166054,50.09999999999768,0.18893001541122612,-0.7260519804665848,-2.8298493185963783e-09
12.292156514645434,-37.99886486930362,50.09999999999767,0.18898291832771572,-0.7260017895109939,-2.8110541663625033e-09
12.302467737676498,-38.00471654762408,50.099999999997664,0.18903557540146615,-0.7259500659166158,-2.7923263802656673e-09
12.312780043755053,-38.01056789493173,50.09999999999765,0.18908798612535765,-0.7258968097649633,-2.7735817526345715e-09
12.323093433350202,-38.01641891103078,50.09999999999765,0.18914014999204046,-0.7258420211377008,-2.7549044911405146e-09
12.333407906930983,-38.02226959572534,50.09999999999764,0.1891920664939319,-0.725785700116647,-2.7362272296464577e-09
12.343723464966669,-38.028119948819494,50.099999999997635,0.18924373512322018,-0.7257278467837721,-2.7176341758236998e-09
12.354040107926632,-38.03396997011735,50.09999999999764,0.18929515537186276,-0.7256684612212001,-2.6990242804666817e-09
12.364357836280151,-38.03981965942278,50.099999999997635,0.18934632673158447,-0.7256075435112084,-2.680481751246703e-09
12.374676650496763,-38.04566901653976,50.09999999999763,0.18939724869388075,-0.7255450937362268,-2.6619729050952437e-09
12.384996551046031,-38.05151804127215,50.09999999999763,0.1894479207500156,-0.7254811119788394,-2.643464058943784e-09
12.395317538397663,-38.0573667334238,50.099999999997614,0.1894983423910226,-0.7254155983217832,-2.624988895860844e-09
12.405639613021275,-38.06321509279835,50.09999999999761,0.18954851310770268,-0.7253485528479495,-2.6066316235177224e-09
12.415962775386744,-38.069063119199576,50.0999999999976,0.1895984323906278,-0.725279975640384,-2.588223826571822e-09
12.42628702596403,-38.07491081243112,50.0999999999976,0.18964809973013824,-0.7252098667822847,-2.5698665542287e-09
12.436612365223006,-38.080758172296505,50.099999999997586,0.18969751461634216,-0.7251382263570058,-2.5515429649540976e-09
12.446938793633796,-38.08660519859926,50.0999999999976,0.1897466765391178,-0.7250650544480542,-2.5333035833507943e-09
12.457266311666567,-38.09245189114287,50.099999999997586,0.18979558498811266,-0.7249903511390932,-2.515030518678971e-09
12.467594919791603,-38.098298249730775,50.09999999999758,0.18984423945274242,-0.7249141165139382,-2.496824820144187e-09
12.47792461847912,-38.10414427416624,50.09999999999757,0.18989263942219137,-0.7248363506565614,-2.4786696462121824e-09
12.48825540819959,-38.109989964252605,50.09999999999758,0.18994078438541365,-0.7247570536510889,-2.4605313138144373e-09
12.498587289423554,-38.11583531979313,50.09999999999756,0.1899886738311316,-0.7246762255818028,-2.442409822950952e-09
12.508920262621483,-38.12168034059092,50.09999999999755,0.1900363072478364,-0.7245938665331395,-2.4243725397587657e-09
12.519254328264099,-38.12752502644914,50.09999999999756,0.19008368412378826,-0.7245099765896907,-2.4063015734980596e-09
12.52958948682214,-38.13336937717084,50.09999999999754,0.19013080394701665,-0.7244245558362046,-2.388331656442912e-09
12.539925738766506,-38.139213392559064,50.09999999999754,0.19017766620531923,-0.724337604357584,-2.3703617393877643e-09
12.550263084567986,-38.14505707241668,50.099999999997536,0.19022427038626227,-0.7242491222388883,-2.3524086638668766e-09
12.560601524697649,-38.15090041654662,50.09999999999752,0.19027061597718153,-0.7241591095653324,-2.3345229544830278e-09
12.570941059626628,-38.156743424751745,50.09999999999752,0.19031670246518123,-0.7240675664222866,-2.316637245099179e-09
12.58128168982598,-38.16258609683476,50.09999999999751,0.19036252933713355,-0.7239744928952794,-2.298818901852369e-09
12.591623415767017,-38.1684284325984,50.099999999997515,0.19040809607968062,-0.7238798890699936,-2.281101607811118e-09
12.601966237921074,-38.17427043184536,50.09999999999751,0.19045340217923268,-0.7237837550322699,-2.263333789167087e-09
12.612310156759634,-38.18011209437823,50.0999999999975,0.19049844712196923,-0.7236860908681049,-2.245582812057316e-09
12.622655172754083,-38.185953419999514,50.099999999997486,0.190543230393837,-0.7235868966636524,-2.2278992010845842e-09
12.633001286376075,-38.191794408511704,50.09999999999748,0.19058775148055257,-0.723486172505223,-2.2102829562488913e-09
12.643348498097332,-38.19763505971729,50.09999999999747,0.19063200986760154,-0.7233839184792846,-2.1926667114131984e-09
12.65369680838951,-38.20347537341854,50.09999999999748,0.1906760050402364,-0.723280134672462,-2.1751009911802847e-09
12.664046217724499,-38.20931534941782,50.09999999999747,0.1907197364834799,-0.7231748211715376,-2.157535270947371e-09
12.674396726574228,-38.21515498751737,50.09999999999746,0.190763203682123,-0.7230679780634524,-2.140036916851496e-09
12.684748335410768,-38.220994287519424,50.09999999999744,0.19080640612072483,-0.7229596054353027,-2.122572245824141e-09
12.695101044706096,-38.22683324922604,50.099999999997436,0.19084934328361303,-0.7228497033743451,-2.105141257865305e-09
12.705454854932453,-38.23267187243935,50.09999999999744,0.19089201465488417,-0.7227382719679925,-2.0877271114407294e-09
12.715809766562097,-38.238510156961325,50.09999999999743,0.19093441971840347,-0.7226253113038171,-2.070414014221712e-09
12.726165780067438,-38.244348102594024,50.09999999999742,0.19097655795780435,-0.7225108214695485,-2.0530335508656555e-09
12.736522895920784,-38.250185709139224,50.09999999999742,0.1910184288564882,-0.7223948025530753,-2.035770978249417e-09
12.746881114594721,-38.25602297639883,50.099999999997415,0.19106003189762585,-0.7222772546424447,-2.0185252471674385e-09
12.757240436561894,-38.26185990417467,50.0999999999974,0.19110136656415655,-0.7221581778258623,-2.0012626745512e-09
12.767600862294879,-38.26769649226838,50.099999999997394,0.19114243233878664,-0.7220375721916927,-1.9840843096062604e-09
12.77796239226649,-38.27353274048167,50.099999999997394,0.1911832287039923,-0.72191543782846,-1.9669396277298405e-09
12.788325026949593,-38.279368648616135,50.09999999999738,0.191223755142018,-0.7217917748248469,-1.949895995058979e-09
12.798688766817174,-38.2852042164734,50.09999999999737,0.1912640111348764,-0.7216665832696951,-1.9327513131825586e-09
12.809053612342133,-38.29103944385486,50.099999999997365,0.1913039961643475,-0.7215398632520068,-1.9157245220459567e-09
12.819419563997634,-38.29687433056198,50.099999999997344,0.19134370971198125,-0.7214116148609432,-1.898697730909355e-09
12.829786622256922,-38.30270887639616,50.09999999999735,0.19138315125909544,-0.721281838185825,-1.881755147444052e-09
12.840154787593153,-38.30854308115869,50.09999999999734,0.19142232028677555,-0.7211505333161339,-1.8648462470472682e-09
12.850524060479739,-38.314376944650824,50.09999999999734,0.1914612162758758,-0.7210177003415108,-1.8478868220477053e-09
12.860894441390112,-38.320210466673764,50.09999999999734,0.19149983870701892,-0.7208833393517565,-1.83109581239074e-09
12.871265930797863,-38.3260436470287,50.09999999999732,0.19153818706059614,-0.7207474504368331,-1.814271119665255e-09
12.881638529176477,-38.33187648551663,50.099999999997316,0.19157626081676557,-0.7206100336868628,-1.7974801100082895e-09
12.892012236999705,-38.33770898193862,50.09999999999731,0.19161405945545537,-0.7204710891921284,-1.7807396249541033e-09
12.902387054741364,-38.34354113609566,50.0999999999973,0.1916515824563612,-0.7203306170430732,-1.7639991398999171e-09
12.912762982875215,-38.34937294778859,50.09999999999729,0.1916888292989462,-0.7201886173303028,-1.7473260209827698e-09
12.923140021875243,-38.355204416818275,50.09999999999729,0.1917257994624425,-0.7200450901445818,-1.7307034266684019e-09
12.93351817221548,-38.36103554298552,50.09999999999727,0.19176249242585047,-0.7199000355768383,-1.7140976738882936e-09
12.94389743437009,-38.36686632609108,50.09999999999726,0.1917989076679389,-0.71975345371816,-1.6975256041767049e-09
12.954277808813147,-38.37269676593554,50.09999999999725,0.19183504466724344,-0.7196053446597972,-1.6810040590678954e-09
12.964659296018988,-38.37852686231955,50.099999999997245,0.19187090290206887,-0.719455708493161,-1.6644993554933455e-09
12.975041896462024,-38.38435661504369,50.099999999997245,0.1919064818504883,-0.7193045453098259,-1.6480788595900946e-09
12.985425610616588,-38.390186023908406,50.09999999999723,0.1919417809903423,-0.7191518552015274,-1.631624680618324e-09
12.995810438957268,-38.39601508871414,50.099999999997216,0.19197679979923998,-0.7189976382601629,-1.6152378677835924e-09
13.006196381958663,-38.40184380926125,50.09999999999721,0.19201153775455812,-0.7188418945777925,-1.5989184210858998e-09
13.016583440095527,-38.40767218535009,50.099999999997195,0.19204599433344227,-0.7186846242466387,-1.582615815922467e-09
13.02697161384253,-38.41350021678086,50.099999999997195,0.19208016901280478,-0.7185258273590867,-1.5663132107590341e-09
13.03736090367458,-38.419327903353775,50.09999999999719,0.19211406126932712,-0.7183655040076844,-1.5500779717326402e-09
13.047751310066678,-38.425155244868996,50.099999999997195,0.19214767057945883,-0.7182036542851429,-1.5339100988432853e-09
13.058142833493747,-38.43098224112653,50.09999999999717,0.19218099641941652,-0.7180402782843363,-1.5177590674881903e-09
13.068535474430943,-38.43680889192643,50.09999999999716,0.19221403826518554,-0.717875376098301,-1.5016080361330951e-09
13.078929233353463,-38.44263519706864,50.09999999999715,0.19224679559251873,-0.717708947820238,-1.4855580539835585e-09
13.08932411073665,-38.4484611563531,50.09999999999714,0.19227926787693794,-0.7175409935435109,-1.4695080718340217e-09
13.099720107055742,-38.45428676957957,50.09999999999713,0.19231145459373084,-0.7173715133616476,-1.4534917727530045e-09
13.110117222786235,-38.46011203654785,50.099999999997124,0.19234335521795506,-0.71720050736834,-1.4375259982747666e-09
13.12051545840373,-38.4659369570577,50.09999999999712,0.19237496922443564,-0.7170279756574425,-1.4215602237965286e-09
13.130914814383711,-38.47176153090871,50.09999999999711,0.19240629608776444,-0.7168539183229756,-1.4056281323868102e-09
13.14131529120193,-38.47758575790048,50.09999999999711,0.19243733528230228,-0.7166783354591231,-1.3897970901826501e-09
13.151716889334168,-38.48340963783257,50.099999999997095,0.19246808628217782,-0.7165012271602331,-1.3739660479784903e-09
13.162119609256342,-38.48923317050449,50.09999999999708,0.19249854856128745,-0.7163225935208183,-1.3581855303771093e-09
13.172523451444285,-38.49505635571558,50.09999999999707,0.19252872159329465,-0.7161424346355567,-1.342438695844248e-09
13.182928416374068,-38.50087919326522,50.09999999999706,0.19255860485163134,-0.7159607505992902,-1.3267423859141662e-09
13.193334504521873,-38.506701682952745,50.09999999999705,0.19258819780949765,-0.7157775415070264,-1.3110966005868632e-09
13.203741716363773,-38.51252382457733,50.09999999999705,0.19261749993986044,-0.7155928074539386,-1.2954508152595605e-09
13.214150052376098,-38.51834561793817,50.09999999999703,0.19264651071545524,-0.7154065485353642,-1.2798218714665175e-09
13.224559513035214,-38.524167062834394,50.099999999997024,0.1926752296087848,-0.7152187648468069,-1.264226610741994e-09
13.234970098817616,-38.529988159065056,50.09999999999701,0.19270365609212026,-0.7150294564839358,-1.2487492407572886e-09
13.245381810199717,-38.535808906429104,50.099999999996996,0.19273178963749918,-0.7148386235425859,-1.233271870772583e-09
13.25579464765818,-38.54162930472551,50.09999999999699,0.1927596297167281,-0.7146462661187578,-1.2178281838563974e-09
13.266208611669763,-38.54744935375319,50.09999999999698,0.19278717580138127,-0.714452384308619,-1.2023508138716918e-09
13.276623702711113,-38.55326905331084,50.09999999999697,0.1928144273627989,-0.714256978208502,-1.1870418592295841e-09
13.28703992125915,-38.55908840319729,50.09999999999696,0.19284138387209115,-0.7140600479149071,-1.1716655384504371e-09
13.297457267790818,-38.564907403211215,50.09999999999696,0.19286804480013425,-0.7138615935244998,-1.156373425342589e-09
13.3078757427832,-38.570726053151276,50.099999999996946,0.19289440961757331,-0.7136616151341135,-1.1411149953032604e-09
13.318295346713278,-38.57654435281598,50.09999999999694,0.19292047779481913,-0.7134601128407478,-1.125890248332451e-09
13.328716080058303,-38.582362302003865,50.09999999999693,0.1929462488020519,-0.7132570867415694,-1.1106991844301614e-09
13.33913794329561,-38.58817990051341,50.09999999999692,0.19297172210921915,-0.7130525369339119,-1.0955754866649108e-09
13.349560936902435,-38.593997148142954,50.0999999999969,0.19299689718603485,-0.7128464635152771,-1.0804349473654003e-09
13.359985061356273,-38.599814044690824,50.0999999999969,0.19302177350198163,-0.7126388665833334,-1.0653786157371886e-09
13.370410317134636,-38.605630589955304,50.09999999999689,0.19304635052630909,-0.7124297462359169,-1.0503559671774963e-09
13.380836704715202,-38.61144678373464,50.09999999999686,0.19307062772803535,-0.7122191025710323,-1.035333318617804e-09
13.391264224575526,-38.617262625826896,50.09999999999687,0.1930946045759443,-0.7120069356868508,-1.0203948777294104e-09
13.401692877193444,-38.62307811603019,50.099999999996854,0.1931182805385882,-0.7117932456817129,-1.0054732783752766e-09
13.412122663046812,-38.62889325414256,50.09999999999684,0.19314165508428754,-0.7115780326541272,-9.905685205554026e-10
13.42255358261361,-38.63470803996197,50.09999999999683,0.19316472768112963,-0.7113612967027698,-9.757479704068274e-10
13.432985636371747,-38.64052247328628,50.099999999996825,0.19318749779696842,-0.7111430379264866,-9.60927420258252e-10
13.443418824799373,-38.646336553913336,50.09999999999681,0.19320996489942643,-0.7109232564242912,-9.461910777809754e-10
13.45385314837474,-38.65215028164098,50.0999999999968,0.19323212845589371,-0.7107019522953666,-9.314547353036988e-10
13.464288607575984,-38.65796365626683,50.0999999999968,0.1932539879335261,-0.7104791256390643,-9.167689174292014e-10
13.474725202881517,-38.663776677588594,50.09999999999678,0.193275542799249,-0.7102547765549061,-9.021336241574833e-10
13.485162934769766,-38.66958934540386,50.09999999999677,0.1932967925197534,-0.7100289051425814,-8.874983308857653e-10
13.495601803719309,-38.675401659510186,50.099999999996754,0.19331773656149923,-0.7098015115019503,-8.729304037510861e-10
13.506041810208615,-38.681213619705,50.09999999999675,0.19333837439071194,-0.7095725957330421,-8.58362476616407e-10
13.51648295471642,-38.68702522578572,50.09999999999675,0.1933587054733858,-0.7093421579360563,-8.43912440221546e-10
13.52692523772155,-38.692836477549726,50.09999999999674,0.19337872927528232,-0.7091101982113615,-8.294455622924253e-10
13.537368659702718,-38.69864737479425,50.09999999999672,0.19339844526192873,-0.7088767166594976,-8.150292089660838e-10
13.547813221138924,-38.70445791731656,50.0999999999967,0.1934178528986215,-0.7086417133811735,-8.006296971740021e-10
13.55825892250916,-38.710268104913794,50.09999999999669,0.19343695165042335,-0.7084051884772691,-7.86331234587479e-10
13.568705764292583,-38.71607793738312,50.09999999999668,0.1934557409821649,-0.7081671420488349,-7.719822473981764e-10
