galstreams/tracks/track.po.Scamander.grillmair2017.ecsv
# %ECSV 0.9
# ---
# datatype:
# - {name: ra, unit: deg, datatype: float64}
# - {name: dec, unit: deg, datatype: float64}
# - {name: distance, unit: kpc, datatype: float64}
# - {name: pm_ra_cosdec, unit: mas / yr, datatype: float64}
# - {name: pm_dec, unit: mas / yr, datatype: float64}
# - {name: radial_velocity, unit: km / s, datatype: float64}
# delimiter: ','
# meta: !!omap
# - __serialized_columns__:
#     dec:
#       __class__: astropy.coordinates.angles.Latitude
#       unit: &id001 !astropy.units.Unit {unit: deg}
#       value: !astropy.table.SerializedColumn {name: dec}
#     distance:
#       __class__: astropy.coordinates.distances.Distance
#       unit: !astropy.units.Unit {unit: kpc}
#       value: !astropy.table.SerializedColumn {name: distance}
#     pm_dec:
#       __class__: astropy.units.quantity.Quantity
#       unit: !astropy.units.Unit {unit: mas / yr}
#       value: !astropy.table.SerializedColumn {name: pm_dec}
#     pm_ra_cosdec:
#       __class__: astropy.units.quantity.Quantity
#       unit: !astropy.units.Unit {unit: mas / yr}
#       value: !astropy.table.SerializedColumn {name: pm_ra_cosdec}
#     ra:
#       __class__: astropy.coordinates.angles.Longitude
#       unit: *id001
#       value: !astropy.table.SerializedColumn {name: ra}
#       wrap_angle: !astropy.coordinates.Angle
#         unit: *id001
#         value: 360.0
#     radial_velocity:
#       __class__: astropy.units.quantity.Quantity
#       unit: !astropy.units.Unit {unit: km / s}
#       value: !astropy.table.SerializedColumn {name: radial_velocity}
# schema: astropy-2.0
ra,dec,distance,pm_ra_cosdec,pm_dec,radial_velocity
[from data line 1629]
149.84666364224256,-4.255814626825403,21.00000000000001,0.0,0.0,0.0
149.84562241620682,-4.24586714036711,21.00000000000001,0.0,0.0,0.0
149.84458121701212,-4.235919652511835,21.00000000000001,0.0,0.0,0.0
149.8435400445947,-4.2259721632627825,21.000000000000014,0.0,0.0,0.0
149.84249889889077,-4.216024672623391,21.000000000000014,0.0,0.0,0.0
149.84145777983653,-4.2060771805968615,21.00000000000001,0.0,0.0,0.0
149.84041668736822,-4.19612968718663,21.000000000000014,0.0,0.0,0.0
149.83937562142205,-4.186182192395908,21.000000000000018,0.0,0.0,0.0
149.83833458193425,-4.176234696228121,21.000000000000014,0.0,0.0,0.0
149.83729356884103,-4.166287198686476,21.000000000000007,0.0,0.0,0.0
149.83625258207866,-4.156339699774346,21.00000000000001,0.0,0.0,0.0
149.83521162158343,-4.146392199495112,21.00000000000001,0.0,0.0,0.0
149.83417068729153,-4.136444697851973,21.000000000000014,0.0,0.0,0.0
149.83312977913926,-4.126497194848363,21.00000000000001,0.0,0.0,0.0
149.83208889706287,-4.116549690487482,21.000000000000014,0.0,0.0,0.0
149.8310480409987,-4.106602184772772,21.00000000000001,0.0,0.0,0.0
149.8300072108829,-4.096654677707418,21.000000000000014,0.0,0.0,0.0
149.82896640665192,-4.086707169294868,21.000000000000014,0.0,0.0,0.0
149.82792562824193,-4.076759659538316,21.00000000000001,0.0,0.0,0.0
149.82688487558926,-4.066812148441131,21.00000000000001,0.0,0.0,0.0
149.82584414863024,-4.056864636006684,21.00000000000001,0.0,0.0,0.0
149.8248034473012,-4.046917122238187,21.000000000000014,0.0,0.0,0.0
149.8237627715384,-4.036969607139061,21.000000000000014,0.0,0.0,0.0
149.82272212127825,-4.027022090712506,21.000000000000014,0.0,0.0,0.0
149.821681496457,-4.017074572961954,21.00000000000001,0.0,0.0,0.0
149.820640897011,-4.007127053890598,21.00000000000001,0.0,0.0,0.0
149.81960032287665,-3.9971795335018148,21.000000000000014,0.0,0.0,0.0
149.81855977399027,-3.987232011798978,21.000000000000014,0.0,0.0,0.0
149.81751925028817,-3.9772844887852687,21.000000000000014,0.0,0.0,0.0
149.8164787517068,-3.9673369644641334,21.00000000000001,0.0,0.0,0.0
149.81543827818246,-3.9573894388387627,21.00000000000001,0.0,0.0,0.0
149.81439782965154,-3.9474419119125757,21.000000000000014,0.0,0.0,0.0
149.81335740605044,-3.9374943836887786,21.000000000000014,0.0,0.0,0.0
149.81231700731556,-3.9275468541707954,21.000000000000014,0.0,0.0,0.0
149.81127663338322,-3.9175993233618214,21.00000000000001,0.0,0.0,0.0
149.8102362841899,-3.9076517912652187,21.000000000000014,0.0,0.0,0.0
149.80919595967197,-3.897704257884361,21.000000000000014,0.0,0.0,0.0
149.80815565976582,-3.8877567232224446,21.000000000000014,0.0,0.0,0.0
149.8071153844079,-3.8778091872828933,21.000000000000014,0.0,0.0,0.0
149.80607513353462,-3.8678616500688987,21.00000000000001,0.0,0.0,0.0
149.80503490708242,-3.8579141115838818,21.000000000000014,0.0,0.0,0.0
149.80399470498773,-3.847966571831046,21.000000000000014,0.0,0.0,0.0
149.80295452718696,-3.8380190308138076,21.000000000000014,0.0,0.0,0.0
149.8019143736166,-3.828071488535362,21.000000000000014,0.0,0.0,0.0
149.80087424421305,-3.8181239449990763,21.00000000000001,0.0,0.0,0.0
149.79983413891284,-3.8081764002083007,21.000000000000018,0.0,0.0,0.0
149.79879405765237,-3.7982288541662474,21.000000000000014,0.0,0.0,0.0
149.79775400036812,-3.788281306876331,21.000000000000014,0.0,0.0,0.0
149.7967139669966,-3.7783337583417382,21.000000000000014,0.0,0.0,0.0
149.79567395747426,-3.7683862085658943,21.00000000000001,0.0,0.0,0.0
149.79463397173762,-3.758438657551994,21.000000000000018,0.0,0.0,0.0
149.7935940097231,-3.7484911053034518,21.00000000000001,0.0,0.0,0.0
149.7925540713673,-3.7385435518234567,21.00000000000001,0.0,0.0,0.0
149.79151415660664,-3.7285959971153755,21.000000000000014,0.0,0.0,0.0
149.7904742653777,-3.7186484411825744,21.000000000000014,0.0,0.0,0.0
149.7894343976169,-3.708700884028238,21.00000000000001,0.0,0.0,0.0
149.78839455326082,-3.698753325655781,21.00000000000001,0.0,0.0,0.0
149.78735473224603,-3.6888057660684015,21.000000000000018,0.0,0.0,0.0
149.78631493450897,-3.678858205269511,21.00000000000001,0.0,0.0,0.0
149.78527515998624,-3.668910643262298,21.00000000000001,0.0,0.0,0.0
149.78423540861436,-3.6589630800501807,21.00000000000001,0.0,0.0,0.0
149.7831956803299,-3.6490155156363526,21.000000000000014,0.0,0.0,0.0
149.78215597506937,-3.639067950024168,21.00000000000001,0.0,0.0,0.0
149.78111629276938,-3.6291203832169874,21.000000000000014,0.0,0.0,0.0
149.7800766333665,-3.619172815217999,21.000000000000007,0.0,0.0,0.0
149.77903699679723,-3.6092252460306167,21.00000000000001,0.0,0.0,0.0
149.77799738299822,-3.599277675658027,21.000000000000014,0.0,0.0,0.0
149.776957791906,-3.58933010410365,21.00000000000001,0.0,0.0,0.0
149.7759182234572,-3.5793825313706664,21.00000000000001,0.0,0.0,0.0
149.77487867758842,-3.569434957462498,21.000000000000014,0.0,0.0,0.0
149.7738391542362,-3.5594873823823234,21.00000000000001,0.0,0.0,0.0
149.7727996533372,-3.549539806133497,21.00000000000001,0.0,0.0,0.0
149.771760174828,-3.5395922287193837,21.00000000000001,0.0,0.0,0.0
149.77072071864524,-3.5296446501431675,21.000000000000007,0.0,0.0,0.0
149.7696812847255,-3.519697070408259,21.00000000000001,0.0,0.0,0.0
149.76864187300544,-3.509749489517841,21.00000000000001,0.0,0.0,0.0
149.76760248342168,-3.499801907475328,21.00000000000001,0.0,0.0,0.0
149.76656311591083,-3.489854324283902,21.00000000000001,0.0,0.0,0.0
149.7655237704096,-3.4799067399469763,21.000000000000014,0.0,0.0,0.0
149.76448444685457,-3.469959154467741,21.00000000000001,0.0,0.0,0.0
149.7634451451824,-3.4600115678495373,21.000000000000007,0.0,0.0,0.0
149.7624058653298,-3.4500639800957313,21.000000000000007,0.0,0.0,0.0
149.76136660723338,-3.440116391209499,21.000000000000014,0.0,0.0,0.0
149.76032737082986,-3.430168801194252,21.000000000000014,0.0,0.0,0.0
149.75928815605582,-3.4202212100531693,21.00000000000001,0.0,0.0,0.0
149.75824896284803,-3.4102736177896693,21.00000000000001,0.0,0.0,0.0
149.75720979114314,-3.4003260244069295,21.000000000000007,0.0,0.0,0.0
149.75617064087785,-3.3903784299083513,21.00000000000001,0.0,0.0,0.0
149.75513151198882,-3.380430834297126,21.000000000000014,0.0,0.0,0.0
149.7540924044128,-3.370483237576605,21.00000000000001,0.0,0.0,0.0
149.75305331808644,-3.360535639750133,21.00000000000001,0.0,0.0,0.0
149.75201425294648,-3.3505880408208983,21.00000000000001,0.0,0.0,0.0
149.75097520892962,-3.3406404407923,21.00000000000001,0.0,0.0,0.0
149.74993618597264,-3.330692839667527,21.00000000000001,0.0,0.0,0.0
149.74889718401218,-3.320745237449981,21.00000000000001,0.0,0.0,0.0
149.747858202985,-3.3107976341428436,21.00000000000001,0.0,0.0,0.0
149.74681924282783,-3.3008500297495242,21.00000000000001,0.0,0.0,0.0
149.74578030347743,-3.290902424273193,21.00000000000001,0.0,0.0,0.0
149.74474138487054,-3.2809548177172068,21.00000000000001,0.0,0.0,0.0
149.74370248694393,-3.2710072100849112,21.00000000000001,0.0,0.0,0.0
149.7426636096343,-3.2610596013794892,21.000000000000014,0.0,0.0,0.0
149.74162475287844,-3.251111991604337,21.00000000000001,0.0,0.0,0.0
149.7405859166131,-3.241164380762642,21.00000000000001,0.0,0.0,0.0
149.7395471007751,-3.2312167688577986,21.000000000000014,0.0,0.0,0.0
149.73850830530114,-3.221269155892997,21.000000000000014,0.0,0.0,0.0
149.73746953012804,-3.21132154187158,21.00000000000001,0.0,0.0,0.0
149.73643077519262,-3.201373926796886,21.00000000000001,0.0,0.0,0.0
149.73539204043158,-3.191426310672106,21.00000000000001,0.0,0.0,0.0
149.7343533257818,-3.1814786935006287,21.000000000000007,0.0,0.0,0.0
149.73331463118006,-3.171531075285636,21.00000000000001,0.0,0.0,0.0
149.73227595656314,-3.161583456030536,21.00000000000001,0.0,0.0,0.0
149.73123730186782,-3.1516358357384964,21.000000000000018,0.0,0.0,0.0
149.73019866703098,-3.1416882144129312,21.00000000000001,0.0,0.0,0.0
149.7291600519894,-3.131740592056995,21.00000000000001,0.0,0.0,0.0
149.7281214566799,-3.121792968674055,21.00000000000001,0.0,0.0,0.0
149.72708288103934,-3.111845344267448,21.000000000000014,0.0,0.0,0.0
149.7260443250045,-3.1018977188403385,21.000000000000014,0.0,0.0,0.0
149.7250057885123,-3.0919500923961447,21.00000000000001,0.0,0.0,0.0
149.72396727149948,-3.0820024649380198,21.00000000000001,0.0,0.0,0.0
149.72292877390296,-3.0720548364693854,21.00000000000001,0.0,0.0,0.0
149.72189029565956,-3.0621072069934043,21.000000000000014,0.0,0.0,0.0
149.72085183670615,-3.0521595765134744,21.00000000000001,0.0,0.0,0.0
149.71981339697962,-3.0422119450327725,21.000000000000014,0.0,0.0,0.0
149.71877497641674,-3.032264312554647,21.000000000000014,0.0,0.0,0.0
149.71773657495447,-3.022316679082427,21.00000000000001,0.0,0.0,0.0
149.71669819252966,-3.0123690446193008,21.000000000000007,0.0,0.0,0.0
149.71565982907916,-3.0024214091686523,21.000000000000007,0.0,0.0,0.0
149.7146214845399,-2.9924737727336623,21.00000000000001,0.0,0.0,0.0
149.71358315884873,-2.9825261353177206,21.00000000000001,0.0,0.0,0.0
149.71254485194257,-2.972578496924008,21.00000000000001,0.0,0.0,0.0
149.7115065637583,-2.962630857555923,21.00000000000001,0.0,0.0,0.0
149.71046829423284,-2.9526832172166317,21.00000000000001,0.0,0.0,0.0
149.70943004330306,-2.942735575909466,21.000000000000014,0.0,0.0,0.0
149.7083918109059,-2.9327879336377864,21.00000000000001,0.0,0.0,0.0
149.70735359697827,-2.9228402904047477,21.00000000000001,0.0,0.0,0.0
149.7063154014571,-2.9128926462137494,21.000000000000014,0.0,0.0,0.0
149.70527722427929,-2.902945001067967,21.00000000000001,0.0,0.0,0.0
149.70423906538178,-2.89299735497079,21.000000000000014,0.0,0.0,0.0
149.70320092470152,-2.8830497079253927,21.00000000000001,0.0,0.0,0.0
149.70216280217542,-2.8731020599351678,21.00000000000001,0.0,0.0,0.0
149.70112469774043,-2.863154411003286,21.00000000000001,0.0,0.0,0.0
149.7000866113335,-2.8532067611330776,21.000000000000014,0.0,0.0,0.0
149.69904854289157,-2.843259110327891,21.00000000000001,0.0,0.0,0.0
149.6980104923516,-2.833311458590896,21.000000000000014,0.0,0.0,0.0
149.6969724596506,-2.823363805925479,21.00000000000001,0.0,0.0,0.0
149.69593444472545,-2.8134161523348107,21.00000000000001,0.0,0.0,0.0
149.69489644751314,-2.80346849782229,21.00000000000001,0.0,0.0,0.0
149.69385846795066,-2.7935208423910716,21.000000000000014,0.0,0.0,0.0
149.69282050597502,-2.7835731860445643,21.000000000000007,0.0,0.0,0.0
149.6917825615231,-2.773625528785924,21.00000000000001,0.0,0.0,0.0
149.690744634532,-2.7636778706184923,21.00000000000001,0.0,0.0,0.0
149.68970672493862,-2.753730211545605,21.00000000000001,0.0,0.0,0.0
149.68866883268,-2.743782551570426,21.000000000000007,0.0,0.0,0.0
149.68763095769313,-2.733834890696347,21.000000000000007,0.0,0.0,0.0
149.686593099915,-2.723887228926541,21.00000000000001,0.0,0.0,0.0
149.68555525928264,-2.713939566264392,21.000000000000014,0.0,0.0,0.0
149.684517435733,-2.703991902713072,21.00000000000001,0.0,0.0,0.0
149.68347962920316,-2.6940442382759633,21.000000000000014,0.0,0.0,0.0
149.68244183963012,-2.684096572956247,21.000000000000014,0.0,0.0,0.0
149.68140406695085,-2.6741489067572375,21.000000000000014,0.0,0.0,0.0
149.68036631110246,-2.664201239682283,21.00000000000001,0.0,0.0,0.0
149.67932857202192,-2.654253571734544,21.000000000000014,0.0,0.0,0.0
149.6782908496463,-2.644305902917409,21.00000000000001,0.0,0.0,0.0
149.6772531439126,-2.634358233234047,21.00000000000001,0.0,0.0,0.0
149.67621545475788,-2.624410562687844,21.00000000000001,0.0,0.0,0.0
149.6751777821192,-2.6144628912819616,21.00000000000001,0.0,0.0,0.0
149.6741401259336,-2.6045152190197918,21.00000000000001,0.0,0.0,0.0
149.67310248613813,-2.5945675459044995,21.000000000000014,0.0,0.0,0.0
149.67206486266986,-2.5846198719394144,21.00000000000001,0.0,0.0,0.0
149.67102725546584,-2.5746721971278754,21.00000000000001,0.0,0.0,0.0
149.66998966446312,-2.5647245214730394,21.000000000000014,0.0,0.0,0.0
149.6689520895988,-2.5547768449782913,21.00000000000001,0.0,0.0,0.0
149.66791453080992,-2.544829167646802,21.00000000000001,0.0,0.0,0.0
149.6668769880336,-2.534881489481953,21.00000000000001,0.0,0.0,0.0
149.6658394612069,-2.5249338104869112,21.00000000000001,0.0,0.0,0.0
149.6648019502669,-2.5149861306650583,21.000000000000014,0.0,0.0,0.0
149.66376445515067,-2.5050384500195566,21.00000000000001,0.0,0.0,0.0
149.66272697579535,-2.4950907685537453,21.00000000000001,0.0,0.0,0.0
149.661689512138,-2.485143086270944,21.000000000000007,0.0,0.0,0.0
149.6606520641157,-2.4751954031743213,21.00000000000001,0.0,0.0,0.0
149.65961463166565,-2.46524771926726,21.00000000000001,0.0,0.0,0.0
149.65857721472486,-2.45530003455292,21.000000000000007,0.0,0.0,0.0
149.65753981323047,-2.445352349034691,21.000000000000018,0.0,0.0,0.0
149.6565024271196,-2.435404662715731,21.00000000000001,0.0,0.0,0.0
149.65546505632938,-2.4254569755994213,21.00000000000001,0.0,0.0,0.0
149.65442770079693,-2.4155092876889324,21.00000000000001,0.0,0.0,0.0
149.65339036045933,-2.4055615989875876,21.000000000000014,0.0,0.0,0.0
149.65235303525378,-2.3956139094987106,21.00000000000001,0.0,0.0,0.0
149.65131572511737,-2.3856662192254685,21.00000000000001,0.0,0.0,0.0
149.65027842998722,-2.375718528171235,21.000000000000014,0.0,0.0,0.0
149.64924114980053,-2.365770836339186,21.00000000000001,0.0,0.0,0.0
149.64820388449442,-2.355823143732696,21.000000000000007,0.0,0.0,0.0
149.64716663400603,-2.345875450354919,21.00000000000001,0.0,0.0,0.0
149.64612939827248,-2.3359277562092458,21.00000000000001,0.0,0.0,0.0
149.64509217723096,-2.3259800612988357,21.00000000000001,0.0,0.0,0.0
149.64405497081864,-2.316032365627011,21.00000000000001,0.0,0.0,0.0
149.64301777897265,-2.306084669197104,21.00000000000001,0.0,0.0,0.0
149.64198060163022,-2.296136972012268,21.00000000000001,0.0,0.0,0.0
149.6409434387284,-2.2861892740758805,21.00000000000001,0.0,0.0,0.0
149.6399062902045,-2.276241575391108,21.000000000000014,0.0,0.0,0.0
149.6388691559956,-2.266293875961339,21.00000000000001,0.0,0.0,0.0
149.6378320360389,-2.2563461757897123,21.00000000000001,0.0,0.0,0.0
149.63679493027158,-2.246398474879628,21.00000000000001,0.0,0.0,0.0
149.63575783863087,-2.2364507732342296,21.000000000000007,0.0,0.0,0.0
149.6347207610539,-2.2265030708568494,21.00000000000001,0.0,0.0,0.0
149.63368369747792,-2.21655536775081,21.00000000000001,0.0,0.0,0.0
149.6326466478401,-2.206607663919273,21.00000000000001,0.0,0.0,0.0
149.6316096120776,-2.1966599593656095,21.00000000000001,0.0,0.0,0.0
149.63057259012768,-2.1867122540929844,21.000000000000014,0.0,0.0,0.0
149.6295355819275,-2.176764548104776,21.00000000000001,0.0,0.0,0.0
149.62849858741436,-2.1668168414041373,21.00000000000001,0.0,0.0,0.0
149.62746160652534,-2.1568691339944546,21.00000000000001,0.0,0.0,0.0
149.62642463919778,-2.1469214258788734,21.00000000000001,0.0,0.0,0.0
149.6253876853688,-2.1369737170607253,21.00000000000001,0.0,0.0,0.0
149.6243507449757,-2.127026007543334,21.00000000000001,0.0,0.0,0.0
149.62331381795565,-2.117078297329851,21.00000000000001,0.0,0.0,0.0
149.6222769042459,-2.1071305864236574,21.000000000000014,0.0,0.0,0.0
149.6212400037837,-2.097182874827913,21.00000000000001,0.0,0.0,0.0
149.62020311650625,-2.0872351625459844,21.00000000000001,0.0,0.0,0.0
149.61916624235081,-2.07728744958104,21.00000000000001,0.0,0.0,0.0
149.61812938125465,-2.067339735936446,21.00000000000001,0.0,0.0,0.0
149.61709253315496,-2.0573920216153634,21.00000000000001,0.0,0.0,0.0
149.61605569798903,-2.0474443066211117,21.00000000000001,0.0,0.0,0.0
149.6150188756941,-2.0374965909570193,21.000000000000007,0.0,0.0,0.0
149.6139820662074,-2.027548874626229,21.00000000000001,0.0,0.0,0.0
149.6129452694662,-2.0176011576321247,21.000000000000014,0.0,0.0,0.0
149.6119084854078,-2.007653439977864,21.00000000000001,0.0,0.0,0.0
149.6108717139694,-1.9977057216668181,21.000000000000007,0.0,0.0,0.0
149.60983495508833,-1.9877580027021469,21.000000000000007,0.0,0.0,0.0
149.60879820870178,-1.9778102830872146,21.000000000000007,0.0,0.0,0.0
149.6077614747471,-1.9678625628251838,21.00000000000001,0.0,0.0,0.0
149.6067247531615,-1.957914841919372,21.000000000000007,0.0,0.0,0.0
149.60568804388234,-1.9479671203731024,21.00000000000001,0.0,0.0,0.0
