galstreams/tracks/track.st.Gaia-9.ibata2021.ecsv
# %ECSV 1.0
# ---
# datatype:
# - {name: ra, unit: deg, datatype: float64}
# - {name: dec, unit: deg, datatype: float64}
# - {name: distance, unit: kpc, datatype: float64}
# - {name: pm_ra_cosdec, unit: mas / yr, datatype: float64}
# - {name: pm_dec, unit: mas / yr, datatype: float64}
# - {name: radial_velocity, unit: km / s, datatype: float64}
# delimiter: ','
# meta: !!omap
# - __serialized_columns__:
#     dec:
#       __class__: astropy.coordinates.angles.Latitude
#       unit: &id001 !astropy.units.Unit {unit: deg}
#       value: !astropy.table.SerializedColumn {name: dec}
#     distance:
#       __class__: astropy.coordinates.distances.Distance
#       unit: !astropy.units.Unit {unit: kpc}
#       value: !astropy.table.SerializedColumn {name: distance}
#     pm_dec:
#       __class__: astropy.units.quantity.Quantity
#       unit: !astropy.units.Unit {unit: mas / yr}
#       value: !astropy.table.SerializedColumn {name: pm_dec}
#     pm_ra_cosdec:
#       __class__: astropy.units.quantity.Quantity
#       unit: !astropy.units.Unit {unit: mas / yr}
#       value: !astropy.table.SerializedColumn {name: pm_ra_cosdec}
#     ra:
#       __class__: astropy.coordinates.angles.Longitude
#       unit: *id001
#       value: !astropy.table.SerializedColumn {name: ra}
#       wrap_angle: !astropy.coordinates.Angle
#         unit: *id001
#         value: 360.0
#     radial_velocity:
#       __class__: astropy.units.quantity.Quantity
#       unit: !astropy.units.Unit {unit: km / s}
#       value: !astropy.table.SerializedColumn {name: radial_velocity}
# schema: astropy-2.0
ra,dec,distance,pm_ra_cosdec,pm_dec,radial_velocity
[from data line 855]
233.57823042507263,63.84500624222928,4.075844005125295,-13.136898644316545,7.7129125585664795,-194.51277943585052
233.59105665017873,63.836573020337305,4.076151557384392,-13.132176829216771,7.712543690565976,-194.515373113399
233.60387575847466,63.82813882647996,4.076459417229528,-13.127455830463067,7.712171526863105,-194.517873091748
233.61668775003412,63.81970365985802,4.076767586076426,-13.122735651981483,7.711796069785663,-194.52028005539677
233.62949262492913,63.81126751967327,4.0770760653408065,-13.118016297695872,7.7114173216639825,-194.52259468884483
233.64229038323023,63.802830405128425,4.077384856438393,-13.11329777152791,7.711035284830928,-194.52481767659137
233.65508102500627,63.7943923154274,4.0776939607849085,-13.108580077397095,7.710649961621856,-194.52694970313578
233.66786455032448,63.78595324977505,4.078003379796073,-13.103863219220722,7.710261354374633,-194.5289914529777
233.68064095925027,63.77751320737731,4.078313114887611,-13.099147200913933,7.709869465429586,-194.53094361061622
233.69341025184778,63.76907218744101,4.078623167475244,-13.094432026389665,7.709474297129618,-194.53280686055083
233.7061724281794,63.76063018917419,4.0789335389746935,-13.089717699558662,7.709075851820088,-194.5345818872811
233.7189274883058,63.752187211785795,4.079244230801683,-13.085004224329516,7.70867413184882,-194.5362693753062
233.73167543228612,63.74374325448586,4.079555244371933,-13.080291604608618,7.708269139566146,-194.53787000912553
233.74441626017799,63.73529831648545,4.079866581101167,-13.075579844300163,7.707860877324881,-194.53938447323856
233.75714997203738,63.726852396996506,4.080178242405108,-13.07086894730619,7.707449347480328,-194.5408134521445
233.76987656791874,63.71840549523218,4.0804902296994765,-13.066158917526508,7.707034552390263,-194.542157630343
233.78259604787493,63.70995761040656,4.080802544399995,-13.06144975885878,7.706616494414918,-194.54341769233318
233.79530841195714,63.701508741734806,4.081115187922388,-13.056741475198464,7.706195175917001,-194.54459432261467
233.80801366021524,63.69305888843295,4.081428161682376,-13.05203407043883,7.7057705992617205,-194.54568820568673
233.82071179269732,63.6846080497182,4.081741467095681,-13.047327548470967,7.705342766816689,-194.5467000260487
233.83340280945006,63.67615622480869,4.082055105578023,-13.04262191318378,7.704911680952019,-194.54763046820003
233.8460867105185,63.667703412923636,4.08236907854513,-13.03791716846398,7.704477344040248,-194.54848021664003
233.85876349594622,63.65924961328325,4.08268338741272,-13.033213318196099,7.70403975845637,-194.54924995586822
233.87143316577536,63.65079482510865,4.0829980335965175,-13.028510366262443,7.703598926577872,-194.5499403703839
233.88409572004628,63.64233904762209,4.083313018512243,-13.023808316543194,7.7031548507846095,-194.55055214468626
233.89675115879814,63.63388228004678,4.0836283435756195,-13.019107172916286,7.702707533458942,-194.55108596327514
233.90939948206832,63.62542452160701,4.0839440102023685,-13.014406939257498,7.702256976985625,-194.5515425106496
233.92204068989287,63.61696577152792,4.084260019808213,-13.009707619440412,7.701803183751862,-194.55192247130896
233.9346747823064,63.60850602903577,4.084576373808876,-13.005009217336408,7.701346156147297,-194.55222652975286
233.9473017593418,63.60004529335784,4.084893073620078,-13.000311736814684,7.700885896563969,-194.55245537048054
233.95992162103065,63.59158356372234,4.085210120657543,-12.99561518174226,7.700422407396362,-194.55260967799148
233.97253436740297,63.58312083935859,4.08552751633699,-12.990919555983947,7.699955691041365,-194.55269013678492
233.9851399984874,63.57465711949673,4.085845262074146,-12.98622486340237,7.699485749898292,-194.5526974313603
233.99773851431107,63.56619240336804,4.086163359284731,-12.981531107857974,7.699012586368865,-194.55263224621703
234.01032991489964,63.557726690204795,4.086481809384467,-12.976838293208994,7.698536202857215,-194.55249526585433
234.0229142002773,63.54925997924024,4.086800613789076,-12.972146423311488,7.698056601769858,-194.55228717477203
234.03549137046684,63.54079226970855,4.087119773914281,-12.967455502019329,7.697573785515731,-194.552008657469
234.04806142548966,63.53232356084496,4.087439291175804,-12.962765533184156,7.697087756506165,-194.55166039844502
234.06062436536556,63.52385385188573,4.087759166989366,-12.958076520655478,7.69659851715486,-194.55124308219905
234.0731801901131,63.51538314206803,4.088079402770691,-12.953388468280558,7.696106069877949,-194.55075739323098
234.08572889974914,63.50691143063014,4.0883999999355005,-12.94870137990452,7.695610417093873,-194.55020401603971
234.0982704942896,63.49843871681114,4.088720959899518,-12.944015259370225,7.695111561223571,-194.54958363512512
234.11080497374851,63.48996499985124,4.089042284078464,-12.939330110518407,7.694609504690232,-194.54889693498615
234.1233323381388,63.481490278991615,4.089363973888061,-12.93464593718756,7.694104249919516,-194.54814460012247
234.13585258747173,63.47301455347446,4.089686030744033,-12.929962743214032,7.6935957993393735,-194.5473273150333
234.14836572175747,63.46453782254279,4.090008456062099,-12.925280532431932,7.6930841553801965,-194.5464457642181
234.1608717410046,63.45606008544077,4.090331251257985,-12.920599308673209,7.69256932047468,-194.5455006321761
234.17337064522044,63.44758134141351,4.090654417747411,-12.915919075767588,7.6920512970579225,-194.5444926034069
234.18586243441086,63.43910158970706,4.0909779569461,-12.911239837542615,7.6915300875673545,-194.54342236240993
234.19834710858026,63.43062082956851,4.091301870269773,-12.906561597823671,7.691005694442728,-194.54229059368433
234.21082466773188,63.42213906024581,4.091626159134154,-12.901884360433899,7.690478120126196,-194.54109798172945
234.22329511186766,63.413656280988,4.0919508249549645,-12.89720812919425,7.689947367062249,-194.53984521104505
234.2357584409879,63.40517249104506,4.092275869147926,-12.892532907923506,7.689413437697685,-194.53853296613025
234.24821465509157,63.39668768966796,4.092601293128763,-12.887858700438267,7.688876334481623,-194.53716193148443
234.26066375417668,63.388201876108546,4.0929270983131945,-12.883185510552893,7.6883360598656,-194.53573279160702
234.2731057382396,63.37971504961974,4.093253286116946,-12.878513342079563,7.6877926163033985,-194.53424623099755
234.28554060727527,63.37122720945542,4.093579857955737,-12.873842198828306,7.687246006251147,-194.532702934155
234.2979683612776,63.36273835487039,4.093906815245291,-12.869172084606905,7.686696232167318,-194.53110358557916
234.31038900023898,63.35424848512049,4.0942341594013305,-12.864503003220968,7.686143296512653,-194.5294488697693
234.32280252415063,63.3457575994624,4.094561891839579,-12.859834958473892,7.68558720175027,-194.52773947122463
234.3352089330024,63.337265697153875,4.094890013975755,-12.855167954166909,7.6850279503455585,-194.5259760744449
234.34760822678274,63.3287727774536,4.095218527225584,-12.850501994099039,7.684465544766217,-194.5241593639291
234.36000040547887,63.32027883962127,4.0955474330047865,-12.845837082067119,7.683899987482235,-194.52229002417684
234.37238546907682,63.31178388291738,4.095876732729088,-12.841173221865766,7.683331280965926,-194.52036873968743
234.38476341756123,63.303287906603536,4.096206427814205,-12.836510417287434,7.68275942769188,-194.51839619496025
234.3971342509155,63.29479090994227,4.096536519675865,-12.831848672122357,7.682184430136992,-194.51637307449474
234.40949796912182,63.286292892197054,4.096867009729788,-12.82718799015858,7.6816062907804366,-194.51430006279034
234.42185457216084,63.27779385263236,4.097197899391697,-12.822528375181975,7.681025012103636,-194.5121778443462
234.4342040600123,63.269293790513466,4.097529190077313,-12.817869830976203,7.680440596590353,-194.51000710366188
234.44654643265451,63.26079270510677,4.09786088320236,-12.813212361322707,7.679853046726599,-194.50778852523666
234.45888169006463,63.25229059567954,4.098192980182557,-12.80855597000077,7.679262365000666,-194.50552279357026
234.47120983221822,63.24378746150006,4.098525482433631,-12.803900660787498,7.678668553903043,-194.50321059316155
234.48353085909025,63.23528330183741,4.0988583913713015,-12.799246437457715,7.678071615926613,-194.50085260851037
234.4958447706538,63.22677811596177,4.099191708411291,-12.794593303784163,7.67747155356641,-194.4984495241158
234.50815156688117,63.218271903144206,4.099525434969321,-12.789941263537306,7.676868369319774,-194.49600202447732
234.52045124774318,63.209764662656745,4.099859572461114,-12.78529032048546,7.6762620656862826,-194.4935107940944
234.5327438132094,63.20125639377238,4.100194122302394,-12.780640478394735,7.6756526451677365,-194.49097651746618
234.54502926324852,63.19274709576491,4.1005290859088825,-12.775991741029031,7.67504011026824,-194.48839987909219
234.55730759782782,63.18423676790921,4.100864464696301,-12.77134411215005,7.674424463494115,-194.48578156347205
234.56957881691324,63.17572540948109,4.101200260080373,-12.766697595517352,7.673805707353891,-194.48312225510483
234.5818429204696,63.167213019757284,4.101536473476817,-12.762052194888257,7.673183844358336,-194.4804226384899
234.59409990846078,63.15869959801536,4.10187310630136,-12.757407914017884,7.672558877020509,-194.47768339812689
234.60634978084911,63.15018514353391,4.102210159969722,-12.752764756659193,7.6719308078556026,-194.47490521851506
234.61859253759596,63.14166965559251,4.1025476358976265,-12.748122726562938,7.671299639381099,-194.47208878415364
234.63082817866152,63.133153133471545,4.102885535500794,-12.743481827477657,7.670665374116666,-194.46923477954238
234.6430567040046,63.124635576452484,4.103223860194946,-12.738842063149736,7.670028014584192,-194.46634388918034
234.65527811358317,63.11611698381752,4.10356261139581,-12.73420343732333,7.669387563307774,-194.46341679756705
234.6674924073538,63.10759735484993,4.103901790519102,-12.729565953740416,7.668744022813725,-194.46045418920176
234.67969958527195,63.099076688833875,4.104241398980547,-12.724929616140802,7.668097395630546,-194.457456748584
234.69189964729185,63.090554985054496,4.1045814381958685,-12.720294428262084,7.667447684288913,-194.45442516021296
234.704092593367,63.082032242797695,4.104921909580787,-12.715660393839615,7.666794891321788,-194.45136010858846
234.71627842344918,63.073508461350436,4.105262814551025,-12.711027516606652,7.666139019264209,-194.44826227820943
234.7284571374894,63.06498364000059,4.105604154522303,-12.706395800294192,7.665480070653469,-194.4451323535754
234.74062873543747,63.05645777803692,4.105945930910347,-12.701765248631064,7.664818048029019,-194.44197101918581
234.75279321724193,63.047930874749156,4.106288145130877,-12.69713586534392,7.664152953932492,-194.43877895954006
234.76495058285047,63.03940292942781,4.106630798599617,-12.692507654157176,7.663484790907701,-194.43555685913722
234.77710083220947,63.03087394136445,4.106973892732285,-12.687880618793104,7.6628135615006325,-194.4323054024771
234.78924396526435,63.022343909851486,4.107317428944608,-12.683254762971734,7.6621392682594465,-194.4290252740591
234.801379981959,63.01381283418233,4.107661408652307,-12.678630090410998,7.661461913734399,-194.4257171583821
234.81350888223693,63.00528071365114,4.108005833271102,-12.67400660482651,7.660781500478029,-194.42238173994605
234.82563066603998,62.996747547553134,4.108350704216719,-12.669384309931797,7.660098031044912,-194.41901970324997
234.83774533330913,62.98821333518437,4.108696022904876,-12.664763209438153,7.65941150799185,-194.41563173279334
234.84985288398414,62.979678075841825,4.1090417907512995,-12.660143307054687,7.658721933877739,-194.41221851307571
234.86195331800388,62.97114176882347,4.10938800917171,-12.655524606488326,7.658029311263662,-194.40878072859624
234.87404663530603,62.96260441342794,4.109734679581827,-12.650907111443805,7.657333642712823,-194.40531906385442
234.88613283582725,62.95406600895503,4.1100818033973745,-12.646290825623662,7.65663493079056,-194.40183420334958
234.89821191950307,62.94552655470528,4.110429382034079,-12.641675752728242,7.655933178064334,-194.39832683158116
234.91028388626785,62.936986049980284,4.1107774169076565,-12.63706189645576,7.655228387103732,-194.39479763304834
234.92234873605534,62.92844449408231,4.111125909433833,-12.632449260502142,7.654520560480522,-194.39124729225085
234.93440646879785,62.91990188631468,4.11147486102833,-12.627837848561184,7.653809700768516,-194.38767649368805
234.94645708442658,62.91135822598162,4.111824273106869,-12.623227664324528,7.653095810543657,-194.38408592185897
234.95850058287203,62.902813512388185,4.112174147085172,-12.618618711481567,7.652378892384034,-194.3804762612632
234.9705369640634,62.894267744840384,4.112524484378963,-12.614010993719537,7.651658948869812,-194.37684819640035
234.982566227929,62.885720922645,4.112875286403963,-12.60940451472349,7.650935982583276,-194.37320241176937
234.994588374396,62.87717304510982,4.113226554575895,-12.604799278176282,7.650209996108794,-194.36953959186994
235.00660340339064,62.86862411154352,4.113578290310479,-12.600195287758591,7.649480992032856,-194.3658604212013
235.01861131483813,62.86007412125564,4.113930495023442,-12.59559254714889,7.648748972944015,-194.362165584263
235.03061210866267,62.85152307355652,4.114283170130499,-12.590991060023509,7.648013941432934,-194.35845576555437
235.04260578478738,62.84297096775751,4.1146363170473785,-12.586390830056558,7.647275900092341,-194.35473164957452
235.05459234313454,62.83441780317077,4.114989937189802,-12.58179186091996,7.646534851517059,-194.3509939208233
235.06657178362525,62.8258635791094,4.115344031973489,-12.57719415628349,7.6457907983039775,-194.34724326379967
235.07854410617972,62.81730829488738,4.115698602814164,-12.572597719814704,7.645043743052069,-194.34348036300338
235.09050931071712,62.808751949819424,4.116053651127549,-12.568002555178994,7.644293688362346,-194.33970590293353
235.1024673971558,62.8001945432213,4.116409178329365,-12.56340866603955,7.643540636837935,-194.33592056808965
235.11441836541292,62.79163607440958,4.116765185835335,-12.55881605605741,7.642784591083972,-194.3321250429711
235.12636221540467,62.783076542701764,4.117121675061181,-12.55422472889142,7.642025553707666,-194.3283200120773
235.13829894704645,62.77451594741608,4.117478647422626,-12.54963468819823,7.641263527318282,-194.32450615990743
235.15022856025263,62.765954287871786,4.1178361043353915,-12.545045937632313,7.640498514527145,-194.32068417096104
235.16215105493657,62.75739156338894,4.1181940472152005,-12.54045848084597,7.63973051794761,-194.31685472973766
235.1740664310107,62.74882777328848,4.118552477477774,-12.535872321489325,7.638959540195052,-194.3130185207364
235.18597468838632,62.74026291689227,4.118911396538835,-12.531287463210335,7.638185583886894,-194.30917622845672
235.19787582697424,62.731696993522874,4.119270805814106,-12.526703909654726,7.637408651642641,-194.30532853739803
235.20976984668397,62.723130002503886,4.119630706719311,-12.52212166446608,7.636628746083758,-194.3014761320599
235.2216567474241,62.7145619431597,4.119991100670168,-12.517540731285829,7.635845869833762,-194.29761969694147
235.2335365291024,62.70599281481557,4.120351989082403,-12.512961113753184,7.635060025518182,-194.29375991654211
235.24540919162553,62.697422616797695,4.120713373371735,-12.50838281550521,7.634271215764551,-194.28989747536133
235.25727473489965,62.68885134843293,4.121075254953888,-12.503805840176744,7.633479443202479,-194.28603305789855
235.2691331588295,62.680279009049165,4.121437635244586,-12.499230191400514,7.632684710463485,-194.28216734865308
235.28098446331924,62.67170559797513,4.121800515659549,-12.494655872807026,7.63188702018118,-194.27830103212426
235.2928286482718,62.663131114540384,4.122163897614499,-12.490082888024652,7.631086374991083,-194.2744347928114
235.3046657135897,62.654555558075245,4.12252778252516,-12.485511240679518,7.630282777530816,-194.27056931521417
