galstreams/tracks/track.st.GD-1.pricewhelan2018.ecsv
# %ECSV 0.9
# ---
# datatype:
# - {name: ra, unit: deg, datatype: float64}
# - {name: dec, unit: deg, datatype: float64}
# - {name: distance, unit: kpc, datatype: float64}
# - {name: pm_ra_cosdec, unit: mas / yr, datatype: float64}
# - {name: pm_dec, unit: mas / yr, datatype: float64}
# - {name: radial_velocity, unit: km / s, datatype: float64}
# delimiter: ','
# meta: !!omap
# - __serialized_columns__:
#     dec:
#       __class__: astropy.coordinates.angles.Latitude
#       unit: &id001 !astropy.units.Unit {unit: deg}
#       value: !astropy.table.SerializedColumn {name: dec}
#     distance:
#       __class__: astropy.coordinates.distances.Distance
#       unit: !astropy.units.Unit {unit: kpc}
#       value: !astropy.table.SerializedColumn {name: distance}
#     pm_dec:
#       __class__: astropy.units.quantity.Quantity
#       unit: !astropy.units.Unit {unit: mas / yr}
#       value: !astropy.table.SerializedColumn {name: pm_dec}
#     pm_ra_cosdec:
#       __class__: astropy.units.quantity.Quantity
#       unit: !astropy.units.Unit {unit: mas / yr}
#       value: !astropy.table.SerializedColumn {name: pm_ra_cosdec}
#     ra:
#       __class__: astropy.coordinates.angles.Longitude
#       unit: *id001
#       value: !astropy.table.SerializedColumn {name: ra}
#       wrap_angle: !astropy.coordinates.Angle
#         unit: *id001
#         value: 360.0
#     radial_velocity:
#       __class__: astropy.units.quantity.Quantity
#       unit: !astropy.units.Unit {unit: km / s}
#       value: !astropy.table.SerializedColumn {name: radial_velocity}
# schema: astropy-2.0
ra,dec,distance,pm_ra_cosdec,pm_dec,radial_velocity
[from data line 5471]
152.7101599646716,40.03685246939996,8.244063328133945,-5.934709560061016,-11.761661694461624,-4.368693986977769e-11
152.71850643643987,40.04454556007872,8.244563367568723,-5.9355871872486805,-11.760550272535072,-4.358589066421922e-11
152.72685505754364,40.05223788096563,8.245063407003501,-5.936464794392402,-11.759438121847241,-4.358589066421922e-11
152.7352058288326,40.05992943168625,8.245563446438277,-5.9373423815220665,-11.758325242416046,-4.3518524527180244e-11
152.74355875115677,40.06762021186615,8.246063485873055,-5.9382199486675455,-11.757211634259402,-4.3518524527180244e-11
152.75191382536644,40.07531022113065,8.246563525307833,-5.939097495858682,-11.756097297395286,-4.3518524527180244e-11
152.76027105231196,40.082999459104826,8.247063564742607,-5.939975023125262,-11.75498223184169,-4.358589066421922e-11
152.76863043284405,40.09068792541369,8.247563604177387,-5.940852530497043,-11.753866437616612,-4.361957373273871e-11
152.77699196781347,40.09837561968186,8.248063643612165,-5.941730018003748,-11.752749914738104,-4.36532568012582e-11
152.78535565807132,40.10606254153399,8.248563683046942,-5.942607485675053,-11.751632663224232,-4.358589066421922e-11
152.793721504469,40.11374869059447,8.249063722481718,-5.943484933540626,-11.75051468309309,-4.358589066421922e-11
152.8020895078578,40.12143406648742,8.249563761916495,-5.944362361630051,-11.749395974362809,-4.3518524527180244e-11
152.8104596690896,40.12911866883691,8.250063801351272,-5.945239769972913,-11.748276537051513,-4.36532568012582e-11
152.81883198901613,40.136802497266665,8.250563840786048,-5.9461171585987325,-11.747156371177406,-4.358589066421922e-11
152.8272064684897,40.144485551400344,8.251063880220826,-5.94699452753701,-11.746035476758667,-4.358589066421922e-11
152.83558310836253,40.15216783086145,8.251563919655602,-5.94787187681721,-11.744913853813532,-4.372062293829718e-11
152.84396190948718,40.15984933527312,8.252063959090382,-5.948749206468735,-11.743791502360255,-4.375430600681667e-11
152.85234287271643,40.16753006425847,8.252563998525158,-5.949626516520975,-11.742668422417125,-4.3821672143855645e-11
152.86072599890323,40.17521001744039,8.253064037959938,-5.950503807003269,-11.741544614002432,-4.361957373273871e-11
152.86911128890074,40.18288919444151,8.253564077394714,-5.95138107794492,-11.740420077134537,-4.368693986977769e-11
152.87749874356243,40.190567594884406,8.254064116829491,-5.952258329375198,-11.73929481183178,-4.372062293829718e-11
152.88588836374174,40.19824521839126,8.25456415626427,-5.953135561323313,-11.738168818112564,-4.372062293829718e-11
152.89428015029256,40.205922064584264,8.255064195699044,-5.954012773818458,-11.737042095995296,-4.361957373273871e-11
152.90267410406898,40.21359813308541,8.255564235133821,-5.954889966889791,-11.735914645498413,-4.372062293829718e-11
152.9110702259251,40.22127342351632,8.256064274568601,-5.955767140566403,-11.734786466640394,-4.378798907533616e-11
152.91946851671545,40.22894793549864,8.256564314003379,-5.956644294877378,-11.733657559439731,-4.36532568012582e-11
152.92786897729454,40.23662166865365,8.257064353438153,-5.9575214298517265,-11.732527923914951,-4.375430600681667e-11
152.93627160851733,40.244294622602574,8.257564392872933,-5.958398545518452,-11.731397560084595,-4.368693986977769e-11
152.9446764112389,40.251966796966435,8.25806443230771,-5.959275641906505,-11.730266467967239,-4.385535521237514e-11
152.9530833863144,40.259638191365944,8.258564471742488,-5.960152719044782,-11.729134647581493,-4.378798907533616e-11
152.96149253459942,40.26730880542176,8.259064511177264,-5.96102977696217,-11.728002098945979,-4.378798907533616e-11
152.96990385694963,40.274978638754334,8.259564550612042,-5.961906815687488,-11.726868822079357,-4.3922721349414115e-11
152.9783173542208,40.28264769098381,8.26006459004682,-5.962783835249519,-11.725734817000312,-4.372062293829718e-11
152.98673302726925,40.29031596173034,8.260564629481596,-5.963660835677032,-11.724600083727548,-4.385535521237514e-11
152.99515087695107,40.29798345061365,8.261064668916376,-5.964537816998716,-11.723464622279804,-4.372062293829718e-11
153.00357090412294,40.30565015725351,8.26156470835115,-5.965414779243256,-11.722328432675846,-4.3821672143855645e-11
153.01199310964148,40.31331608126932,8.26206474778593,-5.966291722439259,-11.721191514934457,-4.3821672143855645e-11
153.02041749436367,40.32098122228038,8.262564787220706,-5.967168646615329,-11.720053869074466,-4.388903828089463e-11
153.02884405914665,40.32864557990585,8.263064826655485,-5.968045551800008,-11.718915495114704,-4.3821672143855645e-11
153.03727280484773,40.33630915376453,8.263564866090261,-5.968922438021794,-11.71777639307405,-4.385535521237514e-11
153.0457037323245,40.343971943475175,8.264064905525037,-5.969799305309155,-11.716636562971402,-4.375430600681667e-11
153.05413684243476,40.35163394865638,8.264564944959817,-5.970676153690516,-11.71549600482567,-4.378798907533616e-11
153.06257213603635,40.359295168926366,8.265064984394593,-5.971552983194247,-11.71435471865583,-4.3821672143855645e-11
153.07100961398757,40.366955603903335,8.265565023829371,-5.972429793848696,-11.713212704480837,-4.385535521237514e-11
153.07944927714678,40.37461525320528,8.26606506326415,-5.9733065856821606,-11.712069962319703,-4.36532568012582e-11
153.08789112637248,40.382274116449885,8.266565102698928,-5.97418335872289,-11.710926492191465,-4.3821672143855645e-11
153.0963351625236,40.3899321932548,8.267065142133706,-5.975060112999103,-11.709782294115168,-4.378798907533616e-11
153.10478138645902,40.39758948323732,8.267565181568482,-5.97593684853897,-11.708637368109917,-4.378798907533616e-11
153.113229799038,40.40524598601474,8.268065221003258,-5.97681356537062,-11.707491714194813,-4.385535521237514e-11
153.12168040111996,40.412901701203964,8.268565260438038,-5.9776902635221365,-11.706345332388995,-4.378798907533616e-11
153.13013319356443,40.420556628421856,8.269065299872814,-5.978566943021566,-11.705198222711632,-4.378798907533616e-11
153.1385881772314,40.42821076728509,8.269565339307594,-5.979443603896915,-11.704050385181908,-4.3922721349414115e-11
153.1470453529807,40.435864117409984,8.270065378742371,-5.980320246176133,-11.702901819819054,-4.3821672143855645e-11
153.1555047216727,40.44351667841285,8.270565418177148,-5.981196869887144,-11.701752526642316,-4.385535521237514e-11
153.16396628416783,40.45116844990975,8.271065457611925,-5.982073475057823,-11.700602505670957,-4.378798907533616e-11
153.17243004132663,40.45881943151649,8.271565497046703,-5.982950061715988,-11.69945175692429,-4.388903828089463e-11
153.1808959940101,40.466469622848805,8.272065536481481,-5.983826629889445,-11.698300280421629,-4.385535521237514e-11
153.18936414307913,40.474119023522086,8.272565575916257,-5.984703179605921,-11.697148076182344,-4.388903828089463e-11
153.19783448939504,40.48176763315168,8.273065615351037,-5.985579710893115,-11.695995144225805,-4.385535521237514e-11
153.20630703381937,40.48941545135269,8.273565654785813,-5.986456223778709,-11.694841484571423,-4.385535521237514e-11
153.21478177721363,40.49706247773996,8.274065694220592,-5.9873327182902845,-11.693687097238634,-4.388903828089463e-11
153.22325872043984,40.50470871192828,8.27456573365537,-5.988209194455435,-11.692531982246898,-4.399008748645309e-11
153.23173786435993,40.51235415353208,8.275065773090148,-5.989085652301667,-11.69137613961571,-4.3821672143855645e-11
153.24021920983625,40.51999880216574,8.275565812524926,-5.98996209185647,-11.69021956936458,-4.385535521237514e-11
153.24870275773137,40.52764265744344,8.2760658519597,-5.990838513147297,-11.689062271513047,-4.378798907533616e-11
153.25718850890777,40.53528571897903,8.276565891394482,-5.991714916201504,-11.687904246080686,-4.3922721349414115e-11
153.26567646422845,40.542927986386324,8.277065930829258,-5.992591301046472,-11.686745493087104,-4.3922721349414115e-11
153.27416662455653,40.550569459278904,8.277565970264039,-5.993467667709495,-11.685586012551902,-4.3956404417933607e-11
153.2826589907552,40.55821013727008,8.278066009698815,-5.994344016217824,-11.68442580449475,-4.399008748645309e-11
153.29115356368806,40.56585001997309,8.278566049133591,-5.995220346598694,-11.683264868935321,-4.3922721349414115e-11
153.2996503442187,40.57348910700084,8.279066088568369,-5.996096658879242,-11.682103205893322,-4.3821672143855645e-11
153.30814933321105,40.58112739796618,8.279566128003147,-5.996972953086619,-11.680940815388478,-4.4023770554972584e-11
153.31665053152926,40.588764892481734,8.280066167437925,-5.9978492292478975,-11.67977769744055,-4.375430600681667e-11
153.32515394003758,40.59640159015984,8.2805662068727,-5.998725487390109,-11.678613852069333,-4.378798907533616e-11
153.33365955960056,40.60403749061281,8.281066246307478,-5.999601727540242,-11.67744927929462,-4.3922721349414115e-11
153.34216739108282,40.61167259345258,8.281566285742256,-6.000477949725233,-11.676283979136272,-4.4023770554972584e-11
153.35067743534933,40.61930689829099,8.282066325177036,-6.001354153971988,-11.675117951614148,-4.3922721349414115e-11
153.35918969326522,40.62694040473976,8.282566364611814,-6.002230340307364,-11.673951196748138,-4.3922721349414115e-11
153.3677041656957,40.634573112410244,8.283066404046592,-6.003106508758149,-11.672783714558165,-4.388903828089463e-11
153.37622085350637,40.64220502091371,8.283566443481371,-6.003982659351114,-11.671615505064189,-4.3821672143855645e-11
153.38473975756293,40.649836129861306,8.284066482916147,-6.004858792112971,-11.670446568286165,-4.3922721349414115e-11
153.39326087873124,40.657466438863786,8.284566522350925,-6.005734907070388,-11.669276904244112,-4.3956404417933607e-11
153.40178421787746,40.665095947531924,8.285066561785705,-6.006611004249982,-11.66810651295805,-4.3956404417933607e-11
153.41030977586783,40.67272465547609,8.28556660122048,-6.007487083678322,-11.666935394448046,-4.399008748645309e-11
153.41883755356892,40.68035256230665,8.286066640655259,-6.00836314538194,-11.665763548734175,-4.385535521237514e-11
153.4273675518475,40.687979667633726,8.286566680090038,-6.009239189387326,-11.664590975836546,-4.388903828089463e-11
153.43589977157035,40.69560597106714,8.287066719524816,-6.010115215720898,-11.663417675775303,-4.3922721349414115e-11
153.44443421360467,40.703231472216665,8.287566758959594,-6.0109912244090555,-11.662243648570612,-4.3922721349414115e-11
153.45297087881772,40.710856170691756,8.28806679839437,-6.011867215478124,-11.66106889424266,-4.388903828089463e-11
153.46150976807704,40.71848006610177,8.28856683782915,-6.012743188954402,-11.65989341281167,-4.3922721349414115e-11
153.47005088225035,40.72610315805587,8.289066877263927,-6.013619144864133,-11.658717204297886,-4.3922721349414115e-11
153.4785942222055,40.73372544616293,8.289566916698703,-6.0144950832335216,-11.657540268721593,-4.3956404417933607e-11
153.48713978881062,40.74134693003169,8.290066956133483,-6.015371004088701,-11.656362606103073,-4.3922721349414115e-11
153.49568758293407,40.748967609270785,8.29056699556826,-6.016246907455787,-11.655184216462668,-4.399008748645309e-11
153.50423760544427,40.75658748348846,8.291067035003039,-6.017122793360825,-11.65400509982073,-4.399008748645309e-11
153.51278985721,40.764206552292954,8.291567074437815,-6.017998661829829,-11.652825256197637,-4.399008748645309e-11
153.52134433910004,40.77182481529214,8.292067113872594,-6.018874512888736,-11.651644685613812,-4.3821672143855645e-11
153.52990105198364,40.77944227209392,8.292567153307374,-6.019750346563483,-11.650463388089673,-4.3956404417933607e-11
153.53845999672998,40.787058922305725,8.293067192742152,-6.020626162879903,-11.649281363645695,-4.399008748645309e-11
153.5470211742086,40.79467476553503,8.29356723217693,-6.021501961863821,-11.648098612302375,-4.399008748645309e-11
153.55558458528918,40.80228980138902,8.294067271611707,-6.022377743541007,-11.64691513408022,-4.3956404417933607e-11
153.5641502308416,40.80990402947464,8.294567311046483,-6.02325350793716,-11.645730928999786,-4.3922721349414115e-11
153.57271811173595,40.817517449398714,8.295067350481263,-6.024129255077953,-11.644545997081643,-4.399008748645309e-11
153.58128822884254,40.82513006076788,8.295567389916041,-6.0250049849890095,-11.643360338346385,-4.4057453623492076e-11
153.58986058303176,40.832741863188495,8.29606742935082,-6.025880697695878,-11.642173952814645,-4.4057453623492076e-11
153.59843517517436,40.840352856266776,8.296567468785598,-6.026756393224089,-11.640986840507084,-4.399008748645309e-11
153.60701200614122,40.8479630396088,8.297067508220378,-6.02763207159911,-11.639799001444372,-4.3922721349414115e-11
153.61559107680333,40.85557241282033,8.297567547655154,-6.028507732846356,-11.638610435647236,-4.399008748645309e-11
153.62417238803206,40.863180975507056,8.298067587089934,-6.029383376991202,-11.637421143136393,-4.4057453623492076e-11
153.63275594069876,40.87078872727432,8.298567626524711,-6.030259004058953,-11.636231123932621,-4.4057453623492076e-11
153.64134173567516,40.87839566772747,8.29906766595949,-6.031134614074896,-11.635040378056708,-4.399008748645309e-11
153.64992977383307,40.886001796471454,8.299567705394267,-6.032010207064237,-11.633848905529472,-4.409113669201156e-11
153.6585200560445,40.89360711311115,8.300067744829043,-6.032885783052144,-11.632656706371764,-4.3956404417933607e-11
153.6671125831818,40.90121161725128,8.300567784263823,-6.033761342063748,-11.63146378060445,-4.3922721349414115e-11
153.6757073561173,40.90881530849621,8.3010678236986,-6.034636884124107,-11.63027012824844,-4.4023770554972584e-11
153.68430437572366,40.91641818645023,8.30156786313338,-6.035512409258239,-11.62907574932466,-4.4057453623492076e-11
153.69290364287374,40.92402025071745,8.302067902568156,-6.0363879174911155,-11.627880643854063,-4.4023770554972584e-11
153.7015051584405,40.931621500901684,8.302567942002936,-6.037263408847642,-11.62668481185763,-4.4057453623492076e-11
153.7101089232972,40.939221936606664,8.303067981437717,-6.038138883352692,-11.62548825335637,-4.4057453623492076e-11
153.71871493831722,40.94682155743579,8.303568020872493,-6.0390143410310815,-11.62429096837134,-4.409113669201156e-11
153.72732320437416,40.95442036299241,8.304068060307271,-6.039889781907565,-11.623092956923589,-4.4023770554972584e-11
153.73593372234183,40.96201835287962,8.304568099742047,-6.040765206006859,-11.621894219034216,-4.3922721349414115e-11
153.7445464930942,40.969615526700245,8.305068139176825,-6.041640613353616,-11.62069475472434,-4.4023770554972584e-11
153.7531615175055,40.97721188405706,8.305568178611606,-6.042516003972458,-11.6194945640151,-4.399008748645309e-11
153.76177879645,40.984807424552486,8.306068218046386,-6.043391377887922,-11.618293646927686,-4.3956404417933607e-11
153.77039833080232,40.99240214778886,8.306568257481162,-6.044266735124524,-11.6170920034833,-4.3956404417933607e-11
153.7790201214373,40.99999605336834,8.307068296915942,-6.045142075706722,-11.615889633703162,-4.409113669201156e-11
153.78764416922974,41.007589140892755,8.30756833635072,-6.046017399658905,-11.614686537608542,-4.4057453623492076e-11
153.79627047505485,41.01518140996382,8.308068375785497,-6.046892707005414,-11.61348271522072,-4.4057453623492076e-11
153.80489903978807,41.02277286018315,8.308568415220277,-6.047767997770574,-11.612278166561007,-4.399008748645309e-11
153.81352986430474,41.03036349115196,8.309068454655055,-6.048643271978599,-11.611072891650746,-4.4057453623492076e-11
153.82216294948077,41.037953302471436,8.309568494089831,-6.049518529653695,-11.60986689051131,-4.399008748645309e-11
153.83079829619192,41.04554229374244,8.31006853352461,-6.050393770819988,-11.608660163164082,-4.4023770554972584e-11
153.8394359053143,41.05313046456576,8.31056857295939,-6.051268995501571,-11.607452709630499,-4.4023770554972584e-11
153.84807577772438,41.060717814541924,8.311068612394168,-6.052144203722482,-11.606244529932006,-4.399008748645309e-11
153.85671791429843,41.06830434327124,8.311568651828946,-6.053019395506688,-11.605035624090085,-4.409113669201156e-11
