galstreams/tracks/track.st.Pal5.starkman2020.ecsv
# %ECSV 0.9
# ---
# datatype:
# - {name: ra, unit: deg, datatype: float64}
# - {name: dec, unit: deg, datatype: float64}
# - {name: distance, unit: kpc, datatype: float64}
# - {name: pm_ra_cosdec, unit: mas / yr, datatype: float64}
# - {name: pm_dec, unit: mas / yr, datatype: float64}
# - {name: radial_velocity, unit: km / s, datatype: float64}
# delimiter: ','
# meta: !!omap
# - __serialized_columns__:
#     dec:
#       __class__: astropy.coordinates.angles.Latitude
#       unit: &id001 !astropy.units.Unit {unit: deg}
#       value: !astropy.table.SerializedColumn {name: dec}
#     distance:
#       __class__: astropy.coordinates.distances.Distance
#       unit: !astropy.units.Unit {unit: kpc}
#       value: !astropy.table.SerializedColumn {name: distance}
#     pm_dec:
#       __class__: astropy.units.quantity.Quantity
#       unit: !astropy.units.Unit {unit: mas / yr}
#       value: !astropy.table.SerializedColumn {name: pm_dec}
#     pm_ra_cosdec:
#       __class__: astropy.units.quantity.Quantity
#       unit: !astropy.units.Unit {unit: mas / yr}
#       value: !astropy.table.SerializedColumn {name: pm_ra_cosdec}
#     ra:
#       __class__: astropy.coordinates.angles.Longitude
#       unit: *id001
#       value: !astropy.table.SerializedColumn {name: ra}
#       wrap_angle: !astropy.coordinates.Angle
#         unit: *id001
#         value: 360.0
#     radial_velocity:
#       __class__: astropy.units.quantity.Quantity
#       unit: !astropy.units.Unit {unit: km / s}
#       value: !astropy.table.SerializedColumn {name: radial_velocity}
# schema: astropy-2.0
ra,dec,distance,pm_ra_cosdec,pm_dec,radial_velocity
[from data line 1705]
225.4114536531406,-3.668915725758983,22.499999999999986,0.0,0.0,-0.0
225.40489691116377,-3.676614417956926,22.49999999999999,0.0,0.0,-0.0
225.39834288324298,-3.6843162405700376,22.499999999999982,0.0,0.0,-0.0
225.39179156964036,-3.69202119409006,22.499999999999982,0.0,0.0,-0.0
225.3852429706182,-3.6997292790089027,22.499999999999986,0.0,0.0,-0.0
225.37869708643896,-3.707440495818648,22.499999999999982,0.0,0.0,-0.0
225.37215391736524,-3.7151548450115306,22.499999999999986,0.0,0.0,-0.0
225.36561346365977,-3.7228723270799664,22.499999999999986,0.0,0.0,-0.0
225.35907572558546,-3.730592942516536,22.49999999999998,0.0,0.0,-0.0
225.35254070340525,-3.73831669181398,22.499999999999986,0.0,0.0,-0.0
225.34600839738246,-3.746043575465215,22.499999999999982,0.0,0.0,-0.0
225.3394788077803,-3.7537735939633117,22.499999999999986,0.0,0.0,-0.0
225.33295193486234,-3.7615067478015183,22.499999999999982,0.0,0.0,-0.0
225.3264277788922,-3.7692430374732395,22.499999999999982,0.0,0.0,-0.0
225.3199063401336,-3.776982463472053,22.499999999999986,0.0,0.0,-0.0
225.3133876188505,-3.784725026291697,22.499999999999982,0.0,0.0,-0.0
225.30687161530705,-3.792470726426077,22.499999999999986,0.0,0.0,-0.0
225.30035832976745,-3.800219564369257,22.499999999999986,0.0,0.0,-0.0
225.29384776249606,-3.807971540615474,22.499999999999982,0.0,0.0,-0.0
225.28733991375745,-3.8157266556591236,22.499999999999986,0.0,0.0,-0.0
225.28083478381637,-3.823484909994768,22.499999999999986,0.0,0.0,-0.0
225.27433237293764,-3.831246304117133,22.499999999999986,0.0,0.0,-0.0
225.26783268138627,-3.839010838521103,22.499999999999982,0.0,0.0,-0.0
225.26133570942744,-3.846778513701731,22.499999999999986,0.0,0.0,-0.0
225.2548414573265,-3.854549330154231,22.499999999999986,0.0,0.0,-0.0
225.24834992534895,-3.862323288373979,22.499999999999982,0.0,0.0,-0.0
225.2418611137604,-3.8701003888565184,22.499999999999982,0.0,0.0,-0.0
225.23537502282667,-3.877880632097544,22.499999999999982,0.0,0.0,-0.0
225.22889165281376,-3.885664018592922,22.499999999999986,0.0,0.0,-0.0
225.2224110039878,-3.893450548838676,22.499999999999986,0.0,0.0,-0.0
225.215933076615,-3.901240223330992,22.499999999999986,0.0,0.0,-0.0
225.2094578709619,-3.9090330425662216,22.499999999999986,0.0,0.0,-0.0
225.2029853872951,-3.916829007040868,22.499999999999982,0.0,0.0,-0.0
225.19651562588137,-3.9246281172515975,22.499999999999986,0.0,0.0,-0.0
225.19004858698764,-3.932430373695246,22.499999999999982,0.0,0.0,-0.0
225.18358427088108,-3.9402357768687972,22.499999999999982,0.0,0.0,-0.0
225.17712267782892,-3.9480443272694026,22.499999999999986,0.0,0.0,-0.0
225.17066380809857,-3.955856025394374,22.499999999999982,0.0,0.0,-0.0
225.16420766195773,-3.963670871741172,22.499999999999986,0.0,0.0,-0.0
225.1577542396741,-3.971488866807428,22.499999999999986,0.0,0.0,-0.0
225.15130354151563,-3.9793100110909276,22.499999999999982,0.0,0.0,-0.0
225.1448555677505,-3.987134305089614,22.499999999999986,0.0,0.0,-0.0
225.13841031864695,-3.994961749301595,22.499999999999986,0.0,0.0,-0.0
225.1319677944734,-4.002792344225124,22.499999999999986,0.0,0.0,-0.0
225.12552799549852,-4.010626090358626,22.499999999999982,0.0,0.0,-0.0
225.1190909219911,-4.018462988200672,22.499999999999986,0.0,0.0,-0.0
225.1126565742201,-4.026303038250002,22.499999999999986,0.0,0.0,-0.0
225.10622495245468,-4.034146241005501,22.499999999999982,0.0,0.0,-0.0
225.09979605696415,-4.041992596966222,22.49999999999999,0.0,0.0,-0.0
225.09336988801797,-4.049842106631366,22.499999999999982,0.0,0.0,-0.0
225.08694644588584,-4.057694770500292,22.499999999999986,0.0,0.0,-0.0
225.0805257308376,-4.065550589072516,22.499999999999986,0.0,0.0,-0.0
225.07410774314323,-4.073409562847715,22.499999999999986,0.0,0.0,-0.0
225.06769248307296,-4.081271692325719,22.499999999999986,0.0,0.0,-0.0
225.06127995089713,-4.089136978006502,22.499999999999986,0.0,0.0,-0.0
225.05487014688634,-4.097005420390206,22.499999999999986,0.0,0.0,-0.0
225.0484630713113,-4.104877019977127,22.499999999999986,0.0,0.0,-0.0
225.04205872444288,-4.112751777267711,22.499999999999982,0.0,0.0,-0.0
225.03565710655224,-4.1206296927625585,22.499999999999986,0.0,0.0,-0.0
225.02925821791058,-4.1285107669624255,22.499999999999982,0.0,0.0,-0.0
225.0228620587894,-4.13639500036822,22.499999999999986,0.0,0.0,-0.0
225.0164686294603,-4.144282393481006,22.499999999999986,0.0,0.0,-0.0
225.0100779301951,-4.152172946802002,22.499999999999982,0.0,0.0,-0.0
225.00368996126585,-4.160066660832577,22.499999999999982,0.0,0.0,-0.0
224.99730472294465,-4.167963536074248,22.499999999999986,0.0,0.0,-0.0
224.99092221550396,-4.1758635730286935,22.499999999999986,0.0,0.0,-0.0
224.98454243921628,-4.183766772197737,22.499999999999982,0.0,0.0,-0.0
224.97816539435436,-4.191673134083359,22.499999999999986,0.0,0.0,-0.0
224.97179108119116,-4.199582659187689,22.499999999999986,0.0,0.0,-0.0
224.96541949999977,-4.207495348013011,22.499999999999986,0.0,0.0,-0.0
224.95905065105347,-4.215411201061753,22.499999999999986,0.0,0.0,-0.0
224.95268453462583,-4.223330218836499,22.499999999999986,0.0,0.0,-0.0
224.94632115099049,-4.231252401839985,22.499999999999986,0.0,0.0,-0.0
224.9399605004213,-4.239177750575095,22.499999999999986,0.0,0.0,-0.0
224.93360258319237,-4.247106265544865,22.499999999999986,0.0,0.0,-0.0
224.92724739957796,-4.2550379472524735,22.499999999999986,0.0,0.0,-0.0
224.92089494985254,-4.262972796201261,22.499999999999982,0.0,0.0,-0.0
224.91454523429067,-4.270910812894704,22.499999999999986,0.0,0.0,-0.0
224.90819825316728,-4.278851997836441,22.499999999999986,0.0,0.0,-0.0
224.90185400675733,-4.286796351530251,22.499999999999986,0.0,0.0,-0.0
224.8955124953361,-4.294743874480066,22.499999999999982,0.0,0.0,-0.0
224.889173719179,-4.302694567189958,22.499999999999982,0.0,0.0,-0.0
224.88283767856169,-4.310648430164155,22.499999999999982,0.0,0.0,-0.0
224.8765043737599,-4.31860546390703,22.499999999999982,0.0,0.0,-0.0
224.87017380504975,-4.326565668923104,22.49999999999999,0.0,0.0,-0.0
224.86384597270737,-4.334529045717052,22.499999999999986,0.0,0.0,-0.0
224.85752087700925,-4.342495594793677,22.499999999999986,0.0,0.0,-0.0
224.85119851823197,-4.350465316657951,22.499999999999982,0.0,0.0,-0.0
224.84487889665235,-4.358438211814974,22.499999999999986,0.0,0.0,-0.0
224.83856201254738,-4.366414280770008,22.499999999999982,0.0,0.0,-0.0
224.83224786619434,-4.374393524028449,22.499999999999986,0.0,0.0,-0.0
224.82593645787063,-4.382375942095841,22.499999999999986,0.0,0.0,-0.0
224.81962778785388,-4.390361535477878,22.499999999999986,0.0,0.0,-0.0
224.81332185642188,-4.398350304680395,22.499999999999986,0.0,0.0,-0.0
224.80701866385274,-4.406342250209373,22.49999999999999,0.0,0.0,-0.0
224.80071821042466,-4.414337372570941,22.499999999999986,0.0,0.0,-0.0
224.7944204964161,-4.422335672271362,22.499999999999986,0.0,0.0,-0.0
224.78812552210573,-4.430337149817053,22.499999999999986,0.0,0.0,-0.0
224.7818332877724,-4.438341805714571,22.499999999999986,0.0,0.0,-0.0
224.7755437936952,-4.446349640470619,22.499999999999982,0.0,0.0,-0.0
224.76925704015338,-4.45436065459204,22.499999999999982,0.0,0.0,-0.0
224.76297302742648,-4.462374848585821,22.499999999999986,0.0,0.0,-0.0
224.75669175579415,-4.47039222295909,22.499999999999986,0.0,0.0,-0.0
224.75041322553636,-4.478412778219122,22.499999999999986,0.0,0.0,-0.0
224.74413743693322,-4.4864365148733265,22.499999999999986,0.0,0.0,-0.0
224.73786439026506,-4.494463433429264,22.49999999999999,0.0,0.0,-0.0
224.73159408581247,-4.5024935343946355,22.499999999999982,0.0,0.0,-0.0
224.72532652385615,-4.5105268182772695,22.499999999999986,0.0,0.0,-0.0
224.71906170467716,-4.518563285585156,22.499999999999982,0.0,0.0,-0.0
224.71279962855664,-4.526602936826409,22.499999999999986,0.0,0.0,-0.0
224.70654029577605,-4.5346457725092915,22.499999999999986,0.0,0.0,-0.0
224.70028370661703,-4.5426917931422075,22.499999999999986,0.0,0.0,-0.0
224.6940298613614,-4.5507409992337,22.49999999999999,0.0,0.0,-0.0
224.68777876029125,-4.5587933912924425,22.499999999999986,0.0,0.0,-0.0
224.68153040368884,-4.566848969827262,22.499999999999986,0.0,0.0,-0.0
224.67528479183673,-4.574907735347114,22.499999999999986,0.0,0.0,-0.0
224.66904192501758,-4.5829696883611,22.499999999999986,0.0,0.0,-0.0
224.6628018035144,-4.59103482937846,22.499999999999986,0.0,0.0,-0.0
224.65656442761036,-4.599103158908562,22.499999999999986,0.0,0.0,-0.0
224.65032979758885,-4.607174677460924,22.499999999999986,0.0,0.0,-0.0
224.64409791373348,-4.615249385545196,22.499999999999986,0.0,0.0,-0.0
224.6378687763281,-4.623327283671167,22.499999999999982,0.0,0.0,-0.0
224.6316423856568,-4.631408372348766,22.499999999999986,0.0,0.0,-0.0
224.6254187420038,-4.639492652088052,22.499999999999982,0.0,0.0,-0.0
224.61919784565373,-4.647580123399224,22.49999999999999,0.0,0.0,-0.0
224.6129796968913,-4.655670786792618,22.499999999999986,0.0,0.0,-0.0
224.60676429600147,-4.663764642778712,22.499999999999986,0.0,0.0,-0.0
224.60055164326945,-4.67186169186811,22.499999999999986,0.0,0.0,-0.0
224.5943417389807,-4.679961934571554,22.499999999999986,0.0,0.0,-0.0
224.58813458342084,-4.688065371399923,22.499999999999986,0.0,0.0,-0.0
224.5819301768758,-4.696172002864235,22.499999999999982,0.0,0.0,-0.0
224.57572851963175,-4.704281829475632,22.499999999999982,0.0,0.0,-0.0
224.56952961197499,-4.712394851745404,22.499999999999982,0.0,0.0,-0.0
224.56333345419208,-4.7205110701849655,22.499999999999982,0.0,0.0,-0.0
224.55714004656994,-4.728630485305865,22.499999999999982,0.0,0.0,-0.0
224.5509493893956,-4.736753097619792,22.499999999999975,0.0,0.0,-0.0
224.54476148295635,-4.744878907638559,22.49999999999998,0.0,0.0,-0.0
224.5385763275397,-4.753007915874122,22.499999999999982,0.0,0.0,-0.0
224.53239392343346,-4.761140122838566,22.499999999999982,0.0,0.0,-0.0
224.52621427092564,-4.769275529044102,22.499999999999982,0.0,0.0,-0.0
224.52003737030444,-4.777414135003084,22.49999999999998,0.0,0.0,-0.0
224.51386322185837,-4.785555941227991,22.49999999999998,0.0,0.0,-0.0
224.5076918258762,-4.793700948231434,22.49999999999998,0.0,0.0,-0.0
224.50152318264682,-4.801849156526159,22.49999999999998,0.0,0.0,-0.0
224.4953572924595,-4.810000566625042,22.499999999999982,0.0,0.0,-0.0
224.48919415560366,-4.818155179041084,22.499999999999982,0.0,0.0,-0.0
224.483033772369,-4.826312994287426,22.499999999999982,0.0,0.0,-0.0
224.4768761430454,-4.834474012877334,22.49999999999998,0.0,0.0,-0.0
224.47072126792312,-4.842638235324203,22.499999999999982,0.0,0.0,-0.0
224.46456914729254,-4.850805662141563,22.499999999999982,0.0,0.0,-0.0
224.45841978144435,-4.858976293843066,22.49999999999998,0.0,0.0,-0.0
224.45227317066943,-4.867150130942497,22.499999999999986,0.0,0.0,-0.0
224.446129315259,-4.87532717395377,22.499999999999986,0.0,0.0,-0.0
224.43998821550443,-4.883507423390933,22.49999999999998,0.0,0.0,-0.0
224.4338498716974,-4.891690879768152,22.499999999999982,0.0,0.0,-0.0
224.42771428412976,-4.899877543599727,22.49999999999998,0.0,0.0,-0.0
224.42158145309372,-4.9080674154000805,22.499999999999982,0.0,0.0,-0.0
224.41545137888173,-4.916260495683773,22.49999999999998,0.0,0.0,-0.0
224.40932406178635,-4.924456784965483,22.499999999999982,0.0,0.0,-0.0
224.4031995021006,-4.93265628376002,22.499999999999986,0.0,0.0,-0.0
224.39707770011756,-4.940858992582316,22.499999999999982,0.0,0.0,-0.0
224.3909586561307,-4.949064911947433,22.499999999999982,0.0,0.0,-0.0
224.38484237043366,-4.9572740423705595,22.499999999999982,0.0,0.0,-0.0
224.3787288433204,-4.965486384367007,22.499999999999982,0.0,0.0,-0.0
224.37261807508511,-4.973701938452215,22.49999999999998,0.0,0.0,-0.0
224.36651006602222,-4.981920705141749,22.499999999999982,0.0,0.0,-0.0
224.3604048164264,-4.990142684951293,22.499999999999982,0.0,0.0,-0.0
224.35430232659263,-4.998367878396663,22.499999999999982,0.0,0.0,-0.0
224.34820259681618,-5.006596285993793,22.499999999999982,0.0,0.0,-0.0
224.34210562739247,-5.0148279082587495,22.499999999999982,0.0,0.0,-0.0
224.33601141861723,-5.023062745707719,22.499999999999982,0.0,0.0,-0.0
224.32991997078653,-5.031300798857,22.499999999999982,0.0,0.0,-0.0
224.32383128419656,-5.039542068223033,22.499999999999986,0.0,0.0,-0.0
224.31774535914386,-5.047786554322372,22.49999999999998,0.0,0.0,-0.0
224.31166219592524,-5.0560342576716915,22.499999999999982,0.0,0.0,-0.0
224.30558179483774,-5.064285178787793,22.499999999999982,0.0,0.0,-0.0
224.2995041561787,-5.0725393181876015,22.499999999999982,0.0,0.0,-0.0
224.29342928024568,-5.080796676388154,22.499999999999982,0.0,0.0,-0.0
224.28735716733652,-5.089057253906619,22.499999999999982,0.0,0.0,-0.0
224.2812878177494,-5.097321051260281,22.499999999999982,0.0,0.0,-0.0
224.27522123178258,-5.105588068966549,22.499999999999982,0.0,0.0,-0.0
224.26915740973487,-5.113858307542949,22.49999999999999,0.0,0.0,-0.0
224.2630963519051,-5.122131767507132,22.49999999999998,0.0,0.0,-0.0
224.25703805859249,-5.130408449376859,22.499999999999986,0.0,0.0,-0.0
224.2509825300965,-5.138688353670026,22.499999999999982,0.0,0.0,-0.0
224.24492976671692,-5.146971480904632,22.49999999999998,0.0,0.0,-0.0
224.2388797687537,-5.155257831598812,22.49999999999998,0.0,0.0,-0.0
224.23283253650712,-5.163547406270804,22.49999999999998,0.0,0.0,-0.0
224.22678807027782,-5.17184020543897,22.499999999999982,0.0,0.0,-0.0
224.22074637036653,-5.180136229621798,22.499999999999986,0.0,0.0,-0.0
224.21470743707445,-5.188435479337883,22.499999999999982,0.0,0.0,-0.0
224.20867127070295,-5.19673795510595,22.499999999999986,0.0,0.0,-0.0
224.20263787155366,-5.205043657444825,22.499999999999982,0.0,0.0,-0.0
224.19660723992854,-5.213352586873464,22.49999999999998,0.0,0.0,-0.0
224.19057937612982,-5.221664743910934,22.49999999999998,0.0,0.0,-0.0
224.18455428046,-5.22998012907642,22.499999999999982,0.0,0.0,-0.0
224.1785319532219,-5.238298742889224,22.49999999999998,0.0,0.0,-0.0
224.17251239471852,-5.24662058586877,22.499999999999986,0.0,0.0,-0.0
224.16649560525326,-5.254945658534581,22.49999999999998,0.0,0.0,-0.0
224.16048158512973,-5.263273961406306,22.49999999999998,0.0,0.0,-0.0
224.15447033465185,-5.271605495003715,22.499999999999982,0.0,0.0,-0.0
224.1484618541238,-5.279940259846681,22.499999999999982,0.0,0.0,-0.0
224.1424561438501,-5.288278256455202,22.499999999999982,0.0,0.0,-0.0
224.13645320413548,-5.296619485349376,22.499999999999982,0.0,0.0,-0.0
224.13045303528503,-5.304963947049429,22.499999999999982,0.0,0.0,-0.0
224.1244556376041,-5.313311642075698,22.49999999999998,0.0,0.0,-0.0
224.11846101139827,-5.321662570948622,22.499999999999982,0.0,0.0,-0.0
224.1124691569735,-5.3300167341887645,22.499999999999982,0.0,0.0,-0.0
224.106480074636,-5.338374132316805,22.499999999999982,0.0,0.0,-0.0
224.10049376469235,-5.34673476585352,22.499999999999982,0.0,0.0,-0.0
224.0945102274492,-5.35509863531981,22.499999999999982,0.0,0.0,-0.0
224.08852946321372,-5.363465741236684,22.499999999999986,0.0,0.0,-0.0
224.0825514722933,-5.371836084125264,22.499999999999982,0.0,0.0,-0.0
224.07657625499556,-5.380209664506784,22.499999999999982,0.0,0.0,-0.0
224.07060381162853,-5.388586482902581,22.49999999999998,0.0,0.0,-0.0
224.06463414250047,-5.396966539834109,22.49999999999998,0.0,0.0,-0.0
224.05866724791989,-5.405349835822934,22.49999999999998,0.0,0.0,-0.0
224.0527031281957,-5.413736371390727,22.499999999999982,0.0,0.0,-0.0
224.046741783637,-5.422126147059276,22.499999999999982,0.0,0.0,-0.0
224.04078321455336,-5.4305191633504695,22.499999999999982,0.0,0.0,-0.0
224.0348274212544,-5.43891542078631,22.499999999999982,0.0,0.0,-0.0
224.02887440405027,-5.447314919888909,22.49999999999998,0.0,0.0,-0.0
224.02292416325128,-5.455717661180481,22.49999999999998,0.0,0.0,-0.0
224.01697669916808,-5.46412364518336,22.499999999999982,0.0,0.0,-0.0
224.0110320121117,-5.472532872419974,22.499999999999982,0.0,0.0,-0.0
224.00509010239332,-5.480945343412869,22.499999999999982,0.0,0.0,-0.0
223.99915097032456,-5.489361058684696,22.499999999999982,0.0,0.0,-0.0
223.99321461621733,-5.497780018758211,22.499999999999982,0.0,0.0,-0.0
223.98728104038372,-5.506202224156274,22.499999999999982,0.0,0.0,-0.0
