galstreams/tracks/track.st.NGC288.ibata2024.ecsv
# %ECSV 1.0
# ---
# datatype:
# - {name: ra, unit: deg, datatype: float64}
# - {name: dec, unit: deg, datatype: float64}
# - {name: distance, unit: kpc, datatype: float64}
# - {name: pm_ra_cosdec, unit: mas / yr, datatype: float64}
# - {name: pm_dec, unit: mas / yr, datatype: float64}
# - {name: radial_velocity, unit: km / s, datatype: float64}
# delimiter: ','
# meta: !!omap
# - __serialized_columns__:
#     dec:
#       __class__: astropy.coordinates.angles.Latitude
#       unit: &id001 !astropy.units.Unit {unit: deg}
#       value: !astropy.table.SerializedColumn {name: dec}
#     distance:
#       __class__: astropy.coordinates.distances.Distance
#       unit: !astropy.units.Unit {unit: kpc}
#       value: !astropy.table.SerializedColumn {name: distance}
#     pm_dec:
#       __class__: astropy.units.quantity.Quantity
#       unit: !astropy.units.Unit {unit: mas / yr}
#       value: !astropy.table.SerializedColumn {name: pm_dec}
#     pm_ra_cosdec:
#       __class__: astropy.units.quantity.Quantity
#       unit: !astropy.units.Unit {unit: mas / yr}
#       value: !astropy.table.SerializedColumn {name: pm_ra_cosdec}
#     ra:
#       __class__: astropy.coordinates.angles.Longitude
#       unit: *id001
#       value: !astropy.table.SerializedColumn {name: ra}
#       wrap_angle: !astropy.coordinates.Angle
#         unit: *id001
#         value: 360.0
#     radial_velocity:
#       __class__: astropy.units.quantity.Quantity
#       unit: !astropy.units.Unit {unit: km / s}
#       value: !astropy.table.SerializedColumn {name: radial_velocity}
# schema: astropy-2.0
ra,dec,distance,pm_ra_cosdec,pm_dec,radial_velocity
[from data line 288]
11.607645088380625,-24.666251300695052,1.0000000000000004,4.1408340655980345,-5.323993216864627,-26.76179182779496
11.617331602824006,-24.67978865082863,1.0000000000000004,4.140615931579682,-5.326798610278413,-26.83089193335771
11.626988542256997,-24.693330690062023,1.0000000000000007,4.140397189299774,-5.329601671290676,-26.901820077510518
11.636615935467328,-24.70687741734287,1.0000000000000004,4.140177836575005,-5.332402403375546,-26.97456906335833
11.646213811239372,-24.720428831603027,1.0000000000000004,4.139957871225684,-5.335200810005308,-27.049131694006082
11.655782198354233,-24.733984931758762,1.0000000000000004,4.139737291075754,-5.337996894650411,-27.125500772558706
11.66532112558972,-24.747545716710718,1.0000000000000007,4.139516093952789,-5.34079066077946,-27.20366910212118
11.674830621720378,-24.76111118534386,1.0000000000000007,4.139294277688006,-5.343582111859227,-27.283629485798397
11.684310715517494,-24.77468133652766,1.0000000000000007,4.139071840116264,-5.346371251354627,-27.365374726695343
11.693761435749087,-24.788256169115808,1.0000000000000009,4.138848779076068,-5.349158082728733,-27.448897627916935
11.703182811179936,-24.80183568194639,1.0000000000000009,4.138625092409583,-5.351942609442763,-27.534190992568124
11.712574870571583,-24.815419873841833,1.0000000000000007,4.138400777962633,-5.354724834956086,-27.621247623753835
11.721937642682333,-24.82900874360888,1.0000000000000004,4.138175833584696,-5.357504762726201,-27.710060324579032
11.731271156267303,-24.842602290038776,1.0000000000000009,4.137950257128928,-5.360282396208755,-27.800621898148677
11.740575440078382,-24.856200511906938,1.0000000000000007,4.1377240464521625,-5.363057738857539,-27.892925147567663
11.749850522864273,-24.86980340797319,1.0000000000000007,4.1374971994149,-5.365830794124466,-27.986962875940975
11.75909643337046,-24.883410976981622,1.0000000000000009,4.137269713881332,-5.36860156545958,-28.082727886373515
11.768313200339321,-24.897023217660845,1.0000000000000009,4.137041587719338,-5.371370056311063,-28.180212981970275
11.777500852510002,-24.910640128723628,1.0000000000000004,4.136812818800497,-5.374136270125222,-28.279410965836153
11.786659418618525,-24.924261708867125,1.0000000000000007,4.136583405000071,-5.376900210346474,-28.380314641076115
11.795788927397753,-24.93788795677281,1.0000000000000007,4.136353344197035,-5.379661880417363,-28.482916810795093
11.804889407577415,-24.95151887110645,1.0000000000000009,4.136122634274074,-5.382421283778555,-28.587210278098034
11.813960887884143,-24.965154450518295,1.0000000000000007,4.135891273117586,-5.385178423868829,-28.693187846089902
11.823003397041415,-24.978794693642733,1.0000000000000007,4.135659258617679,-5.387933304125065,-28.800842317875592
11.832016963769625,-24.992439599098564,1.0000000000000007,4.135426588668192,-5.390685927982261,-28.91016649656008
11.841001616786082,-25.006089165488884,1.0000000000000007,4.1351932611666875,-5.393436298873519,-29.021153185248316
11.849957384804982,-25.019743391401054,1.0000000000000007,4.134959274014459,-5.396184420230043,-29.1337951870452
11.8588842965375,-25.033402275406928,1.0000000000000007,4.134724625116542,-5.398930295481133,-29.248085305055735
11.86778238069171,-25.047065816062506,1.0000000000000007,4.134489312381708,-5.401673928054197,-29.3640163423848
11.876651665972648,-25.06073401190817,1.0000000000000007,4.13425333372248,-5.404415321374724,-29.481581102137387
11.885492181082297,-25.07440686146854,1.0000000000000007,4.13401668705513,-5.407154478866303,-29.600772387418434
11.894303954719662,-25.08808436325274,1.0000000000000007,4.133779370299687,-5.409891403950606,-29.72158300133285
11.903087015580672,-25.101766515754015,1.0000000000000007,4.133541381379937,-5.412626100047396,-29.844005746985598
11.911841392358287,-25.115453317450022,1.0000000000000007,4.13330271822344,-5.415358570574515,-29.968033427481625
11.920567113742461,-25.1291447668027,1.0000000000000007,4.133063378761517,-5.418088818947887,-30.093658845925855
11.929264208420157,-25.14284086225824,1.0000000000000007,4.132823360929271,-5.420816848581513,-30.220874805423264
11.937932705075399,-25.156541602247326,1.0000000000000007,4.13258266266558,-5.423542662887466,-30.34967410907876
11.946572632389218,-25.1702469851848,1.0000000000000007,4.132341281913111,-5.426266265275896,-30.480049559997322
11.955184019039715,-25.18395700946986,1.0000000000000007,4.132099216618315,-5.4289876591550135,-30.611993961283837
11.963766893702038,-25.19767167348601,1.0000000000000007,4.13185646473144,-5.431706847931103,-30.745500116043303
11.972321285048425,-25.211390975601027,1.0000000000000007,4.1316130242065325,-5.434423835008505,-30.880560827380627
11.980847221748213,-25.225114914167168,1.0000000000000007,4.131368893001443,-5.437138623789623,-31.01716889840079
11.989344732467814,-25.238843487520846,1.0000000000000007,4.131124069077825,-5.43985121767492,-31.155317132208687
11.997813845870756,-25.25257669398282,1.0000000000000007,4.1308785504011505,-5.442561620062911,-31.294998331909298
12.006254590617683,-25.266314531858136,1.0000000000000007,4.130632334940702,-5.445269834350162,-31.436205300607543
12.014666995366413,-25.28005699943633,1.0000000000000007,4.13038542066959,-5.447975863931291,-31.578930841408372
12.023051088771872,-25.293804094991067,1.0000000000000007,4.130137805564749,-5.4506797121989585,-31.723167757416725
12.03140689948615,-25.307555816780408,1.0000000000000009,4.12988948760694,-5.453381382543867,-31.868908851737554
12.039734456158525,-25.321312163046734,1.0000000000000009,4.129640464780769,-5.456080878354765,-32.01614692747579
12.04803378743543,-25.335073132016685,1.0000000000000004,4.129390735074672,-5.458778203018437,-32.164874787736395
12.056304921960539,-25.348838721901412,1.0000000000000007,4.129140296480934,-5.461473359919693,-32.315085235624274
12.064547888374701,-25.36260893089621,1.0000000000000007,4.1288891469956885,-5.464166352441387,-32.46677107424441
12.072762715315998,-25.37638375718077,1.0000000000000007,4.128637284618925,-5.466857183964395,-32.61992510670172
12.080949431419734,-25.39016319891911,1.0000000000000007,4.128384707354488,-5.469545857867623,-32.77454013610116
12.08910806531846,-25.403947254259535,1.0000000000000009,4.128131413210084,-5.472232377527994,-32.93060896554766
12.09723864564203,-25.417735921334852,1.0000000000000009,4.127877400197292,-5.474916746320461,-33.08812439814618
12.105341201017515,-25.43152919826203,1.0000000000000007,4.1276226663315585,-5.477598967617987,-33.24707923700164
12.113415760069296,-25.445327083142438,1.0000000000000007,4.127367209632208,-5.480279044791551,-33.407466285219
12.121462351419051,-25.45912957406181,1.0000000000000007,4.127111028122442,-5.482956981210144,-33.56927834590319
12.129481003685758,-25.472936669090146,1.0000000000000007,4.126854119829353,-5.485632780240772,-33.732508222159176
12.137471745485746,-25.48674836628197,1.0000000000000007,4.1265964827839205,-5.488306445248437,-33.89714871709188
12.14543460543266,-25.500564663676,1.0000000000000007,4.126338115021017,-5.490977979596153,-34.06319263380625
12.153369612137507,-25.514385559295366,1.0000000000000007,4.126079014579416,-5.493647386644931,-34.23063277540722
12.161276794208629,-25.528211051147505,1.0000000000000004,4.125819179501791,-5.496314669753784,-34.399461944999736
12.169156180251802,-25.54204113722436,1.0000000000000009,4.125558607834728,-5.498979832279706,-34.56967294568878
12.177007798870148,-25.555875815502105,1.0000000000000007,4.12529729762872,-5.501642877577706,-34.74125858057923
12.18483167866421,-25.56971508394133,1.0000000000000007,4.12503524693818,-5.504303809000764,-34.91421165277606
12.192627848231952,-25.58355894048699,1.0000000000000007,4.124772453821441,-5.506962629899856,-35.088524965384195
12.20039633616875,-25.59740738306838,1.0000000000000007,4.1245089163407584,-5.5096193436239345,-35.264191321508605
12.208137171067468,-25.61126040959932,1.0000000000000009,4.124244632562322,-5.512273953519938,-35.44120352425424
12.215850381518395,-25.62511801797788,1.0000000000000007,4.123979600556252,-5.514926462932786,-35.619554376726
12.223535996109305,-25.63898020608655,1.0000000000000007,4.123713818396611,-5.517576875205368,-35.79923668202887
12.231194043425457,-25.652846971792236,1.0000000000000007,4.123447284161399,-5.520225193678545,-35.98024324326774
12.238824552049607,-25.666718312946166,1.0000000000000007,4.123179995932566,-5.522871421691152,-36.16256686354761
12.246427550562057,-25.68059422738416,1.0000000000000007,4.122911951796016,-5.525515562579988,-36.34620034597337
12.25400306754061,-25.694474712926265,1.0000000000000007,4.122643149841605,-5.5281576196798206,-36.53113649365004
12.261551131560628,-25.70835976737702,1.0000000000000007,4.122373588163154,-5.530797596323373,-36.71736810968247
12.269071771195005,-25.722249388525285,1.0000000000000007,4.122103264858441,-5.533435495841331,-36.90488799717568
12.276565015014263,-25.736143574144567,1.0000000000000007,4.121832178029221,-5.536071321562334,-37.09368895923455
12.28403089158647,-25.750042321992588,1.0000000000000007,4.121560325781218,-5.538705076812974,-37.28376379896407
12.291469429477303,-25.763945629811573,1.0000000000000007,4.121287706224134,-5.541336764917796,-37.475105319469144
12.298880657250077,-25.777853495328216,1.0000000000000007,4.121014317471656,-5.543966389199288,-37.667706323854745
12.306264603465701,-25.791765916253564,1.0000000000000007,4.1207401576414515,-5.54659395297789,-37.8615596152258
12.313621296682784,-25.805682890283286,1.0000000000000009,4.120465224855183,-5.54921945957197,-38.05665799668725
12.320950765457567,-25.819604415097366,1.0000000000000007,4.120189517238509,-5.551842912297852,-38.25299427134405
12.328253038343965,-25.833530488360292,1.0000000000000007,4.119913032921083,-5.554464314469787,-38.45056124230115
12.33552814389359,-25.847461107721003,1.0000000000000007,4.119635770036564,-5.557083669399954,-38.649351712663474
12.342776110655763,-25.861396270812893,1.0000000000000007,4.119357726722618,-5.559700980398476,-38.84935848553596
12.349996967177551,-25.87533597525399,1.0000000000000007,4.119078901120925,-5.562316250773392,-39.050574364023554
12.357190742003722,-25.889280218646615,1.0000000000000009,4.118799291377177,-5.564929483830673,-39.25299215123122
12.364357463676825,-25.903228998577696,1.0000000000000007,4.118518895641093,-5.567540682874213,-39.45660465026387
12.371497160737164,-25.91718231261861,1.0000000000000007,4.118237712066409,-5.570149851205817,-39.66140466422646
12.378609861722822,-25.931140158325206,1.0000000000000007,4.117955738810896,-5.572756992125216,-39.86738499622395
12.385695595169713,-25.945102533238025,1.0000000000000007,4.117672974036355,-5.575362108930053,-40.07453844936126
12.392754389611545,-25.959069434881943,1.0000000000000007,4.117389415908627,-5.577965204915872,-40.28285782674334
12.399786273579855,-25.97304086076643,1.0000000000000007,4.11710506259759,-5.580566283376147,-40.49233593147511
12.406791275604025,-25.987016808385437,1.0000000000000007,4.116819912277173,-5.583165347602234,-40.70296556666156
12.413769424211335,-26.000997275217625,1.0000000000000007,4.116533963125352,-5.585762400883407,-40.9147395354076
12.420720747926909,-26.01498225872603,1.0000000000000007,4.116247213324159,-5.588357446506837,-41.12765064081819
12.427645275273779,-26.028971756358317,1.0000000000000004,4.115959661059684,-5.590950487757588,-41.34169168599823
12.434543034772885,-26.0429657655467,1.0000000000000009,4.115671304522073,-5.593541527918622,-41.55685547405272
12.441414054943097,-26.056964283707927,1.0000000000000007,4.115382141905553,-5.5961305702707955,-41.77313480808659
12.44825836430125,-26.07096730824349,1.0000000000000007,4.115092171408411,-5.598717618092854,-41.990522491204736
12.455075991362115,-26.084974836539285,1.0000000000000007,4.114801391233009,-5.601302674661415,-42.20901132651214
12.461866964638448,-26.09898686596588,1.0000000000000007,4.114509799585795,-5.603885743251002,-42.42859411711373
12.468631312641,-26.113003393878454,1.0000000000000007,4.1142173946772935,-5.606466827134007,-42.64926366611447
12.475369063878526,-26.12702441761672,1.0000000000000007,4.113924174722123,-5.609045929580699,-42.87101277661931
12.482080246857837,-26.141049934505205,1.0000000000000007,4.113630137938988,-5.611623053859226,-43.09383425173314
12.48876489008376,-26.15507994185288,1.0000000000000007,4.1133352825506915,-5.614198203235608,-43.31772089456094
12.495423022059189,-26.16911443695343,1.0000000000000007,4.11303960678414,-5.616771380973734,-43.542665508207655
12.502054671285089,-26.183153417085112,1.0000000000000007,4.112743108870335,-5.619342590335366,-43.76866089577822
12.508659866260558,-26.197196879511026,1.0000000000000007,4.112445787044395,-5.6219118345801204,-43.99569986037757
12.515238635482763,-26.21124482147876,1.0000000000000007,4.112147639545547,-5.624479116965482,-44.223775205110655
12.521791007447025,-26.22529724022064,1.0000000000000007,4.111848664617137,-5.627044440746793,-44.45287973308243
12.528317010646795,-26.239354132953668,1.0000000000000007,4.111548860506625,-5.629607809177254,-44.68300624739781
12.534816673573694,-26.253415496879484,1.0000000000000007,4.111248225465605,-5.632169225507916,-44.914147551161754
12.541290024717556,-26.267481329184612,1.0000000000000007,4.110946757749794,-5.63472869298768,-45.146296447479216
12.54773709256637,-26.2815516270401,1.0000000000000007,4.110644455619041,-5.637286214863299,-45.379445739455115
12.554157905606363,-26.295626387601796,1.0000000000000007,4.110341317337337,-5.63984179437937,-45.61358823019441
12.560552492321998,-26.30970560801027,1.0000000000000007,4.110037341172809,-5.642395434778334,-45.848716722802024
12.56692088119597,-26.323789285390777,1.0000000000000007,4.109732525397733,-5.644947139300471,-46.08482402038293
12.573263100709285,-26.337877416853484,1.0000000000000007,4.10942686828853,-5.64749691118389,-46.32190292604201
12.579579179341204,-26.351969999493168,1.0000000000000007,4.109120368125778,-5.65004475366455,-46.559946242884294
12.585869145569303,-26.36606703038943,1.0000000000000009,4.108813023194211,-5.652590669976232,-46.798946774014674
12.592133027869481,-26.380168506606637,1.0000000000000009,4.1085048317827235,-5.655134663350553,-47.038897322538105
12.598370854715977,-26.394274425193924,1.0000000000000007,4.108195792184378,-5.657676737016947,-47.27979069155951
12.604582654581414,-26.40838478318537,1.0000000000000009,4.107885902696404,-5.660216894202678,-47.52161968418386
12.610768455936762,-26.422499577599705,1.0000000000000009,4.107575161620203,-5.662755138132831,-47.76437710351605
12.616928287251405,-26.43661880544056,1.0000000000000007,4.107263567261359,-5.6652914720303125,-48.00805575266109
12.62306217699313,-26.45074246369631,1.0000000000000007,4.106951117929633,-5.667825899115831,-48.25264843472386
12.62917015362819,-26.464870549340382,1.0000000000000007,4.106637811938974,-5.67035842260793,-48.498147952809354
12.635252245621258,-26.479003059330868,1.0000000000000007,4.106323647607521,-5.672889045722948,-48.74454711002249
12.641308481435496,-26.493139990610793,1.0000000000000007,4.106008623257603,-5.675417771675031,-48.99183870946817
12.647338889532541,-26.50728134010805,1.0000000000000007,4.10569273721575,-5.677944603676138,-49.24001555425144
12.65334349837255,-26.521427104735395,1.0000000000000007,4.105375987812693,-5.680469544936025,-49.48907044747711
12.659322336414233,-26.535577281390633,1.0000000000000007,4.105058373383373,-5.682992598662249,-49.73899619225025
12.6652754321148,-26.549731866956318,1.0000000000000009,4.104739892266927,-5.6855137680601695,-49.98978559167574
12.67120281393006,-26.56389085829999,1.0000000000000007,4.104420542806724,-5.688033056332932,-50.2414314488585
12.677104510314395,-26.57805425227412,1.0000000000000007,4.1041003233503375,-5.6905504666814775,-50.493926566903525
12.68298054972079,-26.592222045716102,1.0000000000000009,4.103779232249564,-5.693066002304536,-50.747263748915714
