galstreams/tracks/track.st.M5.ibata2021.ecsv
# %ECSV 0.9
# ---
# datatype:
# - {name: ra, unit: deg, datatype: float64}
# - {name: dec, unit: deg, datatype: float64}
# - {name: distance, unit: kpc, datatype: float64}
# - {name: pm_ra_cosdec, unit: mas / yr, datatype: float64}
# - {name: pm_dec, unit: mas / yr, datatype: float64}
# - {name: radial_velocity, unit: km / s, datatype: float64}
# delimiter: ','
# meta: !!omap
# - __serialized_columns__:
#     dec:
#       __class__: astropy.coordinates.angles.Latitude
#       unit: &id001 !astropy.units.Unit {unit: deg}
#       value: !astropy.table.SerializedColumn {name: dec}
#     distance:
#       __class__: astropy.coordinates.distances.Distance
#       unit: !astropy.units.Unit {unit: kpc}
#       value: !astropy.table.SerializedColumn {name: distance}
#     pm_dec:
#       __class__: astropy.units.quantity.Quantity
#       unit: !astropy.units.Unit {unit: mas / yr}
#       value: !astropy.table.SerializedColumn {name: pm_dec}
#     pm_ra_cosdec:
#       __class__: astropy.units.quantity.Quantity
#       unit: !astropy.units.Unit {unit: mas / yr}
#       value: !astropy.table.SerializedColumn {name: pm_ra_cosdec}
#     ra:
#       __class__: astropy.coordinates.angles.Longitude
#       unit: *id001
#       value: !astropy.table.SerializedColumn {name: ra}
#       wrap_angle: !astropy.coordinates.Angle
#         unit: *id001
#         value: 360.0
#     radial_velocity:
#       __class__: astropy.units.quantity.Quantity
#       unit: !astropy.units.Unit {unit: km / s}
#       value: !astropy.table.SerializedColumn {name: radial_velocity}
# schema: astropy-2.0
ra,dec,distance,pm_ra_cosdec,pm_dec,radial_velocity
[from data line 553]
201.38089567656746,15.831243640617654,7.413731691276135,3.0373809920638797,-8.665628094829847,-3.368306851948935e-14
201.39069295369626,15.827677044431884,7.415213872582239,3.0365753892805087,-8.665313591615755,-5.0524602779234026e-14
201.4004904245399,15.824111390627056,7.416692437439486,3.03575665793083,-8.664998986896489,-6.73661370389787e-14
201.41028809696883,15.820546698833747,7.4181673355782545,3.034924729999852,-8.664684320208847,-5.0524602779234026e-14
201.42008597885672,15.816982988681163,7.419638516728929,3.0340795374652356,-8.664369631077557,-5.0524602779234026e-14
201.4298840780803,15.813420279797166,7.42110593062189,3.0332210122973176,-8.664054959015276,-6.73661370389787e-14
201.4396824025197,15.809858591808252,7.422569526987517,3.0323490864591025,-8.663740343522589,-8.420767129872338e-14
201.4494809600581,15.806297944339553,7.42402925555619,3.0314636919062634,-8.663425824088014,-5.0524602779234026e-14
201.45927975858194,15.802738357014874,7.425485066058291,3.030564760587165,-8.663111440187995,-5.0524602779234026e-14
201.46907880598079,15.799179849456614,7.426936908224202,3.029652224442855,-8.662797231286904,-5.0524602779234026e-14
201.47887811014743,15.79562244128585,7.428384731784304,3.028726015407071,-8.662483236837051,-3.368306851948935e-14
201.48867767897795,15.792066152122306,7.429828486468977,3.027786065406243,-8.662169496278672,0.0
201.49847752037138,15.78851100158433,7.4312681220086025,3.0268323063595135,-8.661856049039942,-6.73661370389787e-14
201.50827764223018,15.784957009288918,7.432703588133559,3.025864670178714,-8.66154293453696,-5.0524602779234026e-14
201.51807805245986,15.781404194851714,7.434134834574232,3.0248830887684033,-8.661230192173761,-5.0524602779234026e-14
201.52787875896914,15.777852577887005,7.435561811060999,3.023887494025845,-8.66091786134232,-6.73661370389787e-14
201.53767976966992,15.774302178007732,7.436984467324241,3.022877817841024,-8.660605981422535,-6.73661370389787e-14
201.5474810924773,15.770753014825472,7.438402753094341,3.021853992096653,-8.660294591782245,-6.73661370389787e-14
201.55728273530957,15.76720510795043,7.439816618101678,3.0208159486681736,-8.65998373177722,-5.0524602779234026e-14
201.5670847060881,15.763658476991491,7.441226012076634,3.019763619423759,-8.659673440751163,-1.6841534259744676e-14
201.57688701273756,15.760113141556172,7.442630884749591,3.018696936224325,-8.65936375803572,-3.368306851948935e-14
201.5866896631857,15.756569121250621,7.444031185850927,3.017615830923525,-8.65905472295046,-1.6841534259744676e-14
201.59649266536346,15.753026435679647,7.445426865111026,3.0165202353677696,-8.65874637480289,-5.0524602779234026e-14
201.60629602720505,15.749485104446705,7.446817872260266,3.015410081396209,-8.658438752888461,-1.6841534259744676e-14
201.61609975664769,15.74594514715389,7.448204157029032,3.0142853008407626,-8.658131896490543,-3.368306851948935e-14
201.62590386163188,15.742406583401944,7.449585669147702,3.0131458255261014,-8.657825844880453,0.0
201.63570835010125,15.73886943279028,7.450962358346654,3.0119915872696734,-8.657520637317441,-6.73661370389787e-14
201.64551323000262,15.735333714916912,7.452334174356276,3.0108225178816834,-8.65721631304868,-5.0524602779234026e-14
201.65531850928593,15.731799449378535,7.453701066906945,3.009638549165117,-8.656912911309293,-3.368306851948935e-14
201.6651241959043,15.728266655770485,7.455062985729043,3.008439612915739,-8.656610471322326,1.6841534259744676e-14
201.674930297814,15.724735353686755,7.4564198805529465,3.007225640922101,-8.656309032298768,-3.368306851948935e-14
201.68473682297451,15.72120556271996,7.457771701109044,3.005996564965536,-8.656008633437526,-1.6841534259744676e-14
201.69454377934838,15.71767730246139,7.459118397127712,3.0047523168201677,-8.655709313925453,-1.6841534259744676e-14
201.70435117490146,15.714150592500967,7.460459918339328,3.0034928282529174,-8.655411112937339,-5.0524602779234026e-14
201.71415901760258,15.710625452427271,7.461796214474283,3.00221803102351,-8.655114069635886,-1.6841534259744676e-14
201.7239673154239,15.70710190182753,7.4631272352629505,3.000927856884468,-8.654818223171745,-3.368306851948935e-14
201.73377607634055,15.703579960287614,7.464452930435711,2.99962223758113,-8.6545236126835,-3.368306851948935e-14
201.74358530833095,15.70005964739205,7.4657732497229485,2.9983011048516377,-8.65423027729765,-6.73661370389787e-14
201.75339501937665,15.696540982724002,7.467088142855042,2.9969643904269536,-8.653938256128638,-1.6841534259744676e-14
201.76320521746234,15.693023985865315,7.4683975595623755,2.995612026030859,-8.65364758827883,-6.73661370389787e-14
201.77301591057582,15.689508676396448,7.469701449575325,2.994243943379961,-8.653358312838522,-3.368306851948935e-14
201.78282710670805,15.685995073896532,7.470999762624275,2.9928600741836955,-8.653070468885943,-5.0524602779234026e-14
201.79263881385316,15.682483197943329,7.4722924484396085,2.991460350144325,-8.652784095487236,-6.73661370389787e-14
201.80245104000844,15.67897306811328,7.473579456751699,2.9900447029569515,-8.65249923169649,-3.368306851948935e-14
201.81226379317428,15.675464703981453,7.474860737290936,2.9886130643095203,-8.6522159165557,-5.0524602779234026e-14
201.82207708135428,15.67195812512157,7.476136239787695,2.9871653658828086,-8.651934189094801,-5.0524602779234026e-14
201.8318909125551,15.668453351106029,7.477405913972359,2.985701539350454,-8.651654088331643,-1.6841534259744676e-14
201.8417052947866,15.66495040150584,7.478669709575306,2.9842215163789354,-8.651375653272005,-5.0524602779234026e-14
201.85152023606173,15.661449295890685,7.479927576326922,2.9827252286275923,-8.651098922909584,0.0
201.8613357443966,15.65795005382891,7.481179463957584,2.981212607748618,-8.650823936225999,-5.0524602779234026e-14
201.87115182781054,15.65445269488749,7.482425322197677,2.979683585387071,-8.650550732190782,-1.6841534259744676e-14
201.88096849432588,15.650957238632067,7.483665100777577,2.97813809318087,-8.6502793497614,1.6841534259744676e-14
201.89078575196814,15.647463704626935,7.484898749427666,2.97657606276081,-8.650009827883226,-3.368306851948935e-14
201.90060360876606,15.643972112435028,7.486126217878327,2.9749974257505536,-8.64974220548955,-1.6841534259744676e-14
201.91042207275135,15.640482481617939,7.4873474558599415,2.9734021137666415,-8.649476521501581,-3.368306851948935e-14
201.92024115195898,15.636994831735924,7.488562413102888,2.97179005841849,-8.64921281482844,-3.368306851948935e-14
201.930060854427,15.633509182347877,7.4897710393375485,2.9701611913084007,-8.648951124367157,-5.0524602779234026e-14
201.93988118819667,15.630025553011357,7.490973284294304,2.9685154440315697,-8.648691489002681,-5.0524602779234026e-14
201.94970216131227,15.626543963282566,7.492169097703535,2.966852748176065,-8.648433947607868,0.0
201.95952378182122,15.623064432716372,7.493358429295625,2.965173035322863,-8.648178539043474,-5.0524602779234026e-14
201.96934605777412,15.619586980866282,7.4945412288009505,2.963476237045832,-8.647925302158177,-1.6841534259744676e-14
201.9791689972247,15.616111627284464,7.495717445949896,2.9617622849117344,-8.647674275788546,-5.0524602779234026e-14
201.9889926082298,15.61263839152175,7.496887030472839,2.960031110480248,-8.64742549875907,-5.0524602779234026e-14
201.99881689884938,15.609167293127607,7.498049932100164,2.958282645303941,-8.647179009882123,-5.0524602779234026e-14
202.00864187714652,15.605698351650167,7.499206100562253,2.9565168209283037,-8.646934847957986,-5.0524602779234026e-14
202.01846755118746,15.602231586636224,7.500355485589482,2.954733568891728,-8.646693051774848,-5.0524602779234026e-14
202.0282939290415,15.598767017631205,7.501498036912236,2.9529328207255356,-8.646453660108786,-1.6841534259744676e-14
202.03812101878108,15.59530466417921,7.502633704260891,2.9511145079539522,-8.646216711723776,-5.0524602779234026e-14
202.04794882848182,15.591844545822992,7.503762437365835,2.949278562094132,-8.645982245371675,-6.73661370389787e-14
202.05777736622247,15.588386682103957,7.504884185957445,2.947424914656155,-8.645750299792258,-3.368306851948935e-14
202.06760664008473,15.584931092562154,7.505998899766101,2.9455534971430257,-8.64552091371317,-3.368306851948935e-14
202.07743665815366,15.581477796736312,7.507106528522185,2.9436642410506817,-8.645294125849944,-3.368306851948935e-14
202.08726742851726,15.578026814163788,7.508207021956078,2.941757077867992,-8.645069974906011,-1.6841534259744676e-14
202.0970989592667,15.57457816438062,7.509300329798164,2.9398319390767624,-8.644848499572678,-1.6841534259744676e-14
202.10693125849633,15.571131866921485,7.510386401778819,2.9378887561517413,-8.644629738529137,-3.368306851948935e-14
202.1167643343035,15.567687941319724,7.511465187628426,2.935927460560616,-8.644413730442457,-8.420767129872338e-14
202.12659819478878,15.56424640710732,7.512536637077368,2.9339479837640203,-8.644200513967586,-1.6841534259744676e-14
202.13643284805582,15.560807283814942,7.5136006998560205,2.9319502572155334,-8.643990127747353,-1.6841534259744676e-14
202.14626830221133,15.557370590971878,7.514657325694771,2.9299342123616854,-8.643782610412451,-6.73661370389787e-14
202.15610456536524,15.553936348106106,7.515706464323996,2.9278997806419618,-8.643578000581456,-3.368306851948935e-14
202.1659416456305,15.550504574744243,7.5167480654740775,2.9258468934888073,-8.643376336860806,-3.368306851948935e-14
202.17577955112324,15.547075290411556,7.517782078875398,2.9237754823276147,-8.643177657844802,-1.6841534259744676e-14
202.18561828996266,15.543648514631988,7.518808454258335,2.9216854785767494,-8.642982002115621,-5.0524602779234026e-14
202.19545787027107,15.540224266928114,7.519827141353275,2.91957681364753,-8.642789408243285,-6.73661370389787e-14
202.20529830017395,15.536802566821201,7.520838089890595,2.9174494189442517,-8.642599914785695,-3.368306851948935e-14
202.21513958779983,15.533383433831144,7.521841249600675,2.915303225864168,-8.642413560288603,-1.6841534259744676e-14
202.2249817412803,15.529966887476503,7.522836570213897,2.9131381657975153,-8.642230383285602,-8.420767129872338e-14
202.23482476875023,15.526552947274492,7.523824001460642,2.910954170127492,-8.64205042229816,0.0
202.2446686783474,15.523141632741,7.524803493071294,2.908751170230285,-8.641873715835569,-5.0524602779234026e-14
202.25451347821289,15.519732963390554,7.525774994776231,2.906529097475045,-8.64170030239499,-6.73661370389787e-14
202.2643591764907,15.516326958736336,7.526738456305834,2.9042878832239176,-8.64153022046142,0.0
202.27420578132808,15.512923638290212,7.527693827390482,2.9020274588320234,-8.641363508507691,-5.0524602779234026e-14
202.28405330087537,15.509523021562677,7.528641057760561,2.8997477556474722,-8.641200204994483,-1.6841534259744676e-14
202.29390174328591,15.506125128062907,7.529580097146449,2.8974487050113584,-8.641040348370312,-5.0524602779234026e-14
202.30375111671626,15.502729977298717,7.530510895278525,2.895130238257775,-8.640883977071523,-1.6841534259744676e-14
202.31360142932604,15.49933758877659,7.531433401887175,2.892792286713795,-8.640731129522287,-3.368306851948935e-14
202.323452689278,15.49594798200166,7.532347566702776,2.890434781699492,-8.640581844134612,0.0
202.33330490473793,15.492561176477736,7.533253339455709,2.88805765452794,-8.640436159308324,-5.0524602779234026e-14
202.3431580838748,15.489177191707276,7.534150669876357,2.8856608365052057,-8.64029411343107,-6.73661370389787e-14
202.35301223486073,15.48579604719138,7.535039507695099,2.8832442589303584,-8.640155744878326,-3.368306851948935e-14
202.36286736587073,15.48241776242983,7.535919802642318,2.880807853095473,-8.640021092013365,-3.368306851948935e-14
202.37272348508316,15.479042356921058,7.536791504448392,2.8783515502856245,-8.63989019318729,-3.368306851948935e-14
202.3825806006793,15.47566985016216,7.537654562843706,2.8758752817789044,-8.639763086738997,-5.0524602779234026e-14
202.39243872084367,15.472300261648877,7.53850892755864,2.8733789788463984,-8.639639810995202,-1.6841534259744676e-14
202.4022978537638,15.468933610875627,7.53935454832357,2.8708625727522175,-8.639520404270419,-3.368306851948935e-14
202.41215800763038,15.46556991733547,7.540191374868882,2.8683259947534783,-8.639404904866957,-3.368306851948935e-14
202.42201919063714,15.462209200520133,7.541019356924956,2.8657691761003106,-8.639293351074924,-3.368306851948935e-14
202.43188141098102,15.458851479920016,7.541838444222172,2.8631920480358652,-8.639185781172221,-5.0524602779234026e-14
202.4417446768619,15.455496775024145,7.542648586490912,2.860594541796308,-8.639082233424542,-6.73661370389787e-14
202.45160899648295,15.452145105320238,7.5434497334615545,2.85797658861083,-8.63898274608536,-3.368306851948935e-14
202.46147437805024,15.44879649029465,7.544241834864485,2.855338119701636,-8.63888735739593,-3.368306851948935e-14
202.47134082977314,15.445450949432411,7.545024840430081,2.8526790662839607,-8.638796105585296,-1.6841534259744676e-14
202.48120835986396,15.442108502217208,7.545798699888723,2.849999359566062,-8.638709028870265,-6.73661370389787e-14
202.4910769765382,15.438769168131374,7.546563362970795,2.8472989307492274,-8.638626165455427,-3.368306851948935e-14
202.50094668801447,15.435432966655918,7.547318779406675,2.844577711027768,-8.638547553533135,-5.0524602779234026e-14
202.51081750251436,15.432099917270493,7.5480648989267465,2.8418356315890323,-8.6384732312835,-5.0524602779234026e-14
202.52068942826273,15.428770039453433,7.548801671261388,2.8390726236133896,-8.638403236874405,-6.73661370389787e-14
202.53056247348744,15.42544335268171,7.549529046140981,2.8362886182742537,-8.638337608461486,-3.368306851948935e-14
202.54043664641944,15.422119876430969,7.550246973295907,2.83348354673807,-8.63827638418813,-1.6841534259744676e-14
202.5503119552928,15.418799630175506,7.550955402456548,2.830657340164317,-8.638219602185469,-3.368306851948935e-14
202.56018840834474,15.415482633388288,7.551654283353284,2.827809929705511,-8.638167300572396,-1.6841534259744676e-14
202.5700660138155,15.41216890554094,7.552343565716495,2.8249412465072155,-8.63811951745553,-6.73661370389787e-14
202.5799447799485,15.40885846610373,7.553023199276564,2.8220512217080227,-8.63807629092924,-6.73661370389787e-14
202.5898247149902,15.405551334545606,7.553693133763869,2.8191397864395773,-8.638037659075618,-5.0524602779234026e-14
202.59970582719012,15.40224753033417,7.554353318908792,2.8162068718265587,-8.63800365996449,-6.73661370389787e-14
202.60958812480098,15.398947072935684,7.5550037044417175,2.8132524089867026,-8.637974331653409,-5.0524602779234026e-14
202.61947161607856,15.395649981815064,7.555644240093022,2.8102763290307777,-8.637949712187645,-1.6841534259744676e-14
202.62935630928172,15.392356276435896,7.556274875593087,2.807278563062604,-8.637929839600199,-8.420767129872338e-14
202.63924221267246,15.389065976260419,7.556895560672297,2.804259042179056,-8.637914751911762,-3.368306851948935e-14
202.6491293345158,15.385779100749538,7.557506245061029,2.8012176974700496,-8.637904487130756,-5.0524602779234026e-14
202.65901768307995,15.382495669362815,7.558106878489665,2.798154460018557,-8.637899083253297,-6.73661370389787e-14
202.66890726663618,15.379215701558467,7.5586974106885885,2.7950692609006005,-8.637898578263203,-3.368306851948935e-14
202.67879809345885,15.37593921679338,7.559277791388177,2.7919620311852547,-8.637903010131986,-3.368306851948935e-14
202.68869017182544,15.372666234523097,7.559847970318812,2.7888327019346475,-8.637912416818857,-3.368306851948935e-14
202.6985835100165,15.369396774201828,7.560407897210876,2.7856812042039643,-8.637926836270703,-1.1789073981821273e-13
202.70847811631575,15.366130855282423,7.560957521794751,2.7825074690414455,-8.637946306422103,-6.73661370389787e-14
202.7183739990099,15.362868497216418,7.561496793800812,2.779311427488388,-8.637970865195314,-3.368306851948935e-14
