galstreams/tracks/track.st.Jhelum-b.shipp2019.ecsv
# %ECSV 0.9
# ---
# datatype:
# - {name: ra, unit: deg, datatype: float64}
# - {name: dec, unit: deg, datatype: float64}
# - {name: distance, unit: kpc, datatype: float64}
# - {name: pm_ra_cosdec, unit: mas / yr, datatype: float64}
# - {name: pm_dec, unit: mas / yr, datatype: float64}
# - {name: radial_velocity, unit: km / s, datatype: float64}
# delimiter: ','
# meta: !!omap
# - __serialized_columns__:
#     dec:
#       __class__: astropy.coordinates.angles.Latitude
#       unit: &id001 !astropy.units.Unit {unit: deg}
#       value: !astropy.table.SerializedColumn {name: dec}
#     distance:
#       __class__: astropy.coordinates.distances.Distance
#       unit: !astropy.units.Unit {unit: kpc}
#       value: !astropy.table.SerializedColumn {name: distance}
#     pm_dec:
#       __class__: astropy.units.quantity.Quantity
#       unit: !astropy.units.Unit {unit: mas / yr}
#       value: !astropy.table.SerializedColumn {name: pm_dec}
#     pm_ra_cosdec:
#       __class__: astropy.units.quantity.Quantity
#       unit: !astropy.units.Unit {unit: mas / yr}
#       value: !astropy.table.SerializedColumn {name: pm_ra_cosdec}
#     ra:
#       __class__: astropy.coordinates.angles.Longitude
#       unit: *id001
#       value: !astropy.table.SerializedColumn {name: ra}
#       wrap_angle: !astropy.coordinates.Angle
#         unit: *id001
#         value: 360.0
#     radial_velocity:
#       __class__: astropy.units.quantity.Quantity
#       unit: !astropy.units.Unit {unit: km / s}
#       value: !astropy.table.SerializedColumn {name: radial_velocity}
# schema: astropy-2.0
ra,dec,distance,pm_ra_cosdec,pm_dec,radial_velocity
[from data line 413]
348.50133368685437,-51.16917980249471,13.199999999993725,7.384280704115733,-5.200489819366501,5.8744281990045016e-09
348.51736460422904,-51.16960584169575,13.199999999993715,7.3851431582424665,-5.198631102809404,5.908380732072147e-09
348.53339581651204,-51.17002968439741,13.1999999999937,7.386005196662693,-5.196772195121592,5.942771145030545e-09
348.549427322181,-51.17045133049425,13.199999999993691,7.38686681917189,-5.194913096595653,5.9767236780981905e-09
348.5654591197134,-51.170870779881206,13.199999999993677,7.387728025565759,-5.193053807524295,6.010777260371394e-09
348.5814912075866,-51.171288032453624,13.199999999993663,7.388588815640184,-5.191194328200386,6.045167673329793e-09
348.5975235842775,-51.171703088107186,13.19999999999365,7.389449189191249,-5.18933465891695,6.079187572534477e-09
348.6135562482629,-51.172115946737996,13.199999999993636,7.390309146015255,-5.187474799967146,6.113443253218798e-09
348.6295891980193,-51.17252660824251,13.199999999993626,7.391168685908688,-5.1856147516442865,6.1474294693549625e-09
348.64562243202295,-51.172935072517575,13.19999999999361,7.392027808668247,-5.183754514241831,6.181685150039284e-09
348.66165594874985,-51.173341339460414,13.199999999993597,7.39288651409082,-5.181894088053383,6.215772415381007e-09
348.6776897466758,-51.17374540896865,13.199999999993587,7.3937448019735115,-5.180033473372697,6.2498933637912495e-09
348.6937238242764,-51.174147280940254,13.19999999999357,7.394602672113621,-5.178172670493675,6.2840479952700115e-09
348.7097581800269,-51.174546955273605,13.19999999999356,7.395460124308646,-5.176311679710358,6.318034211406176e-09
348.72579281240235,-51.174944431867466,13.199999999993546,7.396317158356303,-5.17445050131694,6.352289892090497e-09
348.7418277198776,-51.17533971062095,13.199999999993532,7.3971737740544805,-5.17258913560776,6.3863434743637e-09
348.75786290092725,-51.175732791433575,13.199999999993521,7.3980299712013,-5.170727582877298,6.420531788910983e-09
348.7738983540256,-51.17612367420523,13.199999999993508,7.398885749595071,-5.168865843420187,6.454551688115667e-09
348.7899340776469,-51.17651235883618,13.19999999999349,7.399741109034321,-5.1670039175312,6.488537904251832e-09
348.80597007026495,-51.17689884522709,13.199999999993484,7.400596049317752,-5.165141805505247,6.522793584936152e-09
348.8220063303534,-51.17728313327901,13.19999999999347,7.401450570244304,-5.163279507637402,6.556948216414914e-09
348.8380428563857,-51.17766522289333,13.199999999993455,7.402304671613091,-5.161417024222869,6.591069164825157e-09
348.85407964683503,-51.178045113971876,13.199999999993441,7.403158353223446,-5.159554355557006,6.6251227470983604e-09
348.8701167001744,-51.1784228064168,13.199999999993425,7.4040116148749116,-5.1576915019353,6.659311061645643e-09
348.8861540148764,-51.17879830013069,13.199999999993413,7.404864456367218,-5.155828463653398,6.6932972777818076e-09
348.9021915894138,-51.17917159501646,13.199999999993402,7.405716877500318,-5.153965241007079,6.727350860055011e-09
348.9182294222587,-51.17954269097747,13.199999999993388,7.406568878074353,-5.152101834292271,6.761471808465254e-09
348.9342675118832,-51.1799115879174,13.199999999993373,7.407420457889683,-5.150238243805045,6.795559073806977e-09
348.95030585675926,-51.18027828574035,13.19999999999336,7.4082716167468625,-5.148374469841611,6.8296463391487e-09
348.9663444553583,-51.180642784350795,13.199999999993347,7.409122354446659,-5.146510512698326,6.863767287558943e-09
348.98238330615186,-51.18100508365357,13.199999999993336,7.409972670790038,-5.144646372671687,6.897888235969185e-09
348.9984224076111,-51.18136518355393,13.199999999993322,7.410822565578182,-5.142782050058331,6.9321439166535065e-09
349.01446175820683,-51.181723083957465,13.199999999993308,7.411672038612461,-5.140917545155046,6.966130132789671e-09
349.03050135641,-51.182078784770184,13.199999999993295,7.412521089694473,-5.139052858258754,7.000082665857316e-09
349.046541200691,-51.1824322858985,13.199999999993281,7.413369718626008,-5.137187989666515,7.034237297336079e-09
349.0625812895202,-51.182783587249126,13.19999999999327,7.414217925209058,-5.135322939675533,7.0682908796092825e-09
349.0786216213677,-51.18313268872923,13.199999999993256,7.415065709245845,-5.133457708583159,7.102479194156564e-09
349.0946621947033,-51.18347959024636,13.199999999993242,7.415913070538772,-5.131592296686879,7.136633825635326e-09
349.1107030079967,-51.18382429170839,13.19999999999323,7.416760008890456,-5.129726704284321,7.17065372484001e-09
349.12674405971734,-51.18416679302363,13.199999999993214,7.417606524103735,-5.127860931673252,7.204538891770617e-09
349.1427853483345,-51.18450709410076,13.1999999999932,7.418452615981635,-5.125994979151578,7.2385924740438205e-09
349.1588268723172,-51.18484519484883,13.19999999999319,7.419298284327401,-5.124128847017348,7.272679739385544e-09
349.17486863013426,-51.18518109517728,13.199999999993175,7.420143528944488,-5.122262535568746,7.306868053932825e-09
349.1909106202543,-51.185514794995946,13.19999999999316,7.420988349636544,-5.120396045104103,7.340887953137509e-09
349.20695284114566,-51.185846294215004,13.199999999993148,7.421832746207444,-5.118529375921879,7.374907852342194e-09
349.2229952912766,-51.18617559274509,13.199999999993134,7.422676718461256,-5.116662528320675,7.4091298499579945e-09
349.23903796911515,-51.186502690497136,13.199999999993121,7.423520266202261,-5.114795502599243,7.443116066094159e-09
349.2550808731291,-51.18682758738252,13.199999999993105,7.424363389234963,-5.112928299056455,7.477270697572921e-09
349.2711240017859,-51.187150283312974,13.199999999993091,7.425206087364049,-5.1110609179913356,7.511256913709087e-09
349.2871673535531,-51.18747077820061,13.19999999999308,7.42604836039443,-5.109193359703033,7.545377862119329e-09
349.30321092689786,-51.18778907195795,13.199999999993068,7.426890208131225,-5.107325624490844,7.579397761324013e-09
349.3192547202871,-51.18810516449788,13.19999999999305,7.4277316303797685,-5.1054577126542044,7.613383977460179e-09
349.33529873218777,-51.18841905573366,13.199999999993038,7.42857262694559,-5.103589624492676,7.647437559733382e-09
349.3513429610663,-51.188730745578965,13.199999999993022,7.429413197634442,-5.101721360305962,7.681693240417703e-09
349.3673874053891,-51.1890402339478,13.199999999993013,7.430253342252268,-5.09985292039391,7.715544724279789e-09
349.3834320636225,-51.18934752075462,13.199999999992997,7.431093060605254,-5.097984305056491,7.749699355758551e-09
349.3994769342323,-51.18965260591422,13.199999999992983,7.431932352499759,-5.0961155145938255,7.783584522689158e-09
349.4155220156846,-51.18995548934179,13.19999999999297,7.432771217742385,-5.094246549306156,7.817638104962362e-09
349.4315673064448,-51.1902561709529,13.199999999992956,7.43360965613992,-5.092377409493867,7.851691687235565e-09
349.4476128049784,-51.19055465066352,13.199999999992942,7.434447667499382,-5.090508095457481,7.885812635645808e-09
349.46365850975064,-51.190850928389985,13.199999999992928,7.435285251627983,-5.088638607497657,7.919899900987532e-09
349.4797044192266,-51.191145004049005,13.199999999992915,7.436122408333153,-5.08676894591518,7.953785067918138e-09
349.4957505318712,-51.19143687755772,13.199999999992906,7.436959137422537,-5.084899111010974,7.98790601632838e-09
349.51179684614897,-51.19172654883359,13.199999999992889,7.437795438704001,-5.0830291030861,8.022026964738623e-09
349.5278433605245,-51.19201401779452,13.19999999999287,7.438631311985593,-5.081158922441756,8.05591213166923e-09
349.54389007346214,-51.192299284358754,13.19999999999286,7.439466757075595,-5.079288569379253,8.09013412928503e-09
349.559936983426,-51.192582348444944,13.199999999992846,7.4403017737825,-5.077418044200067,8.124187711558235e-09
349.5759840888799,-51.192863209972124,13.19999999999283,7.441136361915005,-5.07554734720579,8.15807287848884e-09
349.59203138828775,-51.193141868859705,13.199999999992816,7.441970521282028,-5.073676478698138,8.192193826899083e-09
349.60807888011306,-51.19341832502748,13.199999999992805,7.442804251692687,-5.071805438978979,8.226146359966729e-09
349.6241265628193,-51.193692578395655,13.19999999999279,7.443637552956341,-5.069934228350305,8.260233625308452e-09
349.64017443486966,-51.193964628884764,13.199999999992775,7.4444704248825255,-5.068062847114238,8.294219841444616e-09
349.6562224947272,-51.194234476415794,13.19999999999276,7.445302867281007,-5.066191295573034,8.32837447292338e-09
349.67227074085474,-51.194502120910045,13.199999999992748,7.446134879961767,-5.064319574029086,8.362259639853985e-09
349.688319171715,-51.19476756228927,13.199999999992732,7.446966462734999,-5.062447682784912,8.39624585599015e-09
349.7043677857706,-51.19503080047558,13.19999999999272,7.447797615411109,-5.060575622143156,8.430333121331873e-09
349.72041658148373,-51.19529183539145,13.199999999992704,7.448628337800713,-5.058703392406615,8.464251971330998e-09
349.73646555731676,-51.19555066695975,13.19999999999269,7.4494586297146475,-5.056830993878188,8.498372919741242e-09
349.7525147117315,-51.195807295103755,13.199999999992677,7.450288490963956,-5.054958426860925,8.532392818945926e-09
349.76856404318994,-51.19606171974711,13.199999999992661,7.451117921359905,-5.053085691658008,8.566277985876533e-09
349.7846135501537,-51.19631394081384,13.199999999992647,7.451946920713972,-5.051212788572722,8.600466300423813e-09
349.80066323108434,-51.19656395822837,13.199999999992638,7.452775488837839,-5.04933971790852,8.634486199628498e-09
349.81671308444305,-51.196811771915485,13.199999999992622,7.453603625543417,-5.04746647996896,8.668304000422065e-09
349.83276310869115,-51.19705738180038,13.199999999992606,7.454431330642838,-5.04559307505773,8.70235758269527e-09
349.8488133022895,-51.19730078780866,13.199999999992592,7.4552586039484146,-5.0437195034786635,8.736209066557356e-09
349.86486366369917,-51.19754198986623,13.199999999992581,7.4560854452727225,-5.041845765535695,8.770363698036118e-09
349.8809141913806,-51.19778098789946,13.199999999992565,7.456911854428514,-5.039971861532923,8.804215181898204e-09
349.8969648837945,-51.1980177818351,13.199999999992553,7.457737831228773,-5.038097791774539,8.838268764171409e-09
349.9130157394011,-51.19825237160021,13.199999999992535,7.458563375486706,-5.036223556564891,8.872221297239054e-09
349.9290667566607,-51.19848475712233,13.199999999992523,7.459388487015716,-5.0343491562084335,8.906308562580777e-09
349.9451179340333,-51.19871493832933,13.199999999992507,7.460213165629445,-5.032474591009766,8.94036214485398e-09
349.96116926997877,-51.198942915149495,13.199999999992492,7.46103741114173,-5.030599861273608,8.974213628716068e-09
349.97722076295685,-51.19916868751145,13.19999999999248,7.461861223366643,-5.0287249673047985,9.008233527920752e-09
349.99327241142714,-51.19939225534428,13.199999999992466,7.462684602118458,-5.026849909408313,9.042354476330994e-09
350.0093242138491,-51.199613618577374,13.19999999999245,7.4635075472116785,-5.024974687889255,9.076273326330121e-09
350.0253761686819,-51.19983277714056,13.199999999992434,7.464330058461011,-5.0230993030528515,9.110057444055168e-09
350.0414282743847,-51.20004973096404,13.199999999992421,7.465152135681392,-5.021223755204439,9.14424575860245e-09
350.0574805294165,-51.2002644799784,13.199999999992409,7.465973778687971,-5.019348044649515,9.178130925533057e-09
350.0735329322361,-51.20047702411461,13.19999999999239,7.466794987296115,-5.017472171693674,9.2120834586007e-09
350.0895854813022,-51.20068736330402,13.199999999992379,7.467615761321404,-5.0155961366426425,9.246002308599828e-09
350.1056381750733,-51.20089549747838,13.199999999992363,7.468436100579644,-5.013719939802276,9.279988524735992e-09
350.1216910120078,-51.201101426569814,13.199999999992349,7.469256004886852,-5.011843581478553,9.313941057803637e-09
350.1377439905639,-51.20130515051086,13.199999999992334,7.47007547405927,-5.00996706197758,9.347960957008321e-09
350.1537971091997,-51.201506669234384,13.19999999999232,7.470894507913355,-5.008090381605577,9.381947173144487e-09
350.1698503663731,-51.2017059826737,13.199999999992304,7.471713106265774,-5.006213540668904,9.415866023143612e-09
350.18590376054203,-51.201903090762464,13.199999999992293,7.472531268933433,-5.004336539474023,9.450020654622374e-09
350.201957290164,-51.202097993434755,13.19999999999228,7.473348995733431,-5.00245937832755,9.483872138484462e-09
350.21801095369665,-51.202290690625,13.199999999992261,7.474166286483117,-5.000582057536196,9.517757305415067e-09
350.23406474959734,-51.202481182268045,13.199999999992247,7.4749831410000285,-4.998704577406809,9.551642472345673e-09
350.2501186763233,-51.20266946829911,13.199999999992233,7.475799559101946,-4.99682693824635,9.585797103824435e-09
350.2661727323317,-51.2028555486538,13.199999999992219,7.476615540606854,-4.994949140361918,9.619783319960601e-09
350.28222691607937,-51.2030394232681,13.199999999992205,7.477431085332959,-4.993071184060726,9.653601120754169e-09
350.29828122602333,-51.2032210920784,13.199999999992189,7.478246193098703,-4.991193069650101,9.687688386095892e-09
350.31433566062015,-51.20340055502148,13.199999999992176,7.479060863722715,-4.989314797437504,9.721573553026498e-09
350.33039021832644,-51.20357781203445,13.199999999992157,7.479875097023887,-4.987436367730517,9.755425036888584e-09
350.34644489759876,-51.20375286305488,13.199999999992146,7.480688892821298,-4.985557780836822,9.789444936093269e-09
350.3624996968932,-51.203925708020705,13.199999999992128,7.481502250934261,-4.983679037064263,9.823229053818316e-09
350.37855461466626,-51.204096346870216,13.199999999992116,7.482315171182309,-4.981800136720758,9.85735000222856e-09
350.39460964937365,-51.20426477954213,13.1999999999921,7.483127653385191,-4.979921080114385,9.891235169159166e-09
350.4106647994716,-51.2044310059755,13.199999999992087,7.483939697362882,-4.978041867553312,9.925154019158291e-09
350.42672006341564,-51.20459502610984,13.19999999999207,7.48475130293558,-4.976162499345852,9.959039186088898e-09
350.4427754396617,-51.20475683988501,13.199999999992057,7.485562469923693,-4.974282975800419,9.992924353019504e-09
350.4588309266652,-51.20491644724123,13.199999999992043,7.48637319814787,-4.972403297225551,1.0027011618361227e-08
350.4748865228816,-51.20507384811915,13.199999999992027,7.487183487428959,-4.970523463929917,1.0060829419154795e-08
350.49094222676626,-51.205229042459784,13.199999999992015,7.487993337588045,-4.968643476222285,1.00947145860854e-08
350.50699803677435,-51.205382030204554,13.199999999991999,7.4888027484464414,-4.966763334411553,1.0128835534495643e-08
350.52305395136085,-51.20553281129525,13.199999999991983,7.4896117198256515,-4.964883038806747,1.016261965222069e-08
350.5391099689809,-51.20568138567406,13.199999999991967,7.4904202515474445,-4.963002589716987,1.0196589026822595e-08
350.55516608808915,-51.20582775328355,13.199999999991952,7.491228343433777,-4.961121987451531,1.023059208449302e-08
350.5712223071404,-51.20597191406668,13.199999999991938,7.4920359953068445,-4.9592412323197514,1.0264308836081029e-08
350.58727862458926,-51.20611386796679,13.199999999991924,7.492843206989062,-4.957360324631127,1.0298227686080155e-08
350.6033350388903,-51.206253614927626,13.19999999999191,7.493649978303073,-4.955479264695262,1.0332331792956138e-08
350.6193915484978,-51.20639115489329,13.199999999991892,7.4944563090717295,-4.953598052821883,1.0366200118352485e-08
350.635448151866,-51.2065264878083,13.199999999991878,7.495262199118127,-4.95171668932082,1.040013580988587e-08
350.6515048474492,-51.206659613617546,13.199999999991862,7.49606764826556,-4.949835174502028,1.0434037818350737e-08
350.6675616337013,-51.20679053226632,13.199999999991848,7.4968726563375725,-4.947953508675578,1.0467906143747083e-08
350.6836185090763,-51.20691924370029,13.199999999991832,7.497677223157913,-4.946071692151651,1.0501959726020287e-08
350.6996754720281,-51.20704574786551,13.19999999999182,7.498481348550561,-4.944189725240555,1.0535743843745334e-08
