galstreams/tracks/track.st.Kshir.ibata2021.ecsv
# %ECSV 1.0
# ---
# datatype:
# - {name: ra, unit: deg, datatype: float64}
# - {name: dec, unit: deg, datatype: float64}
# - {name: distance, unit: kpc, datatype: float64}
# - {name: pm_ra_cosdec, unit: mas / yr, datatype: float64}
# - {name: pm_dec, unit: mas / yr, datatype: float64}
# - {name: radial_velocity, unit: km / s, datatype: float64}
# delimiter: ','
# meta: !!omap
# - __serialized_columns__:
#     dec:
#       __class__: astropy.coordinates.angles.Latitude
#       unit: &id001 !astropy.units.Unit {unit: deg}
#       value: !astropy.table.SerializedColumn {name: dec}
#     distance:
#       __class__: astropy.coordinates.distances.Distance
#       unit: !astropy.units.Unit {unit: kpc}
#       value: !astropy.table.SerializedColumn {name: distance}
#     pm_dec:
#       __class__: astropy.units.quantity.Quantity
#       unit: !astropy.units.Unit {unit: mas / yr}
#       value: !astropy.table.SerializedColumn {name: pm_dec}
#     pm_ra_cosdec:
#       __class__: astropy.units.quantity.Quantity
#       unit: !astropy.units.Unit {unit: mas / yr}
#       value: !astropy.table.SerializedColumn {name: pm_ra_cosdec}
#     ra:
#       __class__: astropy.coordinates.angles.Longitude
#       unit: *id001
#       value: !astropy.table.SerializedColumn {name: ra}
#       wrap_angle: !astropy.coordinates.Angle
#         unit: *id001
#         value: 360.0
#     radial_velocity:
#       __class__: astropy.units.quantity.Quantity
#       unit: !astropy.units.Unit {unit: km / s}
#       value: !astropy.table.SerializedColumn {name: radial_velocity}
# schema: astropy-2.0
ra,dec,distance,pm_ra_cosdec,pm_dec,radial_velocity
[from data line 853]
214.30593493614384,68.09167009326335,10.650948946541705,-7.5850650120877425,-2.7328374220253453,-235.64501919209832
214.3324336484105,68.09319147990549,10.652943320718814,-7.584703449745554,-2.729156399676971,-235.5097698420107
214.3589359028254,68.09470850813182,10.654937503265268,-7.584340937152728,-2.7254750168453725,-235.37441256545205
214.38544169130756,68.09622117374721,10.656931482166387,-7.583977471902658,-2.7217932759876025,-235.2389515881878
214.41195100575285,68.097729472558,10.65892524540751,-7.583613051591658,-2.7181111795659882,-235.10339113598363
214.4384638380342,68.09923340037204,10.660918780973953,-7.583247673818989,-2.7144287300481427,-234.96773543460492
214.4649801800015,68.10073295299871,10.662912076851045,-7.582881336186867,-2.7107459299069423,-234.8319887098174
214.4915000234816,68.10222812624883,10.664905121024114,-7.582514036300467,-2.707062781620544,-234.69615518738647
214.51802336027833,68.10371891593483,10.666897901478485,-7.582145771767939,-2.7033792876723646,-234.56023909307783
214.54455018217254,68.10520531787064,10.668890406199488,-7.581776540200415,-2.6996954505510864,-234.42424465265685
214.57108048092206,68.10668732787168,10.67088262317245,-7.581406339212024,-2.6960112727506504,-234.28817609188917
214.59761424826175,68.10816494175499,10.672874540382688,-7.581035166419914,-2.692326756770249,-234.1520376365404
214.62415147590337,68.10963815533914,10.674866145815535,-7.580663019444231,-2.6886419051143364,-234.0158335123759
214.6506921555358,68.11110696444425,10.676857427456321,-7.580289895908155,-2.684956720292603,-233.87956794516148
214.67723627882486,68.11257136489202,10.678848373290366,-7.579915793437915,-2.6812712048199927,-233.74324516066247
214.70378383741337,68.11403135250573,10.680838971303,-7.57954070966278,-2.677585361216688,-233.6068693846444
214.73033482292126,68.11548692311028,10.682829209479548,-7.579164642215082,-2.673899192008098,-233.470444842873
214.75688922694542,68.11693807253214,10.68481907580534,-7.578787588730226,-2.670212699724875,-233.33397576111372
214.78344704105973,68.11838479659937,10.6868085582657,-7.578409546846696,-2.666525886902894,-233.19746636513216
214.81000825681514,68.11982709114166,10.688797644845954,-7.578030514206075,-2.6628387560832687,-233.06092088069374
214.83657286573967,68.12126495199034,10.690786323531421,-7.577650488453045,-2.6591513098123123,-232.9243435335641
214.8631408593383,68.12269837497837,10.69277458230744,-7.577269467235405,-2.6554635506415685,-232.78773854950882
214.8897122290932,68.12412735594032,10.694762409159337,-7.576887448204077,-2.651775481127786,-232.65111015429335
214.9162869664634,68.12555189071243,10.69674979207243,-7.57650442901312,-2.6480871038329337,-232.51446257368323
214.94286506288515,68.12697197513262,10.69873671903205,-7.576120407319751,-2.6443984213241656,-232.37780003344423
214.9694465097717,68.1283876050404,10.700723178023523,-7.575735380784325,-2.640709436173855,-232.2411267593416
214.9960312985134,68.12979877627706,10.702709157032178,-7.5753493470703805,-2.6370201509595566,-232.10444697714107
215.02261942047764,68.13120548468547,10.704694644043334,-7.5749623038446385,-2.6333305682640242,-231.96776491260812
215.04921086700887,68.13260772611027,10.706679627042325,-7.5745742487769965,-2.629640690675204,-231.8310847915083
215.0758056294287,68.13400549639772,10.708664094014473,-7.574185179540565,-2.625950520786219,-231.69441083960712
215.10240369903576,68.13539879139589,10.710648032945107,-7.573795093811663,-2.6222600611953677,-231.5577472826702
215.12900506710588,68.13678760695447,10.712631431819558,-7.573403989269828,-2.6185693145061224,-231.42109834646325
215.1556097248919,68.13817193892491,10.714614278623143,-7.573011863597843,-2.6148782833271405,-231.28446825675147
215.18221766362382,68.1395517831604,10.716596561341191,-7.572618714481731,-2.6111869702722297,-231.1478612393006
215.20882887450875,68.14092713551588,10.718578267959034,-7.572224539610755,-2.6074953779603636,-231.0112815198761
215.23544334873094,68.142297991848,10.720559386461993,-7.5718293366774745,-2.6038035090156746,-230.87473332424364
215.26206107745176,68.14366434801521,10.722539904835397,-7.5714331033776965,-2.6001113660674444,-230.73822087816873
215.28868205180973,68.14502619987769,10.724519811064571,-7.571035837410538,-2.5964189517501084,-230.60174840741672
215.31530626292053,68.14638354329743,10.72649909313484,-7.570637536478402,-2.592726268703237,-230.46532013775345
215.341933701877,68.14773637413818,10.728477739031536,-7.570238198287003,-2.5890333195715414,-230.3289402949443
215.36856435974906,68.14908468826549,10.730455736739978,-7.569837820545381,-2.585340107004873,-230.19261310475503
215.39519822758393,68.15042848154668,10.732433074245504,-7.569436400965902,-2.581646633658205,-230.0563427929509
215.42183529640596,68.15176774985093,10.73440973953343,-7.569033937264277,-2.577952902191641,-229.92013358529755
215.44847555721665,68.15310248904922,10.736385720589084,-7.568630427159571,-2.574258915270399,-229.7839897075606
215.4751190009947,68.15443269501431,10.738361005397792,-7.56822586837421,-2.570564675564818,-229.64791538550546
215.5017656186961,68.15575836362083,10.740335581944887,-7.567820258633989,-2.56687018575034,-229.5119148448978
215.528415401254,68.1570794907453,10.742309438215688,-7.567413595668105,-2.563175448507516,-229.37599231150315
215.55506833957867,68.158396072266,10.744282562195526,-7.567005877209132,-2.559480466522003,-229.24015201108705
215.5817244245578,68.1597081040631,10.746254941869728,-7.566597100993063,-2.5557852424845464,-229.10439816941505
215.60838364705614,68.16101558201869,10.748226565223614,-7.5661872647593,-2.5520897790909833,-228.9687350122527
215.63504599791582,68.16231850201665,10.750197420242516,-7.565776366250688,-2.548394079042243,-228.83316676536546
215.66171146795614,68.16361685994279,10.752167494911761,-7.565364403213492,-2.5446981450443253,-228.69769765451903
215.68838004797374,68.16491065168482,10.754136777216674,-7.564951373397437,-2.541001979808313,-228.56233190547883
215.71505172874242,68.16619987313234,10.756105255142577,-7.564537274555715,-2.537305586050361,-228.42707374401047
215.74172650101335,68.16748452017684,10.758072916674806,-7.564122104444973,-2.5336089664916828,-228.29192739587944
215.76840435551503,68.16876458871177,10.760039749798683,-7.563705860825352,-2.5299121238585567,-228.1568970868514
215.79508528295315,68.17004007463245,10.76200574249953,-7.563288541460488,-2.5262150608823193,-228.02198704269182
215.8217692740108,68.17131097383619,10.763970882762676,-7.5628701441175155,-2.522517780299352,-227.8872014891662
215.84845631934832,68.17257728222219,10.765935158573454,-7.562450666567078,-2.5188202848510857,-227.75254465204011
215.87514640960345,68.17383899569164,10.767898557917182,-7.562030106583357,-2.5151225772839876,-227.6180207570792
215.90183953539122,68.1750961101477,10.76986106877919,-7.561608461944063,-2.5114246603495562,-227.48363403004896
215.92853568730405,68.17634862149545,10.771822679144808,-7.561185730430449,-2.5077265368043307,-227.3493886967149
215.95523485591167,68.17759652564197,10.77378337699935,-7.560761909827335,-2.5040282094098645,-227.21528898284262
215.98193703176128,68.17883981849633,10.77574315032816,-7.5603369979231,-2.5003296809327296,-227.0813391141976
216.00864220537736,68.1800784959696,10.777701987116549,-7.559910992509716,-2.496630954144514,-226.94754331654536
216.0353503672618,68.1813125539748,10.779659875349854,-7.5594838913827225,-2.492932031821814,-226.81390581565165
216.06206150789396,68.18254198842706,10.781616803013394,-7.559055692341277,-2.4892329167462224,-226.6804308372818
216.0887756177305,68.18376679524343,10.783572758092504,-7.5586263931881446,-2.4855336117043407,-226.54712260720135
216.11549268720566,68.18498697034303,10.785527728572502,-7.5581959917297095,-2.4818341194877442,-226.41398535117605
216.14221270673102,68.186202509647,10.787481702438718,-7.557764485775992,-2.4781344428930057,-226.28102329497145
216.16893566669555,68.18741340907856,10.78943466767648,-7.557331873140646,-2.4744345847216795,-226.1482406643527
216.19566155746585,68.18861966456294,10.791386612271111,-7.556898151640994,-2.47073454778028,-226.01564168508582
216.22239036938586,68.18982127202743,10.793337524207942,-7.556463319098008,-2.4670343348803065,-225.8832305829361
216.24912209277701,68.19101822740144,10.795287391472296,-7.556027373336349,-2.4633339488382084,-225.7510115836691
216.27585671793824,68.19221052661639,10.797236202049495,-7.555590312184359,-2.459633392475409,-225.61898891305046
216.3025942351461,68.19339816560583,10.799183943924879,-7.555152133474069,-2.4559326686182543,-225.48716679684566
216.3293346346545,68.19458114030537,10.801130605083761,-7.554712835041228,-2.4522317800980646,-225.35554946082036
216.35607790669496,68.19575944665279,10.803076173511474,-7.55427241472529,-2.4485307297510843,-225.22414113073992
216.3828240414765,68.19693308058787,10.805020637193344,-7.55383087036946,-2.4448295204185007,-225.09294603237004
216.40957302918585,68.19810203805261,10.806963984114697,-7.553388199820656,-2.4411281549464094,-224.96196839147626
216.43632485998705,68.19926631499109,10.808906202260857,-7.552944400929565,-2.43742663618586,-224.83121243382385
216.463079524022,68.20042590734954,10.810847279617153,-7.552499471550629,-2.433724966992786,-224.70068238517888
216.48983701140995,68.20158081107633,10.812787204168917,-7.552053409542051,-2.430023150228051,-224.57038247130643
216.5165973122479,68.20273102212195,10.814725963901465,-7.55160621276583,-2.426321188757413,-224.44031691797232
216.54336041661045,68.20387653643913,10.816663546800129,-7.551157879087757,-2.422619085451533,-224.3104899509419
216.57012631454978,68.20501734998267,10.818599940850234,-7.55070840637741,-2.4189168431859627,-224.18090579598098
216.5968949960958,68.20615345870965,10.820535134037105,-7.550257792508202,-2.4152144648411378,-224.05156867885475
216.62366645125607,68.20728485857924,10.82246911434607,-7.549806035357355,-2.411511953302368,-223.922482825329
216.65044067001568,68.20841154555288,10.824401869762461,-7.549353132805928,-2.4078093114598484,-223.7936524611693
216.67721764233764,68.20953351559416,10.826333388271596,-7.548899082738828,-2.4041065422086314,-223.6650818121411
216.7039973581625,68.21065076466893,10.828263657858805,-7.5484438830448255,-2.400403648448633,-223.53677510401
216.73077980740854,68.21176328874519,10.830192666509419,-7.547987531616538,-2.3967006330846274,-223.40873656254135
216.75756497997187,68.21287108379323,10.832120402208755,-7.547530026350484,-2.392997499026227,-223.28097041350108
216.7843528657262,68.21397414578558,10.834046852942143,-7.547071365147048,-2.389294249187894,-223.15348088265432
216.81114345452315,68.21507247069695,10.835972006694915,-7.546611545910526,-2.3855908864889237,-223.02627219576704
216.83793673619198,68.21616605450436,10.837895851452393,-7.5461505665491195,-2.381887413853439,-222.89934857860447
216.86473270053983,68.21725489318708,10.8398183751999,-7.545688424974944,-2.3781838342103887,-222.77271425693232
216.89153133735164,68.21833898272662,10.841739565922772,-7.545225119104053,-2.3744801504935307,-222.64637345651593
216.91833263639006,68.21941831910682,10.843659411606323,-7.544760646856435,-2.370776365641441,-222.52033040312105
216.94513658739575,68.22049289831376,10.845577900235892,-7.54429500615603,-2.3670724825974907,-222.39458932251316
216.9719431800871,68.22156271633585,10.847495019796796,-7.543828194930746,-2.3633685043098467,-222.2691544404579
216.9987524041603,68.22262776916376,10.849410758274368,-7.543360211112445,-2.3596644337314743,-222.14402998272072
217.02556424928963,68.22368805279051,10.851325103653933,-7.542891052636987,-2.3559602738201137,-222.0192201750671
217.05237870512713,68.22474356321142,10.853238043920811,-7.542420717444227,-2.352256027538278,-221.89472924326273
217.07919576130269,68.22579429642416,10.855149567060336,-7.54194920347801,-2.3485516978532597,-221.77056141307307
217.10601540742422,68.22684024842866,10.85705966105783,-7.541476508686202,-2.3448472877371156,-221.64672091026358
217.13283763307763,68.22788141522733,10.858968313898625,-7.5410026310206915,-2.3411428001666366,-221.52321196060018
217.15966242782662,68.22891779282482,10.860875513568043,-7.540527568437403,-2.3374382381233882,-221.40003878984786
217.18648978121306,68.22994937722818,10.862781248051414,-7.540051318896305,-2.33373360459366,-221.27720562377266
217.21331968275663,68.23097616444683,10.864685505334059,-7.539573880361419,-2.3300289025684933,-221.15471668813979
217.2401521219552,68.23199815049256,10.866588273401305,-7.539095250800839,-2.3263241350436386,-221.03257620871508
217.26698708828442,68.23301533137956,10.868489540238485,-7.5386154281867235,-2.3226193050195816,-220.91078841126387
217.2938245711983,68.23402770312438,10.870389293830922,-7.538134410495333,-2.318914415501517,-220.78935752155186
217.3206645601286,68.23503526174603,10.872287522163937,-7.537652195707006,-2.315209469499351,-220.66828776534442
217.34750704448535,68.23603800326589,10.874184213222867,-7.537168781806204,-2.3115044700276846,-220.54758336840712
217.37435201365668,68.23703592370775,10.876079354993031,-7.536684166781501,-2.30779942010581,-220.42724855650565
217.4011994570087,68.23802901909787,10.877972935459756,-7.536198348625595,-2.304094322757713,-220.30728755540554
217.4280493638857,68.2390172854649,10.879864942608373,-7.535711325335326,-2.3003891810120565,-220.18770459087213
217.45490172361022,68.24000071883997,10.881755364424198,-7.535223094911691,-2.296683997902165,-220.06850388867122
217.4817565254828,68.24097931525664,10.883644188892571,-7.534733655359821,-2.2929787764660414,-219.94968967456825
217.5086137587823,68.24195307075094,10.885531403998817,-7.534243004689037,-2.2892735197463354,-219.83126617432868
217.53547341276573,68.24292198136138,10.887416997728247,-7.533751140912845,-2.2855682307903535,-219.71323761371823
217.56233547666827,68.2438860431289,10.8893009580662,-7.5332580620489225,-2.2818629126500385,-219.59560821850235
217.58919993970335,68.244845252097,10.891183272998004,-7.532763766119152,-2.2781575683819737,-219.4783822144466
217.61606679106276,68.2457996043116,10.893063930508987,-7.532268251149633,-2.2744522010473602,-219.36156382731662
217.64293601991645,68.24674909582117,10.89494291858446,-7.531771515170679,-2.2707468137120363,-219.2451572828778
217.6698076154127,68.24769372267667,10.896820225209767,-7.531273556216837,-2.267041409446441,-219.1291668068957
217.69668156667808,68.2486334809316,10.898695838370227,-7.530774372326896,-2.263335991325618,-219.01359662513593
217.72355786281756,68.24956836664197,10.900569746051165,-7.5302739615438945,-2.2596305624292077,-218.89845096336407
217.75043649291433,68.2504983758663,10.90244193623791,-7.52977232191513,-2.255925125841455,-218.78373404734552
217.7773174460301,68.2514235046657,10.904312396915788,-7.52926945149218,-2.2522196846511635,-218.66945010284613
217.8042007112049,68.2523437491038,10.906181116070126,-7.528765348330889,-2.2485142419517317,-218.55560335563115
217.83108627745713,68.25325910524681,10.908048081686253,-7.528260010491412,-2.2448088008411187,-218.44219803146623
217.85797413378364,68.25416956916347,10.909913281749489,-7.527753436038191,-2.2411033644218428,-218.3292383561168
217.88486426915975,68.25507513692516,10.911776704245163,-7.527245623039985,-2.237397935800974,-218.2167285553487
217.91175667253924,68.25597580460578,10.913638337158604,-7.526736569569881,-2.2336925180901233,-218.1046728549273
217.93865133285436,68.25687156828188,10.915498168475136,-7.526226273705291,-2.2299871144054473,-217.99307548061796
217.96554823901587,68.25776242403253,10.917356186180088,-7.525714733527966,-2.226281727867622,-217.8819406581865
217.9924473799131,68.25864836793953,10.919212378258784,-7.525201947124025,-2.2225763616018437,-217.77127261339837
218.0193487444139,68.25952939608716,10.921066732696548,-7.524687912583936,-2.2188710187378273,-217.6610755720192
