galstreams/tracks/track.st.Gaia-2.ibata2021.ecsv
# %ECSV 1.0
# ---
# datatype:
# - {name: ra, unit: deg, datatype: float64}
# - {name: dec, unit: deg, datatype: float64}
# - {name: distance, unit: kpc, datatype: float64}
# - {name: pm_ra_cosdec, unit: mas / yr, datatype: float64}
# - {name: pm_dec, unit: mas / yr, datatype: float64}
# - {name: radial_velocity, unit: km / s, datatype: float64}
# delimiter: ','
# meta: !!omap
# - __serialized_columns__:
#     dec:
#       __class__: astropy.coordinates.angles.Latitude
#       unit: &id001 !astropy.units.Unit {unit: deg}
#       value: !astropy.table.SerializedColumn {name: dec}
#     distance:
#       __class__: astropy.coordinates.distances.Distance
#       unit: !astropy.units.Unit {unit: kpc}
#       value: !astropy.table.SerializedColumn {name: distance}
#     pm_dec:
#       __class__: astropy.units.quantity.Quantity
#       unit: !astropy.units.Unit {unit: mas / yr}
#       value: !astropy.table.SerializedColumn {name: pm_dec}
#     pm_ra_cosdec:
#       __class__: astropy.units.quantity.Quantity
#       unit: !astropy.units.Unit {unit: mas / yr}
#       value: !astropy.table.SerializedColumn {name: pm_ra_cosdec}
#     ra:
#       __class__: astropy.coordinates.angles.Longitude
#       unit: *id001
#       value: !astropy.table.SerializedColumn {name: ra}
#       wrap_angle: !astropy.coordinates.Angle
#         unit: *id001
#         value: 360.0
#     radial_velocity:
#       __class__: astropy.units.quantity.Quantity
#       unit: !astropy.units.Unit {unit: km / s}
#       value: !astropy.table.SerializedColumn {name: radial_velocity}
# schema: astropy-2.0
ra,dec,distance,pm_ra_cosdec,pm_dec,radial_velocity
[from data line 556]
4.466249826196268,-13.418415188541431,6.9937048568909415,-0.14652019481159073,-0.27496891155158387,-332.1916100671772
4.471657463062992,-13.42696008474917,6.993971852359016,-0.14586296571347124,-0.27446689794937873,-333.9521193022107
4.47706651762695,-13.435504232836834,6.994239326517309,-0.14520310237315115,-0.2739604812878298,-335.5000123061499
4.482476984343002,-13.444047636262905,6.994507275976222,-0.14454061934596074,-0.27344967752952254,-336.837151769522
4.487888857665724,-13.452590298486415,6.994775697346151,-0.1438755311863088,-0.2729345026380319,-337.9654003828541
4.493302132049297,-13.461132222966773,6.995044587237495,-0.14320785244768153,-0.27241497257792435,-338.8866208366725
4.498716801947421,-13.46967341316362,6.995313942260649,-0.14253759768263274,-0.2718911033147635,-339.602675821505
4.5041328618135035,-13.478213872537141,6.995583759026011,-0.14186478144278913,-0.27136291081511343,-340.1154280278782
4.509550306100561,-13.486753604547898,6.995854034143979,-0.14118941827883613,-0.2708304110465374,-340.42674014631865
4.5149691292611225,-13.495292612656687,6.99612476422495,-0.14051152274052225,-0.27029361997760626,-340.53847486735395
4.52038932574746,-13.5038309003249,6.9963959458793195,-0.139831109376651,-0.2697525535779013,-340.4524948815105
4.525810890011315,-13.512368471014113,6.99666757571749,-0.13914819273507872,-0.269207227818014,-340.170662879316
4.531233816504148,-13.520905328186444,6.996939650349852,-0.13846278736270834,-0.2686576586695506,-339.6948415512968
4.536658099677017,-13.529441475304399,6.9972121663868085,-0.13777490780548907,-0.2681038621051379,-339.0268935879798
4.542083733980493,-13.537976915830725,6.997485120438753,-0.13708456860841067,-0.26754585409842147,-338.16868167989264
4.547510713864852,-13.546511653228725,6.997758509116085,-0.13639178431549825,-0.2669836506240775,-337.1220685175615
4.552939033779973,-13.55504569096207,6.998032329029202,-0.1356965694698108,-0.26641726765780493,-335.88891679151374
4.55836868817525,-13.563579032494703,6.998306576788501,-0.13499893861343581,-0.2658467211763367,-334.4710891922761
4.563799671499808,-13.572111681291144,6.998581249004376,-0.13429890628748564,-0.265272027157442,-332.870448410376
4.569231978202244,-13.580643640816117,6.9988563422872305,-0.13359648703209548,-0.26469320157992504,-331.0888571363398
4.57466560273086,-13.589174914534887,6.999131853247459,-0.13289169538641632,-0.2641102604236316,-329.1281780606949
4.580100539533561,-13.59770550591313,6.999407778495456,-0.13218454588861306,-0.26352321966945436,-326.99027387396814
4.585536783057762,-13.60623541841677,6.99968411464162,-0.13147505307586016,-0.26293209529933237,-324.6770072666862
4.590974327750569,-13.61476465551227,6.999960858296352,-0.13076323148433855,-0.26233690329625525,-322.1902409293768
4.596413168058696,-13.623293220666495,7.000238006070047,-0.1300490956492304,-0.2617376596442653,-319.53183755256623
4.60185329842836,-13.631821117346583,7.000515554573102,-0.12933266010471678,-0.2611343803284649,-316.70365982678146
4.60729471330551,-13.640348349020254,7.000793500415916,-0.1286139393839718,-0.26052708133501556,-313.7075704425497
4.61273740713557,-13.648874919155446,7.001071840208882,-0.12789294801916085,-0.25991577865114146,-310.54543209039764
4.618181374363646,-13.657400831220638,7.001350570562402,-0.12716970054143595,-0.25930048826513596,-307.2191074608524
4.62362660943446,-13.665926088684735,7.001629688086872,-0.12644421148093077,-0.25868122616636047,-303.73045924444136
4.629073106792228,-13.674450695016887,7.001909189392688,-0.125716495366759,-0.25805800834525106,-300.0813501316909
4.634520860880896,-13.682974653686848,7.00218907109025,-0.12498656672700847,-0.2574308507933183,-296.27364281312794
4.63996986614388,-13.691497968164603,7.002469329789951,-0.1242544400887381,-0.2567997695031565,-292.30919997927975
4.645420117024284,-13.70002064192067,7.002749962102194,-0.12352012997797523,-0.25616478046843616,-288.1898843206734
4.650871607964817,-13.708542678426,7.003030964637371,-0.12278365091970889,-0.2555258996839205,-283.9175585278353
4.6563243334076825,-13.717064081151795,7.003312334005881,-0.12204501743788876,-0.25488314314545724,-279.494085291293
4.661778287794779,-13.725584853569831,7.003594066818124,-0.12130424405542006,-0.2542365268499902,-274.92132730157317
4.667233465567597,-13.734104999152287,7.003876159684496,-0.12056134529415907,-0.2535860667955556,-270.2011472492029
4.672689861167129,-13.742624521371614,7.004158609215391,-0.11981633567491179,-0.25293177898128993,-265.33540782470885
4.678147469034059,-13.751143423700832,7.004441412021209,-0.11906922971742628,-0.2522736794074312,-260.32597171861823
4.683606283608658,-13.759661709613363,7.00472456471235,-0.1183200419403928,-0.2516117840753216,-255.1747016214583
4.689066299330703,-13.768179382582927,7.005008063899207,-0.11756878686143668,-0.25094610898741365,-249.8834602237554
4.694527510639682,-13.776696446083834,7.005291906192178,-0.11681547899711664,-0.2502766701472703,-244.45411021603644
4.6999899119745585,-13.785212903590633,7.005576088201663,-0.11606013286291983,-0.24960348355956663,-238.88851428882916
4.705453497773974,-13.793728758578435,7.005860606538057,-0.11530276297325859,-0.24892656523010004,-233.18853513266
4.710918262476165,-13.802244014522774,7.00614545781176,-0.11454338384146667,-0.24824593116578386,-227.35603543805607
4.7163842005188625,-13.810758674899471,7.006430638633163,-0.11378200997979404,-0.247561597374659,-221.3928778955444
4.7218513063395156,-13.819272743184953,7.006716145612672,-0.11301865589940496,-0.24687357986589298,-215.30092519565162
4.727319574375038,-13.82778622285588,7.007001975360678,-0.11225333611037291,-0.24618189464978046,-209.08204002890488
4.732788999062017,-13.83629911738949,7.007288124487581,-0.11148606512167808,-0.24548655773775296,-202.73808508583122
4.7382595748366425,-13.84481143026345,7.007574589603778,-0.11071685744120113,-0.24478758514237775,-196.27092305695734
4.743731296134588,-13.853323164955697,7.007861367319664,-0.10994572757572202,-0.2440849928773603,-189.6824166328105
4.7492041573912145,-13.861834324944763,7.00814845424564,-0.10917269003091434,-0.24337879695755094,-182.97442850391778
4.754678153041465,-13.870344913709593,7.008435846992101,-0.10839775931134232,-0.24266901339894353,-176.1488213608058
4.760153277519779,-13.87885493472942,7.008723542169445,-0.1076209499204569,-0.2419556582186836,-169.20745789400144
4.7656295252603025,-13.887364391484116,7.009011536388071,-0.10684227636059168,-0.24123874743506635,-162.15220079403198
4.771106890696647,-13.89587328745378,7.0092998262583714,-0.10606175313295974,-0.24051829706754313,-154.98491275142433
4.776585368262096,-13.90438162611909,7.00958840839075,-0.1052793947376488,-0.2397943231367251,-147.70745645670513
4.782064952389522,-13.91288941096117,7.0098772793955995,-0.10449521567361808,-0.23906684166438186,-140.32169460040166
4.787545637511288,-13.921396645461424,7.010166435883319,-0.10370923043869446,-0.23833586867345025,-132.829489873041
4.793027418059431,-13.929903333101853,7.010455874464306,-0.10292145352956827,-0.23760142018803365,-125.23270496514961
4.798510288465572,-13.938409477364873,7.0107455917489565,-0.10213189944179041,-0.23686351223340574,-117.53320256725486
4.803994243160816,-13.94691508173322,7.011035584347669,-0.10134058266976725,-0.23612216083601545,-109.73284536988373
4.809479276575984,-13.95542014969024,7.01132584887084,-0.10054751770675774,-0.23537738202348735,-101.83349606356295
4.8149653831413435,-13.963924684719549,7.011616381928868,-0.09975271904486918,-0.23462919182462622,-93.83701733881955
4.8204525572868375,-13.972428690305334,7.01190718013215,-0.09895620117505416,-0.23387760626941995,-85.74527188618072
4.825940793441996,-13.980932169932226,7.012198240091084,-0.09815797858710507,-0.2331226413890432,-77.56012239617222
4.831430086035827,-13.98943512708517,7.012489558416064,-0.09735806576965256,-0.23236431321585949,-69.28343155932271
4.836920429497011,-13.997937565249678,7.012781131717491,-0.09655647721016017,-0.23160263778342405,-60.91706206615867
4.842411818253815,-14.006439487911734,7.013072956605761,-0.0957532273949204,-0.23083763112648853,-52.46287660720668
4.847904246733979,-14.014940898557601,7.013365029691271,-0.09494833080905234,-0.2300693092810019,-43.92273787299393
4.853397709364953,-14.023441800674197,7.013657347584418,-0.09414180193649653,-0.22929768828411562,-35.29850855404742
4.858892200573632,-14.031942197748691,7.013949906895601,-0.09333365526001178,-0.228522784174185,-26.59205134089381
4.864387714786587,-14.040442093268844,7.014242704235219,-0.09252390526117125,-0.22774461299077314,-17.80522892406043
4.869884246429963,-14.048941490722877,7.014535736213663,-0.09171256642035876,-0.22696319077465404,-8.939903994073918
4.875381789929383,-14.057440393599311,7.0148289994413355,-0.09089965321676483,-0.22617853356781473,0.0020607585385045146
4.880880339710138,-14.065938805387262,7.015122490528631,-0.09008518012838305,-0.22539065741345962,9.018802643250066
4.8863798901971,-14.074436729576307,7.015416206085951,-0.08926916163200624,-0.22459957835601246,18.108458969533668
4.891880435814611,-14.082934169656333,7.015710142723687,-0.08845161220322283,-0.22380531244111956,27.269167046862542
4.897381970986717,-14.091431129117868,7.016004297052241,-0.0876325463164128,-0.22300787571565361,36.499064184709475
4.902884490136906,-14.099927611451708,7.01629866568201,-0.08681197844474411,-0.22220728422771585,45.79628769254771
4.908387987688339,-14.108423620149257,7.016593245223389,-0.08598992306016899,-0.22140355402663903,55.15897487985013
4.913892458063739,-14.116919158702366,7.016888032286777,-0.08516639463341998,-0.22059670116299107,64.58526305608994
4.919397895685312,-14.125414230603209,7.01718302348257,-0.08434140763400651,-0.2197867416885777,74.07328953073998
4.924904294974925,-14.133908839344567,7.017478215421163,-0.08351497653021062,-0.21897369165644553,83.62119161327345
4.930411650354015,-14.142402988419674,7.01777360471296,-0.0826871157890835,-0.21815756712088408,93.22710661316357
4.9359199562434934,-14.150896681322086,7.018069187968354,-0.08185783987644207,-0.217338384137432,102.88917183988288
4.941429207063965,-14.159389921546023,7.018364961797745,-0.08102716325686457,-0.21651615876287478,112.60552460290474
4.946939397235479,-14.167882712585968,7.018660922811526,-0.08019510039368741,-0.21569090705525307,122.3743022117021
4.952450521177742,-14.176375057937006,7.018957067620098,-0.07936166574900091,-0.2148626450738621,132.19364197574814
4.957962573310031,-14.184866961094711,7.019253392833856,-0.07852687378364615,-0.214031388879256,142.06168120451582
4.963475548051089,-14.193358425554957,7.019549895063201,-0.07769073895721018,-0.21319715453325183,151.976557207479
4.968989439819328,-14.201849454814244,7.019846570918523,-0.0768532757280242,-0.2123599580989295,161.93640729410885
4.974504243032716,-14.210340052369542,7.020143417010228,-0.07601449855315762,-0.21151981564063704,171.93936877387964
4.9800199521086945,-14.21883022171813,7.020440429948708,-0.07517442188841594,-0.21067674322399443,181.98357895626418
4.985536561464392,-14.227319966357976,7.020737606344363,-0.0743330601883358,-0.2098307569158928,192.06717515073538
4.991054065516382,-14.235809289787305,7.021034942807589,-0.07349042790618276,-0.20898187278450386,202.18829466676658
4.996572458680884,-14.244298195504978,7.021332435948782,-0.0726465394939459,-0.20813010689927336,212.34507481383068
5.002091735373684,-14.25278668701031,7.021630082378341,-0.0718014094023352,-0.2072754753309345,222.53565290140065
5.007611890010039,-14.261274767802965,7.021927878706664,-0.07095505208077812,-0.20641799415150142,232.75816623894966
5.013132917004856,-14.269762441383214,7.022225821544148,-0.07010748197741457,-0.2055576794342806,243.01075213595075
5.018654810772604,-14.278249711251814,7.022523907501188,-0.06925871353909419,-0.20469454725386704,253.29154790187687
5.024177565727218,-14.286736580909846,7.0228221331881855,-0.06840876121137263,-0.2038286136861509,263.59869084620095
5.029701176282315,-14.295223053859074,7.023120495215533,-0.06755763943850723,-0.20295989480831866,273.9303182783962
5.035225636850949,-14.30370913360154,7.0234189901936315,-0.06670536266345439,-0.2020884066988562,284.2845675079356
5.040750941845823,-14.312194823639912,7.023717614732878,-0.06585194532786454,-0.20121416543755677,294.65957584429236
5.046277085679196,-14.320680127477344,7.024016365443668,-0.06499740187207914,-0.20033718710551085,305.0534805969394
5.051804062762796,-14.329165048617329,7.0243152389364,-0.06414174673512807,-0.1994574877851254,315.4644190753496
5.057331867507993,-14.337649590563972,7.024614231821471,-0.06328499435472346,-0.19857508356011522,325.8905285889962
5.0628604943257205,-14.346133756821889,7.024913340709277,-0.062427159167258495,-0.1976899905155114,336.329946447352
5.068389937626365,-14.354617550896005,7.0252125622102195,-0.0615682556078021,-0.19680222473765774,346.78080995989046
5.073920191819998,-14.363100976291962,7.02551189293469,-0.060708298110095815,-0.19591180231422678,357.24125643608426
5.079451251316118,-14.37158403651566,7.0258113294930915,-0.059847301106550566,-0.19501873933420333,367.7094231854065
5.084983110523873,-14.38006673507365,7.0261108684958185,-0.05898527902824302,-0.19412305188790757,378.18344751733036
5.0905157638519585,-14.388549075472971,7.026410506553269,-0.05812224630490925,-0.19322475606698486,388.6614667413287
5.096049205708532,-14.39703106122101,7.02671024027584,-0.05725821736494652,-0.1923238679644066,399.14161816687573
5.101583430501394,-14.405512695825774,7.027010066273927,-0.0563932066354037,-0.19142040367449242,409.6220391034423
5.1071184326378996,-14.413993982795784,7.02730998115793,-0.055527228541982554,-0.19051437929288229,420.10086686050266
5.112654206524857,-14.422474925639891,7.027609981538247,-0.05466029750903045,-0.18960581091656925,430.5762387475297
5.118190746568748,-14.430955527867644,7.027910064025272,-0.05379242795953876,-0.18869471464388488,441.04629207399654
5.123728047175481,-14.43943579298889,7.0282102252294045,-0.052923634315138024,-0.18778110657450364,451.5091641493763
5.1292661027506075,-14.447915724514111,7.028510461761041,-0.052053930996096565,-0.18686500280945362,461.96299228314183
5.134804907699223,-14.456395325954292,7.028810770230582,-0.05118333242131312,-0.185946419451112,472.40591378476626
5.14034445642588,-14.46487460082077,7.02911114724842,-0.05031185300831642,-0.18502537260321006,482.8360659637225
5.145884743334771,-14.473353552625525,7.029411589424954,-0.049439507173260955,-0.18410187837083525,493.2515861294837
5.151425762829632,-14.481832184881036,7.029712093370582,-0.04856630933092232,-0.18317595286043487,503.6506115915231
5.156967509313651,-14.490310501100124,7.030012655695701,-0.04769227389469388,-0.18224761217982755,514.0312796593132
5.1625099771896865,-14.498788504796329,7.030313273010712,-0.04681741527658323,-0.18131687243818195,524.3917276423277
5.168053160860021,-14.507266199483487,7.030613941926006,-0.04594174788721106,-0.18038374974604343,534.7300928500395
5.1735970547265655,-14.515743588676083,7.030914659051985,-0.04506528613580185,-0.17944826021532823,545.0445125919211
5.179141653190784,-14.5242206758891,7.031215420999043,-0.04418804443018742,-0.1785104199593306,555.333124177446
5.184686950653577,-14.532697464637891,7.031516224377579,-0.04331003717679516,-0.1775702450927099,565.5940649160873
5.190232941515491,-14.541173958438455,7.03181706579799,-0.04243127878065378,-0.17662775173151424,575.8254721173176
5.19577962017661,-14.549650160807294,7.0321179418706725,-0.041551783645382256,-0.17568295599317008,586.0254830906106
5.201326981036462,-14.558126075261283,7.0324188492060244,-0.040671566173188456,-0.1747358739964895,596.1922351454385
5.206875018494242,-14.566601705317975,7.032719784414448,-0.03979064076486738,-0.17378652186167542,606.3238655912751
5.212423726948566,-14.575077054495283,7.033020744106332,-0.03890902181979716,-0.17283491571031107,616.4185117375931
