galstreams/tracks/track.st.M92.sollima2020.ecsv
# %ECSV 0.9
# ---
# datatype:
# - {name: ra, unit: deg, datatype: float64}
# - {name: dec, unit: deg, datatype: float64}
# - {name: distance, unit: kpc, datatype: float64}
# - {name: pm_ra_cosdec, unit: mas / yr, datatype: float64}
# - {name: pm_dec, unit: mas / yr, datatype: float64}
# - {name: radial_velocity, unit: km / s, datatype: float64}
# delimiter: ','
# meta: !!omap
# - __serialized_columns__:
#     dec:
#       __class__: astropy.coordinates.angles.Latitude
#       unit: &id001 !astropy.units.Unit {unit: deg}
#       value: !astropy.table.SerializedColumn {name: dec}
#     distance:
#       __class__: astropy.coordinates.distances.Distance
#       unit: !astropy.units.Unit {unit: kpc}
#       value: !astropy.table.SerializedColumn {name: distance}
#     pm_dec:
#       __class__: astropy.units.quantity.Quantity
#       unit: !astropy.units.Unit {unit: mas / yr}
#       value: !astropy.table.SerializedColumn {name: pm_dec}
#     pm_ra_cosdec:
#       __class__: astropy.units.quantity.Quantity
#       unit: !astropy.units.Unit {unit: mas / yr}
#       value: !astropy.table.SerializedColumn {name: pm_ra_cosdec}
#     ra:
#       __class__: astropy.coordinates.angles.Longitude
#       unit: *id001
#       value: !astropy.table.SerializedColumn {name: ra}
#       wrap_angle: !astropy.coordinates.Angle
#         unit: *id001
#         value: 360.0
#     radial_velocity:
#       __class__: astropy.units.quantity.Quantity
#       unit: !astropy.units.Unit {unit: km / s}
#       value: !astropy.table.SerializedColumn {name: radial_velocity}
# schema: astropy-2.0
ra,dec,distance,pm_ra_cosdec,pm_dec,radial_velocity
254.4337933366583,41.35298137707026,8.100000000000005,0.0,0.0,0.0
254.4430683573549,41.33398310674139,8.100000000000005,0.0,0.0,0.0
254.452492482583,41.31565987929382,8.100000000000005,0.0,0.0,0.0
254.4620636813214,41.2980019770071,8.100000000000005,0.0,0.0,0.0
254.47177994757033,41.28099976814083,8.100000000000005,0.0,0.0,0.0
254.48163929984085,41.2646437064885,8.100000000000007,0.0,0.0,0.0
254.49163978065874,41.24892433093169,8.100000000000005,0.0,0.0,0.0
254.50177945608266,41.233832264994945,8.100000000000005,0.0,0.0,0.0
254.5120564152359,41.219358216400884,8.100000000000007,0.0,0.0,0.0
254.522468769851,41.205492976626054,8.100000000000005,0.0,0.0,0.0
254.53301465382805,41.19222742045718,8.100000000000003,0.0,0.0,0.0
254.54369222280462,41.179552505548024,8.100000000000003,0.0,0.0,0.0
254.55449965373776,41.1674592719768,8.100000000000005,0.0,0.0,0.0
254.5654351444988,41.15593884180418,8.100000000000005,0.0,0.0,0.0
254.57649691347763,41.14498241863194,8.100000000000005,0.0,0.0,0.0
254.58768319919994,41.1345812871622,8.100000000000007,0.0,0.0,0.0
254.59899225995352,41.1247268127573,8.100000000000005,0.0,0.0,0.0
254.61042237342625,41.115410441000435,8.100000000000003,0.0,0.0,0.0
254.62197183635308,41.10662369725679,8.100000000000005,0.0,0.0,0.0
254.63363896417317,41.09835818623554,8.100000000000005,0.0,0.0,0.0
254.6454220906971,41.09060559155238,8.100000000000001,0.0,0.0,0.0
254.65731956778197,41.08335767529307,8.100000000000001,0.0,0.0,0.0
254.6693297650167,41.076606277577305,8.100000000000003,0.0,0.0,0.0
254.68145106941506,41.070343316123676,8.100000000000003,0.0,0.0,0.0
254.69368188511785,41.06456078581523,8.100000000000003,0.0,0.0,0.0
254.70602063310272,41.059250758265854,8.100000000000003,0.0,0.0,0.0
254.71846575090194,41.05440538138737,8.100000000000001,0.0,0.0,0.0
254.7310156923285,41.050016878957564,8.100000000000001,0.0,0.0,0.0
254.74366892720892,41.04607755018883,8.100000000000003,0.0,0.0,0.0
254.75642394112356,41.04257976929786,8.100000000000003,0.0,0.0,0.0
254.76927923515424,41.03951598507595,8.100000000000003,0.0,0.0,0.0
254.7822333256388,41.03687872046027,8.100000000000003,0.0,0.0,0.0
254.79528474393163,41.03466057210596,8.100000000000003,0.0,0.0,0.0
254.80843203617155,41.03285420995908,8.100000000000003,0.0,0.0,0.0
254.82167376305523,41.03145237683039,8.100000000000003,0.0,0.0,0.0
254.83500849961774,41.03044788796999,8.100000000000001,0.0,0.0,0.0
254.84843483501768,41.02983363064303,8.100000000000003,0.0,0.0,0.0
254.86195137232934,41.029602563706085,8.100000000000001,0.0,0.0,0.0
254.8755567283398,41.02974771718454,8.100000000000003,0.0,0.0,0.0
254.88924953335166,41.03026219185078,8.100000000000003,0.0,0.0,0.0
254.9030284309913,41.03113915880358,8.100000000000003,0.0,0.0,0.0
254.91689207802202,41.03237185904806,8.100000000000001,0.0,0.0,0.0
254.93083914416212,41.033953603076775,8.100000000000001,0.0,0.0,0.0
254.94486831190864,41.03587777045171,8.100000000000001,0.0,0.0,0.0
254.9589782763646,41.038137809387266,8.100000000000001,0.0,0.0,0.0
254.97316774507215,41.040727236334085,8.100000000000001,0.0,0.0,0.0
254.98743543784911,41.04363963556393,8.100000000000001,0.0,0.0,0.0
255.00178008663102,41.04686865875548,8.100000000000001,0.0,0.0,0.0
255.01620043531616,41.050408024581145,8.100000000000001,0.0,0.0,0.0
255.03069523961585,41.05425151829482,8.1,0.0,0.0,0.0
255.0452632669083,41.058392991320616,8.1,0.0,0.0,0.0
255.05990329609605,41.06282636084263,8.1,0.0,0.0,0.0
255.07461411746806,41.067545609395644,8.100000000000001,0.0,0.0,0.0
255.08939453256428,41.07254478445691,8.1,0.0,0.0,0.0
255.10424335404554,41.07781799803881,8.100000000000001,0.0,0.0,0.0
255.11915940556506,41.08335942628269,8.1,0.0,0.0,0.0
255.13414152164478,41.08916330905355,8.100000000000001,0.0,0.0,0.0
255.14918854755422,41.095223949535914,8.100000000000001,0.0,0.0,0.0
255.1642993391934,41.101535713830536,8.100000000000001,0.0,0.0,0.0
255.17947276297755,41.10809303055233,8.1,0.0,0.0,0.0
255.19470769572627,41.1148903904292,8.100000000000001,0.0,0.0,0.0
255.21000302455468,41.121922345901986,8.100000000000001,0.0,0.0,0.0
255.22535764676837,41.12918351072535,8.100000000000003,0.0,0.0,0.0
255.24077046975998,41.13666855956986,8.100000000000001,0.0,0.0,0.0
255.25624041090964,41.14437222762501,8.100000000000001,0.0,0.0,0.0
255.27176639748757,41.15228931020331,8.1,0.0,0.0,0.0
255.287347366559,41.16041466234546,8.1,0.0,0.0,0.0
255.3029822648921,41.16874319842662,8.100000000000001,0.0,0.0,0.0
255.31867004886806,41.177269891763665,8.1,0.0,0.0,0.0
255.33440968439373,41.18598977422357,8.099999999999998,0.0,0.0,0.0
255.35020014681635,41.194897935832806,8.1,0.0,0.0,0.0
255.3660404208408,41.203989524387936,8.1,0.0,0.0,0.0
255.38192950044834,41.213259745067155,8.099999999999998,0.0,0.0,0.0
255.39786638881895,41.22270386004295,8.099999999999998,0.0,0.0,0.0
255.41385009825385,41.232317188095934,8.1,0.0,0.0,0.0
255.4298796501014,41.242095104229655,8.1,0.0,0.0,0.0
255.44595407468427,41.25203303928657,8.1,0.0,0.0,0.0
255.46207241122897,41.26212647956507,8.099999999999998,0.0,0.0,0.0
255.47823370779656,41.27237096643764,8.1,0.0,0.0,0.0
255.49443702121582,41.28276209597008,8.099999999999998,0.0,0.0,0.0
255.5106814170179,41.2932955185419,8.100000000000001,0.0,0.0,0.0
255.5269659693722,41.30396693846774,8.099999999999998,0.0,0.0,0.0
255.54328976102462,41.31477211361996,8.1,0.0,0.0,0.0
255.55965188323682,41.325706855052324,8.1,0.0,0.0,0.0
255.5760514357274,41.33676702662477,8.099999999999998,0.0,0.0,0.0
255.59248752661412,41.34794854462936,8.1,0.0,0.0,0.0
255.60895927235794,41.359247377417304,8.1,0.0,0.0,0.0
255.62546579770833,41.37065954502713,8.1,0.0,0.0,0.0
255.64200623565011,41.38218111881391,8.1,0.0,0.0,0.0
255.6585797273509,41.39380822107979,8.099999999999998,0.0,0.0,0.0
255.67518542211073,41.40553702470536,8.099999999999996,0.0,0.0,0.0
255.69182247731226,41.41736375278255,8.099999999999998,0.0,0.0,0.0
255.7084900583726,41.42928467824826,8.099999999999998,0.0,0.0,0.0
255.72518733869595,41.44129612351938,8.099999999999998,0.0,0.0,0.0
255.74191349962734,41.45339446012888,8.099999999999996,0.0,0.0,0.0
255.7586677304079,41.46557610836299,8.099999999999996,0.0,0.0,0.0
255.77544922813036,41.47783753689968,8.099999999999996,0.0,0.0,0.0
255.79225719769647,41.49017526244801,8.099999999999996,0.0,0.0,0.0
255.8090908517745,41.50258584938899,8.099999999999998,0.0,0.0,0.0
255.8259494107585,41.51506590941722,8.099999999999998,0.0,0.0,0.0
255.8428321027277,41.52761210118396,8.099999999999998,0.0,0.0,0.0
255.85973816340723,41.54022112994124,8.099999999999998,0.0,0.0,0.0
255.87666683612957,41.55288974718708,8.099999999999996,0.0,0.0,0.0
255.89361737179686,41.56561475031194,8.099999999999998,0.0,0.0,0.0
255.91058902884367,41.57839298224637,8.099999999999998,0.0,0.0,0.0
255.927581073201,41.59122133110971,8.1,0.0,0.0,0.0
255.94459277826036,41.60409672985996,8.099999999999998,0.0,0.0,0.0
255.96162342483925,41.617016155944974,8.099999999999998,0.0,0.0,0.0
255.97867230114676,41.6299766309546,8.099999999999998,0.0,0.0,0.0
255.99573870274992,41.64297522027414,8.1,0.0,0.0,0.0
256.0128219325408,41.656009032738865,8.099999999999998,0.0,0.0,0.0
256.0299213007041,41.66907522028991,8.099999999999998,0.0,0.0,0.0
256.04703612468484,41.68217097763106,8.099999999999996,0.0,0.0,0.0
256.06416572915765,41.695293541886876,8.099999999999998,0.0,0.0,0.0
256.0813094459953,41.708440192261996,8.099999999999998,0.0,0.0,0.0
256.09846661423865,41.7216082497016,8.099999999999998,0.0,0.0,0.0
256.1156365800664,41.734795076553006,8.099999999999998,0.0,0.0,0.0
256.1328186967658,41.74799807622846,8.099999999999998,0.0,0.0,0.0
256.1500123247034,41.76121469286918,8.099999999999998,0.0,0.0,0.0
256.1672168312963,41.774442411010476,8.099999999999998,0.0,0.0,0.0
256.18443159098365,41.78767875524814,8.099999999999996,0.0,0.0,0.0
256.20165598519856,41.80092128990598,8.099999999999998,0.0,0.0,0.0
256.2188894023406,41.81416761870457,8.099999999999998,0.0,0.0,0.0
256.23613123774817,41.827415384431106,8.099999999999996,0.0,0.0,0.0
256.2533808936711,41.8406622686106,8.099999999999996,0.0,0.0,0.0
256.2706377792443,41.85390599117805,8.099999999999996,0.0,0.0,0.0
256.2879013104604,41.867144310152106,8.099999999999996,0.0,0.0,0.0
256.3051709101437,41.88037502130959,8.099999999999996,0.0,0.0,0.0
256.3224460079239,41.89359595786148,8.099999999999996,0.0,0.0,0.0
256.3397260402097,41.906804990129906,8.099999999999994,0.0,0.0,0.0
256.3570104501633,41.92000002522647,8.099999999999996,0.0,0.0,0.0
256.3742986876742,41.9331790067317,8.099999999999996,0.0,0.0,0.0
256.3915902093339,41.94633991437575,8.099999999999996,0.0,0.0,0.0
256.40888447841064,41.959480763720144,8.099999999999996,0.0,0.0,0.0
256.4261809648231,41.972599605841005,8.099999999999996,0.0,0.0,0.0
256.443479145116,41.98569452701324,8.099999999999996,0.0,0.0,0.0
256.4607785024342,41.99876364839599,8.099999999999994,0.0,0.0,0.0
256.47807852649805,42.011805125719384,8.099999999999996,0.0,0.0,0.0
256.4953787135778,42.024817148972325,8.099999999999996,0.0,0.0,0.0
256.51267856646865,42.03779794209169,8.099999999999996,0.0,0.0,0.0
256.529977594466,42.05074576265253,8.099999999999996,0.0,0.0,0.0
256.5472753133398,42.063658901559585,8.099999999999996,0.0,0.0,0.0
256.5645712453099,42.07653568274008,8.099999999999998,0.0,0.0,0.0
256.58186491902046,42.08937446283755,8.099999999999996,0.0,0.0,0.0
256.5991558695155,42.10217363090702,8.099999999999994,0.0,0.0,0.0
256.6164436382132,42.114931608111355,8.099999999999994,0.0,0.0,0.0
256.6337277728806,42.12764684741879,8.099999999999994,0.0,0.0,0.0
256.65100782760885,42.1403178333017,8.099999999999994,0.0,0.0,0.0
256.6682833627876,42.152943081436625,8.099999999999996,0.0,0.0,0.0
256.68555394507905,42.16552113840542,8.099999999999996,0.0,0.0,0.0
256.70281914739314,42.178050581397684,8.099999999999994,0.0,0.0,0.0
256.72007854886164,42.19053001791444,8.099999999999996,0.0,0.0,0.0
256.73733173481213,42.2029580854729,8.099999999999996,0.0,0.0,0.0
256.75457829674264,42.215333451312596,8.099999999999998,0.0,0.0,0.0
256.7718178322952,42.22765481210262,8.099999999999996,0.0,0.0,0.0
256.78904994523,42.23992089365012,8.099999999999996,0.0,0.0,0.0
256.8062742453989,42.25213045061011,8.099999999999998,0.0,0.0,0.0
256.8234903487192,42.26428226619629,8.099999999999996,0.0,0.0,0.0
256.8406978771467,42.276375151893326,8.099999999999996,0.0,0.0,0.0
256.8578964586496,42.28840794717011,8.099999999999996,0.0,0.0,0.0
256.8750857271807,42.300379519194486,8.099999999999996,0.0,0.0,0.0
256.89226532265116,42.31228876254899,8.099999999999996,0.0,0.0,0.0
256.9094348909025,42.32413459894799,8.099999999999994,0.0,0.0,0.0
256.92659408367973,42.33591597695583,8.099999999999996,0.0,0.0,0.0
256.9437425586032,42.3476318717065,8.099999999999998,0.0,0.0,0.0
256.9608799791409,42.35928128462421,8.099999999999994,0.0,0.0,0.0
256.97800601458033,42.370863243145436,8.099999999999996,0.0,0.0,0.0
256.9951203400004,42.38237680044203,8.099999999999994,0.0,0.0,0.0
257.0122226362429,42.3938210351457,8.099999999999994,0.0,0.0,0.0
257.0293125898831,42.405195051073534,8.099999999999994,0.0,0.0,0.0
257.0463898932021,42.41649797695493,8.099999999999994,0.0,0.0,0.0
257.06345424415645,42.427728966159655,8.099999999999996,0.0,0.0,0.0
257.0805053463493,42.438887196427174,8.099999999999994,0.0,0.0,0.0
257.09754290900065,42.44997186959716,8.099999999999996,0.0,0.0,0.0
257.11456664691764,42.460982211341246,8.099999999999996,0.0,0.0,0.0
257.131576280464,42.47191747089605,8.099999999999996,0.0,0.0,0.0
257.1485715355303,42.482776920797406,8.099999999999994,0.0,0.0,0.0
257.1655521435028,42.493559856615775,8.099999999999994,0.0,0.0,0.0
257.1825178412331,42.504265596692925,8.099999999999996,0.0,0.0,0.0
257.19946837100645,42.51489348187988,8.099999999999994,0.0,0.0,0.0
257.21640348051096,42.52544287527607,8.099999999999996,0.0,0.0,0.0
257.2333229228057,42.53591316196963,8.099999999999996,0.0,0.0,0.0
257.250226456289,42.54630374877906,8.099999999999996,0.0,0.0,0.0
257.26711384466626,42.55661406399601,8.099999999999994,0.0,0.0,0.0
257.2839848569175,42.56684355712942,8.099999999999998,0.0,0.0,0.0
257.30083926726525,42.57699169865069,8.099999999999998,0.0,0.0,0.0
257.31767685514086,42.58705797974032,8.099999999999996,0.0,0.0,0.0
257.3344974051522,42.59704191203562,8.099999999999994,0.0,0.0,0.0
257.35130070704975,42.60694302737965,8.099999999999994,0.0,0.0,0.0
257.3680865556932,42.616760877571494,8.099999999999996,0.0,0.0,0.0
257.3848547510175,42.62649503411771,8.099999999999996,0.0,0.0,0.0
257.4016050979988,42.63614508798494,8.099999999999994,0.0,0.0,0.0
257.41833740661997,42.64571064935394,8.099999999999996,0.0,0.0,0.0
257.4350514918361,42.655191347374554,8.099999999999996,0.0,0.0,0.0
257.45174717353933,42.664586829922264,8.099999999999994,0.0,0.0,0.0
257.4684242765241,42.67389676335568,8.099999999999996,0.0,0.0,0.0
257.48508263045136,42.68312083227539,8.099999999999996,0.0,0.0,0.0
257.5017220698133,42.692258739284085,8.099999999999994,0.0,0.0,0.0
257.51834243389715,42.70131020474782,8.099999999999996,0.0,0.0,0.0
257.53494356674923,42.71027496655851,8.099999999999994,0.0,0.0,0.0
257.55152531713867,42.71915277989776,8.099999999999998,0.0,0.0,0.0
257.5680875385205,42.72794341700183,8.099999999999994,0.0,0.0,0.0
257.58463008899923,42.73664666692783,8.099999999999996,0.0,0.0,0.0
257.6011528312912,42.745262335321236,8.099999999999996,0.0,0.0,0.0
257.61765563268784,42.75379024418454,8.099999999999996,0.0,0.0,0.0
257.6341383650177,42.762230231647166,8.099999999999994,0.0,0.0,0.0
257.6506009046091,42.77058215173663,8.099999999999996,0.0,0.0,0.0
257.66704313225165,42.77884587415095,8.099999999999998,0.0,0.0,0.0
257.6834649331587,42.78702128403219,8.099999999999996,0.0,0.0,0.0
257.69986619692787,42.795108281741385,8.099999999999994,0.0,0.0,0.0
257.7162468175036,42.803106782634515,8.099999999999994,0.0,0.0,0.0
257.7326066931373,42.81101671683994,8.099999999999994,0.0,0.0,0.0
257.7489457263492,42.818838029036776,8.099999999999996,0.0,0.0,0.0
257.76526382388795,42.82657067823481,8.099999999999996,0.0,0.0,0.0
257.7815608966922,42.83421463755539,8.099999999999994,0.0,0.0,0.0
257.7978368598507,42.84176989401367,8.099999999999996,0.0,0.0,0.0
257.81409163256177,42.84923644830211,8.099999999999996,0.0,0.0,0.0
257.83032513809394,42.85661431457509,8.099999999999998,0.0,0.0,0.0
257.8465373037457,42.863903520234864,8.099999999999996,0.0,0.0,0.0
257.86272806080467,42.8711041057187,8.099999999999998,0.0,0.0,0.0
257.8788973445072,42.87821612428718,8.099999999999996,0.0,0.0,0.0
257.89504509399796,42.88523964181391,8.099999999999994,0.0,0.0,0.0
257.9111712522882,42.892174736576266,8.099999999999996,0.0,0.0,0.0
257.9272757662157,42.89902149904742,8.099999999999996,0.0,0.0,0.0
257.9433585864025,42.905780031689716,8.099999999999996,0.0,0.0,0.0
257.9594196672141,42.91245044874908,8.099999999999996,0.0,0.0,0.0
257.9754589667179,42.919032876050814,8.099999999999996,0.0,0.0,0.0
257.99147644664095,42.92552745079652,8.099999999999996,0.0,0.0,0.0
258.0074720723289,42.931934321362284,8.099999999999994,0.0,0.0,0.0
258.02344581270324,42.93825364709814,8.099999999999996,0.0,0.0,0.0
258.03939764022,42.94448559812861,8.099999999999994,0.0,0.0,0.0
258.05532753082656,42.950630355154665,8.099999999999996,0.0,0.0,0.0
258.07123546392006,42.95668810925676,8.099999999999998,0.0,0.0,0.0
258.0871214223047,42.96265906169914,8.099999999999994,0.0,0.0,0.0
258.1029853921489,42.9685434237354,8.099999999999996,0.0,0.0,0.0
258.1188273629429,42.97434141641522,8.099999999999998,0.0,0.0,0.0
258.13464732745587,42.98005327039239,8.099999999999996,0.0,0.0,0.0
258.1504452816929,42.98567922573396,8.099999999999996,0.0,0.0,0.0
258.16622122485234,42.99121953173069,8.099999999999996,0.0,0.0,0.0
258.1819751592824,42.996674446708745,8.099999999999996,0.0,0.0,0.0
258.197707090438,43.00204423784248,8.099999999999996,0.0,0.0,0.0
258.2134170268377,43.00732918096863,8.099999999999996,0.0,0.0,0.0
258.2291049800205,43.01252956040158,8.099999999999996,0.0,0.0,0.0
258.2447709645021,43.01764566874985,8.099999999999996,0.0,0.0,0.0
