galstreams/tracks/track.st.Phoenix.ibata2024.ecsv
# %ECSV 1.0
# ---
# datatype:
# - {name: ra, unit: deg, datatype: float64}
# - {name: dec, unit: deg, datatype: float64}
# - {name: distance, unit: kpc, datatype: float64}
# - {name: pm_ra_cosdec, unit: mas / yr, datatype: float64}
# - {name: pm_dec, unit: mas / yr, datatype: float64}
# - {name: radial_velocity, unit: km / s, datatype: float64}
# delimiter: ','
# meta: !!omap
# - __serialized_columns__:
#     dec:
#       __class__: astropy.coordinates.angles.Latitude
#       unit: &id001 !astropy.units.Unit {unit: deg}
#       value: !astropy.table.SerializedColumn {name: dec}
#     distance:
#       __class__: astropy.coordinates.distances.Distance
#       unit: !astropy.units.Unit {unit: kpc}
#       value: !astropy.table.SerializedColumn {name: distance}
#     pm_dec:
#       __class__: astropy.units.quantity.Quantity
#       unit: !astropy.units.Unit {unit: mas / yr}
#       value: !astropy.table.SerializedColumn {name: pm_dec}
#     pm_ra_cosdec:
#       __class__: astropy.units.quantity.Quantity
#       unit: !astropy.units.Unit {unit: mas / yr}
#       value: !astropy.table.SerializedColumn {name: pm_ra_cosdec}
#     ra:
#       __class__: astropy.coordinates.angles.Longitude
#       unit: *id001
#       value: !astropy.table.SerializedColumn {name: ra}
#       wrap_angle: !astropy.coordinates.Angle
#         unit: *id001
#         value: 360.0
#     radial_velocity:
#       __class__: astropy.units.quantity.Quantity
#       unit: !astropy.units.Unit {unit: km / s}
#       value: !astropy.table.SerializedColumn {name: radial_velocity}
# schema: astropy-2.0
ra,dec,distance,pm_ra_cosdec,pm_dec,radial_velocity
[from data line 288]
22.672340166056696,-52.12359998991526,0.9999999999999999,2.710169576757478,-0.0427902491051686,56.14245563788454
22.679407795359044,-52.11453695319837,0.9999999999999999,2.7101399217137265,-0.04267417478133062,56.12034490913421
22.686469778559086,-52.10547285933555,1.0,2.710111094409829,-0.04255916489009692,56.09823957973448
22.69352612059207,-52.09640770950246,1.0,2.7100830934377473,-0.04244521772807541,56.07613951734265
22.70057682638994,-52.08734150487335,1.0,2.710055917388363,-0.04233233159313432,56.054044589615955
22.70762190088134,-52.07827424662113,1.0,2.710029564851469,-0.042220504784380886,56.03195466421167
22.71466134899157,-52.06920593591731,1.0,2.710004034415786,-0.04210973560218889,56.00986960878707
22.72169517564268,-52.06013657393206,1.0,2.7099793246689496,-0.042000022348168464,55.98778929099942
22.728723385753362,-52.05106616183419,1.0,2.709955434197523,-0.041891363325181175,55.965713578505984
22.735745984238996,-52.04199470079118,1.0,2.7099323615869975,-0.04178375683733915,55.943642338964025
22.742762976011768,-52.032922191969,0.9999999999999999,2.7099101054217893,-0.04167720118998286,55.921575440030814
22.74977436598043,-52.02384863653243,1.0,2.7098886642852533,-0.041571694689702454,55.89951274936363
22.756780159050503,-52.01477403564482,1.0,2.7098680367596737,-0.041467235644326195,55.87745413461974
22.763780360124176,-52.00569839046818,0.9999999999999999,2.7098482214262734,-0.041363822362925795,55.855399463456386
22.77077497410035,-51.996621702163196,1.0,2.709829216865214,-0.04126145315578622,55.83334860353086
22.777764005874634,-51.987543971889124,0.9999999999999999,2.709811021655601,-0.041160126334450986,55.811301422500414
22.784747460339332,-51.97846520080397,1.0,2.7097936343754796,-0.04105984021168041,55.78925778802234
22.791725342383444,-51.9693853900643,1.0,2.7097770536018455,-0.04096059310146494,55.7672175677539
22.798697656892653,-51.96030454082547,0.9999999999999999,2.709761277910644,-0.040862383319023365,55.74518062935232
22.805664408749443,-51.95122265424127,1.0,2.7097463058767657,-0.04076520918079751,55.72314684047491
22.8126256028329,-51.94213973146433,1.0,2.7097321360740643,-0.040669069004458436,55.70111606877893
22.81958124401886,-51.93305577364592,1.0,2.7097187670753384,-0.040573961108889556,55.679088181921664
22.826531337179844,-51.9239707819359,1.0,2.709706197452357,-0.040479883814202644,55.65706304756033
22.83347588718511,-51.91488475748288,1.0,2.7096944257758424,-0.040386835441717395,55.63504053335224
22.840414898900605,-51.90579770143406,1.0,2.7096834506154788,-0.04029481431397475,55.61302050695463
22.847348377189007,-51.89670961493535,1.0,2.7096732705399256,-0.04020381875473067,55.59100283602481
22.854276326909673,-51.88762049913132,1.0,2.7096638841168006,-0.04011384708894283,55.56898738822
22.861198752918675,-51.87853035516526,1.0,2.709655289912697,-0.04002489764279016,55.54697403119751
22.868115660068877,-51.86943918417898,1.0,2.7096474864931803,-0.03993696874365327,55.52496263261457
22.87502705320976,-51.86034698731312,0.9999999999999999,2.70964047242279,-0.039850058720117154,55.50295306012847
22.881932937187564,-51.85125376570696,1.0,2.709634246265043,-0.03976416590196763,55.48094518139646
22.88883331684524,-51.84215952049841,1.0,2.709628806582438,-0.039679288620209974,55.45893886407584
22.895728197022457,-51.833064252824116,0.9999999999999999,2.7096241519364552,-0.03959542520702897,55.43693397582384
22.902617582555585,-51.823967963819385,1.0,2.70962028088756,-0.03951257399580754,55.41493038429776
22.909501478277754,-51.814870654618204,1.0,2.7096171919952012,-0.039430733321141,55.39292795715487
22.91637988901878,-51.80577232635325,0.9999999999999999,2.7096148838178213,-0.03934990151880413,55.370926562052375
22.923252819605203,-51.79667298015588,0.9999999999999999,2.709613354912855,-0.03927007692577256,55.34892606664762
22.93012027486028,-51.787572617156215,1.0,2.709612603836726,-0.039191257880209385,55.32692633859783
22.936982259604058,-51.77847123848287,1.0,2.709612629144856,-0.039113442721459,55.304927245560286
22.943838778653223,-51.769368845263344,1.0000000000000002,2.709613429391671,-0.0390366297900675,55.28292865519224
22.950689836821233,-51.76026543862378,1.0,2.709615003130589,-0.038960817427745376,55.260930435150975
22.957535438918253,-51.75116101968899,0.9999999999999999,2.7096173489140387,-0.03888600397740305,55.238932453093774
22.964375589751185,-51.74205558958252,1.0,2.7096204652934484,-0.03881218778312334,55.216934576677865
22.971210294123672,-51.732949149426574,1.0,2.7096243508192592,-0.03873936719017301,55.19493667356055
22.97803955683606,-51.72384170034209,1.0,2.709629004040919,-0.03866754054499122,55.17293861139906
22.984863382685443,-51.71473324344871,1.0,2.7096344235068894,-0.038596706195188624,55.1509402578507
22.99168177646563,-51.70562377986481,1.0,2.709640607764645,-0.0385268624895625,55.12894148057274
22.998494742967228,-51.69651331070733,1.0,2.7096475553606814,-0.03845800777806474,55.10694214722241
23.005302286977496,-51.68740183709208,0.9999999999999999,2.7096552648405097,-0.03839014041182587,55.084942125457005
23.012104413280472,-51.678289360133526,1.0,2.7096637347486627,-0.03832325874314524,55.06294128293381
23.018901126656917,-51.66917588094485,1.0,2.7096729636286985,-0.038257361125480394,55.04093948731004
23.02569243188433,-51.66006140063793,0.9999999999999999,2.7096829500232036,-0.03819244591346127,55.01893660624298
23.03247833373697,-51.65094592032339,1.0,2.7096936924737833,-0.038128511462868,54.996932507389936
23.03925883698581,-51.641829441110545,1.0,2.7097051895210846,-0.03806555613065399,54.97492705840813
23.046033946398563,-51.63271196410743,0.9999999999999998,2.709717439704783,-0.03800357827492551,54.952920126954865
23.052803666739717,-51.62359349042083,0.9999999999999999,2.7097304415635857,-0.03794257625493813,54.93091158068737
23.059568002770433,-51.61447402115628,1.0,2.7097441936352413,-0.03788254843111094,54.908901287262964
23.066326959248737,-51.605353557417885,1.0,2.7097586944565366,-0.03782349316501232,54.88688911433886
23.0730805409293,-51.59623210030864,0.9999999999999999,2.7097739425633027,-0.037765408819357305,54.86487492957235
23.07982875256356,-51.58710965093022,0.9999999999999999,2.7097899364904072,-0.03770829375801199,54.84285860062073
23.086571598899727,-51.57798621038303,1.0,2.709806674771773,-0.03765214634599445,54.820839995141206
23.09330908468273,-51.56886177976619,1.0,2.7098241559403653,-0.03759696494945519,54.79881898079109
23.100041214654283,-51.55973636017755,0.9999999999999998,2.7098423785282004,-0.03754274793570911,54.77679542522765
23.106767993552808,-51.55060995271376,0.9999999999999999,2.7098613410663526,-0.037489493673183105,54.75476919610811
23.113489426113535,-51.54148255847011,0.9999999999999999,2.7098810420849437,-0.03743720053147204,54.732740161089794
23.120205517068367,-51.53235417854074,0.9999999999999999,2.7099014801131567,-0.0373858668812872,54.71070818782994
23.126916271146076,-51.52322481401838,0.9999999999999999,2.709922653679235,-0.037335491094487416,54.688673143985824
23.13362169307211,-51.51409446599462,1.0,2.709944561310479,-0.03728607154405594,54.666634897214706
23.140321787568674,-51.504963135559784,1.0,2.709967201533261,-0.03723760660412001,54.644593315173864
23.147016559354757,-51.495830823802905,1.0,2.7099905728730103,-0.03719009464992595,54.62254826552056
23.153706013146103,-51.48669753181179,1.0,2.7100146738542295,-0.03714353405785342,54.60049961591206
23.160390153655207,-51.47756326067298,1.0,2.7100395030004893,-0.03709792320540828,54.57844723400562
23.16706898559134,-51.46842801147178,0.9999999999999999,2.7100650588344353,-0.03705326047121815,54.556390987458535
23.17374251366054,-51.45929178529224,0.9999999999999999,2.7100913398777826,-0.03700954423503511,54.534330743928045
23.180410742565574,-51.45015458321715,1.0,2.71011834465133,-0.03696677287773387,54.512266371071426
23.18707367700599,-51.44101640632814,1.0,2.71014607167495,-0.03692494478130559,54.49019773654598
23.19373132167817,-51.431877255705416,1.0,2.710174519467598,-0.03688405832885877,54.468124708008915
23.200383681275184,-51.42273713242812,1.0,2.710203686547313,-0.03684411190461656,54.44604715311753
23.20703076048688,-51.41359603757407,1.0000000000000002,2.710233571431218,-0.03680510389392211,54.423964939529114
23.213672563999904,-51.40445397221988,1.0000000000000002,2.710264172635525,-0.03676703268321724,54.401877934900895
23.22030909649766,-51.39531093744094,1.0000000000000004,2.710295488675533,-0.03672989666006554,54.37978600689017
23.226940362660326,-51.38616693431135,1.0000000000000002,2.7103275180656388,-0.03669369421313373,54.35768902315416
23.233566367164865,-51.377021963904035,1.0000000000000002,2.710360259319323,-0.036658423732192524,54.33558685135021
23.240187114684993,-51.36787602729065,1.0000000000000002,2.7103937109491723,-0.03662408360812286,54.31347935913549
23.246802609891198,-51.3587291255417,1.0000000000000004,2.7104278714668637,-0.03659067223290702,54.291366414167356
23.253412857450822,-51.349581259726314,1.0000000000000002,2.7104627393831815,-0.036558187999617076,54.269247884103024
23.260017862027905,-51.340432430912514,1.0000000000000002,2.7104983132080056,-0.036526629302443325,54.247123636599795
23.266617628283285,-51.331282640167075,1.0,2.7105345914503243,-0.036495994536655196,54.224993539314916
23.273212160874586,-51.32213188855554,1.0,2.7105715726182322,-0.036466282098629677,54.20285745990565
23.279801464456234,-51.31298017714225,1.0000000000000002,2.7106092552189294,-0.03643749038582822,54.18071526602928
23.286385543679412,-51.30382750699031,1.0,2.7106476377587296,-0.03640961779680829,54.15856682534307
23.292964403192105,-51.294673879161614,1.0000000000000002,2.71068671874306,-0.03638266273121893,54.136412005504276
23.299538047639086,-51.28551929471682,1.0000000000000002,2.710726496676459,-0.03635662358979985,54.11425067417018
23.306106481661878,-51.276363754715476,1.0000000000000002,2.710766970062585,-0.03633149877436548,54.09208269899804
23.312669709898888,-51.26720726021571,1.0,2.7108081374042134,-0.03630728668782268,54.06990794764511
23.31922773698522,-51.25804981227463,1.0,2.7108499972032445,-0.036283985734161917,54.04772628776869
23.325780567552815,-51.24889141194806,1.0,2.7108925479606945,-0.03626159431845455,54.02553758702605
23.332328206230386,-51.23973206029065,1.0000000000000002,2.710935788176712,-0.03624011084684131,54.003341713074406
23.338870657643458,-51.2305717583558,1.0000000000000002,2.710979716350568,-0.036219533726556286,53.981138533571084
23.345407926414346,-51.22141050719574,1.0000000000000002,2.7110243309806665,-0.03619986136589848,53.95892791617331
23.35194001716216,-51.21224830786149,1.0,2.711069630564538,-0.0361810921742407,53.93670972853836
23.35846693450281,-51.20308516140288,1.0,2.71111561359885,-0.03616322456203225,53.914483838323534
23.364988683049013,-51.19392106886853,1.0000000000000002,2.711162278579407,-0.036146256940786436,53.89225011318605
23.371505267410253,-51.184756031305916,1.0000000000000002,2.711209624001144,-0.03613018772309218,53.87000842078322
23.378016692192894,-51.17559004976116,1.0,2.7112576483581443,-0.03611501532260153,53.84775862877229
23.384522962000037,-51.166423125279344,1.0000000000000002,2.7113063501436243,-0.0361007381540297,53.82550060481052
23.391024081431603,-51.15725525890433,1.0000000000000002,2.71135572784995,-0.0360873546331586,53.80323421655519
23.39752005508433,-51.14808645167878,1.0000000000000002,2.7114057799686297,-0.036074863176827066,53.78095933166357
23.404010887551756,-51.138916704644146,1.0000000000000002,2.71145650499032,-0.036063262202937096,53.75867581779293
23.41049658342423,-51.12974601884071,1.0000000000000002,2.711507901404828,-0.036052550130447614,53.73638354260052
23.416977147288907,-51.1205743953076,1.0000000000000002,2.7115599677011106,-0.03604272537937003,53.714082373743615
23.423452583729766,-51.11140183508268,1.0,2.7116127023672787,-0.03603378637077892,53.69177217887949
23.42992289732757,-51.1022283392028,1.0000000000000002,2.7116661038905985,-0.03602573152678623,53.669452825665424
23.436388092659968,-51.09305390870334,1.0,2.7117201707574967,-0.036018559270575956,53.64712418175863
23.442848174301364,-51.083878544618784,1.0,2.711774901453553,-0.03601226802635704,53.62478611481644
23.449303146822974,-51.074702247982295,1.0,2.711830294463516,-0.036006856219400696,53.6024384924961
23.455753014792887,-51.06552501982593,1.0,2.711886348271289,-0.036002322276021737,53.58008118245485
23.462197782775927,-51.0563468611805,1.0000000000000002,2.7119430613599524,-0.03599866462358037,53.55771405234999
23.468637455333837,-51.04716777307571,1.0000000000000002,2.712000432211744,-0.03599588169047063,53.535336969838774
23.475072037025104,-51.03798775654006,1.0000000000000002,2.7120584593080723,-0.035993971906134625,53.512949802578504
23.481501532405105,-51.0288068126009,1.0000000000000002,2.7121171411295224,-0.03599293370104739,53.490552418226386
23.48792594602595,-51.01962494228444,1.0000000000000004,2.7121764761558476,-0.0359927655067267,53.46814468443974
23.494345282436715,-51.01044214661561,1.0,2.7122364628659823,-0.03599346575571705,53.44572646887579
23.500759546183186,-51.00125842661827,1.0000000000000002,2.7122970997380262,-0.03599503288160388,53.42329763919184
23.507168741808027,-50.99207378331515,1.0000000000000004,2.7123583852492725,-0.03599746531899939,53.40085806304514
23.513572873850734,-50.982888217727734,1.0,2.7124203178761856,-0.03600076150355225,53.37840760809296
23.519971946847615,-50.9737017308764,1.0000000000000002,2.712482896094418,-0.03600491987193255,53.35594614199258
23.526365965331827,-50.964514323780364,1.0000000000000002,2.7125461183788024,-0.036009938861830015,53.33347353240123
23.532754933833367,-50.95532599745767,1.0,2.712609983203364,-0.03601581691197797,53.310989646976225
23.539138856879056,-50.94613675292521,1.0000000000000002,2.7126744890413113,-0.03602255246211605,53.2884943533748
23.54551773899257,-50.936946591198755,1.0,2.7127396343650476,-0.036030143953017735,53.26598751925424
23.55189158469438,-50.92775551329294,1.0000000000000002,2.7128054176461656,-0.03603858982646102,53.24346901227182
23.55826039850189,-50.91856352022109,1.0000000000000002,2.712871837355459,-0.03604788852525598,53.22093870008477
23.564624184929272,-50.90937061299559,1.0000000000000002,2.7129388919629047,-0.03605803849321809,53.19839645035041
23.570982948487554,-50.90017679262756,1.0000000000000002,2.713006579937693,-0.03606903817518514,53.17584213072595
23.57733669368462,-50.890982060127044,1.0,2.713074899748206,-0.03608088601699855,53.1532756088687
23.583685425025195,-50.881786416502884,1.0,2.71314384986203,-0.03609358046552025,53.13069675243591
23.590029147010856,-50.872589862762815,1.0000000000000002,2.713213428745953,-0.03610711996861937,53.108105429084866
23.596367864140042,-50.86339239991343,1.0000000000000002,2.7132836348659723,-0.03612150297516159,53.08550150647282
23.602701580908022,-50.85419402896019,1.0000000000000002,2.713354466687291,-0.036136727935033974,53.062884852257014
23.60903030180689,-50.84499475090742,1.0000000000000002,2.7134259226743214,-0.03615279329912102,53.040255334094766
23.615354031325698,-50.83579456675824,1.0,2.7134980012906924,-0.03616969751930377,53.017612819643304
23.621672773950248,-50.82659347751472,1.0,2.71357070099924,-0.036187439048472214,52.994957176559936
23.62798653416326,-50.81739148417779,1.0000000000000002,2.7136440202620165,-0.03620601634051024,52.97228827250189
23.63429531644428,-50.80818858774722,1.0000000000000002,2.7137179575402923,-0.03622542785030536,52.94960597512645
23.640599125269723,-50.79898478922169,1.0000000000000002,2.713792511294559,-0.03624567203373097,52.92691015209089
23.646897965112863,-50.789780089598715,1.0000000000000002,2.713867679984528,-0.03626674734766322,52.90420067105246
23.653191840443853,-50.780574489874724,1.0000000000000002,2.7139434620691305,-0.03628865224996236,52.88147739966844
23.659480755729692,-50.77136799104495,1.0,2.7140198560065265,-0.0363113851994914,52.8587402055961
