galstreams/tracks/track.st.Gaia-1.ibata2024.ecsv
# %ECSV 1.0
# ---
# datatype:
# - {name: ra, unit: deg, datatype: float64}
# - {name: dec, unit: deg, datatype: float64}
# - {name: distance, unit: kpc, datatype: float64}
# - {name: pm_ra_cosdec, unit: mas / yr, datatype: float64}
# - {name: pm_dec, unit: mas / yr, datatype: float64}
# - {name: radial_velocity, unit: km / s, datatype: float64}
# delimiter: ','
# meta: !!omap
# - __serialized_columns__:
#     dec:
#       __class__: astropy.coordinates.angles.Latitude
#       unit: &id001 !astropy.units.Unit {unit: deg}
#       value: !astropy.table.SerializedColumn {name: dec}
#     distance:
#       __class__: astropy.coordinates.distances.Distance
#       unit: !astropy.units.Unit {unit: kpc}
#       value: !astropy.table.SerializedColumn {name: distance}
#     pm_dec:
#       __class__: astropy.units.quantity.Quantity
#       unit: !astropy.units.Unit {unit: mas / yr}
#       value: !astropy.table.SerializedColumn {name: pm_dec}
#     pm_ra_cosdec:
#       __class__: astropy.units.quantity.Quantity
#       unit: !astropy.units.Unit {unit: mas / yr}
#       value: !astropy.table.SerializedColumn {name: pm_ra_cosdec}
#     ra:
#       __class__: astropy.coordinates.angles.Longitude
#       unit: *id001
#       value: !astropy.table.SerializedColumn {name: ra}
#       wrap_angle: !astropy.coordinates.Angle
#         unit: *id001
#         value: 360.0
#     radial_velocity:
#       __class__: astropy.units.quantity.Quantity
#       unit: !astropy.units.Unit {unit: km / s}
#       value: !astropy.table.SerializedColumn {name: radial_velocity}
# schema: astropy-2.0
ra,dec,distance,pm_ra_cosdec,pm_dec,radial_velocity
[from data line 975]
187.58802546323017,-13.970149295324797,0.9999999999999996,-13.602963914533493,-18.343684457051943,269.80601437422115
187.59429197532543,-13.962212408671455,0.9999999999999997,-13.603919478135134,-18.345558544730217,269.7088009692402
187.6005577990034,-13.95427517704676,0.9999999999999997,-13.604875728601016,-18.34743253219183,269.6115930698965
187.60682293478155,-13.94633760074154,0.9999999999999997,-13.605832665243987,-18.349306418836257,269.51439066701124
187.613087383177,-13.93839968004668,0.9999999999999998,-13.606790287376912,-18.351180204062807,269.4171937514054
187.61935114470694,-13.930461415252953,0.9999999999999997,-13.607748594312774,-18.35305388727063,269.3200023139
187.62561421988846,-13.922522806651056,0.9999999999999997,-13.60870758536466,-18.3549274678587,269.22281634531595
187.6318766092386,-13.914583854531614,0.9999999999999996,-13.609667259845741,-18.35680094522588,269.1256358364745
187.63813831327425,-13.906644559185176,0.9999999999999997,-13.61062761706929,-18.358674318770813,269.0284607781966
187.6443993325124,-13.898704920902224,0.9999999999999998,-13.611588656348696,-18.36054758789202,268.93129116130325
187.65065966746977,-13.890764939973153,0.9999999999999996,-13.612550376997435,-18.362420751987877,268.83412697661544
187.65691931866314,-13.882824616688294,0.9999999999999997,-13.61351277832905,-18.364293810456555,268.7369682149544
187.66317828660917,-13.874883951337912,0.9999999999999997,-13.614475859657214,-18.366166762696118,268.6398148671409
187.6694365718245,-13.866942944212182,0.9999999999999997,-13.61543962029572,-18.368039608104432,268.5426669239962
187.67569417482554,-13.859001595601262,0.9999999999999996,-13.616404059558398,-18.36991234607923,268.4455243763412
187.68195109612887,-13.851059905795092,0.9999999999999998,-13.617369176759187,-18.371784976018077,268.3483872149971
187.68820733625083,-13.843117875083692,0.9999999999999998,-13.618334971212164,-18.373657497318362,268.25125543078485
187.69446289570774,-13.835175503756949,0.9999999999999997,-13.619301442231503,-18.375529909377384,268.15412901452527
187.70071777501585,-13.82723279210468,0.9999999999999998,-13.620268589131406,-18.37740221159219,268.05700795703973
187.7069719746913,-13.819289740416627,0.9999999999999997,-13.62123641122622,-18.379274403359737,267.959892249149
187.71322549525024,-13.811346348982457,0.9999999999999997,-13.622204907830413,-18.381146484076815,267.8627818816743
187.71947833720867,-13.803402618091786,0.9999999999999998,-13.623174078258511,-18.38301845314003,267.7656768454366
187.72573050108255,-13.795458548034132,0.9999999999999996,-13.62414392182514,-18.38489030994586,267.6685771312569
187.73198198738777,-13.787514139098942,0.9999999999999998,-13.625114437845,-18.3867620538906,267.57148272995636
187.73823279664018,-13.779569391575608,0.9999999999999997,-13.626085625632957,-18.38863368437042,267.47439363235594
187.74448292935548,-13.771624305753477,0.9999999999999998,-13.627057484503922,-18.390505200781302,267.37730982927656
187.75073238604938,-13.763678881921697,0.9999999999999997,-13.6280300137729,-18.392376602519114,267.28023131153935
187.7569811672375,-13.755733120369477,0.9999999999999997,-13.629003212755006,-18.394247888979514,267.1831580699655
187.76322927343537,-13.747787021385909,0.9999999999999998,-13.629977080765457,-18.39611905955804,267.08609009537565
187.76947670515844,-13.739840585260014,0.9999999999999998,-13.630951617119543,-18.397990113650074,266.98902737859123
187.77572346292217,-13.731893812280736,0.9999999999999998,-13.631926821132694,-18.399861050650827,266.89196991043315
187.78196954724177,-13.723946702736951,0.9999999999999997,-13.632902692120346,-18.401731869955356,266.79491768172244
187.78821495863258,-13.715999256917462,0.9999999999999996,-13.633879229398156,-18.403602570958576,266.69787068328003
187.79445969760977,-13.708051475110999,0.9999999999999997,-13.634856432281769,-18.405473153055237,266.6008289059269
187.80070376468842,-13.700103357606217,0.9999999999999997,-13.63583430008697,-18.40734361563993,266.50379234048455
187.80694716038363,-13.692154904691712,0.9999999999999997,-13.636812832129653,-18.409213958107117,266.40676097777344
187.81318988521033,-13.684206116655997,0.9999999999999996,-13.63779202772578,-18.411084179851052,266.3097348086151
187.81943193968345,-13.676256993787549,0.9999999999999998,-13.638771886191439,-18.412954280265886,266.2127138238302
187.82567332431782,-13.668307536374664,0.9999999999999997,-13.639752406842755,-18.414824258745604,266.11569801423985
187.8319140396282,-13.660357744705674,0.9999999999999998,-13.640733588996,-18.416694114684013,266.0186873706652
187.8381540861293,-13.65240761906882,0.9999999999999997,-13.641715431967556,-18.418563847474793,265.9216818839271
187.84439346433572,-13.64445715975225,0.9999999999999997,-13.642697935073857,-18.420433456511454,265.8246815448468
187.850632174762,-13.636506367044051,0.9999999999999996,-13.64368109763141,-18.422302941187365,265.7276863442453
187.85687021792268,-13.628555241232236,0.9999999999999997,-13.644664918956895,-18.424172300895705,265.63069627294357
187.86310759433212,-13.620603782604752,0.9999999999999997,-13.645649398367024,-18.426041535029572,265.53371132176255
187.8693443045047,-13.61265199144946,0.9999999999999996,-13.646634535178638,-18.42791064298183,265.43673148152345
187.87558034895468,-13.604699868054174,0.9999999999999998,-13.647620328708676,-18.429779624145237,265.33975674304725
187.88181572819624,-13.59674741270661,0.9999999999999996,-13.648606778274097,-18.431648477912386,265.2427870971549
187.8880504427435,-13.588794625694476,0.9999999999999998,-13.649593883192052,-18.43351720367571,265.14582253466745
187.89428449311058,-13.580841507305268,0.9999999999999998,-13.650581642779763,-18.435385800827504,265.04886304640615
187.90051787981145,-13.572888057826548,0.9999999999999997,-13.651570056354487,-18.437254268759897,264.9519086231918
187.90675060336005,-13.564934277545756,0.9999999999999997,-13.652559123233647,-18.439122606864874,264.8549592558454
187.9129826642702,-13.55698016675027,0.9999999999999998,-13.653548842734722,-18.440990814534253,264.7580149351882
187.9192140630557,-13.549025725727395,0.9999999999999996,-13.654539214175303,-18.442858891159716,264.6610756520411
187.92544480023028,-13.541070954764349,0.9999999999999997,-13.655530236873055,-18.444726836132794,264.56414139722517
187.93167487630754,-13.533115854148308,0.9999999999999997,-13.656521910145743,-18.446594648844837,264.4672121615615
187.93790429180112,-13.52516042416636,0.9999999999999997,-13.657514233311264,-18.44846232868708,264.370287935871
187.94413304722443,-13.517204665105526,0.9999999999999997,-13.658507205687531,-18.450329875050585,264.27336871097486
187.95036114309102,-13.509248577252748,0.9999999999999998,-13.659500826592637,-18.452197287326264,264.1764544776938
187.95658857991415,-13.501292160894913,0.9999999999999996,-13.660495095344697,-18.45406456490489,264.0795452268494
187.96281535820717,-13.49333541631887,0.9999999999999998,-13.661490011261975,-18.455931707177033,263.98264094926213
187.96904147848332,-13.48537834381127,0.9999999999999997,-13.662485573662792,-18.45779871353321,263.8857416357534
187.97526694125574,-13.477420943658824,0.9999999999999997,-13.663481781865574,-18.459665583363716,263.78884727714404
187.98149174703752,-13.469463216148137,0.9999999999999997,-13.664478635188843,-18.461532316058666,263.69195786425513
187.98771589634168,-13.461505161565729,0.9999999999999997,-13.665476132951238,-18.463398911008124,263.59507338790786
187.99393938968115,-13.453546780198058,0.9999999999999998,-13.66647427447139,-18.465265367601887,263.4981938389231
188.00016222756884,-13.445588072331518,0.9999999999999997,-13.66747305906819,-18.467131685229702,263.4013192081219
188.0063844105175,-13.43762903825242,0.9999999999999998,-13.668472486060471,-18.46899786328111,263.3044494863254
188.01260593903996,-13.429669678247013,0.9999999999999998,-13.669472554767239,-18.4708639011455,263.2075846643544
188.01882681364881,-13.42170999260148,0.9999999999999996,-13.670473264507587,-18.472729798212146,263.1107247330302
188.02504703485667,-13.413749981601928,0.9999999999999997,-13.671474614600658,-18.474595553870138,263.0138696831737
188.03126660317608,-13.405789645534433,0.9999999999999997,-13.672476604365745,-18.476461167508425,262.91701950560605
188.03748551911954,-13.397828984684883,0.9999999999999998,-13.673479233122173,-18.478326638515814,262.82017419114806
188.04370378319942,-13.38986799933922,0.9999999999999996,-13.674482500189445,-18.480191966280955,262.72333373062094
188.049921395928,-13.381906689783268,0.9999999999999996,-13.675486404887042,-18.482057150192343,262.62649811484573
188.05613835781762,-13.373945056302798,0.9999999999999997,-13.676490946534642,-18.483922189638335,262.5296673346435
188.0623546693804,-13.365983099183486,0.9999999999999997,-13.677496124451967,-18.485787084007143,262.4328413808351
188.06857033112848,-13.358020818710965,0.9999999999999998,-13.678501937958833,-18.487651832686808,262.3360202442417
188.07478534357392,-13.350058215170787,0.9999999999999997,-13.679508386375163,-18.489516435065244,262.2392039156843
188.08099970722867,-13.34209528884843,0.9999999999999998,-13.680515469020929,-18.491380890530188,262.14239238598395
188.08721342260463,-13.334132040029308,0.9999999999999998,-13.681523185216257,-18.493245198469268,262.04558564596175
188.0934264902137,-13.32616846899877,0.9999999999999998,-13.682531534281342,-18.495109358269914,261.9487836864387
188.09963891056762,-13.318204576042088,0.9999999999999998,-13.683540515536473,-18.496973369319463,261.85198649823565
188.10585068417802,-13.310240361444517,0.9999999999999996,-13.684550128301995,-18.498837231005048,261.7551940721738
188.11206181155669,-13.3022758254911,0.9999999999999998,-13.68556037189839,-18.500700942713706,261.65840639907435
188.11827229321509,-13.294310968466952,0.9999999999999997,-13.686571245646215,-18.502564503832275,261.56162346975805
188.12448212966473,-13.286345790657077,0.9999999999999997,-13.687582748866122,-18.504427913747485,261.46484527504595
188.13069132141706,-13.278380292346398,0.9999999999999996,-13.68859488087886,-18.506291171845895,261.3680718057593
188.1368998689834,-13.270414473819784,0.9999999999999997,-13.689607641005239,-18.508154277513924,261.27130305271896
188.14310777287506,-13.262448335362027,0.9999999999999997,-13.690621028566191,-18.51001723013784,261.17453900674604
188.1493150336033,-13.254481877257856,0.9999999999999997,-13.691635042882773,-18.511880029103757,261.0777796586616
188.15552165167924,-13.24651509979192,0.9999999999999998,-13.692649683276045,-18.513742673797687,260.9810249992866
188.16172762761394,-13.238548003248813,0.9999999999999997,-13.693664949067218,-18.515605163605414,260.88427501944204
188.16793296191847,-13.230580587913055,0.9999999999999997,-13.694680839577606,-18.517467497912637,260.7875297099491
188.1741376551037,-13.22261285406914,0.9999999999999998,-13.695697354128562,-18.51932967610488,260.6907890616287
188.18034170768058,-13.214644802001365,0.9999999999999997,-13.69671449204157,-18.521191697567545,260.594053065302
188.1865451201599,-13.206676431994083,0.9999999999999997,-13.697732252638195,-18.523053561685863,260.4973217117898
188.19274789305243,-13.19870774433155,0.9999999999999997,-13.698750635240112,-18.524915267844907,260.4005949919134
188.19895002686877,-13.190738739297938,0.9999999999999998,-13.69976963916904,-18.526776815429642,260.30387289649366
188.2051515221196,-13.182769417177363,0.9999999999999996,-13.700789263746815,-18.528638203824855,260.2071554163517
188.2113523793154,-13.174799778253862,0.9999999999999998,-13.701809508295394,-18.530499432415212,260.11044254230853
188.21755259896665,-13.166829822811414,0.9999999999999997,-13.70283037213678,-18.53236050058522,260.0137342651852
188.2237521815838,-13.158859551133919,0.9999999999999998,-13.703851854593093,-18.534221407719215,259.9170305758026
188.22995112767708,-13.15088896350523,0.9999999999999998,-13.704873954986505,-18.536082153201434,259.820331464982
188.23614943775686,-13.142918060209109,0.9999999999999996,-13.705896672639359,-18.537942736415935,259.72363692354435
188.24234711233325,-13.134946841529304,0.9999999999999997,-13.706920006873995,-18.53980315674664,259.62694694231067
188.24854415191646,-13.126975307749367,0.9999999999999996,-13.707943957012896,-18.541663413577318,259.53026151210196
188.25474055701648,-13.119003459152907,0.9999999999999997,-13.70896852237862,-18.5435235062916,259.4335806237393
188.26093632814332,-13.111031296023425,0.9999999999999996,-13.709993702293831,-18.545383434272985,259.3369042680436
188.26713146580693,-13.103058818644357,0.9999999999999998,-13.711019496081283,-18.5472431969048,259.24023243583616
188.27332597051713,-13.095086027299068,0.9999999999999997,-13.712045903063789,-18.549102793570253,259.1435651179378
188.2795198427837,-13.087112922270858,0.9999999999999997,-13.713072922564262,-18.550962223652366,259.04690230516957
188.2857130831164,-13.07913950384296,0.9999999999999998,-13.714100553905759,-18.552821486534064,258.9502439883527
188.29190569202484,-13.071165772298535,0.9999999999999997,-13.715128796411358,-18.554680581598113,258.85359015830795
188.29809767001865,-13.063191727920685,0.9999999999999999,-13.716157649404263,-18.5565395082271,258.7569408058566
188.3042890176073,-13.055217370992436,0.9999999999999998,-13.717187112207728,-18.55839826580353,258.66029592181934
188.31047973530016,-13.0472427017968,0.9999999999999998,-13.718217184145175,-18.56025685370969,258.5636554970176
188.31666982360676,-13.039267720616582,0.9999999999999996,-13.719247864540023,-18.56211527132779,258.46701952227227
188.32285928303637,-13.031292427734646,0.9999999999999998,-13.72027915271585,-18.56397351803986,258.37038798840433
188.32904811409816,-13.023316823433776,0.9999999999999997,-13.721311047996284,-18.56583159322779,258.2737608862349
188.33523631730137,-13.015340907996649,0.9999999999999997,-13.722343549705066,-18.56768949627333,258.17713820658486
188.3414238931551,-13.007364681705909,0.9999999999999997,-13.723376657166032,-18.569547226558083,258.0805199402754
188.3476108421684,-12.999388144844106,0.9999999999999998,-13.724410369703069,-18.571404783463514,257.98390607812746
188.35379716485016,-12.991411297693743,0.9999999999999998,-13.725444686640177,-18.57326216637095,257.88729661096215
188.3599828617094,-12.983434140537245,0.9999999999999997,-13.726479607301476,-18.57511937466154,257.7906915296005
188.3661679332549,-12.975456673656982,0.9999999999999997,-13.727515131011124,-18.576976407716334,257.6940908248635
188.3723523799954,-12.967478897335242,0.9999999999999996,-13.728551257093375,-18.578833264916227,257.59749448757225
188.37853620243962,-12.959500811854259,0.9999999999999996,-13.729587984872603,-18.58068994564195,257.50090250854765
188.38471940109622,-12.951522417496237,0.9999999999999997,-13.73062531367326,-18.582546449274098,257.404314878611
188.39090197647377,-12.94354371454319,0.9999999999999998,-13.731663242819877,-18.584402775193148,257.30773158858295
188.39708392908074,-12.935564703277196,0.9999999999999996,-13.732701771637073,-18.586258922779404,257.2111526292848
188.40326525942555,-12.92758538398021,0.9999999999999998,-13.733740899449536,-18.58811489141305,257.1145779915377
188.4094459680166,-12.919605756934143,0.9999999999999997,-13.734780625582106,-18.589970680474114,257.0180076661624
188.4156260553622,-12.911625822420818,0.9999999999999998,-13.735820949359674,-18.59182628934247,256.92144164398
188.42180552197053,-12.90364558072201,0.9999999999999996,-13.736861870107184,-18.5936817173979,256.82487991581166
188.42798436834977,-12.895665032119412,0.9999999999999997,-13.737903387149714,-18.59553696401997,256.72832247247834
188.43416259500802,-12.887684176894668,0.9999999999999997,-13.73894549981245,-18.59739202858817,256.631769304801
188.4403402024533,-12.879703015329339,0.9999999999999997,-13.739988207420595,-18.599246910481803,256.53522040360093
