galstreams/tracks/track.st.300S.fu2018.ecsv
# %ECSV 0.9
# ---
# datatype:
# - {name: ra, unit: deg, datatype: float64}
# - {name: dec, unit: deg, datatype: float64}
# - {name: distance, unit: kpc, datatype: float64}
# - {name: pm_ra_cosdec, unit: mas / yr, datatype: float64}
# - {name: pm_dec, unit: mas / yr, datatype: float64}
# - {name: radial_velocity, unit: km / s, datatype: float64}
# delimiter: ','
# meta: !!omap
# - __serialized_columns__:
#     dec:
#       __class__: astropy.coordinates.angles.Latitude
#       unit: &id001 !astropy.units.Unit {unit: deg}
#       value: !astropy.table.SerializedColumn {name: dec}
#     distance:
#       __class__: astropy.coordinates.distances.Distance
#       unit: !astropy.units.Unit {unit: kpc}
#       value: !astropy.table.SerializedColumn {name: distance}
#     pm_dec:
#       __class__: astropy.units.quantity.Quantity
#       unit: !astropy.units.Unit {unit: mas / yr}
#       value: !astropy.table.SerializedColumn {name: pm_dec}
#     pm_ra_cosdec:
#       __class__: astropy.units.quantity.Quantity
#       unit: !astropy.units.Unit {unit: mas / yr}
#       value: !astropy.table.SerializedColumn {name: pm_ra_cosdec}
#     ra:
#       __class__: astropy.coordinates.angles.Longitude
#       unit: *id001
#       value: !astropy.table.SerializedColumn {name: ra}
#       wrap_angle: !astropy.coordinates.Angle
#         unit: *id001
#         value: 360.0
#     radial_velocity:
#       __class__: astropy.units.quantity.Quantity
#       unit: !astropy.units.Unit {unit: km / s}
#       value: !astropy.table.SerializedColumn {name: radial_velocity}
# schema: astropy-2.0
ra,dec,distance,pm_ra_cosdec,pm_dec,radial_velocity
[from data line 138]
153.228805881486,15.89626215091856,17.414364919742926,8.881784197001252e-16,-1.1102230246251565e-16,298.5190699053877
153.2391472905251,15.895103684490675,17.410487679240994,4.440892098500626e-16,-1.1102230246251565e-16,298.517631934666
153.24948852267053,15.893944295457139,17.406611892334357,1.5543122344752192e-15,-3.3306690738754696e-16,298.51617394452717
153.2598295779056,15.892783984531857,17.402737559095844,4.440892098500626e-16,1.1102230246251565e-16,298.51469594065645
153.27017045621358,15.891622752428743,17.398864679598287,1.1102230246251565e-15,-3.3306690738754696e-16,298.5131979287388
153.28051115757802,15.890460599861706,17.394993253914528,1.3322676295501878e-15,-4.440892098500626e-16,298.5116799144594
153.29085168198273,15.88929752754464,17.391123282117398,1.5543122344752192e-15,0.0,298.51014190350315
153.30119202941157,15.888133536191473,17.387254764279735,1.1102230246251565e-15,-4.440892098500626e-16,298.5085839015551
153.3115321998485,15.886968626516131,17.383387700474373,2.220446049250313e-16,-2.220446049250313e-16,298.50700591430035
153.32187219327787,15.885802799232525,17.37952209077415,6.661338147750939e-16,0.0,298.5054079474239
153.33221200968399,15.8846360550546,17.375657935251894,4.440892098500626e-16,-1.1102230246251565e-16,298.50379000661087
153.34255164905144,15.883468394696276,17.37179523398045,1.5543122344752192e-15,-1.1102230246251565e-16,298.50215209754623
153.3528911113649,15.882299818871509,17.367933987032643,-2.2204460492503128e-16,-1.1102230246251565e-16,298.5004942259149
153.3632303966093,15.88113032829422,17.36407419448131,2.220446049250313e-16,-3.3306690738754696e-16,298.4988163974021
153.3735695047697,15.879959923678376,17.360215856399297,1.5543122344752192e-15,-1.1102230246251565e-16,298.4971186176929
153.38390843583136,15.878788605737913,17.356358972859425,8.881784197001252e-16,-1.1102230246251565e-16,298.49540089247216
153.39424718977955,15.877616375186804,17.35250354393454,1.1102230246251565e-15,1.1102230246251565e-16,298.4936632274249
153.40458576659995,15.876443232738989,17.34864956969747,8.881784197001252e-16,0.0,298.49190562823634
153.41492416627824,15.875269179108448,17.344797050221057,1.5543122344752192e-15,-4.440892098500626e-16,298.49012810059145
153.42526238880032,15.874094215009142,17.340945985578134,1.3322676295501878e-15,-3.3306690738754696e-16,298.48833065017527
153.43560043415215,15.872918341155051,17.33709637584153,1.5543122344752192e-15,-1.1102230246251565e-16,298.4865132826727
153.44593830232014,15.87174155826014,17.333248221084084,8.881784197001252e-16,-2.220446049250313e-16,298.48467600376904
153.45627599329055,15.870563867038399,17.329401521378635,1.3322676295501878e-15,-3.3306690738754696e-16,298.4828188191491
153.46661350705003,15.869385268203814,17.325556276798014,8.881784197001252e-16,-4.440892098500626e-16,298.4809417344981
153.47695084358514,15.86820576247037,17.321712487415066,4.440892098500626e-16,0.0,298.4790447555009
153.48728800288296,15.867025350552058,17.317870153302614,1.3322676295501878e-15,-1.1102230246251565e-16,298.4771278878427
153.4976249849305,15.865844033162883,17.314029274533492,6.661338147750939e-16,-1.1102230246251565e-16,298.47519113720836
153.50796178971495,15.86466181101684,17.310189851180542,4.440892098500626e-16,1.1102230246251565e-16,298.4732345092831
153.51829841722363,15.863478684827951,17.306351883316598,1.9984014443252818e-15,-5.551115123125783e-16,298.4712580097518
153.52863486744428,15.862294655310198,17.3025153710145,1.5543122344752192e-15,2.220446049250313e-16,298.46926164429954
153.53897114036454,15.861109723177615,17.298680314347074,1.7763568394002503e-15,0.0,298.46724541861147
153.5493072359723,15.859923889144213,17.29484671338716,1.1102230246251565e-15,-1.1102230246251565e-16,298.46520933837246
153.55964315425555,15.858737153924023,17.291014568207594,4.440892098500626e-16,-4.440892098500626e-16,298.4631534092679
153.56997889520264,15.857549518231055,17.28718387888121,8.881784197001252e-16,-1.1102230246251565e-16,298.4610776369822
153.58031445880192,15.856360982779348,17.283354645480838,8.881784197001252e-16,-3.3306690738754696e-16,298.45898202720093
153.59064984504195,15.855171548282932,17.279526868079323,2.220446049250313e-16,3.3306690738754696e-16,298.45686658560896
153.60098505391136,15.853981215455857,17.275700546749498,6.661338147750939e-16,-3.3306690738754696e-16,298.4547313178914
153.6113200853992,15.85278998501214,17.27187568156419,4.4408920985006257e-16,-1.1102230246251565e-16,298.4525762297331
153.62165493949448,15.851597857665844,17.268052272596243,1.1102230246251565e-15,0.0,298.45040132681913
153.6319896161864,15.850404834131016,17.264230319918486,8.881784197001252e-16,-1.1102230246251565e-16,298.4482066148348
153.64232411546428,15.849210915121708,17.260409823603766,-2.2204460492503128e-16,3.3306690738754696e-16,298.44599209946483
153.6526584373178,15.84801610135198,17.256590783724903,1.5543122344752192e-15,1.1102230246251565e-16,298.44375778639443
153.6629925817367,15.846820393535882,17.252773200354742,4.440892098500626e-16,-1.1102230246251565e-16,298.44150368130875
153.6733265487107,15.845623792387489,17.248957073566114,1.3322676295501878e-15,-1.1102230246251565e-16,298.43922978989247
153.68366033823006,15.844426298620858,17.24514240343186,8.881784197001252e-16,0.0,298.43693611783095
153.69399395028492,15.84322791295007,17.241329190024807,4.440892098500626e-16,-1.1102230246251565e-16,298.4346226708091
153.70432738486565,15.842028636089195,17.237517433417796,6.661338147750939e-16,-1.1102230246251565e-16,298.4322894545119
153.71466064196278,15.84082846875232,17.233707133683655,6.661338147750939e-16,1.1102230246251565e-16,298.42993647462436
153.72499372156713,15.83962741165351,17.229898290895235,1.1102230246251565e-15,0.0,298.42756373683176
153.73532662366952,15.838425465506875,17.22609090512535,1.7763568394002505e-15,-2.220446049250313e-16,298.42517124681893
153.74565934826103,15.837222631026485,17.22228497644685,1.1102230246251565e-15,-2.220446049250313e-16,298.42275901027097
153.7559918953328,15.836018908926448,17.218480504932568,1.1102230246251565e-15,-2.220446049250313e-16,298.420327032873
153.76632426487637,15.834814299920849,17.21467749065534,2.220446049250313e-16,-1.1102230246251565e-16,298.41787532030986
153.77665645688322,15.833608804723797,17.210875933687994,8.881784197001252e-16,-3.3306690738754696e-16,298.41540387826683
153.786988471345,15.832402424049388,17.20707583410337,6.661338147750939e-16,-3.3306690738754696e-16,298.4129127124287
153.79732030825366,15.831195158611747,17.203277191974305,8.881784197001252e-16,-2.220446049250313e-16,298.41040182848064
153.80765196760126,15.829987009124961,17.199480007373634,8.881784197001252e-16,1.1102230246251565e-16,298.4078712321077
153.81798344938002,15.82877797630316,17.195684280374184,6.661338147750939e-16,1.1102230246251565e-16,298.4053209289949
153.8283147535823,15.827568060860461,17.191890011048805,6.661338147750939e-16,1.1102230246251565e-16,298.40275092482733
153.83864588020057,15.826357263510989,17.18809719947032,1.7763568394002505e-15,3.3306690738754696e-16,298.4001612252899
153.84897682922772,15.825145584968864,17.184305845711567,1.1102230246251565e-15,-1.1102230246251565e-16,298.3975518360678
153.85930760065654,15.823933025948206,17.18051594984539,8.881784197001252e-16,-1.1102230246251565e-16,298.39492276284585
153.86963819448005,15.822719587163157,17.176727511944613,8.881784197001252e-16,-3.3306690738754696e-16,298.3922740113092
153.87996861069144,15.821505269327858,17.172940532082073,1.3322676295501878e-15,-4.440892098500626e-16,298.3896055871432
153.89029884928416,15.820290073156432,17.16915501033061,1.7763568394002505e-15,1.1102230246251565e-16,298.3869174960323
153.90062891025175,15.819073999363031,17.16537094676306,4.440892098500626e-16,-3.3306690738754696e-16,298.384209743662
153.91095879358787,15.817857048661798,17.161588341452248,1.3322676295501878e-15,0.0,298.38148233571707
153.9212884992864,15.816639221766891,17.15780719447102,2.220446049250313e-16,-5.551115123125783e-16,298.37873527788275
153.9316180273414,15.815420519392438,17.154027505892206,1.3322676295501878e-15,-2.220446049250313e-16,298.3759685758439
153.9419473777471,15.814200942252613,17.150249275788646,6.661338147750939e-16,-2.220446049250313e-16,298.3731822352856
153.95227655049783,15.81298049106157,17.146472504233166,1.7763568394002505e-15,-3.3306690738754696e-16,298.37037626189306
153.96260554558808,15.811759166533479,17.14269719129861,4.4408920985006257e-16,-3.3306690738754696e-16,298.3675506613511
153.97293436301268,15.810536969382486,17.138923337057815,6.661338147750939e-16,-4.440892098500626e-16,298.3647054393449
153.9832630027664,15.809313900322769,17.135150941583607,1.1102230246251565e-15,-3.3306690738754696e-16,298.3618406015594
153.9935914648443,15.808089960068493,17.131380004948827,1.3322676295501878e-15,0.0,298.3589561536797
154.00391974924153,15.806865149333854,17.12761052722631,8.881784197001252e-16,-2.220446049250313e-16,298.35605210139084
154.01424785595353,15.805639468833,17.123842508488888,8.881784197001252e-16,-2.220446049250313e-16,298.35312845037777
154.0245757849758,15.804412919280127,17.120075948809404,4.440892098500626e-16,0.0,298.3501852063256
154.03490353630406,15.803185501389416,17.116310848260678,6.661338147750939e-16,-2.220446049250313e-16,298.34722237491934
154.04523110993404,15.801957215875056,17.11254720691556,1.7763568394002505e-15,2.220446049250313e-16,298.34423996184404
154.05555850586194,15.800728063451233,17.108785024846885,4.440892098500626e-16,-2.220446049250313e-16,298.3412379727848
154.06588572408384,15.799498044832138,17.10502430212748,4.440892098500626e-16,-4.440892098500626e-16,298.33821641342666
154.07621276459608,15.798267160731973,17.101265038830185,1.7763568394002505e-15,-2.220446049250313e-16,298.3351752894546
154.0865396273953,15.797035411864927,17.09750723502783,8.881784197001251e-16,0.0,298.33211460655366
154.09686631247808,15.795802798945207,17.09375089079326,4.440892098500626e-16,-2.220446049250313e-16,298.32903437040886
154.1071928198413,15.794569322687016,17.0899960061993,6.661338147750939e-16,-2.220446049250313e-16,298.3259345867051
154.1175191494819,15.793334983804563,17.08624258131879,1.7763568394002505e-15,2.220446049250313e-16,298.3228152611277
154.1278453013972,15.792099783012063,17.082490616224568,4.440892098500626e-16,-4.440892098500626e-16,298.31967639936164
154.13817127558445,15.790863721023715,17.078740110989465,1.5543122344752192e-15,-1.1102230246251565e-16,298.31651800709176
154.1484970720412,15.789626798553748,17.07499106568632,6.661338147750939e-16,-3.3306690738754696e-16,298.3133400900033
154.15882269076502,15.78838901631638,17.071243480387967,1.7763568394002505e-15,-2.220446049250313e-16,298.31014265378127
154.16914813175393,15.787150375025822,17.067497355167234,6.661338147750939e-16,-2.220446049250313e-16,298.30692570411054
154.1794733950058,15.785910875396311,17.063752690096962,1.3322676295501878e-15,-4.440892098500626e-16,298.3036892466763
154.18979848051885,15.784670518142061,17.06000948524999,1.3322676295501878e-15,0.0,298.3004332871637
154.20012338829136,15.783429303977323,17.05626774069915,6.661338147750939e-16,-1.1102230246251565e-16,298.29715783125755
154.2104481183219,15.782187233616305,17.052527456517275,4.440892098500626e-16,-2.220446049250313e-16,298.29386288464286
154.22077267060908,15.780944307773256,17.048788632777203,4.440892098500626e-16,-1.1102230246251565e-16,298.29054845300493
154.23109704515176,15.779700527162412,17.04505126955177,1.3322676295501878e-15,-1.1102230246251565e-16,298.2872145420286
154.24142124194887,15.77845589249803,17.041315366913807,0.0,-1.1102230246251565e-16,298.28386115739903
154.25174526099963,15.77721040449432,17.037580924936155,6.661338147750939e-16,-2.220446049250313e-16,298.28048830480105
154.26206910230337,15.775964063865551,17.033847943691644,8.881784197001252e-16,-4.440892098500626e-16,298.27709598992
154.2723927658595,15.774716871325964,17.030116423253116,1.5543122344752192e-15,-2.220446049250313e-16,298.2736842184407
154.28271625166772,15.773468827589822,17.026386363693394,8.881784197001251e-16,-2.220446049250313e-16,298.2702529960481
154.29303955972784,15.77221993337137,17.02265776508532,1.7763568394002505e-15,-1.1102230246251565e-16,298.26680232842756
154.3033626900399,15.770970189384855,17.01893062750174,1.5543122344752192e-15,0.0,298.2633322212638
154.31368564260396,15.769719596344551,17.015204951015473,6.661338147750939e-16,-3.3306690738754696e-16,298.2598426802421
154.32400841742026,15.768468154964726,17.01148073569937,1.5543122344752192e-15,-3.3306690738754696e-16,298.2563337110473
154.33433101448946,15.76721586595962,17.00775798162624,4.440892098500626e-16,-1.1102230246251565e-16,298.2528053193646
154.34465343381206,15.765962730043515,17.004036688868943,1.5543122344752192e-15,2.220446049250313e-16,298.24925751087903
154.35497567538889,15.764708747930685,17.00031685750031,1.3322676295501878e-15,0.0,298.24569029127537
154.3652977392209,15.7634539203354,16.99659848759317,8.881784197001252e-16,1.1102230246251565e-16,298.2421036662391
154.3756196253093,15.762198247971924,16.992881579220363,4.440892098500626e-16,-3.3306690738754696e-16,298.2384976414548
154.38594133365527,15.760941731554533,16.98916613245472,1.1102230246251565e-15,-2.220446049250313e-16,298.23487222260786
154.39626286426028,15.759684371797526,16.985452147369077,1.7763568394002505e-15,-3.3306690738754696e-16,298.23122741538305
154.40658421712607,15.758426169415165,16.981739624036273,2.220446049250313e-16,-3.3306690738754696e-16,298.22756322546576
154.41690539225434,15.757167125121729,16.978028562529143,2.2204460492503128e-16,-1.1102230246251565e-16,298.22387965854057
154.42722638964702,15.755907239631528,16.974318962920517,1.1102230246251565e-15,-2.220446049250313e-16,298.220176720293
154.4375472093062,15.75464651365884,16.970610825283234,1.9984014443252818e-15,-1.1102230246251565e-16,298.21645441640754
154.44786785123426,15.753384947917944,16.966904149690127,4.440892098500626e-16,-1.1102230246251565e-16,298.21271275256976
154.45818831543357,15.752122543123146,16.963198936214035,1.9984014443252818e-15,-1.1102230246251565e-16,298.2089517344644
154.46850860190676,15.750859299988734,16.95949518492779,1.9984014443252818e-15,-1.1102230246251565e-16,298.2051713677764
154.47882871065656,15.74959521922902,16.955792895904228,0.0,-1.1102230246251565e-16,298.2013716581912
154.48914864168594,15.748330301558287,16.95209206921618,1.5543122344752192e-15,-5.551115123125783e-16,298.1975526113935
154.49946839499802,15.747064547690842,16.94839270493649,8.881784197001252e-16,0.0,298.19371423306836
154.50978797059602,15.74579795834099,16.944694803137992,6.661338147750939e-16,-2.220446049250313e-16,298.1898565289011
154.52010736848328,15.744530534223045,16.940998363893524,8.881784197001252e-16,0.0,298.1859795045765
154.53042658866357,15.74326227605131,16.937303387275904,1.7763568394002505e-15,-4.440892098500626e-16,298.18208316577955
154.54074563114054,15.741993184540085,16.93360987335798,4.4408920985006257e-16,-4.440892098500626e-16,298.17816751819544
154.5510644959181,15.740723260403698,16.92991782221259,1.5543122344752192e-15,-2.220446049250313e-16,298.17423256750914
154.56138318300032,15.739452504356464,16.926227233912563,6.661338147750939e-16,1.1102230246251565e-16,298.17027831940567
154.57170169239149,15.738180917112693,16.922538108530738,2.2204460492503128e-16,-4.440892098500626e-16,298.16630477957017
154.582020024096,15.736908499386702,16.91885044613995,6.661338147750939e-16,-1.1102230246251565e-16,298.16231195368755
154.59233817811844,15.735635251892818,16.915164246813024,2.220446049250313e-16,-2.220446049250313e-16,298.158299847443
154.6026561544634,15.734361175345366,16.911479510622815,1.1102230246251565e-15,-1.1102230246251565e-16,298.1542684665215
154.612973953136,15.733086270458667,16.907796237642145,6.661338147750939e-16,-3.3306690738754696e-16,298.1502178166079
