galstreams/tracks/track.st.Orphan-Chenab.koposov2023.ecsv
# %ECSV 1.0
# ---
# datatype:
# - {name: ra, unit: deg, datatype: float64}
# - {name: dec, unit: deg, datatype: float64}
# - {name: distance, unit: kpc, datatype: float64}
# - {name: pm_ra_cosdec, unit: mas / yr, datatype: float64}
# - {name: pm_dec, unit: mas / yr, datatype: float64}
# - {name: radial_velocity, unit: km / s, datatype: float64}
# delimiter: ','
# meta: !!omap
# - __serialized_columns__:
#     dec:
#       __class__: astropy.coordinates.angles.Latitude
#       unit: &id001 !astropy.units.Unit {unit: deg}
#       value: !astropy.table.SerializedColumn {name: dec}
#     distance:
#       __class__: astropy.coordinates.distances.Distance
#       unit: !astropy.units.Unit {unit: kpc}
#       value: !astropy.table.SerializedColumn {name: distance}
#     pm_dec:
#       __class__: astropy.units.quantity.Quantity
#       unit: !astropy.units.Unit {unit: mas / yr}
#       value: !astropy.table.SerializedColumn {name: pm_dec}
#     pm_ra_cosdec:
#       __class__: astropy.units.quantity.Quantity
#       unit: !astropy.units.Unit {unit: mas / yr}
#       value: !astropy.table.SerializedColumn {name: pm_ra_cosdec}
#     ra:
#       __class__: astropy.coordinates.angles.Longitude
#       unit: *id001
#       value: !astropy.table.SerializedColumn {name: ra}
#       wrap_angle: !astropy.coordinates.Angle
#         unit: *id001
#         value: 360.0
#     radial_velocity:
#       __class__: astropy.units.quantity.Quantity
#       unit: !astropy.units.Unit {unit: km / s}
#       value: !astropy.table.SerializedColumn {name: radial_velocity}
# schema: astropy-2.0
ra,dec,distance,pm_ra_cosdec,pm_dec,radial_velocity
[from data line 6319]
190.87410431236182,-60.50183223550479,17.642102569412305,-3.990005892199335,2.744244841081566,71.00240070954725
190.8639221125195,-60.49317648415237,17.640994516231917,-3.989548861252636,2.744812978711987,71.0437053996033
190.85374541054983,-60.48451994084273,17.639886463051532,-3.989092013460456,2.745380658196043,71.08501008965948
190.84357420210594,-60.475862606272756,17.63877840987114,-3.9886353487910484,2.7459478799554145,71.12631477971567
190.83340848284493,-60.46720448113863,17.63767035669075,-3.988178867212521,2.7465146444113397,71.16761946977184
190.8232482484278,-60.45854556613573,17.636562303510367,-3.9877225686928552,2.7470809519846253,71.20892415982793
190.81309349451928,-60.4498858619587,17.635454250329975,-3.9872664531998896,2.747646803095639,71.25022884988405
190.8029442167882,-60.441225369301456,17.634346197149583,-3.9868105207013307,2.748212198164313,71.29153353994025
190.79280041090723,-60.43256408885712,17.633238143969198,-3.9863547711647493,2.748777137610138,71.33283822999636
190.78266207255282,-60.423902021318106,17.63213009078881,-3.9858992045575885,2.7493416218521776,71.37414292005255
190.77252919740545,-60.415239167376065,17.63102203760842,-3.985443820847149,2.749905651309059,71.41544761010879
190.7624017811494,-60.40657552772192,17.629913984428033,-3.9849886200006064,2.750469226398966,71.45675230016491
190.75227981947288,-60.39791110304583,17.62880593124764,-3.9845336019849995,2.7510323475396605,71.49805699022104
190.74216330806786,-60.3892458940372,17.627697878067256,-3.984078766767234,2.7515950151484634,71.53936168027724
190.73205224263035,-60.38057990138473,17.626589824886864,-3.9836241143140865,2.752157229642263,71.58066637033345
190.7219466188601,-60.371913125776366,17.625481771706475,-3.9831696445922016,2.7527189914375163,71.62197106038954
190.71184643246076,-60.36324556789926,17.624373718526083,-3.9827153575680927,2.7532803009502524,71.66327575044582
190.7017516791399,-60.35457722843992,17.623265665345702,-3.982261253208142,2.753841158596053,71.70458044050196
190.69166235460884,-60.345908108084025,17.622157612165314,-3.9818073314786036,2.7544015647900886,71.74588513055821
190.6815784545829,-60.33723820751657,17.621049558984925,-3.9813535923456,2.754961519947082,71.78718982061433
190.67149997478109,-60.328567527421775,17.619941505804533,-3.9809000357751265,2.7555210244813377,71.8284945106706
190.66142691092637,-60.31989606848318,17.61883345262415,-3.9804466617330467,2.7560800788067206,71.86979920072676
190.65135925874554,-60.31122383138352,17.61772539944376,-3.9799934701850974,2.756638683336671,71.91110389078297
190.64129701396922,-60.30255081680486,17.61661734626337,-3.9795404610968896,2.7571968384841963,71.95240858083913
190.63124017233187,-60.29387702542846,17.615509293082983,-3.9790876344339035,2.7577545446618816,71.99371327089537
190.62118872957177,-60.285202457934915,17.614401239902595,-3.978634990161493,2.758311802281875,72.0350179609516
190.61114268143112,-60.27652711500406,17.61329318672221,-3.9781825282448837,2.758868611755902,72.07632265100789
190.60110202365584,-60.26785099731501,17.612185133541814,-3.977730248649183,2.7594249734952565,72.11762734106398
190.59106675199573,-60.259174105546094,17.61107708036143,-3.9772781513393607,2.7599808879108094,72.15893203112026
190.58103686220437,-60.250496440375,17.609969027181045,-3.9768262362802655,2.7605363554130045,72.20023672117647
190.57101235003924,-60.24181800247861,17.608860974000653,-3.9763745034366274,2.7610913764118536,72.2415414112327
190.56099321126158,-60.23313879253315,17.607752920820264,-3.9759229527730415,2.761645951316949,72.28284610128898
190.5509794416364,-60.22445881121405,17.60664486763988,-3.9754715842539863,2.7622000805374562,72.32415079134523
190.5409710369327,-60.21577805919607,17.60553681445949,-3.9750203978438123,2.7627537644821096,72.3654554814014
190.53096799292302,-60.20709653715319,17.6044287612791,-3.974569393506752,2.7633070035592278,72.40676017145755
190.5209703053839,-60.19841424575872,17.603320708098707,-3.974118571206903,2.763859798176703,72.44806486151384
190.51097797009564,-60.189731185685226,17.602212654918322,-3.9736679309082525,2.7644121487419975,72.48936955157014
190.5009909828423,-60.18104735760452,17.601104601737934,-3.9732174725746594,2.7649640556621544,72.53067424162636
190.49100933941176,-60.17236276218778,17.599996548557545,-3.972767196169865,2.7655155193437975,72.57197893168255
190.48103303559566,-60.16367740010533,17.598888495377153,-3.972317101657483,2.7660665401931226,72.61328362173887
190.47106206718945,-60.154991272026905,17.597780442196772,-3.9718671890010087,2.766617118615901,72.65458831179512
190.4610964299924,-60.14630437862142,17.59667238901638,-3.9714174581638217,2.767167255017493,72.69589300185147
190.45113611980756,-60.13761672055718,17.59556433583599,-3.9709679091091745,2.767716949802826,72.7371976919076
190.4411811324416,-60.128928298501656,17.594456282655603,-3.9705185418002014,2.768266203376416,72.77850238196393
190.4312314637052,-60.120239113121684,17.593348229475218,-3.970069356199918,2.7688150161423493,72.81980707202017
190.42128710941262,-60.11154916508335,17.59224017629483,-3.969620352271221,2.7693633885043027,72.86111176207649
190.41134806538201,-60.102858455052036,17.591132123114438,-3.9691715299768893,2.7699113208655235,72.90241645213273
190.40141432743522,-60.09416698369241,17.590024069934053,-3.9687228892795807,2.7704588136288453,72.94372114218896
190.39148589139788,-60.08547475166841,17.58891601675366,-3.9682744301418404,2.771005867196683,72.98502583224527
190.38156275309942,-60.076781759643296,17.587807963573276,-3.9678261525260874,2.77155248197103,73.02633052230158
190.37164490837287,-60.068088008279595,17.586699910392888,-3.96737805639463,2.772098658353468,73.06763521235784
190.36173235305526,-60.05939349823912,17.5855918572125,-3.9669301417096605,2.7726443967451515,73.10893990241416
190.35182508298715,-60.05069823018298,17.58448380403211,-3.966482408433251,2.7731896975468278,73.15024459247043
190.3419230940129,-60.042002204771585,17.583375750851722,-3.9660348565273593,2.7737345611588236,73.19154928252681
190.33202638198074,-60.03330542266465,17.582267697671337,-3.965587485953826,2.7742789879810434,73.232853972583
190.32213494274245,-60.02460788452112,17.58115964449095,-3.965140296674382,2.77482297841299,73.27415866263935
190.31224877215365,-60.01590959099932,17.58005159131056,-3.9646932886506345,2.7753665328537385,73.3154633526956
190.3023678660737,-60.00721054275679,17.578943538130172,-3.964246461844086,2.775909651701952,73.35676804275195
190.2924922203656,-59.99851074045044,17.57783548494978,-3.9637998162161168,2.776452335355883,73.39807273280823
190.2826218308962,-59.989810184736406,17.576727431769392,-3.963353351727999,2.7769945842133645,73.43937742286454
190.27275669353597,-59.98110887627019,17.575619378589007,-3.9629070683408836,2.7775363986718213,73.48068211292087
190.26289680415914,-59.972406815706535,17.574511325408615,-3.9624609660158225,2.778077779128261,73.5219868029772
190.2530421586437,-59.96370400369952,17.57340327222823,-3.96201504471374,2.7786187259792765,73.56329149303349
190.24319275287124,-59.95500044090248,17.572295219047845,-3.961569304395458,2.779159239621056,73.60459618308985
190.23334858272713,-59.946296127968125,17.57118716586745,-3.961123745021684,2.779699320449371,73.64590087314618
190.2235096441005,-59.937591065548425,17.570079112687065,-3.9606783665530116,2.780238968859579,73.68720556320245
190.21367593288403,-59.9288852542946,17.568971059506676,-3.9602331689499266,2.780778185246632,73.7285102532589
190.20384744497431,-59.92017869485728,17.56786300632629,-3.959788152172803,2.7813169700050624,73.76981494331521
190.19402417627143,-59.91147138788631,17.5667549531459,-3.9593433161819043,2.781855323529003,73.81111963337152
190.18420612267923,-59.902763334030894,17.565646899965515,-3.9588986609373835,2.7823932462121705,73.8524243234279
190.1743932801053,-59.89405453393951,17.564538846785126,-3.958454186399285,2.7829307384478748,73.89372901348426
190.1645856444609,-59.88534498825998,17.563430793604738,-3.958009892527545,2.7834678006290123,73.93503370354053
190.1547832116609,-59.87663469763937,17.56232274042435,-3.9575657792819876,2.7840044331480756,73.97633839359698
190.14498597762395,-59.867923662724124,17.561214687243957,-3.957121846622331,2.7845406363971454,74.01764308365327
190.1351939382723,-59.859211884159954,17.56010663406357,-3.9566780945081845,2.785076410767903,74.0589477737097
190.12540708953188,-59.85049936259192,17.558998580883184,-3.9562345228990496,2.7856117566516074,74.10025246376601
190.11562542733236,-59.84178609866432,17.557890527702796,-3.9557911317543213,2.7861466744391223,74.14155715382238
190.105848947607,-59.83307209302086,17.556782474522407,-3.9553479210332885,2.7866811645209033,74.18286184387873
190.09607764629274,-59.82435734630447,17.555674421342026,-3.954904890695125,2.7872152272869957,74.22416653393515
190.08631151933025,-59.81564185915746,17.554566368161634,-3.9544620406989166,2.7877488631270446,74.26547122399151
190.07655056266375,-59.80692563222141,17.553458314981246,-3.954019371003622,2.7882820724302806,74.30677591404785
190.0667947722412,-59.79820866613725,17.552350261800857,-3.9535768815681087,2.7888148555855428,74.34808060410423
190.05704414401416,-59.789490961545205,17.55124220862047,-3.9531345723511344,2.7893472129812555,74.38938529416058
190.0472986739378,-59.78077251908481,17.55013415544008,-3.9526924433113484,2.7898791450054437,74.43068998421704
190.0375583579711,-59.77205333939495,17.549026102259695,-3.952250494407304,2.79041065204572,74.4719946742734
190.0277949702947,-59.76334198064908,17.54794410940923,-3.9517938883456383,2.7909294849791717,74.51401371396749
190.01802819891745,-59.754632470801894,17.54687000323756,-3.9513329771423638,2.7914441804371233,74.55624893842038
190.0082665820641,-59.74592222006602,17.54579589706589,-3.950872251634945,2.7919584450890134,74.59848416287332
189.9985101157067,-59.73721122908187,17.544721790894222,-3.9504117117789406,2.7924722793276455,74.64071938732616
189.98875879582076,-59.72849949848909,17.543647684722554,-3.9499513575297973,2.792985683545408,74.68295461177907
189.97901261838544,-59.719787028926696,17.542573578550883,-3.9494911888428685,2.793498658134287,74.72518983623199
189.9692715793835,-59.71107382103303,17.541499472379215,-3.9490312056733976,2.794011203485859,74.76742506068497
189.95953567480143,-59.70235987544577,17.540425366207547,-3.9485714079765337,2.7945233199912902,74.80966028513781
189.94980490062915,-59.69364519280182,17.53935126003588,-3.9481117957073173,2.7950350080413404,74.85189550959069
189.94007925286022,-59.68492977373752,17.538277153864207,-3.9476523688206897,2.7955462680263676,74.89413073404357
189.9303587274919,-59.676213618888475,17.537203047692536,-3.947193127271497,2.7960571003363213,74.9363659584965
189.9206433205249,-59.667496728889624,17.536128941520868,-3.9467340710144727,2.796567505360739,74.97860118294936
189.91093302796358,-59.65877910437524,17.5350548353492,-3.9462752000042602,2.7970774834887617,75.02083640740234
189.90122784581592,-59.65006074597893,17.53398072917753,-3.9458165141954007,2.7975870351091223,75.06307163185532
189.89152777009346,-59.64134165433361,17.53290662300586,-3.9453580135423314,2.7980961606101467,75.10530685630818
189.88183279681127,-59.632621830071514,17.531832516834196,-3.944899697999396,2.7986048603797604,75.14754208076116
189.87214292198806,-59.62390127382423,17.530758410662525,-3.944441567520837,2.7991131348054825,75.1897773052141
189.8624581416461,-59.61517998622267,17.52968430449085,-3.943983622060799,2.799620984274431,75.23201252966697
189.85277845181122,-59.60645796789708,17.52861019831919,-3.9435258615733266,2.8001284091733174,75.27424775411991
189.84310384851278,-59.59773521947701,17.527536092147518,-3.9430682860123665,2.800635409888458,75.31648297857284
189.83343432778375,-59.589011741591364,17.52646198597585,-3.9426108953317707,2.8011419868057583,75.35871820302577
189.82376988566068,-59.58028753486837,17.525387879804182,-3.942153689485293,2.801648140310729,75.40095342747875
189.81411051818364,-59.571562599935625,17.52431377363251,-3.94169666842659,2.8021538707884748,75.44318865193162
189.80445622139626,-59.562836937419995,17.523239667460846,-3.941239832109219,2.8026591786237014,75.48542387638456
189.79480699134572,-59.55411054794772,17.522165561289174,-3.9407831804866458,2.803164064200716,75.52765910083754
189.7851628240827,-59.54538343214439,17.521091455117503,-3.9403267135122406,2.803668527903429,75.56989432529055
189.7755237156616,-59.536655590634936,17.520017348945835,-3.9398704311392745,2.804172570115338,75.61212954974343
189.76588966214015,-59.52792702404354,17.51894324277417,-3.9394143333209217,2.8046761912195532,75.65436477419637
189.7562606595797,-59.51919773299382,17.517869136602496,-3.9389584200102714,2.805179391598786,75.69659999864943
189.74663670404522,-59.51046771810871,17.516795030430828,-3.9385026911603065,2.8056821716353433,75.73883522310236
189.73701779160504,-59.501736980010456,17.515720924259156,-3.9380471467239255,2.8061845317111374,75.78107044755536
189.7274039183312,-59.493005519320675,17.51464681808749,-3.9375917866539263,2.806686472207684,75.82330567200829
189.71779508029908,-59.4842733366603,17.513572711915824,-3.9371366109030146,2.807187993506101,75.86554089646131
189.7081912735878,-59.47554043264963,17.512498605744153,-3.9366816194238092,2.8076890959871097,75.90777612091428
189.69859249427984,-59.46680680790831,17.51142449957248,-3.9362268121688295,2.8081897800310363,75.95001134536717
189.68899873846124,-59.45807246305528,17.510350393400817,-3.9357721890905015,2.8086900460178033,75.99224656982014
189.67941000222152,-59.44933739870887,17.50927628722915,-3.935317750141167,2.8091898943269507,76.03448179427315
189.6698262816538,-59.440601615486756,17.50820218105748,-3.934863495273067,2.8096893253376165,76.07671701872619
189.66024757285462,-59.43186511400595,17.50712807488581,-3.934409424438357,2.810188339428545,76.11895224317918
189.65067387192406,-59.4231278948828,17.506053968714138,-3.9339555375890987,2.810686936978083,76.16118746763217
189.64110517496573,-59.414389958733004,17.504979862542474,-3.933501834677263,2.811185118364185,76.20342269208521
189.6315414780867,-59.405651306171656,17.5039057563708,-3.9330483156547373,2.8116828839644197,76.24565791653808
189.62198277739753,-59.39691193781311,17.502831650199134,-3.9325949804733047,2.812180234155953,76.28789314099119
189.61242906901225,-59.388171854271135,17.50175754402747,-3.9321418290846695,2.812677169315563,76.33012836544425
189.6028803490485,-59.379431056158865,17.50068343785579,-3.931688861440447,2.8131736898196356,76.37236358989722
189.59333661362726,-59.370689544088734,17.499609331684127,-3.931236077492156,2.8136697960441617,76.41459881435021
189.58379785887308,-59.36194731867255,17.49853522551246,-3.930783477191232,2.814165488364745,76.45683403880322
189.57426408091396,-59.353204380521454,17.497461119340787,-3.9303310604890207,2.8146607671565937,76.49906926325625
189.56473527588136,-59.344460730246006,17.496387013169116,-3.929878827336778,2.8151556327945326,76.54130448770928
189.55521143991024,-59.33571636845607,17.49531290699745,-3.9294267776856757,2.8156500856529902,76.58353971216223
189.54569256913905,-59.326971295760856,17.494238800825784,-3.9289749114867947,2.8161441261060056,76.62577493661529
189.53617865970966,-59.31822551276894,17.493164694654116,-3.9285232286911294,2.816637754527233,76.66801016106832
189.5266697077674,-59.30947902008828,17.492090588482444,-3.928071729249589,2.8171309712899335,76.71024538552132
189.51716570946118,-59.30073181832618,17.491016482310776,-3.9276204131129937,2.8176237767669785,76.75248060997428
189.50766666094316,-59.29198390808927,17.48994237613911,-3.927169280232077,2.8181161713308596,76.79471583442742
189.49817255836913,-59.283235289983594,17.48886826996744,-3.926718330557491,2.8186081553536715,76.83695105888046
