galstreams/tracks/track.st.300S.fu2018.ecsv
# %ECSV 0.9
# ---
# datatype:
# - {name: ra, unit: deg, datatype: float64}
# - {name: dec, unit: deg, datatype: float64}
# - {name: distance, unit: kpc, datatype: float64}
# - {name: pm_ra_cosdec, unit: mas / yr, datatype: float64}
# - {name: pm_dec, unit: mas / yr, datatype: float64}
# - {name: radial_velocity, unit: km / s, datatype: float64}
# delimiter: ','
# meta: !!omap
# - __serialized_columns__:
#     dec:
#       __class__: astropy.coordinates.angles.Latitude
#       unit: &id001 !astropy.units.Unit {unit: deg}
#       value: !astropy.table.SerializedColumn {name: dec}
#     distance:
#       __class__: astropy.coordinates.distances.Distance
#       unit: !astropy.units.Unit {unit: kpc}
#       value: !astropy.table.SerializedColumn {name: distance}
#     pm_dec:
#       __class__: astropy.units.quantity.Quantity
#       unit: !astropy.units.Unit {unit: mas / yr}
#       value: !astropy.table.SerializedColumn {name: pm_dec}
#     pm_ra_cosdec:
#       __class__: astropy.units.quantity.Quantity
#       unit: !astropy.units.Unit {unit: mas / yr}
#       value: !astropy.table.SerializedColumn {name: pm_ra_cosdec}
#     ra:
#       __class__: astropy.coordinates.angles.Longitude
#       unit: *id001
#       value: !astropy.table.SerializedColumn {name: ra}
#       wrap_angle: !astropy.coordinates.Angle
#         unit: *id001
#         value: 360.0
#     radial_velocity:
#       __class__: astropy.units.quantity.Quantity
#       unit: !astropy.units.Unit {unit: km / s}
#       value: !astropy.table.SerializedColumn {name: radial_velocity}
# schema: astropy-2.0
ra,dec,distance,pm_ra_cosdec,pm_dec,radial_velocity
[from data line 410]
156.03513086844114,15.549524535689388,16.413570808619422,1.1102230246251565e-15,-1.1102230246251565e-16,297.408963736093
156.04542409248015,15.548141442657267,16.410091630451923,1.1102230246251565e-15,-1.1102230246251565e-16,297.4022900117186
156.05571714112966,15.546757621302799,16.406613925690895,2.220446049250313e-16,-2.220446049250313e-16,297.3955978142574
156.06601001441715,15.545373072340434,16.403137694409185,1.3322676295501878e-15,-3.3306690738754696e-16,297.38888714939475
156.07630271237042,15.543987796484581,16.399662936679615,4.440892098500626e-16,1.1102230246251565e-16,297.3821580228155
156.0865952350173,15.542601794449691,16.396189652575025,6.661338147750939e-16,0.0,297.37541044020463
156.09688758238605,15.541215066950175,16.392717842168256,1.5543122344752192e-15,-2.220446049250313e-16,297.3686444072474
156.10717975450476,15.539827614700457,16.38924750553214,1.1102230246251565e-15,-2.220446049250313e-16,297.3618599296287
156.11747175140187,15.538439438414965,16.385778642739506,1.5543122344752192e-15,-1.1102230246251565e-16,297.3550570130337
156.1277635731059,15.537050538808133,16.3823112538632,2.220446049250313e-16,-1.1102230246251565e-16,297.3482356631472
156.1380552196456,15.535660916594377,16.378845338976042,4.4408920985006257e-16,-5.551115123125783e-16,297.3413958856543
156.14834669104982,15.534270572488115,16.375380898150887,4.440892098500626e-16,-5.551115123125783e-16,297.3345376862403
156.1586379873476,15.532879507203775,16.37191793146055,6.661338147750939e-16,-3.3306690738754696e-16,297.32766107058995
156.16892910856802,15.53148772145579,16.368456438977883,6.661338147750939e-16,-2.220446049250313e-16,297.3207660443883
156.17922005474057,15.530095215958557,16.364996420775714,1.5543122344752192e-15,2.220446049250313e-16,297.3138526133206
156.1895108258947,15.528701991426518,16.361537876926874,1.3322676295501878e-15,1.1102230246251565e-16,297.3069207830718
156.19980142206006,15.527308048574081,16.358080807504205,6.661338147750939e-16,1.1102230246251565e-16,297.29997055932677
156.2100918432664,15.525913388115685,16.35462521258054,1.5543122344752192e-15,-1.1102230246251565e-16,297.29300194777073
156.22038208954382,15.524518010765718,16.351171092228718,8.881784197001252e-16,0.0,297.2860149540887
156.23067216092238,15.523121917238614,16.347718446521565,0.0,2.220446049250313e-16,297.27900958396566
156.2409620574324,15.521725108248795,16.344267275531923,6.661338147750939e-16,-1.1102230246251565e-16,297.2719858430867
156.2512517791042,15.520327584510673,16.340817579332626,1.3322676295501878e-15,1.1102230246251565e-16,297.26494373713683
156.26154132596858,15.518929346738652,16.33736935799651,0.0,3.3306690738754696e-16,297.257883271801
156.2718306980562,15.517530395647164,16.333922611596417,0.0,-2.220446049250313e-16,297.25080445276444
156.28211989539793,15.516130731950618,16.330477340205164,0.0,-1.1102230246251565e-16,297.243707285712
156.29240891802496,15.514730356363414,16.3270335438956,1.5543122344752192e-15,-2.220446049250313e-16,297.23659177632885
156.30269776596847,15.513329269599977,16.323591222740554,1.7763568394002505e-15,-2.220446049250313e-16,297.2294579303
156.31298643925993,15.511927472374714,16.32015037681287,2.2204460492503128e-16,-1.1102230246251565e-16,297.2223057533104
156.3232749379307,15.510524965402036,16.316711006185372,2.220446049250313e-16,-3.3306690738754696e-16,297.21513525104524
156.3335632620127,15.509121749396346,16.313273110930904,8.881784197001252e-16,-1.1102230246251565e-16,297.2079464291894
156.34385141153768,15.507717825072055,16.309836691122303,1.5543122344752192e-15,1.1102230246251565e-16,297.200739293428
156.35413938653772,15.506313193143576,16.306401746832396,4.440892098500626e-16,-1.1102230246251565e-16,297.1935138494461
156.3644271870449,15.504907854325314,16.30296827813402,1.1102230246251565e-15,0.0,297.18627010292875
156.3747148130917,15.503501809331665,16.299536285100015,4.440892098500626e-16,1.1102230246251565e-16,297.17900805956083
156.38500226471055,15.502095058877046,16.296105767803205,1.5543122344752192e-15,0.0,297.17172772502755
156.39528954193412,15.500687603675846,16.29267672631644,4.4408920985006257e-16,-3.3306690738754696e-16,297.16442910501394
156.40557664479513,15.499279444442482,16.28924916071255,2.220446049250313e-16,-1.1102230246251565e-16,297.15711220520495
156.41586357332667,15.497870581891336,16.285823071064367,4.4408920985006257e-16,0.0,297.1497770312856
156.42615032756186,15.49646101673682,16.28239845744473,4.4408920985006257e-16,2.220446049250313e-16,297.14242358894114
156.4364369075339,15.495050749693334,16.27897531992647,6.661338147750939e-16,2.220446049250313e-16,297.13505188385625
156.4467233132762,15.493639781475284,16.275553658582428,4.440892098500626e-16,1.1102230246251565e-16,297.12766192171625
156.4570095448225,15.492228112797038,16.27213347348543,1.7763568394002503e-15,-2.220446049250313e-16,297.1202537082062
156.46729560220652,15.490815744373014,16.26871476470832,6.661338147750939e-16,-1.1102230246251565e-16,297.11282724901093
156.4775814854621,15.489402676917601,16.265297532323927,8.881784197001251e-16,-2.220446049250313e-16,297.1053825498156
156.48786719462333,15.4879889111452,16.261881776405097,2.2204460492503128e-16,-1.1102230246251565e-16,297.09791961630526
156.49815272972447,15.48657444777018,16.25846749702465,6.661338147750939e-16,1.1102230246251565e-16,297.0904384541648
156.50843809079987,15.48515928750695,16.25505469425543,1.1102230246251565e-15,-1.1102230246251565e-16,297.0829390690796
156.5187232778841,15.48374343106989,16.25164336817028,6.661338147750939e-16,3.3306690738754696e-16,297.0754214667343
156.52900829101176,15.482326879173403,16.24823351884202,1.3322676295501878e-15,-2.220446049250313e-16,297.0678856528143
156.53929313021786,15.480909632531858,16.244825146343487,2.220446049250313e-16,-1.1102230246251565e-16,297.06033163300424
156.5495777955373,15.479491691859646,16.24141825074753,-2.220446049250313e-16,3.3306690738754696e-16,297.0527594129894
156.55986228700527,15.478073057871148,16.238012832126973,8.881784197001252e-16,2.220446049250313e-16,297.0451689984549
156.57014660465705,15.476653731280763,16.234608890554654,0.0,2.220446049250313e-16,297.0375603950856
156.58043074852822,15.475233712802856,16.231206426103405,1.5543122344752192e-15,-1.1102230246251565e-16,297.02993360856664
156.59071471865434,15.473813003151808,16.22780543884606,1.1102230246251565e-15,-2.220446049250313e-16,297.022288644583
156.60099851507127,15.472391603041993,16.224405928855468,4.440892098500626e-16,3.3306690738754696e-16,297.0146255088198
156.6112821378148,15.470969513187816,16.221007896204444,1.3322676295501878e-15,-1.1102230246251565e-16,297.006944206962
156.62156558692126,15.46954673430362,16.217611340965842,4.440892098500626e-16,-2.220446049250313e-16,296.9992447446945
156.6318488624268,15.468123267103786,16.21421626321249,2.220446049250313e-16,3.3306690738754696e-16,296.9915271277026
156.64213196436774,15.466699112302706,16.21082266301722,1.3322676295501878e-15,-2.220446049250313e-16,296.98379136167136
156.65241489278083,15.465274270614728,16.207430540452865,1.5543122344752192e-15,-2.220446049250313e-16,296.97603745228554
156.66269764770274,15.463848742754239,16.204039895592267,1.3322676295501878e-15,0.0,296.9682654052304
156.67298022917038,15.4624225294356,16.20065072850826,2.220446049250313e-16,-2.220446049250313e-16,296.96047522619085
156.68326263722065,15.46099563137318,16.19726303927368,4.440892098500626e-16,0.0,296.952666920852
156.6935448718909,15.459568049281343,16.193876827961354,4.440892098500626e-16,-4.440892098500626e-16,296.9448404948988
156.7038269332185,15.458139783874444,16.190492094644128,4.440892098500626e-16,1.1102230246251565e-16,296.9369959540164
156.71410882124087,15.456710835866858,16.187108839394835,6.661338147750939e-16,2.220446049250313e-16,296.92913330388984
156.72439053599567,15.455281205972957,16.1837270622863,6.661338147750939e-16,0.0,296.9212525502042
156.73467207752086,15.453850894907074,16.180346763391377,4.440892098500626e-16,-3.3306690738754696e-16,296.91335369864424
156.7449534458543,15.452419903383577,16.176967942782888,1.3322676295501878e-15,-2.220446049250313e-16,296.90543675489545
156.75523464103415,15.450988232116824,16.173590600533668,1.3322676295501878e-15,-1.1102230246251565e-16,296.89750172464227
156.7655156630987,15.449555881821176,16.170214736716552,6.661338147750939e-16,-3.3306690738754696e-16,296.88954861357035
156.77579651208643,15.448122853210972,16.166840351404385,1.3322676295501878e-15,-4.440892098500626e-16,296.8815774273644
156.78607718803596,15.446689147000567,16.163467444669994,2.220446049250313e-16,-2.220446049250313e-16,296.8735881717094
156.796357690986,15.445254763904309,16.160096016586213,-2.220446049250313e-16,1.1102230246251565e-16,296.8655808522906
156.80663802097547,15.443819704636566,16.156726067225883,2.2204460492503128e-16,0.0,296.8575554747929
156.81691817804347,15.442383969911653,16.15335759666183,-2.220446049250313e-16,0.0,296.84951204490136
156.82719816222922,15.440947560443929,16.149990604966906,0.0,2.220446049250313e-16,296.841450568301
156.8374779735721,15.439510476947738,16.14662509221393,1.5543122344752192e-15,-3.3306690738754696e-16,296.8333710506771
156.84775761211162,15.438072720137425,16.143261058475744,8.881784197001252e-16,-2.220446049250313e-16,296.8252734977143
156.85803707788756,15.436634290727314,16.139898503825183,2.220446049250313e-16,-1.1102230246251565e-16,296.8171579150979
156.86831637093968,15.435195189431752,16.136537428335075,0.0,-2.220446049250313e-16,296.8090243085128
156.87859549130803,15.433755416965068,16.133177832078267,6.661338147750939e-16,1.1102230246251565e-16,296.8008726836442
156.88887443903275,15.432314974041612,16.129819715127596,8.881784197001252e-16,-3.3306690738754696e-16,296.79270304617694
156.8991532141542,15.430873861375693,16.126463077555883,-2.220446049250313e-16,1.1102230246251565e-16,296.7845154017962
156.9094318167128,15.429432079681652,16.12310791943597,8.881784197001252e-16,0.0,296.776309756187
156.91971024674925,15.427989629673819,16.11975424084069,0.0,-1.1102230246251565e-16,296.76808611503435
156.9299885043042,15.426546512066519,16.11640204184289,1.1102230246251565e-15,-1.1102230246251565e-16,296.7598444840233
156.94026658941874,15.425102727574068,16.11305132251539,4.4408920985006257e-16,0.0,296.75158486883896
156.95054450213388,15.423658276910794,16.109702082931033,6.661338147750939e-16,-1.1102230246251565e-16,296.74330727516616
156.9608222424909,15.422213160791017,16.106354323162652,8.881784197001252e-16,-2.220446049250313e-16,296.73501170869014
156.97109981053114,15.420767379929062,16.103008043283083,4.440892098500626e-16,0.0,296.7266981750958
156.9813772062963,15.419320935039233,16.099663243365157,1.3322676295501878e-15,0.0,296.71836668006836
156.99165442982797,15.41787382683585,16.096319923481722,-2.2204460492503128e-16,-2.220446049250313e-16,296.71001722929265
157.00193148116807,15.416426056033226,16.0929780837056,1.5543122344752192e-15,-3.3306690738754696e-16,296.7016498284538
157.01220836035856,15.414977623345672,16.089637724109632,4.440892098500626e-16,-2.220446049250313e-16,296.6932644832369
157.02248506744172,15.413528529487486,16.08629884476665,1.3322676295501878e-15,-1.1102230246251565e-16,296.6848611993269
157.03276160245983,15.412078775172983,16.082961445749493,1.3322676295501878e-15,0.0,296.67643998240885
157.04303796545537,15.410628361116474,16.079625527130997,2.220446049250313e-16,2.220446049250313e-16,296.6680008381678
157.05331415647103,15.409177288032245,16.07629108898399,4.440892098500626e-16,1.1102230246251565e-16,296.6595437722889
157.0635901755496,15.407725556634608,16.072958131381316,0.0,-4.440892098500626e-16,296.65106879045703
157.073866022734,15.406273167637853,16.069626654395805,8.881784197001252e-16,-2.220446049250313e-16,296.6425758983572
157.0841416980673,15.404820121756282,16.066296658100296,1.3322676295501878e-15,0.0,296.6340651016746
157.09441720159288,15.40336641970418,16.062968142567616,1.1102230246251565e-15,2.220446049250313e-16,296.6255364060942
157.10469253335413,15.401912062195844,16.05964110787061,6.661338147750939e-16,0.0,296.61698981730115
157.11496769339456,15.400457049945564,16.056315554082115,6.661338147750939e-16,3.3306690738754696e-16,296.60842534098026
157.1252426817579,15.39900138366763,16.05299148127495,0.0,2.220446049250313e-16,296.59984298281665
157.1355174984881,15.397545064076319,16.049668889521964,6.661338147750939e-16,-2.220446049250313e-16,296.5912427484955
157.14579214362914,15.396088091885911,16.04634777889599,1.3322676295501878e-15,-4.440892098500626e-16,296.58262464370176
157.15606661722526,15.394630467810693,16.043028149469865,6.661338147750939e-16,-2.220446049250313e-16,296.5739886741204
157.16634091932073,15.393172192564945,16.03971000131642,1.1102230246251565e-15,0.0,296.56533484543644
157.17661504996016,15.391713266862931,16.036393334508492,-2.220446049250313e-16,1.1102230246251565e-16,296.55666316333503
157.18688900918815,15.390253691418932,16.03307814911891,0.0,-1.1102230246251565e-16,296.54797363350116
157.1971627970495,15.388793466947222,16.029764445220525,2.220446049250313e-16,1.1102230246251565e-16,296.53926626161984
157.2074364135891,15.387332594162073,16.026452222886157,0.0,0.0,296.53054105337617
157.21770985885223,15.385871073777734,16.02314148218865,6.661338147750939e-16,0.0,296.5217980144552
157.22798313288408,15.384408906508481,16.019832223200833,-2.220446049250313e-16,-1.1102230246251565e-16,296.5130371505419
157.23825623573003,15.38294609306857,16.016524445995543,8.881784197001251e-16,1.1102230246251565e-16,296.5042584673214
157.2485291674357,15.381482634172276,16.01321815064562,0.0,0.0,296.49546197047863
157.25880192804686,15.380018530533837,16.009913337223892,4.440892098500626e-16,-4.440892098500626e-16,296.48664766569857
157.26907451760937,15.378553782867506,16.006610005803203,1.3322676295501878e-15,1.1102230246251565e-16,296.4778155586664
157.2793469361693,15.377088391887554,16.003308156456384,-2.220446049250313e-16,-4.440892098500626e-16,296.46896565506717
157.28961918377271,15.37562235830822,16.000007789256262,1.7763568394002505e-15,-3.3306690738754696e-16,296.46009796058587
157.29989126046618,15.374155682843744,15.996708904275687,0.0,-3.3306690738754696e-16,296.4512124809074
157.31016316629604,15.372688366208376,15.993411501587484,1.1102230246251565e-15,-3.3306690738754696e-16,296.4423092217171
157.32043490130906,15.371220409116356,15.990115581264494,0.0,-1.1102230246251565e-16,296.4333881886998
157.33070646555186,15.369751812281939,15.986821143379542,1.5543122344752192e-15,-2.220446049250313e-16,296.42444938754056
157.34097785907167,15.368282576419341,15.983528188005476,0.0,0.0,296.4154928239243
157.35124908191546,15.366812702242798,15.980236715215124,0.0,-1.1102230246251565e-16,296.4065185035363
157.36152013413044,15.365342190466558,15.976946725081326,4.440892098500626e-16,4.440892098500626e-16,296.39752643206145
157.3717910157642,15.363871041804835,15.973658217676912,1.3322676295501878e-15,-1.1102230246251565e-16,296.38851661518487
157.38206172686426,15.362399256971859,15.97037119307472,-2.220446049250313e-16,2.220446049250313e-16,296.3794890585915
157.3923322674783,15.36092683668186,15.967085651347588,6.661338147750939e-16,-2.220446049250313e-16,296.37044376796655
157.4026026376542,15.359453781649059,15.963801592568343,1.3322676295501878e-15,-4.440892098500626e-16,296.36138074899486
157.41287283744015,15.35798009258766,15.960519016809828,4.440892098500626e-16,0.0,296.3523000073615
157.42314286688418,15.356505770211893,15.957237924144877,1.5543122344752192e-15,4.440892098500626e-16,296.34320154875167
157.43341272603473,15.355030815235976,15.953958314646318,6.661338147750939e-16,-2.220446049250313e-16,296.33408537885026
157.44368241494024,15.353555228374104,15.950680188387002,2.220446049250313e-16,2.220446049250313e-16,296.3249515033423
