galstreams/tracks/track.st.NGC6397.ibata2021.ecsv
# %ECSV 0.9
# ---
# datatype:
# - {name: ra, unit: deg, datatype: float64}
# - {name: dec, unit: deg, datatype: float64}
# - {name: distance, unit: kpc, datatype: float64}
# - {name: pm_ra_cosdec, unit: mas / yr, datatype: float64}
# - {name: pm_dec, unit: mas / yr, datatype: float64}
# - {name: radial_velocity, unit: km / s, datatype: float64}
# delimiter: ','
# meta: !!omap
# - __serialized_columns__:
#     dec:
#       __class__: astropy.coordinates.angles.Latitude
#       unit: &id001 !astropy.units.Unit {unit: deg}
#       value: !astropy.table.SerializedColumn {name: dec}
#     distance:
#       __class__: astropy.coordinates.distances.Distance
#       unit: !astropy.units.Unit {unit: kpc}
#       value: !astropy.table.SerializedColumn {name: distance}
#     pm_dec:
#       __class__: astropy.units.quantity.Quantity
#       unit: !astropy.units.Unit {unit: mas / yr}
#       value: !astropy.table.SerializedColumn {name: pm_dec}
#     pm_ra_cosdec:
#       __class__: astropy.units.quantity.Quantity
#       unit: !astropy.units.Unit {unit: mas / yr}
#       value: !astropy.table.SerializedColumn {name: pm_ra_cosdec}
#     ra:
#       __class__: astropy.coordinates.angles.Longitude
#       unit: *id001
#       value: !astropy.table.SerializedColumn {name: ra}
#       wrap_angle: !astropy.coordinates.Angle
#         unit: *id001
#         value: 360.0
#     radial_velocity:
#       __class__: astropy.units.quantity.Quantity
#       unit: !astropy.units.Unit {unit: km / s}
#       value: !astropy.table.SerializedColumn {name: radial_velocity}
# schema: astropy-2.0
ra,dec,distance,pm_ra_cosdec,pm_dec,radial_velocity
[from data line 1645]
285.98396739650343,-53.61165246928837,2.5827944130576697,6.2687975569219425,-14.500329711423294,-6.73661370389787e-14
286.00032189606776,-53.60888248114484,2.5828707488731504,6.271819633588638,-14.498436757118792,-6.73661370389787e-14
286.01667314963913,-53.606103063532416,2.582947110210701,6.274843905060217,-14.49654556112891,-1.0104920555846805e-13
286.0330211458741,-53.60331420491159,2.583023497208126,6.277870374087938,-14.494656125045424,-3.368306851948935e-14
286.049365873418,-53.60051589374626,2.5830999100032295,6.280899043423128,-14.492768450459742,-6.73661370389787e-14
286.0657073209053,-53.597708118503846,2.583176348733816,6.283929915817245,-14.490882538962836,-6.73661370389787e-14
286.0820454769592,-53.594890867655224,2.5832528135376895,6.28696299402182,-14.488998392145305,-6.73661370389787e-14
286.0983803301921,-53.592064129674704,2.5833293045526555,6.2899982807885415,-14.487116011597315,-1.6841534259744676e-14
286.1147118692053,-53.589227893040075,2.5834058219165166,6.293035778869154,-14.485235398908674,-3.368306851948935e-14
286.13104008258927,-53.58638214623262,2.5834823657670776,6.296075491015569,-14.483356555668792,-8.420767129872338e-14
286.14736495892384,-53.583526877737114,2.5835589362421434,6.299117419979831,-14.48147948346666,-5.0524602779234026e-14
286.16368648677764,-53.58066207604177,2.583635533479517,6.302161568514101,-14.47960418389091,-8.420767129872338e-14
286.18000465470874,-53.57778772963831,2.5837121576170037,6.305207939370705,-14.477730658529776,-8.420767129872338e-14
286.19631945126457,-53.57490382702195,2.5837888087924084,6.308256535302109,-14.475858908971109,-5.0524602779234026e-14
286.2126308649815,-53.572010356691365,2.583865487143534,6.31130735906092,-14.473988936802394,-6.73661370389787e-14
286.2289388843858,-53.569107307148755,2.5839421928081854,6.314360413399958,-14.472120743610715,-3.368306851948935e-14
286.24524349799253,-53.56619466689979,2.5840189259241666,6.317415701072156,-14.470254330982797,-6.73661370389787e-14
286.2615446943067,-53.563272424453665,2.5840956866292815,6.320473224830686,-14.468389700504982,-5.0524602779234026e-14
286.2778424618225,-53.560340568323035,2.5841724750613357,6.323532987428868,-14.466526853763238,-3.368306851948935e-14
286.2941367890237,-53.5573990870241,2.584249291358132,6.326594991620198,-14.464665792343183,-8.420767129872338e-14
286.3104276643837,-53.55444796907655,2.5843261356574767,6.329659240158426,-14.462806517830032,-6.73661370389787e-14
286.3267150763654,-53.55148720300357,2.584403008097172,6.332725735797455,-14.460949031808685,-8.420767129872338e-14
286.34299901342155,-53.5485167773319,2.584479908815022,6.335794481291439,-14.459093335863642,-3.368306851948935e-14
286.3592794639943,-53.54553668059172,2.584556837948833,6.338865479394716,-14.457239431579046,-6.73661370389787e-14
286.3755564165157,-53.5425469013168,2.584633795636407,6.341938732861872,-14.455387320538708,-5.0524602779234026e-14
286.3918298594076,-53.53954742804439,2.58471078201555,6.345014244447739,-14.453537004326053,-3.368306851948935e-14
286.40809978108166,-53.53653824931528,2.5847877972240663,6.348092016907354,-14.451688484524173,-5.0524602779234026e-14
286.4243661699393,-53.533519353673775,2.5848648413997592,6.351172052996018,-14.449841762715796,-5.0524602779234026e-14
286.44062901437195,-53.530490729667704,2.584941914680433,6.3542543554693065,-14.447996840483324,-5.0524602779234026e-14
286.4568883027609,-53.527452365848454,2.585019017203893,6.357338927083,-14.446153719408787,-5.0524602779234026e-14
286.4731440234775,-53.5244042507709,2.5850961491079416,6.360425770593217,-14.444312401073887,-3.368306851948935e-14
286.4893961648832,-53.521346372993484,2.5851733105303847,6.363514888756292,-14.442472887059985,-3.368306851948935e-14
286.5056447153293,-53.51827872107819,2.5852505016090266,6.366606284328855,-14.44063517894809,-3.368306851948935e-14
286.52188966315754,-53.515201283590514,2.5853277224816713,6.369699960067853,-14.438799278318886,-1.6841534259744676e-14
286.53813099669946,-53.512114049099516,2.585404973286122,6.37279591873049,-14.436965186752722,-6.73661370389787e-14
286.5543687042771,-53.50901700617781,2.5854822541601843,6.3758941630743,-14.435132905829608,-1.6841534259744676e-14
286.5706027742027,-53.50591014340152,2.5855595652416627,6.37899469585709,-14.433302437129234,-5.0524602779234026e-14
286.58683319477865,-53.502793449350364,2.5856369066683595,6.38209751983702,-14.43147378223095,-3.368306851948935e-14
286.6030599542978,-53.49966691260758,2.585714278578081,6.3852026377725455,-14.429646942713795,-6.73661370389787e-14
286.6192830410434,-53.49653052175999,2.5857916811086303,6.388310052422477,-14.427821920156468,-3.368306851948935e-14
286.63550244328906,-53.49338426539794,2.5858691143978123,6.391419766545935,-14.425998716137357,-8.420767129872338e-14
286.65171814929874,-53.49022813211538,2.5859465785834312,6.394531782902381,-14.424177332234535,-8.420767129872338e-14
286.6679301473273,-53.487062110509754,2.586024073803291,6.397646104251657,-14.422357770025751,-1.0104920555846805e-13
286.6841384256198,-53.483886189182165,2.5861016001951964,6.400762733353936,-14.420540031088446,-8.420767129872338e-14
286.700342972412,-53.48070035673719,2.5861791578969515,6.403881672969756,-14.418724116999737,-3.368306851948935e-14
286.7165437759304,-53.47750460178302,2.58625674704636,6.4070029258600405,-14.41691002933645,-8.420767129872338e-14
286.73274082439207,-53.474298912931424,2.5863343677812263,6.410126494786079,-14.415097769675087,-1.6841534259744676e-14
286.7489341060048,-53.47108327879772,2.5864120202393557,6.413252382509532,-14.413287339591857,-8.420767129872338e-14
286.7651236089674,-53.46785768800083,2.5864897045585513,6.416380591792482,-14.411478740662647,-5.0524602779234026e-14
286.7813093214691,-53.46462212916322,2.586567420876618,6.419511125397385,-14.40967197446308,-1.0104920555846805e-13
286.79749123169046,-53.46137659091097,2.5866451693313603,6.422643986087111,-14.407867042568423,-5.0524602779234026e-14
286.8136693278026,-53.45812106187372,2.5867229500605817,6.4257791766249515,-14.406063946553703,-5.0524602779234026e-14
286.8298435979676,-53.454855530684696,2.5868007632020875,6.428916699774583,-14.40426268799363,-6.73661370389787e-14
286.84601403033895,-53.451579985980715,2.58687860889368,6.432056558300172,-14.402463268462613,-5.0524602779234026e-14
286.86218061306073,-53.44829441640219,2.5869564872731665,6.435198754966252,-14.400665689534767,0.0
286.8783433342683,-53.44499881059311,2.5870343984783486,6.438343292537825,-14.398869952783965,-1.6841534259744676e-14
286.89450218208816,-53.44169315720108,2.5871123426470315,6.441490173780336,-14.39707605978373,-8.420767129872338e-14
286.9106571446379,-53.43837744487725,2.5871903199170196,6.444639401459696,-14.395284012107346,-1.0104920555846805e-13
286.9268082100266,-53.43505166227643,2.5872683304261175,6.447790978342267,-14.393493811327795,-3.368306851948935e-14
286.9429553663543,-53.431715798056985,2.587346374312129,6.450944907194878,-14.3917054590178,-3.368306851948935e-14
286.9590986017124,-53.42836984088091,2.5874244517128586,6.4541011907848205,-14.389918956749776,-5.0524602779234026e-14
286.97523790418387,-53.42501377941376,2.587502562766109,6.457259831879901,-14.38813430609591,-1.0104920555846805e-13
286.991373261843,-53.421647602324754,2.587580707609688,6.460420833248391,-14.386351508628048,-6.73661370389787e-14
287.0075046627554,-53.418271298286655,2.5876588863813965,6.46358419765906,-14.384570565917837,-5.0524602779234026e-14
287.02363209497844,-53.41488485597588,2.5877370992190403,6.466749927881192,-14.382791479536603,-5.0524602779234026e-14
287.0397555465607,-53.411488264072446,2.5878153462604234,6.469918026684558,-14.38101425105544,-5.0524602779234026e-14
287.05587500554265,-53.40808151125996,2.5878936276433504,6.473088496839479,-14.379238882045161,-3.368306851948935e-14
287.0719904599561,-53.40466458622566,2.5879719435056248,6.476261341116764,-14.377465374076321,-1.0104920555846805e-13
287.08810189782497,-53.401237477660416,2.588050293985052,6.4794365622877965,-14.375693728719202,-6.73661370389787e-14
287.1042093071645,-53.397800174258684,2.588128679219434,6.482614163124454,-14.373923947543862,-6.73661370389787e-14
287.1203126759819,-53.39435266471857,2.5882070993465787,6.4857941463991775,-14.372156032120056,-5.0524602779234026e-14
287.1364119922761,-53.390894937741756,2.5882855545042864,6.488976514884976,-14.37038998401734,-6.73661370389787e-14
287.1525072440381,-53.3874269820336,2.588364044830365,6.492161271355405,-14.36862580480496,-5.0524602779234026e-14
287.16859841925043,-53.383948786303044,2.588442570462616,6.49534841858457,-14.366863496051975,-8.420767129872338e-14
287.18468550588807,-53.38046033926269,2.588521131538845,6.498537959347182,-14.365103059327128,-8.420767129872338e-14
287.2007684919176,-53.37696162962873,2.588599728196857,6.501729896418514,-14.36334449619897,-6.73661370389787e-14
287.21684736529784,-53.37345264612103,2.5886783605744546,6.5049242325744245,-14.361587808235797,-1.6841534259744676e-14
287.23292211397955,-53.369933377463035,2.588757028809442,6.508120970591369,-14.359832997005658,-3.368306851948935e-14
287.248992725906,-53.36640381238185,2.5888357330396246,6.511320113246432,-14.358080064076347,-6.73661370389787e-14
287.2650591890122,-53.36286393960823,2.5889144734028076,6.514521663317255,-14.35632901101544,-5.0524602779234026e-14
287.2811214912256,-53.35931374787654,2.5889932500367925,6.517725623582139,-14.354579839390304,-6.73661370389787e-14
287.29717962046595,-53.35575322592479,2.589072063079387,6.520931996819988,-14.352832550767996,-3.368306851948935e-14
287.3132335646453,-53.35218236249463,2.5891509126683907,6.524140785810346,-14.351087146715434,-8.420767129872338e-14
287.3292833116681,-53.34860114633136,2.5892297989416124,6.527351993333392,-14.349343628799236,-5.0524602779234026e-14
287.3453288494312,-53.34500956618389,2.5893087220368542,6.530565622169952,-14.34760199858583,-6.73661370389787e-14
287.3613701658239,-53.34140761080483,2.589387682091921,6.533781675101492,-14.345862257641407,-6.73661370389787e-14
287.377407248728,-53.33779526895036,2.5894666792446164,6.537000154910155,-14.344124407531947,-6.73661370389787e-14
287.3934400860179,-53.334172529380375,2.5895457136327455,6.540221064378726,-14.34238844982318,-3.368306851948935e-14
287.40946866556067,-53.33053938085837,2.5896247853941117,6.543444406290696,-14.340654386080661,-3.368306851948935e-14
287.4254929752158,-53.32689581215153,2.5897038946665205,6.546670183430194,-14.33892221786969,-3.368306851948935e-14
287.4415130028358,-53.323241812030616,2.5897830415877747,6.5498983985820916,-14.337191946755361,-5.0524602779234026e-14
287.4575287362657,-53.31957736927015,2.589862226295679,6.553129054531893,-14.335463574302576,-6.73661370389787e-14
287.47354016334344,-53.315902472648204,2.589941448928039,6.556362154065852,-14.333737102076007,-6.73661370389787e-14
287.4895472718998,-53.31221711094659,2.590020709622658,6.5595976999709205,-14.332012531640105,-1.6841534259744676e-14
287.5055500497583,-53.30852127295069,2.590100008517339,6.5628356950347415,-14.330289864559155,-6.73661370389787e-14
287.52154848473566,-53.30481494744962,2.5901793457498887,6.56607614204572,-14.328569102397195,-3.368306851948935e-14
287.5375425646413,-53.30109812323608,2.5902587214581096,6.569319043792952,-14.326850246718084,-8.420767129872338e-14
287.5535322772779,-53.29737078910651,2.5903381357798065,6.572564403066304,-14.325133299085472,-5.0524602779234026e-14
287.56951761044115,-53.29363293386094,2.590417588852783,6.575812222656376,-14.323418261062809,-6.73661370389787e-14
287.5854985519197,-53.2898845463031,2.5904970808148455,6.5790625053544955,-14.321705134213353,-1.0104920555846805e-13
287.60147508949575,-53.286125615240366,2.590576611803796,6.582315253952804,-14.319993920100156,-6.73661370389787e-14
287.6174472109443,-53.282356129483794,2.59065618195744,6.585570471244145,-14.318284620286104,-8.420767129872338e-14
287.63341490403394,-53.27857607784808,2.590735791413581,6.5888281600221905,-14.316577236333845,-5.0524602779234026e-14
287.6493781565263,-53.274785449151615,2.590815440310024,6.592088323081348,-14.31487176980589,-5.0524602779234026e-14
287.66533695617676,-53.27098423221642,2.5908951287845725,6.595350963216854,-14.313168222264526,-8.420767129872338e-14
287.6812912907337,-53.26717241586821,2.590974856975032,6.598616083224708,-14.311466595271858,-6.73661370389787e-14
287.6972411479393,-53.263349988936376,2.591054625019205,6.601883685901728,-14.30976689038983,-6.73661370389787e-14
287.71318651552895,-53.259516940253945,2.591134433054897,6.6051537740455375,-14.30806910918018,-5.0524602779234026e-14
287.7291273812317,-53.25567325865766,2.591214281219913,6.6084263504545655,-14.306373253204479,-6.73661370389787e-14
287.7450637327704,-53.251818932987895,2.5912941696520555,6.611701417928085,-14.304679324024121,-6.73661370389787e-14
287.7609955578613,-53.24795395208872,2.591374098489129,6.614978979266191,-14.302987323200313,-5.0524602779234026e-14
287.7769228442145,-53.24407830480785,2.591454067868939,6.618259037269811,-14.301297252294091,-5.0524602779234026e-14
287.7928455795337,-53.24019197999672,2.591534077929289,6.621541594740714,-14.299609112866328,-8.420767129872338e-14
287.8087637515166,-53.2362949665104,2.5916141288079837,6.62482665448155,-14.297922906477716,-8.420767129872338e-14
287.82467734785456,-53.23238725320766,2.591694220642827,6.6281142192957905,-14.29623863468878,-8.420767129872338e-14
287.84058635623296,-53.22846882895094,2.5917743535716227,6.631404291987797,-14.294556299059892,-5.0524602779234026e-14
287.856490764331,-53.22453968260634,2.5918545277321767,6.634696875362803,-14.292875901151234,-6.73661370389787e-14
287.872390559822,-53.22059980304366,2.591934743262291,6.6379919722269065,-14.29119744252286,-1.1789073981821273e-13
287.8882857303733,-53.216649179136375,2.5920150002997713,6.641289585387135,-14.289520924734607,-8.420767129872338e-14
287.90417626364615,-53.212687799761646,2.592095298982422,6.644589717651354,-14.28784634934621,-6.73661370389787e-14
287.92006214729616,-53.20871565380027,2.5921756394480466,6.6478923718283855,-14.286173717917219,-1.0104920555846805e-13
287.935943368973,-53.20473273013681,2.59225602183445,6.651197550727922,-14.284503032007027,-8.420767129872338e-14
287.95181991632063,-53.20073901765942,2.592336446279437,6.654505257160598,-14.282834293174883,-1.0104920555846805e-13
287.96769177697723,-53.196734505260004,2.59241691292081,6.657815493937962,-14.281167502979876,-1.1789073981821273e-13
287.98355893857547,-53.192719181834114,2.592497421896375,6.661128263872509,-14.279502662980944,-5.0524602779234026e-14
287.999421388742,-53.18869303628098,2.5925779733439347,6.664443569777635,-14.277839774736888,-6.73661370389787e-14
288.01527911509845,-53.18465605750355,2.5926585674012954,6.667761414467736,-14.276178839806338,-6.73661370389787e-14
288.0311321052605,-53.18060823440842,2.59273920420626,6.671081800758112,-14.274519859747809,-3.368306851948935e-14
288.04698034683844,-53.176549555905915,2.5928198838966328,6.674404731465053,-14.272862836119653,-5.0524602779234026e-14
288.06282382743734,-53.172480010909986,2.5929006066102183,6.677730209405819,-14.271207770480078,-5.0524602779234026e-14
288.0786625346566,-53.16839958833834,2.592981372484821,6.68105823739862,-14.269554664387172,-1.6841534259744676e-14
288.09449645609044,-53.16430827711229,2.5930621816582455,6.684388818262662,-14.26790351939886,-6.73661370389787e-14
288.1103255793279,-53.16020606615692,2.5931430342682953,6.687721954818166,-14.266254337072947,-5.0524602779234026e-14
288.1261498919526,-53.156092944400925,2.593223930452774,6.691057649886309,-14.264607118967103,-8.420767129872338e-14
288.141969381543,-53.151968900776765,2.5933048703494883,6.694395906289292,-14.26296186663885,-8.420767129872338e-14
288.15778403567265,-53.147833924220514,2.59338585409624,6.69773672685033,-14.2613185816456,-6.73661370389787e-14
