galstreams/tracks/track.st.Alpheus.grillmair2013.ecsv
# %ECSV 0.9
# ---
# datatype:
# - {name: ra, unit: deg, datatype: float64}
# - {name: dec, unit: deg, datatype: float64}
# - {name: distance, unit: kpc, datatype: float64}
# - {name: pm_ra_cosdec, unit: mas / yr, datatype: float64}
# - {name: pm_dec, unit: mas / yr, datatype: float64}
# - {name: radial_velocity, unit: km / s, datatype: float64}
# delimiter: ','
# meta: !!omap
# - __serialized_columns__:
#     dec:
#       __class__: astropy.coordinates.angles.Latitude
#       unit: &id001 !astropy.units.Unit {unit: deg}
#       value: !astropy.table.SerializedColumn {name: dec}
#     distance:
#       __class__: astropy.coordinates.distances.Distance
#       unit: !astropy.units.Unit {unit: kpc}
#       value: !astropy.table.SerializedColumn {name: distance}
#     pm_dec:
#       __class__: astropy.units.quantity.Quantity
#       unit: !astropy.units.Unit {unit: mas / yr}
#       value: !astropy.table.SerializedColumn {name: pm_dec}
#     pm_ra_cosdec:
#       __class__: astropy.units.quantity.Quantity
#       unit: !astropy.units.Unit {unit: mas / yr}
#       value: !astropy.table.SerializedColumn {name: pm_ra_cosdec}
#     ra:
#       __class__: astropy.coordinates.angles.Longitude
#       unit: *id001
#       value: !astropy.table.SerializedColumn {name: ra}
#       wrap_angle: !astropy.coordinates.Angle
#         unit: *id001
#         value: 360.0
#     radial_velocity:
#       __class__: astropy.units.quantity.Quantity
#       unit: !astropy.units.Unit {unit: km / s}
#       value: !astropy.table.SerializedColumn {name: radial_velocity}
# schema: astropy-2.0
ra,dec,distance,pm_ra_cosdec,pm_dec,radial_velocity
[from data line 1637]
25.99051572964505,-52.74890566729739,1.870851360396208,0.0,0.0,0.0
25.99284216673694,-52.73899904571728,1.8710164503249649,0.0,0.0,0.0
25.99516816248528,-52.72909242465644,1.8711815402373815,0.0,0.0,0.0
25.997493716892073,-52.71918580408323,1.8713466301342334,0.0,0.0,0.0
25.999818829959267,-52.70927918396601,1.871511720016297,0.0,0.0,0.0
26.00214350168881,-52.699372564273204,1.8716768098843475,0.0,0.0,0.0
26.0044677320826,-52.68946594497324,1.871841899739162,0.0,0.0,0.0
26.00679152114253,-52.67955932603457,1.8720069895815152,0.0,0.0,0.0
26.00911486887046,-52.66965270742569,1.8721720794121837,0.0,0.0,0.0
26.011437775268213,-52.659746089115124,1.8723371692319428,0.0,0.0,0.0
26.0137602403376,-52.64983947107143,1.872502259041569,0.0,0.0,0.0
26.016082264080403,-52.63993285326318,1.872667348841838,0.0,0.0,0.0
26.018403846498373,-52.630026235659,1.8728324386335253,0.0,0.0,0.0
26.020724987593233,-52.6201196182275,1.872997528417407,0.0,0.0,0.0
26.023045687366693,-52.61021300093736,1.8731626181942596,0.0,0.0,0.0
26.025365945820425,-52.60030638375728,1.8733277079648576,0.0,0.0,0.0
26.02768576295608,-52.590399766655985,1.8734927977299782,0.0,0.0,0.0
26.030005138775277,-52.58049314960222,1.8736578874903966,0.0,0.0,0.0
26.032324073279625,-52.570586532564775,1.8738229772468888,0.0,0.0,0.0
26.034642566470684,-52.56067991551246,1.8739880670002314,0.0,0.0,0.0
26.03696061835,-52.550773298414114,1.8741531567511993,0.0,0.0,0.0
26.039278228919102,-52.54086668123861,1.8743182465005686,0.0,0.0,0.0
26.041595398179474,-52.53096006395485,1.8744833362491151,0.0,0.0,0.0
26.04391212613259,-52.52105344653176,1.8746484259976153,0.0,0.0,0.0
26.04622841277989,-52.51114682893829,1.8748135157468442,0.0,0.0,0.0
26.048544258122785,-52.50124021114342,1.8749786054975783,0.0,0.0,0.0
26.05085966216267,-52.491333593116174,1.875143695250593,0.0,0.0,0.0
26.053174624900915,-52.48142697482562,1.8753087850066654,0.0,0.0,0.0
26.055489146338836,-52.47152035624078,1.87547387476657,0.0,0.0,0.0
26.05780322647776,-52.46161373733079,1.8756389645310836,0.0,0.0,0.0
26.06011686531897,-52.45170711806476,1.8758040543009808,0.0,0.0,0.0
26.062430062863726,-52.441800498411865,1.8759691440770392,0.0,0.0,0.0
26.064742819113267,-52.43189387834128,1.876134233860033,0.0,0.0,0.0
26.067055134068788,-52.42198725782223,1.8762993236507395,0.0,0.0,0.0
26.06936700773148,-52.41208063682395,1.8764644134499342,0.0,0.0,0.0
26.07167844010248,-52.402174015315715,1.8766295032583926,0.0,0.0,0.0
26.07398943118295,-52.39226739326683,1.8767945930768903,0.0,0.0,0.0
26.07629998097397,-52.38236077064662,1.8769596829062043,0.0,0.0,0.0
26.07861008947663,-52.372454147424456,1.8771247727471096,0.0,0.0,0.0
26.08091975669197,-52.36254752356972,1.8772898626003822,0.0,0.0,0.0
26.083228982621016,-52.352640899051835,1.877454952466798,0.0,0.0,0.0
26.08553776726478,-52.342734273840215,1.877620042347133,0.0,0.0,0.0
26.08784611062422,-52.332827647904374,1.8777851322421633,0.0,0.0,0.0
26.090154012700303,-52.322921021213794,1.8779502221526643,0.0,0.0,0.0
26.092461473493923,-52.31301439373801,1.8781153120794125,0.0,0.0,0.0
26.094768493006004,-52.30310776544658,1.878280402023183,0.0,0.0,0.0
26.0970750712374,-52.293201136309094,1.8784454919847522,0.0,0.0,0.0
26.099381208188955,-52.283294506295164,1.8786105819648957,0.0,0.0,0.0
26.101686903861488,-52.273387875374446,1.87877567196439,0.0,0.0,0.0
26.1039921582558,-52.26348124351661,1.8789407619840104,0.0,0.0,0.0
26.10629697137264,-52.25357461069135,1.8791058520245325,0.0,0.0,0.0
26.108601343212754,-52.24366797686841,1.8792709420867333,0.0,0.0,0.0
26.11090527377687,-52.23376134201752,1.8794360321713874,0.0,0.0,0.0
26.11320876306566,-52.223854706108504,1.8796011222792715,0.0,0.0,0.0
26.11551181107979,-52.21394806911117,1.8797662124111612,0.0,0.0,0.0
26.117814417819886,-52.20404143099533,1.8799313025678328,0.0,0.0,0.0
26.120116583286578,-52.194134791730896,1.8800963927500614,0.0,0.0,0.0
26.12241830748044,-52.184228151287755,1.8802614829586233,0.0,0.0,0.0
26.12471959040203,-52.17432150963584,1.8804265731942946,0.0,0.0,0.0
26.127020432051875,-52.164414866745105,1.880591663457851,0.0,0.0,0.0
26.129320832430487,-52.15450822258553,1.8807567537500682,0.0,0.0,0.0
26.131620791538342,-52.14460157712713,1.8809218440717224,0.0,0.0,0.0
26.1339203093759,-52.13469493033997,1.8810869344235892,0.0,0.0,0.0
26.136219385943594,-52.124788282194096,1.8812520248064446,0.0,0.0,0.0
26.13851802124181,-52.11488163265961,1.8814171152210644,0.0,0.0,0.0
26.140816215270927,-52.104974981706654,1.8815822056682245,0.0,0.0,0.0
26.14311396803131,-52.09506832930538,1.8817472961487012,0.0,0.0,0.0
26.145411279523273,-52.08516167542596,1.8819123866632699,0.0,0.0,0.0
26.14770814974712,-52.07525502003862,1.8820774772127065,0.0,0.0,0.0
26.150004578703108,-52.065348363113586,1.8822425677977872,0.0,0.0,0.0
26.152300566391517,-52.05544170462115,1.8824076584192873,0.0,0.0,0.0
26.15459611281253,-52.04553504453158,1.8825727490779836,0.0,0.0,0.0
26.156891217966354,-52.03562838281523,1.8827378397746513,0.0,0.0,0.0
26.159185881853166,-52.025721719442444,1.8829029305100662,0.0,0.0,0.0
26.16148010447311,-52.01581505438357,1.8830680212850046,0.0,0.0,0.0
26.163773885826288,-52.005908387609075,1.8832331121002421,0.0,0.0,0.0
26.16606722591281,-51.99600171908937,1.8833982029565546,0.0,0.0,0.0
26.16836012473271,-51.98609504879491,1.8835632938547184,0.0,0.0,0.0
26.170652582286067,-51.97618837669618,1.8837283847955084,0.0,0.0,0.0
26.17294459857287,-51.966281702763744,1.883893475779702,0.0,0.0,0.0
26.17523617359311,-51.95637502696812,1.8840585668080732,0.0,0.0,0.0
26.17752730734675,-51.94646834927989,1.8842236578814,0.0,0.0,0.0
26.179817999833723,-51.936561669669665,1.8843887490004565,0.0,0.0,0.0
26.182108251053936,-51.92665498810808,1.8845538401660193,0.0,0.0,0.0
26.184398061007286,-51.9167483045658,1.8847189313788641,0.0,0.0,0.0
26.186687429693617,-51.9068416190135,1.8848840226397672,0.0,0.0,0.0
26.188976357112765,-51.89693493142191,1.8850491139495043,0.0,0.0,0.0
26.191264843264523,-51.88702824176177,1.8852142053088514,0.0,0.0,0.0
26.1935528881487,-51.877121550003864,1.8853792967185838,0.0,0.0,0.0
26.19584049176503,-51.86721485611898,1.8855443881794776,0.0,0.0,0.0
26.19812765411323,-51.857308160077956,1.885709479692309,0.0,0.0,0.0
26.200414375193027,-51.847401461851646,1.8858745712578537,0.0,0.0,0.0
26.202700655004083,-51.83749476141094,1.8860396628768876,0.0,0.0,0.0
26.204986493546052,-51.82758805872674,1.886204754550187,0.0,0.0,0.0
26.207271890818557,-51.81768135376999,1.8863698462785268,0.0,0.0,0.0
26.209556846821187,-51.807774646511675,1.886534938062684,0.0,0.0,0.0
26.211841361553528,-51.79786793692277,1.8867000299034338,0.0,0.0,0.0
26.214125435015116,-51.78796122497431,1.886865121801552,0.0,0.0,0.0
26.21640906720549,-51.77805451063735,1.8870302137578148,0.0,0.0,0.0
26.218692258124126,-51.76814779388296,1.8871953057729978,0.0,0.0,0.0
26.220975007770498,-51.75824107468226,1.887360397847877,0.0,0.0,0.0
26.223257316144043,-51.74833435300636,1.8875254899832288,0.0,0.0,0.0
26.225539183244187,-51.73842762882647,1.8876905821798289,0.0,0.0,0.0
26.227820609070324,-51.72852090211373,1.8878556744384518,0.0,0.0,0.0
26.230101593621804,-51.71861417283939,1.8880207667598752,0.0,0.0,0.0
26.23238213689798,-51.70870744097468,1.8881858591448741,0.0,0.0,0.0
26.234662238898146,-51.69880070649086,1.888350951594225,0.0,0.0,0.0
26.236941899621623,-51.68889396935928,1.888516044108703,0.0,0.0,0.0
26.239221119067636,-51.678987229551225,1.888681136689084,0.0,0.0,0.0
26.241499897235443,-51.669080487038066,1.8888462293361452,0.0,0.0,0.0
26.243778234124242,-51.659173741791186,1.8890113220506608,0.0,0.0,0.0
26.246056129733226,-51.64926699378199,1.8891764148334074,0.0,0.0,0.0
26.248333584061555,-51.63936024298195,1.8893415076851607,0.0,0.0,0.0
26.250610597108334,-51.629453489362476,1.889506600606697,0.0,0.0,0.0
26.252887168872704,-51.61954673289512,1.8896716935987918,0.0,0.0,0.0
26.25516329935373,-51.60963997355137,1.8898367866622217,0.0,0.0,0.0
26.25743898855045,-51.59973321130277,1.8900018797977614,0.0,0.0,0.0
26.259714236461917,-51.58982644612092,1.8901669730061872,0.0,0.0,0.0
26.26198904308713,-51.5799196779774,1.8903320662882759,0.0,0.0,0.0
26.26426340842504,-51.570012906843864,1.890497159644802,0.0,0.0,0.0
26.266537332474634,-51.56010613269196,1.8906622530765425,0.0,0.0,0.0
26.26881081523482,-51.550199355493376,1.8908273465842724,0.0,0.0,0.0
26.271083856704475,-51.540292575219816,1.8909924401687686,0.0,0.0,0.0
26.273356456882507,-51.530385791843045,1.8911575338308055,0.0,0.0,0.0
26.27562861576774,-51.5204790053348,1.8913226275711608,0.0,0.0,0.0
26.277900333359007,-51.51057221566691,1.8914877213906087,0.0,0.0,0.0
26.280171609655095,-51.500665422811174,1.8916528152899261,0.0,0.0,0.0
26.28244244465478,-51.49075862673946,1.8918179092698886,0.0,0.0,0.0
26.284712838356796,-51.48085182742362,1.8919830033312717,0.0,0.0,0.0
26.286982790759865,-51.4709450248356,1.8921480974748521,0.0,0.0,0.0
26.28925230186267,-51.461038218947294,1.8923131917014058,0.0,0.0,0.0
26.2915213716639,-51.45113140973067,1.8924782860117073,0.0,0.0,0.0
26.293790000162176,-51.44122459715773,1.8926433804065332,0.0,0.0,0.0
26.296058187356106,-51.43131778120048,1.89280847488666,0.0,0.0,0.0
26.29832593324429,-51.42141096183096,1.8929735694528633,0.0,0.0,0.0
26.300593237825275,-51.411504139021226,1.8931386641059185,0.0,0.0,0.0
26.30286010109762,-51.4015973127434,1.8933037588466017,0.0,0.0,0.0
26.305126523059826,-51.39169048296958,1.8934688536756887,0.0,0.0,0.0
26.307392503710368,-51.38178364967195,1.8936339485939557,0.0,0.0,0.0
26.309658043047698,-51.37187681282264,1.8937990436021788,0.0,0.0,0.0
26.31192314107027,-51.361969972393894,1.8939641387011326,0.0,0.0,0.0
26.314187797776476,-51.35206312835791,1.8941292338915943,0.0,0.0,0.0
26.316452013164707,-51.34215628068699,1.8942943291743397,0.0,0.0,0.0
26.3187157872333,-51.33224942935339,1.8944594245501438,0.0,0.0,0.0
26.3209791199806,-51.322342574329426,1.8946245200197835,0.0,0.0,0.0
26.3232420114049,-51.31243571558744,1.894789615584034,0.0,0.0,0.0
26.325504461504476,-51.302528853099794,1.8949547112436713,0.0,0.0,0.0
26.327766470277584,-51.29262198683888,1.8951198069994717,0.0,0.0,0.0
26.330028037722453,-51.282715116777126,1.8952849028522099,0.0,0.0,0.0
26.332289163837274,-51.27280824288698,1.8954499988026636,0.0,0.0,0.0
26.33454984862022,-51.26290136514093,1.895615094851607,0.0,0.0,0.0
26.336810092069445,-51.252994483511436,1.8957801909998169,0.0,0.0,0.0
26.339069894183066,-51.24308759797107,1.8959452872480693,0.0,0.0,0.0
26.34132925495917,-51.23318070849238,1.8961103835971393,0.0,0.0,0.0
26.34358817439584,-51.223273815047925,1.896275480047804,0.0,0.0,0.0
26.345846652491115,-51.21336691761032,1.8964405766008379,0.0,0.0,0.0
26.34810468924301,-51.20346001615223,1.8966056732570178,0.0,0.0,0.0
26.35036228464952,-51.19355311064628,1.896770770017119,0.0,0.0,0.0
26.352619438708604,-51.18364620106519,1.8969358668819178,0.0,0.0,0.0
26.354876151418203,-51.17373928738165,1.89710096385219,0.0,0.0,0.0
26.357132422776242,-51.16383236956844,1.8972660609287115,0.0,0.0,0.0
26.3593882527806,-51.15392544759829,1.897431158112258,0.0,0.0,0.0
26.36164364142914,-51.144018521444025,1.8975962554036054,0.0,0.0,0.0
26.3638985887197,-51.134111591078444,1.8977613528035302,0.0,0.0,0.0
26.366153094650084,-51.124204656474426,1.8979264503128075,0.0,0.0,0.0
26.368407159218087,-51.11429771760483,1.8980915479322134,0.0,0.0,0.0
26.370660782421453,-51.104390774442564,1.8982566456625238,0.0,0.0,0.0
26.37291396425794,-51.09448382696057,1.8984217435045148,0.0,0.0,0.0
26.37516670472522,-51.08457687513178,1.898586841458962,0.0,0.0,0.0
26.377419003821004,-51.0746699189292,1.8987519395266412,0.0,0.0,0.0
26.37967086154294,-51.06476295832584,1.8989170377083286,0.0,0.0,0.0
26.381922277888634,-51.05485599329472,1.8990821360048002,0.0,0.0,0.0
26.384173252855707,-51.044949023808925,1.8992472344168314,0.0,0.0,0.0
26.386423786441746,-51.035042049841536,1.8994123329451982,0.0,0.0,0.0
26.38867387864428,-51.02513507136567,1.8995774315906773,0.0,0.0,0.0
26.390923529460853,-51.01522808835447,1.8997425303540432,0.0,0.0,0.0
26.393172738888957,-51.0053211007811,1.8999076292360724,0.0,0.0,0.0
26.39542150692607,-50.995414108618775,1.9000727282375414,0.0,0.0,0.0
26.397669833569626,-50.98550711184071,1.9002378273592253,0.0,0.0,0.0
26.399917718817058,-50.97560011042015,1.9004029266019005,0.0,0.0,0.0
26.402165162665757,-50.96569310433037,1.900568025966342,0.0,0.0,0.0
26.404412165113094,-50.95578609354468,1.9007331254533268,0.0,0.0,0.0
26.40665872615642,-50.94587907803642,1.90089822506363,0.0,0.0,0.0
26.40890484579303,-50.935972057778926,1.901063324798028,0.0,0.0,0.0
26.411150524020247,-50.92606503274557,1.9012284246572957,0.0,0.0,0.0
26.413395760835318,-50.916158002909796,1.9013935246422107,0.0,0.0,0.0
26.415640556235477,-50.90625096824501,1.9015586247535474,0.0,0.0,0.0
26.417884910217957,-50.89634392872468,1.9017237249920822,0.0,0.0,0.0
26.42012882277993,-50.886436884322315,1.901888825358591,0.0,0.0,0.0
26.422372293918563,-50.87652983501142,1.90205392585385,0.0,0.0,0.0
26.424615323631013,-50.86662278076551,1.9022190264786338,0.0,0.0,0.0
26.426857911914357,-50.856715721558174,1.9023841272337203,0.0,0.0,0.0
26.42910005876569,-50.846808657363006,1.9025492281198833,0.0,0.0,0.0
26.43134176418208,-50.83690158815362,1.9027143291379007,0.0,0.0,0.0
26.43358302816055,-50.826994513903664,1.9028794302885468,0.0,0.0,0.0
26.435823850698117,-50.81708743458682,1.9030445315725983,0.0,0.0,0.0
26.43806423179175,-50.807180350176765,1.9032096329908308,0.0,0.0,0.0
26.440304171438417,-50.79727326064722,1.9033747345440197,0.0,0.0,0.0
26.442543669635032,-50.787366165971974,1.903539836232942,0.0,0.0,0.0
26.444782726378513,-50.77745906612478,1.9037049380583726,0.0,0.0,0.0
26.447021341665717,-50.767551961079434,1.9038700400210884,0.0,0.0,0.0
26.449259515493512,-50.75764485080977,1.904035142121864,0.0,0.0,0.0
26.45149724785872,-50.747737735289654,1.9042002443614758,0.0,0.0,0.0
26.453734538758134,-50.737830614492964,1.9043653467407005,0.0,0.0,0.0
26.45597138818853,-50.72792348839359,1.9045304492603123,0.0,0.0,0.0
26.458207796146663,-50.718016356965485,1.904695551921089,0.0,0.0,0.0
26.46044376262925,-50.70810922018261,1.904860654723805,0.0,0.0,0.0
26.462679287632984,-50.69820207801895,1.9050257576692373,0.0,0.0,0.0
26.46491437115452,-50.6882949304485,1.905190860758161,0.0,0.0,0.0
26.46714901319053,-50.678387777445316,1.9053559639913518,0.0,0.0,0.0
26.46938321373761,-50.66848061898346,1.9055210673695864,0.0,0.0,0.0
26.471616972792365,-50.65857345503702,1.9056861708936403,0.0,0.0,0.0
26.47385029035135,-50.64866628558011,1.9058512745642893,0.0,0.0,0.0
26.476083166411115,-50.63875911058687,1.9060163783823092,0.0,0.0,0.0
26.478315600968166,-50.62885193003147,1.9061814823484764,0.0,0.0,0.0
26.480547594018994,-50.61894474388812,1.906346586463566,0.0,0.0,0.0
26.48277914556005,-50.609037552131014,1.9065116907283541,0.0,0.0,0.0
26.48501025558779,-50.59913035473441,1.906676795143617,0.0,0.0,0.0
26.487240924098604,-50.58922315167259,1.9068418997101306,0.0,0.0,0.0
26.489471151088896,-50.57931594291984,1.9070070044286702,0.0,0.0,0.0
26.491700936555002,-50.569408728450476,1.9071721093000125,0.0,0.0,0.0
26.493930280493274,-50.55950150823887,1.9073372143249323,0.0,0.0,0.0
26.496159182900005,-50.549594282259385,1.9075023195042067,0.0,0.0,0.0
26.49838764377148,-50.539687050486414,1.90766742483861,0.0,0.0,0.0
26.500615663103957,-50.5297798128944,1.9078325303289203,0.0,0.0,0.0
26.502843240893654,-50.51987256945778,1.9079976359759117,0.0,0.0,0.0
26.50507037713678,-50.50996532015105,1.9081627417803604,0.0,0.0,0.0
26.507297071829512,-50.5000580649487,1.908327847743043,0.0,0.0,0.0
26.509523324967994,-50.49015080382527,1.9084929538647344,0.0,0.0,0.0
26.51174913654836,-50.48024353675532,1.908658060146211,0.0,0.0,0.0
26.5139745065667,-50.470336263713406,1.908823166588249,0.0,0.0,0.0
26.516199435019086,-50.46042898467415,1.9089882731916237,0.0,0.0,0.0
26.518423921901572,-50.450521699612196,1.9091533799571112,0.0,0.0,0.0
