galstreams/tracks/track.st.LMS-1.malhan2021.ecsv
# %ECSV 0.9
# ---
# datatype:
# - {name: ra, unit: deg, datatype: float64}
# - {name: dec, unit: deg, datatype: float64}
# - {name: distance, unit: kpc, datatype: float64}
# - {name: pm_ra_cosdec, unit: mas / yr, datatype: float64}
# - {name: pm_dec, unit: mas / yr, datatype: float64}
# - {name: radial_velocity, unit: km / s, datatype: float64}
# delimiter: ','
# meta: !!omap
# - __serialized_columns__:
#     dec:
#       __class__: astropy.coordinates.angles.Latitude
#       unit: &id001 !astropy.units.Unit {unit: deg}
#       value: !astropy.table.SerializedColumn {name: dec}
#     distance:
#       __class__: astropy.coordinates.distances.Distance
#       unit: !astropy.units.Unit {unit: kpc}
#       value: !astropy.table.SerializedColumn {name: distance}
#     pm_dec:
#       __class__: astropy.units.quantity.Quantity
#       unit: !astropy.units.Unit {unit: mas / yr}
#       value: !astropy.table.SerializedColumn {name: pm_dec}
#     pm_ra_cosdec:
#       __class__: astropy.units.quantity.Quantity
#       unit: !astropy.units.Unit {unit: mas / yr}
#       value: !astropy.table.SerializedColumn {name: pm_ra_cosdec}
#     ra:
#       __class__: astropy.coordinates.angles.Longitude
#       unit: *id001
#       value: !astropy.table.SerializedColumn {name: ra}
#       wrap_angle: !astropy.coordinates.Angle
#         unit: *id001
#         value: 360.0
#     radial_velocity:
#       __class__: astropy.units.quantity.Quantity
#       unit: !astropy.units.Unit {unit: km / s}
#       value: !astropy.table.SerializedColumn {name: radial_velocity}
# schema: astropy-2.0
ra,dec,distance,pm_ra_cosdec,pm_dec,radial_velocity
195.23773295552485,13.391102838275556,18.999999999999982,-0.38941300754994956,-1.6076462565052425,76.55917716203923
195.24478507469058,13.399299713083362,18.99999999999998,-0.38991914947481454,-1.6060723532856602,76.53227947642884
195.25184178051651,13.40748991076585,18.999999999999982,-0.3904238463081102,-1.604501818109973,76.5052431612546
195.25890306570622,13.415673442376768,18.999999999999982,-0.39092709995432384,-1.6029346464103398,76.4780684102987
195.26596892297124,13.423850318958051,18.99999999999998,-0.3914289123163787,-1.6013708336228156,76.4507554172276
195.273039345031,13.432020551539807,18.999999999999982,-0.3919292852956383,-1.5998103751873505,76.42330437559166
195.28011432461275,13.440184151140352,18.99999999999998,-0.3924282207919037,-1.598253266547788,76.39571547882557
195.2871938544517,13.448341128766218,18.99999999999998,-0.3929257207034175,-1.596699503151862,76.36798892024798
195.29427792729084,13.456491495412093,18.999999999999986,-0.3934217869268629,-1.5951490804511956,76.34012489306201
195.3013665358811,13.46463526206093,18.999999999999975,-0.39391642135736604,-1.5936019939013035,76.31212359035455
195.30845967298131,13.472772439683864,18.99999999999998,-0.39440962588849515,-1.5920582389615847,76.2839852050971
195.31555733135804,13.480903039240259,18.99999999999998,-0.3949014024122627,-1.5905178110953222,76.25570993014513
195.32265950378584,13.489027071677707,18.999999999999982,-0.39539175281912653,-1.588980705769683,76.22729795823857
195.32976618304707,13.497144547932036,18.999999999999986,-0.3958806789979906,-1.587446918455718,76.19874948200142
195.33687736193204,13.505255478927314,18.999999999999982,-0.39636818283620623,-1.585916444628356,76.17006469394217
195.34399303323875,13.513359875575837,18.999999999999982,-0.39685426621956993,-1.5843892797664045,76.14124378645353
195.35111318977317,13.52145774877818,18.99999999999998,-0.3973389310323291,-1.5828654193525469,76.11228695181259
195.3582378243491,13.529549109423137,18.99999999999998,-0.39782217915718077,-1.5813448588733428,76.08319438218085
195.3653669297881,13.537633968387777,18.999999999999986,-0.39830401247526986,-1.5798275938192257,76.05396626960423
195.37250049891975,13.54571233653745,18.999999999999986,-0.39878443286619625,-1.5783136196844996,76.02460280601294
195.3796385245813,13.553784224725755,18.999999999999982,-0.39926344220800986,-1.5768029319673393,75.99510418322176
195.38678099961788,13.56184964379457,18.999999999999986,-0.3997410423772123,-1.5752955261697883,75.96547059292983
195.39392791688255,13.569908604574076,18.999999999999986,-0.4002172352487636,-1.5737913977977562,75.93570222672088
195.40107926923594,13.577961117882685,18.999999999999982,-0.40069202269607235,-1.5722905423610194,75.90579927606318
195.4082350495469,13.586007194527205,18.999999999999986,-0.40116540659100897,-1.5707929553732147,75.87576193230925
195.41539525069183,13.594046845302666,18.999999999999982,-0.40163738880389704,-1.5692986323518443,75.84559038669653
195.42255986555494,13.602080080992387,18.999999999999982,-0.4021079712035177,-1.5678075688182684,75.81528483034691
195.4297288870284,13.610106912368057,18.999999999999986,-0.4025771556571106,-1.5663197602977057,75.78484545426679
195.4369023080121,13.618127350189631,18.999999999999986,-0.40304494403037516,-1.5648352023192325,75.75427244934721
195.44408012141375,13.626141405205413,18.999999999999986,-0.40351133818747054,-1.5633538904157815,75.72356600636401
195.45126232014886,13.634149088152025,18.999999999999982,-0.40397633999101595,-1.5618758201241372,75.69272631597747
195.4584488971408,13.642150409754414,18.999999999999982,-0.40443995130209237,-1.5604009869849356,75.66175356873289
195.46563984532077,13.65014538072587,18.999999999999982,-0.4049021739802444,-1.5589293865426634,75.63064795505986
195.4728351576276,13.658134011768034,18.999999999999982,-0.40536300988347773,-1.5574610143456569,75.59940966527303
195.48003482700804,13.66611631357088,18.999999999999986,-0.4058224608682629,-1.555995865946099,75.56803888957167
195.4872388464167,13.674092296812741,18.999999999999982,-0.4062805287895383,-1.554533936900017,75.53653581803991
195.4944472088158,13.682061972160314,18.999999999999982,-0.40673721550070296,-1.5530752227672808,75.5049006406466
195.50165990717554,13.69002535026866,18.999999999999982,-0.4071925228536263,-1.5516197191116055,75.47313354724554
195.5088769344737,13.697982441781205,18.999999999999982,-0.40764645269864264,-1.5501674215005425,75.44123472757516
195.51609828369607,13.70593325732975,18.999999999999982,-0.40809900688455636,-1.5487183255054846,75.40920437125907
195.52332394783602,13.71387780753449,18.999999999999986,-0.4085501872586388,-1.5472724267016595,75.37704266780547
195.53055391989474,13.721816103003992,18.99999999999999,-0.40899999566663237,-1.5458297206681313,75.34474980660781
195.53778819288132,13.729748154335224,18.999999999999986,-0.40944843395274955,-1.5443902029877985,75.31232597694407
195.54502675981252,13.73767397211355,18.99999999999999,-0.40989550395967456,-1.5429538692473872,75.27977136797752
195.55226961371275,13.745593566912728,18.999999999999982,-0.41034120752856224,-1.541520715037459,75.24708616875634
195.5595167476144,13.753506949294938,18.99999999999998,-0.41078554649904153,-1.5400907359524003,75.21427056821373
195.5667681545575,13.761414129810774,18.999999999999982,-0.41122852270921384,-1.538663927590425,75.18132475516774
195.5740238275899,13.769315118999243,18.999999999999982,-0.41167013799565666,-1.5372402855535732,75.14824891832173
195.5812837597671,13.777209927387785,18.999999999999986,-0.41211039419341966,-1.5358198054477066,75.115043246264
195.58854794415248,13.78509856549226,18.999999999999982,-0.4125492931360315,-1.534402482882511,75.08170792746795
195.59581637381703,13.792981043816962,18.999999999999982,-0.4129868366554956,-1.5329883134714892,75.04824315029221
195.6030890418396,13.800857372854649,18.999999999999986,-0.41342302658229313,-1.5315772928319644,75.01464910298043
195.61036594130675,13.808727563086519,18.999999999999982,-0.41385786474538355,-1.5301694165850765,74.98092597366141
195.61764706531275,13.816591624982205,18.999999999999982,-0.414291352972204,-1.52876468035578,74.94707395034932
195.6249324069596,13.824449568999805,18.999999999999982,-0.4147234930886726,-1.5273630797728404,74.91309322094331
195.63222195935714,13.832301405585909,18.999999999999982,-0.41515428691918804,-1.5259646104688396,74.87898397322806
195.6395157156228,13.840147145175536,18.999999999999982,-0.4155837362866282,-1.5245692680801637,74.84474639487313
195.64681366888178,13.847986798192201,18.99999999999999,-0.41601184301235306,-1.5231770482470113,74.81038067343373
195.65411581226707,13.855820375047902,18.999999999999982,-0.4164386089162072,-1.5217879466133868,74.77588699635014
195.66142213891928,13.863647886143118,18.99999999999999,-0.41686403581651577,-1.5204019588270958,74.741265550948
195.66873264198685,13.871469341866817,18.999999999999986,-0.41728812553008887,-1.519019080539752,74.70651652443843
195.67604731462583,13.879284752596464,18.999999999999986,-0.4177108798722218,-1.517639307406768,74.67164010391774
195.68336615000004,13.88709412869804,18.999999999999986,-0.41813230065669404,-1.516262635087355,74.63663647636783
195.69068914128096,13.894897480525986,18.999999999999982,-0.4185523896957709,-1.5148890592445248,74.60150582865577
195.69801628164788,13.90269481842336,18.999999999999986,-0.4189711488002062,-1.5135185755450833,74.56624834753438
195.70534756428776,13.91048615272164,18.999999999999993,-0.4193885797792398,-1.5121511796596305,74.5308642196416
195.71268298239514,13.91827149374086,18.999999999999986,-0.41980468444059904,-1.5107868672625653,74.49535363150123
195.72002252917238,13.926050851789599,18.999999999999986,-0.42021946459050175,-1.5094256340320673,74.4597167695222
195.72736619782953,13.933824237164943,18.999999999999986,-0.4206329220336531,-1.5080674756501142,74.42395381999928
195.73471398158426,13.94159166015255,18.99999999999999,-0.4210450585732506,-1.506712387802469,74.38806496911263
195.74206587366197,13.949353131026603,18.99999999999999,-0.4214558760109801,-1.5053603661786792,74.352050402928
195.7494218672958,13.957108660049855,18.99999999999999,-0.42186537614702224,-1.5040114064720793,74.31591030739685
195.7567819557265,13.964858257473594,18.999999999999982,-0.42227356078004635,-1.502665504379783,74.27964486835597
195.76414613220248,13.972601933537694,18.999999999999986,-0.42268043170721714,-1.5013226556026877,74.24325427152814
195.77151438997993,13.980339698470583,18.999999999999982,-0.42308599072419095,-1.4999828558454698,74.20673870252178
195.77888672232262,13.988071562489274,18.99999999999999,-0.4234902396251188,-1.4986461008165821,74.1700983468307
195.78626312250202,13.995797535799356,18.99999999999999,-0.42389318020264777,-1.4973123862282536,74.1333333898347
195.79364358379732,14.003517628594997,18.99999999999999,-0.42429481424791804,-1.495981707796489,74.09644401679918
195.80102809949526,14.011231851058959,18.999999999999986,-0.4246951435505689,-1.4946540612410626,74.05943041287537
195.80841666289038,14.01894021336261,18.99999999999999,-0.4250941698987334,-1.4933294422855208,74.02229276310031
195.81580926728475,14.026642725665914,18.99999999999999,-0.42549189507904367,-1.4920078466571793,73.98503125239667
195.8232059059882,14.034339398117432,18.99999999999999,-0.4258883208766299,-1.4906892700871204,73.94764606557318
195.83060657231817,14.042030240854357,18.999999999999986,-0.4262834490751197,-1.4893737083101934,73.91013738732423
195.83801125959974,14.049715264002485,18.99999999999999,-0.426677281456641,-1.4880611570650082,73.87250540223019
195.84541996116567,14.057394477676242,18.99999999999999,-0.42706981980182157,-1.4867516120939401,73.83475029475727
195.85283267035632,14.065067891978678,18.99999999999999,-0.42746106588979005,-1.4854450691431242,73.79687224925766
195.86024938051975,14.072735517001492,18.99999999999999,-0.4278510214981751,-1.4841415239624518,73.75887144996939
195.8676700850116,14.080397362825021,18.99999999999999,-0.42823968840310817,-1.482840972305575,73.72074808101654
195.87509477719522,14.088053439518228,18.99999999999999,-0.4286270683792227,-1.4815434099298976,73.68250232640915
195.8825234504415,14.09570375713875,18.99999999999999,-0.42901316319965566,-1.4802488325965788,73.64413437004325
195.88995609812903,14.103348325732872,18.99999999999999,-0.42939797463604606,-1.4789572360705292,73.60564439570089
195.897392713644,14.110987155335543,18.99999999999999,-0.4297815044585395,-1.4776686161204093,73.56703258705018
195.90483329038025,14.118620255970379,18.999999999999986,-0.4301637544357859,-1.47638296851863,73.52829912764543
195.91227782173922,14.12624763764967,18.99999999999999,-0.43054472633493934,-1.475100289041345,73.48944420092681
195.91972630112997,14.133869310374386,18.99999999999999,-0.4309244219216602,-1.473820573468455,73.45046799022086
195.92717872196917,14.141485284134182,18.999999999999986,-0.4313028429601172,-1.472543817583605,73.41137067874006
195.93463507768112,14.149095568907399,18.99999999999999,-0.4316799912129835,-1.4712700171741782,73.37215244958318
195.94209536169774,14.156700174661077,18.999999999999986,-0.4320558684414432,-1.469999168031302,73.33281348573512
195.94955956745852,14.16429911135097,18.99999999999999,-0.4324304764051866,-1.468731265949838,73.29335397006699
195.9570276884106,14.171892388921515,18.999999999999986,-0.43280381686241454,-1.4674663067283866,73.2537740853362
195.96449971800865,14.179480017305874,18.999999999999993,-0.4331758915698354,-1.4662042861692801,73.21407401418637
195.97197564971506,14.18706200642592,18.99999999999999,-0.4335467022826711,-1.464945200078587,73.17425393914742
195.97945547699968,14.194638366192265,18.999999999999993,-0.4339162507546499,-1.463689044266104,73.13431404263554
195.98693919334005,14.202209106504242,18.999999999999993,-0.43428453873801603,-1.4624358145453589,73.09425450695318
195.99442679222125,14.2097742372499,18.99999999999999,-0.4346515679835218,-1.461185506733607,73.05407551428935
196.00191826713598,14.217333768306055,18.99999999999999,-0.43501734024043504,-1.459938116651828,73.01377724671923
196.0094136115845,14.22488770953825,18.99999999999999,-0.4353818572565331,-1.4586936401247275,72.97335988620458
196.01691281907466,14.232436070800789,18.999999999999993,-0.4357451207781111,-1.457452072980733,72.93282361459327
196.02441588312186,14.239978861936734,18.99999999999999,-0.43610713254997524,-1.4562134110519929,72.89216861361996
196.03192279724914,14.247516092777872,18.999999999999993,-0.43646789431544775,-1.454977650174375,72.85139506490546
196.03943355498708,14.255047773144838,18.99999999999999,-0.4368274078163658,-1.453744786187463,72.81050314995736
196.04694814987386,14.26257391284697,18.99999999999999,-0.43718567479308296,-1.4525148149345577,72.76949305016959
196.05446657545514,14.270094521682402,18.999999999999993,-0.43754269698446835,-1.4512877322626725,72.72836494682257
196.0619888252842,14.277609609438057,18.999999999999993,-0.43789847612790905,-1.450063534022533,72.68711902108335
196.06951489292192,14.285119185889647,18.99999999999999,-0.4382530139593081,-1.4488422160685772,72.64575545400557
196.0770447719367,14.292623260801673,18.99999999999999,-0.4386063122130882,-1.4476237742589488,72.6042744265294
196.08457845590442,14.300121843927442,18.999999999999993,-0.43895837262218895,-1.4464082044555,72.5626761194817
196.09211593840868,14.307614945009071,18.999999999999993,-0.43930919691807174,-1.4451955025237884,72.52096071357592
196.0996572130405,14.315102573777477,18.999999999999996,-0.4396587868307154,-1.4439856643330735,72.4791283894122
196.10720227339849,14.322584739952394,18.999999999999993,-0.44000714408861885,-1.4427786857563187,72.43717932747741
196.1147511130888,14.330061453242394,18.99999999999999,-0.44035427041880254,-1.4415745626701852,72.39511370814503
196.12230372572512,14.33753272334486,18.99999999999999,-0.4407001675468091,-1.4403732909550337,72.35293171167537
196.12986010492867,14.344998559946019,18.99999999999999,-0.4410448371967006,-1.4391748664949215,72.31063351821538
196.1374202443282,14.352458972720934,18.99999999999999,-0.44138828109106354,-1.4379792851775992,72.26821930779896
196.14498413756007,14.359913971333503,18.999999999999993,-0.44173050095100624,-1.4367865428945112,72.22568926034663
196.1525517782681,14.367363565436497,18.99999999999999,-0.4420714984961617,-1.4355966355407954,72.18304355566593
196.1601231601036,14.374807764671514,18.999999999999996,-0.4424112754446841,-1.434409559015275,72.140282373451
196.16769827672547,14.382246578669024,18.999999999999993,-0.4427498335132539,-1.4332253092204648,72.09740589328321
196.17527712180012,14.389680017048383,18.99999999999999,-0.44308717441707685,-1.4320438820625636,72.05441429463029
196.18285968900148,14.397108089417797,18.999999999999993,-0.4434232998698835,-1.4308652734514538,72.01130775684742
196.19044597201093,14.404530805374332,18.99999999999999,-0.44375821158392964,-1.4296894793007031,71.96808645917646
196.1980359645175,14.411948174503982,18.99999999999999,-0.44409191126999914,-1.428516495527558,71.92475058074625
196.2056296602176,14.419360206381599,18.99999999999999,-0.4444244006374014,-1.4273463180529442,71.88130030057253
196.21322705281517,14.426766910570937,18.99999999999999,-0.4447556813939739,-1.4261789428014662,71.83773579755834
196.22082813602174,14.43416829662465,18.99999999999999,-0.4450857552460815,-1.4250143657014025,71.79405725049338
196.22843290355624,14.441564374084289,18.999999999999996,-0.44541462389861836,-1.423852582684705,71.75026483805469
196.23604134914515,14.448955152480318,18.999999999999993,-0.4457422890550072,-1.4226935896870014,71.70635873880616
196.24365346652246,14.456340641332126,18.999999999999993,-0.44606875241720034,-1.421537382647585,71.66233913119902
196.25126924942958,14.463720850148023,18.99999999999999,-0.44639401568567944,-1.4203839575094224,71.6182061935714
196.2588886916155,14.471095788425233,18.99999999999999,-0.4467180805594574,-1.4192333102191417,71.57396010414863
