galstreams/tracks/track.st.NGC5466.grillmair2006.ecsv
# %ECSV 0.9
# ---
# datatype:
# - {name: ra, unit: deg, datatype: float64}
# - {name: dec, unit: deg, datatype: float64}
# - {name: distance, unit: kpc, datatype: float64}
# - {name: pm_ra_cosdec, unit: mas / yr, datatype: float64}
# - {name: pm_dec, unit: mas / yr, datatype: float64}
# - {name: radial_velocity, unit: km / s, datatype: float64}
# delimiter: ','
# meta: !!omap
# - __serialized_columns__:
#     dec:
#       __class__: astropy.coordinates.angles.Latitude
#       unit: &id001 !astropy.units.Unit {unit: deg}
#       value: !astropy.table.SerializedColumn {name: dec}
#     distance:
#       __class__: astropy.coordinates.distances.Distance
#       unit: !astropy.units.Unit {unit: kpc}
#       value: !astropy.table.SerializedColumn {name: distance}
#     pm_dec:
#       __class__: astropy.units.quantity.Quantity
#       unit: !astropy.units.Unit {unit: mas / yr}
#       value: !astropy.table.SerializedColumn {name: pm_dec}
#     pm_ra_cosdec:
#       __class__: astropy.units.quantity.Quantity
#       unit: !astropy.units.Unit {unit: mas / yr}
#       value: !astropy.table.SerializedColumn {name: pm_ra_cosdec}
#     ra:
#       __class__: astropy.coordinates.angles.Longitude
#       unit: *id001
#       value: !astropy.table.SerializedColumn {name: ra}
#       wrap_angle: !astropy.coordinates.Angle
#         unit: *id001
#         value: 360.0
#     radial_velocity:
#       __class__: astropy.units.quantity.Quantity
#       unit: !astropy.units.Unit {unit: km / s}
#       value: !astropy.table.SerializedColumn {name: radial_velocity}
# schema: astropy-2.0
ra,dec,distance,pm_ra_cosdec,pm_dec,radial_velocity
228.8337165764973,20.45696628318264,16.6,0.0,0.0,0.0
228.5800404616098,20.523720469341608,16.6,0.0,0.0,0.0
228.32788537447004,20.592139553895738,16.599999999999998,0.0,0.0,0.0
228.07721405394767,20.662191295982055,16.599999999999998,0.0,0.0,0.0
227.82798968382414,20.733843736236746,16.599999999999998,0.0,0.0,0.0
227.58017588811003,20.807065195617888,16.6,0.0,0.0,0.0
227.33373672646525,20.881824274210366,16.599999999999998,0.0,0.0,0.0
227.08863668971836,20.958089850014765,16.599999999999998,0.0,0.0,0.0
226.84484069547798,21.03583107772281,16.6,0.0,0.0,0.0
226.60231408383362,21.115017387480883,16.599999999999998,0.0,0.0,0.0
226.36102261314042,21.19561848364288,16.6,0.0,0.0,0.0
226.12093245588468,21.27760434351464,16.599999999999998,0.0,0.0,0.0
225.8820101946254,21.360945216090872,16.599999999999998,0.0,0.0,0.0
225.64422281800998,21.445611620785645,16.600000000000005,0.0,0.0,0.0
225.40753771685965,21.531574346158003,16.6,0.0,0.0,0.0
225.1719226803219,21.618804448633647,16.600000000000005,0.0,0.0,0.0
224.93734589208813,21.707273251223057,16.600000000000005,0.0,0.0,0.0
224.70377592667285,21.79695234223757,16.600000000000005,0.0,0.0,0.0
224.47118174575283,21.88781357400389,16.600000000000005,0.0,0.0,0.0
224.2395326945641,21.97982906157732,16.6,0.0,0.0,0.0
224.00879849835465,22.072971181454804,16.600000000000005,0.0,0.0,0.0
223.77894925889066,22.16721257028822,16.6,0.0,0.0,0.0
223.54995545101616,22.262526123597727,16.60000000000001,0.0,0.0,0.0
223.32178791926242,22.35888499448646,16.600000000000005,0.0,0.0,0.0
223.0944178745076,22.45626259235643,16.599999999999998,0.0,0.0,0.0
222.86781689068437,22.554632581625576,16.600000000000005,0.0,0.0,0.0
222.6419569015348,22.653968880446957,16.6,0.0,0.0,0.0
222.41681019741128,22.754245659429806,16.60000000000001,0.0,0.0,0.0
222.19234942212273,22.85543734036244,16.60000000000001,0.0,0.0,0.0
221.968547569825,22.95751859493761,16.600000000000012,0.0,0.0,0.0
221.74537798195473,23.060464343480284,16.600000000000005,0.0,0.0,0.0
221.52281434420638,23.16424975367735,16.60000000000001,0.0,0.0,0.0
221.30083068355134,23.26885023931014,16.600000000000005,0.0,0.0,0.0
221.07940136529808,23.374241458989427,16.600000000000005,0.0,0.0,0.0
220.85850109019452,23.480399314892466,16.600000000000005,0.0,0.0,0.0
220.63810489156987,23.58729995150283,16.60000000000001,0.0,0.0,0.0
220.41818813251714,23.694919754352703,16.600000000000005,0.0,0.0,0.0
220.19872650311567,23.803235348767164,16.600000000000005,0.0,0.0,0.0
219.97969601769256,23.912223598611174,16.60000000000001,0.0,0.0,0.0
219.76107301212315,24.021861605038804,16.60000000000001,0.0,0.0,0.0
219.54283414117072,24.13212670524446,16.600000000000005,0.0,0.0,0.0
219.32495637586428,24.242996471216443,16.600000000000005,0.0,0.0,0.0
219.10741700091407,24.35444870849277,16.600000000000005,0.0,0.0,0.0
218.89019361216614,24.466461454918576,16.60000000000001,0.0,0.0,0.0
218.67326411409337,24.57901297940589,16.60000000000001,0.0,0.0,0.0
218.45660671732438,24.692081780695258,16.600000000000005,0.0,0.0,0.0
218.24019993620968,24.805646586118897,16.60000000000001,0.0,0.0,0.0
218.0240225864245,24.919686350365925,16.600000000000012,0.0,0.0,0.0
217.80805378260848,25.0341802542493,16.600000000000012,0.0,0.0,0.0
217.59227293604155,25.149107703474122,16.600000000000012,0.0,0.0,0.0
217.37665975235637,25.264448327407777,16.600000000000012,0.0,0.0,0.0
217.16119422928608,25.380181977851656,16.600000000000012,0.0,0.0,0.0
216.94585665444853,25.496288727814125,16.600000000000012,0.0,0.0,0.0
216.73062760316537,25.612748870285152,16.600000000000012,0.0,0.0,0.0
216.51548793631616,25.72954291701246,16.600000000000012,0.0,0.0,0.0
216.300418798228,25.84665159727871,16.600000000000012,0.0,0.0,0.0
216.08540161459908,25.96405585668038,16.600000000000012,0.0,0.0,0.0
215.87041809045638,26.081736855908055,16.60000000000001,0.0,0.0,0.0
215.65545020814812,26.199675969527664,16.600000000000012,0.0,0.0,0.0
215.44048022536884,26.317854784763465,16.60000000000001,0.0,0.0,0.0
215.2254906732178,26.436255100282338,16.600000000000012,0.0,0.0,0.0
215.01046435429083,26.55485892497908,16.600000000000012,0.0,0.0,0.0
214.79538434080405,26.67364847676348,16.60000000000001,0.0,0.0,0.0
214.58023397274937,26.792606181348667,16.600000000000012,0.0,0.0,0.0
214.36499685608214,26.91171467104064,16.600000000000012,0.0,0.0,0.0
214.14965686093967,27.030956783529543,16.60000000000001,0.0,0.0,0.0
213.93419811988988,27.150315560682316,16.600000000000012,0.0,0.0,0.0
213.71860502621095,27.26977424733673,16.60000000000001,0.0,0.0,0.0
213.5028622321999,27.389316290097057,16.600000000000012,0.0,0.0,0.0
213.28695464751033,27.508925336131593,16.600000000000012,0.0,0.0,0.0
213.07086743751915,27.62858523197126,16.60000000000001,0.0,0.0,0.0
212.8545860217207,27.74828002231052,16.60000000000001,0.0,0.0,0.0
212.6380960721482,27.8679939488097,16.600000000000012,0.0,0.0,0.0
212.42138351182257,27.98771144889921,16.600000000000012,0.0,0.0,0.0
212.20443451322666,28.10741715458561,16.60000000000001,0.0,0.0,0.0
211.98723549680517,28.22709589125989,16.60000000000001,0.0,0.0,0.0
211.7697731294894,28.346732676507227,16.600000000000012,0.0,0.0,0.0
211.5520343232462,28.466312718919347,16.60000000000001,0.0,0.0,0.0
211.33400623364963,28.585821416908804,16.60000000000001,0.0,0.0,0.0
211.11567625847619,28.70524435752533,16.600000000000012,0.0,0.0,0.0
210.8970320363213,28.824567315274717,16.600000000000012,0.0,0.0,0.0
210.67806144523698,28.943776250939887,16.60000000000001,0.0,0.0,0.0
210.45875260139024,29.06285731040431,16.600000000000012,0.0,0.0,0.0
210.23909385774058,29.181796823477953,16.60000000000001,0.0,0.0,0.0
210.01907380273653,29.30058130272586,16.60000000000001,0.0,0.0,0.0
209.79868125902993,29.41919744229896,16.60000000000001,0.0,0.0,0.0
209.5779052822076,29.537632116767796,16.60000000000001,0.0,0.0,0.0
209.35673515953883,29.65587237995889,16.600000000000005,0.0,0.0,0.0
209.13516040873856,29.773905463793657,16.600000000000005,0.0,0.0,0.0
208.913170776745,29.891718777130126,16.600000000000005,0.0,0.0,0.0
208.6907562385108,30.009299904607648,16.600000000000005,0.0,0.0,0.0
208.4679069958069,30.12663660549409,16.600000000000005,0.0,0.0,0.0
208.24461347603867,30.243716812536043,16.60000000000001,0.0,0.0,0.0
208.02086633107183,30.360528630812052,16.600000000000005,0.0,0.0,0.0
207.79665643607,30.477060336588238,16.60000000000001,0.0,0.0,0.0
207.57197488833992,30.5933003761773,16.600000000000005,0.0,0.0,0.0
207.34681300618522,30.709237364800142,16.600000000000005,0.0,0.0,0.0
207.12116232776788,30.82486008545023,16.600000000000005,0.0,0.0,0.0
206.8950146099754,30.940157487761073,16.60000000000001,0.0,0.0,0.0
206.66836182729324,31.055118686876405,16.60000000000001,0.0,0.0,0.0
206.44119617068228,31.169732962322946,16.60000000000001,0.0,0.0,0.0
206.213510046459,31.283989756886207,16.600000000000005,0.0,0.0,0.0
205.98529607517844,31.397878675488773,16.600000000000005,0.0,0.0,0.0
205.75654709051892,31.511389484071252,16.600000000000005,0.0,0.0,0.0
205.52725613816705,31.624512108475802,16.600000000000005,0.0,0.0,0.0
205.2974164747025,31.73723663333204,16.600000000000005,0.0,0.0,0.0
205.06702156648163,31.84955330094545,16.60000000000001,0.0,0.0,0.0
204.83606508851892,31.96145251018792,16.600000000000005,0.0,0.0,0.0
204.60454092336516,32.07292481539053,16.600000000000005,0.0,0.0,0.0
204.3724431599817,32.18396092523836,16.600000000000005,0.0,0.0,0.0
204.1397660926101,32.29455170166717,16.600000000000005,0.0,0.0,0.0
203.90650421963525,32.404688158761914,16.60000000000001,0.0,0.0,0.0
203.67265224244267,32.514361461656755,16.60000000000001,0.0,0.0,0.0
203.4382050642677,32.62356292543662,16.600000000000005,0.0,0.0,0.0
203.20315778903634,32.73228401403996,16.6,0.0,0.0,0.0
202.9675057201973,32.840516339162654,16.6,0.0,0.0,0.0
202.73124435954327,32.94825165916273,16.600000000000005,0.0,0.0,0.0
202.494369406022,33.05548187796581,16.6,0.0,0.0,0.0
202.25687675453528,33.16219904397099,16.600000000000005,0.0,0.0,0.0
202.01876249472562,33.268395348957,16.600000000000005,0.0,0.0,0.0
201.78002290975002,33.374063126988254,16.6,0.0,0.0,0.0
201.54065447503922,33.47919485332071,16.6,0.0,0.0,0.0
201.30065385704307,33.58378314330733,16.6,0.0,0.0,0.0
201.06001791196005,33.687820751302404,16.600000000000005,0.0,0.0,0.0
200.81874368445114,33.79130056956526,16.6,0.0,0.0,0.0
200.57682840633697,33.89421562716218,16.6,0.0,0.0,0.0
200.33426949527794,33.99655908886696,16.6,0.0,0.0,0.0
200.0910645534362,34.0983242540594,16.600000000000005,0.0,0.0,0.0
199.84721136612004,34.19950455562145,16.600000000000005,0.0,0.0,0.0
199.6027079004085,34.30009355883078,16.600000000000005,0.0,0.0,0.0
199.35755230375744,34.40008496025145,16.6,0.0,0.0,0.0
199.1117429025856,34.49947258662122,16.6,0.0,0.0,0.0
198.8652782008401,34.598250393735206,16.600000000000005,0.0,0.0,0.0
198.61815687854198,34.69641246532556,16.600000000000005,0.0,0.0,0.0
198.37037779031016,34.79395301193676,16.6,0.0,0.0,0.0
198.12193996386463,34.89086636979614,16.6,0.0,0.0,0.0
197.87284259850767,34.98714699967931,16.60000000000001,0.0,0.0,0.0
197.62308506358363,35.082789485770014,16.600000000000005,0.0,0.0,0.0
197.37266689691634,35.1777885345141,16.599999999999998,0.0,0.0,0.0
197.12158780322457,35.27213897346723,16.6,0.0,0.0,0.0
196.86984765251498,35.36583575013574,16.6,0.0,0.0,0.0
196.6174464784528,35.458873930810526,16.6,0.0,0.0,0.0
196.3643844767098,35.55124869939336,16.6,0.0,0.0,0.0
196.11066200329012,35.64295535621518,16.6,0.0,0.0,0.0
195.8562795728331,35.7339893168461,16.6,0.0,0.0,0.0
195.6012378568941,35.824346110896606,16.6,0.0,0.0,0.0
195.34553768220297,35.91402138080962,16.599999999999998,0.0,0.0,0.0
195.0891800289001,36.00301088064276,16.6,0.0,0.0,0.0
194.83216602875083,36.091310474840824,16.6,0.0,0.0,0.0
194.57449696333788,36.17891613699745,16.599999999999998,0.0,0.0,0.0
194.31617426223244,36.26582394860631,16.6,0.0,0.0,0.0
194.0571995011442,36.35203009780058,16.6,0.0,0.0,0.0
193.79757440005037,36.43753087808092,16.6,0.0,0.0,0.0
193.53730082130463,36.52232268703126,16.599999999999998,0.0,0.0,0.0
193.27638076772598,36.60640202502199,16.599999999999998,0.0,0.0,0.0
193.01481638066832,36.6897654939001,16.599999999999998,0.0,0.0,0.0
192.7526099380709,36.772409795666114,16.599999999999998,0.0,0.0,0.0
192.48976385249085,36.85433173113711,16.6,0.0,0.0,0.0
192.2262806691178,36.93552819859546,16.599999999999998,0.0,0.0,0.0
191.9621630637715,37.015996192423295,16.6,0.0,0.0,0.0
191.69741384088312,37.09573280172167,16.599999999999998,0.0,0.0,0.0
191.43203593146137,37.17473520891454,16.600000000000005,0.0,0.0,0.0
191.16603239104327,37.25300068833714,16.6,0.0,0.0,0.0
190.89940639763154,37.330526604807936,16.600000000000005,0.0,0.0,0.0
190.6321612496187,37.40731041218461,16.599999999999998,0.0,0.0,0.0
190.36430036369887,37.48334965190285,16.599999999999998,0.0,0.0,0.0
190.09582727276896,37.558641951498295,16.599999999999998,0.0,0.0,0.0
189.82674562381908,37.633185023110904,16.6,0.0,0.0,0.0
189.5570591758141,37.70697666197166,16.599999999999998,0.0,0.0,0.0
189.28677179756693,37.780014744871195,16.599999999999998,0.0,0.0,0.0
189.01588746560518,37.85229722861003,16.599999999999998,0.0,0.0,0.0
188.74441026203158,37.92382214843023,16.599999999999994,0.0,0.0,0.0
188.47234437237978,37.994587616428255,16.599999999999994,0.0,0.0,0.0
188.1996940834669,38.06459181994848,16.599999999999994,0.0,0.0,0.0
187.92646378124363,38.133833019957606,16.599999999999994,0.0,0.0,0.0
187.6526579486432,38.20230954939921,16.599999999999994,0.0,0.0,0.0
187.3782811634312,38.270019811528684,16.599999999999994,0.0,0.0,0.0
187.1033380960565,38.33696227822813,16.599999999999998,0.0,0.0,0.0
186.8278335075052,38.40313548830107,16.599999999999998,0.0,0.0,0.0
186.5517722471593,38.468538045746826,16.599999999999998,0.0,0.0,0.0
186.2751592506608,38.53316861801446,16.59999999999999,0.0,0.0,0.0
185.997999537783,38.59702593423609,16.599999999999994,0.0,0.0,0.0
185.72029821031052,38.66010878343953,16.59999999999999,0.0,0.0,0.0
185.44206044992941,38.7224160127401,16.59999999999999,0.0,0.0,0.0
185.16329151612857,38.78394652551161,16.599999999999994,0.0,0.0,0.0
184.8839967441146,38.84469927953638,16.59999999999999,0.0,0.0,0.0
184.6041815427408,38.90467328513432,16.599999999999994,0.0,0.0,0.0
184.32385139245253,38.963867603271055,16.599999999999987,0.0,0.0,0.0
184.0430118432501,39.02228134364497,16.599999999999987,0.0,0.0,0.0
183.76166851267072,39.07991366275353,16.59999999999999,0.0,0.0,0.0
183.47982708379138,39.13676376193837,16.59999999999999,0.0,0.0,0.0
183.19749330325362,39.192830885409805,16.59999999999999,0.0,0.0,0.0
182.91467297931254,39.248114318250416,16.59999999999999,0.0,0.0,0.0
182.63137197991097,39.30261338439797,16.599999999999984,0.0,0.0,0.0
182.34759623078057,39.356327444607864,16.599999999999984,0.0,0.0,0.0
182.06335171357145,39.40925589439502,16.599999999999987,0.0,0.0,0.0
181.7786444640121,39.46139816195562,16.599999999999984,0.0,0.0,0.0
181.49348057010064,39.51275370606869,16.59999999999998,0.0,0.0,0.0
181.20786617032934,39.56332201397783,16.599999999999984,0.0,0.0,0.0
180.92180745194406,39.613102599253295,16.59999999999998,0.0,0.0,0.0
