galstreams/tracks/track.st.Kwando.grillmair2017.ecsv
# %ECSV 1.0
# ---
# datatype:
# - {name: ra, unit: deg, datatype: float64}
# - {name: dec, unit: deg, datatype: float64}
# - {name: distance, unit: kpc, datatype: float64}
# - {name: pm_ra_cosdec, unit: mas / yr, datatype: float64}
# - {name: pm_dec, unit: mas / yr, datatype: float64}
# - {name: radial_velocity, unit: km / s, datatype: float64}
# delimiter: ','
# meta: !!omap
# - __serialized_columns__:
#     dec:
#       __class__: astropy.coordinates.angles.Latitude
#       unit: &id001 !astropy.units.Unit {unit: deg}
#       value: !astropy.table.SerializedColumn {name: dec}
#     distance:
#       __class__: astropy.coordinates.distances.Distance
#       unit: !astropy.units.Unit {unit: kpc}
#       value: !astropy.table.SerializedColumn {name: distance}
#     pm_dec:
#       __class__: astropy.units.quantity.Quantity
#       unit: !astropy.units.Unit {unit: mas / yr}
#       value: !astropy.table.SerializedColumn {name: pm_dec}
#     pm_ra_cosdec:
#       __class__: astropy.units.quantity.Quantity
#       unit: !astropy.units.Unit {unit: mas / yr}
#       value: !astropy.table.SerializedColumn {name: pm_ra_cosdec}
#     ra:
#       __class__: astropy.coordinates.angles.Longitude
#       unit: *id001
#       value: !astropy.table.SerializedColumn {name: ra}
#       wrap_angle: !astropy.coordinates.Angle
#         unit: *id001
#         value: 360.0
#     radial_velocity:
#       __class__: astropy.units.quantity.Quantity
#       unit: !astropy.units.Unit {unit: km / s}
#       value: !astropy.table.SerializedColumn {name: radial_velocity}
# schema: astropy-2.0
ra,dec,distance,pm_ra_cosdec,pm_dec,radial_velocity
18.985907162373277,-23.921984767104007,19.999999999999996,0.0,0.0,0.0
18.99777802798262,-23.92286451808826,20.0,0.0,0.0,0.0
19.009646101916488,-23.923748535422533,19.999999999999996,0.0,0.0,0.0
19.02151138300134,-23.924636823457057,19.999999999999993,0.0,0.0,0.0
19.03337387006501,-23.92552938654272,20.0,0.0,0.0,0.0
19.045233561936694,-23.926426229031062,19.999999999999996,0.0,0.0,0.0
19.057090457446886,-23.927327355274233,19.999999999999996,0.0,0.0,0.0
19.06894455542747,-23.928232769624994,20.0,0.0,0.0,0.0
19.080795854711663,-23.92914247643678,20.000000000000004,0.0,0.0,0.0
19.09264435413402,-23.930056480063644,20.0,0.0,0.0,0.0
19.104490052530437,-23.930974784860247,19.999999999999993,0.0,0.0,0.0
19.116332948738172,-23.931897395181892,20.0,0.0,0.0,0.0
19.128173041595797,-23.932824315384522,20.0,0.0,0.0,0.0
19.140010329943323,-23.933755549824753,19.999999999999993,0.0,0.0,0.0
19.151844812621892,-23.93469110285969,19.999999999999996,0.0,0.0,0.0
19.163676488474188,-23.935630978847204,20.0,0.0,0.0,0.0
19.17550535634416,-23.936575182145738,20.0,0.0,0.0,0.0
19.187331415077107,-23.937523717114388,20.0,0.0,0.0,0.0
19.199154663519657,-23.938476588112838,19.999999999999996,0.0,0.0,0.0
19.21097510051979,-23.939433799501447,19.999999999999993,0.0,0.0,0.0
19.222792724926816,-23.940395355641154,19.999999999999993,0.0,0.0,0.0
19.23460753559138,-23.941361260893558,19.999999999999993,0.0,0.0,0.0
19.24641953136547,-23.942331519620858,19.999999999999996,0.0,0.0,0.0
19.258228711102397,-23.94330613618591,20.0,0.0,0.0,0.0
19.270035073656828,-23.944285114952166,19.999999999999996,0.0,0.0,0.0
19.28183861788476,-23.945268460283714,19.999999999999996,0.0,0.0,0.0
19.293639342643502,-23.946256176545266,19.999999999999996,0.0,0.0,0.0
19.30543724679172,-23.947248268102157,20.0,0.0,0.0,0.0
19.317232329189405,-23.948244739320334,20.000000000000004,0.0,0.0,0.0
19.32902458869788,-23.949245594566403,20.0,0.0,0.0,0.0
19.340814024179807,-23.950250838207545,19.999999999999993,0.0,0.0,0.0
19.352600634499158,-23.951260474611587,20.0,0.0,0.0,0.0
19.364384418521265,-23.95227450814699,20.0,0.0,0.0,0.0
19.376165375112755,-23.9532929431828,20.0,0.0,0.0,0.0
19.38794350314162,-23.954315784088713,20.0,0.0,0.0,0.0
19.39971880147716,-23.95534303523505,19.999999999999996,0.0,0.0,0.0
19.41149126898999,-23.956374700992715,19.999999999999996,0.0,0.0,0.0
19.42326090455209,-23.95741078573328,19.999999999999993,0.0,0.0,0.0
19.435027707036728,-23.9584512938289,20.0,0.0,0.0,0.0
19.446791675318515,-23.95949622965236,20.0,0.0,0.0,0.0
19.458552808273396,-23.960545597577067,19.999999999999996,0.0,0.0,0.0
19.47031110477862,-23.961599401977047,19.999999999999996,0.0,0.0,0.0
19.482066563712767,-23.96265764722692,20.0,0.0,0.0,0.0
19.493819183955747,-23.963720337701965,20.0,0.0,0.0,0.0
19.50556896438879,-23.96478747777804,19.999999999999996,0.0,0.0,0.0
19.517315903894442,-23.96585907183164,20.0,0.0,0.0,0.0
19.529060001356573,-23.96693512423986,20.0,0.0,0.0,0.0
19.540801255660373,-23.96801563938043,19.999999999999996,0.0,0.0,0.0
19.55253966569235,-23.969100621631675,19.999999999999996,0.0,0.0,0.0
19.56427523034034,-23.970190075372546,20.0,0.0,0.0,0.0
19.576007948493483,-23.971284004982618,19.999999999999993,0.0,0.0,0.0
19.587737819042246,-23.972382414842034,19.999999999999996,0.0,0.0,0.0
19.59946484087841,-23.973485309331625,19.999999999999993,0.0,0.0,0.0
19.61118901289508,-23.974592692832758,19.999999999999996,0.0,0.0,0.0
19.62291033398666,-23.97570456972748,19.999999999999996,0.0,0.0,0.0
19.634628803048884,-23.976820944398384,19.999999999999996,0.0,0.0,0.0
19.646344418978796,-23.977941821228722,19.999999999999996,0.0,0.0,0.0
19.658057180674746,-23.979067204602345,20.0,0.0,0.0,0.0
19.66976708703641,-23.98019709890372,19.999999999999993,0.0,0.0,0.0
19.681474136964763,-23.98133150851789,20.0,0.0,0.0,0.0
19.6931783293621,-23.982470437830564,19.999999999999993,0.0,0.0,0.0
19.70487966313203,-23.983613891228014,19.999999999999996,0.0,0.0,0.0
19.716578137179457,-23.98476187309714,19.999999999999996,0.0,0.0,0.0
19.728273750410615,-23.98591438782545,19.999999999999993,0.0,0.0,0.0
19.73996650173303,-23.987071439801056,19.999999999999993,0.0,0.0,0.0
19.751656390055544,-23.98823303341268,19.999999999999993,0.0,0.0,0.0
19.763343414288286,-23.98939917304964,20.0,0.0,0.0,0.0
19.775027573342737,-23.990569863101904,19.999999999999993,0.0,0.0,0.0
19.78670886613164,-23.991745107959982,19.999999999999993,0.0,0.0,0.0
19.798387291569068,-23.99292491201504,19.999999999999993,0.0,0.0,0.0
19.81006284857039,-23.994109279658826,19.999999999999993,0.0,0.0,0.0
19.821735536052266,-23.995298215283686,19.99999999999999,0.0,0.0,0.0
19.83340535293268,-23.9964917232826,20.0,0.0,0.0,0.0
19.845072298130923,-23.997689808049138,19.999999999999993,0.0,0.0,0.0
19.85673637056756,-23.99889247397746,19.999999999999993,0.0,0.0,0.0
19.868397569164475,-24.00009972546235,19.99999999999999,0.0,0.0,0.0
19.880055892844855,-24.001311566899172,19.999999999999996,0.0,0.0,0.0
19.891711340533174,-24.002528002683917,19.999999999999993,0.0,0.0,0.0
19.90336391115522,-24.00374903721318,19.999999999999993,0.0,0.0,0.0
19.91501360363806,-24.00497467488412,19.99999999999999,0.0,0.0,0.0
19.926660416910075,-24.00620492009453,19.999999999999996,0.0,0.0,0.0
19.938304349900942,-24.007439777242805,19.999999999999996,0.0,0.0,0.0
19.94994540154163,-24.00867925072793,19.999999999999993,0.0,0.0,0.0
19.961583570764397,-24.009923344949488,19.999999999999993,0.0,0.0,0.0
19.973218856502797,-24.011172064307658,19.999999999999993,0.0,0.0,0.0
19.984851257691687,-24.012425413203243,19.999999999999993,0.0,0.0,0.0
19.996480773267216,-24.013683396037614,19.999999999999993,0.0,0.0,0.0
20.008107402166814,-24.014946017212754,20.0,0.0,0.0,0.0
20.019731143329217,-24.01621328113124,19.999999999999993,0.0,0.0,0.0
20.031351995694443,-24.01748519219627,19.999999999999993,0.0,0.0,0.0
20.0429699582038,-24.01876175481159,19.999999999999993,0.0,0.0,0.0
20.054585029799888,-24.0200429733816,19.999999999999993,0.0,0.0,0.0
20.066197209426594,-24.021328852311235,19.999999999999993,0.0,0.0,0.0
20.07780649602909,-24.022619396006082,19.999999999999993,0.0,0.0,0.0
20.089412888553852,-24.02391460887229,19.999999999999996,0.0,0.0,0.0
20.101016385948625,-24.025214495316614,20.0,0.0,0.0,0.0
20.112616987162443,-24.0265190597464,19.999999999999993,0.0,0.0,0.0
20.12421469114563,-24.02782830656959,19.999999999999993,0.0,0.0,0.0
20.135809496849788,-24.02914224019472,19.999999999999996,0.0,0.0,0.0
20.147401403227807,-24.03046086503091,20.0,0.0,0.0,0.0
20.158990409233862,-24.031784185487897,20.0,0.0,0.0,0.0
20.170576513823402,-24.03311220597598,19.999999999999993,0.0,0.0,0.0
20.182159715953162,-24.03444493090606,19.999999999999996,0.0,0.0,0.0
20.193740014581163,-24.03578236468964,19.999999999999996,0.0,0.0,0.0
20.2053174086667,-24.03712451173882,19.999999999999993,0.0,0.0,0.0
20.216891897170342,-24.038471376466244,19.999999999999993,0.0,0.0,0.0
20.22846347905395,-24.039822963285214,19.999999999999993,0.0,0.0,0.0
20.240032153280644,-24.04117927660956,19.999999999999996,0.0,0.0,0.0
20.251597918814845,-24.042540320853746,19.999999999999993,0.0,0.0,0.0
20.263160774622225,-24.043906100432793,19.999999999999993,0.0,0.0,0.0
20.27472071966975,-24.04527661976233,19.999999999999993,0.0,0.0,0.0
20.286277752925653,-24.046651883258576,19.999999999999993,0.0,0.0,0.0
20.297831873359435,-24.048031895338315,19.999999999999996,0.0,0.0,0.0
20.309383079941885,-24.049416660418945,19.999999999999993,0.0,0.0,0.0
20.32093137164505,-24.050806182918432,19.999999999999996,0.0,0.0,0.0
20.33247674744226,-24.052200467255325,19.999999999999993,0.0,0.0,0.0
20.344019206308097,-24.05359951784878,19.999999999999986,0.0,0.0,0.0
20.35555874721844,-24.05500333911852,19.999999999999993,0.0,0.0,0.0
20.367095369150416,-24.056411935484867,19.999999999999993,0.0,0.0,0.0
20.37862907108243,-24.057825311368713,19.99999999999999,0.0,0.0,0.0
20.390159851994156,-24.059243471191536,19.999999999999993,0.0,0.0,0.0
20.401687710866515,-24.060666419375405,19.999999999999993,0.0,0.0,0.0
20.41321264668173,-24.062094160342973,19.999999999999996,0.0,0.0,0.0
20.42473465842326,-24.063526698517467,19.999999999999996,0.0,0.0,0.0
20.43625374507585,-24.0649640383227,19.999999999999993,0.0,0.0,0.0
20.447769905625478,-24.06640618418307,19.999999999999993,0.0,0.0,0.0
20.459283139059412,-24.067853140523543,19.999999999999993,0.0,0.0,0.0
20.47079344436617,-24.069304911769688,19.999999999999996,0.0,0.0,0.0
20.48230082053555,-24.070761502347633,19.999999999999996,0.0,0.0,0.0
20.493805266558574,-24.07222291668411,19.999999999999996,0.0,0.0,0.0
20.505306781427578,-24.07368915920641,19.999999999999996,0.0,0.0,0.0
20.51680536413609,-24.075160234342402,19.999999999999993,0.0,0.0,0.0
20.528301013678956,-24.076636146520546,19.999999999999993,0.0,0.0,0.0
20.539793729052242,-24.078116900169878,19.999999999999993,0.0,0.0,0.0
20.551283509253288,-24.07960249972,19.999999999999993,0.0,0.0,0.0
20.562770353280687,-24.081092949601107,19.999999999999996,0.0,0.0,0.0
20.574254260134285,-24.082588254243973,19.999999999999993,0.0,0.0,0.0
20.585735228815185,-24.084088418079922,19.99999999999999,0.0,0.0,0.0
20.59721325832573,-24.085593445540876,19.99999999999999,0.0,0.0,0.0
20.608688347669545,-24.087103341059336,19.999999999999986,0.0,0.0,0.0
20.620160495851483,-24.08861810906837,19.999999999999986,0.0,0.0,0.0
20.631629701877646,-24.090137754001614,19.999999999999986,0.0,0.0,0.0
20.643095964755396,-24.09166228029329,19.99999999999999,0.0,0.0,0.0
20.654559283493356,-24.09319169237818,19.99999999999999,0.0,0.0,0.0
20.666019657101376,-24.094725994691657,19.99999999999999,0.0,0.0,0.0
20.677477084590564,-24.096265191669666,19.999999999999986,0.0,0.0,0.0
20.688931564973267,-24.097809287748706,19.99999999999999,0.0,0.0,0.0
20.70038309726309,-24.099358287365856,19.999999999999993,0.0,0.0,0.0
20.711831680474884,-24.10091219495877,19.999999999999986,0.0,0.0,0.0
20.723277313624727,-24.102471014965676,19.99999999999999,0.0,0.0,0.0
20.73471999572997,-24.10403475182537,19.999999999999993,0.0,0.0,0.0
20.746159725809182,-24.10560340997723,19.99999999999999,0.0,0.0,0.0
20.75759650288217,-24.107176993861167,19.999999999999993,0.0,0.0,0.0
20.769030325970004,-24.10875550791769,19.999999999999993,0.0,0.0,0.0
20.78046119409499,-24.11033895658788,19.999999999999993,0.0,0.0,0.0
20.791889106280667,-24.111927344313386,19.99999999999999,0.0,0.0,0.0
20.80331406155181,-24.113520675536403,19.999999999999986,0.0,0.0,0.0
20.814736058934432,-24.115118954699717,19.99999999999999,0.0,0.0,0.0
20.8261550974558,-24.11672218624667,19.99999999999999,0.0,0.0,0.0
20.837571176144397,-24.11833037462117,19.99999999999999,0.0,0.0,0.0
20.84898429402995,-24.119943524267704,19.99999999999999,0.0,0.0,0.0
20.860394450143417,-24.121561639631295,19.999999999999993,0.0,0.0,0.0
20.871801643517006,-24.123184725157586,19.99999999999999,0.0,0.0,0.0
20.883205873184128,-24.124812785292704,19.999999999999993,0.0,0.0,0.0
20.894607138179463,-24.126445824483422,19.99999999999999,0.0,0.0,0.0
20.906005437538887,-24.128083847177038,19.999999999999993,0.0,0.0,0.0
20.917400770299533,-24.12972685782141,19.999999999999986,0.0,0.0,0.0
20.928793135499742,-24.131374860864963,19.999999999999986,0.0,0.0,0.0
20.940182532179104,-24.133027860756695,19.999999999999993,0.0,0.0,0.0
20.951568959378417,-24.134685861946146,19.999999999999993,0.0,0.0,0.0
20.96295241613974,-24.13634886888345,19.999999999999993,0.0,0.0,0.0
20.974332901506305,-24.13801688601928,19.999999999999993,0.0,0.0,0.0
20.98571041452261,-24.139689917804855,19.999999999999993,0.0,0.0,0.0
20.997084954234385,-24.141367968691984,19.999999999999996,0.0,0.0,0.0
21.008456519688554,-24.143051043133028,19.999999999999993,0.0,0.0,0.0
21.019825109933272,-24.144739145580903,19.99999999999999,0.0,0.0,0.0
21.031190724017915,-24.14643228048908,19.99999999999999,0.0,0.0,0.0
21.042553360993097,-24.148130452311594,19.999999999999993,0.0,0.0,0.0
21.053913019910638,-24.149833665503042,19.999999999999993,0.0,0.0,0.0
21.065269699823567,-24.15154192451856,19.999999999999993,0.0,0.0,0.0
21.076623399786165,-24.153255233813873,19.999999999999993,0.0,0.0,0.0
21.087974118853896,-24.15497359784523,19.999999999999993,0.0,0.0,0.0
21.09932185608346,-24.15669702106947,19.999999999999986,0.0,0.0,0.0
21.110666610532764,-24.15842550794395,19.999999999999993,0.0,0.0,0.0
21.12200838126093,-24.160159062926613,19.999999999999993,0.0,0.0,0.0
21.133347167328306,-24.161897690475936,19.999999999999993,0.0,0.0,0.0
21.14468296779644,-24.16364139505097,19.999999999999993,0.0,0.0,0.0
21.15601578172811,-24.1653901811113,19.99999999999999,0.0,0.0,0.0
21.16734560818733,-24.167144053117106,19.999999999999993,0.0,0.0,0.0
21.17867244623919,-24.168903015529047,19.999999999999993,0.0,0.0,0.0
21.189996294950138,-24.17066707280839,19.999999999999993,0.0,0.0,0.0
21.201317153387784,-24.17243622941694,19.99999999999999,0.0,0.0,0.0
21.212635020620937,-24.174210489817064,19.999999999999993,0.0,0.0,0.0
21.223949895719624,-24.175989858471674,19.999999999999986,0.0,0.0,0.0
21.23526177775507,-24.17777433984422,19.999999999999993,0.0,0.0,0.0
21.246570665799716,-24.17956393839872,19.99999999999999,0.0,0.0,0.0
21.257876558927187,-24.181358658599727,19.999999999999993,0.0,0.0,0.0
21.269179456212328,-24.183158504912353,19.999999999999993,0.0,0.0,0.0
21.280479356731195,-24.184963481802267,19.999999999999993,0.0,0.0,0.0
21.291776259561026,-24.186773593735662,19.999999999999993,0.0,0.0,0.0
21.303070163780273,-24.188588845179318,19.999999999999993,0.0,0.0,0.0
21.31436106846857,-24.19040924060052,19.99999999999999,0.0,0.0,0.0
21.325648972706777,-24.192234784467114,19.999999999999986,0.0,0.0,0.0
21.33693387557692,-24.19406548124751,19.999999999999986,0.0,0.0,0.0
21.348215776162267,-24.19590133541064,19.99999999999999,0.0,0.0,0.0
21.359494673547236,-24.197742351426,19.99999999999999,0.0,0.0,0.0
21.370770566817466,-24.19958853376363,19.999999999999993,0.0,0.0,0.0
21.382043455059794,-24.201439886894114,19.999999999999986,0.0,0.0,0.0
21.393313337362226,-24.203296415288555,20.0,0.0,0.0,0.0
21.40458021281399,-24.205158123418638,19.999999999999986,0.0,0.0,0.0
21.415844080505487,-24.20702501575657,19.99999999999999,0.0,0.0,0.0
21.427104939528306,-24.208897096775114,19.999999999999986,0.0,0.0,0.0
21.438362788975244,-24.210774370947547,19.99999999999999,0.0,0.0,0.0
21.449617627940274,-24.212656842747727,19.99999999999999,0.0,0.0,0.0
21.460869455518562,-24.214544516650022,19.999999999999993,0.0,0.0,0.0
21.472118270806458,-24.21643739712937,19.999999999999986,0.0,0.0,0.0
21.48336407290151,-24.21833548866122,19.999999999999993,0.0,0.0,0.0
21.49460686090242,-24.22023879572159,19.99999999999999,0.0,0.0,0.0
21.505846633909105,-24.222147322787,19.99999999999999,0.0,0.0,0.0
21.51708339102267,-24.224061074334553,19.99999999999999,0.0,0.0,0.0
21.52831713134538,-24.225980054841866,19.999999999999993,0.0,0.0,0.0
21.539547853980675,-24.2279042687871,19.999999999999986,0.0,0.0,0.0
21.550775558033216,-24.229833720648948,19.999999999999986,0.0,0.0,0.0
21.562000242608796,-24.231768414906636,19.99999999999999,0.0,0.0,0.0
21.573221906814425,-24.233708356039962,19.999999999999993,0.0,0.0,0.0
21.58444054975828,-24.235653548529225,19.99999999999999,0.0,0.0,0.0
21.59565617054969,-24.23760399685526,19.999999999999993,0.0,0.0,0.0
21.606868768299204,-24.239559705499442,19.999999999999986,0.0,0.0,0.0
21.618078342118512,-24.241520678943715,19.99999999999999,0.0,0.0,0.0
21.62928489112047,-24.243486921670506,19.99999999999999,0.0,0.0,0.0
21.640488414419163,-24.245458438162814,19.99999999999999,0.0,0.0,0.0
21.651688911129792,-24.247435232904152,19.999999999999986,0.0,0.0,0.0
21.662886380368743,-24.249417310378576,19.999999999999986,0.0,0.0,0.0
21.674080821253575,-24.25140467507065,19.99999999999999,0.0,0.0,0.0
21.68527223290304,-24.25339733146552,19.999999999999986,0.0,0.0,0.0
21.696460614437022,-24.255395284048838,19.999999999999986,0.0,0.0,0.0
21.707645964976592,-24.257398537306745,19.999999999999982,0.0,0.0,0.0
21.71882828364398,-24.25940709572599,19.999999999999986,0.0,0.0,0.0
