galstreams/tracks/track.ACS.grillmair2006.ecsv
# %ECSV 0.9
# ---
# datatype:
# - {name: sc.ra, unit: deg, datatype: float64}
# - {name: sc.dec, unit: deg, datatype: float64}
# - {name: sc.distance, unit: kpc, datatype: float64}
# - {name: width, datatype: float64}
# meta: !!omap
# - __serialized_columns__:
#     sc:
#       __class__: astropy.coordinates.sky_coordinate.SkyCoord
#       dec: !astropy.table.SerializedColumn
#         __class__: astropy.coordinates.angles.Latitude
#         unit: &id001 !astropy.units.Unit {unit: deg}
#         value: !astropy.table.SerializedColumn {name: sc.dec}
#       distance: !astropy.table.SerializedColumn
#         __class__: astropy.coordinates.distances.Distance
#         unit: !astropy.units.Unit {unit: kpc}
#         value: !astropy.table.SerializedColumn {name: sc.distance}
#       frame: icrs
#       ra: !astropy.table.SerializedColumn
#         __class__: astropy.coordinates.angles.Longitude
#         unit: *id001
#         value: !astropy.table.SerializedColumn {name: sc.ra}
#         wrap_angle: !astropy.coordinates.Angle
#           unit: *id001
#           value: 360.0
#       representation_type: spherical
# schema: astropy-2.0
sc.ra sc.dec sc.distance width
[from data line 6025]
132.5230217169211 59.3593328429459 8.9 5.0
132.52543279757091 59.36925707899305 8.9 5.0
132.52784528923198 59.37918127053229 8.9 5.0
132.53025919328186 59.38910541752006 8.9 5.0
132.53267451109986 59.399029519912546 8.9 5.0
132.53509124406705 59.40895357766602 8.9 5.0
132.5375093935662 59.41887759073668 8.9 5.0
132.53992896098205 59.42880155908061 8.9 5.0
132.54234994770087 59.43872548265392 8.9 5.0
132.54477235511092 59.44864936141259 8.9 5.0
132.5471961846021 59.45857319531258 8.9 5.0
132.54962143756615 59.46849698430979 8.9 5.0
132.55204811539662 59.47842072836008 8.9 5.0
132.5544762194888 59.48834442741915 8.9 5.0
132.55690575123978 59.498268081442816 8.9 5.0
132.55933671204858 59.50819169038673 8.9 5.0
132.56176910331578 59.51811525420643 8.9 5.0
132.564202926444 59.528038772857535 8.9 5.0
132.56663818283747 59.53796224629553 8.9 5.0
132.5690748739023 59.54788567447587 8.9 5.0
132.57151300104653 59.55780905735386 8.9 5.0
132.57395256567986 59.56773239488489 8.9 5.0
132.57639356921382 59.57765568702423 8.9 5.0
132.57883601306182 59.587578933727016 8.9 5.0
132.58127989863908 59.597502134948456 8.9 5.0
132.5837252273627 59.60742529064365 8.9 5.0
132.58617200065143 59.61734840076754 8.9 5.0
132.588620219926 59.62727146527518 8.9 5.0
132.59106988660903 59.637194484121494 8.9 5.0
132.59352100212482 59.64711745726127 8.9 5.0
132.59597356789956 59.6570403846493 8.9 5.0
132.59842758536132 59.66696326624043 8.9 5.0
132.60088305594002 59.67688610198925 8.9 5.0
132.60333998106748 59.68680889185034 8.9 5.0
132.60579836217715 59.69673163577839 8.9 5.0
132.6082582007046 59.706654333727805 8.9 5.0
132.61071949808712 59.71657698565303 8.9 5.0
132.61318225576392 59.7264995915085 8.9 5.0
132.615646475176 59.73642215124849 8.9 5.0
132.61811215776626 59.746344664827284 8.9 5.0
132.62057930497954 59.75626713219908 8.9 5.0
132.62304791826253 59.76618955331802 8.9 5.0
132.62551799906362 59.77611192813819 8.9 5.0
132.62798954883334 59.78603425661361 8.9 5.0
132.630462569024 59.79595653869829 8.9 5.0
132.63293706108965 59.80587877434609 8.9 5.0
132.6354130264865 59.815800963510824 8.9 5.0
132.63789046667253 59.825723106146356 8.9 5.0
132.64036938310747 59.835645202206344 8.9 5.0
132.64284977725316 59.845567251644475 8.9 5.0
132.6453316505732 59.85548925441435 8.9 5.0
132.6478150045333 59.8654112104695 8.9 5.0
132.65029984060075 59.875333119763425 8.9 5.0
132.65278616024503 59.885254982249535 8.9 5.0
132.6552739649374 59.89517679788117 8.9 5.0
132.6577632561511 59.90509856661166 8.9 5.0
132.66025403536125 59.91502028839425 8.9 5.0
132.66274630404487 59.924941963182036 8.9 5.0
132.66524006368098 59.934863590928224 8.9 5.0
132.66773531575052 59.944785171585835 8.9 5.0
132.67023206173627 59.95470670510781 8.9 5.0
132.672730303123 59.964628191447154 8.9 5.0
132.6752300413975 59.9745496305567 8.9 5.0
132.67773127804833 59.984471022389265 8.9 5.0
132.68023401456617 59.99439236689752 8.9 5.0
132.68273825244356 60.00431366403427 8.9 5.0
132.68524399317494 60.01423491375204 8.9 5.0
132.68775123825685 60.02415611600339 8.9 5.0
132.6902599891877 60.034077270740866 8.9 5.0
132.69277024746785 60.04399837791689 8.9 5.0
132.69528201459957 60.05391943748376 8.9 5.0
132.69779529208728 60.06384044939385 8.9 5.0
132.70031008143715 60.07376141359942 8.9 5.0
132.70282638415753 60.083682330052575 8.9 5.0
132.70534420175858 60.09360319870547 8.9 5.0
132.70786353575255 60.10352401951019 8.9 5.0
132.71038438765362 60.11344479241866 8.9 5.0
132.71290675897794 60.12336551738284 8.9 5.0
132.7154306512437 60.133286194354625 8.9 5.0
132.71795606597115 60.14320682328576 8.9 5.0
132.72048300468225 60.15312740412799 8.9 5.0
132.72301146890132 60.16304793683305 8.9 5.0
132.72554146015446 60.17296842135247 8.9 5.0
132.7280729799699 60.18288885763782 8.9 5.0
132.73060602987775 60.192809245640596 8.9 5.0
132.7331406114102 60.2027295853122 8.9 5.0
132.7356767261015 60.21264987660397 8.9 5.0
132.73821437548784 60.22257011946722 8.9 5.0
132.74075356110748 60.232490313853155 8.9 5.0
132.74329428450073 60.24241045971295 8.9 5.0
132.74583654720985 60.25233055699771 8.9 5.0
132.7483803507792 60.26225060565838 8.9 5.0
132.75092569675508 60.272170605646025 8.9 5.0
132.753472586686 60.2820905569115 8.9 5.0
132.75602102212244 60.29201045940562 8.9 5.0
132.7585710046168 60.30193031307918 8.9 5.0
132.7611225357237 60.311850117882884 8.9 5.0
132.76367561699968 60.32176987376736 8.9 5.0
132.76623025000347 60.33168958068318 8.9 5.0
132.76878643629578 60.34160923858084 8.9 5.0
132.77134417743935 60.35152884741082 8.9 5.0
132.7739034749991 60.361448407123405 8.9 5.0
132.7764643305419 60.37136791766898 8.9 5.0
132.77902674563677 60.38128737899779 8.9 5.0
132.78159072185468 60.39120679105996 8.9 5.0
132.78415626076895 60.40112615380563 8.9 5.0
132.78672336395474 60.41104546718485 8.9 5.0
132.78929203298932 60.42096473114755 8.9 5.0
132.79186226945217 60.4308839456437 8.9 5.0
132.79443407492477 60.44080311062313 8.9 5.0
132.7970074509907 60.45072222603558 8.9 5.0
132.79958239923576 60.46064129183073 8.9 5.0
132.8021589212476 60.470560307958344 8.9 5.0
132.8047370186163 60.48047927436788 8.9 5.0
132.80731669293377 60.49039819100887 8.9 5.0
132.80989794579426 60.5003170578308 8.9 5.0
132.81248077879388 60.51023587478299 8.9 5.0
132.81506519353118 60.52015464181476 8.9 5.0
132.81765119160656 60.53007335887533 8.9 5.0
132.82023877462274 60.53999202591392 8.9 5.0
132.8228279441844 60.54991064287956 8.9 5.0
132.8254187018985 60.55982920972131 8.9 5.0
132.82801104937406 60.56974772638819 8.9 5.0
132.83060498822235 60.57966619282899 8.9 5.0
132.83320052005658 60.58958460899257 8.9 5.0
132.83579764649232 60.59950297482777 8.9 5.0
132.83839636914715 60.609421290283194 8.9 5.0
132.84099668964092 60.61933955530747 8.9 5.0
132.8435986095956 60.62925776984916 8.9 5.0
132.84620213063525 60.63917593385674 8.9 5.0
132.84880725438623 60.64909404727864 8.9 5.0
132.85141398247697 60.65901211006317 8.9 5.0
132.85402231653808 60.66893012215866 8.9 5.0
132.85663225820244 60.67884808351325 8.9 5.0
132.85924380910498 60.68876599407514 8.9 5.0
132.86185697088294 60.69868385379232 8.9 5.0
132.86447174517568 60.708601662612836 8.9 5.0
132.86708813362475 60.71851942048462 8.9 5.0
132.86970613787392 60.72843712735547 8.9 5.0
132.8723257595692 60.738354783173214 8.9 5.0
132.87494700035873 60.7482723878856 8.9 5.0
132.87756986189294 60.758189941440165 8.9 5.0
132.8801943458243 60.76810744378458 8.9 5.0
132.8828204538077 60.77802489486632 8.9 5.0
132.8854481875002 60.787942294632835 8.9 5.0
132.88807754856103 60.79785964303138 8.9 5.0
132.89070853865158 60.807776940009376 8.9 5.0
132.89334115943575 60.81769418551401 8.9 5.0
132.89597541257925 60.82761137949236 8.9 5.0
132.8986112997504 60.83752852189157 8.9 5.0
132.90124882261966 60.84744561265864 8.9 5.0
132.90388798285954 60.857362651740445 8.9 5.0
132.9065287821451 60.86727963908388 8.9 5.0
132.90917122215347 60.877196574635775 8.9 5.0
132.91181530456407 60.88711345834279 8.9 5.0
132.91446103105855 60.89703029015155 8.9 5.0
132.9171084033209 60.90694707000872 8.9 5.0
132.91975742303734 60.91686379786071 8.9 5.0
132.92240809189636 60.92678047365394 8.9 5.0
132.92506041158873 60.936697097334864 8.9 5.0
132.9277143838075 60.94661366884967 8.9 5.0
132.93037001024797 60.95653018814457 8.9 5.0
132.93302729260782 60.96644665516577 8.9 5.0
132.9356862325869 60.97636306985925 8.9 5.0
132.9383468318874 60.98627943217105 8.9 5.0
132.9410090922139 60.99619574204706 8.9 5.0
132.94367301527316 61.006111999433124 8.9 5.0
132.94633860277432 61.01602820427502 8.9 5.0
132.9490058564287 61.02594435651842 8.9 5.0
132.95167477795022 61.035860456109006 8.9 5.0
132.9543453690548 61.04577650299224 8.9 5.0
132.95701763146084 61.05569249711363 8.9 5.0
132.9596915668891 61.06560843841859 8.9 5.0
132.96236717706248 61.075524326852424 8.9 5.0
132.9650444637065 61.0854401623604 8.9 5.0
132.9677234285488 61.09535594488765 8.9 5.0
132.97040407331943 61.10527167437931 8.9 5.0
132.9730863997508 61.1151873507804 8.9 5.0
132.97577040957768 61.125102974035876 8.9 5.0
132.97845610453703 61.13501854409056 8.9 5.0
132.98114348636844 61.1449340608893 8.9 5.0
132.98383255681375 61.15484952437683 8.9 5.0
132.98652331761704 61.16476493449772 8.9 5.0
132.9892157705249 61.174680291196644 8.9 5.0
132.99190991728628 61.18459559441806 8.9 5.0
132.99460575965247 61.19451084410633 8.9 5.0
132.99730329937717 61.20442604020587 8.9 5.0
133.00000253821642 61.214341182660945 8.9 5.0
133.0027034779287 61.224256271415705 8.9 5.0
133.00540612027484 61.234171306414254 8.9 5.0
133.00811046701816 61.24408628760071 8.9 5.0
133.01081651992428 61.254001214918944 8.9 5.0
133.01352428076115 61.263916088312875 8.9 5.0
133.0162337512995 61.273830907726335 8.9 5.0
133.01894493331196 61.283745673103056 8.9 5.0
133.02165782857398 61.29366038438662 8.9 5.0
133.02437243886322 61.30357504152068 8.9 5.0
133.0270887659599 61.31348964444873 8.9 5.0
133.02980681164652 61.32340419311414 8.9 5.0
133.03252657770818 61.333318687460256 8.9 5.0
133.0352480659323 61.34323312743041 8.9 5.0
133.03797127810878 61.35314751296772 8.9 5.0
133.04069621603 61.363061844015284 8.9 5.0
133.0434228814907 61.37297612051624 8.9 5.0
133.0461512762882 61.382890342413425 8.9 5.0
133.0488814022222 61.39280450964973 8.9 5.0
133.0516132610949 61.402718622168024 8.9 5.0
133.0543468547109 61.412632679910935 8.9 5.0
133.05708218487737 61.422546682821135 8.9 5.0
133.05981925340384 61.43246063084119 8.9 5.0
133.06255806210245 61.442374523913564 8.9 5.0
133.06529861278779 61.452288361980656 8.9 5.0
133.06804090727687 61.46220214498479 8.9 5.0
133.0707849473892 61.47211587286818 8.9 5.0
133.0735307349469 61.48202954557303 8.9 5.0
133.0762782717745 61.491943163041405 8.9 5.0
133.07902755969903 61.501856725215255 8.9 5.0
133.08177860055008 61.51177023203658 8.9 5.0
133.08453139615972 61.52168368344716 8.9 5.0
133.08728594836262 61.531597079388746 8.9 5.0
133.09004225899574 61.54151041980308 8.9 5.0
133.0928003298989 61.5514237046317 8.9 5.0
133.09556016291418 61.56133693381617 8.9 5.0
133.09832175988637 61.57125010729785 8.9 5.0
133.10108512266274 61.58116322501814 8.9 5.0
133.103850253093 61.59107628691835 8.9 5.0
133.10661715302956 61.60098929293958 8.9 5.0
133.10938582432735 61.61090224302301 8.9 5.0
133.1121562688439 61.620815137109666 8.9 5.0
133.11492848843918 61.63072797514042 8.9 5.0
133.1177024849758 61.64064075705619 8.9 5.0
133.1204782603189 61.6505534827978 8.9 5.0
133.1232558163362 61.66046615230589 8.9 5.0
133.12603515489815 61.670378765521036 8.9 5.0
133.12881627787763 61.68029132238387 8.9 5.0
133.13159918715013 61.69020382283478 8.9 5.0
133.1343838845937 61.70011626681411 8.9 5.0
133.13717037208903 61.71002865426226 8.9 5.0
133.13995865151958 61.71994098511929 8.9 5.0
133.1427487247711 61.72985325932536 8.9 5.0
133.14554059373222 61.73976547682058 8.9 5.0
133.14833426029398 61.74967763754481 8.9 5.0
133.15112972635018 61.759589741437956 8.9 5.0
133.15392699379723 61.76950178843977 8.9 5.0
133.15672606453407 61.77941377849004 8.9 5.0
133.15952694046246 61.789325711528264 8.9 5.0
133.1623296234866 61.799237587494005 8.9 5.0
133.16513411551344 61.80914940632678 8.9 5.0
133.16794041845262 61.81906116796586 8.9 5.0
133.17074853421627 61.828972872350555 8.9 5.0
133.17355846471938 61.838884519420084 8.9 5.0
133.17637021187943 61.848796109113515 8.9 5.0
133.17918377761671 61.85870764136986 8.9 5.0
133.18199916385404 61.868619116128095 8.9 5.0
133.18481637251705 61.878530533327044 8.9 5.0
133.1876354055339 61.88844189290547 8.9 5.0
133.1904562648356 61.898353194802056 8.9 5.0
133.19327895235583 61.908264438955385 8.9 5.0
133.19610347003072 61.91817562530398 8.9 5.0
133.19892981979953 61.92808675378626 8.9 5.0
133.20175800360377 61.937997824340506 8.9 5.0
133.20458802338797 61.947908836905036 8.9 5.0
133.2074198810992 61.95781979141801 8.9 5.0
133.21025357868746 61.96773068781741 8.9 5.0
133.21308911810516 61.977641526041324 8.9 5.0
133.21592650130782 61.9875523060276 8.9 5.0
133.21876573025324 61.99746302771406 8.9 5.0
133.22160680690243 62.00737369103837 8.9 5.0
133.22444973321873 62.01728429593827 8.9 5.0
133.22729451116857 62.027194842351264 8.9 5.0
133.23014114272084 62.037105330214764 8.9 5.0
133.23298962984734 62.047015759466206 8.9 5.0
133.23583997452272 62.056926130042854 8.9 5.0
133.23869217872414 62.066836441881854 8.9 5.0
133.24154624443173 62.07674669492039 8.9 5.0
133.24440217362837 62.086656889095465 8.9 5.0
133.24725996829963 62.09656702434397 8.9 5.0
133.25011963043403 62.1064771006027 8.9 5.0
133.25298116202262 62.11638711780855 8.9 5.0
133.25584456505953 62.12629707589805 8.9 5.0
133.2587098415415 62.1362069748078 8.9 5.0
133.26157699346822 62.14611681447433 8.9 5.0
133.26444602284195 62.15602659483399 8.9 5.0
133.26731693166803 62.16593631582306 8.9 5.0
133.27018972195452 62.17584597737782 8.9 5.0
133.2730643957122 62.185755579434336 8.9 5.0
133.27594095495485 62.19566512192864 8.9 5.0
133.27881940169905 62.20557460479669 8.9 5.0
133.28169973796403 62.21548402797434 8.9 5.0
133.28458196577213 62.22539339139731 8.9 5.0
133.28746608714837 62.2353026950013 8.9 5.0
133.2903521041207 62.24521193872189 8.9 5.0
133.29324001871987 62.255121122494536 8.9 5.0
133.29612983297952 62.265030246254625 8.9 5.0
133.29902154893622 62.27493930993753 8.9 5.0
133.30191516862934 62.28484831347837 8.9 5.0
133.30481069410112 62.29475725681231 8.9 5.0
133.30770812739672 62.30466613987435 8.9 5.0
133.31060747056426 62.31457496259943 8.9 5.0
133.31350872565457 62.32448372492239 8.9 5.0
133.31641189472157 62.33439242677796 8.9 5.0
133.31931697982196 62.344301068100826 8.9 5.0
133.32222398301536 62.354209648825524 8.9 5.0
133.32513290636447 62.364118168886534 8.9 5.0
133.32804375193462 62.37402662821819 8.9 5.0
133.33095652179432 62.38393502675481 8.9 5.0
133.33387121801493 62.3938433644306 8.9 5.0
133.33678784267062 62.403751641179575 8.9 5.0
133.33970639783868 62.413659856935816 8.9 5.0
133.34262688559932 62.42356801163319 8.9 5.0
133.34554930803557 62.4334761052055 8.9 5.0
133.34847366723355 62.443384137586435 8.9 5.0
133.35139996528233 62.45329210870969 8.9 5.0
133.35432820427386 62.46320001850871 8.9 5.0
133.3572583863031 62.47310786691693 8.9 5.0
133.3601905134681 62.48301565386776 8.9 5.0
133.3631245878697 62.49292337929436 8.9 5.0
133.36606061161183 62.50283104312989 8.9 5.0
133.36899858680144 62.51273864530742 8.9 5.0
133.37193851554846 62.522646185759925 8.9 5.0
133.37488039996575 62.5325536644202 8.9 5.0
133.37782424216928 62.542461081220985 8.9 5.0
133.38077004427805 62.55236843609502 8.9 5.0
133.38371780841385 62.56227572897484 8.9 5.0
133.38666753670182 62.57218295979287 8.9 5.0
133.38961923127 62.58209012848155 8.9 5.0
133.39257289424935 62.5919972349731 8.9 5.0
133.3955285277739 62.60190427919971 8.9 5.0
133.39848613398098 62.61181126109351 8.9 5.0
133.4014457150107 62.62171818058639 8.9 5.0
133.40440727300623 62.63162503761031 8.9 5.0
133.40737081011406 62.641531832097 8.9 5.0
133.4103363284834 62.6514385639782 8.9 5.0
133.4133038302668 62.661345233185465 8.9 5.0
133.41627331761978 62.67125183965028 8.9 5.0
133.41924479270094 62.68115838330406 8.9 5.0
133.42221825767206 62.69106486407807 8.9 5.0
133.4251937146979 62.700971281903556 8.9 5.0
133.42817116594637 62.710877636711515 8.9 5.0
133.4311506135885 62.720783928433015 8.9 5.0
133.43413205979846 62.73069015699897 8.9 5.0
133.43711550675337 62.74059632234009 8.9 5.0
133.44010095663373 62.75050242438715 8.9 5.0
133.44308841162297 62.76040846307072 8.9 5.0
133.44607787390777 62.77031443832127 8.9 5.0
133.44906934567788 62.78022035006923 8.9 5.0
133.45206282912625 62.79012619824486 8.9 5.0
133.4550583264489 62.800031982778414 8.9 5.0
133.45805583984514 62.809937703599864 8.9 5.0
133.4610553715173 62.819843360639304 8.9 5.0
133.46405692367097 62.82974895382661 8.9 5.0
133.46706049851485 62.8396544830915 8.9 5.0
133.47006609826096 62.84955994836372 8.9 5.0
133.47307372512432 62.85946534957286 8.9 5.0
133.47608338132315 62.86937068664836 8.9 5.0
