galstreams/tracks/track.st.C-13.ibata2024.ecsv
# %ECSV 1.0
# ---
# datatype:
# - {name: ra, unit: deg, datatype: float64}
# - {name: dec, unit: deg, datatype: float64}
# - {name: distance, unit: kpc, datatype: float64}
# - {name: pm_ra_cosdec, unit: mas / yr, datatype: float64}
# - {name: pm_dec, unit: mas / yr, datatype: float64}
# - {name: radial_velocity, unit: km / s, datatype: float64}
# delimiter: ','
# meta: !!omap
# - __serialized_columns__:
#     dec:
#       __class__: astropy.coordinates.angles.Latitude
#       unit: &id001 !astropy.units.Unit {unit: deg}
#       value: !astropy.table.SerializedColumn {name: dec}
#     distance:
#       __class__: astropy.coordinates.distances.Distance
#       unit: !astropy.units.Unit {unit: kpc}
#       value: !astropy.table.SerializedColumn {name: distance}
#     pm_dec:
#       __class__: astropy.units.quantity.Quantity
#       unit: !astropy.units.Unit {unit: mas / yr}
#       value: !astropy.table.SerializedColumn {name: pm_dec}
#     pm_ra_cosdec:
#       __class__: astropy.units.quantity.Quantity
#       unit: !astropy.units.Unit {unit: mas / yr}
#       value: !astropy.table.SerializedColumn {name: pm_ra_cosdec}
#     ra:
#       __class__: astropy.coordinates.angles.Longitude
#       unit: *id001
#       value: !astropy.table.SerializedColumn {name: ra}
#       wrap_angle: !astropy.coordinates.Angle
#         unit: *id001
#         value: 360.0
#     radial_velocity:
#       __class__: astropy.units.quantity.Quantity
#       unit: !astropy.units.Unit {unit: km / s}
#       value: !astropy.table.SerializedColumn {name: radial_velocity}
# schema: astropy-2.0
ra,dec,distance,pm_ra_cosdec,pm_dec,radial_velocity
[from data line 867]
33.90843004836536,45.999292871858735,1.0000000000000004,3.0631810252513674,2.238182927223818,2894.9921510047807
33.9104588225045,45.98836131660584,1.0000000000000004,3.0636397485074554,2.2384191513648375,2888.970027315049
33.91248541101182,45.97742960267802,1.0000000000000002,3.0640979616602806,2.23865549193647,2882.940436541134
33.91450982630989,45.96649773115105,1.0000000000000002,3.064555666197009,2.2388919437606773,2876.9034307094066
33.916532080811194,45.95556570309994,1.0000000000000002,3.065012863603812,2.2391285016601046,2870.85906184623
33.918552186918234,45.944633519598625,1.0000000000000002,3.0654695553663487,2.239365160457794,2864.8073819779693
33.92057015702351,45.93370118172009,1.0000000000000002,3.0659257429691706,2.239601914976504,2858.748443130992
33.92258600350949,45.92276869053661,1.0000000000000004,3.06638142789609,2.239838760039788,2852.682297331665
33.92459973874872,45.91183604711927,1.0000000000000002,3.066836611629981,2.240075690470917,2846.6089966063555
33.92661137510371,45.90090325253851,1.0000000000000002,3.0672912956530354,2.240312701093444,2840.5285929814268
33.928620924927124,45.88997030786362,1.0000000000000002,3.067745481446366,2.2405497867313215,2834.4411384832483
33.93062840056156,45.879037214163155,1.0000000000000004,3.0681991704905727,2.2407869422087856,2828.346685138185
33.932633814339816,45.868103972504606,1.0000000000000002,3.0686523642649775,2.2410241623499587,2822.2452849726023
33.93463717858469,45.85717058395474,1.0000000000000002,3.0691050642484186,2.2412614419792476,2816.1369900128684
33.936638505609096,45.84623704957925,1.0000000000000004,3.069557271919024,2.2414987759216274,2810.0218522853474
33.93863780771611,45.83530337044297,1.0000000000000002,3.070008988753557,2.2417361590019027,2803.899923816407
33.940635097198886,45.82436954760994,1.0000000000000002,3.070460216228298,2.241973586045333,2797.771256632413
33.942630386340745,45.81343558214315,1.0000000000000002,3.070910955818846,2.2422110518770637,2791.6359027597337
33.94462368741514,45.80250147510486,1.0000000000000002,3.071361208999633,2.242448551322866,2785.493914224732
33.94661501268572,45.79156722755625,1.0000000000000004,3.0718109772444677,2.2426860792085677,2779.3453430537766
33.94860437440629,45.780632840557814,1.0000000000000002,3.072260262026191,2.2429236303602806,2773.1902412732334
33.95059178482085,45.769698315169016,1.0000000000000002,3.072709064817019,2.24316119960406,2767.0286609094674
33.952577256163636,45.75876365244842,1.0000000000000002,3.0731573870882585,2.2433987817665297,2760.860653988847
33.95456080065905,45.74782885345388,1.0000000000000002,3.0736052303103065,2.2436363716741425,2754.6862725377373
33.95654243052181,45.73689391924215,1.0000000000000002,3.0740525959527645,2.2438739641540906,2748.5055685825027
33.95852215795675,45.725958850869304,1.0000000000000002,3.0744994854846652,2.2441115540336227,2742.3185941495135
33.960499995159125,45.71502364939037,1.0000000000000002,3.074945900373848,2.244349136139931,2736.125401265133
33.96247595431432,45.704088315859686,1.0000000000000004,3.0753918420875834,2.2445867053005486,2729.9260419557295
33.96445004759809,45.6931528513305,1.0000000000000002,3.0758373120921476,2.2448242563436906,2723.7205682476683
33.96642228717645,45.68221725685544,1.0000000000000004,3.07628231185339,2.245061784097061,2717.5090321673156
33.96839268520573,45.67128153348608,1.0000000000000002,3.0767268428359102,2.245299283389329,2711.2914857410365
33.97036125383259,45.660345682273146,1.0000000000000002,3.077170906503767,2.245536749048597,2705.0679809952
33.97232800519406,45.64940970426665,1.0000000000000002,3.0776145043198824,2.2457741759037617,2698.838569956171
33.97429295141744,45.638473600515546,1.0000000000000002,3.0780576377470084,2.2460115587841187,2692.603304650315
33.976256104620454,45.627537372068126,1.0000000000000002,3.0785003082464186,2.2462488925187927,2686.362237103999
33.978217476911205,45.61660101997164,1.0000000000000002,3.078942517278932,2.246486171937022,2680.1154193435905
33.98017708038813,45.605664545272674,1.0000000000000002,3.079384266304629,2.246723391868784,2673.8629033954544
33.982134927140144,45.59472794901677,1.0,3.0798255567823674,2.246960547143942,2667.6047412859575
33.98409102924649,45.583791232248856,1.0000000000000002,3.080266390170891,2.247197632592588,2661.340985041466
33.986045398776916,45.57285439601278,1.0000000000000004,3.080706767927495,2.2474346430453807,2655.0716866883463
33.98799804779158,45.561917441351625,1.0000000000000002,3.081146691508991,2.2476715733329797,2648.7968982529633
33.98994898834106,45.55098036930775,1.0000000000000004,3.0815861623714227,2.2479084182861016,2642.5166717616858
33.99189823246646,45.54004318092248,1.0000000000000002,3.082025181970039,2.248145172736031,2636.231059240878
33.993845792199295,45.529105877236525,1.0000000000000002,3.0824637517590077,2.2483818315140525,2629.9401127169067
33.99579167956165,45.518168459289505,1.0000000000000002,3.0829018731921565,2.248618389451906,2623.64388421614
33.997735906566035,45.50723092812047,1.0000000000000002,3.0833395477221472,2.248854841381558,2617.342425764942
33.99967848521555,45.4962932847674,1.0000000000000004,3.083776776801102,2.2490911821349187,2611.0357893896808
34.00161942750375,45.48535553026766,1.0000000000000004,3.0842135618801194,2.249327406544694,2604.72402711672
34.003558745414786,45.47441766565763,1.0000000000000002,3.0846499044098437,2.249563509443192,2598.407190972429
34.00549645092336,45.46347969197288,1.0000000000000002,3.0850858058398956,2.249799485663516,2592.085332983171
34.007432555994704,45.45254161024829,1.0000000000000002,3.085521267619157,2.250035330038884,2585.7585051753167
34.009367072584695,45.44160342151773,1.0000000000000002,3.085956291195629,2.2502710374021717,2579.4267595752253
34.011300012639715,45.430665126814475,1.0000000000000002,3.0863908780166867,2.25050660258745,2573.090148209272
34.013231388096855,45.41972672717072,1.0000000000000002,3.0868250295290522,2.2507420204286177,2566.7487231038167
34.01516121088373,45.408788223618096,1.0000000000000002,3.087258747178339,2.2509772857596886,2560.402536285228
34.01708949291864,45.39784961718721,1.0000000000000002,3.087692032409592,2.25121239341496,2554.051639779872
34.01901624611051,45.38691090890807,1.0000000000000004,3.088124886666975,2.251447338229127,2547.696085614114
34.020941482358936,45.375972099809694,1.0000000000000002,3.08855731139397,2.2516821150372834,2541.335925814321
34.022865213554184,45.36503319092032,1.0000000000000004,3.0889893080332627,2.251916718674238,2534.9712124068596
34.024787451577176,45.35409418326753,1.0000000000000002,3.0894208780266865,2.2521511439756523,2528.601997418098
34.02670820829956,45.34315507787787,1.0000000000000004,3.0898520228154496,2.2523853857771314,2522.228332874398
34.028627495583656,45.33221587577732,1.0000000000000002,3.0902827438397935,2.2526194389145644,2515.8502708021274
34.03054532528253,45.32127657799085,1.0000000000000002,3.09071304253942,2.2528532982240677,2509.4678632276555
34.03246170923998,45.310337185542835,1.0000000000000002,3.091142920353178,2.253086958542383,2503.081162177346
34.03437665929053,45.29939769945671,1.0000000000000002,3.091572378719121,2.253320414705911,2496.6902196775654
34.03629018725948,45.28845812075508,1.0000000000000002,3.0920014190743927,2.2535536615516776,2490.2950877546805
34.0382023049629,45.27751845045995,1.0000000000000002,3.0924300428555966,2.253786693916936,2483.8958184350586
34.040113024207635,45.266578689592315,1.0000000000000002,3.0928582514983987,2.2540195066391107,2477.492463745063
34.04202235679131,45.255638839172576,1.0,3.0932860464379246,2.2542520945561932,2471.085075711063
34.04393031450239,45.24469890022018,1.0000000000000004,3.0937134291082486,2.2544844525057783,2464.6737063594237
34.04583690912011,45.23375887375393,1.0000000000000002,3.094140400943047,2.254716575326711,2458.2584077165097
34.047742152414614,45.2228187607917,1.0,3.094566963374831,2.25494845785704,2451.8392318086903
34.049646056146806,45.211878562350755,1.0000000000000002,3.094993117835571,2.255180094935781,2445.4162306623316
34.0515486320685,45.200938279447435,1.0000000000000002,3.095418865756443,2.2554114814020068,2438.9894563037983
34.05344989192238,45.189997913097294,1.0000000000000004,3.095844208567968,2.255642612095045,2432.5589607594575
34.05534984744197,45.1790574643153,1.0000000000000004,3.096269147699786,2.2558734818544224,2426.1247960556743
34.057248510351755,45.16811693411536,1.0000000000000002,3.0966936845806288,2.256104085520292,2419.687014218817
34.059145892367034,45.1571763235109,1.0000000000000002,3.0971178206388856,2.2563344179325497,2413.24566727525
34.06104200519413,45.14623563351431,1.0000000000000002,3.0975415573017244,2.256564473931661,2406.8008072513403
34.06293686053021,45.135294865137446,1.0000000000000004,3.0979648959960855,2.2567942483584886,2400.352486173455
34.06483047006344,45.12435401939118,1.0,3.098387838147545,2.2570237360537817,2393.9007560679593
34.06672284547292,45.11341309728583,1.0000000000000002,3.0988103851812525,2.2572529318588295,2387.4456689612207
34.0686139984287,45.10247209983076,1.0000000000000002,3.099232538521875,2.2574818306152906,2380.987276879605
34.07050394059187,45.091531028034616,1.0000000000000002,3.0996542995927427,2.2577104271647386,2374.5256318494776
34.07239268361444,45.08058988290541,1.0000000000000004,3.1000756698168743,2.2579387163494857,2368.0607858972053
34.07428023913949,45.069648665450174,1.0000000000000004,3.10049665061635,2.2581666930117024,2361.592791049155
34.07616661880106,45.05870737667544,1.0000000000000002,3.100917243412482,2.258394351993985,2355.1216993316925
34.07805183422428,45.04776601758672,1.0000000000000002,3.101337449625987,2.258621688139357,2348.6475627711843
34.07993589702526,45.036824589188996,1.0000000000000002,3.101757270676643,2.258848696290869,2342.170433393995
34.0818188188112,45.025883092486346,1.0000000000000002,3.1021767079836593,2.259075371291914,2335.6903632264944
34.08370061118039,45.01494152848208,1.0000000000000002,3.1025957629652794,2.259301707986424,2329.207404295046
34.085581285722114,45.00399989817893,1.0000000000000002,3.1030144370393202,2.2595277012181896,2322.7216086260187
34.087460854016854,44.99305820257865,1.0000000000000002,3.103432731622547,2.2597533458315695,2316.233028245776
34.08933932763611,44.982116442682475,1.0000000000000004,3.103850648131157,2.2599786366710077,2309.7417151806853
34.09121671814257,44.971174619490654,1.0000000000000002,3.104268187980466,2.2602035685817725,2303.247721457113
34.093093037089965,44.96023273400293,1.0000000000000004,3.1046853525851077,2.260428136408592,2296.7510991014256
34.09496829602324,44.949290787218075,1.0000000000000002,3.105102143359005,2.260652334996763,2290.2519001399887
34.09684250647846,44.93834878013432,1.0000000000000004,3.105518561715229,2.2608761591922644,2283.7501765991697
34.09871567998284,44.92740671374901,1.0000000000000002,3.1059346090664803,2.2610996038410462,2277.2459805053327
34.10058782805481,44.91646458905875,1.0000000000000002,3.106350286824039,2.261322663789201,2270.7393638848466
34.102458962203954,44.90552240705954,1.0000000000000002,3.1067655963990717,2.2615453338834755,2264.2303787640762
34.10432909393108,44.89458016874647,1.0000000000000002,3.107180539201721,2.2617676089704446,2257.719077169389
34.106198234728176,44.88363787511407,1.0000000000000002,3.10759511664142,2.261989483897537,2251.2055111271493
34.1080663960785,44.87269552715594,1.0000000000000002,3.1080093301268334,2.262210953511726,2244.6897326637263
34.1099335894565,44.86175312586516,1.0000000000000002,3.108423181065774,2.262432012661037,2238.171793805484
34.11179982632791,44.850810672233834,1.0000000000000002,3.1088366708657986,2.26265265619341,2231.6517465787897
34.1136651181497,44.8398681672536,1.0000000000000004,3.109249800933128,2.262872878956813,2225.1296430100083
34.115529476370114,44.82892561191515,1.0000000000000002,3.1096625726735,2.263092675800209,2218.6055351255077
34.11739291242873,44.8179830072085,1.0000000000000004,3.1100749874919984,2.2633120415721066,2212.079474951653
34.11925543775632,44.80704035412305,1.0000000000000002,3.110487046792798,2.263530971121952,2205.551514514812
34.12111706377507,44.796097653647294,1.0000000000000002,3.1108987519794766,2.2637494592986513,2199.0217058413505
34.12297780189841,44.78515490676919,1.0000000000000002,3.111310104454759,2.2639675009523046,2192.4901009576342
34.12483766353115,44.77421211447577,1.0,3.111721105620802,2.2641850909328696,2185.956751890029
34.12669666006944,44.76326927775356,1.0000000000000002,3.112131756878682,2.2644022240906736,2179.421710664903
34.12855480290076,44.75232639758815,1.0000000000000002,3.1125420596290496,2.2646188952760156,2172.885029308621
34.130412103403955,44.741383474964614,1.0000000000000004,3.112952015271901,2.2648350993398765,2166.34675984755
34.13226857294929,44.73044051086714,1.0000000000000002,3.113361625206096,2.2650508311336637,2159.8069543080537
34.134124222898414,44.71949750627921,1.0000000000000002,3.1137708908300965,2.2652660855087277,2153.2656647165036
34.13597906460434,44.70855446218377,1.0000000000000002,3.1141798135413694,2.265480857316504,2146.722943099261
34.13783310941154,44.69761137956279,1.0000000000000004,3.114588394736927,2.265695141409367,2140.1788414826965
34.139686368655866,44.68666825939776,1.0000000000000004,3.1149966358129575,2.2659089326396327,2133.6334118931727
34.141538853664684,44.675725102669254,1.0000000000000004,3.115404538164654,2.2661222258597604,2127.0867063570577
34.143390575756726,44.66478191035733,1.0000000000000002,3.1158121031867836,2.266335015922948,2120.538776900718
34.14524154624225,44.65383868344118,1.0000000000000002,3.1162193322733174,2.2665472976821377,2113.9896755505188
34.147091776422954,44.64289542289927,1.0000000000000004,3.1166262268174023,2.2667590659910104,2107.4394543328276
34.148941277592066,44.63195212970957,1.0000000000000004,3.1170327882115316,2.266970315703446,2100.8881652740088
34.15079006103425,44.621008804849055,1.0,3.117439017847204,2.2671810416732967,2094.33586040043
34.15263813802571,44.61006544929424,1.0000000000000004,3.117844917115775,2.26739123875538,2087.7825917384594
34.15448551983421,44.59912206402074,1.0000000000000002,3.1182504874070958,2.2676009018040304,2081.2284113144606
34.15633221771897,44.58817865000362,1.0000000000000002,3.1186557301110156,2.267810025674578,2074.673371154801
34.15817824293082,44.577235208217104,1.0000000000000002,3.1190606466161057,2.268018605222153,2068.117523285847
34.16002360671212,44.56629173963486,1.0000000000000004,3.1194652383104824,2.2682266353023124,2061.560919733963
34.161868320296804,44.55534824522973,1.0000000000000002,3.119869506581381,2.268434110771153,2055.0036125255174
34.163712394910405,44.54440472597384,1.0000000000000004,3.120273452815354,2.2686410264847154,2048.445653686877
34.16555584177,44.53346118283877,1.0000000000000002,3.1206770783983018,2.2688473772996645,2041.887095244405
34.16739867208433,44.522517616795206,1.0,3.121080384715299,2.269053158072751,2035.327989224471
34.169240897053676,44.511574028813314,1.0000000000000004,3.1214833731507383,2.269258363661123,2028.7683876534406
34.17108252787004,44.50063041986239,1.0000000000000002,3.1218860450881607,2.269462988922186,2022.2083425576793
34.172923575717,44.489686790911215,1.0000000000000002,3.1222884019104526,2.269667028713627,2015.6479059635535
34.174764051769785,44.47874314292768,1.0000000000000004,3.1226904449999324,2.269870477893477,2009.08712989743
34.1766039671953,44.46779947687918,1.0000000000000004,3.1230921757377814,2.270073331320191,2002.5260663856743
34.178443333152146,44.45685579373227,1.0000000000000004,3.1234935955048115,2.2702755838523103,1995.9647674546536
34.18028216079058,44.44591209445277,1.0000000000000004,3.1238947056808684,2.2704772303487744,1989.4032851307334
34.18212046125255,44.43496838000604,1.0000000000000002,3.124295507645286,2.2706782656688063,1982.8416714402806
