galstreams/tracks/track.st.Jhelum-a.bonaca2019.ecsv
# %ECSV 1.0
# ---
# datatype:
# - {name: ra, unit: deg, datatype: float64}
# - {name: dec, unit: deg, datatype: float64}
# - {name: distance, unit: kpc, datatype: float64}
# - {name: pm_ra_cosdec, unit: mas / yr, datatype: float64}
# - {name: pm_dec, unit: mas / yr, datatype: float64}
# - {name: radial_velocity, unit: km / s, datatype: float64}
# delimiter: ','
# meta: !!omap
# - __serialized_columns__:
#     dec:
#       __class__: astropy.coordinates.angles.Latitude
#       unit: &id001 !astropy.units.Unit {unit: deg}
#       value: !astropy.table.SerializedColumn {name: dec}
#     distance:
#       __class__: astropy.coordinates.distances.Distance
#       unit: !astropy.units.Unit {unit: kpc}
#       value: !astropy.table.SerializedColumn {name: distance}
#     pm_dec:
#       __class__: astropy.units.quantity.Quantity
#       unit: !astropy.units.Unit {unit: mas / yr}
#       value: !astropy.table.SerializedColumn {name: pm_dec}
#     pm_ra_cosdec:
#       __class__: astropy.units.quantity.Quantity
#       unit: !astropy.units.Unit {unit: mas / yr}
#       value: !astropy.table.SerializedColumn {name: pm_ra_cosdec}
#     ra:
#       __class__: astropy.coordinates.angles.Longitude
#       unit: *id001
#       value: !astropy.table.SerializedColumn {name: ra}
#       wrap_angle: !astropy.coordinates.Angle
#         unit: *id001
#         value: 360.0
#     radial_velocity:
#       __class__: astropy.units.quantity.Quantity
#       unit: !astropy.units.Unit {unit: km / s}
#       value: !astropy.table.SerializedColumn {name: radial_velocity}
# schema: astropy-2.0
ra,dec,distance,pm_ra_cosdec,pm_dec,radial_velocity
[from data line 2250]
331.674660631148,-49.27360261001671,12.999999999999996,5.8181482106530815,-5.652622466062079,-2.694645481559148e-13
331.6602806600658,-49.27013151026797,12.999999999999996,5.817057996065691,-5.653408001036162,-4.3787989075336156e-13
331.64590264104805,-49.26665874857065,12.999999999999993,5.81596770613542,-5.65419297791272,-4.041968222338722e-13
331.63152657450826,-49.263184325372976,12.999999999999993,5.814877341137251,-5.65497739661626,-4.3787989075336156e-13
331.617152460859,-49.2597082411233,12.999999999999996,5.813786901346086,-5.655761257071497,-2.3578147963642546e-13
331.60278030051217,-49.25623049627001,12.999999999999995,5.812696387036735,-5.656544559203374,-3.031476166754042e-13
331.5884100938786,-49.252751091261565,12.999999999999996,5.811605798483908,-5.657327302937027,-3.705137537143829e-13
331.5740418413686,-49.2492700265465,12.999999999999993,5.810515135962244,-5.658109488197819,-3.031476166754042e-13
331.5596755433914,-49.245787302573376,12.999999999999996,5.809424399746272,-5.658891114911318,-4.041968222338722e-13
331.54531120035557,-49.24230291979087,12.999999999999991,5.808333590110451,-5.659672183003313,-4.3787989075336156e-13
331.5309488126687,-49.23881687864769,12.999999999999993,5.807242707329131,-5.660452692399794,-2.694645481559148e-13
331.51658838073774,-49.23532917959262,12.999999999999996,5.806151751676574,-5.661232643026975,-3.3683068519489354e-13
331.5022299049688,-49.23183982307449,12.999999999999993,5.805060723426969,-5.662012034811279,-3.031476166754042e-13
331.4878733857668,-49.228348809542204,12.999999999999993,5.803969622854388,-5.662790867679341,-3.705137537143829e-13
331.4735188235365,-49.22485613944475,12.999999999999993,5.8028784502328365,-5.663569141557997,-1.6841534259744677e-13
331.4591662186812,-49.221361813231155,12.999999999999996,5.8017872058362014,-5.664346856374319,-3.705137537143829e-13
331.44481557160384,-49.217865831350515,12.999999999999993,5.800695889938311,-5.6651240120555695,-3.3683068519489354e-13
331.43046688270624,-49.21436819425197,12.999999999999993,5.799604502812879,-5.665900608529226,-2.3578147963642546e-13
331.41612015238957,-49.21086890238475,12.999999999999991,5.798513044733529,-5.666676645722994,-3.705137537143829e-13
331.4017753810541,-49.20736795619815,12.999999999999993,5.797421515973808,-5.66745212356476,-3.031476166754042e-13
331.3874325690993,-49.2038653561415,12.999999999999991,5.79632991680715,-5.668227041982659,-4.041968222338722e-13
331.37309171692385,-49.20036110266421,12.999999999999991,5.7952382475069175,-5.669001400905003,-4.041968222338722e-13
331.3587528249256,-49.196855196215736,12.999999999999991,5.794146508346367,-5.669775200260334,-4.041968222338722e-13
331.34441589350155,-49.19334763724562,12.999999999999991,5.79305469959867,-5.670548439977399,-3.031476166754042e-13
331.3300809230479,-49.18983842620345,12.999999999999993,5.791962821536904,-5.6713211199851585,-2.3578147963642546e-13
331.31574791395997,-49.18632756353886,12.999999999999993,5.790870874434053,-5.6720932402127815,-2.020984111169361e-13
331.30141686663234,-49.18281504970157,12.999999999999993,5.789778858563004,-5.672864800589652,-4.3787989075336156e-13
331.28708778145887,-49.17930088514136,12.999999999999993,5.788686774196566,-5.67363580104535,-2.3578147963642546e-13
331.2727606588324,-49.17578507030803,12.999999999999996,5.787594621607438,-5.67440624150968,-4.3787989075336156e-13
331.25843549914504,-49.172267605651506,12.999999999999991,5.786502401068244,-5.675176121912655,-3.3683068519489354e-13
331.24411230278815,-49.16874849162172,12.999999999999993,5.785410112851496,-5.675945442184488,-3.3683068519489354e-13
331.2297910701521,-49.16522772866869,12.999999999999996,5.784317757229625,-5.676714202255608,-3.031476166754042e-13
331.2154718016266,-49.16170531724247,12.999999999999993,5.783225334474966,-5.677482402056661,-3.3683068519489354e-13
331.20115449760056,-49.15818125779322,12.999999999999991,5.7821328448597615,-5.678250041518487,-4.041968222338722e-13
331.186839158462,-49.15465555077109,12.999999999999991,5.781040288656165,-5.6790171205721425,-2.694645481559148e-13
331.17252578459807,-49.151128196626345,12.999999999999991,5.779947666136218,-5.679783639148898,-3.031476166754042e-13
331.15821437639516,-49.14759919580929,12.99999999999999,5.778854977571893,-5.6805495971802245,-4.3787989075336156e-13
331.14390493423895,-49.144068548770306,12.999999999999993,5.777762223235051,-5.681314994597804,-2.694645481559148e-13
331.1295974585142,-49.140536255959766,12.999999999999993,5.776669403397472,-5.682079831333532,-4.3787989075336156e-13
331.1152919496048,-49.1370023178282,12.999999999999993,5.7755765183308325,-5.682844107319501,-2.694645481559148e-13
331.10098840789396,-49.133466734826115,12.999999999999993,5.774483568306718,-5.68360782248803,-3.3683068519489354e-13
331.086686833764,-49.129929507404114,12.999999999999995,5.773390553596618,-5.684370976771627,-3.705137537143829e-13
331.0723872275965,-49.12639063601284,12.999999999999993,5.772297474471935,-5.6851335701030195,-3.3683068519489354e-13
331.05808958977207,-49.12285012110301,12.999999999999993,5.771204331203964,-5.685895602415136,-4.715629592728509e-13
331.0437939206707,-49.1193079631254,12.999999999999993,5.770111124063919,-5.686657073641118,-4.041968222338722e-13
331.02950022067137,-49.11576416253082,12.999999999999991,5.769017853322909,-5.687417983714317,-5.052460277923403e-13
331.0152084901524,-49.11221871977015,12.999999999999991,5.767924519251957,-5.6881783325682775,-4.041968222338722e-13
331.00091872949133,-49.108671635294336,12.999999999999993,5.766831122121983,-5.688938120136769,-4.041968222338722e-13
330.9866309390648,-49.105122909554346,12.999999999999993,5.7657376622038194,-5.689697346353754,-2.3578147963642546e-13
330.97234511924853,-49.10157254300125,12.99999999999999,5.764644139768195,-5.690456011153421,-4.3787989075336156e-13
330.9580612704177,-49.09802053608614,12.999999999999991,5.763550555085751,-5.691214114470132,-3.031476166754042e-13
330.9437793929464,-49.094466889260175,12.999999999999993,5.762456908427025,-5.691971656238492,-3.705137537143829e-13
330.9294994872082,-49.09091160297458,12.999999999999993,5.761363200062475,-5.6927286363932845,-2.020984111169361e-13
330.9152215535756,-49.087354677680594,12.999999999999991,5.760269430262449,-5.693485054869522,-3.3683068519489354e-13
330.9009455924204,-49.08379611382958,12.999999999999991,5.759175599297198,-5.694240911602407,-3.031476166754042e-13
330.88667160411353,-49.08023591187289,12.999999999999991,5.758081707436882,-5.694996206527351,-4.715629592728509e-13
330.87239958902535,-49.076674072261966,12.999999999999991,5.756987754951575,-5.695750939579973,-4.3787989075336156e-13
330.85812954752515,-49.0731105954483,12.999999999999993,5.755893742111238,-5.696505110696098,-3.3683068519489354e-13
330.84386147998146,-49.0695454818834,12.999999999999991,5.754799669185744,-5.69725871981176,-4.715629592728509e-13
330.829595386762,-49.06597873201892,12.999999999999993,5.753705536444869,-5.698011766863194,-4.3787989075336156e-13
330.8153312682338,-49.06241034630647,12.999999999999993,5.752611344158294,-5.698764251786839,-4.041968222338722e-13
330.80106912476305,-49.058840325197764,12.999999999999991,5.7515170925956065,-5.699516174519339,-3.031476166754042e-13
330.78680895671494,-49.05526866914454,12.999999999999993,5.750422782026283,-5.7002675349975505,-2.694645481559148e-13
330.7725507644541,-49.05169537859862,12.999999999999993,5.74932841271972,-5.70101833315853,-4.041968222338722e-13
330.7582945483443,-49.04812045401188,12.999999999999991,5.748233984945212,-5.70176856893953,-3.3683068519489354e-13
330.7440403087483,-49.044543895836206,12.999999999999995,5.747139498971951,-5.702518242278019,-3.705137537143829e-13
330.72978804602843,-49.04096570452358,12.999999999999993,5.74604495506904,-5.70326735311167,-3.3683068519489354e-13
330.7155377605459,-49.03738588052602,12.999999999999991,5.744950353505478,-5.704015901378353,-3.3683068519489354e-13
330.7012894526611,-49.0338044242956,12.999999999999993,5.743855694550169,-5.704763887016149,-4.041968222338722e-13
330.68704312273394,-49.030221336284434,12.99999999999999,5.742760978471926,-5.7055113099633346,-4.715629592728509e-13
330.6727987711232,-49.02663661694469,12.999999999999993,5.741666205539454,-5.706258170158392,-4.3787989075336156e-13
330.65855639818705,-49.023050266728625,12.999999999999991,5.7405713760213715,-5.707004467540017,-3.705137537143829e-13
330.6443160042827,-49.01946228608849,12.999999999999993,5.739476490186182,-5.707750202047098,-3.705137537143829e-13
330.63007758976676,-49.01587267547661,12.999999999999993,5.738381548302316,-5.708495373618728,-4.041968222338722e-13
330.6158411549948,-49.012281435345386,12.999999999999993,5.73728655063808,-5.709239982194211,-4.3787989075336156e-13
330.6016067003218,-49.00868856614723,12.999999999999991,5.736191497461709,-5.709984027713043,-4.715629592728509e-13
330.5873742261018,-49.00509406833463,12.999999999999993,5.7350963890413125,-5.710727510114927,-4.041968222338722e-13
330.57314373268815,-49.0014979423601,12.999999999999993,5.734001225644926,-5.711470429339773,-4.041968222338722e-13
330.5589152204333,-48.997900188676255,12.999999999999993,5.732906007540469,-5.712212785327688,-2.020984111169361e-13
330.54468868968877,-48.9943008077357,12.999999999999996,5.731810734995769,-5.712954578018989,-4.041968222338722e-13
330.53046414080575,-48.990699799991106,12.999999999999993,5.730715408278564,-5.713695807354182,-2.694645481559148e-13
330.5162415741341,-48.98709716589522,12.999999999999991,5.729620027656475,-5.714436473273991,-4.715629592728509e-13
330.50202099002325,-48.98349290590083,12.999999999999991,5.728524593397044,-5.715176575719322,-3.705137537143829e-13
330.4878023888216,-48.97988702046074,12.999999999999991,5.727429105767693,-5.715916114631302,-3.705137537143829e-13
330.4735857708769,-48.976279510027844,12.999999999999991,5.726333565035768,-5.716655089951248,-2.694645481559148e-13
330.45937113653594,-48.97267037505505,12.999999999999996,5.725237971468493,-5.717393501620686,-4.041968222338722e-13
330.4451584861449,-48.96905961599537,12.999999999999993,5.7241423253330135,-5.7181313495813395,-3.3683068519489354e-13
330.4309478200491,-48.965447233301774,12.999999999999993,5.723046626896359,-5.718868633775131,-4.041968222338722e-13
330.41673913859296,-48.96183322742737,12.999999999999993,5.721950876425476,-5.719605354144186,-3.031476166754042e-13
330.4025324421202,-48.95821759882526,12.999999999999993,5.72085507418719,-5.720341510630831,-4.041968222338722e-13
330.3883277309738,-48.95460034794861,12.999999999999993,5.719759220448255,-5.721077103177594,-2.694645481559148e-13
330.3741250054957,-48.95098147525064,12.999999999999993,5.718663315475295,-5.721812131727201,-3.031476166754042e-13
330.3599242660274,-48.94736098118461,12.999999999999991,5.717567359534857,-5.7225465962225845,-4.041968222338722e-13
330.3457255129094,-48.94373886620382,12.999999999999993,5.716471352893378,-5.723280496606863,-3.3683068519489354e-13
330.33152874648124,-48.94011513076164,12.999999999999993,5.715375295817195,-5.724013832823375,-3.031476166754042e-13
330.317333967082,-48.93648977531146,12.999999999999991,5.714279188572553,-5.724746604815644,-3.705137537143829e-13
330.3031411750498,-48.932862800306715,12.999999999999993,5.713183031425585,-5.725478812527395,-3.3683068519489354e-13
330.2889503707219,-48.929234206200924,12.999999999999995,5.7120868246423315,-5.726210455902558,-2.3578147963642546e-13
330.2747615544349,-48.925603993447616,12.999999999999993,5.710990568488729,-5.726941534885265,-3.3683068519489354e-13
330.2605747265246,-48.921972162500374,12.999999999999993,5.709894263230618,-5.727672049419835,-3.3683068519489354e-13
330.2463898873259,-48.91833871381283,12.999999999999993,5.708797909133731,-5.728401999450794,-4.3787989075336156e-13
330.232207037173,-48.91470364783867,12.999999999999993,5.707701506463709,-5.729131384922866,-2.694645481559148e-13
330.21802617639923,-48.91106696503161,12.999999999999993,5.706605055486084,-5.729860205780978,-4.041968222338722e-13
330.20384730533715,-48.907428665845416,12.999999999999993,5.705508556466292,-5.730588461970246,-3.3683068519489354e-13
330.1896704243186,-48.9037887507339,12.999999999999993,5.7044120096696656,-5.731316153435996,-3.705137537143829e-13
330.17549553367456,-48.90014722015093,12.999999999999993,5.703315415361438,-5.732043280123741,-2.020984111169361e-13
330.16132263373527,-48.8965040745504,12.999999999999991,5.702218773806738,-5.732769841979202,-2.020984111169361e-13
330.14715172483,-48.89285931438625,12.999999999999993,5.701122085270594,-5.7334958389482935,-4.041968222338722e-13
330.1329828072876,-48.88921294011247,12.99999999999999,5.700025350017942,-5.734221270977127,-3.3683068519489354e-13
330.1188158814357,-48.885564952183124,12.999999999999993,5.698928568313597,-5.73494613801201,-4.041968222338722e-13
330.1046509476015,-48.88191535105225,12.999999999999991,5.697831740422298,-5.735670439999451,-3.3683068519489354e-13
330.0904880061112,-48.87826413717399,12.99999999999999,5.696734866608656,-5.7363941768861615,-3.705137537143829e-13
330.07632705729014,-48.87461131100251,12.999999999999991,5.695637947137197,-5.73711734861904,-4.715629592728509e-13
330.06216810146327,-48.87095687299202,12.999999999999991,5.694540982272344,-5.737839955145182,-3.031476166754042e-13
330.0480111389542,-48.86730082359674,12.999999999999993,5.693443972278409,-5.738561996411891,-3.705137537143829e-13
330.03385617008627,-48.86364316327102,12.999999999999991,5.692346917419615,-5.739283472366658,-2.694645481559148e-13
330.0197031951816,-48.85998389246915,12.99999999999999,5.691249817960065,-5.740004382957176,-3.031476166754042e-13
330.0055522145618,-48.85632301164553,12.999999999999991,5.690152674163773,-5.740724728131326,-2.694645481559148e-13
329.9914032285476,-48.852660521254556,12.999999999999991,5.689055486294652,-5.741444507837197,-4.3787989075336156e-13
329.977256237459,-48.84899642175073,12.999999999999991,5.687958254616509,-5.7421637220230615,-3.031476166754042e-13
329.96311124161514,-48.84533071358853,12.999999999999991,5.6868609793930425,-5.7428823706374,-3.031476166754042e-13
329.94896824133434,-48.84166339722251,12.999999999999988,5.685763660887854,-5.7436004536288845,-2.694645481559148e-13
329.93482723693427,-48.837994473107265,12.999999999999991,5.684666299364439,-5.744317970946378,-2.3578147963642546e-13
329.9206882287317,-48.834323941697406,12.999999999999991,5.683568895086196,-5.745034922538948,-4.3787989075336156e-13
329.90655121704276,-48.83065180344763,12.999999999999991,5.68247144831642,-5.745751308355845,-3.031476166754042e-13
329.8924162021825,-48.826978058812614,12.999999999999991,5.681373959318287,-5.746467128346532,-4.3787989075336156e-13
329.87828318446554,-48.823302708247134,12.999999999999993,5.6802764283548965,-5.747182382460646,-3.705137537143829e-13
329.86415216420556,-48.81962575220598,12.999999999999993,5.67917885568923,-5.747897070648035,-1.6841534259744677e-13
329.85002314171527,-48.815947191143984,12.999999999999991,5.678081241584155,-5.7486111928587444,-3.031476166754042e-13
329.835896117307,-48.812267025516,12.999999999999991,5.676983586302456,-5.749324749042998,-3.705137537143829e-13
329.82177109129196,-48.80858525577696,12.999999999999991,5.6758858901068034,-5.750037739151227,-4.3787989075336156e-13
329.8076480639807,-48.8049018823818,12.999999999999991,5.6747881532597635,-5.750750163134049,-4.041968222338722e-13
329.793527035683,-48.801216905785544,12.99999999999999,5.673690376023802,-5.751462020942285,-4.3787989075336156e-13
329.77940800670785,-48.79753032644319,12.999999999999993,5.67259255866128,-5.7521733125269385,-4.715629592728509e-13
329.76529097736346,-48.793842144809815,12.999999999999993,5.671494701434453,-5.752884037839214,-3.031476166754042e-13
329.7511759479572,-48.79015236134053,12.999999999999991,5.670396804605473,-5.753594196830516,-3.3683068519489354e-13
