galstreams/tracks/track.st.Sagittarius.antoja2020.ecsv
# %ECSV 0.9
# ---
# datatype:
# - {name: ra, unit: deg, datatype: float64}
# - {name: dec, unit: deg, datatype: float64}
# - {name: distance, unit: kpc, datatype: float64}
# - {name: pm_ra_cosdec, unit: mas / yr, datatype: float64}
# - {name: pm_dec, unit: mas / yr, datatype: float64}
# - {name: radial_velocity, unit: km / s, datatype: float64}
# delimiter: ','
# meta: !!omap
# - __serialized_columns__:
#     dec:
#       __class__: astropy.coordinates.angles.Latitude
#       unit: &id001 !astropy.units.Unit {unit: deg}
#       value: !astropy.table.SerializedColumn {name: dec}
#     distance:
#       __class__: astropy.coordinates.distances.Distance
#       unit: !astropy.units.Unit {unit: kpc}
#       value: !astropy.table.SerializedColumn {name: distance}
#     pm_dec:
#       __class__: astropy.units.quantity.Quantity
#       unit: !astropy.units.Unit {unit: mas / yr}
#       value: !astropy.table.SerializedColumn {name: pm_dec}
#     pm_ra_cosdec:
#       __class__: astropy.units.quantity.Quantity
#       unit: !astropy.units.Unit {unit: mas / yr}
#       value: !astropy.table.SerializedColumn {name: pm_ra_cosdec}
#     ra:
#       __class__: astropy.coordinates.angles.Longitude
#       unit: *id001
#       value: !astropy.table.SerializedColumn {name: ra}
#       wrap_angle: !astropy.coordinates.Angle
#         unit: *id001
#         value: 360.0
#     radial_velocity:
#       __class__: astropy.units.quantity.Quantity
#       unit: !astropy.units.Unit {unit: km / s}
#       value: !astropy.table.SerializedColumn {name: radial_velocity}
# schema: astropy-2.0
ra,dec,distance,pm_ra_cosdec,pm_dec,radial_velocity
[from data line 7423]
356.51642237554665,-19.558172659974396,21.59921702981405,-1.412703793954704,-2.882785463671666,-5.0524602779234026e-14
356.5067158525757,-19.562216321882648,21.598778702304237,-1.4130814122895607,-2.882804805994828,-8.420767129872338e-14
356.49700884277814,-19.566259464954463,21.59834087598071,-1.4134590011284178,-2.8828240864453263,-8.420767129872338e-14
356.4873013460831,-19.570302089047726,21.597903551053612,-1.4138365604606062,-2.8828433050054487,-3.368306851948935e-14
356.4775933624198,-19.574344194020377,21.59746672773303,-1.414214090275488,-2.8828624616574645,-3.368306851948935e-14
356.4678848917175,-19.578385779730326,21.597030406228996,-1.414591590562446,-2.8828815563836225,3.368306851948935e-14
356.45817593390564,-19.582426846035474,21.596594586751475,-1.4149690613108923,-2.8829005891661534,1.6841534259744676e-14
356.4484664889134,-19.58646739279373,21.59615926951037,-1.4153465025102636,-2.8829195599872643,-5.0524602779234026e-14
356.4387565566704,-19.590507419862977,21.59572445471551,-1.4157239141500273,-2.8829384688291495,-5.0524602779234026e-14
356.4290461371059,-19.594546927101103,21.595290142576687,-1.4161012962196684,-2.8829573156739765,3.368306851948935e-14
356.4193352301495,-19.59858591436599,21.594856333303603,-1.4164786487087038,-2.882976100503895,-6.73661370389787e-14
356.4096238357307,-19.602624381515536,21.594423027105908,-1.4168559716066762,-2.8829948233010376,-6.73661370389787e-14
356.3999119537791,-19.606662328407555,21.59399022419319,-1.4172332649031514,-2.883013484047514,3.368306851948935e-14
356.3901995842245,-19.610699754899933,21.593557924774966,-1.4176105285877216,-2.8830320827254177,-8.420767129872338e-14
356.3804867269963,-19.614736660850532,21.59312612906069,-1.4179877626500093,-2.883050619316819,1.6841534259744676e-14
356.37077338202454,-19.618773046117187,21.59269483725977,-1.418364967079655,-2.8830690938037704,-8.420767129872338e-14
356.36105954923863,-19.622808910557776,21.59226404958152,-1.4187421418663335,-2.8830875061683043,-6.73661370389787e-14
356.3513452285687,-19.62684425403008,21.591833766235215,-1.4191192869997382,-2.883105856392433,3.368306851948935e-14
356.34163041994447,-19.630879076391953,21.591403987430034,-1.4194964024695915,-2.883124144458152,5.0524602779234026e-14
356.33191512329597,-19.634913377501217,21.590974713375132,-1.4198734882656414,-2.8831423703474335,-5.0524602779234026e-14
356.322199338553,-19.638947157215696,21.590545944279555,-1.4202505443776607,-2.883160534042232,-6.73661370389787e-14
356.3124830656456,-19.642980415393186,21.59011768035232,-1.4206275707954512,-2.8831786355244815,0.0
356.30276630450396,-19.647013151891507,21.589689921802364,-1.421004567508833,-2.8831966747760966,-3.368306851948935e-14
356.293049055058,-19.65104536656845,21.589262668838536,-1.4213815345076595,-2.8832146517789754,0.0
356.28333131723787,-19.65507705928183,21.58883592166965,-1.4217584717818057,-2.8832325665149914,0.0
356.2736130909739,-19.659108229889387,21.588409680504448,-1.422135379321171,-2.883250418966002,0.0
356.2638943761963,-19.66313887824892,21.587983945551585,-1.4225122571156827,-2.8832682091138446,-5.0524602779234026e-14
356.2541751728352,-19.667169004218206,21.58755871701967,-1.4228891051552925,-2.8832859369403367,-1.6841534259744676e-14
356.24445548082105,-19.67119860765502,21.587133995117238,-1.4232659234299778,-2.8833036024272776,-3.368306851948935e-14
356.23473530008414,-19.675227688417102,21.586709780052747,-1.423642711929742,-2.8833212055564434,-3.368306851948935e-14
356.22501463055494,-19.679256246362247,21.586286072034607,-1.4240194706446128,-2.883338746309594,-3.368306851948935e-14
356.2152934721639,-19.683284281348147,21.585862871271132,-1.4243961995646417,-2.88335622466847,-3.368306851948935e-14
356.20557182484157,-19.68731179323258,21.585440177970604,-1.4247728986799086,-2.883373640614793,-3.368306851948935e-14
356.1958496885185,-19.691338781873274,21.585017992341193,-1.4251495679805166,-2.883390994130262,-6.73661370389787e-14
356.1861270631252,-19.695365247127963,21.584596314591046,-1.4255262074565938,-2.8834082851965603,1.6841534259744676e-14
356.1764039485924,-19.699391188854356,21.584175144928206,-1.4259028170982955,-2.8834255137953493,-3.368306851948935e-14
356.16668034485076,-19.703416606910185,21.58375448356066,-1.4262793968957996,-2.8834426799082724,-8.420767129872338e-14
356.15695625183093,-19.70744150115316,21.583334330696317,-1.4266559468393114,-2.8834597835169524,1.6841534259744676e-14
356.14723166946385,-19.711465871441,21.582914686543045,-1.427032466919059,-2.883476824602995,-1.1789073981821273e-13
356.1375065976803,-19.715489717631378,21.582495551308597,-1.4274089571252981,-2.8834938031479855,3.368306851948935e-14
356.12778103641114,-19.719513039581994,21.5820769252007,-1.4277854174483053,-2.883510719133489,0.0
356.1180549855873,-19.723535837150536,21.58165880842697,-1.4281618478783853,-2.8835275725410527,-1.6841534259744676e-14
356.10832844513976,-19.727558110194682,21.58124120119499,-1.428538248405869,-2.883544363352202,0.0
356.09860141499945,-19.731579858572132,21.580824103712256,-1.4289146190211088,-2.8835610915484464,-8.420767129872338e-14
356.0888738950976,-19.735601082140523,21.580407516186177,-1.4292909597144838,-2.8835777571112766,-5.0524602779234026e-14
356.07914588536516,-19.739621780757528,21.579991438824116,-1.4296672704763975,-2.8835943600221587,5.0524602779234026e-14
356.0694173857334,-19.743641954280793,21.579575871833345,-1.430043551297276,-2.8836109002625454,-5.0524602779234026e-14
356.0596883961334,-19.747661602567987,21.579160815421087,-1.4304198021675765,-2.883627377813869,3.368306851948935e-14
356.0499589164966,-19.751680725476746,21.57874626979446,-1.4307960230777728,-2.88364379265754,-8.420767129872338e-14
356.0402289467541,-19.755699322864707,21.578332235160556,-1.43117221401837,-2.88366014477495,-8.420767129872338e-14
356.0304984868373,-19.759717394589504,21.577918711726337,-1.431548374979895,-2.883676434147475,0.0
356.0207675366776,-19.763734940508765,21.577505699698747,-1.4319245059528964,-2.8836926607564712,-3.368306851948935e-14
356.0110360962064,-19.76775196048013,21.577093199284622,-1.4323006069279558,-2.8837088245832705,1.6841534259744676e-14
356.0013041653553,-19.771768454361155,21.576681210690747,-1.4326766778956685,-2.883724925609192,-1.6841534259744676e-14
355.9915717440557,-19.775784422009494,21.576269734123805,-1.4330527188466629,-2.883740963815534,-3.368306851948935e-14
355.9818388322392,-19.779799863282737,21.575858769790432,-1.4334287297715875,-2.883756939183572,-5.0524602779234026e-14
355.9721054298374,-19.783814778038483,21.57544831789718,-1.4338047106611176,-2.8837728516945678,1.6841534259744676e-14
355.962371536782,-19.787829166134337,21.575038378650536,-1.4341806615059514,-2.8837887013297605,-3.368306851948935e-14
355.95263715300473,-19.791843027427845,21.574628952256905,-1.4345565822968114,-2.8838044880703726,-5.0524602779234026e-14
355.9429022784374,-19.7958563617766,21.574220038922604,-1.4349324730244433,-2.8838202118976075,-1.1789073981821273e-13
355.93316691301163,-19.799869169038185,21.573811638853893,-1.4353083336796226,-2.883835872792646,-6.73661370389787e-14
355.92343105665947,-19.803881449070158,21.573403752256965,-1.435684164253143,-2.883851470736653,-8.420767129872338e-14
355.9136947093127,-19.807893201730074,21.57299637933792,-1.4360599647358245,-2.883867005710777,-3.368306851948935e-14
355.9039578709033,-19.811904426875497,21.572589520302785,-1.4364357351185113,-2.883882477696141,-3.368306851948935e-14
355.89422054136327,-19.81591512436397,21.572183175357523,-1.436811475392073,-2.8838978866738536,-5.0524602779234026e-14
355.88448272062465,-19.81992529405303,21.571777344707996,-1.4371871855474012,-2.8839132326250057,-6.73661370389787e-14
355.8747444086195,-19.823934935800246,21.571372028560027,-1.4375628655754142,-2.8839285155306653,-5.0524602779234026e-14
355.8650056052799,-19.827944049463103,21.570967227119336,-1.4379385154670516,-2.883943735371884,5.0524602779234026e-14
355.85526631053824,-19.83195263489912,21.57056294059158,-1.4383141352132771,-2.8839588921296926,0.0
355.84552652432654,-19.835960691965855,21.570159169182322,-1.4386897248050812,-2.8839739857851074,-5.0524602779234026e-14
355.8357862465772,-19.8399682205208,21.56975591309705,-1.439065284233476,-2.8839890163191204,-6.73661370389787e-14
355.8260454772224,-19.84397522042148,21.56935317254121,-1.4394408134895005,-2.884003983712709,-5.0524602779234026e-14
355.8163042161946,-19.847981691525348,21.568950947720143,-1.4398163125642118,-2.8840188879468283,-3.368306851948935e-14
355.8065624634263,-19.851987633689944,21.56854923883909,-1.4401917814486962,-2.884033729002418,-1.1789073981821273e-13
355.7968202188498,-19.855993046772728,21.568148046103254,-1.4405672201340631,-2.8840485068603963,-3.368306851948935e-14
355.78707748239765,-19.859997930631206,21.567747369717747,-1.440942628611443,-2.8840632215016644,1.6841534259744676e-14
355.7773342540025,-19.86400228512283,21.56734720988759,-1.4413180068719913,-2.8840778729071057,-6.73661370389787e-14
355.7675905335969,-19.86800611010509,21.566947566817745,-1.4416933549068907,-2.8840924610575813,-6.73661370389787e-14
355.7578463211134,-19.872009405435442,21.566548440713078,-1.4420686727073424,-2.884106985933936,0.0
355.7481016164848,-19.876012170971375,21.566149831778386,-1.4424439602645747,-2.8841214475169954,-6.73661370389787e-14
355.7383564196438,-19.880014406570282,21.565751740218396,-1.4428192175698347,-2.884135845787568,-1.347322740779574e-13
355.72861073052326,-19.884016112089647,21.565354166237732,-1.4431944446144023,-2.884150180726442,0.0
355.718864549056,-19.8880172873869,21.56495711004095,-1.4435696413895702,-2.884164452314386,-1.1789073981821273e-13
355.7091178751748,-19.89201793231949,21.564560571832544,-1.4439448078866626,-2.884178660532152,-3.368306851948935e-14
355.69937070881275,-19.896018046744842,21.564164551816887,-1.4443199440970245,-2.8841928053604726,0.0
355.68962304990265,-19.9000176305204,21.563769050198307,-1.444695050012024,-2.884206886780063,-6.73661370389787e-14
355.6798748983777,-19.904016683503524,21.56337406718105,-1.445070125623051,-2.8842209047716163,-8.420767129872338e-14
355.6701262541709,-19.908015205551663,21.562979602969268,-1.4454451709215217,-2.8842348593158107,-8.420767129872338e-14
355.6603771172154,-19.91201319652223,21.56258565776702,-1.4458201858988773,-2.884248750393305,0.0
355.65062748744424,-19.916010656272608,21.562192231778322,-1.4461951705465748,-2.8842625779847375,3.368306851948935e-14
355.64087736479087,-19.920007584660198,21.561799325207062,-1.4465701248561025,-2.8842763420707316,-3.368306851948935e-14
355.63112674918835,-19.924003981542395,21.561406938257097,-1.446945048818968,-2.884290042631889,-6.73661370389787e-14
355.6213756405701,-19.927999846776576,21.561015071132157,-1.4473199424267034,-2.8843036796487933,-1.6841534259744676e-14
355.6116240388693,-19.93199518022014,21.560623724035928,-1.4476948056708645,-2.8843172531020107,-3.368306851948935e-14
355.60187194401965,-19.93598998173042,21.560232897171968,-1.4480696385430254,-2.88433076297209,-6.73661370389787e-14
355.59211935595437,-19.93998425116479,21.559842590743802,-1.4484444410347914,-2.884344209239559,-1.6841534259744676e-14
355.5823662746071,-19.94397798838062,21.559452804954848,-1.4488192131377835,-2.884357591884928,-1.347322740779574e-13
355.5726126999113,-19.94797119323527,21.559063540008427,-1.4491939548436512,-2.884370910888691,-3.368306851948935e-14
355.56285863180057,-19.9519638655861,21.558674796107805,-1.449568666144065,-2.8843841662313197,-6.73661370389787e-14
355.55310407020863,-19.955956005290407,21.558286573456165,-1.4499433470307155,-2.8843973578932696,-6.73661370389787e-14
355.54334901506905,-19.95994761220556,21.557898872256562,-1.4503179974953215,-2.8844104858549797,-1.6841534259744676e-14
355.5335934663157,-19.96393868618888,21.55751169271203,-1.4506926175296193,-2.8844235500968662,-1.0104920555846805e-13
355.5238374238823,-19.967929227097695,21.557125035025475,-1.451067207125374,-2.8844365505993306,-3.368306851948935e-14
355.5140808877027,-19.971919234789333,21.55673889939973,-1.4514417662743693,-2.8844494873427555,1.6841534259744676e-14
355.5043238577107,-19.97590870912109,21.556353286037556,-1.451816294968412,-2.8844623603075044,-1.6841534259744676e-14
355.4945663338404,-19.979897649950296,21.555968195141606,-1.4521907931993323,-2.8844751694739226,-6.73661370389787e-14
355.48480831602564,-19.983886057134235,21.55558362691447,-1.452565260958985,-2.884487914822338,-1.0104920555846805e-13
355.47504980420035,-19.987873930530238,21.55519958155864,-1.4529396982392466,-2.8845005963330586,-1.6841534259744676e-14
355.46529079829884,-19.99186126999555,21.554816059276526,-1.4533141050320133,-2.884513213986375,-5.0524602779234026e-14
355.45553129825515,-19.995848075387464,21.55443306027046,-1.4536884813292064,-2.884525767762561,-1.1789073981821273e-13
355.4457713040034,-19.999834346563283,21.554050584742676,-1.454062827122772,-2.8845382576418706,-1.6841534259744676e-14
355.4360108154778,-20.003820083380262,21.55366863289533,-1.4544371424046736,-2.8845506836045396,-3.368306851948935e-14
355.4262498326126,-20.0078052856957,21.553287204930495,-1.4548114271669035,-2.8845630456307854,0.0
355.41648835534227,-20.01178995336681,21.552906301050136,-1.455185681401469,-2.88457534370081,-1.0104920555846805e-13
355.406726383601,-20.015774086250882,21.552525921456162,-1.4555599051004073,-2.8845875777947927,-6.73661370389787e-14
355.39696391732315,-20.019757684205153,21.552146066350385,-1.4559340982557747,-2.884599747892899,-1.6841534259744676e-14
355.38720095644345,-20.023740747086887,21.551766735934507,-1.4563082608596463,-2.8846118539752745,-1.1789073981821273e-13
355.37743750089606,-20.02772327475331,21.551387930410176,-1.4566823929041284,-2.8846238960220445,1.6841534259744676e-14
355.3676735506158,-20.031705267061653,21.551009649978937,-1.4570564943813404,-2.8846358740133207,-5.0524602779234026e-14
355.35790910553715,-20.035686723869162,21.55063189484224,-1.4574305652834303,-2.884647787929193,-6.73661370389787e-14
355.34814416559476,-20.039667645033038,21.55025466520147,-1.4578046056025653,-2.8846596377497358,-6.73661370389787e-14
355.3383787307233,-20.043648030410537,21.549877961257895,-1.4581786153309366,-2.884671423455004,-6.73661370389787e-14
355.3286128008576,-20.04762787985882,21.549501783212715,-1.4585525944607547,-2.8846831450250336,-6.73661370389787e-14
355.3188463759324,-20.051607193235125,21.549126131267037,-1.458926542984255,-2.8846948024398453,-3.368306851948935e-14
355.30907945588257,-20.05558597039663,21.54875100562188,-1.459300460893695,-2.8847063956794416,-1.0104920555846805e-13
355.2993120406429,-20.05956421120056,21.54837640647816,-1.4596743481813534,-2.884717924723803,-5.0524602779234026e-14
355.28954413014844,-20.06354191550411,21.548002334036727,-1.4600482048395316,-2.8847293895528976,-1.6841534259744676e-14
355.2797757243341,-20.067519083164424,21.547628788498333,-1.4604220308605496,-2.884740790146671,0.0
355.270006823135,-20.071495714038694,21.547255770063625,-1.4607958262367546,-2.8847521264850533,-6.73661370389787e-14
355.2602374264862,-20.07547180798411,21.54688327893318,-1.4611695909605138,-2.8847633985479577,-5.0524602779234026e-14
355.2504675343227,-20.079447364857824,21.546511315307477,-1.4615433250242158,-2.884774606315275,3.368306851948935e-14
355.2406971465798,-20.083422384517,21.5461398793869,-1.4619170284202694,-2.8847857497668854,-6.73661370389787e-14
355.2309262631927,-20.0873968668188,21.54576897137176,-1.4622907011411101,-2.8847968288826427,1.6841534259744676e-14
355.22115488409673,-20.091370811620372,21.545398591462263,-1.4626643431791893,-2.8848078436423896,-3.368306851948935e-14
355.21138300922706,-20.095344218778894,21.545028739858502,-1.4630379545269865,-2.8848187940259504,-5.0524602779234026e-14
