galstreams/tracks/track.st.New-1.ibata2024.ecsv
# %ECSV 1.0
# ---
# datatype:
# - {name: ra, unit: deg, datatype: float64}
# - {name: dec, unit: deg, datatype: float64}
# - {name: distance, unit: kpc, datatype: float64}
# - {name: pm_ra_cosdec, unit: mas / yr, datatype: float64}
# - {name: pm_dec, unit: mas / yr, datatype: float64}
# - {name: radial_velocity, unit: km / s, datatype: float64}
# delimiter: ','
# meta: !!omap
# - __serialized_columns__:
#     dec:
#       __class__: astropy.coordinates.angles.Latitude
#       unit: &id001 !astropy.units.Unit {unit: deg}
#       value: !astropy.table.SerializedColumn {name: dec}
#     distance:
#       __class__: astropy.coordinates.distances.Distance
#       unit: !astropy.units.Unit {unit: kpc}
#       value: !astropy.table.SerializedColumn {name: distance}
#     pm_dec:
#       __class__: astropy.units.quantity.Quantity
#       unit: !astropy.units.Unit {unit: mas / yr}
#       value: !astropy.table.SerializedColumn {name: pm_dec}
#     pm_ra_cosdec:
#       __class__: astropy.units.quantity.Quantity
#       unit: !astropy.units.Unit {unit: mas / yr}
#       value: !astropy.table.SerializedColumn {name: pm_ra_cosdec}
#     ra:
#       __class__: astropy.coordinates.angles.Longitude
#       unit: *id001
#       value: !astropy.table.SerializedColumn {name: ra}
#       wrap_angle: !astropy.coordinates.Angle
#         unit: *id001
#         value: 360.0
#     radial_velocity:
#       __class__: astropy.units.quantity.Quantity
#       unit: !astropy.units.Unit {unit: km / s}
#       value: !astropy.table.SerializedColumn {name: radial_velocity}
# schema: astropy-2.0
ra,dec,distance,pm_ra_cosdec,pm_dec,radial_velocity
[from data line 2728]
28.582324521804214,-62.43733193053654,1.0000000000000018,2.3430199624987953,2.2661070350916965,88.11230783903174
28.58510158861689,-62.44727113967077,1.000000000000002,2.343655520786563,2.2672734824922998,88.01505118034397
28.587883013767623,-62.45721022123782,1.000000000000002,2.344292028530754,2.2684418105318125,87.91748577877811
28.590668803901536,-62.46714917496073,1.0000000000000018,2.344929485860866,2.269612021041877,87.8196113456414
28.593458965673115,-62.47708800056184,1.0000000000000018,2.345567892904427,2.270784115855407,87.72142759224128
28.59625350574619,-62.487026697762936,1.0000000000000018,2.34620724978701,2.271958096806631,87.62293422988509
28.59905243079399,-62.496965266285095,1.0000000000000018,2.3468475566322153,2.273133965731029,87.52413096988015
28.60185574749911,-62.50690370584879,1.0000000000000018,2.347488813561663,2.274311724465411,87.42501752353384
28.604663462553546,-62.51684201617382,1.000000000000002,2.3481310206950057,2.275491374847852,87.32559360215353
28.607475582658758,-62.52678019697937,1.0000000000000018,2.3487741781498994,2.2766729187177415,87.22585891704652
28.610292114525613,-62.53671824798395,1.0000000000000018,2.349418286042016,2.2778563579157716,87.1258131795202
28.613113064874437,-62.54665616890544,1.0000000000000018,2.350063344485037,2.2790416942839284,87.02545610088191
28.61593844043504,-62.556593959461075,1.000000000000002,2.3507093535906374,2.280228929665512,86.92478739243899
28.61876824794672,-62.56653161936742,1.0000000000000018,2.3513563134684916,2.281418065905121,86.8238067654988
28.621602494158267,-62.576469148340365,1.0000000000000018,2.3520042242262615,2.2826091048486754,86.7225139313688
28.624441185828037,-62.586406546095205,1.0000000000000018,2.352653085969597,2.283802048343407,86.62090860135619
28.62728432972387,-62.596343812346554,1.0000000000000018,2.353302898802127,2.284996898237872,86.51899048676836
28.630131932623183,-62.60628094680834,1.0000000000000018,2.353953662825461,2.286193656381924,86.41675929891265
28.632984001312998,-62.61621794919385,1.0000000000000018,2.354605378139162,2.287392324626767,86.3142147490965
28.63584054258988,-62.62615481921573,1.0000000000000018,2.355258044840778,2.288592904824907,86.21135654862717
28.63870156326002,-62.636091556585924,1.0000000000000018,2.3559116630258057,2.2897953988301945,86.10818440881208
28.64156707013926,-62.646028161015735,1.000000000000002,2.356566232787695,2.290999808497804,86.00469804095854
28.64443707005303,-62.655964632215806,1.0000000000000018,2.357221754217855,2.292206135684241,85.9008971563739
28.647311569836447,-62.66590096989607,1.000000000000002,2.3578782274056262,2.2934143822473487,85.79678146636557
28.650190576334314,-62.67583717376586,1.0000000000000018,2.3585356524382974,2.2946245500463167,85.69235068224083
28.653074096401088,-62.685773243533774,1.0000000000000018,2.359194029401086,2.2958366409416655,85.58760451530706
28.655962136900975,-62.69570917890776,1.0000000000000018,2.3598533583771437,2.297050656795273,85.48254267687166
28.658854704707895,-62.705644979595114,1.000000000000002,2.3605136394475394,2.298266599470347,85.37716487824187
28.661751806705485,-62.7155806453024,1.0000000000000022,2.361174872691262,2.299484470831457,85.27147083072516
28.664653449787167,-62.72551617573555,1.000000000000002,2.3618370581852166,2.300704272744527,85.16546024562878
28.667559640856137,-62.735451570599835,1.000000000000002,2.3625001960042087,2.3019260070768395,85.05913283426017
28.670470386825368,-62.74538682959978,1.000000000000002,2.363164286220953,2.3031496756970204,84.9524883079267
28.67338569461768,-62.755321952439246,1.000000000000002,2.363829328906058,2.3043752804750675,84.84552637793561
28.676305571165667,-62.76525693882147,1.0000000000000022,2.3644953241280233,2.305602823282343,84.73824675559436
28.679230023411822,-62.77519178844893,1.000000000000002,2.3651622719532384,2.306832305991583,84.63064915221025
28.682159058308482,-62.78512650102344,1.0000000000000022,2.3658301724459645,2.3080637304768787,84.5227332790906
28.68509268281783,-62.795061076246114,1.000000000000002,2.3664990256683556,2.3092970986136905,84.41449884754287
28.68803090391202,-62.80499551381743,1.000000000000002,2.3671688316804143,2.310532412278885,84.30594556887431
28.690973728573034,-62.814929813437075,1.000000000000002,2.3678395905400262,2.3117696733506703,84.19707315439231
28.693921163792858,-62.82486397480414,1.0000000000000022,2.3685113023029256,2.313008883708661,84.0878813154042
28.696873216573373,-62.83479799761694,1.000000000000002,2.3691839670227095,2.3142500452338437,83.97836976321736
28.699829893926488,-62.844731881573146,1.0000000000000022,2.369857584750807,2.3154931598085966,83.86853820913917
28.702791202874042,-62.854665626369695,1.000000000000002,2.370532155536513,2.3167382293166856,83.75838636447698
28.7057571504479,-62.86459923170286,1.000000000000002,2.3712076794269437,2.3179852556432676,83.6479139405381
28.70872774368995,-62.87453269726816,1.0000000000000022,2.3718841564670514,2.3192342406748976,83.53712064862988
28.711702989652103,-62.88446602276046,1.0000000000000022,2.372561586699621,2.320485186299541,83.42600620005966
28.714682895396322,-62.89439920787386,1.000000000000002,2.373239970165251,2.3217380944065296,83.31457030613483
28.717667467994684,-62.90433225230182,1.0000000000000022,2.373919306902357,2.322992966886641,83.20281267816281
28.720656714529298,-62.91426515573703,1.000000000000002,2.374599596947172,2.324249805632032,83.09073302745077
28.72365064209244,-62.9241979178715,1.000000000000002,2.3752808403337227,2.3255086125362796,82.97833106530625
28.72664925778646,-62.93413053839654,1.000000000000002,2.3759630370938436,2.326769389494376,82.86560650303646
28.729652568723886,-62.94406301700268,1.000000000000002,2.3766461872571596,2.328032138402718,82.75255905194888
28.732660582027396,-62.95399535337979,1.0000000000000022,2.3773302908510794,2.3292968611591336,82.63918842335079
28.735673304829838,-62.96392754721701,1.0000000000000022,2.378015347900805,2.3305635596628695,82.52549432854957
28.73869074427429,-62.97385959820275,1.000000000000002,2.378701358429308,2.3318322358145815,82.41147647885249
28.74171290751401,-62.9837915060247,1.0000000000000022,2.3793883224573262,2.333102891516379,82.29713458556704
28.74473980171252,-62.99372327036985,1.0000000000000022,2.380076240003372,2.334375528671784,82.18246836000041
28.74777143404358,-63.003654890924416,1.000000000000002,2.380765111083714,2.335650149185759,82.06747751346009
28.750807811691196,-63.013586367373904,1.000000000000002,2.3814549357123784,2.3369267549646935,81.95216175725339
28.75384894184971,-63.02351769940311,1.000000000000002,2.382145713901131,2.3382053479164293,81.83652080268772
28.756894831723745,-63.033448886696085,1.000000000000002,2.3828374456594923,2.339485929950235,81.72055436107031
28.759945488528235,-63.04337992893613,1.0000000000000022,2.383530130994713,2.3407685029768377,81.60426214370857
28.763000919488483,-63.053310825805866,1.000000000000002,2.384223769911776,2.342053068908413,81.48764386190987
28.766061131840157,-63.063241576987096,1.0000000000000018,2.3849183624133854,2.3433396296585753,81.37069922698151
28.76912613282926,-63.07317218216093,1.000000000000002,2.385613908499979,2.3446281871423995,81.25342795023101
28.772195929712254,-63.08310264100776,1.000000000000002,2.386310408169693,2.345918743276421,81.13582974296548
28.77527052975595,-63.093032953207185,1.000000000000002,2.387007861418385,2.3472112999786274,81.01790431649243
28.77834994023769,-63.10296311843811,1.0000000000000018,2.3877062682396026,2.3485058591684806,80.89965138211913
28.78143416844514,-63.11289313637862,1.0000000000000018,2.3884056286246045,2.349802422766884,80.78107065115303
28.784523221676558,-63.12282300670615,1.000000000000002,2.3891059425623253,2.351100992696251,80.6621618349014
28.787617107240607,-63.13275272909727,1.0000000000000018,2.389807210039402,2.352401570880419,80.54292464467167
28.790715832456538,-63.142682303227936,1.000000000000002,2.3905094310401305,2.353704159244744,80.42335879177108
28.79381940465403,-63.15261172877324,1.0000000000000022,2.3912126055465017,2.355008759716032,80.30346398750709
28.79692783117341,-63.162541005407554,1.0000000000000022,2.391916733538157,2.3563153742225724,80.18323994318699
28.800041119365503,-63.17247013280448,1.0000000000000022,2.392621814992407,2.357624004694145,80.06268637011812
28.803159276591735,-63.182399110636915,1.0000000000000022,2.3933278498842165,2.358934653062022,79.94180297960789
28.806282310224137,-63.192327938576916,1.0000000000000022,2.3940348381862036,2.3602473212589565,79.8205894829637
28.809410227645373,-63.20225661629583,1.0000000000000022,2.3947427798686234,2.3615620112191893,79.69904559149272
28.812543036248737,-63.21218514346424,1.0000000000000022,2.3954516748993755,2.3628787248784766,79.57717101650248
28.81568074343815,-63.22211351975193,1.0000000000000022,2.396161523243991,2.3641974641740546,79.45496546930025
28.818823356628286,-63.23204174482793,1.0000000000000022,2.3968723248656194,2.3655182310446685,79.33242866119336
28.82197088324443,-63.24196981836052,1.0000000000000022,2.397584079725042,2.3668410274305733,79.20956030348931
28.825123330722654,-63.25189774001718,1.0000000000000022,2.3982967877806427,2.36816585527352,79.08636010749525
28.8282807065097,-63.26182550946463,1.000000000000002,2.399010448988425,2.36949271651679,78.96282778451861
28.83144301806314,-63.271753126368814,1.0000000000000022,2.3997250633019798,2.370821613105158,78.83896304586679
28.834610272851233,-63.28168059039488,1.0000000000000022,2.400440630672508,2.3721525469849274,78.71476560284714
28.83778247835311,-63.291607901207215,1.0000000000000022,2.401157151048791,2.373485520103923,78.59023516676697
28.840959642058664,-63.30153505846944,1.0000000000000022,2.401874624377198,2.374820534411495,78.46537144893365
28.84414177146862,-63.311462061844345,1.0000000000000022,2.4025930506016744,2.3761575918585063,78.34017416065457
28.847328874094565,-63.32138891099399,1.0000000000000022,2.4033124296637425,2.377496694397367,78.21464301323698
28.850520957458986,-63.33131560557958,1.000000000000002,2.4040327615024752,2.3788378439820086,78.08877771798832
28.85371802909519,-63.34124214526161,1.000000000000002,2.404754046054521,2.3801810425679024,77.9625779862159
28.856920096547444,-63.351168529699734,1.0000000000000022,2.405476283254074,2.3815262921120626,77.83604352922711
28.86012716737092,-63.36109475855279,1.000000000000002,2.406199473032874,2.3828735945730326,77.70917405832932
28.863339249131748,-63.371020831478916,1.0000000000000022,2.406923615320202,2.384222951910931,77.58196928482984
28.866556349407023,-63.38094674813533,1.0000000000000022,2.407648710042878,2.3855743660873765,77.45442892003597
28.86977847578481,-63.39087250817853,1.0000000000000022,2.4083747571252454,2.386927839065584,77.3265526752552
28.873005635864192,-63.4007981112642,1.0000000000000022,2.4091017564891692,2.3882833728103012,77.19834026179474
28.876237837255292,-63.41072355704721,1.0000000000000022,2.4098297080540316,2.389640969287843,77.0697913909621
28.879475087579234,-63.42064884518164,1.0000000000000022,2.410558611736727,2.391000630466073,76.9409057740645
28.88271739446826,-63.43057397532074,1.000000000000002,2.411288467451646,2.392362358314436,76.8116831224093
28.88596476556565,-63.440498947116964,1.0000000000000022,2.412019275110681,2.393726154803926,76.68212314730388
28.889217208525814,-63.45042376022197,1.0000000000000022,2.412751034623215,2.3950920219071277,76.55222556005562
28.892474731014275,-63.46034841428657,1.0000000000000022,2.413483745896112,2.396459961598178,76.42199007197188
28.895737340707708,-63.47027290896077,1.0000000000000022,2.414217408833715,2.3978299758528028,76.29141639436001
28.89900504529394,-63.4801972438938,1.0000000000000022,2.41495202333784,2.39920206664831,76.1605042385273
28.902277852471997,-63.490121418734034,1.000000000000002,2.415687589307765,2.4005762359635883,76.02925331578113
28.90555576995207,-63.50004543312899,1.000000000000002,2.4164241066402297,2.401952485779101,75.89766333742887
28.908838805455627,-63.50996928672545,1.0000000000000022,2.4171615752294247,2.403330818076923,75.76573401477789
28.912126966715345,-63.519892979169306,1.000000000000002,2.4178999949669824,2.4047112348407014,75.63346505913549
28.915420261475166,-63.52981651010563,1.0000000000000022,2.418639365741981,2.4060937380556924,75.50085618180913
28.91871869749032,-63.53973987917868,1.0000000000000022,2.419379687440926,2.407478329708745,75.367907094106
28.92202228252735,-63.54966308603191,1.0000000000000022,2.420120959947752,2.4088650117883157,75.23461750733357
28.92533102436411,-63.55958613030788,1.0000000000000022,2.420863183143812,2.4102537862844633,75.10098713279918
28.9286449307898,-63.56950901164836,1.0000000000000022,2.421606356907876,2.4116446551888524,74.96701568181012
28.931964009604982,-63.57943172969424,1.0000000000000022,2.4223504811161125,2.413037620494765,74.83270286567385
28.935288268621616,-63.58935428408564,1.0000000000000024,2.423095555642098,2.4144326841970924,74.69804839569764
28.93861771566305,-63.59927667446177,1.0000000000000024,2.423841580356797,2.4158298482923577,74.56305198318883
28.94195235856406,-63.60919890046103,1.0000000000000022,2.4245885551285644,2.417229114778685,74.42771333945483
28.945292205170887,-63.61912096172098,1.0000000000000024,2.4253364798231365,2.4186304856558456,74.29203217580299
28.94863726334121,-63.629042857878304,1.0000000000000024,2.4260853543036167,2.420033962925223,74.15600820354058
28.951987540944216,-63.63896458856888,1.0000000000000024,2.4268351784304816,2.4214395485898415,74.0196411339751
28.95534304586059,-63.64888615342769,1.0000000000000022,2.427585952061566,2.42284724465435,73.88293067841376
28.958703785982543,-63.658807552088874,1.0000000000000024,2.428337675052059,2.4242570531250482,73.745876548164
28.96206976921384,-63.668728784185745,1.0000000000000024,2.4290903472544962,2.425668976009872,73.60847845453311
28.965441003469813,-63.67864984935073,1.0000000000000024,2.4298439685187545,2.427083015318395,73.47073610882848
28.968817496677374,-63.68857074721539,1.0000000000000024,2.430598538692043,2.4284991730618435,73.33264922235747
28.97219925677508,-63.698491477410435,1.0000000000000024,2.431354057618895,2.4299174512531048,73.19421750642749
28.97558629171307,-63.708412039565744,1.0000000000000024,2.4321105251411708,2.431337851906709,73.05544067234572
28.978978609453176,-63.71833243331027,1.0000000000000024,2.4328679410980407,2.4327603770388455,72.91631843141965
28.98237621796889,-63.72825265827214,1.0000000000000024,2.4336263053259755,2.4341850286673674,72.77685049495659
28.985779125245383,-63.73817271407859,1.0000000000000022,2.4343856176587573,2.4356118088117906,72.63703657426394
28.989187339279578,-63.748092600355996,1.0000000000000024,2.4351458779274453,2.437040719493309,72.49687638064901
28.99260086808008,-63.75801231672985,1.0000000000000024,2.435907085960405,2.4384717627347676,72.35636962541916
28.996019719667313,-63.76793186282477,1.0000000000000024,2.4366692415832625,2.439904940560698,72.21551601988172
28.99944390207343,-63.77785123826449,1.0000000000000024,2.437432344618925,2.4413402549973124,72.07431527534406
29.002873423342415,-63.78777044267189,1.0000000000000027,2.4381963948875653,2.4427777080724997,71.93276710311355
29.00630829153005,-63.797689475668925,1.0000000000000024,2.4389613922066133,2.444217301815833,71.79087121449753
29.00974851470398,-63.80760833687669,1.0000000000000027,2.4397273363907446,2.445659038258576,71.6486273208034
29.0131941009437,-63.81752702591538,1.0000000000000022,2.4404942272518912,2.4471029194336777,71.5060351333384
29.016645058340576,-63.82744554240433,1.0000000000000024,2.4412620645992145,2.4485489473757847,71.36309436340999
29.020101394997926,-63.837363885961935,1.0000000000000024,2.442030848239103,2.449997124121251,71.21980472232545
29.02356311903096,-63.84728205620574,1.0000000000000024,2.4428005779751762,2.4514474517081153,71.07616592139216
