galstreams/tracks/track.po.PS1-D.bernard2016.ecsv
# %ECSV 1.0
# ---
# datatype:
# - {name: ra, unit: deg, datatype: float64}
# - {name: dec, unit: deg, datatype: float64}
# - {name: distance, unit: kpc, datatype: float64}
# - {name: pm_ra_cosdec, unit: mas / yr, datatype: float64}
# - {name: pm_dec, unit: mas / yr, datatype: float64}
# - {name: radial_velocity, unit: km / s, datatype: float64}
# delimiter: ','
# meta: !!omap
# - __serialized_columns__:
#     dec:
#       __class__: astropy.coordinates.angles.Latitude
#       unit: &id001 !astropy.units.Unit {unit: deg}
#       value: !astropy.table.SerializedColumn {name: dec}
#     distance:
#       __class__: astropy.coordinates.distances.Distance
#       unit: !astropy.units.Unit {unit: kpc}
#       value: !astropy.table.SerializedColumn {name: distance}
#     pm_dec:
#       __class__: astropy.units.quantity.Quantity
#       unit: !astropy.units.Unit {unit: mas / yr}
#       value: !astropy.table.SerializedColumn {name: pm_dec}
#     pm_ra_cosdec:
#       __class__: astropy.units.quantity.Quantity
#       unit: !astropy.units.Unit {unit: mas / yr}
#       value: !astropy.table.SerializedColumn {name: pm_ra_cosdec}
#     ra:
#       __class__: astropy.coordinates.angles.Longitude
#       unit: *id001
#       value: !astropy.table.SerializedColumn {name: ra}
#       wrap_angle: !astropy.coordinates.Angle
#         unit: *id001
#         value: 360.0
#     radial_velocity:
#       __class__: astropy.units.quantity.Quantity
#       unit: !astropy.units.Unit {unit: km / s}
#       value: !astropy.table.SerializedColumn {name: radial_velocity}
# schema: astropy-2.0
ra,dec,distance,pm_ra_cosdec,pm_dec,radial_velocity
[from data line 233]
138.77690137549314,-19.271061937492885,22.899999999999956,0.0,0.0,0.0
138.77738451021722,-19.261070113253805,22.89999999999996,0.0,0.0,0.0
138.77786758606274,-19.25107828774621,22.899999999999963,0.0,0.0,0.0
138.7783506030698,-19.241086460971044,22.899999999999963,0.0,0.0,0.0
138.7788335612786,-19.231094632929043,22.899999999999963,0.0,0.0,0.0
138.77931646072915,-19.22110280362119,22.899999999999967,0.0,0.0,0.0
138.77979930146162,-19.211110973048243,22.899999999999963,0.0,0.0,0.0
138.78028208351597,-19.20111914121111,22.899999999999963,0.0,0.0,0.0
138.78076480693232,-19.19112730811071,22.899999999999963,0.0,0.0,0.0
138.7812474717507,-19.181135473747794,22.899999999999963,0.0,0.0,0.0
138.7817300780111,-19.171143638123343,22.899999999999963,0.0,0.0,0.0
138.78221262575352,-19.161151801238102,22.899999999999967,0.0,0.0,0.0
138.78269511501793,-19.15115996309299,22.899999999999967,0.0,0.0,0.0
138.78317754584432,-19.14116812368893,22.899999999999963,0.0,0.0,0.0
138.7836599182726,-19.131176283026658,22.899999999999967,0.0,0.0,0.0
138.78414223234276,-19.12118444110716,22.899999999999967,0.0,0.0,0.0
138.78462448809466,-19.11119259793117,22.899999999999967,0.0,0.0,0.0
138.78510668556822,-19.10120075349961,22.899999999999967,0.0,0.0,0.0
138.7855888248033,-19.091208907813403,22.89999999999997,0.0,0.0,0.0
138.7860709058398,-19.081217060873286,22.89999999999997,0.0,0.0,0.0
138.78655292871755,-19.071225212680233,22.899999999999967,0.0,0.0,0.0
138.78703489347635,-19.06123336323499,22.899999999999963,0.0,0.0,0.0
138.78751680015608,-19.051241512538525,22.89999999999997,0.0,0.0,0.0
138.78799864879645,-19.04124966059159,22.899999999999967,0.0,0.0,0.0
138.7884804394373,-19.031257807395086,22.89999999999997,0.0,0.0,0.0
138.78896217211837,-19.021265952949935,22.89999999999997,0.0,0.0,0.0
138.78944384687944,-19.011274097256887,22.899999999999974,0.0,0.0,0.0
138.7899254637602,-19.001282240316904,22.899999999999974,0.0,0.0,0.0
138.79040702280037,-18.991290382130725,22.89999999999997,0.0,0.0,0.0
138.79088852403967,-18.981298522699262,22.899999999999967,0.0,0.0,0.0
138.79136996751777,-18.971306662023434,22.89999999999997,0.0,0.0,0.0
138.79185135327432,-18.961314800103978,22.89999999999997,0.0,0.0,0.0
138.792332681349,-18.95132293694186,22.899999999999967,0.0,0.0,0.0
138.79281395178137,-18.941331072537825,22.899999999999974,0.0,0.0,0.0
138.79329516461112,-18.931339206892833,22.89999999999997,0.0,0.0,0.0
138.79377631987785,-18.92134734000763,22.899999999999974,0.0,0.0,0.0
138.79425741762105,-18.91135547188313,22.89999999999997,0.0,0.0,0.0
138.7947384578804,-18.90136360252023,22.89999999999997,0.0,0.0,0.0
138.79521944069538,-18.891371731919683,22.89999999999997,0.0,0.0,0.0
138.79570036610554,-18.88137986008244,22.899999999999974,0.0,0.0,0.0
138.7961812341504,-18.871387987009243,22.899999999999977,0.0,0.0,0.0
138.79666204486946,-18.86139611270101,22.899999999999974,0.0,0.0,0.0
138.7971427983022,-18.851404237158633,22.899999999999977,0.0,0.0,0.0
138.79762349448808,-18.84141236038286,22.899999999999974,0.0,0.0,0.0
138.79810413346652,-18.831420482374657,22.899999999999974,0.0,0.0,0.0
138.79858471527706,-18.82142860313475,22.899999999999977,0.0,0.0,0.0
138.79906523995896,-18.811436722664048,22.899999999999974,0.0,0.0,0.0
138.79954570755177,-18.80144484096346,22.899999999999974,0.0,0.0,0.0
138.8000261180948,-18.79145295803372,22.899999999999974,0.0,0.0,0.0
138.80050647162744,-18.78146107387579,22.899999999999977,0.0,0.0,0.0
138.800986768189,-18.771469188490407,22.899999999999974,0.0,0.0,0.0
138.80146700781893,-18.761477301878468,22.899999999999974,0.0,0.0,0.0
138.8019471905564,-18.751485414040886,22.899999999999974,0.0,0.0,0.0
138.8024273164408,-18.741493524978384,22.899999999999974,0.0,0.0,0.0
138.80290738551142,-18.731501634691927,22.899999999999974,0.0,0.0,0.0
138.80338739780748,-18.721509743182256,22.899999999999977,0.0,0.0,0.0
138.8038673533683,-18.711517850450324,22.899999999999974,0.0,0.0,0.0
138.80434725223307,-18.701525956496855,22.899999999999974,0.0,0.0,0.0
138.80482709444107,-18.691534061322766,22.899999999999974,0.0,0.0,0.0
138.80530688003145,-18.68154216492894,22.899999999999977,0.0,0.0,0.0
138.80578660904342,-18.671550267316125,22.899999999999974,0.0,0.0,0.0
138.80626628151617,-18.661558368485267,22.89999999999998,0.0,0.0,0.0
138.8067458974888,-18.65156646843711,22.899999999999974,0.0,0.0,0.0
138.80722545700056,-18.641574567172597,22.899999999999974,0.0,0.0,0.0
138.8077049600905,-18.63158266469247,22.899999999999977,0.0,0.0,0.0
138.8081844067977,-18.621590760997613,22.89999999999998,0.0,0.0,0.0
138.8086637971613,-18.611598856088932,22.899999999999977,0.0,0.0,0.0
138.80914313122042,-18.601606949967167,22.89999999999998,0.0,0.0,0.0
138.80962240901403,-18.591615042633254,22.899999999999977,0.0,0.0,0.0
138.81010163058127,-18.58162313408794,22.899999999999977,0.0,0.0,0.0
138.8105807959611,-18.57163122433211,22.899999999999974,0.0,0.0,0.0
138.8110599051926,-18.56163931336666,22.899999999999977,0.0,0.0,0.0
138.81153895831469,-18.551647401192326,22.899999999999977,0.0,0.0,0.0
138.8120179553664,-18.541655487810058,22.89999999999998,0.0,0.0,0.0
138.81249689638668,-18.531663573220577,22.899999999999977,0.0,0.0,0.0
138.81297578141448,-18.521671657424786,22.89999999999998,0.0,0.0,0.0
138.81345461048875,-18.511679740423578,22.89999999999998,0.0,0.0,0.0
138.81393338364842,-18.501687822217672,22.89999999999998,0.0,0.0,0.0
138.81441210093237,-18.491695902808033,22.899999999999974,0.0,0.0,0.0
138.8148907623795,-18.481703982195373,22.89999999999998,0.0,0.0,0.0
138.81536936802866,-18.47171206038059,22.89999999999998,0.0,0.0,0.0
138.8158479179187,-18.46172013736459,22.89999999999998,0.0,0.0,0.0
138.8163264120885,-18.45172821314808,22.89999999999998,0.0,0.0,0.0
138.81680485057686,-18.44173628773201,22.89999999999998,0.0,0.0,0.0
138.8172832334226,-18.431744361117122,22.899999999999977,0.0,0.0,0.0
138.81776156066448,-18.421752433304334,22.89999999999998,0.0,0.0,0.0
138.8182398323413,-18.411760504294403,22.89999999999998,0.0,0.0,0.0
138.81871804849183,-18.401768574088198,22.89999999999998,0.0,0.0,0.0
138.81919620915485,-18.391776642686608,22.89999999999998,0.0,0.0,0.0
138.819674314369,-18.38178471009038,22.89999999999998,0.0,0.0,0.0
138.82015236417303,-18.37179277630044,22.89999999999998,0.0,0.0,0.0
138.82063035860568,-18.361800841317503,22.89999999999998,0.0,0.0,0.0
138.82110829770556,-18.351808905142477,22.89999999999998,0.0,0.0,0.0
138.82158618151138,-18.341816967776243,22.89999999999998,0.0,0.0,0.0
138.8220640100618,-18.331825029219516,22.89999999999998,0.0,0.0,0.0
138.82254178339545,-18.321833089473255,22.89999999999998,0.0,0.0,0.0
138.82301950155093,-18.311841148538164,22.89999999999998,0.0,0.0,0.0
138.82349716456687,-18.301849206415206,22.89999999999998,0.0,0.0,0.0
138.82397477248182,-18.29185726310508,22.899999999999984,0.0,0.0,0.0
138.82445232533436,-18.281865318608688,22.89999999999998,0.0,0.0,0.0
138.8249298231631,-18.271873372926905,22.89999999999998,0.0,0.0,0.0
138.82540726600655,-18.26188142606045,22.899999999999984,0.0,0.0,0.0
138.82588465390322,-18.251889478010284,22.899999999999988,0.0,0.0,0.0
138.8263619868916,-18.241897528777102,22.899999999999988,0.0,0.0,0.0
138.82683926501025,-18.23190557836181,22.89999999999998,0.0,0.0,0.0
138.8273164882976,-18.22191362676527,22.899999999999988,0.0,0.0,0.0
138.82779365679215,-18.211921673988225,22.899999999999984,0.0,0.0,0.0
138.82827077053233,-18.201929720031593,22.899999999999984,0.0,0.0,0.0
138.82874782955656,-18.191937764896092,22.899999999999984,0.0,0.0,0.0
138.8292248339033,-18.181945808582626,22.899999999999984,0.0,0.0,0.0
138.82970178361086,-18.17195385109206,22.89999999999998,0.0,0.0,0.0
138.83017867871774,-18.16196189242511,22.89999999999998,0.0,0.0,0.0
138.83065551926225,-18.15196993258272,22.899999999999988,0.0,0.0,0.0
138.83113230528275,-18.14197797156561,22.899999999999984,0.0,0.0,0.0
138.8316090368176,-18.131986009374646,22.899999999999988,0.0,0.0,0.0
138.83208571390512,-18.121994046010727,22.899999999999988,0.0,0.0,0.0
138.83256233658358,-18.11200208147456,22.899999999999984,0.0,0.0,0.0
138.8330389048913,-18.102010115767072,22.899999999999988,0.0,0.0,0.0
138.8335154188666,-18.092018148888986,22.899999999999988,0.0,0.0,0.0
138.8339918785477,-18.082026180841247,22.899999999999988,0.0,0.0,0.0
138.83446828397288,-18.07203421162455,22.899999999999984,0.0,0.0,0.0
138.8349446351803,-18.06204224123979,22.899999999999984,0.0,0.0,0.0
138.83542093220828,-18.052050269687825,22.899999999999988,0.0,0.0,0.0
138.83589717509494,-18.042058296969387,22.899999999999988,0.0,0.0,0.0
138.8363733638785,-18.032066323085413,22.899999999999984,0.0,0.0,0.0
138.83684949859716,-18.022074348036593,22.899999999999984,0.0,0.0,0.0
138.83732557928903,-18.012082371823876,22.899999999999988,0.0,0.0,0.0
138.83780160599227,-18.00209039444798,22.89999999999998,0.0,0.0,0.0
138.83827757874502,-17.992098415909755,22.899999999999988,0.0,0.0,0.0
138.83875349758537,-17.982106436210096,22.899999999999984,0.0,0.0,0.0
138.83922936255144,-17.97211445534971,22.899999999999984,0.0,0.0,0.0
138.83970517368127,-17.962122473329536,22.899999999999988,0.0,0.0,0.0
138.840180931013,-17.95213049015027,22.899999999999988,0.0,0.0,0.0
138.84065663458458,-17.942138505812803,22.899999999999988,0.0,0.0,0.0
138.8411322844341,-17.932146520317993,22.89999999999998,0.0,0.0,0.0
138.8416078805996,-17.922154533666557,22.899999999999984,0.0,0.0,0.0
138.8420834231191,-17.912162545859424,22.899999999999988,0.0,0.0,0.0
138.8425589120305,-17.902170556897303,22.899999999999988,0.0,0.0,0.0
138.84303434737188,-17.89217856678107,22.89999999999998,0.0,0.0,0.0
138.84350972918114,-17.882186575511586,22.899999999999988,0.0,0.0,0.0
138.8439850574962,-17.872194583089573,22.899999999999984,0.0,0.0,0.0
138.84446033235506,-17.862202589515956,22.899999999999984,0.0,0.0,0.0
138.8449355537956,-17.852210594791433,22.899999999999988,0.0,0.0,0.0
138.8454107218557,-17.842218598916876,22.899999999999988,0.0,0.0,0.0
138.84588583657327,-17.83222660189317,22.899999999999988,0.0,0.0,0.0
138.84636089798622,-17.82223460372101,22.899999999999988,0.0,0.0,0.0
138.8468359061323,-17.812242604401323,22.899999999999988,0.0,0.0,0.0
138.84731086104946,-17.80225060393481,22.89999999999999,0.0,0.0,0.0
138.84778576277546,-17.792258602322413,22.899999999999988,0.0,0.0,0.0
138.84826061134814,-17.782266599564814,22.899999999999988,0.0,0.0,0.0
138.84873540680528,-17.7722745956629,22.899999999999988,0.0,0.0,0.0
138.84921014918464,-17.76228259061753,22.899999999999988,0.0,0.0,0.0
138.84968483852404,-17.752290584429417,22.899999999999988,0.0,0.0,0.0
138.8501594748612,-17.74229857709948,22.899999999999988,0.0,0.0,0.0
138.85063405823385,-17.732306568628413,22.899999999999988,0.0,0.0,0.0
138.85110858867972,-17.722314559017093,22.899999999999988,0.0,0.0,0.0
138.85158306623651,-17.71232254826639,22.899999999999988,0.0,0.0,0.0
138.85205749094192,-17.702330536377,22.899999999999988,0.0,0.0,0.0
138.85253186283364,-17.692338523349854,22.89999999999999,0.0,0.0,0.0
138.8530061819493,-17.68234650918564,22.899999999999988,0.0,0.0,0.0
138.85348044832656,-17.67235449388528,22.899999999999988,0.0,0.0,0.0
138.85395466200308,-17.662362477449488,22.899999999999988,0.0,0.0,0.0
138.8544288230164,-17.65237045987912,22.899999999999988,0.0,0.0,0.0
138.8549029314042,-17.642378441175047,22.899999999999988,0.0,0.0,0.0
138.85537698720404,-17.632386421337962,22.899999999999988,0.0,0.0,0.0
138.85585099045352,-17.622394400368787,22.899999999999988,0.0,0.0,0.0
138.85632494119017,-17.61240237826823,22.899999999999988,0.0,0.0,0.0
138.8567988394515,-17.602410355037133,22.89999999999999,0.0,0.0,0.0
138.85727268527512,-17.592418330676388,22.899999999999988,0.0,0.0,0.0
138.8577464786985,-17.582426305186672,22.899999999999988,0.0,0.0,0.0
138.85822021975912,-17.572434278568913,22.899999999999988,0.0,0.0,0.0
138.8586939084945,-17.562442250823814,22.899999999999988,0.0,0.0,0.0
138.85916754494212,-17.552450221952213,22.899999999999988,0.0,0.0,0.0
138.85964112913936,-17.542458191955003,22.899999999999988,0.0,0.0,0.0
138.86011466112376,-17.532466160832858,22.899999999999984,0.0,0.0,0.0
138.86058814093272,-17.5224741285867,22.899999999999988,0.0,0.0,0.0
138.8610615686036,-17.512482095217237,22.899999999999984,0.0,0.0,0.0
138.86153494417383,-17.502490060725318,22.899999999999988,0.0,0.0,0.0
138.8620082676808,-17.492498025111807,22.899999999999984,0.0,0.0,0.0
138.8624815391619,-17.482505988377383,22.899999999999988,0.0,0.0,0.0
138.86295475865444,-17.472513950523,22.899999999999984,0.0,0.0,0.0
138.86342792619578,-17.462521911549317,22.899999999999988,0.0,0.0,0.0
138.86390104182328,-17.452529871457262,22.899999999999988,0.0,0.0,0.0
138.86437410557417,-17.44253783024752,22.899999999999988,0.0,0.0,0.0
138.8648471174858,-17.43254578792097,22.899999999999988,0.0,0.0,0.0
138.86532007759544,-17.422553744478453,22.899999999999984,0.0,0.0,0.0
138.8657929859404,-17.412561699920655,22.899999999999988,0.0,0.0,0.0
138.86626584255785,-17.40256965424852,22.899999999999984,0.0,0.0,0.0
138.86673864748508,-17.3925776074627,22.899999999999988,0.0,0.0,0.0
138.86721140075932,-17.382585559564138,22.899999999999988,0.0,0.0,0.0
138.8676841024177,-17.37259351055351,22.899999999999988,0.0,0.0,0.0
138.86815675249755,-17.36260146043168,22.899999999999988,0.0,0.0,0.0
138.86862935103596,-17.352609409199502,22.899999999999988,0.0,0.0,0.0
138.8691018980701,-17.342617356857666,22.899999999999984,0.0,0.0,0.0
138.86957439363718,-17.332625303407088,22.899999999999984,0.0,0.0,0.0
138.87004683777428,-17.322633248848444,22.899999999999984,0.0,0.0,0.0
138.8705192305185,-17.312641193182603,22.89999999999998,0.0,0.0,0.0
138.87099157190704,-17.30264913641041,22.899999999999984,0.0,0.0,0.0
138.87146386197693,-17.292657078532557,22.899999999999988,0.0,0.0,0.0
138.87193610076528,-17.282665019549967,22.899999999999988,0.0,0.0,0.0
138.87240828830912,-17.272672959463307,22.89999999999998,0.0,0.0,0.0
138.8728804246455,-17.26268089827344,22.899999999999988,0.0,0.0,0.0
138.8733525098115,-17.25268883598123,22.89999999999998,0.0,0.0,0.0
138.87382454384414,-17.24269677258734,22.89999999999998,0.0,0.0,0.0
138.87429652678043,-17.232704708092697,22.899999999999988,0.0,0.0,0.0
138.8747684586573,-17.222712642497985,22.899999999999984,0.0,0.0,0.0
138.87524033951178,-17.21272057580405,22.899999999999984,0.0,0.0,0.0
138.87571216938088,-17.202728508011745,22.899999999999988,0.0,0.0,0.0
138.87618394830147,-17.192736439121767,22.89999999999998,0.0,0.0,0.0
138.87665567631055,-17.182744369134998,22.89999999999998,0.0,0.0,0.0
138.87712735344502,-17.172752298052146,22.899999999999984,0.0,0.0,0.0
138.87759897974175,-17.162760225874116,22.899999999999984,0.0,0.0,0.0
138.8780705552377,-17.15276815260157,22.899999999999984,0.0,0.0,0.0
138.87854207996975,-17.142776078235382,22.89999999999998,0.0,0.0,0.0
138.87901355397474,-17.132784002776397,22.899999999999988,0.0,0.0,0.0
138.87948497728954,-17.122791926225293,22.89999999999998,0.0,0.0,0.0
138.87995634995096,-17.11279984858297,22.899999999999984,0.0,0.0,0.0
138.88042767199585,-17.10280776985012,22.899999999999984,0.0,0.0,0.0
138.880898943461,-17.092815690027585,22.899999999999984,0.0,0.0,0.0
138.88137016438324,-17.082823609116225,22.89999999999998,0.0,0.0,0.0
138.88184133479936,-17.07283152711671,22.899999999999984,0.0,0.0,0.0
138.88231245474606,-17.06283944402994,22.89999999999998,0.0,0.0,0.0
138.88278352426016,-17.05284735985661,22.89999999999998,0.0,0.0,0.0
138.88325454337837,-17.04285527459761,22.899999999999984,0.0,0.0,0.0
138.8837255121375,-17.03286318825363,22.899999999999988,0.0,0.0,0.0
138.88419643057412,-17.02287110082551,22.899999999999988,0.0,0.0,0.0
138.88466729872502,-17.012879012314098,22.899999999999984,0.0,0.0,0.0
138.88513811662688,-17.002886922720073,22.899999999999984,0.0,0.0,0.0
138.88560888431633,-16.992894832044342,22.89999999999998,0.0,0.0,0.0
138.8860796018301,-16.982902740287575,22.89999999999998,0.0,0.0,0.0
