galstreams/tracks/track.st.Gunnthra.ibata2021.ecsv
# %ECSV 0.9
# ---
# datatype:
# - {name: ra, unit: deg, datatype: float64}
# - {name: dec, unit: deg, datatype: float64}
# - {name: distance, unit: kpc, datatype: float64}
# - {name: pm_ra_cosdec, unit: mas / yr, datatype: float64}
# - {name: pm_dec, unit: mas / yr, datatype: float64}
# - {name: radial_velocity, unit: km / s, datatype: float64}
# delimiter: ','
# meta: !!omap
# - __serialized_columns__:
#     dec:
#       __class__: astropy.coordinates.angles.Latitude
#       unit: &id001 !astropy.units.Unit {unit: deg}
#       value: !astropy.table.SerializedColumn {name: dec}
#     distance:
#       __class__: astropy.coordinates.distances.Distance
#       unit: !astropy.units.Unit {unit: kpc}
#       value: !astropy.table.SerializedColumn {name: distance}
#     pm_dec:
#       __class__: astropy.units.quantity.Quantity
#       unit: !astropy.units.Unit {unit: mas / yr}
#       value: !astropy.table.SerializedColumn {name: pm_dec}
#     pm_ra_cosdec:
#       __class__: astropy.units.quantity.Quantity
#       unit: !astropy.units.Unit {unit: mas / yr}
#       value: !astropy.table.SerializedColumn {name: pm_ra_cosdec}
#     ra:
#       __class__: astropy.coordinates.angles.Longitude
#       unit: *id001
#       value: !astropy.table.SerializedColumn {name: ra}
#       wrap_angle: !astropy.coordinates.Angle
#         unit: *id001
#         value: 360.0
#     radial_velocity:
#       __class__: astropy.units.quantity.Quantity
#       unit: !astropy.units.Unit {unit: km / s}
#       value: !astropy.table.SerializedColumn {name: radial_velocity}
# schema: astropy-2.0
ra,dec,distance,pm_ra_cosdec,pm_dec,radial_velocity
[from data line 1503]
297.4149376421928,-64.84037725519,3.096868519674657,-9.360106934492105,-29.328623666568372,3.368306851948935e-14
297.4213165353124,-64.83060054912674,3.0970157455319645,-9.356558430148223,-29.33203335323419,6.73661370389787e-14
297.42769056574144,-64.82082353356296,3.0971635652397542,-9.353011779718846,-29.335437425615606,3.368306851948935e-14
297.4340597509068,-64.81104621090765,3.0973119796112076,-9.349466977757254,-29.338835878866238,1.347322740779574e-13
297.4404241082121,-64.80126858356716,3.0974609894595027,-9.3459240188267,-29.342228708131785,1.0104920555846805e-13
297.44678365503745,-64.79149065394536,3.0976105955978195,-9.342382897500455,-29.345615908550045,1.6841534259744677e-13
297.4531384087398,-64.78171242444338,3.0977607988393383,-9.338843608361739,-29.34899747525088,1.347322740779574e-13
297.4594883866528,-64.77193389745987,3.097911599997239,-9.335306146003756,-29.352373403356232,3.368306851948935e-14
297.46583360608673,-64.7621550753909,3.0980629998847005,-9.331770505029764,-29.35574368798022,6.73661370389787e-14
297.47217408432886,-64.75237596062989,3.0982149993149037,-9.32823668005289,-29.35910832422907,3.368306851948935e-14
297.478509838643,-64.74259655556776,3.098367599101028,-9.324704665696274,-29.362467307201186,1.0104920555846805e-13
297.48484088627015,-64.73281686259283,3.098520800056254,-9.321174456593068,-29.365820631987127,3.368306851948935e-14
297.49116724442797,-64.72303688409087,3.09867460299376,-9.317646047386358,-29.36916829366968,1.0104920555846805e-13
297.4974889303112,-64.7132566224451,3.0988290087267263,-9.314119432729182,-29.372510287323845,0.0
297.5038059610915,-64.7034760800362,3.098984018068333,-9.310594607284592,-29.375846608016822,1.0104920555846805e-13
297.5101183539177,-64.69369525924225,3.0991396318317603,-9.307071565725545,-29.379177250808098,6.73661370389787e-14
297.5164261259154,-64.68391416243882,3.0992958508301873,-9.303550302734983,-29.38250221074941,0.0
297.5227292941876,-64.67413279199899,3.0994526758767944,-9.300030813005797,-29.38582148288478,3.368306851948935e-14
297.5290278758144,-64.66435115029321,3.099610107784761,-9.296513091240802,-29.38913506225055,6.73661370389787e-14
297.5353218878529,-64.65456923968951,3.0997681473672665,-9.292997132152829,-29.392442943875377,3.368306851948935e-14
297.5416113473375,-64.6447870625533,3.0999267954374923,-9.289482930464589,-29.395745122780227,0.0
297.5478962712799,-64.63500462124752,3.1000860528086163,-9.285970480908759,-29.399041593978467,-3.368306851948935e-14
297.55417667666916,-64.62522191813261,3.1002459202938204,-9.282459778227967,-29.402332352475817,3.368306851948935e-14
297.56045258047146,-64.61543895556645,3.1004063987062813,-9.278950817174794,-29.40561739327041,3.368306851948935e-14
297.56672399963054,-64.60565573590445,3.100567488859182,-9.27544359251168,-29.40889671135275,3.368306851948935e-14
297.5729909510675,-64.59587226149951,3.1007291915656996,-9.271938099011077,-29.412170301705807,-3.368306851948935e-14
297.5792534516808,-64.58608853470204,3.1008915076390164,-9.268434331455325,-29.415438159304966,0.0
297.5855115183465,-64.57630455785997,3.101054437892311,-9.264932284636716,-29.418700279118102,6.73661370389787e-14
297.59176516791814,-64.56652033331868,3.1012179831387634,-9.26143195335745,-29.42195665610553,3.368306851948935e-14
297.59801441722675,-64.55673586342115,3.1013821441915526,-9.257933332429658,-29.4252072852201,1.0104920555846805e-13
297.60425928308115,-64.54695115050782,3.10154692186386,-9.254436416675333,-29.428452161407165,3.368306851948935e-14
297.61049978226754,-64.5371661969167,3.101712316968864,-9.250941200926507,-29.431691279604582,6.73661370389787e-14
297.61673593155,-64.52738100498328,3.101878330319745,-9.247447680024981,-29.43492463474279,3.368306851948935e-14
297.62296774767026,-64.51759557704064,3.1020449627296838,-9.243955848822573,-29.43815222174478,0.0
297.62919524734775,-64.50780991541934,3.102212215011858,-9.240465702180964,-29.44137403552614,3.368306851948935e-14
297.6354184472797,-64.49802402244755,3.102380087979449,-9.236977234971745,-29.44459007099502,1.0104920555846805e-13
297.6416373641412,-64.4882379004509,3.1025485824456362,-9.233490442076395,-29.44780032305224,0.0
297.6478520145853,-64.47845155175268,3.102717699223599,-9.230005318386334,-29.45100478659119,1.0104920555846805e-13
297.65406241524266,-64.46866497867363,3.102887439126518,-9.226521858802833,-29.454203456497957,0.0
297.66026858272215,-64.45887818353211,3.1030578029675726,-9.223040058237109,-29.45739632765126,3.368306851948935e-14
297.66647053361055,-64.44909116864403,3.1032287915599426,-9.219559911610185,-29.460583394922573,0.0
297.67266828447254,-64.43930393632287,3.103400405716808,-9.216081413853077,-29.463764653175954,6.73661370389787e-14
297.678861851851,-64.42951648887968,3.1035726462513487,-9.21260455990661,-29.466940097268274,-6.73661370389787e-14
297.6850512522668,-64.4197288286231,3.103745513976744,-9.209129344721548,-29.47010972204911,6.73661370389787e-14
297.691236502219,-64.40994095785932,3.1039190097061744,-9.205655763258447,-29.473273522360792,1.0104920555846805e-13
297.6974176181847,-64.4001528788921,3.1040931342528184,-9.202183810487886,-29.476431493038383,3.368306851948935e-14
297.70359461661934,-64.39036459402288,3.104267888429858,-9.198713481390204,-29.479583628909776,6.73661370389787e-14
297.70976751395654,-64.3805761055506,3.10444327305047,-9.195244770955632,-29.482729924795656,-3.368306851948935e-14
297.7159363266082,-64.37078741577184,3.1046192889278372,-9.191777674184301,-29.4858703755095,-3.368306851948935e-14
297.7221010709644,-64.36099852698078,3.1047959368751377,-9.188312186086204,-29.489004975857632,1.0104920555846805e-13
297.72826176339385,-64.35120944146917,3.1049732177055525,-9.18484830168119,-29.492133720639234,3.368306851948935e-14
297.73441842024334,-64.34142016152637,3.1051511322322596,-9.181386015998987,-29.495256604646336,-3.368306851948935e-14
297.7405710578383,-64.33163068943945,3.105329681268441,-9.177925324079151,-29.498373622663866,1.0104920555846805e-13
297.7467196924825,-64.32184102749297,3.1055088656272747,-9.174466220971134,-29.501484769469656,6.73661370389787e-14
297.75286434045825,-64.31205117796917,3.1056886861219413,-9.171008701734225,-29.504590039834437,0.0
297.7590050180263,-64.3022611431479,3.10586914356562,-9.167552761437616,-29.507689428521864,3.368306851948935e-14
297.76514174142613,-64.29247092530669,3.1060502387714926,-9.164098395160233,-29.510782930288556,1.0104920555846805e-13
297.7712745268757,-64.28268052672061,3.106231972552736,-9.160645597990966,-29.513870539884103,6.73661370389787e-14
297.7774033905715,-64.27288994966244,3.106414345722532,-9.15719436502854,-29.51695225205104,1.0104920555846805e-13
297.7835283486892,-64.26309919640256,3.106597359094059,-9.153744691381412,-29.52002806152494,6.73661370389787e-14
297.78964941738235,-64.25330826920901,3.1067810134804996,-9.150296572168067,-29.523097963034353,1.0104920555846805e-13
297.7957666127841,-64.24351717034749,3.10696530969503,-9.146850002516633,-29.526161951300907,-3.368306851948935e-14
297.80187995100584,-64.23372590208133,3.1071502485508327,-9.143404977565254,-29.529220021039187,3.368306851948935e-14
297.8079894481379,-64.22393446667152,3.1073358308610866,-9.139961492461762,-29.532272166956915,0.0
297.8140951202497,-64.21414286637673,3.107522057438971,-9.136519542363889,-29.535318383754863,0.0
297.8201969833891,-64.20435110345325,3.107708929097666,-9.133079122439245,-29.53835866612689,6.73661370389787e-14
297.82629505358335,-64.19455918015507,3.107896446650351,-9.129640227865144,-29.541393008759982,3.368306851948935e-14
297.8323893468384,-64.18476709873384,3.1080846109102076,-9.126202853828847,-29.544421406334195,6.73661370389787e-14
297.83847987913924,-64.17497486143887,3.108273422690413,-9.122766995527394,-29.54744385352279,3.368306851948935e-14
297.8445666664501,-64.1651824705172,3.10846288280415,-9.119332648167598,-29.55046034499212,-3.368306851948935e-14
297.8506497247138,-64.1553899282135,3.1086529920645956,-9.115899806966182,-29.55347087540178,1.0104920555846805e-13
297.85672906985286,-64.1455972367701,3.108843751284932,-9.112468467149569,-29.556475439404483,6.73661370389787e-14
297.86280471776854,-64.13580439842711,3.1090351612783365,-9.109038623954156,-29.55947403164619,6.73661370389787e-14
297.86887668434144,-64.12601141542225,3.1092272228579905,-9.105610272625993,-29.562466646766044,1.0104920555846805e-13
297.8749449854314,-64.11621828999098,3.109419936837074,-9.102183408421,-29.565453279396433,6.73661370389787e-14
297.88100963687737,-64.10642502436642,3.109613304028766,-9.098758026604973,-29.56843392416302,0.0
297.88707065449773,-64.09663162077943,3.109807325246247,-9.095334122453403,-29.571408575684686,3.368306851948935e-14
297.8931280540901,-64.08683808145858,3.110002001302696,-9.091911691251644,-29.574377228573617,6.73661370389787e-14
297.89918185143154,-64.07704440863012,3.110197333011294,-9.088490728294836,-29.577339877435286,3.368306851948935e-14
297.90523206227834,-64.06725060451801,3.11039332118522,-9.085071228887967,-29.580296516868465,1.0104920555846805e-13
297.9112787023665,-64.05745667134394,3.110589966637652,-9.081653188345717,-29.58324714146529,0.0
297.91732178741114,-64.04766261132735,3.110787270181774,-9.078236601992673,-29.586191745811174,6.73661370389787e-14
297.92336133310727,-64.03786842668536,3.110985232630763,-9.074821465163112,-29.589130324484948,-6.73661370389787e-14
297.929397355129,-64.02807411963285,3.1111838547977997,-9.07140777320121,-29.59206287205877,3.368306851948935e-14
297.9354298691305,-64.0182796923824,3.111383137496063,-9.06799552146081,-29.594989383098206,6.73661370389787e-14
297.941458890745,-64.00848514714431,3.1115830815387326,-9.06458470530567,-29.59790985216221,1.0104920555846805e-13
297.9474844355859,-63.99869048612669,3.11178368773899,-9.06117532010922,-29.60082427380316,0.0
297.953506519246,-63.988895711535335,3.111984956910014,-9.057767361254742,-29.603732642566847,6.73661370389787e-14
297.9595251572977,-63.979100825573774,3.112186889864984,-9.054360824135264,-29.606634952992568,6.73661370389787e-14
297.96554036529346,-63.96930583044331,3.1123894874170803,-9.0509557041536,-29.609531199612984,-3.368306851948935e-14
297.9715521587653,-63.95951072834303,3.1125927503794824,-9.047551996722385,-29.61242137695428,3.368306851948935e-14
297.9775605532251,-63.949715521469685,3.11279667956537,-9.044149697263924,-29.61530547953618,3.368306851948935e-14
297.98356556416456,-63.93992021201785,3.1130012757879237,-9.040748801210425,-29.618183501871826,6.73661370389787e-14
297.9895672070554,-63.93012480217986,3.113206539860323,-9.037349304003751,-29.62105543846793,0.0
297.9955654973492,-63.92032929414579,3.1134124725957473,-9.03395120109557,-29.623921283824746,3.368306851948935e-14
298.0015604504774,-63.91053369010346,3.113619074807377,-9.030554487947363,-29.626781032436043,-3.368306851948935e-14
298.00755208185154,-63.90073799223854,3.1138263473083914,-9.027159160030346,-29.62963467878918,6.73661370389787e-14
298.01354040686317,-63.89094220273439,3.114034290911971,-9.023765212825428,-29.632482217365094,0.0
298.0195254408838,-63.881146323772185,3.114242906431294,-9.020372641823425,-29.635323642638305,-3.368306851948935e-14
298.0255071992652,-63.871350357530886,3.1144521946795423,-9.01698144252476,-29.638158949076942,-3.368306851948935e-14
298.03148569733906,-63.86155430618722,3.114662156469894,-9.01359161043971,-29.640988131142773,0.0
298.03746095041754,-63.85175817191571,3.1148727926155315,-9.010203141088258,-29.643811183291163,3.368306851948935e-14
298.04343297379273,-63.84196195688866,3.1150841039296306,-9.006816030000161,-29.646628099971213,6.73661370389787e-14
298.04940178273705,-63.832165663276164,3.1152960912253738,-9.003430272714937,-29.64943887562561,3.368306851948935e-14
298.0553673925031,-63.822369293246126,3.11550875531594,-9.000045864781828,-29.652243504690734,3.368306851948935e-14
298.061329818324,-63.812572848964244,3.1157220970145105,-8.996662801759834,-29.655041981596693,3.368306851948935e-14
298.06728907541293,-63.80277633259401,3.1159361171342645,-8.9932810792177,-29.657834300767277,6.73661370389787e-14
298.0732451789636,-63.79297974629671,3.1161508164883793,-8.989900692733945,-29.660620456620013,3.368306851948935e-14
298.0791981441501,-63.783183092231475,3.1163661958900377,-8.986521637896773,-29.663400443566175,3.368306851948935e-14
298.085147986127,-63.77338637255521,3.1165822561524195,-8.983143910304122,-29.66617425601077,3.368306851948935e-14
298.0910947200293,-63.763589589422644,3.116798998088701,-8.979767505563764,-29.66894188835258,3.368306851948935e-14
298.09703836097236,-63.753792744986335,3.1170164225120676,-8.97639241929312,-29.67170333498418,6.73661370389787e-14
298.1029789240524,-63.74399584139665,3.117234530235694,-8.97301864711935,-29.674458590291934,3.368306851948935e-14
298.1089164243459,-63.73419888080177,3.117453322072763,-8.969646184679403,-29.677207648656,3.368306851948935e-14
298.11485087691017,-63.72440186534773,3.1176727988364537,-8.966275027619874,-29.679950504450368,3.368306851948935e-14
298.12078229678303,-63.71460479717835,3.117892961339945,-8.962905171597189,-29.682687152042888,1.347322740779574e-13
298.1267106989829,-63.70480767843531,3.118113810396417,-8.959536612277468,-29.685417585795236,0.0
298.1326360985093,-63.69501051125815,3.1183353468190513,-8.956169345336436,-29.688141800062983,0.0
298.1385585103419,-63.68521329778417,3.1185575714210256,-8.952803366459744,-29.690859789195525,1.347322740779574e-13
298.1444779494417,-63.67541604014858,3.1187804850155194,-8.94943867134262,-29.69357154753623,6.73661370389787e-14
298.1503944307501,-63.665618740484426,3.119004088415715,-8.946075255690067,-29.69627706942229,6.73661370389787e-14
298.1563079691896,-63.65582140092254,3.119228382434791,-8.942713115216842,-29.698976349184896,0.0
298.16221857966343,-63.646024023591686,3.119453367885926,-8.93935224564733,-29.701669381149117,1.0104920555846805e-13
298.1681262770558,-63.63622661061841,3.119679045582301,-8.935992642715691,-29.70435615963401,0.0
298.1740310762319,-63.62642916412715,3.119905416337096,-8.932634302165786,-29.70703667895258,-3.368306851948935e-14
298.17993299203783,-63.616631686240204,3.120132480963491,-8.929277219751233,-29.70971093341179,3.368306851948935e-14
298.1858320393007,-63.606834179077694,3.1203602402746644,-8.925921391235248,-29.71237891731265,1.0104920555846805e-13
298.19172823282855,-63.597036644757615,3.1205886950837964,-8.922566812390922,-29.715040624950106,3.368306851948935e-14
298.1976215874108,-63.58723908539587,3.1208178462040674,-8.919213479000893,-29.717696050613192,3.368306851948935e-14
298.20351211781775,-63.57744150310618,3.1210476944486576,-8.915861386857586,-29.720345188584897,-3.368306851948935e-14
298.20939983880083,-63.567643900000164,3.1212782406307467,-8.912510531763138,-29.72298803314232,3.368306851948935e-14
298.2152847650927,-63.55784627818729,3.1215094855635126,-8.909160909529387,-29.725624578556612,3.368306851948935e-14
298.2211669114073,-63.54804863977492,3.1217414300601383,-8.905812515977841,-29.72825481909294,1.347322740779574e-13
298.2270462924397,-63.53825098686828,3.1219740749338016,-8.90246534693972,-29.730878749010632,6.73661370389787e-14
298.23292292286624,-63.52845332157048,3.1222074209976807,-8.899119398255973,-29.733496362563095,3.368306851948935e-14
298.23879681734473,-63.518655645982555,3.12244146906496,-8.895774665777186,-29.736107653997795,3.368306851948935e-14
298.2446679905141,-63.50885796220335,3.1226762199488145,-8.89243114536375,-29.73871261755641,0.0
298.2505364569947,-63.49906027232967,3.122911674462428,-8.88908883288562,-29.741311247474684,0.0
298.2564022313885,-63.489262578456156,3.123147833418977,-8.885747724222517,-29.743903537982558,3.368306851948935e-14
298.2622653282786,-63.47946488267539,3.1233846976316433,-8.882407815263873,-29.746489483304153,3.368306851948935e-14
298.2681257622297,-63.469667187077796,3.1236222679136056,-8.879069101908772,-29.74906907765771,0.0
