galstreams/tracks/track.st.C-5.ibata2021.ecsv
# %ECSV 1.0
# ---
# datatype:
# - {name: ra, unit: deg, datatype: float64}
# - {name: dec, unit: deg, datatype: float64}
# - {name: distance, unit: kpc, datatype: float64}
# - {name: pm_ra_cosdec, unit: mas / yr, datatype: float64}
# - {name: pm_dec, unit: mas / yr, datatype: float64}
# - {name: radial_velocity, unit: km / s, datatype: float64}
# delimiter: ','
# meta: !!omap
# - __serialized_columns__:
#     dec:
#       __class__: astropy.coordinates.angles.Latitude
#       unit: &id001 !astropy.units.Unit {unit: deg}
#       value: !astropy.table.SerializedColumn {name: dec}
#     distance:
#       __class__: astropy.coordinates.distances.Distance
#       unit: !astropy.units.Unit {unit: kpc}
#       value: !astropy.table.SerializedColumn {name: distance}
#     pm_dec:
#       __class__: astropy.units.quantity.Quantity
#       unit: !astropy.units.Unit {unit: mas / yr}
#       value: !astropy.table.SerializedColumn {name: pm_dec}
#     pm_ra_cosdec:
#       __class__: astropy.units.quantity.Quantity
#       unit: !astropy.units.Unit {unit: mas / yr}
#       value: !astropy.table.SerializedColumn {name: pm_ra_cosdec}
#     ra:
#       __class__: astropy.coordinates.angles.Longitude
#       unit: *id001
#       value: !astropy.table.SerializedColumn {name: ra}
#       wrap_angle: !astropy.coordinates.Angle
#         unit: *id001
#         value: 360.0
#     radial_velocity:
#       __class__: astropy.units.quantity.Quantity
#       unit: !astropy.units.Unit {unit: km / s}
#       value: !astropy.table.SerializedColumn {name: radial_velocity}
# schema: astropy-2.0
ra,dec,distance,pm_ra_cosdec,pm_dec,radial_velocity
[from data line 569]
119.41072589533563,33.85622160183813,5.36273539643979,-0.5061345881421819,-8.639065212777062,157.93463183850488
119.42044607254189,33.85015742639346,5.368698010843421,-0.5044302955501756,-8.629381696963607,158.67663963916928
119.43015902330542,33.84408370411569,5.37468055612642,-0.5027179059882791,-8.619646431789286,159.42251072375845
119.43986472583764,33.838000406090515,5.380683092234086,-0.5009973771218386,-8.609859192977384,160.17225495676732
119.44956315834776,33.83190750340887,5.386705679111716,-0.4992686665648156,-8.600019756259586,160.92588220269087
119.45925429904293,33.82580496716696,5.392748376704609,-0.4975317318800698,-8.590127897375991,161.68340232602415
119.46893812612808,33.81969276846623,5.398811244958064,-0.49578653057961475,-8.580183392075035,162.44482519126197
119.47861461780609,33.81357087841339,5.404894343817377,-0.4940330201249177,-8.570186016113514,163.21016066289917
119.48828375227788,33.807439268120326,5.4109977332278465,-0.492271157927183,-8.560135545256507,163.97941860543085
119.49794550774232,33.80129790870417,5.417121473134773,-0.49050090134762137,-8.550031755277384,164.75260888335183
119.5075998623964,33.79514677128726,5.42326562348345,-0.4887222076977591,-8.539874421957759,165.52974136115702
119.51724679443528,33.78898582699709,5.42943024421918,-0.4869350342397034,-8.529663321087455,166.31082590334128
119.52688628205227,33.78281504696634,5.435615395287259,-0.48513933818643373,-8.519398228464496,167.09587237439973
119.53651830343888,33.77663440233288,5.441821136632987,-0.48333507670208675,-8.509078919895062,167.8848906388271
119.54614283678497,33.77044386423969,5.448047528201659,-0.48152220690224823,-8.49870517119346,168.67789056111843
119.55575986027868,33.76424340383492,5.454294629938576,-0.47970068585424164,-8.488276758182097,169.4748820057687
119.56536935210656,33.75803299227183,5.460562501789034,-0.47787047057739596,-8.47779345669146,170.27587483727265
119.5749712904536,33.751812600708796,5.466851203698334,-0.4760315180433681,-8.46725504256004,171.08087892012531
119.58456565350323,33.7455822003093,5.47316079561177,-0.47418378517640036,-8.45666129163439,171.88990411882162
119.59415241943748,33.739341762241914,5.479491337474643,-0.47232722885364,-8.446011979768992,172.70296029785646
119.6037315664369,33.733091257680286,5.485842889232251,-0.47046180590539866,-8.435306882826296,173.5200573217248
119.61330307268076,33.726830657803134,5.492215510829889,-0.4685874731154751,-8.424545776676673,174.3412050549215
119.62286691634694,33.720559933794206,5.498609262212861,-0.4667041872214144,-8.413728437198358,175.16641336194144
119.63242307561207,33.71427905684232,5.50502420332646,-0.46481190491482494,-8.402854640277452,175.99569210727975
119.6419715286516,33.70798799814129,5.511460394115986,-0.4629105828416673,-8.391924161807871,176.82905115543116
119.65151225363981,33.70168672888997,5.517917894526738,-0.461000177602541,-8.38093677769132,177.66650037089073
119.66104522874984,33.695375220292206,5.5243967645040115,-0.4590806457529739,-8.369892263837258,178.50804961815317
119.67057043215388,33.68905344355683,5.530897063993107,-0.4571519438037486,-8.358790396162867,179.3537087617136
119.68008784202291,33.682721369897656,5.5374188529393225,-0.4552140282211381,-8.347630950593018,180.2034876660669
119.68959743652715,33.676378970533456,5.543962191287954,-0.45326685542726075,-8.336413703060247,181.05739619570798
119.69909919383586,33.67002621668796,5.550527138984301,-0.45131038180035343,-8.325138429504703,181.91544421513177
119.70859309211735,33.66366307958982,5.557113755973663,-0.4493445636750524,-8.313804905874123,182.77764158883323
119.71807910953929,33.65728953047264,5.563722102201336,-0.447369357342728,-8.302412908123824,183.64399818130715
119.72755722426847,33.650905540574904,5.570352237612619,-0.4453847190517415,-8.29096221221662,184.51452385704857
119.73702741447102,33.64451108114003,5.577004222152809,-0.44339060500777716,-8.279452594122827,185.38922848055248
119.74648965831244,33.638106123416286,5.5836781157672055,-0.44138697137411587,-8.267883829820217,186.26812191631365
119.75594393395764,33.631690638656835,5.590373978401107,-0.4393737742719601,-8.256255695293978,187.15121402882707
119.76539021957096,33.625264598119706,5.59709186999981,-0.43735096978071475,-8.24456796653669,188.03851468258756
119.77482849331624,33.618827973067766,5.6038318505086115,-0.4353185139382836,-8.232820419548284,188.93003374209016
119.7842587333569,33.61238073476871,5.6105939798728155,-0.4332763627413989,-8.221012830335997,189.8257810718299
119.79368091785602,33.605922854495056,5.617378318037714,-0.4312244721459013,-8.209144974914363,190.72576653630153
119.80309502497622,33.59945430352414,5.624184924948606,-0.4291627980670345,-8.197216629305155,191.63000000000002
