galstreams/tracks/track.st.LMS-1.yuan2020.ecsv
# %ECSV 0.9
# ---
# datatype:
# - {name: ra, unit: deg, datatype: float64}
# - {name: dec, unit: deg, datatype: float64}
# - {name: distance, unit: kpc, datatype: float64}
# - {name: pm_ra_cosdec, unit: mas / yr, datatype: float64}
# - {name: pm_dec, unit: mas / yr, datatype: float64}
# - {name: radial_velocity, unit: km / s, datatype: float64}
# delimiter: ','
# meta: !!omap
# - __serialized_columns__:
#     dec:
#       __class__: astropy.coordinates.angles.Latitude
#       unit: &id001 !astropy.units.Unit {unit: deg}
#       value: !astropy.table.SerializedColumn {name: dec}
#     distance:
#       __class__: astropy.coordinates.distances.Distance
#       unit: !astropy.units.Unit {unit: kpc}
#       value: !astropy.table.SerializedColumn {name: distance}
#     pm_dec:
#       __class__: astropy.units.quantity.Quantity
#       unit: !astropy.units.Unit {unit: mas / yr}
#       value: !astropy.table.SerializedColumn {name: pm_dec}
#     pm_ra_cosdec:
#       __class__: astropy.units.quantity.Quantity
#       unit: !astropy.units.Unit {unit: mas / yr}
#       value: !astropy.table.SerializedColumn {name: pm_ra_cosdec}
#     ra:
#       __class__: astropy.coordinates.angles.Longitude
#       unit: *id001
#       value: !astropy.table.SerializedColumn {name: ra}
#       wrap_angle: !astropy.coordinates.Angle
#         unit: *id001
#         value: 360.0
#     radial_velocity:
#       __class__: astropy.units.quantity.Quantity
#       unit: !astropy.units.Unit {unit: km / s}
#       value: !astropy.table.SerializedColumn {name: radial_velocity}
# schema: astropy-2.0
ra,dec,distance,pm_ra_cosdec,pm_dec,radial_velocity
[from data line 15245]
299.4625484064721,4.35533850417525,18.846254851180053,0.953976344003495,-3.889145893104078,-167.46242933830527
299.47054869367133,4.349405025966778,18.845983324976956,0.9539942126023354,-3.889575586675223,-167.42221645617354
299.47854873714164,4.343472084372932,18.84571114311827,0.9540122345645984,-3.8900051629092958,-167.38197129677374
299.48654853739106,4.33753968004054,18.845438305135747,0.9540304100842953,-3.89043462173467,-167.34169384904578
299.4945480949279,4.331607813616416,18.84516481056097,0.9540487393555327,-3.8908639630797297,-167.30138410192586
299.5025474102604,4.325676485747378,18.844890658925365,0.9540672225725034,-3.8912931868728537,-167.26104204434802
299.51054648389726,4.319745697080255,18.84461584976016,0.9540858599294965,-3.8917222930424344,-167.22066766524276
299.5185453163471,4.313815448261883,18.844340382596453,0.9541046516208905,-3.892151281516861,-167.18026095353815
299.52654390811887,4.307885739939064,18.844064256965147,0.95412359784116,-3.8925801522245305,-167.13982189815889
299.5345422597217,4.301956572758649,18.843787472396993,0.9541426987848666,-3.893008905093844,-167.09935048802683
299.5425403716648,4.296027947367459,18.84351002842257,0.9541619546466666,-3.893437540053206,-167.05884671206127
299.55053824445764,4.2900998644123005,18.843231924572283,0.9541813656213101,-3.893866057031034,-167.0183105591777
299.5585358786097,4.284172324540051,18.842953160376375,0.9542009319036371,-3.894294455955735,-166.97774201828955
299.56653327463084,4.278245328397491,18.84267373536493,0.9542206536885811,-3.8947227367557296,-166.93714107830672
299.57453043303093,4.27231887663148,18.84239364906784,0.9542405311711646,-3.895150899359444,-166.8965077281364
299.58252735432006,4.2663929698888685,18.84211290101487,0.9542605645465086,-3.8955789436953014,-166.85584195668307
299.59052403900864,4.260467608816447,18.841831490735565,0.9542807540098202,-3.8960068696917385,-166.81514375284752
299.598520487607,4.254542794061099,18.841549417759346,0.9543010997564036,-3.8964346772771905,-166.7744131055284
299.60651670062583,4.248618526269617,18.841266681615448,0.954321601981651,-3.8968623663800996,-166.73365000362082
299.61451267857586,4.242694806088863,18.840983281832933,0.9543422608810515,-3.897289936928912,-166.69285443601726
299.6225084219681,4.236771634165691,18.84069921794072,0.9543630766501819,-3.897717388852074,-166.65202639160714
299.63050393131374,4.2308490111469075,18.840414489467523,0.9543840494847147,-3.898144722078046,-166.61116585927695
299.638499207124,4.224926937679385,18.840129095941922,0.9544051795804143,-3.8985719365352827,-166.57027282791026
299.64649424991035,4.219005414409931,18.839843036892308,0.9544264671331346,-3.8989990321522496,-166.52934728638755
299.6544890601845,4.213084441985421,18.83955631184692,0.9544479123388271,-3.899426008857415,-166.48838922358638
299.66248363845835,4.207164021052671,18.83926892033381,0.9544695153935313,-3.8998528665792542,-166.44739862838145
299.67047798524374,4.201244152258539,18.838980861880877,0.954491276493382,-3.90027960524624,-166.40637548964443
299.67847210105293,4.1953248362498865,18.83869213601585,0.9545131958346041,-3.9007062247868554,-166.36531979624425
299.6864659863983,4.18940607367353,18.838402742266286,0.9545352736135175,-3.9011327251295906,-166.3242315370464
299.6944596417922,4.1834878651763345,18.83811268015958,0.9545575100265306,-3.901559106202931,-166.2831107009139
299.7024530677475,4.177570211405135,18.837821949222953,0.9545799052701504,-3.901985367935376,-166.24195727670644
299.710446264777,4.1716531130068,18.837530548983448,0.954602459540971,-3.9024115102554267,-166.2007712532811
299.7184392333936,4.165736570628169,18.837238478967972,0.9546251730356815,-3.902837533091579,-166.15955261949185
299.72643197411077,4.1598205849160745,18.836945738703232,0.9546480459510643,-3.9032634363723533,-166.11830136418934
299.73442448744163,4.15390515651741,18.836652327715782,0.9546710784839915,-3.903689220026256,-166.07701747622195
299.74241677389983,4.147990286078985,18.836358245531997,0.9546942708314317,-3.904114883981811,-166.03570094443455
299.7504088339991,4.142075974247681,18.836063491678107,0.9547176231904424,-3.9045404281675333,-165.99435175766942
299.7584006682533,4.136162221670338,18.835768065680146,0.9547411357581779,-3.9049658525119573,-165.95296990476547
299.7663922771765,4.130249028993799,18.835471967063995,0.9547648087318802,-3.9053911569436095,-165.91155537455887
299.7743836612829,4.124336396864948,18.835175195355365,0.9547886423088875,-3.9058163413910307,-165.87010815588312
299.78237482108693,4.11842432593061,18.834877750079794,0.9548126366866302,-3.906241405782762,-165.8286282375682
299.79036575710325,4.112512816837668,18.83457963076267,0.95483679206263,-3.9066663500473435,-165.78711560844155
299.7983564698465,4.106601870232962,18.834280836929178,0.9548611086345042,-3.907091174113333,-165.7455702573273
299.8063469598316,4.100691486763341,18.83398136810436,0.9548855865999599,-3.9075158779092813,-165.70399217304686
299.81433722757373,4.094781667075699,18.8336812238131,0.954910226156798,-3.9079404613637463,-165.66238134441892
299.8223272735881,4.088872411816861,18.833380403580083,0.954935027502912,-3.9083649244052965,-165.62073776025855
299.8303170983901,4.082963721633704,18.833078906929845,0.9549599908362898,-3.9087892669624957,-165.5790614093784
299.8383067024954,4.077055597173066,18.832776733386744,0.9549851163550106,-3.9092134889639225,-165.53735228058787
299.8462960864198,4.071148039081847,18.832473882474982,0.9550104042572448,-3.9096375903381535,-165.49561036269355
299.8542852506792,4.065241048006858,18.832170353718585,0.9550358547412608,-3.910061571013769,-165.45383564449884
299.8622741957898,4.059334624594996,18.831866146641406,0.9550614680054157,-3.9104854309193593,-165.41202811480463
299.8702629222678,4.053428769493122,18.831561260767142,0.9550872442481592,-3.910909169983513,-165.3701877624082
299.8782514306297,4.047523483348069,18.83125569561931,0.9551131836680359,-3.9113327881348288,-165.32831457610453
299.88623972139214,4.041618766806754,18.830949450721263,0.9551392864636828,-3.9117562853019066,-165.28640854468526
299.89422779507197,4.035714620515982,18.83064252559618,0.9551655528338299,-3.912179661413357,-165.24446965693892
299.9022156521862,4.029811045122637,18.830334919767086,0.955191982977303,-3.912602916397784,-165.20249790165118
299.9102032932519,4.023908041273618,18.83002663275682,0.9552185770930117,-3.9130260501838063,-165.16049326760526
299.9181907187865,4.01800560961574,18.82971766408806,0.9552453353799705,-3.9134490627000424,-165.1184557435808
299.92617792930736,4.012103750795911,18.829408013283317,0.9552722580372777,-3.9138719538751205,-165.07638531835445
299.93416492533225,4.006202465460951,18.829097679864933,0.9552993452641309,-3.914294723637667,-165.03428198070017
299.942151707379,4.000301754257768,18.82878666335508,0.9553265972598153,-3.914717371916315,-164.99214571938882
299.9501382759657,3.9944016178332014,18.828474963275752,0.9553540142237165,-3.915139898639706,-164.94997652318847
299.9581246316105,3.9885020568341227,18.8281625791488,0.9553815963553037,-3.915562303736482,-164.90777438086388
299.96611077483163,3.9826030719074113,18.82784951049588,0.9554093438541487,-3.9159845871352887,-164.86553928117723
299.97409670614775,3.976704663699927,18.82753575683849,0.9554372569199079,-3.9164067487647842,-164.8232712128875
299.98208242607757,3.9708068328585506,18.827221317697948,0.9554653357523389,-3.916828788553623,-164.78097016475058
299.99006793513996,3.9649095800301275,18.82690619259543,0.9554935805512859,-3.9172507064304662,-164.73863612551963
299.99805323385397,3.9590129058615187,18.826590381051922,0.9555219915166878,-3.9176725023239833,-164.6962690839446
300.00603832273873,3.9531168109996377,18.82627388258823,0.9555505688485815,-3.9180941761628465,-164.65386902877296
300.01402320231375,3.9472212960913136,18.825956696725022,0.9555793127470911,-3.9185157278757288,-164.61143594874844
300.0220078730986,3.9413263617834375,18.825638822982775,0.9556082234124371,-3.9189371573913125,-164.56896983261242
300.029992335613,3.9354320087228585,18.825320260881806,0.9556373010449329,-3.919358464638287,-164.526470669103
300.03797659037673,3.9295382375564754,18.825001009942262,0.9556665458449837,-3.9197796495453394,-164.4839384469555
300.04596063791007,3.9236450489311188,18.82468106968411,0.955695958013088,-3.920200712041167,-164.44137315490192
300.0539444787333,3.917752443493682,18.824360439627164,0.9557255377498433,-3.92062165205447,-164.39877478167165
300.06192811336655,3.911860421891054,18.824039119291065,0.9557552852559299,-3.9210424695139516,-164.3561433159911
300.0699115423307,3.9059689847700674,18.823717108195268,0.9557852007321324,-3.9214631643483235,-164.31347874658337
300.0778947661464,3.9000781327776317,18.823394405859094,0.9558152843793203,-3.9218837364862984,-164.27078106216888
300.0858777853347,3.894187866560569,18.82307101180165,0.9558455363984615,-3.9223041858566003,-164.22805025146496
300.09386060041663,3.888298186765781,18.822746925541914,0.9558759569906145,-3.9227245123879477,-164.1852863031858
300.1018432119135,3.8824090940401583,18.82242214659868,0.9559065463569343,-3.9231447160090713,-164.142489206043
300.1098256203467,3.8765205890305263,18.822096674490552,0.9559373046986664,-3.923564796648708,-164.09965894874492
300.11780782623805,3.8706326723837923,18.821770508736005,0.9559682322171517,-3.9239847542355903,-164.05679551999688
300.12578983010917,3.8647453447468005,18.821443648853307,0.9559993291138212,-3.9244045886984673,-164.01389890850137
300.13377163248214,3.858858606766432,18.821116094360576,0.956030595590204,-3.9248242999660863,-163.97096910295775
300.14175323387906,3.8529724590895724,18.82078784477577,0.9560620318479215,-3.9252438879671963,-163.92800609206265
300.1497346348223,3.84708690236307,18.82045889961665,0.956093638088686,-3.925663352630558,-163.88500986450953
300.1577158358343,3.8412019372338255,18.820129258400833,0.9561254145143042,-3.926082693884933,-163.84198040898897
300.1656968374378,3.835317564348673,18.819798920645745,0.9561573613266805,-3.9265019116590927,-163.79891771418812
300.1736776401556,3.8294337843545194,18.81946788586867,0.9561894787278059,-3.926921005881803,-163.75582176879195
300.1816582445107,3.8235505978981967,18.819136153586694,0.9562217669197715,-3.927339976481845,-163.71269256148167
300.18963865102626,3.8176680056266092,18.818803723316744,0.9562542261047597,-3.9277588233880016,-163.66953008093614
300.1976188602257,3.811786008186623,18.818470594575587,0.9562868564850436,-3.9281775465290565,-163.62633431583095
300.2055988726325,3.805904606225085,18.818136766879817,0.9563196582629917,-3.9285961458338017,-163.5831052548384
300.21357868877044,3.8000238003889177,18.817802239745845,0.9563526316410719,-3.929014621231036,-163.53984288662835
300.2215583091633,3.7941435913249286,18.817467012689924,0.9563857768218338,-3.92943297264956,-163.49654719986734
300.22953773433517,3.788263979680023,18.817131085228134,0.9564190940079347,-3.92985120001818,-163.45321818321906
300.2375169648103,3.782384966101077,18.816794456876394,0.9564525834021135,-3.930269303265704,-163.40985582534404
300.24549600111305,3.7765065512349314,18.816457127150436,0.9564862452072088,-3.930687282320952,-163.3664601149001
300.25347484376795,3.770628735728497,18.816119095565835,0.9565200796261534,-3.9311051371127426,-163.32303104054193
300.26145349329977,3.764751520228602,18.815780361637994,0.956554086861973,-3.9315228675699063,-163.27956859092097
300.2694319502334,3.7588749053821573,18.815440924882154,0.9565882671177842,-3.9319404736212675,-163.23607275468623
300.277410215094,3.752998891835986,18.81510078481336,0.9566226205968013,-3.932357955195665,-163.19254352048316
300.2853882884067,3.7471234802369873,18.814759940946516,0.9566571475023298,-3.9327753122219398,-163.14898087695457
300.29336617069697,3.741248671232044,18.81441839279635,0.9566918480377729,-3.9331925446289326,-163.1053848127404
300.3013438624905,3.7353744654679826,18.814076139877404,0.9567267224066229,-3.9336096523455004,-163.061755316477
300.3093213643129,3.729500863591719,18.81373318170407,0.9567617708124652,-3.9340266353004933,-163.01809237679853
300.31729867669026,3.7236278662500837,18.81338951779057,0.956796993458987,-3.9344434934227723,-162.97439598233544
300.3252758001486,3.717755474089945,18.813045147650918,0.9568323905499623,-3.934860226641208,-162.93066612171552
300.3332527352143,3.7118836877582106,18.81270007079902,0.9568679622892605,-3.9352768348846596,-162.8869027835638
300.34122948241367,3.7060125079017063,18.81235428674855,0.9569037088808455,-3.9356933180820137,-162.84310595650172
300.34920604227347,3.7001419351673346,18.812007795013077,0.9569396305287756,-3.936109676162141,-162.79927562914833
300.35718241532044,3.694271970201919,18.811660595105938,0.9569757274372024,-3.936525909053931,-162.75541179011924
300.3651586020816,3.6884026136523693,18.811312686540333,0.9570119998103697,-3.936942016686271,-162.71151442802753
300.3731346030841,3.682533866165513,18.81096406882929,0.9570484478526209,-3.9373579989880576,-162.6675835314825
300.38111041885526,3.676665728388242,18.810614741485658,0.9570850717683871,-3.9377738558881927,-162.6236190890915
300.3890860499225,3.6707982009674245,18.81026470402212,0.9571218717621972,-3.938189587315574,-162.57962108945793
300.39706149681365,3.664931284549896,18.809913955951195,0.9571588480386723,-3.9386051931991166,-162.53558952118283
300.4050367600564,3.6590649797825585,18.809562496785233,0.9571960008025298,-3.93902067346773,-162.49152437286406
300.4130118401788,3.6531992873122427,18.809210326036382,0.957233330258578,-3.9394360280503404,-162.44742563309634
300.4209867377091,3.6473342077858244,18.808857443216663,0.957270836611722,-3.9398512568758686,-162.40329329047148
300.42896145317553,3.6414697418501936,18.808503847837912,0.9573085200669611,-3.9402663598732435,-162.35912733357839
300.4369359871067,3.635605890152158,18.80814953941178,0.9573463808293856,-3.940681336971401,-162.31492775100267
300.44491034003136,3.6297426533386448,18.807794517449768,0.9573844191041827,-3.9410961880992765,-162.2706945313278
300.4528845124783,3.623880032056453,18.80743878146319,0.9574226350966333,-3.94151091318582,-162.2264276631327
300.4608585049766,3.6180180269524884,18.807082330963205,0.9574610290121137,-3.9419255121599748,-162.18212713499503
300.4688323180555,3.61215663867359,18.806725165460787,0.9574996010560922,-3.9423399849507024,-162.1377929354881
300.4768059522443,3.6062958678666113,18.806367284466745,0.9575383514341315,-3.9427543314869595,-162.0934250531829
300.4847794080727,3.600435715178444,18.806008687491733,0.9575772803518903,-3.9431685516977057,-162.04902347664736
300.49275268607033,3.5945761812559116,18.805649374046208,0.957616388015118,-3.9435826455119147,-162.00458819444626
300.50072578676725,3.5887172667458973,18.80528934364047,0.9576556746296656,-3.943996612858563,-161.96011919514154
300.50869871069335,3.5828589722952455,18.804928595784652,0.95769514040147,-3.9444104536666273,-161.91561646729167
300.516671458379,3.57700129855081,18.804567129988715,0.9577347855365685,-3.9448241678650913,-161.87107999945263
300.5246440303546,3.5711442461594656,18.804204945762443,0.9577746102410853,-3.9452377553829443,-161.82650978017773
300.53261642715074,3.5652878157680505,18.80384204261545,0.9578146147212495,-3.9456512161491806,-161.7819057980162
300.5405886492982,3.5594320080234376,18.80347842005719,0.9578547991833762,-3.946064550092803,-161.73726804151514
300.5485606973279,3.553576823572455,18.80311407759693,0.9578951638338756,-3.946477757142814,-161.69259649921827
300.556532571771,3.5477222630619965,18.80274901474379,0.9579357088792605,-3.9468908372282216,-161.64789115966653
300.56450427315883,3.541868327138864,18.802383231006687,0.9579764345261259,-3.9473037902780437,-161.60315201139755
300.5724758020228,3.536015016449948,18.802016725894394,0.9580173409811706,-3.9477166162212978,-161.5583790429461
