galstreams/tracks/track.st.Gaia-1.ibata2021.ecsv
# %ECSV 1.0
# ---
# datatype:
# - {name: ra, unit: deg, datatype: float64}
# - {name: dec, unit: deg, datatype: float64}
# - {name: distance, unit: kpc, datatype: float64}
# - {name: pm_ra_cosdec, unit: mas / yr, datatype: float64}
# - {name: pm_dec, unit: mas / yr, datatype: float64}
# - {name: radial_velocity, unit: km / s, datatype: float64}
# delimiter: ','
# meta: !!omap
# - __serialized_columns__:
#     dec:
#       __class__: astropy.coordinates.angles.Latitude
#       unit: &id001 !astropy.units.Unit {unit: deg}
#       value: !astropy.table.SerializedColumn {name: dec}
#     distance:
#       __class__: astropy.coordinates.distances.Distance
#       unit: !astropy.units.Unit {unit: kpc}
#       value: !astropy.table.SerializedColumn {name: distance}
#     pm_dec:
#       __class__: astropy.units.quantity.Quantity
#       unit: !astropy.units.Unit {unit: mas / yr}
#       value: !astropy.table.SerializedColumn {name: pm_dec}
#     pm_ra_cosdec:
#       __class__: astropy.units.quantity.Quantity
#       unit: !astropy.units.Unit {unit: mas / yr}
#       value: !astropy.table.SerializedColumn {name: pm_ra_cosdec}
#     ra:
#       __class__: astropy.coordinates.angles.Longitude
#       unit: *id001
#       value: !astropy.table.SerializedColumn {name: ra}
#       wrap_angle: !astropy.coordinates.Angle
#         unit: *id001
#         value: 360.0
#     radial_velocity:
#       __class__: astropy.units.quantity.Quantity
#       unit: !astropy.units.Unit {unit: km / s}
#       value: !astropy.table.SerializedColumn {name: radial_velocity}
# schema: astropy-2.0
ra,dec,distance,pm_ra_cosdec,pm_dec,radial_velocity
[from data line 141]
183.89855565454795,-19.605252995853544,4.990378918271337,-12.403716914281617,-16.317344560860352,98.83847818959558
183.90429373363594,-19.596793713235286,4.990409616072632,-12.405293001172144,-16.320768207103704,99.2050280226905
183.91003189060064,-19.588334737706834,4.990440521406029,-12.40686892946519,-16.324190717101438,99.57106413560665
183.9157701254316,-19.579876069110384,4.990471633982701,-12.40844469925083,-16.327612090749923,99.93658677538312
183.92150843811837,-19.571417707288347,4.990502953513811,-12.410020310619107,-16.331032327945557,100.30159618905883
183.92724682865037,-19.562959652083165,4.99053447971053,-12.411595763660017,-16.334451428584718,100.66609262367302
183.93298529701724,-19.554501903337194,4.990566212284023,-12.413171058463506,-16.337869392563796,101.03007632626473
183.93872384320835,-19.546044460893032,4.990598150945456,-12.414746195119486,-16.341286219779153,101.39354754387323
183.94446246721333,-19.53758732459309,4.9906302954060004,-12.4163211737178,-16.34470191012716,101.75650652353724
183.9502011690216,-19.529130494280018,4.99066264537682,-12.417895994348264,-16.348116463504187,102.11895351229637
183.9559399486226,-19.520673969796484,4.990695200569083,-12.419470657100653,-16.351529879806588,102.48088875718928
183.96167880600595,-19.512217750985062,4.990727960693959,-12.421045162064678,-16.354942158930715,102.84231250525531
183.96741774116103,-19.50376183768851,4.990760925462613,-12.42261950933001,-16.35835330077291,103.2032250035334
183.9731567540773,-19.495306229749648,4.9907940945862155,-12.424193698986288,-16.361763305229537,103.56362649906282
183.97889584474436,-19.48685092701118,4.9908274677759294,-12.425767731123088,-16.36517217219692,103.92351723888252
183.98463501315155,-19.478395929316047,4.9908610447429265,-12.427341605829948,-16.36857990157139,104.28289747003163
183.99037425928842,-19.46994123650706,4.990894825198371,-12.428915323196355,-16.371986493249292,104.6417674395493
183.99611358314434,-19.46148684842725,4.9909288088534325,-12.430488883311762,-16.375391947126936,105.00012739447455
184.00185298470888,-19.453032764919516,4.990962995419277,-12.432062286265552,-16.378796263100657,105.35797758184654
184.0075924639714,-19.444578985826926,4.990997384607073,-12.433635532147088,-16.382199441066756,105.71531824870429
184.01333202092135,-19.436125510992607,4.991031976127988,-12.435208621045673,-16.385601480921544,106.07214964208694
184.0190716555482,-19.42767234025959,4.991066769693189,-12.436781553050565,-16.389002382561337,106.42847200903368
184.0248113678414,-19.419219473471088,4.991101765013841,-12.43835432825098,-16.392402145882436,106.78428559658344
184.0305511577903,-19.41076691047036,4.991136961801115,-12.439926946736088,-16.395800770781136,107.13959065177558
184.03629102538446,-19.40231465110056,4.991172359766179,-12.44149940859499,-16.39919825715372,107.49438742164882
184.04203097061315,-19.3938626952051,4.991207958620198,-12.443071713916781,-16.402594604896482,107.84867615324258
184.0477709934659,-19.38541104262721,4.991243758074339,-12.444643862790471,-16.405989813905705,108.20245709359583
184.0535110939321,-19.376959693210356,4.991279757839771,-12.446215855305054,-16.409383884077673,108.55573048974757
184.0592512720011,-19.368508646798002,4.991315957627661,-12.447787691549452,-16.412776815308643,108.90849658873701
184.06499152766236,-19.360057903233546,4.991352357149177,-12.44935937161255,-16.416168607494903,109.26075563760327
184.07073186090523,-19.3516074623606,4.991388956115485,-12.450930895583202,-16.419559260532704,109.61250788338535
184.07647227171918,-19.34315732402266,4.991425754237754,-12.452502263550185,-16.422948774318318,109.96375357312243
184.08221276009357,-19.334707488063362,4.99146275122715,-12.454073475602254,-16.42633714874799,110.3144929538537
184.0879533260177,-19.326257954326433,4.991499946794842,-12.4556445318281,-16.429724383717968,110.66472627261798
184.09369396948108,-19.31780872265549,4.991537340651995,-12.457215432316376,-16.433110479124505,111.01445377645463
184.09943469047298,-19.309359792894355,4.9915749325097805,-12.45878617715569,-16.436495434863843,111.36367571240261
184.10517548898287,-19.300911164886763,4.991612722079361,-12.460356766434602,-16.439879250832227,111.7123923275011
184.11091636500004,-19.292462838476585,4.991650709071909,-12.461927200241604,-16.443261926925864,112.06060386878913
184.11665731851383,-19.284014813507753,4.991688893198586,-12.463497478665184,-16.446643463041013,112.40831058330572
184.1223983495137,-19.275567089824108,4.991727274170566,-12.465067601793734,-16.45002385907388,112.75551271808997
184.1281394579889,-19.26711966726973,4.991765851699011,-12.466637569715633,-16.453403114920686,113.10221052018136
184.13388064392888,-19.25867254568853,4.991804625495093,-12.468207382519198,-16.456781230477652,113.44840423661843
184.13962190732286,-19.250225724924633,4.991843595269976,-12.469777040292705,-16.46015820564099,113.79409411444072
184.14536324816024,-19.241779204822187,4.991882760734828,-12.471346543124382,-16.463534040306904,114.13928040068713
184.1511046664304,-19.23333298522527,4.991922121600816,-12.472915891102394,-16.466908734371597,114.48396334239662
184.15684616212258,-19.224887065978166,4.991961677579112,-12.474485084314876,-16.470282287731248,114.82814318660853
184.16258773522617,-19.216441446925035,4.992001428380876,-12.476054122849922,-16.473654700282086,115.17182018036198
184.1683293857305,-19.207996127910206,4.992041373717282,-12.477623006795541,-16.47702597192027,115.51499457069575
184.1740711136248,-19.199551108778067,4.992081513299493,-12.479191736239745,-16.48039610254201,115.85766660464934
184.17981291889845,-19.1911063893729,4.992121846838679,-12.480760311270451,-16.483765092043463,116.19983652926155
184.18555480154072,-19.182661969539236,4.992162374046007,-12.482328731975562,-16.487132940320816,116.5415045915716
184.19129676154097,-19.174217849121444,4.992203094632643,-12.483896998442921,-16.49049964727025,116.88267103861844
184.19703879888846,-19.16577402796409,4.992244008309757,-12.485465110760304,-16.49386521278791,117.22333611744139
184.2027809135724,-19.15733050591178,4.992285114788514,-12.48703306901548,-16.49722963676998,117.56350007507946
184.20852310558226,-19.14888728280903,4.992326413780081,-12.488600873296136,-16.500592919112623,117.90316315857169
184.21426537490717,-19.140444358500524,4.9923679049956275,-12.490168523689919,-16.503955059711977,118.24232561495715
184.22000772153643,-19.132001732831018,4.992409588146322,-12.491736020284435,-16.507316058464202,118.58098769127524
184.2257501454594,-19.123559405645153,4.992451462943329,-12.493303363167227,-16.51067591526544,118.91914963456468
184.23149264666523,-19.1151173767878,4.9924935290978185,-12.494870552425816,-16.514034630011846,119.25681169186468
184.2372352251433,-19.10667564610371,4.992535786320953,-12.496437588147641,-16.51739220259955,119.59397411021426
184.24297788088276,-19.098234213437845,4.992578234323906,-12.498004470420119,-16.520748632924686,119.93063713665279
184.24872061387293,-19.089793078635026,4.9926208728178425,-12.499571199330601,-16.524103920883384,120.26680101821927
184.2544634241031,-19.081352241540273,4.992663701513929,-12.501137774966399,-16.527458066371782,120.6024660019526
184.26020631156243,-19.07291170199863,4.992706720123334,-12.502704197414781,-16.53081106928599,120.93763233489192
184.26594927624018,-19.06447145985507,4.9927499283572265,-12.50427046676295,-16.534162929522132,121.2723002640766
184.27169231812562,-19.05603151495473,4.992793325926771,-12.505836583098068,-16.537513646976315,121.60647003654545
184.27743543720794,-19.047591867142806,4.992836912543134,-12.507402546507269,-16.54086322154467,121.94014189933759
184.28317863347647,-19.03915251626439,4.992880687917485,-12.508968357077594,-16.544211653123288,122.27331609949218
184.28892190692025,-19.0307134621648,4.992924651760995,-12.510534014896066,-16.54755894160825,122.60599288404848
184.29466525752866,-19.022274704689238,4.9929688037848265,-12.512099520049658,-16.550905086895703,122.93817250004537
184.30040868529085,-19.013836243683055,4.993013143700146,-12.513664872625286,-16.554250088881716,123.26985519452204
184.306152190196,-19.00539807899167,4.993057671218128,-12.515230072709818,-16.55759394746237,123.60104121451756
184.3118957722334,-18.996960210460426,4.99310238604993,-12.516795120390073,-16.560936662533774,123.93173080707092
184.31763943139217,-18.988522637934842,4.993147287906728,-12.518360015752826,-16.564278233991985,124.2619242192215
184.32338316766155,-18.980085361260336,4.993192376499684,-12.519924758884791,-16.567618661733107,124.59162169800808
184.3291269810307,-18.9716483802825,4.99323765153997,-12.521489349872645,-16.570957945653205,124.92082349046986
184.33487087148882,-18.96321169484698,4.993283112738749,-12.523053788803015,-16.574296085648353,125.24952984364603
184.3406148390251,-18.954775304799306,4.993328759807192,-12.524618075762456,-16.577633081614604,125.5777410045756
184.34635888362868,-18.946339209985265,4.9933745924564645,-12.526182210837506,-16.580968933448037,125.90545722029773
184.3521030052888,-18.937903410250478,4.993420610397735,-12.527746194114632,-16.584303641044716,126.23267873785151
184.3578472039946,-18.929467905440774,4.993466813342168,-12.52931002568027,-16.587637204300698,126.55940580427598
184.3635914797352,-18.921032695402005,4.993513201000932,-12.530873705620783,-16.59096962311202,126.88563866661018
184.3693358324998,-18.912597779979933,4.9935597730852,-12.532437234022492,-16.594300897374733,127.21137757189342
184.3750802622775,-18.904163159020563,4.993606529306131,-12.534000610971681,-16.597631026984896,127.53662276716452
184.3808247690575,-18.895728832369752,4.9936534693749,-12.53556383655456,-16.60096001183853,127.86137449946293
184.38656935282899,-18.887294799873537,4.993700593002669,-12.537126910857323,-16.6042878518317,128.18563301582742
184.392314013581,-18.878861061378004,4.993747899900608,-12.538689833966083,-16.607614546860418,128.50939856329728
184.39805875130276,-18.870427616729142,4.993795389779883,-12.540252605966915,-16.61094009682072,128.8326713889114
184.4038035659833,-18.86199446577316,4.993843062351662,-12.541815226945847,-16.614264501608634,129.15545173970918
184.40954845761186,-18.85356160835617,4.993890917327112,-12.543377696988847,-16.61758776112018,129.47773986272935
184.4152934261775,-18.845129044324402,4.993938954417403,-12.544940016181842,-16.62090987525139,129.7995360050115
184.42103847166933,-18.836696773524174,4.993987173333699,-12.546502184610707,-16.624230843898253,130.12084041359415
184.4267835940765,-18.828264795801708,4.99403557378717,-12.54806420236126,-16.627550666956804,130.44165333551666
184.43252879338803,-18.81983311100343,4.9940841554889825,-12.549626069519281,-16.630869344323045,130.76197501781846
184.43827406959318,-18.811401718975656,4.994132918150305,-12.551187786170486,-16.634186875892986,131.08180570753797
184.44401942268092,-18.802970619564878,4.994181861482301,-12.552749352400552,-16.637503261562614,131.40114565171484
184.44976485264033,-18.794539812617614,4.994230985196142,-12.554310768295094,-16.640818501227937,131.71999509738808
184.4555103594606,-18.786109297980307,4.994280289002995,-12.555872033939686,-16.64413259478495,132.03835429159656
184.46125594313077,-18.777679075499577,4.994329772614025,-12.557433149419849,-16.647445542129645,132.35622348137952
184.46700160363986,-18.769249145022084,4.9943794357404006,-12.558994114821052,-16.650757343158013,132.67360291377608
184.47274734097707,-18.760819506394398,4.994429278093291,-12.560554930228705,-16.65406799776602,132.99049283582505
184.47849315513133,-18.752390159463317,4.994479299383863,-12.562115595728185,-16.657377505849663,133.30689349456608
184.4842390460918,-18.743961104075524,4.994529499323282,-12.5636761114048,-16.66068586730491,133.62280513703777
184.4899850138475,-18.735532340077885,4.9945798776227175,-12.565236477343825,-16.663993082027737,133.93822801027952
184.49573105838755,-18.727103867317144,4.994630433993336,-12.566796693630467,-16.667299149914125,134.25316236133017
184.5014771797009,-18.71867568564025,4.994681168146306,-12.568356760349888,-16.670604070860023,134.5676084372291
184.50722337777668,-18.710247794894176,4.994732079792793,-12.569916677587216,-16.67390784476141,134.88156648501527
184.5129696526039,-18.701820194925794,4.994783168643966,-12.57147644542749,-16.677210471514233,135.19503675172774
184.51871600417164,-18.69339288558219,4.994834434410991,-12.573036063955733,-16.68051195101447,135.50801948440562
184.52446243246888,-18.68496586671045,4.9948858768050375,-12.574595533256895,-16.683812283158044,135.8205149300879
184.53020893748464,-18.676539138157608,4.99493749553727,-12.57615485341589,-16.687111467840925,136.13252333581417
184.53595551920802,-18.66811269977089,4.99498929031886,-12.577714024517562,-16.690409504959046,136.44404494862272
184.54170217762797,-18.659686551397428,4.995041260860972,-12.57927304664673,-16.69370639440837,136.75508001555335
184.54744891273353,-18.651260692884485,4.995093406874774,-12.580831919888139,-16.697002136084826,137.06562878364483
184.5531957245137,-18.642835124079415,4.995145728071432,-12.582390644326493,-16.700296729884347,137.3756914999362
184.55894261295754,-18.634409844829445,4.995198224162117,-12.58394922004644,-16.70359017570288,137.68526841146678
184.56468957805393,-18.625984854982036,4.995250894857995,-12.585507647132564,-16.706882473436337,137.99435976527565
184.57043661979202,-18.61756015438453,4.9953037398702325,-12.587065925669433,-16.71017362298067,138.3029658084017
184.57618373816072,-18.609135742884433,4.995356758909996,-12.588624055741523,-16.71346362423177,138.61108678788418
184.58193093314898,-18.600711620329292,4.995409951688456,-12.590182037433294,-16.71675247708559,138.91872295076226
184.58767820474588,-18.59228778656658,4.995463317916777,-12.591739870829118,-16.720040181438033,139.2258745440748
184.59342555294032,-18.583864241443983,4.995516857306128,-12.593297556013344,-16.72332673718501,139.5325418148611
184.59917297772134,-18.575440984809042,4.995570569567676,-12.594855093070251,-16.726612144222443,139.8387250101601
184.60492047907786,-18.567018016509497,4.995624454412588,-12.596412482084078,-16.72989640244624,140.14442437701103
184.61066805699886,-18.558595336393132,4.995678511552033,-12.597969723139004,-16.733179511752294,140.4496401624529
184.6164157114733,-18.55017294430762,4.995732740697177,-12.599526816319157,-16.736461472036503,140.75437261352482
184.62216344249012,-18.541750840100878,4.9957871415591875,-12.601083761708622,-16.739742283194794,141.05862197726609
184.62791125003832,-18.533329023620677,4.995841713849232,-12.602640559391416,-16.743021945123044,141.3623885007154
184.63365913410684,-18.524907494714967,4.995896457278479,-12.604197209451511,-16.74630045771715,141.66567243091214
184.63940709468451,-18.51648625323175,4.995951371558095,-12.605753711972836,-16.749577820873007,141.96847401489543
184.64515513176042,-18.508065299018938,4.996006456399249,-12.607310067039244,-16.752854034486486,142.27079349970427
184.65090324532343,-18.499644631924667,4.996061711513104,-12.608866274734572,-16.75612909845349,142.57263113237764
184.65665143536248,-18.491224251796915,4.996117136610832,-12.61042233514256,-16.759403012669885,142.8739871599551
184.66239970186652,-18.482804158483862,4.9961727314035995,-12.611978248346922,-16.76267577703156,143.17486182947488
184.6681480448244,-18.474384351833745,4.996228495602572,-12.613534014431329,-16.765947391434384,143.47525538797697
184.67389646422512,-18.465964831694677,4.996284428918918,-12.615089633479371,-16.769217855774244,143.7751680825
184.6796449600575,-18.457545597915022,4.996340531063806,-12.616645105574609,-16.772487169946988,144.07460016008324
184.6853935323105,-18.449126650342986,4.996396801748403,-12.618200430800535,-16.775755333848494,144.3735518677656
184.69114218097306,-18.440707988826976,4.996453240683875,-12.619755609240595,-16.77902234737462,144.67202345258642
