galstreams/tracks/track.st.M5.grillmair2019.ecsv
# %ECSV 0.9
# ---
# datatype:
# - {name: ra, unit: deg, datatype: float64}
# - {name: dec, unit: deg, datatype: float64}
# - {name: distance, unit: kpc, datatype: float64}
# - {name: pm_ra_cosdec, unit: mas / yr, datatype: float64}
# - {name: pm_dec, unit: mas / yr, datatype: float64}
# - {name: radial_velocity, unit: km / s, datatype: float64}
# delimiter: ','
# meta: !!omap
# - __serialized_columns__:
#     dec:
#       __class__: astropy.coordinates.angles.Latitude
#       unit: &id001 !astropy.units.Unit {unit: deg}
#       value: !astropy.table.SerializedColumn {name: dec}
#     distance:
#       __class__: astropy.coordinates.distances.Distance
#       unit: !astropy.units.Unit {unit: kpc}
#       value: !astropy.table.SerializedColumn {name: distance}
#     pm_dec:
#       __class__: astropy.units.quantity.Quantity
#       unit: !astropy.units.Unit {unit: mas / yr}
#       value: !astropy.table.SerializedColumn {name: pm_dec}
#     pm_ra_cosdec:
#       __class__: astropy.units.quantity.Quantity
#       unit: !astropy.units.Unit {unit: mas / yr}
#       value: !astropy.table.SerializedColumn {name: pm_ra_cosdec}
#     ra:
#       __class__: astropy.coordinates.angles.Longitude
#       unit: *id001
#       value: !astropy.table.SerializedColumn {name: ra}
#       wrap_angle: !astropy.coordinates.Angle
#         unit: *id001
#         value: 360.0
#     radial_velocity:
#       __class__: astropy.units.quantity.Quantity
#       unit: !astropy.units.Unit {unit: km / s}
#       value: !astropy.table.SerializedColumn {name: radial_velocity}
# schema: astropy-2.0
ra,dec,distance,pm_ra_cosdec,pm_dec,radial_velocity
[from data line 2609]
202.86358564704287,14.98282378980018,13.688566345853252,3.103832232236348,-8.163905278983417,-1.6841534259744677e-13
202.85412633647084,14.986895571952008,13.687688751826194,3.103357484753695,-8.16303424824807,-2.020984111169361e-13
202.84466676376348,14.99096718233599,13.686811133379457,3.102882740309658,-8.162163112756957,-8.420767129872338e-14
202.83520692886893,14.995038620956734,13.685933490508347,3.102407999005668,-8.161291872470308,-1.6841534259744676e-14
202.8257468317353,14.999109887818838,13.685055823208168,3.101933260943131,-8.160420527348329,-8.420767129872338e-14
202.8162864723108,15.003180982926917,13.684178131474225,3.1014585262234418,-8.159549077351212,-8.420767129872338e-14
202.8068258505435,15.007251906285596,13.683300415301826,3.100983794947973,-8.15867752243912,-8.420767129872338e-14
202.79736496638156,15.011322657899491,13.682422674686274,3.100509067218091,-8.1578058625722,-5.0524602779234026e-14
202.7879038197731,15.01539323777325,13.681544909622872,3.100034343135131,-8.15693409771058,-1.1789073981821273e-13
202.7784424106662,15.019463645911506,13.680667120106936,3.09955962280042,-8.156062227814354,-1.0104920555846805e-13
202.76898073900904,15.023533882318919,13.679789306133754,3.099084906315268,-8.155190252843617,-1.1789073981821273e-13
202.75951880474963,15.027603947000149,13.67891146769865,3.0986101937809596,-8.154318172758416,-1.1789073981821273e-13
202.75005660783614,15.03167383995985,13.678033604796921,3.098135485298772,-8.153445987518793,-1.347322740779574e-13
202.74059414821664,15.035743561202715,13.677155717423869,3.0976607809699583,-8.152573697084776,-1.347322740779574e-13
202.7311314258392,15.039813110733427,13.676277805574802,3.09718608089576,-8.151701301416345,-1.6841534259744677e-13
202.72166844065194,15.043882488556669,13.67539986924503,3.0967113851773944,-8.150828800473487,-1.0104920555846805e-13
202.71220519260288,15.047951694677147,13.674521908429853,3.096236693916066,-8.149956194216145,-5.0524602779234026e-14
202.70274168164016,15.052020729099567,13.673643923124576,3.0957620072129655,-8.149083482604258,-5.0524602779234026e-14
202.69327790771175,15.056089591828647,13.672765913324508,3.0952873251692585,-8.148210665597734,-1.0104920555846805e-13
202.68381387076576,15.060158282869105,13.671887879024954,3.094812647886101,-8.147337743156458,-1.1789073981821273e-13
202.67434957075022,15.064226802225678,13.67100982022122,3.094337975464621,-8.1464647152403,-1.515738083377021e-13
202.6648850076132,15.06829514990311,13.670131736908607,3.093863308005944,-8.14559158180911,-1.6841534259744676e-14
202.6554201813027,15.072363325906139,13.669253629082421,3.0933886456111654,-8.144718342822708,-1.1789073981821273e-13
202.64595509176678,15.076431330239524,13.668375496737978,3.0929139883813717,-8.14384499824089,-6.73661370389787e-14
202.63648973895346,15.080499162908037,13.667497339870568,3.092439336417625,-8.142971548023448,-1.6841534259744676e-14
202.62702412281072,15.084566823916441,13.666619158475505,3.0919646898209754,-8.142097992130132,-1.347322740779574e-13
202.61755824328665,15.088634313269528,13.665740952548095,3.091490048692455,-8.141224330520688,-1.1789073981821273e-13
202.6080921003292,15.092701630972066,13.664862722083642,3.091015413133076,-8.140350563154826,-1.1789073981821273e-13
202.59862569388636,15.09676877702887,13.663984467077446,3.09054078324384,-8.139476689992241,-1.515738083377021e-13
202.58915902390623,15.10083575144473,13.663106187524823,3.0900661591257146,-8.13860271099261,-1.6841534259744676e-14
202.57969209033664,15.10490255422447,13.66222788342107,3.089591540879678,-8.13772862611558,-1.515738083377021e-13
202.57022489312567,15.108969185372905,13.661349554761493,3.0891169286066598,-8.136854435320782,-3.368306851948935e-14
202.56075743222127,15.113035644894866,13.660471201541402,3.088642322407595,-8.13598013856782,-6.73661370389787e-14
202.5512897075714,15.117101932795187,13.659592823756103,3.0881677223833903,-8.135105735816284,-1.0104920555846805e-13
202.54182171912407,15.121168049078705,13.658714421400894,3.0876931286349403,-8.134231227025742,-1.1789073981821273e-13
202.5323534668272,15.12523399375029,13.65783599447109,3.0872185412631215,-8.133356612155724,-8.420767129872338e-14
202.52288495062874,15.129299766814784,13.656957542961988,3.086743960368789,-8.132481891165764,-1.0104920555846805e-13
202.51341617047666,15.133365368277067,13.656079066868898,3.08626938605278,-8.13160706401536,-1.1789073981821273e-13
202.5039471263189,15.137430798142011,13.655200566187121,3.0857948184159243,-8.130732130663983,-8.420767129872338e-14
202.49447781810335,15.141496056414505,13.654322040911968,3.0853202575590246,-8.129857091071088,-6.73661370389787e-14
202.48500824577795,15.145561143099437,13.653443491038745,3.0848457035828667,-8.128981945196115,-5.0524602779234026e-14
202.47553840929066,15.149626058201717,13.652564916562747,3.0843711565882233,-8.128106692998474,-2.020984111169361e-13
202.46606830858937,15.153690801726238,13.651686317479296,3.083896616675848,-8.127231334437552,-1.515738083377021e-13
202.456597943622,15.157755373677926,13.65080769378368,3.083422083946477,-8.126355869472722,-1.0104920555846805e-13
202.44712731433646,15.161819774061707,13.649929045471222,3.0829475585008272,-8.125480298063323,-1.0104920555846805e-13
202.43765642068058,15.165884002882509,13.64905037253721,3.082473040439604,-8.124604620168688,-1.0104920555846805e-13
202.4281852626023,15.16994806014528,13.648171674976963,3.0819985298634833,-8.123728835748109,-1.6841534259744677e-13
202.41871384004955,15.174011945854962,13.647292952785778,3.0815240268731356,-8.122852944760881,-1.0104920555846805e-13
202.40924215297017,15.17807566001652,13.646414205958965,3.0810495315692115,-8.121976947166253,-1.6841534259744677e-13
202.399770201312,15.182139202634914,13.645535434491828,3.08057504405234,-8.121100842923465,-5.0524602779234026e-14
202.3902979850229,15.186202573715118,13.644656638379672,3.080100564423134,-8.120224631991729,-1.515738083377021e-13
202.38082550405082,15.19026577326211,13.643777817617803,3.0796260927821915,-8.119348314330244,-1.1789073981821273e-13
202.3713527583435,15.19432880128089,13.642898972201527,3.079151629230089,-8.118471889898174,-1.1789073981821273e-13
202.36187974784886,15.19839165777645,13.642020102126148,3.0786771738673924,-8.117595358654672,-1.0104920555846805e-13
202.3524064725147,15.202454342753791,13.641141207386973,3.0782027267946406,-8.116718720558865,-5.0524602779234026e-14
202.3429329322889,15.206516856217933,13.640262287979306,3.0777282881123615,-8.115841975569857,-2.1893994537668078e-13
202.33345912711926,15.210579198173894,13.639383343898453,3.077253857921063,-8.114965123646732,-1.1789073981821273e-13
202.3239850569536,15.214641368626708,13.638504375139718,3.0767794363212406,-8.11408816474855,-1.1789073981821273e-13
202.31451072173974,15.218703367581412,13.637625381698411,3.0763050234133624,-8.11321109883435,-1.347322740779574e-13
202.30503612142547,15.22276519504305,13.636746363569832,3.0758306192978875,-8.11233392586315,-1.0104920555846805e-13
202.29556125595863,15.226826851016675,13.635867320749293,3.0753562240752568,-8.11145664579394,-1.347322740779574e-13
202.28608612528703,15.230888335507363,13.634988253232091,3.074881837845886,-8.1105792585857,-1.347322740779574e-13
202.2766107293584,15.234949648520166,13.634109161013535,3.0744074607101832,-8.109701764197379,-5.0524602779234026e-14
202.26713506812055,15.23901079006017,13.633230044088934,3.0739330927685327,-8.1088241625879,-1.6841534259744677e-13
202.25765914152126,15.24307176013247,13.632350902453586,3.0734587341213033,-8.107946453716178,-1.1789073981821273e-13
202.2481829495083,15.247132558742145,13.631471736102807,3.0729843848688443,-8.107068637541085,-1.347322740779574e-13
202.23870649202948,15.251193185894312,13.630592545031892,3.072510045111493,-8.106190714021494,-6.73661370389787e-14
202.2292297690325,15.255253641594079,13.629713329236152,3.07203571494956,-8.105312683116239,-8.420767129872338e-14
202.21975278046511,15.259313925846554,13.628834088710896,3.071561394483347,-8.104434544784137,0.0
202.2102755262751,15.263374038656885,13.627954823451418,3.0710870838131337,-8.103556298983989,-6.73661370389787e-14
202.2007980064102,15.267433980030193,13.627075533453034,3.070612783039181,-8.10267794567456,-1.0104920555846805e-13
202.19132022081808,15.271493749971627,13.626196218711042,3.070138492261739,-8.10179948481461,-1.0104920555846805e-13
202.18184216944658,15.275553348486334,13.625316879220755,3.0696642115810318,-8.10092091636286,-8.420767129872338e-14
202.1723638522433,15.27961277557948,13.624437514977473,3.0691899410972687,-8.10004224027802,-1.6841534259744677e-13
202.16288526915608,15.28367203125623,13.6235581259765,3.0687156809106444,-8.099163456518774,-1.8525687685719145e-13
202.15340642013254,15.28773111552176,13.622678712213148,3.068241431121331,-8.098284565043784,-1.1789073981821273e-13
202.1439273051204,15.291790028381252,13.621799273682718,3.067767191829491,-8.097405565811686,-8.420767129872338e-14
202.1344479240674,15.295848769839905,13.620919810380517,3.0672929631352597,-8.096526458781101,-1.0104920555846805e-13
202.12496827692115,15.299907339902925,13.620040322301845,3.066818745138758,-8.095647243910623,-1.8525687685719145e-13
202.1154883636294,15.303965738575505,13.619160809442018,3.0663445379400924,-8.094767921158823,-1.0104920555846805e-13
202.1060081841398,15.308023965862866,13.618281271796333,3.06587034163935,-8.093888490484252,-1.6841534259744676e-14
202.09652773840003,15.312082021770244,13.617401709360097,3.065396156336599,-8.09300895184544,-1.0104920555846805e-13
202.0870470263577,15.316139906302862,13.616522122128618,3.0649219821318883,-8.092129305200887,-1.1789073981821273e-13
202.0775660479606,15.320197619465969,13.615642510097198,3.0644478191252533,-8.09124955050908,-5.0524602779234026e-14
202.06808480315624,15.324255161264803,13.614762873261144,3.0639736674167097,-8.090369687728478,-6.73661370389787e-14
202.05860329189235,15.328312531704634,13.613883211615763,3.063499527106255,-8.08948971681752,-3.368306851948935e-14
202.0491215141165,15.332369730790733,13.61300352515636,3.063025398293871,-8.088609637734619,-1.515738083377021e-13
202.0396394697764,15.336426758528354,13.612123813878238,3.0625512810795192,-8.087729450438172,-1.0104920555846805e-13
202.0301571588196,15.340483614922801,13.611244077776703,3.062077175563146,-8.086849154886547,-1.515738083377021e-13
202.02067458119382,15.344540299979345,13.610364316847063,3.061603081844674,-8.085968751038092,-8.420767129872338e-14
202.01119173684657,15.348596813703296,13.609484531084624,3.0611290000240166,-8.08508823885113,-8.420767129872338e-14
202.0017086257255,15.352653156099956,13.608604720484688,3.060654930201065,-8.084207618283969,-6.73661370389787e-14
201.9922252477782,15.356709327174654,13.607724885042556,3.0601808724756925,-8.083326889294892,-1.347322740779574e-13
201.98274160295227,15.360765326932697,13.606845024753545,3.0597068269477568,-8.08244605184215,-1.0104920555846805e-13
201.9732576911953,15.364821155379424,13.605965139612955,3.059232793717094,-8.081565105883978,-1.1789073981821273e-13
201.96377351245488,15.368876812520172,13.605085229616087,3.0587587728835257,-8.080684051378595,-1.0104920555846805e-13
201.95428906667857,15.372932298360292,13.604205294758252,3.0582847645468547,-8.07980288828419,-1.1789073981821273e-13
201.94480435381394,15.376987612905134,13.603325335034754,3.057810768806866,-8.078921616558924,-3.368306851948935e-14
201.93531937380854,15.381042756160069,13.6024453504409,3.057336785763326,-8.078040236160952,-1.1789073981821273e-13
201.9258341266099,15.38509772813047,13.601565340971991,3.0568628155159865,-8.077158747048388,-1.1789073981821273e-13
201.91634861216565,15.389152528821711,13.600685306623339,3.0563888581645764,-8.076277149179337,-1.347322740779574e-13
201.9068628304233,15.393207158239186,13.59980524739024,3.0559149138088104,-8.075395442511873,-1.347322740779574e-13
201.89737678133034,15.39726161638829,13.59892516326801,3.0554409825483853,-8.07451362700405,0.0
201.88789046483433,15.401315903274433,13.598045054251944,3.0549670644829807,-8.073631702613906,-8.420767129872338e-14
201.8784038808828,15.405370018903024,13.59716492033736,3.054493159712253,-8.072749669299439,-1.1789073981821273e-13
201.86891702942324,15.40942396327949,13.59628476151955,3.0540192683358462,-8.071867527018647,-1.515738083377021e-13
201.85942991040318,15.413477736409252,13.59540457779383,3.0535453904533867,-8.070985275729482,-1.515738083377021e-13
201.84994252377015,15.417531338297755,13.594524369155497,3.0530715261644783,-8.070102915389894,-8.420767129872338e-14
201.84045486947159,15.421584768950446,13.593644135599863,3.052597675568712,-8.069220445957798,-1.1789073981821273e-13
201.830966947455,15.425638028372772,13.592763877122232,3.05212383876566,-8.068337867391088,-3.368306851948935e-14
201.8214787576679,15.429691116570208,13.591883593717906,3.051650015854873,-8.067455179647636,-1.1789073981821273e-13
201.81199030005772,15.43374403354822,13.591003285382197,3.0511762069358888,-8.066572382685294,-6.73661370389787e-14
201.80250157457198,15.437796779312285,13.590122952110402,3.0507024121082202,-8.06568947646189,-8.420767129872338e-14
201.7930125811581,15.441849353867886,13.589242593897831,3.05022863147137,-8.064806460935223,-1.1789073981821273e-13
201.78352331976356,15.445901757220527,13.588362210739792,3.049754865124819,-8.063923336063075,-3.368306851948935e-14
201.77403379033578,15.449953989375718,13.587481802631588,3.0492811131680346,-8.06304010180321,-1.515738083377021e-13
201.76454399282224,15.454006050338958,13.586601369568525,3.048807375700456,-8.062156758113359,-1.515738083377021e-13
201.7550539271704,15.458057940115774,13.585720911545899,3.048333652821514,-8.061273304951236,-1.515738083377021e-13
201.74556359332763,15.46210965871169,13.584840428559035,3.0478599446306176,-8.060389742274525,-6.73661370389787e-14
201.73607299124134,15.466161206132254,13.583959920603219,3.0473862512271648,-8.059506070040904,-1.347322740779574e-13
201.72658212085904,15.470212582383,13.583079387673768,3.0469125727105206,-8.058622288208007,-1.1789073981821273e-13
201.71709098212807,15.474263787469486,13.58219882976599,3.0464389091800452,-8.057738396733454,-3.368306851948935e-14
201.70759957499584,15.478314821397277,13.581318246875174,3.045965260735077,-8.056854395574852,-8.420767129872338e-14
201.69810789940976,15.48236568417194,13.580437638996644,3.0454916274749344,-8.05597028468977,-8.420767129872338e-14
201.68861595531723,15.486416375799054,13.579557006125693,3.0450180094989223,-8.05508606403576,-1.0104920555846805e-13
201.6791237426656,15.490466896284204,13.578676348257634,3.044544406906323,-8.054201733570352,-5.0524602779234026e-14
201.6696312614023,15.494517245632997,13.577795665387766,3.0440708197964015,-8.053317293251053,-1.347322740779574e-13
201.66013851147466,15.49856742385101,13.576914957511402,3.0435972482684086,-8.052432743035343,-8.420767129872338e-14
201.65064549283005,15.502617430943875,13.576034224623843,3.043123692421572,-8.05154808288068,0.0
201.6411522054158,15.506667266917212,13.57515346672039,3.042650152355107,-8.050663312744508,-6.73661370389787e-14
201.63165864917934,15.510716931776644,13.574272683796355,3.0421766281682054,-8.049778432584237,-1.0104920555846805e-13
201.62216482406797,15.514766425527808,13.573391875847046,3.041703119960043,-8.048893442357256,-2.020984111169361e-13
201.612670730029,15.518815748176348,13.572511042867761,3.041229627829778,-8.048008342020934,-1.8525687685719145e-13
201.6031763670098,15.52286489972791,13.571630184853808,3.04075615187655,-8.047123131532615,-5.0524602779234026e-14
201.59368173495767,15.526913880188173,13.57074930180049,3.0402826921994848,-8.04623781084962,-1.347322740779574e-13
201.58418683381996,15.530962689562786,13.569868393703123,3.039809248897682,-8.045352379929248,-8.420767129872338e-14
201.57469166354394,15.535011327857442,13.568987460556999,3.0393358220702287,-8.044466838728773,-6.73661370389787e-14
