galstreams/tracks/track.st.Sylgr.ibata2024.ecsv
# %ECSV 1.0
# ---
# datatype:
# - {name: ra, unit: deg, datatype: float64}
# - {name: dec, unit: deg, datatype: float64}
# - {name: distance, unit: kpc, datatype: float64}
# - {name: pm_ra_cosdec, unit: mas / yr, datatype: float64}
# - {name: pm_dec, unit: mas / yr, datatype: float64}
# - {name: radial_velocity, unit: km / s, datatype: float64}
# delimiter: ','
# meta: !!omap
# - __serialized_columns__:
#     dec:
#       __class__: astropy.coordinates.angles.Latitude
#       unit: &id001 !astropy.units.Unit {unit: deg}
#       value: !astropy.table.SerializedColumn {name: dec}
#     distance:
#       __class__: astropy.coordinates.distances.Distance
#       unit: !astropy.units.Unit {unit: kpc}
#       value: !astropy.table.SerializedColumn {name: distance}
#     pm_dec:
#       __class__: astropy.units.quantity.Quantity
#       unit: !astropy.units.Unit {unit: mas / yr}
#       value: !astropy.table.SerializedColumn {name: pm_dec}
#     pm_ra_cosdec:
#       __class__: astropy.units.quantity.Quantity
#       unit: !astropy.units.Unit {unit: mas / yr}
#       value: !astropy.table.SerializedColumn {name: pm_ra_cosdec}
#     ra:
#       __class__: astropy.coordinates.angles.Longitude
#       unit: *id001
#       value: !astropy.table.SerializedColumn {name: ra}
#       wrap_angle: !astropy.coordinates.Angle
#         unit: *id001
#         value: 360.0
#     radial_velocity:
#       __class__: astropy.units.quantity.Quantity
#       unit: !astropy.units.Unit {unit: km / s}
#       value: !astropy.table.SerializedColumn {name: radial_velocity}
# schema: astropy-2.0
ra,dec,distance,pm_ra_cosdec,pm_dec,radial_velocity
[from data line 2509]
184.53553829201746,0.23214139413864493,1.0000000000000002,-11.484494933683562,-9.58287628062204,-214.1865565368019
184.54467518005632,0.2362190532711998,1.0000000000000002,-11.481649529442208,-9.576791605181914,-214.22364844490224
184.55381183835544,0.24029713380057477,1.0000000000000004,-11.478810773102053,-9.570707368465886,-214.2607910347464
184.56294826585676,0.24437563774399956,1.0000000000000004,-11.47597867040084,-9.564623570950872,-214.29798443111292
184.57208446150227,0.2484545671187418,1.0000000000000002,-11.473153227076345,-9.558540213113243,-214.33522875878091
184.58122042423395,0.2525339239420885,1.0000000000000004,-11.47033444886636,-9.552457295428823,-214.37252414252924
184.5903561529939,0.2566137102313722,1.0000000000000004,-11.46752234150864,-9.546374818372895,-214.40987070713655
184.59949164672426,0.26069392800395036,1.0000000000000004,-11.464716910741046,-9.540292782420185,-214.44726857738195
184.60862690436716,0.26477457927721315,1.0000000000000004,-11.461918162301375,-9.534211188044873,-214.48471787804402
184.61776192486485,0.2688556660685835,1.0000000000000004,-11.459126101927462,-9.528130035720588,-214.52221873390178
184.6268967071596,0.27293719039551717,1.0000000000000004,-11.456340735357184,-9.52204932592042,-214.559771269734
184.6360312501937,0.27701915427550095,1.0000000000000004,-11.453562068328408,-9.515969059116902,-214.59737561031963
184.6451655529095,0.281101559726057,1.0000000000000004,-11.450790106579042,-9.50988923578201,-214.6350318804374
184.65429961424948,0.28518440876473966,1.0000000000000007,-11.44802485584698,-9.50380985638717,-214.67274020486616
184.66343343315603,0.28926770340913543,1.0000000000000002,-11.445266321870161,-9.497730921403262,-214.7105007083848
184.67256700857175,0.2933514456768635,1.0000000000000002,-11.442514510386491,-9.491652431300603,-214.74831351577222
184.6817003394391,0.29743563758557806,1.0000000000000002,-11.439769427133987,-9.485574386548954,-214.78617875180709
184.6908334247008,0.30152028115296425,1.0000000000000004,-11.43703107785057,-9.479496787617535,-214.82409654126863
184.69996626329942,0.30560537839674645,1.0000000000000004,-11.43429946827429,-9.473419634974993,-214.8620670089352
184.70909885417777,0.30969093133467884,1.0000000000000004,-11.431574604143128,-9.467342929089424,-214.90009027958587
184.7182311962786,0.3137769419845464,1.0000000000000004,-11.428856491195113,-9.461266670428376,-214.93816647799966
184.72736328854464,0.3178634123641754,1.0000000000000004,-11.426145135168333,-9.455190859458817,-214.97629572895514
184.7364951299189,0.3219503444914206,1.0000000000000004,-11.423440541800819,-9.449115496647174,-215.01447815723134
184.74562671934422,0.32603774038417577,1.0000000000000004,-11.420742716830663,-9.443040582459306,-215.05271388760693
184.75475805576357,0.3301256020603661,1.0000000000000004,-11.418051665996012,-9.436966117360509,-215.09100304486088
184.76388913812002,0.3342139315379535,1.0000000000000002,-11.415367395034952,-9.430892101815521,-215.1293457537721
184.77301996535664,0.33830273083493306,1.0000000000000007,-11.412689909685644,-9.424818536288516,-215.16774213911927
184.78215053641657,0.34239200196933556,1.0000000000000004,-11.41001921568628,-9.418745421243111,-215.20619232568146
184.79128085024297,0.34648174695922707,1.0000000000000004,-11.407355318775007,-9.412672757142346,-215.24469643823718
184.80041090577916,0.3505719678227117,1.0000000000000004,-11.404698224690037,-9.406600544448699,-215.28325460156555
184.8095407019683,0.35466266657792467,1.0000000000000004,-11.402047939169648,-9.400528783624091,-215.32186694044535
184.81867023775385,0.35875384524303977,1.0000000000000004,-11.399404467952046,-9.39445747512987,-215.36053357965534
184.82779951207917,0.36284550583626407,1.0000000000000004,-11.396767816775501,-9.388386619426818,-215.3992546439746
184.83692852388776,0.36693765037584414,1.0000000000000004,-11.394137991378303,-9.382316216975143,-215.43803025818178
184.84605727212306,0.371030280880063,1.0000000000000004,-11.391514997498795,-9.376246268234492,-215.47686054705568
184.85518575572866,0.37512339936723554,1.0000000000000004,-11.38889884087528,-9.370176773663937,-215.51574563537534
184.86431397364822,0.3792170078557168,1.0000000000000002,-11.386289527246122,-9.364107733721987,-215.5546856479194
184.87344192482539,0.383311108363894,1.0000000000000004,-11.383687062349715,-9.35803914886657,-215.59368070946687
184.88256960820385,0.38740570291019777,1.0000000000000004,-11.381091451924442,-9.351971019555046,-215.63273094479644
184.8916970227275,0.39150079351309364,1.0000000000000004,-11.378502701708717,-9.345903346244206,-215.67183647868714
184.9008241673401,0.39559638219108106,1.0000000000000004,-11.375920817441015,-9.339836129390255,-215.7109974359177
184.9099510409855,0.39969247096269783,1.0000000000000002,-11.373345804859806,-9.333769369448843,-215.75021394126702
184.9190776426078,0.40378906184652097,1.0000000000000004,-11.370777669703536,-9.327703066875024,-215.7894861195139
184.92820397115085,0.4078861568611642,1.0000000000000004,-11.368216417710757,-9.321637222123288,-215.82881409543722
184.93733002555882,0.41198375802527804,1.0000000000000004,-11.365662054620014,-9.315571835647553,-215.86819799381573
184.94645580477587,0.4160818673575564,1.0000000000000007,-11.363114586169829,-9.309506907901136,-215.90763793942847
184.95558130774606,0.4201804868767187,1.0000000000000004,-11.360574018098838,-9.30344243933681,-215.94713405705411
184.96470653341368,0.4242796186015352,1.0000000000000004,-11.358040356145624,-9.297378430406742,-215.98668647147161
184.97383148072302,0.4283792645508097,1.0000000000000004,-11.355513606048824,-9.291314881562526,-216.02629530745966
184.98295614861848,0.43247942674338286,1.0000000000000004,-11.352993773547094,-9.28525179325518,-216.06596068979732
184.99208053604443,0.4365801071981381,1.0000000000000004,-11.350480864379136,-9.279189165935131,-216.1056827432633
185.00120464194535,0.4406813079339904,1.0000000000000002,-11.347974884283634,-9.273127000052243,-216.14546159263645
185.01032846526573,0.44478303096990285,1.0000000000000004,-11.345475838999349,-9.267065296055776,-216.18529736269568
185.0194520049502,0.44888527832487196,1.0000000000000004,-11.342983734265026,-9.261004054394416,-216.22519017821978
185.0285752599434,0.45298805201793396,1.0000000000000004,-11.340498575819439,-9.254943275516263,-216.26514016398758
185.03769822919003,0.4570913540681671,1.0000000000000004,-11.338020369401423,-9.248882959868828,-216.30514744477804
185.04682091163485,0.4611951864946831,1.0000000000000004,-11.335549120749794,-9.242823107899046,-216.34521214536994
185.05594330622267,0.4652995513166431,1.0000000000000004,-11.333084835603437,-9.236763720053254,-216.38533439054203
185.06506541189836,0.46940445055324004,1.0000000000000004,-11.330627519701252,-9.230704796777212,-216.42551430507328
185.0741872276069,0.47350988622370804,1.0000000000000004,-11.328177178782116,-9.224646338516079,-216.46575201374253
185.08330875229328,0.4776158603473271,1.0000000000000004,-11.325733818585011,-9.218588345714434,-216.50604764132862
185.09242998490257,0.48172237494340825,1.0000000000000004,-11.323297444848867,-9.212530818816267,-216.54640131261027
185.10155092437986,0.48582943203131224,1.0000000000000004,-11.320868063312739,-9.20647375826497,-216.58681315236646
185.11067156967036,0.4899370336304337,1.0000000000000002,-11.318445679715602,-9.20041716450335,-216.627283285376
185.1197919197193,0.4940451817602113,1.0000000000000004,-11.316030299796545,-9.194361037973614,-216.66781183641783
185.12891197347196,0.4981538784401238,1.0000000000000004,-11.313621929294655,-9.188305379117393,-216.70839893027065
185.1380317298738,0.5022631256896944,1.0000000000000002,-11.311220573948981,-9.182250188375702,-216.74904469171338
185.14715118787018,0.5063729255284796,1.0000000000000004,-11.308826239498726,-9.176195466188977,-216.78974924552483
185.15627034640656,0.5104832799760861,1.0000000000000004,-11.306438931683052,-9.170141212997052,-216.83051271648378
185.16538920442852,0.5145941910521536,1.0000000000000004,-11.304058656241136,-9.164087429239173,-216.87133522936935
185.1745077608817,0.5187056607763723,1.0000000000000004,-11.301685418912186,-9.158034115353976,-216.9122169089601
185.1836260147118,0.522817691168469,1.0000000000000004,-11.29931922543549,-9.151981271779512,-216.95315788003495
185.19274396486446,0.5269302842482125,1.0000000000000004,-11.296960081550342,-9.14592889895323,-216.99415826737288
185.20186161028556,0.5310434420354162,1.0000000000000002,-11.294607992996024,-9.139876997311973,-217.03521819575255
185.21097894992096,0.5351571665499306,1.0000000000000004,-11.292262965511874,-9.133825567291993,-217.0763377899529
185.22009598271654,0.5392714598116582,1.0000000000000004,-11.289925004837311,-9.127774609328938,-217.11751717475272
185.22921270761836,0.5433863238405369,1.0000000000000004,-11.287594116711702,-9.121724123857856,-217.15875647493095
185.2383291235724,0.5475017606565463,1.0000000000000004,-11.285270306874487,-9.115674111313195,-217.20005581526635
185.24744522952489,0.5516177722797105,1.0000000000000004,-11.282953581065133,-9.109624572128798,-217.24141532053793
185.2565610244219,0.5557343607301036,1.0000000000000004,-11.28064394502316,-9.103575506737895,-217.28283511552434
185.26567650720972,0.559851528027833,1.0000000000000002,-11.27834140448807,-9.097526915573132,-217.32431532500442
185.2747916768347,0.5639692761930545,1.0000000000000004,-11.276045965199412,-9.091478799066529,-217.3658560737572
185.28390653224315,0.5680876072459661,1.0000000000000004,-11.273757632896817,-9.08543115764952,-217.40745748656133
185.29302107238158,0.5722065232068093,1.0000000000000004,-11.271476413319876,-9.07938399175292,-217.44911968819585
185.30213529619644,0.5763260260958702,1.0000000000000004,-11.269202312208247,-9.073337301806934,-217.4908428034394
185.31124920263437,0.5804461179334804,1.0000000000000004,-11.266935335301625,-9.067291088241172,-217.53262695707093
185.32036279064192,0.5845668007400137,1.0000000000000004,-11.26467548833973,-9.061245351484619,-217.57447227386936
185.3294760591659,0.5886880765358875,1.0000000000000004,-11.262422777062312,-9.055200091965666,-217.6163788786135
185.338589007153,0.5928099473415611,1.0000000000000004,-11.260177207209146,-9.04915531011209,-217.65834689608207
185.34770163355006,0.5969324151775497,1.0000000000000004,-11.257938784520068,-9.043111006351046,-217.70037645105398
185.35681393730403,0.6010554820643992,1.0000000000000004,-11.255707514734919,-9.037067181109094,-217.74246766830814
185.36592591736186,0.6051791500227114,1.0000000000000004,-11.253483403593588,-9.031023834812164,-217.78462067262342
185.37503757267058,0.6093034210731232,1.0000000000000004,-11.251266456835985,-9.024980967885588,-217.82683558877855
185.3841489021773,0.6134282972363254,1.0000000000000004,-11.249056680202084,-9.01893858075408,-217.8691125415524
185.39325990482922,0.6175537805330502,1.0000000000000004,-11.24685407943183,-9.012896673841734,-217.91145165572397
185.40237057957353,0.6216798729840759,1.0000000000000004,-11.244658660265284,-9.006855247572036,-217.95385305607192
185.41148092535758,0.6258065766102281,1.0000000000000004,-11.242470428442484,-9.000814302367846,-217.99631686737504
185.42059094112872,0.6299338934323725,1.0000000000000004,-11.24028938970352,-8.99477383865142,-218.03884321441245
185.42970062583439,0.6340618254714261,1.0000000000000004,-11.238115549788525,-8.988733856844389,-218.08143222196273
185.43880997842214,0.6381903747483529,1.0000000000000004,-11.235948914437635,-8.982694357367762,-218.12408401480502
185.4479189978395,0.6423195432841596,1.0000000000000004,-11.233789489391075,-8.97665534064194,-218.1667987177178
185.4570276830342,0.6464493330999012,1.0000000000000004,-11.23163728038907,-8.970616807086689,-218.20957645548023
185.46613603295387,0.65057974621668,1.0000000000000002,-11.22949229317188,-8.964578757121178,-218.25241735287094
185.47524404654632,0.6547107846556409,1.0000000000000004,-11.227354533479822,-8.958541191163924,-218.29532153466891
185.48435172275944,0.65884245043798,1.0000000000000004,-11.225224007053201,-8.95250410963285,-218.33828912565292
185.49345906054114,0.6629747455849403,1.0000000000000004,-11.22310071963242,-8.946467512945235,-218.38132025060187
185.50256605883942,0.6671076721178085,1.0000000000000004,-11.220984676957887,-8.940431401517753,-218.42441503429458
185.5116727166024,0.6712412320579224,1.0000000000000004,-11.218875884770036,-8.934395775766445,-218.46757360150986
185.5207790327781,0.6753754274266662,1.0000000000000004,-11.21677434880939,-8.928360636106722,-218.5107960770266
185.52988500631483,0.6795102602454706,1.0000000000000007,-11.214680074816409,-8.922325982953378,-218.55408258562372
185.53899063616083,0.6836457325358125,1.0000000000000004,-11.212593068531733,-8.916291816720578,-218.59743325207987
185.54809592126446,0.687781846319225,1.0000000000000004,-11.210513335695882,-8.91025813782186,-218.64084820117407
185.55720086057414,0.6919186036172784,1.0000000000000004,-11.208440882049555,-8.904224946670132,-218.68432755768515
185.56630545303835,0.6960560064515982,1.0000000000000004,-11.206375713333388,-8.898192243677677,-218.72787144639182
185.5754096976057,0.7001940568438534,1.0000000000000007,-11.204317835288112,-8.892160029256146,-218.77147999207304
185.58451359322478,0.7043327568157682,1.0000000000000004,-11.202267253654448,-8.88612830381657,-218.81515331950766
185.59361713884434,0.7084721083891099,1.0000000000000004,-11.200223974173223,-8.88009706776933,-218.85889155347448
185.6027203334131,0.7126121135856976,1.0000000000000002,-11.198188002585258,-8.874066321524188,-218.9026948187524
185.61182317587998,0.7167527744273974,1.0000000000000004,-11.196159344631385,-8.86803606549028,-218.94656324012024
185.62092566519388,0.7208940929361239,1.0000000000000004,-11.194138006052547,-8.862006300076095,-218.99049694235683
185.63002780030376,0.7250360711338439,1.0000000000000004,-11.192123992589693,-8.855977025689503,-219.03449605024093
185.63912958015877,0.7291787110425733,1.0000000000000004,-11.1901173099838,-8.849948242737726,-219.0785606885516
185.64823100370802,0.7333220146843774,1.0000000000000004,-11.188117963975863,-8.843919951627358,-219.12269098206752
185.65733206990072,0.7374659840813664,1.0000000000000004,-11.18612596030699,-8.837892152764361,-219.16688705556763
185.6664327776862,0.7416106212557074,1.0000000000000004,-11.184141304718246,-8.831864846554053,-219.2111490338308
185.67553312601376,0.7457559282296126,1.0000000000000002,-11.182164002950838,-8.825838033401128,-219.25547704163566
185.6846331138329,0.7499019070253488,1.0000000000000004,-11.1801940607459,-8.81981171370962,-219.29987120376134
185.6937327400931,0.7540485596652298,1.0000000000000004,-11.17823148384467,-8.813785887882943,-219.34433164498645
185.70283200374402,0.7581958881716205,1.0000000000000004,-11.176276277988418,-8.807760556323872,-219.38885849009003
185.71193090373524,0.7623438945669351,1.0000000000000004,-11.174328448918466,-8.801735719434532,-219.43345186385073
185.72102943901655,0.7664925808736429,1.0000000000000004,-11.17238800237617,-8.795711377616414,-219.4781118910476
185.73012760853774,0.770641949114261,1.0000000000000004,-11.170454944102916,-8.789687531270367,-219.5228386964594
185.73922541124873,0.7747920013113574,1.0000000000000002,-11.168529279840115,-8.783664180796595,-219.56763240486487
185.74832284609946,0.7789427394875535,1.0000000000000004,-11.166611015329291,-8.777641326594662,-219.61249314104302
185.75741991203998,0.7830941656655175,1.0000000000000007,-11.16470015631193,-8.77161896906349,-219.65742102977265
185.76651660802045,0.7872462818679742,1.0000000000000004,-11.16279670852959,-8.765597108601357,-219.7024161958325
185.77561293299098,0.7913990901177005,1.0000000000000007,-11.16090067772392,-8.75957574560589,-219.74747876400164
185.78470888590195,0.7955525924375206,1.0000000000000007,-11.159012069636505,-8.753554880474077,-219.7926088590587
