galstreams/tracks/track.po.20.0-1.mateu2018.ecsv
# %ECSV 1.0
# ---
# datatype:
# - {name: ra, unit: deg, datatype: float64}
# - {name: dec, unit: deg, datatype: float64}
# - {name: distance, unit: kpc, datatype: float64}
# - {name: pm_ra_cosdec, unit: mas / yr, datatype: float64}
# - {name: pm_dec, unit: mas / yr, datatype: float64}
# - {name: radial_velocity, unit: km / s, datatype: float64}
# delimiter: ','
# meta: !!omap
# - __serialized_columns__:
#     dec:
#       __class__: astropy.coordinates.angles.Latitude
#       unit: &id001 !astropy.units.Unit {unit: deg}
#       value: !astropy.table.SerializedColumn {name: dec}
#     distance:
#       __class__: astropy.coordinates.distances.Distance
#       unit: !astropy.units.Unit {unit: kpc}
#       value: !astropy.table.SerializedColumn {name: distance}
#     pm_dec:
#       __class__: astropy.units.quantity.Quantity
#       unit: !astropy.units.Unit {unit: mas / yr}
#       value: !astropy.table.SerializedColumn {name: pm_dec}
#     pm_ra_cosdec:
#       __class__: astropy.units.quantity.Quantity
#       unit: !astropy.units.Unit {unit: mas / yr}
#       value: !astropy.table.SerializedColumn {name: pm_ra_cosdec}
#     ra:
#       __class__: astropy.coordinates.angles.Longitude
#       unit: *id001
#       value: !astropy.table.SerializedColumn {name: ra}
#       wrap_angle: !astropy.coordinates.Angle
#         unit: *id001
#         value: 360.0
#     radial_velocity:
#       __class__: astropy.units.quantity.Quantity
#       unit: !astropy.units.Unit {unit: km / s}
#       value: !astropy.table.SerializedColumn {name: radial_velocity}
# schema: astropy-2.0
ra,dec,distance,pm_ra_cosdec,pm_dec,radial_velocity
[from data line 705]
287.83357954584426,-37.15630993947236,27.4587958055366,0.0,0.0,0.0
287.84371523376365,-37.150401325191865,27.458411713901448,0.0,0.0,0.0
287.85384913021005,-37.14449163517713,27.45802731702079,0.0,0.0,0.0
287.86398123549856,-37.13858086979864,27.457642614915354,0.0,0.0,0.0
287.87411154994436,-37.132669029426786,27.4572576076059,0.0,0.0,0.0
287.88424007386294,-37.12675611443185,27.456872295113186,0.0,0.0,0.0
287.89436680756995,-37.12084212518403,27.456486677457992,0.0,0.0,0.0
287.904491751381,-37.114927062053425,27.45610075466112,0.0,0.0,0.0
287.9146149056122,-37.10901092541002,27.455714526743378,0.0,0.0,0.0
287.92473627057956,-37.103093715623686,27.455327993725582,0.0,0.0,0.0
287.9348558465995,-37.0971754330642,27.454941155628596,0.0,0.0,0.0
287.94497363398847,-37.09125607810119,27.45455401247325,0.0,0.0,0.0
287.95508963306304,-37.085335651104344,27.45416656428043,0.0,0.0,0.0
287.9652038441401,-37.079414152443036,27.453778811071025,0.0,0.0,0.0
287.97531626753664,-37.073491582486646,27.453390752865918,0.0,0.0,0.0
287.9854269035699,-37.06756794160445,27.453002389686052,0.0,0.0,0.0
287.9955357525571,-37.061643230165586,27.452613721552343,0.0,0.0,0.0
288.0056428148158,-37.05571744853912,27.452224748485747,0.0,0.0,0.0
288.0157480906637,-37.04979059709399,27.451835470507206,0.0,0.0,0.0
288.02585158041876,-37.04386267619903,27.451445887637718,0.0,0.0,0.0
288.035953284399,-37.037933686222964,27.451055999898273,0.0,0.0,0.0
288.0460532029225,-37.03200362753448,27.450665807309868,0.0,0.0,0.0
288.0561513363077,-37.026072500502096,27.450275309893545,0.0,0.0,0.0
288.06624768487325,-37.02014030549422,27.44988450767032,0.0,0.0,0.0
288.0763422489378,-37.01420704287919,27.44949340066125,0.0,0.0,0.0
288.08643502882023,-37.008272713025214,27.449101988887417,0.0,0.0,0.0
288.09652602483965,-37.00233731630042,27.448710272369883,0.0,0.0,0.0
288.1066152373153,-36.99640085307281,27.448318251129766,0.0,0.0,0.0
288.1167026665666,-36.990463323710294,27.44792592518818,0.0,0.0,0.0
288.1267883129131,-36.98452472858069,27.44753329456623,0.0,0.0,0.0
288.13687217667456,-36.978585068051686,27.44714035928509,0.0,0.0,0.0
288.1469542581709,-36.972644342490845,27.446747119365888,0.0,0.0,0.0
288.1570345577222,-36.96670255226573,27.44635357482983,0.0,0.0,0.0
288.16711307564873,-36.960759697743704,27.44595972569808,0.0,0.0,0.0
288.17718981227097,-36.95481577929203,27.445565571991843,0.0,0.0,0.0
288.1872647679094,-36.9488707972779,27.44517111373236,0.0,0.0,0.0
288.1973379428849,-36.94292475206841,27.444776350940842,0.0,0.0,0.0
288.2074093375183,-36.936977644030506,27.44438128363855,0.0,0.0,0.0
288.21747895213076,-36.93102947353106,27.44398591184675,0.0,0.0,0.0
288.22754678704354,-36.92508024093684,27.44359023558672,0.0,0.0,0.0
288.2376128425781,-36.91912994661447,27.443194254879746,0.0,0.0,0.0
288.24767711905605,-36.91317859093058,27.442797969747144,0.0,0.0,0.0
288.25773961679903,-36.907226174251576,27.44240138021024,0.0,0.0,0.0
288.267800336129,-36.90127269694381,27.442004486290372,0.0,0.0,0.0
288.2778592773683,-36.89531815937353,27.4416072880089,0.0,0.0,0.0
288.28791644083884,-36.88936256190688,27.44120978538719,0.0,0.0,0.0
288.2979718268633,-36.88340590490988,27.44081197844663,0.0,0.0,0.0
288.30802543576425,-36.87744818874846,27.440413867208616,0.0,0.0,0.0
288.31807726786434,-36.87148941378847,27.440015451694567,0.0,0.0,0.0
288.3281273234866,-36.865529580395595,27.439616731925916,0.0,0.0,0.0
288.3381756029542,-36.85956868893544,27.439217707924094,0.0,0.0,0.0
288.34822210659013,-36.85360673977358,27.43881837971058,0.0,0.0,0.0
288.358266834718,-36.84764373327541,27.43841874730684,0.0,0.0,0.0
288.3683097876613,-36.84167966980621,27.43801881073437,0.0,0.0,0.0
288.3783509657439,-36.8357145497312,27.437618570014667,0.0,0.0,0.0
288.3883903692896,-36.82974837341544,27.437218025169273,0.0,0.0,0.0
288.3984279986225,-36.82378114122397,27.4368171762197,0.0,0.0,0.0
288.40846385406684,-36.81781285352164,27.436416023187512,0.0,0.0,0.0
288.418497935947,-36.81184351067324,27.436014566094272,0.0,0.0,0.0
288.42853024458765,-36.805873113043425,27.43561280496156,0.0,0.0,0.0
288.4385607803134,-36.79990166099683,27.435210739810977,0.0,0.0,0.0
288.4485895434491,-36.793929154897896,27.434808370664133,0.0,0.0,0.0
288.45861653431984,-36.78795559511097,27.434405697542655,0.0,0.0,0.0
288.46864175325084,-36.78198098200034,27.434002720468172,0.0,0.0,0.0
288.4786652005675,-36.77600531593014,27.43359943946237,0.0,0.0,0.0
288.48868687659524,-36.770028597264435,27.433195854546888,0.0,0.0,0.0
288.49870678165985,-36.76405082636715,27.432791965743437,0.0,0.0,0.0
288.50872491608715,-36.758072003602166,27.432387773073707,0.0,0.0,0.0
288.51874128020313,-36.75209212933318,27.431983276559414,0.0,0.0,0.0
288.52875587433397,-36.746111203923824,27.431578476222302,0.0,0.0,0.0
288.5387686988059,-36.74012922773766,27.4311733720841,0.0,0.0,0.0
288.54877975394555,-36.7341462011381,27.43076796416659,0.0,0.0,0.0
288.5587890400795,-36.728162124488485,27.43036225249153,0.0,0.0,0.0
288.5687965575346,-36.72217699815199,27.42995623708073,0.0,0.0,0.0
288.57880230663767,-36.71619082249174,27.42954991795598,0.0,0.0,0.0
288.58880628771595,-36.71020359787074,27.429143295139127,0.0,0.0,0.0
288.5988085010967,-36.7042153246519,27.428736368651983,0.0,0.0,0.0
288.60880894710726,-36.698226003198,27.428329138516414,0.0,0.0,0.0
288.61880762607547,-36.69223563387171,27.427921604754275,0.0,0.0,0.0
288.6288045383287,-36.68624421703571,27.427513767387467,0.0,0.0,0.0
288.6387996841952,-36.68025175305238,27.42710562643788,0.0,0.0,0.0
288.64879306400286,-36.674258242284154,27.426697181927416,0.0,0.0,0.0
288.6587846780798,-36.66826368509329,27.42628843387802,0.0,0.0,0.0
288.66877452675465,-36.66226808184195,27.42587938231162,0.0,0.0,0.0
288.67876261035576,-36.656271432892204,27.425470027250185,0.0,0.0,0.0
288.68874892921184,-36.650273738605996,27.425060368715684,0.0,0.0,0.0
288.69873348365167,-36.644274999345214,27.424650406730105,0.0,0.0,0.0
288.7087162740044,-36.63827521547158,27.424240141315444,0.0,0.0,0.0
288.7186973005991,-36.632274387346705,27.42382957249373,0.0,0.0,0.0
288.72867656376496,-36.626272515332204,27.42341870028699,0.0,0.0,0.0
288.73865406383163,-36.62026959978948,27.423007524717278,0.0,0.0,0.0
288.7486298011286,-36.614265641079854,27.422596045806646,0.0,0.0,0.0
288.7586037759856,-36.60826063956455,27.42218426357718,0.0,0.0,0.0
288.76857598873255,-36.602254595604705,27.421772178050983,0.0,0.0,0.0
288.77854643969965,-36.596247509561316,27.421359789250133,0.0,0.0,0.0
288.78851512921705,-36.59023938179529,27.420947097196784,0.0,0.0,0.0
288.79848205761505,-36.58423021266746,27.420534101913056,0.0,0.0,0.0
288.8084472252243,-36.57822000253846,27.42012080342112,0.0,0.0,0.0
288.8184106323754,-36.57220875176897,27.419707201743126,0.0,0.0,0.0
288.82837227939916,-36.56619646071946,27.41929329690126,0.0,0.0,0.0
288.8383321666266,-36.56018312975029,27.418879088917727,0.0,0.0,0.0
288.8482902943889,-36.55416875922176,27.41846457781473,0.0,0.0,0.0
288.8582466630172,-36.54815334949403,27.418049763614516,0.0,0.0,0.0
288.8682012728431,-36.54213690092718,27.41763464633932,0.0,0.0,0.0
288.87815412419815,-36.53611941388118,27.41721922601139,0.0,0.0,0.0
288.88810521741397,-36.53010088871588,27.416803502653003,0.0,0.0,0.0
288.89805455282254,-36.52408132579106,27.41638747628646,0.0,0.0,0.0
288.9080021307559,-36.518060725466306,27.415971146934048,0.0,0.0,0.0
288.91794795154624,-36.51203908810125,27.415554514618098,0.0,0.0,0.0
288.9278920155258,-36.50601641405529,27.415137579360938,0.0,0.0,0.0
288.93783432302706,-36.49999270368776,27.41472034118492,0.0,0.0,0.0
288.94777487438284,-36.49396795735791,27.414302800112395,0.0,0.0,0.0
288.9577136699257,-36.487942175424855,27.413884956165752,0.0,0.0,0.0
288.9676507099888,-36.481915358247605,27.41346680936739,0.0,0.0,0.0
288.9775859949049,-36.47588750618509,27.41304835973971,0.0,0.0,0.0
288.98751952500754,-36.469858619596124,27.41262960730513,0.0,0.0,0.0
288.99745130062985,-36.46382869883939,27.412210552086098,0.0,0.0,0.0
289.0073813221056,-36.45779774427348,27.411791194105064,0.0,0.0,0.0
289.01730958976816,-36.45176575625694,27.41137153338449,0.0,0.0,0.0
289.0272361039515,-36.44573273514814,27.410951569946867,0.0,0.0,0.0
289.03716086498963,-36.43969868130536,27.410531303814697,0.0,0.0,0.0
289.04708387321654,-36.43366359508677,27.410110735010477,0.0,0.0,0.0
289.0570051289665,-36.42762747685045,27.40968986355675,0.0,0.0,0.0
289.066924632574,-36.42159032695439,27.409268689476054,0.0,0.0,0.0
289.07684238437344,-36.415552145756415,27.408847212790963,0.0,0.0,0.0
289.08675838469964,-36.409512933614316,27.408425433524023,0.0,0.0,0.0
289.0966726338873,-36.403472690885735,27.408003351697833,0.0,0.0,0.0
289.10658513227156,-36.39743141792819,27.407580967335,0.0,0.0,0.0
289.1164958801874,-36.39138911509919,27.407158280458145,0.0,0.0,0.0
289.1264048779702,-36.38534578275604,27.40673529108989,0.0,0.0,0.0
289.13631212595516,-36.37930142125598,27.406311999252896,0.0,0.0,0.0
289.146217624478,-36.37325603095612,27.40588840496981,0.0,0.0,0.0
289.15612137387444,-36.367209612213514,27.405464508263332,0.0,0.0,0.0
289.16602337448023,-36.361162165385046,27.40504030915614,0.0,0.0,0.0
289.17592362663135,-36.355113690827544,27.40461580767094,0.0,0.0,0.0
289.18582213066406,-36.34906418889772,27.404191003830462,0.0,0.0,0.0
289.1957188869145,-36.34301365995213,27.403765897657443,0.0,0.0,0.0
289.2056138957191,-36.33696210434734,27.40334048917463,0.0,0.0,0.0
289.2155071574143,-36.33090952243971,27.402914778404803,0.0,0.0,0.0
289.22539867233706,-36.32485591458553,27.402488765370734,0.0,0.0,0.0
289.235288440824,-36.31880128114098,27.402062450095222,0.0,0.0,0.0
289.24517646321215,-36.31274562246213,27.40163583260108,0.0,0.0,0.0
289.25506273983865,-36.306688938904955,27.401208912911148,0.0,0.0,0.0
289.2649472710407,-36.3006312308253,27.40078169104825,0.0,0.0,0.0
289.2748300571557,-36.29457249857895,27.40035416703525,0.0,0.0,0.0
289.2847110985213,-36.288512742521554,27.39992634089502,0.0,0.0,0.0
289.2945903954751,-36.282451963008604,27.399498212650457,0.0,0.0,0.0
289.3044679483549,-36.27639016039564,27.399069782324453,0.0,0.0,0.0
289.3143437574987,-36.27032733503796,27.398641049939936,0.0,0.0,0.0
289.32421782324445,-36.26426348729077,27.39821201551982,0.0,0.0,0.0
289.33409014593065,-36.25819861750923,27.397782679087072,0.0,0.0,0.0
289.3439607258954,-36.25213272604834,27.39735304066464,0.0,0.0,0.0
289.3538295634774,-36.24606581326303,27.396923100275508,0.0,0.0,0.0
289.3636966590152,-36.23999787950809,27.39649285794267,0.0,0.0,0.0
289.37356201284774,-36.23392892513826,27.396062313689125,0.0,0.0,0.0
289.38342562531375,-36.227858950508065,27.395631467537903,0.0,0.0,0.0
289.39328749675235,-36.2217879559721,27.395200319512043,0.0,0.0,0.0
289.40314762750285,-36.215715941884696,27.39476886963459,0.0,0.0,0.0
289.4130060179044,-36.209642908600145,27.394337117928604,0.0,0.0,0.0
289.4228626682966,-36.203568856472636,27.39390506441719,0.0,0.0,0.0
289.4327175790191,-36.197493785856224,27.393472709123415,0.0,0.0,0.0
289.4425707504115,-36.19141769710489,27.39304005207042,0.0,0.0,0.0
289.45242218281385,-36.18534059057248,27.3926070932813,0.0,0.0,0.0
289.46227187656604,-36.17926246661277,27.392173832779225,0.0,0.0,0.0
289.4721198320082,-36.17318332557938,27.391740270587338,0.0,0.0,0.0
289.4819660494809,-36.16710316782586,27.39130640672882,0.0,0.0,0.0
289.4918105293242,-36.16102199370568,27.390872241226838,0.0,0.0,0.0
289.50165327187887,-36.15493980357217,27.39043777410461,0.0,0.0,0.0
289.5114942774855,-36.14885659777854,27.390003005385342,0.0,0.0,0.0
289.521333546485,-36.14277237667791,27.389567935092273,0.0,0.0,0.0
289.53117107921827,-36.13668714062331,27.389132563248648,0.0,0.0,0.0
289.5410068760265,-36.13060088996765,27.38869688987773,0.0,0.0,0.0
289.5508409372508,-36.12451362506373,27.38826091500278,0.0,0.0,0.0
289.5606732632326,-36.11842534626426,27.3878246386471,0.0,0.0,0.0
289.57050385431353,-36.11233605392177,27.38738806083399,0.0,0.0,0.0
289.5803327108349,-36.10624574838886,27.38695118158679,0.0,0.0,0.0
289.5901598331388,-36.100154430017845,27.386514000928806,0.0,0.0,0.0
289.5999852215669,-36.09406209916103,27.386076518883407,0.0,0.0,0.0
289.6098088764612,-36.087968756170575,27.385638735473957,0.0,0.0,0.0
289.6196307981641,-36.081874401398544,27.385200650723828,0.0,0.0,0.0
289.6294509870178,-36.0757790351969,27.384762264656423,0.0,0.0,0.0
289.6392694433646,-36.06968265791751,27.384323577295152,0.0,0.0,0.0
289.64908616754707,-36.0635852699121,27.383884588663427,0.0,0.0,0.0
289.658901159908,-36.05748687153235,27.3834452987847,0.0,0.0,0.0
289.6687144207903,-36.05138746312972,27.383005707682422,0.0,0.0,0.0
289.67852595053665,-36.04528704505575,27.382565815380065,0.0,0.0,0.0
289.68833574949025,-36.039185617661715,27.382125621901107,0.0,0.0,0.0
289.6981438179943,-36.03308318129883,27.38168512726906,0.0,0.0,0.0
289.7079501563922,-36.02697973631823,27.38124433150742,0.0,0.0,0.0
289.71775476502734,-36.02087528307092,27.38080323463973,0.0,0.0,0.0
289.7275576442433,-36.01476982190781,27.380361836689534,0.0,0.0,0.0
289.73735879438385,-36.00866335317968,27.37992013768038,0.0,0.0,0.0
289.74715821579287,-36.00255587723722,27.379478137635846,0.0,0.0,0.0
289.7569559088143,-35.996447394431044,27.379035836579526,0.0,0.0,0.0
289.76675187379226,-35.990337905111595,27.378593234535018,0.0,0.0,0.0
289.77654611107096,-35.984227409629305,27.378150331525948,0.0,0.0,0.0
289.78633862099474,-35.97811590833441,27.37770712757594,0.0,0.0,0.0
289.79612940390825,-35.9720034015771,27.377263622708636,0.0,0.0,0.0
289.8059184601559,-35.965889889707384,27.376819816947712,0.0,0.0,0.0
289.8157057900826,-35.95977537307526,27.376375710316847,0.0,0.0,0.0
289.8254913940332,-35.953659852030576,27.375931302839735,0.0,0.0,0.0
289.83527527235253,-35.947543326923046,27.375486594540064,0.0,0.0,0.0
289.84505742538596,-35.94142579810232,27.375041585441576,0.0,0.0,0.0
289.8548378534786,-35.93530726591794,27.374596275568003,0.0,0.0,0.0
289.86461655697593,-35.929187730719285,27.374150664943095,0.0,0.0,0.0
289.87439353622335,-35.92306719285573,27.373704753590616,0.0,0.0,0.0
289.88416879156654,-35.916945652676475,27.373258541534355,0.0,0.0,0.0
289.89394232335127,-35.910823110530636,27.372812028798105,0.0,0.0,0.0
289.90371413192344,-35.90469956676718,27.37236521540568,0.0,0.0,0.0
289.913484217629,-35.89857502173502,27.371918101380903,0.0,0.0,0.0
289.92325258081405,-35.89244947578295,27.371470686747617,0.0,0.0,0.0
289.93301922182496,-35.88632292925966,27.37102297152968,0.0,0.0,0.0
289.942784141008,-35.88019538251372,27.37057495575096,0.0,0.0,0.0
289.95254733870985,-35.87406683589357,27.37012663943534,0.0,0.0,0.0
289.9623088152769,-35.86793728974765,27.36967802260673,0.0,0.0,0.0
289.97206857105607,-35.86180674442418,27.36922910528904,0.0,0.0,0.0
289.9818266063941,-35.85567520027132,27.368779887506197,0.0,0.0,0.0
289.9915829216382,-35.84954265763712,27.368330369282155,0.0,0.0,0.0
290.0013375171353,-35.843409116869516,27.367880550640866,0.0,0.0,0.0
290.0110903932327,-35.83727457831636,27.367430431606305,0.0,0.0,0.0
290.02084155027774,-35.83113904232537,27.366980012202472,0.0,0.0,0.0
290.0305909886179,-35.82500250924418,27.366529292453357,0.0,0.0,0.0
290.0403387086009,-35.81886497942031,27.36607827238299,0.0,0.0,0.0
290.0500847105745,-35.81272645320114,27.365626952015397,0.0,0.0,0.0
290.0598289948863,-35.80658693093405,27.365175331374637,0.0,0.0,0.0
290.06957156188446,-35.80044641296621,27.364723410484764,0.0,0.0,0.0
290.07931241191704,-35.79430489964472,27.36427118936987,0.0,0.0,0.0
290.0890515453322,-35.78816239131656,27.363818668054037,0.0,0.0,0.0
290.09878896247835,-35.78201888832863,27.36336584656138,0.0,0.0,0.0
290.1085246637039,-35.77587439102769,27.362912724916015,0.0,0.0,0.0
290.11825864935753,-35.76972889976044,27.36245930314209,0.0,0.0,0.0
290.12799091978775,-35.76358241487341,27.362005581263748,0.0,0.0,0.0
290.1377214753436,-35.75743493671307,27.36155155930516,0.0,0.0,0.0
