galstreams/tracks/track.po.PS1-C.bernard2016.ecsv
# %ECSV 1.0
# ---
# datatype:
# - {name: ra, unit: deg, datatype: float64}
# - {name: dec, unit: deg, datatype: float64}
# - {name: distance, unit: kpc, datatype: float64}
# - {name: pm_ra_cosdec, unit: mas / yr, datatype: float64}
# - {name: pm_dec, unit: mas / yr, datatype: float64}
# - {name: radial_velocity, unit: km / s, datatype: float64}
# delimiter: ','
# meta: !!omap
# - __serialized_columns__:
#     dec:
#       __class__: astropy.coordinates.angles.Latitude
#       unit: &id001 !astropy.units.Unit {unit: deg}
#       value: !astropy.table.SerializedColumn {name: dec}
#     distance:
#       __class__: astropy.coordinates.distances.Distance
#       unit: !astropy.units.Unit {unit: kpc}
#       value: !astropy.table.SerializedColumn {name: distance}
#     pm_dec:
#       __class__: astropy.units.quantity.Quantity
#       unit: !astropy.units.Unit {unit: mas / yr}
#       value: !astropy.table.SerializedColumn {name: pm_dec}
#     pm_ra_cosdec:
#       __class__: astropy.units.quantity.Quantity
#       unit: !astropy.units.Unit {unit: mas / yr}
#       value: !astropy.table.SerializedColumn {name: pm_ra_cosdec}
#     ra:
#       __class__: astropy.coordinates.angles.Longitude
#       unit: *id001
#       value: !astropy.table.SerializedColumn {name: ra}
#       wrap_angle: !astropy.coordinates.Angle
#         unit: *id001
#         value: 360.0
#     radial_velocity:
#       __class__: astropy.units.quantity.Quantity
#       unit: !astropy.units.Unit {unit: km / s}
#       value: !astropy.table.SerializedColumn {name: radial_velocity}
# schema: astropy-2.0
ra,dec,distance,pm_ra_cosdec,pm_dec,radial_velocity
[from data line 237]
331.60415265445766,13.660143628492865,17.4,0.0,0.0,0.0
331.61005771294674,13.668349105419628,17.399999999999995,0.0,0.0,0.0
331.6159631827654,13.676554442598366,17.399999999999995,0.0,0.0,0.0
331.62186906419197,13.68475963993227,17.399999999999995,0.0,0.0,0.0
331.62777535750456,13.692964697324362,17.399999999999995,0.0,0.0,0.0
331.6336820629816,13.701169614677626,17.39999999999999,0.0,0.0,0.0
331.6395891809015,13.709374391895189,17.399999999999995,0.0,0.0,0.0
331.6454967115427,13.717579028879955,17.399999999999995,0.0,0.0,0.0
331.6514046551837,13.725783525534984,17.399999999999995,0.0,0.0,0.0
331.657313012103,13.733987881763188,17.399999999999995,0.0,0.0,0.0
331.6632217825791,13.742192097467445,17.399999999999995,0.0,0.0,0.0
331.669130966891,13.750396172550747,17.399999999999995,0.0,0.0,0.0
331.67504056531703,13.758600106915889,17.39999999999999,0.0,0.0,0.0
331.6809505781363,13.766803900465819,17.399999999999995,0.0,0.0,0.0
331.68686100562735,13.775007553103318,17.399999999999995,0.0,0.0,0.0
331.6927718480692,13.783211064731155,17.399999999999995,0.0,0.0,0.0
331.69868310574077,13.791414435252213,17.4,0.0,0.0,0.0
331.704594778921,13.79961766456915,17.39999999999999,0.0,0.0,0.0
331.71050686788897,13.807820752584806,17.39999999999999,0.0,0.0,0.0
331.71641937292384,13.81602369920185,17.399999999999995,0.0,0.0,0.0
331.7223322943046,13.824226504322928,17.399999999999995,0.0,0.0,0.0
331.7282456323106,13.832429167850796,17.39999999999999,0.0,0.0,0.0
331.73415938722104,13.84063168968801,17.39999999999999,0.0,0.0,0.0
331.74007355931525,13.848834069737288,17.399999999999995,0.0,0.0,0.0
331.7459881488726,13.85703630790117,17.399999999999995,0.0,0.0,0.0
331.75190315617243,13.8652384040822,17.399999999999995,0.0,0.0,0.0
331.7578185814944,13.873440358182998,17.399999999999995,0.0,0.0,0.0
331.76373442511783,13.88164217010602,17.399999999999995,0.0,0.0,0.0
331.7696506873225,13.889843839753842,17.4,0.0,0.0,0.0
331.775567368388,13.898045367028908,17.39999999999999,0.0,0.0,0.0
331.78148446859393,13.906246751833628,17.399999999999995,0.0,0.0,0.0
331.78740198822015,13.914447994070516,17.399999999999995,0.0,0.0,0.0
331.7933199275464,13.922649093641896,17.399999999999995,0.0,0.0,0.0
331.7992382868526,13.930850050450237,17.399999999999995,0.0,0.0,0.0
331.8051570664187,13.939050864397855,17.399999999999995,0.0,0.0,0.0
331.8110762665246,13.947251535387041,17.399999999999995,0.0,0.0,0.0
331.8169958874503,13.955452063320202,17.399999999999995,0.0,0.0,0.0
331.822915929476,13.963652448099523,17.399999999999995,0.0,0.0,0.0
331.8288363928818,13.97185268962737,17.399999999999995,0.0,0.0,0.0
331.8347572779478,13.98005278780594,17.399999999999995,0.0,0.0,0.0
331.84067858495433,13.988252742537387,17.399999999999995,0.0,0.0,0.0
331.8466003141818,13.996452553724012,17.399999999999995,0.0,0.0,0.0
331.85252246591034,14.004652221267929,17.39999999999999,0.0,0.0,0.0
331.8584450404206,14.012851745071234,17.399999999999995,0.0,0.0,0.0
331.86436803799285,14.021051125036147,17.399999999999995,0.0,0.0,0.0
331.8702914589078,14.029250361064662,17.399999999999995,0.0,0.0,0.0
331.8762153034459,14.037449453058953,17.39999999999999,0.0,0.0,0.0
331.88213957188793,14.045648400921015,17.39999999999999,0.0,0.0,0.0
331.8880642645144,14.053847204552826,17.39999999999999,0.0,0.0,0.0
331.8939893816063,14.06204586385648,17.39999999999999,0.0,0.0,0.0
331.89991492344416,14.070244378733864,17.399999999999995,0.0,0.0,0.0
331.90584089030904,14.078442749087012,17.39999999999999,0.0,0.0,0.0
331.91176728248183,14.086640974817815,17.39999999999999,0.0,0.0,0.0
331.9176941002434,14.09483905582812,17.399999999999995,0.0,0.0,0.0
331.9236213438749,14.103036992019907,17.39999999999999,0.0,0.0,0.0
331.9295490136574,14.111234783294933,17.39999999999999,0.0,0.0,0.0
331.935477109872,14.119432429555124,17.39999999999999,0.0,0.0,0.0
331.94140563279996,14.127629930702234,17.399999999999995,0.0,0.0,0.0
331.9473345827225,14.135827286638003,17.39999999999999,0.0,0.0,0.0
331.95326395992083,14.144024497264281,17.399999999999995,0.0,0.0,0.0
331.95919376467646,14.152221562482708,17.399999999999995,0.0,0.0,0.0
331.9651239972708,14.160418482195084,17.39999999999999,0.0,0.0,0.0
331.9710546579853,14.168615256303053,17.399999999999995,0.0,0.0,0.0
331.9769857471014,14.176811884708222,17.39999999999999,0.0,0.0,0.0
331.9829172649009,14.185008367312319,17.39999999999999,0.0,0.0,0.0
331.98884921166524,14.193204704016862,17.39999999999999,0.0,0.0,0.0
331.99478158767624,14.20140089472354,17.399999999999995,0.0,0.0,0.0
332.0007143932157,14.20959693933386,17.39999999999999,0.0,0.0,0.0
332.0066476285653,14.217792837749315,17.399999999999995,0.0,0.0,0.0
332.012581294007,14.225988589871516,17.4,0.0,0.0,0.0
332.01851538982277,14.234184195601852,17.399999999999995,0.0,0.0,0.0
332.02444991629454,14.242379654841884,17.399999999999995,0.0,0.0,0.0
332.03038487370435,14.250574967493007,17.400000000000002,0.0,0.0,0.0
332.0363202623343,14.258770133456583,17.400000000000002,0.0,0.0,0.0
332.0422560824666,14.266965152634107,17.400000000000002,0.0,0.0,0.0
332.0481923343834,14.275160024926883,17.399999999999995,0.0,0.0,0.0
332.054129018367,14.283354750236228,17.4,0.0,0.0,0.0
332.0600661346997,14.291549328463535,17.4,0.0,0.0,0.0
332.06600368366395,14.299743759510003,17.4,0.0,0.0,0.0
332.0719416655421,14.307938043277003,17.399999999999995,0.0,0.0,0.0
332.07788008061675,14.316132179665725,17.4,0.0,0.0,0.0
332.0838189291704,14.324326168577343,17.4,0.0,0.0,0.0
332.0897582114856,14.33252000991314,17.4,0.0,0.0,0.0
332.0956979278451,14.340713703574197,17.400000000000002,0.0,0.0,0.0
332.1016380785316,14.348907249461748,17.400000000000002,0.0,0.0,0.0
332.10757866382795,14.357100647476868,17.4,0.0,0.0,0.0
332.1135196840169,14.365293897520603,17.4,0.0,0.0,0.0
332.1194611393814,14.373486999494117,17.399999999999995,0.0,0.0,0.0
332.12540303020427,14.381679953298358,17.399999999999995,0.0,0.0,0.0
332.13134535676875,14.389872758834443,17.4,0.0,0.0,0.0
332.1372881193578,14.398065416003327,17.400000000000002,0.0,0.0,0.0
332.1432313182545,14.406257924705923,17.400000000000002,0.0,0.0,0.0
332.14917495374203,14.414450284843275,17.400000000000002,0.0,0.0,0.0
332.1551190261037,14.422642496316206,17.400000000000002,0.0,0.0,0.0
332.16106353562276,14.430834559025708,17.400000000000002,0.0,0.0,0.0
332.1670084825826,14.43902647287261,17.400000000000002,0.0,0.0,0.0
332.1729538672667,14.447218237757708,17.400000000000002,0.0,0.0,0.0
332.1788996899583,14.455409853581912,17.400000000000002,0.0,0.0,0.0
332.18484595094117,14.463601320245928,17.400000000000002,0.0,0.0,0.0
332.19079265049885,14.47179263765062,17.400000000000002,0.0,0.0,0.0
332.19673978891484,14.479983805696683,17.400000000000002,0.0,0.0,0.0
332.20268736647296,14.488174824284801,17.400000000000002,0.0,0.0,0.0
332.20863538345696,14.496365693315752,17.4,0.0,0.0,0.0
332.21458384015057,14.504556412690123,17.400000000000002,0.0,0.0,0.0
332.22053273683787,14.51274698230864,17.400000000000002,0.0,0.0,0.0
332.2264820738025,14.52093740207189,17.400000000000002,0.0,0.0,0.0
332.2324318513287,14.52912767188041,17.400000000000002,0.0,0.0,0.0
332.23838206970044,14.537317791634873,17.400000000000006,0.0,0.0,0.0
332.24433272920174,14.54550776123573,17.400000000000006,0.0,0.0,0.0
332.2502838301169,14.553697580583586,17.40000000000001,0.0,0.0,0.0
332.25623537273003,14.561887249578897,17.400000000000006,0.0,0.0,0.0
332.26218735732544,14.57007676812208,17.400000000000006,0.0,0.0,0.0
332.26813978418755,14.578266136113673,17.40000000000001,0.0,0.0,0.0
332.27409265360063,14.58645535345401,17.400000000000006,0.0,0.0,0.0
332.2800459658492,14.594644420043563,17.400000000000006,0.0,0.0,0.0
332.28599972121776,14.602833335782663,17.400000000000002,0.0,0.0,0.0
332.2919539199909,14.611022100571606,17.400000000000006,0.0,0.0,0.0
332.29790856245324,14.619210714310798,17.40000000000001,0.0,0.0,0.0
332.30386364888943,14.62739917690049,17.400000000000006,0.0,0.0,0.0
332.3098191795842,14.635587488240896,17.400000000000006,0.0,0.0,0.0
332.31577515482246,14.643775648232353,17.400000000000006,0.0,0.0,0.0
332.321731574889,14.651963656774987,17.40000000000001,0.0,0.0,0.0
332.32768844006875,14.660151513769078,17.400000000000006,0.0,0.0,0.0
332.3336457506467,14.66833921911475,17.40000000000001,0.0,0.0,0.0
332.3396035069078,14.676526772712087,17.40000000000001,0.0,0.0,0.0
332.3455617091373,14.6847141744613,17.40000000000001,0.0,0.0,0.0
332.3515203576202,14.692901424262386,17.400000000000013,0.0,0.0,0.0
332.3574794526419,14.7010885220155,17.40000000000001,0.0,0.0,0.0
332.3634389944874,14.709275467620635,17.400000000000013,0.0,0.0,0.0
332.36939898344224,14.717462260977753,17.40000000000001,0.0,0.0,0.0
332.37535941979183,14.725648901986936,17.40000000000001,0.0,0.0,0.0
332.3813203038215,14.733835390548052,17.40000000000001,0.0,0.0,0.0
332.3872816358168,14.742021726561122,17.40000000000001,0.0,0.0,0.0
332.39324341606334,14.750207909926024,17.400000000000006,0.0,0.0,0.0
332.3992056448466,14.75839394054258,17.40000000000001,0.0,0.0,0.0
332.4051683224524,14.766579818310746,17.40000000000001,0.0,0.0,0.0
332.4111314491665,14.774765543130266,17.40000000000001,0.0,0.0,0.0
332.4170950252746,14.782951114901032,17.400000000000013,0.0,0.0,0.0
332.42305905106264,14.79113653352279,17.400000000000006,0.0,0.0,0.0
332.4290235268165,14.799321798895235,17.40000000000001,0.0,0.0,0.0
332.43498845282215,14.807506910918198,17.40000000000001,0.0,0.0,0.0
332.44095382936564,14.81569186949129,17.400000000000013,0.0,0.0,0.0
332.44691965673303,14.823876674514283,17.40000000000001,0.0,0.0,0.0
332.45288593521065,14.832061325886773,17.400000000000013,0.0,0.0,0.0
332.45885266508446,14.84024582350835,17.400000000000013,0.0,0.0,0.0
332.4648198466408,14.848430167278709,17.400000000000013,0.0,0.0,0.0
332.47078748016617,14.856614357097317,17.400000000000013,0.0,0.0,0.0
332.4767555659468,14.864798392863829,17.400000000000013,0.0,0.0,0.0
332.48272410426927,14.872982274477726,17.400000000000013,0.0,0.0,0.0
332.48869309541993,14.881166001838444,17.400000000000013,0.0,0.0,0.0
332.4946625396855,14.889349574845548,17.400000000000013,0.0,0.0,0.0
332.5006324373525,14.897532993398446,17.400000000000013,0.0,0.0,0.0
332.50660278870765,14.905716257396508,17.40000000000001,0.0,0.0,0.0
332.5125735940378,14.913899366739212,17.400000000000013,0.0,0.0,0.0
332.5185448536296,14.922082321325844,17.400000000000013,0.0,0.0,0.0
332.52451656777004,14.930265121055825,17.400000000000013,0.0,0.0,0.0
332.53048873674607,14.938447765828437,17.400000000000013,0.0,0.0,0.0
332.5364613608445,14.946630255542916,17.400000000000013,0.0,0.0,0.0
332.54243444035257,14.954812590098598,17.400000000000013,0.0,0.0,0.0
332.54840797555727,14.962994769394694,17.400000000000013,0.0,0.0,0.0
332.5543819667458,14.971176793330406,17.400000000000013,0.0,0.0,0.0
332.56035641420544,14.979358661804923,17.400000000000013,0.0,0.0,0.0
332.56633131822343,14.987540374717412,17.400000000000013,0.0,0.0,0.0
332.57230667908715,14.995721931966997,17.400000000000013,0.0,0.0,0.0
332.5782824970839,15.003903333452781,17.400000000000013,0.0,0.0,0.0
332.58425877250136,15.012084579073854,17.400000000000013,0.0,0.0,0.0
332.59023550562677,15.020265668729257,17.400000000000013,0.0,0.0,0.0
332.596212696748,15.028446602318024,17.400000000000013,0.0,0.0,0.0
332.60219034615255,15.036627379739151,17.400000000000013,0.0,0.0,0.0
332.60816845412813,15.04480800089162,17.400000000000013,0.0,0.0,0.0
332.61414702096255,15.052988465674373,17.400000000000013,0.0,0.0,0.0
332.62012604694365,15.061168773986338,17.400000000000013,0.0,0.0,0.0
332.62610553235925,15.069348925726402,17.400000000000013,0.0,0.0,0.0
332.63208547749736,15.077528920793442,17.400000000000013,0.0,0.0,0.0
332.638065882646,15.085708759086291,17.400000000000016,0.0,0.0,0.0
332.6440467480932,15.093888440503777,17.400000000000013,0.0,0.0,0.0
332.6500280741271,15.102067964944686,17.400000000000016,0.0,0.0,0.0
332.6560098610359,15.11024733230778,17.400000000000013,0.0,0.0,0.0
332.66199210910787,15.118426542491784,17.400000000000013,0.0,0.0,0.0
332.66797481863125,15.126605595395432,17.400000000000013,0.0,0.0,0.0
332.67395798989446,15.134784490917395,17.400000000000013,0.0,0.0,0.0
332.679941623186,15.14296322895633,17.400000000000013,0.0,0.0,0.0
332.6859257187943,15.15114180941087,17.400000000000013,0.0,0.0,0.0
332.6919102770079,15.159320232179617,17.400000000000013,0.0,0.0,0.0
332.6978952981154,15.16749849716115,17.400000000000013,0.0,0.0,0.0
332.7038807824056,15.175676604254022,17.400000000000013,0.0,0.0,0.0
332.70986673016705,15.183854553356756,17.400000000000013,0.0,0.0,0.0
332.7158531416887,15.192032344367856,17.400000000000013,0.0,0.0,0.0
332.72184001725935,15.200209977185782,17.400000000000013,0.0,0.0,0.0
332.7278273571679,15.208387451708989,17.400000000000013,0.0,0.0,0.0
332.7338151617034,15.216564767835886,17.400000000000013,0.0,0.0,0.0
332.73980343115477,15.224741925464867,17.400000000000013,0.0,0.0,0.0
332.74579216581134,15.2329189244943,17.400000000000013,0.0,0.0,0.0
332.751781365962,15.241095764822523,17.40000000000001,0.0,0.0,0.0
332.75777103189614,15.249272446347844,17.400000000000013,0.0,0.0,0.0
332.76376116390304,15.257448968968546,17.400000000000013,0.0,0.0,0.0
332.769751762272,15.265625332582895,17.400000000000013,0.0,0.0,0.0
332.77574282729245,15.273801537089108,17.400000000000013,0.0,0.0,0.0
332.7817343592539,15.281977582385398,17.400000000000013,0.0,0.0,0.0
332.7877263584458,15.290153468369942,17.40000000000001,0.0,0.0,0.0
332.79371882515784,15.298329194940889,17.400000000000013,0.0,0.0,0.0
332.7997117596795,15.306504761996356,17.400000000000013,0.0,0.0,0.0
332.8057051623007,15.314680169434451,17.400000000000013,0.0,0.0,0.0
332.81169903331113,15.322855417153233,17.400000000000013,0.0,0.0,0.0
332.8176933730007,15.33103050505075,17.400000000000013,0.0,0.0,0.0
332.8236881816591,15.33920543302501,17.400000000000013,0.0,0.0,0.0
332.82968345957653,15.347380200974014,17.400000000000016,0.0,0.0,0.0
332.8356792070429,15.355554808795713,17.400000000000013,0.0,0.0,0.0
332.8416754243483,15.363729256388044,17.400000000000013,0.0,0.0,0.0
332.84767211178286,15.371903543648918,17.400000000000013,0.0,0.0,0.0
332.8536692696369,15.380077670476213,17.400000000000013,0.0,0.0,0.0
332.85966689820054,15.388251636767773,17.400000000000013,0.0,0.0,0.0
332.8656649977642,15.396425442421442,17.400000000000013,0.0,0.0,0.0
332.87166356861826,15.404599087335008,17.400000000000013,0.0,0.0,0.0
332.8776626110532,15.412772571406245,17.400000000000013,0.0,0.0,0.0
332.88366212535954,15.420945894532897,17.400000000000013,0.0,0.0,0.0
332.88966211182776,15.429119056612677,17.400000000000013,0.0,0.0,0.0
332.89566257074864,15.437292057543287,17.400000000000013,0.0,0.0,0.0
332.90166350241276,15.445464897222383,17.400000000000013,0.0,0.0,0.0
332.907664907111,15.453637575547594,17.400000000000013,0.0,0.0,0.0
332.9136667851341,15.46181009241654,17.400000000000013,0.0,0.0,0.0
332.919669136773,15.469982447726803,17.400000000000013,0.0,0.0,0.0
332.92567196231863,15.478154641375928,17.400000000000013,0.0,0.0,0.0
332.93167526206196,15.486326673261445,17.400000000000013,0.0,0.0,0.0
332.9376790362942,15.494498543280853,17.400000000000013,0.0,0.0,0.0
332.94368328530635,15.50267025133163,17.400000000000013,0.0,0.0,0.0
332.9496880093897,15.51084179731121,17.400000000000013,0.0,0.0,0.0
332.95569320883544,15.519013181117021,17.40000000000001,0.0,0.0,0.0
332.961698883935,15.52718440264645,17.400000000000013,0.0,0.0,0.0
332.9677050349797,15.535355461796858,17.400000000000013,0.0,0.0,0.0
332.97371166226094,15.543526358465575,17.400000000000013,0.0,0.0,0.0
332.9797187660704,15.551697092549917,17.400000000000013,0.0,0.0,0.0
332.98572634669944,15.55986766394716,17.400000000000016,0.0,0.0,0.0
332.99173440443985,15.56803807255456,17.400000000000013,0.0,0.0,0.0
332.99774293958336,15.576208318269336,17.400000000000013,0.0,0.0,0.0
333.00375195242157,15.584378400988692,17.400000000000013,0.0,0.0,0.0
333.0097614432465,15.592548320609799,17.400000000000013,0.0,0.0,0.0
