galstreams/tracks/track.st.Phlegethon.ibata2021.ecsv
# %ECSV 1.0
# ---
# datatype:
# - {name: ra, unit: deg, datatype: float64}
# - {name: dec, unit: deg, datatype: float64}
# - {name: distance, unit: kpc, datatype: float64}
# - {name: pm_ra_cosdec, unit: mas / yr, datatype: float64}
# - {name: pm_dec, unit: mas / yr, datatype: float64}
# - {name: radial_velocity, unit: km / s, datatype: float64}
# delimiter: ','
# meta: !!omap
# - __serialized_columns__:
#     dec:
#       __class__: astropy.coordinates.angles.Latitude
#       unit: &id001 !astropy.units.Unit {unit: deg}
#       value: !astropy.table.SerializedColumn {name: dec}
#     distance:
#       __class__: astropy.coordinates.distances.Distance
#       unit: !astropy.units.Unit {unit: kpc}
#       value: !astropy.table.SerializedColumn {name: distance}
#     pm_dec:
#       __class__: astropy.units.quantity.Quantity
#       unit: !astropy.units.Unit {unit: mas / yr}
#       value: !astropy.table.SerializedColumn {name: pm_dec}
#     pm_ra_cosdec:
#       __class__: astropy.units.quantity.Quantity
#       unit: !astropy.units.Unit {unit: mas / yr}
#       value: !astropy.table.SerializedColumn {name: pm_ra_cosdec}
#     ra:
#       __class__: astropy.coordinates.angles.Longitude
#       unit: *id001
#       value: !astropy.table.SerializedColumn {name: ra}
#       wrap_angle: !astropy.coordinates.Angle
#         unit: *id001
#         value: 360.0
#     radial_velocity:
#       __class__: astropy.units.quantity.Quantity
#       unit: !astropy.units.Unit {unit: km / s}
#       value: !astropy.table.SerializedColumn {name: radial_velocity}
# schema: astropy-2.0
ra,dec,distance,pm_ra_cosdec,pm_dec,radial_velocity
[from data line 3103]
323.02604263449507,-17.92812794721736,3.2365532388545044,-1.9214636265883254,-36.56429724365768,-87.7550826879782
323.02728989928573,-17.918077927139475,3.236566617454023,-1.9200860498139267,-36.56192578027571,-87.83873887294914
323.02853661158395,-17.908027853375014,3.236580107988832,-1.9187086060518324,-36.55955223715442,-87.92240692247154
323.0297827717179,-17.89797772595524,3.2365937105093345,-1.9173312953052815,-36.557176614765424,-88.00608685181722
323.0310283800158,-17.887927544911136,3.2366074250659365,-1.9159541175775958,-36.55479891358026,-88.0897786762584
323.0322734368057,-17.877877310273888,3.23662125170904,-1.9145770728722171,-36.55241913407046,-88.17348241106711
323.0335179424154,-17.867827022074547,3.2366351904890487,-1.9132001611927034,-36.55003727670751,-88.25719807151529
323.0347618971725,-17.857776680344163,3.2366492414563677,-1.9118233825426936,-36.5476533419629,-88.34092567287512
323.0360053014045,-17.84772628511378,3.2366634046614,-1.9104467369259277,-36.54526733030802,-88.42466523041848
323.0372481554387,-17.83767583641441,3.236677680154549,-1.9090702243462694,-36.542879242214255,-88.50841675941766
323.03849045960243,-17.82762533427706,3.2366920679862186,-1.907693844807647,-36.54048907815299,-88.59218027514447
323.0397322142225,-17.817574778732705,3.2367065682068135,-1.906317598314133,-36.53809683859552,-88.67595579287111
323.0409734196258,-17.807524169812304,3.2367211808667364,-1.9049414848698785,-36.535702524013146,-88.75974332786946
323.04221407613915,-17.797473507546805,3.2367359060163934,-1.9035655044791158,-36.533306134877115,-88.8435428954119
323.0434541840888,-17.787422791967124,3.2367507437061853,-1.902189657146251,-36.53090767165866,-88.9273545107701
323.0446937438013,-17.777372023104174,3.236765693986517,-1.9008139428756987,-36.52850713482895,-89.01117818921627
323.0459327556028,-17.767321200988828,3.2367807569077915,-1.8994383616720487,-36.526104524859164,-89.09501394602255
323.04717121981935,-17.75727032565196,3.2367959325204154,-1.89806291353994,-36.523699842220374,-89.17886179646086
323.0484091367767,-17.747219397124418,3.23681122087479,-1.8966875984841627,-36.521293087383704,-89.26272175580331
323.04964650680057,-17.737168415437022,3.236826622021319,-1.8953124165095891,-36.5188842608202,-89.34659383932186
323.05088333021655,-17.727117380620594,3.2368421360104067,-1.8939373676211746,-36.516473363000884,-89.43047806228871
323.05211960735,-17.717066292705915,3.2368577628924586,-1.8925624518239976,-36.514060394396715,-89.51437443997575
323.0533553385261,-17.707015151723763,3.236873502717876,-1.8911876691232319,-36.51164535547867,-89.59828298765515
323.0545905240699,-17.69696395770489,3.2368893555370635,-1.8898130195241647,-36.50922824671766,-89.68220372059884
323.0558251643063,-17.68691271068003,3.236905321400425,-1.8884385030321562,-36.50680906858456,-89.76613665407896
323.0570592595601,-17.676861410679894,3.2369214003583644,-1.8870641196527105,-36.50438782155022,-89.8500818033676
323.0582928101557,-17.666810057735177,3.236937592461287,-1.8856898693914044,-36.50196450608545,-89.93403918373673
323.0595258164176,-17.656758651876572,3.2369538977595926,-1.8843157522539276,-36.49953912266106,-90.01800881045835
323.06075827867,-17.646707193134727,3.2369703163036894,-1.8829417682460683,-36.49711167174776,-90.1019906988046
323.061990197237,-17.63665568154029,3.236986848143979,-1.881567917373717,-36.4946821538163,-90.18598486404751
323.06322157244244,-17.62660411712387,3.2370034933308647,-1.8801941996428786,-36.49225056933733,-90.26999132145917
323.06445240461017,-17.616552499916093,3.2370202519147506,-1.8788206150596354,-36.48981691878154,-90.3540100863114
323.06568269406375,-17.606500829947517,3.237037123946042,-1.8774471636302055,-36.48738120261951,-90.43804117387666
323.0669124411266,-17.59644910724873,3.237054109475141,-1.8760738453608647,-36.48494342132184,-90.52208459942662
323.06814164612194,-17.586397331850275,3.2370712085524533,-1.874700660258057,-36.482503575359054,-90.6061403782335
323.069370309373,-17.57634550378268,3.23708842122838,-1.873327608328248,-36.48006166520169,-90.69020852556926
323.07059843120265,-17.566293623076454,3.2371057475533274,-1.871954689578085,-36.47761769132022,-90.77428905670612
323.07182601193364,-17.556241689762093,3.2371231875776973,-1.870581904014264,-36.475171654185104,-90.85838198691594
323.0730530518886,-17.546189703870073,3.2371407413518947,-1.8692092516436132,-36.47272355426674,-90.94248733147089
323.07427955139013,-17.536137665430854,3.2371584089263226,-1.8678367324730303,-36.47027339203553,-91.02660510564283
323.07550551076037,-17.52608557447486,3.2371761903513865,-1.8664643465095665,-36.4678211679618,-91.11073532470414
323.07673093032156,-17.516033431032515,3.237194085677489,-1.8650920937603157,-36.465366882515866,-91.19487800392658
323.0779558103956,-17.50598123513423,3.2372120949550327,-1.8637199742325423,-36.46291053616803,-91.27903315858227
323.07918015130446,-17.49592898681038,3.2372302182344237,-1.8623479879335356,-36.46045212938852,-91.3632008039434
323.0804039533696,-17.48587668609133,3.237248455566064,-1.860976134870766,-36.45799166264757,-91.44738095528176
323.08162721691275,-17.47582433300743,3.2372668070003576,-1.8596044150517477,-36.45552913641536,-91.5315736278696
323.08284994225517,-17.465771927589,3.2372852725877097,-1.858232828484125,-36.453064551162015,-91.61577883697893
323.084072129718,-17.455719469866356,3.237303852378523,-1.8568613751756535,-36.45059790735767,-91.69999659788178
323.08529377962225,-17.445666959869786,3.2373225464232007,-1.8554900551341653,-36.44812920547241,-91.78422692585019
323.0865148922888,-17.435614397629568,3.2373413547721483,-1.85411886836763,-36.44565844597628,-91.86846983615622
323.08773546803843,-17.425561783175954,3.2373602774757693,-1.8527478148840784,-36.44318562933928,-91.95272534407188
323.0889555071917,-17.41550911653918,3.237379314584466,-1.8513768946916604,-36.44071075603143,-92.03699346486933
323.090175010069,-17.40545639774948,3.2373984661486417,-1.8500061077986487,-36.43823382652266,-92.12127421382039
323.0913939769904,-17.395403626837027,3.2374177322187037,-1.8486354542134231,-36.43575484128287,-92.20556760619739
323.0926124082761,-17.385350803832026,3.2374371128450523,-1.8472649339444214,-36.43327380078199,-92.28987365727214
323.0938303042461,-17.375297928764628,3.237456608078094,-1.8458945470002144,-36.43079070548983,-92.37419238231693
323.09504766522014,-17.365245001664995,3.23747621796823,-1.8445242933894797,-36.42830555587622,-92.45852379660366
323.0962644915176,-17.35519202256325,3.2374959425658654,-1.8431541731210066,-36.42581835241096,-92.54286791540434
323.09748078345814,-17.3451389914895,3.2375157819214047,-1.8417841862036548,-36.42332909556379,-92.627224753991
323.098696541361,-17.335085908473836,3.23753573608525,-1.8404143326464242,-36.42083778580442,-92.71159432763585
323.09991176554524,-17.325032773546337,3.2375558051078066,-1.8390446124583786,-36.41834442360257,-92.79597665161083
323.10112645632995,-17.314979586737063,3.237575989039478,-1.8376750256487187,-36.41584900942786,-92.88037174118801
323.10234061403384,-17.30492634807606,3.237596287930668,-1.83630557222674,-36.413351543749926,-92.96477961163937
323.10355423897556,-17.294873057593335,3.237616701831778,-1.834936252201838,-36.41085202703837,-93.04920027823705
323.1047673314736,-17.28481971531889,3.237637230793216,-1.8335670655835106,-36.40835045976272,-93.13363375625315
323.10597989184646,-17.27476632128272,3.237657874865383,-1.8321980123813546,-36.40584684239252,-93.21808006095964
323.10719192041216,-17.2647128755148,3.2376786340986827,-1.8308290926050947,-36.403341175397266,-93.30253920762844
323.1084034174887,-17.25465937804507,3.237699508543521,-1.8294603062645232,-36.4008334592464,-93.3870112115317
323.10961438339416,-17.244605828903463,3.237720498250299,-1.82809165336956,-36.398323694409356,-93.47149608794165
323.110824818446,-17.234552228119895,3.2377416032694235,-1.8267231339302246,-36.395811881355506,-93.5559938521301
323.112034722962,-17.224498575724265,3.237762823651296,-1.825354747956644,-36.393298020554234,-93.64050451936924
323.1132440972593,-17.21444487174646,3.237784159446321,-1.8239864954590441,-36.39078211247487,-93.72502810493087
323.11445294165543,-17.204391116216325,3.237805610704902,-1.8226183764477408,-36.38826415758669,-93.80956462408743
323.11566125646726,-17.19433730916371,3.237827177477443,-1.8212503909331836,-36.38574415635897,-93.89411409211074
323.1168690420119,-17.184283450618455,3.237848859814348,-1.8198825389258904,-36.38322210926094,-93.97867652427274
323.1180762986059,-17.174229540610355,3.2378706577660203,-1.8185148204365298,-36.380698016761784,-94.06325193584573
323.1192830265661,-17.164175579169214,3.237892571382865,-1.8171472354758196,-36.37817187933068,-94.14784034210156
323.12048922620886,-17.154121566324786,3.2379146007152846,-1.8157797840546293,-36.37564369743673,-94.23244175831253
323.1216948978505,-17.14406750210685,3.2379367458136823,-1.8144124661839092,-36.373113471549104,-94.31705619975033
323.12290004180716,-17.134013386545128,3.237959006728463,-1.8130452818746932,-36.370581202136805,-94.40168368168723
323.1241046583948,-17.12395921966936,3.2379813835100317,-1.8116782311381838,-36.36804688966888,-94.48632421939526
323.12530874792947,-17.113905001509234,3.23800387620879,-1.8103113139855855,-36.36551053461434,-94.57097782814643
323.1265123107266,-17.10385073209444,3.2380264848751423,-1.8089445304283318,-36.36297213744214,-94.65564452321281
323.12771534710174,-17.09379641145465,3.2380492095594926,-1.8075778804778642,-36.36043169862124,-94.74032431986653
323.1289178573705,-17.08374203961952,3.238072050312245,-1.8062113641457556,-36.35788921862056,-94.82501723337946
323.13011984184794,-17.07368761661868,3.2380950071838037,-1.80484498144369,-36.35534469790892,-94.90972327902381
323.1313213008491,-17.063633142481752,3.23811808022457,-1.8034787323834705,-36.3527981369552,-94.99444247207147
323.13252223468896,-17.05357861723833,3.238141269484951,-1.802112616976963,-36.35024953622819,-95.07917482779465
323.13372264368223,-17.043524040917994,3.238164575015348,-1.800746635236183,-36.34769889619668,-95.16392036146536
323.1349225281436,-17.033469413550325,3.2381879968661664,-1.7993807871732157,-36.345146217329415,-95.24867908835554
323.1361218883874,-17.023414735164856,3.23821153508781,-1.79801507280028,-36.3425915000951,-95.33345102373733
323.13732072472806,-17.013360005791128,3.238235189730681,-1.7966494921296556,-36.34003474496241,-95.41823618288277
323.1385190374796,-17.003305225458643,3.2382589608451844,-1.7952840451737702,-36.33747595239998,-95.50303458106389
323.13971682695615,-16.993250394196913,3.238282848481723,-1.7939187319451433,-36.334915122876474,-95.58784623355277
323.1409140934714,-16.98319551203541,3.238306852690703,-1.79255355245638,-36.33235225686041,-95.67267115562144
323.14211083733915,-16.973140579003594,3.2383309735225256,-1.7911885067202258,-36.3297873548204,-95.75750936254195
323.1433070588728,-16.963085595130917,3.2383552110275953,-1.7898235947495014,-36.32722041722492,-95.84236086958639
323.14450275838584,-16.953030560446802,3.2383795652563165,-1.7884588165571333,-36.324651444542475,-95.92722569202671
323.1456979361915,-16.94297547498066,3.2384040362590927,-1.7870941721561566,-36.32208043724151,-96.01210384513504
323.14689259260274,-16.932920338761896,3.238428624086328,-1.7857296615597313,-36.31950739579047,-96.09699534418321
323.1480867279326,-16.922865151819867,3.2384533287884256,-1.7843652847810914,-36.3169323206577,-96.18190020444374
323.14928034249374,-16.91280991418395,3.238478150415789,-1.7830010418336055,-36.31435521231161,-96.26681844118822
323.1504734365989,-16.90275462588348,3.2385030890188222,-1.7816369327306942,-36.31177607122051,-96.35175006968898
323.1516660105604,-16.8926992869478,3.2385281446479306,-1.780272957485952,-36.30919489785267,-96.43669510521785
323.1528580646906,-16.88264389740619,3.2385533173535164,-1.7789091161130353,-36.3066116926764,-96.5216535630471
323.15404959930163,-16.87258845728796,3.2385786071859832,-1.7775454086257207,-36.30402645615987,-96.6066254584486
323.15524061470563,-16.862532966622393,3.2386040141957353,-1.7761818350378613,-36.30143918877133,-96.69161080669457
323.15643111121426,-16.852477425438728,3.238629538433177,-1.7748183953634626,-36.29884989097892,-96.77660962305684
323.1576210891393,-16.84242183376623,3.238655179948711,-1.7734550896166015,-36.29625856325079,-96.86162192280756
323.1588105487923,-16.832366191634108,3.2386809387927427,-1.772091917811454,-36.29366520605504,-96.94664772121888
323.15999949048467,-16.822310499071566,3.238706815015674,-1.7707288799623386,-36.29106981985974,-97.03168703356272
323.1611879145276,-16.81225475610781,3.2387328086679106,-1.7693659760836358,-36.28847240513292,-97.11673987511122
323.1623758212323,-16.802198962772003,3.2387589197998543,-1.7680032061898432,-36.28587296234261,-97.20180626113631
323.16356321090956,-16.792143119093314,3.238785148461911,-1.7666405702955972,-36.283271491956775,-97.28688620691013
323.1647500838703,-16.782087225100877,3.238811494704481,-1.7652780684155918,-36.28066799444338,-97.37197972770468
323.165936440425,-16.772031280823814,3.2388379585779727,-1.7639157005646524,-36.27806247027028,-97.4570868387921
323.16712228088426,-16.761975286291246,3.238864540132787,-1.7625534667577076,-36.2754549199054,-97.5422075554443
323.1683076055584,-16.751919241532256,3.238891239419328,-1.7611913670097747,-36.2728453438166,-97.62734189293342
323.1694924147577,-16.74186314657591,3.238918056488,-1.7598294013359776,-36.270233742471675,-97.71248986653146
323.170676708792,-16.731807001451273,3.2389449913892068,-1.758467569751593,-36.26762011633841,-97.79765149151058
323.1718604879713,-16.721750806187387,3.238972044173352,-1.757105872271925,-36.26500446588457,-97.88282678314266
323.17304375260534,-16.711694560813278,3.2389992148908395,-1.7557443089124467,-36.26238679157789,-97.96801575669988
323.1742265030037,-16.701638265357968,3.239026503592074,-1.7543828796887029,-36.259767093886026,-98.0532184274542
323.1754087394757,-16.691581919850417,3.2390539103274567,-1.7530215846163646,-36.25714537327668,-98.13843481067772
323.17659046233075,-16.68152552431962,3.239081435147393,-1.7516604237111846,-36.254521630217454,-98.22366492164248
323.177771671878,-16.671469078794537,3.239109078102288,-1.7502993969890346,-36.25189586517594,-98.30890877562055
323.17895236842634,-16.661412583304116,3.2391368392425437,-1.7489385044658974,-36.24926807861973,-98.39416638788386
323.18013255228465,-16.65135603787726,3.2391647186185644,-1.7475777461578366,-36.24663827101634,-98.47943777370467
323.1813122237616,-16.641299442542895,3.2391927162807543,-1.7462171220810596,-36.24400644283327,-98.56472294835497
323.18249138316577,-16.631242797329914,3.239220832279517,-1.7448566322518362,-36.24137259453799,-98.65002192710662
323.18367003080544,-16.621186102267192,3.2392490666652543,-1.7434962766865842,-36.23873672659797,-98.7353347252318
323.18484816698896,-16.611129357383593,3.239277419488373,-1.7421360554017822,-36.23609883948059,-98.82066135800252
323.1860257920244,-16.60107256270795,3.239305890799276,-1.740775968414047,-36.233458933653225,-98.90600184069096
323.1872029062196,-16.5910157182691,3.2393344806483664,-1.7394160157401126,-36.23081700958324,-98.99135618856899
323.1883795098825,-16.58095882409585,3.2393631890860477,-1.7380561973967552,-36.228173067737934,-99.07672441690882
323.18955560332057,-16.570901880217008,3.239392016162726,-1.7366965134009344,-36.2255271085846,-99.16210654098231
323.19073118684145,-16.56084488666133,3.2394209619288024,-1.7353369637696536,-36.22287913259048,-99.2475025760617
323.19190626075243,-16.550787843457588,3.2394500264346817,-1.733977548520068,-36.220229140222806,-99.332912537419
323.19308082536065,-16.54073075063454,3.239479209730768,-1.732618267669399,-36.21757713194876,-99.41833644032623
323.19425488097323,-16.5306736082209,3.239508511867465,-1.7312591212350137,-36.214923108235496,-99.50377430005531
