galstreams/tracks/track.st.NGC2298.ibata2024.ecsv
# %ECSV 1.0
# ---
# datatype:
# - {name: ra, unit: deg, datatype: float64}
# - {name: dec, unit: deg, datatype: float64}
# - {name: distance, unit: kpc, datatype: float64}
# - {name: pm_ra_cosdec, unit: mas / yr, datatype: float64}
# - {name: pm_dec, unit: mas / yr, datatype: float64}
# - {name: radial_velocity, unit: km / s, datatype: float64}
# delimiter: ','
# meta: !!omap
# - __serialized_columns__:
#     dec:
#       __class__: astropy.coordinates.angles.Latitude
#       unit: &id001 !astropy.units.Unit {unit: deg}
#       value: !astropy.table.SerializedColumn {name: dec}
#     distance:
#       __class__: astropy.coordinates.distances.Distance
#       unit: !astropy.units.Unit {unit: kpc}
#       value: !astropy.table.SerializedColumn {name: distance}
#     pm_dec:
#       __class__: astropy.units.quantity.Quantity
#       unit: !astropy.units.Unit {unit: mas / yr}
#       value: !astropy.table.SerializedColumn {name: pm_dec}
#     pm_ra_cosdec:
#       __class__: astropy.units.quantity.Quantity
#       unit: !astropy.units.Unit {unit: mas / yr}
#       value: !astropy.table.SerializedColumn {name: pm_ra_cosdec}
#     ra:
#       __class__: astropy.coordinates.angles.Longitude
#       unit: *id001
#       value: !astropy.table.SerializedColumn {name: ra}
#       wrap_angle: !astropy.coordinates.Angle
#         unit: *id001
#         value: 360.0
#     radial_velocity:
#       __class__: astropy.units.quantity.Quantity
#       unit: !astropy.units.Unit {unit: km / s}
#       value: !astropy.table.SerializedColumn {name: radial_velocity}
# schema: astropy-2.0
ra,dec,distance,pm_ra_cosdec,pm_dec,radial_velocity
[from data line 286]
96.9156431346414,-33.356577961496875,0.9999999999999997,2.9488995063137367,-1.9943679553737041,983.264576740628
96.92655170491929,-33.361078844924016,0.9999999999999997,2.9490073256447857,-1.993734209664467,983.2117294129072
96.93745979286251,-33.36558086808898,0.9999999999999998,2.9491185986717348,-1.993106076881773,983.1592462159189
96.9483673960562,-33.370084035054,0.9999999999999998,2.949233319609071,-1.9924835457522931,983.1071264994041
96.95927451208696,-33.3745883498824,0.9999999999999998,2.9493514826673923,-1.9918666050048586,983.0553696131057
96.97018113854311,-33.37909381663848,0.9999999999999996,2.9494730820530783,-1.9912552433711994,983.0039749067656
96.98108727301442,-33.38360043938765,0.9999999999999999,2.9495981119686263,-1.99064944958522,982.9529417301255
96.99199291309236,-33.38810822219632,0.9999999999999998,2.9497265666123162,-1.990049212383738,982.9022694329276
97.00289805636992,-33.39261716913197,0.9999999999999998,2.949858440178552,-1.9894545205057739,982.8519573649139
97.0138027004417,-33.3971272842631,0.9999999999999998,2.949993726857521,-1.9888653626929056,982.8020048758259
97.02470684290387,-33.40163857165929,0.9999999999999997,2.950132420835537,-1.9882817276892695,982.7524113154059
97.03561048135421,-33.40615103539111,0.9999999999999998,2.9502745162946873,-1.9877036042417586,982.7031760333957
97.0465136133921,-33.410664679530235,0.9999999999999996,2.950420007413104,-1.9871309810994262,982.6542983795376
97.05741623661844,-33.41517950814932,0.9999999999999998,2.9505688883648418,-1.9865638470142102,982.6057777035736
97.06831834863578,-33.41969552532213,0.9999999999999999,2.950721153319922,-1.9860021907402654,982.5576133552446
97.07921994704829,-33.424212735123405,1.0,2.950876796444213,-1.9854460010346173,982.5098046842942
97.09012102946163,-33.42873114162898,0.9999999999999998,2.951035811899608,-1.9848952666565083,982.4623510404633
97.10102159348315,-33.43325074891568,0.9999999999999996,2.951198193843883,-1.9843499763680654,982.415251773494
97.11192163672176,-33.43777156106144,0.9999999999999999,2.9513639364307522,-1.9838101189336328,982.3685062331284
97.12282115678794,-33.44229358214517,0.9999999999999998,2.9515330338098913,-1.9832756831204392,982.3221137691083
97.13372015129379,-33.446816816246844,0.9999999999999998,2.951705480126847,-1.9827466576980157,982.2760737311761
97.14461861785298,-33.45134126744751,0.9999999999999999,2.9518812695231986,-1.982223031438508,982.2303854690733
97.15551655408082,-33.45586693982919,0.9999999999999998,2.9520603961362752,-1.9817047931167906,982.1850483325421
97.16641395759419,-33.460393837475024,0.9999999999999997,2.952242854099442,-1.9811919315100397,982.1400616713241
97.17731082601155,-33.46492196446911,1.0,2.952428637542006,-1.9806844353981745,982.0954248351618
97.18820715695297,-33.469451324896674,0.9999999999999998,2.9526177405891225,-1.9801822935636437,982.0511371737969
97.19910294804015,-33.47398192284389,0.9999999999999998,2.9528101573618954,-1.9796854947915108,982.0071980369714
97.20999819689634,-33.478513762398045,0.9999999999999999,2.9530058819772904,-1.9791940278692692,981.9636067744275
97.2208929011464,-33.483046847647415,0.9999999999999998,2.9532049085482903,-1.978707881587269,981.9203627359065
97.23178705841684,-33.48758118268134,0.9999999999999997,2.9534072311836397,-1.9782270447380768,981.8774652711506
97.2426806663357,-33.492116771590204,0.9999999999999998,2.953612843988129,-1.9777515061171727,981.8349137299026
97.25357372253266,-33.49665361846541,0.9999999999999999,2.9538217410623986,-1.9772812545224383,981.7927074619034
97.26446622463901,-33.50119172739941,0.9999999999999999,2.9540339165029543,-1.976816278754356,981.7508458168953
97.27535817028762,-33.50573110248567,0.9999999999999998,2.95424936440223,-1.976356567616179,981.7093281446204
97.28624955711298,-33.51027174781875,0.9999999999999997,2.9544680788485564,-1.9759021099134202,981.6681537948206
97.29714038275117,-33.51481366749418,0.9999999999999999,2.9546900539261927,-1.97545289445452,981.6273221172382
97.30803064483986,-33.51935686560857,0.9999999999999997,2.954915283715277,-1.9750089100503345,981.5868324616142
97.31892034101841,-33.52390134625956,0.9999999999999999,2.9551437622917476,-1.974570145514349,981.5466841776918
97.32980946892766,-33.5284471135458,0.9999999999999998,2.9553754837276323,-1.974136589662777,981.5068766152119
97.34069802621015,-33.532994171567005,0.9999999999999998,2.9556104420906557,-1.973708231314248,981.4674091239172
97.35158601051,-33.537542524423905,0.9999999999999998,2.9558486314444963,-1.973285059290177,981.4282810535491
97.36247341947295,-33.542092176218304,0.9999999999999998,2.956090045848722,-1.9728670624144087,981.3894917538499
97.3733602507463,-33.54664313105298,0.9999999999999998,2.956334679358825,-1.9724542295135876,981.3510405745618
97.384246501979,-33.551195393031804,0.9999999999999998,2.9565825260261462,-1.9720465494168593,981.312926865426
97.39513217082163,-33.55574896625963,0.9999999999999999,2.956833579897868,-1.9716440109561262,981.2751499761853
97.40601725492634,-33.560303854842395,0.9999999999999998,2.9570878350170453,-1.971246602965678,981.2377092565815
97.41690175194691,-33.564860062887035,0.9999999999999998,2.9573452854227007,-1.9708543142826613,981.2006040563557
97.42778565953873,-33.56941759450153,0.9999999999999999,2.9576059251496467,-1.970467133746709,981.163833725251
97.4386689753588,-33.57397645379489,0.9999999999999998,2.9578697482285996,-1.9700850502002822,981.127397613009
97.44955169706571,-33.578536644877175,0.9999999999999999,2.9581367486861403,-1.9697080524881585,981.0912950693709
97.46043382231974,-33.58309817185945,0.9999999999999998,2.958406920544707,-1.9693361294580995,981.0555254440798
97.4713153487827,-33.58766103885383,0.9999999999999997,2.958680257822614,-1.9689692699601977,981.0200880868771
97.48219627411805,-33.592225249973474,0.9999999999999998,2.9589567545340287,-1.968607462847487,980.9849823475048
97.49307659599086,-33.596790809332525,0.9999999999999999,2.9592364046890367,-1.9682506969753177,980.950207575705
97.5039563120678,-33.60135772104623,0.9999999999999999,2.959519202293521,-1.967898961201982,980.9157631212197
97.51483542001716,-33.605925989230755,0.9999999999999998,2.9598051413492072,-1.967552244388287,980.8816483337906
97.52571391750897,-33.61049561800347,0.9999999999999997,2.960094215853726,-1.967210535397669,980.8478625631595
97.53659180221469,-33.61506661148261,0.9999999999999997,2.9603864198005816,-1.966873823096364,980.8144051590689
97.54746907180748,-33.619638973787524,0.9999999999999998,2.96068174717907,-1.9665420963530948,980.7812754712605
97.55834572396215,-33.62421270903857,0.9999999999999998,2.960980191974386,-1.9662153440392984,980.7484728494763
97.56922175635509,-33.628787821357115,0.9999999999999998,2.9612817481674973,-1.965893555029112,980.7159966434582
97.58009716666429,-33.63336431486561,0.9999999999999999,2.961586409735361,-1.965576718199344,980.6838462029488
97.5909719525694,-33.63794219368748,0.9999999999999998,2.9618941706506696,-1.965264822429475,980.6520208776891
97.60184611175171,-33.64252146194721,0.9999999999999998,2.9622050248819676,-1.9649578566016004,980.6205200174209
97.61271964189407,-33.64710212377029,0.9999999999999998,2.962518966393695,-1.964655809600572,980.5893429718874
97.62359254068102,-33.65168418328327,0.9999999999999998,2.962835989146061,-1.9643586703137856,980.5584890908295
97.63446480579866,-33.6562676446137,0.9999999999999997,2.9631560870951823,-1.9640664276315363,980.5279577239897
97.64533643493475,-33.66085251189018,1.0,2.9634792541929933,-1.9637790704465203,980.4977482211099
97.65620742577866,-33.6654387892423,0.9999999999999999,2.963805484387258,-1.9634965876543333,980.4678599319318
97.66707777602143,-33.67002648080072,0.9999999999999996,2.964134771621538,-1.9632189681532566,980.438292206197
97.67794748335564,-33.67461559069711,0.9999999999999997,2.9644671098353044,-1.9629462008440726,980.4090443936487
97.68881654547559,-33.67920612306415,0.9999999999999997,2.964802492963763,-1.9626782746305054,980.380115844028
97.69968496007712,-33.68379808203557,0.9999999999999998,2.9651409149380825,-1.9624151784188086,980.3515059070772
97.71055272485776,-33.68839147174612,0.9999999999999998,2.9654823696851302,-1.9621569011179645,980.3232139325378
97.72141983751665,-33.69298629633155,0.9999999999999998,2.9658268511276447,-1.961903431639712,980.2952392701521
97.73228629575455,-33.69758255992867,0.9999999999999998,2.966174353184197,-1.9616547588983195,980.2675812696623
97.74315209727384,-33.702180266675306,0.9999999999999998,2.9665248697692093,-1.9614108718110685,980.2402392808098
97.75401723977856,-33.70677942071029,0.9999999999999999,2.966878394792836,-1.961171759297713,980.2132126533368
97.76488172097436,-33.7113800261735,0.9999999999999998,2.967234922161179,-1.9609374102807493,980.1865007369851
97.77574553856851,-33.715982087205816,0.9999999999999998,2.967594445776033,-1.9607078136854597,980.1601028814973
97.78660869026996,-33.72058560794917,0.9999999999999998,2.9679569595350266,-1.9604829584396697,980.1340184366148
97.79747117378919,-33.72519059254647,0.9999999999999998,2.9683224573317553,-1.9602628334742889,980.1082467520798
97.80833298683845,-33.72979704514172,0.9999999999999998,2.968690933055395,-1.9600474277225004,980.0827871776338
97.81919412713152,-33.73440496987987,0.9999999999999997,2.9690623805910903,-1.959836730120486,980.0576390630195
97.83005459238383,-33.739014370906936,0.9999999999999998,2.969436793819767,-1.95963072960717,980.0328017579783
97.8409143803125,-33.74362525236995,0.9999999999999998,2.9698141666181073,-1.959429415124049,980.0082746122525
97.8517734886362,-33.748237618416944,0.9999999999999997,2.9701944928586776,-1.9592327756154617,979.9840569755834
97.8626319150753,-33.75285147319702,0.9999999999999997,2.9705777664097646,-1.9590408000283759,979.9601481977143
97.87348965735175,-33.75746682086023,0.9999999999999997,2.97096398113554,-1.9588534773126867,979.9365476283859
97.88434671318922,-33.762083665557704,0.9999999999999998,2.9713531308959595,-1.9586707964208472,979.9132546173408
97.89520308031292,-33.766702011441566,1.0,2.9717452095466754,-1.9584927463080817,979.8902685143207
97.90605875644978,-33.77132186266497,0.9999999999999999,2.9721402109392834,-1.958319315932485,979.8675886690673
97.91691373932831,-33.77594322338209,0.9999999999999999,2.9725381289210944,-1.9581504942546957,979.8452144313229
97.92776802667866,-33.78056609774811,1.0,2.972938957335245,-1.9579862702382655,979.8231451508299
97.93862161623267,-33.78519048991922,0.9999999999999998,2.973342690020644,-1.9578266328495033,979.8013801773297
97.94947450572374,-33.789816404052665,0.9999999999999998,2.973749320812047,-1.9576715710573467,979.7799188605637
97.96032669288701,-33.7944438443067,0.9999999999999998,2.974158843539886,-1.957521073833476,979.7587605502755
97.97117817545917,-33.79907281484056,1.0,2.974571252030483,-1.9573751301525704,979.737904596206
97.98202895117858,-33.80370331981453,0.9999999999999999,2.9749865401059274,-1.9572337289917812,979.717350348097
97.99287901778526,-33.80833536338991,1.0,2.9754047015841216,-1.957096859331287,979.6970971556905
98.00372837302083,-33.81296894972901,0.9999999999999999,2.9758257302786433,-1.956964510153739,979.6771443687292
98.01457701462863,-33.81760408299515,0.9999999999999998,2.9762496199989563,-1.9568366704448863,979.6574913369544
98.02542494035356,-33.822240767352696,0.9999999999999998,2.9766763645503005,-1.9567133291929508,979.638137410108
98.03627214794219,-33.82687900696698,0.9999999999999999,2.977105957733663,-1.9565944753891245,979.6190819379327
98.04711863514272,-33.83151880600442,0.9999999999999999,2.9775383933458173,-1.9564800980271855,979.6003242701696
98.05796439970504,-33.83616016863235,0.9999999999999998,2.9779736651793343,-1.9563701861040528,979.5818637565611
98.06880943938067,-33.8408030990192,0.9999999999999999,2.978411767022518,-1.9562647286190327,979.5636997468494
98.07965375192273,-33.8454476013344,0.9999999999999998,2.978852692659462,-1.956163714574359,979.5458315907758
98.09049733508603,-33.85009367974837,0.9999999999999998,2.9792964358701184,-1.9560671329751074,979.5282586380823
98.10134018662701,-33.85474133843255,0.9999999999999998,2.97974299043004,-1.9559749728291393,979.5109802385116
98.11218230430373,-33.8593905815594,1.0,2.980192350110766,-1.9558872231470161,979.4939957418052
98.12302368587598,-33.86404141330242,0.9999999999999998,2.980644508679365,-1.9558038729421412,979.4773044977053
98.1338643291051,-33.86869383783605,1.0,2.981099459898875,-1.9557249112307744,979.4609058559535
98.14470423175413,-33.87334785933582,0.9999999999999999,2.98155719752798,-1.9556503270318615,979.4447991662917
98.15554339158776,-33.87800348197822,0.9999999999999999,2.9820177153212057,-1.9555801093672756,979.4289837784625
98.16638180637227,-33.88266070994077,0.9999999999999999,2.9824810070288166,-1.9555142472615472,979.4134590422073
98.17721947387571,-33.887319547402015,1.0,2.982947066396754,-1.9554527297421629,979.3982243072684
98.18805639186765,-33.89197999854148,0.9999999999999999,2.9834158871668777,-1.9553955458392807,979.3832789233873
98.19889255811937,-33.89664206753973,0.9999999999999998,2.983887463076691,-1.9553426845860002,979.368622240306
98.2097279704038,-33.90130575857831,1.0,2.9843617878594557,-1.9552941350180788,979.3542536077674
98.22056262649554,-33.9059710758398,0.9999999999999999,2.984838855244263,-1.9552498861743004,979.3401723755122
98.23139652417079,-33.910638023507786,0.9999999999999999,2.9853186589559293,-1.9552099270960497,979.3263778932835
98.24222966120743,-33.91530660576683,1.0,2.985801192714991,-1.9551742468277098,979.3128695108222
98.25306203538499,-33.91997682680256,1.0,2.9862864502377953,-1.9551428344163497,979.2996465778712
98.26389364448467,-33.924648690801575,0.9999999999999998,2.98677442523633,-1.9551156789119233,979.2867084441718
98.27472448628929,-33.92932220195147,0.9999999999999999,2.9872651114184947,-1.9550927693671838,979.2740544594662
98.28555455858334,-33.93399736444088,0.9999999999999999,2.987758502487818,-1.9550740948379115,979.2616839734966
98.29638385915298,-33.93867418245944,0.9999999999999999,2.9882545921436083,-1.9550596443823167,979.2495963360045
98.307212385786,-33.94335266019775,0.9999999999999998,2.9887533740809396,-1.9550494070618782,979.237790896732
98.31804013627185,-33.94803280184749,1.0,2.9892548419906078,-1.9550433719405476,979.2262670054214
98.32886710840162,-33.95271461160127,0.9999999999999999,2.9897589895591814,-1.9550415280853883,979.2150240118142
98.3396932999681,-33.95739809365277,0.9999999999999999,2.9902658104689124,-1.95504386456615,979.2040612656529
98.3505187087657,-33.962083252196635,0.9999999999999999,2.990775298397878,-1.9550503704554671,979.1933781166788
98.36134333259051,-33.96677009142853,1.0,2.9912874470198147,-1.9550610348289297,979.1829739146349
98.37216716924023,-33.97145861554512,0.9999999999999999,2.9918022500042483,-1.9550758467647427,979.1728480092618
98.38299021651429,-33.97614882874406,1.0,2.9923197010163847,-1.9550947953441806,979.1629997503023
98.39381247221371,-33.980840735224035,0.9999999999999999,2.9928397937172804,-1.9551178696512466,979.1534284874984
98.40463393414119,-33.98553433918473,0.9999999999999999,2.993362521763636,-1.9551450587728851,979.1441335705916
98.4154546001011,-33.99022964482681,0.9999999999999997,2.9938878788078895,-1.9551763517988405,979.1351143493239
98.42627446789949,-33.99492665635196,0.9999999999999999,2.9944158584981864,-1.9552117378218128,979.1263701734381
98.43709353534399,-33.999625377962865,1.0,2.994946454478562,-1.9552512059371594,979.1179003926756
98.447911800244,-34.00432581386322,0.9999999999999999,2.9954796603885363,-1.9552947452432363,979.1097043567776
98.45872926041048,-34.0090279682577,1.0,2.9960154698635684,-1.9553423448413838,979.1017814154872
98.46954591365612,-34.013731845351984,0.9999999999999998,2.996553876534705,-1.9553939938356564,979.094130918546
