galstreams/tracks/track.st.Orphan-Chenab.shipp2019.ecsv
# %ECSV 0.9
# ---
# datatype:
# - {name: ra, unit: deg, datatype: float64}
# - {name: dec, unit: deg, datatype: float64}
# - {name: distance, unit: kpc, datatype: float64}
# - {name: pm_ra_cosdec, unit: mas / yr, datatype: float64}
# - {name: pm_dec, unit: mas / yr, datatype: float64}
# - {name: radial_velocity, unit: km / s, datatype: float64}
# delimiter: ','
# meta: !!omap
# - __serialized_columns__:
#     dec:
#       __class__: astropy.coordinates.angles.Latitude
#       unit: &id001 !astropy.units.Unit {unit: deg}
#       value: !astropy.table.SerializedColumn {name: dec}
#     distance:
#       __class__: astropy.coordinates.distances.Distance
#       unit: !astropy.units.Unit {unit: kpc}
#       value: !astropy.table.SerializedColumn {name: distance}
#     pm_dec:
#       __class__: astropy.units.quantity.Quantity
#       unit: !astropy.units.Unit {unit: mas / yr}
#       value: !astropy.table.SerializedColumn {name: pm_dec}
#     pm_ra_cosdec:
#       __class__: astropy.units.quantity.Quantity
#       unit: !astropy.units.Unit {unit: mas / yr}
#       value: !astropy.table.SerializedColumn {name: pm_ra_cosdec}
#     ra:
#       __class__: astropy.coordinates.angles.Longitude
#       unit: *id001
#       value: !astropy.table.SerializedColumn {name: ra}
#       wrap_angle: !astropy.coordinates.Angle
#         unit: *id001
#         value: 360.0
#     radial_velocity:
#       __class__: astropy.units.quantity.Quantity
#       unit: !astropy.units.Unit {unit: km / s}
#       value: !astropy.table.SerializedColumn {name: radial_velocity}
# schema: astropy-2.0
ra,dec,distance,pm_ra_cosdec,pm_dec,radial_velocity
[from data line 821]
327.211099194046,-51.259404068128646,39.80000000000018,0.37397782980138783,-2.366132501587214,1.3849804113843631e-09
327.218434897225,-51.25048486851112,39.80000000000018,0.3741903951913963,-2.365457872312943,1.390605483827118e-09
327.2257732135128,-51.241566669085266,39.80000000000019,0.3744027140481617,-2.3647829308692456,1.396196873201353e-09
327.23311414232364,-51.232649469168635,39.800000000000196,0.37461478617365956,-2.3641076773223504,1.401754579507069e-09
327.2404576830726,-51.223733268078725,39.80000000000021,0.3748266113699583,-2.363432111738555,1.4073459688813041e-09
327.2478038351755,-51.214818065133,39.80000000000022,0.3750381894392124,-2.362756234184225,1.4131057735981369e-09
327.25515259804934,-51.205903859648885,39.80000000000021,0.3752495201836604,-2.362080044725802,1.4187308460408915e-09
327.2625039711119,-51.19699065094377,39.800000000000225,0.37546060340563214,-2.3614035434297898,1.4244906507577242e-09
327.26985795378204,-51.18807843833498,39.800000000000225,0.3756714389075418,-2.3607267303627686,1.430183089337518e-09
327.2772145454792,-51.17916722113985,39.80000000000023,0.3758820264918914,-2.360049605591386,1.4360102601913895e-09
327.284573745624,-51.17025699867563,39.80000000000024,0.3760923659612697,-2.3593721691823597,1.4417700649082223e-09
327.29193555363804,-51.161347770259574,39.800000000000246,0.3763024571183545,-2.358694421202478,1.447731968036172e-09
327.29929996894344,-51.152439535208856,39.800000000000246,0.3765122997659053,-2.3580163617185983,1.453458089684485e-09
327.30666699096366,-51.14353229284067,39.80000000000026,0.37672189370677334,-2.3573379907976495,1.459453675880954e-09
327.31403661912276,-51.13462604247211,39.80000000000026,0.37693123874389756,-2.356659308506628,1.4653145298033454e-09
327.32140885284593,-51.125720783420284,39.80000000000026,0.37714033468029884,-2.3559803149126015,1.4713437990683338e-09
327.328783691559,-51.11681651500224,39.80000000000027,0.37734918131908834,-2.355301010082706,1.477272019127764e-09
327.33616113468895,-51.10791323653499,39.800000000000274,0.37755777846346616,-2.3546213940841465,1.483267605324233e-09
327.3435411816636,-51.099010947335536,39.80000000000029,0.3777661259167171,-2.3539414669842014,1.4893642407262606e-09
327.3509238319116,-51.09010964672082,39.80000000000028,0.3779742234822104,-2.353261228850215,1.4953935099912493e-09
327.3583090848624,-51.08120933400775,39.800000000000296,0.37818207096340517,-2.3525806797496016,1.501490145393277e-09
327.36569693994664,-51.07231000851321,39.8000000000003,0.37838966816384834,-2.3518998197498453,1.507687830000863e-09
327.3730873965955,-51.06341166955407,39.8000000000003,0.37859701488717024,-2.3512186489185014,1.5137170992658515e-09
327.3804804542414,-51.05451431644712,39.80000000000031,0.37880411093709276,-2.350537167323189,1.5199147838734376e-09
327.3878761123174,-51.04561794850915,39.80000000000031,0.3790109561174203,-2.349855375031604,1.526213517686582e-09
327.3952743702575,-51.03672256505691,39.800000000000324,0.3792175502320466,-2.349173272111504,1.5324448853626876e-09
327.40267522749656,-51.027828165407136,39.80000000000033,0.37942389308495195,-2.3484908586307194,1.5387099361073125e-09
327.41007868347043,-51.0189347488765,39.80000000000034,0.37962998448020346,-2.3478081346571513,1.5449749868519375e-09
327.41748473761584,-51.01004231478166,39.800000000000345,0.37983582422195405,-2.3471251002587645,1.551341086802121e-09
327.42489338937025,-51.00115086243924,39.800000000000345,0.3800414121144442,-2.3464417555036,1.5577408698208242e-09
327.4323046381722,-50.992260391165836,39.80000000000036,0.38024674796200447,-2.3457581004597596,1.5640396036339686e-09
327.43971848346087,-50.98337090027802,39.80000000000035,0.3804518315690444,-2.3450741351954214,1.570607801995269e-09
327.4471349246765,-50.974482389092316,39.80000000000037,0.3806566627400682,-2.3443898597788255,1.5769739019454525e-09
327.45455396126016,-50.96559485692522,39.800000000000374,0.3808612412796624,-2.3437052742782853,1.5834073680326749e-09
327.4619755926538,-50.95670830309324,39.80000000000038,0.3810655669925037,-2.343020378762181,1.589941883325456e-09
327.4693998183002,-50.947822726912804,39.80000000000039,0.3812696396833519,-2.342335173298963,1.5965437647552758e-09
327.4768266376431,-50.938938127700304,39.80000000000039,0.3814734591570576,-2.3416496579571477,1.6030109139110178e-09
327.484256050127,-50.93005450477218,39.800000000000395,0.3816770252185548,-2.34096383280532,1.6096464784093573e-09
327.49168805519724,-50.921171857444754,39.80000000000041,0.3818803376728638,-2.340277697912137,1.6162146767706576e-09
327.4991226523002,-50.91229018503439,39.8000000000004,0.38208339632509764,-2.3395912533463203,1.6229512904745554e-09
327.50655984088297,-50.90340948685736,39.80000000000042,0.38228620098044885,-2.3389044991766603,1.6295531719043754e-09
327.5139996203936,-50.89452976222999,39.80000000000042,0.38248875144420136,-2.338217435472017,1.6362561025397537e-09
327.5214419902809,-50.8856510104685,39.80000000000043,0.3826910475217228,-2.337530062301318,1.6430600823806906e-09
327.5288869499946,-50.87677323088913,39.80000000000043,0.3828930890184713,-2.33684237973356,1.649830379153108e-09
327.5363344989853,-50.86789642280807,39.80000000000044,0.3830948757399888,-2.336154387837803,1.6566006759255254e-09
327.54378463670446,-50.859020585541515,39.800000000000445,0.38329640749190624,-2.3354660866831813,1.6634720219035011e-09
327.55123736260435,-50.85014571840561,39.80000000000046,0.3834976840799368,-2.3347774763388953,1.6703096848129574e-09
327.55869267613815,-50.841271820716464,39.800000000000466,0.38369870530988714,-2.3340885568742102,1.677147347722414e-09
327.56615057675975,-50.832398891790206,39.80000000000047,0.383899470987645,-2.333399328358463,1.6840860598374286e-09
327.5736110639242,-50.82352693094289,39.80000000000048,0.3840999809191894,-2.332709790861056,1.690923722746885e-09
327.581074137087,-50.81465593749059,39.80000000000049,0.3843002349105814,-2.3320199444514587,1.6979634840674582e-09
327.5885397957047,-50.805785910749336,39.80000000000049,0.3845002327679703,-2.3313297891992124,1.704902196182473e-09
327.5960080392349,-50.79691685003512,39.8000000000005,0.38469997429759695,-2.3306393251739213,1.7119419575030464e-09
327.6034788671356,-50.78804875466394,39.8000000000005,0.3848994593057809,-2.3299485524452583,1.7190154018921392e-09
327.61095227886597,-50.77918162395175,39.80000000000051,0.38509868759893495,-2.3292574710829657,1.7260551632127123e-09
327.61842827388597,-50.770315457214494,39.80000000000052,0.3852976589835565,-2.32856608115685,1.7331959737388442e-09
327.62590685165634,-50.76145025376809,39.80000000000052,0.38549637326622843,-2.3278743827367894,1.7403367842649758e-09
327.6333880116386,-50.75258601292843,39.800000000000544,0.3856948302536205,-2.3271823758927246,1.7475449609281466e-09
327.6408717532953,-50.743722734011406,39.80000000000055,0.3858930297524925,-2.3264900606946677,1.7546857714542783e-09
327.64835807608955,-50.73486041633287,39.80000000000055,0.3860909715696851,-2.3257974372126973,1.761893948117449e-09
327.65584697948566,-50.72599905920865,39.80000000000055,0.38628865551213293,-2.3251045055169546,1.7692031739861783e-09
327.6633384629484,-50.71713866195454,39.800000000000566,0.3864860813868506,-2.3244112656776537,1.7764450337178685e-09
327.67083252594364,-50.70827922388638,39.80000000000057,0.3866832490009434,-2.323717717765072,1.7837542595865976e-09
327.67832916793793,-50.699420744319916,39.80000000000058,0.386880158161602,-2.3230238618495562,1.7911308515923658e-09
327.6858283883987,-50.69056322257092,39.800000000000594,0.38707680867610444,-2.3223296980015187,1.798574809735173e-09
327.6933301867942,-50.68170665795512,39.800000000000594,0.3872732003518135,-2.3216352262914386,1.8059177186724217e-09
327.7008345625935,-50.67285104978823,39.80000000000061,0.38746933299618236,-2.3209404467898627,1.8132606276096702e-09
327.70834151526657,-50.66399639738597,39.80000000000061,0.3876652064167475,-2.320245359567404,1.8207719518895164e-09
327.715851044284,-50.65514270006402,39.800000000000615,0.3878608204211341,-2.3195499646947413,1.8282159100323236e-09
327.7233631491175,-50.64628995713803,39.80000000000062,0.38805617481705323,-2.3188542622426205,1.8357609173806892e-09
327.7308778292393,-50.63743816792367,39.80000000000064,0.3882512694123015,-2.3181582522818553,1.8433059247290548e-09
327.7383950841226,-50.62858733173657,39.800000000000644,0.388446104014764,-2.3174619348833256,1.850817249008901e-09
327.7459149132415,-50.61973744789235,39.800000000000644,0.3886406784324136,-2.316765310117976,1.858463305562825e-09
327.75343731607074,-50.61088851570659,39.80000000000065,0.38883499247330694,-2.3160683780568188,1.86604199597971e-09
327.76096229208594,-50.6020405344949,39.800000000000665,0.3890290459455871,-2.3153711387709324,1.8737217356021536e-09
327.76848984076355,-50.59319350357285,39.80000000000068,0.3892228386574889,-2.314673592331461,1.881435158293117e-09
327.7760199615808,-50.58434742225598,39.800000000000686,0.3894163704173277,-2.313975738809618,1.8891822640525994e-09
327.7835526540158,-50.57550228985984,39.80000000000069,0.3896096410335089,-2.3132775782766766,1.896929369812082e-09
327.7910879175474,-50.56665810569996,39.8000000000007,0.3898026503145233,-2.3125791108039837,1.904575426366006e-09
327.7986257516552,-50.55781486909185,39.800000000000715,0.3899953980689506,-2.311880336462946,1.9124572643995665e-09
327.8061661558198,-50.548972579351,39.80000000000071,0.3901878841054557,-2.31118125532504,1.9202380532275684e-09
327.81370912952246,-50.54013123579291,39.80000000000072,0.3903801082327883,-2.3104818674618044,1.928119891261129e-09
327.82125467224523,-50.53129083773306,39.80000000000073,0.3905720702597878,-2.309782172944849,1.93596804622617e-09
327.82880278347096,-50.5224513844869,39.80000000000074,0.39076376999537776,-2.3090821718458456,1.94388356732825e-09
327.83635346268346,-50.513612875369866,39.80000000000076,0.3909552072485717,-2.308381864236531,1.95179908843033e-09
327.84390670936716,-50.504775309697415,39.80000000000075,0.3911463818284677,-2.307681250188713,1.9598830248750074e-09
327.8514625230072,-50.49593868678497,39.800000000000765,0.3913372935442493,-2.306980329774258,1.967832229045607e-09
327.8590209030899,-50.48710300594793,39.80000000000078,0.3915279422051894,-2.306279103065102,1.9757814332162064e-09
327.866581849102,-50.478268266501715,39.800000000000786,0.39171832762064585,-2.305577570133247,1.9838316865923646e-09
327.8741453605312,-50.46943446776171,39.800000000000786,0.39190844960006455,-2.3048757310507586,1.9918819399685224e-09
327.8817114368659,-50.46060160904331,39.80000000000079,0.3920983079529763,-2.3041735858897687,2.0001342917557972e-09
327.8892800775954,-50.451769689661866,39.800000000000814,0.392287902489,-2.303471134722473,2.008184545131955e-09
327.89685128220975,-50.442938708932765,39.800000000000814,0.3924772330178413,-2.3027683776211374,2.016369530782191e-09
327.90442505019973,-50.434108666171355,39.80000000000083,0.39266629934929054,-2.302065314658085,2.0245208333639075e-09
327.912001381057,-50.42527956069297,39.80000000000083,0.3928551012932303,-2.3013619459057106,2.032739502082663e-09
327.9195802742738,-50.41645139181295,39.80000000000084,0.39304363865962,-2.300658271436473,2.0409918538699378e-09
327.92716172934354,-50.407624158846644,39.80000000000086,0.3932319112585171,-2.2999542913228925,2.049277888725732e-09
327.93474574576,-50.39879786110936,39.80000000000087,0.39341991890005656,-2.2992500056375595,2.0575976066500462e-09
327.942332323018,-50.38997249791641,39.80000000000087,0.3936076613944663,-2.298545414453125,2.0659510076428794e-09
327.949921460613,-50.3811480685831,39.80000000000087,0.3937951385520581,-2.2978405178423076,2.0742033594301543e-09
327.95751315804137,-50.372324572424745,39.80000000000089,0.39398235018323136,-2.2971353158778878,2.082725175765585e-09
327.9651074148001,-50.363502008756626,39.8000000000009,0.3941692960984699,-2.2964298086327157,2.0911459428954575e-09
327.9727042303871,-50.35468037689403,39.8000000000009,0.39435597610834566,-2.295723996179702,2.0994993438882907e-09
327.9803036043009,-50.345859676152244,39.800000000000914,0.3945423900235204,-2.295017878591821,2.1080211602237215e-09
327.98790553604107,-50.33703990584656,39.80000000000093,0.39472853765474014,-2.2943114559421156,2.116509293490633e-09
327.9955100251076,-50.32822106529221,39.800000000000935,0.3949144188128351,-2.293604728303692,2.1250311098260636e-09
328.00311707100144,-50.319403153804515,39.80000000000094,0.39510003330872545,-2.292897695749719,2.133519243092975e-09
328.0107266732243,-50.3105861706987,39.800000000000956,0.39528538095341714,-2.292190358353432,2.1421421086339645e-09
328.01833883127875,-50.30177011529003,39.80000000000096,0.39547046155800525,-2.291482716188129,2.150798657243473e-09
328.0259535446679,-50.29295498689378,39.80000000000098,0.39565527493366504,-2.2907747693271734,2.159455205852982e-09
328.0335708128958,-50.28414078482519,39.80000000000099,0.3958398208916667,-2.290066517843991,2.16814543753101e-09
328.0411906354672,-50.27532750839949,39.80000000000099,0.39602409924336146,-2.289357961812077,2.176801986140519e-09
328.0488130118876,-50.26651515693197,39.800000000001006,0.39620810980018917,-2.2886491013049817,2.1854585347500275e-09
328.0564379416634,-50.25770372973785,39.80000000000101,0.396391852373679,-2.2879399363963273,2.194249815633614e-09
328.06406542430136,-50.24889322613237,39.80000000000101,0.3965753267754399,-2.287230467159798,2.203041096517201e-09
328.0716954593096,-50.240083645430765,39.800000000001035,0.39675853281717477,-2.2865206936691402,2.2118323774007876e-09
328.07932804619645,-50.23127498694829,39.80000000000104,0.39694147031067095,-2.285810615998165,2.2206573413528942e-09
328.08696318447136,-50.222467250000186,39.80000000000105,0.39712413906780153,-2.2851002342207485,2.22951598837352e-09
328.0946008736443,-50.21366043390168,39.80000000000106,0.3973065389005275,-2.284389548410828,2.238408318462665e-09
328.1022411132261,-50.204854537968025,39.80000000000107,0.3974886696208946,-2.283678558642407,2.24730064855181e-09
328.1098839027283,-50.19604956151444,39.80000000000108,0.39767053104103656,-2.2829672649895523,2.2562940278465137e-09
328.11752924166336,-50.18724550385619,39.8000000000011,0.3978521229731785,-2.2822556675263925,2.2652874071412175e-09
328.12517712954417,-50.17844236430849,39.8000000000011,0.39803344522962436,-2.281543766327121,2.27434815257296e-09
328.1328275658846,-50.1696401421866,39.80000000000112,0.3982144976227689,-2.280831561465995,2.283341531867664e-09
328.14048055019924,-50.160838836805745,39.80000000000112,0.3983952799650947,-2.280119053017334,2.2924022772994066e-09
328.1481360820033,-50.15203844748118,39.80000000000114,0.3985757920691684,-2.279406241055522,2.3013619735255905e-09
328.15579416081295,-50.14323897352816,39.80000000000115,0.3987560337476487,-2.278693125655004,2.3105574512314113e-09
328.1634547861449,-50.134440414261924,39.80000000000116,0.3989360048132725,-2.277979706890292,2.319685562800193e-09
328.1711179575167,-50.12564276899773,39.80000000000117,0.399115705078872,-2.2772659848359575,2.3289147235745327e-09
328.17878367444655,-50.11684603705083,39.80000000000118,0.39929513435735986,-2.2765519595666377,2.338009152074795e-09
328.1864519364535,-50.10805021773647,39.80000000000119,0.3994742924617428,-2.275837631157031,2.347238312849135e-09
328.1941227430574,-50.099255310369934,39.8000000000012,0.3996531792051061,-2.2751229996818996,2.3564337905549555e-09
328.20179609377857,-50.090461314266484,39.800000000001205,0.399831794400628,-2.274408065216069,2.365831366671893e-09
328.20947198813826,-50.081668228741385,39.80000000000122,0.40001013786157036,-2.2736928278344255,2.3750942105147527e-09
328.21715042565836,-50.07287605310992,39.80000000000123,0.40018820940128275,-2.272977287611922,2.3844244204946513e-09
328.2248314058617,-50.064084786687374,39.80000000000124,0.4003660088332036,-2.2722614446235707,2.3938219966115888e-09
