galstreams/tracks/track.st.Gaia-12.ibata2021.ecsv
# %ECSV 0.9
# ---
# datatype:
# - {name: ra, unit: deg, datatype: float64}
# - {name: dec, unit: deg, datatype: float64}
# - {name: distance, unit: kpc, datatype: float64}
# - {name: pm_ra_cosdec, unit: mas / yr, datatype: float64}
# - {name: pm_dec, unit: mas / yr, datatype: float64}
# - {name: radial_velocity, unit: km / s, datatype: float64}
# delimiter: ','
# meta: !!omap
# - __serialized_columns__:
#     dec:
#       __class__: astropy.coordinates.angles.Latitude
#       unit: &id001 !astropy.units.Unit {unit: deg}
#       value: !astropy.table.SerializedColumn {name: dec}
#     distance:
#       __class__: astropy.coordinates.distances.Distance
#       unit: !astropy.units.Unit {unit: kpc}
#       value: !astropy.table.SerializedColumn {name: distance}
#     pm_dec:
#       __class__: astropy.units.quantity.Quantity
#       unit: !astropy.units.Unit {unit: mas / yr}
#       value: !astropy.table.SerializedColumn {name: pm_dec}
#     pm_ra_cosdec:
#       __class__: astropy.units.quantity.Quantity
#       unit: !astropy.units.Unit {unit: mas / yr}
#       value: !astropy.table.SerializedColumn {name: pm_ra_cosdec}
#     ra:
#       __class__: astropy.coordinates.angles.Longitude
#       unit: *id001
#       value: !astropy.table.SerializedColumn {name: ra}
#       wrap_angle: !astropy.coordinates.Angle
#         unit: *id001
#         value: 360.0
#     radial_velocity:
#       __class__: astropy.units.quantity.Quantity
#       unit: !astropy.units.Unit {unit: km / s}
#       value: !astropy.table.SerializedColumn {name: radial_velocity}
# schema: astropy-2.0
ra,dec,distance,pm_ra_cosdec,pm_dec,radial_velocity
[from data line 1102]
44.763105888976284,13.117781646391185,10.493919741828105,6.393073473034278,-6.431307706908614,-1.0946997268834039e-13
44.77057680180704,13.110900312006672,10.493561463570265,6.39539033616405,-6.43287692889036,-4.210383564936169e-14
44.77804634604768,13.10401771215767,10.493214270881653,6.397713390176737,-6.434446736632095,-4.210383564936169e-14
44.785514520119825,13.0971338450685,10.492878183107932,6.400042646675949,-6.436017130291263,-1.0946997268834039e-13
44.79298132244505,13.090248708963582,10.492553219594747,6.402378117265272,-6.437588110026057,-7.578690416885104e-14
44.80044675144496,13.083362302067437,10.492239399687763,6.404719813548256,-6.4391596759954215,-2.5262301389617013e-14
44.8079108055411,13.076474622604671,10.491936742732626,6.407067747128434,-6.440731828359061,-2.5262301389617013e-14
44.81537348315506,13.069585668799983,10.491645268075,6.409421929609298,-6.4423045672774135,-4.210383564936169e-14
44.822834782708405,13.062695438878166,10.491364995060536,6.411782372594312,-6.443877892911674,-1.0946997268834039e-13
44.830294702622695,13.055803931064105,10.491095943034885,6.414149087686925,-6.445451805423779,-6.73661370389787e-14
44.83775324131948,13.048911143582764,10.490838131343706,6.416522086490538,-6.447026304976399,-9.262843842859572e-14
44.84521039722034,13.04201707465921,10.490591579332655,6.418901380608528,-6.448601391732952,-5.894536990910637e-14
44.85266616874679,13.035121722518605,10.490356306347385,6.421286981644245,-6.450177065857592,-8.420767129872338e-14
44.86012055432039,13.028225085386179,10.490132331733554,6.423678901201005,-6.451753327515206,-7.578690416885104e-14
44.867573552362664,13.021327161487282,10.48991967483681,6.426077150882103,-6.453330176871426,-6.73661370389787e-14
44.875025161295184,13.014427949047327,10.489718355002818,6.42848174229078,-6.454907614092595,-7.578690416885104e-14
44.88247537953942,13.007527446291826,10.489528391577224,6.430892687030271,-6.456485639345802,-8.420767129872338e-14
44.889924205516955,13.000625651446388,10.489349803905686,6.43330999670377,-6.458064252798863,-9.262843842859572e-14
44.897371637649286,12.9937225627367,10.48918261133386,6.435733682914433,-6.459643454620313,-5.0524602779234026e-14
44.90481767435793,12.986818178388535,10.4890268332074,6.438163757265393,-6.4612232449794105,-3.368306851948935e-14
44.91226231406439,12.979912496627765,10.488882488871962,6.4406002313597455,-6.462803624046143,-1.0946997268834039e-13
44.91970555519021,12.973005515680343,10.4887495976732,6.44304311680056,-6.464384591991213,-9.262843842859572e-14
44.927147396156876,12.966097233772318,10.488628178956773,6.445492425190862,-6.465966148986038,-6.73661370389787e-14
44.9345878353859,12.95918764912981,10.488518252068332,6.447948168133658,-6.4675482952027625,-8.420767129872338e-14
44.94202687129878,12.952276759979034,10.488419836353527,6.450410357231915,-6.469131030814234,-5.894536990910637e-14
44.94946450231702,12.945364564546301,10.488332951158025,6.452879004088562,-6.470714355994011,-6.73661370389787e-14
44.9569007268621,12.938451061057993,10.488257615827472,6.455354120306502,-6.47229827091637,-2.5262301389617013e-14
44.96433554335553,12.931536247740588,10.488193849707525,6.457835717488599,-6.473882775756289,-7.578690416885104e-14
44.971768950218795,12.924620122820647,10.488141672143838,6.460323807237691,-6.475467870689458,-7.578690416885104e-14
44.97920094587338,12.917702684524816,10.488101102482071,6.4628184011565715,-6.477053555892266,-3.368306851948935e-14
44.986631528740766,12.910783931079827,10.488072160067874,6.465319510848006,-6.478639831541803,-5.0524602779234026e-14
44.994060697242446,12.9038638607125,10.488054864246903,6.467827147914725,-6.4802266978158665,-7.578690416885104e-14
45.0014884497999,12.89694247164973,10.488049234364812,6.470341323959422,-6.481814154892942,-1.2631150694808508e-13
45.0089147848346,12.890019762118506,10.488055289767262,6.472862050584757,-6.483402202952219,-1.5999457546757442e-13
45.016339700768036,12.883095730345898,10.488073049799901,6.475389339393352,-6.484990842173579,-8.420767129872338e-14
45.02376319602166,12.876170374559056,10.488102533808387,6.477923201987799,-6.486580072737592,-9.262843842859572e-14
45.03118526901697,12.869243692985222,10.488143761138373,6.4804636499706465,-6.488169894825525,-8.420767129872338e-14
45.03860591817542,12.862315683851714,10.488196751135519,6.483010694944417,-6.489760308619327,-1.6841534259744676e-14
45.046025141918484,12.855386345385938,10.488261523145475,6.485564348511584,-6.491351314301637,-1.1789073981821273e-13
45.053442938667644,12.84845567581538,10.488338096513893,6.488124622274603,-6.492942912055781,-7.578690416885104e-14
45.06085930684434,12.8415236733676,10.488426490586436,6.490691527835868,-6.4945351020657585,-6.73661370389787e-14
45.06827424487008,12.83459033627026,10.488526724708757,6.493265076797758,-6.496127884516256,-1.0104920555846805e-13
45.07568775116629,12.827655662751086,10.48863881822651,6.4958452807626035,-6.497721259592639,-1.0946997268834039e-13
45.08309982415445,12.820719651037892,10.488762790485346,6.498432151332701,-6.499315227480948,-9.262843842859572e-14
45.09051046225603,12.813782299358571,10.488898660830925,6.501025700110309,-6.500909788367899,-1.5999457546757442e-13
45.09791966389249,12.806843605941108,10.489046448608901,6.503625938697646,-6.502504942440877,-6.73661370389787e-14
45.10532742748529,12.799903569013551,10.48920617316493,6.506232878696899,-6.504100689887943,-9.262843842859572e-14
45.11273375145589,12.792962186804042,10.489377853844665,6.508846531710208,-6.505697030897827,-1.0946997268834039e-13
45.12013863422577,12.786019457540798,10.48956150999376,6.511466909339683,-6.507293965659922,-1.2631150694808508e-13
45.12754207421636,12.779075379452111,10.489757160957874,6.514094023187385,-6.50889149436428,-8.420767129872338e-14
45.13494406984915,12.772129950766363,10.489964826082657,6.516727884855347,-6.510489617201635,-1.2631150694808508e-13
45.1423446195456,12.765183169712007,10.490184524713767,6.519368505945554,-6.512088334363368,-5.894536990910637e-14
45.149743721727155,12.758235034517583,10.490416276196857,6.52201589805996,-6.513687646041523,-5.0524602779234026e-14
45.15714137481529,12.751285543411704,10.490660099877585,6.524670072800472,-6.515287552428794,-9.262843842859572e-14
45.16453757723146,12.744334694623056,10.490916015101607,6.527331041768956,-6.51688805371854,-8.420767129872338e-14
45.17193232739714,12.737382486380413,10.491184041214572,6.5299988165672485,-6.5184891501047755,-5.894536990910637e-14
45.179325623733774,12.730428916912627,10.491464197562143,6.532673408797132,-6.520090841782152,-6.73661370389787e-14
45.186717464662856,12.72347398444862,10.491756503489965,6.535354830060358,-6.521693128945988,-7.578690416885104e-14
45.19410784860583,12.716517687217397,10.492060978343702,6.538043091958639,-6.523296011792239,-5.894536990910637e-14
45.20149677398417,12.709560023448034,10.492377641469005,6.540738206093634,-6.524899490517507,-7.578690416885104e-14
45.20888423921934,12.702600991369694,10.492706512211528,6.543440184066975,-6.526503565319044,-5.894536990910637e-14
45.21627024273281,12.69564058921161,10.493047609916928,6.546149037480239,-6.528108236394735,-8.420767129872338e-14
45.223654782946056,12.688678815203087,10.49340095393086,6.548864777934979,-6.529713503943117,-2.5262301389617013e-14
45.23103785828053,12.681715667573512,10.493766563598978,6.551587417032681,-6.53131936816335,-1.1789073981821273e-13
45.23841946715773,12.674751144552351,10.49414445826694,6.554316966374813,-6.532925829255243,-1.0946997268834039e-13
45.245799607999125,12.667785244369137,10.494534657280397,6.557053437562789,-6.534532887419233,-1.2631150694808508e-13
45.253178279226184,12.66081796525348,10.494937179985005,6.559796842197983,-6.536140542856393,-5.894536990910637e-14
45.26055547926037,12.653849305435068,10.49535204572642,6.56254719188172,-6.537748795768424,-4.210383564936169e-14
45.267931206523194,12.646879263143667,10.495779273850296,6.565304498215293,-6.539357646357659,-1.0104920555846805e-13
45.27530545943612,12.63990783660911,10.49621888370229,6.568068772799941,-6.540967094827052,-1.4315304120782974e-13
45.282678236420644,12.632935024061299,10.496670894628053,6.570840027236869,-6.542577141380189,-1.0104920555846805e-13
45.29004953589823,12.625960823730226,10.497135325973245,6.57361827312723,-6.54418778622127,-6.73661370389787e-14
45.29741935629039,12.61898523384594,10.497612197083516,6.576403522072139,-6.5457990295551305,-2.5262301389617013e-14
45.304787696018586,12.61200825263858,10.498101527304526,6.57919578567266,-6.547410871587207,-5.894536990910637e-14
45.31215455350436,12.605029878338344,10.498603335981928,6.581995075529817,-6.549023312523568,-5.0524602779234026e-14
45.31951992716915,12.598050109175498,10.499117642461373,6.584801403244594,-6.550636352570891,-9.262843842859572e-14
45.3268838154345,12.5910689433804,10.499644466088519,6.587614780417922,-6.5522499919364705,-1.1789073981821273e-13
45.33424621672188,12.584086379183468,10.500183826209026,6.590435218650685,-6.553864230828208,-9.262843842859572e-14
45.341607129452825,12.57710241481519,10.500735742168542,6.593262729543737,-6.555479069454619,-4.210383564936169e-14
45.34896655204882,12.570117048506132,10.501300233312724,6.596097324697865,-6.557094508024827,-5.0524602779234026e-14
45.356324482931385,12.563130278486925,10.50187731898723,6.59893901571383,-6.558710546748559,-1.0946997268834039e-13
45.363680920522036,12.55614210298827,10.50246701853771,6.601787814192333,-6.560327185836148,-9.262843842859572e-14
45.371035863242284,12.549152520240954,10.503069351309824,6.604643731734031,-6.561944425498529,-1.2631150694808508e-13
45.37838930951366,12.542161528475804,10.503684336649222,6.607506779939543,-6.563562265947241,-8.420767129872338e-14
45.385741257757665,12.535169125923751,10.504311993901565,6.61037697040943,-6.565180707394413,-1.0946997268834039e-13
45.39309170639586,12.528175310815772,10.5049523424125,6.613254314744214,-6.566799750052781,-1.0104920555846805e-13
45.40044065384974,12.521180081382933,10.505605401527689,6.616138824544367,-6.56841939413567,-1.347322740779574e-13
45.40778809854088,12.514183435856342,10.506271190592782,6.619030511410317,-6.570039639857002,1.6841534259744676e-14
45.415134038890784,12.507185372467212,10.50694972895344,6.62192938694243,-6.571660487431282,-1.347322740779574e-13
45.42247847332102,12.500185889446783,10.507641035955313,6.624835462741046,-6.573281937073615,-5.894536990910637e-14
45.429821400253125,12.493184985026398,10.508345130944056,6.627748750406442,-6.574903988999692,-4.210383564936169e-14
45.437162818108646,12.486182657437455,10.50906203326533,6.63066926153885,-6.576526643425781,-2.5262301389617013e-14
45.44450272530916,12.479178904911416,10.509791762264783,6.633597007738453,-6.578149900568744,-4.210383564936169e-14
45.45184112027619,12.472173725679816,10.510534337288071,6.6365320006053885,-6.57977376064602,-1.347322740779574e-13
45.45917800143135,12.465167117974259,10.511289777680851,6.63947425173974,-6.581398223875631,-4.210383564936169e-14
45.46651336719617,12.45815908002641,10.512058102788782,6.642423772741546,-6.583023290476172,-1.1789073981821273e-13
45.473847215992244,12.451149610068,10.51283933195751,6.64538057521079,-6.584648960666821,-9.262843842859572e-14
45.481179546241144,12.444138706330845,10.513633484532694,6.648344670747419,-6.586275234667334,-5.0524602779234026e-14
45.48851035636446,12.437126367046796,10.51444057985999,6.651316070951307,-6.587902112698024,-1.0946997268834039e-13
45.495839644783764,12.43011259044779,10.515260637285055,6.654294787422298,-6.589529594979792,-9.262843842859572e-14
45.50316740992067,12.423097374765835,10.51609367615354,6.657280831760179,-6.591157681734101,-8.420767129872338e-14
45.51049365019677,12.416080718232989,10.5169397158111,6.660274215564691,-6.592786373182984,-8.420767129872338e-14
45.51781836403367,12.40906261908138,10.517798775603392,6.663274950435511,-6.594415669549036,-1.4315304120782974e-13
45.525141549852975,12.402043075543205,10.518670874876072,6.6662830479722786,-6.59604557105542,-1.0946997268834039e-13
45.5324632060763,12.395022085850723,10.519556032974792,6.669298519774571,-6.597676077925856,-7.578690416885104e-14
45.53978333112528,12.387999648236251,10.520454269245208,6.672321377441924,-6.599307190384631,-8.420767129872338e-14
45.547101923421515,12.380975760932186,10.52136560303298,6.675351632573813,-6.600938908656584,-5.894536990910637e-14
45.55441898138666,12.37395042217098,10.522290053683754,6.678389296769671,-6.602571232967118,-1.4315304120782974e-13
45.56173450344234,12.366923630185132,10.52322764054319,6.681434381628868,-6.604204163542182,-6.73661370389787e-14
45.569048488010196,12.359895383207236,10.524178382956944,6.684486898750733,-6.605837700608289,-1.0104920555846805e-13
45.5763609335119,12.352865679469925,10.525142300270668,6.687546859734527,-6.6074718443924905,-1.0946997268834039e-13
45.583671838369085,12.345834517205905,10.52611941183002,6.690614276179472,-6.609106595122398,-7.578690416885104e-14
45.59098120100341,12.338801894647936,10.527109736980654,6.69368915968473,-6.610741953026164,-5.894536990910637e-14
45.59828901983656,12.331767810028856,10.528113295068225,6.6967715218494135,-6.612377918332492,-7.578690416885104e-14
45.60559529329019,12.324732261581543,10.529130105438384,6.699861374272579,-6.614014491270629,-1.0104920555846805e-13
45.612900019786004,12.317695247538953,10.530160187436792,6.702958728553231,-6.615651672070361,-9.262843842859572e-14
45.62020319774567,12.310656766134098,10.5312035604091,6.706063596290312,-6.617289460962015,-1.1789073981821273e-13
45.62750482559089,12.303616815600053,10.532260243700966,6.709175989082718,-6.618927858176459,-5.894536990910637e-14
45.63480490174336,12.296575394169947,10.533330256658042,6.7122959185292945,-6.6205668639451,-1.0104920555846805e-13
45.64210342462477,12.28953250007698,10.534413618625985,6.715423396228822,-6.622206478499872,-1.347322740779574e-13
45.64940039265687,12.282488131554404,10.535510348950451,6.718558433780032,-6.623846702073253,-9.262843842859572e-14
45.65669580426135,12.275442286835533,10.53662046697709,6.7217010427816,-6.625487534898246,-4.210383564936169e-14
45.66398965785996,12.268394964153744,10.537743992051563,6.7248512348321405,-6.627128977208388,-1.0946997268834039e-13
45.67128195187441,12.261346161742466,10.538880943519525,6.728009021530219,-6.628771029237733,-8.420767129872338e-14
45.678572684726454,12.25429587783519,10.540031340726625,6.7311744144743475,-6.6304136912208795,-1.0104920555846805e-13
45.68586185483785,12.24724411066548,10.541195203018523,6.734347425262973,-6.632056963392941,-7.578690416885104e-14
45.69314946063034,12.240190858466935,10.54237254974087,6.737528065494493,-6.633700845989553,-1.2631150694808508e-13
45.70043550052568,12.23313611947322,10.543563400239327,6.740716346767245,-6.63534533924687,-3.368306851948935e-14
45.70771997294566,12.226079891918072,10.544767773859546,6.743912280679508,-6.636990443401574,-7.578690416885104e-14
45.71500287631204,12.21902217403527,10.545985689947175,6.747115878829512,-6.6386361586908595,-1.0946997268834039e-13
45.72228420904662,12.211962964058653,10.547217167847883,6.750327152815418,-6.640282485352434,-1.0946997268834039e-13
45.72956396957119,12.204902260222124,10.548462226907311,6.753546114235345,-6.641929423624532,-5.894536990910637e-14
45.736842156307546,12.197840060759635,10.549720886471126,6.756772774687329,-6.643576973745877,-1.347322740779574e-13
45.74411876767749,12.1907763639052,10.550993165884975,6.760007145769379,-6.645225135955732,-1.0104920555846805e-13
45.75139380210286,12.183711167892886,10.552279084494515,6.763249239079425,-6.646873910493847,-6.73661370389787e-14
45.75866725800545,12.176644470956818,10.553578661645405,6.76649906621534,-6.648523297600487,-1.2631150694808508e-13
45.76593913380712,12.169576271331186,10.55489191668329,6.769756638774952,-6.650173297516428,-4.210383564936169e-14
