galstreams/tracks/track.st.Jhelum-a.bonaca2019.ecsv
# %ECSV 0.9
# ---
# datatype:
# - {name: ra, unit: deg, datatype: float64}
# - {name: dec, unit: deg, datatype: float64}
# - {name: distance, unit: kpc, datatype: float64}
# - {name: pm_ra_cosdec, unit: mas / yr, datatype: float64}
# - {name: pm_dec, unit: mas / yr, datatype: float64}
# - {name: radial_velocity, unit: km / s, datatype: float64}
# delimiter: ','
# meta: !!omap
# - __serialized_columns__:
#     dec:
#       __class__: astropy.coordinates.angles.Latitude
#       unit: &id001 !astropy.units.Unit {unit: deg}
#       value: !astropy.table.SerializedColumn {name: dec}
#     distance:
#       __class__: astropy.coordinates.distances.Distance
#       unit: !astropy.units.Unit {unit: kpc}
#       value: !astropy.table.SerializedColumn {name: distance}
#     pm_dec:
#       __class__: astropy.units.quantity.Quantity
#       unit: !astropy.units.Unit {unit: mas / yr}
#       value: !astropy.table.SerializedColumn {name: pm_dec}
#     pm_ra_cosdec:
#       __class__: astropy.units.quantity.Quantity
#       unit: !astropy.units.Unit {unit: mas / yr}
#       value: !astropy.table.SerializedColumn {name: pm_ra_cosdec}
#     ra:
#       __class__: astropy.coordinates.angles.Longitude
#       unit: *id001
#       value: !astropy.table.SerializedColumn {name: ra}
#       wrap_angle: !astropy.coordinates.Angle
#         unit: *id001
#         value: 360.0
#     radial_velocity:
#       __class__: astropy.units.quantity.Quantity
#       unit: !astropy.units.Unit {unit: km / s}
#       value: !astropy.table.SerializedColumn {name: radial_velocity}
# schema: astropy-2.0
ra,dec,distance,pm_ra_cosdec,pm_dec,radial_velocity
[from data line 146]
332.39145501157395,-49.44393303668258,13.000000000000012,6.70670885860136,-9.253454104781047,33.64586897609851
332.1735091265121,-49.39269992283962,13.00000000000001,6.681155148249194,-9.268532575667386,33.318616785827224
331.95600314716086,-49.34108580878096,13.00000000000001,6.6555887155392925,-9.2834506676104,32.99123377171653
331.73893856500683,-49.28909222131619,13.000000000000012,6.630010776741118,-9.298208157930128,32.663722258045574
331.52231682871104,-49.23672069081434,13.000000000000014,6.604422540556645,-9.312804837499847,32.336084570598004
331.3061393443386,-49.18397275104099,13.000000000000012,6.578825208012952,-9.327240510588549,32.00832303665057
331.09040747559317,-49.13084993899662,13.000000000000012,6.5532199723583275,-9.341514994702493,31.6804399849569
330.87512254405937,-49.077353794756306,13.000000000000012,6.527608018962005,-9.35562812042567,31.35243774573507
330.6602858294498,-49.02348586131093,13.000000000000012,6.501990525217339,-9.369579731259472,31.024318650651246
330.4458985698588,-48.96924768440982,13.000000000000018,6.47636866044863,-9.383369683461476,30.696085032806955
330.2319619620217,-48.91464081240481,13.000000000000016,6.450743585821295,-9.396997845883515,30.36773922672485
330.0184771615796,-48.859666796095745,13.000000000000018,6.425116454255604,-9.410464099809065,30.03928356833381
329.80544528334906,-48.80432718857758,13.000000000000016,6.399488410343791,-9.423768338790083,29.710720394954752
329.59286740159786,-48.74862354508892,13.00000000000002,6.3738605902706125,-9.436910468483267,29.38205204528682
329.38074455032495,-48.6925574228621,13.000000000000018,6.348234121737262,-9.449890406485903,29.053280859392718
329.16907772354574,-48.63613038097491,13.000000000000016,6.322610123888624,-9.462708082171305,28.724409178685043
328.9578678755817,-48.57934398020368,13.000000000000016,6.296989707243875,-9.475363436523981,28.395439345911544
328.74711592135486,-48.522199782878126,13.00000000000002,6.271373973630339,-9.487856421974506,28.066373705141096
328.53682273668613,-48.464699352737746,13.000000000000018,6.245764016120585,-9.500187002234266,27.737214601749567
328.3269891585981,-48.406844254789746,13.000000000000021,6.220160918972758,-9.512355152130038,27.407964382404955
328.11761598562197,-48.348636055168676,13.000000000000021,6.194565757574084,-9.524360857438563,27.078625395053994
327.9087039781078,-48.29007632099765,13.00000000000002,6.168979598387481,-9.536204114721102,26.74919998890754
327.700253858539,-48.23116662025119,13.00000000000002,6.143403498901352,-9.547884931158052,26.419690514426204
327.49226631185,-48.171908521619756,13.00000000000002,6.117838507582329,-9.559403324383734,26.090099323307122
327.2847419857471,-48.11230359437589,13.000000000000021,6.092285663831132,-9.57075932232135,25.760428768467342
327.07768149103276,-48.052353408242055,13.000000000000021,6.066745997941372,-9.581952963018157,25.430681204032314
326.8710854019333,-47.99205953326013,13.000000000000021,6.041220531061318,-9.592984294480964,25.10085898532005
326.6649542564285,-47.931423539662646,13.000000000000023,6.0157102751585265,-9.603853374512004,24.770964468827252
326.4592885565845,-47.87044699774552,13.000000000000023,5.990216232987391,-9.614560270545175,24.441000012214996
326.2540887688899,-47.80913147774275,13.000000000000021,5.964739398059466,-9.625105059482735,24.110967974295427
326.0493553245927,-47.747478549702585,13.000000000000021,5.939280754616551,-9.635487827532554,23.78087071501572
325.845088620041,-47.68548978336543,13.000000000000021,5.913841277606585,-9.645708670045849,23.450710595445464
325.64128901702503,-47.62316674804364,13.000000000000025,5.888421932662121,-9.65576769135559,23.120489977761718
325.4379568431215,-47.56051101250263,13.000000000000027,5.8630236760815535,-9.66566500461549,22.790211225234486
325.2350923920396,-47.49752414484418,13.000000000000025,5.837647454812845,-9.675400731639748,22.459876702213112
325.0326959239689,-47.43420771239097,13.000000000000025,5.812294206439906,-9.684975002743446,22.129488774112236
324.8307676659286,-47.370563281573205,13.000000000000025,5.786964859171377,-9.694387956583814,21.799049807397004
324.6293078121182,-47.30659241781666,13.000000000000025,5.761660331831969,-9.703639740002249,21.46856216956802
324.4283165242698,-47.242296685432606,13.000000000000025,5.736381533856184,-9.712730507867192,21.138028229148798
324.2277939320013,-47.17767764750941,13.000000000000025,5.711129365284406,-9.721660422917921,20.8074503556713
324.0277401331708,-47.112736865805736,13.000000000000025,5.685904716761324,-9.73042965560926,20.47683091966025
323.8281551942315,-47.04747590064553,13.000000000000025,5.660708469536628,-9.739038383957237,20.14617229262006
323.629039150588,-46.98189631081479,13.000000000000025,5.635541495467972,-9.747486793385768,19.81547684702069
323.43039200695307,-46.91599965345978,13.000000000000023,5.610404657026101,-9.755775076574341,19.484746956282603
323.2322137377045,-46.849787483987164,13.000000000000025,5.585298807302108,-9.763903433306776,19.153984994763665
323.0345042872432,-46.78326135596575,13.000000000000025,5.5602247900168305,-9.771872070321077,18.823193337743614
322.83726357035096,-46.716422821029845,13.000000000000021,5.535183439532283,-9.779681201160384,18.49237436141092
322.6404914725489,-46.649273428784376,13.000000000000025,5.510175580865065,-9.787331046025084,18.161530442848278
322.4441878504555,-46.5818147267116,13.000000000000025,5.485202029701764,-9.794821831626109,17.830663960017098
322.248352532145,-46.5140482600796,13.000000000000025,5.460263592416295,-9.802153791039405,17.499777291745694
322.0529853175059,-46.445975571852266,13.000000000000023,5.4353610660890315,-9.809327163561631,17.168872817712682
321.8580859785987,-46.377598202601064,13.000000000000025,5.410495238527862,-9.816342194567085,16.83795291843501
321.66365426001346,-46.3089176904183,13.000000000000025,5.385666888290934,-9.823199135365954,16.507019975250817
321.4696898792274,-46.23993557083224,13.000000000000025,5.360876784711193,-9.829898243063782,16.176076370308728
