galstreams/tracks/track.st.Hydrus.ibata2024.ecsv
# %ECSV 1.0
# ---
# datatype:
# - {name: ra, unit: deg, datatype: float64}
# - {name: dec, unit: deg, datatype: float64}
# - {name: distance, unit: kpc, datatype: float64}
# - {name: pm_ra_cosdec, unit: mas / yr, datatype: float64}
# - {name: pm_dec, unit: mas / yr, datatype: float64}
# - {name: radial_velocity, unit: km / s, datatype: float64}
# delimiter: ','
# meta: !!omap
# - __serialized_columns__:
#     dec:
#       __class__: astropy.coordinates.angles.Latitude
#       unit: &id001 !astropy.units.Unit {unit: deg}
#       value: !astropy.table.SerializedColumn {name: dec}
#     distance:
#       __class__: astropy.coordinates.distances.Distance
#       unit: !astropy.units.Unit {unit: kpc}
#       value: !astropy.table.SerializedColumn {name: distance}
#     pm_dec:
#       __class__: astropy.units.quantity.Quantity
#       unit: !astropy.units.Unit {unit: mas / yr}
#       value: !astropy.table.SerializedColumn {name: pm_dec}
#     pm_ra_cosdec:
#       __class__: astropy.units.quantity.Quantity
#       unit: !astropy.units.Unit {unit: mas / yr}
#       value: !astropy.table.SerializedColumn {name: pm_ra_cosdec}
#     ra:
#       __class__: astropy.coordinates.angles.Longitude
#       unit: *id001
#       value: !astropy.table.SerializedColumn {name: ra}
#       wrap_angle: !astropy.coordinates.Angle
#         unit: *id001
#         value: 360.0
#     radial_velocity:
#       __class__: astropy.units.quantity.Quantity
#       unit: !astropy.units.Unit {unit: km / s}
#       value: !astropy.table.SerializedColumn {name: radial_velocity}
# schema: astropy-2.0
ra,dec,distance,pm_ra_cosdec,pm_dec,radial_velocity
29.334273082778264,-78.55818922225784,0.9999999999999991,3.799588690919336,-1.6740400122944266,-586838.1859847722
29.384933782414937,-78.5614421304461,0.9999999999999991,3.7987278547479946,-1.6741593007027404,-576414.5803415427
29.43557608899273,-78.56469876069107,0.999999999999999,3.7978699937430065,-1.6742508783536323,-566115.0633411268
29.486200152196098,-78.56795910875174,0.999999999999999,3.7970150847631885,-1.6743148574059887,-555938.8923110175
29.536806121647903,-78.57122317029483,0.999999999999999,3.7961631051293807,-1.6743513498331595,-545885.3245787111
29.587394146910807,-78.57449094089549,0.999999999999999,3.7953140326499124,-1.6743604677758412,-535953.6174717029
29.637964377485034,-78.57776241603702,0.999999999999999,3.79446784562424,-1.6743423232292116,-526143.0283174871
29.688516962809803,-78.58103759111144,0.9999999999999993,3.793624522826576,-1.6742970281775342,-516452.81444355927
29.739052052261048,-78.58431646141935,0.9999999999999992,3.7927840435022517,-1.6742246946050727,-506882.2331774138
29.78956979515283,-78.58759902217047,0.9999999999999992,3.7919463874022767,-1.674125434463349,-497430.5418465465
29.840070340735135,-78.59088526848348,0.9999999999999992,3.7911115347251325,-1.6739993597075227,-488096.9977784519
29.890553838195235,-78.59417519538648,0.9999999999999991,3.7902794661622465,-1.6738465822054422,-478880.85830062564
29.941020436655478,-78.59746879781697,0.9999999999999993,3.7894501628798025,-1.673667213832232,-469781.38074056216
29.9914702851747,-78.60076607062224,0.9999999999999991,3.7886236065132834,-1.6734613664084463,-460797.8224257572
30.041903532746172,-78.60406700855938,0.9999999999999993,3.787799779166562,-1.673229151761916,-451929.4406837049
30.092320328297948,-78.60737160629552,0.9999999999999993,3.786978663430091,-1.6729706816622638,-443175.49284190143
30.14272082069308,-78.61067985840812,0.9999999999999992,3.786160242355436,-1.672686067831819,-434535.2362278409
30.193105158727608,-78.61399175938496,0.9999999999999992,3.785344499461644,-1.6723754219965485,-426007.9281690193
30.243473491132026,-78.61730730362454,0.9999999999999992,3.78453141873797,-1.6720388558169361,-417592.8259929303
30.293825966568953,-78.62062648543605,0.9999999999999991,3.78372098464024,-1.6716764809279994,-409289.1870270703
30.344162733634665,-78.62394929903975,0.9999999999999992,3.78291318209358,-1.6712884089265572,-401096.26859893353
30.39448394085676,-78.62727573856695,0.9999999999999993,3.782107996486957,-1.6708747513494018,-393013.3280360158
30.44478973669563,-78.63060579806044,0.9999999999999994,3.7813054136668143,-1.6704356197460584,-385039.6226658114
30.49508026954218,-78.63393947147435,0.9999999999999993,3.7805054199498045,-1.6699711255550937,-377174.40981581603
30.545355687719297,-78.63727675267471,0.9999999999999993,3.779708002105508,-1.6694813802441786,-369416.94681352394
30.595616139479574,-78.64061763543927,0.9999999999999994,3.778913147370986,-1.668966495204586,-361766.4909864314
30.64586177300674,-78.64396211345795,0.9999999999999994,3.7781208434389555,-1.6684265817584674,-354222.299662032
30.696092736413668,-78.64731018033281,0.9999999999999996,3.7773310784596106,-1.6678617512316123,-346783.63016782247
30.746309177742596,-78.65066182957837,0.9999999999999993,3.77654384104153,-1.6672721148606797,-339449.73983129614
30.79651124496549,-78.6540170546218,0.9999999999999994,3.775759120246221,-1.6666577838896046,-332219.88597994944
30.84669908598193,-78.65737584880291,0.9999999999999997,3.774976905591757,-1.6660188694495446,-325093.3259412764
30.896872848620617,-78.66073820537463,0.9999999999999994,3.7741971870464113,-1.6653554826643813,-318069.317042773
30.94703268063709,-78.66410411750279,0.9999999999999996,3.7734199550322955,-1.6646677346034267,-311147.11661193345
30.997178729715174,-78.66747357826675,0.9999999999999996,3.7726452004299063,-1.663955736281423,-304325.98197625333
31.04731114346466,-78.67084658065914,0.9999999999999994,3.7718729145581165,-1.663219598669457,-297605.17046322755
31.09743006942286,-78.67422311758638,0.9999999999999996,3.771103089185999,-1.6624594326567603,-290983.9394003516
31.147535655052216,-78.67760318186858,0.9999999999999996,3.770335716536465,-1.6616753491052805,-284461.5461151199
31.19762804774185,-78.68098676623995,0.9999999999999998,3.7695707892798964,-1.6608674588187569,-278037.24793502793
31.247707394805218,-78.68437386334878,0.9999999999999996,3.7688083005241424,-1.6600358725318074,-271710.3021875701
31.297773843481586,-78.68776446575777,0.9999999999999998,3.7680482438281615,-1.6591807009590411,-265479.9662002424
31.347827540934006,-78.69115856594405,0.9999999999999996,3.767290613193836,-1.6583020547150227,-259345.49730053885
31.39786863424955,-78.6945561562994,0.9999999999999996,3.766535403060516,-1.657400044361566,-253306.15281595557
31.447897270439658,-78.69795722913057,0.9999999999999997,3.765782608313202,-1.656474780442295,-247361.1900739872
31.49791359643805,-78.70136177665917,0.9999999999999998,3.765032224278002,-1.6555263733753236,-241509.86640212848
31.547917759102162,-78.70476979102212,0.9999999999999994,3.7642842467157607,-1.6545549335751275,-235751.4391278748
31.597909905210894,-78.70818126427157,0.9999999999999998,3.763538671828428,-1.653560571361595,-230085.16557872095
31.64789018146609,-78.7115961883753,0.9999999999999998,3.7627954962590593,-1.652543396998226,-224510.3030821625
31.69785873449014,-78.71501455521664,0.9999999999999998,3.7620547170786267,-1.6515035206830362,-219026.10896569412
31.74781571082755,-78.71843635659489,0.9999999999999998,3.7613163317955696,-1.6504410525503772,-213631.8405568111
31.79776125694259,-78.72186158422528,0.9999999999999996,3.760580338357613,-1.6493561026818497,-208326.7551830078
31.847695519220768,-78.7252902297393,0.9999999999999997,3.7598467351422187,-1.648248781084476,-203110.1101717803
31.897618643966496,-78.72872228468464,0.9999999999999997,3.7591155209543103,-1.6471191976579576,-197981.16285062282
31.94753077740459,-78.73215774052568,0.9999999999999997,3.758386695036279,-1.645967462302906,-192939.1705470311
31.997432065678186,-78.7355965886433,0.9999999999999998,3.757660257056159,-1.644793684785327,-187983.3905884994
32.04732265484899,-78.73903882033528,0.9999999999999998,3.756936207113995,-1.6435979748421232,-183113.0803025238
32.0972026908976,-78.74248442681646,0.9999999999999999,3.7562145457377483,-1.642380442130161,-178327.49701659835
32.147072319721424,-78.7459333992187,0.9999999999999997,3.755495273876022,-1.6411411962162674,-173625.89805821923
32.196931687136114,-78.74938572859129,0.9999999999999999,3.754778392913977,-1.6398803465972378,-169007.54075488
32.24678093887325,-78.75284140590092,0.9999999999999999,3.7540639046537763,-1.6385980027234837,-164471.68243407732
32.296620220581815,-78.75630042203201,0.9999999999999999,3.7533518113232276,-1.6372942739335485,-160017.58042330484
32.34644967782586,-78.75976276778664,0.9999999999999999,3.7526421155739627,-1.6359692695059493,-155644.4920500588
32.39626945608598,-78.76322843388499,0.9999999999999997,3.751934820480983,-1.6346230986446244,-151351.67464183315
32.446079700756954,-78.76669741096521,0.9999999999999998,3.751229929537203,-1.6332558704625626,-147138.38552612392
32.49588055714923,-78.77016968958388,0.9999999999999998,3.7505274466602714,-1.6318676940118166,-143003.88203042554
32.54567217048655,-78.77364526021583,0.9999999999999998,3.7498273761775636,-1.6304586782416663,-138947.42148223356
32.59545468590748,-78.77712411325464,1.0,3.74912972284892,-1.6290289320331794,-134968.2612090425
32.64522824846323,-78.78060623901251,1.0,3.7484344918398165,-1.6275785641801122,-131065.65853834793
32.69499300311797,-78.78409162772058,0.9999999999999999,3.7477416887354593,-1.6261076834034611,-127238.87079764457
32.74474909474908,-78.78758026952909,1.0,3.7470513195357853,-1.624616398326907,-123487.15531442786
32.79449666814502,-78.79107215450739,0.9999999999999999,3.7463633906590985,-1.6231048175022806,-119809.76941619202
32.84423586800686,-78.79456727264427,0.9999999999999998,3.7456779089334304,-1.621573049375911,-116205.97043043318
32.89396683894582,-78.79806561384797,0.9999999999999998,3.7449948815992684,-1.620021202321368,-112675.01568464555
32.9436897254848,-78.80156716794644,1.0,3.7443143163106924,-1.6184493846221812,-109216.16250632469
32.99340467205597,-78.80507192468745,0.9999999999999999,3.743636221131055,-1.6168577044772974,-105828.66822296543
33.04311182300229,-78.80857987373875,1.0,3.742960604533664,-1.6152462699892567,-102511.79016206303
33.09281132257504,-78.81209100468813,1.0,3.742287475401099,-1.6136151891719237,-99264.78565111246
33.1425033149354,-78.81560530704375,1.0,3.7416168430245307,-1.611964569940028,-96086.91201760851
33.19218794415192,-78.81912277023415,1.0000000000000002,3.740948717101219,-1.610294520133266,-92977.42658904653
33.24186535420213,-78.82264338360847,1.0,3.7402831077356495,-1.6086051474840133,-89935.58669292156
33.29153568897029,-78.82616713643652,1.0,3.7396200254354426,-1.6068965596350608,-86960.64965672861
33.34119909224767,-78.82969401790899,1.0000000000000002,3.738959481116808,-1.605168864130519,-84051.8728079626
33.39085570773281,-78.8332240171377,0.9999999999999999,3.738301486094997,-1.6034221684226395,-81208.51347411894
33.44050567902935,-78.83675712315542,0.9999999999999999,3.737646052090895,-1.6016565798627198,-78429.82898269226
33.49014914964751,-78.8402933249165,1.0,3.73699319122602,-1.599872205712927,-75715.07666117795
33.539786263001616,-78.84383261129652,1.0,3.736342916022977,-1.598069153123106,-73063.51383707089
33.589417162411664,-78.84737497109283,0.9999999999999999,3.7356952394059135,-1.5962475291553346,-70474.39783786627
33.63904199110077,-78.85092039302442,1.0,3.735050174694379,-1.5944074407639164,-67946.98599105906
33.688660892196744,-78.85446886573227,1.0,3.7344077356110574,-1.5925489947999267,-65480.535624144366
33.73827400872956,-78.85802037777933,1.0,3.7337679362726703,-1.5906722980198538,-63074.30406461709
33.78788148363292,-78.86157491765081,1.0,3.7331307911947533,-1.5887774570737747,-60727.548639972636
33.837483459741684,-78.86513247375414,0.9999999999999999,3.7324963152880173,-1.5868645785012632,-58439.526677705806
33.88708007979345,-78.86869303441941,0.9999999999999999,3.731864523856302,-1.5849337687450316,-56209.49550531158
33.936671486426285,-78.87225658789914,1.0000000000000002,3.7312354326015793,-1.5829851341363792,-54036.71245028531
33.98625782217895,-78.8758231223687,1.0000000000000002,3.7306090576162205,-1.5810187809051968,-51920.43484012171
34.03583922949113,-78.87939262592639,1.0000000000000002,3.7299854153843626,-1.5790348151631406,-49859.92000231605
34.085415850701295,-78.88296508659347,1.0000000000000002,3.7293645227854313,-1.5770333429259153,-47854.42526436335
34.13498782804804,-78.8865404923145,1.0000000000000002,3.728746397087093,-1.5750144700884903,-45903.20795375876
34.18455530366768,-78.89011883095723,1.0000000000000002,3.728131055947074,-1.5729783024421522,-44005.525397997175
34.23411841959568,-78.89370009031305,1.0000000000000002,3.7275185174141825,-1.570924945665638,-42160.6349245737
34.28367731776418,-78.89728425809676,1.0000000000000002,3.7269087999238764,-1.568854505321724,-40367.793860983504
34.33323214000345,-78.90087132194708,1.0000000000000004,3.726301922300536,-1.5667670868631376,-38626.25953472144
34.38278302803936,-78.90446126942648,1.0000000000000004,3.7256979037546216,-1.5646627956273278,-36935.28927328275
34.43233012349486,-78.90805408802154,1.0000000000000002,3.725096763882675,-1.5625417368346461,-35294.140404162514
34.481873567887504,-78.91164976514298,1.0000000000000002,3.724498522668341,-1.560404015595168,-33702.07025485561
34.53141350263082,-78.91524828812584,1.0000000000000002,3.7239032004773662,-1.558249736897551,-32158.33615285722
34.580950069032106,-78.91884964422952,1.0000000000000002,3.723310818060554,-1.5560790056101723,-30662.195425662332
34.63048340829262,-78.92245382063803,1.0000000000000002,3.722721396551947,-1.5538919264874949,-29212.905400766118
34.68001366150776,-78.92606080446016,1.0000000000000002,3.722134957467347,-1.5516886041652924,-27809.723405663513
34.729540969664804,-78.92967058272941,1.0000000000000002,3.7215515227038622,-1.549469143152919,-26451.906767849636
34.77906547364438,-78.93328314240442,1.0000000000000002,3.7209711145399638,-1.5472336478437683,-25138.71281481953
34.828587314217835,-78.93689847036876,1.0,3.7203937556339497,-1.5449822225049274,-23869.398874068345
34.87810663204879,-78.94051655343144,1.0000000000000002,3.7198194690231503,-1.5427149712845676,-22643.222273091083
34.92762356769048,-78.94413737832666,1.0000000000000002,3.719248278123473,-1.5404319982027346,-21459.440339382672
34.97713826158727,-78.94776093171433,1.0000000000000002,3.718680206728436,-1.538133407157261,-20317.310400438262
35.02665085407203,-78.95138720017982,1.0000000000000004,3.7181152790086003,-1.5358193019170585,-19216.089783752977
35.07616148536763,-78.95501617023447,1.0000000000000002,3.717553519511341,-1.533489786127916,-18155.03581682185
35.125670295584314,-78.95864782831536,1.0000000000000002,3.7169949531589737,-1.531144963306133,-17133.405827139966
35.17517742472115,-78.96228216078575,1.0000000000000002,3.7164396052488655,-1.5287849368382922,-16150.457142202296
35.224683012663725,-78.96591915393499,1.0000000000000002,3.715887501452471,-1.52640980998342,-15205.447089503927
35.27418719918423,-78.96955879397875,1.0000000000000004,3.7153386678148763,-1.524019685869348,-14297.632996539875
35.32369012394174,-78.97320106705921,1.0000000000000004,3.7147931307534066,-1.5216146674914626,-13426.272190805292
35.37319192647977,-78.97684595924501,1.0000000000000004,3.714250917057882,-1.519194857715604,-12590.621999795256
35.42269274622776,-78.98049345653163,1.0000000000000004,3.7137120538890827,-1.5167603592726664,-11789.93975100474
35.47219272249843,-78.98414354484122,1.0000000000000004,3.7131765687782945,-1.5143112747596206,-11023.482771928715
35.521691994489196,-78.987796210023,1.0000000000000004,3.712644489627081,-1.5118477066392302,-10290.508390062547
35.571190701279555,-78.99145143785321,1.0000000000000004,3.71211584470592,-1.5093697572378346,-9590.273932901095
35.62068898183251,-78.9951092140354,1.0000000000000004,3.7115906626538333,-1.5068775287452354,-8922.036727939265
35.67018697499188,-78.99876952420033,1.0000000000000004,3.7110689724776478,-1.5043711232145256,-8285.054102672322
35.719684819483824,-79.00243235390633,1.0000000000000004,3.710550803551598,-1.5018506425589635,-7678.583384595229
35.76918265391403,-79.00609768863927,1.0000000000000007,3.710036185615934,-1.4993161885532231,-7101.881901203336
35.81868061676927,-79.00976551381281,1.0000000000000004,3.709525148777203,-1.4967678628318595,-6554.206979991343
35.86817884641491,-79.01343581476843,1.0000000000000007,3.7090177235066903,-1.4942057668881432,-6034.815948454401
35.917677481095055,-79.01710857677547,1.0000000000000004,3.7085139406404437,-1.491630002072327,-5542.9661340874745
35.9671766589327,-79.02078378503161,1.0000000000000004,3.7080138313781674,-1.4890406695931802,-5077.914864385761
36.01667651792729,-79.0244614246625,1.0000000000000004,3.707517427282781,-1.486437870514294,-4638.9194668444115
36.06617719595607,-79.0281414807224,1.0000000000000007,3.7070247602797792,-1.483821705755588,-4225.237268958387
36.1156788307715,-79.0318239381938,1.0000000000000004,3.7065358626564233,-1.4811922760903826,-3836.125598222715
36.165181560002544,-79.03550878198797,1.0000000000000004,3.7060507670612566,-1.4785496821457116,-3470.8417821324247
36.21468552115199,-79.03919599694481,1.0000000000000007,3.705569506503295,-1.4758940244014696,-3128.643148182543
36.264190851597895,-79.04288556783311,1.0000000000000004,3.7050921143517,-1.4732254031885361,-2808.7870238683245
36.31369768859077,-79.0465774793506,1.0000000000000004,3.7046186243347634,-1.4705439186891596,-2510.5307366848288
36.36320616925505,-79.05027171612416,1.0000000000000004,3.7041490705395574,-1.467849670934669,-2233.1316141268762
