galstreams/tracks/track.st.Gaia-11.ibata2021.ecsv
# %ECSV 0.9
# ---
# datatype:
# - {name: ra, unit: deg, datatype: float64}
# - {name: dec, unit: deg, datatype: float64}
# - {name: distance, unit: kpc, datatype: float64}
# - {name: pm_ra_cosdec, unit: mas / yr, datatype: float64}
# - {name: pm_dec, unit: mas / yr, datatype: float64}
# - {name: radial_velocity, unit: km / s, datatype: float64}
# delimiter: ','
# meta: !!omap
# - __serialized_columns__:
#     dec:
#       __class__: astropy.coordinates.angles.Latitude
#       unit: &id001 !astropy.units.Unit {unit: deg}
#       value: !astropy.table.SerializedColumn {name: dec}
#     distance:
#       __class__: astropy.coordinates.distances.Distance
#       unit: !astropy.units.Unit {unit: kpc}
#       value: !astropy.table.SerializedColumn {name: distance}
#     pm_dec:
#       __class__: astropy.units.quantity.Quantity
#       unit: !astropy.units.Unit {unit: mas / yr}
#       value: !astropy.table.SerializedColumn {name: pm_dec}
#     pm_ra_cosdec:
#       __class__: astropy.units.quantity.Quantity
#       unit: !astropy.units.Unit {unit: mas / yr}
#       value: !astropy.table.SerializedColumn {name: pm_ra_cosdec}
#     ra:
#       __class__: astropy.coordinates.angles.Longitude
#       unit: *id001
#       value: !astropy.table.SerializedColumn {name: ra}
#       wrap_angle: !astropy.coordinates.Angle
#         unit: *id001
#         value: 360.0
#     radial_velocity:
#       __class__: astropy.units.quantity.Quantity
#       unit: !astropy.units.Unit {unit: km / s}
#       value: !astropy.table.SerializedColumn {name: radial_velocity}
# schema: astropy-2.0
ra,dec,distance,pm_ra_cosdec,pm_dec,radial_velocity
[from data line 1814]
275.86531926089174,31.614279788730308,13.12430535108139,-3.5227209829927886,4.653064735455942,5.0524602779234026e-14
275.8693260830145,31.604870995362866,13.125789279601175,-3.5220667635310936,4.653623533160872,1.0104920555846805e-13
275.87333238821145,31.595462159769696,13.12727568606114,-3.5214128710352552,4.654183364074418,6.73661370389787e-14
275.87733817648603,31.586053281891257,13.128764573521966,-3.5207593060499103,4.654744228244491,0.0
275.88134344784163,31.576644361668087,13.130255945044343,-3.5201060691197923,4.655306125719061,1.515738083377021e-13
275.8853482022818,31.567235399040708,13.13174980368895,-3.5194531607897175,4.655869056546171,3.368306851948935e-14
275.8893524398099,31.5578263939497,13.133246152516476,-3.5188005816045984,4.656433020773904,3.368306851948935e-14
275.89335616042916,31.54841734633566,13.134744994587603,-3.518148332109436,4.656998018450419,1.1789073981821273e-13
275.89735936414297,31.539008256139216,13.13624633296302,-3.517496412849318,4.657564049623923,-5.0524602779234026e-14
275.9013620509545,31.529599123301036,13.137750170703407,-3.516844824369433,4.658131114342691,-5.0524602779234026e-14
275.9053642208669,31.520189947761786,13.139256510869453,-3.5161935672150535,4.658699212655049,-1.6841534259744676e-14
275.9093658738833,31.510780729462187,13.140765356521841,-3.5155426419315425,4.659268344609389,3.368306851948935e-14
275.91336701000677,31.501371468342988,13.142276710721257,-3.5148920490643545,4.6598385102541595,1.347322740779574e-13
275.91736762924035,31.49196216434495,13.143790576528387,-3.514241789159032,4.660409709637864,8.420767129872338e-14
275.921367731587,31.482552817408873,13.145306957003912,-3.5135918627612153,4.660981942809071,3.368306851948935e-14
275.92536731704956,31.473143427475588,13.14682585520852,-3.512942270416629,4.661555209816407,1.6841534259744676e-14
275.9293663856309,31.46373399448593,13.148347274202896,-3.512293012671093,4.662129510708549,1.1789073981821273e-13
275.93336493733386,31.454324518380812,13.149871217047725,-3.5116440900705097,4.662704845534246,1.0104920555846805e-13
275.93736297216117,31.444914999101123,13.15139768680369,-3.510995503160883,4.663281214342295,8.420767129872338e-14
275.9413604901155,31.43550543658781,13.152926686531478,-3.5103472524882964,4.663858617181553,1.1789073981821273e-13
275.94535749119956,31.426095830781843,13.154458219291772,-3.5096993385989323,4.664437054100939,1.0104920555846805e-13
275.9493539754159,31.41668618162421,13.155992288145264,-3.50905176203906,4.6650165251494276,1.515738083377021e-13
275.95334994276703,31.40727648905594,13.157528896152629,-3.508404523355042,4.665597030376055,1.1789073981821273e-13
275.9573453932555,31.39786675301808,13.159068046374557,-3.5077576230933243,4.666178569829911,5.0524602779234026e-14
275.96134032688366,31.3884569734517,13.160609741871736,-3.50711106180045,4.666761143560142,5.0524602779234026e-14
275.965334743654,31.379047150297932,13.162153985704844,-3.5064648400230527,4.66734475161596,-5.0524602779234026e-14
275.9693286435687,31.369637283497894,13.163700780934569,-3.5058189583078563,4.667929394046627,1.0104920555846805e-13
275.9733220266302,31.360227372992753,13.165250130621597,-3.5051734172016666,4.66851507090147,3.368306851948935e-14
275.9773148928407,31.350817418723704,13.166802037826615,-3.5045282172513916,4.669101782229866,8.420767129872338e-14
275.98130724220226,31.341407420631956,13.168356505610301,-3.5038833590040226,4.669689528081257,3.368306851948935e-14
275.98529907471715,31.33199737865877,13.169913537033345,-3.5032388430066437,4.670278308505138,1.6841534259744676e-14
275.9892903903873,31.322587292745407,13.171473135156436,-3.5025946698064283,4.670868123551058,1.347322740779574e-13
275.99328118921477,31.313177162833178,13.173035303040253,-3.5019508399506405,4.671458973268633,1.1789073981821273e-13
275.9972714712016,31.303766988863405,13.17460004374548,-3.5013073539866366,4.6720508577075295,1.347322740779574e-13
276.0012612363496,31.29435677077746,13.176167360332805,-3.5006642124618574,4.672643776917476,1.6841534259744676e-14
276.00525048466073,31.28494650851671,13.177737255862914,-3.500021415923843,4.67323773094825,-3.368306851948935e-14
276.0092392161367,31.2755362020226,13.179309733396488,-3.4993789649202163,4.673832719849689,1.347322740779574e-13
276.01322743077935,31.266125851236534,13.180884795994217,-3.4987368599986906,4.674428743671696,6.73661370389787e-14
276.0172151285903,31.256715456100004,13.182462446716784,-3.4980951017070763,4.67502580246422,1.1789073981821273e-13
276.0212023095713,31.247305016554495,13.184042688624869,-3.4974536905932654,4.675623896277273,5.0524602779234026e-14
276.0251889737239,31.23789453254154,13.185625524779166,-3.4968126272052453,4.6762230251609225,1.347322740779574e-13
276.02917512104966,31.228484004002684,13.187210958240353,-3.4961719120910915,4.676823189165288,1.6841534259744676e-14
276.03316075155004,31.219073430879515,13.188798992069117,-3.495531545798973,4.677424388340555,3.368306851948935e-14
276.03714586522653,31.20966281311363,13.190389629326146,-3.4948915288771434,4.678026622736951,0.0
276.0411304620805,31.200252150646666,13.19198287307212,-3.494251861873952,4.6786298924047784,1.6841534259744676e-14
276.0451145421133,31.190841443420293,13.193578726367729,-3.493612545337832,4.679234197394384,5.0524602779234026e-14
276.04909810532627,31.181430691376185,13.195177192273654,-3.492973579817314,4.679839537756169,1.6841534259744676e-14
276.0530811517205,31.172019894456064,13.196778273850583,-3.492334965861013,4.680445913540597,1.6841534259744676e-14
276.05706368129734,31.162609052601688,13.198381974159195,-3.4916967040176363,4.681053324798189,-1.6841534259744676e-14
276.0610456940578,31.153198165754805,13.199988296260182,-3.4910587948359812,4.6816617715795115,1.347322740779574e-13
276.06502719000304,31.143787233857232,13.201597243214229,-3.4904212388649327,4.6822712539352,5.0524602779234026e-14
276.06900816913407,31.134376256850775,13.203208818082015,-3.489784036653472,4.682881771915939,0.0
276.0729886314519,31.124965234677315,13.204823023924227,-3.4891471887506595,4.683493325572467,5.0524602779234026e-14
276.07696857695737,31.115554167278717,13.206439863801556,-3.4885106957056586,4.684105914955581,1.0104920555846805e-13
276.0809480056514,31.106143054596888,13.208059340774678,-3.487874558067713,4.684719540116137,3.368306851948935e-14
276.08492691753486,31.09673189657376,13.209681457904283,-3.487238776386159,4.6853342011050385,0.0
276.0889053126084,31.087320693151298,13.211306218251059,-3.486603351210426,4.685949897973248,1.515738083377021e-13
276.09288319087295,31.0779094442715,13.212933624875683,-3.485968283090026,4.686566630771786,8.420767129872338e-14
276.09686055232896,31.068498149876373,13.214563680838847,-3.4853335725745698,4.687184399551729,8.420767129872338e-14
276.10083739697717,31.05908680990796,13.216196389201231,-3.484699220213751,4.687803204364201,6.73661370389787e-14
276.10481372481803,31.04967542430833,13.217831753023528,-3.484065226557359,4.688423045260386,1.0104920555846805e-13
276.10878953585217,31.04026399301959,13.219469775366413,-3.4834315921552665,4.689043922291525,1.347322740779574e-13
276.11276483008004,31.030852515983863,13.221110459290575,-3.482798317557437,4.689665835508915,1.6841534259744676e-14
276.116739607502,31.021440993143294,13.222753807856698,-3.4821654033139335,4.6902887849639,5.0524602779234026e-14
276.1207138681184,31.012029424440062,13.224399824125472,-3.4815328499748954,4.690912770707883,6.73661370389787e-14
276.12468761192963,31.002617809816375,13.226048511157575,-3.480900658090561,4.6915377927923245,1.0104920555846805e-13
276.1286608389359,30.99320614921447,13.227699872013698,-3.48026882821125,4.692163851268738,3.368306851948935e-14
276.1326335491373,30.983794442576592,13.22935390975452,-3.4796373608873843,4.692790946188689,6.73661370389787e-14
276.1366057425342,30.974382689845047,13.231010627440735,-3.4790062566694617,4.693419077603798,8.420767129872338e-14
276.1405774191265,30.96497089096213,13.232670028133018,-3.4783755161080814,4.694048245565744,2.020984111169361e-13
276.14454857891445,30.955559045870192,13.234332114892057,-3.4777451397539214,4.6946784501262595,1.6841534259744676e-14
276.14851922189786,30.946147154511596,13.235996890778543,-3.4771151281577586,4.695309691337123,0.0
276.1524893480767,30.93673521682873,13.237664358853154,-3.476485481870456,4.695941969250176,0.0
276.156458957451,30.92732323276403,13.239334522176573,-3.475856201442965,4.696575283917311,-5.0524602779234026e-14
276.1604280500204,30.917911202259933,13.241007383809494,-3.4752272874263284,4.6972096353904735,3.368306851948935e-14
276.1643966257849,30.9084991252589,13.242682946812597,-3.474598740371679,4.697845023721664,1.515738083377021e-13
276.1683646847441,30.899087001703457,13.244361214246567,-3.473970560830232,4.698481448962942,5.0524602779234026e-14
276.17233222689777,30.889674831536105,13.246042189172089,-3.473342749353307,4.699118911166409,1.515738083377021e-13
276.1762992522455,30.880262614699415,13.247725874649849,-3.4727153064922986,4.69975741038423,1.0104920555846805e-13
276.1802657607869,30.870850351135957,13.249412273740527,-3.472088232798697,4.700396946668619,8.420767129872338e-14
276.18423175252144,30.86143804078835,13.251101389504818,-3.471461528824082,4.701037520071844,3.368306851948935e-14
276.18819722744865,30.85202568359921,13.252793225003398,-3.4708351951201264,4.701679130646228,1.1789073981821273e-13
276.192162185568,30.842613279511195,13.254487783296957,-3.4702092322385822,4.702321778444145,1.1789073981821273e-13
276.1961266268789,30.833200828467007,13.256185067446177,-3.4695836407312997,4.702965463518028,-3.368306851948935e-14
276.2000905513806,30.82378833040936,13.257885080511743,-3.468958421150219,4.703610185920356,-1.6841534259744676e-14
276.20405395907227,30.81437578528098,13.259587825554345,-3.4683335740473633,4.704255945703656,1.0104920555846805e-13
276.20801684995337,30.804963193024644,13.261293305634663,-3.4677090999748486,4.704902742920528,6.73661370389787e-14
276.2119792240229,30.79555055358313,13.263001523813383,-3.4670849994848805,4.705550577623603,8.420767129872338e-14
276.21594108128016,30.78613786689926,13.264712483151188,-3.466461273129756,4.706199449865585,0.0
276.21990242172404,30.776725132915885,13.266426186708767,-3.4658379214618558,4.706849359699208,0.0
276.22386324535364,30.76731235157587,13.268142637546804,-3.465214945033656,4.707500307177278,0.0
276.22782355216793,30.75789952282211,13.269861838725982,-3.464592344397717,4.7081522923526435,-1.6841534259744676e-14
276.23178334216584,30.74848664659753,13.271583793306986,-3.4639701201066937,4.708805315278212,1.6841534259744676e-14
276.23574261534617,30.739073722845085,13.273308504350503,-3.463348272713327,4.7094593760069365,6.73661370389787e-14
276.23970137170784,30.72966075150774,13.275035974917216,-3.4627268027704425,4.710114474591824,3.368306851948935e-14
276.24365961124954,30.72024773252851,13.276766208067814,-3.4621057108309663,4.710770611085939,1.8525687685719145e-13
276.24761733397,30.710834665850403,13.278499206862978,-3.4614849974479047,4.711427785542395,1.515738083377021e-13
276.251574539868,30.701421551416487,13.280234974363394,-3.4608646631743554,4.712085998014352,0.0
276.25553122894195,30.69200838916984,13.28197351362975,-3.460244708563505,4.712745248555031,8.420767129872338e-14
276.25948740119054,30.682595179053564,13.283714827722724,-3.459625134168634,4.713405537217701,1.1789073981821273e-13
276.2634430566123,30.67318192101079,13.285458919703007,-3.4590059405431037,4.714066864055678,3.368306851948935e-14
276.26739819520554,30.66376861498469,13.287205792631278,-3.4583871282403726,4.714729229122343,8.420767129872338e-14
276.27135281696883,30.65435526091843,13.288955449568231,-3.4577686978139828,4.7153926324711115,1.6841534259744676e-14
276.27530692190044,30.644941858755214,13.290707893574549,-3.457150649817567,4.7160570741554615,8.420767129872338e-14
276.2792605099988,30.63552840843831,13.292463127710906,-3.4565329848048467,4.7167225542289275,-3.368306851948935e-14
276.283213581262,30.626114909910953,13.294221155038004,-3.4559157033296355,4.7173890727450765,0.0
276.28716613568827,30.616701363116427,13.295981978616513,-3.4552988059458336,4.718056629757549,0.0
276.2911181732759,30.607287767998063,13.297745601507124,-3.4546822932074295,4.718725225320022,-1.6841534259744676e-14
276.2950696940228,30.597874124499196,13.299512026770524,-3.4540661656685008,4.7193948594862265,-3.368306851948935e-14
276.2990206979272,30.58846043256319,13.301281257467396,-3.4534504238832158,4.720065532309945,5.0524602779234026e-14
276.3029711849869,30.57904669213341,13.303053296658424,-3.452835068405834,4.720737243845019,1.1789073981821273e-13
276.30692115520014,30.569632903153305,13.304828147404296,-3.452220099790692,4.721409994145327,-3.368306851948935e-14
276.3108706085646,30.560219065566308,13.306605812765692,-3.4516055185922343,4.722083783264808,6.73661370389787e-14
276.3148195450782,30.550805179315898,13.308386295803304,-3.4509913253649755,4.7227586112574516,-6.73661370389787e-14
276.31876796473864,30.54139124434554,13.310169599577812,-3.4503775206635345,4.723434478177291,1.1789073981821273e-13
276.3227158675438,30.531977260598783,13.311955727149899,-3.449764105042607,4.724111384078419,8.420767129872338e-14
276.3266632534913,30.522563228019127,13.313744681580257,-3.4491510790569873,4.724789329014969,6.73661370389787e-14
276.33061012257883,30.513149146550184,13.315536465929567,-3.448538443261552,4.725468313041138,8.420767129872338e-14
276.33455647480395,30.503735016135547,13.31733108325851,-3.447926198211269,4.726148336211161,1.6841534259744676e-14
276.33850231016424,30.49432083671882,13.319128536627781,-3.447314344461194,4.726829398579331,8.420767129872338e-14
276.3424476286571,30.48490660824366,13.320928829098056,-3.4467028825664716,4.727511500199984,0.0
276.34639243028016,30.475492330653726,13.322731963730023,-3.446091813082338,4.728194641127516,-6.73661370389787e-14
276.3503367150306,30.46607800389274,13.324537943584364,-3.4454811365641174,4.728878821416363,-3.368306851948935e-14
276.35428048290584,30.456663627904398,13.326346771721768,-3.444870853567219,4.729564041121018,1.6841534259744676e-14
276.35822373390323,30.447249202632467,13.328158451202924,-3.4442609646471443,4.730250300296022,1.6841534259744676e-14
276.3621664680199,30.437834728020714,13.329972985088508,-3.44365147035948,4.730937598995961,1.6841534259744676e-14
276.36610868525315,30.42842020401293,13.33179037643921,-3.4430423712599056,4.731625937275481,1.6841534259744676e-14
276.3700503856,30.41900563055295,13.333610628315713,-3.44243366790419,4.732315315189266,5.0524602779234026e-14
276.3739915690577,30.409591007584627,13.335433743778706,-3.4418253608481817,4.733005732792059,-3.368306851948935e-14
276.3779322356231,30.400176335051817,13.33725972588887,-3.441217450647832,4.733697190138644,1.1789073981821273e-13
276.3818723852933,30.390761612898444,13.339088577706887,-3.4406099378591692,4.734389687283867,1.6841534259744676e-14
276.3858120180653,30.381346841068428,13.340920302293451,-3.4400028230383133,4.735083224282608,5.0524602779234026e-14
276.38975113393576,30.371932019505685,13.34275490270924,-3.4393961067414787,4.735777801189807,6.73661370389787e-14
276.39368973290175,30.362517148154243,13.34459238201494,-3.4387897895249595,4.736473418060448,6.73661370389787e-14
276.3976278149599,30.353102226958068,13.34643274327124,-3.4381838719451445,4.7371700749495655,6.73661370389787e-14
276.401565380107,30.343687255861198,13.348275989538818,-3.43757835455851,4.737867771912246,1.347322740779574e-13
276.40550242833973,30.334272234807685,13.350122123878364,-3.4369732379216176,4.738566509003621,1.1789073981821273e-13
276.4094389596547,30.324857163741587,13.351971149350565,-3.4363685225911182,4.739266286278871,6.73661370389787e-14
276.41337497404857,30.31544204260703,13.3538230690161,-3.4357642091237586,4.739967103793224,1.515738083377021e-13
