galstreams/tracks/track.st.Gaia-8.ibata2020.ecsv
# %ECSV 0.9
# ---
# datatype:
# - {name: ra, unit: deg, datatype: float64}
# - {name: dec, unit: deg, datatype: float64}
# - {name: distance, unit: kpc, datatype: float64}
# - {name: pm_ra_cosdec, unit: mas / yr, datatype: float64}
# - {name: pm_dec, unit: mas / yr, datatype: float64}
# - {name: radial_velocity, unit: km / s, datatype: float64}
# delimiter: ','
# meta: !!omap
# - __serialized_columns__:
#     dec:
#       __class__: astropy.coordinates.angles.Latitude
#       unit: &id001 !astropy.units.Unit {unit: deg}
#       value: !astropy.table.SerializedColumn {name: dec}
#     distance:
#       __class__: astropy.coordinates.distances.Distance
#       unit: !astropy.units.Unit {unit: kpc}
#       value: !astropy.table.SerializedColumn {name: distance}
#     pm_dec:
#       __class__: astropy.units.quantity.Quantity
#       unit: !astropy.units.Unit {unit: mas / yr}
#       value: !astropy.table.SerializedColumn {name: pm_dec}
#     pm_ra_cosdec:
#       __class__: astropy.units.quantity.Quantity
#       unit: !astropy.units.Unit {unit: mas / yr}
#       value: !astropy.table.SerializedColumn {name: pm_ra_cosdec}
#     ra:
#       __class__: astropy.coordinates.angles.Longitude
#       unit: *id001
#       value: !astropy.table.SerializedColumn {name: ra}
#       wrap_angle: !astropy.coordinates.Angle
#         unit: *id001
#         value: 360.0
#     radial_velocity:
#       __class__: astropy.units.quantity.Quantity
#       unit: !astropy.units.Unit {unit: km / s}
#       value: !astropy.table.SerializedColumn {name: radial_velocity}
# schema: astropy-2.0
ra,dec,distance,pm_ra_cosdec,pm_dec,radial_velocity
[from data line 138]
194.53701115354121,-16.553586905375358,7.18098705568026,-9.77967957998386,-8.675298314227941,8.420767129872338e-14
194.6234336500901,-16.48779746269437,7.1823665896617745,-9.775217725314032,-8.670834846325217,8.420767129872338e-14
194.70989803145832,-16.42208824176194,7.183594404086846,-9.770299315285193,-8.666100939850462,5.0524602779234026e-14
194.7964072913229,-16.356462379544197,7.184666181416723,-9.764915468217477,-8.661091899255302,0.0
194.88296442452233,-16.290923009221178,7.185577604112665,-9.759057309674185,-8.655803015839163,3.368306851948935e-14
194.96957242704792,-16.225473260225435,7.186324354635922,-9.752715972422726,-8.650229567855428,5.0524602779234026e-14
195.05623429603568,-16.16011625828055,7.186902115447749,-9.745882596395031,-8.64436682061754,6.73661370389787e-14
195.14295302975836,-16.094855125439707,7.1873065690093965,-9.738548328647362,-8.638210026605162,0.0
195.22973162761835,-16.029692980124203,7.187533397782124,-9.730704323319543,-8.631754425570485,6.73661370389787e-14
195.31657309014068,-15.964632937162044,7.187578284227178,-9.722341741593599,-8.624995244644698,3.368306851948935e-14
195.40348041896652,-15.899678107826436,7.187436910805817,-9.71345175165166,-8.617927698444637,1.6841534259744676e-14
195.49045661684704,-15.834831599874416,7.187104959979294,-9.70402552863333,-8.61054698917982,1.6841534259744676e-14
195.57750468763746,-15.770096517585467,7.186578114208863,-9.694054254592269,-8.602848306759741,-3.368306851948935e-14
195.6646276362917,-15.705475961800156,7.185852055955775,-9.68352911845206,-8.59482682890161,6.73661370389787e-14
195.75182846885704,-15.640973029958836,7.184922467681286,-9.672441315961429,-8.586477721238541,1.0104920555846805e-13
195.83911019246915,-15.576590816140449,7.183785031846647,-9.660782049648589,-8.57779613742824,0.0
195.92647581534726,-15.512332411101298,7.182435430913116,-9.648542528774906,-8.568777219262262,2.5262301389617013e-14
196.0139283467897,-15.448200902314,7.180869347341945,-9.635713969287705,-8.559416096775925,-8.420767129872338e-15
196.10147079716947,-15.384199374006442,7.179082463594384,-9.622287593772251,-8.54970788835879,2.5262301389617013e-14
196.18910617793003,-15.32033090720088,7.177070462131692,-9.608254631402906,-8.539647700865995,-2.5262301389617013e-14
196.27683750158124,-15.256598579753112,7.174829025415117,-9.59360631789342,-8.529230629730247,-2.5262301389617013e-14
196.36466778169535,-15.193005466391751,7.172353835905917,-9.5783338954463,-8.518451759074688,9.262843842859572e-14
196.45260003290312,-15.129554638757655,7.169640576065345,-9.562428612701304,-8.507306161826625,8.420767129872338e-14
196.54063727089004,-15.066249165443441,7.166684928354654,-9.545881724682967,-8.495788899832137,-1.6841534259744676e-14
196.62878251239246,-15.003092112033155,7.163482575235095,-9.528684492747242,-8.483895023971694,8.420767129872338e-14
196.71703877519403,-14.940086541142044,7.1600291991679255,-9.510828184527067,-8.471619574276739,-8.420767129872338e-15
196.80540907812158,-14.877235512456592,7.156320482614397,-9.492304073877042,-8.458957580047331,4.210383564936169e-14
196.89389644104176,-14.814542082774526,7.152352108035765,-9.473103440817024,-8.445904059970895,2.5262301389617013e-14
196.98250388485692,-14.752009306045188,7.148119757893281,-9.453217571474747,-8.432454022242078,0.0
197.0712344315013,-14.689640233409923,7.1436191146482,-9.432637758027349,-8.418602464683797,8.420767129872338e-14
197.1600911039371,-14.627437913242762,7.1388458607617755,-9.411355298641851,-8.404344374869495,8.420767129872338e-15
197.24907692615025,-14.565405391191206,7.133795678695261,-9.389361497414567,-8.389674730246654,4.210383564936169e-14
197.3381949231464,-14.50354571021727,7.128464250909908,-9.366647664309394,-8.374588498261591,1.0104920555846805e-13
197.42744812094645,-14.441861910638726,7.122847259866974,-9.34320511509497,-8.359080636485585,3.368306851948935e-14
197.5168395465819,-14.380357030170515,7.11694038802771,-9.319025171280753,-8.343146092742348,5.894536990910637e-14
197.60637222809044,-14.319034103966425,7.110739317853367,-9.294099160051896,-8.326779805236935,7.578690416885104e-14
197.69604919451072,-14.257896164660975,7.104239731805206,-9.268418414202973,-8.309976702686017,5.894536990910637e-14
197.7858734758774,-14.196946242411565,7.097437312344476,-9.241974272070545,-8.292731704449688,1.4315304120782974e-13
197.87584810321576,-14.136187364940803,7.09032774193243,-9.21475807746451,-8.275039720664685,8.420767129872338e-14
197.965976108536,-14.075622557579171,7.082906703030321,-9.18676117959824,-8.256895652379175,2.5262301389617013e-14
198.05626052482734,-14.015254843307885,7.075169878099407,-9.157974933017545,-8.238294391689083,3.368306851948935e-14
198.14670438605182,-13.955087242802023,7.067112949600938,-9.128390697528332,-8.219230821875966,1.6841534259744676e-14
198.2373107271378,-13.895122774473965,7.058731599996167,-9.09799983812308,-8.199699817546518,6.73661370389787e-14
198.32808258397316,-13.835364454517078,7.050021511746352,-9.066793724906042,-8.179696244773663,9.262843842859572e-14
198.41902299339796,-13.775815296949688,7.040978367312741,-9.034763733017165,-8.15921496123932,1.347322740779574e-13
198.5101349931971,-13.716478313659364,7.031597849156594,-9.001901242554743,-8.138250816378802,5.0524602779234026e-14
198.60142162209223,-13.657356514447468,7.021875639739157,-8.968197638496816,-8.11679865152692,5.894536990910637e-14
198.6928859197335,-13.598452907074051,7.011807421521687,-8.933644310621206,-8.094853300065775,3.368306851948935e-14
198.78453092669088,-13.539770497303037,7.001388876965443,-8.898232653424339,-8.072409587574274,1.2631150694808508e-13
198.876359684445,-13.481312288947716,6.99061568853167,-8.861954066038681,-8.04946233197938,5.894536990910637e-14
198.96837523537752,-13.423081283916567,6.979483538681627,-8.824799952148904,-8.026006343709083,1.347322740779574e-13
199.06058062276128,-13.365080482259433,6.967988109876565,-8.786761719906744,-8.002036425847177,1.6841534259744676e-14
199.15297889074958,-13.307312882214012,6.95612508457774,-8.747830781844469,-7.977547374289736,1.768361097273191e-13
199.2455730843655,-13.24978148025266,6.943890145246403,-8.7079985547871,-7.952533977903458,1.5999457546757442e-13
199.33836624949032,-13.192489271129622,6.931278974343808,-8.66725645976325,-7.926991018685687,7.578690416885104e-14
199.43136143285142,-13.135439247928513,6.918287254331212,-8.62559592191464,-7.900913271926303,1.347322740779574e-13
199.52456168201027,-13.07863440211024,6.904910667669865,-8.5830083704043,-7.874295506371391,1.9367764398706378e-13
199.617970045349,-13.022077723561225,6.891144896821021,-8.539485238323397,-7.847132484388673,1.5999457546757442e-13
199.7115895720572,-12.965772200642068,6.876985624245935,-8.49501796259678,-7.819418962134775,5.894536990910637e-14
199.8054233121177,-12.909720820236492,6.862428532405858,-8.449597983887136,-7.791149689724262,5.0524602779234026e-14
199.89947431629204,-12.853926567800725,6.847469303762049,-8.403216746497865,-7.762319411400478,1.768361097273191e-13
199.9937456361054,-12.79839242741325,6.832103620775756,-8.355865698274592,-7.732922865708195,1.347322740779574e-13
