galstreams/tracks/track.st.Pal5.ibata2021.ecsv
# %ECSV 1.0
# ---
# datatype:
# - {name: ra, unit: deg, datatype: float64}
# - {name: dec, unit: deg, datatype: float64}
# - {name: distance, unit: kpc, datatype: float64}
# - {name: pm_ra_cosdec, unit: mas / yr, datatype: float64}
# - {name: pm_dec, unit: mas / yr, datatype: float64}
# - {name: radial_velocity, unit: km / s, datatype: float64}
# delimiter: ','
# meta: !!omap
# - __serialized_columns__:
#     dec:
#       __class__: astropy.coordinates.angles.Latitude
#       unit: &id001 !astropy.units.Unit {unit: deg}
#       value: !astropy.table.SerializedColumn {name: dec}
#     distance:
#       __class__: astropy.coordinates.distances.Distance
#       unit: !astropy.units.Unit {unit: kpc}
#       value: !astropy.table.SerializedColumn {name: distance}
#     pm_dec:
#       __class__: astropy.units.quantity.Quantity
#       unit: !astropy.units.Unit {unit: mas / yr}
#       value: !astropy.table.SerializedColumn {name: pm_dec}
#     pm_ra_cosdec:
#       __class__: astropy.units.quantity.Quantity
#       unit: !astropy.units.Unit {unit: mas / yr}
#       value: !astropy.table.SerializedColumn {name: pm_ra_cosdec}
#     ra:
#       __class__: astropy.coordinates.angles.Longitude
#       unit: *id001
#       value: !astropy.table.SerializedColumn {name: ra}
#       wrap_angle: !astropy.coordinates.Angle
#         unit: *id001
#         value: 360.0
#     radial_velocity:
#       __class__: astropy.units.quantity.Quantity
#       unit: !astropy.units.Unit {unit: km / s}
#       value: !astropy.table.SerializedColumn {name: radial_velocity}
# schema: astropy-2.0
ra,dec,distance,pm_ra_cosdec,pm_dec,radial_velocity
[from data line 1817]
236.87132229011002,4.582091457762903,20.985825815653016,-3.1418054466605723,-2.5163450893285204,-39.01190711619357
236.88052152209679,4.5863916983485105,20.98363686965526,-3.142919313250785,-2.5166822253736836,-38.985638090793174
236.88972130576332,4.590691162328753,20.981449425487337,-3.144035335170205,-2.5170205855331167,-38.95929984654246
236.89892163907115,4.594989852651698,20.97926349276557,-3.1451535142084,-2.5173601699749044,-38.93289227070942
236.90812251998184,4.599287772265484,20.97707908110631,-3.146273852155045,-2.5177009788668383,-38.906415250562304
236.9173239464571,4.603584924118336,20.974896200125873,-3.147396350799942,-2.5180430123764244,-38.87986867336965
236.92652591645867,4.607881311158562,20.972714859440593,-3.1485210119330054,-2.518386270670878,-38.85325242639954
236.93572842794828,4.61217693633455,20.970535068666806,-3.1496478373442693,-2.518730753917125,-38.82656639691986
236.94493147888792,4.616471802594773,20.96835683742083,-3.1507768288238873,-2.519076462281803,-38.79981047219934
236.95413506723943,4.620765912887779,20.966180175319003,-3.1519079881621286,-2.519423395931259,-38.772984539505444
236.9633391909649,4.6250592701622075,20.96400509197766,-3.1530413171493814,-2.5197715550315496,-38.746088486106885
236.97254384802642,4.629351877366781,20.961831597013123,-3.15417681757615,-2.5201209397484403,-38.71912219927178
236.98174903638613,4.633643737450302,20.959659700041723,-3.155314491233061,-2.520471550247409,-38.69208556626797
236.99095475400642,4.637934853361657,20.957489410679795,-3.1564543399108542,-2.520823386693639,-38.66497847436441
237.00016099884948,4.6422252280498215,20.95532073854367,-3.1575963654003893,-2.521176449252025,-38.63780081082844
237.0093677688778,4.646514864463856,20.953153693249668,-3.158740569492645,-2.5215307380871685,-38.61055246292894
237.0185750620538,4.650803765552896,20.950988284414134,-3.1598869539787175,-2.521886253363383,-38.58323331793353
237.02778287634007,4.655091934266181,20.948824521653385,-3.161035520649818,-2.522242995244685,-38.55584326311056
237.03699120969927,4.659379373553017,20.946662414583766,-3.162186271297279,-2.5226009638948033,-38.5283821857285
237.04620006009412,4.663666086362813,20.944501972821598,-3.163339207712549,-2.522960159477171,-38.500849973055345
237.05540942548737,4.667952075645053,20.94234320598321,-3.164494331687198,-2.5233205821549345,-38.473246512359125
237.064619303842,4.672237344349319,20.94018612368494,-3.1656516450129075,-2.5236822320909384,-38.44557169090831
237.07382969312084,4.676521895425266,20.938030735543105,-3.166811149481487,-2.5240451094477443,-38.41782539597086
237.08304059128702,4.680805731822652,20.93587705117405,-3.1679728468848527,-2.524409214387614,-38.39000751481509
237.0922519963037,4.685088856491314,20.933725080194098,-3.1691367390150456,-2.5247745470725165,-38.36211793470958
237.10146390613394,4.689371272381182,20.931574832219578,-3.1703028276642238,-2.5251411076641306,-38.334156542921704
237.11067631874113,4.6936529824422735,20.929426316866827,-3.1714711146246612,-2.5255088963238372,-38.306123226720125
237.11988923208864,4.697933989624695,20.927279543752167,-3.1726416016887526,-2.525877913212725,-38.27801787337322
237.12910264413983,4.702214296878641,20.92513452249194,-3.173814290649008,-2.52624815849159,-38.24984037014869
237.13831655285833,4.706493907154402,20.922991262702467,-3.1749891832980603,-2.52661963232093,-38.22159060431509
237.14753095620767,4.7107728234023565,20.92084977400008,-3.1761662814286535,-2.526992334860951,-38.19326846314032
237.15674585215166,4.715051048572968,20.91871006600111,-3.1773455868336535,-2.5273662662715606,-38.16487383389316
237.1659612386539,4.7193285856168,20.91657214832189,-3.178527101306045,-2.527741426712375,-38.13640660384082
237.17517711367847,4.723605437484499,20.914436030578752,-3.179710826638927,-2.528117816342713,-38.10786666025257
237.18439347518915,4.727881607126817,20.91230172238801,-3.1808967646255235,-2.5284954353215983,-38.079253890395876
237.19361032115006,4.732157097494584,20.910169233366016,-3.1820849170591683,-2.5288742838077582,-38.05056818153893
237.20282764952526,4.736431911538724,20.90803857312909,-3.183275285733317,-2.5292543619596217,-38.02180942095009
237.21204545827908,4.740706052210266,20.905909751293564,-3.1844678724415463,-2.5296356699353266,-37.992977495897925
237.2212637453757,4.744979522460323,20.903782777475765,-3.185662678977544,-2.530018207892708,-37.964072293650055
237.23048250877957,4.749252325240101,20.901657661292024,-3.186859707135124,-2.5304019759893115,-37.93509370147502
237.23970174645513,4.753524463500904,20.899534412358683,-3.188058958708211,-2.530786974382375,-37.9060416066409
237.24892145636693,4.757795940194131,20.897413040292054,-3.1892604354908487,-2.5311732032288488,-37.87691589641563
237.25814163647962,4.762066758271271,20.895293554708488,-3.1904641392772044,-2.5315606626853824,-37.84771645806772
237.267362284758,4.766336920683914,20.893175965224298,-3.1916700718615587,-2.531949352908326,-37.818443178865465
237.2765833991669,4.770606430383747,20.891060281455818,-3.192878235038311,-2.5323392740537334,-37.78909594607702
237.28580497767112,4.774875290322541,20.888946513019388,-3.194088630601979,-2.5327304262773596,-37.7596746469701
237.29502701823571,4.779143503452178,20.886834669531325,-3.1953012603471973,-2.533122809734662,-37.73017916881335
237.3042495188258,4.783411072724629,20.884724760607966,-3.196516126068722,-2.5335164245807986,-37.70060939887457
237.31347247740658,4.7876780010919635,20.882616795865648,-3.1977332295614236,-2.533911270970627,-37.67096522442239
237.32269589194334,4.791944291506349,20.880510784920688,-3.19895257262029,-2.534307349058709,-37.6412465327249
237.33191976040143,4.796209946920049,20.878406737389426,-3.200174157040432,-2.5347046589993054,-37.6114532110502
237.34114408074635,4.800474970285425,20.876304662888188,-3.2013979846170724,-2.5351032009463763,-37.58158514666654
237.3503688509436,4.804739364554944,20.87420457103331,-3.202624057145556,-2.5355029750535825,-37.55164222684198
237.35959406895887,4.809003132681164,20.87210647144111,-3.203852376421346,-2.5359039814742874,-37.521624338844944
237.36881973275786,4.8132662776167425,20.870010373727926,-3.2050829442400204,-2.5363062203615523,-37.4915313699431
237.3780458403065,4.817528802314444,20.8679162875101,-3.206315762397276,-2.536709691868135,-37.46136320740541
237.38727238957063,4.821790709727121,20.865824222403948,-3.2075508326889284,-2.537114396146497,-37.43111973849955
237.3964993785163,4.826052002807742,20.8637341880258,-3.2087881569109133,-2.537520333348799,-37.4008008504936
237.4057268051097,4.830312684509363,20.861646193991987,-3.210027736859279,-2.5379275036268965,-37.37040643065637
237.41495466731695,4.834572757785151,20.859560249918854,-3.2112695743301964,-2.538335907132348,-37.33993636625506
237.4241829631045,4.838832225588359,20.857476365422713,-3.212513671119953,-2.538745544016408,-37.309390544559136
237.4334116904386,4.843091090872362,20.855394550119904,-3.2137600290249524,-2.5391564144300296,-37.27876885283539
237.44264084728593,4.847349356590626,20.853314813626753,-3.215008649841721,-2.5395685185238657,-37.248071178353285
237.45187043161297,4.851607025696719,20.851237165559592,-3.2162595353668957,-2.5399818564482635,-37.21729740838033
237.4611004413865,4.855864101144313,20.84916161553475,-3.217512687397238,-2.5403964283532714,-37.18644743018476
237.47033087457328,4.860120585887187,20.847088173168565,-3.2187681077296237,-2.5408122343886337,-37.15552113103481
237.47956172914024,4.864376482879221,20.845016848077364,-3.220025798161048,-2.5412292747037903,-37.124518398198674
237.48879300305438,4.868631795074401,20.84294764987747,-3.221285760488625,-2.541647549447882,-37.093439118944595
237.49802469428283,4.872886525426814,20.840880588185215,-3.222547996509582,-2.5420670587697423,-37.06228318054086
237.50725680079276,4.877140676890651,20.838815672616935,-3.2238125080212665,-2.542487802817901,-37.03105047025543
237.51648932055147,4.881394252420215,20.83675291278896,-3.22507929682115,-2.5429097817405903,-36.99974087535668
237.52572225152647,4.885647254969909,20.83469231831762,-3.2263483647068094,-2.54333299568573,-36.96835428311293
237.53495559168505,4.88989968749424,20.83263389881924,-3.227619713475954,-2.5437574448009435,-36.93689058079151
237.54418933899504,4.894151552947828,20.83057766391016,-3.228893344926397,-2.5441831292335437,-36.905349655661844
237.55342349142404,4.8984028542853935,20.828523623206696,-3.23016926085608,-2.5446100491305446,-36.87373139499125
237.56265804693996,4.9026535944617695,20.8264717863252,-3.2314474630630547,-2.5450382046386486,-36.842035686048455
237.57189300351058,4.906903776431888,20.82442216288198,-3.2327279533454973,-2.54546759590426,-36.81026241610109
237.581128359104,4.911153403150803,20.82237476249338,-3.2340107335016963,-2.5458982230734737,-36.7784114724178
237.59036411168842,4.915402477573656,20.820329594775718,-3.2352958053300602,-2.546330086292081,-36.74648274226669
237.59960025923198,4.919651002655718,20.81828666934534,-3.236583170629118,-2.5467631857055673,-36.714476112916095
237.608836799703,4.9238989813523535,20.81624599581857,-3.2378728311975102,-2.547197521459111,-36.68239147163368
237.61807373106996,4.928146416619041,20.814207583811744,-3.2391647888339974,-2.547633093697585,-36.65022870568788
237.62731105130143,4.932393311411376,20.81217144294118,-3.240459045337464,-2.5480699025655587,-36.6179877023472
237.63654875836602,4.936639668685057,20.81013758282321,-3.241755602506905,-2.548507948207293,-36.58566834887938
237.6457868502326,4.940885491395886,20.808106013074173,-3.243054462141432,-2.5489472307667382,-36.55327053255319
237.6550253248699,4.945130782499787,20.806076743310395,-3.2443556260402815,-2.549387750387543,-36.520794140636205
237.66426418024702,4.949375544952789,20.804049783148212,-3.2456590960028007,-2.549829507213051,-36.488239060397014
237.6735034143329,4.953619781711035,20.80202514220394,-3.2469648738284587,-2.5502725013862917,-36.455605179103365
237.68274302509687,4.957863495730783,20.800002830093923,-3.2482729613168413,-2.5507167330499922,-36.42289238402389
237.6919830105082,4.962106689968394,20.79798285643449,-3.2495833602676485,-2.5511622023465685,-36.39010056242675
237.70122336853626,4.966349367380346,20.795965230841965,-3.2508960724807032,-2.5516089094181327,-36.357229601579824
237.7104640971506,4.970591530923229,20.793949962932682,-3.252211099755943,-2.552056854406485,-36.32427938875154
237.7197051943209,4.974833183553754,20.791937062322972,-3.2535284438934235,-2.5525060374531208,-36.29124981121019
237.72894665801684,4.979074328228731,20.789926538629167,-3.2548481066933177,-2.552956458699223,-36.25814075622362
237.73818848620826,4.9833149679050965,20.787918401467593,-3.2561700899559147,-2.5534081182856694,-36.224952111060134
237.74743067686518,4.9875551055398955,20.785912660454578,-3.257494395481625,-2.5538610163530295,-36.19168376298799
237.75667322795775,4.991794744090284,20.783909325206466,-3.2588210250709717,-2.554315153041557,-36.158335599275865
237.765916137456,4.996033886513546,20.781908405339564,-3.260149980524601,-2.5547705284912063,-36.12490750719092
237.77515940333035,5.000272535767064,20.77990991047023,-3.26148126364327,-2.5552271428416145,-36.091399374002215
237.78440302355116,5.004510694808351,20.777913850214777,-3.262814876227858,-2.5556849962321113,-36.05781108697742
237.793646996089,5.008748366595023,20.775920234189538,-3.2641508200793594,-2.556144088801717,-36.024142533384946
237.80289131891453,5.0129855540848265,20.773929072010848,-3.2654890969988895,-2.556604420689143,-35.99039360049325
237.81213598999852,5.01722226023561,20.771940373295035,-3.266829708787674,-2.557065992032787,-35.956564175570115
237.82138100731171,5.021458488005353,20.769954147658424,-3.268172657247065,-2.5575288029707415,-35.922654145883534
237.83062636882525,5.0256942403521405,20.767970404717353,-3.2695179441785243,-2.5579928536407825,-35.88866339870217
237.8398720725103,5.029929520234186,20.765989154088153,-3.270865571383634,-2.5584581441803786,-35.854591821294605
237.84911811633785,5.034164330609811,20.764010405387143,-3.2722155406640954,-2.5589246747266876,-35.820439300927696
237.85836449827946,5.038398674437463,20.762034168230667,-3.2735678538217217,-2.559392445416553,-35.7862057248708
237.86761121630647,5.042632554675709,20.76006045223505,-3.27492251265845,-2.5598614563865087,-35.7518909803917
237.87685826839046,5.046865974283225,20.75808926701662,-3.276279518976329,-2.5603317077727787,-35.71749495475836
237.88610565250326,5.051098936218824,20.756120622191705,-3.2776388745775273,-2.560803199711273,-35.68301753523962
237.89535336661658,5.0553314434414185,20.754154527376652,-3.2790005812643304,-2.5612759323375878,-35.64845860910323
237.9046014087023,5.059563498910061,20.75219099218777,-3.2803646408391427,-2.5617499057870137,-35.61381806361714
237.9138497767326,5.0637951055839086,20.750230026241404,-3.2817310551044816,-2.5622251201945216,-35.579095786050274
237.92309846867957,5.068026266422252,20.74827163915388,-3.283099825862984,-2.562701575694771,-35.54429166366999
237.9323474825155,5.072256984384499,20.74631584054152,-3.2844709549174054,-2.563179272422114,-35.50940558374478
237.94159681621284,5.076487262430175,20.744362640020668,-3.285844444070615,-2.563658210510583,-35.47443743354304
237.95084646774413,5.080717103518933,20.742412047207647,-3.2872202951256013,-2.5641383900939,-35.43938710033286
237.960096435082,5.084946510610541,20.740464071718794,-3.288598509885469,-2.5646198113054757,-35.40425447138243
237.96934671619925,5.089175486664905,20.738518723170422,-3.2899790901534405,-2.565102474278404,-35.36903943395978
237.9785973090688,5.093404034642038,20.736576011178883,-3.291362037732854,-2.5655863791454663,-35.33374187533325
237.98784821166367,5.097632157502086,20.7346359453605,-3.2927473544271666,-2.5660715260391296,-35.2983616827712
237.99709942195702,5.101859858205318,20.73269853533159,-3.2941350420399487,-2.5665579150915465,-35.26289874354183
238.00635093792204,5.1060871397121215,20.730763790708505,-3.2955251023748926,-2.5670455464345583,-35.22735294491272
238.0156027575322,5.110314004983017,20.728831721107568,-3.296917537235802,-2.5675344201996846,-35.19172417415258
238.02485487876106,5.114540456978643,20.726902336145102,-3.298312348426603,-2.568024536518139,-35.156012318529605
238.0341072995822,5.118766498659773,20.72497564543744,-3.2997095377513355,-2.5685158955208163,-35.12021726531162
238.04336001796938,5.1229921329872905,20.723051658600916,-3.3011091070141543,-2.5690084973382934,-35.08433890176723
238.05261303189656,5.127217362922225,20.72113038525186,-3.3025110580193333,-2.5695023421008365,-35.04837711516445
238.06186633933777,5.131442191425715,20.719211835006597,-3.303915392571264,-2.5699974299383923,-35.012331792771484
238.07111993826706,5.135666621459033,20.71729601748147,-3.305322112474453,-2.5704937609805962,-34.97620282185626
238.0803738266589,5.139890655983582,20.7153829422928,-3.306731219533524,-2.5709913353567635,-34.93999008968788
238.0896280024875,5.144114297960889,20.713472619056915,-3.3081427155532177,-2.5714901531958976,-34.90369348353323
238.09888246372756,5.148337550352612,20.711565057390146,-3.3095566023383913,-2.571990214626682,-34.867312890661765
238.10813720835364,5.1525604161205285,20.709660266908834,-3.3109728816940156,-2.572491519777484,-34.830848198340675
238.11739223434054,5.156782898226555,20.707758257229294,-3.312391555425184,-2.5729940687763584,-34.79429929383833
238.12664753966322,5.161004999632731,20.705859037967873,-3.313812625337102,-2.57349786175104,-34.75766606442346
238.13590312229675,5.165226723301233,20.703962618740892,-3.3152360932350913,-2.5740028988289447,-34.720948397363806
238.1451589802163,5.169448072194357,20.70206900916467,-3.316661960924595,-2.5745091801371776,-34.68414617992773
