galstreams/tracks/track.Cocytos.grillmair2009.ecsv
# %ECSV 0.9
# ---
# datatype:
# - {name: sc.ra, unit: deg, datatype: float64}
# - {name: sc.dec, unit: deg, datatype: float64}
# - {name: sc.distance, unit: kpc, datatype: float64}
# - {name: width, datatype: float64}
# meta: !!omap
# - __serialized_columns__:
#     sc:
#       __class__: astropy.coordinates.sky_coordinate.SkyCoord
#       dec: !astropy.table.SerializedColumn
#         __class__: astropy.coordinates.angles.Latitude
#         unit: &id001 !astropy.units.Unit {unit: deg}
#         value: !astropy.table.SerializedColumn {name: sc.dec}
#       distance: !astropy.table.SerializedColumn
#         __class__: astropy.coordinates.distances.Distance
#         unit: !astropy.units.Unit {unit: kpc}
#         value: !astropy.table.SerializedColumn {name: sc.distance}
#       frame: icrs
#       ra: !astropy.table.SerializedColumn
#         __class__: astropy.coordinates.angles.Longitude
#         unit: *id001
#         value: !astropy.table.SerializedColumn {name: sc.ra}
#         wrap_angle: !astropy.coordinates.Angle
#           unit: *id001
#           value: 360.0
#       representation_type: spherical
# schema: astropy-2.0
sc.ra sc.dec sc.distance width
[from data line 2751]
211.65171102063414 7.094294597256437 11.0 0.7
211.66113944289705 7.097824672953287 11.0 0.7
211.67056800982186 7.101354558405518 11.0 0.7
211.67999672147573 7.10488425351464 11.0 0.7
211.68942557792573 7.1084137581821265 11.0 0.7
211.69885457923894 7.111943072309469 11.0 0.7
211.70828372548246 7.115472195798173 11.0 0.7
211.71771301672325 7.119001128549707 11.0 0.7
211.72714245302848 7.122529870465568 11.0 0.7
211.7365720344651 7.126058421447244 11.0 0.7
211.74600176110016 7.129586781396215 11.0 0.7
211.75543163300065 7.13311495021398 11.0 0.7
211.76486165023363 7.136642927802015 11.0 0.7
211.77429181286604 7.140170714061804 11.0 0.7
211.78372212096482 7.143698308894835 11.0 0.7
211.79315257459703 7.147225712202593 11.0 0.7
211.8025831738295 7.150752923886555 11.0 0.7
211.8120139187293 7.154279943848209 11.0 0.7
211.82144480936327 7.157806771989041 11.0 0.7
211.83087584579832 7.161333408210517 11.0 0.7
211.84030702810142 7.164859852414131 11.0 0.7
211.8497383563394 7.1683861045013595 11.0 0.7
211.8591698305792 7.171912164373686 11.0 0.7
211.86860145088767 7.175438031932587 11.0 0.7
211.87803321733162 7.1789637070795305 11.0 0.7
211.88746512997793 7.18248918971601 11.0 0.7
211.89689718889346 7.186014479743499 11.0 0.7
211.906329394145 7.189539577063464 11.0 0.7
211.91576174579933 7.193064481577393 11.0 0.7
211.92519424392333 7.196589193186757 11.0 0.7
211.93462688858372 7.200113711793029 11.0 0.7
211.9440596798473 7.203638037297682 11.0 0.7
211.95349261778082 7.207162169602197 11.0 0.7
211.96292570245106 7.210686108608038 11.0 0.7
211.97235893392474 7.214209854216684 11.0 0.7
211.9817923122686 7.217733406329607 11.0 0.7
211.9912258375493 7.221256764848274 11.0 0.7
212.00065950983364 7.22477992967416 11.0 0.7
212.01009332918824 7.2283029007087345 11.0 0.7
212.01952729567975 7.231825677853463 11.0 0.7
212.02896140937494 7.235348261009819 11.0 0.7
212.0383956703404 7.238870650079268 11.0 0.7
212.0478300786428 7.242392844963274 11.0 0.7
212.05726463434874 7.2459148455633215 11.0 0.7
212.06669933752485 7.2494366517808535 11.0 0.7
212.07613418823777 7.25295826351736 11.0 0.7
212.08556918655407 7.256479680674278 11.0 0.7
212.09500433254033 7.260000903153101 11.0 0.7
212.10443962626312 7.26352193085528 11.0 0.7
212.11387506778902 7.267042763682274 11.0 0.7
212.1233106571846 7.270563401535559 11.0 0.7
212.13274639451632 7.274083844316586 11.0 0.7
212.14218227985074 7.277604091926818 11.0 0.7
212.15161831325446 7.281124144267728 11.0 0.7
212.16105449479383 7.284644001240766 11.0 0.7
212.17049082453542 7.288163662747396 11.0 0.7
212.17992730254574 7.291683128689073 11.0 0.7
212.1893639288912 7.29520239896727 11.0 0.7
212.19880070363823 7.298721473483423 11.0 0.7
212.2082376268533 7.302240352139007 11.0 0.7
212.2176746986029 7.30575903483548 11.0 0.7
212.22711191895334 7.30927752147429 11.0 0.7
212.23654928797112 7.312795811956905 11.0 0.7
212.24598680572254 7.316313906184762 11.0 0.7
212.25542447227406 7.319831804059335 11.0 0.7
212.264862287692 7.323349505482075 11.0 0.7
212.27430025204274 7.326867010354422 11.0 0.7
212.2837383653926 7.330384318577847 11.0 0.7
212.29317662780795 7.333901430053792 11.0 0.7
212.30261503935503 7.33741834468371 11.0 0.7
212.31205360010028 7.3409350623690655 11.0 0.7
212.3214923101099 7.344451583011292 11.0 0.7
212.33093116945017 7.347967906511853 11.0 0.7
212.3403701781874 7.351484032772192 11.0 0.7
212.3498093363878 7.354999961693754 11.0 0.7
212.3592486441177 7.358515693178006 11.0 0.7
212.36868810144327 7.362031227126379 11.0 0.7
212.37812770843072 7.365546563440324 11.0 0.7
212.38756746514633 7.369061702021296 11.0 0.7
212.39700737165626 7.3725766427707375 11.0 0.7
212.40644742802664 7.376091385590083 11.0 0.7
212.41588763432372 7.379605930380795 11.0 0.7
212.42532799061365 7.383120277044317 11.0 0.7
212.43476849696256 7.3866344254820815 11.0 0.7
212.44420915343662 7.390148375595546 11.0 0.7
212.4536499601019 7.39366212728614 11.0 0.7
212.46309091702457 7.3971756804553195 11.0 0.7
212.4725320242707 7.400689035004525 11.0 0.7
212.48197328190636 7.4042021908351865 11.0 0.7
212.49141468999767 7.407715147848761 11.0 0.7
212.50085624861066 7.411227905946676 11.0 0.7
212.5102979578114 7.414740465030373 11.0 0.7
212.51973981766594 7.418252825001303 11.0 0.7
212.52918182824027 7.421764985760897 11.0 0.7
212.5386239896004 7.425276947210588 11.0 0.7
212.54806630181238 7.428788709251823 11.0 0.7
212.5575087649422 7.432300271786031 11.0 0.7
212.56695137905584 7.435811634714664 11.0 0.7
212.5763941442192 7.439322797939141 11.0 0.7
212.5858370604983 7.442833761360906 11.0 0.7
212.59528012795906 7.44634452488139 11.0 0.7
212.6047233466674 7.449855088402037 11.0 0.7
212.61416671668923 7.453365451824264 11.0 0.7
212.6236102380905 7.45687561504952 11.0 0.7
212.63305391093706 7.4603855779792365 11.0 0.7
212.64249773529477 7.4638953405148305 11.0 0.7
212.65194171122957 7.467404902557756 11.0 0.7
212.66138583880726 7.470914264009431 11.0 0.7
212.67083011809368 7.474423424771282 11.0 0.7
212.6802745491547 7.477932384744758 11.0 0.7
212.68971913205607 7.481441143831264 11.0 0.7
212.69916386686367 7.484949701932254 11.0 0.7
212.70860875364326 7.4884580589491385 11.0 0.7
212.7180537924606 7.491966214783345 11.0 0.7
212.7274989833815 7.495474169336319 11.0 0.7
212.73694432647167 7.498981922509469 11.0 0.7
212.7463898217969 7.502489474204229 11.0 0.7
212.7558354694229 7.505996824322026 11.0 0.7
212.7652812694154 7.509503972764288 11.0 0.7
212.77472722184007 7.5130109194324275 11.0 0.7
212.7841733267626 7.516517664227881 11.0 0.7
212.79361958424875 7.520024207052067 11.0 0.7
212.80306599436412 7.52353054780641 11.0 0.7
212.8125125571744 7.5270366863923375 11.0 0.7
212.82195927274515 7.530542622711255 11.0 0.7
212.83140614114214 7.534048356664607 11.0 0.7
212.84085316243088 7.537553888153803 11.0 0.7
212.85030033667698 7.541059217080253 11.0 0.7
212.8597476639461 7.544564343345402 11.0 0.7
212.8691951443038 7.548069266850649 11.0 0.7
212.87864277781563 7.551573987497417 11.0 0.7
212.88809056454716 7.555078505187136 11.0 0.7
212.8975385045639 7.558582819821207 11.0 0.7
212.90698659793142 7.5620869313010575 11.0 0.7
212.91643484471524 7.565590839528104 11.0 0.7
212.9258832449808 7.5690945444037565 11.0 0.7
212.9353317987937 7.5725980458294435 11.0 0.7
212.94478050621936 7.5761013437065685 11.0 0.7
212.95422936732322 7.579604437936552 11.0 0.7
212.9636783821708 7.583107328420804 11.0 0.7
212.97312755082748 7.586610015060749 11.0 0.7
212.98257687335874 7.5901124977577785 11.0 0.7
212.99202634982998 7.593614776413328 11.0 0.7
213.0014759803066 7.597116850928801 11.0 0.7
213.01092576485402 7.600618721205601 11.0 0.7
213.02037570353758 7.604120387145155 11.0 0.7
213.02982579642267 7.6076218486488605 11.0 0.7
213.0392760435746 7.611123105618134 11.0 0.7
213.0487264450588 7.614624157954389 11.0 0.7
213.05817700094056 7.618125005559019 11.0 0.7
213.06762771128516 7.6216256483334535 11.0 0.7
213.07707857615793 7.625126086179089 11.0 0.7
213.08652959562417 7.628626318997328 11.0 0.7
213.09598076974916 7.632126346689591 11.0 0.7
213.1054320985982 7.635626169157274 11.0 0.7
213.11488358223642 7.6391257863017845 11.0 0.7
213.1243352207292 7.642625198024531 11.0 0.7
213.1337870141417 7.646124404226924 11.0 0.7
213.1432389625391 7.649623404810349 11.0 0.7
213.15269106598672 7.653122199676232 11.0 0.7
213.16214332454962 7.65662078872596 11.0 0.7
213.1715957382931 7.660119171860951 11.0 0.7
213.1810483072822 7.6636173489826005 11.0 0.7
213.19050103158216 7.667115319992297 11.0 0.7
213.1999539112581 7.670613084791463 11.0 0.7
213.2094069463751 7.674110643281496 11.0 0.7
213.21886013699833 7.677607995363781 11.0 0.7
213.2283134831929 7.681105140939739 11.0 0.7
213.23776698502382 7.684602079910752 11.0 0.7
213.24722064255624 7.688098812178223 11.0 0.7
213.2566744558552 7.691595337643562 11.0 0.7
213.2661284249857 7.695091656208148 11.0 0.7
213.2755825500129 7.698587767773401 11.0 0.7
213.28503683100172 7.7020836722407 11.0 0.7
213.29449126801714 7.705579369511441 11.0 0.7
213.3039458611243 7.709074859487039 11.0 0.7
213.31340061038804 7.712570142068869 11.0 0.7
213.3228555158734 7.716065217158334 11.0 0.7
213.33231057764536 7.719560084656832 11.0 0.7
213.34176579576882 7.723054744465754 11.0 0.7
213.35122117030872 7.726549196486486 11.0 0.7
213.36067670133002 7.730043440620434 11.0 0.7
213.3701323888976 7.733537476768985 11.0 0.7
213.3795882330763 7.737031304833523 11.0 0.7
213.38904423393114 7.740524924715456 11.0 0.7
213.39850039152688 7.74401833631616 11.0 0.7
213.4079567059284 7.74751153953703 11.0 0.7
213.41741317720053 7.751004534279469 11.0 0.7
213.42686980540816 7.754497320444844 11.0 0.7
213.43632659061606 7.757989897934565 11.0 0.7
213.445783532889 7.761482266650008 11.0 0.7
213.45524063229183 7.764974426492557 11.0 0.7
213.46469788888936 7.76846637736362 11.0 0.7
213.47415530274628 7.771958119164562 11.0 0.7
213.48361287392734 7.775449651796782 11.0 0.7
213.4930706024974 7.778940975161664 11.0 0.7
213.502528488521 7.782432089160588 11.0 0.7
213.511986532063 7.785922993694953 11.0 0.7
213.52144473318808 7.78941368866613 11.0 0.7
213.53090309196085 7.7929041739755105 11.0 0.7
213.54036160844606 7.796394449524475 11.0 0.7
213.54982028270837 7.799884515214407 11.0 0.7
213.5592791148124 7.8033743709466945 11.0 0.7
213.56873810482278 7.806864016622713 11.0 0.7
213.57819725280416 7.810353452143855 11.0 0.7
213.58765655882112 7.813842677411482 11.0 0.7
213.5971160229383 7.817331692326999 11.0 0.7
213.60657564522026 7.820820496791768 11.0 0.7
213.61603542573155 7.824309090707172 11.0 0.7
213.62549536453676 7.827797473974608 11.0 0.7
213.63495546170043 7.831285646495427 11.0 0.7
213.6444157172871 7.8347736081710355 11.0 0.7
213.65387613136124 7.838261358902794 11.0 0.7
213.66333670398737 7.841748898592079 11.0 0.7
213.67279743523005 7.8452362271402825 11.0 0.7
213.68225832515373 7.848723344448768 11.0 0.7
213.69171937382276 7.852210250418914 11.0 0.7
213.70118058130174 7.855696944952104 11.0 0.7
213.7106419476551 7.859183427949706 11.0 0.7
213.72010347294716 7.862669699313096 11.0 0.7
213.72956515724246 7.866155758943649 11.0 0.7
213.7390270006053 7.869641606742742 11.0 0.7
213.74848900310013 7.8731272426117425 11.0 0.7
213.7579511647913 7.876612666452032 11.0 0.7
213.76741348574313 7.880097878164973 11.0 0.7
213.77687596602007 7.883582877651946 11.0 0.7
213.78633860568635 7.887067664814324 11.0 0.7
213.79580140480635 7.890552239553467 11.0 0.7
213.8052643634444 7.894036601770757 11.0 0.7
213.81472748166473 7.89752075136756 11.0 0.7
213.82419075953166 7.901004688245241 11.0 0.7
213.83365419710944 7.90448841230518 11.0 0.7
213.84311779446233 7.907971923448742 11.0 0.7
213.8525815516546 7.911455221577287 11.0 0.7
213.86204546875044 7.9149383065921946 11.0 0.7
213.87150954581406 7.9184211783948255 11.0 0.7
213.88097378290973 7.921903836886554 11.0 0.7
213.89043818010157 7.9253862819687395 11.0 0.7
213.89990273745377 7.928868513542755 11.0 0.7
213.90936745503052 7.932350531509957 11.0 0.7
213.91883233289596 7.935832335771719 11.0 0.7
213.92829737111418 7.939313926229403 11.0 0.7
213.93776256974934 7.942795302784375 11.0 0.7
213.9472279288656 7.946276465338002 11.0 0.7
213.95669344852698 7.949757413791635 11.0 0.7
213.96615912879759 7.953238148046651 11.0 0.7
213.97562496974146 7.956718668004405 11.0 0.7
213.98509097142275 7.960198973566264 11.0 0.7
213.99455713390543 7.963679064633594 11.0 0.7
214.00402345725348 7.967158941107741 11.0 0.7
214.013489941531 7.97063860289008 11.0 0.7
214.022956586802 7.97411804988197 11.0 0.7
214.0324233931304 7.977597281984761 11.0 0.7
214.0418903605802 7.981076299099828 11.0 0.7
214.0513574892154 7.984555101128519 11.0 0.7
214.0608247790999 7.988033687972194 11.0 0.7
214.07029223029767 7.991512059532217 11.0 0.7
214.07975984287262 7.994990215709939 11.0 0.7
214.08922761688868 7.998468156406723 11.0 0.7
214.0986955524097 8.001945881523921 11.0 0.7
214.10816364949957 8.005423390962898 11.0 0.7
214.1176319082222 8.008900684625003 11.0 0.7
214.1271003286414 8.012377762411594 11.0 0.7
214.13656891082107 8.015854624224028 11.0 0.7
214.146037654825 8.019331269963658 11.0 0.7
214.15550656071701 8.022807699531844 11.0 0.7
214.16497562856088 8.026283912829925 11.0 0.7
214.17444485842037 8.02975990975927 11.0 0.7
214.18391425035938 8.03323569022123 11.0 0.7
214.19338380444157 8.036711254117149 11.0 0.7
214.2028535207307 8.040186601348392 11.0 0.7
214.2123233992905 8.043661731816298 11.0 0.7
214.2217934401847 8.04713664542223 11.0 0.7
214.23126364347706 8.05061134206754 11.0 0.7
214.2407340092312 8.054085821653564 11.0 0.7
214.2502045375108 8.057560084081668 11.0 0.7
214.2596752283796 8.061034129253194 11.0 0.7
214.26914608190117 8.064507957069495 11.0 0.7
214.2786170981392 8.067981567431916 11.0 0.7
214.28808827715727 8.071454960241807 11.0 0.7
214.29755961901907 8.074928135400521 11.0 0.7
214.3070311237881 8.078401092809402 11.0 0.7
214.31650279152802 8.0818738323698 11.0 0.7
214.3259746223024 8.085346353983052 11.0 0.7
214.33544661617475 8.088818657550519 11.0 0.7
214.34491877320863 8.09229074297354 11.0 0.7
214.3543910934676 8.095762610153464 11.0 0.7
214.36386357701517 8.099234258991638 11.0 0.7
214.3733362239148 8.102705689389394 11.0 0.7
214.38280903423004 8.10617690124809 11.0 0.7
214.39228200802432 8.10964789446907 11.0 0.7
214.4017551453611 8.11311866895367 11.0 0.7
214.41122844630388 8.116589224603244 11.0 0.7
214.42070191091605 8.120059561319124 11.0 0.7
214.43017553926106 8.123529679002656 11.0 0.7
214.4396493314023 8.12699957755519 11.0 0.7
214.44912328740318 8.130469256878056 11.0 0.7
214.45859740732703 8.133938716872606 11.0 0.7
214.4680716912373 8.137407957440173 11.0 0.7
214.47754613919727 8.1408769784821 11.0 0.7
214.4870207512703 8.144345779899734 11.0 0.7
214.49649552751978 8.147814361594406 11.0 0.7
214.50597046800894 8.151282723467459 11.0 0.7
214.51544557280107 8.154750865420233 11.0 0.7
214.52492084195953 8.15821878735407 11.0 0.7
214.53439627554752 8.161686489170293 11.0 0.7
214.54387187362835 8.165153970770259 11.0 0.7
214.55334763626524 8.168621232055298 11.0 0.7
214.56282356352142 8.172088272926743 11.0 0.7
214.5722996554601 8.17555509328594 11.0 0.7
214.5817759121445 8.17902169303421 11.0 0.7
214.59125233363778 8.182488072072909 11.0 0.7
214.60072892000318 8.185954230303361 11.0 0.7
214.61020567130376 8.189420167626897 11.0 0.7
214.61968258760274 8.192885883944868 11.0 0.7
214.62915966896324 8.196351379158594 11.0 0.7
214.63863691544836 8.199816653169409 11.0 0.7
214.64811432712122 8.20328170587866 11.0 0.7
214.65759190404492 8.206746537187668 11.0 0.7
214.66706964628253 8.210211146997766 11.0 0.7
214.6765475538971 8.213675535210298 11.0 0.7
214.68602562695168 8.217139701726579 11.0 0.7
214.69550386550935 8.22060364644796 11.0 0.7
214.7049822696331 8.22406736927576 11.0 0.7
214.7144608393859 8.227530870111314 11.0 0.7
214.7239395748308 8.230994148855952 11.0 0.7
214.7334184760308 8.23445720541101 11.0 0.7
214.7428975430488 8.237920039677801 11.0 0.7
214.75237677594777 8.241382651557672 11.0 0.7
214.7618561747907 8.244845040951953 11.0 0.7
214.77133573964048 8.248307207761956 11.0 0.7
214.78081547056 8.251769151889029 11.0 0.7
214.79029536761217 8.255230873234488 11.0 0.7
214.79977543085988 8.258692371699661 11.0 0.7
214.80925566036603 8.262153647185885 11.0 0.7
214.81873605619342 8.265614699594476 11.0 0.7
214.82821661840495 8.269075528826773 11.0 0.7
214.83769734706337 8.272536134784088 11.0 0.7
214.84717824223156 8.275996517367755 11.0 0.7
214.85665930397232 8.279456676479104 11.0 0.7
214.8661405323484 8.282916612019452 11.0 0.7
214.87562192742254 8.286376323890128 11.0 0.7
214.8851034892576 8.28983581199246 11.0 0.7
214.89458521791627 8.293295076227766 11.0 0.7
214.90406711346122 8.296754116497366 11.0 0.7
214.91354917595527 8.300212932702598 11.0 0.7
214.92303140546107 8.303671524744773 11.0 0.7
214.93251380204134 8.30712989252522 11.0 0.7
214.94199636575868 8.310588035945264 11.0 0.7
214.9514790966758 8.314045954906215 11.0 0.7
