galstreams/tracks/track.st.Svol.ibata2024.ecsv
# %ECSV 1.0
# ---
# datatype:
# - {name: ra, unit: deg, datatype: float64}
# - {name: dec, unit: deg, datatype: float64}
# - {name: distance, unit: kpc, datatype: float64}
# - {name: pm_ra_cosdec, unit: mas / yr, datatype: float64}
# - {name: pm_dec, unit: mas / yr, datatype: float64}
# - {name: radial_velocity, unit: km / s, datatype: float64}
# delimiter: ','
# meta: !!omap
# - __serialized_columns__:
#     dec:
#       __class__: astropy.coordinates.angles.Latitude
#       unit: &id001 !astropy.units.Unit {unit: deg}
#       value: !astropy.table.SerializedColumn {name: dec}
#     distance:
#       __class__: astropy.coordinates.distances.Distance
#       unit: !astropy.units.Unit {unit: kpc}
#       value: !astropy.table.SerializedColumn {name: distance}
#     pm_dec:
#       __class__: astropy.units.quantity.Quantity
#       unit: !astropy.units.Unit {unit: mas / yr}
#       value: !astropy.table.SerializedColumn {name: pm_dec}
#     pm_ra_cosdec:
#       __class__: astropy.units.quantity.Quantity
#       unit: !astropy.units.Unit {unit: mas / yr}
#       value: !astropy.table.SerializedColumn {name: pm_ra_cosdec}
#     ra:
#       __class__: astropy.coordinates.angles.Longitude
#       unit: *id001
#       value: !astropy.table.SerializedColumn {name: ra}
#       wrap_angle: !astropy.coordinates.Angle
#         unit: *id001
#         value: 360.0
#     radial_velocity:
#       __class__: astropy.units.quantity.Quantity
#       unit: !astropy.units.Unit {unit: km / s}
#       value: !astropy.table.SerializedColumn {name: radial_velocity}
# schema: astropy-2.0
ra,dec,distance,pm_ra_cosdec,pm_dec,radial_velocity
[from data line 2381]
235.44215026664165,27.24368092123257,0.9999999999999997,2.394893373213222,-5.140817405363579,-190.08840556062776
235.4531560779972,27.241538928696922,0.9999999999999999,2.3962507820233476,-5.142147955944301,-190.08991273996259
235.464161267385,27.239395392244262,0.9999999999999997,2.3976082321973067,-5.143478849166719,-190.09140426056314
235.47516583450255,27.23725031205163,0.9999999999999997,2.3989657233886827,-5.144810084917552,-190.09288010984903
235.48616977904734,27.23510368829618,0.9999999999999997,2.4003232552512195,-5.146141663083402,-190.0943402752395
235.49717310071742,27.232955521155056,0.9999999999999999,2.4016808274386907,-5.147473583550692,-190.095784744154
235.50817579921068,27.230805810805514,0.9999999999999998,2.403038439604945,-5.148805846205711,-190.0972135040119
235.51917787422536,27.22865455742481,0.9999999999999998,2.404396091403859,-5.1501384509345876,-190.09862654223252
235.5301793254598,27.226501761190267,0.9999999999999997,2.405753782489315,-5.151471397623293,-190.10002384623525
235.54118015261258,27.22434742227927,0.9999999999999997,2.4071115125153604,-5.1528046861576655,-190.1014054034397
235.55218035538238,27.22219154086923,0.9999999999999998,2.4084692811360053,-5.15413831642338,-190.10277120126506
235.56317993346815,27.220034117137622,0.9999999999999998,2.409827088005411,-5.155472288305983,-190.10412122713063
235.57417888656892,27.217875151261982,0.9999999999999997,2.411184932777667,-5.156806601690828,-190.105455468456
235.58517721438403,27.21571464341985,0.9999999999999997,2.4125428151070007,-5.158141256463157,-190.10677391266046
235.59617491661285,27.21355259378888,0.9999999999999998,2.413900734647717,-5.159476252508053,-190.10807654716342
235.60717199295507,27.211389002546714,0.9999999999999997,2.4152586910540883,-5.160811589710441,-190.1093633593843
235.6181684431104,27.2092238698711,0.9999999999999998,2.4166166839805285,-5.16214726795509,-190.11063433674235
235.62916426677893,27.207057195939772,0.9999999999999998,2.4179747130814633,-5.163483287126638,-190.11188946665706
235.64015946366058,27.20488898093058,0.9999999999999997,2.4193327780113183,-5.164819647109571,-190.11312873654788
235.65115403345595,27.202719225021383,0.9999999999999998,2.4206908784247414,-5.1661563477881955,-190.1143521338341
235.66214797586548,27.200547928390066,0.9999999999999999,2.422049013976242,-5.167493389046712,-190.11555964593518
235.6731412905898,27.19837509121465,0.9999999999999997,2.4234071843205314,-5.168830770769148,-190.1167512602704
235.68413397732988,27.196200713673086,0.9999999999999998,2.424765389112295,-5.17016849283937,-190.11792696425925
235.6951260357866,27.194024795943484,0.9999999999999999,2.4261236280062715,-5.171506555141129,-190.11908674532103
235.70611746566132,27.19184733820394,0.9999999999999998,2.4274819006573303,-5.172844957557988,-190.12023059087522
235.7171082666555,27.1896683406326,0.9999999999999997,2.428840206720297,-5.174183699973391,-190.12135848834114
235.7280984384705,27.18748780340769,0.9999999999999998,2.4301985458501143,-5.175522782270619,-190.12247042513826
235.73908798080834,27.18530572670745,0.9999999999999998,2.4315569177017693,-5.176862204332805,-190.12356638868587
235.7500768933708,27.183122110710222,0.9999999999999998,2.432915321930299,-5.1782019660429235,-190.1246463664034
235.76106517586004,27.180936955594326,0.9999999999999998,2.434273758190834,-5.179542067283826,-190.12571034571025
235.7720528279784,27.178750261538166,0.9999999999999997,2.4356322261384253,-5.1808825079381915,-190.12675831402572
235.78303984942832,27.176562028720213,0.9999999999999998,2.436990725428389,-5.182223287888563,-190.12779025876932
235.79402623991248,27.174372257318943,0.9999999999999997,2.4383492557158934,-5.183564407017322,-190.12880616736038
235.80501199913374,27.172180947512945,0.9999999999999998,2.4397078166563553,-5.184905865206709,-190.12980602721836
235.81599712679508,27.169988099480765,0.9999999999999998,2.4410664079050512,-5.186247662338822,-190.13078982576246
235.82698162259967,27.16779371340109,0.9999999999999998,2.4424250291174356,-5.187589798295605,-190.13175755041223
235.83796548625094,27.165597789452598,0.9999999999999998,2.4437836799490125,-5.1889322729588585,-190.13270918858703
235.8489487174525,27.163400327814017,0.9999999999999997,2.4451423600552857,-5.190275086210203,-190.13364472770627
235.8599313159079,27.161201328664156,0.9999999999999998,2.4465010690918643,-5.191618237931156,-190.13456415518925
235.8709132813213,27.159000792181832,0.9999999999999999,2.44785980671441,-5.192961728003077,-190.13546745845542
235.88189461339653,27.156798718545964,0.9999999999999997,2.449218572578568,-5.19430555630715,-190.1363546249241
235.8928753118381,27.15459510793545,0.9999999999999997,2.4505773663401573,-5.195649722724433,-190.13722564201484
235.9038553763503,27.152389960529305,0.9999999999999998,2.4519361876549617,-5.196994227135825,-190.1380804971469
235.9148348066378,27.15018327650654,0.9999999999999998,2.4532950361788544,-5.198339069422097,-190.13891917773964
235.92581360240544,27.147975056046217,0.9999999999999998,2.4546539115677337,-5.199684249463857,-190.13974167121253
235.9367917633582,27.145765299327497,0.9999999999999997,2.456012813477619,-5.2010297671415575,-190.14054796498488
235.94776928920132,27.143554006529516,0.9999999999999996,2.457371741564536,-5.2023756223355235,-190.1413380464762
235.95874617964003,27.141341177831535,0.9999999999999996,2.458730695484574,-5.203721814925906,-190.14211190310573
235.9697224343799,27.13912681341279,0.9999999999999998,2.460089674893876,-5.205068344792743,-190.14286952229287
235.9806980531267,27.136910913452603,0.9999999999999998,2.4614486794486137,-5.206415211815891,-190.14361089145723
235.9916730355862,27.134693478130355,0.9999999999999996,2.462807708805048,-5.2077624158750755,-190.14433599801788
236.0026473814646,27.132474507625428,0.9999999999999998,2.464166762619543,-5.209109956849886,-190.14504482939446
236.01362109046806,27.13025400211731,0.9999999999999997,2.4655258405484197,-5.210457834619742,-190.14573737300614
236.024594162303,27.128031961785503,0.9999999999999998,2.4668849422481145,-5.21180604906392,-190.1464136162725
236.03556659667612,27.125808386809524,0.9999999999999999,2.468244067375073,-5.213154600061557,-190.14707354661283
236.04653839329407,27.123583277369022,0.9999999999999998,2.4696032155858596,-5.214503487491662,-190.14771715144656
236.05750955186406,27.12135663364361,0.9999999999999997,2.470962386537108,-5.215852711233044,-190.14834441819298
236.06848007209285,27.11912845581301,0.9999999999999998,2.472321579885328,-5.217202271164421,-190.14895533427173
236.07944995368817,27.116898744056936,0.9999999999999998,2.473680795287356,-5.218552167164326,-190.14954988710187
236.09041919635723,27.114667498555207,0.9999999999999998,2.4750400323998853,-5.219902399111161,-190.15012806410297
236.10138779980787,27.11243471948764,0.9999999999999998,2.4763992908797388,-5.221252966883192,-190.15068985269437
236.11235576374796,27.11020040703411,0.9999999999999999,2.4777585703837737,-5.222603870358515,-190.1512352402955
236.1233230878854,27.107964561374583,0.9999999999999997,2.479117870568885,-5.223955109415083,-190.15176421432568
236.13428977192862,27.105727182688984,0.9999999999999998,2.480477191092106,-5.225306683930736,-190.15227676220434
236.14525581558584,27.10348827115739,0.9999999999999997,2.4818365316104174,-5.226658593783119,-190.15277287135095
236.15622121856575,27.10124782695984,0.9999999999999999,2.483195891780948,-5.228010838849766,-190.15325252918473
236.16718598057713,27.09900585027644,0.9999999999999998,2.4845552712608097,-5.2293634190080525,-190.15371572312515
236.17815010132884,27.096762341287405,0.9999999999999998,2.4859146697072223,-5.230716334135186,-190.15416244059165
236.18911358053015,27.09451730017289,0.9999999999999997,2.4872740867774414,-5.232069584108274,-190.15459266900348
236.2000764178902,27.092270727113185,0.9999999999999998,2.4886335221287617,-5.233423168804247,-190.1550063957802
236.21103861311863,27.090022622288576,0.9999999999999998,2.489992975418561,-5.234777088099898,-190.15540360834103
236.22200016592495,27.087772985879436,0.9999999999999998,2.491352446304237,-5.236131341871861,-190.15578429410553
236.23296107601905,27.08552181806615,0.9999999999999997,2.4927119344432835,-5.237485929996655,-190.1561484404929
236.24392134311108,27.083269119029143,0.9999999999999998,2.4940714394932186,-5.238840852350613,-190.1564960349227
236.25488096691114,27.08101488894894,0.9999999999999996,2.4954309611116745,-5.240196108809968,-190.15682706481417
236.26583994712968,27.07875912800604,0.9999999999999998,2.4967904989562495,-5.2415516992507545,-190.15714151758687
236.27679828347715,27.07650183638106,0.9999999999999998,2.4981500526846663,-5.242907623548909,-190.15743938065992
236.28775597566442,27.074243014254613,0.9999999999999998,2.499509621954676,-5.2442638815802045,-190.15772064145304
236.2987130234024,27.071982661807354,0.9999999999999997,2.5008692064240616,-5.245620473220253,-190.15798528738534
236.3096694264021,27.06972077922004,0.9999999999999997,2.502228805750706,-5.246977398344537,-190.15823330587634
236.32062518437493,27.06745736667341,0.9999999999999996,2.503588419592516,-5.24833465682841,-190.1584646843454
236.3315802970323,27.065192424348293,0.9999999999999998,2.5049480476075168,-5.249692248547053,-190.15867941021196
236.3425347640859,27.062925952425548,0.9999999999999998,2.506307689453738,-5.251050173375511,-190.1588774708953
236.35348858524756,27.060657951086046,0.9999999999999998,2.507667344789196,-5.252408431188691,-190.15905885381488
236.36444176022925,27.05838842051079,0.9999999999999998,2.50902701327211,-5.253767021861343,-190.1592235463901
236.3753942887432,27.056117360880734,0.9999999999999997,2.5103866945606175,-5.255125945268077,-190.1593715360403
236.3863461705017,27.05384477237695,0.9999999999999997,2.5117463883130373,-5.256485201283368,-190.1595028101849
236.39729740521744,27.0515706551805,0.9999999999999999,2.5131060941876378,-5.257844789781533,-190.1596173562433
236.40824799260304,27.049295009472544,0.9999999999999996,2.514465811842797,-5.259204710636755,-190.15971516163484
236.41919793237142,27.047017835434243,0.9999999999999997,2.5158255409369232,-5.26056496372305,-190.15979621377892
236.4301472242358,27.044739133246807,0.9999999999999997,2.517185281128537,-5.261925548914331,-190.1598605000949
236.44109586790933,27.04245890309155,0.9999999999999998,2.518545032076142,-5.2632864660843275,-190.15990800800228
236.4520438631055,27.040177145149737,0.9999999999999997,2.5199047934382968,-5.2646477151066495,-190.15993872492032
236.462991209538,27.037893859602768,0.9999999999999998,2.5212645648737375,-5.266009295854747,-190.1599526382685
236.47393790692053,27.03560904663204,0.9999999999999998,2.522624346041079,-5.267371208201926,-190.15994973546614
236.48488395496724,27.03332270641898,0.9999999999999998,2.523984136599111,-5.268733452021372,-190.15993000393266
236.4958293533921,27.03103483914512,0.9999999999999997,2.525343936206612,-5.270096027186094,-190.15989343108745
236.50677410190977,27.028745444991966,0.9999999999999997,2.5267037445225267,-5.271458933568979,-190.1598400043499
236.51771820023447,27.026454524141144,0.9999999999999997,2.5280635612056823,-5.272822171042765,-190.15976971113943
236.5286616480812,27.02416207677425,0.9999999999999997,2.52942338591515,-5.2741857394800356,-190.15968253887524
236.53960444516463,27.021868103072993,0.9999999999999997,2.5307832183099084,-5.2755496387532546,-190.15957847497702
236.5505465912,27.019572603219075,0.9999999999999998,2.532143058049078,-5.276913868734713,-190.15945750686393
236.5614880859026,27.017275577394262,0.9999999999999998,2.533502904791799,-5.278278429296581,-190.15931962195538
236.57242892898768,27.014977025780382,0.9999999999999998,2.534862758197251,-5.2796433203108695,-190.15916480767086
236.58336912017108,27.01267694855927,0.9999999999999998,2.5362226179247145,-5.281008541649474,-190.1589930514298
236.59430865916852,27.010375345912852,0.9999999999999997,2.53758248363353,-5.28237409318411,-190.1588043406513
236.6052475456959,27.008072218023063,0.9999999999999997,2.5389423549830052,-5.283739974786368,-190.15859866275503
236.61618577946956,27.005767565071885,0.9999999999999998,2.540302231632598,-5.285106186327692,-190.15837600516033
236.62712336020573,27.003461387241366,0.9999999999999998,2.541662113241806,-5.2864727276793975,-190.15813635528647
236.63806028762107,27.001153684713575,0.9999999999999998,2.5430219994701595,-5.287839598712633,-190.15787970055294
236.6489965614321,26.998844457670657,0.9999999999999997,2.5443818899772257,-5.289206799298423,-190.15760602837906
236.6599321813558,26.996533706294773,0.9999999999999997,2.5457417844226633,-5.290574329307631,-190.15731532618437
236.67086714710945,26.994221430768118,0.9999999999999997,2.547101682466243,-5.291942188611003,-190.157007581388
236.68180145840995,26.99190763127298,0.9999999999999998,2.548461583767624,-5.293310377079118,-190.15668278140961
236.692735114975,26.989592307991632,0.9999999999999997,2.549821487986673,-5.294678894582425,-190.15634091366834
236.70366811652218,26.987275461106453,0.9999999999999998,2.5511813947833275,-5.296047740991231,-190.15598196558375
236.71460046276917,26.9849570907998,0.9999999999999997,2.5525413038173888,-5.2974169161757025,-190.15560592457513
236.72553215343405,26.98263719725415,0.9999999999999997,2.5539012147489295,-5.298786420005841,-190.155212778062
236.73646318823492,26.98031578065195,0.9999999999999997,2.5552611272379373,-5.300156252351542,-190.15480251346358
236.7473935668902,26.977992841175727,0.9999999999999998,2.556621040944526,-5.301526413082531,-190.15437511819937
236.75832328911835,26.975668379008056,0.9999999999999998,2.5579809555288886,-5.302896902068408,-190.1539305796887
236.76925235463824,26.97334239433155,0.9999999999999997,2.5593408706512157,-5.304267719178613,-190.153468885351
236.7801807631685,26.97101488732886,0.9999999999999998,2.560700785971722,-5.305638864282468,-190.1529900226056
236.7911085144284,26.96868585818269,0.9999999999999997,2.562060701150779,-5.307010337249132,-190.15249397887197
236.8020356081371,26.96635530707579,0.9999999999999996,2.5634206158487594,-5.308382137947632,-190.15198074156942
236.81296204401397,26.964023234190936,0.9999999999999998,2.5647805297260575,-5.309754266246852,-190.15145029811742
236.82388782177884,26.961689639710954,0.9999999999999997,2.566140442443208,-5.3111267220155405,-190.15090263593527
236.83481294115128,26.95935452381873,0.9999999999999998,2.5675003536607157,-5.312499505122286,-190.15033774244236
236.8457374018514,26.957017886697177,0.9999999999999998,2.568860263039179,-5.313872615435557,-190.14975560505815
236.8566612035994,26.95467972852927,0.9999999999999998,2.5702201702393435,-5.315246052823669,-190.14915621120198
236.86758434611542,26.952340049498005,0.9999999999999998,2.5715800749217887,-5.316619817154793,-190.14853954829331
236.8785068291202,26.949998849786418,0.9999999999999998,2.572939976747346,-5.317993908296971,-190.14790560375144
236.88942865233432,26.94765612957763,0.9999999999999996,2.574299875376864,-5.319368326118099,-190.14725436499563
236.9003498154787,26.945311889054743,0.9999999999999996,2.5756597704711623,-5.320743070485927,-190.1465858194456
236.9112703182744,26.942966128400972,0.9999999999999998,2.5770196616912333,-5.322118141268053,-190.14589995452047
236.92219016044263,26.94061884779952,0.9999999999999996,2.578379548698015,-5.323493538331974,-190.1451967576397
236.93310934170498,26.93827004743364,0.9999999999999997,2.579739431152621,-5.324869261545002,-190.1444762162227
236.94402786178284,26.935919727486674,0.9999999999999997,2.581099308716084,-5.326245310774333,-190.1437383176889
236.95494572039823,26.933567888141948,0.9999999999999997,2.5824591810496305,-5.327621685887014,-190.14298304945763
236.96586291727291,26.931214529582874,0.9999999999999997,2.5838190478144263,-5.328998386749955,-190.14221039894827
