galstreams/tracks/track.st.NGC3201.ibata2021.ecsv
# %ECSV 1.0
# ---
# datatype:
# - {name: ra, unit: deg, datatype: float64}
# - {name: dec, unit: deg, datatype: float64}
# - {name: distance, unit: kpc, datatype: float64}
# - {name: pm_ra_cosdec, unit: mas / yr, datatype: float64}
# - {name: pm_dec, unit: mas / yr, datatype: float64}
# - {name: radial_velocity, unit: km / s, datatype: float64}
# delimiter: ','
# meta: !!omap
# - __serialized_columns__:
#     dec:
#       __class__: astropy.coordinates.angles.Latitude
#       unit: &id001 !astropy.units.Unit {unit: deg}
#       value: !astropy.table.SerializedColumn {name: dec}
#     distance:
#       __class__: astropy.coordinates.distances.Distance
#       unit: !astropy.units.Unit {unit: kpc}
#       value: !astropy.table.SerializedColumn {name: distance}
#     pm_dec:
#       __class__: astropy.units.quantity.Quantity
#       unit: !astropy.units.Unit {unit: mas / yr}
#       value: !astropy.table.SerializedColumn {name: pm_dec}
#     pm_ra_cosdec:
#       __class__: astropy.units.quantity.Quantity
#       unit: !astropy.units.Unit {unit: mas / yr}
#       value: !astropy.table.SerializedColumn {name: pm_ra_cosdec}
#     ra:
#       __class__: astropy.coordinates.angles.Longitude
#       unit: *id001
#       value: !astropy.table.SerializedColumn {name: ra}
#       wrap_angle: !astropy.coordinates.Angle
#         unit: *id001
#         value: 360.0
#     radial_velocity:
#       __class__: astropy.units.quantity.Quantity
#       unit: !astropy.units.Unit {unit: km / s}
#       value: !astropy.table.SerializedColumn {name: radial_velocity}
# schema: astropy-2.0
ra,dec,distance,pm_ra_cosdec,pm_dec,radial_velocity
[from data line 859]
159.22787845011686,-47.061220837142514,4.891275255762275,6.565783668722746,-1.5241180276313155,381.2172653435177
159.2424556736797,-47.06263234534059,4.8925678736435145,6.560577045095485,-1.5221657518580685,380.48209595497644
159.2570343556615,-47.06403926832267,4.893862649983309,6.555380994137015,-1.5202063273867479,379.74758985085117
159.2716144960219,-47.065441593344985,4.8951595771494105,6.550195603746031,-1.5182397121676967,379.0137649497788
159.2861960947059,-47.06683930766306,4.896458647509572,6.545020961790529,-1.5162658640836382,378.2806391703959
159.300779151644,-47.068232398531485,4.8977598534315465,6.539857156107804,-1.5142847409497016,377.54823043133985
159.31536366675192,-47.069620853204086,4.899063187283084,6.534704274504385,-1.512296300513385,376.8165566512475
159.32994963993082,-47.071004658933894,4.900368641431939,6.529562404756007,-1.510300500454555,376.0856357487559
159.34453707106718,-47.072383802973086,4.901676208245863,6.524431634607577,-1.5082972983854495,375.35548564250183
159.35912596003286,-47.07375827257304,4.902985880092611,6.519312051773129,-1.5062866518506377,374.6261242511224
159.373716306685,-47.07512805498439,4.904297649339933,6.514203743935772,-1.5042685183270255,373.89756949325465
159.38830811086615,-47.07649313745691,4.905611508355581,6.509106798747666,-1.5022428552238534,373.1698392875354
159.40290137240416,-47.0778535072396,4.906927449507309,6.504021303829983,-1.500209619882665,372.44295155260164
159.4174960911121,-47.07920915158072,4.908245465162869,6.498947346772864,-1.4981687695773171,371.71692420709047
159.43209226678852,-47.080560057727695,4.909565547690015,6.493885015135369,-1.4961202615139522,370.99177516963886
159.44668989921715,-47.08190621292719,4.910887689456497,6.4888343964454585,-1.4940640528309972,370.2675223588836
159.46128898816707,-47.08324760442509,4.912211882830067,6.483795578199928,-1.4920001005991557,369.5441836934618
159.47588953339263,-47.08458421946653,4.913538120178482,6.478768647864397,-1.4899283618213843,368.8217770920105
159.49049153463352,-47.08591604529586,4.914866393869489,6.473753692873254,-1.4878487934328977,368.10032047316645
159.50509499161464,-47.087243069156706,4.916196696270844,6.4687508006296035,-1.4857613523011466,367.3798317555667
159.51969990404615,-47.08856527829188,4.917529019750299,6.463760058505262,-1.483665995225813,366.6603288578485
159.53430627162362,-47.0898826599435,4.918863356675605,6.458781553840687,-1.4815626789388157,365.94182969864835
159.5489140940277,-47.091195201352896,4.920199699414517,6.453815373944947,-1.4794513601042496,365.22435219660355
159.5635233709244,-47.092502889760695,4.9215380403347835,6.448861606095697,-1.4773319953184343,364.5079142703511
159.578134101965,-47.093805712406756,4.922878371804162,6.443920337539105,-1.4752045411098837,363.79253383852773
159.5927462867859,-47.0951036565302,4.9242206861904005,6.438991655489852,-1.4730689539392792,363.07822881977074
159.6073599250089,-47.096396709369465,4.925564975861256,6.434075647131065,-1.4709251901994715,362.36501713271673
159.6219750162408,-47.097684858162204,4.926911233184477,6.429172399614301,-1.4687732062154923,361.65291669600293
159.63659156007392,-47.098968090145405,4.928259450527816,6.424282000059478,-1.4666129582444993,360.94194542826625
159.65120955608555,-47.1002463925553,4.929609620259029,6.41940453555485,-1.4644444024758059,360.2321212481436
159.66582900383827,-47.101519752627425,4.930961734745865,6.414540093156992,-1.4622674950308614,359.52346207427206
159.68044990287996,-47.10278815759662,4.932315786356079,6.4096887598907095,-1.4600821919632292,358.81598582528864
159.6950722527435,-47.10405159469702,4.933671767457422,6.404850622749043,-1.457888449258582,358.1097104198301
159.70969605294718,-47.10531005116204,4.935029670417646,6.40002576869322,-1.4556862228347098,357.4046537765337
159.7243213029943,-47.106563514224426,4.936389487604505,6.395214284652596,-1.4534754685414955,356.70083381403606
159.73894800237343,-47.107811971116234,4.937751211385751,6.390416257524635,-1.4512561421609007,355.9982684509743
159.7535761505583,-47.10905540906882,4.939114834129137,6.385631774174859,-1.4490281994069614,355.2969756059854
159.76820574700784,-47.11029381531287,4.940480348202414,6.380860921436824,-1.4467915959257915,354.59697319770675
159.78283679116603,-47.111527177078415,4.941847745973336,6.376103786112068,-1.4445462872955543,353.8982791447746
159.79746928246215,-47.112755481594775,4.943217019809655,6.371360454970066,-1.4422922290264761,353.20091136582636
159.8121032203105,-47.11397871609063,4.944588162079122,6.3666310147482115,-1.440029376560811,352.50488777949903
159.82673860411063,-47.115196867794,4.945961165149493,6.361915552151752,-1.437757685272846,351.8102263044292
159.84137543324718,-47.116409923932224,4.947336021388516,6.3572141538537785,-1.4354771104689021,351.11694485925426
159.8560137070899,-47.11761787173202,4.948712723163945,6.35252690649517,-1.4331876073873033,350.4250613626111
159.87065342499372,-47.11882069841945,4.950091262843536,6.347853896684529,-1.4308891311983905,349.73459373313653
159.88529458629867,-47.12001839121991,4.951471632795038,6.343195210998212,-1.4285816370045037,349.0455598894676
159.89993719032987,-47.121210937358185,4.952853825386204,6.338550935980219,-1.4262650798399559,348.3579777502414
159.9145812363976,-47.122398324058395,4.954237832984788,6.333921158142191,-1.423939414671067,347.67186523409475
159.92922672379717,-47.12358053854407,4.9556236479585385,6.329305963963369,-1.4216045963961106,346.9872402596644
159.94387365180907,-47.12475756803808,4.957011262675212,6.324705439890546,-1.4192605798453384,346.3041207455881
159.9585220196988,-47.12592939976269,4.95840066950256,6.320119672338029,-1.416907319780952,345.6225246105021
159.97317182671702,-47.12709602093955,4.959791860808335,6.3155487476876,-1.4145447708971064,344.94246977304357
159.98782307209945,-47.12825741878967,4.961184828960289,6.310992752288493,-1.4121728878198994,344.2639741518494
160.00247575506688,-47.12941358053351,4.962579566326174,6.306451772457333,-1.4097916251073608,343.5870556655571
160.01712987482514,-47.13056449339088,4.963976065273744,6.30192589447811,-1.407400937249446,342.91173223280276
160.03178543056518,-47.131710144580985,4.96537431817075,6.297415204602138,-1.4050007786680432,342.23802177222393
160.04644242146298,-47.13285052132248,4.966774317384948,6.292919789048003,-1.4025911037169259,341.56594220245734
160.06110084667955,-47.133985610833406,4.968176055284083,6.288439734001563,-1.4001718666817977,340.8955114421404
160.075760705361,-47.1351154003312,4.9695795242359155,6.283975125615855,-1.3977430217802498,340.2267474099096
160.09042199663847,-47.13623987703276,4.970984716608194,6.279526050011096,-1.3953045231617516,339.55966802440196
160.10508471962808,-47.137359028154364,4.972391624768671,6.275092593274637,-1.3928563249076804,338.8942912042548
160.1197488734311,-47.13847284091177,4.9738002410851,6.270674841460913,-1.3903983810312646,338.2306348681047
160.13441445713366,-47.13958130252011,4.975210557925233,6.266272880591417,-1.3879306454776223,337.56871693458885
160.14908146980707,-47.14068440019402,4.976622567656823,6.261886796654645,-1.385453072123716,336.9085553223442
160.16374991050762,-47.141782121147514,4.978036262647621,6.25751667560608,-1.382965614778369,336.25016795000766
160.17841977827652,-47.14287445259411,4.979451635265382,6.253162603368143,-1.380468227182261,335.59357273621623
160.19309107214008,-47.143961381746735,4.980868677877856,6.248824665830139,-1.3779608630079085,334.9387875996069
160.2077637911096,-47.14504289581778,4.982287382852797,6.2445029488482495,-1.3754434758596679,334.2858304588169
160.22243793418136,-47.14611898201913,4.983707742557957,6.240197538245466,-1.372916019273715,333.63471923248255
160.2371135003366,-47.1471896275621,4.985129749361088,6.235908519811569,-1.3703784467180578,332.98547183924137
160.25179048854156,-47.14825481965749,4.986553395629945,6.2316359793030855,-1.3678307115925161,332.33810619773016
160.26646889774756,-47.149314545515566,4.987978673732276,6.227380002443235,-1.365272767228725,331.6926402265859
160.2811487268907,-47.150368792346086,4.989405576035838,6.223140674921932,-1.3627045668901268,331.04909184444557
160.29582997489229,-47.15141754735828,4.990834094908381,6.218918082395691,-1.3601260637719506,330.4074789699462
160.31051264065835,-47.15246079776086,4.992264222717657,6.214712310487643,-1.3575372110012358,329.76781952172473
160.32519672308013,-47.15349853076207,4.993695951831421,6.210523444787454,-1.3549379616367956,329.1301314184179
160.33988222103358,-47.15453073356961,4.995129274617423,6.2063515708513215,-1.3523282686692344,328.49443257866295
160.35456913337975,-47.155557393390694,4.996564183443417,6.2021967742019095,-1.3497080850209295,327.8607409210971
160.36925745896468,-47.156578497432044,4.998000670677156,6.1980591403283185,-1.3470773635460285,327.22907436435673
160.3839471966192,-47.15759403289992,4.999438728686389,6.193938754686068,-1.3444360570304434,326.5994508270791
160.39863834515918,-47.15860398700005,5.000878349838872,6.189835702697019,-1.341784118191855,325.97188822790156
160.41333090338543,-47.15960834693771,5.002319526502356,6.185750069749371,-1.3391214996796972,325.34640448546037
160.4280248700836,-47.16060709991771,5.003762251044596,6.18168194119761,-1.3364481540751445,324.7230175183928
160.44272024402434,-47.16160023314437,5.005206515833339,6.1776314023624685,-1.3337640338911347,324.10174524533596
160.45741702396325,-47.16258773382156,5.006652313236344,6.173598538530889,-1.331069091572334,323.4826055849268
160.47211520864073,-47.16356958915267,5.00809963562136,6.169583434955992,-1.32836327949515,322.86561645580207
160.48681479678217,-47.16454578634067,5.009548475356139,6.165586176857035,-1.3256465499677228,322.25079577659903
160.50151578709787,-47.165516312588046,5.010998824808434,6.161606849419361,-1.3229188552299131,321.6381614659545
160.51621817828303,-47.16648115509684,5.012450676345999,6.157645537794388,-1.3201801474533248,321.0277314425054
160.53092196901767,-47.167440301068666,5.013904022336584,6.153702327099554,-1.3174303787412498,320.419523624889
160.5456271579668,-47.168393737704704,5.0153588551479436,6.149777302418281,-1.3146695011287273,319.8135559317417
160.56033374378026,-47.169341452205686,5.01681516714783,6.145870548799936,-1.3118974665824865,319.2098462817011
160.5750417250928,-47.17028343177192,5.018272950703995,6.141982151259788,-1.309114227000972,318.6084125934038
160.58975110052404,-47.17121966360328,5.019732198184192,6.138112194779,-1.3063197342143313,318.00927278548687
160.60446186867847,-47.17215013489927,5.021192901956172,6.134260764304557,-1.303513939984411,317.4124447765873
160.61917402814547,-47.17307483285892,5.022655054387688,6.130427944749239,-1.3006967960047522,316.8179464853419
160.63388757749928,-47.17399374468087,5.024118647846493,6.126613820991584,-1.297868253900587,316.225795830388
160.64860251529893,-47.1749068575634,5.02558367470034,6.122818477875869,-1.2950282652288454,315.6360107303623
160.6633188400885,-47.1758141587043,5.027050127316981,6.119042000212035,-1.2921767814781413,315.04860910390175
160.67803655039666,-47.17671563530105,5.028517998064167,6.115284472775688,-1.2893137540687611,314.4636088696434
160.69275564473716,-47.1776112745507,5.029987279309652,6.111545980308035,-1.2864391343526878,313.88102794622444
160.7074761216085,-47.17850106364992,5.031457963421189,6.1078266075158645,-1.2835528736135675,313.30088425228143
160.72219797949398,-47.17938498979499,5.0329300427665284,6.1041264390714876,-1.2806549230667308,312.7231957064517
160.73692121686184,-47.18026304018183,5.034403509713425,6.100445559612734,-1.2777452338591724,312.14798022737193
160.75164583216505,-47.18113520200599,5.035878356629632,6.0967840537428835,-1.274823757069563,311.5752557336794
160.76637182384152,-47.18200146246264,5.037354575882898,6.0931420060306385,-1.27189044370824,311.0050401440108
160.78109919031388,-47.18286180874658,5.038832159840978,6.089519501010101,-1.2689452447172025,310.43735137700304
160.79582792998968,-47.183716228052276,5.040311100871625,6.0859166231807125,-1.2659881109701123,309.8722073512936
160.8105580412612,-47.18456470757383,5.04179139134259,6.082333457007238,-1.2630189932722908,309.309625985519
160.8252895225056,-47.185407234505,5.0432730236216265,6.0787700869197145,-1.2600378423607177,308.74962519831627
160.84002237208483,-47.186243796039186,5.044755990076486,6.075226597313427,-1.2570446089040441,308.19222290832266
160.85475658834568,-47.18707437936948,5.046240283074923,6.071703072548855,-1.2540392435025494,307.6374370341747
160.86949216961966,-47.18789897168858,5.047725894984687,6.068199596951647,-1.2510216966881922,307.08528549450966
160.88422911422316,-47.18871756018894,5.049212818173534,6.064716254812594,-1.2479919189245683,306.53578620796446
160.89896742045735,-47.18953013206262,5.050701045009214,6.061253130387568,-1.244949860606928,305.9889570931762
160.91370708660818,-47.19033667450141,5.052190567859481,6.057810307897503,-1.2418954720621738,305.44481606878156
160.92844811094645,-47.191137174696735,5.053681379092085,6.05438787152835,-1.2388287035488474,304.9033810534177
160.9431904917276,-47.191931619839735,5.05517347107478,6.050985905431061,-1.2357495052571617,304.3646699657216
160.95793422719206,-47.192719997121266,5.056666836175319,6.047604493721508,-1.2326578273089455,303.82870072433025
160.97267931556485,-47.19350229373185,5.058161466761455,6.0442437204805035,-1.2295536197576933,303.29549124788053
160.98742575505594,-47.19427849686172,5.059657355200938,6.040903669753716,-1.2264368325885462,302.7650594550094
161.0021735438599,-47.19504859370084,5.061154493861525,6.037584425551661,-1.223307415718275,302.23742326435394
161.0169226801562,-47.19581257143885,5.062652875110962,6.034286071849659,-1.2201653189953143,301.712600594551
161.03167316210903,-47.19657041726515,5.0641524913170075,6.031008692587793,-1.2170104921997318,301.1906093642377
161.0464249878674,-47.19732211836884,5.0656533348474095,6.0277523716708785,-1.2138428850432383,300.6714674920509
161.06117815556496,-47.19806766193872,5.067155398069925,6.024517192968423,-1.2106624471692093,300.15519289662774
161.07593266332023,-47.198807035163405,5.068658673352302,6.021303240314603,-1.2074691281526313,299.6418034966048
161.09068850923646,-47.199540225231154,5.070163153062296,6.018110597508201,-1.2042628775001658,299.13131721061956
161.10544569140163,-47.20026721933003,5.071668829567659,6.014939348312604,-1.2010436446501052,298.6237519573087
161.1202042078885,-47.200988004647826,5.0731756952361415,6.011789576455736,-1.1978113789723919,298.1191256553092
161.13496405675454,-47.20170256837206,5.074683742435499,6.008661365630045,-1.1945660297686187,297.6174562232581
161.14972523604203,-47.202410897690065,5.076192963533481,6.005554799492455,-1.1913075462720224,297.1187615797923
161.1644877437779,-47.20311297978887,5.077703350897842,6.002469961664338,-1.18803587764749,296.62305964354886
161.17925157797387,-47.203808801855324,5.079214896896334,5.999406935731466,-1.1847509729915577,296.1303683331646
161.19401673662645,-47.204498351076005,5.080727593896711,5.996365805243993,-1.1814527813324176,295.64070556727694
161.20878321771679,-47.205181614637304,5.082241434266723,5.993346653716404,-1.1781412516299081,295.15408926452227
161.2235510192108,-47.20585857972537,5.083756410374123,5.990349564627489,-1.1748163327755279,294.67053734353783
161.23832013905914,-47.20652923352615,5.085272514586665,5.987374621420306,-1.1714779735924266,294.1900677229606
161.25309057519718,-47.207193563225346,5.086789739272099,5.984421907502141,-1.16812612283542,293.7126983214274
161.26786232554505,-47.207851556008514,5.088308076798178,5.981491506244475,-1.16476072919097,293.2384470575755
161.28263538800755,-47.20850319906095,5.089827519532658,5.978583500982951,-1.1613817412772187,292.7673318500418
