galstreams/tracks/track.st.Orphan.ibata2020.ecsv
# %ECSV 0.9
# ---
# datatype:
# - {name: ra, unit: deg, datatype: float64}
# - {name: dec, unit: deg, datatype: float64}
# - {name: distance, unit: kpc, datatype: float64}
# - {name: pm_ra_cosdec, unit: mas / yr, datatype: float64}
# - {name: pm_dec, unit: mas / yr, datatype: float64}
# - {name: radial_velocity, unit: km / s, datatype: float64}
# delimiter: ','
# meta: !!omap
# - __serialized_columns__:
#     dec:
#       __class__: astropy.coordinates.angles.Latitude
#       unit: &id001 !astropy.units.Unit {unit: deg}
#       value: !astropy.table.SerializedColumn {name: dec}
#     distance:
#       __class__: astropy.coordinates.distances.Distance
#       unit: !astropy.units.Unit {unit: kpc}
#       value: !astropy.table.SerializedColumn {name: distance}
#     pm_dec:
#       __class__: astropy.units.quantity.Quantity
#       unit: !astropy.units.Unit {unit: mas / yr}
#       value: !astropy.table.SerializedColumn {name: pm_dec}
#     pm_ra_cosdec:
#       __class__: astropy.units.quantity.Quantity
#       unit: !astropy.units.Unit {unit: mas / yr}
#       value: !astropy.table.SerializedColumn {name: pm_ra_cosdec}
#     ra:
#       __class__: astropy.coordinates.angles.Longitude
#       unit: *id001
#       value: !astropy.table.SerializedColumn {name: ra}
#       wrap_angle: !astropy.coordinates.Angle
#         unit: *id001
#         value: 360.0
#     radial_velocity:
#       __class__: astropy.units.quantity.Quantity
#       unit: !astropy.units.Unit {unit: km / s}
#       value: !astropy.table.SerializedColumn {name: radial_velocity}
# schema: astropy-2.0
ra,dec,distance,pm_ra_cosdec,pm_dec,radial_velocity
145.45077155586768,40.04090046269444,30.400125411268057,-0.46981989710056343,-0.31588147807467176,-4.210383564936169e-15
145.6313269561556,39.62540043015704,30.26550422635408,-0.4773964249711779,-0.3252431255537443,-1.2631150694808506e-14
145.81118555021774,39.210134405208954,30.13070711283708,-0.48521192552015713,-0.33405599886076154,0.0
145.99036237343117,38.79509785748842,29.995745172945337,-0.4932610243986767,-0.34232339551955543,-8.420767129872338e-15
146.16887204085353,38.38028629805721,29.86062950890717,-0.501538432222307,-0.3500486641430428,-1.6841534259744676e-14
146.34672876445453,37.965695280171964,29.72537122295087,-0.5100389436957082,-0.3572352033468072,-8.420767129872338e-15
146.52394636950882,37.55132040000636,29.58998141730472,-0.5187574367805903,-0.3638864606930847,1.6841534259744676e-14
146.70053831019808,37.1371572973256,29.45447119419702,-0.527688871903004,-0.3700059316631141,8.420767129872338e-15
146.87651768446716,36.723201656114675,29.31885165585606,-0.5368282911962935,-0.3755971586559974,0.0
147.05189724817674,36.30944920516176,29.18313390451014,-0.546170817776292,-0.380663730012348,4.210383564936169e-15
147.22668942859147,35.89589571859744,29.047329042387563,-0.5557116550455689,-0.38520927906115393,4.210383564936169e-15
147.40090633724057,35.48253701639114,28.91144817171661,-0.5654460860237575,-0.38923748318841744,-8.420767129872338e-15
147.5745597821853,35.069368964806294,28.775502394725578,-0.5753694727011832,-0.3927520629262383,-8.420767129872338e-15
147.7476612797257,34.656387476814636,28.639502813642775,-0.5854772554132089,-0.39575678106112955,-1.6841534259744676e-14
147.9202220655765,34.243588512470936,28.50346053069648,-0.5957649522328813,-0.3982554417604474,4.210383564936169e-15
148.09225310554152,33.83096807924882,28.367386648114987,-0.606228158379626,-0.40025188971591213,1.2631150694808506e-14
148.26376510571194,33.418522232339406,28.2312922681266,-0.6168625456418946,-0.4017500093032889,-1.6841534259744676e-14
148.43476852221463,33.006247074912274,28.095188492959615,-0.6276638618118024,-0.40275372375736457,1.6841534259744676e-14
148.60527357053354,32.59413875834116,27.95908642484233,-0.6386279301299347,-0.40326699436143415,0.0
148.77529023442614,32.18219348239362,27.822997166003017,-0.6497506487386177,-0.4032938196505917,1.6841534259744676e-14
148.94482827445614,31.770407495386998,27.686931818669997,-0.6610279901420709,-0.40283823462814977,-8.420767129872338e-15
149.11389723616176,31.358777094309833,27.55090148507155,-0.6724560006719669,-0.401904309994606,1.2631150694808506e-14
149.2825064578779,30.94729862491119,27.41491726743598,-0.6840307999570197,-0.4004961513885996,1.6841534259744676e-14
149.4506650782302,30.53596848175671,27.27899026799157,-0.6957485803953316,-0.3986178986393607,8.420767129872338e-15
149.61838204331607,30.124783108254036,27.14313158896663,-0.7076056066282996,-0.39627372503020164,1.6841534259744676e-14
149.7856661135899,29.71373899664625,27.007352332589434,-0.7195982150149923,-0.3934678365726303,-2.5262301389617013e-14
149.95252587046508,29.30283268797605,26.8716636010883,-0.7317228131059555,-0.3902044712907149,-1.2631150694808506e-14
150.11896972264825,28.89206077201929,26.736076496691503,-0.7439758791155163,-0.3864878985153516,1.6841534259744676e-14
150.28500591221749,28.481419887190185,26.60060212162735,-0.7563539613916855,-0.3823224181881311,-4.210383564936169e-15
150.45064252045742,28.070906720417376,26.465251578124125,-0.7688536778828632,-0.3777123601745151,-4.210383564936169e-15
150.61588747346244,27.6605180069928,26.330035968410147,-0.7814717156005808,-0.37266208358607156,-4.210383564936169e-15
150.78074854751947,27.250250530392382,26.194966394713685,-0.7942048300775992,-0.3671759761115337,8.420767129872338e-15
150.94523337427955,26.84010112207084,26.060053959263048,-0.8070498448207113,-0.36125845335647705,-2.1051917824680845e-15
151.1093494457298,26.430066661229336,25.925309764286514,-0.8200036507576743,-0.354913958191415,2.1051917824680845e-15
151.27310411897292,26.020144074558274,25.790744912012396,-0.8330632056777267,-0.34814696010815466,0.0
151.43650462082482,25.61033033595407,25.65637050466898,-0.8462255336652023,-0.3409619545842435,-1.0525958912340423e-14
151.5995580522377,25.200622466212074,25.522197644484564,-0.8594877245257899,-0.3333634624553755,4.210383564936169e-15
151.76227139255678,24.79101753269448,25.388237433687443,-0.8728469332050346,-0.3253560292956228,-2.1051917824680846e-14
151.92465150361792,24.381512648975335,25.254500974505913,-0.8863003791987103,-0.31694422480538287,2.5262301389617013e-14
152.08670513369393,23.972104974461626,25.120999369168256,-0.8998453459547343,-0.3081326422069281,1.0525958912340423e-14
152.24843892129513,23.562791713992368,24.987743719902777,-0.9134791802663198,-0.2989258976474732,-4.210383564936169e-15
152.40985939883188,23.153570117414667,24.854745128937786,-0.9271992916561117,-0.28932862960966194,-2.1051917824680845e-15
152.57097299614392,22.74443747913884,24.722014698501553,-0.9410031517510625,-0.2793454983294023,2.1051917824680845e-15
152.73178604390355,22.3353911376714,24.589563530822375,-0.9548882936478492,-0.26898118522096875,3.157787673702127e-14
152.89230477689694,21.926428475127928,24.457402728128564,-0.9688523112686495,-0.25824039230931306,2.947268495455318e-14
153.05253533718954,21.517546916724857,24.325543392648402,-0.9828928587071304,-0.24712784166951218,1.2631150694808506e-14
153.2124837771805,21.108743930251933,24.19399662661019,-0.9970076495645193,-0.23564827487329948,-4.210383564936169e-15
153.37215606255072,20.700017025524474,24.062773532242215,-1.0111944562756512,-0.22380645244261937,-1.0525958912340423e-14
153.53155807510873,20.291363753817297,23.931885211772773,-1.02545110942492,-0.21160715331015864,-1.2631150694808506e-14
153.6906956155395,19.88278170727914,23.801342767430164,-1.0397754970520583,-0.1990551742867958,2.5262301389617013e-14
153.84957440605947,19.47426851832974,23.671157301442683,-1.054165563947722,-0.18615532953592664,-1.6841534259744676e-14
154.008200092982,19.065821859038213,23.54133991603862,-1.068619310938838,-0.17291245005461026,-1.6841534259744676e-14
154.16657824919739,18.657439440484914,23.411901713446273,-1.0831347941637257,-0.15933138316149548,3.5788260301957434e-14
154.3247143765704,18.24911901210548,23.282853795893935,-1.0977101243369942,-0.14541699199147198,-1.473634247727659e-14
154.4826139082588,17.840858361019148,23.154207265609905,-1.112343466004247,-0.13117415499700727,3.157787673702127e-14
154.64028221095688,17.43265531134008,23.025973224822472,-1.127033036786632,-0.11660776545611158,-1.1578554803574466e-14
154.7977245870658,17.024507723473803,22.898162775759936,-1.1417771066152982,-0.10172273098689005,5.262979456170211e-16
154.9549462767951,16.616413493397445,22.770787020650587,-1.1565739969558224,-0.08652397306862405,2.5262301389617013e-14
155.1119524601973,16.208370551925917,22.64385706172272,-1.171422080022692,-0.07101642656933692,-1.473634247727659e-14
155.2687482591384,15.800376863962684,22.517384001204633,-1.1863197779839376,-0.055205039279784617,3.026213187297872e-14
155.4253387392075,15.39243042773722,22.391378941324618,-1.2012655621560149,-0.03909477145381786,1.4604767990872335e-14
155.5817289115674,14.984529274027942,22.26585298431098,-1.2162579521890593,-0.022690595355058057,-3.815660105723403e-15
155.73792373474882,14.576671465372579,22.140817232391996,-1.2312955152426341,-0.005997494809829212,1.2137746370792549e-14
155.89392811639067,14.168855095264751,22.016282787795973,-1.2463768651521063,0.010979535233722259,-1.4867916963680847e-14
156.04974691492816,13.761078287338812,21.89226075275119,-1.2615006615857969,0.028235489140378753,3.131472776421276e-14
156.2053849412317,13.35333919454166,21.768762229485972,-1.276665609193055,0.045765351016546704,-1.61836618277234e-14
156.36084696019736,12.945635998293636,21.64579832022859,-1.2918704567434252,0.06356409513295835,3.763030311161701e-14
156.51613769229246,12.537966907637049,21.52338012720734,-1.307113996257058,0.0816266863414653,1.4999491450085103e-14
156.67126181505645,12.130330158374615,21.401518752650528,-1.3223950621265583,0.09994808048598611,3.684085619319148e-15
156.8262239645604,11.722724012196341,21.280225298786444,-1.3377125302304431,0.11852322480769964,-8.420767129872338e-15
156.9810287368258,11.315146755796938,21.159510867843373,-1.3530653170383955,0.1373470583445549,6.315575347404253e-15
157.13568068920506,10.907596699982557,21.03938656204962,-1.368452378708514,0.1564145123251936,1.842042809659574e-14
157.2901843417248,10.50007217876877,20.91986348363348,-1.3838727101767583,0.1757205105573596,2.789379111770212e-14
157.44454417839387,10.092571548468564,20.80095273482325,-1.3993253442387883,0.19525996981090227,-7.368171238638296e-15
157.59876464847724,9.685093186772422,20.682665417847215,-1.4148093506244184,0.2150278001954511,-9.47336302110638e-15
157.75285016773805,9.277635491819082,20.565012634933677,-1.4303238350648873,0.2350189055328732,1.5788938368510635e-14
157.90680511964771,8.87019688125914,20.448005488310926,-1.445867938353182,0.2552281837245997,3.631455824757446e-14
158.06063385656745,8.462775791310108,20.331655080207263,-1.4614408353976187,0.2756505271139348,0.0
158.21434070090035,8.055370675805003,20.215972512850968,-1.4770417342689295,0.2962808228434445,2.368340755276595e-14
158.36792994621752,7.647980005233126,20.10096888847036,-1.4926698752410639,0.31711395320753694,-2.1051917824680846e-14
158.52140585835738,7.240602265775136,19.986655309293724,-1.5083245298259635,0.3381447960003451,-2.8420089063319142e-14
158.67477267650128,6.833235958331036,19.873042877549345,-1.5240049998025327,0.3593682248590187,-5.262979456170211e-16
158.82803461422495,6.425879597543126,19.760142695465525,-1.5397106162400487,0.38077910960255146,-2.5262301389617013e-14
158.98119586052817,6.018531710812665,19.647965865270553,-1.5554407385162627,0.4023723165662486,1.5262640422893612e-14
159.13426058084292,5.611190837312178,19.536523489192735,-1.5711947533304338,0.4241427089319658,2.6314897280851058e-15
159.2872329180216,5.2038555269922036,19.425826669460353,-1.5869720737115511,0.4460851470542349,1.4210044531659571e-14
159.44011699330608,4.7965243395844155,19.315886508301716,-1.6027721380219864,0.4681944887824,1.3683746586042549e-14
159.5929169072789,4.3891958435998815,19.206714107945114,-1.6185944089568483,0.4904655897788952,-4.73668151055319e-15
159.74563674079698,3.9818686153244327,19.098320570618835,-1.6344383725392806,0.5128933038337855,2.6841195226468077e-14
159.89828055590996,3.574541237809863,18.990716998551175,-1.650303537111972,0.5354724831757042,-2.8946387008936165e-14
160.0508523967625,3.1672122998629697,18.88391449397043,-1.6661894323251405,0.558197978779315,3.631455824757446e-14
160.20335629048336,2.75988039503113,18.7779241591049,-1.682095608121249,0.5810646406694289,2.7367493172085098e-14
160.3557962480604,2.352544120586374,18.672757096182874,-1.6980216337167247,0.6040673182219184,4.73668151055319e-15
160.50817626520347,1.9452020765070135,18.56842440743266,-1.713967096580947,0.6272008604615471,3.8946047975659563e-14
160.66050032319617,1.5378528644577503,18.46493719508253,-1.72993160141277,0.650460116356868,1.5525789395702124e-14
160.8127723897362,1.130495086768771,18.36230656136079,-1.7459147691148509,0.6738399351123078,1.7367832205361697e-14
160.9649964197664,0.7231273454139836,18.260543608495738,-1.7619162357660654,0.697335166457588,3.447251543791488e-14
161.11717635629677,0.31574824098852156,18.159659438715664,-1.7779356515922689,0.720940660934615,2.730170592888297e-14
161.26931613121818,-0.09164362831391536,18.059665154248872,-1.7939726799356868,0.7446512701819669,4.1347282352537223e-14
161.4214196661089,-0.49904966772331666,17.96057185732365,-1.810026996223213,0.7684618472171312,1.7959917394180847e-14
161.57349087303436,-0.9064712869150553,17.86239065016829,-1.826098286933882,0.7923672467166123,9.604937507510635e-15
161.7255336553413,-1.3139099010310633,17.76513263501109,-1.8421862485658111,0.8163623252940588,-1.920987501502127e-14
161.877551908447,-1.7213669316993974,17.668808914080333,-1.858290586602873,0.8404419417765336,0.0
162.02954952062416,-2.1288438080523706,17.57343058960433,-1.8744110144813908,0.8646009574790761,2.2630811661531907e-14
162.18153037378235,-2.5363419677427315,17.479008763811382,-1.890547252557146,0.8888342364776786,5.262979456170211e-16
162.333498344247,-2.943862857957543,17.38555453892976,-1.90669902707296,0.9131366458808168,3.210417468263829e-14
162.4854573035362,-3.3514079364294336,17.29307901718778,-1.9228660691271477,0.9375030560996609,3.789345208442552e-14
162.6374111191366,-3.758978672444861,17.201593300813723,-1.9390481136431363,0.961928341117104,-2.4209705498382972e-14
162.7893636552787,-4.166576547849045,17.111108492035886,-1.9552448983405146,0.9864073787557327,-7.368171238638296e-15
162.94131877371265,-4.574203058047218,17.021635693082573,-1.9714561627078098,1.010935050944862,-7.368171238638296e-15
163.09328033448526,-4.981859713001852,16.933186006182062,-1.9876816469772975,1.035506243986775,-1.473634247727659e-14
163.24525219671847,-5.389548038225492,16.845770533562668,-2.0039210911020913,1.060115848822268,1.2631150694808506e-14
163.3972382193911,-5.79726957576889,16.759400377452668,-2.020174233735852,1.0847587612956389,-1.6841534259744676e-14
163.5492422621233,-6.205025885204055,16.674086640080365,-2.036440811215363,1.1094298824192304,1.7894130150978717e-14
163.7012681859657,-6.612818544601862,16.58984042367406,-2.052720556546295,1.1341241186376347,1.0525958912340423e-14
163.85331985419316,-7.020649151503955,16.506672830462037,-2.069013198392435,1.1588363820916912,2.315710960714893e-14
164.0054011331045,-7.428519323888456,16.424594962672593,-2.0853184600686756,1.1835615908823598,2.315710960714893e-14
164.15751589282837,-7.836430701129269,16.34361792253403,-2.1016360585380616,1.2082946693345944,2.1051917824680845e-15
164.30966800813678,-8.244384944948576,16.263752812274635,-2.117965703413191,1.2330305482613095,-2.315710960714893e-14
164.4618613592663,-8.652383740362142,16.185010734122702,-2.1343070959622517,1.2577641652275398,-1.6841534259744676e-14
164.61409983274865,-9.06042879661714,16.107402790306534,-2.150659928120008,1.2824904648148778,-4.210383564936169e-15
164.76638732225047,-9.468521848122153,16.030940083054418,-2.1670238815040204,1.307204398886296,3.9998643866893604e-14
164.9187277294241,-9.876664655368907,15.955633714594649,-2.1833986264364027,1.3319009268514133,2.1051917824680846e-14
165.07112496476933,-10.284859005845561,15.88149478715553,-2.1997838209714087,1.3565750159323078,3.157787673702127e-14
165.22358294850793,-10.693106714941004,15.808534402965346,-2.216179109929159,1.3812216414299374,-8.420767129872338e-15
165.3761056114706,-11.101409626840015,15.7367636642524,-2.2325841239357835,1.405835786991238,4.631421921429786e-14
165.5286968959989,-11.509769615408768,15.666193673244974,-2.2489984784703134,1.4304124448769722,-2.5262301389617013e-14
165.68136075686115,-11.918188585070416,15.596835532171376,-2.2654217729185824,1.4549466162303695,1.2631150694808506e-14
165.83410116218502,-12.326668471670466,15.5287003432599,-2.2818535896344807,1.4794333113466314,8.420767129872338e-15
165.9869220944065,-12.735211243331458,15.461799208738835,-2.2982934930088326,1.5038675499433312,1.2631150694808506e-14
166.139827551237,-13.143818901296692,15.396143230836474,-2.3147410285462056,1.528244361431754,-1.2631150694808506e-14
166.29282154664898,-13.552493480762656,15.33174351178112,-2.3311957219499635,1.5525587851892095,3.368306851948935e-14
166.445908111882,-13.961237051699822,15.268611153801059,-2.34765707821586,1.5768058708323458,-1.2631150694808506e-14
166.5990912964691,-14.370051719661358,15.206757259124593,-2.364124580734472,1.6009806784914788,3.789345208442552e-14
166.7523751692859,-14.778939626579556,15.146192929980012,-2.38059769040279,1.6250782790859535,-2.947268495455318e-14
166.90576381962222,-15.187902951549528,15.086929268595615,-2.397075844745248,1.649093754600545,-1.6841534259744676e-14
