galstreams/tracks/track.ep.Phoenix.balbinot2016.ecsv
# %ECSV 0.9
# ---
# datatype:
# - {name: ra, unit: deg, datatype: float64}
# - {name: dec, unit: deg, datatype: float64}
# - {name: distance, unit: kpc, datatype: float64}
# - {name: pm_ra_cosdec, unit: mas / yr, datatype: float64}
# - {name: pm_dec, unit: mas / yr, datatype: float64}
# - {name: radial_velocity, unit: km / s, datatype: float64}
# delimiter: ','
# meta: !!omap
# - __serialized_columns__:
#     dec:
#       __class__: astropy.coordinates.angles.Latitude
#       unit: &id001 !astropy.units.Unit {unit: deg}
#       value: !astropy.table.SerializedColumn {name: dec}
#     distance:
#       __class__: astropy.coordinates.distances.Distance
#       unit: !astropy.units.Unit {unit: kpc}
#       value: !astropy.table.SerializedColumn {name: distance}
#     pm_dec:
#       __class__: astropy.units.quantity.Quantity
#       unit: !astropy.units.Unit {unit: mas / yr}
#       value: !astropy.table.SerializedColumn {name: pm_dec}
#     pm_ra_cosdec:
#       __class__: astropy.units.quantity.Quantity
#       unit: !astropy.units.Unit {unit: mas / yr}
#       value: !astropy.table.SerializedColumn {name: pm_ra_cosdec}
#     ra:
#       __class__: astropy.coordinates.angles.Longitude
#       unit: *id001
#       value: !astropy.table.SerializedColumn {name: ra}
#       wrap_angle: !astropy.coordinates.Angle
#         unit: *id001
#         value: 360.0
#     radial_velocity:
#       __class__: astropy.units.quantity.Quantity
#       unit: !astropy.units.Unit {unit: km / s}
#       value: !astropy.table.SerializedColumn {name: radial_velocity}
# schema: astropy-2.0
ra,dec,distance,pm_ra_cosdec,pm_dec,radial_velocity
20.00000000000001,-56.999999999999986,17.5,0.0,0.0,0.0
20.045861810378607,-56.94091502843995,17.5,0.0,0.0,0.0
20.091578505809778,-56.88181332667253,17.499999999999996,0.0,0.0,0.0
20.137150830118784,-56.822694985151095,17.5,0.0,0.0,0.0
20.182579522449306,-56.7635600937133,17.499999999999996,0.0,0.0,0.0
20.22786531729753,-56.70440874158606,17.5,0.0,0.0,0.0
20.273008944545744,-56.645241017390724,17.5,0.0,0.0,0.0
20.318011129496195,-56.586057009147694,17.5,0.0,0.0,0.0
20.36287259290414,-56.526856804281536,17.5,0.0,0.0,0.0
20.407594051010907,-56.467640489625744,17.499999999999996,0.0,0.0,0.0
20.452176215576685,-56.408408151427544,17.499999999999996,0.0,0.0,0.0
20.496619793913,-56.34915987535265,17.499999999999996,0.0,0.0,0.0
20.540925488915036,-56.289895746489904,17.5,0.0,0.0,0.0
20.5850939990935,-56.2306158493562,17.499999999999996,0.0,0.0,0.0
20.629126018606556,-56.17132026790067,17.5,0.0,0.0,0.0
20.67302223729129,-56.11200908550963,17.499999999999996,0.0,0.0,0.0
20.71678334069489,-56.05268238501095,17.5,0.0,0.0,0.0
20.760410010105794,-55.99334024867859,17.5,0.0,0.0,0.0
20.803902922584406,-55.93398275823705,17.499999999999996,0.0,0.0,0.0
20.847262750993682,-55.87460999486579,17.499999999999996,0.0,0.0,0.0
20.890490164029465,-55.81522203920351,17.499999999999996,0.0,0.0,0.0
20.933585826250425,-55.75581897135277,17.5,0.0,0.0,0.0
20.97655039810811,-55.6964008708839,17.5,0.0,0.0,0.0
21.01938453597645,-55.63696781683947,17.499999999999996,0.0,0.0,0.0
21.062088892181123,-55.57751988773852,17.499999999999996,0.0,0.0,0.0
21.104664115028765,-55.51805716158062,17.5,0.0,0.0,0.0
21.14711084883587,-55.45857971585012,17.5,0.0,0.0,0.0
21.189429733957493,-55.3990876275202,17.499999999999996,0.0,0.0,0.0
21.2316214068158,-55.33958097305689,17.499999999999996,0.0,0.0,0.0
21.27368649992815,-55.28005982842328,17.499999999999993,0.0,0.0,0.0
21.31562564193536,-55.22052426908326,17.499999999999996,0.0,0.0,0.0
21.357439457629397,-55.160974370005626,17.5,0.0,0.0,0.0
21.399128567981023,-55.101410205667946,17.499999999999996,0.0,0.0,0.0
21.440693590167168,-55.041831850060504,17.5,0.0,0.0,0.0
21.482135137598135,-54.98223937669008,17.499999999999996,0.0,0.0,0.0
21.523453819944578,-54.92263285858375,17.5,0.0,0.0,0.0
21.56465024316414,-54.86301236829286,17.5,0.0,0.0,0.0
21.605725009528214,-54.80337797789646,17.499999999999996,0.0,0.0,0.0
21.646678717648125,-54.74372975900523,17.499999999999996,0.0,0.0,0.0
21.687511962501343,-54.68406778276509,17.499999999999996,0.0,0.0,0.0
21.728225335457378,-54.62439211986088,17.5,0.0,0.0,0.0
21.768819424303548,-54.56470284051992,17.499999999999996,0.0,0.0,0.0
21.80929481327049,-54.50500001451565,17.5,0.0,0.0,0.0
21.849652083057553,-54.44528371117108,17.5,0.0,0.0,0.0
21.889891810857765,-54.38555399936251,17.499999999999996,0.0,0.0,0.0
21.930014570383022,-54.32581094752274,17.5,0.0,0.0,0.0
21.970020931888676,-54.26605462364475,17.5,0.0,0.0,0.0
22.00991146219813,-54.206285095284976,17.5,0.0,0.0,0.0
22.04968672472721,-54.14650242956678,17.499999999999996,0.0,0.0,0.0
22.089347279508328,-54.08670669318381,17.5,0.0,0.0,0.0
22.12889368321454,-54.02689795240326,17.499999999999996,0.0,0.0,0.0
22.168326489183155,-53.96707627306937,17.5,0.0,0.0,0.0
22.2076462474396,-53.90724172060639,17.5,0.0,0.0,0.0
22.24685350472072,-53.8473943600221,17.499999999999996,0.0,0.0,0.0
22.28594880449803,-53.78753425591086,17.499999999999996,0.0,0.0,0.0
22.324932687000818,-53.72766147245691,17.499999999999996,0.0,0.0,0.0
22.36380568923901,-53.667776073437395,17.499999999999996,0.0,0.0,0.0
22.402568345025912,-53.60787812222565,17.499999999999996,0.0,0.0,0.0
22.441221185000753,-53.547967681794134,17.499999999999996,0.0,0.0,0.0
22.47976473665095,-53.488044814717774,17.499999999999996,0.0,0.0,0.0
22.51819952433445,-53.428109583176685,17.5,0.0,0.0,0.0
22.55652606930164,-53.36816204895938,17.5,0.0,0.0,0.0
22.594744889717255,-53.30820227346575,17.499999999999996,0.0,0.0,0.0
22.63285650068199,-53.24823031771003,17.5,0.0,0.0,0.0
22.67086141425406,-53.188246242323686,17.499999999999996,0.0,0.0,0.0
22.708760139470552,-53.12825010755836,17.5,0.0,0.0,0.0
22.746553182368476,-53.0682419732889,17.499999999999996,0.0,0.0,0.0
22.78424104600597,-53.008221899015965,17.499999999999996,0.0,0.0,0.0
22.821824230483035,-52.94818994386908,17.499999999999996,0.0,0.0,0.0
22.859303232962205,-52.88814616660933,17.5,0.0,0.0,0.0
22.896678547689163,-52.82809062563222,17.5,0.0,0.0,0.0
22.933950666013025,-52.76802337897044,17.499999999999996,0.0,0.0,0.0
22.971120076406585,-52.70794448429653,17.5,0.0,0.0,0.0
23.008187264486406,-52.64785399892567,17.5,0.0,0.0,0.0
23.045152713032596,-52.58775197981849,17.5,0.0,0.0,0.0
23.08201690200872,-52.52763848358348,17.499999999999996,0.0,0.0,0.0
23.118780308581297,-52.46751356647981,17.499999999999996,0.0,0.0,0.0
23.15544340713923,-52.40737728441992,17.499999999999996,0.0,0.0,0.0
23.192006669313162,-52.34722969297216,17.499999999999996,0.0,0.0,0.0
23.228470563994563,-52.2870708473633,17.499999999999996,0.0,0.0,0.0
23.264835557354775,-52.22690080248111,17.5,0.0,0.0,0.0
23.301102112863738,-52.16671961287704,17.499999999999996,0.0,0.0,0.0
23.33727069130888,-52.106527332768465,17.499999999999996,0.0,0.0,0.0
23.37334175081355,-52.04632401604138,17.5,0.0,0.0,0.0
23.409315746855466,-51.98610971625282,17.5,0.0,0.0,0.0
23.445193132284984,-51.92588448663331,17.5,0.0,0.0,0.0
23.480974357343232,-51.86564838008924,17.5,0.0,0.0,0.0
23.516659869680115,-51.805401449205384,17.5,0.0,0.0,0.0
23.55225011437219,-51.74514374624716,17.499999999999996,0.0,0.0,0.0
23.58774553394025,-51.6848753231632,17.499999999999996,0.0,0.0,0.0
23.62314656836712,-51.62459623158741,17.499999999999993,0.0,0.0,0.0
23.658453655114972,-51.56430652284155,17.499999999999996,0.0,0.0,0.0
23.69366722914263,-51.50400624793737,17.499999999999996,0.0,0.0,0.0
23.728787722922807,-51.443695457579025,17.5,0.0,0.0,0.0
23.76381556645912,-51.38337420216527,17.5,0.0,0.0,0.0
23.798751187303008,-51.323042531791714,17.5,0.0,0.0,0.0
23.833595010570562,-51.262700496253025,17.499999999999996,0.0,0.0,0.0
23.868347458959057,-51.202348145045335,17.499999999999996,0.0,0.0,0.0
23.903008952763663,-51.141985527368114,17.5,0.0,0.0,0.0
23.937579909893724,-51.081612692126576,17.5,0.0,0.0,0.0
23.97206074588909,-51.02122968793371,17.499999999999996,0.0,0.0,0.0
24.006451873936236,-50.960836563112544,17.5,0.0,0.0,0.0
24.040753704884317,-50.900433365698156,17.499999999999996,0.0,0.0,0.0
24.07496664726109,-50.84002014343981,17.499999999999996,0.0,0.0,0.0
24.109091107288656,-50.77959694380303,17.5,0.0,0.0,0.0
24.14312748889918,-50.71916381397169,17.5,0.0,0.0,0.0
24.177076193750395,-50.65872080085006,17.5,0.0,0.0,0.0
24.21093762124106,-50.59826795106479,17.5,0.0,0.0,0.0
24.244712168526256,-50.537805310966995,17.499999999999996,0.0,0.0,0.0
24.278400230532586,-50.4773329266342,17.499999999999996,0.0,0.0,0.0
24.31200219997325,-50.41685084387232,17.499999999999996,0.0,0.0,0.0
24.34551846736302,-50.35635910821768,17.499999999999996,0.0,0.0,0.0
24.378949421033074,-50.295857764938894,17.5,0.0,0.0,0.0
24.412295447145752,-50.23534685903884,17.5,0.0,0.0,0.0
24.445556929709156,-50.17482643525655,17.499999999999996,0.0,0.0,0.0
24.478734250591685,-50.114296538069134,17.5,0.0,0.0,0.0
24.511827789536465,-50.05375721169364,17.5,0.0,0.0,0.0
24.544837924175567,-49.993208500088926,17.499999999999996,0.0,0.0,0.0
24.577765030044283,-49.932650446957545,17.499999999999996,0.0,0.0,0.0
24.610609480595137,-49.87208309574751,17.5,0.0,0.0,0.0
24.643371647211907,-49.81150648965422,17.5,0.0,0.0,0.0
24.67605189922346,-49.75092067162214,17.499999999999996,0.0,0.0,0.0
24.708650603917516,-49.69032568434672,17.499999999999996,0.0,0.0,0.0
24.741168126554342,-49.62972157027607,17.5,0.0,0.0,0.0
24.773604830380258,-49.569108371612764,17.499999999999996,0.0,0.0,0.0
24.805961076641136,-49.50848613031563,17.499999999999996,0.0,0.0,0.0
24.838237224595712,-49.44785488810138,17.499999999999996,0.0,0.0,0.0
24.87043363152886,-49.38721468644645,17.5,0.0,0.0,0.0
24.902550652764752,-49.326565566588584,17.499999999999996,0.0,0.0,0.0
24.934588641679873,-49.26590756952863,17.499999999999996,0.0,0.0,0.0
24.96654794971603,-49.205240736032145,17.5,0.0,0.0,0.0
24.998428926393146,-49.14456510663109,17.499999999999996,0.0,0.0,0.0
25.030231919322073,-49.08388072162548,17.499999999999996,0.0,0.0,0.0
25.06195727421723,-49.02318762108504,17.499999999999996,0.0,0.0,0.0
25.093605334909178,-48.96248584485073,17.5,0.0,0.0,0.0
25.125176443357102,-48.901775432536496,17.499999999999996,0.0,0.0,0.0
25.156670939661176,-48.84105642353075,17.499999999999996,0.0,0.0,0.0
25.188089162074878,-48.78032885699805,17.5,0.0,0.0,0.0
25.219431447017147,-48.71959277188055,17.5,0.0,0.0,0.0
25.25069812908454,-48.65884820689969,17.5,0.0,0.0,0.0
25.281889541063197,-48.59809520055766,17.499999999999996,0.0,0.0,0.0
25.313006013940807,-48.537333791138934,17.5,0.0,0.0,0.0
25.34404787691843,-48.47656401671183,17.499999999999996,0.0,0.0,0.0
25.375015457422215,-48.41578591512997,17.5,0.0,0.0,0.0
25.40590908111514,-48.354999524033836,17.499999999999996,0.0,0.0,0.0
25.43672907190848,-48.29420488085217,17.499999999999996,0.0,0.0,0.0
25.46747575197338,-48.233402022803546,17.5,0.0,0.0,0.0
25.498149441752236,-48.172590986897724,17.499999999999996,0.0,0.0,0.0
25.528750459969984,-48.11177180993721,17.5,0.0,0.0,0.0
25.55927912364535,-48.050944528518585,17.499999999999996,0.0,0.0,0.0
25.589735748102015,-47.99010917903398,17.5,0.0,0.0,0.0
25.62012064697969,-47.92926579767253,17.5,0.0,0.0,0.0
25.65043413224504,-47.86841442042167,17.5,0.0,0.0,0.0
25.68067651420267,-47.80755508306866,17.5,0.0,0.0,0.0
25.71084810150588,-47.74668782120181,17.5,0.0,0.0,0.0
25.740949201167464,-47.68581267021204,17.499999999999996,0.0,0.0,0.0
25.77098011857032,-47.624929665294005,17.5,0.0,0.0,0.0
25.800941157478093,-47.56403884144766,17.5,0.0,0.0,0.0
25.830832620045623,-47.50314023347947,17.499999999999996,0.0,0.0,0.0
25.860654806829416,-47.44223387600376,17.5,0.0,0.0,0.0
25.890408016797995,-47.38131980344405,17.499999999999996,0.0,0.0,0.0
25.920092547342147,-47.32039805003434,17.499999999999996,0.0,0.0,0.0
25.949708694285153,-47.25946864982041,17.499999999999996,0.0,0.0,0.0
25.979256751892894,-47.19853163666112,17.499999999999996,0.0,0.0,0.0
26.008737012883934,-47.13758704422964,17.499999999999996,0.0,0.0,0.0
26.038149768439446,-47.07663490601478,17.499999999999996,0.0,0.0,0.0
26.067495308213168,-47.01567525532217,17.499999999999996,0.0,0.0,0.0
26.096773920341207,-46.954708125275566,17.499999999999996,0.0,0.0,0.0
26.125985891451794,-46.89373354881803,17.499999999999996,0.0,0.0,0.0
26.155131506675,-46.832751558713205,17.499999999999996,0.0,0.0,0.0
26.184211049652333,-46.7717621875465,17.499999999999996,0.0,0.0,0.0
26.213224802546268,-46.71076546772631,17.499999999999996,0.0,0.0,0.0
26.242173046049786,-46.64976143148519,17.499999999999996,0.0,0.0,0.0
26.271056059395693,-46.58875011088104,17.5,0.0,0.0,0.0
26.299874120366052,-46.527731537798324,17.5,0.0,0.0,0.0
26.32862750530139,-46.4667057439492,17.499999999999996,0.0,0.0,0.0
26.357316489109905,-46.40567276087468,17.5,0.0,0.0,0.0
26.38594134527666,-46.3446326199458,17.499999999999996,0.0,0.0,0.0
26.414502345872595,-46.28358535236475,17.499999999999996,0.0,0.0,0.0
26.442999761563538,-46.22253098916599,17.5,0.0,0.0,0.0
26.47143386161919,-46.16146956121737,17.499999999999996,0.0,0.0,0.0
26.49980491392194,-46.10040109922132,17.499999999999996,0.0,0.0,0.0
26.528113184975723,-46.03932563371586,17.5,0.0,0.0,0.0
26.556358939914723,-45.9782431950757,17.499999999999996,0.0,0.0,0.0
26.584542442512106,-45.91715381351342,17.5,0.0,0.0,0.0
26.612663955188594,-45.856057519080466,17.5,0.0,0.0,0.0
26.640723739021066,-45.79495434166824,17.499999999999996,0.0,0.0,0.0
26.668722053750987,-45.73384431100917,17.499999999999996,0.0,0.0,0.0
26.696659157792944,-45.672727456677805,17.499999999999996,0.0,0.0,0.0
26.724535308242935,-45.61160380809176,17.499999999999996,0.0,0.0,0.0
26.75235076088669,-45.550473394512856,17.5,0.0,0.0,0.0
26.780105770207992,-45.48933624504812,17.5,0.0,0.0,0.0
26.807800589396813,-45.42819238865078,17.499999999999996,0.0,0.0,0.0
26.835435470357428,-45.367041854121304,17.499999999999996,0.0,0.0,0.0
26.86301066371657,-45.305884670108405,17.5,0.0,0.0,0.0
26.890526418831385,-45.24472086511004,17.5,0.0,0.0,0.0
26.917982983797426,-45.183550467474404,17.499999999999996,0.0,0.0,0.0
26.945380605456556,-45.122373505400915,17.499999999999996,0.0,0.0,0.0
26.972719529404763,-45.06119000694119,17.499999999999993,0.0,0.0,0.0
27.0,-45.0,17.5,0.0,0.0,0.0
