galstreams/tracks/track.st.GD-1.pricewhelan2018.ecsv
# %ECSV 0.9
# ---
# datatype:
# - {name: ra, unit: deg, datatype: float64}
# - {name: dec, unit: deg, datatype: float64}
# - {name: distance, unit: kpc, datatype: float64}
# - {name: pm_ra_cosdec, unit: mas / yr, datatype: float64}
# - {name: pm_dec, unit: mas / yr, datatype: float64}
# - {name: radial_velocity, unit: km / s, datatype: float64}
# delimiter: ','
# meta: !!omap
# - __serialized_columns__:
#     dec:
#       __class__: astropy.coordinates.angles.Latitude
#       unit: &id001 !astropy.units.Unit {unit: deg}
#       value: !astropy.table.SerializedColumn {name: dec}
#     distance:
#       __class__: astropy.coordinates.distances.Distance
#       unit: !astropy.units.Unit {unit: kpc}
#       value: !astropy.table.SerializedColumn {name: distance}
#     pm_dec:
#       __class__: astropy.units.quantity.Quantity
#       unit: !astropy.units.Unit {unit: mas / yr}
#       value: !astropy.table.SerializedColumn {name: pm_dec}
#     pm_ra_cosdec:
#       __class__: astropy.units.quantity.Quantity
#       unit: !astropy.units.Unit {unit: mas / yr}
#       value: !astropy.table.SerializedColumn {name: pm_ra_cosdec}
#     ra:
#       __class__: astropy.coordinates.angles.Longitude
#       unit: *id001
#       value: !astropy.table.SerializedColumn {name: ra}
#       wrap_angle: !astropy.coordinates.Angle
#         unit: *id001
#         value: 360.0
#     radial_velocity:
#       __class__: astropy.units.quantity.Quantity
#       unit: !astropy.units.Unit {unit: km / s}
#       value: !astropy.table.SerializedColumn {name: radial_velocity}
# schema: astropy-2.0
ra,dec,distance,pm_ra_cosdec,pm_dec,radial_velocity
[from data line 3557]
139.81043452174913,24.250441179980236,7.2869878499865095,-4.186106803742395,-12.548993271192574,3.0146346324942974e-11
139.81595072399674,24.25910044007697,7.2874878894212705,-4.187060639978104,-12.549273403806882,3.011266325642348e-11
139.82146787481616,24.267759385003167,7.2879879288560305,-4.188014452619498,-12.54955283401802,2.991056484530654e-11
139.8269859746281,24.27641801462343,7.288487968290793,-4.18896824158746,-12.549831561771764,2.9944247913826035e-11
139.83250502385334,24.285076328802308,7.288988007725553,-4.189922006803008,-12.550109587013953,2.997793098234553e-11
139.83802502291297,24.29373432740415,7.289488047160316,-4.19087574818729,-12.55038690969048,2.9843198708267566e-11
139.8435459722282,24.302392010293378,7.289988086595076,-4.191829465661586,-12.55066352974729,2.977583257122859e-11
139.8490678722204,24.31104937733416,7.290488126029838,-4.192783159147301,-12.550939447130364,2.9641100297150633e-11
139.85459072331113,24.31970642839073,7.290988165464598,-4.193736828565977,-12.551214661785755,2.957373416011165e-11
139.86011452592223,24.328363163327243,7.291488204899361,-4.194690473839288,-12.551489173659542,2.950636802307267e-11
139.86563928047553,24.33701958200762,7.291988244334123,-4.195644094889031,-12.55176298269788,2.9472684954553187e-11
139.8711649873933,24.345675684295912,7.292488283768883,-4.196597691637151,-12.552036088846961,2.937163574899472e-11
139.87669164709777,24.354331470055882,7.292988323203645,-4.197551264005691,-12.552308492053028,2.9337952680475225e-11
139.88221926001148,24.36298693915138,7.2934883626384055,-4.198504811916865,-12.552580192262376,2.930426961195574e-11
139.88774782655713,24.371642091446134,7.2939884020731665,-4.19945833529299,-12.55285118942135,2.9236903474916756e-11
139.89327734715755,24.380296926803698,7.294488441507928,-4.2004118340565215,-12.553121483476353,2.9068488132319312e-11
139.8988078222358,24.38895144508765,7.294988480942691,-4.2013653081300415,-12.553391074373824,2.91021712008388e-11
139.90433925221518,24.39760564616152,7.29548852037745,-4.202318757436278,-12.553659962060266,2.903480506379982e-11
139.90987163751905,24.4062595298886,7.295988559812213,-4.203272181898071,-12.553928146482225,2.8967438926760843e-11
139.91540497857108,24.414913096132274,7.296488599246975,-4.204225581438395,-12.554195627586301,2.903480506379982e-11
139.920939275795,24.423566344755706,7.296988638681736,-4.205178955980356,-12.554462405319146,2.8866389721202374e-11
139.9264745296149,24.43221927562212,7.297488678116498,-4.206132305447203,-12.554728479627457,2.873165744712442e-11
139.93201074045479,24.440871888594494,7.297988717551258,-4.20708562976229,-12.554993850457997,2.8664291310085438e-11
139.93754790873913,24.449524183535864,7.2984887569860195,-4.208038928849121,-12.555258517757554,2.859692517304646e-11
139.94308603489247,24.458176160309186,7.298988796420782,-4.208992202631323,-12.555522481472979,2.859692517304646e-11
139.94862511933948,24.4668278187772,7.299488835855542,-4.209945451032651,-12.555785741551187,2.8462192898968503e-11
139.95416516250506,24.475479158802695,7.299988875290302,-4.210898673976995,-12.556048297939125,2.8361143693410034e-11
139.95970616481438,24.484130180248393,7.300488914725064,-4.211851871388377,-12.556310150583794,2.8260094487851567e-11
139.96524812669261,24.49278088297678,7.300988954159827,-4.212805043190929,-12.556571299432253,2.8293777556371056e-11
139.97079104856527,24.501431266850428,7.301488993594587,-4.213758189308938,-12.55683174443161,2.8260094487851567e-11
139.9763349308581,24.510081331731794,7.301989033029351,-4.214711309666814,-12.55709148552901,2.8159045282293098e-11
139.98187977399672,24.518731077483153,7.3024890724641125,-4.215664404189082,-12.557350522671673,2.809167914525412e-11
139.98742557840737,24.52738050396686,7.302989111898873,-4.216617472800418,-12.557608855806846,2.799062993969565e-11
139.9929723445161,24.53602961104501,7.303489151333634,-4.217570515425606,-12.55786648488184,2.7956946871176163e-11
139.9985200727494,24.544678398579794,7.3039891907683945,-4.218523531989572,-12.558123409844011,2.7956946871176163e-11
140.00406876353375,24.553326866433157,7.304489230203155,-4.219476522417372,-12.558379630640768,2.7889580734137185e-11
140.009618417296,24.561975014467087,7.30498926963792,-4.220429486634186,-12.558635147219565,2.7855897665617693e-11
140.0151690344631,24.57062284254352,7.305489309072679,-4.2213824245653315,-12.55888995952792,2.7687482323020247e-11
140.02072061546207,24.579270350524126,7.30598934850744,-4.222335336136238,-12.559144067513392,2.7687482323020247e-11
140.02627316072036,24.58791753827067,7.306489387942203,-4.223288221272483,-12.559397471123578,2.762011618598127e-11
140.03182667066545,24.59656440564482,7.306989427376965,-4.224241079899767,-12.559650170306153,2.75190669804228e-11
140.037381145725,24.605210952508035,7.307489466811726,-4.225193911943908,-12.559902165008822,2.7418017774864334e-11
140.0429365863269,24.613857178721872,7.3079895062464875,-4.226146717330871,-12.56015345517935,2.7316968569305864e-11
140.0484929928992,24.622503084147603,7.308489545681249,-4.227099495986734,-12.560404040765542,2.7215919363747398e-11
140.05405036587018,24.63114866864661,7.308989585116009,-4.228052247837714,-12.560653921715266,2.7215919363747398e-11
140.0596087056683,24.639793932080146,7.309489624550771,-4.2290049728101575,-12.560903097976425,2.7215919363747398e-11
140.0651680127221,24.648438874309274,7.309989663985533,-4.229957670830523,-12.561151569496992,2.711487015818893e-11
140.07072828746044,24.657083495195135,7.310489703420294,-4.2309103418254255,-12.561399336224984,2.704750402114995e-11
140.0762895303123,24.66572779459862,7.310989742855058,-4.23186298572158,-12.561646398108453,2.701382095263046e-11
140.0818517417069,24.674371772380713,7.311489782289818,-4.23281560244585,-12.561892755095515,2.6744356404474547e-11
140.0874149220736,24.68301542840222,7.311989821724579,-4.23376819192522,-12.562138407134338,2.6879088678552505e-11
140.09297907184194,24.691658762523833,7.31248986115934,-4.234720754086798,-12.562383354173136,2.6811722541513524e-11
140.09854419144165,24.700301774606245,7.312989900594103,-4.235673288857825,-12.562627596160176,2.6744356404474547e-11
140.10411028130272,24.708944464510083,7.313489940028866,-4.23662579616568,-12.562871133043767,2.6676990267435566e-11
140.10967734185516,24.717586832095733,7.313989979463626,-4.237578275937849,-12.56311396477228,2.660962413039659e-11
140.1152453735294,24.726228877223747,7.314490018898389,-4.2385307281019635,-12.563356091294132,2.650857492483812e-11
140.12081437675585,24.734870599754323,7.31499005833315,-4.239483152585775,-12.563597512557777,2.654225799335761e-11
140.12638435196516,24.743511999547785,7.315490097767912,-4.24043554931716,-12.563838228511749,2.6441208787799142e-11
140.1319552995883,24.752153076464364,7.3159901372026725,-4.241387918224138,-12.564078239104601,2.6306476513721184e-11
140.13752722005623,24.760793830364037,7.3164901766374335,-4.242340259234834,-12.564317544284958,2.6340159582240673e-11
140.14310011380024,24.769434261106923,7.3169902160721945,-4.243292572277524,-12.564556144001484,2.6239110376682207e-11
140.14867398125173,24.778074368552854,7.317490255506956,-4.244244857280588,-12.564794038202894,2.6171744239643226e-11
140.15424882284228,24.786714152561732,7.31799029494172,-4.2451971141725515,-12.565031226837958,2.6205427308162718e-11
140.1598246390038,24.79535361299337,7.318490334376481,-4.246149342882068,-12.565267709855492,2.6138061171123737e-11
140.16540143016817,24.803992749707366,7.318990373811243,-4.247101543337902,-12.56550348720437,2.5902279691487313e-11
140.1709791967676,24.812631562563364,7.3194904132460055,-4.248053715468954,-12.565738558833498,2.586859662296782e-11
140.17655793923447,24.82127005142095,7.319990452680765,-4.249005859204264,-12.565972924691861,2.5801230485928844e-11
140.18213765800127,24.82990821613945,7.320490492115527,-4.249957974472978,-12.56620658472847,2.5733864348889866e-11
140.18771835350086,24.83854605657836,7.320990531550289,-4.250910061204391,-12.566439538892386,2.5666498211850886e-11
140.193300026166,24.847183572596823,7.32149057098505,-4.2518621193279,-12.566671787132734,2.5700181280370374e-11
140.19888267642995,24.855820764054116,7.321990610419813,-4.252814148773053,-12.566903329398686,2.5632815143331397e-11
140.20446630472597,24.864457630809415,7.322490649854574,-4.253766149469515,-12.567134165639455,2.5397033663694973e-11
140.21005091148749,24.873094172721622,7.322990689289335,-4.2547181213470715,-12.567364295804323,2.5397033663694973e-11
140.21563649714827,24.88173038964982,7.323490728724098,-4.255670064335648,-12.56759371984259,2.536335059517548e-11
140.22122306214206,24.89036628145278,7.323990768158859,-4.2566219783652794,-12.567822437703642,2.5295984458136503e-11
140.22681060690303,24.899001847989343,7.324490807593621,-4.257573863366149,-12.568050449336889,2.5228618321097526e-11
140.23239913186538,24.907637089118264,7.324990847028385,-4.258525719268553,-12.568277754691803,2.5127569115539057e-11
140.2379886374635,24.916272004698083,7.325490886463145,-4.259477546002911,-12.568504353717906,2.5093886047019568e-11
140.24357912413205,24.92490659458741,7.325990925897907,-4.26042934349978,-12.568730246364764,2.49928368414611e-11
140.24917059230586,24.933540858644722,7.326490965332669,-4.261381111689843,-12.568955432582005,2.5026519909980587e-11
140.25476304241985,24.94217479672835,7.3269910047674305,-4.262332850503898,-12.569179912319289,2.4790738430344163e-11
140.26035647490926,24.95080840869666,7.327491044202193,-4.263284559872875,-12.56940368552633,2.485810456738314e-11
140.2659508902094,24.959441694407804,7.327991083636953,-4.264236239727836,-12.569626752152923,2.4757055361824675e-11
140.27154628875587,24.96807465371995,7.328491123071715,-4.2651878899999645,-12.56984911214887,2.4723372293305186e-11
140.27714267098446,24.976707286491212,7.328991162506478,-4.266139510620572,-12.57007076546404,2.4656006156266205e-11
140.28274003733102,24.98533959257948,7.329491201941239,-4.26709110152109,-12.570291712048357,2.4588640019227228e-11
140.28833838823175,24.993971571842724,7.329991241376002,-4.268042662633086,-12.570511951851788,2.455495695070774e-11
140.2939377241229,25.002603224138685,7.330491280810763,-4.268994193888244,-12.570731484824362,2.442022467662978e-11
140.29953804544098,25.011234549325128,7.330991320245525,-4.269945695218375,-12.570950310916142,2.442022467662978e-11
140.30513935262275,25.019865547259744,7.331491359680286,-4.270897166555431,-12.571168430077245,2.4319175471071312e-11
140.31074164610496,25.02849621780002,7.331991399115047,-4.271848607831464,-12.571385842257843,2.4251809334032334e-11
140.31634492632477,25.037126560803472,7.332491438549809,-4.272800018978674,-12.571602547408162,2.4285492402551823e-11
140.32194919371946,25.045756576127562,7.3329914779845735,-4.273751399929379,-12.571818545478457,2.4150760128473865e-11
140.3275544487264,25.054386263629517,7.3334915174193345,-4.274702750616012,-12.572033836419063,2.4150760128473865e-11
140.3331606917833,25.063015623166667,7.333991556854096,-4.275654070971156,-12.572248420180346,2.3982344785876418e-11
140.33876792332788,25.071644654596064,7.334491596288857,-4.276605360927492,-12.572462296712724,2.4016027854395907e-11
140.34437614379826,25.080273357774892,7.33499163572362,-4.2775566204178475,-12.572675465966663,2.381392944327897e-11
140.34998535363258,25.088901732560043,7.335491675158382,-4.278507849375158,-12.57288792789268,2.384761251179846e-11
140.35559555326924,25.09752977880847,7.335991714593144,-4.279459047732496,-12.57309968244135,2.381392944327897e-11
140.36120674314682,25.106157496377048,7.3364917540279055,-4.2804102154230685,-12.573310729563293,2.3746563306239994e-11
140.36681892370413,25.11478488512245,7.336991793462667,-4.28136135238018,-12.573521069209175,2.3611831032162036e-11
140.37243209538005,25.12341194490135,7.337491832897429,-4.282312458537275,-12.573730701329708,2.3679197169201013e-11
140.37804625861384,25.132038675570403,7.337991872332192,-4.283263533827941,-12.57393962587567,2.3510781826603567e-11
140.38366141384475,25.14066507698601,7.338491911766952,-4.284214578185859,-12.574147842797881,2.334236648400612e-11
140.38927756151227,25.149291149004622,7.338991951201714,-4.285165591544848,-12.5743553520472,2.34097326210451e-11
140.39489470205626,25.157916891482625,7.339491990636476,-4.286116573838863,-12.574562153574547,2.330868341548663e-11
140.40051283591652,25.166542304276174,7.339992030071239,-4.287067525001963,-12.574768247330887,2.330868341548663e-11
140.4061319635332,25.175167387241544,7.340492069505999,-4.2880184449683565,-12.57497363326725,2.3173951141408673e-11
140.41175208534654,25.183792140234715,7.340992108940763,-4.288969333672347,-12.575178311334689,2.3072901935850207e-11
140.41737320179706,25.192416563111777,7.341492148375523,-4.289920191048388,-12.575382281484323,2.303921886733072e-11
140.42299531332537,25.20104065572857,7.341992187810287,-4.290871017031037,-12.575585543667327,2.293816966177225e-11
140.42861842037237,25.209664417940974,7.342492227245049,-4.291821811554998,-12.57578809783491,2.293816966177225e-11
140.4342425233791,25.218287849604792,7.34299226667981,-4.292772574555081,-12.575989943938337,2.290448659325276e-11
140.43986762278683,25.22691095057561,7.343492306114572,-4.293723305966231,-12.576191081928929,2.280343738769429e-11
140.4454937190369,25.23553372070905,7.343992345549334,-4.294674005723509,-12.576391511758047,2.283712045621378e-11
140.45112081257105,25.244156159860687,7.344492384984097,-4.2956246737621155,-12.57659123337711,2.2668705113616333e-11
140.45674890383097,25.252778267885834,7.34499242441886,-4.296575310017349,-12.576790246737577,2.2601338976577356e-11
140.46237799325874,25.261400044639924,7.345492463853621,-4.297525914424661,-12.57698855179097,2.2500289771018886e-11
140.4680080812965,25.27002148997813,7.345992503288383,-4.2984764869196,-12.57718614848885,2.2500289771018886e-11
140.47363916838663,25.278642603755678,7.346492542723145,-4.299427027437862,-12.577383036782829,2.239924056546042e-11
140.47927125497174,25.28726338582769,7.346992582157908,-4.3003775359152545,-12.577579216624567,2.243292363397991e-11
140.48490434149454,25.295883836049104,7.347492621592669,-4.3013280122877084,-12.577774687965785,2.2264508291382462e-11
140.49053842839803,25.30450395427493,7.3479926610274315,-4.30227845649128,-12.57796945075824,2.2264508291382462e-11
140.49617351612528,25.31312374035993,7.3484927004621925,-4.303228868462155,-12.578163504953752,2.2163459085823993e-11
140.50180960511972,25.32174319415888,7.348992739896955,-4.3041792481366326,-12.57835685050417,2.2163459085823993e-11
140.50744669582483,25.330362315526546,7.349492779331716,-4.305129595451149,-12.578549487361414,2.1961360674707057e-11
140.51308478868424,25.338981104317398,7.34999281876648,-4.306079910342242,-12.57874141547744,2.2028726811746038e-11
140.518723884142,25.347599560385998,7.350492858201241,-4.3070301927466,-12.578932634804271,2.192767760618757e-11
140.52436398264211,25.356217683586827,7.350992897636004,-4.307980442601013,-12.579123145293945,2.179294533210961e-11
140.53000508462887,25.36483547377413,7.351492937070767,-4.308930659842403,-12.579312946898591,2.18266284006291e-11
140.5356471905468,25.373452930802273,7.351992976505528,-4.309880844407822,-12.579502039570363,2.1759262263590122e-11
140.54129030084053,25.382070054525332,7.35249301594029,-4.310830996234428,-12.579690423261466,2.1590846920992675e-11
140.5469344159549,25.390686844797454,7.352993055375052,-4.311781115259514,-12.579878097924162,2.1590846920992675e-11
140.552579536335,25.39930330147269,7.3534930948098145,-4.312731201420499,-12.580065063510753,2.1557163852473186e-11
140.55822566242608,25.407919424404877,7.353993134244577,-4.313681254654918,-12.580251319973605,2.1456114646914717e-11
140.56387279467356,25.416535213447954,7.354493173679338,-4.314631274900432,-12.580436867265114,2.1456114646914717e-11
