galstreams/tracks/track.st.GD-1.pricewhelan2018.ecsv
# %ECSV 0.9
# ---
# datatype:
# - {name: ra, unit: deg, datatype: float64}
# - {name: dec, unit: deg, datatype: float64}
# - {name: distance, unit: kpc, datatype: float64}
# - {name: pm_ra_cosdec, unit: mas / yr, datatype: float64}
# - {name: pm_dec, unit: mas / yr, datatype: float64}
# - {name: radial_velocity, unit: km / s, datatype: float64}
# delimiter: ','
# meta: !!omap
# - __serialized_columns__:
#     dec:
#       __class__: astropy.coordinates.angles.Latitude
#       unit: &id001 !astropy.units.Unit {unit: deg}
#       value: !astropy.table.SerializedColumn {name: dec}
#     distance:
#       __class__: astropy.coordinates.distances.Distance
#       unit: !astropy.units.Unit {unit: kpc}
#       value: !astropy.table.SerializedColumn {name: distance}
#     pm_dec:
#       __class__: astropy.units.quantity.Quantity
#       unit: !astropy.units.Unit {unit: mas / yr}
#       value: !astropy.table.SerializedColumn {name: pm_dec}
#     pm_ra_cosdec:
#       __class__: astropy.units.quantity.Quantity
#       unit: !astropy.units.Unit {unit: mas / yr}
#       value: !astropy.table.SerializedColumn {name: pm_ra_cosdec}
#     ra:
#       __class__: astropy.coordinates.angles.Longitude
#       unit: *id001
#       value: !astropy.table.SerializedColumn {name: ra}
#       wrap_angle: !astropy.coordinates.Angle
#         unit: *id001
#         value: 360.0
#     radial_velocity:
#       __class__: astropy.units.quantity.Quantity
#       unit: !astropy.units.Unit {unit: km / s}
#       value: !astropy.table.SerializedColumn {name: radial_velocity}
# schema: astropy-2.0
ra,dec,distance,pm_ra_cosdec,pm_dec,radial_velocity
[from data line 3282]
138.3280472618936,21.857639532592923,7.149477005427416,-3.923216451933971,-12.445503040795229,4.9143596969934964e-11
138.33331793938896,21.866380596249712,7.149977044862176,-3.9241732994017733,-12.44597409702572,4.905938929863624e-11
138.33858945656837,21.875121379066982,7.150477084296934,-3.9251301502266562,-12.446444467716448,4.897518162733752e-11
138.34386181380387,21.88386188092995,7.150977123731696,-3.926087004291101,-12.446914152798946,4.890781549029854e-11
138.34913501146772,21.892602101723913,7.151477163166455,-3.927043861477742,-12.4473831522048,4.8823607818999816e-11
138.3544090499324,21.901342041334118,7.1519772026012145,-3.9280007216693607,-12.447851465865648,4.880676628474007e-11
138.35968392957045,21.910081699645556,7.152477242035975,-3.9289575847488805,-12.448319093713167,4.872255861344135e-11
138.3649596507547,21.91882107654338,7.152977281470735,-3.929914450599376,-12.448786035679102,4.865519247640237e-11
138.37023621385808,21.92756017191246,7.153477320905493,-3.9308713191040705,-12.449252291695252,4.8537301736584154e-11
138.37551361925364,21.936298985637723,7.153977360340253,-3.931828190146334,-12.449717861693452,4.843625253102569e-11
138.38079186731477,21.94503751760404,7.154477399775012,-3.932785063609685,-12.450182745605607,4.845309406528543e-11
138.38607095841482,21.95377576769608,7.154977439209771,-3.9337419393777866,-12.450646943363676,4.84025694625062e-11
138.39135089292748,21.962513735798602,7.155477478644531,-3.934698817334453,-12.451110454899649,4.8217312585649007e-11
138.3966316712265,21.97125142179613,7.15597751807929,-3.9356556973636394,-12.45157328014559,4.818362951712952e-11
138.40191329368582,21.979988825573226,7.15647755751405,-3.9366125793494566,-12.452035419033603,4.811626338009054e-11
138.40719576067968,21.988725947014423,7.15697759694881,-3.937569463176159,-12.452496871495853,4.8015214174532074e-11
138.41247907258227,21.997462786003997,7.157477636383569,-3.9385263487281406,-12.452957637464559,4.7964689571752836e-11
138.41776322976807,22.006199342426314,7.157977675818327,-3.9394832358899583,-12.453417716871984,4.789732343471386e-11
138.42304823261182,22.01493561616567,7.158477715253089,-3.940440124546302,-12.453877109650449,4.784679883193463e-11
138.42833408148823,22.023671607106134,7.158977754687849,-3.9413970145820163,-12.45433581573233,4.7813115763415136e-11
138.43362077677233,22.032407315131913,7.159477794122608,-3.9423539058820873,-12.454793835050046,4.788048190045411e-11
138.43890831883925,22.041142740126958,7.159977833557368,-3.943310798331656,-12.455251167536082,4.764470042081769e-11
138.4441967080643,22.049877881975227,7.160477872992128,-3.9442676918159973,-12.455707813122963,4.7560492749518966e-11
138.44948594482304,22.058612740560676,7.160977912426886,-3.9452245862205446,-12.456163771743281,4.749312661247999e-11
138.45477602949103,22.067347315767016,7.161477951861646,-3.9461814814308727,-12.456619043329665,4.744260200970075e-11
138.46006696244424,22.076081607478088,7.161977991296405,-3.947138377332707,-12.457073627814804,4.734155280414229e-11
138.46535874405853,22.084815615577458,7.162478030731164,-3.948095273811914,-12.457527525131445,4.7274186667103304e-11
138.47065137471014,22.093549339948762,7.162978070165926,-3.949052170754502,-12.457980735212367,4.7257345132843564e-11
138.47594485477546,22.10228278047557,7.1634781096006845,-3.950009068046647,-12.45843325799044,4.717313746154484e-11
138.48123918463097,22.11101593704124,7.163978149035444,-3.950965965574645,-12.458885093398546,4.698788058468765e-11
138.48653436465332,22.11974880952919,7.164478188470204,-3.951922863224957,-12.459336241369641,4.703840518746688e-11
138.49183039521944,22.12848139782279,7.164978227904963,-3.9528797608841866,-12.45978670183673,4.6903672913388925e-11
138.4971272767063,22.137213701805145,7.165478267339723,-3.953836658439068,-12.460236474732863,4.68194652420902e-11
138.50242500949113,22.14594572135953,7.165978306774483,-3.954793555776511,-12.460685559991175,4.671841603653173e-11
138.50772359395128,22.154677456368933,7.166478346209241,-3.9557504527835423,-12.461133957544805,4.673525757079148e-11
138.51302303046432,22.16340890671646,7.166978385644002,-3.9567073493473477,-12.461581667326966,4.6600525296713517e-11
138.51832331940793,22.172140072284936,7.167478425078763,-3.9576642453552635,-12.462028689270936,4.661736683097326e-11
138.52362446116,22.18087095295732,7.167978464513521,-3.9586211406947616,-12.46247502331004,4.6499476091155054e-11
138.52892645609867,22.189601548616405,7.168478503948281,-3.9595780352534717,-12.462920669377631,4.643210995411607e-11
138.53422930460204,22.19833185914485,7.168978543383042,-3.960534928919156,-12.463365627407152,4.638158535133684e-11
138.5395330070486,22.20706188442536,7.169478582817801,-3.961491821579728,-12.463809897332075,4.628053614577837e-11
138.54483756381688,22.21579162434054,7.16997862225256,-3.9624487131232597,-12.464253479085933,4.607843773466144e-11
138.55014297528558,22.22452107877279,7.170478661687318,-3.963405603437935,-12.464696372602301,4.6145803871700414e-11
138.55544924183368,22.2332502476046,7.17097870112208,-3.9643624924121212,-12.465138577814818,4.606159620040169e-11
138.56075636384028,22.24197913071839,7.171478740556838,-3.9653193799343143,-12.465580094657177,4.601107159762245e-11
138.56606434168452,22.25070772799633,7.1719787799915995,-3.9662762658931436,-12.466020923063114,4.5943705460583476e-11
138.571373175746,22.259436039320732,7.1724788194263605,-3.9672331501774125,-12.466461062966417,4.5943705460583476e-11
138.57668286640418,22.268164064573646,7.172978858861118,-3.968190032676041,-12.466900514300947,4.58763393235445e-11
138.58199341403892,22.27689180363723,7.173478898295878,-3.969146913278113,-12.467339277000583,4.5741607049466543e-11
138.58730481903004,22.28561925639338,7.173978937730638,-3.97010379187285,-12.467777350999292,4.5691082446687305e-11
138.59261708175777,22.29434642272408,7.174478977165397,-3.9710606683496215,-12.468214736231069,4.552266710408986e-11
138.59793020260236,22.303073302511198,7.174979016600157,-3.9720175425979383,-12.46865143262996,4.5539508638349605e-11
138.60324418194426,22.311799895636437,7.175479056034917,-3.972974414507456,-12.469087440130092,4.5387934830011904e-11
138.60855902016408,22.320526201981522,7.175979095469677,-3.973931283967981,-12.46952275866561,4.5320568692972926e-11
138.61387471764272,22.329252221428145,7.176479134904436,-3.974888150869466,-12.469957388170737,4.527004409019369e-11
138.619191274761,22.337977953857763,7.1769791743391975,-3.9758450151019953,-12.470391328579733,4.5185836418894965e-11
138.6245086919002,22.34670339915196,7.177479213773957,-3.9768018765558097,-12.470824579826921,4.5135311816115734e-11
138.62982696944155,22.35542855719205,7.177979253208717,-3.97775873512129,-12.471257141846664,4.505110414481701e-11
138.6351461077666,22.364153427859392,7.178479292643476,-3.978715590688967,-12.471689014573393,4.496689647351829e-11
138.64046610725697,22.37287801103531,7.178979332078236,-3.979672443149508,-12.472120197941575,4.489953033647931e-11
138.64578696829452,22.381602306600918,7.179479371512997,-3.9806292923937314,-12.472550691885736,4.489953033647931e-11
138.65110869126127,22.39032631443739,7.179979410947756,-3.9815861383125983,-12.472980496340469,4.4882688802219564e-11
138.65643127653934,22.399050034425702,7.180479450382516,-3.9825429807972084,-12.473409611240397,4.473111499388186e-11
138.66175472451113,22.407773466446873,7.1809794898172745,-3.9834998197388143,-12.473838036520204,4.4630065788323394e-11
138.6670790355592,22.416496610381813,7.181479529252035,-3.9844566550288123,-12.47426577211463,4.4630065788323394e-11
138.67240421006616,22.425219466111276,7.181979568686794,-3.9854134865587363,-12.47469281795847,4.447849197998569e-11
138.67773024841495,22.43394203351606,7.182479608121556,-3.9863703142202676,-12.475119173986554,4.436060124016748e-11
138.6830571509886,22.44266431247687,7.182979647556315,-3.987327137905235,-12.475544840133782,4.436060124016748e-11
138.68838491817024,22.451386302874237,7.183479686991076,-3.988283957505607,-12.475969816335104,4.4276393568868754e-11
138.6937135503434,22.460108004588765,7.183979726425836,-3.989240772913496,-12.476394102525521,4.422586896608952e-11
138.69904304789156,22.468829417500807,7.184479765860596,-3.9901975840211614,-12.476817698640073,4.422586896608952e-11
138.70437341119845,22.47755054149082,7.184979805295354,-3.9911543907210083,-12.47724060461388,4.400692902071284e-11
138.70970464064803,22.486271376439138,7.185479844730114,-3.992111192905578,-12.477662820382086,4.3922721349414115e-11
138.71503673662428,22.4949919222259,7.185979884164873,-3.99306799046756,-12.478084345879907,4.4023770554972584e-11
138.7203696995116,22.503712178731384,7.186479923599633,-3.9940247832997895,-12.478505181042593,4.378798907533616e-11
138.72570352969424,22.512432145835547,7.186979963034394,-3.9949815712952392,-12.478925325805466,4.385535521237514e-11
138.73103822755692,22.52115182341849,7.187480002469153,-3.9959383543470377,-12.479344780103897,4.373746447255692e-11
138.73637379348443,22.529871211360167,7.187980041903913,-3.996895132348438,-12.479763543873291,4.363641526699846e-11
138.74171022786163,22.538590309540353,7.188480081338673,-3.9978519051928565,-12.480181617049134,4.3518524527180244e-11
138.74704753107366,22.54730911783891,7.188980120773434,-3.998808672773839,-12.480598999566931,4.3518524527180244e-11
138.75238570350587,22.55602763613558,7.189480160208194,-3.9997654349850826,-12.48101569136227,4.35016829929205e-11
138.75772474554364,22.564745864309927,7.189980199642953,-4.000722191720419,-12.481431692370773,4.336695071884254e-11
138.76306465757267,22.5734638022416,7.190480239077715,-4.001678942873832,-12.48184700252812,4.340063378736203e-11
138.76840543997878,22.58218144981003,7.190980278512473,-4.002635688339447,-12.482261621770045,4.3265901513284074e-11
138.77374709314788,22.590898806894657,7.191480317947235,-4.003592428011529,-12.482675550032328,4.314801077346586e-11
138.77908961746624,22.599615873374898,7.191980357381993,-4.00454916178449,-12.483088787250807,4.314801077346586e-11
138.7844330133201,22.608332649129935,7.192480396816754,-4.005505889552878,-12.483501333361378,4.296275389660867e-11
138.78977728109604,22.617049134039046,7.192980436251514,-4.0064626112113935,-12.483913188299969,4.289538775956969e-11
138.79512242118068,22.625765327981263,7.1934804756862745,-4.007419326654873,-12.484324352002586,4.284486315679046e-11
138.8004684339609,22.63448123083571,7.1939805151210345,-4.0083760357783,-12.484734824405265,4.277749701975148e-11
138.80581531982375,22.643196842481398,7.194480554555794,-4.009332738476796,-12.485144605444109,4.274381395123199e-11
138.81116307915633,22.65191216279713,7.194980593990553,-4.010289434645623,-12.485553695055264,4.272697241697224e-11
138.81651171234614,22.660627191661813,7.195480633425314,-4.0112461241801975,-12.485962093174935,4.2659606279933264e-11
138.82186121978071,22.66934192895423,7.195980672860073,-4.012202806976075,-12.486369799739377,4.2508032471595563e-11
138.82721160184775,22.67805637455295,7.196480712294835,-4.013159482928939,-12.486776814684891,4.247434940307607e-11
138.83256285893512,22.686770528336716,7.196980751729592,-4.014116151934638,-12.487183137947849,4.239014173177735e-11
138.83791499143092,22.695484390183957,7.197480791164355,-4.015072813889138,-12.487588769464642,4.237330019751761e-11
138.84326799972342,22.70419795997321,7.197980830599113,-4.016029468688577,-12.487993709171752,4.220488485492016e-11
138.848621884201,22.71291123758278,7.198480870033875,-4.016986116229204,-12.488397957005684,4.227225099195914e-11
138.85397664525226,22.72162422289103,7.198980909468635,-4.017942756407433,-12.48880151290301,4.220488485492016e-11
138.85933228326604,22.730336915776235,7.199480948903395,-4.018899389119812,-12.489204376800348,4.210383564936169e-11
138.8646887986312,22.739049316116464,7.199980988338156,-4.019856014263027,-12.489606548634367,4.20701525808422e-11
138.8700461917369,22.747761423789875,7.2004810277729145,-4.020812631733911,-12.490008028341798,4.1935420306764246e-11
138.8754044629724,22.756473238674506,7.200981067207675,-4.021769241429448,-12.49040881585941,4.186805416972527e-11
138.8807636127272,22.765184760648204,7.201481106642436,-4.022725843246744,-12.490808911124041,4.186805416972527e-11
138.88612364139095,22.773895989588897,7.201981146077196,-4.0236824370830595,-12.491208314072564,4.166595575860833e-11
138.89148454935346,22.782606925374406,7.202481185511955,-4.024639022835794,-12.491607024641915,4.163227269008884e-11
138.8968463370047,22.791317567882356,7.202981224946716,-4.025595600402487,-12.492005042769069,4.163227269008884e-11
138.90220900473489,22.800027916990498,7.203481264381476,-4.026552169680833,-12.492402368391078,4.166595575860833e-11
138.90757255293425,22.808737972576303,7.203981303816237,-4.027508730568641,-12.492799001445022,4.1430174278971905e-11
138.91293698199348,22.817447734517348,7.204481343250996,-4.028465282963891,-12.493194941868046,4.1295442004893944e-11
138.9183022923031,22.826157202690972,7.204981382685755,-4.029421826764683,-12.493590189597342,4.126175893637446e-11
138.92366848425408,22.83486637697454,7.205481422120516,-4.030378361869265,-12.493984744570149,4.1228075867854967e-11
138.92903555823744,22.843575257245394,7.205981461555275,-4.031334888176036,-12.494378606723778,4.116070973081599e-11
138.93440351464437,22.852283843380633,7.206481500990036,-4.032291405583521,-12.494771775995574,4.105966052525752e-11
138.93977235386626,22.860992135257405,7.206981540424796,-4.033247913990395,-12.495164252322926,4.1025977456738035e-11
138.94514207629476,22.86970013275282,7.207481579859555,-4.034204413295474,-12.495556035643308,4.095861131969905e-11
138.95051268232152,22.878407835743758,7.2079816192943165,-4.0351609033977125,-12.495947125894206,4.0891245182660073e-11
138.9558841723385,22.887115244107207,7.2084816587290765,-4.036117384196208,-12.496337523013189,4.0823879045621096e-11
138.96125654673776,22.89582235771988,7.208981698163836,-4.0370738555902,-12.496727226937873,4.068914677154314e-11
138.9666298059116,22.904529176458563,7.209481737598599,-4.038030317479058,-12.497116237605901,4.065546370302365e-11
138.9720039502525,22.913235700200023,7.2099817770333585,-4.038986769762316,-12.497504554955004,4.055441449746518e-11
138.977378980153,22.92194192882071,7.210481816468119,-4.039943212339619,-12.497892178922944,4.04870483604262e-11
138.98275489600593,22.93064786219727,7.210981855902879,-4.0408996451107795,-12.498279109447537,4.045336529190671e-11
138.98813169820423,22.939353500206042,7.211481895337639,-4.041856067975736,-12.498665346466648,4.045336529190671e-11
138.99350938714113,22.948058842723462,7.211981934772399,-4.042812480834568,-12.499050889918202,4.0318633017828756e-11
138.9988879632099,22.956763889625854,7.212481974207159,-4.043768883587506,-12.499435739740184,4.0183900743750794e-11
139.00426742680403,22.965468640789357,7.212982013641918,-4.044725276134905,-12.49981989587061,4.015021767523131e-11
139.0096477783172,22.974173096090162,7.21348205307668,-4.045681658377272,-12.500203358247553,4.004916846967284e-11
139.0150290181433,22.982877255404397,7.213982092511441,-4.046638030215256,-12.50058612680915,4.001548540115335e-11
139.02041114667628,22.99158111860795,7.2144821319462,-4.0475943915496355,-12.500968201493587,3.998180233263386e-11
139.02579416431044,23.000284685576855,7.21498217138096,-4.048550742281341,-12.501349582239088,3.9813386990036415e-11
139.03117807144005,23.008987956186843,7.21548221081572,-4.049507082311431,-12.501730268983946,3.9813386990036415e-11
139.03656286845973,23.017690930313748,7.21598225025048,-4.0504634115411156,-12.502110261666495,3.974602085299744e-11
139.04194855576424,23.026393607833302,7.21648228968524,-4.0514197298717445,-12.50248956022513,3.9678654715958454e-11
139.0473351337484,23.035095988621052,7.21698232912,-4.0523760372047954,-12.502868164598283,3.95439224418805e-11
