galstreams/tracks/track.st.LMS-1.yuan2020.ecsv
# %ECSV 0.9
# ---
# datatype:
# - {name: ra, unit: deg, datatype: float64}
# - {name: dec, unit: deg, datatype: float64}
# - {name: distance, unit: kpc, datatype: float64}
# - {name: pm_ra_cosdec, unit: mas / yr, datatype: float64}
# - {name: pm_dec, unit: mas / yr, datatype: float64}
# - {name: radial_velocity, unit: km / s, datatype: float64}
# delimiter: ','
# meta: !!omap
# - __serialized_columns__:
#     dec:
#       __class__: astropy.coordinates.angles.Latitude
#       unit: &id001 !astropy.units.Unit {unit: deg}
#       value: !astropy.table.SerializedColumn {name: dec}
#     distance:
#       __class__: astropy.coordinates.distances.Distance
#       unit: !astropy.units.Unit {unit: kpc}
#       value: !astropy.table.SerializedColumn {name: distance}
#     pm_dec:
#       __class__: astropy.units.quantity.Quantity
#       unit: !astropy.units.Unit {unit: mas / yr}
#       value: !astropy.table.SerializedColumn {name: pm_dec}
#     pm_ra_cosdec:
#       __class__: astropy.units.quantity.Quantity
#       unit: !astropy.units.Unit {unit: mas / yr}
#       value: !astropy.table.SerializedColumn {name: pm_ra_cosdec}
#     ra:
#       __class__: astropy.coordinates.angles.Longitude
#       unit: *id001
#       value: !astropy.table.SerializedColumn {name: ra}
#       wrap_angle: !astropy.coordinates.Angle
#         unit: *id001
#         value: 360.0
#     radial_velocity:
#       __class__: astropy.units.quantity.Quantity
#       unit: !astropy.units.Unit {unit: km / s}
#       value: !astropy.table.SerializedColumn {name: radial_velocity}
# schema: astropy-2.0
ra,dec,distance,pm_ra_cosdec,pm_dec,radial_velocity
[from data line 13554]
285.23339727947587,14.637202454195094,18.691111797192946,1.0157474219615743,-3.0531558709400275,-197.25767880064177
285.2423990617549,14.631278364763595,18.691405770338555,1.0157158853473844,-3.053680504294643,-197.2584587163897
285.2513999857929,14.625353738742417,18.69169966017866,1.0156842897867153,-3.0542051416257747,-197.25922118342075
285.2604000518036,14.619428576740022,18.69199346649267,1.015652635346238,-3.054729782865277,-197.2599661950522
285.2693992600006,14.61350287936499,18.692287189059844,1.015620922092685,-3.0552544279449863,-197.2606937445995
285.2783976105982,14.60757664722588,18.692580827659324,1.015589150092847,-3.0557790767967385,-197.26140382537537
285.28739510381035,14.60164988093138,18.69287438207013,1.0155573194135754,-3.0563037293523547,-197.26209643069058
285.29639173985163,14.59572258109014,18.693167852071156,1.0155254301217784,-3.0568283855436555,-197.26277155385387
285.3053875189365,14.58979474831092,18.693461237441156,1.0154934822844226,-3.057353045302447,-197.2634291881712
285.3143824412798,14.583866383202544,18.693754537958785,1.0154614759685365,-3.057877708560526,-197.26406932694672
285.3233765070965,14.57793748637382,18.694047753402547,1.0154294112412081,-3.0584023752496896,-197.2646919634824
285.33236971660176,14.572008058433687,18.694340883550836,1.0153972881695783,-3.058927045301714,-197.2652970910776
285.341362070011,14.566078099991062,18.694633928181908,1.015365106820856,-3.0594517186483823,-197.26588470302983
285.3503535675397,14.560147611654948,18.69492688707391,1.0153328672623045,-3.0599763952214567,-197.26645479263397
285.3593442094036,14.554216594034417,18.695219760004843,1.0153005695612447,-3.060501074952695,-197.2670073531832
285.3683339958187,14.548285047738537,18.6955125467526,1.01526821378506,-3.0610257577738493,-197.26754237796794
285.37732292700105,14.542352973376492,18.695805247094935,1.0152358000011907,-3.061550443616662,-197.26805986027668
285.38631100316707,14.536420371557446,18.696097860809488,1.0152033282771389,-3.062075132412867,-197.2685597933955
285.39529822453324,14.530487242890693,18.69639038767376,1.0151707986804626,-3.0625998240941894,-197.26904217060846
285.4042845913162,14.52455358798549,18.696682827465136,1.015138211278783,-3.0631245185923484,-197.2695069851971
285.4132701037329,14.518619407451208,18.696975179960873,1.0151055661397745,-3.063649215839053,-197.2699542304411
285.4222547620005,14.512684701897266,18.697267444938095,1.015072863331179,-3.064173915766004,-197.27038389961743
285.43123856633616,14.506749471933086,18.697559622173817,1.0150401029207907,-3.064698618304894,-197.27079598600125
285.4402215169574,14.500813718168194,18.6978517114449,1.0150072849764686,-3.065223323387411,-197.27119048286514
285.44920361408197,14.494877441212124,18.69814371252811,1.0149744095661262,-3.0657480309452296,-197.2715673834798
285.4581848579277,14.48894064167448,18.69843562520007,1.014941476757737,-3.0662727409100192,-197.27192668111343
285.4671652487125,14.483003320164936,18.69872744923727,1.0149084866193387,-3.066797453213438,-197.27226836903196
285.47614478665474,14.477065477293154,18.6990191844161,1.0148754392190222,-3.067322167787144,-197.27259244049918
285.4851234719729,14.471127113668928,18.69931083051279,1.0148423346249429,-3.0678468845627767,-197.27289888877678
285.4941013048855,14.465188229902024,18.699602387303464,1.0148091729053115,-3.0683716034719772,-197.2731877071238
285.50307828561137,14.459248826602328,18.699893854564127,1.014775954128401,-3.0688963244463685,-197.27345888879768
285.51205441436963,14.453308904379687,18.700185232070638,1.014742678362543,-3.0694210474175745,-197.27371242705294
285.5210296913794,14.447368463844093,18.700476519598745,1.0147093456761291,-3.0699457723172063,-197.2739483151423
285.5300041168601,14.441427505605564,18.700767716924062,1.0146759561376089,-3.0704704990768654,-197.27416654631594
285.5389776910312,14.435486030274102,18.701058823822077,1.014642509815491,-3.070995227628152,-197.27436711382214
285.5479504141127,14.42954403845984,18.701349840068147,1.0146090067783478,-3.0715199579026518,-197.27455001090655
285.5569222863244,14.423601530772896,18.701640765437524,1.0145754470948058,-3.0720446898319445,-197.27471523081297
285.56589330788654,14.417658507823496,18.70193159970531,1.0145418308335554,-3.0725694233476015,-197.27486276678255
285.57486347901937,14.411714970221889,18.702222342646486,1.0145081580633444,-3.0730941583811866,-197.27499261205463
285.5838327999436,14.405770918578343,18.702512994035914,1.0144744288529808,-3.073618894864258,-197.27510475986597
285.5928012708798,14.399826353503247,18.70280355364832,1.0144406432713322,-3.0741436327283593,-197.2751992034511
285.601768892049,14.393881275606956,18.70309402125832,1.0144068013873249,-3.074668371905033,-197.27527593604256
285.6107356636723,14.387935685499942,18.703384396640377,1.0143729032699458,-3.075193112325808,-197.27533495087044
285.61970158597103,14.381989583792683,18.70367467956886,1.0143389489882433,-3.075717853922209,-197.27537624116252
285.6286666591666,14.376042971095728,18.703964869817977,1.0143049386113212,-3.0762425966257547,-197.27539980014464
285.6376308834807,14.37009584801968,18.70425496716183,1.014270872208345,-3.0767673403679474,-197.27540562103997
285.64659425913544,14.364148215175156,18.70454497137441,1.0142367498485425,-3.07729208508029,-197.27539369706966
285.6555567863526,14.358200073172883,18.704834882229534,1.0142025716011989,-3.077816830694271,-197.2753640214528
285.6645184653546,14.352251422623572,18.70512469950094,1.0141683375356578,-3.078341577141378,-197.27531658740588
285.67347929636384,14.346302264138012,18.70541442296221,1.0141340477213234,-3.078866324353083,-197.27525138814337
285.682439279603,14.34035259832706,18.70570405238681,1.0140997022276625,-3.079391072260854,-197.27516841687725
285.69139841529494,14.33440242580159,18.705993587548086,1.0140653011241993,-3.079915820796153,-197.2750676668176
285.7003567036626,14.328451747172547,18.70628302821924,1.014030844480519,-3.080440569890431,-197.27494913117198
285.70931414492924,14.322500563050903,18.706572374173373,1.0139963323662622,-3.080965319475127,-197.2748128031459
285.7182707393183,14.316548874047683,18.706861625183418,1.0139617648511352,-3.081490069481684,-197.2746586759422
285.72722648705343,14.310596680774006,18.707150781022225,1.0139271420049039,-3.0820148198415245,-197.274486742762
285.73618138835826,14.30464398384097,18.7074398414625,1.0138924638973876,-3.082539570486069,-197.27429699680403
285.7451354434569,14.298690783859772,18.7077288062768,1.0138577305984742,-3.0830643213467317,-197.27408943126449
285.75408865257344,14.29273708144162,18.708017675237592,1.0138229421781055,-3.083589072354916,-197.2738640393375
285.7630410159323,14.286782877197806,18.708306448117206,1.0137880987062848,-3.0841138234420153,-197.27362081421492
285.77199253375807,14.280828171739653,18.708595124687825,1.0137532002530767,-3.0846385745394214,-197.2733597490865
285.7809432062754,14.274872965678528,18.708883704721522,1.0137182468886052,-3.0851633255785136,-197.27308083713953
285.7898930337093,14.268917259625876,18.70917218799024,1.0136832386830525,-3.0856880764906607,-197.27278407155913
285.7988420162848,14.26296105419313,18.709460574265798,1.0136481757066638,-3.0862128272072304,-197.27246944552815
285.80779015422735,14.257004349991858,18.709748863319884,1.0136130580297413,-3.086737577659579,-197.2721369522272
285.8167374477623,14.25104714763357,18.710037054924054,1.0135778857226485,-3.087262327779057,-197.27178658483464
285.8256838971154,14.245089447729915,18.710325148849748,1.0135426588558112,-3.0877870774970013,-197.27141833652652
285.8346295025126,14.23913125089257,18.710613144868272,1.0135073774997116,-3.088311826744745,-197.2710322004767
285.84357426417995,14.233172557733218,18.710901042750802,1.0134720417248948,-3.0888365754536182,-197.2706281698567
285.85251818234366,14.227213368863639,18.711188842268395,1.013436651601965,-3.089361323554931,-197.27020623783594
285.8614612572302,14.22125368489562,18.71147654319198,1.0134012072015848,-3.08988607098,-197.2697663975813
285.8704034890663,14.215293506441041,18.71176414529235,1.0133657085944823,-3.0904108176601213,-197.26930864225764
285.87934487807865,14.20933283411179,18.712051648340182,1.0133301558514374,-3.0909355635265907,-197.2688329650276
285.88828542449437,14.203371668519816,18.71233905210601,1.0132945490432972,-3.091460308510696,-197.26833935905134
285.89722512854064,14.197410010277151,18.712626356360257,1.0132588882409674,-3.0919850525437105,-197.26782781748696
285.9061639904449,14.1914478599958,18.712913560873215,1.013223173515413,-3.0925097955569085,-197.26729833349017
285.91510201043474,14.185485218287912,18.71320066541504,1.0131874049376595,-3.0930345374815493,-197.26675090021453
285.9240391887378,14.179522085765567,18.71348766975578,1.0131515825787907,-3.0935592782488905,-197.26618551081125
285.93297552558226,14.173558463040997,18.71377457366532,1.013115706509957,-3.0940840177901783,-197.26560215842918
285.94191102119623,14.167594350726452,18.714061376913456,1.0130797768023612,-3.0946087560366493,-197.26500083621505
285.950845675808,14.161629749434182,18.71434807926984,1.0130437935272714,-3.0951334929195373,-197.26438153731343
285.9597794896461,14.155664659776564,18.714634680503988,1.013007756756015,-3.0956582283700644,-197.26374425486657
285.9687124629394,14.149699082365942,18.7149211803853,1.0129716665599782,-3.0961829623194483,-197.26308898201407
285.9776445959166,14.143733017814789,18.71520757868305,1.0129355230106107,-3.096707694698894,-197.262415711894
285.986575888807,14.137766466735526,18.715493875166384,1.0128993261794181,-3.0972324254396035,-197.26172443764145
285.9955063418398,14.131799429740724,18.715780069604303,1.012863076137971,-3.0977571544727702,-197.26101515238963
286.00443595524456,14.125831907442958,18.716066161765706,1.0128267729578984,-3.098281881729575,-197.2602878492694
286.0133647292509,14.11986390045481,18.71635215141935,1.0127904167108894,-3.0988066071411993,-197.25954252140934
286.02229266408864,14.113895409388991,18.71663803833387,1.012754007468693,-3.099331330638808,-197.25877916193596
286.03121975998795,14.107926434858177,18.716923822277757,1.0127175453031214,-3.0998560521535667,-197.25799776397295
286.0401460171791,14.10195697747516,18.7172095030194,1.012681030286045,-3.100380771616628,-197.25719832064243
286.0490714358923,14.09598703785275,18.717495080327044,1.0126444624893938,-3.100905488959134,-197.25638082506384
286.0579960163584,14.090016616603785,18.717780553968815,1.0126078419851614,-3.101430204112228,-197.25554527035442
286.0669197588081,14.084045714341181,18.718065923712697,1.0125711688454002,-3.1019549170070384,-197.25469164962917
286.0758426634725,14.078074331677882,18.718351189326558,1.0125344431422232,-3.10247962757469,-197.25381995600085
286.0847647305827,14.072102469226918,18.718636350578137,1.0124976649478046,-3.1030043357462938,-197.2529301825798
286.09368596037007,14.066130127601284,18.718921407235047,1.012460834334377,-3.1035290414529633,-197.25202232247435
286.1026063530662,14.060157307414093,18.719206359064767,1.012423951374236,-3.104053744625793,-197.25109636879031
286.1115259089029,14.054184009278504,18.719491205834647,1.0123870161397388,-3.104578445195879,-197.25015231463138
286.12044462811207,14.04821023380769,18.71977594731192,1.0123500287032987,-3.1051031430943024,-197.249190153099
286.1293625109258,14.042235981614885,18.720060583263685,1.0123129891373943,-3.1056278382521407,-197.24820987729214
286.1382795575765,14.036261253313363,18.720345113456904,1.0122758975145643,-3.106152530600469,-197.24721148030775
286.1471957682966,14.030286049516445,18.72062953765842,1.012238753907405,-3.106677220070341,-197.2461949552403
286.15611114331887,14.024310370837547,18.720913855634954,1.0122015583885777,-3.107201906592815,-197.24516029518205
286.1650256828762,14.018334217890038,18.721198067153093,1.0121643110307996,-3.1077265900989355,-197.24410749322323
286.1739393872016,14.012357591287424,18.721482171979282,1.0121270119068535,-3.108251270519742,-197.2430365424513
286.18285225652835,14.00638049164319,18.721766169879867,1.0120896610895782,-3.108775947786265,-197.24194743595194
286.19176429108995,14.000402919570929,18.722050060621036,1.0120522586518792,-3.1093006218295285,-197.24084016680814
286.20067549112,13.994424875684217,18.722333843968872,1.0120148046667161,-3.1098252925805503,-197.23971472810115
286.2095858568524,13.988446360596711,18.722617519689322,1.0119772992071134,-3.1103499599703355,-197.23857111290928
286.2184953885211,13.982467374922154,18.7229010875482,1.0119397423461574,-3.110874623929884,-197.23740931430902
286.22740408636025,13.976487919274236,18.723184547311185,1.011902134156993,-3.111399284390195,-197.2362293253745
286.2363119506044,13.970507994266796,18.723467898743852,1.0118644747128251,-3.111923941282247,-197.23503113917752
286.24521898148794,13.96452760051364,18.72375114161163,1.0118267640869227,-3.112448594537023,-197.2338147487877
286.2541251792459,13.958546738628666,18.724034275679816,1.0117890023526133,-3.1129732440854894,-197.23258014727207
286.263030544113,13.952565409225825,18.7243173007136,1.0117511895832862,-3.1134978898586105,-197.23132732769582
286.2719350763245,13.946583612919074,18.724600216478017,1.011713325852392,-3.1140225317873433,-197.2300562831215
286.28083877611573,13.94060135032245,18.724883022737988,1.0116754112334416,-3.1145471698026332,-197.22876700660976
286.28974164372215,13.934618622050014,18.725165719258307,1.011637445800006,-3.1150718038354226,-197.22745949121864
286.29864367937955,13.928635428715904,18.72544830580364,1.0115994296257196,-3.115596433816642,-197.22613373000394
286.3075448833238,13.922651770934262,18.725730782138513,1.0115613627842759,-3.1161210596772175,-197.2247897160194
286.31644525579094,13.916667649319288,18.726013148027338,1.011523245349429,-3.1166456813480683,-197.2234274423162
286.32534479701735,13.910683064485282,18.72629540323439,1.0114850773949982,-3.1171702987601004,-197.22204690194337
286.3342435072394,13.90469801704651,18.72657754752381,1.0114468589948578,-3.1176949118442208,-197.22064808794775
286.3431413866938,13.898712507617336,18.72685958065964,1.0114085902229488,-3.1182195205313192,-197.2192309933737
286.3520384356173,13.892726536812145,18.727141502405743,1.0113702711532684,-3.11874412475229,-197.21779561126365
286.3609346542471,13.886740105245362,18.727423312525907,1.0113319018598785,-3.119268724438009,-197.21634193465715
286.3698300428202,13.880753213531513,18.727705010783744,1.0112934824169,-3.119793319519349,-197.2148699565921
286.3787246015741,13.874765862285106,18.727986596942774,1.011255012898518,-3.1203179099271767,-197.21337967010368
286.3876183307464,13.868778052120723,18.728268070766372,1.0112164933789751,-3.120842495592347,-197.21187106822512
286.3965112305749,13.862789783652966,18.728549432017786,1.0111779239325762,-3.121367076445713,-197.210344143987
286.4054033012975,13.856801057496522,18.728830680460128,1.0111393046336903,-3.121891652418118,-197.20879889041785
286.41429454315244,13.850811874266121,18.729111815856403,1.0111006355567427,-3.1224162234403927,-197.20723530054406
286.4231849563779,13.844822234576492,18.729392837969453,1.011061916776224,-3.1229407894433705,-197.20565336738917
286.4320745412125,13.838832139042474,18.72967374656204,1.0110231483666832,-3.1234653503578653,-197.2040530839753
286.440963297895,13.832841588278875,18.72995454139674,1.010984330402734,-3.123989906114698,-197.20243444332144
286.44985122666424,13.82685058290063,18.73023522223604,1.0109454629590493,-3.1245144566446688,-197.20079743844465
286.45873832775925,13.820859123522665,18.73051578884229,1.0109065461103603,-3.1250390018785774,-197.19914206235998
286.46762460141946,13.814867210759958,18.730796240977703,1.0108675799314666,-3.1255635417472143,-197.19746830807966
286.4765100478842,13.808874845227564,18.731076578404373,1.0108285644972237,-3.1260880761813628,-197.19577616861392
