galstreams/tracks/track.st.M68.ibata2021.ecsv
# %ECSV 0.9
# ---
# datatype:
# - {name: ra, unit: deg, datatype: float64}
# - {name: dec, unit: deg, datatype: float64}
# - {name: distance, unit: kpc, datatype: float64}
# - {name: pm_ra_cosdec, unit: mas / yr, datatype: float64}
# - {name: pm_dec, unit: mas / yr, datatype: float64}
# - {name: radial_velocity, unit: km / s, datatype: float64}
# delimiter: ','
# meta: !!omap
# - __serialized_columns__:
#     dec:
#       __class__: astropy.coordinates.angles.Latitude
#       unit: &id001 !astropy.units.Unit {unit: deg}
#       value: !astropy.table.SerializedColumn {name: dec}
#     distance:
#       __class__: astropy.coordinates.distances.Distance
#       unit: !astropy.units.Unit {unit: kpc}
#       value: !astropy.table.SerializedColumn {name: distance}
#     pm_dec:
#       __class__: astropy.units.quantity.Quantity
#       unit: !astropy.units.Unit {unit: mas / yr}
#       value: !astropy.table.SerializedColumn {name: pm_dec}
#     pm_ra_cosdec:
#       __class__: astropy.units.quantity.Quantity
#       unit: !astropy.units.Unit {unit: mas / yr}
#       value: !astropy.table.SerializedColumn {name: pm_ra_cosdec}
#     ra:
#       __class__: astropy.coordinates.angles.Longitude
#       unit: *id001
#       value: !astropy.table.SerializedColumn {name: ra}
#       wrap_angle: !astropy.coordinates.Angle
#         unit: *id001
#         value: 360.0
#     radial_velocity:
#       __class__: astropy.units.quantity.Quantity
#       unit: !astropy.units.Unit {unit: km / s}
#       value: !astropy.table.SerializedColumn {name: radial_velocity}
# schema: astropy-2.0
ra,dec,distance,pm_ra_cosdec,pm_dec,radial_velocity
[from data line 561]
187.90386188595315,-38.35541003515777,4.015976039094608,-4.380779717658729,9.549988684725832,-3.368306851948935e-14
187.9059146906444,-38.345587774934806,4.016355296404144,-4.379857499109219,9.547133964928115,0.0
187.90796698179994,-38.3357654849492,4.016735477213961,-4.3789341358581755,9.54427150497062,-3.368306851948935e-14
187.91001876952782,-38.325943166586946,4.017116576790164,-4.378009637324847,9.541401326218395,-1.6841534259744676e-14
187.91207006393086,-38.31612082123361,4.017498590398852,-4.377084012928158,9.538523450036717,-1.6841534259744676e-14
187.91412087510636,-38.30629845027381,4.017881513306125,-4.376157272086703,9.53563789779114,-6.73661370389787e-14
187.9161712131463,-38.29647605509166,4.018265340778085,-4.375229424218727,9.532744690847442,0.0
187.91822108813741,-38.28665363707045,4.0186500680808335,-4.374300478742141,9.529843850571687,-3.368306851948935e-14
187.92027051016092,-38.276831197592934,4.019035690480472,-4.373370445074484,9.526935398330185,-6.73661370389787e-14
187.92231948929273,-38.26700873804095,4.0194222032431,-4.372439332632942,9.524019355489495,0.0
187.92436803560352,-38.257186259795915,4.019809601634819,-4.371507150834334,9.521095743416446,-1.6841534259744676e-14
187.92641615915852,-38.2473637642383,4.0201978809217325,-4.370573909095095,9.51816458347811,-5.0524602779234026e-14
187.92846387001768,-38.23754125274811,4.020587036369938,-4.369639616831273,9.515225897041837,-5.0524602779234026e-14
187.9305111782356,-38.227718726704445,4.020977063245537,-4.368704283458538,9.512279705475231,0.0
187.9325580938616,-38.21789618748597,4.0213679568146325,-4.367767918392138,9.509326030146145,-5.0524602779234026e-14
187.93460462693963,-38.20807363647039,4.021759712343325,-4.366830531046939,9.506364892422713,1.6841534259744676e-14
187.93665078750846,-38.198251075034975,4.022152325097715,-4.365892130837384,9.50339631367331,-3.368306851948935e-14
187.93869658560143,-38.188428504556086,4.022545790343904,-4.364952727177493,9.500420315266586,-1.6841534259744676e-14
187.94074203124666,-38.17860592640962,4.022940103347993,-4.3640123294808655,9.497436918571456,-3.368306851948935e-14
187.94278713446695,-38.16878334197057,4.023335259376083,-4.363070947160666,9.494446144957084,-1.6841534259744676e-14
187.94483190527987,-38.15896075261347,4.023731253694275,-4.36212858962962,9.491448015792919,-1.6841534259744676e-14
187.9468763536977,-38.14913815971194,4.024128081568669,-4.361185266300007,9.488442552448662,0.0
187.9489204897274,-38.13931556463914,4.0245257382653685,-4.360240986583649,9.485429776294275,-1.6841534259744676e-14
187.95096432337078,-38.12949296876735,4.024924219050473,-4.359295759891915,9.482409708699988,-5.0524602779234026e-14
187.95300786462428,-38.119670373468374,4.025323519190083,-4.358349595635701,9.479382371036317,0.0
187.95505112347925,-38.109847780113085,4.0257236339503,-4.357402503225444,9.476347784674005,-1.6841534259744676e-14
187.95709410992157,-38.10002519007195,4.0261245585972265,-4.356454492071083,9.473305970984104,-1.6841534259744676e-14
187.95913683393212,-38.09020260471452,4.026526288396963,-4.355505571582092,9.470256951337895,-5.0524602779234026e-14
187.96117930548638,-38.08038002540986,4.026928818615608,-4.35455575116744,9.467200747106954,0.0
187.96322153455475,-38.07055745352618,4.027332144519266,-4.353605040235603,9.464137379663118,-1.6841534259744676e-14
187.96526353110232,-38.060734890431185,4.027736261374037,-4.352653448194558,9.461066870378477,1.6841534259744676e-14
187.96730530508898,-38.05091233749174,4.028141164446018,-4.351700984451769,9.457989240625416,-1.6841534259744676e-14
187.96934686646944,-38.0410897960742,4.028546849001318,-4.350747658414185,9.454904511776563,-1.6841534259744676e-14
187.97138822519324,-38.03126726754407,4.028953310306033,-4.349793479488231,9.451812705204826,-3.368306851948935e-14
187.97342939120463,-38.02144475326636,4.029360543626264,-4.34883845707981,9.448713842283391,-3.368306851948935e-14
187.97547037444284,-38.01162225460519,4.029768544228113,-4.347882600594295,9.445607944385696,-3.368306851948935e-14
187.97751118484172,-38.00179977292427,4.030177307377682,-4.346925919436511,9.442495032885464,-1.6841534259744676e-14
187.97955183233017,-37.991977309586375,4.03058682834107,-4.345968423010747,9.439375129156673,-3.368306851948935e-14
187.98159232683176,-37.98215486595382,4.0309971023843785,-4.345010120720743,9.436248254573584,-3.368306851948935e-14
187.98363267826497,-37.97233244338805,4.0314081247737095,-4.344051021969679,9.433114430510717,0.0
187.9856728965431,-37.96251004325007,4.031819890775166,-4.343091136160172,9.429973678342874,-3.368306851948935e-14
187.9877129915743,-37.95268766689997,4.032232395654845,-4.342130472694281,9.426826019445116,-3.368306851948935e-14
187.98975297326163,-37.942865315697354,4.0326456346788495,-4.34116904097349,9.423671475192776,3.368306851948935e-14
187.99179285150302,-37.93304299100103,4.033059603113279,-4.340206850398712,9.420510066961471,-1.6841534259744676e-14
187.99383263619117,-37.923220694169274,4.033474296224238,-4.339243910370263,9.417341816127065,-6.73661370389787e-14
187.99587233721374,-37.913398426559496,4.033889709277826,-4.338280230287884,9.41416674406571,-5.0524602779234026e-14
187.99791196445327,-37.90357618952865,4.034305837540141,-4.337315819550724,9.41098487215383,0.0
187.99995152778718,-37.89375398443284,4.034722676277289,-4.336350687557329,9.407796221768102,-3.368306851948935e-14
188.00199103708778,-37.88393181262766,4.035140220755368,-4.335384843705648,9.404600814285487,-1.6841534259744676e-14
188.00403050222232,-37.87410967546786,4.035558466240479,-4.3344182973930225,9.401398671083214,-3.368306851948935e-14
188.00606993305294,-37.8642875743077,4.0359774079987245,-4.333451058016175,9.398189813538783,0.0
188.00810933943666,-37.85446551050062,4.0363970412962065,-4.332483134971217,9.394974263029962,0.0
188.01014873122546,-37.84464348539956,4.036817361399021,-4.3315145376536455,9.391752040934787,-6.73661370389787e-14
188.01218811826624,-37.83482150035656,4.037238363573275,-4.330545275458308,9.388523168631561,-3.368306851948935e-14
188.01422751040084,-37.824999556723256,4.037660043085067,-4.329575357779447,9.38528766749887,-3.368306851948935e-14
188.01626691746603,-37.8151776558504,4.038082395200497,-4.328604794010654,9.382045558915564,-3.368306851948935e-14
188.01830634929357,-37.80535579908824,4.038505415185669,-4.327633593544885,9.378796864260753,-3.368306851948935e-14
188.0203458157101,-37.79553398778619,4.0389290983066815,-4.3266617657744515,9.37554160491382,-1.6841534259744676e-14
188.0223853265372,-37.785712223293224,4.039353439829636,-4.325689320091011,9.372279802254425,-1.6841534259744676e-14
188.02442489159162,-37.775890506957374,4.039778435020634,-4.324716265885581,9.369011477662486,-3.368306851948935e-14
188.0264645206848,-37.766068840126295,4.040204079145776,-4.323742612548496,9.3657366525182,1.6841534259744676e-14
188.02850422362337,-37.75624722414673,4.040630367471165,-4.32276836946946,9.362455348202019,0.0
188.03054401020884,-37.746425660364956,4.0410572952629,-4.321793546037484,9.359167586094674,-3.368306851948935e-14
188.03258389023773,-37.73660415012639,4.041484857787082,-4.320818151640924,9.355873387577155,-5.0524602779234026e-14
188.03462387350154,-37.726782694776,4.041913050309813,-4.319842195667453,9.352572774030735,-1.6841534259744676e-14
188.03666396978687,-37.71696129565788,4.042341868097194,-4.318865687504072,9.349265766836929,-5.0524602779234026e-14
188.03870418887516,-37.70713995411566,4.042771306415327,-4.317888636537089,9.345952387377537,-3.368306851948935e-14
188.04074454054302,-37.697318671492106,4.043201360530309,-4.316911052152145,9.342632657034617,-3.368306851948935e-14
188.04278503456203,-37.68749744912952,4.043632025708246,-4.315932943734167,9.3393065971905,-3.368306851948935e-14
188.04482568069872,-37.677676288369355,4.044063297215237,-4.314954320667405,9.33597422922777,-1.6841534259744676e-14
188.0468664887148,-37.667855190552594,4.044495170317383,-4.313975192335402,9.332635574529284,-1.6841534259744676e-14
188.0489074683669,-37.65803415701935,4.044927640280784,-4.312995568121004,9.329290654478159,-5.0524602779234026e-14
188.05094862940675,-37.64821318910929,4.045360702371544,-4.312015457406349,9.325939490457785,-6.73661370389787e-14
188.0529899815811,-37.63839228816119,4.045794351855761,-4.311034869572866,9.322582103851797,-1.6841534259744676e-14
188.05503153463175,-37.6285714555134,4.046228583999539,-4.310053814001271,9.319218516044119,0.0
188.05707329829568,-37.6187506925034,4.046663394068976,-4.309072300071571,9.315848748418905,-3.368306851948935e-14
188.05911528230476,-37.608930000468185,4.047098777330175,-4.308090337163041,9.3124728223606,0.0
188.0611574963861,-37.59910938074391,4.047534729049236,-4.3071079346542485,9.30909075925389,-5.0524602779234026e-14
188.06319995026175,-37.58928883466629,4.047971244492261,-4.3061251019230165,9.305702580483727,-3.368306851948935e-14
188.06524265364894,-37.579468363570115,4.048408318925351,-4.305141848346457,9.302308307435325,-1.6841534259744676e-14
188.06728561626,-37.56964796878979,4.048845947614605,-4.304158183300935,9.298907961494166,-5.0524602779234026e-14
188.0693288478023,-37.559827651658786,4.049284125826127,-4.303174116162086,9.295501564045964,-3.368306851948935e-14
188.07137235797833,-37.5500074135102,4.0497228488260175,-4.302189656304811,9.292089136476719,-3.368306851948935e-14
188.0734161564858,-37.54018725567619,4.050162111880376,-4.30120481310326,9.288670700172666,-5.0524602779234026e-14
188.07546025301735,-37.530367179488486,4.0506019102553035,-4.300219595930842,9.285246276520319,0.0
188.0775046572609,-37.52054718627797,4.051042239216905,-4.299234014160217,9.281815886906422,-5.0524602779234026e-14
188.07954937889946,-37.51072727737504,4.051483094031277,-4.2982480771633025,9.278379552717986,-1.6841534259744676e-14
188.08159442761112,-37.50090745410926,4.051924469964521,-4.297261794311249,9.274937295342296,-1.6841534259744676e-14
188.0836398130692,-37.49108771780971,4.052366362282741,-4.29627517497446,9.271489136166853,-3.368306851948935e-14
188.0856855449421,-37.48126806980462,4.052808766252036,-4.295288228522575,9.268035096579432,-5.0524602779234026e-14
188.08773163289342,-37.47144851142178,4.053251677138507,-4.2943009643244725,9.264575197968055,-3.368306851948935e-14
188.0897780865819,-37.461629043988076,4.0536950902082545,-4.293313391748267,9.261109461721006,0.0
188.09182491566145,-37.45180966882999,4.054139000727381,-4.292325520161311,9.257637909226798,-1.6841534259744676e-14
188.09387212978115,-37.44199038727309,4.054583403961987,-4.2913373589301775,9.254160561874208,0.0
188.0959197385853,-37.432171200642536,4.055028295178174,-4.2903489174206735,9.250677441052257,-5.0524602779234026e-14
188.09796775171333,-37.42235211026258,4.055473669642043,-4.28936020499783,9.247188568150214,-3.368306851948935e-14
188.10001617879985,-37.41253311745705,4.0559195226196945,-4.288371231025902,9.243693964557593,-1.6841534259744676e-14
188.10206502947477,-37.40271422354891,4.0563658493772285,-4.28738200486837,9.240193651664159,-3.368306851948935e-14
188.10411431336306,-37.392895429860666,4.05681264518075,-4.286392535887919,9.236687650859912,-3.368306851948935e-14
188.10616404008508,-37.38307673771393,4.057259905296355,-4.285402833446466,9.233175983535101,-1.6841534259744676e-14
188.10821421925618,-37.37325814842991,4.057707624990147,-4.284412906905132,9.229658671080221,-3.368306851948935e-14
188.11026486048715,-37.36343966332892,4.058155799528229,-4.2834227656242545,9.226135734886007,0.0
188.1123159733839,-37.35362128373082,4.058604424176699,-4.282432418963378,9.222607196343427,-3.368306851948935e-14
188.11436756754753,-37.34380301095461,4.05905349420166,-4.281441876281262,9.2190730768437,-3.368306851948935e-14
188.1164196525745,-37.333984846318856,4.05950300486921,-4.28045114693586,9.21553339777827,-6.73661370389787e-14
188.11847223805643,-37.32416679114121,4.059952951445453,-4.279460240284343,9.211988180538837,0.0
188.12052533358022,-37.31434884673893,4.0604033291964905,-4.278469165683072,9.208437446517319,1.6841534259744676e-14
188.12257894872803,-37.30453101442838,4.060854133388422,-4.277477932487621,9.204881217105875,-1.6841534259744676e-14
188.12463309307728,-37.294713295525455,4.061305359287349,-4.27648655005275,9.201319513696903,-3.368306851948935e-14
188.12668777620067,-37.28489569134521,4.061757002159372,-4.275495027732425,9.197752357683033,-3.368306851948935e-14
188.12874300766612,-37.27507820320224,4.062209057270592,-4.2745033748797985,9.194179770457124,-6.73661370389787e-14
188.13079879703693,-37.26526083241027,4.062661519887112,-4.273511600847229,9.190601773412261,0.0
188.13285515387165,-37.25544358028258,4.063114385275031,-4.2725197149862595,9.187018387941773,-3.368306851948935e-14
188.13491208772405,-37.245626448131574,4.063567648700451,-4.271527726647624,9.183429635439197,-5.0524602779234026e-14
188.13696960814332,-37.235809437269204,4.064021305429472,-4.270535645181243,9.179835537298317,-1.6841534259744676e-14
188.1390277246739,-37.225992549006556,4.0644753507281965,-4.269543479936232,9.176236114913133,-3.368306851948935e-14
188.1410864468555,-37.21617578465429,4.064929779862726,-4.268551240260889,9.172631389677871,-5.0524602779234026e-14
188.1431457842232,-37.20635914552214,4.0653845880991595,-4.267558935502694,9.169021382986973,-5.0524602779234026e-14
188.14520574630743,-37.19654263291946,4.065839770703599,-4.266566575008319,9.165406116235113,-3.368306851948935e-14
188.14726634263388,-37.186726248154656,4.066295322942145,-4.265574168123611,9.161785610817184,0.0
188.14932758272366,-37.176909992535755,4.066751240080901,-4.264581724193604,9.158159888128301,0.0
188.15138947609313,-37.16709386736988,4.067207517385965,-4.263589252562505,9.154528969563787,-1.6841534259744676e-14
188.15345203225408,-37.1572778739637,4.0676641501234405,-4.262596762573709,9.150892876519189,-1.6841534259744676e-14
188.15551526071354,-37.14746201362303,4.068121133559425,-4.261604263569786,9.147251630390272,-3.368306851948935e-14
188.1575791709741,-37.13764628765321,4.068578462960025,-4.260611764892481,9.143605252573002,-3.368306851948935e-14
188.1596437725335,-37.12783069735872,4.069036133591336,-4.25961927588272,9.139953764463574,-1.6841534259744676e-14
188.161709074885,-37.118015244043605,4.069494140719463,-4.258626805880598,9.136297187458387,0.0
188.16377508751714,-37.10819992901103,4.069952479610506,-4.257634364225391,9.132635542954048,0.0
188.16584181991396,-37.09838475356369,4.070411145530564,-4.256641960255552,9.128968852347372,-5.0524602779234026e-14
188.16790928155476,-37.088569719003424,4.070870133745741,-4.255649603308691,9.125297137035387,-1.6841534259744676e-14
188.1699774819143,-37.07875482663161,4.071329439522137,-4.254657302721609,9.121620418415315,0.0
188.17204643046276,-37.068940077748785,4.0717890581258525,-4.253665067830271,9.117938717884595,-1.6841534259744676e-14
188.1741161366657,-37.059125473654994,4.072248984822989,-4.252672907969818,9.11425205684086,-5.0524602779234026e-14
188.1761866099841,-37.049311015649415,4.072709214879647,-4.25168083247455,9.110560456681949,0.0
188.17825785987435,-37.03949670503079,4.073169743561928,-4.250688850677953,9.106863938805898,-3.368306851948935e-14
188.1803298957883,-37.029682543096975,4.073630566135933,-4.249696971912672,9.10316252461093,1.6841534259744676e-14
188.1824027271732,-37.0198685311454,4.074091677867764,-4.248705205510525,9.099456235495486,-1.6841534259744676e-14
188.18447636347176,-37.01005467047258,4.074553074023521,-4.247713560802503,9.09574509285818,0.0
188.18655081412209,-37.0002409623746,4.075014749869306,-4.246722047118761,9.092029118097836,-3.368306851948935e-14
188.1886260885578,-36.990427408146665,4.075476700671217,-4.245730673788621,9.08830833261346,0.0
188.19070219620792,-36.98061400908351,4.075938921695362,-4.24473945014058,9.08458275780425,0.0
