galstreams/tracks/track.st.New-2.ibata2024.ecsv
# %ECSV 1.0
# ---
# datatype:
# - {name: ra, unit: deg, datatype: float64}
# - {name: dec, unit: deg, datatype: float64}
# - {name: distance, unit: kpc, datatype: float64}
# - {name: pm_ra_cosdec, unit: mas / yr, datatype: float64}
# - {name: pm_dec, unit: mas / yr, datatype: float64}
# - {name: radial_velocity, unit: km / s, datatype: float64}
# delimiter: ','
# meta: !!omap
# - __serialized_columns__:
#     dec:
#       __class__: astropy.coordinates.angles.Latitude
#       unit: &id001 !astropy.units.Unit {unit: deg}
#       value: !astropy.table.SerializedColumn {name: dec}
#     distance:
#       __class__: astropy.coordinates.distances.Distance
#       unit: !astropy.units.Unit {unit: kpc}
#       value: !astropy.table.SerializedColumn {name: distance}
#     pm_dec:
#       __class__: astropy.units.quantity.Quantity
#       unit: !astropy.units.Unit {unit: mas / yr}
#       value: !astropy.table.SerializedColumn {name: pm_dec}
#     pm_ra_cosdec:
#       __class__: astropy.units.quantity.Quantity
#       unit: !astropy.units.Unit {unit: mas / yr}
#       value: !astropy.table.SerializedColumn {name: pm_ra_cosdec}
#     ra:
#       __class__: astropy.coordinates.angles.Longitude
#       unit: *id001
#       value: !astropy.table.SerializedColumn {name: ra}
#       wrap_angle: !astropy.coordinates.Angle
#         unit: *id001
#         value: 360.0
#     radial_velocity:
#       __class__: astropy.units.quantity.Quantity
#       unit: !astropy.units.Unit {unit: km / s}
#       value: !astropy.table.SerializedColumn {name: radial_velocity}
# schema: astropy-2.0
ra,dec,distance,pm_ra_cosdec,pm_dec,radial_velocity
[from data line 1734]
20.035855966438103,5.752099920872997,1.0000000000000007,0.2853063027070366,-29.57877879013181,166.96574121090435
20.045698608618274,5.7525830603426105,1.0000000000000007,0.2814180050959205,-29.587024537866498,166.99191037476058
20.055541075240168,5.753063662237081,1.0000000000000007,0.277527168609101,-29.595267352645795,167.01805588515126
20.065383366300402,5.753541728209904,1.0000000000000007,0.2736337941141631,-29.603507235254217,167.04417775232386
20.075225481795524,5.754017259914591,1.0000000000000007,0.26973788247861563,-29.611744186476397,167.07027598652553
20.085067421722492,5.7544902590046325,1.0000000000000007,0.2658394345698252,-29.61997820709702,167.09635059800348
20.09490918607819,5.754960727133532,1.0000000000000007,0.26193845125509085,-29.62820929790093,167.12240159700497
20.104750774859703,5.755428665954788,1.0000000000000007,0.25803493340157146,-29.636437459673022,167.1484289937772
20.114592188064414,5.755894077121889,1.0000000000000007,0.2541288818763281,-29.64466269319832,167.17443279856744
20.124433425689627,5.756356962288332,1.0000000000000009,0.2502202975463188,-29.652884999261943,167.20041302162298
20.134274487733048,5.756817323107598,1.0000000000000007,0.24630918127838797,-29.661104378649096,167.2263696731909
20.14411537419228,5.757275161233184,1.0000000000000007,0.2423955339392787,-29.66932083214508,167.25230276351866
20.15395608506531,5.757730478318565,1.0000000000000007,0.2384793563956169,-29.67753436053532,167.27821230285335
20.16379662035013,5.758183276017228,1.0000000000000007,0.23456064951394318,-29.685744964605306,167.30409830144225
20.173636980044858,5.758633555982658,1.0000000000000007,0.23063941416065603,-29.69395264514067,167.32996076953253
20.183477164147938,5.759081319868325,1.0000000000000007,0.2267156512020776,-29.702157402927117,167.35579971737153
20.193317172657732,5.759526569327713,1.0000000000000007,0.22278936150441098,-29.71035923875043,167.3816151552065
20.20315700557302,5.759969306014284,1.0000000000000007,0.21886054593373672,-29.718558153396533,167.4074070932846
20.212996662892444,5.760409531581523,1.0000000000000009,0.21492920535605897,-29.726754147651416,167.433175541853
20.22283614461507,5.760847247682885,1.0000000000000009,0.21099534063724157,-29.734947222301216,167.45892051115914
20.232675450739936,5.761282455971847,1.0000000000000009,0.20705895264306662,-29.743137378132104,167.48464201145015
20.242514581266217,5.761715158101873,1.0000000000000007,0.20312004223918834,-29.751324615930393,167.51034005297325
20.252353536193425,5.7621453557264175,1.0000000000000007,0.19917861029116857,-29.759508936482476,167.53601464597563
20.262192315520988,5.762573050498951,1.0000000000000007,0.1952346576644608,-29.76769034057486,167.56166580070456
20.272030919248717,5.762998244072919,1.0000000000000009,0.19128818522439062,-29.775868828994128,167.58729352740744
20.28186934737634,5.763420938101787,1.0000000000000007,0.18733919383619835,-29.78404440252699,167.6128978363313
20.29170759990396,5.763841134238999,1.0000000000000009,0.18338768436501596,-29.79221706196024,167.6384787377235
20.301545676831687,5.764258834138011,1.0000000000000009,0.17943365767584574,-29.800386808080777,167.66403624183124
20.311383578159745,5.764674039452273,1.0000000000000007,0.17547711463360827,-29.80855364167558,167.68957035890162
20.321221303888702,5.765086751835224,1.0000000000000007,0.17151805610309978,-29.81671756353175,167.71508109918216
20.331058854019048,5.765496972940315,1.0000000000000007,0.1675564829490206,-29.824878574436475,167.7405684729199
20.340896228551653,5.765904704420981,1.0000000000000007,0.16359239603593956,-29.833036675177034,167.76603249036216
20.350733427487295,5.766309947930666,1.0000000000000007,0.1596257962283527,-29.841191866540836,167.79147316175607
20.360570450827144,5.766712705122798,1.0000000000000009,0.15565668439061575,-29.84934414931534,167.81689049734908
20.37040729857234,5.76711297765082,1.0000000000000009,0.1516850613869991,-29.857493524288145,167.84228450738814
20.380243970724194,5.7675107671681625,1.0000000000000007,0.14771092808165065,-29.865639992246955,167.86765520212074
20.39008046728432,5.7679060753282485,1.0000000000000007,0.14373428533861166,-29.873783553979514,167.89300259179396
20.399916788254263,5.768298903784514,1.0000000000000007,0.13975513402183815,-29.88192421027373,167.91832668665518
20.409752933635925,5.768689254190371,1.0000000000000009,0.13577347499514936,-29.89006196191756,167.94362749695145
20.419588903431173,5.769077128199254,1.0000000000000007,0.1317893091222615,-29.898196809699087,167.96890503293014
20.42942469764222,5.769462527464575,1.0000000000000007,0.12780263726678598,-29.906328754406502,167.9941593048385
20.43926031627126,5.769845453639751,1.0000000000000007,0.12381346029223117,-29.91445779682806,168.01939032292364
20.449095759320656,5.7702259083782055,1.0000000000000007,0.1198217790620113,-29.922583937752147,168.044598097433
20.45893102679308,5.770603893333339,1.0000000000000009,0.11582759443939494,-29.930707177967207,168.06978263861362
20.468766118691118,5.770979410158571,1.0000000000000009,0.1118309072875796,-29.938827518261846,168.09494395671283
20.478601035017757,5.771352460507303,1.0000000000000007,0.10783171846961892,-29.946944959424712,168.12008206197788
20.48843577577589,5.7717230460329425,1.0000000000000007,0.10383002884848658,-29.955059502244566,168.14519696465598
20.498270340968794,5.772091168388891,1.0000000000000007,0.09982583928704081,-29.963171147510284,168.17028867499442
20.508104730599708,5.772456829228546,1.0000000000000007,0.09581915064803859,-29.97127989601082,168.19535720324035
20.517938944672053,5.772820030205318,1.0000000000000007,0.09180996379410544,-29.979385748535236,168.2204025596411
20.527772983189557,5.77318077297258,1.0000000000000009,0.08779827958778341,-29.98748870587267,168.24542475444377
20.53760684615586,5.773539059183746,1.0000000000000007,0.08378409889149552,-29.99558876881242,168.27042379789575
20.547440533574992,5.773894890492193,1.0000000000000007,0.07976742256755287,-30.00368593814381,168.29539970024416
20.557274045450903,5.774248268551316,1.0000000000000007,0.07574825147816178,-30.011780214656305,168.32035247173638
20.567107381787928,5.774599195014494,1.0000000000000007,0.07172658648542729,-30.019871599139435,168.34528212261955
20.576940542590357,5.774947671535111,1.0000000000000007,0.067702428451339,-30.027960092382877,168.37018866314088
20.58677352786265,5.775293699766555,1.0000000000000007,0.06367577823778703,-30.036045695176362,168.39507210354762
20.596606337609597,5.775637281362193,1.0000000000000009,0.05964663670652648,-30.044128408309724,168.4199324540871
20.60643897183589,5.775978417975409,1.0000000000000007,0.05561500471924141,-30.052208232572934,168.44476972500647
20.616271430546597,5.7763171112595675,1.0000000000000007,0.05158088313748266,-30.060285168756014,168.469583926553
20.626103713746737,5.776653362868045,1.0000000000000009,0.04754427282270335,-30.06835921764909,168.4943750689739
20.635935821441677,5.776987174454203,1.0000000000000007,0.04350517463623049,-30.076430380042428,168.51914316251643
20.645767753636783,5.77731854767141,1.0000000000000009,0.03946358943931649,-30.08449865672633,168.54388821742782
20.65559951033755,5.777647484173031,1.0000000000000007,0.035419518093071645,-30.092564048491255,168.56861024395536
20.665431091549802,5.777973985612421,1.0000000000000007,0.0313729614585192,-30.100626556127725,168.59330925234622
20.675262497279306,5.778298053642943,1.0000000000000007,0.0273239203965705,-30.10868618042635,168.6179852528477
20.68509372753217,5.778619689917942,1.0000000000000007,0.02327239576801965,-30.116742922177885,168.64263825570686
20.69492478231447,5.778938896090783,1.0000000000000007,0.019218388433541733,-30.124796782173124,168.6672682711712
20.7047556616326,5.779255673814803,1.0000000000000007,0.015161899253751443,-30.132847761203,168.6918753094879
20.71458636549299,5.779570024743353,1.0000000000000007,0.011102929089096492,-30.14089586005852,168.71645938090398
20.72441689390218,5.779881950529787,1.0000000000000007,0.007041478799949985,-30.148941079530836,168.74102049566693
20.73424724686706,5.780191452827433,1.0000000000000007,0.0029775492465713427,-30.15698342041111,168.76555866402384
20.74407742439442,5.78049853328964,1.0000000000000007,-0.0010888587108901504,-30.165022883490693,168.790073896222
20.753907426491438,5.780803193569735,1.0000000000000007,-0.005157744212407778,-30.173059469560968,168.8145662025087
20.7637372531652,5.781105435321062,1.0000000000000007,-0.009229106398018772,-30.18109317941346,168.839035593131
20.7735669044232,5.781405260196945,1.0000000000000007,-0.013302944407945105,-30.189124013839763,168.86348207833635
20.783396380272873,5.781702669850713,1.0000000000000007,-0.01737925738243362,-30.19715197363157,168.8879056683719
20.793225680721825,5.781997665935699,1.0000000000000007,-0.021458044461894588,-30.20517705958069,168.91230637348485
20.803054805777993,5.782290250105217,1.0000000000000007,-0.025539304786839523,-30.213199272479017,168.93668420392254
20.81288375544921,5.7825804240125995,1.0000000000000007,-0.02962303749786699,-30.221218613118552,168.9610391699321
20.82271252974369,5.782868189311149,1.0000000000000009,-0.03370924173569634,-30.229235082291357,168.98537128176073
20.83254112866965,5.783153547654192,1.0000000000000007,-0.03779791664116949,-30.23724868078966,169.0096805496559
20.842369552235425,5.783436500695041,1.0000000000000007,-0.04188906135520298,-30.245259409405712,169.03396698386464
20.852197800449698,5.783717050086999,1.0000000000000009,-0.04598267501886255,-30.253267268931914,169.05823059463427
20.86202587332106,5.7839951974833825,1.0000000000000007,-0.05007875677330276,-30.261272260160744,169.08247139221197
20.871853770858465,5.784270944537486,1.0000000000000007,-0.05417730575977231,-30.269274383884763,169.10668938684495
20.881681493070804,5.784544292902623,1.0000000000000007,-0.05827832111964959,-30.277273640896667,169.13088458878062
20.89150903996737,5.784815244232081,1.0000000000000007,-0.06238180199442134,-30.285270031989214,169.15505700826608
20.90133641155737,5.785083800179162,1.0000000000000009,-0.06648774752566489,-30.293263557955285,169.1792066555486
20.911163607850224,5.785349962397166,1.0000000000000009,-0.07059615685508014,-30.30125421958783,169.2033335408753
20.920990628855638,5.78561373253937,1.0000000000000009,-0.07470702912448779,-30.30924201767991,169.22743767449364
20.930817474583243,5.785875112259078,1.0000000000000009,-0.07882036347579202,-30.317226953024697,169.25151906665076
20.940644145043063,5.786134103209563,1.0000000000000009,-0.08293615905102669,-30.325209026415457,169.27557772759388
20.950470640245015,5.786390707044117,1.0000000000000009,-0.08705441499230915,-30.333188238645512,169.29961366757018
20.960296960199425,5.786644925416011,1.0000000000000009,-0.09117513044189707,-30.34116459050834,169.32362689682702
20.970123104916578,5.7868967599785295,1.0000000000000009,-0.09529830454212807,-30.349138082797477,169.34761742561165
20.979949074406893,5.7871462123849495,1.0000000000000009,-0.09942393643545877,-30.35710871630657,169.37158526417116
20.989774868681152,5.787393284288534,1.0000000000000009,-0.10355202526447727,-30.36507649182937,169.39553042275287
20.999600487750023,5.78763797734256,1.000000000000001,-0.10768257017184446,-30.37304141015969,169.4194529116041
21.009425931624556,5.787880293200286,1.000000000000001,-0.11181557030034739,-30.38100347209148,169.44335274097185
21.019251200315733,5.788120233514988,1.000000000000001,-0.11595102479289032,-30.388962678418782,169.46722992110358
21.02907629383489,5.788357799939911,1.0000000000000009,-0.1200889327924557,-30.396919029935717,169.49108446224648
21.03890121219339,5.788592994128323,1.0000000000000009,-0.12422929344218936,-30.40487252743651,169.51491637464775
21.04872595540268,5.788825817733484,1.0000000000000009,-0.12837210588528514,-30.41282317171548,169.5387256685547
21.058550523474572,5.789056272408632,1.000000000000001,-0.13251736926508073,-30.420770963567048,169.56251235421445
21.068374916420773,5.789284359807031,1.0000000000000009,-0.136665082725008,-30.428715903785733,169.5862764418743
21.0781991342534,5.7895100815819145,1.000000000000001,-0.14081524540862667,-30.436657993166133,169.61001794178154
21.08802317698444,5.7897334393865405,1.000000000000001,-0.14496785645958354,-30.444597232502986,169.63373686418333
21.097847044626313,5.7899544348741365,1.0000000000000009,-0.1491229150216533,-30.452533622591083,169.65743321932686
21.107670737191377,5.790173069697949,1.0000000000000009,-0.1532804202387048,-30.46046716422532,169.68110701745965
21.117494254692144,5.7903893455112145,1.000000000000001,-0.15744037125472055,-30.468397858200685,169.70475826882858
21.127317597141463,5.790603263967159,1.000000000000001,-0.16160276721378963,-30.476325705312302,169.72838698368108
21.137140764552086,5.790814826719022,1.0000000000000009,-0.16576760726012552,-30.484250706355354,169.75199317226426
21.146963756937147,5.791024035420019,1.0000000000000009,-0.16993489053802868,-30.492172862125116,169.77557684482562
21.156786574309763,5.79123089172338,1.0000000000000009,-0.1741046161919204,-30.50009217341698,169.7991380116121
21.166609216683185,5.7914353972823305,1.0000000000000009,-0.17827678336632147,-30.508008641026436,169.8226766828711
21.176431684070998,5.791637553750078,1.000000000000001,-0.18245139120587694,-30.515922265749037,169.84619286884984
21.1862539764867,5.791837362779852,1.000000000000001,-0.18662843885532965,-30.52383304838048,169.86968657979548
21.19607609394417,5.79203482602485,1.000000000000001,-0.19080792545954317,-30.53174098971654,169.89315782595537
21.205898036457207,5.792229945138297,1.0000000000000009,-0.19498985016346992,-30.53964609055307,169.91660661757672
21.215719804039967,5.792422721773385,1.0000000000000009,-0.19917421211218844,-30.547548351686036,169.94003296490672
21.225541396706618,5.7926131575833235,1.0000000000000009,-0.20336101045088562,-30.555447773911485,169.96343687819257
21.235362814471447,5.792801254221324,1.0000000000000009,-0.20755024432483715,-30.563344358025592,169.98681836768165
21.24518405734908,5.792987013340567,1.0000000000000009,-0.21174191287946442,-30.571238104824594,170.01017744362107
21.25500512535403,5.79317043659426,1.000000000000001,-0.2159360152602492,-30.57912901510484,170.03351411625806
21.264826018501232,5.793351525635589,1.000000000000001,-0.22013255061283132,-30.58701708966279,170.05682839584003
21.274646736805515,5.79353028211775,1.0000000000000007,-0.22433151808292706,-30.594902329294978,170.08012029261408
21.284467280282083,5.793706707693919,1.0000000000000009,-0.22853291681638943,-30.602784734798025,170.1033898168275
21.294287648946124,5.793880804017286,1.0000000000000009,-0.23273674595913896,-30.61066430696866,170.12663697872742
21.304107842812954,5.794052572741036,1.0000000000000009,-0.23694300465724183,-30.618541046603738,170.1498617885611
21.313927861898243,5.794222015518336,1.0000000000000009,-0.24115169205686726,-30.626414954500166,170.1730642565759
21.323747706217556,5.794389134002372,1.0000000000000009,-0.2453628073042733,-30.63428603145497,170.19624439301907
21.333567375786853,5.794553929846304,1.0000000000000009,-0.2495763495458636,-30.642154278265252,170.2194022081377
21.343386870621984,5.79471640470331,1.0000000000000009,-0.2537923179281112,-30.65001969572824,170.2425377121791
21.353206190739183,5.79487656022655,1.0000000000000009,-0.25801071159761335,-30.657882284641236,170.26565091539058
21.363025336154692,5.795034398069185,1.000000000000001,-0.26223152970109354,-30.665742045801633,170.28874182801925
21.372844306884872,5.795189919884385,1.0000000000000009,-0.2664547713853551,-30.673598980006968,170.3118104603124
21.382663102946402,5.795343127325295,1.0000000000000009,-0.27068043579733825,-30.681453088054788,170.3348568225172
21.39248172435589,5.795494022045078,1.0000000000000009,-0.2749085220840719,-30.689304370742814,170.35788092488102
