galstreams/tracks/track.st.M92.thomas2020.ecsv
# %ECSV 0.9
# ---
# datatype:
# - {name: ra, unit: deg, datatype: float64}
# - {name: dec, unit: deg, datatype: float64}
# - {name: distance, unit: kpc, datatype: float64}
# - {name: pm_ra_cosdec, unit: mas / yr, datatype: float64}
# - {name: pm_dec, unit: mas / yr, datatype: float64}
# - {name: radial_velocity, unit: km / s, datatype: float64}
# delimiter: ','
# meta: !!omap
# - __serialized_columns__:
#     dec:
#       __class__: astropy.coordinates.angles.Latitude
#       unit: &id001 !astropy.units.Unit {unit: deg}
#       value: !astropy.table.SerializedColumn {name: dec}
#     distance:
#       __class__: astropy.coordinates.distances.Distance
#       unit: !astropy.units.Unit {unit: kpc}
#       value: !astropy.table.SerializedColumn {name: distance}
#     pm_dec:
#       __class__: astropy.units.quantity.Quantity
#       unit: !astropy.units.Unit {unit: mas / yr}
#       value: !astropy.table.SerializedColumn {name: pm_dec}
#     pm_ra_cosdec:
#       __class__: astropy.units.quantity.Quantity
#       unit: !astropy.units.Unit {unit: mas / yr}
#       value: !astropy.table.SerializedColumn {name: pm_ra_cosdec}
#     ra:
#       __class__: astropy.coordinates.angles.Longitude
#       unit: *id001
#       value: !astropy.table.SerializedColumn {name: ra}
#       wrap_angle: !astropy.coordinates.Angle
#         unit: *id001
#         value: 360.0
#     radial_velocity:
#       __class__: astropy.units.quantity.Quantity
#       unit: !astropy.units.Unit {unit: km / s}
#       value: !astropy.table.SerializedColumn {name: radial_velocity}
# schema: astropy-2.0
ra,dec,distance,pm_ra_cosdec,pm_dec,radial_velocity
[from data line 1225]
266.69288565004985,41.42755982064747,8.300000000000004,0.0,0.0,0.0
266.70503573610773,41.42205024145903,8.300000000000006,0.0,0.0,0.0
266.71718196313657,41.41653254510862,8.300000000000002,0.0,0.0,0.0
266.72932432948136,41.411006738934375,8.300000000000004,0.0,0.0,0.0
266.74146283349523,41.40547283027142,8.300000000000004,0.0,0.0,0.0
266.7535974735394,41.399930826451964,8.300000000000004,0.0,0.0,0.0
266.76572824798325,41.39438073480523,8.300000000000002,0.0,0.0,0.0
266.7778551552041,41.38882256265754,8.300000000000004,0.0,0.0,0.0
266.7899781935875,41.3832563173323,8.300000000000004,0.0,0.0,0.0
266.8020973615268,41.377682006149946,8.300000000000004,0.0,0.0,0.0
266.81421265742375,41.37209963642814,8.300000000000006,0.0,0.0,0.0
266.82632407968794,41.36650921548152,8.300000000000006,0.0,0.0,0.0
266.83843162673696,41.36091075062195,8.300000000000006,0.0,0.0,0.0
266.8505352969966,41.35530424915838,8.300000000000006,0.0,0.0,0.0
266.8626350889007,41.34968971839694,8.300000000000004,0.0,0.0,0.0
266.8747310008909,41.34406716564089,8.300000000000006,0.0,0.0,0.0
266.886823031417,41.338436598190704,8.300000000000006,0.0,0.0,0.0
266.898911178937,41.33279802334401,8.300000000000006,0.0,0.0,0.0
266.9109954419165,41.32715144839567,8.300000000000006,0.0,0.0,0.0
266.92307581882943,41.321496880637696,8.300000000000004,0.0,0.0,0.0
266.9351523081576,41.315834327359376,8.300000000000004,0.0,0.0,0.0
266.9472249083909,41.310163795847195,8.300000000000006,0.0,0.0,0.0
266.959293618027,41.30448529338492,8.300000000000006,0.0,0.0,0.0
266.9713584355718,41.298798827253556,8.300000000000006,0.0,0.0,0.0
266.9834193595389,41.29310440473136,8.300000000000006,0.0,0.0,0.0
266.9954763884502,41.28740203309388,8.300000000000004,0.0,0.0,0.0
267.00752952083513,41.28169171961399,8.300000000000006,0.0,0.0,0.0
267.01957875523146,41.27597347156181,8.300000000000006,0.0,0.0,0.0
267.0316240901847,41.27024729620482,8.300000000000006,0.0,0.0,0.0
267.0436655242484,41.26451320080781,8.300000000000006,0.0,0.0,0.0
267.05570305598405,41.25877119263292,8.300000000000006,0.0,0.0,0.0
267.0677366839609,41.25302127893961,8.300000000000006,0.0,0.0,0.0
267.0797664067563,41.24726346698476,8.300000000000004,0.0,0.0,0.0
267.09179222295546,41.24149776402258,8.300000000000004,0.0,0.0,0.0
267.1038141311514,41.23572417730467,8.300000000000006,0.0,0.0,0.0
267.11583212994526,41.22994271408006,8.300000000000004,0.0,0.0,0.0
267.1278462179459,41.22415338159515,8.300000000000004,0.0,0.0,0.0
267.13985639377006,41.21835618709379,8.300000000000004,0.0,0.0,0.0
267.1518626560425,41.212551137817265,8.300000000000006,0.0,0.0,0.0
267.1638650033958,41.206738241004295,8.300000000000004,0.0,0.0,0.0
267.17586343447033,41.200917503891056,8.300000000000006,0.0,0.0,0.0
267.1878579479144,41.195088933711205,8.300000000000006,0.0,0.0,0.0
267.1998485423842,41.189252537695886,8.300000000000004,0.0,0.0,0.0
267.21183521654365,41.183408323073714,8.300000000000006,0.0,0.0,0.0
267.2238179690647,41.17755629707082,8.300000000000004,0.0,0.0,0.0
267.23579679862706,41.17169646691089,8.300000000000006,0.0,0.0,0.0
267.24777170391815,41.165828839815056,8.300000000000006,0.0,0.0,0.0
267.2597426836334,41.15995342300207,8.300000000000004,0.0,0.0,0.0
267.27170973647605,41.154070223688194,8.300000000000004,0.0,0.0,0.0
267.283672861157,41.148179249087306,8.300000000000004,0.0,0.0,0.0
267.29563205639505,41.14228050641077,8.300000000000006,0.0,0.0,0.0
267.3075873209169,41.13637400286765,8.300000000000004,0.0,0.0,0.0
267.31953865345685,41.1304597456645,8.300000000000006,0.0,0.0,0.0
267.3314860527572,41.12453774200558,8.300000000000004,0.0,0.0,0.0
267.3434295175678,41.11860799909271,8.300000000000004,0.0,0.0,0.0
267.35536904664656,41.1126705241254,8.300000000000006,0.0,0.0,0.0
267.3673046387589,41.10672532430075,8.300000000000004,0.0,0.0,0.0
267.3792362926782,41.100772406813576,8.300000000000006,0.0,0.0,0.0
267.39116400718547,41.094811778856325,8.300000000000006,0.0,0.0,0.0
267.40308778106953,41.088843447619155,8.300000000000006,0.0,0.0,0.0
267.41500761312693,41.08286742028991,8.300000000000006,0.0,0.0,0.0
267.426923502162,41.07688370405413,8.300000000000006,0.0,0.0,0.0
267.43883544698684,41.07089230609512,8.300000000000006,0.0,0.0,0.0
267.4507434464211,41.06489323359382,8.300000000000004,0.0,0.0,0.0
267.4626474992923,41.058886493729034,8.300000000000004,0.0,0.0,0.0
267.4745476044357,41.052872093677244,8.300000000000006,0.0,0.0,0.0
267.4864437606942,41.04685004061272,8.300000000000006,0.0,0.0,0.0
267.4983359669184,41.04082034170751,8.300000000000006,0.0,0.0,0.0
267.51022422196667,41.03478300413145,8.300000000000006,0.0,0.0,0.0
267.522108524705,41.02873803505219,8.300000000000004,0.0,0.0,0.0
267.5339888740071,41.022685441635204,8.300000000000006,0.0,0.0,0.0
267.5458652687543,41.01662523104375,8.300000000000006,0.0,0.0,0.0
267.5577377078358,41.01055741043896,8.300000000000004,0.0,0.0,0.0
267.56960619014825,41.004481986979826,8.300000000000004,0.0,0.0,0.0
267.58147071459604,40.99839896782318,8.300000000000006,0.0,0.0,0.0
267.5933312800912,40.99230836012372,8.300000000000006,0.0,0.0,0.0
267.60518788555345,40.986210171034074,8.300000000000006,0.0,0.0,0.0
267.6170405299102,40.98010440770472,8.300000000000004,0.0,0.0,0.0
267.6288892120962,40.973991077284076,8.300000000000004,0.0,0.0,0.0
267.6407339310544,40.96787018691848,8.300000000000004,0.0,0.0,0.0
267.6525746857348,40.96174174375218,8.300000000000004,0.0,0.0,0.0
267.6644114750954,40.9556057549274,8.300000000000004,0.0,0.0,0.0
267.67624429810155,40.94946222758433,8.300000000000004,0.0,0.0,0.0
267.68807315372635,40.94331116886108,8.300000000000006,0.0,0.0,0.0
267.6998980409506,40.93715258589379,8.300000000000004,0.0,0.0,0.0
267.7117189587625,40.93098648581659,8.300000000000004,0.0,0.0,0.0
267.72353590615796,40.924812875761575,8.300000000000006,0.0,0.0,0.0
267.73534888214033,40.91863176285892,8.300000000000006,0.0,0.0,0.0
267.7471578857208,40.912443154236776,8.300000000000006,0.0,0.0,0.0
267.75896291591783,40.906247057021375,8.300000000000006,0.0,0.0,0.0
267.7707639717576,40.90004347833696,8.300000000000006,0.0,0.0,0.0
267.7825610522741,40.893832425305895,8.300000000000006,0.0,0.0,0.0
267.7943541565083,40.88761390504858,8.300000000000006,0.0,0.0,0.0
267.80614328350913,40.88138792468351,8.300000000000006,0.0,0.0,0.0
267.817928432333,40.87515449132731,8.300000000000006,0.0,0.0,0.0
267.8297096020438,40.86891361209468,8.300000000000004,0.0,0.0,0.0
267.84148679171307,40.86266529409846,8.300000000000004,0.0,0.0,0.0
267.85326000041965,40.85640954444965,8.300000000000006,0.0,0.0,0.0
267.86502922725003,40.85014637025737,8.300000000000004,0.0,0.0,0.0
267.87679447129824,40.84387577862892,8.300000000000006,0.0,0.0,0.0
267.8885557316658,40.83759777666976,8.300000000000004,0.0,0.0,0.0
267.9003130074617,40.83131237148355,8.300000000000006,0.0,0.0,0.0
267.9120662978025,40.825019570172124,8.300000000000006,0.0,0.0,0.0
267.923815601812,40.81871937983557,8.300000000000004,0.0,0.0,0.0
267.93556091862195,40.81241180757213,8.300000000000006,0.0,0.0,0.0
267.947302247371,40.80609686047837,8.300000000000004,0.0,0.0,0.0
267.9590395872058,40.799774545649,8.300000000000006,0.0,0.0,0.0
267.9707729372801,40.79344487017706,8.300000000000006,0.0,0.0,0.0
267.9825022967553,40.787107841153855,8.300000000000004,0.0,0.0,0.0
267.99422766480023,40.78076346566891,8.300000000000006,0.0,0.0,0.0
268.0059490405911,40.77441175081014,8.300000000000006,0.0,0.0,0.0
268.0176664233115,40.76805270366366,8.300000000000006,0.0,0.0,0.0
268.0293798121526,40.76168633131398,8.300000000000004,0.0,0.0,0.0
268.0410892063131,40.75531264084393,8.300000000000004,0.0,0.0,0.0
268.0527946049988,40.748931639334664,8.300000000000004,0.0,0.0,0.0
268.0644960074231,40.74254333386565,8.300000000000004,0.0,0.0,0.0
268.07619341280684,40.73614773151481,8.300000000000006,0.0,0.0,0.0
268.08788682037823,40.72974483935837,8.300000000000006,0.0,0.0,0.0
268.09957622937293,40.723334664471004,8.300000000000006,0.0,0.0,0.0
268.1112616390339,40.7169172139257,8.300000000000006,0.0,0.0,0.0
268.1229430486115,40.71049249479397,8.300000000000006,0.0,0.0,0.0
268.1346204573635,40.70406051414566,8.300000000000004,0.0,0.0,0.0
268.1462938645551,40.6976212790491,8.300000000000006,0.0,0.0,0.0
268.15796326945883,40.691174796571076,8.300000000000004,0.0,0.0,0.0
268.16962867135453,40.68472107377679,8.300000000000006,0.0,0.0,0.0
268.18129006952955,40.678260117729984,8.300000000000004,0.0,0.0,0.0
268.19294746327836,40.67179193549281,8.300000000000004,0.0,0.0,0.0
268.20460085190297,40.66531653412598,8.300000000000004,0.0,0.0,0.0
268.21625023471273,40.65883392068867,8.300000000000006,0.0,0.0,0.0
268.2278956110241,40.65234410223862,8.300000000000006,0.0,0.0,0.0
268.23953698016123,40.64584708583208,8.300000000000006,0.0,0.0,0.0
268.2511743414553,40.639342878523834,8.300000000000006,0.0,0.0,0.0
268.262807694245,40.63283148736724,8.300000000000004,0.0,0.0,0.0
268.27443703787617,40.62631291941424,8.300000000000004,0.0,0.0,0.0
268.28606237170203,40.61978718171533,8.300000000000006,0.0,0.0,0.0
268.29768369508315,40.613254281319605,8.300000000000006,0.0,0.0,0.0
268.3093010073873,40.60671422527477,8.300000000000004,0.0,0.0,0.0
268.32091430798977,40.60016702062717,8.300000000000006,0.0,0.0,0.0
268.3325235962728,40.59361267442174,8.300000000000004,0.0,0.0,0.0
268.344128871626,40.58705119370208,8.300000000000004,0.0,0.0,0.0
268.35573013344646,40.58048258551045,8.300000000000004,0.0,0.0,0.0
268.36732738113835,40.57390685688775,8.300000000000004,0.0,0.0,0.0
268.37892061411327,40.567324014873584,8.300000000000006,0.0,0.0,0.0
268.39050983178976,40.56073406650623,8.300000000000006,0.0,0.0,0.0
268.4020950335939,40.55413701882268,8.300000000000004,0.0,0.0,0.0
268.413676218959,40.547532878858625,8.300000000000006,0.0,0.0,0.0
268.4252533873254,40.54092165364852,8.300000000000004,0.0,0.0,0.0
268.43682653814096,40.53430335022549,8.300000000000004,0.0,0.0,0.0
268.44839567086046,40.52767797562148,8.300000000000006,0.0,0.0,0.0
268.4599607849462,40.52104553686714,8.300000000000006,0.0,0.0,0.0
268.47152187986745,40.51440604099194,8.300000000000004,0.0,0.0,0.0
268.48307895510084,40.507759495024125,8.300000000000004,0.0,0.0,0.0
268.4946320101302,40.50110590599071,8.300000000000006,0.0,0.0,0.0
268.5061810444464,40.49444528091756,8.300000000000006,0.0,0.0,0.0
268.5177260575478,40.48777762682933,8.300000000000006,0.0,0.0,0.0
268.52926704893963,40.48110295074954,8.300000000000004,0.0,0.0,0.0
268.54080401813457,40.47442125970052,8.300000000000006,0.0,0.0,0.0
268.55233696465234,40.4677325607035,8.300000000000006,0.0,0.0,0.0
268.56386588801973,40.461036860778556,8.300000000000004,0.0,0.0,0.0
268.57539078777097,40.45433416694464,8.300000000000006,0.0,0.0,0.0
268.58691166344715,40.447624486219624,8.300000000000006,0.0,0.0,0.0
268.59842851459683,40.44090782562026,8.300000000000004,0.0,0.0,0.0
268.6099413407754,40.43418419216224,8.300000000000006,0.0,0.0,0.0
268.62145014154567,40.427453592860175,8.300000000000006,0.0,0.0,0.0
268.6329549164774,40.42071603472763,8.300000000000006,0.0,0.0,0.0
268.6444556651475,40.41397152477712,8.300000000000002,0.0,0.0,0.0
268.65595238714025,40.407220070020124,8.300000000000006,0.0,0.0,0.0
268.66744508204664,40.40046167746709,8.300000000000002,0.0,0.0,0.0
268.6789337494651,40.3936963541275,8.300000000000004,0.0,0.0,0.0
268.6904183890011,40.386924107009776,8.300000000000004,0.0,0.0,0.0
268.70189900026713,40.3801449431214,8.300000000000006,0.0,0.0,0.0
268.71337558288286,40.373358869468895,8.300000000000004,0.0,0.0,0.0
268.72484813647503,40.36656589305777,8.300000000000004,0.0,0.0,0.0
268.7363166606774,40.35976602089262,8.300000000000004,0.0,0.0,0.0
268.74778115513107,40.35295925997712,8.300000000000006,0.0,0.0,0.0
268.7592416194838,40.34614561731399,8.300000000000004,0.0,0.0,0.0
268.7706980533908,40.33932509990503,8.300000000000006,0.0,0.0,0.0
268.7821504565142,40.332497714751185,8.300000000000006,0.0,0.0,0.0
268.79359882852316,40.32566346885249,8.300000000000006,0.0,0.0,0.0
268.80504316909395,40.31882236920808,8.300000000000004,0.0,0.0,0.0
268.81648347790986,40.311974422816256,8.300000000000006,0.0,0.0,0.0
268.82791975466125,40.30511963667447,8.300000000000004,0.0,0.0,0.0
268.8393519990455,40.29825801777931,8.300000000000004,0.0,0.0,0.0
268.85078021076714,40.29138957312656,8.300000000000004,0.0,0.0,0.0
268.86220438953745,40.28451430971118,8.300000000000004,0.0,0.0,0.0
268.87362453507507,40.27763223452731,8.300000000000006,0.0,0.0,0.0
268.8850406471053,40.27074335456834,8.300000000000004,0.0,0.0,0.0
268.896452725361,40.26384767682684,8.300000000000006,0.0,0.0,0.0
268.90786076958125,40.256945208294646,8.300000000000006,0.0,0.0,0.0
268.91926477951296,40.250035955962794,8.300000000000006,0.0,0.0,0.0
268.93066475490946,40.243119926821635,8.300000000000006,0.0,0.0,0.0
268.9420606955314,40.23619712786077,8.300000000000004,0.0,0.0,0.0
268.9534526011461,40.22926756606904,8.300000000000006,0.0,0.0,0.0
268.9648404715282,40.222331248434635,8.300000000000004,0.0,0.0,0.0
268.97622430645913,40.21538818194504,8.300000000000004,0.0,0.0,0.0
268.9876041057273,40.20843837358702,8.300000000000006,0.0,0.0,0.0
268.9989798691281,40.201481830346715,8.300000000000006,0.0,0.0,0.0
269.0103515964639,40.194518559209584,8.300000000000006,0.0,0.0,0.0
269.02171928754416,40.187548567160455,8.300000000000004,0.0,0.0,0.0
269.03308294218493,40.1805718611835,8.300000000000006,0.0,0.0,0.0
269.0444425602095,40.173588448262294,8.300000000000004,0.0,0.0,0.0
269.0557981414482,40.166598335379774,8.300000000000006,0.0,0.0,0.0
269.06714968573783,40.159601529518326,8.300000000000006,0.0,0.0,0.0
269.0784971929226,40.15259803765969,8.300000000000004,0.0,0.0,0.0
269.0898406628534,40.1455878667851,8.300000000000006,0.0,0.0,0.0
269.1011800953882,40.13857102387518,8.300000000000006,0.0,0.0,0.0
269.11251549039156,40.13154751591001,8.300000000000004,0.0,0.0,0.0
269.1238468477353,40.124517349869166,8.300000000000006,0.0,0.0,0.0
269.13517416729803,40.117480532731655,8.300000000000006,0.0,0.0,0.0
269.14649744896525,40.11043707147601,8.300000000000004,0.0,0.0,0.0
269.15781669262924,40.10338697308024,8.300000000000006,0.0,0.0,0.0
269.16913189818933,40.09633024452186,8.300000000000006,0.0,0.0,0.0
269.18044306555174,40.08926689277796,8.300000000000004,0.0,0.0,0.0
269.1917501946294,40.0821969248251,8.300000000000006,0.0,0.0,0.0
269.20305328534226,40.07512034763941,8.300000000000006,0.0,0.0,0.0
269.21435233761713,40.06803716819662,8.300000000000006,0.0,0.0,0.0
269.2256473513875,40.06094739347198,8.300000000000004,0.0,0.0,0.0
269.23693832659404,40.05385103044035,8.300000000000006,0.0,0.0,0.0
269.248225263184,40.04674808607617,8.300000000000004,0.0,0.0,0.0
269.2595081611116,40.03963856735352,8.300000000000006,0.0,0.0,0.0
269.27078702033793,40.03252248124608,8.300000000000006,0.0,0.0,0.0
269.28206184083075,40.02539983472715,8.300000000000004,0.0,0.0,0.0
269.29333262256483,40.018270634769706,8.300000000000004,0.0,0.0,0.0
269.3045993655217,40.01113488834636,8.300000000000004,0.0,0.0,0.0
269.3158620696897,40.003992602429406,8.300000000000004,0.0,0.0,0.0
269.32712073506406,39.99684378399079,8.300000000000006,0.0,0.0,0.0
269.3383753616466,39.98968844000221,8.300000000000004,0.0,0.0,0.0
269.34962594944636,39.982526577435024,8.300000000000006,0.0,0.0,0.0
269.3608724984787,39.97535820326031,8.300000000000004,0.0,0.0,0.0
269.3721150087662,39.9681833244489,8.300000000000006,0.0,0.0,0.0
269.3833534803379,39.96100194797135,8.300000000000004,0.0,0.0,0.0
269.3945879132299,39.953814080797976,8.300000000000004,0.0,0.0,0.0
269.4058183074849,39.94661972989886,8.300000000000004,0.0,0.0,0.0
269.4170446631523,39.93941890224387,8.300000000000006,0.0,0.0,0.0
269.42826698028864,39.932211604802646,8.300000000000006,0.0,0.0,0.0
269.4394852589568,39.92499784454467,8.300000000000006,0.0,0.0,0.0
269.4506994992267,39.9177776284392,8.300000000000006,0.0,0.0,0.0
269.461909701175,39.910550963455314,8.300000000000004,0.0,0.0,0.0
269.4731158648849,39.903317856561976,8.300000000000006,0.0,0.0,0.0
269.4843179904465,39.89607831472799,8.300000000000004,0.0,0.0,0.0
