galstreams/tracks/track.st.New-16.ibata2024.ecsv
# %ECSV 1.0
# ---
# datatype:
# - {name: ra, unit: deg, datatype: float64}
# - {name: dec, unit: deg, datatype: float64}
# - {name: distance, unit: kpc, datatype: float64}
# - {name: pm_ra_cosdec, unit: mas / yr, datatype: float64}
# - {name: pm_dec, unit: mas / yr, datatype: float64}
# - {name: radial_velocity, unit: km / s, datatype: float64}
# delimiter: ','
# meta: !!omap
# - __serialized_columns__:
#     dec:
#       __class__: astropy.coordinates.angles.Latitude
#       unit: &id001 !astropy.units.Unit {unit: deg}
#       value: !astropy.table.SerializedColumn {name: dec}
#     distance:
#       __class__: astropy.coordinates.distances.Distance
#       unit: !astropy.units.Unit {unit: kpc}
#       value: !astropy.table.SerializedColumn {name: distance}
#     pm_dec:
#       __class__: astropy.units.quantity.Quantity
#       unit: !astropy.units.Unit {unit: mas / yr}
#       value: !astropy.table.SerializedColumn {name: pm_dec}
#     pm_ra_cosdec:
#       __class__: astropy.units.quantity.Quantity
#       unit: !astropy.units.Unit {unit: mas / yr}
#       value: !astropy.table.SerializedColumn {name: pm_ra_cosdec}
#     ra:
#       __class__: astropy.coordinates.angles.Longitude
#       unit: *id001
#       value: !astropy.table.SerializedColumn {name: ra}
#       wrap_angle: !astropy.coordinates.Angle
#         unit: *id001
#         value: 360.0
#     radial_velocity:
#       __class__: astropy.units.quantity.Quantity
#       unit: !astropy.units.Unit {unit: km / s}
#       value: !astropy.table.SerializedColumn {name: radial_velocity}
# schema: astropy-2.0
ra,dec,distance,pm_ra_cosdec,pm_dec,radial_velocity
[from data line 2167]
189.19884077127986,-25.307346623809213,1.0000000000000009,-3.389342515321715,3.702652804481815,1121.7948569828443
189.19705384169197,-25.296870747103878,1.0000000000000009,-3.3884991031305702,3.6978613403631044,1124.5467057288656
189.19526125605,-25.28639384260578,1.000000000000001,-3.3876560653501038,3.6930704029802826,1127.303848381751
189.19346301138668,-25.275915909508093,1.0000000000000007,-3.3868134032611117,3.688279994540409,1130.0662897022128
189.19165910473492,-25.265436947003742,1.000000000000001,-3.38597111814412,3.6834901172508125,1132.834034450962
189.18984953312767,-25.254956954285344,1.0000000000000009,-3.385129211278855,3.6787007733186528,1135.6070873887127
189.188034293598,-25.244475930545267,1.0000000000000009,-3.3842876839448586,3.673911964951216,1138.385453276174
189.18621338317897,-25.23399387497559,1.0000000000000009,-3.3834465374209834,3.6691236943558607,1141.169136874062
189.1843867989038,-25.223510786768127,1.0000000000000007,-3.3826057729853574,3.6643359637398305,1143.9581429430852
189.18255453780571,-25.213026665114405,1.0000000000000009,-3.3817653919160193,3.659548775310512,1146.7524762439584
189.1807165969181,-25.20254150920569,1.0000000000000009,-3.3809253954901024,3.654762131275291,1149.5521415373942
189.17887297327428,-25.192055318232978,1.0000000000000009,-3.380085784984285,3.6499760338415257,1152.3571435841022
189.17702366390782,-25.18156809138698,1.0000000000000009,-3.379246561674929,3.6451904852168155,1155.1674871447974
189.17516866585214,-25.171079827858154,1.0000000000000009,-3.378407726837473,3.64040548760849,1157.9831769801904
189.17330797614093,-25.160590526836675,1.0000000000000009,-3.3775692817471956,3.6356210432241625,1160.8042178509947
189.17144159180782,-25.150100187512454,1.000000000000001,-3.3767312276786434,3.6308371542713473,1163.6306145179203
189.16956950988654,-25.139608809075124,1.0000000000000009,-3.3758935659059013,3.6260538229576156,1166.462371741681
189.1676917274109,-25.129116390714067,1.0000000000000007,-3.3750562977023577,3.621271051490652,1169.29949428299
189.1658082414147,-25.11862293161837,1.0000000000000009,-3.374219424341007,3.6164888420779846,1172.1419869025572
189.16391904893194,-25.108128430976873,1.0000000000000009,-3.3733829470943846,3.611707196927412,1174.9898543610975
189.16202414699654,-25.09763288797815,1.0000000000000007,-3.3725468672341137,3.6069261182465766,1177.8431014193204
189.16012353264253,-25.08713630181049,1.0000000000000009,-3.371711186031689,3.6021456082432337,1180.7017328379402
189.15821720290398,-25.076638671661936,1.0000000000000009,-3.3708759047578027,3.5973656691252103,1183.565753377668
189.15630515481507,-25.066139996720256,1.0000000000000009,-3.3700410246826777,3.5925863031003473,1186.4351677992172
189.15438738540996,-25.055640276172962,1.0000000000000009,-3.369206547076004,3.5878075123764432,1189.3099808632987
189.1524638917229,-25.045139509207285,1.0000000000000009,-3.3683724732068825,3.5830292991614527,1192.1901973306249
189.15053467078823,-25.034637695010193,1.0000000000000009,-3.3675388043439014,3.5782516656632026,1195.0758219619092
189.14859971964023,-25.024134832768425,1.0000000000000009,-3.366705541754918,3.573474614089804,1197.9668595178625
189.14665903531332,-25.013630921668405,1.0000000000000009,-3.365872686707405,3.5686981466491687,1200.8633147591984
189.14471261484195,-25.003125960896348,1.0000000000000009,-3.365040240468268,3.5639222655493654,1203.765192446628
189.1427604552606,-24.992619949638154,1.0000000000000007,-3.364208204303779,3.5591469729984198,1206.6724973408643
189.1408025536038,-24.98211288707952,1.0000000000000009,-3.3633765794797625,3.554372271204585,1209.5852342026183
189.1388389069061,-24.97160477240583,1.0000000000000009,-3.362545367261312,3.549598162375858,1212.5034077926034
189.13686951220217,-24.96109560480224,1.0000000000000009,-3.3617145689130794,3.544824648720521,1215.427022871532
189.13489436652665,-24.950585383453642,1.0000000000000009,-3.3608841856991205,3.5400517324468126,1218.3560842001157
189.1329134669142,-24.940074107544675,1.0000000000000009,-3.3600542188829152,3.5352794157630143,1221.2905965390673
189.1309268103996,-24.929561776259696,1.0000000000000009,-3.359224669727247,3.530507700877351,1224.2305646490975
189.1289343940176,-24.919048388782816,1.0000000000000009,-3.358395539494616,3.5257365899982887,1227.1759932909208
189.126936214803,-24.90853394429792,1.000000000000001,-3.3575668294466325,3.520966085334109,1230.1268872252479
189.12493226979066,-24.898018441988597,1.0000000000000009,-3.3567385408445674,3.5161961890933497,1233.083251212791
189.1229225560154,-24.887501881038183,1.0000000000000009,-3.355910674948852,3.511426903484363,1236.0450900142637
189.12090707051223,-24.8769842606298,1.0000000000000007,-3.3550832330197977,3.5066582307158285,1239.012408390376
189.118885810316,-24.86646557994626,1.0000000000000009,-3.3542562163165783,3.501890172996113,1241.9852111018436
189.11685877246165,-24.855945838170175,1.000000000000001,-3.353429626098091,3.4971227325339385,1244.9635029093756
189.11482595398428,-24.845425034483863,1.0000000000000009,-3.352603463622792,3.4923559115378993,1247.947288573686
189.11278735191883,-24.83490316806942,1.0000000000000009,-3.351777730148136,3.487589712216746,1250.936572855485
189.11074296330037,-24.82438023810866,1.0000000000000009,-3.3509524269313644,3.4828241367790724,1253.9313605154857
189.10869278516395,-24.813856243783174,1.0000000000000009,-3.3501275552288945,3.4780591874337574,1256.931656314403
