galstreams/tracks/track.st.Kshir.ibata2021.ecsv
# %ECSV 0.9
# ---
# datatype:
# - {name: ra, unit: deg, datatype: float64}
# - {name: dec, unit: deg, datatype: float64}
# - {name: distance, unit: kpc, datatype: float64}
# - {name: pm_ra_cosdec, unit: mas / yr, datatype: float64}
# - {name: pm_dec, unit: mas / yr, datatype: float64}
# - {name: radial_velocity, unit: km / s, datatype: float64}
# delimiter: ','
# meta: !!omap
# - __serialized_columns__:
#     dec:
#       __class__: astropy.coordinates.angles.Latitude
#       unit: &id001 !astropy.units.Unit {unit: deg}
#       value: !astropy.table.SerializedColumn {name: dec}
#     distance:
#       __class__: astropy.coordinates.distances.Distance
#       unit: !astropy.units.Unit {unit: kpc}
#       value: !astropy.table.SerializedColumn {name: distance}
#     pm_dec:
#       __class__: astropy.units.quantity.Quantity
#       unit: !astropy.units.Unit {unit: mas / yr}
#       value: !astropy.table.SerializedColumn {name: pm_dec}
#     pm_ra_cosdec:
#       __class__: astropy.units.quantity.Quantity
#       unit: !astropy.units.Unit {unit: mas / yr}
#       value: !astropy.table.SerializedColumn {name: pm_ra_cosdec}
#     ra:
#       __class__: astropy.coordinates.angles.Longitude
#       unit: *id001
#       value: !astropy.table.SerializedColumn {name: ra}
#       wrap_angle: !astropy.coordinates.Angle
#         unit: *id001
#         value: 360.0
#     radial_velocity:
#       __class__: astropy.units.quantity.Quantity
#       unit: !astropy.units.Unit {unit: km / s}
#       value: !astropy.table.SerializedColumn {name: radial_velocity}
# schema: astropy-2.0
ra,dec,distance,pm_ra_cosdec,pm_dec,radial_velocity
[from data line 557]
206.6458252520152,67.46840417402082,10.104650493953358,-7.66157567427635,-3.797610727970433,4.210383564936169e-14
206.67101980678018,67.4710274015433,10.106173473815213,-7.661380230673085,-3.794120758973783,5.894536990910637e-14
206.69621930318405,67.47364754272989,10.107699818389776,-7.661184632732773,-3.7906299406330906,8.420767129872338e-14
206.72142373966682,67.47626459329186,10.10922951566237,-7.6609888776263,-3.787138273805081,1.1789073981821273e-13
206.7466331146488,67.47887854893963,10.110762553618326,-7.660792962524657,-3.7836457593516832,7.578690416885104e-14
206.77184742653037,67.48148940538293,10.112298920242965,-7.660596884598943,-3.7801523981400447,1.2631150694808508e-13
206.79706667369194,67.48409715833071,10.113838603521618,-7.660400641020366,-3.7766581910425137,1.0104920555846805e-13
206.8222908544941,67.48670180349126,10.115381591439618,-7.66020422896025,-3.7731631389366638,8.420767129872338e-14
206.8475199672775,67.48930333657209,10.116927871982275,-7.660007645590082,-3.7696672427052875,5.894536990910637e-14
206.87275401036274,67.49190175328,10.11847743313493,-7.659810888081448,-3.7661705032363866,1.6841534259744676e-14
206.8979929820505,67.49449704932108,10.1200302628829,-7.659613953606099,-3.7626729214232073,9.262843842859572e-14
206.9232368806215,67.49708922040077,10.121586349211517,-7.659416839335938,-3.759174498164204,1.0104920555846805e-13
206.9484857043364,67.49967826222372,10.123145680106106,-7.65921954244303,-3.7556752343630704,6.73661370389787e-14
206.9737394514358,67.50226417049397,10.124708243551993,-7.6590220600996055,-3.752175130928737,1.0104920555846805e-13
206.99899812014027,67.50484694091485,10.126274027534505,-7.65882438947807,-3.748674188775364,7.578690416885104e-14
207.0242617086503,67.50742656918897,10.127843020038968,-7.658626527751024,-3.7451724088223544,8.420767129872338e-14
207.04953021514626,67.51000305101832,10.12941520905071,-7.6584284720912414,-3.741669791994354,8.420767129872338e-14
207.07480363778845,67.5125763821042,10.130990582555054,-7.658230219671714,-3.7381663392212534,1.0946997268834039e-13
207.10008197471694,67.5151465581473,10.13256912853733,-7.658031767665631,-3.734662051438184,6.73661370389787e-14
207.1253652240517,67.51771357484756,10.134150834982867,-7.657833113246399,-3.7311569295855422,4.210383564936169e-14
207.15065338389252,67.52027742790439,10.13573568987698,-7.657634253587652,-3.7276509746089714,1.1789073981821273e-13
207.17594645231895,67.52283811301646,10.137323681205006,-7.657435185863249,-3.7241441874593635,5.894536990910637e-14
207.20124442739035,67.52539562588188,10.13891479695227,-7.657235907247289,-3.720636569092884,1.0946997268834039e-13
207.2265473071459,67.5279499621981,10.140509025104098,-7.6570364149141215,-3.7171281204709454,5.0524602779234026e-14
207.2518550896043,67.53050111766196,10.142106353645813,-7.656836706038348,-3.7136188425602445,8.420767129872338e-14
207.27716777276424,67.53304908796969,10.143706770562748,-7.656636777794834,-3.710108736332728,1.1789073981821273e-13
207.30248535460393,67.53559386881689,10.145310263840221,-7.65643662735871,-3.706597802765621,5.894536990910637e-14
207.32780783308132,67.5381354558986,10.146916821463565,-7.656236251905392,-3.7030860428414236,1.2631150694808508e-13
207.35313520613406,67.54067384490925,10.148526431418105,-7.656035648610584,-3.6995734575479076,9.262843842859572e-14
207.3784674716793,67.54320903154266,10.150139081689165,-7.65583481465028,-3.6960600478781283,1.0104920555846805e-13
207.40380462761397,67.54574101149213,10.151754760262076,-7.655633747200768,-3.692545814830416,6.73661370389787e-14
207.4291466718145,67.5482697804503,10.153373455122162,-7.65543244343866,-3.6890307594083946,1.2631150694808508e-13
207.45449360213698,67.55079533410932,10.15499515425475,-7.65523090054088,-3.6855148826209625,7.578690416885104e-14
207.4798454164169,67.55331766816077,10.15661984564516,-7.655029115684686,-3.681998185482326,1.0104920555846805e-13
207.50520211246953,67.55583677829564,10.15824751727873,-7.654827086047654,-3.6784806690119614,7.578690416885104e-14
207.53056368808947,67.55835266020439,10.159878157140778,-7.654624808807718,-3.6749623342346585,1.0104920555846805e-13
207.55593014105088,67.56086530957698,10.161511753216637,-7.654422281143154,-3.6714431821804947,4.210383564936169e-14
207.58130146910744,67.56337472210276,10.163148293491627,-7.654219500232603,-3.667923213884852,5.0524602779234026e-14
207.60667766999222,67.56588089347063,10.164787765951075,-7.654016463255067,-3.6644024303884164,7.578690416885104e-14
207.6320587414178,67.56838381936893,10.166430158580315,-7.653813167389924,-3.6608808327371722,8.420767129872338e-14
207.65744468107619,67.57088349548548,10.168075459364665,-7.653609609816941,-3.65735842198242,1.0946997268834039e-13
207.6828354866388,67.57337991750761,10.169723656289454,-7.65340578771627,-3.6538351991807634,1.0104920555846805e-13
207.7082311557563,67.57587308112217,10.171374737340008,-7.653201698268463,-3.650311165394127,5.0524602779234026e-14
207.7336316860589,67.5783629820155,10.17302869050166,-7.652997338654476,-3.6467863216897483,7.578690416885104e-14
207.7590370751561,67.58084961587343,10.174685503759727,-7.65279270605569,-3.6432606691401817,9.262843842859572e-14
207.78444732063673,67.58333297838135,10.176345165099542,-7.652587797653904,-3.639734208823299,1.347322740779574e-13
207.80986242006892,67.58581306522413,10.178007662506428,-7.652382610631354,-3.6362069418223,1.2631150694808508e-13
207.8352823710001,67.58828987208626,10.179672983965713,-7.652177142170705,-3.6326788692257113,8.420767129872338e-14
207.86070717095708,67.59076339465169,10.181341117462722,-7.651971389455098,-3.629149992127368,1.0104920555846805e-13
207.88613681744562,67.59323362860394,10.183012050982782,-7.6517653496680875,-3.625620311626487,5.0524602779234026e-14
207.91157130795094,67.5957005696261,10.184685772511223,-7.651559019993722,-3.62208982882757,6.73661370389787e-14
207.9370106399375,67.59816421340079,10.186362270033364,-7.6513523976165345,-3.618558544840469,1.0946997268834039e-13
207.962454810849,67.60062455561025,10.188041531534537,-7.651145479721511,-3.6150264607803666,5.894536990910637e-14
207.98790381810812,67.60308159193626,10.189723545000069,-7.650938263494139,-3.611493577767801,7.578690416885104e-14
208.01335765911682,67.60553531806019,10.191408298415285,-7.650730746120418,-3.607959896928642,1.0946997268834039e-13
208.03881633125627,67.60798572966299,10.193095779765509,-7.650522924786842,-3.604425419394107,1.2631150694808508e-13
208.0642798318867,67.61043282242522,10.194785977036073,-7.650314796680416,-3.600890146300757,5.894536990910637e-14
208.0897481583473,67.61287659202706,10.1964788782123,-7.650106358988674,-3.597354078790518,8.420767129872338e-14
208.11522130795666,67.61531703414825,10.198174471279515,-7.649897608899698,-3.593817218010645,9.262843842859572e-14
208.1406992780122,67.6177541444682,10.199872744223047,-7.649688543602081,-3.590279565113762,4.210383564936169e-14
208.16618206579045,67.62018791866586,10.20157368502822,-7.649479160284988,-3.586741121257854,1.6841534259744677e-13
208.19166966854706,67.62261835241995,10.203277281680366,-7.649269456138132,-3.5832018876062444,7.578690416885104e-14
208.21716208351657,67.6250454414087,10.204983522164804,-7.649059428351788,-3.579661865327638,5.0524602779234026e-14
208.2426593079126,67.62746918131005,10.206692394466867,-7.648849074116826,-3.5761210555960967,5.894536990910637e-14
208.26816133892768,67.62988956780156,10.208403886571872,-7.64863839062468,-3.5725794595910454,8.420767129872338e-14
208.29366817373344,67.63230659656045,10.21011798646516,-7.648427375067367,-3.5690370784972725,6.73661370389787e-14
208.31917980948032,67.63472026326366,10.211834682132046,-7.648216024637538,-3.565493913504952,1.1789073981821273e-13
208.34469624329773,67.63713056358773,10.213553961557862,-7.648004336528422,-3.5619499658096077,6.73661370389787e-14
208.370217472294,67.6395374932089,10.215275812727933,-7.647792307933873,-3.5584052366121597,8.420767129872338e-14
208.39574349355638,67.64194104780313,10.217000223627585,-7.647579936048384,-3.5548597271188864,6.73661370389787e-14
208.42127430415096,67.64434122304603,10.21872718224214,-7.647367218067074,-3.5513134385414578,8.420767129872338e-14
208.44680990112266,67.64673801461292,10.220456676556932,-7.647154151185695,-3.5477663720969175,1.347322740779574e-13
208.47235028149532,67.64913141817887,10.222188694557284,-7.646940732600665,-3.544218529007687,2.5262301389617013e-14
208.4978954422715,67.6515214294186,10.223923224228525,-7.646726959509056,-3.5406699105015886,4.210383564936169e-14
208.52344538043266,67.65390804400658,10.22566025355598,-7.646512829108609,-3.537120517811816,5.894536990910637e-14
208.549000092939,67.65629125761703,10.227399770524972,-7.6462983385977505,-3.5335703521769606,9.262843842859572e-14
208.57455957672948,67.65867106592387,10.229141763120829,-7.646083485175587,-3.5300194148409982,1.347322740779574e-13
208.60012382872193,67.66104746460078,10.230886219328882,-7.645868266041916,-3.5264677070532966,9.262843842859572e-14
208.6256928458127,67.66342044932118,10.232633127134452,-7.645652678397247,-3.52291523006863,1.4315304120782974e-13
208.65126662487708,67.66579001575829,10.234382474522867,-7.6454367194428015,-3.519361985147154,8.420767129872338e-14
208.67684516276893,67.668156159585,10.23613424947946,-7.645220386380516,-3.515807973554434,1.1789073981821273e-13
208.70242845632083,67.67051887647406,10.237888439989545,-7.645003676413065,-3.5122531965614296,1.0946997268834039e-13
208.72801650234405,67.67287816209797,10.23964503403846,-7.644786586743861,-3.508697655444507,5.0524602779234026e-14
208.7536092976285,67.675234012129,10.241404019611522,-7.644569114577059,-3.5051413514854364,3.368306851948935e-14
208.77920683894268,67.6775864222392,10.243165384694068,-7.64435125711757,-3.5015842859713917,9.262843842859572e-14
208.8048091230338,67.67993538810049,10.244929117271413,-7.6441330115710855,-3.4980264601949553,8.420767129872338e-14
208.83041614662764,67.68228090538452,10.246695205328894,-7.6439143751440515,-3.4944678754541165,3.368306851948935e-14
208.85602790642852,67.68462296976277,10.248463636851827,-7.643695345043709,-3.4909085330522895,8.420767129872338e-14
208.88164439911938,67.68696157690657,10.250234399825548,-7.643475918478094,-3.487348434298287,7.578690416885104e-14
208.90726562136166,67.68929672248707,10.252007482235381,-7.643256092656026,-3.483787580506345,1.0946997268834039e-13
208.93289156979546,67.69162840217523,10.25378287206665,-7.643035864787157,-3.480225972996112,8.420767129872338e-14
208.95852224103928,67.69395661164184,10.25556055730468,-7.642815232081946,-3.4766636130926587,9.262843842859572e-14
208.98415763169012,67.6962813465576,10.257340525934799,-7.6425941917516775,-3.4731005021264743,8.420767129872338e-14
209.00979773832356,67.69860260259306,10.259122765942339,-7.642372741008473,-3.469536641433475,5.894536990910637e-14
209.03544255749358,67.70092037541853,10.260907265312618,-7.642150877065317,-3.4659720323549976,8.420767129872338e-14
209.06109208573267,67.70323466070431,10.262694012030972,-7.641928597136022,-3.462406676237798,3.368306851948935e-14
209.0867463195517,67.70554545412053,10.264482994082716,-7.641705898435284,-3.458840574434078,1.0946997268834039e-13
209.11240525544005,67.70785275133721,10.266274199453184,-7.641482778178663,-3.4552737283014454,1.347322740779574e-13
209.13806888986545,67.71015654802427,10.268067616127702,-7.6412592335826,-3.45170613920295,7.578690416885104e-14
209.163737219274,67.71245683985151,10.26986323209159,-7.641035261864434,-3.4481378085070835,1.1789073981821273e-13
209.18941024009024,67.71475362248866,10.271661035330188,-7.6408108602423965,-3.4445687375877476,1.6841534259744676e-14
209.215087948717,67.71704689160532,10.27346101382881,-7.640586025935633,-3.4409989278243067,1.2631150694808508e-13
209.2407703415356,67.7193366428711,10.275263155572784,-7.6403607561642035,-3.437428380601542,1.1789073981821273e-13
209.26645741490555,67.72162287195545,10.277067448547445,-7.640135048149093,-3.433857097309673,5.0524602779234026e-14
209.2921491651647,67.72390557452776,10.278873880738113,-7.639908899112232,-3.4302850793443755,5.0524602779234026e-14
209.3178455886292,67.72618474625745,10.280682440130109,-7.639682306276489,-3.426712328106756,5.894536990910637e-14
209.34354668159372,67.72846038281382,10.282493114708771,-7.639455266865691,-3.4231388450033453,8.420767129872338e-14
209.36925244033068,67.7307324798661,10.28430589245942,-7.639227778104615,-3.41956463144617,6.73661370389787e-14
209.39496286109122,67.73300103308357,10.286120761367378,-7.63899983721903,-3.415989688852658,8.420767129872338e-14
209.42067794010458,67.73526603813542,10.28793770941798,-7.6387714414356775,-3.4124140186456904,4.210383564936169e-14
209.44639767357816,67.73752749069084,10.28975672459655,-7.638542587982285,-3.4088376222536128,5.0524602779234026e-14
209.47212205769767,67.73978538641902,10.29157779488841,-7.638313274087598,-3.405260501110206,7.578690416885104e-14
209.49785108862696,67.7420397209891,10.293400908278892,-7.638083496981354,-3.4016826566547063,5.894536990910637e-14
209.5235847625081,67.74429049007027,10.29522605275332,-7.637853253894315,-3.398104090331805,7.578690416885104e-14
209.5493230754613,67.74653768933172,10.297053216297018,-7.637622542058275,-3.3945248035916453,5.0524602779234026e-14
209.57506602358487,67.74878131444264,10.298882386895313,-7.637391358706057,-3.390944797889832,1.0946997268834039e-13
209.6008136029554,67.75102136107226,10.300713552533537,-7.637159701071543,-3.387364074687412,5.0524602779234026e-14
209.62656580962744,67.75325782488981,10.302546701197013,-7.636927566389658,-3.383782635450908,9.262843842859572e-14
209.65232263963378,67.7554907015646,10.304381820871065,-7.636694951896397,-3.3802004816522806,9.262843842859572e-14
209.6780840889852,67.75771998676598,10.306218899541026,-7.636461854828827,-3.3766176147689753,8.420767129872338e-14
209.70385015367066,67.75994567616333,10.308057925192214,-7.6362282724251145,-3.3730340362838778,4.210383564936169e-14
209.7296208296571,67.76216776542608,10.309898885809963,-7.635994201924495,-3.369449747685351,7.578690416885104e-14
209.75539611288957,67.76438625022378,10.311741769379593,-7.63575964056732,-3.3658647504672077,9.262843842859572e-14
209.78117599929118,67.76660112622602,10.313586563886437,-7.635524585595056,-3.362279046128738,7.578690416885104e-14
209.80696048476293,67.7688123891025,10.315433257315814,-7.635289034250284,-3.358692636174693,7.578690416885104e-14
209.832749565184,67.77102003452295,10.31728183765306,-7.635052983776714,-3.355105522115289,7.578690416885104e-14
209.8585432364115,67.77322405815725,10.319132292883491,-7.634816431419205,-3.351517705466215,9.262843842859572e-14
209.88434149428042,67.7754244556754,10.320984610992442,-7.6345793744237564,-3.347929187748626,1.2631150694808508e-13
209.91014433460393,67.77762122274748,10.322838779965236,-7.6343418100375295,-3.3443399704891466,1.0104920555846805e-13
209.93595175317296,67.7798143550437,10.324694787787198,-7.634103735508859,-3.340750055219874,5.894536990910637e-14
209.96176374575654,67.78200384823437,10.326552622443657,-7.633865148087256,-3.337159443478377,5.0524602779234026e-14
209.98758030810146,67.78418969798999,10.328412271919937,-7.63362604502341,-3.3335681368076995,5.894536990910637e-14
210.01340143593256,67.78637189998116,10.33027372420137,-7.633386423569212,-3.329976136756357,1.0104920555846805e-13
210.0392271249526,67.78855044987867,10.332136967273273,-7.633146280977771,-3.3263834448783434,1.0104920555846805e-13
210.06505737084208,67.7907253433534,10.33400198912098,-7.632905614503395,-3.322790062733121,7.578690416885104e-14
210.0908921692595,67.7928965760765,10.33586877772982,-7.632664421401621,-3.3191959918856373,1.0946997268834039e-13
210.11673151584122,67.79506414371919,10.337737321085108,-7.632422698929238,-3.3156012339063152,1.0104920555846805e-13
