galstreams/tracks/track.st.Kshir.ibata2021.ecsv
# %ECSV 1.0
# ---
# datatype:
# - {name: ra, unit: deg, datatype: float64}
# - {name: dec, unit: deg, datatype: float64}
# - {name: distance, unit: kpc, datatype: float64}
# - {name: pm_ra_cosdec, unit: mas / yr, datatype: float64}
# - {name: pm_dec, unit: mas / yr, datatype: float64}
# - {name: radial_velocity, unit: km / s, datatype: float64}
# delimiter: ','
# meta: !!omap
# - __serialized_columns__:
#     dec:
#       __class__: astropy.coordinates.angles.Latitude
#       unit: &id001 !astropy.units.Unit {unit: deg}
#       value: !astropy.table.SerializedColumn {name: dec}
#     distance:
#       __class__: astropy.coordinates.distances.Distance
#       unit: !astropy.units.Unit {unit: kpc}
#       value: !astropy.table.SerializedColumn {name: distance}
#     pm_dec:
#       __class__: astropy.units.quantity.Quantity
#       unit: !astropy.units.Unit {unit: mas / yr}
#       value: !astropy.table.SerializedColumn {name: pm_dec}
#     pm_ra_cosdec:
#       __class__: astropy.units.quantity.Quantity
#       unit: !astropy.units.Unit {unit: mas / yr}
#       value: !astropy.table.SerializedColumn {name: pm_ra_cosdec}
#     ra:
#       __class__: astropy.coordinates.angles.Longitude
#       unit: *id001
#       value: !astropy.table.SerializedColumn {name: ra}
#       wrap_angle: !astropy.coordinates.Angle
#         unit: *id001
#         value: 360.0
#     radial_velocity:
#       __class__: astropy.units.quantity.Quantity
#       unit: !astropy.units.Unit {unit: km / s}
#       value: !astropy.table.SerializedColumn {name: radial_velocity}
# schema: astropy-2.0
ra,dec,distance,pm_ra_cosdec,pm_dec,radial_velocity
[from data line 854]
214.33243364841059,68.09319147990549,10.652943320718823,-7.58470344974556,-2.7291563996769623,-235.5097698420103
214.35893590282552,68.09470850813182,10.654937503265279,-7.584340937152735,-2.725475016845361,-235.37441256545173
214.38544169130765,68.09622117374721,10.656931482166398,-7.583977471902665,-2.7217932759875936,-235.2389515881874
214.41195100575294,68.097729472558,10.65892524540752,-7.583613051591666,-2.71811117956598,-235.1033911359832
214.4384638380343,68.09923340037204,10.660918780973962,-7.583247673818998,-2.714428730048133,-234.96773543460463
214.46498018000156,68.1007329529987,10.662912076851052,-7.582881336186879,-2.7107459299069356,-234.83198870981698
214.49150002348168,68.10222812624885,10.664905121024125,-7.582514036300474,-2.707062781620534,-234.69615518738615
214.51802336027842,68.10371891593485,10.666897901478498,-7.582145771767944,-2.7033792876723552,-234.56023909307746
214.54455018217263,68.10520531787064,10.668890406199496,-7.5817765402004245,-2.6996954505510784,-234.42424465265648
214.57108048092218,68.10668732787168,10.670882623172458,-7.581406339212035,-2.6960112727506385,-234.28817609188883
214.59761424826183,68.10816494175499,10.672874540382697,-7.581035166419921,-2.6923267567702416,-234.15203763654003
214.62415147590346,68.10963815533914,10.674866145815544,-7.580663019444238,-2.6886419051143293,-234.01583351237556
214.6506921555359,68.11110696444425,10.67685742745633,-7.580289895908163,-2.684956720292594,-233.87956794516106
214.67723627882495,68.112571364892,10.678848373290375,-7.579915793437921,-2.681271204819984,-233.74324516066207
214.70378383741348,68.11403135250575,10.680838971303015,-7.579540709662785,-2.677585361216675,-233.60686938464409
214.73033482292138,68.11548692311028,10.682829209479557,-7.579164642215089,-2.6738991920080855,-233.47044484287267
214.75688922694548,68.11693807253214,10.68481907580535,-7.578787588730233,-2.6702126997248685,-233.33397576111335
214.7834470410598,68.11838479659936,10.686808558265708,-7.578409546846701,-2.66652588690289,-233.1974663651318
214.8100082568152,68.11982709114166,10.688797644845959,-7.578030514206081,-2.662838756083264,-233.0609208806934
214.8365728657397,68.12126495199034,10.690786323531434,-7.577650488453049,-2.659151309812307,-232.92434353356379
214.86314085933836,68.12269837497837,10.692774582307454,-7.57726946723541,-2.655463550641563,-232.7877385495084
214.88971222909322,68.1241273559403,10.694762409159344,-7.576887448204085,-2.6517754811277854,-232.65111015429287
214.91628696646345,68.12555189071243,10.696749792072438,-7.576504429013128,-2.6480871038329283,-232.51446257368286
214.9428650628852,68.1269719751326,10.698736719032059,-7.576120407319754,-2.6443984213241594,-232.3778000334438
214.96944650977176,68.1283876050404,10.700723178023534,-7.57573538078433,-2.6407094361738483,-232.24112675934123
214.99603129851346,68.12979877627706,10.702709157032187,-7.5753493470703885,-2.6370201509595512,-232.1044469771407
215.02261942047767,68.13120548468547,10.704694644043343,-7.574962303844645,-2.633330568264022,-231.9677649126077
215.0492108670089,68.13260772611025,10.706679627042334,-7.574574248777003,-2.6296406906752035,-231.83108479150792
215.07580562942871,68.13400549639772,10.708664094014484,-7.574185179540569,-2.6259505207862137,-231.69441083960677
215.10240369903582,68.13539879139587,10.710648032945116,-7.5737950938116665,-2.6222600611953606,-231.55774728266982
215.12900506710594,68.13678760695447,10.712631431819569,-7.573403989269835,-2.618569314506116,-231.4210983464629
215.15560972489195,68.1381719389249,10.714614278623152,-7.57301186359785,-2.6148782833271373,-231.28446825675104
215.18221766362387,68.1395517831604,10.716596561341204,-7.572618714481738,-2.611186970272224,-231.14786123930025
215.20882887450878,68.14092713551588,10.718578267959044,-7.572224539610762,-2.6074953779603582,-231.01128151987578
215.235443348731,68.142297991848,10.720559386462003,-7.57182933667748,-2.6038035090156697,-230.8747333242433
215.2620610774518,68.14366434801521,10.722539904835408,-7.571433103377704,-2.6001113660674413,-230.73822087816833
215.2886820518098,68.14502619987768,10.724519811064578,-7.571035837410546,-2.596418951750105,-230.60174840741635
215.3153062629206,68.14638354329743,10.726499093134853,-7.570637536478406,-2.592726268703231,-230.46532013775317
215.34193370187702,68.14773637413818,10.728477739031547,-7.570238198287009,-2.589033319571538,-230.32894029494403
215.3685643597491,68.14908468826549,10.730455736739993,-7.569837820545386,-2.5853401070048703,-230.19261310475468
215.395198227584,68.15042848154667,10.732433074245513,-7.569436400965907,-2.5816466336582016,-230.05634279295052
215.421835296406,68.15176774985093,10.734409739533438,-7.569033937264285,-2.5779529021916394,-229.9201335852972
215.44847555721668,68.1531024890492,10.736385720589093,-7.568630427159579,-2.574258915270398,-229.78398970756018
215.47511900099474,68.1544326950143,10.738361005397804,-7.568225868374213,-2.5705646755648157,-229.64791538550503
215.50176561869617,68.15575836362083,10.740335581944896,-7.567820258633999,-2.5668701857503358,-229.5119148448975
215.52841540125405,68.15707949074529,10.742309438215697,-7.567413595668114,-2.563175448507513,-229.3759923115028
215.55506833957872,68.15839607226599,10.744282562195536,-7.567005877209139,-2.5594804665219995,-229.24015201108674
215.58172442455785,68.1597081040631,10.746254941869733,-7.566597100993073,-2.5557852424845424,-229.10439816941474
215.60838364705617,68.16101558201868,10.748226565223623,-7.566187264759309,-2.5520897790909816,-228.9687350122523
215.63504599791588,68.16231850201663,10.750197420242527,-7.565776366250693,-2.5483940790422386,-228.8331667653651
215.6617114679562,68.16361685994279,10.75216749491177,-7.565364403213497,-2.544698145044321,-228.6976976545187
215.6883800479738,68.1649106516848,10.754136777216683,-7.564951373397445,-2.5410019798083097,-228.5623319054785
215.71505172874248,68.16619987313234,10.75610525514259,-7.56453727455572,-2.5373055860503535,-228.42707374401013
215.7417265010134,68.16748452017684,10.758072916674818,-7.564122104444978,-2.533608966491678,-228.2919273958791
215.7684043555151,68.16876458871177,10.760039749798693,-7.5637058608253565,-2.5299121238585527,-228.15689708685102
215.7950852829532,68.17004007463244,10.76200574249954,-7.563288541460494,-2.526215060882315,-228.02198704269145
215.82176927401082,68.17131097383619,10.763970882762688,-7.56287014411752,-2.52251778029935,-227.8872014891658
215.84845631934837,68.17257728222219,10.765935158573463,-7.562450666567087,-2.518820284851081,-227.75254465203977
215.87514640960347,68.17383899569164,10.767898557917192,-7.562030106583364,-2.5151225772839814,-227.6180207570789
215.90183953539128,68.1750961101477,10.7698610687792,-7.561608461944068,-2.511424660349551,-227.48363403004868
215.92853568730408,68.17634862149545,10.771822679144814,-7.561185730430457,-2.5077265368043262,-227.34938869671453
215.95523485591173,68.17759652564196,10.773783376999361,-7.560761909827342,-2.504028209409859,-227.21528898284222
215.98193703176133,68.17883981849633,10.77574315032817,-7.560336997923108,-2.500329680932723,-227.08133911419725
216.00864220537736,68.18007849596958,10.77770198711656,-7.559910992509721,-2.4966309541445115,-226.947543316545
216.03535036726183,68.18131255397479,10.77965987534986,-7.5594838913827305,-2.4929320318218093,-226.8139058156513
216.062061507894,68.18254198842705,10.781616803013403,-7.5590556923412855,-2.4892329167462206,-226.6804308372814
216.08877561773053,68.18376679524341,10.783572758092513,-7.5586263931881525,-2.485533611704338,-226.547122607201
216.11549268720572,68.18498697034302,10.78552772857251,-7.558195991729717,-2.4818341194877416,-226.41398535117568
216.14221270673104,68.18620250964699,10.787481702438727,-7.557764485776,-2.4781344428930048,-226.28102329497094
216.1689356666956,68.18741340907854,10.78943466767649,-7.557331873140653,-2.4744345847216747,-226.1482406643524
216.1956615574659,68.18861966456292,10.791386612271122,-7.556898151641,-2.4707345477802765,-226.01564168508543
216.22239036938586,68.18982127202743,10.79333752420795,-7.556463319098016,-2.4670343348803057,-225.8832305829357
216.24912209277704,68.19101822740143,10.795287391472305,-7.556027373336356,-2.4633339488382076,-225.75101158366877
216.2758567179383,68.19221052661638,10.797236202049506,-7.555590312184365,-2.4596333924754035,-225.61898891305015
216.30259423514613,68.19339816560581,10.799183943924888,-7.555152133474074,-2.4559326686182525,-225.48716679684534
216.32933463465454,68.19458114030537,10.801130605083772,-7.554712835041231,-2.45223178009806,-225.35554946082007
216.356077906695,68.19575944665279,10.803076173511485,-7.554272414725299,-2.4485307297510825,-225.2241411307396
216.38282404147657,68.19693308058787,10.805020637193355,-7.553830870369466,-2.4448295204184953,-225.0929460323697
216.40957302918588,68.1981020380526,10.806963984114704,-7.553388199820667,-2.441128154946411,-224.96196839147584
216.4363248599871,68.19926631499109,10.808906202260866,-7.552944400929572,-2.4374266361858563,-224.83121243382362
216.46307952402205,68.20042590734954,10.810847279617164,-7.552499471550632,-2.433724966992781,-224.7006823851785
216.48983701140997,68.20158081107631,10.812787204168927,-7.552053409542055,-2.430023150228047,-224.57038247130615
216.51659731224794,68.20273102212195,10.814725963901473,-7.551606212765838,-2.426321188757413,-224.44031691797196
216.54336041661048,68.20387653643913,10.816663546800138,-7.5511578790877625,-2.4226190854515304,-224.3104899509417
216.5701263145498,68.20501734998267,10.818599940850243,-7.550708406377417,-2.4189168431859622,-224.1809057959806
216.59689499609587,68.20615345870965,10.820535134037113,-7.5502577925082095,-2.4152144648411324,-224.05156867885447
216.62366645125607,68.20728485857924,10.822469114346083,-7.549806035357359,-2.411511953302366,-223.92248282532873
216.65044067001574,68.20841154555286,10.82440186976247,-7.549353132805935,-2.4078093114598453,-223.79365246116902
216.6772176423377,68.20953351559416,10.826333388271607,-7.548899082738836,-2.404106542208627,-223.66508181214084
216.70399735816252,68.21065076466891,10.828263657858814,-7.5484438830448335,-2.400403648448632,-223.53677510400956
216.7307798074086,68.21176328874519,10.830192666509427,-7.5479875316165455,-2.396700633084623,-223.40873656254118
216.75756497997187,68.21287108379322,10.83212040220876,-7.547530026350493,-2.392997499026224,-223.28097041350068
216.78435286572625,68.21397414578557,10.834046852942153,-7.5470713651470565,-2.389294249187889,-223.15348088265412
216.81114345452318,68.21507247069694,10.835972006694922,-7.546611545910537,-2.38559088648892,-223.02627219576678
216.83793673619203,68.21616605450436,10.8378958514524,-7.546150566549125,-2.381887413853433,-222.8993485786042
216.8647327005399,68.21725489318708,10.839818375199911,-7.545688424974954,-2.3781838342103816,-222.77271425693203
216.8915313373517,68.21833898272662,10.84173956592278,-7.545225119104063,-2.3744801504935253,-222.64637345651565
216.91833263639012,68.21941831910682,10.843659411606334,-7.544760646856442,-2.3707763656414356,-222.5203304031208
216.9451365873958,68.22049289831376,10.8455779002359,-7.544295006156039,-2.367072482597486,-222.3945893225129
216.97194318008712,68.22156271633585,10.847495019796806,-7.54382819493075,-2.363368504309844,-222.26915444045764
216.99875240416037,68.22262776916375,10.849410758274377,-7.543360211112452,-2.35966443373147,-222.14402998272038
217.0255642492897,68.2236880527905,10.851325103653938,-7.542891052636996,-2.3559602738201084,-222.01922017506686
217.05237870512715,68.2247435632114,10.85323804392082,-7.542420717444235,-2.3522560275382745,-221.89472924326247
217.0791957613027,68.22579429642414,10.855149567060344,-7.541949203478016,-2.3485516978532592,-221.77056141307273
217.10601540742428,68.22684024842866,10.857059661057843,-7.541476508686207,-2.3448472877371085,-221.6467209102633
217.13283763307766,68.22788141522733,10.858968313898634,-7.541002631020698,-2.3411428001666335,-221.52321196059984
217.15966242782667,68.22891779282482,10.860875513568052,-7.540527568437411,-2.3374382381233842,-221.4000387898476
217.18648978121308,68.22994937722817,10.862781248051421,-7.540051318896312,-2.3337336045936596,-221.27720562377235
217.2133196827567,68.23097616444682,10.864685505334066,-7.539573880361427,-2.3300289025684884,-221.15471668813962
217.24015212195522,68.23199815049256,10.866588273401316,-7.5390952508008455,-2.326324135043632,-221.0325762087149
217.26698708828448,68.23301533137955,10.868489540238494,-7.538615428186732,-2.3226193050195785,-220.9107884112636
217.29382457119831,68.23402770312437,10.870389293830927,-7.538134410495337,-2.318914415501517,-220.78935752155147
217.32066456012862,68.23503526174603,10.872287522163948,-7.537652195707012,-2.315209469499348,-220.66828776534416
217.3475070444854,68.23603800326589,10.874184213222877,-7.537168781806209,-2.31150447002768,-220.5475833684069
217.37435201365668,68.23703592370775,10.87607935499304,-7.536684166781507,-2.3077994201058085,-220.42724855650542
217.40119945700872,68.23802901909785,10.877972935459766,-7.536198348625602,-2.3040943227577113,-220.30728755540522
217.42804936388575,68.2390172854649,10.87986494260838,-7.535711325335334,-2.3003891810120507,-220.18770459087196
217.45490172361025,68.24000071883997,10.88175536442421,-7.535223094911694,-2.296683997902157,-220.06850388867096
217.48175652548287,68.24097931525662,10.883644188892582,-7.534733655359826,-2.292978776466035,-219.94968967456796
217.50861375878236,68.24195307075094,10.88553140399882,-7.534243004689051,-2.289273519746331,-219.83126617432845
217.53547341276575,68.24292198136136,10.887416997728254,-7.533751140912854,-2.2855682307903473,-219.713237613718
217.56233547666827,68.2438860431289,10.88930095806621,-7.5332580620489304,-2.281862912650034,-219.59560821850218
217.5891999397034,68.24484525209698,10.891183272998017,-7.532763766119157,-2.2781575683819693,-219.4783822144464
217.6160667910628,68.2457996043116,10.893063930508994,-7.532268251149638,-2.2744522010473585,-219.36156382731636
217.64293601991648,68.24674909582117,10.894942918584471,-7.531771515170684,-2.270746813712035,-219.2451572828775
217.66980761541274,68.24769372267667,10.896820225209776,-7.531273556216843,-2.2670414094464384,-219.12916680689546
217.69668156667814,68.2486334809316,10.898695838370235,-7.5307743723269045,-2.2633359913256133,-219.0135966251358
217.7235578628176,68.24956836664197,10.900569746051174,-7.530273961543902,-2.259630562429206,-218.89845096336384
217.7504364929144,68.25049837586629,10.902441936237919,-7.529772321915138,-2.255925125841449,-218.78373404734535
217.77731744603017,68.2514235046657,10.904312396915799,-7.529269451492186,-2.2522196846511577,-218.6694501028459
217.80420071120494,68.25234374910379,10.906181116070137,-7.528765348330898,-2.248514241951729,-218.5556033556308
217.83108627745716,68.2532591052468,10.90804808168626,-7.528260010491419,-2.244808800841114,-218.44219803146598
217.85797413378367,68.25416956916347,10.909913281749498,-7.527753436038197,-2.24110336442184,-218.32923835611663
217.88486426915978,68.25507513692516,10.911776704245172,-7.527245623039997,-2.2373979358009684,-218.21672855534854
217.91175667253927,68.25597580460577,10.913638337158613,-7.52673656956989,-2.233692518090124,-218.10467285492697
217.93865133285436,68.25687156828187,10.915498168475146,-7.526226273705299,-2.2299871144054446,-217.99307548061768
217.96554823901593,68.25776242403253,10.917356186180097,-7.525714733527973,-2.226281727867616,-217.8819406581864
217.99244737991313,68.25864836793951,10.919212378258791,-7.525201947124032,-2.2225763616018392,-217.7712726133982
218.01934874441392,68.25952939608716,10.921066732696561,-7.524687912583941,-2.218871018737821,-217.6610755720191
218.04625232136465,68.26040550456241,10.922919237478725,-7.524172628002548,-2.2151657024097835,-217.55135375981436
