galstreams/tracks/track.st.M30.sollima2020.ecsv
# %ECSV 0.9
# ---
# datatype:
# - {name: ra, unit: deg, datatype: float64}
# - {name: dec, unit: deg, datatype: float64}
# - {name: distance, unit: kpc, datatype: float64}
# - {name: pm_ra_cosdec, unit: mas / yr, datatype: float64}
# - {name: pm_dec, unit: mas / yr, datatype: float64}
# - {name: radial_velocity, unit: km / s, datatype: float64}
# delimiter: ','
# meta: !!omap
# - __serialized_columns__:
#     dec:
#       __class__: astropy.coordinates.angles.Latitude
#       unit: &id001 !astropy.units.Unit {unit: deg}
#       value: !astropy.table.SerializedColumn {name: dec}
#     distance:
#       __class__: astropy.coordinates.distances.Distance
#       unit: !astropy.units.Unit {unit: kpc}
#       value: !astropy.table.SerializedColumn {name: distance}
#     pm_dec:
#       __class__: astropy.units.quantity.Quantity
#       unit: !astropy.units.Unit {unit: mas / yr}
#       value: !astropy.table.SerializedColumn {name: pm_dec}
#     pm_ra_cosdec:
#       __class__: astropy.units.quantity.Quantity
#       unit: !astropy.units.Unit {unit: mas / yr}
#       value: !astropy.table.SerializedColumn {name: pm_ra_cosdec}
#     ra:
#       __class__: astropy.coordinates.angles.Longitude
#       unit: *id001
#       value: !astropy.table.SerializedColumn {name: ra}
#       wrap_angle: !astropy.coordinates.Angle
#         unit: *id001
#         value: 360.0
#     radial_velocity:
#       __class__: astropy.units.quantity.Quantity
#       unit: !astropy.units.Unit {unit: km / s}
#       value: !astropy.table.SerializedColumn {name: radial_velocity}
# schema: astropy-2.0
ra,dec,distance,pm_ra_cosdec,pm_dec,radial_velocity
[from data line 727]
327.6538677642516,-20.99046501328512,8.458000000000007,0.0,0.0,0.0
327.6616885090511,-20.977795393355834,8.458000000000007,0.0,0.0,0.0
327.66952729044493,-20.96522461958237,8.458000000000006,0.0,0.0,0.0
327.67738478987604,-20.952756093737026,8.458000000000006,0.0,0.0,0.0
327.6852616972701,-20.94039325733578,8.458000000000004,0.0,0.0,0.0
327.6931587110997,-20.92813959187386,8.458000000000006,0.0,0.0,0.0
327.70107653844974,-20.915998619061945,8.458000000000006,0.0,0.0,0.0
327.7090158950825,-20.90397390106283,8.458000000000006,0.0,0.0,0.0
327.7169775055041,-20.892069040728735,8.458000000000006,0.0,0.0,0.0
327.72496210303154,-20.880287681839153,8.458000000000006,0.0,0.0,0.0
327.73297042986013,-20.868633509339183,8.458000000000006,0.0,0.0,0.0
327.7410032371318,-20.85711024957851,8.458000000000007,0.0,0.0,0.0
327.74906128500453,-20.845721670550898,8.458000000000006,0.0,0.0,0.0
327.75714534272134,-20.834471582134174,8.458000000000006,0.0,0.0,0.0
327.765256188682,-20.823363836330905,8.458000000000006,0.0,0.0,0.0
327.77339461051315,-20.81240232750945,8.458000000000007,0.0,0.0,0.0
327.78156140514125,-20.801590992645696,8.458000000000006,0.0,0.0,0.0
327.7897573788653,-20.790933811565257,8.458000000000007,0.0,0.0,0.0
327.7979833474305,-20.780434807186236,8.458000000000006,0.0,0.0,0.0
327.8062401361026,-20.77009804576256,8.458000000000006,0.0,0.0,0.0
327.81452857974415,-20.759927637127788,8.458000000000006,0.0,0.0,0.0
327.82284952288984,-20.749927734939526,8.458000000000006,0.0,0.0,0.0
327.83120381982457,-20.740102536924304,8.458000000000006,0.0,0.0,0.0
327.839592334661,-20.730456285123083,8.458000000000007,0.0,0.0,0.0
327.84801594141913,-20.720993266137164,8.458000000000006,0.0,0.0,0.0
327.8564755241059,-20.711717811374747,8.458000000000006,0.0,0.0,0.0
327.8649719767967,-20.70263429729797,8.458000000000006,0.0,0.0,0.0
327.8735062037169,-20.693747145670415,8.458000000000006,0.0,0.0,0.0
327.8820791193254,-20.685060823805266,8.458000000000004,0.0,0.0,0.0
327.89069164839844,-20.67657984481384,8.458000000000006,0.0,0.0,0.0
327.89934472611486,-20.668308767854768,8.458000000000006,0.0,0.0,0.0
327.90803929814234,-20.6602521983836,8.458000000000006,0.0,0.0,0.0
327.91677632072503,-20.65241478840294,8.458000000000006,0.0,0.0,0.0
327.92555676077166,-20.644801236713157,8.458000000000006,0.0,0.0,0.0
327.93438159594575,-20.63741628916351,8.458000000000006,0.0,0.0,0.0
327.943251814756,-20.630264738903858,8.458000000000004,0.0,0.0,0.0
327.9521684166491,-20.623351426636788,8.458000000000004,0.0,0.0,0.0
327.96113241210236,-20.61668124087037,8.458000000000004,0.0,0.0,0.0
327.97014482271885,-20.610259118171264,8.458000000000004,0.0,0.0,0.0
327.9792066813235,-20.604090043418424,8.458000000000006,0.0,0.0,0.0
327.98831903205985,-20.59817905005728,8.458000000000004,0.0,0.0,0.0
327.9974829304894,-20.592531220354342,8.458000000000006,0.0,0.0,0.0
328.00669944369133,-20.587151685652394,8.458000000000004,0.0,0.0,0.0
328.01596965036396,-20.582045626626062,8.458000000000006,0.0,0.0,0.0
328.025294640928,-20.57721827353798,8.458000000000004,0.0,0.0,0.0
328.03467551763106,-20.572674906495298,8.458000000000004,0.0,0.0,0.0
328.0441133946534,-20.56842085570679,8.458000000000004,0.0,0.0,0.0
328.05360939821577,-20.564461501740336,8.458000000000004,0.0,0.0,0.0
328.0631646666888,-20.56080227578093,8.458000000000002,0.0,0.0,0.0
328.07278035070345,-20.55744865988911,8.458000000000006,0.0,0.0,0.0
328.082457613264,-20.554406187259897,8.458000000000006,0.0,0.0,0.0
328.0921976298621,-20.551680442482095,8.458000000000006,0.0,0.0,0.0
328.1020015885929,-20.549277061798175,8.458000000000006,0.0,0.0,0.0
328.111870690273,-20.547201733364464,8.458000000000007,0.0,0.0,0.0
328.12180614856027,-20.545460197511876,8.458000000000006,0.0,0.0,0.0
328.1318091900752,-20.544058247007058,8.458000000000006,0.0,0.0,0.0
328.14188105452496,-20.54300172731394,8.458000000000006,0.0,0.0,0.0
328.15202299482854,-20.542296536855705,8.458000000000006,0.0,0.0,0.0
328.16223627724474,-20.54194862727727,8.458000000000007,0.0,0.0,0.0
328.1725221815018,-20.541964003708085,8.458000000000007,0.0,0.0,0.0
328.18288200092917,-20.54234872502537,8.458000000000004,0.0,0.0,0.0
328.193317042592,-20.543108904117823,8.458000000000006,0.0,0.0,0.0
328.203828627427,-20.54425070814963,8.458000000000006,0.0,0.0,0.0
328.2144180903817,-20.545780358824967,8.458000000000004,0.0,0.0,0.0
328.2250867805548,-20.547704132652818,8.458000000000006,0.0,0.0,0.0
328.2358360613405,-20.55002836121225,8.458000000000007,0.0,0.0,0.0
328.24666731057374,-20.552759431417982,8.458000000000006,0.0,0.0,0.0
328.25758192067923,-20.55590378578642,8.458000000000006,0.0,0.0,0.0
328.2685812988224,-20.559467922701998,8.458000000000004,0.0,0.0,0.0
