galstreams/tracks/track.st.Sylgr.ibata2021.ecsv
# %ECSV 1.0
# ---
# datatype:
# - {name: ra, unit: deg, datatype: float64}
# - {name: dec, unit: deg, datatype: float64}
# - {name: distance, unit: kpc, datatype: float64}
# - {name: pm_ra_cosdec, unit: mas / yr, datatype: float64}
# - {name: pm_dec, unit: mas / yr, datatype: float64}
# - {name: radial_velocity, unit: km / s, datatype: float64}
# delimiter: ','
# meta: !!omap
# - __serialized_columns__:
#     dec:
#       __class__: astropy.coordinates.angles.Latitude
#       unit: &id001 !astropy.units.Unit {unit: deg}
#       value: !astropy.table.SerializedColumn {name: dec}
#     distance:
#       __class__: astropy.coordinates.distances.Distance
#       unit: !astropy.units.Unit {unit: kpc}
#       value: !astropy.table.SerializedColumn {name: distance}
#     pm_dec:
#       __class__: astropy.units.quantity.Quantity
#       unit: !astropy.units.Unit {unit: mas / yr}
#       value: !astropy.table.SerializedColumn {name: pm_dec}
#     pm_ra_cosdec:
#       __class__: astropy.units.quantity.Quantity
#       unit: !astropy.units.Unit {unit: mas / yr}
#       value: !astropy.table.SerializedColumn {name: pm_ra_cosdec}
#     ra:
#       __class__: astropy.coordinates.angles.Longitude
#       unit: *id001
#       value: !astropy.table.SerializedColumn {name: ra}
#       wrap_angle: !astropy.coordinates.Angle
#         unit: *id001
#         value: 360.0
#     radial_velocity:
#       __class__: astropy.units.quantity.Quantity
#       unit: !astropy.units.Unit {unit: km / s}
#       value: !astropy.table.SerializedColumn {name: radial_velocity}
# schema: astropy-2.0
ra,dec,distance,pm_ra_cosdec,pm_dec,radial_velocity
[from data line 979]
173.33895629835422,-5.263293785074325,3.09220358577482,-17.96842510281065,-17.17586511804801,22.727911045922706
173.34773514555846,-5.258144285418149,3.092870059646578,-17.96239151543874,-17.169458458383986,22.54388522035893
173.35651507991818,-5.252997209214238,3.093537026076242,-17.956359354461423,-17.163052388211753,22.35889470946097
173.36529610117194,-5.247852555559539,3.094204486754805,-17.950328616971998,-17.15664690641821,22.172942444904958
173.37407820905833,-5.2427103235511145,3.0948724433732613,-17.94429930006359,-17.15024201189025,21.98603135836651
173.38286140331567,-5.23757051228605,3.095540897622606,-17.93827140082921,-17.143837703514766,21.798164381521797
173.39164568368227,-5.232433120861599,3.096209851193833,-17.932244916361732,-17.13743398017867,21.609344446046542
173.40043104989624,-5.227298148375084,3.096879305777937,-17.926219843753902,-17.131030840768855,21.419574483616792
173.4092175016955,-5.222165593923941,3.0975492630659134,-17.920196180098333,-17.124628284172207,21.22885742590831
173.41800503881808,-5.217035456605634,3.098219724748756,-17.914173922487468,-17.11822630927565,21.037196204597105
173.42679366100168,-5.211907735517795,3.0988906925174575,-17.908153068013714,-17.11182491496608,20.844593751359096
173.43558336798392,-5.206782429758119,3.099562168063015,-17.90213361376924,-17.10542410013039,20.651052997869975
173.4443741595023,-5.2016595384244235,3.1002341530764213,-17.896115556846155,-17.099023863655493,20.45657687580593
173.4531660352943,-5.1965390606145485,3.100906649248672,-17.890098894336408,-17.092624204428297,20.261168316842625
173.46195899509706,-5.191420995426496,3.10157965827076,-17.884083623331804,-17.086225121335715,20.064830252656204
173.47075303864787,-5.1863053419583425,3.102253181833681,-17.878069740924055,-17.079826613264636,19.867565614922352
173.4795481656836,-5.181192099308279,3.1029272216284287,-17.872057244204715,-17.073428679101994,19.669377335316984
173.48834437594127,-5.176081266574522,3.1036017793459996,-17.866046130265204,-17.067031317734678,19.4702683455162
173.49714166915763,-5.1709728428554556,3.1042768566773846,-17.86003639619683,-17.060634528049622,19.270241577195694
173.5059400450693,-5.165866827249527,3.104952455313582,-17.85402803909074,-17.054238308933716,19.06929996203145
173.51473950341276,-5.160763218855307,3.1056285769455827,-17.848021056038004,-17.047842659273897,18.86744643169938
173.52354004392453,-5.155662016771391,3.1063052232643846,-17.842015444129498,-17.041447577957072,18.664683917875386
173.5323416663408,-5.150563220096532,3.1069823959609786,-17.836011200456024,-17.035053063870162,18.461015352235425
173.54114437039777,-5.145466827929558,3.107660096726361,-17.830008322108213,-17.028659115900094,18.25644366645525
173.5499481558314,-5.140372839369419,3.1083383272515266,-17.824006806176588,-17.02226573293377,18.050971792210863
173.5587530223777,-5.135281253515081,3.1090170892274704,-17.818006649751506,-17.015872913858118,17.844602661178175
173.56755896977236,-5.130192069465677,3.1096963843451846,-17.812007849923262,-17.00948065756008,17.63733920503307
173.5763659977511,-5.125105286320413,3.110376214295666,-17.806010403781965,-17.00308896292656,17.4291843554514
173.58517410604938,-5.120020903178615,3.1110565807699073,-17.800014308417616,-16.99669782884449,17.220141044109194
173.59398329440268,-5.1149389191396235,3.1117374854589044,-17.79401956092007,-16.990307254200815,17.010212202682236
173.60279356254628,-5.109859333302952,3.11241893005365,-17.78802615837908,-16.983917237882455,16.799400762846517
173.61160491021528,-5.104782144768179,3.11310091624514,-17.78203409788424,-16.977527778776338,16.58770965627786
173.62041733714472,-5.099707352635009,3.113783445724369,-17.77604337652504,-16.971138875769412,16.375141814652206
173.62923084306956,-5.094634956003161,3.1144665201823294,-17.770053991390828,-16.9647505277486,16.16170016964547
173.63804542772456,-5.089564953972522,3.1151501413100187,-17.764065939570813,-16.958362733600843,15.947387652933458
173.64686109084434,-5.084497345643076,3.115834310798429,-17.758079218154105,-16.951975492213084,15.732207196192206
173.6556778321635,-5.079432130114823,3.1165190303385564,-17.75209382422964,-16.945588802472262,15.51616173109755
173.66449565141642,-5.074369306487938,3.1172043016213937,-17.74610975488628,-16.939202663265323,15.299254189325348
173.67331454833734,-5.069308873862662,3.1178901263379357,-17.74012700721272,-16.932817073479224,15.081487502551715
173.68213452266045,-5.0642508313393515,3.1185765061791777,-17.734145578297536,-16.926432032000893,14.862864602452353
173.6909555741198,-5.059195178018388,3.119263442836114,-17.728165465229182,-16.92004753771729,14.643388420703168
173.6997777024493,-5.05414191300032,3.119950937999739,-17.722186665095958,-16.913663589515373,14.423061888980053
173.7086009073827,-5.049091035385762,3.120638993361047,-17.716209174986076,-16.90728018628208,14.201887938959032
173.7174251886536,-5.044042544275454,3.121327610611031,-17.710232991987606,-16.900897326904392,13.97986950231596
173.7262505459957,-5.038996438770149,3.122016791440689,-17.70425811318846,-16.894515010269245,13.757009510726586
173.73507697914224,-5.033952717970776,3.1227065375410112,-17.698284535676457,-16.88813323526361,13.533310895867045
173.74390448782654,-5.028911380978327,3.123396850602996,-17.692312256539285,-16.881752000774444,13.30877658941314
173.75273307178173,-5.023872426893912,3.124087732317636,-17.686341272864478,-16.875371305688716,13.0834095230408
173.76156273074093,-5.018835854818672,3.124779184375925,-17.680371581739497,-16.868991148893407,12.857212628425891
173.77039346443698,-5.0138016638539025,3.125471208468858,-17.6744031802516,-16.86261152927548,12.630188837244328
173.77922527260264,-5.0087698531009766,3.1261638062874297,-17.668436065487963,-16.856232445721893,12.402341081171906
173.7880581549705,-5.0037404216613846,3.126856979522635,-17.66247023453565,-16.849853897119633,12.173672291884778
173.79689211127322,-4.998713368636636,3.1275507298654666,-17.656505684481573,-16.8434758823557,11.944185401058666
173.80572714124312,-4.993688693128411,3.1282450590069217,-17.650542412412495,-16.837098400317036,11.713883340369428
173.81456324461246,-4.988666394238454,3.128939968637992,-17.644580415415106,-16.830721449890653,11.482769041493041
173.82340042111335,-4.983646471068639,3.1296354604496734,-17.638619690575926,-16.824345029963528,11.250845436105529
173.83223867047786,-4.978628922720842,3.130331536132961,-17.632660234981355,-16.81796913942264,11.018115455882613
173.8410779924379,-4.9736137482971285,3.1310281973788476,-17.6267020457177,-16.811593777155004,10.784582032500296
173.84991838672516,-4.968600946899621,3.131725445878328,-17.620745119871103,-16.805218942047603,10.550248097634412
173.8587598530713,-4.9635905176305615,3.132423283322398,-17.61478945452758,-16.79884463298743,10.315116582960933
173.86760239120784,-4.958582459592215,3.1331217114020506,-17.60883504677304,-16.79247084886149,10.079190420155653
173.87644600086617,-4.953576771887013,3.1338207318082816,-17.602881893693265,-16.786097588556785,9.842472540894702
173.88529068177755,-4.948573453617459,3.134520346232084,-17.596929992373905,-16.77972485096033,9.604965876853672
173.894136433673,-4.943572503886174,3.135220556364453,-17.59097933990047,-16.77335263495913,9.366673359708694
173.90298325628368,-4.938573921795797,3.135921363896384,-17.58502993335837,-16.766980939440195,9.127597921135605
173.91183114934037,-4.933577706449138,3.1366227705188687,-17.579081769832865,-16.76060976329055,8.887742492810254
173.92068011257382,-4.928583856949076,3.1373247779229048,-17.573134846409108,-16.754239105397208,8.647110006408706
173.9295301457146,-4.923592372398611,3.1380273877994838,-17.567189160172124,-16.747868964647193,8.405703393606647
173.93838124849333,-4.918603251900758,3.1387306018396024,-17.561244708206793,-16.741499339927536,8.163525586080125
173.94723342064032,-4.913616494558703,3.1394344217342542,-17.555301487597898,-16.735130230125268,7.9205795155049294
173.9560866618857,-4.908632099475731,3.1401388491744333,-17.549359495430068,-16.72876163412741,7.676868113557102
173.96494097195972,-4.903650065755136,3.1408438858511354,-17.54341872878783,-16.72239355082101,7.432394311912559
173.9737963505923,-4.8986703925003905,3.1415495334553536,-17.537479184755572,-16.716025979093107,7.1871610422469665
173.98265279751328,-4.893693078815033,3.142255793678083,-17.53154086041757,-16.70965891783075,6.941171236236472
173.99151031245242,-4.888718123802696,3.142962668210318,-17.525603752857954,-16.703292365920984,6.694427825556848
174.00036889513925,-4.883745526567132,3.1436701587430527,-17.519667859160755,-16.696926322250864,6.446933741884116
174.00922854530333,-4.878775286212111,3.1443782669672813,-17.513733176409854,-16.690560785707433,6.198691916894052
174.01808926267393,-4.8738074018415745,3.145086994573999,-17.507799701689024,-16.684195755177768,5.9497052822625935
174.02695104698026,-4.868841872559557,3.145796343254201,-17.501867432081905,-16.677831229548918,5.69997676966558
174.03581389795147,-4.863878697470113,3.146506314698879,-17.495936364672026,-16.671467207707963,5.449509310779185
174.04467781531648,-4.858917875677462,3.1472169105990315,-17.490006496542765,-16.665103688541965,5.198305837279019
174.05354279880413,-4.8539594062859015,3.147928132645649,-17.48407782477741,-16.65874067093801,4.946369280841036
174.062408848143,-4.84900328839984,3.1486399825297284,-17.478150346459085,-16.652378153783165,4.693702573141233
174.07127596306188,-4.844049521123708,3.1493524619422644,-17.472224058670815,-16.64601613596452,4.440308645855426
174.08014414328906,-4.839098103562106,3.1500655725742486,-17.46629895849553,-16.639654616369178,4.186190430659686
174.0890133885529,-4.834149034819705,3.1507793161166786,-17.46037504301595,-16.633293593884215,3.931350859229629
174.0978836985815,-4.829202314001294,3.1514936942605467,-17.454452309314775,-16.626933067396735,3.6757928632413805
174.1067550731031,-4.824257940211675,3.152208708696849,-17.448530754474493,-16.62057303579384,3.419519374370727
174.11562751184547,-4.819315912555833,3.152924361116579,-17.442610375577527,-16.614213497962634,3.162533324293775
174.1245010145365,-4.814376230138809,3.15364065321073,-17.436691169706158,-16.60785445279024,2.904837644686185
174.13337558090373,-4.809438892065769,3.1543575866702995,-17.430773133942523,-16.60149589916376,2.646435267223965
174.14225121067486,-4.804503897441899,3.15507516318628,-17.424856265368653,-16.595137835970316,2.387329123583003
174.15112790357725,-4.799571245372553,3.155793384449665,-17.41894056106648,-16.588780262097046,2.127522145439149
174.16000565933817,-4.794640934963151,3.156512252151452,-17.413026018117762,-16.582423176431067,1.867017264468382
174.1688844776847,-4.7897129653192385,3.1572317679826325,-17.40711263360418,-16.57606657785952,1.6058174123466735
174.17776435834404,-4.784787335546374,3.1579519336342017,-17.401200404607266,-16.569710465269555,1.3439255207496714
174.18664530104294,-4.779864044750292,3.158672750797155,-17.395289328208417,-16.5633548375483,1.0813445213536077
174.19552730550822,-4.774943092036791,3.159394221162486,-17.389379401488945,-16.55699969358292,0.818077345834075
174.20441037146648,-4.77002447651179,3.1601163464211894,-17.383470621530016,-16.550645032260565,0.5541269258672387
174.2132944986443,-4.765108197281225,3.1608391282642603,-17.37756298541268,-16.5442908524684,0.28949619312883007
174.22217968676804,-4.760194253451209,3.1615625683826916,-17.371656490217845,-16.537937153093583,0.02418807929483336
174.23106593556392,-4.755282644127912,3.16228666846748,-17.365751133026322,-16.5315839330233,-0.24179448395894843
174.23995324475803,-4.750373368417635,3.1630114302096177,-17.359846910918808,-16.52523119114472,-0.5084485649565186
174.24884161407644,-4.7454664254266925,3.1637368553000997,-17.35394382097583,-16.518878926345035,-0.7757712320219855
174.25773104324495,-4.7405618142615635,3.1644629454299222,-17.34804186027782,-16.512527137511412,-1.0437595534793862
174.26662153198933,-4.7356595340288115,3.1651897022900775,-17.34214102590513,-16.50617582353108,-1.3124105976530314
174.27551308003513,-4.7307595838351,3.165917127571561,-17.33624131493791,-16.499824983291212,-1.5817214328667473
174.2844056871079,-4.7258619627871274,3.166645222965366,-17.330342724456255,-16.493474615679034,-1.8516891274448153
174.2932993529329,-4.720966669991749,3.1673739901624898,-17.32444525154008,-16.48712471958174,-2.1223107497112808
174.3021940772354,-4.716073704555899,3.1681034308539244,-17.318548893269238,-16.480775293886563,-2.3935833679902307
174.31108985974043,-4.711183065586628,3.1688335467306645,-17.312653646723426,-16.474426337480725,-2.6655040506058327
174.31998670017302,-4.706294752191,3.169564339483705,-17.3067595089822,-16.46807784925145,-2.9380698658820275
174.32888459825793,-4.701408763476257,3.17029581080404,-17.300866477125055,-16.46172982808598,-3.2112778821429693
174.33778355371982,-4.6965250985497295,3.1710279623826647,-17.294974548231302,-16.455382272871564,-3.485125167712948
174.34668356628333,-4.6916437565187685,3.171760795910574,-17.28908371938016,-16.44903518249544,-3.7596087909158276
174.35558463567287,-4.686764736490894,3.172494313078761,-17.283193987650733,-16.442688555844867,-4.034725820075767
174.3644867616127,-4.681888037573699,3.173228515578219,-17.277305350121985,-16.436342391807123,-4.310473323516817
174.37338994382702,-4.677013658874888,3.1739634050999452,-17.271417803872772,-16.42999668926946,-4.586848369563253
174.38229418203986,-4.672141599502188,3.1746989833349333,-17.265531345981834,-16.423651447119155,-4.863848026538948
174.39119947597518,-4.667271858563501,3.175435251974177,-17.259645973527757,-16.4173066642435,-5.14146936276823
174.4001058253567,-4.662404435166789,3.1761722127086705,-17.25376168358906,-16.410962339529792,-5.419709446574981
174.409013229908,-4.657539328420138,3.17690986722941,-17.247878473244082,-16.404618471865305,-5.698565346283433
174.41792168935274,-4.652676537431654,3.177648217227388,-17.241996339571095,-16.398275060137365,-5.978034130217618
174.42683120341425,-4.647816061309609,3.178387264393601,-17.236115279648207,-16.39193210323327,-6.258112866701692
174.4357417718158,-4.642957899162346,3.1791270104190414,-17.230235290553427,-16.385589600040337,-6.538798624059796
174.44465339428044,-4.638102050098331,3.179867456994704,-17.22435636936464,-16.379247549445903,-6.820088470615817
174.45356607053122,-4.633248513226038,3.1806086058115843,-17.218478513159624,-16.37290595033729,-7.101979474694011
174.46247980029102,-4.62839728765412,3.181350458560676,-17.21260171901602,-16.366564801601847,-7.384468704618429
174.47139458328257,-4.623548372491298,3.1820930169329746,-17.206725984011328,-16.36022410212691,-7.667553228713271
174.4803104192284,-4.618701766846408,3.1828362826194727,-17.20085130522298,-16.353883850799846,-7.951230115302415
174.48922730785105,-4.613857469828309,3.1835802573111662,-17.194977679728247,-16.34754404650802,-8.235496432710164
174.49814524887287,-4.609015480546026,3.18432494269905,-17.189105104604284,-16.34120468813878,-8.520349249260637
174.507064242016,-4.604175798108658,3.185070340474116,-17.183233576928163,-16.334865774579544,-8.805785633277672
174.51598428700254,-4.599338421625418,3.185816452327361,-17.177363093776787,-16.328527304717667,-9.091802653085642
174.5249053835545,-4.594503350205538,3.1865632799497794,-17.171493652226964,-16.322189277440547,-9.378397377008524
174.53382753139363,-4.589670582958422,3.1873108250323647,-17.16562524935537,-16.315851691635597,-9.665566873370404
174.5427507302416,-4.584840118993543,3.188059089266112,-17.15975788223858,-16.309514546190226,-9.953308210495482
174.55167497981992,-4.580011957420492,3.188808074342014,-17.153891547953044,-16.303177839991857,-10.24161845670764
174.56060027985015,-4.575186097348879,3.189557781951068,-17.148026243575064,-16.2968415719279,-10.53049468033116
