galstreams/tracks/track.st.Slidr.ibata2021.ecsv
# %ECSV 0.9
# ---
# datatype:
# - {name: ra, unit: deg, datatype: float64}
# - {name: dec, unit: deg, datatype: float64}
# - {name: distance, unit: kpc, datatype: float64}
# - {name: pm_ra_cosdec, unit: mas / yr, datatype: float64}
# - {name: pm_dec, unit: mas / yr, datatype: float64}
# - {name: radial_velocity, unit: km / s, datatype: float64}
# delimiter: ','
# meta: !!omap
# - __serialized_columns__:
#     dec:
#       __class__: astropy.coordinates.angles.Latitude
#       unit: &id001 !astropy.units.Unit {unit: deg}
#       value: !astropy.table.SerializedColumn {name: dec}
#     distance:
#       __class__: astropy.coordinates.distances.Distance
#       unit: !astropy.units.Unit {unit: kpc}
#       value: !astropy.table.SerializedColumn {name: distance}
#     pm_dec:
#       __class__: astropy.units.quantity.Quantity
#       unit: !astropy.units.Unit {unit: mas / yr}
#       value: !astropy.table.SerializedColumn {name: pm_dec}
#     pm_ra_cosdec:
#       __class__: astropy.units.quantity.Quantity
#       unit: !astropy.units.Unit {unit: mas / yr}
#       value: !astropy.table.SerializedColumn {name: pm_ra_cosdec}
#     ra:
#       __class__: astropy.coordinates.angles.Longitude
#       unit: *id001
#       value: !astropy.table.SerializedColumn {name: ra}
#       wrap_angle: !astropy.coordinates.Angle
#         unit: *id001
#         value: 360.0
#     radial_velocity:
#       __class__: astropy.units.quantity.Quantity
#       unit: !astropy.units.Unit {unit: km / s}
#       value: !astropy.table.SerializedColumn {name: radial_velocity}
# schema: astropy-2.0
ra,dec,distance,pm_ra_cosdec,pm_dec,radial_velocity
[from data line 1097]
158.74408914112718,9.478074700670675,2.906430748727079,-25.095647499681164,-6.946237707862616,8.21024795162553e-14
158.75345800696383,9.474480450476188,2.9067517470009605,-25.092443597530917,-6.94476400358852,7.999728773378721e-14
158.76282779485524,9.470890771269042,2.9070726626018213,-25.08923825397733,-6.943290239188967,1.4736342477276593e-13
158.7721985037524,9.467305656778265,2.9073934958356373,-25.08603146931391,-6.941816415265852,1.2631150694808506e-14
158.78157013260542,9.463725100733084,2.907714247008378,-25.082823243834362,-6.940342532420766,8.420767129872338e-15
158.79094268036397,9.460149096862839,2.908034916426018,-25.07961357783247,-6.938868591254943,3.5788260301957434e-14
158.80031614597678,9.456577638897071,2.9083555043945326,-25.076402471602147,-6.937394592369298,1.1578554803574466e-13
158.80969052839205,9.453010720565475,2.9086760112198937,-25.073189925437482,-6.9359205363644225,7.368171238638296e-14
158.81906582655722,9.44944833559791,2.908996437208076,-25.06997593963266,-6.934446423840567,6.315575347404254e-14
158.82844203941906,9.445890477724403,2.9093167826650532,-25.066760514482024,-6.93297225539766,5.0524602779234026e-14
158.83781916592366,9.44233714067514,2.909637047896797,-25.063543650280042,-6.931498031635311,2.5262301389617013e-14
158.8471972050163,9.438788318180485,2.909957233209281,-25.060325347321328,-6.930023753152787,1.1368035625327657e-13
158.85657615564182,9.435244003970935,2.91027733890848,-25.057105605900606,-6.928549420549022,5.4734986344170195e-14
158.86595601674418,9.431704191777172,2.910597365300368,-25.05388442631275,-6.927075034422643,1.2631150694808506e-14
158.87533678726663,9.42816887533005,2.9109173126909167,-25.050661808852755,-6.925600595371929,2.1051917824680846e-14
158.88471846615184,9.424638048360576,2.911237181386101,-25.047437753815775,-6.924126103994851,5.894536990910637e-14
158.8941010523417,9.421111704599923,2.9115569716918945,-25.04421226149707,-6.922651560889044,2.947268495455318e-14
158.90348454477743,9.417589837779426,2.9118766839142687,-25.040985332192044,-6.92117696665182,3.9998643866893604e-14
158.9128689423996,9.414072441630594,2.9121963183591997,-25.037756966196234,-6.9197023218801625,8.420767129872338e-15
158.92225424414798,9.410559509885104,2.9125158753326597,-25.0345271638053,-6.918227627170737,7.578690416885104e-14
158.93164044896184,9.40705103627476,2.9128353551406216,-25.031295925315064,-6.916752883119867,3.157787673702127e-14
158.94102755577956,9.403547014531572,2.9131547580890604,-25.02806325102145,-6.915278090323566,1.5578419190263825e-13
158.95041556353897,9.400047438387702,2.913474084483949,-25.02482914122051,-6.913803249377522,4.4209027431829774e-14
158.95980447117705,9.396552301575475,2.9137933346312606,-25.02159359620846,-6.912328360877101,1.221011233831489e-13
158.9691942776303,9.393061597827378,2.9141125088369693,-25.01835661628163,-6.910853425417336,5.2629794561702114e-14
158.97858498183427,9.389575320876068,2.9144316074070473,-25.01511820173647,-6.90937844359296,1.1157516447080849e-13
158.98797658272403,9.386093464454376,2.9147506306474695,-25.01187835286958,-6.907903415998348,8.631286308119147e-14
158.99736907923392,9.382616022295263,2.915069578864209,-25.008637069977674,-6.906428343227574,-1.2631150694808506e-14
159.00676247029745,9.379142988131886,2.9153884523632394,-25.00539435335761,-6.904953225874392,9.47336302110638e-14
159.01615675484763,9.375674355697562,2.915707251450534,-25.002150203306396,-6.903478064532222,3.5788260301957434e-14
159.0255519318166,9.372210118725768,2.9160259764320657,-24.998904620121117,-6.902002859794182,1.368374658604255e-13
159.03494800013598,9.368750270950146,2.9163446276138094,-24.995657604099055,-6.900527612253048,5.0524602779234026e-14
159.0443449587365,9.365294806104504,2.9166632053017376,-24.99240915553756,-6.899052322501289,4.631421921429786e-14
159.0537428065483,9.361843717922827,2.916981709801824,-24.989159274734146,-6.897576991131054,4.631421921429786e-14
159.06314154250094,9.358397000139231,2.917300141420042,-24.985907961986477,-6.896101618734161,9.47336302110638e-14
159.0725411655231,9.354954646488023,2.917618500462366,-24.98265521759228,-6.894626205902109,3.789345208442552e-14
159.0819416745428,9.351516650703681,2.917936787234768,-24.979401041849496,-6.893150753226096,1.6631015081497867e-13
159.09134306848748,9.348083006520833,2.9182550020432236,-24.976145435056136,-6.891675261296985,1.0315439734093615e-13
159.10074534628376,9.344653707674276,2.918573145193704,-24.972888397510353,-6.890199730705323,4.210383564936169e-15
159.1101485068576,9.34122874789897,2.9188912169921837,-24.969629929510457,-6.888724162041342,5.894536990910637e-14
159.11955254913426,9.33780812093006,2.9192092177446365,-24.966370031354845,-6.887248555894959,7.578690416885104e-14
159.1289574720384,9.334391820502812,2.9195271477570355,-24.963108703342073,-6.88577291285576,1.0104920555846805e-13
159.1383632744939,9.330979840352695,2.9198450073353546,-24.959845945770816,-6.884297233513026,3.157787673702127e-14
159.14776995542394,9.327572174215335,2.920162796785567,-24.956581758939883,-6.8828215184557235,4.210383564936169e-15
159.157177513751,9.324168815826518,2.9204805164136456,-24.9533161431482,-6.881345768272494,5.2629794561702114e-14
159.16658594839691,9.320769758922193,2.9207981665255667,-24.950049098694823,-6.879869983551664,6.526094525651062e-14
159.17599525828277,9.31737499723849,2.921115747427299,-24.946780625878986,-6.878394164881252,1.1999593160068083e-13
159.185405442329,9.313984524511683,2.9214332594248202,-24.943510724999957,-6.87691831284895,2.5262301389617013e-14
159.19481649945524,9.310598334478243,2.921750702824102,-24.940239396357203,-6.875442428042152,1.2631150694808506e-14
159.20422842858068,9.307216420874747,2.9220680779311183,-24.936966640250304,-6.873966511047916,4.210383564936169e-14
159.21364122862354,9.303838777437996,2.9223853850518435,-24.933692456978957,-6.8724905624529935,4.210383564936169e-14
159.22305489850152,9.300465397904938,2.9227026244922474,-24.93041684684301,-6.871014582843837,-3.157787673702127e-14
159.2324694371315,9.297096276012674,2.9230197965583087,-24.92713981014239,-6.869538572806556,-2.7367493172085098e-14
159.24188484342974,9.293731405498487,2.9233369015559973,-24.923861347177212,-6.868062532926979,1.0736478090587231e-13
159.25130111631177,9.290370780099831,2.9236539397912895,-24.92058145824766,-6.866586463790601,3.9998643866893604e-14
159.26071825469248,9.287014393554285,2.9239709115701555,-24.917300143654113,-6.865110365982606,1.3262708229548932e-13
159.2701362574861,9.283662239599632,2.9242878171985716,-24.914017403697006,-6.863634240087869,1.1999593160068083e-13
159.27955512360595,9.280314311973816,2.9246046569825093,-24.910733238676954,-6.8621580866909495,2.315710960714893e-14
159.2889748519649,9.276970604414936,2.9249214312279435,-24.907447648894664,-6.8606819063761115,1.24206315165617e-13
159.29839544147495,9.273631110661263,2.925238140240847,-24.904160634650985,-6.859205699727282,7.789209595131913e-14
159.30781689104757,9.270295824451232,2.925554784327194,-24.90087219624689,-6.857729467328099,3.789345208442552e-14
159.31723919959333,9.266964739523438,2.925871363792957,-24.897582333983486,-6.856253209761881,1.0736478090587231e-13
159.32666236602225,9.263637849616671,2.926187878944109,-24.894291048162007,-6.854776927611637,4.631421921429786e-14
159.33608638924366,9.260315148469822,2.926504330086627,-24.89099833908377,-6.853300621460052,1.2631150694808508e-13
159.34551126816615,9.256996629822016,2.92682071752648,-24.88770420705029,-6.851824291889533,1.1999593160068083e-13
159.3549370016976,9.253682287412502,2.9271370415696447,-24.88440865236315,-6.850347939482139,2.7367493172085098e-14
159.36436358874522,9.250372114980719,2.927453302522093,-24.881111675324085,-6.8488715648196665,9.894401377599997e-14
159.3737910282155,9.247066106266255,2.9277695006897995,-24.87781327623493,-6.847395168483556,-1.0525958912340423e-14
159.38321931901422,9.243764255008873,2.928085636378736,-24.874513455397707,-6.845918751054965,6.105056169157445e-14
159.39264846004653,9.240466554948512,2.928401709894878,-24.871212213114475,-6.8444423131147545,-1.473634247727659e-14
159.40207845021683,9.237172999825237,2.928717721544197,-24.867909549687493,-6.842965855243447,1.1578554803574466e-13
159.4115092884289,9.233883583379317,2.929033671632669,-24.86460546541909,-6.841489378021274,5.894536990910637e-14
159.42094097358572,9.230598299351174,2.9293495604662656,-24.861299960611753,-6.840012882028166,-2.5262301389617013e-14
159.4303735045896,9.227317141481405,2.929665388350961,-24.857993035568093,-6.838536367843739,-1.2631150694808506e-14
159.43980688034213,9.224040103510756,2.929981155592728,-24.85468469059083,-6.837059836047301,8.841805486365955e-14
159.44924109974437,9.22076717918015,2.9302968624975416,-24.85137492598281,-6.835583287217856,1.1578554803574466e-13
159.45867616169642,9.217498362230694,2.9306125093713735,-24.848063742047017,-6.834106721934114,1.1999593160068083e-13
159.46811206509793,9.214233646403606,2.9309280965201983,-24.844751139086547,-6.832630140774461,8.841805486365955e-14
159.47754880884773,9.210973025440321,2.9312436242499893,-24.841437117404613,-6.831153544316983,3.5788260301957434e-14
159.4869863918439,9.207716493082428,2.9315590928667197,-24.838121677304585,-6.8296769331394716,9.683882199353189e-14
159.496424812984,9.20446404307167,2.931874502676364,-24.83480481908988,-6.8282003078194,-5.4734986344170195e-14
159.5058640711647,9.201215669149965,2.932189853984895,-24.831486543064134,-6.826723668933956,2.1051917824680846e-14
159.51530416528206,9.197971365059404,2.932505147098286,-24.828166849531065,-6.82524701706,6.526094525651062e-14
159.52474509423143,9.194731124542242,2.9328203823225105,-24.824845738794487,-6.82377035277412,3.9998643866893604e-14
159.53418685690755,9.191494941340874,2.9331355599635422,-24.82152321115838,-6.822293676652557,6.105056169157445e-14
159.54362945220436,9.188262809197887,2.9334506803273546,-24.818199266926815,-6.8208169892712895,-6.315575347404253e-15
159.55307287901513,9.185034721856029,2.933765743719922,-24.814873906403992,-6.819340291205976,1.0525958912340423e-14
159.5625171362324,9.181810673058216,2.934080750447217,-24.811547129894254,-6.817863583031978,1.0946997268834039e-13
159.57196222274808,9.17859065654753,2.934395700815213,-24.808218937702037,-6.8163868653243505,1.0525958912340423e-13
159.5814081374534,9.175374666067215,2.9347105951298835,-24.80488933013194,-6.8149101386578534,-2.947268495455318e-14
159.59085487923875,9.17216269536068,2.9350254336972026,-24.80155830748863,-6.813433403606937,-1.2631150694808506e-14
159.60030244699388,9.168954738171522,2.9353402168231435,-24.798225870076937,-6.811956660745763,5.894536990910637e-14
159.60975083960804,9.165750788243454,2.935654944813679,-24.794892018201786,-6.81047991064818,4.8419410996765944e-14
159.61920005596954,9.162550839320401,2.9359696179747843,-24.79155675216824,-6.809003153887739,2.7367493172085098e-14
159.6286500949661,9.159354885146444,2.9362842366124315,-24.788220072281494,-6.807526391037701,8.420767129872338e-14
159.6381009554847,9.156162919465823,2.936598801032594,-24.784881978846837,-6.8060496226710185,9.052324664612763e-14
159.64755263641166,9.152974936022945,2.936913311541247,-24.781542472169683,-6.804572849360344,7.999728773378721e-14
159.65700513663248,9.149790928562407,2.9372277684443615,-24.7782015525556,-6.803096071678046,7.789209595131913e-14
159.66645845503226,9.146610890828919,2.937542172047914,-24.774859220310233,-6.801619290196158,1.24206315165617e-13
159.6759125904951,9.143434816567405,2.9378565226578757,-24.771515475739356,-6.800142505486468,2.947268495455318e-14
159.68536754190453,9.140262699522937,2.93817082058022,-24.768170319148904,-6.798665718120424,1.0104920555846805e-13
159.69482330814338,9.137094533440761,2.938485066120922,-24.764823750844897,-6.797188928669193,5.4734986344170195e-14
159.70427988809377,9.133930312066283,2.9387992595859544,-24.76147577113345,-6.79571213770364,1.6631015081497867e-13
159.7137372806371,9.130770029145078,2.93911340128129,-24.75812638032087,-6.794235345794339,1.6841534259744676e-14
159.72319548465413,9.127613678422884,2.9394274915129044,-24.7547755787135,-6.792758553511563,1.2841669873055315e-13
159.73265449902482,9.124461253645624,2.939741530586769,-24.75142336661788,-6.79128176142529,-2.947268495455318e-14
159.74211432262862,9.121312748559347,2.9400555188088573,-24.748069744340626,-6.7898049701052035,-3.368306851948935e-14
159.75157495434408,9.118168156910304,2.9403694564851435,-24.744714712188483,-6.788328180120689,1.0104920555846805e-13
159.76103639304918,9.115027472444904,2.940683343921602,-24.74135827046831,-6.786851392040831,1.3052189051302125e-13
159.7704986376212,9.111890688909714,2.9409971814242057,-24.738000419487072,-6.785374606434424,1.0525958912340423e-14
159.77996168693656,9.108757800051478,2.941310969298927,-24.734641159551906,-6.783897823869983,1.368374658604255e-13
159.78942553987122,9.105628799617106,2.941624707851741,-24.73128049097002,-6.782421044915699,1.7473091794485103e-13
159.79889019530026,9.102503681353681,2.94193839738862,-24.727918414048734,-6.780944270139502,4.631421921429786e-14
159.80835565209821,9.099382439008417,2.9422520382155386,-24.724554929095525,-6.779467500108992,4.210383564936169e-14
159.81782190913876,9.096265066328733,2.942565630638469,-24.721190036417973,-6.777990735391505,1.1578554803574466e-13
159.82728896529503,9.093151557062198,2.9428791749633856,-24.71782373632376,-6.776513976554066,-1.894672604221276e-14
159.83675681943933,9.090041904956559,2.943192671496262,-24.714456029120704,-6.775037224163421,4.4209027431829774e-14
159.84622547044336,9.086936103759715,2.9435061205430713,-24.711086915116727,-6.773560478786013,4.631421921429786e-14
159.85569491717808,9.083834147219743,2.943819522409787,-24.707716394619904,-6.772083740988,3.789345208442552e-14
159.8651651585137,9.080736029084894,2.944132877402383,-24.704344467938373,-6.770607011335238,3.5788260301957434e-14
159.8746361933199,9.077641743103547,2.9444461858268327,-24.700971135380424,-6.769130290393303,4.8419410996765944e-14
159.88410802046553,9.07455128302429,2.944759447989109,-24.69759639725448,-6.767653578727469,1.2631150694808506e-14
159.89358063881875,9.07146464259586,2.945072664195186,-24.69422025386903,-6.766176876902729,1.0736478090587231e-13
159.90305404724705,9.068381815567168,2.945385834751037,-24.690842705532734,-6.764700185483773,3.9998643866893604e-14
159.91252824461722,9.065302795687282,2.945698959962636,-24.687463752554326,-6.763223505035017,5.6840178126638284e-14
159.92200322979534,9.062227576705443,2.946012040135956,-24.68408339524269,-6.761746836120577,1.1578554803574466e-13
159.93147900164678,9.05915615237107,2.94632507557697,-24.68070163390681,-6.760270179304286,2.5262301389617013e-14
159.9409555590363,9.056088516433713,2.9466380665916523,-24.67731846885578,-6.758793535149665,2.1051917824680845e-15
159.9504329008279,9.05302466264312,2.946951013485977,-24.673933900398836,-6.757316904219973,2.5262301389617013e-14
159.95991102588482,9.049964584749205,2.947263916565917,-24.67054792884529,-6.755840287078167,1.0525958912340423e-14
159.96938993306972,9.046908276502036,2.9475767761374447,-24.66716055450462,-6.754363684286918,-3.368306851948935e-14
159.97886962124448,9.043855731651856,2.9478895925065345,-24.663771777686396,-6.752887096408612,2.5262301389617013e-14
159.98835008927034,9.04080694394907,2.94820236597916,-24.660381598700273,-6.751410524005343,2.315710960714893e-14
159.99783133600778,9.037761907144256,2.9485150968612954,-24.65699001785607,-6.749933967638916,4.210383564936169e-14
160.0073133603166,9.034720614988165,2.948827785458913,-24.65359703546371,-6.748457427870854,3.368306851948935e-14
160.01679616105602,9.031683061231679,2.949140432077988,-24.650202651833197,-6.746980905262382,4.210383564936169e-14
160.02627973708437,9.028649239625889,2.9494530370244902,-24.646806867274734,-6.745504400374451,1.24206315165617e-13
