galstreams/tracks/track.st.Perpendicular.weiss2018.ecsv
# %ECSV 0.9
# ---
# datatype:
# - {name: ra, unit: deg, datatype: float64}
# - {name: dec, unit: deg, datatype: float64}
# - {name: distance, unit: kpc, datatype: float64}
# - {name: pm_ra_cosdec, unit: mas / yr, datatype: float64}
# - {name: pm_dec, unit: mas / yr, datatype: float64}
# - {name: radial_velocity, unit: km / s, datatype: float64}
# delimiter: ','
# meta: !!omap
# - __serialized_columns__:
#     dec:
#       __class__: astropy.coordinates.angles.Latitude
#       unit: &id001 !astropy.units.Unit {unit: deg}
#       value: !astropy.table.SerializedColumn {name: dec}
#     distance:
#       __class__: astropy.coordinates.distances.Distance
#       unit: !astropy.units.Unit {unit: kpc}
#       value: !astropy.table.SerializedColumn {name: distance}
#     pm_dec:
#       __class__: astropy.units.quantity.Quantity
#       unit: !astropy.units.Unit {unit: mas / yr}
#       value: !astropy.table.SerializedColumn {name: pm_dec}
#     pm_ra_cosdec:
#       __class__: astropy.units.quantity.Quantity
#       unit: !astropy.units.Unit {unit: mas / yr}
#       value: !astropy.table.SerializedColumn {name: pm_ra_cosdec}
#     ra:
#       __class__: astropy.coordinates.angles.Longitude
#       unit: *id001
#       value: !astropy.table.SerializedColumn {name: ra}
#       wrap_angle: !astropy.coordinates.Angle
#         unit: *id001
#         value: 360.0
#     radial_velocity:
#       __class__: astropy.units.quantity.Quantity
#       unit: !astropy.units.Unit {unit: km / s}
#       value: !astropy.table.SerializedColumn {name: radial_velocity}
# schema: astropy-2.0
ra,dec,distance,pm_ra_cosdec,pm_dec,radial_velocity
[from data line 1176]
182.65582353186963,18.102946518212477,15.598524393168807,0.0,0.0,0.0
182.6514332938662,18.111305531464463,15.60030547837558,0.0,0.0,0.0
182.6470426367655,18.119664445265098,15.602086563582352,0.0,0.0,0.0
182.64265156032565,18.128023259555835,15.603867648789123,0.0,0.0,0.0
182.63826006430477,18.136381974278116,15.605648733995894,0.0,0.0,0.0
182.63386814846083,18.144740589373356,15.607429819202668,0.0,0.0,0.0
182.6294758125518,18.15309910478295,15.609210904409439,0.0,0.0,0.0
182.6250830563355,18.161457520448288,15.610991989616211,0.0,0.0,0.0
182.6206898795698,18.169815836310725,15.612773074822984,0.0,0.0,0.0
182.6162962820123,18.1781740523116,15.614554160029755,0.0,0.0,0.0
182.61190226342083,18.186532168392247,15.616335245236524,0.0,0.0,0.0
182.6075078235528,18.194890184493964,15.618116330443298,0.0,0.0,0.0
182.60311296216577,18.20324810055803,15.619897415650067,0.0,0.0,0.0
182.5987176790172,18.21160591652572,15.62167850085684,0.0,0.0,0.0
182.59432197386442,18.21996363233828,15.623459586063612,0.0,0.0,0.0
182.58992584646472,18.228321247936936,15.625240671270385,0.0,0.0,0.0
182.5855292965754,18.23667876326289,15.627021756477156,0.0,0.0,0.0
182.58113232395354,18.245036178257344,15.628802841683928,0.0,0.0,0.0
182.5767349283562,18.253393492861456,15.630583926890699,0.0,0.0,0.0
182.5723371095404,18.26175070701639,15.63236501209747,0.0,0.0,0.0
182.5679388672631,18.270107820663267,15.634146097304242,0.0,0.0,0.0
182.5635402012812,18.2784648337432,15.635927182511013,0.0,0.0,0.0
182.55914111135138,18.28682174619729,15.637708267717784,0.0,0.0,0.0
182.55474159723045,18.295178557966615,15.639489352924558,0.0,0.0,0.0
182.550341658675,18.303535268992217,15.64127043813133,0.0,0.0,0.0
182.54594129544165,18.31189187921514,15.643051523338102,0.0,0.0,0.0
182.54154050728687,18.320248388576395,15.644832608544872,0.0,0.0,0.0
182.5371392939671,18.32860479701699,15.646613693751645,0.0,0.0,0.0
182.5327376552387,18.336961104477897,15.648394778958416,0.0,0.0,0.0
182.52833559085792,18.345317310900075,15.65017586416519,0.0,0.0,0.0
182.52393310058105,18.353673416224463,15.651956949371959,0.0,0.0,0.0
182.51953018416415,18.362029420391984,15.653738034578732,0.0,0.0,0.0
182.51512684136333,18.370385323343537,15.655519119785506,0.0,0.0,0.0
182.5107230719346,18.37874112502,15.657300204992275,0.0,0.0,0.0
182.5063188756338,18.387096825362246,15.65908129019905,0.0,0.0,0.0
182.50191425221692,18.395452424311102,15.660862375405816,0.0,0.0,0.0
182.4975092014396,18.403807921807402,15.662643460612589,0.0,0.0,0.0
182.49310372305766,18.412163317791958,15.664424545819358,0.0,0.0,0.0
182.48869781682666,18.420518612205544,15.666205631026134,0.0,0.0,0.0
182.48429148250216,18.428873804988918,15.667986716232905,0.0,0.0,0.0
182.47988471983967,18.437228896082846,15.669767801439678,0.0,0.0,0.0
182.4754775285946,18.445583885428036,15.671548886646447,0.0,0.0,0.0
182.47106990852228,18.45393877296521,15.67332997185322,0.0,0.0,0.0
182.466661859378,18.462293558635047,15.675111057059993,0.0,0.0,0.0
182.46225338091696,18.47064824237821,15.676892142266764,0.0,0.0,0.0
182.4578444728943,18.479002824135353,15.678673227473537,0.0,0.0,0.0
182.45343513506498,18.487357303847112,15.680454312680308,0.0,0.0,0.0
182.44902536718405,18.49571168145409,15.682235397887078,0.0,0.0,0.0
182.4446151690064,18.50406595689687,15.684016483093849,0.0,0.0,0.0
182.44020454028686,18.512420130116038,15.685797568300618,0.0,0.0,0.0
182.43579348078018,18.52077420105213,15.687578653507398,0.0,0.0,0.0
182.43138199024102,18.52912816964569,15.689359738714167,0.0,0.0,0.0
182.42697006842405,18.537482035837222,15.69114082392094,0.0,0.0,0.0
182.4225577150838,18.545835799567218,15.692921909127712,0.0,0.0,0.0
182.4181449299747,18.55418946077615,15.694702994334481,0.0,0.0,0.0
182.4137317128511,18.562543019404476,15.696484079541253,0.0,0.0,0.0
182.40931806346742,18.570896475392626,15.698265164748022,0.0,0.0,0.0
182.40490398157783,18.579249828681018,15.700046249954795,0.0,0.0,0.0
182.4004894669365,18.58760307921003,15.701827335161568,0.0,0.0,0.0
182.39607451929757,18.595956226920055,15.70360842036834,0.0,0.0,0.0
182.39165913841498,18.60430927175144,15.705389505575111,0.0,0.0,0.0
182.3872433240428,18.612662213644516,15.707170590781882,0.0,0.0,0.0
182.38282707593478,18.621015052539605,15.708951675988656,0.0,0.0,0.0
182.37841039384483,18.629367788377,15.710732761195425,0.0,0.0,0.0
182.37399327752658,18.63772042109697,15.712513846402198,0.0,0.0,0.0
182.36957572673376,18.646072950639773,15.714294931608967,0.0,0.0,0.0
182.3651577412199,18.654425376945657,15.716076016815741,0.0,0.0,0.0
182.3607393207385,18.662777699954827,15.717857102022512,0.0,0.0,0.0
182.35632046504304,18.671129919607473,15.719638187229284,0.0,0.0,0.0
182.35190117388683,18.679482035843787,15.721419272436057,0.0,0.0,0.0
182.34748144702317,18.687834048603914,15.723200357642831,0.0,0.0,0.0
182.34306128420525,18.696185957828,15.7249814428496,0.0,0.0,0.0
182.33864068518622,18.704537763456152,15.726762528056371,0.0,0.0,0.0
182.33421964971916,18.71288946542848,15.728543613263144,0.0,0.0,0.0
182.32979817755702,18.721241063685046,15.730324698469914,0.0,0.0,0.0
182.32537626845271,18.72959255816592,15.732105783676685,0.0,0.0,0.0
182.3209539221591,18.73794394881113,15.733886868883456,0.0,0.0,0.0
182.31653113842893,18.746295235560694,15.73566795409023,0.0,0.0,0.0
182.31210791701486,18.75464641835462,15.737449039297001,0.0,0.0,0.0
182.30768425766954,18.762997497132872,15.739230124503774,0.0,0.0,0.0
182.3032601601455,18.77134847183541,15.741011209710546,0.0,0.0,0.0
182.2988356241952,18.779699342402186,15.742792294917315,0.0,0.0,0.0
182.294410649571,18.788050108773103,15.744573380124088,0.0,0.0,0.0
182.28998523602525,18.796400770888056,15.74635446533086,0.0,0.0,0.0
182.28555938331021,18.804751328686937,15.748135550537633,0.0,0.0,0.0
182.28113309117796,18.81310178210959,15.749916635744404,0.0,0.0,0.0
182.27670635938065,18.821452131095857,15.751697720951176,0.0,0.0,0.0
182.2722791876703,18.829802375585555,15.753478806157942,0.0,0.0,0.0
182.26785157579883,18.838152515518484,15.755259891364721,0.0,0.0,0.0
182.2634235235181,18.84650255083442,15.757040976571492,0.0,0.0,0.0
182.25899503057988,18.854852481473113,15.758822061778263,0.0,0.0,0.0
182.2545660967359,18.86320230737431,15.760603146985034,0.0,0.0,0.0
182.25013672173782,18.87155202847772,15.762384232191808,0.0,0.0,0.0
182.2457069053372,18.879901644723052,15.764165317398579,0.0,0.0,0.0
182.24127664728547,18.888251156049964,15.765946402605346,0.0,0.0,0.0
182.2368459473341,18.896600562398124,15.76772748781212,0.0,0.0,0.0
182.23241480523438,18.904949863707166,15.769508573018891,0.0,0.0,0.0
182.22798322073763,18.913299059916703,15.771289658225665,0.0,0.0,0.0
182.22355119359497,18.921648150966337,15.773070743432433,0.0,0.0,0.0
182.21911872355759,18.929997136795638,15.774851828639209,0.0,0.0,0.0
182.21468581037644,18.93834601734416,15.77663291384598,0.0,0.0,0.0
182.2102524538025,18.946694792551444,15.77841399905275,0.0,0.0,0.0
182.2058186535867,18.955043462356993,15.780195084259523,0.0,0.0,0.0
182.2013844094798,18.96339202670032,15.781976169466292,0.0,0.0,0.0
182.19694972123253,18.971740485520876,15.783757254673068,0.0,0.0,0.0
182.19251458859554,18.980088838758135,15.785538339879837,0.0,0.0,0.0
182.18807901131945,18.988437086351524,15.787319425086608,0.0,0.0,0.0
182.18364298915475,18.996785228240444,15.78910051029338,0.0,0.0,0.0
182.1792065218518,19.005133264364307,15.790881595500153,0.0,0.0,0.0
182.17476960916105,19.01348119466247,15.792662680706925,0.0,0.0,0.0
182.17033225083273,19.021829019074296,15.794443765913696,0.0,0.0,0.0
182.16589444661705,19.030176737539108,15.796224851120467,0.0,0.0,0.0
182.16145619626406,19.038524349996216,15.79800593632724,0.0,0.0,0.0
182.15701749952393,19.046871856384914,15.799787021534012,0.0,0.0,0.0
182.15257835614653,19.055219256644477,15.801568106740783,0.0,0.0,0.0
182.1481387658818,19.06356655071415,15.803349191947557,0.0,0.0,0.0
182.14369872847954,19.071913738533162,15.805130277154326,0.0,0.0,0.0
182.1392582436895,19.08026082004072,15.806911362361097,0.0,0.0,0.0
182.13481731126134,19.088607795176014,15.80869244756787,0.0,0.0,0.0
182.13037593094464,19.096954663878215,15.81047353277464,0.0,0.0,0.0
182.1259341024889,19.105301426086466,15.812254617981413,0.0,0.0,0.0
182.1214918256436,19.113648081739893,15.814035703188184,0.0,0.0,0.0
182.11704910015808,19.121994630777607,15.815816788394956,0.0,0.0,0.0
182.1126059257816,19.130341073138684,15.817597873601727,0.0,0.0,0.0
182.10816230226337,19.138687408762202,15.819378958808501,0.0,0.0,0.0
182.1037182293525,19.147033637587192,15.82116004401527,0.0,0.0,0.0
182.09927370679804,19.15537975955269,15.822941129222043,0.0,0.0,0.0
182.09482873434905,19.16372577459769,15.824722214428816,0.0,0.0,0.0
182.0903833117543,19.17207168266118,15.826503299635586,0.0,0.0,0.0
182.08593743876267,19.180417483682117,15.828284384842359,0.0,0.0,0.0
182.0814911151229,19.188763177599448,15.830065470049131,0.0,0.0,0.0
182.07704434058368,19.197108764352087,15.831846555255902,0.0,0.0,0.0
182.07259711489357,19.20545424387894,15.833627640462675,0.0,0.0,0.0
182.06814943780105,19.21379961611888,15.835408725669447,0.0,0.0,0.0
182.0637013090546,19.222144881010756,15.83718981087622,0.0,0.0,0.0
182.05925272840256,19.230490038493432,15.838970896082989,0.0,0.0,0.0
182.0548036955932,19.23883508850571,15.84075198128976,0.0,0.0,0.0
182.05035421037473,19.247180030986385,15.842533066496534,0.0,0.0,0.0
182.04590427249525,19.255524865874232,15.844314151703305,0.0,0.0,0.0
182.04145388170286,19.263869593108,15.846095236910076,0.0,0.0,0.0
182.03700303774548,19.272214212626437,15.847876322116848,0.0,0.0,0.0
182.03255174037102,19.28055872436825,15.84965740732362,0.0,0.0,0.0
182.02809998932725,19.288903128272125,15.851438492530391,0.0,0.0,0.0
182.02364778436197,19.29724742427674,15.853219577737164,0.0,0.0,0.0
182.0191951252228,19.305591612320743,15.855000662943935,0.0,0.0,0.0
182.01474201165735,19.31393569234276,15.856781748150707,0.0,0.0,0.0
182.0102884434131,19.3222796642814,15.858562833357476,0.0,0.0,0.0
182.00583442023742,19.330623528075257,15.86034391856425,0.0,0.0,0.0
182.00137994187773,19.3389672836629,15.862125003771022,0.0,0.0,0.0
181.99692500808132,19.347310930982857,15.863906088977794,0.0,0.0,0.0
181.9924696185953,19.35565446997367,15.865687174184561,0.0,0.0,0.0
181.98801377316678,19.363997900573832,15.867468259391336,0.0,0.0,0.0
181.98355747154287,19.372341222721836,15.869249344598108,0.0,0.0,0.0
181.97910071347047,19.38068443635613,15.87103042980488,0.0,0.0,0.0
181.97464349869648,19.389027541415167,15.872811515011652,0.0,0.0,0.0
181.9701858269677,19.397370537837368,15.874592600218422,0.0,0.0,0.0
181.9657276980308,19.40571342556112,15.876373685425195,0.0,0.0,0.0
181.9612691116325,19.414056204524815,15.878154770631966,0.0,0.0,0.0
181.95681006751926,19.4223988746668,15.879935855838736,0.0,0.0,0.0
181.95235056543768,19.430741435925402,15.88171694104551,0.0,0.0,0.0
181.9478906051341,19.439083888238958,15.883498026252282,0.0,0.0,0.0
181.94343018635485,19.447426231545744,15.88527911145905,0.0,0.0,0.0
181.9389693088462,19.455768465784043,15.887060196665825,0.0,0.0,0.0
181.93450797235428,19.464110590892094,15.888841281872597,0.0,0.0,0.0
181.9300461766252,19.472452606808133,15.890622367079368,0.0,0.0,0.0
181.925583921405,19.48079451347037,15.892403452286139,0.0,0.0,0.0
181.92112120643958,19.489136310816995,15.894184537492912,0.0,0.0,0.0
181.9166580314748,19.497477998786167,15.895965622699684,0.0,0.0,0.0
181.9121943962565,19.50581957731604,15.897746707906455,0.0,0.0,0.0
181.90773030053023,19.514161046344736,15.899527793113226,0.0,0.0,0.0
181.90326574404173,19.522502405810343,15.901308878319998,0.0,0.0,0.0
181.8988007265365,19.530843655650962,15.903089963526769,0.0,0.0,0.0
181.89433524776,19.53918479580464,15.904871048733543,0.0,0.0,0.0
181.88986930745764,19.547525826209426,15.906652133940314,0.0,0.0,0.0
181.88540290537463,19.55586674680333,15.908433219147087,0.0,0.0,0.0
181.8809360412563,19.56420755752435,15.910214304353856,0.0,0.0,0.0
181.8764687148477,19.572548258310473,15.91199538956063,0.0,0.0,0.0
181.87200092589399,19.580888849099633,15.9137764747674,0.0,0.0,0.0
181.86753267414002,19.589229329829774,15.915557559974172,0.0,0.0,0.0
181.86306395933082,19.5975697004388,15.917338645180946,0.0,0.0,0.0
181.85859478121114,19.605909960864608,15.919119730387715,0.0,0.0,0.0
181.85412513952576,19.614250111045063,15.920900815594486,0.0,0.0,0.0
181.84965503401935,19.622590150918004,15.92268190080126,0.0,0.0,0.0
181.84518446443641,19.630930080421273,15.924462986008031,0.0,0.0,0.0
181.84071343052156,19.639269899492657,15.926244071214803,0.0,0.0,0.0
181.83624193201916,19.647609608069956,15.928025156421574,0.0,0.0,0.0
181.8317699686736,19.655949206090913,15.929806241628347,0.0,0.0,0.0
181.82729754022907,19.664288693493273,15.93158732683512,0.0,0.0,0.0
181.8228246464298,19.672628070214763,15.93336841204189,0.0,0.0,0.0
181.8183512870199,19.68096733619307,15.935149497248663,0.0,0.0,0.0
181.81387746174337,19.689306491365873,15.936930582455432,0.0,0.0,0.0
181.8094031703442,19.697645535670823,15.938711667662206,0.0,0.0,0.0
181.80492841256623,19.70598446904555,15.940492752868975,0.0,0.0,0.0
181.80045318815323,19.714323291427664,15.94227383807575,0.0,0.0,0.0
181.7959774968489,19.722662002754763,15.944054923282518,0.0,0.0,0.0
181.7915013383969,19.73100060296441,15.945836008489293,0.0,0.0,0.0
181.78702471254073,19.739339091994143,15.947617093696062,0.0,0.0,0.0
181.7825476190239,19.74767746978149,15.949398178902834,0.0,0.0,0.0
181.77807005758973,19.756015736263958,15.951179264109605,0.0,0.0,0.0
181.77359202798158,19.76435389137902,15.952960349316376,0.0,0.0,0.0
181.76911352994262,19.772691935064145,15.95474143452315,0.0,0.0,0.0
181.76463456321605,19.78102986725676,15.956522519729923,0.0,0.0,0.0
181.7601551275449,19.789367687894277,15.958303604936695,0.0,0.0,0.0
181.75567522267212,19.797705396914107,15.960084690143464,0.0,0.0,0.0
181.75119484834065,19.806042994253605,15.961865775350237,0.0,0.0,0.0
181.7467140042933,19.81438047985013,15.96364686055701,0.0,0.0,0.0
181.74223269027277,19.822717853641006,15.965427945763784,0.0,0.0,0.0
181.73775090602177,19.831055115563544,15.967209030970555,0.0,0.0,0.0
181.73326865128283,19.83939226555503,15.968990116177325,0.0,0.0,0.0
181.72878592579846,19.847729303552722,15.970771201384094,0.0,0.0,0.0
181.7243027293111,19.856066229493862,15.972552286590867,0.0,0.0,0.0
181.71981906156304,19.864403043315672,15.974333371797638,0.0,0.0,0.0
181.71533492229656,19.872739744955346,15.976114457004412,0.0,0.0,0.0
181.71085031125378,19.881076334350073,15.97789554221118,0.0,0.0,0.0
181.70636522817685,19.889412811436983,15.979676627417955,0.0,0.0,0.0
181.70187967280773,19.89774917615323,15.981457712624724,0.0,0.0,0.0
181.69739364488836,19.90608542843591,15.983238797831499,0.0,0.0,0.0
181.69290714416059,19.914421568222124,15.985019883038266,0.0,0.0,0.0
181.6884201703662,19.92275759544892,15.986800968245042,0.0,0.0,0.0
181.6839327232468,19.93109351005336,15.988582053451815,0.0,0.0,0.0
181.67944480254405,19.939429311972454,15.990363138658582,0.0,0.0,0.0
181.67495640799947,19.947765001143214,15.992144223865354,0.0,0.0,0.0
181.6704675393545,19.956100577502603,15.993925309072125,0.0,0.0,0.0
181.6659781963504,19.96443604098759,15.995706394278898,0.0,0.0,0.0
181.66148837872854,19.9727713915351,15.99748747948567,0.0,0.0,0.0
181.6569980862301,19.981106629082063,15.999268564692445,0.0,0.0,0.0
181.6575829494456,19.991859077320207,15.999611380136145,0.0,0.0,0.0
181.66170512200247,20.004295908135344,15.998951955416448,0.0,0.0,0.0
181.66582794665723,20.016732643224735,15.998292530696752,0.0,0.0,0.0
181.6699514244028,20.029169282199607,15.997633105977055,0.0,0.0,0.0
181.67407555623254,20.041605824671095,15.99697368125736,0.0,0.0,0.0
181.67820034314013,20.054042270250257,15.996314256537664,0.0,0.0,0.0
181.68232578611972,20.066478618548075,15.995654831817966,0.0,0.0,0.0
181.6864518861658,20.078914869175435,15.994995407098267,0.0,0.0,0.0
