galstreams/tracks/track.st.Gaia-2.ibata2021.ecsv
# %ECSV 0.9
# ---
# datatype:
# - {name: ra, unit: deg, datatype: float64}
# - {name: dec, unit: deg, datatype: float64}
# - {name: distance, unit: kpc, datatype: float64}
# - {name: pm_ra_cosdec, unit: mas / yr, datatype: float64}
# - {name: pm_dec, unit: mas / yr, datatype: float64}
# - {name: radial_velocity, unit: km / s, datatype: float64}
# delimiter: ','
# meta: !!omap
# - __serialized_columns__:
#     dec:
#       __class__: astropy.coordinates.angles.Latitude
#       unit: &id001 !astropy.units.Unit {unit: deg}
#       value: !astropy.table.SerializedColumn {name: dec}
#     distance:
#       __class__: astropy.coordinates.distances.Distance
#       unit: !astropy.units.Unit {unit: kpc}
#       value: !astropy.table.SerializedColumn {name: distance}
#     pm_dec:
#       __class__: astropy.units.quantity.Quantity
#       unit: !astropy.units.Unit {unit: mas / yr}
#       value: !astropy.table.SerializedColumn {name: pm_dec}
#     pm_ra_cosdec:
#       __class__: astropy.units.quantity.Quantity
#       unit: !astropy.units.Unit {unit: mas / yr}
#       value: !astropy.table.SerializedColumn {name: pm_ra_cosdec}
#     ra:
#       __class__: astropy.coordinates.angles.Longitude
#       unit: *id001
#       value: !astropy.table.SerializedColumn {name: ra}
#       wrap_angle: !astropy.coordinates.Angle
#         unit: *id001
#         value: 360.0
#     radial_velocity:
#       __class__: astropy.units.quantity.Quantity
#       unit: !astropy.units.Unit {unit: km / s}
#       value: !astropy.table.SerializedColumn {name: radial_velocity}
# schema: astropy-2.0
ra,dec,distance,pm_ra_cosdec,pm_dec,radial_velocity
[from data line 1355]
8.760931855861891,-20.308994884095693,7.072559440860884,0.01012501530406794,0.15438989044750806,7.8944691842553165e-16
8.765659216228872,-20.31809102537602,7.072128301096994,0.008377538324796456,0.15319819965379475,-2.6314897280851057e-16
8.770383368830558,-20.327189368096704,7.071694931730799,0.006621593186131629,0.15199767897730943,7.8944691842553165e-16
8.77510430747486,-20.33628991621837,7.071259329372692,0.004857166707247298,0.1507883112892853,7.8944691842553165e-16
8.779822025968013,-20.34539267370218,7.070821490633074,0.0030842457082911993,0.14957007946048181,2.6314897280851057e-16
8.784536518114571,-20.354497644509912,7.070381412122342,0.001302817010376195,0.14834296636119226,5.262979456170211e-16
8.789247777717412,-20.36360483260397,7.069939090450889,-0.0004871325644267774,0.14710695486125208,-2.6314897280851057e-16
8.79395579857771,-20.372714241947286,7.069494522229116,-0.002285616193098164,0.14586202783004568,2.6314897280851057e-16
8.798660574494956,-20.381825876503438,7.069047704067421,-0.004092647051676474,0.14460816813651603,0.0
8.80336209926695,-20.390939740236572,7.068598632576201,-0.005908238315267711,0.14334535864917108,0.0
8.808060366689782,-20.40005583711142,7.068147304365851,-0.007732403158053082,0.14207358223609248,0.0
8.81275537055784,-20.409174171093316,7.067693716046768,-0.009565154753296652,0.14079282176494365,-2.6314897280851057e-16
8.817447104663803,-20.41829474614815,7.067237864229354,-0.011406506273355103,0.13950306010297692,5.262979456170211e-16
8.822135562798639,-20.42741756624244,7.066779745524002,-0.013256470889684333,0.13820428011704317,-2.6314897280851057e-16
8.826820738751602,-20.43654263534325,7.066319356541112,-0.015115061772849358,0.13689646467359798,-2.6314897280851057e-16
8.83150262631022,-20.445669957418247,7.065856693891079,-0.016982292092531458,0.13557959663871144,5.262979456170211e-16
8.836181219260295,-20.454799536435683,7.0653917541843025,-0.01885817501753756,0.13425365887807533,2.6314897280851057e-16
8.84085651138591,-20.46393137636438,7.064924534031177,-0.020742723715807827,0.13291863425701145,-5.262979456170211e-16
8.845528496469402,-20.473065481173734,7.064455030042104,-0.022635951354425102,0.13157450564047993,0.0
8.850197168291379,-20.482201854833725,7.0639832388274755,-0.024537871099622473,0.13022125589308747,5.262979456170211e-16
8.854862520630707,-20.491340501314927,7.063509156997694,-0.026448496116792748,0.12885886787909528,2.6314897280851057e-16
8.8595245472645,-20.500481424588457,7.063032781163157,-0.02836783957049606,0.127487324462428,2.6314897280851057e-16
8.864183241968135,-20.509624628626046,7.062554107934254,-0.030295914624469487,0.1261066085066813,5.262979456170211e-16
8.868838598515222,-20.518770117399956,7.062073133921391,-0.032232734441634804,0.1247167028751306,5.262979456170211e-16
8.87349061067762,-20.527917894883057,7.061589855734962,-0.03417831218410834,0.12331759043073927,-2.6314897280851057e-16
8.878139272225424,-20.53706796504876,7.061104269985364,-0.03613266101320817,0.12190925403616718,7.8944691842553165e-16
8.882784576926966,-20.54622033187107,7.060616373282996,-0.03809579408946424,0.12049167655377915,2.6314897280851057e-16
8.887426518548802,-20.555374999324556,7.060126162238251,-0.040067724572626695,0.11906484084565296,-2.6314897280851057e-16
8.892065090855715,-20.56453197138433,7.059633633461533,-0.04204846562167415,0.11762872977358849,0.0
8.89670028761071,-20.57369125202611,7.059138783563234,-0.04403803039482376,0.1161833261991158,-2.6314897280851057e-16
8.90133210257501,-20.582852845226135,7.058641609153752,-0.04603643204953885,0.11472861298350363,-2.6314897280851057e-16
8.905960529508045,-20.592016754961243,7.058142106843487,-0.04804368374253895,0.11326457298776818,-2.6314897280851057e-16
8.91058556216746,-20.60118298520882,7.0576402732428365,-0.0500597986298079,0.11179118907268173,2.6314897280851057e-16
8.915207194309103,-20.610351539946816,7.0571361049621935,-0.052084789866603545,0.1103084440987809,0.0
8.919825419687015,-20.619522423153725,7.05662959861196,-0.05411867060746613,0.10881632092637582,2.6314897280851057e-16
8.924440232053437,-20.628695638808626,7.05612075080253,-0.05616145400622821,0.10731480241555826,-1.3157448640425528e-16
8.929051625158806,-20.63787119089113,7.055609558144303,-0.05821315321602286,0.10580387142621098,5.262979456170211e-16
8.933659592751736,-20.647049083381425,7.055096017247675,-0.060273781389293665,0.10428351081801568,3.9472345921276583e-16
8.93826412857903,-20.65622932026024,7.054580124723043,-0.062343351677803076,0.10275370345046268,5.262979456170211e-16
8.94286522638567,-20.66541190550886,7.054061877180806,-0.06442187723264248,0.10121443218285876,-3.9472345921276583e-16
8.947462879914804,-20.674596843109114,7.053541271231359,-0.06650937120424079,0.09966567987433696,0.0
8.952057082907755,-20.6837841370434,7.053018303485105,-0.06860584674237423,0.09810742938386437,-1.3157448640425528e-16
8.95664782910401,-20.69297379129465,7.052492970552435,-0.07071131699617526,0.09653966357025218,1.3157448640425528e-16
8.961235112241223,-20.702165809846345,7.051965269043748,-0.07282579511414214,0.09496236529216368,1.3157448640425528e-16
8.965818926055192,-20.71136019668253,7.05143519556944,-0.07494929424414878,0.09337551740812355,-5.262979456170211e-16
8.970399264279877,-20.72055695578776,7.050902746739913,-0.07708182753345294,0.09177910277652696,0.0
8.974976120647375,-20.729756091147163,7.050367919165561,-0.07922340812870736,0.09017310425564827,-5.262979456170211e-16
8.979549488887937,-20.738957606746407,7.049830709456781,-0.08137404917596763,0.08855750470365047,0.0
8.984119362729945,-20.748161506571687,7.049291114223973,-0.08353376382070332,0.08693228697859373,0.0
8.98868573589992,-20.757367794609753,7.04874913007753,-0.08570256520780593,0.08529743393844506,-1.3157448640425528e-16
8.993248602122515,-20.766576474847877,7.048204753627854,-0.0878804664816003,0.08365292844108688,1.3157448640425528e-16
8.997807955120495,-20.775787551273883,7.047657981485341,-0.09006748078585233,0.0819987533443268,1.3157448640425528e-16
9.00236378861476,-20.785001027876135,7.047108810260384,-0.09226362126378075,0.08033489150590606,2.6314897280851057e-16
9.006916096324318,-20.794216908643495,7.046557236563387,-0.09446890105806487,0.07866132578350946,3.9472345921276583e-16
9.011464871966293,-20.80343519756541,7.046003257004742,-0.09668333331085607,0.07697803903477393,3.9472345921276583e-16
9.016010109255914,-20.81265589863182,7.0454468681948486,-0.09890693116378588,0.07528501411729878,-5.262979456170211e-16
9.02055180190651,-20.821879015833197,7.044888066744106,-0.10113970775797727,0.07358223388865401,1.3157448640425528e-16
9.025089943629519,-20.831104553160568,7.04432684926291,-0.10338167623405443,0.0718696812063899,-1.3157448640425528e-16
9.029624528134455,-20.840332514605457,7.0437632123616565,-0.10563284973215135,0.07014733892804675,-1.3157448640425528e-16
9.034155549128936,-20.849562904159942,7.043197152650743,-0.10789324139192352,0.06841518991116399,1.3157448640425528e-16
9.038683000318658,-20.858795725816602,7.042628666740568,-0.1101628643525566,0.06667321701328964,3.9472345921276583e-16
9.0432068754074,-20.86803098356855,7.042057751241529,-0.11244173175277719,0.06492140309198974,-1.3157448640425528e-16
9.04772716809701,-20.87726868140941,7.041484402764023,-0.11472985673086238,0.06315973100485812,-1.3157448640425528e-16
9.052243872087415,-20.886508823333347,7.040908617918447,-0.11702725242465062,0.06138818360952531,-1.3157448640425528e-16
9.0567569810766,-20.895751413335024,7.040330393315199,-0.11933393197155076,0.059606743763668965,5.262979456170211e-16
9.061266488760616,-20.904996455409627,7.039749725564676,-0.12164990850855342,0.057815394325022425,3.9472345921276583e-16
9.065772388833572,-20.914243953552873,7.039166611277274,-0.12397519517223989,0.05601411815138543,1.3157448640425528e-16
9.070274674987628,-20.923493911760968,7.038581047063393,-0.12630980509879425,0.05420289810063257,-3.9472345921276583e-16
9.074773340912987,-20.93274633403064,7.0379930295334265,-0.12865375142401123,0.052381717030724494,-1.3157448640425528e-16
9.079268380297892,-20.942001224359128,7.037402555297778,-0.13100704728330856,0.05055055779971575,1.9736172960638291e-16
9.083759786828645,-20.9512585867442,7.036809620966838,-0.1333697058117371,0.048709403265765866,0.0
9.088247554189557,-20.960518425184098,7.03621422315101,-0.13574174014398932,0.046858236287149094,-1.3157448640425528e-16
9.092731676062977,-20.9697807436776,7.035616358460685,-0.13812316341441278,0.04499703972226343,3.9472345921276583e-16
9.097212146129285,-20.979045546223972,7.035016023506266,-0.14051398875701765,0.04312579642964105,-1.3157448640425528e-16
9.101688958066866,-20.988312836823,7.034413214898145,-0.14291422930548997,0.04124448926795795,1.3157448640425528e-16
9.106162105552132,-20.99758261947494,7.033807929246724,-0.1453238981931994,0.039353101096043994,-2.6314897280851057e-16
9.110631582259495,-21.00685489818058,7.0332001631624,-0.14774300855321243,0.037451614772892536,-1.3157448640425528e-16
9.115097381861379,-21.01612967694121,7.032589913255568,-0.15017157351830088,0.035540013157671045,-3.9472345921276583e-16
9.119559498028199,-21.025406959758584,7.0319771761366265,-0.1526096062209546,0.033618279109729796,4.605107024148935e-16
9.124017924428387,-21.034686750634997,7.03136194841597,-0.15505711979339018,0.03168639548861372,-5.262979456170211e-16
9.128472654728334,-21.043969053573193,7.030744226704003,-0.15751412736756296,0.029744345154070817,-2.6314897280851057e-16
