galstreams/tracks/track.st.C-11.ibata2024.ecsv
# %ECSV 1.0
# ---
# datatype:
# - {name: ra, unit: deg, datatype: float64}
# - {name: dec, unit: deg, datatype: float64}
# - {name: distance, unit: kpc, datatype: float64}
# - {name: pm_ra_cosdec, unit: mas / yr, datatype: float64}
# - {name: pm_dec, unit: mas / yr, datatype: float64}
# - {name: radial_velocity, unit: km / s, datatype: float64}
# delimiter: ','
# meta: !!omap
# - __serialized_columns__:
#     dec:
#       __class__: astropy.coordinates.angles.Latitude
#       unit: &id001 !astropy.units.Unit {unit: deg}
#       value: !astropy.table.SerializedColumn {name: dec}
#     distance:
#       __class__: astropy.coordinates.distances.Distance
#       unit: !astropy.units.Unit {unit: kpc}
#       value: !astropy.table.SerializedColumn {name: distance}
#     pm_dec:
#       __class__: astropy.units.quantity.Quantity
#       unit: !astropy.units.Unit {unit: mas / yr}
#       value: !astropy.table.SerializedColumn {name: pm_dec}
#     pm_ra_cosdec:
#       __class__: astropy.units.quantity.Quantity
#       unit: !astropy.units.Unit {unit: mas / yr}
#       value: !astropy.table.SerializedColumn {name: pm_ra_cosdec}
#     ra:
#       __class__: astropy.coordinates.angles.Longitude
#       unit: *id001
#       value: !astropy.table.SerializedColumn {name: ra}
#       wrap_angle: !astropy.coordinates.Angle
#         unit: *id001
#         value: 360.0
#     radial_velocity:
#       __class__: astropy.units.quantity.Quantity
#       unit: !astropy.units.Unit {unit: km / s}
#       value: !astropy.table.SerializedColumn {name: radial_velocity}
# schema: astropy-2.0
ra,dec,distance,pm_ra_cosdec,pm_dec,radial_velocity
[from data line 569]
101.69559428043793,38.264534811384216,1.0000000000000002,5.309648968454951,-0.9807119651352565,1147.593038700045
101.6961978676082,38.277174441511114,1.0000000000000004,5.30920353140457,-0.9807134712236234,1145.1790065269995
101.69681185669158,38.28980864974971,1.0000000000000004,5.308759757171963,-0.980715156932348,1142.768098729675
101.69743624711725,38.30243743849629,1.0000000000000004,5.308317644972533,-0.9807170228620095,1140.3603133838537
101.69807103831346,38.31506081014576,1.0000000000000004,5.307877194021891,-0.9807190696132864,1137.9556485653154
101.69871622970736,38.32767876709138,1.0000000000000002,5.307438403535663,-0.9807212977872553,1135.554102349844
101.69937182072512,38.3402913117249,1.0000000000000004,5.307001272729565,-0.9807237079852484,1133.1556728132214
101.70003781079178,38.352898446436576,1.0000000000000007,5.306565800819577,-0.9807263008089535,1130.760358031229
101.70071419933159,38.365500173615196,1.0000000000000004,5.306131987021537,-0.9807290768601433,1128.3681560796492
101.70140098576748,38.37809649564788,1.0000000000000004,5.305699830551639,-0.9807320367412871,1125.9790650342634
101.70209816952156,38.39068741492037,1.0000000000000002,5.305269330626018,-0.9807351810545271,1123.5930829708536
101.70280575001479,38.403272933816794,1.0000000000000004,5.304840486460975,-0.9807385104028725,1121.210207965202
101.70352372666706,38.415853054719726,1.0000000000000004,5.30441329727288,-0.980742025389219,1118.8304380930904
101.70425209889721,38.42842778001022,1.0000000000000004,5.3039877622782825,-0.9807457266170729,1116.453771430302
101.70499086612314,38.44099711206788,1.0000000000000004,5.303563880693737,-0.9807496146899837,1114.0802060526166
101.70574002776152,38.4535610532707,1.0000000000000004,5.3031416517359915,-0.9807536902119693,1111.709740035817
101.706499583228,38.46611960599504,1.0000000000000004,5.302721074621822,-0.9807579537871192,1109.3423714556855
101.70726953193723,38.47867277261595,1.0000000000000004,5.302302148568145,-0.9807624060199487,1106.9780983880041
101.70804987330267,38.491220555506764,1.0000000000000004,5.30188487279203,-0.9807670475154282,1104.616918908555
101.70884060673671,38.50376295703925,1.0000000000000004,5.301469246510528,-0.9807718788785564,1102.2588310931187
101.70964173165075,38.516299979583806,1.0000000000000004,5.301055268940907,-0.9807769007147726,1099.9038330174787
101.71045324745499,38.52883162550912,1.0000000000000004,5.300642939300452,-0.9807821136297861,1097.5519227574162
101.7112751535585,38.541357897182344,1.0000000000000004,5.300232256806652,-0.9807875182295476,1095.2030983887128
101.71210744936938,38.5538787969692,1.0000000000000004,5.299823220676984,-0.9807931151203348,1092.8573579871518
101.7129501342945,38.56639432723375,1.0000000000000004,5.299415830129092,-0.9807989049088519,1090.5146996285137
101.7138032077396,38.57890449033846,1.0000000000000004,5.299010084380676,-0.980804888201817,1088.1751213885814
101.71466666910945,38.59140928864443,1.0000000000000004,5.298605982649548,-0.9808110656065594,1085.8386213431363
101.71554051780748,38.60390872451103,1.0000000000000004,5.2982035241537275,-0.980817437730579,1083.5051975679605
101.71642475323613,38.61640280029608,1.0000000000000004,5.297802708111142,-0.9808240051816313,1081.1748481388365
101.71731937479669,38.628891518355985,1.0000000000000002,5.2974035337400025,-0.9808307685677562,1078.8475711315457
101.71822438188926,38.64137488104544,1.0000000000000004,5.297006000258449,-0.980837728497491,1076.52336462187
101.71913977391277,38.65385289071757,1.0000000000000004,5.296610106884856,-0.9808448855794012,1074.2022266855915
101.72006555026512,38.666325549724114,1.0000000000000004,5.296215852837655,-0.980852240422621,1071.884155398492
101.72100171034293,38.67879286041507,1.0000000000000004,5.29582323733532,-0.9808597936364407,1069.5691488363534
101.72194825354167,38.69125482513887,1.0000000000000004,5.295432259596488,-0.9808675458303924,1067.2572050749582
101.72290517925573,38.70371144624254,1.0000000000000004,5.295042918839876,-0.9808754976146048,1064.948322190088
101.72387248687825,38.716162726071346,1.0000000000000002,5.294655214284276,-0.9808836495991073,1062.6424982575247
101.72485017580115,38.72860866696908,1.0000000000000004,5.294269145148604,-0.9808920023945689,1060.33973135305
101.7258382454153,38.74104927127798,1.0000000000000004,5.293884710651916,-0.9809005566117861,1058.040019552446
101.7268366951103,38.75348454133864,1.0000000000000004,5.2935019100132195,-0.9809093128620106,1055.7433609314953
101.72784552427447,38.76591447949009,1.0000000000000002,5.293120742451741,-0.9809182717567353,1053.4497535659796
101.72886473229516,38.77833908806988,1.0000000000000004,5.292741207186751,-0.9809274339076097,1051.1591955316796
101.72989431855831,38.79075836941387,1.0000000000000004,5.292363303437689,-0.9809367999269512,1048.8716849043788
101.73093428244874,38.803172325856366,1.0000000000000002,5.291987030423968,-0.9809463704270058,1046.5872197598583
101.73198462334999,38.815580959730056,1.0000000000000004,5.291612387365191,-0.9809561460206027,1044.3057981739007
101.73304534064451,38.82798427336618,1.0000000000000004,5.291239373480984,-0.9809661273207837,1042.0274182222872
101.73411643371337,38.84038226909423,1.0000000000000004,5.290867987991128,-0.9809763149409463,1039.752077980801
101.73519790193657,38.85277494924226,1.0000000000000004,5.290498230115517,-0.9809867094946725,1037.479775525222
101.73628974469278,38.86516231613662,1.0000000000000002,5.29013009907402,-0.9809973115960275,1035.210508931334
101.73739196135944,38.877544372102115,1.0000000000000002,5.289763594086679,-0.9810081218592899,1032.9442762749184
101.7385045513127,38.889921119461924,1.0000000000000004,5.289398714373682,-0.9810191408992068,1030.681075631757
101.73962751392762,38.90229256053774,1.0000000000000002,5.289035459155166,-0.9810303693306395,1028.4209050776317
101.74076084857786,38.914658697649564,1.0000000000000002,5.288673827651444,-0.9810418077689036,1026.1637626883241
101.74190455463582,38.927019533115796,1.0000000000000004,5.288313819082951,-0.9810534568296276,1023.909646539617
101.74305863147278,38.93937506925334,1.0000000000000007,5.287955432670209,-0.9810653171286532,1021.6585547072921
101.74422307845862,38.95172530837741,1.0000000000000004,5.287598667633695,-0.9810773892822766,1019.4104852671309
101.74539789496194,38.96407025280159,1.0000000000000004,5.2872435231941495,-0.9810896739069932,1017.165436294916
101.74658308035019,38.97640990483804,1.0000000000000004,5.286889998572292,-0.9811021716198525,1014.9234058664287
101.74777863398943,38.98874426679714,1.0000000000000004,5.286538092988984,-0.981114883037904,1012.6843920574511
101.74898455524439,39.00107334098769,1.0000000000000004,5.286187805665165,-0.9811278087787656,1010.4483929437654
101.7502008434787,39.013397129717035,1.0000000000000004,5.285839135821796,-0.9811409494603254,1008.2154066011536
101.75142749805448,39.025715635290744,1.0000000000000002,5.285492082680079,-0.9811543057007128,1005.9854311053979
101.75266451833265,39.038028860012815,1.0000000000000004,5.285146645461126,-0.9811678781184554,1003.7584645322793
101.75391190367286,39.050336806185754,1.0000000000000002,5.284802823386244,-0.9811816673324785,1001.5345049575805
101.75516965343338,39.06263947611033,1.0000000000000004,5.284460615676807,-0.9811956739618779,999.3135504570828
101.75643776697113,39.074936872085686,1.0000000000000002,5.284120021554294,-0.9812098986261475,997.0955991065695
101.75771624364184,39.08722899640952,1.0000000000000004,5.283781040240235,-0.9812243419451363,994.8806489818207
101.75900508279983,39.09951585137776,1.0000000000000004,5.283443670956181,-0.9812390045390771,992.6686981586199
101.76030428379802,39.111797439284736,1.0000000000000004,5.283107912923931,-0.9812538870284016,990.4597447127481
101.76161384598815,39.124073762423286,1.0000000000000004,5.282773765365249,-0.9812689900339251,988.2537867199879
101.76293376872054,39.1363448230845,1.0000000000000004,5.282441227501977,-0.981284314176861,986.0508222561206
101.76426405134409,39.14861062355783,1.0000000000000002,5.282110298556127,-0.9812998600785932,983.8508493969289
101.7656046932065,39.1608711661313,1.0000000000000002,5.2817809777497295,-0.9813156283611448,981.6538662181947
101.76695569365401,39.17312645309113,1.0000000000000004,5.281453264304897,-0.9813316196464825,979.459870795699
101.7683170520315,39.18537648672192,1.0000000000000004,5.281127157443844,-0.9813478345571554,977.2688612052241
101.76968876768258,39.19762126930683,1.0000000000000004,5.280802656388868,-0.9813642737161388,975.0808355225528
101.77107083994936,39.2098608031272,1.0000000000000004,5.280479760362379,-0.9813809377463656,972.8957918234662
101.77246326817266,39.22209509046278,1.0000000000000004,5.280158468586748,-0.9813978272715076,970.7137281837466
101.77386605169193,39.23432413359185,1.0000000000000004,5.279838780284571,-0.9814149429153787,968.5346426791762
101.77527918984518,39.24654793479086,1.0000000000000004,5.279520694678435,-0.9814322853020769,966.3585333855361
101.77670268196904,39.258766496334765,1.0000000000000004,5.279204210991107,-0.9814498550561837,964.1853983786089
101.77813652739876,39.27097982049677,1.0000000000000004,5.27888932844526,-0.9814676528025785,962.0152357341766
101.77958072546825,39.28318790954863,1.0000000000000004,5.278576046263844,-0.9814856791664255,959.8480435280211
101.7810352755099,39.29539076576027,1.0000000000000004,5.278264363669724,-0.9815039347732437,957.6838198359236
101.78250017685478,39.30758839140019,1.0000000000000004,5.277954279885957,-0.9815224202490498,955.522562733667
101.78397542883256,39.31978078873506,1.0000000000000004,5.27764579413558,-0.9815411362198603,953.3642702970329
101.78546103077139,39.331967960030035,1.0000000000000002,5.277338905641837,-0.9815600833123312,951.2089406018034
101.78695698199805,39.34414990754855,1.0000000000000002,5.277033613627946,-0.9815792621534598,949.0565717237602
101.78846328183796,39.35632663355253,1.0000000000000004,5.276729917317219,-0.981598673370371,946.9071617386857
101.78997992961506,39.36849814030215,1.0000000000000004,5.276427815933033,-0.9816183175907298,944.7607087223608
101.79150692465174,39.38066443005592,1.0000000000000004,5.276127308698911,-0.9816381954423292,942.6172107505686
101.79304426626918,39.3928255050709,1.0000000000000004,5.275828394838385,-0.9816583075536727,940.4766658990904
101.79459195378692,39.4049813676023,1.0000000000000004,5.275531073575099,-0.9816786545532636,938.3390722437086
101.79614998652308,39.41713201990375,1.0000000000000002,5.275235344132746,-0.981699237070103,936.2044278602052
101.79771836379446,39.429277464227326,1.0000000000000004,5.274941205735061,-0.9817200557335042,934.0727308243617
101.79929708491623,39.44141770282337,1.0000000000000002,5.274648657605983,-0.9817411111732213,931.9439792119599
101.80088614920216,39.453552737940534,1.0000000000000004,5.274357698969375,-0.9817624040191077,929.8181710987824
101.80248555596461,39.465682571825994,1.0000000000000002,5.274068329049253,-0.9817839349016708,927.6953045606109
101.80409530451436,39.47780720672512,1.0000000000000002,5.273780547069691,-0.9818057044516024,925.5753776732271
101.80571539416074,39.48992664488165,1.0000000000000002,5.2734943522548186,-0.9818277132999356,923.4583885124132
101.80734582421171,39.5020408885378,1.0000000000000004,5.273209743828836,-0.9818499620781012,921.3443351539511
101.80898659397356,39.514149939934015,1.0000000000000004,5.272926721016102,-0.981872451417857,919.2332156736225
101.81063770275118,39.52625380130906,1.0000000000000004,5.272645283040909,-0.9818951819513302,917.1250281472101
101.81229914984803,39.538352474900215,1.0000000000000004,5.272365429127696,-0.981918154311046,915.019770650495
101.81397093456592,39.55044596294295,1.0000000000000004,5.272087158501019,-0.9819413691297854,912.9174412592592
101.81565305620522,39.562534267671104,1.0000000000000002,5.271810470385361,-0.9819648270407271,910.8180380492853
101.81734551406487,39.574617391316956,1.0000000000000002,5.2715353640054055,-0.9819885286773484,908.7215590963549
101.81904830744217,39.58669533611104,1.0000000000000004,5.271261838585865,-0.9820124746736383,906.6280024762498
101.8207614356329,39.5987681042822,1.0000000000000004,5.270989893351555,-0.9820366656637134,904.5373662647522
101.82248489793145,39.61083569805779,1.0000000000000002,5.270719527527238,-0.9820611022823016,902.4496485376438
101.82421869363054,39.62289811966334,1.0000000000000004,5.270450740337889,-0.9820857851643012,900.3648473707066
101.82596282202137,39.63495537132271,1.0000000000000004,5.270183531008463,-0.9821107149449233,898.2829608397229
101.82771728239369,39.647007455258304,1.0000000000000004,5.269917898764042,-0.9821358922599757,896.2039870204742
101.82948207403565,39.65905437369065,1.0000000000000002,5.26965384282968,-0.9821613177453941,894.1279239887427
101.83125719623376,39.671096128838656,1.0000000000000004,5.269391362430632,-0.982186992037569,892.0547698203105
101.83304264827319,39.68313272291969,1.0000000000000002,5.269130456792091,-0.9822129157732746,889.9845225909593
101.83483842943735,39.695164158149325,1.0000000000000004,5.2688711251393805,-0.9822390895895268,887.9171803764709
101.83664453900818,39.70719043674152,1.0000000000000002,5.268613366697899,-0.9822655141238528,885.8527412526274
101.83846097626599,39.71921156090851,1.0000000000000002,5.268357180693059,-0.9822921900140642,883.7912032952113
101.84028774048961,39.731227532861006,1.0000000000000004,5.268102566350418,-0.9823191178982853,881.7325645800034
101.84212483095622,39.74323835480789,1.0000000000000004,5.267849522895482,-0.9823462984150666,879.6768231827866
101.84397224694149,39.75524402895651,1.0000000000000004,5.2675980495539,-0.982373732203385,877.6239771793424
101.84582998771941,39.76724455751246,1.0000000000000004,5.267348145551413,-0.9824014199023452,875.574024645453
101.84769805256244,39.77923994267969,1.0000000000000004,5.26709981011372,-0.9824293621516773,873.5269636569005
101.84957644074137,39.7912301866604,1.0000000000000004,5.266853042466671,-0.9824575595913245,871.4827922894666
101.85146515152555,39.80321529165533,1.0000000000000002,5.266607841836127,-0.9824860128616564,869.4415086189327
101.85336418418255,39.815195259863344,1.0000000000000002,5.2663642074480705,-0.982514722603355,867.4031107210816
101.85527353797839,39.82717009348166,1.0000000000000002,5.266122138528484,-0.9825436894575574,865.3675966716952
101.85719321217756,39.83913979470596,1.0000000000000004,5.265881634303426,-0.9825729140655,863.3349645465553
101.85912320604282,39.85110436573012,1.0000000000000004,5.265642693999016,-0.9826023970692574,861.3052124214431
101.86106351883531,39.86306380874631,1.0000000000000002,5.265405316841438,-0.9826321391107484,859.2783383721415
101.86301414981466,39.87501812594521,1.0000000000000002,5.2651695020569385,-0.9826621408326588,857.2543404744321
101.86497509823873,39.886967319515655,1.0000000000000004,5.264935248871797,-0.9826924028778592,855.2332168040972
101.8669463633638,39.8989113916448,1.0000000000000004,5.264702556512383,-0.9827229258896182,853.2149654369182
101.86892794444452,39.910850344518266,1.0000000000000004,5.264471424205148,-0.9827537105114743,851.1995844486775
101.87091984073392,39.92278418031988,1.0000000000000004,5.264241851176479,-0.982784757387563,849.1870719151569
101.87292205148322,39.93471290123174,1.0000000000000004,5.264013836653021,-0.9828160671621191,847.1774259121381
101.87493457594225,39.946636509434455,1.0000000000000004,5.263787379861249,-0.9828476404799744,845.1706445154034
101.87695741335897,39.95855500710679,1.0000000000000002,5.263562480027858,-0.9828794779862591,843.1667258007345
101.87899056297971,39.97046839642581,1.0000000000000004,5.2633391363795035,-0.9829115803263306,841.1656678439132
101.88103402404921,39.98237667956707,1.0000000000000002,5.263117348143002,-0.9829439481461151,839.1674687207228
