galstreams/tracks/track.st.Sylgr.ibata2021.ecsv
# %ECSV 0.9
# ---
# datatype:
# - {name: ra, unit: deg, datatype: float64}
# - {name: dec, unit: deg, datatype: float64}
# - {name: distance, unit: kpc, datatype: float64}
# - {name: pm_ra_cosdec, unit: mas / yr, datatype: float64}
# - {name: pm_dec, unit: mas / yr, datatype: float64}
# - {name: radial_velocity, unit: km / s, datatype: float64}
# delimiter: ','
# meta: !!omap
# - __serialized_columns__:
#     dec:
#       __class__: astropy.coordinates.angles.Latitude
#       unit: &id001 !astropy.units.Unit {unit: deg}
#       value: !astropy.table.SerializedColumn {name: dec}
#     distance:
#       __class__: astropy.coordinates.distances.Distance
#       unit: !astropy.units.Unit {unit: kpc}
#       value: !astropy.table.SerializedColumn {name: distance}
#     pm_dec:
#       __class__: astropy.units.quantity.Quantity
#       unit: !astropy.units.Unit {unit: mas / yr}
#       value: !astropy.table.SerializedColumn {name: pm_dec}
#     pm_ra_cosdec:
#       __class__: astropy.units.quantity.Quantity
#       unit: !astropy.units.Unit {unit: mas / yr}
#       value: !astropy.table.SerializedColumn {name: pm_ra_cosdec}
#     ra:
#       __class__: astropy.coordinates.angles.Longitude
#       unit: *id001
#       value: !astropy.table.SerializedColumn {name: ra}
#       wrap_angle: !astropy.coordinates.Angle
#         unit: *id001
#         value: 360.0
#     radial_velocity:
#       __class__: astropy.units.quantity.Quantity
#       unit: !astropy.units.Unit {unit: km / s}
#       value: !astropy.table.SerializedColumn {name: radial_velocity}
# schema: astropy-2.0
ra,dec,distance,pm_ra_cosdec,pm_dec,radial_velocity
[from data line 1086]
174.2844056871079,-4.725861962787126,3.1666452229653683,-17.33034272445627,-16.493474615679055,7.157652060391487e-14
174.2932993529329,-4.720966669991749,3.167373990162492,-17.324445251540105,-16.48712471958176,7.578690416885104e-14
174.3021940772354,-4.7160737045559,3.168103430853926,-17.31854889326926,-16.480775293886584,7.999728773378721e-14
174.31108985974043,-4.711183065586627,3.1688335467306668,-17.31265364672344,-16.47442633748074,2.1051917824680846e-14
174.31998670017302,-4.706294752191002,3.1695643394837067,-17.306759508982218,-16.46807784925147,3.789345208442552e-14
174.32888459825793,-4.701408763476259,3.1702958108040424,-17.300866477125073,-16.461729828085996,1.3052189051302125e-13
174.33778355371982,-4.69652509854973,3.171027962382667,-17.294974548231323,-16.45538227287158,4.631421921429786e-14
174.34668356628333,-4.6916437565187685,3.171760795910576,-17.289083719380184,-16.449035182495457,3.368306851948935e-14
174.35558463567287,-4.686764736490894,3.1724943130787624,-17.283193987650744,-16.44268855584488,5.4734986344170195e-14
174.3644867616127,-4.6818880375736995,3.173228515578221,-17.27730535012201,-16.436342391807145,9.683882199353189e-14
174.37338994382702,-4.677013658874888,3.1739634050999475,-17.271417803872797,-16.429996689269473,6.315575347404254e-14
174.38229418203986,-4.672141599502188,3.174698983334935,-17.265531345981852,-16.423651447119177,1.3052189051302125e-13
174.39119947597518,-4.667271858563501,3.175435251974179,-17.259645973527775,-16.417306664243522,8.841805486365955e-14
174.4001058253567,-4.662404435166789,3.1761722127086727,-17.253761683589076,-16.410962339529807,8.841805486365955e-14
174.409013229908,-4.657539328420139,3.176909867229412,-17.247878473244107,-16.404618471865327,8.841805486365955e-14
174.41792168935274,-4.652676537431654,3.1776482172273903,-17.24199633957111,-16.39827506013738,1.1789073981821273e-13
174.42683120341425,-4.64781606130961,3.1783872643936033,-17.236115279648224,-16.39193210323328,1.1368035625327657e-13
174.4357417718158,-4.642957899162347,3.1791270104190437,-17.230235290553445,-16.385589600040355,3.368306851948935e-14
174.44465339428044,-4.63810205009833,3.1798674569947063,-17.22435636936466,-16.379247549445914,2.947268495455318e-14
174.45356607053122,-4.633248513226037,3.1806086058115866,-17.218478513159653,-16.37290595033731,4.210383564936169e-14
174.46247980029102,-4.62839728765412,3.181350458560678,-17.212601719016035,-16.36656480160186,8.420767129872338e-14
174.47139458328257,-4.623548372491298,3.182093016932977,-17.20672598401134,-16.360224102126928,1.2631150694808506e-14
174.4803104192284,-4.618701766846408,3.182836282619475,-17.200851305223004,-16.353883850799864,7.578690416885104e-14
174.48922730785105,-4.613857469828309,3.1835802573111684,-17.194977679728254,-16.34754404650803,9.683882199353189e-14
174.49814524887287,-4.609015480546026,3.1843249426990523,-17.189105104604305,-16.341204688138802,1.6841534259744676e-14
174.50706424201604,-4.604175798108658,3.1850703404741183,-17.183233576928178,-16.334865774579555,0.0
174.51598428700254,-4.599338421625418,3.1858164523273635,-17.1773630937768,-16.328527304717678,9.683882199353189e-14
174.5249053835545,-4.594503350205538,3.186563279949781,-17.171493652226985,-16.322189277440568,4.210383564936169e-14
174.53382753139363,-4.589670582958423,3.1873108250323665,-17.165625249355386,-16.315851691635615,6.315575347404254e-14
174.5427507302416,-4.584840118993543,3.188059089266114,-17.159757882238594,-16.30951454619024,4.210383564936169e-15
174.55167497981992,-4.580011957420492,3.188808074342017,-17.15389154795305,-16.303177839991868,8.841805486365955e-14
174.56060027985015,-4.575186097348879,3.1895577819510703,-17.14802624357508,-16.29684157192792,7.578690416885104e-14
174.56952663005347,-4.570362537888484,3.190308213784269,-17.142161966180893,-16.29050574088583,1.3052189051302125e-13
174.57845403015108,-4.565541278149153,3.1910593715326074,-17.136298712846557,-16.284170345753036,1.3894265764289357e-13
174.58738247986392,-4.560722317240855,3.19181125688708,-17.130436480648065,-16.277835385417013,5.0524602779234026e-14
174.596311978913,-4.555905654273578,3.19256387153868,-17.124575266661246,-16.271500858765208,8.841805486365955e-14
174.60524252701902,-4.551091288357475,3.1933172171784037,-17.11871506796184,-16.265166764685087,1.0525958912340423e-13
174.61417412390261,-4.5462792186027725,3.194071295497245,-17.112855881625446,-16.25883310206414,9.262843842859572e-14
174.62310676928425,-4.541469444119811,3.1948261081861986,-17.106997704727565,-16.252499869789855,5.894536990910637e-14
174.63204046288433,-4.536661964018959,3.1955816569362576,-17.101140534343568,-16.246167066749727,3.368306851948935e-14
174.64097520442309,-4.531856777410745,3.1963379434384174,-17.095284367548707,-16.239834691831266,9.262843842859572e-14
174.64991099362058,-4.5270538834057925,3.1970949693836714,-17.089429201418127,-16.233502743921985,3.789345208442552e-14
174.65884783019683,-4.522253281114749,3.197852736463016,-17.083575033026815,-16.227171221909405,6.73661370389787e-14
174.66778571387164,-4.517454969648428,3.1986112463674448,-17.077721859449696,-16.22084012468107,7.578690416885104e-14
174.67672464436475,-4.512658948117712,3.199370500787952,-17.071869677761548,-16.214509451124524,4.210383564936169e-14
174.68566462139563,-4.507865215633602,3.2001305014155323,-17.066018485037013,-16.20817920012732,5.4734986344170195e-14
174.69460564468383,-4.503073771307122,3.2008912499411792,-17.060168278350652,-16.201849370577015,1.0525958912340423e-13
174.70354771394867,-4.498284614249458,3.2016527480558894,-17.054319054776872,-16.19551996136119,7.999728773378721e-14
174.7124908289092,-4.493497743571871,3.2024149974506546,-17.048470811389986,-16.18919097136743,1.221011233831489e-13
174.72143498928452,-4.488713158385736,3.203177999816472,-17.04262354526419,-16.182862399483323,9.683882199353189e-14
174.73038019479364,-4.483930857802454,3.203941756844334,-17.03677725347354,-16.17653424459648,4.210383564936169e-15
174.7393264451552,-4.479150840933587,3.2047062702252345,-17.030931933092003,-16.170206505594507,2.5262301389617013e-14
174.74827374008788,-4.474373106890773,3.2054715416501707,-17.0250875811934,-16.163879181365036,6.73661370389787e-14
174.7572220793102,-4.469597654785764,3.206237572810135,-17.01924419485145,-16.157552270795698,1.6841534259744676e-14
174.76617146254054,-4.4648244837303315,3.207004365396123,-17.013401771139744,-16.15122577277413,1.221011233831489e-13
174.77512188949717,-4.4600535928364184,3.2077719210991273,-17.007560307131776,-16.144899686188012,8.420767129872338e-14
174.78407335989817,-4.455284981216036,3.2085402416101445,-17.001719799900897,-16.138574009924987,9.683882199353189e-14
174.79302587346152,-4.450518647981313,3.2093093286201677,-16.995880246520365,-16.132248742872743,6.315575347404254e-14
174.80197942990506,-4.445754592244397,3.2100791838201927,-16.99004164406329,-16.12592388391896,1.1368035625327657e-13
174.81093402894658,-4.440992813117606,3.210849808901212,-16.984203989602694,-16.11959943195135,7.578690416885104e-14
174.81988967030358,-4.436233309713326,3.2116212055542217,-16.97836728021148,-16.113275385857612,4.8419410996765944e-14
174.82884635369348,-4.431476081144062,3.212393375470215,-16.9725315129624,-16.10695174452548,5.2629794561702114e-14
174.8378040788337,-4.42672112652234,3.213166320340187,-16.966696684928138,-16.100628506842682,1.1578554803574466e-13
174.84676284544136,-4.421968444960849,3.2139400418551327,-16.960862793181203,-16.094305671696947,9.052324664612763e-14
174.85572265323353,-4.417218035572352,3.2147145417060465,-16.95502983479404,-16.087983237976047,6.947132882144679e-14
174.86468350192706,-4.412469897469734,3.2154898215839216,-16.949197806838963,-16.08166120456775,7.368171238638296e-14
174.87364539123882,-4.40772402976589,3.2162658831797537,-16.943366706388147,-16.07533957035983,2.947268495455318e-14
174.88260832088545,-4.402980431573892,3.2170427281845355,-16.937536530513672,-16.069018334240084,5.2629794561702114e-14
174.8915722905834,-4.398239102006872,3.217820358289264,-16.931707276287497,-16.062697495096305,7.368171238638296e-14
174.90053730004908,-4.393500040178089,3.218598775184932,-16.925878940781452,-16.05637705181631,5.0524602779234026e-14
174.90950334899878,-4.388763245200819,3.2193779805625353,-16.920051521067276,-16.050057003287932,2.1051917824680845e-15
174.91847043714859,-4.384028716188505,3.2201579761130663,-16.91422501421656,-16.043737348399006,5.0524602779234026e-14
174.92743856421447,-4.37929645225466,3.220938763527521,-16.908399417300807,-16.037418086037384,1.894672604221276e-14
174.93640772991225,-4.374566452512915,3.2217203444968927,-16.902574727391382,-16.03109921509093,9.894401377599997e-14
174.94537793395773,-4.36983871607692,3.2225027207121775,-16.896750941559556,-16.024780734447525,8.631286308119147e-14
174.95434917606642,-4.365113242060495,3.223285893864369,-16.890928056876447,-16.01846264299505,5.894536990910637e-14
174.96332145595377,-4.360390029577553,3.2240698656444615,-16.88510607041309,-16.012144939621408,2.315710960714893e-14
174.97229477333514,-4.355669077742024,3.2248546377434493,-16.879284979240413,-16.005827623214525,1.1578554803574466e-13
174.98126912792569,-4.350950385668011,3.225640211852326,-16.873464780429188,-15.99951069266232,3.157787673702127e-14
174.99024451944044,-4.346233952469681,3.2264265896620885,-16.867645471050093,-15.993194146852733,8.21024795162553e-14
174.99922094759427,-4.341519777261323,3.2272137728637293,-16.861827048173698,-15.98687798467372,1.1789073981821273e-13
175.00819841210205,-4.336807859157243,3.228001763148243,-16.856009508870443,-15.98056220501325,9.47336302110638e-14
175.0171769126784,-4.332098197271919,3.2287905622066257,-16.850192850210647,-15.974246806759298,1.24206315165617e-13
175.0261564490378,-4.327390790719892,3.22958017172987,-16.844377069264542,-15.967931788799863,8.21024795162553e-14
175.0351370208946,-4.322685638615828,3.2303705934089715,-16.838562163102203,-15.961617150022956,1.0525958912340423e-14
175.0441186279631,-4.317982740074406,3.231161828934924,-16.832748128793643,-15.955302889316592,9.894401377599997e-14
175.05310126995738,-4.313282094210478,3.2319538799987213,-16.8269349634087,-15.948989005568812,9.683882199353189e-14
175.06208494659143,-4.308583700138963,3.23274674829136,-16.82112266401714,-15.942675497667661,1.1368035625327657e-13
175.07106965757905,-4.3038875569748996,3.233540435503833,-16.81531122768859,-15.936362364501202,8.420767129872338e-14
175.080055402634,-4.299193663833343,3.2343349433271342,-16.809500651492584,-15.930049604957519,2.947268495455318e-14
175.08904218146984,-4.294502019829519,3.235130273452259,-16.803690932498508,-15.923737217924701,6.315575347404254e-14
175.09802999379997,-4.2898126240787215,3.235926427570203,-16.797882067775657,-15.91742520229085,3.9998643866893604e-14
175.10701883933766,-4.285125475696363,3.236723407371958,-16.79207405439322,-15.911113556944096,8.841805486365955e-14
175.1160087177962,-4.280440573797876,3.2375212145485195,-16.78626688942024,-15.90480228077257,2.947268495455318e-14
175.12499962888853,-4.275757917498859,3.2383198507908832,-16.780460569925665,-15.898491372664417,4.4209027431829774e-14
175.13399157232757,-4.271077505914981,3.239119317790042,-16.77465509297833,-15.892180831507817,1.0315439734093615e-13
175.14298454782602,-4.266399338162029,3.2399196172369904,-16.768850455646948,-15.885870656190935,9.47336302110638e-14
175.15197855509666,-4.261723413355807,3.2407207508227245,-16.76304665500011,-15.879560845601974,2.5262301389617013e-14
175.16097359385188,-4.257049730612293,3.2415227202382377,-16.757243688106296,-15.873251398629137,1.0525958912340423e-13
175.16996966380407,-4.252378289047529,3.2423255271745246,-16.751441552033896,-15.866942314160662,-2.1051917824680845e-15
175.17896676466538,-4.247709087777675,3.2431291733225787,-16.745640243851163,-15.860633591084783,8.420767129872338e-14
175.187964896148,-4.243042125918913,3.2439336603733957,-16.73983976062622,-15.854325228289758,1.0315439734093615e-13
175.19696405796387,-4.23837740258759,3.2447389900179693,-16.73404009942711,-15.848017224663867,9.262843842859572e-14
175.2059642498248,-4.233714916900124,3.2455451639472948,-16.72824125732173,-15.841709579095388,8.631286308119147e-14
175.2149654714424,-4.229054667973051,3.2463521838523652,-16.722443231377895,-15.83540229047263,6.947132882144679e-14
175.22396772252836,-4.224396654922925,3.247160051424177,-16.716646018663262,-15.829095357683908,1.894672604221276e-14
175.23297100279402,-4.219740876866472,3.247968768353723,-16.710849616245422,-15.822788779617566,3.9998643866893604e-14
175.24197531195065,-4.21508733292048,3.2487783363319975,-16.70505402119183,-15.816482555161961,5.4734986344170195e-14
175.25098064970936,-4.210436022201859,3.2495887570499966,-16.69925923056981,-15.810176683205453,1.1157516447080849e-13
175.2599870157813,-4.205786943827539,3.250400032198714,-16.6934652414466,-15.803871162636426,2.947268495455318e-14
175.26899440987722,-4.201140096914617,3.2512121634691424,-16.687672050889308,-15.7975659923433,6.947132882144679e-14
175.27800283170788,-4.196495480580283,3.2520251525522794,-16.68187965596493,-15.791261171214476,3.9998643866893604e-14
175.28701228098396,-4.191853093941745,3.2528390011391175,-16.676088053740354,-15.784956698138396,3.157787673702127e-14
175.29602275741584,-4.187212936116383,3.253653710920651,-16.670297241282345,-15.778652572003516,4.8419410996765944e-14
175.30503426071394,-4.182575006221641,3.254469283587875,-16.66450721565756,-15.772348791698308,5.6840178126638284e-14
175.31404679058835,-4.177939303375083,3.2552857208317847,-16.658717973932543,-15.766045356111247,1.0525958912340423e-14
175.32306034674923,-4.173305826694293,3.2561030243433726,-16.652929513173735,-15.759742264130853,2.947268495455318e-14
175.3320749289065,-4.168674575297023,3.256921195813634,-16.64714183044743,-15.753439514645656,4.210383564936169e-15
175.3410905367699,-4.16404554830109,3.2577402369335644,-16.641354922819833,-15.747137106544166,1.0104920555846805e-13
175.3501071700491,-4.159418744824434,3.2585601493941563,-16.635568787357048,-15.740835038714971,1.0946997268834039e-13
175.35912482845373,-4.1547941639850094,3.259380934886407,-16.629783421125026,-15.734533310046631,1.6841534259744676e-14
175.36814351169306,-4.150171804900945,3.2602025951013083,-16.62399882118965,-15.72823191942775,2.1051917824680846e-14
175.3771632194764,-4.14555166669043,3.261025131729855,-16.618214984616653,-15.721930865746927,8.420767129872338e-15
175.38618395151275,-4.140933748471778,3.261848546463043,-16.61243190847168,-15.715630147892805,1.0525958912340423e-13
175.39520570751128,-4.136318049363317,3.2626728409918657,-16.60664958982025,-15.70932976475403,2.1051917824680846e-14
175.40422848718075,-4.131704568483548,3.2634980170073185,-16.600868025727763,-15.703029715219264,-2.1051917824680845e-15
175.4132522902298,-4.127093304951035,3.264324076200394,-16.595087213259507,-15.696729998177194,7.157652060391487e-14
175.42227711636707,-4.122484257884464,3.2651510202620884,-16.589307149480696,-15.690430612516534,5.0524602779234026e-14
175.431302965301,-4.117877426402541,3.2659788508833945,-16.583527831456358,-15.684131557126003,9.894401377599997e-14
175.44032983673992,-4.113272809624131,3.266807569755308,-16.57774925625148,-15.677832830894344,5.894536990910637e-14
175.44935773039197,-4.108670406668178,3.267637178568824,-16.571971420930883,-15.671534432710315,1.6841534259744676e-14
175.4583866459651,-4.10407021665374,3.268467679014936,-16.566194322559312,-15.665236361462693,4.210383564936169e-15
175.46741658316736,-4.099472238699892,3.269299072784638,-16.56041795820137,-15.658938616040293,1.894672604221276e-14
175.4764475417064,-4.09487647192588,3.270131361568925,-16.554642324921588,-15.652641195331933,1.1789073981821273e-13
175.4854795212899,-4.090282915451014,3.2709645470587922,-16.548867419784326,-15.64634409822644,7.789209595131913e-14
