galstreams/tracks/track.po.Ophiuchus.bernard2014.ecsv
# %ECSV 0.9
# ---
# datatype:
# - {name: ra, unit: deg, datatype: float64}
# - {name: dec, unit: deg, datatype: float64}
# - {name: distance, unit: kpc, datatype: float64}
# - {name: pm_ra_cosdec, unit: mas / yr, datatype: float64}
# - {name: pm_dec, unit: mas / yr, datatype: float64}
# - {name: radial_velocity, unit: km / s, datatype: float64}
# delimiter: ','
# meta: !!omap
# - __serialized_columns__:
#     dec:
#       __class__: astropy.coordinates.angles.Latitude
#       unit: &id001 !astropy.units.Unit {unit: deg}
#       value: !astropy.table.SerializedColumn {name: dec}
#     distance:
#       __class__: astropy.coordinates.distances.Distance
#       unit: !astropy.units.Unit {unit: kpc}
#       value: !astropy.table.SerializedColumn {name: distance}
#     pm_dec:
#       __class__: astropy.units.quantity.Quantity
#       unit: !astropy.units.Unit {unit: mas / yr}
#       value: !astropy.table.SerializedColumn {name: pm_dec}
#     pm_ra_cosdec:
#       __class__: astropy.units.quantity.Quantity
#       unit: !astropy.units.Unit {unit: mas / yr}
#       value: !astropy.table.SerializedColumn {name: pm_ra_cosdec}
#     ra:
#       __class__: astropy.coordinates.angles.Longitude
#       unit: *id001
#       value: !astropy.table.SerializedColumn {name: ra}
#       wrap_angle: !astropy.coordinates.Angle
#         unit: *id001
#         value: 360.0
#     radial_velocity:
#       __class__: astropy.units.quantity.Quantity
#       unit: !astropy.units.Unit {unit: km / s}
#       value: !astropy.table.SerializedColumn {name: radial_velocity}
# schema: astropy-2.0
ra,dec,distance,pm_ra_cosdec,pm_dec,radial_velocity
240.57653623111716,-7.164009145206802,9.500000000000048,0.0,0.0,-0.0
240.58648515552247,-7.162166187820803,9.500000000000044,0.0,0.0,-0.0
240.59643399949857,-7.16032301673001,9.500000000000044,0.0,0.0,-0.0
240.6063827630576,-7.158479631991718,9.500000000000043,0.0,0.0,-0.0
240.61633144621177,-7.156636033663238,9.50000000000004,0.0,0.0,-0.0
240.6262800489734,-7.1547922218018725,9.500000000000039,0.0,0.0,-0.0
240.6362285713548,-7.152948196464946,9.500000000000036,0.0,0.0,-0.0
240.64617701336817,-7.151103957709771,9.500000000000034,0.0,0.0,-0.0
240.65612537502588,-7.149259505593678,9.500000000000032,0.0,0.0,-0.0
240.6660736563402,-7.14741484017398,9.50000000000003,0.0,0.0,-0.0
240.67602185732335,-7.145569961508033,9.500000000000028,0.0,0.0,-0.0
240.68596997798775,-7.143724869653173,9.500000000000025,0.0,0.0,-0.0
240.69591801834562,-7.141879564666736,9.500000000000023,0.0,0.0,-0.0
240.70586597840952,-7.140034046606073,9.500000000000023,0.0,0.0,-0.0
240.71581385819152,-7.138188315528541,9.500000000000021,0.0,0.0,-0.0
240.72576165770414,-7.136342371491491,9.50000000000002,0.0,0.0,-0.0
240.73570937695968,-7.1344962145522945,9.500000000000016,0.0,0.0,-0.0
240.7456570159706,-7.132649844768312,9.500000000000016,0.0,0.0,-0.0
240.75560457474913,-7.130803262196922,9.500000000000012,0.0,0.0,-0.0
240.76555205330789,-7.128956466895497,9.500000000000012,0.0,0.0,-0.0
240.77549945165904,-7.127109458921426,9.50000000000001,0.0,0.0,-0.0
240.78544676981514,-7.125262238332091,9.500000000000009,0.0,0.0,-0.0
240.7953940077886,-7.123414805184884,9.500000000000009,0.0,0.0,-0.0
240.80534116559176,-7.1215671595372045,9.500000000000009,0.0,0.0,-0.0
240.8152882432371,-7.119719301446452,9.500000000000005,0.0,0.0,-0.0
240.8252352407371,-7.117871230970034,9.500000000000005,0.0,0.0,-0.0
240.83518215810426,-7.11602294816536,9.500000000000005,0.0,0.0,-0.0
240.845128995351,-7.114174453089836,9.500000000000005,0.0,0.0,-0.0
240.85507575248968,-7.112325745800906,9.500000000000005,0.0,0.0,-0.0
240.86502242953298,-7.110476826355983,9.500000000000002,0.0,0.0,-0.0
240.87496902649326,-7.108627694812496,9.500000000000002,0.0,0.0,-0.0
240.88491554338304,-7.106778351227883,9.500000000000002,0.0,0.0,-0.0
240.89486198021493,-7.104928795659583,9.5,0.0,0.0,-0.0
240.90480833700136,-7.103079028165038,9.499999999999998,0.0,0.0,-0.0
240.9147546137549,-7.101229048801702,9.5,0.0,0.0,-0.0
240.92470081048802,-7.099378857627024,9.499999999999998,0.0,0.0,-0.0
240.93464692721335,-7.097528454698466,9.499999999999998,0.0,0.0,-0.0
240.9445929639434,-7.095677840073494,9.499999999999998,0.0,0.0,-0.0
240.9545389206908,-7.0938270138095705,9.499999999999996,0.0,0.0,-0.0
240.96448479746806,-7.091975975964174,9.499999999999996,0.0,0.0,-0.0
240.97443059428775,-7.090124726594778,9.499999999999995,0.0,0.0,-0.0
240.98437631116255,-7.08827326575887,9.499999999999996,0.0,0.0,-0.0
240.994321948105,-7.086421593513933,9.499999999999995,0.0,0.0,-0.0
241.00426750512784,-7.0845697099174645,9.499999999999995,0.0,0.0,-0.0
241.01421298224352,-7.082717615026957,9.499999999999996,0.0,0.0,-0.0
241.02415837946484,-7.080865308899901,9.499999999999995,0.0,0.0,-0.0
241.03410369680424,-7.079012791593831,9.499999999999993,0.0,0.0,-0.0
241.04404893427454,-7.077160063166241,9.499999999999995,0.0,0.0,-0.0
241.05399409188828,-7.075307123674648,9.499999999999995,0.0,0.0,-0.0
241.06393916965825,-7.073453973176576,9.499999999999995,0.0,0.0,-0.0
241.07388416759701,-7.07160061172955,9.499999999999993,0.0,0.0,-0.0
241.08382908571738,-7.0697470393910935,9.499999999999991,0.0,0.0,-0.0
241.093773924032,-7.067893256218752,9.499999999999991,0.0,0.0,-0.0
241.1037186825535,-7.066039262270058,9.499999999999991,0.0,0.0,-0.0
241.1136633612947,-7.064185057602557,9.499999999999993,0.0,0.0,-0.0
241.1236079602683,-7.0623306422738,9.499999999999991,0.0,0.0,-0.0
241.133552479487,-7.06047601634134,9.499999999999991,0.0,0.0,-0.0
241.14349691896356,-7.058621179862734,9.499999999999993,0.0,0.0,-0.0
241.1534412787107,-7.056766132895549,9.499999999999993,0.0,0.0,-0.0
241.1633855587413,-7.0549108754973515,9.499999999999993,0.0,0.0,-0.0
241.173329759068,-7.053055407725716,9.499999999999991,0.0,0.0,-0.0
241.18327387970362,-7.051199729638215,9.499999999999991,0.0,0.0,-0.0
241.19321792066106,-7.049343841292437,9.49999999999999,0.0,0.0,-0.0
241.20316188195298,-7.047487742745953,9.499999999999991,0.0,0.0,-0.0
241.21310576359218,-7.045631434056379,9.49999999999999,0.0,0.0,-0.0
241.22304956559157,-7.0437749152813,9.499999999999991,0.0,0.0,-0.0
241.23299328796392,-7.041918186478318,9.49999999999999,0.0,0.0,-0.0
241.24293693072207,-7.040061247705038,9.499999999999991,0.0,0.0,-0.0
241.25288049387888,-7.03820409901907,9.499999999999991,0.0,0.0,-0.0
241.2628239774472,-7.036346740478032,9.49999999999999,0.0,0.0,-0.0
241.27276738143988,-7.034489172139543,9.49999999999999,0.0,0.0,-0.0
241.28271070586985,-7.032631394061222,9.49999999999999,0.0,0.0,-0.0
241.29265395074992,-7.0307734063007095,9.49999999999999,0.0,0.0,-0.0
241.302597116093,-7.0289152089156275,9.49999999999999,0.0,0.0,-0.0
241.31254020191196,-7.027056801963621,9.499999999999991,0.0,0.0,-0.0
241.3224832082198,-7.025198185502337,9.49999999999999,0.0,0.0,-0.0
241.33242613502944,-7.023339359589417,9.499999999999991,0.0,0.0,-0.0
241.34236898235366,-7.021480324282517,9.499999999999991,0.0,0.0,-0.0
241.35231175020553,-7.019621079639294,9.499999999999991,0.0,0.0,-0.0
241.36225443859794,-7.017761625717411,9.499999999999993,0.0,0.0,-0.0
241.37219704754386,-7.015901962574536,9.499999999999991,0.0,0.0,-0.0
241.38213957705636,-7.014042090268328,9.499999999999991,0.0,0.0,-0.0
241.39208202714823,-7.012182008856481,9.499999999999993,0.0,0.0,-0.0
241.40202439783255,-7.010321718396674,9.499999999999991,0.0,0.0,-0.0
241.41196668912227,-7.008461218946587,9.499999999999993,0.0,0.0,-0.0
241.42190890103043,-7.00660051056391,9.499999999999993,0.0,0.0,-0.0
241.43185103356998,-7.004739593306342,9.499999999999991,0.0,0.0,-0.0
241.44179308675402,-7.002878467231575,9.499999999999993,0.0,0.0,-0.0
241.45173506059558,-7.001017132397323,9.499999999999993,0.0,0.0,-0.0
241.4616769551076,-6.999155588861289,9.499999999999993,0.0,0.0,-0.0
241.47161877030325,-6.997293836681189,9.499999999999993,0.0,0.0,-0.0
241.4815605061955,-6.995431875914742,9.499999999999991,0.0,0.0,-0.0
241.49150216279745,-6.993569706619666,9.499999999999993,0.0,0.0,-0.0
241.50144374012217,-6.991707328853696,9.499999999999991,0.0,0.0,-0.0
241.51138523818267,-6.989844742674557,9.499999999999991,0.0,0.0,-0.0
241.52132665699222,-6.9879819481399945,9.499999999999993,0.0,0.0,-0.0
241.53126799656374,-6.986118945307741,9.499999999999993,0.0,0.0,-0.0
241.54120925691046,-6.984255734235551,9.499999999999993,0.0,0.0,-0.0
241.55115043804543,-6.982392314981171,9.499999999999995,0.0,0.0,-0.0
241.56109153998185,-6.980528687602345,9.499999999999995,0.0,0.0,-0.0
241.57103256273274,-6.978664852156857,9.499999999999995,0.0,0.0,-0.0
241.58097350631138,-6.976800808702461,9.499999999999993,0.0,0.0,-0.0
241.59091437073084,-6.974936557296927,9.499999999999995,0.0,0.0,-0.0
241.60085515600431,-6.97307209799803,9.499999999999993,0.0,0.0,-0.0
241.61079586214495,-6.971207430863545,9.499999999999995,0.0,0.0,-0.0
241.62073648916595,-6.969342555951258,9.499999999999995,0.0,0.0,-0.0
241.63067703708057,-6.967477473318958,9.499999999999995,0.0,0.0,-0.0
241.64061750590187,-6.9656121830244375,9.499999999999995,0.0,0.0,-0.0
241.6505578956432,-6.963746685125494,9.499999999999995,0.0,0.0,-0.0
241.66049820631775,-6.961880979679928,9.499999999999993,0.0,0.0,-0.0
241.67043843793869,-6.960015066745547,9.499999999999991,0.0,0.0,-0.0
241.6803785905193,-6.958148946380162,9.499999999999993,0.0,0.0,-0.0
241.6903186640728,-6.956282618641589,9.499999999999993,0.0,0.0,-0.0
241.70025865861254,-6.954416083587652,9.499999999999995,0.0,0.0,-0.0
241.7101985741517,-6.952549341276169,9.499999999999995,0.0,0.0,-0.0
241.72013841070353,-6.950682391764977,9.499999999999993,0.0,0.0,-0.0
241.7300781682814,-6.948815235111897,9.499999999999993,0.0,0.0,-0.0
241.74001784689852,-6.946947871374788,9.499999999999995,0.0,0.0,-0.0
241.7499574465683,-6.945080300611483,9.499999999999995,0.0,0.0,-0.0
241.7598969673039,-6.943212522879833,9.499999999999993,0.0,0.0,-0.0
241.76983640911877,-6.941344538237693,9.499999999999993,0.0,0.0,-0.0
241.77977577202614,-6.939476346742909,9.499999999999995,0.0,0.0,-0.0
241.78971505603943,-6.937607948453356,9.499999999999995,0.0,0.0,-0.0
241.799654261172,-6.935739343426894,9.499999999999993,0.0,0.0,-0.0
241.80959338743713,-6.9338705317213964,9.499999999999991,0.0,0.0,-0.0
241.81953243484824,-6.932001513394736,9.499999999999995,0.0,0.0,-0.0
241.82947140341864,-6.9301322885048,9.499999999999995,0.0,0.0,-0.0
241.83941029316182,-6.928262857109468,9.499999999999995,0.0,0.0,-0.0
241.84934910409106,-6.926393219266632,9.499999999999995,0.0,0.0,-0.0
241.85928783621992,-6.924523375034185,9.499999999999993,0.0,0.0,-0.0
241.8692264895616,-6.922653324470028,9.499999999999993,0.0,0.0,-0.0
241.8791650641297,-6.920783067632062,9.499999999999995,0.0,0.0,-0.0
241.88910355993752,-6.9189126045781935,9.499999999999996,0.0,0.0,-0.0
241.89904197699857,-6.917041935366343,9.499999999999995,0.0,0.0,-0.0
241.9089803153263,-6.91517106005442,9.499999999999995,0.0,0.0,-0.0
241.91891857493422,-6.913299978700349,9.499999999999995,0.0,0.0,-0.0
241.92885675583562,-6.911428691362057,9.499999999999995,0.0,0.0,-0.0
241.9387948580441,-6.909557198097476,9.499999999999995,0.0,0.0,-0.0
241.94873288157316,-6.907685498964538,9.499999999999995,0.0,0.0,-0.0
241.9586708264363,-6.905813594021185,9.499999999999995,0.0,0.0,-0.0
241.9686086926469,-6.903941483325365,9.499999999999995,0.0,0.0,-0.0
241.97854648021857,-6.902069166935022,9.499999999999991,0.0,0.0,-0.0
241.98848418916486,-6.900196644908113,9.499999999999991,0.0,0.0,-0.0
241.9984218194992,-6.898323917302595,9.499999999999993,0.0,0.0,-0.0
242.00835937123526,-6.896450984176431,9.499999999999993,0.0,0.0,-0.0
242.0182968443864,-6.89457784558759,9.499999999999993,0.0,0.0,-0.0
242.02823423896638,-6.892704501594045,9.499999999999991,0.0,0.0,-0.0
242.0381715549886,-6.890830952253771,9.499999999999993,0.0,0.0,-0.0
242.0481087924667,-6.888957197624749,9.499999999999991,0.0,0.0,-0.0
242.05804595141433,-6.8870832377649664,9.499999999999991,0.0,0.0,-0.0
242.067983031845,-6.885209072732409,9.499999999999993,0.0,0.0,-0.0
242.07792003377233,-6.883334702585079,9.499999999999993,0.0,0.0,-0.0
242.08785695720988,-6.881460127380971,9.499999999999991,0.0,0.0,-0.0
242.0977938021713,-6.879585347178091,9.49999999999999,0.0,0.0,-0.0
242.10773056867035,-6.8777103620344455,9.499999999999991,0.0,0.0,-0.0
242.1176672567205,-6.87583517200805,9.499999999999991,0.0,0.0,-0.0
242.12760386633542,-6.873959777156921,9.49999999999999,0.0,0.0,-0.0
242.13754039752888,-6.872084177539082,9.49999999999999,0.0,0.0,-0.0
242.14747685031446,-6.870208373212559,9.499999999999991,0.0,0.0,-0.0
242.15741322470575,-6.868332364235383,9.49999999999999,0.0,0.0,-0.0
242.16734952071658,-6.866456150665589,9.49999999999999,0.0,0.0,-0.0
242.17728573836055,-6.864579732561219,9.499999999999988,0.0,0.0,-0.0
242.18722187765144,-6.862703109980315,9.499999999999991,0.0,0.0,-0.0
242.19715793860288,-6.860826282980933,9.499999999999988,0.0,0.0,-0.0
242.20709392122865,-6.85894925162112,9.499999999999986,0.0,0.0,-0.0
242.21702982554245,-6.857072015958938,9.49999999999999,0.0,0.0,-0.0
242.22696565155798,-6.85519457605245,9.499999999999986,0.0,0.0,-0.0
242.23690139928905,-6.853316931959724,9.499999999999986,0.0,0.0,-0.0
242.2468370687494,-6.85143908373883,9.499999999999986,0.0,0.0,-0.0
242.25677265995273,-6.849561031447846,9.499999999999986,0.0,0.0,-0.0
242.26670817291293,-6.847682775144853,9.499999999999986,0.0,0.0,-0.0
242.27664360764368,-6.845804314887935,9.499999999999988,0.0,0.0,-0.0
242.2865789641588,-6.8439256507351836,9.499999999999986,0.0,0.0,-0.0
242.29651424247206,-6.842046782744695,9.499999999999986,0.0,0.0,-0.0
242.30644944259737,-6.840167710974567,9.499999999999986,0.0,0.0,-0.0
242.31638456454846,-6.8382884354829025,9.499999999999984,0.0,0.0,-0.0
242.32631960833916,-6.836408956327812,9.499999999999984,0.0,0.0,-0.0
242.33625457398335,-6.834529273567405,9.499999999999986,0.0,0.0,-0.0
242.34618946149482,-6.832649387259801,9.499999999999986,0.0,0.0,-0.0
242.35612427088748,-6.830769297463121,9.499999999999986,0.0,0.0,-0.0
242.36605900217515,-6.828889004235492,9.499999999999986,0.0,0.0,-0.0
242.3759936553717,-6.827008507635045,9.499999999999986,0.0,0.0,-0.0
242.38592823049106,-6.825127807719915,9.499999999999984,0.0,0.0,-0.0
242.39586272754707,-6.823246904548241,9.499999999999984,0.0,0.0,-0.0
242.40579714655362,-6.8213657981781655,9.499999999999982,0.0,0.0,-0.0
242.4157314875247,-6.819484488667839,9.499999999999982,0.0,0.0,-0.0
242.42566575047414,-6.817602976075415,9.499999999999982,0.0,0.0,-0.0
242.4355999354159,-6.81572126045905,9.499999999999984,0.0,0.0,-0.0
242.4455340423639,-6.8138393418769105,9.499999999999984,0.0,0.0,-0.0
242.45546807133204,-6.811957220387156,9.499999999999984,0.0,0.0,-0.0
242.46540202233444,-6.810074896047963,9.499999999999984,0.0,0.0,-0.0
242.47533589538486,-6.808192368917506,9.499999999999984,0.0,0.0,-0.0
242.48526969049732,-6.806309639053965,9.499999999999984,0.0,0.0,-0.0
242.49520340768592,-6.804426706515525,9.499999999999982,0.0,0.0,-0.0
242.50513704696453,-6.802543571360373,9.499999999999982,0.0,0.0,-0.0
242.51507060834717,-6.800660233646703,9.499999999999986,0.0,0.0,-0.0
242.52500409184782,-6.798776693432715,9.499999999999979,0.0,0.0,-0.0
242.53493749748063,-6.796892950776608,9.49999999999998,0.0,0.0,-0.0
242.54487082525944,-6.795009005736594,9.49999999999998,0.0,0.0,-0.0
242.55480407519838,-6.793124858370878,9.499999999999982,0.0,0.0,-0.0
242.56473724731148,-6.791240508737683,9.499999999999984,0.0,0.0,-0.0
242.5746703416128,-6.789355956895225,9.49999999999998,0.0,0.0,-0.0
242.5846033581164,-6.787471202901729,9.499999999999982,0.0,0.0,-0.0
242.59453629683628,-6.7855862468154236,9.499999999999982,0.0,0.0,-0.0
242.60446915778667,-6.783701088694545,9.49999999999998,0.0,0.0,-0.0
242.6144019409815,-6.781815728597333,9.499999999999979,0.0,0.0,-0.0
242.62433464643493,-6.779930166582025,9.499999999999979,0.0,0.0,-0.0
242.63426727416098,-6.778044402706866,9.49999999999998,0.0,0.0,-0.0
242.64419982417394,-6.776158437030116,9.49999999999998,0.0,0.0,-0.0
242.65413229648783,-6.774272269610025,9.49999999999998,0.0,0.0,-0.0
242.66406469111672,-6.7723859005048554,9.49999999999998,0.0,0.0,-0.0
242.67399700807488,-6.770499329772874,9.499999999999979,0.0,0.0,-0.0
242.6839292473763,-6.768612557472346,9.499999999999979,0.0,0.0,-0.0
242.69386140903535,-6.766725583661548,9.499999999999977,0.0,0.0,-0.0
242.70379349306606,-6.764838408398757,9.499999999999979,0.0,0.0,-0.0
242.71372549948256,-6.762951031742257,9.499999999999979,0.0,0.0,-0.0
242.72365742829913,-6.761063453750332,9.499999999999977,0.0,0.0,-0.0
242.73358927952987,-6.759175674481273,9.49999999999998,0.0,0.0,-0.0
242.7435210531891,-6.7572876939933835,9.499999999999977,0.0,0.0,-0.0
242.75345274929097,-6.755399512344956,9.499999999999977,0.0,0.0,-0.0
242.76338436784974,-6.753511129594301,9.499999999999977,0.0,0.0,-0.0
242.77331590887948,-6.751622545799721,9.499999999999977,0.0,0.0,-0.0
242.78324737239473,-6.749733761019535,9.499999999999977,0.0,0.0,-0.0
242.79317875840943,-6.747844775312059,9.499999999999979,0.0,0.0,-0.0
242.80311006693796,-6.745955588735617,9.499999999999977,0.0,0.0,-0.0
242.81304129799457,-6.744066201348535,9.499999999999975,0.0,0.0,-0.0
242.82297245159359,-6.742176613209139,9.499999999999979,0.0,0.0,-0.0
242.8329035277493,-6.740286824375774,9.499999999999977,0.0,0.0,-0.0
242.84283452647585,-6.738396834906774,9.499999999999977,0.0,0.0,-0.0
242.85276544778773,-6.736506644860486,9.499999999999979,0.0,0.0,-0.0
242.86269629169914,-6.7346162542952595,9.499999999999979,0.0,0.0,-0.0
242.87262705822434,-6.732725663269445,9.49999999999998,0.0,0.0,-0.0
242.8825577473778,-6.7308348718414015,9.499999999999979,0.0,0.0,-0.0
242.89248835917374,-6.728943880069495,9.49999999999998,0.0,0.0,-0.0
242.90241889362665,-6.727052688012083,9.499999999999979,0.0,0.0,-0.0
242.9123493507507,-6.725161295727543,9.49999999999998,0.0,0.0,-0.0
242.9222797305604,-6.72326970327425,9.499999999999977,0.0,0.0,-0.0
242.93221003306996,-6.721377910710578,9.499999999999979,0.0,0.0,-0.0
242.942140258294,-6.719485918094919,9.499999999999977,0.0,0.0,-0.0
242.9520704062466,-6.71759372548566,9.499999999999977,0.0,0.0,-0.0
