galstreams/tracks/track.po.Corvus.mateu2018.ecsv
# %ECSV 1.0
# ---
# datatype:
# - {name: ra, unit: deg, datatype: float64}
# - {name: dec, unit: deg, datatype: float64}
# - {name: distance, unit: kpc, datatype: float64}
# - {name: pm_ra_cosdec, unit: mas / yr, datatype: float64}
# - {name: pm_dec, unit: mas / yr, datatype: float64}
# - {name: radial_velocity, unit: km / s, datatype: float64}
# delimiter: ','
# meta: !!omap
# - __serialized_columns__:
#     dec:
#       __class__: astropy.coordinates.angles.Latitude
#       unit: &id001 !astropy.units.Unit {unit: deg}
#       value: !astropy.table.SerializedColumn {name: dec}
#     distance:
#       __class__: astropy.coordinates.distances.Distance
#       unit: !astropy.units.Unit {unit: kpc}
#       value: !astropy.table.SerializedColumn {name: distance}
#     pm_dec:
#       __class__: astropy.units.quantity.Quantity
#       unit: !astropy.units.Unit {unit: mas / yr}
#       value: !astropy.table.SerializedColumn {name: pm_dec}
#     pm_ra_cosdec:
#       __class__: astropy.units.quantity.Quantity
#       unit: !astropy.units.Unit {unit: mas / yr}
#       value: !astropy.table.SerializedColumn {name: pm_ra_cosdec}
#     ra:
#       __class__: astropy.coordinates.angles.Longitude
#       unit: *id001
#       value: !astropy.table.SerializedColumn {name: ra}
#       wrap_angle: !astropy.coordinates.Angle
#         unit: *id001
#         value: 360.0
#     radial_velocity:
#       __class__: astropy.units.quantity.Quantity
#       unit: !astropy.units.Unit {unit: km / s}
#       value: !astropy.table.SerializedColumn {name: radial_velocity}
# schema: astropy-2.0
ra,dec,distance,pm_ra_cosdec,pm_dec,radial_velocity
[from data line 4660]
189.14327145020812,-15.555073910375851,10.412626562144007,0.0,0.0,-0.0
189.15364246210774,-15.556307670112298,10.41432662730022,0.0,0.0,-0.0
189.1640135630916,-15.55754165232614,10.416026823921598,0.0,0.0,-0.0
189.17438475322606,-15.55877585689675,10.417727151899175,0.0,0.0,-0.0
189.18475603257735,-15.560010283703432,10.419427611123949,0.0,0.0,-0.0
189.19512740121178,-15.56124493262546,10.421128201486887,0.0,0.0,-0.0
189.20549885919564,-15.562479803542038,10.422828922878933,0.0,0.0,-0.0
189.21587040659514,-15.563714896332336,10.424529775190994,0.0,0.0,-0.0
189.22624204347656,-15.564950210875471,10.426230758313935,0.0,0.0,-0.0
189.23661376990603,-15.566185747050515,10.427931872138599,0.0,0.0,-0.0
189.2469855859498,-15.567421504736478,10.429633116555797,0.0,0.0,-0.0
189.257357491674,-15.568657483812336,10.431334491456303,0.0,0.0,-0.0
189.26772948714472,-15.56989368415701,10.433035996730863,0.0,0.0,-0.0
189.2781015724282,-15.571130105649363,10.434737632270192,0.0,0.0,-0.0
189.28847374759044,-15.572366748168225,10.436439397964966,0.0,0.0,-0.0
189.29884601269762,-15.573603611592366,10.438141293705836,0.0,0.0,-0.0
189.30921836781573,-15.574840695800512,10.43984331938342,0.0,0.0,-0.0
189.31959081301082,-15.576078000671334,10.441545474888304,0.0,0.0,-0.0
189.32996334834897,-15.577315526083465,10.443247760111031,0.0,0.0,-0.0
189.34033597389615,-15.578553271915483,10.444950174942132,0.0,0.0,-0.0
189.35070868971835,-15.5797912380459,10.446652719272103,0.0,0.0,-0.0
189.36108149588154,-15.581029424353227,10.448355392991385,0.0,0.0,-0.0
189.37145439245162,-15.582267830715868,10.450058195990412,0.0,0.0,-0.0
189.3818273794946,-15.583506457012216,10.451761128159575,0.0,0.0,-0.0
189.3922004570763,-15.584745303120611,10.453464189389237,0.0,0.0,-0.0
189.4025736252627,-15.585984368919329,10.455167379569733,0.0,0.0,-0.0
189.4129468841196,-15.587223654286612,10.456870698591358,0.0,0.0,-0.0
189.42332023371281,-15.588463159100652,10.458574146344375,0.0,0.0,-0.0
189.43369367410827,-15.589702883239578,10.46027772271903,0.0,0.0,-0.0
189.4440672053717,-15.590942826581488,10.461981427605517,0.0,0.0,-0.0
189.45444082756887,-15.592182989004431,10.46368526089401,0.0,0.0,-0.0
189.46481454076562,-15.593423370386395,10.465389222474649,0.0,0.0,-0.0
189.47518834502765,-15.59466397060533,10.467093312237548,0.0,0.0,-0.0
189.48556224042065,-15.595904789539125,10.468797530072779,0.0,0.0,-0.0
189.4959362270104,-15.59714582706564,10.470501875870392,0.0,0.0,-0.0
189.50631030486252,-15.598387083062676,10.472206349520402,0.0,0.0,-0.0
189.51668447404273,-15.599628557407975,10.473910950912785,0.0,0.0,-0.0
189.52705873461662,-15.60087024997925,10.4756156799375,0.0,0.0,-0.0
189.53743308664986,-15.602112160654167,10.477320536484461,0.0,0.0,-0.0
189.547807530208,-15.60335428931032,10.479025520443562,0.0,0.0,-0.0
189.55818206535665,-15.604596635825276,10.480730631704658,0.0,0.0,-0.0
189.5685566921614,-15.60583920007655,10.482435870157577,0.0,0.0,-0.0
189.57893141068777,-15.6070819819416,10.48414123569211,0.0,0.0,-0.0
189.58930622100124,-15.608324981297853,10.485846728198023,0.0,0.0,-0.0
189.59968112316736,-15.609568198022666,10.487552347565048,0.0,0.0,-0.0
189.61005611725162,-15.610811631993368,10.489258093682885,0.0,0.0,-0.0
189.62043120331944,-15.612055283087226,10.490963966441205,0.0,0.0,-0.0
189.63080638143626,-15.61329915118147,10.492669965729645,0.0,0.0,-0.0
189.64118165166752,-15.614543236153276,10.494376091437811,0.0,0.0,-0.0
189.6515570140786,-15.615787537879775,10.496082343455283,0.0,0.0,-0.0
189.6619324687349,-15.61703205623804,10.497788721671606,0.0,0.0,-0.0
189.67230801570176,-15.618276791105117,10.49949522597629,0.0,0.0,-0.0
189.68268365504454,-15.619521742357986,10.501201856258819,0.0,0.0,-0.0
189.6930593868285,-15.620766909873586,10.502908612408646,0.0,0.0,-0.0
189.703435211119,-15.622012293528813,10.50461549431519,0.0,0.0,-0.0
189.71381112798127,-15.623257893200504,10.506322501867846,0.0,0.0,-0.0
189.72418713748058,-15.62450370876546,10.508029634955964,0.0,0.0,-0.0
189.73456323968216,-15.625749740100423,10.50973689346888,0.0,0.0,-0.0
189.7449394346512,-15.6269959870821,10.511444277295883,0.0,0.0,-0.0
189.75531572245293,-15.628242449587145,10.513151786326244,0.0,0.0,-0.0
189.7656921031525,-15.629489127492162,10.5148594204492,0.0,0.0,-0.0
189.77606857681508,-15.63073602067371,10.516567179553949,0.0,0.0,-0.0
189.78644514350574,-15.631983129008303,10.51827506352967,0.0,0.0,-0.0
189.79682180328965,-15.633230452372404,10.519983072265502,0.0,0.0,-0.0
189.80719855623187,-15.634477990642427,10.521691205650555,0.0,0.0,-0.0
189.81757540239744,-15.63572574369475,10.523399463573911,0.0,0.0,-0.0
189.82795234185144,-15.63697371140568,10.525107845924627,0.0,0.0,-0.0
189.8383293746589,-15.638221893651512,10.526816352591712,0.0,0.0,-0.0
189.84870650088482,-15.639470290308463,10.528524983464164,0.0,0.0,-0.0
189.85908372059413,-15.640718901252715,10.530233738430933,0.0,0.0,-0.0
189.86946103385188,-15.641967726360404,10.531942617380952,0.0,0.0,-0.0
189.87983844072292,-15.643216765507619,10.533651620203115,0.0,0.0,-0.0
189.8902159412722,-15.644466018570398,10.535360746786292,0.0,0.0,-0.0
189.90059353556464,-15.64571548542473,10.53706999701931,0.0,0.0,-0.0
189.91097122366511,-15.646965165946572,10.538779370790982,0.0,0.0,-0.0
189.92134900563843,-15.648215060011818,10.540488867990081,0.0,0.0,-0.0
189.93172688154948,-15.649465167496324,10.542198488505349,0.0,0.0,-0.0
189.94210485146306,-15.650715488275889,10.543908232225498,0.0,0.0,-0.0
189.95248291544394,-15.65196602222628,10.545618099039215,0.0,0.0,-0.0
189.96286107355687,-15.6532167692232,10.547328088835151,0.0,0.0,-0.0
189.97323932586664,-15.654467729142317,10.54903820150193,0.0,0.0,-0.0
189.98361767243802,-15.655718901859261,10.550748436928142,0.0,0.0,-0.0
189.9939961133356,-15.656970287249601,10.552458795002341,0.0,0.0,-0.0
190.00437464862418,-15.658221885188853,10.554169275613075,0.0,0.0,-0.0
190.01475327836835,-15.659473695552506,10.555879878648827,0.0,0.0,-0.0
190.02513200263277,-15.66072571821599,10.557590603998083,0.0,0.0,-0.0
190.03551082148206,-15.661977953054688,10.55930145154927,0.0,0.0,-0.0
190.04588973498085,-15.663230399943945,10.561012421190805,0.0,0.0,-0.0
190.05626874319367,-15.664483058759052,10.562723512811067,0.0,0.0,-0.0
190.0666478461851,-15.665735929375254,10.564434726298405,0.0,0.0,-0.0
190.07702704401967,-15.666989011667757,10.566146061541136,0.0,0.0,-0.0
190.0874063367619,-15.668242305511713,10.567857518427553,0.0,0.0,-0.0
190.0977857244763,-15.669495810782234,10.569569096845912,0.0,0.0,-0.0
190.10816520722727,-15.670749527354374,10.571280796684444,0.0,0.0,-0.0
190.11854478507934,-15.672003455103154,10.572992617831346,0.0,0.0,-0.0
190.12892445809692,-15.67325759390354,10.57470456017479,0.0,0.0,-0.0
190.13930422634436,-15.674511943630463,10.57641662360291,0.0,0.0,-0.0
190.1496840898861,-15.6757665041588,10.578128808003816,0.0,0.0,-0.0
190.1600640487865,-15.67702127536337,10.579841113265596,0.0,0.0,-0.0
190.17044410310987,-15.678276257118966,10.581553539276284,0.0,0.0,-0.0
190.18082425292056,-15.67953144930033,10.58326608592391,0.0,0.0,-0.0
190.19120449828281,-15.680786851782154,10.584978753096458,0.0,0.0,-0.0
190.201584839261,-15.682042464439078,10.586691540681889,0.0,0.0,-0.0
190.21196527591928,-15.68329828714572,10.588404448568127,0.0,0.0,-0.0
190.22234580832193,-15.684554319776625,10.59011747664308,0.0,0.0,-0.0
190.23272643653314,-15.6858105622063,10.591830624794607,0.0,0.0,-0.0
190.24310716061714,-15.687067014309214,10.593543892910558,0.0,0.0,-0.0
190.25348798063806,-15.688323675959786,10.595257280878743,0.0,0.0,-0.0
190.26386889666003,-15.689580547032381,10.596970788586933,0.0,0.0,-0.0
190.2742499087472,-15.690837627401336,10.598684415922888,0.0,0.0,-0.0
190.2846310169637,-15.692094916940924,10.600398162774322,0.0,0.0,-0.0
190.29501222137353,-15.693352415525384,10.602112029028932,0.0,0.0,-0.0
190.3053935220408,-15.694610123028916,10.603826014574372,0.0,0.0,-0.0
190.31577491902954,-15.695868039325651,10.60554011929828,0.0,0.0,-0.0
190.32615641240375,-15.697126164289692,10.60725434308826,0.0,0.0,-0.0
190.33653800222746,-15.698384497795091,10.608968685831881,0.0,0.0,-0.0
190.34691968856455,-15.69964303971586,10.610683147416687,0.0,0.0,-0.0
190.35730147147908,-15.700901789925965,10.612397727730187,0.0,0.0,-0.0
190.36768335103488,-15.702160748299317,10.614112426659872,0.0,0.0,-0.0
190.3780653272959,-15.703419914709787,10.615827244093197,0.0,0.0,-0.0
190.38844740032602,-15.704679289031205,10.617542179917585,0.0,0.0,-0.0
190.39882957018906,-15.705938871137354,10.619257234020429,0.0,0.0,-0.0
190.4092118369489,-15.707198660901968,10.6209724062891,0.0,0.0,-0.0
190.41959420066934,-15.708458658198737,10.622687696610933,0.0,0.0,-0.0
190.42997666141417,-15.709718862901308,10.624403104873236,0.0,0.0,-0.0
190.44035921924717,-15.71097927488329,10.626118630963289,0.0,0.0,-0.0
190.45074187423205,-15.712239894018227,10.627834274768333,0.0,0.0,-0.0
190.4611246264326,-15.713500720179635,10.629550036175598,0.0,0.0,-0.0
190.47150747591243,-15.714761753240976,10.631265915072271,0.0,0.0,-0.0
190.48189042273532,-15.71602299307568,10.632981911345512,0.0,0.0,-0.0
190.49227346696486,-15.71728443955711,10.634698024882454,0.0,0.0,-0.0
190.50265660866472,-15.71854609255861,10.636414255570196,0.0,0.0,-0.0
190.51303984789845,-15.719807951953456,10.638130603295822,0.0,0.0,-0.0
190.52342318472972,-15.721070017614894,10.63984706794637,0.0,0.0,-0.0
190.53380661922208,-15.722332289416121,10.641563649408853,0.0,0.0,-0.0
190.54419015143907,-15.72359476723029,10.643280347570256,0.0,0.0,-0.0
190.55457378144416,-15.724857450930498,10.644997162317548,0.0,0.0,-0.0
190.56495750930094,-15.726120340389821,10.646714093537646,0.0,0.0,-0.0
190.57534133507284,-15.727383435481267,10.648431141117452,0.0,0.0,-0.0
190.58572525882332,-15.72864673607781,10.650148304943839,0.0,0.0,-0.0
190.59610928061576,-15.729910242052382,10.651865584903648,0.0,0.0,-0.0
190.6064934005137,-15.731173953277864,10.653582980883685,0.0,0.0,-0.0
190.6168776185804,-15.732437869627098,10.655300492770744,0.0,0.0,-0.0
190.6272619348793,-15.733701990972882,10.657018120451571,0.0,0.0,-0.0
190.63764634947373,-15.734966317187956,10.658735863812895,0.0,0.0,-0.0
190.648030862427,-15.736230848145041,10.660453722741412,0.0,0.0,-0.0
190.65841547380236,-15.737495583716777,10.662171697123789,0.0,0.0,-0.0
190.66880018366317,-15.738760523775802,10.663889786846669,0.0,0.0,-0.0
190.67918499207263,-15.740025668194681,10.665607991796657,0.0,0.0,-0.0
190.689569899094,-15.741291016845935,10.667326311860341,0.0,0.0,-0.0
190.69995490479047,-15.742556569602067,10.669044746924266,0.0,0.0,-0.0
190.71034000922523,-15.7438223263355,10.670763296874963,0.0,0.0,-0.0
190.7207252124614,-15.745088286918634,10.672481961598928,0.0,0.0,-0.0
190.73111051456218,-15.746354451223828,10.674200740982622,0.0,0.0,-0.0
190.74149591559063,-15.747620819123384,10.675919634912487,0.0,0.0,-0.0
190.7518814156099,-15.748887390489564,10.677638643274936,0.0,0.0,-0.0
190.762267014683,-15.750154165194592,10.679357765956347,0.0,0.0,-0.0
190.772652712873,-15.751421143110647,10.681077002843066,0.0,0.0,-0.0
190.78303851024293,-15.752688324109853,10.682796353821425,0.0,0.0,-0.0
190.79342440685582,-15.753955708064305,10.68451581877772,0.0,0.0,-0.0
190.8038104027746,-15.755223294846035,10.686235397598214,0.0,0.0,-0.0
190.81419649806224,-15.75649108432706,10.687955090169151,0.0,0.0,-0.0
190.82458269278163,-15.757759076379324,10.689674896376733,0.0,0.0,-0.0
190.83496898699576,-15.75902727087474,10.691394816107149,0.0,0.0,-0.0
190.84535538076747,-15.760295667685185,10.693114849246546,0.0,0.0,-0.0
190.8557418741596,-15.761564266682482,10.694834995681054,0.0,0.0,-0.0
190.8661284672351,-15.762833067738406,10.696555255296769,0.0,0.0,-0.0
190.8765151600566,-15.7641020707247,10.698275627979758,0.0,0.0,-0.0
190.88690195268705,-15.765371275513061,10.699996113616061,0.0,0.0,-0.0
190.89728884518914,-15.766640681975135,10.701716712091692,0.0,0.0,-0.0
190.90767583762567,-15.767910289982526,10.703437423292632,0.0,0.0,-0.0
190.9180629300593,-15.769180099406807,10.705158247104835,0.0,0.0,-0.0
190.9284501225528,-15.770450110119489,10.706879183414232,0.0,0.0,-0.0
190.9388374151688,-15.771720321992056,10.70860023210672,0.0,0.0,-0.0
190.94922480796993,-15.772990734895936,10.71032139306817,0.0,0.0,-0.0
190.95961230101886,-15.774261348702526,10.712042666184427,0.0,0.0,-0.0
190.96999989437822,-15.775532163283163,10.713764051341302,0.0,0.0,-0.0
190.98038758811057,-15.776803178509159,10.715485548424581,0.0,0.0,-0.0
190.99077538227843,-15.77807439425177,10.717207157320027,0.0,0.0,-0.0
191.0011632769444,-15.779345810382214,10.718928877913372,0.0,0.0,-0.0
191.01155127217095,-15.780617426771666,10.720650710090306,0.0,0.0,-0.0
191.02193936802058,-15.78188924329125,10.72237265373652,0.0,0.0,-0.0
191.0323275645558,-15.783161259812063,10.724094708737647,0.0,0.0,-0.0
191.04271586183896,-15.784433476205145,10.725816874979317,0.0,0.0,-0.0
191.05310425993258,-15.7857058923415,10.727539152347111,0.0,0.0,-0.0
191.06349275889897,-15.786978508092082,10.729261540726593,0.0,0.0,-0.0
191.07388135880058,-15.788251323327813,10.730984040003307,0.0,0.0,-0.0
191.08427005969972,-15.789524337919557,10.732706650062754,0.0,0.0,-0.0
191.0946588616587,-15.790797551738148,10.734429370790412,0.0,0.0,-0.0
191.10504776473982,-15.792070964654371,10.736152202071734,0.0,0.0,-0.0
191.1154367690054,-15.79334457653898,10.737875143792145,0.0,0.0,-0.0
191.1258258745177,-15.794618387262666,10.73959819583704,0.0,0.0,-0.0
191.1362150813389,-15.795892396696088,10.741321358091788,0.0,0.0,-0.0
191.1466043895312,-15.797166604709863,10.743044630441732,0.0,0.0,-0.0
191.15699379915685,-15.798441011174567,10.74476801277218,0.0,0.0,-0.0
191.16738331027796,-15.799715615960729,10.746491504968418,0.0,0.0,-0.0
191.17777292295668,-15.800990418938836,10.74821510691571,0.0,0.0,-0.0
191.18816263725512,-15.802265419979328,10.749938818499281,0.0,0.0,-0.0
191.19855245323538,-15.803540618952617,10.751662639604339,0.0,0.0,-0.0
191.2089423709595,-15.804816015729056,10.753386570116053,0.0,0.0,-0.0
191.21933239048954,-15.806091610178974,10.755110609919573,0.0,0.0,-0.0
191.22972251188753,-15.807367402172632,10.75683475890002,0.0,0.0,-0.0
191.24011273521543,-15.808643391580274,10.758559016942487,0.0,0.0,-0.0
191.25050306053524,-15.809919578272082,10.760283383932038,0.0,0.0,-0.0
191.2608934879089,-15.811195962118209,10.76200785975371,0.0,0.0,-0.0
191.2712840173983,-15.812472542988763,10.763732444292517,0.0,0.0,-0.0
191.28167464906537,-15.813749320753798,10.765457137433444,0.0,0.0,-0.0
191.29206538297197,-15.815026295283346,10.767181939061437,0.0,0.0,-0.0
191.30245621917996,-15.816303466447385,10.768906849061434,0.0,0.0,-0.0
191.31284715775115,-15.81758083411585,10.770631867318333,0.0,0.0,-0.0
191.3232381987474,-15.818858398158632,10.772356993717011,0.0,0.0,-0.0
191.33362934223038,-15.820136158445587,10.774082228142309,0.0,0.0,-0.0
191.34402058826194,-15.82141411484653,10.77580757047905,0.0,0.0,-0.0
191.35441193690374,-15.82269226723123,10.777533020612024,0.0,0.0,-0.0
191.36480338821755,-15.823970615469404,10.779258578425997,0.0,0.0,-0.0
191.375194942265,-15.825249159430745,10.780984243805712,0.0,0.0,-0.0
191.3855865991078,-15.826527898984896,10.782710016635876,0.0,0.0,-0.0
191.3959783588075,-15.827806834001448,10.784435896801174,0.0,0.0,-0.0
191.4063702214258,-15.82908596434998,10.786161884186258,0.0,0.0,-0.0
191.41676218702423,-15.8303652899,10.787887978675764,0.0,0.0,-0.0
191.42715425566436,-15.831644810520975,10.789614180154292,0.0,0.0,-0.0
191.4375464274077,-15.83292452608235,10.791340488506417,0.0,0.0,-0.0
191.44793870231584,-15.83420443645352,10.793066903616689,0.0,0.0,-0.0
191.4583310804502,-15.83548454150382,10.794793425369633,0.0,0.0,-0.0
191.46872356187225,-15.836764841102578,10.796520053649736,0.0,0.0,-0.0
191.47911614664346,-15.838045335119045,10.798246788341475,0.0,0.0,-0.0
191.48950883482524,-15.839326023422464,10.799973629329283,0.0,0.0,-0.0
