galstreams/tracks/track.st.Aquarius.williams2011.ecsv
# %ECSV 1.0
# ---
# datatype:
# - {name: ra, unit: deg, datatype: float64}
# - {name: dec, unit: deg, datatype: float64}
# - {name: distance, unit: kpc, datatype: float64}
# - {name: pm_ra_cosdec, unit: mas / yr, datatype: float64}
# - {name: pm_dec, unit: mas / yr, datatype: float64}
# - {name: radial_velocity, unit: km / s, datatype: float64}
# delimiter: ','
# meta: !!omap
# - __serialized_columns__:
#     dec:
#       __class__: astropy.coordinates.angles.Latitude
#       unit: &id001 !astropy.units.Unit {unit: deg}
#       value: !astropy.table.SerializedColumn {name: dec}
#     distance:
#       __class__: astropy.coordinates.distances.Distance
#       unit: !astropy.units.Unit {unit: kpc}
#       value: !astropy.table.SerializedColumn {name: distance}
#     pm_dec:
#       __class__: astropy.units.quantity.Quantity
#       unit: !astropy.units.Unit {unit: mas / yr}
#       value: !astropy.table.SerializedColumn {name: pm_dec}
#     pm_ra_cosdec:
#       __class__: astropy.units.quantity.Quantity
#       unit: !astropy.units.Unit {unit: mas / yr}
#       value: !astropy.table.SerializedColumn {name: pm_ra_cosdec}
#     ra:
#       __class__: astropy.coordinates.angles.Longitude
#       unit: *id001
#       value: !astropy.table.SerializedColumn {name: ra}
#       wrap_angle: !astropy.coordinates.Angle
#         unit: *id001
#         value: 360.0
#     radial_velocity:
#       __class__: astropy.units.quantity.Quantity
#       unit: !astropy.units.Unit {unit: km / s}
#       value: !astropy.table.SerializedColumn {name: radial_velocity}
# schema: astropy-2.0
ra,dec,distance,pm_ra_cosdec,pm_dec,radial_velocity
[from data line 710]
345.9910205589304,-8.991844482868983,3.9568759061946843,6.917363715068083,-29.17293124253293,-206.42110756870483
346.0012104944525,-8.99379587398694,3.955638782477581,6.9223698933462,-29.17961858696175,-206.42995698239207
346.01140054065235,-8.995746976549176,3.954401658760477,6.927376736703602,-29.186305602963266,-206.43880639607934
346.021590697542,-8.997697790457902,3.953164535043374,6.932384245297261,-29.192992290383664,-206.4476558097666
346.0317809651336,-8.999648315615342,3.951927411326271,6.9373924192841026,-29.199678649069153,-206.4565052234537
346.04197134343895,-9.001598551923717,3.9506902876091674,6.942401258820968,-29.206364678865945,-206.465354637141
346.0521618324702,-9.00354849928527,3.949453163892064,6.947410764064708,-29.21305037962021,-206.47420405082823
346.0623524322392,-9.005498157602233,3.9482160401749606,6.952420935172068,-29.219735751178103,-206.48305346451548
346.072543142758,-9.00744752677686,3.946978916457857,6.957431772299788,-29.226420793385802,-206.4919028782027
346.0827339640385,-9.009396606711402,3.945741792740754,6.962443275604518,-29.233105506089448,-206.50075229188994
346.09292489609265,-9.01134539730812,3.9445046690236505,6.967455445242922,-29.239789889135167,-206.5096017055772
346.1031159389323,-9.013293898469279,3.9432675453065467,6.972468281371556,-29.246473942369093,-206.5184511192644
346.1133070925694,-9.015242110097153,3.9420304215894437,6.977481784146963,-29.253157665637318,-206.52730053295167
346.1234983570159,-9.017190032094023,3.94079329787234,6.9824959537256355,-29.259841058785955,-206.53614994663883
346.1336897322834,-9.019137664362175,3.939556174155236,6.987510790263978,-29.266524121661092,-206.54499936032605
346.14388121838397,-9.021085006803903,3.9383190504381336,6.992526293918404,-29.273206854108775,-206.5538487740133
346.15407281532924,-9.023032059321505,3.9370819267210297,6.9975424648452265,-29.279889255975107,-206.56269818770056
346.1642645231312,-9.024978821817287,3.935844803003927,7.002559303200782,-29.28657132710611,-206.5715476013878
346.17445634180143,-9.026925294193568,3.934607679286823,7.007576809141268,-29.29325306734783,-206.58039701507502
346.1846482713519,-9.028871476352657,3.933370555569719,7.012594982822906,-29.299934476546294,-206.5892464287623
346.19484031179417,-9.030817368196884,3.9321334318526158,7.01761382440184,-29.30661555454752,-206.5980958424495
346.20503246314007,-9.032762969628589,3.9308963081355124,7.022633334034168,-29.3132963011975,-206.60694525613667
346.21522472540124,-9.034708280550102,3.929659184418409,7.027653511875933,-29.319976716342225,-206.61579466982397
346.22541709858945,-9.036653300863776,3.9284220607013047,7.0326743580831295,-29.3266567998277,-206.62464408351127
346.23560958271634,-9.038598030471958,3.927184936984202,7.037695872811744,-29.33333655149986,-206.63349349719837
346.24580217779356,-9.040542469277009,3.9259478132670984,7.042718056217645,-29.34001597120467,-206.64234291088565
346.2559948838327,-9.042486617181295,3.9247106895499946,7.04774090845671,-29.346695058788068,-206.65119232457292
346.2661877008455,-9.04443047408719,3.9234735658328916,7.052764429684755,-29.35337381409601,-206.66004173826016
346.27638062884347,-9.046374039897067,3.9222364421157887,7.057788620057524,-29.360052236974376,-206.66889115194743
346.28657366783824,-9.048317314513321,3.9209993183986844,7.0628134797307425,-29.36673032726912,-206.67774056563465
346.29676681784133,-9.050260297838339,3.919762194681581,7.067839008860078,-29.373408084826092,-206.6865899793218
346.3069600788643,-9.052202989774516,3.9185250709644786,7.072865207601122,-29.38008550949121,-206.69543939300914
346.31715345091874,-9.054145390224264,3.9172879472473747,7.077892076109476,-29.386762601110338,-206.7042888066963
346.3273469340161,-9.056087499089996,3.916050823530271,7.082919614540626,-29.393439359529324,-206.7131382203835
346.3375405281679,-9.058029316274125,3.9148136998131675,7.087947823050072,-29.400115784594025,-206.72198763407073
346.3477342333855,-9.059970841679082,3.9135765760960637,7.092976701793208,-29.40679187615028,-206.73083704775797
346.3579280496806,-9.061912075207292,3.9123394523789603,7.098006250925436,-29.41346763404391,-206.73968646144516
346.36812197706445,-9.063853016761202,3.911102328661858,7.103036470602061,-29.42014305812074,-206.7485358751325
346.37831601554865,-9.06579366624325,3.9098652049447544,7.108067360978383,-29.426818148226552,-206.75738528881968
346.38851016514434,-9.067734023555897,3.9086280812276506,7.113098922209597,-29.43349290420714,-206.76623470250695
346.3987044258631,-9.069674088601596,3.907390957510547,7.1181311544509,-29.440167325908305,-206.77508411619414
346.40889879771635,-9.071613861282813,3.9061538337934434,7.123164057857435,-29.44684141317579,-206.7839335298814
346.41909328071534,-9.073553341502022,3.904916710076341,7.128197632584278,-29.453515165855343,-206.7927829435686
346.4292878748714,-9.075492529161698,3.903679586359236,7.133231878786461,-29.460188583792736,-206.80163235725578
346.43948258019583,-9.077431424164333,3.902442462642133,7.138266796618957,-29.466861666833672,-206.81048177094306
346.4496773967,-9.079370026412409,3.90120533892503,7.143302386236712,-29.47353441482389,-206.8193311846303
346.4598723243951,-9.081308335808437,3.899968215207927,7.148338647794615,-29.480206827609084,-206.82818059831763
346.47006736329257,-9.083246352254921,3.898731091490823,7.153375581447525,-29.486878905034956,-206.8370300120047
346.48026251340343,-9.085184075654364,3.8974939677737193,7.158413187350189,-29.493550646947195,-206.84587942569206
346.4904577747391,-9.087121505909293,3.8962568440566163,7.163451465657398,-29.500222053191454,-206.85472883937922
346.5006531473107,-9.089058642922232,3.895019720339513,7.168490416523815,-29.506893123613423,-206.86357825306644
346.51084863112936,-9.090995486595718,3.8937825966224087,7.173530040104083,-29.513563858058728,-206.87242766675368
346.5210442262064,-9.092932036832279,3.8925454729053057,7.17857033655282,-29.520234256373023,-206.881277080441
346.53123993255286,-9.094868293534468,3.8913083491882023,7.183611306024552,-29.526904318401918,-206.8901264941282
346.54143575017997,-9.096804256604841,3.8900712254710994,7.188652948673787,-29.533574043991027,-206.89897590781544
346.55163167909876,-9.098739925945951,3.8888341017539956,7.193695264654975,-29.54024343298597,-206.90782532150268
346.5618277193204,-9.10067530146037,3.887596978036892,7.198738254122526,-29.546912485232333,-206.91667473518984
346.5720238708559,-9.102610383050665,3.8863598543197893,7.203781917230775,-29.553581200575675,-206.9255241488771
346.5822201337164,-9.104545170619419,3.885122730602686,7.208826254134028,-29.560249578861573,-206.93437356256436
346.5924165079129,-9.106479664069223,3.883885606885582,7.213871264986535,-29.56691761993561,-206.9432229762516
346.6026129934565,-9.108413863302664,3.882648483168478,7.218916949942522,-29.573585323643286,-206.95207238993882
346.61280959035815,-9.110347768222342,3.8814113594513744,7.223963309156139,-29.58025268983018,-206.960921803626
346.62300629862887,-9.112281378730863,3.8801742357342714,7.229010342781475,-29.58691971834177,-206.96977121731325
346.6332031182796,-9.114214694730846,3.8789371120171685,7.234058050972594,-29.593586409023583,-206.97862063100055
346.6434000493214,-9.116147716124907,3.877699988300065,7.239106433883526,-29.600252761721126,-206.98747004468774
346.65359709176505,-9.118080442815673,3.876462864582961,7.244155491668212,-29.606918776279876,-206.99631945837498
346.6637942456216,-9.12001287470578,3.875225740865857,7.249205224480567,-29.613584452545318,-207.00516887206226
346.67399151090194,-9.12194501169787,3.873988617148754,7.254255632474463,-29.620249790362884,-207.0140182857494
346.6841888876169,-9.123876853694581,3.872751493431651,7.259306715803694,-29.626914789578052,-207.02286769943672
346.69438637577747,-9.125808400598578,3.8715143697145473,7.264358474622043,-29.633579450036265,-207.0317171131239
346.7045839753943,-9.127739652312517,3.8702772459974444,7.269410909083216,-29.640243771582934,-207.04056652681115
346.7147816864785,-9.129670608739069,3.8690401222803397,7.274464019340895,-29.64690775406351,-207.0494159404983
346.72497950904057,-9.131601269780903,3.867802998563237,7.279517805548668,-29.653571397323343,-207.05826535418558
346.7351774430915,-9.133531635340704,3.866565874846134,7.284572267860114,-29.66023470120786,-207.06711476787285
346.74537548864214,-9.13546170532116,3.8653287511290304,7.289627406428774,-29.66689766556245,-207.07596418155998
346.755573645703,-9.137391479624966,3.8640916274119266,7.294683221408083,-29.673560290232473,-207.0848135952473
346.76577191428504,-9.139320958154826,3.8628545036948223,7.299739712951484,-29.6802225750633,-207.09366300893456
346.775970294399,-9.141250140813442,3.86161737997772,7.304796881212345,-29.686884519900243,-207.1025124226217
346.7861687860554,-9.143179027503535,3.860380256260617,7.3098547263439855,-29.69354612458866,-207.11136183630896
346.796367389265,-9.145107618127826,3.8591431325435126,7.314913248499656,-29.700207388973908,-207.1202112499963
346.80656610403855,-9.147035912589045,3.857906008826409,7.3199724478326225,-29.70686831290125,-207.12906066368353
346.8167649303867,-9.148963910789925,3.8566688851093063,7.325032324496027,-29.713528896215998,-207.13791007737066
346.82696386832,-9.15089161263321,3.8554317613922024,7.3300928786430095,-29.720189138763466,-207.14675949105785
346.83716291784907,-9.15281901802165,3.854194637675099,7.335154110426625,-29.726849040388913,-207.15560890474526
346.84736207898464,-9.154746126858003,3.852957513957996,7.3402160199999305,-29.733508600937608,-207.16445831843237
346.85756135173716,-9.156672939045032,3.8517203902408923,7.345278607515883,-29.74016782025482,-207.1733077321197
346.86776073611725,-9.158599454485504,3.850483266523789,7.350341873127411,-29.746826698185778,-207.18215714580677
346.8779602321354,-9.160525673082198,3.849246142806685,7.3554058169874,-29.753485234575724,-207.191006559494
346.88815983980226,-9.162451594737899,3.848009019089582,7.360470439248665,-29.760143429269867,-207.1998559731813
346.89835955912815,-9.164377219355394,3.8467718953724788,7.365535740063976,-29.76680128211343,-207.20870538686862
346.9085593901237,-9.166302546837489,3.845534771655375,7.3706017195861,-29.7734587929516,-207.2175548005558
346.9187593327994,-9.168227577086979,3.844297647938272,7.375668377967692,-29.780115961629576,-207.22640421424293
346.92895938716566,-9.170152310006678,3.843060524221168,7.3807357153613875,-29.78677278799254,-207.23525362793026
346.93915955323286,-9.172076745499405,3.8418234005040652,7.385803731919756,-29.793429271885625,-207.24410304161745
346.94935983101146,-9.174000883467988,3.8405862767869614,7.390872427795344,-29.800085413154022,-207.25295245530475
346.9595602205119,-9.175924723815255,3.839349153069858,7.395941803140621,-29.806741211642844,-207.26180186899197
346.96976072174454,-9.177848266444046,3.838112029352755,7.401011858108025,-29.813396667197228,-207.2706512826793
346.97996133471975,-9.17977151125721,3.8368749056356517,7.406082592849945,-29.820051779662297,-207.27950069636648
346.9901620594479,-9.181694458157594,3.8356377819185474,7.411154007518717,-29.82670654888317,-207.2883501100536
347.00036289593925,-9.183617107048063,3.834400658201444,7.416226102266611,-29.833360974704917,-207.2971995237408
347.0105638442041,-9.18553945783148,3.8331635344843407,7.421298877245848,-29.840015056972643,-207.30604893742822
347.0207649042528,-9.187461510410719,3.8319264107672377,7.426372332608634,-29.846668795531404,-207.31489835111532
347.0309660760957,-9.189383264688662,3.8306892870501343,7.4314464685071115,-29.853322190226287,-207.3237477648026
347.0411673597429,-9.191304720568192,3.829452163333031,7.436521285093336,-29.85997524090232,-207.33259717848992
347.0513687552047,-9.19322587795221,3.828215039615927,7.441596782519371,-29.866627947404545,-207.34144659217708
347.06157026249133,-9.195146736743613,3.8269779158988233,7.446672960937179,-29.873280309578014,-207.35029600586438
347.071771881613,-9.19706729684531,3.82574079218172,7.451749820498716,-29.8799323272677,-207.35914541955157
347.0819736125799,-9.198987558160214,3.824503668464617,7.4568273613558524,-29.886584000318646,-207.36799483323875
347.0921754554021,-9.20090752059125,3.823266544747513,7.461905583660416,-29.89323532857583,-207.37684424692594
347.1023774100899,-9.202827184041343,3.82202942103041,7.466984487564208,-29.89988631188423,-207.38569366061324
347.1125794766533,-9.204746548413432,3.8207922973133073,7.472064073218968,-29.906536950088842,-207.3945430743004
347.1227816551025,-9.20666561361046,3.8195551735962026,7.477144340776367,-29.913187243034614,-207.40339248798773
347.1329839454475,-9.208584379535377,3.8183180498790987,7.4822252903880555,-29.91983719056648,-207.41224190167495
347.14318634769853,-9.210502846091137,3.8170809261619962,7.4873069222056206,-29.926486792529374,-207.4210913153621
347.15338886186544,-9.212421013180705,3.8158438024448924,7.492389236380581,-29.93313604876826,-207.42994072904938
347.1635914879584,-9.214338880707054,3.8146066787277886,7.497472233064439,-29.939784959128012,-207.43879014273656
347.1737942259874,-9.216256448573157,3.813369555010686,7.502555912408623,-29.946433523453557,-207.44763955642384
347.18399707596245,-9.218173716682001,3.812132431293582,7.507640274564514,-29.953081741589788,-207.45648897011102
347.1942000378936,-9.22009068493658,3.8108953075764793,7.512725319683478,-29.95972961338157,-207.46533838379833
347.20440311179067,-9.222007353239887,3.809658183859375,7.517811047916771,-29.9663771386738,-207.4741877974855
347.21460629766364,-9.22392372149493,3.8084210601422708,7.522897459415633,-29.97302431731132,-207.48303721117287
347.2248095955226,-9.225839789604727,3.807183936425168,7.527984554331271,-29.979671149138962,-207.49188662486003
347.23501300537725,-9.227755557472287,3.8059468127080653,7.533072332814797,-29.986317634001576,-207.50073603854722
347.2452165272376,-9.229671025000647,3.8047096889909615,7.538160795017312,-29.99296377174401,-207.50958545223446
347.2554201611135,-9.231586192092832,3.8034725652738586,7.543249941089852,-29.99960956221105,-207.5184348659217
347.26562390701474,-9.233501058651887,3.8022354415567547,7.548339771183388,-30.006255005247503,-207.52728427960898
347.2758277649513,-9.235415624580861,3.8009983178396514,7.553430285448883,-30.012900100698168,-207.53613369329616
347.28603173493286,-9.237329889782806,3.7997611941225484,7.558521484037182,-30.01954484840783,-207.5449831069835
347.2962358169694,-9.239243854160781,3.7985240704054446,7.563613367099163,-30.02618924822125,-207.55383252067062
347.30644001107044,-9.241157517617859,3.7972869466883408,7.568705934785598,-30.032833299983192,-207.56268193435787
347.31664431724596,-9.243070880057116,3.7960498229712374,7.5737991872472055,-30.039477003538398,-207.5715313480452
347.3268487355056,-9.244983941381633,3.794812699254134,7.578893124634698,-30.046120358731596,-207.58038076173233
347.3370532658592,-9.246896701494498,3.7935755755370306,7.583987747098688,-30.05276336540753,-207.58923017541963
347.3472579083164,-9.248809160298809,3.792338451819927,7.589083054789783,-30.059406023410897,-207.59807958910676
347.3574626628868,-9.250721317697671,3.7911013281028243,7.594179047858475,-30.066048332586416,-207.60692900279403
347.3676675295802,-9.252633173594194,3.7898642043857205,7.599275726455289,-30.07269029277877,-207.61577841648116
347.3778725084062,-9.254544727891496,3.788627080668617,7.60437309073065,-30.079331903832625,-207.6246278301685
347.38807759937447,-9.256455980492698,3.7873899569515133,7.609471140834929,-30.085973165592677,-207.63347724385568
347.3982828024946,-9.258366931300941,3.78615283323441,7.614569876918458,-30.09261407790357,-207.64232665754295
347.40848811777624,-9.260277580219357,3.7849157095173065,7.619669299131543,-30.099254640609963,-207.65117607123014
347.41869354522885,-9.262187927151091,3.783678585800203,7.6247694076243775,-30.105894853556467,-207.66002548491747
