galstreams/tracks/track.st.Orphan-Chenab.koposov2019.ecsv
# %ECSV 0.9
# ---
# datatype:
# - {name: ra, unit: deg, datatype: float64}
# - {name: dec, unit: deg, datatype: float64}
# - {name: distance, unit: kpc, datatype: float64}
# - {name: pm_ra_cosdec, unit: mas / yr, datatype: float64}
# - {name: pm_dec, unit: mas / yr, datatype: float64}
# - {name: radial_velocity, unit: km / s, datatype: float64}
# delimiter: ','
# meta: !!omap
# - __serialized_columns__:
#     dec:
#       __class__: astropy.coordinates.angles.Latitude
#       unit: &id001 !astropy.units.Unit {unit: deg}
#       value: !astropy.table.SerializedColumn {name: dec}
#     distance:
#       __class__: astropy.coordinates.distances.Distance
#       unit: !astropy.units.Unit {unit: kpc}
#       value: !astropy.table.SerializedColumn {name: distance}
#     pm_dec:
#       __class__: astropy.units.quantity.Quantity
#       unit: !astropy.units.Unit {unit: mas / yr}
#       value: !astropy.table.SerializedColumn {name: pm_dec}
#     pm_ra_cosdec:
#       __class__: astropy.units.quantity.Quantity
#       unit: !astropy.units.Unit {unit: mas / yr}
#       value: !astropy.table.SerializedColumn {name: pm_ra_cosdec}
#     ra:
#       __class__: astropy.coordinates.angles.Longitude
#       unit: *id001
#       value: !astropy.table.SerializedColumn {name: ra}
#       wrap_angle: !astropy.coordinates.Angle
#         unit: *id001
#         value: 360.0
#     radial_velocity:
#       __class__: astropy.units.quantity.Quantity
#       unit: !astropy.units.Unit {unit: km / s}
#       value: !astropy.table.SerializedColumn {name: radial_velocity}
# schema: astropy-2.0
ra,dec,distance,pm_ra_cosdec,pm_dec,radial_velocity
[from data line 3789]
327.5351766814794,-49.885043446561724,39.03755857884682,0.28906242255748094,-2.1259047002959854,4.4131350907516983e-07
327.5291930987594,-49.8942784826006,39.03322935594496,0.28898925545638854,-2.1265480171791404,4.412681042988055e-07
327.52320729639155,-49.90351323226455,39.0289001330431,0.2889159045383043,-2.127191347121955,4.4122269952244127e-07
327.5172192728382,-49.9127476953395,39.02457091014126,0.28884236966612076,-2.127834690112185,4.4117719369687144e-07
327.51122902656067,-49.92198187161095,39.0202416872394,0.2887686507026268,-2.12847804613755,4.411316878713016e-07
327.50523655601893,-49.93121576086445,39.01591246433754,0.2886947475104872,-2.1291214151857343,4.4108614836266324e-07
327.4992418596716,-49.94044936288527,39.011583241435694,0.28862065995225206,-2.1297647972443823,4.4104054148788784e-07
327.4932449359761,-49.949682677458455,39.00725401853383,0.28854638789036113,-2.1304081923011053,4.409950019792495e-07
327.4872457833887,-49.95891570436891,39.00292479563197,0.28847193118713443,-2.131051600343476,4.409494287875426e-07
327.4812444003642,-49.96814844340135,38.99859557273011,0.28839728970477607,-2.1316950213590293,4.409037545466302e-07
327.47524078535616,-49.97738089434035,38.99426634982825,0.28832246330537525,-2.1323384553352662,4.4085814767185483e-07
327.46923493681703,-49.98661305697015,38.98993712692641,0.2882474518509053,-2.1329819022596475,4.4081240606480536e-07
327.4632268531979,-49.99584493107494,38.98560790402455,0.2881722552032243,-2.1336253621196013,4.4076679919002997e-07
327.4572165329486,-50.005076516438656,38.98127868112269,0.28809687322407407,-2.1342688349025147,4.40721023899912e-07
327.4512039745177,-50.01430781284515,38.97694945822084,0.2880213057750778,-2.134912320595738,4.4067521492672546e-07
327.4451891763523,-50.0235388200779,38.97262023531898,0.287945552717743,-2.135555819186587,4.4062950700274455e-07
327.43917213689866,-50.03276953792032,38.968291012417126,0.2878696139134651,-2.1361993306623384,4.405836643464895e-07
327.4331528546014,-50.041999966155686,38.96396178951528,0.2877934892235171,-2.1368428550102303,4.40537855373303e-07
327.4271313279039,-50.05123010456689,38.959632566613415,0.2877171785090563,-2.1374863922174674,4.4049197903397944e-07
327.42110755524845,-50.06045995293684,38.955303343711556,0.2876406816311261,-2.1381299422712146,4.4044613637772446e-07
327.41508153507584,-50.06968951104813,38.950974120809704,0.28756399845065117,-2.138773505158595,4.4040019267226385e-07
327.4090532658258,-50.07891877868329,38.946644897907845,0.2874871288284363,-2.139417080866704,4.403542826498718e-07
327.40302274593654,-50.08814775562444,38.942315675006,0.2874100726251754,-2.1400606693825885,4.403083389444112e-07
327.3969899738452,-50.097376441653715,38.93798645210415,0.2873328297014385,-2.140704270693267,4.402623615558821e-07
327.39095494798755,-50.10660483655298,38.93365722920229,0.2872553999176828,-2.1413478847857133,4.4021635048428447e-07
327.384917666798,-50.11583294010397,38.92932800630043,0.2871777831342459,-2.141991511646868,4.4017027204654984e-07
327.3788781287098,-50.125060752088096,38.924998783398586,0.28709997921134633,-2.1426351512636295,4.401242609749522e-07
327.3728363321549,-50.13428827228668,38.92066956049672,0.2870219880090892,-2.143278803622863,4.4007821622028605e-07
327.3667922755638,-50.14351550048087,38.916340337594875,0.28694380938745534,-2.143922468711392,4.400320030502773e-07
327.36074595736596,-50.152742436451554,38.91201111469303,0.28686544320631546,-2.1445661465160013,4.3998609302788525e-07
327.35469737598936,-50.161969079979414,38.907681891791164,0.28678688932541596,-2.145209837023441,4.399398124917395e-07
327.3486465298607,-50.17119543084506,38.90335266888932,0.2867081476043841,-2.145853540220423,4.398936666878678e-07
327.3425934174055,-50.180421488828834,38.89902344598746,0.2866292179027352,-2.146497256093615,4.3984748720092755e-07
327.3365380370479,-50.18964725371081,38.8946942230856,0.28655010007986115,-2.147140984629652,4.398012066647818e-07
327.3304803872108,-50.19887272527099,38.890365000183756,0.2864707939950373,-2.1477847258151277,4.39754993494773e-07
327.3244204663157,-50.20809790328914,38.886035777281904,0.28639129950741715,-2.1484284796366,4.3970871295862726e-07
327.31835827278286,-50.21732278754488,38.881706554380045,0.2863116164760391,-2.149072246080586,4.3966236505634443e-07
327.3122914822708,-50.22654683341753,38.877241412288164,0.2862289746784723,-2.1497196703749655,4.3961237938266154e-07
327.30622022763635,-50.23577007212652,38.87264828403293,0.28614353471548026,-2.150370539141359,4.3955885698678405e-07
327.3001466941242,-50.244993015969314,38.86805515577766,0.2860579045488242,-2.151021419686871,4.395054019570436e-07
327.2940708801485,-50.25421566472422,38.86346202752241,0.2859720840361468,-2.15167231199702,4.394518458780976e-07
327.28799278412237,-50.26343801816956,38.85886889926715,0.28588607303496694,-2.1523232160572885,4.3939812138380904e-07
327.28191240445716,-50.27266007608338,38.854275771011906,0.28579987140268526,-2.152974131853121,4.393445989879316e-07
327.2758297395633,-50.28188183824362,38.84968264275664,0.2857134789965802,-2.153625059369919,4.3929094185978004e-07
327.2697447878497,-50.2911033044278,38.845089514501396,0.2856268956738143,-2.154275998593043,4.3923725104855996e-07
327.26365754772405,-50.30032447441348,38.840496386246144,0.28554012129142614,-2.154926949507818,4.391835265542714e-07
327.2575680175928,-50.30954534797791,38.835903257990886,0.28545315570633367,-2.1555779120995244,4.391299704753254e-07
327.25147619586085,-50.31876592489824,38.83131012973564,0.2853659987753324,-2.1562288863534027,4.3907614493183124e-07
327.2453820809321,-50.32798620495124,38.82671700148038,0.28527865035510447,-2.1568798722546556,4.3902242043754266e-07
327.2392856712088,-50.33720618791364,38.82212387322513,0.28519111030220234,-2.1575308697884434,4.389685948940485e-07
327.2331869650921,-50.34642587356201,38.81753074496987,0.28510337847306133,-2.1581818789398843,4.3891476935055437e-07
327.2270859609819,-50.35564526167253,38.81293761671462,0.28501545472399614,-2.1588328996940596,4.388609101239917e-07
327.2209826572766,-50.364864352021335,38.808344488459376,0.28492733891119826,-2.159483932036006,4.3880708458049757e-07
327.21487705237325,-50.374083144384365,38.80375136020412,0.28483903089073936,-2.1601349759507222,4.387532590370034e-07
327.20876914466777,-50.3833016385373,38.799158231948866,0.28475053051856847,-2.1607860314231653,4.386993661273722e-07
327.2026589325546,-50.392519834255694,38.79456510369361,0.284661837650512,-2.1614370984382516,4.3864554058387807e-07
327.19654641442696,-50.401737731314746,38.78997197543837,0.28457295214227796,-2.1620881769808533,4.3859147925890433e-07
327.19043158867663,-50.41095532948966,38.78537884718312,0.2844838738494473,-2.162739267035807,4.3853741793393054e-07
327.1843144536942,-50.420172628555385,38.78078571892786,0.28439460262748295,-2.1633903685879052,4.3848349134123083e-07
327.17819500786885,-50.429389628286515,38.77619259067261,0.284305138331727,-2.164041481621897,4.384294973823941e-07
327.1720732495884,-50.43860632845764,38.77159946241736,0.2842154808173927,-2.164692606122494,4.383754697404888e-07
327.1659491772393,-50.447822728843136,38.76700633416211,0.28412562993957635,-2.165343742074365,4.38321408415515e-07
327.159822789207,-50.45703882921701,38.76241320590685,0.2840355855532525,-2.165994889462136,4.3826717867519866e-07
327.1536940838751,-50.46625462935324,38.75782007765161,0.2839453475132677,-2.1666460482703926,4.382131510332934e-07
327.1475630596263,-50.47547012902554,38.753226949396364,0.2838549156743516,-2.1672972184836805,4.3815905602525113e-07
327.14142971484165,-50.48468532800745,38.7486338211411,0.2837642898911047,-2.1679484000865,4.3810482628493476e-07
327.1352940479011,-50.49390022607234,38.744040692885854,0.2836734700180089,-2.168599593063312,4.380506639107554e-07
327.1291560571831,-50.50311482299322,38.7394475646306,0.2835824559094243,-2.169250797398536,4.3799643417043903e-07
327.1230157410649,-50.51232911854307,38.73485443637535,0.28349124741958354,-2.1699020130765474,4.379421707470541e-07
327.11687309792217,-50.52154311249468,38.7302613081201,0.28339984440259547,-2.170553240081681,4.3788794100673773e-07
327.1107281261296,-50.53075680462047,38.725668179864854,0.2833082467124527,-2.1712044783982294,4.3783367758335286e-07
327.1045808240602,-50.53997019469279,38.72107505160961,0.28321645420301467,-2.1718557280104447,4.377793131107624e-07
327.0984311900858,-50.54918328248378,38.71648192335435,0.2831244667280238,-2.172506988902532,4.3772498232124047e-07
327.0922792225769,-50.558396067765415,38.7118887950991,0.2830322841410955,-2.1731582610586604,4.3767065153171853e-07
327.08612491990255,-50.56760855030933,38.70729566684385,0.2829399062957225,-2.173809544462949,4.376163207421966e-07
327.0799682804305,-50.57682072988704,38.7027025385886,0.28284733304527165,-2.174460839099483,4.375618552204006e-07
327.07380930252714,-50.58603260626989,38.69810941033337,0.2827545642429886,-2.1751121449522977,4.37507356015536e-07
327.0676479845575,-50.59524417922906,38.693516282078114,0.2826615997419908,-2.17576346200539,4.3745289049374e-07
327.0614843248853,-50.604455448535354,38.688923153822856,0.282568439395275,-2.176414790242714,4.373983912888755e-07
327.055318321873,-50.613666413959514,38.68433002556761,0.28247508305571145,-2.177066129648179,4.3734395945014797e-07
327.0491499738814,-50.62287707527212,38.67973689731236,0.2823815305760432,-2.1777174802056503,4.3728939287914644e-07
327.04297927927024,-50.63208743224335,38.675143769057115,0.28228778180889424,-2.1783688418989557,4.3723489367428187e-07
327.0368062363977,-50.641297484643395,38.67055064080186,0.2821938366067588,-2.1790202147118753,4.371803271032803e-07
327.0306290754821,-50.650506816992,38.66585075628771,0.28209742509566615,-2.179674544145371,4.3712269537304344e-07
327.02444716836794,-50.6597152818593,38.66100634797023,0.28199774328044946,-2.180332871644441,4.370612911391324e-07
327.0182629066685,-50.66892344104988,38.65616193965274,0.2818978633535678,-2.1809912093925417,4.3699978585601586e-07
327.01207628873584,-50.678131294332736,38.65131753133525,0.28179778516609877,-2.181649557372417,4.369381795236937e-07
327.00588731292055,-50.687338841476674,38.64647312301777,0.2816975085689928,-2.182307915566773,4.368766742405771e-07
326.99969597757195,-50.69654608225023,38.64162871470029,0.2815970334130743,-2.182966283958268,4.3681503422518646e-07
326.993502281038,-50.70575301642165,38.6367843063828,0.28149635954904295,-2.1836246625295166,4.367534278928643e-07
326.98730622166534,-50.71495964375915,38.63193989806531,0.2813954868274712,-2.1842830512630877,4.366918889266792e-07
326.98110779779904,-50.724165964030675,38.62709548974783,0.28129441509880204,-2.184941450141508,4.366301815451515e-07
326.974907007783,-50.73337197700389,38.62225108143034,0.2811931442133563,-2.1855998591472576,4.3656857521282933e-07
326.9687038499597,-50.74257768244632,38.61740667311285,0.28109167402132407,-2.186258278262772,4.3650683414823313e-07
326.96249832267017,-50.75178308012528,38.61256226479537,0.28099000437277033,-2.1869167074704423,4.364450930836369e-07
326.956290424254,-50.76098816980796,38.6077178564779,0.28088813511762956,-2.1875751467526134,4.3638328465290363e-07
326.95008015304967,-50.77019295126113,38.60287344816041,0.2807860661057161,-2.188233596091588,4.363215099052389e-07
326.9438675073941,-50.77939742425154,38.59802903984292,0.2806837971867091,-2.1888920554696187,4.3625973515757413e-07
326.93765248562283,-50.78860158854568,38.59318463152544,0.2805813282101647,-2.1895505248689178,4.361979604099094e-07
326.93143508606994,-50.79780544390987,38.588340223207965,0.2804786590255086,-2.1902090042716478,4.361361519791761e-07
326.92521530706836,-50.807008990110106,38.583495814890476,0.2803757894820412,-2.1908674936599315,4.360742424992373e-07
326.91899314694945,-50.816212226912256,38.578651406572995,0.28027271942893417,-2.1915259930158393,4.3601236670236703e-07
326.9127686040432,-50.82541515408206,38.57380699825551,0.28016944871522886,-2.1921845023214033,4.359504909054967e-07
326.9065416766783,-50.834617771384856,38.568962589938025,0.28006597718984316,-2.1928430215586037,4.358885140594209e-07
326.90031236318197,-50.843820078585935,38.56411818162054,0.279962304701562,-2.1935015507093776,4.35826537213345e-07
326.89408066188014,-50.85302207545031,38.559273773303055,0.27985843109904474,-2.1941600897556164,4.357645266842006e-07
326.8878465710971,-50.86222376174289,38.55442936498558,0.279754356230818,-2.194818638679165,4.357026172042618e-07
326.8816100891561,-50.871425137228144,38.54958495666809,0.27965007994528523,-2.1954771974618232,4.356405729920489e-07
326.87537121437873,-50.88062620167056,38.54474054835061,0.27954560209071944,-2.1961357660853444,4.3557846141369895e-07
326.86912994508526,-50.889826954834305,38.53989614003312,0.2794409225152611,-2.196794344531435,4.35516282469212e-07
326.8628862795946,-50.89902739648344,38.53505173171565,0.279336041066926,-2.1974529327817542,4.354542719400676e-07
326.8566402162243,-50.908227526381616,38.53020732339817,0.2792309575935985,-2.198111530817919,4.353921603617177e-07
326.85039175329035,-50.91742734429246,38.525362915080684,0.27912567194303395,-2.1987701386214953,4.3532991405109364e-07
326.8441408891075,-50.92662684997938,38.5205185067632,0.27902018396285855,-2.199428756174006,4.3526783615581223e-07
326.837887621989,-50.93582604320541,38.51567409844572,0.27891449350056763,-2.200087383456925,4.352055561621197e-07
326.8316319502468,-50.94502492373352,38.51082969012824,0.2788086004035296,-2.200746020451681,4.351433772176327e-07
326.8253738721913,-50.954223491326466,38.50598528181076,0.2787025045189807,-2.201404667139653,4.350811309070087e-07
326.8191133861315,-50.96342174574678,38.50114087349328,0.27859620569402554,-2.2020633235021796,4.3501885091331613e-07
326.8128504903752,-50.97261968675667,38.49629646517579,0.27848970377564264,-2.2027219895205463,4.349565372365551e-07
326.8065851832286,-50.981817314118274,38.491452056858314,0.2783829986106796,-2.203380665175993,4.3489422355979403e-07
326.80031746299653,-50.99101462759346,38.48660764854083,0.27827609004585074,-2.2040393504497153,4.34831909883033e-07
326.7940473279824,-51.00021162694394,38.48176324022336,0.27816897792774053,-2.204698045322857,4.3476956252320343e-07
326.7877747764882,-51.00940831193108,38.47691883190588,0.2780616621028057,-2.205356749776519,4.347071141141683e-07
326.7814998068147,-51.01860468231616,38.47207442358839,0.2779541424173716,-2.2060154637917524,4.3464483412047576e-07
326.77522241726086,-51.02780073786024,38.46723001527092,0.27784641871762716,-2.206674187349561,4.3458228466223507e-07
326.76894260612454,-51.036996478324056,38.46238560695343,0.2777384908496372,-2.2073329204309022,4.3451983625319995e-07
326.7626603717021,-51.046191903468234,38.45754119863595,0.27763035865933483,-2.207991663016686,4.3445732047802776e-07
326.7563757122885,-51.05538701305316,38.45269679031848,0.27752202199251685,-2.208650415087771,4.3439490575206114e-07
326.75008862617716,-51.064581806839065,38.447852382000995,0.27741348069485194,-2.2093091766249735,4.343322889276834e-07
326.74379783713704,-51.07377598463096,38.442928103249116,0.27730295867860877,-2.209970220312136,4.3426755006998895e-07
326.73750208334286,-51.08296924956861,38.43784504016055,0.277188700304311,-2.210635791054373,4.34198499779524e-07
326.7312038964388,-51.09216219760037,38.43276197707199,0.2770742356054925,-2.211301370364015,4.3412931475678496e-07
326.724903274712,-51.10135482848531,38.427678913983435,0.2769595644263827,-2.2119669582208017,4.340600623679089e-07
326.718600216448,-51.11054714198212,38.42259585089488,0.27684468661107364,-2.2126325546044234,4.339908773451699e-07
326.7122947199312,-51.119739137849415,38.41751278780633,0.2767296020035297,-2.2132981594945216,4.3392159127322526e-07
326.70598678344425,-51.1289308158456,38.41242972471777,0.27661431044757745,-2.2139637728706885,4.338523052012807e-07
