galstreams/tracks/track.st.New-22.ibata2024.ecsv
# %ECSV 1.0
# ---
# datatype:
# - {name: ra, unit: deg, datatype: float64}
# - {name: dec, unit: deg, datatype: float64}
# - {name: distance, unit: kpc, datatype: float64}
# - {name: pm_ra_cosdec, unit: mas / yr, datatype: float64}
# - {name: pm_dec, unit: mas / yr, datatype: float64}
# - {name: radial_velocity, unit: km / s, datatype: float64}
# delimiter: ','
# meta: !!omap
# - __serialized_columns__:
#     dec:
#       __class__: astropy.coordinates.angles.Latitude
#       unit: &id001 !astropy.units.Unit {unit: deg}
#       value: !astropy.table.SerializedColumn {name: dec}
#     distance:
#       __class__: astropy.coordinates.distances.Distance
#       unit: !astropy.units.Unit {unit: kpc}
#       value: !astropy.table.SerializedColumn {name: distance}
#     pm_dec:
#       __class__: astropy.units.quantity.Quantity
#       unit: !astropy.units.Unit {unit: mas / yr}
#       value: !astropy.table.SerializedColumn {name: pm_dec}
#     pm_ra_cosdec:
#       __class__: astropy.units.quantity.Quantity
#       unit: !astropy.units.Unit {unit: mas / yr}
#       value: !astropy.table.SerializedColumn {name: pm_ra_cosdec}
#     ra:
#       __class__: astropy.coordinates.angles.Longitude
#       unit: *id001
#       value: !astropy.table.SerializedColumn {name: ra}
#       wrap_angle: !astropy.coordinates.Angle
#         unit: *id001
#         value: 360.0
#     radial_velocity:
#       __class__: astropy.units.quantity.Quantity
#       unit: !astropy.units.Unit {unit: km / s}
#       value: !astropy.table.SerializedColumn {name: radial_velocity}
# schema: astropy-2.0
ra,dec,distance,pm_ra_cosdec,pm_dec,radial_velocity
[from data line 417]
325.25681839860744,-30.23512171804588,0.9999999999999997,-3.6434099448336648,-0.9325120285614835,12.102564046757507
325.2640265364788,-30.24295985367425,0.9999999999999998,-3.6418393143777887,-0.9316214469707947,12.271132660328142
325.27123530159287,-30.250797959072592,0.9999999999999997,-3.6402679942933167,-0.9307287425481338,12.439530358436766
325.2784447071107,-30.258636025271024,0.9999999999999999,-3.638696003030149,-0.9298339400456866,12.607755790384795
325.28565476619474,-30.26647404329685,0.9999999999999999,-3.6371233590325285,-0.9289370642199097,12.775807605473721
325.29286549200935,-30.274312004174536,0.9999999999999999,-3.635550080739044,-0.9280381398315349,12.943684453004987
325.3000768977204,-30.28214989892579,1.0,-3.6339761865826308,-0.9271371916455752,13.111384982280029
325.30728899649523,-30.289987718569428,0.9999999999999999,-3.6324016949905564,-0.9262342444313235,13.2789078426003
325.31450180150296,-30.29782545412148,0.9999999999999998,-3.630826624384426,-0.9253293229623483,13.446251683267299
325.32171532591434,-30.30566309659515,0.9999999999999998,-3.6292509931801824,-0.9244224520165059,13.613415153582423
325.32892958290154,-30.3135006370008,0.9999999999999998,-3.627674819788088,-0.9235136563759265,13.780396902847167
325.33614458563846,-30.321338066345977,0.9999999999999999,-3.626098122612744,-0.922602960827035,13.947195580362953
325.3433603473007,-30.3291753756354,0.9999999999999999,-3.624520920053069,-0.9216903901605313,14.113809835431248
325.3505768810653,-30.337012555870942,1.0,-3.6229432305023006,-0.920775969171409,14.2802383173535
325.357794200111,-30.344849598051646,0.9999999999999999,-3.6213650723479978,-0.9198597226589458,14.446479675431167
325.3650123176182,-30.352686493173724,0.9999999999999999,-3.6197864639720314,-0.9189416754267106,14.6125325589657
325.3722312467688,-30.360523232230538,0.9999999999999999,-3.6182074237505826,-0.9180218522825627,14.778395617258552
325.3794510007463,-30.368359806212624,0.9999999999999999,-3.6166279700541395,-0.9171002780386508,14.944067499611169
325.38667159273604,-30.37619620610765,0.9999999999999999,-3.6150481212474994,-0.9161769775114257,15.109546855325014
325.39389303592475,-30.384032422900482,0.9999999999999999,-3.613467895689754,-0.9152519755216242,15.274832333701534
325.4011153435008,-30.391868447573092,0.9999999999999998,-3.6118873117342933,-0.9143252968942877,15.439922584042192
325.40833852865416,-30.39970427110459,1.0,-3.6103063877287993,-0.9133969664587478,15.604816255648432
325.41556260457656,-30.407539884471348,0.9999999999999998,-3.6087251420152486,-0.9124670090486471,15.769511997821708
325.42278758446116,-30.415375278646753,0.9999999999999998,-3.607143592929897,-0.9115354495019241,15.934008459863472
325.4300134815029,-30.4232104446014,0.9999999999999999,-3.6055617588032858,-0.9106023126608203,16.09830429107519
325.4372403088982,-30.431045373303014,0.9999999999999998,-3.603979657960236,-0.9096676233718883,16.262398140758282
325.44446807984514,-30.438880055716442,0.9999999999999999,-3.60239730871984,-0.9087314064859824,16.42628865821425
325.4516968075434,-30.446714482803703,0.9999999999999999,-3.600814729395462,-0.9077936868582699,16.589974492744496
325.4589265051943,-30.45454864552391,0.9999999999999999,-3.5992319382947344,-0.9068544893482315,16.753454293650485
325.46615718600077,-30.46238253483336,0.9999999999999999,-3.5976489537195477,-0.905913838819657,16.916726710233693
325.47338886316726,-30.470216141685444,1.0,-3.5960657939660483,-0.9049717601406495,17.07979039179558
325.4806215499,-30.478049457030696,0.9999999999999999,-3.5944824773246498,-0.9040282781836404,17.242643987637557
325.4878552594067,-30.485882471816765,0.9999999999999999,-3.59289902208,-0.9030834178253699,17.405286147061116
325.4950900048966,-30.493715176988434,1.0,-3.5913154465110004,-0.9021372039469047,17.567715519367695
325.5023257995809,-30.501547563487602,0.9999999999999999,-3.589731768890797,-0.9011896614336363,17.72993075385874
325.5095626566719,-30.509379622253302,1.0,-3.5881480074867573,-0.9002408151752772,17.89193049983572
325.5168005893841,-30.51721134422166,0.9999999999999999,-3.5865641805605017,-0.8992906900658761,18.053713406600064
325.524039610933,-30.525042720325946,0.9999999999999999,-3.584980306367864,-0.8983393110038043,18.21527812345325
325.5312797345362,-30.53287374149652,0.9999999999999999,-3.5833964031589063,-0.8973867028917744,18.376623299696696
325.53852097341263,-30.54070439866085,0.9999999999999999,-3.581812489177904,-0.8964328906368244,18.537747584631905
325.54576334078297,-30.548534682743544,1.0,-3.5802285826633584,-0.8954778991503387,18.69864962756029
325.55300684986935,-30.556364584666273,0.9999999999999998,-3.578644701847968,-0.8945217533480383,18.859328077783328
325.5602515138956,-30.56419409534784,0.9999999999999999,-3.5770608649586366,-0.8935644781499854,19.019781584602466
325.56749734608724,-30.572023205704152,1.0,-3.575477090216475,-0.8926060984805897,19.18000879731915
325.5747443596713,-30.579851906648194,0.9999999999999998,-3.573893395836784,-0.8916466392686104,19.340008365234834
325.58199256787645,-30.58768018909005,0.9999999999999999,-3.5723098000290534,-0.8906861254471536,19.499778937650962
325.5892419839328,-30.595508043936917,0.9999999999999999,-3.570726320996957,-0.8897245819536774,19.659319163869018
325.59649262107234,-30.603335462093057,1.0,-3.569142976938348,-0.8887620337299995,19.81862769319042
325.6037444925285,-30.61116243445984,0.9999999999999999,-3.5675597860452593,-0.8877985057222957,19.977703174916627
325.6109976115362,-30.618988951935737,1.0,-3.565976766503881,-0.8868340228810951,20.136544258349133
325.6182519913324,-30.626815005416248,0.9999999999999999,-3.5643939364945836,-0.8858686101613056,20.295149592789343
325.6255076451551,-30.634640585794006,0.9999999999999999,-3.5628113141918814,-0.8849022925221888,20.45351782753873
325.6327645862442,-30.6424656839587,1.0,-3.5612289177644456,-0.883935094927381,20.611647611898732
325.6400228278412,-30.650290290797106,1.0,-3.5596467653750996,-0.8829670423448905,20.769537595170814
325.6472823831892,-30.65811439719308,1.0,-3.558064875180804,-0.8819981597471014,20.92718642665644
325.65454326553277,-30.665937994027516,1.0,-3.5564832653326586,-0.8810284721107782,21.084592755657045
325.66180548811826,-30.6737610721784,1.0,-3.5549019539758935,-0.8800580044170649,21.241755231474073
325.6690690641933,-30.6815836225208,0.9999999999999999,-3.5533209592498576,-0.8790867816514867,21.398672503409014
325.6763340070075,-30.6894056359268,0.9999999999999999,-3.551740299288029,-0.8781148288039635,21.555343220763305
325.6836003298119,-30.697227103265607,0.9999999999999999,-3.5501599922179956,-0.8771421708688034,21.711766032838355
325.690868045859,-30.70504801540344,0.9999999999999999,-3.548580056161451,-0.8761688328447053,21.867939588935673
325.69813716840315,-30.71286836320358,1.0,-3.5470005092341896,-0.8751948397347731,22.023862538356703
325.70540771069994,-30.720688137526377,0.9999999999999999,-3.5454213695461037,-0.8742202165465014,22.1795335304029
325.712679686007,-30.72850732922921,1.0000000000000002,-3.543842655201181,-0.8732449882917996,22.334951214375682
325.71995310758314,-30.73632592916654,1.0,-3.5422643842974817,-0.8722691799869757,22.49011423957654
325.727227988689,-30.744143928189825,0.9999999999999999,-3.5406865749271494,-0.8712928166527532,22.645021255306904
325.73450434258666,-30.751961317147607,1.0,-3.539109245176401,-0.8703159233142714,22.799670910868244
325.74178218253985,-30.759778086885454,1.0000000000000002,-3.5375324131255077,-0.8693385250010786,22.954061855562006
325.7490615218139,-30.767594228245947,1.0,-3.5359560968488157,-0.8683606467471574,23.108192738689628
325.75634237367575,-30.77540973206875,1.0,-3.5343803144147072,-0.8673823135909031,23.262062209552575
325.7636247513938,-30.783224589190517,0.9999999999999999,-3.5328050838856164,-0.8664035505751457,23.415668917452315
325.7709086682381,-30.791038790444944,1.0,-3.5312304233180205,-0.8654243827471475,23.569011511690285
325.7781941374803,-30.798852326662743,0.9999999999999999,-3.5296563507624206,-0.8644448351586052,23.722088641567954
325.7854811723936,-30.806665188671666,1.0,-3.5280828842633545,-0.8634649328656576,23.874898956386733
325.79276978625273,-30.81447736729649,1.0,-3.5265100418593653,-0.8624847009288805,24.02744110544813
325.80005999233407,-30.822288853358977,1.0,-3.5249378415830206,-0.861504164413303,24.179713738053557
325.80735180391554,-30.83009963767794,1.0,-3.523366301460885,-0.8605233483884049,24.33171550350447
325.81464523427655,-30.837909711069177,1.0000000000000002,-3.521795439513521,-0.8595422779281141,24.483445051102365
325.82194029669824,-30.8457190643455,1.0000000000000002,-3.5202252737554924,-0.8585609781108285,24.634901030148654
325.82923700446315,-30.85352768831675,0.9999999999999999,-3.518655822195336,-0.8575794740193969,24.786082089944784
325.8365353708555,-30.86133557378969,1.0,-3.5170871028355704,-0.8565977907411453,24.936986879792226
325.84383540916104,-30.86914271156825,1.0,-3.5155191336726856,-0.8556159533678662,25.08761404899245
325.8511371326671,-30.876949092453195,0.9999999999999999,-3.513951932697133,-0.8546339869958266,25.237962246846855
325.8584405546625,-30.884754707242344,1.0,-3.512385517893317,-0.8536519167257728,25.38803012265696
325.8657456884375,-30.89255954673051,1.0000000000000002,-3.51081990723959,-0.8526697676629325,25.537816325724176
325.8730525472844,-30.900363601709483,1.0,-3.50925511870825,-0.8516875649170284,25.68731950534997
325.8803611444965,-30.90816686296805,0.9999999999999999,-3.5076911702655225,-0.8507053336022676,25.83653831083578
325.88767149336894,-30.915969321291982,1.0,-3.506128079871565,-0.849723098837357,25.985471391483085
325.8949836071983,-30.923770967464005,1.0,-3.504565865480444,-0.8487408857455008,26.13411739659333
325.90229749928284,-30.93157179226385,1.0,-3.503004545040147,-0.8477587194544158,26.282474975467938
325.9096131829222,-30.93937178646822,1.0,-3.5014441364925513,-0.8467766250963167,26.430542777408395
325.9169306714177,-30.947170940850754,1.0,-3.4998846577734386,-0.8457946278079436,26.578319451716144
325.9242499780721,-30.95496924618211,1.0,-3.4983261268124757,-0.8448127527305465,26.725803647692643
325.9315711161898,-30.962766693229852,1.0,-3.4967685615332043,-0.8438310250099041,26.872994014639346
325.93889409907666,-30.97056327275856,1.0000000000000002,-3.4952119798530394,-0.8428494697963207,27.019889201857687
325.94621894004007,-30.978358975529762,1.0,-3.4936563996832595,-0.841868112244629,27.166487858649145
325.95354565238904,-30.986153792301888,0.9999999999999999,-3.4921018389290004,-0.8408869775142103,27.31278863431513
325.96087424943397,-30.993947713830377,1.0,-3.4905483154892316,-0.8399060907689715,27.458790178157155
325.9682047444869,-31.00174073086759,1.0,-3.488995847256776,-0.8389254771773786,27.60449113947663
325.97553715086144,-31.009532834162865,1.0,-3.487444452118276,-0.8379451619124407,27.749890167575035
325.9828714818726,-31.017324014462435,1.0,-3.4858941479542045,-0.8369651701517333,27.894985911753803
325.99020775083693,-31.025114262509508,1.0,-3.4843449526388324,-0.8359855270773786,28.039777021314386
325.9975459710726,-31.032903569044223,1.0,-3.4827968840402574,-0.8350062578760817,28.184262145558243
326.0048861558992,-31.040691924803617,1.0000000000000002,-3.4812499600203486,-0.8340273877391047,28.32843993378684
326.0122283186378,-31.048479320521707,1.0000000000000004,-3.4797041984347743,-0.8330489418622928,28.472309035301617
326.01957247261123,-31.05626574692941,1.0000000000000002,-3.4781596171329863,-0.8320709454460702,28.615868099404025
326.0269186311434,-31.06405119475457,1.0000000000000004,-3.476616233958193,-0.8310934236954477,28.75911577539552
326.03426680756024,-31.071835654721944,1.0,-3.475074066747377,-0.8301164018200291,28.90205071257755
326.0416170151887,-31.079619117553214,1.0000000000000002,-3.4735331333312582,-0.8291399050340122,29.044671560251583
326.04896926735756,-31.08740157396698,1.0,-3.4719934515343054,-0.828163958556198,29.186976967719062
326.05632357739705,-31.095183014678728,1.0,-3.4704550391747326,-0.8271885876099976,29.328965584281434
326.0636799586387,-31.102963430400884,1.0000000000000002,-3.4689179140644577,-0.8262138174234308,29.470636059240142
326.07103842441575,-31.11074281184275,1.0000000000000004,-3.4673820940091247,-0.8252396732291327,29.611987041896683
326.0783989880629,-31.118521149710542,1.0000000000000002,-3.4658475968080857,-0.8242661802643707,29.75301718155247
326.0857616629162,-31.12629843470736,1.0,-3.464314440254385,-0.8232933637710351,29.89372512750896
326.0931264623133,-31.134074657533226,1.0000000000000002,-3.462782642134753,-0.8223212489956464,30.03410952906764
326.10049339959335,-31.141849808885013,1.0,-3.461252220229605,-0.8213498611893755,30.174169035529903
326.10786248809694,-31.14962387945651,1.0000000000000004,-3.459723192313014,-0.8203792256080296,30.31390229619727
326.11523374116615,-31.15739685993836,1.0000000000000002,-3.4581955761527237,-0.8194093675120766,30.45330796037114
326.1226071721445,-31.165168741018128,1.0000000000000004,-3.456669389510114,-0.8184403121666275,30.592384677353
326.12998279437704,-31.172939513380207,1.0000000000000002,-3.455144650140215,-0.8174720848414698,30.731131096444273
326.1373606212103,-31.180709167705903,1.0000000000000002,-3.453621375791679,-0.8165047108110479,30.869545866946428
326.1447406659921,-31.18847769467336,1.0000000000000002,-3.452099584206778,-0.8155382153544908,31.007627638160923
326.15212294207197,-31.196245084957607,1.0000000000000002,-3.4505792931213977,-0.8145726237555979,31.145375059389206
326.1595074628008,-31.204011329230525,1.0000000000000002,-3.4490605202650215,-0.813607961302862,31.28278677993272
326.1668942415308,-31.211776418160863,1.0000000000000002,-3.447543283360724,-0.8126442532894633,31.41986144909294
326.1742832916159,-31.219540342414216,1.0000000000000002,-3.4460276001251477,-0.8116815250132801,31.55659771617131
326.18167462641117,-31.227303092653038,1.0000000000000002,-3.4445134882685187,-0.8107198017768948,31.69299423046928
326.1890682592735,-31.235064659536626,1.0000000000000002,-3.4430009654946168,-0.8097591088876035,31.829049641288307
326.1964642035609,-31.24282503372112,1.0000000000000002,-3.44149004950077,-0.8087994716574141,31.964762597929816
326.20386247263286,-31.250584205859504,1.0000000000000002,-3.4399807579778403,-0.8078409154030552,32.1001317496953
326.2112630798506,-31.258342166601587,1.0000000000000002,-3.438473108610223,-0.8068834654459915,32.2351557458862
326.2186660385764,-31.266098906594053,1.0000000000000002,-3.436967119075826,-0.8059271471124103,32.36983323580394
326.22607136217414,-31.273854416480354,1.0000000000000002,-3.435462807046065,-0.8049719857332533,32.50416286875002
326.2334790640092,-31.2816086869008,1.0000000000000002,-3.433960190185849,-0.8040180066442013,32.63814329402586
326.24088915744824,-31.289361708492535,1.0000000000000002,-3.432459286153578,-0.803065235185688,32.771773160932945
326.2483016558594,-31.297113471889517,1.0000000000000002,-3.430960112601113,-0.8021136967029099,32.90505111877269
326.25571657261224,-31.304863967722504,1.0000000000000002,-3.4294626871737948,-0.8011634165458306,33.037975816846554
326.2631339210777,-31.31261318661906,1.0000000000000002,-3.427967027510398,-0.800214420069187,33.170545904456034
326.27055371462825,-31.32036111920355,1.0000000000000002,-3.4264731512431603,-0.7992667326324918,33.30276003090251
326.2779759666376,-31.328107756097236,1.0000000000000002,-3.4249810759977235,-0.7983203796000473,33.4346168454875
326.285400690481,-31.33585308791806,1.0,-3.4234908193931677,-0.7973753863409532,33.56611499751242
326.29282789953504,-31.343597105280814,1.0,-3.4220023990419692,-0.7964317782290968,33.697253136278746
326.30025760717757,-31.35133979879708,1.0000000000000002,-3.420515832549998,-0.7954895806431788,33.82802991108791
