galstreams/tracks/track.st.Hrid.ibata2021.ecsv
# %ECSV 1.0
# ---
# datatype:
# - {name: ra, unit: deg, datatype: float64}
# - {name: dec, unit: deg, datatype: float64}
# - {name: distance, unit: kpc, datatype: float64}
# - {name: pm_ra_cosdec, unit: mas / yr, datatype: float64}
# - {name: pm_dec, unit: mas / yr, datatype: float64}
# - {name: radial_velocity, unit: km / s, datatype: float64}
# delimiter: ','
# meta: !!omap
# - __serialized_columns__:
#     dec:
#       __class__: astropy.coordinates.angles.Latitude
#       unit: &id001 !astropy.units.Unit {unit: deg}
#       value: !astropy.table.SerializedColumn {name: dec}
#     distance:
#       __class__: astropy.coordinates.distances.Distance
#       unit: !astropy.units.Unit {unit: kpc}
#       value: !astropy.table.SerializedColumn {name: distance}
#     pm_dec:
#       __class__: astropy.units.quantity.Quantity
#       unit: !astropy.units.Unit {unit: mas / yr}
#       value: !astropy.table.SerializedColumn {name: pm_dec}
#     pm_ra_cosdec:
#       __class__: astropy.units.quantity.Quantity
#       unit: !astropy.units.Unit {unit: mas / yr}
#       value: !astropy.table.SerializedColumn {name: pm_ra_cosdec}
#     ra:
#       __class__: astropy.coordinates.angles.Longitude
#       unit: *id001
#       value: !astropy.table.SerializedColumn {name: ra}
#       wrap_angle: !astropy.coordinates.Angle
#         unit: *id001
#         value: 360.0
#     radial_velocity:
#       __class__: astropy.units.quantity.Quantity
#       unit: !astropy.units.Unit {unit: km / s}
#       value: !astropy.table.SerializedColumn {name: radial_velocity}
# schema: astropy-2.0
ra,dec,distance,pm_ra_cosdec,pm_dec,radial_velocity
[from data line 995]
279.44221234957297,25.107527768768687,3.146444060431415,-6.154929198729566,17.466104628240654,-315.23754119826367
279.44298019494676,25.117513797604325,3.1463877387959873,-6.154923815340633,17.46974911387446,-315.204690037305
279.44374790181763,25.12749983258301,3.1463314457890097,-6.154918164217096,17.473392578961622,-315.17180918695027
279.4445154703056,25.13748587370147,3.146275181439742,-6.154912245384044,17.477035023336708,-315.1388986596043
279.44528290053074,25.14747192095647,3.146218945777447,-6.154906058866502,17.480676446834277,-315.1059584676717
279.4460501926132,25.157457974344563,3.146162738831383,-6.154899604689489,17.48431684928893,-315.0729886235569
279.446817346673,25.167444033862512,3.146106560630813,-6.15489288287806,17.48795623053523,-315.0399891396644
279.44758436283024,25.17743009950708,3.1460504112049965,-6.154885893457292,17.491594590407775,-315.0069600283986
279.448351241205,25.187416171274833,3.145994290583195,-6.154878636452215,17.495231928741163,-314.9739013021644
279.4491179819175,25.19740224916257,3.1459381987946684,-6.154871111887855,17.498868245369977,-314.9408129733659
279.4498845850877,25.2073883331669,3.1458821358686775,-6.154863319789304,17.502503540128856,-314.9076950544079
279.45065105083586,25.217374423284557,3.1458261018344835,-6.154855260181607,17.50613781285239,-314.87454755769477
279.4514173792821,25.227360519512295,3.145770096721348,-6.154846933089821,17.50977106337519,-314.84137049563117
279.4521835705464,25.23734662184671,3.14571412055853,-6.154838338538996,17.513403291531905,-314.80816388062163
279.45294962474907,25.247332730284597,3.1456581733752924,-6.1548294765542435,17.517034497157134,-314.7749277250707
279.4537155420103,25.257318844822574,3.145602255200894,-6.154820347160575,17.520664680085552,-314.7416620413828
279.45448132245,25.267304965457367,3.1455463660645955,-6.154810950383097,17.52429384015178,-314.7083668419627
279.4552469661886,25.277291092185735,3.1454905059956606,-6.154801286246875,17.527921977190445,-314.67504213921455
279.4560124733461,25.287277225004306,3.145434675023345,-6.154791354776995,17.531549091036243,-314.64168794554314
279.45677784404273,25.29726336390986,3.1453788731769143,-6.154781155998525,17.53517518152379,-314.60830427335264
279.45754307839877,25.307249508899,3.1453231004856277,-6.154770689936512,17.53880024848778,-314.57489113504835
279.4583081765343,25.31723565996851,3.1452673569787453,-6.1547599566161155,17.54242429176289,-314.541448543034
279.4590731385695,25.32722181711511,3.1452116426855286,-6.154748956062344,17.546047311183766,-314.5079765097147
279.45983796462474,25.337207980335425,3.1451559576352373,-6.154737688300316,17.549669306585123,-314.4744750474946
279.4606026548201,25.347194149626205,3.145100301857134,-6.154726153355128,17.553290277801622,-314.44094416877846
279.4613672092758,25.35718032498424,3.1450446753804777,-6.154714351251867,17.556910224667973,-314.40738388597066
279.4621316281122,25.367166506406086,3.1449890782345298,-6.154702282015606,17.56052914701888,-314.37379421147597
279.4628959114494,25.377152693888615,3.144933510448551,-6.154689945671487,17.564147044689047,-314.34017515769847
279.4636600594077,25.387138887428392,3.144877972051803,-6.15467734224454,17.56776391751317,-314.30652673704316
279.46442407210736,25.397125087022204,3.144822463073545,-6.154664471759934,17.571379765325993,-314.27284896191424
279.46518794966863,25.407111292666816,3.1447669835430387,-6.1546513342427325,17.574994587962223,-314.2391418447163
279.46595169221183,25.417097504358825,3.1447115334895446,-6.154637929718042,17.578608385256594,-314.2054053978541
279.4667152998571,25.427083722095002,3.144656112942324,-6.1546242582109905,17.582221157043833,-314.17163963373207
279.4674787727249,25.437069945872143,3.144600721930637,-6.154610319746673,17.585832903158703,-314.1378445647546
279.4682421109354,25.447056175686818,3.1445453604837454,-6.154596114350168,17.589443623435937,-314.1040202033263
279.469005314609,25.457042411535884,3.144490028630908,-6.1545816420466455,17.59305331771029,-314.0701665618515
279.4697683838659,25.46702865341593,3.144434726401388,-6.154566902861167,17.596661985816525,-314.03628365273534
279.4705313188266,25.477014901323752,3.144379453824444,-6.15455189681886,17.60026962758941,-314.00237148838187
279.4712941196112,25.487001155256113,3.1443242109293377,-6.154536623944875,17.603876242863713,-313.9684300811956
279.47205678634015,25.496987415209617,3.144268997745331,-6.154521084264295,17.607481831474196,-313.93445944358126
279.47281931913375,25.50697368118111,3.144213814301684,-6.154505277802259,17.611086393255654,-313.900459587943
279.4735817181124,25.516959953167213,3.1441586606276544,-6.1544892045838715,17.614689928042914,-313.8664305266858
279.47434398339647,25.526946231164665,3.1441035367525085,-6.154472864634251,17.618292435670703,-313.83237227221423
279.4751061151063,25.53693251517029,3.144048442705503,-6.1544562579785325,17.62189391597387,-313.79828483693245
279.4758681133622,25.546918805180685,3.1439933785158996,-6.154439384641881,17.625494368787205,-313.7641682332452
279.4766299782847,25.556905101192687,3.14393834421296,-6.15442224464936,17.62909379394553,-313.73002247355697
279.477391709994,25.56689140320292,3.143883339825944,-6.154404838026142,17.63269219128365,-313.6958475702723
279.4781533086106,25.57687771120815,3.143828365384112,-6.154387164797364,17.636289560636406,-313.66164353579563
279.478914774255,25.586864025205195,3.143773420916726,-6.154369224988103,17.639885901838625,-313.62741038253154
279.47967610704745,25.596850345190635,3.143718506453047,-6.154351018623556,17.643481214725124,-313.59314812288477
279.4804373071085,25.606836671161282,3.143663622022335,-6.154332545728816,17.647075499130786,-313.5588567692596
279.4811983745585,25.616823003113918,3.14360876765385,-6.154313806329039,17.650668754890425,-313.52453633406066
279.481959309518,25.626809341045153,3.1435539433768542,-6.154294800449348,17.65426098183891,-313.4901868296924
279.4827201121073,25.636795684951835,3.1434991492206072,-6.154275528114911,17.657852179811094,-313.4558082685596
279.483480782447,25.646782034830604,3.1434443852143703,-6.154255989350851,17.661442348641856,-313.4214006630664
279.4842413206574,25.656768390678224,3.143389651387405,-6.1542361841823015,17.665031488166065,-313.3869640256176
279.4850017268592,25.666754752491496,3.1433349477689707,-6.1542161126344075,17.668619598218594,-313.35249836861755
279.48576200117276,25.676741120267057,3.143280274388329,-6.154195774732319,17.672206678634335,-313.3180037044711
279.4865221437185,25.68672749400169,3.14322563127474,-6.154175170501204,17.675792729248172,-313.28348004558245
279.48728215461705,25.696713873692186,3.1431710184574664,-6.154154299966159,17.679377749895018,-313.24892740435615
279.4880420339889,25.706700259335186,3.143116435965766,-6.154133163152357,17.682961740409763,-313.2143457931971
279.4888017819545,25.716686650927514,3.1430618838289024,-6.1541117600849535,17.686544700627316,-313.1797352245095
279.48956139863446,25.726673048465805,3.1430073620761343,-6.154090090789087,17.690126630382593,-313.1450957106979
279.49032088414936,25.73665945194689,3.142952870736724,-6.1540681552899,17.693707529510508,-313.11042726416684
279.4910802386196,25.746645861367526,3.1428984098399306,-6.154045953612562,17.69728739784601,-313.07572989732097
279.49183946216584,25.756632276724353,3.1428439794150167,-6.1540234857822,17.700866235224016,-313.04100362256474
279.49259855490857,25.766618698014238,3.1427895794912417,-6.154000751823995,17.70444404147947,-313.0062484523026
279.4933575169685,25.776605125233818,3.1427352100978663,-6.153977751763071,17.70802081644732,-312.9714643989392
279.4941163484661,25.786591558379858,3.1426808712641527,-6.153954485624603,17.7115965599625,-312.9366514748791
279.494875049522,25.796577997449194,3.142626563019361,-6.153930953433732,17.715171271859987,-312.90180969252685
279.49563362025685,25.806564442438454,3.142572285392751,-6.153907155215624,17.71874495197475,-312.86693906428695
279.49639206079115,25.816550893344488,3.1425180384135856,-6.153883090995443,17.722317600141732,-312.83203960256355
279.49715037124565,25.82653735016393,3.142463822111122,-6.153858760798308,17.725889216195938,-312.79711131976165
279.49790855174086,25.836523812893596,3.1424096365146257,-6.153834164649427,17.72945979997232,-312.7621542282857
279.4986666023975,25.84651028153028,3.1423554816533534,-6.153809302573911,17.733029351305895,-312.7271683405401
279.4994245233362,25.856496756070616,3.142301357556568,-6.153784174596956,17.736597870031645,-312.69215366892956
279.50018231467766,25.866483236511428,3.1422472642535295,-6.153758780743678,17.74016535598456,-312.6571102258586
279.50093997654244,25.876469722849507,3.1421932017734995,-6.153733121039292,17.743731808999655,-312.6220380237314
279.5016975090513,25.886456215081502,3.1421391701457373,-6.1537071955089155,17.747297228911947,-312.58693707495297
279.50245491232494,25.896442713204273,3.1420851693995058,-6.153681004177725,17.750861615556452,-312.5518073919275
279.5032121864841,25.906429217214466,3.1420311995640633,-6.153654547070854,17.75442496876819,-312.5166489870597
279.50396933164944,25.916415727108884,3.1419772606686722,-6.153627824213486,17.7579872883822,-312.4814618727541
279.5047263479416,25.926402242884336,3.1419233527425927,-6.153600835630805,17.761548574233505,-312.44624606141497
279.5054832354814,25.93638876453748,3.141869475815086,-6.153573581347919,17.765108826157164,-312.4110015654473
279.5062399943895,25.946375292065103,3.141815629915413,-6.153546061390044,17.768668043988207,-312.3757283972551
279.5069966247867,25.95636182546405,3.141761815072833,-6.153518275782315,17.77222622756171,-312.3404265692434
279.5077531267939,25.966348364730933,3.141708031316609,-6.1534902245498735,17.775783376712713,-312.3050960938163
279.5085095005316,25.976334909862658,3.141654278676,-6.153461907717904,17.77933949127631,-312.26973698337866
279.5092657461208,25.986321460855834,3.1416005571802676,-6.153433325311575,17.782894571087542,-312.23434925033484
279.5100218636821,25.996308017707303,3.1415468668586723,-6.153404477356046,17.786448615981513,-312.19893290708944
279.5107778533365,26.00629458041387,3.1414932077404756,-6.153375363876442,17.7900016257933,-312.1634879660471
279.51153371520456,26.016281148972183,3.1414395798549366,-6.153345984897999,17.793553600357995,-312.12801443961195
279.5122894494074,26.02626772337912,3.1413859832313173,-6.153316340445793,17.7971045395107,-312.092512340189
279.51304505606555,26.03625430363134,3.1413324178988784,-6.153286430545057,17.80065444308651,-312.0569816801824
279.5138005353001,26.04624088972563,3.1412788838868813,-6.153256255220896,17.804203310920546,-312.021422471997
279.5145558872317,26.056227481658834,3.141225381224585,-6.153225814498519,17.807751142847916,-311.9858347280371
279.5153111119814,26.066214079427617,3.141171909941251,-6.153195108403058,17.81129793870376,-311.95021846070733
279.51606620966993,26.07620068302883,3.1411184700661425,-6.153164136959685,17.814843698323173,-311.91457368241214
279.5168211804182,26.086187292459133,3.141065061628516,-6.153132900193565,17.81838842154133,-311.87890040555624
279.51757602434714,26.096173907715343,3.1410116846576353,-6.153101398129848,17.821932108193337,-311.8431986425441
279.5183307415776,26.10616052879431,3.1409583391827605,-6.153069630793695,17.82547475811436,-311.80746840578007
279.5190853322305,26.11614715569265,3.1409050252331516,-6.1530375982102825,17.829016371139552,-311.7717097076687
279.5198397964268,26.12613378840728,3.1408517428380707,-6.153005300404735,17.832556947104074,-311.7359225606149
279.5205941342875,26.13612042693483,3.140798492026777,-6.1529727374022425,17.836096485843086,-311.70010697702276
279.52134834593335,26.146107071272123,3.1407452728285326,-6.152939909227957,17.83963498719176,-311.664262969297
279.52210243148545,26.156093721416017,3.140692085272597,-6.152906815907055,17.84317245098528,-311.6283905498421
279.52285639106475,26.166080377363127,3.1406389293882317,-6.152873457464649,17.846708877058827,-311.5924897310627
279.5236102247922,26.176067039110315,3.1405858052046995,-6.152839833925924,17.850244265247586,-311.556560525363
279.5243639327888,26.1860537066544,3.140532712751257,-6.152805945316027,17.85377861538677,-311.5206029451482
279.5251175151755,26.196040379992017,3.140479652057168,-6.1527717916601325,17.857311927311564,-311.4846170028221
279.5258709720734,26.206027059120043,3.1404266231516926,-6.152737372983391,17.860844200857187,-311.4486027107897
279.5266243036035,26.216013744035255,3.14037362606409,-6.152702689310941,17.864375435858854,-311.41256008145524
279.5273775098867,26.226000434734367,3.1403206608236243,-6.15266774066796,17.86790563215179,-311.37648912722335
279.5281305910443,26.235987131214205,3.1402677274595523,-6.152632527079559,17.87143478957122,-311.34038986049893
279.52888354719715,26.245973833471492,3.140214826001139,-6.152597048570936,17.874962907952376,-311.3042622936859
279.5296363784663,26.255960541503025,3.140161956477642,-6.152561305167234,17.878489987130497,-311.2681064391891
279.53038908497297,26.265947255305633,3.140109118918323,-6.152525296893582,17.882016026940832,-311.23192230941316
279.53114166683815,26.275933974876008,3.1400563133524435,-6.152489023775139,17.88554102721863,-311.19570991676244
279.53189412418305,26.285920700211022,3.140003539809262,-6.152452485837049,17.889064987799166,-311.15946927364155
279.5326464571286,26.295907431307338,3.1399507983180426,-6.152415683104503,17.892587908517683,-311.123200392455
279.533398665796,26.3058941681618,3.1398980889080432,-6.152378615602581,17.896109789209472,-311.0869032856073
279.5341507503064,26.31588091077124,3.139845411608526,-6.152341283356486,17.8996306297098,-311.05057796550267
279.53490271078107,26.325867659132335,3.139792766448752,-6.152303686391298,17.903150429853973,-311.01422444454647
279.5356545473409,26.33585441324196,3.1397401534579816,-6.1522658247322335,17.906669189477245,-310.9778427351424
279.53640626010724,26.345841173096776,3.139687572665475,-6.15222769840441,17.91018690841493,-310.94143284969533
279.5371578492012,26.355827938693665,3.1396350241004938,-6.1521893074329554,17.913703586502344,-310.90499480061
279.53790931474407,26.365814710029415,3.1395825077922974,-6.152150651843001,17.917219223574776,-310.86852860029035
279.5386606568569,26.375801487100727,3.1395300237701482,-6.152111731659734,17.920733819467557,-310.83203426114153
279.5394118756611,26.385788269904484,3.139477572063307,-6.152072546908236,17.92424737401599,-310.79551179556785
279.5401629712777,26.395775058437376,3.139425152701033,-6.152033097613668,17.927759887055437,-310.75896121597367
279.54091394382795,26.40576185269621,3.139372765712588,-6.151993383801192,17.9312713584212,-310.7223825347636
279.54166479343326,26.415748652677852,3.139320411127233,-6.151953405495894,17.934781787948626,-310.6857757643424
279.5424155202148,26.425735458378973,3.1392680889742275,-6.151913162722947,17.938291175473083,-310.64914091711444
279.5431661242938,26.4357222697964,3.1392157992828342,-6.151872655507439,17.941799520829896,-310.61247800548426
279.5439166057916,26.445709086926996,3.139163542082313,-6.15183188387455,17.945306823854438,-310.5757870418562
279.54466696482945,26.455695909767417,3.1391113174019245,-6.151790847849385,17.94881308438208,-310.5390680386352
279.5454172015287,26.465682738314584,3.139059125270929,-6.151749547457058,17.95231830224819,-310.5023210082253
279.5461673160108,26.47566957256516,3.139006965718588,-6.151707982722694,17.95582247728816,-310.4655459630315
279.54691730839676,26.485656412515976,3.138954838774162,-6.15166615367146,17.959325609337334,-310.428742915458
279.5476671788082,26.495643258163906,3.138902744466912,-6.151624060328457,17.96282769823115,-310.3919118779095
279.5484169273664,26.505630109505613,3.138850682826099,-6.151581702718749,17.96632874380498,-310.35505286279056
279.5491665541927,26.515616966537927,3.1387986538809822,-6.151539080867537,17.96982874589424,-310.31816588250547
