galstreams/tracks/track.po.Corvus.mateu2018.ecsv
# %ECSV 0.9
# ---
# datatype:
# - {name: ra, unit: deg, datatype: float64}
# - {name: dec, unit: deg, datatype: float64}
# - {name: distance, unit: kpc, datatype: float64}
# - {name: pm_ra_cosdec, unit: mas / yr, datatype: float64}
# - {name: pm_dec, unit: mas / yr, datatype: float64}
# - {name: radial_velocity, unit: km / s, datatype: float64}
# delimiter: ','
# meta: !!omap
# - __serialized_columns__:
#     dec:
#       __class__: astropy.coordinates.angles.Latitude
#       unit: &id001 !astropy.units.Unit {unit: deg}
#       value: !astropy.table.SerializedColumn {name: dec}
#     distance:
#       __class__: astropy.coordinates.distances.Distance
#       unit: !astropy.units.Unit {unit: kpc}
#       value: !astropy.table.SerializedColumn {name: distance}
#     pm_dec:
#       __class__: astropy.units.quantity.Quantity
#       unit: !astropy.units.Unit {unit: mas / yr}
#       value: !astropy.table.SerializedColumn {name: pm_dec}
#     pm_ra_cosdec:
#       __class__: astropy.units.quantity.Quantity
#       unit: !astropy.units.Unit {unit: mas / yr}
#       value: !astropy.table.SerializedColumn {name: pm_ra_cosdec}
#     ra:
#       __class__: astropy.coordinates.angles.Longitude
#       unit: *id001
#       value: !astropy.table.SerializedColumn {name: ra}
#       wrap_angle: !astropy.coordinates.Angle
#         unit: *id001
#         value: 360.0
#     radial_velocity:
#       __class__: astropy.units.quantity.Quantity
#       unit: !astropy.units.Unit {unit: km / s}
#       value: !astropy.table.SerializedColumn {name: radial_velocity}
# schema: astropy-2.0
ra,dec,distance,pm_ra_cosdec,pm_dec,radial_velocity
[from data line 5345]
196.27161706046425,-16.445479661797496,11.601894598039497,0.0,0.0,-0.0
196.28206339517433,-16.44683524495764,11.603657690516703,0.0,0.0,-0.0
196.29250985870067,-16.44819095827776,11.605420833562736,0.0,0.0,-0.0
196.30295645109146,-16.44954680161169,11.60718402705226,0.0,0.0,-0.0
196.31340317239489,-16.450902774813216,11.608947270859938,0.0,0.0,-0.0
196.32385002265903,-16.45225887773614,11.61071056486042,0.0,0.0,-0.0
196.3342970019319,-16.453615110234185,11.612473908928331,0.0,0.0,-0.0
196.34474411026164,-16.454971472161095,11.61423730293829,0.0,0.0,-0.0
196.3551913476962,-16.456327963370565,11.61600074676489,0.0,0.0,-0.0
196.3656387142836,-16.457684583716283,11.617764240282723,0.0,0.0,-0.0
196.3760862100717,-16.459041333051886,11.619527783366346,0.0,0.0,-0.0
196.38653383510848,-16.460398211231,11.621291375890323,0.0,0.0,-0.0
196.3969815894418,-16.461755218107236,11.623055017729186,0.0,0.0,-0.0
196.4074294731195,-16.46311235353416,11.624818708757457,0.0,0.0,-0.0
196.41787748618938,-16.46446961736533,11.626582448849652,0.0,0.0,-0.0
196.42832562869927,-16.46582700945428,11.628346237880253,0.0,0.0,-0.0
196.43877390069687,-16.467184529654492,11.630110075723747,0.0,0.0,-0.0
196.4492223022299,-16.468542177819458,11.631873962254591,0.0,0.0,-0.0
196.45967083334608,-16.469899953802628,11.633637897347231,0.0,0.0,-0.0
196.470119494093,-16.471257857457427,11.6354018808761,0.0,0.0,-0.0
196.4805682845183,-16.472615888637264,11.637165912715618,0.0,0.0,-0.0
196.49101720466962,-16.473974047195515,11.63892999274019,0.0,0.0,-0.0
196.50146625459442,-16.47533233298552,11.640694120824197,0.0,0.0,-0.0
196.51191543434027,-16.476690745860637,11.642458296842008,0.0,0.0,-0.0
196.52236474395463,-16.478049285674143,11.64422252066799,0.0,0.0,-0.0
196.532814183485,-16.479407952279328,11.645986792176487,0.0,0.0,-0.0
196.54326375297867,-16.48076674552946,11.64775111124181,0.0,0.0,-0.0
196.55371345248318,-16.48212566527776,11.64951547773829,0.0,0.0,-0.0
196.56416328204583,-16.483484711377436,11.651279891540213,0.0,0.0,-0.0
196.5746132417139,-16.484843883681666,11.653044352521869,0.0,0.0,-0.0
196.5850633315347,-16.48620318204361,11.654808860557528,0.0,0.0,-0.0
196.59551355155554,-16.48756260631642,11.656573415521436,0.0,0.0,-0.0
196.60596390182357,-16.488922156353176,11.658338017287834,0.0,0.0,-0.0
196.61641438238598,-16.490281832006993,11.66010266573095,0.0,0.0,-0.0
196.62686499328996,-16.49164163313091,11.661867360724994,0.0,0.0,-0.0
196.6373157345826,-16.493001559577976,11.663632102144152,0.0,0.0,-0.0
196.647766606311,-16.494361611201203,11.665396889862617,0.0,0.0,-0.0
196.65821760852225,-16.495721787853586,11.667161723754546,0.0,0.0,-0.0
196.6686687412633,-16.49708208938807,11.668926603694096,0.0,0.0,-0.0
196.67912000458122,-16.498442515657626,11.670691529555395,0.0,0.0,-0.0
196.68957139852293,-16.49980306651515,11.672456501212567,0.0,0.0,-0.0
196.70002292313535,-16.501163741813542,11.674221518539728,0.0,0.0,-0.0
196.71047457846535,-16.502524541405666,11.675986581410967,0.0,0.0,-0.0
196.72092636455986,-16.503885465144375,11.677751689700358,0.0,0.0,-0.0
196.7313782814656,-16.505246512882497,11.67951684328197,0.0,0.0,-0.0
196.74183032922946,-16.506607684472815,11.68128204202985,0.0,0.0,-0.0
196.75228250789812,-16.507968979768116,11.683047285818029,0.0,0.0,-0.0
196.76273481751835,-16.509330398621138,11.684812574520537,0.0,0.0,-0.0
196.77318725813683,-16.51069194088462,11.68657790801138,0.0,0.0,-0.0
196.78363982980022,-16.512053606411264,11.688343286164544,0.0,0.0,-0.0
196.7940925325551,-16.51341539505374,11.690108708854009,0.0,0.0,-0.0
196.80454536644814,-16.514777306664712,11.691874175953744,0.0,0.0,-0.0
196.81499833152586,-16.516139341096814,11.69363968733769,0.0,0.0,-0.0
196.8254514278348,-16.51750149820265,11.695405242879788,0.0,0.0,-0.0
196.83590465542142,-16.51886377783481,11.697170842453959,0.0,0.0,-0.0
196.84635801433217,-16.52022617984585,11.698936485934109,0.0,0.0,-0.0
196.85681150461352,-16.52158870408832,11.700702173194133,0.0,0.0,-0.0
196.86726512631182,-16.522951350414722,11.702467904107904,0.0,0.0,-0.0
196.8777188794735,-16.52431411867756,11.704233678549286,0.0,0.0,-0.0
196.8881727641448,-16.525677008729293,11.705999496392138,0.0,0.0,-0.0
196.898626780372,-16.527040020422373,11.707765357510294,0.0,0.0,-0.0
196.90908092820146,-16.52840315360922,11.709531261777572,0.0,0.0,-0.0
196.91953520767933,-16.529766408142226,11.711297209067787,0.0,0.0,-0.0
196.9299896188518,-16.531129783873784,11.713063199254726,0.0,0.0,-0.0
196.9404441617651,-16.532493280656233,11.714829232212173,0.0,0.0,-0.0
196.95089883646526,-16.533856898341902,11.716595307813897,0.0,0.0,-0.0
196.96135364299838,-16.5352206367831,11.71836142593365,0.0,0.0,-0.0
196.97180858141058,-16.536584495832123,11.720127586445166,0.0,0.0,-0.0
196.98226365174781,-16.537948475341217,11.721893789222175,0.0,0.0,-0.0
196.99271885405616,-16.539312575162615,11.723660034138389,0.0,0.0,-0.0
197.0031741883815,-16.540676795148553,11.7254263210675,0.0,0.0,-0.0
197.01362965476974,-16.542041135151198,11.727192649883198,0.0,0.0,-0.0
197.02408525326686,-16.543405595022733,11.728959020459152,0.0,0.0,-0.0
197.03454098391865,-16.544770174615305,11.730725432669013,0.0,0.0,-0.0
197.0449968467709,-16.546134873781032,11.732491886386429,0.0,0.0,-0.0
197.05545284186954,-16.547499692372018,11.734258381485022,0.0,0.0,-0.0
197.06590896926016,-16.548864630240335,11.736024917838414,0.0,0.0,-0.0
197.07636522898855,-16.550229687238044,11.737791495320206,0.0,0.0,-0.0
197.0868216211004,-16.551594863217176,11.739558113803986,0.0,0.0,-0.0
197.09727814564138,-16.55296015802974,11.74132477316332,0.0,0.0,-0.0
197.10773480265706,-16.554325571527727,11.743091473271779,0.0,0.0,-0.0
197.11819159219309,-16.555691103563095,11.744858214002907,0.0,0.0,-0.0
197.12864851429495,-16.557056753987784,11.746624995230238,0.0,0.0,-0.0
197.13910556900822,-16.558422522653725,11.748391816827287,0.0,0.0,-0.0
197.1495627563784,-16.55978840941281,11.75015867866757,0.0,0.0,-0.0
197.16002007645088,-16.56115441411691,11.751925580624572,0.0,0.0,-0.0
197.17047752927107,-16.562520536617875,11.753692522571782,0.0,0.0,-0.0
197.18093511488442,-16.563886776767546,11.755459504382655,0.0,0.0,-0.0
197.1913928333362,-16.565253134417727,11.757226525930657,0.0,0.0,-0.0
197.20185068467183,-16.56661960942019,11.758993587089218,0.0,0.0,-0.0
197.21230866893654,-16.56798620162672,11.760760687731768,0.0,0.0,-0.0
197.22276678617553,-16.569352910889044,11.76252782773172,0.0,0.0,-0.0
197.2332250364341,-16.570719737058884,11.764295006962476,0.0,0.0,-0.0
197.24368341975736,-16.57208667998793,11.76606222529742,0.0,0.0,-0.0
197.2541419361905,-16.57345373952787,11.767829482609928,0.0,0.0,-0.0
197.26460058577862,-16.57482091553035,11.769596778773355,0.0,0.0,-0.0
197.27505936856676,-16.576188207846997,11.771364113661058,0.0,0.0,-0.0
197.28551828460004,-16.57755561632942,11.773131487146362,0.0,0.0,-0.0
197.29597733392345,-16.57892314082921,11.77489889910259,0.0,0.0,-0.0
197.30643651658195,-16.580290781197924,11.776666349403055,0.0,0.0,-0.0
197.31689583262047,-16.581658537287115,11.77843383792105,0.0,0.0,-0.0
197.32735528208391,-16.583026408948296,11.780201364529852,0.0,0.0,-0.0
197.3378148650172,-16.584394396032966,11.781968929102728,0.0,0.0,-0.0
197.34827458146518,-16.585762498392608,11.783736531512938,0.0,0.0,-0.0
197.35873443147258,-16.58713071587867,11.785504171633727,0.0,0.0,-0.0
197.36919441508425,-16.588499048342584,11.787271849338326,0.0,0.0,-0.0
197.3796545323449,-16.58986749563577,11.789039564499943,0.0,0.0,-0.0
197.3901147832992,-16.59123605760961,11.790807316991792,0.0,0.0,-0.0
197.4005751679919,-16.592604734115486,11.792575106687057,0.0,0.0,-0.0
197.41103568646756,-16.59397352500473,11.79434293345892,0.0,0.0,-0.0
197.42149633877082,-16.59534243012867,11.796110797180543,0.0,0.0,-0.0
197.43195712494628,-16.596711449338613,11.797878697725082,0.0,0.0,-0.0
197.4424180450384,-16.598080582485846,11.799646634965677,0.0,0.0,-0.0
197.45287909909175,-16.599449829421623,11.80141460877545,0.0,0.0,-0.0
197.46334028715077,-16.600819189997175,11.80318261902752,0.0,0.0,-0.0
197.47380160925988,-16.60218866406374,11.80495066559499,0.0,0.0,-0.0
197.4842630654635,-16.603558251472496,11.806718748350944,0.0,0.0,-0.0
197.49472465580595,-16.604927952074632,11.808486867168464,0.0,0.0,-0.0
197.5051863803316,-16.606297765721298,11.810255021920604,0.0,0.0,-0.0
197.51564823908475,-16.607667692263618,11.812023212480426,0.0,0.0,-0.0
197.52611023210963,-16.609037731552714,11.813791438720964,0.0,0.0,-0.0
197.53657235945047,-16.61040788343967,11.815559700515244,0.0,0.0,-0.0
197.5470346211515,-16.611778147775556,11.817327997736278,0.0,0.0,-0.0
197.55749701725685,-16.613148524411425,11.81909633025707,0.0,0.0,-0.0
197.56795954781063,-16.6145190131983,11.820864697950604,0.0,0.0,-0.0
197.578422212857,-16.615889613987182,11.82263310068986,0.0,0.0,-0.0
197.5888850124399,-16.617260326629065,11.824401538347795,0.0,0.0,-0.0
197.59934794660344,-16.618631150974906,11.826170010797373,0.0,0.0,-0.0
197.60981101539156,-16.62000208687565,11.827938517911518,0.0,0.0,-0.0
197.62027421884827,-16.62137313418222,11.829707059563162,0.0,0.0,-0.0
197.6307375570174,-16.622744292745516,11.831475635625223,0.0,0.0,-0.0
197.6412010299429,-16.624115562416417,11.833244245970597,0.0,0.0,-0.0
197.6516646376686,-16.625486943045782,11.835012890472177,0.0,0.0,-0.0
197.66212838023833,-16.62685843448445,11.836781569002834,0.0,0.0,-0.0
197.67259225769587,-16.628230036583243,11.838550281435442,0.0,0.0,-0.0
197.6830562700849,-16.62960174919295,11.840319027642847,0.0,0.0,-0.0
197.6935204174492,-16.63097357216435,11.84208780749789,0.0,0.0,-0.0
197.70398469983243,-16.632345505348205,11.843856620873401,0.0,0.0,-0.0
197.71444911727824,-16.63371754859524,11.845625467642197,0.0,0.0,-0.0
197.72491366983022,-16.635089701756172,11.847394347677076,0.0,0.0,-0.0
197.73537835753197,-16.636461964681708,11.849163260850837,0.0,0.0,-0.0
197.745843180427,-16.637834337222497,11.850932207036259,0.0,0.0,-0.0
197.75630813855878,-16.639206819229216,11.852701186106101,0.0,0.0,-0.0
197.76677323197086,-16.640579410552476,11.85447019793313,0.0,0.0,-0.0
197.77723846070663,-16.641952111042905,11.856239242390082,0.0,0.0,-0.0
197.7877038248095,-16.643324920551088,11.858008319349688,0.0,0.0,-0.0
197.79816932432283,-16.644697838927595,11.859777428684676,0.0,0.0,-0.0
197.80863495928998,-16.64607086602298,11.861546570267747,0.0,0.0,-0.0
197.81910072975418,-16.64744400168777,11.8633157439716,0.0,0.0,-0.0
197.82956663575877,-16.648817245772484,11.865084949668914,0.0,0.0,-0.0
197.84003267734693,-16.6501905981276,11.866854187232361,0.0,0.0,-0.0
197.85049885456183,-16.651564058603597,11.868623456534612,0.0,0.0,-0.0
197.86096516744666,-16.652937627050914,11.870392757448307,0.0,0.0,-0.0
197.8714316160446,-16.654311303319997,11.87216208984608,0.0,0.0,-0.0
197.88189820039864,-16.65568508726124,11.87393145360056,0.0,0.0,-0.0
197.89236492055187,-16.65705897872504,11.87570084858436,0.0,0.0,-0.0
197.90283177654732,-16.65843297756177,11.877470274670081,0.0,0.0,-0.0
197.91329876842795,-16.65980708362177,11.879239731730312,0.0,0.0,-0.0
197.92376589623674,-16.661181296755377,11.88100921963763,0.0,0.0,-0.0
197.93423316001662,-16.662555616812895,11.882778738264609,0.0,0.0,-0.0
197.9447005598104,-16.663930043644616,11.884548287483794,0.0,0.0,-0.0
197.95516809566098,-16.665304577100812,11.88631786716773,0.0,0.0,-0.0
197.96563576761116,-16.66667921703173,11.888087477188948,0.0,0.0,-0.0
197.97610357570372,-16.668053963287605,11.889857117419977,0.0,0.0,-0.0
197.9865715199814,-16.669428815718636,11.891626787733315,0.0,0.0,-0.0
197.99703960048683,-16.670803774175027,11.893396488001466,0.0,0.0,-0.0
198.0075078172628,-16.67217883850694,11.895166218096909,0.0,0.0,-0.0
198.0179761703519,-16.673554008564537,11.896935977892122,0.0,0.0,-0.0
198.02844465979672,-16.674929284197944,11.898705767259566,0.0,0.0,-0.0
198.0389132856398,-16.67630466525727,11.900475586071696,0.0,0.0,-0.0
198.04938204792373,-16.677680151592607,11.902245434200948,0.0,0.0,-0.0
198.05985094669097,-16.679055743054032,11.904015311519753,0.0,0.0,-0.0
198.070319981984,-16.680431439491592,11.905785217900526,0.0,0.0,-0.0
198.08078915384522,-16.681807240755333,11.90755515321567,0.0,0.0,-0.0
198.09125846231703,-16.683183146695267,11.909325117337586,0.0,0.0,-0.0
198.1017279074418,-16.68455915716138,11.911095110138655,0.0,0.0,-0.0
198.11219748926186,-16.685935272003658,11.912865131491248,0.0,0.0,-0.0
198.12266720781946,-16.68731149107205,11.914635181267727,0.0,0.0,-0.0
198.13313706315688,-16.6886878142165,11.916405259340442,0.0,0.0,-0.0
198.14360705531632,-16.690064241286922,11.918175365581726,0.0,0.0,-0.0
198.15407718433997,-16.691440772133213,11.919945499863914,0.0,0.0,-0.0
198.16454745027,-16.69281740660526,11.921715662059318,0.0,0.0,-0.0
198.17501785314846,-16.69419414455292,11.923485852040242,0.0,0.0,-0.0
198.18548839301747,-16.695570985826034,11.925256069678985,0.0,0.0,-0.0
198.19595906991907,-16.696947930274423,11.92702631484783,0.0,0.0,-0.0
198.20642988389525,-16.69832497774789,11.92879658741904,0.0,0.0,-0.0
198.216900834988,-16.699702128096227,11.930566887264886,0.0,0.0,-0.0
198.22737192323922,-16.70107938116919,11.932337214257611,0.0,0.0,-0.0
198.23784314869087,-16.70245673681653,11.934107568269454,0.0,0.0,-0.0
198.24831451138473,-16.70383419488797,11.935877949172651,0.0,0.0,-0.0
198.2587860113627,-16.70521175523323,11.937648356839414,0.0,0.0,-0.0
198.26925764866655,-16.70658941770199,11.939418791141945,0.0,0.0,-0.0
198.27972942333807,-16.70796718214392,11.94118925195245,0.0,0.0,-0.0
198.29020133541894,-16.70934504840868,11.942959739143104,0.0,0.0,-0.0
198.30067338495087,-16.710723016345888,11.944730252586085,0.0,0.0,-0.0
198.31114557197552,-16.712101085805184,11.946500792153552,0.0,0.0,-0.0
198.3216178965345,-16.71347925663614,11.948271357717665,0.0,0.0,-0.0
198.33209035866935,-16.714857528688345,11.95004194915056,0.0,0.0,-0.0
198.3425629584217,-16.71623590181136,11.951812566324367,0.0,0.0,-0.0
198.35303569583297,-16.717614375854716,11.953583209111212,0.0,0.0,-0.0
198.36350857094473,-16.718992950667936,11.9553538773832,0.0,0.0,-0.0
198.37398158379838,-16.72037162610053,11.957124571012429,0.0,0.0,-0.0
198.3844547344353,-16.721750402001977,11.958895289870988,0.0,0.0,-0.0
198.39492802289695,-16.723129278221748,11.960666033830956,0.0,0.0,-0.0
198.40540144922454,-16.724508254609287,11.962436802764396,0.0,0.0,-0.0
198.41587501345947,-16.725887331014018,11.964207596543371,0.0,0.0,-0.0
198.42634871564294,-16.727266507285364,11.965978415039924,0.0,0.0,-0.0
198.43682255581626,-16.728645783272718,11.967749258126089,0.0,0.0,-0.0
198.44729653402052,-16.73002515882544,11.969520125673892,0.0,0.0,-0.0
198.45777065029696,-16.731404633792895,11.971291017555346,0.0,0.0,-0.0
198.46824490468666,-16.732784208024416,11.97306193364246,0.0,0.0,-0.0
198.47871929723075,-16.734163881369334,11.974832873807223,0.0,0.0,-0.0
198.48919382797024,-16.73554365367694,11.976603837921619,0.0,0.0,-0.0
198.49966849694619,-16.736923524796527,11.978374825857623,0.0,0.0,-0.0
198.51014330419952,-16.738303494577348,11.980145837487196,0.0,0.0,-0.0
198.52061824977122,-16.73968356286866,11.981916872682289,0.0,0.0,-0.0
198.5310933337022,-16.741063729519684,11.983687931314847,0.0,0.0,-0.0
198.54156855603333,-16.742443994379638,11.985459013256802,0.0,0.0,-0.0
198.55204391680542,-16.743824357297715,11.987230118380069,0.0,0.0,-0.0
198.56251941605933,-16.745204818123092,11.989001246556567,0.0,0.0,-0.0
198.57299505383577,-16.746585376704918,11.9907723976582,0.0,0.0,-0.0
198.58347083017551,-16.747966032892347,11.992543571556842,0.0,0.0,-0.0
198.59394674511927,-16.74934678653448,11.994314768124392,0.0,0.0,-0.0
198.60442279870765,-16.750727637480438,11.996085987232714,0.0,0.0,-0.0
198.61489899098132,-16.7521085855793,11.997857228753672,0.0,0.0,-0.0
198.62537532198084,-16.75348963068014,11.999628492559108,0.0,0.0,-0.0
198.6358517917468,-16.75487077263201,12.001399778520867,0.0,0.0,-0.0
