galstreams/tracks/track.po.PS1-D.bernard2016.ecsv
# %ECSV 0.9
# ---
# datatype:
# - {name: ra, unit: deg, datatype: float64}
# - {name: dec, unit: deg, datatype: float64}
# - {name: distance, unit: kpc, datatype: float64}
# - {name: pm_ra_cosdec, unit: mas / yr, datatype: float64}
# - {name: pm_dec, unit: mas / yr, datatype: float64}
# - {name: radial_velocity, unit: km / s, datatype: float64}
# delimiter: ','
# meta: !!omap
# - __serialized_columns__:
#     dec:
#       __class__: astropy.coordinates.angles.Latitude
#       unit: &id001 !astropy.units.Unit {unit: deg}
#       value: !astropy.table.SerializedColumn {name: dec}
#     distance:
#       __class__: astropy.coordinates.distances.Distance
#       unit: !astropy.units.Unit {unit: kpc}
#       value: !astropy.table.SerializedColumn {name: distance}
#     pm_dec:
#       __class__: astropy.units.quantity.Quantity
#       unit: !astropy.units.Unit {unit: mas / yr}
#       value: !astropy.table.SerializedColumn {name: pm_dec}
#     pm_ra_cosdec:
#       __class__: astropy.units.quantity.Quantity
#       unit: !astropy.units.Unit {unit: mas / yr}
#       value: !astropy.table.SerializedColumn {name: pm_ra_cosdec}
#     ra:
#       __class__: astropy.coordinates.angles.Longitude
#       unit: *id001
#       value: !astropy.table.SerializedColumn {name: ra}
#       wrap_angle: !astropy.coordinates.Angle
#         unit: *id001
#         value: 360.0
#     radial_velocity:
#       __class__: astropy.units.quantity.Quantity
#       unit: !astropy.units.Unit {unit: km / s}
#       value: !astropy.table.SerializedColumn {name: radial_velocity}
# schema: astropy-2.0
ra,dec,distance,pm_ra_cosdec,pm_dec,radial_velocity
138.6626379764259,-21.5991205099705,22.899999999999967,0.0,0.0,0.0
138.67385479189647,-21.373733906683906,22.89999999999998,0.0,0.0,0.0
138.6850371228568,-21.148346560428077,22.89999999999998,0.0,0.0,0.0
138.6961854724747,-20.92295848204615,22.899999999999988,0.0,0.0,0.0
138.70730033877314,-20.697569682270338,22.899999999999988,0.0,0.0,0.0
138.71838221472723,-20.472180171723988,22.899999999999988,0.0,0.0,0.0
138.72943158835952,-20.246789960923632,22.899999999999988,0.0,0.0,0.0
138.7404489428334,-20.021399060281038,22.89999999999999,0.0,0.0,0.0
138.7514347565451,-19.796007480105143,22.899999999999988,0.0,0.0,0.0
138.76238950321388,-19.570615230604062,22.899999999999995,0.0,0.0,0.0
138.77331365197085,-19.34522232188694,22.89999999999999,0.0,0.0,0.0
138.78420766744628,-19.11982876396589,22.9,0.0,0.0,0.0
138.7950720098552,-18.89443456675785,22.900000000000006,0.0,0.0,0.0
138.80590713508195,-18.66903974008622,22.900000000000006,0.0,0.0,0.0
138.81671349476284,-18.44364429368295,22.900000000000006,0.0,0.0,0.0
138.82749153636792,-18.218248237190114,22.900000000000016,0.0,0.0,0.0
138.83824170328106,-17.992851580161652,22.90000000000002,0.0,0.0,0.0
138.8489644348788,-17.767454332065114,22.90000000000002,0.0,0.0,0.0
138.85966016660814,-17.542056502283305,22.900000000000027,0.0,0.0,0.0
138.87032933006267,-17.31665810011595,22.90000000000003,0.0,0.0,0.0
138.8809723530579,-17.0912591347813,22.900000000000038,0.0,0.0,0.0
138.89158965970515,-16.865859615417737,22.90000000000004,0.0,0.0,0.0
138.90218167048428,-16.640459551085343,22.90000000000004,0.0,0.0,0.0
138.9127488023155,-16.415058950767445,22.900000000000045,0.0,0.0,0.0
138.92329146862977,-16.189657823372126,22.900000000000045,0.0,0.0,0.0
138.9338100794384,-15.96425617773375,22.900000000000045,0.0,0.0,0.0
138.94430504140138,-15.738854022614417,22.900000000000052,0.0,0.0,0.0
138.95477675789488,-15.5134513667054,22.90000000000005,0.0,0.0,0.0
138.96522562907748,-15.288048218628639,22.900000000000052,0.0,0.0,0.0
138.97565205195576,-15.062644586938074,22.900000000000055,0.0,0.0,0.0
138.98605642044873,-14.837240480121093,22.900000000000055,0.0,0.0,0.0
138.99643912545113,-14.611835906599863,22.90000000000005,0.0,0.0,0.0
139.00680055489644,-14.38643087473279,22.90000000000005,0.0,0.0,0.0
139.01714109381828,-14.16102539281555,22.90000000000005,0.0,0.0,0.0
139.0274611244114,-13.935619469082795,22.90000000000005,0.0,0.0,0.0
139.03776102609172,-13.710213111709221,22.900000000000038,0.0,0.0,0.0
139.04804117555554,-13.484806328810862,22.90000000000004,0.0,0.0,0.0
139.0583019468379,-13.2593991284464,22.900000000000038,0.0,0.0,0.0
139.06854371137015,-13.03399151861836,22.90000000000004,0.0,0.0,0.0
139.07876683803687,-12.808583507274374,22.90000000000003,0.0,0.0,0.0
139.0889716932321,-12.583175102308367,22.900000000000034,0.0,0.0,0.0
139.09915864091437,-12.357766311561763,22.900000000000027,0.0,0.0,0.0
139.10932804266176,-12.132357142824654,22.900000000000027,0.0,0.0,0.0
139.1194802577257,-11.906947603836988,22.900000000000016,0.0,0.0,0.0
139.1296156430844,-11.681537702289667,22.90000000000002,0.0,0.0,0.0
139.1397345534953,-11.456127445825766,22.90000000000002,0.0,0.0,0.0
139.14983734154728,-11.230716842041565,22.900000000000016,0.0,0.0,0.0
139.1599243577122,-11.005305898487718,22.900000000000013,0.0,0.0,0.0
139.1699959503955,-10.779894622670326,22.900000000000013,0.0,0.0,0.0
139.1800524659864,-10.554483022052032,22.90000000000001,0.0,0.0,0.0
139.19009424890774,-10.329071104053067,22.900000000000013,0.0,0.0,0.0
139.20012164166502,-10.103658876052346,22.90000000000001,0.0,0.0,0.0
139.21013498489486,-9.878246345388483,22.900000000000006,0.0,0.0,0.0
139.22013461741324,-9.652833519360831,22.900000000000013,0.0,0.0,0.0
139.23012087626282,-9.427420405230539,22.90000000000001,0.0,0.0,0.0
139.2400940967602,-9.202007010221573,22.90000000000001,0.0,0.0,0.0
139.25005461254224,-8.976593341521538,22.900000000000006,0.0,0.0,0.0
139.2600027556124,-8.75117940628298,22.90000000000001,0.0,0.0,0.0
139.26993885638618,-8.525765211624162,22.900000000000013,0.0,0.0,0.0
139.27986324373646,-8.30035076463009,22.900000000000016,0.0,0.0,0.0
139.28977624503815,-8.074936072353482,22.900000000000013,0.0,0.0,0.0
139.29967818621282,-7.8495211418157105,22.900000000000016,0.0,0.0,0.0
139.3095693917723,-7.624105980007769,22.900000000000013,0.0,0.0,0.0
139.31945018486252,-7.398690593891197,22.90000000000002,0.0,0.0,0.0
139.3293208873067,-7.173274990399029,22.900000000000016,0.0,0.0,0.0
139.3391818196481,-6.947859176436696,22.900000000000013,0.0,0.0,0.0
139.3490333011927,-6.722443158882952,22.90000000000002,0.0,0.0,0.0
139.35887565005115,-6.4970269445908055,22.90000000000002,0.0,0.0,0.0
139.36870918318075,-6.271610540388377,22.90000000000002,0.0,0.0,0.0
139.37853421642706,-6.046193953079827,22.90000000000002,0.0,0.0,0.0
139.38835106456492,-5.820777189446246,22.90000000000002,0.0,0.0,0.0
139.3981600413396,-5.595360256246507,22.90000000000002,0.0,0.0,0.0
139.4079614595073,-5.369943160218183,22.900000000000016,0.0,0.0,0.0
139.4177556308758,-5.144525908078387,22.90000000000002,0.0,0.0,0.0
139.42754286634434,-4.919108506524655,22.90000000000002,0.0,0.0,0.0
139.4373234759437,-4.693690962235849,22.90000000000002,0.0,0.0,0.0
139.44709776887584,-4.468273281872805,22.90000000000002,0.0,0.0,0.0
139.45686605355326,-4.242855472079501,22.90000000000002,0.0,0.0,0.0
139.46662863763842,-4.017437539483693,22.90000000000002,0.0,0.0,0.0
139.47638582808273,-3.792019490697808,22.90000000000002,0.0,0.0,0.0
139.48613793116527,-3.566601332319782,22.900000000000016,0.0,0.0,0.0
139.49588525253168,-3.341183070933891,22.900000000000016,0.0,0.0,0.0
139.5056280972325,-3.1157647131115866,22.900000000000016,0.0,0.0,0.0
139.51536676976164,-2.890346265412318,22.900000000000013,0.0,0.0,0.0
139.52510157409455,-2.6649277343843627,22.90000000000001,0.0,0.0,0.0
139.53483281372624,-2.4395091265656323,22.900000000000016,0.0,0.0,0.0
139.54456079170924,-2.214090448484513,22.900000000000006,0.0,0.0,0.0
139.55428581069165,-1.9886717066606576,22.900000000000006,0.0,0.0,0.0
139.5640081729544,-1.763252907605816,22.90000000000001,0.0,0.0,0.0
139.57372818044936,-1.5378340578246372,22.900000000000006,0.0,0.0,0.0
139.5834461348365,-1.312415163815483,22.900000000000006,0.0,0.0,0.0
139.59316233752156,-1.0869962320712312,22.900000000000002,0.0,0.0,0.0
139.60287708969346,-0.8615772690800855,22.900000000000006,0.0,0.0,0.0
139.6125906923615,-0.6361582813263792,22.9,0.0,0.0,0.0
139.62230344639266,-0.4107392752913776,22.900000000000002,0.0,0.0,0.0
139.6320156525491,-0.1853202574540838,22.9,0.0,0.0,0.0
139.6417276115249,0.04009876570796088,22.9,0.0,0.0,0.0
139.65143962398383,0.26551778771787554,22.899999999999995,0.0,0.0,0.0
139.66115199059618,0.4909368020985785,22.899999999999995,0.0,0.0,0.0
139.67086501207598,0.7163558023722141,22.9,0.0,0.0,0.0
139.68057898921842,0.9417747820590315,22.899999999999995,0.0,0.0,0.0
139.69029422293684,1.1671937346767187,22.9,0.0,0.0,0.0
139.70001101430017,1.392612653739684,22.899999999999995,0.0,0.0,0.0
139.7097296645702,1.6180315327581547,22.89999999999999,0.0,0.0,0.0
139.71945047523877,1.8434503652373886,22.89999999999999,0.0,0.0,0.0
139.7291737480655,2.0688691446768823,22.9,0.0,0.0,0.0
139.73889978511494,2.294287864569556,22.899999999999995,0.0,0.0,0.0
139.74862888879437,2.5197065184009424,22.899999999999995,0.0,0.0,0.0
139.75836136189145,2.7451250996483663,22.900000000000002,0.0,0.0,0.0
139.76809750761174,2.9705436017801548,22.9,0.0,0.0,0.0
139.7778376296169,3.195962018254795,22.9,0.0,0.0,0.0
139.78758203206237,3.4213803425201412,22.899999999999995,0.0,0.0,0.0
139.7973310196358,3.6467985680125548,22.900000000000002,0.0,0.0,0.0
139.80708489759502,3.872216688156122,22.9,0.0,0.0,0.0
139.81684397180658,4.097634696361802,22.900000000000002,0.0,0.0,0.0
139.82660854878435,4.323052586026605,22.90000000000001,0.0,0.0,0.0
139.8363789357282,4.548470350532739,22.900000000000006,0.0,0.0,0.0
139.84615544056294,4.773887983246793,22.900000000000013,0.0,0.0,0.0
139.85593837197752,4.99930547751889,22.900000000000013,0.0,0.0,0.0
139.8657280394642,5.224722826681825,22.900000000000013,0.0,0.0,0.0
139.8755247533581,5.450140024050225,22.900000000000006,0.0,0.0,0.0
139.88532882487718,5.675557062919686,22.900000000000013,0.0,0.0,0.0
139.895140566162,5.900973936565917,22.900000000000013,0.0,0.0,0.0
139.904960290316,6.1263906382438735,22.900000000000016,0.0,0.0,0.0
139.91478831144607,6.351807161186874,22.900000000000013,0.0,0.0,0.0
139.9246249447033,6.5772234986057185,22.900000000000013,0.0,0.0,0.0
139.93447050632398,6.802639643687824,22.900000000000016,0.0,0.0,0.0
139.944325313671,7.028055589596325,22.900000000000013,0.0,0.0,0.0
139.95418968527542,7.253471329469155,22.900000000000013,0.0,0.0,0.0
139.96406394087867,7.4788868564181685,22.90000000000002,0.0,0.0,0.0
139.97394840147433,7.70430216352823,22.900000000000016,0.0,0.0,0.0
139.98384338935136,7.929717243856259,22.90000000000002,0.0,0.0,0.0
139.9937492281367,8.155132090430355,22.900000000000013,0.0,0.0,0.0
140.0036662428387,8.380546696248812,22.90000000000002,0.0,0.0,0.0
140.01359475989085,8.605961054279224,22.900000000000016,0.0,0.0,0.0
140.02353510719595,8.83137515745749,22.90000000000002,0.0,0.0,0.0
140.03348761417053,9.056788998686892,22.900000000000013,0.0,0.0,0.0
140.04345261178986,9.282202570837095,22.900000000000016,0.0,0.0,0.0
140.0534304326332,9.50761586674319,22.900000000000013,0.0,0.0,0.0
140.0634214109298,9.733028879204703,22.900000000000013,0.0,0.0,0.0
140.07342588260488,9.958441600984584,22.900000000000013,0.0,0.0,0.0
140.08344418532667,10.183854024808216,22.900000000000013,0.0,0.0,0.0
140.09347665855333,10.409266143362386,22.900000000000013,0.0,0.0,0.0
140.1035236435809,10.634677949294268,22.90000000000002,0.0,0.0,0.0
140.1135854835914,10.86008943521038,22.900000000000013,0.0,0.0,0.0
140.12366252370157,11.085500593675501,22.90000000000001,0.0,0.0,0.0
140.1337551110123,11.310911417211665,22.900000000000013,0.0,0.0,0.0
140.14386359465834,11.536321898297041,22.900000000000013,0.0,0.0,0.0
140.15398832585888,11.761732029364872,22.900000000000013,0.0,0.0,0.0
140.16412965796837,11.987141802802354,22.900000000000013,0.0,0.0,0.0
140.1742879465284,12.212551210949522,22.90000000000001,0.0,0.0,0.0
140.18446354931984,12.437960246098163,22.900000000000013,0.0,0.0,0.0
140.1946568264157,12.663368900490626,22.90000000000002,0.0,0.0,0.0
140.20486814023474,12.888777166318677,22.900000000000016,0.0,0.0,0.0
140.21509785559567,13.114185035722357,22.900000000000013,0.0,0.0,0.0
140.22534633977224,13.339592500788763,22.90000000000002,0.0,0.0,0.0
140.23561396254857,13.564999553550894,22.90000000000002,0.0,0.0,0.0
140.24590109627584,13.790406185986372,22.90000000000002,0.0,0.0,0.0
140.2562081159292,14.015812390016254,22.90000000000002,0.0,0.0,0.0
140.26653539916578,14.24121815750378,22.900000000000027,0.0,0.0,0.0
140.27688332638328,14.466623480253109,22.900000000000027,0.0,0.0,0.0
140.28725228077963,14.692028350007991,22.90000000000003,0.0,0.0,0.0
140.297642648413,14.917432758450557,22.90000000000003,0.0,0.0,0.0
140.30805481826323,15.1428366971999,22.90000000000003,0.0,0.0,0.0
140.31848918229394,15.368240157810801,22.900000000000038,0.0,0.0,0.0
140.3289461355152,15.593643131772355,22.900000000000038,0.0,0.0,0.0
140.33942607604754,15.819045610506585,22.90000000000004,0.0,0.0,0.0
140.34992940518677,16.04444758536707,22.900000000000038,0.0,0.0,0.0
140.36045652746958,16.26984904763748,22.900000000000038,0.0,0.0,0.0
140.3710078507406,16.495249988530176,22.900000000000038,0.0,0.0,0.0
140.3815837862198,16.720650399184745,22.90000000000004,0.0,0.0,0.0
140.3921847485715,16.94605027066651,22.90000000000004,0.0,0.0,0.0
140.40281115597418,17.17144959396499,22.90000000000004,0.0,0.0,0.0
140.41346343019146,17.39684835999245,22.90000000000004,0.0,0.0,0.0
140.42414199664398,17.62224655958226,22.900000000000045,0.0,0.0,0.0
140.43484728448294,17.84764418348737,22.900000000000045,0.0,0.0,0.0
140.4455797266642,18.073041222378695,22.900000000000038,0.0,0.0,0.0
140.4563397600239,18.29843766684345,22.900000000000045,0.0,0.0,0.0
140.46712782535533,18.523833507383575,22.90000000000004,0.0,0.0,0.0
140.47794436748703,18.749228734413936,22.90000000000004,0.0,0.0,0.0
140.48878983536196,18.97462333826072,22.90000000000004,0.0,0.0,0.0
140.49966468211838,19.200017309159644,22.900000000000038,0.0,0.0,0.0
140.5105693651718,19.425410637254167,22.900000000000038,0.0,0.0,0.0
140.52150434629831,19.650803312593762,22.900000000000038,0.0,0.0,0.0
140.53247009171955,19.87619532513199,22.900000000000038,0.0,0.0,0.0
140.5434670721889,20.101586664724717,22.900000000000038,0.0,0.0,0.0
140.55449576307927,20.32697732112819,22.900000000000038,0.0,0.0,0.0
140.56555664447248,20.5523672839971,22.900000000000038,0.0,0.0,0.0
140.57665020125006,20.777756542882642,22.900000000000038,0.0,0.0,0.0
140.58777692318571,21.00314508723051,22.900000000000038,0.0,0.0,0.0
140.59893730503947,21.228532906378863,22.900000000000038,0.0,0.0,0.0
140.6101318466535,21.45391998955627,22.900000000000038,0.0,0.0,0.0
140.6213610530495,21.679306325879608,22.900000000000034,0.0,0.0,0.0
140.63262543452822,21.90469190435188,22.90000000000003,0.0,0.0,0.0
140.64392550677022,22.130076713860095,22.900000000000027,0.0,0.0,0.0
140.65526179093916,22.355460743173023,22.900000000000013,0.0,0.0,0.0
140.66663481378637,22.580843980938866,22.9,0.0,0.0,0.0
140.67804510775778,22.806226415683096,22.899999999999988,0.0,0.0,0.0
140.6894932111027,23.03160803580598,22.899999999999956,0.0,0.0,0.0
140.70097966798454,23.25698882958023,22.899999999999924,0.0,0.0,0.0
