galstreams/tracks/track.st.M30.ibata2024.ecsv
# %ECSV 1.0
# ---
# datatype:
# - {name: ra, unit: deg, datatype: float64}
# - {name: dec, unit: deg, datatype: float64}
# - {name: distance, unit: kpc, datatype: float64}
# - {name: pm_ra_cosdec, unit: mas / yr, datatype: float64}
# - {name: pm_dec, unit: mas / yr, datatype: float64}
# - {name: radial_velocity, unit: km / s, datatype: float64}
# delimiter: ','
# meta: !!omap
# - __serialized_columns__:
#     dec:
#       __class__: astropy.coordinates.angles.Latitude
#       unit: &id001 !astropy.units.Unit {unit: deg}
#       value: !astropy.table.SerializedColumn {name: dec}
#     distance:
#       __class__: astropy.coordinates.distances.Distance
#       unit: !astropy.units.Unit {unit: kpc}
#       value: !astropy.table.SerializedColumn {name: distance}
#     pm_dec:
#       __class__: astropy.units.quantity.Quantity
#       unit: !astropy.units.Unit {unit: mas / yr}
#       value: !astropy.table.SerializedColumn {name: pm_dec}
#     pm_ra_cosdec:
#       __class__: astropy.units.quantity.Quantity
#       unit: !astropy.units.Unit {unit: mas / yr}
#       value: !astropy.table.SerializedColumn {name: pm_ra_cosdec}
#     ra:
#       __class__: astropy.coordinates.angles.Longitude
#       unit: *id001
#       value: !astropy.table.SerializedColumn {name: ra}
#       wrap_angle: !astropy.coordinates.Angle
#         unit: *id001
#         value: 360.0
#     radial_velocity:
#       __class__: astropy.units.quantity.Quantity
#       unit: !astropy.units.Unit {unit: km / s}
#       value: !astropy.table.SerializedColumn {name: radial_velocity}
# schema: astropy-2.0
ra,dec,distance,pm_ra_cosdec,pm_dec,radial_velocity
[from data line 556]
322.8986679715777,-24.677787372178784,1.0000000000000004,-1.5810460768056824,-7.752196968127112,-141.10123937827768
322.90847889237295,-24.674190273856468,1.0000000000000004,-1.5781047757285034,-7.7510703734514035,-141.10517592649765
322.918289722164,-24.670593390321013,1.0000000000000004,-1.575163926467276,-7.74994367208889,-141.10967288167672
322.9281004411837,-24.66699668581446,1.0000000000000002,-1.572223527888708,-7.7488168569009765,-141.11472850260444
322.93791102965577,-24.663400124584044,1.0000000000000002,-1.5692835788607553,-7.747689920750133,-141.12034104807046
322.9477214677952,-24.659803670882123,1.0000000000000004,-1.5663440782526283,-7.746562856499912,-141.1265087768643
322.9575317358077,-24.656207288966392,1.0000000000000004,-1.5634050249347737,-7.745435657014949,-141.13322994777576
322.9673418138903,-24.652610943099617,1.0000000000000002,-1.5604664177788585,-7.744308315160943,-141.14050281959422
322.9771516822306,-24.649014597549883,1.0000000000000004,-1.5575282556578376,-7.7431808238046616,-141.1483256511095
322.9869613210076,-24.645418216590368,1.0000000000000002,-1.5545905374458702,-7.742053175813968,-141.15669670111106
322.9967707103909,-24.641821764499564,1.0000000000000002,-1.551653262018439,-7.7409253640577775,-141.1656142283886
323.00657983054157,-24.63822520556106,1.0000000000000002,-1.548716428252101,-7.739797381406095,-141.1750764917317
323.0163886616113,-24.634628504063716,1.0000000000000002,-1.5457800350248565,-7.738669220730001,-141.18508174992996
323.0261971837431,-24.631031624301603,1.0000000000000002,-1.542844081215753,-7.737540874901639,-141.19562826177304
323.03600537707086,-24.6274345305739,1.0000000000000004,-1.539908565705188,-7.7364123367942295,-141.2067142860505
323.04581322171947,-24.623837187185096,1.0000000000000004,-1.53697348737475,-7.735283599282083,-141.21833808155202
323.0556206978052,-24.62023955844479,1.0000000000000004,-1.5340388451072346,-7.7341546552405696,-141.2304979070671
323.0654277854349,-24.616641608667848,1.0000000000000004,-1.5311046377867168,-7.733025497546128,-141.24319202138545
323.07523446470685,-24.613043302174255,1.0000000000000002,-1.528170864298465,-7.731896119076304,-141.25641868329666
323.0850407157103,-24.609444603289273,1.0000000000000002,-1.5252375235289541,-7.730766512709666,-141.2701761515903
323.0948465185256,-24.605845476343283,1.0000000000000004,-1.522304614365881,-7.729636671325908,-141.28446268505604
323.1046518532241,-24.60224588567191,1.0000000000000004,-1.5193721356982355,-7.728506587805767,-141.2992765424835
323.11445669986836,-24.598645795615997,1.0000000000000002,-1.516440086416095,-7.727376255031085,-141.31461598266225
323.12426103851203,-24.59504517052146,1.0000000000000004,-1.5135084654108688,-7.726245665884732,-141.3304792643819
323.1340648491998,-24.59144397473957,1.0000000000000002,-1.5105772715750945,-7.725114813250712,-141.34686464643207
323.14386811196766,-24.58784217262661,1.0000000000000004,-1.5076465038025493,-7.723983690014043,-141.36377038760233
323.1536708068425,-24.584239728544215,1.0000000000000004,-1.5047161609882505,-7.722852289060868,-141.38119474668238
323.16347291384267,-24.58063660685908,1.0000000000000004,-1.5017862420283326,-7.721720603278381,-141.3991359824618
323.17327441297726,-24.577032771943184,1.0000000000000002,-1.498856745820218,-7.720588625554856,-141.4175923537302
323.18307528424697,-24.57342818817359,1.0000000000000002,-1.4959276712624927,-7.719456348779639,-141.4365621192772
323.1928755076433,-24.56982281993263,1.0000000000000004,-1.4929990172549363,-7.718323765843155,-141.45604353789238
323.2026750631491,-24.56621663160781,1.0000000000000004,-1.4900707826985151,-7.7171908696369105,-141.4760348683654
323.21247393073844,-24.562609587591737,1.0000000000000002,-1.487142966495421,-7.716057653053482,-141.4965343694858
323.2222720903765,-24.55900165228231,1.0000000000000004,-1.4842155675489455,-7.71492410898651,-141.51754030004327
323.2320695220198,-24.555392790082493,1.0000000000000002,-1.4812885847637016,-7.713790230330748,-141.53905091882737
323.24186620561596,-24.55178296540053,1.0000000000000004,-1.478362017045331,-7.712656009981969,-141.56106448462774
323.25166212110395,-24.548172142649754,1.0000000000000004,-1.4754358633007918,-7.7115214408370845,-141.58357925623403
323.2614572484136,-24.544560286248753,1.0000000000000002,-1.4725101224381785,-7.7103865157940366,-141.60659349243574
323.2712515674667,-24.540947360621196,1.0000000000000002,-1.4695847933666517,-7.70925122775186,-141.63010545202255
323.2810450581756,-24.537333330195988,1.0000000000000002,-1.466659874996708,-7.708115569610666,-141.6541133937841
323.29083770044434,-24.53371815940722,1.0000000000000002,-1.463735366239888,-7.706979534271649,-141.67861557650994
323.3006294741681,-24.53010181269406,1.0000000000000002,-1.4608112660089887,-7.705843114637068,-141.70361025898976
323.3104203592333,-24.526484254500957,1.0000000000000002,-1.4578875732178798,-7.704706303610269,-141.72909570001306
323.3202103355178,-24.522865449277404,1.0000000000000004,-1.454964286781653,-7.703569094095669,-141.7550701583696
323.3299993828906,-24.519245361478184,1.0000000000000002,-1.4520414056165407,-7.702431478998774,-141.78153189284885
323.3397874812123,-24.515623955563107,1.0000000000000004,-1.4491189286399013,-7.701293451226145,-141.80847916224064
323.3495746103344,-24.51200119599728,1.0000000000000004,-1.446196854770287,-7.700155003685445,-141.8359102253342
323.3593607501002,-24.508377047250836,1.0000000000000002,-1.443275182927339,-7.699016129285413,-141.86382334091948
323.3691458803442,-24.50475147379916,1.0000000000000002,-1.4403539120318953,-7.697876820935847,-141.89221676778595
323.37892998089205,-24.50112444012277,1.0000000000000004,-1.4374330410058782,-7.696737071547634,-141.9210887647233
323.38871303156117,-24.497495910707286,1.0000000000000002,-1.434512568772405,-7.695596874032759,-141.9504375905211
323.39849501215986,-24.493865850043562,1.0000000000000002,-1.431592494255705,-7.694456221304249,-141.9802615039689
323.40827590248847,-24.4902342226275,1.0000000000000002,-1.4286728163810718,-7.6933151062762395,-142.01055876385644
323.41805568233815,-24.48660099296026,1.0000000000000002,-1.4257535340750316,-7.692173521863934,-142.0413276289732
323.4278343314919,-24.482966125548035,1.0000000000000004,-1.4228346462651604,-7.691031460983614,-142.07256635810887
323.4376118297239,-24.47932958490227,1.0000000000000002,-1.4199161518801588,-7.689888916552654,-142.10427321005304
323.4473881568,-24.475691335539445,1.0000000000000004,-1.41699804984985,-7.6887458814894885,-142.1364464435954
323.45716329247733,-24.472051341981253,1.0000000000000002,-1.4140803391051922,-7.687602348713656,-142.16908431752543
323.46693721650456,-24.468409568754527,1.0000000000000004,-1.411163018578197,-7.686458311145751,-142.20218509063287
323.47670990862184,-24.46476598039115,1.0000000000000004,-1.4082460872020306,-7.685313761707456,-142.23574702170717
323.48648134856086,-24.461120541428258,1.0000000000000002,-1.4053295439109288,-7.684168693321558,-142.2697683695381
323.4962515160448,-24.45747321640799,1.0000000000000004,-1.4024133876402,-7.683023098911891,-142.30424739291522
323.5060203907883,-24.45382396987775,1.0000000000000004,-1.3994976173263396,-7.681876971403392,-142.3391823506281
323.51578795249776,-24.45017276638992,1.0000000000000004,-1.3965822319067787,-7.680730303722076,-142.3745715014664
323.5255541808707,-24.446519570502137,1.0000000000000004,-1.3936672303201867,-7.679583088795035,-142.41041310421974
323.5353190555967,-24.44286434677706,1.0000000000000002,-1.390752611506235,-7.678435319550447,-142.44670541767763
323.5450825563566,-24.439207059782532,1.0000000000000004,-1.387838374405634,-7.677286988917571,-142.48344670062986
323.5548446628229,-24.435547674091513,1.0000000000000002,-1.3849245179602114,-7.676138089826756,-142.52063521186597
323.56460535465976,-24.431886154282,1.0000000000000004,-1.3820110411129125,-7.6749886152094176,-142.55826921017544
323.57436461152287,-24.428222464937225,1.0000000000000004,-1.3790979428076522,-7.673838557998082,-142.59634695434804
323.58412241305973,-24.424556570645397,1.0000000000000002,-1.3761852219894308,-7.67268791112634,-142.63486670317334
323.59387873890915,-24.42088843599994,1.0000000000000004,-1.3732728776043697,-7.671536667528852,-142.673826715441
323.60363356870204,-24.417218025599297,1.0000000000000004,-1.3703609085995225,-7.670384820141399,-142.71322524994048
323.6133868820605,-24.41354530404711,1.0000000000000004,-1.367449313923089,-7.669232361900829,-142.7530605654615
323.6231386585988,-24.409870235952,1.0000000000000004,-1.3645380925242598,-7.668079285745059,-142.79333092079372
323.63288887792254,-24.40619278592779,1.0000000000000004,-1.3616272433532721,-7.666925584613126,-142.8340345747267
323.64263751962915,-24.402512918593374,1.0000000000000004,-1.358716765361418,-7.665771251445122,-142.87516978605
323.6523845633079,-24.398830598572673,1.0000000000000004,-1.3558066575009615,-7.664616279182237,-142.91673481355326
323.66212998853956,-24.39514579049479,1.0000000000000004,-1.3528969187252997,-7.663460660766747,-142.95872791602616
323.67187377489705,-24.391458458993828,1.0000000000000002,-1.3499875479886878,-7.662304389142022,-143.00114735225827
323.6816159019445,-24.38776856870906,1.0000000000000004,-1.3470785442465552,-7.661147457252492,-143.04399138103918
323.6913563492385,-24.384076084284743,1.0000000000000004,-1.3441699064552157,-7.659989858043719,-143.08725826115855
323.7010950963268,-24.380380970370318,1.0000000000000002,-1.3412616335720742,-7.658831584462312,-143.13094625140587
323.71083212274937,-24.376683191620188,1.0000000000000002,-1.3383537245555193,-7.657672629455977,-143.17505361057093
323.720567408038,-24.37298271269392,1.0000000000000004,-1.335446178364851,-7.656512985973524,-143.21957859744325
323.730300931716,-24.36927949825614,1.0000000000000004,-1.3325389939605081,-7.655352646964841,-143.26451947081242
323.74003267329897,-24.36557351297647,1.0000000000000004,-1.3296321703037748,-7.654191605380901,-143.30987448946806
323.7497626122941,-24.361864721529695,1.0000000000000002,-1.3267257063570241,-7.653029854173776,-143.35564191219987
323.75949072820055,-24.35815308859555,1.0000000000000002,-1.3238196010835335,-7.651867386296613,-143.40181999779733
323.7692170005094,-24.35443857885895,1.0000000000000002,-1.320913853447582,-7.650704194703666,-143.44840700505017
323.77894140870376,-24.350721157009744,1.0000000000000002,-1.3180084624143937,-7.64954027235027,-143.49540119274792
323.78866393225843,-24.347000787742942,1.0000000000000004,-1.31510342695017,-7.64837561219284,-143.54280081968022
323.79838455064044,-24.34327743575851,1.0000000000000004,-1.3121987460220996,-7.647210207188905,-143.5906041446367
323.8081032433086,-24.339551065761505,1.0000000000000004,-1.309294418598249,-7.646044050297078,-143.63880942640697
323.81781998971366,-24.335821642462072,1.0000000000000004,-1.3063904436477092,-7.644877134477051,-143.68741492378064
323.8275347692987,-24.332089130575277,1.0000000000000002,-1.3034868201404528,-7.643709452689615,-143.73641889554725
323.8372475614985,-24.328353494821346,1.0000000000000004,-1.3005835470474025,-7.642540997896653,-143.78581960049652
323.84695834573995,-24.324614699925423,1.0000000000000004,-1.297680623340435,-7.641371763061146,-143.83561529741803
323.8566671014421,-24.320872710617813,1.0000000000000004,-1.2947780479923114,-7.640201741147166,-143.88580424510133
323.866373808016,-24.317127491633702,1.0000000000000004,-1.291875819976763,-7.639030925119876,-143.93638470233608
323.8760784448648,-24.31337900771343,1.0000000000000002,-1.2889739382684038,-7.637859307945526,-143.98735492791192
323.8857809913837,-24.309627223602238,1.0000000000000004,-1.2860724018427288,-7.636686882591471,-144.03871318061843
323.89548142696015,-24.305872104050483,1.0000000000000002,-1.2831712096761727,-7.635513642026165,-144.0904577192452
323.90517973097343,-24.302113613813503,1.0000000000000002,-1.2802703607461066,-7.634339579219128,-144.14258680258192
323.9148758827955,-24.298351717651595,1.0000000000000004,-1.2773698540307041,-7.633164687141009,-144.19509868941816
323.92456986178996,-24.294586380330152,1.0000000000000002,-1.274469688509111,-7.631988958763543,-144.2479916385435
323.934261647313,-24.290817566619463,1.0000000000000002,-1.2715698631612646,-7.630812387059543,-144.30126390874761
323.94395121871275,-24.287045241294937,1.0000000000000004,-1.2686703769680499,-7.629634965002944,-144.35491375882003
323.9536385553297,-24.283269369136843,1.0000000000000004,-1.2657712289112286,-7.628456685568752,-144.40893944755044
323.9633236364965,-24.279489914930586,1.0000000000000004,-1.2628724179733464,-7.627277541733103,-144.46333923372836
323.9730064415382,-24.275706843466416,1.0000000000000002,-1.2599739431379007,-7.6260975264732,-144.51811137614348
323.982686949772,-24.27192011953966,1.0000000000000004,-1.257075803389169,-7.624916632767346,-144.5732541335855
323.99236514050745,-24.268129707950642,1.0000000000000002,-1.2541779977123113,-7.623734853594958,-144.6287657648438
324.0020409930464,-24.264335573504564,1.0000000000000004,-1.2512805250933248,-7.622552181936551,-144.68464452870825
324.011714486683,-24.260537681011705,1.0000000000000002,-1.2483833845190286,-7.621368610773721,-144.74088868396822
324.0213856007038,-24.256735995287226,1.0000000000000002,-1.2454865749770914,-7.620184133089184,-144.79749648941353
324.0310543143877,-24.25293048115133,1.0000000000000002,-1.2425900954560127,-7.618998741866737,-144.85446620383368
324.04072060700605,-24.249121103429115,1.0000000000000002,-1.239693944945051,-7.617812430091289,-144.91179608601826
324.0503844578225,-24.245307826950707,1.0000000000000004,-1.2367981224343403,-7.616625190748839,-144.96948439475693
324.0600458460932,-24.241490616551097,1.0000000000000004,-1.2339026269147713,-7.615437016826504,-145.02752938883938
324.0697047510667,-24.23766943707031,1.0000000000000002,-1.2310074573780732,-7.614247901312491,-145.08592932705503
324.07936115198396,-24.23384425335329,1.0000000000000004,-1.2281126128167585,-7.613057837196097,-145.14468246819368
324.08901502807873,-24.230015030249877,1.0000000000000004,-1.225218092224079,-7.611866817467746,-145.20378707104481
324.0986663585768,-24.226181732614936,1.0000000000000002,-1.2223238945941368,-7.610674835118942,-145.26324139439808
324.10831512269687,-24.22234432530818,1.0000000000000004,-1.2194300189217628,-7.60948188314231,-145.3230436970432
324.1179612996499,-24.218502773194306,1.0000000000000002,-1.2165364642025693,-7.6082879545315585,-145.3831922377696
324.12760486863954,-24.2146570411429,1.0000000000000004,-1.2136432294329467,-7.607093042281512,-145.44368527536705
324.137245808862,-24.21080709402852,1.0000000000000004,-1.2107503136099975,-7.605897139388097,-145.50452106862508
324.1468840995063,-24.20695289673058,1.0000000000000004,-1.207857715731576,-7.604700238848344,-145.56569787633327
324.15651971975365,-24.203094414133446,1.0000000000000004,-1.204965434796346,-7.603502333660389,-145.62721395728133
324.16615264877817,-24.199231611126407,1.0000000000000004,-1.202073469803624,-7.602303416823467,-145.68906757025883
324.17578286574667,-24.195364452603595,1.0000000000000002,-1.1991818197535018,-7.601103481337925,-145.75125697405534
324.1854103498184,-24.191492903464116,1.0000000000000002,-1.1962904836467985,-7.599902520205195,-145.81378042746053
324.1950350801457,-24.187616928611906,1.0000000000000004,-1.193399460484983,-7.598700526427859,-145.876636189264
324.2046570358732,-24.18373649295586,1.0000000000000004,-1.1905087492703395,-7.597497493009563,-145.93982251825537
324.2142761961386,-24.179851561409684,1.0000000000000004,-1.1876183490057457,-7.596293412955084,-146.0033376732242
324.2238925400721,-24.17596209889203,1.0000000000000004,-1.1847282586948626,-7.595088279270282,-146.06717991296014
324.2335060467969,-24.172068070326386,1.0000000000000004,-1.18183847734198,-7.593882084962154,-146.1313474962528
