galstreams/tracks/track.st.M92.thomas2020.ecsv
# %ECSV 0.9
# ---
# datatype:
# - {name: ra, unit: deg, datatype: float64}
# - {name: dec, unit: deg, datatype: float64}
# - {name: distance, unit: kpc, datatype: float64}
# - {name: pm_ra_cosdec, unit: mas / yr, datatype: float64}
# - {name: pm_dec, unit: mas / yr, datatype: float64}
# - {name: radial_velocity, unit: km / s, datatype: float64}
# delimiter: ','
# meta: !!omap
# - __serialized_columns__:
#     dec:
#       __class__: astropy.coordinates.angles.Latitude
#       unit: &id001 !astropy.units.Unit {unit: deg}
#       value: !astropy.table.SerializedColumn {name: dec}
#     distance:
#       __class__: astropy.coordinates.distances.Distance
#       unit: !astropy.units.Unit {unit: kpc}
#       value: !astropy.table.SerializedColumn {name: distance}
#     pm_dec:
#       __class__: astropy.units.quantity.Quantity
#       unit: !astropy.units.Unit {unit: mas / yr}
#       value: !astropy.table.SerializedColumn {name: pm_dec}
#     pm_ra_cosdec:
#       __class__: astropy.units.quantity.Quantity
#       unit: !astropy.units.Unit {unit: mas / yr}
#       value: !astropy.table.SerializedColumn {name: pm_ra_cosdec}
#     ra:
#       __class__: astropy.coordinates.angles.Longitude
#       unit: *id001
#       value: !astropy.table.SerializedColumn {name: ra}
#       wrap_angle: !astropy.coordinates.Angle
#         unit: *id001
#         value: 360.0
#     radial_velocity:
#       __class__: astropy.units.quantity.Quantity
#       unit: !astropy.units.Unit {unit: km / s}
#       value: !astropy.table.SerializedColumn {name: radial_velocity}
# schema: astropy-2.0
ra,dec,distance,pm_ra_cosdec,pm_dec,radial_velocity
[from data line 721]
260.13737157494035,43.00260688202825,8.300000000000004,0.0,0.0,0.0
260.1510660099798,43.002217366268944,8.300000000000002,0.0,0.0,0.0
260.1647585735987,43.001815410287996,8.300000000000002,0.0,0.0,0.0
260.1784492593907,43.00140102437121,8.300000000000002,0.0,0.0,0.0
260.1921380609593,43.00097421879575,8.300000000000004,0.0,0.0,0.0
260.2058249719185,43.00053500383015,8.300000000000004,0.0,0.0,0.0
260.21950998589216,43.00008338973438,8.300000000000004,0.0,0.0,0.0
260.23319309651447,42.99961938675977,8.300000000000004,0.0,0.0,0.0
260.24687429742943,42.99914300514911,8.300000000000004,0.0,0.0,0.0
260.26055358229155,42.99865425513659,8.300000000000004,0.0,0.0,0.0
260.27423094476524,42.99815314694788,8.300000000000004,0.0,0.0,0.0
260.2879063785251,42.99763969080004,8.300000000000002,0.0,0.0,0.0
260.30157987725596,42.99711389690166,8.300000000000004,0.0,0.0,0.0
260.3152514346525,42.996575775452754,8.300000000000002,0.0,0.0,0.0
260.32892104442,42.99602533664482,8.300000000000004,0.0,0.0,0.0
260.3425887002734,42.9954625906609,8.300000000000004,0.0,0.0,0.0
260.35625439593804,42.99488754767548,8.300000000000002,0.0,0.0,0.0
260.36991812514935,42.9943002178546,8.300000000000002,0.0,0.0,0.0
260.3835798816529,42.99370061135579,8.300000000000002,0.0,0.0,0.0
260.3972396592045,42.993088738328176,8.300000000000004,0.0,0.0,0.0
260.41089745156984,42.99246460891236,8.300000000000004,0.0,0.0,0.0
260.424553252525,42.991828233240554,8.300000000000002,0.0,0.0,0.0
260.4382070558562,42.991179621436544,8.300000000000002,0.0,0.0,0.0
260.45185885535955,42.99051878361563,8.300000000000004,0.0,0.0,0.0
260.46550864484163,42.98984572988479,8.300000000000004,0.0,0.0,0.0
260.47915641811886,42.98916047034253,8.300000000000002,0.0,0.0,0.0
260.49280216901815,42.988463015079034,8.300000000000002,0.0,0.0,0.0
260.5064458913763,42.987753374176066,8.300000000000004,0.0,0.0,0.0
260.52008757904025,42.98703155770702,8.300000000000002,0.0,0.0,0.0
260.53372722586727,42.98629757573694,8.300000000000002,0.0,0.0,0.0
260.5473648257246,42.98555143832257,8.300000000000002,0.0,0.0,0.0
260.56100037248984,42.98479315551225,8.300000000000004,0.0,0.0,0.0
260.57463386005037,42.98402273734604,8.300000000000002,0.0,0.0,0.0
260.5882652823042,42.98324019385568,8.300000000000004,0.0,0.0,0.0
260.6018946331591,42.98244553506462,8.300000000000002,0.0,0.0,0.0
260.61552190653316,42.98163877098798,8.300000000000002,0.0,0.0,0.0
260.6291470963546,42.98081991163264,8.300000000000004,0.0,0.0,0.0
260.6427701965618,42.979988966997205,8.300000000000004,0.0,0.0,0.0
260.6563912011033,42.97914594707199,8.300000000000004,0.0,0.0,0.0
260.6700101039377,42.978290861839106,8.300000000000002,0.0,0.0,0.0
260.6836268990339,42.9774237212724,8.300000000000004,0.0,0.0,0.0
260.6972415803709,42.9765445353375,8.300000000000002,0.0,0.0,0.0
260.7108541419378,42.97565331399181,8.300000000000004,0.0,0.0,0.0
260.7244645777338,42.97475006718455,8.300000000000002,0.0,0.0,0.0
260.7380728817684,42.97383480485672,8.300000000000004,0.0,0.0,0.0
260.75167904806113,42.97290753694117,8.300000000000004,0.0,0.0,0.0
260.7652830706419,42.97196827336253,8.300000000000002,0.0,0.0,0.0
260.7788849435504,42.97101702403734,8.300000000000004,0.0,0.0,0.0
260.7924846608368,42.97005379887389,8.300000000000002,0.0,0.0,0.0
260.8060822165612,42.96907860777243,8.300000000000004,0.0,0.0,0.0
260.81967760479404,42.968091460625025,8.300000000000006,0.0,0.0,0.0
260.8332708196158,42.96709236731564,8.300000000000002,0.0,0.0,0.0
260.8468618551171,42.966081337720105,8.300000000000004,0.0,0.0,0.0
260.86045070539876,42.96505838170619,8.300000000000004,0.0,0.0,0.0
260.8740373645717,42.96402350913358,8.300000000000002,0.0,0.0,0.0
260.887621826757,42.962976729853835,8.300000000000004,0.0,0.0,0.0
260.9012040860861,42.96191805371051,8.300000000000004,0.0,0.0,0.0
260.91478413670023,42.96084749053907,8.300000000000004,0.0,0.0,0.0
260.9283619727509,42.959765050166936,8.300000000000002,0.0,0.0,0.0
260.94193758840004,42.95867074241354,8.300000000000004,0.0,0.0,0.0
260.9555109778193,42.95756457709025,8.300000000000004,0.0,0.0,0.0
260.96908213519083,42.95644656400042,8.300000000000004,0.0,0.0,0.0
260.98265105470665,42.95531671293944,8.300000000000004,0.0,0.0,0.0
260.99621773056913,42.95417503369468,8.300000000000002,0.0,0.0,0.0
261.00978215699064,42.95302153604557,8.300000000000004,0.0,0.0,0.0
261.02334432819396,42.9518562297635,8.300000000000002,0.0,0.0,0.0
261.0369042384116,42.95067912461199,8.300000000000004,0.0,0.0,0.0
261.05046188188663,42.94949023034655,8.300000000000002,0.0,0.0,0.0
261.06401725287196,42.94828955671479,8.3,0.0,0.0,0.0
261.0775703456307,42.9470771134564,8.300000000000002,0.0,0.0,0.0
261.09112115443634,42.945852910303124,8.300000000000002,0.0,0.0,0.0
261.10466967357235,42.94461695697884,8.300000000000004,0.0,0.0,0.0
261.1182158973321,42.94336926319951,8.300000000000004,0.0,0.0,0.0
261.1317598200195,42.94210983867321,8.300000000000002,0.0,0.0,0.0
261.1453014359484,42.94083869310018,8.300000000000002,0.0,0.0,0.0
261.15884073944284,42.93955583617278,8.300000000000002,0.0,0.0,0.0
261.1723777248369,42.938261277575506,8.300000000000004,0.0,0.0,0.0
261.18591238647497,42.936955026985046,8.300000000000004,0.0,0.0,0.0
261.19944471871133,42.93563709407026,8.300000000000004,0.0,0.0,0.0
261.21297471591066,42.93430748849216,8.300000000000004,0.0,0.0,0.0
261.22650237244767,42.93296621990399,8.300000000000004,0.0,0.0,0.0
261.2400276827072,42.93161329795118,8.300000000000004,0.0,0.0,0.0
261.2535506410841,42.93024873227138,8.300000000000004,0.0,0.0,0.0
261.26707124198356,42.92887253249447,8.300000000000004,0.0,0.0,0.0
261.2805894798207,42.92748470824258,8.300000000000004,0.0,0.0,0.0
261.294105349021,42.92608526913007,8.300000000000002,0.0,0.0,0.0
261.3076188440198,42.92467422476356,8.300000000000002,0.0,0.0,0.0
261.3211299592629,42.92325158474195,8.300000000000004,0.0,0.0,0.0
261.33463868920586,42.92181735865643,8.300000000000004,0.0,0.0,0.0
261.3481450283145,42.92037155609049,8.300000000000004,0.0,0.0,0.0
261.361648971065,42.91891418661987,8.300000000000002,0.0,0.0,0.0
261.3751505119432,42.9174452598127,8.300000000000004,0.0,0.0,0.0
261.3886496454455,42.91596478522938,8.300000000000002,0.0,0.0,0.0
261.40214636607817,42.914472772422656,8.300000000000004,0.0,0.0,0.0
261.41564066835775,42.91296923093764,8.300000000000004,0.0,0.0,0.0
261.4291325468106,42.911454170311785,8.300000000000002,0.0,0.0,0.0
261.4426219959735,42.90992760007493,8.300000000000004,0.0,0.0,0.0
261.45610901039333,42.90838952974928,8.300000000000002,0.0,0.0,0.0
261.4695935846268,42.90683996884942,8.300000000000002,0.0,0.0,0.0
261.48307571324113,42.90527892688237,8.300000000000002,0.0,0.0,0.0
261.4965553908133,42.903706413347514,8.300000000000002,0.0,0.0,0.0
261.5100326119305,42.90212243773673,8.3,0.0,0.0,0.0
261.5235073711902,42.90052700953425,8.300000000000002,0.0,0.0,0.0
261.5369796631997,42.898920138216795,8.300000000000002,0.0,0.0,0.0
261.55044948257665,42.89730183325354,8.3,0.0,0.0,0.0
261.56391682394855,42.895672104106126,8.299999999999999,0.0,0.0,0.0
261.57738168195317,42.89403096022867,8.300000000000002,0.0,0.0,0.0
261.5908440512383,42.89237841106776,8.300000000000002,0.0,0.0,0.0
261.60430392646197,42.89071446606249,8.3,0.0,0.0,0.0
261.61776130229214,42.88903913464451,8.300000000000002,0.0,0.0,0.0
261.63121617340676,42.88735242623793,8.300000000000002,0.0,0.0,0.0
261.64466853449426,42.885654350259415,8.3,0.0,0.0,0.0
261.6581183802527,42.88394491611815,8.3,0.0,0.0,0.0
261.67156570539055,42.882224133215935,8.3,0.0,0.0,0.0
261.68501050462623,42.88049201094709,8.3,0.0,0.0,0.0
261.6984527726882,42.87874855869849,8.300000000000002,0.0,0.0,0.0
261.7118925043152,42.87699378584964,8.300000000000002,0.0,0.0,0.0
261.72532969425566,42.87522770177264,8.3,0.0,0.0,0.0
261.73876433726855,42.87345031583215,8.300000000000002,0.0,0.0,0.0
261.75219642812266,42.871661637385515,8.300000000000002,0.0,0.0,0.0
261.76562596159675,42.86986167578266,8.3,0.0,0.0,0.0
261.77905293247994,42.868050440366176,8.300000000000002,0.0,0.0,0.0
261.7924773355711,42.86622794047129,8.300000000000002,0.0,0.0,0.0
261.8058991656794,42.86439418542591,8.300000000000002,0.0,0.0,0.0
261.819318417624,42.862549184550595,8.3,0.0,0.0,0.0
261.8327350862341,42.86069294715862,8.300000000000002,0.0,0.0,0.0
261.84614916634894,42.858825482555915,8.3,0.0,0.0,0.0
261.8595606528178,42.85694680004115,8.299999999999999,0.0,0.0,0.0
261.8729695405001,42.855056908905695,8.3,0.0,0.0,0.0
261.8863758242653,42.85315581843366,8.300000000000002,0.0,0.0,0.0
261.8997794989928,42.851243537901894,8.300000000000002,0.0,0.0,0.0
261.9131805595722,42.84932007657997,8.3,0.0,0.0,0.0
261.9265790009029,42.84738544373025,8.3,0.0,0.0,0.0
261.93997481789467,42.84543964860788,8.300000000000002,0.0,0.0,0.0
261.95336800546704,42.84348270046074,8.3,0.0,0.0,0.0
261.96675855854966,42.84151460852954,8.300000000000002,0.0,0.0,0.0
261.9801464720823,42.8395353820478,8.3,0.0,0.0,0.0
261.9935317410147,42.83754503024182,8.300000000000002,0.0,0.0,0.0
262.00691436030655,42.83554356233078,8.300000000000002,0.0,0.0,0.0
262.02029432492776,42.83353098752663,8.300000000000002,0.0,0.0,0.0
262.03367162985796,42.83150731503423,8.300000000000002,0.0,0.0,0.0
262.0470462700871,42.82947255405128,8.3,0.0,0.0,0.0
262.06041824061504,42.82742671376832,8.300000000000002,0.0,0.0,0.0
262.07378753645156,42.82536980336881,8.300000000000002,0.0,0.0,0.0
262.08715415261656,42.8233018320291,8.300000000000002,0.0,0.0,0.0
262.10051808414,42.821222808918414,8.3,0.0,0.0,0.0
262.11387932606164,42.81913274319893,8.300000000000002,0.0,0.0,0.0
262.12723787343145,42.817031644025704,8.300000000000002,0.0,0.0,0.0
262.14059372130924,42.81491952054675,8.3,0.0,0.0,0.0
262.15394686476503,42.81279638190306,8.300000000000002,0.0,0.0,0.0
262.1672972988787,42.81066223722855,8.3,0.0,0.0,0.0
262.18064501873994,42.80851709565008,8.3,0.0,0.0,0.0
262.1939900194488,42.80636096628756,8.300000000000002,0.0,0.0,0.0
262.2073322961151,42.80419385825384,8.300000000000002,0.0,0.0,0.0
262.2206718438586,42.80201578065476,8.300000000000002,0.0,0.0,0.0
262.2340086578092,42.79982674258923,8.3,0.0,0.0,0.0
262.2473427331067,42.79762675314915,8.3,0.0,0.0,0.0
262.2606740649008,42.795415821419425,8.300000000000002,0.0,0.0,0.0
262.2740026483513,42.793193956478056,8.3,0.0,0.0,0.0
262.2873284786279,42.79096116739609,8.3,0.0,0.0,0.0
262.3006515509103,42.78871746323762,8.300000000000002,0.0,0.0,0.0
262.313971860388,42.78646285305982,8.3,0.0,0.0,0.0
262.3272894022608,42.784197345912986,8.3,0.0,0.0,0.0
262.3406041717381,42.78192095084049,8.300000000000002,0.0,0.0,0.0
262.3539161640395,42.779633676878795,8.300000000000002,0.0,0.0,0.0
262.3672253743944,42.77733553305754,8.3,0.0,0.0,0.0
262.3805317980423,42.77502652839945,8.3,0.0,0.0,0.0
262.3938354302324,42.7727066719204,8.300000000000002,0.0,0.0,0.0
262.40713626622414,42.77037597262947,8.300000000000002,0.0,0.0,0.0
262.4204343012866,42.768034439528854,8.300000000000002,0.0,0.0,0.0
262.43372953069905,42.76568208161393,8.300000000000002,0.0,0.0,0.0
262.44702194975054,42.76331890787328,8.300000000000004,0.0,0.0,0.0
262.46031155374004,42.76094492728867,8.300000000000002,0.0,0.0,0.0
262.47359833797657,42.75856014883511,8.3,0.0,0.0,0.0
262.48688229777895,42.75616458148079,8.3,0.0,0.0,0.0
262.500163428476,42.75375823418716,8.3,0.0,0.0,0.0
262.5134417254063,42.7513411159089,8.3,0.0,0.0,0.0
262.5267171839186,42.74891323559395,8.3,0.0,0.0,0.0
262.5399897993713,42.74647460218352,8.300000000000002,0.0,0.0,0.0
262.55325956713284,42.74402522461208,8.300000000000002,0.0,0.0,0.0
262.56652648258154,42.74156511180742,8.300000000000002,0.0,0.0,0.0
262.57979054110564,42.73909427269059,8.300000000000002,0.0,0.0,0.0
262.5930517381031,42.736612716175976,8.3,0.0,0.0,0.0
262.6063100689821,42.734120451171286,8.3,0.0,0.0,0.0
262.6195655291604,42.73161748657754,8.300000000000002,0.0,0.0,0.0
262.6328181140658,42.72910383128912,8.300000000000002,0.0,0.0,0.0
262.64606781913585,42.72657949419374,8.300000000000002,0.0,0.0,0.0
262.6593146398182,42.72404448417253,8.3,0.0,0.0,0.0
262.67255857157016,42.721498810099924,8.3,0.0,0.0,0.0
262.6857996098589,42.7189424808438,8.3,0.0,0.0,0.0
262.69903775016166,42.7163755052654,8.300000000000002,0.0,0.0,0.0
262.7122729879654,42.7137978922194,8.300000000000002,0.0,0.0,0.0
262.72550531876686,42.711209650553876,8.3,0.0,0.0,0.0
262.73873473807276,42.708610789110345,8.300000000000002,0.0,0.0,0.0
262.75196124139967,42.70600131672377,8.300000000000002,0.0,0.0,0.0
262.76518482427383,42.70338124222257,8.300000000000002,0.0,0.0,0.0
262.7784054822317,42.70075057442862,8.3,0.0,0.0,0.0
262.79162321081907,42.69810932215725,8.300000000000002,0.0,0.0,0.0
262.80483800559205,42.69545749421734,8.300000000000002,0.0,0.0,0.0
262.8180498621162,42.692795099411185,8.3,0.0,0.0,0.0
262.8312587759671,42.69012214653466,8.300000000000002,0.0,0.0,0.0
262.84446474273017,42.68743864437713,8.300000000000002,0.0,0.0,0.0
262.8576677580005,42.68474460172147,8.300000000000004,0.0,0.0,0.0
262.8708678173832,42.682040027344144,8.299999999999999,0.0,0.0,0.0
262.88406491649295,42.67932493001513,8.299999999999999,0.0,0.0,0.0
262.8972590509544,42.676599318497985,8.300000000000004,0.0,0.0,0.0
262.91045021640207,42.67386320154984,8.300000000000002,0.0,0.0,0.0
262.92363840848003,42.67111658792142,8.3,0.0,0.0,0.0
262.9368236228424,42.66835948635704,8.300000000000002,0.0,0.0,0.0
262.9500058551529,42.66559190559462,8.300000000000002,0.0,0.0,0.0
262.963185101085,42.6628138543657,8.3,0.0,0.0,0.0
262.97636135632234,42.66002534139547,8.3,0.0,0.0,0.0
262.9895346165579,42.65722637540273,8.3,0.0,0.0,0.0
263.0027048774946,42.654416965099955,8.300000000000004,0.0,0.0,0.0
263.0158721348451,42.65159711919328,8.300000000000002,0.0,0.0,0.0
263.02903638433185,42.64876684638252,8.300000000000002,0.0,0.0,0.0
263.04219762168714,42.64592615536115,8.3,0.0,0.0,0.0
263.0553558426529,42.64307505481638,8.3,0.0,0.0,0.0
263.06851104298073,42.64021355342911,8.3,0.0,0.0,0.0
263.08166321843237,42.63734165987395,8.3,0.0,0.0,0.0
263.09481236477876,42.634459382819266,8.3,0.0,0.0,0.0
263.107958477801,42.63156673092714,8.300000000000002,0.0,0.0,0.0
263.12110155328975,42.628663712853424,8.3,0.0,0.0,0.0
263.1342415870453,42.62575033724772,8.300000000000002,0.0,0.0,0.0
263.1473785748781,42.62282661275343,8.300000000000002,0.0,0.0,0.0
263.16051251260774,42.619892548007705,8.3,0.0,0.0,0.0
263.1736433960638,42.61694815164152,8.3,0.0,0.0,0.0
263.18677122108585,42.613993432279656,8.3,0.0,0.0,0.0
263.1998959835226,42.611028398540725,8.300000000000002,0.0,0.0,0.0
263.213017679233,42.60805305903713,8.3,0.0,0.0,0.0
263.2261363040853,42.60506742237515,8.300000000000002,0.0,0.0,0.0
263.2392518539577,42.602071497154924,8.300000000000002,0.0,0.0,0.0
263.252364324738,42.599065291970426,8.3,0.0,0.0,0.0
263.2654737123236,42.59604881540951,8.3,0.0,0.0,0.0
263.27858001262183,42.59302207605395,8.3,0.0,0.0,0.0
263.2916832215495,42.589985082479366,8.3,0.0,0.0,0.0
263.30478333503305,42.586937843255356,8.300000000000002,0.0,0.0,0.0
263.3178803490087,42.58388036694535,8.300000000000002,0.0,0.0,0.0
263.33097425942236,42.58081266210677,8.3,0.0,0.0,0.0
263.34406506222956,42.577734737290996,8.300000000000002,0.0,0.0,0.0
263.35715275339544,42.5746466010433,8.300000000000002,0.0,0.0,0.0
263.37023732889486,42.57154826190297,8.300000000000002,0.0,0.0,0.0
263.3833187847123,42.568439728403234,8.3,0.0,0.0,0.0
263.39639711684185,42.565321009071326,8.3,0.0,0.0,0.0
263.40947232128724,42.562192112428484,8.300000000000002,0.0,0.0,0.0
263.4225443940619,42.55905304698994,8.3,0.0,0.0,0.0
263.4356133311889,42.55590382126497,8.300000000000002,0.0,0.0,0.0
263.44867912870075,42.55274444375684,8.300000000000002,0.0,0.0,0.0
263.46174178263976,42.549574922962925,8.3,0.0,0.0,0.0
263.47480128905795,42.54639526737457,8.300000000000002,0.0,0.0,0.0
263.4878576440166,42.543205485477245,8.300000000000002,0.0,0.0,0.0
263.5009108435868,42.54000558575049,8.300000000000002,0.0,0.0,0.0
263.51396088384934,42.53679557666792,8.300000000000002,0.0,0.0,0.0
