galstreams/tracks/track.st.Aquarius.williams2011.ecsv
# %ECSV 1.0
# ---
# datatype:
# - {name: ra, unit: deg, datatype: float64}
# - {name: dec, unit: deg, datatype: float64}
# - {name: distance, unit: kpc, datatype: float64}
# - {name: pm_ra_cosdec, unit: mas / yr, datatype: float64}
# - {name: pm_dec, unit: mas / yr, datatype: float64}
# - {name: radial_velocity, unit: km / s, datatype: float64}
# delimiter: ','
# meta: !!omap
# - __serialized_columns__:
#     dec:
#       __class__: astropy.coordinates.angles.Latitude
#       unit: &id001 !astropy.units.Unit {unit: deg}
#       value: !astropy.table.SerializedColumn {name: dec}
#     distance:
#       __class__: astropy.coordinates.distances.Distance
#       unit: !astropy.units.Unit {unit: kpc}
#       value: !astropy.table.SerializedColumn {name: distance}
#     pm_dec:
#       __class__: astropy.units.quantity.Quantity
#       unit: !astropy.units.Unit {unit: mas / yr}
#       value: !astropy.table.SerializedColumn {name: pm_dec}
#     pm_ra_cosdec:
#       __class__: astropy.units.quantity.Quantity
#       unit: !astropy.units.Unit {unit: mas / yr}
#       value: !astropy.table.SerializedColumn {name: pm_ra_cosdec}
#     ra:
#       __class__: astropy.coordinates.angles.Longitude
#       unit: *id001
#       value: !astropy.table.SerializedColumn {name: ra}
#       wrap_angle: !astropy.coordinates.Angle
#         unit: *id001
#         value: 360.0
#     radial_velocity:
#       __class__: astropy.units.quantity.Quantity
#       unit: !astropy.units.Unit {unit: km / s}
#       value: !astropy.table.SerializedColumn {name: radial_velocity}
# schema: astropy-2.0
ra,dec,distance,pm_ra_cosdec,pm_dec,radial_velocity
[from data line 142]
340.22057748510616,-7.8398539964706995,4.6595621775094385,4.176309033114865,-25.32611346405597,-201.39464059435664
340.23070702275083,-7.841953301006575,4.658325053792336,4.180964197653571,-25.332962895419385,-201.40349000804383
340.2408366615307,-7.844052373472398,4.6570879300752335,4.185619930962432,-25.339812083613992,-201.41233942173125
340.25096640146717,-7.846151213767267,4.655850806358129,4.190276233222576,-25.346661028493585,-201.4211888354183
340.2610962425814,-7.848249821790258,4.654613682641026,4.194933104615034,-25.353509729911885,-201.43003824910562
340.27122618489466,-7.850348197440463,4.653376558923922,4.19959054532084,-25.36035818772266,-201.4388876627928
340.2813562284282,-7.852446340617013,4.652139435206818,4.204248555520979,-25.367206401779633,-201.44773707647997
340.29148637320316,-7.854544251218998,4.6509023114897134,4.208907135396384,-25.374054371936506,-201.45658649016724
340.30161661924075,-7.856641929145526,4.649665187772611,4.2135662851279765,-25.38090209804698,-201.46543590385448
340.3117469665621,-7.858739374295719,4.648428064055508,4.218226004896627,-25.38774957996475,-201.47428531754176
340.32187741518834,-7.860836586568675,4.647190940338405,4.222886294883164,-25.394596817543476,-201.48313473122903
340.33200796514075,-7.862933565863557,4.645953816621301,4.2275471552683985,-25.401443810636838,-201.49198414491622
340.34213861644037,-7.86503031207947,4.644716692904199,4.232208586233081,-25.408290559098443,-201.50083355860343
340.3522693691082,-7.867126825115552,4.643479569187094,4.236870587957929,-25.41513706278196,-201.5096829722907
340.3624002231656,-7.869223104870943,4.642242445469989,4.241533160623645,-25.42198332154097,-201.51853238597786
340.3725311786333,-7.871319151244767,4.641005321752888,4.246196304410855,-25.428829335229068,-201.52738179966514
340.3826622355327,-7.873414964136201,4.639768198035783,4.250860019500183,-25.43567510369987,-201.53623121335235
340.39279339388463,-7.8755105434443875,4.6385310743186805,4.255524306072202,-25.44252062680695,-201.54508062703957
340.4029246537103,-7.877605889068479,4.637293950601577,4.260189164307451,-25.449365904403837,-201.55393004072687
340.4130560150305,-7.879701000907636,4.636056826884473,4.26485459438642,-25.456210936344096,-201.56277945441406
340.4231874778664,-7.881795878861004,4.634819703167372,4.2695205964895715,-25.463055722481215,-201.57162886810127
340.433319042239,-7.883890522827796,4.633582579450267,4.274187170797345,-25.46990026266878,-201.58047828178852
340.4434507081692,-7.885984932707161,4.632345455733163,4.278854317490105,-25.47674455676023,-201.5893276954757
340.453582475678,-7.888079108398286,4.631108332016059,4.283522036748208,-25.48358860460909,-201.598177109163
340.46371434478635,-7.890173049800349,4.629871208298957,4.288190328751962,-25.49043240606881,-201.60702652285028
340.4738463155152,-7.89226675681254,4.6286340845818525,4.292859193681654,-25.497275960992866,-201.6158759365375
340.4839783878854,-7.894360229334035,4.62739696086475,4.297528631717518,-25.504119269234685,-201.62472535022465
340.49411056191786,-7.896453467264068,4.626159837147646,4.30219864303973,-25.51096233064771,-201.63357476391192
340.5042428376336,-7.898546470501823,4.624922713430543,4.306869227828484,-25.517805145085354,-201.64242417759908
340.51437521505335,-7.900639238946508,4.623685589713438,4.311540386263879,-25.52464771240102,-201.65127359128638
340.524507694198,-7.902731772497331,4.622448465996336,4.316212118526007,-25.53149003244808,-201.6601230049736
340.53464027508835,-7.904824071053495,4.621211342279231,4.3208844247949045,-25.538332105079935,-201.66897241866087
340.54477295774535,-7.906916134514251,4.619974218562129,4.3255573052506096,-25.545173930149925,-201.67782183234803
340.55490574218976,-7.909007962778813,4.6187370948450255,4.3302307600730945,-25.552015507511413,-201.6866712460353
340.5650386284423,-7.911099555746408,4.617499971127921,4.334904789442256,-25.55885683701771,-201.69552065972246
340.5751716165239,-7.913190913316268,4.616262847410818,4.339579393538027,-25.565697918522144,-201.70437007340973
340.58530470645525,-7.9152820353876345,4.615025723693715,4.344254572540255,-25.572538751878014,-201.713219487097
340.59543789825705,-7.917372921859739,4.613788599976612,4.348930326628768,-25.579379336938615,-201.7220689007843
340.6055711919501,-7.919463572631855,4.61255147625951,4.3536066559833415,-25.586219673557206,-201.73091831447152
340.6157045875551,-7.921553987603227,4.611314352542404,4.358283560783724,-25.59305976158708,-201.73976772815882
340.6258380850928,-7.9236441666731094,4.610077228825301,4.36296104120963,-25.599899600881457,-201.74861714184598
340.6359716845839,-7.925734109740764,4.6088401051081975,4.367639097440728,-25.60673919129358,-201.75746655553323
340.646105386049,-7.927823816705441,4.607602981391093,4.372317729656642,-25.613578532676666,-201.7663159692204
340.6562391895088,-7.929913287466446,4.606365857673991,4.376996938036976,-25.620417624883906,-201.77516538290755
340.666373094984,-7.9320025219230414,4.605128733956888,4.381676722761281,-25.627256467768504,-201.78401479659493
340.67650710249524,-7.934091519974508,4.603891610239785,4.386357084009084,-25.634095061183636,-201.7928642102821
340.686641212063,-7.936180281520129,4.60265448652268,4.39103802195986,-25.640933404982466,-201.80171362396933
340.696775423708,-7.938268806459179,4.601417362805578,4.395719536793063,-25.64777149901813,-201.8105630376566
340.70690973745087,-7.940357094690987,4.600180239088473,4.400401628688092,-25.654609343143775,-201.8194124513438
340.7170441533121,-7.942445146114837,4.5989431153713705,4.405084297824296,-25.661446937212514,-201.82826186503104
340.7271786713123,-7.94453296063003,4.597705991654267,4.409767544381036,-25.66828428107746,-201.83711127871828
340.73731329147193,-7.9466205381358765,4.596468867937165,4.414451368537575,-25.675121374591683,-201.84596069240553
340.7474480138116,-7.948707878531681,4.59523174422006,4.41913577047319,-25.681958217608283,-201.85481010609269
340.7575828383519,-7.950794981716783,4.593994620502957,4.4238207503670886,-25.68879480998032,-201.86365951978001
340.76771776511316,-7.952881847590499,4.592757496785852,4.4285063083984415,-25.695631151560843,-201.87250893346717
340.7778527941159,-7.954968476052152,4.591520373068749,4.43319244474639,-25.70246724220287,-201.88135834715442
340.7879879253807,-7.957054867001075,4.590283249351646,4.437879159590041,-25.709303081759444,-201.89020776084175
340.798123158928,-7.959141020336606,4.5890461256345425,4.442566453108451,-25.71613867008356,-201.89905717452882
340.8082584947781,-7.961226935958072,4.58780900191744,4.447254325480646,-25.722974007028217,-201.9079065882161
340.8183939329515,-7.963312613764852,4.586571878200336,4.451942776885607,-25.729809092446395,-201.91675600190345
340.8285294734687,-7.965398053656281,4.585334754483234,4.456631807502302,-25.736643926191046,-201.92560541559055
340.83866511635,-7.967483255531714,4.584097630766129,4.461321417509621,-25.743478508115142,-201.93445482927783
340.84880086161576,-7.96956821929051,4.582860507049026,4.466011607086444,-25.750312838071594,-201.94330424296513
340.85893670928635,-7.971652944832025,4.581623383331922,4.470702376411597,-25.757146915913346,-201.95215365665226
340.86907265938225,-7.973737432055657,4.5803862596148175,4.475393725663896,-25.763980741493306,-201.96100307033947
340.8792087119237,-7.975821680860764,4.579149135897716,4.480085655022073,-25.770814314664342,-201.96985248402675
340.88934486693097,-7.977905691146726,4.577912012180612,4.484778164664858,-25.777647635279372,-201.978701897714
340.8994811244245,-7.9799894628129335,4.576674888463509,4.4894712547709466,-25.78448070319123,-201.98755131140126
340.90961748442436,-7.9820729957587515,4.575437764746405,4.494164925518951,-25.79131351825279,-201.99640072508842
340.91975394695106,-7.984156289883612,4.574200641029301,4.498859177087496,-25.798146080316883,-202.00525013877575
340.92989051202477,-7.9862393450868945,4.572963517312197,4.5035540096551365,-25.804978389236332,-202.0140995524629
340.9400271796657,-7.988322161268004,4.571726393595094,4.508249423400413,-25.81181044486394,-202.02294896615012
340.9501639498941,-7.9904047383263475,4.570489269877991,4.512945418501795,-25.81864224705252,-202.03179837983743
340.9603008227302,-7.99248707616134,4.5692521461608875,4.517641995137744,-25.825473795654833,-202.0406477935246
340.97043779819415,-7.994569174672381,4.5680150224437845,4.522339153486681,-25.832305090523672,-202.04949720721174
340.9805748763062,-7.9966510337589245,4.566777898726682,4.527036893726956,-25.83913613151176,-202.05834662089907
340.99071205708657,-7.9987326533203875,4.565540775009577,4.531735216036927,-25.845966918471877,-202.0671960345863
341.00084934055525,-8.000814033256196,4.564303651292475,4.536434120594868,-25.852797451256706,-202.07604544827353
341.0109867267325,-8.002895173465786,4.563066527575371,4.541133607579059,-25.859627729718984,-202.08489486196072
341.0211242156384,-8.004976073848589,4.561829403858267,4.545833677167707,-25.866457753711416,-202.09374427564802
341.03126180729305,-8.00705673430408,4.560592280141163,4.550534329538991,-25.87328752308666,-202.10259368933538
341.0413995017166,-8.009137154731695,4.55935515642406,4.555235564871067,-25.880117037697406,-202.1114431030225
341.05153729892913,-8.011217335030889,4.558118032706957,4.5599373833420245,-25.8869462973963,-202.12029251670978
341.06167519895064,-8.013297275101122,4.556880908989854,4.5646397851299305,-25.89377530203598,-202.12914193039697
341.0718132018012,-8.015376974841844,4.55564378527275,4.569342770412808,-25.900604051469095,-202.13799134408416
341.08195130750084,-8.01745643415256,4.554406661555646,4.574046339368649,-25.907432545548243,-202.14684075777149
341.09208951606956,-8.019535652932726,4.553169537838542,4.578750492175406,-25.914260784126014,-202.15569017145867
341.1022278275275,-8.021614631081821,4.55193241412144,4.5834552290109905,-25.921088767054997,-202.16453958514586
341.11236624189445,-8.023693368499336,4.550695290404335,4.588160550053269,-25.92791649418779,-202.17338899883308
341.1225047591905,-8.025771865084753,4.5494581666872325,4.592866455480062,-25.934743965376917,-202.18223841252038
341.13264337943554,-8.027850120737556,4.5482210429701295,4.597572945469185,-25.941571180474945,-202.19108782620754
341.14278210264956,-8.029928135357272,4.546983919253027,4.602280020198384,-25.94839813933438,-202.19993723989484
341.15292092885255,-8.032005908843391,4.545746795535924,4.606987679845377,-25.955224841807762,-202.20878665358202
341.16305985806434,-8.03408344109542,4.544509671818819,4.611695924587845,-25.962051287747588,-202.2176360672692
341.17319889030483,-8.036160732012878,4.543272548101714,4.616404754603415,-25.96887747700634,-202.22648548095646
341.1833380255938,-8.038237781495262,4.542035424384611,4.621114170069687,-25.975703409436488,-202.2353348946437
341.19347726395137,-8.040314589442126,4.540798300667509,4.625824171164242,-25.982529084890476,-202.24418430833094
341.2036166053972,-8.042391155752988,4.539561176950406,4.630534758064586,-25.989354503220778,-202.2530337220182
341.2137560499512,-8.044467480327377,4.538324053233302,4.635245930948203,-25.99617966427983,-202.26188313570546
341.2238955976331,-8.046543563064832,4.537086929516198,4.639957689992532,-26.003004567920037,-202.2707325493927
341.2340352484628,-8.048619403864878,4.535849805799095,4.644670035374997,-26.00982921399379,-202.27958196307986
341.24417500246005,-8.050695002627094,4.534612682081991,4.649382967272947,-26.016653602353482,-202.2884313767671
341.2543148596447,-8.05277035925102,4.533375558364888,4.654096485863725,-26.023477732851504,-202.29728079045444
341.2644548200364,-8.054845473636213,4.532138434647784,4.6588105913246025,-26.030301605340217,-202.30613020414162
341.27459488365497,-8.056920345682236,4.530901310930681,4.66352528383284,-26.037125219671957,-202.31497961782875
341.2847350505201,-8.05899497528865,4.5296641872135766,4.668240563565643,-26.043948575699066,-202.323829031516
341.29487532065144,-8.061069362355012,4.5284270634964745,4.672956430700175,-26.05077167327385,-202.33267844520333
341.30501569406886,-8.063143506780932,4.527189939779371,4.677672885413594,-26.05759451224863,-202.34152785889052
341.3151561707919,-8.06521740846598,4.525952816062268,4.682389927882966,-26.064417092475697,-202.3503772725778
341.32529675084027,-8.067291067309739,4.524715692345165,4.6871075582853585,-26.07123941380732,-202.35922668626506
341.3354374342337,-8.069364483211798,4.523478568628059,4.691825776797794,-26.078061476095776,-202.36807609995225
341.3455782209916,-8.071437656071739,4.522241444910956,4.696544583597223,-26.0848832791933,-202.3769255136395
341.3557191111339,-8.073510585789194,4.521004321193853,4.7012639788606085,-26.091704822952128,-202.38577492732674
341.36586010468,-8.075583272263755,4.51976719747675,4.705983962764824,-26.098526107224497,-202.39462434101395
341.37600120164956,-8.07765571539503,4.518530073759647,4.710704535486757,-26.105347131862597,-202.40347375470117
341.38614240206215,-8.079727915082639,4.517292950042544,4.715425697203202,-26.112167896718642,-202.4123231683884
341.3962837059373,-8.081799871226183,4.51605582632544,4.720147448090949,-26.118988401644806,-202.42117258207557
341.4064251132946,-8.08387158372532,4.514818702608336,4.724869788326728,-26.12580864649324,-202.4300219957629
341.4165666241536,-8.085943052479665,4.513581578891233,4.729592718087256,-26.132628631116113,-202.4388714094501
341.4267082385337,-8.088014277388854,4.512344455174128,4.734316237549189,-26.13944835536556,-202.4477208231374
341.4368499564545,-8.090085258352529,4.511107331457025,4.739040346889145,-26.146267819093694,-202.45657023682458
341.4469917779355,-8.092155995270312,4.509870207739922,4.743765046283711,-26.153087022152636,-202.46541965051176
341.45713370299615,-8.094226488041889,4.5086330840228195,4.748490335909432,-26.15990596439448,-202.47426906419895
341.46727573165583,-8.0962967365669,4.507395960305716,4.75321621594281,-26.166724645671316,-202.48311847788628
341.477417863934,-8.098366740745007,4.506158836588613,4.7579426865603,-26.1735430658352,-202.49196789157352
341.4875600998502,-8.100436500475876,4.504921712871508,4.762669747938352,-26.180361224738206,-202.5008173052607
341.49770243942373,-8.102506015659165,4.503684589154405,4.767397400253332,-26.18717912223235,-202.50966671894795
341.507844882674,-8.104575286194546,4.502447465437304,4.772125643681597,-26.193996758169668,-202.5185161326352
341.5179874296204,-8.106644311981725,4.501210341720198,4.776854478399452,-26.200814132402186,-202.5273655463224
341.5281300802823,-8.10871309292037,4.499973218003095,4.78158390458316,-26.207631244781894,-202.5362149600096
341.53827283467905,-8.110781628910171,4.4987360942859915,4.78631392240896,-26.21444809516077,-202.54506437369687
341.5484156928299,-8.112849919850825,4.497498970568887,4.791044532053021,-26.221264683390793,-202.55391378738418
341.5585586547542,-8.114917965642013,4.496261846851784,4.79577573369151,-26.22808100932392,-202.56276320107142
341.5687017204714,-8.11698576618347,4.495024723134681,4.800507527500536,-26.234897072812082,-202.5716126147586
341.5788448900006,-8.119053321374892,4.493787599417578,4.805239913656178,-26.241712873707236,-202.58046202844582
341.58898816336114,-8.121120631115991,4.492550475700474,4.8099728923344305,-26.248528411861273,-202.5893114421331
341.5991315405722,-8.123187695306495,4.49131335198337,4.8147064637113175,-26.255343687126114,-202.59816085582034
341.60927502165316,-8.125254513846095,4.490076228266267,4.8194406279627735,-26.262158699353623,-202.60701026950753
341.6194186066232,-8.127321086634568,4.4888391045491645,4.824175385264732,-26.268973448395684,-202.61585968319469
341.62956229550144,-8.129387413571626,4.487601980832061,4.828910735793041,-26.27578793410418,-202.62470909688204
341.63970608830715,-8.13145349455701,4.486364857114957,4.833646679723545,-26.282602156330924,-202.6335585105692
