galstreams/tracks/track.st.C-5.ibata2021.ecsv
# %ECSV 1.0
# ---
# datatype:
# - {name: ra, unit: deg, datatype: float64}
# - {name: dec, unit: deg, datatype: float64}
# - {name: distance, unit: kpc, datatype: float64}
# - {name: pm_ra_cosdec, unit: mas / yr, datatype: float64}
# - {name: pm_dec, unit: mas / yr, datatype: float64}
# - {name: radial_velocity, unit: km / s, datatype: float64}
# delimiter: ','
# meta: !!omap
# - __serialized_columns__:
#     dec:
#       __class__: astropy.coordinates.angles.Latitude
#       unit: &id001 !astropy.units.Unit {unit: deg}
#       value: !astropy.table.SerializedColumn {name: dec}
#     distance:
#       __class__: astropy.coordinates.distances.Distance
#       unit: !astropy.units.Unit {unit: kpc}
#       value: !astropy.table.SerializedColumn {name: distance}
#     pm_dec:
#       __class__: astropy.units.quantity.Quantity
#       unit: !astropy.units.Unit {unit: mas / yr}
#       value: !astropy.table.SerializedColumn {name: pm_dec}
#     pm_ra_cosdec:
#       __class__: astropy.units.quantity.Quantity
#       unit: !astropy.units.Unit {unit: mas / yr}
#       value: !astropy.table.SerializedColumn {name: pm_ra_cosdec}
#     ra:
#       __class__: astropy.coordinates.angles.Longitude
#       unit: *id001
#       value: !astropy.table.SerializedColumn {name: ra}
#       wrap_angle: !astropy.coordinates.Angle
#         unit: *id001
#         value: 360.0
#     radial_velocity:
#       __class__: astropy.units.quantity.Quantity
#       unit: !astropy.units.Unit {unit: km / s}
#       value: !astropy.table.SerializedColumn {name: radial_velocity}
# schema: astropy-2.0
ra,dec,distance,pm_ra_cosdec,pm_dec,radial_velocity
[from data line 284]
116.429555302101,35.309805582961744,4.241952856989659,-0.8085040487001276,-10.166902236409552,65.44991507166206
116.44046811957303,35.305260614175154,4.24467824139777,-0.807649382146276,-10.16278968200356,65.492914444351
116.45137966285651,35.30071458899406,4.247406472275286,-0.8067957046103449,-10.15868968974655,65.53696571991156
116.46228991243552,35.29616747667531,4.25013760956751,-0.8059429968478757,-10.154602032636738,65.58207876283879
116.47319884878199,35.29161924648279,4.2528717132197364,-0.8050912395155758,-10.150526483680508,65.62826343762751
116.48410645235575,35.28706986768736,4.255608843177264,-0.8042404131713581,-10.146462815892427,65.67552960877266
116.49501270360457,35.2825193095669,4.258349059385389,-0.8033904982743949,-10.14241080229527,65.72388714076911
116.50591758296412,35.27796754140628,4.261092421789415,-0.8025414751851487,-10.138370215920029,65.77334589811188
116.51682107085803,35.27341453249737,4.2638389903346345,-0.8016933241654196,-10.134340829805971,65.82391574529582
116.52772314769794,35.26886025213905,4.266588824966349,-0.8008460253783998,-10.130322417000631,65.8756065468159
116.53862379388345,35.26430466963719,4.269341985629853,-0.7999995588886923,-10.126314750559857,65.92842816716703
116.54952298980214,35.25974775430468,4.27209853227045,-0.7991539046623788,-10.122317603547799,65.98239047084412
116.56042071582964,35.25518947546136,4.274858524833434,-0.7983090425670616,-10.118330749036987,66.03750332234212
116.57131695232961,35.25062980243412,4.277622023264105,-0.7974649523719033,-10.114353960108309,66.09377658615594
116.58221167965381,35.24606870455683,4.280389087507758,-0.7966216137476945,-10.110387009851062,66.15122012678046
116.59310487814197,35.24150615117033,4.283159777509694,-0.7957790062668617,-10.106429671362942,66.20984380871069
116.60399652812207,35.2369421116225,4.285934153215212,-0.7949371094035822,-10.102481717750114,66.2696574964415
116.61488660991009,35.232376555268175,4.288712274569608,-0.7940959025337717,-10.098542922127196,66.33067105446781
116.62577510381016,35.22780945146921,4.291494201518183,-0.7932553649351703,-10.0946130576173,66.39289434728457
116.63666199011456,35.223240769594454,4.2942799940062315,-0.7924154757873874,-10.090691897352052,66.45633723938664
116.64754724910381,35.21867047901972,4.297069711979051,-0.7915762141719629,-10.086779214471612,66.52100959526904
116.65843086104645,35.214098549127854,4.299863415381943,-0.7907375590724048,-10.082874782124701,66.58692127942663
116.66931280619951,35.20952494930864,4.302661164160205,-0.7898994893742741,-10.07897837346862,66.65408215635433
116.680193064808,35.20494964895887,4.3054630182591325,-0.7890619838652033,-10.075089761669268,66.72250209054707
116.69107161710522,35.200372617482365,4.308269037624027,-0.7882250212349806,-10.071208719901174,66.79219094649984
116.70194844331282,35.195793824289886,4.311079282200186,-0.7873885800756115,-10.067335021347514,66.86315858870746
116.71282352364071,35.191213238799186,4.313893811932903,-0.7865526388813571,-10.063468439200143,66.93541488166491
116.72369683828704,35.186630830435014,4.316712686767484,-0.7857171760488044,-10.059608746659585,67.00896968986714
116.73456836743836,35.1820465686291,4.319535966649221,-0.7848821698769366,-10.0557557169351,67.08383287780904
116.74543809126955,35.17746042282016,4.322363711523415,-0.7840475985671893,-10.051909123244666,67.16001430998546
116.75630598994384,35.17287236245387,4.325195981335361,-0.7832134402235029,-10.048068738815035,67.23752385089145
116.76717204361283,35.16828235698291,4.328032836030362,-0.7823796728523984,-10.044234336881711,67.31637136502187
116.77803623241662,35.16369037586693,4.330874335553709,-0.7815462743630488,-10.040405690689031,67.39656671687166
116.7888985364836,35.159096388572536,4.3337205398507095,-0.7807132225673192,-10.036582573490119,67.47811977093573
116.79975893593075,35.15450036457333,4.336571508866653,-0.7798804951798686,-10.032764758546959,67.56104039170901
116.81061741086343,35.1499022733499,4.339427302546842,-0.7790480698181854,-10.028952019130392,67.64533844368636
116.82147394137549,35.14530208438976,4.342287980836575,-0.7782159240026725,-10.025144128520136,67.73102379136289
116.83232850754936,35.14069976718745,4.345153603681148,-0.7773840351567176,-10.021340860004825,67.81810629923335
116.84318108945594,35.13609529124444,4.348024231025859,-0.7765523806067578,-10.017541986882001,67.90659583179267
116.85403166715471,35.131488626069164,4.3508999228160095,-0.7757209375823528,-10.013747282458162,67.9965022535359
116.86488022069375,35.12687974117707,4.3537807389968926,-0.774889683216256,-10.009956520048767,68.08783542895779
116.87572673010972,35.1222686060905,4.356666739513812,-0.7740585945444973,-10.006169472978243,68.18060522255338
116.88657117542786,35.117655190338816,4.35955798431206,-0.7732276485064369,-10.002385914580053,68.27482149881756
116.89741353666213,35.11303946345829,4.362454533336939,-0.7723968219448656,-9.998605618196656,68.37049412224529
116.90825379381506,35.1084213949922,4.365356446533745,-0.7715660916060498,-9.99482835717956,68.46763295733147
116.91909192687804,35.10380095449076,4.3682637838477785,-0.7707354341398469,-9.991053904889343,68.566247868571
116.92992791583097,35.09917811151112,4.371176605224334,-0.7699048260997516,-9.987282034695664,68.66634872045881
116.9407617406426,35.094552835617414,4.374094970608713,-0.7690742439429843,-9.983512519977271,68.76794537748985
116.95159338127038,35.08992509638069,4.377018939946209,-0.7682436640305732,-9.979745134122048,68.87104770415903
116.96242281766062,35.08529486337898,4.379948573182126,-0.7674130626274374,-9.975979650527012,68.97566556496128
116.97325002974834,35.080662106197245,4.382883930261759,-0.7665824159024597,-9.972215842598331,69.0818088243915
116.98407499745743,35.076026794427385,4.385825071130406,-0.7657516999285714,-9.968453483751357,69.1894873469446
116.99489770070062,35.07138889766824,4.388772055733365,-0.7649208906828471,-9.964692347410637,69.29871099711559
117.00571811937957,35.06674838552563,4.391724944015936,-0.7640899640465784,-9.960932207009925,69.4094896393993
117.01653623338468,35.06210522761224,4.394683795923416,-0.7632588958053494,-9.957172835992218,69.52183313829069
117.02735202259547,35.05745939354776,4.397648671401101,-0.7624276616491374,-9.953414007809748,69.63575135828471
117.03816546688023,35.05281085295876,4.400619630394291,-0.761596237172407,-9.94965549592403,69.75125416387623
117.04897654609633,35.04815957547877,4.4035967328482855,-0.7607645978741733,-9.945897073805854,69.8683514195602
117.05978524009008,35.043505530748234,4.40658003870838,-0.7599327191581158,-9.942138514935309,69.98705298983153
117.07059152869685,35.03884868841454,4.409569607919875,-0.7591005763326502,-9.938379592801818,70.10736873918516
117.08139539174097,35.03418901813197,4.412565500428068,-0.7582681446110202,-9.934620080904129,70.22930853211604
117.09219680903588,35.02952648956175,4.415567776178255,-0.7574353991114027,-9.93085975275035,70.35288223311905
117.10299576038416,35.02486107237201,4.418576495115735,-0.7566023148569943,-9.927098381857967,70.47809970668914
117.11379222557746,35.020192736237824,4.421591717185808,-0.7557688667760987,-9.923335741753842,70.60497081732117
117.1245861843965,35.01552145084112,4.424613502333771,-0.7549350297022182,-9.919571605974248,70.73350542951015
117.1353776166113,35.010847185870794,4.42764191050492,-0.7541007783741644,-9.915805748064884,70.86371340775092
117.14616650198093,35.006169911022624,4.430677001644558,-0.7532660874361436,-9.912037941580882,70.99560461653853
117.1569528202538,35.00148959599928,4.433718835697979,-0.7524309314378481,-9.908267960086832,71.1291889203678
117.16773655116748,34.99680621051037,4.436767472610483,-0.7515952848345733,-9.904495577156794,71.26447618373365
117.17851767444884,34.99211972427237,4.439822972327366,-0.750759121987298,-9.90072056637431,71.40147627113103
117.18929616981401,34.98743010700864,4.442885394793928,-0.7499224171627907,-9.896942701332435,71.54019904705487
117.20007201696848,34.98273732844948,4.445954799955466,-0.7490851445337108,-9.893161755633734,71.68065437600012
117.21084519560704,34.97804135833205,4.449031247757279,-0.7482472781787126,-9.88937750289031,71.82285212246163
117.2216156854139,34.973342166400386,4.452114798144666,-0.7474087920825441,-9.885589716723805,71.96680215093443
117.2323834660626,34.96863972240543,4.455205511062925,-0.7465696601361489,-9.881798170765435,72.11251432591327
117.24314851721617,34.96393399610499,4.45830344645735,-0.7457298561367827,-9.878002638656003,72.25999851189324
117.25391081852702,34.959224957263764,4.461408664273242,-0.7448893537880905,-9.874202894045887,72.40926457336924
117.2646703496371,34.95451257565332,4.464521224455902,-0.7440481267002568,-9.870398710595087,72.56032237483612
117.27542709017786,34.94979682105209,4.467641186950625,-0.7432061483900667,-9.866589861973214,72.71318178078887
117.2861810197702,34.945077663245385,4.470768611702709,-0.7423633922810451,-9.86277612185954,72.86785265572234
117.29693211802464,34.94035507202537,4.473903558657452,-0.7415198317035472,-9.858957263942965,73.02434486413155
117.3076803645413,34.935629017191076,4.4770460877601534,-0.7406754398948894,-9.855133061922064,73.18266827051133
117.31842573890988,34.9308994685484,4.48019625895611,-0.7398301899994375,-9.851303289505093,73.34283273935665
117.32916822070968,34.92616639591007,4.483354132190622,-0.7389840550687206,-9.847467720410004,73.50484813516243
117.33990778950977,34.9214297690957,4.486519767408984,-0.7381370080615732,-9.843626128364459,73.66872432242357
117.35064442486878,34.916689557931726,4.489693224556497,-0.7372890218442052,-9.839778287105826,73.83447116563505
117.36137810633518,34.91194573225142,4.492874563578458,-0.7364400691903485,-9.835923970381213,74.00209852929179
117.37210881344713,34.90719826189493,4.496063844420165,-0.7355901227813608,-9.832062951947488,74.17161627788865
117.38283652573259,34.902447116709205,4.499261127026918,-0.7347391552063383,-9.828195005571263,74.34303427592062
117.39356122270927,34.897692266548056,4.502466471344013,-0.7338871389622397,-9.82431990502893,74.51636238788254
117.4042828838848,34.892933681272105,4.505679937316748,-0.7330340464540059,-9.820437424106668,74.69161047826937
117.4150014887566,34.88817133074879,4.508901584890424,-0.7321798499946661,-9.81654733660045,74.86878841157612
117.42571701681204,34.8834051848524,4.512131474010335,-0.7313245218054738,-9.812649416316061,75.0479060522976
117.43642944752837,34.87863521346403,4.515369664621782,-0.7304680340160181,-9.808743437069104,75.22897326492873
117.4471387603728,34.873861386471575,4.518616216670061,-0.7296103586643472,-9.804829172685025,75.41199991396455
117.45784493480247,34.869083673769765,4.521871190100472,-0.7287514676970863,-9.800906396999107,75.59699586389986
117.46854795026465,34.86430204526012,4.525134644858313,-0.7278913329695822,-9.796974883856493,75.78397097922964
117.47924778619655,34.859516470850956,4.528406640888881,-0.7270299262459958,-9.793034407112199,75.9729351244489
117.48994442202543,34.85472692045741,4.531687238137473,-0.7261672191994482,-9.789084740631116,76.16389816405236
117.5006378371687,34.8499333640014,4.53497649654939,-0.7253031834121386,-9.785125658288027,76.35686996253506
117.51132801103388,34.84513577141164,4.5382744760699305,-0.7244377903754873,-9.781156933967623,76.55186038439199
117.52201492301865,34.840334112623616,4.541581236644389,-0.7235710114902401,-9.777178341564497,76.74887929411787
117.53269855251082,34.8355283575796,4.544896838218065,-0.7227028180666126,-9.773189654983177,76.94793655620792
117.54337887888852,34.83071847622867,4.5482213407362595,-0.7218331813244192,-9.769190648138114,77.14904203515682
117.55405588152001,34.825904438526635,4.551554804144265,-0.7209620723931929,-9.765181094953713,77.35220559545952
117.5647295397639,34.821086214436114,4.5548972883873855,-0.7200894623123335,-9.761160769364322,77.55743710161109
117.57539983296911,34.81626377392646,4.558248853410914,-0.7192153220312334,-9.757129445314266,77.76474641810626
117.58606674047483,34.81143708697377,4.561609559160155,-0.7183396224093963,-9.753086896757832,77.97414340944019
117.59673024161069,34.80660612356096,4.564979465580399,-0.7174623342166035,-9.7490328976593,78.18563794010757
117.60739031569663,34.80177085367765,4.568358632616949,-0.7165834281330099,-9.744967221992933,78.39923987460341
117.61804694204314,34.79693124732022,4.571747120215103,-0.7157028747493213,-9.740889643743,78.61495907742272
117.62870009995108,34.792087274491784,4.575144988320157,-0.7148206445669043,-9.736799936903783,78.8328054130603
117.63934976871178,34.787238905202216,4.578552296877412,-0.7139367079979171,-9.732697875479577,79.0527887460111
117.64999592760718,34.78238610946809,4.5819691058321625,-0.7130510353654875,-9.728583233484713,79.27491894077008
117.66063855590973,34.77752885731273,4.585395475129708,-0.7121635969038098,-9.724455784943558,79.49920586183217
117.67127763288246,34.77266711876619,4.588831464715348,-0.7112743627583136,-9.720315303890509,79.72565937369222
117.68191313777899,34.767800863865226,4.592277134534378,-0.7103833029857864,-9.716161564370035,79.95428934084522
117.69254504984366,34.76293006265331,4.5957325445321,-0.7094903875545349,-9.711994340436654,80.18510562778611
117.70317334831144,34.758054685180646,4.599197754653807,-0.7085955863445128,-9.707813406154964,80.41811809900973
117.71379801240799,34.753174701504115,4.6026728248448014,-0.7076988691474733,-9.703618535599622,80.65333661901104
117.72441902134979,34.7482900816873,4.606157815050381,-0.7068002056671121,-9.69940950285538,80.89077105228507
117.73503635434402,34.743400795800504,4.609652785215841,-0.7058995655192151,-9.695186082017079,81.13043126332661
117.74564999058872,34.738506813920694,4.613157795286483,-0.7049969182318017,-9.690948047189657,81.37232711663056
117.75625990927277,34.73360810613153,4.616672905207602,-0.7040922332452806,-9.686695172488154,81.61646847669205
117.7668660895759,34.728704642523354,4.620198174924497,-0.7031854799125865,-9.682427232037726,81.86286520800569
117.77746851066875,34.72379639319317,4.623733664382467,-0.7022766274993426,-9.678143999973642,82.11152717506674
117.78806715171294,34.71888332824467,4.627279433526811,-0.7013656451840014,-9.673845250441294,82.36246424236982
117.79866199186098,34.71396541778821,4.630835542302825,-0.7004525020580004,-9.669530757596206,82.61568627441005
117.8092530102565,34.709042631940775,4.634402050655806,-0.6995371671259161,-9.665200295604041,82.8712031356823
117.81984018603406,34.70411494082605,4.637979018531056,-0.698619609305613,-9.660853638640596,83.12902469068145
117.83042349831938,34.69918231457432,4.641566505873872,-0.6976997974284069,-9.656490560891822,83.3891608039025
117.84100292622927,34.69424472332254,4.645164572629549,-0.6967777002392141,-9.652110836553813,83.65162133984033
117.8515784488716,34.689302137214284,4.648773278743388,-0.6958532863966878,-9.64771423983283,83.91641616298989
117.86215004534553,34.68435452639981,4.652392684160688,-0.6949265244734173,-9.643300544945294,84.18355513784607
117.87271769474135,34.67940186103593,4.656022848826745,-0.693997382956054,-9.638869526117782,84.45304812890383
117.88328137614066,34.674444111286114,4.659663832686856,-0.6930658302454766,-9.634420957587068,84.72490500065803
117.89384106861625,34.669481247320455,4.663315695686322,-0.6921318346569567,-9.629954613600072,84.99913561760363
117.90439675123228,34.664513239315625,4.666978497770439,-0.6911953644203055,-9.625470268413912,85.27574984423562
117.91494840304428,34.65954005745494,4.670652298884508,-0.6902563876800634,-9.620967696295882,85.55475754504876
117.92549600309907,34.65456167192828,4.674337158973823,-0.6893148724956273,-9.61644667152348,85.83616858453813
117.936039530435,34.64957805293212,4.678033137983686,-0.6883707868414377,-9.611906968384364,86.11999282719856
117.94657896408174,34.644589170669555,4.6817402958593926,-0.6874240986071314,-9.607348361176426,86.40624013752503
