galstreams/tracks/track.st.Cetus.yam2013.ecsv
# %ECSV 0.9
# ---
# datatype:
# - {name: ra, unit: deg, datatype: float64}
# - {name: dec, unit: deg, datatype: float64}
# - {name: distance, unit: kpc, datatype: float64}
# - {name: pm_ra_cosdec, unit: mas / yr, datatype: float64}
# - {name: pm_dec, unit: mas / yr, datatype: float64}
# - {name: radial_velocity, unit: km / s, datatype: float64}
# delimiter: ','
# meta: !!omap
# - __serialized_columns__:
#     dec:
#       __class__: astropy.coordinates.angles.Latitude
#       unit: &id001 !astropy.units.Unit {unit: deg}
#       value: !astropy.table.SerializedColumn {name: dec}
#     distance:
#       __class__: astropy.coordinates.distances.Distance
#       unit: !astropy.units.Unit {unit: kpc}
#       value: !astropy.table.SerializedColumn {name: distance}
#     pm_dec:
#       __class__: astropy.units.quantity.Quantity
#       unit: !astropy.units.Unit {unit: mas / yr}
#       value: !astropy.table.SerializedColumn {name: pm_dec}
#     pm_ra_cosdec:
#       __class__: astropy.units.quantity.Quantity
#       unit: !astropy.units.Unit {unit: mas / yr}
#       value: !astropy.table.SerializedColumn {name: pm_ra_cosdec}
#     ra:
#       __class__: astropy.coordinates.angles.Longitude
#       unit: *id001
#       value: !astropy.table.SerializedColumn {name: ra}
#       wrap_angle: !astropy.coordinates.Angle
#         unit: *id001
#         value: 360.0
#     radial_velocity:
#       __class__: astropy.units.quantity.Quantity
#       unit: !astropy.units.Unit {unit: km / s}
#       value: !astropy.table.SerializedColumn {name: radial_velocity}
# schema: astropy-2.0
ra,dec,distance,pm_ra_cosdec,pm_dec,radial_velocity
[from data line 2633]
30.52098801173019,20.106212110698863,31.89224574838195,-1.1102230246251564e-16,-1.1102230246251565e-16,-149.63065849659455
30.525437929825976,20.1152988254357,31.89361010555753,-1.1102230246251565e-16,-1.1102230246251565e-16,-149.64744499708934
30.529888163575276,20.1243855164267,31.894975442026208,-5.551115123125783e-17,5.551115123125783e-17,-149.66422555646992
30.534338712961794,20.13347218374855,31.896341759271703,-1.1102230246251564e-16,0.0,-149.68100017419607
30.538789577969276,20.142558827478013,31.897709058777707,-5.551115123125783e-17,5.551115123125783e-17,-149.69776884972768
30.54324075858151,20.151645447691838,31.899077342027944,0.0,-1.1102230246251565e-16,-149.71453158252436
30.547692254782273,20.16073204446681,31.90044661050612,-5.551115123125782e-17,-1.1102230246251565e-16,-149.73128837204595
30.55214406655541,20.169818617879727,31.90181686569594,-1.1102230246251565e-16,-5.551115123125783e-17,-149.7480392177523
30.556596193884772,20.178905168007407,31.903188109081118,1.1102230246251565e-16,-5.551115123125783e-17,-149.76478411910315
30.561048636754226,20.187991694926673,31.90456034214535,-5.551115123125783e-17,-5.551115123125783e-17,-149.7815230755581
30.565501395147717,20.197078198714404,31.905933566372354,0.0,-1.1102230246251565e-16,-149.7982560865772
30.56995446904915,20.206164679447465,31.90730778324584,0.0,5.551115123125783e-17,-149.81498315162003
30.574407858442513,20.215251137202742,31.90868299424952,1.1102230246251565e-16,0.0,-149.83170427014647
30.57886156331178,20.22433757205715,31.910059200867096,0.0,0.0,-149.84841944161624
30.583315583641,20.23342398408763,31.911436404582275,-5.551115123125783e-17,-1.1102230246251565e-16,-149.86512866548918
30.587769919414207,20.242510373371122,31.91281460687877,0.0,-5.551115123125783e-17,-149.88183194122502
30.592224570615485,20.251596739984628,31.914193809240285,0.0,1.1102230246251565e-16,-149.89852926828354
30.596679537228937,20.260683084005095,31.915574013150533,5.551115123125782e-17,0.0,-149.91522064612442
30.60113481923869,20.269769405509557,31.916955220093232,-5.551115123125783e-17,-5.551115123125783e-17,-149.93190607420766
30.605590416628928,20.278855704575044,31.91833743155207,0.0,-1.6653345369377348e-16,-149.94858555199286
30.61004632938381,20.287941981278603,31.919720649010763,0.0,5.551115123125783e-17,-149.9652590789399
30.61450255748758,20.297028235697297,31.92110487395303,5.551115123125783e-17,-5.551115123125783e-17,-149.9819266545084
30.618959100924467,20.306114467908223,31.922490107862576,-1.1102230246251565e-16,-5.551115123125783e-17,-149.99858827815828
30.623415959678752,20.31520067798849,31.923876352223093,-1.1102230246251564e-16,1.1102230246251565e-16,-150.01524394934935
30.627873133734738,20.324286866015203,31.92526360851831,-5.551115123125783e-17,5.551115123125783e-17,-150.03189366754125
30.632330623076744,20.333373032065527,31.926651878231933,-2.2204460492503128e-16,-1.1102230246251565e-16,-150.04853743219383
30.636788427689144,20.342459176216632,31.92804116284766,-1.1102230246251564e-16,-1.1102230246251565e-16,-150.06517524276677
30.64124654755631,20.351545298545698,31.929431463849202,0.0,5.551115123125783e-17,-150.08180709872005
30.645704982662654,20.360631399129918,31.930822782720274,0.0,0.0,-150.09843299951328
30.65016373299262,20.36971747804654,31.93221512094458,-5.551115123125783e-17,0.0,-150.1150529446063
30.65462279853068,20.378803535372782,31.93360848000584,5.551115123125783e-17,0.0,-150.1316669334589
30.65908217926132,20.387889571185934,31.935002861387748,-1.1102230246251565e-16,5.551115123125783e-17,-150.14827496553067
30.66354187516908,20.396975585563254,31.936398266574017,-5.551115123125783e-17,-5.551115123125783e-17,-150.16487704028168
30.668001886238507,20.40606157858207,31.937794697048353,0.0,-1.1102230246251565e-16,-150.18147315717152
30.672462212454167,20.41514755031969,31.939192154294474,0.0,-5.551115123125783e-17,-150.19806331566008
30.67692285380068,20.42423350085346,31.94059063979608,-5.551115123125783e-17,-1.1102230246251565e-16,-150.214647515207
30.681383810262687,20.433319430260745,31.941990155036883,0.0,0.0,-150.23122575527216
30.685845081824848,20.442405338618933,31.943390701500594,0.0,-5.551115123125783e-17,-150.24779803531527
30.69030666847184,20.451491226005416,31.944792280670917,-1.6653345369377348e-16,-5.551115123125783e-17,-150.26436435479616
30.694768570188405,20.460577092497616,31.94619489403156,-5.551115123125782e-17,5.551115123125783e-17,-150.2809247131746
30.699230786959284,20.46966293817298,31.94759854306623,0.0,-5.551115123125783e-17,-150.2974791099103
30.703693318769243,20.47874876310897,31.949003229258643,-5.551115123125783e-17,0.0,-150.3140275444631
30.708156165603096,20.487834567383064,31.95040895409251,-1.6653345369377348e-16,-5.551115123125783e-17,-150.3305700162928
30.712619327445672,20.496920351072767,31.951815719051538,-1.1102230246251565e-16,0.0,-150.34710652485913
30.71708280428183,20.506006114255598,31.953223525619425,-1.1102230246251564e-16,-5.551115123125783e-17,-150.36363706962192
30.72154659609646,20.515091857009107,31.954632375279882,0.0,5.551115123125783e-17,-150.3801616500408
30.726010702874458,20.524177579410843,31.956042269516622,-5.551115123125783e-17,-1.1102230246251565e-16,-150.39668026557572
30.73047512460079,20.533263281538392,31.957453209813366,-1.6653345369377348e-16,0.0,-150.41319291568635
30.73493986126043,20.542348963469358,31.9588651976538,0.0,0.0,-150.42969959983253
30.73940491283836,20.55143462528136,31.960278234521642,-1.1102230246251565e-16,-5.551115123125783e-17,-150.446200317474
30.743870279319612,20.560520267052045,31.961692321900607,-1.1102230246251565e-16,-1.1102230246251565e-16,-150.46269506807053
30.748335960689253,20.569605888859066,31.963107461274387,-1.1102230246251565e-16,0.0,-150.47918385108193
30.75280195693236,20.578691490780116,31.96452365412672,0.0,0.0,-150.49566666596795
30.757268268034025,20.587777072892884,31.965940901941284,-1.1102230246251564e-16,-1.1102230246251565e-16,-150.51214351218837
30.76173489397941,20.5968626352751,31.967359206201802,-2.2204460492503128e-16,5.551115123125783e-17,-150.52861438920297
30.766201834753673,20.605948178004503,31.968778568391993,0.0,0.0,-150.54507929647156
30.770669090342015,20.61503370115887,31.970198989995538,0.0,0.0,-150.56153823345377
30.775136660729647,20.624119204815944,31.97162047249617,0.0,-1.6653345369377348e-16,-150.57799119960958
30.77960454590183,20.633204689053578,31.97304301737758,0.0,1.1102230246251565e-16,-150.59443819439866
30.784072745843847,20.642290153949567,31.974466626123494,0.0,0.0,-150.6108792172808
30.78854126054099,20.651375599581755,31.97589130021761,0.0,5.551115123125783e-17,-150.6273142677158
30.793010089978605,20.66046102602801,31.97731704114364,1.1102230246251564e-16,-5.551115123125783e-17,-150.64374334516336
30.797479234142042,20.669546433366218,31.978743850385296,-1.1102230246251564e-16,5.551115123125783e-17,-150.6601664490833
30.801948693016705,20.678631821674283,31.980171729426274,0.0,-5.551115123125783e-17,-150.67658357893544
30.80641846658801,20.687717191030124,31.981600679750297,-1.1102230246251565e-16,0.0,-150.69299473417954
30.8108885548414,20.69680254151169,31.983030702841063,-5.551115123125783e-17,-1.6653345369377348e-16,-150.7093999142753
30.815358957762353,20.70588787319695,31.984461800182284,5.551115123125783e-17,-5.551115123125783e-17,-150.7257991186826
30.819829675336376,20.71497318616389,31.985893973257674,-5.551115123125783e-17,0.0,-150.74219234686117
30.82430070754899,20.724058480490505,31.987327223550935,-1.1102230246251565e-16,5.551115123125783e-17,-150.75857959827073
30.828772054385755,20.733143756254833,31.988761552545782,-1.6653345369377348e-16,-5.551115123125783e-17,-150.7749608723712
30.833243715832268,20.742229013534917,31.990196961725914,5.551115123125782e-17,5.551115123125783e-17,-150.79133616862217
30.837715691874134,20.75131425240882,31.991633452575048,0.0,-1.1102230246251565e-16,-150.80770548648357
30.84218798249699,20.76039947295465,31.993071026576896,-1.1102230246251565e-16,-5.551115123125783e-17,-150.8240688254151
30.84666058768652,20.76948467525049,31.994509685215156,-1.6653345369377348e-16,-1.1102230246251565e-16,-150.84042618487663
30.851133507428422,20.778569859374482,31.99594942997354,-1.1102230246251565e-16,-1.1102230246251565e-16,-150.85677756432776
30.855606741708424,20.78765502540478,31.99739026233576,0.0,5.551115123125783e-17,-150.87312296322847
30.860080290512265,20.79674017341955,31.998832183785517,0.0,0.0,-150.88946238103836
30.86455415382574,20.805825303496974,32.00027519580653,0.0,-1.1102230246251565e-16,-150.90579581721732
30.869028331634663,20.814910415715282,32.00171929988251,5.551115123125783e-17,5.551115123125783e-17,-150.9221232712251
30.873502823924866,20.82399551015269,32.003164497497146,-5.551115123125783e-17,-1.1102230246251565e-16,-150.9384447425214
30.877977630682217,20.83308058688747,32.00461079013417,0.0,-5.551115123125783e-17,-150.9547602305661
30.88245275189261,20.842165645997873,32.006058179277275,-1.1102230246251564e-16,-5.551115123125783e-17,-150.97106973481894
30.886928187541976,20.85125068756221,32.00750666641018,-1.6653345369377348e-16,0.0,-150.98737325473968
30.891403937616268,20.860335711658795,32.00895625301658,-5.551115123125783e-17,5.551115123125783e-17,-151.00367078978815
30.895880002101443,20.869420718365955,32.010406940580204,-2.220446049250313e-16,-1.6653345369377348e-16,-151.019962339424
30.90035638098354,20.878505707762052,32.011858730584734,-5.551115123125783e-17,-5.551115123125783e-17,-151.03624790310715
30.90483307424857,20.88759067992547,32.013311624513904,1.6653345369377348e-16,-5.551115123125783e-17,-151.05252748029733
30.90931008188261,20.896675634934603,32.0147656238514,1.1102230246251565e-16,-5.551115123125783e-17,-151.0688010704543
30.91378740387174,20.90576057286787,32.01622073008095,5.551115123125782e-17,1.1102230246251565e-16,-151.08506867303782
30.918265040202087,20.914845493803703,32.017676944686265,0.0,0.0,-151.10133028750772
30.922742990859795,20.923930397820577,32.01913426915102,-5.551115123125783e-17,5.551115123125783e-17,-151.1175859133237
30.927221255831046,20.93301528499697,32.02059270495898,5.551115123125783e-17,1.1102230246251565e-16,-151.13383554994562
30.931699835102044,20.94210015541138,32.02205225359379,1.1102230246251565e-16,5.551115123125783e-17,-151.15007919683313
30.93617872865901,20.95118500914234,32.02351291653922,-1.1102230246251565e-16,5.551115123125783e-17,-151.1663168534462
30.94065793648821,20.96026984626839,32.02497469527893,-1.1102230246251564e-16,5.551115123125783e-17,-151.1825485192444
30.945137458575946,20.96935466686809,32.02643759129665,5.551115123125783e-17,0.0,-151.19877419368768
30.949617294908506,20.97843947102003,32.027901606076085,-1.1102230246251565e-16,-5.551115123125783e-17,-151.21499387623572
30.954097445472254,20.987524258802825,32.029366741100944,-1.6653345369377348e-16,0.0,-151.23120756634833
30.95857791025357,20.99660903029511,32.03083299785494,-1.6653345369377348e-16,-1.6653345369377348e-16,-151.24741526348527
30.96305868923884,21.005693785575524,32.03230037782177,5.551115123125783e-17,5.551115123125783e-17,-151.2636169671063
30.967539782414487,21.01477852472273,32.033768882485155,0.0,0.0,-151.2798126766712
30.972021189766984,21.023863247815434,32.03523851332881,0.0,0.0,-151.29600239163977
30.9765029112828,21.03294795493235,32.03670927183642,-1.6653345369377348e-16,0.0,-151.31218611147182
30.980984946948464,21.04203264615221,32.038181159491714,0.0,0.0,-151.32836383562702
30.98546729675051,21.051117321553768,32.03965417777838,5.551115123125783e-17,0.0,-151.34453556356524
30.9899499606755,21.0602019812158,32.04112832818016,-1.1102230246251565e-16,-5.551115123125783e-17,-151.3607012947462
30.99443293871005,21.069286625217114,32.04260361218072,0.0,0.0,-151.37686102862978
30.998916230840766,21.078371253636522,32.0440800312638,0.0,-5.551115123125783e-17,-151.39301476467563
31.003399837054307,21.087455866552855,32.045557586913105,-5.551115123125783e-17,0.0,-151.40916250234358
31.007883757337364,21.096540464045,32.04703628061234,-1.1102230246251564e-16,5.551115123125783e-17,-151.42530424109336
31.01236799167664,21.105625046191825,32.0485161138452,-5.551115123125783e-17,5.551115123125783e-17,-151.44143998038484
31.016852540058878,21.11470961307223,32.049997088095424,5.551115123125783e-17,5.551115123125783e-17,-151.45756971967776
31.02133740247083,21.12379416476515,32.051479204846686,5.551115123125783e-17,0.0,-151.47369345843188
31.025822578899312,21.132878701349536,32.05296246558273,5.551115123125783e-17,0.0,-151.4898111961069
31.03030806933113,21.14196322290435,32.05444687178722,5.551115123125782e-17,5.551115123125783e-17,-151.50592293216272
31.034793873753138,21.151047729508587,32.055932424943904,0.0,-5.551115123125783e-17,-151.52202866605907
31.039279992152217,21.16013222124125,32.05741912653648,5.551115123125783e-17,0.0,-151.53812839725575
31.043766424515283,21.169216698181387,32.058906978048654,0.0,0.0,-151.55422212521245
31.048253170829256,21.178301160408047,32.06039598096413,-5.551115123125783e-17,5.551115123125783e-17,-151.57030984938905
31.05274023108111,21.187385608000287,32.06188613676662,-1.1102230246251565e-16,-5.551115123125783e-17,-151.58639156924525
31.057227605257836,21.19647004103724,32.06337744693984,0.0,5.551115123125783e-17,-151.6024672842409
31.061715293346445,21.205554459598,32.064869912967495,5.551115123125783e-17,-5.551115123125783e-17,-151.61853699383573
31.066203295334,21.214638863761724,32.06636353633327,-5.551115123125783e-17,0.0,-151.63460069748947
31.07069161120756,21.223723253607556,32.06785831852092,-5.551115123125783e-17,0.0,-151.650658394662
31.075180240954243,21.232807629214697,32.06935426101411,0.0,-5.551115123125783e-17,-151.66671008481308
31.07966918456118,21.241891990662346,32.07085136529658,5.551115123125783e-17,0.0,-151.68275576740243
31.08415844201553,21.250976338029737,32.07234963285202,5.551115123125783e-17,5.551115123125783e-17,-151.69879544188979
31.088648013304482,21.2600606713961,32.07384906516415,5.551115123125783e-17,1.1102230246251565e-16,-151.71482910773503
31.09313789841525,21.269144990840733,32.07534966371666,5.551115123125782e-17,1.6653345369377348e-16,-151.7308567643979
31.097628097335082,21.27822929644291,32.076851429993276,1.1102230246251564e-16,5.551115123125783e-17,-151.74687841133817
31.10211861005125,21.287313588281947,32.078354365477715,0.0,1.1102230246251565e-16,-151.76289404801562
31.10660943655106,21.296397866437182,32.07985847165366,-1.6653345369377348e-16,5.551115123125783e-17,-151.77890367389
31.11110057682185,21.305482130987986,32.08136375000484,-1.1102230246251565e-16,1.1102230246251565e-16,-151.79490728842106
31.115592030850966,21.314566382013712,32.082870202014945,-5.551115123125783e-17,-1.6653345369377348e-16,-151.81090489106867
31.1200837986258,21.32365061959379,32.0843778291677,0.0,2.220446049250313e-16,-151.82689648129255
31.12457588013376,21.332734843807618,32.08588663294682,-1.1102230246251565e-16,0.0,-151.84288205855248
31.1290682753623,21.341819054734657,32.08739661483598,-1.6653345369377348e-16,5.551115123125783e-17,-151.85886162230824
31.133560984298892,21.350903252454366,32.088907776318926,5.551115123125783e-17,-5.551115123125783e-17,-151.87483517201966
31.138054006931025,21.359987437046243,32.09042011887935,0.0,0.0,-151.89080270714638
31.142547343246235,21.369071608589795,32.09193364400097,-5.551115123125783e-17,1.1102230246251565e-16,-151.9067642271483
31.14704099323208,21.37815576716455,32.09344835316748,-5.551115123125783e-17,-5.551115123125783e-17,-151.92271973148513
31.15153495687614,21.387239912850067,32.09496424786259,0.0,-5.551115123125783e-17,-151.93866921961668
31.156029234166024,21.39632404572592,32.09648132957001,-1.6653345369377348e-16,1.6653345369377348e-16,-151.95461269100267
31.160523825089385,21.405408165871712,32.09799959977347,0.0,1.1102230246251565e-16,-151.97055014510303
31.16501872963389,21.41449227336706,32.099519059956656,-5.551115123125783e-17,1.1102230246251565e-16,-151.98648158137738
