galstreams/tracks/track.st.Ylgr.ibata2021.ecsv
# %ECSV 0.9
# ---
# datatype:
# - {name: ra, unit: deg, datatype: float64}
# - {name: dec, unit: deg, datatype: float64}
# - {name: distance, unit: kpc, datatype: float64}
# - {name: pm_ra_cosdec, unit: mas / yr, datatype: float64}
# - {name: pm_dec, unit: mas / yr, datatype: float64}
# - {name: radial_velocity, unit: km / s, datatype: float64}
# delimiter: ','
# meta: !!omap
# - __serialized_columns__:
#     dec:
#       __class__: astropy.coordinates.angles.Latitude
#       unit: &id001 !astropy.units.Unit {unit: deg}
#       value: !astropy.table.SerializedColumn {name: dec}
#     distance:
#       __class__: astropy.coordinates.distances.Distance
#       unit: !astropy.units.Unit {unit: kpc}
#       value: !astropy.table.SerializedColumn {name: distance}
#     pm_dec:
#       __class__: astropy.units.quantity.Quantity
#       unit: !astropy.units.Unit {unit: mas / yr}
#       value: !astropy.table.SerializedColumn {name: pm_dec}
#     pm_ra_cosdec:
#       __class__: astropy.units.quantity.Quantity
#       unit: !astropy.units.Unit {unit: mas / yr}
#       value: !astropy.table.SerializedColumn {name: pm_ra_cosdec}
#     ra:
#       __class__: astropy.coordinates.angles.Longitude
#       unit: *id001
#       value: !astropy.table.SerializedColumn {name: ra}
#       wrap_angle: !astropy.coordinates.Angle
#         unit: *id001
#         value: 360.0
#     radial_velocity:
#       __class__: astropy.units.quantity.Quantity
#       unit: !astropy.units.Unit {unit: km / s}
#       value: !astropy.table.SerializedColumn {name: radial_velocity}
# schema: astropy-2.0
ra,dec,distance,pm_ra_cosdec,pm_dec,radial_velocity
[from data line 540]
166.0172990741511,-2.5834125272179063,7.961363372895934,-0.5009754310716711,-11.1846010592976,-5.0524602779234026e-14
166.02061741734067,-2.592850119450875,7.960185914278448,-0.5007252536366755,-11.184015220995626,8.420767129872338e-14
166.02393691916933,-2.602287286467697,7.959008931576471,-0.5004748952675204,-11.183426178497642,-4.210383564936169e-15
166.02725757865733,-2.611724028674552,7.957832434458164,-0.5002243572615456,-11.182833935996271,-1.5999457546757442e-13
166.03057939482454,-2.621160346477915,7.956656432573274,-0.4999736409140916,-11.182238497681523,-4.631421921429786e-14
166.03390236669068,-2.630596240284173,7.955480935553133,-0.49972274751849116,-11.181639867740833,-1.3052189051302125e-13
166.03722649327503,-2.6400317104998674,7.954305953010712,-0.4994716783660686,-11.181038050359035,-4.210383564936169e-15
166.04055177359652,-2.649466757531812,7.953131494540561,-0.49922043474615163,-11.18043304971836,-7.578690416885104e-14
166.04387820667378,-2.6589013817867673,7.951957569718894,-0.4989690179460641,-11.179824869998443,-2.5262301389617017e-13
166.04720579152516,-2.668335583671612,7.95078418810357,-0.49871742925113455,-11.179213515376345,1.6841534259744676e-14
166.05053452716862,-2.677769363593505,7.949611359234079,-0.4984656699446869,-11.178598990026522,-1.5578419190263825e-13
166.05386441262183,-2.6872027219595718,7.948439092631612,-0.49821374130805574,-11.177981298120823,7.578690416885104e-14
166.05719544690209,-2.6966356591770335,7.947267397798989,-0.4979616446205689,-11.177360443828533,-1.0525958912340423e-13
166.06052762902647,-2.706068175653396,7.946096284220779,-0.497709381159577,-11.176736431316334,6.315575347404254e-14
166.06386095801156,-2.7155002717961434,7.944925761363202,-0.49745695220041664,-11.176109264748316,-5.4734986344170195e-14
166.0671954328738,-2.7249319480128165,7.943755838674225,-0.49720435901645155,-11.175478948285994,-1.0946997268834039e-13
166.07053105262926,-2.7343632047112805,7.942586525583521,-0.4969516028790474,-11.174845486088243,-6.73661370389787e-14
166.07386781629367,-2.7437940422993266,7.941417831502509,-0.4966986850575841,-11.174208882311436,5.894536990910637e-14
166.07720572288233,-2.7532244611849084,7.940249765824343,-0.49644560681944205,-11.17356914110928,-5.0524602779234026e-14
166.08054477141042,-2.7626544617761812,7.939082337923945,-0.4961923694300352,-11.172926266632937,-1.894672604221276e-13
166.0838849608927,-2.7720840444812977,7.9379155571580196,-0.49593897415278043,-11.172280263030984,-1.5578419190263825e-13
166.08722629034364,-2.781513209708514,7.936749432865026,-0.49568542224911494,-11.171631134449365,-6.73661370389787e-14
166.09056875877735,-2.790941957866351,7.935583974365247,-0.49543171497849425,-11.170978885031511,-9.683882199353189e-14
166.09391236520764,-2.8003702893633275,7.934419190960728,-0.49517785359838706,-11.170323518918211,4.631421921429786e-14
166.09725710864808,-2.809798204607974,7.933255091935388,-0.49492383936429374,-11.169665040247695,-2.1051917824680846e-14
166.1006029881118,-2.8192257040092055,7.932091686554914,-0.4946696735297287,-11.169003453155607,-2.1893994537668078e-13
166.10395000261173,-2.8286527879758117,7.930928984066886,-0.4944153573462331,-11.168338761775008,-2.3578147963642546e-13
166.1072981511604,-2.838079456916715,7.929766993700699,-0.49416089206337,-11.167670970236372,-1.768361097273191e-13
166.11064743277015,-2.8475057112411086,7.928605724667627,-0.4939062789287283,-11.167000082667606,2.1051917824680846e-14
166.11399784645283,-2.856931551358148,7.927445186160805,-0.4936515191879328,-11.166326103194026,-1.3052189051302125e-13
166.11734939122013,-2.866356977677077,7.926285387355269,-0.49339661408462837,-11.16564903593834,-2.1893994537668078e-13
166.12070206608342,-2.875781990607417,7.925126337407959,-0.49314156486049454,-11.164968885020738,-1.0104920555846805e-13
166.1240558700537,-2.885206590558642,7.9239680454576735,-0.4928863727552317,-11.164285654558803,3.789345208442552e-14
166.12741080214164,-2.894630777940341,7.922810520625198,-0.4926310390065901,-11.163599348667514,1.6841534259744676e-14
166.13076686135773,-2.904054553162335,7.9216537720132045,-0.49237556485034295,-11.16290997145929,-1.642049590325106e-13
166.134124046712,-2.9134779166344504,7.920497808706329,-0.49211995152030064,-11.162217527044,-1.642049590325106e-13
166.1374823572143,-2.922900868766558,7.919342639771147,-0.49186420024831434,-11.161522019528897,4.210383564936169e-15
166.14084179187412,-2.932323409968853,7.918188274256211,-0.4916083122642682,-11.160823453018681,-8.841805486365955e-14
166.14420234970072,-2.9417455406514255,7.9170347211920555,-0.4913522887960856,-11.160121831615475,-2.3578147963642546e-13
166.14756402970286,-2.9511672612245246,7.915881989591183,-0.4910961310697365,-11.159417159418815,-2.694645481559148e-13
166.15092683088923,-2.9605885720986214,7.9147300884481275,-0.490839840309234,-11.158709440525689,-2.5262301389617017e-13
166.1542907522681,-2.970009473684147,7.913579026739409,-0.49058341773662434,-11.157998679030484,2.1051917824680846e-14
166.15765579284744,-2.979429966391666,7.912428813423578,-0.49032686457200475,-11.157284879025028,-1.2631150694808506e-14
166.161021951635,-2.9888500506319438,7.911279457441214,-0.49007018203351826,-11.156568044598576,-1.2631150694808506e-14
166.16438922763808,-2.998269726815761,7.910130967714959,-0.48981337133735936,-11.15584817983781,-9.262843842859572e-14
166.1677576198639,-3.007688995353939,7.908983353149507,-0.48955643369776447,-11.155125288826842,4.210383564936169e-14
166.17112712731915,-3.0171078566576193,7.907836622631619,-0.4892993703270241,-11.154399375647229,-1.6841534259744677e-13
166.17449774901044,-3.026526311137844,7.906690785030136,-0.4890421824354774,-11.15367044437793,2.5262301389617013e-14
166.17786948394388,-3.035944359205785,7.905545849195981,-0.4887848712315193,-11.152938499095352,-1.8525687685719145e-13
166.18124233112542,-3.045362001272886,7.9044018239622185,-0.48852743792160014,-11.152203543873336,-2.3578147963642546e-13
166.18461628956075,-3.0547792377504717,7.903258718143983,-0.48826988371021873,-11.151465582783148,-2.6525416459097863e-13
166.18799135825512,-3.064196069050058,7.902116540538569,-0.488012209799939,-11.150724619893507,-1.8104649329225526e-13
166.19136753621365,-3.0736124955833413,7.900975299925386,-0.4877544173913776,-11.149980659270527,8.420767129872338e-15
166.19474482244098,-3.083028517762016,7.899835005066011,-0.48749650768321046,-11.149233704977805,-1.5578419190263825e-13
166.19812321594165,-3.092444135997841,7.89869566470417,-0.48723848187217467,-11.148483761076328,-1.7262572616238293e-13
166.20150271571984,-3.1018593507028607,7.897557287565781,-0.4869803411530738,-11.147730831624548,2.5262301389617013e-14
166.20488332077937,-3.1112741622890603,7.896419882358913,-0.48672208671876305,-11.14697492067834,-2.2736071250655313e-13
166.20826503012393,-3.1206885711685004,7.895283457773876,-0.4864637197601818,-11.14621603229104,8.841805486365955e-14
166.21164784275672,-3.1301025777535174,7.894148022483136,-0.48620524146630983,-11.145454170513384,5.0524602779234026e-14
166.21503175768086,-3.139516182456397,7.8930135851414285,-0.48594665302422047,-11.144689339393555,-3.789345208442552e-14
166.21841677389898,-3.1489293856895046,7.891880154385689,-0.48568795561903727,-11.143921542977203,1.2631150694808506e-14
166.22180289041364,-3.1583421878654705,7.890747738835095,-0.4854291504339554,-11.143150785307396,-8.841805486365955e-14
166.22519010622696,-3.1677545893968735,7.889616347091102,-0.48517023865025216,-11.142377070424665,4.210383564936169e-14
166.2285784203408,-3.177166590696383,7.888485987737392,-0.48491122144726817,-11.141600402366917,4.210383564936169e-14
166.23196783175686,-3.186578192176916,7.887356669339961,-0.484652100002416,-11.140820785169574,-1.768361097273191e-13
166.23535833947636,-3.1959893942512827,7.886228400447076,-0.4843928754911888,-11.140038222865488,-2.73674931720851e-13
166.2387499425004,-3.2054001973326254,7.8851011895893075,-0.484133549087161,-11.139252719484906,-9.683882199353189e-14
166.2421426398297,-3.214810601833988,7.883975045279523,-0.4838741219619649,-11.138464279055569,-1.9367764398706378e-13
166.2455364304648,-3.2242206081685154,7.882849976012931,-0.48361459528533157,-11.137672905602638,-1.7262572616238293e-13
166.24893131340593,-3.2336302167496216,7.881725990267081,-0.4833549702250672,-11.136878603148737,-6.73661370389787e-14
166.25232728765292,-3.243039427990676,7.880603096501829,-0.4830952479470545,-11.136081375713909,-1.0946997268834039e-13
166.2557243522055,-3.252448242305087,7.879481303159438,-0.4828354296152653,-11.135281227315664,-8.420767129872338e-14
166.25912250606305,-3.2618566601065755,7.878360618664493,-0.4825755163917483,-11.134478161968952,-2.9051646598059566e-13
166.26252174822469,-3.2712646818087454,7.877241051424014,-0.48231550943664797,-11.133672183686162,-3.368306851948935e-14
166.26592207768917,-3.280672307825356,7.87612260982734,-0.48205540990817897,-11.132863296477138,4.210383564936169e-15
166.26932349345512,-3.290079538570366,7.875005302246284,-0.48179521896266664,-11.132051504349187,-4.210383564936169e-14
166.2727259945208,-3.299486374457685,7.8738891370350315,-0.4815349377545035,-11.131236811307028,-8.420767129872338e-15
166.27612957988427,-3.3088928159013227,7.872774122530198,-0.48127456743618935,-11.130419221352872,-1.4315304120782974e-13
166.27953424854326,-3.3182988633155452,7.8716602670508555,-0.4810141091583006,-11.129598738486361,-2.3999186320136165e-13
166.2829399994952,-3.3277045171145434,7.87054757889852,-0.4807535640695213,-11.128775366704582,3.789345208442552e-14
166.2863468317373,-3.3371097777125884,7.86943606635715,-0.4804929333166233,-11.127949110002078,-7.999728773378721e-14
166.2897547442666,-3.3465146455242274,7.868325737693196,-0.4802322180444736,-11.127119972370842,-1.894672604221276e-13
166.29316373607963,-3.35591912096394,7.867216601155578,-0.4799714193960398,-11.12628795780034,-1.0104920555846805e-13
166.2965738061729,-3.3653232044462578,7.866108664975719,-0.4797105385123817,-11.125453070277457,-4.210383564936169e-14
166.29998495354252,-3.3747268963860124,7.865001937367559,-0.4794495765326616,-11.124615313786567,9.262843842859572e-14
166.30339717718434,-3.3841301971979214,7.863896426527527,-0.4791885345941474,-11.123774692309466,-5.0524602779234026e-14
166.306810476094,-3.3935331072968378,7.862792140634609,-0.4789274138321994,-11.122931209825442,-1.0104920555846805e-13
166.31022484926686,-3.402935627097831,7.861689087850317,-0.4786662153802883,-11.122084870311198,-8.841805486365955e-14
166.31364029569798,-3.41233775701592,7.86058727631873,-0.4784049403699941,-11.121235677740916,-7.999728773378721e-14
166.31705681438217,-3.421739497466203,7.8594867141664775,-0.4781435899309887,-11.12038363608625,-1.0525958912340423e-13
166.3204744043141,-3.4311408488640067,7.858387409502768,-0.47788216519106785,-11.11952874931628,-2.442022467662978e-13
166.3238930644879,-3.4405418116246502,7.857289370419402,-0.4776206672761212,-11.118671021397574,-1.0104920555846805e-13
166.32731279389773,-3.44994238616346,7.85619260499077,-0.4773590973101545,-11.117810456294132,-1.4315304120782974e-13
166.3307335915374,-3.4593425728960674,7.855097121273897,-0.47709745641528506,-11.116947057967444,2.947268495455318e-14
166.33415545640037,-3.468742372238015,7.854002927308379,-0.47683574571174125,-11.116080830376426,-8.420767129872338e-14
166.3375783874799,-3.4781417846049227,7.852910031116512,-0.47657396631787263,-11.115211777477473,4.210383564936169e-15
166.34100238376914,-3.4875408104126606,7.851818440703173,-0.47631211935012896,-11.114339903224446,2.5262301389617013e-14
166.3444274442607,-3.496939450077046,7.850728164055931,-0.4760502059230859,-11.113465211568665,-2.9051646598059566e-13
166.3478535679471,-3.506337704013976,7.849639209145027,-0.4757882271494318,-11.112587706458912,-1.6841534259744676e-14
166.35128075382076,-3.5157355726395494,7.848551583923361,-0.4755261841399825,-11.111707391841433,-1.768361097273191e-13
166.3547090008735,-3.525133056369856,7.84746529632654,-0.4752640780036657,-11.110824271659933,-2.020984111169361e-13
166.35813830809715,-3.534530155621025,7.846380354272855,-0.47500190984753377,-11.109938349855586,-1.347322740779574e-13
166.3615686744832,-3.54392687080945,7.845296765663334,-0.47473968077675865,-11.109049630367034,-2.48412630331234e-13
166.3650000990229,-3.5533232023514674,7.844214538381705,-0.47447739189463767,-11.108158117130385,-5.4734986344170195e-14
166.36843258070724,-3.5627191506634395,7.843133680294461,-0.4742150443025902,-11.107263814079214,-1.2631150694808506e-14
166.371866118527,-3.572114716162026,7.842054199250809,-0.4739526391001708,-11.10636672514454,-1.221011233831489e-13
166.37530071147265,-3.581509899263751,7.84097610308275,-0.47369017738505526,-11.105466854254894,-1.9367764398706378e-13
166.37873635853447,-3.5909047003854115,7.83989939960503,-0.47342766025304517,-11.104564205336244,-3.3683068519489354e-13
166.3821730587025,-3.600299119943741,7.8388240966152045,-0.4731650887980782,-11.10365878231203,0.0
166.38561081096643,-3.60969315835555,7.837750201893595,-0.4729024641122206,-11.102750589103172,-1.2631150694808506e-14
166.38904961431587,-3.619086816037917,7.836677723203337,-0.4726397872856697,-11.101839629628062,-1.8104649329225526e-13
166.39248946774003,-3.6284800934078056,7.835606668290401,-0.4723770594067611,-11.100925907802548,-2.442022467662978e-13
166.395930370228,-3.6378729908822653,7.83453704488356,-0.472114281561966,-11.100009427539952,-1.8525687685719145e-13
166.39937232076855,-3.6472655088786308,7.833468860694457,-0.47185145483588264,-11.099090192751095,-2.1472956181174462e-13
166.4028153183502,-3.656657647814103,7.832402123417544,-0.47158858031125495,-11.098168207344226,-1.4736342477276593e-13
166.40625936196133,-3.6660494081059896,7.83133684073019,-0.4713256590689658,-11.097243475225126,3.789345208442552e-14
166.40970445058997,-3.6754407901718444,7.830273020292586,-0.4710626921880376,-11.096316000296977,-2.442022467662978e-13
166.41315058322397,-3.6848317944291216,7.829210669747844,-0.47079968074562645,-11.095385786460495,-1.768361097273191e-13
166.4165977588509,-3.6942224212953683,7.828149796721979,-0.47053662581704947,-11.094452837613858,4.210383564936169e-15
166.4200459764582,-3.703612671188374,7.827090408823872,-0.4702735284757442,-11.093517157652698,-4.631421921429786e-14
166.4234952350329,-3.7130025445258497,7.826032513645373,-0.47001038979331056,-11.092578750470153,-1.0104920555846805e-13
166.42694553356193,-3.7223920417255623,7.824976118761237,-0.46974721083948584,-11.091637619956822,7.157652060391487e-14
166.43039687103197,-3.7317811632055258,7.823921231729172,-0.469483992682166,-11.090693770000781,-1.5578419190263825e-13
166.4338492464294,-3.7411699093836956,7.822867860089835,-0.4692207363873786,-11.089747204487594,1.2631150694808506e-14
166.4373026587404,-3.750558280678083,7.821816011366865,-0.4689574430193193,-11.088797927300293,-1.1789073981821273e-13
166.44075710695094,-3.7599462775069403,7.820765693066846,-0.46869411364032065,-11.087845942319387,-2.1051917824680846e-14
166.44421259004682,-3.769333900288427,7.819716912679405,-0.4684307493108766,-11.086891253422904,-8.841805486365955e-14
166.4476691070134,-3.7787211494408095,7.8186696776771125,-0.4681673510896315,-11.085933864486286,1.6841534259744676e-14
166.45112665683607,-3.7881080253825656,7.817623995515593,-0.46790392003338804,-11.084973779382514,-1.768361097273191e-13
166.4545852384998,-3.7974945285320847,7.8165798736334775,-0.467640457197102,-11.084011001982034,-8.420767129872338e-14
166.45804485098935,-3.8068806593078595,7.81553731945243,-0.4673769636338845,-11.083045536152763,-1.5999457546757442e-13
166.46150549328945,-3.8162664181285733,7.814496340377192,-0.4671134403950147,-11.082077385760131,4.210383564936169e-15
166.4649671643843,-3.8256518054128885,7.813456943795501,-0.46684988852992043,-11.081106554667,-2.947268495455318e-14
