galstreams/tracks/track.st.Jet.ferguson2022.ecsv
# %ECSV 0.9
# ---
# datatype:
# - {name: ra, unit: deg, datatype: float64}
# - {name: dec, unit: deg, datatype: float64}
# - {name: distance, unit: kpc, datatype: float64}
# - {name: pm_ra_cosdec, unit: mas / yr, datatype: float64}
# - {name: pm_dec, unit: mas / yr, datatype: float64}
# - {name: radial_velocity, unit: km / s, datatype: float64}
# delimiter: ','
# meta: !!omap
# - __serialized_columns__:
#     dec:
#       __class__: astropy.coordinates.angles.Latitude
#       unit: &id001 !astropy.units.Unit {unit: deg}
#       value: !astropy.table.SerializedColumn {name: dec}
#     distance:
#       __class__: astropy.coordinates.distances.Distance
#       unit: !astropy.units.Unit {unit: kpc}
#       value: !astropy.table.SerializedColumn {name: distance}
#     pm_dec:
#       __class__: astropy.units.quantity.Quantity
#       unit: !astropy.units.Unit {unit: mas / yr}
#       value: !astropy.table.SerializedColumn {name: pm_dec}
#     pm_ra_cosdec:
#       __class__: astropy.units.quantity.Quantity
#       unit: !astropy.units.Unit {unit: mas / yr}
#       value: !astropy.table.SerializedColumn {name: pm_ra_cosdec}
#     ra:
#       __class__: astropy.coordinates.angles.Longitude
#       unit: *id001
#       value: !astropy.table.SerializedColumn {name: ra}
#       wrap_angle: !astropy.coordinates.Angle
#         unit: *id001
#         value: 360.0
#     radial_velocity:
#       __class__: astropy.units.quantity.Quantity
#       unit: !astropy.units.Unit {unit: km / s}
#       value: !astropy.table.SerializedColumn {name: radial_velocity}
# schema: astropy-2.0
ra,dec,distance,pm_ra_cosdec,pm_dec,radial_velocity
[from data line 2013]
141.8806478090573,-17.890625807204433,29.340500649119253,-0.7639094799262058,-1.59010521765407,-4.050557404811192e-10
141.88723428762998,-17.88282185313037,29.33781659697886,-0.7642566765571888,-1.5903294369542331,-4.0316106787689795e-10
141.89382080704544,-17.875018119356724,29.33513320498724,-0.7646040509442885,-1.5905535854009272,-4.013842860124949e-10
141.90040736710637,-17.86721460560913,29.332450475151614,-0.7649516032400829,-1.5907776629820494,-3.9953171724392294e-10
141.90699396761553,-17.85941131161329,29.329768409479225,-0.7652993335971404,-1.591001669685495,-3.9762862387257183e-10
141.9135806083757,-17.85160823709498,29.3270870099773,-0.7656472421680238,-1.59122560549916,-3.957844758711298e-10
141.92016728918958,-17.843805381780086,29.32440627865309,-0.7659953291052878,-1.5914494704109419,-3.9397401093820724e-10
141.92675400985985,-17.836002745394577,29.32172621751381,-0.7663435945614816,-1.5916732644087366,-3.921130214025054e-10
141.93334077018926,-17.82820032766449,29.319046828566712,-0.7666920386891445,-1.5918969874804412,-3.902688734010634e-10
141.9399275699805,-17.82039812831598,29.316368113819024,-0.7670406616408121,-1.5921206396139538,-3.884163046324915e-10
141.94651440903627,-17.812596147075265,29.31369007527798,-0.7673894635690103,-1.5923442207971696,-3.8655531509678967e-10
141.95310128715923,-17.80479438366866,29.311012714950813,-0.7677384446262593,-1.5925677310179882,-3.846943255610879e-10
141.9596882041521,-17.796992837822565,29.308336034844757,-0.768087604965071,-1.592791170264306,-3.8287543986103545e-10
141.96627515981749,-17.789191509263468,29.305660036967048,-0.7684369447379512,-1.59301453852402,-3.810397126267233e-10
141.97286215395806,-17.78139039771794,29.30298472332493,-0.7687864640973978,-1.5932378357850283,-3.7915346078963187e-10
141.97944918637648,-17.77358950291265,29.30031009592562,-0.7691361631959022,-1.593461062035229,-3.772756297196704e-10
141.98603625687542,-17.765788824574344,29.297636156776374,-0.7694860421859476,-1.5936842172625187,-3.754399024853582e-10
141.99262336525746,-17.75798836242985,29.29496290788441,-0.7698361012200118,-1.593907301454795,-3.7358733371678626e-10
141.99921051132523,-17.7501881162061,29.292290351256966,-0.7701863404505637,-1.5941303145999566,-3.7173476494821435e-10
142.00579769488135,-17.742388085630097,29.289618488901294,-0.7705367600300653,-1.594353256685898,-3.698906169467723e-10
142.0123849157284,-17.73458827042894,29.2869473228246,-0.7708873601109725,-1.5945761277005204,-3.6799594434255106e-10
142.01897217366903,-17.726788670329807,29.28427685503413,-0.7712381408457323,-1.594798927631718,-3.6614337557397916e-10
142.02555946850578,-17.718989285059966,29.281607087537132,-0.7715891023867859,-1.595021656467389,-3.6433291064105656e-10
142.0321468000412,-17.711190114346778,29.278938022340824,-0.7719402448865672,-1.5952443141954302,-3.6246350033822494e-10
142.03873416807795,-17.703391157917682,29.27626966145245,-0.7722915684975018,-1.5954669008037377,-3.60610931569653e-10
142.0453215724185,-17.69559241550021,29.27360200687924,-0.7726430733720085,-1.5956894162802082,-3.587499420339512e-10
142.0519090128654,-17.687793886821975,29.27093506062843,-0.7729947596624998,-1.5959118606127376,-3.5688895249824946e-10
142.05849648922126,-17.679995571610675,29.268268824707263,-0.7733466275213794,-1.5961342337892215,-3.5502796296254765e-10
142.06508400128854,-17.6721974695941,29.265603301122958,-0.7736986771010452,-1.596356535797557,-3.531501318925861e-10
142.0716715488698,-17.66439958050012,29.262938491882764,-0.7740509085538866,-1.5965787666256375,-3.5131440465827393e-10
142.0782591317676,-17.65660190405671,29.26027439899391,-0.7744033220322868,-1.5968009262613596,-3.494449943554423e-10
142.08484674978433,-17.648804439991903,29.257611024463625,-0.7747559176886207,-1.5970230146926163,-3.4760926712113013e-10
142.0914344027226,-17.64100718803384,29.254948370299147,-0.7751086956752569,-1.597245031907303,-3.4570617374977897e-10
142.0980220903848,-17.63321014791073,29.25228643850773,-0.7754616561445553,-1.5974669778933126,-3.438620257483369e-10
142.1046098125735,-17.625413319350887,29.249625231096573,-0.7758147992488702,-1.5976888526385389,-3.420178777468949e-10
142.1111975690911,-17.617616702082703,29.246964750072937,-0.7761681251405474,-1.5979106561308745,-3.40165308978323e-10
142.11778535974014,-17.609820295834645,29.244304997444054,-0.7765216339719253,-1.5981323883582121,-3.3830431944262117e-10
142.124373184323,-17.602024100335296,29.241645975217146,-0.7768753258953367,-1.598354049308444,-3.3643490913978955e-10
142.13096104264213,-17.594228115313282,29.23898768539947,-0.7772292010631041,-1.5985756389694594,-3.345823403712176e-10
142.13754893450002,-17.58643234049735,29.236330129998237,-0.7775832596275457,-1.5987971573291515,-3.327634546711652e-10
142.144136859699,-17.57863677561632,29.233673311020695,-0.7779375017409699,-1.5990186043754089,-3.3088562360120365e-10
142.15072481804157,-17.57084142039911,29.231017230474066,-0.7782919275556798,-1.5992399800961226,-3.2896568869559277e-10
142.1573128093301,-17.56304627457469,29.228361890365605,-0.7786465372239688,-1.5994612844791802,-3.271299614612806e-10
142.16390083336705,-17.55525133787215,29.225707292702538,-0.7790013308981247,-1.5996825175124703,-3.252773926927087e-10
142.17048888995475,-17.54745661002066,29.22305343949209,-0.7793563087304283,-1.5999036791838825,-3.234416654583965e-10
142.17707697889557,-17.53966209074946,29.22040033274151,-0.779711470873151,-1.6001247694813003,-3.2153857208704534e-10
142.18366509999194,-17.531867779787888,29.217747974458025,-0.7800668174785583,-1.6003457883926124,-3.196944240856033e-10
142.19025325304617,-17.52407367686537,29.215096366648872,-0.780422348698908,-1.6005667359057032,-3.178081722485119e-10
142.19684143786066,-17.516279781711408,29.21244551132128,-0.7807780646864504,-1.6007876120084583,-3.1595560347994e-10
142.20342965423774,-17.50848609405559,29.20979541048249,-0.7811339655934284,-1.6010084166887615,-3.141198762456278e-10
142.21001790197977,-17.500692613627606,29.207146066139742,-0.7814900515720767,-1.6012291499344942,-3.122757282441858e-10
142.21660618088902,-17.4928993401572,29.204497480300255,-0.7818463227746246,-1.6014498117335407,-3.103894764070944e-10
142.22319449076784,-17.48510627337424,29.20184965497128,-0.7822027793532915,-1.6016704020737806,-3.0854532840565235e-10
142.2297828314186,-17.477313413008645,29.199202592160045,-0.7825594214602907,-1.6018909209430958,-3.0667591810282067e-10
142.2363712026435,-17.46952075879044,29.19655629387379,-0.7829162492478283,-1.6021113683293657,-3.047896662657293e-10
142.24295960424493,-17.46172831044973,29.19391076211973,-0.7832732628681017,-1.6023317442204688,-3.0292867673002747e-10
142.24954803602512,-17.45393606771669,29.191265998905127,-0.7836304624733021,-1.6025520486042821,-3.010676871943257e-10
142.25613649778637,-17.44614403032161,29.188622006237196,-0.7839878482156126,-1.6027722814686831,-2.992319599600135e-10
142.2627249893309,-17.438352197994842,29.185978786123183,-0.7843454202472089,-1.6029924428015465,-2.973204458215325e-10
142.26931351046107,-17.43056057046683,29.183336340570325,-0.7847031787202583,-1.6032125325907476,-2.955184016557398e-10
142.27590206097906,-17.42276914746811,29.180694671585837,-0.7850611237869227,-1.6034325508241603,-2.936658328871679e-10
142.2824906406871,-17.414977928729286,29.178053781176978,-0.7854192555993547,-1.6036524974896564,-2.917795810500765e-10
142.28907924938744,-17.40718691398106,29.175413671350963,-0.7857775743096997,-1.6038723725751083,-2.899270122815046e-10
142.2956678868823,-17.39939610295422,29.17277434411504,-0.7861360800700958,-1.6040921760683848,-2.880660227458028e-10
142.30225655297397,-17.391605495379626,29.170135801476437,-0.7864947730326733,-1.6043119079573565,-2.8620503321010104e-10
142.30884524746455,-17.383815090988247,29.167498045442397,-0.7868536533495561,-1.6045315682298904,-2.842682567702304e-10
142.3154339701563,-17.3760248895111,29.164861078020152,-0.7872127211728583,-1.6047511568738533,-2.8242410876878834e-10
142.3220227208514,-17.36823489067932,29.16222490121693,-0.7875719766546887,-1.6049706738771108,-2.8058838153447616e-10
142.32861149935204,-17.360445094224108,29.15958951703997,-0.7879314199471477,-1.605190119227528,-2.787610750672939e-10
142.33520030546032,-17.352655499876764,29.156954927496507,-0.7882910512023268,-1.6054094929129665,-2.7685798169594273e-10
142.3417891389785,-17.34486610736867,29.154321134593776,-0.7886508705723119,-1.6056287949212884,-2.750054129273708e-10
142.3483779997087,-17.337076916431258,29.151688140339008,-0.7890108782091806,-1.605848025240354,-2.731865272273184e-10
142.35496688745306,-17.329287926796102,29.149055946739445,-0.7893710742650022,-1.6060671838580232,-2.712918546230971e-10
142.36155580201373,-17.321499138194813,29.146424555802316,-0.7897314588918399,-1.6062862707621524,-2.6944770662165507e-10
142.36814474319283,-17.313710550359122,29.143793969534855,-0.790092032241748,-1.6065052859406,-2.6756987555169354e-10
142.37473371079247,-17.305922163020814,29.1411641899443,-0.7904527944667727,-1.606724229381218,-2.657088860159918e-10
142.38132270461475,-17.298133975911774,29.138535219037887,-0.7908137457189546,-1.6069431010718618,-2.6381421341177047e-10
142.38791172446184,-17.290345988763974,29.135907058822845,-0.7911748861503244,-1.6071619010003828,-2.6199532771171806e-10
142.39450077013578,-17.282558201309463,29.133279711306418,-0.7915362159129069,-1.607380629154631,-2.6011749664175653e-10
142.40108984143868,-17.274770613280364,29.130653178495837,-0.7918977351587184,-1.6075992855224563,-2.582901901745742e-10
142.40767893817258,-17.266983224408914,29.128027462398332,-0.7922594440397672,-1.607817870091705,-2.5641235910461267e-10
142.41426806013956,-17.259196034427404,29.125402565021137,-0.7926213427080556,-1.6080363828502238,-2.545513695689109e-10
142.42085720714172,-17.251409043068225,29.122778488371505,-0.7929834313155757,-1.6082548237858565,-2.527240631017286e-10
142.42744637898105,-17.243622250063847,29.120155234456643,-0.7933457100143136,-1.608473192886446,-2.5081254896324757e-10
142.43403557545966,-17.23583565514683,29.117532805283798,-0.7937081789562483,-1.6086914901398344,-2.49002084030325e-10
142.44062479637955,-17.228049258049804,29.114911202860217,-0.7940708382933483,-1.6089097155338585,-2.471242529603635e-10
142.44721404154274,-17.2202630585055,29.11229042919312,-0.7944336881775778,-1.6091278690563584,-2.4525484265753186e-10
142.45380331075123,-17.21247705624672,29.10967048628974,-0.7947967287608911,-1.6093459506951682,-2.433854323547002e-10
142.46039260380707,-17.20469125100634,29.107051376157326,-0.795159960195236,-1.6095639604381242,-2.4157496742177764e-10
142.46698192051224,-17.19690564251736,29.104433100803103,-0.7955233826325504,-1.6097818982730572,-2.3968871558468625e-10
142.47357126066873,-17.189120230512824,29.1018156622343,-0.7958869962247678,-1.6099997641877994,-2.378698298846338e-10
142.4801606240785,-17.18133501472587,29.099199062458165,-0.796250801123811,-1.610217558170178,-2.3596673651328267e-10
142.48675001054357,-17.17354999488973,29.09658330348193,-0.7966147974815969,-1.6104352802080217,-2.341310092789705e-10
142.4933394198659,-17.1657651707377,29.09396838731282,-0.7969789854500332,-1.610652930289155,-2.3228686127752845e-10
142.4999288518474,-17.157980542003184,29.091354315958082,-0.7973433651810211,-1.6108705084014014,-2.3042587174182666e-10
142.50651830629002,-17.15019610841965,29.088741091424936,-0.7977079368264531,-1.6110880145325828,-2.2856488220612488e-10
142.51310778299575,-17.14241186972065,29.08612871572063,-0.7980727005382153,-1.6113054486705183,-2.2677125880746207e-10
142.5196972817665,-17.13462782563984,29.083517190852398,-0.7984376564681837,-1.6115228108030255,-2.248681654361109e-10
142.52628680240417,-17.12684397591093,29.08090651882747,-0.7988028047682287,-1.6117401009179209,-2.2305770050318836e-10
142.5328763447107,-17.11906032026774,29.078296701653088,-0.7991681455902111,-1.6119573190030165,-2.211882902003567e-10
142.53946590848795,-17.111276858444153,29.075687741336473,-0.7995336790859859,-1.6121744650461263,-2.1927677606187569e-10
142.54605549353786,-17.103493590174146,29.073079639884863,-0.7998994054073987,-1.6123915390350587,-2.1742420729330376e-10
142.55264509966233,-17.095710515191772,29.070472399305512,-0.8002653247062871,-1.6126085409576203,-2.155884800589916e-10
142.55923472666325,-17.08792763323117,29.06786602160563,-0.800631437134482,-1.6128254708016188,-2.138201189617184e-10
142.56582437434238,-17.080144944026575,29.06526050879247,-0.8009977428438064,-1.6130423285548563,-2.1192544635749713e-10
142.57241404250172,-17.072362447312283,29.06265586287325,-0.8013642419860747,-1.613259114205134,-2.1008971912318497e-10
142.57900373094304,-17.06458014282268,29.060052085855222,-0.801730934713093,-1.6134758277402512,-2.0822872958748318e-10
142.58559343946817,-17.056798030292246,29.057449179745607,-0.8020978211766616,-1.6136924691480055,-2.0635089851752165e-10
142.59218316787903,-17.04901610945553,29.054847146551644,-0.8024649015285699,-1.6139090384161898,-2.0455727511885885e-10
142.59877291597738,-17.04123438004717,29.05224598828057,-0.8028321759206026,-1.614125535532599,-2.0267944404889732e-10
142.60536268356503,-17.033452841801886,29.04964570693963,-0.8031996445045343,-1.6143419604850202,-2.0085213758171502e-10
142.61195247044384,-17.025671494454482,29.047046304536035,-0.8035673074321326,-1.6145583132612453,-1.9894904421036386e-10
142.6185422764156,-17.017890337739846,29.044447783077036,-0.8039351648551568,-1.614774593849057,-1.9718068311309066e-10
142.62513210128208,-17.010109371392932,29.041850144569864,-0.8043032169253588,-1.614990802236239,-1.9530285204312915e-10
142.6317219448451,-17.002328595148807,29.039253391021756,-0.8046714637944816,-1.6152069384105738,-1.9348396634307672e-10
142.6383118069064,-16.99454800874259,29.036657524439946,-0.8050399056142618,-1.6154230023598384,-1.9160613527311518e-10
142.64490168726778,-16.986767611909507,29.03406254683166,-0.8054085425364269,-1.6156389940718103,-1.8982935340871212e-10
142.65149158573092,-16.97898740438485,29.031468460204145,-0.8057773747126971,-1.6158549135342621,-1.8790941850310121e-10
142.65808150209767,-16.971207385904002,29.028875266564633,-0.8061464022947831,-1.616070760734966,-1.860905328030488e-10
142.66467143616975,-16.96342755620242,29.02628296792036,-0.8065156254343895,-1.6162865356616898,-1.8424638480160676e-10
142.67126138774884,-16.955647915015643,29.02369156627855,-0.8068850442832132,-1.6165022383022012,-1.8241907833442447e-10
142.67785135663675,-16.947868462079317,29.021101063646448,-0.807254658992941,-1.6167178686442638,-1.8060019263437203e-10
142.6844413426351,-16.94008919712913,29.018511462031285,-0.8076244697152538,-1.6169334266756388,-1.7873920309867025e-10
142.69103134554567,-16.932310119900887,29.015922763440305,-0.8079944766018228,-1.6171489123840839,-1.7688663433009834e-10
142.69762136517016,-16.92453123013045,29.013334969880734,-0.8083646798043125,-1.6173643257573567,-1.7508459016430566e-10
142.7042114013102,-16.91675252755378,29.0107480833598,-0.808735079474379,-1.61757966678321,-1.732741252313831e-10
142.71080145376752,-16.90897401190691,29.00816210588475,-0.8091056757636701,-1.617794935449395,-1.7140471492855143e-10
142.71739152234377,-16.90119568292597,29.00557703946281,-0.8094764688238262,-1.6180101317436604,-1.6956898769423928e-10
142.72398160684065,-16.89341754034714,29.002992886101225,-0.8098474588064795,-1.6182252556537517,-1.676995773914076e-10
142.73057170705977,-16.885639583906716,29.00040964780722,-0.8102186458632528,-1.6184403071674098,-1.658722709242253e-10
142.73716182280282,-16.87786181334106,28.997827326588038,-0.8105900301457631,-1.6186552862723782,-1.6406180599130276e-10
142.74375195387142,-16.870084228386613,28.995245924450913,-0.8109616118056179,-1.6188701929563916,-1.6225976182551007e-10
