galstreams/tracks/track.st.Monoceros.ramos2021.ecsv
# %ECSV 0.9
# ---
# datatype:
# - {name: ra, unit: deg, datatype: float64}
# - {name: dec, unit: deg, datatype: float64}
# - {name: distance, unit: kpc, datatype: float64}
# - {name: pm_ra_cosdec, unit: mas / yr, datatype: float64}
# - {name: pm_dec, unit: mas / yr, datatype: float64}
# - {name: radial_velocity, unit: km / s, datatype: float64}
# delimiter: ','
# meta: !!omap
# - __serialized_columns__:
#     dec:
#       __class__: astropy.coordinates.angles.Latitude
#       unit: &id001 !astropy.units.Unit {unit: deg}
#       value: !astropy.table.SerializedColumn {name: dec}
#     distance:
#       __class__: astropy.coordinates.distances.Distance
#       unit: !astropy.units.Unit {unit: kpc}
#       value: !astropy.table.SerializedColumn {name: distance}
#     pm_dec:
#       __class__: astropy.units.quantity.Quantity
#       unit: !astropy.units.Unit {unit: mas / yr}
#       value: !astropy.table.SerializedColumn {name: pm_dec}
#     pm_ra_cosdec:
#       __class__: astropy.units.quantity.Quantity
#       unit: !astropy.units.Unit {unit: mas / yr}
#       value: !astropy.table.SerializedColumn {name: pm_ra_cosdec}
#     ra:
#       __class__: astropy.coordinates.angles.Longitude
#       unit: *id001
#       value: !astropy.table.SerializedColumn {name: ra}
#       wrap_angle: !astropy.coordinates.Angle
#         unit: *id001
#         value: 360.0
#     radial_velocity:
#       __class__: astropy.units.quantity.Quantity
#       unit: !astropy.units.Unit {unit: km / s}
#       value: !astropy.table.SerializedColumn {name: radial_velocity}
# schema: astropy-2.0
ra,dec,distance,pm_ra_cosdec,pm_dec,radial_velocity
[from data line 2310]
105.3323194076877,51.808141354389484,10.59999999999999,0.11581088808721146,-0.7422570221389373,-4.210383564936169e-15
105.33943389209766,51.79915886960961,10.599999999999993,0.11570551309099544,-0.7425008888714106,-4.210383564936169e-15
105.34654850763621,51.790176843644225,10.599999999999993,0.11560086838179544,-0.7427456299853629,-6.315575347404253e-15
105.35366325013241,51.78119527485048,10.59999999999999,0.11549695116053046,-0.7429912457816017,6.315575347404253e-15
105.36077811539154,51.7722141615789,10.599999999999993,0.11539375860956616,-0.7432377365329002,-6.315575347404253e-15
105.36789309919534,51.7632335021733,10.59999999999999,0.11529128789281311,-0.7434851024839835,-2.1051917824680845e-15
105.37500819730234,51.75425329497102,10.59999999999999,0.11518953615582539,-0.74373334385151,0.0
105.3821234054481,51.74527353830299,10.59999999999999,0.11508850052590089,-0.7439824608240619,-2.1051917824680845e-15
105.38923871934546,51.736294230493684,10.59999999999999,0.11498817811218157,-0.7442324535621301,-4.210383564936169e-15
105.39635413468483,51.72731536986137,10.599999999999994,0.11488856600575262,-0.7444833221981005,4.210383564936169e-15
105.4034696471345,51.718336954718126,10.59999999999999,0.11478966127974512,-0.7447350668362462,-4.210383564936169e-15
105.4105852523408,51.70935898336987,10.59999999999999,0.11469146098943628,-0.7449876875527124,-2.1051917824680845e-15
105.41770094592853,51.700381454116524,10.599999999999993,0.11459396217235153,-0.7452411843955093,-4.210383564936169e-15
105.4248167235011,51.69140436525206,10.59999999999999,0.11449716184836707,-0.7454955573845016,4.210383564936169e-15
105.43193258064082,51.68242771506462,10.59999999999999,0.1144010570198126,-0.7457508065114001,2.1051917824680845e-15
105.43904851290927,51.673451501836524,10.599999999999993,0.11430564467157328,-0.7460069317397541,-2.1051917824680845e-15
105.44616451584747,51.664475723844426,10.599999999999993,0.11421092177119521,-0.7462639330049452,0.0
105.45328058497617,51.6555003793594,10.59999999999999,0.11411688526898793,-0.7465218102141783,0.0
105.46039671579621,51.64652546664697,10.59999999999999,0.1140235320981291,-0.7467805632464797,0.0
105.46751290378863,51.63755098396721,10.59999999999999,0.11393085917476994,-0.7470401919526899,2.1051917824680845e-15
105.47462914441513,51.628576929574905,10.59999999999999,0.11383886339813948,-0.7473006961554605,-6.315575347404253e-15
105.4817454331182,51.61960330171949,10.599999999999994,0.11374754165065101,-0.7475620756492505,0.0
105.4888617653215,51.6106300986453,10.59999999999999,0.11365689079800784,-0.747824330200326,-4.210383564936169e-15
105.49597813643005,51.601657318591535,10.599999999999993,0.11356690768930933,-0.7480874595467539,0.0
105.50309454183056,51.592684959792365,10.599999999999993,0.11347758915715833,-0.7483514633984065,0.0
105.51021097689167,51.58371302047707,10.599999999999994,0.11338893201776845,-0.7486163414369573,-4.210383564936169e-15
105.51732743696427,51.57474149887008,10.59999999999999,0.11330093307107059,-0.7488820933158837,-2.1051917824680845e-15
105.52444391738173,51.565770393191066,10.599999999999994,0.11321358910082233,-0.7491487186604664,-2.1051917824680845e-15
105.53156041346024,51.55679970165504,10.59999999999999,0.11312689687471578,-0.7494162170677952,-2.1051917824680845e-15
105.53867692049899,51.54782942247238,10.599999999999993,0.11304085314448595,-0.7496845881067662,8.420767129872338e-15
105.54579343378053,51.53885955384904,10.59999999999999,0.11295545464602018,-0.749953831318092,0.0
105.55290994857103,51.52989009398651,10.59999999999999,0.11287069809946841,-0.7502239462143008,-6.315575347404253e-15
105.56002646012054,51.520921041081955,10.599999999999994,0.11278658020935128,-0.7504949322797438,-8.420767129872338e-15
105.56714296366326,51.5119523933283,10.599999999999993,0.11270309766467268,-0.750766788970602,-6.315575347404253e-15
105.57425945441783,51.502984148914315,10.599999999999993,0.1126202471390284,-0.7510395157148906,-4.210383564936169e-15
105.58137592758764,51.494016306024704,10.599999999999993,0.11253802529071816,-0.7513131119124681,-4.210383564936169e-15
105.58849237836108,51.48504886284017,10.59999999999999,0.11245642876285639,-0.7515875769350444,-6.315575347404253e-15
105.59560880191177,51.47608181753752,10.59999999999999,0.11237545418348487,-0.7518629101261883,4.210383564936169e-15
105.60272519339892,51.467115168289745,10.59999999999999,0.11229509816568356,-0.7521391108013398,2.1051917824680845e-15
105.60984154796759,51.45814891326611,10.599999999999994,0.11221535730768359,-0.7524161782478176,-8.420767129872338e-15
105.6169578607489,51.449183050632186,10.599999999999994,0.11213622819298005,-0.7526941117248327,6.315575347404253e-15
105.6240741268604,51.440217578550076,10.599999999999993,0.11205770739044504,-0.7529729104634999,-4.210383564936169e-15
105.6311903414063,51.43125249517831,10.59999999999999,0.11197979145444092,-0.7532525736668485,0.0
105.63830649947775,51.4222877986721,10.59999999999999,0.11190247692493374,-0.7535331005098387,0.0
105.64542259615315,51.41332348718332,10.59999999999999,0.11182576032760799,-0.7538144901393742,2.1051917824680845e-15
105.65253862649836,51.404359558860634,10.59999999999999,0.11174963817398081,-0.7540967416743176,-2.1051917824680845e-15
105.65965458556707,51.39539601184955,10.599999999999994,0.11167410696151607,-0.7543798542055061,-2.1051917824680845e-15
105.66677046840103,51.38643284429256,10.599999999999993,0.11159916317373997,-0.7546638267957682,2.1051917824680845e-15
105.67388627003028,51.37747005432917,10.59999999999999,0.11152480328035663,-0.7549486584799401,0.0
105.68100198547354,51.368507640096034,10.599999999999993,0.11145102373736257,-0.7552343482648849,-2.1051917824680845e-15
105.6881176097384,51.35954559972697,10.59999999999999,0.11137782098716409,-0.7555208951295111,2.1051917824680845e-15
105.69523313782162,51.35058393135314,10.59999999999999,0.11130519145869258,-0.7558082980247911,2.1051917824680845e-15
105.70234856470945,51.34162263310305,10.599999999999993,0.11123313156752124,-0.7560965558737827,4.210383564936169e-15
105.70946388537786,51.332661703102666,10.59999999999999,0.11116163771598214,-0.7563856675716498,0.0
105.71657909479279,51.323701139475524,10.59999999999999,0.11109070629328348,-0.7566756319856833,0.0
105.72369418791055,51.31474094034277,10.599999999999993,0.11102033367562578,-0.7569664479553249,2.1051917824680845e-15
105.73080915967799,51.3057811038233,10.59999999999999,0.11095051622632188,-0.7572581142921897,-4.210383564936169e-15
105.73792400503275,51.29682162803377,10.59999999999999,0.11088125029591281,-0.7575506297800896,-2.1051917824680845e-15
105.74503871890371,51.28786251108874,10.59999999999999,0.11081253222228649,-0.7578439931750591,4.210383564936169e-15
105.75215329621105,51.27890375110078,10.599999999999993,0.11074435833079754,-0.7581382032053803,-6.315575347404253e-15
105.7592677318667,51.26994534618046,10.59999999999999,0.11067672493438432,-0.7584332585716097,-6.315575347404253e-15
105.76638202077453,51.2609872944365,10.599999999999989,0.11060962833368931,-0.7587291579466038,0.0
105.77349615783064,51.252029593975905,10.599999999999993,0.1105430648171773,-0.7590258999755474,4.210383564936169e-15
105.78061013792367,51.243072242903914,10.59999999999999,0.11047703066125629,-0.7593234832759839,8.420767129872338e-15
105.78772395593506,51.234115239324225,10.59999999999999,0.1104115221303962,-0.7596219064378416,-2.1051917824680845e-15
105.79483760673926,51.22515858133897,10.599999999999993,0.1103465354772496,-0.7599211680234645,-2.1051917824680845e-15
105.80195108520417,51.21620226704885,10.599999999999993,0.11028206694277157,-0.760221266567645,2.1051917824680845e-15
105.80906438619121,51.20724629455325,10.59999999999999,0.11021811275634073,-0.7605222005776526,-6.315575347404253e-15
105.81617750455575,51.198290661950246,10.59999999999999,0.11015466913587985,-0.7608239685332674,-2.1051917824680845e-15
105.8232904351474,51.18933536733676,10.599999999999993,0.1100917322879765,-0.7611265688868121,-6.315575347404253e-15
105.83040317281014,51.18038040880858,10.599999999999993,0.11002929840800527,-0.7614300000631876,-2.1051917824680845e-15
105.83751571238268,51.17142578446052,10.599999999999993,0.10996736368024848,-0.7617342604599047,-2.1051917824680845e-15
105.84462804869881,51.16247149238642,10.599999999999993,0.10990592427801774,-0.7620393484471211,-2.1051917824680845e-15
105.85174017658753,51.15351753067932,10.59999999999999,0.10984497636377724,-0.7623452623676765,-2.1051917824680845e-15
105.85885209087346,51.14456389743145,10.59999999999999,0.10978451608926407,-0.7626520005371287,-2.1051917824680845e-15
105.865963786377,51.13561059073438,10.599999999999993,0.10972453959561176,-0.7629595612437918,-2.1051917824680845e-15
105.87307525791468,51.12665760867908,10.59999999999999,0.10966504301347288,-0.7632679427487739,-2.1051917824680845e-15
105.88018650029942,51.11770494935598,10.599999999999993,0.10960602246314127,-0.7635771432860148,0.0
105.88729750834081,51.10875261085512,10.599999999999993,0.10954747405467541,-0.7638871610623272,-6.315575347404253e-15
105.89440827684531,51.09980059126616,10.59999999999999,0.10948939388802195,-0.7641979942574357,-2.1051917824680845e-15
105.90151880061667,51.090848888678494,10.59999999999999,0.10943177805313742,-0.7645096410240175,2.1051917824680845e-15
105.90862907445604,51.081897501181366,10.599999999999993,0.1093746226301143,-0.7648220994877448,-2.1051917824680845e-15
105.91573909316237,51.07294642686387,10.599999999999993,0.10931792368930303,-0.7651353677473265,-2.1051917824680845e-15
105.92284885153263,51.0639956638151,10.59999999999999,0.10926167729143632,-0.7654494438745524,-4.210383564936169e-15
105.92995834436203,51.05504521012423,10.59999999999999,0.10920587948775376,-0.7657643259143345,-2.1051917824680845e-15
105.93706756644443,51.04609506388054,10.59999999999999,0.10915052632012531,-0.7660800118847537,2.1051917824680845e-15
105.94417651257247,51.0371452231736,10.599999999999994,0.10909561382117619,-0.7663964997771054,-6.315575347404253e-15
105.95128517753791,51.02819568609321,10.59999999999999,0.10904113801441165,-0.7667137875559431,2.1051917824680845e-15
105.95839355613188,51.01924645072963,10.59999999999999,0.10898709491434211,-0.7670318731591264,-2.1051917824680845e-15
105.96550164314522,51.01029751517355,10.599999999999993,0.10893348052660642,-0.7673507544978682,4.210383564936169e-15
105.9726094333686,51.001348877516214,10.599999999999993,0.10888029084809911,-0.7676704294567831,4.210383564936169e-15
105.97971692159294,50.992400535849534,10.599999999999993,0.10882752186709455,-0.767990895893935,2.1051917824680845e-15
105.9868241026096,50.98345248826609,10.599999999999993,0.10877516956337213,-0.7683121516408885,6.315575347404253e-15
105.99393097121066,50.97450473285931,10.59999999999999,0.10872322990834268,-0.7686341945027568,2.1051917824680845e-15
106.00103752218921,50.96555726772345,10.59999999999999,0.10867169886517301,-0.7689570222582534,2.1051917824680845e-15
106.00814375033958,50.95661009095375,10.599999999999993,0.10862057238891296,-0.769280632659745,2.1051917824680845e-15
106.01524965045766,50.947663200646495,10.599999999999993,0.10856984642662063,-0.7696050234333017,-4.210383564936169e-15
106.02235521734109,50.93871659489904,10.599999999999993,0.10851951691748835,-0.7699301922787509,2.1051917824680845e-15
106.02946044578962,50.92977027181002,10.59999999999999,0.10846957979296924,-0.7702561368697317,-2.1051917824680845e-15
106.03656533060528,50.92082422947926,10.599999999999994,0.10842003097690378,-0.7705828548537473,2.1051917824680845e-15
106.04366986659274,50.911878466008005,10.599999999999993,0.1083708663856457,-0.7709103438522226,0.0
106.05077404855948,50.9029329794989,10.59999999999999,0.10832208192818883,-0.771238601460557,0.0
106.05787787131614,50.893987768056135,10.599999999999994,0.10827367350629333,-0.7715676252481835,-1.2631150694808506e-14
106.0649813296767,50.88504282978545,10.599999999999993,0.10822563701461355,-0.7718974127586241,-4.210383564936169e-15
106.07208441845883,50.87609816279432,10.599999999999994,0.10817796834082345,-0.7722279615095481,-1.2631150694808506e-14
106.0791871324841,50.8671537651919,10.59999999999999,0.10813066336574491,-0.7725592689928314,0.0
106.0862894665782,50.858209635089246,10.599999999999993,0.10808371796347414,-0.7728913326746145,0.0
106.09339141557133,50.84926577059929,10.599999999999994,0.10803712800150875,-0.7732241499953618,-8.420767129872338e-15
106.10049297429832,50.84032216983692,10.59999999999999,0.10799088934087554,-0.7735577183699255,0.0
106.10759413759901,50.83137883091915,10.59999999999999,0.10794499783625652,-0.7738920351876015,8.420767129872338e-15
106.11469490031837,50.82243575196511,10.599999999999993,0.10789944933611843,-0.7742270978121961,-4.210383564936169e-15
106.12179525730691,50.81349293109611,10.59999999999999,0.10785423968283858,-0.7745629035820862,-4.210383564936169e-15
106.12889520342084,50.80455036643581,10.59999999999999,0.10780936471283295,-0.7748994498102835,0.0
106.13599473352237,50.79560805611023,10.599999999999993,0.10776482025668349,-0.7752367337844959,-4.210383564936169e-15
106.14309384247993,50.78666599824782,10.59999999999999,0.1077206021392664,-0.7755747527671972,0.0
106.15019252516848,50.77772419097959,10.599999999999993,0.1076767061798792,-0.7759135039956864,0.0
106.1572907764697,50.76878263243911,10.599999999999993,0.10763312819236931,-0.7762529846821578,4.210383564936169e-15
106.16438859127227,50.759841320762675,10.59999999999999,0.10758986398526149,-0.7765931920137663,0.0
106.17148596447221,50.75090025408928,10.59999999999999,0.10754690936188495,-0.7769341231526938,8.420767129872338e-15
106.17858289097296,50.741959430560826,10.59999999999999,0.10750426012050326,-0.7772757752362182,-8.420767129872338e-15
106.18567936568579,50.733018848322025,10.599999999999993,0.10746191205444008,-0.7776181453767814,0.0
106.19277538352998,50.72407850552065,10.599999999999993,0.1074198609522089,-0.7779612306620594,0.0
106.19987093943305,50.71513840030748,10.59999999999999,0.10737810259764052,-0.7783050281550301,-4.210383564936169e-15
106.20696602833111,50.706198530836446,10.59999999999999,0.10733663277001022,-0.7786495348940465,-4.210383564936169e-15
106.21406064516896,50.69725889526468,10.599999999999993,0.10729544724416806,-0.7789947478929053,-4.210383564936169e-15
106.22115478490048,50.68831949175259,10.59999999999999,0.10725454179066471,-0.7793406641409213,-4.210383564936169e-15
106.22824844248882,50.67938031846393,10.599999999999993,0.1072139121758808,-0.7796872806029967,4.210383564936169e-15
106.23534161290662,50.67044137356588,10.59999999999999,0.10717355416215504,-0.780034594219698,4.210383564936169e-15
106.24243429113629,50.66150265522913,10.599999999999993,0.10713346350791217,-0.7803826019073259,0.0
106.24952647217029,50.65256416162794,10.599999999999993,0.10709363596779095,-0.7807313005579927,-4.210383564936169e-15
106.25661815101128,50.64362589094019,10.59999999999999,0.10705406729277325,-0.7810806870396959,0.0
106.26370932267244,50.63468784134751,10.59999999999999,0.1070147532303109,-0.7814307581963937,0.0
106.2707999821777,50.62575001103529,10.599999999999993,0.10697568952445492,-0.7817815108480817,0.0
106.27789012456203,50.6168123981928,10.599999999999993,0.10693687191598317,-0.7821329417908702,-4.210383564936169e-15
106.28497974487153,50.60787500101323,10.59999999999999,0.10689829614252876,-0.7824850477970615,4.210383564936169e-15
106.29206883816381,50.59893781769378,10.59999999999999,0.10685995793870831,-0.7828378256152267,8.420767129872338e-15
106.29915739950826,50.59000084643575,10.599999999999993,0.10682185303624948,-0.7831912719702876,-4.210383564936169e-15
106.30624542398611,50.58106408544452,10.59999999999999,0.10678397716411972,-0.7835453835635925,-4.210383564936169e-15
106.31333290669085,50.572127532929755,10.599999999999993,0.10674632604865406,-0.7839001570729986,4.210383564936169e-15
