galstreams/tracks/track.st.Gaia-9.ibata2021.ecsv
# %ECSV 0.9
# ---
# datatype:
# - {name: ra, unit: deg, datatype: float64}
# - {name: dec, unit: deg, datatype: float64}
# - {name: distance, unit: kpc, datatype: float64}
# - {name: pm_ra_cosdec, unit: mas / yr, datatype: float64}
# - {name: pm_dec, unit: mas / yr, datatype: float64}
# - {name: radial_velocity, unit: km / s, datatype: float64}
# delimiter: ','
# meta: !!omap
# - __serialized_columns__:
#     dec:
#       __class__: astropy.coordinates.angles.Latitude
#       unit: &id001 !astropy.units.Unit {unit: deg}
#       value: !astropy.table.SerializedColumn {name: dec}
#     distance:
#       __class__: astropy.coordinates.distances.Distance
#       unit: !astropy.units.Unit {unit: kpc}
#       value: !astropy.table.SerializedColumn {name: distance}
#     pm_dec:
#       __class__: astropy.units.quantity.Quantity
#       unit: !astropy.units.Unit {unit: mas / yr}
#       value: !astropy.table.SerializedColumn {name: pm_dec}
#     pm_ra_cosdec:
#       __class__: astropy.units.quantity.Quantity
#       unit: !astropy.units.Unit {unit: mas / yr}
#       value: !astropy.table.SerializedColumn {name: pm_ra_cosdec}
#     ra:
#       __class__: astropy.coordinates.angles.Longitude
#       unit: *id001
#       value: !astropy.table.SerializedColumn {name: ra}
#       wrap_angle: !astropy.coordinates.Angle
#         unit: *id001
#         value: 360.0
#     radial_velocity:
#       __class__: astropy.units.quantity.Quantity
#       unit: !astropy.units.Unit {unit: km / s}
#       value: !astropy.table.SerializedColumn {name: radial_velocity}
# schema: astropy-2.0
ra,dec,distance,pm_ra_cosdec,pm_dec,radial_velocity
[from data line 2096]
243.97740586753153,52.44415844571512,5.144053920655962,-8.958256996731873,5.610057109130092,-1.0946997268834039e-13
243.98128695518437,52.434089054971416,5.145832472206049,-8.956974796058129,5.607799548700241,0.0
243.9851607404218,52.42401802731229,5.147613088253493,-8.955697002073055,5.605542272101389,-6.73661370389787e-14
243.98902722315563,52.41394536208729,5.149395770214015,-8.954423617203576,5.603285281866217,-1.6841534259744676e-14
243.9928864032978,52.403871058645194,5.1511805195033356,-8.953154643876884,5.601028580525726,1.6841534259744676e-14
243.9967382807604,52.39379511633416,5.1529673375371825,-8.951890084520448,5.598772170609202,-2.5262301389617013e-14
244.00058285545558,52.38371753450156,5.154756225731271,-8.950629941562038,5.596516054644232,1.6841534259744676e-14
244.00442012729573,52.37363831249408,5.15654718550133,-8.949374217429686,5.59426023515671,-6.73661370389787e-14
244.0082500961932,52.36355744965771,5.158340218263077,-8.948122914551721,5.592004714670804,9.262843842859572e-14
244.01207276206068,52.35347494533769,5.160135325432234,-8.946876035356766,5.589749495709006,-5.0524602779234026e-14
244.01588812481077,52.343390798878595,5.1619325084245276,-8.945633582273727,5.5874945807920655,-5.0524602779234026e-14
244.0196961843563,52.33330500962423,5.163731768655678,-8.94439555773181,5.585239972439037,0.0
244.02349694061024,52.32321757691775,5.165533107541405,-8.943161964160506,5.582985673167276,-3.368306851948935e-14
244.02729039348557,52.31312850010153,5.167336526497432,-8.941932803989623,5.580731685492399,4.210383564936169e-14
244.03107654289556,52.30303777851724,5.169142026939484,-8.94070807964924,5.578478011928322,-6.73661370389787e-14
244.03485538875336,52.292945411505876,5.170949610283282,-8.939487793569773,5.576224654987232,4.210383564936169e-14
244.03862693097258,52.28285139840767,5.172759277944547,-8.938271948181907,5.573971617179624,1.6841534259744676e-14
244.04239116946655,52.27275573856214,5.174571031339002,-8.937060545916662,5.571718901014238,5.894536990910637e-14
244.04614810414915,52.2626584313081,5.176384871882367,-8.935853589205344,5.569466508998123,-7.578690416885104e-14
244.0498977349339,52.25255947598362,5.1782008009903695,-8.93465108047959,5.567214443636566,2.5262301389617013e-14
244.05364006173485,52.24245887192606,5.180018820078725,-8.93345302217133,5.564962707433175,-4.210383564936169e-14
244.05737508446597,52.23235661847209,5.181838930563163,-8.932259416712816,5.56271130288979,-3.368306851948935e-14
244.0611028030413,52.222252714957555,5.1836611338594,-8.931070266536638,5.56046023250655,5.0524602779234026e-14
244.06482321737525,52.2121471607177,5.185485431383159,-8.929885574075666,5.558209498781849,8.420767129872338e-14
244.06853632738208,52.202039955086946,5.187311824550166,-8.928705341763107,5.555959104212358,-8.420767129872338e-15
244.07224213297624,52.19193109739904,5.189140314776141,-8.927529572032508,5.553709051293003,8.420767129872338e-15
244.07594063407234,52.181820586986994,5.1909709034768055,-8.926358267317722,5.551459342516979,1.6841534259744676e-14
244.0796318305851,52.17170842318307,5.192803592067883,-8.925191430052939,5.549209980375748,6.73661370389787e-14
244.08331572242935,52.16159460531881,5.1946383819650945,-8.924029062672666,5.546960967359044,-2.5262301389617013e-14
244.08699230951999,52.15147913272503,5.196475274584163,-8.922871167611758,5.544712305954831,1.6841534259744676e-14
244.09066159177203,52.14136200473184,5.19831427134081,-8.921717747305397,5.542463998649353,3.368306851948935e-14
244.0943235691007,52.131243220668544,5.200155373650759,-8.920568804189095,5.540216047927112,5.0524602779234026e-14
244.09797824142137,52.1211227798638,5.201998582929731,-8.9194243406987,5.537968456270863,-7.578690416885104e-14
244.1016256086492,52.111000681645464,5.203843900593449,-8.918284359270427,5.535721226161584,8.420767129872338e-15
244.10526567069982,52.1008769253407,5.205691328057636,-8.917148862340788,5.533474360078554,0.0
244.10889842748884,52.09075151027592,5.207540866738012,-8.916017852346677,5.531227860499279,0.0
244.11252387893194,52.08062443577679,5.2093925180503025,-8.914891331725318,5.528981729899501,4.210383564936169e-14
244.11614202494505,52.07049570116826,5.211246283410226,-8.913769302914282,5.52673597075324,-3.368306851948935e-14
244.119752865444,52.060365305774525,5.213102164233508,-8.912651768351504,5.524490585532723,1.6841534259744676e-14
244.12335640034493,52.05023324891905,5.2149601619358705,-8.91153873047525,5.5222455767084515,3.368306851948935e-14
244.12695262956396,52.04009952992457,5.216820277933034,-8.91043019172416,5.520000946749153,5.0524602779234026e-14
244.1305415530174,52.02996414811304,5.21868251364072,-8.90932615453722,5.517756698121811,2.5262301389617013e-14
244.13412317062162,52.019827102805706,5.220546870474653,-8.908226621353776,5.515512833291627,0.0
244.1376974822931,52.00968839332308,5.222413349850553,-8.90713159461354,5.513269354722063,-3.368306851948935e-14
244.14126448794846,51.9995480189849,5.224281953184146,-8.906041076756576,5.511026264874792,-5.0524602779234026e-14
244.1448241875044,51.9894059791102,5.2261526818911515,-8.904955070223325,5.508783566209736,2.5262301389617013e-14
244.1483765808778,51.97926227301723,5.228025537387291,-8.903873577454586,5.506541261185061,-2.5262301389617013e-14
244.15192166798545,51.9691169000235,5.22990052108829,-8.902796600891538,5.504299352257136,-2.5262301389617013e-14
244.15545944874452,51.9589698594458,5.231777634409867,-8.90172414297571,5.502057841880582,-8.420767129872338e-15
244.1589899230721,51.948821150600146,5.233656878767746,-8.900656206149026,5.499816732508252,-4.210383564936169e-14
244.1625130908854,51.938670772801835,5.235538255577651,-8.899592792853774,5.497576026591194,-8.420767129872338e-15
244.16602895210184,51.928518725365365,5.2374217662552995,-8.898533905532622,5.495335726578714,-3.368306851948935e-14
244.1695375066388,51.918365007604535,5.2393074122164185,-8.897479546628615,5.493095834918327,-1.6841534259744676e-14
244.1730387544139,51.90820961883238,5.241195194876729,-8.896429718585182,5.490856354055775,1.6841534259744676e-14
244.17653269534478,51.898052558361165,5.243085115651953,-8.895384423846135,5.488617286435016,5.0524602779234026e-14
244.18001932934922,51.88789382550241,5.24497717595781,-8.894343664855672,5.48637863449823,5.894536990910637e-14
244.18349865634508,51.87773341956691,5.246871377210028,-8.893307444058365,5.484140400685812,5.894536990910637e-14
244.18697067625035,51.867571339864654,5.248767720824324,-8.8922757638992,5.481902587436379,7.578690416885104e-14
244.19043538898316,51.857407585704934,5.2506662082164235,-8.89124862682353,5.4796651971867565,-8.420767129872338e-15
244.1938927944616,51.84724215639624,5.252566840802045,-8.890226035277122,5.477428232371984,8.420767129872338e-15
244.19734289260398,51.83707505124633,5.2544696199969145,-8.889207991706126,5.475191695425309,-8.420767129872338e-14
244.2007856833287,51.826906269562215,5.256374547216754,-8.888194498557088,5.472955588778188,-3.368306851948935e-14
244.20422116655425,51.8167358106501,5.2582816238772825,-8.887185558276963,5.470719914860307,-1.2631150694808508e-13
244.20764934219915,51.806563673815496,5.260190851394229,-8.886181173313094,5.468484676099518,1.6841534259744676e-14
244.21107021018219,51.796389858363106,5.262102231183306,-8.885181346113246,5.466249874921925,-8.420767129872338e-15
244.2144837704221,51.7862143635969,5.264015764660246,-8.884186079125566,5.464015513751808,-5.0524602779234026e-14
244.2178900228378,51.77603718882005,5.265931453240761,-8.883195374798639,5.461781595011653,-5.894536990910637e-14
244.22128896734822,51.76585833333503,5.2678492983405825,-8.882209235581417,5.459548121122145,-8.420767129872338e-14
