galstreams/tracks/track.po.Corvus.mateu2018.ecsv
# %ECSV 0.9
# ---
# datatype:
# - {name: ra, unit: deg, datatype: float64}
# - {name: dec, unit: deg, datatype: float64}
# - {name: distance, unit: kpc, datatype: float64}
# - {name: pm_ra_cosdec, unit: mas / yr, datatype: float64}
# - {name: pm_dec, unit: mas / yr, datatype: float64}
# - {name: radial_velocity, unit: km / s, datatype: float64}
# delimiter: ','
# meta: !!omap
# - __serialized_columns__:
#     dec:
#       __class__: astropy.coordinates.angles.Latitude
#       unit: &id001 !astropy.units.Unit {unit: deg}
#       value: !astropy.table.SerializedColumn {name: dec}
#     distance:
#       __class__: astropy.coordinates.distances.Distance
#       unit: !astropy.units.Unit {unit: kpc}
#       value: !astropy.table.SerializedColumn {name: distance}
#     pm_dec:
#       __class__: astropy.units.quantity.Quantity
#       unit: !astropy.units.Unit {unit: mas / yr}
#       value: !astropy.table.SerializedColumn {name: pm_dec}
#     pm_ra_cosdec:
#       __class__: astropy.units.quantity.Quantity
#       unit: !astropy.units.Unit {unit: mas / yr}
#       value: !astropy.table.SerializedColumn {name: pm_ra_cosdec}
#     ra:
#       __class__: astropy.coordinates.angles.Longitude
#       unit: *id001
#       value: !astropy.table.SerializedColumn {name: ra}
#       wrap_angle: !astropy.coordinates.Angle
#         unit: *id001
#         value: 360.0
#     radial_velocity:
#       __class__: astropy.units.quantity.Quantity
#       unit: !astropy.units.Unit {unit: km / s}
#       value: !astropy.table.SerializedColumn {name: radial_velocity}
# schema: astropy-2.0
ra,dec,distance,pm_ra_cosdec,pm_dec,radial_velocity
[from data line 1635]
157.85741289897038,-13.172216031256106,6.226480676121322,0.0,0.0,0.0
157.8678201560806,-13.172531805580727,6.227485773681253,0.0,0.0,0.0
157.87822732734003,-13.172847855872329,6.2284911282785,0.0,0.0,0.0
157.88863441276476,-13.173164182211726,6.229496739935943,0.0,0.0,0.0
157.89904141237108,-13.173480784679702,6.230502608676449,0.0,0.0,0.0
157.90944832617518,-13.173797663356984,6.231508734522849,0.0,0.0,0.0
157.91985515419339,-13.174114818324266,6.232515117497952,0.0,0.0,0.0
157.930261896442,-13.174432249662207,6.233521757624531,0.0,0.0,0.0
157.94066855293738,-13.174749957451416,6.23452865492534,0.0,0.0,0.0
157.95107512369603,-13.175067941772454,6.235535809423098,0.0,0.0,0.0
157.9614816087343,-13.175386202705859,6.236543221140504,0.0,0.0,0.0
157.97188800806873,-13.175704740332101,6.2375508901002235,0.0,0.0,0.0
157.9822943217159,-13.176023554731639,6.238558816324896,0.0,0.0,0.0
157.9927005496923,-13.176342645984871,6.239566999837131,0.0,0.0,0.0
158.00310669201463,-13.17666201417215,6.240575440659516,0.0,0.0,0.0
158.01351274869947,-13.176981659373796,6.241584138814602,0.0,0.0,0.0
158.0239187197636,-13.177301581670088,6.24259309432492,0.0,0.0,0.0
158.03432460522376,-13.177621781141255,6.24360230721297,0.0,0.0,0.0
158.0447304050967,-13.177942257867496,6.2446117775012215,0.0,0.0,0.0
158.05513611939924,-13.178263011928951,6.245621505212124,0.0,0.0,0.0
158.06554174814826,-13.178584043405733,6.246631490368091,0.0,0.0,0.0
158.07594729136068,-13.178905352377914,6.24764173299151,0.0,0.0,0.0
158.08635274905348,-13.179226938925504,6.248652233104739,0.0,0.0,0.0
158.09675812124357,-13.179548803128489,6.249662990730113,0.0,0.0,0.0
158.10716340794804,-13.179870945066812,6.250674005889937,0.0,0.0,0.0
158.11756860918396,-13.180193364820369,6.251685278606486,0.0,0.0,0.0
158.12797372496843,-13.18051606246901,6.252696808902006,0.0,0.0,0.0
158.13837875531863,-13.18083903809255,6.253708596798721,0.0,0.0,0.0
158.14878370025173,-13.181162291770754,6.25472064231882,0.0,0.0,0.0
158.15918855978495,-13.181485823583353,6.255732945484467,0.0,0.0,0.0
158.16959333393564,-13.18180963361003,6.256745506317796,0.0,0.0,0.0
158.17999802272104,-13.182133721930432,6.257758324840917,0.0,0.0,0.0
158.19040262615857,-13.18245808862415,6.2587714010759035,0.0,0.0,0.0
158.2008071442656,-13.182782733770747,6.259784735044813,0.0,0.0,0.0
158.2112115770596,-13.183107657449733,6.260798326769665,0.0,0.0,0.0
158.22161592455805,-13.183432859740579,6.261812176272453,0.0,0.0,0.0
158.23202018677847,-13.183758340722727,6.26282628357514,0.0,0.0,0.0
158.2424243637384,-13.184084100475541,6.263840648699669,0.0,0.0,0.0
158.25282845545547,-13.184410139078382,6.264855271667946,0.0,0.0,0.0
158.26323246194735,-13.18473645661055,6.265870152501852,0.0,0.0,0.0
158.27363638323172,-13.185063053151293,6.266885291223239,0.0,0.0,0.0
158.28404021932633,-13.185389928779827,6.267900687853931,0.0,0.0,0.0
158.29444397024892,-13.185717083575334,6.268916342415723,0.0,0.0,0.0
158.3048476360173,-13.186044517616931,6.2699322549303815,0.0,0.0,0.0
158.3152512166494,-13.186372230983714,6.270948425419647,0.0,0.0,0.0
158.32565471216301,-13.186700223754725,6.271964853905227,0.0,0.0,0.0
158.3360581225761,-13.187028496008956,6.272981540408803,0.0,0.0,0.0
158.3464614479067,-13.187357047825367,6.273998484952028,0.0,0.0,0.0
158.3568646881728,-13.18768587928288,6.275015687556527,0.0,0.0,0.0
158.36726784339248,-13.188014990460355,6.276033148243895,0.0,0.0,0.0
158.37767091358378,-13.188344381436629,6.2770508670356975,0.0,0.0,0.0
158.38807389876493,-13.188674052290473,6.278068843953476,0.0,0.0,0.0
158.39847679895405,-13.18900400310064,6.279087079018734,0.0,0.0,0.0
158.40887961416936,-13.189334233945821,6.280105572252959,0.0,0.0,0.0
158.41928234442918,-13.189664744904679,6.281124323677598,0.0,0.0,0.0
158.42968498975182,-13.189995536055811,6.282143333314079,0.0,0.0,0.0
158.44008755015557,-13.190326607477795,6.2831626011837916,0.0,0.0,0.0
158.45049002565887,-13.190657959249155,6.284182127308104,0.0,0.0,0.0
158.4608924162801,-13.190989591448362,6.285201911708355,0.0,0.0,0.0
158.4712947220378,-13.191321504153862,6.286221954405849,0.0,0.0,0.0
158.48169694295044,-13.191653697444044,6.287242255421868,0.0,0.0,0.0
158.4920990790366,-13.191986171397266,6.2882628147776565,0.0,0.0,0.0
158.50250113031484,-13.192318926091817,6.289283632494446,0.0,0.0,0.0
158.51290309680383,-13.192651961605977,6.290304708593423,0.0,0.0,0.0
158.52330497852222,-13.19298527801796,6.291326043095751,0.0,0.0,0.0
158.53370677548878,-13.19331887540593,6.292347636022565,0.0,0.0,0.0
158.54410848772224,-13.193652753848026,6.293369487394972,0.0,0.0,0.0
158.55451011524136,-13.193986913422345,6.294391597234047,0.0,0.0,0.0
158.56491165806503,-13.194321354206913,6.295413965560838,0.0,0.0,0.0
158.57531311621213,-13.194656076279742,6.29643659239636,0.0,0.0,0.0
158.58571448970156,-13.19499107971878,6.29745947776161,0.0,0.0,0.0
158.59611577855233,-13.195326364601943,6.298482621677542,0.0,0.0,0.0
158.6065169827834,-13.195661931007098,6.29950602416509,0.0,0.0,0.0
158.61691810241385,-13.19599777901207,6.300529685245155,0.0,0.0,0.0
158.62731913746273,-13.196333908694637,6.301553604938609,0.0,0.0,0.0
158.63772008794925,-13.196670320132531,6.302577783266298,0.0,0.0,0.0
158.6481209538925,-13.197007013403448,6.303602220249034,0.0,0.0,0.0
158.6585217353117,-13.197343988585033,6.304626915907603,0.0,0.0,0.0
158.66892243222614,-13.19768124575489,6.305651870262762,0.0,0.0,0.0
158.6793230446551,-13.198018784990573,6.3066770833352335,0.0,0.0,0.0
158.6897235726179,-13.198356606369602,6.307702555145721,0.0,0.0,0.0
158.70012401613394,-13.198694709969445,6.308728285714888,0.0,0.0,0.0
158.7105243752226,-13.199033095867527,6.309754275063374,0.0,0.0,0.0
158.7209246499034,-13.199371764141224,6.31078052321179,0.0,0.0,0.0
158.73132484019578,-13.199710714867885,6.311807030180712,0.0,0.0,0.0
158.7417249461193,-13.200049948124795,6.312833795990693,0.0,0.0,0.0
158.75212496769353,-13.200389463989199,6.313860820662255,0.0,0.0,0.0
158.76252490493812,-13.200729262538301,6.314888104215885,0.0,0.0,0.0
158.77292475787272,-13.201069343849259,6.315915646672052,0.0,0.0,0.0
158.78332452651702,-13.201409707999195,6.316943448051181,0.0,0.0,0.0
158.7937242108908,-13.201750355065165,6.317971508373681,0.0,0.0,0.0
158.80412381101377,-13.202091285124206,6.318999827659921,0.0,0.0,0.0
158.81452332690586,-13.20243249825329,6.320028405930248,0.0,0.0,0.0
158.82492275858687,-13.202773994529357,6.321057243204973,0.0,0.0,0.0
158.83532210607672,-13.20311577402929,6.322086339504383,0.0,0.0,0.0
158.8457213693954,-13.203457836829937,6.323115694848734,0.0,0.0,0.0
158.8561205485628,-13.203800183008104,6.324145309258247,0.0,0.0,0.0
158.86651964359908,-13.204142812640539,6.325175182753122,0.0,0.0,0.0
158.87691865452422,-13.204485725803954,6.326205315353522,0.0,0.0,0.0
158.8873175813584,-13.20482892257502,6.327235707079584,0.0,0.0,0.0
158.8977164241217,-13.205172403030351,6.3282663579514145,0.0,0.0,0.0
158.9081151828344,-13.205516167246525,6.329297267989088,0.0,0.0,0.0
158.91851385751664,-13.205860215300072,6.330328437212655,0.0,0.0,0.0
158.92891244818878,-13.206204547267477,6.33135986564213,0.0,0.0,0.0
158.93931095487113,-13.206549163225182,6.332391553297501,0.0,0.0,0.0
158.94970937758399,-13.206894063249576,6.333423500198725,0.0,0.0,0.0
158.9601077163478,-13.20723924741701,6.334455706365729,0.0,0.0,0.0
158.97050597118303,-13.2075847158038,6.335488171818412,0.0,0.0,0.0
158.9809041421101,-13.207930468486186,6.336520896576639,0.0,0.0,0.0
158.9913022291496,-13.208276505540395,6.337553880660247,0.0,0.0,0.0
159.00170023232204,-13.208622827042587,6.338587124089046,0.0,0.0,0.0
159.01209815164805,-13.20896943306889,6.339620626882815,0.0,0.0,0.0
159.02249598714826,-13.209316323695377,6.340654389061297,0.0,0.0,0.0
159.03289373884337,-13.209663498998088,6.3416884106442115,0.0,0.0,0.0
159.04329140675412,-13.210010959053,6.342722691651246,0.0,0.0,0.0
159.05368899090126,-13.210358703936054,6.3437572321020586,0.0,0.0,0.0
159.06408649130563,-13.21070673372315,6.344792032016276,0.0,0.0,0.0
159.074483907988,-13.211055048490131,6.345827091413493,0.0,0.0,0.0
159.08488124096934,-13.211403648312805,6.346862410313278,0.0,0.0,0.0
159.09527849027054,-13.211752533266935,6.347897988735169,0.0,0.0,0.0
159.10567565591265,-13.21210170342822,6.348933826698674,0.0,0.0,0.0
159.11607273791657,-13.212451158872335,6.349969924223263,0.0,0.0,0.0
159.12646973630342,-13.212800899674901,6.351006281328388,0.0,0.0,0.0
159.1368666510943,-13.21315092591149,6.352042898033461,0.0,0.0,0.0
159.1472634823103,-13.213501237657628,6.353079774357869,0.0,0.0,0.0
159.15766022997266,-13.213851834988798,6.354116910320969,0.0,0.0,0.0
159.16805689410256,-13.214202717980443,6.355154305942079,0.0,0.0,0.0
159.17845347472127,-13.214553886707948,6.356191961240503,0.0,0.0,0.0
159.18884997185006,-13.214905341246663,6.357229876235499,0.0,0.0,0.0
159.19924638551032,-13.215257081671878,6.3582680509463,0.0,0.0,0.0
159.2096427157234,-13.215609108058853,6.3593064853921115,0.0,0.0,0.0
159.22003896251073,-13.215961420482788,6.360345179592106,0.0,0.0,0.0
159.23043512589376,-13.216314019018851,6.361384133565427,0.0,0.0,0.0
159.24083120589404,-13.21666690374215,6.362423347331182,0.0,0.0,0.0
159.25122720253307,-13.217020074727749,6.363462820908456,0.0,0.0,0.0
159.26162311583244,-13.217373532050678,6.364502554316298,0.0,0.0,0.0
159.27201894581378,-13.217727275785904,6.365542547573729,0.0,0.0,0.0
159.28241469249878,-13.218081306008362,6.366582800699739,0.0,0.0,0.0
159.29281035590913,-13.218435622792935,6.367623313713285,0.0,0.0,0.0
159.30320593606658,-13.218790226214448,6.368664086633296,0.0,0.0,0.0
159.3136014329929,-13.219145116347704,6.369705119478671,0.0,0.0,0.0
159.32399684670995,-13.219500293267433,6.370746412268275,0.0,0.0,0.0
159.33439217723958,-13.219855757048334,6.371787965020949,0.0,0.0,0.0
159.34478742460374,-13.220211507765063,6.3728297777554905,0.0,0.0,0.0
159.35518258882436,-13.220567545492218,6.373871850490683,0.0,0.0,0.0
159.3655776699234,-13.220923870304354,6.374914183245262,0.0,0.0,0.0
159.3759726679229,-13.221280482275983,6.375956776037947,0.0,0.0,0.0
159.38636758284503,-13.22163738148157,6.376999628887421,0.0,0.0,0.0
159.39676241471176,-13.221994567995521,6.3780427418123296,0.0,0.0,0.0
159.40715716354535,-13.222352041892217,6.379086114831297,0.0,0.0,0.0
159.41755182936797,-13.222709803245973,6.380129747962915,0.0,0.0,0.0
159.42794641220183,-13.223067852131063,6.3811736412257405,0.0,0.0,0.0
159.4383409120693,-13.223426188621719,6.382217794638301,0.0,0.0,0.0
159.4487353289926,-13.223784812792122,6.3832622082190955,0.0,0.0,0.0
159.4591296629941,-13.224143724716408,6.384306881986588,0.0,0.0,0.0
159.46952391409624,-13.224502924468657,6.385351815959217,0.0,0.0,0.0
159.47991808232146,-13.224862412122922,6.386397010155382,0.0,0.0,0.0
159.49031216769222,-13.225222187753186,6.3874424645934615,0.0,0.0,0.0
159.50070617023107,-13.225582251433398,6.388488179291792,0.0,0.0,0.0
159.51110008996054,-13.225942603237458,6.389534154268688,0.0,0.0,0.0
159.52149392690322,-13.226303243239212,6.3905803895424285,0.0,0.0,0.0
159.53188768108183,-13.226664171512471,6.391626885131263,0.0,0.0,0.0
159.542281352519,-13.227025388130993,6.392673641053407,0.0,0.0,0.0
159.55267494123746,-13.227386893168479,6.393720657327049,0.0,0.0,0.0
159.56306844726,-13.227748686698597,6.394767933970346,0.0,0.0,0.0
159.57346187060938,-13.228110768794966,6.395815471001418,0.0,0.0,0.0
159.58385521130853,-13.228473139531149,6.396863268438358,0.0,0.0,0.0
159.59424846938026,-13.228835798980665,6.397911326299232,0.0,0.0,0.0
159.60464164484753,-13.229198747216989,6.398959644602067,0.0,0.0,0.0
159.6150347377333,-13.229561984313545,6.400008223364862,0.0,0.0,0.0
159.62542774806064,-13.229925510343708,6.401057062605587,0.0,0.0,0.0
159.63582067585253,-13.230289325380813,6.402106162342176,0.0,0.0,0.0
159.6462135211321,-13.230653429498142,6.403155522592532,0.0,0.0,0.0
159.65660628392243,-13.231017822768923,6.404205143374534,0.0,0.0,0.0
159.66699896424674,-13.231382505266344,6.4052550247060225,0.0,0.0,0.0
159.67739156212826,-13.231747477063555,6.406305166604803,0.0,0.0,0.0
159.68778407759024,-13.232112738233637,6.407355569088661,0.0,0.0,0.0
159.6981765106559,-13.23247828884963,6.408406232175341,0.0,0.0,0.0
159.70856886134868,-13.232844128984542,6.409457155882563,0.0,0.0,0.0
159.71896112969193,-13.233210258711312,6.410508340228008,0.0,0.0,0.0
159.729353315709,-13.233576678102843,6.41155978522933,0.0,0.0,0.0
159.73974541942343,-13.233943387231983,6.412611490904152,0.0,0.0,0.0
159.75013744085865,-13.234310386171542,6.4136634572700615,0.0,0.0,0.0
159.76052938003826,-13.234677674994268,6.414715684344621,0.0,0.0,0.0
159.77092123698583,-13.235045253772874,6.415768172145355,0.0,0.0,0.0
159.78131301172493,-13.235413122580017,6.416820920689757,0.0,0.0,0.0
159.79170470427928,-13.23578128148831,6.417873929995294,0.0,0.0,0.0
159.80209631467255,-13.236149730570315,6.418927200079395,0.0,0.0,0.0
159.81248784292848,-13.236518469898547,6.419980730959461,0.0,0.0,0.0
159.82287928907087,-13.236887499545473,6.421034522652863,0.0,0.0,0.0
159.83327065312352,-13.23725681958351,6.422088575176933,0.0,0.0,0.0
159.84366193511033,-13.237626430085028,6.423142888548979,0.0,0.0,0.0
159.85405313505518,-13.237996331122352,6.424197462786271,0.0,0.0,0.0
159.864444252982,-13.238366522767755,6.425252297906053,0.0,0.0,0.0
159.8748352889148,-13.238737005093455,6.426307393925535,0.0,0.0,0.0
159.88522624287762,-13.239107778171636,6.427362750861892,0.0,0.0,0.0
159.89561711489446,-13.239478842074428,6.4284183687322685,0.0,0.0,0.0
159.9060079049895,-13.239850196873899,6.429474247553781,0.0,0.0,0.0
159.91639861318686,-13.240221842642088,6.4305303873435085,0.0,0.0,0.0
159.9267892395107,-13.240593779450975,6.431586788118506,0.0,0.0,0.0
159.9371797839853,-13.240966007372492,6.432643449895784,0.0,0.0,0.0
159.9475702466349,-13.241338526478525,6.433700372692334,0.0,0.0,0.0
159.9579606274838,-13.241711336840911,6.4347575565251045,0.0,0.0,0.0
159.96835092655638,-13.242084438531435,6.435815001411021,0.0,0.0,0.0
159.978741143877,-13.242457831621834,6.436872707366973,0.0,0.0,0.0
159.9891312794701,-13.242831516183806,6.437930674409816,0.0,0.0,0.0
159.99952133336015,-13.243205492288983,6.438988902556375,0.0,0.0,0.0
160.00991130557168,-13.243579760008958,6.4400473918234455,0.0,0.0,0.0
160.0203011961292,-13.24395431941528,6.4411061422277855,0.0,0.0,0.0
160.03069100505735,-13.244329170579432,6.442165153786128,0.0,0.0,0.0
160.04108073238072,-13.24470431357287,6.4432244265151635,0.0,0.0,0.0
160.05147037812404,-13.245079748466985,6.444283960431564,0.0,0.0,0.0
160.06185994231197,-13.245455475333124,6.445343755551956,0.0,0.0,0.0
160.07224942496927,-13.245831494242582,6.4464038118929405,0.0,0.0,0.0
160.08263882612076,-13.246207805266609,6.447464129471085,0.0,0.0,0.0
160.09302814579127,-13.246584408476407,6.448524708302925,0.0,0.0,0.0
160.10341738400567,-13.246961303943122,6.449585548404965,0.0,0.0,0.0
160.11380654078886,-13.247338491737857,6.450646649793674,0.0,0.0,0.0
160.1241956161658,-13.247715971931662,6.451708012485489,0.0,0.0,0.0
160.1345846101615,-13.248093744595543,6.452769636496816,0.0,0.0,0.0
160.14497352280102,-13.248471809800451,6.45383152184403,0.0,0.0,0.0
160.1553623541094,-13.248850167617286,6.454893668543472,0.0,0.0,0.0
160.16575110411173,-13.249228818116904,6.455956076611449,0.0,0.0,0.0
160.17613977283327,-13.249607761370108,6.457018746064237,0.0,0.0,0.0
160.18652836029912,-13.249986997447653,6.45808167691808,0.0,0.0,0.0
160.19691686653454,-13.250366526420251,6.459144869189187,0.0,0.0,0.0
160.20730529156484,-13.25074634835855,6.460208322893736,0.0,0.0,0.0
160.21769363541534,-13.251126463333161,6.461272038047876,0.0,0.0,0.0
160.22808189811136,-13.251506871414634,6.462336014667718,0.0,0.0,0.0
160.23847007967834,-13.251887572673482,6.463400252769344,0.0,0.0,0.0
160.24885818014164,-13.25226856718016,6.464464752368801,0.0,0.0,0.0
160.25924619952687,-13.252649855005075,6.4655295134821,0.0,0.0,0.0
160.26963413785944,-13.25303143621858,6.4665945361252275,0.0,0.0,0.0
