galstreams/tracks/track.st.C-8.ibata2021.ecsv
# %ECSV 1.0
# ---
# datatype:
# - {name: ra, unit: deg, datatype: float64}
# - {name: dec, unit: deg, datatype: float64}
# - {name: distance, unit: kpc, datatype: float64}
# - {name: pm_ra_cosdec, unit: mas / yr, datatype: float64}
# - {name: pm_dec, unit: mas / yr, datatype: float64}
# - {name: radial_velocity, unit: km / s, datatype: float64}
# delimiter: ','
# meta: !!omap
# - __serialized_columns__:
#     dec:
#       __class__: astropy.coordinates.angles.Latitude
#       unit: &id001 !astropy.units.Unit {unit: deg}
#       value: !astropy.table.SerializedColumn {name: dec}
#     distance:
#       __class__: astropy.coordinates.distances.Distance
#       unit: !astropy.units.Unit {unit: kpc}
#       value: !astropy.table.SerializedColumn {name: distance}
#     pm_dec:
#       __class__: astropy.units.quantity.Quantity
#       unit: !astropy.units.Unit {unit: mas / yr}
#       value: !astropy.table.SerializedColumn {name: pm_dec}
#     pm_ra_cosdec:
#       __class__: astropy.units.quantity.Quantity
#       unit: !astropy.units.Unit {unit: mas / yr}
#       value: !astropy.table.SerializedColumn {name: pm_ra_cosdec}
#     ra:
#       __class__: astropy.coordinates.angles.Longitude
#       unit: *id001
#       value: !astropy.table.SerializedColumn {name: ra}
#       wrap_angle: !astropy.coordinates.Angle
#         unit: *id001
#         value: 360.0
#     radial_velocity:
#       __class__: astropy.units.quantity.Quantity
#       unit: !astropy.units.Unit {unit: km / s}
#       value: !astropy.table.SerializedColumn {name: radial_velocity}
# schema: astropy-2.0
ra,dec,distance,pm_ra_cosdec,pm_dec,radial_velocity
[from data line 149]
335.6916760603204,-80.63640074362641,3.698023865176976,8.706879560287897,5.793602746695674,1000.0000000000002
335.72874152571814,-80.62774465827646,3.6980855268320076,8.704742995505944,5.798891183850683,1000.0000000000002
335.7656030391984,-80.61907976242442,3.6981398315091756,8.70261916741103,5.804155162000777,1000.0000000000003
335.8022614442453,-80.6104061225165,3.6981868028510396,8.700508035859821,5.809394791411252,1000.0000000000003
335.8387175829571,-80.60172380451077,3.698226464500162,8.698409560439494,5.814610181947055,1000.0000000000003
335.87497229602974,-80.59303287387992,3.698258840099101,8.696323700472638,5.819801443071954,1000.0000000000003
335.9110264227399,-80.58433339561478,3.6982839532904173,8.694250415022088,5.8249686838475885,1000.0000000000007
335.9468808009291,-80.57562543422699,3.69830182771667,8.692189662895812,5.830112012932705,1000.0000000000002
335.9825362669873,-80.56690905375257,3.698312487020422,8.690141402651598,5.835231538582304,1000.0000000000002
336.01799365583827,-80.55818431775451,3.6983159548442304,8.68810559260182,5.840327368647019,1000.0000000000002
336.05325380092313,-80.54945128932638,3.6983122548306575,8.686082190818096,5.845399610572308,1000.0000000000003
336.0883175341865,-80.54071003109492,3.6983014106222623,8.684071155135925,5.850448371397915,1000.0000000000006
336.1231856860614,-80.53196060522349,3.6982834458616063,8.682072443159225,5.85547375775724,1000.0000000000003
336.1578590854551,-80.52320307341475,3.698258384191248,8.680086012264908,5.860475875876789,1000.0000000000003
336.192338559735,-80.5144374969141,3.6982262492537497,8.678111819607352,5.865454831575665,1000.0000000000002
336.2266249347154,-80.50566393651238,3.6981870646916697,8.67614982212282,5.870410730265128,1000.0000000000006
336.260719034644,-80.4968824525489,3.698140854147568,8.674199976533837,5.8753436769481535,1000.0000000000006
336.2946216821885,-80.48809310491482,3.698087641264006,8.6722622393536,5.880253776219048,1000.0000000000007
336.32833369842456,-80.47929595305563,3.698027449683544,8.67033656689017,5.885141132263167,1000.0000000000007
336.36185590282264,-80.47049105597452,3.6979603030487413,8.668422915250845,5.890005848856504,1000.0000000000006
336.3951891132366,-80.46167847223506,3.697886225002158,8.666521240346277,5.894848029365541,1000.0000000000003
336.42833414589103,-80.4528582599645,3.6978052391863554,8.664631497894657,5.899667776746973,1000.0000000000006
336.46129181537066,-80.4440304768563,3.697717369243892,8.662753643425841,5.904465193547537,1000.0000000000002
336.4940629346079,-80.43519518017352,3.697622638817329,8.660887632285464,5.9092403819038335,1000.0000000000003
336.52664831487306,-80.42635242675124,3.6975210715492275,8.65903341963885,5.91399344354226,1000.0000000000003
336.5590487657625,-80.41750227300003,3.6974126910821457,8.657190960475154,5.918724479778884,1000.0000000000006
336.5912650951891,-80.4086447749083,3.6972975210586454,8.655360209611146,5.923433591519469,1000.0000000000006
336.62329810937115,-80.39977998804567,3.697175585121286,8.653541121695266,5.928120879259335,1000.0000000000002
336.65514861282327,-80.39090796756541,3.697046906912628,8.651733651211334,5.932786443083563,1000.0000000000003
336.68681740834603,-80.38202876820779,3.6969115100752306,8.649937752482462,5.937430382666886,1000.0000000000006
336.7183052970169,-80.37314244430236,3.6967694182516557,8.648153379674797,5.942052797273876,1000.0000000000006
336.7496130781809,-80.36424904977139,3.6966206550844616,8.646380486801235,5.946653785759006,1000.0
336.780741549442,-80.35534863813214,3.6964652442162103,8.644619027725089,5.951233446566878,1000.0000000000006
336.8116915066536,-80.34644126250018,3.6963032092894617,8.642868956163808,5.955791877732272,1000.0000000000006
336.842463743911,-80.33752697559173,3.696134573946773,8.641130225692523,5.960329176880499,1000.0000000000006
336.87305905354276,-80.32860582972688,3.6959593618307087,8.639402789747619,5.964845441227503,1000.0000000000003
336.9034782261027,-80.31967787683196,3.6957775965838264,8.637686601630241,5.969340767580258,1000.0000000000007
336.93372205036206,-80.31074316844273,3.6955893018486874,8.635981614509838,5.973815252336937,1000.0000000000006
336.96379131330247,-80.30180175570669,3.695394501267851,8.634287781427528,5.978268991487349,1000.0000000000003
336.9936868001078,-80.29285368938628,3.6951932184838774,8.632605055299562,5.982702080613159,1000.0000000000003
337.02340929415806,-80.28389901986112,3.694985477139327,8.630933388920624,5.987114614888393,1000.0000000000006
337.0529595770216,-80.27493779713124,3.6947713008767615,8.629272734967248,5.991506689079689,1000.0000000000003
337.0823384284494,-80.26597007081934,3.6945507133387387,8.627623046000993,5.9958783975469,1000.0000000000006
337.11154662636744,-80.25699589017381,3.69432373816782,8.625984274471815,6.000229834243315,1000.0000000000001
337.1405849468718,-80.2480153040711,3.6940903990065648,8.624356372721142,6.004561092716342,1000.0000000000002
337.16945416422163,-80.2390283610188,3.6938507194975347,8.62273929298513,6.0088722661078755,1000.0000000000003
337.19815505083386,-80.23003510915778,3.693604723283289,8.621132987397791,6.013163447154859,1000.0000000000003
337.22668837727724,-80.22103559626535,3.6933524340063872,8.61953740799407,6.017434728189745,1000.0000000000006
337.25505491226716,-80.21202986975747,3.69309387530939,8.617952506712895,6.021686201141186,1000.0000000000006
337.28325542266043,-80.20301797669157,3.6928290708348586,8.616378235400237,6.025917957534501,1000.0000000000003
337.3112906734499,-80.19399996376926,3.692558044225352,8.614814545812049,6.030130088492347,1000.0000000000003
337.3391614277601,-80.18497587733856,3.6922808191234306,8.613261389617243,6.034322684735287,1000.0000000000007
337.3668684468419,-80.17594576339694,3.691997419171654,8.611718718400647,6.038495836582429,1000.0000000000003
337.3944124900691,-80.16690966759342,3.6917078680125854,8.610186483665752,6.042649633952152,1000.0000000000006
337.4217943149327,-80.1578676352316,3.6914121892887803,8.608664636837737,6.0467841663627055,1000.0000000000008
337.4490146770379,-80.14881971127166,3.6911104066428018,8.60715312926613,6.050899522932921,1000.0000000000006
337.4760743300997,-80.13976594033349,3.69080254371721,8.60565191222765,6.054995792382988,1000.0000000000007
337.50297402593924,-80.13070636669862,3.6904886241545647,8.604160936928924,6.059073063035106,1000.0000000000007
337.52971451447985,-80.12164103431321,3.690168671597425,8.602680154509233,6.063131422814234,1000.0000000000007
337.5562965437442,-80.11256998679016,3.689842709688352,8.601209516043102,6.067170959248969,1000.0000000000007
337.5827208598503,-80.10349326741193,3.689510762069906,8.599748972543068,6.071191759472155,1000.0000000000003
337.60898820700896,-80.09441091913263,3.689172852384648,8.598298474962156,6.075193910221795,1000.0000000000006
337.63509932752044,-80.08532298458084,3.6888290042751364,8.596857974196524,6.079177497841814,1000.0000000000007
337.66105496177204,-80.07622950606174,3.688479241383933,8.595427421087976,6.083142608282955,1000.0000000000006
337.68685584823476,-80.0671305255598,3.6881235873535965,8.59400676642651,6.08708932710347,1000.0000000000008
337.71250272346174,-80.05802608474092,3.6877620658266883,8.592595960952742,6.091017739470187,1000.0000000000007
337.7379963220848,-80.04891622495516,3.687394700445767,8.591194955360415,6.094927930159134,1000.0000000000003
337.7633373768134,-80.03980098723873,3.6870215148533947,8.589803700298724,6.098819983556661,1000.0000000000003
337.7885266184314,-80.0306804123168,3.686642532692131,8.588422146374812,6.102693983660098,1000.0000000000003
337.81356477579607,-80.02155454060542,3.686257777604535,8.58705024415601,6.106550014078909,1000.0000000000003
337.83845257583584,-80.01242341221432,3.685867273233168,8.585687944172237,6.110388158035388,1000.0000000000006
337.8631907435488,-80.00328706694877,3.68547104322059,8.584335196918262,6.114208498365732,1000.0000000000006
337.8877800020009,-79.9941455443124,3.6850691112093616,8.58299195285598,6.118011117520927,1000.0000000000006
337.91222107232517,-79.98499888350905,3.6846615008420414,8.581658162416625,6.12179609756771,1000.0000000000002
337.9365146737197,-79.97584712344545,3.684248235761191,8.580333776002977,6.125563520189521,1000.0000000000006
337.9606615234472,-79.96669030273316,3.68382933960937,8.579018743991565,6.129313466687515,1000.0000000000008
337.9846623368334,-79.95752845969125,3.6834048360291387,8.577713016734794,6.133046017981497,1000.0000000000006
338.008517827267,-79.9483616323481,3.6829747486630584,8.576416544563008,6.136761254610997,1000.0000000000003
338.0322287061978,-79.93918985844407,3.682539101153687,8.575129277786711,6.140459256736122,1000.0000000000006
338.05579568313715,-79.93001317543342,3.6820979171435857,8.573851166698482,6.14414010413876,1000.0000000000006
338.0792194656568,-79.92083162048667,3.6816512202753153,8.57258216157508,6.147803876223506,1000.0000000000006
338.1025007593886,-79.91164523049295,3.681199034191435,8.571322212679503,6.1514506520186245,1000.0000000000003
338.1256402680244,-79.9024540420618,3.6807413825345066,8.570071270262805,6.1550805101772585,1000.0000000000006
338.14863869331566,-79.8932580915259,3.6802782889470884,8.568829284566265,6.15869352897829,1000.0000000000007
338.1714967350737,-79.88405741494263,3.6798097770717417,8.567596205823122,6.162289786327548,1000.0000000000006
338.19421509116927,-79.87485204809688,3.679335870551027,8.566371984260565,6.165869359758819,1000.0000000000003
338.2167944575333,-79.86564202650258,3.6788565930275023,8.565156570101625,6.169432326434865,1000.0000000000007
338.23923552815666,-79.85642738540537,3.678371968143731,8.56394991356695,6.172978763148578,1000.0000000000008
338.2615389950908,-79.84720815978424,3.6778820195422703,8.562751964876679,6.1765087463240445,1000.0000000000007
338.283705548448,-79.83798438435413,3.6773867708656818,8.561562674252265,6.180022352017554,1000.0000000000003
338.3057358764023,-79.82875609356755,3.676886245756526,8.560381991918142,6.183519655918882,1000.0000000000007
338.3276306651898,-79.81952332161711,3.676380467857362,8.559209868103597,6.187000733352182,1000.0000000000006
338.3493905991097,-79.81028610243719,3.675869460810751,8.558046253044399,6.190465659277258,1000.0000000000003
338.37101636052466,-79.80104446970638,3.675353248259253,8.556891096984575,6.193914508290524,1000.0000000000007
338.3925086298625,-79.79179845684915,3.6748318538454274,8.555744350177992,6.197347354626302,1000.0000000000003
338.4138680856166,-79.78254809703832,3.6743053012118354,8.554605962890111,6.200764272157816,1000.0000000000006
338.43509540434746,-79.77329342319658,3.6737736140010364,8.553475885399518,6.204165334398374,1000.0000000000006
338.4561912606835,-79.76403446799907,3.673236815855591,8.552354067999612,6.207550614502466,1000.0000000000003
338.4771563273228,-79.75477126387479,3.6726949304180585,8.55124046100011,6.21092018526695,1000.0000000000006
338.497991275034,-79.74550384300916,3.6721479813310003,8.550135014728703,6.2142741191321615,1000.0000000000007
338.5186967726584,-79.7362322373455,3.6715959922369765,8.549037679532452,6.217612488183089,1000.0000000000007
338.5392734871108,-79.72695647858744,3.671038986778547,8.547948405779472,6.220935364150465,1000.0000000000007
338.5597220833817,-79.7176765982004,3.670476988598271,8.546867143860256,6.2242428184120016,1000.0000000000006
338.5800432245387,-79.70839262741407,3.6699100213387097,8.545793844189278,6.227534921993485,1000.0000000000007
338.60023757172854,-79.6991045972238,3.6693381086424237,8.54472845720635,6.230811745569984,1000.0000000000006
338.62030578417847,-79.689812538393,3.668761274151973,8.54367093337813,6.234073359466947,1000.0000000000008
338.6402485191988,-79.68051648145459,3.6681795415099168,8.542621223199456,6.237319833661417,1000.0000000000007
338.6600664321845,-79.67121645671341,3.667592934358815,8.541579277194765,6.240551237783228,1000.0000000000008
338.67976017661755,-79.66191249424753,3.66700147634123,8.540545045919462,6.243767641116133,1000.0000000000006
338.69933040406863,-79.65260462391068,3.66640519109972,8.539518479961263,6.246969112598947,1000.0000000000008
338.7187777642001,-79.6432928753336,3.665804102276846,8.538499529941475,6.250155720826806,1000.0000000000008
338.7381029047674,-79.63397727792638,3.6651982335151674,8.53748814651642,6.25332753405227,1000.0000000000008
338.75730647162214,-79.62465786087984,3.6645876084572446,8.536484280378552,6.256484620186539,1000.0000000000007
338.77638910871417,-79.6153346531676,3.6639722507456396,8.535487882257847,6.259627046800679,1000.0000000000006
338.7953514580939,-79.606007683548,3.6633521840229095,8.534498902923035,6.262754881126657,1000.0000000000007
338.8141941599153,-79.59667698056558,3.6627274319316183,8.533517293182758,6.2658681900587165,1000.0000000000007
338.8329178524382,-79.58734257255321,3.662098018114322,8.532543003886866,6.268967040154392,1000.0000000000008
338.85152317203085,-79.57800448763352,3.661463966213583,8.531575985927557,6.272051497635815,1000.0000000000006
338.87001075317306,-79.56866275372111,3.660825299871962,8.530616190240506,6.275121628390865,1000.0000000000006
338.88838122845846,-79.55931739852376,3.6601820427320173,8.529663567806159,6.27817749797431,1000.0000000000008
338.90663522859774,-79.54996844954475,3.6595342184363107,8.528718069650697,6.281219171609033,1000.0000000000007
338.9247733824215,-79.54061593408407,3.658881850627402,8.527779646847257,6.2842467141872795,1000.0000000000008
338.94279631688266,-79.53125987924064,3.658224962947851,8.526848250517064,6.287260190271695,1000.0000000000007
338.9607046570605,-79.52190031191347,3.6575635790402172,8.525923831830362,6.290259664096709,1000.0000000000007
338.9784990261624,-79.51253725880395,3.656897722547063,8.525006342007666,6.293245199569514,1000.0000000000007
338.99618004552826,-79.50317074641698,3.656227417110947,8.524095732320642,6.296216860271429,1000.0000000000006
339.0137483346326,-79.4938008010632,3.655552686374429,8.52319195409328,6.2991747094590025,1000.0000000000003
339.03120451108833,-79.48442744886006,3.65487355398007,8.522294958702824,6.302118810065204,1000.0000000000008
339.0485491906497,-79.47505071573411,3.654190043570431,8.521404697580783,6.305049224700639,1000.0000000000006
339.065782987216,-79.46567062742204,3.6535021787880706,8.520521122213909,6.307966015654719,1000.0000000000008
339.08290651283426,-79.45628720947283,3.65280998327555,8.519644184145214,6.310869244896837,1000.0000000000007
339.09992037770326,-79.44690048724893,3.6521134806754274,8.518773834974851,6.313758974077592,1000.0000000000009
339.1168251901764,-79.43751048592831,3.6514126946302654,8.517910026361125,6.316635264529898,1000.0000000000006
339.1336215567659,-79.42811723050562,3.6507076487826233,8.517052710021296,6.319498177270287,1000.0000000000007
339.1503100821452,-79.4187207457942,3.6499983667750615,8.516201837732638,6.3223477729999455,1000.0000000000007
339.16689136915375,-79.40932105642729,3.6492848722501385,8.515357361333189,6.325184112106035,1000.0000000000006
339.18336601879946,-79.39991818685992,3.6485671888504183,8.514519232722712,6.328007254662754,1000.0000000000007
339.1997346302634,-79.39051216137017,3.6478453402184567,8.513687403863498,6.330817260432626,1000.0000000000008
339.2159978009024,-79.38110300406102,3.6471193499968164,8.512861826781275,6.333614188867555,1000.0000000000008
339.2321561262536,-79.37169073886157,3.6463892418280572,8.512042453565973,6.3363980991101165,1000.0000000000007
339.2482102000377,-79.36227538952896,3.645655039354739,8.511229236372584,6.339169049994677,1000.0000000000007
339.26416061416296,-79.35285697964939,3.644916766219423,8.510422127421943,6.341927100048531,1000.0000000000006
339.2800079587288,-79.34343553264017,3.644174446064667,8.509621079001525,6.344672307493134,1000.0000000000008
339.29575282202967,-79.33401107175071,3.6434281025330333,8.508826043466247,6.347404730245236,1000.0000000000006
