galstreams/tracks/track.st.Molonglo.grillmair2017b.ecsv
# %ECSV 1.0
# ---
# datatype:
# - {name: ra, unit: deg, datatype: float64}
# - {name: dec, unit: deg, datatype: float64}
# - {name: distance, unit: kpc, datatype: float64}
# - {name: pm_ra_cosdec, unit: mas / yr, datatype: float64}
# - {name: pm_dec, unit: mas / yr, datatype: float64}
# - {name: radial_velocity, unit: km / s, datatype: float64}
# delimiter: ','
# meta: !!omap
# - __serialized_columns__:
#     dec:
#       __class__: astropy.coordinates.angles.Latitude
#       unit: &id001 !astropy.units.Unit {unit: deg}
#       value: !astropy.table.SerializedColumn {name: dec}
#     distance:
#       __class__: astropy.coordinates.distances.Distance
#       unit: !astropy.units.Unit {unit: kpc}
#       value: !astropy.table.SerializedColumn {name: distance}
#     pm_dec:
#       __class__: astropy.units.quantity.Quantity
#       unit: !astropy.units.Unit {unit: mas / yr}
#       value: !astropy.table.SerializedColumn {name: pm_dec}
#     pm_ra_cosdec:
#       __class__: astropy.units.quantity.Quantity
#       unit: !astropy.units.Unit {unit: mas / yr}
#       value: !astropy.table.SerializedColumn {name: pm_ra_cosdec}
#     ra:
#       __class__: astropy.coordinates.angles.Longitude
#       unit: *id001
#       value: !astropy.table.SerializedColumn {name: ra}
#       wrap_angle: !astropy.coordinates.Angle
#         unit: *id001
#         value: 360.0
#     radial_velocity:
#       __class__: astropy.units.quantity.Quantity
#       unit: !astropy.units.Unit {unit: km / s}
#       value: !astropy.table.SerializedColumn {name: radial_velocity}
# schema: astropy-2.0
ra,dec,distance,pm_ra_cosdec,pm_dec,radial_velocity
[from data line 941]
2.2894549764881846,-18.686126952097595,19.999999999999975,0.0,0.0,0.0
2.281349091058643,-18.67971644844594,19.999999999999975,0.0,0.0,0.0
2.27324400754633,-18.67330538312514,19.999999999999975,0.0,0.0,0.0
2.265139726074202,-18.66689375591417,19.99999999999997,0.0,0.0,0.0
2.257036246765279,-18.660481566592033,19.999999999999975,0.0,0.0,0.0
2.248933569742598,-18.654068814937762,19.99999999999998,0.0,0.0,0.0
2.2408316951292155,-18.64765550073039,19.999999999999975,0.0,0.0,0.0
2.2327306230481563,-18.64124162374892,19.999999999999975,0.0,0.0,0.0
2.2246303536226035,-18.634827183772487,19.99999999999997,0.0,0.0,0.0
2.216530886975617,-18.628412180580113,19.999999999999975,0.0,0.0,0.0
2.2084322232303233,-18.621996613950877,19.999999999999975,0.0,0.0,0.0
2.200334362509864,-18.61558048366387,19.99999999999997,0.0,0.0,0.0
2.1922373049373536,-18.609163789498137,19.999999999999975,0.0,0.0,0.0
2.184141050636059,-18.60274653123286,19.99999999999998,0.0,0.0,0.0
2.1760455997291297,-18.596328708647135,19.999999999999975,0.0,0.0,0.0
2.167950952339777,-18.589910321520065,19.99999999999998,0.0,0.0,0.0
2.15985710859123,-18.583491369630796,19.99999999999998,0.0,0.0,0.0
2.1517640686066875,-18.57707185275844,19.999999999999975,0.0,0.0,0.0
2.1436718325095057,-18.57065177068221,19.999999999999982,0.0,0.0,0.0
2.1355804004229184,-18.56423112318126,19.99999999999998,0.0,0.0,0.0
2.1274897724702235,-18.557809910034734,19.99999999999998,0.0,0.0,0.0
2.119399948774735,-18.551388131021834,19.99999999999998,0.0,0.0,0.0
2.1113109294597847,-18.544965785921754,19.99999999999998,0.0,0.0,0.0
2.1032227146486755,-18.538542874513652,19.999999999999975,0.0,0.0,0.0
2.095135304464865,-18.53211939657682,19.999999999999975,0.0,0.0,0.0
2.087048699031689,-18.525695351890445,19.999999999999975,0.0,0.0,0.0
2.0789628984725477,-18.51927074023374,19.99999999999998,0.0,0.0,0.0
2.0708779029108433,-18.512845561385955,19.999999999999982,0.0,0.0,0.0
2.0627937124700306,-18.506419815126353,19.999999999999975,0.0,0.0,0.0
2.054710327273554,-18.499993501234187,19.99999999999998,0.0,0.0,0.0
2.0466277474448815,-18.493566619488718,19.99999999999998,0.0,0.0,0.0
2.038545973107494,-18.487139169669234,19.999999999999975,0.0,0.0,0.0
2.0304650043848955,-18.480711151555024,19.99999999999998,0.0,0.0,0.0
2.022384841400602,-18.47428256492536,19.99999999999998,0.0,0.0,0.0
2.0143054842781494,-18.467853409559584,19.999999999999975,0.0,0.0,0.0
2.006226933141088,-18.461423685236984,19.999999999999975,0.0,0.0,0.0
1.9981491881129858,-18.45499339173688,19.99999999999998,0.0,0.0,0.0
1.990072249317428,-18.448562528838618,19.99999999999998,0.0,0.0,0.0
1.9819961168780158,-18.442131096321535,19.99999999999998,0.0,0.0,0.0
1.973920790918367,-18.435699093964985,19.99999999999998,0.0,0.0,0.0
1.9658462715621168,-18.429266521548314,19.999999999999982,0.0,0.0,0.0
1.9577725589329158,-18.42283337885091,19.999999999999975,0.0,0.0,0.0
1.9496996531544297,-18.416399665652126,19.999999999999982,0.0,0.0,0.0
1.9416275543503452,-18.409965381731347,19.999999999999982,0.0,0.0,0.0
1.9335562626443616,-18.40353052686799,19.999999999999982,0.0,0.0,0.0
1.9254857781601968,-18.397095100841426,19.99999999999999,0.0,0.0,0.0
1.9174161010215847,-18.39065910343109,19.999999999999982,0.0,0.0,0.0
1.9093472313522748,-18.384222534416384,19.999999999999982,0.0,0.0,0.0
1.9012791692760338,-18.377785393576747,19.99999999999998,0.0,0.0,0.0
1.8932119149166438,-18.371347680691606,19.99999999999998,0.0,0.0,0.0
1.8851454683979059,-18.364909395540405,19.99999999999998,0.0,0.0,0.0
1.8770798298436324,-18.358470537902598,19.999999999999986,0.0,0.0,0.0
1.869014999377657,-18.352031107557647,19.99999999999998,0.0,0.0,0.0
1.8609509771238266,-18.345591104285013,19.999999999999982,0.0,0.0,0.0
1.8528877632060068,-18.339150527864177,19.999999999999986,0.0,0.0,0.0
1.8448253577480773,-18.332709378074632,19.999999999999982,0.0,0.0,0.0
1.836763760873935,-18.32626765469586,19.99999999999998,0.0,0.0,0.0
1.828702972707492,-18.319825357507362,19.999999999999986,0.0,0.0,0.0
1.8206429933726787,-18.31338248628865,19.999999999999986,0.0,0.0,0.0
1.8125838229934395,-18.306939040819234,19.999999999999986,0.0,0.0,0.0
1.8045254616937352,-18.300495020878653,19.999999999999982,0.0,0.0,0.0
1.7964679095975422,-18.294050426246415,19.999999999999982,0.0,0.0,0.0
1.7884111668288551,-18.287605256702086,19.999999999999982,0.0,0.0,0.0
1.7803552335116823,-18.281159512025194,19.999999999999986,0.0,0.0,0.0
1.7723001097700497,-18.274713191995307,19.99999999999998,0.0,0.0,0.0
1.764245795727998,-18.268266296391975,19.99999999999998,0.0,0.0,0.0
1.756192291509584,-18.26181882499478,19.999999999999982,0.0,0.0,0.0
1.7481395972388811,-18.255370777583288,19.999999999999986,0.0,0.0,0.0
1.7400877130399792,-18.2489221539371,19.999999999999986,0.0,0.0,0.0
1.732036639036983,-18.2424729538358,19.999999999999986,0.0,0.0,0.0
1.7239863753540108,-18.236023177058986,19.999999999999982,0.0,0.0,0.0
1.7159369221152012,-18.229572823386274,19.99999999999998,0.0,0.0,0.0
1.7078882794447046,-18.223121892597266,19.999999999999982,0.0,0.0,0.0
1.699840447466691,-18.216670384471595,19.999999999999986,0.0,0.0,0.0
1.6917934263053436,-18.21021829878889,19.999999999999986,0.0,0.0,0.0
1.6837472160848594,-18.203765635328775,19.999999999999986,0.0,0.0,0.0
1.6757018169294573,-18.197312393870916,19.999999999999986,0.0,0.0,0.0
1.667657228963366,-18.19085857419495,19.999999999999982,0.0,0.0,0.0
1.6596134523108312,-18.184404176080527,19.999999999999986,0.0,0.0,0.0
1.6515704870961176,-18.177949199307328,19.99999999999999,0.0,0.0,0.0
1.6435283334434998,-18.17149364365502,19.999999999999986,0.0,0.0,0.0
1.6354869914772718,-18.16503750890327,19.999999999999982,0.0,0.0,0.0
1.6274464613217423,-18.158580794831785,19.999999999999982,0.0,0.0,0.0
1.619406743101237,-18.152123501220235,19.99999999999999,0.0,0.0,0.0
1.6113678369400926,-18.145665627848327,19.999999999999986,0.0,0.0,0.0
1.6033297429626678,-18.13920717449578,19.999999999999986,0.0,0.0,0.0
1.59529246129333,-18.132748140942287,19.999999999999993,0.0,0.0,0.0
1.587255992056467,-18.126288526967585,19.999999999999986,0.0,0.0,0.0
1.579220335376481,-18.119828332351386,19.999999999999986,0.0,0.0,0.0
1.5711854913777867,-18.113367556873428,19.999999999999986,0.0,0.0,0.0
1.5631514601848169,-18.106906200313446,19.999999999999986,0.0,0.0,0.0
1.5551182419220189,-18.10044426245119,19.999999999999986,0.0,0.0,0.0
1.5470858367138556,-18.09398174306641,19.999999999999982,0.0,0.0,0.0
1.5390542446848052,-18.08751864193886,19.999999999999986,0.0,0.0,0.0
1.5310234659593607,-18.081054958848306,19.999999999999986,0.0,0.0,0.0
1.5229935006620303,-18.07459069357452,19.999999999999982,0.0,0.0,0.0
1.5149643489173386,-18.06812584589729,19.999999999999982,0.0,0.0,0.0
1.506936010849823,-18.06166041559638,19.999999999999982,0.0,0.0,0.0
1.4989084865840405,-18.055194402451587,19.999999999999986,0.0,0.0,0.0
1.4908817762445554,-18.048727806242695,19.999999999999993,0.0,0.0,0.0
1.4828558799559557,-18.04226062674953,19.999999999999986,0.0,0.0,0.0
1.4748307978428388,-18.035792863751876,19.999999999999986,0.0,0.0,0.0
1.4668065300298199,-18.02932451702956,19.999999999999986,0.0,0.0,0.0
1.4587830766415282,-18.022855586362397,19.999999999999982,0.0,0.0,0.0
1.4507604378026078,-18.016386071530206,19.999999999999986,0.0,0.0,0.0
1.442738613637718,-18.00991597231282,19.999999999999993,0.0,0.0,0.0
1.4347176042715342,-18.003445288490088,19.999999999999993,0.0,0.0,0.0
1.4266974098287446,-17.996974019841826,19.999999999999993,0.0,0.0,0.0
1.418678030434055,-17.990502166147913,19.999999999999993,0.0,0.0,0.0
1.4106594662121814,-17.98402972718818,19.999999999999993,0.0,0.0,0.0
1.4026417172878596,-17.977556702742493,19.999999999999986,0.0,0.0,0.0
1.394624783785838,-17.971083092590714,19.99999999999999,0.0,0.0,0.0
1.3866086658308814,-17.964608896512715,19.99999999999999,0.0,0.0,0.0
1.3785933635477665,-17.958134114288374,19.99999999999999,0.0,0.0,0.0
1.370578877061287,-17.951658745697564,19.99999999999999,0.0,0.0,0.0
1.3625652064962515,-17.945182790520178,19.999999999999993,0.0,0.0,0.0
1.3545523519774816,-17.938706248536107,19.999999999999993,0.0,0.0,0.0
1.3465403136298173,-17.93222911952525,19.99999999999999,0.0,0.0,0.0
1.338529091578107,-17.9257514032675,19.999999999999993,0.0,0.0,0.0
1.330518685947219,-17.91927309954277,19.99999999999999,0.0,0.0,0.0
1.322509096862034,-17.912794208130972,19.999999999999986,0.0,0.0,0.0
1.3145003244474494,-17.906314728812024,19.99999999999999,0.0,0.0,0.0
1.3064923688283743,-17.899834661365837,19.99999999999999,0.0,0.0,0.0
1.2984852301297347,-17.89335400557236,19.999999999999986,0.0,0.0,0.0
1.29047890847647,-17.886872761211507,19.999999999999982,0.0,0.0,0.0
1.2824734039935342,-17.880390928063225,19.99999999999999,0.0,0.0,0.0
1.2744687168058964,-17.873908505907448,19.99999999999999,0.0,0.0,0.0
1.2664648470385402,-17.867425494524127,19.99999999999999,0.0,0.0,0.0
1.2584617948164616,-17.860941893693212,19.999999999999986,0.0,0.0,0.0
1.2504595602646733,-17.854457703194665,19.999999999999993,0.0,0.0,0.0
1.2424581435082023,-17.847972922808445,19.99999999999999,0.0,0.0,0.0
1.2344575446720885,-17.841487552314508,19.999999999999986,0.0,0.0,0.0
1.226457763881389,-17.835001591492837,19.999999999999986,0.0,0.0,0.0
1.2184588012611708,-17.828515040123396,19.99999999999999,0.0,0.0,0.0
1.2104606569365188,-17.82202789798617,19.999999999999993,0.0,0.0,0.0
1.2024633310325328,-17.815540164861144,19.99999999999999,0.0,0.0,0.0
1.1944668236743228,-17.809051840528298,19.999999999999993,0.0,0.0,0.0
1.186471134987018,-17.80256292476763,19.99999999999999,0.0,0.0,0.0
1.1784762650957565,-17.796073417359143,19.999999999999993,0.0,0.0,0.0
1.1704822141256948,-17.789583318082823,19.999999999999993,0.0,0.0,0.0
1.1624889822020015,-17.78309262671868,19.999999999999993,0.0,0.0,0.0
1.1544965694498617,-17.776601343046732,19.99999999999999,0.0,0.0,0.0
1.1465049759944717,-17.770109466846986,19.999999999999993,0.0,0.0,0.0
1.138514201961043,-17.763616997899454,19.999999999999993,0.0,0.0,0.0
1.1305242474748027,-17.757123935984165,19.999999999999993,0.0,0.0,0.0
1.1225351126609902,-17.750630280881143,19.999999999999993,0.0,0.0,0.0
1.1145467976448604,-17.744136032370413,19.999999999999993,0.0,0.0,0.0
1.1065593025516793,-17.737641190232015,19.999999999999993,0.0,0.0,0.0
1.0985726275067293,-17.731145754245983,19.999999999999993,0.0,0.0,0.0
1.090586772635307,-17.72464972419235,19.999999999999993,0.0,0.0,0.0
1.0826017380627224,-17.718153099851172,19.999999999999993,0.0,0.0,0.0
1.0746175239143,-17.711655881002493,19.999999999999993,0.0,0.0,0.0
1.0666341303153766,-17.705158067426368,19.999999999999993,0.0,0.0,0.0
1.0586515573913045,-17.69865965890284,19.999999999999993,0.0,0.0,0.0
1.0506698052674481,-17.692160655211982,19.999999999999993,0.0,0.0,0.0
1.0426888740691893,-17.685661056133853,19.999999999999993,0.0,0.0,0.0
1.0347087639219212,-17.679160861448523,19.999999999999993,0.0,0.0,0.0
1.0267294749510485,-17.67266007093605,19.999999999999993,0.0,0.0,0.0
1.0187510072819936,-17.666158684376516,19.99999999999999,0.0,0.0,0.0
1.0107733610401908,-17.65965670154999,19.999999999999993,0.0,0.0,0.0
1.0027965363510891,-17.65315412223656,19.999999999999993,0.0,0.0,0.0
0.9948205333401505,-17.646650946216308,19.999999999999993,0.0,0.0,0.0
0.9868453521328515,-17.64014717326932,19.99999999999999,0.0,0.0,0.0
0.9788709928546805,-17.633642803175675,19.999999999999993,0.0,0.0,0.0
0.9708974556311416,-17.627137835715473,19.999999999999993,0.0,0.0,0.0
0.962924740587752,-17.620632270668814,19.999999999999993,0.0,0.0,0.0
0.9549528478500423,-17.614126107815782,19.999999999999996,0.0,0.0,0.0
0.9469817775435556,-17.6076193469365,19.999999999999993,0.0,0.0,0.0
0.9390115297938505,-17.601111987811052,19.99999999999999,0.0,0.0,0.0
0.931042104726497,-17.594604030219557,19.999999999999996,0.0,0.0,0.0
0.9230735024670816,-17.58809547394212,19.999999999999993,0.0,0.0,0.0
0.9151057231412021,-17.581586318758855,19.999999999999993,0.0,0.0,0.0
0.9071387668744704,-17.575076564449876,19.999999999999996,0.0,0.0,0.0
0.8991726337925114,-17.568566210795304,19.999999999999996,0.0,0.0,0.0
0.8912073240209643,-17.56205525757526,20.0,0.0,0.0,0.0
0.8832428376854833,-17.555543704569864,19.999999999999996,0.0,0.0,0.0
0.8752791749117299,-17.54903155155925,19.999999999999993,0.0,0.0,0.0
0.8673163358253861,-17.54251879832354,19.999999999999996,0.0,0.0,0.0
0.8593543205521433,-17.536005444642864,19.999999999999993,0.0,0.0,0.0
0.8513931292177079,-17.529491490297357,19.999999999999996,0.0,0.0,0.0
0.8434327619477991,-17.52297693506716,19.999999999999993,0.0,0.0,0.0
0.8354732188681486,-17.5164617787324,19.999999999999993,0.0,0.0,0.0
0.8275145001045029,-17.509946021073226,19.999999999999996,0.0,0.0,0.0
0.8195566057826209,-17.50342966186978,20.0,0.0,0.0,0.0
0.8115995360282744,-17.496912700902204,19.999999999999996,0.0,0.0,0.0
0.8036432909672512,-17.490395137950657,19.999999999999996,0.0,0.0,0.0
0.795687870725347,-17.483876972795276,20.0,0.0,0.0,0.0
0.7877332754283747,-17.477358205216216,19.999999999999993,0.0,0.0,0.0
0.779779505202159,-17.47083883499362,19.999999999999996,0.0,0.0,0.0
0.7718265601725393,-17.46431886190766,19.999999999999996,0.0,0.0,0.0
0.763874440465367,-17.457798285738487,19.999999999999993,0.0,0.0,0.0
0.7559231462065054,-17.451277106266257,19.999999999999996,0.0,0.0,0.0
0.7479726775218332,-17.444755323271135,20.0,0.0,0.0,0.0
0.7400230345372404,-17.438232936533286,19.999999999999993,0.0,0.0,0.0
0.7320742173786312,-17.431709945832864,19.999999999999996,0.0,0.0,0.0
0.7241262261719245,-17.42518635095005,20.0,0.0,0.0,0.0
0.7161790610430457,-17.418662151664996,20.0,0.0,0.0,0.0
0.7082327221179401,-17.412137347757888,19.999999999999996,0.0,0.0,0.0
0.7002872095225627,-17.40561193900888,20.0,0.0,0.0,0.0
0.6923425233828833,-17.39908592519816,19.999999999999996,0.0,0.0,0.0
0.6843986638248825,-17.39255930610589,19.999999999999996,0.0,0.0,0.0
0.6764556309745552,-17.38603208151226,19.999999999999996,0.0,0.0,0.0
0.6685134249579101,-17.379504251197435,19.999999999999996,0.0,0.0,0.0
0.6605720459009654,-17.37297581494159,20.0,0.0,0.0,0.0
0.6526314939297575,-17.366446772524917,19.999999999999996,0.0,0.0,0.0
0.6446917691703291,-17.359917123727588,20.0,0.0,0.0,0.0
0.63675287174874,-17.353386868329785,20.000000000000004,0.0,0.0,0.0
0.6288148017910625,-17.346856006111707,20.0,0.0,0.0,0.0
0.620877559423381,-17.340324536853515,20.0,0.0,0.0,0.0
0.6129411447717918,-17.3337924603354,20.000000000000004,0.0,0.0,0.0
0.6050055579624066,-17.327259776337563,20.0,0.0,0.0,0.0
0.5970707991213471,-17.320726484640176,19.999999999999996,0.0,0.0,0.0
0.5891368683747483,-17.31419258502344,19.999999999999996,0.0,0.0,0.0
0.5812037658487593,-17.30765807726753,20.0,0.0,0.0,0.0
0.5732714916695412,-17.301122961152643,20.000000000000004,0.0,0.0,0.0
0.5653400459632654,-17.294587236458973,20.0,0.0,0.0,0.0
0.5574094288561192,-17.28805090296671,20.000000000000004,0.0,0.0,0.0
0.5494796404743014,-17.28151396045604,20.0,0.0,0.0,0.0
0.5415506809440228,-17.274976408707165,20.0,0.0,0.0,0.0
0.5336225503915074,-17.26843824750027,20.000000000000004,0.0,0.0,0.0
0.5256952489429916,-17.261899476615557,19.999999999999996,0.0,0.0,0.0
0.5177687767247244,-17.25536009583322,20.0,0.0,0.0,0.0
0.509843133862967,-17.248820104933447,20.0,0.0,0.0,0.0
0.5019183204839932,-17.242279503696434,20.0,0.0,0.0,0.0
0.49399433671409215,-17.23573829190239,20.0,0.0,0.0,0.0
0.4860711826795581,-17.229196469331498,20.0,0.0,0.0,0.0
0.4781488585067044,-17.22265403576396,20.0,0.0,0.0,0.0
0.4702273643218553,-17.21611099097997,20.0,0.0,0.0,0.0
0.46230670025134646,-17.209567334759726,20.000000000000004,0.0,0.0,0.0
0.454386866421526,-17.203023066883432,19.999999999999996,0.0,0.0,0.0
0.4464678629587559,-17.196478187131273,20.0,0.0,0.0,0.0
0.4385496899894089,-17.189932695283456,19.999999999999996,0.0,0.0,0.0
0.43063234763987,-17.183386591120176,20.0,0.0,0.0,0.0
0.4227158360365392,-17.176839874421628,20.0,0.0,0.0,0.0
0.4148001553058235,-17.17029254496801,20.0,0.0,0.0,0.0
0.4068853055741471,-17.163744602539523,20.0,0.0,0.0,0.0
