galstreams/tracks/track.st.NGC6397.ibata2021.ecsv
# %ECSV 1.0
# ---
# datatype:
# - {name: ra, unit: deg, datatype: float64}
# - {name: dec, unit: deg, datatype: float64}
# - {name: distance, unit: kpc, datatype: float64}
# - {name: pm_ra_cosdec, unit: mas / yr, datatype: float64}
# - {name: pm_dec, unit: mas / yr, datatype: float64}
# - {name: radial_velocity, unit: km / s, datatype: float64}
# delimiter: ','
# meta: !!omap
# - __serialized_columns__:
#     dec:
#       __class__: astropy.coordinates.angles.Latitude
#       unit: &id001 !astropy.units.Unit {unit: deg}
#       value: !astropy.table.SerializedColumn {name: dec}
#     distance:
#       __class__: astropy.coordinates.distances.Distance
#       unit: !astropy.units.Unit {unit: kpc}
#       value: !astropy.table.SerializedColumn {name: distance}
#     pm_dec:
#       __class__: astropy.units.quantity.Quantity
#       unit: !astropy.units.Unit {unit: mas / yr}
#       value: !astropy.table.SerializedColumn {name: pm_dec}
#     pm_ra_cosdec:
#       __class__: astropy.units.quantity.Quantity
#       unit: !astropy.units.Unit {unit: mas / yr}
#       value: !astropy.table.SerializedColumn {name: pm_ra_cosdec}
#     ra:
#       __class__: astropy.coordinates.angles.Longitude
#       unit: *id001
#       value: !astropy.table.SerializedColumn {name: ra}
#       wrap_angle: !astropy.coordinates.Angle
#         unit: *id001
#         value: 360.0
#     radial_velocity:
#       __class__: astropy.units.quantity.Quantity
#       unit: !astropy.units.Unit {unit: km / s}
#       value: !astropy.table.SerializedColumn {name: radial_velocity}
# schema: astropy-2.0
ra,dec,distance,pm_ra_cosdec,pm_dec,radial_velocity
[from data line 569]
267.9316414189789,-53.66121743383855,2.4867534019953137,3.662118540631568,-17.171156441230316,-0.1109859524136973
267.94852004367755,-53.66149733690694,2.486882123441673,3.6646076161497496,-17.168517884242917,-0.1389842514833372
267.96539716830017,-53.661781022959914,2.487010722132704,3.667095137455359,-17.165878633849395,-0.166759199871721
267.9822728017418,-53.66206848028705,2.4871391982062137,3.6695811091682753,-17.16323869342189,-0.19431100930499226
267.99914695287737,-53.66235969717434,2.487267551800005,3.672065535905583,-17.160598066329758,-0.2216398915097157
268.0160196305624,-53.662654661904256,2.487395783051881,3.674548422281684,-17.15795675593954,-0.24874605821203497
268.03289084363354,-53.66295336275574,2.4875238920996474,3.6770297729083863,-17.155314765614943,-0.27562972113829576
268.04976060090695,-53.66325578800415,2.4876518790811075,3.679509592394695,-17.152672098716895,-0.3022910920148439
268.0666289111803,-53.663561925921414,2.4877797441340683,3.681987885347083,-17.150028758603472,-0.328730382567924
268.0834957832311,-53.66387176477584,2.4879074873963303,3.684464656369199,-17.14738474863003,-0.3549478045239155
268.1003612258175,-53.66418529283227,2.488035109005699,3.686939910062078,-17.144740072149073,-0.38094356960911363
268.11722524767856,-53.66450249835209,2.4881626090999815,3.6894136510241458,-17.142094732510294,-0.40671788954971255
268.1340878575335,-53.66482336959311,2.4882899878169784,3.6918858838510724,-17.139448733060657,-0.43227097607215903
268.15094906408217,-53.66514789480968,2.488417245294495,3.694356613135892,-17.136802077144303,-0.45760304090276516
268.16780887600515,-53.66547606225271,2.4885443816703368,3.6968258434690164,-17.13415476810257,-0.48271429576770825
268.18466730196343,-53.66580786016959,2.488671397082306,3.699293579438149,-17.131506809274065,-0.5076049523933845
268.2015243505985,-53.66614327680425,2.4887982916682088,3.7017598256283297,-17.128858203994575,-0.5322752225061398
268.2183800305328,-53.666482300397206,2.488925065565849,3.704224586622023,-17.126208955597132,-0.5567253178322188
268.2352343503687,-53.666824919185466,2.48905171891303,3.7066878669989336,-17.123559067412,-0.5809554500979166
268.2520873186899,-53.66717112140263,2.4891782518475565,3.7091496713362346,-17.120908542766657,-0.6049658310295958
268.26893894406027,-53.66752089527886,2.489304664507233,3.711610004208368,-17.11825738498583,-0.6287566723535348
268.28578923502414,-53.66787422904086,2.489430957029864,3.714068870187142,-17.115605597391504,-0.6523281857960458
268.30263820010686,-53.668231110911975,2.489557129553253,3.7165262738417795,-17.11295318330287,-0.6756805830834743
268.31948584781406,-53.66859152911209,2.489683182215206,3.7189822197388036,-17.110300146036373,-0.6988140759420652
268.33633218663215,-53.66895547185767,2.489809115153524,3.7214367124421317,-17.107646488905722,-0.7217288760981978
268.35317722502816,-53.66932292736184,2.489934928506014,3.723889756513073,-17.10499221522187,-0.7444251952781337
268.3700209714497,-53.66969388383428,2.4900606224104798,3.7263413565102708,-17.10233732829301,-0.766903245208168
268.386863434325,-53.67006832948131,2.4901861970047254,3.72879151698974,-17.099681831424608,-0.7891632376145961
268.40370462206295,-53.67044625250587,2.4903116524265556,3.7312402425049127,-17.09702572791938,-0.8112053842238308
268.42054454305304,-53.67082764110753,2.4904369888137743,3.733687537606551,-17.094369021077323,-0.8330298967620666
268.4373832056656,-53.67121248348252,2.490562206304184,3.7361334068428516,-17.09171171419569,-0.8546369869556828
268.45422061825144,-53.67160076782368,2.4906873050355918,3.738577854759359,-17.08905381056898,-0.8760268665309409
268.47105678914187,-53.67199248232052,2.4908122851458008,3.741020885898979,-17.086395313489014,-0.8971997472141697
268.4878917266493,-53.67238761515923,2.4909371467726156,3.743462504802086,-17.083736226244845,-0.9181558407316984
268.50472543906636,-53.672786154522626,2.4910618900538393,3.745902716006369,-17.081076552122827,-0.9388953588098388
268.52155793466665,-53.67318808859022,2.491186515127277,3.748341524046941,-17.07841629440659,-0.9594185131747682
268.53838922170445,-53.67359340553824,2.4913110221307337,3.7507789334563486,-17.075755456377046,-0.9797255155529673
268.5552193084144,-53.67400209353954,2.491435411202013,3.753214948764449,-17.07309404131241,-0.9998165776706974
268.5720482030123,-53.67441414076372,2.491559682478919,3.7556495744986136,-17.070432052488144,-1.0196919112542202
268.58887591369427,-53.67482953537708,2.491683836099255,3.7580828151835304,-17.067769493177064,-1.0393517280298814
268.6057024486372,-53.67524826554258,2.491807872200827,3.760514675341315,-17.06510636664925,-1.0587962397240265
268.6225278159989,-53.67567031941998,2.4919317909214387,3.7629451594915246,-17.06244267617207,-1.0780256580628669
268.6393520239177,-53.67609568516571,2.4920555923988945,3.765374272151111,-17.05977842501021,-1.097040194772782
268.6561750805125,-53.67652435093294,2.4921792767709987,3.7678020178344056,-17.057113616425674,-1.1158400615800328
268.6729969938833,-53.67695630487161,2.492302844175555,3.770228401053224,-17.054448253677748,-1.1344254702109993
268.6898177721105,-53.67739153512838,2.4924262947503677,3.772653426316736,-17.05178234002306,-1.1527966323918921
268.70663742325524,-53.67783002984665,2.492549628633242,3.775077098131559,-17.04911587871552,-1.1709537598491584
268.7234559553597,-53.678271777166664,2.4926728459619807,3.77749942100179,-17.04644887300636,-1.1888970643089247
268.7402733764464,-53.67871676522532,2.49279594687439,3.779920399428833,-17.043781326144163,-1.206626757497638
268.7570896945188,-53.67916498215638,2.492918931508273,3.7823400379116388,-17.041113241374802,-1.2241430511415765
268.7739049175612,-53.67961641609035,2.4930418000014334,3.7847583409465324,-17.038444621941483,-1.241446156967069
268.7907190535383,-53.68007105515456,2.4931645524916766,3.787175313027249,-17.03577547108476,-1.258536286700327
268.8075321103959,-53.68052888747309,2.4932871891168062,3.789590958645036,-17.033105792042488,-1.2754136520677966
268.82434409606043,-53.68098990116688,2.4934097100146273,3.7920052822885175,-17.030435588049873,-1.2920784647956556
268.84115501843894,-53.68145408435362,2.493532115322943,3.794418288443765,-17.02776486233946,-1.3085309366103168
268.8579648854195,-53.681921425147905,2.4936544051795573,3.7968299815943345,-17.025093618141135,-1.3247712792380422
268.87477370487073,-53.682391911661085,2.4937765797222773,3.7992403662211762,-17.022421858682108,-1.3407997044051096
268.8915814846421,-53.68286553200137,2.493898639088904,3.801649446802709,-17.019749587186972,-1.3566164238378988
268.9083882325638,-53.68334227427381,2.494020583417243,3.8040572278148335,-17.017076806877625,-1.3722216492626882
268.92519395644695,-53.68382212658032,2.494142412845099,3.806463713730845,-17.014403520973346,-1.3876155924057054
268.94199866408326,-53.68430507701966,2.494264127510276,3.8088689090215397,-17.011729732690753,-1.4027984649933636
268.95880236324535,-53.68479111368742,2.494385727550578,3.8112728181551705,-17.00905544524382,-1.417770478751975
268.9756050616865,-53.68528022467611,2.4945072131038084,3.8136754455973993,-17.006380661843913,-1.432531845407784
268.9924067671409,-53.68577239807511,2.4946285843077725,3.8160767958114152,-17.00370538569971,-1.4470827766871872
269.0092074873235,-53.68626762197067,2.494749841300276,3.8184768732578434,-17.00102962001728,-1.461423484316328
269.02600722993,-53.68676588444592,2.4948709842191206,3.820875682394744,-16.998353368000068,-1.4755541800217038
269.0428060026369,-53.68726717358092,2.4949920132021117,3.8232732276777104,-16.99567663284887,-1.4894750755295425
269.05960381310155,-53.687771477452635,2.495112928387054,3.8256695135597703,-16.992999417761876,-1.5031863825660887
269.07640066896204,-53.68827878413489,2.495233729911751,3.8280645444913888,-16.99032172593463,-1.5166883128577893
269.0931965778374,-53.68878908169854,2.4953544179140073,3.8304583249206026,-16.987643560560063,-1.529981078130771
269.10999154732724,-53.68930235821121,2.4954749925316264,3.8328508592928237,-16.984964924828517,-1.5430648901115647
269.1267855850123,-53.68981860173762,2.495595453902414,3.835242152051036,-16.982285821927658,-1.5559399605262805
269.1435786984539,-53.69033780033933,2.4957158021641734,3.837632207635627,-16.979606255042587,-1.5686065011013484
269.1603708951941,-53.69085994207489,2.4958360374547093,3.8400210304844964,-16.97692622735578,-1.581064723562996
269.177162182756,-53.69138501499979,2.495956159911826,3.8424086250330474,-16.974245742047092,-1.5933148396376537
269.1939525686435,-53.691913007166505,2.496076169673328,3.8447949957141785,-16.971564802293805,-1.6053570610514982
269.21074206034103,-53.69244390662444,2.4961960668770176,3.8471801469582068,-16.968883411270564,-1.617191599530859
269.2275306653144,-53.69297770142002,2.496315851660703,3.849564083193055,-16.966201572149426,-1.6288186668020983
269.2443183910098,-53.69351437959664,2.496435524162185,3.8519468088440583,-16.963519288099864,-1.6402384745915284
269.26110524485426,-53.694053929194666,2.496555084519268,3.854328328334045,-16.960836562288762,-1.6514512346254107
269.27789123425595,-53.6945963382515,2.4966745328697586,3.8567086460834137,-16.958153397880352,-1.6624571586300572
269.29467636660354,-53.69514159480151,2.4967938693514586,3.859087766509972,-16.95546979803636,-1.6732564583318306
269.3114606492669,-53.69568968687613,2.4969130941021747,3.861465694029152,-16.952785765915866,-1.683849345456925
269.3282440895964,-53.69624060250375,2.4970322072597084,3.863842433053768,-16.950101304675393,-1.694236031731804
269.3450266949233,-53.696794329709824,2.4971512089618666,3.8662179879941796,-16.947416417468872,-1.7044167288826448
269.3618084725601,-53.69735085651685,2.497270099346452,3.868592363258315,-16.94473110744766,-1.7143916486358441
269.3785894297996,-53.697910170944326,2.497388878551269,3.870965563251559,-16.94204537776053,-1.7241610027177137
269.39536957391573,-53.69847226100884,2.4975075467141234,3.873337592376777,-16.939359231553688,-1.7337250028544644
269.41214891216345,-53.699037114724035,2.497626103972817,3.875708455034458,-16.936672671970783,-1.743083860772459
269.4289274517781,-53.69960472010055,2.4977445504651556,3.878078155622511,-16.93398570215286,-1.7522377881980433
269.4457051999763,-53.7001750651462,2.497862886328943,3.8804466985363857,-16.931298325238433,-1.7611869968574618
269.46248216395537,-53.70074813786578,2.4979811117019843,3.882814088169098,-16.92861054436342,-1.7699316984771278
269.4792583508935,-53.70132392626122,2.4980992267220827,3.885180328911137,-16.92592236266121,-1.7784721047832017
269.49603376794965,-53.701902418331535,2.498217231527043,3.8875454251505555,-16.923233783262617,-1.786808427502063
269.5128084222639,-53.70248360207282,2.4983351262546685,3.8899093812729206,-16.92054480929589,-1.794940878360074
269.5295823209569,-53.70306746547829,2.498452911042766,3.8922722016612896,-16.917855443886744,-1.8028696690834292
269.5463554711303,-53.703653996538264,2.4985705860291376,3.894633890696332,-16.91516569015832,-1.8105950113985585
269.5631278798667,-53.70424318324019,2.4986881513515877,3.8969944527561897,-16.912475551231246,-1.8181171170316894
269.57989955422937,-53.7048350135686,2.4988056071479208,3.899353892216541,-16.909785030223574,-1.8254361977091513
269.5966705012627,-53.705429475505234,2.498922953555941,3.901712213450652,-16.907094130250822,-1.8325524651573064
269.61344072799164,-53.706026557028885,2.4990401907134534,3.9040694208292663,-16.90440285442595,-1.839466131102349
269.6302102414224,-53.70662624611558,2.499157318758263,3.906425518720731,-16.901711205859396,-1.8461774072706754
269.64697904854177,-53.70722853073842,2.4992743378281714,3.908780511490895,-16.89901918765909,-1.8526865053885808
269.6637471563174,-53.70783339886772,2.4993912480609852,3.911134403503127,-16.896326802930364,-1.8589936371823603
269.68051457169815,-53.70844083847092,2.499508049594507,3.9134871991184514,-16.89363405477608,-1.8650990143783261
269.6972813016134,-53.7090508375127,2.4996247425665423,3.915838902695314,-16.89094094629653,-1.8710028487027566
269.71404735297335,-53.70966338395483,2.4997413271148945,3.918189518589759,-16.88824748058951,-1.8767053518819974
269.7308127326696,-53.71027846575635,2.4998578033773686,3.920539051155456,-16.885553660750254,-1.8822067356423606
269.7475774475742,-53.71089607087346,2.4999741714917687,3.922887504743511,-16.882859489871517,-1.8875072117101248
269.76434150454,-53.71151618725954,2.5000904315958987,3.9252348837026485,-16.880164971043506,-1.8926069918116353
269.78110491040127,-53.71213880286522,2.5002065838275627,3.92758119237918,-16.87747010735392,-1.8975062876731539
269.7978676719724,-53.71276390563832,2.5003226283245663,3.9299264351168905,-16.87477490188795,-1.902205311021077
269.8146297960495,-53.71339148352389,2.500438565224713,3.932270616257244,-16.87207935772826,-1.9067042735816657
269.8313912894089,-53.71402152446423,2.500554394665806,3.934613740139167,-16.86938347795502,-1.9110033870811651
269.84815215880803,-53.71465401639884,2.5006701167856513,3.9369558110991854,-16.866687265645886,-1.9151028632459208
269.86491241098537,-53.71528894726449,2.5007857317220523,3.9392968334714187,-16.863990723876007,-1.9190029138022955
269.8816720526602,-53.71592630499519,2.5009012396128125,3.9416368115875478,-16.86129385571803,-1.9227037504764999
269.89843109053237,-53.71656607752221,2.501016640595739,3.9439757497767585,-16.858596664242114,-1.9262055849949642
269.9151895312832,-53.71720825277408,2.5011319348086327,3.94631365236593,-16.85589915251591,-1.9295086290839667
269.9319473815745,-53.71785281867662,2.501247122389299,3.948650523679424,-16.853201323604566,-1.9326130944696847
269.948704648049,-53.71849976315289,2.5013622034755434,3.950986368039193,-16.850503180570747,-1.935519192878548
269.96546133733045,-53.71914907412328,2.501477178205168,3.953321189764807,-16.84780472647463,-1.9382271360369028
269.9822174560233,-53.71980073950544,2.5015920467159796,3.9556549931733525,-16.845105964373904,-1.9407371356709766
269.99897301071326,-53.72045474721435,2.50170680914578,3.957987782579601,-16.842406897323762,-1.9430494035070982
270.0157280079666,-53.72111108516226,2.5018214656323754,3.960319562295806,-16.839707528376902,-1.9451641512715294
270.0324824543303,-53.721769741258754,2.5019360163135698,3.96265033663182,-16.837007860583583,-1.9470815906906327
270.0492363563329,-53.72243070341072,2.5020504613271664,3.964980109895171,-16.834307896991554,-1.94880193349072
270.0659897204833,-53.7230939595224,2.502164800810969,3.9673088863908768,-16.83160764064609,-1.9503253913981204
270.08274255327126,-53.72375949749535,2.502279034902785,3.969636670421565,-16.828907094589983,-1.9516521761391123
270.09949486116784,-53.724427305228474,2.502393163740415,3.971963466287515,-16.826206261863582,-1.9527824994399403
270.1162466506246,-53.725097370618016,2.5025071874616662,3.9742892782865433,-16.823505145504733,-1.9537165730270343
270.1329979280741,-53.72576968155756,2.502621106204341,3.9766141107140416,-16.820803748548848,-1.9544546086265884
270.14974869992994,-53.726444225938096,2.502734920106244,3.9789379678630965,-16.818102074028836,-1.9549968179650494
270.16649897258645,-53.72712099164793,2.502848629305179,3.981260854024295,-16.81540012497518,-1.955343412768578
270.18324875241893,-53.72779996657279,2.502962233938952,3.9835827734858875,-16.81269790441587,-1.9554946047636041
270.19999804578356,-53.72848113859576,2.503075734145366,3.985903730533692,-16.809995415376452,-1.955450605676322
270.21674685901735,-53.7291644955973,2.5031891300622253,3.988223729451126,-16.807292660880037,-1.955211627233161
270.23349519843833,-53.72985002545531,2.5033024218273345,3.9905427745192688,-16.804589643947224,-1.9547778811603158
270.2502430703452,-53.73053771604504,2.503415609578498,3.9928608700167394,-16.80188636759623,-1.9541495791841152
