galstreams/tracks/track.st.Monoceros.ramos2021.ecsv
# %ECSV 0.9
# ---
# datatype:
# - {name: ra, unit: deg, datatype: float64}
# - {name: dec, unit: deg, datatype: float64}
# - {name: distance, unit: kpc, datatype: float64}
# - {name: pm_ra_cosdec, unit: mas / yr, datatype: float64}
# - {name: pm_dec, unit: mas / yr, datatype: float64}
# - {name: radial_velocity, unit: km / s, datatype: float64}
# delimiter: ','
# meta: !!omap
# - __serialized_columns__:
#     dec:
#       __class__: astropy.coordinates.angles.Latitude
#       unit: &id001 !astropy.units.Unit {unit: deg}
#       value: !astropy.table.SerializedColumn {name: dec}
#     distance:
#       __class__: astropy.coordinates.distances.Distance
#       unit: !astropy.units.Unit {unit: kpc}
#       value: !astropy.table.SerializedColumn {name: distance}
#     pm_dec:
#       __class__: astropy.units.quantity.Quantity
#       unit: !astropy.units.Unit {unit: mas / yr}
#       value: !astropy.table.SerializedColumn {name: pm_dec}
#     pm_ra_cosdec:
#       __class__: astropy.units.quantity.Quantity
#       unit: !astropy.units.Unit {unit: mas / yr}
#       value: !astropy.table.SerializedColumn {name: pm_ra_cosdec}
#     ra:
#       __class__: astropy.coordinates.angles.Longitude
#       unit: *id001
#       value: !astropy.table.SerializedColumn {name: ra}
#       wrap_angle: !astropy.coordinates.Angle
#         unit: *id001
#         value: 360.0
#     radial_velocity:
#       __class__: astropy.units.quantity.Quantity
#       unit: !astropy.units.Unit {unit: km / s}
#       value: !astropy.table.SerializedColumn {name: radial_velocity}
# schema: astropy-2.0
ra,dec,distance,pm_ra_cosdec,pm_dec,radial_velocity
[from data line 1361]
98.14321685493876,60.451261963213916,10.599999999999996,0.31237225198763774,-0.4868378325944047,-1.6841534259744676e-14
98.15167410275454,60.442081366819224,10.599999999999993,0.31245313958420795,-0.48733336176351283,-1.2631150694808506e-14
98.16013229947384,60.43290197878572,10.599999999999996,0.3125336472395278,-0.48782890920267236,-1.6841534259744676e-14
98.168591423793,60.423723791835684,10.599999999999994,0.3126137690789104,-0.48832447353561104,-1.2631150694808506e-14
98.17705145436081,60.414546798677236,10.599999999999994,0.31269349923527334,-0.48882005335821843,-1.2631150694808506e-14
98.18551236978021,60.405370992004286,10.599999999999994,0.3127728318493442,-0.4893156472386643,-1.473634247727659e-14
98.19397414860923,60.39619636449722,10.599999999999996,0.3128517610698726,-0.48981125371751033,-8.420767129872338e-15
98.20243676936231,60.38702290882321,10.599999999999994,0.3129302810538388,-0.4903068713078301,-1.6841534259744676e-14
98.21090021051164,60.37785061763651,10.599999999999994,0.3130083859666595,-0.49080249849532415,-1.2631150694808506e-14
98.2193644504881,60.368679483579186,10.599999999999996,0.31308606998239935,-0.4912981337384404,-1.473634247727659e-14
98.22782946768292,60.35950949928103,10.599999999999994,0.3131633272839746,-0.4917937754684953,-1.473634247727659e-14
98.23629524044863,60.350340657360306,10.599999999999994,0.3132401520633606,-0.49228942208979376,-1.473634247727659e-14
98.24476174710038,60.34117295042391,10.599999999999993,0.3133165385217982,-0.4927850719797525,-1.6841534259744676e-14
98.25322896591703,60.33200637106803,10.599999999999994,0.31339248087000116,-0.4932807234890255,-8.420767129872338e-15
98.26169687514259,60.32284091187827,10.599999999999994,0.3134679733283571,-0.4937763749416271,-1.6841534259744676e-14
98.27016545298733,60.31367656543008,10.599999999999996,0.31354301012713504,-0.49427202463505937,-1.6841534259744676e-14
98.27863467762901,60.30451332428919,10.599999999999993,0.31361758550668795,-0.49476767084044104,-1.0525958912340423e-14
98.28710452721388,60.29535118101215,10.599999999999994,0.31369169371765776,-0.4952633118026326,-1.0525958912340423e-14
98.29557497985829,60.286190128146394,10.599999999999993,0.31376532902117626,-0.49575894574037066,-1.2631150694808506e-14
98.30404601364955,60.27703015823078,10.599999999999994,0.3138384856890668,-0.49625457084639546,-1.2631150694808506e-14
98.31251760664726,60.26787126379599,10.599999999999996,0.31391115800404906,-0.4967501852875851,-1.2631150694808506e-14
98.32098973688456,60.25871343736481,10.599999999999993,0.31398334025993685,-0.4972457872050893,-1.0525958912340423e-14
98.32946238236903,60.24955667145276,10.599999999999993,0.31405502676184033,-0.49774137471446034,-1.0525958912340423e-14
98.33793552108429,60.24040095856806,10.599999999999993,0.3141262118263649,-0.49823694590579315,-1.0525958912340423e-14
98.34640913099084,60.23124629121232,10.599999999999994,0.31419688978181104,-0.49873249884385934,-1.6841534259744676e-14
98.35488319002751,60.222092661880716,10.599999999999993,0.31426705496837204,-0.499228031568246,-1.473634247727659e-14
98.36335767611219,60.21294006306262,10.599999999999994,0.31433670173833383,-0.49972354209349285,-1.2631150694808506e-14
98.37183256714357,60.20378848724165,10.599999999999993,0.31440582445627036,-0.5002190284092352,-1.473634247727659e-14
98.38030784100185,60.19463792689621,10.599999999999993,0.3144744174992403,-0.500714488480342,-8.420767129872338e-15
98.38878347555017,60.185488374499826,10.599999999999993,0.3145424752569843,-0.5012099202470596,-1.6841534259744676e-14
98.39725944863547,60.17633982252158,10.599999999999994,0.3146099921321207,-0.5017053216251538,-1.2631150694808506e-14
98.40573573808994,60.167192263426315,10.599999999999996,0.3146769625403389,-0.5022006905060553,-1.2631150694808506e-14
98.41421232173202,60.15804568967509,10.599999999999994,0.3147433809105935,-0.5026960247570041,-1.0525958912340423e-14
98.42268917736753,60.148900093725594,10.599999999999994,0.31480924168529856,-0.5031913222211946,-1.6841534259744676e-14
98.4311662827909,60.139755468032284,10.599999999999993,0.31487453932051945,-0.5036865807179248,-1.2631150694808506e-14
98.439643615786,60.13061180504714,10.599999999999993,0.31493926828616714,-0.5041817980427432,-1.473634247727659e-14
98.44812115412769,60.12146909721955,10.599999999999993,0.3150034230661859,-0.5046769719675978,-1.2631150694808506e-14
98.45659887558269,60.11232733699701,10.599999999999993,0.31506699815874684,-0.505172100240988,-1.2631150694808506e-14
98.46507675791077,60.10318651682524,10.599999999999993,0.3151299880764361,-0.5056671805881133,-1.473634247727659e-14
98.47355477886563,60.09404662914883,10.599999999999994,0.31519238734644667,-0.5061622107110271,-1.6841534259744676e-14
98.4820329161964,60.084907666411205,10.599999999999994,0.3152541905107633,-0.5066571882887886,-1.2631150694808506e-14
98.49051114764852,60.07576962105529,10.599999999999993,0.315315392126353,-0.5071521109776183,-1.2631150694808506e-14
98.49898945096483,60.06663248552361,10.599999999999994,0.3153759867653506,-0.5076469764110508,-1.0525958912340423e-14
98.50746780388657,60.05749625225898,10.599999999999996,0.31543596901524734,-0.5081417822000922,-1.2631150694808506e-14
98.51594618415474,60.04836091370443,10.599999999999994,0.3154953334790734,-0.5086365259333766,-1.2631150694808506e-14
98.52442456951098,60.03922646230377,10.599999999999994,0.3155540747755848,-0.5091312051773234,-1.473634247727659e-14
98.53290293769867,60.03009289050197,10.599999999999993,0.31561218753944686,-0.509625817476296,-1.0525958912340423e-14
98.54138126646407,60.02096019074528,10.599999999999993,0.31566966642141725,-0.5101203603527602,-6.315575347404253e-15
98.54985953355717,60.01182835548197,10.599999999999994,0.3157265060885305,-0.5106148313074462,-1.473634247727659e-14
98.55833771673313,60.00269737716214,10.599999999999994,0.31578270122427665,-0.5111092278195088,-1.894672604221276e-14
98.56681579375305,59.99356724823847,10.599999999999993,0.31583824652878506,-0.51160354734669,-1.473634247727659e-14
98.57529374238511,59.98443796116628,10.599999999999994,0.31589313671900215,-0.51209778732548,-1.6841534259744676e-14
98.5837715404055,59.97530950840416,10.599999999999994,0.31594736652887406,-0.5125919451712828,-1.2631150694808506e-14
98.59224916559968,59.966181882413956,10.599999999999993,0.31600093070952273,-0.5130860182785806,-1.0525958912340423e-14
98.60072659576328,59.95705507566131,10.599999999999994,0.31605382402942406,-0.5135800040210974,-1.0525958912340423e-14
98.60920380870324,59.94792908061588,10.59999999999999,0.31610604127458564,-0.5140738997519678,-1.2631150694808506e-14
98.61768078223854,59.93880388975187,10.599999999999993,0.3161575772487242,-0.5145677028039001,-1.473634247727659e-14
98.62615749420162,59.929679495548,10.599999999999994,0.31620842677343824,-0.5150614104893478,-1.473634247727659e-14
98.63463392243919,59.92055589048816,10.599999999999994,0.31625858468838486,-0.5155550201006762,-1.6841534259744676e-14
98.64311004481323,59.91143306706148,10.599999999999994,0.31630804585145267,-0.5160485289103315,-1.6841534259744676e-14
98.6515858392021,59.90231101776279,10.599999999999993,0.31635680513893466,-0.5165419341710112,-1.894672604221276e-14
98.66006128350134,59.893189735092996,10.59999999999999,0.3164048574457019,-0.5170352331158343,-1.2631150694808506e-14
98.6685363556249,59.884069211559186,10.599999999999993,0.31645219768537247,-0.5175284229585133,-1.0525958912340423e-14
98.67701103350608,59.874949439675085,10.599999999999996,0.3164988207904832,-0.5180215008935258,-1.6841534259744676e-14
98.68548529509847,59.86583041196125,10.599999999999993,0.3165447217126588,-0.5185144640962889,-8.420767129872338e-15
98.69395911837678,59.85671212094567,10.599999999999993,0.31658989542278243,-0.5190073097233299,-1.473634247727659e-14
98.70243248133815,59.84759455916367,10.599999999999993,0.31663433691116083,-0.5195000349124633,-1.894672604221276e-14
98.71090536200289,59.83847771915844,10.599999999999993,0.31667804118769216,-0.519992636782964,-8.420767129872338e-15
98.7193777384155,59.82936159348137,10.599999999999994,0.31672100328203356,-0.5204851124357441,-1.473634247727659e-14
98.7278495886457,59.820246174692194,10.599999999999994,0.3167632182437648,-0.520977458953529,-1.473634247727659e-14
98.73632089078913,59.81113145535952,10.599999999999994,0.3168046811425544,-0.5214696734010322,-1.473634247727659e-14
98.74479162296869,59.802017428060864,10.599999999999993,0.31684538706832044,-0.5219617528251366,-1.0525958912340423e-14
98.75326176333525,59.792904085383135,10.599999999999996,0.31688533113139605,-0.52245369425507,-1.6841534259744676e-14
98.76173129006864,59.78379141992278,10.599999999999993,0.3169245084626884,-0.5229454947025849,-1.2631150694808506e-14
98.77020018137843,59.77467942428635,10.599999999999996,0.3169629142138431,-0.5234371511621367,-1.473634247727659e-14
98.77866841550515,59.76556809109043,10.599999999999996,0.31700054355740026,-0.5239286606110665,-1.6841534259744676e-14
98.78713597072111,59.75645741296217,10.599999999999994,0.31703739168695577,-0.5244200200097789,-1.894672604221276e-14
98.79560282533122,59.74734738253944,10.599999999999993,0.31707345381731816,-0.5249112263019249,-8.420767129872338e-15
98.80406895767388,59.738237992471376,10.599999999999994,0.31710872518466804,-0.5254022764145823,-1.6841534259744676e-14
98.8125343461221,59.72912923541825,10.59999999999999,0.3171432010467114,-0.5258931672584399,-1.6841534259744676e-14
98.82099896908424,59.720021104052094,10.599999999999993,0.31717687668283656,-0.526383895727979,-1.6841534259744676e-14
98.82946280500508,59.71091359105677,10.599999999999994,0.3172097473942676,-0.5268744587016576,-1.6841534259744676e-14
98.83792583236625,59.701806689128496,10.59999999999999,0.31724180850422057,-0.5273648530420934,-1.2631150694808506e-14
98.8463880296878,59.692700390975844,10.59999999999999,0.317273055358052,-0.52785507559625,-1.6841534259744676e-14
98.85484937552857,59.68359468932015,10.599999999999993,0.317303483323413,-0.5283451231956201,-1.2631150694808506e-14
98.86330984848728,59.67448957689581,10.599999999999994,0.3173330877903991,-0.5288349926564123,-1.2631150694808506e-14
98.87176942720338,59.665385046450446,10.599999999999994,0.3173618641717002,-0.5293246807797374,-1.473634247727659e-14
98.88022809035776,59.6562810907454,10.599999999999996,0.31738980790274995,-0.5298141843517927,-1.473634247727659e-14
98.88868581667388,59.64717770255572,10.599999999999994,0.3174169144418721,-0.5303035001440519,-1.6841534259744676e-14
98.89714258491851,59.638074874670615,10.599999999999993,0.3174431792704275,-0.5307926249134508,-8.420767129872338e-15
98.90559837390252,59.628972599893594,10.599999999999993,0.31746859789296045,-0.5312815554025755,-1.2631150694808506e-14
98.91405316248166,59.61987087104294,10.599999999999993,0.3174931658373449,-0.5317702883398508,-1.2631150694808506e-14
98.92250692955768,59.61076968095171,10.599999999999994,0.3175168786549253,-0.5322588204397292,-1.2631150694808506e-14
98.9309596540789,59.60166902246818,10.599999999999994,0.3175397319206617,-0.5327471484028804,-1.6841534259744676e-14
98.93941131504117,59.59256888845598,10.599999999999994,0.31756172123327125,-0.5332352689163801,-1.2631150694808506e-14
98.9478618914887,59.583469271794414,10.599999999999993,0.31758284221536803,-0.5337231786539008,-1.2631150694808506e-14
98.95631136251465,59.57437016537885,10.599999999999993,0.3176030905136058,-0.5342108742759016,-1.473634247727659e-14
98.96475970726235,59.565271562120664,10.599999999999994,0.31762246179881326,-0.5346983524298193,-1.473634247727659e-14
98.97320690492579,59.55617345494774,10.599999999999996,0.3176409517661344,-0.5351856097502601,-1.473634247727659e-14
98.98165293475054,59.54707583680456,10.599999999999996,0.3176585561351646,-0.5356726428591907,-1.2631150694808506e-14
98.99009777603446,59.537978700652715,10.599999999999996,0.31767527065008805,-0.53615944836613,-1.473634247727659e-14
98.99854140812863,59.52888203947078,10.599999999999994,0.31769109107981014,-0.5366460228683414,-1.2631150694808506e-14
99.00698381043806,59.51978584625483,10.599999999999993,0.3177060132180931,-0.5371323629510265,-8.420767129872338e-15
99.01542496242251,59.51069011401854,10.599999999999996,0.3177200328836876,-0.5376184651875165,-1.0525958912340423e-14
99.02386484359704,59.50159483579362,10.599999999999993,0.3177331459204682,-0.5381043261394661,-2.1051917824680846e-14
99.0323034335332,59.492500004629754,10.59999999999999,0.3177453481975592,-0.538589942357048,-1.6841534259744676e-14
99.04074071185943,59.483405613595096,10.599999999999993,0.31775663560946754,-0.5390753103791446,-1.473634247727659e-14
99.04917665826201,59.47431165577637,10.599999999999994,0.31776700407621106,-0.5395604267335441,-1.2631150694808506e-14
99.05761125248578,59.465218124279104,10.599999999999993,0.3177764495434464,-0.5400452879371354,-1.2631150694808506e-14
99.06604447433469,59.456125012228064,10.599999999999993,0.31778496798259576,-0.5405298904960996,-1.473634247727659e-14
99.0744763036729,59.447032312767135,10.599999999999994,0.3177925553909717,-0.541014230906108,-1.2631150694808506e-14
99.08290672042524,59.43794001905981,10.599999999999994,0.3177992077919036,-0.5414983056525176,-1.473634247727659e-14
99.09133570457811,59.428848124289274,10.599999999999996,0.3178049212348592,-0.5419821112105636,-1.0525958912340423e-14
99.09976323617998,59.41975662165887,10.599999999999994,0.31780969179556984,-0.5424656440455571,-1.6841534259744676e-14
99.10818929534238,59.41066550439197,10.599999999999993,0.31781351557614956,-0.5429489006130821,-1.473634247727659e-14
99.11661386224044,59.401574765732406,10.599999999999994,0.3178163887052159,-0.5434318773591883,-1.0525958912340423e-14
99.12503691711372,59.39248439894464,10.59999999999999,0.3178183073380115,-0.543914570720592,-1.0525958912340423e-14
99.13345844026665,59.38339439731415,10.599999999999994,0.3178192676565199,-0.5443969771248669,-1.2631150694808506e-14
99.14187841206963,59.37430475414727,10.599999999999994,0.3178192658695852,-0.5448790929906465,-1.0525958912340423e-14
99.15029681295938,59.36521546277176,10.599999999999993,0.3178182982130261,-0.5453609147278176,-1.0525958912340423e-14
99.15871362343984,59.356126516536825,10.599999999999994,0.3178163609497529,-0.5458424387377177,-1.0525958912340423e-14
99.16712882408277,59.34703790881336,10.599999999999996,0.3178134503698801,-0.5463236614133338,-1.2631150694808506e-14
99.17554239552825,59.3379496329943,10.599999999999994,0.31780956279084216,-0.5468045791394978,-1.6841534259744676e-14
99.18395431848573,59.32886168249458,10.599999999999993,0.31780469455750254,-0.5472851882930849,-8.420767129872338e-15
99.19236457373441,59.31977405075152,10.599999999999996,0.3177988420422655,-0.5477654852432111,-1.0525958912340423e-14
99.20077314212399,59.31068673122489,10.599999999999994,0.3177920016451872,-0.5482454663514325,-8.420767129872338e-15
99.20918000457523,59.30159971739739,10.59999999999999,0.3177841697940841,-0.5487251279719393,-1.473634247727659e-14
99.21758514208076,59.292513002774434,10.599999999999993,0.3177753429446393,-0.5492044664517572,-1.0525958912340423e-14
99.22598853570562,59.28342658088469,10.599999999999994,0.3177655175805108,-0.5496834781309451,-6.315575347404253e-15
99.23439016658796,59.27434044528006,10.599999999999993,0.3177546902134361,-0.5501621593427919,-1.0525958912340423e-14
99.24279001593943,59.26525458953613,10.599999999999994,0.3177428573833383,-0.5506405064140143,-1.473634247727659e-14
99.25118806504625,59.25616900725202,10.599999999999994,0.3177300156584266,-0.5511185156649575,-1.473634247727659e-14
99.25958429526942,59.24708369205082,10.599999999999993,0.3177161616353018,-0.5515961834097918,-8.420767129872338e-15
99.26797868804556,59.23799863757974,10.599999999999994,0.3177012919390547,-0.5520735059567099,-1.894672604221276e-14
99.27637122488747,59.228913837510156,10.599999999999994,0.3176854032233685,-0.5525504796081285,-1.6841534259744676e-14
