galstreams/tracks/track.st.Orinoco.grillmair2017.ecsv
# %ECSV 0.9
# ---
# datatype:
# - {name: ra, unit: deg, datatype: float64}
# - {name: dec, unit: deg, datatype: float64}
# - {name: distance, unit: kpc, datatype: float64}
# - {name: pm_ra_cosdec, unit: mas / yr, datatype: float64}
# - {name: pm_dec, unit: mas / yr, datatype: float64}
# - {name: radial_velocity, unit: km / s, datatype: float64}
# delimiter: ','
# meta: !!omap
# - __serialized_columns__:
#     dec:
#       __class__: astropy.coordinates.angles.Latitude
#       unit: &id001 !astropy.units.Unit {unit: deg}
#       value: !astropy.table.SerializedColumn {name: dec}
#     distance:
#       __class__: astropy.coordinates.distances.Distance
#       unit: !astropy.units.Unit {unit: kpc}
#       value: !astropy.table.SerializedColumn {name: distance}
#     pm_dec:
#       __class__: astropy.units.quantity.Quantity
#       unit: !astropy.units.Unit {unit: mas / yr}
#       value: !astropy.table.SerializedColumn {name: pm_dec}
#     pm_ra_cosdec:
#       __class__: astropy.units.quantity.Quantity
#       unit: !astropy.units.Unit {unit: mas / yr}
#       value: !astropy.table.SerializedColumn {name: pm_ra_cosdec}
#     ra:
#       __class__: astropy.coordinates.angles.Longitude
#       unit: *id001
#       value: !astropy.table.SerializedColumn {name: ra}
#       wrap_angle: !astropy.coordinates.Angle
#         unit: *id001
#         value: 360.0
#     radial_velocity:
#       __class__: astropy.units.quantity.Quantity
#       unit: !astropy.units.Unit {unit: km / s}
#       value: !astropy.table.SerializedColumn {name: radial_velocity}
# schema: astropy-2.0
ra,dec,distance,pm_ra_cosdec,pm_dec,radial_velocity
[from data line 1204]
13.467497717677887,-24.812640548973107,20.599999999999994,0.0,0.0,0.0
13.478423098597059,-24.8142271527699,20.599999999999994,0.0,0.0,0.0
13.489348345192811,-24.815819020347632,20.59999999999999,0.0,0.0,0.0
13.500273458642173,-24.81741615591541,20.599999999999998,0.0,0.0,0.0
13.511198440123762,-24.819018563682285,20.59999999999999,0.0,0.0,0.0
13.522123290817722,-24.820626247857128,20.599999999999998,0.0,0.0,0.0
13.533048011905773,-24.822239212648768,20.599999999999994,0.0,0.0,0.0
13.543972604571183,-24.823857462265863,20.59999999999999,0.0,0.0,0.0
13.554897069998765,-24.82548100091701,20.59999999999999,0.0,0.0,0.0
13.565821409374909,-24.827109832810667,20.599999999999998,0.0,0.0,0.0
13.576745623887536,-24.828743962155183,20.599999999999994,0.0,0.0,0.0
13.587669714726157,-24.83038339315882,20.599999999999994,0.0,0.0,0.0
13.598593683081813,-24.83202813002969,20.599999999999994,0.0,0.0,0.0
13.609517530147116,-24.833678176975837,20.599999999999994,0.0,0.0,0.0
13.620441257116239,-24.835333538205155,20.59999999999999,0.0,0.0,0.0
13.63136486518491,-24.836994217925458,20.599999999999994,0.0,0.0,0.0
13.642288355550415,-24.838660220344423,20.59999999999999,0.0,0.0,0.0
13.653211729411606,-24.840331549669628,20.59999999999999,0.0,0.0,0.0
13.664134987968884,-24.842008210108514,20.599999999999998,0.0,0.0,0.0
13.675058132424237,-24.843690205868462,20.599999999999998,0.0,0.0,0.0
13.685981163981188,-24.845377541156687,20.599999999999998,0.0,0.0,0.0
13.696904083844833,-24.847070220180306,20.599999999999994,0.0,0.0,0.0
13.707826893221833,-24.84876824714635,20.59999999999999,0.0,0.0,0.0
13.718749593320414,-24.85047162626168,20.59999999999999,0.0,0.0,0.0
13.729672185350353,-24.852180361733083,20.59999999999999,0.0,0.0,0.0
13.74059467052301,-24.85389445776723,20.599999999999994,0.0,0.0,0.0
13.751517050051296,-24.855613918570672,20.599999999999994,0.0,0.0,0.0
13.762439325149694,-24.857338748349832,20.599999999999998,0.0,0.0,0.0
13.773361497034251,-24.859068951311027,20.599999999999994,0.0,0.0,0.0
13.784283566922579,-24.860804531660467,20.599999999999994,0.0,0.0,0.0
13.795205536033864,-24.862545493604227,20.59999999999999,0.0,0.0,0.0
13.80612740558884,-24.864291841348276,20.599999999999998,0.0,0.0,0.0
13.817049176809844,-24.866043579098466,20.59999999999999,0.0,0.0,0.0
13.827970850920739,-24.867800711060536,20.599999999999998,0.0,0.0,0.0
13.838892429147004,-24.86956324144011,20.59999999999999,0.0,0.0,0.0
13.849813912715636,-24.87133117444267,20.599999999999998,0.0,0.0,0.0
13.860735302855248,-24.873104514273603,20.599999999999998,0.0,0.0,0.0
13.871656600795998,-24.87488326513818,20.599999999999994,0.0,0.0,0.0
13.882577807769616,-24.876667431241547,20.599999999999994,0.0,0.0,0.0
13.893498925009418,-24.87845701678871,20.599999999999998,0.0,0.0,0.0
13.904419953750278,-24.880252025984593,20.599999999999998,0.0,0.0,0.0
13.915340895228647,-24.88205246303398,20.599999999999998,0.0,0.0,0.0
13.926261750682558,-24.88385833214154,20.59999999999999,0.0,0.0,0.0
13.937182521351605,-24.88566963751182,20.59999999999999,0.0,0.0,0.0
13.948103208476956,-24.887486383349252,20.599999999999994,0.0,0.0,0.0
13.959023813301368,-24.889308573858138,20.59999999999999,0.0,0.0,0.0
13.969944337069162,-24.89113621324266,20.599999999999994,0.0,0.0,0.0
13.980864781026234,-24.892969305706895,20.599999999999994,0.0,0.0,0.0
13.991785146420073,-24.894807855454776,20.599999999999994,0.0,0.0,0.0
14.002705434499717,-24.896651866690135,20.599999999999994,0.0,0.0,0.0
14.01362564651581,-24.898501343616672,20.59999999999999,0.0,0.0,0.0
14.024545783720555,-24.90035629043796,20.599999999999994,0.0,0.0,0.0
14.035465847367739,-24.902216711357458,20.599999999999994,0.0,0.0,0.0
14.046385838712732,-24.9040826105785,20.599999999999994,0.0,0.0,0.0
14.05730575901249,-24.90595399230431,20.59999999999999,0.0,0.0,0.0
14.068225609525523,-24.907830860737953,20.599999999999994,0.0,0.0,0.0
14.07914539151195,-24.909713220082395,20.599999999999994,0.0,0.0,0.0
14.090065106233457,-24.91160107454047,20.599999999999998,0.0,0.0,0.0
14.10098475495333,-24.913494428314937,20.599999999999998,0.0,0.0,0.0
14.111904338936402,-24.91539328560834,20.599999999999994,0.0,0.0,0.0
14.122823859449127,-24.91729765062316,20.599999999999998,0.0,0.0,0.0
14.133743317759528,-24.919207527561753,20.599999999999994,0.0,0.0,0.0
14.144662715137201,-24.92112292062631,20.599999999999994,0.0,0.0,0.0
14.155582052853342,-24.923043834018934,20.599999999999994,0.0,0.0,0.0
14.166501332180731,-24.9249702719416,20.599999999999994,0.0,0.0,0.0
14.17742055439373,-24.92690223859613,20.59999999999999,0.0,0.0,0.0
14.188339720768282,-24.928839738184244,20.599999999999994,0.0,0.0,0.0
14.19925883258193,-24.93078277490753,20.599999999999994,0.0,0.0,0.0
14.210177891113801,-24.93273135296744,20.59999999999999,0.0,0.0,0.0
14.221096897644603,-24.934685476565313,20.599999999999994,0.0,0.0,0.0
14.23201585345664,-24.93664514990234,20.59999999999999,0.0,0.0,0.0
14.242934759833803,-24.938610377179614,20.599999999999998,0.0,0.0,0.0
14.253853618061571,-24.940581162598072,20.599999999999998,0.0,0.0,0.0
14.264772429427023,-24.94255751035853,20.599999999999998,0.0,0.0,0.0
14.27569119521882,-24.944539424661695,20.59999999999999,0.0,0.0,0.0
14.286609916727217,-24.946526909708112,20.599999999999994,0.0,0.0,0.0
14.29752859524406,-24.948519969698225,20.599999999999994,0.0,0.0,0.0
14.308447232062797,-24.95051860883233,20.599999999999998,0.0,0.0,0.0
14.31936582847846,-24.952522831310606,20.599999999999994,0.0,0.0,0.0
14.330284385787676,-24.954532641333085,20.599999999999998,0.0,0.0,0.0
14.341202905288673,-24.956548043099698,20.599999999999994,0.0,0.0,0.0
14.35212138828127,-24.9585690408102,20.599999999999994,0.0,0.0,0.0
14.363039836066882,-24.96059563866427,20.59999999999999,0.0,0.0,0.0
14.373958249948526,-24.96262784086141,20.599999999999994,0.0,0.0,0.0
14.384876631230815,-24.964665651601027,20.59999999999999,0.0,0.0,0.0
14.395794981219943,-24.966709075082345,20.599999999999994,0.0,0.0,0.0
14.406713301223727,-24.96875811550452,20.599999999999994,0.0,0.0,0.0
14.417631592551576,-24.970812777066527,20.599999999999994,0.0,0.0,0.0
14.428549856514495,-24.97287306396724,20.599999999999994,0.0,0.0,0.0
14.43946809442508,-24.97493898040536,20.599999999999994,0.0,0.0,0.0
14.450386307597551,-24.9770105305795,20.599999999999998,0.0,0.0,0.0
14.461304497347713,-24.979087718688117,20.6,0.0,0.0,0.0
14.472222664992982,-24.98117054892954,20.599999999999994,0.0,0.0,0.0
14.483140811852365,-24.983259025501948,20.599999999999998,0.0,0.0,0.0
14.494058939246484,-24.985353152603402,20.599999999999994,0.0,0.0,0.0
14.504977048497558,-24.987452934431833,20.599999999999998,0.0,0.0,0.0
14.515895140929423,-24.989558375185023,20.599999999999998,0.0,0.0,0.0
14.526813217867499,-24.99166947906062,20.599999999999994,0.0,0.0,0.0
14.537731280638841,-24.993786250256154,20.599999999999994,0.0,0.0,0.0
14.548649330572086,-24.995908692968978,20.599999999999994,0.0,0.0,0.0
14.559567368997484,-24.998036811396375,20.599999999999998,0.0,0.0,0.0
14.570485397246904,-25.00017060973543,20.599999999999994,0.0,0.0,0.0
14.581403416653805,-25.002310092183112,20.599999999999994,0.0,0.0,0.0
14.592321428553278,-25.004455262936265,20.599999999999994,0.0,0.0,0.0
14.603239434282004,-25.00660612619158,20.599999999999998,0.0,0.0,0.0
14.61415743517829,-25.008762686145626,20.599999999999994,0.0,0.0,0.0
14.62507543258205,-25.010924946994813,20.59999999999999,0.0,0.0,0.0
14.63599342783479,-25.013092912935438,20.599999999999994,0.0,0.0,0.0
14.646911422279667,-25.01526658816363,20.59999999999999,0.0,0.0,0.0
14.657829417261413,-25.01744597687542,20.59999999999999,0.0,0.0,0.0
14.6687474141264,-25.019631083266646,20.599999999999994,0.0,0.0,0.0
14.679665414222606,-25.021821911533063,20.59999999999999,0.0,0.0,0.0
14.690583418899628,-25.024018465870245,20.59999999999999,0.0,0.0,0.0
14.701501429508664,-25.02622075047364,20.59999999999999,0.0,0.0,0.0
14.712419447402548,-25.028428769538568,20.599999999999998,0.0,0.0,0.0
14.723337473935723,-25.03064252726019,20.59999999999999,0.0,0.0,0.0
14.734255510464248,-25.032862027833534,20.599999999999994,0.0,0.0,0.0
14.745173558345805,-25.035087275453495,20.59999999999999,0.0,0.0,0.0
14.756091618939681,-25.037318274314803,20.599999999999998,0.0,0.0,0.0
14.767009693606818,-25.039555028612074,20.599999999999998,0.0,0.0,0.0
14.777927783709735,-25.04179754253976,20.599999999999998,0.0,0.0,0.0
14.788845890612603,-25.044045820292194,20.599999999999998,0.0,0.0,0.0
14.799764015681207,-25.04629986606355,20.599999999999994,0.0,0.0,0.0
14.810682160282948,-25.048559684047852,20.599999999999994,0.0,0.0,0.0
14.821600325786854,-25.05082527843901,20.599999999999998,0.0,0.0,0.0
14.832518513563583,-25.053096653430757,20.599999999999994,0.0,0.0,0.0
14.843436724985413,-25.055373813216697,20.599999999999998,0.0,0.0,0.0
14.854354961426248,-25.0576567619903,20.599999999999998,0.0,0.0,0.0
14.865273224261616,-25.05994550394489,20.599999999999994,0.0,0.0,0.0
14.876191514868674,-25.06224004327362,20.599999999999998,0.0,0.0,0.0
14.887109834626214,-25.064540384169526,20.599999999999998,0.0,0.0,0.0
14.898028184914644,-25.066846530825494,20.599999999999994,0.0,0.0,0.0
14.908946567115997,-25.069158487434255,20.599999999999994,0.0,0.0,0.0
14.919864982613964,-25.071476258188405,20.599999999999998,0.0,0.0,0.0
14.930783432793831,-25.073799847280387,20.599999999999998,0.0,0.0,0.0
14.941701919042538,-25.0761292589025,20.599999999999998,0.0,0.0,0.0
14.952620442748662,-25.078464497246912,20.59999999999999,0.0,0.0,0.0
14.963539005302385,-25.080805566505603,20.59999999999999,0.0,0.0,0.0
14.97445760809554,-25.083152470870445,20.599999999999998,0.0,0.0,0.0
14.9853762525216,-25.08550521453316,20.59999999999999,0.0,0.0,0.0
14.996294939975664,-25.087863801685295,20.599999999999998,0.0,0.0,0.0
15.007213671854464,-25.090228236518268,20.599999999999994,0.0,0.0,0.0
15.01813244955638,-25.09259852322336,20.59999999999999,0.0,0.0,0.0
15.029051274481413,-25.094974665991682,20.599999999999998,0.0,0.0,0.0
15.039970148031212,-25.097356669014196,20.599999999999998,0.0,0.0,0.0
15.050889071609069,-25.099744536481744,20.599999999999994,0.0,0.0,0.0
15.061808046619904,-25.102138272584977,20.599999999999994,0.0,0.0,0.0
15.07272707447028,-25.104537881514428,20.599999999999998,0.0,0.0,0.0
15.083646156568408,-25.106943367460474,20.599999999999994,0.0,0.0,0.0
15.094565294324129,-25.10935473461332,20.599999999999994,0.0,0.0,0.0
15.105484489148933,-25.111771987163053,20.599999999999998,0.0,0.0,0.0
15.116403742455958,-25.11419512929959,20.599999999999994,0.0,0.0,0.0
15.127323055659975,-25.116624165212706,20.59999999999999,0.0,0.0,0.0
15.138242430177401,-25.119059099092,20.599999999999998,0.0,0.0,0.0
15.14916186742631,-25.121499935126966,20.59999999999999,0.0,0.0,0.0
15.160081368826406,-25.123946677506897,20.599999999999994,0.0,0.0,0.0
15.17100093579905,-25.126399330420952,20.599999999999998,0.0,0.0,0.0
15.18192056976725,-25.128857898058165,20.599999999999998,0.0,0.0,0.0
15.192840272155655,-25.131322384607365,20.599999999999994,0.0,0.0,0.0
15.203760044390572,-25.133792794257282,20.599999999999994,0.0,0.0,0.0
15.21467988789995,-25.13626913119644,20.59999999999999,0.0,0.0,0.0
15.225599804113394,-25.138751399613252,20.599999999999998,0.0,0.0,0.0
15.236519794462161,-25.141239603695958,20.59999999999999,0.0,0.0,0.0
15.247439860379153,-25.14373374763263,20.599999999999994,0.0,0.0,0.0
15.25836000329893,-25.146233835611223,20.599999999999998,0.0,0.0,0.0
15.269280224657711,-25.148739871819508,20.599999999999998,0.0,0.0,0.0
15.280200525893362,-25.151251860445107,20.59999999999999,0.0,0.0,0.0
15.291120908445398,-25.153769805675473,20.599999999999994,0.0,0.0,0.0
15.302041373755005,-25.15629371169795,20.599999999999994,0.0,0.0,0.0
15.312961923265018,-25.158823582699654,20.59999999999999,0.0,0.0,0.0
15.323882558419928,-25.16135942286761,20.599999999999994,0.0,0.0,0.0
15.33480328066589,-25.163901236388647,20.599999999999998,0.0,0.0,0.0
15.345724091450721,-25.166449027449474,20.59999999999999,0.0,0.0,0.0
15.356644992223874,-25.16900280023659,20.599999999999994,0.0,0.0,0.0
15.367565984436501,-25.171562558936383,20.599999999999994,0.0,0.0,0.0
15.378487069541386,-25.174128307735053,20.599999999999994,0.0,0.0,0.0
15.389408248992973,-25.176700050818667,20.599999999999994,0.0,0.0,0.0
15.400329524247406,-25.179277792373114,20.59999999999999,0.0,0.0,0.0
15.411250896762455,-25.18186153658414,20.59999999999999,0.0,0.0,0.0
15.422172367997565,-25.184451287637305,20.59999999999999,0.0,0.0,0.0
15.433093939413848,-25.18704704971803,20.599999999999994,0.0,0.0,0.0
15.444015612474098,-25.1896488270116,20.599999999999998,0.0,0.0,0.0
15.454937388642747,-25.19225662370308,20.599999999999998,0.0,0.0,0.0
15.465859269385925,-25.194870443977436,20.599999999999994,0.0,0.0,0.0
15.476781256171408,-25.197490292019435,20.599999999999998,0.0,0.0,0.0
15.487703350468655,-25.200116172013686,20.599999999999998,0.0,0.0,0.0
15.498625553748782,-25.202748088144666,20.599999999999998,0.0,0.0,0.0
15.5095478674846,-25.205386044596647,20.599999999999994,0.0,0.0,0.0
15.52047029315056,-25.208030045553773,20.599999999999994,0.0,0.0,0.0
15.531392832222824,-25.21068009520002,20.599999999999994,0.0,0.0,0.0
15.542315486179191,-25.213336197719194,20.59999999999999,0.0,0.0,0.0
15.553238256499153,-25.215998357294932,20.599999999999994,0.0,0.0,0.0
15.56416114466389,-25.218666578110735,20.599999999999994,0.0,0.0,0.0
15.57508415215624,-25.22134086434992,20.599999999999994,0.0,0.0,0.0
15.586007280460715,-25.22402122019562,20.599999999999994,0.0,0.0,0.0
15.596930531063517,-25.226707649830846,20.599999999999994,0.0,0.0,0.0
15.607853905452528,-25.229400157438434,20.599999999999994,0.0,0.0,0.0
15.618777405117301,-25.232098747201043,20.599999999999994,0.0,0.0,0.0
15.629701031549075,-25.234803423301166,20.599999999999994,0.0,0.0,0.0
15.640624786240776,-25.237514189921143,20.599999999999998,0.0,0.0,0.0
15.651548670687,-25.240231051243136,20.599999999999998,0.0,0.0,0.0
15.662472686384033,-25.24295401144917,20.599999999999998,0.0,0.0,0.0
15.67339683482985,-25.245683074721068,20.59999999999999,0.0,0.0,0.0
15.684321117524098,-25.24841824524049,20.599999999999994,0.0,0.0,0.0
15.695245535968127,-25.25115952718897,20.59999999999999,0.0,0.0,0.0
15.706170091664958,-25.253906924747824,20.59999999999999,0.0,0.0,0.0
15.71709478611931,-25.25666044209823,20.599999999999998,0.0,0.0,0.0
15.728019620837593,-25.259420083421194,20.599999999999994,0.0,0.0,0.0
15.738944597327894,-25.26218585289755,20.599999999999994,0.0,0.0,0.0
15.749869717099992,-25.26495775470798,20.599999999999998,0.0,0.0,0.0
15.760794981665377,-25.267735793032973,20.599999999999994,0.0,0.0,0.0
15.77172039253721,-25.270519972052856,20.59999999999999,0.0,0.0,0.0
15.782645951230347,-25.27331029594779,20.599999999999994,0.0,0.0,0.0
15.793571659261357,-25.2761067688978,20.599999999999987,0.0,0.0,0.0
15.804497518148471,-25.278909395082664,20.599999999999994,0.0,0.0,0.0
15.815423529411651,-25.281718178682073,20.59999999999999,0.0,0.0,0.0
15.82634969457253,-25.284533123875498,20.599999999999994,0.0,0.0,0.0
15.837276015154451,-25.287354234842258,20.599999999999994,0.0,0.0,0.0
15.848202492682457,-25.290181515761486,20.59999999999999,0.0,0.0,0.0
15.859129128683277,-25.293014970812173,20.599999999999994,0.0,0.0,0.0
15.87005592468536,-25.29585460417311,20.59999999999999,0.0,0.0,0.0
15.880982882218829,-25.298700420022918,20.599999999999994,0.0,0.0,0.0
15.891910002815546,-25.301552422540066,20.59999999999999,0.0,0.0,0.0
15.902837288009042,-25.304410615902853,20.599999999999994,0.0,0.0,0.0
15.913764739334573,-25.307275004289366,20.59999999999999,0.0,0.0,0.0
15.924692358329084,-25.310145591877554,20.599999999999994,0.0,0.0,0.0
15.935620146531246,-25.313022382845208,20.599999999999998,0.0,0.0,0.0
15.946548105481419,-25.315905381369895,20.599999999999994,0.0,0.0,0.0
15.957476236721682,-25.318794591629054,20.599999999999994,0.0,0.0,0.0
15.968404541795813,-25.321690017799916,20.59999999999999,0.0,0.0,0.0
