galstreams/tracks/track.st.NGC6397.ibata2021.ecsv
# %ECSV 1.0
# ---
# datatype:
# - {name: ra, unit: deg, datatype: float64}
# - {name: dec, unit: deg, datatype: float64}
# - {name: distance, unit: kpc, datatype: float64}
# - {name: pm_ra_cosdec, unit: mas / yr, datatype: float64}
# - {name: pm_dec, unit: mas / yr, datatype: float64}
# - {name: radial_velocity, unit: km / s, datatype: float64}
# delimiter: ','
# meta: !!omap
# - __serialized_columns__:
#     dec:
#       __class__: astropy.coordinates.angles.Latitude
#       unit: &id001 !astropy.units.Unit {unit: deg}
#       value: !astropy.table.SerializedColumn {name: dec}
#     distance:
#       __class__: astropy.coordinates.distances.Distance
#       unit: !astropy.units.Unit {unit: kpc}
#       value: !astropy.table.SerializedColumn {name: distance}
#     pm_dec:
#       __class__: astropy.units.quantity.Quantity
#       unit: !astropy.units.Unit {unit: mas / yr}
#       value: !astropy.table.SerializedColumn {name: pm_dec}
#     pm_ra_cosdec:
#       __class__: astropy.units.quantity.Quantity
#       unit: !astropy.units.Unit {unit: mas / yr}
#       value: !astropy.table.SerializedColumn {name: pm_ra_cosdec}
#     ra:
#       __class__: astropy.coordinates.angles.Longitude
#       unit: *id001
#       value: !astropy.table.SerializedColumn {name: ra}
#       wrap_angle: !astropy.coordinates.Angle
#         unit: *id001
#         value: 360.0
#     radial_velocity:
#       __class__: astropy.units.quantity.Quantity
#       unit: !astropy.units.Unit {unit: km / s}
#       value: !astropy.table.SerializedColumn {name: radial_velocity}
# schema: astropy-2.0
ra,dec,distance,pm_ra_cosdec,pm_dec,radial_velocity
[from data line 1562]
284.61632372660563,-53.80983733991878,2.5765338993813414,6.025344493809531,-14.663416232895962,47.645632398468635
284.6329092820545,-53.8078094363423,2.5766085972506936,6.028193997393357,-14.661382932623766,47.73514019062224
284.64949249038966,-53.80577307279821,2.5766833092043604,6.031045467104535,-14.659351256894013,47.82466108923275
284.6660733413255,-53.80372823747225,2.576758035380147,6.033898905709193,-14.657321207340727,47.91419488257384
284.68265182456213,-53.80167491855328,2.5768327759158587,6.036754315973004,-14.655292785597313,48.003741358919186
284.6992279297856,-53.79961310423336,2.576907530949298,6.039611700661239,-14.653265993296575,48.09330030654261
284.7158016466676,-53.79754278270763,2.5769823006182704,6.042471062538748,-14.651240832070696,48.182871513717615
284.7323729648658,-53.79546394217445,2.5770570850605794,6.045332404369946,-14.649217303551266,48.272454768718006
284.7489418740237,-53.79337657083532,2.5771318844140296,6.04819572891885,-14.647195409369267,48.36204985981742
284.7655083637708,-53.79128065689493,2.5772066988164255,6.0510610389490775,-14.645175151155073,48.451656575289654
284.7820724237224,-53.78917618856109,2.5772815284055706,6.053928337223844,-14.64315653053847,48.54127470340826
284.79863404348,-53.78706315404482,2.5773563733192706,6.056797626505972,-14.64113954914864,48.63090403244701
284.81519321263085,-53.78494154156032,2.577431233695327,6.0596689095579,-14.63912420861418,48.72054435067956
284.8317499207486,-53.78281133932499,2.5775061096715484,6.062542189141685,-14.637110510563097,48.81019544637967
284.84830415739276,-53.78067253555937,2.5775810013857345,6.065417468019021,-14.635098456622801,48.89985710782093
284.8648559121091,-53.77852511848722,2.577655908975692,6.068294748951217,-14.633088048420133,48.98952912327709
284.8814051744294,-53.77636907633551,2.5777308325792254,6.071174034699245,-14.631079287581327,49.07921128102184
284.89795193387187,-53.7742043973344,2.577805772334139,6.074055328023693,-14.629072175732055,49.168903369328824
284.9144961799408,-53.772031069717265,2.5778807283782363,6.076938631684825,-14.62706671449742,49.25860517647187
284.9310379021268,-53.769849081720665,2.5779557008493206,6.079823948442559,-14.625062905501924,49.34831649072452
284.94757708990664,-53.76765842158439,2.5780306898851983,6.082711281056442,-14.62306075036953,49.43803710036052
284.9641137327438,-53.76545907755146,2.5781056956236728,6.085600632285736,-14.621060250723596,49.52776679365353
284.98064782008777,-53.76325103786812,2.578180718202548,6.088492004889366,-14.619061408186939,49.61750535887735
284.99717934137476,-53.76103429078379,2.5782557577596283,6.091385401625921,-14.617064224381792,49.70725258430553
285.01370828602705,-53.758808824551195,2.578330814432718,6.094280825253681,-14.61506870092986,49.79700825821183
285.03023464345387,-53.756574627426254,2.5784058883596215,6.097178278530642,-14.613074839452256,49.88677216886998
285.04675840305066,-53.754331687668106,2.5784809796781443,6.100077764214471,-14.611082641569531,49.976544104553575
285.06327955419954,-53.75207999353919,2.5785560885260876,6.102979285062569,-14.60909210890173,50.0663238535364
285.07979808626914,-53.74981953330516,2.5786312150412587,6.105882843832021,-14.607103243068286,50.15611120409213
285.09631398861484,-53.747550295234895,2.5787063593614605,6.108788443279648,-14.60511604568812,50.24590594449435
285.1128272505787,-53.745272267600605,2.5787815216244976,6.111696086162004,-14.603130518379604,50.33570786301696
285.12933786148926,-53.742985438677664,2.5788567019681734,6.114605775235336,-14.601146662760573,50.425516747933365
285.14584581066214,-53.74068979674479,2.5789319005302938,6.117517513255677,-14.599164480448273,50.515332387517496
285.16235108739943,-53.738385330083936,2.5790071174486613,6.120431302978762,-14.597183973059485,50.605154570042956
285.17885368099036,-53.736072026980324,2.5790823528610813,6.123347147160104,-14.595205142210396,50.694983083783484
285.1953535807107,-53.73374987572247,2.5791576069053592,6.12626504855495,-14.593227989516674,50.78481771701271
285.2118507758232,-53.73141886460214,2.5792328797192963,6.129185009918331,-14.591252516593478,50.87465825800438
285.22834525557784,-53.72907898191441,2.579308171440699,6.132107034005024,-14.589278725055422,50.9645044950321
285.2448370092111,-53.72673021595764,2.5793834822073705,6.135031123569588,-14.58730661651658,51.054356216369676
285.2613260259467,-53.72437255503347,2.579458812157116,6.137957281366366,-14.585336192590532,51.14421321029066
285.27781229499544,-53.72200598744685,2.5795341614277403,6.1408855101494915,-14.583367454890313,51.2340752650689
285.2942958055551,-53.71963050150602,2.579609530157046,6.14381581267288,-14.581400405028461,51.32394216897797
285.3107765468107,-53.71724608552252,2.5796849184828385,6.146748191690251,-14.579435044616975,51.41381371029158
285.3272545079343,-53.71485272781121,2.5797603265429205,6.149682649955135,-14.577471375267363,51.5036896772835
285.34372967808514,-53.71245041669027,2.5798357544750985,6.152619190220875,-14.575509398590606,51.59356985822732
285.3602020464097,-53.71003914048114,2.5799112024171755,6.155557815240614,-14.573549116197185,51.6834540413968
285.3766716020419,-53.707618887508666,2.5799866705069556,6.1584985277673425,-14.571590529697076,51.77334201506558
285.39313833410273,-53.70518964610094,2.580062158882244,6.161441330553865,-14.569633640699749,51.863233567507436
285.4096022317006,-53.70275140458942,2.580137667680845,6.164386226352837,-14.56767845081417,51.95312848699595
285.4260632839314,-53.70030415130888,2.5802131970405617,6.1673332179167515,-14.56572496164882,52.04302656180487
285.44252147987834,-53.697847874597436,2.580288747099199,6.170282307997951,-14.563773174811672,52.132927580207955
285.4589768086121,-53.69538256279653,2.5803643179945612,6.173233499348631,-14.561823091910203,52.22283133047877
285.4754292591908,-53.69290820425095,2.5804399098644524,6.176186794720852,-14.559874714551427,52.31273760089095
285.4918788206603,-53.69042478730885,2.580515522846677,6.179142196866559,-14.557928044341827,52.40264617971843
285.5083254820538,-53.68793230032171,2.58059115707904,6.182099708537541,-14.555983082887437,52.492556855234774
285.52476923239226,-53.68543073164435,2.580666812699345,6.185059332485499,-14.554039831793782,52.58246941571365
285.5412100606842,-53.68292006963498,2.5807424898453957,6.188021071462007,-14.552098292665939,52.672383649428724
285.55764795592586,-53.680400302655144,2.5808181886549963,6.1909849282185405,-14.55015846710847,52.76229934465378
285.57408290710134,-53.67787141906977,2.580893909265953,6.193950905506471,-14.548220356725489,52.85221628966248
285.5905149031822,-53.675333407247116,2.580969651816068,6.1969190060770725,-14.54628396312063,52.94213427272845
285.6069439331281,-53.672786255558876,2.581045416443147,6.199889232681532,-14.54434928789704,53.03205308212545
285.6233699858865,-53.67022995238002,2.581121203284993,6.202861588071001,-14.542416332657421,53.12197250612715
285.63979305039254,-53.667664486088995,2.581197012479411,6.2058360749964905,-14.540485099003995,53.211892333007256
285.6562131155695,-53.66508984506757,2.581272844164205,6.208812696208986,-14.538555588538536,53.30181235103939
285.6726301703286,-53.66250601770092,2.5813486984771794,6.211791454459403,-14.536627802862341,53.391732348497335
285.6890442035689,-53.6599129923776,2.581424575556139,6.2147723524986045,-14.534701743576257,53.48165211365471
285.7054552041777,-53.65731075748956,2.5815004755388875,6.217755393077402,-14.53277741228067,53.57157143478529
285.7218631610304,-53.65469930143214,2.581576398563228,6.220740578946596,-14.530854810575528,53.661490100162744
285.73826806299024,-53.65207861260408,2.581652344766968,6.223727912856888,-14.5289339400603,53.75140789806068
285.7546698989089,-53.64944867940753,2.581728314287908,6.22671739755902,-14.527014802334044,53.841324616752836
285.7710686576262,-53.646809490248025,2.5818043072638552,6.229709035803675,-14.525097398995348,53.93124004451293
285.7874643279701,-53.64416103353454,2.5818803238326122,6.2327028303415375,-14.523181731642346,54.02115396961465
285.8038568987569,-53.64150329767942,2.581956364131984,6.235698783923276,-14.521267801872757,54.11106618033163
285.82024635879134,-53.63883627109848,2.5820324282997755,6.238696899299555,-14.519355611283853,54.20097646493765
285.83663269686633,-53.63615994221088,2.582108516473788,6.241697179221061,-14.51744516147248,54.290884611706396
285.8530159017633,-53.63347429943929,2.58218462879183,6.244699626438463,-14.515536454035006,54.3807904089115
285.8693959622521,-53.630779331209716,2.582260765391703,6.247704243702481,-14.513629490567428,54.47069364482667
285.8857728670911,-53.62807502595166,2.582336926411212,6.250711033763848,-14.511724272665278,54.560594107725585
285.902146605027,-53.62536137209801,2.5824131119881617,6.253719999373313,-14.509820801923668,54.65049158588196
285.9185171647954,-53.622638358085126,2.582489322260355,6.256731143281683,-14.507919079937295,54.74038586756947
285.9348845351202,-53.619905972352775,2.582565557365597,6.259744468239806,-14.50601910830043,54.830276741061866
285.9512487047141,-53.61716420334418,2.582641817441693,6.262759976998572,-14.504120888606913,54.92016399463273
285.9676096622785,-53.61441303950602,2.5827181026264454,6.265777672308946,-14.50222442245018,55.01004741655586
285.98396739650343,-53.61165246928837,2.58279441305766,6.268797556921934,-14.500329711423271,55.09992679510485
286.00032189606776,-53.608882481144846,2.58287074887314,6.271819633588634,-14.498436757118768,55.18980191855347
286.01667314963913,-53.60610306353242,2.582947110210691,6.2748439050602105,-14.49654556112888,55.27967257517538
286.0330211458741,-53.603314204911584,2.583023497208116,6.27787037408793,-14.494656125045399,55.36953855324434
286.049365873418,-53.60051589374626,2.5830999100032193,6.280899043423121,-14.49276845045972,55.459399641033905
286.0657073209053,-53.59770811850386,2.5831763487338066,6.283929915817235,-14.490882538962806,55.54925562681788
286.0820454769592,-53.594890867655224,2.5832528135376798,6.28696299402182,-14.48899839214527,55.63910629886989
286.0983803301921,-53.5920641296747,2.5833293045526453,6.289998280788533,-14.48711601159729,55.72895144546367
286.1147118692053,-53.58922789304007,2.583405821916506,6.2930357788691484,-14.485235398908651,55.81879085487284
286.1310400825893,-53.58638214623262,2.5834823657670674,6.29607549101557,-14.48335655566876,55.90862431537118
286.14736495892384,-53.583526877737114,2.5835589362421327,6.299117419979826,-14.481479483466632,55.99845161523233
286.1636864867777,-53.58066207604178,2.5836355334795074,6.302161568514103,-14.479604183890874,56.08827254273005
286.1800046547088,-53.57778772963831,2.583712157616994,6.305207939370707,-14.47773065852974,56.17808688613795
286.19631945126457,-53.57490382702194,2.5837888087923977,6.308256535302101,-14.475858908971087,56.26789443372972
286.2126308649815,-53.57201035669137,2.5838654871435236,6.311307359060914,-14.473988936802366,56.35769497377912
286.2289388843858,-53.56910730714876,2.5839421928081747,6.314360413399948,-14.472120743610684,56.44748829455982
286.2452434979926,-53.5661946668998,2.584018925924156,6.317415701072157,-14.470254330982769,56.537274184345456
286.26154469430674,-53.56327242445367,2.5840956866292717,6.320473224830687,-14.468389700504943,56.62705243140982
286.2778424618225,-53.56034056832304,2.5841724750613255,6.323532987428859,-14.46652685376321,56.71682282402646
286.29413678902375,-53.557399087024116,2.5842492913581223,6.326594991620196,-14.46466579234314,56.806585150469225
286.3104276643837,-53.55444796907655,2.5843261356574656,6.329659240158417,-14.462806517830003,56.896339199011585
286.3267150763655,-53.55148720300358,2.5844030080971607,6.332725735797455,-14.460949031808656,56.98608475792753
286.34299901342155,-53.5485167773319,2.584479908815011,6.3357944812914315,-14.459093335863614,57.075821615490526
286.3592794639943,-53.545536680591724,2.5845568379488224,6.3388654793947055,-14.457239431579012,57.16554955997439
286.3755564165157,-53.5425469013168,2.584633795636397,6.341938732861866,-14.45538732053868,57.25526837965271
286.3918298594076,-53.539547428044386,2.58471078201554,6.345014244447729,-14.45353700432602,57.344977862799254
286.40809978108166,-53.53653824931528,2.584787797224055,6.348092016907347,-14.451688484524144,57.43467779768766
286.42436616993933,-53.53351935367377,2.584864841399748,6.351172052996019,-14.449841762715767,57.5243679725917
286.44062901437195,-53.530490729667704,2.5849419146804227,6.354254355469294,-14.44799684048329,57.614048175784944
286.45688830276094,-53.527452365848454,2.5850190172038823,6.357338927082998,-14.446153719408752,57.70371819554123
286.4731440234775,-53.52440425077091,2.5850961491079314,6.360425770593206,-14.444312401073855,57.79337782013416
286.4893961648832,-53.521346372993484,2.585173310530374,6.363514888756283,-14.442472887059953,57.883026837837356
286.50564471532937,-53.51827872107819,2.585250501609016,6.366606284328855,-14.440635178948057,57.9726650369247
286.52188966315754,-53.51520128359051,2.5853277224816598,6.369699960067848,-14.438799278318857,58.06229220566962
286.5381309966995,-53.512114049099516,2.5854049732861113,6.372795918730489,-14.436965186752687,58.15190813234609
286.5543687042771,-53.50901700617781,2.5854822541601736,6.375894163074289,-14.43513290582958,58.24151260522766
286.5706027742027,-53.50591014340152,2.585559565241651,6.378994695857083,-14.433302437129203,58.33110541258803
286.58683319477865,-53.50279344935036,2.585636906668348,6.382097519837011,-14.431473782230924,58.42068634270083
286.60305995429786,-53.49966691260759,2.58571427857807,6.385202637772545,-14.429646942713754,58.510255183839895
286.61928304104345,-53.496530521759986,2.585791681108619,6.388310052422476,-14.427821920156429,58.599811724278815
286.63550244328906,-53.49338426539795,2.5858691143978016,6.3914197665459245,-14.425998716137322,58.68935575229132
286.6517181492988,-53.49022813211538,2.5859465785834197,6.394531782902378,-14.4241773322345,58.77888705615104
286.66793014732735,-53.48706211050976,2.58602407380328,6.397646104251656,-14.422357770025716,58.86840542413174
286.6841384256198,-53.48388618918217,2.5861016001951858,6.400762733353926,-14.420540031088409,58.95791064450709
286.70034297241205,-53.48070035673719,2.5861791578969395,6.403881672969758,-14.418724116999703,59.04740250555077
286.7165437759304,-53.477504601783025,2.586256747046349,6.40700292586004,-14.416910029336409,59.13688079553649
286.73274082439207,-53.474298912931424,2.586334367781215,6.410126494786069,-14.415097769675056,59.22634530273789
286.7489341060048,-53.47108327879773,2.586412020239345,6.413252382509521,-14.413287339591818,59.31579581542869
286.7651236089674,-53.46785768800083,2.5864897045585407,6.416380591792471,-14.411478740662613,59.405232121882655
286.7813093214691,-53.46462212916322,2.586567420876607,6.419511125397373,-14.409671974463041,59.49465401037339
286.79749123169046,-53.46137659091098,2.5866451693313497,6.422643986087108,-14.407867042568384,59.58406126917469
286.8136693278026,-53.45812106187372,2.5867229500605706,6.42577917662494,-14.406063946553667,59.673453686560016
286.8298435979677,-53.4548555306847,2.5868007632020755,6.428916699774586,-14.404262687993594,59.76283105080332
286.84601403033895,-53.45157998598072,2.5868786088936697,6.432056558300161,-14.402463268462572,59.85219315017808
286.86218061306073,-53.44829441640219,2.586956487273155,6.435198754966242,-14.400665689534737,59.94153977295814
286.8783433342683,-53.444998810593106,2.5870343984783366,6.438343292537814,-14.39886995278393,60.03087070741717
286.89450218208816,-53.44169315720107,2.5871123426470195,6.441490173780334,-14.397076059783696,60.120185741828884
286.9106571446379,-53.43837744487726,2.587190319917008,6.444639401459687,-14.395284012107313,60.2094846644668
