galstreams/tracks/track.st.C-4.ibata2021.ecsv
# %ECSV 0.9
# ---
# datatype:
# - {name: ra, unit: deg, datatype: float64}
# - {name: dec, unit: deg, datatype: float64}
# - {name: distance, unit: kpc, datatype: float64}
# - {name: pm_ra_cosdec, unit: mas / yr, datatype: float64}
# - {name: pm_dec, unit: mas / yr, datatype: float64}
# - {name: radial_velocity, unit: km / s, datatype: float64}
# delimiter: ','
# meta: !!omap
# - __serialized_columns__:
#     dec:
#       __class__: astropy.coordinates.angles.Latitude
#       unit: &id001 !astropy.units.Unit {unit: deg}
#       value: !astropy.table.SerializedColumn {name: dec}
#     distance:
#       __class__: astropy.coordinates.distances.Distance
#       unit: !astropy.units.Unit {unit: kpc}
#       value: !astropy.table.SerializedColumn {name: distance}
#     pm_dec:
#       __class__: astropy.units.quantity.Quantity
#       unit: !astropy.units.Unit {unit: mas / yr}
#       value: !astropy.table.SerializedColumn {name: pm_dec}
#     pm_ra_cosdec:
#       __class__: astropy.units.quantity.Quantity
#       unit: !astropy.units.Unit {unit: mas / yr}
#       value: !astropy.table.SerializedColumn {name: pm_ra_cosdec}
#     ra:
#       __class__: astropy.coordinates.angles.Longitude
#       unit: *id001
#       value: !astropy.table.SerializedColumn {name: ra}
#       wrap_angle: !astropy.coordinates.Angle
#         unit: *id001
#         value: 360.0
#     radial_velocity:
#       __class__: astropy.units.quantity.Quantity
#       unit: !astropy.units.Unit {unit: km / s}
#       value: !astropy.table.SerializedColumn {name: radial_velocity}
# schema: astropy-2.0
ra,dec,distance,pm_ra_cosdec,pm_dec,radial_velocity
[from data line 1249]
247.96071858972388,77.99613576491332,3.2170770191788334,-15.87723720868638,15.462301158572819,2.5262301389617013e-14
247.98029453517188,77.98687724528632,3.2171602689196064,-15.876390465637266,15.471901637225839,1.6841534259744676e-14
247.99982682573207,77.97761579286583,3.2172468528417055,-15.875548815886532,15.481486637088365,8.420767129872338e-15
248.0193155248586,77.96835141087908,3.2173367762753107,-15.874712257487563,15.491056158503376,2.5262301389617013e-14
248.03876069586946,77.95908410254098,3.2174300445506,-15.873880788466582,15.500610201765692,8.420767129872338e-15
248.05816240194684,77.94981387105427,3.2175266629977504,-15.873054406822746,15.510148767122205,-2.5262301389617013e-14
248.07752070613725,77.94054071960946,3.2176266369469433,-15.872233110528217,15.519671854771847,-2.5262301389617013e-14
248.096835671352,77.9312646513849,3.2177299717283567,-15.871416897528222,15.529179464865908,8.420767129872338e-15
248.11610736036747,77.92198566954673,3.2178366726721688,-15.870605765741152,15.538671597507985,-1.6841534259744676e-14
248.13533583582517,77.91270377724904,3.2179467451085584,-15.869799713058645,15.548148252754256,-1.6841534259744676e-14
248.15452116023224,77.90341897763372,3.218060194367706,-15.868998737345635,15.557609430613473,5.894536990910637e-14
248.17366339596174,77.89413127383064,3.218177025779788,-15.86820283644045,15.567055131047221,8.420767129872338e-15
248.19276260525265,77.88484066895754,3.218297244674985,-15.867412008154911,15.576485353969932,-8.420767129872338e-15
248.2118188502105,77.8755471661202,3.2184208563834744,-15.86662625027434,15.585900099249079,3.368306851948935e-14
248.23083219280747,77.86625076841231,3.2185478662354363,-15.865845560557698,15.595299366705298,2.5262301389617013e-14
248.24980269488262,77.85695147891559,3.2186782795610487,-15.865069936737653,15.604683156112461,-1.6841534259744676e-14
248.26873041814227,77.84764930069981,3.218812101690491,-15.864299376520606,15.61405146719787,3.368306851948935e-14
248.28761542416032,77.83834423682273,3.2189493379539416,-15.863533877586804,15.623404299642337,-1.6841534259744676e-14
248.30645777437834,77.82903629033025,3.219089993681579,-15.862773437590443,15.632741653080334,1.6841534259744676e-14
248.3252575301061,77.81972546425631,3.2192340742035825,-15.862018054159622,15.642063527100131,-3.368306851948935e-14
248.34401475252145,77.81041176162299,3.219381584850131,-15.861267724896578,15.651369921243816,3.368306851948935e-14
248.36272950267116,77.80109518544052,3.219532530951403,-15.86052244737763,15.660660835007626,1.6841534259744676e-14
248.38140184147073,77.79177573870724,3.219686917837577,-15.859782219153269,15.669936267841853,2.5262301389617013e-14
248.40003182970491,77.78245342440975,3.219844750838833,-15.859047037748287,15.6791962191511,0.0
248.41861952802768,77.77312824552281,3.2200060352853495,-15.858316900661832,15.688440688294365,4.210383564936169e-14
248.43716499696308,77.7638002050094,3.2201707765073033,-15.857591805367367,15.697669674585217,1.6841534259744676e-14
248.45566829690486,77.75446930582076,3.2203389798348754,-15.856871749312901,15.706883177291788,1.6841534259744676e-14
248.4741294881172,77.74513555089642,3.220510650598244,-15.856156729920947,15.716081195637049,1.6841534259744676e-14
248.4925486307348,77.73579894316417,3.220685794127588,-15.855446744588617,15.725263728798852,-1.6841534259744676e-14
248.51092578476306,77.72645948554015,3.2208644157530864,-15.854741790687713,15.734430775910068,3.368306851948935e-14
248.5292610100787,77.7171171809288,3.2210465208049173,-15.854041865564742,15.743582336058708,-2.5262301389617013e-14
248.54755436642964,77.70777203222295,3.22123211461326,-15.853346966541023,15.752718408288063,1.6841534259744676e-14
248.56580591343538,77.69842404230377,3.221421202508293,-15.852657090912773,15.7618389915968,8.420767129872338e-15
248.5840157105877,77.6890732140409,3.2216137898201946,-15.851972235951035,15.77094408493914,2.5262301389617013e-14
248.60218381725016,77.67971955029232,3.221809881879145,-15.851292398901949,15.78003368722487,0.0
248.62031029265898,77.67036305390451,3.222009484015323,-15.850617576986663,15.789107797319605,0.0
248.63839519592307,77.6610037277124,3.2222126015589065,-15.849947767401439,15.79816641404479,5.0524602779234026e-14
248.65643858602454,77.6516415745394,3.2224192398400735,-15.849282967317695,15.807209536177947,1.6841534259744676e-14
248.67444052181844,77.64227659719742,3.222629404189005,-15.848623173882144,15.816237162452627,3.368306851948935e-14
248.6924010620337,77.63290879848692,3.2228430999358784,-15.847968384216726,15.825249291558707,3.368306851948935e-14
248.71032026527286,77.62353818119689,3.223060332410872,-15.847318595418795,15.834245922142403,4.210383564936169e-14
248.72819819001273,77.6141647481049,3.2232811069441665,-15.84667380456108,15.843227052806439,-3.368306851948935e-14
248.74603489460432,77.60478850197711,3.2235054288659386,-15.846034008691849,15.852192682110115,5.0524602779234026e-14
248.76383043727353,77.59540944556828,3.2237333035063687,-15.845399204834788,15.861142808569507,3.368306851948935e-14
248.78158487612095,77.5860275816218,3.2239647361956343,-15.844769389989299,15.870077430657549,-2.5262301389617013e-14
248.79929826912237,77.57664291286976,3.2241997322639158,-15.84414456113037,15.8789965468041,-8.420767129872338e-15
248.81697067412918,77.56725544203286,3.2244382970413907,-15.843524715208712,15.887900155396158,2.5262301389617013e-14
248.83460214886844,77.55786517182052,3.2246804358582386,-15.842909849150768,15.896788254777944,3.368306851948935e-14
248.8521927509432,77.54847210493088,3.2249261540446366,-15.842299959858835,15.905660843251,1.6841534259744676e-14
248.8697425378327,77.53907624405078,3.2251754569307667,-15.841695044211097,15.9145179190743,8.420767129872338e-15
248.8872515668929,77.52967759185587,3.225428349846805,-15.841095099061594,15.923359480464457,0.0
248.90471989535632,77.52027615101052,3.2256848381229304,-15.840500121240433,15.932185525595726,3.368306851948935e-14
248.92214758033282,77.51087192416793,3.2259449270893237,-15.839910107553692,15.940996052600216,-8.420767129872338e-15
248.93953467880937,77.50146491397011,3.226208622076162,-15.839325054783583,15.949791059567936,8.420767129872338e-15
248.95688124765064,77.49205512304788,3.226475928413624,-15.838744959688462,15.95857054454696,1.6841534259744676e-14
248.9741873435993,77.48264255402093,3.2267468514318907,-15.838169819002806,15.967334505543565,8.420767129872338e-15
248.99145302327602,77.47322720949784,3.227021396461138,-15.83759962943743,15.97608294052231,3.368306851948935e-14
249.00867834317987,77.46380909207603,3.2272995688315453,-15.837034387679402,15.984815847406125,1.6841534259744676e-14
249.02586335968866,77.4543882043419,3.227581373873293,-15.836474090392155,15.993533224076526,-4.210383564936169e-14
249.04300812905913,77.44496454887076,3.22786681691656,-15.835918734215493,16.002235068373615,8.420767129872338e-15
249.06011270742724,77.43553812822682,3.228155903291523,-15.835368315765715,16.010921378096313,6.73661370389787e-14
249.07717715080847,77.42610894496335,3.228448638328362,-15.834822831635556,16.019592151002414,3.368306851948935e-14
249.09420151509792,77.41667700162255,3.2287450273572555,-15.834282278394362,16.02824738480871,4.210383564936169e-14
249.11118585607088,77.40724230073563,3.2290450757083833,-15.833746652588003,16.036887077191075,3.368306851948935e-14
249.12813022938272,77.39780484482286,3.2293487887119228,-15.833215950739078,16.045511225784676,-2.5262301389617013e-14
249.14503469056945,77.38836463639353,3.2296561716980543,-15.832690169346812,16.054119828183964,0.0
249.16189929504782,77.37892167794602,3.2299672299969546,-15.832169304887213,16.062712881942932,8.420767129872338e-15
249.1787240981158,77.36947597196779,3.2302819689388045,-15.831653353813014,16.071290384575114,0.0
249.1955091549525,77.36002752093538,3.2306003938537824,-15.831142312553833,16.079852333553756,0.0
249.2122545206187,77.3505763273145,3.230922510072066,-15.830636177516157,16.088398726311937,-8.420767129872338e-15
249.22896025005707,77.34112239355996,3.2312483229238342,-15.830134945083373,16.096929560242632,8.420767129872338e-15
249.24562639809236,77.33166572211577,3.2315778377392683,-15.829638611615833,16.105444832698904,3.368306851948935e-14
249.2622530194316,77.32220631541509,3.231911059848544,-15.829147173450947,16.113944540993952,7.578690416885104e-14
249.27884016866471,77.31274417588025,3.2322479945818405,-15.828660626903112,16.122428682401306,5.894536990910637e-14
249.29538790026427,77.3032793059229,3.2325886472693393,-15.828178968263883,16.13089725415482,5.894536990910637e-14
249.31189626858617,77.29381170794382,3.232933023241216,-15.827702193801887,16.13935025344891,2.5262301389617013e-14
249.32836532786953,77.2843413843331,3.233281127827651,-15.827230299763047,16.147787677438593,5.894536990910637e-14
249.34479513223746,77.2748683374701,3.2336329663588232,-15.82676328237038,16.156209523239657,1.6841534259744676e-14
249.3611857356967,77.26539256972343,3.233988544164911,-15.826301137824276,16.164615787928696,1.6841534259744676e-14
249.3775371921384,77.25591408345107,3.2343478665760927,-15.825843862302378,16.17300646854333,2.5262301389617013e-14
249.3938495553381,77.24643288100029,3.234710938922549,-15.825391451959687,16.18138156208223,2.5262301389617013e-14
249.41012287895603,77.2369489647077,3.2350777665344568,-15.82494390292862,16.189741065505235,1.6841534259744676e-14
249.4263572165375,77.22746233689926,3.2354483547419948,-15.824501211318998,16.19808497573356,8.420767129872338e-15
249.44255262151287,77.21797299989039,3.235822708875343,-15.824063373218118,16.20641328964979,-1.6841534259744676e-14
249.45870914719822,77.20848095598583,3.23620083426468,-15.823630384690786,16.214726004098072,2.5262301389617013e-14
249.4748268467952,77.19898620747975,3.236582736240184,-15.823202241779375,16.223023115884214,8.420767129872338e-15
249.4909057733916,77.18948875665578,3.2369684201320346,-15.822778940503817,16.231304621775756,1.6841534259744676e-14
249.50694597996136,77.17998860578699,3.2373578912704093,-15.822360476861686,16.239570518502127,5.894536990910637e-14
249.52294751936512,77.1704857571359,3.237751154985488,-15.821946846828194,16.24782080275477,1.6841534259744676e-14
249.53891044435002,77.16098021295457,3.23814821660745,-15.821538046356293,16.256055471187167,1.6841534259744676e-14
249.5548348075504,77.15147197548448,3.238549081466473,-15.821134071376662,16.264274520415057,0.0
249.57072066148794,77.14196104695674,3.2389537548927363,-15.82073491779771,16.272477947016498,3.368306851948935e-14
249.58656805857177,77.13244742959189,3.2393622422164188,-15.820340581505706,16.28066574753201,8.420767129872338e-15
249.60237705109884,77.12293112560012,3.239774548767699,-15.819951058364738,16.28883791846459,1.6841534259744676e-14
249.6181476912542,77.11341213718113,3.240190679876756,-15.819566344216764,16.296994456279954,0.0
