galstreams/tracks/track.st.NGC1851.ibata2021.ecsv
# %ECSV 0.9
# ---
# datatype:
# - {name: ra, unit: deg, datatype: float64}
# - {name: dec, unit: deg, datatype: float64}
# - {name: distance, unit: kpc, datatype: float64}
# - {name: pm_ra_cosdec, unit: mas / yr, datatype: float64}
# - {name: pm_dec, unit: mas / yr, datatype: float64}
# - {name: radial_velocity, unit: km / s, datatype: float64}
# delimiter: ','
# meta: !!omap
# - __serialized_columns__:
#     dec:
#       __class__: astropy.coordinates.angles.Latitude
#       unit: &id001 !astropy.units.Unit {unit: deg}
#       value: !astropy.table.SerializedColumn {name: dec}
#     distance:
#       __class__: astropy.coordinates.distances.Distance
#       unit: !astropy.units.Unit {unit: kpc}
#       value: !astropy.table.SerializedColumn {name: distance}
#     pm_dec:
#       __class__: astropy.units.quantity.Quantity
#       unit: !astropy.units.Unit {unit: mas / yr}
#       value: !astropy.table.SerializedColumn {name: pm_dec}
#     pm_ra_cosdec:
#       __class__: astropy.units.quantity.Quantity
#       unit: !astropy.units.Unit {unit: mas / yr}
#       value: !astropy.table.SerializedColumn {name: pm_ra_cosdec}
#     ra:
#       __class__: astropy.coordinates.angles.Longitude
#       unit: *id001
#       value: !astropy.table.SerializedColumn {name: ra}
#       wrap_angle: !astropy.coordinates.Angle
#         unit: *id001
#         value: 360.0
#     radial_velocity:
#       __class__: astropy.units.quantity.Quantity
#       unit: !astropy.units.Unit {unit: km / s}
#       value: !astropy.table.SerializedColumn {name: radial_velocity}
# schema: astropy-2.0
ra,dec,distance,pm_ra_cosdec,pm_dec,radial_velocity
[from data line 138]
81.1982972015681,-49.3272898896302,14.174801192877432,2.2718861860580293,-0.378222996006467,2.1051917824680846e-14
81.18211549424137,-49.31755104665467,14.171726760469033,2.27234421754857,-0.37922661486338727,6.315575347404253e-15
81.1659871857178,-49.30781030201996,14.168662090221613,2.272800517588599,-0.38022728581553666,2.1051917824680845e-15
81.14991218394805,-49.29806767762367,14.165607168826106,2.2732550910534703,-0.3812250116983852,1.2631150694808506e-14
81.13389039693739,-49.28832319524358,14.162561982973461,2.2737079428024765,-0.38221979535846684,-2.1051917824680845e-15
81.11792173274603,-49.27857687653793,14.159526519354616,2.274159077678895,-0.38321163965330585,2.315710960714893e-14
81.10200609948924,-49.26882874304597,14.156500764660512,2.2746085005100394,-0.3842005474513475,2.1051917824680845e-15
81.0861434053378,-49.25907881618829,14.153484705582093,2.2750562161073136,-0.3851865216318837,6.315575347404253e-15
81.07033355851796,-49.24932711726722,14.1504783288103,2.2755022292662552,-0.38616956508498274,1.6841534259744676e-14
81.05457646731192,-49.239573667467354,14.147481621036071,2.2759465447665916,-0.38714968071142,1.6841534259744676e-14
81.03887204005794,-49.229818487855795,14.144494568950352,2.2763891673722862,-0.38812687142260416,1.473634247727659e-14
81.02322018515063,-49.22006159938274,14.141517159244083,2.2768301018315906,-0.3891011401405094,2.315710960714893e-14
81.00762081104114,-49.21030302288172,14.138549378608205,2.277269352877097,-0.390072489797604,1.2631150694808506e-14
80.99207382623737,-49.200542779070176,14.135591213733665,2.2777069252257807,-0.39104092333678253,6.315575347404253e-15
80.9765791393043,-49.19078088854975,14.132642651311393,2.278142823579061,-0.3920064437112943,1.0525958912340423e-14
80.96113665886408,-49.18101737180674,14.129703678032335,2.2785770526228415,-0.3929690538846767,6.315575347404253e-15
80.94574629359632,-49.171252249212486,14.126774280587439,2.2790096170275675,-0.3939287568306844,2.1051917824680845e-15
80.93040795223828,-49.1614855410238,14.12385444566764,2.2794405214482705,-0.39488555553322346,4.210383564936169e-15
80.91512154358513,-49.15171726738336,14.120944159963884,2.279869770524624,-0.3958394529862813,2.1051917824680845e-15
80.89988697649008,-49.14194744832011,14.118043410167108,2.280297368880988,-0.3967904521938603,2.315710960714893e-14
80.88470415986465,-49.132176103749664,14.115152182968256,2.2807233211264637,-0.3977385561699108,1.894672604221276e-14
80.86957300267888,-49.12240325347473,14.112270465058268,2.281147631854941,-0.3986837679382633,1.2631150694808506e-14
80.85449341396146,-49.112628917185454,14.109398243128087,2.2815703056451464,-0.3996260905325617,6.315575347404253e-15
80.83946530280006,-49.102853114459876,14.10653550386865,2.281991347060702,-0.4005655269961985,1.894672604221276e-14
80.82448857834135,-49.09307586476448,14.103682233970908,2.282410760650163,-0.4015020803822467,2.947268495455318e-14
80.80956314979134,-49.08329718745405,14.100838420125793,2.282828550947077,-0.4024357537533975,1.0525958912340423e-14
80.79468892641555,-49.07351710177286,14.098004049024254,2.2832447224700307,-0.40336655018189005,2.1051917824680845e-15
80.77986581753912,-49.06373562685443,14.095179107357227,2.2836592797226984,-0.4042944727494512,8.420767129872338e-15
80.76509373254709,-49.053952781722195,14.092363581815654,2.2840722271938976,-0.4052195245472287,8.420767129872338e-15
80.75037258088452,-49.04416858528987,14.089557459090479,2.2844835693576293,-0.4061417086757264,1.894672604221276e-14
80.7357022720567,-49.03438305636183,14.086760725872642,2.284893310673138,-0.4070610282447421,4.210383564936169e-15
80.72108271562935,-49.024596213633544,14.083973368853083,2.2853014555849542,-0.407977486373301,4.210383564936169e-15
80.70651382122875,-49.014808075691874,14.08119537472275,2.2857080085229478,-0.4088910861895948,4.210383564936169e-15
80.69199549854196,-49.0050186610156,14.078426730172575,2.286112973902378,-0.40980183083091826,1.894672604221276e-14
80.67752765731692,-48.995227987975646,14.07566742189351,2.286516356123937,-0.4107097234436046,1.894672604221276e-14
80.66311020736272,-48.985436074835654,14.072917436576484,2.2869181595738137,-0.41161476718296586,2.1051917824680846e-14
80.6487430585497,-48.97564293975226,14.070176760912451,2.287318388623726,-0.4125169652132279,1.894672604221276e-14
80.63442612080965,-48.96584860077547,14.067445381592346,2.287717047630981,-0.41341632070747003,2.1051917824680846e-14
80.62015930413591,-48.95605307584915,14.06472328530711,2.2881141409385273,-0.4143128368475646,4.210383564936169e-15
80.60594251858365,-48.94625638281129,14.062010458747686,2.2885096728749903,-0.4152065168241119,-2.1051917824680845e-15
80.5917756742699,-48.936458539394515,14.059306888605015,2.2889036477547395,-0.4160973638363841,1.473634247727659e-14
80.57765868137375,-48.92665956322636,14.056612561570038,2.289296069877923,-0.41698538109226124,1.894672604221276e-14
80.56359145013653,-48.916859471829724,14.053927464333702,2.2896869435305276,-0.417870571808172,1.2631150694808506e-14
80.54957389086198,-48.90705828262321,14.05125158358694,2.2900762729844235,-0.4187529392090337,0.0
80.53560591391633,-48.89725601292158,14.048584906020697,2.2904640624974117,-0.41963248652819146,2.5262301389617013e-14
80.52168742972846,-48.88745267993606,14.045927418325913,2.290850316313278,-0.42050921700736166,1.6841534259744676e-14
80.5078183487901,-48.87764830077474,14.043279107193538,2.2912350386618376,-0.421383133896569,8.420767129872338e-15
80.49399858165594,-48.86784289244299,14.040639959314502,2.2916182337589897,-0.4222542404540901,1.0525958912340423e-14
80.48022803894375,-48.85803647184381,14.038009961379752,2.2919999058067604,-0.4231225399463951,8.420767129872338e-15
80.46650663133454,-48.848229055778226,14.03538910008023,2.2923800589933583,-0.4239880356480868,8.420767129872338e-15
80.45283426957269,-48.83842066094562,14.032777362106877,2.292758697493217,-0.4248507308418462,1.6841534259744676e-14
80.43921086446609,-48.8286113039442,14.03017473415063,2.293135825467051,-0.4257106288183723,4.210383564936169e-15
80.42563632688628,-48.8188010012713,14.027581202902438,2.2935114470618974,-0.42656773287632543,2.1051917824680846e-14
80.41211056776851,-48.80898976932375,14.024996755053238,2.293885566411169,-0.42742204632227077,2.1051917824680845e-15
80.39863349811202,-48.79917762439834,14.022421377293977,2.294258187634707,-0.4282735724706197,6.315575347404253e-15
80.38520502897998,-48.78936458269209,14.019855056315585,2.294629314838821,-0.42912231464357575,1.6841534259744676e-14
80.37182507149974,-48.779550660302654,14.017297778809013,2.2949989521163427,-0.4299682761710768,-2.1051917824680845e-15
80.35849353686294,-48.769735873228775,14.014749531465197,2.2953671035466776,-0.4308114603907383,1.473634247727659e-14
80.34521033632554,-48.75992023737054,14.012210300975086,2.2957337731958454,-0.4316518706478002,1.0525958912340423e-14
80.33197538120805,-48.75010376852976,14.009680074029616,2.2960989651165393,-0.43248951029506855,1.894672604221276e-14
80.31878858289558,-48.740286482410475,14.007158837319727,2.296462683348162,-0.43332438269286305,1.0525958912340423e-14
80.30564985283796,-48.730468394619145,14.004646577536363,2.296824931916888,-0.43415649120895977,0.0
80.29255910254992,-48.72064952066512,14.002143281370468,2.2971857148356984,-0.4349858392185372,1.6841534259744676e-14
80.27951624361101,-48.71082987596101,13.999648935512983,2.2975450361044407,-0.4358124301041239,2.5262301389617013e-14
80.26652118766596,-48.70100947582301,13.997163526654841,2.297902899709872,-0.4366362672555425,1.473634247727659e-14
80.2535738464246,-48.69118833547129,13.994687041486996,2.298259309625705,-0.4374573540698558,4.210383564936169e-15
80.24067413166208,-48.68136647003037,13.99221946670038,2.29861426981266,-0.43827569395131327,3.157787673702127e-14
80.22782195521883,-48.67154389452941,13.989760788985937,2.298967784218513,-0.43909129031130023,2.5262301389617013e-14
80.21501722900082,-48.661720623902696,13.98731099503461,2.2993198567781414,-0.43990414656828136,1.473634247727659e-14
80.20225986497954,-48.65189667298993,13.984870071537342,2.2996704914135733,-0.4407142661477505,1.473634247727659e-14
80.18954977519219,-48.64207205653656,13.982438005185072,2.300019692034037,-0.4415216524821766,8.420767129872338e-15
80.17688687174169,-48.63224678919421,13.980014782668745,2.3003674625360047,-0.4423263090109524,1.894672604221276e-14
80.16427106679679,-48.622420885521,13.977600390679289,2.300713806803248,-0.4431282391803437,1.0525958912340423e-14
80.15170227259222,-48.61259435998191,13.975194815907667,2.3010587287068742,-0.4439274464434344,6.315575347404253e-15
80.1391804014287,-48.60276722694918,13.972798045044804,2.3014022321053864,-0.4447239342600789,-2.1051917824680845e-15
80.1267053656731,-48.59293950070257,13.970410064781648,2.3017443208447212,-0.44551770609684793,6.315575347404253e-15
80.11427707775847,-48.58311119542981,13.968030861809138,2.302084998758304,-0.4463087654269796,1.894672604221276e-14
80.10189545018412,-48.57328232522693,13.96566042281822,2.302424269667089,-0.4470971157303284,1.0525958912340423e-14
80.08956039551576,-48.56345290409857,13.963298734499832,2.3027621373796126,-0.4478827604933137,1.473634247727659e-14
80.07727182638551,-48.553622945958416,13.960945783544917,2.3030986056920404,-0.44866570320887167,1.473634247727659e-14
80.06502965549205,-48.543792464629455,13.958601556644409,2.3034336783882114,-0.4494459473764032,-2.1051917824680845e-15
80.05283379560063,-48.53396147384444,13.956266040489263,2.3037673592396852,-0.4502234965017259,1.894672604221276e-14
80.04068415954316,-48.524129987246134,13.95393922177041,2.3040996520057946,-0.4509983540970246,1.0525958912340423e-14
80.02858066021835,-48.514298018387706,13.951621087178793,2.3044305604336857,-0.45177052368080123,8.420767129872338e-15
80.01652321059167,-48.50446558073313,13.949311623405361,2.304760088258367,-0.452540008777827,1.473634247727659e-14
80.00451172369553,-48.494632687657415,13.947010817141045,2.3050882392027634,-0.45330681291909386,4.210383564936169e-15
79.99254611262923,-48.48479935244709,13.944718655076795,2.305415016977752,-0.4540709396417647,1.6841534259744676e-14
79.98062629055916,-48.47496558830042,13.942435123903547,2.305740425282215,-0.4548323924891276,1.6841534259744676e-14
79.96875217071876,-48.46513140832783,13.940160210312245,2.3060644678030853,-0.4555911750105458,1.473634247727659e-14
79.95692366640861,-48.45529682555233,13.937893900993831,2.306387148215397,-0.45634729076141123,6.315575347404253e-15
79.94514069099655,-48.44546185290967,13.935636182639243,2.3067084701823246,-0.4571007433030969,4.210383564936169e-15
79.93340315791767,-48.43562650324879,13.93338704193943,2.307028437355234,-0.4578515362029091,2.1051917824680846e-14
79.92171098067433,-48.42579078933217,13.931146465585325,2.3073470533737317,-0.4585996730340429,0.0
79.91006407283642,-48.41595472383614,13.928914440267869,2.3076643218657056,-0.45934515737553133,1.473634247727659e-14
79.89846234804114,-48.40611831935124,13.926690952678012,2.3079802464473724,-0.46008799281220325,2.1051917824680846e-14
79.88690571999321,-48.39628158838258,13.924475989506693,2.3082948307233258,-0.4608281829346348,6.315575347404253e-15
79.875394102465,-48.38644454335013,13.922269537444848,2.3086080782865834,-0.46156573133910317,2.1051917824680846e-14
79.86392740929635,-48.376607196589084,13.920071583183423,2.3089199927186317,-0.4623006416275425,2.7367493172085098e-14
79.85250555439482,-48.36676956035021,13.917882113413357,2.30923057758947,-0.46303291740749813,0.0
79.84112845173571,-48.35693164680018,13.915701114825596,2.3095398364576583,-0.463762562292079,2.1051917824680845e-15
79.82979601536198,-48.347093468021875,13.913528574111078,2.309847772870363,-0.4644895798999157,4.210383564936169e-15
79.81850815938444,-48.33725503601476,13.911364477960744,2.310154390363404,-0.46521397385511387,1.473634247727659e-14
79.8072647979817,-48.32741636269524,13.909208813065534,2.3104596924613015,-0.4659357477872119,1.894672604221276e-14
79.79606584540026,-48.3175774598969,13.907061566116397,2.3107636826773117,-0.4666549053311321,1.473634247727659e-14
79.78491121595457,-48.307738339370935,13.904922723804265,2.311066364513485,-0.46737145012714154,1.894672604221276e-14
79.77380082402698,-48.29789901278642,13.902792272820086,2.311367741460708,-0.4680853858208053,4.210383564936169e-15
79.76273458406789,-48.288059491730685,13.900670199854801,2.3116678169987424,-0.4687967160629431,1.2631150694808506e-14
79.7517124105957,-48.27821978770961,13.898556491599347,2.3119665945962784,-0.469505444509587,2.5262301389617013e-14
79.7407342181969,-48.26837991214797,13.896451134744671,2.312264077710977,-0.47021157482193776,1.894672604221276e-14
79.72979992152607,-48.25853987638978,13.89435411598171,2.3125602697895125,-0.4709151106663212,1.6841534259744676e-14
79.71890943530592,-48.2486996916986,13.892265422001408,2.3128551742676215,-0.4716160557141458,1.0525958912340423e-14
79.70806267432735,-48.23885936925781,13.890185039494709,2.3131487945701448,-0.47231441364185983,1.0525958912340423e-14
79.69725955344941,-48.229018920171114,13.888112955152552,2.313441134111075,-0.4730101881309106,6.315575347404253e-15
79.68649998759946,-48.21917835546263,13.886049155665871,2.3137321962936026,-0.4737033828677004,1.2631150694808506e-14
79.67578389177302,-48.20933768607739,13.883993627725616,2.314021984510153,-0.4743940015435454,1.473634247727659e-14
79.66511118103392,-48.199496922881586,13.881946358022732,2.3143105021424386,-0.4750820478546341,1.2631150694808506e-14
79.65448177051435,-48.1896560766629,13.879907333248154,2.3145977525615025,-0.47576752550198553,1.0525958912340423e-14
79.64389557541475,-48.179815158130864,13.877876540092823,2.3148837391277595,-0.47645043819140875,1.2631150694808506e-14
79.63335251100393,-48.16997417791712,13.875853965247686,2.3151684651910447,-0.47713078963346045,8.420767129872338e-15
79.62285249261913,-48.16013314657579,13.873839595403677,2.3154519340906545,-0.47780858354340555,1.473634247727659e-14
79.61239543566589,-48.150292074583774,13.871833417251743,2.3157341491553907,-0.4784838236411759,1.6841534259744676e-14
79.60198125561823,-48.1404509723411,13.869835417482824,2.3160151137036085,-0.47915651365132994,1.0525958912340423e-14
79.59160986801855,-48.13060985017116,13.86784558278786,2.316294831043257,-0.4798266573030119,1.6841534259744676e-14
79.58128118847772,-48.12076871832116,13.8658638998578,2.3165733044719237,-0.4804942583299133,1.0525958912340423e-14
79.57099513267508,-48.11092758696227,13.863890355383575,2.31685053727688,-0.48115932047023213,1.894672604221276e-14
79.56075161635842,-48.10108646619009,13.861924936056127,2.317126532735125,-0.48182184746663304,1.2631150694808506e-14
79.550550555344,-48.09124536602488,13.859967628566407,2.3174012941134228,-0.48248184306620817,1.894672604221276e-14
79.54039186551663,-48.08140429641192,13.858018419605349,2.317674824668357,-0.4831393110204393,-2.1051917824680845e-15
79.53027546282956,-48.07156326722175,13.8560772958639,2.3179471276463675,-0.4837942550851556,1.0525958912340423e-14
79.52020126330463,-48.06172228825057,13.854144244032996,2.3182182062837926,-0.48444667902049926,1.6841534259744676e-14
79.51016918303215,-48.05188136922051,13.852219250803582,2.318488063806918,-0.4850965865908834,4.210383564936169e-15
79.50017913817095,-48.04204051977993,13.850302302866595,2.318756703432016,-0.4857439815649554,-6.315575347404253e-15
79.49023104494847,-48.03219974950377,13.84839338691298,2.3190241283653887,-0.48638886771555756,1.473634247727659e-14
79.48032481966064,-48.022359067893795,13.84649248963368,2.319290341803411,-0.4870312488196907,4.210383564936169e-15
79.47046037867192,-48.012518484378944,13.844599597719634,2.319555346932578,-0.48767112865847473,2.1051917824680845e-15
79.46063763841535,-48.002678008315684,13.842714697861783,2.3198191469295426,-0.48830851101711276,2.1051917824680845e-15
