galstreams/tracks/track.st.NGC288.ibata2024.ecsv
# %ECSV 1.0
# ---
# datatype:
# - {name: ra, unit: deg, datatype: float64}
# - {name: dec, unit: deg, datatype: float64}
# - {name: distance, unit: kpc, datatype: float64}
# - {name: pm_ra_cosdec, unit: mas / yr, datatype: float64}
# - {name: pm_dec, unit: mas / yr, datatype: float64}
# - {name: radial_velocity, unit: km / s, datatype: float64}
# delimiter: ','
# meta: !!omap
# - __serialized_columns__:
#     dec:
#       __class__: astropy.coordinates.angles.Latitude
#       unit: &id001 !astropy.units.Unit {unit: deg}
#       value: !astropy.table.SerializedColumn {name: dec}
#     distance:
#       __class__: astropy.coordinates.distances.Distance
#       unit: !astropy.units.Unit {unit: kpc}
#       value: !astropy.table.SerializedColumn {name: distance}
#     pm_dec:
#       __class__: astropy.units.quantity.Quantity
#       unit: !astropy.units.Unit {unit: mas / yr}
#       value: !astropy.table.SerializedColumn {name: pm_dec}
#     pm_ra_cosdec:
#       __class__: astropy.units.quantity.Quantity
#       unit: !astropy.units.Unit {unit: mas / yr}
#       value: !astropy.table.SerializedColumn {name: pm_ra_cosdec}
#     ra:
#       __class__: astropy.coordinates.angles.Longitude
#       unit: *id001
#       value: !astropy.table.SerializedColumn {name: ra}
#       wrap_angle: !astropy.coordinates.Angle
#         unit: *id001
#         value: 360.0
#     radial_velocity:
#       __class__: astropy.units.quantity.Quantity
#       unit: !astropy.units.Unit {unit: km / s}
#       value: !astropy.table.SerializedColumn {name: radial_velocity}
# schema: astropy-2.0
ra,dec,distance,pm_ra_cosdec,pm_dec,radial_velocity
[from data line 429]
12.694655771404916,-26.62057081827835,1.0000000000000007,4.1031344285431945,-5.698091462158049,-51.25643551726144
12.700455010581823,-26.634751790998298,1.0000000000000007,4.102810712662341,-5.700601392774885,-51.51225570980484
12.706228706579193,-26.64893715038552,1.0000000000000007,4.102486118586594,-5.7031094614389986,-51.7688891787352
12.71197688784336,-26.6631268932025,1.0000000000000007,4.102160644688922,-5.705615671338021,-52.02632872715745
12.717699582819346,-26.677321016196554,1.0000000000000007,4.10183428934654,-5.708120025657365,-52.28456715817653
12.723396819950926,-26.69151951610012,1.0000000000000007,4.1015070509409055,-5.710622527580215,-52.54359727489741
12.729068627680638,-26.705722389630644,1.0000000000000007,4.101178927857737,-5.71312318028752,-52.803411880425024
12.734715034449787,-26.719929633490608,1.0000000000000007,4.100849918487004,-5.715621986957988,-53.06400377786426
12.740336068698527,-26.734141244367727,1.0000000000000009,4.100520021222946,-5.718118950768102,-53.325365770320126
12.745931758865789,-26.748357218934643,1.0000000000000007,4.100189234464058,-5.720614074892104,-53.58749066089756
12.751502133389353,-26.762577553849138,1.0000000000000009,4.099857556613108,-5.723107362501982,-53.85037125270147
12.757047220705886,-26.776802245754126,1.0000000000000007,4.099524986077143,-5.725598816767496,-54.11400034883683
12.762567049250901,-26.79103129127759,1.0000000000000007,4.099191521267475,-5.728088440856142,-54.37837075240854
12.768061647458865,-26.80526468703281,1.0000000000000007,4.098857160599709,-5.730576237933178,-54.643475266521584
12.77353104376313,-26.819502429618055,1.0000000000000007,4.098521902493725,-5.733062211161602,-54.90930669428092
12.778975266596014,-26.83374451561684,1.0000000000000007,4.098185745373701,-5.735546363702163,-55.17585783879142
12.784394344388774,-26.847990941597782,1.0000000000000007,4.097848687668102,-5.738028698713346,-55.4431215031581
12.789788305571703,-26.86224170411487,1.0000000000000007,4.0975107278096905,-5.740509219351381,-55.711090490485844
12.795157178574058,-26.876496799707134,1.0000000000000007,4.097171864235531,-5.742987928770234,-55.97975760387962
12.80050099182415,-26.890756224898887,1.0000000000000007,4.096832095386993,-5.745464830121603,-56.2491156464444
12.805819773749322,-26.90501997619968,1.0000000000000009,4.096491419709751,-5.747939926554915,-56.519157421285094
12.811113552775993,-26.919288050104253,1.0000000000000007,4.096149835653798,-5.750413221217341,-56.789875731506655
12.816382357329697,-26.933560443092794,1.0000000000000007,4.095807341673437,-5.752884717253756,-57.061263380214
12.821626215835055,-26.94783715163059,1.0000000000000007,4.095463936227293,-5.755354417806778,-57.33331317051209
12.826845156715835,-26.9621181721683,1.0000000000000007,4.095119617778318,-5.7578223260167425,-57.60601790550587
12.832039208394962,-26.97640350114187,1.0000000000000007,4.094774384793791,-5.7602884450217005,-57.8793703883003
12.837208399294518,-26.990693134972528,1.0000000000000007,4.094428235745319,-5.762752777957419,-58.15336342200031
12.842352757835839,-27.004987070067017,1.0000000000000007,4.0940811691088514,-5.7652153279573835,-58.4279898097108
12.847472312439429,-27.019285302817252,1.0000000000000007,4.09373318336467,-5.767676098152788,-58.70324235453678
12.85256709152506,-27.033587829600584,1.0000000000000007,4.0933842769974085,-5.770135091672537,-58.979113859583144
12.857637123511765,-27.047894646779746,1.0000000000000007,4.09303444849604,-5.772592311643242,-59.25559712795486
12.862682436817854,-27.06220575070283,1.0000000000000007,4.092683696353893,-5.775047761189213,-59.532684962756875
12.867703059860984,-27.076521137703484,1.0000000000000007,4.092332019068653,-5.777501443432471,-59.81037016709408
12.872699021058102,-27.09084080410064,1.0000000000000007,4.09197941514236,-5.779953361492728,-60.088645544071525
12.877670348825529,-27.10516474619874,1.0000000000000007,4.091625883081422,-5.782403518487397,-60.36750389679402
12.882617071578947,-27.119492960287616,1.0000000000000007,4.09127142139661,-5.784851917531586,-60.6469380283666
12.887539217733478,-27.133825442642745,1.0000000000000007,4.090916028603069,-5.787298561738084,-60.92694074189417
12.892436815703617,-27.14816218952496,1.0000000000000007,4.090559703220315,-5.789743454217387,-61.20750484048168
12.897309893903326,-27.162503197180627,1.0000000000000007,4.090202443772245,-5.792186598077659,-61.48862312723409
12.902158480746033,-27.17684846184165,1.0000000000000007,4.08984424878714,-5.79462799642476,-61.77028840525632
12.906982604644647,-27.191197979725434,1.0000000000000007,4.089485116797662,-5.797067652362229,-62.05249347765331
12.911782294011614,-27.205551747035084,1.0000000000000007,4.08912504634087,-5.799505568991279,-62.335231147530024
12.916557577258887,-27.219909759959144,1.0000000000000007,4.088764035958212,-5.801941749410808,-62.61849421799138
12.921308482797988,-27.234272014671788,1.0000000000000007,4.088402084195535,-5.8043761967173815,-62.902275492142344
12.926035039040022,-27.2486385073328,1.0000000000000009,4.088039189603089,-5.80680891400524,-63.18656777308787
12.930737274395685,-27.26300923408753,1.0000000000000007,4.087675350735528,-5.809239904366288,-63.47136386393282
12.93541521727534,-27.27738419106715,1.0000000000000007,4.087310566151919,-5.811669170890107,-63.75665656778223
12.940068896088961,-27.291763374388317,1.0000000000000007,4.086944834415736,-5.814096716663936,-64.042438687741
12.944698339246212,-27.306146780153405,1.0000000000000007,4.086578154094878,-5.8165225447726705,-64.3287030269141
12.94930357515644,-27.320534404450466,1.0000000000000007,4.0862105237616575,-5.818946658298879,-64.61544238840644
12.953884632228752,-27.33492624335338,1.0000000000000007,4.085841941992816,-5.821369060322775,-64.90264957532297
12.958441538871968,-27.34932229292162,1.0000000000000007,4.085472407369527,-5.823789753922231,-65.19031739076866
12.962974323494683,-27.363722549200457,1.0000000000000007,4.085101918477387,-5.826208742172774,-65.4784386378484
12.967483014505282,-27.378127008220897,1.0000000000000007,4.08473047390644,-5.8286260281475775,-65.76700611966717
12.971967640311972,-27.392535665999713,1.0000000000000007,4.08435807225116,-5.831041614917461,-66.05601263932992
12.976428229322822,-27.406948518539604,1.0000000000000007,4.083984712110476,-5.833455505550895,-66.34545099994156
12.98086480994574,-27.421365561828946,1.0000000000000007,4.08361039208776,-5.835867703113989,-66.63531400460705
12.98527741058852,-27.43578679184198,1.0000000000000007,4.08323511079083,-5.838278210670486,-66.92559445643133
12.989666059658884,-27.450212204538804,1.0000000000000007,4.082858866831969,-5.8406870312817825,-67.21628515851937
12.994030785564478,-27.46464179586535,1.0000000000000007,4.0824816588279145,-5.843094168006898,-67.50737891397608
12.998371616712944,-27.479075561753582,1.0000000000000007,4.08210348539987,-5.845499623902485,-67.79886852590639
13.002688581511878,-27.493513498121207,1.0000000000000007,4.081724345173502,-5.847903402022831,-68.09074679741525
13.00698170836889,-27.5079556008719,1.0000000000000007,4.081344236778954,-5.850305505419849,-68.38300653160768
13.011251025691646,-27.522401865895304,1.0000000000000007,4.080963158850843,-5.852705937143086,-68.67564053158853
13.015496561887838,-27.536852289066946,1.0000000000000007,4.08058111002826,-5.8551047002396945,-68.96864160046273
13.0197183453653,-27.551306866248506,1.0000000000000007,4.080198088954784,-5.857501797754469,-69.2620025413353
13.023916404531928,-27.565765593287495,1.0000000000000007,4.07981409427848,-5.859897232729809,-69.55571615731114
13.02809076779577,-27.580228466017484,1.0000000000000007,4.0794291246519006,-5.862291008205735,-69.8497752514952
13.032241463565027,-27.594695480258046,1.0000000000000007,4.079043178732094,-5.864683127219881,-70.14417262699241
13.036368520248118,-27.609166631814958,1.0000000000000007,4.078656255180608,-5.867073592807492,-70.43890108690773
13.040471966253639,-27.623641916479908,1.0000000000000009,4.078268352663488,-5.869462408001428,-70.73395343434612
13.044551829990437,-27.63812133003072,1.0000000000000007,4.077879469851294,-5.8718495758321465,-71.02932247241247
13.048608139867618,-27.652604868231364,1.0000000000000007,4.077489605419083,-5.874235099327717,-71.32500100421176
13.052640924294568,-27.66709252683184,1.0000000000000007,4.077098758046436,-5.876618981513811,-71.62098183284891
13.05665021168102,-27.681584301568503,1.0000000000000007,4.076706926417448,-5.879001225413695,-71.91725776142887
13.06063603043701,-27.69608018816368,1.0000000000000009,4.07631410922073,-5.8813818340482396,-72.21382159305662
13.064598408972959,-27.71058018232596,1.0000000000000007,4.07592030514943,-5.883760810435909,-72.51066613083704
13.068537375699668,-27.725084279750142,1.0000000000000007,4.075525512901212,-5.8861381575927565,-72.80778417787513
13.072452959028352,-27.739592476117185,1.0000000000000007,4.075129731178278,-5.888513878532432,-73.10516853727576
13.076345187370702,-27.754104767094482,1.0000000000000007,4.074732958687372,-5.8908879762661766,-73.40281201214397
13.08021408913884,-27.768621148335512,1.0000000000000007,4.074335194139765,-5.893260453802804,-73.70070740558464
13.0840596927454,-27.783141615480094,1.0000000000000007,4.073936436251288,-5.895631314148727,-73.99884752070272
13.087882026603529,-27.79766616415432,1.0000000000000009,4.073536683742306,-5.898000560307935,-74.29722516060316
13.091681119126946,-27.812194789970764,1.0000000000000007,4.073135935337747,-5.900368195281997,-74.59583312839088
13.095456998729926,-27.826727488528185,1.0000000000000007,4.072734189767088,-5.902734222070061,-74.89466422717085
13.099209693827339,-27.84126425541175,1.0000000000000007,4.072331445764368,-5.905098643668845,-75.19371126004802
13.102939232834698,-27.85580508619303,1.0000000000000007,4.071927702068187,-5.907461463072641,-75.49296703012729
13.106645644168166,-27.870349976430028,1.0000000000000007,4.071522957421716,-5.909822683273321,-75.79242434051365
13.110328956244592,-27.884898921667148,1.0000000000000007,4.071117210572697,-5.9121823072603155,-76.09207599431201
13.113989197481525,-27.899451917435254,1.0000000000000007,4.0707104602734425,-5.914540338020625,-76.39191479462734
13.117626396297258,-27.914008959251692,1.0000000000000004,4.07030270528085,-5.916896778538815,-76.69193354456456
13.121240581110841,-27.928570042620276,1.0000000000000007,4.0698939443563935,-5.919251631797008,-76.99212504722855
13.124831780342118,-27.94313516303137,1.0000000000000007,4.069484176266138,-5.921604900774891,-77.29248210572443
13.128400022411753,-27.95770431596185,1.0000000000000007,4.069073399780741,-5.92395658844971,-77.592997523157
13.131945335741243,-27.972277496875133,1.0000000000000007,4.068661613675444,-5.926306697796257,-77.89366410263123
13.135467748752971,-27.986854701221258,1.0000000000000007,4.068248816730098,-5.928655231786886,-78.19447464725208
13.138967289870212,-28.00143592443683,1.0000000000000007,4.067835007729153,-5.931002193391502,-78.49542196012443
13.142443987517174,-28.016021161945083,1.0000000000000009,4.067420185461658,-5.93334758557755,-78.79649884435332
13.145897870119017,-28.030610409155905,1.0000000000000009,4.067004348721285,-5.935691411310039,-79.09769810304365
13.149328966101878,-28.045203661465823,1.0000000000000007,4.066587496306304,-5.938033673551499,-79.39901253930036
13.152737303892915,-28.05980091425807,1.0000000000000007,4.066169627019616,-5.940374375262021,-79.70043495622835
13.156122911920315,-28.07440216290257,1.0000000000000007,4.065750739668732,-5.942713519399225,-80.00195815693267
13.159485818613339,-28.089007402756,1.0000000000000007,4.065330833065797,-5.945051108918275,-80.30357494451815
13.162826052402345,-28.10361662916176,1.0000000000000007,4.064909906027583,-5.94738714677187,-80.60527812208979
13.166143641718808,-28.118229837450045,1.0000000000000009,4.064487957375492,-5.94972163591024,-80.90706049275254
13.169438614995352,-28.132847022937835,1.0000000000000007,4.064064985935567,-5.9520545792811514,-81.2089148596113
13.17271100066579,-28.14746818092893,1.0000000000000007,4.063640990538484,-5.95438597982989,-81.51083402577105
13.175960827165142,-28.162093306713967,1.0000000000000007,4.0632159700195745,-5.956715840499285,-81.81281079433671
13.179188122929649,-28.176722395570444,1.0000000000000009,4.062789923218806,-5.959044164229674,-82.11483796841324
13.182392916396843,-28.191355442762752,1.0000000000000007,4.062362848980815,-5.961370953958928,-82.41690835110556
13.18557523600553,-28.205992443542186,1.0000000000000007,4.061934746154874,-5.963696212622442,-82.71901474551865
13.18873511019585,-28.220633393146958,1.0000000000000009,4.061505613594932,-5.966019943153118,-83.02114995475739
13.19187256740929,-28.23527828680226,1.0000000000000009,4.061075450159593,-5.9683421484813834,-83.3233067819268
13.194987636088724,-28.24992711972022,1.0000000000000009,4.060644254712135,-5.970662831535179,-83.62547803013182
13.198080344678429,-28.264579887100002,1.0000000000000009,4.0602120261204995,-5.972981995239953,-83.92765650247728
13.201150721624122,-28.279236584127766,1.0000000000000007,4.059778763257314,-5.975299642518674,-84.22983500206823
13.204198795372994,-28.293897205976723,1.0000000000000007,4.059344464999876,-5.977615776291817,-84.53200633200957
13.207224594373729,-28.30856174780716,1.0000000000000007,4.058909130230172,-5.979930399477354,-84.83416329540627
13.210228147076545,-28.323230204766453,1.0000000000000007,4.058472757834873,-5.9822435149907704,-85.13629869536328
13.213209481933209,-28.337902571989076,1.0000000000000007,4.058035346705345,-5.984555125745057,-85.43840533498553
13.216168627397076,-28.352578844596653,1.0000000000000007,4.057596895737643,-5.986865234650695,-85.74047601737789
13.219105611923121,-28.367259017697965,1.0000000000000007,4.05715740383253,-5.9891738446156735,-86.04250354564542
13.222020463967965,-28.38194308638898,1.0000000000000007,4.056716869895461,-5.99148095854547,-86.34448072289294
13.224913211989897,-28.39663104575287,1.0000000000000007,4.056275292836608,-5.993786579343062,-86.64640035222554
13.227783884448927,-28.41132289086004,1.0000000000000007,4.055832671570847,-5.99609070990892,-86.94825523674804
13.230632509806785,-28.426018616768147,1.0000000000000009,4.055389005017769,-5.998393353140997,-87.25003817956544
13.233459116526975,-28.440718218522132,1.0000000000000007,4.054944292101689,-6.000694511934748,-87.55174198378263
13.236263733074798,-28.45542169115425,1.0000000000000007,4.054498531751643,-6.002994189183106,-87.85335945250462
13.23904638791738,-28.470129029684053,1.0000000000000007,4.054051722901386,-6.005292387776485,-88.15488338883632
13.241807109523702,-28.484840229118465,1.0000000000000007,4.0536038644894115,-6.00758911060279,-88.45630659588272
13.244545926364628,-28.499555284451773,1.0000000000000007,4.053154955458945,-6.009884360547399,-88.75762187674866
13.247262866912953,-28.514274190665695,1.0000000000000007,4.052704994757949,-6.01217814049318,-89.05882203453915
13.249957959643416,-28.528996942729332,1.0000000000000007,4.05225398133913,-6.014470453320463,-89.35989987235915
13.252631233032728,-28.54372353559926,1.0000000000000007,4.051801914159942,-6.016761301907064,-89.66084819331354
13.255282715559613,-28.5584539642195,1.0000000000000007,4.05134879218258,-6.0190506891282585,-89.96165980050733
13.257912435704846,-28.573188223521615,1.0000000000000007,4.050894614374009,-6.021338617856822,-90.2623274970454
13.26052042195126,-28.587926308424645,1.0000000000000007,4.050439379705935,-6.023625090962967,-90.56284408603274
13.263106702783798,-28.602668213835216,1.0000000000000007,4.049983087154836,-6.025910111314384,-90.86320237057429
13.265671306689539,-28.61741393464749,1.0000000000000007,4.049525735701955,-6.028193681776237,-91.16339515377496
13.268214262157723,-28.632163465743236,1.0000000000000007,4.049067324333303,-6.030475805211142,-91.46341523873973
