galstreams/tracks/track.st.Pal5.ibata2020.ecsv
# %ECSV 0.9
# ---
# datatype:
# - {name: ra, unit: deg, datatype: float64}
# - {name: dec, unit: deg, datatype: float64}
# - {name: distance, unit: kpc, datatype: float64}
# - {name: pm_ra_cosdec, unit: mas / yr, datatype: float64}
# - {name: pm_dec, unit: mas / yr, datatype: float64}
# - {name: radial_velocity, unit: km / s, datatype: float64}
# delimiter: ','
# meta: !!omap
# - __serialized_columns__:
#     dec:
#       __class__: astropy.coordinates.angles.Latitude
#       unit: &id001 !astropy.units.Unit {unit: deg}
#       value: !astropy.table.SerializedColumn {name: dec}
#     distance:
#       __class__: astropy.coordinates.distances.Distance
#       unit: !astropy.units.Unit {unit: kpc}
#       value: !astropy.table.SerializedColumn {name: distance}
#     pm_dec:
#       __class__: astropy.units.quantity.Quantity
#       unit: !astropy.units.Unit {unit: mas / yr}
#       value: !astropy.table.SerializedColumn {name: pm_dec}
#     pm_ra_cosdec:
#       __class__: astropy.units.quantity.Quantity
#       unit: !astropy.units.Unit {unit: mas / yr}
#       value: !astropy.table.SerializedColumn {name: pm_ra_cosdec}
#     ra:
#       __class__: astropy.coordinates.angles.Longitude
#       unit: *id001
#       value: !astropy.table.SerializedColumn {name: ra}
#       wrap_angle: !astropy.coordinates.Angle
#         unit: *id001
#         value: 360.0
#     radial_velocity:
#       __class__: astropy.units.quantity.Quantity
#       unit: !astropy.units.Unit {unit: km / s}
#       value: !astropy.table.SerializedColumn {name: radial_velocity}
# schema: astropy-2.0
ra,dec,distance,pm_ra_cosdec,pm_dec,radial_velocity
223.09446153773624,-7.48347614489833,17.813346538952832,-2.9219270386565634,-3.6787075914611873,1.768361097273191e-13
223.1477660260873,-7.367653451390062,17.932217269644536,-2.9228809154642095,-3.6627172333570015,2.1051917824680845e-13
223.20157564568777,-7.252574115018802,18.049195025325584,-2.9237106128228962,-3.646818620209035,1.8525687685719145e-13
223.2558873287849,-7.138234095377321,18.16429232671663,-2.9244186436296604,-3.6310119924940434,1.347322740779574e-13
223.31069802866992,-7.024629349893688,18.277521694538343,-2.9250075133057845,-3.6152975920989094,1.0104920555846805e-13
223.36600471903745,-6.911755834002235,18.38889564951139,-2.9254797199452347,-3.5996756623955863,1.5578419190263825e-13
223.4218043933587,-6.799609501310556,18.498426712356448,-2.925837754460754,-3.5841464483123144,2.063087946818723e-13
223.4780940642694,-6.688186303762286,18.60612740379416,-2.926084100727668,-3.568710196401218,9.683882199353189e-14
223.53487076297014,-6.577482191796196,18.712010244545212,-2.926221235725444,-3.5533671549023325,1.0946997268834039e-13
223.59213153864133,-6.467493114501091,18.816087755330255,-2.9262516296770715,-3.538117573804183,1.3052189051302125e-13
223.64987345787083,-6.358215019766863,18.91837245686997,-2.926177746186275,-3.52296170490096,1.9788802755199994e-13
223.70809360409407,-6.249643854432056,19.018876869885013,-2.926002042372647,-3.50789980184639,1.9367764398706378e-13
223.76678907704732,-6.141775564427418,19.117613515096046,-2.9257269690047103,-3.4929321202043715,2.48412630331234e-13
223.8259569922332,-6.034606094915811,19.21459491322374,-2.9253549706309436,-3.4780589174964263,2.442022467662978e-13
223.88559448039797,-5.928131390428816,19.309833584988766,-2.9248884857088675,-3.4632804532460892,1.1789073981821273e-13
223.94569868702123,-5.8223473949995,19.403342051111782,-2.9243299467321675,-3.448596989020251,2.5262301389617017e-13
224.0062667718168,-5.71725005229188,19.495132832313455,-2.9236817803559263,-3.434008788467566,2.020984111169361e-13
224.06729590824548,-5.612835305726815,19.585218449314453,-2.922946407519995,-3.4195161173539534,2.063087946818723e-13
224.12878328303842,-5.50909909860484,19.67361142283544,-2.922126243570541,-3.4051192435953,1.5578419190263825e-13
224.19072609573212,-5.406037374225426,19.76032427359708,-2.9212236983798197,-3.390818437287396,2.063087946818723e-13
224.2531215582139,-5.303646076002985,19.845369522320045,-2.9202411764641756,-3.37661397073317,1.4736342477276593e-13
224.3159668942778,-5.201921147579977,19.928759689725,-2.9191810771003395,-3.3625061184673117,9.683882199353189e-14
224.37925933919104,-5.100858532936591,20.010507296532605,-2.918045794440041,-3.3484951572783035,2.568333974611063e-13
224.442996139271,-5.000454176497314,20.09062486346353,-2.9168377176229665,-3.3345813662279595,1.5999457546757442e-13
224.50717455147117,-4.900704023234788,20.169124911238438,-2.915559230888091,-3.320765026668486,2.6525416459097863e-13
224.57179184297812,-4.801604018770311,20.246019960577996,-2.914212713683431,-3.307046422257161,1.6841534259744677e-13
224.63684529081712,-4.703150109471604,20.32132253220287,-2.912800540774239,-3.293425838968681,1.5578419190263825e-13
224.70233218146788,-4.605338242547505,20.39504514683373,-2.9113250823496526,-3.2799035651051844,1.5999457546757442e-13
224.7682498104889,-4.5081643661401,20.467200325191232,-2.909788704127861,-3.2664798913040785,2.3578147963642546e-13
224.83459548215149,-4.411624429413768,20.53780058799605,-2.9081937674597844,-3.253155110543655,1.3052189051302125e-13
224.90136650908232,-4.315714382641472,20.606858455968847,-2.906542629431309,-3.239929518146591,2.2315032894161697e-13
224.96856021191482,-4.220430177288605,20.674386449830294,-2.9048376429641074,-3.2268034117813627,2.2736071250655313e-13
225.03617391894917,-4.125767766093881,20.740397090301045,-2.9030811569150563,-3.2137770914616266,2.063087946818723e-13
225.10420496582088,-4.03172310314756,20.80490289810177,-2.9012755161742874,-3.200850859543613,1.9367764398706378e-13
225.17265069517717,-3.9382921439673995,20.867916393953145,-2.8994230617618895,-3.188025020721586,2.3578147963642546e-13
225.24150845636206,-3.8454708455717013,20.929450098575824,-2.8975261309232967,-3.1752998820214167,2.6525416459097863e-13
225.31077560510892,-3.7532551665500464,20.989516532690484,-2.8955870572233557,-3.1626757527922997,2.063087946818723e-13
225.38044950324124,-3.6616410671313475,21.048128217017773,-2.893608170639149,-3.1501529446966896,2.568333974611063e-13
225.45052751838074,-3.570624509249776,21.105297672278372,-2.8915917976515253,-3.137731771698444,1.9367764398706378e-13
225.52100702366315,-3.480201456608011,21.161037419192947,-2.8895402613354255,-3.125412550049296,1.894672604221276e-13
225.59188539746165,-3.3903678747381063,21.215359978482155,-2.8874558814489806,-3.1131955982736286,1.7473091794485103e-13
225.66316002311703,-3.301119731060295,21.26827787086667,-2.885340974521414,-3.101081237151619,2.8630608241565947e-13
225.73482828867537,-3.212452994939219,21.319803617067144,-2.883197853939776,-3.089069789700805,2.6735935637344673e-13
225.8068875866327,-3.124363637738033,21.369949737804262,-2.881028830034519,-3.07716158115609,1.768361097273191e-13
225.8793353136865,-3.0368476328701317,21.418728753798675,-2.8788362101639406,-3.0653569389482476,2.063087946818723e-13
225.95216887049375,-2.9499009558489586,21.466153185771052,-2.876622298797497,-3.053656192680942,1.5788938368510635e-13
226.0253856614358,-2.863519584335398,21.512235554442068,-2.8743893975980295,-3.042059674106331,2.1683475359421271e-13
226.09898309438992,-2.7776994981830088,21.556988380532374,-2.8721398055028913,-3.0305677170992507,2.8420089063319143e-13
226.17295858050682,-2.692436679481455,21.600424184762655,-2.869875818804016,-3.0191806576300535,1.620997672500425e-13
226.2473095339946,-2.6077271125975825,21.642555487853553,-2.867599731226938,-3.0078988337361268,2.547282056786382e-13
226.3220333719094,-2.5235667842144425,21.68339481052575,-2.865313834008756,-2.9967225854920936,1.8104649329225526e-13
226.39712751395092,-2.4399516833686192,21.722954673499906,-2.863020415975102,-2.9856522549787994,2.442022467662978e-13
226.47258938226514,-2.3568778014852283,21.7612475974967,-2.8607217636160858,-2.974688186251036,3.136735755877446e-13
226.548416401252,-2.274341132411185,21.798286103236777,-2.8584201611612547,-2.9638307253041116,2.589385892435744e-13
226.62460599737943,-2.192337672446344,21.834082711440807,-2.856117890653569,-2.9530802200392436,3.3472549341242544e-13
226.7011555990023,-2.1108634203730707,21.868649942829464,-2.8538172320224247,-2.9424370202278416,2.7999050706825524e-13
226.77806263618763,-2.029914377483667,21.902000318123413,-2.851520463155711,-2.9319014774746868,1.894672604221276e-13
226.85532454054476,-1.9494865476059593,21.934146358043318,-2.849229859970939,-2.9214739451800704,1.7262572616238293e-13
226.9329387450609,-1.869575937127356,21.965100583309848,-2.8469476964854445,-2.9111547785008813,1.9157245220459568e-13
227.01090268394208,-1.790178555016855,21.99487551464366,-2.844676244885673,-2.900944334310719,2.9998982900170206e-13
227.08921379245928,-1.7112904128452795,22.023483672765426,-2.8424177755955577,-2.8908429711590067,1.9473023987829782e-13
227.16786950679906,-1.632907524804088,22.050937578395807,-2.8401745573440254,-2.8808510492291974,2.3788667141889356e-13
227.24686726391994,-1.5550259077221487,22.077249752255472,-2.8379488572316074,-2.8709689302960446,1.9578283576953187e-13
227.326204501413,-1.4776415810810406,22.102432715065092,-2.8357429407961785,-2.8611969776820003,1.8841466453089356e-13
227.4058786573677,-1.4007505670285114,22.126498987545325,-2.833559072077864,-2.8515355562127604,3.0525280845787227e-13
227.48588717024208,-1.3243488903906198,22.149461090416846,-2.8313995136830616,-2.8419850321719675,2.2315032894161697e-13
227.56622747873752,-1.2484325786820043,22.17133154440031,-2.8292665268476638,-2.832545773255133,1.1683814392697868e-13
227.64689702167846,-1.1729976621145606,22.192122870216384,-2.8271623714994254,-2.82321814852277,3.0525280845787227e-13
227.7278932378962,-1.0980401736048648,22.211847588585737,-2.825089306319523,-2.8140025283527756,1.9999321933446803e-13
227.8092135661169,-1.0235561487797793,22.230518220229044,-2.823049588803309,-2.804899284392109,1.8841466453089356e-13
227.8908554448544,-0.9495416259805496,22.248147285866953,-2.821045475320259,-2.7959087895077475,2.1051917824680845e-13
227.9728163123067,-0.875992646265713,22.26474730622014,-2.8190792211731295,-2.787031417736984,2.8946387008936164e-13
228.05509360625686,-0.8029052534122266,22.280330802009267,-2.8171530806563325,-2.7782675442370732,1.3315338024110635e-13
228.1376847639778,-0.7302754939153526,22.294910293955013,-2.815269307113543,-2.76961754523425,2.1051917824680845e-13
228.22058722214143,-0.658099416986943,22.30849830277802,-2.813430152994526,-2.7610817979721505,2.610437810260425e-13
228.303798416731,-0.5863730745526436,22.321107349198975,-2.811637869911211,-2.75266068065965,2.1788734948544676e-13
228.3873157829579,-0.5150925212474584,22.332749953938535,-2.8098947086930224,-2.7443545724181515,1.9367764398706378e-13
228.47113675518196,-0.44425381440995326,22.34343863771736,-2.808202919441454,-2.736163853228338,1.9262504809582973e-13
228.55525876683552,-0.37385301407543087,22.353185921256124,-2.8065647515839114,-2.728088903876412,1.0525958912340423e-13
228.63967925035078,-0.3038861829674804,22.362004325275493,-2.8049824539268235,-2.720130105899855,2.6183322794446803e-13
228.72439563709145,-0.23434938648844209,22.369906370496132,-2.8034582747080363,-2.7122878415327056,1.87098919666851e-13
228.8094053572871,-0.16523869270840985,22.3769045776387,-2.801994461648481,-2.7045624936504105,1.901251328541489e-13
228.89470583997127,-0.09655017235332497,22.38301146742387,-2.8005932620031353,-2.696954445714229,1.0479907842098934e-13
228.98029451292302,-0.028279898791557016,22.38823956057231,-2.799256922611284,-2.6894640817152475,2.0532198603384038e-13
229.06616880261174,0.03957605198071325,22.39260137780467,-2.7979876899460754,-2.682091786118005,1.181867824126223e-13
229.15232613414486,0.10702160135500123,22.396109439841638,-2.7967878101633907,-2.67483794380375,2.0005900657767017e-13
229.23876393121918,0.1740606681274694,22.39877626740387,-2.795659529150022,-2.6677029400133594,2.0788768851872335e-13
229.32547961607526,0.24069716851702067,22.400614381212023,-2.7946050925711763,-2.6606871602899265,9.262843842859572e-14
229.4124706094543,0.3069350161842188,22.40163630198678,-2.7936267459172903,-2.6537909904210353,2.3999186320136165e-13
229.49973433055885,0.3727781222516308,22.401854550448785,-2.7927267345501945,-2.647014816380764,1.3078503948582975e-13
229.58726819701573,0.4382303953250538,22.401281647318726,-2.79190730374859,-2.640359024271396,2.2104513715914888e-13
229.67506962484245,0.5032957415159992,22.399930113317264,-2.7911706987528824,-2.6338240002649003,1.8630947274842547e-13
229.76313602841577,0.5679780644648929,22.39781246916505,-2.7905191648093566,-2.627410130544161,1.2262742132876593e-13
229.85146482044362,0.6322812653655908,22.394941235582767,-2.7899549472136864,-2.621117801243998,1.4525823299029783e-13
229.94005341193946,0.6962092429908971,22.391328933291064,-2.789480291353821,-2.6149473983919886,2.0315100700817015e-13
230.02889921219932,0.759765893718779,22.386988083010618,-2.789097442752208,-2.608899307849102,2.7314863377523395e-13
230.1179996287814,0.8229551115598372,22.3819312054621,-2.788808647107393,-2.6029739152501703,1.2841669873055315e-13
230.20735206748842,0.8857807881857275,22.376170821366166,-2.7886161503349807,-2.597171605944213,6.894503087582976e-14
230.29695393235212,0.9482468129582233,22.36971945144348,-2.7885221986079687,-2.5914927649346287,1.0946997268834039e-13
230.3868026256207,1.0103570729594977,22.36258961641472,-2.788529038396447,-2.5859377768192595,3.2525213039131904e-13
230.47689554774828,1.0721154530232002,22.354793837000543,-2.788638916506696,-2.580507025730372,1.8630947274842547e-13
230.5672300973867,1.1335258357663476,22.346344633921614,-2.788854080119642,-2.5752008952745378,8.94706507548936e-14
230.65780367137987,1.1945921016221484,22.337254527898594,-2.7891767768287155,-2.5700197684724495,1.1999593160068083e-13
230.74861366476028,1.255318128873648,22.327536039652166,-2.789609254677098,-2.564964027698684,3.063054043491063e-13
230.83965747074777,1.315707793688196,22.31720168990298,-2.790153762194352,-2.5600340546214246,3.631455824757446e-13
230.93093248075022,1.375764970152731,22.306263999371712,-2.7908125484324584,-2.5552302301421532,1.968354316607659e-13
231.02243608436646,1.4354935303098486,22.29473548877902,-2.791587863001247,-2.5505529343353386,3.3998847286859565e-13
231.11416566939184,1.4948973441946547,22.282628678845565,-2.7924819561032317,-2.5460025463881215,2.578859933523404e-13
231.2061186218247,1.553980279872365,22.26995609029203,-2.7934970785678503,-2.541579444540024,2.2525552072408504e-13
231.29829232587585,1.6127462034766635,22.256730243839073,-2.794635481885119,-2.5372840060226878,1.1999593160068083e-13
231.39068416397944,1.6711989792487671,22.24296366020735,-2.795899418238692,-2.533116606999657,1.3052189051302125e-13
231.483291516806,1.7293424695772204,22.228668860117537,-2.797291140538336,-2.529077622506214,5.157719867046807e-14
231.5761117632771,1.7871805350383663,22.213858364290303,-2.79881290245183,-2.525167426389301,2.1051917824680846e-14
231.6691422805821,1.8447170344375081,22.1985446934463,-2.800466958436281,-2.5213863912475203,1.8841466453089356e-13
231.76238044419645,1.901955824850723,22.182740368306206,-2.8022555637688553,-2.5177348883712263,-4.8419410996765944e-14
231.85582362790177,1.9589007616673324,22.166457909590687,-2.80418097457695,-2.514213287682736,1.8630947274842547e-13
231.949469203808,2.015555698632991,22.1497098380204,-2.8062454478677834,-2.5108219576766704,6.21031575828085e-14
232.04331454237632,2.0719244878934004,22.132508674316018,-2.8084512415574165,-2.5075612653604153,3.3893587697736163e-13
232.137357012445,2.128010980038619,22.114866939198198,-2.8108006144992084,-2.5044315761947433,1.0525958912340423e-13
232.2315939812554,2.183819024147958,22.09679715338762,-2.813295826511707,-2.501433254034595,-4.631421921429786e-14
232.32602281448055,2.2393524678354413,22.078311837604943,-2.815939138405986,-2.4985666610700323,6.73661370389787e-14
232.42064087625516,2.294615157295831,22.059423512570827,-2.818732812012401,-2.4958321577673788,1.221011233831489e-13
232.5154455292064,2.3496109373511813,22.04014469900594,-2.8216791102068113,-2.4932301028105535,-4.4209027431829774e-14
232.61043413448675,2.404343651497923,22.020487917630952,-2.8247802969362255,-2.490760853042614,1.9157245220459568e-13
232.70560405180828,2.4588171419544573,22.000465689166532,-2.8280386372439077,-2.488424763407527,3.368306851948935e-14
232.80095263947777,2.5130352497092487,21.98009053433334,-2.8314563972939286,-2.486222186892163,1.3894265764289357e-13
232.8964772544338,2.567001814569393,21.95937497385203,-2.8350358443951564,-2.4841534744685356,9.894401377599997e-14
232.9921752522846,2.6207206752096543,21.93833152844329,-2.838779247024717,-2.4822189750362975,1.8736206863965952e-13
233.08804398734762,2.6741956692219566,21.916972718827783,-2.8426888748508867,-2.4804190353654993,-6.315575347404253e-15
233.1840808126899,2.727430633165321,21.89531106572616,-2.846766998755469,-2.478754000039635,8.841805486365955e-14
233.2802830801701,2.780429402616211,21.87335908985909,-2.8510158908555923,-2.477224211398949,-5.0524602779234026e-14
233.37664814048125,2.833195812219298,21.851129311947254,-2.855437824524999,-2.4758300094840777,8.841805486365955e-14
233.47317334319507,2.8857336957386326,21.828634252711304,-2.8600350744147796,-2.4745717319799705,8.420767129872338e-15
233.56985603680693,2.9380468861091877,21.805886432871905,-2.8648099164735665,-2.4734497141601444,1.5788938368510635e-13
233.66669356878242,2.9901392154887705,21.782898373149727,-2.8697646279672,-2.4724642888312656,5.894536990910637e-14
