galstreams/tracks/track.st.Kshir.ibata2021.ecsv
# %ECSV 0.9
# ---
# datatype:
# - {name: ra, unit: deg, datatype: float64}
# - {name: dec, unit: deg, datatype: float64}
# - {name: distance, unit: kpc, datatype: float64}
# - {name: pm_ra_cosdec, unit: mas / yr, datatype: float64}
# - {name: pm_dec, unit: mas / yr, datatype: float64}
# - {name: radial_velocity, unit: km / s, datatype: float64}
# delimiter: ','
# meta: !!omap
# - __serialized_columns__:
#     dec:
#       __class__: astropy.coordinates.angles.Latitude
#       unit: &id001 !astropy.units.Unit {unit: deg}
#       value: !astropy.table.SerializedColumn {name: dec}
#     distance:
#       __class__: astropy.coordinates.distances.Distance
#       unit: !astropy.units.Unit {unit: kpc}
#       value: !astropy.table.SerializedColumn {name: distance}
#     pm_dec:
#       __class__: astropy.units.quantity.Quantity
#       unit: !astropy.units.Unit {unit: mas / yr}
#       value: !astropy.table.SerializedColumn {name: pm_dec}
#     pm_ra_cosdec:
#       __class__: astropy.units.quantity.Quantity
#       unit: !astropy.units.Unit {unit: mas / yr}
#       value: !astropy.table.SerializedColumn {name: pm_ra_cosdec}
#     ra:
#       __class__: astropy.coordinates.angles.Longitude
#       unit: *id001
#       value: !astropy.table.SerializedColumn {name: ra}
#       wrap_angle: !astropy.coordinates.Angle
#         unit: *id001
#         value: 360.0
#     radial_velocity:
#       __class__: astropy.units.quantity.Quantity
#       unit: !astropy.units.Unit {unit: km / s}
#       value: !astropy.table.SerializedColumn {name: radial_velocity}
# schema: astropy-2.0
ra,dec,distance,pm_ra_cosdec,pm_dec,radial_velocity
[from data line 139]
196.54323140871466,66.15261229843149,9.909995344694309,-7.763869480782059,-5.1778604638469234,1.6841534259744677e-13
196.56643749992304,66.15616643852516,9.909059737669436,-7.7634975866471265,-5.174741468474289,1.0104920555846805e-13
196.58964773107266,66.15971915321423,9.908132517490802,-7.763126657330998,-5.171621675473141,1.347322740779574e-13
196.6128621068458,66.16327043896827,9.907213672143735,-7.762756690432954,-5.1685010838603365,1.1789073981821273e-13
196.63608063191458,66.16682029225424,9.906303189613563,-7.76238768355052,-5.165379692656329,1.515738083377021e-13
196.65930331094137,66.17036870953648,9.90540105788561,-7.762019634279504,-5.162257500885125,1.1789073981821273e-13
196.68253014857788,66.17391568727668,9.904507264945202,-7.761652540213942,-5.159134507574396,1.1789073981821273e-13
196.70576114946635,66.17746122193394,9.903621798777667,-7.7612863989461784,-5.156010711755341,1.347322740779574e-13
196.7289963182387,66.18100530996475,9.902744647368328,-7.760921208066806,-5.152886112462786,1.347322740779574e-13
196.75223565951669,66.18454794782299,9.901875798702518,-7.760556965164693,-5.1497607087351565,1.6841534259744677e-13
196.77547917791196,66.18808913195994,9.90101524076556,-7.760193667826984,-5.146634499614481,1.515738083377021e-13
196.79872687802603,66.1916288588243,9.900162961542778,-7.759831313639102,-5.143507484146407,8.420767129872338e-14
196.82197876445014,66.19516712486212,9.899318949019502,-7.759469900184723,-5.14037966138019,1.515738083377021e-13
196.84523484176543,66.19870392651687,9.898483191181054,-7.7591094250458505,-5.137251030368701,1.515738083377021e-13
196.86849511454272,66.20223926022945,9.89765567601277,-7.7587498858027155,-5.13412159016843,1.347322740779574e-13
196.8917595873426,66.20577312243815,9.896836391499967,-7.758391280033864,-5.130991339839497,2.020984111169361e-13
196.9150282647154,66.20930550957868,9.896025325627974,-7.7580336053161165,-5.127860278445644,1.347322740779574e-13
196.93830115120113,66.21283641808415,9.895222466382123,-7.757676859224583,-5.124728405054247,1.1789073981821273e-13
196.96157825132948,66.21636584438511,9.89442780174773,-7.75732103933266,-5.121595718736321,1.8525687685719145e-13
196.98485956961986,66.21989378490952,9.893641319710131,-7.756966143212041,-5.118462218566501,1.515738083377021e-13
197.00814511058118,66.22342023608277,9.892863008254645,-7.756612168432698,-5.115327903623089,1.515738083377021e-13
197.0314348787121,66.22694519432767,9.892092855366604,-7.756259112562918,-5.112192772988006,1.1789073981821273e-13
197.05472887850078,66.23046865606446,9.891330849031334,-7.755906973169262,-5.109056825746846,1.515738083377021e-13
197.078027114425,66.2339906177108,9.890576977234156,-7.75555574781661,-5.10592006098884,1.515738083377021e-13
197.10132959095208,66.23751107568182,9.889831227960405,-7.755205434068124,-5.1027824778068736,1.347322740779574e-13
197.12463631253883,66.24103002639006,9.8890935891954,-7.754856029485287,-5.0996440752975,1.0104920555846805e-13
197.14794728363157,66.24454746624552,9.888364048924473,-7.754507531627867,-5.096504852560931,1.347322740779574e-13
197.17126250866616,66.2480633916556,9.887642595132947,-7.75415993805396,-5.093364808701043,1.347322740779574e-13
197.19458199206784,66.25157779902523,9.886929215806148,-7.753813246319949,-5.090223942825386,1.1789073981821273e-13
197.21790573825132,66.25509068475671,9.886223898929403,-7.753467453980549,-5.087082254045183,1.515738083377021e-13
197.24123375162077,66.25860204524983,9.885526632488045,-7.753122558588769,-5.083939741475327,6.73661370389787e-14
197.2645660365696,66.26211187690184,9.884837404467389,-7.752778557695947,-5.080796404234406,1.347322740779574e-13
197.28790259748075,66.26562017610742,9.884156202852767,-7.752435448851724,-5.077652241444675,1.8525687685719145e-13
197.31124343872645,66.26912693925877,9.88348301562951,-7.752093229604069,-5.074507252232089,1.347322740779574e-13
197.33458856466822,66.2726321627455,9.882817830782939,-7.751751897499273,-5.071361435726292,1.6841534259744677e-13
197.35793797965692,66.2761358429547,9.882160636298384,-7.7514114500819495,-5.068214791060622,1.347322740779574e-13
197.3812916880327,66.27963797627096,9.881511420161164,-7.7510718848950395,-5.065067317372118,1.0104920555846805e-13
197.40464969412486,66.28313855907629,9.880870170356614,-7.750733199479797,-5.061919013801512,1.6841534259744677e-13
197.4280120022521,66.28663758775025,9.880236874870057,-7.750395391375821,-5.058769879493254,1.6841534259744677e-13
197.45137861672222,66.2901350586698,9.879611521686819,-7.750058458121038,-5.055619913595494,1.0104920555846805e-13
197.47474954183224,66.29363096820946,9.87899409879223,-7.749722397251702,-5.052469115260106,1.6841534259744677e-13
197.4981247818683,66.29712531274119,9.878384594171608,-7.7493872063024245,-5.049317483642671,1.515738083377021e-13
197.52150434110578,66.30061808863444,9.87778299581029,-7.749052882806115,-5.046165017902492,1.515738083377021e-13
197.5448882238091,66.30410929225619,9.877189291693595,-7.748719424294059,-5.043011717202603,1.515738083377021e-13
197.56827643423176,66.30759891997086,9.876603469806856,-7.748386828295879,-5.039857580709757,1.6841534259744677e-13
197.59166897661643,66.3110869681404,9.876025518135393,-7.748055092339529,-5.0367026075944485,1.6841534259744677e-13
197.61506585519479,66.31457343312428,9.875455424664533,-7.747724213951314,-5.0335467970308905,1.1789073981821273e-13
197.6384670741875,66.31805831127946,9.874893177379603,-7.747394190655902,-5.030390148197061,1.515738083377021e-13
197.6618726378043,66.3215415989604,9.874338764265937,-7.747065019976288,-5.02723266027465,1.515738083377021e-13
197.6852825502438,66.32502329251903,9.873792173308852,-7.7467366994338445,-5.024074332449124,1.8525687685719145e-13
197.70869681569377,66.32850338830491,9.87325339249368,-7.746409226548284,-5.020915163909666,1.0104920555846805e-13
197.73211543833074,66.33198188266499,9.872722409805743,-7.746082598837681,-5.017755153849246,1.347322740779574e-13
197.75553842232023,66.33545877194383,9.872199213230372,-7.745756813818474,-5.014594301464571,8.420767129872338e-14
197.77896577181664,66.33893405248348,9.87168379075289,-7.745431869005467,-5.011432605956118,1.1789073981821273e-13
197.80239749096324,66.34240772062351,9.871176130358625,-7.745107761911807,-5.0082700665281195,6.73661370389787e-14
197.82583358389215,66.34587977270101,9.870676220032902,-7.744784490049041,-5.005106682388588,1.515738083377021e-13
197.84927405472433,66.34935020505065,9.87018404776105,-7.744462050927066,-5.001942452749298,1.6841534259744677e-13
197.87271890756955,66.35281901400461,9.869699601528398,-7.7441404420541495,-4.998777376825805,1.0104920555846805e-13
197.89616814652626,66.3562861958926,9.869222869320263,-7.743819660936945,-4.99561145383745,1.515738083377021e-13
197.91962177568183,66.35975174704186,9.868753839121979,-7.7434997050804615,-4.99244468300734,1.1789073981821273e-13
197.94307979911224,66.36321566377721,9.868292498918871,-7.743180571988116,-4.98927706356239,1.0104920555846805e-13
197.96654222088222,66.36667794242102,9.867838836696261,-7.742862259161685,-4.986108594733293,1.1789073981821273e-13
197.99000904504516,66.37013857929318,9.867392840439488,-7.742544764101327,-4.982939275754539,1.347322740779574e-13
198.0134802756432,66.37359757071115,9.866954498133865,-7.742228084305606,-4.9797691058644205,1.515738083377021e-13
198.03695591670714,66.37705491299,9.866523797764724,-7.741912217271463,-4.976598084305006,1.347322740779574e-13
198.0604359722561,66.38051060244224,9.866100727317392,-7.741597160494219,-4.973426210322235,1.515738083377021e-13
198.08392044629812,66.38396463537806,9.865685274777196,-7.741282911467597,-4.970253483165792,1.347322740779574e-13
198.10740934282973,66.38741700810517,9.865277428129456,-7.740969467683726,-4.967079902089203,1.1789073981821273e-13
198.13090266583598,66.39086771692887,9.864877175359508,-7.740656826633114,-4.963905466349805,1.515738083377021e-13
198.15440041929043,66.394316758152,9.864484504452669,-7.740344985804687,-4.960730175208755,1.515738083377021e-13
198.1779026071552,66.39776412807501,9.864099403394277,-7.7400339426857645,-4.957554027931036,1.1789073981821273e-13
198.20140923338084,66.40120982299594,9.863721860169651,-7.739723694762066,-4.954377023785469,1.347322740779574e-13
198.2249203019064,66.40465383921038,9.863351862764114,-7.7394142395177346,-4.951199162044695,1.6841534259744677e-13
198.2484358166593,66.40809617301156,9.862989399163,-7.7391055744353086,-4.948020441985198,1.1789073981821273e-13
198.27195578155545,66.41153682069022,9.862634457351634,-7.738797696995745,-4.944840862887303,1.6841534259744677e-13
198.29548020049907,66.41497577853475,9.862287025315336,-7.738490604678416,-4.9416604240351685,6.73661370389787e-14
198.3190090773828,66.41841304283116,9.86194709103944,-7.73818429496111,-4.938479124716822,1.8525687685719145e-13
198.3425424160876,66.421848609863,9.86161464250927,-7.737878765320038,-4.935296964224114,1.0104920555846805e-13
198.36608022048276,66.42528247591149,9.86128966771015,-7.737574013229835,-4.932113941852783,1.347322740779574e-13
198.38962249442582,66.42871463725538,9.860972154627412,-7.73727003616355,-4.928930056902396,1.6841534259744677e-13
198.4131692417627,66.4321450901711,9.86066209124638,-7.736966831592675,-4.9257453086764045,1.347322740779574e-13
198.43672046632736,66.43557383093267,9.860359465552374,-7.736664396987135,-4.922559696482124,1.347322740779574e-13
198.46027617194227,66.43900085581173,9.86006426553073,-7.73636272981526,-4.919373219630725,6.73661370389787e-14
198.4838363624178,66.4424261610775,9.859776479166772,-7.736061827543846,-4.916185877437275,1.347322740779574e-13
198.50740104155278,66.44584974299691,9.85949609444582,-7.735761687638115,-4.912997669220706,1.1789073981821273e-13
198.53097021313397,66.44927159783444,9.85922309935321,-7.735462307561732,-4.90980859430384,1.1789073981821273e-13
198.55454388093636,66.45269172185225,9.858957481874263,-7.735163684776797,-4.906618652013378,1.1789073981821273e-13
198.5781220487231,66.4561101113101,9.858699229994308,-7.734865816743865,-4.903427841679914,8.420767129872338e-14
198.6017047202453,66.4595267624654,9.858448331698668,-7.7345687009219475,-4.900236162637943,1.1789073981821273e-13
198.6252918992422,66.46294167157322,9.858204774972673,-7.734272334768482,-4.897043614225846,1.1789073981821273e-13
198.64888358944108,66.46635483488626,9.857968547801647,-7.733976715739383,-4.8938501957859195,1.347322740779574e-13
198.67247979455726,66.46976624865485,9.857739638170916,-7.733681841289019,-4.890655906664352,1.0104920555846805e-13
198.69608051829397,66.47317590912701,9.85751803406581,-7.733387708870205,-4.88746074621125,1.0104920555846805e-13
198.71968576434244,66.47658381254838,9.857303723471654,-7.733094315934226,-4.884264713780638,1.1789073981821273e-13
198.74329553638188,66.47998995516227,9.857096694373771,-7.732801659930838,-4.881067808730448,1.347322740779574e-13
198.76690983807939,66.48339433320967,9.856896934757494,-7.73250973830825,-4.877870030422537,1.1789073981821273e-13
198.79052867308997,66.48679694292922,9.856704432608142,-7.732218548513156,-4.874671378222689,1.0104920555846805e-13
198.8141520450565,66.4901977805572,9.856519175911048,-7.731928087990709,-4.871471851500617,1.515738083377021e-13
198.83777995760965,66.49359684232762,9.856341152651536,-7.7316383541845495,-4.8682714496299635,1.515738083377021e-13
198.86141241436803,66.49699412447214,9.856170350814933,-7.731349344536794,-4.86507017198832,1.6841534259744677e-13
198.885049418938,66.50038962322007,9.856006758386561,-7.731061056488034,-4.861868017957201,1.6841534259744677e-13
198.9086909749136,66.50378333479846,9.855850363351752,-7.730773487477345,-4.8586649869220775,1.0104920555846805e-13
198.93233708587678,66.50717525543197,9.85570115369583,-7.730486634942299,-4.85546107827238,1.515738083377021e-13
198.95598775539713,66.51056538134304,9.855559117404123,-7.730200496318951,-4.852256291401462,1.515738083377021e-13
198.97964298703195,66.51395370875173,9.85542424246196,-7.72991506904184,-4.849050625706659,1.515738083377021e-13
199.0033027843263,66.51734023387584,9.855296516854658,-7.729630350544029,-4.845844080589262,1.0104920555846805e-13
199.02696715081277,66.52072495293085,9.85517592856755,-7.729346338257041,-4.842636655454525,1.1789073981821273e-13
199.0506360900117,66.52410786212994,9.855062465585968,-7.729063029610919,-4.839428349711667,1.6841534259744677e-13
199.07430960543095,66.52748895768401,9.85495611589523,-7.728780422034212,-4.836219162773883,1.1789073981821273e-13
199.09798770056605,66.53086823580166,9.854856867480661,-7.728498512953978,-4.833009094058351,1.347322740779574e-13
199.12167037890012,66.53424569268923,9.854764708327597,-7.728217299795776,-4.829798142986215,8.420767129872338e-14
199.14535764390365,66.53762132455074,9.854679626421355,-7.7279367799836765,-4.826586308982623,1.1789073981821273e-13
199.16904949903483,66.54099512758795,9.854601609747268,-7.727656950940272,-4.8233735914766935,1.347322740779574e-13
199.19274594773924,66.54436709800036,9.854530646290659,-7.727377810086669,-4.820159989901546,5.0524602779234026e-14
199.21644699344995,66.54773723198517,9.854466724036852,-7.727099354842499,-4.816945503694301,1.347322740779574e-13
199.24015263958756,66.55110552573734,9.854409830971184,-7.726821582625912,-4.813730132296069,1.1789073981821273e-13
199.26386288955993,66.55447197544953,9.854359955078968,-7.726544490853592,-4.810513875151976,1.1789073981821273e-13
199.28757774676248,66.55783657731217,9.854317084345539,-7.726268076940745,-4.807296731711143,1.1789073981821273e-13
199.31129721457785,66.56119932751344,9.85428120675622,-7.72599233830112,-4.8040787014267226,1.0104920555846805e-13
199.33502129637617,66.56456022223924,9.854252310296344,-7.725717272346988,-4.800859783755866,1.515738083377021e-13
199.35874999551498,66.56791925767324,9.85423038295123,-7.725442876489186,-4.797639978159738,1.515738083377021e-13
199.38248331533865,66.57127642999683,9.854215412706202,-7.725169148137051,-4.794419284103579,1.347322740779574e-13
199.40622125917935,66.57463173538919,9.854207387546596,-7.724896084698496,-4.7911977010566,1.0104920555846805e-13
199.42996383035626,66.57798517002726,9.854206295457734,-7.724623683579984,-4.787975228492069,5.0524602779234026e-14
199.45371103217585,66.58133673008574,9.85421212442494,-7.724351942186505,-4.784751865887296,1.515738083377021e-13
199.4774628679318,66.5846864117371,9.854224862433544,-7.72408085792163,-4.781527612723613,1.0104920555846805e-13
199.50121934090498,66.58803421115157,9.854244497468866,-7.723810428187474,-4.778302468486411,1.0104920555846805e-13
199.52498045436334,66.59138012449719,9.854271017516245,-7.723540650384706,-4.77507643266513,1.1789073981821273e-13
199.54874621156205,66.59472414793973,9.854304410560996,-7.723271521912574,-4.771849504753256,1.1789073981821273e-13
199.5725166157434,66.59806627764277,9.854344664588451,-7.723003040168878,-4.768621684248334,1.0104920555846805e-13
199.59629167013665,66.6014065097677,9.854391767583936,-7.722735202550005,-4.765392970651983,1.1789073981821273e-13
199.62007137795825,66.60474484047363,9.854445707532772,-7.722468006450893,-4.762163363469865,1.347322740779574e-13
199.64385574241163,66.60808126591755,9.854506472420296,-7.722201449265073,-4.758932862211725,1.515738083377021e-13
199.66764476668723,66.61141578225421,9.854574050231824,-7.7219355283846465,-4.755701466391379,1.515738083377021e-13
199.6914384539625,66.61474838563613,9.85464842895269,-7.7216702412003055,-4.75246917552672,2.020984111169361e-13
199.71523680740182,66.6180790722137,9.854729596568212,-7.721405585101322,-4.749235989139717,1.1789073981821273e-13
199.73903983015657,66.62140783813508,9.854817541063728,-7.72114155747555,-4.746001906756436,1.515738083377021e-13
199.762847525365,66.62473467954622,9.854912250424555,-7.720878155709446,-4.742766927907018,1.515738083377021e-13
