galstreams/tracks/track.st.Gaia-11.ibata2021.ecsv
# %ECSV 1.0
# ---
# datatype:
# - {name: ra, unit: deg, datatype: float64}
# - {name: dec, unit: deg, datatype: float64}
# - {name: distance, unit: kpc, datatype: float64}
# - {name: pm_ra_cosdec, unit: mas / yr, datatype: float64}
# - {name: pm_dec, unit: mas / yr, datatype: float64}
# - {name: radial_velocity, unit: km / s, datatype: float64}
# delimiter: ','
# meta: !!omap
# - __serialized_columns__:
#     dec:
#       __class__: astropy.coordinates.angles.Latitude
#       unit: &id001 !astropy.units.Unit {unit: deg}
#       value: !astropy.table.SerializedColumn {name: dec}
#     distance:
#       __class__: astropy.coordinates.distances.Distance
#       unit: !astropy.units.Unit {unit: kpc}
#       value: !astropy.table.SerializedColumn {name: distance}
#     pm_dec:
#       __class__: astropy.units.quantity.Quantity
#       unit: !astropy.units.Unit {unit: mas / yr}
#       value: !astropy.table.SerializedColumn {name: pm_dec}
#     pm_ra_cosdec:
#       __class__: astropy.units.quantity.Quantity
#       unit: !astropy.units.Unit {unit: mas / yr}
#       value: !astropy.table.SerializedColumn {name: pm_ra_cosdec}
#     ra:
#       __class__: astropy.coordinates.angles.Longitude
#       unit: *id001
#       value: !astropy.table.SerializedColumn {name: ra}
#       wrap_angle: !astropy.coordinates.Angle
#         unit: *id001
#         value: 360.0
#     radial_velocity:
#       __class__: astropy.units.quantity.Quantity
#       unit: !astropy.units.Unit {unit: km / s}
#       value: !astropy.table.SerializedColumn {name: radial_velocity}
# schema: astropy-2.0
ra,dec,distance,pm_ra_cosdec,pm_dec,radial_velocity
[from data line 576]
270.50144282824397,43.252258244929735,12.217391639407621,-4.420120628173347,4.7463017256788635,1000.0000000000006
270.50611198042685,43.242844638583534,12.218155242798648,-4.419448754447038,4.745591491471074,1000.0000000000008
270.5107805601159,43.233431093130974,12.21891753500183,-4.418776609105046,4.744882301602339,1000.000000000001
270.51544856741145,43.22401760845969,12.219678519077851,-4.418104192563632,4.744174155988402,1000.0000000000007
270.5201160024136,43.214604184457414,12.22043819808739,-4.417431505239174,4.743467054545135,1000.0000000000006
270.5247828652225,43.20519082101189,12.221196575091142,-4.416758547548192,4.7427609971885865,1000.0000000000006
270.52944915593815,43.19577751801094,12.221953653149788,-4.416085319907302,4.742055983834921,1000.0000000000007
270.53411487466036,43.18636427534247,12.22270943532401,-4.415411822733265,4.741352014400478,1000.0000000000006
270.53878002148895,43.17695109289433,12.223463924674492,-4.4147380564429515,4.740649088801727,1000.0000000000008
270.5434445965234,43.167537970554534,12.224217124261928,-4.414064021453359,4.739947206955296,1000.0000000000006
270.54810859986327,43.1581249082111,12.224969037146995,-4.413389718181603,4.739246368777963,1000.0000000000008
270.5527720316079,43.14871190575213,12.22571966639038,-4.412715147044926,4.738546574186644,1000.0000000000007
270.5574348918564,43.13929896306575,12.22646901505277,-4.412040308460685,4.737847823098406,1000.0000000000008
270.5620971807081,43.12988608004015,12.227217086194845,-4.4113652028463735,4.7371501154304685,1000.0000000000008
270.5667588982618,43.12047325656365,12.227963882877292,-4.410689830619589,4.7364534511001875,1000.0000000000006
270.5714200446165,43.11106049252444,12.228709408160803,-4.41001419219807,4.735757830025084,1000.0000000000006
270.5760806198708,43.10164778781089,12.229453665106051,-4.4093382879996526,4.735063252122819,1000.0000000000006
270.58074062412345,43.09223514231146,12.23019665677373,-4.408662118442319,4.734369717311192,1000.0000000000009
270.58540005747284,43.08282255591458,12.230938386224524,-4.407985683944152,4.733677225508157,1000.0000000000008
270.59005892001744,43.07341002850877,12.231678856519114,-4.407308984923384,4.73298577663183,1000.0000000000007
270.5947172118553,43.06399755998266,12.232418070718186,-4.4066320217983375,4.732295370600436,1000.0000000000008
270.5993749330848,43.054585150224746,12.23315603188243,-4.4059547949874664,4.731606007332395,1000.0000000000007
270.6040320838038,43.0451727991238,12.233892743072525,-4.405277304909367,4.730917686746238,1000.0000000000008
270.6086886641102,43.035760506568515,12.234628207349155,-4.404599551982724,4.730230408760656,1000.000000000001
270.6133446741018,43.02634827244766,12.235362427773012,-4.403921536626374,4.7295441732944985,1000.0000000000008
270.6180001138763,43.01693609665012,12.236095407404777,-4.403243259259259,4.7288589802667405,1000.0000000000006
270.62265498353094,43.00752397906478,12.236827149305135,-4.402564720300426,4.728174829596514,1000.000000000001
270.6273092831634,42.998111919580595,12.237557656534769,-4.401885920169093,4.727491721203107,1000.0000000000008
270.6319630128708,42.988699918086496,12.238286932154368,-4.401206859284542,4.726809655005935,1000.0000000000008
270.63661617275045,42.979287974471575,12.239014979224613,-4.40052753806622,4.7261286309245865,1000.0000000000008
270.64126876289924,42.96987608862494,12.239741800806192,-4.399847956933668,4.7254486488787695,1000.0000000000006
270.64592078341406,42.96046426043576,12.240467399959792,-4.399168116306548,4.724769708788352,1000.0000000000008
270.6505722343918,42.95105248979323,12.24119177974609,-4.398488016604679,4.724091810573356,1000.0000000000008
270.65522311592906,42.94164077658669,12.241914943225778,-4.397807658247958,4.7234149541539265,1000.0000000000009
270.65987342812247,42.93222912070533,12.242636893459542,-4.39712704165642,4.722739139450385,1000.0000000000006
270.6645231710683,42.92281752203859,12.24335763350806,-4.396446167250219,4.722064366383186,1000.0000000000009
270.669172344863,42.91340598047591,12.244077166432021,-4.39576503544964,4.721390634872923,1000.0000000000008
270.6738209496027,42.90399449590676,12.244795495292113,-4.395083646675078,4.72071794484034,1000.0000000000008
270.6784689853835,42.894583068220676,12.24551262314902,-4.394402001347046,4.720046296206334,1000.0000000000006
270.68311645230136,42.88517169730723,12.246228553063421,-4.393720099886193,4.71937568889195,1000.0000000000006
270.687763350452,42.87576038305614,12.246943288096004,-4.393037942713273,4.718706122818367,1000.0000000000006
270.6924096799312,42.86634912535699,12.247656831307458,-4.392355530249166,4.718037597906913,1000.0000000000008
270.69705544083456,42.85693792409956,12.248369185758465,-4.391672862914878,4.717370114079084,1000.0000000000006
270.70170063325753,42.84752677917369,12.249080354509708,-4.3909899411315285,4.716703671256488,1000.0000000000007
270.70634525729537,42.83811569046921,12.249790340621875,-4.390306765320351,4.716038269360895,1000.000000000001
270.71098931304346,42.828704657876045,12.250499147155653,-4.389623335902728,4.715373908314226,1000.0000000000007
270.7156328005968,42.81929368128413,12.251206777171717,-4.388939653300131,4.7147105880385505,1000.0000000000007
270.7202757200503,42.80988276058356,12.251913233730763,-4.388255717934162,4.71404830845606,1000.0000000000008
270.7249180714991,42.80047189566428,12.25261851989347,-4.3875715302265474,4.713387069489125,1000.0000000000008
270.72955985503773,42.791061086416484,12.253322638720531,-4.386887090599141,4.712726871060242,1000.0000000000008
270.7342010707609,42.781650332730344,12.254025593272623,-4.386202399473895,4.7120677130920425,1000.0000000000006
270.73884171876307,42.77223963449608,12.25472738661043,-4.385517457272902,4.711409595507337,1000.0000000000009
270.7434817991387,42.76282899160399,12.255428021794641,-4.384832264418374,4.710752518229048,1000.0000000000006
270.74812131198195,42.75341840394444,12.256127501885938,-4.384146821332624,4.710096481180267,1000.0000000000003
270.7527602573871,42.744007871407725,12.256825829945011,-4.383461128438101,4.70944148428422,1000.0000000000008
270.75739863544817,42.73459739388435,12.257523009032543,-4.3827751861573745,4.708787527464276,1000.0000000000006
270.76203644625895,42.725186971264804,12.258219042209216,-4.382088994913121,4.708134610643955,1000.0000000000007
270.76667368991343,42.71577660343964,12.258913932535716,-4.381402555128167,4.707482733746928,1000.0000000000008
270.7713103665052,42.70636629029944,12.25960768307273,-4.380715867225416,4.706831896696992,1000.0000000000006
270.77594647612784,42.69695603173489,12.26030029688094,-4.380028931627932,4.706182099418119,1000.0000000000007
270.7805820188747,42.68754582763674,12.260991777021037,-4.379341748758877,4.705533341834391,1000.0000000000002
270.78521699483935,42.67813567789563,12.2616821265537,-4.378654319041532,4.704885623870071,1000.0000000000006
270.78985140411476,42.668725582402466,12.262371348539617,-4.377966642899294,4.704238945449528,1000.0000000000007
270.7944852467941,42.65931554104809,12.263059446039467,-4.377278720755705,4.703593306497312,1000.0000000000003
270.79911852297045,42.64990555372342,12.263746422113945,-4.376590553034395,4.702948706938097,1000.0000000000008
270.80375123273654,42.64049562031944,12.26443227982373,-4.3759021401591465,4.702305146696712,1000.0000000000008
270.80838337618513,42.631085740727244,12.265117022229507,-4.375213482553829,4.701662625698119,1000.0000000000008
270.8130149534089,42.62167591483779,12.265800652391961,-4.374524580642446,4.701021143867438,1000.0000000000008
270.81764596450046,42.61226614254227,12.266483173371782,-4.373835434849135,4.7003807011299275,1000.0000000000008
270.822276409552,42.60285642373187,12.267164588229644,-4.373146045598127,4.699741297410995,1000.0000000000003
270.8269062886559,42.59344675829783,12.267844900026246,-4.372456413313788,4.699102932636182,1000.0000000000006
270.83153560190425,42.58403714613147,12.268524111822265,-4.37176653842059,4.6984656067311805,1000.0000000000009
270.83616434938915,42.5746275871241,12.269202226678383,-4.371076421343149,4.697829319621839,1000.0000000000008
270.8407925312025,42.565218081167174,12.26987924765529,-4.370386062506177,4.697194071234132,1000.0000000000006
270.84542014743624,42.55580862815206,12.27055517781367,-4.369695462334515,4.696559861494183,1000.0000000000006
270.85004719818187,42.54639922797032,12.271230020214206,-4.369004621253115,4.695926690328258,1000.0000000000007
270.8546736835311,42.5369898805135,12.271903777917586,-4.368313539687074,4.695294557662787,1000.0000000000003
270.8592996035754,42.52758058567322,12.272576453984499,-4.367622218061577,4.694663463424314,1000.0000000000006
270.863924958406,42.51817134334114,12.273248051475623,-4.366930656801932,4.694033407539549,1000.0000000000006
270.8685497481142,42.50876215340897,12.273918573451644,-4.366238856333587,4.693404389935345,1000.0000000000006
270.8731739727911,42.49935301576857,12.274588022973244,-4.365546817082088,4.692776410538677,1000.0000000000006
270.8777976325278,42.48994393031162,12.275256403101118,-4.36485453947312,4.692149469276696,1000.0000000000008
270.8824207274151,42.48053489693005,12.275923716895937,-4.364162023932465,4.691523566076674,1000.0000000000007
270.8870432575437,42.47112591551582,12.276589967418401,-4.363469270886035,4.690898700866032,1000.0000000000008
270.89166522300445,42.461716985960884,12.277255157729186,-4.3627762807598645,4.690274873572341,1000.0000000000008
270.89628662388776,42.452308108157304,12.277919290888978,-4.362083053980103,4.689652084123308,1000.0000000000006
270.90090746028403,42.44289928199721,12.278582369958459,-4.361389590973017,4.689030332446792,1000.0000000000006
270.90552773228364,42.433490507372625,12.279244397998326,-4.360695892164987,4.688409618470779,1000.0000000000002
270.91014743997675,42.42408178417581,12.27990537806925,-4.360001957982525,4.687789942123428,1000.0000000000008
270.9147665834534,42.41467311229902,12.280565313231925,-4.359307788852244,4.687171303333006,1000.0000000000007
270.91938516280374,42.40526449163454,12.281224206547028,-4.358613385200905,4.686553702027956,1000.0000000000006
270.9240031781174,42.39585592207474,12.281882061075255,-4.35791874745535,4.685937138136835,1000.0000000000006
270.9286206294842,42.38644740351201,12.282538879877283,-4.357223876042566,4.685321611588365,1000.0000000000008
270.93323751699387,42.37703893583885,12.283194666013795,-4.356528771389667,4.684707122311417,1000.0000000000002
270.9378538407358,42.3676305189477,12.283849422545485,-4.355833433923843,4.6840936702349705,1000.0000000000006
270.94246960079937,42.35822215273116,12.284503152533029,-4.355137864072434,4.683481255288178,1000.0000000000007
270.94708479727393,42.34881383708185,12.285155859037115,-4.354442062262903,4.682869877400332,1000.0000000000008
270.95169943024865,42.33940557189243,12.285807545118434,-4.35374602892282,4.682259536500864,1000.0000000000006
270.9563134998126,42.32999735705563,12.28645821383766,-4.353049764479875,4.68165023251934,1000.0000000000008
270.96092700605465,42.32058919246428,12.287107868255486,-4.352353269361875,4.681041965385483,1000.0000000000006
270.9655399490637,42.31118107801111,12.287756511432594,-4.351656543996737,4.680434735029143,1000.0000000000006
270.97015232892846,42.301773013589035,12.288404146429675,-4.350959588812515,4.679828541380329,1000.0000000000006
270.9747641457375,42.292364999091,12.2890507763074,-4.350262404237367,4.679223384369189,1000.0000000000003
270.9793753995793,42.28295703440999,12.289696404126468,-4.349564990699572,4.678619263926004,1000.0000000000006
270.98398609054226,42.27354911943904,12.290341032947559,-4.348867348627539,4.678016179981219,1000.0000000000008
270.9885962187147,42.26414125407124,12.290984665831358,-4.348169478449771,4.677414132465385,1000.0000000000003
270.9932057841846,42.25473343819979,12.291627305838547,-4.347471380594918,4.676813121309228,1000.0000000000003
270.9978147870402,42.24532567171779,12.292268956029815,-4.346773055491709,4.6762131464436125,1000.0000000000006
271.0024232273694,42.235917954518534,12.292909619465847,-4.34607450356904,4.675614207799524,1000.0000000000007
271.0070311052599,42.226510286495326,12.293549299207324,-4.345375725255884,4.675016305308118,1000.0000000000006
271.0116384207995,42.21710266754151,12.294187998314937,-4.344676720981353,4.674419438900672,1000.0000000000006
271.0162451740757,42.20769509755051,12.294825719849367,-4.34397749117466,4.673823608508615,1000.0000000000008
271.02085136517604,42.19828757641582,12.295462466871298,-4.34327803626516,4.67322881406352,1000.0000000000008
271.0254569941879,42.18888010403086,12.296098242441419,-4.342578356682304,4.672635055497095,1000.0000000000007
271.0300620611985,42.17947268028924,12.29673304962041,-4.341878452855675,4.672042332741192,1000.0000000000008
271.0346665662951,42.170065305084584,12.29736689146896,-4.341178325214965,4.6714506457278135,1000.0000000000006
271.0392705095645,42.160657978310546,12.297999771047753,-4.340477974189974,4.670859994389083,1000.0000000000007
271.04387389109377,42.151250699860874,12.298631691417475,-4.33977740021064,4.670270378657292,1000.0000000000006
271.04847671096974,42.141843469629315,12.299262655638806,-4.339076603707024,4.669681798464857,1000.0000000000006
271.053078969279,42.13243628750977,12.299892666772438,-4.338375585109266,4.669094253744342,1000.0000000000006
271.0576806661083,42.12302915339598,12.300521727879051,-4.337674344847663,4.668507744428456,1000.0000000000006
271.0622818015439,42.113622067181986,12.301149842019331,-4.336972883352605,4.667922270450029,1000.0000000000006
271.0668823756724,42.10421502876172,12.301777012253966,-4.336271201054618,4.667337831742067,1000.0000000000006
271.0714823885798,42.09480803802922,12.302403241643638,-4.335569298384318,4.666754428237695,1000.0000000000007
271.07608184035246,42.08540109487863,12.303028533249032,-4.334867175772476,4.666172059870171,1000.0000000000006
271.08068073107626,42.075994199204075,12.303652890130833,-4.33416483364995,4.6655907265729235,1000.0000000000008
271.08527906083725,42.06658735089969,12.30427631534973,-4.333462272447729,4.665010428279495,1000.0000000000006
271.08987682972116,42.05718054985976,12.3048988119664,-4.33275949259691,4.664431164923588,1000.0000000000006
271.0944740378137,42.04777379597857,12.305520383041534,-4.332056494528711,4.663852936439027,1000.0000000000008
271.0990706852005,42.038367089150476,12.306141031635818,-4.331353278674478,4.663275742759807,1000.0000000000006
271.10366677196697,42.02896042926989,12.306760760809933,-4.33064984546565,4.662699583820026,1000.0000000000006
271.1082622981985,42.01955381623125,12.307379573624562,-4.32994619533381,4.662124459553965,1000.0000000000006
271.1128572639804,42.01014724992913,12.307997473140402,-4.3292423287106425,4.661550369896003,1000.0000000000007
271.1174516693978,42.000740730257995,12.308614462418122,-4.328538246027945,4.660977314780692,1000.0000000000008
271.1220455145356,41.991334257112484,12.30923054451842,-4.327833947717636,4.660405294142708,1000.0000000000006
271.126638799479,41.98192783038729,12.309845722501969,-4.327129434211769,4.659834307916881,1000.0000000000008
271.1312315243126,41.972521449977094,12.310459999429469,-4.326424705942485,4.659264356038173,1000.0000000000008
271.1358236891213,41.96311511577669,12.31107337836159,-4.325719763342063,4.658695438441685,1000.0000000000006
271.14041529398946,41.95370882768087,12.311685862359026,-4.325014606842876,4.6581275550626655,1000.0000000000006
271.1450063390018,41.94430258558459,12.312297454482461,-4.324309236877449,4.657560705836499,1000.0000000000008
271.1495968242425,41.93489638938265,12.312908157792576,-4.32360365387839,4.656994890698705,1000.0000000000006
271.15418674979605,41.9254902389701,12.313517975350061,-4.322897858278438,4.65643010958496,1000.0000000000008
271.1587761157465,41.91608413424195,12.314126910215599,-4.322191850510443,4.655866362431063,1000.0000000000008
