galstreams/tracks/track.st.Parallel.weiss2018.ecsv
# %ECSV 0.9
# ---
# datatype:
# - {name: ra, unit: deg, datatype: float64}
# - {name: dec, unit: deg, datatype: float64}
# - {name: distance, unit: kpc, datatype: float64}
# - {name: pm_ra_cosdec, unit: mas / yr, datatype: float64}
# - {name: pm_dec, unit: mas / yr, datatype: float64}
# - {name: radial_velocity, unit: km / s, datatype: float64}
# delimiter: ','
# meta: !!omap
# - __serialized_columns__:
#     dec:
#       __class__: astropy.coordinates.angles.Latitude
#       unit: &id001 !astropy.units.Unit {unit: deg}
#       value: !astropy.table.SerializedColumn {name: dec}
#     distance:
#       __class__: astropy.coordinates.distances.Distance
#       unit: !astropy.units.Unit {unit: kpc}
#       value: !astropy.table.SerializedColumn {name: distance}
#     pm_dec:
#       __class__: astropy.units.quantity.Quantity
#       unit: !astropy.units.Unit {unit: mas / yr}
#       value: !astropy.table.SerializedColumn {name: pm_dec}
#     pm_ra_cosdec:
#       __class__: astropy.units.quantity.Quantity
#       unit: !astropy.units.Unit {unit: mas / yr}
#       value: !astropy.table.SerializedColumn {name: pm_ra_cosdec}
#     ra:
#       __class__: astropy.coordinates.angles.Longitude
#       unit: *id001
#       value: !astropy.table.SerializedColumn {name: ra}
#       wrap_angle: !astropy.coordinates.Angle
#         unit: *id001
#         value: 360.0
#     radial_velocity:
#       __class__: astropy.units.quantity.Quantity
#       unit: !astropy.units.Unit {unit: km / s}
#       value: !astropy.table.SerializedColumn {name: radial_velocity}
# schema: astropy-2.0
ra,dec,distance,pm_ra_cosdec,pm_dec,radial_velocity
[from data line 2355]
169.77280222086947,4.7618766217727595,14.0200312048777,0.0,0.0,0.0
169.7628952293759,4.763129934771872,14.019511703777003,0.0,0.0,0.0
169.75298820175996,4.764383105940483,14.018992202676305,0.0,0.0,0.0
169.74308113801598,4.765636135240588,14.018472701575615,0.0,0.0,0.0
169.73317403813846,4.766889022634179,14.017953200474919,0.0,0.0,0.0
169.72326690212174,4.768141768083257,14.017433699374223,0.0,0.0,0.0
169.71335972996027,4.769394371549824,14.016914198273529,0.0,0.0,0.0
169.7034525216485,4.7706468329958875,14.01639469717283,0.0,0.0,0.0
169.6935452771808,4.771899152383454,14.015875196072134,0.0,0.0,0.0
169.68363799655165,4.773151329674538,14.015355694971438,0.0,0.0,0.0
169.6737306797555,4.774403364831158,14.014836193870742,0.0,0.0,0.0
169.66382332678677,4.775655257815335,14.01431669277005,0.0,0.0,0.0
169.6539159376399,4.7769070085890935,14.013797191669353,0.0,0.0,0.0
169.64400851230937,4.778158617114464,14.013277690568657,0.0,0.0,0.0
169.63410105078964,4.7794100833534765,14.012758189467965,0.0,0.0,0.0
169.62419355307512,4.78066140726817,14.012238688367267,0.0,0.0,0.0
169.61428601916035,4.781912588820583,14.011719187266571,0.0,0.0,0.0
169.6043784490397,4.783163627972757,14.011199686165872,0.0,0.0,0.0
169.59447084270772,4.784414524686745,14.01068018506518,0.0,0.0,0.0
169.5845632001589,4.7856652789245935,14.01016068396448,0.0,0.0,0.0
169.57465552138768,4.786915890648358,14.00964118286379,0.0,0.0,0.0
169.56474780638854,4.788166359820101,14.00912168176309,0.0,0.0,0.0
169.554840055156,4.789416686401883,14.008602180662397,0.0,0.0,0.0
169.54493226768454,4.79066687035577,14.008082679561701,0.0,0.0,0.0
169.53502444396867,4.791916911643831,14.007563178461007,0.0,0.0,0.0
169.5251165840029,4.7931668102281435,14.007043677360311,0.0,0.0,0.0
169.51520868778167,4.7944165660707805,14.006524176259617,0.0,0.0,0.0
169.50530075529957,4.795666179133828,14.00600467515892,0.0,0.0,0.0
169.4953927865511,4.79691564937937,14.005485174058224,0.0,0.0,0.0
169.48548478153074,4.798164976769496,14.004965672957526,0.0,0.0,0.0
169.4755767402331,4.799414161266296,14.00444617185683,0.0,0.0,0.0
169.4656686626526,4.800663202831871,14.003926670756137,0.0,0.0,0.0
169.45576054878387,4.801912101428318,14.00340716965544,0.0,0.0,0.0
169.44585239862135,4.803160857017741,14.002887668554747,0.0,0.0,0.0
169.4359442121597,4.804409469562252,14.002368167454051,0.0,0.0,0.0
169.42603598939334,4.80565793902396,14.001848666353352,0.0,0.0,0.0
169.41612773031693,4.80690626536498,14.001329165252656,0.0,0.0,0.0
169.406219434925,4.808154448547432,14.000809664151964,0.0,0.0,0.0
169.396311103212,4.809402488533439,14.00029016305127,0.0,0.0,0.0
169.38650159160508,4.8114293241245925,14.000815436553207,0.0,0.0,0.0
169.37681708317274,4.814441549936069,14.00266257961562,0.0,0.0,0.0
169.36713248897382,4.817453638841901,14.004509722678035,0.0,0.0,0.0
169.35744780898338,4.820465590805635,14.006356865740448,0.0,0.0,0.0
169.34776304317649,4.823477405790805,14.008204008802863,0.0,0.0,0.0
169.33807819152824,4.826489083760952,14.010051151865277,0.0,0.0,0.0
169.32839325401372,4.829500624679622,14.011898294927693,0.0,0.0,0.0
169.31870823060794,4.8325120285103615,14.013745437990108,0.0,0.0,0.0
169.309023121286,4.835523295216717,14.015592581052523,0.0,0.0,0.0
169.29933792602304,4.838534424762243,14.017439724114935,0.0,0.0,0.0
169.28965264479416,4.841545417110488,14.019286867177351,0.0,0.0,0.0
169.2799672775744,4.844556272225014,14.021134010239765,0.0,0.0,0.0
169.27028182433892,4.847566990069375,14.022981153302178,0.0,0.0,0.0
169.2605962850628,4.850577570607134,14.024828296364593,0.0,0.0,0.0
169.2509106597212,4.853588013801852,14.026675439427008,0.0,0.0,0.0
169.24122494828924,4.856598319617097,14.028522582489423,0.0,0.0,0.0
169.23153915074198,4.859608488016432,14.030369725551836,0.0,0.0,0.0
169.22185326705468,4.8626185189634334,14.032216868614249,0.0,0.0,0.0
169.21216729720234,4.865628412421669,14.034064011676666,0.0,0.0,0.0
169.2024812411602,4.868638168354717,14.03591115473908,0.0,0.0,0.0
169.19279509890345,4.871647786726151,14.037758297801494,0.0,0.0,0.0
169.18310887040712,4.874657267499554,14.039605440863912,0.0,0.0,0.0
169.17342255564648,4.877666610638508,14.041452583926326,0.0,0.0,0.0
169.16373615459665,4.880675816106596,14.043299726988739,0.0,0.0,0.0
169.15404966723284,4.883684883867405,14.045146870051152,0.0,0.0,0.0
169.14436309353022,4.886693813884524,14.046994013113565,0.0,0.0,0.0
169.13467643346394,4.889702606121546,14.048841156175984,0.0,0.0,0.0
169.12498968700925,4.892711260542063,14.050688299238397,0.0,0.0,0.0
169.1153028541413,4.895719777109672,14.05253544230081,0.0,0.0,0.0
169.10561593483533,4.898728155787976,14.054382585363227,0.0,0.0,0.0
169.09592892906653,4.901736396540568,14.056229728425642,0.0,0.0,0.0
169.0862418368101,4.904744499331059,14.058076871488053,0.0,0.0,0.0
169.07655465804132,4.907752464123052,14.059924014550468,0.0,0.0,0.0
169.06686739273533,4.910760290880155,14.061771157612883,0.0,0.0,0.0
169.05718004086745,4.913767979565979,14.0636183006753,0.0,0.0,0.0
169.04749260241286,4.916775530144139,14.065465443737711,0.0,0.0,0.0
169.0378050773468,4.919782942578248,14.067312586800126,0.0,0.0,0.0
169.02811746564458,4.922790216831925,14.069159729862541,0.0,0.0,0.0
169.0184297672814,4.9257973528687895,14.071006872924956,0.0,0.0,0.0
169.00874198223252,4.928804350652466,14.07285401598737,0.0,0.0,0.0
168.9990541104732,4.931811210146577,14.074701159049784,0.0,0.0,0.0
168.98936615197877,4.934817931314754,14.076548302112197,0.0,0.0,0.0
168.97967810672446,4.937824514120623,14.078395445174612,0.0,0.0,0.0
168.96998997468552,4.940830958527819,14.080242588237029,0.0,0.0,0.0
168.96030175583732,4.943837264499976,14.082089731299442,0.0,0.0,0.0
168.9506134501551,4.9468434320007315,14.083936874361857,0.0,0.0,0.0
168.94092505761415,4.949849460993722,14.085784017424272,0.0,0.0,0.0
168.93123657818984,4.952855351442595,14.087631160486687,0.0,0.0,0.0
168.9215480118574,4.955861103310991,14.089478303549102,0.0,0.0,0.0
168.9118593585922,4.958866716562558,14.091325446611515,0.0,0.0,0.0
168.90217061836952,4.961872191160945,14.09317258967393,0.0,0.0,0.0
168.89248179116478,4.964877527069804,14.095019732736343,0.0,0.0,0.0
168.8827928769532,4.967882724252787,14.096866875798762,0.0,0.0,0.0
168.87310387571017,4.970887782673553,14.098714018861173,0.0,0.0,0.0
168.86341478741105,4.97389270229576,14.100561161923588,0.0,0.0,0.0
168.85372561203116,4.976897483083068,14.102408304986001,0.0,0.0,0.0
168.84403634954586,4.979902124999144,14.104255448048415,0.0,0.0,0.0
168.83434699993055,4.982906628007651,14.106102591110833,0.0,0.0,0.0
168.82465756316054,4.985910992072259,14.107949734173246,0.0,0.0,0.0
168.81496803921127,4.988915217156636,14.109796877235661,0.0,0.0,0.0
168.80527842805805,4.99191930322446,14.111644020298074,0.0,0.0,0.0
168.7955887296763,4.994923250239403,14.11349116336049,0.0,0.0,0.0
168.7858989440414,4.997927058165147,14.115338306422904,0.0,0.0,0.0
168.77620907112876,5.00093072696537,14.117185449485318,0.0,0.0,0.0
168.7665191109138,5.003934256603755,14.11903259254773,0.0,0.0,0.0
168.75682906337187,5.006937647043985,14.120879735610147,0.0,0.0,0.0
168.7471389284784,5.009940898249754,14.12272687867256,0.0,0.0,0.0
168.73744870620885,5.012944010184747,14.124574021734977,0.0,0.0,0.0
168.72775839653863,5.015946982812661,14.126421164797394,0.0,0.0,0.0
168.71806799944312,5.0189498160971855,14.128268307859805,0.0,0.0,0.0
168.70837751489782,5.021952510002024,14.130115450922219,0.0,0.0,0.0
168.69868694287814,5.024955064490872,14.131962593984635,0.0,0.0,0.0
168.68899628335953,5.027957479527436,14.133809737047049,0.0,0.0,0.0
168.67930553631743,5.030959755075418,14.13565688010946,0.0,0.0,0.0
168.66961470172734,5.033961891098526,14.137504023171878,0.0,0.0,0.0
168.65992377956468,5.0369638875604705,14.139351166234293,0.0,0.0,0.0
168.65023276980494,5.039965744424961,14.141198309296705,0.0,0.0,0.0
168.6405416724236,5.0429674616557145,14.143045452359118,0.0,0.0,0.0
168.63085048739612,5.045969039216449,14.144892595421537,0.0,0.0,0.0
168.621159214698,5.048970477070881,14.14673973848395,0.0,0.0,0.0
168.61146785430475,5.051971775182735,14.148586881546363,0.0,0.0,0.0
168.60177640619185,5.0549729335157325,14.15043402460878,0.0,0.0,0.0
168.5920848703348,5.057973952033605,14.152281167671193,0.0,0.0,0.0
168.5823932467091,5.060974830700077,14.154128310733608,0.0,0.0,0.0
168.5727015352903,5.063975569478881,14.15597545379602,0.0,0.0,0.0
168.5630097360539,5.066976168333753,14.157822596858436,0.0,0.0,0.0
168.5533178489754,5.069976627228428,14.159669739920854,0.0,0.0,0.0
168.5436258740304,5.072976946126644,14.161516882983264,0.0,0.0,0.0
168.5339338111944,5.075977124992146,14.163364026045679,0.0,0.0,0.0
168.52424166044295,5.078977163788676,14.165211169108092,0.0,0.0,0.0
168.51454942175158,5.08197706247998,14.16705831217051,0.0,0.0,0.0
168.50485709509584,5.084976821029804,14.168905455232922,0.0,0.0,0.0
168.49516468045135,5.087976439401904,14.170752598295339,0.0,0.0,0.0
168.4854721777936,5.0909759175600335,14.172599741357752,0.0,0.0,0.0
168.4757795870982,5.093975255467941,14.174446884420172,0.0,0.0,0.0
168.46608690834077,5.096974453089397,14.17629402748258,0.0,0.0,0.0
168.45639414149682,5.099973510388153,14.178141170544995,0.0,0.0,0.0
168.44670128654198,5.102972427327977,14.17998831360741,0.0,0.0,0.0
168.43700834345185,5.105971203872633,14.181835456669823,0.0,0.0,0.0
168.427315312202,5.10896983998589,14.183682599732238,0.0,0.0,0.0
168.41762219276808,5.11196833563152,14.185529742794651,0.0,0.0,0.0
168.40792898512566,5.114966690773294,14.18737688585707,0.0,0.0,0.0
168.39823568925038,5.117964905374987,14.189224028919483,0.0,0.0,0.0
168.38854230511785,5.120962979400379,14.191071171981898,0.0,0.0,0.0
168.37884883270374,5.123960912813253,14.19291831504431,0.0,0.0,0.0
168.36915527198363,5.1269587055773895,14.194765458106724,0.0,0.0,0.0
168.35946162293322,5.129956357656571,14.196612601169141,0.0,0.0,0.0
168.3497678855281,5.1329538690145915,14.198459744231558,0.0,0.0,0.0
168.34007405974398,5.135951239615238,14.200306887293971,0.0,0.0,0.0
168.33038014555646,5.138948469422304,14.202154030356382,0.0,0.0,0.0
168.32068614294124,5.141945558399584,14.204001173418797,0.0,0.0,0.0
168.31099205187397,5.144942506510878,14.205848316481216,0.0,0.0,0.0
168.30129787233037,5.147939313719985,14.20769545954363,0.0,0.0,0.0
168.29160360428608,5.150935979990706,14.209542602606039,0.0,0.0,0.0
168.28190924771678,5.153932505286852,14.211389745668455,0.0,0.0,0.0
168.27221480259817,5.1569288895722245,14.21323688873087,0.0,0.0,0.0
168.26252026890597,5.159925132810635,14.215084031793287,0.0,0.0,0.0
168.25282564661592,5.162921234965898,14.216931174855699,0.0,0.0,0.0
168.24313093570362,5.165917196001829,14.218778317918114,0.0,0.0,0.0
168.2334361361449,5.168913015882243,14.220625460980528,0.0,0.0,0.0
168.2237412479154,5.171908694570962,14.222472604042943,0.0,0.0,0.0
168.2140462709909,5.174904232031809,14.224319747105358,0.0,0.0,0.0
168.20435120534708,5.177899628228607,14.226166890167773,0.0,0.0,0.0
168.19465605095974,5.180894883125185,14.228014033230187,0.0,0.0,0.0
168.18496080780463,5.183889996685372,14.2298611762926,0.0,0.0,0.0
168.17526547585743,5.1868849688730005,14.231708319355015,0.0,0.0,0.0
168.16557005509392,5.189879799651907,14.233555462417428,0.0,0.0,0.0
168.1558745454899,5.192874488985927,14.235402605479843,0.0,0.0,0.0
168.14617894702113,5.1958690368389,14.23724974854226,0.0,0.0,0.0
168.13648325966335,5.198863443174673,14.239096891604671,0.0,0.0,0.0
168.12678748339235,5.2018577079570845,14.240944034667093,0.0,0.0,0.0
168.11709161818393,5.204851831149985,14.242791177729503,0.0,0.0,0.0
168.1073956640139,5.207845812717224,14.244638320791918,0.0,0.0,0.0
168.097699620858,5.210839652622655,14.24648546385433,0.0,0.0,0.0
168.0880034886921,5.21383335083013,14.24833260691675,0.0,0.0,0.0
168.07830726749197,5.216826907303508,14.25017974997916,0.0,0.0,0.0
168.06861095723337,5.21982032200665,14.252026893041574,0.0,0.0,0.0
168.05891455789222,5.222813594903415,14.25387403610399,0.0,0.0,0.0
168.04921806944432,5.225806725957669,14.255721179166407,0.0,0.0,0.0
168.0395214918655,5.22879971513328,14.25756832222882,0.0,0.0,0.0
168.02982482513153,5.231792562394121,14.259415465291232,0.0,0.0,0.0
168.02012806921834,5.234785267704055,14.261262608353649,0.0,0.0,0.0
168.01043122410172,5.237777831026966,14.263109751416062,0.0,0.0,0.0
168.00073428975756,5.240770252326726,14.264956894478475,0.0,0.0,0.0
167.99103726616173,5.2437625315672145,14.26680403754089,0.0,0.0,0.0
167.9813401532901,5.246754668712318,14.268651180603307,0.0,0.0,0.0
167.97164295111847,5.249746663725916,14.27049832366572,0.0,0.0,0.0
167.96194565962276,5.2527385165719,14.272345466728135,0.0,0.0,0.0
167.95224827877888,5.255730227214155,14.27419260979055,0.0,0.0,0.0
167.94255080856271,5.2587217956165775,14.276039752852967,0.0,0.0,0.0
167.93285324895012,5.261713221743062,14.27788689591538,0.0,0.0,0.0
167.92315559991707,5.264704505557502,14.279734038977791,0.0,0.0,0.0
167.91345786143938,5.2676956470238006,14.281581182040204,0.0,0.0,0.0
167.90376003349303,5.270686646105856,14.283428325102623,0.0,0.0,0.0
167.8940621160539,5.273677502767578,14.285275468165038,0.0,0.0,0.0
167.88436410909793,5.27666821697287,14.287122611227453,0.0,0.0,0.0
167.87466601260107,5.279658788685644,14.288969754289862,0.0,0.0,0.0
167.86496782653924,5.282649217869808,14.29081689735228,0.0,0.0,0.0
167.85526955088835,5.285639504489282,14.292664040414692,0.0,0.0,0.0
167.8455711856244,5.288629648507981,14.294511183477107,0.0,0.0,0.0
167.8358727307233,5.291619649889824,14.296358326539522,0.0,0.0,0.0
167.82617418616104,5.294609508598734,14.298205469601937,0.0,0.0,0.0
167.81647555191358,5.297599224598635,14.300052612664354,0.0,0.0,0.0
167.8067768279569,5.300588797853456,14.301899755726764,0.0,0.0,0.0
167.79707801426693,5.303578228327122,14.30374689878918,0.0,0.0,0.0
167.78737911081973,5.306567515983571,14.305594041851595,0.0,0.0,0.0
167.7776801175912,5.309556660786734,14.307441184914008,0.0,0.0,0.0
167.76798103455738,5.3125456627005505,14.309288327976423,0.0,0.0,0.0
167.7582818616943,5.31553452168896,14.311135471038838,0.0,0.0,0.0
167.74858259897792,5.318523237715905,14.312982614101251,0.0,0.0,0.0
167.73888324638426,5.321511810745328,14.314829757163665,0.0,0.0,0.0
167.72918380388936,5.324500240741176,14.316676900226085,0.0,0.0,0.0
167.71948427146918,5.327488527667403,14.318524043288496,0.0,0.0,0.0
167.70978464909984,5.3304766714879595,14.32037118635091,0.0,0.0,0.0
167.70008493675735,5.333464672166797,14.322218329413326,0.0,0.0,0.0
167.69038513441768,5.336452529667879,14.32406547247574,0.0,0.0,0.0
167.68068524205697,5.339440243955161,14.325912615538156,0.0,0.0,0.0
167.67098525965122,5.3424278149926065,14.327759758600568,0.0,0.0,0.0
167.6612851871765,5.345415242744181,14.329606901662983,0.0,0.0,0.0
167.6515850246089,5.348402527173852,14.3314540447254,0.0,0.0,0.0
167.64188477192442,5.351389668245589,14.33330118778781,0.0,0.0,0.0
167.6321844290992,5.354376665923366,14.33514833085023,0.0,0.0,0.0
167.6224839961093,5.3573635201711545,14.33699547391264,0.0,0.0,0.0
167.61278347293083,5.360350230952937,14.338842616975054,0.0,0.0,0.0
167.60308285953985,5.36333679823269,14.340689760037469,0.0,0.0,0.0
167.59338215591248,5.3663232219743975,14.342536903099884,0.0,0.0,0.0
167.5836813620248,5.369309502142045,14.344384046162299,0.0,0.0,0.0
167.57398047785296,5.372295638699619,14.346231189224715,0.0,0.0,0.0
167.56427950337306,5.375281631611109,14.348078332287129,0.0,0.0,0.0
167.55457843856124,5.378267480840512,14.349925475349542,0.0,0.0,0.0
167.54487728339356,5.381253186351822,14.351772618411959,0.0,0.0,0.0
167.53517603784624,5.384238748109033,14.35361976147437,0.0,0.0,0.0
167.52547470189538,5.38722416607615,14.355466904536787,0.0,0.0,0.0
167.51577327551715,5.390209440217173,14.357314047599202,0.0,0.0,0.0
167.50607175868765,5.3931945704961075,14.359161190661617,0.0,0.0,0.0
167.49637015138308,5.396179556876964,14.36100833372403,0.0,0.0,0.0
167.4866684535796,5.399164399323751,14.362855476786445,0.0,0.0,0.0
