galstreams/tracks/track.st.C-7.ibata2021.ecsv
# %ECSV 1.0
# ---
# datatype:
# - {name: ra, unit: deg, datatype: float64}
# - {name: dec, unit: deg, datatype: float64}
# - {name: distance, unit: kpc, datatype: float64}
# - {name: pm_ra_cosdec, unit: mas / yr, datatype: float64}
# - {name: pm_dec, unit: mas / yr, datatype: float64}
# - {name: radial_velocity, unit: km / s, datatype: float64}
# delimiter: ','
# meta: !!omap
# - __serialized_columns__:
#     dec:
#       __class__: astropy.coordinates.angles.Latitude
#       unit: &id001 !astropy.units.Unit {unit: deg}
#       value: !astropy.table.SerializedColumn {name: dec}
#     distance:
#       __class__: astropy.coordinates.distances.Distance
#       unit: !astropy.units.Unit {unit: kpc}
#       value: !astropy.table.SerializedColumn {name: distance}
#     pm_dec:
#       __class__: astropy.units.quantity.Quantity
#       unit: !astropy.units.Unit {unit: mas / yr}
#       value: !astropy.table.SerializedColumn {name: pm_dec}
#     pm_ra_cosdec:
#       __class__: astropy.units.quantity.Quantity
#       unit: !astropy.units.Unit {unit: mas / yr}
#       value: !astropy.table.SerializedColumn {name: pm_ra_cosdec}
#     ra:
#       __class__: astropy.coordinates.angles.Longitude
#       unit: *id001
#       value: !astropy.table.SerializedColumn {name: ra}
#       wrap_angle: !astropy.coordinates.Angle
#         unit: *id001
#         value: 360.0
#     radial_velocity:
#       __class__: astropy.units.quantity.Quantity
#       unit: !astropy.units.Unit {unit: km / s}
#       value: !astropy.table.SerializedColumn {name: radial_velocity}
# schema: astropy-2.0
ra,dec,distance,pm_ra_cosdec,pm_dec,radial_velocity
[from data line 1544]
293.92692547329403,-47.98302246224328,5.793194261747623,-12.440491535144407,-14.10896758219425,-3.335473629290864
293.9399366772179,-47.97810293642347,5.793441270986261,-12.437566972119738,-14.1117968324426,-3.275773207235082
293.9529451302438,-47.973181612754296,5.793688323704339,-12.434641718561158,-14.114622886233423,-3.216058146559084
293.96595083226316,-47.968258491742276,5.793935418833632,-12.431715776044012,-14.117445741068963,-3.156328729199214
293.9789537831686,-47.96333357389392,5.794182555305915,-12.428789146144329,-14.120265394452371,-3.0965852370922553
293.99195398285354,-47.95840685971569,5.7944297320529605,-12.425861830438889,-14.123081843887686,-3.03682795217509
294.0049514312119,-47.95347834971397,5.794676948006548,-12.422933830505173,-14.125895086879776,-2.9770571563838946
294.0179461281389,-47.94854804439516,5.7949242020984455,-12.420005147921387,-14.12870512093447,-2.9172731316555183
294.0309380735304,-47.94361594426561,5.795171493260431,-12.41707578426642,-14.131511943558436,-2.857476159926541
294.04392726728327,-47.93868204983159,5.795418820424281,-12.414145741119894,-14.134315552259228,-2.797666523133543
294.056913709295,-47.933746361599376,5.795666182521765,-12.411215020062155,-14.137115944545315,-2.737844503213475
294.0698973994642,-47.928808880075195,5.795913578484662,-12.408283622674226,-14.13991311792601,-2.678010382102647
294.08287833769015,-47.92386960576521,5.796161007244743,-12.405351550537857,-14.142707069911527,-2.6181644417377403
294.09585652387307,-47.918928539175575,5.796408467733787,-12.402418805235488,-14.145497798012954,-2.5583069640554363
294.10883195791405,-47.913985680812395,5.796655958883564,-12.39948538835029,-14.148285299742284,-2.4984382309922477
294.121804639715,-47.90904103118172,5.796903479625852,-12.396551301466099,-14.151069572612366,-2.438558524484889
294.1347745691787,-47.90409459078958,5.797151028892423,-12.393616546167475,-14.153850614136957,-2.378668126470142
294.1477417462088,-47.899146360141955,5.797398605615053,-12.390681124039684,-14.156628421830657,-2.3187673188843516
294.1607061707098,-47.894196339744774,5.797646208725516,-12.387745036668669,-14.159402993208987,-2.2588563836641984
294.173667842587,-47.88924453010393,5.797893837155586,-12.384808285641062,-14.162174325788335,-2.1989356027467006
294.18662676174665,-47.88429093172532,5.7981414898370405,-12.381870872544235,-14.164942417085957,-2.1390052580680003
294.1995829280957,-47.87933554511471,5.79838916570165,-12.378932798966206,-14.167707264619999,-2.079065631564779
294.2125363415422,-47.87437837077789,5.798636863681192,-12.37599406649571,-14.170468865909498,-2.0191170051740537
294.22548700199485,-47.86941940922059,5.79888458270744,-12.373054676722164,-14.173227218474349,-1.9591596608320345
294.2384349093632,-47.864458660948515,5.799132321712166,-12.370114631235674,-14.17598231983534,-1.899193880475638
294.2513800635578,-47.859496126467285,5.799380079627149,-12.367173931627036,-14.178734167514136,-1.8392199460414447
294.2643224644898,-47.85453180628253,5.799627855384162,-12.364232579487743,-14.181482759033269,-1.7792381394657986
294.27726211207147,-47.8495657008998,5.799875647914978,-12.361290576409935,-14.184228091916172,-1.7192487426855825
294.29019900621586,-47.84459781082461,5.800123456151372,-12.358347923986473,-14.18697016368715,-1.6592520376376465
294.3031331468367,-47.83962813656244,5.800371279025121,-12.35540462381089,-14.189708971871354,-1.5992483062582334
294.3160645338486,-47.83465667861872,5.800619115467997,-12.352460677477405,-14.192444513994849,-1.5392378304838223
294.32899316716725,-47.82968343749883,5.800866964411775,-12.349516086580886,-14.195176787584563,-1.4792208922515997
294.34191904670905,-47.824708413708116,5.801114824788231,-12.34657085271691,-14.197905790168306,-1.419197773497876
294.35484217239116,-47.81973160775191,5.801362695529138,-12.343624977481708,-14.20063151927476,-1.3591687561592987
294.36776254413166,-47.81475302013542,5.8016105755662695,-12.34067846247222,-14.203353972433483,-1.2991341221726498
294.38068016184945,-47.809772651363886,5.801858463831403,-12.337731309286,-14.206073147174905,-1.2390941534744082
294.39359502546426,-47.80479050194247,5.802106359256311,-12.334783519521343,-14.208789041030325,-1.1790491320011542
294.40650713489674,-47.799806572376276,5.802354260772768,-12.331835094777157,-14.211501651531947,-1.1189993396896698
294.4194164900683,-47.7948208631704,5.802602167312552,-12.328886036653046,-14.214210976212808,-1.0589450584766025
294.43232309090115,-47.78983337482988,5.802850077807431,-12.325936346749279,-14.21691701260685,-0.9988865702981953
294.4452269373185,-47.78484410785969,5.803097991189184,-12.322986026666786,-14.219619758248879,-0.9388241570915674
294.4581280292443,-47.77985306276475,5.803345906389586,-12.32003507800716,-14.222319210674573,-0.8787581007932312
294.47102636660327,-47.77486024005,5.80359382234041,-12.317083502372661,-14.225015367420482,-0.8186886833394639
294.483921949321,-47.76986564022024,5.803841737973431,-12.314131301366213,-14.227708226024024,-0.7586161866672833
294.49681477732406,-47.764869263780305,5.804089652220423,-12.311178476591376,-14.230397784023511,-0.6985408927134377
294.5097048505397,-47.75987111123492,5.804337564013161,-12.308225029652407,-14.233084038958099,-0.6384630834141704
294.5225921688961,-47.75487118308884,5.804585472283422,-12.305270962154184,-14.235766988367825,-0.5783830407062636
294.5354767323221,-47.74986947984667,5.804833375962974,-12.302316275702283,-14.238446629793613,-0.5183010465263982
294.54835854074753,-47.744866002013076,5.805081273983598,-12.299360971902889,-14.241122960777234,-0.4582173828109524
294.56123759410315,-47.73986075009258,5.805329165277065,-12.296405052362845,-14.24379597886135,-0.3981323314970787
294.5741138923203,-47.73485372458973,5.805577048775152,-12.293448518689685,-14.246465681589484,-0.3380461745209866
294.58698743533137,-47.72984492600898,5.805824923409632,-12.290491372491557,-14.249132066506018,-0.27795919381939094
294.59985822306936,-47.72483435485477,5.806072788112279,-12.287533615377264,-14.251795131156221,-0.21787167132887172
294.61272625546826,-47.71982201163146,5.806320641814869,-12.284575248956257,-14.254454873086221,-0.15778388898607631
294.6255915324629,-47.71480789684339,5.806568483449176,-12.28161627483864,-14.25711128984303,-0.09769612872785427
294.63845405398894,-47.709792010994825,5.806816311946974,-12.27865669463514,-14.259764378974507,-0.0376086724907519
294.65131381998265,-47.70477435459,5.807064126240037,-12.27569650995716,-14.262414138029387,0.0224781977889202
294.6641708303814,-47.69975492813309,5.8073119252601435,-12.272735722416712,-14.265060564557267,0.0825642001742115
294.6770250851233,-47.69473373212825,5.807559707939063,-12.269774333626472,-14.267703656108637,0.14264905272854195
294.68987658414727,-47.689710767079525,5.807807473208573,-12.266812345199735,-14.270343410234826,0.20273247351523044
294.70272532739295,-47.68468603349096,5.808055220000447,-12.263849758750446,-14.272979824488038,0.26281418059779804
294.715571314801,-47.679659531866555,5.808302947246459,-12.260886575893178,-14.275612896421347,0.3228938920394626
294.72841454631276,-47.67463126271023,5.808550653878386,-12.25792279824315,-14.278242623588671,0.38297132590408195
294.7412550218705,-47.669601226525856,5.808798338827998,-12.254958427416188,-14.280869003544847,0.44304620025423397
294.75409274141714,-47.66456942381727,5.809046001027075,-12.251993465028786,-14.283492033845516,0.5031182331538439
294.76692770489666,-47.65953585508827,5.809293639407388,-12.249027912698018,-14.286111712047221,0.5631871426660285
294.77975991225367,-47.654500520842554,5.809541252900712,-12.246061772041644,-14.288728035707353,0.6232526468542079
294.7925893634337,-47.64946342158383,5.809788840438825,-12.243095044678004,-14.291341002384176,0.6833144637818018
294.805416058383,-47.64442455781571,5.810036400953495,-12.2401277322261,-14.293950609636811,0.7433723115122304
294.81823999704875,-47.63938393004178,5.810283933376503,-12.237159836305526,-14.296556855025251,0.8034259081086778
294.8310611793788,-47.63434153876556,5.810531436639617,-12.23419135853652,-14.299159736110337,0.8634749716349007
294.8438796053221,-47.62929738449052,5.810778909674619,-12.231222300539917,-14.301759250453788,0.9235192201537129
294.8566952748281,-47.62425146772007,5.811026351413278,-12.22825266393722,-14.304355395618174,0.9835583717289385
294.8695081878472,-47.619203788957606,5.81127376078737,-12.225282450350491,-14.306948169166933,1.0435921444236944
294.8823183443306,-47.61415434870643,5.811521136728671,-12.222311661402458,-14.309537568664359,1.1036202563016024
294.89512574423037,-47.609103147469796,5.811768478168953,-12.219340298716434,-14.312123591675617,1.1636424254258135
294.9079303874994,-47.60405018575093,5.8120157840399935,-12.216368363916345,-14.314706235766732,1.2236583698595787
294.92073227409116,-47.59899546405296,5.812263053273566,-12.213395858626766,-14.317285498504559,1.2836678076666215
294.9335314039603,-47.59393898287904,5.812510284801443,-12.210422784472838,-14.31986137745686,1.3436704569100921
294.946327777062,-47.58888074273217,5.812757477555401,-12.207449143080337,-14.322433870192231,1.4036660356532424
294.9591213933523,-47.58382074411538,5.813004630467214,-12.204474936075659,-14.325002974280114,1.4636542619598627
294.9719122527882,-47.57875898753161,5.813251742468659,-12.201500165085768,-14.327568687290832,1.523634853892935
294.98470035532733,-47.573695473483724,5.813498812491505,-12.19852483173827,-14.330131006795565,1.583607529516014
294.9974857009282,-47.56863020247458,5.813745839467532,-12.195548937661357,-14.332689930366342,1.6435720068923176
295.01026828955025,-47.56356317500697,5.813992822328512,-12.192572484483831,-14.33524545557606,1.7035280040852323
295.0230481211534,-47.55849439158359,5.8142397600062194,-12.189595473835094,-14.337797579998448,1.76347523915838
295.03582519569864,-47.55342385270711,5.814486651432429,-12.18661790734516,-14.340346301208108,1.8234134301750458
295.0485995131478,-47.548351558880185,5.814733495538916,-12.183639786644619,-14.342891616780523,1.883342295198414
295.06137107346336,-47.54327751060534,5.814980291257457,-12.180661113364657,-14.345433524291993,1.9432615522918035
295.0741398766086,-47.53820170838509,5.815227037519819,-12.177681889137098,-14.347972021319691,2.0031709195188703
295.08690592254777,-47.533124152721896,5.815473733257786,-12.174702115594304,-14.35050710544164,2.063070114942899
295.09966921124584,-47.52804484411814,5.815720377403126,-12.171721794369272,-14.353038774236737,2.1229588566270072
295.1124297426684,-47.522963783076165,5.8159669688876185,-12.168740927095577,-14.355567025284687,2.182836862635052
295.12518751678215,-47.51788097009825,5.816213506643033,-12.16575951540737,-14.358091856166112,2.242703851029814
295.1379425335544,-47.512796405686615,5.816459989601145,-12.162777560939421,-14.360613264462433,2.3025595398750833
295.15069479295323,-47.50771009034344,5.816706416693734,-12.159795065327062,-14.36313124775595,2.362403647234078
295.1634442949477,-47.50262202457084,5.8169527868525694,-12.156812030206227,-14.36564580362981,2.422235891170386
295.17619103950744,-47.497532208870865,5.817199099009428,-12.153828457213418,-14.368156929668018,2.482055989747159
295.18893502660313,-47.492440643745496,5.817445352096082,-12.150844347985753,-14.370664623455433,2.5418636610276133
295.20167625620604,-47.487347329696696,5.817691545044307,-12.147859704160892,-14.373168882577747,2.6016586230754055
295.2144147282882,-47.48225226722634,5.817937676785879,-12.144874527377109,-14.375669704621513,2.6614405939539556
295.22715044282273,-47.47715545683626,5.818183746252572,-12.141888819273218,-14.378167087174162,2.7212092917262454
295.2398833997833,-47.4720568990282,5.818429752376162,-12.138902581488658,-14.380661027823916,2.7809644344559645
295.25261359914435,-47.466956594303895,5.8186756940884194,-12.135915815663422,-14.383151524159913,2.8407057402063307
295.2653410408813,-47.461854543164996,5.818921570321123,-12.13292852343806,-14.38563857377208,2.9004329270408316
295.2780657249702,-47.456750746113094,5.819167380006044,-12.129940706453743,-14.388122174251254,2.9601457130229205
295.2907876513879,-47.451645203649704,5.819413122074958,-12.126952366352173,-14.390602323189055,3.0198438162157815
295.3035068201122,-47.44653791627631,5.819658795459643,-12.123963504775624,-14.393079018178007,3.0795269546827337
295.3162232311215,-47.44142888449434,5.819904399091868,-12.120974123366967,-14.395552256811452,3.1391948464873995
295.3289368843951,-47.436318108805146,5.820149931903411,-12.117984223769632,-14.398022036683596,3.19884720969303
295.34164777991305,-47.43120558971001,5.820395392826044,-12.114993807627599,-14.400488355389482,3.2584837623626743
295.35435591765616,-47.42609132771018,5.820640780791546,-12.112002876585425,-14.402951210524986,3.318104222560225
295.36706129760614,-47.42097532330684,5.820886094731687,-12.109011432288248,-14.405410599686862,3.3777083083487645
295.3797639197453,-47.41585757700109,5.821131333578243,-12.10601947638174,-14.407866520472687,3.437295737791679
295.39246378405693,-47.410738089294014,5.821376496262991,-12.103027010512143,-14.410318970480883,3.496866228952557
295.405160890525,-47.40561686068659,5.8216215817177,-12.100034036326278,-14.412767947310737,3.5564194998944823
295.4178552391343,-47.40049389167976,5.82186658887415,-12.097040555471498,-14.415213448562367,3.6159552686808403
295.4305468298704,-47.395369182774395,5.822111516664115,-12.094046569595738,-14.41765547183672,3.6754732533752197
295.44323566271953,-47.39024273447131,5.822356364019366,-12.09105208034747,-14.420094014735616,3.7349731720409394
295.4559217376689,-47.38511454727125,5.822601129871678,-12.088057089375742,-14.4225290748617,3.794454742741183
295.46860505470653,-47.379984621674936,5.82284581315283,-12.085061598330114,-14.42496064981848,3.853917683539271
295.48128561382083,-47.37485295818296,5.823090412794594,-12.082065608860756,-14.427388737210247,3.9133617124991273
295.4939634150015,-47.36971955729593,5.823334927728742,-12.079069122618336,-14.429813334642233,3.972786547683397
295.5066384582386,-47.364584419514316,5.823579356887053,-12.076072141254121,-14.432234439720418,4.032191907155973
295.51931074352336,-47.35944754533859,5.823823699201298,-12.073074666419872,-14.434652050051678,4.091577508979903
295.53198027084744,-47.354308935269124,5.824067953603253,-12.070076699767935,-14.437066163243717,4.1509430712187765
295.5446470402035,-47.34916858980623,5.824312119024692,-12.067078242951203,-14.439476776905064,4.210288311935912
295.55731105158475,-47.34402650945018,5.824556194397391,-12.064079297623083,-14.441883888645107,4.269612949194595
295.5699723049855,-47.33888269470116,5.824800178653122,-12.061079865437545,-14.444287496074077,4.328916701058246
295.5826308004006,-47.333737146059306,5.825044070723663,-12.0580799480491,-14.44668759680302,4.388199285590115
295.5952865378256,-47.328589864024664,5.825287869540785,-12.05507954711281,-14.449084188443834,4.44746042085396
295.60793951725714,-47.323440849097274,5.825531574036265,-12.052078664284245,-14.45147726860926,4.5066998249127295
295.6205897386924,-47.31829010177705,5.825775183141878,-12.049077301219521,-14.453866834912878,4.565917215829843
295.6332372021293,-47.31313762256388,5.826018695789394,-12.046075459575338,-14.456252884969103,4.62511231166882
295.6458819075666,-47.30798341195758,5.826262110910593,-12.043073141008852,-14.458635416393161,4.684284830493118
295.658523855004,-47.30282747045789,5.826505427437247,-12.040070347177814,-14.461014426801162,4.743434490365985
295.67116304444164,-47.29766979856449,5.826748644301131,-12.037067079740472,-14.463389913810024,4.802561009350471
295.68379947588073,-47.29251039677703,5.82699176043402,-12.034063340355619,-14.465761875037499,4.86166410551047
295.69643314932296,-47.28734926559503,5.827234774767686,-12.031059130682593,-14.468130308102175,4.920743496909332
