galstreams/tracks/track.po.PS1-A.bernard2016.ecsv
# %ECSV 0.9
# ---
# datatype:
# - {name: ra, unit: deg, datatype: float64}
# - {name: dec, unit: deg, datatype: float64}
# - {name: distance, unit: kpc, datatype: float64}
# - {name: pm_ra_cosdec, unit: mas / yr, datatype: float64}
# - {name: pm_dec, unit: mas / yr, datatype: float64}
# - {name: radial_velocity, unit: km / s, datatype: float64}
# delimiter: ','
# meta: !!omap
# - __serialized_columns__:
#     dec:
#       __class__: astropy.coordinates.angles.Latitude
#       unit: &id001 !astropy.units.Unit {unit: deg}
#       value: !astropy.table.SerializedColumn {name: dec}
#     distance:
#       __class__: astropy.coordinates.distances.Distance
#       unit: !astropy.units.Unit {unit: kpc}
#       value: !astropy.table.SerializedColumn {name: distance}
#     pm_dec:
#       __class__: astropy.units.quantity.Quantity
#       unit: !astropy.units.Unit {unit: mas / yr}
#       value: !astropy.table.SerializedColumn {name: pm_dec}
#     pm_ra_cosdec:
#       __class__: astropy.units.quantity.Quantity
#       unit: !astropy.units.Unit {unit: mas / yr}
#       value: !astropy.table.SerializedColumn {name: pm_ra_cosdec}
#     ra:
#       __class__: astropy.coordinates.angles.Longitude
#       unit: *id001
#       value: !astropy.table.SerializedColumn {name: ra}
#       wrap_angle: !astropy.coordinates.Angle
#         unit: *id001
#         value: 360.0
#     radial_velocity:
#       __class__: astropy.units.quantity.Quantity
#       unit: !astropy.units.Unit {unit: km / s}
#       value: !astropy.table.SerializedColumn {name: radial_velocity}
# schema: astropy-2.0
ra,dec,distance,pm_ra_cosdec,pm_dec,radial_velocity
[from data line 239]
29.24053495422166,-4.25956336871991,7.899999999999996,0.0,0.0,0.0
29.244101800113874,-4.250195494946531,7.899999999999995,0.0,0.0,0.0
29.247668559327515,-4.24082760476244,7.899999999999993,0.0,0.0,0.0
29.251235232056278,-4.231459698204338,7.899999999999995,0.0,0.0,0.0
29.25480181849386,-4.222091775308923,7.899999999999994,0.0,0.0,0.0
29.25836831883388,-4.212723836112942,7.899999999999995,0.0,0.0,0.0
29.261934733270056,-4.2033558806529525,7.899999999999995,0.0,0.0,0.0
29.26550106199596,-4.193987908965749,7.899999999999995,0.0,0.0,0.0
29.26906730520522,-4.184619921087987,7.899999999999996,0.0,0.0,0.0
29.272633463091434,-4.175251917056349,7.899999999999994,0.0,0.0,0.0
29.276199535848175,-4.16588389690751,7.899999999999994,0.0,0.0,0.0
29.279765523669,-4.156515860678145,7.899999999999995,0.0,0.0,0.0
29.283331426747452,-4.147147808404924,7.899999999999994,0.0,0.0,0.0
29.286897245277068,-4.137779740124511,7.899999999999995,0.0,0.0,0.0
29.29046297945134,-4.128411655873572,7.899999999999996,0.0,0.0,0.0
29.29402862946378,-4.1190435556887675,7.899999999999995,0.0,0.0,0.0
29.29759419550785,-4.109675439606753,7.899999999999994,0.0,0.0,0.0
29.30115967777701,-4.100307307664182,7.899999999999994,0.0,0.0,0.0
29.30472507646471,-4.090939159897703,7.899999999999995,0.0,0.0,0.0
29.308290391764363,-4.081570996343964,7.899999999999995,0.0,0.0,0.0
29.31185562386939,-4.072202817039608,7.899999999999995,0.0,0.0,0.0
29.315420772973177,-4.062834622021276,7.899999999999996,0.0,0.0,0.0
29.318985839269097,-4.053466411325602,7.899999999999996,0.0,0.0,0.0
29.32255082295051,-4.044098184989221,7.899999999999995,0.0,0.0,0.0
29.32611572421077,-4.034729943048762,7.899999999999996,0.0,0.0,0.0
29.32968054324319,-4.025361685540852,7.899999999999995,0.0,0.0,0.0
29.33324528024108,-4.015993412502115,7.899999999999995,0.0,0.0,0.0
29.33680993539773,-4.0066251239691715,7.899999999999995,0.0,0.0,0.0
29.34037450890643,-3.9972568199786345,7.899999999999995,0.0,0.0,0.0
29.343939000960436,-3.9878885005671223,7.899999999999996,0.0,0.0,0.0
29.347503411752985,-3.9785201657712417,7.899999999999996,0.0,0.0,0.0
29.35106774147731,-3.9691518156276007,7.899999999999996,0.0,0.0,0.0
29.354631990326617,-3.959783450172804,7.899999999999995,0.0,0.0,0.0
29.358196158494117,-3.9504150694434523,7.899999999999995,0.0,0.0,0.0
29.361760246172974,-3.9410466734761407,7.899999999999996,0.0,0.0,0.0
29.365324253556352,-3.931678262307463,7.899999999999995,0.0,0.0,0.0
29.368888180837406,-3.9223098359740134,7.899999999999996,0.0,0.0,0.0
29.37245202820926,-3.912941394512377,7.899999999999997,0.0,0.0,0.0
29.37601579586503,-3.903572937959138,7.899999999999997,0.0,0.0,0.0
29.379579483997837,-3.89420446635088,7.899999999999996,0.0,0.0,0.0
29.383143092800733,-3.8848359797241776,7.899999999999996,0.0,0.0,0.0
29.386706622466804,-3.875467478115607,7.899999999999996,0.0,0.0,0.0
29.390270073189097,-3.8660989615617423,7.899999999999997,0.0,0.0,0.0
29.393833445160645,-3.8567304300991494,7.899999999999997,0.0,0.0,0.0
29.39739673857447,-3.847361883764393,7.899999999999997,0.0,0.0,0.0
29.400959953623584,-3.837993322594038,7.899999999999997,0.0,0.0,0.0
29.404523090500966,-3.828624746624641,7.899999999999998,0.0,0.0,0.0
29.408086149399594,-3.8192561558927594,7.899999999999997,0.0,0.0,0.0
29.41164913051243,-3.809887550434946,7.899999999999998,0.0,0.0,0.0
29.4152120340324,-3.80051893028775,7.899999999999997,0.0,0.0,0.0
29.418774860152453,-3.791150295487718,7.899999999999998,0.0,0.0,0.0
29.42233760906549,-3.7817816460713933,7.899999999999998,0.0,0.0,0.0
29.42590028096441,-3.772412982075318,7.899999999999998,0.0,0.0,0.0
29.42946287604208,-3.7630443035360277,7.899999999999997,0.0,0.0,0.0
29.433025394491388,-3.753675610490057,7.899999999999997,0.0,0.0,0.0
29.436587836505165,-3.744306902973938,7.899999999999997,0.0,0.0,0.0
29.44015020227625,-3.734938181024198,7.899999999999998,0.0,0.0,0.0
29.443712491997474,-3.7255694446773617,7.899999999999998,0.0,0.0,0.0
29.447274705861624,-3.716200693969952,7.899999999999999,0.0,0.0,0.0
29.450836844061502,-3.706831928938487,7.899999999999998,0.0,0.0,0.0
29.45439890678988,-3.697463149619484,7.899999999999998,0.0,0.0,0.0
29.457960894239513,-3.6880943560494552,7.899999999999998,0.0,0.0,0.0
29.461522806603146,-3.678725548264913,7.899999999999998,0.0,0.0,0.0
29.4650846440735,-3.669356726302359,7.899999999999998,0.0,0.0,0.0
29.468646406843305,-3.6599878901983014,7.899999999999997,0.0,0.0,0.0
29.472208095105252,-3.65061903998924,7.899999999999999,0.0,0.0,0.0
29.475769709052027,-3.6412501757116726,7.899999999999998,0.0,0.0,0.0
29.4793312488763,-3.631881297402094,7.899999999999999,0.0,0.0,0.0
29.482892714770717,-3.622512405096997,7.899999999999998,0.0,0.0,0.0
29.48645410692793,-3.61314349883287,7.899999999999998,0.0,0.0,0.0
29.49001542554055,-3.603774578646201,7.899999999999997,0.0,0.0,0.0
29.493576670801204,-3.59440564457347,7.899999999999998,0.0,0.0,0.0
29.49713784290248,-3.5850366966511604,7.899999999999996,0.0,0.0,0.0
29.500698942036948,-3.575667734915747,7.899999999999997,0.0,0.0,0.0
29.504259968397196,-3.5662987594037063,7.899999999999997,0.0,0.0,0.0
29.507820922175764,-3.556929770151508,7.899999999999997,0.0,0.0,0.0
29.511381803565193,-3.5475607671956224,7.899999999999997,0.0,0.0,0.0
29.514942612757995,-3.538191750572514,7.899999999999996,0.0,0.0,0.0
29.51850334994669,-3.528822720318645,7.899999999999997,0.0,0.0,0.0
29.52206401532378,-3.519453676470478,7.899999999999997,0.0,0.0,0.0
29.525624609081724,-3.510084619064468,7.899999999999997,0.0,0.0,0.0
29.529185131413012,-3.50071554813707,7.899999999999997,0.0,0.0,0.0
29.532745582510074,-3.4913464637247347,7.899999999999996,0.0,0.0,0.0
29.536305962565354,-3.4819773658639113,7.899999999999996,0.0,0.0,0.0
29.539866271771277,-3.4726082545910457,7.899999999999997,0.0,0.0,0.0
29.54342651032026,-3.4632391299425787,7.899999999999997,0.0,0.0,0.0
29.546986678404682,-3.4538699919549534,7.899999999999996,0.0,0.0,0.0
29.55054677621693,-3.4445008406646043,7.899999999999996,0.0,0.0,0.0
29.554106803949374,-3.435131676107967,7.899999999999997,0.0,0.0,0.0
29.557666761794373,-3.425762498321474,7.899999999999997,0.0,0.0,0.0
29.561226649944242,-3.416393307341552,7.899999999999996,0.0,0.0,0.0
29.564786468591336,-3.4070241032046287,7.899999999999996,0.0,0.0,0.0
29.568346217927953,-3.3976548859471274,7.899999999999995,0.0,0.0,0.0
29.57190589814638,-3.388285655605467,7.899999999999994,0.0,0.0,0.0
29.57546550943892,-3.3789164122160664,7.899999999999995,0.0,0.0,0.0
29.579025051997817,-3.3695471558153396,7.899999999999995,0.0,0.0,0.0
29.582584526015356,-3.3601778864396996,7.899999999999994,0.0,0.0,0.0
29.586143931683758,-3.3508086041255556,7.899999999999994,0.0,0.0,0.0
29.589703269195258,-3.3414393089093157,7.899999999999994,0.0,0.0,0.0
29.593262538742078,-3.3320700008273807,7.899999999999994,0.0,0.0,0.0
29.59682174051641,-3.322700679916155,7.899999999999994,0.0,0.0,0.0
29.600380874710446,-3.3133313462120353,7.899999999999993,0.0,0.0,0.0
29.603939941516366,-3.3039619997514187,7.899999999999994,0.0,0.0,0.0
29.60749894112633,-3.2945926405706976,7.899999999999993,0.0,0.0,0.0
29.61105787373247,-3.285223268706263,7.899999999999992,0.0,0.0,0.0
29.61461673952693,-3.275853884194501,7.899999999999993,0.0,0.0,0.0
29.618175538701845,-3.2664844870717995,7.899999999999992,0.0,0.0,0.0
29.621734271449302,-3.25711507737454,7.8999999999999915,0.0,0.0,0.0
29.6252929379614,-3.247745655139101,7.8999999999999915,0.0,0.0,0.0
29.628851538430226,-3.238376220401861,7.8999999999999915,0.0,0.0,0.0
29.63241007304785,-3.2290067731991936,7.899999999999992,0.0,0.0,0.0
29.635968542006324,-3.219637313567473,7.899999999999991,0.0,0.0,0.0
29.639526945497686,-3.2102678415430645,7.8999999999999915,0.0,0.0,0.0
29.643085283713976,-3.2008983571623393,7.899999999999991,0.0,0.0,0.0
29.64664355684719,-3.1915288604616574,7.899999999999991,0.0,0.0,0.0
29.650201765089342,-3.1821593514773836,7.899999999999991,0.0,0.0,0.0
29.65375990863243,-3.172789830245874,7.899999999999991,0.0,0.0,0.0
29.65731798766842,-3.1634202968034866,7.899999999999991,0.0,0.0,0.0
29.66087600238928,-3.1540507511865754,7.899999999999991,0.0,0.0,0.0
29.66443395298696,-3.14468119343149,7.899999999999989,0.0,0.0,0.0
29.667991839653396,-3.13531162357458,7.89999999999999,0.0,0.0,0.0
29.67154966258052,-3.1259420416521904,7.89999999999999,0.0,0.0,0.0
29.67510742196024,-3.1165724477006673,7.899999999999989,0.0,0.0,0.0
29.678665117984462,-3.107202841756347,7.89999999999999,0.0,0.0,0.0
29.682222750845064,-3.0978332238555737,7.899999999999989,0.0,0.0,0.0
29.685780320733933,-3.088463594034679,7.899999999999989,0.0,0.0,0.0
29.689337827842923,-3.0790939523299987,7.899999999999988,0.0,0.0,0.0
29.692895272363895,-3.0697242987778615,7.899999999999988,0.0,0.0,0.0
29.696452654488667,-3.0603546334145966,7.899999999999988,0.0,0.0,0.0
29.700009974409078,-3.0509849562765305,7.899999999999987,0.0,0.0,0.0
29.703567232316942,-3.0416152673999868,7.899999999999989,0.0,0.0,0.0
29.707124428404054,-3.0322455668212847,7.899999999999987,0.0,0.0,0.0
29.710681562862202,-3.0228758545767445,7.899999999999986,0.0,0.0,0.0
29.714238635883163,-3.0135061307026816,7.899999999999987,0.0,0.0,0.0
29.7177956476587,-3.004136395235409,7.899999999999987,0.0,0.0,0.0
29.721352598380573,-2.9947666482112383,7.899999999999987,0.0,0.0,0.0
29.72490948824051,-2.985396889666479,7.899999999999985,0.0,0.0,0.0
29.72846631743024,-2.976027119637435,7.899999999999986,0.0,0.0,0.0
29.732023086141474,-2.966657338160411,7.899999999999986,0.0,0.0,0.0
29.73557979456593,-2.9572875452717096,7.899999999999986,0.0,0.0,0.0
29.739136442895287,-2.947917741007629,7.899999999999986,0.0,0.0,0.0
29.742693031321224,-2.9385479254044653,7.899999999999985,0.0,0.0,0.0
29.746249560035412,-2.9291780984985136,7.899999999999986,0.0,0.0,0.0
29.749806029229504,-2.919808260326065,7.899999999999985,0.0,0.0,0.0
29.753362439095138,-2.9104384109234096,7.899999999999985,0.0,0.0,0.0
29.75691878982396,-2.9010685503268343,7.899999999999986,0.0,0.0,0.0
29.76047508160757,-2.891698678572623,7.899999999999986,0.0,0.0,0.0
29.76403131463759,-2.882328795697058,7.899999999999985,0.0,0.0,0.0
29.767587489105622,-2.8729589017364203,7.899999999999984,0.0,0.0,0.0
29.771143605203232,-2.863588996726987,7.899999999999984,0.0,0.0,0.0
29.774699663122,-2.8542190807050334,7.8999999999999835,0.0,0.0,0.0
29.778255663053486,-2.844849153706832,7.899999999999984,0.0,0.0,0.0
29.78181160518925,-2.8354792157686557,7.8999999999999835,0.0,0.0,0.0
29.785367489720816,-2.82610926692677,7.8999999999999835,0.0,0.0,0.0
29.78892331683972,-2.8167393072174427,7.899999999999984,0.0,0.0,0.0
29.792479086737483,-2.807369336676937,7.8999999999999835,0.0,0.0,0.0
29.79603479960559,-2.797999355341515,7.8999999999999835,0.0,0.0,0.0
29.79959045563555,-2.7886293632474346,7.899999999999983,0.0,0.0,0.0
29.80314605501884,-2.7792593604309546,7.8999999999999835,0.0,0.0,0.0
29.80670159794692,-2.769889346928328,7.8999999999999835,0.0,0.0,0.0
29.810257084611262,-2.760519322775808,7.8999999999999835,0.0,0.0,0.0
29.813812515203303,-2.7511492880096453,7.899999999999982,0.0,0.0,0.0
29.817367889914486,-2.741779242666088,7.899999999999983,0.0,0.0,0.0
29.820923208936236,-2.7324091867813793,7.899999999999983,0.0,0.0,0.0
29.824478472459965,-2.7230391203917654,7.899999999999982,0.0,0.0,0.0
29.828033680677077,-2.713669043533488,7.899999999999982,0.0,0.0,0.0
29.831588833778966,-2.7042989562427833,7.89999999999998,0.0,0.0,0.0
29.835143931957,-2.694928858555891,7.899999999999982,0.0,0.0,0.0
29.83869897540257,-2.6855587505090437,7.899999999999982,0.0,0.0,0.0
29.842253964307016,-2.676188632138476,7.899999999999982,0.0,0.0,0.0
29.845808898861694,-2.666818503480416,7.899999999999982,0.0,0.0,0.0
29.849363779257946,-2.657448364571093,7.899999999999981,0.0,0.0,0.0
29.85291860568709,-2.6480782154467337,7.899999999999981,0.0,0.0,0.0
29.85647337834045,-2.6387080561435603,7.89999999999998,0.0,0.0,0.0
29.86002809740933,-2.629337886697798,7.899999999999982,0.0,0.0,0.0
29.863582763085017,-2.6199677071456615,7.89999999999998,0.0,0.0,0.0
29.867137375558805,-2.6105975175233715,7.89999999999998,0.0,0.0,0.0
29.870691935021956,-2.601227317867142,7.899999999999981,0.0,0.0,0.0
29.87424644166575,-2.591857108213187,7.899999999999981,0.0,0.0,0.0
29.877800895681418,-2.582486888597716,7.89999999999998,0.0,0.0,0.0
29.881355297260214,-2.573116659056941,7.899999999999979,0.0,0.0,0.0
29.88490964659337,-2.5637464196270665,7.899999999999979,0.0,0.0,0.0
29.888463943872104,-2.554376170344297,7.899999999999979,0.0,0.0,0.0
29.892018189287622,-2.5450059112448375,7.899999999999979,0.0,0.0,0.0
29.89557238303113,-2.5356356423648867,7.899999999999978,0.0,0.0,0.0
29.899126525293816,-2.5262653637406447,7.899999999999977,0.0,0.0,0.0
29.90268061626686,-2.5168950754083053,7.899999999999977,0.0,0.0,0.0
29.906234656141436,-2.507524777404068,7.899999999999977,0.0,0.0,0.0
29.909788645108698,-2.498154469764119,7.8999999999999755,0.0,0.0,0.0
29.913342583359796,-2.4887841525246546,7.899999999999976,0.0,0.0,0.0
29.91689647108586,-2.4794138257218594,7.8999999999999755,0.0,0.0,0.0
29.920450308478035,-2.470043489391921,7.899999999999974,0.0,0.0,0.0
29.924004095727433,-2.460673143571024,7.899999999999975,0.0,0.0,0.0
29.927557833025162,-2.4513027882953513,7.899999999999974,0.0,0.0,0.0
29.931111520562318,-2.441932423601082,7.899999999999974,0.0,0.0,0.0
29.934665158530002,-2.432562049524395,7.899999999999973,0.0,0.0,0.0
29.938218747119276,-2.423191666101468,7.899999999999973,0.0,0.0,0.0
29.94177228652123,-2.413821273368472,7.89999999999997,0.0,0.0,0.0
29.945325776926897,-2.4044508713615844,7.89999999999997,0.0,0.0,0.0
29.948879218527345,-2.3950804601169717,7.89999999999997,0.0,0.0,0.0
29.95243261151362,-2.3857100396708053,7.89999999999997,0.0,0.0,0.0
29.955985956076738,-2.37633961005925,7.8999999999999675,0.0,0.0,0.0
29.959539252407723,-2.366969171318471,7.8999999999999675,0.0,0.0,0.0
29.963092500697588,-2.3575987234846325,7.899999999999967,0.0,0.0,0.0
29.966645701137335,-2.348228266593894,7.899999999999967,0.0,0.0,0.0
29.97019885391796,-2.3388578006824137,7.899999999999964,0.0,0.0,0.0
29.97375195923043,-2.3294873257863506,7.899999999999964,0.0,0.0,0.0
29.977305017265742,-2.3201168419418603,7.899999999999963,0.0,0.0,0.0
29.980858028214843,-2.3107463491850924,7.899999999999963,0.0,0.0,0.0
29.984410992268693,-2.3013758475522024,7.899999999999962,0.0,0.0,0.0
29.987963909618237,-2.292005337079338,7.89999999999996,0.0,0.0,0.0
29.991516780454408,-2.2826348178026468,7.8999999999999595,0.0,0.0,0.0
29.995069604968133,-2.273264289758276,7.899999999999959,0.0,0.0,0.0
29.998622383350323,-2.263893752982369,7.899999999999957,0.0,0.0,0.0
30.0021751157919,-2.2545232075110677,7.899999999999957,0.0,0.0,0.0
30.005727802483758,-2.2451526533805097,7.899999999999955,0.0,0.0,0.0
30.00928044361678,-2.23578209062684,7.899999999999954,0.0,0.0,0.0
30.01283303938186,-2.22641151928619,7.8999999999999515,0.0,0.0,0.0
30.01638558996985,-2.217040939394696,7.899999999999952,0.0,0.0,0.0
30.019938095571636,-2.2076703509884923,7.89999999999995,0.0,0.0,0.0
30.023490556378054,-2.1982997541037084,7.89999999999995,0.0,0.0,0.0
30.027042972579956,-2.1889291487764746,7.899999999999946,0.0,0.0,0.0
30.030595344368173,-2.179558535042918,7.899999999999947,0.0,0.0,0.0
30.034147671933543,-2.1701879129391672,7.8999999999999435,0.0,0.0,0.0
30.037699955466877,-2.160817282501343,7.8999999999999435,0.0,0.0,0.0
30.04125219515898,-2.1514466437655693,7.899999999999942,0.0,0.0,0.0
30.044804391200657,-2.142075996767967,7.89999999999994,0.0,0.0,0.0
30.0483565437827,-2.1327053415446535,7.899999999999939,0.0,0.0,0.0
30.0519086530959,-2.1233346781317493,7.899999999999937,0.0,0.0,0.0
30.05546071933102,-2.1139640065653675,7.8999999999999355,0.0,0.0,0.0
30.059012742678835,-2.104593326881623,7.899999999999935,0.0,0.0,0.0
30.062564723330098,-2.0952226391166255,7.899999999999933,0.0,0.0,0.0
30.066116661475558,-2.0858519433064875,7.89999999999993,0.0,0.0,0.0
30.06966855730596,-2.076481239487318,7.899999999999928,0.0,0.0,0.0
30.073220411012034,-2.067110527695224,7.8999999999999275,0.0,0.0,0.0
