galstreams/tracks/track.st.Pal5.ibata2021.ecsv
# %ECSV 0.9
# ---
# datatype:
# - {name: ra, unit: deg, datatype: float64}
# - {name: dec, unit: deg, datatype: float64}
# - {name: distance, unit: kpc, datatype: float64}
# - {name: pm_ra_cosdec, unit: mas / yr, datatype: float64}
# - {name: pm_dec, unit: mas / yr, datatype: float64}
# - {name: radial_velocity, unit: km / s, datatype: float64}
# delimiter: ','
# meta: !!omap
# - __serialized_columns__:
#     dec:
#       __class__: astropy.coordinates.angles.Latitude
#       unit: &id001 !astropy.units.Unit {unit: deg}
#       value: !astropy.table.SerializedColumn {name: dec}
#     distance:
#       __class__: astropy.coordinates.distances.Distance
#       unit: !astropy.units.Unit {unit: kpc}
#       value: !astropy.table.SerializedColumn {name: distance}
#     pm_dec:
#       __class__: astropy.units.quantity.Quantity
#       unit: !astropy.units.Unit {unit: mas / yr}
#       value: !astropy.table.SerializedColumn {name: pm_dec}
#     pm_ra_cosdec:
#       __class__: astropy.units.quantity.Quantity
#       unit: !astropy.units.Unit {unit: mas / yr}
#       value: !astropy.table.SerializedColumn {name: pm_ra_cosdec}
#     ra:
#       __class__: astropy.coordinates.angles.Longitude
#       unit: *id001
#       value: !astropy.table.SerializedColumn {name: ra}
#       wrap_angle: !astropy.coordinates.Angle
#         unit: *id001
#         value: 360.0
#     radial_velocity:
#       __class__: astropy.units.quantity.Quantity
#       unit: !astropy.units.Unit {unit: km / s}
#       value: !astropy.table.SerializedColumn {name: radial_velocity}
# schema: astropy-2.0
ra,dec,distance,pm_ra_cosdec,pm_dec,radial_velocity
[from data line 2037]
238.90488347496682,5.514605855904069,20.55727054791586,-3.441921866067941,-2.620269825734868,2.9472684954553185e-13
238.91415513693883,5.518806438597691,20.555643661881454,-3.4435532216418374,-2.6208797895450244,3.115683838052765e-13
238.92342690462294,5.523006895849001,20.554020393269575,-3.445187129076131,-2.6214910071123874,1.515738083377021e-13
238.932698776007,5.527207230632631,20.55240075169655,-3.4468235901860202,-2.6221034785364923,4.631421921429786e-14
238.941970749079,5.531407445923371,20.550784746778714,-3.448462606786807,-2.6227172039165403,4.631421921429786e-14
238.95124282182715,5.535607544696174,20.549172388132384,-3.450104180693917,-2.6233321833514074,2.1051917824680845e-13
238.96051499223998,5.539807529926156,20.547563685373913,-3.4517483137228795,-2.623948416939632,2.1051917824680846e-14
238.96978725830581,5.5440074045885925,20.545958648119615,-3.4533950076893447,-2.624565904779429,2.063087946818723e-13
238.97905961801348,5.5482071716589205,20.544357285985825,-3.455044264409066,-2.6251846469686737,2.48412630331234e-13
238.98833206935188,5.552406834112736,20.542759608588874,-3.4566960856979176,-2.6258046436049143,1.0525958912340423e-13
238.99760461031002,5.556606394925802,20.541165625545094,-3.4583504733718797,-2.626425894785367,6.73661370389787e-14
239.0068772388771,5.560805857074043,20.539575346470812,-3.4600074292470486,-2.627048400606917,4.210383564936169e-14
239.01614995304254,5.565005223533546,20.537988780982353,-3.4616669551396346,-2.627672161166116,1.347322740779574e-13
239.02542275079588,5.569204497280558,20.53640593869606,-3.4633290528659524,-2.6282971765591827,1.1368035625327657e-13
239.03469563012692,5.573403681291496,20.53482682922826,-3.464993724242435,-2.628923446882006,9.683882199353189e-14
239.0439685890255,5.577602778542939,20.533251462195274,-3.4666609710856284,-2.629550972230141,1.6841534259744677e-13
239.05324162548177,5.5818017920116265,20.531679847213436,-3.4683307952121885,-2.6301797526988113,-1.2631150694808506e-14
239.0625147374859,5.586000724674466,20.530111993899094,-3.470003198438882,-2.630809788382907,2.1472956181174462e-13
239.07178792302844,5.590199579508529,20.528547911868554,-3.4716781825825858,-2.6314410793769856,-2.5262301389617013e-14
239.08106118009982,5.594398359491056,20.526987610738153,-3.4733557494602967,-2.6320736257752735,9.683882199353189e-14
239.09033450669094,5.598597067599446,20.525431100124234,-3.4750359008891145,-2.6327074276716607,2.73674931720851e-13
239.09960790079282,5.602795706811274,20.523878389643116,-3.476718638686254,-2.633342485159706,0.0
239.1088813603964,5.606994280104273,20.522329488911126,-3.478403964669045,-2.633978798332638,1.642049590325106e-13
239.11815488349313,5.611192790456342,20.520784407544607,-3.4800918806549226,-2.6346163672833462,5.4734986344170195e-14
239.12742846807438,5.615391240845559,20.51924315515988,-3.481782388461437,-2.6352551921043896,2.2736071250655313e-13
239.13670211213193,5.619589634250158,20.517705741373277,-3.4834754899062506,-2.6358952728879945,2.1472956181174462e-13
239.14597581365757,5.623787973648543,20.516172175801128,-3.4851711868071353,-2.636536609726051,7.578690416885104e-14
239.1552495706432,5.62798626201929,20.51464246805977,-3.486869480981976,-2.6371792027101186,3.4946183588970205e-13
239.1645233810812,5.632184502341136,20.513116627765527,-3.4885703742487664,-2.6378230519314183,1.1789073981821273e-13
239.17379724296381,5.636382697592998,20.511594664534726,-3.4902738684256116,-2.6384681574808417,3.24199534500085e-13
239.1830711542836,5.640580850753956,20.510076587983697,-3.491979965330734,-2.6391145194489445,3.957760551039999e-13
239.19234511303335,5.644778964803256,20.508562407728782,-3.4936886667824583,-2.639762137925945,1.6841534259744677e-13
239.20161911720592,5.6489770427203165,20.50705213338631,-3.4953999745992217,-2.64041101300173,1.3052189051302125e-13
239.21089316479438,5.653175087484733,20.5055457745726,-3.4971138905995796,-2.641061144765854,2.2736071250655313e-13
239.22016725379203,5.657373102076267,20.504043340903987,-3.498830416602193,-2.641712533307533,1.9367764398706378e-13
239.22944138219233,5.661571089474843,20.502544841996812,-3.500549554425832,-2.642365178715648,1.0946997268834039e-13
239.23871554798882,5.6657690526605675,20.50105028746739,-3.5022713058893795,-2.6430190810787475,3.073580002403403e-13
239.24798974917542,5.669966994613717,20.499559686932052,-3.503995672811832,-2.643674240485045,2.694645481559148e-13
239.25726398374616,5.674164918314738,20.49807305000714,-3.505722657012292,-2.644330657022415,-4.631421921429786e-14
239.26653824969503,5.678362826744248,20.496590386308977,-3.507452260309973,-2.644988330778401,-3.789345208442552e-14
239.2758125450165,5.682560722883038,20.4951117054539,-3.509184484524199,-2.6456472618402067,2.7788531528578715e-13
239.28508686770516,5.6867586097120695,20.49363701705823,-3.5109193314744105,-2.646307450294707,3.368306851948935e-14
239.29436121575563,5.6909564902124865,20.492166330738304,-3.51265680298015,-2.6469688962284357,3.115683838052765e-13
239.30363558716297,5.6951543673656,20.490699656110447,-3.5143969008610743,-2.64763159972759,-6.315575347404254e-14
239.31290997992213,5.699352244152893,20.489237002790997,-3.5161396269369516,-2.6482955608780356,8.420767129872338e-14
239.32218439202842,5.703550123556024,20.487778380396275,-3.5178849830276566,-2.6489607797652996,3.24199534500085e-13
239.33145882147736,5.707748008556835,20.486323798542625,-3.5196329709531775,-2.6496272564745733,2.7788531528578715e-13
239.34073326626464,5.71194590213733,20.48487326684636,-3.5213835925336077,-2.6502949910907105,1.6841534259744676e-14
239.35000772438596,5.716143807279694,20.483426794923822,-3.523136849589158,-2.6509639836982326,1.1368035625327657e-13
239.3592821938375,5.720341726966291,20.481984392391343,-3.5248927439401423,-2.6516342343813197,-9.683882199353189e-14
239.36855667261526,5.724539664179658,20.480546068865245,-3.5266512774069882,-2.6523057432238195,2.7788531528578715e-13
239.3778311587159,5.728737621902511,20.47911183396186,-3.528412451810232,-2.6529785103092403,5.894536990910637e-14
239.38710565013585,5.732935603117735,20.477681697297523,-3.5301762689705174,-2.653652535720753,8.420767129872338e-14
239.39638014487193,5.737133610808399,20.47625566848857,-3.5319427307085984,-2.6543278195411943,1.6841534259744677e-13
239.40565464092114,5.741331647957748,20.474833757151313,-3.533711838845345,-2.655004361853064,-5.4734986344170195e-14
239.41492913628056,5.745529717549208,20.473415972902096,-3.5354835952017263,-2.6556821627385223,5.4734986344170195e-14
239.42420362894754,5.749727822566378,20.47200232535725,-3.5372580015988295,-2.6563612222793926,3.536722194546382e-13
239.4334781169197,5.7539259659930355,20.4705928241331,-3.539035059857844,-2.6570415405571617,2.9051646598059566e-13
239.44275259819477,5.758124150813142,20.469187478845978,-3.5408147718000724,-2.657723117652979,1.2631150694808508e-13
239.45202707077055,5.762322380010834,20.467786299112213,-3.5425971392469275,-2.6584059536476583,2.48412630331234e-13
239.4613015326453,5.766520656570428,20.46638929454814,-3.5443821640199302,-2.659090048621672,9.683882199353189e-14
239.4705759818172,5.7707189834764225,20.464996474770082,-3.5461698479407078,-2.6597754026551574,8.841805486365955e-14
239.47985041628476,5.774917363713493,20.463607849394382,-3.547960192830997,-2.660462015827911,2.6525416459097863e-13
239.48912483404678,5.779115800266496,20.462223428037355,-3.5497532005126464,-2.661149888219395,-1.2631150694808506e-14
239.498399233102,5.783314296120471,20.46084322031534,-3.5515488728076123,-2.661839019908733,9.262843842859572e-14
239.50767361144958,5.787512854260638,20.459467235844677,-3.5533472115379565,-2.6625294109747064,9.683882199353189e-14
239.51694796708875,5.7917114776724,20.45809548424167,-3.5551482185258565,-2.663221061495765,8.841805486365955e-14
239.52622229801898,5.795910169341337,20.456727975122675,-3.55695189559359,-2.6639139715500146,1.5578419190263825e-13
239.53549660223993,5.800108932253214,20.45536471810401,-3.5587582445635464,-2.664608141215224,1.9788802755199994e-13
239.54477087775152,5.804307769393982,20.454005722802005,-3.5605672672582296,-2.6653035705688244,-4.631421921429786e-14
239.55404512255365,5.808506683749771,20.452650998832997,-3.562378965500241,-2.6660002596879093,1.5999457546757442e-13
239.56331933464665,5.812705678306893,20.45130055581331,-3.5641933411122966,-2.6666982086492297,2.8630608241565947e-13
239.572593512031,5.816904756051846,20.449954403359275,-3.56601039591722,-2.6673974175292012,3.620929865845105e-13
239.58186765270736,5.821103919971313,20.448612551087237,-3.5678301317379413,-2.668097886403897,-4.631421921429786e-14
239.59114175467644,5.825303173052159,20.4472750086135,-3.569652550397503,-2.6687996153490587,5.894536990910637e-14
239.60041581593933,5.8295025182814335,20.445941785554414,-3.571477653719049,-2.669502604440079,1.0946997268834039e-13
239.60968983449732,5.8337019586463725,20.4446128915263,-3.573305443525834,-2.6702068537520165,7.578690416885104e-14
239.61896380835177,5.837901497134396,20.443288336145496,-3.5751359216412237,-2.6709123633595926,9.262843842859572e-14
239.62823773550437,5.842101136733112,20.44196812902833,-3.576969089888685,-2.671619133337183,-6.315575347404254e-14
239.6375116139569,5.846300880430313,20.440652279791124,-3.5788049500917993,-2.6723271637588306,-7.999728773378721e-14
239.64678544171136,5.850500731213974,20.439340798050225,-3.580643504074249,-2.673036454698232,1.4736342477276593e-13
239.65605921677005,5.854700692072259,20.438033693421946,-3.582484753659829,-2.6737470062287505,1.0525958912340423e-13
239.6653329371354,5.858900765993525,20.43673097552263,-3.5843287006724394,-2.6744588184234046,4.210383564936169e-15
239.67460660081,5.863100955966307,20.435432653968604,-3.586175346936087,-2.675171891354876,3.368306851948935e-14
239.68388020579667,5.867301264979336,20.434138738376188,-3.588024694274891,-2.6758862250955064,6.315575347404254e-14
239.69315375009847,5.871501696021519,20.43284923836173,-3.589876744513064,-2.676601819717293,2.315710960714893e-13
239.70242723171873,5.875702252081968,20.431564163541548,-3.5917314994749443,-2.6773186752918985,-5.4734986344170195e-14
239.71170064866075,5.87990293614997,20.430283523531976,-3.593588960984964,-2.6780367918906434,1.2631150694808506e-14
239.72097399892817,5.8841037512150045,20.42900732794935,-3.5954491308676646,-2.6787561695845064,3.705137537143829e-13
239.73024728052502,5.888304700266747,20.427735586409987,-3.597312010947701,-2.679476808444127,2.1051917824680846e-14
239.73952049145512,5.892505786295051,20.426468308530232,-3.599177603049824,-2.6801987085398036,8.420767129872338e-14
239.74879362972283,5.896707012289967,20.425205503926403,-3.601045908998899,-2.6809218699414945,3.24199534500085e-13
239.75806669333272,5.900908381241739,20.42394718221484,-3.6029169306198954,-2.681646292718818,-6.315575347404254e-14
239.76733968028924,5.9051098961407895,20.422693353011876,-3.6047906697378873,-2.682371976941049,1.8525687685719145e-13
239.7766125885974,5.909311559977748,20.421444025933823,-3.606667128178061,-2.683098922677125,1.2631150694808508e-13
239.78588541626223,5.913513375743423,20.42019921059703,-3.608546307765704,-2.68382712999564,2.6525416459097863e-13
239.79515816128912,5.91771534642882,20.418958916617818,-3.6104282103262095,-2.684556598964847,-8.420767129872338e-14
239.80443082168338,5.921917475025134,20.417723153612524,-3.6123128376850806,-2.685287329652661,8.420767129872338e-14
239.81370339545083,5.926119764523756,20.416491931197477,-3.6142001916679223,-2.686019322126651,5.0524602779234026e-14
239.82297588059734,5.930322217916265,20.415265258989,-3.6160902741004497,-2.686752576454047,7.157652060391487e-14
239.832248275129,5.934524838194435,20.414043146603426,-3.6179830868084806,-2.6874870927017405,3.8314490440919136e-13
239.84152057705225,5.938727628350234,20.412825603657094,-3.6198786316179414,-2.6882228709362765,8.841805486365955e-14
239.8507927843735,5.942930591375826,20.41161263976633,-3.621776910354858,-2.68895991122386,7.157652060391487e-14
239.86006489509953,5.94713373026356,20.410404264547456,-3.6236779248453708,-2.6896982136303573,1.0104920555846805e-13
239.8693369072373,5.951337048005988,20.409200487616815,-3.625581676915721,-2.69043777822129,0.0
239.87860881879394,5.955540547595859,20.408001318590724,-3.627488168392257,-2.691178605061841,1.5578419190263825e-13
239.8878806277768,5.959744232026108,20.406806767085524,-3.6293974011014276,-2.691920694216845,3.8735528797412755e-13
239.8971523321936,5.963948104289865,20.405616842717546,-3.6313093768697904,-2.692664045750801,2.694645481559148e-13
239.90642393005203,5.968152167380461,20.40443155510312,-3.6332240975240095,-2.6934086597278633,1.7262572616238293e-13
239.9156954193601,5.972356424291433,20.40325091385856,-3.635141564890856,-2.6941545362118466,7.157652060391487e-14
239.92496679812604,5.976560878016489,20.402074928600218,-3.6370617807971986,-2.69490167526622,0.0
239.93423806435825,5.980765531549553,20.400903608944418,-3.638984747070016,-2.6956500769541125,1.3052189051302125e-13
239.94350921606545,5.984970387884741,20.39973696450749,-3.640910465536391,-2.6963997413383085,-8.420767129872338e-14
239.95278025125637,5.989175450016364,20.398575004905762,-3.6428389380235116,-2.697150668481256,3.620929865845105e-13
239.96205116794025,5.993380720938937,20.397417739755557,-3.6447701663586702,-2.6979028584450524,3.663033701494467e-13
239.97132196412628,5.997586203647164,20.396265178673225,-3.646704152369262,-2.698656311291458,2.7788531528578715e-13
239.980592637824,6.001791901135952,20.395117331275078,-3.648640897882789,-2.6994110270818887,4.631421921429786e-14
239.98986318704306,6.005997816400414,20.39397420717745,-3.6505804047268566,-2.70016700587742,1.1368035625327657e-13
239.99913360979343,6.010203952435843,20.392835815996683,-3.6525226747291724,-2.70092424773878,1.2631150694808506e-14
240.00840390408524,6.014410312237744,20.3917021673491,-3.6544677097175535,-2.701682752726358,3.24199534500085e-13
240.01767406792897,6.018616898801826,20.390573270851025,-3.656415511519917,-2.7024425209001994,4.210383564936169e-14
240.026944099335,6.0228237151239865,20.3894491361188,-3.6583660819642807,-2.703203552320005,2.694645481559148e-13
240.0362139963143,6.027030764200336,20.388329772768746,-3.6603194228787763,-2.7039658470451373,1.0104920555846805e-13
240.04548375687781,6.031238049027171,20.387215190417187,-3.662275536091633,-2.70472940513461,-6.73661370389787e-14
240.05475337903675,6.035445572600997,20.386105398680478,-3.6642344234311794,-2.7054942266470974,2.3578147963642546e-13
240.06402286080262,6.039653337918524,20.385000407174932,-3.666196086725856,-2.706260311640928,1.0525958912340423e-13
240.07329220018707,6.043861347976656,20.38390022551688,-3.668160527804204,-2.7070276601740897,1.2631150694808506e-14
240.082561395202,6.048069605772501,20.382804863322654,-3.6701277484948647,-2.7077962723042246,1.3894265764289357e-13
240.09183044385946,6.052278114303377,20.381714330208585,-3.672097750626587,-2.7085661480886327,1.642049590325106e-13
240.10109934417187,6.05648687656679,20.380628635791005,-3.6740705360282218,-2.7093372875842725,2.442022467662978e-13
240.11036809415174,6.060695895560462,20.37954778968624,-3.676046106528722,-2.7101096908477547,-2.5262301389617013e-14
240.11963669181182,6.064905174282312,20.378471801510624,-3.678024463957146,-2.7108833579353497,5.894536990910637e-14
240.12890513516513,6.069114715730462,20.37740068088049,-3.680005610142652,-2.711658288902983,1.515738083377021e-13
240.1381734222249,6.07332452290324,20.37633443741217,-3.6819895469145028,-2.7124344838062346,-4.210383564936169e-15
240.14744155100448,6.077534598799179,20.37527308072198,-3.6839762761020642,-2.7132119427003474,1.515738083377021e-13
240.15670951951762,6.081744946417014,20.37421662042626,-3.6859657995348045,-2.7139906656402117,3.115683838052765e-13
240.1659773257782,6.085955568755688,20.373165066141347,-3.6879581190422948,-2.71477065268038,3.4525145232476587e-13
