galstreams/tracks/track.st.Gaia-1.ibata2021.ecsv
# %ECSV 0.9
# ---
# datatype:
# - {name: ra, unit: deg, datatype: float64}
# - {name: dec, unit: deg, datatype: float64}
# - {name: distance, unit: kpc, datatype: float64}
# - {name: pm_ra_cosdec, unit: mas / yr, datatype: float64}
# - {name: pm_dec, unit: mas / yr, datatype: float64}
# - {name: radial_velocity, unit: km / s, datatype: float64}
# delimiter: ','
# meta: !!omap
# - __serialized_columns__:
#     dec:
#       __class__: astropy.coordinates.angles.Latitude
#       unit: &id001 !astropy.units.Unit {unit: deg}
#       value: !astropy.table.SerializedColumn {name: dec}
#     distance:
#       __class__: astropy.coordinates.distances.Distance
#       unit: !astropy.units.Unit {unit: kpc}
#       value: !astropy.table.SerializedColumn {name: distance}
#     pm_dec:
#       __class__: astropy.units.quantity.Quantity
#       unit: !astropy.units.Unit {unit: mas / yr}
#       value: !astropy.table.SerializedColumn {name: pm_dec}
#     pm_ra_cosdec:
#       __class__: astropy.units.quantity.Quantity
#       unit: !astropy.units.Unit {unit: mas / yr}
#       value: !astropy.table.SerializedColumn {name: pm_ra_cosdec}
#     ra:
#       __class__: astropy.coordinates.angles.Longitude
#       unit: *id001
#       value: !astropy.table.SerializedColumn {name: ra}
#       wrap_angle: !astropy.coordinates.Angle
#         unit: *id001
#         value: 360.0
#     radial_velocity:
#       __class__: astropy.units.quantity.Quantity
#       unit: !astropy.units.Unit {unit: km / s}
#       value: !astropy.table.SerializedColumn {name: radial_velocity}
# schema: astropy-2.0
ra,dec,distance,pm_ra_cosdec,pm_dec,radial_velocity
[from data line 811]
187.75996152462034,-13.998856114185735,5.043043908711686,-13.42820696285212,-18.35134362605139,2.694645481559148e-13
187.76574920978172,-13.9905694357399,5.043148921313249,-13.429694251209675,-18.35398265089406,2.8630608241565947e-13
187.77153696481793,-13.982282968478872,5.043253947929102,-13.431181428400048,-18.356620469749597,2.694645481559148e-13
187.77732478971578,-13.973996712273314,5.043358988270409,-13.432668494470688,-18.35925708251465,3.031476166754042e-13
187.78311268446197,-13.965710666994044,5.043464042048338,-13.434155449468978,-18.361892489085854,2.694645481559148e-13
187.7889006490432,-13.957424832511915,5.043569108974056,-13.43564229344221,-18.364526689359856,2.5262301389617017e-13
187.79468868344622,-13.94913920869768,5.043674188758732,-13.437129026437601,-18.3671596832333,2.3578147963642546e-13
187.80047678765774,-13.940853795422282,5.043779281113534,-13.438615648502275,-18.36979147060286,2.694645481559148e-13
187.80626496166445,-13.932568592556692,5.043884385749627,-13.440102159683288,-18.372422051365177,2.1893994537668078e-13
187.81205320545308,-13.924283599971787,5.04398950237818,-13.44158856002761,-18.375051425416945,2.8630608241565947e-13
187.81784151901036,-13.915998817538664,5.04409463071036,-13.443074849582134,-18.377679592654832,1.8525687685719145e-13
187.82362990232295,-13.907714245128272,5.0441997704573325,-13.44456102839366,-18.38030655297552,2.694645481559148e-13
187.82941835537758,-13.899429882611738,5.044304921330269,-13.446047096508918,-18.382932306275688,2.5262301389617017e-13
187.8352068781609,-13.891145729860238,5.044410083040334,-13.447533053974553,-18.38555685245204,2.3578147963642546e-13
187.8409954706597,-13.882861786744833,5.044515255298696,-13.449018900837123,-18.388180191401272,2.8630608241565947e-13
187.84678413286053,-13.874578053136808,5.044620437816522,-13.450504637143114,-18.390802323020093,2.8630608241565947e-13
187.85257286475024,-13.866294528907325,5.04472563030498,-13.451990262938926,-18.393423247205217,3.1998915093514883e-13
187.85836166631543,-13.85801121392769,5.044830832475237,-13.453475778270873,-18.39604296385336,2.5262301389617017e-13
187.8641505375427,-13.849728108069268,5.044936044038461,-13.454961183185198,-18.398661472861246,2.1893994537668078e-13
187.8699394784189,-13.841445211203325,5.045041264705818,-13.45644647772805,-18.401278774125608,1.8525687685719145e-13
187.87572848893055,-13.833162523201338,5.045146494188476,-13.457931661945517,-18.403894867543187,1.6841534259744677e-13
187.88151756906439,-13.82488004393465,5.045251732197603,-13.459416735883565,-18.406509753010717,2.020984111169361e-13
187.88730671880708,-13.81659777327477,5.045356978444366,-13.460901699588128,-18.40912343042495,2.5262301389617017e-13
187.89309593814528,-13.808315711093252,5.0454622326399345,-13.46238655310502,-18.411735899682647,2.3578147963642546e-13
187.89888522706565,-13.800033857261553,5.045567494495472,-13.463871296479995,-18.414347160680574,2.3578147963642546e-13
187.90467458555486,-13.791752211651346,5.045672763722149,-13.465355929758712,-18.41695721331549,2.1893994537668078e-13
187.91046401359952,-13.783470774134164,5.0457780400311325,-13.46684045298675,-18.419566057484168,2.8630608241565947e-13
187.9162535111864,-13.77518954458171,5.045883323133589,-13.468324866209603,-18.422173693083398,1.515738083377021e-13
187.92204307830195,-13.766908522865727,5.045988612740687,-13.469809169472711,-18.42478012000996,2.1893994537668078e-13
187.92783271493298,-13.758627708857873,5.046093908563591,-13.471293362821388,-18.42738533816065,2.020984111169361e-13
187.93362242106605,-13.75034710243,5.046199210313474,-13.4727774463009,-18.42998934743227,2.1893994537668078e-13
187.9394121966878,-13.742066703453846,5.046304517701499,-13.474261419956408,-18.43259214772163,3.031476166754042e-13
187.94520204178497,-13.733786511801297,5.046409830438833,-13.475745283833016,-18.435193738925534,1.8525687685719145e-13
187.950991956344,-13.725506527344296,5.046515148236646,-13.477229037975714,-18.437794120940808,1.8525687685719145e-13
187.95678194035168,-13.717226749954683,5.046620470806104,-13.478712682429425,-18.440393293664272,1.8525687685719145e-13
187.96257199379454,-13.708947179504513,5.046725797858376,-13.480196217239007,-18.442991256992762,2.1893994537668078e-13
187.96836211665925,-13.700667815865701,5.0468311291046275,-13.481679642449212,-18.445588010823126,2.020984111169361e-13
187.97415230893245,-13.692388658910343,5.046936464256028,-13.483162958104696,-18.448183555052182,2.3578147963642546e-13
187.97994257060063,-13.684109708510556,5.047041803023744,-13.484646164250085,-18.45077788957681,2.3578147963642546e-13
187.98573290165055,-13.675830964538385,5.04714714511894,-13.48612926092987,-18.453371014293857,2.694645481559148e-13
187.9915233020687,-13.667552426866063,5.047252490252789,-13.487612248188485,-18.455962929100185,2.1893994537668078e-13
187.9973137718418,-13.659274095365722,5.047357838136452,-13.489095126070277,-18.458553633892677,3.3683068519489354e-13
188.00310431095636,-13.650995969909616,5.047463188481102,-13.490577894619497,-18.46114312856819,2.8630608241565947e-13
188.008894919399,-13.64271805037008,5.047568540997905,-13.492060553880343,-18.463731413023623,1.515738083377021e-13
188.01468559715633,-13.63444033661933,5.047673895398027,-13.4935431038969,-18.46631848715587,2.694645481559148e-13
188.0204763442149,-13.626162828529806,5.0477792513926385,-13.495025544713178,-18.46890435086181,2.3578147963642546e-13
188.0262671605614,-13.617885525973815,5.047884608692901,-13.496507876373126,-18.471489004038382,2.3578147963642546e-13
188.0320580461823,-13.609608428823819,5.047989967009989,-13.49799009892057,-18.474072446582458,1.8525687685719145e-13
188.0378490010642,-13.601331536952337,5.048095326055066,-13.49947221239929,-18.476654678390982,2.020984111169361e-13
188.0436400251937,-13.59305485023177,5.048200685539299,-13.500954216852968,-18.479235699360864,2.5262301389617017e-13
188.04943111855744,-13.584778368534725,5.048306045173856,-13.50243611232519,-18.48181550938905,2.3578147963642546e-13
188.05522228114185,-13.576502091733799,5.048411404669907,-13.503917898859479,-18.48439410837245,2.694645481559148e-13
188.06101351293364,-13.568226019701543,5.048516763738614,-13.505399576499274,-18.486971496208053,1.6841534259744677e-13
188.06680481391925,-13.559950152310687,5.048622122091151,-13.506881145287911,-18.48954767279276,2.020984111169361e-13
188.07259618408537,-13.551674489433848,5.048727479438681,-13.50836260526866,-18.49212263802357,2.020984111169361e-13
188.07838762341845,-13.543399030943796,5.048832835492373,-13.509843956484705,-18.494696391797426,2.5262301389617017e-13
188.08417913190507,-13.535123776713345,5.048938189963394,-13.511325198979138,-18.497268934011302,3.031476166754042e-13
188.08997070953185,-13.526848726615214,5.04904354256291,-13.512806332794991,-18.499840264562195,2.694645481559148e-13
188.09576235628523,-13.518573880522329,5.0491488930020925,-13.51428735797517,-18.502410383347062,1.8525687685719145e-13
188.10155407215186,-13.510299238307507,5.049254240992104,-13.515768274562548,-18.504979290262924,2.694645481559148e-13
188.10734585711825,-13.502024799843698,5.049359586244116,-13.51724908259986,-18.507546985206744,1.8525687685719145e-13
188.11313771117088,-13.493750565003909,5.049464928469294,-13.518729782129814,-18.510113468075563,2.3578147963642546e-13
188.11892963429636,-13.485476533661046,5.049570267378806,-13.52021037319499,-18.51267873876638,2.020984111169361e-13
188.12472162648115,-13.477202705688242,5.049675602683819,-13.521690855837907,-18.515242797176214,2.5262301389617017e-13
188.13051368771187,-13.468929080958477,5.049780934095501,-13.523171230100996,-18.517805643202095,2.694645481559148e-13
188.136305817975,-13.460655659344905,5.0498862613250175,-13.524651496026587,-18.520367276741055,2.8630608241565947e-13
188.14209801725704,-13.452382440720722,5.049991584083537,-13.526131653656968,-18.522927697690147,3.031476166754042e-13
188.14789028554455,-13.444109424959025,5.05009690208223,-13.527611703034284,-18.525486905946394,2.020984111169361e-13
188.15368262282402,-13.435836611933132,5.05020221503226,-13.529091644200655,-18.528044901406872,2.020984111169361e-13
188.15947502908196,-13.427564001516213,5.050307522644796,-13.530571477198077,-18.53060168396864,2.694645481559148e-13
188.16526750430495,-13.41929159358162,5.050412824631006,-13.532051202068471,-18.533157253528756,2.1893994537668078e-13
188.17106004847935,-13.411019388002728,5.050518120702054,-13.533530818853688,-18.53571160998431,2.8630608241565947e-13
188.17685266159182,-13.402747384652832,5.050623410569112,-13.535010327595476,-18.53826475323238,2.5262301389617017e-13
188.1826453436288,-13.394475583405429,5.050728693943346,-13.536489728335505,-18.54081668317005,2.1893994537668078e-13
188.18843809457678,-13.386203984133882,5.050833970535922,-13.537969021115368,-18.543367399694432,1.6841534259744677e-13
188.19423091442226,-13.377932586711731,5.050939240058009,-13.539448205976575,-18.54591690270262,1.8525687685719145e-13
188.20002380315168,-13.369661391012542,5.051044502220774,-13.540927282960528,-18.548465192091722,2.5262301389617017e-13
188.20581676075162,-13.361390396909801,5.051149756735384,-13.542406252108576,-18.551012267758868,2.694645481559148e-13
188.21160978720852,-13.353119604277195,5.051255003313008,-13.543885113461958,-18.55355812960118,2.3578147963642546e-13
188.21740288250888,-13.344849012988275,5.05136024166481,-13.545363867061846,-18.556102777515793,1.515738083377021e-13
188.22319604663915,-13.336578622916765,5.051465471501959,-13.546842512949327,-18.558646211399864,1.8525687685719145e-13
188.2289892795858,-13.328308433936424,5.051570692535625,-13.54832105116538,-18.56118843115051,2.8630608241565947e-13
188.23478258133534,-13.320038445920918,5.051675904476972,-13.54979948175092,-18.563729436664897,2.3578147963642546e-13
188.24057595187423,-13.31176865874413,5.05178110703717,-13.551277804746787,-18.5662692278402,1.8525687685719145e-13
188.2463693911889,-13.303499072279797,5.051886299927386,-13.552756020193707,-18.568807804573574,2.8630608241565947e-13
188.2521628992659,-13.29522968640183,5.051991482858786,-13.554234128132343,-18.571345166762217,1.515738083377021e-13
188.25795647609155,-13.286960500984186,5.052096655542538,-13.555712128603265,-18.573881314303282,2.5262301389617017e-13
188.26375012165246,-13.278691515900709,5.0522018176898085,-13.557190021646969,-18.576416247093995,2.1893994537668078e-13
188.26954383593494,-13.270422731025473,5.0523069690117675,-13.558667807303847,-18.578949965031526,2.3578147963642546e-13
188.2753376189256,-13.262154146232398,5.052412109219583,-13.560145485614214,-18.581482468013107,1.6841534259744677e-13
188.28113147061077,-13.253885761395601,5.052517238024417,-13.56162305661831,-18.584013755935946,1.8525687685719145e-13
188.28692539097685,-13.2456175763892,5.05262235513744,-13.563100520356283,-18.58654382869726,2.694645481559148e-13
188.29271938001045,-13.237349591087247,5.052727460269824,-13.56457787686817,-18.589072686194267,2.1893994537668078e-13
188.29851343769786,-13.229081805363947,5.0528325531327285,-13.566055126193985,-18.591600328324237,2.694645481559148e-13
188.30430756402558,-13.220814219093558,5.052937633437327,-13.567532268373592,-18.594126754984373,2.694645481559148e-13
188.31010175898004,-13.21254683215023,5.053042700894784,-13.569009303446796,-18.596651966071953,1.515738083377021e-13
188.31589602254763,-13.20427964440833,5.053147755216266,-13.57048623145334,-18.59917596148424,1.8525687685719145e-13
188.32169035471483,-13.196012655742088,5.053252796112943,-13.57196305243284,-18.601698741118483,3.1998915093514883e-13
188.32748475546802,-13.187745866025946,5.053357823295982,-13.573439766424842,-18.604220304871966,3.031476166754042e-13
188.33327922479367,-13.179479275134206,5.053462836476551,-13.574916373468819,-18.60674065264197,1.6841534259744677e-13
188.33907376267814,-13.171212882941349,5.053567835365814,-13.576392873604151,-18.609259784325797,2.5262301389617017e-13
188.34486836910784,-13.16294668932188,5.053672819674943,-13.57786926687012,-18.611777699820717,2.5262301389617017e-13
188.35066304406925,-13.154680694150217,5.053777789115101,-13.579345553305954,-18.614294399024068,2.5262301389617017e-13
188.35645778754875,-13.146414897300948,5.053882743397459,-13.580821732950742,-18.616809881833138,1.6841534259744677e-13
188.36225259953267,-13.138149298648697,5.053987682233182,-13.582297805843542,-18.619324148145253,2.020984111169361e-13
188.36804748000748,-13.129883898067988,5.05409260533344,-13.583773772023301,-18.621837197857744,2.5262301389617017e-13
188.37384242895956,-13.121618695433565,5.054197512409397,-13.585249631528885,-18.624349030867954,2.5262301389617017e-13
188.37963744637537,-13.113353690620032,5.054302403172223,-13.586725384399058,-18.626859647073214,2.020984111169361e-13
188.3854325322412,-13.105088883502159,5.054407277333087,-13.588201030672522,-18.629369046370876,2.694645481559148e-13
188.39122768654343,-13.096824273954763,5.0545121346031525,-13.58967657038788,-18.631877228658304,3.031476166754042e-13
188.3970229092686,-13.088559861852545,5.054616974693589,-13.591152003583655,-18.63438419383287,1.6841534259744677e-13
188.4028182004029,-13.08029564707045,5.054721797315564,-13.592627330298283,-18.636889941791935,2.8630608241565947e-13
188.40861355993286,-13.072031629483254,5.054826602180245,-13.594102550570101,-18.639394472432897,2.020984111169361e-13
188.41440898784478,-13.063767808965931,5.054931388998797,-13.59557766443739,-18.641897785653143,2.694645481559148e-13
188.42020448412504,-13.055504185393463,5.05503615748239,-13.5970526719383,-18.64439988135006,2.3578147963642546e-13
188.42600004876002,-13.047240758640749,5.0551409073421905,-13.598527573110943,-18.646900759421065,2.694645481559148e-13
188.43179568173608,-13.038977528582919,5.055245638289367,-13.600002367993307,-18.64940041976357,1.6841534259744677e-13
188.4375913830396,-13.03071449509494,5.055350350035087,-13.601477056623308,-18.651898862274987,3.031476166754042e-13
188.44338715265695,-13.022451658051946,5.055455042290517,-13.602951639038778,-18.654396086852753,2.1893994537668078e-13
188.44918299057443,-13.014189017329137,5.055559714766825,-13.604426115277471,-18.656892093394315,2.694645481559148e-13
188.45497889677847,-13.005926572801593,5.055664367175177,-13.605900485377031,-18.65938688179711,1.8525687685719145e-13
188.46077487125535,-12.997664324344614,5.055768999226742,-13.607374749375035,-18.661880451958595,2.1893994537668078e-13
188.4665709139915,-12.989402271833354,5.055873610632688,-13.608848907308962,-18.66437280377622,2.694645481559148e-13
188.47236702497324,-12.981140415143159,5.05597820110418,-13.61032295921621,-18.666863937147472,2.5262301389617017e-13
188.47816320418684,-12.972878754149386,5.056082770352386,-13.6117969051341,-18.669353851969824,2.1893994537668078e-13
188.48395945161872,-12.964617288727297,5.056187318088477,-13.613270745099832,-18.671842548140745,2.1893994537668078e-13
188.4897557672552,-12.956356018752402,5.056291844023615,-13.614744479150568,-18.674330025557754,2.8630608241565947e-13
188.49555215108262,-12.94809494410003,5.056396347868971,-13.616218107323345,-18.67681628411834,2.1893994537668078e-13
188.50134860308728,-12.939834064645698,5.056500829335712,-13.617691629655125,-18.67930132372002,2.694645481559148e-13
188.50714512325553,-12.931573380264968,5.056605288135005,-13.619165046182793,-18.681785144260296,2.694645481559148e-13
188.5129417115737,-12.92331289083328,5.056709723978018,-13.620638356943134,-18.68426774563672,2.020984111169361e-13
188.51873836802807,-12.915052596226323,5.056814136575917,-13.62211156197285,-18.686749127746804,2.694645481559148e-13
188.52453509260502,-12.906792496319614,5.05691852563987,-13.623584661308547,-18.6892292904881,2.694645481559148e-13
188.53033188529088,-12.898532590988866,5.057022890881044,-13.625057654986769,-18.691708233758167,2.5262301389617017e-13
