galstreams/tracks/track.st.Kwando.ibata2021.ecsv
# %ECSV 0.9
# ---
# datatype:
# - {name: ra, unit: deg, datatype: float64}
# - {name: dec, unit: deg, datatype: float64}
# - {name: distance, unit: kpc, datatype: float64}
# - {name: pm_ra_cosdec, unit: mas / yr, datatype: float64}
# - {name: pm_dec, unit: mas / yr, datatype: float64}
# - {name: radial_velocity, unit: km / s, datatype: float64}
# delimiter: ','
# meta: !!omap
# - __serialized_columns__:
#     dec:
#       __class__: astropy.coordinates.angles.Latitude
#       unit: &id001 !astropy.units.Unit {unit: deg}
#       value: !astropy.table.SerializedColumn {name: dec}
#     distance:
#       __class__: astropy.coordinates.distances.Distance
#       unit: !astropy.units.Unit {unit: kpc}
#       value: !astropy.table.SerializedColumn {name: distance}
#     pm_dec:
#       __class__: astropy.units.quantity.Quantity
#       unit: !astropy.units.Unit {unit: mas / yr}
#       value: !astropy.table.SerializedColumn {name: pm_dec}
#     pm_ra_cosdec:
#       __class__: astropy.units.quantity.Quantity
#       unit: !astropy.units.Unit {unit: mas / yr}
#       value: !astropy.table.SerializedColumn {name: pm_ra_cosdec}
#     ra:
#       __class__: astropy.coordinates.angles.Longitude
#       unit: *id001
#       value: !astropy.table.SerializedColumn {name: ra}
#       wrap_angle: !astropy.coordinates.Angle
#         unit: *id001
#         value: 360.0
#     radial_velocity:
#       __class__: astropy.units.quantity.Quantity
#       unit: !astropy.units.Unit {unit: km / s}
#       value: !astropy.table.SerializedColumn {name: radial_velocity}
# schema: astropy-2.0
ra,dec,distance,pm_ra_cosdec,pm_dec,radial_velocity
[from data line 134]
15.867259825570784,-15.0524691125306,7.652071825453577,-0.003199462739319432,0.11123505940860538,2.1051917824680845e-15
15.87485756620936,-15.06000920601842,7.648623645925885,-0.0036592467616960176,0.11087996474403836,2.4999152416808503e-15
15.882456338104781,-15.067548623558915,7.64518832356544,-0.004117973007542912,0.1105251062354617,2.4999152416808503e-15
15.890056139238526,-15.07508736695555,7.641765842716337,-0.004575642560381997,0.11017048418406734,2.1051917824680845e-15
15.897656967592042,-15.082625438012004,7.638356187722667,-0.0050322565038098,0.10981609889105484,2.1051917824680845e-15
15.905258821146631,-15.090162838532018,7.634959342928524,-0.005487815921497295,0.10946195065763069,2.6314897280851058e-15
15.912861697883693,-15.097699570319703,7.631575292678005,-0.005942321897190413,0.1091080397850083,2.6314897280851058e-15
15.92046559578459,-15.10523563517936,7.6282040213152005,-0.0063957755147097724,0.10875436657440794,2.1051917824680845e-15
15.928070512830544,-15.112771034915367,7.624845513184208,-0.006848177857951137,0.10840093132705601,2.2367662688723396e-15
15.935676447002885,-15.120305771332452,7.621499752629117,-0.0072995300108849,0.10804773434418527,2.6314897280851058e-15
15.943283396282892,-15.127839846235549,7.618166723994026,-0.007749833057556917,0.10769477592703423,2.6314897280851058e-15
15.950891358651708,-15.135373261429686,7.614846411623025,-0.00819908808208802,0.10734205637684698,2.2367662688723396e-15
15.958500332090582,-15.142906018720216,7.611538799860211,-0.008647296168674422,0.10698957599487299,2.368340755276595e-15
15.966110314580726,-15.15043811991271,7.608243873049677,-0.009094458401587565,0.10663733508236688,2.2367662688723396e-15
15.973721304103204,-15.157969566812831,7.604961615535517,-0.009540575865174471,0.10628533394058787,2.368340755276595e-15
15.98133329863919,-15.16550036122658,7.601692011661826,-0.009985649643857546,0.10593357287080006,2.2367662688723396e-15
15.988946296169763,-15.173030504960126,7.598435045772694,-0.010429680822134907,0.10558205217427166,2.2367662688723396e-15
15.996560294676055,-15.180559999819895,7.595190702212221,-0.010872670484580356,0.10523077215227493,2.368340755276595e-15
16.004175292139024,-15.188088847612402,7.591958965324495,-0.011314619715843268,0.10487973310608603,2.4999152416808503e-15
16.01179128653975,-15.195617050144513,7.588739819453614,-0.011755529600649125,0.10452893533698458,2.1051917824680845e-15
16.019408275859245,-15.203144609223294,7.585533248943669,-0.012195401223799262,0.10417837914625333,2.4999152416808503e-15
16.02702625807843,-15.210671526655915,7.582339238138759,-0.01263423567017101,0.1038280648351783,2.4999152416808503e-15
16.03464523117828,-15.218197804249877,7.579157771382971,-0.013072034024717877,0.10347799270504796,1.842042809659574e-15
16.042265193139773,-15.225723443812916,7.575988833020405,-0.013508797372469454,0.10312816305715347,2.368340755276595e-15
16.049886141943716,-15.233248447152834,7.5728324073951505,-0.013944526798531795,0.102778576192788,1.9736172960638294e-15
16.057508075571036,-15.240772816077804,7.569688478851305,-0.01437922338808702,0.10242923241324695,2.1051917824680845e-15
16.06513099200263,-15.2482965523962,7.566557031732961,-0.014812888226393955,0.1020801320198272,2.2367662688723396e-15
16.072754889219244,-15.255819657916497,7.563438050384213,-0.015245522398787823,0.10173127531382697,2.1051917824680845e-15
16.080379765201723,-15.263342134447509,7.560331519149151,-0.015677126990680516,0.10138266259654585,2.368340755276595e-15
16.0880056179309,-15.270863983798282,7.557237422371876,-0.016107703087560578,0.10103429416928422,1.842042809659574e-15
16.095632445387444,-15.278385207777943,7.5541557443964775,-0.01653725177499333,0.10068617033334312,1.9736172960638294e-15
16.103260245552132,-15.285905808195967,7.551086469567047,-0.016965774138620906,0.10033829139002395,2.2367662688723396e-15
16.110889016405693,-15.29342578686203,7.548029582227686,-0.017393271264162524,0.09999065764062806,2.368340755276595e-15
16.118518755928836,-15.300945145586047,7.544985066722484,-0.017819744237414288,0.09964326938645689,2.368340755276595e-15
16.12614946210217,-15.308463886178037,7.5419529073955305,-0.018245194144249494,0.09929612692881136,1.9736172960638294e-15
16.13378113290637,-15.315982010448367,7.538933088590929,-0.01866962207061837,0.09894923056899155,1.7104683232553186e-15
16.141413766322092,-15.323499520207632,7.535925594652767,-0.019093029102548755,0.09860258060829685,2.2367662688723396e-15
16.14904736032987,-15.331016417266524,7.53293040992514,-0.019515416326145667,0.09825617734802519,2.1051917824680845e-15
16.156681912910315,-15.338532703436082,7.529947518752142,-0.019936784827591543,0.09791002108947305,1.9736172960638294e-15
16.16431742204403,-15.34604838052757,7.526976905477867,-0.020357135693146393,0.09756411213393527,2.368340755276595e-15
16.17195388571146,-15.353563450352352,7.5240185544464095,-0.020776470009147674,0.09721845078270457,1.9736172960638294e-15
16.179591301893158,-15.36107791472215,7.521072450001862,-0.021194788862010795,0.09687303733707134,2.1051917824680845e-15
16.18722966856966,-15.368591775448895,7.518138576488319,-0.021612093338228583,0.09652787209832359,1.842042809659574e-15
16.19486898372135,-15.376105034344638,7.515216918249876,-0.02202838452437183,0.09618295536774626,2.368340755276595e-15
16.202509245328717,-15.383617693221774,7.512307459630626,-0.022443663507089352,0.09583828744662144,2.1051917824680845e-15
16.210150451372222,-15.391129753892928,7.509410184974662,-0.02285793137310787,0.09549386863622766,1.9736172960638294e-15
16.217792599832205,-15.398641218170821,7.506525078626078,-0.023271189209232167,0.09514969923783993,2.1051917824680845e-15
16.225435688689068,-15.406152087868534,7.503652124928971,-0.023683438102345113,0.09480577955272937,2.1051917824680845e-15
16.23307971592323,-15.413662364799379,7.5007913082274325,-0.024094679139408055,0.09446210988216286,2.1051917824680845e-15
16.24072467951494,-15.42117205077676,7.497942612865555,-0.024504913407460277,0.09411869052740296,2.1051917824680845e-15
16.24837057744457,-15.428681147614451,7.495106023187436,-0.024914141993619757,0.09377552178970751,1.9736172960638294e-15
16.256017407692458,-15.436189657126455,7.492281523537163,-0.025322365985082928,0.09343260397032921,1.7104683232553186e-15
16.263665168238795,-15.443697581126862,7.48946909825884,-0.02572958646912459,0.09308993737051571,1.842042809659574e-15
16.271313857063888,-15.45120492143014,7.486668731696553,-0.02613580453309829,0.09274752229150918,2.2367662688723396e-15
16.27896347214798,-15.458711679850943,7.483880408194397,-0.026541021264436325,0.09240535903454584,2.1051917824680845e-15
16.28661401147132,-15.466217858204185,7.48110411209647,-0.026945237750649678,0.09206344790085598,1.7104683232553186e-15
16.29426547301403,-15.473723458304896,7.478339827746863,-0.027348455079328295,0.09172178919166357,2.1051917824680845e-15
16.30191785475633,-15.481228481968477,7.47558753948967,-0.027750674338140973,0.09138038320818592,1.9736172960638294e-15
16.309571154678423,-15.488732931010544,7.472847231668985,-0.02815189661483563,0.0910392302516336,1.842042809659574e-15
16.317225370760376,-15.496236807246822,7.470118888628902,-0.02855212299723921,0.09069833062320998,1.7104683232553186e-15
16.32488050098233,-15.503740112493409,7.467402494713517,-0.028951354573257846,0.09035768462411109,2.2367662688723396e-15
16.33253654332444,-15.511242848566631,7.464698034266921,-0.029349592430876974,0.09001729255552514,1.842042809659574e-15
16.34019349576671,-15.518745017282923,7.46200549163321,-0.029746837658161267,0.08967715471863259,2.2367662688723396e-15
16.347851356289237,-15.526246620459082,7.459324851156476,-0.030143091343255,0.08933727141460564,1.842042809659574e-15
16.3555101228721,-15.53374765991214,7.456656097180814,-0.030538354574381792,0.08899764294460794,2.368340755276595e-15
16.363169793495267,-15.541248137459243,7.453999214050319,-0.030932628439844803,0.08865826960979441,1.5788938368510633e-15
16.370830366138758,-15.548748054917894,7.451354186109084,-0.03132591402802691,0.08831915171131098,2.1051917824680845e-15
16.37849183878262,-15.55624741410585,7.448720997701202,-0.03171821242739077,0.08798028955029429,1.7104683232553186e-15
16.386154209406733,-15.563746216840949,7.446099633170769,-0.03210952472647864,0.08764168342787138,2.1051917824680845e-15
16.393817475991096,-15.571244464941431,7.4434900768618775,-0.03249985201391282,0.0873033336451595,1.9736172960638294e-15
16.401481636515683,-15.578742160225739,7.440892313118623,-0.03288919537839556,0.08696524050326564,2.1051917824680845e-15
16.40914668896032,-15.586239304512464,7.4383063262850975,-0.033277555908709136,0.08662740430328658,2.1051917824680845e-15
16.41681263130496,-15.593735899620542,7.435732100705397,-0.0336649346937158,0.0862898253463084,1.7104683232553186e-15
16.424479461529472,-15.601231947369103,7.433169620723612,-0.034051332822358116,0.08595250393340613,1.842042809659574e-15
16.43214717761376,-15.608727449577568,7.430618870683841,-0.034436751383658884,0.08561544036564372,2.2367662688723396e-15
16.4398157775376,-15.616222408065493,7.428079834930174,-0.03482119146672123,0.08527863494407362,1.9736172960638294e-15
16.447485259280846,-15.623716824652755,7.425552497806708,-0.035204654160728564,0.08494208796973651,2.1051917824680845e-15
16.455155620823355,-15.631210701159516,7.423036843657535,-0.03558714055494505,0.08460579974366106,1.9736172960638294e-15
16.46282686014485,-15.638704039406042,7.420532856826749,-0.03596865173871517,0.08426977056686362,1.842042809659574e-15
16.470498975225134,-15.646196841212955,7.418040521658447,-0.03634918880146411,0.08393400074034783,1.842042809659574e-15
16.478171964044016,-15.653689108401133,7.415559822496719,-0.03672875283269779,0.0835984905651048,2.368340755276595e-15
16.48584582458115,-15.661180842791579,7.413090743685661,-0.037107344922002974,0.08326324034211219,1.9736172960638294e-15
16.493520554816328,-15.668672046205641,7.410633269569366,-0.03748496615904718,0.08292825037233453,1.842042809659574e-15
16.50119615272927,-15.676162720464946,7.408187384491929,-0.037861617633578884,0.0825935209567224,1.842042809659574e-15
16.508872616299605,-15.683652867391208,7.405753072797442,-0.03823730043542757,0.08225905239621273,2.368340755276595e-15
16.516549943507062,-15.69114248880654,7.40333031883,-0.03861201565450378,0.08192484499172793,2.1051917824680845e-15
16.524228132331327,-15.69863158653328,7.400919106933699,-0.03898576438079932,0.08159089904417614,1.842042809659574e-15
16.531907180751972,-15.7061201623939,7.398519421452632,-0.0393585477043871,0.08125721485445062,1.842042809659574e-15
16.539587086748668,-15.713608218211235,7.396131246730892,-0.039730366715421454,0.08092379272342956,1.9736172960638294e-15
16.54726784830108,-15.721095755808383,7.393754567112572,-0.04010122250413802,0.08059063295197585,1.9736172960638294e-15
16.55494946338872,-15.72858277700854,7.391389366941769,-0.04047111616085382,0.0802577358409368,1.842042809659574e-15
16.562631929991216,-15.736069283635311,7.389035630562573,-0.040840048775967544,0.07992510169114388,1.7104683232553186e-15
16.570315246088168,-15.743555277512517,7.386693342319083,-0.041208021439959386,0.07959273080341217,1.7104683232553186e-15
16.57799940965906,-15.75104076046412,7.384362486555388,-0.04157503524339122,0.07926062347854064,2.1051917824680845e-15
16.585684418683478,-15.75852573431445,7.382043047615584,-0.041941091276906706,0.07892878001731135,2.1051917824680845e-15
16.59337027114093,-15.766010200888049,7.379735009843765,-0.042306190631231276,0.0785972007204894,1.9736172960638294e-15
16.60105696501099,-15.773494162009756,7.377438357584026,-0.04267033439717226,0.0782658858888226,1.7104683232553186e-15
16.608744498273055,-15.780977619504538,7.375153075180459,-0.043033523665618995,0.07793483582304127,1.5788938368510633e-15
16.61643286890666,-15.78846057519772,7.37287914697716,-0.04339575952754272,0.07760405082385793,1.5788938368510633e-15
16.624122074891307,-15.795943030914895,7.370616557318223,-0.043757043073997026,0.07727353119196691,1.842042809659574e-15
16.63181211420636,-15.803424988481783,7.368365290547738,-0.044117375396117375,0.07694327722804428,2.368340755276595e-15
16.639502984831317,-15.810906449724484,7.366125331009805,-0.044476757585121644,0.07661328923274734,1.9736172960638294e-15
16.647194684745635,-15.818387416469344,7.3638966630485125,-0.04483519073231008,0.07628356750671451,2.1051917824680845e-15
16.654887211928642,-15.825867890542835,7.361679271007958,-0.04519267592906523,0.07595411235056503,2.1051917824680845e-15
16.662580564359793,-15.833347873771826,7.359473139232233,-0.04554921426685213,0.07562492406489853,1.842042809659574e-15
16.6702747400185,-15.840827367983426,7.357278252065435,-0.045904806837218357,0.07529600295029495,1.842042809659574e-15
16.677969736884055,-15.848306375004878,7.3550945938516525,-0.046259454731794075,0.0749673493073143,2.1051917824680845e-15
16.685665552935866,-15.855784896663803,7.352922148934985,-0.046613159042292115,0.07463896343649606,1.842042809659574e-15
16.69336218615331,-15.863262934788086,7.350760901659523,-0.046965920860508076,0.07431084563835917,2.2367662688723396e-15
16.701059634515648,-15.870740491205742,7.348610836369363,-0.04731774127832037,0.07398299621340179,1.5788938368510633e-15
16.708757896002233,-15.878217567745155,7.346471937408595,-0.04766862138769028,0.07365541546210073,1.7104683232553186e-15
16.71645696859238,-15.885694166234948,7.344344189121318,-0.0480185622806621,0.07332810368491151,1.7104683232553186e-15
16.724156850265416,-15.893170288504026,7.342227575851621,-0.0483675650493631,0.07300106118226782,1.7104683232553186e-15
16.73185753900056,-15.900645936381427,7.340122081943603,-0.048715630786003626,0.07267428825458132,1.842042809659574e-15
16.739559032777112,-15.90812111169659,7.338027691741353,-0.04906276058287726,0.0723477852022416,1.842042809659574e-15
16.74726132957437,-15.915595816279199,7.3359443895889695,-0.04940895553236074,0.0720215523256154,1.5788938368510633e-15
16.754964427371508,-15.923070051959073,7.333872159830544,-0.04975421672691416,0.07169558992504681,1.7104683232553186e-15
16.762668324147803,-15.930543820566418,7.3318109868101695,-0.05009854525908098,0.07136989830085676,1.7104683232553186e-15
16.770373017882505,-15.938017123931717,7.329760854871943,-0.050441942221488116,0.0710444777533426,1.5788938368510633e-15
16.77807850655476,-15.945489963885553,7.327721748359957,-0.05078440870684592,0.07071932858277827,1.9736172960638294e-15
16.785784788143815,-15.952962342258937,7.3256936516183035,-0.05112594580794846,0.07039445108941353,1.5788938368510633e-15
16.793491860628876,-15.960434260883114,7.323676548991079,-0.051466554617673355,0.0700698455734739,2.1051917824680845e-15
16.801199721989065,-15.967905721589476,7.3216704248223765,-0.05180623622898192,0.06974551233516049,1.7104683232553186e-15
16.808908370203586,-15.975376726209808,7.31967526345629,-0.052144991734919315,0.06942145167464954,1.7104683232553186e-15
16.81661780325162,-15.982847276576143,7.317691049236913,-0.052482822228614584,0.06909766389209207,1.842042809659574e-15
16.824328019112254,-15.990317374520673,7.31571776650834,-0.05281972880328058,0.06877414928761391,1.7104683232553186e-15
16.832039015764654,-15.997787021875967,7.313755399614666,-0.053155712552214164,0.06845090816131512,1.842042809659574e-15
16.83975079118799,-16.005256220474855,7.311803932899984,-0.053490774568796404,0.06812794081326982,1.842042809659574e-15
16.847463343361294,-16.01272497215033,7.309863350708388,-0.05382491594649234,0.06780524754352593,1.4473193504468082e-15
16.855176670263713,-16.02019327873574,7.307933637383971,-0.05415813777885123,0.06748282865210489,1.5788938368510633e-15
16.862890769874383,-16.02766114206473,7.306014777270828,-0.05449044115950664,0.06716068443900118,1.7104683232553186e-15
16.870605640172307,-16.03512856397107,7.304106754713053,-0.05482182718217637,0.06683881520418251,1.9736172960638294e-15
