galstreams/tracks/track.st.Orphan-Chenab.shipp2019.ecsv
# %ECSV 0.9
# ---
# datatype:
# - {name: ra, unit: deg, datatype: float64}
# - {name: dec, unit: deg, datatype: float64}
# - {name: distance, unit: kpc, datatype: float64}
# - {name: pm_ra_cosdec, unit: mas / yr, datatype: float64}
# - {name: pm_dec, unit: mas / yr, datatype: float64}
# - {name: radial_velocity, unit: km / s, datatype: float64}
# delimiter: ','
# meta: !!omap
# - __serialized_columns__:
#     dec:
#       __class__: astropy.coordinates.angles.Latitude
#       unit: &id001 !astropy.units.Unit {unit: deg}
#       value: !astropy.table.SerializedColumn {name: dec}
#     distance:
#       __class__: astropy.coordinates.distances.Distance
#       unit: !astropy.units.Unit {unit: kpc}
#       value: !astropy.table.SerializedColumn {name: distance}
#     pm_dec:
#       __class__: astropy.units.quantity.Quantity
#       unit: !astropy.units.Unit {unit: mas / yr}
#       value: !astropy.table.SerializedColumn {name: pm_dec}
#     pm_ra_cosdec:
#       __class__: astropy.units.quantity.Quantity
#       unit: !astropy.units.Unit {unit: mas / yr}
#       value: !astropy.table.SerializedColumn {name: pm_ra_cosdec}
#     ra:
#       __class__: astropy.coordinates.angles.Longitude
#       unit: *id001
#       value: !astropy.table.SerializedColumn {name: ra}
#       wrap_angle: !astropy.coordinates.Angle
#         unit: *id001
#         value: 360.0
#     radial_velocity:
#       __class__: astropy.units.quantity.Quantity
#       unit: !astropy.units.Unit {unit: km / s}
#       value: !astropy.table.SerializedColumn {name: radial_velocity}
# schema: astropy-2.0
ra,dec,distance,pm_ra_cosdec,pm_dec,radial_velocity
322.1489325357232,-58.98089483615049,39.80000000000855,0.13638621644701554,-2.81004933331909,7.410342440424697e-09
322.1537952620131,-58.970934500409975,39.80000000000851,0.1367254276485692,-2.809645792566431,7.389762085559288e-09
322.158661632612,-58.96097567911482,39.80000000000847,0.1370645896896463,-2.809241914078895,7.369148047625361e-09
322.1635316451473,-58.95101837173798,39.800000000008424,0.13740370227294552,-2.8088376978460996,7.348601375828473e-09
322.168405297251,-58.94106257775191,39.800000000008396,0.1377427651013745,-2.8084331438577754,7.328155753237143e-09
322.1732825865594,-58.931108296628636,39.80000000000836,0.13808177787804632,-2.8080282521037767,7.307676447577293e-09
322.1781635107131,-58.92115552784004,39.80000000000833,0.13842074030626605,-2.8076230225740773,7.287230824985963e-09
322.18304806735705,-58.911204270857475,39.80000000000829,0.13875965208954688,-2.8072174552587694,7.266684153189074e-09
322.1879362541406,-58.90125452515198,39.80000000000825,0.13909851293160935,-2.806811550148062,7.246406945940342e-09
322.19282806871746,-58.891306290194166,39.80000000000822,0.1394373225363652,-2.806405307232288,7.226129738691609e-09
322.1977235087456,-58.881359565454424,39.800000000008176,0.13977608060793334,-2.8059987265018957,7.205785165305838e-09
322.20262257188716,-58.871414350402695,39.80000000000815,0.1401147868506265,-2.8055918079474536,7.185575324194144e-09
322.20752525580895,-58.86147064450848,39.800000000008104,0.1404534409689664,-2.805184551559649,7.165197067739853e-09
322.21243155818155,-58.851528447241165,39.80000000000806,0.1407920426676641,-2.804776957329288,7.145121958902237e-09
322.21734147668036,-58.841587758069515,39.80000000000804,0.141130591651639,-2.804369025247296,7.124912117790543e-09
322.2222550089848,-58.83164857646203,39.800000000008,0.1414690876260074,-2.803960755304715,7.10473595974737e-09
322.2271721527784,-58.821710901886966,39.80000000000796,0.14180753029607707,-2.803552147492708,7.084627167841234e-09
322.23209290574925,-58.811774733812065,39.80000000000793,0.14214591936736243,-2.8031432018025564,7.064518375935099e-09
322.23701726558954,-58.80184007170477,39.80000000000789,0.14248425454557245,-2.802733918225657,7.044409584028965e-09
322.24194522999574,-58.79190691503214,39.800000000007856,0.1428225355366135,-2.802324296753531,7.024435524396907e-09
322.2468767966684,-58.78197526326099,39.80000000000782,0.143160762046586,-2.8019143373778106,7.004394098627811e-09
322.2518119633126,-58.77204511585766,39.80000000000779,0.14349893378179268,-2.80150404009025,6.984453722064273e-09
322.2567507276373,-58.76211647228813,39.80000000000775,0.14383705044872852,-2.8010934048827227,6.964580711637775e-09
322.2616930873559,-58.75218933201814,39.80000000000772,0.14417511175408548,-2.800682431747215,6.944539285868678e-09
322.26663904018585,-58.74226369451301,39.800000000007685,0.14451311740474826,-2.8002711206758386,6.924834690784777e-09
322.27158858384894,-58.7323395592376,39.80000000000765,0.1448510671078047,-2.799859471660817,6.9049616803582785e-09
322.27654171607105,-58.72241692565666,39.800000000007614,0.1451889605705292,-2.7994474846944946,6.885189719137338e-09
322.2814984345821,-58.71249579323439,39.8000000000076,0.145526797500392,-2.799035159769331,6.865384074847878e-09
322.2864587371164,-58.7025761614347,39.80000000000756,0.14586457760505755,-2.7986224968779068,6.8456457966954574e-09
322.2914226214124,-58.6926580297211,39.800000000007515,0.14620230059239225,-2.798209496012917,6.825974884680075e-09
322.2963900852124,-58.6827413975569,39.800000000007486,0.1465399661704414,-2.7977961571671743,6.806303972664694e-09
322.3013611262632,-58.672826264404925,39.80000000000746,0.14687757404745194,-2.7973824803336105,6.786700426786351e-09
322.30633574231564,-58.662912629727614,39.800000000007415,0.14721512393186797,-2.7969684655052753,6.767096880908009e-09
322.31131393112446,-58.653000492987246,39.80000000000738,0.14755261553231103,-2.7965541126753335,6.747459651961146e-09
322.31629569044867,-58.64308985364558,39.80000000000735,0.147890048557606,-2.7961394218370668,6.727923472219843e-09
322.32128101805154,-58.63318071116403,39.80000000000731,0.1482274227167717,-2.7957243929838755,6.708420975547058e-09
322.3262699117002,-58.62327306500384,39.80000000000728,0.14856473771900824,-2.7953090261092757,6.689019528079832e-09
322.3312623691658,-58.613366914625715,39.80000000000725,0.14890199327371034,-2.794893321206901,6.669584397544087e-09
322.33625838822394,-58.60346225949007,39.80000000000722,0.1492391890904674,-2.7944772782705023,6.650182950076861e-09
322.34125796665387,-58.593559099056975,39.80000000000718,0.14957632487905426,-2.7940608972939476,6.630781502609635e-09
322.3462611022392,-58.58365743278626,39.80000000000715,0.14991340034943645,-2.7936441782712187,6.611548470485006e-09
322.35126779276743,-58.57375726013724,39.800000000007124,0.1502504152117694,-2.7932271211964173,6.5921807060863e-09
322.3562780360303,-58.56385858056895,39.80000000000709,0.15058736917640014,-2.792809726063759,6.5728803078246325e-09
322.3612918298232,-58.55396139354018,39.80000000000705,0.15092426195385733,-2.792391992867579,6.553647275700004e-09
322.3663091719459,-58.544065698509264,39.80000000000703,0.1512610932548606,-2.7919739216023247,6.534313194369817e-09
322.3713300602021,-58.53417149493416,39.800000000006996,0.1515978627903274,-2.791555512262565,6.515181211450748e-09
322.3763544923995,-58.52427878227266,39.80000000000696,0.15193457027134905,-2.7911367648429786,6.4961165946687166e-09
322.38138246634975,-58.51438755998205,39.800000000006925,0.15227121540920852,-2.790717679338365,6.477085660955205e-09
322.3864139798685,-58.50449782751933,39.8000000000069,0.1526077979153786,-2.7902982557436387,6.458021044173174e-09
322.3914490307757,-58.494609584341106,39.80000000000686,0.15294431750152215,-2.78987849405383,6.438855378185585e-09
322.3964876168946,-58.484722829903795,39.80000000000684,0.15328077387947614,-2.7894583942640843,6.4197233952665145e-09
322.4015297360531,-58.47483756366338,39.800000000006804,0.1536171667612729,-2.7890379563696635,6.400961926101159e-09
322.4065753860827,-58.46495378507538,39.80000000000676,0.1539534958591302,-2.7886171803659465,6.381930992387648e-09
322.4116245648189,-58.45507149359525,39.80000000000673,0.15428976088544433,-2.788196066248426,6.362967424811175e-09
322.41667727010133,-58.445190688677876,39.80000000000671,0.15462596155280317,-2.787774614012708,6.344037540303222e-09
322.4217334997733,-58.435311369777864,39.80000000000668,0.15496209757398094,-2.78735282365452,6.325242388069347e-09
322.42679325168217,-58.42543353634961,39.80000000000665,0.15529816866192458,-2.7869306951697013,6.306480918903992e-09
322.4318565236793,-58.415557187847,39.80000000000661,0.15563417452977757,-2.7865082285542067,6.287584717464558e-09
322.4369233136198,-58.40568232372368,39.800000000006584,0.1559701148908612,-2.786085423804105,6.268823248299202e-09
322.44199361936285,-58.39580894343289,39.80000000000655,0.1563059894586809,-2.7856622809155844,6.2501965114079244e-09
322.44706743877134,-58.385937046427664,39.80000000000653,0.1566417979469199,-2.7852387998849424,6.231435042242569e-09
322.4521447697123,-58.37606663216059,39.800000000006506,0.1569775400694553,-2.784814980708597,6.212808305351292e-09
322.45722561005635,-58.366197700083895,39.80000000000647,0.15731321554033828,-2.784390823383078,6.194248934597053e-09
322.46230995767826,-58.35633024964962,39.800000000006435,0.15764882407380032,-2.783966327905032,6.175521148500217e-09
322.46739781045653,-58.34646428030939,39.8000000000064,0.1579843653842612,-2.7835414942712164,6.157130193088575e-09
322.4724891662735,-58.33659979151439,39.80000000000638,0.15831983918631543,-2.7831163224785076,6.138570822334337e-09
322.47758402301537,-58.3267367827157,39.80000000000635,0.1586552451947425,-2.782690812523897,6.120045134648618e-09
322.4826823785723,-58.31687525336388,39.800000000006314,0.15899058312450443,-2.7822649644044875,6.1015194469628985e-09
322.4877842308381,-58.30701520290926,39.80000000000629,0.15932585269073574,-2.7818387781174962,6.083162174619777e-09
322.49288957771057,-58.29715663080174,39.80000000000625,0.15966105360875926,-2.78141225366026,6.064737536139616e-09
322.49799841709114,-58.28729953649106,39.80000000000623,0.15999618559406925,-2.7809853910302222,6.046279214590936e-09
322.50311074688534,-58.27744391942648,39.8000000000062,0.1603312483623498,-2.7805581902249465,6.028090357590412e-09
322.5082265650023,-58.267589779056934,39.80000000000617,0.1606662416294531,-2.7801306512421107,6.009834134452849e-09
322.5133458693549,-58.25773711483115,39.80000000000614,0.16100116511141715,-2.779702774079503,5.991443179041207e-09
322.51846865785996,-58.247885926197455,39.800000000006115,0.16133601852445434,-2.7792745587350263,5.973254322040683e-09
322.523594928438,-58.23803621260375,39.80000000000609,0.16167080158495772,-2.7788460052067006,5.95499809890312e-09
322.52872467901335,-58.22818797349785,39.80000000000606,0.16200551400949603,-2.778417113492658,5.936977657245193e-09
322.533857907514,-58.21834120832702,39.80000000000603,0.1623401555148163,-2.777987883591144,5.9186877510391106e-09
322.53899461187194,-58.20849591653829,39.800000000005994,0.1626747258178436,-2.777558315500518,5.900633626312664e-09
322.5441347900227,-58.198652097578304,39.80000000000597,0.16300922463568157,-2.777128409219253,5.882512135449179e-09
322.5492784399055,-58.18880975089356,39.800000000005944,0.16334365168559972,-2.776698164745935,5.864458010722732e-09
322.5544255594635,-58.178968875930025,39.80000000000591,0.1636780066850554,-2.7762675820792677,5.846336519859247e-09
322.5595761466435,-58.169129472133406,39.80000000000588,0.16401228935168022,-2.7758366612180607,5.828585542749476e-09
322.564730199396,-58.15929153894917,39.800000000005845,0.16434649940327595,-2.7754054021612458,5.8104977349545105e-09
322.5698877156752,-58.14945507582238,39.800000000005824,0.16468063655782217,-2.7749738049078596,5.79274675784474e-09
322.5750486934391,-58.13962008219773,39.800000000005795,0.1650147005334741,-2.7745418694570567,5.77492841459793e-09
322.5802131306492,-58.129786557519736,39.80000000000577,0.16534869104856087,-2.7741095958081052,5.756907972940003e-09
322.585381025271,-58.1199545012325,39.80000000000574,0.1656826078215845,-2.7736769839603843,5.738954897419115e-09
322.5905523752734,-58.11012391277982,39.800000000005724,0.16601645057122538,-2.773244033913387,5.721304969514903e-09
322.59572717862903,-58.1002947916051,39.800000000005696,0.16635021901633062,-2.7728107456667193,5.703621358542171e-09
322.6009054333143,-58.0904671371516,39.80000000000565,0.166683912875927,-2.7723771192201023,5.685803015295361e-09
322.60608713730926,-58.080640948862126,39.80000000000563,0.1670175318692113,-2.771943154573363,5.668287819665227e-09
322.6112722885976,-58.070816226179126,39.80000000000559,0.16735107571555408,-2.7715088517264492,5.650637891761014e-09
322.61646088516653,-58.060992968544895,39.80000000000559,0.16768454413449518,-2.771074210679416,5.632853231582724e-09
322.6216529250069,-58.05117117540132,39.80000000000555,0.16801793684574773,-2.7706392314324355,5.615371719021109e-09
322.6268484061136,-58.04135084618985,39.80000000000552,0.168351253569206,-2.7702039139857857,5.597755474185416e-09
322.6320473264846,-58.031531980351886,39.80000000000549,0.16868449402491925,-2.7697682583398637,5.58030764469232e-09
322.63724968412174,-58.0217145773283,39.800000000005475,0.16901765793311818,-2.769332264495176,5.562792449062186e-09
322.6424554770305,-58.01189863655969,39.80000000000545,0.16935074501420466,-2.768895932452341,5.545310936500571e-09
322.64766470322,-58.00208415748634,39.80000000000541,0.1696837549887522,-2.7684592622120903,5.5279304731445145e-09
322.65287736070275,-57.992271139548315,39.80000000000539,0.17001668757749244,-2.7680222537752672,5.510550009788458e-09
322.65809344749493,-57.982459582185264,39.80000000000536,0.17034954250134346,-2.7675849071428273,5.493135863363882e-09
322.6633129616165,-57.97264948483649,39.80000000000534,0.17068231948138468,-2.7671472223158373,5.475923815350423e-09
322.66853590109065,-57.96284084694114,39.800000000005305,0.17101501823886278,-2.766709199295478,5.4586780842684444e-09
322.6737622639444,-57.9530336679379,39.80000000000529,0.17134763849519863,-2.7662708380830385,5.441230254775349e-09
322.6789920482083,-57.94322794726516,39.80000000000527,0.17168017997197982,-2.7658321386799223,5.424119255967448e-09
322.6842252519163,-57.93342368436112,39.800000000005234,0.17201264239096314,-2.765393101087646,5.407008257159548e-09
322.689461873106,-57.92362087866352,39.80000000000521,0.17234502547407082,-2.7649537253078327,5.3898298922146085e-09
322.6947019098186,-57.91381952960987,39.800000000005184,0.1726773289433976,-2.764514011342224,5.372651527269668e-09
322.69994536009875,-57.90401963663731,39.800000000005156,0.1730095525212052,-2.7640739591926655,5.355574211530287e-09
322.70519222199465,-57.894221199182766,39.80000000000513,0.17334169592991722,-2.76363356886112,5.3384295296538674e-09
322.7104424935579,-57.88442421668282,39.800000000005106,0.1736737588921291,-2.763192840349658,5.321486946188564e-09
322.7156961728438,-57.874628688573615,39.800000000005085,0.17400574113060685,-2.762751773660463,5.304443313517703e-09
322.720953257911,-57.86483461429123,39.80000000000505,0.1743376423682692,-2.762310368795831,5.28746704698388e-09
322.72621374682177,-57.85504199327124,39.800000000005035,0.17466946232821812,-2.761868625758166,5.270558146587096e-09
322.73147763764183,-57.84525082494894,39.800000000005014,0.1750012007337125,-2.761426544549985,5.253649246190313e-09
322.73674492844026,-57.83546110875943,39.80000000000498,0.17533285730817583,-2.7609841251739162,5.236740345793529e-09
322.7420156172898,-57.825672844137394,39.80000000000495,0.1756644317751983,-2.760541367632697,5.219932494602304e-09
322.7472897022664,-57.81588603051724,39.800000000004935,0.1759959238585378,-2.760098271929178,5.203192009548118e-09
322.75256718144993,-57.806100667333006,39.8000000000049,0.17632733328211736,-2.759654838066319,5.186283109151334e-09
322.75784805292324,-57.79631675401862,39.800000000004864,0.17665865977001816,-2.75921106604719,5.169576307165667e-09
322.7631323147728,-57.78653429000753,39.800000000004864,0.17698990304649342,-2.7587669558749712,5.152970554385559e-09
322.7684199650886,-57.776753274732854,39.800000000004836,0.17732106283595406,-2.758322507552957,5.136263752399893e-09
322.77371100196393,-57.7669737076276,39.80000000000481,0.17765213886297793,-2.757877721084551,5.119657999619784e-09
322.7790054234956,-57.75719558812429,39.80000000000479,0.177983130852309,-2.7574325964732616,5.102984880702637e-09
322.7843032277839,-57.74741891565518,39.800000000004765,0.17831403852884842,-2.756987133722716,5.086446494059568e-09
322.78960441293214,-57.73764368965233,39.80000000000473,0.1786448616176599,-2.7565413328366457,5.069941790485018e-09
322.79490897704767,-57.72786990954737,39.800000000004715,0.17897559984397726,-2.7560951938188936,5.053437086910468e-09
322.8002169182408,-57.71809757477169,39.80000000000469,0.1793062529331917,-2.755648716673416,5.036932383335919e-09
322.8055282346252,-57.70832668475632,39.80000000000466,0.1796368206108565,-2.755201901404275,5.020495045898408e-09
322.81084292431825,-57.698557238932125,39.80000000000464,0.1799673026026838,-2.7547547480156447,5.004125074597936e-09
322.81616098544043,-57.688789236729534,39.80000000000461,0.18029769863455503,-2.754307256511809,4.987687737160425e-09
322.82148241611566,-57.67902267757869,39.800000000004594,0.18062800843250626,-2.7538594268971597,4.971317765859953e-09
322.8268072144713,-57.66925756090956,39.80000000000457,0.1809582317227345,-2.753411259176203,4.954981477628001e-09
322.8321353786379,-57.65949388615167,39.80000000000454,0.18128836823160155,-2.7529627533535512,4.9387462386016064e-09
322.8374669067496,-57.649731652734275,39.80000000000452,0.1816184176856297,-2.752513909433926,4.922477316506694e-09
