galstreams/tracks/track.st.Kshir.ibata2024.ecsv
# %ECSV 1.0
# ---
# datatype:
# - {name: ra, unit: deg, datatype: float64}
# - {name: dec, unit: deg, datatype: float64}
# - {name: distance, unit: kpc, datatype: float64}
# - {name: pm_ra_cosdec, unit: mas / yr, datatype: float64}
# - {name: pm_dec, unit: mas / yr, datatype: float64}
# - {name: radial_velocity, unit: km / s, datatype: float64}
# delimiter: ','
# meta: !!omap
# - __serialized_columns__:
#     dec:
#       __class__: astropy.coordinates.angles.Latitude
#       unit: &id001 !astropy.units.Unit {unit: deg}
#       value: !astropy.table.SerializedColumn {name: dec}
#     distance:
#       __class__: astropy.coordinates.distances.Distance
#       unit: !astropy.units.Unit {unit: kpc}
#       value: !astropy.table.SerializedColumn {name: distance}
#     pm_dec:
#       __class__: astropy.units.quantity.Quantity
#       unit: !astropy.units.Unit {unit: mas / yr}
#       value: !astropy.table.SerializedColumn {name: pm_dec}
#     pm_ra_cosdec:
#       __class__: astropy.units.quantity.Quantity
#       unit: !astropy.units.Unit {unit: mas / yr}
#       value: !astropy.table.SerializedColumn {name: pm_ra_cosdec}
#     ra:
#       __class__: astropy.coordinates.angles.Longitude
#       unit: *id001
#       value: !astropy.table.SerializedColumn {name: ra}
#       wrap_angle: !astropy.coordinates.Angle
#         unit: *id001
#         value: 360.0
#     radial_velocity:
#       __class__: astropy.units.quantity.Quantity
#       unit: !astropy.units.Unit {unit: km / s}
#       value: !astropy.table.SerializedColumn {name: radial_velocity}
# schema: astropy-2.0
ra,dec,distance,pm_ra_cosdec,pm_dec,radial_velocity
[from data line 707]
222.05688223860545,68.2419844031661,0.9999999999999998,-7.348479856029,-1.6545358572205409,-239.0976564752313
222.08386646102977,68.24212565385905,0.9999999999999998,-7.347374740975945,-1.6508782809133482,-239.1220895714602
222.11085101396162,68.24226245468165,0.9999999999999998,-7.346268727745327,-1.6472222565766454,-239.14660498460628
222.13783588681395,68.24239480565149,0.9999999999999998,-7.345161816824391,-1.643567785353035,-239.17120260378786
222.1648210689994,68.24252270678888,0.9999999999999998,-7.344054008702623,-1.6399148683843094,-239.19588231812295
222.19180654993082,68.24264615811686,0.9999999999999998,-7.3429453038717565,-1.6362635068113391,-239.22064401673
222.21879231902034,68.2427651596612,0.9999999999999998,-7.3418357028257715,-1.632613701774197,-239.24548758872706
222.24577836567985,68.24287971145043,0.9999999999999999,-7.340725206060898,-1.6289654544121266,-239.27041292323239
222.2727646793215,68.24298981351573,0.9999999999999999,-7.339613814075612,-1.6253187658634332,-239.29541990936426
222.29975124935675,68.24309546589112,0.9999999999999999,-7.338501527370624,-1.6216736372656406,-239.32050843624077
222.32673806519705,68.24319666861327,0.9999999999999999,-7.337388346448855,-1.6180300697553545,-239.3456783929804
222.35372511625403,68.24329342172159,0.9999999999999998,-7.336274271815538,-1.6143880644683186,-239.37092966870114
222.38071239193883,68.24338572525824,0.9999999999999998,-7.335159303978042,-1.6107476225394421,-239.39626215252133
222.40769988166252,68.24347357926814,0.9999999999999997,-7.33404344344607,-1.6071087451026749,-239.42167573355908
222.43468757483657,68.24355698379887,1.0,-7.332926690731476,-1.6034714332911584,-239.44717030093287
222.46167546087202,68.24363593890078,0.9999999999999998,-7.331809046348389,-1.5998356882370715,-239.47274574376064
222.48866352917977,68.24371044462697,0.9999999999999998,-7.330690510813147,-1.5962015110717829,-239.49840195116073
222.51565176917134,68.24378050103323,0.9999999999999998,-7.329571084644337,-1.5925689029256844,-239.5241388122513
222.54264017025793,68.2438461081781,0.9999999999999998,-7.328450768362722,-1.5889378649282833,-239.54995621615075
222.56962872185056,68.24390726612286,0.9999999999999999,-7.327329562491355,-1.5853083982082374,-239.57585405197722
222.59661741336103,68.24396397493149,0.9999999999999998,-7.326207467555448,-1.5816805038931854,-239.60183220884883
222.62360623420074,68.24401623467075,0.9999999999999999,-7.325084484082469,-1.5780541831099306,-239.6278905758839
222.65059517378128,68.24406404541006,1.0,-7.323960612602072,-1.574429436984353,-239.65402904220062
222.67758422151485,68.24410740722163,0.9999999999999997,-7.32283585364618,-1.5708062666413412,-239.68024749691722
222.70457336681343,68.24414632018038,0.9999999999999998,-7.32171020774887,-1.5671846732049133,-239.70654582915193
222.73156259908924,68.24418078436395,0.9999999999999998,-7.32058367544645,-1.5635646577981497,-239.73292392802307
222.75855190775522,68.24421079985272,0.9999999999999999,-7.319456257277447,-1.5599462215431394,-239.7593816826487
222.7855412822241,68.24423636672981,0.9999999999999999,-7.318327953782599,-1.5563293655610622,-239.7859189821472
222.812530711909,68.24425748508104,1.0,-7.317198765504827,-1.552714090972188,-239.81253571563667
222.8395201862238,68.24427415499498,0.9999999999999998,-7.31606869298927,-1.5491003988957388,-239.83923177223537
222.8665096945823,68.24428637656294,0.9999999999999999,-7.314937736783269,-1.5454882904500344,-239.8660070410616
222.89349922639866,68.24429414987891,0.9999999999999998,-7.313805897436352,-1.541877766752478,-239.89286141123355
222.920488771088,68.24429747503969,1.0,-7.312673175500255,-1.538268828919385,-239.91979477186936
222.94747831806535,68.24429635214472,0.9999999999999999,-7.3115395715289155,-1.534661478066198,-239.9468070120872
222.97446785674626,68.24429078129621,1.0,-7.310405086078429,-1.531055715307378,-239.9738980210056
223.0014573765472,68.24428076259915,0.9999999999999999,-7.30926971970714,-1.5274515417563173,-240.00106768774248
223.0284468668847,68.24426629616114,0.9999999999999998,-7.30813347297553,-1.5238489585255444,-240.0283159014162
223.05543631717597,68.24424738209262,0.9999999999999998,-7.306996346446289,-1.5202479667265152,-240.05564255114498
223.08242571683905,68.24422402050668,0.9999999999999998,-7.305858340684294,-1.516648567469705,-240.08304752604704
223.1094150552923,68.2441962115192,0.9999999999999998,-7.304719456256596,-1.5130507618645943,-240.11053071524054
223.13640432195467,68.24416395524871,0.9999999999999999,-7.303579693732448,-1.5094545510196937,-240.13809200784382
223.16339350624588,68.24412725181656,0.9999999999999998,-7.302439053683229,-1.5058599360424623,-240.16573129297504
223.19038259758656,68.24408610134675,0.9999999999999999,-7.301297536682559,-1.5022669180393535,-240.19344845975246
223.21737158539764,68.24404050396605,0.9999999999999999,-7.300155143306199,-1.4986754981158086,-240.22124339729424
223.2443604591009,68.24399045980392,0.9999999999999999,-7.299011874132073,-1.495085677376288,-240.24911599471864
223.27134920811918,68.24393596899259,0.9999999999999999,-7.297867729740296,-1.4914974569241473,-240.27706614114393
223.29833782187575,68.24387703166698,0.9999999999999998,-7.296722710713136,-1.4879108378617687,-240.30509372568824
223.32532628979465,68.24381364796476,0.9999999999999999,-7.295576817635036,-1.484325821290497,-240.3331986374698
223.35231460130117,68.24374581802627,0.9999999999999998,-7.294430051092613,-1.4807424083106326,-240.36138076560698
223.37930274582112,68.24367354199467,0.9999999999999997,-7.2932824116746096,-1.4771606000213744,-240.38963999921788
223.40629071278113,68.24359682001575,0.9999999999999998,-7.292133899971955,-1.4735803975210082,-240.4179762274207
223.43327849160914,68.2435156522381,0.9999999999999999,-7.290984516577735,-1.4700018019066263,-240.44638933933376
223.46026607173368,68.24343003881297,0.9999999999999999,-7.289834262087184,-1.4664248142743403,-240.4748792240752
223.48725344258423,68.24333997989439,0.9999999999999999,-7.288683137097669,-1.4628494357191961,-240.50344577076336
223.51424059359164,68.24324547563906,0.9999999999999999,-7.287531142208749,-1.4592756673351417,-240.5320888685163
223.5412275141874,68.24314652620642,0.9999999999999999,-7.2863782780221,-1.4557035102150984,-240.56080840645248
223.568214193804,68.24304313175864,0.9999999999999998,-7.285224545141544,-1.4521329654509039,-240.58960427368982
223.59520062187553,68.24293529246063,0.9999999999999998,-7.284069944173068,-1.4485640341332626,-240.6184763593469
223.62218678783657,68.24282300848,0.9999999999999998,-7.282914475724779,-1.444996717351863,-240.64742455254154
223.649172681123,68.24270627998709,0.9999999999999997,-7.2817581404069145,-1.4414310161953097,-240.67644874239232
223.6761582911722,68.24258510715491,0.9999999999999999,-7.280600938831876,-1.4378669317510493,-240.7055488180173
223.7031436074222,68.24245949015928,0.9999999999999998,-7.279442871614188,-1.4343044651054981,-240.73472466853468
223.7301286193124,68.24232942917865,1.0,-7.278283939370492,-1.4307436173439498,-240.76397618306277
223.7571133162838,68.24219492439428,1.0,-7.277124142719577,-1.4271843895505754,-240.7933032507198
223.78409768777814,68.24205597599007,0.9999999999999998,-7.275963482282351,-1.423626782808462,-240.82270576062382
223.81108172323854,68.24191258415267,0.9999999999999997,-7.274801958681837,-1.4200707981995997,-240.85218360189333
223.83806541210976,68.24176474907148,0.9999999999999998,-7.2736395725432095,-1.4165164368047876,-240.8817366636463
223.86504874383755,68.24161247093853,0.9999999999999999,-7.27247632449373,-1.4129636997037913,-240.91136483500117
223.89203170786894,68.24145574994866,0.9999999999999999,-7.27131221516278,-1.4094125879752255,-240.941068005076
223.91901429365282,68.24129458629938,0.9999999999999999,-7.270147245181889,-1.4058631026965358,-240.97084606298912
223.94599649063898,68.24112898019091,0.9999999999999998,-7.268981415184667,-1.4023152449440595,-241.0006988978587
223.97297828827877,68.24095893182621,0.9999999999999998,-7.267814725806843,-1.3987690157930253,-241.03062639880295
223.99995967602533,68.24078444141097,0.9999999999999999,-7.2666471776862425,-1.395224416317454,-241.06062845494023
224.02694064333284,68.24060550915353,0.9999999999999997,-7.265478771462826,-1.3916814475902726,-241.09070495538853
224.05392117965707,68.24042213526499,0.9999999999999998,-7.264309507778613,-1.3881401106832776,-241.12085578926622
224.08090127445567,68.24023431995919,1.0,-7.263139387277771,-1.3846004066669941,-241.15108084569155
224.1078809171875,68.24004206345259,0.9999999999999999,-7.261968410606529,-1.3810623366109311,-241.18138001378273
224.13486009731292,68.23984536596448,0.9999999999999998,-7.260796578413223,-1.3775259015833612,-241.21175318265793
224.1618388042944,68.23964422771678,0.9999999999999998,-7.259623891348286,-1.3739911026513596,-241.2422002414354
224.1888170275956,68.23943864893414,0.9999999999999999,-7.258450350064242,-1.3704579408808932,-241.27272107923338
224.21579475668185,68.23922862984394,0.9999999999999998,-7.2572759552156825,-1.3669264173367424,-241.30331558517003
224.24277198102058,68.23901417067623,0.9999999999999998,-7.256100707459305,-1.363396533082451,-241.3339836483637
224.26974869008046,68.23879527166383,0.9999999999999998,-7.254924607453901,-1.3598682891804366,-241.36472515793258
224.296724873332,68.23857193304221,0.9999999999999998,-7.25374765586029,-1.3563416866919376,-241.39554000299478
224.32370052024785,68.23834415504957,0.9999999999999998,-7.252569853341438,-1.3528167266769273,-241.42642807266864
224.350675620302,68.23811193792682,0.9999999999999998,-7.251391200562331,-1.3492934101942424,-241.4573892560723
224.37765016297033,68.2378752819176,0.9999999999999999,-7.25021169819004,-1.3457717383015044,-241.48842344232415
224.4046241377309,68.23763418726821,0.9999999999999998,-7.2490313468937355,-1.3422517120551092,-241.5195305205422
224.4315975340633,68.2373886542277,0.9999999999999999,-7.247850147344623,-1.3387333325102588,-241.55071037984482
224.45857034144893,68.23713868304777,1.0,-7.246668100215959,-1.335216600720976,-241.58196290935018
224.4855425493716,68.23688427398291,0.9999999999999999,-7.245485206183122,-1.331701517740001,-241.61328799817645
224.51251414731658,68.2366254272902,0.9999999999999998,-7.244301465923483,-1.3281880846188727,-241.64468553544208
224.53948512477118,68.23636214322956,0.9999999999999999,-7.243116880116498,-1.3246763024079513,-241.67615541026507
224.56645547122508,68.23609442206346,0.9999999999999998,-7.241931449443687,-1.3211661721562962,-241.70769751176366
224.5934251761696,68.23582226405723,0.9999999999999998,-7.240745174588611,-1.3176576949117518,-241.73931172905617
224.62039422909805,68.23554566947875,0.9999999999999997,-7.239558056236868,-1.3141508717209938,-241.7709979512607
224.6473626195063,68.23526463859872,0.9999999999999999,-7.23837009507612,-1.310645703629337,-241.8027560674957
224.6743303368918,68.23497917169047,0.9999999999999999,-7.23718129179606,-1.307142191680942,-241.83458596687916
224.70129737075428,68.23468926903006,0.9999999999999998,-7.235991647088424,-1.3036403369187006,-241.86648753852938
224.72826371059585,68.23439493089622,0.9999999999999998,-7.234801161647,-1.300140140384201,-241.89846067156466
224.75522934592055,68.23409615757042,0.9999999999999998,-7.233609836167576,-1.296641603117827,-241.93050525510318
224.78219426623448,68.23379294933679,1.0,-7.232417671348002,-1.2931447261586904,-241.9626211782632
224.80915846104645,68.23348530648218,0.9999999999999997,-7.231224667888167,-1.2896495105445958,-241.99480833016278
224.83612191986717,68.23317322929611,0.9999999999999999,-7.23003082648994,-1.2861559573121397,-242.02706659992032
224.86308463220945,68.23285671807083,0.9999999999999998,-7.228836147857252,-1.2826640674966079,-242.0593958766539
224.890046587589,68.23253577310125,0.9999999999999998,-7.22764063269605,-1.2791738421319927,-242.09179604948187
224.91700777552336,68.23221039468498,0.9999999999999997,-7.226444281714301,-1.2756852822510218,-242.1242670075225
224.94396818553238,68.23188058312233,0.9999999999999999,-7.225247095621948,-1.272198388885176,-242.15680863989388
224.9709278071388,68.2315463387163,0.9999999999999999,-7.224049075131015,-1.2687131630645574,-242.18942083571434
224.99788662986725,68.2312076617726,1.0,-7.222850220955497,-1.2652296058180212,-242.22210348410198
225.02484464324485,68.23086455259958,0.9999999999999999,-7.221650533811375,-1.2617477181731722,-242.25485647417517
225.05180183680162,68.23051701150831,0.9999999999999999,-7.220450014416676,-1.2582675011562223,-242.28767969505196
225.07875820006956,68.23016503881259,0.9999999999999998,-7.2192486634914,-1.2547889557921081,-242.32057303585077
225.10571372258318,68.2298086348288,0.9999999999999999,-7.218046481757565,-1.2513120831045264,-242.3535363856897
225.13266839388004,68.22944779987611,1.0,-7.216843469939166,-1.2478368841157348,-242.38656963368706
225.15962220349974,68.22908253427633,0.9999999999999999,-7.2156396287622115,-1.244363359846755,-242.41967266896103
225.18657514098447,68.22871283835396,0.9999999999999999,-7.214434958954674,-1.2408915113172867,-242.4528453806297
225.2135271958795,68.22833871243618,0.9999999999999998,-7.213229461246536,-1.2374213395456515,-242.4860876578115
225.24047835773223,68.22796015685286,0.9999999999999998,-7.212023136369743,-1.2339528455488953,-242.5193993896246
225.2674286160928,68.22757717193656,0.9999999999999998,-7.210815985058246,-1.2304860303427105,-242.55278046518723
225.29437796051437,68.22718975802248,0.9999999999999999,-7.20960800804796,-1.227020894941436,-242.58623077361756
225.32132638055248,68.22679791544854,0.9999999999999998,-7.208399206076763,-1.2235574403580713,-242.61975020403383
225.3482738657653,68.22640164455537,1.0,-7.20718957988453,-1.2200956676043084,-242.65333864555427
225.37522040571423,68.22600094568618,0.9999999999999998,-7.205979130213097,-1.2166355776904396,-242.68699598729714
225.40216598996304,68.22559581918695,0.9999999999999999,-7.2047678578062655,-1.2131771716254391,-242.7207221183807
225.4291106080783,68.2251862654063,0.9999999999999998,-7.203555763409765,-1.2097204504169063,-242.75451692792296
225.45605424962983,68.22477228469553,0.9999999999999998,-7.202342847771362,-1.2062654150710443,-242.78838030504244
225.48299690418986,68.22435387740859,0.9999999999999999,-7.201129111640716,-1.2028120665927773,-242.82231213885717
225.5099385613335,68.22393104390216,0.9999999999999999,-7.199914555769459,-1.199360405985626,-242.85631231848546
225.53687921063928,68.22350378453551,0.9999999999999998,-7.198699180911187,-1.195910434251683,-242.89038073304548
225.5638188416881,68.22307209967067,0.9999999999999997,-7.197482987821428,-1.192462152391716,-242.9245172716555
225.5907574440639,68.2226359896723,0.9999999999999999,-7.19626597725766,-1.1890155614051245,-242.95872182343373
225.6176950073541,68.22219545490772,0.9999999999999999,-7.195048149979304,-1.1855706622898623,-242.99299427749835
225.64463152114848,68.22175049574695,0.9999999999999999,-7.193829506747729,-1.1821274560425614,-243.02733452296764
225.6715669750401,68.2213011125626,0.9999999999999998,-7.192610048326224,-1.1786859436584685,-243.06174244895985
225.69850135862532,68.22084730573008,1.0,-7.191389775480032,-1.1752461261313414,-243.0962179445932
225.72543466150324,68.22038907562734,0.9999999999999999,-7.1901686889763,-1.1718080044536237,-243.13076089898578
225.75236687327612,68.21992642263506,0.9999999999999998,-7.188946789584118,-1.1683715796163625,-243.165371201256
225.7792979835496,68.21945934713655,0.9999999999999998,-7.187724078074496,-1.1649368526091308,-243.2000487405219
225.8062279819322,68.21898784951783,0.9999999999999999,-7.1865005552203876,-1.1615038244201372,-243.2347934059019
225.83315685803564,68.21851193016754,0.9999999999999999,-7.18527622179661,-1.1580724960361906,-243.2696050865141
