galstreams/tracks/track.st.M68-Fjorm.ibata2021.ecsv
# %ECSV 0.9
# ---
# datatype:
# - {name: ra, unit: deg, datatype: float64}
# - {name: dec, unit: deg, datatype: float64}
# - {name: distance, unit: kpc, datatype: float64}
# - {name: pm_ra_cosdec, unit: mas / yr, datatype: float64}
# - {name: pm_dec, unit: mas / yr, datatype: float64}
# - {name: radial_velocity, unit: km / s, datatype: float64}
# delimiter: ','
# meta: !!omap
# - __serialized_columns__:
#     dec:
#       __class__: astropy.coordinates.angles.Latitude
#       unit: &id001 !astropy.units.Unit {unit: deg}
#       value: !astropy.table.SerializedColumn {name: dec}
#     distance:
#       __class__: astropy.coordinates.distances.Distance
#       unit: !astropy.units.Unit {unit: kpc}
#       value: !astropy.table.SerializedColumn {name: distance}
#     pm_dec:
#       __class__: astropy.units.quantity.Quantity
#       unit: !astropy.units.Unit {unit: mas / yr}
#       value: !astropy.table.SerializedColumn {name: pm_dec}
#     pm_ra_cosdec:
#       __class__: astropy.units.quantity.Quantity
#       unit: !astropy.units.Unit {unit: mas / yr}
#       value: !astropy.table.SerializedColumn {name: pm_ra_cosdec}
#     ra:
#       __class__: astropy.coordinates.angles.Longitude
#       unit: *id001
#       value: !astropy.table.SerializedColumn {name: ra}
#       wrap_angle: !astropy.coordinates.Angle
#         unit: *id001
#         value: 360.0
#     radial_velocity:
#       __class__: astropy.units.quantity.Quantity
#       unit: !astropy.units.Unit {unit: km / s}
#       value: !astropy.table.SerializedColumn {name: radial_velocity}
# schema: astropy-2.0
ra,dec,distance,pm_ra_cosdec,pm_dec,radial_velocity
[from data line 6771]
200.42640583085728,22.002164390266024,5.8837459709011055,-1.7640678350974988,4.768845070414937,-85.69753044931045
200.42965424685,22.012007090299942,5.8833051123488405,-1.7635488871373086,4.769297025513665,-85.7075987825935
200.4329033703976,22.021849653355826,5.882864106809348,-1.7630298076909918,4.769748884746479,-85.7176607776318
200.43615320188962,22.031692079361452,5.882422954632978,-1.762510596685898,4.770200648176392,-85.72771642203232
200.43940374171586,22.041534368244378,5.881981656170092,-1.7619912540493508,4.77065231586639,-85.73776570340318
200.44265499026625,22.051376519932255,5.881540211771055,-1.7614717797086423,4.771103887879444,-85.74780860935363
200.44590694793106,22.06121853435266,5.881098621786239,-1.760952173591037,4.771555364278495,-85.75784512749428
200.44915961510074,22.071060411433088,5.880656886566036,-1.7604324356237762,4.772006745126449,-85.76787524543667
200.45241299216593,22.08090215110099,5.880215006460838,-1.7599125657340742,4.772458030486193,-85.77789895079361
200.45566707951764,22.090743753283768,5.879772981821047,-1.7593925638491115,4.772909220420594,-85.78791623117924
200.458921877547,22.10058521790877,5.8793308129970745,-1.7588724298960499,4.773360314992486,-85.79792707420867
200.46217738664535,22.11042654490329,5.878888500339338,-1.758352163802018,4.773811314264671,-85.80793146749834
200.46543360720435,22.120267734194574,5.87844604419827,-1.7578317654941145,4.774262218299937,-85.81792939866571
200.46869053961586,22.130108785709787,5.878003444924308,-1.7573112348994162,4.774713027161039,-85.8279208553297
200.47194818427198,22.139949699376135,5.877560702867893,-1.756790571944972,4.775163740910707,-85.83790582511
200.47520654156503,22.149790475120586,5.877117818379483,-1.7562697765578024,4.775614359611641,-85.84788429562784
200.47846561188754,22.15963111287021,5.876674791809534,-1.7557488486648989,4.77606488332652,-85.8578562545056
200.4817253956323,22.169471612551995,5.8762316235085175,-1.755227788193224,4.776515312117998,-85.86782168936678
200.48498589319237,22.17931197409286,5.875788313826908,-1.754706595069717,4.77696564604869,-85.877780587836
200.48824710496098,22.189152197419666,5.875344863115192,-1.7541852692212918,4.777415885181199,-85.8877329375391
200.4915090313316,22.198992282459223,5.87490127172386,-1.7536638105748323,4.777866029578088,-85.8976787261032
200.49477167269802,22.20883222913836,5.874457540003414,-1.7531422190571848,4.778316079301901,-85.90761794115656
200.49803502945414,22.218672037383666,5.874013668304358,-1.7526204945951895,4.778766034415157,-85.91755057032863
200.50129910199422,22.22851170712183,5.873569656977209,-1.7520986371156395,4.779215894980345,-85.92747660124994
200.5045638907126,22.23835123827948,5.87312550637248,-1.7515766465453118,4.779665661059922,-85.93739602155267
200.50782939600407,22.248190630783146,5.872681216840715,-1.7510545228109475,4.780115332716315,-85.94730881886949
200.51109561826337,22.25802988455934,5.872236788732431,-1.7505322658392697,4.780564910011943,-85.95721498083485
200.51436255788576,22.267868999534475,5.871792222398181,-1.75000987555697,4.781014393009177,-85.96711449508412
200.5176302152666,22.27770797563495,5.871347518188512,-1.7494873518907115,4.78146378177037,-85.97700734925397
200.52089859080144,22.28754681278709,5.870902676453979,-1.7489646947671276,4.781913076357845,-85.98689353098219
200.52416768488615,22.297385510917174,5.870457697545143,-1.7484419041128318,4.782362276833893,-85.99677302790784
200.52743749791676,22.307224069951438,5.870012581812575,-1.7479189798544075,4.782811383260789,-86.00664582767112
200.5307080302897,22.317062489816095,5.869567329606842,-1.7473959219184019,4.783260395700772,-86.01651191791365
200.5339792824014,22.326900770437145,5.869121941278538,-1.7468727302313465,4.783709314216048,-86.026371286278
200.53725125464868,22.336738911740717,5.868676417178237,-1.7463494047197419,4.784158138868807,-86.03622392040782
200.54052394742857,22.346576913652825,5.868230757656539,-1.7458259453100604,4.7846068697212,-86.04606980794843
200.54379736260753,22.356414775681046,5.867784962299716,-1.7453023516037298,4.785055506300004,-86.0559088981285
200.54707150110377,22.366252497603,5.8673390311948115,-1.7447786234116438,4.785504048479519,-86.06574116478492
200.55034636132723,22.37609007991064,5.866892965729544,-1.7442547610998138,4.785952497046972,-86.07556664746822
200.55362194367572,22.385927522529656,5.866446766254541,-1.7437307645946032,4.786400852064391,-86.08538533382861
200.55689824854753,22.395764825385832,5.866000433120409,-1.7432066338223429,4.786849113593804,-86.09519721151726
200.56017527634106,22.405601988404833,5.865553966677787,-1.742682368709343,4.78729728169719,-86.1050022681863
200.56345302745498,22.41543901151235,5.865107367277303,-1.7421579691818825,4.787745356436496,-86.11480049148956
200.56673150228826,22.425275894633906,5.864660635269589,-1.74163343516622,4.788193337873666,-86.12459186908171
200.57001070123997,22.43511263769504,5.864213771005293,-1.7411087665885752,4.7886412260705855,-86.13437638861872
200.57329062470956,22.44494924062123,5.863766774835063,-1.7405839633751494,4.789089021089131,-86.14415403775807
200.57657127309662,22.45478570333786,5.863319647109549,-1.740059025452112,4.789536722991139,-86.15392480415795
200.57985264680102,22.46462202577033,5.86287238817941,-1.739533952745606,4.78998433183842,-86.16368867547826
200.58313474622287,22.474458207843902,5.862424998395303,-1.7390087451817517,4.790431847692759,-86.17344563937976
200.5864175717625,22.48429424948387,5.861977478107899,-1.7384834026866336,4.790879270615909,-86.18319568352466
200.58970112382045,22.49413015061539,5.861529827667868,-1.737957925186321,4.791326600669587,-86.19293879557621
200.59298540279758,22.50396591116364,5.861082047425881,-1.7374323126068372,4.7917738379154935,-86.20267496319919
200.59627040909493,22.51380153105367,5.8606341377326165,-1.736906564874197,4.792220982415294,-86.21240417405916
200.5995561431138,22.52363701021055,5.860186098938761,-1.736380681914374,4.792668034230623,-86.22212641582325
200.60284260525566,22.533472348559236,5.859737931395001,-1.735854663653327,4.793114993423082,-86.2318416761597
200.6061297959223,22.54330754602467,5.859289635452026,-1.7353285100169777,4.793561860054249,-86.24154994273803
200.60941771551575,22.553142602531704,5.858841211460533,-1.7348022209312228,4.7940086341856665,-86.25125120322892
200.61270636443822,22.562977518005166,5.858392659771214,-1.734275796321938,4.794455315878853,-86.26094544530423
200.61599574309224,22.572812292369814,5.857943980734778,-1.7337492361149582,4.794901905195294,-86.27063265663729
200.61928585188048,22.582646925550357,5.857495174701928,-1.7332225402361023,4.795348402196448,-86.28031282490237
200.62257669120586,22.59248141747146,5.857046242023368,-1.7326957086111594,4.7957948069437375,-86.28998593777519
200.62586826147168,22.60231576805767,5.856597183049817,-1.7321687411658921,4.7962411194985535,-86.29965198293264
200.62916056308134,22.612149977233603,5.856147998131984,-1.7316416378260258,4.796687339922272,-86.30931094805271
200.63245359643844,22.62198404492369,5.855698687620588,-1.7311143985172788,4.79713346827622,-86.31896282081485
200.63574736194698,22.631817971052396,5.855249251866359,-1.7305870231653204,4.797579504621696,-86.32860758889964
200.6390418600111,22.641651755544068,5.854799691220012,-1.7300595116958062,4.798025449019983,-86.33824523998894
200.64233709103522,22.651485398323064,5.854350006032272,-1.7295318640343598,4.798471301532322,-86.34787576176569
200.6456330554239,22.661318899313628,5.853900196653874,-1.7290040801065802,4.798917062219922,-86.35749914191425
200.64892975358208,22.671152258440003,5.853450263435542,-1.7284761598380325,4.799362731143967,-86.3671153681203
200.6522271859148,22.680985475626308,5.853000206728019,-1.7279481031542625,4.7998083083656065,-86.37672442807043
200.6555253528275,22.690818550796678,5.852550026882036,-1.7274199099807845,4.800253793945959,-86.38632630945281
200.65882425472574,22.700651483875156,5.852099724248332,-1.7268915802430855,4.800699187946116,-86.3959209999567
200.66212389201536,22.71048427478574,5.851649299177649,-1.7263631138666236,4.801144490427129,-86.40550848727258
200.6654242651024,22.72031692345236,5.851198752020729,-1.7258345107768376,4.801589701450029,-86.41508875909228
200.6687253743932,22.73014942979889,5.850748083128319,-1.7253057708991302,4.802034821075807,-86.42466180310886
200.67202722029432,22.739981793749195,5.8502972928511605,-1.7247768941588784,4.802479849365428,-86.43422760701657
200.6753298032126,22.749814015227017,5.849846381540003,-1.7242478804814323,4.802924786379828,-86.44378615851085
200.67863312355504,22.759646094156093,5.849395349545595,-1.7237187297921197,4.803369632179901,-86.45333744528855
200.68193718172893,22.769478030460053,5.848944197218689,-1.7231894420162361,4.80381438682652,-86.46288145504775
200.68524197814176,22.77930982406256,5.84849292491004,-1.7226600170790471,4.804259050380517,-86.47241817548768
200.6885475132013,22.789141474887135,5.848041532970396,-1.7221304549057972,4.804703622902702,-86.48194759430892
200.69185378731564,22.79897298285729,5.847590021750515,-1.7216007554216977,4.8051481044538455,-86.49146969921325
200.69516080089292,22.808804347896434,5.847138391601151,-1.7210709185519442,4.805592495094689,-86.50098447790376
200.69846855434164,22.818635569927995,5.846686642873063,-1.7205409442216906,4.806036794885944,-86.51049191808474
200.70177704807062,22.828466648875303,5.846234775917007,-1.7200108323560699,4.806481003888285,-86.5199920074618
200.7050862824887,22.838297584661607,5.845782791083742,-1.719480582880188,4.806925122162358,-86.52948473374174
200.70839625800522,22.84812837721016,5.845330688724025,-1.7189501957191218,4.807369149768774,-86.53897008463261
200.7117069750296,22.857959026444092,5.844878469188617,-1.7184196707979216,4.807813086768116,-86.54844804784398
200.71501843397147,22.86778953228656,5.844426132828276,-1.717889008041615,4.808256933220932,-86.55791861108622
200.71833063524087,22.87761989466057,5.84397367999376,-1.7173582073751945,4.808700689187737,-86.56738176207143
200.72164357924794,22.88745011348916,5.843521111035836,-1.7168272687236275,4.8091443547290105,-86.57683748851271
200.72495726640312,22.897280188695238,5.843068426305259,-1.716296192011862,4.809587929905205,-86.58628577812438
200.72827169711704,22.90711012020175,5.842615626152787,-1.7157649771648078,4.81003141477674,-86.59572661862231
200.73158687180066,22.916939907931468,5.842162710929185,-1.7152336241073507,4.810474809403994,-86.60515999772333
200.73490279086514,22.926769551807187,5.841709680985214,-1.714702132764352,4.810918113847324,-86.61458590314581
200.73821945472187,22.936599051751653,5.841256536671627,-1.714170503060644,4.811361328167047,-86.6240043226092
200.74153686378247,22.946428407687506,5.840803278339187,-1.7136387349210342,4.81180445242345,-86.63341524383424
200.74485501845885,22.956257619537368,5.840349906338654,-1.7131068282702968,4.81224748667678,-86.64281865454306
200.74817391916312,22.96608668722379,5.839896421020785,-1.712574783033183,4.812690430987255,-86.65221454245895
200.75149356630772,22.975915610669272,5.8394428227363315,-1.7120425991344177,4.813133285415072,-86.66160289530656
200.75481396030517,22.985744389796245,5.838989111836057,-1.7115102764987005,4.813576050020373,-86.67098370081176
200.75813510156846,22.99557302452712,5.8385352886707125,-1.7109778150506902,4.81401872486328,-86.68035694670168
200.76145699051057,23.0054015147842,5.838081353591056,-1.7104452147150397,4.814461310003876,-86.68972262070486
200.7647796275449,23.015229860489782,5.837627306947837,-1.7099124754163553,4.814903805502212,-86.69908071055099
200.76810301308512,23.025058061566053,5.83717314909181,-1.7093795970792258,4.815346211418308,-86.70843120397103
200.77142714754493,23.03488611793524,5.836718880373721,-1.7088465796282117,4.815788527812148,-86.7177740886974
200.77475203133855,23.04471402951937,5.8362645011443215,-1.7083134229878458,4.816230754743682,-86.72710935246342
200.77807766488021,23.054541796240553,5.835810011754363,-1.7077801270826336,4.8166728922728215,-86.73643698300427
200.78140404858456,23.064369418020767,5.835355412554584,-1.7072466918370501,4.817114940459453,-86.74575696805593
200.78473118481998,23.07419689422535,5.834900703090508,-1.7067131167340441,4.8175568987077995,-86.75506923874914
200.78805907363255,23.084024224881357,5.834445883872842,-1.706179401781097,4.817998767203624,-86.76437379331303
200.7913877138551,23.09385141036139,5.83399095590682,-1.705645547260127,4.818440546538355,-86.77367066527994
200.79471710590323,23.103678450587257,5.833535919543183,-1.7051115530955028,4.818882236771724,-86.78295984239126
200.79804725019278,23.113505345480615,5.833080775132663,-1.7045774192115624,4.819323837963446,-86.79224131238956
200.8013781471398,23.123332094963175,5.8326255230259925,-1.7040431455326197,4.819765350173197,-86.8015150630189
200.80470979716048,23.133158698956507,5.832170163573903,-1.7035087319829623,4.8202067734606135,-86.81078108202442
200.8080422006715,23.142985157382178,5.831714697127124,-1.702974178486853,4.820648107885303,-86.82003935715268
200.81137535808955,23.15281147016165,5.831259124036379,-1.7024394849685212,4.821089353506835,-86.8292898761515
200.81470926983175,23.16263763721638,5.83080344465239,-1.7019046513521743,4.821530510384749,-86.83853262677013
200.81804393631532,23.172463658467706,5.830347659325879,-1.701369677561989,4.82197157857854,-86.84776759675883
200.8213793579578,23.182289533836972,5.82989176840756,-1.7008345635221198,4.8224125581476756,-86.8569947738694
200.824715535177,23.192115263245455,5.829435772248148,-1.700299309156679,4.822853449151589,-86.8662141458549
200.8280524683909,23.201940846614328,5.828979671198355,-1.6997639143897758,4.823294251649674,-86.87542570046958
200.83139015801777,23.211766283864755,5.828523465608886,-1.699228379145472,4.823734965701286,-86.88462942546913
200.83472860447617,23.221591574917817,5.828067155830446,-1.6986927033478105,4.824175591365755,-86.8938253086105
200.8380678081848,23.231416719694582,5.827610742213734,-1.6981568869208075,4.82461612870237,-86.9030133376519
200.84140776956275,23.241241718115983,5.827154225109448,-1.6976209297884517,4.825056577770381,-86.91219350035294
200.84474848902926,23.251066570102967,5.82669760486828,-1.6970848318746952,4.825496938629005,-86.92136578447452
200.84808996700374,23.2608912755764,5.826240881840919,-1.6965485931034823,4.825937211337428,-86.93053017777866
200.85143220390603,23.27071583445709,5.825784056378053,-1.6960122133987086,4.826377395954793,-86.93968666802901
200.85477520015613,23.28054024666577,5.825327128830357,-1.6954756926842594,4.826817492540214,-86.94883524299024
200.85811895617428,23.290364512123165,5.824870099548513,-1.6949390308839818,4.8272575011527605,-86.95797589042851
200.861463472381,23.30018863074988,5.824412968883194,-1.6944022279217004,4.8276974218514725,-86.96710859811127
200.86480874919698,23.310012602466504,5.823955737185066,-1.6938652837212123,4.8281372546953545,-86.9762333538072
200.86815478704327,23.319836427193593,5.82349840480479,-1.6933281982062878,4.828576999743371,-86.98535014528639
200.87150158634105,23.329660104851584,5.823040972093033,-1.6927909713006668,4.8290166570544475,-86.9944589603202
200.8748491475119,23.33948363536089,5.822583439400447,-1.6922536029280668,4.82945622668748,-87.00355978668141
200.87819747097748,23.349307018641856,5.8221258070776845,-1.6917160930121766,4.829895708701321,-87.01265261214387
200.8815465571598,23.359130254614804,5.821668075475381,-1.691178441476653,4.830335103154802,-87.02173742448304
200.88489640648115,23.368953343199948,5.821210244944185,-1.6906406482451302,4.830774410106698,-87.03081421147552
200.88824701936397,23.378776284317475,5.820752315834728,-1.6901027132412159,4.831213629615757,-87.03988296089933
200.89159839623102,23.38859907788751,5.820294288497642,-1.6895646363884873,4.831652761740688,-87.0489436605337
