galstreams/tracks/track.po.20.0-1.mateu2018.ecsv
# %ECSV 0.9
# ---
# datatype:
# - {name: ra, unit: deg, datatype: float64}
# - {name: dec, unit: deg, datatype: float64}
# - {name: distance, unit: kpc, datatype: float64}
# - {name: pm_ra_cosdec, unit: mas / yr, datatype: float64}
# - {name: pm_dec, unit: mas / yr, datatype: float64}
# - {name: radial_velocity, unit: km / s, datatype: float64}
# delimiter: ','
# meta: !!omap
# - __serialized_columns__:
#     dec:
#       __class__: astropy.coordinates.angles.Latitude
#       unit: &id001 !astropy.units.Unit {unit: deg}
#       value: !astropy.table.SerializedColumn {name: dec}
#     distance:
#       __class__: astropy.coordinates.distances.Distance
#       unit: !astropy.units.Unit {unit: kpc}
#       value: !astropy.table.SerializedColumn {name: distance}
#     pm_dec:
#       __class__: astropy.units.quantity.Quantity
#       unit: !astropy.units.Unit {unit: mas / yr}
#       value: !astropy.table.SerializedColumn {name: pm_dec}
#     pm_ra_cosdec:
#       __class__: astropy.units.quantity.Quantity
#       unit: !astropy.units.Unit {unit: mas / yr}
#       value: !astropy.table.SerializedColumn {name: pm_ra_cosdec}
#     ra:
#       __class__: astropy.coordinates.angles.Longitude
#       unit: *id001
#       value: !astropy.table.SerializedColumn {name: ra}
#       wrap_angle: !astropy.coordinates.Angle
#         unit: *id001
#         value: 360.0
#     radial_velocity:
#       __class__: astropy.units.quantity.Quantity
#       unit: !astropy.units.Unit {unit: km / s}
#       value: !astropy.table.SerializedColumn {name: radial_velocity}
# schema: astropy-2.0
ra,dec,distance,pm_ra_cosdec,pm_dec,radial_velocity
[from data line 939]
290.15717744322757,-35.745137001957886,27.360642615244004,0.0,0.0,0.0
290.16690285625396,-35.7389865460554,27.360187693189832,0.0,0.0,0.0
290.1766265558022,-35.732835098264424,27.35973247115224,0.0,0.0,0.0
290.18634854222194,-35.72668265893087,27.359276949155465,0.0,0.0,0.0
290.19606881586253,-35.72052922840059,27.358821127223763,0.0,0.0,0.0
290.20578737707365,-35.714374807019276,27.358365005381398,0.0,0.0,0.0
290.21550422620504,-35.708219395132566,27.35790858365267,0.0,0.0,0.0
290.2252193636067,-35.70206299308592,27.357451862061872,0.0,0.0,0.0
290.2349327896285,-35.6959056012248,27.356994840633327,0.0,0.0,0.0
290.24464450462057,-35.6897472198945,27.356537519391356,0.0,0.0,0.0
290.2543545089331,-35.68358784944019,27.356079898360303,0.0,0.0,0.0
290.26406280291656,-35.67742749020697,27.35562197756454,0.0,0.0,0.0
290.2737693869214,-35.6712661425398,27.355163757028443,0.0,0.0,0.0
290.28347426129807,-35.66510380678358,27.354705236776375,0.0,0.0,0.0
290.2931774263974,-35.65894048328306,27.35424641683278,0.0,0.0,0.0
290.3028788825701,-35.65277617238291,27.353787297222055,0.0,0.0,0.0
290.31257863016725,-35.64661087442768,27.353327877968628,0.0,0.0,0.0
290.32227666953975,-35.64044458976179,27.352868159096968,0.0,0.0,0.0
290.3319730010388,-35.63427731872965,27.35240814063153,0.0,0.0,0.0
290.34166762501565,-35.62810906167548,27.35194782259678,0.0,0.0,0.0
290.3513605418217,-35.62193981894338,27.351487205017232,0.0,0.0,0.0
290.3610517518085,-35.61576959087742,27.35102628791738,0.0,0.0,0.0
290.3707412553276,-35.60959837782148,27.350565071321757,0.0,0.0,0.0
290.38042905273073,-35.6034261801194,27.350103555254893,0.0,0.0,0.0
290.39011514436976,-35.59725299811488,27.349641739741344,0.0,0.0,0.0
290.3997995305967,-35.59107883215153,27.349179624805675,0.0,0.0,0.0
290.40948221176353,-35.58490368257285,27.34871721047248,0.0,0.0,0.0
290.4191631882225,-35.57872754972218,27.348254496766337,0.0,0.0,0.0
290.4288424603258,-35.57255043394289,27.34779148371187,0.0,0.0,0.0
290.4385200284259,-35.56637233557811,27.347328171333704,0.0,0.0,0.0
290.4481958928754,-35.560193254970926,27.346864559656478,0.0,0.0,0.0
290.4578700540268,-35.5540131924643,27.346400648704847,0.0,0.0,0.0
290.4675425122329,-35.547832148401106,27.345936438503486,0.0,0.0,0.0
290.47721326784654,-35.54165012312408,27.345471929077082,0.0,0.0,0.0
290.4868823212208,-35.535467116975894,27.345007120450322,0.0,0.0,0.0
290.49654967270857,-35.52928313029907,27.344542012647942,0.0,0.0,0.0
290.5062153226632,-35.523098163436025,27.344076605694656,0.0,0.0,0.0
290.5158792714379,-35.51691221672915,27.34361089961521,0.0,0.0,0.0
290.525541519386,-35.510725290520654,27.343144894434374,0.0,0.0,0.0
290.53520206686125,-35.50453738515264,27.34267859017691,0.0,0.0,0.0
290.5448609142171,-35.49834850096713,27.342211986867618,0.0,0.0,0.0
290.55451806180736,-35.49215863830603,27.34174508453129,0.0,0.0,0.0
290.5641735099858,-35.48596779751115,27.341277883192745,0.0,0.0,0.0
290.57382725910645,-35.479775978924174,27.34081038287684,0.0,0.0,0.0
290.5834793095234,-35.47358318288669,27.340342583608397,0.0,0.0,0.0
290.59312966159075,-35.4673894097402,27.33987448541228,0.0,0.0,0.0
290.602778315663,-35.46119465982604,27.33940608831338,0.0,0.0,0.0
290.6124252720942,-35.45499893348555,27.338937392336575,0.0,0.0,0.0
290.62207053123905,-35.448802231059865,27.338468397506784,0.0,0.0,0.0
290.63171409345216,-35.44260455289004,27.33799910384892,0.0,0.0,0.0
290.64135595908823,-35.43640589931702,27.33752951138793,0.0,0.0,0.0
290.6509961285021,-35.430206270681694,27.33705962014875,0.0,0.0,0.0
290.6606346020487,-35.424005667324764,27.336589430156362,0.0,0.0,0.0
290.67027138008297,-35.41780408958687,27.336118941435743,0.0,0.0,0.0
290.6799064629602,-35.41160153780857,27.335648154011874,0.0,0.0,0.0
290.68953985103565,-35.40539801233027,27.335177067909786,0.0,0.0,0.0
290.6991715446646,-35.39919351349225,27.334705683154485,0.0,0.0,0.0
290.7088015442025,-35.3929880416348,27.334233999771023,0.0,0.0,0.0
290.718429850005,-35.38678159709799,27.333762017784455,0.0,0.0,0.0
290.72805646242773,-35.38057418022184,27.33328973721984,0.0,0.0,0.0
290.7376813818266,-35.374365791346214,27.332817158102273,0.0,0.0,0.0
290.7473046085572,-35.36815643081093,27.332344280456848,0.0,0.0,0.0
290.75692614297583,-35.36194609895565,27.33187110430867,0.0,0.0,0.0
290.7665459854385,-35.35573479611996,27.331397629682883,0.0,0.0,0.0
290.77616413630136,-35.349522522643326,27.330923856604617,0.0,0.0,0.0
290.78578059592076,-35.34330927886509,27.330449785099038,0.0,0.0,0.0
290.79539536465313,-35.33709506512458,27.32997541519131,0.0,0.0,0.0
290.80500844285496,-35.3308798817609,27.32950074690663,0.0,0.0,0.0
290.81461983088286,-35.324663729113105,27.32902578027019,0.0,0.0,0.0
290.8242295290936,-35.318446607520144,27.32855051530721,0.0,0.0,0.0
290.83383753784403,-35.312228517320854,27.328074952042922,0.0,0.0,0.0
290.843443857491,-35.30600945885396,27.32759909050257,0.0,0.0,0.0
290.85304848839166,-35.29978943245807,27.32712293071142,0.0,0.0,0.0
290.862651430903,-35.29356843847172,27.326646472694737,0.0,0.0,0.0
290.87225268538236,-35.287346477233335,27.326169716477814,0.0,0.0,0.0
290.8818522521872,-35.28112354908116,27.325692662085956,0.0,0.0,0.0
290.8914501316747,-35.27489965435347,27.325215309544504,0.0,0.0,0.0
290.9010463242025,-35.26867479338834,27.324737658878753,0.0,0.0,0.0
290.9106408301284,-35.26244896652374,27.324259710114077,0.0,0.0,0.0
290.92023364981003,-35.25622217409757,27.323781463275836,0.0,0.0,0.0
290.9298247836052,-35.24999441644759,27.3233029183894,0.0,0.0,0.0
290.939414231872,-35.24376569391148,27.32282407548017,0.0,0.0,0.0
290.94900199496846,-35.237536006826794,27.322344934573554,0.0,0.0,0.0
290.9585880732526,-35.23130535553102,27.321865495694965,0.0,0.0,0.0
290.96817246708287,-35.22507374036144,27.32138575886985,0.0,0.0,0.0
290.9777551768174,-35.218841161655384,27.320905724123662,0.0,0.0,0.0
290.9873362028149,-35.21260761974995,27.32042539148186,0.0,0.0,0.0
290.9969155454337,-35.2063731149822,27.319944760969914,0.0,0.0,0.0
291.0064932050326,-35.20013764768904,27.319463832613348,0.0,0.0,0.0
291.0160691819703,-35.193901218207294,27.318982606437654,0.0,0.0,0.0
291.0256434766057,-35.18766382687368,27.31850108246835,0.0,0.0,0.0
291.0352160892977,-35.18142547402483,27.318019260730996,0.0,0.0,0.0
291.04478702040535,-35.17518615999722,27.317537141251133,0.0,0.0,0.0
291.0543562702878,-35.16894588512726,27.31705472405433,0.0,0.0,0.0
291.0639238393045,-35.16270464975121,27.31657200916618,0.0,0.0,0.0
291.0734897278145,-35.156462454205325,27.31608899661227,0.0,0.0,0.0
291.08305393617746,-35.15021929882566,27.315605686418216,0.0,0.0,0.0
291.0926164647527,-35.14397518394818,27.31512207860965,0.0,0.0,0.0
291.1021773139002,-35.137730109908766,27.314638173212213,0.0,0.0,0.0
291.11173648397937,-35.131484077043176,27.314153970251564,0.0,0.0,0.0
291.1212939753502,-35.125237085687054,27.313669469753368,0.0,0.0,0.0
291.13084978837264,-35.118989136175976,27.31318467174332,0.0,0.0,0.0
291.14040392340667,-35.11274022884539,27.312699576247116,0.0,0.0,0.0
291.14995638081245,-35.106490364030556,27.312214183290465,0.0,0.0,0.0
291.15950716095017,-35.10023954206684,27.31172849289911,0.0,0.0,0.0
291.16905626418014,-35.093987763289306,27.311242505098793,0.0,0.0,0.0
291.1786036908628,-35.08773502803297,27.310756219915273,0.0,0.0,0.0
291.18814944135875,-35.081481336632756,27.31026963737432,0.0,0.0,0.0
291.19769351602844,-35.07522668942349,27.309782757501722,0.0,0.0,0.0
291.20723591523256,-35.06897108673985,27.30929558032329,0.0,0.0,0.0
291.21677663933207,-35.06271452891645,27.308808105864838,0.0,0.0,0.0
291.2263156886878,-35.05645701628778,27.308320334152206,0.0,0.0,0.0
291.23585306366067,-35.050198549188224,27.30783226521123,0.0,0.0,0.0
291.2453887646119,-35.043939127952044,27.30734389906778,0.0,0.0,0.0
291.25492279190246,-35.037678752913465,27.306855235747733,0.0,0.0,0.0
291.26445514589375,-35.03141742440654,27.30636627527697,0.0,0.0,0.0
291.2739858269471,-35.02515514276522,27.30587701768141,0.0,0.0,0.0
291.283514835424,-35.01889190832337,27.305387462986975,0.0,0.0,0.0
291.29304217168595,-35.01262772141473,27.30489761121959,0.0,0.0,0.0
291.3025678360946,-35.00636258237296,27.304407462405216,0.0,0.0,0.0
291.3120918290117,-35.000096491531615,27.3039170165698,0.0,0.0,0.0
291.3216141507992,-34.99382944922409,27.303426273739344,0.0,0.0,0.0
291.33113480181873,-34.98756145578374,27.30293523393983,0.0,0.0,0.0
291.34065378243264,-34.98129251154374,27.302443897197264,0.0,0.0,0.0
291.3501710930028,-34.97502261683731,27.301952263537675,0.0,0.0,0.0
291.35968673389146,-34.968751771997375,27.3014603329871,0.0,0.0,0.0
291.36920070546097,-34.96247997735688,27.300968105571588,0.0,0.0,0.0
291.37871300807365,-34.95620723324861,27.300475581317208,0.0,0.0,0.0
291.388223642092,-34.949933540005254,27.299982760250053,0.0,0.0,0.0
291.3977326078785,-34.94365889795942,27.299489642396203,0.0,0.0,0.0
291.40723990579596,-34.93738330744356,27.29899622778178,0.0,0.0,0.0
291.416745536207,-34.93110676879008,27.298502516432897,0.0,0.0,0.0
291.4262494994746,-34.9248292823312,27.298008508375705,0.0,0.0,0.0
291.43575179596144,-34.91855084839915,27.297514203636364,0.0,0.0,0.0
291.4452524260308,-34.912271467325965,27.297019602241022,0.0,0.0,0.0
291.45475139004554,-34.9059911394436,27.296524704215887,0.0,0.0,0.0
291.464248688369,-34.899709865083885,27.296029509587147,0.0,0.0,0.0
291.47374432136456,-34.89342764457858,27.295534018381012,0.0,0.0,0.0
291.4832382893954,-34.8871444782593,27.295038230623717,0.0,0.0,0.0
291.49273059282507,-34.88086036645761,27.2945421463415,0.0,0.0,0.0
291.5022212320171,-34.874575309504905,27.294045765560618,0.0,0.0,0.0
291.51171020733517,-34.86828930773251,27.293549088307348,0.0,0.0,0.0
291.5211975191431,-34.8620023614716,27.29305211460797,0.0,0.0,0.0
291.53068316780445,-34.85571447105336,27.292554844488794,0.0,0.0,0.0
291.5401671536832,-34.849425636808746,27.29205727797612,0.0,0.0,0.0
291.5496494771436,-34.84313585906866,27.291559415096295,0.0,0.0,0.0
291.55913013854945,-34.8368451381639,27.291061255875654,0.0,0.0,0.0
291.56860913826495,-34.83055347442513,27.290562800340556,0.0,0.0,0.0
291.5780864766545,-34.82426086818295,27.29006404851738,0.0,0.0,0.0
291.5875621540824,-34.81796731976781,27.28956500043251,0.0,0.0,0.0
291.59703617091293,-34.811672829510094,27.289065656112356,0.0,0.0,0.0
291.60650852751075,-34.805377397740045,27.288566015583328,0.0,0.0,0.0
291.61597922424056,-34.79908102478782,27.288066078871864,0.0,0.0,0.0
291.62544826146683,-34.792783710983485,27.287565846004405,0.0,0.0,0.0
291.63491563955444,-34.78648545665698,27.28706531700742,0.0,0.0,0.0
291.6443813588682,-34.78018626213816,27.286564491907374,0.0,0.0,0.0
291.6538454197731,-34.773886127756725,27.28606337073077,0.0,0.0,0.0
291.6633078226342,-34.76758505384231,27.285561953504107,0.0,0.0,0.0
291.67276856781655,-34.761283040724436,27.2850602402539,0.0,0.0,0.0
291.6822276556854,-34.75498008873253,27.28455823100669,0.0,0.0,0.0
291.691685086606,-34.74867619819589,27.284055925789033,0.0,0.0,0.0
291.7011408609439,-34.74237136944368,27.283553324627484,0.0,0.0,0.0
291.7105949790643,-34.73606560280509,27.283050427548613,0.0,0.0,0.0
291.72004744133284,-34.72975889860906,27.282547234579024,0.0,0.0,0.0
291.72949824811514,-34.72345125718448,27.282043745745323,0.0,0.0,0.0
291.7389473997769,-34.71714267886012,27.28153996107413,0.0,0.0,0.0
291.748394896684,-34.71083316396468,27.28103588059208,0.0,0.0,0.0
291.7578407392022,-34.704522712826716,27.280531504325825,0.0,0.0,0.0
291.7672849276975,-34.69821132577468,27.280026832302028,0.0,0.0,0.0
291.776727462536,-34.69189900313696,27.27952186454738,0.0,0.0,0.0
291.7861683440837,-34.685585745241774,27.279016601088557,0.0,0.0,0.0
291.79560757270707,-34.67927155241726,27.278511041952285,0.0,0.0,0.0
291.8050451487721,-34.672956424991526,27.278005187165277,0.0,0.0,0.0
291.81448107264526,-34.666640363292466,27.27749903675428,0.0,0.0,0.0
291.82391534469303,-34.660323367647905,27.276992590746044,0.0,0.0,0.0
291.83334796528203,-34.65400543838558,27.276485849167326,0.0,0.0,0.0
291.84277893477866,-34.64768657583311,27.275978812044926,0.0,0.0,0.0
291.85220825354986,-34.641366780318,27.27547147940562,0.0,0.0,0.0
291.86163592196226,-34.63504605216767,27.274963851276233,0.0,0.0,0.0
291.87106194038273,-34.628724391709405,27.274455927683597,0.0,0.0,0.0
291.88048630917837,-34.622401799270385,27.273947708654536,0.0,0.0,0.0
291.88990902871603,-34.616078275177756,27.273439194215914,0.0,0.0,0.0
291.8993300993628,-34.60975381975848,27.272930384394588,0.0,0.0,0.0
291.908749521486,-34.603428433339424,27.272421279217458,0.0,0.0,0.0
291.9181672954528,-34.59710211624738,27.271911878711418,0.0,0.0,0.0
291.92758342163063,-34.590774868809,27.271402182903373,0.0,0.0,0.0
291.93699790038687,-34.584446691350855,27.270892191820252,0.0,0.0,0.0
291.946410732089,-34.578117584199404,27.270381905489003,0.0,0.0,0.0
291.9558219171046,-34.571787547681005,27.269871323936584,0.0,0.0,0.0
291.96523145580136,-34.5654565821219,27.269360447189957,0.0,0.0,0.0
291.97463934854704,-34.55912468784817,27.268849275276118,0.0,0.0,0.0
291.9840455957095,-34.55279186518597,27.268337808222046,0.0,0.0,0.0
291.9934501976565,-34.54645811446115,27.267826046054783,0.0,0.0,0.0
292.0028531547561,-34.54012343599957,27.267313988801337,0.0,0.0,0.0
292.01225446737635,-34.53378783012692,27.266801636488765,0.0,0.0,0.0
292.02165413588546,-34.52745129716884,27.266288989144115,0.0,0.0,0.0
292.03105216065154,-34.52111383745081,27.265776046794468,0.0,0.0,0.0
292.0404485420429,-34.51477545129825,27.265262809466908,0.0,0.0,0.0
292.0498432804279,-34.50843613903646,27.264749277188535,0.0,0.0,0.0
292.05923637617514,-34.50209590099058,27.264235449986458,0.0,0.0,0.0
292.06862782965294,-34.495754737485804,27.263721327887822,0.0,0.0,0.0
292.07801764122985,-34.48941264884703,27.263206910919763,0.0,0.0,0.0
292.08740581127483,-34.48306963539916,27.262692199109445,0.0,0.0,0.0
292.09679234015636,-34.47672569746696,27.26217719248404,0.0,0.0,0.0
292.1061772282434,-34.470380835375096,27.26166189107073,0.0,0.0,0.0
292.11556047590483,-34.46403504944813,27.26114629489673,0.0,0.0,0.0
292.1249420835096,-34.457688340010506,27.26063040398925,0.0,0.0,0.0
292.13432205142686,-34.45134070738658,27.260114218375534,0.0,0.0,0.0
292.1437003800256,-34.44499215190058,27.259597738082803,0.0,0.0,0.0
292.15307706967525,-34.438642673876636,27.259080963138345,0.0,0.0,0.0
292.16245212074483,-34.432292273638815,27.258563893569423,0.0,0.0,0.0
292.1718255336038,-34.425940951511045,27.258046529403327,0.0,0.0,0.0
292.1811973086217,-34.419588707817134,27.257528870667358,0.0,0.0,0.0
292.19056744616785,-34.41323554288079,27.257010917388843,0.0,0.0,0.0
292.19993594661196,-34.406881457025634,27.25649266959512,0.0,0.0,0.0
292.20930281032366,-34.40052645057516,27.25597412731352,0.0,0.0,0.0
292.21866803767267,-34.39417052385277,27.255455290571415,0.0,0.0,0.0
292.22803162902875,-34.387813677181775,27.254936159396188,0.0,0.0,0.0
292.23739358476183,-34.38145591088534,27.254416733815223,0.0,0.0,0.0
292.2467539052419,-34.37509722528653,27.253897013855926,0.0,0.0,0.0
292.2561125908389,-34.368737620708394,27.253376999545715,0.0,0.0,0.0
292.265469641923,-34.362377097473754,27.252856690912044,0.0,0.0,0.0
292.2748250588643,-34.3560156559054,27.252336087982332,0.0,0.0,0.0
292.28417884203304,-34.34965329632598,27.25181519078406,0.0,0.0,0.0
292.29353099179957,-34.34329001905807,27.251293999344714,0.0,0.0,0.0
292.3028815085343,-34.33692582442409,27.250772513691768,0.0,0.0,0.0
292.31223039260766,-34.33056071274642,27.250250733852738,0.0,0.0,0.0
292.3215776443902,-34.32419468434727,27.24972865985515,0.0,0.0,0.0
292.3309232642524,-34.317827739548804,27.249206291726537,0.0,0.0,0.0
292.34026725256524,-34.311459878673006,27.248683629494444,0.0,0.0,0.0
292.34960960969914,-34.305091102041885,27.248160673186447,0.0,0.0,0.0
292.3589503360251,-34.2987214099772,27.24763742283011,0.0,0.0,0.0
292.36828943191387,-34.292350802800684,27.247113878453046,0.0,0.0,0.0
