galstreams/tracks/track.st.M2.ibata2021.ecsv
# %ECSV 0.9
# ---
# datatype:
# - {name: ra, unit: deg, datatype: float64}
# - {name: dec, unit: deg, datatype: float64}
# - {name: distance, unit: kpc, datatype: float64}
# - {name: pm_ra_cosdec, unit: mas / yr, datatype: float64}
# - {name: pm_dec, unit: mas / yr, datatype: float64}
# - {name: radial_velocity, unit: km / s, datatype: float64}
# delimiter: ','
# meta: !!omap
# - __serialized_columns__:
#     dec:
#       __class__: astropy.coordinates.angles.Latitude
#       unit: &id001 !astropy.units.Unit {unit: deg}
#       value: !astropy.table.SerializedColumn {name: dec}
#     distance:
#       __class__: astropy.coordinates.distances.Distance
#       unit: !astropy.units.Unit {unit: kpc}
#       value: !astropy.table.SerializedColumn {name: distance}
#     pm_dec:
#       __class__: astropy.units.quantity.Quantity
#       unit: !astropy.units.Unit {unit: mas / yr}
#       value: !astropy.table.SerializedColumn {name: pm_dec}
#     pm_ra_cosdec:
#       __class__: astropy.units.quantity.Quantity
#       unit: !astropy.units.Unit {unit: mas / yr}
#       value: !astropy.table.SerializedColumn {name: pm_ra_cosdec}
#     ra:
#       __class__: astropy.coordinates.angles.Longitude
#       unit: *id001
#       value: !astropy.table.SerializedColumn {name: ra}
#       wrap_angle: !astropy.coordinates.Angle
#         unit: *id001
#         value: 360.0
#     radial_velocity:
#       __class__: astropy.units.quantity.Quantity
#       unit: !astropy.units.Unit {unit: km / s}
#       value: !astropy.table.SerializedColumn {name: radial_velocity}
# schema: astropy-2.0
ra,dec,distance,pm_ra_cosdec,pm_dec,radial_velocity
[from data line 137]
311.6991820788791,-4.613357654648604,10.441701943288086,4.891127237116976,-2.2015480067657593,-1.8525687685719145e-13
311.708858849796,-4.610734714262125,10.440654600340883,4.889734309431066,-2.201271199279734,-2.1472956181174462e-13
311.71853580329014,-4.608112491621879,10.43961214783717,4.888342334407197,-2.200995595098386,-1.7894130150978717e-14
311.728212938779,-4.6054909846040335,10.438574581377772,4.886951311124542,-2.2007211927429777,-2.2841330839778716e-13
311.7378902556804,-4.6028701910847385,10.437541896563514,4.885561238662135,-2.2004479907348524,-1.2631150694808506e-14
311.74756775341143,-4.600250108940249,10.43651408899521,4.884172116098888,-2.2001759875954376,-3.4735664410723393e-14
311.7572454313895,-4.597630736046863,10.43549115427369,4.882783942513565,-2.1999051818462396,-7.052392471268083e-14
311.76692328903164,-4.595012070280891,10.434473087999773,4.881396716984799,-2.199635572008851,-2.094665823555744e-13
311.77660132575477,-4.592394109518755,10.433459885774283,4.880010438591098,-2.199367156604944,-1.547315960114042e-13
311.7862795409758,-4.589776851636856,10.432451543198043,4.878625106410825,-2.1990999341562705,-1.49468616555234e-13
311.7959579341112,-4.587160294511724,10.431448055871877,4.877240719522215,-2.1988339031846706,-1.820990891834893e-13
311.80563650457754,-4.584544436019867,10.430449419396604,4.875857277003366,-2.1985690622120617,-1.8630947274842547e-13
311.8153152517912,-4.5819292740378925,10.429455629373047,4.874474777932248,-2.1983054097604455,-1.0104920555846805e-13
311.82499417516823,-4.579314806442462,10.428466681402028,4.873093221386689,-2.1980429443519034,-3.8946047975659563e-14
311.83467327412484,-4.576701031110238,10.427482571084374,4.8717126064443885,-2.1977816645086006,-8.104988362502126e-14
311.8443525480768,-4.574087945917994,10.426503294020906,4.8703329321829125,-2.1975215687527845,-1.2841669873055315e-13
311.8540319964399,-4.571475548742501,10.425528845812444,4.8689541976796935,-2.197262655606781,-1.5262640422893614e-13
311.8637116186298,-4.568863837460631,10.424559222059811,4.867576402012029,-2.1970049235930023,-1.7894130150978717e-14
311.8733914140618,-4.566252809949252,10.423594418363832,4.866199544257084,-2.1967483712339386,-2.1051917824680845e-13
311.8830713821514,-4.56364246408533,10.422634430325328,4.864823623491894,-2.1964929970521636,-1.2631150694808508e-13
311.8927515223135,-4.561032797745873,10.421679253545124,4.863448638793351,-2.1962387995703336,-1.642049590325106e-13
311.90243183396336,-4.558423808807902,10.420728883624037,4.862074589238233,-2.1959857773111833,-1.1578554803574466e-14
311.9121123165157,-4.555815495148548,10.419783316162892,4.860701473903164,-2.1957339287975337,-5.578758223540424e-14
311.92179296938525,-4.553207854644928,10.418842546762516,4.859329291864651,-2.195483252552283,-8.736545897242551e-14
311.9314737919865,-4.550600885174273,10.417906571023726,4.857958042199061,-2.1952337470984116,-2.0104581522570208e-13
311.9411547837341,-4.547994584613803,10.416975384547351,4.856587723982628,-2.1949854109589824,9.47336302110638e-15
311.9508359440421,-4.545388950840832,10.416048982934205,4.8552183362914585,-2.1947382426571416,1.7894130150978717e-14
311.96051727232464,-4.542783981732729,10.415127361785116,4.853849878201524,-2.194492240716115,-8.94706507548936e-14
311.97019876799584,-4.5401796751668595,10.414210516700905,4.852482348788662,-2.1942474036592063,-2.1262437002927655e-13
311.9798804304694,-4.53757602902071,10.413298443282397,4.851115747128582,-2.1940037300098045,-2.2209773305038292e-13
311.9895622591591,-4.534973041171746,10.41239113713041,4.849750072296859,-2.1937612182913817,-1.6631015081497867e-13
311.99924425347837,-4.532370709497552,10.411488593845771,4.848385323368936,-2.1935198670274856,-1.4841602066399995e-13
312.0089264128407,-4.529769031875697,10.410590809029298,4.847021499420125,-2.1932796747417482,-1.6736274670621272e-13
312.01860873665936,-4.527168006183846,10.409697778281819,4.845658599525606,-2.193040639957884,-2.1051917824680845e-15
312.0282912243473,-4.5245676302997175,10.408809497204153,4.844296622760429,-2.192802761199685,-1.1578554803574466e-14
312.03797387531756,-4.521967902101028,10.407925961397124,4.8429355681995085,-2.1925660369910283,-2.0104581522570208e-13
312.047656688983,-4.519368819465612,10.407047166461554,4.841575434917634,-2.192330465855868,-1.4104784942536167e-13
312.05733966475634,-4.516770380271283,10.406173107998264,4.840216221989458,-2.1920960463182433,-5.6840178126638284e-14
312.06702280205,-4.51417258239596,10.405303781608081,4.8388579284895,-2.191862776902268,3.5788260301957434e-14
312.0767061002762,-4.511575423717607,10.404439182891826,4.837500553492157,-2.1916306561321446,-1.7999389740102124e-13
312.0863895588476,-4.508978902114191,10.403579307450315,4.836144096071694,-2.1913996825321522,-3.1577876737021266e-15
312.09607317717587,-4.5063830154637925,10.402724150884382,4.83478855530223,-2.1911698546266494,-8.315507540748934e-14
312.1057569546732,-4.503787761644478,10.40187370879484,4.833433930257776,-2.1909411709400772,-1.5052121244646804e-13
312.11544089075124,-4.501193138534424,10.401027976782517,4.832080220012196,-2.1907136299969605,-2.042036028994042e-13
312.12512498482187,-4.498599144011798,10.400186950448232,4.830727423639226,-2.1904872303218985,-5.999796580034041e-14
312.13480923629635,-4.496005775954857,10.399350625392813,4.829375540212482,-2.190261970439574,-2.1051917824680845e-15
312.14449364458613,-4.493413032241917,10.398518997217074,4.828024568805434,-2.1900378488747547,-1.9262504809582973e-13
312.15417820910255,-4.490820910751289,10.397692061521845,4.826674508491433,-2.1898148641522805,-6.631354114774466e-14
312.16386292925654,-4.4882294093614,10.396869813907946,4.8253253583436955,-2.189593014797078,-4.210383564936169e-14
312.17354780445913,-4.485638525950656,10.396052249976199,4.823977117435309,-2.1893722993341505,-3.5788260301957434e-14
312.18323283412104,-4.483048258397585,10.39523936532743,4.822629784839229,-2.189152716288586,-1.3052189051302125e-13
312.1929180176531,-4.480458604580696,10.394431155562456,4.821283359628286,-2.188934264185549,4.210383564936169e-15
312.2026033544656,-4.477869562378592,10.393627616282101,4.819937840875179,-2.188716941550285,-6.841873293021275e-14
312.212288843969,-4.4752811296699315,10.392828743087192,4.818593227652469,-2.1885007469081237,-1.4420563709906378e-13
312.22197448557364,-4.472693304333366,10.392034531578547,4.8172495190326,-2.1882856787844656,-1.7262572616238293e-13
312.23166027868945,-4.47010608424767,10.39124497735699,4.81590671408788,-2.188071735704804,-1.5999457546757442e-13
312.24134622272646,-4.467519467291591,10.390460076023347,4.814564811890488,-2.1878589161947017,-3.9998643866893604e-14
312.25103231709437,-4.464933451343998,10.389679823178437,4.8132238115124775,-2.1876472187798064,-1.0104920555846805e-13
312.2607185612029,-4.462348034283743,10.388904214423079,4.811883712025765,-2.187436641985848,-1.7578351383608505e-13
312.2704049544617,-4.459763213989771,10.3881332453581,4.8105445125021475,-2.1872271843386306,-3.368306851948935e-14
312.2800914962799,-4.457178988341082,10.387366911584325,4.809206212013283,-2.187018844364043,-8.104988362502126e-14
312.28977818606694,-4.45459535521667,10.386605208702573,4.80786880963071,-2.1868116205880503,-8.21024795162553e-14
312.29946502323173,-4.452012312495644,10.385848132313663,4.806532304425835,-2.1866055115367016,-9.368103431982976e-14
312.30915200718346,-4.4494298580571,10.385095678018427,4.805196695469933,-2.1864005157361226,-8.420767129872338e-14
312.31883913733066,-4.446847989780244,10.38434784141768,4.803861981834152,-2.1861966317125185,-1.7367832205361698e-13
312.3285264130823,-4.444266705544266,10.38360461811225,4.802528162589513,-2.185993857992179,-1.3789006175165953e-13
312.33821383384674,-4.441686003228454,10.382866003702953,4.801195236806908,-2.1857921931014674,-8.104988362502126e-14
312.3479013990323,-4.439105880712141,10.382131993790615,4.799863203557104,-2.1855916355668294,-1.0525958912340423e-13
312.3575891080474,-4.436526335874665,10.38140258397606,4.79853206191073,-2.1853921839147925,-1.1052256857957444e-13
312.36727696030005,-4.433947366595474,10.380677769860114,4.797201810938297,-2.185193836671958,-1.568367877938723e-13
312.37696495519833,-4.431368970753999,10.379957547043583,4.795872449710188,-2.184996592365014,-6.315575347404254e-14
312.3866530921499,-4.428791146229784,10.37924191112731,4.79454397729665,-2.1848004495207225,-1.3789006175165953e-13
312.39634137056265,-4.426213890902357,10.378530857712109,4.793216392767807,-2.1846054066659235,-1.8104649329225526e-13
312.406029789844,-4.423637202651343,10.377824382398801,4.7918896951936585,-2.1844114623275463,-1.24206315165617e-13
312.41571834940135,-4.421061079356415,10.37712248078821,4.790563883644073,-2.184218615032588,-7.157652060391487e-14
312.4254070486421,-4.418485518897243,10.376425148481163,4.789238957188788,-2.184026863308131,-2.4209705498382972e-14
312.4350958869733,-4.415910519153611,10.375732381078473,4.7879149148974225,-2.1838362056813376,9.47336302110638e-15
312.4447848638019,-4.413336078005288,10.375044174180971,4.7865917558394635,-2.183646640679444,-1.7788870561855314e-13
312.4544739785349,-4.410762193332139,10.374360523389472,4.785269479084269,-2.1834581668297735,-1.1052256857957444e-13
312.46416323057895,-4.40818886301407,10.37368142430481,4.783948083701072,-2.18327078265972,-1.5788938368510635e-14
312.47385261934056,-4.405616084930996,10.373006872527792,4.782627568758981,-2.183084486696763,-2.947268495455318e-14
312.48354214422625,-4.403043856962941,10.372336863659257,4.781307933326972,-2.1828992774684575,-9.894401377599997e-14
312.4932318046424,-4.400472176989907,10.371671393300016,4.779989176473901,-2.18271515350244,-4.9472006887999985e-14
312.50292159999503,-4.397901042892014,10.371010457050899,4.778671297268492,-2.1825321133264217,-1.2104852749191487e-13
312.51261152969033,-4.395330452549363,10.370354050512722,4.777354294779346,-2.1823501554681988,-5.3682390452936155e-14
312.5223015931341,-4.392760403842148,10.369702169286313,4.776038168074935,-2.1821692784556403,-3.789345208442552e-14
312.531991789732,-4.390190894650616,10.36905480897249,4.774722916223608,-2.1819894808166995,-1.6736274670621272e-13
312.54168211888987,-4.38762192285501,10.36841196517208,4.773408538293582,-2.1818107610794035,-6.315575347404254e-14
312.55137258001304,-4.385053486335683,10.367773633485902,4.772095033352958,-2.1816331177718604,-7.157652060391487e-14
312.561063172507,-4.382485582972975,10.367139809514777,4.7707824004697015,-2.1814565494222595,0.0
312.5707538957767,-4.379918210647332,10.366510488859534,4.769470638711654,-2.1812810545588626,-1.768361097273191e-13
312.5804447492276,-4.377351367239189,10.365885667120992,4.768159747146536,-2.181106631710015,-4.9472006887999985e-14
312.5901357322643,-4.374785050629072,10.365265339899972,4.766849724841938,-2.1809332794041394,-6.105056169157445e-14
312.59982684429167,-4.3722192586975535,10.364649502797299,4.7655405708653245,-2.180760996169734,-1.0315439734093615e-13
312.6095180847145,-4.36965398932521,10.364038151413798,4.764232284284037,-2.180589780535382,-1.8841466453089356e-13
312.6192094529373,-4.367089240392725,10.363431281350284,4.762924864165296,-2.180419631029739,-5.789277401787233e-14
312.6289009483644,-4.364525009780763,10.362828888207586,4.7616183095761855,-2.1802505461815382,-1.1789073981821273e-13
312.6385925704,-4.361961295370104,10.362230967586525,4.760312619583672,-2.1800825245196003,-8.21024795162553e-14
312.6482843184484,-4.359398095041509,10.36163751508792,4.759007793254597,-2.179915564572812,-1.7157313027114889e-13
312.6579761919135,-4.356835406675832,10.3610485263126,4.757703829655673,-2.1797496648701467,-8.94706507548936e-14
312.66766819019915,-4.354273228153977,10.360463996861384,4.756400727853496,-2.179584823940651,-5.789277401787233e-14
312.6773603127091,-4.351711557356843,10.359883922335095,4.755098486914527,-2.1794210403134544,-8.631286308119147e-14
312.6870525588468,-4.349150392165445,10.359308298334556,4.753797105905108,-2.179258312517762,-5.999796580034041e-14
312.69674492801585,-4.346589730460771,10.358737120460585,4.752496583891458,-2.1790966390828523,-2.0525619879063824e-13
312.70643741961953,-4.34402957012393,10.358170384314013,4.751196919939666,-2.1789360185380904,-2.1262437002927655e-13
312.7161300330611,-4.341469909036009,10.35760808549566,4.7498981131157025,-2.1787764494129127,-1.3789006175165953e-13
312.7258227677435,-4.338910745078186,10.357050219606341,4.7486001624854115,-2.1786179302368374,-2.2946590428902123e-13
312.73551562306966,-4.336352076131693,10.35649678224689,4.747303067114508,-2.1784604595394588,-1.2104852749191487e-13
312.74520859844245,-4.333793900077752,10.35594776901812,4.746006826068596,-2.178304035850446,-8.420767129872338e-14
312.7549016932644,-4.331236214797704,10.355403175520859,4.744711438413143,-2.1781486576995546,1.3683746586042549e-14
312.76459490693804,-4.328679018172864,10.354862997355925,4.7434169032134985,-2.1779943236166073,-1.4420563709906378e-13
312.77428823886584,-4.326122308084662,10.354327230124147,4.742123219534885,-2.177841032131509,-8.526026718995742e-14
312.78398168844996,-4.323566082414508,10.353795869426344,4.740830386442404,-2.1776887817742456,-1.4210044531659572e-13
312.79367525509264,-4.321010339043905,10.35326891086334,4.7395384030010375,-2.177537571074875,-4.631421921429786e-14
312.80336893819566,-4.318455075854407,10.352746350035956,4.738247268275634,-2.1773873985635372,-8.631286308119147e-14
312.81306273716103,-4.315900290727564,10.352228182545014,4.73695698133093,-2.177238262770444,-1.9578283576953187e-13
312.8227566513905,-4.31334598154503,10.351714403991338,4.735667541231532,-2.1770901622258902,-1.0631218501463827e-13
312.83245068028555,-4.31079214618845,10.35120500997575,4.734378947041922,-2.176943095460245,-8.631286308119147e-14
312.8421448232476,-4.308238782539572,10.350699996099074,4.7330911978264645,-2.1767970610039553,-1.221011233831489e-13
312.85183907967814,-4.30568588848013,10.35019935796213,4.731804292649402,-2.1766520573875456,-1.1683814392697868e-13
312.86153344897826,-4.303133461891946,10.349703091165743,4.7305182305748446,-2.1765080831416173,-1.7788870561855314e-13
312.871227930549,-4.300581500656897,10.349211191310733,4.7292330106667935,-2.176365136796848,-3.368306851948935e-14
312.88092252379136,-4.298030002656848,10.348723653997926,4.7279486319891175,-2.176223216883995,-3.684085619319148e-14
312.890617228106,-4.295478965773781,10.348240474828142,4.726665093605565,-2.176082321933889,-1.3894265764289357e-13
312.9003120428938,-4.292928387889654,10.347761649402205,4.725382394579762,-2.1759424504774407,-2.1051917824680846e-14
312.9100069675551,-4.290378266886537,10.347287173320936,4.724100533975219,-2.1758036010456387,-2.7367493172085098e-14
312.91970200149046,-4.287828600646481,10.34681704218516,4.722819510855313,-2.175665772169543,-7.052392471268083e-14
312.92939714410005,-4.2852793870516335,10.346351251595696,4.721539324283312,-2.175528962380295,-1.021018014497021e-13
312.939092394784,-4.282730623984179,10.345889797153369,4.720259973322346,-2.1753931702091127,-1.7473091794485103e-13
312.9487877529424,-4.280182309326311,10.345432674459003,4.71898145703544,-2.175258394187288,-1.7157313027114889e-13
312.95848321797513,-4.27763444096032,10.344979879113414,4.717703774485488,-2.175124632846195,-5.157719867046807e-14
312.9681787892819,-4.275087016768487,10.344531406717433,4.716426924735263,-2.1749918847172767,-1.3367967818672336e-13
312.97787446626234,-4.272540034633198,10.344087252871882,4.715150906847417,-2.174860148332059,-5.3682390452936155e-14
312.987570248316,-4.269993492436821,10.343647413177576,4.713875719884486,-2.17472942222214,-9.999660966723402e-14
312.9972661348422,-4.2674473880618145,10.34321188323534,4.712601362908879,-2.174599704919199,-6.21031575828085e-14
