galstreams/tracks/track.st.M92.ibata2021.ecsv
# %ECSV 1.0
# ---
# datatype:
# - {name: ra, unit: deg, datatype: float64}
# - {name: dec, unit: deg, datatype: float64}
# - {name: distance, unit: kpc, datatype: float64}
# - {name: pm_ra_cosdec, unit: mas / yr, datatype: float64}
# - {name: pm_dec, unit: mas / yr, datatype: float64}
# - {name: radial_velocity, unit: km / s, datatype: float64}
# delimiter: ','
# meta: !!omap
# - __serialized_columns__:
#     dec:
#       __class__: astropy.coordinates.angles.Latitude
#       unit: &id001 !astropy.units.Unit {unit: deg}
#       value: !astropy.table.SerializedColumn {name: dec}
#     distance:
#       __class__: astropy.coordinates.distances.Distance
#       unit: !astropy.units.Unit {unit: kpc}
#       value: !astropy.table.SerializedColumn {name: distance}
#     pm_dec:
#       __class__: astropy.units.quantity.Quantity
#       unit: !astropy.units.Unit {unit: mas / yr}
#       value: !astropy.table.SerializedColumn {name: pm_dec}
#     pm_ra_cosdec:
#       __class__: astropy.units.quantity.Quantity
#       unit: !astropy.units.Unit {unit: mas / yr}
#       value: !astropy.table.SerializedColumn {name: pm_ra_cosdec}
#     ra:
#       __class__: astropy.coordinates.angles.Longitude
#       unit: *id001
#       value: !astropy.table.SerializedColumn {name: ra}
#       wrap_angle: !astropy.coordinates.Angle
#         unit: *id001
#         value: 360.0
#     radial_velocity:
#       __class__: astropy.units.quantity.Quantity
#       unit: !astropy.units.Unit {unit: km / s}
#       value: !astropy.table.SerializedColumn {name: radial_velocity}
# schema: astropy-2.0
ra,dec,distance,pm_ra_cosdec,pm_dec,radial_velocity
[from data line 284]
252.01690843037392,44.22670492693777,8.975270218020786,-5.346109014563648,-1.8650721893550166,-141.84438702032773
252.03342833256684,44.228209930053026,8.975300024496299,-5.34597847079816,-1.861582591384004,-141.65532691903488
252.04993811742884,44.22969829770818,8.975333660437983,-5.3458443634717305,-1.8580983843615333,-141.46730039828003
252.0664377838398,44.231170052190734,8.975371116474003,-5.345706702095171,-1.8546195638993743,-141.2803056025054
252.08292733072088,44.23262521578104,8.975412383232523,-5.345565496172326,-1.8511461255974975,-141.09434067615274
252.09940675703547,44.234063810752154,8.975457451341718,-5.345420755200047,-1.847678065044017,-140.90940376366444
252.11587606178838,44.23548585936986,8.975506311429747,-5.34527248866821,-1.8442153778152577,-140.72549300948253
252.13233524402594,44.23689138389274,8.97555895412478,-5.345120706059675,-1.8407580594757722,-140.542606558049
252.14878430283625,44.23828040657203,8.97561537005498,-5.3449654168502985,-1.8373061055783326,-140.36074255380578
252.16522323734898,44.23965294965175,8.97567554984852,-5.3448066305089,-1.8338595116639627,-140.17989914119536
252.18165204673522,44.241009035368535,8.975739484133559,-5.34464435649729,-1.83041827326196,-140.00007446465938
252.19807073020766,44.24234868595183,8.975807163538267,-5.344478604270212,-1.8269823858899048,-139.82126666864033
252.21447928702028,44.24367192362369,8.97587857869081,-5.344309383275372,-1.8235518450536834,-139.64347389757998
252.23087771646883,44.244978770598806,8.975953720219358,-5.344136702953407,-1.8201266462474932,-139.46669429592058
252.24726601788996,44.246269249084676,8.976032578752076,-5.343960572737881,-1.8167067849538892,-139.2909260081041
252.26364419066212,44.24754338128131,8.976115144917125,-5.343781002055284,-1.81329225664376,-139.1161671785728
252.28001223420478,44.24880118938149,8.976201409342679,-5.343598000324998,-1.8098830567763924,-138.94241595176865
252.2963701479787,44.250042695570556,8.9762913626569,-5.343411576959319,-1.8064791807994582,-138.76967047213358
252.31271793148622,44.251267922026464,8.976384995487958,-5.343221741363431,-1.803080624149024,-138.5979288841099
252.32905558427038,44.25247689091992,8.976482298464017,-5.343028502935385,-1.7996873822496102,-138.4271893321397
252.34538310591574,44.25366962441408,8.976583262213245,-5.342831871066116,-1.796299450514164,-138.25744996066484
252.36170049604777,44.25484614466484,8.976687877363807,-5.34263185513941,-1.7929168243441134,-138.08870891412758
252.37800775433323,44.256006473820605,8.976796134543871,-5.342428464531913,-1.7895394991293614,-137.9209643369699
252.39430488047987,44.25715063402239,8.976908024381602,-5.342221708613109,-1.7861674702482997,-137.754214373634
252.4105918742363,44.258278647403834,8.977023537505168,-5.342011596745316,-1.7828007330678661,-137.58845716856194
252.42686873539228,44.25939053609107,8.977142664542738,-5.3417981382836786,-1.779439282943514,-137.42369086619567
252.4431354637784,44.260486322202865,8.977265396122474,-5.341581342576155,-1.7760831152192669,-137.25991361097735
252.45939205926626,44.261566027850485,8.977391722872545,-5.341361218963511,-1.772732225227711,-137.09712354734913
252.4756385217682,44.26262967513781,8.977521635421116,-5.341137776779313,-1.7693866082900311,-136.93531881975315
252.49187485123736,44.263677286161155,8.977655124396355,-5.3409110253499135,-1.7660462597160314,-136.7744975726313
252.50810104766782,44.26470888300941,8.97779218042643,-5.340680973994452,-1.7627111748041233,-136.61465795042565
252.52431711109423,44.26572448776407,8.977932794139504,-5.340447632024828,-1.7593813488413923,-136.45579809757842
252.5405230415921,44.266724122498964,8.978076956163747,-5.340211008745721,-1.7560567771035687,-136.29791615853162
252.5567188392774,44.26770780928061,8.978224657127322,-5.3399711134545536,-1.752737454855086,-136.14101027772745
252.57290450430696,44.26867557016787,8.978375887658398,-5.339727955441503,-1.7494233773490606,-135.98507859960785
252.58908003687787,44.26962742721223,8.978530638385143,-5.339481543989479,-1.746114539827358,-135.83011926861502
252.60524543722806,44.27056340245753,8.978688899935717,-5.339231888374133,-1.7428109375205647,-135.67613042919086
252.62140070563586,44.271483517940155,8.978850662938298,-5.338978997863828,-1.7395125656480264,-135.5231102257776
252.63754584241994,44.272387795688935,8.979015918021041,-5.338722881719646,-1.7362194194178873,-135.37105680281726
252.6536808479396,44.273276257725136,8.97918465581212,-5.338463549195381,-1.7329314940270577,-135.219968304752
252.66980572259428,44.27414892606255,8.979356866939696,-5.338201009537518,-1.7296487846612987,-135.0698428760239
252.68592046682386,44.275005822707286,8.979532542031945,-5.337935271985237,-1.7263712864951832,-134.92067866107496
252.70202508110862,44.27584696965796,8.979711671717023,-5.337666345770407,-1.72309899469214,-134.77247380434721
252.7181195659689,44.27667238890563,8.979894246623099,-5.337394240117562,-1.7198319044044816,-134.62522645028295
252.73420392196536,44.277482102433716,8.980080257378344,-5.337118964243913,-1.7165700107734039,-134.47893474332403
252.75027814969872,44.27827613221811,8.980269694610923,-5.3368405273593265,-1.7133133089290196,-134.33359682791263
252.76634224980995,44.27905450022705,8.980462548948998,-5.336558938666331,-1.7100617939903633,-134.18921084849092
252.7823962229801,44.27981722842116,8.980658811020742,-5.336274207360094,-1.7068154610654234,-134.0457749495008
252.79844006993005,44.28056433875353,8.980858471454317,-5.33598634262842,-1.70357430525116,-133.90328727538443
252.814473791421,44.28129585316953,8.981061520877892,-5.33569535365175,-1.70033832163351,-133.761745970584
252.83049738825372,44.282011793607026,8.981267949919634,-5.33540124960315,-1.697107505287431,-133.62114917954153
252.84651086126922,44.282712181996104,8.981477749207707,-5.3351040396483045,-1.693881851276894,-133.48149504669888
252.86251421134813,44.28339704025933,8.98169090937028,-5.334803732945499,-1.6906613546549227,-133.3427817164984
252.8785074394111,44.28406639031157,8.981907421035519,-5.334500338645636,-1.6874460104635967,-133.20500733338224
252.89449054641847,44.28472025405999,8.982127274831592,-5.334193865892207,-1.684235813734087,-133.0681700417922
252.91046353337018,44.2853586534042,8.98235046138666,-5.333884323821298,-1.6810307594866676,-132.93226798617056
252.92642640130612,44.28598161023603,8.982576971328896,-5.333571721561572,-1.6778308427307227,-132.7972993109592
252.94237915130557,44.28658914643973,8.98280679528646,-5.333256068234275,-1.6746360584647961,-132.6632621606006
252.95832178448762,44.287181283891776,8.983039923887528,-5.33293737295322,-1.6714464016765707,-132.53015467953648
252.97425430201062,44.287758044461036,8.98327634776026,-5.332615644824784,-1.66826186734294,-132.39797501220886
252.99017670507277,44.28831945000865,8.983516057532821,-5.3322908929479045,-1.665082450429968,-132.2667213030601
253.00608899491164,44.28886552238798,8.98375904383338,-5.33196312641407,-1.661908145892943,-132.13639169653226
253.021991172804,44.289396283444816,8.984005297290109,-5.3316323543073025,-1.6587389486764106,-132.0069843370673
253.03788324006626,44.28991175501711,8.984254808531169,-5.331298585704181,-1.6555748537141572,-131.8784973691073
253.05376519805398,44.29041195893519,8.984507568184723,-5.330961829673805,-1.6524158559292546,-131.75092893709441
253.06963704816204,44.29089691702158,8.984763566878943,-5.330622095277803,-1.6492619502340744,-131.6242771854706
253.08549879182473,44.29136665109105,8.985022795241994,-5.330279391570325,-1.6461131315302893,-131.49854025867802
253.10135043051523,44.29182118295075,8.985285243902045,-5.329933727598031,-1.6429693947089299,-131.37371630115888
253.11719196574612,44.29226053439992,8.985550903487258,-5.329585112400099,-1.639830734650371,-131.24980345735506
253.13302339906883,44.2926847272302,8.985819764625802,-5.329233555008202,-1.636697146224373,-131.1267998717087
253.1488447320741,44.293093783225366,8.986091817945846,-5.32887906444651,-1.6335686242900789,-131.00470368866203
253.1646559663916,44.293487724161395,8.986367054075552,-5.328521649731692,-1.6304451636960566,-130.8835130526569
253.18045710368972,44.293866571806646,8.986645463643091,-5.328161319872894,-1.6273267592803125,-130.76322610813557
253.19624814567618,44.29423034792152,8.986927037276624,-5.327798083871755,-1.6242134058702953,-130.64384099954006
253.21202909409712,44.29457907425876,8.987211765604323,-5.327431950722371,-1.6211050982829487,-130.5253558713124
253.22779995073788,44.294912772563244,8.987499639254356,-5.327062929411326,-1.6180018313246909,-130.40776886789473
253.2435607174222,44.29523146457211,8.98779064885488,-5.326691028917659,-1.6149035997914734,-130.2910781337291
253.25931139601286,44.29553517201464,8.988084785034069,-5.326316258212869,-1.61181039846877,-130.17528181325758
253.2750519884113,44.2958239166123,8.988382038420093,-5.325938626260909,-1.6087222221316044,-130.06037805092242
253.29078249655717,44.29609772007881,8.988682399641108,-5.325558142018187,-1.605639065544602,-129.9463649911654
253.30650292242927,44.296356604119985,8.98898585932529,-5.325174814433548,-1.6025609234619458,-129.8332407784289
253.32221326804452,44.29660059043392,8.9892924081008,-5.324788652448277,-1.599487790627466,-129.7210035571549
253.33791353545848,44.29682970071074,8.989602036595809,-5.324399664996099,-1.5964196617746094,-129.6096514717853
253.35360372676507,44.29704395663284,8.98991473543848,-5.32400786100316,-1.5933565316264842,-129.4991826667625
253.36928384409663,44.29724337987475,8.99023049525698,-5.323613249388042,-1.590298394895877,-129.38959528652816
253.38495388962397,44.29742799210308,8.990549306679478,-5.323215839061738,-1.5872452462852502,-129.28088747552482
253.40061386555593,44.297597814976726,8.99087116033414,-5.322815638927656,-1.5841970804868057,-129.17305737819444
253.4162637741397,44.29775287014656,8.991196046849128,-5.3224126578816255,-1.5811538921824713,-129.0661031389787
253.4319036176607,44.29789317925574,8.991523956852612,-5.3220069048118726,-1.5781156760439274,-128.96002290232022
253.44753339844243,44.29801876393945,8.991854880972761,-5.321598388599021,-1.5750824267326302,-128.85481481266083
253.46315311884663,44.298129645825014,8.992188809837739,-5.3211871181161134,-1.5720541388998281,-128.75047701444274
253.47876278127274,44.29822584653193,8.992525734075711,-5.320773102228563,-1.5690308071866046,-128.64700765210776
253.49436238815852,44.29830738767174,8.992865644314847,-5.320356349794186,-1.5660124262238526,-128.54440487009825
253.50995194197944,44.29837429084819,8.993208531183313,-5.319936869663181,-1.562998990632344,-128.44266681285617
253.52553144524907,44.29842657765702,8.993554385309274,-5.319514670678119,-1.5599904950227064,-128.34179162482377
253.54110090051867,44.2984642696861,8.993903197320897,-5.319089761673966,-1.5569869339954834,-128.2417774504428
253.55666031037723,44.29848738851548,8.994254957846348,-5.318662151478046,-1.5539883021411312,-128.1426224341555
253.57220967745175,44.29849595571717,8.994609657513795,-5.31823184891006,-1.5509945940400267,-128.04432472040415
253.58774900440656,44.29848999285539,8.994967286951406,-5.317798862782069,-1.548005804262532,-127.94688245363051
253.60327829394396,44.29846952148631,8.995327836787345,-5.317363201898506,-1.545021927368961,-127.85029377827699
253.61879754880343,44.298434563158324,8.995691297649776,-5.316924875056152,-1.5420429579096555,-127.7545568387853
253.63430677176248,44.29838513941176,8.996057660166871,-5.316483891044144,-1.5390688904249454,-127.65966977959788
253.6498059656358,44.29832127177905,8.996426914966793,-5.31604025864398,-1.536099719445214,-127.56563074515658
253.6652951332754,44.298242981784774,8.996799052677712,-5.315593986629491,-1.533135439490915,-127.47243787990345
253.6807742775711,44.29815029094544,8.99717406392779,-5.315145083766866,-1.5301760450725563,-127.38008932828086
253.6962434014495,44.29804322076972,8.997551939345197,-5.314693558814625,-1.527221530690777,-127.28858323473055
253.71170250787495,44.29792179275821,8.997932669558102,-5.31423942052363,-1.5242718908363098,-127.19791774369484
253.72715159984875,44.29778602840371,8.998316245194662,-5.313782677637079,-1.521327119990048,-127.10809099961575
253.7425906804094,44.29763594919093,8.998702656883054,-5.313323338890498,-1.5183872126230384,-127.01910114693523
253.75801975263275,44.29747157659663,8.99909189525144,-5.312861413011744,-1.515452163196505,-126.93094633009547
253.7734388196314,44.2972929320897,8.999483950927985,-5.312396908720999,-1.5125219661618874,-126.84362469353871
253.7888478845552,44.29710003713088,8.99987881454086,-5.311929834730764,-1.5095966159608378,-126.75713438170679
253.80424695059074,44.29689291317315,9.000276476718227,-5.311460199745865,-1.506676107025266,-126.67147353904183
253.81963602096175,44.29667158166132,9.000676928088257,-5.310988012463435,-1.5037604337773296,-126.58664030998607
253.83501509892884,44.296436064032285,9.001080159279114,-5.310513281572934,-1.500849590629473,-126.50263283898148
253.85038418778905,44.29618638171501,9.001486160918965,-5.310036015756126,-1.4979435719844687,-126.41944927046994
253.86574329087665,44.29592255613036,9.001894923635973,-5.309556223687087,-1.4950423722353792,-126.33708774889394
253.88109241156232,44.29564460869128,9.002306438058314,-5.309073914032184,-1.4921459857656472,-126.25554641869535
253.89643155325345,44.2953525608027,9.002720694814144,-5.308589095450113,-1.4892544069490654,-126.17482342431622
253.91176071939412,44.29504643386147,9.003137684531636,-5.308101776591855,-1.486367630149811,-126.09491691019862
253.92707991346472,44.29472624925658,9.003557397838954,-5.307611966100687,-1.4834856497224878,-126.01582502078473
253.9423891389825,44.29439202836883,9.003979825364267,-5.307119672612192,-1.4806084600121037,-125.93754590051665
253.95768839950065,44.29404379257117,9.004404957735739,-5.306624904754242,-1.4777360553541428,-125.8600776938363
253.97297769860927,44.2936815632284,9.004832785581538,-5.306127671147002,-1.4748684300745385,-125.78341854518585
253.98825703993433,44.293305361697385,9.005263299529828,-5.305627980402928,-1.472005578489731,-125.70756659900746
254.00352642713835,44.292915209326935,9.005696490208779,-5.305125841126759,-1.4691474949066596,-125.63251999974311
254.0187858639201,44.29251112745776,9.006132348246556,-5.304621261915525,-1.4662941736227961,-125.55827689183496
254.03403535401418,44.292093137422675,9.006570864271326,-5.304114251358538,-1.4634456089261838,-125.48483541972492
254.0492749011918,44.29166126054632,9.007012028911255,-5.30360481803739,-1.4606017950954095,-125.41219372785537
254.0645045092597,44.2912155181454,9.007455832794516,-5.303092970525952,-1.4577627263996904,-125.34034996066808
254.07972418206106,44.290755931528494,9.007902266549262,-5.302578717390382,-1.4549283970988236,-125.26930226260528
254.0949339234747,44.290282521996225,9.008351320803671,-5.3020620671891034,-1.4520988014432672,-125.1990487781092
254.11013373741554,44.28979531084107,9.008802986185906,-5.301543028472823,-1.4492739336741258,-125.12958765162163
254.1253236278343,44.289294319347476,9.009257253324133,-5.301021609784515,-1.4464537880231743,-125.0609170275849
254.1405035987173,44.2887795687919,9.009714112846517,-5.300497819659425,-1.4436383587129056,-124.9930350504409
254.15567365408685,44.288251080442635,9.010173555381229,-5.299971666625077,-1.4408276399565079,-124.92593986463177
254.1708337980007,44.28770887556004,9.010635571556433,-5.299443159201253,-1.4380216259579317,-124.85962961459956
254.18598403455243,44.287152975396296,9.011100152000292,-5.298912305900014,-1.4352203109118662,-124.7941024447866
254.20112436787113,44.2865834011955,9.01156728734098,-5.298379115225677,-1.4324236890037922,-124.72935649963453
254.2162548021212,44.28600017419382,9.012036968206658,-5.297843595674831,-1.4296317544099986,-124.66538992358576
