galstreams/tracks/track.st.Pal5.starkman2020.ecsv
# %ECSV 0.9
# ---
# datatype:
# - {name: ra, unit: deg, datatype: float64}
# - {name: dec, unit: deg, datatype: float64}
# - {name: distance, unit: kpc, datatype: float64}
# - {name: pm_ra_cosdec, unit: mas / yr, datatype: float64}
# - {name: pm_dec, unit: mas / yr, datatype: float64}
# - {name: radial_velocity, unit: km / s, datatype: float64}
# delimiter: ','
# meta: !!omap
# - __serialized_columns__:
#     dec:
#       __class__: astropy.coordinates.angles.Latitude
#       unit: &id001 !astropy.units.Unit {unit: deg}
#       value: !astropy.table.SerializedColumn {name: dec}
#     distance:
#       __class__: astropy.coordinates.distances.Distance
#       unit: !astropy.units.Unit {unit: kpc}
#       value: !astropy.table.SerializedColumn {name: distance}
#     pm_dec:
#       __class__: astropy.units.quantity.Quantity
#       unit: !astropy.units.Unit {unit: mas / yr}
#       value: !astropy.table.SerializedColumn {name: pm_dec}
#     pm_ra_cosdec:
#       __class__: astropy.units.quantity.Quantity
#       unit: !astropy.units.Unit {unit: mas / yr}
#       value: !astropy.table.SerializedColumn {name: pm_ra_cosdec}
#     ra:
#       __class__: astropy.coordinates.angles.Longitude
#       unit: *id001
#       value: !astropy.table.SerializedColumn {name: ra}
#       wrap_angle: !astropy.coordinates.Angle
#         unit: *id001
#         value: 360.0
#     radial_velocity:
#       __class__: astropy.units.quantity.Quantity
#       unit: !astropy.units.Unit {unit: km / s}
#       value: !astropy.table.SerializedColumn {name: radial_velocity}
# schema: astropy-2.0
ra,dec,distance,pm_ra_cosdec,pm_dec,radial_velocity
240.3121812410191,5.230912164723603,22.500000000000014,0.0,0.0,0.0
240.3014258072993,5.228032135722734,22.500000000000014,0.0,0.0,0.0
240.29067248623778,5.225149452413247,22.500000000000014,0.0,0.0,0.0
240.2799212784183,5.222264114748628,22.500000000000014,0.0,0.0,0.0
240.2691721844245,5.219376122682011,22.500000000000014,0.0,0.0,0.0
240.2584252048396,5.216485476166386,22.500000000000014,0.0,0.0,0.0
240.24768034024655,5.213592175154489,22.50000000000001,0.0,0.0,0.0
240.23693759122764,5.210696219598798,22.50000000000001,0.0,0.0,0.0
240.22619695836522,5.207797609451551,22.500000000000014,0.0,0.0,0.0
240.215458442241,5.204896344664787,22.50000000000001,0.0,0.0,0.0
240.20472204343622,5.201992425190193,22.500000000000014,0.0,0.0,0.0
240.193987762532,5.199085850979322,22.500000000000018,0.0,0.0,0.0
240.18325560010908,5.196176621983452,22.500000000000014,0.0,0.0,0.0
240.17252555674762,5.193264738153614,22.500000000000014,0.0,0.0,0.0
240.16179763302756,5.190350199440601,22.500000000000014,0.0,0.0,0.0
240.15107182952852,5.187433005794999,22.500000000000007,0.0,0.0,0.0
240.14034814682964,5.1845131571670455,22.50000000000001,0.0,0.0,0.0
240.1296265855097,5.181590653506838,22.50000000000001,0.0,0.0,0.0
240.11890714614725,5.1786654947642,22.500000000000018,0.0,0.0,0.0
240.10818982932022,5.175737680888717,22.500000000000007,0.0,0.0,0.0
240.0974746356066,5.172807211829756,22.500000000000014,0.0,0.0,0.0
240.08676156558346,5.16987408753634,22.500000000000018,0.0,0.0,0.0
240.07605061982795,5.16693830795736,22.500000000000018,0.0,0.0,0.0
240.06534179891662,5.163999873041423,22.500000000000014,0.0,0.0,0.0
240.05463510342568,5.161058782736889,22.500000000000007,0.0,0.0,0.0
240.0439305339311,5.158115036991877,22.500000000000014,0.0,0.0,0.0
240.03322809100845,5.155168635754311,22.50000000000001,0.0,0.0,0.0
240.02252777523285,5.1522195789717395,22.500000000000018,0.0,0.0,0.0
240.01182958717897,5.149267866591596,22.500000000000014,0.0,0.0,0.0
240.0011335274213,5.146313498561023,22.500000000000007,0.0,0.0,0.0
239.99043959653395,5.1433564748269145,22.500000000000014,0.0,0.0,0.0
239.97974779509056,5.140396795335938,22.500000000000014,0.0,0.0,0.0
239.96905812366452,5.137434460034535,22.500000000000014,0.0,0.0,0.0
239.95837058282865,5.134469468868798,22.500000000000014,0.0,0.0,0.0
239.94768517315566,5.1315018217846875,22.500000000000014,0.0,0.0,0.0
239.93700189521772,5.1285315187278755,22.500000000000014,0.0,0.0,0.0
239.9263207495867,5.125558559643799,22.500000000000014,0.0,0.0,0.0
239.91564173683415,5.1225829444776405,22.50000000000001,0.0,0.0,0.0
239.9049648575312,5.1196046731743765,22.50000000000001,0.0,0.0,0.0
239.89429011224854,5.1166237456786305,22.500000000000018,0.0,0.0,0.0
239.88361750155659,5.113640161934887,22.500000000000014,0.0,0.0,0.0
239.8729470260254,5.110653921887349,22.50000000000001,0.0,0.0,0.0
239.8622786862246,5.107665025479971,22.500000000000014,0.0,0.0,0.0
239.85161248272368,5.104673472656502,22.50000000000001,0.0,0.0,0.0
239.8409484160913,5.101679263360333,22.500000000000007,0.0,0.0,0.0
239.83028648689617,5.098682397534718,22.500000000000018,0.0,0.0,0.0
239.81962669570652,5.095682875122627,22.500000000000014,0.0,0.0,0.0
239.80896904309012,5.0926806960667825,22.500000000000014,0.0,0.0,0.0
239.79831352961457,5.089675860309663,22.500000000000014,0.0,0.0,0.0
239.78766015584694,5.086668367793536,22.50000000000001,0.0,0.0,0.0
239.77700892235384,5.083658218460313,22.500000000000007,0.0,0.0,0.0
239.76635982970186,5.080645412251756,22.50000000000001,0.0,0.0,0.0
239.75571287845688,5.077629949109363,22.500000000000014,0.0,0.0,0.0
239.7450680691847,5.074611828974363,22.500000000000014,0.0,0.0,0.0
239.73442540245046,5.071591051787798,22.500000000000014,0.0,0.0,0.0
239.72378487881917,5.068567617490327,22.500000000000014,0.0,0.0,0.0
239.71314649885525,5.0655415260224865,22.50000000000001,0.0,0.0,0.0
239.70251026312317,5.062512777324526,22.500000000000007,0.0,0.0,0.0
239.69187617218657,5.05948137133644,22.500000000000014,0.0,0.0,0.0
239.68124422660895,5.056447307997983,22.50000000000001,0.0,0.0,0.0
239.67061442695353,5.053410587248693,22.500000000000014,0.0,0.0,0.0
239.6599867737829,5.050371209027746,22.500000000000014,0.0,0.0,0.0
239.64936126765954,5.047329173274188,22.500000000000018,0.0,0.0,0.0
239.63873790914545,5.04428447992677,22.500000000000014,0.0,0.0,0.0
239.62811669880224,5.0412371289239974,22.500000000000014,0.0,0.0,0.0
239.6174976371912,5.038187120204125,22.500000000000014,0.0,0.0,0.0
239.60688072487338,5.035134453705201,22.500000000000014,0.0,0.0,0.0
239.5962659624092,5.032079129364904,22.500000000000014,0.0,0.0,0.0
239.5856533503589,5.029021147120778,22.500000000000014,0.0,0.0,0.0
239.57504288928232,5.025960506910084,22.500000000000007,0.0,0.0,0.0
239.56443457973901,5.022897208669823,22.500000000000014,0.0,0.0,0.0
239.55382842228798,5.019831252336754,22.500000000000014,0.0,0.0,0.0
239.54322441748803,5.016762637847419,22.500000000000014,0.0,0.0,0.0
239.53262256589755,5.013691365138005,22.50000000000001,0.0,0.0,0.0
239.52202286807452,5.010617434144544,22.500000000000014,0.0,0.0,0.0
239.51142532457663,5.007540844802802,22.50000000000001,0.0,0.0,0.0
239.50082993596118,5.004461597048272,22.500000000000014,0.0,0.0,0.0
239.49023670278515,5.001379690816248,22.50000000000001,0.0,0.0,0.0
239.47964562560503,4.998295126041652,22.500000000000018,0.0,0.0,0.0
239.46905670497708,4.995207902659277,22.500000000000014,0.0,0.0,0.0
239.4584699414571,4.992118020603614,22.50000000000001,0.0,0.0,0.0
239.4478853356006,4.989025479808915,22.500000000000014,0.0,0.0,0.0
239.43730288796277,4.985930280209175,22.50000000000001,0.0,0.0,0.0
239.42672259909833,4.982832421738167,22.500000000000014,0.0,0.0,0.0
239.4161444695616,4.979731904329312,22.500000000000007,0.0,0.0,0.0
239.40556849990676,4.976628727915881,22.500000000000014,0.0,0.0,0.0
239.39499469068735,4.973522892430862,22.50000000000001,0.0,0.0,0.0
239.38442304245677,4.970414397806992,22.50000000000001,0.0,0.0,0.0
239.37385355576797,4.967303243976747,22.500000000000018,0.0,0.0,0.0
239.3632862311735,4.964189430872391,22.500000000000014,0.0,0.0,0.0
239.35272106922562,4.961072958425831,22.50000000000001,0.0,0.0,0.0
239.34215807047622,4.95795382656882,22.500000000000014,0.0,0.0,0.0
239.33159723547678,4.95483203523283,22.500000000000007,0.0,0.0,0.0
239.32103856477843,4.951707584349079,22.50000000000001,0.0,0.0,0.0
239.31048205893205,4.948580473848558,22.50000000000001,0.0,0.0,0.0
239.29992771848794,4.945450703661908,22.500000000000014,0.0,0.0,0.0
239.2893755439962,4.942318273719621,22.500000000000014,0.0,0.0,0.0
239.27882553600656,4.939183183951896,22.500000000000014,0.0,0.0,0.0
239.26827769506835,4.936045434288679,22.500000000000018,0.0,0.0,0.0
239.25773202173053,4.932905024659665,22.500000000000014,0.0,0.0,0.0
239.24718851654183,4.929761954994332,22.50000000000001,0.0,0.0,0.0
239.23664718005037,4.926616225221781,22.500000000000014,0.0,0.0,0.0
239.22610801280405,4.923467835270989,22.500000000000007,0.0,0.0,0.0
239.21557101535052,4.920316785070627,22.500000000000018,0.0,0.0,0.0
239.20503618823693,4.917163074549118,22.500000000000007,0.0,0.0,0.0
239.19450353201006,4.914006703634621,22.500000000000014,0.0,0.0,0.0
239.18397304721643,4.910847672255093,22.500000000000014,0.0,0.0,0.0
239.173444734402,4.907685980338108,22.50000000000001,0.0,0.0,0.0
239.16291859411268,4.904521627811105,22.500000000000014,0.0,0.0,0.0
239.15239462689374,4.901354614601228,22.50000000000001,0.0,0.0,0.0
239.14187283329022,4.898184940635368,22.50000000000001,0.0,0.0,0.0
239.13135321384686,4.8950126058401935,22.500000000000018,0.0,0.0,0.0
239.12083576910786,4.89183761014201,22.500000000000014,0.0,0.0,0.0
239.1103204996172,4.888659953466973,22.500000000000014,0.0,0.0,0.0
239.09980740591843,4.885479635740952,22.50000000000001,0.0,0.0,0.0
239.08929648855488,4.882296656889552,22.50000000000001,0.0,0.0,0.0
239.07878774806926,4.879111016838129,22.50000000000001,0.0,0.0,0.0
239.0682811850042,4.875922715511813,22.50000000000001,0.0,0.0,0.0
239.05777679990183,4.8727317528353735,22.500000000000014,0.0,0.0,0.0
239.04727459330383,4.869538128733428,22.500000000000014,0.0,0.0,0.0
239.03677456575178,4.8663418431303045,22.500000000000014,0.0,0.0,0.0
239.02627671778663,4.863142895950071,22.500000000000014,0.0,0.0,0.0
239.01578104994914,4.859941287116541,22.500000000000014,0.0,0.0,0.0
239.00528756277973,4.856737016553308,22.50000000000001,0.0,0.0,0.0
238.9947962568182,4.853530084183589,22.500000000000014,0.0,0.0,0.0
238.9843071326044,4.850320489930465,22.500000000000014,0.0,0.0,0.0
238.9738201906775,4.847108233716718,22.500000000000014,0.0,0.0,0.0
238.9633354315764,4.843893315464874,22.500000000000014,0.0,0.0,0.0
238.95285285583975,4.840675735097197,22.50000000000001,0.0,0.0,0.0
238.9423724640057,4.837455492535733,22.500000000000018,0.0,0.0,0.0
238.93189425661208,4.834232587702161,22.500000000000014,0.0,0.0,0.0
238.92141823419635,4.831007020518008,22.500000000000018,0.0,0.0,0.0
238.91094439729576,4.8277787909045085,22.500000000000007,0.0,0.0,0.0
238.900472746447,4.824547898782635,22.500000000000014,0.0,0.0,0.0
238.89000328218648,4.821314344073145,22.500000000000007,0.0,0.0,0.0
238.87953600505026,4.818078126696419,22.50000000000002,0.0,0.0,0.0
238.869070915574,4.8148392465726975,22.500000000000014,0.0,0.0,0.0
238.85860801429314,4.811597703621918,22.500000000000007,0.0,0.0,0.0
238.84814730174267,4.808353497763758,22.500000000000014,0.0,0.0,0.0
238.8376887784571,4.805106628917642,22.500000000000018,0.0,0.0,0.0
238.82723244497086,4.8018570970027685,22.50000000000001,0.0,0.0,0.0
238.8167783018177,4.798604901937966,22.500000000000014,0.0,0.0,0.0
238.80632634953125,4.795350043641915,22.50000000000001,0.0,0.0,0.0
238.79587658864472,4.792092522032999,22.50000000000001,0.0,0.0,0.0
238.78542901969095,4.788832337029336,22.500000000000014,0.0,0.0,0.0
238.7749836432025,4.7855694885488305,22.500000000000014,0.0,0.0,0.0
238.76454045971136,4.782303976509014,22.500000000000018,0.0,0.0,0.0
238.7540994697494,4.779035800827261,22.500000000000014,0.0,0.0,0.0
238.743660673848,4.775764961420656,22.500000000000014,0.0,0.0,0.0
238.73322407253826,4.772491458206019,22.500000000000018,0.0,0.0,0.0
238.72278966635085,4.769215291099915,22.500000000000014,0.0,0.0,0.0
238.71235745581623,4.765936460018677,22.500000000000014,0.0,0.0,0.0
238.70192744146428,4.762654964878272,22.500000000000014,0.0,0.0,0.0
238.69149962382465,4.759370805594516,22.500000000000018,0.0,0.0,0.0
238.68107400342657,4.756083982082926,22.500000000000014,0.0,0.0,0.0
238.67065058079913,4.752794494258757,22.500000000000014,0.0,0.0,0.0
238.6602293564708,4.7495023420370055,22.50000000000001,0.0,0.0,0.0
238.64981033096987,4.746207525332439,22.500000000000014,0.0,0.0,0.0
238.63939350482408,4.7429100440594585,22.50000000000001,0.0,0.0,0.0
238.62897887856104,4.739609898132304,22.500000000000014,0.0,0.0,0.0
238.61856645270794,4.7363070874649305,22.500000000000007,0.0,0.0,0.0
238.60815622779143,4.733001611971022,22.500000000000018,0.0,0.0,0.0
238.59774820433807,4.729693471563998,22.500000000000014,0.0,0.0,0.0
238.58734238287394,4.726382666157065,22.500000000000014,0.0,0.0,0.0
238.57693876392477,4.723069195663038,22.500000000000018,0.0,0.0,0.0
238.56653734801588,4.719753059994601,22.500000000000014,0.0,0.0,0.0
238.55613813567234,4.716434259064122,22.500000000000014,0.0,0.0,0.0
238.54574112741892,4.713112792783713,22.500000000000018,0.0,0.0,0.0
238.5353463237798,4.709788661065261,22.500000000000018,0.0,0.0,0.0
238.52495372527898,4.706461863820278,22.500000000000018,0.0,0.0,0.0
238.51456333244005,4.703132400960125,22.500000000000014,0.0,0.0,0.0
238.50417514578632,4.699800272395854,22.50000000000001,0.0,0.0,0.0
238.49378916584067,4.69646547803827,22.500000000000014,0.0,0.0,0.0
238.4834053931256,4.6931280177979,22.500000000000014,0.0,0.0,0.0
238.47302382816346,4.689787891585053,22.50000000000001,0.0,0.0,0.0
238.46264447147587,4.686445099309657,22.500000000000014,0.0,0.0,0.0
238.45226732358446,4.683099640881498,22.50000000000001,0.0,0.0,0.0
238.4418923850104,4.679751516210046,22.500000000000014,0.0,0.0,0.0
238.43151965627433,4.676400725204518,22.500000000000018,0.0,0.0,0.0
238.4211491378968,4.673047267773866,22.50000000000001,0.0,0.0,0.0
238.4107808303979,4.669691143826809,22.500000000000014,0.0,0.0,0.0
238.40041473429724,4.666332353271692,22.500000000000018,0.0,0.0,0.0
238.39005085011425,4.662970896016719,22.50000000000001,0.0,0.0,0.0
238.37968917836795,4.659606771969774,22.50000000000001,0.0,0.0,0.0
238.369329719577,4.65623998103848,22.500000000000014,0.0,0.0,0.0
238.3589724742598,4.652870523130248,22.500000000000014,0.0,0.0,0.0
238.3486174429341,4.649498398152094,22.500000000000014,0.0,0.0,0.0
238.33826462611773,4.646123606010889,22.500000000000018,0.0,0.0,0.0
238.3279140243278,4.642746146613201,22.500000000000014,0.0,0.0,0.0
238.3175656380813,4.639366019865337,22.500000000000014,0.0,0.0,0.0
238.30721946789475,4.635983225673324,22.500000000000014,0.0,0.0,0.0
238.2968755142844,4.63259776394298,22.50000000000001,0.0,0.0,0.0
238.286533777766,4.6292096345797304,22.500000000000014,0.0,0.0,0.0
238.27619425885513,4.625818837488853,22.500000000000014,0.0,0.0,0.0
238.26585695806693,4.622425372575324,22.50000000000001,0.0,0.0,0.0
238.25552187591612,4.619029239743851,22.500000000000014,0.0,0.0,0.0
238.24518901291725,4.615630438898877,22.50000000000001,0.0,0.0,0.0
238.23485836958437,4.612228969944613,22.500000000000018,0.0,0.0,0.0
238.2245299464312,4.6088248327848955,22.50000000000001,0.0,0.0,0.0
238.21420374397118,4.605418027323406,22.500000000000014,0.0,0.0,0.0
238.2038797627173,4.60200855346352,22.50000000000001,0.0,0.0,0.0
238.19355800318226,4.598596411108347,22.50000000000001,0.0,0.0,0.0
238.18323846587847,4.595181600160769,22.500000000000014,0.0,0.0,0.0
238.17292115131778,4.591764120523287,22.500000000000014,0.0,0.0,0.0
238.16260606001194,4.588343972098252,22.500000000000014,0.0,0.0,0.0
238.1522931924722,4.584921154787701,22.500000000000014,0.0,0.0,0.0
238.14198254920953,4.58149566849341,22.500000000000014,0.0,0.0,0.0
238.1316741307345,4.578067513116891,22.500000000000014,0.0,0.0,0.0
238.12136793755738,4.574636688559417,22.500000000000014,0.0,0.0,0.0
238.111063970188,4.571203194721893,22.500000000000014,0.0,0.0,0.0
238.10076222913588,4.567767031505059,22.50000000000001,0.0,0.0,0.0
238.09046271491027,4.5643281988093465,22.500000000000018,0.0,0.0,0.0
238.08016542802,4.5608866965349355,22.500000000000018,0.0,0.0,0.0
238.0698703689736,4.557442524581723,22.50000000000001,0.0,0.0,0.0
238.0595775382792,4.553995682849381,22.500000000000014,0.0,0.0,0.0
238.04928693644447,4.5505461712372,22.500000000000007,0.0,0.0,0.0
238.03899856397697,4.547093989644316,22.500000000000014,0.0,0.0,0.0
238.0287124213838,4.543639137969558,22.500000000000014,0.0,0.0,0.0
238.01842850917163,4.540181616111488,22.500000000000014,0.0,0.0,0.0
238.00814682784699,4.536721423968397,22.500000000000007,0.0,0.0,0.0
237.99786737791584,4.533258561438342,22.500000000000014,0.0,0.0,0.0
237.9875901598839,4.529793028419012,22.50000000000001,0.0,0.0,0.0
237.97731517425643,4.5263248248079195,22.500000000000014,0.0,0.0,0.0
237.96704242153857,4.522853950502291,22.500000000000014,0.0,0.0,0.0
237.95677190223486,4.519380405399066,22.50000000000001,0.0,0.0,0.0
237.9465036168498,4.515904189394965,22.500000000000014,0.0,0.0,0.0
237.93623756588715,4.512425302386321,22.500000000000014,0.0,0.0,0.0
237.9259737498506,4.508943744269313,22.500000000000014,0.0,0.0,0.0
237.91571216924342,4.505459514939807,22.50000000000001,0.0,0.0,0.0
237.9054528245685,4.501972614293408,22.500000000000014,0.0,0.0,0.0
237.89519571632852,4.49848304222544,22.500000000000014,0.0,0.0,0.0
237.88494084502554,4.494990798631007,22.500000000000007,0.0,0.0,0.0
237.87468821116158,4.491495883404821,22.500000000000014,0.0,0.0,0.0
237.86443781523803,4.487998296441445,22.500000000000018,0.0,0.0,0.0
237.85418965775617,4.484498037635127,22.50000000000001,0.0,0.0,0.0
237.8439437392168,4.480995106879847,22.500000000000014,0.0,0.0,0.0
237.83370006012052,4.477489504069351,22.50000000000001,0.0,0.0,0.0
