galstreams/tracks/track.st.NGC6101.ibata2021.ecsv
# %ECSV 0.9
# ---
# datatype:
# - {name: ra, unit: deg, datatype: float64}
# - {name: dec, unit: deg, datatype: float64}
# - {name: distance, unit: kpc, datatype: float64}
# - {name: pm_ra_cosdec, unit: mas / yr, datatype: float64}
# - {name: pm_dec, unit: mas / yr, datatype: float64}
# - {name: radial_velocity, unit: km / s, datatype: float64}
# delimiter: ','
# meta: !!omap
# - __serialized_columns__:
#     dec:
#       __class__: astropy.coordinates.angles.Latitude
#       unit: &id001 !astropy.units.Unit {unit: deg}
#       value: !astropy.table.SerializedColumn {name: dec}
#     distance:
#       __class__: astropy.coordinates.distances.Distance
#       unit: !astropy.units.Unit {unit: kpc}
#       value: !astropy.table.SerializedColumn {name: distance}
#     pm_dec:
#       __class__: astropy.units.quantity.Quantity
#       unit: !astropy.units.Unit {unit: mas / yr}
#       value: !astropy.table.SerializedColumn {name: pm_dec}
#     pm_ra_cosdec:
#       __class__: astropy.units.quantity.Quantity
#       unit: !astropy.units.Unit {unit: mas / yr}
#       value: !astropy.table.SerializedColumn {name: pm_ra_cosdec}
#     ra:
#       __class__: astropy.coordinates.angles.Longitude
#       unit: *id001
#       value: !astropy.table.SerializedColumn {name: ra}
#       wrap_angle: !astropy.coordinates.Angle
#         unit: *id001
#         value: 360.0
#     radial_velocity:
#       __class__: astropy.units.quantity.Quantity
#       unit: !astropy.units.Unit {unit: km / s}
#       value: !astropy.table.SerializedColumn {name: radial_velocity}
# schema: astropy-2.0
ra,dec,distance,pm_ra_cosdec,pm_dec,radial_velocity
[from data line 135]
246.99070859489524,-72.22234267169827,15.209009686377646,1.558238369129103,-0.3825184646254154,-5.2629794561702114e-14
247.0205157426516,-72.21803612030942,15.210512868382008,1.558114117378945,-0.38317721257781634,-4.210383564936169e-14
247.05031228028898,-72.21372803458688,15.211992360263215,1.5579926893040321,-0.38382522732441193,-5.2629794561702114e-14
247.0800982137983,-72.20941841486331,15.213448235299554,1.5578740659595658,-0.38446253120984164,-4.8419410996765944e-14
247.10987354916438,-72.2051072614695,15.214880566769303,1.5577582284614284,-0.3850891466026535,-1.9999321933446802e-14
247.13963829236425,-72.20079457473447,15.21628942795076,1.5576451579861386,-0.385705095895245,-4.105123975812765e-14
247.16939244936904,-72.1964803549854,15.217674892122202,1.557534835770834,-0.38631040150371937,-4.9472006887999985e-14
247.19913602614216,-72.19216460254773,15.219037032561916,1.5574272431132226,-0.3869050858678316,-1.5788938368510635e-14
247.22886902864047,-72.18784731774505,15.22037592254818,1.557322361371561,-0.38748917145085915,-3.5788260301957434e-14
247.2585914628143,-72.18352850089917,15.22169163535929,1.5572201719646157,-0.38806268073950784,-1.9999321933446802e-14
247.28830333460624,-72.1792081523302,15.222984244273528,1.5571206563716276,-0.3886256362438415,-3.684085619319148e-14
247.31800464995288,-72.17488627235632,15.224253822569176,1.5570237961322855,-0.38917806049713927,-3.9998643866893604e-14
247.3476954147832,-72.17056286129406,15.225500443524524,1.5569295728466856,-0.3897199760558449,-5.4734986344170195e-14
247.37737563502,-72.16623791945814,15.22672418041785,1.5568379681753026,-0.39025140549942694,-4.631421921429786e-14
247.4070453165784,-72.1619114471615,15.227925106527442,1.5567489638389524,-0.39077237143032134,-4.631421921429786e-14
247.43670446536743,-72.15758344471531,15.229103295131585,1.5566625416187634,-0.39128289647379616,-4.315643154059573e-14
247.46635308728855,-72.15325391242905,15.230258819508574,1.5565786833561333,-0.3917830032778923,-2.8420089063319142e-14
247.4959911882369,-72.14892285061033,15.23139175293668,1.556497370952708,-0.3922727145132917,-3.684085619319148e-14
247.52561877410025,-72.14459025956515,15.232502168694193,1.5564185863703381,-0.39275205287325354,-3.0525280845787224e-14
247.55523585076,-72.14025613959762,15.233590140059405,1.5563423116310475,-0.3932210410734859,-1.6841534259744676e-14
247.58484242409,-72.13592049101024,15.234655740310586,1.556268528817001,-0.3936797018520851,-3.4735664410723393e-14
247.6144384999579,-72.1315833141037,15.235699042726036,1.5561972200704681,-0.3941280579694038,-2.4209705498382972e-14
247.6440240842243,-72.12724460917694,15.236720120584039,1.5561283675937925,-0.394566132207977,-4.315643154059573e-14
247.6735991827425,-72.12290437652725,15.237719047162871,1.5560619536493498,-0.3949939473724312,-3.5788260301957434e-14
247.7031638013595,-72.11856261645009,15.238695895740824,1.5559979605595249,-0.3954115262893647,-4.73668151055319e-14
247.7327179459149,-72.11421932923933,15.239650739596177,1.5559363707066667,-0.39581889180728363,-3.684085619319148e-14
247.762261622242,-72.10987451518702,15.240583652007224,1.5558771665330609,-0.39621606679647503,-3.789345208442552e-14
247.79179483616653,-72.10552817458355,15.24149470625224,1.5558203305408904,-0.39660307414894436,-4.4209027431829774e-14
247.82131759350813,-72.10118030771756,15.242383975609519,1.555765845292209,-0.3969799367782854,-3.5788260301957434e-14
247.85082990007876,-72.09683091487608,15.243251533357345,1.5557136934088933,-0.39734667761962533,-4.315643154059573e-14
247.8803317616843,-72.0924799963443,15.244097452773998,1.5556638575726247,-0.3977033196294896,-4.105123975812765e-14
247.909823184123,-72.08812755240585,15.244921807137771,1.5556163205248386,-0.3980498857857454,-3.789345208442552e-14
247.939304173187,-72.08377358334259,15.245724669726938,1.5555710650667038,-0.39838639908747503,-5.157719867046807e-14
247.96877473466088,-72.07941808943474,15.246506113819791,1.555528074059076,-0.39871288255491044,-1.473634247727659e-14
247.99823487432292,-72.07506107096077,15.247266212694619,1.5554873304224712,-0.3990293592293151,-3.263047262825531e-14
248.02768459794396,-72.0707025281976,15.2480050396297,1.5554488171370255,-0.3993358521729143,-3.789345208442552e-14
248.05712391128856,-72.06634246142035,15.248722667903321,1.5554125172424649,-0.3996323844687764,-3.4735664410723393e-14
248.0865528201142,-72.0619808709025,15.24941917079377,1.5553784138380669,-0.39991897922073544,-4.631421921429786e-14
248.11597133017125,-72.05761775691593,15.250094621579334,1.555346490082624,-0.40019565955330516,-3.5788260301957434e-14
248.1453794472037,-72.05325311973078,15.250749093538289,1.5553167291944159,-0.40046244861156133,-2.6314897280851057e-14
248.17477717694806,-72.0488869596156,15.251382659948927,1.5552891144511645,-0.4007193695610812,-5.4734986344170195e-14
248.2041645251348,-72.04451927683724,15.251995394089533,1.5552636291900073,-0.4009664455878133,-2.7367493172085098e-14
248.23354149748656,-72.04015007166093,15.252587369238393,1.555240256807454,-0.4012036998980286,-4.105123975812765e-14
248.26290809972014,-72.03577934435022,15.253158658673785,1.5552189807593615,-0.4014311557181825,-1.3683746586042549e-14
248.2922643375445,-72.0314070951671,15.253709335674001,1.555199784560886,-0.40164883629486914,-4.105123975812765e-14
248.32161021666272,-72.0270333243718,15.254239473517325,1.5551826517864609,-0.40185676489468314,-5.3682390452936155e-14
248.35094574277016,-72.02265803222306,15.254749145482043,1.555167566069748,-0.4020549648041707,-5.4734986344170195e-14
248.38027092155613,-72.01828121897789,15.255238424846437,1.5551545111036158,-0.4022434593297016,-4.4209027431829774e-14
248.40958575870226,-72.01390288489172,15.255707384888797,1.5551434706400875,-0.40242227179741213,-4.631421921429786e-14
248.43889025988403,-72.00952303021836,15.256156098887404,1.555134428490323,-0.40259142555308214,-3.157787673702127e-14
248.46818443076995,-72.00514165520997,15.256584640120545,1.5551273685245726,-0.4027509439620607,-2.8420089063319142e-14
248.49746827702126,-72.00075876011717,15.256993081866502,1.5551222746721385,-0.4029008504091842,-2.6314897280851057e-14
248.52674180429295,-71.99637434518888,15.257381497403566,1.555119130921351,-0.40304116829865777,-3.157787673702127e-14
248.55600501823258,-71.99198841067253,15.257749960010019,1.5551179213195188,-0.403171921053999,-3.684085619319148e-14
248.58525792448157,-71.98760095681385,15.258098542964142,1.5551186299729076,-0.40329313211791157,-3.8946047975659563e-14
248.61450052867372,-71.98321198385705,15.258427319544229,1.5551212410466868,-0.4034048249522328,-4.105123975812765e-14
248.64373283643684,-71.97882149204467,15.258736363028559,1.555125738764913,-0.4035070230378051,-3.368306851948935e-14
248.67295485339105,-71.9744294816178,15.259025746695412,1.5551321074104762,-0.40359974987442526,-2.6314897280851057e-14
248.70216658515048,-71.97003595281578,15.25929554382309,1.5551403313250765,-0.40368302898071434,-1.473634247727659e-14
248.7313680373216,-71.9656409058765,15.259545827689864,1.5551503949091787,-0.4037568838940712,-3.263047262825531e-14
248.76055921550497,-71.9612443410362,15.259776671574024,1.5551622826219866,-0.40382133817053645,-2.5262301389617013e-14
248.78974012529338,-71.95684625852964,15.259988148753854,1.555175978981394,-0.40387641538475155,-3.263047262825531e-14
248.8189107722737,-71.95244665858988,15.260180332507638,1.5551914685639592,-0.40392213912982305,-2.947268495455318e-14
248.84807116202515,-71.94804554144858,15.260353296113662,1.5552087360048603,-0.4039585330172779,-2.8420089063319142e-14
248.87722130012077,-71.9436429073357,15.260507112850211,1.5552277659978697,-0.40398562067693755,-3.8946047975659563e-14
248.9063611921267,-71.93923875647972,15.260641855995576,1.5552485432953052,-0.40400342575684545,-4.315643154059573e-14
248.93549084360183,-71.93483308910758,15.260757598828034,1.5552710527079998,-0.4040119719231916,-3.684085619319148e-14
248.96461026009882,-71.93042590544464,15.260854414625873,1.5552952791052668,-0.4040112828601958,-3.9998643866893604e-14
248.993719447163,-71.92601720571474,15.260932376667379,1.5553212074148588,-0.40400138227004745,-3.368306851948935e-14
249.0228184103334,-71.92160699014016,15.260991558230836,1.5553488226229348,-0.40398229387279183,-2.8420089063319142e-14
249.05190715514172,-71.9171952589417,15.261032032594533,1.5553781097740198,-0.40395404140627134,-3.157787673702127e-14
249.0809856871134,-71.91278201233855,15.261053873036747,1.555409053970975,-0.4039166486260049,-4.5261623323063815e-14
249.1100540117666,-71.90836725054848,15.26105715283577,1.5554416403749478,-0.4038701393051339,-3.8946047975659563e-14
249.1391121346132,-71.90395097378763,15.261041945269888,1.555475854205354,-0.403814537234302,-4.5261623323063815e-14
249.16816006115766,-71.89953318227072,15.261008323617382,1.55551168073982,-0.40374986622160325,-4.210383564936169e-14
249.19719779689837,-71.89511387621086,15.26095636115654,1.555549105314165,-0.4036761500924571,-1.1578554803574466e-14
249.22622534732608,-71.89069305581975,15.260886131165643,1.5555881133223475,-0.4035934126895632,-4.5261623323063815e-14
249.25524271792557,-71.88627072130754,15.260797706922983,1.555628690216443,-0.40350167787277136,-1.894672604221276e-14
249.28424991417455,-71.88184687288283,15.260691161706834,1.5556708215065964,-0.4034009695190253,-4.105123975812765e-14
249.3132469415437,-71.87742151075285,15.260566568795495,1.5557144927609876,-0.4032913115222733,-2.315710960714893e-14
249.34223380549733,-71.87299463512319,15.260424001467245,1.555759689605797,-0.4031727277933651,-3.5788260301957434e-14
249.37121051149248,-71.86856624619807,15.260263533000364,1.5558063977251673,-0.40304524225998883,-3.5788260301957434e-14
249.4001770649801,-71.86413634418015,15.260085236673143,1.5558546028611637,-0.40290887886655824,-1.7894130150978717e-14
249.42913347140362,-71.85970492927069,15.259889185763866,1.555904290813738,-0.402763661574162,-2.4209705498382972e-14
249.45807973620038,-71.85527200166936,15.25967545355082,1.555955447440695,-0.402609614360437,-2.6314897280851057e-14
249.48701586480027,-71.85083756157447,15.259444113312288,1.5560080586576481,-0.4024467612195235,-4.4209027431829774e-14
249.51594186262724,-71.84640160918276,15.259195238326557,1.5560621104379881,-0.40227512616194216,-5.3682390452936155e-14
249.54485773509768,-71.84196414468963,15.25892890187191,1.556117588812842,-0.4020947332145457,-4.210383564936169e-14
249.57376348762187,-71.83752516828886,15.258645177226631,1.5561744798710389,-0.4019056064203992,-4.315643154059573e-14
249.60265912560274,-71.83308468017295,15.258344137669008,1.5562327697590654,-0.40170776983872813,-4.105123975812765e-14
249.63154465443714,-71.82864268053278,15.258025856477328,1.55629244468104,-0.401501247544801,-3.684085619319148e-14
249.66042007951444,-71.82419916955794,15.257690406929868,1.556353490898663,-0.401286063629878,-2.7367493172085098e-14
249.68928540621783,-71.81975414743644,15.257337862304924,1.5564158947311844,-0.40106224220109826,-2.2104513715914887e-14
249.71814063992375,-71.8153076143549,15.256968295880771,1.556479642555371,-0.40082980738140744,-1.473634247727659e-14
249.74698578600132,-71.81085957049852,15.256581780935704,1.5565447208054577,-0.4005887833094869,-4.210383564936169e-14
249.77582084981378,-71.80641001605106,15.256178390747998,1.5566111159731209,-0.4003391941396385,-1.5788938368510635e-14
249.80464583671676,-71.80195895119486,15.255758198595949,1.5566788146074302,-0.400081064041739,-1.2631150694808506e-14
249.83346075205995,-71.79750637611079,15.255321277757831,1.55674780331482,-0.3998144172011192,-2.1051917824680846e-14
249.8622656011856,-71.79305229097837,15.254867701511936,1.5568180687590456,-0.39953927781851467,-1.5788938368510635e-14
249.8910603894299,-71.78859669597561,15.25439754313655,1.556889597661148,-0.39925567010995056,-4.315643154059573e-14
249.91984512212176,-71.78413959127921,15.253910875909956,1.5569623767994125,-0.39896361830668947,-4.8419410996765944e-14
249.94861980458387,-71.77968097706439,15.253407773110432,1.5570363930093374,-0.3986631466551177,-3.8946047975659563e-14
249.97738444213167,-71.77522085350499,15.252888308016278,1.5571116331835848,-0.39835427941669616,-4.73668151055319e-14
250.0061390400745,-71.77075922077341,15.25235255390577,1.5571880842719572,-0.3980370408678408,-3.684085619319148e-14
250.0348836037143,-71.76629607904073,15.251800584057195,1.5572657332813447,-0.397711455299878,-4.105123975812765e-14
250.06361813834704,-71.76183142847657,15.251232471748835,1.5573445672756983,-0.3973775470189257,-1.5788938368510635e-14
250.09234264926118,-71.75736526924919,15.250648290258981,1.5574245733759815,-0.39703534034584875,-3.9998643866893604e-14
250.12105714173924,-71.75289760152546,15.250048112865914,1.5575057387601436,-0.39668485961613953,-3.368306851948935e-14
250.1497616210568,-71.74842842547083,15.24943201284792,1.5575880506630715,-0.39632612917985904,-5.578758223540424e-14
250.1784560924824,-71.74395774124946,15.248800063483285,1.5576714963765532,-0.39595917340155834,-3.263047262825531e-14
250.20714056127844,-71.73948554902402,15.248152338050293,1.5577560632492464,-0.3955840166601765,-2.315710960714893e-14
250.2358150327,-71.73501184895593,15.247488909827231,1.5578417386866281,-0.3952006833489875,-4.315643154059573e-14
250.2644795119962,-71.73053664120513,15.246809852092381,1.5579285101509692,-0.394809197875483,-4.631421921429786e-14
250.29313400440884,-71.72605992593031,15.24611523812403,1.5580163651612846,-0.3944095846613313,-2.5262301389617013e-14
250.32177851517358,-71.72158170328866,15.245405141200468,1.558105291293303,-0.39400186814225907,-2.4209705498382972e-14
250.35041304951878,-71.7171019734362,15.244679634599972,1.5581952761794218,-0.3935860727680075,-4.210383564936169e-14
250.37903761266693,-71.71262073652738,15.243938791600831,1.5582863075086753,-0.3931622230022096,-3.5788260301957434e-14
250.40765220983303,-71.70813799271549,15.243182685481331,1.5583783730266882,-0.39273034332235457,-3.0525280845787224e-14
250.43625684622612,-71.70365374215238,15.242411389519752,1.5584714605356442,-0.39229045821966757,-3.5788260301957434e-14
250.464851527048,-71.6991679849886,15.241624976994387,1.5585655578942417,-0.39184259219906203,-1.6841534259744676e-14
250.49343625749412,-71.69468072137335,15.240823521183522,1.5586606530176579,-0.39138676977903747,-4.4209027431829774e-14
250.5220110427536,-71.69019195145445,15.240007095365433,1.5587567338775128,-0.39092301549159936,-3.368306851948935e-14
250.55057588800813,-71.68570167537848,15.239175772818406,1.5588537885018205,-0.39045135388220703,-1.9999321933446802e-14
250.57913079843343,-71.6812098932906,15.238329626820736,1.5589518049749622,-0.38997180950965626,-3.368306851948935e-14
250.60767577919808,-71.67671660533478,15.237468730650695,1.5590507714376383,-0.38948440694603287,-4.105123975812765e-14
250.63621083546454,-71.67222181165351,15.236593157586578,1.5591506760868363,-0.3889891707766024,-4.631421921429786e-14
250.66473597238814,-71.66772551238813,15.235702980906671,1.5592515071757829,-0.38848612559976387,-3.157787673702127e-14
250.693251195118,-71.6632277076785,15.234798273889252,1.5593532530139176,-0.38797529602694003,-4.8419410996765944e-14
250.72175650879623,-71.65872839766334,15.233879109812612,1.5594559019668404,-0.3874567066825249,-1.5788938368510635e-14
250.75025191855866,-71.65422758247995,15.232945561955034,1.559559442456282,-0.3869303822037831,-3.684085619319148e-14
250.77873742953415,-71.6497252622644,15.231997703594798,1.5596638629600599,-0.3863963472407904,-1.7894130150978717e-14
250.80721304684536,-71.64522143715138,15.231035608010203,1.5597691520120422,-0.3858546264563353,-3.9998643866893604e-14
250.83567877560785,-71.64071610727443,15.230059348479518,1.559875298202105,-0.38530524452586495,-4.105123975812765e-14
