galstreams/tracks/track.st.Jhelum-a.bonaca2019.ecsv
# %ECSV 1.0
# ---
# datatype:
# - {name: ra, unit: deg, datatype: float64}
# - {name: dec, unit: deg, datatype: float64}
# - {name: distance, unit: kpc, datatype: float64}
# - {name: pm_ra_cosdec, unit: mas / yr, datatype: float64}
# - {name: pm_dec, unit: mas / yr, datatype: float64}
# - {name: radial_velocity, unit: km / s, datatype: float64}
# delimiter: ','
# meta: !!omap
# - __serialized_columns__:
#     dec:
#       __class__: astropy.coordinates.angles.Latitude
#       unit: &id001 !astropy.units.Unit {unit: deg}
#       value: !astropy.table.SerializedColumn {name: dec}
#     distance:
#       __class__: astropy.coordinates.distances.Distance
#       unit: !astropy.units.Unit {unit: kpc}
#       value: !astropy.table.SerializedColumn {name: distance}
#     pm_dec:
#       __class__: astropy.units.quantity.Quantity
#       unit: !astropy.units.Unit {unit: mas / yr}
#       value: !astropy.table.SerializedColumn {name: pm_dec}
#     pm_ra_cosdec:
#       __class__: astropy.units.quantity.Quantity
#       unit: !astropy.units.Unit {unit: mas / yr}
#       value: !astropy.table.SerializedColumn {name: pm_ra_cosdec}
#     ra:
#       __class__: astropy.coordinates.angles.Longitude
#       unit: *id001
#       value: !astropy.table.SerializedColumn {name: ra}
#       wrap_angle: !astropy.coordinates.Angle
#         unit: *id001
#         value: 360.0
#     radial_velocity:
#       __class__: astropy.units.quantity.Quantity
#       unit: !astropy.units.Unit {unit: km / s}
#       value: !astropy.table.SerializedColumn {name: radial_velocity}
# schema: astropy-2.0
ra,dec,distance,pm_ra_cosdec,pm_dec,radial_velocity
[from data line 293]
2.5225399869263803,-52.416145481253814,13.000000000000002,7.453275707807567,-3.2912701846711165,3.368306851948935e-14
2.506154086927768,-52.4165657125761,13.000000000000002,7.452852409030643,-3.292696609940088,3.368306851948935e-14
2.489767884820859,-52.41698380597421,12.999999999999998,7.452428579888794,-3.294123078806897,5.0524602779234026e-14
2.4733813821377564,-52.4173997613735,13.0,7.452004220431199,-3.295549590804333,0.0
2.4569945804110613,-52.41781357869976,13.000000000000002,7.451579330707337,-3.296976145465147,5.0524602779234026e-14
2.4406074811735814,-52.418225257879044,13.000000000000002,7.451153910766979,-3.298402742322093,1.6841534259744676e-14
2.4242200859580567,-52.41863479883789,13.000000000000002,7.450727960660167,-3.2998293809079504,3.368306851948935e-14
2.407832396297712,-52.41904220150316,13.000000000000002,7.450301480437246,-3.3012560607554624,-1.6841534259744676e-14
2.391444413725987,-52.419447465802115,13.000000000000002,7.449874470148849,-3.302682781397378,3.368306851948935e-14
2.3750561397762455,-52.419850591662346,13.0,7.449446929845883,-3.3041095423664677,-1.6841534259744676e-14
2.358667575982335,-52.42025157901188,13.0,7.4490188595795495,-3.3055363431954747,1.6841534259744676e-14
2.342278723878214,-52.42065042777909,13.0,7.448590259401347,-3.3069631834171496,1.6841534259744676e-14
2.325889584998143,-52.42104713789271,13.000000000000002,7.448161129363054,-3.308390062564233,1.6841534259744676e-14
2.3095001608763015,-52.421441709281865,13.000000000000002,7.447731469516733,-3.309816980169496,-3.368306851948935e-14
2.2931104530473534,-52.4218341418761,13.000000000000002,7.44730127991474,-3.3112439357656793,1.6841534259744676e-14
2.276720463046158,-52.42222443560526,13.000000000000004,7.446870560609722,-3.312670928885525,3.368306851948935e-14
2.2603301924074994,-52.42261259039959,13.000000000000002,7.446439311654598,-3.3140979590618045,-1.6841534259744676e-14
2.2439396426666374,-52.42299860618975,13.000000000000002,7.4460075331025966,-3.3155250258272595,0.0
2.2275488153590306,-52.42338248290673,13.000000000000002,7.445575225007222,-3.3169521287146386,-1.6841534259744676e-14
2.2111577120200514,-52.42376422048194,13.000000000000002,7.4451423874222575,-3.3183792672567147,0.0
2.194766334185552,-52.424143818847114,13.000000000000002,7.444709020401794,-3.3198064409862393,-1.6841534259744676e-14
2.17837468339148,-52.424521277934396,13.000000000000004,7.444275124000194,-3.3212336494359738,-3.368306851948935e-14
2.161982761174074,-52.42489659767632,13.000000000000004,7.443840698272126,-3.322660892138671,1.6841534259744676e-14
2.1455905690694808,-52.42526977800575,13.0,7.443405743272519,-3.3240881686271226,-3.368306851948935e-14
2.1291981086143212,-52.42564081885599,13.000000000000002,7.44297025905661,-3.3255154784340863,-1.6841534259744676e-14
2.1128053813454053,-52.42600972016065,13.000000000000002,7.442534245679921,-3.3269428210923278,1.6841534259744676e-14
2.096412388799451,-52.42637648185377,13.000000000000002,7.4420977031982565,-3.328370196134649,1.6841534259744676e-14
2.0800191325136406,-52.42674110386975,13.0,7.441660631667708,-3.329797603093823,5.0524602779234026e-14
2.0636256140253515,-52.427103586143346,13.000000000000002,7.441223031144668,-3.331225041502626,-3.368306851948935e-14
2.0472318348718597,-52.42746392860973,12.999999999999998,7.44078490168579,-3.332652510893878,-1.6841534259744676e-14
2.03083779659091,-52.427822131204444,13.0,7.440346243348039,-3.3340800108003648,1.6841534259744676e-14
2.014443500720332,-52.42817819386337,13.000000000000002,7.439907056188662,-3.335507540754893,1.6841534259744676e-14
1.9980489487982371,-52.4285321165228,13.000000000000002,7.439467340265194,-3.336935100290269,1.6841534259744676e-14
1.9816541423626342,-52.428883899119405,13.000000000000002,7.439027095635445,-3.3383626889393274,0.0
1.9652590829519936,-52.429233541590214,13.000000000000002,7.438586322357527,-3.3397903062348866,-1.6841534259744676e-14
1.9488637721049642,-52.42958104387265,13.000000000000002,7.438145020489838,-3.34121795170977,1.6841534259744676e-14
1.932468211360094,-52.429926405904524,13.000000000000002,7.437703190091054,-3.342645624896838,1.6841534259744676e-14
1.916072402256387,-52.430269627623964,13.000000000000002,7.437260831220144,-3.34407332532893,3.368306851948935e-14
1.8996763463330222,-52.430610708969546,13.000000000000002,7.436817943936374,-3.3455010525388946,1.6841534259744676e-14
1.8832800451290777,-52.4309496498802,12.999999999999998,7.436374528299276,-3.346928806059619,-1.6841534259744676e-14
1.8668835001840796,-52.43128645029522,13.0,7.435930584368687,-3.3483565854239643,3.368306851948935e-14
1.8504867130376383,-52.43162111015429,13.0,7.4354861122047256,-3.349784390164819,0.0
1.834089685229625,-52.43195362939747,13.0,7.4350411118678,-3.3512122198150687,-3.368306851948935e-14
1.8176924182998058,-52.43228400796521,12.999999999999998,7.434595583418601,-3.352640073907634,3.368306851948935e-14
1.801294913788392,-52.4326122457983,13.0,7.434149526918107,-3.3540679519754226,3.368306851948935e-14
1.7848971732357675,-52.43293834283796,13.000000000000002,7.433702942427592,-3.35549585355135,3.368306851948935e-14
1.7684991981821994,-52.433262299025735,13.0,7.433255830008605,-3.3569237781683734,1.6841534259744676e-14
1.7521009901684048,-52.43358411430359,13.000000000000002,7.432808189722988,-3.358351725359431,-1.6841534259744676e-14
1.7357025507352617,-52.433903788613854,13.000000000000002,7.432360021632877,-3.3597796946574725,1.6841534259744676e-14
1.719303881423537,-52.434221321899216,13.000000000000002,7.431911325800683,-3.3612076855954918,-1.6841534259744676e-14
1.702904983774437,-52.43453671410278,13.000000000000002,7.431462102289108,-3.3626356977064615,0.0
1.6865058593292401,-52.434849965168,13.000000000000002,7.431012351161145,-3.364063730523381,-1.6841534259744676e-14
1.6701065096294734,-52.43516107503871,13.000000000000002,7.430562072480078,-3.3654917835792517,1.6841534259744676e-14
1.6537069362165497,-52.43547004365913,13.000000000000002,7.43011126630946,-3.366919856407116,0.0
1.6373071406323163,-52.43577687097385,12.999999999999998,7.42965993271315,-3.368347948540004,-3.368306851948935e-14
1.6209071244187805,-52.436081556927846,13.000000000000002,7.429208071755284,-3.369776059510955,-3.368306851948935e-14
1.6045068891178258,-52.4363841014665,13.0,7.428755683500291,-3.3712041888530595,5.0524602779234026e-14
1.5881064362717698,-52.43668450453551,13.000000000000002,7.428302768012875,-3.3726323360993873,5.0524602779234026e-14
1.5717057674230857,-52.43698276608099,13.000000000000002,7.427849325358049,-3.3740605007830258,1.6841534259744676e-14
1.555304884114121,-52.43727888604944,13.0,7.427395355601088,-3.3754886824371084,0.0
1.5389037878876515,-52.43757286438772,13.000000000000002,7.4269408588075665,-3.376916880594751,0.0
1.5225024802865164,-52.437864701043075,13.0,7.426485835043348,-3.378345094789102,0.0
1.506100962853793,-52.43815439596313,13.000000000000004,7.426030284374575,-3.3797733245533097,3.368306851948935e-14
1.489699237132432,-52.438441949095896,13.000000000000002,7.425574206867688,-3.381201569420574,1.6841534259744676e-14
1.4732973046658087,-52.43872736038975,13.000000000000002,7.425117602589397,-3.3826298289240793,3.368306851948935e-14
1.456895166997447,-52.439010629793444,13.0,7.424660471606719,-3.38405810259703,1.6841534259744676e-14
1.4404928256707348,-52.43929175725612,13.000000000000002,7.4242028139869385,-3.3854863899726757,0.0
1.4240902822294879,-52.439570742727305,13.000000000000004,7.423744629797638,-3.3869146905842555,-1.6841534259744676e-14
1.407687538217662,-52.439847586156894,13.000000000000002,7.423285919106689,-3.388343003965029,-1.6841534259744676e-14
1.3912845951790789,-52.440122287495164,13.000000000000004,7.42282668198224,-3.389771329648302,0.0
1.3748814546579775,-52.44039484669277,13.0,7.4223669184927275,-3.3911996671673723,1.6841534259744676e-14
1.3584781181986472,-52.440665263700744,13.000000000000002,7.421906628706879,-3.392628016055563,0.0
1.3420745873456088,-52.44093353847049,13.000000000000002,7.421445812693714,-3.394056375846212,1.6841534259744676e-14
1.325670863643242,-52.44119967095382,12.999999999999998,7.420984470522526,-3.3954847460727065,0.0
1.3092669486363406,-52.44146366110289,13.0,7.420522602262895,-3.3969131262684202,-3.368306851948935e-14
1.2928628438698389,-52.44172550887026,12.999999999999998,7.420060207984703,-3.398341515966754,-3.368306851948935e-14
1.276458550888523,-52.44198521420886,13.000000000000004,7.419597287758098,-3.399769914701154,-1.6841534259744676e-14
1.2600540712375936,-52.442242777071996,13.000000000000004,7.419133841653527,-3.4011983220050652,0.0
1.2436494064623846,-52.44249819741337,13.000000000000002,7.418669869741728,-3.402626737411948,1.6841534259744676e-14
1.2272445581080804,-52.44275147518702,13.000000000000004,7.418205372093706,-3.4040551604553206,-3.368306851948935e-14
1.2108395277202777,-52.44300261034744,13.000000000000004,7.41774034878077,-3.4054835906686893,1.6841534259744676e-14
1.1944343168446083,-52.443251602849415,12.999999999999998,7.417274799874507,-3.4069120275855944,-1.6841534259744676e-14
1.178028927026924,-52.44349845264817,13.000000000000002,7.416808725446793,-3.4083404707395903,3.368306851948935e-14
1.1616233598129277,-52.443743159699274,13.000000000000002,7.416342125569782,-3.4097689196642884,0.0
1.1452176167487254,-52.44398572395873,13.000000000000002,7.415875000315929,-3.4111973738932893,3.368306851948935e-14
1.1288116993805504,-52.44422614538285,13.0,7.415407349757968,-3.412625832960221,0.0
1.112405609254478,-52.44446442392837,13.000000000000002,7.41493917396891,-3.4140542963987635,-1.6841534259744676e-14
1.095999347916988,-52.44470055955241,12.999999999999998,7.414470473022064,-3.415482763742597,1.6841534259744676e-14
1.0795929169146812,-52.44493455221243,13.000000000000004,7.414001246991017,-3.4169112345254193,3.368306851948935e-14
1.0631863177939997,-52.4451664018663,13.000000000000002,7.413531495949646,-3.4183397082809934,3.368306851948935e-14
1.0467795521017849,-52.44539610847228,13.000000000000002,7.413061219972113,-3.419768184543072,1.6841534259744676e-14
1.030372621384997,-52.445623671988976,13.000000000000002,7.412590419132873,-3.421196662845433,-1.6841534259744676e-14
1.013965527190434,-52.4458490923754,13.000000000000002,7.412119093506647,-3.422625142721917,-5.0524602779234026e-14
0.9975582710652906,-52.446072369590944,13.000000000000002,7.411647243168459,-3.4240536237063592,-1.6841534259744676e-14
0.9811508545567825,-52.446293503595356,13.000000000000002,7.411174868193611,-3.4254821053326285,1.6841534259744676e-14
0.9647432792123325,-52.44651249434879,13.0,7.410701968657704,-3.426910587134621,-1.6841534259744676e-14
0.9483355465791985,-52.44672934181176,13.000000000000002,7.410228544636595,-3.428339068646279,-3.368306851948935e-14
0.9319276582050301,-52.44694404594519,13.000000000000004,7.409754596206456,-3.4297675494015536,-1.6841534259744676e-14
0.9155196156375861,-52.447156606710344,13.000000000000002,7.409280123443737,-3.431196028934419,-1.6841534259744676e-14
0.8991114204244571,-52.44736702406889,13.000000000000002,7.4088051264251575,-3.432624506778911,-3.368306851948935e-14
0.882703074113622,-52.44757529798288,13.000000000000002,7.408329605227742,-3.4340529824690633,0.0
0.8662945782531665,-52.447781428414736,13.000000000000002,7.407853559928796,-3.435481455538941,-1.6841534259744676e-14
0.8498859343910049,-52.44798541532726,13.000000000000002,7.407376990605897,-3.4369099255226705,1.6841534259744676e-14
0.8334771440754343,-52.44818725868363,13.000000000000002,7.406899897336921,-3.438338391954373,-1.6841534259744676e-14
0.8170682088547656,-52.44838695844741,13.0,7.406422280200028,-3.4397668543682185,-1.6841534259744676e-14
0.8006591302775041,-52.44858451458256,13.000000000000002,7.405944139273662,-3.4411953122983925,0.0
0.7842499098919805,-52.4487799270534,13.0,7.405465474636545,-3.442623765279146,-3.368306851948935e-14
0.7678405492469031,-52.44897319582464,13.000000000000002,7.4049862863676905,-3.4440522128447277,0.0
0.751431049891082,-52.449164320861364,13.000000000000002,7.404506574546404,-3.445480654529425,0.0
0.7350214133731464,-52.44935330212903,13.000000000000002,7.4040263392522565,-3.4469090898675803,0.0
0.7186116412421033,-52.449540139593495,13.000000000000004,7.403545580565117,-3.4483375183935427,1.6841534259744676e-14
0.7022017350470566,-52.44972483322099,13.000000000000002,7.403064298565151,-3.449765939641698,3.368306851948935e-14
0.6857916963369252,-52.44990738297809,13.000000000000002,7.402582493332779,-3.4511943531464873,-3.368306851948935e-14
0.6693815266610039,-52.45008778883184,13.000000000000002,7.4021001649487275,-3.452622758442365,-1.6841534259744676e-14
0.6529712275685855,-52.45026605074956,13.000000000000004,7.401617313494002,-3.454051155063823,1.6841534259744676e-14
0.6365608006091517,-52.45044216869902,13.0,7.401133939049904,-3.455479542545383,-3.368306851948935e-14
0.6201502473319932,-52.450616142648364,13.0,7.40065004169799,-3.456907920421625,-3.368306851948935e-14
0.6037395692867715,-52.45078797256609,13.000000000000002,7.400165621520129,-3.458336288227139,1.6841534259744676e-14
0.5873287680232373,-52.45095765842107,13.000000000000004,7.399680678598466,-3.459764645496555,-3.368306851948935e-14
0.5709178450909506,-52.45112520018262,13.000000000000002,7.3991952130154255,-3.461192991764559,-3.368306851948935e-14
0.5545068020398358,-52.45129059782036,13.0,7.398709224853725,-3.462621326565851,1.6841534259744676e-14
0.538095640419906,-52.45145385130433,13.000000000000002,7.398222714196358,-3.4640496494351636,1.6841534259744676e-14
0.521684361780977,-52.451614960604935,13.000000000000002,7.397735681126602,-3.4654779599073002,-3.368306851948935e-14
0.5052729676732288,-52.451773925693,13.000000000000002,7.397248125728031,-3.466906257517067,-1.6841534259744676e-14
0.4888614596468319,-52.451930746539695,13.000000000000004,7.396760048084484,-3.4683345417993228,0.0
0.47244983925213013,-52.45208542311655,13.000000000000002,7.396271448280106,-3.469762812288953,-1.6841534259744676e-14
0.4560381080392684,-52.452237955395525,13.000000000000002,7.395782326399305,-3.4711910685209073,0.0
0.43962626755875056,-52.45238834334893,13.000000000000002,7.395292682526784,-3.472619310030149,-1.6841534259744676e-14
0.4232143193611599,-52.45253658694948,12.999999999999998,7.394802516747537,-3.47404753635168,0.0
0.4068022649968753,-52.45268268617024,13.000000000000002,7.394311829146811,-3.4754757470205684,0.0
0.39039010601663254,-52.452826640984675,13.0,7.393820619810178,-3.476903941571897,0.0
0.37397784397124195,-52.45296845136664,13.0,7.393328888823473,-3.4783321195407844,-1.6841534259744676e-14
0.357565480411308,-52.45310811729034,13.000000000000002,7.392836636272806,-3.479760280462421,-1.6841534259744676e-14
0.34115301688778815,-52.453245638730394,13.000000000000002,7.392343862244589,-3.4811884238720086,-3.368306851948935e-14
0.3247404549516176,-52.45338101566179,13.000000000000002,7.391850566825504,-3.4826165493048,1.6841534259744676e-14
0.30832779615389605,-52.45351424805987,12.999999999999998,7.391356750102529,-3.484044656296082,-1.6841534259744676e-14
0.29191504204551194,-52.45364533590041,13.000000000000002,7.390862412162904,-3.485472744381205,0.0
0.27550219417770316,-52.45377427915954,13.000000000000002,7.390367553094176,-3.4869008130955423,-3.368306851948935e-14
0.2590892541017738,-52.45390107781375,13.000000000000002,7.3898721729841705,-3.4883288619745008,-1.6841534259744676e-14
0.24267622336881467,-52.45402573183994,13.000000000000002,7.389376271920977,-3.4897568905535667,-1.6841534259744676e-14
0.226263103530262,-52.454148241215385,13.000000000000002,7.388879849992992,-3.491184898368235,0.0
0.20984989613761482,-52.45426860591773,13.000000000000002,7.388382907288886,-3.492612884954047,-1.6841534259744676e-14
0.19343660274215635,-52.454386825925035,13.000000000000002,7.387885443897606,-3.4940408498466167,1.6841534259744676e-14
