galstreams/tracks/track.st.Jet.ferguson2022.ecsv
# %ECSV 0.9
# ---
# datatype:
# - {name: ra, unit: deg, datatype: float64}
# - {name: dec, unit: deg, datatype: float64}
# - {name: distance, unit: kpc, datatype: float64}
# - {name: pm_ra_cosdec, unit: mas / yr, datatype: float64}
# - {name: pm_dec, unit: mas / yr, datatype: float64}
# - {name: radial_velocity, unit: km / s, datatype: float64}
# delimiter: ','
# meta: !!omap
# - __serialized_columns__:
#     dec:
#       __class__: astropy.coordinates.angles.Latitude
#       unit: &id001 !astropy.units.Unit {unit: deg}
#       value: !astropy.table.SerializedColumn {name: dec}
#     distance:
#       __class__: astropy.coordinates.distances.Distance
#       unit: !astropy.units.Unit {unit: kpc}
#       value: !astropy.table.SerializedColumn {name: distance}
#     pm_dec:
#       __class__: astropy.units.quantity.Quantity
#       unit: !astropy.units.Unit {unit: mas / yr}
#       value: !astropy.table.SerializedColumn {name: pm_dec}
#     pm_ra_cosdec:
#       __class__: astropy.units.quantity.Quantity
#       unit: !astropy.units.Unit {unit: mas / yr}
#       value: !astropy.table.SerializedColumn {name: pm_ra_cosdec}
#     ra:
#       __class__: astropy.coordinates.angles.Longitude
#       unit: *id001
#       value: !astropy.table.SerializedColumn {name: ra}
#       wrap_angle: !astropy.coordinates.Angle
#         unit: *id001
#         value: 360.0
#     radial_velocity:
#       __class__: astropy.units.quantity.Quantity
#       unit: !astropy.units.Unit {unit: km / s}
#       value: !astropy.table.SerializedColumn {name: radial_velocity}
# schema: astropy-2.0
ra,dec,distance,pm_ra_cosdec,pm_dec,radial_velocity
[from data line 2013]
141.8806478090573,-17.89062580720443,29.34050064911922,-0.7639094799262052,-1.590105217654069,-4.0506416124824906e-10
141.88723428762998,-17.882821853130366,29.337816596978833,-0.7642566765571879,-1.590329436954232,-4.0317790941115767e-10
141.89382080704544,-17.875018119356728,29.33513320498721,-0.7646040509442877,-1.5905535854009265,-4.013506029439754e-10
141.90040736710637,-17.867214605609135,29.33245047515158,-0.7649516032400822,-1.5907776629820485,-3.9950645494253336e-10
141.90699396761553,-17.85941131161329,29.329768409479193,-0.7652993335971398,-1.5910016696854938,-3.976623069410913e-10
141.9135806083757,-17.851608237094975,29.32708700997727,-0.7656472421680229,-1.591225605499159,-3.958013174053895e-10
141.92016728918955,-17.84380538178009,29.324406278653058,-0.7659953291052869,-1.59144947041094,-3.9393190710255783e-10
141.92675400985985,-17.836002745394573,29.32172621751378,-0.7663435945614805,-1.5916732644087348,-3.921298629367652e-10
141.93334077018926,-17.82820032766449,29.319046828566684,-0.7666920386891436,-1.5918969874804396,-3.90294135702453e-10
141.9399275699805,-17.82039812831598,29.316368113818992,-0.7670406616408114,-1.5921206396139522,-3.8844156693388106e-10
141.94651440903627,-17.812596147075265,29.313690075277943,-0.7673894635690099,-1.592344220797169,-3.865637358639196e-10
141.95310128715923,-17.80479438366866,29.311012714950778,-0.7677384446262585,-1.5925677310179875,-3.8468590479395805e-10
141.95968820415206,-17.79699283782256,29.308336034844725,-0.7680876049650702,-1.5927911702643043,-3.82841756792516e-10
141.96627515981749,-17.789191509263468,29.305660036967012,-0.7684369447379503,-1.5930145385240189,-3.8102287109246354e-10
141.97286215395806,-17.781390397717942,29.302984723324894,-0.7687864640973968,-1.593237835785027,-3.79145040022502e-10
141.97944918637648,-17.77358950291265,29.300310095925592,-0.7691361631959014,-1.593461062035228,-3.7728405048680025e-10
141.98603625687542,-17.765788824574344,29.29763615677634,-0.7694860421859469,-1.5936842172625174,-3.754651647867478e-10
141.9926233652575,-17.75798836242985,29.29496290788438,-0.7698361012200108,-1.593907301454794,-3.736125960181759e-10
141.99921051132523,-17.750188116206097,29.29229035125694,-0.7701863404505627,-1.594130314599955,-3.717431857153442e-10
142.00579769488135,-17.742388085630097,29.28961848890125,-0.7705367600300647,-1.5943532566858978,-3.698737754125126e-10
142.0123849157284,-17.734588270428944,29.286947322824567,-0.7708873601109716,-1.594576127700519,-3.680043651096809e-10
142.01897217366903,-17.726788670329803,29.284276855034097,-0.7712381408457316,-1.5947989276317176,-3.66151796341109e-10
142.02555946850578,-17.71898928505997,29.281607087537097,-0.7715891023867851,-1.5950216564673876,-3.64307648339667e-10
142.0321468000412,-17.711190114346778,29.278938022340785,-0.7719402448865664,-1.5952443141954291,-3.624719211053548e-10
142.03873416807795,-17.70339115791768,29.27626966145242,-0.7722915684975007,-1.5954669008037363,-3.6062777310391275e-10
142.04532157241846,-17.69559241550021,29.27360200687921,-0.7726430733720078,-1.5956894162802064,-3.587246797325616e-10
142.0519090128654,-17.68779388682197,29.270935060628403,-0.7729947596624986,-1.595911860612736,-3.568973732653793e-10
142.05849648922126,-17.67999557161067,29.268268824707235,-0.7733466275213783,-1.5961342337892201,-3.550363837296775e-10
142.06508400128854,-17.672197469594096,29.26560330112293,-0.7736986771010442,-1.5963565357975558,-3.531838149611056e-10
142.0716715488698,-17.664399580500124,29.262938491882732,-0.7740509085538856,-1.5965787666256364,-3.5130598389114407e-10
142.0782591317676,-17.656601904056707,29.260274398993875,-0.7744033220322861,-1.5968009262613587,-3.494702566568319e-10
142.08484674978433,-17.648804439991903,29.257611024463596,-0.7747559176886197,-1.5970230146926152,-3.4761768788826e-10
142.0914344027226,-17.641007188033836,29.254948370299118,-0.7751086956752558,-1.5972450319073022,-3.457482775854283e-10
142.0980220903848,-17.633210147910734,29.252286438507692,-0.7754616561445543,-1.5974669778933113,-3.438367634469473e-10
142.1046098125735,-17.625413319350887,29.249625231096537,-0.7758147992488694,-1.5976888526385382,-3.42009456979765e-10
142.1111975690911,-17.617616702082707,29.246964750072905,-0.7761681251405464,-1.5979106561308736,-3.401484674440632e-10
142.11778535974014,-17.60982029583465,29.24430499744402,-0.7765216339719246,-1.5981323883582108,-3.383295817440108e-10
142.12437318432296,-17.602024100335285,29.24164597521712,-0.7768753258953358,-1.598354049308442,-3.3639280530414014e-10
142.13096104264213,-17.59422811531328,29.238987685399433,-0.7772292010631037,-1.5985756389694583,-3.346160234397371e-10
142.1375489345,-17.58643234049735,29.236330129998205,-0.7775832596275453,-1.5987971573291504,-3.3271293006838597e-10
142.144136859699,-17.57863677561632,29.23367331102066,-0.7779375017409691,-1.5990186043754078,-3.309024651354634e-10
142.15072481804157,-17.570841420399105,29.231017230474034,-0.7782919275556787,-1.5992399800961212,-3.2896568869559277e-10
142.1573128093301,-17.56304627457469,29.228361890365573,-0.7786465372239679,-1.5994612844791791,-3.2710469915989095e-10
142.16390083336705,-17.55525133787215,29.225707292702502,-0.7790013308981238,-1.5996825175124691,-3.252605511584489e-10
142.17048888995475,-17.547456610020657,29.223053439492055,-0.7793563087304272,-1.5999036791838805,-3.2345008622552636e-10
142.17707697889557,-17.53966209074946,29.220400332741473,-0.7797114708731498,-1.600124769481299,-3.215301513199155e-10
142.18366509999194,-17.531867779787888,29.21774797445799,-0.7800668174785577,-1.6003457883926113,-3.196944240856033e-10
142.19025325304617,-17.524073676865367,29.215096366648837,-0.7804223486989073,-1.6005667359057023,-3.1781659301564176e-10
142.19684143786066,-17.51627978171141,29.212445511321246,-0.7807780646864497,-1.6007876120084574,-3.1595560347994e-10
142.20342965423774,-17.508486094055595,29.209795410482457,-0.7811339655934273,-1.6010084166887595,-3.1408619317710833e-10
142.21001790197977,-17.500692613627606,29.207146066139707,-0.7814900515720757,-1.6012291499344928,-3.122673074770559e-10
142.21660618088904,-17.4928993401572,29.204497480300223,-0.7818463227746237,-1.6014498117335392,-3.1039789717422425e-10
142.22319449076784,-17.48510627337424,29.201849654971248,-0.7822027793532906,-1.6016704020737795,-3.0851164533713285e-10
142.2297828314186,-17.47731341300865,29.19920259216001,-0.7825594214602898,-1.6018909209430954,-3.066338142671713e-10
142.2363712026435,-17.469520758790438,29.196556293873755,-0.7829162492478273,-1.6021113683293644,-3.047896662657293e-10
142.24295960424493,-17.46172831044973,29.1939107621197,-0.783273262868101,-1.6023317442204679,-3.029034144286379e-10
142.24954803602512,-17.453936067716686,29.1912659989051,-0.7836304624733013,-1.6025520486042804,-3.0107610796145557e-10
142.25613649778637,-17.44614403032161,29.188622006237164,-0.7839878482156117,-1.6027722814686813,-2.9920669765862394e-10
142.26272498933093,-17.438352197994845,29.185978786123147,-0.7843454202472078,-1.6029924428015458,-2.97354128890052e-10
142.26931351046107,-17.43056057046683,29.183336340570285,-0.7847031787202575,-1.6032125325907463,-2.9550998088860995e-10
142.27590206097904,-17.42276914746811,29.180694671585798,-0.7850611237869223,-1.6034325508241594,-2.9359004598299907e-10
142.2824906406871,-17.41497792872929,29.178053781176942,-0.785419255599354,-1.6036524974896555,-2.917880018172064e-10
142.28907924938744,-17.407186913981064,29.175413671350924,-0.7857775743096989,-1.6038723725751072,-2.89901749980115e-10
142.2956678868823,-17.399396102954217,29.17277434411501,-0.7861360800700947,-1.6040921760683835,-2.880491812115431e-10
142.30225655297397,-17.391605495379626,29.17013580147641,-0.7864947730326723,-1.604311907957355,-2.861797709087114e-10
142.30884524746457,-17.383815090988247,29.16749804544237,-0.7868536533495549,-1.6045315682298888,-2.843019398387499e-10
142.3154339701563,-17.376024889511097,29.164861078020117,-0.7872127211728575,-1.6047511568738517,-2.824746333715676e-10
142.3220227208514,-17.36823489067932,29.162224901216895,-0.7875719766546878,-1.6049706738771097,-2.8060522306873593e-10
142.32861149935204,-17.36044509422411,29.159589517039933,-0.7879314199471468,-1.6051901192275264,-2.787273919987744e-10
142.33520030546032,-17.352655499876764,29.15695492749647,-0.7882910512023262,-1.605409492912965,-2.7685798169594273e-10
142.3417891389785,-17.344866107368667,29.154321134593737,-0.7886508705723112,-1.6056287949212869,-2.750138336945007e-10
142.3483779997087,-17.337076916431258,29.151688140338972,-0.7890108782091798,-1.6058480252403526,-2.731865272273184e-10
142.35496688745306,-17.329287926796102,29.14905594673941,-0.7893710742650015,-1.6060671838580216,-2.7131711692448674e-10
142.36155580201373,-17.321499138194813,29.146424555802277,-0.7897314588918392,-1.606286270762152,-2.6943086508739535e-10
142.36814474319283,-17.313710550359122,29.143793969534816,-0.7900920322417472,-1.6065052859405986,-2.675867170859533e-10
142.37473371079247,-17.305922163020814,29.141164189944263,-0.7904527944667721,-1.6067242293812174,-2.6568362371460214e-10
142.38132270461477,-17.298133975911774,29.138535219037852,-0.7908137457189535,-1.606943101071861,-2.638731587816796e-10
142.38791172446184,-17.290345988763967,29.135907058822813,-0.7911748861503236,-1.6071619010003815,-2.6202901078023755e-10
142.39450077013578,-17.28255820130946,29.133279711306383,-0.791536215912906,-1.6073806291546302,-2.601259174088864e-10
142.40108984143868,-17.274770613280364,29.1306531784958,-0.7918977351587175,-1.607599285522455,-2.582733486403145e-10
142.40767893817258,-17.266983224408914,29.128027462398297,-0.7922594440397666,-1.6078178700917036,-2.5639551757035295e-10
142.41426806013956,-17.259196034427404,29.125402565021105,-0.7926213427080546,-1.6080363828502227,-2.5453452803465114e-10
142.42085720714172,-17.251409043068225,29.122778488371466,-0.7929834313155747,-1.6082548237858558,-2.52698800800339e-10
142.42744637898105,-17.24362225006385,29.120155234456607,-0.7933457100143125,-1.6084731928864446,-2.508209697303775e-10
142.43403557545966,-17.235835655146825,29.117532805283766,-0.7937081789562472,-1.6086914901398328,-2.4901050479745493e-10
142.44062479637955,-17.228049258049804,29.114911202860185,-0.7940708382933475,-1.6089097155338574,-2.471326737274934e-10
142.4472140415427,-17.220263058505495,29.11229042919308,-0.7944336881775771,-1.609127869056357,-2.452380011232721e-10
142.45380331075123,-17.21247705624672,29.1096704862897,-0.7947967287608904,-1.609345950695167,-2.433854323547002e-10
142.46039260380707,-17.204691251006345,29.10705137615729,-0.795159960195235,-1.6095639604381233,-2.4155812588751787e-10
142.46698192051224,-17.196905642517354,29.104433100803067,-0.7955233826325496,-1.6097818982730556,-2.3972239865320574e-10
142.47357126066873,-17.189120230512824,29.101815662234262,-0.7958869962247668,-1.6099997641877983,-2.3785298835037407e-10
142.4801606240785,-17.181335014725864,29.099199062458133,-0.7962508011238099,-1.6102175581701765,-2.3599199881467225e-10
142.48675001054357,-17.17354999488973,29.096583303481893,-0.7966147974815956,-1.6104352802080202,-2.3412258851184063e-10
142.4933394198659,-17.1657651707377,29.093968387312785,-0.7969789854500321,-1.6106529302891532,-2.323037028117882e-10
142.49992885184736,-17.157980542003184,29.09135431595805,-0.7973433651810202,-1.6108705084013997,-2.303837679061773e-10
142.50651830629002,-17.15019610841965,29.0887410914249,-0.7977079368264521,-1.611088014532581,-2.28556461438995e-10
142.51310778299575,-17.14241186972065,29.086128715720594,-0.7980727005382142,-1.611305448670517,-2.2675441727320233e-10
142.5196972817665,-17.134627825639843,29.08351719085236,-0.7984376564681828,-1.6115228108030242,-2.248681654361109e-10
142.52628680240417,-17.12684397591093,29.080906518827433,-0.7988028047682277,-1.6117401009179197,-2.2303243820179875e-10
142.5328763447107,-17.11906032026774,29.078296701653052,-0.79916814559021,-1.6119573190030154,-2.2116302789896708e-10
142.53946590848795,-17.111276858444153,29.075687741336438,-0.7995336790859852,-1.6121744650461252,-2.192430929933562e-10
142.54605549353786,-17.10349359017414,29.073079639884828,-0.7998994054073977,-1.6123915390350574,-2.174494695946934e-10
142.55264509966236,-17.095710515191772,29.070472399305473,-0.8002653247062861,-1.6126085409576194,-2.156474254289007e-10
142.55923472666322,-17.087927633231168,29.067866021605592,-0.8006314371344814,-1.6128254708016176,-2.1375275282467942e-10
142.56582437434238,-17.080144944026575,29.065260508792427,-0.8009977428438053,-1.6130423285548545,-2.1191702559036727e-10
142.57241404250172,-17.07236244731228,29.062655862873214,-0.8013642419860736,-1.613259114205133,-2.1010656065744472e-10
142.57900373094301,-17.06458014282268,29.060052085855187,-0.8017309347130923,-1.6134758277402497,-2.081866257518338e-10
142.58559343946817,-17.056798030292246,29.057449179745575,-0.8020978211766605,-1.6136924691480037,-2.0635089851752165e-10
142.592183167879,-17.049016109455525,29.054847146551616,-0.8024649015285691,-1.613909038416188,-2.0452359205033936e-10
142.59877291597738,-17.041234380047168,29.05224598828054,-0.8028321759206016,-1.6141255355325972,-2.0267944404889732e-10
142.60536268356503,-17.033452841801886,29.049645706939593,-0.8031996445045333,-1.614341960485019,-2.008268752803254e-10
142.61195247044384,-17.025671494454482,29.047046304536,-0.8035673074321319,-1.6145583132612438,-1.9899114804601323e-10
142.6185422764156,-17.017890337739846,29.044447783077,-0.8039351648551557,-1.6147745938490556,-1.971722623459608e-10
142.62513210128208,-17.010109371392932,29.04185014456983,-0.8043032169253577,-1.6149908022362376,-1.9532811434451876e-10
142.6317219448451,-17.002328595148803,29.03925339102172,-0.8046714637944807,-1.6152069384105723,-1.9349238711020658e-10
142.6383118069064,-16.994548008742584,29.03665752443991,-0.8050399056142611,-1.6154230023598375,-1.9164823910876453e-10
142.64490168726778,-16.98676761190951,29.034062546831624,-0.8054085425364259,-1.615638994071809,-1.8981251187445238e-10
142.65149158573095,-16.97898740438485,29.031468460204113,-0.8057773747126957,-1.6158549135342606,-1.879767846401402e-10
142.65808150209767,-16.971207385904,29.028875266564597,-0.8061464022947822,-1.6160707607349645,-1.8609895357017866e-10
142.66467143616975,-16.963427556202422,29.026282967920324,-0.8065156254343887,-1.6162865356616882,-1.8425480556873662e-10
142.67126138774884,-16.95564791501565,29.023691566278515,-0.8068850442832123,-1.6165022383021999,-1.8240223680016472e-10
142.67785135663675,-16.94786846207932,29.021101063646416,-0.8072546589929399,-1.6167178686442623,-1.8060019263437203e-10
142.6844413426351,-16.940089197129133,29.018511462031253,-0.8076244697152528,-1.6169334266756372,-1.7873078233154039e-10
142.69103134554567,-16.932310119900887,29.015922763440273,-0.8079944766018217,-1.617148912384082,-1.7687821356296846e-10
142.69762136517016,-16.92453123013045,29.013334969880695,-0.8083646798043116,-1.6173643257573558,-1.750677486300459e-10
142.7042114013102,-16.916752527553783,29.01074808335976,-0.8087350794743782,-1.617579666783209,-1.7324044216286361e-10
142.71080145376752,-16.908974011906917,29.00816210588471,-0.8091056757636692,-1.6177949354493935,-1.7137103186003194e-10
142.71739152234375,-16.901195682925966,29.00557703946278,-0.8094764688238255,-1.618010131743659,-1.6955214615997953e-10
142.72398160684065,-16.893417540347137,29.002992886101186,-0.8098474588064785,-1.61822525565375,-1.6775010199418684e-10
142.73057170705977,-16.88563958390672,29.000409647807185,-0.810218645863252,-1.6184403071674087,-1.6588911245848506e-10
142.73716182280282,-16.87786181334106,28.997827326588002,-0.8105900301457623,-1.6186552862723766,-1.6407022675843265e-10
142.74375195387142,-16.87008422838661,28.995245924450874,-0.8109616118056171,-1.61887019295639,-1.622850241268997e-10
142.75034210006723,-16.86230682877991,28.992665443403023,-0.811333390994416,-1.619085027207185,-1.6039035152267842e-10
