galstreams/tracks/track.po.Sangarius.grillmair2017.ecsv
# %ECSV 0.9
# ---
# datatype:
# - {name: ra, unit: deg, datatype: float64}
# - {name: dec, unit: deg, datatype: float64}
# - {name: distance, unit: kpc, datatype: float64}
# - {name: pm_ra_cosdec, unit: mas / yr, datatype: float64}
# - {name: pm_dec, unit: mas / yr, datatype: float64}
# - {name: radial_velocity, unit: km / s, datatype: float64}
# delimiter: ','
# meta: !!omap
# - __serialized_columns__:
#     dec:
#       __class__: astropy.coordinates.angles.Latitude
#       unit: &id001 !astropy.units.Unit {unit: deg}
#       value: !astropy.table.SerializedColumn {name: dec}
#     distance:
#       __class__: astropy.coordinates.distances.Distance
#       unit: !astropy.units.Unit {unit: kpc}
#       value: !astropy.table.SerializedColumn {name: distance}
#     pm_dec:
#       __class__: astropy.units.quantity.Quantity
#       unit: !astropy.units.Unit {unit: mas / yr}
#       value: !astropy.table.SerializedColumn {name: pm_dec}
#     pm_ra_cosdec:
#       __class__: astropy.units.quantity.Quantity
#       unit: !astropy.units.Unit {unit: mas / yr}
#       value: !astropy.table.SerializedColumn {name: pm_ra_cosdec}
#     ra:
#       __class__: astropy.coordinates.angles.Longitude
#       unit: *id001
#       value: !astropy.table.SerializedColumn {name: ra}
#       wrap_angle: !astropy.coordinates.Angle
#         unit: *id001
#         value: 360.0
#     radial_velocity:
#       __class__: astropy.units.quantity.Quantity
#       unit: !astropy.units.Unit {unit: km / s}
#       value: !astropy.table.SerializedColumn {name: radial_velocity}
# schema: astropy-2.0
ra,dec,distance,pm_ra_cosdec,pm_dec,radial_velocity
[from data line 4240]
132.00268661378098,24.76100204643257,20.99999999999993,0.0,0.0,0.0
132.00213377471334,24.77099143759323,20.999999999999932,0.0,0.0,0.0
132.00158084668354,24.78098082672421,20.999999999999925,0.0,0.0,0.0
132.00102782963654,24.79097021382421,20.99999999999993,0.0,0.0,0.0
132.00047472351721,24.800959598892003,20.99999999999993,0.0,0.0,0.0
131.9999215282704,24.810948981926327,20.99999999999993,0.0,0.0,0.0
131.99936824384093,24.820938362925922,20.99999999999993,0.0,0.0,0.0
131.99881487017365,24.83092774188951,20.999999999999932,0.0,0.0,0.0
131.9982614072133,24.840917118815867,20.999999999999932,0.0,0.0,0.0
131.9977078549047,24.850906493703697,20.99999999999993,0.0,0.0,0.0
131.99715421319246,24.86089586655175,20.999999999999932,0.0,0.0,0.0
131.9966004820213,24.87088523735878,20.999999999999925,0.0,0.0,0.0
131.99604666133595,24.8808746061235,20.99999999999993,0.0,0.0,0.0
131.995492751081,24.89086397284466,20.999999999999932,0.0,0.0,0.0
131.99493875120106,24.90085333752098,20.99999999999993,0.0,0.0,0.0
131.99438466164068,24.910842700151218,20.999999999999932,0.0,0.0,0.0
131.99383048234444,24.920832060734107,20.99999999999993,0.0,0.0,0.0
131.99327621325688,24.93082141926835,20.999999999999932,0.0,0.0,0.0
131.99272185432238,24.940810775752713,20.99999999999993,0.0,0.0,0.0
131.99216740548553,24.95080013018592,20.99999999999993,0.0,0.0,0.0
131.9916128666907,24.960789482566692,20.99999999999993,0.0,0.0,0.0
131.9910582378823,24.970778832893778,20.99999999999993,0.0,0.0,0.0
131.9905035190047,24.98076818116588,20.99999999999993,0.0,0.0,0.0
131.98994871000227,24.990757527381763,20.999999999999932,0.0,0.0,0.0
131.98939381081928,25.000746871540134,20.999999999999932,0.0,0.0,0.0
131.98883882140007,25.01073621363972,20.999999999999932,0.0,0.0,0.0
131.9882837416889,25.02072555367926,20.999999999999932,0.0,0.0,0.0
131.9877285716299,25.030714891657485,20.999999999999932,0.0,0.0,0.0
131.98717331116737,25.040704227573098,20.99999999999993,0.0,0.0,0.0
131.98661796024544,25.050693561424854,20.99999999999993,0.0,0.0,0.0
131.98606251880827,25.060682893211453,20.999999999999932,0.0,0.0,0.0
131.98550698679998,25.070672222931634,20.999999999999932,0.0,0.0,0.0
131.9849513641646,25.08066155058412,20.99999999999993,0.0,0.0,0.0
131.98439565084624,25.090650876167633,20.99999999999993,0.0,0.0,0.0
131.98383984678892,25.10064019968088,20.999999999999932,0.0,0.0,0.0
131.98328395193658,25.110629521122608,20.999999999999932,0.0,0.0,0.0
131.98272796623326,25.120618840491524,20.99999999999993,0.0,0.0,0.0
131.98217188962283,25.130608157786355,20.99999999999993,0.0,0.0,0.0
131.98161572204927,25.140597473005812,20.99999999999993,0.0,0.0,0.0
131.98105946345638,25.150586786148615,20.999999999999925,0.0,0.0,0.0
131.98050311378807,25.160576097213497,20.99999999999993,0.0,0.0,0.0
131.97994667298812,25.170565406199156,20.99999999999993,0.0,0.0,0.0
131.97939014100035,25.18055471310432,20.999999999999925,0.0,0.0,0.0
131.9788335177685,25.19054401792771,20.999999999999925,0.0,0.0,0.0
131.9782768032363,25.200533320668022,20.999999999999925,0.0,0.0,0.0
131.97771999734744,25.210522621324003,20.999999999999925,0.0,0.0,0.0
131.97716310004563,25.220511919894335,20.999999999999925,0.0,0.0,0.0
131.97660611127446,25.23050121637775,20.999999999999925,0.0,0.0,0.0
131.9760490309776,25.240490510772958,20.99999999999993,0.0,0.0,0.0
131.9754918590986,25.25047980307866,20.99999999999993,0.0,0.0,0.0
131.974934595581,25.260469093293587,20.999999999999925,0.0,0.0,0.0
131.97437724036837,25.270458381416443,20.999999999999925,0.0,0.0,0.0
131.97381979340418,25.280447667445934,20.999999999999925,0.0,0.0,0.0
131.97326225463186,25.290436951380773,20.999999999999925,0.0,0.0,0.0
131.97270462399487,25.300426233219664,20.99999999999993,0.0,0.0,0.0
131.97214690143662,25.31041551296132,20.999999999999925,0.0,0.0,0.0
131.97158908690048,25.320404790604446,20.999999999999925,0.0,0.0,0.0
131.97103118032982,25.330394066147754,20.999999999999925,0.0,0.0,0.0
131.9704731816679,25.34038333958994,20.999999999999925,0.0,0.0,0.0
131.96991509085805,25.35037261092973,20.999999999999925,0.0,0.0,0.0
131.96935690784352,25.360361880165804,20.999999999999925,0.0,0.0,0.0
131.9687986325675,25.370351147296887,20.999999999999925,0.0,0.0,0.0
131.96824026497325,25.380340412321658,20.99999999999993,0.0,0.0,0.0
131.96768180500385,25.390329675238842,20.999999999999925,0.0,0.0,0.0
131.96712325260253,25.400318936047142,20.999999999999925,0.0,0.0,0.0
131.96656460771234,25.410308194745237,20.999999999999925,0.0,0.0,0.0
131.96600587027635,25.420297451331848,20.99999999999993,0.0,0.0,0.0
131.96544704023762,25.430286705805674,20.99999999999993,0.0,0.0,0.0
131.96488811753918,25.440275958165408,20.999999999999925,0.0,0.0,0.0
131.96432910212397,25.450265208409753,20.999999999999925,0.0,0.0,0.0
131.963769993935,25.460254456537402,20.99999999999993,0.0,0.0,0.0
131.96321079291516,25.47024370254705,20.99999999999993,0.0,0.0,0.0
131.96265149900736,25.480232946437404,20.999999999999925,0.0,0.0,0.0
131.96209211215447,25.490222188207152,20.99999999999993,0.0,0.0,0.0
131.96153263229928,25.500211427854996,20.999999999999925,0.0,0.0,0.0
131.9609730593846,25.510200665379624,20.99999999999993,0.0,0.0,0.0
131.9604133933533,25.520189900779734,20.999999999999925,0.0,0.0,0.0
131.959853634148,25.530179134054013,20.999999999999925,0.0,0.0,0.0
131.9592937817115,25.54016836520117,20.999999999999925,0.0,0.0,0.0
131.9587338359864,25.550157594219858,20.99999999999993,0.0,0.0,0.0
131.95817379691545,25.560146821108823,20.999999999999925,0.0,0.0,0.0
131.9576136644412,25.570136045866708,20.99999999999993,0.0,0.0,0.0
131.95705343850628,25.580125268492232,20.999999999999925,0.0,0.0,0.0
131.9564931190532,25.590114488984074,20.99999999999993,0.0,0.0,0.0
131.95593270602453,25.60010370734092,20.999999999999925,0.0,0.0,0.0
131.95537219936278,25.610092923561457,20.999999999999922,0.0,0.0,0.0
131.95481159901036,25.620082137644378,20.999999999999925,0.0,0.0,0.0
131.9542509049098,25.63007134958837,20.999999999999922,0.0,0.0,0.0
131.95369011700342,25.640060559392108,20.999999999999925,0.0,0.0,0.0
131.95312923523363,25.650049767054288,20.999999999999925,0.0,0.0,0.0
131.9525682595428,25.660038972573584,20.999999999999922,0.0,0.0,0.0
131.95200718987323,25.670028175948694,20.999999999999922,0.0,0.0,0.0
131.9514460261672,25.68001737717828,20.999999999999922,0.0,0.0,0.0
131.95088476836693,25.69000657626104,20.999999999999925,0.0,0.0,0.0
131.95032341641473,25.69999577319566,20.999999999999922,0.0,0.0,0.0
131.94976197025272,25.7099849679808,20.999999999999922,0.0,0.0,0.0
131.94920042982307,25.719974160615163,20.999999999999925,0.0,0.0,0.0
131.94863879506792,25.72996335109742,20.99999999999992,0.0,0.0,0.0
131.9480770659294,25.739952539426227,20.999999999999922,0.0,0.0,0.0
131.94751524234957,25.74994172560029,20.999999999999925,0.0,0.0,0.0
131.94695332427042,25.75993090961828,20.999999999999922,0.0,0.0,0.0
131.946391311634,25.769920091478863,20.999999999999922,0.0,0.0,0.0
131.94582920438228,25.77990927118074,20.999999999999922,0.0,0.0,0.0
131.9452670024572,25.789898448722553,20.999999999999922,0.0,0.0,0.0
131.94470470580066,25.799887624102993,20.999999999999925,0.0,0.0,0.0
131.9441423143546,25.809876797320737,20.999999999999922,0.0,0.0,0.0
131.94357982806082,25.819865968374444,20.999999999999925,0.0,0.0,0.0
131.94301724686113,25.829855137262808,20.999999999999922,0.0,0.0,0.0
131.94245457069735,25.839844303984485,20.999999999999925,0.0,0.0,0.0
131.94189179951127,25.849833468538137,20.999999999999922,0.0,0.0,0.0
131.94132893324453,25.859822630922462,20.999999999999922,0.0,0.0,0.0
131.94076597183889,25.869811791136094,20.999999999999922,0.0,0.0,0.0
131.94020291523603,25.87980094917774,20.999999999999925,0.0,0.0,0.0
131.93963976337753,25.889790105046036,20.999999999999925,0.0,0.0,0.0
131.93907651620503,25.899779258739663,20.999999999999925,0.0,0.0,0.0
131.9385131736601,25.909768410257282,20.999999999999922,0.0,0.0,0.0
131.93794973568424,25.919757559597564,20.999999999999925,0.0,0.0,0.0
131.93738620221902,25.929746706759172,20.999999999999922,0.0,0.0,0.0
131.9368225732059,25.939735851740778,20.999999999999922,0.0,0.0,0.0
131.93625884858628,25.94972499454103,20.999999999999925,0.0,0.0,0.0
131.9356950283016,25.95971413515861,20.999999999999922,0.0,0.0,0.0
131.9351311122933,25.96970327359215,20.999999999999925,0.0,0.0,0.0
131.93456710050262,25.97969240984034,20.999999999999925,0.0,0.0,0.0
131.934002992871,25.98968154390184,20.999999999999922,0.0,0.0,0.0
131.93343878933962,25.99967067577529,20.999999999999922,0.0,0.0,0.0
131.93287448984984,26.00965980545936,20.999999999999925,0.0,0.0,0.0
131.9323100943428,26.019648932952713,20.999999999999925,0.0,0.0,0.0
131.93174560275972,26.029638058254008,20.999999999999922,0.0,0.0,0.0
131.93118101504177,26.039627181361894,20.999999999999922,0.0,0.0,0.0
131.9306163311301,26.04961630227502,20.999999999999922,0.0,0.0,0.0
131.93005155096577,26.059605420992057,20.999999999999922,0.0,0.0,0.0
131.92948667448985,26.069594537511666,20.99999999999992,0.0,0.0,0.0
131.92892170164345,26.079583651832472,20.999999999999922,0.0,0.0,0.0
131.92835663236744,26.089572763953154,20.999999999999922,0.0,0.0,0.0
131.9277914666029,26.099561873872364,20.999999999999922,0.0,0.0,0.0
131.92722620429072,26.109550981588733,20.999999999999922,0.0,0.0,0.0
131.92666084537183,26.11954008710094,20.99999999999992,0.0,0.0,0.0
131.9260953897871,26.129529190407613,20.99999999999992,0.0,0.0,0.0
131.92552983747737,26.139518291507414,20.99999999999992,0.0,0.0,0.0
131.92496418838343,26.14950739039899,20.999999999999922,0.0,0.0,0.0
131.92439844244612,26.15949648708098,20.999999999999922,0.0,0.0,0.0
131.9238325996061,26.16948558155205,20.999999999999922,0.0,0.0,0.0
131.9232666598042,26.179474673810834,20.99999999999992,0.0,0.0,0.0
131.92270062298098,26.189463763855976,20.99999999999992,0.0,0.0,0.0
131.92213448907717,26.19945285168614,20.99999999999992,0.0,0.0,0.0
131.92156825803337,26.209441937299935,20.999999999999922,0.0,0.0,0.0
131.92100192979018,26.21943102069604,20.999999999999922,0.0,0.0,0.0
131.92043550428815,26.229420101873078,20.99999999999992,0.0,0.0,0.0
131.91986898146777,26.239409180829703,20.99999999999992,0.0,0.0,0.0
131.91930236126956,26.24939825756455,20.999999999999922,0.0,0.0,0.0
131.918735643634,26.25938733207627,20.999999999999922,0.0,0.0,0.0
131.91816882850145,26.26937640436348,20.99999999999992,0.0,0.0,0.0
131.91760191581238,26.279365474424846,20.999999999999922,0.0,0.0,0.0
131.9170349055071,26.289354542258998,20.999999999999922,0.0,0.0,0.0
131.916467797526,26.29934360786456,20.999999999999922,0.0,0.0,0.0
131.9159005918093,26.3093326712402,20.99999999999992,0.0,0.0,0.0
131.91533328829732,26.319321732384516,20.999999999999922,0.0,0.0,0.0
131.91476588693024,26.32931079129618,20.999999999999922,0.0,0.0,0.0
131.9141983876483,26.339299847973802,20.999999999999922,0.0,0.0,0.0
131.91363079039166,26.349288902416028,20.99999999999992,0.0,0.0,0.0
131.91306309510045,26.359277954621476,20.999999999999922,0.0,0.0,0.0
131.91249530171478,26.369267004588814,20.999999999999922,0.0,0.0,0.0
131.9119274101747,26.37925605231663,20.99999999999992,0.0,0.0,0.0
131.9113594204203,26.389245097803585,20.99999999999992,0.0,0.0,0.0
131.91079133239148,26.399234141048304,20.999999999999922,0.0,0.0,0.0
131.91022314602833,26.409223182049413,20.99999999999992,0.0,0.0,0.0
131.9096548612707,26.41921222080554,20.999999999999922,0.0,0.0,0.0
131.90908647805855,26.429201257315324,20.99999999999992,0.0,0.0,0.0
131.90851799633174,26.43919029157737,20.999999999999922,0.0,0.0,0.0
131.90794941603008,26.449179323590336,20.99999999999992,0.0,0.0,0.0
131.9073807370934,26.45916835335282,20.99999999999992,0.0,0.0,0.0
131.9068119594615,26.469157380863468,20.999999999999915,0.0,0.0,0.0
131.9062430830741,26.479146406120897,20.999999999999915,0.0,0.0,0.0
131.90567410787088,26.489135429123717,20.999999999999915,0.0,0.0,0.0
131.90510503379156,26.49912444987057,20.999999999999915,0.0,0.0,0.0
131.90453586077575,26.509113468360074,20.999999999999915,0.0,0.0,0.0
131.9039665887631,26.51910248459084,20.99999999999992,0.0,0.0,0.0
131.90339721769317,26.52909149856151,20.999999999999915,0.0,0.0,0.0
131.90282774750548,26.539080510270683,20.999999999999915,0.0,0.0,0.0
131.90225817813956,26.54906951971699,20.99999999999992,0.0,0.0,0.0
131.90168850953492,26.559058526899044,20.999999999999915,0.0,0.0,0.0
131.90111874163097,26.569047531815468,20.999999999999915,0.0,0.0,0.0
131.9005488743671,26.579036534464876,20.999999999999915,0.0,0.0,0.0
131.8999789076827,26.589025534845888,20.999999999999915,0.0,0.0,0.0
131.89940884151716,26.599014532957106,20.999999999999915,0.0,0.0,0.0
131.89883867580974,26.609003528797167,20.999999999999915,0.0,0.0,0.0
131.89826841049978,26.618992522364664,20.99999999999992,0.0,0.0,0.0
131.89769804552645,26.628981513658232,20.999999999999915,0.0,0.0,0.0
131.897127580829,26.638970502676457,20.999999999999915,0.0,0.0,0.0
131.8965570163466,26.648959489417976,20.999999999999915,0.0,0.0,0.0
131.89598635201844,26.658948473881384,20.999999999999915,0.0,0.0,0.0
131.8954155877836,26.668937456065294,20.999999999999915,0.0,0.0,0.0
131.89484472358112,26.678926435968314,20.99999999999992,0.0,0.0,0.0
131.89427375935009,26.688915413589072,20.999999999999915,0.0,0.0,0.0
131.8937026950295,26.698904388926145,20.999999999999915,0.0,0.0,0.0
131.89313153055835,26.70889336197817,20.999999999999915,0.0,0.0,0.0
131.8925602658756,26.718882332743732,20.99999999999992,0.0,0.0,0.0
131.89198890092013,26.728871301221442,20.999999999999915,0.0,0.0,0.0
131.89141743563079,26.738860267409905,20.99999999999992,0.0,0.0,0.0
131.8908458699465,26.748849231307727,20.999999999999915,0.0,0.0,0.0
131.89027420380603,26.75883819291351,20.99999999999992,0.0,0.0,0.0
131.88970243714815,26.768827152225867,20.99999999999992,0.0,0.0,0.0
131.8891305699116,26.778816109243387,20.999999999999915,0.0,0.0,0.0
131.8885586020351,26.78880506396467,20.999999999999915,0.0,0.0,0.0
131.8879865334573,26.798794016388324,20.99999999999991,0.0,0.0,0.0
131.88741436411692,26.80878296651294,20.999999999999915,0.0,0.0,0.0
131.88684209395248,26.81877191433713,20.99999999999991,0.0,0.0,0.0
131.8862697229026,26.828760859859475,20.99999999999991,0.0,0.0,0.0
131.88569725090582,26.838749803078585,20.999999999999915,0.0,0.0,0.0
131.88512467790062,26.848738743993056,20.99999999999991,0.0,0.0,0.0
131.88455200382546,26.85872768260148,20.999999999999915,0.0,0.0,0.0
131.88397922861884,26.868716618902457,20.999999999999915,0.0,0.0,0.0
131.88340635221914,26.878705552894566,20.99999999999991,0.0,0.0,0.0
131.8828333745647,26.8886944845764,20.99999999999991,0.0,0.0,0.0
131.8822602955939,26.898683413946586,20.999999999999915,0.0,0.0,0.0
131.88168711524503,26.908672341003683,20.99999999999991,0.0,0.0,0.0
131.88111383345634,26.91866126574628,20.99999999999991,0.0,0.0,0.0
131.88054045016602,26.92865018817299,20.99999999999991,0.0,0.0,0.0
131.87996696531238,26.938639108282384,20.999999999999915,0.0,0.0,0.0
131.8793933788335,26.948628026073067,20.99999999999991,0.0,0.0,0.0
131.87881969066754,26.958616941543614,20.99999999999991,0.0,0.0,0.0
131.87824590075263,26.968605854692598,20.999999999999915,0.0,0.0,0.0
131.87767200902678,26.978594765518647,20.999999999999915,0.0,0.0,0.0
131.87709801542806,26.9885836740203,20.999999999999915,0.0,0.0,0.0
131.8765239198944,26.998572580196175,20.99999999999991,0.0,0.0,0.0
131.87594972236383,27.00856148404484,20.999999999999915,0.0,0.0,0.0
131.87537542277423,27.01855038556489,20.99999999999991,0.0,0.0,0.0
131.87480102106355,27.02853928475489,20.99999999999991,0.0,0.0,0.0
131.87422651716957,27.03852818161344,20.99999999999991,0.0,0.0,0.0
131.87365191103015,27.048517076139102,20.99999999999991,0.0,0.0,0.0
131.8730772025831,27.05850596833048,20.999999999999915,0.0,0.0,0.0
131.87250239176612,27.068494858186124,20.99999999999991,0.0,0.0,0.0
131.87192747851697,27.078483745704634,20.999999999999908,0.0,0.0,0.0
131.87135246277333,27.08847263088459,20.999999999999908,0.0,0.0,0.0
131.87077734447283,27.098461513724544,20.99999999999991,0.0,0.0,0.0
