galstreams/tracks/track.st.Kshir.ibata2021.ecsv
# %ECSV 0.9
# ---
# datatype:
# - {name: ra, unit: deg, datatype: float64}
# - {name: dec, unit: deg, datatype: float64}
# - {name: distance, unit: kpc, datatype: float64}
# - {name: pm_ra_cosdec, unit: mas / yr, datatype: float64}
# - {name: pm_dec, unit: mas / yr, datatype: float64}
# - {name: radial_velocity, unit: km / s, datatype: float64}
# delimiter: ','
# meta: !!omap
# - __serialized_columns__:
#     dec:
#       __class__: astropy.coordinates.angles.Latitude
#       unit: &id001 !astropy.units.Unit {unit: deg}
#       value: !astropy.table.SerializedColumn {name: dec}
#     distance:
#       __class__: astropy.coordinates.distances.Distance
#       unit: !astropy.units.Unit {unit: kpc}
#       value: !astropy.table.SerializedColumn {name: distance}
#     pm_dec:
#       __class__: astropy.units.quantity.Quantity
#       unit: !astropy.units.Unit {unit: mas / yr}
#       value: !astropy.table.SerializedColumn {name: pm_dec}
#     pm_ra_cosdec:
#       __class__: astropy.units.quantity.Quantity
#       unit: !astropy.units.Unit {unit: mas / yr}
#       value: !astropy.table.SerializedColumn {name: pm_ra_cosdec}
#     ra:
#       __class__: astropy.coordinates.angles.Longitude
#       unit: *id001
#       value: !astropy.table.SerializedColumn {name: ra}
#       wrap_angle: !astropy.coordinates.Angle
#         unit: *id001
#         value: 360.0
#     radial_velocity:
#       __class__: astropy.units.quantity.Quantity
#       unit: !astropy.units.Unit {unit: km / s}
#       value: !astropy.table.SerializedColumn {name: radial_velocity}
# schema: astropy-2.0
ra,dec,distance,pm_ra_cosdec,pm_dec,radial_velocity
[from data line 418]
203.19226539296335,67.07569178919731,9.931189378144959,-7.688532705370233,-4.274143504566213,1.2631150694808508e-13
203.2167666070775,67.07870272927451,9.932127760167136,-7.688331256994539,-4.270777603614043,1.0104920555846805e-13
203.24127279655812,67.08171116910253,9.933071176941644,-7.688130045303731,-4.267410783335544,1.0946997268834039e-13
203.2657839623874,67.0847171045545,9.934019616453805,-7.687929067521002,-4.264043043897789,1.0946997268834039e-13
203.2903001055308,67.08772053150204,9.934973066688944,-7.687728320868724,-4.260674385472548,7.578690416885104e-14
203.31482122693706,67.09072144581518,9.93593151563239,-7.687527802568493,-4.25730480823629,1.0946997268834039e-13
203.33934732753832,67.09371984336249,9.936894951269467,-7.687327509841131,-4.2539343123701805,8.420767129872338e-14
203.36387840824983,67.09671572001095,9.937863361585503,-7.687127439906664,-4.250562898060109,1.2631150694808508e-13
203.38841446997023,67.09970907162607,9.938836734565829,-7.686927589984357,-4.247190565496662,1.2631150694808508e-13
203.4129555135813,67.10269989407175,9.939815058195766,-7.686727957292711,-4.243817314875146,5.894536990910637e-14
203.43750153994796,67.10568818321048,9.94079832046064,-7.68652853904946,-4.240443146395604,1.1789073981821273e-13
203.46205254991844,67.1086739349032,9.94178650934578,-7.68632933247159,-4.237068060262786,5.894536990910637e-14
203.48660854432396,67.11165714500929,9.942779612836512,-7.686130334775328,-4.233692056686172,7.578690416885104e-14
203.51116952397894,67.11463780938674,9.94377761891816,-7.685931543176164,-4.230315135879988,1.0946997268834039e-13
203.5357354896809,67.11761592389195,9.944780515576056,-7.68573295488884,-4.226937298063184,1.1789073981821273e-13
203.56030644221053,67.1205914843799,9.945788290795523,-7.685534567127382,-4.22355854345944,1.0104920555846805e-13
203.58488238233116,67.12356448670401,9.946800932561885,-7.6853363771050525,-4.220178872297227,1.0946997268834039e-13
203.6094633107896,67.12653492671633,9.947818428860472,-7.685138382034435,-4.216798284809725,9.262843842859572e-14
203.63404922831543,67.12950280026733,9.948840767676609,-7.684940579127361,-4.213416781234873,7.578690416885104e-14
203.65864013562128,67.13246810320607,9.949867936995624,-7.684742965594963,-4.2100343618153735,1.0946997268834039e-13
203.68323603340272,67.13543083138015,9.950899924802844,-7.68454553864768,-4.206651026798687,5.0524602779234026e-14
203.70783692233817,67.13839098063566,9.95193671908359,-7.684348295495226,-4.203266776437042,1.0104920555846805e-13
203.73244280308907,67.14134854681731,9.952978307823196,-7.684151233346635,-4.199881610987433,9.262843842859572e-14
203.75705367629965,67.14430352576835,9.954024679006986,-7.683954349410254,-4.196495530711632,6.73661370389787e-14
203.78166954259697,67.14725591333051,9.955075820620278,-7.683757640893737,-4.193108535876186,7.578690416885104e-14
203.80629040259103,67.15020570534418,9.956131720648413,-7.68356110500406,-4.189720626752421,1.0104920555846805e-13
203.83091625687453,67.15315289764827,9.957192367076708,-7.683364738947533,-4.186331803616455,1.0104920555846805e-13
203.85554710602298,67.15609748608027,9.958257747890492,-7.6831685399297935,-4.182942066749187,1.0104920555846805e-13
203.8801829505947,67.15903946647627,9.959327851075091,-7.682972505155821,-4.179551416436316,7.578690416885104e-14
203.9048237911306,67.1619788346709,9.96040266461583,-7.682776631829937,-4.176159852968339,8.420767129872338e-14
203.9294696281545,67.16491558649744,9.96148217649804,-7.68258091715581,-4.172767376640543,9.262843842859572e-14
203.95412046217268,67.16784971778773,9.962566374707045,-7.682385358336475,-4.169373987753039,5.0524602779234026e-14
203.9787762936743,67.17078122437219,9.963655247228173,-7.682189952574313,-4.165979686610727,5.894536990910637e-14
204.00343712313094,67.1737101020799,9.964748782046746,-7.681994697071088,-4.162584473523339,9.262843842859572e-14
204.02810295099698,67.17663634673849,9.965846967148092,-7.681799589027927,-4.159188348805411,9.262843842859572e-14
204.0527737777093,67.17955995417427,9.966949790517539,-7.681604625645343,-4.155791312776305,8.420767129872338e-14
204.07744960368728,67.18248092021211,9.968057240140414,-7.68140980412322,-4.152393365760209,1.347322740779574e-13
204.102130429333,67.1853992406756,9.969169304002042,-7.681215121660847,-4.148994508086138,8.420767129872338e-14
204.12681625503092,67.18831491138681,9.970285970087751,-7.681020575456902,-4.14559474008794,1.1789073981821273e-13
204.15150708114805,67.19122792816661,9.971407226382865,-7.68082616270947,-4.142194062104302,7.578690416885104e-14
204.17620290803387,67.19413828683443,9.972533060872713,-7.680631880616035,-4.138792474478752,5.0524602779234026e-14
204.20090373602022,67.19704598320833,9.97366346154262,-7.680437726373503,-4.135389977559667,1.347322740779574e-13
204.2256095654215,67.19995101310509,9.974798416377915,-7.680243697178193,-4.1319865717002555,1.347322740779574e-13
204.25032039653445,67.20285337234012,9.97593791336392,-7.680049790225864,-4.128582257258599,1.2631150694808508e-13
204.27503622963812,67.20575305672746,9.977081940485965,-7.679856002711687,-4.125177034597623,9.262843842859572e-14
204.29975706499394,67.20865006207988,9.978230485729377,-7.6796623318302775,-4.121770904085126,1.0946997268834039e-13
204.32448290284577,67.21154438420879,9.979383537079476,-7.67946877477571,-4.118363866093754,5.894536990910637e-14
204.34921374341957,67.21443601892429,9.980541082521597,-7.679275328741482,-4.1149559210010365,1.2631150694808508e-13
204.3739495869238,67.21732496203518,9.981703110041067,-7.679081990920558,-4.111547069189365,1.1789073981821273e-13
204.398690433549,67.22021120934892,9.9828696076232,-7.678888758505376,-4.108137311046011,5.894536990910637e-14
204.42343628346805,67.22309475667168,9.984040563253334,-7.6786956286878265,-4.104726646963133,1.515738083377021e-13
204.44818713683594,67.22597559980838,9.985215964916792,-7.678502598659275,-4.101315077337759,1.1789073981821273e-13
204.47294299378993,67.2288537345626,9.986395800598906,-7.678309665610564,-4.097902602571812,8.420767129872338e-14
204.49770385444944,67.2317291567366,9.98758005828499,-7.6781168267320385,-4.094489223072112,1.1789073981821273e-13
204.52246971891594,67.23460186213147,9.988768725960378,-7.677924079213523,-4.091074939250365,9.262843842859572e-14
204.54724058727305,67.23747184654695,9.989961791610401,-7.6777314202443305,-4.0876597515231845,5.894536990910637e-14
204.57201645958656,67.24033910578147,9.991159243220379,-7.677538847013294,-4.08424366031208,1.2631150694808508e-13
204.59679733590423,67.24320363563231,9.992361068775638,-7.67734635670875,-4.080826666043471,9.262843842859572e-14
204.62158321625586,67.24606543189542,9.993567256261507,-7.67715394651855,-4.077408769148692,1.0946997268834039e-13
204.64637410065333,67.24892449036548,9.994777793663314,-7.676961613630073,-4.073989970063982,1.0104920555846805e-13
204.6711699890905,67.251780806836,9.99599266896638,-7.6767693552302205,-4.070570269230512,1.0946997268834039e-13
204.6959708815431,67.25463437709917,9.997211870156038,-7.676577168505427,-4.067149667094364,1.515738083377021e-13
204.720776777969,67.25748519694598,9.998435385217613,-7.676385050641676,-4.063728164106545,9.262843842859572e-14
204.7455876783078,67.2603332621662,9.999663202136428,-7.6761929988245035,-4.060305760723007,1.515738083377021e-13
204.77040358248115,67.26317856854837,10.00089530889781,-7.676001010238979,-4.056882457404617,1.0104920555846805e-13
204.7952244903925,67.26602111187978,10.00213169348709,-7.6758090820697396,-4.0534582546171904,6.73661370389787e-14
204.82005040192715,67.26886088794657,10.003372343889588,-7.67561721150101,-4.050033152831485,1.0104920555846805e-13
204.84488131695224,67.27169789253361,10.004617248090636,-7.675425395716551,-4.046607152523199,1.347322740779574e-13
204.86971723531678,67.27453212142461,10.005866394075559,-7.675233631899724,-4.043180254172974,8.420767129872338e-14
204.89455815685147,67.27736357040207,10.007119769829682,-7.6750419172334805,-4.039752458266417,7.578690416885104e-14
204.91940408136884,67.2801922352473,10.008377363338331,-7.674850248900348,-4.0363237652940835,9.262843842859572e-14
204.9442550086631,67.2830181117404,10.009639162586835,-7.674658624082458,-4.0328941757514905,6.73661370389787e-14
204.96911093851037,67.28584119566037,10.010905155560518,-7.67446703996156,-4.029463690139099,6.73661370389787e-14
204.99397187066802,67.28866148278493,10.012175330244709,-7.674275493718975,-4.026032308962394,1.0946997268834039e-13
205.01883780487552,67.29147896889071,10.013449674624734,-7.674083982535687,-4.022600032731774,5.0524602779234026e-14
205.04370874085382,67.29429364975316,10.014728176685917,-7.673892503592271,-4.019166861962638,1.0104920555846805e-13
205.06858467830546,67.29710552114656,10.016010824413586,-7.673701054068951,-4.015732797175357,1.1789073981821273e-13
205.09346561691473,67.29991457884405,10.01729760579307,-7.673509631145579,-4.0122978388952815,9.262843842859572e-14
205.11835155634728,67.30272081861766,10.018588508809689,-7.673318232001652,-4.008861987652758,6.73661370389787e-14
205.1432424962505,67.3055242362382,10.019883521448778,-7.673126853816313,-4.005425243983116,1.0104920555846805e-13
205.1681384362532,67.30832482747543,10.021182631695655,-7.672935493768366,-4.001987608426681,8.420767129872338e-14
205.19303937596575,67.31112258809794,10.022485827535656,-7.672744149036271,-3.998549081528769,8.420767129872338e-14
205.21794531498,67.31391751387319,10.023793096954098,-7.672552816798167,-3.995109663839704,4.210383564936169e-14
205.2428562528692,67.31670960056756,10.025104427936311,-7.672361494231855,-3.991669355914816,9.262843842859572e-14
205.26777218918812,67.31949884394632,10.026419808467622,-7.672170178514831,-3.9882281583144352,6.73661370389787e-14
205.2926931234729,67.32228523977358,10.02773922653336,-7.671978866824268,-3.9847860716039123,1.347322740779574e-13
205.31761905524112,67.32506878381243,10.029062670118849,-7.671787556337047,-3.9813430963535965,8.420767129872338e-14
205.34254998399163,67.32784947182479,10.030390127209412,-7.671596244229743,-3.9778992331388827,1.1789073981821273e-13
205.3674859092048,67.33062729957157,10.031721585790383,-7.671404927678638,-3.97445448254016,5.894536990910637e-14
205.3924268303421,67.33340226281258,10.033057033847077,-7.671213603859738,-3.9710088451428707,5.894536990910637e-14
205.41737274684647,67.3361743573065,10.034396459364839,-7.671022269948751,-3.967562321537461,8.420767129872338e-14
205.44232365814207,67.33894357881098,10.035739850328977,-7.6708309231211445,-3.96411491231943,1.5999457546757442e-13
205.46727956363435,67.34170992308263,10.037087194724826,-7.6706395605520985,-3.960666618089301,1.5999457546757442e-13
205.49224046271,67.34447338587701,10.038438480537712,-7.67044817941654,-3.9572174394526423,9.262843842859572e-14
205.5172063547368,67.34723396294855,10.03979369575296,-7.670256776889148,-3.953767377020071,1.1789073981821273e-13
205.54217723906388,67.34999165005071,10.041152828355894,-7.670065350144354,-3.950316431407246,1.1789073981821273e-13
205.56715311502143,67.35274644293591,10.042515866331849,-7.669873896356357,-3.946864603234877,1.0946997268834039e-13
205.59213398192082,67.35549833735548,10.043882797666145,-7.669682412699116,-3.94341189312873,8.420767129872338e-14
205.61711983905462,67.3582473290598,10.045253610344108,-7.669490896346373,-3.939958301719628,3.368306851948935e-14
205.6421106856963,67.36099341379814,10.046628292351064,-7.669299344471656,-3.936503829643464,1.0104920555846805e-13
205.6671065211006,67.36373658731885,10.048006831672346,-7.669107754248272,-3.933048477541179,5.894536990910637e-14
205.69210734450326,67.36647684536922,10.049389216293276,-7.668916122849337,-3.929592246058797,7.578690416885104e-14
205.71711315512096,67.3692141836955,10.050775434199178,-7.668724447447761,-3.926135135847411,9.262843842859572e-14
205.74212395215153,67.37194859804305,10.052165473375382,-7.66853272521627,-3.922677147563184,4.210383564936169e-14
205.76713973477368,67.37468008415611,10.053559321807215,-7.668340953327402,-3.9192182818673675,9.262843842859572e-14
205.79216050214714,67.37740863777807,10.05495696748,-7.668149128953521,-3.9157585394262897,9.262843842859572e-14
205.8171862534126,67.38013425465121,10.056358398379068,-7.667957249266832,-3.9122979209113584,5.0524602779234026e-14
205.84221698769156,67.38285693051694,10.057763602489738,-7.6677653114393625,-3.908836426999089,5.894536990910637e-14
205.86725270408655,67.38557666111562,10.059172567797347,-7.667573312642988,-3.9053740583710708,1.347322740779574e-13
205.89229340168092,67.38829344218674,10.06058528228721,-7.667381250049454,-3.9019108157140043,1.2631150694808508e-13
205.91733907953892,67.39100726946877,10.062001733944667,-7.667189120830338,-3.8984466997196705,5.894536990910637e-14
205.94238973670548,67.39371813869924,10.063421910755032,-7.666996922157108,-3.8949817110849803,7.578690416885104e-14
205.96744537220656,67.39642604561475,10.064845800703637,-7.666804651201089,-3.891515850511926,5.0524602779234026e-14
205.99250598504872,67.39913098595095,10.066273391775804,-7.666612305133494,-3.888049118707629,1.0104920555846805e-13
206.0175715742194,67.40183295544259,10.067704671956868,-7.6664198811254165,-3.88458151638431,1.2631150694808508e-13
206.04264213868677,67.40453194982345,10.069139629232145,-7.666227376347861,-3.8811130442593136,1.0104920555846805e-13
206.06771767739966,67.40722796482646,10.070578251586975,-7.666034787971712,-3.877643703055099,8.420767129872338e-14
206.09279818928766,67.40992099618356,10.072020527006673,-7.665842113167771,-3.874173493499258,4.210383564936169e-14
206.117883673261,67.41261103962583,10.07346644347657,-7.66564934910676,-3.8707024163245025,1.1789073981821273e-13
206.1429741282106,67.41529809088345,10.074915988981992,-7.665456492959327,-3.867230472268673,1.347322740779574e-13
206.16806955300805,67.41798214568568,10.076369151508263,-7.665263541896039,-3.8637576620747427,3.368306851948935e-14
206.19316994650544,67.42066319976094,10.077825919040711,-7.665070493087408,-3.8602839864908365,1.0946997268834039e-13
206.21827530753555,67.4233412488367,10.079286279564666,-7.664877343703888,-3.8568094462701907,6.73661370389787e-14
206.24338563491165,67.42601628863966,10.080750221065454,-7.664684090915877,-3.853334042171215,5.894536990910637e-14
206.2685009274277,67.42868831489551,10.082217731528393,-7.664490731893758,-3.849857774957444,4.210383564936169e-14
206.293621183858,67.4313573233292,10.08368879893882,-7.6642972638078435,-3.8463806453975757,5.894536990910637e-14
206.31874640295752,67.43402330966475,10.085163411282053,-7.664103683828459,-3.842902654265451,8.420767129872338e-14
206.34387658346162,67.4366862696254,10.086641556543423,-7.663909989125874,-3.8394238023400717,1.347322740779574e-13
206.3690117240861,67.43934619893346,10.088123222708257,-7.6637161768703725,-3.8359440904055986,1.0946997268834039e-13
206.39415182352735,67.44200309331049,10.08960839776188,-7.663522244232229,-3.832463519251355,1.0946997268834039e-13
206.41929688046213,67.44465694847717,10.09109706968962,-7.663328188381714,-3.8289820896718134,6.73661370389787e-14
206.4444468935473,67.44730776015334,10.092589226476804,-7.663134006489103,-3.825499802466669,9.262843842859572e-14
206.4696018614205,67.44995552405803,10.094084856108754,-7.662939695724703,-3.82201665844073,7.578690416885104e-14
206.49476178269953,67.4526002359095,10.095583946570798,-7.662745253258846,-3.81853265840401,1.0104920555846805e-13
206.51992665598257,67.45524189142517,10.097086485848267,-7.6625506762618825,-3.81504780317169,1.1789073981821273e-13
206.54509647984818,67.45788048632168,10.098592461926483,-7.662355961904223,-3.811562093564131,4.210383564936169e-14
206.57027125285504,67.46051601631484,10.100101862790774,-7.662161107356303,-3.8080755304068923,6.73661370389787e-14
206.59545097354223,67.4631484771197,10.101614676426465,-7.661966109788629,-3.8045881145307128,1.347322740779574e-13
